6.000000000000000000e+00 4.200000000000000000e+01 2.000000000000000000e+00 0.000000000000000000e+00 1.600000000000000089e+00 3.629999999999999872e-04 -6.974700000000000344e-02 -9.975650000000000350e-01 9.670539999999999692e-01 -2.539279999999999871e-01 1.810600000000000057e-02 -2.545720000000000205e-01 -9.647050000000000347e-01 6.735700000000000021e-02
2.000000000000000000e+00 1.500000000000000000e+01 4.000000000000000000e+00 0.000000000000000000e+00 1.600000000000000089e+00 -1.090000000000000040e-03 -4.675999999999999601e-03 9.999879999999999880e-01 3.228469999999999951e-01 -9.464420000000000055e-01 -4.073000000000000231e-03 9.464510000000000423e-01 3.228389999999999871e-01 2.540999999999999856e-03
9.000000000000000000e+00 1.500000000000000000e+01 4.000000000000000000e+00 0.000000000000000000e+00 1.600000000000000089e+00 -5.730000000000000501e-04 -3.622999999999999918e-03 9.999930000000000208e-01 3.239929999999999755e-01 -9.460539999999999505e-01 -3.242000000000000090e-03 9.460589999999999833e-01 3.239890000000000270e-01 1.716000000000000077e-03
1.100000000000000000e+01 1.500000000000000000e+01 4.000000000000000000e+00 0.000000000000000000e+00 1.600000000000000089e+00 1.634999999999999952e-03 2.329999999999999986e-04 9.999989999999999712e-01 3.244290000000000229e-01 -9.459100000000000286e-01 -3.099999999999999999e-04 9.459089999999999998e-01 3.244290000000000229e-01 -1.621999999999999961e-03
2.000000000000000000e+01 1.500000000000000000e+01 4.000000000000000000e+00 0.000000000000000000e+00 1.600000000000000089e+00 -1.768000000000000040e-03 9.479999999999999495e-04 9.999980000000000535e-01 3.291000000000000036e-01 -9.442939999999999667e-01 1.477000000000000014e-03 9.442930000000000490e-01 3.291020000000000056e-01 1.356999999999999916e-03
2.300000000000000000e+01 1.500000000000000000e+01 4.000000000000000000e+00 0.000000000000000000e+00 1.600000000000000089e+00 -8.310000000000000329e-04 3.010999999999999788e-03 9.999949999999999672e-01 3.261000000000000010e-01 -9.453300000000000036e-01 3.118000000000000112e-03 9.453350000000000364e-01 3.261009999999999742e-01 -1.959999999999999937e-04
2.800000000000000000e+01 1.500000000000000000e+01 4.000000000000000000e+00 0.000000000000000000e+00 1.600000000000000089e+00 5.649999999999999641e-04 2.477000000000000035e-03 9.999970000000000248e-01 3.272140000000000049e-01 -9.449480000000000102e-01 2.155999999999999930e-03 9.449499999999999567e-01 3.272120000000000029e-01 -1.343999999999999926e-03
2.200000000000000000e+01 4.000000000000000000e+00 5.000000000000000000e+00 0.000000000000000000e+00 1.600000000000000089e+00 7.500000000000000156e-04 3.135999999999999899e-03 9.999949999999999672e-01 2.325119999999999965e-01 -9.725890000000000368e-01 2.874999999999999951e-03 9.725930000000000408e-01 2.325079999999999925e-01 -1.458000000000000095e-03
5.000000000000000000e+00 1.010000000000000000e+02 7.000000000000000000e+00 0.000000000000000000e+00 1.600000000000000089e+00 -3.861999999999999982e-03 -1.606000000000000006e-03 9.999909999999999632e-01 8.829399999999999471e-01 4.694679999999999964e-01 4.164000000000000166e-03 -4.694710000000000272e-01 8.829479999999999551e-01 -3.950000000000000061e-04
9.000000000000000000e+00 1.010000000000000000e+02 7.000000000000000000e+00 0.000000000000000000e+00 1.600000000000000089e+00 -4.483000000000000006e-03 -1.325600000000000042e-02 9.999019999999999575e-01 8.822830000000000394e-01 4.706080000000000263e-01 1.019499999999999920e-02 -4.706969999999999765e-01 8.822429999999999994e-01 9.586000000000000770e-03
2.200000000000000000e+01 1.010000000000000000e+02 7.000000000000000000e+00 0.000000000000000000e+00 1.600000000000000089e+00 -3.719999999999999891e-04 5.487999999999999823e-03 9.999850000000000128e-01 8.849559999999999649e-01 4.656689999999999996e-01 -2.226999999999999813e-03 -4.656739999999999768e-01 8.849420000000000064e-01 -5.029999999999999749e-03
8.000000000000000000e+00 2.500000000000000000e+01 8.000000000000000000e+00 0.000000000000000000e+00 1.600000000000000089e+00 1.499999999999999869e-04 -7.381000000000000408e-03 -9.999730000000000008e-01 4.483210000000000250e-01 8.938490000000000046e-01 -6.530000000000000214e-03 8.938730000000000286e-01 -4.483079999999999843e-01 3.442999999999999880e-03
1.500000000000000000e+01 2.500000000000000000e+01 8.000000000000000000e+00 0.000000000000000000e+00 1.600000000000000089e+00 9.309999999999999699e-04 6.275000000000000196e-03 -9.999799999999999800e-01 4.474920000000000009e-01 8.942679999999999518e-01 6.028000000000000372e-03 8.942879999999999718e-01 -4.474879999999999969e-01 -1.975999999999999892e-03
1.800000000000000000e+01 2.500000000000000000e+01 8.000000000000000000e+00 0.000000000000000000e+00 1.600000000000000089e+00 2.680000000000000090e-04 3.680000000000000111e-03 -9.999930000000000208e-01 4.470649999999999902e-01 8.944950000000000401e-01 3.412000000000000102e-03 8.945009999999999906e-01 -4.470629999999999882e-01 -1.405999999999999915e-03
2.100000000000000000e+01 2.500000000000000000e+01 8.000000000000000000e+00 0.000000000000000000e+00 1.600000000000000089e+00 -5.410000000000000312e-04 -1.129999999999999928e-03 -9.999989999999999712e-01 4.460799999999999765e-01 8.949920000000000098e-01 -1.252999999999999991e-03 8.949930000000000385e-01 -4.460799999999999765e-01 1.900000000000000105e-05
2.500000000000000000e+01 2.500000000000000000e+01 8.000000000000000000e+00 0.000000000000000000e+00 1.600000000000000089e+00 -2.864999999999999925e-03 -2.631000000000000092e-03 -9.999919999999999920e-01 4.454529999999999879e-01 8.952980000000000382e-01 -3.631999999999999812e-03 8.953010000000000135e-01 -4.454609999999999959e-01 -1.392999999999999924e-03
3.000000000000000000e+01 2.500000000000000000e+01 8.000000000000000000e+00 0.000000000000000000e+00 1.600000000000000089e+00 -1.938000000000000052e-03 2.590000000000000071e-04 -9.999980000000000535e-01 4.467019999999999880e-01 8.946819999999999773e-01 -6.340000000000000149e-04 8.946809999999999485e-01 -4.467030000000000167e-01 -1.850000000000000082e-03
7.000000000000000000e+00 2.400000000000000000e+01 9.000000000000000000e+00 0.000000000000000000e+00 1.600000000000000089e+00 1.979999999999999881e-04 -8.220999999999999142e-03 -9.999660000000000215e-01 4.514750000000000152e-01 8.922550000000000203e-01 -7.246999999999999970e-03 8.922839999999999661e-01 -4.514580000000000259e-01 3.887999999999999963e-03
1.400000000000000000e+01 2.400000000000000000e+01 9.000000000000000000e+00 0.000000000000000000e+00 1.600000000000000089e+00 8.769999999999999584e-04 5.002000000000000370e-03 -9.999869999999999592e-01 4.504340000000000011e-01 8.927969999999999517e-01 4.860999999999999870e-03 8.928089999999999637e-01 -4.504319999999999991e-01 -1.469999999999999953e-03
1.900000000000000000e+01 2.400000000000000000e+01 9.000000000000000000e+00 0.000000000000000000e+00 1.600000000000000089e+00 2.420000000000000005e-04 1.474999999999999966e-03 -9.999989999999999712e-01 4.494659999999999767e-01 8.932959999999999789e-01 1.425999999999999967e-03 8.932970000000000077e-01 -4.494659999999999767e-01 -4.470000000000000232e-04
2.500000000000000000e+01 2.400000000000000000e+01 9.000000000000000000e+00 0.000000000000000000e+00 1.600000000000000089e+00 -2.788999999999999813e-03 -3.279999999999999930e-03 -9.999909999999999632e-01 4.483730000000000215e-01 8.938369999999999926e-01 -4.181999999999999953e-03 8.938420000000000254e-01 -4.483809999999999740e-01 -1.021999999999999905e-03
1.200000000000000000e+01 1.020000000000000000e+02 9.000000000000000000e+00 0.000000000000000000e+00 1.600000000000000089e+00 6.489999999999999459e-04 -9.740000000000000394e-04 9.999989999999999712e-01 9.200620000000000465e-01 3.917729999999999824e-01 -2.149999999999999947e-04 -3.917720000000000091e-01 9.200620000000000465e-01 1.150999999999999896e-03
4.000000000000000000e+00 1.200000000000000000e+01 1.000000000000000000e+01 0.000000000000000000e+00 1.600000000000000089e+00 -1.994999999999999812e-03 -8.970999999999999808e-03 -9.999580000000000135e-01 -5.514670000000000405e-01 -8.341530000000000333e-01 8.583999999999999617e-03 -8.341950000000000198e-01 5.514599999999999502e-01 -3.282999999999999894e-03
1.300000000000000000e+01 1.200000000000000000e+01 1.000000000000000000e+01 0.000000000000000000e+00 1.600000000000000089e+00 3.460000000000000076e-04 4.955000000000000203e-03 -9.999879999999999880e-01 -5.505839999999999623e-01 -8.347679999999999545e-01 -4.327000000000000117e-03 -8.347790000000000488e-01 5.505790000000000406e-01 2.439000000000000196e-03
4.000000000000000000e+00 3.100000000000000000e+01 1.200000000000000000e+01 0.000000000000000000e+00 1.600000000000000089e+00 9.730000000000000151e-04 4.670000000000000214e-04 9.999989999999999712e-01 2.961000000000000090e-03 9.999959999999999960e-01 -4.690000000000000158e-04 -9.999949999999999672e-01 2.961000000000000090e-03 9.709999999999999664e-04
1.700000000000000000e+01 3.100000000000000000e+01 1.200000000000000000e+01 0.000000000000000000e+00 1.600000000000000089e+00 -5.439999999999999957e-04 2.329999999999999986e-04 1.000000000000000000e+00 -3.406999999999999872e-03 9.999940000000000495e-01 -2.339999999999999958e-04 -9.999940000000000495e-01 -3.406999999999999872e-03 -5.429999999999999714e-04
2.200000000000000000e+01 3.100000000000000000e+01 1.200000000000000000e+01 0.000000000000000000e+00 1.600000000000000089e+00 -6.200000000000000270e-05 -1.000000000000000048e-04 1.000000000000000000e+00 -2.089000000000000145e-03 9.999980000000000535e-01 1.000000000000000048e-04 -9.999980000000000535e-01 -2.089000000000000145e-03 -6.200000000000000270e-05
2.000000000000000000e+00 3.200000000000000000e+01 1.400000000000000000e+01 0.000000000000000000e+00 1.600000000000000089e+00 8.419999999999999750e-04 5.680000000000000370e-04 -9.999989999999999712e-01 9.968399999999999483e-02 9.950189999999999868e-01 6.489999999999999459e-04 9.950189999999999868e-01 -9.968399999999999483e-02 7.810000000000000102e-04
7.000000000000000000e+00 1.160000000000000000e+02 1.600000000000000000e+01 0.000000000000000000e+00 1.600000000000000089e+00 -7.529999999999999801e-04 1.599999999999999928e-05 1.000000000000000000e+00 6.554999999999999716e-01 7.551949999999999497e-01 4.820000000000000066e-04 -7.551949999999999497e-01 6.554999999999999716e-01 -5.789999999999999791e-04
1.900000000000000000e+01 1.160000000000000000e+02 1.600000000000000000e+01 0.000000000000000000e+00 1.600000000000000089e+00 -3.948000000000000120e-03 -3.321999999999999866e-03 9.999869999999999592e-01 7.024770000000000181e-01 7.116879999999999873e-01 5.138000000000000206e-03 -7.116959999999999953e-01 7.024880000000000013e-01 -4.760000000000000234e-04
6.000000000000000000e+00 2.000000000000000000e+00 1.900000000000000000e+01 0.000000000000000000e+00 1.600000000000000089e+00 -6.871999999999999637e-03 -1.452099999999999919e-02 -9.998709999999999543e-01 1.842509999999999981e-01 -9.827930000000000277e-01 1.300699999999999946e-02 -9.828550000000000342e-01 -1.841369999999999951e-01 9.428999999999999881e-03
1.300000000000000000e+01 2.000000000000000000e+00 1.900000000000000000e+01 0.000000000000000000e+00 1.600000000000000089e+00 7.680000000000000195e-04 -1.537700000000000004e-02 -9.998820000000000485e-01 1.836000000000000132e-01 -9.828829999999999512e-01 1.525699999999999973e-02 -9.830010000000000137e-01 -1.835900000000000032e-01 2.067999999999999960e-03
2.000000000000000000e+01 2.000000000000000000e+00 1.900000000000000000e+01 0.000000000000000000e+00 1.600000000000000089e+00 2.050999999999999872e-03 -2.760500000000000106e-02 -9.996169999999999778e-01 1.957830000000000126e-01 -9.802619999999999667e-01 2.747199999999999989e-02 -9.806449999999999889e-01 -1.957639999999999936e-01 3.393999999999999882e-03
2.500000000000000000e+01 2.000000000000000000e+00 1.900000000000000000e+01 0.000000000000000000e+00 1.600000000000000089e+00 4.589999999999999896e-04 -6.754999999999999720e-03 -9.999770000000000048e-01 2.057400000000000062e-01 -9.785840000000000094e-01 6.705000000000000022e-03 -9.786070000000000046e-01 -2.057380000000000042e-01 9.409999999999999962e-04
3.000000000000000000e+00 4.000000000000000000e+00 2.000000000000000000e+01 0.000000000000000000e+00 1.600000000000000089e+00 -5.117000000000000021e-03 -6.001000000000000258e-03 -9.999689999999999968e-01 2.743959999999999733e-01 -9.616069999999999895e-01 4.367000000000000222e-03 -9.616029999999999855e-01 -2.743650000000000255e-01 6.566999999999999921e-03
2.600000000000000000e+01 4.000000000000000000e+00 2.000000000000000000e+01 0.000000000000000000e+00 1.600000000000000089e+00 -1.046000000000000055e-03 -5.922000000000000181e-03 -9.999820000000000375e-01 3.238770000000000260e-01 -9.460840000000000360e-01 5.263999999999999582e-03 -9.460990000000000233e-01 -3.238659999999999872e-01 2.907999999999999995e-03
2.000000000000000000e+00 1.300000000000000000e+01 2.000000000000000000e+01 0.000000000000000000e+00 1.600000000000000089e+00 -2.289999999999999935e-03 2.371999999999999977e-03 9.999949999999999672e-01 2.514859999999999873e-01 9.678590000000000249e-01 -1.719999999999999958e-03 -9.678579999999999961e-01 2.514810000000000101e-01 -2.812999999999999962e-03
1.000000000000000000e+01 1.300000000000000000e+01 2.000000000000000000e+01 0.000000000000000000e+00 1.600000000000000089e+00 -2.768000000000000061e-03 -7.481999999999999935e-03 9.999679999999999680e-01 2.552050000000000152e-01 9.668539999999999912e-01 7.941000000000000142e-03 -9.668830000000000480e-01 2.552189999999999737e-01 -7.669999999999999951e-04
1.600000000000000000e+01 1.300000000000000000e+01 2.000000000000000000e+01 0.000000000000000000e+00 1.600000000000000089e+00 -4.550000000000000008e-04 -2.158000000000000196e-03 9.999980000000000535e-01 2.579899999999999971e-01 9.661450000000000315e-01 2.201999999999999964e-03 -9.661469999999999780e-01 2.579899999999999971e-01 1.169999999999999979e-04
3.000000000000000000e+00 3.000000000000000000e+00 2.500000000000000000e+01 0.000000000000000000e+00 1.600000000000000089e+00 -2.128000000000000117e-03 -1.140299999999999994e-02 9.999329999999999607e-01 -7.045300000000000173e-02 -9.974490000000000300e-01 -1.152399999999999952e-02 9.975129999999999830e-01 -7.047299999999999398e-02 1.319000000000000077e-03
1.400000000000000000e+01 3.000000000000000000e+00 2.500000000000000000e+01 0.000000000000000000e+00 1.600000000000000089e+00 -9.810000000000001011e-04 -1.418999999999999949e-02 9.998989999999999823e-01 -6.600599999999999523e-02 -9.977179999999999938e-01 -1.422400000000000053e-02 9.978190000000000115e-01 -6.601400000000000323e-02 4.199999999999999768e-05
2.100000000000000000e+01 3.000000000000000000e+00 2.500000000000000000e+01 0.000000000000000000e+00 1.600000000000000089e+00 -8.443000000000000851e-03 -2.787500000000000047e-02 9.995760000000000201e-01 -8.799899999999999389e-02 -9.957120000000000415e-01 -2.851100000000000162e-02 9.960849999999999982e-01 -8.820200000000000262e-02 5.954000000000000091e-03
2.600000000000000000e+01 3.000000000000000000e+00 2.500000000000000000e+01 0.000000000000000000e+00 1.600000000000000089e+00 -4.007000000000000145e-03 -7.544000000000000358e-03 9.999639999999999640e-01 -9.976999999999999758e-02 -9.949789999999999468e-01 -7.905999999999999833e-03 9.950029999999999708e-01 -9.979799999999999782e-02 3.235000000000000028e-03
4.000000000000000000e+00 4.600000000000000000e+01 2.700000000000000000e+01 0.000000000000000000e+00 1.600000000000000089e+00 -2.184999999999999876e-03 2.310000000000000042e-04 -9.999980000000000535e-01 6.706569999999999476e-01 7.417660000000000364e-01 -1.294000000000000011e-03 7.417639999999999789e-01 -6.706579999999999764e-01 -1.776000000000000018e-03
1.000000000000000000e+01 4.600000000000000000e+01 2.700000000000000000e+01 0.000000000000000000e+00 1.600000000000000089e+00 -2.719999999999999979e-04 -1.090999999999999956e-03 -9.999989999999999712e-01 6.718370000000000175e-01 7.406979999999999675e-01 -9.909999999999999105e-04 7.406989999999999963e-01 -6.718370000000000175e-01 5.320000000000000293e-04
2.000000000000000000e+01 4.600000000000000000e+01 2.700000000000000000e+01 0.000000000000000000e+00 1.600000000000000089e+00 -8.239999999999999712e-04 -4.650000000000000270e-04 -1.000000000000000000e+00 6.771080000000000432e-01 7.358829999999999538e-01 -8.999999999999999754e-04 7.358829999999999538e-01 -6.771080000000000432e-01 -2.919999999999999961e-04
2.700000000000000000e+01 4.600000000000000000e+01 2.700000000000000000e+01 0.000000000000000000e+00 1.600000000000000089e+00 -4.399999999999999886e-05 -7.119999999999999593e-04 -1.000000000000000000e+00 6.739789999999999948e-01 7.387500000000000178e-01 -5.559999999999999621e-04 7.387500000000000178e-01 -6.739789999999999948e-01 4.479999999999999933e-04
1.800000000000000000e+01 4.600000000000000000e+01 3.000000000000000000e+01 0.000000000000000000e+00 1.600000000000000089e+00 1.240000000000000054e-04 -1.131000000000000061e-03 -9.999989999999999712e-01 3.327530000000000210e-01 9.430129999999999901e-01 -1.026000000000000002e-03 9.430140000000000189e-01 -3.327530000000000210e-01 4.929999999999999487e-04
2.100000000000000000e+01 4.600000000000000000e+01 3.000000000000000000e+01 0.000000000000000000e+00 1.600000000000000089e+00 -3.869999999999999742e-04 -1.415000000000000025e-03 -9.999989999999999712e-01 3.312160000000000104e-01 9.435540000000000038e-01 -1.463000000000000108e-03 9.435550000000000326e-01 -3.312160000000000104e-01 1.029999999999999964e-04
4.000000000000000000e+00 5.800000000000000000e+01 3.100000000000000000e+01 0.000000000000000000e+00 1.600000000000000089e+00 -2.204999999999999929e-03 -5.780000000000000415e-03 9.999810000000000088e-01 -7.943789999999999463e-01 -6.074000000000000510e-01 -5.262000000000000184e-03 6.074180000000000135e-01 -7.943750000000000533e-01 -3.252000000000000116e-03
7.000000000000000000e+00 5.800000000000000000e+01 3.100000000000000000e+01 0.000000000000000000e+00 1.600000000000000089e+00 -3.787000000000000002e-03 -4.591999999999999728e-03 9.999820000000000375e-01 -7.967220000000000413e-01 -6.043180000000000218e-01 -5.792000000000000273e-03 6.043340000000000378e-01 -7.967300000000000493e-01 -1.369999999999999907e-03
1.200000000000000000e+01 5.800000000000000000e+01 3.100000000000000000e+01 0.000000000000000000e+00 1.600000000000000089e+00 -5.046000000000000138e-03 -2.383000000000000135e-03 9.999850000000000128e-01 -8.009690000000000420e-01 -5.986799999999999899e-01 -5.467999999999999770e-03 5.986839999999999939e-01 -8.009849999999999470e-01 1.111999999999999924e-03
2.000000000000000000e+01 5.800000000000000000e+01 3.100000000000000000e+01 0.000000000000000000e+00 1.600000000000000089e+00 6.769999999999999759e-04 -7.069999999999999462e-04 1.000000000000000000e+00 -7.986600000000000366e-01 -6.017820000000000391e-01 1.150000000000000035e-04 6.017820000000000391e-01 -7.986600000000000366e-01 -9.719999999999999907e-04
2.400000000000000000e+01 5.800000000000000000e+01 3.100000000000000000e+01 0.000000000000000000e+00 1.600000000000000089e+00 -5.429999999999999714e-04 -1.645999999999999894e-03 9.999989999999999712e-01 -7.973580000000000112e-01 -6.035049999999999581e-01 -1.427000000000000100e-03 6.035059999999999869e-01 -7.973569999999999824e-01 -9.849999999999999815e-04
2.700000000000000000e+01 5.800000000000000000e+01 3.100000000000000000e+01 0.000000000000000000e+00 1.600000000000000089e+00 -2.748000000000000009e-03 -4.508999999999999987e-03 9.999860000000000415e-01 -7.967560000000000198e-01 -6.042809999999999571e-01 -4.913999999999999965e-03 6.042950000000000266e-01 -7.967579999999999663e-01 -1.933000000000000039e-03
2.200000000000000000e+01 1.800000000000000000e+01 3.400000000000000000e+01 0.000000000000000000e+00 1.600000000000000089e+00 -1.265999999999999981e-03 -6.261000000000000072e-03 -9.999799999999999800e-01 -3.111860000000000182e-01 -9.503279999999999506e-01 6.343999999999999813e-03 -9.503479999999999706e-01 3.111869999999999914e-01 -7.450000000000000025e-04
2.700000000000000000e+01 1.800000000000000000e+01 3.400000000000000000e+01 0.000000000000000000e+00 1.600000000000000089e+00 -3.620000000000000171e-04 -2.693000000000000081e-03 -9.999959999999999960e-01 -3.060419999999999807e-01 -9.520140000000000269e-01 2.674000000000000161e-03 -9.520180000000000309e-01 3.060419999999999807e-01 -4.800000000000000122e-04
2.000000000000000000e+00 2.300000000000000000e+01 3.400000000000000000e+01 0.000000000000000000e+00 1.600000000000000089e+00 5.710000000000000015e-04 2.579999999999999828e-04 1.000000000000000000e+00 4.089679999999999982e-01 -9.125490000000000546e-01 1.999999999999999909e-06 9.125480000000000258e-01 4.089679999999999982e-01 -6.260000000000000373e-04
4.000000000000000000e+00 4.600000000000000000e+01 3.500000000000000000e+01 0.000000000000000000e+00 1.600000000000000089e+00 -3.620000000000000171e-04 3.406000000000000173e-03 -9.999940000000000495e-01 3.937050000000000272e-01 -9.192310000000000203e-01 -3.272999999999999868e-03 -9.192369999999999708e-01 -3.937039999999999984e-01 -1.007999999999999998e-03
9.000000000000000000e+00 4.600000000000000000e+01 3.500000000000000000e+01 0.000000000000000000e+00 1.600000000000000089e+00 1.546999999999999981e-03 4.994000000000000175e-03 -9.999860000000000415e-01 3.957350000000000034e-01 -9.183559999999999501e-01 -3.974000000000000102e-03 -9.183630000000000404e-01 -3.957240000000000202e-01 -3.396999999999999846e-03
1.500000000000000000e+01 4.600000000000000000e+01 3.500000000000000000e+01 0.000000000000000000e+00 1.600000000000000089e+00 -2.200000000000000133e-03 -1.520000000000000084e-03 -9.999959999999999960e-01 3.953499999999999792e-01 -9.185299999999999576e-01 5.270000000000000162e-04 -9.185280000000000111e-01 -3.953470000000000040e-01 2.621000000000000066e-03
2.000000000000000000e+01 4.600000000000000000e+01 3.500000000000000000e+01 0.000000000000000000e+00 1.600000000000000089e+00 6.520000000000000188e-04 -1.063399999999999936e-02 -9.999430000000000263e-01 3.921549999999999758e-01 -9.198439999999999950e-01 1.003800000000000005e-02 -9.198990000000000222e-01 -3.921399999999999886e-01 3.569999999999999823e-03
2.500000000000000000e+01 4.600000000000000000e+01 3.500000000000000000e+01 0.000000000000000000e+00 1.600000000000000089e+00 1.167000000000000069e-03 -6.608000000000000158e-03 -9.999780000000000335e-01 3.918860000000000121e-01 -9.199910000000000032e-01 6.537000000000000276e-03 -9.200129999999999697e-01 -3.918849999999999834e-01 1.515999999999999986e-03
2.800000000000000000e+01 4.600000000000000000e+01 3.500000000000000000e+01 0.000000000000000000e+00 1.600000000000000089e+00 -1.620000000000000075e-04 -3.770000000000000022e-04 -1.000000000000000000e+00 3.923050000000000148e-01 -9.198349999999999582e-01 2.829999999999999942e-04 -9.198349999999999582e-01 -3.923050000000000148e-01 2.970000000000000092e-04
2.000000000000000000e+00 9.500000000000000000e+01 3.600000000000000000e+01 0.000000000000000000e+00 1.600000000000000089e+00 -1.464999999999999983e-02 -1.115299999999999972e-02 9.998299999999999965e-01 9.983870000000000244e-01 5.468599999999999850e-02 1.523900000000000081e-02 -5.484699999999999992e-02 9.984410000000000229e-01 1.033399999999999944e-02
8.000000000000000000e+00 9.500000000000000000e+01 3.600000000000000000e+01 0.000000000000000000e+00 1.600000000000000089e+00 8.274000000000000105e-03 2.034299999999999997e-02 9.997589999999999533e-01 9.983699999999999797e-01 5.629800000000000082e-02 -9.407999999999999696e-03 -5.647599999999999842e-02 9.982069999999999554e-01 -1.984400000000000053e-02
1.400000000000000000e+01 9.500000000000000000e+01 3.600000000000000000e+01 0.000000000000000000e+00 1.600000000000000089e+00 7.570999999999999605e-03 1.118000000000000070e-02 9.999090000000000478e-01 9.981240000000000112e-01 6.066200000000000064e-02 -8.236000000000000265e-03 -6.074800000000000338e-02 9.980959999999999832e-01 -1.069999999999999944e-02
1.700000000000000000e+01 9.500000000000000000e+01 3.600000000000000000e+01 0.000000000000000000e+00 1.600000000000000089e+00 8.113000000000000420e-03 7.074000000000000427e-03 9.999419999999999975e-01 9.976530000000000120e-01 6.793799999999999839e-02 -8.574999999999999289e-03 -6.799399999999999888e-02 9.976650000000000240e-01 -6.505999999999999631e-03
2.500000000000000000e+01 9.500000000000000000e+01 3.600000000000000000e+01 0.000000000000000000e+00 1.600000000000000089e+00 4.126000000000000327e-03 -1.442200000000000079e-02 9.998869999999999703e-01 9.972609999999999530e-01 7.389900000000000635e-02 -3.049000000000000061e-03 -7.384699999999999598e-02 9.971609999999999641e-01 1.468799999999999967e-02
2.900000000000000000e+01 9.500000000000000000e+01 3.600000000000000000e+01 0.000000000000000000e+00 1.600000000000000089e+00 1.159000000000000091e-03 -3.223399999999999876e-02 9.994800000000000351e-01 9.971750000000000336e-01 7.510100000000000109e-02 1.265999999999999981e-03 -7.510300000000000309e-02 9.966549999999999576e-01 3.223000000000000170e-02
6.000000000000000000e+00 3.000000000000000000e+00 4.300000000000000000e+01 0.000000000000000000e+00 1.600000000000000089e+00 -6.305999999999999973e-03 -2.292599999999999846e-02 -9.997169999999999668e-01 7.401489999999999458e-01 -6.723569999999999824e-01 1.074999999999999914e-02 -6.724139999999999562e-01 -7.398719999999999741e-01 2.120800000000000116e-02
1.600000000000000000e+01 3.000000000000000000e+00 4.300000000000000000e+01 0.000000000000000000e+00 1.600000000000000089e+00 -4.512999999999999651e-03 -1.361999999999999929e-03 -9.999890000000000168e-01 7.375890000000000502e-01 -6.752449999999999841e-01 -2.409000000000000117e-03 -6.752350000000000296e-01 -7.375920000000000254e-01 4.052000000000000046e-03
2.300000000000000000e+01 3.000000000000000000e+00 4.300000000000000000e+01 0.000000000000000000e+00 1.600000000000000089e+00 2.634000000000000057e-03 1.151300000000000066e-02 -9.999299999999999855e-01 7.347310000000000230e-01 -6.783329999999999638e-01 -5.875000000000000014e-03 -6.783529999999999838e-01 -7.346639999999999837e-01 -1.024500000000000063e-02
2.700000000000000000e+01 3.000000000000000000e+00 4.300000000000000000e+01 0.000000000000000000e+00 1.600000000000000089e+00 1.894000000000000067e-03 -2.394999999999999993e-03 -9.999949999999999672e-01 7.375850000000000461e-01 -6.752470000000000416e-01 3.014000000000000186e-03 -6.752510000000000456e-01 -7.375880000000000214e-01 4.870000000000000197e-04
2.400000000000000000e+01 8.000000000000000000e+00 4.400000000000000000e+01 0.000000000000000000e+00 1.600000000000000089e+00 -2.201999999999999964e-03 4.629000000000000302e-03 9.999869999999999592e-01 -7.824590000000000156e-01 -6.227009999999999490e-01 1.159000000000000091e-03 6.226979999999999738e-01 -7.824459999999999749e-01 4.993000000000000042e-03
4.000000000000000000e+00 2.900000000000000000e+01 4.400000000000000000e+01 0.000000000000000000e+00 1.600000000000000089e+00 -5.230000000000000274e-04 1.606999999999999922e-03 -9.999989999999999712e-01 6.558429999999999538e-01 7.548970000000000402e-01 8.700000000000000051e-04 7.548970000000000402e-01 -6.558410000000000073e-01 -1.448999999999999984e-03
8.000000000000000000e+00 2.900000000000000000e+01 4.400000000000000000e+01 0.000000000000000000e+00 1.600000000000000089e+00 -1.730000000000000038e-04 3.010999999999999788e-03 -9.999949999999999672e-01 6.530510000000000481e-01 7.573109999999999564e-01 2.167000000000000089e-03 7.573140000000000427e-01 -6.530470000000000441e-01 -2.098000000000000038e-03
1.100000000000000000e+01 2.900000000000000000e+01 4.400000000000000000e+01 0.000000000000000000e+00 1.600000000000000089e+00 -1.732999999999999948e-03 3.190000000000000019e-04 -9.999980000000000535e-01 6.554100000000000481e-01 7.552729999999999722e-01 -8.949999999999999623e-04 7.552710000000000257e-01 -6.554109999999999658e-01 -1.518000000000000035e-03
1.500000000000000000e+01 2.900000000000000000e+01 4.400000000000000000e+01 0.000000000000000000e+00 1.600000000000000089e+00 -3.363999999999999803e-03 -2.086999999999999880e-03 -9.999919999999999920e-01 6.611949999999999772e-01 7.502050000000000107e-01 -3.789999999999999966e-03 7.502069999999999572e-01 -6.612019999999999564e-01 -1.144000000000000052e-03
1.800000000000000000e+01 2.900000000000000000e+01 4.400000000000000000e+01 0.000000000000000000e+00 1.600000000000000089e+00 -1.853999999999999962e-03 -2.069999999999999792e-03 -9.999959999999999960e-01 6.653780000000000250e-01 7.465009999999999701e-01 -2.778999999999999786e-03 7.465039999999999454e-01 -6.653810000000000002e-01 -6.999999999999999895e-06
2.200000000000000000e+01 2.900000000000000000e+01 4.400000000000000000e+01 0.000000000000000000e+00 1.600000000000000089e+00 -7.860000000000000233e-04 -2.288999999999999802e-03 -9.999970000000000248e-01 6.674390000000000045e-01 7.446610000000000174e-01 -2.229000000000000078e-03 7.446639999999999926e-01 -6.674390000000000045e-01 9.420000000000000205e-04
2.600000000000000000e+01 2.900000000000000000e+01 4.400000000000000000e+01 0.000000000000000000e+00 1.600000000000000089e+00 4.029999999999999837e-04 1.066000000000000107e-03 -9.999989999999999712e-01 6.691040000000000321e-01 7.431680000000000508e-01 1.062000000000000010e-03 7.431689999999999685e-01 -6.691040000000000321e-01 -4.130000000000000099e-04
3.000000000000000000e+01 2.900000000000000000e+01 4.400000000000000000e+01 0.000000000000000000e+00 1.600000000000000089e+00 1.753999999999999917e-03 2.397999999999999958e-03 -9.999959999999999960e-01 6.694579999999999975e-01 7.428439999999999488e-01 2.955000000000000161e-03 7.428479999999999528e-01 -6.694600000000000550e-01 -3.029999999999999924e-04
1.400000000000000000e+01 7.000000000000000000e+01 4.700000000000000000e+01 0.000000000000000000e+00 1.600000000000000089e+00 1.958000000000000105e-03 -1.291000000000000047e-03 -9.999970000000000248e-01 -8.454380000000000228e-01 -5.340730000000000199e-01 -9.659999999999999533e-04 -5.340700000000000447e-01 8.454369999999999941e-01 -2.137000000000000011e-03
3.000000000000000000e+00 5.000000000000000000e+00 5.100000000000000000e+01 0.000000000000000000e+00 1.600000000000000089e+00 1.103000000000000031e-03 -5.056999999999999863e-03 -9.999869999999999592e-01 4.810159999999999991e-01 -8.766979999999999773e-01 4.963999999999999663e-03 -8.767110000000000181e-01 -4.810150000000000259e-01 1.464999999999999939e-03
9.000000000000000000e+00 5.000000000000000000e+00 5.100000000000000000e+01 0.000000000000000000e+00 1.600000000000000089e+00 -4.694000000000000256e-03 -1.484899999999999935e-02 -9.998789999999999623e-01 4.847049999999999970e-01 -8.746119999999999450e-01 1.071300000000000030e-02 -8.746650000000000258e-01 -4.845960000000000267e-01 1.130300000000000055e-02
1.200000000000000000e+01 6.000000000000000000e+00 5.100000000000000000e+01 0.000000000000000000e+00 1.600000000000000089e+00 -4.291999999999999808e-03 -1.625700000000000062e-02 -9.998590000000000533e-01 3.162639999999999896e-01 -9.485670000000000490e-01 1.406499999999999938e-02 -9.486620000000000053e-01 -3.161590000000000233e-01 9.213000000000000703e-03
1.500000000000000000e+01 6.000000000000000000e+00 5.100000000000000000e+01 0.000000000000000000e+00 1.600000000000000089e+00 -4.959999999999999999e-03 -1.636200000000000154e-02 -9.998540000000000205e-01 3.144399999999999973e-01 -9.491749999999999909e-01 1.397299999999999931e-02 -9.492639999999999967e-01 -3.143239999999999923e-01 9.853000000000000647e-03
1.900000000000000000e+01 6.000000000000000000e+00 5.100000000000000000e+01 0.000000000000000000e+00 1.600000000000000089e+00 -5.538999999999999653e-03 -1.005200000000000017e-02 -9.999339999999999895e-01 3.196840000000000237e-01 -9.474930000000000296e-01 7.753999999999999608e-03 -9.475080000000000169e-01 -3.196200000000000152e-01 8.462000000000000771e-03
1.800000000000000000e+01 7.000000000000000000e+00 5.200000000000000000e+01 0.000000000000000000e+00 1.600000000000000089e+00 -7.029999999999999791e-03 -9.348000000000000406e-03 -9.999320000000000430e-01 1.192190000000000055e-01 -9.928320000000000478e-01 8.444000000000000117e-03 -9.928430000000000311e-01 -1.191510000000000069e-01 8.094000000000000500e-03
1.000000000000000000e+00 6.300000000000000000e+01 5.400000000000000000e+01 0.000000000000000000e+00 1.600000000000000089e+00 5.330000000000000536e-04 -3.220000000000000206e-03 9.999949999999999672e-01 -3.534840000000000204e-01 9.354350000000000165e-01 3.200999999999999852e-03 -9.354400000000000492e-01 -3.534840000000000204e-01 -6.390000000000000280e-04
6.000000000000000000e+00 6.300000000000000000e+01 5.400000000000000000e+01 0.000000000000000000e+00 1.600000000000000089e+00 -1.044999999999999922e-03 2.151000000000000134e-03 9.999970000000000248e-01 -3.525880000000000125e-01 9.357760000000000522e-01 -2.382000000000000003e-03 -9.357779999999999987e-01 -3.525900000000000145e-01 -2.200000000000000078e-04
1.700000000000000000e+01 6.300000000000000000e+01 5.400000000000000000e+01 0.000000000000000000e+00 1.600000000000000089e+00 -2.497999999999999787e-03 -4.416999999999999919e-03 9.999869999999999592e-01 -3.382850000000000024e-01 9.410380000000000411e-01 3.311000000000000141e-03 -9.410399999999999876e-01 -3.382720000000000171e-01 -3.844999999999999894e-03
2.400000000000000000e+01 6.300000000000000000e+01 5.400000000000000000e+01 0.000000000000000000e+00 1.600000000000000089e+00 9.890000000000000787e-04 5.099999999999999960e-05 1.000000000000000000e+00 -3.349619999999999820e-01 9.422310000000000407e-01 2.840000000000000185e-04 -9.422310000000000407e-01 -3.349630000000000107e-01 9.489999999999999738e-04
1.600000000000000000e+01 2.000000000000000000e+01 6.000000000000000000e+01 0.000000000000000000e+00 1.600000000000000089e+00 -2.519999999999999996e-04 -9.721000000000000474e-03 9.999529999999999808e-01 -6.189000000000000057e-02 9.980360000000000342e-01 9.686999999999999431e-03 -9.980830000000000535e-01 -6.188400000000000151e-02 -8.530000000000000256e-04
6.000000000000000000e+00 2.100000000000000000e+01 6.000000000000000000e+01 0.000000000000000000e+00 1.600000000000000089e+00 -5.980000000000000072e-04 -4.510000000000000120e-03 9.999900000000000455e-01 -9.896099999999999342e-02 9.950809999999999933e-01 4.428999999999999777e-03 -9.950909999999999478e-01 -9.895700000000000329e-02 -1.041000000000000042e-03
1.200000000000000000e+01 2.100000000000000000e+01 6.000000000000000000e+01 0.000000000000000000e+00 1.600000000000000089e+00 -8.199999999999999824e-04 -7.721000000000000432e-03 9.999700000000000255e-01 -9.763299999999999756e-02 9.951929999999999943e-01 7.603999999999999648e-03 -9.952220000000000510e-01 -9.762400000000000244e-02 -1.569999999999999998e-03
1.700000000000000000e+01 2.100000000000000000e+01 6.000000000000000000e+01 0.000000000000000000e+00 1.600000000000000089e+00 2.990000000000000036e-04 -4.856000000000000073e-03 9.999879999999999880e-01 -9.548099999999999643e-02 9.954190000000000538e-01 4.863000000000000135e-03 -9.954309999999999548e-01 -9.548199999999999743e-02 -1.659999999999999963e-04
2.300000000000000000e+01 2.100000000000000000e+01 6.000000000000000000e+01 0.000000000000000000e+00 1.600000000000000089e+00 -5.760000000000000146e-04 -9.044999999999999221e-03 9.999590000000000423e-01 -9.321100000000000219e-02 9.956059999999999910e-01 8.951999999999999888e-03 -9.956460000000000310e-01 -9.320199999999999319e-02 -1.417000000000000074e-03
2.700000000000000000e+01 2.100000000000000000e+01 6.000000000000000000e+01 0.000000000000000000e+00 1.600000000000000089e+00 -2.062000000000000031e-03 -7.603000000000000383e-03 9.999689999999999968e-01 -9.273199999999999499e-02 9.956639999999999935e-01 7.379000000000000142e-03 -9.956890000000000462e-01 -9.271400000000000474e-02 -2.758000000000000035e-03
5.000000000000000000e+00 2.700000000000000000e+01 6.300000000000000000e+01 0.000000000000000000e+00 1.600000000000000089e+00 7.089999999999999948e-04 -1.845000000000000069e-03 9.999980000000000535e-01 -2.741339999999999888e-01 9.616890000000000160e-01 1.968999999999999830e-03 -9.616909999999999625e-01 -2.741350000000000176e-01 1.759999999999999954e-04
1.000000000000000000e+01 2.700000000000000000e+01 6.300000000000000000e+01 0.000000000000000000e+00 1.600000000000000089e+00 -3.380999999999999891e-03 -4.274000000000000021e-03 9.999850000000000128e-01 -2.739840000000000053e-01 9.617289999999999450e-01 3.184000000000000198e-03 -9.617280000000000273e-01 -2.739690000000000181e-01 -4.421999999999999716e-03
1.700000000000000000e+01 2.700000000000000000e+01 6.300000000000000000e+01 0.000000000000000000e+00 1.600000000000000089e+00 1.077999999999999965e-03 -3.491000000000000179e-03 9.999930000000000208e-01 -2.787310000000000065e-01 9.603620000000000489e-01 3.652999999999999997e-03 -9.603690000000000282e-01 -2.787330000000000085e-01 6.200000000000000270e-05
2.100000000000000000e+01 2.700000000000000000e+01 6.300000000000000000e+01 0.000000000000000000e+00 1.600000000000000089e+00 1.978999999999999856e-03 -4.890000000000000249e-03 9.999860000000000415e-01 -2.802990000000000204e-01 9.598980000000000290e-01 5.249000000000000193e-03 -9.599109999999999587e-01 -2.803059999999999996e-01 5.289999999999999564e-04
2.500000000000000000e+01 2.700000000000000000e+01 6.300000000000000000e+01 0.000000000000000000e+00 1.600000000000000089e+00 7.969999999999999654e-04 -3.271000000000000036e-03 9.999940000000000495e-01 -2.815409999999999857e-01 9.595430000000000348e-01 3.363000000000000104e-03 -9.595489999999999853e-01 -2.815420000000000145e-01 -1.559999999999999972e-04
4.000000000000000000e+00 2.600000000000000000e+01 6.400000000000000000e+01 0.000000000000000000e+00 1.600000000000000089e+00 8.670000000000000406e-04 1.270000000000000078e-03 9.999989999999999712e-01 -3.571840000000000015e-01 9.340340000000000309e-01 -8.769999999999999584e-04 -9.340340000000000309e-01 -3.571829999999999727e-01 1.263000000000000017e-03
9.000000000000000000e+00 2.600000000000000000e+01 6.400000000000000000e+01 0.000000000000000000e+00 1.600000000000000089e+00 -2.105000000000000100e-03 -2.961999999999999789e-03 9.999930000000000208e-01 -3.554919999999999747e-01 9.346769999999999801e-01 2.020000000000000094e-03 -9.346769999999999801e-01 -3.554849999999999954e-01 -3.020000000000000115e-03
2.100000000000000000e+01 2.600000000000000000e+01 6.400000000000000000e+01 0.000000000000000000e+00 1.600000000000000089e+00 3.030000000000000141e-03 -7.846000000000000543e-03 9.999649999999999928e-01 -3.636980000000000213e-01 9.314789999999999459e-01 8.411000000000000074e-03 -9.315120000000000067e-01 -3.637110000000000065e-01 -3.100000000000000135e-05
2.900000000000000000e+01 8.900000000000000000e+01 6.400000000000000000e+01 0.000000000000000000e+00 1.600000000000000089e+00 -4.864600000000000174e-02 -1.018720000000000042e-01 -9.936070000000000180e-01 9.420859999999999790e-01 3.258070000000000133e-01 -7.952800000000000147e-02 3.318260000000000098e-01 -9.399319999999999897e-01 8.012299999999999978e-02
2.700000000000000000e+01 8.200000000000000000e+01 7.000000000000000000e+01 0.000000000000000000e+00 1.600000000000000089e+00 7.577439999999999731e-01 -4.459899999999999975e-01 4.763569999999999749e-01 -5.021219999999999573e-01 -8.647280000000000522e-01 -1.087499999999999925e-02 4.167699999999999738e-01 -2.309489999999999876e-01 -8.791849999999999943e-01
2.300000000000000000e+01 3.100000000000000000e+01 7.100000000000000000e+01 0.000000000000000000e+00 1.600000000000000089e+00 -2.903999999999999897e-03 -1.801000000000000083e-03 -9.999940000000000495e-01 -7.076090000000000435e-01 -7.065970000000000306e-01 3.327000000000000096e-03 -7.065989999999999771e-01 7.076139999999999652e-01 7.770000000000000214e-04
2.800000000000000000e+01 3.100000000000000000e+01 7.100000000000000000e+01 0.000000000000000000e+00 1.600000000000000089e+00 -9.313999999999999363e-03 3.690000000000000246e-04 -9.999569999999999848e-01 -7.114679999999999893e-01 -7.026890000000000081e-01 6.367000000000000264e-03 -7.026569999999999760e-01 7.114970000000000461e-01 6.807999999999999816e-03
