8.000000000000000000e+00 2.500000000000000000e+01 1.000000000000000000e+00 0.000000000000000000e+00 1.600000000000000089e+00 4.513999999999999783e-03 6.833999999999999797e-03 -9.999670000000000503e-01 -5.215889999999999693e-01 -8.531570000000000542e-01 -8.184999999999999568e-03 -8.531849999999999712e-01 5.216089999999999893e-01 -2.869999999999999830e-04
1.400000000000000000e+01 2.500000000000000000e+01 1.000000000000000000e+00 0.000000000000000000e+00 1.600000000000000089e+00 -2.177999999999999815e-03 -1.051000000000000024e-02 -9.999419999999999975e-01 -5.182149999999999812e-01 -8.551910000000000345e-01 1.011699999999999926e-02 -8.552480000000000082e-01 5.182069999999999732e-01 -3.583999999999999946e-03
2.500000000000000000e+01 2.500000000000000000e+01 1.000000000000000000e+00 0.000000000000000000e+00 1.600000000000000089e+00 -2.296999999999999997e-03 -5.342000000000000394e-03 -9.999829999999999552e-01 -5.204320000000000057e-01 -8.538839999999999764e-01 5.756999999999999965e-03 -8.538999999999999924e-01 5.204360000000000097e-01 -8.189999999999999581e-04
1.000000000000000000e+01 1.900000000000000000e+01 5.000000000000000000e+00 0.000000000000000000e+00 1.600000000000000089e+00 1.423999999999999919e-03 2.367000000000000180e-03 -9.999959999999999960e-01 -6.926639999999999464e-01 -7.212549999999999795e-01 -2.693000000000000081e-03 -7.212589999999999835e-01 6.926660000000000039e-01 6.120000000000000223e-04
1.300000000000000000e+01 1.900000000000000000e+01 5.000000000000000000e+00 0.000000000000000000e+00 1.600000000000000089e+00 8.500000000000000611e-05 -8.347999999999999518e-03 -9.999649999999999928e-01 -6.927919999999999634e-01 -7.211130000000000040e-01 5.962000000000000285e-03 -7.211379999999999457e-01 6.927670000000000217e-01 -5.845000000000000369e-03
1.700000000000000000e+01 1.900000000000000000e+01 5.000000000000000000e+00 0.000000000000000000e+00 1.600000000000000089e+00 8.809999999999999472e-04 -3.412999999999999801e-03 -9.999940000000000495e-01 -6.946409999999999529e-01 -7.193540000000000489e-01 1.843000000000000020e-03 -7.193559999999999954e-01 6.946350000000000025e-01 -3.004000000000000160e-03
2.600000000000000000e+01 1.900000000000000000e+01 5.000000000000000000e+00 0.000000000000000000e+00 1.600000000000000089e+00 -1.642000000000000013e-03 -3.285999999999999859e-03 -9.999930000000000208e-01 -7.021920000000000384e-01 -7.119790000000000285e-01 3.493000000000000011e-03 -7.119860000000000078e-01 7.021929999999999561e-01 -1.137999999999999906e-03
5.000000000000000000e+00 1.010000000000000000e+02 7.000000000000000000e+00 0.000000000000000000e+00 1.600000000000000089e+00 1.136999999999999990e-03 -8.129000000000000808e-03 9.999660000000000215e-01 8.894549999999999956e-01 4.570139999999999758e-01 2.703999999999999806e-03 -4.570210000000000106e-01 8.894220000000000459e-01 7.749999999999999944e-03
1.600000000000000000e+01 1.010000000000000000e+02 7.000000000000000000e+00 0.000000000000000000e+00 1.600000000000000089e+00 1.482000000000000027e-03 -1.545599999999999925e-02 9.998789999999999623e-01 8.829270000000000174e-01 4.694729999999999737e-01 5.948000000000000162e-03 -4.695079999999999809e-01 8.828120000000000411e-01 1.434200000000000058e-02
4.000000000000000000e+00 2.500000000000000000e+01 8.000000000000000000e+00 0.000000000000000000e+00 1.600000000000000089e+00 -2.513000000000000043e-03 -4.220999999999999926e-03 -9.999879999999999880e-01 4.395959999999999868e-01 8.981820000000000359e-01 -4.896000000000000178e-03 8.981919999999999904e-01 -4.396030000000000215e-01 -4.009999999999999893e-04
8.000000000000000000e+00 2.500000000000000000e+01 8.000000000000000000e+00 0.000000000000000000e+00 1.600000000000000089e+00 -3.382000000000000024e-03 -4.817000000000000101e-03 -9.999829999999999552e-01 4.404460000000000042e-01 8.977600000000000025e-01 -5.813999999999999724e-03 8.977730000000000432e-01 -4.404580000000000162e-01 -9.139999999999999904e-04
1.100000000000000000e+01 2.500000000000000000e+01 8.000000000000000000e+00 0.000000000000000000e+00 1.600000000000000089e+00 -1.495000000000000018e-03 -8.208000000000000018e-03 -9.999649999999999928e-01 4.396599999999999953e-01 8.981280000000000374e-01 -8.028999999999999679e-03 8.981630000000000447e-01 -4.396570000000000200e-01 2.265999999999999785e-03
1.600000000000000000e+01 2.500000000000000000e+01 8.000000000000000000e+00 0.000000000000000000e+00 1.600000000000000089e+00 1.033999999999999980e-03 -8.021999999999999617e-03 -9.999670000000000503e-01 4.379709999999999992e-01 8.989639999999999853e-01 -6.758000000000000118e-03 8.989890000000000381e-01 -4.379489999999999772e-01 4.442999999999999901e-03
2.000000000000000000e+01 2.500000000000000000e+01 8.000000000000000000e+00 0.000000000000000000e+00 1.600000000000000089e+00 9.000000000000000567e-05 1.031000000000000015e-03 -1.000000000000000000e+00 4.390189999999999926e-01 8.984769999999999701e-01 9.659999999999999533e-04 8.984779999999999989e-01 -4.390189999999999926e-01 -3.719999999999999891e-04
2.500000000000000000e+01 2.500000000000000000e+01 8.000000000000000000e+00 0.000000000000000000e+00 1.600000000000000089e+00 1.247000000000000062e-03 4.683999999999999796e-03 -9.999879999999999880e-01 4.392889999999999850e-01 8.983330000000000481e-01 4.755999999999999811e-03 8.983449999999999491e-01 -4.392900000000000138e-01 -9.380000000000000317e-04
2.900000000000000000e+01 2.500000000000000000e+01 8.000000000000000000e+00 0.000000000000000000e+00 1.600000000000000089e+00 1.938999999999999968e-03 8.328000000000000333e-03 -9.999630000000000463e-01 4.391149999999999776e-01 8.983919999999999684e-01 8.333000000000000129e-03 8.984290000000000331e-01 -4.391149999999999776e-01 -1.915000000000000036e-03
2.000000000000000000e+00 2.400000000000000000e+01 9.000000000000000000e+00 0.000000000000000000e+00 1.600000000000000089e+00 -2.393999999999999861e-03 -5.510000000000000141e-03 -9.999820000000000375e-01 4.452229999999999799e-01 8.953999999999999737e-01 -6.000000000000000125e-03 8.954170000000000185e-01 -4.452289999999999859e-01 3.089999999999999756e-04
8.000000000000000000e+00 2.400000000000000000e+01 9.000000000000000000e+00 0.000000000000000000e+00 1.600000000000000089e+00 -2.732000000000000053e-03 -6.716999999999999880e-03 -9.999740000000000295e-01 4.467619999999999925e-01 8.946239999999999748e-01 -7.230000000000000315e-03 8.946490000000000276e-01 -4.467700000000000005e-01 5.559999999999999621e-04
1.100000000000000000e+01 2.400000000000000000e+01 9.000000000000000000e+00 0.000000000000000000e+00 1.600000000000000089e+00 -5.540000000000000219e-04 -9.709000000000000616e-03 -9.999529999999999808e-01 4.460359999999999880e-01 8.949709999999999610e-01 -8.937000000000000499e-03 8.950150000000000050e-01 -4.460189999999999988e-01 3.834999999999999867e-03
1.500000000000000000e+01 2.400000000000000000e+01 9.000000000000000000e+00 0.000000000000000000e+00 1.600000000000000089e+00 1.381999999999999982e-03 -1.025700000000000049e-02 -9.999460000000000015e-01 4.446970000000000089e-01 8.956399999999999917e-01 -8.573000000000000759e-03 8.956800000000000317e-01 -4.446609999999999729e-01 5.799000000000000335e-03
2.100000000000000000e+01 2.400000000000000000e+01 9.000000000000000000e+00 0.000000000000000000e+00 1.600000000000000089e+00 3.020000000000000223e-04 3.578000000000000017e-03 -9.999940000000000495e-01 4.447070000000000189e-01 8.956699999999999662e-01 3.338999999999999954e-03 8.956760000000000277e-01 -4.447050000000000169e-01 -1.320999999999999909e-03
2.600000000000000000e+01 2.400000000000000000e+01 9.000000000000000000e+00 0.000000000000000000e+00 1.600000000000000089e+00 1.141000000000000087e-03 6.274000000000000063e-03 -9.999799999999999800e-01 4.456890000000000018e-01 8.951670000000000460e-01 6.125000000000000236e-03 8.951869999999999550e-01 -4.456869999999999998e-01 -1.775000000000000102e-03
7.000000000000000000e+00 7.000000000000000000e+00 1.000000000000000000e+01 0.000000000000000000e+00 1.600000000000000089e+00 -5.803799999999999931e-02 -3.814399999999999735e-02 -9.975850000000000550e-01 -9.860579999999999901e-01 -1.539089999999999903e-01 6.325200000000000267e-02 -1.559500000000000053e-01 9.873480000000000034e-01 -2.867899999999999963e-02
1.100000000000000000e+01 7.000000000000000000e+00 1.000000000000000000e+01 0.000000000000000000e+00 1.600000000000000089e+00 5.329999999999999669e-03 -6.853999999999999850e-03 -9.999620000000000175e-01 -9.911459999999999715e-01 -1.327049999999999896e-01 -4.373000000000000151e-03 -1.326700000000000101e-01 9.911320000000000130e-01 -7.500999999999999855e-03
2.300000000000000000e+01 8.000000000000000000e+00 1.000000000000000000e+01 0.000000000000000000e+00 1.600000000000000089e+00 6.457699999999999552e-02 2.519800000000000165e-02 -9.975950000000000095e-01 -9.883549999999999836e-01 -1.364140000000000075e-01 -6.742499999999999882e-02 -1.377849999999999908e-01 9.903309999999999613e-01 1.609599999999999920e-02
2.800000000000000000e+01 8.000000000000000000e+00 1.000000000000000000e+01 0.000000000000000000e+00 1.600000000000000089e+00 5.505299999999999777e-02 8.255999999999999450e-03 -9.984490000000000309e-01 -9.967939999999999579e-01 -5.769799999999999929e-02 -5.543800000000000117e-02 -5.806700000000000056e-02 9.982999999999999652e-01 5.053000000000000200e-03
6.000000000000000000e+00 3.000000000000000000e+00 1.100000000000000000e+01 0.000000000000000000e+00 1.600000000000000089e+00 -7.159999999999999481e-04 -7.409999999999999920e-02 9.972509999999999986e-01 1.372130000000000016e-01 -9.878259999999999819e-01 -7.330200000000000604e-02 9.905410000000000048e-01 1.367839999999999889e-01 1.087399999999999999e-02
1.200000000000000000e+01 3.000000000000000000e+00 1.100000000000000000e+01 0.000000000000000000e+00 1.600000000000000089e+00 -1.461000000000000059e-03 1.862099999999999866e-02 9.998259999999999925e-01 1.209540000000000060e-01 -9.924830000000000041e-01 1.866100000000000050e-02 9.926570000000000116e-01 1.209599999999999981e-01 -8.030000000000000028e-04
3.000000000000000000e+01 4.000000000000000000e+00 1.100000000000000000e+01 0.000000000000000000e+00 1.600000000000000089e+00 -3.943000000000000324e-03 4.724600000000000327e-02 9.988749999999999574e-01 1.751429999999999931e-01 -9.834110000000000351e-01 4.720599999999999796e-02 9.845350000000000490e-01 1.751320000000000099e-01 -4.396999999999999867e-03
2.000000000000000000e+00 3.200000000000000000e+01 1.400000000000000000e+01 0.000000000000000000e+00 1.600000000000000089e+00 1.106999999999999911e-03 -3.893000000000000193e-03 -9.999919999999999920e-01 1.162340000000000040e-01 9.932149999999999590e-01 -3.738000000000000003e-03 9.932210000000000205e-01 -1.162289999999999990e-01 1.551999999999999994e-03
6.000000000000000000e+00 3.200000000000000000e+01 1.400000000000000000e+01 0.000000000000000000e+00 1.600000000000000089e+00 2.809999999999999998e-04 2.595999999999999783e-03 -9.999970000000000248e-01 1.176019999999999982e-01 9.930569999999999675e-01 2.611000000000000040e-03 9.930609999999999715e-01 -1.176029999999999992e-01 -2.599999999999999840e-05
1.000000000000000000e+01 3.200000000000000000e+01 1.400000000000000000e+01 0.000000000000000000e+00 1.600000000000000089e+00 6.960000000000000041e-04 2.350999999999999791e-03 -9.999970000000000248e-01 1.196119999999999961e-01 9.928179999999999783e-01 2.418000000000000010e-03 9.928200000000000358e-01 -1.196129999999999971e-01 4.090000000000000211e-04
1.300000000000000000e+01 3.200000000000000000e+01 1.400000000000000000e+01 0.000000000000000000e+00 1.600000000000000089e+00 3.114000000000000015e-03 -2.611000000000000040e-03 -9.999919999999999920e-01 1.200969999999999954e-01 9.927599999999999758e-01 -2.217999999999999920e-03 9.927570000000000006e-01 -1.200890000000000013e-01 3.405000000000000041e-03
1.700000000000000000e+01 3.200000000000000000e+01 1.400000000000000000e+01 0.000000000000000000e+00 1.600000000000000089e+00 1.544999999999999932e-03 -5.740000000000000310e-03 -9.999820000000000375e-01 1.197389999999999982e-01 9.927899999999999503e-01 -5.512999999999999672e-03 9.928040000000000198e-01 -1.197280000000000011e-01 2.222000000000000017e-03
2.800000000000000000e+01 3.200000000000000000e+01 1.400000000000000000e+01 0.000000000000000000e+00 1.600000000000000089e+00 -1.000000000000000082e-05 -1.101999999999999898e-03 -9.999989999999999712e-01 1.148760000000000059e-01 9.933790000000000120e-01 -1.095999999999999969e-03 9.933800000000000407e-01 -1.148760000000000059e-01 1.169999999999999979e-04
3.000000000000000000e+01 1.200000000000000000e+01 1.600000000000000000e+01 0.000000000000000000e+00 1.600000000000000089e+00 -7.165999999999999627e-03 3.222200000000000064e-02 9.994549999999999823e-01 2.571419999999999817e-01 -9.658109999999999751e-01 3.298100000000000337e-02 9.663469999999999560e-01 2.572380000000000222e-01 -1.364999999999999894e-03
3.000000000000000000e+00 1.160000000000000000e+02 1.600000000000000000e+01 0.000000000000000000e+00 1.600000000000000089e+00 9.319999999999999942e-04 2.209000000000000026e-03 9.999970000000000248e-01 7.116580000000000128e-01 7.025219999999999798e-01 -2.214999999999999955e-03 -7.025249999999999551e-01 7.116580000000000128e-01 -9.169999999999999549e-04
9.000000000000000000e+00 1.160000000000000000e+02 1.600000000000000000e+01 0.000000000000000000e+00 1.600000000000000089e+00 -3.802999999999999957e-03 -4.027000000000000197e-03 9.999850000000000128e-01 7.365300000000000180e-01 6.763820000000000388e-01 5.525000000000000397e-03 -6.763940000000000508e-01 7.365399999999999725e-01 3.939999999999999817e-04
1.100000000000000000e+01 2.000000000000000000e+00 1.900000000000000000e+01 0.000000000000000000e+00 1.600000000000000089e+00 -4.360000000000000160e-03 -9.573999999999999178e-03 -9.999449999999999728e-01 3.457660000000000178e-01 -9.382909999999999862e-01 7.476000000000000006e-03 -9.383110000000000062e-01 -3.457140000000000213e-01 7.400999999999999593e-03
1.400000000000000000e+01 3.000000000000000000e+00 1.900000000000000000e+01 0.000000000000000000e+00 1.600000000000000089e+00 -7.760000000000000404e-03 1.266499999999999918e-02 -9.998899999999999455e-01 3.125279999999999725e-01 -9.497980000000000311e-01 -1.445600000000000010e-02 -9.498769999999999714e-01 -3.126059999999999950e-01 3.412000000000000102e-03
1.700000000000000000e+01 3.000000000000000000e+00 1.900000000000000000e+01 0.000000000000000000e+00 1.600000000000000089e+00 -5.697999999999999940e-03 2.588299999999999976e-02 -9.996490000000000098e-01 3.198520000000000252e-01 -9.471009999999999707e-01 -2.634600000000000136e-02 -9.474500000000000144e-01 -3.198900000000000077e-01 -2.882000000000000013e-03
2.200000000000000000e+01 3.000000000000000000e+00 1.900000000000000000e+01 0.000000000000000000e+00 1.600000000000000089e+00 -5.969000000000000347e-03 3.495800000000000296e-02 -9.993710000000000093e-01 3.257450000000000068e-01 -9.448100000000000387e-01 -3.499499999999999833e-02 -9.454390000000000294e-01 -3.257490000000000108e-01 -5.747999999999999637e-03
2.900000000000000000e+01 3.000000000000000000e+00 1.900000000000000000e+01 0.000000000000000000e+00 1.600000000000000089e+00 -5.675999999999999622e-03 3.531499999999999917e-02 -9.993600000000000261e-01 3.347849999999999993e-01 -9.416379999999999750e-01 -3.517699999999999994e-02 -9.422779999999999490e-01 -3.347700000000000120e-01 -6.478000000000000251e-03
8.000000000000000000e+00 4.000000000000000000e+00 2.000000000000000000e+01 0.000000000000000000e+00 1.600000000000000089e+00 -8.109999999999999805e-04 -1.439000000000000001e-02 -9.998960000000000070e-01 3.275109999999999966e-01 -9.447529999999999539e-01 1.333100000000000084e-02 -9.448469999999999924e-01 -3.274659999999999793e-01 5.479000000000000363e-03
2.500000000000000000e+01 4.000000000000000000e+00 2.000000000000000000e+01 0.000000000000000000e+00 1.600000000000000089e+00 -3.756999999999999923e-03 3.045000000000000137e-02 -9.995290000000000008e-01 3.637199999999999878e-01 -9.310340000000000282e-01 -2.973100000000000048e-02 -9.315010000000000234e-01 -3.636599999999999833e-01 -7.577000000000000401e-03
3.000000000000000000e+01 4.000000000000000000e+00 2.000000000000000000e+01 0.000000000000000000e+00 1.600000000000000089e+00 -1.167999999999999984e-03 2.893799999999999845e-02 -9.995810000000000528e-01 3.808730000000000171e-01 -9.242270000000000207e-01 -2.720200000000000048e-02 -9.246269999999999767e-01 -3.807450000000000001e-01 -9.941999999999999449e-03
3.000000000000000000e+00 1.300000000000000000e+01 2.000000000000000000e+01 0.000000000000000000e+00 1.600000000000000089e+00 -7.389999999999999651e-04 3.082000000000000104e-03 9.999949999999999672e-01 2.599360000000000004e-01 9.656219999999999803e-01 -2.784000000000000016e-03 -9.656249999999999556e-01 2.599330000000000251e-01 -1.515000000000000071e-03
9.000000000000000000e+00 1.300000000000000000e+01 2.000000000000000000e+01 0.000000000000000000e+00 1.600000000000000089e+00 -2.255000000000000060e-03 -1.533999999999999990e-03 9.999959999999999960e-01 2.627840000000000176e-01 9.648529999999999607e-01 2.073000000000000190e-03 -9.648520000000000429e-01 2.627869999999999928e-01 -1.771999999999999921e-03
1.400000000000000000e+01 1.300000000000000000e+01 2.000000000000000000e+01 0.000000000000000000e+00 1.600000000000000089e+00 -9.920000000000000432e-04 -3.699999999999999947e-04 9.999989999999999712e-01 2.618750000000000244e-01 9.651020000000000154e-01 6.170000000000000354e-04 -9.651009999999999867e-01 2.618750000000000244e-01 -8.610000000000000032e-04
1.800000000000000000e+01 1.300000000000000000e+01 2.000000000000000000e+01 0.000000000000000000e+00 1.600000000000000089e+00 4.060000000000000024e-04 4.087999999999999620e-03 9.999919999999999920e-01 2.594330000000000247e-01 9.657520000000000548e-01 -4.053000000000000179e-03 -9.657609999999999806e-01 2.594330000000000247e-01 -6.689999999999999983e-04
2.100000000000000000e+01 1.300000000000000000e+01 2.000000000000000000e+01 0.000000000000000000e+00 1.600000000000000089e+00 -5.330000000000000536e-04 -8.189999999999999581e-04 9.999989999999999712e-01 2.596330000000000027e-01 9.657069999999999821e-01 9.300000000000000541e-04 -9.657069999999999821e-01 2.596330000000000027e-01 -3.020000000000000223e-04
2.700000000000000000e+01 1.300000000000000000e+01 2.000000000000000000e+01 0.000000000000000000e+00 1.600000000000000089e+00 4.829999999999999767e-04 -1.299999999999999886e-04 1.000000000000000000e+00 2.608530000000000015e-01 9.653789999999999871e-01 -9.999999999999999547e-07 -9.653779999999999584e-01 2.608530000000000015e-01 5.000000000000000104e-04
5.000000000000000000e+00 1.600000000000000000e+01 2.100000000000000000e+01 0.000000000000000000e+00 1.600000000000000089e+00 -7.569999999999999689e-04 6.641000000000000202e-03 9.999780000000000335e-01 2.978839999999999821e-01 9.545820000000000416e-01 -6.113999999999999643e-03 -9.546019999999999506e-01 2.978729999999999989e-01 -2.700999999999999842e-03
1.000000000000000000e+01 1.600000000000000000e+01 2.100000000000000000e+01 0.000000000000000000e+00 1.600000000000000089e+00 -2.580999999999999961e-03 -4.893999999999999913e-03 9.999850000000000128e-01 2.989189999999999903e-01 9.542629999999999724e-01 5.441999999999999789e-03 -9.542749999999999844e-01 2.989280000000000270e-01 -1.000000000000000021e-03
5.000000000000000000e+00 4.100000000000000000e+01 2.400000000000000000e+01 0.000000000000000000e+00 1.600000000000000089e+00 2.152890000000000081e-01 3.151700000000000335e-02 9.760419999999999652e-01 -9.069899999999999629e-01 3.769179999999999753e-01 1.878879999999999995e-01 -3.619660000000000100e-01 -9.257100000000000328e-01 1.097319999999999962e-01
2.300000000000000000e+01 2.000000000000000000e+00 2.500000000000000000e+01 0.000000000000000000e+00 1.600000000000000089e+00 -8.448000000000000648e-03 2.280899999999999941e-02 9.997040000000000370e-01 8.964400000000000146e-02 -9.956970000000000542e-01 2.347499999999999934e-02 9.959379999999999900e-01 8.981599999999999306e-02 6.367000000000000264e-03
3.000000000000000000e+00 3.000000000000000000e+00 2.500000000000000000e+01 0.000000000000000000e+00 1.600000000000000089e+00 -3.654000000000000130e-03 -1.155600000000000030e-02 9.999270000000000103e-01 -3.372599999999999903e-02 -9.993630000000000013e-01 -1.167299999999999935e-02 9.994239999999999791e-01 -3.376599999999999741e-02 3.262000000000000142e-03
1.400000000000000000e+01 3.000000000000000000e+00 2.500000000000000000e+01 0.000000000000000000e+00 1.600000000000000089e+00 -2.608000000000000075e-03 5.536000000000000122e-03 9.999810000000000088e-01 -4.047599999999999809e-02 -9.991659999999999986e-01 5.426000000000000267e-03 9.991769999999999818e-01 -4.046099999999999697e-02 2.830000000000000050e-03
2.600000000000000000e+01 3.000000000000000000e+00 2.500000000000000000e+01 0.000000000000000000e+00 1.600000000000000089e+00 -8.212999999999999814e-03 2.617999999999999841e-02 9.996230000000000393e-01 2.610399999999999873e-02 -9.993109999999999493e-01 2.638599999999999973e-02 9.996260000000000145e-01 2.631100000000000105e-02 7.524000000000000306e-03
1.100000000000000000e+01 4.300000000000000000e+01 2.600000000000000000e+01 0.000000000000000000e+00 1.600000000000000089e+00 -9.254600000000000326e-02 2.331429999999999891e-01 -9.680290000000000283e-01 9.838519999999999488e-01 -1.281730000000000091e-01 -1.249279999999999974e-01 -1.532010000000000038e-01 -9.639590000000000103e-01 -2.175159999999999871e-01
2.500000000000000000e+01 4.400000000000000000e+01 3.100000000000000000e+01 0.000000000000000000e+00 1.600000000000000089e+00 9.125189999999999690e-01 -1.973239999999999994e-01 -3.582919999999999994e-01 2.137620000000000076e-01 9.768649999999999833e-01 6.427999999999999686e-03 3.487339999999999884e-01 -8.245500000000000052e-02 9.335879999999999734e-01
3.000000000000000000e+00 5.800000000000000000e+01 3.100000000000000000e+01 0.000000000000000000e+00 1.600000000000000089e+00 -1.200000000000000030e-05 -4.782999999999999925e-03 9.999890000000000168e-01 -8.087499999999999689e-01 -5.881450000000000289e-01 -2.822999999999999989e-03 5.881520000000000081e-01 -8.087410000000000432e-01 -3.860999999999999849e-03
7.000000000000000000e+00 5.800000000000000000e+01 3.100000000000000000e+01 0.000000000000000000e+00 1.600000000000000089e+00 3.209999999999999963e-04 -6.780999999999999701e-03 9.999770000000000048e-01 -8.086640000000000494e-01 -5.882600000000000051e-01 -3.729000000000000110e-03 5.882709999999999884e-01 -8.086440000000000294e-01 -5.671999999999999958e-03
1.500000000000000000e+01 5.800000000000000000e+01 3.100000000000000000e+01 0.000000000000000000e+00 1.600000000000000089e+00 -5.146000000000000400e-03 1.407000000000000048e-03 9.999860000000000415e-01 -8.082139999999999880e-01 -5.888799999999999590e-01 -3.331000000000000193e-03 5.888670000000000293e-01 -8.082190000000000207e-01 4.167999999999999830e-03
2.100000000000000000e+01 5.800000000000000000e+01 3.100000000000000000e+01 0.000000000000000000e+00 1.600000000000000089e+00 -5.789999999999999791e-04 -1.050599999999999971e-02 9.999449999999999728e-01 -8.067029999999999479e-01 -5.909189999999999721e-01 -6.675999999999999643e-03 5.909569999999999546e-01 -8.066619999999999902e-01 -8.132999999999999605e-03
2.700000000000000000e+01 5.800000000000000000e+01 3.100000000000000000e+01 0.000000000000000000e+00 1.600000000000000089e+00 7.870000000000000476e-04 -1.658499999999999905e-02 9.998620000000000285e-01 -7.967870000000000230e-01 -6.041870000000000296e-01 -9.395000000000000573e-03 6.042600000000000193e-01 -7.966699999999999893e-01 -1.369000000000000078e-02
2.700000000000000000e+01 3.800000000000000000e+01 3.400000000000000000e+01 0.000000000000000000e+00 1.600000000000000089e+00 4.789149999999999796e-01 -8.641370000000000440e-01 -1.546190000000000064e-01 8.589210000000000456e-01 4.976459999999999773e-01 -1.208430000000000060e-01 1.813710000000000044e-01 -7.493199999999999861e-02 9.805559999999999832e-01
1.300000000000000000e+01 3.700000000000000000e+01 3.500000000000000000e+01 0.000000000000000000e+00 1.600000000000000089e+00 2.129550000000000054e-01 2.372380000000000044e-01 -9.478229999999999711e-01 -4.393349999999999755e-01 -8.432260000000000311e-01 -3.097659999999999858e-01 -8.727169999999999650e-01 4.823779999999999735e-01 -7.534200000000000619e-02
3.000000000000000000e+00 2.900000000000000000e+01 3.600000000000000000e+01 0.000000000000000000e+00 1.600000000000000089e+00 6.890799999999999703e-02 -2.705569999999999919e-01 9.602349999999999497e-01 -7.100100000000000300e-01 6.628549999999999720e-01 2.377180000000000126e-01 -7.008119999999999905e-01 -6.981570000000000276e-01 -1.464219999999999966e-01
1.400000000000000000e+01 9.500000000000000000e+01 3.600000000000000000e+01 0.000000000000000000e+00 1.600000000000000089e+00 8.548000000000000043e-03 -1.417559999999999931e-01 9.898649999999999949e-01 9.974680000000000213e-01 7.109400000000000441e-02 1.567999999999999949e-03 -7.059600000000000597e-02 9.873450000000000282e-01 1.420049999999999923e-01
2.300000000000000000e+01 3.400000000000000000e+01 4.000000000000000000e+01 0.000000000000000000e+00 1.600000000000000089e+00 6.524399999999999644e-02 -7.122220000000000217e-01 6.989159999999999817e-01 7.617939999999999712e-01 -4.168450000000000211e-01 -4.958940000000000015e-01 6.445260000000000433e-01 5.647839999999999527e-01 5.153689999999999660e-01
2.500000000000000000e+01 3.800000000000000000e+01 4.000000000000000000e+01 0.000000000000000000e+00 1.600000000000000089e+00 -5.515280000000000182e-01 -7.587439999999999740e-01 -3.465909999999999824e-01 -8.218269999999999742e-01 4.230760000000000076e-01 3.815850000000000075e-01 -1.428909999999999902e-01 4.952920000000000100e-01 -8.568940000000000445e-01
1.200000000000000000e+01 4.800000000000000000e+01 4.100000000000000000e+01 0.000000000000000000e+00 1.600000000000000089e+00 1.232209999999999972e-01 5.218000000000000416e-03 9.923659999999999703e-01 8.260750000000000037e-01 5.535999999999999810e-01 -1.054829999999999934e-01 -5.499239999999999684e-01 8.327670000000000350e-01 6.390500000000000347e-02
1.400000000000000000e+01 4.800000000000000000e+01 4.200000000000000000e+01 0.000000000000000000e+00 1.600000000000000089e+00 1.240720000000000017e-01 -9.382200000000000262e-02 9.878280000000000394e-01 8.785389999999999588e-01 4.731719999999999815e-01 -6.540400000000000380e-02 -4.612760000000000193e-01 8.759599999999999609e-01 1.411330000000000084e-01
2.800000000000000000e+01 5.100000000000000000e+01 4.300000000000000000e+01 0.000000000000000000e+00 1.600000000000000089e+00 -1.727239999999999887e-01 4.240820000000000145e-01 -8.890000000000000124e-01 -6.789969999999999617e-01 6.025719999999999965e-01 4.193689999999999918e-01 7.135329999999999728e-01 6.760629999999999695e-01 1.838720000000000077e-01
2.700000000000000000e+01 5.200000000000000000e+01 4.300000000000000000e+01 0.000000000000000000e+00 1.600000000000000089e+00 -7.952599999999999947e-02 4.261420000000000208e-01 -9.011540000000000106e-01 -5.158199999999999452e-01 7.559829999999999606e-01 4.030139999999999834e-01 8.529980000000000340e-01 4.968830000000000191e-01 1.596920000000000006e-01
5.000000000000000000e+00 8.000000000000000000e+00 4.400000000000000000e+01 0.000000000000000000e+00 1.600000000000000089e+00 -3.442000000000000181e-03 1.250000000000000026e-04 9.999940000000000495e-01 -7.923099999999999588e-01 -6.101119999999999877e-01 -2.651000000000000145e-03 6.101090000000000124e-01 -7.923149999999999915e-01 2.199000000000000000e-03
1.300000000000000000e+01 8.000000000000000000e+00 4.400000000000000000e+01 0.000000000000000000e+00 1.600000000000000089e+00 -1.667000000000000079e-03 2.763999999999999964e-03 9.999949999999999672e-01 -8.027410000000000379e-01 -5.963279999999999692e-01 3.099999999999999999e-04 5.963260000000000227e-01 -8.027360000000000051e-01 3.213000000000000144e-03
2.500000000000000000e+01 8.000000000000000000e+00 4.400000000000000000e+01 0.000000000000000000e+00 1.600000000000000089e+00 -2.821000000000000157e-03 -5.832000000000000378e-03 9.999789999999999512e-01 -7.853620000000000045e-01 -6.190090000000000314e-01 -5.825999999999999582e-03 6.190299999999999692e-01 -7.853620000000000045e-01 -2.834000000000000147e-03
1.500000000000000000e+01 5.400000000000000000e+01 4.600000000000000000e+01 0.000000000000000000e+00 1.600000000000000089e+00 -1.277700000000000016e-02 -4.134999999999999787e-02 9.990630000000000344e-01 2.684480000000000199e-01 -9.626059999999999617e-01 -3.640800000000000286e-02 9.632089999999999819e-01 2.677309999999999968e-01 2.339899999999999966e-02
2.600000000000000000e+01 6.500000000000000000e+01 4.600000000000000000e+01 0.000000000000000000e+00 1.600000000000000089e+00 -2.967000000000000019e-03 2.556000000000000112e-03 9.999919999999999920e-01 6.786969999999999947e-01 -7.344079999999999497e-01 3.890999999999999927e-03 7.344129999999999825e-01 6.787029999999999452e-01 4.440000000000000045e-04
1.100000000000000000e+01 2.900000000000000000e+01 4.800000000000000000e+01 0.000000000000000000e+00 1.600000000000000089e+00 4.883000000000000188e-03 -1.071420000000000011e-01 9.942320000000000046e-01 3.583450000000000246e-01 9.284010000000000318e-01 9.828800000000000037e-02 -9.335759999999999614e-01 3.557980000000000032e-01 4.292699999999999988e-02
2.100000000000000000e+01 2.900000000000000000e+01 4.800000000000000000e+01 0.000000000000000000e+00 1.600000000000000089e+00 1.884999999999999957e-03 7.570999999999999605e-03 9.999700000000000255e-01 3.597279999999999922e-01 9.330249999999999932e-01 -7.741999999999999750e-03 -9.330559999999999965e-01 3.597310000000000230e-01 -9.650000000000000374e-04
2.600000000000000000e+01 2.900000000000000000e+01 4.800000000000000000e+01 0.000000000000000000e+00 1.600000000000000089e+00 9.884000000000000424e-03 3.227940000000000254e-01 9.464179999999999815e-01 3.965020000000000211e-01 8.676129999999999676e-01 -3.000570000000000181e-01 -9.179810000000000469e-01 3.782220000000000026e-01 -1.194130000000000053e-01
2.100000000000000000e+01 4.500000000000000000e+01 5.100000000000000000e+01 0.000000000000000000e+00 1.600000000000000089e+00 9.340060000000000029e-01 -1.937119999999999953e-01 -3.001809999999999756e-01 3.243639999999999857e-01 8.119739999999999736e-01 4.852690000000000059e-01 1.497370000000000090e-01 -5.506119999999999903e-01 8.212220000000000075e-01
2.300000000000000000e+01 1.150000000000000000e+02 5.100000000000000000e+01 0.000000000000000000e+00 1.600000000000000089e+00 -1.582999999999999989e-03 -2.577799999999999883e-02 9.996660000000000545e-01 8.386240000000000361e-01 -5.445630000000000193e-01 -1.271399999999999961e-02 5.447089999999999987e-01 8.383239999999999581e-01 2.248100000000000098e-02
2.800000000000000000e+01 1.150000000000000000e+02 5.100000000000000000e+01 0.000000000000000000e+00 1.600000000000000089e+00 -5.424000000000000002e-03 -1.573599999999999999e-02 9.998620000000000285e-01 8.426940000000000541e-01 -5.383790000000000520e-01 -3.902000000000000086e-03 5.383660000000000112e-01 8.425559999999999716e-01 1.617999999999999994e-02
3.000000000000000000e+00 7.000000000000000000e+00 5.200000000000000000e+01 0.000000000000000000e+00 1.600000000000000089e+00 8.000000000000000383e-04 1.177000000000000095e-03 -9.999989999999999712e-01 7.247199999999999476e-02 -9.973699999999999788e-01 -1.116000000000000021e-03 -9.973699999999999788e-01 -7.247099999999999376e-02 -8.840000000000000201e-04
1.100000000000000000e+01 5.800000000000000000e+01 5.200000000000000000e+01 0.000000000000000000e+00 1.600000000000000089e+00 -6.477000000000000118e-03 -3.177300000000000263e-02 9.994739999999999736e-01 -6.175460000000000393e-01 7.862540000000000084e-01 2.099300000000000124e-02 -7.865079999999999849e-01 -6.170860000000000234e-01 -2.471399999999999986e-02
7.000000000000000000e+00 5.700000000000000000e+01 5.300000000000000000e+01 0.000000000000000000e+00 1.600000000000000089e+00 -1.271599999999999987e-02 -1.576200000000000170e-02 9.997949999999999893e-01 -5.393639999999999546e-01 8.420480000000000187e-01 6.414999999999999696e-03 -8.419759999999999467e-01 -5.391719999999999846e-01 -1.920900000000000038e-02
8.000000000000000000e+00 6.300000000000000000e+01 5.400000000000000000e+01 0.000000000000000000e+00 1.600000000000000089e+00 -1.998000000000000210e-03 -5.258999999999999786e-03 9.999839999999999840e-01 -3.685470000000000135e-01 9.295999999999999819e-01 4.152999999999999574e-03 -9.296069999999999611e-01 -3.685329999999999995e-01 -3.795999999999999895e-03
1.300000000000000000e+01 6.300000000000000000e+01 5.400000000000000000e+01 0.000000000000000000e+00 1.600000000000000089e+00 -2.755000000000000070e-03 -1.070300000000000071e-02 9.999390000000000223e-01 -3.687650000000000095e-01 9.294799999999999729e-01 8.932999999999999968e-03 -9.295179999999999554e-01 -3.687179999999999902e-01 -6.507999999999999896e-03
1.800000000000000000e+01 6.300000000000000000e+01 5.400000000000000000e+01 0.000000000000000000e+00 1.600000000000000089e+00 1.005999999999999950e-03 -7.669999999999999951e-04 9.999989999999999712e-01 -3.815549999999999775e-01 9.243449999999999722e-01 1.092000000000000089e-03 -9.243460000000000010e-01 -3.815560000000000063e-01 6.369999999999999794e-04
2.300000000000000000e+01 6.300000000000000000e+01 5.400000000000000000e+01 0.000000000000000000e+00 1.600000000000000089e+00 -1.108999999999999960e-03 1.688000000000000047e-03 9.999980000000000535e-01 -3.804250000000000131e-01 9.248089999999999922e-01 -1.982999999999999954e-03 -9.248110000000000497e-01 -3.804270000000000151e-01 -3.840000000000000097e-04
2.500000000000000000e+01 6.300000000000000000e+01 5.400000000000000000e+01 0.000000000000000000e+00 1.600000000000000089e+00 7.129999999999999836e-04 1.464999999999999939e-03 9.999989999999999712e-01 -3.744720000000000271e-01 9.272380000000000067e-01 -1.090999999999999956e-03 -9.272380000000000067e-01 -3.744700000000000251e-01 1.209000000000000005e-03
2.900000000000000000e+01 6.300000000000000000e+01 5.400000000000000000e+01 0.000000000000000000e+00 1.600000000000000089e+00 9.590000000000000000e-04 5.039000000000000076e-03 9.999869999999999592e-01 -3.687509999999999954e-01 9.295179999999999554e-01 -4.330999999999999781e-03 -9.295280000000000209e-01 -3.687420000000000142e-01 2.749000000000000141e-03
2.600000000000000000e+01 2.500000000000000000e+01 5.500000000000000000e+01 0.000000000000000000e+00 1.600000000000000089e+00 2.959999999999999849e-04 1.279210000000000069e-01 9.917839999999999989e-01 3.928000000000000068e-03 9.917770000000000197e-01 -1.279210000000000069e-01 -9.999919999999999920e-01 3.933999999999999997e-03 -2.090000000000000115e-04
9.000000000000000000e+00 2.600000000000000000e+01 5.500000000000000000e+01 0.000000000000000000e+00 1.600000000000000089e+00 -3.289999999999999739e-04 -4.807999999999999774e-03 -9.999879999999999880e-01 -2.832099999999999895e-02 -9.995870000000000033e-01 4.815999999999999968e-03 -9.995990000000000153e-01 2.832199999999999995e-02 1.920000000000000049e-04
1.000000000000000000e+01 2.900000000000000000e+01 5.500000000000000000e+01 0.000000000000000000e+00 1.600000000000000089e+00 2.709000000000000036e-03 4.295299999999999813e-02 9.990729999999999889e-01 7.050900000000000223e-02 -9.965990000000000126e-01 4.265499999999999847e-02 9.975070000000000325e-01 7.032800000000000162e-02 -5.727999999999999585e-03
2.300000000000000000e+01 3.100000000000000000e+01 5.500000000000000000e+01 0.000000000000000000e+00 1.600000000000000089e+00 1.182430000000000009e-01 4.025759999999999894e-01 -9.077169999999999961e-01 3.358970000000000011e-01 8.440250000000000252e-01 4.180840000000000112e-01 9.344470000000000276e-01 -3.543350000000000111e-01 -3.542399999999999716e-02
2.800000000000000000e+01 4.800000000000000000e+01 5.500000000000000000e+01 0.000000000000000000e+00 1.600000000000000089e+00 -1.141400000000000053e-01 9.728740000000000165e-01 2.012150000000000050e-01 -8.479449999999999488e-01 1.013200000000000038e-02 -5.299869999999999859e-01 -5.176490000000000258e-01 -2.311120000000000119e-01 8.237879999999999647e-01
1.800000000000000000e+01 5.600000000000000000e+01 5.500000000000000000e+01 0.000000000000000000e+00 1.600000000000000089e+00 -1.532429999999999903e-01 2.494220000000000048e-01 -9.561929999999999596e-01 -8.803339999999999499e-01 -4.740340000000000109e-01 1.743400000000000158e-02 -4.489190000000000125e-01 8.444409999999999972e-01 2.922170000000000045e-01
9.000000000000000000e+00 2.000000000000000000e+01 6.000000000000000000e+01 0.000000000000000000e+00 1.600000000000000089e+00 1.595000000000000064e-03 1.694999999999999892e-03 9.999970000000000248e-01 -6.308400000000000118e-02 9.980069999999999775e-01 -1.590999999999999966e-03 -9.980069999999999775e-01 -6.308099999999999818e-02 1.698000000000000074e-03
6.000000000000000000e+00 2.100000000000000000e+01 6.000000000000000000e+01 0.000000000000000000e+00 1.600000000000000089e+00 -1.430000000000000064e-04 2.635000000000000189e-03 9.999970000000000248e-01 -9.507899999999999685e-02 9.954659999999999620e-01 -2.637000000000000021e-03 -9.954699999999999660e-01 -9.507899999999999685e-02 1.090000000000000067e-04
1.500000000000000000e+01 2.100000000000000000e+01 6.000000000000000000e+01 0.000000000000000000e+00 1.600000000000000089e+00 1.420000000000000092e-04 3.029000000000000008e-03 9.999949999999999672e-01 -9.610200000000000686e-02 9.953670000000000018e-01 -3.001999999999999894e-03 -9.953720000000000345e-01 -9.610100000000000586e-02 4.330000000000000081e-04
1.900000000000000000e+01 2.100000000000000000e+01 6.000000000000000000e+01 0.000000000000000000e+00 1.600000000000000089e+00 9.039999999999999642e-04 -7.851000000000000340e-03 9.999689999999999968e-01 -9.749800000000000133e-02 9.952039999999999775e-01 7.901999999999999302e-03 -9.952349999999999808e-01 -9.750200000000000533e-02 1.340000000000000045e-04
2.500000000000000000e+01 2.100000000000000000e+01 6.000000000000000000e+01 0.000000000000000000e+00 1.600000000000000089e+00 -1.577000000000000060e-03 9.577999999999999708e-03 9.999529999999999808e-01 -9.915100000000000302e-02 9.950250000000000483e-01 -9.686999999999999431e-03 -9.950710000000000388e-01 -9.916099999999999914e-02 -6.189999999999999756e-04
3.000000000000000000e+01 2.100000000000000000e+01 6.000000000000000000e+01 0.000000000000000000e+00 1.600000000000000089e+00 1.361000000000000014e-03 4.309000000000000330e-03 9.999900000000000455e-01 -9.848999999999999422e-02 9.951290000000000413e-01 -4.153999999999999707e-03 -9.951370000000000493e-01 -9.848400000000000210e-02 1.778000000000000067e-03
1.900000000000000000e+01 6.000000000000000000e+00 6.100000000000000000e+01 0.000000000000000000e+00 1.600000000000000089e+00 -1.590000000000000050e-03 -5.226999999999999875e-03 9.999850000000000128e-01 5.690819999999999768e-01 -8.222739999999999494e-01 -3.393000000000000183e-03 8.222800000000000109e-01 5.690680000000000183e-01 4.282000000000000216e-03
2.900000000000000000e+01 4.100000000000000000e+01 6.200000000000000000e+01 0.000000000000000000e+00 1.600000000000000089e+00 -7.286120000000000374e-01 -3.847119999999999984e-01 5.666759999999999575e-01 -6.584100000000000508e-01 6.213880000000000514e-01 -4.247040000000000259e-01 -1.887369999999999881e-01 -6.825489999999999613e-01 -7.060490000000000377e-01
9.000000000000000000e+00 2.700000000000000000e+01 6.300000000000000000e+01 0.000000000000000000e+00 1.600000000000000089e+00 1.479999999999999925e-04 3.150000000000000131e-04 1.000000000000000000e+00 -2.707149999999999834e-01 9.626590000000000424e-01 -2.629999999999999959e-04 -9.626590000000000424e-01 -2.707149999999999834e-01 2.280000000000000126e-04
1.700000000000000000e+01 2.700000000000000000e+01 6.300000000000000000e+01 0.000000000000000000e+00 1.600000000000000089e+00 2.942999999999999870e-03 -5.572999999999999829e-03 9.999799999999999800e-01 -2.656620000000000092e-01 9.640469999999999873e-01 6.153999999999999748e-03 -9.640619999999999745e-01 -2.656740000000000212e-01 1.356999999999999916e-03
