2.100000000000000000e+01 2.500000000000000000e+01 1.000000000000000000e+00 0.000000000000000000e+00 1.600000000000000089e+00 1.570999999999999914e-03 1.951000000000000043e-03 -9.999970000000000248e-01 -5.212379999999999791e-01 -8.534080000000000554e-01 -2.484000000000000097e-03 -8.534100000000000019e-01 5.212400000000000366e-01 -3.240000000000000150e-04
2.800000000000000000e+01 2.500000000000000000e+01 1.000000000000000000e+00 0.000000000000000000e+00 1.600000000000000089e+00 1.700000000000000122e-04 -8.679999999999999565e-04 -1.000000000000000000e+00 -5.238239999999999563e-01 -8.518270000000000008e-01 6.499999999999999702e-04 -8.518270000000000008e-01 5.238230000000000386e-01 -5.990000000000000316e-04
1.400000000000000000e+01 1.900000000000000000e+01 5.000000000000000000e+00 0.000000000000000000e+00 1.600000000000000089e+00 -1.781999999999999947e-03 -1.492999999999999969e-03 -9.999970000000000248e-01 -6.935320000000000373e-01 -7.204220000000000068e-01 2.311999999999999819e-03 -7.204230000000000356e-01 6.935339999999999838e-01 2.480000000000000108e-04
1.000000000000000000e+00 1.010000000000000000e+02 7.000000000000000000e+00 0.000000000000000000e+00 1.600000000000000089e+00 2.105999999999999799e-03 -1.544200000000000086e-02 9.998789999999999623e-01 8.823149999999999604e-01 4.706279999999999908e-01 5.409999999999999878e-03 -4.706540000000000168e-01 8.821970000000000089e-01 1.461600000000000052e-02
6.000000000000000000e+00 1.010000000000000000e+02 7.000000000000000000e+00 0.000000000000000000e+00 1.600000000000000089e+00 2.900999999999999933e-03 -2.602399999999999852e-02 9.996570000000000178e-01 8.835979999999999945e-01 4.681480000000000086e-01 9.622999999999999610e-03 -4.682379999999999876e-01 8.832670000000000243e-01 2.435199999999999865e-02
1.300000000000000000e+01 1.010000000000000000e+02 7.000000000000000000e+00 0.000000000000000000e+00 1.600000000000000089e+00 9.699999999999999963e-05 1.463000000000000108e-03 9.999989999999999712e-01 8.867129999999999734e-01 4.623200000000000087e-01 -7.619999999999999820e-04 -4.623200000000000087e-01 8.867119999999999447e-01 -1.252000000000000075e-03
1.600000000000000000e+01 1.010000000000000000e+02 7.000000000000000000e+00 0.000000000000000000e+00 1.600000000000000089e+00 -3.039000000000000035e-03 7.505999999999999651e-03 9.999670000000000503e-01 8.868239999999999457e-01 4.621060000000000167e-01 -7.730000000000000326e-04 -4.620969999999999800e-01 8.867930000000000534e-01 -8.061000000000000457e-03
2.200000000000000000e+01 1.010000000000000000e+02 7.000000000000000000e+00 0.000000000000000000e+00 1.600000000000000089e+00 -2.609000000000000208e-03 4.139000000000000318e-03 9.999879999999999880e-01 8.852170000000000316e-01 4.651779999999999804e-01 3.840000000000000097e-04 -4.651710000000000012e-01 8.852069999999999661e-01 -4.878000000000000391e-03
2.500000000000000000e+01 1.010000000000000000e+02 7.000000000000000000e+00 0.000000000000000000e+00 1.600000000000000089e+00 -4.400000000000000157e-04 2.262999999999999821e-03 9.999970000000000248e-01 8.837679999999999980e-01 4.679240000000000066e-01 -6.700000000000000226e-04 -4.679240000000000066e-01 8.837660000000000515e-01 -2.206000000000000062e-03
8.000000000000000000e+00 2.500000000000000000e+01 8.000000000000000000e+00 0.000000000000000000e+00 1.600000000000000089e+00 1.412000000000000061e-03 7.399999999999999623e-05 -9.999989999999999712e-01 4.449940000000000007e-01 8.955330000000000235e-01 6.939999999999999555e-04 8.955319999999999947e-01 -4.449940000000000007e-01 1.232000000000000022e-03
1.300000000000000000e+01 2.500000000000000000e+01 8.000000000000000000e+00 0.000000000000000000e+00 1.600000000000000089e+00 2.282000000000000174e-03 7.060000000000000303e-03 -9.999719999999999720e-01 4.422840000000000105e-01 8.968450000000000033e-01 7.341000000000000303e-03 8.968720000000000026e-01 -4.422889999999999877e-01 -1.075999999999999917e-03
1.600000000000000000e+01 2.500000000000000000e+01 8.000000000000000000e+00 0.000000000000000000e+00 1.600000000000000089e+00 3.629999999999999872e-04 5.641000000000000181e-03 -9.999839999999999840e-01 4.414959999999999996e-01 8.972480000000000455e-01 5.222000000000000079e-03 8.972630000000000328e-01 -4.414910000000000223e-01 -2.164000000000000125e-03
2.000000000000000000e+01 2.500000000000000000e+01 8.000000000000000000e+00 0.000000000000000000e+00 1.600000000000000089e+00 -1.361999999999999929e-03 -7.488999999999999997e-03 -9.999710000000000543e-01 4.430919999999999859e-01 8.964469999999999938e-01 -7.316999999999999720e-03 8.964750000000000218e-01 -4.430890000000000106e-01 2.098000000000000038e-03
2.600000000000000000e+01 2.500000000000000000e+01 8.000000000000000000e+00 0.000000000000000000e+00 1.600000000000000089e+00 8.469999999999999881e-04 2.374999999999999941e-03 -9.999970000000000248e-01 4.437409999999999966e-01 8.961519999999999486e-01 2.504000000000000149e-03 8.961550000000000349e-01 -4.437420000000000253e-01 -2.950000000000000148e-04
3.000000000000000000e+01 2.500000000000000000e+01 8.000000000000000000e+00 0.000000000000000000e+00 1.600000000000000089e+00 -1.859999999999999945e-04 3.569999999999999823e-03 -9.999940000000000495e-01 4.432989999999999986e-01 8.963689999999999714e-01 3.116999999999999979e-03 8.963740000000000041e-01 -4.432949999999999946e-01 -1.748999999999999904e-03
5.000000000000000000e+00 2.400000000000000000e+01 9.000000000000000000e+00 0.000000000000000000e+00 1.600000000000000089e+00 1.845000000000000069e-03 3.000000000000000076e-06 -9.999980000000000535e-01 4.541700000000000181e-01 8.909150000000000125e-01 8.409999999999999507e-04 8.909129999999999550e-01 -4.541700000000000181e-01 1.642999999999999929e-03
8.000000000000000000e+00 2.400000000000000000e+01 9.000000000000000000e+00 0.000000000000000000e+00 1.600000000000000089e+00 1.928000000000000026e-03 3.379999999999999758e-04 -9.999980000000000535e-01 4.526999999999999913e-01 8.916619999999999546e-01 1.175000000000000046e-03 8.916610000000000369e-01 -4.527019999999999933e-01 1.565999999999999901e-03
1.200000000000000000e+01 2.400000000000000000e+01 9.000000000000000000e+00 0.000000000000000000e+00 1.600000000000000089e+00 2.203999999999999796e-03 4.629000000000000302e-03 -9.999869999999999592e-01 4.507249999999999868e-01 8.926479999999999970e-01 5.125000000000000215e-03 8.926600000000000090e-01 -4.507309999999999928e-01 -1.190000000000000058e-04
1.600000000000000000e+01 2.400000000000000000e+01 9.000000000000000000e+00 0.000000000000000000e+00 1.600000000000000089e+00 3.579999999999999741e-04 6.224000000000000365e-03 -9.999810000000000088e-01 4.490179999999999727e-01 8.935049999999999937e-01 5.721999999999999656e-03 8.935229999999999562e-01 -4.490109999999999935e-01 -2.475000000000000203e-03
2.000000000000000000e+01 2.400000000000000000e+01 9.000000000000000000e+00 0.000000000000000000e+00 1.600000000000000089e+00 -1.603000000000000041e-03 -6.731000000000000004e-03 -9.999759999999999760e-01 4.504059999999999730e-01 8.927990000000000093e-01 -6.732000000000000137e-03 8.928230000000000333e-01 -4.504059999999999730e-01 1.600999999999999993e-03
2.600000000000000000e+01 2.400000000000000000e+01 9.000000000000000000e+00 0.000000000000000000e+00 1.600000000000000089e+00 8.390000000000000105e-04 1.575000000000000011e-03 -9.999980000000000535e-01 4.511100000000000110e-01 8.924670000000000103e-01 1.783999999999999996e-03 8.924680000000000391e-01 -4.511109999999999842e-01 3.800000000000000209e-05
3.000000000000000000e+01 2.400000000000000000e+01 9.000000000000000000e+00 0.000000000000000000e+00 1.600000000000000089e+00 2.239999999999999966e-04 3.004999999999999859e-03 -9.999949999999999672e-01 4.496249999999999969e-01 8.932130000000000347e-01 2.785000000000000149e-03 8.932170000000000387e-01 -4.496240000000000236e-01 -1.150999999999999896e-03
2.500000000000000000e+01 3.100000000000000000e+01 1.200000000000000000e+01 0.000000000000000000e+00 1.600000000000000089e+00 1.364999999999999894e-03 -2.739999999999999923e-04 9.999989999999999712e-01 -1.219499999999999924e-02 9.999259999999999815e-01 2.910000000000000260e-04 -9.999249999999999527e-01 -1.219499999999999924e-02 1.361999999999999929e-03
6.000000000000000000e+00 3.500000000000000000e+01 1.200000000000000000e+01 0.000000000000000000e+00 1.600000000000000089e+00 9.840000000000000656e-04 -6.041000000000000363e-03 -9.999810000000000088e-01 4.793459999999999943e-01 -8.776070000000000260e-01 5.773999999999999619e-03 -8.776260000000000172e-01 -4.793419999999999903e-01 2.031999999999999952e-03
1.000000000000000000e+01 3.500000000000000000e+01 1.200000000000000000e+01 0.000000000000000000e+00 1.600000000000000089e+00 -9.500000000000000523e-05 -4.166999999999999697e-03 -9.999909999999999632e-01 4.761549999999999949e-01 -8.793539999999999690e-01 3.618999999999999821e-03 -8.793619999999999770e-01 -4.761500000000000177e-01 2.067999999999999960e-03
1.500000000000000000e+01 3.500000000000000000e+01 1.200000000000000000e+01 0.000000000000000000e+00 1.600000000000000089e+00 -1.369999999999999961e-04 2.412000000000000081e-03 -9.999970000000000248e-01 4.737629999999999897e-01 -8.806500000000000439e-01 -2.188999999999999974e-03 -8.806530000000000191e-01 -4.737609999999999877e-01 -1.023000000000000038e-03
2.100000000000000000e+01 3.500000000000000000e+01 1.200000000000000000e+01 0.000000000000000000e+00 1.600000000000000089e+00 -3.660000000000000059e-03 1.106299999999999992e-02 -9.999320000000000430e-01 5.077019999999999866e-01 -8.614570000000000283e-01 -1.139000000000000082e-02 -8.615249999999999853e-01 -5.077089999999999659e-01 -2.464000000000000044e-03
2.800000000000000000e+01 3.500000000000000000e+01 1.200000000000000000e+01 0.000000000000000000e+00 1.600000000000000089e+00 -4.575000000000000074e-03 1.618999999999999953e-02 -9.998580000000000245e-01 5.494499999999999940e-01 -8.353730000000000322e-01 -1.604099999999999970e-02 -8.355139999999999789e-01 -5.494449999999999612e-01 -5.074000000000000385e-03
1.000000000000000000e+01 3.200000000000000000e+01 1.400000000000000000e+01 0.000000000000000000e+00 1.600000000000000089e+00 1.716999999999999993e-03 -9.290000000000000297e-04 -9.999980000000000535e-01 1.019270000000000037e-01 9.947920000000000096e-01 -7.500000000000000156e-04 9.947899999999999521e-01 -1.019250000000000017e-01 1.801999999999999999e-03
1.700000000000000000e+01 1.200000000000000000e+01 1.600000000000000000e+01 0.000000000000000000e+00 1.600000000000000089e+00 -2.432999999999999833e-03 2.126300000000000065e-02 9.997709999999999653e-01 2.069000000000000006e-01 -9.781300000000000550e-01 2.130599999999999855e-02 9.783589999999999787e-01 2.069040000000000046e-01 -2.020000000000000094e-03
2.200000000000000000e+01 1.200000000000000000e+01 1.600000000000000000e+01 0.000000000000000000e+00 1.600000000000000089e+00 3.719999999999999891e-04 -2.145100000000000132e-02 9.997700000000000475e-01 2.058039999999999869e-01 -9.783659999999999579e-01 -2.106900000000000092e-02 9.785930000000000462e-01 2.057640000000000025e-01 4.050999999999999913e-03
1.400000000000000000e+01 1.160000000000000000e+02 1.600000000000000000e+01 0.000000000000000000e+00 1.600000000000000089e+00 3.171000000000000207e-03 9.430000000000000448e-04 9.999949999999999672e-01 7.586380000000000345e-01 6.515050000000000008e-01 -3.020000000000000115e-03 -6.515050000000000008e-01 7.586429999999999563e-01 1.350000000000000071e-03
2.500000000000000000e+01 1.160000000000000000e+02 1.600000000000000000e+01 0.000000000000000000e+00 1.600000000000000089e+00 2.138999999999999842e-03 -9.000000000000000228e-06 9.999980000000000535e-01 7.678279999999999550e-01 6.406539999999999457e-01 -1.636000000000000084e-03 -6.406530000000000280e-01 7.678289999999999837e-01 1.376999999999999969e-03
8.000000000000000000e+00 2.000000000000000000e+00 1.900000000000000000e+01 0.000000000000000000e+00 1.600000000000000089e+00 -4.538000000000000367e-03 1.431100000000000080e-02 -9.998869999999999703e-01 3.329619999999999802e-01 -9.428210000000000202e-01 -1.500499999999999924e-02 -9.429290000000000171e-01 -3.329929999999999835e-01 -4.859999999999999954e-04
1.400000000000000000e+01 2.000000000000000000e+00 1.900000000000000000e+01 0.000000000000000000e+00 1.600000000000000089e+00 -5.858999999999999625e-03 1.545299999999999972e-02 -9.998629999999999463e-01 3.307499999999999885e-01 -9.435740000000000238e-01 -1.652100000000000096e-02 -9.436999999999999833e-01 -3.308019999999999849e-01 4.169999999999999987e-04
2.800000000000000000e+01 2.000000000000000000e+00 1.900000000000000000e+01 0.000000000000000000e+00 1.600000000000000089e+00 6.858999999999999646e-03 -4.463700000000000306e-02 -9.989799999999999791e-01 3.376060000000000172e-01 -9.402430000000000510e-01 4.433100000000000235e-02 -9.412620000000000431e-01 -3.375659999999999772e-01 8.619999999999999191e-03
2.000000000000000000e+01 3.000000000000000000e+00 1.900000000000000000e+01 0.000000000000000000e+00 1.600000000000000089e+00 -2.100000000000000087e-04 1.778000000000000067e-02 -9.998420000000000085e-01 3.142039999999999833e-01 -9.492040000000000477e-01 -1.694500000000000173e-02 -9.493559999999999777e-01 -3.141579999999999928e-01 -5.387000000000000295e-03
2.000000000000000000e+01 4.000000000000000000e+00 2.000000000000000000e+01 0.000000000000000000e+00 1.600000000000000089e+00 3.820000000000000153e-04 1.931099999999999831e-02 -9.998129999999999518e-01 3.798059999999999770e-01 -9.248960000000000514e-01 -1.771899999999999864e-02 -9.250660000000000549e-01 -3.797280000000000100e-01 -7.687000000000000256e-03
2.400000000000000000e+01 4.000000000000000000e+00 2.000000000000000000e+01 0.000000000000000000e+00 1.600000000000000089e+00 4.355000000000000364e-03 -1.098400000000000071e-02 -9.999299999999999855e-01 3.803989999999999871e-01 -9.247469999999999857e-01 1.181500000000000085e-02 -9.248119999999999674e-01 -3.804239999999999844e-01 1.510000000000000112e-04
9.000000000000000000e+00 1.300000000000000000e+01 2.000000000000000000e+01 0.000000000000000000e+00 1.600000000000000089e+00 6.229999999999999644e-04 -6.809999999999999647e-04 1.000000000000000000e+00 2.686749999999999972e-01 9.632309999999999484e-01 4.889999999999999599e-04 -9.632309999999999484e-01 2.686749999999999972e-01 7.829999999999999504e-04
1.100000000000000000e+01 1.300000000000000000e+01 2.000000000000000000e+01 0.000000000000000000e+00 1.600000000000000089e+00 5.119999999999999768e-04 -5.673000000000000091e-03 9.999839999999999840e-01 2.691450000000000231e-01 9.630849999999999689e-01 5.326000000000000005e-03 -9.630999999999999561e-01 2.691379999999999884e-01 2.020000000000000094e-03
1.600000000000000000e+01 1.300000000000000000e+01 2.000000000000000000e+01 0.000000000000000000e+00 1.600000000000000089e+00 5.050000000000000235e-04 -5.699999999999999772e-04 1.000000000000000000e+00 2.715009999999999923e-01 9.624380000000000157e-01 4.110000000000000155e-04 -9.624380000000000157e-01 2.715000000000000191e-01 6.409999999999999682e-04
1.900000000000000000e+01 1.300000000000000000e+01 2.000000000000000000e+01 0.000000000000000000e+00 1.600000000000000089e+00 8.210000000000000067e-04 2.184999999999999876e-03 9.999970000000000248e-01 2.733010000000000161e-01 9.619259999999999478e-01 -2.327000000000000075e-03 -9.619280000000000053e-01 2.733019999999999894e-01 1.920000000000000049e-04
2.400000000000000000e+01 1.300000000000000000e+01 2.000000000000000000e+01 0.000000000000000000e+00 1.600000000000000089e+00 6.780000000000000002e-04 1.230000000000000082e-04 1.000000000000000000e+00 2.693420000000000258e-01 9.630450000000000399e-01 -3.009999999999999980e-04 -9.630440000000000111e-01 2.693420000000000258e-01 6.199999999999999999e-04
3.000000000000000000e+01 1.300000000000000000e+01 2.000000000000000000e+01 0.000000000000000000e+00 1.600000000000000089e+00 -1.569999999999999944e-04 5.986000000000000001e-03 9.999820000000000375e-01 2.612869999999999915e-01 9.652439999999999909e-01 -5.736999999999999912e-03 -9.652610000000000356e-01 2.612809999999999855e-01 -1.714999999999999945e-03
1.000000000000000000e+01 3.000000000000000000e+00 2.500000000000000000e+01 0.000000000000000000e+00 1.600000000000000089e+00 -3.369000000000000033e-03 1.348099999999999993e-02 9.999029999999999863e-01 5.589000000000000218e-03 -9.998930000000000318e-01 1.349900000000000058e-02 9.999789999999999512e-01 5.634000000000000119e-03 3.292999999999999920e-03
2.000000000000000000e+01 3.000000000000000000e+00 2.500000000000000000e+01 0.000000000000000000e+00 1.600000000000000089e+00 -2.478000000000000168e-03 2.041899999999999965e-02 9.997880000000000100e-01 -3.590700000000000142e-02 -9.991489999999999538e-01 2.031700000000000172e-02 9.993520000000000181e-01 -3.584899999999999892e-02 3.209000000000000047e-03
2.500000000000000000e+01 3.000000000000000000e+00 2.500000000000000000e+01 0.000000000000000000e+00 1.600000000000000089e+00 1.227000000000000009e-03 -1.685700000000000046e-02 9.998569999999999958e-01 -1.792600000000000096e-02 -9.996979999999999755e-01 -1.683300000000000074e-02 9.998390000000000333e-01 -1.790299999999999878e-02 -1.528999999999999977e-03
1.700000000000000000e+01 4.600000000000000000e+01 3.000000000000000000e+01 0.000000000000000000e+00 1.600000000000000089e+00 -4.889999999999999599e-04 -1.659000000000000101e-03 -9.999989999999999712e-01 3.258199999999999985e-01 9.454299999999999926e-01 -1.727999999999999935e-03 9.454320000000000501e-01 -3.258199999999999985e-01 7.799999999999999859e-05
4.000000000000000000e+00 5.800000000000000000e+01 3.100000000000000000e+01 0.000000000000000000e+00 1.600000000000000089e+00 -1.023999999999999954e-03 3.141999999999999828e-03 9.999949999999999672e-01 -7.653959999999999653e-01 -6.435589999999999922e-01 1.237999999999999951e-03 6.435589999999999922e-01 -7.653900000000000148e-01 3.063999999999999883e-03
8.000000000000000000e+00 5.800000000000000000e+01 3.100000000000000000e+01 0.000000000000000000e+00 1.600000000000000089e+00 5.700000000000000314e-05 -3.559000000000000098e-03 9.999940000000000495e-01 -7.668319999999999581e-01 -6.418430000000000524e-01 -2.240999999999999936e-03 6.418469999999999454e-01 -7.668279999999999541e-01 -2.765999999999999796e-03
1.900000000000000000e+01 5.800000000000000000e+01 3.100000000000000000e+01 0.000000000000000000e+00 1.600000000000000089e+00 -6.727000000000000340e-03 -3.278999999999999797e-03 9.999719999999999720e-01 -7.621369999999999534e-01 -6.473750000000000338e-01 -7.250000000000000368e-03 6.473809999999999842e-01 -7.621639999999999526e-01 1.856000000000000011e-03
2.300000000000000000e+01 5.800000000000000000e+01 3.100000000000000000e+01 0.000000000000000000e+00 1.600000000000000089e+00 -4.520999999999999845e-03 -5.507999999999999875e-03 9.999749999999999472e-01 -7.636469999999999647e-01 -6.455959999999999477e-01 -7.008000000000000340e-03 6.456190000000000540e-01 -7.636589999999999767e-01 -1.288000000000000082e-03
3.000000000000000000e+01 2.300000000000000000e+01 3.400000000000000000e+01 0.000000000000000000e+00 1.600000000000000089e+00 -3.621000000000000087e-03 2.592000000000000120e-03 9.999900000000000455e-01 4.107589999999999852e-01 -9.117359999999999909e-01 3.850999999999999823e-03 9.117370000000000196e-01 4.107689999999999952e-01 2.236999999999999839e-03
6.000000000000000000e+00 4.600000000000000000e+01 3.500000000000000000e+01 0.000000000000000000e+00 1.600000000000000089e+00 -4.690000000000000158e-04 -8.310000000000000329e-04 -1.000000000000000000e+00 3.910589999999999899e-01 -9.203649999999999887e-01 5.820000000000000520e-04 -9.203649999999999887e-01 -3.910589999999999899e-01 7.560000000000000530e-04
1.000000000000000000e+01 4.600000000000000000e+01 3.500000000000000000e+01 0.000000000000000000e+00 1.600000000000000089e+00 7.240000000000000342e-04 -2.919999999999999961e-04 -1.000000000000000000e+00 3.917430000000000079e-01 -9.200739999999999474e-01 5.519999999999999733e-04 -9.200739999999999474e-01 -3.917439999999999811e-01 -5.509999999999999490e-04
1.800000000000000000e+01 4.600000000000000000e+01 3.500000000000000000e+01 0.000000000000000000e+00 1.600000000000000089e+00 -4.629999999999999784e-04 4.180000000000000230e-04 -1.000000000000000000e+00 3.918749999999999734e-01 -9.200180000000000025e-01 -5.659999999999999884e-04 -9.200180000000000025e-01 -3.918760000000000021e-01 2.629999999999999959e-04
2.200000000000000000e+01 4.600000000000000000e+01 3.500000000000000000e+01 0.000000000000000000e+00 1.600000000000000089e+00 5.529999999999999976e-04 2.995999999999999965e-03 -9.999949999999999672e-01 3.907720000000000082e-01 -9.204839999999999689e-01 -2.541999999999999989e-03 -9.204870000000000552e-01 -3.907689999999999775e-01 -1.680000000000000070e-03
2.900000000000000000e+01 4.600000000000000000e+01 3.500000000000000000e+01 0.000000000000000000e+00 1.600000000000000089e+00 -1.099999999999999971e-05 1.541000000000000052e-03 -9.999989999999999712e-01 3.892519999999999869e-01 -9.211300000000000043e-01 -1.423000000000000003e-03 -9.211310000000000331e-01 -3.892510000000000137e-01 -5.900000000000000296e-04
5.000000000000000000e+00 2.900000000000000000e+01 4.400000000000000000e+01 0.000000000000000000e+00 1.600000000000000089e+00 -4.629999999999999784e-04 3.595999999999999804e-03 -9.999930000000000208e-01 6.629340000000000233e-01 7.486739999999999506e-01 2.384999999999999967e-03 7.486779999999999546e-01 -6.629279999999999617e-01 -2.729999999999999788e-03
1.100000000000000000e+01 2.900000000000000000e+01 4.400000000000000000e+01 0.000000000000000000e+00 1.600000000000000089e+00 5.280000000000000405e-04 8.000000000000000383e-04 -1.000000000000000000e+00 6.548110000000000319e-01 7.557920000000000194e-01 9.499999999999999981e-04 7.557930000000000481e-01 -6.548110000000000319e-01 -1.250000000000000026e-04
1.700000000000000000e+01 2.900000000000000000e+01 4.400000000000000000e+01 0.000000000000000000e+00 1.600000000000000089e+00 2.809999999999999998e-04 -1.732000000000000033e-03 -9.999980000000000535e-01 6.502759999999999652e-01 7.596969999999999557e-01 -1.132999999999999893e-03 7.596979999999999844e-01 -6.502750000000000474e-01 1.340000000000000045e-03
2.100000000000000000e+01 2.900000000000000000e+01 4.400000000000000000e+01 0.000000000000000000e+00 1.600000000000000089e+00 -1.771999999999999921e-03 -4.367000000000000222e-03 -9.999890000000000168e-01 6.539850000000000385e-01 7.564939999999999998e-01 -4.461999999999999821e-03 7.565049999999999830e-01 -6.539859999999999562e-01 1.515999999999999986e-03
2.600000000000000000e+01 2.900000000000000000e+01 4.400000000000000000e+01 0.000000000000000000e+00 1.600000000000000089e+00 -6.449999999999999570e-04 -3.863000000000000114e-03 -9.999919999999999920e-01 6.566560000000000175e-01 7.541830000000000478e-01 -3.337000000000000122e-03 7.541900000000000270e-01 -6.566530000000000422e-01 2.050000000000000173e-03
1.600000000000000000e+01 6.500000000000000000e+01 4.600000000000000000e+01 0.000000000000000000e+00 1.600000000000000089e+00 -3.553999999999999868e-03 2.364000000000000216e-03 9.999909999999999632e-01 6.828109999999999458e-01 -7.305829999999999824e-01 4.154999999999999839e-03 7.305859999999999577e-01 6.828199999999999825e-01 9.820000000000000170e-04
2.000000000000000000e+00 7.000000000000000000e+01 4.700000000000000000e+01 0.000000000000000000e+00 1.600000000000000089e+00 5.009999999999999697e-03 -1.482999999999999943e-03 -9.999860000000000415e-01 -8.442060000000000120e-01 -5.360070000000000112e-01 -3.435000000000000119e-03 -5.359949999999999992e-01 8.442119999999999624e-01 -3.937000000000000395e-03
1.500000000000000000e+01 7.000000000000000000e+01 4.700000000000000000e+01 0.000000000000000000e+00 1.600000000000000089e+00 3.998999999999999951e-03 1.724999999999999971e-03 -9.999900000000000455e-01 -8.481250000000000178e-01 -5.297779999999999712e-01 -4.304999999999999799e-03 -5.297809999999999464e-01 8.481349999999999723e-01 -6.560000000000000076e-04
4.000000000000000000e+00 5.000000000000000000e+00 5.100000000000000000e+01 0.000000000000000000e+00 1.600000000000000089e+00 2.350000000000000092e-03 6.279999999999999992e-03 -9.999780000000000335e-01 4.794180000000000108e-01 -8.775760000000000227e-01 -4.385000000000000009e-03 -8.775830000000000020e-01 -4.793970000000000176e-01 -5.073000000000000252e-03
1.900000000000000000e+01 5.000000000000000000e+00 5.100000000000000000e+01 0.000000000000000000e+00 1.600000000000000089e+00 -5.760000000000000146e-04 6.278999999999999859e-03 -9.999799999999999800e-01 4.889200000000000212e-01 -8.723090000000000011e-01 -5.759000000000000230e-03 -8.723279999999999923e-01 -4.889140000000000152e-01 -2.566999999999999837e-03
2.700000000000000000e+01 5.000000000000000000e+00 5.100000000000000000e+01 0.000000000000000000e+00 1.600000000000000089e+00 1.415000000000000025e-03 3.609999999999999928e-04 -9.999989999999999712e-01 4.859640000000000071e-01 -8.739789999999999504e-01 3.719999999999999891e-04 -8.739780000000000326e-01 -4.859640000000000071e-01 -1.412999999999999977e-03
2.300000000000000000e+01 7.000000000000000000e+00 5.200000000000000000e+01 0.000000000000000000e+00 1.600000000000000089e+00 1.178999999999999927e-03 -2.843000000000000041e-03 -9.999949999999999672e-01 1.247849999999999931e-01 -9.921790000000000331e-01 2.968000000000000152e-03 -9.921830000000000371e-01 -1.247879999999999961e-01 -8.149999999999999693e-04
1.000000000000000000e+00 6.300000000000000000e+01 5.400000000000000000e+01 0.000000000000000000e+00 1.600000000000000089e+00 -1.791000000000000057e-03 2.824999999999999820e-03 9.999940000000000495e-01 -3.406429999999999736e-01 9.401869999999999949e-01 -3.265999999999999806e-03 -9.401909999999999989e-01 -3.406469999999999776e-01 -7.219999999999999855e-04
7.000000000000000000e+00 6.300000000000000000e+01 5.400000000000000000e+01 0.000000000000000000e+00 1.600000000000000089e+00 1.179999999999999951e-04 7.169999999999999724e-04 1.000000000000000000e+00 -3.447069999999999856e-01 9.387100000000000444e-01 -6.319999999999999663e-04 -9.387100000000000444e-01 -3.447069999999999856e-01 3.579999999999999741e-04
1.200000000000000000e+01 6.300000000000000000e+01 5.400000000000000000e+01 0.000000000000000000e+00 1.600000000000000089e+00 7.619999999999999820e-04 -2.106999999999999932e-03 9.999970000000000248e-01 -3.458140000000000103e-01 9.383000000000000229e-01 2.239999999999999804e-03 -9.383029999999999982e-01 -3.458149999999999835e-01 -1.399999999999999979e-05
2.800000000000000000e+01 6.300000000000000000e+01 5.400000000000000000e+01 0.000000000000000000e+00 1.600000000000000089e+00 -3.840000000000000097e-04 -2.576999999999999864e-03 9.999970000000000248e-01 -3.505730000000000235e-01 9.365329999999999488e-01 2.278000000000000077e-03 -9.365350000000000064e-01 -3.505710000000000215e-01 -1.263000000000000017e-03
1.900000000000000000e+01 2.000000000000000000e+01 6.000000000000000000e+01 0.000000000000000000e+00 1.600000000000000089e+00 -1.090000000000000067e-04 3.701999999999999996e-03 9.999930000000000208e-01 -6.230299999999999727e-02 9.980499999999999927e-01 -3.701999999999999996e-03 -9.980569999999999720e-01 -6.230299999999999727e-02 1.219999999999999974e-04
3.000000000000000000e+01 2.000000000000000000e+01 6.000000000000000000e+01 0.000000000000000000e+00 1.600000000000000089e+00 3.609999999999999928e-04 1.192999999999999963e-02 9.999289999999999567e-01 -6.318200000000000205e-02 9.979310000000000125e-01 -1.188400000000000047e-02 -9.980019999999999447e-01 -6.317300000000000693e-02 1.113999999999999973e-03
6.000000000000000000e+00 2.100000000000000000e+01 6.000000000000000000e+01 0.000000000000000000e+00 1.600000000000000089e+00 6.890000000000000508e-04 1.093999999999999920e-03 9.999989999999999712e-01 -9.544700000000000406e-02 9.954340000000000410e-01 -1.023000000000000038e-03 -9.954340000000000410e-01 -9.544600000000000306e-02 7.900000000000000121e-04
1.100000000000000000e+01 2.100000000000000000e+01 6.000000000000000000e+01 0.000000000000000000e+00 1.600000000000000089e+00 -1.387999999999999911e-03 -9.029000000000000567e-03 9.999580000000000135e-01 -9.233099999999999641e-02 9.956890000000000462e-01 8.862000000000000086e-03 -9.957270000000000287e-01 -9.231499999999999428e-02 -2.216000000000000088e-03
1.800000000000000000e+01 2.100000000000000000e+01 6.000000000000000000e+01 0.000000000000000000e+00 1.600000000000000089e+00 1.219999999999999974e-04 4.129999999999999991e-03 9.999909999999999632e-01 -9.445399999999999630e-02 9.955209999999999892e-01 -4.100000000000000346e-03 -9.955289999999999973e-01 -9.445299999999999530e-02 5.119999999999999768e-04
2.300000000000000000e+01 2.100000000000000000e+01 6.000000000000000000e+01 0.000000000000000000e+00 1.600000000000000089e+00 -7.339999999999999520e-04 3.448000000000000110e-03 9.999940000000000495e-01 -9.461999999999999578e-02 9.955070000000000308e-01 -3.501999999999999905e-03 -9.955129999999999812e-01 -9.462199999999999778e-02 -4.040000000000000080e-04
1.000000000000000000e+01 6.000000000000000000e+00 6.100000000000000000e+01 0.000000000000000000e+00 1.600000000000000089e+00 2.219000000000000052e-03 -3.851999999999999955e-03 9.999900000000000455e-01 5.653960000000000097e-01 -8.248079999999999856e-01 -4.432000000000000176e-03 8.248170000000000224e-01 5.654000000000000137e-01 3.480000000000000020e-04
6.000000000000000000e+00 2.700000000000000000e+01 6.300000000000000000e+01 0.000000000000000000e+00 1.600000000000000089e+00 1.172000000000000082e-03 -5.847999999999999900e-03 9.999820000000000375e-01 -2.719349999999999823e-01 9.622969999999999580e-01 5.945999999999999897e-03 -9.623150000000000315e-01 -2.719380000000000130e-01 -4.620000000000000083e-04
1.600000000000000000e+01 2.700000000000000000e+01 6.300000000000000000e+01 0.000000000000000000e+00 1.600000000000000089e+00 -2.300000000000000070e-04 -5.040000000000000209e-03 9.999869999999999592e-01 -2.734480000000000244e-01 9.618750000000000355e-01 4.785000000000000191e-03 -9.618870000000000475e-01 -2.734429999999999916e-01 -1.598999999999999944e-03
2.200000000000000000e+01 2.700000000000000000e+01 6.300000000000000000e+01 0.000000000000000000e+00 1.600000000000000089e+00 -1.499999999999999869e-04 -4.040000000000000080e-04 1.000000000000000000e+00 -2.752700000000000147e-01 9.613669999999999716e-01 3.469999999999999777e-04 -9.613669999999999716e-01 -2.752700000000000147e-01 -2.559999999999999884e-04
3.000000000000000000e+01 2.700000000000000000e+01 6.300000000000000000e+01 0.000000000000000000e+00 1.600000000000000089e+00 1.132999999999999893e-03 8.589999999999999546e-04 9.999989999999999712e-01 -2.730000000000000204e-01 9.620140000000000358e-01 -5.169999999999999899e-04 -9.620130000000000070e-01 -2.729989999999999917e-01 1.325000000000000006e-03
7.000000000000000000e+00 2.600000000000000000e+01 6.400000000000000000e+01 0.000000000000000000e+00 1.600000000000000089e+00 2.162999999999999992e-03 -4.956000000000000336e-03 9.999850000000000128e-01 -3.639120000000000132e-01 9.314179999999999682e-01 5.402999999999999817e-03 -9.314310000000000089e-01 -3.639189999999999925e-01 2.110000000000000059e-04
1.800000000000000000e+01 2.600000000000000000e+01 6.400000000000000000e+01 0.000000000000000000e+00 1.600000000000000089e+00 1.500000000000000031e-03 -4.466000000000000351e-03 9.999890000000000168e-01 -3.638370000000000215e-01 9.314510000000000289e-01 4.706000000000000114e-03 -9.314609999999999834e-01 -3.638399999999999967e-01 -2.280000000000000126e-04
2.300000000000000000e+01 2.600000000000000000e+01 6.400000000000000000e+01 0.000000000000000000e+00 1.600000000000000089e+00 -7.759999999999999971e-04 -1.119999999999999902e-03 9.999989999999999712e-01 -3.645880000000000232e-01 9.311690000000000245e-01 7.600000000000000418e-04 -9.311690000000000245e-01 -3.645869999999999944e-01 -1.131000000000000061e-03
2.900000000000000000e+01 2.600000000000000000e+01 6.400000000000000000e+01 0.000000000000000000e+00 1.600000000000000089e+00 1.015000000000000060e-03 -1.569999999999999944e-04 9.999989999999999712e-01 -3.629879999999999773e-01 9.317940000000000111e-01 5.150000000000000498e-04 -9.317929999999999824e-01 -3.629879999999999773e-01 8.880000000000000089e-04
7.000000000000000000e+00 6.900000000000000000e+01 6.600000000000000000e+01 0.000000000000000000e+00 1.600000000000000089e+00 3.239999999999999825e-03 -2.416000000000000179e-03 9.999919999999999920e-01 -9.517210000000000392e-01 3.069390000000000174e-01 3.824999999999999841e-03 -3.069459999999999966e-01 -9.517259999999999609e-01 -1.304999999999999953e-03
1.100000000000000000e+01 6.900000000000000000e+01 6.600000000000000000e+01 0.000000000000000000e+00 1.600000000000000089e+00 2.746000000000000177e-03 -1.010000000000000020e-04 9.999959999999999960e-01 -9.527259999999999618e-01 3.038179999999999770e-01 2.647000000000000047e-03 -3.038170000000000037e-01 -9.527299999999999658e-01 7.380000000000000492e-04
2.800000000000000000e+01 6.900000000000000000e+01 6.600000000000000000e+01 0.000000000000000000e+00 1.600000000000000089e+00 -1.327999999999999970e-03 2.475000000000000203e-03 9.999959999999999960e-01 -9.557139999999999525e-01 2.942919999999999980e-01 -1.998000000000000210e-03 -2.942949999999999733e-01 -9.557120000000000060e-01 1.974000000000000060e-03
5.000000000000000000e+00 2.500000000000000000e+01 7.300000000000000000e+01 0.000000000000000000e+00 1.600000000000000089e+00 -1.366999999999999943e-03 2.889999999999999774e-04 9.999989999999999712e-01 7.546000000000000485e-01 -6.561839999999999895e-01 1.221000000000000080e-03 6.561829999999999607e-01 7.546009999999999662e-01 6.790000000000000245e-04
1.100000000000000000e+01 2.500000000000000000e+01 7.300000000000000000e+01 0.000000000000000000e+00 1.600000000000000089e+00 1.982999999999999954e-03 2.854000000000000200e-03 9.999940000000000495e-01 7.561660000000000048e-01 -6.543799999999999617e-01 3.680000000000000003e-04 6.543769999999999865e-01 7.561600000000000543e-01 -3.455000000000000172e-03
1.400000000000000000e+01 2.500000000000000000e+01 7.300000000000000000e+01 0.000000000000000000e+00 1.600000000000000089e+00 1.025000000000000086e-03 1.172000000000000082e-03 9.999989999999999712e-01 7.560090000000000421e-01 -6.545609999999999484e-01 -7.999999999999999638e-06 6.545609999999999484e-01 7.560080000000000133e-01 -1.557000000000000007e-03
2.000000000000000000e+01 2.500000000000000000e+01 7.300000000000000000e+01 0.000000000000000000e+00 1.600000000000000089e+00 -1.747000000000000072e-03 -3.327999999999999795e-03 9.999930000000000208e-01 7.515540000000000553e-01 -6.596699999999999786e-01 -8.819999999999999715e-04 6.596689999999999499e-01 7.515479999999999938e-01 3.654000000000000130e-03
2.300000000000000000e+01 2.500000000000000000e+01 7.300000000000000000e+01 0.000000000000000000e+00 1.600000000000000089e+00 -4.840000000000000010e-04 -4.758000000000000076e-03 9.999890000000000168e-01 7.531360000000000277e-01 -6.578600000000000003e-01 -2.765999999999999796e-03 6.578650000000000331e-01 7.531259999999999621e-01 3.902000000000000086e-03
2.800000000000000000e+01 2.500000000000000000e+01 7.300000000000000000e+01 0.000000000000000000e+00 1.600000000000000089e+00 8.000000000000000383e-04 -1.484000000000000076e-03 9.999989999999999712e-01 7.544530000000000403e-01 -6.563520000000000465e-01 -1.577999999999999976e-03 6.563529999999999642e-01 7.544530000000000403e-01 5.950000000000000427e-04
2.000000000000000000e+00 4.400000000000000000e+01 7.300000000000000000e+01 0.000000000000000000e+00 1.600000000000000089e+00 2.471000000000000106e-03 -5.670000000000000127e-04 9.999970000000000248e-01 5.426000000000000267e-02 -9.985270000000000534e-01 -6.999999999999999929e-04 9.985239999999999672e-01 5.426099999999999673e-02 -2.436999999999999930e-03
8.000000000000000000e+00 4.400000000000000000e+01 7.300000000000000000e+01 0.000000000000000000e+00 1.600000000000000089e+00 9.110000000000000259e-04 6.840000000000000377e-04 9.999989999999999712e-01 5.264100000000000029e-02 -9.986129999999999729e-01 6.350000000000000392e-04 9.986129999999999729e-01 5.263999999999999929e-02 -9.449999999999999850e-04
1.300000000000000000e+01 4.400000000000000000e+01 7.300000000000000000e+01 0.000000000000000000e+00 1.600000000000000089e+00 -4.510000000000000120e-04 -1.791000000000000057e-03 9.999980000000000535e-01 5.234400000000000164e-02 -9.986279999999999601e-01 -1.765000000000000076e-03 9.986289999999999889e-01 5.234300000000000064e-02 5.439999999999999957e-04
2.000000000000000000e+01 4.400000000000000000e+01 7.300000000000000000e+01 0.000000000000000000e+00 1.600000000000000089e+00 8.069999999999999916e-04 3.599999999999999901e-03 9.999930000000000208e-01 5.304099999999999787e-02 -9.985859999999999737e-01 3.552000000000000036e-03 9.985920000000000352e-01 5.303800000000000181e-02 -9.959999999999999236e-04
2.600000000000000000e+01 4.400000000000000000e+01 7.300000000000000000e+01 0.000000000000000000e+00 1.600000000000000089e+00 1.067000000000000023e-03 2.443999999999999992e-03 9.999959999999999960e-01 5.680400000000000033e-02 -9.983830000000000204e-01 2.380000000000000171e-03 9.983849999999999669e-01 5.680199999999999833e-02 -1.203999999999999992e-03
7.000000000000000000e+00 9.100000000000000000e+01 7.600000000000000000e+01 0.000000000000000000e+00 1.600000000000000089e+00 8.959999999999999866e-04 1.219999999999999974e-04 1.000000000000000000e+00 3.038819999999999855e-01 -9.527099999999999458e-01 -1.559999999999999972e-04 9.527090000000000281e-01 3.038819999999999855e-01 -8.909999999999999734e-04
1.100000000000000000e+01 9.100000000000000000e+01 7.600000000000000000e+01 0.000000000000000000e+00 1.600000000000000089e+00 2.959999999999999849e-04 7.489999999999999913e-04 1.000000000000000000e+00 3.242269999999999874e-01 -9.459790000000000143e-01 6.120000000000000223e-04 9.459790000000000143e-01 3.242269999999999874e-01 -5.230000000000000274e-04
1.400000000000000000e+01 9.100000000000000000e+01 7.600000000000000000e+01 0.000000000000000000e+00 1.600000000000000089e+00 -7.990000000000000140e-04 -9.100000000000000287e-05 1.000000000000000000e+00 3.276209999999999956e-01 -9.448090000000000099e-01 1.759999999999999954e-04 9.448090000000000099e-01 3.276209999999999956e-01 7.839999999999999747e-04
1.800000000000000000e+01 9.100000000000000000e+01 7.600000000000000000e+01 0.000000000000000000e+00 1.600000000000000089e+00 2.860000000000000129e-04 7.550000000000000287e-04 1.000000000000000000e+00 3.174239999999999839e-01 -9.482840000000000158e-01 6.250000000000000130e-04 9.482840000000000158e-01 3.174239999999999839e-01 -5.109999999999999525e-04
2.100000000000000000e+01 9.100000000000000000e+01 7.600000000000000000e+01 0.000000000000000000e+00 1.600000000000000089e+00 3.899999999999999929e-04 1.229000000000000058e-03 9.999989999999999712e-01 3.229770000000000141e-01 -9.464059999999999695e-01 1.036999999999999944e-03 9.464069999999999983e-01 3.229759999999999853e-01 -7.659999999999999708e-04
2.500000000000000000e+01 9.100000000000000000e+01 7.600000000000000000e+01 0.000000000000000000e+00 1.600000000000000089e+00 -7.309999999999999875e-04 -8.120000000000000048e-04 9.999989999999999712e-01 3.211629999999999763e-01 -9.470239999999999769e-01 -5.339999999999999695e-04 9.470239999999999769e-01 3.211620000000000030e-01 9.529999999999999626e-04
2.800000000000000000e+01 9.100000000000000000e+01 7.600000000000000000e+01 0.000000000000000000e+00 1.600000000000000089e+00 -9.470000000000000336e-04 -1.958999999999999804e-03 9.999980000000000535e-01 3.175819999999999754e-01 -9.482289999999999885e-01 -1.557000000000000007e-03 9.482300000000000173e-01 3.175799999999999734e-01 1.520000000000000084e-03
5.000000000000000000e+00 6.300000000000000000e+01 8.100000000000000000e+01 0.000000000000000000e+00 1.600000000000000089e+00 4.490000000000000176e-04 2.138000000000000143e-03 9.999980000000000535e-01 1.930499999999999924e-02 -9.998110000000000053e-01 2.128000000000000117e-03 9.998139999999999805e-01 1.930400000000000171e-02 -4.899999999999999842e-04
