2.400000000000000000e+01 2.500000000000000000e+01 1.000000000000000000e+00 0.000000000000000000e+00 1.600000000000000089e+00 1.794999999999999938e-03 4.997999999999999839e-03 -9.999860000000000415e-01 -5.301179999999999781e-01 -8.479079999999999950e-01 -5.189000000000000036e-03 -8.479219999999999535e-01 5.301200000000000356e-01 1.128000000000000096e-03
3.000000000000000000e+00 1.500000000000000000e+01 4.000000000000000000e+00 0.000000000000000000e+00 1.600000000000000089e+00 -4.497000000000000129e-03 -3.141000000000000129e-03 9.999850000000000128e-01 2.982239999999999891e-01 -9.544939999999999536e-01 -1.657000000000000053e-03 9.544850000000000279e-01 2.982119999999999771e-01 5.229000000000000141e-03
1.400000000000000000e+01 1.500000000000000000e+01 4.000000000000000000e+00 0.000000000000000000e+00 1.600000000000000089e+00 2.664000000000000135e-03 1.310500000000000033e-02 9.999109999999999943e-01 2.946730000000000183e-01 -9.555259999999999865e-01 1.173800000000000017e-02 9.555940000000000545e-01 2.946150000000000158e-01 -6.407000000000000368e-03
2.200000000000000000e+01 1.500000000000000000e+01 4.000000000000000000e+00 0.000000000000000000e+00 1.600000000000000089e+00 1.735999999999999913e-03 2.357000000000000154e-03 9.999959999999999960e-01 3.013040000000000163e-01 -9.535270000000000135e-01 1.724000000000000055e-03 9.535270000000000135e-01 3.012989999999999835e-01 -2.366000000000000048e-03
1.000000000000000000e+01 1.600000000000000000e+01 4.000000000000000000e+00 0.000000000000000000e+00 1.600000000000000089e+00 -2.320000000000000014e-04 1.004299999999999984e-02 9.999500000000000055e-01 3.698259999999999881e-01 -9.290530000000000177e-01 9.417000000000000023e-03 9.291009999999999547e-01 3.698089999999999988e-01 -3.498999999999999940e-03
2.000000000000000000e+00 1.010000000000000000e+02 7.000000000000000000e+00 0.000000000000000000e+00 1.600000000000000089e+00 -3.539999999999999853e-04 1.114099999999999986e-02 9.999379999999999935e-01 8.837629999999999653e-01 4.679079999999999906e-01 -4.899999999999999842e-03 -4.679340000000000166e-01 8.837070000000000203e-01 -1.001200000000000007e-02
8.000000000000000000e+00 1.010000000000000000e+02 7.000000000000000000e+00 0.000000000000000000e+00 1.600000000000000089e+00 -8.949999999999999623e-04 1.093900000000000081e-02 9.999400000000000510e-01 8.837779999999999525e-01 4.678860000000000241e-01 -4.328000000000000250e-03 -4.679050000000000153e-01 8.837209999999999788e-01 -1.008700000000000048e-02
1.300000000000000000e+01 1.010000000000000000e+02 7.000000000000000000e+00 0.000000000000000000e+00 1.600000000000000089e+00 2.716000000000000098e-03 -1.882999999999999908e-03 9.999949999999999672e-01 8.830829999999999513e-01 4.692149999999999932e-01 -1.515000000000000071e-03 -4.692089999999999872e-01 8.830820000000000336e-01 2.938000000000000073e-03
2.300000000000000000e+01 1.010000000000000000e+02 7.000000000000000000e+00 0.000000000000000000e+00 1.600000000000000089e+00 -5.289999999999999564e-04 -9.098000000000000184e-03 9.999590000000000423e-01 8.876209999999999933e-01 4.605520000000000169e-01 4.660000000000000080e-03 -4.605750000000000122e-01 8.875859999999999861e-01 7.832000000000000420e-03
2.700000000000000000e+01 1.010000000000000000e+02 7.000000000000000000e+00 0.000000000000000000e+00 1.600000000000000089e+00 -3.282999999999999894e-03 -4.243000000000000244e-03 9.999860000000000415e-01 8.884290000000000243e-01 4.589889999999999803e-01 4.865000000000000401e-03 -4.590029999999999943e-01 8.884319999999999995e-01 2.262999999999999821e-03
1.700000000000000000e+01 1.500000000000000000e+01 8.000000000000000000e+00 0.000000000000000000e+00 1.600000000000000089e+00 8.310000000000000329e-04 1.101300000000000022e-02 -9.999390000000000223e-01 -5.920020000000000282e-01 -8.058819999999999872e-01 -9.367999999999999591e-03 -8.059359999999999857e-01 5.919740000000000002e-01 5.851000000000000298e-03
5.000000000000000000e+00 2.400000000000000000e+01 9.000000000000000000e+00 0.000000000000000000e+00 1.600000000000000089e+00 -1.067999999999999939e-03 -6.579999999999999478e-04 -9.999989999999999712e-01 4.532240000000000157e-01 8.913959999999999662e-01 -1.069999999999999988e-03 8.913959999999999662e-01 -4.532249999999999890e-01 -6.539999999999999590e-04
1.400000000000000000e+01 2.400000000000000000e+01 9.000000000000000000e+00 0.000000000000000000e+00 1.600000000000000089e+00 -8.800000000000000313e-04 -5.569000000000000165e-03 -9.999839999999999840e-01 4.538329999999999864e-01 8.910709999999999464e-01 -5.361999999999999579e-03 8.910860000000000447e-01 -4.538300000000000112e-01 1.742999999999999975e-03
2.000000000000000000e+01 2.400000000000000000e+01 9.000000000000000000e+00 0.000000000000000000e+00 1.600000000000000089e+00 -1.757000000000000098e-03 -8.330000000000000598e-03 -9.999639999999999640e-01 4.546200000000000241e-01 8.906479999999999952e-01 -8.219000000000000611e-03 8.906840000000000312e-01 -4.546180000000000221e-01 2.222000000000000017e-03
2.600000000000000000e+01 2.400000000000000000e+01 9.000000000000000000e+00 0.000000000000000000e+00 1.600000000000000089e+00 -2.007000000000000103e-03 -8.096000000000000765e-03 -9.999649999999999928e-01 4.554019999999999735e-01 8.902489999999999570e-01 -8.122000000000000747e-03 8.902839999999999643e-01 -4.554030000000000022e-01 1.899999999999999996e-03
6.000000000000000000e+00 3.100000000000000000e+01 1.200000000000000000e+01 0.000000000000000000e+00 1.600000000000000089e+00 1.459000000000000010e-03 -2.076999999999999853e-03 9.999970000000000248e-01 4.003999999999999747e-03 9.999900000000000455e-01 2.070999999999999924e-03 -9.999909999999999632e-01 4.001000000000000216e-03 1.466999999999999988e-03
2.000000000000000000e+01 3.100000000000000000e+01 1.200000000000000000e+01 0.000000000000000000e+00 1.600000000000000089e+00 3.829999999999999854e-04 -4.186999999999999750e-03 9.999909999999999632e-01 7.936000000000000346e-03 9.999599999999999600e-01 4.184000000000000219e-03 -9.999679999999999680e-01 7.934000000000000080e-03 4.159999999999999744e-04
2.700000000000000000e+01 3.100000000000000000e+01 1.200000000000000000e+01 0.000000000000000000e+00 1.600000000000000089e+00 1.338999999999999913e-03 -3.880000000000000202e-03 9.999919999999999920e-01 4.082999999999999824e-03 9.999839999999999840e-01 3.873999999999999840e-03 -9.999909999999999632e-01 4.078000000000000028e-03 1.355000000000000085e-03
1.500000000000000000e+01 3.200000000000000000e+01 1.400000000000000000e+01 0.000000000000000000e+00 1.600000000000000089e+00 7.309999999999999875e-04 2.910000000000000260e-04 -1.000000000000000000e+00 1.009700000000000042e-01 9.948890000000000233e-01 3.629999999999999872e-04 9.948890000000000233e-01 -1.009700000000000042e-01 6.980000000000000527e-04
7.000000000000000000e+00 1.200000000000000000e+01 1.500000000000000000e+01 0.000000000000000000e+00 1.600000000000000089e+00 4.596000000000000259e-03 4.303000000000000401e-03 -9.999799999999999800e-01 -4.694740000000000024e-01 -8.829259999999999886e-01 -5.956999999999999622e-03 -8.829339999999999966e-01 4.694920000000000204e-01 -2.037999999999999881e-03
1.200000000000000000e+01 1.200000000000000000e+01 1.500000000000000000e+01 0.000000000000000000e+00 1.600000000000000089e+00 2.349999999999999930e-04 3.050000000000000194e-03 -9.999949999999999672e-01 -4.710360000000000102e-01 -8.821099999999999497e-01 -2.801999999999999803e-03 -8.821139999999999537e-01 4.710340000000000082e-01 1.229000000000000058e-03
2.000000000000000000e+01 1.200000000000000000e+01 1.500000000000000000e+01 0.000000000000000000e+00 1.600000000000000089e+00 -9.790000000000000525e-04 2.480000000000000108e-04 -1.000000000000000000e+00 -4.687009999999999788e-01 -8.833569999999999478e-01 2.400000000000000061e-04 -8.833560000000000301e-01 4.687009999999999788e-01 9.810000000000001011e-04
3.000000000000000000e+01 1.200000000000000000e+01 1.500000000000000000e+01 0.000000000000000000e+00 1.600000000000000089e+00 9.009999999999999997e-04 -4.845000000000000348e-03 -9.999879999999999880e-01 -4.674369999999999914e-01 -8.840179999999999705e-01 3.861999999999999982e-03 -8.840259999999999785e-01 4.674280000000000102e-01 -3.060999999999999919e-03
8.000000000000000000e+00 1.100000000000000000e+01 1.600000000000000000e+01 0.000000000000000000e+00 1.600000000000000089e+00 3.622999999999999918e-03 4.539999999999999765e-03 -9.999829999999999552e-01 -4.173490000000000255e-01 -9.087290000000000090e-01 -5.637999999999999783e-03 -9.087389999999999635e-01 4.173620000000000108e-01 -1.397999999999999937e-03
1.600000000000000000e+01 1.100000000000000000e+01 1.600000000000000000e+01 0.000000000000000000e+00 1.600000000000000089e+00 -8.599999999999999789e-04 -2.358999999999999986e-03 -9.999970000000000248e-01 -4.166830000000000256e-01 -9.090479999999999672e-01 2.501999999999999884e-03 -9.090510000000000534e-01 4.166839999999999988e-01 -2.010000000000000068e-04
1.900000000000000000e+01 1.100000000000000000e+01 1.600000000000000000e+01 0.000000000000000000e+00 1.600000000000000089e+00 -1.036999999999999944e-03 -5.879999999999999810e-04 -9.999989999999999712e-01 -4.169820000000000193e-01 -9.089139999999999997e-01 9.669999999999999776e-04 -9.089139999999999997e-01 4.169829999999999925e-01 6.970000000000000284e-04
2.300000000000000000e+01 1.100000000000000000e+01 1.600000000000000000e+01 0.000000000000000000e+00 1.600000000000000089e+00 -1.085999999999999943e-03 3.701999999999999996e-03 -9.999930000000000208e-01 -4.185490000000000044e-01 -9.081890000000000240e-01 -2.906999999999999862e-03 -9.081930000000000280e-01 4.185429999999999984e-01 2.536000000000000060e-03
7.000000000000000000e+00 1.160000000000000000e+02 1.600000000000000000e+01 0.000000000000000000e+00 1.600000000000000089e+00 -6.480000000000000300e-04 2.573999999999999899e-03 9.999970000000000248e-01 7.147649999999999837e-01 6.993639999999999857e-01 -1.337000000000000081e-03 -6.993650000000000144e-01 7.147609999999999797e-01 -2.292999999999999899e-03
2.100000000000000000e+01 1.160000000000000000e+02 1.600000000000000000e+01 0.000000000000000000e+00 1.600000000000000089e+00 1.559999999999999972e-03 1.887999999999999921e-03 9.999970000000000248e-01 6.942939999999999667e-01 7.196879999999999944e-01 -2.442000000000000160e-03 -7.196900000000000519e-01 6.942949999999999955e-01 -1.879999999999999890e-04
8.000000000000000000e+00 2.000000000000000000e+00 1.900000000000000000e+01 0.000000000000000000e+00 1.600000000000000089e+00 2.775999999999999822e-03 5.662999999999999631e-03 -9.999799999999999800e-01 1.915520000000000000e-01 -9.814699999999999536e-01 -5.026000000000000086e-03 -9.814789999999999903e-01 -1.915340000000000098e-01 -3.808999999999999886e-03
1.200000000000000000e+01 2.000000000000000000e+00 1.900000000000000000e+01 0.000000000000000000e+00 1.600000000000000089e+00 1.981999999999999821e-03 -1.632999999999999903e-03 -9.999970000000000248e-01 1.894230000000000080e-01 -9.818940000000000445e-01 1.978999999999999856e-03 -9.818940000000000445e-01 -1.894270000000000120e-01 -1.637000000000000000e-03
1.600000000000000000e+01 2.000000000000000000e+00 1.900000000000000000e+01 0.000000000000000000e+00 1.600000000000000089e+00 -1.946000000000000030e-03 9.160000000000000390e-04 -9.999980000000000535e-01 1.862439999999999929e-01 -9.825030000000000152e-01 -1.262000000000000101e-03 -9.825019999999999865e-01 -1.862459999999999949e-01 1.742000000000000059e-03
2.000000000000000000e+01 2.000000000000000000e+00 1.900000000000000000e+01 0.000000000000000000e+00 1.600000000000000089e+00 -3.798999999999999860e-03 7.979999999999999897e-04 -9.999919999999999920e-01 1.835330000000000017e-01 -9.830119999999999969e-01 -1.482000000000000027e-03 -9.830060000000000464e-01 -1.835370000000000057e-01 3.588000000000000043e-03
2.500000000000000000e+01 2.000000000000000000e+00 1.900000000000000000e+01 0.000000000000000000e+00 1.600000000000000089e+00 6.419999999999999925e-04 -7.577999999999999667e-03 -9.999710000000000543e-01 1.787060000000000037e-01 -9.838729999999999976e-01 7.570999999999999605e-03 -9.839020000000000543e-01 -1.787060000000000037e-01 7.230000000000000098e-04
4.000000000000000000e+00 4.000000000000000000e+00 2.000000000000000000e+01 0.000000000000000000e+00 1.600000000000000089e+00 8.379999999999999862e-04 9.083000000000000795e-03 -9.999580000000000135e-01 2.901130000000000098e-01 -9.569550000000000001e-01 -8.448999999999999913e-03 -9.569919999999999538e-01 -2.900940000000000185e-01 -3.436999999999999951e-03
1.400000000000000000e+01 4.000000000000000000e+00 2.000000000000000000e+01 0.000000000000000000e+00 1.600000000000000089e+00 2.162999999999999992e-03 1.620000000000000075e-04 -9.999980000000000535e-01 2.841549999999999909e-01 -9.587780000000000191e-01 4.600000000000000139e-04 -9.587759999999999616e-01 -2.841549999999999909e-01 -2.119999999999999923e-03
2.000000000000000000e+01 4.000000000000000000e+00 2.000000000000000000e+01 0.000000000000000000e+00 1.600000000000000089e+00 -5.786999999999999610e-03 3.246999999999999886e-03 -9.999780000000000335e-01 2.758700000000000041e-01 -9.611830000000000096e-01 -4.717999999999999972e-03 -9.611779999999999768e-01 -2.758909999999999973e-01 4.667000000000000141e-03
2.400000000000000000e+01 4.000000000000000000e+00 2.000000000000000000e+01 0.000000000000000000e+00 1.600000000000000089e+00 -2.245000000000000034e-03 -9.431000000000000147e-03 -9.999529999999999808e-01 2.808439999999999825e-01 -9.597160000000000135e-01 8.420999999999999666e-03 -9.597510000000000208e-01 -2.808120000000000061e-01 4.802999999999999978e-03
4.000000000000000000e+00 1.300000000000000000e+01 2.000000000000000000e+01 0.000000000000000000e+00 1.600000000000000089e+00 7.529999999999999801e-04 1.618999999999999996e-03 9.999980000000000535e-01 2.541720000000000090e-01 9.671579999999999622e-01 -1.757000000000000098e-03 -9.671589999999999909e-01 2.541729999999999823e-01 3.170000000000000075e-04
9.000000000000000000e+00 1.300000000000000000e+01 2.000000000000000000e+01 0.000000000000000000e+00 1.600000000000000089e+00 1.147999999999999932e-03 -3.677999999999999846e-03 9.999930000000000208e-01 2.552249999999999797e-01 9.668759999999999577e-01 3.262999999999999842e-03 -9.668809999999999905e-01 2.552189999999999737e-01 2.049000000000000040e-03
1.400000000000000000e+01 1.300000000000000000e+01 2.000000000000000000e+01 0.000000000000000000e+00 1.600000000000000089e+00 -1.221000000000000080e-03 1.498999999999999898e-03 9.999980000000000535e-01 2.560660000000000158e-01 9.666590000000000460e-01 -1.136999999999999990e-03 -9.666590000000000460e-01 2.560640000000000138e-01 -1.564000000000000069e-03
2.100000000000000000e+01 1.300000000000000000e+01 2.000000000000000000e+01 0.000000000000000000e+00 1.600000000000000089e+00 -4.629999999999999784e-04 -8.100000000000000375e-05 1.000000000000000000e+00 2.526720000000000077e-01 9.675519999999999676e-01 1.959999999999999937e-04 -9.675519999999999676e-01 2.526720000000000077e-01 -4.270000000000000249e-04
2.800000000000000000e+01 1.300000000000000000e+01 2.000000000000000000e+01 0.000000000000000000e+00 1.600000000000000089e+00 -3.780000000000000265e-04 -3.963000000000000377e-03 9.999919999999999920e-01 2.544839999999999880e-01 9.670689999999999564e-01 3.929000000000000201e-03 -9.670769999999999644e-01 2.544839999999999880e-01 6.430000000000000169e-04
5.000000000000000000e+00 1.600000000000000000e+01 2.100000000000000000e+01 0.000000000000000000e+00 1.600000000000000089e+00 1.242999999999999964e-03 3.869000000000000043e-03 9.999919999999999920e-01 2.970960000000000267e-01 9.548389999999999933e-01 -4.062999999999999771e-03 -9.548470000000000013e-01 2.970979999999999732e-01 3.800000000000000209e-05
1.300000000000000000e+01 1.600000000000000000e+01 2.100000000000000000e+01 0.000000000000000000e+00 1.600000000000000089e+00 -1.428999999999999932e-03 -1.704999999999999918e-03 9.999980000000000535e-01 2.977929999999999744e-01 9.546280000000000321e-01 2.053000000000000137e-03 -9.546289999999999498e-01 2.977960000000000051e-01 -8.570000000000000144e-04
1.700000000000000000e+01 1.600000000000000000e+01 2.100000000000000000e+01 0.000000000000000000e+00 1.600000000000000089e+00 -1.118999999999999986e-03 4.000000000000000083e-03 9.999909999999999632e-01 2.980240000000000111e-01 9.545519999999999561e-01 -3.484999999999999817e-03 -9.545580000000000176e-01 2.980180000000000051e-01 -2.259999999999999856e-03
2.100000000000000000e+01 1.600000000000000000e+01 2.100000000000000000e+01 0.000000000000000000e+00 1.600000000000000089e+00 -5.890000000000000053e-04 2.148999999999999869e-03 9.999970000000000248e-01 2.966539999999999733e-01 9.549830000000000263e-01 -1.877999999999999895e-03 -9.549849999999999728e-01 2.966520000000000268e-01 -1.199999999999999895e-03
2.900000000000000000e+01 1.600000000000000000e+01 2.100000000000000000e+01 0.000000000000000000e+00 1.600000000000000089e+00 -5.580000000000000107e-04 -7.861999999999999197e-03 9.999689999999999968e-01 2.965430000000000010e-01 9.549889999999999768e-01 7.673000000000000133e-03 -9.550189999999999513e-01 2.965380000000000238e-01 1.799000000000000035e-03
1.000000000000000000e+00 3.000000000000000000e+00 2.500000000000000000e+01 0.000000000000000000e+00 1.600000000000000089e+00 -3.152999999999999987e-03 6.570000000000000319e-03 9.999730000000000008e-01 -6.296300000000000507e-02 -9.979959999999999942e-01 6.359000000000000069e-03 9.980109999999999815e-01 -6.294099999999999695e-02 3.559999999999999797e-03
1.200000000000000000e+01 3.000000000000000000e+00 2.500000000000000000e+01 0.000000000000000000e+00 1.600000000000000089e+00 -9.550000000000000112e-04 -8.540000000000000499e-04 9.999989999999999712e-01 -4.388700000000000240e-02 -9.990360000000000351e-01 -8.949999999999999623e-04 9.990360000000000351e-01 -4.388800000000000340e-02 9.160000000000000390e-04
1.600000000000000000e+01 3.000000000000000000e+00 2.500000000000000000e+01 0.000000000000000000e+00 1.600000000000000089e+00 -3.481000000000000153e-03 1.299999999999999940e-03 9.999930000000000208e-01 -3.786099999999999882e-02 -9.992820000000000036e-01 1.167000000000000069e-03 9.992769999999999708e-01 -3.785600000000000076e-02 3.527999999999999886e-03
2.300000000000000000e+01 3.000000000000000000e+00 2.500000000000000000e+01 0.000000000000000000e+00 1.600000000000000089e+00 2.289999999999999935e-03 3.183000000000000065e-03 9.999919999999999920e-01 -3.919899999999999773e-02 -9.992259999999999476e-01 3.269999999999999903e-03 9.992290000000000338e-01 -3.920599999999999780e-02 -2.164000000000000125e-03
1.100000000000000000e+01 4.600000000000000000e+01 2.700000000000000000e+01 0.000000000000000000e+00 1.600000000000000089e+00 2.575000000000000032e-03 2.543999999999999821e-03 -9.999930000000000208e-01 6.597809999999999508e-01 7.514499999999999513e-01 3.611000000000000060e-03 7.514539999999999553e-01 -6.597859999999999836e-01 2.559999999999999884e-04
2.200000000000000000e+01 4.600000000000000000e+01 2.700000000000000000e+01 0.000000000000000000e+00 1.600000000000000089e+00 2.113999999999999994e-03 1.817000000000000039e-03 -9.999959999999999960e-01 6.629270000000000440e-01 7.486789999999999834e-01 2.760999999999999999e-03 7.486810000000000409e-01 -6.629300000000000193e-01 3.780000000000000265e-04
2.000000000000000000e+00 5.800000000000000000e+01 3.100000000000000000e+01 0.000000000000000000e+00 1.600000000000000089e+00 3.049000000000000061e-03 -3.167999999999999809e-03 9.999900000000000455e-01 -7.940310000000000423e-01 -6.078770000000000007e-01 4.949999999999999973e-04 6.078700000000000214e-01 -7.940249999999999808e-01 -4.368999999999999620e-03
1.500000000000000000e+01 5.800000000000000000e+01 3.100000000000000000e+01 0.000000000000000000e+00 1.600000000000000089e+00 -2.098000000000000038e-03 3.645999999999999935e-03 9.999909999999999632e-01 -7.949450000000000127e-01 -6.066810000000000258e-01 5.439999999999999957e-04 6.066780000000000506e-01 -7.949370000000000047e-01 4.172000000000000361e-03
2.100000000000000000e+01 5.800000000000000000e+01 3.100000000000000000e+01 0.000000000000000000e+00 1.600000000000000089e+00 7.820000000000000345e-04 3.609999999999999928e-04 1.000000000000000000e+00 -7.947560000000000180e-01 -6.069280000000000230e-01 8.400000000000000348e-04 6.069280000000000230e-01 -7.947570000000000467e-01 -1.879999999999999890e-04
2.500000000000000000e+01 5.800000000000000000e+01 3.100000000000000000e+01 0.000000000000000000e+00 1.600000000000000089e+00 1.358999999999999965e-03 2.220000000000000022e-04 9.999989999999999712e-01 -7.943519999999999470e-01 -6.074559999999999960e-01 1.214000000000000018e-03 6.074559999999999960e-01 -7.943529999999999758e-01 -6.489999999999999459e-04
2.500000000000000000e+01 6.000000000000000000e+00 3.200000000000000000e+01 0.000000000000000000e+00 1.600000000000000089e+00 -2.291000000000000068e-03 -6.178999999999999597e-03 -9.999780000000000335e-01 1.369279999999999942e-01 9.905599999999999961e-01 -6.433999999999999615e-03 9.905779999999999585e-01 -1.369400000000000062e-01 -1.423000000000000003e-03
6.000000000000000000e+00 5.900000000000000000e+01 3.200000000000000000e+01 0.000000000000000000e+00 1.600000000000000089e+00 2.178999999999999947e-03 4.789999999999999987e-03 9.999860000000000415e-01 -6.919650000000000523e-01 -7.219139999999999446e-01 4.965999999999999928e-03 7.219269999999999854e-01 -6.919669999999999987e-01 1.742000000000000059e-03
2.000000000000000000e+00 4.600000000000000000e+01 3.500000000000000000e+01 0.000000000000000000e+00 1.600000000000000089e+00 3.999999999999999819e-06 -3.371999999999999997e-03 -9.999940000000000495e-01 3.844650000000000012e-01 -9.231340000000000101e-01 3.115000000000000147e-03 -9.231399999999999606e-01 -3.844629999999999992e-01 1.293000000000000095e-03
6.000000000000000000e+00 4.600000000000000000e+01 3.500000000000000000e+01 0.000000000000000000e+00 1.600000000000000089e+00 6.819999999999999890e-04 -4.789999999999999879e-04 -1.000000000000000000e+00 3.848079999999999834e-01 -9.229969999999999564e-01 7.039999999999999817e-04 -9.229969999999999564e-01 -3.848079999999999834e-01 -4.449999999999999746e-04
1.000000000000000000e+01 4.600000000000000000e+01 3.500000000000000000e+01 0.000000000000000000e+00 1.600000000000000089e+00 -9.699999999999999963e-05 -2.130000000000000003e-04 -1.000000000000000000e+00 3.844119999999999759e-01 -9.231610000000000094e-01 1.589999999999999888e-04 -9.231610000000000094e-01 -3.844119999999999759e-01 1.710000000000000094e-04
1.600000000000000000e+01 4.600000000000000000e+01 3.500000000000000000e+01 0.000000000000000000e+00 1.600000000000000089e+00 1.013000000000000012e-03 -2.480000000000000108e-04 -9.999989999999999712e-01 3.843440000000000190e-01 -9.231899999999999551e-01 6.179999999999999513e-04 -9.231890000000000374e-01 -3.843449999999999922e-01 -8.400000000000000348e-04
2.100000000000000000e+01 4.600000000000000000e+01 3.500000000000000000e+01 0.000000000000000000e+00 1.600000000000000089e+00 -1.310000000000000129e-04 -1.789999999999999870e-04 -1.000000000000000000e+00 3.846229999999999927e-01 -9.230739999999999501e-01 1.150000000000000035e-04 -9.230739999999999501e-01 -3.846229999999999927e-01 1.890000000000000133e-04
2.900000000000000000e+01 4.600000000000000000e+01 3.500000000000000000e+01 0.000000000000000000e+00 1.600000000000000089e+00 -1.975000000000000193e-03 1.539000000000000003e-03 -9.999970000000000248e-01 3.814679999999999738e-01 -9.243799999999999795e-01 -2.175999999999999983e-03 -9.243799999999999795e-01 -3.814710000000000045e-01 1.239000000000000084e-03
2.000000000000000000e+00 9.500000000000000000e+01 3.600000000000000000e+01 0.000000000000000000e+00 1.600000000000000089e+00 8.030000000000000028e-04 1.265900000000000011e-02 9.999200000000000310e-01 9.972630000000000106e-01 7.391699999999999660e-02 -1.735999999999999913e-03 -7.393299999999999872e-02 9.971839999999999593e-01 -1.256499999999999978e-02
8.000000000000000000e+00 9.500000000000000000e+01 3.600000000000000000e+01 0.000000000000000000e+00 1.600000000000000089e+00 -3.020999999999999814e-03 1.667799999999999838e-02 9.998559999999999670e-01 9.972710000000000186e-01 7.380299999999999361e-02 1.783000000000000080e-03 -7.376299999999999524e-02 9.971330000000000471e-01 -1.685599999999999946e-02
1.300000000000000000e+01 9.500000000000000000e+01 3.600000000000000000e+01 0.000000000000000000e+00 1.600000000000000089e+00 1.092100000000000015e-02 1.656300000000000133e-02 9.998029999999999973e-01 9.966679999999999984e-01 8.064699999999999647e-02 -1.222200000000000022e-02 -8.083400000000000307e-02 9.966049999999999631e-01 -1.562699999999999853e-02
1.800000000000000000e+01 9.500000000000000000e+01 3.600000000000000000e+01 0.000000000000000000e+00 1.600000000000000089e+00 1.034099999999999950e-02 5.180999999999999842e-03 9.999329999999999607e-01 9.965159999999999574e-01 8.270399999999999974e-02 -1.073400000000000049e-02 -8.275399999999999423e-02 9.965610000000000301e-01 -4.307000000000000065e-03
2.300000000000000000e+01 9.500000000000000000e+01 3.600000000000000000e+01 0.000000000000000000e+00 1.600000000000000089e+00 2.686000000000000019e-03 1.899899999999999853e-02 9.998160000000000380e-01 9.966599999999999904e-01 8.155400000000000149e-02 -4.226999999999999855e-03 -8.161899999999999711e-02 9.964880000000000404e-01 -1.871700000000000100e-02
2.900000000000000000e+01 9.500000000000000000e+01 3.600000000000000000e+01 0.000000000000000000e+00 1.600000000000000089e+00 1.033999999999999980e-03 -1.148199999999999915e-02 9.999329999999999607e-01 9.961940000000000239e-01 8.715900000000000036e-02 -2.900000000000000017e-05 -8.715199999999999336e-02 9.961280000000000134e-01 1.152800000000000005e-02
3.000000000000000000e+00 3.000000000000000000e+00 4.300000000000000000e+01 0.000000000000000000e+00 1.600000000000000089e+00 2.311000000000000120e-03 -2.269099999999999936e-02 -9.997399999999999620e-01 7.337780000000000413e-01 -6.791740000000000554e-01 1.711199999999999874e-02 -6.793850000000000167e-01 -7.336270000000000291e-01 1.508100000000000065e-02
1.100000000000000000e+01 3.000000000000000000e+00 4.300000000000000000e+01 0.000000000000000000e+00 1.600000000000000089e+00 4.388999999999999672e-03 2.691400000000000042e-02 -9.996279999999999610e-01 7.404269999999999463e-01 -6.719730000000000425e-01 -1.484100000000000003e-02 -6.721230000000000260e-01 -7.400860000000000216e-01 -2.287700000000000150e-02
1.900000000000000000e+01 3.000000000000000000e+00 4.300000000000000000e+01 0.000000000000000000e+00 1.600000000000000089e+00 -4.194999999999999944e-03 -4.240399999999999725e-02 -9.990919999999999801e-01 7.389219999999999677e-01 -6.733090000000000463e-01 2.547400000000000012e-02 -6.737779999999999880e-01 -7.381440000000000223e-01 3.415800000000000086e-02
2.600000000000000000e+01 3.000000000000000000e+00 4.300000000000000000e+01 0.000000000000000000e+00 1.600000000000000089e+00 -7.291999999999999871e-03 -5.859199999999999825e-02 -9.982550000000000034e-01 7.438979999999999482e-01 -6.674400000000000333e-01 3.374100000000000016e-02 -6.682529999999999859e-01 -7.423549999999999871e-01 4.845300000000000301e-02
1.000000000000000000e+00 2.900000000000000000e+01 4.400000000000000000e+01 0.000000000000000000e+00 1.600000000000000089e+00 -9.370000000000000074e-04 2.292999999999999899e-03 -9.999970000000000248e-01 6.863899999999999446e-01 7.272330000000000183e-01 1.023999999999999954e-03 7.272330000000000183e-01 -6.863869999999999694e-01 -2.255000000000000060e-03
4.000000000000000000e+00 2.900000000000000000e+01 4.400000000000000000e+01 0.000000000000000000e+00 1.600000000000000089e+00 -2.510000000000000078e-03 1.500999999999999947e-03 -9.999959999999999960e-01 6.833820000000000450e-01 7.300600000000000422e-01 -6.199999999999999999e-04 7.300560000000000382e-01 -6.833810000000000162e-01 -2.857999999999999863e-03
1.000000000000000000e+01 2.900000000000000000e+01 4.400000000000000000e+01 0.000000000000000000e+00 1.600000000000000089e+00 -2.896999999999999836e-03 3.752000000000000127e-03 -9.999890000000000168e-01 6.719100000000000072e-01 7.406319999999999570e-01 8.319999999999999488e-04 7.406270000000000353e-01 -6.719000000000000528e-01 -4.667000000000000141e-03
1.800000000000000000e+01 2.900000000000000000e+01 4.400000000000000000e+01 0.000000000000000000e+00 1.600000000000000089e+00 -5.969999999999999829e-04 2.683000000000000055e-03 -9.999959999999999960e-01 6.612590000000000412e-01 7.501560000000000450e-01 1.616999999999999948e-03 7.501569999999999627e-01 -6.612559999999999549e-01 -2.222000000000000017e-03
2.300000000000000000e+01 2.900000000000000000e+01 4.400000000000000000e+01 0.000000000000000000e+00 1.600000000000000089e+00 9.190000000000000035e-04 2.481999999999999831e-03 -9.999959999999999960e-01 6.561820000000000430e-01 7.545979999999999910e-01 2.475999999999999902e-03 7.546019999999999950e-01 -6.561820000000000430e-01 -9.349999999999999587e-04
2.800000000000000000e+01 2.900000000000000000e+01 4.400000000000000000e+01 0.000000000000000000e+00 1.600000000000000089e+00 1.423999999999999919e-03 -1.396000000000000105e-03 -9.999980000000000535e-01 6.530230000000000201e-01 7.573379999999999557e-01 -1.279999999999999942e-04 7.573370000000000379e-01 -6.530209999999999626e-01 1.990000000000000015e-03
3.000000000000000000e+00 5.400000000000000000e+01 4.600000000000000000e+01 0.000000000000000000e+00 1.600000000000000089e+00 -6.045000000000000026e-03 7.786000000000000386e-03 9.999510000000000343e-01 3.110399999999999832e-01 -9.503509999999999458e-01 9.280999999999999320e-03 9.503779999999999450e-01 3.110809999999999964e-01 3.322999999999999999e-03
1.200000000000000000e+01 5.400000000000000000e+01 4.600000000000000000e+01 0.000000000000000000e+00 1.600000000000000089e+00 9.590000000000000000e-04 -8.392999999999999419e-03 9.999639999999999640e-01 3.076200000000000045e-01 -9.514730000000000132e-01 -8.281000000000000166e-03 9.515090000000000492e-01 3.076169999999999738e-01 1.668999999999999911e-03
2.200000000000000000e+01 5.400000000000000000e+01 4.600000000000000000e+01 0.000000000000000000e+00 1.600000000000000089e+00 5.419999999999999471e-04 -9.589000000000000301e-03 9.999540000000000095e-01 3.175049999999999817e-01 -9.482110000000000261e-01 -9.263999999999999665e-03 9.482559999999999878e-01 3.174960000000000004e-01 2.530999999999999830e-03
5.000000000000000000e+00 6.500000000000000000e+01 4.600000000000000000e+01 0.000000000000000000e+00 1.600000000000000089e+00 1.662000000000000066e-03 -7.799999999999999859e-04 9.999980000000000535e-01 6.797750000000000181e-01 -7.334190000000000431e-01 -1.701000000000000038e-03 7.334190000000000431e-01 6.797760000000000469e-01 -6.890000000000000508e-04
2.000000000000000000e+00 7.000000000000000000e+00 5.200000000000000000e+01 0.000000000000000000e+00 1.600000000000000089e+00 -8.159999999999999936e-04 1.685999999999999999e-03 -9.999980000000000535e-01 1.034830000000000055e-01 -9.946300000000000141e-01 -1.760999999999999979e-03 -9.946310000000000429e-01 -1.034840000000000065e-01 6.369999999999999794e-04
3.000000000000000000e+00 6.300000000000000000e+01 5.400000000000000000e+01 0.000000000000000000e+00 1.600000000000000089e+00 1.726000000000000104e-03 3.054999999999999990e-03 9.999940000000000495e-01 -3.623770000000000047e-01 9.320289999999999964e-01 -2.220999999999999884e-03 -9.320300000000000251e-01 -3.623709999999999987e-01 2.716000000000000098e-03
6.000000000000000000e+00 6.300000000000000000e+01 5.400000000000000000e+01 0.000000000000000000e+00 1.600000000000000089e+00 6.989999999999999686e-04 2.703999999999999806e-03 9.999959999999999960e-01 -3.619240000000000235e-01 9.322049999999999503e-01 -2.268000000000000051e-03 -9.322080000000000366e-01 -3.619209999999999927e-01 1.629999999999999939e-03
1.000000000000000000e+01 6.300000000000000000e+01 5.400000000000000000e+01 0.000000000000000000e+00 1.600000000000000089e+00 -1.330000000000000073e-04 2.285999999999999838e-03 9.999970000000000248e-01 -3.626840000000000064e-01 9.319100000000000161e-01 -2.177999999999999815e-03 -9.319119999999999626e-01 -3.626829999999999776e-01 7.050000000000000060e-04
1.500000000000000000e+01 6.300000000000000000e+01 5.400000000000000000e+01 0.000000000000000000e+00 1.600000000000000089e+00 -1.877999999999999895e-03 1.936000000000000004e-03 9.999959999999999960e-01 -3.530010000000000092e-01 9.356200000000000072e-01 -2.474000000000000071e-03 -9.356210000000000360e-01 -3.530039999999999845e-01 -1.074000000000000085e-03
1.900000000000000000e+01 6.300000000000000000e+01 5.400000000000000000e+01 0.000000000000000000e+00 1.600000000000000089e+00 1.800000000000000113e-04 4.318999999999999923e-03 9.999909999999999632e-01 -3.486620000000000275e-01 9.372399999999999620e-01 -3.984999999999999827e-03 -9.372489999999999988e-01 -3.486580000000000235e-01 1.675000000000000057e-03
2.300000000000000000e+01 6.300000000000000000e+01 5.400000000000000000e+01 0.000000000000000000e+00 1.600000000000000089e+00 -2.139999999999999975e-04 4.749999999999999990e-04 1.000000000000000000e+00 -3.477169999999999983e-01 9.375989999999999602e-01 -5.190000000000000386e-04 -9.375999999999999890e-01 -3.477169999999999983e-01 -3.499999999999999693e-05
7.000000000000000000e+00 2.500000000000000000e+01 5.500000000000000000e+01 0.000000000000000000e+00 1.600000000000000089e+00 -3.699999999999999947e-04 -6.250000000000000130e-04 -1.000000000000000000e+00 -1.115900000000000052e-02 -9.999379999999999935e-01 6.290000000000000018e-04 -9.999379999999999935e-01 1.115900000000000052e-02 3.629999999999999872e-04
1.100000000000000000e+01 2.500000000000000000e+01 5.500000000000000000e+01 0.000000000000000000e+00 1.600000000000000089e+00 4.199999999999999768e-05 -4.699999999999999724e-05 -1.000000000000000000e+00 -1.032100000000000031e-02 -9.999470000000000303e-01 4.699999999999999724e-05 -9.999470000000000303e-01 1.032100000000000031e-02 -4.300000000000000165e-05
1.400000000000000000e+01 2.500000000000000000e+01 5.500000000000000000e+01 0.000000000000000000e+00 1.600000000000000089e+00 -7.499999999999999343e-05 -1.781999999999999947e-03 -9.999980000000000535e-01 -1.025099999999999970e-02 -9.999460000000000015e-01 1.783000000000000080e-03 -9.999470000000000303e-01 1.025099999999999970e-02 5.700000000000000314e-05
2.200000000000000000e+01 2.500000000000000000e+01 5.500000000000000000e+01 0.000000000000000000e+00 1.600000000000000089e+00 4.560000000000000251e-04 -1.510000000000000112e-04 -1.000000000000000000e+00 -1.076200000000000073e-02 -9.999419999999999975e-01 1.459999999999999981e-04 -9.999419999999999975e-01 1.076200000000000073e-02 -4.580000000000000195e-04
2.800000000000000000e+01 2.500000000000000000e+01 5.500000000000000000e+01 0.000000000000000000e+00 1.600000000000000089e+00 9.499999999999999981e-04 -1.253999999999999906e-03 -9.999989999999999712e-01 -1.180699999999999979e-02 -9.999299999999999855e-01 1.242999999999999964e-03 -9.999299999999999855e-01 1.180600000000000052e-02 -9.650000000000000374e-04
1.200000000000000000e+01 6.800000000000000000e+01 5.700000000000000000e+01 0.000000000000000000e+00 1.600000000000000089e+00 1.319999999999999993e-03 2.733999999999999885e-03 -9.999949999999999672e-01 -2.458950000000000025e-01 -9.692920000000000424e-01 -2.975000000000000214e-03 -9.692960000000000464e-01 2.458980000000000055e-01 -6.070000000000000092e-04
6.000000000000000000e+00 2.100000000000000000e+01 6.000000000000000000e+01 0.000000000000000000e+00 1.600000000000000089e+00 -1.758999999999999930e-03 2.704999999999999939e-03 9.999949999999999672e-01 -9.382100000000000162e-02 9.955850000000000533e-01 -2.857999999999999863e-03 -9.955880000000000285e-01 -9.382500000000000562e-02 -1.497000000000000067e-03
1.400000000000000000e+01 2.100000000000000000e+01 6.000000000000000000e+01 0.000000000000000000e+00 1.600000000000000089e+00 -9.799999999999999684e-05 8.403000000000000747e-03 9.999649999999999928e-01 -9.549599999999999755e-02 9.953950000000000298e-01 -8.373999999999999500e-03 -9.954300000000000370e-01 -9.549399999999999555e-02 7.050000000000000060e-04
1.800000000000000000e+01 2.100000000000000000e+01 6.000000000000000000e+01 0.000000000000000000e+00 1.600000000000000089e+00 -8.159999999999999936e-04 2.359999999999999902e-04 1.000000000000000000e+00 -9.449699999999999767e-02 9.955249999999999932e-01 -3.119999999999999944e-04 -9.955249999999999932e-01 -9.449799999999999867e-02 -7.900000000000000121e-04
2.700000000000000000e+01 2.100000000000000000e+01 6.000000000000000000e+01 0.000000000000000000e+00 1.600000000000000089e+00 -4.200000000000000174e-04 -1.860000000000000108e-03 9.999980000000000535e-01 -9.633400000000000296e-02 9.953469999999999818e-01 1.810999999999999893e-03 -9.953490000000000393e-01 -9.633300000000000196e-02 -5.969999999999999829e-04
2.700000000000000000e+01 6.000000000000000000e+00 6.100000000000000000e+01 0.000000000000000000e+00 1.600000000000000089e+00 5.892999999999999801e-03 3.520000000000000125e-03 9.999759999999999760e-01 5.773700000000000498e-01 -8.164820000000000411e-01 -5.289999999999999564e-04 8.164609999999999923e-01 5.773599999999999843e-01 -6.844000000000000257e-03
1.800000000000000000e+01 3.000000000000000000e+00 6.300000000000000000e+01 0.000000000000000000e+00 1.600000000000000089e+00 -6.229999999999999644e-04 -3.359999999999999814e-04 1.000000000000000000e+00 -6.142320000000000002e-01 7.891249999999999654e-01 -1.169999999999999979e-04 -7.891249999999999654e-01 -6.142320000000000002e-01 -6.980000000000000527e-04
2.300000000000000000e+01 3.000000000000000000e+00 6.300000000000000000e+01 0.000000000000000000e+00 1.600000000000000089e+00 -1.002000000000000069e-03 1.139999999999999954e-03 9.999989999999999712e-01 -6.156380000000000186e-01 7.880270000000000330e-01 -1.515999999999999986e-03 -7.880279999999999507e-01 -6.156390000000000473e-01 -8.700000000000000051e-05
5.000000000000000000e+00 2.700000000000000000e+01 6.300000000000000000e+01 0.000000000000000000e+00 1.600000000000000089e+00 -2.171000000000000187e-03 -1.084500000000000047e-02 9.999390000000000223e-01 -2.775369999999999782e-01 9.606649999999999912e-01 9.816999999999999338e-03 -9.607120000000000104e-01 -2.774989999999999957e-01 -5.095999999999999835e-03
8.000000000000000000e+00 2.700000000000000000e+01 6.300000000000000000e+01 0.000000000000000000e+00 1.600000000000000089e+00 -1.016999999999999892e-03 -4.911999999999999700e-03 9.999869999999999592e-01 -2.770710000000000117e-01 9.608389999999999986e-01 4.438000000000000105e-03 -9.608489999999999531e-01 -2.770630000000000037e-01 -2.337999999999999801e-03
1.300000000000000000e+01 2.700000000000000000e+01 6.300000000000000000e+01 0.000000000000000000e+00 1.600000000000000089e+00 7.479999999999999670e-04 2.625999999999999862e-03 9.999959999999999960e-01 -2.800090000000000079e-01 9.599950000000000427e-01 -2.311999999999999819e-03 -9.599969999999999892e-01 -2.800059999999999771e-01 1.453999999999999997e-03
1.900000000000000000e+01 2.700000000000000000e+01 6.300000000000000000e+01 0.000000000000000000e+00 1.600000000000000089e+00 1.263000000000000017e-03 2.286999999999999970e-03 9.999970000000000248e-01 -2.815739999999999910e-01 9.595380000000000020e-01 -1.838999999999999923e-03 -9.595390000000000308e-01 -2.815699999999999870e-01 1.855000000000000095e-03
2.300000000000000000e+01 2.700000000000000000e+01 6.300000000000000000e+01 0.000000000000000000e+00 1.600000000000000089e+00 -2.200000000000000078e-04 3.454000000000000039e-03 9.999940000000000495e-01 -2.780929999999999791e-01 9.605479999999999574e-01 -3.379000000000000059e-03 -9.605540000000000189e-01 -2.780920000000000059e-01 7.489999999999999913e-04
2.700000000000000000e+01 2.700000000000000000e+01 6.300000000000000000e+01 0.000000000000000000e+00 1.600000000000000089e+00 -1.997000000000000077e-03 -2.503000000000000017e-03 9.999949999999999672e-01 -2.782890000000000086e-01 9.604960000000000164e-01 1.848000000000000033e-03 -9.604949999999999877e-01 -2.782839999999999758e-01 -2.614000000000000004e-03
