1.600000000000000000e+01 2.500000000000000000e+01 1.000000000000000000e+00 0.000000000000000000e+00 1.600000000000000089e+00 3.926999999999999935e-03 -4.477000000000000077e-03 -9.999820000000000375e-01 -5.219979999999999620e-01 -8.529449999999999532e-01 1.768999999999999956e-03 -8.529379999999999740e-01 5.219810000000000283e-01 -5.687000000000000215e-03
2.400000000000000000e+01 2.500000000000000000e+01 1.000000000000000000e+00 0.000000000000000000e+00 1.600000000000000089e+00 2.809999999999999998e-03 4.701999999999999583e-03 -9.999850000000000128e-01 -5.249779999999999447e-01 -8.510980000000000212e-01 -5.477000000000000098e-03 -8.511109999999999509e-01 5.249850000000000350e-01 7.700000000000000139e-05
1.000000000000000000e+01 4.200000000000000000e+01 2.000000000000000000e+00 0.000000000000000000e+00 1.600000000000000089e+00 6.590999999999999637e-03 -1.327599999999999961e-02 -9.998899999999999455e-01 9.829879999999999729e-01 -1.834510000000000030e-01 8.914999999999999314e-03 -1.835489999999999899e-01 -9.829390000000000072e-01 1.184100000000000083e-02
3.000000000000000000e+00 1.500000000000000000e+01 4.000000000000000000e+00 0.000000000000000000e+00 1.600000000000000089e+00 -4.041999999999999586e-03 -3.739999999999999835e-03 9.999850000000000128e-01 3.110040000000000027e-01 -9.504059999999999730e-01 -2.296999999999999997e-03 9.504000000000000226e-01 3.109899999999999887e-01 5.004999999999999900e-03
6.000000000000000000e+00 1.500000000000000000e+01 4.000000000000000000e+00 0.000000000000000000e+00 1.600000000000000089e+00 -3.285999999999999859e-03 -2.396000000000000126e-03 9.999919999999999920e-01 3.101630000000000220e-01 -9.506829999999999448e-01 -1.258000000000000004e-03 9.506780000000000230e-01 3.101559999999999873e-01 3.867000000000000211e-03
1.500000000000000000e+01 1.500000000000000000e+01 4.000000000000000000e+00 0.000000000000000000e+00 1.600000000000000089e+00 1.985999999999999918e-03 3.278000000000000098e-03 9.999930000000000208e-01 3.055999999999999828e-01 -9.521570000000000311e-01 2.514000000000000175e-03 9.521579999999999488e-01 3.055930000000000035e-01 -2.893000000000000172e-03
2.500000000000000000e+01 1.500000000000000000e+01 4.000000000000000000e+00 0.000000000000000000e+00 1.600000000000000089e+00 -8.212999999999999814e-03 -3.580999999999999982e-03 9.999599999999999600e-01 3.006690000000000196e-01 -9.537280000000000202e-01 -9.460000000000000093e-04 9.536930000000000129e-01 3.006489999999999996e-01 8.909999999999999518e-03
2.900000000000000000e+01 1.500000000000000000e+01 4.000000000000000000e+00 0.000000000000000000e+00 1.600000000000000089e+00 -7.611999999999999843e-03 -8.231999999999999734e-03 9.999369999999999647e-01 2.985309999999999908e-01 -9.543840000000000101e-01 -5.584999999999999687e-03 9.543700000000000516e-01 2.984689999999999843e-01 9.721999999999999739e-03
2.000000000000000000e+00 1.010000000000000000e+02 7.000000000000000000e+00 0.000000000000000000e+00 1.600000000000000089e+00 -1.768000000000000040e-03 9.487000000000000641e-03 9.999529999999999808e-01 8.806619999999999449e-01 4.737350000000000172e-01 -2.938000000000000073e-03 -4.737410000000000232e-01 8.806159999999999544e-01 -9.192000000000000517e-03
2.800000000000000000e+01 1.010000000000000000e+02 7.000000000000000000e+00 0.000000000000000000e+00 1.600000000000000089e+00 7.200000000000000182e-05 2.043899999999999884e-02 9.997909999999999853e-01 8.842160000000000020e-01 4.669800000000000062e-01 -9.610000000000000486e-03 -4.670790000000000219e-01 8.840320000000000400e-01 -1.803799999999999848e-02
7.000000000000000000e+00 1.500000000000000000e+01 8.000000000000000000e+00 0.000000000000000000e+00 1.600000000000000089e+00 1.239000000000000084e-03 5.940000000000000184e-04 -9.999989999999999712e-01 -5.989989999999999482e-01 -8.007490000000000441e-01 -1.217999999999999899e-03 -8.007490000000000441e-01 5.989999999999999769e-01 -6.369999999999999794e-04
4.000000000000000000e+00 2.500000000000000000e+01 8.000000000000000000e+00 0.000000000000000000e+00 1.600000000000000089e+00 -3.999999999999999819e-06 2.814999999999999794e-03 -9.999959999999999960e-01 4.446410000000000085e-01 8.957049999999999734e-01 2.520000000000000104e-03 8.957089999999999774e-01 -4.446390000000000065e-01 -1.255000000000000039e-03
7.000000000000000000e+00 2.500000000000000000e+01 8.000000000000000000e+00 0.000000000000000000e+00 1.600000000000000089e+00 -1.876999999999999979e-03 -1.293000000000000095e-03 -9.999970000000000248e-01 4.434699999999999753e-01 8.962869999999999449e-01 -1.991000000000000148e-03 8.962869999999999449e-01 -4.434719999999999773e-01 -1.108999999999999960e-03
1.000000000000000000e+01 2.500000000000000000e+01 8.000000000000000000e+00 0.000000000000000000e+00 1.600000000000000089e+00 -1.007999999999999998e-03 -7.298999999999999932e-03 -9.999730000000000008e-01 4.445470000000000255e-01 8.957279999999999687e-01 -6.986000000000000022e-03 8.957549999999999679e-01 -4.445419999999999927e-01 2.341999999999999898e-03
1.400000000000000000e+01 2.500000000000000000e+01 8.000000000000000000e+00 0.000000000000000000e+00 1.600000000000000089e+00 -1.603999999999999957e-03 -5.899999999999999863e-03 -9.999810000000000088e-01 4.471700000000000119e-01 8.944290000000000296e-01 -5.995000000000000329e-03 8.944469999999999921e-01 -4.471720000000000139e-01 1.203999999999999992e-03
1.700000000000000000e+01 2.500000000000000000e+01 8.000000000000000000e+00 0.000000000000000000e+00 1.600000000000000089e+00 -3.350999999999999812e-03 -4.682999999999999663e-03 -9.999829999999999552e-01 4.487349999999999950e-01 8.936469999999999692e-01 -5.688999999999999613e-03 8.936579999999999524e-01 -4.487470000000000070e-01 -8.930000000000000221e-04
7.000000000000000000e+00 2.400000000000000000e+01 9.000000000000000000e+00 0.000000000000000000e+00 1.600000000000000089e+00 -1.325000000000000006e-03 -1.422000000000000087e-03 -9.999980000000000535e-01 4.470750000000000002e-01 8.944950000000000401e-01 -1.863999999999999988e-03 8.944959999999999578e-01 -4.470759999999999734e-01 -5.490000000000000088e-04
1.100000000000000000e+01 2.400000000000000000e+01 9.000000000000000000e+00 0.000000000000000000e+00 1.600000000000000089e+00 -9.870000000000000301e-04 -6.320000000000000097e-03 -9.999799999999999800e-01 4.480999999999999983e-01 8.939629999999999521e-01 -6.092000000000000193e-03 8.939829999999999721e-01 -4.480970000000000231e-01 1.949999999999999910e-03
1.800000000000000000e+01 2.400000000000000000e+01 9.000000000000000000e+00 0.000000000000000000e+00 1.600000000000000089e+00 -3.072000000000000078e-03 -1.763999999999999943e-03 -9.999940000000000495e-01 4.510199999999999765e-01 8.925089999999999968e-01 -2.959999999999999958e-03 8.925079999999999680e-01 -4.510270000000000112e-01 -1.946000000000000030e-03
2.200000000000000000e+01 2.400000000000000000e+01 9.000000000000000000e+00 0.000000000000000000e+00 1.600000000000000089e+00 -2.188999999999999974e-03 -6.706000000000000155e-03 -9.999749999999999472e-01 4.519960000000000089e-01 8.919930000000000359e-01 -6.970999999999999766e-03 8.920169999999999488e-01 -4.520000000000000129e-01 1.079000000000000098e-03
2.500000000000000000e+01 2.400000000000000000e+01 9.000000000000000000e+00 0.000000000000000000e+00 1.600000000000000089e+00 -2.717999999999999930e-03 -6.290999999999999717e-03 -9.999770000000000048e-01 4.523289999999999811e-01 8.918249999999999789e-01 -6.839999999999999726e-03 8.918469999999999454e-01 -4.523369999999999891e-01 4.209999999999999875e-04
1.900000000000000000e+01 3.200000000000000000e+01 1.400000000000000000e+01 0.000000000000000000e+00 1.600000000000000089e+00 3.589999999999999984e-04 6.409999999999999682e-04 -1.000000000000000000e+00 1.064260000000000067e-01 9.943199999999999816e-01 6.759999999999999516e-04 9.943210000000000104e-01 -1.064269999999999938e-01 2.889999999999999774e-04
2.600000000000000000e+01 1.200000000000000000e+01 1.500000000000000000e+01 0.000000000000000000e+00 1.600000000000000089e+00 2.622000000000000199e-03 4.623999999999999638e-03 -9.999860000000000415e-01 -4.690170000000000172e-01 -8.831729999999999858e-01 -5.314000000000000147e-03 -8.831849999999999978e-01 4.690250000000000252e-01 -1.469999999999999953e-04
2.200000000000000000e+01 1.100000000000000000e+01 1.600000000000000000e+01 0.000000000000000000e+00 1.600000000000000089e+00 1.028000000000000051e-03 8.490000000000000368e-04 -9.999989999999999712e-01 -4.169689999999999785e-01 -9.089199999999999502e-01 -1.199999999999999895e-03 -9.089199999999999502e-01 4.169700000000000073e-01 -5.800000000000000034e-04
4.000000000000000000e+00 1.160000000000000000e+02 1.600000000000000000e+01 0.000000000000000000e+00 1.600000000000000089e+00 1.283000000000000069e-03 -1.381000000000000066e-03 9.999980000000000535e-01 6.950749999999999984e-01 7.189379999999999660e-01 1.010000000000000020e-04 -7.189370000000000482e-01 6.950730000000000519e-01 1.881999999999999992e-03
1.500000000000000000e+01 1.160000000000000000e+02 1.600000000000000000e+01 0.000000000000000000e+00 1.600000000000000089e+00 2.026000000000000023e-03 9.619999999999999645e-04 9.999970000000000248e-01 6.791369999999999907e-01 7.340090000000000225e-01 -2.082000000000000083e-03 -7.340090000000000225e-01 6.791390000000000482e-01 8.339999999999999974e-04
2.000000000000000000e+01 1.160000000000000000e+02 1.600000000000000000e+01 0.000000000000000000e+00 1.600000000000000089e+00 -1.730000000000000038e-04 1.740000000000000010e-03 9.999980000000000535e-01 6.958950000000000413e-01 7.181429999999999758e-01 -1.129000000000000012e-03 -7.181440000000000046e-01 6.958929999999999838e-01 -1.335000000000000032e-03
2.500000000000000000e+01 1.160000000000000000e+02 1.600000000000000000e+01 0.000000000000000000e+00 1.600000000000000089e+00 1.665999999999999946e-03 -1.810999999999999893e-03 9.999970000000000248e-01 6.778549999999999853e-01 7.351959999999999607e-01 2.030000000000000012e-04 -7.351940000000000142e-01 6.778520000000000101e-01 2.452000000000000186e-03
3.000000000000000000e+00 2.000000000000000000e+00 1.900000000000000000e+01 0.000000000000000000e+00 1.600000000000000089e+00 -3.605000000000000131e-03 -3.614000000000000025e-03 -9.999869999999999592e-01 1.960899999999999865e-01 -9.805819999999999537e-01 2.837000000000000112e-03 -9.805789999999999784e-01 -1.960770000000000013e-01 4.243000000000000244e-03
8.000000000000000000e+00 2.000000000000000000e+00 1.900000000000000000e+01 0.000000000000000000e+00 1.600000000000000089e+00 -1.559999999999999972e-03 5.253999999999999990e-03 -9.999850000000000128e-01 1.979960000000000053e-01 -9.801879999999999482e-01 -5.459000000000000311e-03 -9.802020000000000177e-01 -1.980020000000000113e-01 4.889999999999999599e-04
1.200000000000000000e+01 2.000000000000000000e+00 1.900000000000000000e+01 0.000000000000000000e+00 1.600000000000000089e+00 -3.941000000000000059e-03 6.295000000000000248e-03 -9.999719999999999720e-01 1.980959999999999943e-01 -9.801579999999999737e-01 -6.950999999999999714e-03 -9.801750000000000185e-01 -1.981179999999999886e-01 2.615000000000000137e-03
1.500000000000000000e+01 2.000000000000000000e+00 1.900000000000000000e+01 0.000000000000000000e+00 1.600000000000000089e+00 -2.295000000000000165e-03 7.709999999999999840e-04 -9.999970000000000248e-01 1.966189999999999882e-01 -9.804789999999999894e-01 -1.206999999999999957e-03 -9.804770000000000429e-01 -1.966209999999999902e-01 2.099000000000000171e-03
2.100000000000000000e+01 2.000000000000000000e+00 1.900000000000000000e+01 0.000000000000000000e+00 1.600000000000000089e+00 4.169999999999999987e-04 -5.150000000000000064e-03 -9.999869999999999592e-01 1.935060000000000113e-01 -9.810860000000000136e-01 5.133999999999999675e-03 -9.810990000000000544e-01 -1.935060000000000113e-01 5.869999999999999567e-04
2.600000000000000000e+01 2.000000000000000000e+00 1.900000000000000000e+01 0.000000000000000000e+00 1.600000000000000089e+00 5.980000000000000072e-04 -8.959999999999999866e-04 -9.999989999999999712e-01 1.959420000000000051e-01 -9.806150000000000144e-01 9.959999999999999236e-04 -9.806150000000000144e-01 -1.959430000000000061e-01 -4.110000000000000155e-04
4.000000000000000000e+00 4.000000000000000000e+00 2.000000000000000000e+01 0.000000000000000000e+00 1.600000000000000089e+00 -1.505000000000000044e-03 -2.965999999999999887e-03 -9.999940000000000495e-01 2.894459999999999811e-01 -9.571910000000000140e-01 2.403000000000000188e-03 -9.571929999999999605e-01 -2.894410000000000038e-01 2.298999999999999828e-03
1.500000000000000000e+01 4.000000000000000000e+00 2.000000000000000000e+01 0.000000000000000000e+00 1.600000000000000089e+00 -4.335999999999999577e-03 -1.994999999999999812e-03 -9.999890000000000168e-01 2.908359999999999834e-01 -9.567729999999999846e-01 6.470000000000000057e-04 -9.567630000000000301e-01 -2.908299999999999774e-01 4.728999999999999697e-03
1.800000000000000000e+01 4.000000000000000000e+00 2.000000000000000000e+01 0.000000000000000000e+00 1.600000000000000089e+00 -4.539999999999999765e-04 -3.318999999999999902e-03 -9.999940000000000495e-01 2.881150000000000100e-01 -9.575909999999999700e-01 3.047999999999999928e-03 -9.575960000000000027e-01 -2.881119999999999792e-01 1.391000000000000092e-03
2.400000000000000000e+01 4.000000000000000000e+00 2.000000000000000000e+01 0.000000000000000000e+00 1.600000000000000089e+00 7.969999999999999654e-04 -2.688999999999999984e-03 -9.999959999999999960e-01 2.928339999999999832e-01 -9.561589999999999812e-01 2.804000000000000069e-03 -9.561629999999999852e-01 -2.928350000000000120e-01 2.599999999999999840e-05
7.000000000000000000e+00 1.300000000000000000e+01 2.000000000000000000e+01 0.000000000000000000e+00 1.600000000000000089e+00 -7.280000000000000230e-04 -4.769999999999999934e-04 1.000000000000000000e+00 2.539950000000000263e-01 9.672049999999999814e-01 6.459999999999999814e-04 -9.672049999999999814e-01 2.539959999999999996e-01 -5.839999999999999922e-04
1.200000000000000000e+01 1.300000000000000000e+01 2.000000000000000000e+01 0.000000000000000000e+00 1.600000000000000089e+00 -2.484999999999999796e-03 -6.591999999999999769e-03 9.999749999999999472e-01 2.566499999999999893e-01 9.664789999999999770e-01 7.008999999999999606e-03 -9.665010000000000545e-01 2.566609999999999725e-01 -7.100000000000000191e-04
1.700000000000000000e+01 1.300000000000000000e+01 2.000000000000000000e+01 0.000000000000000000e+00 1.600000000000000089e+00 -1.129999999999999955e-04 -6.089999999999999494e-04 1.000000000000000000e+00 2.568989999999999885e-01 9.664380000000000193e-01 6.179999999999999513e-04 -9.664380000000000193e-01 2.568989999999999885e-01 4.699999999999999724e-05
1.900000000000000000e+01 1.300000000000000000e+01 2.000000000000000000e+01 0.000000000000000000e+00 1.600000000000000089e+00 4.350000000000000026e-04 8.899999999999999491e-05 1.000000000000000000e+00 2.562329999999999885e-01 9.666150000000000020e-01 -1.979999999999999881e-04 -9.666150000000000020e-01 2.562329999999999885e-01 3.980000000000000248e-04
2.400000000000000000e+01 1.300000000000000000e+01 2.000000000000000000e+01 0.000000000000000000e+00 1.600000000000000089e+00 1.603999999999999957e-03 1.193999999999999966e-03 9.999980000000000535e-01 2.554640000000000244e-01 9.668170000000000375e-01 -1.564000000000000069e-03 -9.668170000000000375e-01 2.554660000000000264e-01 1.245999999999999929e-03
4.000000000000000000e+00 1.600000000000000000e+01 2.100000000000000000e+01 0.000000000000000000e+00 1.600000000000000089e+00 6.440000000000000412e-04 7.082999999999999886e-03 9.999749999999999472e-01 2.965090000000000225e-01 9.550049999999999928e-01 -6.955000000000000245e-03 -9.550300000000000455e-01 2.965059999999999918e-01 -1.484999999999999992e-03
7.000000000000000000e+00 1.600000000000000000e+01 2.100000000000000000e+01 0.000000000000000000e+00 1.600000000000000089e+00 -4.820000000000000066e-04 -7.010000000000000172e-04 1.000000000000000000e+00 2.967219999999999858e-01 9.549640000000000351e-01 8.120000000000000048e-04 -9.549640000000000351e-01 2.967219999999999858e-01 -2.519999999999999996e-04
1.200000000000000000e+01 1.600000000000000000e+01 2.100000000000000000e+01 0.000000000000000000e+00 1.600000000000000089e+00 -2.070999999999999924e-03 -6.773000000000000374e-03 9.999749999999999472e-01 2.986289999999999778e-01 9.543430000000000524e-01 7.082999999999999886e-03 -9.543669999999999654e-01 2.986360000000000126e-01 4.699999999999999724e-05
2.400000000000000000e+01 1.600000000000000000e+01 2.100000000000000000e+01 0.000000000000000000e+00 1.600000000000000089e+00 1.381999999999999982e-03 1.389999999999999960e-03 9.999980000000000535e-01 2.994330000000000047e-01 9.541159999999999641e-01 -1.740000000000000010e-03 -9.541159999999999641e-01 2.994350000000000067e-01 9.020000000000000240e-04
2.000000000000000000e+00 3.000000000000000000e+00 2.500000000000000000e+01 0.000000000000000000e+00 1.600000000000000089e+00 -2.471999999999999805e-03 1.850000000000000082e-03 9.999949999999999672e-01 -5.639199999999999768e-02 -9.984070000000000444e-01 1.708000000000000100e-03 9.984060000000000157e-01 -5.638699999999999962e-02 2.572000000000000067e-03
1.100000000000000000e+01 3.000000000000000000e+00 2.500000000000000000e+01 0.000000000000000000e+00 1.600000000000000089e+00 5.866999999999999819e-03 6.708000000000000421e-03 9.999599999999999600e-01 -5.480499999999999955e-02 -9.984720000000000262e-01 7.020000000000000198e-03 9.984800000000000342e-01 -5.484399999999999692e-02 -5.490000000000000088e-03
1.600000000000000000e+01 3.000000000000000000e+00 2.500000000000000000e+01 0.000000000000000000e+00 1.600000000000000089e+00 2.092000000000000109e-03 -4.030999999999999861e-03 9.999900000000000455e-01 -5.534700000000000036e-02 -9.984600000000000142e-01 -3.909000000000000148e-03 9.984650000000000469e-01 -5.533799999999999830e-02 -2.311999999999999819e-03
2.800000000000000000e+01 3.000000000000000000e+00 2.500000000000000000e+01 0.000000000000000000e+00 1.600000000000000089e+00 -2.922000000000000118e-03 4.049999999999999781e-04 9.999959999999999960e-01 -6.384299999999999697e-02 -9.979599999999999582e-01 2.169999999999999891e-04 9.979559999999999542e-01 -6.384299999999999697e-02 2.942000000000000171e-03
4.000000000000000000e+00 4.600000000000000000e+01 2.700000000000000000e+01 0.000000000000000000e+00 1.600000000000000089e+00 -2.083999999999999915e-03 9.309999999999999699e-04 -9.999970000000000248e-01 6.413649999999999629e-01 7.672360000000000291e-01 -6.220000000000000485e-04 7.672330000000000538e-01 -6.413640000000000452e-01 -2.196000000000000035e-03
1.000000000000000000e+01 4.600000000000000000e+01 2.700000000000000000e+01 0.000000000000000000e+00 1.600000000000000089e+00 1.131999999999999977e-03 -2.079999999999999872e-04 -9.999989999999999712e-01 6.442400000000000349e-01 7.648230000000000306e-01 5.699999999999999772e-04 7.648230000000000306e-01 -6.442400000000000349e-01 1.000000000000000021e-03
1.300000000000000000e+01 4.600000000000000000e+01 2.700000000000000000e+01 0.000000000000000000e+00 1.600000000000000089e+00 3.187999999999999862e-03 -5.969999999999999829e-04 -9.999949999999999672e-01 6.457720000000000127e-01 7.635290000000000132e-01 1.603000000000000041e-03 7.635239999999999805e-01 -6.457730000000000414e-01 2.818999999999999891e-03
2.300000000000000000e+01 4.600000000000000000e+01 2.700000000000000000e+01 0.000000000000000000e+00 1.600000000000000089e+00 -1.124999999999999915e-03 2.353000000000000057e-03 -9.999970000000000248e-01 6.550099999999999811e-01 7.556199999999999584e-01 1.041000000000000042e-03 7.556199999999999584e-01 -6.550059999999999771e-01 -2.390999999999999896e-03
1.600000000000000000e+01 4.600000000000000000e+01 3.000000000000000000e+01 0.000000000000000000e+00 1.600000000000000089e+00 1.539999999999999919e-03 1.853999999999999962e-03 -9.999970000000000248e-01 3.261560000000000015e-01 9.453129999999999589e-01 2.255000000000000060e-03 9.453150000000000164e-01 -3.261589999999999767e-01 8.509999999999999769e-04
6.000000000000000000e+00 5.800000000000000000e+01 3.100000000000000000e+01 0.000000000000000000e+00 1.600000000000000089e+00 -3.429999999999999889e-04 -2.024999999999999890e-03 9.999980000000000535e-01 -8.009089999999999820e-01 -5.987839999999999829e-01 -1.487000000000000040e-03 5.987860000000000404e-01 -8.009079999999999533e-01 -1.417000000000000074e-03
1.900000000000000000e+01 5.800000000000000000e+01 3.100000000000000000e+01 0.000000000000000000e+00 1.600000000000000089e+00 -7.619999999999999820e-04 -1.969999999999999963e-03 9.999980000000000535e-01 -8.028300000000000436e-01 -5.962060000000000137e-01 -1.786000000000000044e-03 5.962079999999999602e-01 -8.028290000000000148e-01 -1.128000000000000096e-03
2.400000000000000000e+01 5.800000000000000000e+01 3.100000000000000000e+01 0.000000000000000000e+00 1.600000000000000089e+00 1.029999999999999964e-04 -5.007000000000000166e-03 9.999869999999999592e-01 -8.009380000000000388e-01 -5.987400000000000500e-01 -2.915000000000000056e-03 5.987470000000000292e-01 -8.009279999999999733e-01 -4.072000000000000099e-03
2.800000000000000000e+01 5.800000000000000000e+01 3.100000000000000000e+01 0.000000000000000000e+00 1.600000000000000089e+00 4.531000000000000305e-03 -1.848000000000000033e-03 9.999879999999999880e-01 -7.952970000000000317e-01 -6.062149999999999483e-01 2.484000000000000097e-03 6.062030000000000474e-01 -7.952979999999999494e-01 -4.217000000000000262e-03
1.400000000000000000e+01 6.000000000000000000e+00 3.200000000000000000e+01 0.000000000000000000e+00 1.600000000000000089e+00 3.549000000000000071e-03 2.870999999999999854e-03 -9.999900000000000455e-01 9.382200000000000262e-02 9.955840000000000245e-01 3.190999999999999826e-03 9.955829999999999957e-01 -9.383299999999999974e-02 3.263999999999999974e-03
6.000000000000000000e+00 4.600000000000000000e+01 3.500000000000000000e+01 0.000000000000000000e+00 1.600000000000000089e+00 3.359999999999999814e-04 1.887000000000000005e-03 -9.999980000000000535e-01 3.846780000000000199e-01 -9.230500000000000371e-01 -1.611999999999999935e-03 -9.230509999999999549e-01 -3.846769999999999912e-01 -1.036000000000000029e-03
1.100000000000000000e+01 4.600000000000000000e+01 3.500000000000000000e+01 0.000000000000000000e+00 1.600000000000000089e+00 -1.320000000000000101e-04 3.286999999999999991e-03 -9.999949999999999672e-01 3.856200000000000183e-01 -9.226529999999999454e-01 -3.083999999999999936e-03 -9.226579999999999782e-01 -3.856180000000000163e-01 -1.146000000000000100e-03
1.700000000000000000e+01 4.600000000000000000e+01 3.500000000000000000e+01 0.000000000000000000e+00 1.600000000000000089e+00 2.979999999999999793e-04 -1.827000000000000065e-03 -9.999980000000000535e-01 3.849890000000000256e-01 -9.229190000000000449e-01 1.801000000000000083e-03 -9.229209999999999914e-01 -3.849890000000000256e-01 4.290000000000000193e-04
2.200000000000000000e+01 4.600000000000000000e+01 3.500000000000000000e+01 0.000000000000000000e+00 1.600000000000000089e+00 8.419999999999999750e-04 -1.289999999999999914e-04 -1.000000000000000000e+00 3.849969999999999781e-01 -9.229180000000000161e-01 4.429999999999999802e-04 -9.229169999999999874e-01 -3.849980000000000069e-01 -7.280000000000000230e-04
2.800000000000000000e+01 4.600000000000000000e+01 3.500000000000000000e+01 0.000000000000000000e+00 1.600000000000000089e+00 -9.030000000000000483e-04 -1.874000000000000015e-03 -9.999980000000000535e-01 3.844159999999999799e-01 -9.231589999999999518e-01 1.381999999999999982e-03 -9.231599999999999806e-01 -3.844139999999999779e-01 1.554000000000000043e-03
7.000000000000000000e+00 9.500000000000000000e+01 3.600000000000000000e+01 0.000000000000000000e+00 1.600000000000000089e+00 1.353999999999999952e-03 2.851999999999999934e-03 9.999949999999999672e-01 9.982689999999999619e-01 5.879100000000000298e-02 -1.518999999999999951e-03 -5.879500000000000004e-02 9.982659999999999867e-01 -2.766999999999999928e-03
1.200000000000000000e+01 9.500000000000000000e+01 3.600000000000000000e+01 0.000000000000000000e+00 1.600000000000000089e+00 8.071000000000000049e-03 9.339999999999999344e-03 9.999240000000000350e-01 9.976110000000000255e-01 6.852900000000000658e-02 -8.692999999999999339e-03 -6.860499999999999932e-02 9.976049999999999640e-01 -8.763999999999999221e-03
1.600000000000000000e+01 9.500000000000000000e+01 3.600000000000000000e+01 0.000000000000000000e+00 1.600000000000000089e+00 7.962000000000000327e-03 1.105300000000000032e-02 9.999069999999999903e-01 9.975730000000000430e-01 6.908699999999999564e-02 -8.706999999999999462e-03 -6.917700000000000238e-02 9.975490000000000190e-01 -1.047599999999999920e-02
2.400000000000000000e+01 9.500000000000000000e+01 3.600000000000000000e+01 0.000000000000000000e+00 1.600000000000000089e+00 -2.314999999999999784e-03 1.768999999999999956e-03 9.999959999999999960e-01 9.967460000000000209e-01 8.057200000000000473e-02 2.164999999999999824e-03 -8.056800000000000073e-02 9.967470000000000496e-01 -1.949999999999999910e-03
1.000000000000000000e+00 3.000000000000000000e+00 4.300000000000000000e+01 0.000000000000000000e+00 1.600000000000000089e+00 -2.637000000000000021e-03 -2.260399999999999909e-02 -9.997409999999999908e-01 7.399189999999999934e-01 -6.725649999999999684e-01 1.325499999999999942e-02 -6.726900000000000102e-01 -7.396930000000000449e-01 1.849900000000000155e-02
8.000000000000000000e+00 3.000000000000000000e+00 4.300000000000000000e+01 0.000000000000000000e+00 1.600000000000000089e+00 2.028999999999999988e-03 -2.399999999999999790e-03 -9.999949999999999672e-01 7.380309999999999926e-01 -6.747600000000000264e-01 3.116999999999999979e-03 -6.747640000000000304e-01 -7.380339999999999678e-01 4.020000000000000136e-04
1.500000000000000000e+01 3.000000000000000000e+00 4.300000000000000000e+01 0.000000000000000000e+00 1.600000000000000089e+00 -4.429999999999999802e-04 2.339700000000000113e-02 -9.997260000000000035e-01 7.396540000000000337e-01 -6.727950000000000319e-01 -1.607300000000000048e-02 -6.729870000000000019e-01 -7.394589999999999774e-01 -1.700799999999999881e-02
2.200000000000000000e+01 3.000000000000000000e+00 4.300000000000000000e+01 0.000000000000000000e+00 1.600000000000000089e+00 1.614999999999999899e-03 4.413000000000000256e-03 -9.999890000000000168e-01 7.366570000000000062e-01 -6.762639999999999763e-01 -1.794999999999999938e-03 -6.762639999999999763e-01 -7.366460000000000230e-01 -4.342999999999999639e-03
2.900000000000000000e+01 3.000000000000000000e+00 4.300000000000000000e+01 0.000000000000000000e+00 1.600000000000000089e+00 -5.990000000000000316e-04 -1.754100000000000104e-02 -9.998460000000000125e-01 7.324460000000000415e-01 -6.807279999999999998e-01 1.150400000000000034e-02 -6.808250000000000135e-01 -7.323260000000000325e-01 1.325600000000000042e-02
4.000000000000000000e+00 8.000000000000000000e+00 4.400000000000000000e+01 0.000000000000000000e+00 1.600000000000000089e+00 -5.150000000000000498e-04 -7.008999999999999606e-03 9.999749999999999472e-01 -7.816020000000000190e-01 -6.237589999999999524e-01 -4.773999999999999598e-03 6.237770000000000259e-01 -7.815849999999999742e-01 -5.157000000000000126e-03
8.000000000000000000e+00 8.000000000000000000e+00 4.400000000000000000e+01 0.000000000000000000e+00 1.600000000000000089e+00 -9.150000000000000147e-04 4.570000000000000277e-03 9.999890000000000168e-01 -7.828709999999999836e-01 -6.221799999999999553e-01 2.126999999999999984e-03 6.221830000000000416e-01 -7.828610000000000291e-01 4.146999999999999645e-03
1.800000000000000000e+01 8.000000000000000000e+00 4.400000000000000000e+01 0.000000000000000000e+00 1.600000000000000089e+00 1.337999999999999997e-03 2.889000000000000075e-03 9.999949999999999672e-01 -7.852510000000000323e-01 -6.191710000000000269e-01 2.840000000000000076e-03 6.191759999999999486e-01 -7.852510000000000323e-01 1.440000000000000091e-03
3.000000000000000000e+00 2.900000000000000000e+01 4.400000000000000000e+01 0.000000000000000000e+00 1.600000000000000089e+00 1.923999999999999929e-03 -4.314000000000000126e-03 -9.999890000000000168e-01 6.694949999999999513e-01 7.428139999999999743e-01 -1.915999999999999951e-03 7.428139999999999743e-01 -6.694839999999999680e-01 4.317999999999999790e-03
8.000000000000000000e+00 2.900000000000000000e+01 4.400000000000000000e+01 0.000000000000000000e+00 1.600000000000000089e+00 1.435999999999999993e-03 -3.464000000000000065e-03 -9.999930000000000208e-01 6.772089999999999499e-01 7.357890000000000263e-01 -1.575999999999999927e-03 7.357900000000000551e-01 -6.772019999999999706e-01 3.402000000000000076e-03
1.600000000000000000e+01 2.900000000000000000e+01 4.400000000000000000e+01 0.000000000000000000e+00 1.600000000000000089e+00 1.974000000000000060e-03 -5.659999999999999884e-04 -9.999980000000000535e-01 6.843900000000000539e-01 7.291149999999999576e-01 9.389999999999999476e-04 7.291130000000000111e-01 -6.843909999999999716e-01 1.827000000000000065e-03
2.000000000000000000e+01 2.900000000000000000e+01 4.400000000000000000e+01 0.000000000000000000e+00 1.600000000000000089e+00 1.337999999999999997e-03 -1.464999999999999939e-03 -9.999980000000000535e-01 6.873209999999999598e-01 7.263540000000000552e-01 -1.440000000000000036e-04 7.263530000000000264e-01 -6.873190000000000133e-01 1.978999999999999856e-03
2.400000000000000000e+01 2.900000000000000000e+01 4.400000000000000000e+01 0.000000000000000000e+00 1.600000000000000089e+00 -2.610000000000000015e-04 4.279999999999999950e-04 -1.000000000000000000e+00 6.867579999999999796e-01 7.268860000000000321e-01 1.320000000000000101e-04 7.268860000000000321e-01 -6.867579999999999796e-01 -4.829999999999999767e-04
2.700000000000000000e+01 2.900000000000000000e+01 4.400000000000000000e+01 0.000000000000000000e+00 1.600000000000000089e+00 -1.299999999999999920e-05 2.464000000000000044e-03 -9.999970000000000248e-01 6.848499999999999588e-01 7.286820000000000519e-01 1.786999999999999960e-03 7.286839999999999984e-01 -6.848480000000000123e-01 -1.696999999999999941e-03
2.900000000000000000e+01 5.400000000000000000e+01 4.600000000000000000e+01 0.000000000000000000e+00 1.600000000000000089e+00 -3.501999999999999905e-03 -2.729999999999999788e-03 9.999900000000000455e-01 3.135999999999999899e-01 -9.495540000000000092e-01 -1.494000000000000102e-03 9.495489999999999764e-01 3.135910000000000086e-01 4.180999999999999821e-03
1.000000000000000000e+00 5.000000000000000000e+00 5.100000000000000000e+01 0.000000000000000000e+00 1.600000000000000089e+00 -3.507999999999999834e-03 -2.749999999999999840e-03 -9.999900000000000455e-01 4.905160000000000076e-01 -8.714319999999999844e-01 6.750000000000000357e-04 -8.714250000000000052e-01 -4.905089999999999728e-01 4.405000000000000061e-03
5.000000000000000000e+00 5.000000000000000000e+00 5.100000000000000000e+01 0.000000000000000000e+00 1.600000000000000089e+00 -2.869000000000000022e-03 1.353999999999999952e-03 -9.999949999999999672e-01 4.908319999999999905e-01 -8.712499999999999689e-01 -2.588000000000000023e-03 -8.712490000000000512e-01 -4.908370000000000233e-01 1.835000000000000043e-03
8.000000000000000000e+00 5.000000000000000000e+00 5.100000000000000000e+01 0.000000000000000000e+00 1.600000000000000089e+00 -2.635999999999999888e-03 3.269000000000000204e-03 -9.999909999999999632e-01 4.920229999999999881e-01 -8.705730000000000413e-01 -4.142999999999999981e-03 -8.705779999999999630e-01 -4.920289999999999941e-01 6.859999999999999779e-04
1.000000000000000000e+01 6.000000000000000000e+00 5.100000000000000000e+01 0.000000000000000000e+00 1.600000000000000089e+00 -2.730000000000000222e-04 1.379000000000000017e-03 -9.999989999999999712e-01 3.276189999999999936e-01 -9.448090000000000099e-01 -1.392999999999999924e-03 -9.448100000000000387e-01 -3.276189999999999936e-01 -1.939999999999999993e-04
6.000000000000000000e+00 7.000000000000000000e+00 5.200000000000000000e+01 0.000000000000000000e+00 1.600000000000000089e+00 -1.136999999999999990e-03 4.845000000000000348e-03 -9.999879999999999880e-01 1.090379999999999960e-01 -9.940250000000000474e-01 -4.939999999999999947e-03 -9.940369999999999484e-01 -1.090420000000000000e-01 6.019999999999999961e-04
2.600000000000000000e+01 7.000000000000000000e+00 5.200000000000000000e+01 0.000000000000000000e+00 1.600000000000000089e+00 -4.687000000000000194e-03 -8.323999999999999802e-03 -9.999540000000000095e-01 1.054329999999999989e-01 -9.943959999999999466e-01 7.782999999999999988e-03 -9.944150000000000489e-01 -1.053909999999999986e-01 5.538000000000000388e-03
2.800000000000000000e+01 7.000000000000000000e+00 5.200000000000000000e+01 0.000000000000000000e+00 1.600000000000000089e+00 -3.664999999999999855e-03 -6.866999999999999840e-03 -9.999700000000000255e-01 1.070070000000000049e-01 -9.942370000000000374e-01 6.434999999999999748e-03 -9.942520000000000246e-01 -1.069800000000000056e-01 4.379000000000000080e-03
1.000000000000000000e+00 6.300000000000000000e+01 5.400000000000000000e+01 0.000000000000000000e+00 1.600000000000000089e+00 1.240000000000000000e-03 -1.853000000000000046e-03 9.999970000000000248e-01 -3.487379999999999924e-01 9.372179999999999955e-01 2.168999999999999921e-03 -9.372200000000000530e-01 -3.487390000000000212e-01 5.159999999999999656e-04
6.000000000000000000e+00 6.300000000000000000e+01 5.400000000000000000e+01 0.000000000000000000e+00 1.600000000000000089e+00 -3.080000000000000055e-04 -6.989999999999999686e-04 1.000000000000000000e+00 -3.594740000000000157e-01 9.331549999999999567e-01 5.410000000000000312e-04 -9.331549999999999567e-01 -3.594740000000000157e-01 -5.379999999999999583e-04
1.100000000000000000e+01 6.300000000000000000e+01 5.400000000000000000e+01 0.000000000000000000e+00 1.600000000000000089e+00 6.800000000000000488e-04 -1.453000000000000081e-03 9.999989999999999712e-01 -3.525079999999999880e-01 9.358070000000000555e-01 1.598999999999999944e-03 -9.358090000000000019e-01 -3.525090000000000168e-01 1.250000000000000026e-04
2.000000000000000000e+01 6.300000000000000000e+01 5.400000000000000000e+01 0.000000000000000000e+00 1.600000000000000089e+00 1.200000000000000030e-04 -3.190999999999999826e-03 9.999949999999999672e-01 -3.502190000000000025e-01 9.366630000000000233e-01 3.030999999999999840e-03 -9.366679999999999451e-01 -3.502179999999999738e-01 -1.005000000000000034e-03
2.900000000000000000e+01 6.300000000000000000e+01 5.400000000000000000e+01 0.000000000000000000e+00 1.600000000000000089e+00 1.683999999999999950e-03 4.539999999999999765e-04 9.999980000000000535e-01 -3.598549999999999804e-01 9.330079999999999485e-01 1.820000000000000057e-04 -9.330070000000000308e-01 -3.598549999999999804e-01 1.734999999999999997e-03
1.400000000000000000e+01 2.500000000000000000e+01 5.500000000000000000e+01 0.000000000000000000e+00 1.600000000000000089e+00 9.810000000000001011e-04 -1.350000000000000071e-03 -9.999989999999999712e-01 -1.351600000000000024e-02 -9.999080000000000190e-01 1.337000000000000081e-03 -9.999080000000000190e-01 1.351499999999999924e-02 -1.000000000000000021e-03
2.300000000000000000e+01 2.500000000000000000e+01 5.500000000000000000e+01 0.000000000000000000e+00 1.600000000000000089e+00 2.790000000000000054e-04 1.485999999999999908e-03 -9.999989999999999712e-01 -1.484399999999999956e-02 -9.998890000000000278e-01 -1.490000000000000005e-03 -9.998899999999999455e-01 1.484500000000000056e-02 -2.570000000000000127e-04
4.000000000000000000e+00 6.800000000000000000e+01 5.700000000000000000e+01 0.000000000000000000e+00 1.600000000000000089e+00 -4.800000000000000122e-04 -8.978999999999999135e-03 -9.999599999999999600e-01 -2.460779999999999912e-01 -9.692100000000000160e-01 8.819999999999999715e-03 -9.692499999999999449e-01 2.460720000000000129e-01 -1.745000000000000023e-03
1.700000000000000000e+01 6.800000000000000000e+01 5.700000000000000000e+01 0.000000000000000000e+00 1.600000000000000089e+00 -2.005999999999999971e-03 6.595000000000000168e-03 -9.999759999999999760e-01 -2.455120000000000080e-01 -9.693760000000000154e-01 -5.899999999999999863e-03 -9.693920000000000314e-01 2.454939999999999900e-01 3.563999999999999894e-03
2.200000000000000000e+01 6.800000000000000000e+01 5.700000000000000000e+01 0.000000000000000000e+00 1.600000000000000089e+00 -4.580000000000000195e-04 -1.193999999999999966e-03 -9.999989999999999712e-01 -2.440730000000000122e-01 -9.697559999999999514e-01 1.268999999999999946e-03 -9.697569999999999801e-01 2.440730000000000122e-01 1.530000000000000056e-04
2.000000000000000000e+00 2.100000000000000000e+01 6.000000000000000000e+01 0.000000000000000000e+00 1.600000000000000089e+00 3.024999999999999911e-03 -6.099999999999999872e-05 9.999949999999999672e-01 -9.030299999999999438e-02 9.959139999999999660e-01 3.339999999999999870e-04 -9.959099999999999620e-01 -9.030399999999999539e-02 3.007000000000000124e-03
1.100000000000000000e+01 2.100000000000000000e+01 6.000000000000000000e+01 0.000000000000000000e+00 1.600000000000000089e+00 7.619999999999999820e-04 -2.818999999999999891e-03 9.999959999999999960e-01 -9.009499999999999453e-02 9.959289999999999532e-01 2.876000000000000084e-03 -9.959329999999999572e-01 -9.009699999999999653e-02 5.050000000000000235e-04
2.900000000000000000e+01 2.100000000000000000e+01 6.000000000000000000e+01 0.000000000000000000e+00 1.600000000000000089e+00 1.056999999999999997e-03 -1.457199999999999988e-02 9.998930000000000318e-01 -9.232200000000000129e-02 9.956220000000000070e-01 1.460700000000000019e-02 -9.957289999999999752e-01 -9.232700000000000629e-02 -2.930000000000000204e-04
6.000000000000000000e+00 3.000000000000000000e+00 6.300000000000000000e+01 0.000000000000000000e+00 1.600000000000000089e+00 1.448999999999999984e-03 -2.520000000000000104e-03 9.999959999999999960e-01 -6.141889999999999850e-01 7.891540000000000221e-01 2.877999999999999916e-03 -7.891580000000000261e-01 -6.141910000000000425e-01 -4.049999999999999781e-04
2.000000000000000000e+00 2.700000000000000000e+01 6.300000000000000000e+01 0.000000000000000000e+00 1.600000000000000089e+00 6.849999999999999535e-04 -5.019999999999999506e-04 1.000000000000000000e+00 -2.707899999999999752e-01 9.626379999999999937e-01 6.689999999999999983e-04 -9.626379999999999937e-01 -2.707910000000000039e-01 5.240000000000000517e-04
7.000000000000000000e+00 2.700000000000000000e+01 6.300000000000000000e+01 0.000000000000000000e+00 1.600000000000000089e+00 2.605999999999999810e-03 6.620000000000000016e-03 9.999749999999999472e-01 -2.753900000000000237e-01 9.613159999999999483e-01 -5.645999999999999977e-03 -9.613289999999999891e-01 -2.753680000000000017e-01 4.328000000000000250e-03
1.300000000000000000e+01 2.700000000000000000e+01 6.300000000000000000e+01 0.000000000000000000e+00 1.600000000000000089e+00 1.310000000000000129e-04 -1.789000000000000009e-03 9.999980000000000535e-01 -2.788789999999999880e-01 9.603249999999999842e-01 1.753999999999999917e-03 -9.603260000000000129e-01 -2.788789999999999880e-01 -3.730000000000000134e-04
1.900000000000000000e+01 2.700000000000000000e+01 6.300000000000000000e+01 0.000000000000000000e+00 1.600000000000000089e+00 -1.971999999999999795e-03 -1.709999999999999932e-03 9.999970000000000248e-01 -2.769789999999999752e-01 9.608750000000000346e-01 1.097000000000000102e-03 -9.608740000000000059e-01 -2.769750000000000267e-01 -2.369000000000000012e-03
2.400000000000000000e+01 2.700000000000000000e+01 6.300000000000000000e+01 0.000000000000000000e+00 1.600000000000000089e+00 -9.479999999999999495e-04 -2.897999999999999968e-03 9.999949999999999672e-01 -2.776440000000000019e-01 9.606810000000000072e-01 2.520999999999999804e-03 -9.606839999999999824e-01 -2.776399999999999979e-01 -1.714999999999999945e-03
1.000000000000000000e+00 2.600000000000000000e+01 6.400000000000000000e+01 0.000000000000000000e+00 1.600000000000000089e+00 1.441999999999999922e-03 -7.249999999999999500e-04 9.999989999999999712e-01 -3.488120000000000109e-01 9.371920000000000250e-01 1.183000000000000024e-03 -9.371920000000000250e-01 -3.488129999999999842e-01 1.098999999999999934e-03
