2.300000000000000000e+01 1.300000000000000000e+01 5.000000000000000000e+00 0.000000000000000000e+00 1.600000000000000089e+00 1.936299999999999827e-02 -1.091020000000000045e-01 9.938420000000000032e-01 3.674339999999999828e-01 -9.236919999999999575e-01 -1.085590000000000027e-01 9.298480000000000079e-01 3.672730000000000161e-01 2.220199999999999951e-02
2.200000000000000000e+01 1.000000000000000000e+00 6.000000000000000000e+00 0.000000000000000000e+00 1.600000000000000089e+00 2.049899999999999986e-02 -1.250670000000000115e-01 -9.919369999999999576e-01 -1.762829999999999953e-01 -9.770529999999999493e-01 1.195470000000000005e-01 -9.841259999999999453e-01 1.724110000000000087e-01 -4.207600000000000229e-02
1.100000000000000000e+01 1.010000000000000000e+02 7.000000000000000000e+00 0.000000000000000000e+00 1.600000000000000089e+00 -2.471000000000000106e-03 5.069999999999999637e-04 9.999970000000000248e-01 8.883210000000000273e-01 4.592189999999999883e-01 1.962999999999999901e-03 -4.592160000000000131e-01 8.883229999999999738e-01 -1.585000000000000037e-03
2.200000000000000000e+01 1.010000000000000000e+02 7.000000000000000000e+00 0.000000000000000000e+00 1.600000000000000089e+00 1.678999999999999937e-03 -1.782800000000000010e-02 9.998399999999999510e-01 8.861769999999999925e-01 4.632979999999999876e-01 6.773000000000000374e-03 -4.633450000000000069e-01 8.860230000000000050e-01 1.657700000000000146e-02
3.000000000000000000e+01 1.010000000000000000e+02 7.000000000000000000e+00 0.000000000000000000e+00 1.600000000000000089e+00 -2.811999999999999830e-03 1.889599999999999960e-02 9.998179999999999845e-01 8.866410000000000124e-01 4.624159999999999937e-01 -6.245999999999999816e-03 -4.624489999999999990e-01 8.864619999999999722e-01 -1.805400000000000060e-02
5.000000000000000000e+00 2.500000000000000000e+01 8.000000000000000000e+00 0.000000000000000000e+00 1.600000000000000089e+00 -5.700000000000000314e-05 2.945999999999999834e-03 -9.999959999999999960e-01 4.376260000000000150e-01 8.991529999999999800e-01 2.624000000000000030e-03 8.991569999999999840e-01 -4.376240000000000130e-01 -1.340000000000000045e-03
9.000000000000000000e+00 2.500000000000000000e+01 8.000000000000000000e+00 0.000000000000000000e+00 1.600000000000000089e+00 8.499999999999999526e-04 4.441999999999999768e-03 -9.999900000000000455e-01 4.395930000000000115e-01 8.981869999999999576e-01 4.362999999999999691e-03 8.981970000000000232e-01 -4.395919999999999828e-01 -1.188999999999999953e-03
1.300000000000000000e+01 2.500000000000000000e+01 8.000000000000000000e+00 0.000000000000000000e+00 1.600000000000000089e+00 5.379999999999999583e-04 -1.788000000000000093e-03 -9.999980000000000535e-01 4.405299999999999772e-01 8.977370000000000072e-01 -1.368000000000000075e-03 8.977380000000000360e-01 -4.405290000000000039e-01 1.270000000000000078e-03
1.700000000000000000e+01 2.500000000000000000e+01 8.000000000000000000e+00 0.000000000000000000e+00 1.600000000000000089e+00 8.319999999999999488e-04 -5.529999999999999976e-04 -1.000000000000000000e+00 4.403369999999999784e-01 8.978329999999999922e-01 -1.299999999999999886e-04 8.978319999999999634e-01 -4.403369999999999784e-01 9.899999999999999946e-04
2.000000000000000000e+01 2.500000000000000000e+01 8.000000000000000000e+00 0.000000000000000000e+00 1.600000000000000089e+00 1.090999999999999956e-03 3.987000000000000093e-03 -9.999909999999999632e-01 4.399230000000000085e-01 8.980259999999999909e-01 4.060000000000000241e-03 8.980350000000000277e-01 -4.399230000000000085e-01 -7.739999999999999485e-04
2.600000000000000000e+01 2.500000000000000000e+01 8.000000000000000000e+00 0.000000000000000000e+00 1.600000000000000089e+00 1.110000000000000092e-03 5.357999999999999916e-03 -9.999850000000000128e-01 4.390479999999999938e-01 8.984480000000000244e-01 5.301000000000000156e-03 8.984630000000000116e-01 -4.390470000000000206e-01 -1.355000000000000085e-03
3.000000000000000000e+01 2.500000000000000000e+01 8.000000000000000000e+00 0.000000000000000000e+00 1.600000000000000089e+00 7.609999999999999577e-04 1.456999999999999962e-03 -9.999989999999999712e-01 4.395220000000000238e-01 8.982299999999999729e-01 1.642999999999999929e-03 8.982310000000000016e-01 -4.395229999999999970e-01 4.300000000000000165e-05
4.000000000000000000e+00 2.400000000000000000e+01 9.000000000000000000e+00 0.000000000000000000e+00 1.600000000000000089e+00 -2.210000000000000050e-04 8.710000000000000294e-04 -1.000000000000000000e+00 4.440060000000000118e-01 8.960240000000000427e-01 6.830000000000000134e-04 8.960240000000000427e-01 -4.440060000000000118e-01 -5.850000000000000165e-04
8.000000000000000000e+00 2.400000000000000000e+01 9.000000000000000000e+00 0.000000000000000000e+00 1.600000000000000089e+00 -3.600000000000000227e-04 5.649000000000000375e-03 -9.999839999999999840e-01 4.457050000000000178e-01 8.951670000000000460e-01 4.897000000000000311e-03 8.951799999999999757e-01 -4.456959999999999811e-01 -2.840000000000000076e-03
1.200000000000000000e+01 2.400000000000000000e+01 9.000000000000000000e+00 0.000000000000000000e+00 1.600000000000000089e+00 7.389999999999999651e-04 3.899999999999999929e-05 -1.000000000000000000e+00 4.479179999999999828e-01 8.940740000000000354e-01 3.660000000000000059e-04 8.940740000000000354e-01 -4.479179999999999828e-01 6.440000000000000412e-04
1.600000000000000000e+01 2.400000000000000000e+01 9.000000000000000000e+00 0.000000000000000000e+00 1.600000000000000089e+00 6.909999999999999910e-04 -2.549000000000000050e-03 -9.999970000000000248e-01 4.478659999999999863e-01 8.940989999999999771e-01 -1.969999999999999963e-03 8.941000000000000059e-01 -4.478630000000000111e-01 1.758999999999999930e-03
2.100000000000000000e+01 2.400000000000000000e+01 9.000000000000000000e+00 0.000000000000000000e+00 1.600000000000000089e+00 8.229999999999999469e-04 5.266999999999999980e-03 -9.999860000000000415e-01 4.464170000000000083e-01 8.948110000000000230e-01 5.080000000000000314e-03 8.948249999999999815e-01 -4.464150000000000063e-01 -1.613999999999999983e-03
2.700000000000000000e+01 2.400000000000000000e+01 9.000000000000000000e+00 0.000000000000000000e+00 1.600000000000000089e+00 8.469999999999999881e-04 4.760999999999999607e-03 -9.999879999999999880e-01 4.457780000000000076e-01 8.951320000000000388e-01 4.638999999999999894e-03 8.951430000000000220e-01 -4.457760000000000056e-01 -1.363999999999999978e-03
1.400000000000000000e+01 7.000000000000000000e+00 1.000000000000000000e+01 0.000000000000000000e+00 1.600000000000000089e+00 -1.375510000000000066e-01 -7.334300000000000541e-02 -9.877759999999999874e-01 -9.509079999999999755e-01 -2.693380000000000218e-01 1.524159999999999959e-01 -2.772240000000000260e-01 9.602490000000000192e-01 -3.269400000000000084e-02
5.000000000000000000e+00 8.000000000000000000e+00 1.000000000000000000e+01 0.000000000000000000e+00 1.600000000000000089e+00 -1.185319999999999985e-01 -4.253900000000000042e-02 -9.920390000000000041e-01 -9.861520000000000286e-01 -1.116629999999999984e-01 1.226170000000000038e-01 -1.159899999999999959e-01 9.928350000000000231e-01 -2.871399999999999994e-02
1.400000000000000000e+01 3.000000000000000000e+00 1.100000000000000000e+01 0.000000000000000000e+00 1.600000000000000089e+00 1.486200000000000021e-02 -1.502030000000000032e-01 9.885439999999999783e-01 1.965909999999999880e-01 -9.689159999999999995e-01 -1.501760000000000039e-01 9.803730000000000500e-01 1.965709999999999957e-01 1.512900000000000009e-02
1.100000000000000000e+01 3.100000000000000000e+01 1.200000000000000000e+01 0.000000000000000000e+00 1.600000000000000089e+00 -5.659999999999999884e-04 4.815999999999999968e-03 9.999879999999999880e-01 -3.063799999999999857e-02 9.995190000000000463e-01 -4.831000000000000225e-03 -9.995300000000000296e-01 -3.064000000000000057e-02 -4.180000000000000230e-04
2.000000000000000000e+00 3.500000000000000000e+01 1.200000000000000000e+01 0.000000000000000000e+00 1.600000000000000089e+00 -2.112999999999999861e-03 3.740999999999999968e-03 -9.999909999999999632e-01 4.636149999999999993e-01 -8.860259999999999803e-01 -4.294000000000000074e-03 -8.860339999999999883e-01 -4.636199999999999766e-01 1.379999999999999933e-04
5.000000000000000000e+00 3.500000000000000000e+01 1.200000000000000000e+01 0.000000000000000000e+00 1.600000000000000089e+00 -2.593999999999999952e-03 4.340000000000000108e-03 -9.999869999999999592e-01 4.574110000000000120e-01 -8.892409999999999481e-01 -5.046000000000000138e-03 -8.892520000000000424e-01 -4.574179999999999913e-01 3.220000000000000206e-04
2.300000000000000000e+01 3.200000000000000000e+01 1.400000000000000000e+01 0.000000000000000000e+00 1.600000000000000089e+00 -1.332000000000000068e-03 -4.137000000000000052e-03 -9.999909999999999632e-01 1.263350000000000029e-01 9.919780000000000264e-01 -4.272999999999999889e-03 9.919869999999999521e-01 -1.263390000000000069e-01 -7.990000000000000140e-04
2.000000000000000000e+01 1.200000000000000000e+01 1.500000000000000000e+01 0.000000000000000000e+00 1.600000000000000089e+00 1.136999999999999990e-02 1.704900000000000165e-02 -9.997899999999999565e-01 -4.021640000000000215e-01 -9.153449999999999642e-01 -2.018299999999999955e-02 -9.154970000000000052e-01 4.023090000000000277e-01 -3.550999999999999903e-03
2.700000000000000000e+01 1.200000000000000000e+01 1.500000000000000000e+01 0.000000000000000000e+00 1.600000000000000089e+00 1.425000000000000051e-03 -3.690999999999999837e-03 -9.999919999999999920e-01 -4.312920000000000087e-01 -9.022090000000000387e-01 2.716000000000000098e-03 -9.022109999999999852e-01 4.312840000000000007e-01 -2.876999999999999783e-03
2.000000000000000000e+00 1.200000000000000000e+01 1.600000000000000000e+01 0.000000000000000000e+00 1.600000000000000089e+00 1.114099999999999986e-02 -6.101499999999999979e-02 9.980750000000000455e-01 2.482270000000000032e-01 -9.667240000000000277e-01 -6.186900000000000038e-02 9.686379999999999990e-01 2.484389999999999932e-01 4.375999999999999682e-03
1.800000000000000000e+01 1.160000000000000000e+02 1.600000000000000000e+01 0.000000000000000000e+00 1.600000000000000089e+00 9.349999999999999587e-04 1.546000000000000065e-03 9.999980000000000535e-01 7.022230000000000416e-01 7.119550000000000045e-01 -1.757000000000000098e-03 -7.119569999999999510e-01 7.022230000000000416e-01 -4.200000000000000174e-04
6.000000000000000000e+00 2.000000000000000000e+00 1.900000000000000000e+01 0.000000000000000000e+00 1.600000000000000089e+00 1.244100000000000067e-02 -6.732100000000000584e-02 -9.976540000000000408e-01 3.625340000000000229e-01 -9.295409999999999506e-01 6.724499999999999922e-02 -9.318880000000000496e-01 -3.625200000000000089e-01 1.284199999999999925e-02
1.000000000000000000e+01 2.000000000000000000e+00 1.900000000000000000e+01 0.000000000000000000e+00 1.600000000000000089e+00 1.416700000000000077e-02 -5.645200000000000218e-02 -9.983049999999999979e-01 3.667030000000000012e-01 -9.285470000000000113e-01 5.771099999999999841e-02 -9.302300000000000013e-01 -3.668989999999999752e-01 7.545999999999999756e-03
1.600000000000000000e+01 2.000000000000000000e+00 1.900000000000000000e+01 0.000000000000000000e+00 1.600000000000000089e+00 6.163000000000000075e-03 -4.436199999999999866e-02 -9.989959999999999951e-01 3.544019999999999948e-01 -9.340730000000000421e-01 4.366600000000000342e-02 -9.350730000000000430e-01 -3.543160000000000198e-01 9.964999999999999900e-03
1.900000000000000000e+01 2.000000000000000000e+00 1.900000000000000000e+01 0.000000000000000000e+00 1.600000000000000089e+00 -1.618999999999999996e-03 -6.670800000000000340e-02 -9.977709999999999635e-01 3.410579999999999723e-01 -9.379849999999999577e-01 6.215699999999999698e-02 -9.400410000000000155e-01 -3.401970000000000272e-01 2.426899999999999891e-02
2.400000000000000000e+01 2.000000000000000000e+00 1.900000000000000000e+01 0.000000000000000000e+00 1.600000000000000089e+00 -2.783800000000000163e-02 -6.764699999999999880e-02 -9.973210000000000131e-01 3.122619999999999840e-01 -9.483669999999999600e-01 5.560999999999999971e-02 -9.495879999999999876e-01 -3.098779999999999868e-01 4.752399999999999680e-02
2.700000000000000000e+01 2.000000000000000000e+00 1.900000000000000000e+01 0.000000000000000000e+00 1.600000000000000089e+00 -3.537200000000000066e-02 -6.284299999999999609e-02 -9.973959999999999493e-01 2.913540000000000019e-01 -9.553150000000000253e-01 4.985900000000000054e-02 -9.559609999999999497e-01 -2.888310000000000044e-01 5.210100000000000148e-02
1.300000000000000000e+01 3.000000000000000000e+00 1.900000000000000000e+01 0.000000000000000000e+00 1.600000000000000089e+00 1.234000000000000027e-02 -3.087399999999999867e-02 -9.994469999999999743e-01 3.336359999999999881e-01 -9.421169999999999822e-01 3.322200000000000153e-02 -9.426210000000000422e-01 -3.338610000000000189e-01 -1.325999999999999922e-03
1.800000000000000000e+01 3.000000000000000000e+00 1.900000000000000000e+01 0.000000000000000000e+00 1.600000000000000089e+00 -9.719999999999999907e-04 -4.942900000000000071e-02 -9.987770000000000259e-01 3.208799999999999986e-01 -9.459779999999999855e-01 4.650399999999999673e-02 -9.471190000000000442e-01 -3.204420000000000046e-01 1.677999999999999978e-02
2.300000000000000000e+01 3.000000000000000000e+00 1.900000000000000000e+01 0.000000000000000000e+00 1.600000000000000089e+00 -2.756499999999999923e-02 -6.725299999999999334e-02 -9.973549999999999915e-01 3.022710000000000119e-01 -9.515869999999999607e-01 5.581200000000000050e-02 -9.528229999999999755e-01 -2.999330000000000052e-01 4.655900000000000316e-02
1.000000000000000000e+00 4.000000000000000000e+00 2.000000000000000000e+01 0.000000000000000000e+00 1.600000000000000089e+00 4.334000000000000179e-03 -4.550499999999999684e-02 -9.989550000000000374e-01 4.037999999999999923e-01 -9.138180000000000192e-01 4.337900000000000089e-02 -9.148370000000000113e-01 -4.035659999999999803e-01 1.441500000000000073e-02
1.900000000000000000e+01 4.000000000000000000e+00 2.000000000000000000e+01 0.000000000000000000e+00 1.600000000000000089e+00 -1.928999999999999942e-03 -2.916600000000000095e-02 -9.995730000000000448e-01 3.367829999999999990e-01 -9.412000000000000366e-01 2.681300000000000003e-02 -9.415799999999999725e-01 -3.365870000000000251e-01 1.163900000000000004e-02
3.000000000000000000e+00 1.300000000000000000e+01 2.000000000000000000e+01 0.000000000000000000e+00 1.600000000000000089e+00 1.890000000000000133e-04 6.037999999999999964e-03 9.999820000000000375e-01 2.611890000000000045e-01 9.652699999999999614e-01 -5.878000000000000412e-03 -9.652880000000000349e-01 2.611859999999999737e-01 -1.394999999999999973e-03
7.000000000000000000e+00 1.300000000000000000e+01 2.000000000000000000e+01 0.000000000000000000e+00 1.600000000000000089e+00 -8.500000000000000611e-05 4.006000000000000012e-03 9.999919999999999920e-01 2.603449999999999931e-01 9.655080000000000329e-01 -3.844999999999999894e-03 -9.655160000000000409e-01 2.603429999999999911e-01 -1.124999999999999915e-03
1.200000000000000000e+01 1.300000000000000000e+01 2.000000000000000000e+01 0.000000000000000000e+00 1.600000000000000089e+00 -6.840000000000000377e-04 -2.648000000000000180e-03 9.999959999999999960e-01 2.595930000000000182e-01 9.657139999999999613e-01 2.733999999999999885e-03 -9.657179999999999653e-01 2.595939999999999914e-01 2.699999999999999899e-05
1.600000000000000000e+01 1.300000000000000000e+01 2.000000000000000000e+01 0.000000000000000000e+00 1.600000000000000089e+00 -1.809000000000000061e-03 -7.931000000000000549e-03 9.999670000000000503e-01 2.622929999999999984e-01 9.649539999999999784e-01 8.127999999999999808e-03 -9.649870000000000392e-01 2.622990000000000044e-01 3.350000000000000113e-04
2.100000000000000000e+01 1.300000000000000000e+01 2.000000000000000000e+01 0.000000000000000000e+00 1.600000000000000089e+00 -1.219999999999999974e-04 -3.222000000000000038e-03 9.999949999999999672e-01 2.647700000000000053e-01 9.643070000000000253e-01 3.138999999999999863e-03 -9.643119999999999470e-01 2.647689999999999766e-01 7.349999999999999763e-04
2.600000000000000000e+01 1.300000000000000000e+01 2.000000000000000000e+01 0.000000000000000000e+00 1.600000000000000089e+00 6.160000000000000111e-04 3.203000000000000118e-03 9.999949999999999672e-01 2.639580000000000259e-01 9.645289999999999697e-01 -3.252000000000000116e-03 -9.645340000000000025e-01 2.639580000000000259e-01 -2.519999999999999996e-04
2.900000000000000000e+01 1.300000000000000000e+01 2.000000000000000000e+01 0.000000000000000000e+00 1.600000000000000089e+00 -1.410000000000000120e-04 1.575999999999999927e-03 9.999989999999999712e-01 2.618170000000000219e-01 9.651159999999999739e-01 -1.484000000000000076e-03 -9.651180000000000314e-01 2.618159999999999932e-01 -5.479999999999999845e-04
2.000000000000000000e+00 3.000000000000000000e+00 2.500000000000000000e+01 0.000000000000000000e+00 1.600000000000000089e+00 1.379099999999999944e-02 -4.167499999999999677e-02 9.990360000000000351e-01 2.063699999999999909e-02 -9.989059999999999606e-01 -4.195499999999999924e-02 9.996920000000000250e-01 2.119599999999999956e-02 -1.291600000000000040e-02
9.000000000000000000e+00 3.000000000000000000e+00 2.500000000000000000e+01 0.000000000000000000e+00 1.600000000000000089e+00 1.474699999999999969e-02 -3.978600000000000192e-02 9.990989999999999593e-01 -2.716999999999999797e-03 -9.992060000000000386e-01 -3.975000000000000061e-02 9.998879999999999990e-01 -2.128999999999999816e-03 -1.484300000000000029e-02
1.500000000000000000e+01 3.000000000000000000e+00 2.500000000000000000e+01 0.000000000000000000e+00 1.600000000000000089e+00 -3.886000000000000131e-03 5.189000000000000036e-03 9.999789999999999512e-01 -3.858899999999999830e-02 -9.992419999999999636e-01 5.035000000000000413e-03 9.992480000000000251e-01 -3.856899999999999912e-02 4.082999999999999824e-03
3.000000000000000000e+01 3.000000000000000000e+00 2.500000000000000000e+01 0.000000000000000000e+00 1.600000000000000089e+00 -3.201999999999999985e-03 -8.139000000000000401e-03 9.999620000000000175e-01 -4.355300000000000143e-02 -9.990170000000000439e-01 -8.271000000000000574e-03 9.990459999999999896e-01 -4.357799999999999868e-02 2.844000000000000174e-03
4.000000000000000000e+00 4.600000000000000000e+01 2.700000000000000000e+01 0.000000000000000000e+00 1.600000000000000089e+00 1.147000000000000016e-03 9.770000000000000039e-04 -9.999989999999999712e-01 6.759079999999999533e-01 7.369839999999999725e-01 1.495000000000000018e-03 7.369850000000000012e-01 -6.759089999999999820e-01 1.849999999999999973e-04
1.600000000000000000e+01 4.600000000000000000e+01 2.700000000000000000e+01 0.000000000000000000e+00 1.600000000000000089e+00 -4.350000000000000026e-04 -2.854999999999999899e-03 -9.999959999999999960e-01 6.807189999999999630e-01 7.325409999999999977e-01 -2.387999999999999932e-03 7.325450000000000017e-01 -6.807170000000000165e-01 1.624000000000000010e-03
2.500000000000000000e+01 4.600000000000000000e+01 2.700000000000000000e+01 0.000000000000000000e+00 1.600000000000000089e+00 -5.109999999999999525e-04 2.364999999999999915e-03 -9.999970000000000248e-01 6.774670000000000414e-01 7.355519999999999836e-01 1.392999999999999924e-03 7.355530000000000124e-01 -6.774639999999999551e-01 -1.978000000000000157e-03
2.700000000000000000e+01 4.600000000000000000e+01 3.000000000000000000e+01 0.000000000000000000e+00 1.600000000000000089e+00 -7.370000000000000249e-04 2.998999999999999930e-03 -9.999949999999999672e-01 3.297979999999999801e-01 9.440479999999999983e-01 2.588000000000000023e-03 9.440509999999999735e-01 -3.297950000000000048e-01 -1.683999999999999950e-03
5.000000000000000000e+00 5.800000000000000000e+01 3.100000000000000000e+01 0.000000000000000000e+00 1.600000000000000089e+00 -2.128999999999999816e-03 -1.941000000000000017e-03 9.999959999999999960e-01 -8.067060000000000342e-01 -5.909459999999999713e-01 -2.864999999999999925e-03 5.909489999999999466e-01 -8.067090000000000094e-01 -3.069999999999999812e-04
1.000000000000000000e+01 5.800000000000000000e+01 3.100000000000000000e+01 0.000000000000000000e+00 1.600000000000000089e+00 -5.126000000000000348e-03 -3.949000000000000253e-03 9.999789999999999512e-01 -8.117760000000000531e-01 -5.839330000000000354e-01 -6.466999999999999658e-03 5.839459999999999651e-01 -8.117929999999999868e-01 -2.130000000000000003e-04
1.400000000000000000e+01 5.800000000000000000e+01 3.100000000000000000e+01 0.000000000000000000e+00 1.600000000000000089e+00 2.259999999999999910e-04 1.337999999999999997e-03 9.999989999999999712e-01 -8.120979999999999865e-01 -5.835200000000000387e-01 9.640000000000000131e-04 5.835200000000000387e-01 -8.120979999999999865e-01 9.550000000000000112e-04
1.800000000000000000e+01 5.800000000000000000e+01 3.100000000000000000e+01 0.000000000000000000e+00 1.600000000000000089e+00 3.387999999999999953e-03 3.968000000000000173e-03 9.999860000000000415e-01 -8.097499999999999698e-01 -5.867529999999999690e-01 5.072000000000000119e-03 5.867649999999999810e-01 -8.097560000000000313e-01 1.224999999999999960e-03
2.500000000000000000e+01 5.800000000000000000e+01 3.100000000000000000e+01 0.000000000000000000e+00 1.600000000000000089e+00 -2.054999999999999969e-03 -4.883000000000000188e-03 9.999860000000000415e-01 -8.138309999999999711e-01 -5.810849999999999627e-01 -4.510000000000000120e-03 5.810990000000000322e-01 -8.138279999999999959e-01 -2.779999999999999919e-03
2.000000000000000000e+00 4.600000000000000000e+01 3.500000000000000000e+01 0.000000000000000000e+00 1.600000000000000089e+00 -2.491999999999999858e-03 -1.044000000000000006e-03 -9.999959999999999960e-01 3.898369999999999891e-01 -9.208840000000000359e-01 -1.000000000000000082e-05 -9.208809999999999496e-01 -3.898349999999999871e-01 2.701999999999999975e-03
6.000000000000000000e+00 4.600000000000000000e+01 3.500000000000000000e+01 0.000000000000000000e+00 1.600000000000000089e+00 -5.900000000000000296e-04 -2.230999999999999910e-03 -9.999970000000000248e-01 3.911600000000000077e-01 -9.203209999999999447e-01 1.822999999999999968e-03 -9.203219999999999734e-01 -3.911580000000000057e-01 1.415000000000000025e-03
1.300000000000000000e+01 4.600000000000000000e+01 3.500000000000000000e+01 0.000000000000000000e+00 1.600000000000000089e+00 3.699999999999999947e-04 -3.789999999999999966e-04 -1.000000000000000000e+00 3.921029999999999793e-01 -9.199209999999999887e-01 4.939999999999999730e-04 -9.199209999999999887e-01 -3.921040000000000081e-01 -1.920000000000000049e-04
1.500000000000000000e+01 4.600000000000000000e+01 3.500000000000000000e+01 0.000000000000000000e+00 1.600000000000000089e+00 2.689999999999999791e-04 1.090999999999999956e-03 -9.999989999999999712e-01 3.914380000000000082e-01 -9.202040000000000219e-01 -8.980000000000000352e-04 -9.202050000000000507e-01 -3.914369999999999794e-01 -6.750000000000000357e-04
2.300000000000000000e+01 4.600000000000000000e+01 3.500000000000000000e+01 0.000000000000000000e+00 1.600000000000000089e+00 -6.650000000000000095e-04 -8.700000000000000051e-05 -1.000000000000000000e+00 3.912120000000000042e-01 -9.203010000000000357e-01 -1.800000000000000113e-04 -9.203000000000000069e-01 -3.912120000000000042e-01 6.459999999999999814e-04
2.700000000000000000e+01 4.600000000000000000e+01 3.500000000000000000e+01 0.000000000000000000e+00 1.600000000000000089e+00 1.131000000000000061e-03 6.135999999999999961e-03 -9.999810000000000088e-01 3.897619999999999973e-01 -9.209009999999999696e-01 -5.210000000000000221e-03 -9.209150000000000391e-01 -3.897479999999999833e-01 -3.432999999999999854e-03
2.000000000000000000e+01 9.500000000000000000e+01 3.600000000000000000e+01 0.000000000000000000e+00 1.600000000000000089e+00 2.910000000000000260e-04 6.164000000000000208e-03 9.999810000000000088e-01 9.967369999999999841e-01 8.071599999999999608e-02 -7.870000000000000476e-04 -8.071899999999999908e-02 9.967179999999999929e-01 -6.119999999999999572e-03
2.300000000000000000e+01 9.500000000000000000e+01 3.600000000000000000e+01 0.000000000000000000e+00 1.600000000000000089e+00 -2.599999999999999840e-05 -8.548999999999999308e-03 9.999630000000000463e-01 9.967240000000000544e-01 8.086899999999999644e-02 7.169999999999999724e-04 -8.087199999999999944e-02 9.966880000000000184e-01 8.519000000000000530e-03
1.100000000000000000e+01 3.000000000000000000e+00 4.300000000000000000e+01 0.000000000000000000e+00 1.600000000000000089e+00 5.450000000000000200e-04 -8.356999999999999845e-03 -9.999649999999999928e-01 7.427390000000000381e-01 -6.695539999999999825e-01 6.000000000000000125e-03 -6.695809999999999818e-01 -7.427160000000000428e-01 5.841999999999999971e-03
1.000000000000000000e+00 2.900000000000000000e+01 4.400000000000000000e+01 0.000000000000000000e+00 1.600000000000000089e+00 3.917999999999999608e-03 -1.747999999999999988e-03 -9.999909999999999632e-01 6.651059999999999750e-01 7.467479999999999674e-01 1.301000000000000073e-03 7.467380000000000129e-01 -6.651049999999999462e-01 4.088999999999999753e-03
7.000000000000000000e+00 2.900000000000000000e+01 4.400000000000000000e+01 0.000000000000000000e+00 1.600000000000000089e+00 3.948000000000000120e-03 7.079999999999999705e-04 -9.999919999999999920e-01 6.647920000000000496e-01 7.470219999999999638e-01 3.152999999999999987e-03 7.470179999999999598e-01 -6.647990000000000288e-01 2.478000000000000168e-03
1.600000000000000000e+01 2.900000000000000000e+01 4.400000000000000000e+01 0.000000000000000000e+00 1.600000000000000089e+00 -1.209999999999999921e-03 4.139000000000000318e-03 -9.999909999999999632e-01 6.644670000000000298e-01 7.473140000000000338e-01 2.288999999999999802e-03 7.473170000000000091e-01 -6.644579999999999931e-01 -3.654999999999999829e-03
2.200000000000000000e+01 5.400000000000000000e+01 4.600000000000000000e+01 0.000000000000000000e+00 1.600000000000000089e+00 4.429999999999999802e-04 3.170000000000000075e-03 9.999949999999999672e-01 2.896630000000000038e-01 -9.571239999999999748e-01 2.906000000000000163e-03 9.571279999999999788e-01 2.896610000000000018e-01 -1.343000000000000010e-03
8.000000000000000000e+00 5.000000000000000000e+00 5.100000000000000000e+01 0.000000000000000000e+00 1.600000000000000089e+00 1.235999999999999903e-03 -1.487899999999999986e-02 -9.998890000000000278e-01 4.828080000000000149e-01 -8.756199999999999539e-01 1.362599999999999922e-02 -8.757249999999999757e-01 -4.827710000000000057e-01 6.101999999999999785e-03
1.900000000000000000e+01 5.000000000000000000e+00 5.100000000000000000e+01 0.000000000000000000e+00 1.600000000000000089e+00 -2.093999999999999941e-03 2.857000000000000164e-03 -9.999940000000000495e-01 4.823500000000000010e-01 -8.759719999999999729e-01 -3.513000000000000064e-03 -8.759759999999999769e-01 -4.823540000000000050e-01 4.560000000000000251e-04
2.500000000000000000e+01 5.000000000000000000e+00 5.100000000000000000e+01 0.000000000000000000e+00 1.600000000000000089e+00 1.137999999999999906e-03 2.139999999999999975e-03 -9.999970000000000248e-01 4.906749999999999723e-01 -8.713410000000000322e-01 -1.306000000000000086e-03 -8.713419999999999499e-01 -4.906730000000000258e-01 -2.040999999999999846e-03
8.000000000000000000e+00 1.150000000000000000e+02 5.100000000000000000e+01 0.000000000000000000e+00 1.600000000000000089e+00 -2.298000000000000129e-03 3.384999999999999988e-03 9.999919999999999920e-01 8.457729999999999970e-01 -5.335290000000000310e-01 3.749999999999999861e-03 5.335370000000000390e-01 8.457750000000000545e-01 -1.637000000000000000e-03
1.000000000000000000e+00 6.300000000000000000e+01 5.400000000000000000e+01 0.000000000000000000e+00 1.600000000000000089e+00 1.680000000000000070e-03 -8.460999999999999771e-03 9.999630000000000463e-01 -3.529459999999999820e-01 9.356050000000000200e-01 8.510000000000000203e-03 -9.356419999999999737e-01 -3.529479999999999840e-01 -1.413999999999999892e-03
6.000000000000000000e+00 6.300000000000000000e+01 5.400000000000000000e+01 0.000000000000000000e+00 1.600000000000000089e+00 -1.342000000000000094e-03 -3.950999999999999651e-03 9.999909999999999632e-01 -3.540139999999999953e-01 9.352350000000000385e-01 3.220000000000000206e-03 -9.352390000000000425e-01 -3.540059999999999873e-01 -2.652999999999999976e-03
1.100000000000000000e+01 6.300000000000000000e+01 5.400000000000000000e+01 0.000000000000000000e+00 1.600000000000000089e+00 -1.441000000000000007e-03 -1.521999999999999915e-03 9.999980000000000535e-01 -3.496619999999999728e-01 9.368750000000000133e-01 9.219999999999999680e-04 -9.368750000000000133e-01 -3.496600000000000263e-01 -1.881999999999999992e-03
2.300000000000000000e+01 6.300000000000000000e+01 5.400000000000000000e+01 0.000000000000000000e+00 1.600000000000000089e+00 -1.280000000000000105e-03 -3.138999999999999863e-03 9.999940000000000495e-01 -3.534660000000000024e-01 9.354440000000000532e-01 2.484000000000000097e-03 -9.354470000000000285e-01 -3.534610000000000252e-01 -2.307000000000000023e-03
2.700000000000000000e+01 6.300000000000000000e+01 5.400000000000000000e+01 0.000000000000000000e+00 1.600000000000000089e+00 -2.120000000000000031e-04 -5.199999999999999680e-05 1.000000000000000000e+00 -3.495619999999999838e-01 9.369129999999999958e-01 -2.500000000000000120e-05 -9.369129999999999958e-01 -3.495619999999999838e-01 -2.169999999999999891e-04
1.300000000000000000e+01 2.500000000000000000e+01 5.500000000000000000e+01 0.000000000000000000e+00 1.600000000000000089e+00 -3.449999999999999833e-04 -3.147000000000000058e-03 -9.999949999999999672e-01 -1.488399999999999966e-02 -9.998839999999999950e-01 3.151999999999999854e-03 -9.998890000000000278e-01 1.488500000000000066e-02 2.979999999999999793e-04
1.600000000000000000e+01 2.500000000000000000e+01 5.500000000000000000e+01 0.000000000000000000e+00 1.600000000000000089e+00 3.950000000000000061e-04 3.171999999999999906e-03 -9.999949999999999672e-01 -1.502099999999999963e-02 -9.998820000000000485e-01 -3.177000000000000136e-03 -9.998869999999999703e-01 1.502299999999999990e-02 -3.469999999999999777e-04
2.100000000000000000e+01 2.500000000000000000e+01 5.500000000000000000e+01 0.000000000000000000e+00 1.600000000000000089e+00 -1.128000000000000096e-03 3.792999999999999931e-03 -9.999919999999999920e-01 -1.378099999999999985e-02 -9.998979999999999535e-01 -3.776999999999999975e-03 -9.999040000000000150e-01 1.377600000000000005e-02 1.180000000000000059e-03
1.000000000000000000e+01 5.800000000000000000e+01 5.900000000000000000e+01 0.000000000000000000e+00 1.600000000000000089e+00 -3.130000000000000187e-04 -4.217000000000000262e-03 -9.999909999999999632e-01 3.944670000000000121e-01 9.189009999999999678e-01 -3.998999999999999951e-03 9.189100000000000046e-01 -3.944650000000000101e-01 1.376000000000000053e-03
1.400000000000000000e+01 2.100000000000000000e+01 6.000000000000000000e+01 0.000000000000000000e+00 1.600000000000000089e+00 4.108999999999999805e-03 -7.999999999999999638e-06 9.999919999999999920e-01 -9.709800000000000375e-02 9.952750000000000208e-01 4.070000000000000267e-04 -9.952659999999999840e-01 -9.709900000000000475e-02 4.088999999999999753e-03
1.800000000000000000e+01 2.100000000000000000e+01 6.000000000000000000e+01 0.000000000000000000e+00 1.600000000000000089e+00 4.278999999999999818e-03 -1.746699999999999989e-02 9.998380000000000045e-01 -1.013109999999999983e-01 9.946949999999999958e-01 1.781100000000000044e-02 -9.948460000000000081e-01 -1.013710000000000028e-01 2.487000000000000061e-03
2.400000000000000000e+01 2.100000000000000000e+01 6.000000000000000000e+01 0.000000000000000000e+00 1.600000000000000089e+00 -2.200000000000000133e-03 2.407999999999999984e-03 9.999949999999999672e-01 -9.579899999999999527e-02 9.953969999999999763e-01 -2.606999999999999942e-03 -9.953980000000000050e-01 -9.580400000000000027e-02 -1.958999999999999804e-03
3.000000000000000000e+00 6.000000000000000000e+00 6.100000000000000000e+01 0.000000000000000000e+00 1.600000000000000089e+00 1.348999999999999939e-03 2.896999999999999836e-03 9.999949999999999672e-01 5.657370000000000454e-01 -8.245839999999999836e-01 1.626000000000000058e-03 8.245839999999999836e-01 5.657320000000000126e-01 -2.750999999999999973e-03
4.000000000000000000e+00 2.700000000000000000e+01 6.300000000000000000e+01 0.000000000000000000e+00 1.600000000000000089e+00 -8.660000000000000163e-04 4.081000000000000426e-03 9.999909999999999632e-01 -2.660529999999999839e-01 9.639499999999999735e-01 -4.165000000000000299e-03 -9.639579999999999815e-01 -2.660540000000000127e-01 2.509999999999999753e-04
1.400000000000000000e+01 2.700000000000000000e+01 6.300000000000000000e+01 0.000000000000000000e+00 1.600000000000000089e+00 4.070000000000000267e-04 -6.447999999999999739e-03 9.999789999999999512e-01 -2.731910000000000172e-01 9.619389999999999885e-01 6.313000000000000035e-03 -9.619600000000000373e-01 -2.731870000000000132e-01 -1.369999999999999907e-03
2.200000000000000000e+01 2.700000000000000000e+01 6.300000000000000000e+01 0.000000000000000000e+00 1.600000000000000089e+00 4.445000000000000166e-03 8.061000000000000457e-03 9.999580000000000135e-01 -2.732319999999999749e-01 9.619259999999999478e-01 -6.539999999999999807e-03 -9.619379999999999598e-01 -2.731910000000000172e-01 6.479000000000000384e-03
4.000000000000000000e+00 2.600000000000000000e+01 6.400000000000000000e+01 0.000000000000000000e+00 1.600000000000000089e+00 -2.028999999999999988e-03 6.957999999999999775e-03 9.999740000000000295e-01 -3.436460000000000070e-01 9.390709999999999891e-01 -7.230999999999999581e-03 -9.390969999999999596e-01 -3.436520000000000130e-01 4.859999999999999954e-04
1.500000000000000000e+01 2.600000000000000000e+01 6.400000000000000000e+01 0.000000000000000000e+00 1.600000000000000089e+00 1.958000000000000105e-03 -3.455000000000000172e-03 9.999919999999999920e-01 -3.552270000000000150e-01 9.347720000000000473e-01 3.924999999999999670e-03 -9.347779999999999978e-01 -3.552319999999999922e-01 6.030000000000000204e-04
1.800000000000000000e+01 2.600000000000000000e+01 6.400000000000000000e+01 0.000000000000000000e+00 1.600000000000000089e+00 4.245999999999999774e-03 3.923000000000000272e-03 9.999829999999999552e-01 -3.566449999999999898e-01 9.342380000000000129e-01 -2.151000000000000134e-03 -9.342300000000000049e-01 -3.566300000000000026e-01 5.366000000000000110e-03
2.400000000000000000e+01 2.600000000000000000e+01 6.400000000000000000e+01 0.000000000000000000e+00 1.600000000000000089e+00 3.802999999999999957e-03 5.943999999999999631e-03 9.999749999999999472e-01 -3.540429999999999966e-01 9.352200000000000513e-01 -4.212999999999999731e-03 -9.352209999999999690e-01 -3.540179999999999993e-01 5.661000000000000233e-03
2.000000000000000000e+01 6.900000000000000000e+01 6.600000000000000000e+01 0.000000000000000000e+00 1.600000000000000089e+00 1.154000000000000078e-03 -2.089000000000000145e-03 9.999970000000000248e-01 -9.487409999999999455e-01 3.160499999999999976e-01 1.755000000000000050e-03 -3.160529999999999728e-01 -9.487400000000000277e-01 -1.618000000000000081e-03
3.000000000000000000e+00 2.500000000000000000e+01 7.300000000000000000e+01 0.000000000000000000e+00 1.600000000000000089e+00 -2.448999999999999788e-03 8.379999999999999862e-04 9.999970000000000248e-01 7.470949999999999536e-01 -6.647140000000000271e-01 2.386000000000000100e-03 6.647129999999999983e-01 7.470980000000000398e-01 1.002000000000000069e-03
9.000000000000000000e+00 2.500000000000000000e+01 7.300000000000000000e+01 0.000000000000000000e+00 1.600000000000000089e+00 1.110000000000000092e-03 1.451999999999999949e-03 9.999980000000000535e-01 7.547110000000000207e-01 -6.560570000000000013e-01 1.150000000000000035e-04 6.560570000000000013e-01 7.547099999999999920e-01 -1.824000000000000100e-03
2.400000000000000000e+01 2.500000000000000000e+01 7.300000000000000000e+01 0.000000000000000000e+00 1.600000000000000089e+00 6.799999999999999946e-05 -1.657000000000000053e-03 9.999989999999999712e-01 7.482820000000000027e-01 -6.633799999999999697e-01 -1.149999999999999981e-03 6.633809999999999985e-01 7.482809999999999739e-01 1.195000000000000099e-03
2.900000000000000000e+01 2.500000000000000000e+01 7.300000000000000000e+01 0.000000000000000000e+00 1.600000000000000089e+00 -8.890000000000000333e-04 9.195999999999999314e-03 9.999569999999999848e-01 7.524870000000000170e-01 -6.585729999999999640e-01 6.725000000000000075e-03 6.586070000000000535e-01 7.524600000000000177e-01 -6.334000000000000220e-03
3.000000000000000000e+00 4.400000000000000000e+01 7.300000000000000000e+01 0.000000000000000000e+00 1.600000000000000089e+00 -1.505999999999999960e-03 3.697999999999999898e-03 9.999919999999999920e-01 5.836999999999999827e-02 -9.982879999999999532e-01 3.779999999999999940e-03 9.982940000000000147e-01 5.837500000000000328e-02 1.286999999999999950e-03
7.000000000000000000e+00 4.400000000000000000e+01 7.300000000000000000e+01 0.000000000000000000e+00 1.600000000000000089e+00 -1.484000000000000076e-03 -3.994000000000000154e-03 9.999909999999999632e-01 5.645300000000000318e-02 -9.983980000000000077e-01 -3.903999999999999918e-03 9.984039999999999582e-01 5.644600000000000312e-02 1.706999999999999967e-03
1.400000000000000000e+01 4.400000000000000000e+01 7.300000000000000000e+01 0.000000000000000000e+00 1.600000000000000089e+00 -4.081000000000000426e-03 -1.625700000000000062e-02 9.998590000000000533e-01 5.334300000000000153e-02 -9.984480000000000022e-01 -1.601599999999999899e-02 9.985680000000000112e-01 5.326999999999999791e-02 4.941000000000000079e-03
2.800000000000000000e+01 4.400000000000000000e+01 7.300000000000000000e+01 0.000000000000000000e+00 1.600000000000000089e+00 1.176699999999999968e-02 1.481299999999999978e-02 9.998209999999999598e-01 5.170799999999999702e-02 -9.985619999999999497e-01 1.418600000000000069e-02 9.985929999999999529e-01 5.153200000000000142e-02 -1.251599999999999935e-02
1.000000000000000000e+01 5.100000000000000000e+01 7.600000000000000000e+01 0.000000000000000000e+00 1.600000000000000089e+00 -9.370000000000000074e-04 -5.386000000000000162e-03 -9.999850000000000128e-01 -3.925770000000000093e-01 -9.197039999999999660e-01 5.322000000000000342e-03 -9.197189999999999532e-01 3.925759999999999805e-01 -1.252999999999999991e-03
4.000000000000000000e+00 9.100000000000000000e+01 7.600000000000000000e+01 0.000000000000000000e+00 1.600000000000000089e+00 2.000000000000000164e-05 -2.280000000000000126e-04 1.000000000000000000e+00 3.783250000000000224e-01 -9.256729999999999681e-01 -2.190000000000000106e-04 9.256729999999999681e-01 3.783250000000000224e-01 6.799999999999999946e-05
7.000000000000000000e+00 9.100000000000000000e+01 7.600000000000000000e+01 0.000000000000000000e+00 1.600000000000000089e+00 -1.255000000000000039e-03 -1.144999999999999967e-03 9.999989999999999712e-01 3.741129999999999733e-01 -9.273829999999999574e-01 -5.919999999999999698e-04 9.273820000000000396e-01 3.741110000000000269e-01 1.593000000000000015e-03
1.500000000000000000e+01 9.100000000000000000e+01 7.600000000000000000e+01 0.000000000000000000e+00 1.600000000000000089e+00 -1.450000000000000009e-04 1.046000000000000055e-03 9.999989999999999712e-01 3.900669999999999971e-01 -9.207859999999999934e-01 1.018999999999999941e-03 9.207859999999999934e-01 3.900669999999999971e-01 -2.739999999999999923e-04
1.800000000000000000e+01 9.100000000000000000e+01 7.600000000000000000e+01 0.000000000000000000e+00 1.600000000000000089e+00 -3.840000000000000097e-04 -1.724999999999999971e-03 9.999980000000000535e-01 3.844980000000000064e-01 -9.231249999999999734e-01 -1.443999999999999971e-03 9.231260000000000021e-01 3.844969999999999777e-01 1.018000000000000025e-03
2.400000000000000000e+01 9.100000000000000000e+01 7.600000000000000000e+01 0.000000000000000000e+00 1.600000000000000089e+00 2.173000000000000018e-03 6.200000000000000270e-05 9.999980000000000535e-01 3.598709999999999964e-01 -9.330019999999999980e-01 -7.240000000000000342e-04 9.329990000000000228e-01 3.598720000000000252e-01 -2.050000000000000173e-03
