4.000000000000000000e+00 1.500000000000000000e+01 4.000000000000000000e+00 0.000000000000000000e+00 1.600000000000000089e+00 -4.786999999999999589e-03 3.519999999999999908e-04 9.999879999999999880e-01 3.172699999999999965e-01 -9.483329999999999815e-01 1.851999999999999914e-03 9.483230000000000270e-01 3.172749999999999737e-01 4.427999999999999645e-03
1.100000000000000000e+01 1.500000000000000000e+01 4.000000000000000000e+00 0.000000000000000000e+00 1.600000000000000089e+00 -2.252999999999999794e-03 1.275000000000000092e-03 9.999970000000000248e-01 3.125620000000000065e-01 -9.498950000000000449e-01 1.915000000000000036e-03 9.498950000000000449e-01 3.125649999999999817e-01 1.742000000000000059e-03
1.600000000000000000e+01 1.500000000000000000e+01 4.000000000000000000e+00 0.000000000000000000e+00 1.600000000000000089e+00 -2.464000000000000044e-03 1.346900000000000007e-02 9.999059999999999615e-01 3.146619999999999973e-01 -9.491070000000000340e-01 1.355999999999999914e-02 9.492009999999999614e-01 3.146660000000000013e-01 -1.899000000000000080e-03
2.500000000000000000e+01 1.500000000000000000e+01 4.000000000000000000e+00 0.000000000000000000e+00 1.600000000000000089e+00 -2.513000000000000043e-03 2.799899999999999958e-02 9.996049999999999658e-01 3.241120000000000112e-01 -9.456250000000000488e-01 2.730199999999999988e-02 9.460159999999999680e-01 3.240520000000000067e-01 -6.699000000000000093e-03
2.900000000000000000e+01 1.300000000000000000e+01 5.000000000000000000e+00 0.000000000000000000e+00 1.600000000000000089e+00 -3.240999999999999957e-03 5.867300000000000293e-02 9.982720000000000482e-01 3.261640000000000095e-01 -9.436219999999999608e-01 5.652000000000000079e-02 9.453070000000000084e-01 3.257840000000000180e-01 -1.607899999999999954e-02
1.000000000000000000e+00 1.010000000000000000e+02 7.000000000000000000e+00 0.000000000000000000e+00 1.600000000000000089e+00 -2.554999999999999979e-03 -1.302999999999999992e-02 9.999120000000000230e-01 8.907370000000000010e-01 4.544449999999999878e-01 8.198000000000000426e-03 -4.545109999999999983e-01 8.906800000000000272e-01 1.044499999999999942e-02
2.400000000000000000e+01 1.010000000000000000e+02 7.000000000000000000e+00 0.000000000000000000e+00 1.600000000000000089e+00 -1.039999999999999909e-03 -5.389999999999999826e-03 9.999850000000000128e-01 8.880980000000000540e-01 4.596419999999999950e-01 3.402000000000000076e-03 -4.596529999999999783e-01 8.880879999999999885e-01 4.309000000000000330e-03
5.000000000000000000e+00 2.500000000000000000e+01 8.000000000000000000e+00 0.000000000000000000e+00 1.600000000000000089e+00 -6.000000000000000152e-05 8.829999999999999958e-04 -1.000000000000000000e+00 4.440250000000000030e-01 8.960139999999999771e-01 7.649999999999999465e-04 8.960139999999999771e-01 -4.440250000000000030e-01 -4.459999999999999989e-04
1.300000000000000000e+01 2.500000000000000000e+01 8.000000000000000000e+00 0.000000000000000000e+00 1.600000000000000089e+00 -2.441000000000000027e-03 -4.414999999999999654e-03 -9.999869999999999592e-01 4.452479999999999771e-01 8.953929999999999945e-01 -5.041000000000000342e-03 8.954039999999999777e-01 -4.452539999999999831e-01 -2.200000000000000078e-04
1.600000000000000000e+01 2.500000000000000000e+01 8.000000000000000000e+00 0.000000000000000000e+00 1.600000000000000089e+00 -1.616000000000000032e-03 -4.219999999999999793e-03 -9.999900000000000455e-01 4.444850000000000190e-01 8.957749999999999879e-01 -4.498000000000000262e-03 8.957850000000000534e-01 -4.444879999999999942e-01 4.279999999999999950e-04
2.200000000000000000e+01 2.500000000000000000e+01 8.000000000000000000e+00 0.000000000000000000e+00 1.600000000000000089e+00 -1.449999999999999900e-03 -5.931999999999999773e-03 -9.999810000000000088e-01 4.459779999999999855e-01 8.950240000000000418e-01 -5.956000000000000356e-03 8.950430000000000330e-01 -4.459779999999999855e-01 1.348000000000000023e-03
6.000000000000000000e+00 2.400000000000000000e+01 9.000000000000000000e+00 0.000000000000000000e+00 1.600000000000000089e+00 -7.230000000000000098e-04 -3.811000000000000151e-03 -9.999919999999999920e-01 4.504980000000000095e-01 8.927699999999999525e-01 -3.727999999999999977e-03 8.927770000000000428e-01 -4.504969999999999808e-01 1.070999999999999903e-03
1.500000000000000000e+01 2.400000000000000000e+01 9.000000000000000000e+00 0.000000000000000000e+00 1.600000000000000089e+00 -1.466000000000000072e-03 -5.105000000000000163e-03 -9.999860000000000415e-01 4.501660000000000106e-01 8.929300000000000015e-01 -5.218000000000000416e-03 8.929439999999999600e-01 -4.501669999999999838e-01 9.890000000000000787e-04
2.300000000000000000e+01 2.400000000000000000e+01 9.000000000000000000e+00 0.000000000000000000e+00 1.600000000000000089e+00 -1.703000000000000087e-03 -8.137000000000000136e-03 -9.999649999999999928e-01 4.513730000000000242e-01 8.922989999999999533e-01 -8.028999999999999679e-03 8.923339999999999606e-01 -4.513710000000000222e-01 2.154000000000000099e-03
2.700000000000000000e+01 2.400000000000000000e+01 9.000000000000000000e+00 0.000000000000000000e+00 1.600000000000000089e+00 -1.902000000000000045e-03 -5.880999999999999943e-03 -9.999810000000000088e-01 4.513929999999999887e-01 8.923039999999999861e-01 -6.106000000000000316e-03 8.923229999999999773e-01 -4.513960000000000194e-01 9.579999999999999757e-04
7.000000000000000000e+00 3.100000000000000000e+01 1.200000000000000000e+01 0.000000000000000000e+00 1.600000000000000089e+00 -1.216000000000000067e-03 -1.271999999999999910e-03 9.999980000000000535e-01 1.320000000000000101e-04 9.999989999999999712e-01 1.271999999999999910e-03 -9.999989999999999712e-01 1.340000000000000045e-04 -1.214999999999999934e-03
1.700000000000000000e+01 3.100000000000000000e+01 1.200000000000000000e+01 0.000000000000000000e+00 1.600000000000000089e+00 8.769999999999999584e-04 -3.089999999999999756e-04 1.000000000000000000e+00 -1.856000000000000011e-03 9.999980000000000535e-01 3.099999999999999999e-04 -9.999980000000000535e-01 -1.856999999999999927e-03 8.760000000000000425e-04
2.400000000000000000e+01 3.100000000000000000e+01 1.200000000000000000e+01 0.000000000000000000e+00 1.600000000000000089e+00 6.899999999999999667e-05 -3.591000000000000008e-03 9.999940000000000495e-01 -3.432999999999999854e-03 9.999879999999999880e-01 3.591000000000000008e-03 -9.999940000000000495e-01 -3.432999999999999854e-03 5.700000000000000314e-05
1.800000000000000000e+01 3.500000000000000000e+01 1.200000000000000000e+01 0.000000000000000000e+00 1.600000000000000089e+00 3.458999999999999835e-03 -4.135999999999999920e-03 -9.999850000000000128e-01 5.726590000000000291e-01 -8.197759999999999492e-01 5.370999999999999906e-03 -8.197870000000000434e-01 -5.726689999999999836e-01 -4.670000000000000214e-04
2.300000000000000000e+01 3.500000000000000000e+01 1.200000000000000000e+01 0.000000000000000000e+00 1.600000000000000089e+00 5.990000000000000316e-04 -4.542000000000000030e-03 -9.999900000000000455e-01 5.539640000000000120e-01 -8.325310000000000210e-01 4.113000000000000336e-03 -8.325409999999999755e-01 -5.539600000000000080e-01 2.017999999999999829e-03
2.800000000000000000e+01 3.500000000000000000e+01 1.200000000000000000e+01 0.000000000000000000e+00 1.600000000000000089e+00 4.122999999999999929e-03 -6.308000000000000239e-03 -9.999719999999999720e-01 5.346210000000000129e-01 -8.450579999999999758e-01 7.535000000000000031e-03 -8.450819999999999999e-01 -5.346370000000000289e-01 -1.119999999999999983e-04
2.000000000000000000e+00 3.200000000000000000e+01 1.400000000000000000e+01 0.000000000000000000e+00 1.600000000000000089e+00 3.161000000000000181e-03 5.231000000000000406e-03 -9.999810000000000088e-01 9.939599999999999824e-02 9.950329999999999453e-01 5.519999999999999733e-03 9.950430000000000108e-01 -9.941200000000000037e-02 2.625000000000000163e-03
1.100000000000000000e+01 3.200000000000000000e+01 1.400000000000000000e+01 0.000000000000000000e+00 1.600000000000000089e+00 -1.691000000000000012e-03 -8.430999999999999259e-03 -9.999630000000000463e-01 1.041959999999999970e-01 9.945199999999999596e-01 -8.560999999999999166e-03 9.945549999999999669e-01 -1.042059999999999931e-01 -8.030000000000000028e-04
3.000000000000000000e+00 1.200000000000000000e+01 1.500000000000000000e+01 0.000000000000000000e+00 1.600000000000000089e+00 2.716999999999999797e-03 6.624999999999999813e-03 -9.999740000000000295e-01 -4.677410000000000179e-01 -8.838369999999999838e-01 -7.126000000000000389e-03 -8.838620000000000365e-01 4.677479999999999971e-01 6.970000000000000284e-04
9.000000000000000000e+00 1.200000000000000000e+01 1.500000000000000000e+01 0.000000000000000000e+00 1.600000000000000089e+00 8.520000000000000013e-04 4.344999999999999904e-03 -9.999900000000000455e-01 -4.696569999999999911e-01 -8.828390000000000404e-01 -4.236000000000000182e-03 -8.828489999999999949e-01 4.696560000000000179e-01 1.288999999999999998e-03
1.200000000000000000e+01 1.200000000000000000e+01 1.500000000000000000e+01 0.000000000000000000e+00 1.600000000000000089e+00 -1.036000000000000029e-03 7.375999999999999744e-03 -9.999719999999999720e-01 -4.661799999999999833e-01 -8.846690000000000387e-01 -6.042999999999999761e-03 -8.846899999999999764e-01 4.661600000000000188e-01 4.355000000000000364e-03
1.700000000000000000e+01 1.200000000000000000e+01 1.500000000000000000e+01 0.000000000000000000e+00 1.600000000000000089e+00 8.670000000000000406e-04 7.943999999999999673e-03 -9.999679999999999680e-01 -4.596210000000000018e-01 -8.880839999999999845e-01 -7.453999999999999689e-03 -8.881149999999999878e-01 4.596129999999999938e-01 2.880999999999999880e-03
2.200000000000000000e+01 1.200000000000000000e+01 1.500000000000000000e+01 0.000000000000000000e+00 1.600000000000000089e+00 -7.439999999999999782e-04 1.123399999999999919e-02 -9.999369999999999647e-01 -4.517559999999999909e-01 -8.920890000000000208e-01 -9.686000000000000165e-03 -8.921409999999999618e-01 4.517200000000000104e-01 5.739000000000000178e-03
2.800000000000000000e+01 1.200000000000000000e+01 1.500000000000000000e+01 0.000000000000000000e+00 1.600000000000000089e+00 -5.257999999999999653e-03 9.372000000000000122e-03 -9.999419999999999975e-01 -4.291130000000000222e-01 -9.032299999999999773e-01 -6.209000000000000109e-03 -9.032360000000000388e-01 4.290550000000000197e-01 8.770000000000000018e-03
3.000000000000000000e+00 1.160000000000000000e+02 1.600000000000000000e+01 0.000000000000000000e+00 1.600000000000000089e+00 -4.375999999999999682e-03 -2.932999999999999843e-03 9.999860000000000415e-01 8.139220000000000343e-01 5.809509999999999952e-01 5.265999999999999848e-03 -5.809579999999999744e-01 8.139330000000000176e-01 -1.559999999999999972e-04
1.000000000000000000e+01 1.160000000000000000e+02 1.600000000000000000e+01 0.000000000000000000e+00 1.600000000000000089e+00 -1.289999999999999914e-04 3.150000000000000131e-04 1.000000000000000000e+00 7.435810000000000475e-01 6.686459999999999626e-01 -1.150000000000000035e-04 -6.686459999999999626e-01 7.435810000000000475e-01 -3.209999999999999963e-04
1.500000000000000000e+01 1.160000000000000000e+02 1.600000000000000000e+01 0.000000000000000000e+00 1.600000000000000089e+00 -3.370000000000000057e-04 2.592000000000000120e-03 9.999970000000000248e-01 7.491579999999999906e-01 6.623890000000000056e-01 -1.464000000000000024e-03 -6.623909999999999521e-01 7.491550000000000153e-01 -2.165999999999999957e-03
1.000000000000000000e+00 2.000000000000000000e+00 1.900000000000000000e+01 0.000000000000000000e+00 1.600000000000000089e+00 -1.257600000000000037e-02 1.134600000000000018e-02 -9.998569999999999958e-01 2.400380000000000014e-01 -9.706620000000000248e-01 -1.403399999999999960e-02 -9.706820000000000448e-01 -2.401800000000000046e-01 9.483999999999999375e-03
6.000000000000000000e+00 2.000000000000000000e+00 1.900000000000000000e+01 0.000000000000000000e+00 1.600000000000000089e+00 -5.710999999999999931e-03 2.617299999999999835e-02 -9.996410000000000018e-01 2.397940000000000071e-01 -9.704540000000000388e-01 -2.677900000000000072e-02 -9.708069999999999755e-01 -2.398609999999999909e-01 -7.339999999999999520e-04
1.500000000000000000e+01 2.000000000000000000e+00 1.900000000000000000e+01 0.000000000000000000e+00 1.600000000000000089e+00 2.692699999999999955e-02 6.263699999999999823e-02 -9.976730000000000320e-01 2.352980000000000071e-01 -9.703899999999999748e-01 -5.457399999999999751e-02 -9.715500000000000247e-01 -2.332809999999999884e-01 -4.086800000000000155e-02
2.100000000000000000e+01 2.000000000000000000e+00 1.900000000000000000e+01 0.000000000000000000e+00 1.600000000000000089e+00 2.920700000000000032e-02 7.661900000000000654e-02 -9.966329999999999911e-01 2.897689999999999988e-01 -9.548919999999999630e-01 -6.491800000000000348e-02 -9.566510000000000291e-01 -2.868970000000000131e-01 -5.009099999999999664e-02
2.600000000000000000e+01 2.000000000000000000e+00 1.900000000000000000e+01 0.000000000000000000e+00 1.600000000000000089e+00 2.401599999999999915e-02 5.580600000000000144e-02 -9.981529999999999569e-01 3.239520000000000177e-01 -9.450009999999999799e-01 -4.503999999999999670e-02 -9.457689999999999708e-01 -3.222720000000000029e-01 -4.077299999999999675e-02
1.700000000000000000e+01 4.000000000000000000e+00 2.000000000000000000e+01 0.000000000000000000e+00 1.600000000000000089e+00 1.870899999999999994e-02 4.669899999999999746e-02 -9.987340000000000106e-01 4.009869999999999823e-01 -9.154039999999999955e-01 -3.529100000000000292e-02 -9.158929999999999572e-01 -3.998189999999999800e-01 -3.585200000000000192e-02
2.400000000000000000e+01 4.000000000000000000e+00 2.000000000000000000e+01 0.000000000000000000e+00 1.600000000000000089e+00 2.506999999999999854e-02 2.351500000000000118e-02 -9.994089999999999918e-01 3.663449999999999762e-01 -9.303919999999999968e-01 -1.270100000000000048e-02 -9.301409999999999956e-01 -3.658109999999999973e-01 -3.194000000000000311e-02
2.700000000000000000e+01 4.000000000000000000e+00 2.000000000000000000e+01 0.000000000000000000e+00 1.600000000000000089e+00 2.249100000000000057e-02 2.023399999999999851e-02 -9.995420000000000416e-01 3.587139999999999773e-01 -9.333850000000000202e-01 -1.082299999999999929e-02 -9.331760000000000055e-01 -3.583060000000000134e-01 -2.825099999999999834e-02
6.000000000000000000e+00 1.300000000000000000e+01 2.000000000000000000e+01 0.000000000000000000e+00 1.600000000000000089e+00 -9.190000000000000035e-04 -3.350999999999999812e-03 9.999940000000000495e-01 2.657950000000000035e-01 9.640229999999999633e-01 3.474000000000000091e-03 -9.640290000000000248e-01 2.657970000000000055e-01 5.000000000000000409e-06
1.500000000000000000e+01 1.300000000000000000e+01 2.000000000000000000e+01 0.000000000000000000e+00 1.600000000000000089e+00 1.230000000000000082e-04 1.490000000000000005e-03 9.999989999999999712e-01 2.647189999999999821e-01 9.643239999999999590e-01 -1.469000000000000037e-03 -9.643260000000000165e-01 2.647189999999999821e-01 -2.750000000000000166e-04
2.100000000000000000e+01 1.300000000000000000e+01 2.000000000000000000e+01 0.000000000000000000e+00 1.600000000000000089e+00 3.130000000000000187e-04 5.230000000000000274e-04 1.000000000000000000e+00 2.626649999999999818e-01 9.648870000000000502e-01 -5.869999999999999567e-04 -9.648870000000000502e-01 2.626649999999999818e-01 1.649999999999999991e-04
2.600000000000000000e+01 1.300000000000000000e+01 2.000000000000000000e+01 0.000000000000000000e+00 1.600000000000000089e+00 6.999999999999999387e-05 1.884000000000000041e-03 9.999980000000000535e-01 2.609770000000000145e-01 9.653429999999999511e-01 -1.837000000000000091e-03 -9.653450000000000086e-01 2.609770000000000145e-01 -4.240000000000000062e-04
2.000000000000000000e+00 3.000000000000000000e+00 2.500000000000000000e+01 0.000000000000000000e+00 1.600000000000000089e+00 8.509999999999999769e-04 6.440999999999999677e-03 9.999789999999999512e-01 -1.560300000000000055e-02 -9.998569999999999958e-01 6.453999999999999668e-03 9.998780000000000445e-01 -1.560800000000000035e-02 -7.500000000000000156e-04
6.000000000000000000e+00 3.000000000000000000e+00 2.500000000000000000e+01 0.000000000000000000e+00 1.600000000000000089e+00 3.046999999999999795e-03 9.133999999999999758e-03 9.999540000000000095e-01 -2.028100000000000042e-02 -9.997519999999999740e-01 9.194000000000000783e-03 9.997899999999999565e-01 -2.030799999999999966e-02 -2.860999999999999828e-03
2.100000000000000000e+01 3.000000000000000000e+00 2.500000000000000000e+01 0.000000000000000000e+00 1.600000000000000089e+00 -1.230000000000000082e-04 1.344200000000000082e-02 9.999099999999999655e-01 -3.264800000000000341e-02 -9.993769999999999598e-01 1.343100000000000023e-02 9.994669999999999943e-01 -3.264399999999999941e-02 5.619999999999999996e-04
2.900000000000000000e+01 3.000000000000000000e+00 2.500000000000000000e+01 0.000000000000000000e+00 1.600000000000000089e+00 3.320000000000000034e-03 -1.379999999999999933e-04 9.999940000000000495e-01 -4.900999999999999801e-02 -9.987979999999999636e-01 2.500000000000000120e-05 9.987930000000000419e-01 -4.900999999999999801e-02 -3.322999999999999999e-03
5.000000000000000000e+00 4.600000000000000000e+01 2.700000000000000000e+01 0.000000000000000000e+00 1.600000000000000089e+00 1.618000000000000081e-03 8.580000000000000387e-04 -9.999980000000000535e-01 6.708239999999999759e-01 7.416150000000000242e-01 1.722000000000000006e-03 7.416150000000000242e-01 -6.708250000000000046e-01 6.250000000000000130e-04
2.600000000000000000e+01 4.600000000000000000e+01 2.700000000000000000e+01 0.000000000000000000e+00 1.600000000000000089e+00 -1.590000000000000050e-03 -1.160000000000000007e-04 -9.999989999999999712e-01 6.689889999999999448e-01 7.432710000000000150e-01 -1.149999999999999981e-03 7.432699999999999863e-01 -6.689899999999999736e-01 -1.103999999999999947e-03
2.300000000000000000e+01 4.600000000000000000e+01 3.000000000000000000e+01 0.000000000000000000e+00 1.600000000000000089e+00 -1.378000000000000102e-03 -1.768999999999999956e-03 -9.999970000000000248e-01 3.252419999999999756e-01 9.456280000000000241e-01 -2.121000000000000055e-03 9.456299999999999706e-01 -3.252439999999999776e-01 -7.280000000000000230e-04
4.000000000000000000e+00 5.800000000000000000e+01 3.100000000000000000e+01 0.000000000000000000e+00 1.600000000000000089e+00 1.340999999999999961e-03 3.575000000000000053e-03 9.999930000000000208e-01 -7.854480000000000350e-01 -6.189189999999999969e-01 3.265999999999999806e-03 6.189270000000000049e-01 -7.854459999999999775e-01 1.978000000000000157e-03
1.000000000000000000e+01 5.800000000000000000e+01 3.100000000000000000e+01 0.000000000000000000e+00 1.600000000000000089e+00 2.100000000000000087e-04 -7.630000000000000063e-04 1.000000000000000000e+00 -7.832459999999999978e-01 -6.217120000000000424e-01 -3.099999999999999999e-04 6.217120000000000424e-01 -7.832449999999999690e-01 -7.290000000000000473e-04
1.700000000000000000e+01 5.800000000000000000e+01 3.100000000000000000e+01 0.000000000000000000e+00 1.600000000000000089e+00 3.782999999999999904e-03 4.621000000000000107e-03 9.999820000000000375e-01 -7.781400000000000539e-01 -6.280630000000000379e-01 5.845999999999999634e-03 6.280790000000000539e-01 -7.781489999999999796e-01 1.219999999999999947e-03
2.700000000000000000e+01 5.800000000000000000e+01 3.100000000000000000e+01 0.000000000000000000e+00 1.600000000000000089e+00 -4.227999999999999987e-03 -1.350999999999999987e-03 9.999900000000000455e-01 -7.705539999999999612e-01 -6.373609999999999554e-01 -4.119000000000000265e-03 6.373609999999999554e-01 -7.705640000000000267e-01 1.652999999999999955e-03
3.000000000000000000e+00 4.600000000000000000e+01 3.500000000000000000e+01 0.000000000000000000e+00 1.600000000000000089e+00 -6.669999999999999497e-04 -7.709999999999999840e-04 -9.999989999999999712e-01 3.901189999999999936e-01 -9.207640000000000269e-01 4.499999999999999877e-04 -9.207640000000000269e-01 -3.901189999999999936e-01 9.150000000000000147e-04
6.000000000000000000e+00 4.600000000000000000e+01 3.500000000000000000e+01 0.000000000000000000e+00 1.600000000000000089e+00 -4.389999999999999914e-04 -1.783000000000000080e-03 -9.999980000000000535e-01 3.907249999999999890e-01 -9.205060000000000464e-01 1.469999999999999953e-03 -9.205069999999999641e-01 -3.907240000000000157e-01 1.100999999999999982e-03
1.100000000000000000e+01 4.600000000000000000e+01 3.500000000000000000e+01 0.000000000000000000e+00 1.600000000000000089e+00 6.109999999999999980e-04 7.399999999999999894e-04 -1.000000000000000000e+00 3.911800000000000277e-01 -9.203139999999999654e-01 -4.420000000000000101e-04 -9.203139999999999654e-01 -3.911789999999999989e-01 -8.520000000000000013e-04
1.400000000000000000e+01 4.600000000000000000e+01 3.500000000000000000e+01 0.000000000000000000e+00 1.600000000000000089e+00 -1.430000000000000064e-04 2.742000000000000080e-03 -9.999959999999999960e-01 3.915409999999999724e-01 -9.201570000000000027e-01 -2.579000000000000129e-03 -9.201610000000000067e-01 -3.915399999999999991e-01 -9.420000000000000205e-04
1.800000000000000000e+01 4.600000000000000000e+01 3.500000000000000000e+01 0.000000000000000000e+00 1.600000000000000089e+00 -3.390000000000000001e-04 -2.500000000000000120e-05 -1.000000000000000000e+00 3.921350000000000113e-01 -9.199079999999999480e-01 -1.100000000000000039e-04 -9.199079999999999480e-01 -3.921350000000000113e-01 3.209999999999999963e-04
2.300000000000000000e+01 4.600000000000000000e+01 3.500000000000000000e+01 0.000000000000000000e+00 1.600000000000000089e+00 1.100000000000000039e-04 6.419999999999999925e-04 -1.000000000000000000e+00 3.938479999999999759e-01 -9.191749999999999643e-01 -5.469999999999999602e-04 -9.191759999999999931e-01 -3.938479999999999759e-01 -3.539999999999999853e-04
2.600000000000000000e+01 4.600000000000000000e+01 3.500000000000000000e+01 0.000000000000000000e+00 1.600000000000000089e+00 5.910000000000000539e-04 6.250000000000000130e-04 -1.000000000000000000e+00 3.941500000000000004e-01 -9.190460000000000296e-01 -3.409999999999999945e-04 -9.190460000000000296e-01 -3.941500000000000004e-01 -7.889999999999999878e-04
4.000000000000000000e+00 3.000000000000000000e+00 4.300000000000000000e+01 0.000000000000000000e+00 1.600000000000000089e+00 -5.990000000000000316e-04 -1.229300000000000011e-02 -9.999240000000000350e-01 7.409440000000000470e-01 -6.715219999999999523e-01 7.812000000000000367e-03 -6.715670000000000250e-01 -7.408829999999999583e-01 9.511000000000000357e-03
1.000000000000000000e+01 3.000000000000000000e+00 4.300000000000000000e+01 0.000000000000000000e+00 1.600000000000000089e+00 -1.081400000000000070e-02 -2.792299999999999990e-02 -9.995519999999999960e-01 7.361830000000000318e-01 -6.766940000000000177e-01 1.093900000000000081e-02 -6.766959999999999642e-01 -7.357350000000000279e-01 2.787399999999999947e-02
1.400000000000000000e+01 3.000000000000000000e+00 4.300000000000000000e+01 0.000000000000000000e+00 1.600000000000000089e+00 2.059999999999999928e-04 -3.480599999999999666e-02 -9.993940000000000046e-01 7.339379999999999793e-01 -6.787999999999999590e-01 2.379200000000000065e-02 -6.792169999999999597e-01 -7.334979999999999833e-01 2.540500000000000050e-02
2.000000000000000000e+01 3.000000000000000000e+00 4.300000000000000000e+01 0.000000000000000000e+00 1.600000000000000089e+00 -2.965999999999999887e-03 -3.588000000000000043e-03 -9.999890000000000168e-01 7.370400000000000285e-01 -6.758490000000000331e-01 2.390000000000000089e-04 -6.758429999999999715e-01 -7.370309999999999917e-01 4.649000000000000354e-03
2.500000000000000000e+01 3.000000000000000000e+00 4.300000000000000000e+01 0.000000000000000000e+00 1.600000000000000089e+00 1.394000000000000057e-03 4.514999999999999916e-03 -9.999890000000000168e-01 7.359890000000000043e-01 -6.769899999999999807e-01 -2.030999999999999819e-03 -6.769920000000000382e-01 -7.359780000000000211e-01 -4.266999999999999960e-03
2.000000000000000000e+00 2.900000000000000000e+01 4.400000000000000000e+01 0.000000000000000000e+00 1.600000000000000089e+00 2.500000000000000120e-05 -1.082000000000000062e-03 -9.999989999999999712e-01 6.488930000000000531e-01 7.608789999999999720e-01 -8.069999999999999916e-04 7.608800000000000008e-01 -6.488930000000000531e-01 7.209999999999999612e-04
9.000000000000000000e+00 2.900000000000000000e+01 4.400000000000000000e+01 0.000000000000000000e+00 1.600000000000000089e+00 -2.259999999999999910e-04 1.825999999999999932e-03 -9.999980000000000535e-01 6.481289999999999552e-01 7.615300000000000402e-01 1.244000000000000097e-03 7.615309999999999580e-01 -6.481270000000000087e-01 -1.356000000000000000e-03
1.700000000000000000e+01 2.900000000000000000e+01 4.400000000000000000e+01 0.000000000000000000e+00 1.600000000000000089e+00 -2.348999999999999960e-03 1.655999999999999920e-03 -9.999959999999999960e-01 6.506960000000000521e-01 7.593379999999999574e-01 -2.709999999999999735e-04 7.593339999999999534e-01 -6.506939999999999946e-01 -2.860999999999999828e-03
2.300000000000000000e+01 2.900000000000000000e+01 4.400000000000000000e+01 0.000000000000000000e+00 1.600000000000000089e+00 -1.761999999999999894e-03 2.219000000000000052e-03 -9.999959999999999960e-01 6.596880000000000521e-01 7.515399999999999858e-01 5.050000000000000235e-04 7.515380000000000393e-01 -6.596840000000000481e-01 -2.788000000000000114e-03
2.800000000000000000e+01 2.900000000000000000e+01 4.400000000000000000e+01 0.000000000000000000e+00 1.600000000000000089e+00 2.373999999999999808e-03 -1.067999999999999939e-03 -9.999970000000000248e-01 6.581489999999999840e-01 7.528869999999999729e-01 7.579999999999999932e-04 7.528839999999999977e-01 -6.581489999999999840e-01 2.490000000000000026e-03
7.000000000000000000e+00 6.500000000000000000e+01 4.600000000000000000e+01 0.000000000000000000e+00 1.600000000000000089e+00 8.639999999999999677e-04 -4.190000000000000148e-03 9.999909999999999632e-01 6.820049999999999724e-01 -7.313380000000000436e-01 -3.654000000000000130e-03 7.313469999999999693e-01 6.820019999999999971e-01 2.226000000000000114e-03
5.000000000000000000e+00 7.000000000000000000e+01 4.700000000000000000e+01 0.000000000000000000e+00 1.600000000000000089e+00 -5.929999999999999941e-04 9.030000000000000483e-04 -9.999989999999999712e-01 -8.425300000000000011e-01 -5.386499999999999622e-01 1.299999999999999920e-05 -5.386499999999999622e-01 8.425289999999999724e-01 1.080000000000000014e-03
1.700000000000000000e+01 7.000000000000000000e+01 4.700000000000000000e+01 0.000000000000000000e+00 1.600000000000000089e+00 -8.499999999999999526e-04 -2.546999999999999785e-03 -9.999959999999999960e-01 -8.437240000000000295e-01 -5.367729999999999446e-01 2.083999999999999915e-03 -5.367760000000000309e-01 8.437230000000000008e-01 -1.693000000000000060e-03
6.000000000000000000e+00 5.000000000000000000e+00 5.100000000000000000e+01 0.000000000000000000e+00 1.600000000000000089e+00 4.620000000000000083e-04 -3.746000000000000198e-03 -9.999930000000000208e-01 4.725360000000000116e-01 -8.813039999999999763e-01 3.520000000000000125e-03 -8.813109999999999555e-01 -4.725349999999999828e-01 1.363000000000000062e-03
1.200000000000000000e+01 5.000000000000000000e+00 5.100000000000000000e+01 0.000000000000000000e+00 1.600000000000000089e+00 -5.683999999999999816e-03 -1.337999999999999953e-02 -9.998939999999999495e-01 4.825760000000000050e-01 -8.758080000000000309e-01 8.977000000000000604e-03 -8.758359999999999479e-01 -4.824740000000000140e-01 1.143500000000000072e-02
1.700000000000000000e+01 5.000000000000000000e+00 5.100000000000000000e+01 0.000000000000000000e+00 1.600000000000000089e+00 -2.487000000000000061e-03 -2.701999999999999975e-03 -9.999930000000000208e-01 4.858279999999999821e-01 -8.740539999999999976e-01 1.154000000000000078e-03 -8.740510000000000224e-01 -4.858219999999999761e-01 3.485999999999999949e-03
2.100000000000000000e+01 5.000000000000000000e+00 5.100000000000000000e+01 0.000000000000000000e+00 1.600000000000000089e+00 -6.040000000000000447e-04 3.658999999999999926e-03 -9.999930000000000208e-01 4.896699999999999942e-01 -8.719010000000000371e-01 -3.485999999999999949e-03 -8.719069999999999876e-01 -4.896690000000000209e-01 -1.265000000000000065e-03
2.700000000000000000e+01 1.150000000000000000e+02 5.100000000000000000e+01 0.000000000000000000e+00 1.600000000000000089e+00 9.039999999999999642e-04 7.529999999999999801e-04 9.999989999999999712e-01 8.472650000000000459e-01 -5.311700000000000310e-01 -3.660000000000000059e-04 5.311700000000000310e-01 8.472650000000000459e-01 -1.118000000000000070e-03
3.000000000000000000e+00 7.000000000000000000e+00 5.200000000000000000e+01 0.000000000000000000e+00 1.600000000000000089e+00 -2.072000000000000057e-03 -9.089999999999999773e-04 -9.999970000000000248e-01 9.409499999999999809e-02 -9.955629999999999757e-01 7.100000000000000191e-04 -9.955610000000000293e-01 -9.409299999999999609e-02 2.148999999999999869e-03
1.700000000000000000e+01 7.000000000000000000e+00 5.200000000000000000e+01 0.000000000000000000e+00 1.600000000000000089e+00 -2.778999999999999786e-03 -8.700000000000000051e-04 -9.999959999999999960e-01 1.148939999999999961e-01 -9.933779999999999832e-01 5.450000000000000200e-04 -9.933739999999999792e-01 -1.148919999999999941e-01 2.860000000000000129e-03
9.000000000000000000e+00 6.300000000000000000e+01 5.400000000000000000e+01 0.000000000000000000e+00 1.600000000000000089e+00 1.420999999999999954e-03 2.458999999999999814e-03 9.999959999999999960e-01 -3.310239999999999849e-01 9.436200000000000143e-01 -1.850000000000000082e-03 -9.436210000000000431e-01 -3.310199999999999809e-01 2.154999999999999798e-03
1.500000000000000000e+01 6.300000000000000000e+01 5.400000000000000000e+01 0.000000000000000000e+00 1.600000000000000089e+00 -1.998999999999999909e-03 -4.769999999999999934e-04 9.999980000000000535e-01 -3.352089999999999792e-01 9.421439999999999815e-01 -2.200000000000000078e-04 -9.421410000000000062e-01 -3.352089999999999792e-01 -2.043000000000000111e-03
2.000000000000000000e+01 6.300000000000000000e+01 5.400000000000000000e+01 0.000000000000000000e+00 1.600000000000000089e+00 -1.418999999999999906e-03 -3.413999999999999934e-03 9.999930000000000208e-01 -3.448530000000000206e-01 9.386529999999999596e-01 2.714999999999999965e-03 -9.386550000000000171e-01 -3.448470000000000146e-01 -2.508999999999999946e-03
2.000000000000000000e+00 2.500000000000000000e+01 5.500000000000000000e+01 0.000000000000000000e+00 1.600000000000000089e+00 1.644999999999999978e-03 1.096699999999999932e-02 -9.999379999999999935e-01 -1.132400000000000073e-02 -9.998759999999999870e-01 -1.098499999999999997e-02 -9.999339999999999895e-01 1.134199999999999965e-02 -1.521000000000000000e-03
1.300000000000000000e+01 2.500000000000000000e+01 5.500000000000000000e+01 0.000000000000000000e+00 1.600000000000000089e+00 -1.118000000000000070e-03 -1.257000000000000088e-03 -9.999989999999999712e-01 -9.409000000000000696e-03 -9.999550000000000383e-01 1.266999999999999897e-03 -9.999550000000000383e-01 9.409999999999999962e-03 1.105999999999999995e-03
2.400000000000000000e+01 2.600000000000000000e+01 5.500000000000000000e+01 0.000000000000000000e+00 1.600000000000000089e+00 -1.016999999999999892e-03 6.650000000000000095e-04 -9.999989999999999712e-01 -2.614199999999999857e-02 -9.996580000000000465e-01 -6.380000000000000037e-04 -9.996580000000000465e-01 2.614199999999999857e-02 1.033999999999999980e-03
2.500000000000000000e+01 6.800000000000000000e+01 5.700000000000000000e+01 0.000000000000000000e+00 1.600000000000000089e+00 -3.710000000000000190e-04 5.998999999999999992e-03 -9.999820000000000375e-01 -2.420309999999999961e-01 -9.702520000000000033e-01 -5.730999999999999983e-03 -9.702680000000000193e-01 2.420239999999999891e-01 1.810999999999999893e-03
4.000000000000000000e+00 2.100000000000000000e+01 6.000000000000000000e+01 0.000000000000000000e+00 1.600000000000000089e+00 -1.242000000000000048e-03 -7.943999999999999673e-03 9.999679999999999680e-01 -8.994699999999999918e-02 9.959160000000000235e-01 7.799999999999999642e-03 -9.959459999999999980e-01 -8.993500000000000105e-02 -1.951000000000000043e-03
8.000000000000000000e+00 2.100000000000000000e+01 6.000000000000000000e+01 0.000000000000000000e+00 1.600000000000000089e+00 -1.727000000000000019e-03 -2.809999999999999998e-04 9.999989999999999712e-01 -8.935800000000000687e-02 9.959999999999999964e-01 1.259999999999999998e-04 -9.959980000000000500e-01 -8.935800000000000687e-02 -1.745000000000000023e-03
1.400000000000000000e+01 2.100000000000000000e+01 6.000000000000000000e+01 0.000000000000000000e+00 1.600000000000000089e+00 1.400999999999999902e-03 1.099999999999999936e-02 9.999379999999999935e-01 -8.982900000000000607e-02 9.958979999999999499e-01 -1.082999999999999935e-02 -9.959559999999999524e-01 -8.980799999999999894e-02 2.383000000000000135e-03
1.800000000000000000e+01 2.100000000000000000e+01 6.000000000000000000e+01 0.000000000000000000e+00 1.600000000000000089e+00 8.012999999999999290e-03 -6.727999999999999606e-03 9.999449999999999728e-01 -9.233099999999999641e-02 9.957009999999999472e-01 7.440000000000000432e-03 -9.956960000000000255e-01 -9.238599999999999590e-02 7.357999999999999957e-03
2.500000000000000000e+01 2.100000000000000000e+01 6.000000000000000000e+01 0.000000000000000000e+00 1.600000000000000089e+00 -4.799999999999999580e-03 3.550999999999999903e-03 9.999820000000000375e-01 -9.449599999999999667e-02 9.955169999999999852e-01 -3.989000000000000358e-03 -9.955140000000000100e-01 -9.451400000000000079e-02 -4.442999999999999901e-03
1.200000000000000000e+01 3.000000000000000000e+00 6.300000000000000000e+01 0.000000000000000000e+00 1.600000000000000089e+00 -1.188999999999999953e-03 -8.776000000000000814e-03 9.999609999999999888e-01 -6.144190000000000484e-01 7.889559999999999906e-01 6.193999999999999853e-03 -7.889789999999999859e-01 -6.143870000000000164e-01 -6.329999999999999689e-03
4.000000000000000000e+00 2.700000000000000000e+01 6.300000000000000000e+01 0.000000000000000000e+00 1.600000000000000089e+00 3.031999999999999973e-03 8.789999999999999203e-03 9.999569999999999848e-01 -2.673840000000000106e-01 9.635599999999999721e-01 -7.659000000000000009e-03 -9.635850000000000248e-01 -2.673490000000000033e-01 5.271999999999999777e-03
8.000000000000000000e+00 2.700000000000000000e+01 6.300000000000000000e+01 0.000000000000000000e+00 1.600000000000000089e+00 -2.322999999999999978e-03 -6.189000000000000057e-03 9.999780000000000335e-01 -2.658510000000000040e-01 9.639990000000000503e-01 5.348999999999999588e-03 -9.640109999999999513e-01 -2.658329999999999860e-01 -3.884999999999999998e-03
1.600000000000000000e+01 2.700000000000000000e+01 6.300000000000000000e+01 0.000000000000000000e+00 1.600000000000000089e+00 1.224000000000000045e-03 -4.338999999999999975e-03 9.999900000000000455e-01 -2.736520000000000064e-01 9.618179999999999508e-01 4.507999999999999854e-03 -9.618280000000000163e-01 -2.736549999999999816e-01 -1.000000000000000082e-05
2.100000000000000000e+01 2.700000000000000000e+01 6.300000000000000000e+01 0.000000000000000000e+00 1.600000000000000089e+00 -1.386000000000000079e-03 -1.185999999999999988e-03 9.999980000000000535e-01 -2.825650000000000106e-01 9.592479999999999896e-01 7.460000000000000268e-04 -9.592469999999999608e-01 -2.825630000000000086e-01 -1.665000000000000030e-03
2.700000000000000000e+01 2.700000000000000000e+01 6.300000000000000000e+01 0.000000000000000000e+00 1.600000000000000089e+00 8.120000000000000048e-04 -5.137000000000000073e-03 9.999860000000000415e-01 -2.760779999999999901e-01 9.611210000000000031e-01 5.161999999999999922e-03 -9.611349999999999616e-01 -2.760779999999999901e-01 -6.380000000000000037e-04
3.000000000000000000e+00 2.600000000000000000e+01 6.400000000000000000e+01 0.000000000000000000e+00 1.600000000000000089e+00 9.409999999999999962e-04 6.468999999999999924e-03 9.999789999999999512e-01 -3.481299999999999950e-01 9.374289999999999567e-01 -5.736999999999999912e-03 -9.374460000000000015e-01 -3.481179999999999830e-01 3.134000000000000067e-03
7.000000000000000000e+00 2.600000000000000000e+01 6.400000000000000000e+01 0.000000000000000000e+00 1.600000000000000089e+00 -3.649999999999999816e-04 -4.780000000000000394e-03 9.999879999999999880e-01 -3.468040000000000012e-01 9.379269999999999552e-01 4.356999999999999762e-03 -9.379370000000000207e-01 -3.467990000000000239e-01 -2.001000000000000174e-03
1.200000000000000000e+01 2.600000000000000000e+01 6.400000000000000000e+01 0.000000000000000000e+00 1.600000000000000089e+00 5.710000000000000015e-04 -1.342899999999999996e-02 9.999099999999999655e-01 -3.541119999999999823e-01 9.351159999999999473e-01 1.276099999999999977e-02 -9.352030000000000065e-01 -3.540869999999999851e-01 -4.220999999999999926e-03
2.100000000000000000e+01 2.600000000000000000e+01 6.400000000000000000e+01 0.000000000000000000e+00 1.600000000000000089e+00 -9.169999999999999549e-04 8.159999999999999936e-04 9.999989999999999712e-01 -3.670959999999999779e-01 9.301829999999999821e-01 -1.095999999999999969e-03 -9.301829999999999821e-01 -3.670959999999999779e-01 -5.540000000000000219e-04
2.600000000000000000e+01 2.600000000000000000e+01 6.400000000000000000e+01 0.000000000000000000e+00 1.600000000000000089e+00 -6.570000000000000319e-04 -7.052000000000000109e-03 9.999749999999999472e-01 -3.611530000000000018e-01 9.324850000000000083e-01 6.339000000000000017e-03 -9.325059999999999460e-01 -3.611400000000000166e-01 -3.160000000000000048e-03
2.700000000000000000e+01 6.900000000000000000e+01 6.600000000000000000e+01 0.000000000000000000e+00 1.600000000000000089e+00 7.720000000000000299e-03 -1.677000000000000105e-03 9.999689999999999968e-01 -9.432719999999999994e-01 3.319289999999999741e-01 7.839000000000000482e-03 -3.319320000000000048e-01 -9.433030000000000026e-01 9.810000000000001011e-04
2.000000000000000000e+00 2.500000000000000000e+01 7.300000000000000000e+01 0.000000000000000000e+00 1.600000000000000089e+00 5.445000000000000187e-03 3.887999999999999963e-03 9.999780000000000335e-01 7.507059999999999844e-01 -6.606349999999999723e-01 -1.518999999999999951e-03 6.606140000000000345e-01 7.506969999999999477e-01 -6.516000000000000091e-03
9.000000000000000000e+00 2.500000000000000000e+01 7.300000000000000000e+01 0.000000000000000000e+00 1.600000000000000089e+00 -3.436999999999999951e-03 8.049999999999999864e-03 9.999620000000000175e-01 7.535450000000000204e-01 -6.573489999999999611e-01 7.881000000000000852e-03 6.573870000000000546e-01 7.535439999999999916e-01 -3.807000000000000054e-03
1.400000000000000000e+01 2.500000000000000000e+01 7.300000000000000000e+01 0.000000000000000000e+00 1.600000000000000089e+00 -1.268000000000000030e-03 -7.012000000000000004e-03 9.999749999999999472e-01 7.445800000000000196e-01 -6.675229999999999775e-01 -3.736000000000000171e-03 6.675320000000000142e-01 7.445559999999999956e-01 6.067999999999999609e-03
2.000000000000000000e+01 2.500000000000000000e+01 7.300000000000000000e+01 0.000000000000000000e+00 1.600000000000000089e+00 5.589000000000000218e-03 2.844000000000000174e-03 9.999799999999999800e-01 7.503400000000000070e-01 -6.610479999999999690e-01 -2.314000000000000085e-03 6.610279999999999490e-01 7.503379999999999495e-01 -5.827999999999999847e-03
2.300000000000000000e+01 2.500000000000000000e+01 7.300000000000000000e+01 0.000000000000000000e+00 1.600000000000000089e+00 7.485999999999999599e-03 5.799000000000000335e-03 9.999550000000000383e-01 7.582780000000000076e-01 -6.519279999999999520e-01 -1.895999999999999899e-03 6.518880000000000230e-01 7.582590000000000163e-01 -9.277000000000000524e-03
5.000000000000000000e+00 4.400000000000000000e+01 7.300000000000000000e+01 0.000000000000000000e+00 1.600000000000000089e+00 2.962999999999999922e-03 -1.013999999999999927e-03 9.999949999999999672e-01 4.688200000000000006e-02 -9.989000000000000101e-01 -1.152000000000000029e-03 9.988960000000000061e-01 4.688500000000000306e-02 -2.912000000000000092e-03
