1.300000000000000000e+01 2.500000000000000000e+01 1.000000000000000000e+00 0.000000000000000000e+00 1.600000000000000089e+00 -2.150000000000000001e-03 -7.908000000000000099e-03 -9.999660000000000215e-01 -5.211740000000000261e-01 -8.534140000000000059e-01 7.868999999999999259e-03 -8.534469999999999557e-01 5.211740000000000261e-01 -2.286999999999999970e-03
1.000000000000000000e+01 1.800000000000000000e+01 3.000000000000000000e+00 0.000000000000000000e+00 1.600000000000000089e+00 9.282999999999999585e-03 7.986999999999999308e-03 -9.999249999999999527e-01 -7.769580000000000375e-01 -6.294330000000000203e-01 -1.224100000000000014e-02 -6.294840000000000435e-01 7.770129999999999537e-01 3.629999999999999872e-04
1.400000000000000000e+01 2.100000000000000000e+01 4.000000000000000000e+00 0.000000000000000000e+00 1.600000000000000089e+00 -1.046000000000000055e-03 -3.350000000000000113e-04 -9.999989999999999712e-01 -6.566290000000000182e-01 -7.542130000000000223e-01 9.389999999999999476e-04 -7.542130000000000223e-01 6.566290000000000182e-01 5.689999999999999529e-04
1.700000000000000000e+01 2.100000000000000000e+01 4.000000000000000000e+00 0.000000000000000000e+00 1.600000000000000089e+00 -2.005999999999999971e-03 2.773999999999999990e-03 -9.999940000000000495e-01 -6.573539999999999939e-01 -7.535809999999999453e-01 -7.720000000000000083e-04 -7.535789999999999988e-01 6.573489999999999611e-01 3.334999999999999857e-03
1.300000000000000000e+01 1.010000000000000000e+02 7.000000000000000000e+00 0.000000000000000000e+00 1.600000000000000089e+00 6.459000000000000331e-03 2.935000000000000109e-02 9.995479999999999920e-01 8.854030000000000511e-01 4.644220000000000015e-01 -1.935900000000000121e-02 -4.647800000000000264e-01 8.851280000000000259e-01 -2.298700000000000049e-02
2.100000000000000000e+01 1.010000000000000000e+02 7.000000000000000000e+00 0.000000000000000000e+00 1.600000000000000089e+00 -8.459999999999999638e-04 2.504999999999999848e-03 9.999970000000000248e-01 8.905859999999999888e-01 4.548139999999999961e-01 -3.860000000000000041e-04 -4.548130000000000228e-01 8.905830000000000135e-01 -2.615999999999999836e-03
2.000000000000000000e+00 2.500000000000000000e+01 8.000000000000000000e+00 0.000000000000000000e+00 1.600000000000000089e+00 -7.844999999999999543e-03 2.034100000000000144e-02 -9.997620000000000395e-01 4.391450000000000076e-01 8.982940000000000369e-01 1.482999999999999943e-02 8.983820000000000139e-01 -4.389239999999999808e-01 -1.598000000000000115e-02
7.000000000000000000e+00 2.500000000000000000e+01 8.000000000000000000e+00 0.000000000000000000e+00 1.600000000000000089e+00 3.911999999999999679e-03 -2.020200000000000121e-02 -9.997880000000000100e-01 4.416800000000000170e-01 8.970230000000000148e-01 -1.639799999999999938e-02 8.971639999999999615e-01 -4.415229999999999988e-01 1.243200000000000034e-02
1.100000000000000000e+01 2.500000000000000000e+01 8.000000000000000000e+00 0.000000000000000000e+00 1.600000000000000089e+00 1.610000000000000103e-03 -2.084799999999999848e-02 -9.997810000000000308e-01 4.407059999999999866e-01 8.974710000000000187e-01 -1.800500000000000017e-02 8.976499999999999480e-01 -4.405800000000000272e-01 1.063300000000000009e-02
2.100000000000000000e+01 2.500000000000000000e+01 8.000000000000000000e+00 0.000000000000000000e+00 1.600000000000000089e+00 -5.800000000000000034e-05 1.744700000000000070e-02 -9.998479999999999590e-01 4.423889999999999767e-01 8.966870000000000118e-01 1.562099999999999947e-02 8.968230000000000368e-01 -4.423210000000000197e-01 -7.769999999999999997e-03
2.600000000000000000e+01 2.500000000000000000e+01 8.000000000000000000e+00 0.000000000000000000e+00 1.600000000000000089e+00 -5.969999999999999829e-04 4.627000000000000036e-03 -9.999890000000000168e-01 4.420100000000000140e-01 8.970019999999999660e-01 3.886000000000000131e-03 8.970099999999999740e-01 -4.420020000000000060e-01 -2.580999999999999961e-03
2.000000000000000000e+00 2.400000000000000000e+01 9.000000000000000000e+00 0.000000000000000000e+00 1.600000000000000089e+00 -4.693000000000000123e-03 6.825000000000000337e-03 -9.999660000000000215e-01 4.439150000000000040e-01 8.960599999999999676e-01 4.031999999999999994e-03 8.960569999999999924e-01 -4.438810000000000255e-01 -7.235000000000000112e-03
6.000000000000000000e+00 2.400000000000000000e+01 9.000000000000000000e+00 0.000000000000000000e+00 1.600000000000000089e+00 1.180999999999999975e-03 -4.649000000000000354e-03 -9.999879999999999880e-01 4.447200000000000042e-01 8.956619999999999582e-01 -3.638000000000000175e-03 8.956690000000000484e-01 -4.447110000000000229e-01 3.125000000000000173e-03
1.200000000000000000e+01 2.400000000000000000e+01 9.000000000000000000e+00 0.000000000000000000e+00 1.600000000000000089e+00 7.190000000000000210e-04 -1.375799999999999940e-02 -9.999050000000000438e-01 4.459420000000000051e-01 8.949810000000000265e-01 -1.199300000000000019e-02 8.950620000000000243e-01 -4.458909999999999818e-01 6.779000000000000303e-03
1.900000000000000000e+01 2.400000000000000000e+01 9.000000000000000000e+00 0.000000000000000000e+00 1.600000000000000089e+00 2.151999999999999833e-03 7.442999999999999963e-03 -9.999700000000000255e-01 4.497780000000000111e-01 8.931080000000000130e-01 7.615000000000000241e-03 8.931379999999999875e-01 -4.497809999999999864e-01 -1.425999999999999967e-03
2.300000000000000000e+01 2.400000000000000000e+01 9.000000000000000000e+00 0.000000000000000000e+00 1.600000000000000089e+00 -2.268000000000000051e-03 2.011999999999999900e-02 -9.997949999999999893e-01 4.489150000000000085e-01 8.934140000000000414e-01 1.696100000000000038e-02 8.935720000000000329e-01 -4.487840000000000162e-01 -1.105899999999999939e-02
6.000000000000000000e+00 5.100000000000000000e+01 1.100000000000000000e+01 0.000000000000000000e+00 1.600000000000000089e+00 -6.943340000000000067e-01 5.450289999999999857e-01 4.699400000000000244e-01 -6.997409999999999464e-01 -6.638500000000000512e-01 -2.639409999999999812e-01 1.681149999999999867e-01 -5.120999999999999996e-01 8.423129999999999784e-01
1.900000000000000000e+01 3.500000000000000000e+01 1.200000000000000000e+01 0.000000000000000000e+00 1.600000000000000089e+00 1.459999999999999981e-04 -1.103000000000000031e-03 -9.999989999999999712e-01 4.042959999999999887e-01 -9.146279999999999966e-01 1.067999999999999939e-03 -9.146279999999999966e-01 -4.042959999999999887e-01 3.130000000000000187e-04
2.500000000000000000e+01 3.500000000000000000e+01 1.200000000000000000e+01 0.000000000000000000e+00 1.600000000000000089e+00 1.010999999999999963e-03 5.034000000000000280e-03 -9.999869999999999592e-01 4.006109999999999949e-01 -9.162390000000000256e-01 -4.207999999999999935e-03 -9.162479999999999514e-01 -4.006009999999999849e-01 -2.942999999999999870e-03
2.900000000000000000e+01 3.500000000000000000e+01 1.200000000000000000e+01 0.000000000000000000e+00 1.600000000000000089e+00 -2.893000000000000172e-03 3.654999999999999829e-03 -9.999890000000000168e-01 4.055130000000000123e-01 -9.140779999999999461e-01 -4.513999999999999783e-03 -9.140850000000000364e-01 -4.055219999999999936e-01 1.162999999999999971e-03
1.000000000000000000e+00 3.200000000000000000e+01 1.300000000000000000e+01 0.000000000000000000e+00 1.600000000000000089e+00 3.230500000000000038e-02 1.608289999999999997e-01 9.864530000000000243e-01 1.709600000000000009e-02 9.867350000000000287e-01 -1.614349999999999952e-01 -9.993319999999999981e-01 2.207999999999999893e-02 2.912700000000000011e-02
2.000000000000000000e+00 4.900000000000000000e+01 1.300000000000000000e+01 0.000000000000000000e+00 1.600000000000000089e+00 1.534129999999999938e-01 5.935160000000000435e-01 -7.900660000000000460e-01 9.590739999999999821e-01 1.031330000000000024e-01 2.637059999999999960e-01 2.379950000000000121e-01 -7.981869999999999798e-01 -5.534029999999999783e-01
3.000000000000000000e+00 4.800000000000000000e+01 1.400000000000000000e+01 0.000000000000000000e+00 1.600000000000000089e+00 2.978129999999999944e-01 9.000620000000000287e-01 -3.181140000000000079e-01 9.386039999999999939e-01 -2.152850000000000041e-01 2.695839999999999903e-01 1.741570000000000062e-01 -3.788679999999999826e-01 -9.089159999999999462e-01
4.000000000000000000e+00 1.300000000000000000e+01 1.600000000000000000e+01 0.000000000000000000e+00 1.600000000000000089e+00 -3.054999999999999990e-03 6.836499999999999522e-02 9.976559999999999873e-01 1.519169999999999965e-01 -9.860489999999999533e-01 6.803499999999999825e-02 9.883889999999999620e-01 1.517689999999999872e-01 -7.374000000000000346e-03
9.000000000000000000e+00 1.300000000000000000e+01 1.600000000000000000e+01 0.000000000000000000e+00 1.600000000000000089e+00 7.460000000000000268e-04 5.345599999999999657e-02 9.985699999999999577e-01 1.223329999999999973e-01 -9.910750000000000393e-01 5.296300000000000313e-02 9.924889999999999546e-01 1.221190000000000053e-01 -7.278999999999999880e-03
1.300000000000000000e+01 1.300000000000000000e+01 1.600000000000000000e+01 0.000000000000000000e+00 1.600000000000000089e+00 9.200000000000000278e-04 3.732900000000000107e-02 9.993030000000000523e-01 1.115619999999999945e-01 -9.930689999999999795e-01 3.699299999999999811e-02 9.937570000000000014e-01 1.114509999999999945e-01 -5.078000000000000048e-03
2.300000000000000000e+01 1.300000000000000000e+01 1.600000000000000000e+01 0.000000000000000000e+00 1.600000000000000089e+00 2.187999999999999841e-03 -2.053599999999999870e-02 9.997869999999999813e-01 1.174889999999999962e-01 -9.928590000000000471e-01 -2.065099999999999922e-02 9.930719999999999548e-01 1.175090000000000023e-01 2.400000000000000061e-04
3.000000000000000000e+00 2.000000000000000000e+00 1.900000000000000000e+01 0.000000000000000000e+00 1.600000000000000089e+00 -8.012000000000000025e-03 3.179699999999999888e-02 -9.994619999999999616e-01 3.118730000000000113e-01 -9.495609999999999884e-01 -3.271000000000000296e-02 -9.500899999999999901e-01 -3.119669999999999943e-01 -2.308999999999999855e-03
1.500000000000000000e+01 2.000000000000000000e+00 1.900000000000000000e+01 0.000000000000000000e+00 1.600000000000000089e+00 -5.140999999999999737e-03 5.772000000000000221e-03 -9.999700000000000255e-01 2.841779999999999862e-01 -9.587459999999999871e-01 -6.995000000000000349e-03 -9.587579999999999991e-01 -2.842060000000000142e-01 3.288999999999999823e-03
2.500000000000000000e+01 2.000000000000000000e+00 1.900000000000000000e+01 0.000000000000000000e+00 1.600000000000000089e+00 2.004000000000000139e-03 -8.874999999999999209e-03 -9.999590000000000423e-01 2.900849999999999818e-01 -9.569579999999999753e-01 9.074000000000000468e-03 -9.569990000000000441e-01 -2.900909999999999878e-01 6.570000000000000319e-04
2.000000000000000000e+00 3.000000000000000000e+00 1.900000000000000000e+01 0.000000000000000000e+00 1.600000000000000089e+00 -8.710999999999999993e-03 3.015999999999999931e-02 -9.995070000000000343e-01 3.257789999999999853e-01 -9.449260000000000437e-01 -3.135199999999999793e-02 -9.454059999999999686e-01 -3.258920000000000150e-01 -1.593999999999999931e-03
7.000000000000000000e+00 3.000000000000000000e+00 1.900000000000000000e+01 0.000000000000000000e+00 1.600000000000000089e+00 -7.459000000000000352e-03 2.418800000000000117e-02 -9.996800000000000130e-01 3.204819999999999891e-01 -9.469159999999999799e-01 -2.530200000000000157e-02 -9.472249999999999837e-01 -3.205689999999999928e-01 -6.880000000000000265e-04
1.000000000000000000e+01 3.000000000000000000e+00 1.900000000000000000e+01 0.000000000000000000e+00 1.600000000000000089e+00 -4.322999999999999586e-03 1.999899999999999942e-02 -9.997909999999999853e-01 3.133360000000000034e-01 -9.494240000000000457e-01 -2.034599999999999950e-02 -9.496329999999999494e-01 -3.133580000000000254e-01 -2.161999999999999859e-03
2.000000000000000000e+01 3.000000000000000000e+00 1.900000000000000000e+01 0.000000000000000000e+00 1.600000000000000089e+00 -8.600000000000000331e-05 4.809999999999999823e-04 -1.000000000000000000e+00 3.037509999999999932e-01 -9.527510000000000145e-01 -4.840000000000000010e-04 -9.527510000000000145e-01 -3.037509999999999932e-01 -6.499999999999999431e-05
2.900000000000000000e+01 3.000000000000000000e+00 1.900000000000000000e+01 0.000000000000000000e+00 1.600000000000000089e+00 5.751000000000000036e-03 -1.331099999999999992e-02 -9.998949999999999783e-01 3.206789999999999918e-01 -9.470779999999999754e-01 1.445199999999999957e-02 -9.471699999999999564e-01 -3.207289999999999863e-01 -1.178000000000000011e-03
8.000000000000000000e+00 4.000000000000000000e+00 2.000000000000000000e+01 0.000000000000000000e+00 1.600000000000000089e+00 -6.153999999999999748e-03 2.217900000000000080e-02 -9.997350000000000403e-01 4.255869999999999931e-01 -9.046330000000000204e-01 -2.268799999999999983e-02 -9.048960000000000337e-01 -4.256139999999999923e-01 -3.872000000000000008e-03
1.100000000000000000e+01 4.000000000000000000e+00 2.000000000000000000e+01 0.000000000000000000e+00 1.600000000000000089e+00 -4.532999999999999703e-03 1.821499999999999855e-02 -9.998240000000000460e-01 4.246059999999999834e-01 -9.051909999999999679e-01 -1.841599999999999834e-02 -9.053670000000000329e-01 -4.246150000000000202e-01 -3.631000000000000113e-03
2.000000000000000000e+01 4.000000000000000000e+00 2.000000000000000000e+01 0.000000000000000000e+00 1.600000000000000089e+00 6.480000000000000300e-04 2.510000000000000078e-03 -9.999970000000000248e-01 4.280329999999999968e-01 -9.037610000000000365e-01 -1.991000000000000148e-03 -9.037629999999999830e-01 -4.280300000000000216e-01 -1.660000000000000017e-03
2.300000000000000000e+01 4.000000000000000000e+00 2.000000000000000000e+01 0.000000000000000000e+00 1.600000000000000089e+00 2.609999999999999907e-03 -5.087000000000000376e-03 -9.999839999999999840e-01 4.304430000000000200e-01 -9.025999999999999579e-01 5.714999999999999594e-03 -9.026140000000000274e-01 -4.304509999999999725e-01 -1.659999999999999963e-04
2.900000000000000000e+01 4.000000000000000000e+00 2.000000000000000000e+01 0.000000000000000000e+00 1.600000000000000089e+00 5.859999999999999758e-03 -1.335500000000000055e-02 -9.998939999999999495e-01 4.349199999999999733e-01 -9.003510000000000124e-01 1.457400000000000015e-02 -9.004499999999999726e-01 -4.349589999999999845e-01 5.320000000000000293e-04
2.000000000000000000e+00 1.300000000000000000e+01 2.000000000000000000e+01 0.000000000000000000e+00 1.600000000000000089e+00 -3.239999999999999825e-03 -6.564999999999999655e-03 9.999730000000000008e-01 2.859320000000000195e-01 9.582230000000000469e-01 7.217999999999999590e-03 -9.582439999999999847e-01 2.859479999999999800e-01 -1.227000000000000009e-03
6.000000000000000000e+00 1.300000000000000000e+01 2.000000000000000000e+01 0.000000000000000000e+00 1.600000000000000089e+00 -1.698999999999999989e-03 -4.708000000000000379e-03 9.999869999999999592e-01 2.953620000000000134e-01 9.553719999999999990e-01 5.000000000000000104e-03 -9.553840000000000110e-01 2.953660000000000174e-01 -2.329999999999999986e-04
1.000000000000000000e+01 1.300000000000000000e+01 2.000000000000000000e+01 0.000000000000000000e+00 1.600000000000000089e+00 -9.820000000000000170e-04 2.134000000000000046e-03 9.999970000000000248e-01 3.042610000000000037e-01 9.525869999999999616e-01 -1.734000000000000081e-03 -9.525879999999999903e-01 3.042579999999999729e-01 -1.585000000000000037e-03
1.900000000000000000e+01 1.300000000000000000e+01 2.000000000000000000e+01 0.000000000000000000e+00 1.600000000000000089e+00 -5.550000000000000462e-04 1.366000000000000027e-03 9.999989999999999712e-01 3.126900000000000235e-01 9.498539999999999761e-01 -1.123999999999999999e-03 -9.498550000000000049e-01 3.126889999999999947e-01 -9.550000000000000112e-04
2.500000000000000000e+01 1.300000000000000000e+01 2.000000000000000000e+01 0.000000000000000000e+00 1.600000000000000089e+00 1.399999999999999979e-05 4.734999999999999626e-03 9.999890000000000168e-01 3.102300000000000058e-01 9.506510000000000238e-01 -4.505999999999999589e-03 -9.506620000000000070e-01 3.102260000000000018e-01 -1.454999999999999913e-03
3.000000000000000000e+01 1.300000000000000000e+01 2.000000000000000000e+01 0.000000000000000000e+00 1.600000000000000089e+00 9.730000000000000151e-04 5.330999999999999801e-03 9.999850000000000128e-01 3.078620000000000245e-01 9.514160000000000394e-01 -5.370999999999999906e-03 -9.514299999999999979e-01 3.078629999999999978e-01 -7.159999999999999481e-04
1.400000000000000000e+01 1.400000000000000000e+01 2.000000000000000000e+01 0.000000000000000000e+00 1.600000000000000089e+00 2.300000000000000002e-05 1.703000000000000087e-03 9.999989999999999712e-01 2.671819999999999751e-01 9.636449999999999738e-01 -1.647000000000000026e-03 -9.636460000000000026e-01 2.671819999999999751e-01 -4.330000000000000081e-04
1.400000000000000000e+01 1.600000000000000000e+01 2.100000000000000000e+01 0.000000000000000000e+00 1.600000000000000089e+00 4.910000000000000085e-04 7.257000000000000429e-03 9.999740000000000295e-01 3.035459999999999825e-01 9.527910000000000545e-01 -7.063999999999999967e-03 -9.528170000000000250e-01 3.035410000000000053e-01 -1.734999999999999997e-03
1.900000000000000000e+01 1.600000000000000000e+01 2.100000000000000000e+01 0.000000000000000000e+00 1.600000000000000089e+00 -1.124999999999999915e-03 1.620000000000000075e-04 9.999989999999999712e-01 3.043219999999999814e-01 9.525689999999999991e-01 1.890000000000000133e-04 -9.525689999999999991e-01 3.043219999999999814e-01 -1.121000000000000035e-03
2.600000000000000000e+01 1.600000000000000000e+01 2.100000000000000000e+01 0.000000000000000000e+00 1.600000000000000089e+00 4.910000000000000085e-04 -2.755000000000000070e-03 9.999959999999999960e-01 3.077469999999999928e-01 9.514650000000000052e-01 2.469999999999999973e-03 -9.514679999999999804e-01 3.077449999999999908e-01 1.314999999999999980e-03
2.400000000000000000e+01 1.000000000000000000e+00 2.500000000000000000e+01 0.000000000000000000e+00 1.600000000000000089e+00 -1.689999999999999879e-04 -3.595999999999999804e-03 9.999940000000000495e-01 -3.941599999999999965e-02 -9.992159999999999931e-01 -3.599999999999999901e-03 9.992229999999999723e-01 -3.941700000000000065e-02 2.699999999999999899e-05
2.000000000000000000e+00 3.000000000000000000e+00 2.500000000000000000e+01 0.000000000000000000e+00 1.600000000000000089e+00 -9.652000000000000857e-03 2.963199999999999862e-02 9.995140000000000136e-01 -2.460000000000000164e-04 -9.995610000000000328e-01 2.963100000000000109e-02 9.999529999999999808e-01 4.000000000000000327e-05 9.655000000000000387e-03
6.000000000000000000e+00 3.000000000000000000e+00 2.500000000000000000e+01 0.000000000000000000e+00 1.600000000000000089e+00 -6.098000000000000122e-03 2.534300000000000094e-02 9.996599999999999930e-01 -1.245699999999999932e-02 -9.996030000000000193e-01 2.526499999999999926e-02 9.999040000000000150e-01 -1.229799999999999990e-02 6.411000000000000032e-03
1.300000000000000000e+01 4.200000000000000000e+01 2.500000000000000000e+01 0.000000000000000000e+00 1.600000000000000089e+00 1.359800000000000071e-02 -6.688220000000000276e-01 7.432980000000000143e-01 -4.466129999999999822e-01 6.610329999999999817e-01 6.029689999999999772e-01 -8.946239999999999748e-01 -3.401660000000000239e-01 -2.897159999999999735e-01
1.900000000000000000e+01 4.600000000000000000e+01 2.700000000000000000e+01 0.000000000000000000e+00 1.600000000000000089e+00 -3.426999999999999925e-03 8.559999999999999901e-04 -9.999940000000000495e-01 6.811800000000000077e-01 7.321140000000000425e-01 -1.708000000000000100e-03 7.321079999999999810e-01 -6.811810000000000365e-01 -3.092000000000000130e-03
1.400000000000000000e+01 3.900000000000000000e+01 2.900000000000000000e+01 0.000000000000000000e+00 1.600000000000000089e+00 -1.621680000000000066e-01 -9.313320000000000487e-01 3.260700000000000265e-01 5.397769999999999513e-01 -3.603469999999999729e-01 -7.607829999999999870e-01 8.260399999999999965e-01 5.263000000000000317e-02 5.611490000000000089e-01
2.300000000000000000e+01 4.600000000000000000e+01 3.000000000000000000e+01 0.000000000000000000e+00 1.600000000000000089e+00 -5.599999999999999916e-05 4.840000000000000010e-04 -1.000000000000000000e+00 3.284380000000000077e-01 9.445249999999999480e-01 4.389999999999999914e-04 9.445249999999999480e-01 -3.284380000000000077e-01 -2.120000000000000031e-04
2.800000000000000000e+01 4.600000000000000000e+01 3.000000000000000000e+01 0.000000000000000000e+00 1.600000000000000089e+00 -7.600000000000000418e-05 -3.301000000000000115e-03 -9.999949999999999672e-01 3.286529999999999729e-01 9.444460000000000077e-01 -3.141999999999999828e-03 9.444510000000000405e-01 -3.286510000000000264e-01 1.013000000000000012e-03
8.000000000000000000e+00 5.800000000000000000e+01 3.100000000000000000e+01 0.000000000000000000e+00 1.600000000000000089e+00 7.195000000000000007e-03 8.895999999999999394e-03 9.999350000000000183e-01 -7.970699999999999452e-01 -6.037850000000000161e-01 1.110700000000000055e-02 6.038440000000000474e-01 -7.970979999999999732e-01 2.746000000000000177e-03
1.500000000000000000e+01 5.800000000000000000e+01 3.100000000000000000e+01 0.000000000000000000e+00 1.600000000000000089e+00 5.689999999999999529e-04 8.505999999999999672e-03 9.999639999999999640e-01 -8.015510000000000135e-01 -5.979010000000000158e-01 5.542000000000000051e-03 5.979259999999999575e-01 -8.015250000000000430e-01 6.478000000000000251e-03
1.800000000000000000e+01 5.800000000000000000e+01 3.100000000000000000e+01 0.000000000000000000e+00 1.600000000000000089e+00 -8.220000000000000310e-04 -4.699999999999999724e-05 1.000000000000000000e+00 -8.001160000000000494e-01 -5.998459999999999903e-01 -6.859999999999999779e-04 5.998449999999999616e-01 -8.001160000000000494e-01 4.560000000000000251e-04
2.500000000000000000e+01 5.800000000000000000e+01 3.100000000000000000e+01 0.000000000000000000e+00 1.600000000000000089e+00 -2.008999999999999935e-03 -1.343999999999999926e-03 9.999970000000000248e-01 -8.002219999999999889e-01 -5.996989999999999821e-01 -2.413999999999999913e-03 5.997000000000000108e-01 -8.002249999999999641e-01 1.289999999999999914e-04
2.800000000000000000e+01 5.800000000000000000e+01 3.100000000000000000e+01 0.000000000000000000e+00 1.600000000000000089e+00 -2.683000000000000055e-03 3.950999999999999651e-03 9.999890000000000168e-01 -8.002529999999999921e-01 -5.996620000000000283e-01 2.220000000000000022e-04 5.996559999999999668e-01 -8.002439999999999554e-01 4.771000000000000067e-03
9.000000000000000000e+00 2.300000000000000000e+01 3.400000000000000000e+01 0.000000000000000000e+00 1.600000000000000089e+00 7.150000000000000322e-04 8.734000000000000444e-03 9.999620000000000175e-01 3.968679999999999986e-01 -9.178429999999999644e-01 7.733000000000000290e-03 9.178749999999999964e-01 3.968470000000000053e-01 -4.121999999999999796e-03
1.300000000000000000e+01 2.300000000000000000e+01 3.400000000000000000e+01 0.000000000000000000e+00 1.600000000000000089e+00 3.575000000000000053e-03 2.031999999999999952e-03 9.999919999999999920e-01 3.981169999999999987e-01 -9.173339999999999828e-01 4.409999999999999858e-04 9.173280000000000323e-01 3.981120000000000214e-01 -4.087999999999999620e-03
1.500000000000000000e+01 4.600000000000000000e+01 3.500000000000000000e+01 0.000000000000000000e+00 1.600000000000000089e+00 -6.413000000000000297e-03 -1.596069999999999989e-01 -9.871600000000000374e-01 3.834890000000000243e-01 -9.120949999999999891e-01 1.449789999999999968e-01 -9.235229999999999828e-01 -3.776349999999999985e-01 6.705600000000000449e-02
2.000000000000000000e+01 4.600000000000000000e+01 3.500000000000000000e+01 0.000000000000000000e+00 1.600000000000000089e+00 3.780000000000000265e-04 5.793000000000000406e-03 -9.999829999999999552e-01 3.907809999999999895e-01 -9.204689999999999817e-01 -5.185000000000000372e-03 -9.204839999999999689e-01 -3.907720000000000082e-01 -2.612000000000000172e-03
2.400000000000000000e+01 4.600000000000000000e+01 3.500000000000000000e+01 0.000000000000000000e+00 1.600000000000000089e+00 -1.551000000000000078e-03 7.275000000000000216e-03 -9.999719999999999720e-01 3.915000000000000147e-01 -9.201489999999999947e-01 -7.301000000000000198e-03 -9.201770000000000227e-01 -3.915000000000000147e-01 -1.420999999999999954e-03
9.000000000000000000e+00 9.500000000000000000e+01 3.600000000000000000e+01 0.000000000000000000e+00 1.600000000000000089e+00 -2.282999999999999873e-03 -4.595599999999999685e-02 9.989409999999999679e-01 9.984380000000000477e-01 5.565599999999999714e-02 4.841999999999999950e-03 -5.582000000000000156e-02 9.973919999999999453e-01 4.575800000000000006e-02
4.000000000000000000e+00 3.100000000000000000e+01 3.700000000000000000e+01 0.000000000000000000e+00 1.600000000000000089e+00 1.855960000000000110e-01 -9.747630000000000461e-01 -1.240630000000000066e-01 6.391949999999999577e-01 2.156569999999999876e-01 -7.381879999999999553e-01 7.463130000000000042e-01 5.770399999999999835e-02 6.630890000000000395e-01
1.000000000000000000e+01 9.500000000000000000e+01 3.700000000000000000e+01 0.000000000000000000e+00 1.600000000000000089e+00 9.759999999999999796e-04 -2.521199999999999830e-02 9.996819999999999595e-01 9.972670000000000146e-01 7.387100000000000610e-02 8.890000000000000333e-04 -7.386900000000000410e-02 9.969489999999999741e-01 2.521599999999999883e-02
3.000000000000000000e+00 2.800000000000000000e+01 4.000000000000000000e+01 0.000000000000000000e+00 1.600000000000000089e+00 -2.961099999999999843e-02 -8.668190000000000062e-01 -4.977420000000000178e-01 7.394190000000000484e-01 3.160769999999999968e-01 -5.944369999999999932e-01 6.725950000000000539e-01 -3.856419999999999848e-01 6.315830000000000055e-01
2.000000000000000000e+00 2.600000000000000000e+01 4.200000000000000000e+01 0.000000000000000000e+00 1.600000000000000089e+00 -2.712300000000000127e-02 -2.080349999999999977e-01 -9.777449999999999752e-01 8.177539999999999809e-01 5.579290000000000083e-01 -1.413959999999999939e-01 5.749279999999999946e-01 -8.033909999999999663e-01 1.549889999999999879e-01
9.000000000000000000e+00 5.000000000000000000e+01 4.200000000000000000e+01 0.000000000000000000e+00 1.600000000000000089e+00 -3.983430000000000026e-01 8.528029999999999777e-01 -3.377129999999999854e-01 -5.363639999999999519e-01 8.210199999999999443e-02 8.399839999999999529e-01 7.440679999999999517e-01 5.157380000000000297e-01 4.247079999999999744e-01
9.000000000000000000e+00 5.100000000000000000e+01 4.300000000000000000e+01 0.000000000000000000e+00 1.600000000000000089e+00 -2.997799999999999909e-01 8.436069999999999958e-01 -4.454870000000000219e-01 -5.033630000000000049e-01 2.568050000000000055e-01 8.250319999999999876e-01 8.104059999999999597e-01 4.715690000000000159e-01 3.476560000000000206e-01
4.000000000000000000e+00 2.900000000000000000e+01 4.400000000000000000e+01 0.000000000000000000e+00 1.600000000000000089e+00 -4.876400000000000179e-02 -2.912000000000000092e-03 -9.988059999999999716e-01 7.499949999999999672e-01 6.603189999999999893e-01 -3.854099999999999887e-02 6.596429999999999794e-01 -7.509789999999999521e-01 -3.001600000000000101e-02
1.700000000000000000e+01 2.900000000000000000e+01 4.400000000000000000e+01 0.000000000000000000e+00 1.600000000000000089e+00 5.807999999999999795e-03 1.019100000000000041e-02 -9.999310000000000143e-01 6.965160000000000240e-01 7.174509999999999499e-01 1.135800000000000004e-02 7.175179999999999891e-01 -6.965339999999999865e-01 -2.931000000000000012e-03
2.100000000000000000e+01 2.900000000000000000e+01 4.400000000000000000e+01 0.000000000000000000e+00 1.600000000000000089e+00 -7.370000000000000249e-04 4.723999999999999901e-03 -9.999890000000000168e-01 6.600030000000000063e-01 7.512569999999999526e-01 3.062000000000000052e-03 7.512630000000000141e-01 -6.599930000000000518e-01 -3.670999999999999784e-03
2.500000000000000000e+01 2.900000000000000000e+01 4.400000000000000000e+01 0.000000000000000000e+00 1.600000000000000089e+00 -1.425000000000000051e-03 1.961000000000000069e-03 -9.999970000000000248e-01 6.538549999999999640e-01 7.566199999999999593e-01 5.519999999999999733e-04 7.566190000000000415e-01 -6.538519999999999888e-01 -2.360000000000000119e-03
2.900000000000000000e+01 2.900000000000000000e+01 4.400000000000000000e+01 0.000000000000000000e+00 1.600000000000000089e+00 4.070000000000000267e-04 -2.799999999999999958e-05 -1.000000000000000000e+00 6.588420000000000387e-01 7.522809999999999775e-01 2.469999999999999865e-04 7.522809999999999775e-01 -6.588420000000000387e-01 3.249999999999999851e-04
4.000000000000000000e+00 6.500000000000000000e+01 4.600000000000000000e+01 0.000000000000000000e+00 1.600000000000000089e+00 9.520000000000000467e-04 3.214999999999999976e-03 9.999940000000000495e-01 6.784280000000000310e-01 -7.346650000000000125e-01 1.716000000000000077e-03 7.346660000000000412e-01 6.784229999999999983e-01 -2.880999999999999880e-03
2.000000000000000000e+01 6.500000000000000000e+01 4.600000000000000000e+01 0.000000000000000000e+00 1.600000000000000089e+00 1.572999999999999962e-03 7.669999999999999951e-04 9.999980000000000535e-01 6.806149999999999700e-01 -7.326409999999999867e-01 -5.090000000000000123e-04 7.326390000000000402e-01 6.806149999999999700e-01 -1.675000000000000057e-03
3.000000000000000000e+00 4.200000000000000000e+01 4.700000000000000000e+01 0.000000000000000000e+00 1.600000000000000089e+00 -9.990499999999999936e-01 1.800200000000000064e-02 -3.969600000000000212e-02 3.083100000000000077e-02 -3.519120000000000026e-01 -9.355250000000000510e-01 -3.081100000000000158e-02 -9.358600000000000252e-01 3.510220000000000007e-01
1.900000000000000000e+01 7.000000000000000000e+01 4.700000000000000000e+01 0.000000000000000000e+00 1.600000000000000089e+00 1.899999999999999996e-03 5.416999999999999940e-03 -9.999839999999999840e-01 -8.362640000000000073e-01 -5.483090000000000463e-01 -4.558999999999999685e-03 -5.483240000000000336e-01 8.362579999999999458e-01 3.488000000000000215e-03
7.000000000000000000e+00 2.900000000000000000e+01 4.800000000000000000e+01 0.000000000000000000e+00 1.600000000000000089e+00 1.223800000000000061e-02 5.468200000000000144e-02 9.984290000000000109e-01 3.552850000000000175e-01 9.331110000000000237e-01 -5.545900000000000135e-02 -9.346780000000000088e-01 3.554050000000000264e-01 -8.009000000000000494e-03
1.200000000000000000e+01 2.900000000000000000e+01 4.800000000000000000e+01 0.000000000000000000e+00 1.600000000000000089e+00 3.288000000000000124e-03 -5.728999999999999718e-03 9.999780000000000335e-01 3.748859999999999970e-01 9.270620000000000527e-01 4.078000000000000028e-03 -9.270650000000000279e-01 3.748639999999999750e-01 5.196000000000000098e-03
1.700000000000000000e+01 2.900000000000000000e+01 4.800000000000000000e+01 0.000000000000000000e+00 1.600000000000000089e+00 -2.688999999999999984e-03 7.424000000000000044e-03 9.999689999999999968e-01 3.631369999999999876e-01 9.317170000000000174e-01 -5.941000000000000100e-03 -9.317320000000000046e-01 3.631099999999999883e-01 -5.202000000000000027e-03
4.000000000000000000e+00 4.800000000000000000e+01 4.900000000000000000e+01 0.000000000000000000e+00 1.600000000000000089e+00 6.927240000000000064e-01 -4.867600000000000260e-01 5.321639999999999704e-01 1.581960000000000033e-01 8.224690000000000056e-01 5.463689999999999936e-01 -7.036390000000000144e-01 -2.942960000000000020e-01 6.467469999999999608e-01
3.000000000000000000e+00 1.150000000000000000e+02 5.100000000000000000e+01 0.000000000000000000e+00 1.600000000000000089e+00 -2.043000000000000111e-03 1.552199999999999934e-02 9.998770000000000158e-01 8.582990000000000341e-01 -5.130569999999999853e-01 9.719000000000000208e-03 5.131449999999999623e-01 8.582140000000000324e-01 -1.227400000000000019e-02
9.000000000000000000e+00 7.000000000000000000e+00 5.200000000000000000e+01 0.000000000000000000e+00 1.600000000000000089e+00 6.520000000000000188e-04 -3.943000000000000324e-03 -9.999919999999999920e-01 7.401199999999999446e-02 -9.972490000000000521e-01 3.980000000000000031e-03 -9.972569999999999490e-01 -7.401399999999999646e-02 -3.579999999999999741e-04
2.100000000000000000e+01 4.500000000000000000e+01 5.300000000000000000e+01 0.000000000000000000e+00 1.600000000000000089e+00 -3.303999999999999992e-02 -4.096929999999999739e-01 9.116250000000000187e-01 6.218499999999999722e-02 9.095130000000000159e-01 4.109979999999999745e-01 -9.975180000000000158e-01 7.026799999999999713e-02 -4.572999999999999808e-03
1.000000000000000000e+00 6.300000000000000000e+01 5.400000000000000000e+01 0.000000000000000000e+00 1.600000000000000089e+00 3.310000000000000225e-04 -2.970000000000000092e-04 1.000000000000000000e+00 -3.677690000000000126e-01 9.299169999999999936e-01 3.980000000000000248e-04 -9.299169999999999936e-01 -3.677690000000000126e-01 1.990000000000000124e-04
7.000000000000000000e+00 6.300000000000000000e+01 5.400000000000000000e+01 0.000000000000000000e+00 1.600000000000000089e+00 -1.433000000000000029e-03 -1.978000000000000157e-03 9.999970000000000248e-01 -3.654439999999999911e-01 9.308319999999999927e-01 1.317999999999999944e-03 -9.308319999999999927e-01 -3.654410000000000158e-01 -2.056000000000000102e-03
1.100000000000000000e+01 6.300000000000000000e+01 5.400000000000000000e+01 0.000000000000000000e+00 1.600000000000000089e+00 -1.054999999999999948e-03 2.530999999999999830e-03 9.999959999999999960e-01 -3.570019999999999860e-01 9.341000000000000414e-01 -2.740999999999999947e-03 -9.341030000000000166e-01 -3.570030000000000148e-01 -8.100000000000000375e-05
2.100000000000000000e+01 6.300000000000000000e+01 5.400000000000000000e+01 0.000000000000000000e+00 1.600000000000000089e+00 4.490000000000000176e-04 1.819000000000000087e-03 9.999980000000000535e-01 -3.513919999999999821e-01 9.362270000000000314e-01 -1.544999999999999932e-03 -9.362279999999999491e-01 -3.513910000000000089e-01 1.059000000000000045e-03
2.600000000000000000e+01 6.300000000000000000e+01 5.400000000000000000e+01 0.000000000000000000e+00 1.600000000000000089e+00 1.029999999999999964e-04 -1.175000000000000046e-03 9.999989999999999712e-01 -3.527750000000000052e-01 9.357079999999999842e-01 1.136000000000000074e-03 -9.357079999999999842e-01 -3.527750000000000052e-01 -3.179999999999999776e-04
3.000000000000000000e+01 6.300000000000000000e+01 5.400000000000000000e+01 0.000000000000000000e+00 1.600000000000000089e+00 1.359999999999999989e-04 1.477000000000000014e-03 9.999989999999999712e-01 -3.490650000000000142e-01 9.370969999999999578e-01 -1.337000000000000081e-03 -9.370979999999999865e-01 -3.490650000000000142e-01 6.430000000000000169e-04
2.100000000000000000e+01 6.800000000000000000e+01 5.700000000000000000e+01 0.000000000000000000e+00 1.600000000000000089e+00 -3.809999999999999910e-04 -4.573999999999999941e-03 -9.999890000000000168e-01 -2.404340000000000088e-01 -9.706550000000000455e-01 4.531999999999999570e-03 -9.706650000000000000e-01 2.404330000000000078e-01 -7.299999999999999632e-04
1.500000000000000000e+01 2.100000000000000000e+01 6.000000000000000000e+01 0.000000000000000000e+00 1.600000000000000089e+00 6.999999999999999387e-05 2.975000000000000214e-03 9.999959999999999960e-01 -9.697999999999999676e-02 9.952820000000000000e-01 -2.954000000000000029e-03 -9.952860000000000040e-01 -9.697899999999999576e-02 3.579999999999999741e-04
1.800000000000000000e+01 2.100000000000000000e+01 6.000000000000000000e+01 0.000000000000000000e+00 1.600000000000000089e+00 -3.390000000000000001e-04 4.840000000000000010e-04 1.000000000000000000e+00 -9.765000000000000069e-02 9.952210000000000223e-01 -5.150000000000000498e-04 -9.952210000000000223e-01 -9.765000000000000069e-02 -2.900000000000000017e-04
2.100000000000000000e+01 2.100000000000000000e+01 6.000000000000000000e+01 0.000000000000000000e+00 1.600000000000000089e+00 -2.730000000000000222e-04 3.490000000000000263e-04 1.000000000000000000e+00 -9.581000000000000627e-02 9.953999999999999515e-01 -3.739999999999999835e-04 -9.953999999999999515e-01 -9.581000000000000627e-02 -2.380000000000000117e-04
2.900000000000000000e+01 2.100000000000000000e+01 6.000000000000000000e+01 0.000000000000000000e+00 1.600000000000000089e+00 -2.073999999999999889e-03 -4.622000000000000240e-03 9.999869999999999592e-01 -9.757000000000000395e-02 9.952189999999999648e-01 4.398000000000000000e-03 -9.952269999999999728e-01 -9.755900000000000682e-02 -2.514999999999999875e-03
7.000000000000000000e+00 6.000000000000000000e+00 6.100000000000000000e+01 0.000000000000000000e+00 1.600000000000000089e+00 1.459999999999999981e-04 -1.302999999999999905e-03 9.999989999999999712e-01 5.682949999999999946e-01 -8.228239999999999998e-01 -1.154999999999999994e-03 8.228250000000000286e-01 5.682949999999999946e-01 6.210000000000000242e-04
1.500000000000000000e+01 4.400000000000000000e+01 6.100000000000000000e+01 0.000000000000000000e+00 1.600000000000000089e+00 -9.301390000000000491e-01 3.142690000000000206e-01 1.899399999999999977e-01 -3.569019999999999970e-01 -6.520169999999999577e-01 -6.689500000000000446e-01 -8.638600000000000445e-02 -6.900060000000000082e-01 7.186299999999999910e-01
8.000000000000000000e+00 2.900000000000000000e+01 6.200000000000000000e+01 0.000000000000000000e+00 1.600000000000000089e+00 9.057000000000000814e-03 2.066999999999999948e-01 9.783619999999999539e-01 -2.208279999999999965e-01 9.546599999999999531e-01 -1.996479999999999921e-01 -9.752709999999999990e-01 -2.142419999999999880e-01 5.429099999999999898e-02
3.000000000000000000e+00 2.700000000000000000e+01 6.300000000000000000e+01 0.000000000000000000e+00 1.600000000000000089e+00 -1.377960000000000018e-01 -3.855149999999999966e-01 9.123539999999999983e-01 -2.264770000000000116e-01 9.090009999999999479e-01 3.498930000000000096e-01 -9.642199999999999660e-01 -1.584139999999999993e-01 -2.125670000000000059e-01
9.000000000000000000e+00 2.700000000000000000e+01 6.300000000000000000e+01 0.000000000000000000e+00 1.600000000000000089e+00 2.540000000000000157e-03 7.591000000000000525e-02 9.971109999999999696e-01 -2.636919999999999820e-01 9.618740000000000068e-01 -7.255499999999999450e-02 -9.646029999999999882e-01 -2.627459999999999796e-01 2.246000000000000080e-02
1.400000000000000000e+01 2.700000000000000000e+01 6.300000000000000000e+01 0.000000000000000000e+00 1.600000000000000089e+00 -4.376999999999999814e-03 -3.366199999999999748e-02 9.994239999999999791e-01 -2.654139999999999833e-01 9.636270000000000113e-01 3.129400000000000237e-02 -9.641250000000000098e-01 -2.651240000000000263e-01 -1.315299999999999976e-02
2.400000000000000000e+01 2.700000000000000000e+01 6.300000000000000000e+01 0.000000000000000000e+00 1.600000000000000089e+00 -2.377000000000000206e-03 8.469999999999999881e-04 9.999970000000000248e-01 -2.727120000000000100e-01 9.620950000000000335e-01 -1.464000000000000024e-03 -9.620929999999999760e-01 -2.727140000000000120e-01 -2.056000000000000102e-03
2.800000000000000000e+01 2.700000000000000000e+01 6.300000000000000000e+01 0.000000000000000000e+00 1.600000000000000089e+00 3.910000000000000172e-04 3.432000000000000155e-03 9.999940000000000495e-01 -2.726529999999999787e-01 9.621070000000000455e-01 -3.194999999999999923e-03 -9.621119999999999672e-01 -2.726500000000000035e-01 1.312000000000000015e-03
2.200000000000000000e+01 5.300000000000000000e+01 6.300000000000000000e+01 0.000000000000000000e+00 1.600000000000000089e+00 -1.303130000000000122e-01 7.046609999999999818e-01 6.974749999999999561e-01 4.426999999999999824e-01 -5.880999999999999561e-01 6.768720000000000292e-01 8.871499999999999941e-01 3.969770000000000243e-01 -2.353169999999999984e-01
3.000000000000000000e+00 2.600000000000000000e+01 6.400000000000000000e+01 0.000000000000000000e+00 1.600000000000000089e+00 -1.113979999999999970e-01 -2.688099999999999934e-01 9.567299999999999693e-01 -3.432009999999999783e-01 9.138950000000000129e-01 2.168130000000000057e-01 -9.326330000000000453e-01 -3.041980000000000239e-01 -1.940620000000000123e-01
