1.000000000000000000e+01 1.600000000000000000e+01 4.000000000000000000e+00 0.000000000000000000e+00 1.600000000000000089e+00 -3.629999999999999872e-04 9.684999999999999165e-03 9.999529999999999808e-01 3.222400000000000264e-01 -9.466120000000000090e-01 9.284999999999999851e-03 9.466579999999999995e-01 3.222289999999999877e-01 -2.776999999999999955e-03
1.900000000000000000e+01 1.600000000000000000e+01 4.000000000000000000e+00 0.000000000000000000e+00 1.600000000000000089e+00 -2.271000000000000015e-03 5.465000000000000240e-03 9.999820000000000375e-01 3.230979999999999963e-01 -9.463470000000000493e-01 5.905999999999999792e-03 9.463629999999999542e-01 3.231060000000000043e-01 3.829999999999999854e-04
2.300000000000000000e+01 1.600000000000000000e+01 4.000000000000000000e+00 0.000000000000000000e+00 1.600000000000000089e+00 2.386000000000000100e-03 6.369999999999999794e-03 9.999770000000000048e-01 3.247999999999999776e-01 -9.457680000000000531e-01 5.250000000000000326e-03 9.457799999999999541e-01 3.247800000000000131e-01 -4.325999999999999984e-03
2.800000000000000000e+01 1.600000000000000000e+01 4.000000000000000000e+00 0.000000000000000000e+00 1.600000000000000089e+00 3.106400000000000133e-02 -1.028379999999999989e-01 9.942130000000000134e-01 3.343700000000000006e-01 -9.363139999999999796e-01 -1.072960000000000025e-01 9.419300000000000450e-01 3.357680000000000109e-01 5.300000000000000024e-03
2.500000000000000000e+01 1.010000000000000000e+02 7.000000000000000000e+00 0.000000000000000000e+00 1.600000000000000089e+00 2.903999999999999897e-03 1.164899999999999963e-02 9.999280000000000390e-01 8.901050000000000351e-01 4.556859999999999800e-01 -7.893999999999999975e-03 -4.557459999999999845e-01 8.900639999999999663e-01 -9.046000000000000221e-03
4.000000000000000000e+00 2.600000000000000000e+01 8.000000000000000000e+00 0.000000000000000000e+00 1.600000000000000089e+00 -5.727999999999999585e-03 -2.086299999999999960e-02 -9.997660000000000435e-01 4.255129999999999746e-01 9.047009999999999774e-01 -2.131699999999999914e-02 9.049340000000000162e-01 -4.255360000000000253e-01 3.694999999999999934e-03
8.000000000000000000e+00 2.600000000000000000e+01 8.000000000000000000e+00 0.000000000000000000e+00 1.600000000000000089e+00 -3.996000000000000420e-03 -3.386999999999999820e-03 -9.999860000000000415e-01 4.282799999999999940e-01 9.036330000000000195e-01 -4.772000000000000200e-03 9.036370000000000235e-01 -4.282940000000000080e-01 -2.161000000000000160e-03
1.300000000000000000e+01 2.600000000000000000e+01 8.000000000000000000e+00 0.000000000000000000e+00 1.600000000000000089e+00 -2.273999999999999980e-03 -9.903000000000000344e-03 -9.999479999999999480e-01 4.272029999999999994e-01 9.041010000000000435e-01 -9.926000000000000795e-03 9.041529999999999845e-01 -4.272039999999999726e-01 2.174999999999999850e-03
1.700000000000000000e+01 2.600000000000000000e+01 8.000000000000000000e+00 0.000000000000000000e+00 1.600000000000000089e+00 -3.102000000000000157e-03 -1.488300000000000040e-02 -9.998839999999999950e-01 4.272699999999999831e-01 9.040030000000000010e-01 -1.478100000000000074e-02 9.041190000000000060e-01 -4.272670000000000079e-01 3.555000000000000000e-03
2.300000000000000000e+01 2.600000000000000000e+01 8.000000000000000000e+00 0.000000000000000000e+00 1.600000000000000089e+00 6.790000000000000245e-04 1.142000000000000003e-03 -9.999989999999999712e-01 4.289129999999999887e-01 9.033449999999999536e-01 1.322999999999999957e-03 9.033459999999999823e-01 -4.289129999999999887e-01 1.230000000000000082e-04
2.000000000000000000e+00 1.400000000000000000e+01 9.000000000000000000e+00 0.000000000000000000e+00 1.600000000000000089e+00 5.101999999999999764e-03 9.875999999999999363e-03 -9.999379999999999935e-01 -5.568880000000000496e-01 -8.305139999999999745e-01 -1.104400000000000000e-02 -8.305719999999999770e-01 5.569100000000000161e-01 1.263000000000000017e-03
5.000000000000000000e+00 1.400000000000000000e+01 9.000000000000000000e+00 0.000000000000000000e+00 1.600000000000000089e+00 6.091000000000000060e-03 1.532299999999999982e-02 -9.998639999999999750e-01 -5.558359999999999967e-01 -8.311359999999999859e-01 -1.612299999999999844e-02 -8.312699999999999534e-01 5.558589999999999920e-01 3.455000000000000172e-03
9.000000000000000000e+00 1.400000000000000000e+01 9.000000000000000000e+00 0.000000000000000000e+00 1.600000000000000089e+00 5.395999999999999755e-03 1.177899999999999954e-02 -9.999160000000000270e-01 -5.546240000000000059e-01 -8.320020000000000193e-01 -1.279399999999999982e-02 -8.320830000000000171e-01 5.546470000000000011e-01 2.043000000000000111e-03
1.300000000000000000e+01 1.400000000000000000e+01 9.000000000000000000e+00 0.000000000000000000e+00 1.600000000000000089e+00 2.449999999999999921e-03 3.092999999999999829e-03 -9.999919999999999920e-01 -5.551300000000000123e-01 -8.317539999999999933e-01 -3.932999999999999864e-03 -8.317600000000000549e-01 5.551350000000000451e-01 -3.209999999999999963e-04
2.800000000000000000e+01 4.000000000000000000e+00 1.100000000000000000e+01 0.000000000000000000e+00 1.600000000000000089e+00 -4.964899999999999869e-02 -6.738889999999999603e-01 -7.371630000000000127e-01 1.554879999999999873e-01 7.238590000000000302e-01 -6.721989999999999910e-01 9.865890000000000493e-01 -1.479939999999999867e-01 6.884300000000000141e-02
2.000000000000000000e+00 3.100000000000000000e+01 1.200000000000000000e+01 0.000000000000000000e+00 1.600000000000000089e+00 3.789999999999999966e-04 4.209999999999999875e-04 1.000000000000000000e+00 1.438299999999999995e-02 9.998960000000000070e-01 -4.260000000000000006e-04 -9.998960000000000070e-01 1.438299999999999995e-02 3.730000000000000134e-04
7.000000000000000000e+00 3.100000000000000000e+01 1.200000000000000000e+01 0.000000000000000000e+00 1.600000000000000089e+00 7.079999999999999705e-04 4.530000000000000064e-04 1.000000000000000000e+00 1.442700000000000059e-02 9.998960000000000070e-01 -4.640000000000000027e-04 -9.998960000000000070e-01 1.442700000000000059e-02 7.020000000000000415e-04
2.000000000000000000e+01 3.100000000000000000e+01 1.200000000000000000e+01 0.000000000000000000e+00 1.600000000000000089e+00 2.799999999999999755e-04 -4.100000000000000047e-05 1.000000000000000000e+00 1.740399999999999933e-02 9.998489999999999878e-01 3.600000000000000091e-05 -9.998479999999999590e-01 1.740399999999999933e-02 2.799999999999999755e-04
2.800000000000000000e+01 3.100000000000000000e+01 1.200000000000000000e+01 0.000000000000000000e+00 1.600000000000000089e+00 1.688000000000000047e-03 2.784000000000000016e-03 9.999949999999999672e-01 1.259399999999999929e-02 9.999169999999999447e-01 -2.805000000000000202e-03 -9.999190000000000023e-01 1.259799999999999982e-02 1.652999999999999955e-03
2.300000000000000000e+01 3.200000000000000000e+01 1.400000000000000000e+01 0.000000000000000000e+00 1.600000000000000089e+00 1.660999999999999933e-03 1.933000000000000039e-03 -9.999970000000000248e-01 1.270409999999999873e-01 9.918949999999999712e-01 2.128000000000000117e-03 9.918959999999999999e-01 -1.270439999999999903e-01 1.402000000000000034e-03
3.000000000000000000e+00 1.200000000000000000e+01 1.500000000000000000e+01 0.000000000000000000e+00 1.600000000000000089e+00 5.079000000000000181e-03 1.443999999999999971e-03 -9.999860000000000415e-01 -4.677520000000000011e-01 -8.838519999999999710e-01 -3.652999999999999997e-03 -8.838449999999999918e-01 4.677640000000000131e-01 -3.814000000000000116e-03
1.000000000000000000e+01 1.160000000000000000e+02 1.600000000000000000e+01 0.000000000000000000e+00 1.600000000000000089e+00 -1.691000000000000012e-03 -2.356000000000000021e-03 9.999959999999999960e-01 7.016170000000000462e-01 7.125489999999999879e-01 2.864999999999999925e-03 -7.125519999999999632e-01 7.016189999999999927e-01 4.479999999999999933e-04
1.400000000000000000e+01 1.160000000000000000e+02 1.600000000000000000e+01 0.000000000000000000e+00 1.600000000000000089e+00 -8.970000000000000109e-04 -6.639999999999999852e-04 9.999989999999999712e-01 6.774850000000000039e-01 7.355359999999999676e-01 1.095999999999999969e-03 -7.355359999999999676e-01 6.774850000000000039e-01 -2.100000000000000087e-04
1.700000000000000000e+01 1.160000000000000000e+02 1.600000000000000000e+01 0.000000000000000000e+00 1.600000000000000089e+00 7.169999999999999724e-04 8.940000000000000464e-04 9.999989999999999712e-01 6.721089999999999565e-01 7.404509999999999703e-01 -1.144000000000000052e-03 -7.404519999999999991e-01 6.721089999999999565e-01 -6.999999999999999387e-05
2.500000000000000000e+01 1.160000000000000000e+02 1.600000000000000000e+01 0.000000000000000000e+00 1.600000000000000089e+00 5.004999999999999900e-03 5.741999999999999708e-03 9.999710000000000543e-01 6.862040000000000362e-01 7.273690000000000433e-01 -7.610999999999999710e-03 -7.273920000000000385e-01 6.862219999999999986e-01 -2.999999999999999737e-04
2.800000000000000000e+01 1.160000000000000000e+02 1.600000000000000000e+01 0.000000000000000000e+00 1.600000000000000089e+00 1.474400000000000016e-02 2.531900000000000123e-02 9.995709999999999873e-01 6.986649999999999805e-01 7.148849999999999927e-01 -2.841300000000000076e-02 -7.152969999999999606e-01 6.987839999999999607e-01 -7.148999999999999973e-03
4.000000000000000000e+00 2.000000000000000000e+00 1.900000000000000000e+01 0.000000000000000000e+00 1.600000000000000089e+00 -2.101000000000000003e-03 -1.379000000000000017e-03 -9.999970000000000248e-01 1.679229999999999889e-01 -9.858000000000000096e-01 1.007000000000000083e-03 -9.857979999999999521e-01 -1.679200000000000137e-01 2.301999999999999793e-03
8.000000000000000000e+00 2.000000000000000000e+00 1.900000000000000000e+01 0.000000000000000000e+00 1.600000000000000089e+00 -1.064999999999999974e-03 4.359000000000000027e-03 -9.999900000000000455e-01 1.607520000000000060e-01 -9.869850000000000012e-01 -4.473000000000000413e-03 -9.869940000000000380e-01 -1.607550000000000090e-01 3.510000000000000208e-04
1.300000000000000000e+01 2.000000000000000000e+00 1.900000000000000000e+01 0.000000000000000000e+00 1.600000000000000089e+00 3.282999999999999894e-03 2.020000000000000040e-04 -9.999949999999999672e-01 1.601809999999999901e-01 -9.870879999999999654e-01 3.260000000000000094e-04 -9.870820000000000149e-01 -1.601819999999999911e-01 -3.272999999999999868e-03
1.600000000000000000e+01 2.000000000000000000e+00 1.900000000000000000e+01 0.000000000000000000e+00 1.600000000000000089e+00 2.910999999999999959e-03 -1.804999999999999964e-03 -9.999940000000000495e-01 1.613860000000000017e-01 -9.868890000000000162e-01 2.250999999999999963e-03 -9.868869999999999587e-01 -1.613920000000000077e-01 -2.580999999999999961e-03
2.100000000000000000e+01 2.000000000000000000e+00 1.900000000000000000e+01 0.000000000000000000e+00 1.600000000000000089e+00 -7.110000000000000434e-04 -8.770000000000000018e-03 -9.999609999999999888e-01 1.622190000000000021e-01 -9.867179999999999840e-01 8.538999999999999715e-03 -9.867550000000000487e-01 -1.622069999999999901e-01 2.124000000000000020e-03
2.800000000000000000e+01 2.000000000000000000e+00 1.900000000000000000e+01 0.000000000000000000e+00 1.600000000000000089e+00 -1.423600000000000039e-02 3.094600000000000128e-02 -9.994199999999999751e-01 1.741520000000000012e-01 -9.841670000000000140e-01 -3.295399999999999718e-02 -9.846160000000000467e-01 -1.745210000000000095e-01 8.621000000000000191e-03
9.000000000000000000e+00 1.300000000000000000e+01 2.000000000000000000e+01 0.000000000000000000e+00 1.600000000000000089e+00 9.799999999999999684e-05 -1.866999999999999953e-03 9.999980000000000535e-01 2.608170000000000210e-01 9.653869999999999951e-01 1.776999999999999934e-03 -9.653880000000000239e-01 2.608159999999999923e-01 5.820000000000000520e-04
1.500000000000000000e+01 1.300000000000000000e+01 2.000000000000000000e+01 0.000000000000000000e+00 1.600000000000000089e+00 1.077999999999999965e-03 -2.609000000000000208e-03 9.999959999999999960e-01 2.620580000000000132e-01 9.650499999999999634e-01 2.236000000000000140e-03 -9.650520000000000209e-01 2.620540000000000092e-01 1.724000000000000055e-03
2.000000000000000000e+01 1.300000000000000000e+01 2.000000000000000000e+01 0.000000000000000000e+00 1.600000000000000089e+00 9.759999999999999796e-04 9.340000000000000429e-04 9.999989999999999712e-01 2.622289999999999899e-01 9.650050000000000017e-01 -1.157000000000000042e-03 -9.650050000000000017e-01 2.622300000000000186e-01 6.970000000000000284e-04
2.400000000000000000e+01 1.300000000000000000e+01 2.000000000000000000e+01 0.000000000000000000e+00 1.600000000000000089e+00 1.116000000000000021e-03 1.059000000000000045e-02 9.999430000000000263e-01 2.613750000000000240e-01 9.651800000000000379e-01 -1.051400000000000078e-02 -9.652370000000000116e-01 2.613719999999999932e-01 -1.691000000000000012e-03
9.000000000000000000e+00 1.600000000000000000e+01 2.100000000000000000e+01 0.000000000000000000e+00 1.600000000000000089e+00 6.610000000000000207e-04 4.229999999999999819e-04 1.000000000000000000e+00 2.990099999999999980e-01 9.542500000000000426e-01 -6.009999999999999717e-04 -9.542500000000000426e-01 2.990110000000000268e-01 5.050000000000000235e-04
1.700000000000000000e+01 1.600000000000000000e+01 2.100000000000000000e+01 0.000000000000000000e+00 1.600000000000000089e+00 6.359999999999999551e-04 -1.461999999999999975e-03 9.999989999999999712e-01 2.978390000000000204e-01 9.546160000000000201e-01 1.206000000000000041e-03 -9.546160000000000201e-01 2.978370000000000184e-01 1.043000000000000090e-03
2.100000000000000000e+01 1.600000000000000000e+01 2.100000000000000000e+01 0.000000000000000000e+00 1.600000000000000089e+00 2.030000000000000012e-04 2.027000000000000156e-03 9.999980000000000535e-01 2.956239999999999979e-01 9.553019999999999845e-01 -1.997000000000000077e-03 -9.553040000000000420e-01 2.956230000000000246e-01 -4.049999999999999781e-04
2.400000000000000000e+01 1.600000000000000000e+01 2.100000000000000000e+01 0.000000000000000000e+00 1.600000000000000089e+00 1.087999999999999991e-03 9.834000000000000727e-03 9.999510000000000343e-01 2.947859999999999925e-01 9.555139999999999745e-01 -9.717999999999999208e-03 -9.555630000000000512e-01 2.947830000000000172e-01 -1.858999999999999975e-03
2.100000000000000000e+01 4.600000000000000000e+01 2.700000000000000000e+01 0.000000000000000000e+00 1.600000000000000089e+00 1.152999999999999945e-03 1.619999999999999912e-03 -9.999980000000000535e-01 6.885750000000000481e-01 7.251630000000000020e-01 1.968000000000000131e-03 7.251640000000000308e-01 -6.885759999999999659e-01 -2.790000000000000054e-04
6.000000000000000000e+00 4.600000000000000000e+01 3.000000000000000000e+01 0.000000000000000000e+00 1.600000000000000089e+00 3.399999999999999973e-05 -4.400000000000000157e-04 -1.000000000000000000e+00 3.360299999999999954e-01 9.418509999999999938e-01 -4.029999999999999837e-04 9.418509999999999938e-01 -3.360290000000000221e-01 1.800000000000000113e-04
2.800000000000000000e+01 5.800000000000000000e+01 3.100000000000000000e+01 0.000000000000000000e+00 1.600000000000000089e+00 2.028699999999999948e-02 3.715600000000000153e-02 9.991039999999999921e-01 -7.907110000000000527e-01 -6.109599999999999476e-01 3.877699999999999897e-02 6.118529999999999802e-01 -7.907889999999999642e-01 1.698500000000000010e-02
1.400000000000000000e+01 3.200000000000000000e+01 3.300000000000000000e+01 0.000000000000000000e+00 1.600000000000000089e+00 2.000000000000000042e-03 1.997000000000000077e-03 9.999959999999999960e-01 -2.691890000000000116e-01 9.630859999999999976e-01 -1.384999999999999946e-03 -9.630849999999999689e-01 -2.691850000000000076e-01 2.462999999999999912e-03
7.000000000000000000e+00 4.600000000000000000e+01 3.500000000000000000e+01 0.000000000000000000e+00 1.600000000000000089e+00 4.389999999999999914e-04 2.628000000000000128e-03 -9.999959999999999960e-01 3.909989999999999855e-01 -9.203890000000000127e-01 -2.246999999999999865e-03 -9.203909999999999592e-01 -3.909960000000000102e-01 -1.430999999999999980e-03
1.500000000000000000e+01 4.600000000000000000e+01 3.500000000000000000e+01 0.000000000000000000e+00 1.600000000000000089e+00 9.179999999999999792e-04 -5.733000000000000249e-03 -9.999829999999999552e-01 3.901680000000000148e-01 -9.207269999999999621e-01 5.636000000000000384e-03 -9.207429999999999781e-01 -3.901660000000000128e-01 1.392000000000000008e-03
1.900000000000000000e+01 4.600000000000000000e+01 3.500000000000000000e+01 0.000000000000000000e+00 1.600000000000000089e+00 2.239999999999999966e-04 -6.710000000000000469e-04 -1.000000000000000000e+00 3.893880000000000119e-01 -9.210739999999999483e-01 7.050000000000000060e-04 -9.210739999999999483e-01 -3.893880000000000119e-01 5.500000000000000196e-05
2.800000000000000000e+01 4.600000000000000000e+01 3.500000000000000000e+01 0.000000000000000000e+00 1.600000000000000089e+00 -1.293000000000000095e-03 2.428699999999999956e-02 -9.997040000000000370e-01 3.881600000000000050e-01 -9.213080000000000158e-01 -2.288499999999999909e-02 -9.215910000000000490e-01 -3.880750000000000033e-01 -8.236000000000000265e-03
5.000000000000000000e+00 9.500000000000000000e+01 3.600000000000000000e+01 0.000000000000000000e+00 1.600000000000000089e+00 -1.010000000000000047e-03 -1.022299999999999945e-02 9.999470000000000303e-01 9.972330000000000361e-01 7.431799999999999518e-02 1.766999999999999908e-03 -7.433299999999999630e-02 9.971820000000000128e-01 1.011899999999999952e-02
8.000000000000000000e+00 9.500000000000000000e+01 3.600000000000000000e+01 0.000000000000000000e+00 1.600000000000000089e+00 -3.033000000000000106e-03 -2.521400000000000030e-02 9.996779999999999555e-01 9.972729999999999650e-01 7.363300000000000400e-02 4.882000000000000055e-03 -7.373300000000000687e-02 9.969670000000000476e-01 2.492199999999999971e-02
1.100000000000000000e+01 9.500000000000000000e+01 3.600000000000000000e+01 0.000000000000000000e+00 1.600000000000000089e+00 -2.138999999999999842e-03 -1.842399999999999941e-02 9.998280000000000500e-01 9.973090000000000011e-01 7.323399999999999355e-02 3.482999999999999985e-03 -7.328500000000000292e-02 9.971449999999999481e-01 1.821800000000000155e-02
1.600000000000000000e+01 9.500000000000000000e+01 3.600000000000000000e+01 0.000000000000000000e+00 1.600000000000000089e+00 -1.257000000000000088e-03 3.980000000000000031e-03 9.999909999999999632e-01 9.970390000000000086e-01 7.688599999999999601e-02 9.470000000000000336e-04 -7.688100000000000489e-02 9.970320000000000293e-01 -4.065000000000000037e-03
1.900000000000000000e+01 9.500000000000000000e+01 3.600000000000000000e+01 0.000000000000000000e+00 1.600000000000000089e+00 -2.099999999999999884e-05 6.598999999999999831e-03 9.999780000000000335e-01 9.968390000000000306e-01 7.945000000000000673e-02 -5.029999999999999749e-04 -7.945199999999999485e-02 9.968169999999999531e-01 -6.579999999999999911e-03
4.000000000000000000e+00 2.900000000000000000e+01 4.400000000000000000e+01 0.000000000000000000e+00 1.600000000000000089e+00 1.477999999999999930e-03 -1.968000000000000131e-03 -9.999970000000000248e-01 6.758210000000000051e-01 7.370649999999999702e-01 -4.519999999999999821e-04 7.370640000000000525e-01 -6.758180000000000298e-01 2.419999999999999842e-03
8.000000000000000000e+00 2.900000000000000000e+01 4.400000000000000000e+01 0.000000000000000000e+00 1.600000000000000089e+00 -3.602999999999999866e-03 -2.909999999999999826e-03 -9.999890000000000168e-01 6.773249999999999549e-01 7.356690000000000174e-01 -4.582000000000000135e-03 7.356749999999999678e-01 -6.773339999999999916e-01 -6.800000000000000488e-04
1.900000000000000000e+01 2.900000000000000000e+01 4.400000000000000000e+01 0.000000000000000000e+00 1.600000000000000089e+00 -1.833999999999999910e-03 3.710000000000000190e-04 -9.999980000000000535e-01 6.561139999999999750e-01 7.546610000000000262e-01 -9.240000000000000166e-04 7.546599999999999975e-01 -6.561139999999999750e-01 -1.628000000000000107e-03
2.500000000000000000e+01 2.900000000000000000e+01 4.400000000000000000e+01 0.000000000000000000e+00 1.600000000000000089e+00 -1.999999999999999909e-06 4.214999999999999997e-03 -9.999909999999999632e-01 6.539869999999999850e-01 7.564990000000000325e-01 3.187000000000000163e-03 7.565060000000000118e-01 -6.539810000000000345e-01 -2.758000000000000035e-03
1.200000000000000000e+01 7.000000000000000000e+01 4.700000000000000000e+01 0.000000000000000000e+00 1.600000000000000089e+00 -4.859999999999999954e-04 -3.849999999999999798e-04 -1.000000000000000000e+00 -8.423040000000000527e-01 -5.390030000000000099e-01 6.170000000000000354e-04 -5.390030000000000099e-01 8.423040000000000527e-01 -6.200000000000000270e-05
1.300000000000000000e+01 6.000000000000000000e+00 5.100000000000000000e+01 0.000000000000000000e+00 1.600000000000000089e+00 -1.466000000000000072e-03 -2.269999999999999882e-04 -9.999989999999999712e-01 3.236010000000000275e-01 -9.461929999999999508e-01 -2.599999999999999772e-04 -9.461920000000000330e-01 -3.236010000000000275e-01 1.461000000000000059e-03
8.000000000000000000e+00 1.150000000000000000e+02 5.100000000000000000e+01 0.000000000000000000e+00 1.600000000000000089e+00 -1.825999999999999932e-03 -4.899999999999999842e-03 9.999860000000000415e-01 8.440889999999999782e-01 -5.362019999999999564e-01 -1.085999999999999943e-03 5.362000000000000099e-01 8.440760000000000485e-01 5.114999999999999755e-03
1.600000000000000000e+01 7.000000000000000000e+00 5.200000000000000000e+01 0.000000000000000000e+00 1.600000000000000089e+00 3.563000000000000195e-03 -2.521999999999999936e-03 -9.999900000000000455e-01 8.889099999999999779e-02 -9.960369999999999502e-01 2.827999999999999785e-03 -9.960350000000000037e-01 -8.890000000000000679e-02 -3.324999999999999831e-03
6.000000000000000000e+00 6.300000000000000000e+01 5.400000000000000000e+01 0.000000000000000000e+00 1.600000000000000089e+00 1.881000000000000076e-03 -1.520000000000000084e-03 9.999970000000000248e-01 -3.513009999999999744e-01 9.362599999999999811e-01 2.083999999999999915e-03 -9.362610000000000099e-01 -3.513040000000000052e-01 1.227000000000000009e-03
1.300000000000000000e+01 6.300000000000000000e+01 5.400000000000000000e+01 0.000000000000000000e+00 1.600000000000000089e+00 -6.980000000000000527e-04 -1.000000000000000048e-04 1.000000000000000000e+00 -3.534530000000000172e-01 9.354519999999999502e-01 -1.540000000000000028e-04 -9.354519999999999502e-01 -3.534530000000000172e-01 -6.890000000000000508e-04
1.900000000000000000e+01 6.300000000000000000e+01 5.400000000000000000e+01 0.000000000000000000e+00 1.600000000000000089e+00 4.789999999999999879e-04 3.930999999999999599e-03 9.999919999999999920e-01 -3.556400000000000117e-01 9.346170000000000311e-01 -3.504000000000000170e-03 -9.346229999999999816e-01 -3.556349999999999789e-01 1.845999999999999985e-03
2.200000000000000000e+01 6.300000000000000000e+01 5.400000000000000000e+01 0.000000000000000000e+00 1.600000000000000089e+00 -5.580000000000000107e-04 2.690000000000000117e-03 9.999959999999999960e-01 -3.553669999999999884e-01 9.347229999999999706e-01 -2.713000000000000134e-03 -9.347269999999999746e-01 -3.553680000000000172e-01 4.339999999999999782e-04
2.400000000000000000e+01 6.300000000000000000e+01 5.400000000000000000e+01 0.000000000000000000e+00 1.600000000000000089e+00 1.000000000000000082e-05 2.944000000000000002e-03 9.999959999999999960e-01 -3.552139999999999742e-01 9.347809999999999730e-01 -2.749000000000000141e-03 -9.347849999999999770e-01 -3.552130000000000010e-01 1.054999999999999948e-03
4.000000000000000000e+00 2.500000000000000000e+01 5.500000000000000000e+01 0.000000000000000000e+00 1.600000000000000089e+00 2.669999999999999847e-04 2.854000000000000200e-03 -9.999959999999999960e-01 -1.082999999999999935e-02 -9.999369999999999647e-01 -2.857000000000000164e-03 -9.999409999999999688e-01 1.082999999999999935e-02 -2.359999999999999902e-04
8.000000000000000000e+00 2.500000000000000000e+01 5.500000000000000000e+01 0.000000000000000000e+00 1.600000000000000089e+00 4.960000000000000216e-04 1.495999999999999934e-03 -9.999989999999999712e-01 -1.126699999999999924e-02 -9.999350000000000183e-01 -1.500999999999999947e-03 -9.999360000000000470e-01 1.126699999999999924e-02 -4.800000000000000122e-04
1.300000000000000000e+01 2.500000000000000000e+01 5.500000000000000000e+01 0.000000000000000000e+00 1.600000000000000089e+00 -4.510000000000000120e-04 -1.525000000000000097e-03 -9.999989999999999712e-01 -1.206499999999999934e-02 -9.999259999999999815e-01 1.529999999999999893e-03 -9.999270000000000103e-01 1.206600000000000034e-02 4.319999999999999838e-04
1.700000000000000000e+01 2.500000000000000000e+01 5.500000000000000000e+01 0.000000000000000000e+00 1.600000000000000089e+00 1.479000000000000063e-03 -2.329999999999999986e-04 -9.999989999999999712e-01 -1.240400000000000010e-02 -9.999230000000000063e-01 2.149999999999999947e-04 -9.999219999999999775e-01 1.240300000000000083e-02 -1.482000000000000027e-03
2.300000000000000000e+01 2.500000000000000000e+01 5.500000000000000000e+01 0.000000000000000000e+00 1.600000000000000089e+00 -3.359999999999999814e-04 -3.600000000000000091e-05 -1.000000000000000000e+00 -1.221399999999999916e-02 -9.999249999999999527e-01 4.000000000000000327e-05 -9.999249999999999527e-01 1.221399999999999916e-02 3.359999999999999814e-04
2.900000000000000000e+01 2.500000000000000000e+01 5.500000000000000000e+01 0.000000000000000000e+00 1.600000000000000089e+00 3.559999999999999797e-04 9.544999999999999665e-03 -9.999540000000000095e-01 -1.217200000000000053e-02 -9.998799999999999910e-01 -9.549000000000000196e-03 -9.999259999999999815e-01 1.217500000000000006e-02 -2.400000000000000061e-04
2.000000000000000000e+00 2.700000000000000000e+01 6.300000000000000000e+01 0.000000000000000000e+00 1.600000000000000089e+00 1.293000000000000095e-03 4.686000000000000061e-03 9.999879999999999880e-01 -2.811919999999999975e-01 9.596430000000000238e-01 -4.133999999999999654e-03 -9.596510000000000318e-01 -2.811830000000000163e-01 2.557999999999999944e-03
6.000000000000000000e+00 2.700000000000000000e+01 6.300000000000000000e+01 0.000000000000000000e+00 1.600000000000000089e+00 2.907999999999999995e-03 3.969999999999999571e-03 9.999879999999999880e-01 -2.835050000000000070e-01 9.589659999999999851e-01 -2.982999999999999974e-03 -9.589659999999999851e-01 -2.834929999999999950e-01 3.913999999999999944e-03
1.000000000000000000e+01 2.700000000000000000e+01 6.300000000000000000e+01 0.000000000000000000e+00 1.600000000000000089e+00 2.079000000000000119e-03 2.448000000000000089e-03 9.999949999999999672e-01 -2.846110000000000029e-01 9.586409999999999654e-01 -1.753999999999999917e-03 -9.586409999999999654e-01 -2.846060000000000256e-01 2.690000000000000117e-03
1.800000000000000000e+01 2.700000000000000000e+01 6.300000000000000000e+01 0.000000000000000000e+00 1.600000000000000089e+00 1.817000000000000039e-03 -6.610000000000000207e-04 9.999980000000000535e-01 -2.876819999999999933e-01 9.577250000000000485e-01 1.155999999999999910e-03 -9.577240000000000197e-01 -2.876830000000000220e-01 1.549999999999999946e-03
2.200000000000000000e+01 2.700000000000000000e+01 6.300000000000000000e+01 0.000000000000000000e+00 1.600000000000000089e+00 -5.929999999999999941e-04 5.932999999999999906e-03 9.999820000000000375e-01 -2.908129999999999882e-01 9.567620000000000013e-01 -5.849000000000000032e-03 -9.567799999999999638e-01 -2.908120000000000149e-01 1.157999999999999958e-03
2.700000000000000000e+01 2.700000000000000000e+01 6.300000000000000000e+01 0.000000000000000000e+00 1.600000000000000089e+00 -3.076000000000000175e-03 2.610200000000000020e-02 9.996549999999999603e-01 -2.862390000000000212e-01 9.578079999999999927e-01 -2.588999999999999982e-02 -9.581530000000000324e-01 -2.862199999999999744e-01 4.525000000000000376e-03
2.000000000000000000e+00 2.600000000000000000e+01 6.400000000000000000e+01 0.000000000000000000e+00 1.600000000000000089e+00 1.600999999999999993e-03 3.135999999999999899e-03 9.999940000000000495e-01 -3.660869999999999957e-01 9.305780000000000163e-01 -2.331999999999999872e-03 -9.305790000000000450e-01 -3.660809999999999897e-01 2.638000000000000154e-03
5.000000000000000000e+00 2.600000000000000000e+01 6.400000000000000000e+01 0.000000000000000000e+00 1.600000000000000089e+00 2.863999999999999792e-03 4.124000000000000062e-03 9.999869999999999592e-01 -3.676650000000000196e-01 9.299539999999999473e-01 -2.782000000000000185e-03 -9.299539999999999473e-01 -3.676530000000000076e-01 4.179999999999999688e-03
1.000000000000000000e+01 2.600000000000000000e+01 6.400000000000000000e+01 0.000000000000000000e+00 1.600000000000000089e+00 2.347000000000000128e-03 1.992999999999999980e-03 9.999949999999999672e-01 -3.689350000000000129e-01 9.294550000000000312e-01 -9.859999999999998974e-04 -9.294519999999999449e-01 -3.689310000000000089e-01 2.916999999999999888e-03
1.800000000000000000e+01 2.600000000000000000e+01 6.400000000000000000e+01 0.000000000000000000e+00 1.600000000000000089e+00 3.720000000000000216e-03 1.356999999999999916e-03 9.999919999999999920e-01 -3.709180000000000255e-01 9.286659999999999915e-01 1.190000000000000058e-04 -9.286579999999999835e-01 -3.709149999999999947e-01 3.957999999999999713e-03
2.200000000000000000e+01 2.600000000000000000e+01 6.400000000000000000e+01 0.000000000000000000e+00 1.600000000000000089e+00 -9.139999999999999904e-04 8.439999999999999586e-03 9.999639999999999640e-01 -3.719259999999999788e-01 9.282259999999999955e-01 -8.174999999999999975e-03 -9.282620000000000315e-01 -3.719199999999999728e-01 2.291000000000000068e-03
2.600000000000000000e+01 2.600000000000000000e+01 6.400000000000000000e+01 0.000000000000000000e+00 1.600000000000000089e+00 -5.048999999999999669e-03 2.247199999999999892e-02 9.997350000000000403e-01 -3.681900000000000173e-01 9.294719999999999649e-01 -2.275200000000000139e-02 -9.297370000000000356e-01 -3.682070000000000065e-01 3.580999999999999982e-03
4.000000000000000000e+00 6.900000000000000000e+01 6.600000000000000000e+01 0.000000000000000000e+00 1.600000000000000089e+00 3.265999999999999806e-03 -1.572000000000000047e-03 9.999930000000000208e-01 -9.495249999999999524e-01 3.136700000000000044e-01 3.595000000000000105e-03 -3.136729999999999796e-01 -9.495310000000000139e-01 -4.679999999999999915e-04
3.000000000000000000e+00 2.500000000000000000e+01 7.300000000000000000e+01 0.000000000000000000e+00 1.600000000000000089e+00 1.343000000000000010e-03 1.240000000000000000e-03 9.999980000000000535e-01 7.523260000000000502e-01 -6.587910000000000155e-01 -1.930000000000000021e-04 6.587889999999999580e-01 7.523250000000000215e-01 -1.817999999999999955e-03
9.000000000000000000e+00 2.500000000000000000e+01 7.300000000000000000e+01 0.000000000000000000e+00 1.600000000000000089e+00 3.069999999999999812e-04 -1.688000000000000047e-03 9.999989999999999712e-01 7.501959999999999740e-01 -6.612149999999999972e-01 -1.347000000000000107e-03 6.612160000000000259e-01 7.501949999999999452e-01 1.062999999999999926e-03
1.300000000000000000e+01 2.500000000000000000e+01 7.300000000000000000e+01 0.000000000000000000e+00 1.600000000000000089e+00 -3.883000000000000167e-03 -2.592000000000000120e-03 9.999890000000000168e-01 7.518960000000000088e-01 -6.592799999999999772e-01 1.211000000000000054e-03 6.592700000000000227e-01 7.518930000000000335e-01 4.508999999999999987e-03
2.500000000000000000e+01 2.500000000000000000e+01 7.300000000000000000e+01 0.000000000000000000e+00 1.600000000000000089e+00 6.742999999999999862e-03 6.658999999999999989e-03 9.999550000000000383e-01 7.575819999999999776e-01 -6.527399999999999869e-01 -7.609999999999999577e-04 6.527049999999999796e-01 7.575530000000000319e-01 -9.445999999999999536e-03
2.000000000000000000e+00 4.400000000000000000e+01 7.300000000000000000e+01 0.000000000000000000e+00 1.600000000000000089e+00 2.700000000000000035e-04 -1.381999999999999982e-03 9.999989999999999712e-01 5.190899999999999681e-02 -9.986509999999999554e-01 -1.394000000000000057e-03 9.986519999999999841e-01 5.190899999999999681e-02 -1.979999999999999881e-04
6.000000000000000000e+00 4.400000000000000000e+01 7.300000000000000000e+01 0.000000000000000000e+00 1.600000000000000089e+00 1.322000000000000041e-03 6.599999999999999964e-04 9.999989999999999712e-01 5.364200000000000218e-02 -9.985600000000000032e-01 5.879999999999999810e-04 9.985589999999999744e-01 5.364100000000000118e-02 -1.356000000000000000e-03
1.200000000000000000e+01 4.400000000000000000e+01 7.300000000000000000e+01 0.000000000000000000e+00 1.600000000000000089e+00 1.103000000000000031e-03 4.284999999999999747e-03 9.999900000000000455e-01 5.510999999999999927e-02 -9.984709999999999974e-01 4.218000000000000395e-03 9.984800000000000342e-01 5.510500000000000120e-02 -1.337000000000000081e-03
1.900000000000000000e+01 4.400000000000000000e+01 7.300000000000000000e+01 0.000000000000000000e+00 1.600000000000000089e+00 8.379999999999999862e-04 2.527000000000000166e-03 9.999959999999999960e-01 5.483699999999999686e-02 -9.984920000000000462e-01 2.478000000000000168e-03 9.984950000000000214e-01 5.483500000000000180e-02 -9.749999999999999552e-04
2.300000000000000000e+01 4.400000000000000000e+01 7.300000000000000000e+01 0.000000000000000000e+00 1.600000000000000089e+00 -2.354999999999999889e-03 -7.659999999999999708e-04 9.999970000000000248e-01 5.357399999999999662e-02 -9.985640000000000072e-01 -6.390000000000000280e-04 9.985610000000000319e-01 5.357300000000000256e-02 2.393000000000000162e-03
2.300000000000000000e+01 2.500000000000000000e+01 7.400000000000000000e+01 0.000000000000000000e+00 1.600000000000000089e+00 2.550999999999999882e-03 6.819000000000000408e-03 9.999740000000000295e-01 8.301570000000000338e-01 -5.575269999999999948e-01 1.683999999999999950e-03 5.575240000000000196e-01 8.301309999999999523e-01 -7.082999999999999886e-03
1.900000000000000000e+01 5.100000000000000000e+01 7.600000000000000000e+01 0.000000000000000000e+00 1.600000000000000089e+00 -7.200000000000000453e-04 -3.110000000000000243e-04 -1.000000000000000000e+00 -4.145690000000000208e-01 -9.100179999999999936e-01 5.810000000000000277e-04 -9.100179999999999936e-01 4.145690000000000208e-01 5.259999999999999919e-04
2.800000000000000000e+01 5.100000000000000000e+01 7.600000000000000000e+01 0.000000000000000000e+00 1.600000000000000089e+00 1.029300000000000007e-02 1.794899999999999968e-02 -9.997859999999999525e-01 -4.112430000000000252e-01 -9.112930000000000197e-01 -2.059400000000000119e-02 -9.114679999999999449e-01 4.113669999999999827e-01 -1.998000000000000210e-03
5.000000000000000000e+00 9.100000000000000000e+01 7.600000000000000000e+01 0.000000000000000000e+00 1.600000000000000089e+00 1.410000000000000120e-04 -5.720000000000000258e-04 1.000000000000000000e+00 3.324590000000000045e-01 -9.431169999999999831e-01 -5.860000000000000408e-04 9.431180000000000119e-01 3.324590000000000045e-01 5.800000000000000034e-05
1.000000000000000000e+01 9.100000000000000000e+01 7.600000000000000000e+01 0.000000000000000000e+00 1.600000000000000089e+00 7.870000000000000476e-04 -2.154999999999999798e-03 9.999970000000000248e-01 3.166209999999999858e-01 -9.485489999999999755e-01 -2.292999999999999899e-03 9.485519999999999508e-01 3.166220000000000145e-01 -6.499999999999999431e-05
1.700000000000000000e+01 9.100000000000000000e+01 7.600000000000000000e+01 0.000000000000000000e+00 1.600000000000000089e+00 -6.470000000000000057e-04 -3.849999999999999798e-04 1.000000000000000000e+00 3.103819999999999912e-01 -9.506120000000000125e-01 -1.649999999999999991e-04 9.506120000000000125e-01 3.103819999999999912e-01 7.339999999999999520e-04
2.200000000000000000e+01 9.100000000000000000e+01 7.600000000000000000e+01 0.000000000000000000e+00 1.600000000000000089e+00 6.160000000000000111e-04 5.479999999999999845e-04 1.000000000000000000e+00 3.135830000000000006e-01 -9.495609999999999884e-01 3.269999999999999795e-04 9.495609999999999884e-01 3.135830000000000006e-01 -7.569999999999999689e-04
2.600000000000000000e+01 9.100000000000000000e+01 7.600000000000000000e+01 0.000000000000000000e+00 1.600000000000000089e+00 9.008000000000000382e-03 9.440999999999999739e-03 9.999149999999999983e-01 3.200129999999999919e-01 -9.473939999999999584e-01 6.061999999999999680e-03 9.473700000000000454e-01 3.199310000000000209e-01 -1.155499999999999930e-02
4.000000000000000000e+00 4.400000000000000000e+01 8.300000000000000000e+01 0.000000000000000000e+00 1.600000000000000089e+00 3.550000000000000096e-04 1.433000000000000029e-03 9.999989999999999712e-01 5.832939999999999792e-01 -8.122599999999999820e-01 9.569999999999999514e-04 8.122610000000000108e-01 5.832929999999999504e-01 -1.123999999999999999e-03
8.000000000000000000e+00 4.400000000000000000e+01 8.300000000000000000e+01 0.000000000000000000e+00 1.600000000000000089e+00 4.339999999999999782e-04 -2.459999999999999947e-03 9.999970000000000248e-01 5.858550000000000146e-01 -8.104130000000000500e-01 -2.246999999999999865e-03 8.104160000000000252e-01 5.858539999999999859e-01 1.090000000000000040e-03
1.200000000000000000e+01 4.400000000000000000e+01 8.300000000000000000e+01 0.000000000000000000e+00 1.600000000000000089e+00 4.809999999999999823e-04 -5.550000000000000246e-03 9.999850000000000128e-01 5.883770000000000389e-01 -8.085719999999999574e-01 -4.769999999999999934e-03 8.085860000000000269e-01 5.883699999999999486e-01 2.876000000000000084e-03
1.800000000000000000e+01 4.400000000000000000e+01 8.300000000000000000e+01 0.000000000000000000e+00 1.600000000000000089e+00 1.038999999999999993e-03 -4.688000000000000327e-03 9.999879999999999880e-01 5.974310000000000453e-01 -8.019089999999999829e-01 -4.380000000000000213e-03 8.019199999999999662e-01 5.974279999999999591e-01 1.968000000000000131e-03
2.400000000000000000e+01 4.400000000000000000e+01 8.300000000000000000e+01 0.000000000000000000e+00 1.600000000000000089e+00 -1.920000000000000049e-04 1.012000000000000096e-03 9.999989999999999712e-01 5.987719999999999709e-01 -8.009190000000000476e-01 9.259999999999999568e-04 8.009190000000000476e-01 5.987719999999999709e-01 -4.519999999999999821e-04
6.000000000000000000e+00 1.400000000000000000e+01 8.600000000000000000e+01 0.000000000000000000e+00 1.600000000000000089e+00 -3.339999999999999870e-04 3.406999999999999872e-03 -9.999940000000000495e-01 1.796780000000000044e-01 9.837200000000000388e-01 3.291999999999999788e-03 9.837249999999999606e-01 -1.796760000000000024e-01 -9.399999999999999719e-04
1.000000000000000000e+01 1.400000000000000000e+01 8.600000000000000000e+01 0.000000000000000000e+00 1.600000000000000089e+00 -2.180000000000000080e-03 2.909000000000000127e-03 -9.999930000000000208e-01 1.803990000000000038e-01 9.835899999999999643e-01 2.468000000000000142e-03 9.835909999999999931e-01 -1.803919999999999968e-01 -2.668999999999999932e-03
2.100000000000000000e+01 1.400000000000000000e+01 8.600000000000000000e+01 0.000000000000000000e+00 1.600000000000000089e+00 -2.766999999999999928e-03 -2.941000000000000038e-03 -9.999919999999999920e-01 1.806490000000000040e-01 9.835420000000000273e-01 -3.392000000000000050e-03 9.835439999999999738e-01 -1.806560000000000110e-01 -2.190000000000000106e-03
1.400000000000000000e+01 1.500000000000000000e+01 8.600000000000000000e+01 0.000000000000000000e+00 1.600000000000000089e+00 9.000000000000000567e-05 -1.990000000000000015e-03 -9.999980000000000535e-01 1.731020000000000059e-01 9.849020000000000552e-01 -1.943999999999999981e-03 9.849040000000000017e-01 -1.731020000000000059e-01 4.330000000000000081e-04
1.900000000000000000e+01 1.500000000000000000e+01 8.600000000000000000e+01 0.000000000000000000e+00 1.600000000000000089e+00 -1.649999999999999991e-03 -2.559999999999999884e-04 -9.999989999999999712e-01 1.720619999999999927e-01 9.850860000000000172e-01 -5.360000000000000181e-04 9.850849999999999884e-01 -1.720629999999999937e-01 -1.580999999999999940e-03
