9.000000000000000000e+00 2.500000000000000000e+01 1.000000000000000000e+00 0.000000000000000000e+00 1.600000000000000089e+00 -2.165999999999999957e-03 -7.936000000000000346e-03 -9.999660000000000215e-01 -5.211719999999999686e-01 -8.534150000000000347e-01 7.901999999999999302e-03 -8.534490000000000132e-01 5.211710000000000509e-01 -2.288000000000000103e-03
6.000000000000000000e+00 1.800000000000000000e+01 3.000000000000000000e+00 0.000000000000000000e+00 1.600000000000000089e+00 9.043000000000000690e-03 7.067000000000000365e-03 -9.999339999999999895e-01 -7.771709999999999452e-01 -6.291849999999999943e-01 -1.147500000000000082e-02 -6.292250000000000343e-01 7.772229999999999972e-01 -1.969999999999999909e-04
1.000000000000000000e+01 2.100000000000000000e+01 4.000000000000000000e+00 0.000000000000000000e+00 1.600000000000000089e+00 -1.046000000000000055e-03 -3.350000000000000113e-04 -9.999989999999999712e-01 -6.566290000000000182e-01 -7.542130000000000223e-01 9.389999999999999476e-04 -7.542130000000000223e-01 6.566290000000000182e-01 5.689999999999999529e-04
1.300000000000000000e+01 2.100000000000000000e+01 4.000000000000000000e+00 0.000000000000000000e+00 1.600000000000000089e+00 -2.005999999999999971e-03 2.773999999999999990e-03 -9.999940000000000495e-01 -6.573539999999999939e-01 -7.535809999999999453e-01 -7.720000000000000083e-04 -7.535789999999999988e-01 6.573489999999999611e-01 3.334999999999999857e-03
9.000000000000000000e+00 1.010000000000000000e+02 7.000000000000000000e+00 0.000000000000000000e+00 1.600000000000000089e+00 6.459999999999999597e-03 2.935099999999999862e-02 9.995479999999999920e-01 8.854020000000000223e-01 4.644220000000000015e-01 -1.935999999999999874e-02 -4.647800000000000264e-01 8.851280000000000259e-01 -2.298700000000000049e-02
1.700000000000000000e+01 1.010000000000000000e+02 7.000000000000000000e+00 0.000000000000000000e+00 1.600000000000000089e+00 -8.459999999999999638e-04 2.505999999999999981e-03 9.999970000000000248e-01 8.905859999999999888e-01 4.548139999999999961e-01 -3.860000000000000041e-04 -4.548130000000000228e-01 8.905830000000000135e-01 -2.616999999999999969e-03
2.600000000000000000e+01 1.010000000000000000e+02 7.000000000000000000e+00 0.000000000000000000e+00 1.600000000000000089e+00 4.530000000000000064e-04 2.284999999999999878e-02 9.997390000000000443e-01 8.877890000000000503e-01 4.601219999999999755e-01 -1.091800000000000062e-02 -4.602510000000000212e-01 8.875619999999999621e-01 -2.007700000000000110e-02
3.000000000000000000e+00 2.500000000000000000e+01 8.000000000000000000e+00 0.000000000000000000e+00 1.600000000000000089e+00 6.594000000000000035e-03 -3.425799999999999679e-02 -9.993910000000000293e-01 4.419690000000000007e-01 8.965990000000000348e-01 -2.781799999999999898e-02 8.970059999999999700e-01 -4.415160000000000196e-01 2.105299999999999880e-02
7.000000000000000000e+00 2.500000000000000000e+01 8.000000000000000000e+00 0.000000000000000000e+00 1.600000000000000089e+00 1.619999999999999912e-03 -2.097100000000000006e-02 -9.997789999999999733e-01 4.406809999999999894e-01 8.974809999999999732e-01 -1.811099999999999863e-02 8.976619999999999600e-01 -4.405549999999999744e-01 1.069499999999999965e-02
1.700000000000000000e+01 2.500000000000000000e+01 8.000000000000000000e+00 0.000000000000000000e+00 1.600000000000000089e+00 -5.800000000000000034e-05 1.744700000000000070e-02 -9.998479999999999590e-01 4.423889999999999767e-01 8.966870000000000118e-01 1.562099999999999947e-02 8.968230000000000368e-01 -4.423210000000000197e-01 -7.769999999999999997e-03
2.200000000000000000e+01 2.500000000000000000e+01 8.000000000000000000e+00 0.000000000000000000e+00 1.600000000000000089e+00 -4.429999999999999802e-04 5.393000000000000224e-03 -9.999850000000000128e-01 4.421900000000000275e-01 8.969099999999999850e-01 4.641000000000000160e-03 8.969219999999999970e-01 -4.421809999999999907e-01 -2.782000000000000185e-03
2.700000000000000000e+01 2.500000000000000000e+01 8.000000000000000000e+00 0.000000000000000000e+00 1.600000000000000089e+00 1.830999999999999945e-03 4.346000000000000037e-03 -9.999890000000000168e-01 4.395519999999999983e-01 8.982050000000000312e-01 4.708000000000000379e-03 8.982149999999999856e-01 -4.395560000000000023e-01 -2.660000000000000146e-04
2.000000000000000000e+00 2.400000000000000000e+01 9.000000000000000000e+00 0.000000000000000000e+00 1.600000000000000089e+00 4.355000000000000364e-03 -1.430599999999999927e-02 -9.998879999999999990e-01 4.449199999999999822e-01 8.955039999999999667e-01 -1.087499999999999925e-02 8.955589999999999939e-01 -4.448230000000000239e-01 1.026499999999999982e-02
8.000000000000000000e+00 2.400000000000000000e+01 9.000000000000000000e+00 0.000000000000000000e+00 1.600000000000000089e+00 7.190000000000000210e-04 -1.376999999999999925e-02 -9.999050000000000438e-01 4.459420000000000051e-01 8.949810000000000265e-01 -1.200400000000000078e-02 8.950609999999999955e-01 -4.458909999999999818e-01 6.784000000000000100e-03
1.500000000000000000e+01 2.400000000000000000e+01 9.000000000000000000e+00 0.000000000000000000e+00 1.600000000000000089e+00 2.151999999999999833e-03 7.442999999999999963e-03 -9.999700000000000255e-01 4.497780000000000111e-01 8.931080000000000130e-01 7.615000000000000241e-03 8.931379999999999875e-01 -4.497809999999999864e-01 -1.425999999999999967e-03
1.900000000000000000e+01 2.400000000000000000e+01 9.000000000000000000e+00 0.000000000000000000e+00 1.600000000000000089e+00 -2.262000000000000122e-03 2.015399999999999830e-02 -9.997939999999999605e-01 4.489130000000000065e-01 8.934140000000000414e-01 1.699399999999999869e-02 8.935720000000000329e-01 -4.487829999999999875e-01 -1.106799999999999971e-02
2.700000000000000000e+01 2.400000000000000000e+01 9.000000000000000000e+00 0.000000000000000000e+00 1.600000000000000089e+00 2.279999999999999909e-03 5.303000000000000422e-03 -9.999829999999999552e-01 4.460839999999999805e-01 8.949730000000000185e-01 5.762999999999999894e-03 8.949880000000000058e-01 -4.460890000000000133e-01 -3.249999999999999851e-04
1.500000000000000000e+01 3.500000000000000000e+01 1.200000000000000000e+01 0.000000000000000000e+00 1.600000000000000089e+00 1.459999999999999981e-04 -1.103000000000000031e-03 -9.999989999999999712e-01 4.042959999999999887e-01 -9.146279999999999966e-01 1.067999999999999939e-03 -9.146279999999999966e-01 -4.042959999999999887e-01 3.130000000000000187e-04
2.100000000000000000e+01 3.500000000000000000e+01 1.200000000000000000e+01 0.000000000000000000e+00 1.600000000000000089e+00 1.075999999999999917e-03 4.913999999999999965e-03 -9.999869999999999592e-01 4.029269999999999796e-01 -9.152230000000000087e-01 -4.065000000000000037e-03 -9.152310000000000167e-01 -4.029179999999999984e-01 -2.965000000000000187e-03
2.400000000000000000e+01 3.500000000000000000e+01 1.200000000000000000e+01 0.000000000000000000e+00 1.600000000000000089e+00 -1.951999999999999959e-03 3.714999999999999986e-03 -9.999909999999999632e-01 4.106489999999999863e-01 -9.117840000000000389e-01 -4.189000000000000015e-03 -9.117920000000000469e-01 -4.106529999999999903e-01 2.550000000000000183e-04
2.900000000000000000e+01 3.500000000000000000e+01 1.200000000000000000e+01 0.000000000000000000e+00 1.600000000000000089e+00 -3.514000000000000196e-03 6.470000000000000057e-03 -9.999730000000000008e-01 4.182569999999999899e-01 -9.082989999999999675e-01 -7.347000000000000232e-03 -9.083219999999999628e-01 -4.182719999999999771e-01 4.859999999999999954e-04
2.600000000000000000e+01 3.200000000000000000e+01 1.400000000000000000e+01 0.000000000000000000e+00 1.600000000000000089e+00 5.419999999999999471e-04 5.300000000000000078e-05 -1.000000000000000000e+00 1.232830000000000037e-01 9.923720000000000319e-01 1.190000000000000058e-04 9.923710000000000031e-01 -1.232830000000000037e-01 5.310000000000000050e-04
5.000000000000000000e+00 1.300000000000000000e+01 1.600000000000000000e+01 0.000000000000000000e+00 1.600000000000000089e+00 7.320000000000000118e-04 5.085400000000000337e-02 9.987059999999999826e-01 1.199090000000000017e-01 -9.915049999999999697e-01 5.039899999999999936e-02 9.927850000000000286e-01 1.197170000000000040e-01 -6.824000000000000205e-03
9.000000000000000000e+00 1.300000000000000000e+01 1.600000000000000000e+01 0.000000000000000000e+00 1.600000000000000089e+00 9.179999999999999792e-04 3.731700000000000295e-02 9.993030000000000523e-01 1.115619999999999945e-01 -9.930689999999999795e-01 3.698200000000000098e-02 9.937570000000000014e-01 1.114499999999999935e-01 -5.074999999999999650e-03
1.900000000000000000e+01 1.300000000000000000e+01 1.600000000000000000e+01 0.000000000000000000e+00 1.600000000000000089e+00 2.197000000000000168e-03 -2.064300000000000163e-02 9.997840000000000060e-01 1.174930000000000002e-01 -9.928569999999999895e-01 -2.075799999999999867e-02 9.930710000000000370e-01 1.175130000000000063e-01 2.439999999999999949e-04
2.600000000000000000e+01 1.300000000000000000e+01 1.600000000000000000e+01 0.000000000000000000e+00 1.600000000000000089e+00 6.601000000000000097e-03 -5.565799999999999914e-02 9.984279999999999822e-01 1.387760000000000105e-01 -9.887369999999999770e-01 -5.603500000000000147e-02 9.903020000000000156e-01 1.389269999999999949e-01 1.196999999999999930e-03
1.100000000000000000e+01 2.000000000000000000e+00 1.900000000000000000e+01 0.000000000000000000e+00 1.600000000000000089e+00 -5.140999999999999737e-03 5.772000000000000221e-03 -9.999700000000000255e-01 2.841779999999999862e-01 -9.587459999999999871e-01 -6.995000000000000349e-03 -9.587579999999999991e-01 -2.842060000000000142e-01 3.288999999999999823e-03
2.100000000000000000e+01 2.000000000000000000e+00 1.900000000000000000e+01 0.000000000000000000e+00 1.600000000000000089e+00 2.229000000000000078e-03 -9.074000000000000468e-03 -9.999559999999999560e-01 2.906859999999999999e-01 -9.567729999999999846e-01 9.329999999999999752e-03 -9.568159999999999998e-01 -2.906940000000000079e-01 5.050000000000000235e-04
3.000000000000000000e+00 3.000000000000000000e+00 1.900000000000000000e+01 0.000000000000000000e+00 1.600000000000000089e+00 -6.627000000000000078e-03 2.033899999999999944e-02 -9.997709999999999653e-01 3.188590000000000035e-01 -9.475609999999999866e-01 -2.138999999999999929e-02 -9.477790000000000381e-01 -3.189279999999999893e-01 -2.049999999999999956e-04
6.000000000000000000e+00 3.000000000000000000e+00 1.900000000000000000e+01 0.000000000000000000e+00 1.600000000000000089e+00 -4.157000000000000105e-03 1.955499999999999947e-02 -9.998000000000000220e-01 3.126180000000000070e-01 -9.496710000000000429e-01 -1.987399999999999931e-02 -9.498699999999999921e-01 -3.126380000000000270e-01 -2.165999999999999957e-03
1.600000000000000000e+01 3.000000000000000000e+00 1.900000000000000000e+01 0.000000000000000000e+00 1.600000000000000089e+00 -8.600000000000000331e-05 4.809999999999999823e-04 -1.000000000000000000e+00 3.037509999999999932e-01 -9.527510000000000145e-01 -4.840000000000000010e-04 -9.527510000000000145e-01 -3.037509999999999932e-01 -6.499999999999999431e-05
2.500000000000000000e+01 3.000000000000000000e+00 1.900000000000000000e+01 0.000000000000000000e+00 1.600000000000000089e+00 7.992000000000000839e-03 -1.650899999999999937e-02 -9.998320000000000540e-01 3.226769999999999916e-01 -9.463340000000000085e-01 1.820499999999999896e-02 -9.464749999999999552e-01 -3.227679999999999993e-01 -2.236000000000000140e-03
4.000000000000000000e+00 4.000000000000000000e+00 2.000000000000000000e+01 0.000000000000000000e+00 1.600000000000000089e+00 -5.748999999999999770e-03 2.006799999999999903e-02 -9.997819999999999485e-01 4.245680000000000009e-01 -9.051609999999999934e-01 -2.061100000000000085e-02 -9.053780000000000161e-01 -4.245940000000000270e-01 -3.315999999999999937e-03
7.000000000000000000e+00 4.000000000000000000e+00 2.000000000000000000e+01 0.000000000000000000e+00 1.600000000000000089e+00 -4.487999999999999802e-03 1.806299999999999920e-02 -9.998270000000000213e-01 4.245209999999999817e-01 -9.052339999999999831e-01 -1.825999999999999845e-02 -9.054069999999999618e-01 -4.245289999999999897e-01 -3.605000000000000131e-03
1.600000000000000000e+01 4.000000000000000000e+00 2.000000000000000000e+01 0.000000000000000000e+00 1.600000000000000089e+00 6.480000000000000300e-04 2.510000000000000078e-03 -9.999970000000000248e-01 4.280329999999999968e-01 -9.037610000000000365e-01 -1.991000000000000148e-03 -9.037629999999999830e-01 -4.280300000000000216e-01 -1.660000000000000017e-03
1.900000000000000000e+01 4.000000000000000000e+00 2.000000000000000000e+01 0.000000000000000000e+00 1.600000000000000089e+00 2.622999999999999898e-03 -5.105000000000000163e-03 -9.999839999999999840e-01 4.304430000000000200e-01 -9.025999999999999579e-01 5.736999999999999912e-03 -9.026140000000000274e-01 -4.304509999999999725e-01 -1.700000000000000122e-04
2.500000000000000000e+01 4.000000000000000000e+00 2.000000000000000000e+01 0.000000000000000000e+00 1.600000000000000089e+00 7.074999999999999692e-03 -1.766200000000000062e-02 -9.998190000000000133e-01 4.351450000000000040e-01 -9.001599999999999602e-01 1.898100000000000134e-02 -9.003330000000000499e-01 -4.352010000000000045e-01 1.317000000000000028e-03
2.000000000000000000e+00 1.300000000000000000e+01 2.000000000000000000e+01 0.000000000000000000e+00 1.600000000000000089e+00 -6.210000000000000242e-04 -5.080999999999999579e-03 9.999869999999999592e-01 2.984350000000000058e-01 9.544169999999999598e-01 5.035000000000000413e-03 -9.544300000000000006e-01 2.984350000000000058e-01 9.240000000000000166e-04
6.000000000000000000e+00 1.300000000000000000e+01 2.000000000000000000e+01 0.000000000000000000e+00 1.600000000000000089e+00 -9.160000000000000390e-04 1.985999999999999918e-03 9.999980000000000535e-01 3.042819999999999969e-01 9.525810000000000111e-01 -1.613000000000000067e-03 -9.525820000000000398e-01 3.042799999999999949e-01 -1.477000000000000014e-03
1.500000000000000000e+01 1.300000000000000000e+01 2.000000000000000000e+01 0.000000000000000000e+00 1.600000000000000089e+00 -5.550000000000000462e-04 1.366000000000000027e-03 9.999989999999999712e-01 3.126900000000000235e-01 9.498539999999999761e-01 -1.123999999999999999e-03 -9.498550000000000049e-01 3.126889999999999947e-01 -9.550000000000000112e-04
2.100000000000000000e+01 1.300000000000000000e+01 2.000000000000000000e+01 0.000000000000000000e+00 1.600000000000000089e+00 -5.300000000000000078e-05 4.615000000000000178e-03 9.999890000000000168e-01 3.102599999999999802e-01 9.506419999999999870e-01 -4.370999999999999885e-03 -9.506520000000000525e-01 3.102570000000000050e-01 -1.482000000000000027e-03
2.600000000000000000e+01 1.300000000000000000e+01 2.000000000000000000e+01 0.000000000000000000e+00 1.600000000000000089e+00 9.299999999999999727e-05 1.035999999999999942e-02 9.999460000000000015e-01 3.054720000000000213e-01 9.521500000000000519e-01 -9.893000000000000752e-03 -9.522009999999999641e-01 3.054560000000000053e-01 -3.076000000000000175e-03
1.000000000000000000e+01 1.400000000000000000e+01 2.000000000000000000e+01 0.000000000000000000e+00 1.600000000000000089e+00 2.300000000000000002e-05 1.703000000000000087e-03 9.999989999999999712e-01 2.671819999999999751e-01 9.636449999999999738e-01 -1.647000000000000026e-03 -9.636460000000000026e-01 2.671819999999999751e-01 -4.330000000000000081e-04
3.000000000000000000e+00 1.600000000000000000e+01 2.100000000000000000e+01 0.000000000000000000e+00 1.600000000000000089e+00 1.459999999999999981e-04 3.562000000000000062e-03 9.999940000000000495e-01 3.019950000000000134e-01 9.533030000000000115e-01 -3.439000000000000216e-03 -9.533089999999999620e-01 3.019939999999999847e-01 -9.359999999999999831e-04
1.000000000000000000e+01 1.600000000000000000e+01 2.100000000000000000e+01 0.000000000000000000e+00 1.600000000000000089e+00 4.910000000000000085e-04 7.257000000000000429e-03 9.999740000000000295e-01 3.035459999999999825e-01 9.527910000000000545e-01 -7.063999999999999967e-03 -9.528170000000000250e-01 3.035410000000000053e-01 -1.734999999999999997e-03
1.500000000000000000e+01 1.600000000000000000e+01 2.100000000000000000e+01 0.000000000000000000e+00 1.600000000000000089e+00 -1.124999999999999915e-03 1.620000000000000075e-04 9.999989999999999712e-01 3.043219999999999814e-01 9.525689999999999991e-01 1.890000000000000133e-04 -9.525689999999999991e-01 3.043219999999999814e-01 -1.121000000000000035e-03
2.200000000000000000e+01 1.600000000000000000e+01 2.100000000000000000e+01 0.000000000000000000e+00 1.600000000000000089e+00 3.789999999999999966e-04 -2.560000000000000209e-03 9.999970000000000248e-01 3.081329999999999902e-01 9.513399999999999634e-01 2.318000000000000182e-03 -9.513430000000000497e-01 3.081309999999999882e-01 1.149000000000000065e-03
2.000000000000000000e+00 3.000000000000000000e+00 2.500000000000000000e+01 0.000000000000000000e+00 1.600000000000000089e+00 -3.677999999999999846e-03 2.304000000000000145e-02 9.997279999999999500e-01 -1.558799999999999943e-02 -9.996140000000000025e-01 2.298000000000000043e-02 9.998719999999999830e-01 -1.549999999999999989e-02 4.035999999999999657e-03
9.000000000000000000e+00 4.200000000000000000e+01 2.500000000000000000e+01 0.000000000000000000e+00 1.600000000000000089e+00 1.358900000000000038e-02 -6.689000000000000501e-01 7.432279999999999998e-01 -4.466069999999999762e-01 6.609749999999999792e-01 6.030379999999999630e-01 -8.946269999999999500e-01 -3.401259999999999839e-01 -2.897540000000000115e-01
1.500000000000000000e+01 4.600000000000000000e+01 2.700000000000000000e+01 0.000000000000000000e+00 1.600000000000000089e+00 -3.426999999999999925e-03 8.559999999999999901e-04 -9.999940000000000495e-01 6.811800000000000077e-01 7.321140000000000425e-01 -1.708000000000000100e-03 7.321079999999999810e-01 -6.811810000000000365e-01 -3.092000000000000130e-03
1.000000000000000000e+01 3.900000000000000000e+01 2.900000000000000000e+01 0.000000000000000000e+00 1.600000000000000089e+00 -1.621670000000000056e-01 -9.313320000000000487e-01 3.260700000000000265e-01 5.397769999999999513e-01 -3.603469999999999729e-01 -7.607829999999999870e-01 8.260399999999999965e-01 5.263099999999999723e-02 5.611479999999999801e-01
1.900000000000000000e+01 4.600000000000000000e+01 3.000000000000000000e+01 0.000000000000000000e+00 1.600000000000000089e+00 -5.099999999999999960e-05 4.960000000000000216e-04 -1.000000000000000000e+00 3.284369999999999790e-01 9.445259999999999767e-01 4.510000000000000120e-04 9.445259999999999767e-01 -3.284369999999999790e-01 -2.110000000000000059e-04
2.400000000000000000e+01 4.600000000000000000e+01 3.000000000000000000e+01 0.000000000000000000e+00 1.600000000000000089e+00 -2.469999999999999865e-04 -1.833999999999999910e-03 -9.999980000000000535e-01 3.302180000000000115e-01 9.439030000000000475e-01 -1.812999999999999941e-03 9.439049999999999940e-01 -3.302180000000000115e-01 3.730000000000000134e-04
4.000000000000000000e+00 5.800000000000000000e+01 3.100000000000000000e+01 0.000000000000000000e+00 1.600000000000000089e+00 7.549000000000000155e-03 9.353000000000000203e-03 9.999280000000000390e-01 -7.951460000000000194e-01 -6.063060000000000116e-01 1.167400000000000035e-02 6.063709999999999933e-01 -7.951770000000000227e-01 2.860000000000000129e-03
1.100000000000000000e+01 5.800000000000000000e+01 3.100000000000000000e+01 0.000000000000000000e+00 1.600000000000000089e+00 5.689999999999999529e-04 8.505999999999999672e-03 9.999639999999999640e-01 -8.015510000000000135e-01 -5.979010000000000158e-01 5.542000000000000051e-03 5.979259999999999575e-01 -8.015250000000000430e-01 6.478000000000000251e-03
1.400000000000000000e+01 5.800000000000000000e+01 3.100000000000000000e+01 0.000000000000000000e+00 1.600000000000000089e+00 -8.220000000000000310e-04 -4.699999999999999724e-05 1.000000000000000000e+00 -8.001160000000000494e-01 -5.998459999999999903e-01 -6.859999999999999779e-04 5.998449999999999616e-01 -8.001160000000000494e-01 4.560000000000000251e-04
2.100000000000000000e+01 5.800000000000000000e+01 3.100000000000000000e+01 0.000000000000000000e+00 1.600000000000000089e+00 -2.001000000000000174e-03 -1.794999999999999938e-03 9.999959999999999960e-01 -8.009990000000000165e-01 -5.986590000000000522e-01 -2.677999999999999825e-03 5.986620000000000275e-01 -8.010019999999999918e-01 -2.400000000000000061e-04
2.400000000000000000e+01 5.800000000000000000e+01 3.100000000000000000e+01 0.000000000000000000e+00 1.600000000000000089e+00 -1.634000000000000036e-03 -5.429999999999999714e-04 9.999989999999999712e-01 -8.016659999999999897e-01 -5.977700000000000236e-01 -1.634999999999999952e-03 5.977700000000000236e-01 -8.016680000000000472e-01 5.410000000000000312e-04
2.900000000000000000e+01 5.800000000000000000e+01 3.100000000000000000e+01 0.000000000000000000e+00 1.600000000000000089e+00 4.804000000000000110e-03 -3.360999999999999838e-03 9.999829999999999552e-01 -8.006219999999999448e-01 -5.991680000000000339e-01 1.832000000000000078e-03 5.991509999999999891e-01 -8.006170000000000231e-01 -5.569000000000000165e-03
5.000000000000000000e+00 2.300000000000000000e+01 3.400000000000000000e+01 0.000000000000000000e+00 1.600000000000000089e+00 1.046000000000000055e-03 7.223000000000000254e-03 9.999730000000000008e-01 3.966419999999999946e-01 -9.179519999999999902e-01 6.216000000000000171e-03 9.179730000000000389e-01 3.966250000000000053e-01 -3.824999999999999841e-03
9.000000000000000000e+00 2.300000000000000000e+01 3.400000000000000000e+01 0.000000000000000000e+00 1.600000000000000089e+00 3.576999999999999885e-03 2.033000000000000085e-03 9.999919999999999920e-01 3.981169999999999987e-01 -9.173339999999999828e-01 4.400000000000000157e-04 9.173280000000000323e-01 3.981120000000000214e-01 -4.091000000000000018e-03
1.100000000000000000e+01 4.600000000000000000e+01 3.500000000000000000e+01 0.000000000000000000e+00 1.600000000000000089e+00 -6.413000000000000297e-03 -1.596069999999999989e-01 -9.871600000000000374e-01 3.834890000000000243e-01 -9.120949999999999891e-01 1.449799999999999978e-01 -9.235229999999999828e-01 -3.776349999999999985e-01 6.705700000000000549e-02
1.600000000000000000e+01 4.600000000000000000e+01 3.500000000000000000e+01 0.000000000000000000e+00 1.600000000000000089e+00 3.780000000000000265e-04 5.793000000000000406e-03 -9.999829999999999552e-01 3.907809999999999895e-01 -9.204689999999999817e-01 -5.185000000000000372e-03 -9.204839999999999689e-01 -3.907720000000000082e-01 -2.612000000000000172e-03
2.000000000000000000e+01 4.600000000000000000e+01 3.500000000000000000e+01 0.000000000000000000e+00 1.600000000000000089e+00 -1.547999999999999897e-03 7.191000000000000343e-03 -9.999730000000000008e-01 3.914850000000000274e-01 -9.201559999999999739e-01 -7.224000000000000386e-03 -9.201829999999999732e-01 -3.914860000000000007e-01 -1.391000000000000092e-03
2.700000000000000000e+01 4.600000000000000000e+01 3.500000000000000000e+01 0.000000000000000000e+00 1.600000000000000089e+00 2.889999999999999774e-04 -4.514999999999999916e-03 -9.999900000000000455e-01 3.906519999999999992e-01 -9.205290000000000417e-01 4.269000000000000225e-03 -9.205379999999999674e-01 -3.906490000000000240e-01 1.497999999999999983e-03
5.000000000000000000e+00 9.500000000000000000e+01 3.600000000000000000e+01 0.000000000000000000e+00 1.600000000000000089e+00 -1.038999999999999993e-03 -4.769600000000000228e-02 9.988609999999999989e-01 9.984370000000000189e-01 5.577100000000000113e-02 3.701999999999999996e-03 -5.588400000000000312e-02 9.973039999999999683e-01 4.756400000000000211e-02
6.000000000000000000e+00 9.500000000000000000e+01 3.700000000000000000e+01 0.000000000000000000e+00 1.600000000000000089e+00 1.500999999999999947e-03 -2.538100000000000078e-02 9.996770000000000378e-01 9.972769999999999690e-01 7.374899999999999511e-02 3.750000000000000078e-04 -7.373499999999999499e-02 9.969540000000000068e-01 2.542300000000000115e-02
5.000000000000000000e+00 5.000000000000000000e+01 4.200000000000000000e+01 0.000000000000000000e+00 1.600000000000000089e+00 -3.631229999999999736e-01 8.457120000000000193e-01 -3.910410000000000275e-01 -5.527809999999999668e-01 1.423069999999999891e-01 8.210859999999999825e-01 7.500499999999999945e-01 5.143149999999999666e-01 4.158189999999999942e-01
5.000000000000000000e+00 5.100000000000000000e+01 4.300000000000000000e+01 0.000000000000000000e+00 1.600000000000000089e+00 -2.803709999999999813e-01 8.074369999999999603e-01 -5.190740000000000354e-01 -5.187329999999999997e-01 3.275500000000000078e-01 7.897009999999999863e-01 8.076560000000000406e-01 4.906699999999999950e-01 3.270080000000000209e-01
3.000000000000000000e+00 2.900000000000000000e+01 4.400000000000000000e+01 0.000000000000000000e+00 1.600000000000000089e+00 1.519000000000000038e-02 1.470300000000000079e-02 -9.997759999999999980e-01 7.773029999999999662e-01 6.287740000000000551e-01 2.105699999999999933e-02 6.289430000000000298e-01 -7.774489999999999457e-01 -1.877999999999999895e-03
1.300000000000000000e+01 2.900000000000000000e+01 4.400000000000000000e+01 0.000000000000000000e+00 1.600000000000000089e+00 5.807999999999999795e-03 1.019100000000000041e-02 -9.999310000000000143e-01 6.965160000000000240e-01 7.174509999999999499e-01 1.135800000000000004e-02 7.175179999999999891e-01 -6.965339999999999865e-01 -2.931000000000000012e-03
1.700000000000000000e+01 2.900000000000000000e+01 4.400000000000000000e+01 0.000000000000000000e+00 1.600000000000000089e+00 -7.370000000000000249e-04 4.722999999999999768e-03 -9.999890000000000168e-01 6.600030000000000063e-01 7.512569999999999526e-01 3.062000000000000052e-03 7.512630000000000141e-01 -6.599930000000000518e-01 -3.670999999999999784e-03
2.100000000000000000e+01 2.900000000000000000e+01 4.400000000000000000e+01 0.000000000000000000e+00 1.600000000000000089e+00 -1.350000000000000071e-03 2.007999999999999802e-03 -9.999970000000000248e-01 6.544870000000000410e-01 7.560729999999999951e-01 6.350000000000000392e-04 7.560719999999999663e-01 -6.544849999999999834e-01 -2.334999999999999836e-03
2.500000000000000000e+01 2.900000000000000000e+01 4.400000000000000000e+01 0.000000000000000000e+00 1.600000000000000089e+00 1.356999999999999916e-03 1.458000000000000095e-03 -9.999980000000000535e-01 6.595400000000000151e-01 7.516669999999999741e-01 1.991999999999999847e-03 7.516680000000000028e-01 -6.595410000000000439e-01 5.800000000000000034e-05
1.600000000000000000e+01 6.500000000000000000e+01 4.600000000000000000e+01 0.000000000000000000e+00 1.600000000000000089e+00 1.572999999999999962e-03 7.669999999999999951e-04 9.999980000000000535e-01 6.806149999999999700e-01 -7.326409999999999867e-01 -5.090000000000000123e-04 7.326390000000000402e-01 6.806149999999999700e-01 -1.675000000000000057e-03
1.500000000000000000e+01 7.000000000000000000e+01 4.700000000000000000e+01 0.000000000000000000e+00 1.600000000000000089e+00 1.899999999999999996e-03 5.416999999999999940e-03 -9.999839999999999840e-01 -8.362640000000000073e-01 -5.483090000000000463e-01 -4.558999999999999685e-03 -5.483240000000000336e-01 8.362579999999999458e-01 3.488000000000000215e-03
3.000000000000000000e+00 2.900000000000000000e+01 4.800000000000000000e+01 0.000000000000000000e+00 1.600000000000000089e+00 2.409999999999999816e-03 9.291199999999999459e-02 9.956709999999999727e-01 3.540949999999999931e-01 9.310840000000000227e-01 -8.774200000000000055e-02 -9.352059999999999818e-01 3.527739999999999765e-01 -3.065500000000000169e-02
8.000000000000000000e+00 2.900000000000000000e+01 4.800000000000000000e+01 0.000000000000000000e+00 1.600000000000000089e+00 3.268000000000000071e-03 -5.571000000000000431e-03 9.999789999999999512e-01 3.748830000000000218e-01 9.270639999999999992e-01 3.939999999999999926e-03 -9.270659999999999457e-01 3.748619999999999730e-01 5.118000000000000153e-03
1.300000000000000000e+01 2.900000000000000000e+01 4.800000000000000000e+01 0.000000000000000000e+00 1.600000000000000089e+00 -2.688999999999999984e-03 7.424000000000000044e-03 9.999689999999999968e-01 3.631369999999999876e-01 9.317170000000000174e-01 -5.941000000000000100e-03 -9.317320000000000046e-01 3.631099999999999883e-01 -5.202000000000000027e-03
5.000000000000000000e+00 7.000000000000000000e+00 5.200000000000000000e+01 0.000000000000000000e+00 1.600000000000000089e+00 -4.519999999999999821e-04 -4.872999999999999728e-03 -9.999879999999999880e-01 7.314800000000000468e-02 -9.973090000000000011e-01 4.826000000000000428e-03 -9.973210000000000131e-01 -7.314500000000000168e-02 8.069999999999999916e-04
2.600000000000000000e+01 7.000000000000000000e+00 5.200000000000000000e+01 0.000000000000000000e+00 1.600000000000000089e+00 -7.891000000000000444e-03 -3.861999999999999982e-03 -9.999609999999999888e-01 1.390250000000000097e-01 -9.902849999999999708e-01 2.727999999999999956e-03 -9.902570000000000539e-01 -1.389980000000000104e-01 8.352000000000000049e-03
1.700000000000000000e+01 4.500000000000000000e+01 5.300000000000000000e+01 0.000000000000000000e+00 1.600000000000000089e+00 -3.303899999999999892e-02 -4.096929999999999739e-01 9.116250000000000187e-01 6.218499999999999722e-02 9.095130000000000159e-01 4.109979999999999745e-01 -9.975180000000000158e-01 7.026799999999999713e-02 -4.572999999999999808e-03
3.000000000000000000e+00 6.300000000000000000e+01 5.400000000000000000e+01 0.000000000000000000e+00 1.600000000000000089e+00 -1.286999999999999950e-03 -2.883999999999999845e-03 9.999949999999999672e-01 -3.664370000000000127e-01 9.304400000000000448e-01 2.211999999999999991e-03 -9.304419999999999913e-01 -3.664330000000000087e-01 -2.255000000000000060e-03
7.000000000000000000e+00 6.300000000000000000e+01 5.400000000000000000e+01 0.000000000000000000e+00 1.600000000000000089e+00 -1.041000000000000042e-03 2.507999999999999813e-03 9.999959999999999960e-01 -3.573290000000000077e-01 9.339749999999999996e-01 -2.713999999999999833e-03 -9.339779999999999749e-01 -3.573299999999999810e-01 -7.700000000000000139e-05
1.700000000000000000e+01 6.300000000000000000e+01 5.400000000000000000e+01 0.000000000000000000e+00 1.600000000000000089e+00 4.490000000000000176e-04 1.817999999999999955e-03 9.999980000000000535e-01 -3.513919999999999821e-01 9.362270000000000314e-01 -1.544999999999999932e-03 -9.362279999999999491e-01 -3.513910000000000089e-01 1.059000000000000045e-03
2.200000000000000000e+01 6.300000000000000000e+01 5.400000000000000000e+01 0.000000000000000000e+00 1.600000000000000089e+00 2.259999999999999910e-04 -9.079999999999999530e-04 1.000000000000000000e+00 -3.510519999999999752e-01 9.363559999999999661e-01 9.300000000000000541e-04 -9.363559999999999661e-01 -3.510519999999999752e-01 -1.069999999999999988e-04
2.600000000000000000e+01 6.300000000000000000e+01 5.400000000000000000e+01 0.000000000000000000e+00 1.600000000000000089e+00 1.234999999999999987e-03 3.484999999999999817e-03 9.999930000000000208e-01 -3.485730000000000217e-01 9.372770000000000268e-01 -2.835999999999999979e-03 -9.372810000000000308e-01 -3.485670000000000157e-01 2.371999999999999977e-03
2.700000000000000000e+01 2.500000000000000000e+01 5.500000000000000000e+01 0.000000000000000000e+00 1.600000000000000089e+00 1.195000000000000099e-03 -3.294000000000000053e-03 -9.999940000000000495e-01 -1.312699999999999978e-02 -9.999080000000000190e-01 3.278000000000000098e-03 -9.999130000000000518e-01 1.312299999999999925e-02 -1.237999999999999951e-03
1.700000000000000000e+01 6.800000000000000000e+01 5.700000000000000000e+01 0.000000000000000000e+00 1.600000000000000089e+00 -3.809999999999999910e-04 -4.575000000000000074e-03 -9.999890000000000168e-01 -2.404340000000000088e-01 -9.706550000000000455e-01 4.532999999999999703e-03 -9.706650000000000000e-01 2.404330000000000078e-01 -7.299999999999999632e-04
1.100000000000000000e+01 2.100000000000000000e+01 6.000000000000000000e+01 0.000000000000000000e+00 1.600000000000000089e+00 6.999999999999999387e-05 2.974000000000000081e-03 9.999959999999999960e-01 -9.697999999999999676e-02 9.952820000000000000e-01 -2.954000000000000029e-03 -9.952860000000000040e-01 -9.697899999999999576e-02 3.579999999999999741e-04
1.400000000000000000e+01 2.100000000000000000e+01 6.000000000000000000e+01 0.000000000000000000e+00 1.600000000000000089e+00 -3.390000000000000001e-04 4.840000000000000010e-04 1.000000000000000000e+00 -9.765000000000000069e-02 9.952210000000000223e-01 -5.150000000000000498e-04 -9.952210000000000223e-01 -9.765000000000000069e-02 -2.900000000000000017e-04
1.700000000000000000e+01 2.100000000000000000e+01 6.000000000000000000e+01 0.000000000000000000e+00 1.600000000000000089e+00 -2.730000000000000222e-04 3.499999999999999964e-04 1.000000000000000000e+00 -9.581000000000000627e-02 9.953999999999999515e-01 -3.739999999999999835e-04 -9.953999999999999515e-01 -9.581000000000000627e-02 -2.380000000000000117e-04
2.500000000000000000e+01 2.100000000000000000e+01 6.000000000000000000e+01 0.000000000000000000e+00 1.600000000000000089e+00 -8.170000000000000179e-04 3.517999999999999860e-03 9.999940000000000495e-01 -9.754999999999999782e-02 9.952239999999999975e-01 -3.580999999999999982e-03 -9.952299999999999480e-01 -9.755199999999999982e-02 -4.699999999999999859e-04
3.000000000000000000e+00 6.000000000000000000e+00 6.100000000000000000e+01 0.000000000000000000e+00 1.600000000000000089e+00 7.879999999999999635e-04 -1.312999999999999931e-03 9.999989999999999712e-01 5.684740000000000348e-01 -8.226999999999999869e-01 -1.528000000000000061e-03 8.227010000000000156e-01 5.684740000000000348e-01 9.799999999999999684e-05
1.100000000000000000e+01 4.400000000000000000e+01 6.100000000000000000e+01 0.000000000000000000e+00 1.600000000000000089e+00 -9.301390000000000491e-01 3.142690000000000206e-01 1.899399999999999977e-01 -3.569030000000000258e-01 -6.520169999999999577e-01 -6.689500000000000446e-01 -8.638600000000000445e-02 -6.900060000000000082e-01 7.186299999999999910e-01
4.000000000000000000e+00 2.900000000000000000e+01 6.200000000000000000e+01 0.000000000000000000e+00 1.600000000000000089e+00 1.556699999999999924e-02 2.338089999999999891e-01 9.721579999999999666e-01 -2.204840000000000133e-01 9.491460000000000452e-01 -2.247439999999999993e-01 -9.752659999999999663e-01 -2.108460000000000056e-01 6.632599999999999607e-02
5.000000000000000000e+00 2.700000000000000000e+01 6.300000000000000000e+01 0.000000000000000000e+00 1.600000000000000089e+00 3.167999999999999809e-03 8.359900000000000664e-02 9.964939999999999909e-01 -2.631549999999999723e-01 9.614460000000000228e-01 -7.982200000000000406e-02 -9.647480000000000500e-01 -2.619799999999999907e-01 2.504599999999999882e-02
1.000000000000000000e+01 2.700000000000000000e+01 6.300000000000000000e+01 0.000000000000000000e+00 1.600000000000000089e+00 -4.377999999999999947e-03 -3.366199999999999748e-02 9.994239999999999791e-01 -2.654139999999999833e-01 9.636270000000000113e-01 3.129400000000000237e-02 -9.641250000000000098e-01 -2.651240000000000263e-01 -1.315299999999999976e-02
2.000000000000000000e+01 2.700000000000000000e+01 6.300000000000000000e+01 0.000000000000000000e+00 1.600000000000000089e+00 -2.358999999999999986e-03 8.350000000000000217e-04 9.999970000000000248e-01 -2.726729999999999987e-01 9.621060000000000167e-01 -1.446000000000000020e-03 -9.621039999999999592e-01 -2.726750000000000007e-01 -2.041999999999999978e-03
2.400000000000000000e+01 2.700000000000000000e+01 6.300000000000000000e+01 0.000000000000000000e+00 1.600000000000000089e+00 7.550000000000000287e-04 3.214999999999999976e-03 9.999949999999999672e-01 -2.720949999999999758e-01 9.622659999999999547e-01 -2.887999999999999942e-03 -9.622699999999999587e-01 -2.720920000000000005e-01 1.600999999999999993e-03
2.700000000000000000e+01 2.700000000000000000e+01 6.300000000000000000e+01 0.000000000000000000e+00 1.600000000000000089e+00 1.926999999999999894e-03 2.279000000000000210e-03 9.999959999999999960e-01 -2.684949999999999837e-01 9.632789999999999964e-01 -1.678000000000000021e-03 -9.632789999999999964e-01 -2.684909999999999797e-01 2.468000000000000142e-03
1.800000000000000000e+01 5.300000000000000000e+01 6.300000000000000000e+01 0.000000000000000000e+00 1.600000000000000089e+00 -1.303839999999999999e-01 7.046930000000000138e-01 6.974289999999999656e-01 4.426979999999999804e-01 -5.880389999999999784e-01 6.769260000000000277e-01 8.871409999999999574e-01 3.970110000000000028e-01 -2.352960000000000051e-01
1.600000000000000000e+01 2.600000000000000000e+01 6.400000000000000000e+01 0.000000000000000000e+00 1.600000000000000089e+00 1.938999999999999968e-03 -2.056000000000000102e-03 9.999959999999999960e-01 -3.567620000000000235e-01 9.341920000000000224e-01 2.612000000000000172e-03 -9.341930000000000511e-01 -3.567660000000000275e-01 1.077999999999999965e-03
2.100000000000000000e+01 2.600000000000000000e+01 6.400000000000000000e+01 0.000000000000000000e+00 1.600000000000000089e+00 -2.010000000000000068e-03 3.945999999999999855e-03 9.999900000000000455e-01 -3.607779999999999876e-01 9.326410000000000533e-01 -4.405000000000000061e-03 -9.326499999999999790e-01 -3.607830000000000203e-01 -4.519999999999999821e-04
1.200000000000000000e+01 3.900000000000000000e+01 6.500000000000000000e+01 0.000000000000000000e+00 1.600000000000000089e+00 -9.870590000000000197e-01 1.423240000000000061e-01 7.387599999999999723e-02 -1.571029999999999927e-01 -9.506200000000000205e-01 -2.676560000000000050e-01 3.213499999999999690e-02 -2.757979999999999876e-01 9.606780000000000319e-01
2.700000000000000000e+01 5.400000000000000000e+01 6.500000000000000000e+01 0.000000000000000000e+00 1.600000000000000089e+00 -3.143940000000000068e-01 -2.653539999999999788e-01 9.114510000000000112e-01 3.782400000000000345e-02 -9.628769999999999829e-01 -2.672789999999999888e-01 9.485390000000000210e-01 -4.955600000000000283e-02 3.127599999999999825e-01
1.000000000000000000e+01 3.200000000000000000e+01 6.600000000000000000e+01 0.000000000000000000e+00 1.600000000000000089e+00 -8.681999999999999440e-02 -9.516329999999999512e-01 2.947159999999999780e-01 9.423960000000000115e-01 -1.743800000000000072e-01 -2.854499999999999815e-01 3.230359999999999898e-01 2.529560000000000142e-01 9.119549999999999601e-01
2.000000000000000000e+01 6.900000000000000000e+01 6.600000000000000000e+01 0.000000000000000000e+00 1.600000000000000089e+00 -5.090000000000000123e-04 1.879999999999999944e-03 9.999980000000000535e-01 -9.636500000000000066e-01 2.671669999999999878e-01 -9.929999999999999591e-04 -2.671689999999999898e-01 -9.636479999999999491e-01 1.675999999999999972e-03
2.400000000000000000e+01 6.900000000000000000e+01 6.600000000000000000e+01 0.000000000000000000e+00 1.600000000000000089e+00 -3.949000000000000253e-03 -5.303000000000000422e-03 9.999780000000000335e-01 -9.535599999999999632e-01 3.011960000000000193e-01 -2.168999999999999921e-03 -3.011780000000000013e-01 -9.535470000000000335e-01 -6.245999999999999816e-03
9.000000000000000000e+00 3.400000000000000000e+01 6.900000000000000000e+01 0.000000000000000000e+00 1.600000000000000089e+00 7.779019999999999824e-01 -6.189829999999999499e-01 -1.082999999999999935e-01 -6.263339999999999463e-01 -7.776769999999999516e-01 -5.408099999999999713e-02 -5.074700000000000044e-02 1.099019999999999997e-01 -9.926460000000000283e-01
4.000000000000000000e+00 3.100000000000000000e+01 7.100000000000000000e+01 0.000000000000000000e+00 1.600000000000000089e+00 2.320000000000000014e-03 8.417919999999999847e-01 5.397969999999999713e-01 -8.807220000000000049e-01 2.573840000000000017e-01 -3.975949999999999762e-01 -4.736270000000000202e-01 -4.744889999999999941e-01 7.419820000000000304e-01
3.000000000000000000e+00 7.400000000000000000e+01 7.100000000000000000e+01 0.000000000000000000e+00 1.600000000000000089e+00 -4.090579999999999772e-01 -5.958620000000000028e-01 6.911009999999999653e-01 9.109049999999999647e-01 -2.217689999999999939e-01 3.479510000000000103e-01 -5.406600000000000295e-02 7.718589999999999618e-01 6.334899999999999975e-01
