1.500000000000000000e+01 1.500000000000000000e+01 4.000000000000000000e+00 0.000000000000000000e+00 1.600000000000000089e+00 -1.033999999999999980e-03 2.953799999999999829e-02 9.995629999999999793e-01 3.826629999999999754e-01 -9.234729999999999883e-01 2.768500000000000127e-02 9.238880000000000425e-01 3.825239999999999752e-01 -1.034799999999999956e-02
3.000000000000000000e+00 1.000000000000000000e+00 6.000000000000000000e+00 0.000000000000000000e+00 1.600000000000000089e+00 -1.558299999999999963e-02 1.049500000000000016e-01 -9.943549999999999889e-01 -1.843920000000000003e-01 -9.777209999999999512e-01 -1.003040000000000043e-01 -9.827289999999999637e-01 1.817880000000000051e-01 3.458800000000000069e-02
8.000000000000000000e+00 1.010000000000000000e+02 7.000000000000000000e+00 0.000000000000000000e+00 1.600000000000000089e+00 -1.157000000000000042e-03 -5.427999999999999665e-03 9.999850000000000128e-01 8.882970000000000033e-01 4.592559999999999976e-01 3.520999999999999824e-03 -4.592680000000000096e-01 8.882879999999999665e-01 4.290000000000000410e-03
1.300000000000000000e+01 1.010000000000000000e+02 7.000000000000000000e+00 0.000000000000000000e+00 1.600000000000000089e+00 -8.490000000000000368e-04 1.194800000000000029e-02 9.999280000000000390e-01 8.861780000000000213e-01 4.633209999999999829e-01 -4.784000000000000058e-03 -4.633450000000000069e-01 8.861099999999999532e-01 -1.098200000000000044e-02
2.400000000000000000e+01 1.010000000000000000e+02 7.000000000000000000e+00 0.000000000000000000e+00 1.600000000000000089e+00 -2.950000000000000148e-04 -3.503000000000000037e-03 9.999940000000000495e-01 8.856260000000000243e-01 4.643950000000000022e-01 1.887999999999999921e-03 -4.643990000000000062e-01 8.856209999999999916e-01 2.965000000000000187e-03
2.900000000000000000e+01 1.010000000000000000e+02 7.000000000000000000e+00 0.000000000000000000e+00 1.600000000000000089e+00 -1.210000000000000002e-04 1.369999999999999961e-04 1.000000000000000000e+00 8.855439999999999978e-01 4.645549999999999957e-01 4.399999999999999886e-05 -4.645549999999999957e-01 8.855439999999999978e-01 -1.769999999999999926e-04
1.600000000000000000e+01 1.500000000000000000e+01 8.000000000000000000e+00 0.000000000000000000e+00 1.600000000000000089e+00 9.929999999999999591e-04 1.798599999999999852e-02 -9.998380000000000045e-01 -6.145059999999999967e-01 -7.887729999999999464e-01 -1.479899999999999965e-02 -7.889110000000000289e-01 6.144209999999999949e-01 1.026900000000000035e-02
3.000000000000000000e+01 1.500000000000000000e+01 8.000000000000000000e+00 0.000000000000000000e+00 1.600000000000000089e+00 -1.461999999999999975e-03 9.917000000000000468e-03 -9.999500000000000055e-01 -6.139529999999999710e-01 -7.893120000000000136e-01 -6.930000000000000396e-03 -7.893409999999999593e-01 6.139120000000000132e-01 7.243000000000000306e-03
7.000000000000000000e+00 2.500000000000000000e+01 8.000000000000000000e+00 0.000000000000000000e+00 1.600000000000000089e+00 -3.280000000000000038e-04 2.831000000000000183e-03 -9.999959999999999960e-01 4.468300000000000050e-01 8.946159999999999668e-01 2.386000000000000100e-03 8.946190000000000531e-01 -4.468269999999999742e-01 -1.557999999999999923e-03
1.000000000000000000e+01 2.500000000000000000e+01 8.000000000000000000e+00 0.000000000000000000e+00 1.600000000000000089e+00 -1.258000000000000004e-03 4.669000000000000407e-03 -9.999879999999999880e-01 4.474040000000000239e-01 8.943250000000000366e-01 3.612999999999999892e-03 8.943309999999999871e-01 -4.473940000000000139e-01 -3.213999999999999843e-03
1.500000000000000000e+01 2.500000000000000000e+01 8.000000000000000000e+00 0.000000000000000000e+00 1.600000000000000089e+00 -6.570000000000000319e-04 -1.118000000000000070e-03 -9.999989999999999712e-01 4.486809999999999965e-01 8.936910000000000132e-01 -1.294000000000000011e-03 8.936920000000000419e-01 -4.486820000000000253e-01 -8.600000000000000331e-05
1.700000000000000000e+01 2.500000000000000000e+01 8.000000000000000000e+00 0.000000000000000000e+00 1.600000000000000089e+00 -5.000000000000000240e-05 -1.724999999999999971e-03 -9.999980000000000535e-01 4.485379999999999923e-01 8.937619999999999454e-01 -1.564000000000000069e-03 8.937640000000000029e-01 -4.485370000000000190e-01 7.290000000000000473e-04
4.000000000000000000e+00 2.400000000000000000e+01 9.000000000000000000e+00 0.000000000000000000e+00 1.600000000000000089e+00 -4.119999999999999856e-04 -4.799999999999999580e-03 -9.999879999999999880e-01 4.518090000000000162e-01 8.921040000000000081e-01 -4.467999999999999750e-03 8.921149999999999913e-01 -4.518050000000000122e-01 1.801000000000000083e-03
1.000000000000000000e+01 2.400000000000000000e+01 9.000000000000000000e+00 0.000000000000000000e+00 1.600000000000000089e+00 -1.765000000000000076e-03 4.017999999999999870e-03 -9.999900000000000455e-01 4.546540000000000026e-01 8.906640000000000112e-01 2.775999999999999822e-03 8.906659999999999577e-01 -4.546450000000000213e-01 -3.399000000000000112e-03
1.700000000000000000e+01 2.400000000000000000e+01 9.000000000000000000e+00 0.000000000000000000e+00 1.600000000000000089e+00 -8.299999999999999815e-05 -2.988999999999999903e-03 -9.999959999999999960e-01 4.561000000000000054e-01 8.899249999999999661e-01 -2.697000000000000178e-03 8.899289999999999701e-01 -4.560980000000000034e-01 1.288999999999999998e-03
2.500000000000000000e+01 2.400000000000000000e+01 9.000000000000000000e+00 0.000000000000000000e+00 1.600000000000000089e+00 -1.186999999999999904e-03 -3.020000000000000115e-03 -9.999949999999999672e-01 4.544259999999999966e-01 8.907789999999999875e-01 -3.229000000000000099e-03 8.907840000000000202e-01 -4.544279999999999986e-01 3.150000000000000131e-04
2.900000000000000000e+01 2.400000000000000000e+01 9.000000000000000000e+00 0.000000000000000000e+00 1.600000000000000089e+00 -1.892000000000000019e-03 4.142999999999999981e-03 -9.999900000000000455e-01 4.543309999999999849e-01 8.908289999999999820e-01 2.831000000000000183e-03 8.908310000000000395e-01 -4.543209999999999749e-01 -3.566999999999999858e-03
9.000000000000000000e+00 7.000000000000000000e+00 1.000000000000000000e+01 0.000000000000000000e+00 1.600000000000000089e+00 1.077250000000000013e-01 1.002679999999999960e-01 -9.891119999999999912e-01 -9.339309999999999556e-01 -3.308760000000000034e-01 -1.352569999999999883e-01 -3.408349999999999991e-01 9.383320000000000549e-01 5.800000000000000294e-02
1.000000000000000000e+00 3.500000000000000000e+01 1.200000000000000000e+01 0.000000000000000000e+00 1.600000000000000089e+00 -2.436999999999999930e-03 -6.435999999999999881e-03 -9.999759999999999760e-01 5.057660000000000489e-01 -8.626599999999999824e-01 4.320000000000000055e-03 -8.626669999999999616e-01 -5.057439999999999714e-01 5.357999999999999916e-03
6.000000000000000000e+00 3.500000000000000000e+01 1.200000000000000000e+01 0.000000000000000000e+00 1.600000000000000089e+00 8.989999999999999511e-04 -4.598999999999999790e-03 -9.999890000000000168e-01 4.917259999999999964e-01 -8.707390000000000407e-01 4.447000000000000432e-03 -8.707489999999999952e-01 -4.917250000000000232e-01 1.479000000000000063e-03
1.200000000000000000e+01 3.500000000000000000e+01 1.200000000000000000e+01 0.000000000000000000e+00 1.600000000000000089e+00 1.175999999999999962e-03 -4.832000000000000357e-03 -9.999879999999999880e-01 4.657999999999999918e-01 -8.848770000000000246e-01 4.823000000000000030e-03 -8.848890000000000366e-01 -4.657999999999999918e-01 1.209999999999999921e-03
1.600000000000000000e+01 3.500000000000000000e+01 1.200000000000000000e+01 0.000000000000000000e+00 1.600000000000000089e+00 4.510000000000000120e-04 -5.353000000000000119e-03 -9.999860000000000415e-01 4.530390000000000250e-01 -8.914769999999999639e-01 4.976999999999999653e-03 -8.914910000000000334e-01 -4.530350000000000210e-01 2.023000000000000059e-03
2.100000000000000000e+01 3.500000000000000000e+01 1.200000000000000000e+01 0.000000000000000000e+00 1.600000000000000089e+00 -5.500000000000000331e-04 -5.192999999999999700e-03 -9.999860000000000415e-01 4.529449999999999865e-01 -8.915269999999999584e-01 4.381000000000000345e-03 -8.915380000000000527e-01 -4.529369999999999785e-01 2.843000000000000041e-03
2.900000000000000000e+01 3.500000000000000000e+01 1.200000000000000000e+01 0.000000000000000000e+00 1.600000000000000089e+00 6.350000000000000392e-04 -4.406000000000000194e-03 -9.999900000000000455e-01 4.406089999999999729e-01 -8.976889999999999592e-01 4.235000000000000049e-03 -8.976990000000000247e-01 -4.406070000000000264e-01 1.371000000000000040e-03
8.000000000000000000e+00 3.200000000000000000e+01 1.400000000000000000e+01 0.000000000000000000e+00 1.600000000000000089e+00 -3.200000000000000262e-04 -8.859999999999999603e-04 -1.000000000000000000e+00 9.469700000000000339e-02 9.955060000000000020e-01 -9.120000000000000502e-04 9.955060000000000020e-01 -9.469700000000000339e-02 -2.349999999999999930e-04
2.800000000000000000e+01 3.200000000000000000e+01 1.400000000000000000e+01 0.000000000000000000e+00 1.600000000000000089e+00 2.629999999999999959e-04 3.128999999999999837e-03 -9.999949999999999672e-01 1.069770000000000026e-01 9.942569999999999464e-01 3.138999999999999863e-03 9.942619999999999791e-01 -1.069770000000000026e-01 -7.399999999999999623e-05
2.400000000000000000e+01 1.160000000000000000e+02 1.600000000000000000e+01 0.000000000000000000e+00 1.600000000000000089e+00 1.698999999999999989e-03 2.308000000000000156e-03 9.999959999999999960e-01 7.524380000000000512e-01 6.586570000000000480e-01 -2.798000000000000140e-03 -6.586610000000000520e-01 7.524389999999999690e-01 -6.170000000000000354e-04
6.000000000000000000e+00 2.000000000000000000e+00 1.900000000000000000e+01 0.000000000000000000e+00 1.600000000000000089e+00 1.173999999999999913e-03 5.093400000000000011e-02 -9.987009999999999499e-01 3.483410000000000117e-01 -9.361720000000000041e-01 -4.733500000000000207e-02 -9.373669999999999503e-01 -3.478330000000000033e-01 -1.884100000000000011e-02
1.200000000000000000e+01 2.000000000000000000e+00 1.900000000000000000e+01 0.000000000000000000e+00 1.600000000000000089e+00 3.282999999999999894e-03 2.061699999999999991e-02 -9.997819999999999485e-01 3.467149999999999954e-01 -9.377940000000000165e-01 -1.820000000000000090e-02 -9.379650000000000487e-01 -3.465790000000000259e-01 -1.022699999999999998e-02
1.500000000000000000e+01 2.000000000000000000e+00 1.900000000000000000e+01 0.000000000000000000e+00 1.600000000000000089e+00 3.155999999999999951e-03 3.161999999999999880e-03 -9.999900000000000455e-01 3.401159999999999739e-01 -9.403820000000000512e-01 -1.899999999999999996e-03 -9.403780000000000472e-01 -3.401060000000000194e-01 -4.042999999999999719e-03
2.200000000000000000e+01 2.000000000000000000e+00 1.900000000000000000e+01 0.000000000000000000e+00 1.600000000000000089e+00 -3.418000000000000031e-03 1.525699999999999973e-02 -9.998780000000000445e-01 3.276270000000000016e-01 -9.446790000000000465e-01 -1.553399999999999920e-02 -9.448010000000000019e-01 -3.276399999999999868e-01 -1.770000000000000089e-03
2.900000000000000000e+01 2.000000000000000000e+00 1.900000000000000000e+01 0.000000000000000000e+00 1.600000000000000089e+00 4.380000000000000213e-04 2.258200000000000138e-02 -9.997449999999999948e-01 3.281060000000000088e-01 -9.444029999999999925e-01 -2.118899999999999950e-02 -9.446409999999999529e-01 -3.280129999999999990e-01 -7.823000000000000093e-03
3.000000000000000000e+00 3.000000000000000000e+00 1.900000000000000000e+01 0.000000000000000000e+00 1.600000000000000089e+00 -4.011999999999999941e-03 3.147400000000000198e-02 -9.994960000000000511e-01 3.314670000000000116e-01 -9.429570000000000451e-01 -3.102399999999999949e-02 -9.434580000000000188e-01 -3.314250000000000251e-01 -6.649000000000000396e-03
1.700000000000000000e+01 3.000000000000000000e+00 1.900000000000000000e+01 0.000000000000000000e+00 1.600000000000000089e+00 6.880000000000000265e-04 4.478000000000000209e-03 -9.999900000000000455e-01 3.084549999999999792e-01 -9.512300000000000200e-01 -4.048000000000000383e-03 -9.512389999999999457e-01 -3.084489999999999732e-01 -2.036000000000000049e-03
2.800000000000000000e+01 3.000000000000000000e+00 1.900000000000000000e+01 0.000000000000000000e+00 1.600000000000000089e+00 -5.519999999999999733e-04 1.970600000000000129e-02 -9.998059999999999725e-01 2.991510000000000002e-01 -9.540170000000000039e-01 -1.896799999999999875e-02 -9.542059999999999986e-01 -2.991039999999999810e-01 -5.368999999999999641e-03
5.000000000000000000e+00 1.300000000000000000e+01 2.000000000000000000e+01 0.000000000000000000e+00 1.600000000000000089e+00 -5.469999999999999602e-04 3.658999999999999926e-03 9.999930000000000208e-01 2.635009999999999852e-01 9.646529999999999827e-01 -3.386000000000000121e-03 -9.646590000000000442e-01 2.634969999999999812e-01 -1.492000000000000054e-03
9.000000000000000000e+00 1.300000000000000000e+01 2.000000000000000000e+01 0.000000000000000000e+00 1.600000000000000089e+00 9.759999999999999796e-04 3.658999999999999926e-03 9.999930000000000208e-01 2.601919999999999789e-01 9.655489999999999906e-01 -3.787000000000000002e-03 -9.655559999999999699e-01 2.601939999999999809e-01 -9.000000000000000228e-06
1.200000000000000000e+01 1.300000000000000000e+01 2.000000000000000000e+01 0.000000000000000000e+00 1.600000000000000089e+00 1.549000000000000030e-03 -8.800000000000000313e-04 9.999980000000000535e-01 2.587289999999999868e-01 9.659499999999999753e-01 4.499999999999999877e-04 -9.659489999999999466e-01 2.587280000000000135e-01 1.724000000000000055e-03
1.600000000000000000e+01 1.300000000000000000e+01 2.000000000000000000e+01 0.000000000000000000e+00 1.600000000000000089e+00 4.350000000000000026e-04 8.360000000000000460e-04 1.000000000000000000e+00 2.589730000000000087e-01 9.658839999999999648e-01 -9.200000000000000278e-04 -9.658839999999999648e-01 2.589730000000000087e-01 2.039999999999999984e-04
2.000000000000000000e+01 1.300000000000000000e+01 2.000000000000000000e+01 0.000000000000000000e+00 1.600000000000000089e+00 -4.000000000000000327e-05 6.340000000000000149e-04 1.000000000000000000e+00 2.603489999999999971e-01 9.655139999999999834e-01 -6.009999999999999717e-04 -9.655150000000000121e-01 2.603489999999999971e-01 -2.030000000000000012e-04
2.300000000000000000e+01 1.300000000000000000e+01 2.000000000000000000e+01 0.000000000000000000e+00 1.600000000000000089e+00 -6.350000000000000392e-04 -3.239999999999999825e-03 9.999949999999999672e-01 2.604710000000000081e-01 9.654760000000000009e-01 3.292999999999999920e-03 -9.654810000000000336e-01 2.604719999999999813e-01 2.310000000000000042e-04
2.800000000000000000e+01 1.300000000000000000e+01 2.000000000000000000e+01 0.000000000000000000e+00 1.600000000000000089e+00 -2.040000000000000147e-03 -1.495999999999999934e-03 9.999970000000000248e-01 2.615950000000000220e-01 9.651760000000000339e-01 1.978000000000000157e-03 -9.651760000000000339e-01 2.615979999999999972e-01 -1.577999999999999976e-03
5.000000000000000000e+00 1.600000000000000000e+01 2.100000000000000000e+01 0.000000000000000000e+00 1.600000000000000089e+00 -1.239000000000000084e-03 2.373999999999999808e-03 9.999959999999999960e-01 2.994550000000000267e-01 9.541079999999999561e-01 -1.894000000000000067e-03 -9.541089999999999849e-01 2.994519999999999960e-01 -1.892999999999999934e-03
2.600000000000000000e+01 5.000000000000000000e+01 2.200000000000000000e+01 0.000000000000000000e+00 1.600000000000000089e+00 4.899999999999999842e-05 2.203000000000000097e-03 -9.999980000000000535e-01 -5.637400000000000189e-01 8.259499999999999620e-01 1.791000000000000057e-03 8.259520000000000195e-01 5.637389999999999901e-01 1.281999999999999936e-03
1.300000000000000000e+01 2.000000000000000000e+00 2.500000000000000000e+01 0.000000000000000000e+00 1.600000000000000089e+00 -9.359999999999999831e-04 -2.320000000000000014e-04 1.000000000000000000e+00 7.935000000000000386e-02 -9.968470000000000386e-01 -1.569999999999999944e-04 9.968460000000000099e-01 7.935000000000000386e-02 9.510000000000000224e-04
1.700000000000000000e+01 2.000000000000000000e+00 2.500000000000000000e+01 0.000000000000000000e+00 1.600000000000000089e+00 -5.509999999999999490e-04 -6.800999999999999754e-03 9.999770000000000048e-01 6.750200000000000644e-02 -9.976960000000000273e-01 -6.748999999999999791e-03 9.977190000000000225e-01 6.749700000000000144e-02 1.008999999999999914e-03
3.000000000000000000e+00 3.000000000000000000e+00 2.500000000000000000e+01 0.000000000000000000e+00 1.600000000000000089e+00 2.771000000000000026e-03 4.841999999999999950e-03 9.999839999999999840e-01 -4.263800000000000229e-02 -9.990780000000000216e-01 4.955000000000000203e-03 9.990869999999999473e-01 -4.265100000000000141e-02 -2.562000000000000041e-03
8.000000000000000000e+00 3.000000000000000000e+00 2.500000000000000000e+01 0.000000000000000000e+00 1.600000000000000089e+00 -6.750000000000000357e-04 1.504300000000000082e-02 9.998869999999999703e-01 -2.178400000000000128e-02 -9.996500000000000385e-01 1.502500000000000016e-02 9.997620000000000395e-01 -2.177099999999999869e-02 1.002000000000000069e-03
1.800000000000000000e+01 3.000000000000000000e+00 2.500000000000000000e+01 0.000000000000000000e+00 1.600000000000000089e+00 -1.159000000000000091e-03 -3.778999999999999807e-03 9.999919999999999920e-01 -1.711000000000000021e-02 -9.998460000000000125e-01 -3.798000000000000161e-03 9.998529999999999918e-01 -1.711400000000000074e-02 1.093999999999999920e-03
2.300000000000000000e+01 3.000000000000000000e+00 2.500000000000000000e+01 0.000000000000000000e+00 1.600000000000000089e+00 -4.955000000000000203e-03 1.393400000000000021e-02 9.998909999999999743e-01 -1.382599999999999975e-02 -9.998080000000000300e-01 1.386399999999999959e-02 9.998920000000000030e-01 -1.375600000000000087e-02 5.146999999999999666e-03
2.900000000000000000e+01 3.000000000000000000e+00 2.500000000000000000e+01 0.000000000000000000e+00 1.600000000000000089e+00 -3.917000000000000343e-03 1.467199999999999928e-02 9.998850000000000238e-01 -4.880999999999999922e-03 -9.998810000000000198e-01 1.465200000000000009e-02 9.999799999999999800e-01 -4.824000000000000163e-03 3.988000000000000225e-03
1.000000000000000000e+00 4.600000000000000000e+01 2.700000000000000000e+01 0.000000000000000000e+00 1.600000000000000089e+00 -1.650999999999999907e-03 -4.699999999999999859e-04 -9.999989999999999712e-01 6.594229999999999814e-01 7.517709999999999670e-01 -1.441999999999999922e-03 7.517709999999999670e-01 -6.594240000000000101e-01 -9.319999999999999942e-04
5.000000000000000000e+00 4.600000000000000000e+01 2.700000000000000000e+01 0.000000000000000000e+00 1.600000000000000089e+00 -1.165000000000000020e-03 1.750000000000000036e-03 -9.999980000000000535e-01 6.603149999999999853e-01 7.509879999999999889e-01 5.460000000000000443e-04 7.509879999999999889e-01 -6.603130000000000388e-01 -2.030000000000000120e-03
4.000000000000000000e+00 4.600000000000000000e+01 3.000000000000000000e+01 0.000000000000000000e+00 1.600000000000000089e+00 -1.794000000000000022e-03 -8.599999999999999789e-04 -9.999980000000000535e-01 3.238679999999999892e-01 9.461009999999999698e-01 -1.394999999999999973e-03 9.461009999999999698e-01 -3.238699999999999912e-01 -1.417999999999999990e-03
2.000000000000000000e+01 4.600000000000000000e+01 3.000000000000000000e+01 0.000000000000000000e+00 1.600000000000000089e+00 -1.765999999999999992e-03 -2.252999999999999794e-03 -9.999959999999999960e-01 3.324909999999999810e-01 9.431019999999999959e-01 -2.712000000000000001e-03 9.431049999999999711e-01 -3.324949999999999850e-01 -9.169999999999999549e-04
2.700000000000000000e+01 4.600000000000000000e+01 3.000000000000000000e+01 0.000000000000000000e+00 1.600000000000000089e+00 1.099999999999999971e-05 -1.379999999999999933e-04 -1.000000000000000000e+00 3.336470000000000269e-01 9.426980000000000359e-01 -1.259999999999999998e-04 9.426980000000000359e-01 -3.336470000000000269e-01 5.599999999999999916e-05
1.000000000000000000e+00 5.800000000000000000e+01 3.100000000000000000e+01 0.000000000000000000e+00 1.600000000000000089e+00 -3.983999999999999694e-03 2.974000000000000081e-03 9.999879999999999880e-01 -7.667209999999999859e-01 -6.419789999999999663e-01 -1.146000000000000100e-03 6.419669999999999543e-01 -7.667169999999999819e-01 4.838000000000000286e-03
6.000000000000000000e+00 5.800000000000000000e+01 3.100000000000000000e+01 0.000000000000000000e+00 1.600000000000000089e+00 -4.260000000000000006e-04 1.807000000000000012e-03 9.999980000000000535e-01 -7.656060000000000088e-01 -6.433090000000000197e-01 8.360000000000000460e-04 6.433100000000000485e-01 -7.656039999999999512e-01 1.657999999999999969e-03
1.000000000000000000e+01 5.800000000000000000e+01 3.100000000000000000e+01 0.000000000000000000e+00 1.600000000000000089e+00 -8.310000000000000329e-04 -5.969999999999999829e-04 1.000000000000000000e+00 -7.621149999999999869e-01 -6.474410000000000442e-01 -1.020000000000000073e-03 6.474410000000000442e-01 -7.621160000000000156e-01 8.299999999999999815e-05
1.600000000000000000e+01 5.800000000000000000e+01 3.100000000000000000e+01 0.000000000000000000e+00 1.600000000000000089e+00 -4.360000000000000269e-04 1.845000000000000069e-03 9.999980000000000535e-01 -7.596640000000000059e-01 -6.503160000000000052e-01 8.689999999999999808e-04 6.503160000000000052e-01 -7.596619999999999484e-01 1.685000000000000083e-03
1.900000000000000000e+01 5.800000000000000000e+01 3.100000000000000000e+01 0.000000000000000000e+00 1.600000000000000089e+00 5.452000000000000249e-03 7.002999999999999677e-03 9.999609999999999888e-01 -7.600949999999999651e-01 -6.497540000000000537e-01 8.694999999999999604e-03 6.497889999999999500e-01 -7.601120000000000099e-01 1.781000000000000031e-03
2.700000000000000000e+01 5.800000000000000000e+01 3.100000000000000000e+01 0.000000000000000000e+00 1.600000000000000089e+00 4.576000000000000206e-03 6.099000000000000254e-03 9.999710000000000543e-01 -7.555880000000000374e-01 -6.550049999999999484e-01 7.453000000000000423e-03 6.550310000000000299e-01 -7.556000000000000494e-01 1.611000000000000019e-03
4.000000000000000000e+00 4.600000000000000000e+01 3.500000000000000000e+01 0.000000000000000000e+00 1.600000000000000089e+00 4.899999999999999842e-05 5.035000000000000413e-03 -9.999869999999999592e-01 3.921259999999999746e-01 -9.199000000000000510e-01 -4.611999999999999780e-03 -9.199110000000000342e-01 -3.921209999999999973e-01 -2.018999999999999961e-03
1.300000000000000000e+01 4.600000000000000000e+01 3.500000000000000000e+01 0.000000000000000000e+00 1.600000000000000089e+00 4.789999999999999879e-04 -5.035000000000000413e-03 -9.999869999999999592e-01 3.895799999999999819e-01 -9.209800000000000209e-01 4.824000000000000163e-03 -9.209920000000000329e-01 -3.895770000000000066e-01 1.520000000000000084e-03
2.100000000000000000e+01 4.600000000000000000e+01 3.500000000000000000e+01 0.000000000000000000e+00 1.600000000000000089e+00 4.589999999999999896e-04 9.849999999999999815e-04 -9.999989999999999712e-01 3.937820000000000209e-01 -9.192040000000000211e-01 -7.240000000000000342e-04 -9.192040000000000211e-01 -3.937809999999999921e-01 -8.099999999999999561e-04
2.500000000000000000e+01 4.600000000000000000e+01 3.500000000000000000e+01 0.000000000000000000e+00 1.600000000000000089e+00 5.169999999999999899e-04 -1.469999999999999953e-03 -9.999989999999999712e-01 3.925009999999999888e-01 -9.197499999999999565e-01 1.554999999999999959e-03 -9.197509999999999852e-01 -3.925009999999999888e-01 1.019999999999999992e-04
2.800000000000000000e+01 4.600000000000000000e+01 3.500000000000000000e+01 0.000000000000000000e+00 1.600000000000000089e+00 -5.079999999999999880e-04 -2.080999999999999951e-03 -9.999980000000000535e-01 3.917189999999999839e-01 -9.200829999999999842e-01 1.716000000000000077e-03 -9.200850000000000417e-01 -3.917180000000000106e-01 1.283000000000000069e-03
4.000000000000000000e+00 3.000000000000000000e+00 4.300000000000000000e+01 0.000000000000000000e+00 1.600000000000000089e+00 2.788999999999999813e-03 -1.940000000000000101e-03 -9.999940000000000495e-01 7.342750000000000110e-01 -6.788440000000000030e-01 3.364999999999999936e-03 -6.788459999999999495e-01 -7.342800000000000438e-01 -4.690000000000000158e-04
8.000000000000000000e+00 3.000000000000000000e+00 4.300000000000000000e+01 0.000000000000000000e+00 1.600000000000000089e+00 1.768000000000000040e-03 -8.975000000000000339e-03 -9.999580000000000135e-01 7.364469999999999628e-01 -6.764550000000000285e-01 7.373000000000000213e-03 -6.764919999999999822e-01 -7.364300000000000290e-01 5.413000000000000277e-03
1.100000000000000000e+01 3.000000000000000000e+00 4.300000000000000000e+01 0.000000000000000000e+00 1.600000000000000089e+00 1.124999999999999915e-03 4.629000000000000302e-03 -9.999890000000000168e-01 7.399540000000000006e-01 -6.726529999999999454e-01 -2.281000000000000041e-03 -6.726560000000000317e-01 -7.399430000000000174e-01 -4.181999999999999953e-03
1.900000000000000000e+01 3.000000000000000000e+00 4.300000000000000000e+01 0.000000000000000000e+00 1.600000000000000089e+00 -2.877999999999999916e-03 -4.649999999999999620e-03 -9.999850000000000128e-01 7.406760000000000010e-01 -6.718610000000000415e-01 9.920000000000000432e-04 -6.718560000000000088e-01 -7.406620000000000426e-01 5.377999999999999968e-03
2.800000000000000000e+01 3.000000000000000000e+00 4.300000000000000000e+01 0.000000000000000000e+00 1.600000000000000089e+00 1.768000000000000040e-03 -1.035699999999999989e-02 -9.999449999999999728e-01 7.437780000000000502e-01 -6.683750000000000524e-01 8.238000000000000531e-03 -6.684240000000000181e-01 -7.437519999999999687e-01 6.522000000000000020e-03
1.100000000000000000e+01 8.000000000000000000e+00 4.400000000000000000e+01 0.000000000000000000e+00 1.600000000000000089e+00 4.400000000000000157e-04 -8.419999999999999750e-04 1.000000000000000000e+00 -7.869810000000000416e-01 -6.169769999999999976e-01 -1.730000000000000038e-04 6.169769999999999976e-01 -7.869810000000000416e-01 -9.340000000000000429e-04
1.500000000000000000e+01 8.000000000000000000e+00 4.400000000000000000e+01 0.000000000000000000e+00 1.600000000000000089e+00 4.409999999999999858e-04 2.337999999999999801e-03 9.999970000000000248e-01 -7.891460000000000141e-01 -6.142030000000000545e-01 1.783999999999999996e-03 6.142050000000000010e-01 -7.891449999999999854e-01 1.574000000000000095e-03
7.000000000000000000e+00 2.900000000000000000e+01 4.400000000000000000e+01 0.000000000000000000e+00 1.600000000000000089e+00 -6.419999999999999925e-04 -2.611000000000000040e-03 -9.999959999999999960e-01 6.574079999999999924e-01 7.535309999999999508e-01 -2.390000000000000197e-03 7.535349999999999548e-01 -6.574069999999999636e-01 1.232999999999999938e-03
1.200000000000000000e+01 2.900000000000000000e+01 4.400000000000000000e+01 0.000000000000000000e+00 1.600000000000000089e+00 5.289999999999999564e-04 -1.951000000000000043e-03 -9.999980000000000535e-01 6.606210000000000138e-01 7.507190000000000252e-01 -1.115000000000000106e-03 7.507200000000000539e-01 -6.606189999999999563e-01 1.685999999999999999e-03
1.500000000000000000e+01 2.900000000000000000e+01 4.400000000000000000e+01 0.000000000000000000e+00 1.600000000000000089e+00 -1.299999999999999920e-05 -3.523999999999999789e-03 -9.999940000000000495e-01 6.602050000000000418e-01 7.510809999999999986e-01 -2.655999999999999941e-03 7.510850000000000026e-01 -6.602010000000000378e-01 2.317000000000000049e-03
1.900000000000000000e+01 2.900000000000000000e+01 4.400000000000000000e+01 0.000000000000000000e+00 1.600000000000000089e+00 -9.619999999999999645e-04 -1.596999999999999895e-03 -9.999980000000000535e-01 6.589599999999999902e-01 7.521759999999999557e-01 -1.835000000000000043e-03 7.521769999999999845e-01 -6.589610000000000190e-01 3.289999999999999739e-04
2.500000000000000000e+01 2.900000000000000000e+01 4.400000000000000000e+01 0.000000000000000000e+00 1.600000000000000089e+00 1.489999999999999897e-04 -1.448000000000000068e-03 -9.999989999999999712e-01 6.577920000000000433e-01 7.531989999999999519e-01 -9.929999999999999591e-04 7.531989999999999519e-01 -6.577910000000000146e-01 1.064999999999999974e-03
2.900000000000000000e+01 2.900000000000000000e+01 4.400000000000000000e+01 0.000000000000000000e+00 1.600000000000000089e+00 8.599999999999999789e-04 -3.261000000000000010e-03 -9.999940000000000495e-01 6.592379999999999907e-01 7.519320000000000448e-01 -1.884999999999999957e-03 7.519339999999999913e-01 -6.592320000000000402e-01 2.797000000000000007e-03
1.900000000000000000e+01 6.500000000000000000e+01 4.600000000000000000e+01 0.000000000000000000e+00 1.600000000000000089e+00 1.449999999999999900e-03 -1.981999999999999821e-03 9.999970000000000248e-01 6.779669999999999863e-01 -7.350879999999999637e-01 -2.439999999999999895e-03 7.350910000000000499e-01 6.779690000000000438e-01 2.779999999999999811e-04
1.400000000000000000e+01 7.000000000000000000e+01 4.700000000000000000e+01 0.000000000000000000e+00 1.600000000000000089e+00 -8.159999999999999936e-04 -1.456999999999999962e-03 -9.999989999999999712e-01 -8.421469999999999789e-01 -5.392460000000000031e-01 1.472999999999999917e-03 -5.392470000000000319e-01 8.421469999999999789e-01 -7.870000000000000476e-04
3.000000000000000000e+00 5.000000000000000000e+00 5.100000000000000000e+01 0.000000000000000000e+00 1.600000000000000089e+00 -1.688999999999999963e-03 4.815999999999999968e-03 -9.999869999999999592e-01 4.823569999999999802e-01 -8.759599999999999609e-01 -5.033000000000000147e-03 -8.759730000000000016e-01 -4.823589999999999822e-01 -8.429999999999999993e-04
1.800000000000000000e+01 5.000000000000000000e+00 5.100000000000000000e+01 0.000000000000000000e+00 1.600000000000000089e+00 -1.268999999999999946e-03 -1.255999999999999955e-03 -9.999980000000000535e-01 4.857690000000000063e-01 -8.740869999999999473e-01 4.820000000000000066e-04 -8.740860000000000296e-01 -4.857670000000000043e-01 1.719000000000000042e-03
2.100000000000000000e+01 5.000000000000000000e+00 5.100000000000000000e+01 0.000000000000000000e+00 1.600000000000000089e+00 -1.768000000000000040e-03 -7.450000000000000025e-04 -9.999980000000000535e-01 4.937150000000000150e-01 -8.696239999999999526e-01 -2.249999999999999938e-04 -8.696220000000000061e-01 -4.937150000000000150e-01 1.905000000000000009e-03
2.400000000000000000e+01 5.000000000000000000e+00 5.100000000000000000e+01 0.000000000000000000e+00 1.600000000000000089e+00 -3.151999999999999854e-03 1.559999999999999972e-04 -9.999949999999999672e-01 4.943210000000000104e-01 -8.692779999999999951e-01 -1.693000000000000060e-03 -8.692739999999999911e-01 -4.943239999999999856e-01 2.663000000000000003e-03
2.900000000000000000e+01 5.000000000000000000e+00 5.100000000000000000e+01 0.000000000000000000e+00 1.600000000000000089e+00 1.169999999999999979e-04 -3.723000000000000181e-03 -9.999930000000000208e-01 4.895439999999999792e-01 -8.719719999999999693e-01 3.304000000000000079e-03 -8.719789999999999486e-01 -4.895410000000000039e-01 1.719999999999999958e-03
9.000000000000000000e+00 7.000000000000000000e+00 5.200000000000000000e+01 0.000000000000000000e+00 1.600000000000000089e+00 -1.569999999999999944e-04 -1.250999999999999942e-03 -9.999989999999999712e-01 9.566800000000000304e-02 -9.954129999999999923e-01 1.229999999999999974e-03 -9.954129999999999923e-01 -9.566700000000000204e-02 2.759999999999999867e-04
3.000000000000000000e+00 6.300000000000000000e+01 5.400000000000000000e+01 0.000000000000000000e+00 1.600000000000000089e+00 2.772000000000000158e-03 -2.815999999999999927e-03 9.999919999999999920e-01 -3.507140000000000257e-01 9.364759999999999751e-01 3.608999999999999795e-03 -9.364789999999999504e-01 -3.507210000000000050e-01 1.608000000000000054e-03
1.200000000000000000e+01 6.300000000000000000e+01 5.400000000000000000e+01 0.000000000000000000e+00 1.600000000000000089e+00 -1.226000000000000093e-03 1.546000000000000065e-03 9.999980000000000535e-01 -3.405969999999999831e-01 9.402070000000000149e-01 -1.871999999999999966e-03 -9.402080000000000437e-01 -3.405989999999999851e-01 -6.260000000000000373e-04
1.700000000000000000e+01 6.300000000000000000e+01 5.400000000000000000e+01 0.000000000000000000e+00 1.600000000000000089e+00 -1.097000000000000102e-03 1.505999999999999960e-03 9.999980000000000535e-01 -3.381759999999999766e-01 9.410809999999999453e-01 -1.788000000000000093e-03 -9.410819999999999741e-01 -3.381779999999999786e-01 -5.240000000000000517e-04
2.400000000000000000e+01 6.300000000000000000e+01 5.400000000000000000e+01 0.000000000000000000e+00 1.600000000000000089e+00 2.919999999999999853e-03 5.340000000000000129e-03 9.999820000000000375e-01 -3.382269999999999999e-01 9.410560000000000036e-01 -4.036999999999999790e-03 -9.410600000000000076e-01 -3.382089999999999819e-01 4.552999999999999756e-03
8.000000000000000000e+00 2.500000000000000000e+01 5.500000000000000000e+01 0.000000000000000000e+00 1.600000000000000089e+00 7.399999999999999894e-04 -2.595000000000000084e-03 -9.999959999999999960e-01 -1.401999999999999948e-02 -9.998979999999999535e-01 2.585000000000000058e-03 -9.999010000000000398e-01 1.401799999999999921e-02 -7.759999999999999971e-04
1.400000000000000000e+01 2.500000000000000000e+01 5.500000000000000000e+01 0.000000000000000000e+00 1.600000000000000089e+00 9.529999999999999626e-04 3.184000000000000198e-03 -9.999949999999999672e-01 -1.305899999999999943e-02 -9.999099999999999655e-01 -3.197000000000000189e-03 -9.999139999999999695e-01 1.306200000000000069e-02 -9.110000000000000259e-04
2.200000000000000000e+01 2.500000000000000000e+01 5.500000000000000000e+01 0.000000000000000000e+00 1.600000000000000089e+00 -2.056999999999999801e-03 -1.861000000000000024e-03 -9.999959999999999960e-01 -1.338699999999999959e-02 -9.999090000000000478e-01 1.887999999999999921e-03 -9.999080000000000190e-01 1.339100000000000013e-02 2.031999999999999952e-03
2.600000000000000000e+01 2.500000000000000000e+01 5.500000000000000000e+01 0.000000000000000000e+00 1.600000000000000089e+00 1.008999999999999914e-03 1.588000000000000002e-03 -9.999980000000000535e-01 -1.185800000000000048e-02 -9.999280000000000390e-01 -1.600000000000000077e-03 -9.999289999999999567e-01 1.185899999999999975e-02 -9.899999999999999946e-04
4.000000000000000000e+00 2.100000000000000000e+01 6.000000000000000000e+01 0.000000000000000000e+00 1.600000000000000089e+00 1.247000000000000062e-03 -8.982000000000000400e-03 9.999590000000000423e-01 -9.579000000000000015e-02 9.953600000000000225e-01 9.060000000000000345e-03 -9.954009999999999803e-01 -9.579699999999999327e-02 3.809999999999999910e-04
1.200000000000000000e+01 2.100000000000000000e+01 6.000000000000000000e+01 0.000000000000000000e+00 1.600000000000000089e+00 -1.227000000000000009e-03 3.399000000000000112e-03 9.999930000000000208e-01 -9.413900000000000046e-02 9.955530000000000213e-01 -3.498999999999999940e-03 -9.955580000000000540e-01 -9.414300000000000446e-02 -9.009999999999999997e-04
2.100000000000000000e+01 2.100000000000000000e+01 6.000000000000000000e+01 0.000000000000000000e+00 1.600000000000000089e+00 5.249999999999999676e-04 -2.750000000000000166e-04 1.000000000000000000e+00 -9.332300000000000317e-02 9.956359999999999655e-01 3.229999999999999907e-04 -9.956359999999999655e-01 -9.332300000000000317e-02 4.970000000000000459e-04
2.600000000000000000e+01 2.100000000000000000e+01 6.000000000000000000e+01 0.000000000000000000e+00 1.600000000000000089e+00 -1.711999999999999980e-03 3.798999999999999860e-03 9.999909999999999632e-01 -9.502399999999999736e-02 9.954669999999999908e-01 -3.944999999999999722e-03 -9.954739999999999700e-01 -9.503000000000000336e-02 -1.343000000000000010e-03
3.000000000000000000e+01 2.100000000000000000e+01 6.000000000000000000e+01 0.000000000000000000e+00 1.600000000000000089e+00 -1.567999999999999949e-03 -5.773000000000000353e-03 9.999820000000000375e-01 -9.401299999999999935e-02 9.955549999999999677e-01 5.599999999999999943e-03 -9.955699999999999550e-01 -9.400300000000000322e-02 -2.102999999999999835e-03
2.900000000000000000e+01 6.700000000000000000e+01 6.000000000000000000e+01 0.000000000000000000e+00 1.600000000000000089e+00 3.780000000000000265e-04 1.332000000000000068e-03 9.999989999999999712e-01 1.762529999999999930e-01 -9.843439999999999968e-01 1.244000000000000097e-03 9.843450000000000255e-01 1.762529999999999930e-01 -6.070000000000000092e-04
2.000000000000000000e+01 3.000000000000000000e+00 6.300000000000000000e+01 0.000000000000000000e+00 1.600000000000000089e+00 -1.020000000000000073e-03 3.723000000000000181e-03 9.999930000000000208e-01 -6.113250000000000073e-01 7.913719999999999644e-01 -3.569999999999999823e-03 -7.913790000000000546e-01 -6.113239999999999785e-01 1.469000000000000037e-03
5.000000000000000000e+00 2.700000000000000000e+01 6.300000000000000000e+01 0.000000000000000000e+00 1.600000000000000089e+00 2.197000000000000168e-03 5.500000000000000196e-05 9.999980000000000535e-01 -2.774969999999999937e-01 9.607259999999999689e-01 5.569999999999999864e-04 -9.607240000000000224e-01 -2.774980000000000224e-01 2.125999999999999852e-03
1.300000000000000000e+01 2.700000000000000000e+01 6.300000000000000000e+01 0.000000000000000000e+00 1.600000000000000089e+00 -2.276999999999999944e-03 -2.063999999999999863e-03 9.999949999999999672e-01 -2.779190000000000271e-01 9.606029999999999847e-01 1.350000000000000071e-03 -9.606019999999999559e-01 -2.779150000000000231e-01 -2.760999999999999999e-03
1.700000000000000000e+01 2.700000000000000000e+01 6.300000000000000000e+01 0.000000000000000000e+00 1.600000000000000089e+00 1.049999999999999935e-03 -5.883000000000000208e-03 9.999820000000000375e-01 -2.804459999999999731e-01 9.598520000000000385e-01 5.941000000000000100e-03 -9.598689999999999722e-01 -2.804470000000000018e-01 -6.419999999999999925e-04
2.400000000000000000e+01 2.700000000000000000e+01 6.300000000000000000e+01 0.000000000000000000e+00 1.600000000000000089e+00 -1.136999999999999990e-03 -7.010000000000000172e-04 9.999989999999999712e-01 -2.820849999999999747e-01 9.593890000000000473e-01 3.519999999999999908e-04 -9.593890000000000473e-01 -2.820849999999999747e-01 -1.288000000000000082e-03
2.000000000000000000e+00 2.600000000000000000e+01 6.400000000000000000e+01 0.000000000000000000e+00 1.600000000000000089e+00 7.519999999999999558e-04 -3.766999999999999949e-03 9.999930000000000208e-01 -3.649939999999999851e-01 9.310019999999999962e-01 3.781000000000000073e-03 -9.310100000000000042e-01 -3.649939999999999851e-01 -6.740000000000000114e-04
5.000000000000000000e+00 2.600000000000000000e+01 6.400000000000000000e+01 0.000000000000000000e+00 1.600000000000000089e+00 2.592999999999999819e-03 -3.750000000000000078e-04 9.999970000000000248e-01 -3.664629999999999832e-01 9.304320000000000368e-01 1.299000000000000024e-03 -9.304289999999999505e-01 -3.664649999999999852e-01 2.275000000000000112e-03
1.100000000000000000e+01 2.600000000000000000e+01 6.400000000000000000e+01 0.000000000000000000e+00 1.600000000000000089e+00 -2.640000000000000202e-04 -5.469999999999999602e-04 1.000000000000000000e+00 -3.651030000000000109e-01 9.309669999999999890e-01 4.130000000000000099e-04 -9.309669999999999890e-01 -3.651030000000000109e-01 -4.459999999999999989e-04
1.900000000000000000e+01 2.600000000000000000e+01 6.400000000000000000e+01 0.000000000000000000e+00 1.600000000000000089e+00 3.668999999999999952e-03 -6.462999999999999995e-03 9.999719999999999720e-01 -3.725640000000000063e-01 9.279770000000000518e-01 7.365000000000000019e-03 -9.279990000000000183e-01 -3.725809999999999955e-01 9.970000000000000563e-04
2.300000000000000000e+01 2.600000000000000000e+01 6.400000000000000000e+01 0.000000000000000000e+00 1.600000000000000089e+00 -7.609999999999999577e-04 -3.225000000000000002e-03 9.999949999999999672e-01 -3.729290000000000105e-01 9.278560000000000141e-01 2.707999999999999904e-03 -9.278589999999999893e-01 -3.729250000000000065e-01 -1.909000000000000107e-03
