1.300000000000000000e+01 3.000000000000000000e+00 4.000000000000000000e+00 0.000000000000000000e+00 1.600000000000000089e+00 -2.029489999999999905e-01 -1.010149999999999937e-01 -9.739649999999999697e-01 -8.797939999999999650e-01 -4.178370000000000140e-01 2.266620000000000024e-01 -4.298549999999999871e-01 9.028890000000000526e-01 -4.073000000000000231e-03
7.000000000000000000e+00 1.500000000000000000e+01 4.000000000000000000e+00 0.000000000000000000e+00 1.600000000000000089e+00 -4.670000000000000214e-04 -2.417499999999999857e-02 9.997080000000000410e-01 3.164040000000000186e-01 -9.483510000000000550e-01 -2.278499999999999970e-02 9.486240000000000228e-01 3.163009999999999988e-01 8.092000000000000234e-03
1.500000000000000000e+01 1.500000000000000000e+01 4.000000000000000000e+00 0.000000000000000000e+00 1.600000000000000089e+00 -6.430000000000000169e-04 -6.068999999999999742e-03 9.999810000000000088e-01 3.099740000000000273e-01 -9.507290000000000463e-01 -5.571000000000000431e-03 9.507449999999999513e-01 3.099649999999999905e-01 2.492999999999999990e-03
2.100000000000000000e+01 1.500000000000000000e+01 4.000000000000000000e+00 0.000000000000000000e+00 1.600000000000000089e+00 -2.054999999999999969e-03 -2.772000000000000158e-03 9.999940000000000495e-01 3.079399999999999915e-01 -9.514040000000000274e-01 -2.004000000000000139e-03 9.514040000000000274e-01 3.079339999999999855e-01 2.808999999999999865e-03
2.700000000000000000e+01 1.500000000000000000e+01 4.000000000000000000e+00 0.000000000000000000e+00 1.600000000000000089e+00 4.949999999999999973e-04 -9.200000000000000278e-04 1.000000000000000000e+00 3.117119999999999891e-01 -9.501760000000000206e-01 -1.028999999999999967e-03 9.501770000000000493e-01 3.117119999999999891e-01 -1.830000000000000029e-04
1.000000000000000000e+01 1.600000000000000000e+01 4.000000000000000000e+00 0.000000000000000000e+00 1.600000000000000089e+00 -6.700000000000000226e-04 -4.579999999999999870e-03 9.999890000000000168e-01 3.815290000000000070e-01 -9.243479999999999475e-01 -3.977999999999999765e-03 9.243569999999999842e-01 3.815219999999999723e-01 2.367000000000000180e-03
6.000000000000000000e+00 1.010000000000000000e+02 7.000000000000000000e+00 0.000000000000000000e+00 1.600000000000000089e+00 -2.589000000000000155e-03 -7.983000000000000512e-03 9.999649999999999928e-01 8.860350000000000170e-01 4.635799999999999921e-01 5.995000000000000329e-03 -4.636120000000000241e-01 8.860190000000000010e-01 5.872999999999999748e-03
1.400000000000000000e+01 1.010000000000000000e+02 7.000000000000000000e+00 0.000000000000000000e+00 1.600000000000000089e+00 3.797000000000000028e-03 1.595999999999999979e-03 9.999919999999999920e-01 8.850940000000000474e-01 4.653939999999999744e-01 -4.102999999999999876e-03 -4.653970000000000051e-01 8.851020000000000554e-01 3.539999999999999853e-04
2.000000000000000000e+01 1.010000000000000000e+02 7.000000000000000000e+00 0.000000000000000000e+00 1.600000000000000089e+00 3.903999999999999918e-03 -2.116300000000000125e-02 9.997679999999999900e-01 8.910470000000000335e-01 4.538710000000000244e-01 6.127999999999999767e-03 -4.538949999999999929e-01 8.908160000000000522e-01 2.062900000000000150e-02
2.600000000000000000e+01 1.010000000000000000e+02 7.000000000000000000e+00 0.000000000000000000e+00 1.600000000000000089e+00 -1.195000000000000099e-03 -4.839999999999999684e-03 9.999879999999999880e-01 8.913050000000000139e-01 4.533929999999999905e-01 3.259000000000000178e-03 -4.534030000000000005e-01 8.912980000000000347e-01 3.772000000000000179e-03
7.000000000000000000e+00 2.500000000000000000e+01 8.000000000000000000e+00 0.000000000000000000e+00 1.600000000000000089e+00 -2.125999999999999852e-03 -1.415999999999999941e-03 -9.999970000000000248e-01 4.405859999999999776e-01 8.977079999999999504e-01 -2.207999999999999893e-03 8.977079999999999504e-01 -4.405890000000000084e-01 -1.284999999999999901e-03
1.400000000000000000e+01 2.500000000000000000e+01 8.000000000000000000e+00 0.000000000000000000e+00 1.600000000000000089e+00 -1.268999999999999946e-03 -6.180999999999999862e-03 -9.999799999999999800e-01 4.438409999999999855e-01 8.960850000000000204e-01 -6.101999999999999785e-03 8.961050000000000404e-01 -4.438400000000000123e-01 1.606000000000000006e-03
2.200000000000000000e+01 2.500000000000000000e+01 8.000000000000000000e+00 0.000000000000000000e+00 1.600000000000000089e+00 -8.109999999999999805e-04 1.944999999999999897e-03 -9.999980000000000535e-01 4.444739999999999802e-01 8.957899999999999752e-01 1.381999999999999982e-03 8.957910000000000039e-01 -4.444719999999999782e-01 -1.590999999999999966e-03
2.600000000000000000e+01 2.500000000000000000e+01 8.000000000000000000e+00 0.000000000000000000e+00 1.600000000000000089e+00 1.500000000000000038e-05 -1.900000000000000105e-04 -1.000000000000000000e+00 4.434770000000000101e-01 8.962860000000000271e-01 -1.640000000000000019e-04 8.962860000000000271e-01 -4.434770000000000101e-01 9.799999999999999684e-05
1.000000000000000000e+00 2.400000000000000000e+01 9.000000000000000000e+00 0.000000000000000000e+00 1.600000000000000089e+00 -4.389999999999999914e-04 -3.275000000000000133e-03 -9.999949999999999672e-01 4.468110000000000137e-01 8.946229999999999460e-01 -3.125999999999999873e-03 8.946279999999999788e-01 -4.468099999999999850e-01 1.070999999999999903e-03
7.000000000000000000e+00 2.400000000000000000e+01 9.000000000000000000e+00 0.000000000000000000e+00 1.600000000000000089e+00 -1.503999999999999912e-03 -2.647000000000000047e-03 -9.999949999999999672e-01 4.458480000000000221e-01 8.951040000000000108e-01 -3.040000000000000167e-03 8.951069999999999860e-01 -4.458500000000000241e-01 -1.659999999999999963e-04
1.500000000000000000e+01 2.400000000000000000e+01 9.000000000000000000e+00 0.000000000000000000e+00 1.600000000000000089e+00 -1.392000000000000008e-03 -7.394000000000000399e-03 -9.999719999999999720e-01 4.498130000000000184e-01 8.930940000000000545e-01 -7.230000000000000315e-03 8.931219999999999715e-01 -4.498099999999999876e-01 2.083000000000000216e-03
2.300000000000000000e+01 2.400000000000000000e+01 9.000000000000000000e+00 0.000000000000000000e+00 1.600000000000000089e+00 -2.169999999999999891e-04 2.052000000000000005e-03 -9.999980000000000535e-01 4.498090000000000144e-01 8.931230000000000002e-01 1.734999999999999997e-03 8.931249999999999467e-01 -4.498079999999999856e-01 -1.116999999999999937e-03
2.900000000000000000e+01 2.400000000000000000e+01 9.000000000000000000e+00 0.000000000000000000e+00 1.600000000000000089e+00 4.800000000000000122e-04 -5.850000000000000165e-04 -1.000000000000000000e+00 4.486439999999999872e-01 8.937100000000000044e-01 -3.069999999999999812e-04 8.937100000000000044e-01 -4.486439999999999872e-01 6.920000000000000153e-04
1.700000000000000000e+01 3.100000000000000000e+01 1.200000000000000000e+01 0.000000000000000000e+00 1.600000000000000089e+00 -1.820000000000000057e-04 2.260999999999999989e-03 9.999970000000000248e-01 -5.082999999999999845e-03 9.999850000000000128e-01 -2.262000000000000122e-03 -9.999869999999999592e-01 -5.082999999999999845e-03 -1.710000000000000094e-04
2.700000000000000000e+01 3.000000000000000000e+00 1.300000000000000000e+01 0.000000000000000000e+00 1.600000000000000089e+00 2.547999999999999918e-03 1.357639999999999958e-01 9.907380000000000075e-01 -2.349299999999999999e-02 9.904760000000000231e-01 -1.356680000000000108e-01 -9.997209999999999708e-01 -2.292999999999999899e-02 5.713000000000000196e-03
4.000000000000000000e+00 3.200000000000000000e+01 1.400000000000000000e+01 0.000000000000000000e+00 1.600000000000000089e+00 -4.659999999999999971e-04 9.560000000000000355e-04 -9.999989999999999712e-01 1.152379999999999932e-01 9.933380000000000543e-01 8.959999999999999866e-04 9.933380000000000543e-01 -1.152370000000000061e-01 -5.730000000000000501e-04
8.000000000000000000e+00 3.200000000000000000e+01 1.400000000000000000e+01 0.000000000000000000e+00 1.600000000000000089e+00 -2.979999999999999793e-04 1.384000000000000031e-03 -9.999989999999999712e-01 1.171709999999999974e-01 9.931109999999999660e-01 1.340000000000000045e-03 9.931119999999999948e-01 -1.171699999999999964e-01 -4.580000000000000195e-04
1.400000000000000000e+01 3.200000000000000000e+01 1.400000000000000000e+01 0.000000000000000000e+00 1.600000000000000089e+00 7.339999999999999520e-04 2.468999999999999841e-03 -9.999970000000000248e-01 1.127760000000000012e-01 9.936169999999999725e-01 2.536000000000000060e-03 9.936199999999999477e-01 -1.127780000000000032e-01 4.510000000000000120e-04
1.100000000000000000e+01 1.200000000000000000e+01 1.500000000000000000e+01 0.000000000000000000e+00 1.600000000000000089e+00 -1.010000000000000020e-04 -2.951000000000000064e-03 -9.999959999999999960e-01 -4.612240000000000228e-01 -8.872799999999999576e-01 2.664999999999999834e-03 -8.872839999999999616e-01 4.612229999999999941e-01 -1.270999999999999994e-03
1.700000000000000000e+01 1.200000000000000000e+01 1.500000000000000000e+01 0.000000000000000000e+00 1.600000000000000089e+00 -1.164000000000000104e-03 -4.053000000000000179e-03 -9.999909999999999632e-01 -4.665199999999999902e-01 -8.845009999999999817e-01 4.127999999999999725e-03 -8.845100000000000184e-01 4.665210000000000190e-01 -8.620000000000000275e-04
2.200000000000000000e+01 1.200000000000000000e+01 1.500000000000000000e+01 0.000000000000000000e+00 1.600000000000000089e+00 -3.611000000000000060e-03 -2.952000000000000197e-03 -9.999890000000000168e-01 -4.692359999999999864e-01 -8.830630000000000424e-01 4.301000000000000136e-03 -8.830660000000000176e-01 4.692459999999999964e-01 1.804000000000000048e-03
2.600000000000000000e+01 1.200000000000000000e+01 1.500000000000000000e+01 0.000000000000000000e+00 1.600000000000000089e+00 -3.635999999999999909e-03 -2.239999999999999804e-03 -9.999909999999999632e-01 -4.671009999999999884e-01 -8.841959999999999820e-01 3.678999999999999979e-03 -8.841970000000000107e-01 4.671100000000000252e-01 2.168999999999999921e-03
1.000000000000000000e+01 1.160000000000000000e+02 1.600000000000000000e+01 0.000000000000000000e+00 1.600000000000000089e+00 4.719999999999999803e-04 4.040000000000000080e-04 1.000000000000000000e+00 7.101819999999999800e-01 7.040180000000000327e-01 -6.199999999999999999e-04 -7.040180000000000327e-01 7.101819999999999800e-01 4.500000000000000283e-05
1.400000000000000000e+01 1.160000000000000000e+02 1.600000000000000000e+01 0.000000000000000000e+00 1.600000000000000089e+00 1.446999999999999936e-03 -1.786999999999999960e-03 9.999970000000000248e-01 7.095129999999999493e-01 7.046919999999999851e-01 2.320000000000000014e-04 -7.046909999999999563e-01 7.095110000000000028e-01 2.288000000000000103e-03
1.900000000000000000e+01 1.160000000000000000e+02 1.600000000000000000e+01 0.000000000000000000e+00 1.600000000000000089e+00 3.499999999999999964e-04 1.056000000000000081e-03 9.999989999999999712e-01 7.249830000000000441e-01 6.887659999999999894e-01 -9.810000000000001011e-04 -6.887659999999999894e-01 7.249830000000000441e-01 -5.249999999999999676e-04
2.300000000000000000e+01 1.160000000000000000e+02 1.600000000000000000e+01 0.000000000000000000e+00 1.600000000000000089e+00 -1.371999999999999956e-03 -1.784999999999999911e-03 9.999970000000000248e-01 7.267069999999999919e-01 6.869439999999999991e-01 2.223999999999999849e-03 -6.869459999999999456e-01 7.267080000000000206e-01 3.550000000000000096e-04
2.700000000000000000e+01 1.160000000000000000e+02 1.600000000000000000e+01 0.000000000000000000e+00 1.600000000000000089e+00 -4.510000000000000120e-04 6.160000000000000111e-04 1.000000000000000000e+00 6.953049999999999509e-01 7.187149999999999928e-01 -1.289999999999999914e-04 -7.187149999999999928e-01 6.953040000000000331e-01 -7.519999999999999558e-04
2.000000000000000000e+00 2.000000000000000000e+00 1.900000000000000000e+01 0.000000000000000000e+00 1.600000000000000089e+00 -3.039000000000000035e-02 -6.387400000000000022e-02 -9.974950000000000205e-01 2.205860000000000043e-01 -9.737799999999999789e-01 5.563599999999999796e-02 -9.748940000000000383e-01 -2.183430000000000093e-01 4.368299999999999961e-02
6.000000000000000000e+00 2.000000000000000000e+00 1.900000000000000000e+01 0.000000000000000000e+00 1.600000000000000089e+00 -2.537500000000000172e-02 -5.948099999999999915e-02 -9.979069999999999885e-01 2.052519999999999900e-01 -9.772710000000000008e-01 5.303200000000000275e-02 -9.783800000000000274e-01 -2.034769999999999912e-01 3.700599999999999723e-02
1.500000000000000000e+01 2.000000000000000000e+00 1.900000000000000000e+01 0.000000000000000000e+00 1.600000000000000089e+00 1.522800000000000022e-02 -1.745899999999999883e-02 -9.997319999999999540e-01 2.331959999999999866e-01 -9.722129999999999939e-01 2.053100000000000064e-02 -9.723100000000000076e-01 -2.334459999999999869e-01 -1.073299999999999949e-02
1.900000000000000000e+01 2.000000000000000000e+00 1.900000000000000000e+01 0.000000000000000000e+00 1.600000000000000089e+00 1.233300000000000021e-02 -4.303999999999999666e-03 -9.999149999999999983e-01 2.342779999999999863e-01 -9.721440000000000081e-01 7.074999999999999692e-03 -9.720910000000000384e-01 -2.343449999999999978e-01 -1.098099999999999944e-02
2.300000000000000000e+01 2.000000000000000000e+00 1.900000000000000000e+01 0.000000000000000000e+00 1.600000000000000089e+00 6.735999999999999800e-03 -1.063300000000000009e-02 -9.999209999999999487e-01 2.262560000000000127e-01 -9.739950000000000552e-01 1.188099999999999920e-02 -9.740450000000000497e-01 -2.263179999999999914e-01 -4.154999999999999839e-03
3.000000000000000000e+00 1.300000000000000000e+01 2.000000000000000000e+01 0.000000000000000000e+00 1.600000000000000089e+00 2.759999999999999867e-04 -3.621999999999999786e-03 9.999930000000000208e-01 2.649219999999999908e-01 9.642640000000000100e-01 3.419000000000000164e-03 -9.642699999999999605e-01 2.649199999999999888e-01 1.226000000000000093e-03
8.000000000000000000e+00 1.300000000000000000e+01 2.000000000000000000e+01 0.000000000000000000e+00 1.600000000000000089e+00 -9.200000000000000007e-05 3.950000000000000061e-04 1.000000000000000000e+00 2.651390000000000136e-01 9.642100000000000115e-01 -3.570000000000000040e-04 -9.642100000000000115e-01 2.651390000000000136e-01 -1.930000000000000021e-04
1.700000000000000000e+01 1.300000000000000000e+01 2.000000000000000000e+01 0.000000000000000000e+00 1.600000000000000089e+00 1.734999999999999997e-03 1.379000000000000017e-03 9.999980000000000535e-01 2.633050000000000113e-01 9.647109999999999852e-01 -1.786999999999999960e-03 -9.647109999999999852e-01 2.633070000000000133e-01 1.311000000000000099e-03
2.600000000000000000e+01 1.300000000000000000e+01 2.000000000000000000e+01 0.000000000000000000e+00 1.600000000000000089e+00 -9.290000000000000297e-04 3.200000000000000153e-03 9.999940000000000495e-01 2.630680000000000240e-01 9.647729999999999917e-01 -2.841999999999999908e-03 -9.647769999999999957e-01 2.630640000000000200e-01 -1.737999999999999962e-03
1.000000000000000000e+00 3.000000000000000000e+00 2.500000000000000000e+01 0.000000000000000000e+00 1.600000000000000089e+00 9.348000000000000406e-03 8.524999999999999592e-03 9.999200000000000310e-01 -3.686899999999999900e-02 -9.992809999999999748e-01 8.864000000000000351e-03 9.992760000000000531e-01 -3.694900000000000267e-02 -9.027000000000000302e-03
8.000000000000000000e+00 3.000000000000000000e+00 2.500000000000000000e+01 0.000000000000000000e+00 1.600000000000000089e+00 -2.020000000000000094e-03 -8.241000000000000061e-03 9.999639999999999640e-01 -4.017199999999999938e-02 -9.991579999999999906e-01 -8.314999999999999475e-03 9.991910000000000514e-01 -4.018700000000000050e-02 1.686999999999999915e-03
1.500000000000000000e+01 3.000000000000000000e+00 2.500000000000000000e+01 0.000000000000000000e+00 1.600000000000000089e+00 -2.955000000000000161e-03 -4.086000000000000222e-03 9.999869999999999592e-01 -3.607599999999999696e-02 -9.993400000000000061e-01 -4.190000000000000148e-03 9.993450000000000388e-01 -3.608800000000000202e-02 2.805000000000000202e-03
1.800000000000000000e+01 3.000000000000000000e+00 2.500000000000000000e+01 0.000000000000000000e+00 1.600000000000000089e+00 -1.649000000000000075e-03 7.522000000000000040e-03 9.999700000000000255e-01 -3.702899999999999942e-02 -9.992860000000000076e-01 7.454999999999999821e-03 9.993130000000000068e-01 -3.701600000000000029e-02 1.925999999999999978e-03
2.700000000000000000e+01 3.000000000000000000e+00 2.500000000000000000e+01 0.000000000000000000e+00 1.600000000000000089e+00 2.237999999999999972e-03 -4.159999999999999744e-04 9.999970000000000248e-01 -4.515399999999999969e-02 -9.989799999999999791e-01 -3.150000000000000131e-04 9.989780000000000326e-01 -4.515299999999999869e-02 -2.253999999999999927e-03
2.000000000000000000e+00 4.600000000000000000e+01 2.700000000000000000e+01 0.000000000000000000e+00 1.600000000000000089e+00 -1.242999999999999964e-03 -1.730999999999999900e-03 -9.999980000000000535e-01 6.821180000000000021e-01 7.312389999999999723e-01 -2.113999999999999994e-03 7.312410000000000299e-01 -6.821190000000000309e-01 2.709999999999999735e-04
7.000000000000000000e+00 4.600000000000000000e+01 2.700000000000000000e+01 0.000000000000000000e+00 1.600000000000000089e+00 -2.014000000000000165e-03 -8.480000000000000124e-04 -9.999980000000000535e-01 6.774259999999999726e-01 7.355880000000000196e-01 -1.988000000000000184e-03 7.355880000000000196e-01 -6.774289999999999479e-01 -9.070000000000000371e-04
1.400000000000000000e+01 4.600000000000000000e+01 2.700000000000000000e+01 0.000000000000000000e+00 1.600000000000000089e+00 -3.159999999999999832e-04 1.480999999999999895e-03 -9.999989999999999712e-01 6.733540000000000081e-01 7.393189999999999484e-01 8.819999999999999715e-04 7.393199999999999772e-01 -6.733529999999999793e-01 -1.231000000000000106e-03
2.300000000000000000e+01 4.600000000000000000e+01 2.700000000000000000e+01 0.000000000000000000e+00 1.600000000000000089e+00 -5.010000000000000347e-04 2.226000000000000114e-03 -9.999970000000000248e-01 6.829020000000000090e-01 7.305089999999999639e-01 1.283999999999999985e-03 7.305099999999999927e-01 -6.828999999999999515e-01 -1.887000000000000005e-03
2.800000000000000000e+01 4.600000000000000000e+01 2.700000000000000000e+01 0.000000000000000000e+00 1.600000000000000089e+00 -1.129999999999999955e-04 -4.130000000000000099e-04 -1.000000000000000000e+00 6.787180000000000435e-01 7.343990000000000240e-01 -3.800000000000000209e-04 7.343990000000000240e-01 -6.787180000000000435e-01 1.979999999999999881e-04
2.300000000000000000e+01 4.600000000000000000e+01 3.000000000000000000e+01 0.000000000000000000e+00 1.600000000000000089e+00 -6.980000000000000527e-04 -6.650000000000000095e-04 -1.000000000000000000e+00 3.333189999999999764e-01 9.428140000000000409e-01 -8.589999999999999546e-04 9.428140000000000409e-01 -3.333189999999999764e-01 -4.369999999999999970e-04
4.000000000000000000e+00 5.800000000000000000e+01 3.100000000000000000e+01 0.000000000000000000e+00 1.600000000000000089e+00 -1.417000000000000074e-03 -4.061000000000000373e-03 9.999909999999999632e-01 -8.138579999999999703e-01 -5.810530000000000417e-01 -3.513000000000000064e-03 5.810619999999999674e-01 -8.138560000000000239e-01 -2.481999999999999831e-03
1.100000000000000000e+01 5.800000000000000000e+01 3.100000000000000000e+01 0.000000000000000000e+00 1.600000000000000089e+00 4.558000000000000419e-03 5.714999999999999594e-03 9.999730000000000008e-01 -8.143029999999999990e-01 -5.803979999999999695e-01 7.028999999999999658e-03 5.804219999999999935e-01 -8.143129999999999535e-01 2.008999999999999935e-03
1.500000000000000000e+01 5.800000000000000000e+01 3.100000000000000000e+01 0.000000000000000000e+00 1.600000000000000089e+00 4.793000000000000385e-03 1.312600000000000051e-02 9.999019999999999575e-01 -8.154280000000000417e-01 -5.787440000000000362e-01 1.150600000000000060e-02 5.788389999999999924e-01 -8.154040000000000177e-01 7.929000000000000284e-03
2.200000000000000000e+01 5.800000000000000000e+01 3.100000000000000000e+01 0.000000000000000000e+00 1.600000000000000089e+00 -1.629999999999999939e-03 -3.683000000000000076e-03 9.999919999999999920e-01 -8.147229999999999750e-01 -5.798400000000000221e-01 -3.462999999999999932e-03 5.798489999999999478e-01 -8.147219999999999462e-01 -2.054999999999999969e-03
2.700000000000000000e+01 5.800000000000000000e+01 3.100000000000000000e+01 0.000000000000000000e+00 1.600000000000000089e+00 1.283000000000000069e-03 -5.203000000000000159e-03 9.999860000000000415e-01 -8.105649999999999800e-01 -5.856449999999999712e-01 -2.007999999999999802e-03 5.856470000000000287e-01 -8.105510000000000215e-01 -4.968000000000000194e-03
2.400000000000000000e+01 6.000000000000000000e+00 3.200000000000000000e+01 0.000000000000000000e+00 1.600000000000000089e+00 -4.049999999999999781e-04 -4.212999999999999731e-03 -9.999909999999999632e-01 9.662800000000000555e-02 9.953119999999999745e-01 -4.231999999999999651e-03 9.953199999999999825e-01 -9.662900000000000655e-02 3.999999999999999819e-06
2.300000000000000000e+01 5.900000000000000000e+01 3.200000000000000000e+01 0.000000000000000000e+00 1.600000000000000089e+00 2.719999999999999979e-04 -3.710000000000000190e-04 1.000000000000000000e+00 -7.257379999999999942e-01 -6.879709999999999992e-01 -5.800000000000000034e-05 6.879709999999999992e-01 -7.257379999999999942e-01 -4.560000000000000251e-04
5.000000000000000000e+00 4.600000000000000000e+01 3.500000000000000000e+01 0.000000000000000000e+00 1.600000000000000089e+00 -1.369999999999999961e-04 -3.750000000000000078e-04 -1.000000000000000000e+00 3.923869999999999858e-01 -9.197999999999999510e-01 2.919999999999999961e-04 -9.197999999999999510e-01 -3.923869999999999858e-01 2.730000000000000222e-04
1.100000000000000000e+01 4.600000000000000000e+01 3.500000000000000000e+01 0.000000000000000000e+00 1.600000000000000089e+00 -2.020000000000000040e-04 3.319999999999999926e-04 -1.000000000000000000e+00 3.926490000000000258e-01 -9.196879999999999500e-01 -3.840000000000000097e-04 -9.196879999999999500e-01 -3.926499999999999990e-01 5.599999999999999916e-05
1.500000000000000000e+01 4.600000000000000000e+01 3.500000000000000000e+01 0.000000000000000000e+00 1.600000000000000089e+00 1.681999999999999901e-03 2.674999999999999861e-03 -9.999949999999999672e-01 3.924730000000000163e-01 -9.197619999999999685e-01 -1.799999999999999951e-03 -9.197619999999999685e-01 -3.924679999999999835e-01 -2.596999999999999916e-03
2.000000000000000000e+01 4.600000000000000000e+01 3.500000000000000000e+01 0.000000000000000000e+00 1.600000000000000089e+00 1.423000000000000003e-03 -7.820000000000000345e-04 -9.999989999999999712e-01 3.919309999999999738e-01 -9.199939999999999785e-01 1.278000000000000056e-03 -9.199929999999999497e-01 -3.919329999999999758e-01 -1.002000000000000069e-03
2.500000000000000000e+01 4.600000000000000000e+01 3.500000000000000000e+01 0.000000000000000000e+00 1.600000000000000089e+00 -8.859999999999999603e-04 3.471999999999999826e-03 -9.999940000000000495e-01 3.903949999999999920e-01 -9.206410000000000426e-01 -3.543000000000000142e-03 -9.206469999999999931e-01 -3.903960000000000208e-01 -5.400000000000000069e-04
1.100000000000000000e+01 9.500000000000000000e+01 3.600000000000000000e+01 0.000000000000000000e+00 1.600000000000000089e+00 6.368999999999999662e-03 1.936200000000000074e-02 9.997920000000000140e-01 9.968209999999999571e-01 7.927800000000000125e-02 -7.886000000000000648e-03 -7.941399999999999848e-02 9.966639999999999944e-01 -1.879600000000000021e-02
1.600000000000000000e+01 9.500000000000000000e+01 3.700000000000000000e+01 0.000000000000000000e+00 1.600000000000000089e+00 1.060499999999999984e-02 -4.399999999999999886e-05 9.999440000000000550e-01 9.947190000000000198e-01 1.020940000000000042e-01 -1.054500000000000055e-02 -1.020879999999999982e-01 9.947749999999999648e-01 1.126999999999999964e-03
1.000000000000000000e+01 2.900000000000000000e+01 4.400000000000000000e+01 0.000000000000000000e+00 1.600000000000000089e+00 -3.897999999999999989e-03 -3.312999999999999973e-03 -9.999869999999999592e-01 6.796699999999999964e-01 7.335009999999999586e-01 -5.080000000000000314e-03 7.335080000000000489e-01 -6.796809999999999796e-01 -6.070000000000000092e-04
1.700000000000000000e+01 2.900000000000000000e+01 4.400000000000000000e+01 0.000000000000000000e+00 1.600000000000000089e+00 -1.099999999999999971e-05 -1.405999999999999915e-03 -9.999989999999999712e-01 6.759739999999999638e-01 7.369250000000000522e-01 -1.043000000000000090e-03 7.369250000000000522e-01 -6.759730000000000461e-01 9.420000000000000205e-04
2.000000000000000000e+01 2.900000000000000000e+01 4.400000000000000000e+01 0.000000000000000000e+00 1.600000000000000089e+00 -2.699999999999999899e-05 1.905000000000000009e-03 -9.999980000000000535e-01 6.715400000000000258e-01 7.409670000000000423e-01 1.392999999999999924e-03 7.409679999999999600e-01 -6.715389999999999970e-01 -1.299000000000000024e-03
2.200000000000000000e+01 2.900000000000000000e+01 4.400000000000000000e+01 0.000000000000000000e+00 1.600000000000000089e+00 -6.679999999999999740e-04 3.030999999999999840e-03 -9.999949999999999672e-01 6.686389999999999834e-01 7.435850000000000515e-01 1.807000000000000012e-03 7.435869999999999980e-01 -6.686349999999999794e-01 -2.523000000000000069e-03
1.000000000000000000e+00 5.000000000000000000e+00 5.100000000000000000e+01 0.000000000000000000e+00 1.600000000000000089e+00 3.432000000000000155e-03 -9.909999999999999105e-04 -9.999940000000000495e-01 4.919549999999999756e-01 -8.706169999999999742e-01 2.550999999999999882e-03 -8.706139999999999990e-01 -4.919600000000000084e-01 -2.500000000000000052e-03
1.300000000000000000e+01 5.000000000000000000e+00 5.100000000000000000e+01 0.000000000000000000e+00 1.600000000000000089e+00 7.225999999999999784e-03 3.789999999999999966e-04 -9.999740000000000295e-01 4.823310000000000097e-01 -8.759839999999999849e-01 3.152999999999999987e-03 -8.759590000000000432e-01 -4.823410000000000197e-01 -6.512999999999999692e-03
2.100000000000000000e+01 5.000000000000000000e+00 5.100000000000000000e+01 0.000000000000000000e+00 1.600000000000000089e+00 -3.337000000000000122e-03 1.508999999999999925e-03 -9.999930000000000208e-01 4.840110000000000245e-01 -8.750569999999999737e-01 -2.935999999999999808e-03 -8.750550000000000272e-01 -4.840180000000000038e-01 2.190000000000000106e-03
2.600000000000000000e+01 5.000000000000000000e+00 5.100000000000000000e+01 0.000000000000000000e+00 1.600000000000000089e+00 -7.759999999999999971e-04 1.140000000000000063e-04 -1.000000000000000000e+00 4.861469999999999958e-01 -8.738770000000000149e-01 -4.769999999999999934e-04 -8.738770000000000149e-01 -4.861480000000000246e-01 6.220000000000000485e-04
2.900000000000000000e+01 6.000000000000000000e+00 5.100000000000000000e+01 0.000000000000000000e+00 1.600000000000000089e+00 -8.509999999999999769e-04 2.030000000000000120e-03 -9.999980000000000535e-01 3.209850000000000203e-01 -9.470819999999999794e-01 -2.196000000000000035e-03 -9.470840000000000369e-01 -3.209859999999999935e-01 1.550000000000000000e-04
2.000000000000000000e+01 1.150000000000000000e+02 5.100000000000000000e+01 0.000000000000000000e+00 1.600000000000000089e+00 -2.239999999999999966e-04 -6.551000000000000399e-03 9.999780000000000335e-01 8.454099999999999948e-01 -5.341080000000000272e-01 -3.310000000000000008e-03 5.341179999999999817e-01 8.453910000000000036e-01 5.657999999999999835e-03
4.000000000000000000e+00 6.300000000000000000e+01 5.400000000000000000e+01 0.000000000000000000e+00 1.600000000000000089e+00 4.539999999999999765e-04 1.371000000000000040e-03 9.999989999999999712e-01 -3.498539999999999983e-01 9.368039999999999701e-01 -1.126000000000000048e-03 -9.368039999999999701e-01 -3.498530000000000251e-01 9.049999999999999885e-04
1.400000000000000000e+01 6.300000000000000000e+01 5.400000000000000000e+01 0.000000000000000000e+00 1.600000000000000089e+00 1.613999999999999983e-03 4.169999999999999987e-04 9.999989999999999712e-01 -3.400679999999999814e-01 9.404010000000000424e-01 1.569999999999999944e-04 -9.404000000000000137e-01 -3.400679999999999814e-01 1.660000000000000017e-03
2.100000000000000000e+01 6.300000000000000000e+01 5.400000000000000000e+01 0.000000000000000000e+00 1.600000000000000089e+00 2.770000000000000110e-04 -1.720000000000000066e-04 1.000000000000000000e+00 -3.530249999999999777e-01 9.356139999999999457e-01 2.590000000000000071e-04 -9.356139999999999457e-01 -3.530249999999999777e-01 1.979999999999999881e-04
3.000000000000000000e+00 2.500000000000000000e+01 5.500000000000000000e+01 0.000000000000000000e+00 1.600000000000000089e+00 -3.980000000000000248e-04 1.248999999999999893e-03 -9.999989999999999712e-01 -1.234200000000000054e-02 -9.999230000000000063e-01 -1.244000000000000097e-03 -9.999240000000000350e-01 1.234099999999999954e-02 4.139999999999999800e-04
1.000000000000000000e+01 2.500000000000000000e+01 5.500000000000000000e+01 0.000000000000000000e+00 1.600000000000000089e+00 1.559999999999999972e-04 2.095000000000000074e-03 -9.999980000000000535e-01 -1.022900000000000025e-02 -9.999449999999999728e-01 -2.096000000000000207e-03 -9.999479999999999480e-01 1.022900000000000025e-02 -1.350000000000000017e-04
1.900000000000000000e+01 2.500000000000000000e+01 5.500000000000000000e+01 0.000000000000000000e+00 1.600000000000000089e+00 7.309999999999999875e-04 7.600000000000000418e-05 -1.000000000000000000e+00 -1.385400000000000000e-02 -9.999040000000000150e-01 -8.600000000000000331e-05 -9.999040000000000150e-01 1.385400000000000000e-02 -7.299999999999999632e-04
2.400000000000000000e+01 2.500000000000000000e+01 5.500000000000000000e+01 0.000000000000000000e+00 1.600000000000000089e+00 1.546000000000000065e-03 2.936999999999999941e-03 -9.999940000000000495e-01 -1.228199999999999951e-02 -9.999200000000000310e-01 -2.955999999999999860e-03 -9.999230000000000063e-01 1.228699999999999931e-02 -1.510000000000000057e-03
1.700000000000000000e+01 2.100000000000000000e+01 6.000000000000000000e+01 0.000000000000000000e+00 1.600000000000000089e+00 8.319999999999999488e-04 7.558999999999999747e-03 9.999710000000000543e-01 -9.639399999999999358e-02 9.953149999999999498e-01 -7.444000000000000096e-03 -9.953429999999999778e-01 -9.638499999999999845e-02 1.557000000000000007e-03
2.600000000000000000e+01 2.100000000000000000e+01 6.000000000000000000e+01 0.000000000000000000e+00 1.600000000000000089e+00 -5.280000000000000405e-04 -1.191999999999999917e-03 9.999989999999999712e-01 -9.769999999999999518e-02 9.952149999999999608e-01 1.134000000000000025e-03 -9.952159999999999895e-01 -9.769899999999999418e-02 -6.419999999999999925e-04
1.000000000000000000e+00 6.000000000000000000e+00 6.100000000000000000e+01 0.000000000000000000e+00 1.600000000000000089e+00 4.412000000000000123e-03 8.803000000000000061e-03 9.999510000000000343e-01 5.670889999999999542e-01 -8.236430000000000140e-01 4.747999999999999617e-03 8.236449999999999605e-01 5.670410000000000172e-01 -8.625999999999999987e-03
2.400000000000000000e+01 3.000000000000000000e+00 6.300000000000000000e+01 0.000000000000000000e+00 1.600000000000000089e+00 -5.310000000000000050e-04 2.246000000000000166e-03 9.999970000000000248e-01 -6.156340000000000146e-01 7.880300000000000082e-01 -2.096999999999999906e-03 -7.880319999999999547e-01 -6.156329999999999858e-01 9.640000000000000131e-04
1.000000000000000000e+00 2.700000000000000000e+01 6.300000000000000000e+01 0.000000000000000000e+00 1.600000000000000089e+00 -1.342000000000000094e-03 -5.596000000000000280e-03 9.999829999999999552e-01 -2.703729999999999745e-01 9.627430000000000154e-01 5.023999999999999820e-03 -9.627550000000000274e-01 -2.703619999999999912e-01 -2.805000000000000202e-03
9.000000000000000000e+00 2.700000000000000000e+01 6.300000000000000000e+01 0.000000000000000000e+00 1.600000000000000089e+00 3.629999999999999872e-04 -3.432999999999999854e-03 9.999940000000000495e-01 -2.718119999999999981e-01 9.623439999999999772e-01 3.403000000000000209e-03 -9.623500000000000387e-01 -2.718119999999999981e-01 -5.839999999999999922e-04
1.300000000000000000e+01 2.700000000000000000e+01 6.300000000000000000e+01 0.000000000000000000e+00 1.600000000000000089e+00 -9.529999999999999626e-04 2.919999999999999961e-04 9.999989999999999712e-01 -2.742859999999999743e-01 9.616479999999999473e-01 -5.419999999999999471e-04 -9.616479999999999473e-01 -2.742870000000000030e-01 -8.360000000000000460e-04
2.100000000000000000e+01 2.700000000000000000e+01 6.300000000000000000e+01 0.000000000000000000e+00 1.600000000000000089e+00 5.609999999999999752e-04 -1.144000000000000052e-03 9.999989999999999712e-01 -2.713729999999999754e-01 9.624730000000000230e-01 1.253999999999999906e-03 -9.624740000000000517e-01 -2.713729999999999754e-01 2.290000000000000098e-04
2.600000000000000000e+01 2.700000000000000000e+01 6.300000000000000000e+01 0.000000000000000000e+00 1.600000000000000089e+00 -1.199999999999999895e-03 9.619999999999999645e-04 9.999989999999999712e-01 -2.698960000000000248e-01 9.628889999999999949e-01 -1.250000000000000026e-03 -9.628889999999999949e-01 -2.698969999999999980e-01 -8.959999999999999866e-04
2.000000000000000000e+00 2.600000000000000000e+01 6.400000000000000000e+01 0.000000000000000000e+00 1.600000000000000089e+00 -2.400999999999999922e-03 -8.836999999999999370e-03 9.999580000000000135e-01 -3.538879999999999804e-01 9.352580000000000338e-01 7.415999999999999849e-03 -9.352850000000000330e-01 -3.538560000000000039e-01 -5.373000000000000172e-03
1.200000000000000000e+01 2.600000000000000000e+01 6.400000000000000000e+01 0.000000000000000000e+00 1.600000000000000089e+00 -2.959999999999999849e-04 1.070999999999999903e-03 9.999989999999999712e-01 -3.602600000000000247e-01 9.328509999999999858e-01 -1.105999999999999995e-03 -9.328520000000000145e-01 -3.602600000000000247e-01 1.100000000000000039e-04
1.700000000000000000e+01 2.600000000000000000e+01 6.400000000000000000e+01 0.000000000000000000e+00 1.600000000000000089e+00 4.739999999999999747e-04 5.150000000000000498e-04 1.000000000000000000e+00 -3.593000000000000083e-01 9.332219999999999960e-01 -3.099999999999999999e-04 -9.332219999999999960e-01 -3.593000000000000083e-01 6.269999999999999532e-04
2.000000000000000000e+01 2.600000000000000000e+01 6.400000000000000000e+01 0.000000000000000000e+00 1.600000000000000089e+00 6.329999999999999906e-04 -1.508000000000000009e-03 9.999989999999999712e-01 -3.559519999999999906e-01 9.345029999999999726e-01 1.634000000000000036e-03 -9.345040000000000013e-01 -3.559530000000000194e-01 5.399999999999999798e-05
2.300000000000000000e+01 2.600000000000000000e+01 6.400000000000000000e+01 0.000000000000000000e+00 1.600000000000000089e+00 -7.600000000000000418e-05 -1.977000000000000025e-03 9.999980000000000535e-01 -3.549629999999999730e-01 9.348790000000000155e-01 1.820999999999999919e-03 -9.348800000000000443e-01 -3.549619999999999997e-01 -7.730000000000000326e-04
1.600000000000000000e+01 6.900000000000000000e+01 6.600000000000000000e+01 0.000000000000000000e+00 1.600000000000000089e+00 -8.850000000000000444e-04 2.330000000000000040e-03 9.999970000000000248e-01 -9.517529999999999601e-01 3.068629999999999969e-01 -1.557999999999999923e-03 -3.068649999999999989e-01 -9.517510000000000137e-01 1.946000000000000030e-03
2.500000000000000000e+01 6.900000000000000000e+01 6.600000000000000000e+01 0.000000000000000000e+00 1.600000000000000089e+00 -1.196999999999999930e-03 7.039999999999999817e-04 9.999989999999999712e-01 -9.508360000000000145e-01 3.096909999999999941e-01 -1.356000000000000000e-03 -3.096920000000000228e-01 -9.508370000000000433e-01 2.979999999999999793e-04
1.600000000000000000e+01 2.500000000000000000e+01 7.300000000000000000e+01 0.000000000000000000e+00 1.600000000000000089e+00 -3.216999999999999808e-03 -7.207999999999999997e-03 9.999689999999999968e-01 7.380219999999999558e-01 -6.747720000000000384e-01 -2.488999999999999893e-03 6.747689999999999522e-01 7.379909999999999526e-01 7.490000000000000130e-03
2.200000000000000000e+01 2.500000000000000000e+01 7.300000000000000000e+01 0.000000000000000000e+00 1.600000000000000089e+00 -1.876000000000000063e-03 -4.403999999999999929e-03 9.999890000000000168e-01 7.349670000000000369e-01 -6.781009999999999538e-01 -1.608000000000000054e-03 6.781000000000000361e-01 7.349550000000000249e-01 4.507999999999999854e-03
1.000000000000000000e+00 4.400000000000000000e+01 7.300000000000000000e+01 0.000000000000000000e+00 1.600000000000000089e+00 -3.359999999999999814e-04 1.026000000000000002e-03 9.999989999999999712e-01 5.683699999999999863e-02 -9.983830000000000204e-01 1.044000000000000006e-03 9.983830000000000204e-01 5.683699999999999863e-02 2.770000000000000110e-04
8.000000000000000000e+00 4.400000000000000000e+01 7.300000000000000000e+01 0.000000000000000000e+00 1.600000000000000089e+00 2.860999999999999828e-03 3.429000000000000190e-03 9.999900000000000455e-01 5.422500000000000236e-02 -9.985230000000000494e-01 3.269000000000000204e-03 9.985249999999999959e-01 5.421499999999999930e-02 -3.043000000000000132e-03
1.100000000000000000e+01 4.400000000000000000e+01 7.300000000000000000e+01 0.000000000000000000e+00 1.600000000000000089e+00 1.665000000000000030e-03 2.507999999999999813e-03 9.999949999999999672e-01 5.442299999999999915e-02 -9.985150000000000414e-01 2.413999999999999913e-03 9.985169999999999879e-01 5.441900000000000209e-02 -1.799000000000000035e-03
1.600000000000000000e+01 4.400000000000000000e+01 7.300000000000000000e+01 0.000000000000000000e+00 1.600000000000000089e+00 -4.699999999999999859e-04 2.167000000000000089e-03 9.999980000000000535e-01 5.349799999999999695e-02 -9.985659999999999537e-01 2.188999999999999974e-03 9.985680000000000112e-01 5.349899999999999795e-02 3.530000000000000152e-04
2.000000000000000000e+01 4.400000000000000000e+01 7.300000000000000000e+01 0.000000000000000000e+00 1.600000000000000089e+00 -5.969999999999999829e-04 3.096999999999999927e-03 9.999949999999999672e-01 5.337299999999999683e-02 -9.985699999999999577e-01 3.124000000000000041e-03 9.985739999999999617e-01 5.337499999999999883e-02 4.310000000000000137e-04
2.300000000000000000e+01 4.400000000000000000e+01 7.300000000000000000e+01 0.000000000000000000e+00 1.600000000000000089e+00 -1.659999999999999963e-04 -1.891000000000000103e-03 9.999980000000000535e-01 5.434300000000000241e-02 -9.985209999999999919e-01 -1.879999999999999944e-03 9.985220000000000207e-01 5.434200000000000141e-02 2.680000000000000090e-04
2.800000000000000000e+01 4.400000000000000000e+01 7.300000000000000000e+01 0.000000000000000000e+00 1.600000000000000089e+00 -2.170000000000000054e-03 -2.168999999999999921e-03 9.999949999999999672e-01 5.369700000000000167e-02 -9.985549999999999704e-01 -2.050000000000000173e-03 9.985549999999999704e-01 5.369199999999999667e-02 2.282999999999999873e-03
8.000000000000000000e+00 2.500000000000000000e+01 7.400000000000000000e+01 0.000000000000000000e+00 1.600000000000000089e+00 2.043000000000000111e-03 1.620000000000000075e-04 9.999980000000000535e-01 8.346479999999999455e-01 -5.507819999999999938e-01 -1.616000000000000032e-03 5.507809999999999651e-01 8.346489999999999743e-01 -1.260000000000000052e-03
1.300000000000000000e+01 2.500000000000000000e+01 7.400000000000000000e+01 0.000000000000000000e+00 1.600000000000000089e+00 1.477999999999999930e-03 -6.029999999999999770e-03 9.999810000000000088e-01 8.276390000000000136e-01 -5.612420000000000186e-01 -4.608000000000000117e-03 5.612589999999999524e-01 8.276299999999999768e-01 4.160999999999999768e-03
1.700000000000000000e+01 2.500000000000000000e+01 7.400000000000000000e+01 0.000000000000000000e+00 1.600000000000000089e+00 -2.892000000000000039e-03 -7.137000000000000115e-03 9.999700000000000255e-01 8.222350000000000492e-01 -5.691460000000000408e-01 -1.683999999999999950e-03 5.691410000000000080e-01 8.222049999999999637e-01 7.513999999999999846e-03
