1.000000000000000000e+01 2.500000000000000000e+01 1.000000000000000000e+00 0.000000000000000000e+00 1.600000000000000089e+00 -2.150000000000000001e-03 -7.908000000000000099e-03 -9.999660000000000215e-01 -5.211740000000000261e-01 -8.534140000000000059e-01 7.868999999999999259e-03 -8.534479999999999844e-01 5.211740000000000261e-01 -2.286999999999999970e-03
7.000000000000000000e+00 1.800000000000000000e+01 3.000000000000000000e+00 0.000000000000000000e+00 1.600000000000000089e+00 9.180000000000000659e-03 8.047000000000000333e-03 -9.999249999999999527e-01 -7.770029999999999992e-01 -6.293790000000000218e-01 -1.219899999999999977e-02 -6.294309999999999627e-01 7.770569999999999977e-01 4.749999999999999990e-04
1.100000000000000000e+01 2.100000000000000000e+01 4.000000000000000000e+00 0.000000000000000000e+00 1.600000000000000089e+00 -1.046000000000000055e-03 -3.350000000000000113e-04 -9.999989999999999712e-01 -6.566290000000000182e-01 -7.542130000000000223e-01 9.389999999999999476e-04 -7.542130000000000223e-01 6.566290000000000182e-01 5.689999999999999529e-04
1.400000000000000000e+01 2.100000000000000000e+01 4.000000000000000000e+00 0.000000000000000000e+00 1.600000000000000089e+00 -2.005999999999999971e-03 2.773999999999999990e-03 -9.999940000000000495e-01 -6.573539999999999939e-01 -7.535809999999999453e-01 -7.720000000000000083e-04 -7.535789999999999988e-01 6.573489999999999611e-01 3.334999999999999857e-03
1.000000000000000000e+01 1.010000000000000000e+02 7.000000000000000000e+00 0.000000000000000000e+00 1.600000000000000089e+00 6.459000000000000331e-03 2.935000000000000109e-02 9.995479999999999920e-01 8.854030000000000511e-01 4.644220000000000015e-01 -1.935900000000000121e-02 -4.647800000000000264e-01 8.851280000000000259e-01 -2.298700000000000049e-02
1.800000000000000000e+01 1.010000000000000000e+02 7.000000000000000000e+00 0.000000000000000000e+00 1.600000000000000089e+00 -8.459999999999999638e-04 2.505999999999999981e-03 9.999970000000000248e-01 8.905859999999999888e-01 4.548139999999999961e-01 -3.860000000000000041e-04 -4.548130000000000228e-01 8.905830000000000135e-01 -2.616999999999999969e-03
4.000000000000000000e+00 2.500000000000000000e+01 8.000000000000000000e+00 0.000000000000000000e+00 1.600000000000000089e+00 7.336999999999999772e-03 -2.819199999999999831e-02 -9.995760000000000201e-01 4.416209999999999858e-01 8.969310000000000338e-01 -2.205599999999999922e-02 8.971719999999999695e-01 -4.412719999999999976e-01 1.903099999999999931e-02
8.000000000000000000e+00 2.500000000000000000e+01 8.000000000000000000e+00 0.000000000000000000e+00 1.600000000000000089e+00 1.662999999999999982e-03 -2.091399999999999856e-02 -9.997800000000000020e-01 4.406990000000000074e-01 8.974739999999999940e-01 -1.804100000000000148e-02 8.976539999999999520e-01 -4.405720000000000192e-01 1.070899999999999977e-02
1.800000000000000000e+01 2.500000000000000000e+01 8.000000000000000000e+00 0.000000000000000000e+00 1.600000000000000089e+00 -5.800000000000000034e-05 1.744700000000000070e-02 -9.998479999999999590e-01 4.423889999999999767e-01 8.966870000000000118e-01 1.562099999999999947e-02 8.968230000000000368e-01 -4.423210000000000197e-01 -7.769999999999999997e-03
2.300000000000000000e+01 2.500000000000000000e+01 8.000000000000000000e+00 0.000000000000000000e+00 1.600000000000000089e+00 -4.490000000000000176e-04 5.372000000000000039e-03 -9.999850000000000128e-01 4.421900000000000275e-01 8.969099999999999850e-01 4.619999999999999975e-03 8.969219999999999970e-01 -4.421809999999999907e-01 -2.778000000000000087e-03
2.800000000000000000e+01 2.500000000000000000e+01 8.000000000000000000e+00 0.000000000000000000e+00 1.600000000000000089e+00 1.871000000000000050e-03 2.895000000000000004e-03 -9.999940000000000495e-01 4.398159999999999847e-01 8.980810000000000182e-01 3.422999999999999828e-03 8.980860000000000509e-01 -4.398199999999999887e-01 4.070000000000000267e-04
3.000000000000000000e+00 2.400000000000000000e+01 9.000000000000000000e+00 0.000000000000000000e+00 1.600000000000000089e+00 4.577999999999999604e-03 -7.437000000000000034e-03 -9.999620000000000175e-01 4.445709999999999940e-01 8.957310000000000549e-01 -4.625999999999999904e-03 8.957319999999999727e-01 -4.445330000000000115e-01 7.407000000000000389e-03
9.000000000000000000e+00 2.400000000000000000e+01 9.000000000000000000e+00 0.000000000000000000e+00 1.600000000000000089e+00 7.219999999999999855e-04 -1.375400000000000060e-02 -9.999050000000000438e-01 4.459420000000000051e-01 8.949820000000000553e-01 -1.198800000000000039e-02 8.950620000000000243e-01 -4.458909999999999818e-01 6.779999999999999569e-03
1.600000000000000000e+01 2.400000000000000000e+01 9.000000000000000000e+00 0.000000000000000000e+00 1.600000000000000089e+00 2.151999999999999833e-03 7.442999999999999963e-03 -9.999700000000000255e-01 4.497780000000000111e-01 8.931080000000000130e-01 7.615000000000000241e-03 8.931379999999999875e-01 -4.497809999999999864e-01 -1.425999999999999967e-03
2.000000000000000000e+01 2.400000000000000000e+01 9.000000000000000000e+00 0.000000000000000000e+00 1.600000000000000089e+00 -2.262000000000000122e-03 2.015399999999999830e-02 -9.997939999999999605e-01 4.489130000000000065e-01 8.934140000000000414e-01 1.699399999999999869e-02 8.935720000000000329e-01 -4.487829999999999875e-01 -1.106799999999999971e-02
2.800000000000000000e+01 2.400000000000000000e+01 9.000000000000000000e+00 0.000000000000000000e+00 1.600000000000000089e+00 2.422000000000000108e-03 4.176000000000000024e-03 -9.999879999999999880e-01 4.463710000000000178e-01 8.948350000000000470e-01 4.817000000000000101e-03 8.948450000000000015e-01 -4.463770000000000238e-01 3.029999999999999924e-04
1.600000000000000000e+01 3.500000000000000000e+01 1.200000000000000000e+01 0.000000000000000000e+00 1.600000000000000089e+00 1.459999999999999981e-04 -1.103000000000000031e-03 -9.999989999999999712e-01 4.042959999999999887e-01 -9.146279999999999966e-01 1.067999999999999939e-03 -9.146279999999999966e-01 -4.042959999999999887e-01 3.130000000000000187e-04
2.200000000000000000e+01 3.500000000000000000e+01 1.200000000000000000e+01 0.000000000000000000e+00 1.600000000000000089e+00 1.075999999999999917e-03 4.911999999999999700e-03 -9.999869999999999592e-01 4.029269999999999796e-01 -9.152230000000000087e-01 -4.061999999999999639e-03 -9.152310000000000167e-01 -4.029179999999999984e-01 -2.964000000000000055e-03
2.600000000000000000e+01 3.500000000000000000e+01 1.200000000000000000e+01 0.000000000000000000e+00 1.600000000000000089e+00 -2.622999999999999898e-03 3.082999999999999803e-03 -9.999919999999999920e-01 4.100570000000000048e-01 -9.120509999999999451e-01 -3.886999999999999830e-03 -9.120559999999999778e-01 -4.100639999999999841e-01 1.128000000000000096e-03
3.000000000000000000e+01 3.500000000000000000e+01 1.200000000000000000e+01 0.000000000000000000e+00 1.600000000000000089e+00 -3.537000000000000213e-03 3.812999999999999983e-03 -9.999860000000000415e-01 4.203999999999999959e-01 -9.073250000000000481e-01 -4.945999999999999876e-03 -9.073320000000000274e-01 -4.204120000000000079e-01 1.606999999999999922e-03
2.700000000000000000e+01 3.200000000000000000e+01 1.400000000000000000e+01 0.000000000000000000e+00 1.600000000000000089e+00 8.970000000000000109e-04 5.590000000000000351e-04 -9.999989999999999712e-01 1.228550000000000059e-01 9.924239999999999728e-01 6.650000000000000095e-04 9.924239999999999728e-01 -1.228550000000000059e-01 8.210000000000000067e-04
6.000000000000000000e+00 1.300000000000000000e+01 1.600000000000000000e+01 0.000000000000000000e+00 1.600000000000000089e+00 8.450000000000000479e-04 5.228100000000000108e-02 9.986319999999999641e-01 1.214340000000000003e-01 -9.912469999999999892e-01 5.179199999999999776e-02 9.925990000000000091e-01 1.212239999999999984e-01 -7.185999999999999679e-03
1.000000000000000000e+01 1.300000000000000000e+01 1.600000000000000000e+01 0.000000000000000000e+00 1.600000000000000089e+00 9.200000000000000278e-04 3.732800000000000007e-02 9.993030000000000523e-01 1.115619999999999945e-01 -9.930689999999999795e-01 3.699299999999999811e-02 9.937570000000000014e-01 1.114509999999999945e-01 -5.078000000000000048e-03
2.000000000000000000e+01 1.300000000000000000e+01 1.600000000000000000e+01 0.000000000000000000e+00 1.600000000000000089e+00 2.197000000000000168e-03 -2.064300000000000163e-02 9.997840000000000060e-01 1.174930000000000002e-01 -9.928569999999999895e-01 -2.075799999999999867e-02 9.930710000000000370e-01 1.175130000000000063e-01 2.439999999999999949e-04
2.700000000000000000e+01 1.300000000000000000e+01 1.600000000000000000e+01 0.000000000000000000e+00 1.600000000000000089e+00 5.938999999999999835e-03 -5.294800000000000201e-02 9.985800000000000232e-01 1.373109999999999886e-01 -9.890949999999999465e-01 -5.326199999999999685e-02 9.905100000000000016e-01 1.374329999999999996e-01 1.396000000000000105e-03
1.200000000000000000e+01 2.000000000000000000e+00 1.900000000000000000e+01 0.000000000000000000e+00 1.600000000000000089e+00 -5.140999999999999737e-03 5.772000000000000221e-03 -9.999700000000000255e-01 2.841779999999999862e-01 -9.587459999999999871e-01 -6.995000000000000349e-03 -9.587579999999999991e-01 -2.842060000000000142e-01 3.288999999999999823e-03
2.200000000000000000e+01 2.000000000000000000e+00 1.900000000000000000e+01 0.000000000000000000e+00 1.600000000000000089e+00 2.226999999999999813e-03 -9.067999999999999672e-03 -9.999559999999999560e-01 2.906850000000000267e-01 -9.567729999999999846e-01 9.324000000000000690e-03 -9.568159999999999998e-01 -2.906929999999999792e-01 5.060000000000000478e-04
4.000000000000000000e+00 3.000000000000000000e+00 1.900000000000000000e+01 0.000000000000000000e+00 1.600000000000000089e+00 -7.218999999999999723e-03 2.145000000000000032e-02 -9.997439999999999660e-01 3.191620000000000013e-01 -9.474299999999999944e-01 -2.263199999999999934e-02 -9.476729999999999876e-01 -3.192429999999999990e-01 -6.999999999999999895e-06
7.000000000000000000e+00 3.000000000000000000e+00 1.900000000000000000e+01 0.000000000000000000e+00 1.600000000000000089e+00 -4.290000000000000410e-03 1.984999999999999959e-02 -9.997939999999999605e-01 3.132860000000000089e-01 -9.494439999999999547e-01 -2.019400000000000014e-02 -9.496489999999999654e-01 -3.133079999999999754e-01 -2.145999999999999904e-03
1.700000000000000000e+01 3.000000000000000000e+00 1.900000000000000000e+01 0.000000000000000000e+00 1.600000000000000089e+00 -8.600000000000000331e-05 4.809999999999999823e-04 -1.000000000000000000e+00 3.037509999999999932e-01 -9.527510000000000145e-01 -4.840000000000000010e-04 -9.527510000000000145e-01 -3.037509999999999932e-01 -6.499999999999999431e-05
2.600000000000000000e+01 3.000000000000000000e+00 1.900000000000000000e+01 0.000000000000000000e+00 1.600000000000000089e+00 7.736999999999999954e-03 -1.559900000000000002e-02 -9.998479999999999590e-01 3.222280000000000144e-01 -9.465050000000000407e-01 1.726000000000000104e-02 -9.466310000000000002e-01 -3.223119999999999874e-01 -2.296999999999999997e-03
5.000000000000000000e+00 4.000000000000000000e+00 2.000000000000000000e+01 0.000000000000000000e+00 1.600000000000000089e+00 -6.061000000000000415e-03 2.064500000000000016e-02 -9.997679999999999900e-01 4.247779999999999889e-01 -9.050479999999999636e-01 -2.126400000000000165e-02 -9.052769999999999984e-01 -4.248080000000000189e-01 -3.285000000000000159e-03
8.000000000000000000e+00 4.000000000000000000e+00 2.000000000000000000e+01 0.000000000000000000e+00 1.600000000000000089e+00 -4.526999999999999774e-03 1.817900000000000071e-02 -9.998249999999999638e-01 4.246070000000000122e-01 -9.051909999999999679e-01 -1.838100000000000150e-02 -9.053660000000000041e-01 -4.246159999999999934e-01 -3.621000000000000087e-03
1.700000000000000000e+01 4.000000000000000000e+00 2.000000000000000000e+01 0.000000000000000000e+00 1.600000000000000089e+00 6.480000000000000300e-04 2.510000000000000078e-03 -9.999970000000000248e-01 4.280329999999999968e-01 -9.037610000000000365e-01 -1.991000000000000148e-03 -9.037629999999999830e-01 -4.280300000000000216e-01 -1.660000000000000017e-03
2.000000000000000000e+01 4.000000000000000000e+00 2.000000000000000000e+01 0.000000000000000000e+00 1.600000000000000089e+00 2.622999999999999898e-03 -5.105000000000000163e-03 -9.999839999999999840e-01 4.304430000000000200e-01 -9.025999999999999579e-01 5.736999999999999912e-03 -9.026140000000000274e-01 -4.304509999999999725e-01 -1.700000000000000122e-04
2.600000000000000000e+01 4.000000000000000000e+00 2.000000000000000000e+01 0.000000000000000000e+00 1.600000000000000089e+00 6.917999999999999670e-03 -1.671600000000000169e-02 -9.998359999999999470e-01 4.348460000000000103e-01 -9.003240000000000132e-01 1.806100000000000066e-02 -9.004780000000000006e-01 -4.349000000000000088e-01 1.039999999999999909e-03
3.000000000000000000e+00 1.300000000000000000e+01 2.000000000000000000e+01 0.000000000000000000e+00 1.600000000000000089e+00 -9.380000000000000317e-04 -2.671999999999999896e-03 9.999959999999999960e-01 2.970949999999999980e-01 9.548440000000000261e-01 2.830000000000000050e-03 -9.548470000000000013e-01 2.970960000000000267e-01 -1.019999999999999992e-04
7.000000000000000000e+00 1.300000000000000000e+01 2.000000000000000000e+01 0.000000000000000000e+00 1.600000000000000089e+00 -9.560000000000000355e-04 2.207000000000000194e-03 9.999970000000000248e-01 3.042030000000000012e-01 9.526059999999999528e-01 -1.810999999999999893e-03 -9.526069999999999816e-01 3.042000000000000259e-01 -1.582000000000000073e-03
1.600000000000000000e+01 1.300000000000000000e+01 2.000000000000000000e+01 0.000000000000000000e+00 1.600000000000000089e+00 -5.550000000000000462e-04 1.366000000000000027e-03 9.999989999999999712e-01 3.126900000000000235e-01 9.498539999999999761e-01 -1.123999999999999999e-03 -9.498550000000000049e-01 3.126889999999999947e-01 -9.550000000000000112e-04
2.200000000000000000e+01 1.300000000000000000e+01 2.000000000000000000e+01 0.000000000000000000e+00 1.600000000000000089e+00 -5.300000000000000078e-05 4.605999999999999851e-03 9.999890000000000168e-01 3.102599999999999802e-01 9.506419999999999870e-01 -4.362000000000000426e-03 -9.506520000000000525e-01 3.102570000000000050e-01 -1.479000000000000063e-03
2.700000000000000000e+01 1.300000000000000000e+01 2.000000000000000000e+01 0.000000000000000000e+00 1.600000000000000089e+00 1.859999999999999945e-04 8.144000000000000197e-03 9.999670000000000503e-01 3.058069999999999955e-01 9.520610000000000461e-01 -7.811000000000000235e-03 -9.520929999999999671e-01 3.057980000000000143e-01 -2.314000000000000085e-03
1.100000000000000000e+01 1.400000000000000000e+01 2.000000000000000000e+01 0.000000000000000000e+00 1.600000000000000089e+00 2.300000000000000002e-05 1.703000000000000087e-03 9.999989999999999712e-01 2.671819999999999751e-01 9.636449999999999738e-01 -1.647000000000000026e-03 -9.636460000000000026e-01 2.671819999999999751e-01 -4.330000000000000081e-04
1.100000000000000000e+01 1.600000000000000000e+01 2.100000000000000000e+01 0.000000000000000000e+00 1.600000000000000089e+00 4.910000000000000085e-04 7.257000000000000429e-03 9.999740000000000295e-01 3.035459999999999825e-01 9.527910000000000545e-01 -7.063999999999999967e-03 -9.528170000000000250e-01 3.035410000000000053e-01 -1.734999999999999997e-03
1.600000000000000000e+01 1.600000000000000000e+01 2.100000000000000000e+01 0.000000000000000000e+00 1.600000000000000089e+00 -1.124999999999999915e-03 1.620000000000000075e-04 9.999989999999999712e-01 3.043219999999999814e-01 9.525689999999999991e-01 1.890000000000000133e-04 -9.525689999999999991e-01 3.043219999999999814e-01 -1.121000000000000035e-03
2.300000000000000000e+01 1.600000000000000000e+01 2.100000000000000000e+01 0.000000000000000000e+00 1.600000000000000089e+00 3.809999999999999910e-04 -2.582000000000000094e-03 9.999970000000000248e-01 3.081329999999999902e-01 9.513399999999999634e-01 2.338999999999999933e-03 -9.513430000000000497e-01 3.081309999999999882e-01 1.157999999999999958e-03
1.000000000000000000e+00 4.200000000000000000e+01 2.300000000000000000e+01 0.000000000000000000e+00 1.600000000000000089e+00 6.349939999999999474e-01 7.720489999999999853e-01 2.688899999999999971e-02 7.545619999999999550e-01 -6.273199999999999887e-01 1.926259999999999917e-01 1.655840000000000090e-01 -1.020270000000000066e-01 -9.809039999999999981e-01
3.000000000000000000e+00 3.000000000000000000e+00 2.500000000000000000e+01 0.000000000000000000e+00 1.600000000000000089e+00 -4.669999999999999672e-03 2.080299999999999858e-02 9.997730000000000228e-01 -1.495299999999999928e-02 -9.996730000000000338e-01 2.073099999999999943e-02 9.998770000000000158e-01 -1.485200000000000062e-02 4.978999999999999919e-03
1.000000000000000000e+01 4.200000000000000000e+01 2.500000000000000000e+01 0.000000000000000000e+00 1.600000000000000089e+00 1.359400000000000018e-02 -6.688370000000000148e-01 7.432839999999999447e-01 -4.466129999999999822e-01 6.610219999999999985e-01 6.029820000000000180e-01 -8.946239999999999748e-01 -3.401569999999999871e-01 -2.897250000000000103e-01
1.600000000000000000e+01 4.600000000000000000e+01 2.700000000000000000e+01 0.000000000000000000e+00 1.600000000000000089e+00 -3.426999999999999925e-03 8.559999999999999901e-04 -9.999940000000000495e-01 6.811800000000000077e-01 7.321140000000000425e-01 -1.708000000000000100e-03 7.321079999999999810e-01 -6.811810000000000365e-01 -3.092000000000000130e-03
1.100000000000000000e+01 3.900000000000000000e+01 2.900000000000000000e+01 0.000000000000000000e+00 1.600000000000000089e+00 -1.621680000000000066e-01 -9.313320000000000487e-01 3.260700000000000265e-01 5.397769999999999513e-01 -3.603469999999999729e-01 -7.607829999999999870e-01 8.260399999999999965e-01 5.263000000000000317e-02 5.611490000000000089e-01
2.000000000000000000e+01 4.600000000000000000e+01 3.000000000000000000e+01 0.000000000000000000e+00 1.600000000000000089e+00 -5.099999999999999960e-05 4.960000000000000216e-04 -1.000000000000000000e+00 3.284369999999999790e-01 9.445259999999999767e-01 4.510000000000000120e-04 9.445259999999999767e-01 -3.284369999999999790e-01 -2.110000000000000059e-04
2.500000000000000000e+01 4.600000000000000000e+01 3.000000000000000000e+01 0.000000000000000000e+00 1.600000000000000089e+00 -1.379999999999999933e-04 -1.680000000000000070e-03 -9.999989999999999712e-01 3.295779999999999821e-01 9.441270000000000495e-01 -1.631999999999999987e-03 9.441279999999999673e-01 -3.295779999999999821e-01 4.229999999999999819e-04
5.000000000000000000e+00 5.800000000000000000e+01 3.100000000000000000e+01 0.000000000000000000e+00 1.600000000000000089e+00 7.143000000000000044e-03 7.964000000000000593e-03 9.999430000000000263e-01 -7.958049999999999846e-01 -6.054610000000000269e-01 1.050700000000000071e-02 6.055099999999999927e-01 -7.958349999999999591e-01 2.013000000000000032e-03
1.200000000000000000e+01 5.800000000000000000e+01 3.100000000000000000e+01 0.000000000000000000e+00 1.600000000000000089e+00 5.689999999999999529e-04 8.505999999999999672e-03 9.999639999999999640e-01 -8.015510000000000135e-01 -5.979010000000000158e-01 5.542000000000000051e-03 5.979259999999999575e-01 -8.015250000000000430e-01 6.478000000000000251e-03
1.500000000000000000e+01 5.800000000000000000e+01 3.100000000000000000e+01 0.000000000000000000e+00 1.600000000000000089e+00 -8.220000000000000310e-04 -4.699999999999999724e-05 1.000000000000000000e+00 -8.001160000000000494e-01 -5.998459999999999903e-01 -6.859999999999999779e-04 5.998449999999999616e-01 -8.001160000000000494e-01 4.560000000000000251e-04
2.200000000000000000e+01 5.800000000000000000e+01 3.100000000000000000e+01 0.000000000000000000e+00 1.600000000000000089e+00 -2.004000000000000139e-03 -1.796999999999999986e-03 9.999959999999999960e-01 -8.010000000000000453e-01 -5.986590000000000522e-01 -2.680999999999999790e-03 5.986620000000000275e-01 -8.010019999999999918e-01 -2.400000000000000061e-04
2.500000000000000000e+01 5.800000000000000000e+01 3.100000000000000000e+01 0.000000000000000000e+00 1.600000000000000089e+00 -1.773999999999999969e-03 -7.870000000000000476e-04 9.999980000000000535e-01 -8.009939999999999838e-01 -5.986690000000000067e-01 -1.892000000000000019e-03 5.986700000000000355e-01 -8.009960000000000413e-01 4.319999999999999838e-04
3.000000000000000000e+01 5.800000000000000000e+01 3.100000000000000000e+01 0.000000000000000000e+00 1.600000000000000089e+00 3.628999999999999847e-03 -8.529999999999999388e-03 9.999569999999999848e-01 -8.014940000000000397e-01 -5.979989999999999473e-01 -2.191999999999999938e-03 5.979919999999999680e-01 -8.014510000000000245e-01 -9.006999999999999382e-03
6.000000000000000000e+00 2.300000000000000000e+01 3.400000000000000000e+01 0.000000000000000000e+00 1.600000000000000089e+00 9.150000000000000147e-04 6.644999999999999865e-03 9.999770000000000048e-01 3.970049999999999968e-01 -9.177980000000000027e-01 5.734999999999999647e-03 9.178159999999999652e-01 3.969909999999999828e-01 -3.478000000000000189e-03
1.000000000000000000e+01 2.300000000000000000e+01 3.400000000000000000e+01 0.000000000000000000e+00 1.600000000000000089e+00 3.576000000000000185e-03 2.030000000000000120e-03 9.999919999999999920e-01 3.981169999999999987e-01 -9.173339999999999828e-01 4.380000000000000213e-04 9.173280000000000323e-01 3.981120000000000214e-01 -4.088999999999999753e-03
1.200000000000000000e+01 4.600000000000000000e+01 3.500000000000000000e+01 0.000000000000000000e+00 1.600000000000000089e+00 -6.413000000000000297e-03 -1.596069999999999989e-01 -9.871600000000000374e-01 3.834890000000000243e-01 -9.120949999999999891e-01 1.449789999999999968e-01 -9.235229999999999828e-01 -3.776349999999999985e-01 6.705600000000000449e-02
1.700000000000000000e+01 4.600000000000000000e+01 3.500000000000000000e+01 0.000000000000000000e+00 1.600000000000000089e+00 3.780000000000000265e-04 5.793000000000000406e-03 -9.999829999999999552e-01 3.907809999999999895e-01 -9.204689999999999817e-01 -5.185000000000000372e-03 -9.204839999999999689e-01 -3.907720000000000082e-01 -2.612000000000000172e-03
2.100000000000000000e+01 4.600000000000000000e+01 3.500000000000000000e+01 0.000000000000000000e+00 1.600000000000000089e+00 -1.547999999999999897e-03 7.191000000000000343e-03 -9.999730000000000008e-01 3.914850000000000274e-01 -9.201559999999999739e-01 -7.223000000000000254e-03 -9.201829999999999732e-01 -3.914860000000000007e-01 -1.389999999999999960e-03
2.800000000000000000e+01 4.600000000000000000e+01 3.500000000000000000e+01 0.000000000000000000e+00 1.600000000000000089e+00 4.560000000000000251e-04 -7.425000000000000176e-03 -9.999719999999999720e-01 3.905429999999999735e-01 -9.205579999999999874e-01 7.013000000000000136e-03 -9.205849999999999866e-01 -3.905350000000000210e-01 2.480000000000000000e-03
1.000000000000000000e+00 3.200000000000000000e+01 3.600000000000000000e+01 0.000000000000000000e+00 1.600000000000000089e+00 1.045689999999999953e-01 5.874779999999999447e-01 -8.024559999999999471e-01 6.236500000000000377e-01 5.897820000000000285e-01 5.130479999999999485e-01 7.746779999999999777e-01 -5.541000000000000369e-01 -3.047079999999999789e-01
6.000000000000000000e+00 9.500000000000000000e+01 3.600000000000000000e+01 0.000000000000000000e+00 1.600000000000000089e+00 -2.112999999999999861e-03 -4.610500000000000015e-02 9.989339999999999886e-01 9.984380000000000477e-01 5.567300000000000026e-02 4.682000000000000398e-03 -5.582999999999999768e-02 9.973840000000000483e-01 4.591599999999999848e-02
2.000000000000000000e+00 3.100000000000000000e+01 3.700000000000000000e+01 0.000000000000000000e+00 1.600000000000000089e+00 9.902600000000000291e-02 6.598420000000000396e-01 -7.448510000000000408e-01 6.578439999999999843e-01 5.182139999999999525e-01 5.465299999999999603e-01 7.466159999999999464e-01 -5.441169999999999618e-01 -3.827559999999999851e-01
7.000000000000000000e+00 9.500000000000000000e+01 3.700000000000000000e+01 0.000000000000000000e+00 1.600000000000000089e+00 1.002999999999999985e-03 -2.519100000000000159e-02 9.996819999999999595e-01 9.972710000000000186e-01 7.382600000000000273e-02 8.599999999999999789e-04 -7.382400000000000073e-02 9.969529999999999781e-01 2.519700000000000065e-02
6.000000000000000000e+00 5.000000000000000000e+01 4.200000000000000000e+01 0.000000000000000000e+00 1.600000000000000089e+00 -4.036029999999999895e-01 8.486160000000000370e-01 -3.419869999999999854e-01 -5.390589999999999549e-01 8.146000000000000463e-02 8.383190000000000364e-01 7.392699999999999827e-01 5.226990000000000247e-01 4.245769999999999822e-01
6.000000000000000000e+00 5.100000000000000000e+01 4.300000000000000000e+01 0.000000000000000000e+00 1.600000000000000089e+00 -3.031309999999999838e-01 8.390579999999999705e-01 -4.517660000000000009e-01 -5.070839999999999792e-01 2.593570000000000042e-01 8.219490000000000407e-01 8.068319999999999936e-01 4.782420000000000004e-01 3.468539999999999957e-01
3.000000000000000000e+00 2.900000000000000000e+01 4.400000000000000000e+01 0.000000000000000000e+00 1.600000000000000089e+00 1.452200000000000019e-02 2.061500000000000138e-02 -9.996819999999999595e-01 7.416920000000000179e-01 6.702900000000000524e-01 2.459700000000000081e-02 6.705830000000000402e-01 -7.418129999999999447e-01 -5.556000000000000175e-03
1.400000000000000000e+01 2.900000000000000000e+01 4.400000000000000000e+01 0.000000000000000000e+00 1.600000000000000089e+00 5.807999999999999795e-03 1.019100000000000041e-02 -9.999310000000000143e-01 6.965160000000000240e-01 7.174509999999999499e-01 1.135800000000000004e-02 7.175179999999999891e-01 -6.965339999999999865e-01 -2.931000000000000012e-03
1.800000000000000000e+01 2.900000000000000000e+01 4.400000000000000000e+01 0.000000000000000000e+00 1.600000000000000089e+00 -7.370000000000000249e-04 4.722999999999999768e-03 -9.999890000000000168e-01 6.600030000000000063e-01 7.512569999999999526e-01 3.062000000000000052e-03 7.512630000000000141e-01 -6.599930000000000518e-01 -3.670999999999999784e-03
2.200000000000000000e+01 2.900000000000000000e+01 4.400000000000000000e+01 0.000000000000000000e+00 1.600000000000000089e+00 -1.347000000000000107e-03 2.017000000000000130e-03 -9.999970000000000248e-01 6.544870000000000410e-01 7.560729999999999951e-01 6.440000000000000412e-04 7.560719999999999663e-01 -6.544839999999999547e-01 -2.337999999999999801e-03
2.600000000000000000e+01 2.900000000000000000e+01 4.400000000000000000e+01 0.000000000000000000e+00 1.600000000000000089e+00 1.631000000000000071e-03 2.364000000000000216e-03 -9.999959999999999960e-01 6.590730000000000199e-01 7.520740000000000203e-01 2.853000000000000067e-03 7.520780000000000243e-01 -6.590749999999999664e-01 -3.310000000000000225e-04
1.700000000000000000e+01 6.500000000000000000e+01 4.600000000000000000e+01 0.000000000000000000e+00 1.600000000000000089e+00 1.572999999999999962e-03 7.669999999999999951e-04 9.999980000000000535e-01 6.806149999999999700e-01 -7.326409999999999867e-01 -5.090000000000000123e-04 7.326390000000000402e-01 6.806149999999999700e-01 -1.675000000000000057e-03
1.600000000000000000e+01 7.000000000000000000e+01 4.700000000000000000e+01 0.000000000000000000e+00 1.600000000000000089e+00 1.899999999999999996e-03 5.416999999999999940e-03 -9.999839999999999840e-01 -8.362640000000000073e-01 -5.483090000000000463e-01 -4.558999999999999685e-03 -5.483240000000000336e-01 8.362579999999999458e-01 3.488000000000000215e-03
4.000000000000000000e+00 2.900000000000000000e+01 4.800000000000000000e+01 0.000000000000000000e+00 1.600000000000000089e+00 2.974000000000000081e-03 7.822999999999999399e-02 9.969310000000000116e-01 3.553439999999999932e-01 9.317879999999999496e-01 -7.417899999999999494e-02 -9.347309999999999786e-01 3.544740000000000113e-01 -2.502800000000000163e-02
9.000000000000000000e+00 2.900000000000000000e+01 4.800000000000000000e+01 0.000000000000000000e+00 1.600000000000000089e+00 3.268000000000000071e-03 -5.706000000000000134e-03 9.999780000000000335e-01 3.748870000000000258e-01 9.270610000000000239e-01 4.063999999999999904e-03 -9.270650000000000279e-01 3.748659999999999770e-01 5.168999999999999984e-03
1.400000000000000000e+01 2.900000000000000000e+01 4.800000000000000000e+01 0.000000000000000000e+00 1.600000000000000089e+00 -2.688999999999999984e-03 7.424000000000000044e-03 9.999689999999999968e-01 3.631369999999999876e-01 9.317170000000000174e-01 -5.941000000000000100e-03 -9.317320000000000046e-01 3.631099999999999883e-01 -5.202000000000000027e-03
6.000000000000000000e+00 7.000000000000000000e+00 5.200000000000000000e+01 0.000000000000000000e+00 1.600000000000000089e+00 3.849999999999999798e-04 -3.873999999999999840e-03 -9.999919999999999920e-01 7.361399999999999888e-02 -9.972790000000000266e-01 3.892000000000000060e-03 -9.972870000000000346e-01 -7.361499999999999988e-02 -9.899999999999999404e-05
2.700000000000000000e+01 7.000000000000000000e+00 5.200000000000000000e+01 0.000000000000000000e+00 1.600000000000000089e+00 -8.051000000000000864e-03 -4.278999999999999818e-03 -9.999580000000000135e-01 1.387239999999999862e-01 -9.903260000000000396e-01 3.121000000000000076e-03 -9.902980000000000116e-01 -1.386930000000000107e-01 8.566999999999999962e-03
1.800000000000000000e+01 4.500000000000000000e+01 5.300000000000000000e+01 0.000000000000000000e+00 1.600000000000000089e+00 -3.303899999999999892e-02 -4.096929999999999739e-01 9.116250000000000187e-01 6.218499999999999722e-02 9.095130000000000159e-01 4.109979999999999745e-01 -9.975180000000000158e-01 7.026799999999999713e-02 -4.572999999999999808e-03
4.000000000000000000e+00 6.300000000000000000e+01 5.400000000000000000e+01 0.000000000000000000e+00 1.600000000000000089e+00 -1.549999999999999946e-03 -1.925000000000000062e-03 9.999970000000000248e-01 -3.668440000000000034e-01 9.302820000000000533e-01 1.221999999999999996e-03 -9.302810000000000246e-01 -3.668409999999999727e-01 -2.148000000000000170e-03
8.000000000000000000e+00 6.300000000000000000e+01 5.400000000000000000e+01 0.000000000000000000e+00 1.600000000000000089e+00 -1.052999999999999900e-03 2.536000000000000060e-03 9.999959999999999960e-01 -3.570030000000000148e-01 9.340990000000000126e-01 -2.745000000000000044e-03 -9.341030000000000166e-01 -3.570039999999999880e-01 -7.899999999999999579e-05
1.800000000000000000e+01 6.300000000000000000e+01 5.400000000000000000e+01 0.000000000000000000e+00 1.600000000000000089e+00 4.490000000000000176e-04 1.817999999999999955e-03 9.999980000000000535e-01 -3.513919999999999821e-01 9.362270000000000314e-01 -1.544999999999999932e-03 -9.362279999999999491e-01 -3.513910000000000089e-01 1.059000000000000045e-03
2.300000000000000000e+01 6.300000000000000000e+01 5.400000000000000000e+01 0.000000000000000000e+00 1.600000000000000089e+00 2.300000000000000070e-04 -9.150000000000000147e-04 1.000000000000000000e+00 -3.510519999999999752e-01 9.363559999999999661e-01 9.380000000000000317e-04 -9.363559999999999661e-01 -3.510519999999999752e-01 -1.060000000000000016e-04
2.700000000000000000e+01 6.300000000000000000e+01 5.400000000000000000e+01 0.000000000000000000e+00 1.600000000000000089e+00 1.433000000000000029e-03 3.331000000000000193e-03 9.999930000000000208e-01 -3.486879999999999979e-01 9.372350000000000403e-01 -2.622999999999999898e-03 -9.372380000000000155e-01 -3.486819999999999919e-01 2.504999999999999848e-03
2.800000000000000000e+01 2.500000000000000000e+01 5.500000000000000000e+01 0.000000000000000000e+00 1.600000000000000089e+00 1.536000000000000039e-03 -1.265000000000000065e-03 -9.999980000000000535e-01 -1.310099999999999980e-02 -9.999130000000000518e-01 1.245000000000000013e-03 -9.999130000000000518e-01 1.309899999999999953e-02 -1.551999999999999994e-03
1.800000000000000000e+01 6.800000000000000000e+01 5.700000000000000000e+01 0.000000000000000000e+00 1.600000000000000089e+00 -3.809999999999999910e-04 -4.575000000000000074e-03 -9.999890000000000168e-01 -2.404340000000000088e-01 -9.706550000000000455e-01 4.532999999999999703e-03 -9.706650000000000000e-01 2.404330000000000078e-01 -7.299999999999999632e-04
1.200000000000000000e+01 2.100000000000000000e+01 6.000000000000000000e+01 0.000000000000000000e+00 1.600000000000000089e+00 6.999999999999999387e-05 2.975000000000000214e-03 9.999959999999999960e-01 -9.697999999999999676e-02 9.952820000000000000e-01 -2.954000000000000029e-03 -9.952860000000000040e-01 -9.697899999999999576e-02 3.579999999999999741e-04
1.500000000000000000e+01 2.100000000000000000e+01 6.000000000000000000e+01 0.000000000000000000e+00 1.600000000000000089e+00 -3.390000000000000001e-04 4.840000000000000010e-04 1.000000000000000000e+00 -9.765000000000000069e-02 9.952210000000000223e-01 -5.150000000000000498e-04 -9.952210000000000223e-01 -9.765000000000000069e-02 -2.900000000000000017e-04
1.800000000000000000e+01 2.100000000000000000e+01 6.000000000000000000e+01 0.000000000000000000e+00 1.600000000000000089e+00 -2.730000000000000222e-04 3.499999999999999964e-04 1.000000000000000000e+00 -9.581000000000000627e-02 9.953999999999999515e-01 -3.739999999999999835e-04 -9.953999999999999515e-01 -9.581000000000000627e-02 -2.380000000000000117e-04
2.600000000000000000e+01 2.100000000000000000e+01 6.000000000000000000e+01 0.000000000000000000e+00 1.600000000000000089e+00 -8.289999999999999843e-04 3.144000000000000093e-03 9.999949999999999672e-01 -9.749199999999999533e-02 9.952309999999999768e-01 -3.210000000000000180e-03 -9.952360000000000095e-01 -9.749399999999999733e-02 -5.190000000000000386e-04
4.000000000000000000e+00 6.000000000000000000e+00 6.100000000000000000e+01 0.000000000000000000e+00 1.600000000000000089e+00 4.060000000000000024e-04 -2.509999999999999753e-04 1.000000000000000000e+00 5.680859999999999799e-01 -8.229689999999999506e-01 -4.369999999999999970e-04 8.229689999999999506e-01 5.680859999999999799e-01 -1.910000000000000077e-04
1.200000000000000000e+01 4.400000000000000000e+01 6.100000000000000000e+01 0.000000000000000000e+00 1.600000000000000089e+00 -9.301390000000000491e-01 3.142690000000000206e-01 1.899399999999999977e-01 -3.569019999999999970e-01 -6.520169999999999577e-01 -6.689500000000000446e-01 -8.638600000000000445e-02 -6.900060000000000082e-01 7.186299999999999910e-01
5.000000000000000000e+00 2.900000000000000000e+01 6.200000000000000000e+01 0.000000000000000000e+00 1.600000000000000089e+00 1.962500000000000008e-02 2.232699999999999962e-01 9.745589999999999531e-01 -2.214240000000000097e-01 9.515120000000000244e-01 -2.135309999999999986e-01 -9.749799999999999578e-01 -2.116010000000000113e-01 6.811100000000000487e-02
6.000000000000000000e+00 2.700000000000000000e+01 6.300000000000000000e+01 0.000000000000000000e+00 1.600000000000000089e+00 4.759000000000000209e-03 8.250200000000000589e-02 9.965800000000000214e-01 -2.639540000000000219e-01 9.613500000000000378e-01 -7.832400000000000473e-02 -9.645240000000000480e-01 -2.626780000000000226e-01 2.635200000000000042e-02
1.100000000000000000e+01 2.700000000000000000e+01 6.300000000000000000e+01 0.000000000000000000e+00 1.600000000000000089e+00 -4.376999999999999814e-03 -3.366199999999999748e-02 9.994239999999999791e-01 -2.654139999999999833e-01 9.636270000000000113e-01 3.129400000000000237e-02 -9.641250000000000098e-01 -2.651240000000000263e-01 -1.315299999999999976e-02
2.100000000000000000e+01 2.700000000000000000e+01 6.300000000000000000e+01 0.000000000000000000e+00 1.600000000000000089e+00 -2.358999999999999986e-03 8.350000000000000217e-04 9.999970000000000248e-01 -2.726729999999999987e-01 9.621060000000000167e-01 -1.446999999999999936e-03 -9.621039999999999592e-01 -2.726750000000000007e-01 -2.041999999999999978e-03
2.500000000000000000e+01 2.700000000000000000e+01 6.300000000000000000e+01 0.000000000000000000e+00 1.600000000000000089e+00 7.320000000000000118e-04 3.393999999999999882e-03 9.999940000000000495e-01 -2.720190000000000108e-01 9.622870000000000035e-01 -3.066999999999999848e-03 -9.622920000000000362e-01 -2.720150000000000068e-01 1.628000000000000107e-03
2.800000000000000000e+01 2.700000000000000000e+01 6.300000000000000000e+01 0.000000000000000000e+00 1.600000000000000089e+00 1.915000000000000036e-03 3.399000000000000112e-03 9.999919999999999920e-01 -2.683749999999999747e-01 9.633099999999999996e-01 -2.759999999999999867e-03 -9.633119999999999461e-01 -2.683679999999999954e-01 2.756999999999999902e-03
1.900000000000000000e+01 5.300000000000000000e+01 6.300000000000000000e+01 0.000000000000000000e+00 1.600000000000000089e+00 -1.303839999999999999e-01 7.046930000000000138e-01 6.974289999999999656e-01 4.426979999999999804e-01 -5.880389999999999784e-01 6.769260000000000277e-01 8.871409999999999574e-01 3.970110000000000028e-01 -2.352960000000000051e-01
1.700000000000000000e+01 2.600000000000000000e+01 6.400000000000000000e+01 0.000000000000000000e+00 1.600000000000000089e+00 1.938999999999999968e-03 -2.056000000000000102e-03 9.999959999999999960e-01 -3.567620000000000235e-01 9.341920000000000224e-01 2.612000000000000172e-03 -9.341930000000000511e-01 -3.567660000000000275e-01 1.077999999999999965e-03
2.200000000000000000e+01 2.600000000000000000e+01 6.400000000000000000e+01 0.000000000000000000e+00 1.600000000000000089e+00 -2.011000000000000201e-03 3.950000000000000386e-03 9.999900000000000455e-01 -3.607779999999999876e-01 9.326410000000000533e-01 -4.408999999999999725e-03 -9.326499999999999790e-01 -3.607830000000000203e-01 -4.510000000000000120e-04
1.300000000000000000e+01 3.900000000000000000e+01 6.500000000000000000e+01 0.000000000000000000e+00 1.600000000000000089e+00 -9.870590000000000197e-01 1.423240000000000061e-01 7.387599999999999723e-02 -1.571029999999999927e-01 -9.506200000000000205e-01 -2.676560000000000050e-01 3.213499999999999690e-02 -2.757979999999999876e-01 9.606780000000000319e-01
1.100000000000000000e+01 3.200000000000000000e+01 6.600000000000000000e+01 0.000000000000000000e+00 1.600000000000000089e+00 -8.681999999999999440e-02 -9.516329999999999512e-01 2.947150000000000047e-01 9.423960000000000115e-01 -1.743800000000000072e-01 -2.854499999999999815e-01 3.230359999999999898e-01 2.529549999999999854e-01 9.119549999999999601e-01
2.100000000000000000e+01 6.900000000000000000e+01 6.600000000000000000e+01 0.000000000000000000e+00 1.600000000000000089e+00 -5.090000000000000123e-04 1.879999999999999944e-03 9.999980000000000535e-01 -9.636500000000000066e-01 2.671669999999999878e-01 -9.929999999999999591e-04 -2.671689999999999898e-01 -9.636479999999999491e-01 1.675999999999999972e-03
2.500000000000000000e+01 6.900000000000000000e+01 6.600000000000000000e+01 0.000000000000000000e+00 1.600000000000000089e+00 -3.924000000000000404e-03 -5.305999999999999953e-03 9.999780000000000335e-01 -9.532159999999999522e-01 3.022839999999999971e-01 -2.135999999999999878e-03 -3.022659999999999791e-01 -9.532030000000000225e-01 -6.244000000000000418e-03
4.000000000000000000e+00 3.500000000000000000e+01 6.800000000000000000e+01 0.000000000000000000e+00 1.600000000000000089e+00 2.634870000000000267e-01 8.238370000000000415e-01 5.018629999999999480e-01 -7.661520000000000552e-01 4.948359999999999981e-01 -4.100590000000000068e-01 -5.861619999999999608e-01 -2.764579999999999815e-01 7.615680000000000227e-01
1.000000000000000000e+01 3.400000000000000000e+01 6.900000000000000000e+01 0.000000000000000000e+00 1.600000000000000089e+00 7.779099999999999904e-01 -6.189729999999999954e-01 -1.083039999999999975e-01 -6.263229999999999631e-01 -7.776849999999999596e-01 -5.408199999999999813e-02 -5.075099999999999750e-02 1.099040000000000017e-01 -9.926460000000000283e-01
5.000000000000000000e+00 3.100000000000000000e+01 7.100000000000000000e+01 0.000000000000000000e+00 1.600000000000000089e+00 1.237700000000000085e-02 8.158189999999999609e-01 5.781749999999999945e-01 -8.741389999999999993e-01 2.895849999999999813e-01 -3.898989999999999956e-01 -4.855180000000000051e-01 -5.005800000000000249e-01 7.167229999999999990e-01
