2.800000000000000000e+01 2.500000000000000000e+01 1.000000000000000000e+00 0.000000000000000000e+00 1.600000000000000089e+00 5.174999999999999913e-03 -2.590999999999999987e-03 -9.999829999999999552e-01 -5.189589999999999481e-01 -8.547989999999999755e-01 -4.710000000000000102e-04 -8.547839999999999883e-01 5.189519999999999689e-01 -5.767999999999999690e-03
2.400000000000000000e+01 4.200000000000000000e+01 2.000000000000000000e+00 0.000000000000000000e+00 1.600000000000000089e+00 -5.159999999999999656e-03 4.187199999999999950e-02 -9.991100000000000536e-01 9.816639999999999810e-01 -1.901750000000000107e-01 -1.303999999999999951e-02 -1.905509999999999982e-01 -9.808569999999999789e-01 -4.012299999999999894e-02
2.000000000000000000e+00 1.500000000000000000e+01 4.000000000000000000e+00 0.000000000000000000e+00 1.600000000000000089e+00 4.592999999999999861e-03 9.072999999999999468e-03 9.999479999999999480e-01 3.039600000000000080e-01 -9.526569999999999760e-01 7.246999999999999970e-03 9.526740000000000208e-01 3.039109999999999867e-01 -7.132999999999999584e-03
9.000000000000000000e+00 1.500000000000000000e+01 4.000000000000000000e+00 0.000000000000000000e+00 1.600000000000000089e+00 -2.622999999999999898e-03 -9.779999999999999197e-04 9.999959999999999960e-01 3.044510000000000272e-01 -9.525280000000000413e-01 -1.330000000000000073e-04 9.525240000000000373e-01 3.044490000000000252e-01 2.795999999999999874e-03
1.700000000000000000e+01 1.500000000000000000e+01 4.000000000000000000e+00 0.000000000000000000e+00 1.600000000000000089e+00 4.722999999999999768e-03 2.105999999999999799e-03 9.999869999999999592e-01 3.059479999999999977e-01 -9.520480000000000054e-01 5.599999999999999509e-04 9.520359999999999934e-01 3.059419999999999917e-01 -5.140999999999999737e-03
2.200000000000000000e+01 1.500000000000000000e+01 4.000000000000000000e+00 0.000000000000000000e+00 1.600000000000000089e+00 1.608999999999999970e-03 3.748000000000000029e-03 9.999919999999999920e-01 3.047079999999999789e-01 -9.524409999999999821e-01 3.079999999999999839e-03 9.524439999999999573e-01 3.047009999999999996e-01 -2.674000000000000161e-03
2.700000000000000000e+01 1.500000000000000000e+01 4.000000000000000000e+00 0.000000000000000000e+00 1.600000000000000089e+00 9.120000000000000502e-04 2.577999999999999996e-03 9.999959999999999960e-01 3.106349999999999945e-01 -9.505270000000000108e-01 2.167000000000000089e-03 9.505289999999999573e-01 3.106320000000000192e-01 -1.667999999999999995e-03
1.400000000000000000e+01 1.010000000000000000e+02 7.000000000000000000e+00 0.000000000000000000e+00 1.600000000000000089e+00 -1.162999999999999971e-03 -6.388999999999999714e-03 9.999789999999999512e-01 8.843659999999999854e-01 4.667760000000000242e-01 4.010999999999999809e-03 -4.667919999999999847e-01 8.843520000000000270e-01 5.107000000000000428e-03
1.700000000000000000e+01 1.010000000000000000e+02 7.000000000000000000e+00 0.000000000000000000e+00 1.600000000000000089e+00 -3.380000000000000192e-03 2.370999999999999844e-03 9.999909999999999632e-01 8.832200000000000051e-01 4.689550000000000107e-01 1.873000000000000099e-03 -4.689470000000000027e-01 8.832189999999999763e-01 -3.678999999999999979e-03
4.000000000000000000e+00 2.500000000000000000e+01 8.000000000000000000e+00 0.000000000000000000e+00 1.600000000000000089e+00 7.499999999999999343e-05 -1.605000000000000090e-03 -9.999989999999999712e-01 4.422329999999999872e-01 8.968990000000000018e-01 -1.405999999999999915e-03 8.969000000000000306e-01 -4.422320000000000140e-01 7.770000000000000214e-04
9.000000000000000000e+00 2.500000000000000000e+01 8.000000000000000000e+00 0.000000000000000000e+00 1.600000000000000089e+00 2.253999999999999927e-03 4.299999999999999894e-04 -9.999970000000000248e-01 4.419799999999999840e-01 8.970240000000000435e-01 1.381999999999999982e-03 8.970219999999999860e-01 -4.419819999999999860e-01 1.832000000000000078e-03
1.300000000000000000e+01 2.500000000000000000e+01 8.000000000000000000e+00 0.000000000000000000e+00 1.600000000000000089e+00 1.136000000000000074e-03 9.520000000000000467e-04 -9.999989999999999712e-01 4.427650000000000197e-01 8.966370000000000173e-01 1.356000000000000000e-03 8.966370000000000173e-01 -4.427659999999999929e-01 5.969999999999999829e-04
2.100000000000000000e+01 2.500000000000000000e+01 8.000000000000000000e+00 0.000000000000000000e+00 1.600000000000000089e+00 6.899999999999999667e-05 -1.621999999999999961e-03 -9.999989999999999712e-01 4.425220000000000264e-01 8.967559999999999976e-01 -1.423999999999999919e-03 8.967580000000000551e-01 -4.425209999999999977e-01 7.799999999999999859e-04
2.500000000000000000e+01 2.500000000000000000e+01 8.000000000000000000e+00 0.000000000000000000e+00 1.600000000000000089e+00 -3.288000000000000124e-03 -4.994000000000000175e-03 -9.999820000000000375e-01 4.430290000000000061e-01 8.964879999999999516e-01 -5.934000000000000039e-03 8.965009999999999923e-01 -4.430399999999999894e-01 -7.349999999999999763e-04
2.800000000000000000e+01 2.500000000000000000e+01 8.000000000000000000e+00 0.000000000000000000e+00 1.600000000000000089e+00 -2.686000000000000019e-03 -6.754999999999999720e-03 -9.999740000000000295e-01 4.439960000000000018e-01 8.960000000000000187e-01 -7.245999999999999837e-03 8.960249999999999604e-01 -4.440040000000000098e-01 5.929999999999999941e-04
4.000000000000000000e+00 2.400000000000000000e+01 9.000000000000000000e+00 0.000000000000000000e+00 1.600000000000000089e+00 -3.100000000000000135e-05 -3.275000000000000133e-03 -9.999949999999999672e-01 4.444119999999999737e-01 8.958180000000000032e-01 -2.948000000000000100e-03 8.958230000000000359e-01 -4.444100000000000272e-01 1.428000000000000016e-03
1.300000000000000000e+01 2.400000000000000000e+01 9.000000000000000000e+00 0.000000000000000000e+00 1.600000000000000089e+00 9.510000000000000224e-04 3.003000000000000027e-03 -9.999949999999999672e-01 4.444969999999999755e-01 8.957749999999999879e-01 3.112999999999999882e-03 8.957800000000000207e-01 -4.444969999999999755e-01 -4.829999999999999767e-04
2.100000000000000000e+01 2.400000000000000000e+01 9.000000000000000000e+00 0.000000000000000000e+00 1.600000000000000089e+00 5.399999999999999798e-05 -2.258000000000000024e-03 -9.999970000000000248e-01 4.455450000000000244e-01 8.952569999999999695e-01 -1.997000000000000077e-03 8.952590000000000270e-01 -4.455439999999999956e-01 1.054000000000000032e-03
2.400000000000000000e+01 2.400000000000000000e+01 9.000000000000000000e+00 0.000000000000000000e+00 1.600000000000000089e+00 -2.576000000000000165e-03 -5.284999999999999767e-03 -9.999829999999999552e-01 4.457729999999999748e-01 8.951270000000000060e-01 -5.878999999999999677e-03 8.951430000000000220e-01 -4.457800000000000096e-01 5.000000000000000240e-05
1.300000000000000000e+01 3.100000000000000000e+01 1.200000000000000000e+01 0.000000000000000000e+00 1.600000000000000089e+00 -1.789999999999999870e-04 -3.657999999999999793e-03 9.999930000000000208e-01 9.110999999999999308e-03 9.999519999999999520e-01 3.658999999999999926e-03 -9.999580000000000135e-01 9.110999999999999308e-03 -1.450000000000000009e-04
2.100000000000000000e+01 3.100000000000000000e+01 1.200000000000000000e+01 0.000000000000000000e+00 1.600000000000000089e+00 -1.720000000000000066e-04 2.950000000000000148e-04 1.000000000000000000e+00 1.915499999999999842e-02 9.998160000000000380e-01 -2.919999999999999961e-04 -9.998169999999999558e-01 1.915499999999999842e-02 -1.779999999999999898e-04
2.600000000000000000e+01 3.100000000000000000e+01 1.200000000000000000e+01 0.000000000000000000e+00 1.600000000000000089e+00 1.051999999999999984e-03 8.580000000000000387e-04 9.999989999999999712e-01 1.817799999999999971e-02 9.998340000000000005e-01 -8.769999999999999584e-04 -9.998340000000000005e-01 1.817900000000000071e-02 1.036000000000000029e-03
1.000000000000000000e+00 1.160000000000000000e+02 1.600000000000000000e+01 0.000000000000000000e+00 1.600000000000000089e+00 6.800000000000000488e-04 4.233999999999999916e-03 9.999909999999999632e-01 6.898499999999999632e-01 7.239440000000000319e-01 -3.533999999999999815e-03 -7.239520000000000399e-01 6.898459999999999592e-01 -2.429000000000000169e-03
1.400000000000000000e+01 1.160000000000000000e+02 1.600000000000000000e+01 0.000000000000000000e+00 1.600000000000000089e+00 1.409000000000000096e-03 2.139999999999999975e-03 9.999970000000000248e-01 6.751559999999999784e-01 7.376709999999999656e-01 -2.530000000000000131e-03 -7.376740000000000519e-01 6.751570000000000071e-01 -4.049999999999999781e-04
2.400000000000000000e+01 1.160000000000000000e+02 1.600000000000000000e+01 0.000000000000000000e+00 1.600000000000000089e+00 4.020000000000000136e-04 -1.551999999999999994e-03 9.999989999999999712e-01 6.917149999999999688e-01 7.221699999999999786e-01 8.429999999999999993e-04 -7.221699999999999786e-01 6.917140000000000510e-01 1.363999999999999978e-03
2.700000000000000000e+01 1.160000000000000000e+02 1.600000000000000000e+01 0.000000000000000000e+00 1.600000000000000089e+00 5.086000000000000243e-03 4.079000000000000160e-03 9.999789999999999512e-01 7.043559999999999821e-01 7.098179999999999490e-01 -6.478000000000000251e-03 -7.098290000000000433e-01 7.043739999999999446e-01 7.370000000000000249e-04
1.000000000000000000e+00 2.000000000000000000e+00 1.900000000000000000e+01 0.000000000000000000e+00 1.600000000000000089e+00 5.066000000000000190e-03 -7.519999999999999775e-03 -9.999590000000000423e-01 1.934990000000000043e-01 -9.810649999999999649e-01 8.358000000000000845e-03 -9.810870000000000424e-01 -1.935340000000000116e-01 -3.514999999999999895e-03
1.100000000000000000e+01 2.000000000000000000e+00 1.900000000000000000e+01 0.000000000000000000e+00 1.600000000000000089e+00 -2.011000000000000201e-03 3.265000000000000107e-03 -9.999930000000000208e-01 1.920850000000000057e-01 -9.813720000000000221e-01 -3.589999999999999875e-03 -9.813760000000000261e-01 -1.920910000000000117e-01 1.347000000000000107e-03
1.500000000000000000e+01 2.000000000000000000e+00 1.900000000000000000e+01 0.000000000000000000e+00 1.600000000000000089e+00 -4.250999999999999571e-03 1.604500000000000023e-02 -9.998620000000000285e-01 1.943860000000000032e-01 -9.807850000000000179e-01 -1.656499999999999986e-02 -9.809160000000000101e-01 -1.944299999999999917e-01 1.051000000000000068e-03
2.100000000000000000e+01 2.000000000000000000e+00 1.900000000000000000e+01 0.000000000000000000e+00 1.600000000000000089e+00 4.538000000000000367e-03 -6.440999999999999677e-03 -9.999689999999999968e-01 1.996199999999999919e-01 -9.798470000000000235e-01 7.217000000000000325e-03 -9.798630000000000395e-01 -1.996469999999999911e-01 -3.161000000000000181e-03
2.500000000000000000e+01 2.000000000000000000e+00 1.900000000000000000e+01 0.000000000000000000e+00 1.600000000000000089e+00 2.703999999999999806e-03 -3.631999999999999812e-03 -9.999900000000000455e-01 1.976189999999999891e-01 -9.802699999999999747e-01 4.094999999999999682e-03 -9.802750000000000075e-01 -1.976279999999999981e-01 -1.931999999999999907e-03
2.900000000000000000e+01 2.000000000000000000e+00 1.900000000000000000e+01 0.000000000000000000e+00 1.600000000000000089e+00 2.749000000000000141e-03 -3.258000000000000045e-03 -9.999909999999999632e-01 1.978959999999999886e-01 -9.802159999999999762e-01 3.738000000000000003e-03 -9.802189999999999515e-01 -1.979049999999999976e-01 -2.050000000000000173e-03
2.200000000000000000e+01 4.000000000000000000e+00 2.000000000000000000e+01 0.000000000000000000e+00 1.600000000000000089e+00 6.706000000000000155e-03 -2.354000000000000190e-03 -9.999749999999999472e-01 2.832950000000000190e-01 -9.590239999999999876e-01 4.157000000000000105e-03 -9.590090000000000003e-01 -2.833160000000000123e-01 -5.764000000000000026e-03
2.900000000000000000e+01 4.000000000000000000e+00 2.000000000000000000e+01 0.000000000000000000e+00 1.600000000000000089e+00 2.857999999999999863e-03 -1.856000000000000011e-03 -9.999940000000000495e-01 2.882109999999999950e-01 -9.575630000000000530e-01 2.601000000000000013e-03 -9.575630000000000530e-01 -2.882170000000000010e-01 -2.201999999999999964e-03
9.000000000000000000e+00 1.300000000000000000e+01 2.000000000000000000e+01 0.000000000000000000e+00 1.600000000000000089e+00 -2.112000000000000162e-03 -5.387000000000000295e-03 9.999829999999999552e-01 2.478970000000000062e-01 9.687689999999999912e-01 5.741999999999999708e-03 -9.687839999999999785e-01 2.479049999999999865e-01 -7.100000000000000191e-04
1.200000000000000000e+01 1.300000000000000000e+01 2.000000000000000000e+01 0.000000000000000000e+00 1.600000000000000089e+00 -8.408999999999999808e-03 -1.478900000000000006e-02 9.998550000000000493e-01 2.492290000000000061e-01 9.683049999999999713e-01 1.641899999999999957e-02 -9.684080000000000465e-01 2.493309999999999971e-01 -4.455999999999999892e-03
1.800000000000000000e+01 1.300000000000000000e+01 2.000000000000000000e+01 0.000000000000000000e+00 1.600000000000000089e+00 -4.807999999999999774e-03 -6.117000000000000041e-03 9.999700000000000255e-01 2.563699999999999868e-01 9.665519999999999667e-01 7.145999999999999575e-03 -9.665669999999999540e-01 2.563969999999999860e-01 -3.078000000000000007e-03
2.300000000000000000e+01 1.300000000000000000e+01 2.000000000000000000e+01 0.000000000000000000e+00 1.600000000000000089e+00 6.135999999999999961e-03 8.252000000000000654e-03 9.999470000000000303e-01 2.513210000000000166e-01 9.678569999999999673e-01 -9.530000000000000276e-03 -9.678839999999999666e-01 2.513659999999999783e-01 3.863999999999999813e-03
1.600000000000000000e+01 1.600000000000000000e+01 2.100000000000000000e+01 0.000000000000000000e+00 1.600000000000000089e+00 -1.097300000000000011e-02 -1.915999999999999995e-02 9.997559999999999780e-01 2.996050000000000102e-01 9.538189999999999724e-01 2.156800000000000037e-02 -9.539999999999999591e-01 2.997690000000000077e-01 -4.726000000000000166e-03
1.900000000000000000e+01 1.600000000000000000e+01 2.100000000000000000e+01 0.000000000000000000e+00 1.600000000000000089e+00 -2.516000000000000007e-03 -2.779999999999999811e-04 9.999970000000000248e-01 3.011320000000000108e-01 9.535820000000000407e-01 1.023000000000000038e-03 -9.535789999999999544e-01 3.011340000000000128e-01 -2.314999999999999784e-03
1.900000000000000000e+01 4.800000000000000000e+01 2.400000000000000000e+01 0.000000000000000000e+00 1.600000000000000089e+00 -2.912000000000000092e-03 -1.487999999999999956e-03 9.999949999999999672e-01 8.595099999999999962e-01 5.111080000000000068e-01 3.263999999999999974e-03 -5.111099999999999532e-01 8.595150000000000290e-01 -2.090000000000000115e-04
5.000000000000000000e+00 3.000000000000000000e+00 2.500000000000000000e+01 0.000000000000000000e+00 1.600000000000000089e+00 1.438000000000000042e-03 -1.430000000000000064e-03 9.999980000000000535e-01 -5.741199999999999776e-02 -9.983499999999999597e-01 -1.345000000000000058e-03 9.983499999999999597e-01 -5.741000000000000270e-02 -1.516999999999999902e-03
1.000000000000000000e+01 3.000000000000000000e+00 2.500000000000000000e+01 0.000000000000000000e+00 1.600000000000000089e+00 6.441999999999999810e-03 -3.490000000000000047e-03 9.999730000000000008e-01 -6.526800000000000657e-02 -9.978630000000000555e-01 -3.062000000000000052e-03 9.978470000000000395e-01 -6.524699999999999944e-02 -6.655999999999999590e-03
1.400000000000000000e+01 3.000000000000000000e+00 2.500000000000000000e+01 0.000000000000000000e+00 1.600000000000000089e+00 1.609999999999999973e-02 5.109999999999999525e-04 9.998700000000000365e-01 -6.213199999999999973e-02 -9.980670000000000375e-01 1.510999999999999973e-03 9.979379999999999917e-01 -6.214900000000000285e-02 -1.603699999999999917e-02
2.500000000000000000e+01 3.000000000000000000e+00 2.500000000000000000e+01 0.000000000000000000e+00 1.600000000000000089e+00 -1.271300000000000034e-02 -3.004000000000000160e-03 9.999149999999999983e-01 -5.714400000000000035e-02 -9.983589999999999964e-01 -3.726000000000000145e-03 9.982849999999999779e-01 -5.718700000000000172e-02 1.251999999999999988e-02
2.800000000000000000e+01 3.000000000000000000e+00 2.500000000000000000e+01 0.000000000000000000e+00 1.600000000000000089e+00 -9.851000000000000381e-03 -1.080000000000000014e-03 9.999510000000000343e-01 -5.231999999999999845e-02 -9.986289999999999889e-01 -1.593999999999999931e-03 9.985819999999999697e-01 -5.233299999999999758e-02 9.780999999999999764e-03
7.000000000000000000e+00 4.600000000000000000e+01 2.700000000000000000e+01 0.000000000000000000e+00 1.600000000000000089e+00 -1.293000000000000095e-03 -4.600000000000000139e-04 -9.999989999999999712e-01 6.596959999999999491e-01 7.515319999999999778e-01 -1.198999999999999979e-03 7.515319999999999778e-01 -6.596969999999999779e-01 -6.689999999999999983e-04
1.200000000000000000e+01 4.600000000000000000e+01 2.700000000000000000e+01 0.000000000000000000e+00 1.600000000000000089e+00 -3.350000000000000113e-04 -2.984999999999999806e-03 -9.999949999999999672e-01 6.551909999999999679e-01 7.554589999999999916e-01 -2.475000000000000203e-03 7.554629999999999956e-01 -6.551890000000000214e-01 1.701999999999999954e-03
2.500000000000000000e+01 4.600000000000000000e+01 2.700000000000000000e+01 0.000000000000000000e+00 1.600000000000000089e+00 -1.391000000000000092e-03 2.452999999999999885e-03 -9.999959999999999960e-01 6.495680000000000343e-01 7.603029999999999511e-01 9.610000000000000486e-04 7.603020000000000334e-01 -6.495640000000000303e-01 -2.651000000000000145e-03
2.900000000000000000e+01 4.600000000000000000e+01 2.700000000000000000e+01 0.000000000000000000e+00 1.600000000000000089e+00 -7.770000000000000214e-04 1.417999999999999990e-03 -9.999989999999999712e-01 6.475710000000000077e-01 7.620050000000000434e-01 5.770000000000000389e-04 7.620050000000000434e-01 -6.475699999999999790e-01 -1.510000000000000057e-03
8.000000000000000000e+00 4.600000000000000000e+01 3.000000000000000000e+01 0.000000000000000000e+00 1.600000000000000089e+00 -7.209999999999999612e-04 6.040000000000000447e-04 -1.000000000000000000e+00 3.327510000000000190e-01 9.430150000000000476e-01 3.289999999999999739e-04 9.430140000000000189e-01 -3.327510000000000190e-01 -8.800000000000000313e-04
6.000000000000000000e+00 5.800000000000000000e+01 3.100000000000000000e+01 0.000000000000000000e+00 1.600000000000000089e+00 -2.707999999999999904e-03 -4.606999999999999984e-03 9.999860000000000415e-01 -7.952280000000000459e-01 -6.062899999999999956e-01 -4.947000000000000008e-03 6.063039999999999541e-01 -7.952299999999999924e-01 -2.021999999999999926e-03
1.000000000000000000e+01 5.800000000000000000e+01 3.100000000000000000e+01 0.000000000000000000e+00 1.600000000000000089e+00 -1.399999999999999979e-05 -2.944000000000000002e-03 9.999959999999999960e-01 -7.956600000000000339e-01 -6.057399999999999451e-01 -1.794000000000000022e-03 6.057430000000000314e-01 -7.956569999999999476e-01 -2.334000000000000137e-03
1.600000000000000000e+01 5.800000000000000000e+01 3.100000000000000000e+01 0.000000000000000000e+00 1.600000000000000089e+00 5.280000000000000405e-04 -1.201000000000000028e-03 9.999989999999999712e-01 -7.984620000000000051e-01 -6.020450000000000523e-01 -3.020000000000000223e-04 6.020450000000000523e-01 -7.984609999999999763e-01 -1.276999999999999923e-03
2.200000000000000000e+01 5.800000000000000000e+01 3.100000000000000000e+01 0.000000000000000000e+00 1.600000000000000089e+00 -1.268000000000000030e-03 1.379999999999999933e-04 9.999989999999999712e-01 -7.991390000000000438e-01 -6.011450000000000404e-01 -9.300000000000000541e-04 6.011450000000000404e-01 -7.991399999999999615e-01 8.729999999999999696e-04
2.900000000000000000e+01 5.800000000000000000e+01 3.100000000000000000e+01 0.000000000000000000e+00 1.600000000000000089e+00 -2.871999999999999987e-03 -2.899000000000000101e-03 9.999919999999999920e-01 -8.004299999999999748e-01 -5.994129999999999736e-01 -4.035999999999999657e-03 5.994199999999999529e-01 -8.004339999999999788e-01 -5.990000000000000316e-04
8.000000000000000000e+00 2.300000000000000000e+01 3.400000000000000000e+01 0.000000000000000000e+00 1.600000000000000089e+00 -6.859999999999999779e-04 2.707000000000000205e-03 9.999959999999999960e-01 4.006399999999999961e-01 -9.162310000000000176e-01 2.755000000000000070e-03 9.162350000000000216e-01 4.006410000000000249e-01 -4.560000000000000251e-04
8.000000000000000000e+00 4.200000000000000000e+01 3.400000000000000000e+01 0.000000000000000000e+00 1.600000000000000089e+00 6.390000000000000280e-04 -2.232000000000000043e-03 -9.999970000000000248e-01 -2.918620000000000103e-01 9.564580000000000304e-01 -2.321000000000000146e-03 9.564599999999999769e-01 2.918620000000000103e-01 -4.000000000000000327e-05
1.000000000000000000e+00 4.600000000000000000e+01 3.500000000000000000e+01 0.000000000000000000e+00 1.600000000000000089e+00 6.074000000000000406e-03 -3.154000000000000119e-03 -9.999770000000000048e-01 3.851370000000000071e-01 -9.228450000000000264e-01 5.250000000000000326e-03 -9.228389999999999649e-01 -3.851600000000000024e-01 -4.390999999999999938e-03
4.000000000000000000e+00 4.600000000000000000e+01 3.500000000000000000e+01 0.000000000000000000e+00 1.600000000000000089e+00 2.922000000000000118e-03 -2.448000000000000089e-03 -9.999930000000000208e-01 3.836870000000000003e-01 -9.234569999999999723e-01 3.382000000000000024e-03 -9.234590000000000298e-01 -3.836939999999999795e-01 -1.758999999999999930e-03
9.000000000000000000e+00 4.600000000000000000e+01 3.500000000000000000e+01 0.000000000000000000e+00 1.600000000000000089e+00 -4.699999999999999859e-04 2.429999999999999977e-04 -1.000000000000000000e+00 3.839920000000000000e-01 -9.233360000000000456e-01 -4.040000000000000080e-04 -9.233360000000000456e-01 -3.839920000000000000e-01 3.400000000000000244e-04
1.500000000000000000e+01 4.600000000000000000e+01 3.500000000000000000e+01 0.000000000000000000e+00 1.600000000000000089e+00 -4.131000000000000123e-03 2.073999999999999889e-03 -9.999890000000000168e-01 3.887749999999999817e-01 -9.213259999999999783e-01 -3.517000000000000161e-03 -9.213230000000000031e-01 -3.887860000000000205e-01 2.998999999999999930e-03
2.100000000000000000e+01 4.600000000000000000e+01 3.500000000000000000e+01 0.000000000000000000e+00 1.600000000000000089e+00 1.855000000000000095e-03 2.699999999999999899e-05 -9.999980000000000535e-01 3.861609999999999765e-01 -9.224310000000000009e-01 6.909999999999999910e-04 -9.224290000000000544e-01 -3.861620000000000053e-01 -1.721000000000000090e-03
2.400000000000000000e+01 4.600000000000000000e+01 3.500000000000000000e+01 0.000000000000000000e+00 1.600000000000000089e+00 2.014000000000000165e-03 4.377999999999999947e-03 -9.999879999999999880e-01 3.855379999999999918e-01 -9.226860000000000062e-01 -3.262999999999999842e-03 -9.226900000000000102e-01 -3.855270000000000086e-01 -3.546000000000000107e-03
6.000000000000000000e+00 9.500000000000000000e+01 3.600000000000000000e+01 0.000000000000000000e+00 1.600000000000000089e+00 1.537600000000000078e-02 2.368699999999999972e-02 9.996009999999999618e-01 9.973659999999999748e-01 7.050800000000000123e-02 -1.701300000000000034e-02 -7.088300000000000156e-02 9.972299999999999498e-01 -2.254099999999999854e-02
1.100000000000000000e+01 9.500000000000000000e+01 3.600000000000000000e+01 0.000000000000000000e+00 1.600000000000000089e+00 -1.304999999999999953e-03 -3.308999999999999875e-03 9.999940000000000495e-01 9.976690000000000280e-01 6.822400000000000686e-02 1.528000000000000061e-03 -6.822899999999999798e-02 9.976650000000000240e-01 3.213000000000000144e-03
1.400000000000000000e+01 9.500000000000000000e+01 3.600000000000000000e+01 0.000000000000000000e+00 1.600000000000000089e+00 -1.027800000000000068e-02 -9.325999999999999221e-03 9.999040000000000150e-01 9.979299999999999837e-01 6.338599999999999790e-02 1.084899999999999927e-02 -6.348099999999999576e-02 9.979459999999999997e-01 8.654999999999999499e-03
2.400000000000000000e+01 9.500000000000000000e+01 3.600000000000000000e+01 0.000000000000000000e+00 1.600000000000000089e+00 -2.912999999999999791e-03 -1.362900000000000049e-02 9.999029999999999863e-01 9.985000000000000542e-01 5.463699999999999807e-02 3.654000000000000130e-03 -5.468100000000000044e-02 9.984129999999999949e-01 1.345000000000000015e-02
1.000000000000000000e+01 9.500000000000000000e+01 3.700000000000000000e+01 0.000000000000000000e+00 1.600000000000000089e+00 3.311000000000000141e-03 -1.160999999999999923e-03 9.999940000000000495e-01 9.959209999999999452e-01 9.017600000000000615e-02 -3.193000000000000092e-03 -9.017200000000000215e-02 9.959249999999999492e-01 1.454999999999999913e-03
2.000000000000000000e+01 3.000000000000000000e+00 4.300000000000000000e+01 0.000000000000000000e+00 1.600000000000000089e+00 1.491100000000000064e-02 -1.329400000000000026e-02 -9.998000000000000220e-01 7.317829999999999613e-01 -6.812449999999999894e-01 1.997200000000000017e-02 -6.813749999999999529e-01 -7.319350000000000023e-01 -4.299999999999999894e-04
7.000000000000000000e+00 2.900000000000000000e+01 4.400000000000000000e+01 0.000000000000000000e+00 1.600000000000000089e+00 -5.649999999999999641e-04 -4.270000000000000249e-04 -1.000000000000000000e+00 6.439310000000000311e-01 7.650839999999999863e-01 -6.909999999999999910e-04 7.650839999999999863e-01 -6.439310000000000311e-01 -1.579999999999999916e-04
1.300000000000000000e+01 2.900000000000000000e+01 4.400000000000000000e+01 0.000000000000000000e+00 1.600000000000000089e+00 -8.459999999999999638e-04 1.072000000000000036e-03 -9.999989999999999712e-01 6.514560000000000350e-01 7.586870000000000003e-01 2.620000000000000258e-04 7.586859999999999715e-01 -6.514550000000000063e-01 -1.340000000000000045e-03
1.800000000000000000e+01 2.900000000000000000e+01 4.400000000000000000e+01 0.000000000000000000e+00 1.600000000000000089e+00 7.659999999999999708e-04 5.176000000000000045e-03 -9.999860000000000415e-01 6.595910000000000384e-01 7.516119999999999468e-01 4.395999999999999734e-03 7.516239999999999588e-01 -6.595860000000000056e-01 -2.837999999999999811e-03
2.200000000000000000e+01 2.900000000000000000e+01 4.400000000000000000e+01 0.000000000000000000e+00 1.600000000000000089e+00 1.659999999999999963e-04 -2.337999999999999801e-03 -9.999970000000000248e-01 6.682090000000000529e-01 7.439719999999999667e-01 -1.628000000000000107e-03 7.439740000000000242e-01 -6.682069999999999954e-01 1.685000000000000083e-03
2.600000000000000000e+01 2.900000000000000000e+01 4.400000000000000000e+01 0.000000000000000000e+00 1.600000000000000089e+00 -1.200000000000000030e-04 -1.943000000000000066e-03 -9.999980000000000535e-01 6.648469999999999658e-01 7.469780000000000308e-01 -1.531000000000000026e-03 7.469799999999999773e-01 -6.648460000000000480e-01 1.201999999999999943e-03
6.000000000000000000e+00 6.500000000000000000e+01 4.600000000000000000e+01 0.000000000000000000e+00 1.600000000000000089e+00 -1.079999999999999960e-04 -1.253999999999999906e-03 9.999989999999999712e-01 6.795210000000000417e-01 -7.336559999999999748e-01 -8.459999999999999638e-04 7.336559999999999748e-01 6.795200000000000129e-01 9.309999999999999699e-04
2.500000000000000000e+01 5.000000000000000000e+00 5.100000000000000000e+01 0.000000000000000000e+00 1.600000000000000089e+00 -2.379000000000000038e-03 -5.257999999999999653e-03 -9.999829999999999552e-01 4.854269999999999974e-01 -8.742710000000000203e-01 3.442000000000000181e-03 -8.742739999999999956e-01 -4.854100000000000081e-01 4.631999999999999833e-03
8.000000000000000000e+00 4.400000000000000000e+01 5.300000000000000000e+01 0.000000000000000000e+00 1.600000000000000089e+00 5.490099999999999841e-02 -4.649719999999999964e-01 -8.836220000000000185e-01 8.635800000000000420e-02 -8.794290000000000163e-01 4.681310000000000193e-01 -9.947500000000000231e-01 -1.020090000000000025e-01 -8.127000000000000543e-03
7.000000000000000000e+00 4.500000000000000000e+01 5.300000000000000000e+01 0.000000000000000000e+00 1.600000000000000089e+00 7.797099999999999864e-02 -6.590970000000000439e-01 -7.480059999999999487e-01 8.180500000000000271e-02 -7.435300000000000242e-01 6.636800000000000477e-01 -9.935939999999999772e-01 -1.129379999999999967e-01 -4.055999999999999710e-03
6.000000000000000000e+00 4.600000000000000000e+01 5.300000000000000000e+01 0.000000000000000000e+00 1.600000000000000089e+00 1.010059999999999986e-01 -7.280990000000000517e-01 -6.779889999999999528e-01 1.060180000000000011e-01 -6.697170000000000067e-01 7.350100000000000522e-01 -9.892210000000000170e-01 -1.461189999999999989e-01 9.546000000000000665e-03
3.000000000000000000e+00 5.000000000000000000e+01 5.400000000000000000e+01 0.000000000000000000e+00 1.600000000000000089e+00 1.126140000000000058e-01 -5.313400000000000345e-01 -8.396409999999999707e-01 3.000390000000000001e-01 -7.873869999999999481e-01 5.385140000000000482e-01 -9.472570000000000157e-01 -3.125689999999999857e-01 7.075199999999999545e-02
3.000000000000000000e+00 6.300000000000000000e+01 5.400000000000000000e+01 0.000000000000000000e+00 1.600000000000000089e+00 -6.890000000000000508e-04 4.749999999999999882e-03 9.999879999999999880e-01 -3.619809999999999972e-01 9.321739999999999471e-01 -4.677999999999999867e-03 -9.321850000000000414e-01 -3.619800000000000240e-01 1.077000000000000049e-03
1.000000000000000000e+01 6.300000000000000000e+01 5.400000000000000000e+01 0.000000000000000000e+00 1.600000000000000089e+00 -4.110000000000000155e-04 2.509999999999999753e-04 1.000000000000000000e+00 -3.479909999999999948e-01 9.374980000000000535e-01 -3.789999999999999966e-04 -9.374980000000000535e-01 -3.479920000000000235e-01 -2.979999999999999793e-04
1.900000000000000000e+01 6.300000000000000000e+01 5.400000000000000000e+01 0.000000000000000000e+00 1.600000000000000089e+00 -6.819999999999999890e-04 -1.397000000000000021e-03 9.999989999999999712e-01 -3.515340000000000131e-01 9.361749999999999794e-01 1.067999999999999939e-03 -9.361749999999999794e-01 -3.515329999999999844e-01 -1.129000000000000012e-03
2.400000000000000000e+01 6.300000000000000000e+01 5.400000000000000000e+01 0.000000000000000000e+00 1.600000000000000089e+00 1.799000000000000035e-03 -2.210000000000000050e-04 9.999980000000000535e-01 -3.534909999999999997e-01 9.354369999999999630e-01 8.429999999999999993e-04 -9.354360000000000452e-01 -3.534919999999999729e-01 1.605000000000000090e-03
2.800000000000000000e+01 6.300000000000000000e+01 5.400000000000000000e+01 0.000000000000000000e+00 1.600000000000000089e+00 1.830000000000000029e-03 -1.258000000000000004e-03 9.999980000000000535e-01 -3.563029999999999808e-01 9.343679999999999763e-01 1.827999999999999981e-03 -9.343679999999999763e-01 -3.563060000000000116e-01 1.262000000000000101e-03
5.000000000000000000e+00 2.500000000000000000e+01 5.500000000000000000e+01 0.000000000000000000e+00 1.600000000000000089e+00 -5.739999999999999660e-04 -2.759999999999999867e-03 -9.999959999999999960e-01 -1.114300000000000013e-02 -9.999339999999999895e-01 2.766999999999999928e-03 -9.999379999999999935e-01 1.114500000000000039e-02 5.429999999999999714e-04
1.300000000000000000e+01 2.600000000000000000e+01 5.500000000000000000e+01 0.000000000000000000e+00 1.600000000000000089e+00 2.909000000000000127e-03 2.146699999999999997e-02 -9.997650000000000148e-01 -3.262600000000000222e-02 -9.992349999999999843e-01 -2.155100000000000071e-02 -9.994629999999999903e-01 3.268100000000000172e-02 -2.207000000000000194e-03
2.200000000000000000e+01 7.600000000000000000e+01 5.600000000000000000e+01 0.000000000000000000e+00 1.600000000000000089e+00 -1.800000000000000113e-04 -4.127999999999999725e-03 -9.999909999999999632e-01 -1.191470000000000029e-01 9.928679999999999728e-01 -4.076999999999999895e-03 9.928770000000000095e-01 1.191460000000000019e-01 -6.700000000000000226e-04
2.000000000000000000e+00 4.600000000000000000e+01 5.700000000000000000e+01 0.000000000000000000e+00 1.600000000000000089e+00 -8.077600000000000058e-02 -6.262510000000000021e-01 -7.754259999999999486e-01 -2.225860000000000061e-01 -7.469869999999999566e-01 6.264699999999999713e-01 -9.715610000000000079e-01 2.232030000000000125e-01 -7.905700000000000227e-02
3.000000000000000000e+00 6.800000000000000000e+01 5.700000000000000000e+01 0.000000000000000000e+00 1.600000000000000089e+00 7.209999999999999612e-04 4.680000000000000132e-03 -9.999890000000000168e-01 -2.511050000000000226e-01 -9.679480000000000306e-01 -4.710999999999999910e-03 -9.679590000000000138e-01 2.511059999999999959e-01 4.769999999999999934e-04
1.000000000000000000e+01 6.800000000000000000e+01 5.700000000000000000e+01 0.000000000000000000e+00 1.600000000000000089e+00 -1.118999999999999986e-03 -1.122399999999999960e-02 -9.999360000000000470e-01 -2.494790000000000063e-01 -9.683159999999999545e-01 1.114899999999999919e-02 -9.683800000000000185e-01 2.494750000000000023e-01 -1.716000000000000077e-03
2.400000000000000000e+01 2.000000000000000000e+01 6.000000000000000000e+01 0.000000000000000000e+00 1.600000000000000089e+00 -1.402000000000000034e-03 5.037999999999999944e-03 9.999860000000000415e-01 -6.400100000000000233e-02 9.979369999999999630e-01 -5.117000000000000021e-03 -9.979489999999999750e-01 -6.400699999999999446e-02 -1.075999999999999917e-03
2.000000000000000000e+00 2.100000000000000000e+01 6.000000000000000000e+01 0.000000000000000000e+00 1.600000000000000089e+00 -2.184000000000000177e-03 -5.146999999999999666e-03 9.999839999999999840e-01 -9.902400000000000091e-02 9.950729999999999853e-01 4.905999999999999771e-03 -9.950830000000000508e-01 -9.901200000000000279e-02 -2.683000000000000055e-03
8.000000000000000000e+00 2.100000000000000000e+01 6.000000000000000000e+01 0.000000000000000000e+00 1.600000000000000089e+00 2.925000000000000083e-03 3.089999999999999865e-03 9.999909999999999632e-01 -9.823099999999999887e-02 9.951600000000000446e-01 -2.788000000000000114e-03 -9.951590000000000158e-01 -9.822200000000000375e-02 3.214999999999999976e-03
1.500000000000000000e+01 2.100000000000000000e+01 6.000000000000000000e+01 0.000000000000000000e+00 1.600000000000000089e+00 -9.229999999999999923e-04 -4.568000000000000012e-03 9.999890000000000168e-01 -9.582899999999999752e-02 9.953880000000000505e-01 4.459000000000000290e-03 -9.953969999999999763e-01 -9.582300000000000539e-02 -1.356000000000000000e-03
2.000000000000000000e+01 2.100000000000000000e+01 6.000000000000000000e+01 0.000000000000000000e+00 1.600000000000000089e+00 -1.230000000000000082e-04 4.310999999999999728e-03 9.999909999999999632e-01 -9.470900000000000152e-02 9.954960000000000475e-01 -4.303000000000000401e-03 -9.955049999999999732e-01 -9.470900000000000152e-02 2.860000000000000129e-04
2.900000000000000000e+01 2.100000000000000000e+01 6.000000000000000000e+01 0.000000000000000000e+00 1.600000000000000089e+00 -2.620000000000000258e-04 1.685999999999999999e-03 9.999989999999999712e-01 -9.428899999999999781e-02 9.955429999999999557e-01 -1.703000000000000087e-03 -9.955450000000000133e-01 -9.428999999999999881e-02 -1.019999999999999992e-04
1.800000000000000000e+01 4.500000000000000000e+01 6.200000000000000000e+01 0.000000000000000000e+00 1.600000000000000089e+00 -1.715399999999999911e-02 2.337300000000000141e-02 -9.995800000000000241e-01 -6.102760000000000407e-01 -7.921479999999999633e-01 -8.049000000000000599e-03 -7.920030000000000125e-01 6.098820000000000352e-01 2.785299999999999929e-02
1.100000000000000000e+01 3.000000000000000000e+00 6.300000000000000000e+01 0.000000000000000000e+00 1.600000000000000089e+00 3.499999999999999693e-05 6.115999999999999909e-03 9.999810000000000088e-01 -6.152999999999999581e-01 7.882780000000000342e-01 -4.799999999999999580e-03 -7.882930000000000215e-01 -6.152889999999999748e-01 3.791000000000000099e-03
3.000000000000000000e+00 2.700000000000000000e+01 6.300000000000000000e+01 0.000000000000000000e+00 1.600000000000000089e+00 4.429999999999999802e-04 8.162000000000000852e-03 9.999670000000000503e-01 -2.722930000000000073e-01 9.621830000000000105e-01 -7.733000000000000290e-03 -9.622140000000000137e-01 -2.722809999999999953e-01 2.648999999999999879e-03
1.000000000000000000e+01 2.700000000000000000e+01 6.300000000000000000e+01 0.000000000000000000e+00 1.600000000000000089e+00 2.909999999999999826e-03 2.999999999999999737e-04 9.999959999999999960e-01 -2.693050000000000166e-01 9.630549999999999944e-01 4.949999999999999973e-04 -9.630509999999999904e-01 -2.693050000000000166e-01 2.883000000000000146e-03
1.800000000000000000e+01 2.700000000000000000e+01 6.300000000000000000e+01 0.000000000000000000e+00 1.600000000000000089e+00 -1.719000000000000042e-03 1.094200000000000034e-02 9.999390000000000223e-01 -2.519440000000000013e-01 9.676789999999999559e-01 -1.102200000000000055e-02 -9.677400000000000446e-01 -2.519480000000000053e-01 1.093000000000000005e-03
2.400000000000000000e+01 2.700000000000000000e+01 6.300000000000000000e+01 0.000000000000000000e+00 1.600000000000000089e+00 3.869999999999999742e-04 -1.872499999999999859e-02 9.998249999999999638e-01 -2.662439999999999807e-01 9.637350000000000083e-01 1.815200000000000147e-02 -9.639060000000000406e-01 -2.662039999999999962e-01 -4.612999999999999913e-03
2.700000000000000000e+01 2.700000000000000000e+01 6.300000000000000000e+01 0.000000000000000000e+00 1.600000000000000089e+00 1.516999999999999902e-03 -6.008999999999999585e-03 9.999810000000000088e-01 -2.658710000000000240e-01 9.639889999999999848e-01 6.197000000000000251e-03 -9.640069999999999473e-01 -2.658749999999999725e-01 -1.350000000000000017e-04
1.900000000000000000e+01 4.400000000000000000e+01 6.300000000000000000e+01 0.000000000000000000e+00 1.600000000000000089e+00 -1.368600000000000025e-02 3.631800000000000306e-02 -9.992469999999999963e-01 -6.813909999999999689e-01 -7.317160000000000331e-01 -1.726199999999999957e-02 -7.317919999999999980e-01 6.806410000000000515e-01 3.476100000000000023e-02
2.500000000000000000e+01 4.400000000000000000e+01 6.300000000000000000e+01 0.000000000000000000e+00 1.600000000000000089e+00 2.461500000000000146e-02 -1.157210000000000044e-01 -9.929769999999999985e-01 -7.334119999999999528e-01 -6.770669999999999744e-01 6.072400000000000020e-02 -6.793390000000000262e-01 7.267660000000000231e-01 -1.015370000000000023e-01
3.000000000000000000e+00 2.600000000000000000e+01 6.400000000000000000e+01 0.000000000000000000e+00 1.600000000000000089e+00 -3.029999999999999924e-04 1.569000000000000082e-03 9.999989999999999712e-01 -3.594450000000000145e-01 9.331650000000000222e-01 -1.572999999999999962e-03 -9.331660000000000510e-01 -3.594450000000000145e-01 2.809999999999999998e-04
9.000000000000000000e+00 2.600000000000000000e+01 6.400000000000000000e+01 0.000000000000000000e+00 1.600000000000000089e+00 2.837000000000000112e-03 5.923000000000000313e-03 9.999780000000000335e-01 -3.572960000000000025e-01 9.339800000000000324e-01 -4.518000000000000314e-03 -9.339870000000000116e-01 -3.572750000000000092e-01 4.766000000000000271e-03
2.000000000000000000e+01 2.600000000000000000e+01 6.400000000000000000e+01 0.000000000000000000e+00 1.600000000000000089e+00 -2.422999999999999807e-03 -6.483000000000000047e-03 9.999759999999999760e-01 -3.534019999999999939e-01 9.354569999999999830e-01 5.209000000000000088e-03 -9.354679999999999662e-01 -3.533810000000000007e-01 -4.558000000000000419e-03
2.300000000000000000e+01 2.600000000000000000e+01 6.400000000000000000e+01 0.000000000000000000e+00 1.600000000000000089e+00 1.257000000000000088e-03 -1.301700000000000079e-02 9.999139999999999695e-01 -3.546449999999999880e-01 9.349159999999999693e-01 1.261699999999999974e-02 -9.350000000000000533e-01 -3.546300000000000008e-01 -3.441000000000000048e-03
2.000000000000000000e+01 4.300000000000000000e+01 6.400000000000000000e+01 0.000000000000000000e+00 1.600000000000000089e+00 -4.733000000000000228e-03 2.081600000000000117e-02 -9.997719999999999940e-01 -7.291889999999999761e-01 -6.842270000000000296e-01 -1.079399999999999978e-02 -6.842960000000000154e-01 7.289719999999999533e-01 1.841699999999999934e-02
