2.000000000000000000e+00 1.600000000000000000e+01 4.000000000000000000e+00 0.000000000000000000e+00 1.600000000000000089e+00 -3.761000000000000020e-03 2.224800000000000041e-02 9.997449999999999948e-01 3.358149999999999746e-01 -9.416660000000000030e-01 2.221800000000000164e-02 9.419199999999999795e-01 3.358140000000000014e-01 -3.930000000000000333e-03
9.000000000000000000e+00 1.600000000000000000e+01 4.000000000000000000e+00 0.000000000000000000e+00 1.600000000000000089e+00 -2.396999999999999825e-03 1.157799999999999975e-02 9.999299999999999855e-01 3.228570000000000051e-01 -9.463749999999999662e-01 1.173100000000000011e-02 9.464449999999999807e-01 3.228630000000000111e-01 -1.469000000000000037e-03
1.600000000000000000e+01 1.600000000000000000e+01 4.000000000000000000e+00 0.000000000000000000e+00 1.600000000000000089e+00 -1.030000000000000100e-03 1.474699999999999969e-02 9.998909999999999743e-01 3.159750000000000059e-01 -9.486599999999999477e-01 1.431699999999999987e-02 9.487670000000000270e-01 3.159549999999999859e-01 -3.681999999999999943e-03
2.200000000000000000e+01 1.600000000000000000e+01 4.000000000000000000e+00 0.000000000000000000e+00 1.600000000000000089e+00 -1.900000000000000105e-04 1.139999999999999954e-03 9.999989999999999712e-01 3.192579999999999862e-01 -9.476670000000000371e-01 1.141000000000000087e-03 9.476679999999999549e-01 3.192579999999999862e-01 -1.840000000000000001e-04
2.600000000000000000e+01 1.600000000000000000e+01 4.000000000000000000e+00 0.000000000000000000e+00 1.600000000000000089e+00 6.109999999999999980e-04 -1.218900000000000018e-02 9.999249999999999527e-01 3.190399999999999903e-01 -9.476679999999999549e-01 -1.174700000000000050e-02 9.477409999999999446e-01 3.190239999999999743e-01 3.310000000000000008e-03
1.300000000000000000e+01 1.010000000000000000e+02 7.000000000000000000e+00 0.000000000000000000e+00 1.600000000000000089e+00 2.079999999999999872e-04 1.655999999999999920e-03 9.999989999999999712e-01 8.899420000000000108e-01 4.560730000000000062e-01 -9.399999999999999719e-04 -4.560739999999999794e-01 8.899409999999999821e-01 -1.379000000000000017e-03
1.900000000000000000e+01 1.010000000000000000e+02 7.000000000000000000e+00 0.000000000000000000e+00 1.600000000000000089e+00 -9.200000000000000007e-05 -2.229999999999999994e-04 1.000000000000000000e+00 8.900249999999999551e-01 4.559110000000000107e-01 1.840000000000000001e-04 -4.559110000000000107e-01 8.900249999999999551e-01 1.559999999999999972e-04
2.000000000000000000e+00 1.500000000000000000e+01 8.000000000000000000e+00 0.000000000000000000e+00 1.600000000000000089e+00 1.057100000000000053e-02 2.501199999999999951e-02 -9.996310000000000473e-01 -5.705700000000000216e-01 -8.208189999999999653e-01 -2.657199999999999840e-02 -8.211810000000000498e-01 5.706409999999999538e-01 5.594000000000000014e-03
7.000000000000000000e+00 1.500000000000000000e+01 8.000000000000000000e+00 0.000000000000000000e+00 1.600000000000000089e+00 6.409999999999999899e-03 1.709000000000000102e-02 -9.998329999999999718e-01 -5.677130000000000232e-01 -8.230359999999999898e-01 -1.770800000000000152e-02 -8.232019999999999893e-01 5.677320000000000144e-01 4.427000000000000379e-03
2.000000000000000000e+00 2.600000000000000000e+01 8.000000000000000000e+00 0.000000000000000000e+00 1.600000000000000089e+00 -5.251999999999999724e-03 -6.076999999999999937e-03 -9.999679999999999680e-01 4.229399999999999826e-01 9.061249999999999583e-01 -7.727999999999999627e-03 9.061420000000000030e-01 -4.229669999999999819e-01 -2.187999999999999841e-03
5.000000000000000000e+00 2.600000000000000000e+01 8.000000000000000000e+00 0.000000000000000000e+00 1.600000000000000089e+00 -5.716999999999999860e-03 -9.943999999999999714e-03 -9.999339999999999895e-01 4.225900000000000212e-01 9.062489999999999712e-01 -1.142899999999999992e-02 9.063029999999999697e-01 -4.226280000000000037e-01 -9.790000000000000525e-04
9.000000000000000000e+00 2.600000000000000000e+01 8.000000000000000000e+00 0.000000000000000000e+00 1.600000000000000089e+00 -4.917999999999999629e-03 -1.080599999999999963e-02 -9.999289999999999567e-01 4.235510000000000108e-01 9.057939999999999880e-01 -1.187200000000000061e-02 9.058589999999999698e-01 -4.235800000000000121e-01 1.230000000000000082e-04
1.400000000000000000e+01 2.600000000000000000e+01 8.000000000000000000e+00 0.000000000000000000e+00 1.600000000000000089e+00 -4.899999999999999842e-04 -6.603000000000000362e-03 -9.999780000000000335e-01 4.234669999999999823e-01 9.058910000000000018e-01 -6.189000000000000057e-03 9.059120000000000505e-01 -4.234600000000000031e-01 2.351999999999999924e-03
2.100000000000000000e+01 2.600000000000000000e+01 8.000000000000000000e+00 0.000000000000000000e+00 1.600000000000000089e+00 -2.066000000000000128e-03 6.689999999999999766e-03 -9.999759999999999760e-01 4.232920000000000016e-01 9.059789999999999788e-01 5.186999999999999771e-03 9.059909999999999908e-01 -4.232710000000000083e-01 -4.703999999999999848e-03
2.600000000000000000e+01 2.600000000000000000e+01 8.000000000000000000e+00 0.000000000000000000e+00 1.600000000000000089e+00 -2.328999999999999907e-03 1.554799999999999932e-02 -9.998759999999999870e-01 4.249299999999999744e-01 9.051320000000000476e-01 1.308499999999999941e-02 9.052229999999999999e-01 -4.248469999999999747e-01 -8.715000000000000524e-03
7.000000000000000000e+00 1.400000000000000000e+01 9.000000000000000000e+00 0.000000000000000000e+00 1.600000000000000089e+00 6.553999999999999930e-03 1.937799999999999939e-02 -9.997909999999999853e-01 -5.613259999999999916e-01 -8.273599999999999843e-01 -1.971600000000000089e-02 -8.275689999999999991e-01 5.613369999999999749e-01 5.454999999999999780e-03
1.300000000000000000e+01 1.400000000000000000e+01 9.000000000000000000e+00 0.000000000000000000e+00 1.600000000000000089e+00 4.662999999999999610e-03 1.200400000000000078e-02 -9.999169999999999447e-01 -5.595280000000000253e-01 -8.287170000000000369e-01 -1.255799999999999972e-02 -8.287989999999999524e-01 5.595400000000000373e-01 2.851999999999999934e-03
1.800000000000000000e+01 1.400000000000000000e+01 9.000000000000000000e+00 0.000000000000000000e+00 1.600000000000000089e+00 1.309000000000000051e-03 8.621000000000000191e-03 -9.999620000000000175e-01 -5.574719999999999676e-01 -8.301579999999999515e-01 -7.886999999999999914e-03 -8.301950000000000163e-01 5.574609999999999843e-01 3.719000000000000083e-03
2.100000000000000000e+01 1.400000000000000000e+01 9.000000000000000000e+00 0.000000000000000000e+00 1.600000000000000089e+00 8.459999999999999638e-04 -3.770000000000000022e-04 -1.000000000000000000e+00 -5.568440000000000056e-01 -8.306170000000000497e-01 -1.579999999999999916e-04 -8.306170000000000497e-01 5.568429999999999769e-01 -9.129999999999999661e-04
2.400000000000000000e+01 1.400000000000000000e+01 9.000000000000000000e+00 0.000000000000000000e+00 1.600000000000000089e+00 -8.399999999999999535e-05 -1.812999999999999941e-03 -9.999980000000000535e-01 -5.563949999999999729e-01 -8.309170000000000167e-01 1.552999999999999910e-03 -8.309180000000000454e-01 5.563940000000000552e-01 -9.389999999999999476e-04
3.000000000000000000e+01 1.400000000000000000e+01 9.000000000000000000e+00 0.000000000000000000e+00 1.600000000000000089e+00 -3.409000000000000138e-03 -4.798000000000000181e-03 -9.999829999999999552e-01 -5.580509999999999637e-01 -8.297860000000000236e-01 5.884000000000000341e-03 -8.297999999999999821e-01 5.580610000000000293e-01 1.510000000000000112e-04
2.300000000000000000e+01 1.020000000000000000e+02 9.000000000000000000e+00 0.000000000000000000e+00 1.600000000000000089e+00 9.600000000000000243e-05 2.129999999999999949e-03 9.999980000000000535e-01 9.253379999999999939e-01 3.791419999999999790e-01 -8.959999999999999866e-04 -3.791439999999999810e-01 9.253360000000000474e-01 -1.935000000000000088e-03
2.500000000000000000e+01 1.040000000000000000e+02 1.100000000000000000e+01 0.000000000000000000e+00 1.600000000000000089e+00 -2.467000000000000009e-03 -6.340000000000000149e-04 9.999970000000000248e-01 -9.732650000000000468e-01 -2.296729999999999883e-01 -2.546000000000000086e-03 2.296739999999999893e-01 -9.732680000000000220e-01 -5.099999999999999960e-05
9.000000000000000000e+00 3.500000000000000000e+01 1.200000000000000000e+01 0.000000000000000000e+00 1.600000000000000089e+00 2.942999999999999870e-03 8.050000000000000515e-04 -9.999949999999999672e-01 4.671339999999999937e-01 -8.841860000000000275e-01 6.629999999999999609e-04 -8.841809999999999947e-01 -4.671339999999999937e-01 -2.978999999999999877e-03
1.700000000000000000e+01 3.200000000000000000e+01 1.400000000000000000e+01 0.000000000000000000e+00 1.600000000000000089e+00 2.262000000000000122e-03 -4.139999999999999800e-04 -9.999970000000000248e-01 1.100890000000000063e-01 9.939219999999999722e-01 -1.630000000000000047e-04 9.939189999999999969e-01 -1.100880000000000053e-01 2.294000000000000032e-03
2.500000000000000000e+01 3.200000000000000000e+01 1.400000000000000000e+01 0.000000000000000000e+00 1.600000000000000089e+00 -1.832900000000000154e-02 5.002000000000000196e-02 -9.985800000000000232e-01 9.152100000000000513e-02 9.946390000000000509e-01 4.814299999999999830e-02 9.956340000000000190e-01 -9.050800000000000511e-02 -2.280899999999999941e-02
2.900000000000000000e+01 3.200000000000000000e+01 1.400000000000000000e+01 0.000000000000000000e+00 1.600000000000000089e+00 2.042499999999999871e-02 -4.748900000000000343e-02 -9.986629999999999674e-01 8.684899999999999565e-02 9.951799999999999535e-01 -4.554699999999999721e-02 9.960120000000000084e-01 -8.580200000000000327e-02 2.445100000000000051e-02
1.000000000000000000e+00 1.200000000000000000e+01 1.500000000000000000e+01 0.000000000000000000e+00 1.600000000000000089e+00 7.113000000000000399e-03 8.675000000000000419e-03 -9.999369999999999647e-01 -4.682459999999999956e-01 -8.835300000000000376e-01 -1.099600000000000057e-02 -8.835699999999999665e-01 4.682950000000000168e-01 -2.222000000000000017e-03
1.800000000000000000e+01 1.200000000000000000e+01 1.500000000000000000e+01 0.000000000000000000e+00 1.600000000000000089e+00 2.567999999999999970e-03 5.460000000000000443e-04 -9.999970000000000248e-01 -4.650349999999999762e-01 -8.852910000000000501e-01 -1.678000000000000021e-03 -8.852879999999999638e-01 4.650380000000000069e-01 -2.018999999999999961e-03
1.200000000000000000e+01 1.160000000000000000e+02 1.600000000000000000e+01 0.000000000000000000e+00 1.600000000000000089e+00 -2.037999999999999881e-03 -3.755000000000000091e-03 9.999909999999999632e-01 6.795639999999999459e-01 7.336049999999999516e-01 4.139999999999999583e-03 -7.336139999999999883e-01 6.795660000000000034e-01 1.056999999999999997e-03
5.000000000000000000e+00 2.000000000000000000e+00 1.900000000000000000e+01 0.000000000000000000e+00 1.600000000000000089e+00 2.811000000000000131e-03 1.312999999999999931e-03 -9.999949999999999672e-01 1.385280000000000122e-01 -9.903579999999999606e-01 -9.110000000000000259e-04 -9.903549999999999853e-01 -1.385250000000000092e-01 -2.965999999999999887e-03
1.600000000000000000e+01 2.000000000000000000e+00 1.900000000000000000e+01 0.000000000000000000e+00 1.600000000000000089e+00 3.322999999999999999e-03 -5.434999999999999727e-03 -9.999799999999999800e-01 1.290620000000000100e-01 -9.916190000000000282e-01 5.818000000000000255e-03 -9.916310000000000402e-01 -1.290789999999999993e-01 -2.592999999999999819e-03
2.000000000000000000e+01 2.000000000000000000e+00 1.900000000000000000e+01 0.000000000000000000e+00 1.600000000000000089e+00 -4.229999999999999819e-04 -1.660000000000000017e-03 -9.999980000000000535e-01 1.258680000000000077e-01 -9.920459999999999834e-01 1.593999999999999931e-03 -9.920470000000000121e-01 -1.258680000000000077e-01 6.290000000000000018e-04
2.600000000000000000e+01 2.000000000000000000e+00 1.900000000000000000e+01 0.000000000000000000e+00 1.600000000000000089e+00 -1.242000000000000048e-03 3.831000000000000204e-03 -9.999919999999999920e-01 1.321529999999999927e-01 -9.912210000000000187e-01 -3.961000000000000111e-03 -9.912290000000000267e-01 -1.321559999999999957e-01 7.240000000000000342e-04
2.900000000000000000e+01 2.000000000000000000e+00 1.900000000000000000e+01 0.000000000000000000e+00 1.600000000000000089e+00 -2.550000000000000183e-04 6.472000000000000322e-03 -9.999789999999999512e-01 1.338979999999999893e-01 -9.909740000000000215e-01 -6.446999999999999606e-03 -9.909949999999999593e-01 -1.338969999999999883e-01 -6.139999999999999625e-04
4.000000000000000000e+00 1.300000000000000000e+01 2.000000000000000000e+01 0.000000000000000000e+00 1.600000000000000089e+00 1.915999999999999951e-03 1.417999999999999990e-03 9.999970000000000248e-01 2.515310000000000046e-01 9.678470000000000129e-01 -1.853999999999999962e-03 -9.678470000000000129e-01 2.515339999999999798e-01 1.497999999999999983e-03
9.000000000000000000e+00 1.300000000000000000e+01 2.000000000000000000e+01 0.000000000000000000e+00 1.600000000000000089e+00 2.325999999999999943e-03 4.725000000000000033e-03 9.999860000000000415e-01 2.493750000000000133e-01 9.683929999999999483e-01 -5.155999999999999993e-03 -9.684040000000000425e-01 2.493829999999999936e-01 1.074000000000000085e-03
1.700000000000000000e+01 1.300000000000000000e+01 2.000000000000000000e+01 0.000000000000000000e+00 1.600000000000000089e+00 7.299999999999999903e-05 -5.681000000000000286e-03 9.999839999999999840e-01 2.480900000000000050e-01 9.687219999999999720e-01 5.485000000000000292e-03 -9.687369999999999592e-01 2.480850000000000000e-01 1.480999999999999895e-03
2.300000000000000000e+01 1.300000000000000000e+01 2.000000000000000000e+01 0.000000000000000000e+00 1.600000000000000089e+00 -4.690000000000000158e-04 7.360000000000000006e-04 1.000000000000000000e+00 2.488930000000000031e-01 9.685310000000000308e-01 -5.959999999999999586e-04 -9.685310000000000308e-01 2.488930000000000031e-01 -6.380000000000000037e-04
3.000000000000000000e+01 1.300000000000000000e+01 2.000000000000000000e+01 0.000000000000000000e+00 1.600000000000000089e+00 6.999999999999999387e-05 6.039000000000000097e-03 9.999820000000000375e-01 2.482630000000000114e-01 9.686749999999999527e-01 -5.867999999999999952e-03 -9.686930000000000263e-01 2.482590000000000074e-01 -1.431999999999999896e-03
5.000000000000000000e+00 1.600000000000000000e+01 2.100000000000000000e+01 0.000000000000000000e+00 1.600000000000000089e+00 2.116999999999999958e-03 8.779000000000000345e-03 9.999590000000000423e-01 3.022279999999999966e-01 9.531929999999999570e-01 -9.008000000000000382e-03 -9.532329999999999970e-01 3.022349999999999759e-01 -6.359999999999999551e-04
2.000000000000000000e+00 4.600000000000000000e+01 2.700000000000000000e+01 0.000000000000000000e+00 1.600000000000000089e+00 -2.305999999999999890e-03 1.469999999999999953e-04 -9.999970000000000248e-01 6.641679999999999806e-01 7.475819999999999688e-01 -1.422000000000000087e-03 7.475800000000000223e-01 -6.641700000000000381e-01 -1.820999999999999919e-03
8.000000000000000000e+00 4.600000000000000000e+01 2.700000000000000000e+01 0.000000000000000000e+00 1.600000000000000089e+00 -2.930000000000000204e-04 5.850000000000000165e-04 -1.000000000000000000e+00 6.627429999999999710e-01 7.488470000000000404e-01 2.439999999999999949e-04 7.488470000000000404e-01 -6.627429999999999710e-01 -6.070000000000000092e-04
1.600000000000000000e+01 4.600000000000000000e+01 2.700000000000000000e+01 0.000000000000000000e+00 1.600000000000000089e+00 7.479999999999999670e-04 1.645999999999999894e-03 -9.999980000000000535e-01 6.698159999999999670e-01 7.425249999999999906e-01 1.722999999999999922e-03 7.425270000000000481e-01 -6.698159999999999670e-01 -5.479999999999999845e-04
2.100000000000000000e+01 4.600000000000000000e+01 2.700000000000000000e+01 0.000000000000000000e+00 1.600000000000000089e+00 -2.959999999999999958e-03 -3.400000000000000244e-04 -9.999949999999999672e-01 6.703200000000000269e-01 7.420689999999999786e-01 -2.236999999999999839e-03 7.420660000000000034e-01 -6.703240000000000309e-01 -1.968999999999999830e-03
4.000000000000000000e+00 4.600000000000000000e+01 3.000000000000000000e+01 0.000000000000000000e+00 1.600000000000000089e+00 -2.841999999999999908e-03 -1.074000000000000085e-03 -9.999949999999999672e-01 3.248420000000000196e-01 9.457659999999999956e-01 -1.938999999999999968e-03 9.457640000000000491e-01 -3.248460000000000236e-01 -2.338999999999999933e-03
1.900000000000000000e+01 4.600000000000000000e+01 3.000000000000000000e+01 0.000000000000000000e+00 1.600000000000000089e+00 -1.132999999999999893e-03 -8.000000000000000383e-04 -9.999989999999999712e-01 3.303519999999999790e-01 9.438569999999999460e-01 -1.129000000000000012e-03 9.438569999999999460e-01 -3.303530000000000078e-01 -8.050000000000000515e-04
2.700000000000000000e+01 4.600000000000000000e+01 3.000000000000000000e+01 0.000000000000000000e+00 1.600000000000000089e+00 1.557999999999999923e-03 1.603999999999999957e-03 -9.999970000000000248e-01 3.262619999999999965e-01 9.452770000000000339e-01 2.024000000000000191e-03 9.452779999999999516e-01 -3.262639999999999985e-01 9.499999999999999981e-04
3.000000000000000000e+00 5.800000000000000000e+01 3.100000000000000000e+01 0.000000000000000000e+00 1.600000000000000089e+00 2.053999999999999836e-03 9.716999999999999943e-03 9.999510000000000343e-01 -7.554619999999999669e-01 -6.551449999999999774e-01 7.917999999999999691e-03 6.551900000000000501e-01 -7.554410000000000291e-01 5.995000000000000329e-03
8.000000000000000000e+00 5.800000000000000000e+01 3.100000000000000000e+01 0.000000000000000000e+00 1.600000000000000089e+00 -4.854999999999999941e-03 -3.677000000000000147e-03 9.999820000000000375e-01 -7.623189999999999689e-01 -6.471719999999999695e-01 -6.080999999999999600e-03 6.471829999999999528e-01 -7.623349999999999849e-01 3.390000000000000001e-04
1.100000000000000000e+01 5.800000000000000000e+01 3.100000000000000000e+01 0.000000000000000000e+00 1.600000000000000089e+00 -2.906999999999999862e-03 -9.539999999999999869e-04 9.999949999999999672e-01 -7.645690000000000541e-01 -6.445359999999999978e-01 -2.837000000000000112e-03 6.445349999999999691e-01 -7.645739999999999759e-01 1.144000000000000052e-03
1.900000000000000000e+01 5.800000000000000000e+01 3.100000000000000000e+01 0.000000000000000000e+00 1.600000000000000089e+00 2.905000000000000030e-03 -1.088999999999999907e-03 9.999949999999999672e-01 -7.603239999999999998e-01 -6.495429999999999815e-01 1.502000000000000080e-03 6.495379999999999487e-01 -7.603239999999999998e-01 -2.714999999999999965e-03
2.300000000000000000e+01 5.800000000000000000e+01 3.100000000000000000e+01 0.000000000000000000e+00 1.600000000000000089e+00 1.930000000000000075e-03 -1.730000000000000038e-04 9.999980000000000535e-01 -7.607000000000000428e-01 -6.491019999999999568e-01 1.356000000000000000e-03 6.491010000000000391e-01 -7.607009999999999605e-01 -1.384000000000000031e-03
2.000000000000000000e+00 6.000000000000000000e+00 3.200000000000000000e+01 0.000000000000000000e+00 1.600000000000000089e+00 1.978999999999999856e-03 1.679999999999999907e-04 -9.999980000000000535e-01 1.992619999999999947e-01 9.799459999999999837e-01 5.590000000000000351e-04 9.799440000000000373e-01 -1.992619999999999947e-01 1.905999999999999925e-03
1.100000000000000000e+01 6.000000000000000000e+00 3.200000000000000000e+01 0.000000000000000000e+00 1.600000000000000089e+00 -1.776000000000000018e-03 6.030000000000000204e-04 -9.999980000000000535e-01 2.200910000000000089e-01 9.754789999999999850e-01 1.969999999999999909e-04 9.754779999999999562e-01 -2.200900000000000079e-01 -1.866000000000000037e-03
1.900000000000000000e+01 6.000000000000000000e+00 3.200000000000000000e+01 0.000000000000000000e+00 1.600000000000000089e+00 2.066000000000000128e-03 -2.442999999999999859e-03 -9.999949999999999672e-01 2.435029999999999972e-01 9.698980000000000379e-01 -1.866000000000000037e-03 9.698980000000000379e-01 -2.434969999999999912e-01 2.599000000000000182e-03
2.200000000000000000e+01 6.000000000000000000e+00 3.200000000000000000e+01 0.000000000000000000e+00 1.600000000000000089e+00 8.599999999999999789e-04 -1.301999999999999989e-03 -9.999989999999999712e-01 2.445749999999999869e-01 9.696299999999999919e-01 -1.051999999999999984e-03 9.696299999999999919e-01 -2.445740000000000136e-01 1.152000000000000029e-03
2.300000000000000000e+01 2.200000000000000000e+01 3.400000000000000000e+01 0.000000000000000000e+00 1.600000000000000089e+00 6.740000000000000114e-04 -1.776999999999999934e-03 9.999980000000000535e-01 3.787789999999999768e-01 -9.254850000000000021e-01 -1.899999999999999996e-03 9.254869999999999486e-01 3.787800000000000056e-01 4.899999999999999842e-05
5.000000000000000000e+00 4.600000000000000000e+01 3.500000000000000000e+01 0.000000000000000000e+00 1.600000000000000089e+00 2.203000000000000097e-03 -1.440000000000000091e-03 -9.999970000000000248e-01 3.861800000000000233e-01 -9.224210000000000464e-01 2.178999999999999947e-03 -9.224210000000000464e-01 -3.861840000000000273e-01 -1.476000000000000098e-03
1.000000000000000000e+01 4.600000000000000000e+01 3.500000000000000000e+01 0.000000000000000000e+00 1.600000000000000089e+00 6.300000000000000261e-04 -3.975000000000000235e-03 -9.999919999999999920e-01 3.853820000000000023e-01 -9.227490000000000414e-01 3.911000000000000414e-03 -9.227570000000000494e-01 -3.853809999999999736e-01 9.510000000000000224e-04
1.400000000000000000e+01 4.600000000000000000e+01 3.500000000000000000e+01 0.000000000000000000e+00 1.600000000000000089e+00 -4.850000000000000253e-04 1.038000000000000077e-03 -9.999989999999999712e-01 3.857220000000000093e-01 -9.226149999999999629e-01 -1.144999999999999967e-03 -9.226149999999999629e-01 -3.857220000000000093e-01 4.699999999999999724e-05
1.600000000000000000e+01 4.600000000000000000e+01 3.500000000000000000e+01 0.000000000000000000e+00 1.600000000000000089e+00 -2.269999999999999882e-04 -1.990000000000000124e-04 -1.000000000000000000e+00 3.857400000000000273e-01 -9.226069999999999549e-01 9.600000000000000243e-05 -9.226069999999999549e-01 -3.857400000000000273e-01 2.860000000000000129e-04
2.100000000000000000e+01 4.600000000000000000e+01 3.500000000000000000e+01 0.000000000000000000e+00 1.600000000000000089e+00 -1.613999999999999983e-03 4.902000000000000107e-03 -9.999869999999999592e-01 3.858050000000000090e-01 -9.225659999999999972e-01 -5.145000000000000268e-03 -9.225790000000000379e-01 -3.858079999999999843e-01 -4.020000000000000136e-04
3.000000000000000000e+00 9.500000000000000000e+01 3.600000000000000000e+01 0.000000000000000000e+00 1.600000000000000089e+00 2.056000000000000102e-03 2.151899999999999993e-02 9.997660000000000435e-01 9.970719999999999583e-01 7.637399999999999745e-02 -3.694999999999999934e-03 -7.643600000000000394e-02 9.968470000000000386e-01 -2.129899999999999849e-02
9.000000000000000000e+00 9.500000000000000000e+01 3.600000000000000000e+01 0.000000000000000000e+00 1.600000000000000089e+00 2.941000000000000038e-03 -2.181200000000000153e-02 9.997580000000000355e-01 9.965089999999999781e-01 8.348400000000000265e-02 -1.110000000000000092e-03 -8.343899999999999928e-02 9.962699999999999889e-01 2.198200000000000154e-02
1.300000000000000000e+01 9.500000000000000000e+01 3.600000000000000000e+01 0.000000000000000000e+00 1.600000000000000089e+00 6.520000000000000188e-04 -1.125699999999999965e-02 9.999360000000000470e-01 9.960130000000000372e-01 8.920300000000000451e-02 3.550000000000000096e-04 -8.920100000000000251e-02 9.959500000000000020e-01 1.127000000000000050e-02
1.800000000000000000e+01 9.500000000000000000e+01 3.600000000000000000e+01 0.000000000000000000e+00 1.600000000000000089e+00 2.103999999999999967e-03 6.790000000000000029e-03 9.999749999999999472e-01 9.962060000000000359e-01 8.698000000000000176e-02 -2.687000000000000152e-03 -8.699600000000000388e-02 9.961870000000000447e-01 -6.581000000000000044e-03
2.200000000000000000e+01 9.500000000000000000e+01 3.600000000000000000e+01 0.000000000000000000e+00 1.600000000000000089e+00 -4.899999999999999842e-03 2.167000000000000089e-03 9.999860000000000415e-01 9.961769999999999792e-01 8.723300000000000498e-02 4.691999999999999990e-03 -8.722199999999999398e-02 9.961860000000000159e-01 -2.586000000000000191e-03
7.000000000000000000e+00 3.000000000000000000e+00 4.300000000000000000e+01 0.000000000000000000e+00 1.600000000000000089e+00 7.536000000000000164e-03 3.692600000000000049e-02 -9.992900000000000116e-01 7.425890000000000546e-01 -6.694740000000000135e-01 -1.913899999999999976e-02 -6.697049999999999947e-01 -7.419170000000000487e-01 -3.246600000000000180e-02
1.100000000000000000e+01 3.000000000000000000e+00 4.300000000000000000e+01 0.000000000000000000e+00 1.600000000000000089e+00 8.776000000000000814e-03 4.731099999999999889e-02 -9.988420000000000076e-01 7.405030000000000223e-01 -6.715769999999999795e-01 -2.530299999999999910e-02 -6.719960000000000377e-01 -7.394230000000000524e-01 -4.092799999999999910e-02
1.600000000000000000e+01 3.000000000000000000e+00 4.300000000000000000e+01 0.000000000000000000e+00 1.600000000000000089e+00 4.082999999999999824e-03 4.005600000000000133e-02 -9.991889999999999938e-01 7.354129999999999834e-01 -6.771890000000000409e-01 -2.414300000000000126e-02 -6.776069999999999593e-01 -7.347179999999999822e-01 -3.222200000000000064e-02
2.100000000000000000e+01 3.000000000000000000e+00 4.300000000000000000e+01 0.000000000000000000e+00 1.600000000000000089e+00 1.951000000000000043e-03 6.505999999999999631e-03 -9.999770000000000048e-01 7.372469999999999857e-01 -6.756170000000000231e-01 -2.956999999999999993e-03 -6.756210000000000271e-01 -7.372239999999999904e-01 -6.114999999999999776e-03
2.600000000000000000e+01 3.000000000000000000e+00 4.300000000000000000e+01 0.000000000000000000e+00 1.600000000000000089e+00 1.025000000000000086e-03 9.199000000000000579e-03 -9.999569999999999848e-01 7.385199999999999543e-01 -6.742099999999999760e-01 -5.446000000000000320e-03 -6.742310000000000247e-01 -7.384819999999999718e-01 -7.485000000000000334e-03
6.000000000000000000e+00 8.000000000000000000e+00 4.400000000000000000e+01 0.000000000000000000e+00 1.600000000000000089e+00 1.469999999999999953e-04 7.734000000000000423e-03 9.999700000000000255e-01 -7.701080000000000148e-01 -6.378930000000000433e-01 5.047000000000000271e-03 6.379129999999999523e-01 -7.700860000000000483e-01 5.862000000000000023e-03
1.800000000000000000e+01 8.000000000000000000e+00 4.400000000000000000e+01 0.000000000000000000e+00 1.600000000000000089e+00 3.033999999999999805e-03 1.145299999999999964e-02 9.999299999999999855e-01 -7.717140000000000111e-01 -6.358970000000000455e-01 9.624999999999999875e-03 6.359629999999999450e-01 -7.716889999999999583e-01 6.909000000000000211e-03
2.200000000000000000e+01 8.000000000000000000e+00 4.400000000000000000e+01 0.000000000000000000e+00 1.600000000000000089e+00 1.142000000000000003e-03 5.426000000000000267e-03 9.999850000000000128e-01 -7.735659999999999759e-01 -6.337009999999999588e-01 4.322000000000000321e-03 6.337139999999999995e-01 -7.735589999999999966e-01 3.474000000000000091e-03
2.000000000000000000e+00 2.900000000000000000e+01 4.400000000000000000e+01 0.000000000000000000e+00 1.600000000000000089e+00 -4.519999999999999821e-04 -4.589999999999999896e-04 -1.000000000000000000e+00 6.810239999999999627e-01 7.322610000000000507e-01 -6.440000000000000412e-04 7.322610000000000507e-01 -6.810239999999999627e-01 -1.900000000000000105e-05
6.000000000000000000e+00 2.900000000000000000e+01 4.400000000000000000e+01 0.000000000000000000e+00 1.600000000000000089e+00 1.299000000000000024e-03 -2.517999999999999839e-03 -9.999959999999999960e-01 6.826640000000000486e-01 7.307320000000000482e-01 -9.539999999999999869e-04 7.307310000000000194e-01 -6.826600000000000446e-01 2.667999999999999799e-03
1.500000000000000000e+01 2.900000000000000000e+01 4.400000000000000000e+01 0.000000000000000000e+00 1.600000000000000089e+00 9.899999999999999404e-05 2.240999999999999936e-03 -9.999970000000000248e-01 6.725740000000000052e-01 7.400280000000000191e-01 1.724999999999999971e-03 7.400299999999999656e-01 -6.725729999999999764e-01 -1.433999999999999945e-03
2.200000000000000000e+01 2.900000000000000000e+01 4.400000000000000000e+01 0.000000000000000000e+00 1.600000000000000089e+00 -9.659999999999999533e-04 2.086999999999999880e-03 -9.999970000000000248e-01 6.579429999999999445e-01 7.530670000000000419e-01 9.359999999999999831e-04 7.530670000000000419e-01 -6.579399999999999693e-01 -2.099999999999999870e-03
2.500000000000000000e+01 2.900000000000000000e+01 4.400000000000000000e+01 0.000000000000000000e+00 1.600000000000000089e+00 -1.435999999999999993e-03 -1.985999999999999918e-03 -9.999970000000000248e-01 6.573290000000000521e-01 7.536000000000000476e-01 -2.441000000000000027e-03 7.536030000000000229e-01 -6.573299999999999699e-01 2.239999999999999966e-04
1.000000000000000000e+00 5.400000000000000000e+01 4.600000000000000000e+01 0.000000000000000000e+00 1.600000000000000089e+00 -1.956999999999999972e-03 -2.053000000000000137e-03 9.999959999999999960e-01 3.381279999999999841e-01 -9.410990000000000189e-01 -1.270000000000000078e-03 9.410979999999999901e-01 3.381239999999999801e-01 2.536000000000000060e-03
1.400000000000000000e+01 5.400000000000000000e+01 4.600000000000000000e+01 0.000000000000000000e+00 1.600000000000000089e+00 3.259999999999999877e-03 4.920000000000000328e-04 9.999949999999999672e-01 3.209299999999999931e-01 -9.471030000000000282e-01 -5.800000000000000034e-04 9.470969999999999667e-01 3.209299999999999931e-01 -3.245000000000000055e-03
2.100000000000000000e+01 5.400000000000000000e+01 4.600000000000000000e+01 0.000000000000000000e+00 1.600000000000000089e+00 1.051000000000000068e-03 -3.484999999999999817e-03 9.999930000000000208e-01 3.573000000000000065e-01 -9.339830000000000076e-01 -3.629999999999999980e-03 9.339889999999999581e-01 3.573009999999999797e-01 2.640000000000000202e-04
8.000000000000000000e+00 6.500000000000000000e+01 4.600000000000000000e+01 0.000000000000000000e+00 1.600000000000000089e+00 1.954000000000000008e-03 -1.289999999999999914e-04 9.999980000000000535e-01 6.808290000000000175e-01 -7.324410000000000087e-01 -1.425000000000000051e-03 7.324399999999999800e-01 6.808309999999999640e-01 -1.343000000000000010e-03
2.300000000000000000e+01 6.500000000000000000e+01 4.600000000000000000e+01 0.000000000000000000e+00 1.600000000000000089e+00 -2.553000000000000148e-03 3.712000000000000022e-03 9.999900000000000455e-01 6.818539999999999601e-01 -7.314749999999999863e-01 4.455999999999999892e-03 7.314840000000000231e-01 6.818579999999999641e-01 -6.629999999999999609e-04
2.900000000000000000e+01 6.500000000000000000e+01 4.600000000000000000e+01 0.000000000000000000e+00 1.600000000000000089e+00 2.480000000000000000e-03 -1.245000000000000013e-03 9.999959999999999960e-01 6.832989999999999897e-01 -7.301339999999999497e-01 -2.603999999999999978e-03 7.301349999999999785e-01 6.833019999999999650e-01 -9.600000000000000243e-04
1.800000000000000000e+01 5.000000000000000000e+00 5.100000000000000000e+01 0.000000000000000000e+00 1.600000000000000089e+00 3.373999999999999829e-03 1.114000000000000060e-02 -9.999320000000000430e-01 4.901780000000000026e-01 -8.715850000000000541e-01 -8.056000000000000660e-03 -8.716159999999999464e-01 -4.901170000000000249e-01 -8.401999999999999746e-03
4.000000000000000000e+00 1.150000000000000000e+02 5.100000000000000000e+01 0.000000000000000000e+00 1.600000000000000089e+00 -2.809999999999999998e-03 -7.941000000000000142e-03 9.999649999999999928e-01 8.421319999999999917e-01 -5.392670000000000519e-01 -1.915999999999999951e-03 5.392639999999999656e-01 8.420969999999999844e-01 8.203000000000000222e-03
5.000000000000000000e+00 6.300000000000000000e+01 5.400000000000000000e+01 0.000000000000000000e+00 1.600000000000000089e+00 -1.420000000000000092e-04 1.770000000000000089e-03 9.999980000000000535e-01 -3.557759999999999811e-01 9.345700000000000118e-01 -1.704000000000000003e-03 -9.345710000000000406e-01 -3.557750000000000079e-01 4.970000000000000459e-04
1.200000000000000000e+01 6.300000000000000000e+01 5.400000000000000000e+01 0.000000000000000000e+00 1.600000000000000089e+00 2.900000000000000017e-05 2.520000000000000104e-03 9.999970000000000248e-01 -3.468470000000000164e-01 9.379189999999999472e-01 -2.354000000000000190e-03 -9.379220000000000335e-01 -3.468459999999999877e-01 9.020000000000000240e-04
1.700000000000000000e+01 6.300000000000000000e+01 5.400000000000000000e+01 0.000000000000000000e+00 1.600000000000000089e+00 -1.360000000000000098e-03 -2.660000000000000146e-04 9.999989999999999712e-01 -3.420619999999999772e-01 9.396769999999999845e-01 -2.149999999999999947e-04 -9.396759999999999557e-01 -3.420619999999999772e-01 -1.368999999999999991e-03
2.200000000000000000e+01 6.300000000000000000e+01 5.400000000000000000e+01 0.000000000000000000e+00 1.600000000000000089e+00 5.270000000000000162e-04 -1.021999999999999905e-03 9.999989999999999712e-01 -3.423109999999999764e-01 9.395860000000000323e-01 1.139999999999999954e-03 -9.395869999999999500e-01 -3.423109999999999764e-01 1.450000000000000009e-04
4.000000000000000000e+00 2.500000000000000000e+01 5.500000000000000000e+01 0.000000000000000000e+00 1.600000000000000089e+00 1.801999999999999999e-03 2.488000000000000194e-03 -9.999949999999999672e-01 -8.597999999999999740e-03 -9.999599999999999600e-01 -2.503000000000000017e-03 -9.999609999999999888e-01 8.602000000000000271e-03 -1.781000000000000031e-03
1.600000000000000000e+01 2.500000000000000000e+01 5.500000000000000000e+01 0.000000000000000000e+00 1.600000000000000089e+00 -1.105000000000000079e-03 -2.681999999999999922e-03 -9.999959999999999960e-01 -9.525999999999999746e-03 -9.999510000000000343e-01 2.691999999999999948e-03 -9.999540000000000095e-01 9.528999999999999276e-03 1.079000000000000098e-03
1.900000000000000000e+01 2.500000000000000000e+01 5.500000000000000000e+01 0.000000000000000000e+00 1.600000000000000089e+00 -3.069999999999999812e-04 7.079999999999999705e-04 -1.000000000000000000e+00 -9.811999999999999542e-03 -9.999519999999999520e-01 -7.050000000000000060e-04 -9.999519999999999520e-01 9.811999999999999542e-03 3.139999999999999888e-04
2.400000000000000000e+01 2.500000000000000000e+01 5.500000000000000000e+01 0.000000000000000000e+00 1.600000000000000089e+00 7.159999999999999481e-04 2.063000000000000164e-03 -9.999980000000000535e-01 -1.000099999999999947e-02 -9.999479999999999480e-01 -2.069999999999999792e-03 -9.999500000000000055e-01 1.000299999999999974e-02 -6.960000000000000041e-04
2.800000000000000000e+01 2.500000000000000000e+01 5.500000000000000000e+01 0.000000000000000000e+00 1.600000000000000089e+00 -9.890000000000000787e-04 1.789000000000000009e-03 -9.999980000000000535e-01 -1.059900000000000078e-02 -9.999419999999999975e-01 -1.778000000000000067e-03 -9.999430000000000263e-01 1.059799999999999978e-02 1.007999999999999998e-03
8.000000000000000000e+00 7.000000000000000000e+00 6.000000000000000000e+01 0.000000000000000000e+00 1.600000000000000089e+00 -2.295000000000000165e-03 -1.055999999999999994e-02 9.999419999999999975e-01 5.695379999999999887e-01 -8.219319999999999959e-01 -7.373000000000000213e-03 8.219619999999999704e-01 5.694869999999999655e-01 7.901000000000000037e-03
2.300000000000000000e+01 7.000000000000000000e+00 6.000000000000000000e+01 0.000000000000000000e+00 1.600000000000000089e+00 1.456000000000000046e-03 7.183000000000000149e-03 9.999730000000000008e-01 5.663949999999999818e-01 -8.241180000000000172e-01 5.094999999999999703e-03 8.241319999999999757e-01 5.663730000000000153e-01 -5.268000000000000113e-03
2.900000000000000000e+01 7.000000000000000000e+00 6.000000000000000000e+01 0.000000000000000000e+00 1.600000000000000089e+00 -1.110000000000000092e-03 8.649999999999999703e-03 9.999620000000000175e-01 5.660469999999999668e-01 -8.243359999999999577e-01 7.759000000000000272e-03 8.243719999999999937e-01 5.660340000000000371e-01 -3.982000000000000296e-03
5.000000000000000000e+00 2.100000000000000000e+01 6.000000000000000000e+01 0.000000000000000000e+00 1.600000000000000089e+00 1.069000000000000072e-03 8.045000000000000068e-03 9.999670000000000503e-01 -9.452499999999999791e-02 9.954910000000000148e-01 -7.908000000000000099e-03 -9.955220000000000180e-01 -9.451400000000000079e-02 1.824000000000000100e-03
8.000000000000000000e+00 2.100000000000000000e+01 6.000000000000000000e+01 0.000000000000000000e+00 1.600000000000000089e+00 2.501999999999999884e-03 2.053999999999999836e-03 9.999949999999999672e-01 -9.478300000000000614e-02 9.954960000000000475e-01 -1.807000000000000012e-03 -9.954950000000000188e-01 -9.477800000000000114e-02 2.684999999999999887e-03
1.200000000000000000e+01 2.100000000000000000e+01 6.000000000000000000e+01 0.000000000000000000e+00 1.600000000000000089e+00 2.811999999999999830e-03 2.945999999999999834e-03 9.999919999999999920e-01 -9.590400000000000313e-02 9.953870000000000218e-01 -2.663000000000000003e-03 -9.953870000000000218e-01 -9.589599999999999513e-02 3.082000000000000104e-03
1.500000000000000000e+01 2.100000000000000000e+01 6.000000000000000000e+01 0.000000000000000000e+00 1.600000000000000089e+00 2.308000000000000156e-03 7.611999999999999843e-03 9.999679999999999680e-01 -9.714000000000000412e-02 9.952440000000000175e-01 -7.352000000000000028e-03 -9.952680000000000415e-01 -9.711999999999999800e-02 3.037000000000000203e-03
2.000000000000000000e+00 6.000000000000000000e+00 6.100000000000000000e+01 0.000000000000000000e+00 1.600000000000000089e+00 -2.400000000000000061e-05 1.393600000000000047e-02 9.999029999999999863e-01 5.638630000000000031e-01 -8.257879999999999665e-01 1.152300000000000026e-02 8.258689999999999642e-01 5.638079999999999758e-01 -7.837999999999999481e-03
2.200000000000000000e+01 6.000000000000000000e+00 6.100000000000000000e+01 0.000000000000000000e+00 1.600000000000000089e+00 4.169999999999999987e-04 2.292000000000000200e-03 9.999970000000000248e-01 5.589490000000000292e-01 -8.292000000000000481e-01 1.667999999999999995e-03 8.292019999999999946e-01 5.589469999999999716e-01 -1.626999999999999974e-03
1.000000000000000000e+00 2.700000000000000000e+01 6.300000000000000000e+01 0.000000000000000000e+00 1.600000000000000089e+00 -4.710000000000000102e-04 4.610000000000000382e-03 9.999890000000000168e-01 -2.724269999999999747e-01 9.621659999999999657e-01 -4.564000000000000348e-03 -9.621760000000000312e-01 -2.724260000000000015e-01 8.030000000000000028e-04
6.000000000000000000e+00 2.700000000000000000e+01 6.300000000000000000e+01 0.000000000000000000e+00 1.600000000000000089e+00 1.543000000000000101e-03 4.474999999999999811e-03 9.999890000000000168e-01 -2.733209999999999806e-01 9.619149999999999645e-01 -3.883000000000000167e-03 -9.619220000000000548e-01 -2.733119999999999994e-01 2.707000000000000205e-03
1.100000000000000000e+01 2.700000000000000000e+01 6.300000000000000000e+01 0.000000000000000000e+00 1.600000000000000089e+00 2.115000000000000126e-03 2.784000000000000016e-03 9.999940000000000495e-01 -2.755639999999999756e-01 9.612800000000000233e-01 -2.092999999999999809e-03 -9.612800000000000233e-01 -2.755580000000000251e-01 2.799999999999999972e-03
1.600000000000000000e+01 2.700000000000000000e+01 6.300000000000000000e+01 0.000000000000000000e+00 1.600000000000000089e+00 1.049000000000000019e-03 5.340000000000000129e-03 9.999850000000000128e-01 -2.777350000000000096e-01 9.606449999999999712e-01 -4.839000000000000419e-03 -9.606569999999999832e-01 -2.777259999999999729e-01 2.491000000000000159e-03
1.900000000000000000e+01 2.700000000000000000e+01 6.300000000000000000e+01 0.000000000000000000e+00 1.600000000000000089e+00 1.180000000000000059e-03 2.614000000000000004e-03 9.999959999999999960e-01 -2.772979999999999889e-01 9.607809999999999961e-01 -2.184999999999999876e-03 -9.607830000000000537e-01 -2.772950000000000137e-01 1.858000000000000059e-03
