6.000000000000000000e+00 2.500000000000000000e+01 1.000000000000000000e+00 0.000000000000000000e+00 1.600000000000000089e+00 4.629999999999999567e-03 7.614000000000000108e-03 -9.999599999999999600e-01 -5.212130000000000374e-01 -8.533800000000000274e-01 -8.911000000000000518e-03 -8.534140000000000059e-01 5.212339999999999751e-01 1.699999999999999987e-05
1.200000000000000000e+01 2.500000000000000000e+01 1.000000000000000000e+00 0.000000000000000000e+00 1.600000000000000089e+00 -2.177999999999999815e-03 -1.051000000000000024e-02 -9.999419999999999975e-01 -5.182149999999999812e-01 -8.551910000000000345e-01 1.011699999999999926e-02 -8.552480000000000082e-01 5.182069999999999732e-01 -3.583999999999999946e-03
2.300000000000000000e+01 2.500000000000000000e+01 1.000000000000000000e+00 0.000000000000000000e+00 1.600000000000000089e+00 -2.294000000000000032e-03 -5.416999999999999940e-03 -9.999829999999999552e-01 -5.208270000000000399e-01 -8.536420000000000119e-01 5.819000000000000387e-03 -8.536589999999999456e-01 5.208319999999999617e-01 -8.630000000000000518e-04
8.000000000000000000e+00 1.900000000000000000e+01 5.000000000000000000e+00 0.000000000000000000e+00 1.600000000000000089e+00 1.420000000000000038e-03 2.390000000000000197e-03 -9.999959999999999960e-01 -6.926639999999999464e-01 -7.212560000000000082e-01 -2.707999999999999904e-03 -7.212589999999999835e-01 6.926649999999999752e-01 6.310000000000000504e-04
1.100000000000000000e+01 1.900000000000000000e+01 5.000000000000000000e+00 0.000000000000000000e+00 1.600000000000000089e+00 8.500000000000000611e-05 -8.347999999999999518e-03 -9.999649999999999928e-01 -6.927919999999999634e-01 -7.211130000000000040e-01 5.962000000000000285e-03 -7.211379999999999457e-01 6.927670000000000217e-01 -5.845000000000000369e-03
1.500000000000000000e+01 1.900000000000000000e+01 5.000000000000000000e+00 0.000000000000000000e+00 1.600000000000000089e+00 8.809999999999999472e-04 -3.412999999999999801e-03 -9.999940000000000495e-01 -6.946409999999999529e-01 -7.193540000000000489e-01 1.843000000000000020e-03 -7.193559999999999954e-01 6.946350000000000025e-01 -3.004000000000000160e-03
2.400000000000000000e+01 1.900000000000000000e+01 5.000000000000000000e+00 0.000000000000000000e+00 1.600000000000000089e+00 -1.484999999999999992e-03 -3.465999999999999897e-03 -9.999930000000000208e-01 -7.025740000000000318e-01 -7.116019999999999568e-01 3.510000000000000099e-03 -7.116090000000000471e-01 7.025740000000000318e-01 -1.378000000000000102e-03
3.000000000000000000e+00 1.010000000000000000e+02 7.000000000000000000e+00 0.000000000000000000e+00 1.600000000000000089e+00 1.266999999999999897e-03 -4.135999999999999920e-03 9.999909999999999632e-01 8.893879999999999564e-01 4.571529999999999760e-01 7.640000000000000306e-04 -4.571520000000000028e-01 8.893780000000000019e-01 4.257000000000000367e-03
1.400000000000000000e+01 1.010000000000000000e+02 7.000000000000000000e+00 0.000000000000000000e+00 1.600000000000000089e+00 1.482000000000000027e-03 -1.545599999999999925e-02 9.998789999999999623e-01 8.829270000000000174e-01 4.694729999999999737e-01 5.948000000000000162e-03 -4.695079999999999809e-01 8.828120000000000411e-01 1.434200000000000058e-02
2.000000000000000000e+00 2.500000000000000000e+01 8.000000000000000000e+00 0.000000000000000000e+00 1.600000000000000089e+00 -2.518999999999999972e-03 -5.472000000000000301e-03 -9.999820000000000375e-01 4.399089999999999945e-01 8.980219999999999869e-01 -6.021999999999999575e-03 8.980390000000000317e-01 -4.399159999999999737e-01 1.450000000000000009e-04
6.000000000000000000e+00 2.500000000000000000e+01 8.000000000000000000e+00 0.000000000000000000e+00 1.600000000000000089e+00 -3.374999999999999962e-03 -4.845000000000000348e-03 -9.999829999999999552e-01 4.402420000000000222e-01 8.978599999999999914e-01 -5.836000000000000042e-03 8.978730000000000322e-01 -4.402539999999999787e-01 -8.970000000000000109e-04
9.000000000000000000e+00 2.500000000000000000e+01 8.000000000000000000e+00 0.000000000000000000e+00 1.600000000000000089e+00 -1.495000000000000018e-03 -8.208000000000000018e-03 -9.999649999999999928e-01 4.396599999999999953e-01 8.981280000000000374e-01 -8.028999999999999679e-03 8.981630000000000447e-01 -4.396570000000000200e-01 2.265999999999999785e-03
1.400000000000000000e+01 2.500000000000000000e+01 8.000000000000000000e+00 0.000000000000000000e+00 1.600000000000000089e+00 1.033999999999999980e-03 -8.021999999999999617e-03 -9.999670000000000503e-01 4.379709999999999992e-01 8.989639999999999853e-01 -6.758000000000000118e-03 8.989890000000000381e-01 -4.379489999999999772e-01 4.442999999999999901e-03
1.800000000000000000e+01 2.500000000000000000e+01 8.000000000000000000e+00 0.000000000000000000e+00 1.600000000000000089e+00 9.000000000000000567e-05 1.031000000000000015e-03 -1.000000000000000000e+00 4.390189999999999926e-01 8.984769999999999701e-01 9.659999999999999533e-04 8.984779999999999989e-01 -4.390189999999999926e-01 -3.719999999999999891e-04
2.300000000000000000e+01 2.500000000000000000e+01 8.000000000000000000e+00 0.000000000000000000e+00 1.600000000000000089e+00 1.311000000000000099e-03 4.320000000000000055e-03 -9.999900000000000455e-01 4.394870000000000165e-01 8.982379999999999809e-01 4.455999999999999892e-03 8.982480000000000464e-01 -4.394890000000000185e-01 -7.209999999999999612e-04
2.700000000000000000e+01 2.500000000000000000e+01 8.000000000000000000e+00 0.000000000000000000e+00 1.600000000000000089e+00 2.262000000000000122e-03 1.876999999999999979e-03 -9.999959999999999960e-01 4.387889999999999846e-01 8.985859999999999959e-01 2.678999999999999958e-03 8.985870000000000246e-01 -4.387929999999999886e-01 1.209000000000000005e-03
6.000000000000000000e+00 2.400000000000000000e+01 9.000000000000000000e+00 0.000000000000000000e+00 1.600000000000000089e+00 -2.700999999999999842e-03 -6.647000000000000131e-03 -9.999740000000000295e-01 4.466269999999999962e-01 8.946910000000000140e-01 -7.152999999999999636e-03 8.947159999999999558e-01 -4.466350000000000042e-01 5.529999999999999976e-04
9.000000000000000000e+00 2.400000000000000000e+01 9.000000000000000000e+00 0.000000000000000000e+00 1.600000000000000089e+00 -5.540000000000000219e-04 -9.707999999999999616e-03 -9.999529999999999808e-01 4.460359999999999880e-01 8.949709999999999610e-01 -8.935999999999999499e-03 8.950150000000000050e-01 -4.460189999999999988e-01 3.834999999999999867e-03
1.300000000000000000e+01 2.400000000000000000e+01 9.000000000000000000e+00 0.000000000000000000e+00 1.600000000000000089e+00 1.381999999999999982e-03 -1.025700000000000049e-02 -9.999460000000000015e-01 4.446970000000000089e-01 8.956399999999999917e-01 -8.573000000000000759e-03 8.956800000000000317e-01 -4.446609999999999729e-01 5.799000000000000335e-03
1.900000000000000000e+01 2.400000000000000000e+01 9.000000000000000000e+00 0.000000000000000000e+00 1.600000000000000089e+00 3.020000000000000223e-04 3.578000000000000017e-03 -9.999940000000000495e-01 4.447070000000000189e-01 8.956699999999999662e-01 3.338999999999999954e-03 8.956760000000000277e-01 -4.447050000000000169e-01 -1.320999999999999909e-03
2.400000000000000000e+01 2.400000000000000000e+01 9.000000000000000000e+00 0.000000000000000000e+00 1.600000000000000089e+00 1.234000000000000071e-03 5.245999999999999795e-03 -9.999860000000000415e-01 4.458039999999999781e-01 8.951149999999999940e-01 5.245999999999999795e-03 8.951299999999999812e-01 -4.458039999999999781e-01 -1.234000000000000071e-03
2.800000000000000000e+01 2.400000000000000000e+01 9.000000000000000000e+00 0.000000000000000000e+00 1.600000000000000089e+00 2.371999999999999977e-03 2.488000000000000194e-03 -9.999940000000000495e-01 4.447479999999999767e-01 8.956499999999999462e-01 3.282999999999999894e-03 8.956530000000000324e-01 -4.447530000000000094e-01 1.018999999999999941e-03
5.000000000000000000e+00 7.000000000000000000e+00 1.000000000000000000e+01 0.000000000000000000e+00 1.600000000000000089e+00 -5.430600000000000011e-02 -3.750200000000000061e-02 -9.978200000000000403e-01 -9.850280000000000147e-01 -1.617329999999999879e-01 5.968799999999999800e-02 -1.636189999999999867e-01 9.861220000000000541e-01 -2.815700000000000147e-02
9.000000000000000000e+00 7.000000000000000000e+00 1.000000000000000000e+01 0.000000000000000000e+00 1.600000000000000089e+00 5.348000000000000323e-03 -6.845000000000000390e-03 -9.999620000000000175e-01 -9.911450000000000538e-01 -1.327079999999999926e-01 -4.392000000000000071e-03 -1.326730000000000131e-01 9.911320000000000130e-01 -7.493999999999999793e-03
2.100000000000000000e+01 8.000000000000000000e+00 1.000000000000000000e+01 0.000000000000000000e+00 1.600000000000000089e+00 6.467399999999999538e-02 2.523699999999999902e-02 -9.975870000000000015e-01 -9.883520000000000083e-01 -1.363870000000000082e-01 -6.752500000000000169e-02 -1.377619999999999956e-01 9.903340000000000476e-01 1.612200000000000091e-02
2.600000000000000000e+01 8.000000000000000000e+00 1.000000000000000000e+01 0.000000000000000000e+00 1.600000000000000089e+00 6.015999999999999820e-02 9.731000000000000066e-03 -9.981409999999999449e-01 -9.969710000000000516e-01 -4.879100000000000104e-02 -6.056500000000000078e-02 -4.929000000000000048e-02 9.987620000000000386e-01 6.766000000000000313e-03
4.000000000000000000e+00 3.000000000000000000e+00 1.100000000000000000e+01 0.000000000000000000e+00 1.600000000000000089e+00 -1.116999999999999937e-03 -6.952099999999999946e-02 9.975800000000000223e-01 1.356169999999999876e-01 -9.883750000000000036e-01 -6.872699999999999643e-02 9.907610000000000028e-01 1.352119999999999989e-01 1.053199999999999970e-02
1.000000000000000000e+01 3.000000000000000000e+00 1.100000000000000000e+01 0.000000000000000000e+00 1.600000000000000089e+00 -1.459999999999999926e-03 1.862199999999999966e-02 9.998259999999999925e-01 1.209540000000000060e-01 -9.924830000000000041e-01 1.866200000000000150e-02 9.926570000000000116e-01 1.209599999999999981e-01 -8.030000000000000028e-04
2.700000000000000000e+01 4.000000000000000000e+00 1.100000000000000000e+01 0.000000000000000000e+00 1.600000000000000089e+00 -2.771000000000000026e-03 5.454200000000000020e-02 9.985079999999999512e-01 1.742299999999999960e-01 -9.832130000000000036e-01 5.419000000000000206e-02 9.847010000000000485e-01 1.741199999999999970e-01 -6.778000000000000171e-03
4.000000000000000000e+00 3.200000000000000000e+01 1.400000000000000000e+01 0.000000000000000000e+00 1.600000000000000089e+00 2.680000000000000090e-04 4.218000000000000395e-03 -9.999909999999999632e-01 1.174670000000000020e-01 9.930679999999999508e-01 4.220999999999999926e-03 9.930769999999999875e-01 -1.174670000000000020e-01 -2.290000000000000098e-04
8.000000000000000000e+00 3.200000000000000000e+01 1.400000000000000000e+01 0.000000000000000000e+00 1.600000000000000089e+00 6.980000000000000527e-04 2.373000000000000109e-03 -9.999970000000000248e-01 1.196129999999999971e-01 9.928179999999999783e-01 2.439000000000000196e-03 9.928200000000000358e-01 -1.196139999999999981e-01 4.090000000000000211e-04
1.100000000000000000e+01 3.200000000000000000e+01 1.400000000000000000e+01 0.000000000000000000e+00 1.600000000000000089e+00 3.114000000000000015e-03 -2.611000000000000040e-03 -9.999919999999999920e-01 1.200969999999999954e-01 9.927599999999999758e-01 -2.217999999999999920e-03 9.927570000000000006e-01 -1.200890000000000013e-01 3.405000000000000041e-03
1.500000000000000000e+01 3.200000000000000000e+01 1.400000000000000000e+01 0.000000000000000000e+00 1.600000000000000089e+00 1.544999999999999932e-03 -5.740000000000000310e-03 -9.999820000000000375e-01 1.197389999999999982e-01 9.927899999999999503e-01 -5.512999999999999672e-03 9.928040000000000198e-01 -1.197280000000000011e-01 2.222000000000000017e-03
2.600000000000000000e+01 3.200000000000000000e+01 1.400000000000000000e+01 0.000000000000000000e+00 1.600000000000000089e+00 -9.920000000000000432e-04 5.521999999999999999e-03 -9.999839999999999840e-01 1.159550000000000025e-01 9.932400000000000118e-01 5.368999999999999641e-03 9.932539999999999702e-01 -1.159479999999999955e-01 -1.626000000000000058e-03
7.000000000000000000e+00 1.160000000000000000e+02 1.600000000000000000e+01 0.000000000000000000e+00 1.600000000000000089e+00 -3.831000000000000204e-03 -4.055999999999999710e-03 9.999839999999999840e-01 7.361419999999999630e-01 6.768039999999999612e-01 5.565999999999999767e-03 -6.768159999999999732e-01 7.361520000000000286e-01 3.930000000000000117e-04
2.900000000000000000e+01 1.160000000000000000e+02 1.600000000000000000e+01 0.000000000000000000e+00 1.600000000000000089e+00 -2.835999999999999979e-03 -1.242000000000000048e-03 9.999949999999999672e-01 8.261500000000000510e-01 5.634419999999999984e-01 3.041999999999999999e-03 -5.634430000000000271e-01 8.261549999999999727e-01 -5.720000000000000258e-04
2.700000000000000000e+01 3.600000000000000000e+01 1.800000000000000000e+01 0.000000000000000000e+00 1.600000000000000089e+00 -4.375120000000000120e-01 4.193700000000000205e-02 -8.982339999999999769e-01 -8.920679999999999721e-01 -1.459189999999999932e-01 4.276949999999999918e-01 -1.131329999999999975e-01 9.884070000000000356e-01 1.012509999999999938e-01
9.000000000000000000e+00 2.000000000000000000e+00 1.900000000000000000e+01 0.000000000000000000e+00 1.600000000000000089e+00 -4.362999999999999691e-03 -9.572000000000000647e-03 -9.999449999999999728e-01 3.457660000000000178e-01 -9.382909999999999862e-01 7.472999999999999608e-03 -9.383110000000000062e-01 -3.457140000000000213e-01 7.402999999999999858e-03
2.000000000000000000e+00 3.000000000000000000e+00 1.900000000000000000e+01 0.000000000000000000e+00 1.600000000000000089e+00 1.498999999999999898e-03 -2.149200000000000069e-02 -9.997679999999999900e-01 3.206680000000000086e-01 -9.469619999999999704e-01 2.083700000000000135e-02 -9.471899999999999764e-01 -3.206249999999999933e-01 5.472000000000000301e-03
1.200000000000000000e+01 3.000000000000000000e+00 1.900000000000000000e+01 0.000000000000000000e+00 1.600000000000000089e+00 -7.760000000000000404e-03 1.266499999999999918e-02 -9.998899999999999455e-01 3.125279999999999725e-01 -9.497980000000000311e-01 -1.445600000000000010e-02 -9.498769999999999714e-01 -3.126059999999999950e-01 3.412000000000000102e-03
1.500000000000000000e+01 3.000000000000000000e+00 1.900000000000000000e+01 0.000000000000000000e+00 1.600000000000000089e+00 -5.697999999999999940e-03 2.588299999999999976e-02 -9.996490000000000098e-01 3.198520000000000252e-01 -9.471009999999999707e-01 -2.634600000000000136e-02 -9.474500000000000144e-01 -3.198900000000000077e-01 -2.882000000000000013e-03
2.000000000000000000e+01 3.000000000000000000e+00 1.900000000000000000e+01 0.000000000000000000e+00 1.600000000000000089e+00 -5.971999999999999878e-03 3.496599999999999708e-02 -9.993710000000000093e-01 3.257450000000000068e-01 -9.448090000000000099e-01 -3.500299999999999939e-02 -9.454390000000000294e-01 -3.257490000000000108e-01 -5.747999999999999637e-03
2.700000000000000000e+01 3.000000000000000000e+00 1.900000000000000000e+01 0.000000000000000000e+00 1.600000000000000089e+00 -8.645999999999999172e-03 3.946800000000000308e-02 -9.991830000000000434e-01 3.337899999999999756e-01 -9.417950000000000488e-01 -4.008899999999999963e-02 -9.426080000000000014e-01 -3.338639999999999941e-01 -5.032000000000000015e-03
6.000000000000000000e+00 4.000000000000000000e+00 2.000000000000000000e+01 0.000000000000000000e+00 1.600000000000000089e+00 -9.759999999999999796e-04 -1.375299999999999960e-02 -9.999050000000000438e-01 3.271200000000000219e-01 -9.448980000000000157e-01 1.267700000000000077e-02 -9.449819999999999887e-01 -3.270759999999999779e-01 5.420999999999999604e-03
2.300000000000000000e+01 4.000000000000000000e+00 2.000000000000000000e+01 0.000000000000000000e+00 1.600000000000000089e+00 -4.096999999999999947e-03 3.123700000000000088e-02 -9.995039999999999480e-01 3.645050000000000234e-01 -9.306990000000000540e-01 -3.058100000000000054e-02 -9.311920000000000197e-01 -3.644499999999999962e-01 -7.572999999999999871e-03
2.800000000000000000e+01 4.000000000000000000e+00 2.000000000000000000e+01 0.000000000000000000e+00 1.600000000000000089e+00 -5.859999999999999758e-03 3.416500000000000092e-02 -9.993990000000000373e-01 3.825890000000000124e-01 -9.233000000000000096e-01 -3.380699999999999678e-02 -9.239000000000000545e-01 -3.825569999999999804e-01 -7.660000000000000142e-03
7.000000000000000000e+00 1.300000000000000000e+01 2.000000000000000000e+01 0.000000000000000000e+00 1.600000000000000089e+00 -2.250999999999999963e-03 -1.531999999999999942e-03 9.999959999999999960e-01 2.627030000000000198e-01 9.648740000000000094e-01 2.069000000000000093e-03 -9.648740000000000094e-01 2.627070000000000238e-01 -1.768999999999999956e-03
1.200000000000000000e+01 1.300000000000000000e+01 2.000000000000000000e+01 0.000000000000000000e+00 1.600000000000000089e+00 -9.920000000000000432e-04 -3.699999999999999947e-04 9.999989999999999712e-01 2.618750000000000244e-01 9.651020000000000154e-01 6.170000000000000354e-04 -9.651009999999999867e-01 2.618750000000000244e-01 -8.610000000000000032e-04
1.600000000000000000e+01 1.300000000000000000e+01 2.000000000000000000e+01 0.000000000000000000e+00 1.600000000000000089e+00 4.060000000000000024e-04 4.087999999999999620e-03 9.999919999999999920e-01 2.594330000000000247e-01 9.657520000000000548e-01 -4.053000000000000179e-03 -9.657609999999999806e-01 2.594330000000000247e-01 -6.689999999999999983e-04
1.900000000000000000e+01 1.300000000000000000e+01 2.000000000000000000e+01 0.000000000000000000e+00 1.600000000000000089e+00 -5.330000000000000536e-04 -8.189999999999999581e-04 9.999989999999999712e-01 2.596330000000000027e-01 9.657069999999999821e-01 9.300000000000000541e-04 -9.657069999999999821e-01 2.596330000000000027e-01 -3.020000000000000223e-04
2.500000000000000000e+01 1.300000000000000000e+01 2.000000000000000000e+01 0.000000000000000000e+00 1.600000000000000089e+00 3.780000000000000265e-04 -6.629999999999999609e-04 1.000000000000000000e+00 2.612650000000000250e-01 9.652669999999999861e-01 5.410000000000000312e-04 -9.652669999999999861e-01 2.612650000000000250e-01 5.379999999999999583e-04
2.900000000000000000e+01 1.300000000000000000e+01 2.000000000000000000e+01 0.000000000000000000e+00 1.600000000000000089e+00 1.193999999999999966e-03 -3.105000000000000121e-03 9.999940000000000495e-01 2.622820000000000151e-01 9.649879999999999569e-01 2.683000000000000055e-03 -9.649900000000000144e-01 2.622769999999999824e-01 1.965999999999999866e-03
8.000000000000000000e+00 1.600000000000000000e+01 2.100000000000000000e+01 0.000000000000000000e+00 1.600000000000000089e+00 -2.583999999999999925e-03 -4.904000000000000373e-03 9.999850000000000128e-01 2.989189999999999903e-01 9.542629999999999724e-01 5.452000000000000249e-03 -9.542749999999999844e-01 2.989280000000000270e-01 -1.000000000000000021e-03
2.900000000000000000e+01 3.900000000000000000e+01 2.200000000000000000e+01 0.000000000000000000e+00 1.600000000000000089e+00 -4.725650000000000128e-01 -7.962259999999999893e-01 3.777650000000000174e-01 -8.364890000000000381e-01 5.401810000000000223e-01 9.214700000000000668e-02 -2.774320000000000119e-01 -2.724509999999999987e-01 -9.213050000000000406e-01
2.800000000000000000e+01 3.900000000000000000e+01 2.300000000000000000e+01 0.000000000000000000e+00 1.600000000000000089e+00 -4.706009999999999915e-01 -8.077360000000000095e-01 3.551030000000000020e-01 -8.221420000000000394e-01 5.475240000000000107e-01 1.558829999999999938e-01 -3.203400000000000136e-01 -2.185860000000000025e-01 -9.217389999999999750e-01
3.000000000000000000e+00 4.100000000000000000e+01 2.400000000000000000e+01 0.000000000000000000e+00 1.600000000000000089e+00 1.772040000000000004e-01 -3.873000000000000140e-03 9.841670000000000140e-01 -9.092019999999999547e-01 3.821749999999999869e-01 1.652099999999999957e-01 -3.767639999999999878e-01 -9.240819999999999590e-01 6.420199999999999518e-02
2.100000000000000000e+01 2.000000000000000000e+00 2.500000000000000000e+01 0.000000000000000000e+00 1.600000000000000089e+00 -8.498000000000000345e-03 2.290000000000000022e-02 9.997019999999999795e-01 8.965599999999999958e-02 -9.956939999999999680e-01 2.357000000000000067e-02 9.959369999999999612e-01 8.982999999999999319e-02 6.408999999999999767e-03
1.000000000000000000e+00 3.000000000000000000e+00 2.500000000000000000e+01 0.000000000000000000e+00 1.600000000000000089e+00 -4.802999999999999978e-03 1.404999999999999999e-03 9.999869999999999592e-01 -3.613700000000000245e-02 -9.993459999999999566e-01 1.231000000000000106e-03 9.993349999999999733e-01 -3.613100000000000339e-02 4.851000000000000277e-03
1.200000000000000000e+01 3.000000000000000000e+00 2.500000000000000000e+01 0.000000000000000000e+00 1.600000000000000089e+00 -2.608000000000000075e-03 5.536000000000000122e-03 9.999810000000000088e-01 -4.047599999999999809e-02 -9.991659999999999986e-01 5.426000000000000267e-03 9.991769999999999818e-01 -4.046099999999999697e-02 2.830000000000000050e-03
2.400000000000000000e+01 3.000000000000000000e+00 2.500000000000000000e+01 0.000000000000000000e+00 1.600000000000000089e+00 -8.916999999999999579e-03 2.811299999999999910e-02 9.995650000000000368e-01 2.724199999999999885e-02 -9.992269999999999763e-01 2.834700000000000067e-02 9.995889999999999498e-01 2.748300000000000048e-02 8.144000000000000197e-03
3.000000000000000000e+01 3.000000000000000000e+00 2.500000000000000000e+01 0.000000000000000000e+00 1.600000000000000089e+00 -1.275899999999999951e-02 2.550499999999999989e-02 9.995929999999999538e-01 3.793500000000000344e-02 -9.989430000000000254e-01 2.597299999999999956e-02 9.991989999999999483e-01 3.825100000000000028e-02 1.177800000000000027e-02
9.000000000000000000e+00 4.300000000000000000e+01 2.600000000000000000e+01 0.000000000000000000e+00 1.600000000000000089e+00 -9.254600000000000326e-02 2.331409999999999871e-01 -9.680290000000000283e-01 9.838519999999999488e-01 -1.281730000000000091e-01 -1.249279999999999974e-01 -1.532010000000000038e-01 -9.639590000000000103e-01 -2.175149999999999861e-01
2.700000000000000000e+01 3.800000000000000000e+01 2.900000000000000000e+01 0.000000000000000000e+00 1.600000000000000089e+00 3.309540000000000259e-01 3.233280000000000043e-01 -8.865260000000000362e-01 8.635990000000000055e-01 2.748889999999999945e-01 4.226500000000000257e-01 3.803509999999999946e-01 -9.054809999999999803e-01 -1.882500000000000007e-01
2.300000000000000000e+01 4.400000000000000000e+01 3.100000000000000000e+01 0.000000000000000000e+00 1.600000000000000089e+00 9.117570000000000396e-01 -1.999579999999999969e-01 -3.587690000000000046e-01 2.168470000000000120e-01 9.761800000000000477e-01 7.014000000000000269e-03 3.488209999999999922e-01 -8.419300000000000395e-02 9.334000000000000075e-01
5.000000000000000000e+00 5.800000000000000000e+01 3.100000000000000000e+01 0.000000000000000000e+00 1.600000000000000089e+00 3.899999999999999929e-04 -7.000000000000000146e-03 9.999749999999999472e-01 -8.075179999999999580e-01 -5.898299999999999654e-01 -3.814000000000000116e-03 5.898419999999999774e-01 -8.074970000000000203e-01 -5.883000000000000208e-03
1.300000000000000000e+01 5.800000000000000000e+01 3.100000000000000000e+01 0.000000000000000000e+00 1.600000000000000089e+00 -5.146000000000000400e-03 1.407000000000000048e-03 9.999860000000000415e-01 -8.082139999999999880e-01 -5.888799999999999590e-01 -3.331000000000000193e-03 5.888670000000000293e-01 -8.082190000000000207e-01 4.167999999999999830e-03
1.900000000000000000e+01 5.800000000000000000e+01 3.100000000000000000e+01 0.000000000000000000e+00 1.600000000000000089e+00 -5.789999999999999791e-04 -1.050599999999999971e-02 9.999449999999999728e-01 -8.067029999999999479e-01 -5.909189999999999721e-01 -6.675999999999999643e-03 5.909569999999999546e-01 -8.066619999999999902e-01 -8.132999999999999605e-03
2.500000000000000000e+01 5.800000000000000000e+01 3.100000000000000000e+01 0.000000000000000000e+00 1.600000000000000089e+00 6.539999999999999590e-04 -1.724300000000000138e-02 9.998510000000000453e-01 -7.971719999999999917e-01 -6.036709999999999576e-01 -9.889000000000000221e-03 6.037519999999999554e-01 -7.970469999999999500e-01 -1.413999999999999979e-02
3.000000000000000000e+01 5.800000000000000000e+01 3.100000000000000000e+01 0.000000000000000000e+00 1.600000000000000089e+00 -1.459000000000000010e-03 -7.492000000000000395e-03 9.999710000000000543e-01 -7.907819999999999849e-01 -6.120710000000000317e-01 -5.739000000000000178e-03 6.120959999999999734e-01 -7.907680000000000264e-01 -5.032000000000000015e-03
2.600000000000000000e+01 1.800000000000000000e+01 3.400000000000000000e+01 0.000000000000000000e+00 1.600000000000000089e+00 2.460000000000000164e-04 -3.369000000000000033e-03 -9.999940000000000495e-01 -3.111110000000000264e-01 -9.503679999999999906e-01 3.125000000000000173e-03 -9.503740000000000521e-01 3.111079999999999957e-01 -1.281999999999999936e-03
2.500000000000000000e+01 3.800000000000000000e+01 3.400000000000000000e+01 0.000000000000000000e+00 1.600000000000000089e+00 4.821070000000000078e-01 -8.572899999999999965e-01 -1.806290000000000118e-01 8.563490000000000268e-01 5.046519999999999895e-01 -1.095150000000000012e-01 1.850410000000000110e-01 -1.018830000000000013e-01 9.774350000000000538e-01
1.100000000000000000e+01 3.700000000000000000e+01 3.500000000000000000e+01 0.000000000000000000e+00 1.600000000000000089e+00 2.129550000000000054e-01 2.372380000000000044e-01 -9.478229999999999711e-01 -4.393349999999999755e-01 -8.432260000000000311e-01 -3.097659999999999858e-01 -8.727169999999999650e-01 4.823779999999999735e-01 -7.534200000000000619e-02
1.000000000000000000e+00 2.900000000000000000e+01 3.600000000000000000e+01 0.000000000000000000e+00 1.600000000000000089e+00 3.934399999999999703e-02 -2.521530000000000160e-01 9.668870000000000520e-01 -6.379380000000000051e-01 7.384300000000000308e-01 2.185330000000000050e-01 -7.690820000000000434e-01 -6.254119999999999679e-01 -1.318050000000000055e-01
2.900000000000000000e+01 2.900000000000000000e+01 3.600000000000000000e+01 0.000000000000000000e+00 1.600000000000000089e+00 3.465210000000000234e-01 3.277740000000000098e-01 -8.789130000000000553e-01 8.348090000000000233e-01 3.195569999999999800e-01 4.483050000000000090e-01 4.278049999999999908e-01 -8.890709999999999447e-01 -1.628960000000000130e-01
3.000000000000000000e+00 3.000000000000000000e+01 3.600000000000000000e+01 0.000000000000000000e+00 1.600000000000000089e+00 3.029700000000000101e-02 -2.783169999999999811e-01 9.600109999999999477e-01 -5.595550000000000246e-01 7.911270000000000246e-01 2.470150000000000123e-01 -8.282389999999999475e-01 -5.446630000000000082e-01 -1.317649999999999932e-01
1.200000000000000000e+01 9.500000000000000000e+01 3.600000000000000000e+01 0.000000000000000000e+00 1.600000000000000089e+00 8.548000000000000043e-03 -1.417559999999999931e-01 9.898649999999999949e-01 9.974680000000000213e-01 7.109400000000000441e-02 1.567999999999999949e-03 -7.059600000000000597e-02 9.873450000000000282e-01 1.420049999999999923e-01
2.100000000000000000e+01 3.400000000000000000e+01 4.000000000000000000e+01 0.000000000000000000e+00 1.600000000000000089e+00 6.529400000000000481e-02 -7.121899999999999897e-01 6.989429999999999810e-01 7.617920000000000247e-01 -4.168370000000000131e-01 -4.959020000000000095e-01 6.445220000000000393e-01 5.648290000000000255e-01 5.153240000000000043e-01
2.300000000000000000e+01 3.800000000000000000e+01 4.000000000000000000e+01 0.000000000000000000e+00 1.600000000000000089e+00 -5.530080000000000551e-01 -7.588089999999999558e-01 -3.440799999999999970e-01 -8.208199999999999941e-01 4.253230000000000066e-01 3.812539999999999818e-01 -1.429539999999999977e-01 4.932650000000000090e-01 -8.580529999999999546e-01
2.800000000000000000e+01 2.400000000000000000e+01 4.100000000000000000e+01 0.000000000000000000e+00 1.600000000000000089e+00 -7.127600000000000602e-02 5.549849999999999506e-01 8.288010000000000099e-01 -7.351830000000000309e-01 5.323269999999999946e-01 -4.196840000000000015e-01 -6.741110000000000158e-01 -6.392339999999999689e-01 3.700729999999999853e-01
1.000000000000000000e+01 4.800000000000000000e+01 4.100000000000000000e+01 0.000000000000000000e+00 1.600000000000000089e+00 1.232219999999999982e-01 5.224999999999999610e-03 9.923650000000000526e-01 8.260760000000000325e-01 5.535980000000000345e-01 -1.054889999999999994e-01 -5.499230000000000507e-01 8.327670000000000350e-01 6.389999999999999847e-02
1.200000000000000000e+01 4.800000000000000000e+01 4.200000000000000000e+01 0.000000000000000000e+00 1.600000000000000089e+00 1.240720000000000017e-01 -9.382200000000000262e-02 9.878280000000000394e-01 8.785389999999999588e-01 4.731719999999999815e-01 -6.540400000000000380e-02 -4.612760000000000193e-01 8.759599999999999609e-01 1.411330000000000084e-01
2.700000000000000000e+01 2.500000000000000000e+01 4.300000000000000000e+01 0.000000000000000000e+00 1.600000000000000089e+00 1.135089999999999988e-01 2.127249999999999974e-01 -9.704970000000000541e-01 8.100190000000000445e-01 5.458119999999999639e-01 2.143770000000000120e-01 5.753120000000000456e-01 -8.104550000000000365e-01 -1.103569999999999968e-01
2.600000000000000000e+01 5.100000000000000000e+01 4.300000000000000000e+01 0.000000000000000000e+00 1.600000000000000089e+00 -1.174970000000000042e-01 4.339199999999999724e-01 -8.932569999999999677e-01 -6.302539999999999809e-01 6.625410000000000466e-01 4.047459999999999947e-01 7.674469999999999903e-01 6.105350000000000499e-01 1.956330000000000013e-01
2.500000000000000000e+01 5.200000000000000000e+01 4.300000000000000000e+01 0.000000000000000000e+00 1.600000000000000089e+00 -6.495900000000000285e-02 4.204720000000000124e-01 -9.049770000000000314e-01 -5.096389999999999532e-01 7.657199999999999562e-01 3.923519999999999786e-01 8.579320000000000279e-01 4.866989999999999927e-01 1.645479999999999998e-01
3.000000000000000000e+00 8.000000000000000000e+00 4.400000000000000000e+01 0.000000000000000000e+00 1.600000000000000089e+00 -4.595000000000000126e-03 -1.600000000000000131e-04 9.999890000000000168e-01 -7.913550000000000306e-01 -6.113450000000000273e-01 -3.733999999999999906e-03 6.113389999999999658e-01 -7.913639999999999564e-01 2.683000000000000055e-03
1.100000000000000000e+01 8.000000000000000000e+00 4.400000000000000000e+01 0.000000000000000000e+00 1.600000000000000089e+00 -1.667000000000000079e-03 2.763999999999999964e-03 9.999949999999999672e-01 -8.027410000000000379e-01 -5.963279999999999692e-01 3.099999999999999999e-04 5.963260000000000227e-01 -8.027360000000000051e-01 3.213000000000000144e-03
2.300000000000000000e+01 8.000000000000000000e+00 4.400000000000000000e+01 0.000000000000000000e+00 1.600000000000000089e+00 -2.442000000000000160e-03 -5.141999999999999869e-03 9.999839999999999840e-01 -7.858030000000000292e-01 -6.184549999999999770e-01 -5.099000000000000234e-03 6.184720000000000217e-01 -7.858030000000000292e-01 -2.530000000000000131e-03
1.300000000000000000e+01 5.400000000000000000e+01 4.600000000000000000e+01 0.000000000000000000e+00 1.600000000000000089e+00 -1.277700000000000016e-02 -4.134999999999999787e-02 9.990630000000000344e-01 2.684480000000000199e-01 -9.626059999999999617e-01 -3.640800000000000286e-02 9.632089999999999819e-01 2.677309999999999968e-01 2.339899999999999966e-02
2.400000000000000000e+01 6.500000000000000000e+01 4.600000000000000000e+01 0.000000000000000000e+00 1.600000000000000089e+00 -3.138999999999999863e-03 2.582999999999999793e-03 9.999919999999999920e-01 6.790599999999999969e-01 -7.340719999999999468e-01 4.028000000000000330e-03 7.340759999999999508e-01 6.790669999999999762e-01 5.500000000000000331e-04
9.000000000000000000e+00 2.900000000000000000e+01 4.800000000000000000e+01 0.000000000000000000e+00 1.600000000000000089e+00 4.882000000000000055e-03 -1.071410000000000001e-01 9.942320000000000046e-01 3.583450000000000246e-01 9.284010000000000318e-01 9.828699999999999937e-02 -9.335759999999999614e-01 3.557980000000000032e-01 4.292599999999999888e-02
1.900000000000000000e+01 2.900000000000000000e+01 4.800000000000000000e+01 0.000000000000000000e+00 1.600000000000000089e+00 1.884999999999999957e-03 7.565999999999999809e-03 9.999700000000000255e-01 3.597279999999999922e-01 9.330249999999999932e-01 -7.738000000000000086e-03 -9.330549999999999677e-01 3.597310000000000230e-01 -9.629999999999999888e-04
2.400000000000000000e+01 2.900000000000000000e+01 4.800000000000000000e+01 0.000000000000000000e+00 1.600000000000000089e+00 9.440000000000000474e-03 3.186140000000000083e-01 9.478379999999999583e-01 3.990090000000000026e-01 8.679480000000000528e-01 -2.957330000000000236e-01 -9.168979999999999908e-01 3.809870000000000201e-01 -1.189360000000000001e-01
2.800000000000000000e+01 6.000000000000000000e+00 5.100000000000000000e+01 0.000000000000000000e+00 1.600000000000000089e+00 -5.250000000000000326e-03 -4.569000000000000145e-03 -9.999759999999999760e-01 2.981099999999999861e-01 -9.545270000000000143e-01 2.795999999999999874e-03 -9.545169999999999488e-01 -2.980880000000000196e-01 6.373000000000000193e-03
1.900000000000000000e+01 4.500000000000000000e+01 5.100000000000000000e+01 0.000000000000000000e+00 1.600000000000000089e+00 9.340049999999999741e-01 -1.937129999999999963e-01 -3.001820000000000044e-01 3.243659999999999877e-01 8.119709999999999983e-01 4.852719999999999811e-01 1.497360000000000080e-01 -5.506159999999999943e-01 8.212190000000000323e-01
2.100000000000000000e+01 1.150000000000000000e+02 5.100000000000000000e+01 0.000000000000000000e+00 1.600000000000000089e+00 -1.603000000000000041e-03 -2.577199999999999977e-02 9.996669999999999723e-01 8.386259999999999826e-01 -5.445600000000000440e-01 -1.269400000000000042e-02 5.447049999999999947e-01 8.383260000000000156e-01 2.248599999999999904e-02
2.600000000000000000e+01 1.150000000000000000e+02 5.100000000000000000e+01 0.000000000000000000e+00 1.600000000000000089e+00 -6.670999999999999847e-03 -1.300199999999999967e-02 9.998930000000000318e-01 8.437719999999999665e-01 -5.367009999999999836e-01 -1.350000000000000071e-03 5.366610000000000547e-01 8.436730000000000063e-01 1.455099999999999970e-02
9.000000000000000000e+00 5.800000000000000000e+01 5.200000000000000000e+01 0.000000000000000000e+00 1.600000000000000089e+00 -6.475999999999999986e-03 -3.177200000000000163e-02 9.994739999999999736e-01 -6.175460000000000393e-01 7.862540000000000084e-01 2.099300000000000124e-02 -7.865079999999999849e-01 -6.170860000000000234e-01 -2.471200000000000133e-02
2.900000000000000000e+01 4.400000000000000000e+01 5.300000000000000000e+01 0.000000000000000000e+00 1.600000000000000089e+00 7.354979999999999851e-01 -4.107779999999999765e-01 -5.387999999999999456e-01 5.942899999999999849e-01 7.730369999999999742e-01 2.218870000000000009e-01 3.253659999999999886e-01 -4.833999999999999964e-01 8.126879999999999660e-01
5.000000000000000000e+00 5.700000000000000000e+01 5.300000000000000000e+01 0.000000000000000000e+00 1.600000000000000089e+00 -1.260400000000000062e-02 -1.571399999999999880e-02 9.997970000000000468e-01 -5.390139999999999931e-01 8.422720000000000207e-01 6.442999999999999942e-03 -8.422020000000000062e-01 -5.388239999999999696e-01 -1.908599999999999880e-02
6.000000000000000000e+00 6.300000000000000000e+01 5.400000000000000000e+01 0.000000000000000000e+00 1.600000000000000089e+00 -2.050999999999999872e-03 -5.262000000000000184e-03 9.999839999999999840e-01 -3.695379999999999776e-01 9.292059999999999764e-01 4.132000000000000256e-03 -9.292129999999999557e-01 -3.695240000000000191e-01 -3.850000000000000124e-03
1.100000000000000000e+01 6.300000000000000000e+01 5.400000000000000000e+01 0.000000000000000000e+00 1.600000000000000089e+00 -2.755000000000000070e-03 -1.070300000000000071e-02 9.999390000000000223e-01 -3.687650000000000095e-01 9.294799999999999729e-01 8.932999999999999968e-03 -9.295179999999999554e-01 -3.687179999999999902e-01 -6.507999999999999896e-03
1.600000000000000000e+01 6.300000000000000000e+01 5.400000000000000000e+01 0.000000000000000000e+00 1.600000000000000089e+00 1.005999999999999950e-03 -7.669999999999999951e-04 9.999989999999999712e-01 -3.815549999999999775e-01 9.243449999999999722e-01 1.092000000000000089e-03 -9.243460000000000010e-01 -3.815560000000000063e-01 6.369999999999999794e-04
2.100000000000000000e+01 6.300000000000000000e+01 5.400000000000000000e+01 0.000000000000000000e+00 1.600000000000000089e+00 -1.111000000000000008e-03 1.691999999999999928e-03 9.999980000000000535e-01 -3.804270000000000151e-01 9.248089999999999922e-01 -1.987000000000000051e-03 -9.248100000000000209e-01 -3.804279999999999884e-01 -3.829999999999999854e-04
2.300000000000000000e+01 6.300000000000000000e+01 5.400000000000000000e+01 0.000000000000000000e+00 1.600000000000000089e+00 6.769999999999999759e-04 1.546999999999999981e-03 9.999989999999999712e-01 -3.734029999999999849e-01 9.276689999999999658e-01 -1.182000000000000108e-03 -9.276689999999999658e-01 -3.734009999999999829e-01 1.206000000000000041e-03
2.700000000000000000e+01 6.300000000000000000e+01 5.400000000000000000e+01 0.000000000000000000e+00 1.600000000000000089e+00 5.479999999999999845e-04 5.327000000000000138e-03 9.999860000000000415e-01 -3.665189999999999837e-01 9.303979999999999473e-01 -4.754999999999999678e-03 -9.304099999999999593e-01 -3.665109999999999757e-01 2.462000000000000213e-03
2.400000000000000000e+01 2.500000000000000000e+01 5.500000000000000000e+01 0.000000000000000000e+00 1.600000000000000089e+00 1.150000000000000035e-04 1.187020000000000020e-01 9.929299999999999793e-01 3.449999999999999942e-03 9.929240000000000288e-01 -1.187010000000000010e-01 -9.999940000000000495e-01 3.439999999999999915e-03 -2.950000000000000148e-04
2.800000000000000000e+01 2.500000000000000000e+01 5.500000000000000000e+01 0.000000000000000000e+00 1.600000000000000089e+00 -4.931999999999999752e-03 -7.450400000000000078e-02 9.972090000000000121e-01 9.985000000000000819e-03 9.971670000000000256e-01 7.455000000000000515e-02 -9.999379999999999935e-01 1.032399999999999984e-02 -4.173999999999999759e-03
7.000000000000000000e+00 2.600000000000000000e+01 5.500000000000000000e+01 0.000000000000000000e+00 1.600000000000000089e+00 -3.139999999999999888e-04 -4.800999999999999712e-03 -9.999879999999999880e-01 -2.830999999999999836e-02 -9.995880000000000321e-01 4.807999999999999774e-03 -9.995990000000000153e-01 2.831099999999999936e-02 1.779999999999999898e-04
2.900000000000000000e+01 2.600000000000000000e+01 5.500000000000000000e+01 0.000000000000000000e+00 1.600000000000000089e+00 -1.128599999999999916e-02 -2.326870000000000049e-01 9.724859999999999616e-01 -5.019000000000000024e-03 9.725489999999999968e-01 2.326439999999999897e-01 -9.999240000000000350e-01 -2.255000000000000060e-03 -1.214400000000000028e-02
8.000000000000000000e+00 2.900000000000000000e+01 5.500000000000000000e+01 0.000000000000000000e+00 1.600000000000000089e+00 2.719000000000000063e-03 4.297499999999999931e-02 9.990719999999999601e-01 7.050800000000000123e-02 -9.965979999999999839e-01 4.267699999999999966e-02 9.975079999999999503e-01 7.032599999999999962e-02 -5.740000000000000310e-03
2.100000000000000000e+01 3.100000000000000000e+01 5.500000000000000000e+01 0.000000000000000000e+00 1.600000000000000089e+00 1.184879999999999961e-01 4.032470000000000221e-01 -9.073879999999999724e-01 3.358999999999999764e-01 8.436719999999999775e-01 4.187939999999999996e-01 9.344149999999999956e-01 -3.544140000000000068e-01 -3.548599999999999671e-02
1.600000000000000000e+01 5.600000000000000000e+01 5.500000000000000000e+01 0.000000000000000000e+00 1.600000000000000089e+00 -1.532429999999999903e-01 2.494220000000000048e-01 -9.561929999999999596e-01 -8.803339999999999499e-01 -4.740340000000000109e-01 1.743400000000000158e-02 -4.489190000000000125e-01 8.444409999999999972e-01 2.922170000000000045e-01
