1.500000000000000000e+01 2.500000000000000000e+01 1.000000000000000000e+00 0.000000000000000000e+00 1.600000000000000089e+00 -5.438500000000000278e-02 -1.110599999999999955e-02 -9.984579999999999567e-01 -5.388870000000000049e-01 -8.414880000000000138e-01 3.871299999999999741e-02 -8.406200000000000339e-01 5.401620000000000310e-01 3.977900000000000186e-02
2.700000000000000000e+01 2.500000000000000000e+01 1.000000000000000000e+00 0.000000000000000000e+00 1.600000000000000089e+00 2.369000000000000012e-03 1.061000000000000094e-03 -9.999970000000000248e-01 -5.365170000000000217e-01 -8.438870000000000537e-01 -2.165999999999999957e-03 -8.438860000000000250e-01 5.365199999999999969e-01 -1.430000000000000064e-03
2.100000000000000000e+01 1.500000000000000000e+01 4.000000000000000000e+00 0.000000000000000000e+00 1.600000000000000089e+00 2.469999999999999865e-04 6.929000000000000263e-03 9.999759999999999760e-01 3.243969999999999909e-01 -9.458990000000000453e-01 6.474999999999999853e-03 9.459210000000000118e-01 3.243880000000000097e-01 -2.481000000000000132e-03
2.600000000000000000e+01 1.500000000000000000e+01 4.000000000000000000e+00 0.000000000000000000e+00 1.600000000000000089e+00 -2.686000000000000019e-03 -3.739000000000000136e-03 9.999890000000000168e-01 3.245160000000000267e-01 -9.458769999999999678e-01 -2.664999999999999834e-03 9.458769999999999678e-01 3.245049999999999879e-01 3.753999999999999958e-03
3.000000000000000000e+00 1.600000000000000000e+01 4.000000000000000000e+00 0.000000000000000000e+00 1.600000000000000089e+00 -2.425000000000000072e-03 6.666000000000000050e-03 9.999749999999999472e-01 3.246080000000000076e-01 -9.458220000000000516e-01 7.092000000000000214e-03 9.458450000000000468e-01 3.246169999999999889e-01 1.289999999999999914e-04
7.000000000000000000e+00 1.600000000000000000e+01 4.000000000000000000e+00 0.000000000000000000e+00 1.600000000000000089e+00 2.390999999999999896e-03 6.360000000000000202e-03 9.999770000000000048e-01 3.249340000000000006e-01 -9.457219999999999516e-01 5.237999999999999601e-03 9.457339999999999636e-01 3.249139999999999806e-01 -4.328000000000000250e-03
1.200000000000000000e+01 1.600000000000000000e+01 4.000000000000000000e+00 0.000000000000000000e+00 1.600000000000000089e+00 3.370800000000000185e-02 -1.019420000000000048e-01 9.942189999999999639e-01 3.396339999999999915e-01 -9.344139999999999668e-01 -1.073250000000000037e-01 9.399530000000000385e-01 3.412890000000000090e-01 3.125999999999999873e-03
2.500000000000000000e+01 1.600000000000000000e+01 4.000000000000000000e+00 0.000000000000000000e+00 1.600000000000000089e+00 -2.520000000000000104e-03 -3.259000000000000178e-03 9.999919999999999920e-01 3.973169999999999757e-01 -9.176790000000000225e-01 -1.990000000000000015e-03 9.176779999999999937e-01 3.973090000000000233e-01 3.608000000000000096e-03
9.000000000000000000e+00 1.010000000000000000e+02 7.000000000000000000e+00 0.000000000000000000e+00 1.600000000000000089e+00 2.827000000000000086e-03 1.237399999999999958e-02 9.999190000000000023e-01 8.902919999999999723e-01 4.553170000000000273e-01 -8.151000000000000259e-03 -4.553809999999999802e-01 8.902430000000000065e-01 -9.728999999999999801e-03
1.400000000000000000e+01 1.010000000000000000e+02 7.000000000000000000e+00 0.000000000000000000e+00 1.600000000000000089e+00 -9.699999999999999963e-05 4.066299999999999776e-02 9.991729999999999778e-01 8.876760000000000206e-01 4.600910000000000277e-01 -1.863899999999999932e-02 -4.604679999999999884e-01 8.869399999999999507e-01 -3.613999999999999851e-02
1.900000000000000000e+01 1.010000000000000000e+02 7.000000000000000000e+00 0.000000000000000000e+00 1.600000000000000089e+00 3.645999999999999935e-03 6.196000000000000119e-03 9.999740000000000295e-01 8.852539999999999853e-01 4.650679999999999814e-01 -6.109999999999999980e-03 -4.650940000000000074e-01 8.852529999999999566e-01 -3.788999999999999833e-03
2.500000000000000000e+01 1.010000000000000000e+02 7.000000000000000000e+00 0.000000000000000000e+00 1.600000000000000089e+00 2.168999999999999921e-03 1.368999999999999991e-03 9.999970000000000248e-01 8.859860000000000513e-01 4.637049999999999783e-01 -2.556999999999999811e-03 -4.637069999999999803e-01 8.859890000000000265e-01 -2.069999999999999900e-04
1.500000000000000000e+01 2.500000000000000000e+01 8.000000000000000000e+00 0.000000000000000000e+00 1.600000000000000089e+00 5.369399999999999867e-02 1.744860000000000022e-01 -9.831940000000000124e-01 4.555170000000000052e-01 8.719189999999999996e-01 1.796149999999999969e-01 8.886060000000000070e-01 -4.575060000000000238e-01 -3.266399999999999859e-02
2.000000000000000000e+01 2.500000000000000000e+01 8.000000000000000000e+00 0.000000000000000000e+00 1.600000000000000089e+00 1.974000000000000060e-03 4.643999999999999691e-03 -9.999869999999999592e-01 4.482630000000000225e-01 8.938880000000000159e-01 5.035999999999999678e-03 8.939000000000000279e-01 -4.482670000000000265e-01 -3.170000000000000075e-04
2.400000000000000000e+01 2.500000000000000000e+01 8.000000000000000000e+00 0.000000000000000000e+00 1.600000000000000089e+00 -1.203999999999999992e-03 -5.249000000000000193e-03 -9.999860000000000415e-01 4.484710000000000085e-01 8.937819999999999654e-01 -5.231000000000000406e-03 8.937969999999999526e-01 -4.484710000000000085e-01 1.278000000000000056e-03
7.000000000000000000e+00 2.600000000000000000e+01 8.000000000000000000e+00 0.000000000000000000e+00 1.600000000000000089e+00 7.290000000000000473e-04 1.312999999999999931e-03 -9.999989999999999712e-01 4.288589999999999902e-01 9.033700000000000063e-01 1.498999999999999898e-03 9.033710000000000351e-01 -4.288600000000000190e-01 9.600000000000000243e-05
1.500000000000000000e+01 2.400000000000000000e+01 9.000000000000000000e+00 0.000000000000000000e+00 1.600000000000000089e+00 4.907799999999999663e-02 1.827219999999999955e-01 -9.819390000000000063e-01 4.607879999999999754e-01 8.681060000000000443e-01 1.845700000000000118e-01 8.861520000000000508e-01 -4.615239999999999898e-01 -4.159100000000000297e-02
2.400000000000000000e+01 2.400000000000000000e+01 9.000000000000000000e+00 0.000000000000000000e+00 1.600000000000000089e+00 -1.159000000000000091e-03 -6.000000000000000125e-03 -9.999810000000000088e-01 4.544320000000000026e-01 8.907620000000000537e-01 -5.871000000000000350e-03 8.907810000000000450e-01 -4.544300000000000006e-01 1.693999999999999976e-03
1.900000000000000000e+01 1.020000000000000000e+02 9.000000000000000000e+00 0.000000000000000000e+00 1.600000000000000089e+00 3.152999999999999987e-03 4.964999999999999795e-03 9.999829999999999552e-01 9.230009999999999604e-01 3.847670000000000257e-01 -4.820999999999999765e-03 -3.847840000000000149e-01 9.230009999999999604e-01 -3.370000000000000166e-03
1.200000000000000000e+01 4.000000000000000000e+00 1.100000000000000000e+01 0.000000000000000000e+00 1.600000000000000089e+00 -6.205399999999999805e-02 -6.637410000000000254e-01 -7.453840000000000465e-01 1.730820000000000136e-01 7.283509999999999707e-01 -6.629829999999999890e-01 9.829510000000000192e-01 -1.701529999999999987e-01 6.968499999999999694e-02
4.000000000000000000e+00 3.100000000000000000e+01 1.200000000000000000e+01 0.000000000000000000e+00 1.600000000000000089e+00 5.320000000000000293e-04 -6.560000000000000076e-04 1.000000000000000000e+00 1.680399999999999949e-02 9.998590000000000533e-01 6.470000000000000057e-04 -9.998590000000000533e-01 1.680399999999999949e-02 5.429999999999999714e-04
1.200000000000000000e+01 3.100000000000000000e+01 1.200000000000000000e+01 0.000000000000000000e+00 1.600000000000000089e+00 2.490000000000000026e-03 3.706000000000000093e-03 9.999900000000000455e-01 1.062800000000000029e-02 9.999369999999999647e-01 -3.732000000000000074e-03 -9.999400000000000510e-01 1.063700000000000062e-02 2.449999999999999921e-03
2.000000000000000000e+01 3.100000000000000000e+01 1.200000000000000000e+01 0.000000000000000000e+00 1.600000000000000089e+00 -9.460000000000000093e-04 8.329999999999999731e-04 9.999989999999999712e-01 -7.500999999999999855e-03 9.999719999999999720e-01 -8.400000000000000348e-04 -9.999710000000000543e-01 -7.501999999999999988e-03 -9.389999999999999476e-04
2.900000000000000000e+01 3.100000000000000000e+01 1.200000000000000000e+01 0.000000000000000000e+00 1.600000000000000089e+00 -3.524999999999999922e-03 -2.233000000000000176e-03 9.999909999999999632e-01 -1.095499999999999946e-02 9.999379999999999935e-01 2.194000000000000204e-03 -9.999339999999999895e-01 -1.094799999999999940e-02 -3.549000000000000071e-03
1.700000000000000000e+01 3.500000000000000000e+01 1.200000000000000000e+01 0.000000000000000000e+00 1.600000000000000089e+00 7.277999999999999747e-03 -2.641399999999999998e-02 -9.996249999999999858e-01 5.373559999999999448e-01 -8.429489999999999483e-01 2.618600000000000094e-02 -8.433239999999999625e-01 -5.373440000000000438e-01 8.057999999999999191e-03
2.400000000000000000e+01 3.500000000000000000e+01 1.200000000000000000e+01 0.000000000000000000e+00 1.600000000000000089e+00 -9.439999999999999607e-04 8.790000000000000070e-04 -9.999989999999999712e-01 5.144600000000000284e-01 -8.575139999999999985e-01 -1.239000000000000084e-03 -8.575139999999999985e-01 -5.144600000000000284e-01 3.579999999999999741e-04
2.800000000000000000e+01 3.500000000000000000e+01 1.200000000000000000e+01 0.000000000000000000e+00 1.600000000000000089e+00 -2.974000000000000081e-03 -1.128000000000000096e-03 -9.999949999999999672e-01 4.994020000000000126e-01 -8.663699999999999735e-01 -5.079999999999999880e-04 -8.663650000000000517e-01 -4.994009999999999838e-01 3.139999999999999996e-03
7.000000000000000000e+00 3.200000000000000000e+01 1.400000000000000000e+01 0.000000000000000000e+00 1.600000000000000089e+00 1.685000000000000083e-03 1.926999999999999894e-03 -9.999970000000000248e-01 1.268249999999999933e-01 9.919229999999999992e-01 2.125000000000000153e-03 9.919240000000000279e-01 -1.268279999999999963e-01 1.427000000000000100e-03
1.500000000000000000e+01 1.200000000000000000e+01 1.500000000000000000e+01 0.000000000000000000e+00 1.600000000000000089e+00 -4.142799999999999955e-02 -5.866500000000000187e-02 -9.974180000000000268e-01 -4.641730000000000023e-01 -8.828770000000000229e-01 7.120700000000000640e-02 -8.847749999999999782e-01 4.659249999999999781e-01 9.344999999999999141e-03
2.300000000000000000e+01 1.200000000000000000e+01 1.500000000000000000e+01 0.000000000000000000e+00 1.600000000000000089e+00 -1.890000000000000133e-04 6.932999999999999927e-03 -9.999759999999999760e-01 -4.700179999999999914e-01 -8.826359999999999761e-01 -6.030999999999999903e-03 -8.826570000000000249e-01 4.700050000000000061e-01 3.425000000000000093e-03
2.200000000000000000e+01 1.100000000000000000e+01 1.600000000000000000e+01 0.000000000000000000e+00 1.600000000000000089e+00 -5.199999999999999680e-05 4.747999999999999617e-03 -9.999890000000000168e-01 -4.126639999999999753e-01 -9.108730000000000437e-01 -4.303000000000000401e-03 -9.108829999999999982e-01 4.126589999999999980e-01 2.005999999999999971e-03
1.000000000000000000e+00 1.160000000000000000e+02 1.600000000000000000e+01 0.000000000000000000e+00 1.600000000000000089e+00 1.350000000000000071e-03 4.022000000000000401e-03 9.999909999999999632e-01 6.788020000000000165e-01 7.343110000000000470e-01 -3.870000000000000176e-03 -7.343199999999999728e-01 6.788009999999999877e-01 -1.739000000000000094e-03
9.000000000000000000e+00 1.160000000000000000e+02 1.600000000000000000e+01 0.000000000000000000e+00 1.600000000000000089e+00 5.369999999999999774e-03 6.233999999999999958e-03 9.999660000000000215e-01 6.857419999999999627e-01 7.277989999999999737e-01 -8.219999999999999876e-03 -7.278250000000000552e-01 6.857630000000000114e-01 -3.669999999999999760e-04
1.200000000000000000e+01 1.160000000000000000e+02 1.600000000000000000e+01 0.000000000000000000e+00 1.600000000000000089e+00 1.553500000000000020e-02 2.568399999999999850e-02 9.995490000000000208e-01 7.016250000000000542e-01 7.119480000000000253e-01 -2.919899999999999926e-02 -7.123770000000000380e-01 7.017619999999999969e-01 -6.961000000000000174e-03
1.800000000000000000e+01 1.160000000000000000e+02 1.600000000000000000e+01 0.000000000000000000e+00 1.600000000000000089e+00 2.786999999999999981e-03 4.320000000000000055e-03 9.999869999999999592e-01 7.565100000000000158e-01 6.539629999999999610e-01 -4.932999999999999885e-03 -6.539760000000000018e-01 7.565140000000000198e-01 -1.445000000000000104e-03
2.300000000000000000e+01 1.160000000000000000e+02 1.600000000000000000e+01 0.000000000000000000e+00 1.600000000000000089e+00 -8.630000000000000518e-04 -2.144000000000000072e-03 9.999970000000000248e-01 7.523079999999999767e-01 6.588079999999999492e-01 2.062000000000000031e-03 -6.588110000000000355e-01 7.523079999999999767e-01 1.044000000000000006e-03
5.000000000000000000e+00 2.000000000000000000e+00 1.900000000000000000e+01 0.000000000000000000e+00 1.600000000000000089e+00 -8.540000000000000499e-04 -8.779000000000000345e-03 -9.999609999999999888e-01 1.614889999999999937e-01 -9.868379999999999930e-01 8.524999999999999592e-03 -9.868740000000000290e-01 -1.614750000000000074e-01 2.259999999999999856e-03
1.200000000000000000e+01 2.000000000000000000e+00 1.900000000000000000e+01 0.000000000000000000e+00 1.600000000000000089e+00 -1.354999999999999954e-02 3.486800000000000316e-02 -9.992999999999999661e-01 1.820460000000000134e-01 -9.826030000000000042e-01 -3.675400000000000195e-02 -9.831969999999999876e-01 -1.824159999999999948e-01 6.967000000000000103e-03
2.100000000000000000e+01 2.000000000000000000e+00 1.900000000000000000e+01 0.000000000000000000e+00 1.600000000000000089e+00 -5.249999999999999676e-04 1.609000000000000014e-02 -9.998700000000000365e-01 2.582550000000000123e-01 -9.659499999999999753e-01 -1.567999999999999949e-02 -9.660769999999999635e-01 -2.582300000000000151e-01 -3.648000000000000201e-03
2.400000000000000000e+01 2.000000000000000000e+00 1.900000000000000000e+01 0.000000000000000000e+00 1.600000000000000089e+00 3.864999999999999946e-03 1.797699999999999992e-02 -9.998310000000000253e-01 2.533619999999999761e-01 -9.672319999999999807e-01 -1.641099999999999851e-02 -9.673640000000000017e-01 -2.532550000000000079e-01 -8.293000000000000024e-03
2.700000000000000000e+01 4.000000000000000000e+00 2.000000000000000000e+01 0.000000000000000000e+00 1.600000000000000089e+00 4.470000000000000232e-04 5.436999999999999993e-03 -9.999850000000000128e-01 4.536740000000000217e-01 -8.911559999999999482e-01 -4.642000000000000293e-03 -8.911679999999999602e-01 -4.536649999999999849e-01 -2.864999999999999925e-03
4.000000000000000000e+00 1.300000000000000000e+01 2.000000000000000000e+01 0.000000000000000000e+00 1.600000000000000089e+00 7.709999999999999840e-04 2.474000000000000071e-03 9.999970000000000248e-01 2.618050000000000099e-01 9.651170000000000027e-01 -2.589999999999999854e-03 -9.651199999999999779e-01 2.618059999999999832e-01 9.699999999999999963e-05
8.000000000000000000e+00 1.300000000000000000e+01 2.000000000000000000e+01 0.000000000000000000e+00 1.600000000000000089e+00 1.126999999999999964e-03 1.089399999999999917e-02 9.999400000000000510e-01 2.614699999999999802e-01 9.651509999999999811e-01 -1.081000000000000016e-02 -9.652110000000000412e-01 2.614670000000000050e-01 -1.760999999999999979e-03
1.500000000000000000e+01 1.300000000000000000e+01 2.000000000000000000e+01 0.000000000000000000e+00 1.600000000000000089e+00 3.899999999999999821e-03 5.888899999999999690e-02 9.982569999999999499e-01 2.602260000000000129e-01 9.638120000000000021e-01 -5.787400000000000183e-02 -9.655399999999999539e-01 2.599989999999999801e-01 -1.156599999999999989e-02
2.100000000000000000e+01 1.300000000000000000e+01 2.000000000000000000e+01 0.000000000000000000e+00 1.600000000000000089e+00 5.060000000000000478e-04 1.897000000000000032e-03 9.999980000000000535e-01 2.575830000000000064e-01 9.662539999999999463e-01 -1.962999999999999901e-03 -9.662560000000000038e-01 2.575830000000000064e-01 9.999999999999999547e-07
2.600000000000000000e+01 1.300000000000000000e+01 2.000000000000000000e+01 0.000000000000000000e+00 1.600000000000000089e+00 -7.860000000000000233e-04 6.340000000000000149e-03 9.999799999999999800e-01 2.585350000000000148e-01 9.659839999999999538e-01 -5.921000000000000048e-03 -9.660020000000000273e-01 2.585250000000000048e-01 -2.397999999999999958e-03
1.000000000000000000e+00 1.600000000000000000e+01 2.100000000000000000e+01 0.000000000000000000e+00 1.600000000000000089e+00 -6.170000000000000354e-04 -1.678000000000000021e-03 9.999980000000000535e-01 2.967750000000000110e-01 9.549459999999999615e-01 1.786000000000000044e-03 -9.549469999999999903e-01 2.967759999999999843e-01 -9.100000000000000287e-05
5.000000000000000000e+00 1.600000000000000000e+01 2.100000000000000000e+01 0.000000000000000000e+00 1.600000000000000089e+00 5.399999999999999798e-05 2.237999999999999972e-03 9.999970000000000248e-01 2.951690000000000147e-01 9.554420000000000135e-01 -2.154000000000000099e-03 -9.554449999999999887e-01 2.951690000000000147e-01 -6.089999999999999494e-04
8.000000000000000000e+00 1.600000000000000000e+01 2.100000000000000000e+01 0.000000000000000000e+00 1.600000000000000089e+00 1.134000000000000025e-03 1.012500000000000032e-02 9.999479999999999480e-01 2.948609999999999842e-01 9.554880000000000040e-01 -1.000900000000000054e-02 -9.555390000000000272e-01 2.948569999999999802e-01 -1.902000000000000045e-03
1.500000000000000000e+01 1.600000000000000000e+01 2.100000000000000000e+01 0.000000000000000000e+00 1.600000000000000089e+00 6.801999999999999887e-03 6.342299999999999327e-02 9.979630000000000445e-01 2.979419999999999846e-01 9.525310000000000166e-01 -6.256699999999999762e-02 -9.545599999999999641e-01 2.977609999999999979e-01 -1.241699999999999922e-02
2.000000000000000000e+01 1.600000000000000000e+01 2.100000000000000000e+01 0.000000000000000000e+00 1.600000000000000089e+00 3.620000000000000171e-04 3.745000000000000065e-03 9.999930000000000208e-01 2.997830000000000217e-01 9.539999999999999591e-01 -3.680999999999999810e-03 -9.540079999999999671e-01 2.997819999999999929e-01 -7.770000000000000214e-04
2.100000000000000000e+01 3.000000000000000000e+00 2.500000000000000000e+01 0.000000000000000000e+00 1.600000000000000089e+00 -2.500000000000000120e-05 4.760999999999999607e-03 9.999890000000000168e-01 -3.108299999999999952e-02 -9.995049999999999768e-01 4.758000000000000076e-03 9.995169999999999888e-01 -3.108199999999999852e-02 1.730000000000000038e-04
5.000000000000000000e+00 4.600000000000000000e+01 2.700000000000000000e+01 0.000000000000000000e+00 1.600000000000000089e+00 1.103999999999999947e-03 1.538000000000000088e-03 -9.999980000000000535e-01 6.877210000000000267e-01 7.259719999999999507e-01 1.876000000000000063e-03 7.259740000000000082e-01 -6.877220000000000555e-01 -2.570000000000000127e-04
2.000000000000000000e+00 5.800000000000000000e+01 3.100000000000000000e+01 0.000000000000000000e+00 1.600000000000000089e+00 -1.848999999999999949e-03 -3.609999999999999928e-04 9.999980000000000535e-01 -7.973689999999999944e-01 -6.034899999999999709e-01 -1.691999999999999928e-03 6.034890000000000532e-01 -7.973710000000000520e-01 8.279999999999999600e-04
7.000000000000000000e+00 5.800000000000000000e+01 3.100000000000000000e+01 0.000000000000000000e+00 1.600000000000000089e+00 9.319999999999999942e-04 -1.485999999999999908e-03 9.999980000000000535e-01 -7.979579999999999451e-01 -6.027130000000000543e-01 -1.520000000000000084e-04 6.027120000000000255e-01 -7.979570000000000274e-01 -1.747000000000000072e-03
1.200000000000000000e+01 5.800000000000000000e+01 3.100000000000000000e+01 0.000000000000000000e+00 1.600000000000000089e+00 2.007099999999999856e-02 3.830900000000000277e-02 9.990639999999999521e-01 -7.895799999999999486e-01 -6.123859999999999859e-01 3.934399999999999703e-02 6.133199999999999763e-01 -7.896300000000000541e-01 1.795700000000000074e-02
1.800000000000000000e+01 5.800000000000000000e+01 3.100000000000000000e+01 0.000000000000000000e+00 1.600000000000000089e+00 2.961999999999999789e-03 9.223000000000000295e-03 9.999529999999999808e-01 -7.707079999999999487e-01 -6.371369999999999534e-01 8.158999999999999586e-03 6.371820000000000261e-01 -7.706960000000000477e-01 5.220999999999999946e-03
2.300000000000000000e+01 5.800000000000000000e+01 3.100000000000000000e+01 0.000000000000000000e+00 1.600000000000000089e+00 -3.873999999999999840e-03 -1.894999999999999983e-03 9.999909999999999632e-01 -7.698840000000000128e-01 -6.381700000000000150e-01 -4.191000000000000281e-03 6.381719999999999615e-01 -7.698930000000000495e-01 1.013000000000000012e-03
3.000000000000000000e+00 4.600000000000000000e+01 3.500000000000000000e+01 0.000000000000000000e+00 1.600000000000000089e+00 2.130000000000000003e-04 9.700000000000000505e-04 -1.000000000000000000e+00 3.882829999999999893e-01 -9.215400000000000258e-01 -8.109999999999999805e-04 -9.215400000000000258e-01 -3.882829999999999893e-01 -5.730000000000000501e-04
1.200000000000000000e+01 4.600000000000000000e+01 3.500000000000000000e+01 0.000000000000000000e+00 1.600000000000000089e+00 -8.890000000000000333e-04 2.607599999999999849e-02 -9.996599999999999930e-01 3.899659999999999793e-01 -9.205069999999999641e-01 -2.435899999999999871e-02 -9.208290000000000086e-01 -3.898550000000000071e-01 -9.350999999999999937e-03
1.700000000000000000e+01 4.600000000000000000e+01 3.500000000000000000e+01 0.000000000000000000e+00 1.600000000000000089e+00 -8.009999999999999542e-04 1.406400000000000011e-02 -9.999010000000000398e-01 3.948940000000000228e-01 -9.186309999999999754e-01 -1.323700000000000050e-02 -9.187269999999999603e-01 -3.948650000000000215e-01 -4.818000000000000234e-03
2.000000000000000000e+01 4.600000000000000000e+01 3.500000000000000000e+01 0.000000000000000000e+00 1.600000000000000089e+00 -7.370000000000000249e-04 1.074000000000000085e-03 -9.999989999999999712e-01 3.948240000000000083e-01 -9.187560000000000171e-01 -1.278000000000000056e-03 -9.187560000000000171e-01 -3.948249999999999815e-01 2.530000000000000239e-04
2.400000000000000000e+01 4.600000000000000000e+01 3.500000000000000000e+01 0.000000000000000000e+00 1.600000000000000089e+00 -4.330000000000000081e-04 -1.382999999999999898e-03 -9.999989999999999712e-01 3.929380000000000095e-01 -9.195640000000000480e-01 1.101999999999999898e-03 -9.195649999999999658e-01 -3.929369999999999807e-01 9.409999999999999962e-04
2.700000000000000000e+01 4.600000000000000000e+01 3.500000000000000000e+01 0.000000000000000000e+00 1.600000000000000089e+00 -1.420000000000000092e-04 -1.410000000000000012e-03 -9.999989999999999712e-01 3.919320000000000026e-01 -9.199929999999999497e-01 1.240999999999999916e-03 -9.199939999999999785e-01 -3.919309999999999738e-01 6.830000000000000134e-04
3.000000000000000000e+00 9.500000000000000000e+01 3.600000000000000000e+01 0.000000000000000000e+00 1.600000000000000089e+00 3.699999999999999811e-05 7.084000000000000019e-03 9.999749999999999472e-01 9.967840000000000034e-01 8.013099999999999390e-02 -6.040000000000000447e-04 -8.013299999999999590e-02 9.967589999999999506e-01 -7.058000000000000038e-03
1.800000000000000000e+01 9.500000000000000000e+01 3.600000000000000000e+01 0.000000000000000000e+00 1.600000000000000089e+00 6.666000000000000050e-03 5.559399999999999759e-02 9.984309999999999574e-01 9.971130000000000271e-01 7.514999999999999458e-02 -1.084199999999999921e-02 -7.563400000000000678e-02 9.956209999999999782e-01 -5.493200000000000166e-02
2.500000000000000000e+01 9.500000000000000000e+01 3.600000000000000000e+01 0.000000000000000000e+00 1.600000000000000089e+00 7.879999999999999635e-04 -8.106999999999999623e-03 9.999670000000000503e-01 9.971539999999999848e-01 7.539600000000000468e-02 -1.740000000000000010e-04 -7.539200000000000068e-02 9.971210000000000351e-01 8.142999999999999197e-03
1.500000000000000000e+01 3.000000000000000000e+00 4.300000000000000000e+01 0.000000000000000000e+00 1.600000000000000089e+00 3.157100000000000184e-02 1.759179999999999910e-01 -9.838980000000000503e-01 7.315450000000000008e-01 -6.748309999999999587e-01 -9.718400000000000649e-02 -6.810610000000000275e-01 -7.166979999999999462e-01 -1.499979999999999924e-01
3.000000000000000000e+00 2.900000000000000000e+01 4.400000000000000000e+01 0.000000000000000000e+00 1.600000000000000089e+00 -2.752000000000000106e-03 -5.159999999999999656e-04 -9.999959999999999960e-01 6.541350000000000220e-01 7.563739999999999908e-01 -2.190999999999999805e-03 7.563729999999999620e-01 -6.541390000000000260e-01 -1.744000000000000107e-03
9.000000000000000000e+00 2.900000000000000000e+01 4.400000000000000000e+01 0.000000000000000000e+00 1.600000000000000089e+00 2.429999999999999977e-04 4.508999999999999987e-03 -9.999900000000000455e-01 6.544879999999999587e-01 7.560639999999999583e-01 3.567999999999999991e-03 7.560719999999999663e-01 -6.544820000000000082e-01 -2.766999999999999928e-03
1.500000000000000000e+01 2.900000000000000000e+01 4.400000000000000000e+01 0.000000000000000000e+00 1.600000000000000089e+00 1.546499999999999958e-02 2.557900000000000104e-02 -9.995530000000000248e-01 6.495419999999999527e-01 7.597540000000000404e-01 2.949200000000000085e-02 7.601689999999999836e-01 -6.497079999999999522e-01 -4.865000000000000401e-03
2.100000000000000000e+01 2.900000000000000000e+01 4.400000000000000000e+01 0.000000000000000000e+00 1.600000000000000089e+00 2.298999999999999828e-03 2.209000000000000026e-03 -9.999949999999999672e-01 6.505549999999999944e-01 7.594530000000000447e-01 3.173000000000000039e-03 7.594560000000000199e-01 -6.505589999999999984e-01 3.089999999999999756e-04
2.300000000000000000e+01 2.900000000000000000e+01 4.400000000000000000e+01 0.000000000000000000e+00 1.600000000000000089e+00 1.149999999999999981e-03 1.670999999999999959e-03 -9.999980000000000535e-01 6.505309999999999704e-01 7.594769999999999577e-01 2.017999999999999829e-03 7.594790000000000152e-01 -6.505319999999999991e-01 -2.139999999999999975e-04
2.900000000000000000e+01 2.900000000000000000e+01 4.400000000000000000e+01 0.000000000000000000e+00 1.600000000000000089e+00 -3.243999999999999922e-03 2.276999999999999944e-03 -9.999919999999999920e-01 6.465750000000000108e-01 7.628500000000000281e-01 -3.600000000000000227e-04 7.628430000000000488e-01 -6.465710000000000068e-01 -3.946999999999999988e-03
2.200000000000000000e+01 6.500000000000000000e+01 4.600000000000000000e+01 0.000000000000000000e+00 1.600000000000000089e+00 -2.550000000000000183e-04 -5.929999999999999941e-04 1.000000000000000000e+00 6.815830000000000499e-01 -7.317409999999999748e-01 -2.599999999999999772e-04 7.317409999999999748e-01 6.815830000000000499e-01 5.900000000000000296e-04
1.800000000000000000e+01 5.000000000000000000e+00 5.100000000000000000e+01 0.000000000000000000e+00 1.600000000000000089e+00 2.920999999999999985e-03 1.607499999999999901e-02 -9.998660000000000325e-01 4.833640000000000159e-01 -8.753279999999999950e-01 -1.266100000000000038e-02 -8.754140000000000255e-01 -4.832629999999999981e-01 -1.032699999999999937e-02
2.700000000000000000e+01 5.000000000000000000e+00 5.100000000000000000e+01 0.000000000000000000e+00 1.600000000000000089e+00 4.767000000000000404e-03 9.169999999999999549e-04 -9.999879999999999880e-01 4.795420000000000238e-01 -8.775180000000000202e-01 1.480999999999999895e-03 -8.775060000000000082e-01 -4.795429999999999970e-01 -4.623000000000000373e-03
3.000000000000000000e+00 6.300000000000000000e+01 5.400000000000000000e+01 0.000000000000000000e+00 1.600000000000000089e+00 -1.459999999999999981e-04 4.004999999999999880e-03 9.999919999999999920e-01 -3.576380000000000114e-01 9.338530000000000442e-01 -3.791999999999999798e-03 -9.338600000000000234e-01 -3.576360000000000094e-01 1.296000000000000060e-03
6.000000000000000000e+00 6.300000000000000000e+01 5.400000000000000000e+01 0.000000000000000000e+00 1.600000000000000089e+00 -6.520000000000000188e-04 2.631999999999999791e-03 9.999959999999999960e-01 -3.563479999999999981e-01 9.343500000000000139e-01 -2.691999999999999948e-03 -9.343529999999999891e-01 -3.563479999999999981e-01 3.289999999999999739e-04
8.000000000000000000e+00 6.300000000000000000e+01 5.400000000000000000e+01 0.000000000000000000e+00 1.600000000000000089e+00 2.799999999999999958e-05 3.105000000000000121e-03 9.999949999999999672e-01 -3.548830000000000040e-01 9.349060000000000148e-01 -2.893000000000000172e-03 -9.349110000000000475e-01 -3.548819999999999752e-01 1.128000000000000096e-03
1.500000000000000000e+01 6.300000000000000000e+01 5.400000000000000000e+01 0.000000000000000000e+00 1.600000000000000089e+00 4.819999999999999632e-03 2.526199999999999973e-02 9.996690000000000298e-01 -3.510079999999999867e-01 9.361150000000000304e-01 -2.196400000000000088e-02 -9.363599999999999701e-01 -3.507859999999999867e-01 1.337900000000000027e-02
1.900000000000000000e+01 6.300000000000000000e+01 5.400000000000000000e+01 0.000000000000000000e+00 1.600000000000000089e+00 6.070000000000000092e-04 9.200000000000000007e-05 1.000000000000000000e+00 -3.475730000000000208e-01 9.376529999999999587e-01 1.240000000000000054e-04 -9.376529999999999587e-01 -3.475730000000000208e-01 6.009999999999999717e-04
2.500000000000000000e+01 6.300000000000000000e+01 5.400000000000000000e+01 0.000000000000000000e+00 1.600000000000000089e+00 -1.353999999999999952e-03 4.001000000000000216e-03 9.999909999999999632e-01 -3.419470000000000010e-01 9.397100000000000453e-01 -4.223000000000000191e-03 -9.397180000000000533e-01 -3.419499999999999762e-01 9.500000000000000523e-05
1.000000000000000000e+00 2.500000000000000000e+01 5.500000000000000000e+01 0.000000000000000000e+00 1.600000000000000089e+00 2.307000000000000023e-03 1.680999999999999986e-03 -9.999959999999999960e-01 -1.316499999999999962e-02 -9.999120000000000230e-01 -1.711000000000000064e-03 -9.999109999999999943e-01 1.316900000000000015e-02 -2.285000000000000139e-03
7.000000000000000000e+00 2.500000000000000000e+01 5.500000000000000000e+01 0.000000000000000000e+00 1.600000000000000089e+00 -3.350000000000000113e-04 -1.399999999999999979e-05 -1.000000000000000000e+00 -1.222099999999999922e-02 -9.999249999999999527e-01 1.800000000000000046e-05 -9.999249999999999527e-01 1.222099999999999922e-02 3.350000000000000113e-04
1.300000000000000000e+01 2.500000000000000000e+01 5.500000000000000000e+01 0.000000000000000000e+00 1.600000000000000089e+00 9.849999999999999815e-04 8.725999999999999382e-03 -9.999609999999999888e-01 -1.247000000000000018e-02 -9.998839999999999950e-01 -8.737999999999999240e-03 -9.999219999999999775e-01 1.247799999999999951e-02 -8.760000000000000425e-04
1.600000000000000000e+01 2.500000000000000000e+01 5.500000000000000000e+01 0.000000000000000000e+00 1.600000000000000089e+00 2.125999999999999852e-03 6.205999999999999711e-03 -9.999780000000000335e-01 -1.290999999999999960e-02 -9.998970000000000358e-01 -6.232999999999999825e-03 -9.999139999999999695e-01 1.292300000000000046e-02 -2.044999999999999943e-03
2.300000000000000000e+01 2.500000000000000000e+01 5.500000000000000000e+01 0.000000000000000000e+00 1.600000000000000089e+00 -3.240000000000000150e-04 1.179999999999999951e-04 -1.000000000000000000e+00 -1.187799999999999967e-02 -9.999289999999999567e-01 -1.150000000000000035e-04 -9.999289999999999567e-01 1.187799999999999967e-02 3.249999999999999851e-04
2.700000000000000000e+01 2.500000000000000000e+01 5.500000000000000000e+01 0.000000000000000000e+00 1.600000000000000089e+00 1.771000000000000005e-03 -1.373000000000000088e-03 -9.999980000000000535e-01 -1.167799999999999915e-02 -9.999310000000000143e-01 1.351999999999999903e-03 -9.999299999999999855e-01 1.167600000000000061e-02 -1.786999999999999960e-03
1.600000000000000000e+01 2.100000000000000000e+01 6.000000000000000000e+01 0.000000000000000000e+00 1.600000000000000089e+00 -3.011999999999999920e-03 3.575600000000000306e-02 9.993560000000000221e-01 -9.366800000000000126e-02 9.949569999999999803e-01 -3.588100000000000317e-02 -9.955990000000000117e-01 -9.371500000000000663e-02 3.530000000000000152e-04
2.500000000000000000e+01 2.100000000000000000e+01 6.000000000000000000e+01 0.000000000000000000e+00 1.600000000000000089e+00 9.139999999999999904e-04 -7.586999999999999994e-03 9.999710000000000543e-01 -9.436700000000000643e-02 9.955079999999999485e-01 7.638999999999999957e-03 -9.955370000000000053e-01 -9.437099999999999655e-02 1.939999999999999993e-04
1.800000000000000000e+01 3.000000000000000000e+00 6.300000000000000000e+01 0.000000000000000000e+00 1.600000000000000089e+00 9.439999999999999607e-04 2.377500000000000099e-02 9.997169999999999668e-01 -6.175530000000000186e-01 7.863210000000000477e-01 -1.811700000000000116e-02 -7.865290000000000337e-01 -6.173610000000000486e-01 1.542499999999999948e-02
2.200000000000000000e+01 3.000000000000000000e+00 6.300000000000000000e+01 0.000000000000000000e+00 1.600000000000000089e+00 9.359999999999999831e-04 4.680000000000000132e-03 9.999890000000000168e-01 -6.154910000000000103e-01 7.881369999999999765e-01 -3.112999999999999882e-03 -7.881430000000000380e-01 -6.154809999999999448e-01 3.618000000000000122e-03
2.000000000000000000e+00 2.700000000000000000e+01 6.300000000000000000e+01 0.000000000000000000e+00 1.600000000000000089e+00 3.200000000000000153e-03 1.709000000000000016e-03 9.999930000000000208e-01 -2.895260000000000056e-01 9.571699999999999653e-01 -7.089999999999999948e-04 -9.571650000000000436e-01 -2.895220000000000016e-01 3.557999999999999965e-03
6.000000000000000000e+00 2.700000000000000000e+01 6.300000000000000000e+01 0.000000000000000000e+00 1.600000000000000089e+00 -6.040000000000000447e-04 6.143000000000000023e-03 9.999810000000000088e-01 -2.908549999999999747e-01 9.567480000000000429e-01 -6.053000000000000221e-03 -9.567670000000000341e-01 -2.908540000000000014e-01 1.209000000000000005e-03
1.100000000000000000e+01 2.700000000000000000e+01 6.300000000000000000e+01 0.000000000000000000e+00 1.600000000000000089e+00 -3.148000000000000190e-03 2.619700000000000153e-02 9.996519999999999850e-01 -2.862319999999999864e-01 9.578069999999999640e-01 -2.600200000000000081e-02 -9.581549999999999789e-01 -2.862149999999999972e-01 4.483000000000000006e-03
1.700000000000000000e+01 2.700000000000000000e+01 6.300000000000000000e+01 0.000000000000000000e+00 1.600000000000000089e+00 -1.637999999999999916e-03 1.368300000000000072e-02 9.999050000000000438e-01 -2.801679999999999726e-01 9.598550000000000137e-01 -1.359400000000000018e-02 -9.599499999999999700e-01 -2.801640000000000241e-01 2.260999999999999989e-03
2.100000000000000000e+01 2.700000000000000000e+01 6.300000000000000000e+01 0.000000000000000000e+00 1.600000000000000089e+00 2.468000000000000142e-03 2.485999999999999929e-03 9.999940000000000495e-01 -2.774960000000000204e-01 9.607250000000000512e-01 -1.704000000000000003e-03 -9.607240000000000224e-01 -2.774900000000000144e-01 3.060999999999999919e-03
2.600000000000000000e+01 2.700000000000000000e+01 6.300000000000000000e+01 0.000000000000000000e+00 1.600000000000000089e+00 -5.169999999999999899e-04 6.260000000000000373e-04 1.000000000000000000e+00 -2.746520000000000072e-01 9.615430000000000366e-01 -7.439999999999999782e-04 -9.615439999999999543e-01 -2.746529999999999805e-01 -3.249999999999999851e-04
2.000000000000000000e+00 2.600000000000000000e+01 6.400000000000000000e+01 0.000000000000000000e+00 1.600000000000000089e+00 5.447999999999999718e-03 4.150000000000000043e-03 9.999770000000000048e-01 -3.718210000000000126e-01 9.283029999999999893e-01 -1.827000000000000065e-03 -9.282880000000000020e-01 -3.718029999999999946e-01 6.601000000000000097e-03
6.000000000000000000e+00 2.600000000000000000e+01 6.400000000000000000e+01 0.000000000000000000e+00 1.600000000000000089e+00 -9.640000000000000131e-04 8.599000000000000740e-03 9.999630000000000463e-01 -3.718210000000000126e-01 9.282669999999999533e-01 -8.340999999999999456e-03 -9.283040000000000180e-01 -3.718159999999999799e-01 2.301999999999999793e-03
1.000000000000000000e+01 2.600000000000000000e+01 6.400000000000000000e+01 0.000000000000000000e+00 1.600000000000000089e+00 -5.392000000000000091e-03 2.335999999999999882e-02 9.997129999999999628e-01 -3.685919999999999752e-01 9.292890000000000317e-01 -2.370200000000000085e-02 -9.295759999999999579e-01 -3.686139999999999972e-01 3.599999999999999901e-03
2.200000000000000000e+01 2.600000000000000000e+01 6.400000000000000000e+01 0.000000000000000000e+00 1.600000000000000089e+00 2.513000000000000043e-03 4.784000000000000058e-03 9.999850000000000128e-01 -3.659689999999999888e-01 9.306200000000000028e-01 -3.531999999999999983e-03 -9.306240000000000068e-01 -3.659549999999999748e-01 4.089999999999999886e-03
2.600000000000000000e+01 2.600000000000000000e+01 6.400000000000000000e+01 0.000000000000000000e+00 1.600000000000000089e+00 -2.530000000000000239e-04 9.959999999999999236e-04 9.999989999999999712e-01 -3.630530000000000146e-01 9.317680000000000407e-01 -1.020000000000000073e-03 -9.317689999999999584e-01 -3.630530000000000146e-01 1.259999999999999998e-04
2.900000000000000000e+01 2.600000000000000000e+01 6.400000000000000000e+01 0.000000000000000000e+00 1.600000000000000089e+00 -1.642999999999999929e-03 -1.263000000000000017e-03 9.999980000000000535e-01 -3.642480000000000162e-01 9.313019999999999632e-01 5.779999999999999548e-04 -9.313010000000000455e-01 -3.642460000000000142e-01 -1.991000000000000148e-03
2.000000000000000000e+01 6.900000000000000000e+01 6.600000000000000000e+01 0.000000000000000000e+00 1.600000000000000089e+00 1.020000000000000073e-03 3.972999999999999969e-03 9.999919999999999920e-01 -9.517189999999999817e-01 3.069709999999999939e-01 -2.489999999999999809e-04 -3.069689999999999919e-01 -9.517109999999999737e-01 4.094000000000000417e-03
2.500000000000000000e+01 6.900000000000000000e+01 6.600000000000000000e+01 0.000000000000000000e+00 1.600000000000000089e+00 1.217999999999999899e-03 5.006000000000000033e-03 9.999869999999999592e-01 -9.507409999999999473e-01 3.099879999999999858e-01 -3.930000000000000117e-04 -3.099850000000000105e-01 -9.507269999999999888e-01 5.137000000000000073e-03
9.000000000000000000e+00 2.500000000000000000e+01 7.300000000000000000e+01 0.000000000000000000e+00 1.600000000000000089e+00 6.748999999999999791e-03 6.890000000000000291e-03 9.999540000000000095e-01 7.571670000000000345e-01 -6.532210000000000516e-01 -6.089999999999999494e-04 6.531860000000000444e-01 7.571360000000000312e-01 -9.625999999999999140e-03
1.500000000000000000e+01 2.500000000000000000e+01 7.300000000000000000e+01 0.000000000000000000e+00 1.600000000000000089e+00 1.155600000000000030e-02 1.028500000000000074e-02 9.998799999999999910e-01 7.484790000000000054e-01 -6.631559999999999677e-01 -1.828999999999999897e-03 6.630580000000000362e-01 7.484100000000000197e-01 -1.536099999999999965e-02
2.200000000000000000e+01 2.500000000000000000e+01 7.300000000000000000e+01 0.000000000000000000e+00 1.600000000000000089e+00 -2.582999999999999793e-03 -6.400000000000000524e-04 9.999959999999999960e-01 7.449649999999999883e-01 -6.671010000000000550e-01 1.497000000000000067e-03 6.670979999999999688e-01 7.449670000000000458e-01 2.200000000000000133e-03
2.700000000000000000e+01 2.500000000000000000e+01 7.300000000000000000e+01 0.000000000000000000e+00 1.600000000000000089e+00 -2.190000000000000106e-04 2.549000000000000050e-03 9.999970000000000248e-01 7.442140000000000422e-01 -6.679389999999999494e-01 1.864999999999999904e-03 6.679410000000000069e-01 7.442119999999999846e-01 -1.750000000000000036e-03
3.000000000000000000e+00 4.400000000000000000e+01 7.300000000000000000e+01 0.000000000000000000e+00 1.600000000000000089e+00 1.067000000000000023e-03 3.788999999999999833e-03 9.999919999999999920e-01 5.553199999999999803e-02 -9.984499999999999487e-01 3.723999999999999880e-03 9.984560000000000102e-01 5.552800000000000097e-02 -1.276000000000000007e-03
