2.200000000000000000e+01 2.500000000000000000e+01 1.000000000000000000e+00 0.000000000000000000e+00 1.600000000000000089e+00 -2.266999999999999918e-03 4.566999999999999879e-03 -9.999869999999999592e-01 -5.345189999999999664e-01 -8.451520000000000143e-01 -2.648000000000000180e-03 -8.451530000000000431e-01 5.345060000000000366e-01 4.356999999999999762e-03
2.800000000000000000e+01 2.500000000000000000e+01 1.000000000000000000e+00 0.000000000000000000e+00 1.600000000000000089e+00 -2.135999999999999878e-03 -2.948000000000000100e-03 -9.999930000000000208e-01 -5.340690000000000159e-01 -8.454329999999999901e-01 3.632999999999999945e-03 -8.454380000000000228e-01 5.340730000000000199e-01 2.320000000000000014e-04
5.000000000000000000e+00 1.500000000000000000e+01 4.000000000000000000e+00 0.000000000000000000e+00 1.600000000000000089e+00 -6.235000000000000091e-03 -1.101300000000000022e-02 9.999200000000000310e-01 3.227979999999999738e-01 -9.464310000000000223e-01 -8.411000000000000074e-03 9.464470000000000383e-01 3.227200000000000069e-01 9.456000000000000863e-03
8.000000000000000000e+00 1.500000000000000000e+01 4.000000000000000000e+00 0.000000000000000000e+00 1.600000000000000089e+00 -4.258999999999999765e-03 -1.368199999999999972e-02 9.998970000000000358e-01 3.192860000000000142e-01 -9.475869999999999571e-01 -1.160699999999999926e-02 9.476489999999999636e-01 3.192039999999999877e-01 8.404999999999999277e-03
1.100000000000000000e+01 1.500000000000000000e+01 4.000000000000000000e+00 0.000000000000000000e+00 1.600000000000000089e+00 8.909999999999999734e-04 -9.391000000000000042e-03 9.999550000000000383e-01 3.202860000000000151e-01 -9.472760000000000069e-01 -9.181999999999999190e-03 9.473200000000000509e-01 3.202800000000000091e-01 2.164000000000000125e-03
2.000000000000000000e+01 1.500000000000000000e+01 4.000000000000000000e+00 0.000000000000000000e+00 1.600000000000000089e+00 -2.993000000000000001e-03 -1.296199999999999956e-02 9.999120000000000230e-01 3.248619999999999841e-01 -9.456940000000000346e-01 -1.128700000000000016e-02 9.457569999999999588e-01 3.247990000000000044e-01 7.041999999999999649e-03
2.300000000000000000e+01 1.500000000000000000e+01 4.000000000000000000e+00 0.000000000000000000e+00 1.600000000000000089e+00 9.030000000000000483e-04 -4.022000000000000401e-03 9.999909999999999632e-01 3.256629999999999803e-01 -9.454770000000000119e-01 -4.096999999999999947e-03 9.454850000000000199e-01 3.256640000000000090e-01 4.560000000000000251e-04
2.700000000000000000e+01 1.500000000000000000e+01 4.000000000000000000e+00 0.000000000000000000e+00 1.600000000000000089e+00 1.152000000000000029e-03 5.899999999999999754e-05 9.999989999999999712e-01 3.292220000000000146e-01 -9.442519999999999802e-01 -3.240000000000000150e-04 9.442519999999999802e-01 3.292220000000000146e-01 -1.106999999999999911e-03
2.900000000000000000e+01 1.500000000000000000e+01 4.000000000000000000e+00 0.000000000000000000e+00 1.600000000000000089e+00 9.219999999999999680e-04 -1.525000000000000097e-03 9.999980000000000535e-01 3.288130000000000219e-01 -9.443930000000000380e-01 -1.742999999999999975e-03 9.443939999999999557e-01 3.288150000000000239e-01 -3.690000000000000246e-04
2.200000000000000000e+01 8.700000000000000000e+01 6.000000000000000000e+00 0.000000000000000000e+00 1.600000000000000089e+00 -6.835959999999999814e-01 -6.258879999999999999e-01 -3.754469999999999752e-01 -7.280489999999999462e-01 6.209820000000000340e-01 2.903890000000000082e-01 5.139500000000000318e-02 4.718530000000000224e-01 -8.801780000000000159e-01
2.300000000000000000e+01 8.600000000000000000e+01 7.000000000000000000e+00 0.000000000000000000e+00 1.600000000000000089e+00 -6.872160000000000490e-01 -6.648849999999999483e-01 -2.926819999999999977e-01 -7.263549999999999729e-01 6.355300000000000393e-01 2.617459999999999787e-01 1.197699999999999980e-02 3.924670000000000103e-01 -9.196879999999999500e-01
2.000000000000000000e+00 1.010000000000000000e+02 7.000000000000000000e+00 0.000000000000000000e+00 1.600000000000000089e+00 -3.575000000000000053e-03 -6.759800000000000531e-02 9.977059999999999818e-01 8.807270000000000376e-01 4.723180000000000156e-01 3.515700000000000075e-02 -4.736110000000000042e-01 8.788319999999999466e-01 5.784600000000000158e-02
2.000000000000000000e+00 2.500000000000000000e+01 8.000000000000000000e+00 0.000000000000000000e+00 1.600000000000000089e+00 3.890000000000000228e-04 -9.150999999999999412e-03 -9.999580000000000135e-01 4.543699999999999961e-01 8.907770000000000410e-01 -7.974999999999999450e-03 8.908129999999999660e-01 -4.543479999999999741e-01 4.505000000000000324e-03
7.000000000000000000e+00 2.500000000000000000e+01 8.000000000000000000e+00 0.000000000000000000e+00 1.600000000000000089e+00 4.850000000000000253e-04 -1.162799999999999945e-02 -9.999320000000000430e-01 4.528349999999999875e-01 8.915359999999999951e-01 -1.014800000000000077e-02 8.915939999999999976e-01 -4.527999999999999803e-01 5.697999999999999940e-03
1.500000000000000000e+01 2.500000000000000000e+01 8.000000000000000000e+00 0.000000000000000000e+00 1.600000000000000089e+00 1.567999999999999949e-03 3.999999999999999819e-06 -9.999989999999999712e-01 4.528429999999999955e-01 8.915899999999999936e-01 7.140000000000000079e-04 8.915889999999999649e-01 -4.528440000000000243e-01 1.396000000000000105e-03
1.900000000000000000e+01 2.500000000000000000e+01 8.000000000000000000e+00 0.000000000000000000e+00 1.600000000000000089e+00 1.056000000000000081e-03 3.014000000000000186e-03 -9.999949999999999672e-01 4.519420000000000104e-01 8.920420000000000016e-01 3.165999999999999977e-03 8.920470000000000343e-01 -4.519429999999999836e-01 -4.200000000000000174e-04
2.400000000000000000e+01 2.500000000000000000e+01 8.000000000000000000e+00 0.000000000000000000e+00 1.600000000000000089e+00 2.550000000000000183e-04 -2.700000000000000035e-04 -1.000000000000000000e+00 4.531609999999999805e-01 8.914290000000000269e-01 -1.250000000000000026e-04 8.914290000000000269e-01 -4.531609999999999805e-01 3.499999999999999964e-04
2.000000000000000000e+00 2.400000000000000000e+01 9.000000000000000000e+00 0.000000000000000000e+00 1.600000000000000089e+00 1.239000000000000084e-03 -1.072999999999999995e-02 -9.999419999999999975e-01 4.575679999999999747e-01 8.891289999999999472e-01 -8.973999999999999339e-03 8.891740000000000199e-01 -4.575299999999999923e-01 6.011999999999999983e-03
8.000000000000000000e+00 2.400000000000000000e+01 9.000000000000000000e+00 0.000000000000000000e+00 1.600000000000000089e+00 9.899999999999999946e-04 -6.437000000000000013e-03 -9.999789999999999512e-01 4.568710000000000271e-01 8.895170000000000021e-01 -5.272999999999999909e-03 8.895319999999999894e-01 -4.568559999999999843e-01 3.821999999999999877e-03
1.400000000000000000e+01 2.400000000000000000e+01 9.000000000000000000e+00 0.000000000000000000e+00 1.600000000000000089e+00 1.624000000000000010e-03 2.112000000000000162e-03 -9.999959999999999960e-01 4.564289999999999736e-01 8.897559999999999913e-01 2.621000000000000066e-03 8.897580000000000489e-01 -4.564320000000000044e-01 4.809999999999999823e-04
2.300000000000000000e+01 2.400000000000000000e+01 9.000000000000000000e+00 0.000000000000000000e+00 1.600000000000000089e+00 -1.069999999999999988e-04 1.250999999999999942e-03 -9.999989999999999712e-01 4.554830000000000267e-01 8.902440000000000353e-01 1.064999999999999974e-03 8.902440000000000353e-01 -4.554830000000000267e-01 -6.650000000000000095e-04
2.700000000000000000e+01 2.400000000000000000e+01 9.000000000000000000e+00 0.000000000000000000e+00 1.600000000000000089e+00 -5.580000000000000107e-04 1.843000000000000020e-03 -9.999980000000000535e-01 4.567519999999999913e-01 8.895929999999999671e-01 1.384999999999999946e-03 8.895939999999999959e-01 -4.567510000000000181e-01 -1.337999999999999997e-03
2.100000000000000000e+01 8.900000000000000000e+01 9.000000000000000000e+00 0.000000000000000000e+00 1.600000000000000089e+00 -9.305219999999999603e-01 1.306000000000000086e-03 -3.662340000000000040e-01 -1.043830000000000036e-01 9.575709999999999500e-01 2.686310000000000087e-01 3.510460000000000247e-01 2.881960000000000077e-01 -8.909040000000000292e-01
2.000000000000000000e+00 1.200000000000000000e+01 1.000000000000000000e+01 0.000000000000000000e+00 1.600000000000000089e+00 3.886999999999999830e-03 -1.160000000000000007e-03 -9.999919999999999920e-01 -5.502540000000000209e-01 -8.349959999999999605e-01 -1.170000000000000033e-03 -8.349879999999999525e-01 5.502540000000000209e-01 -3.883999999999999866e-03
2.500000000000000000e+01 1.200000000000000000e+01 1.000000000000000000e+01 0.000000000000000000e+00 1.600000000000000089e+00 -2.720999999999999894e-03 7.810000000000000102e-04 -9.999959999999999960e-01 -5.519349999999999534e-01 -8.338870000000000449e-01 8.499999999999999526e-04 -8.338830000000000409e-01 5.519349999999999534e-01 2.700000000000000143e-03
1.700000000000000000e+01 3.500000000000000000e+01 1.200000000000000000e+01 0.000000000000000000e+00 1.600000000000000089e+00 -6.908000000000000078e-03 7.637999999999999824e-03 -9.999470000000000303e-01 4.442280000000000117e-01 -8.958589999999999609e-01 -9.912000000000000671e-03 -8.958869999999999889e-01 -4.442729999999999735e-01 2.795999999999999874e-03
2.400000000000000000e+01 8.400000000000000000e+01 1.200000000000000000e+01 0.000000000000000000e+00 1.600000000000000089e+00 -7.831829999999999625e-01 -5.939670000000000227e-01 -1.839240000000000042e-01 -6.217749999999999666e-01 7.459590000000000387e-01 2.386250000000000038e-01 -4.536000000000000101e-03 3.012460000000000138e-01 -9.535360000000000502e-01
2.900000000000000000e+01 8.900000000000000000e+01 1.200000000000000000e+01 0.000000000000000000e+00 1.600000000000000089e+00 7.606629999999999781e-01 -6.406159999999999632e-01 1.048980000000000051e-01 6.430620000000000225e-01 7.215540000000000287e-01 -2.565760000000000263e-01 8.867700000000000582e-02 2.626229999999999953e-01 9.608149999999999746e-01
2.900000000000000000e+01 9.600000000000000000e+01 1.200000000000000000e+01 0.000000000000000000e+00 1.600000000000000089e+00 -2.315899999999999903e-02 8.483669999999999822e-01 -5.289019999999999833e-01 -9.236969999999999903e-01 1.842149999999999899e-01 3.359289999999999776e-01 3.824230000000000129e-01 4.963250000000000162e-01 7.793679999999999497e-01
2.800000000000000000e+01 9.000000000000000000e+01 1.300000000000000000e+01 0.000000000000000000e+00 1.600000000000000089e+00 7.532870000000000399e-01 -6.528429999999999511e-01 7.971300000000000607e-02 6.508490000000000109e-01 7.225169999999999648e-01 -2.331630000000000091e-01 9.462500000000000078e-02 2.275200000000000000e-01 9.691650000000000542e-01
4.000000000000000000e+00 3.200000000000000000e+01 1.400000000000000000e+01 0.000000000000000000e+00 1.600000000000000089e+00 9.070000000000000371e-04 2.899999999999999800e-03 -9.999949999999999672e-01 1.052369999999999972e-01 9.944429999999999659e-01 2.980000000000000010e-03 9.944469999999999699e-01 -1.052389999999999992e-01 5.969999999999999829e-04
1.200000000000000000e+01 3.200000000000000000e+01 1.400000000000000000e+01 0.000000000000000000e+00 1.600000000000000089e+00 -3.869999999999999742e-04 -4.841999999999999950e-03 -9.999879999999999880e-01 1.055510000000000059e-01 9.944020000000000081e-01 -4.854999999999999941e-03 9.944140000000000201e-01 -1.055520000000000069e-01 1.259999999999999998e-04
4.000000000000000000e+00 1.160000000000000000e+02 1.600000000000000000e+01 0.000000000000000000e+00 1.600000000000000089e+00 -3.778999999999999807e-03 -9.510000000000000224e-04 9.999919999999999920e-01 7.725899999999999990e-01 6.348960000000000159e-01 3.523000000000000090e-03 -6.348939999999999584e-01 7.725969999999999782e-01 -1.665000000000000030e-03
1.200000000000000000e+01 1.160000000000000000e+02 1.600000000000000000e+01 0.000000000000000000e+00 1.600000000000000089e+00 -4.120999999999999663e-03 -9.412000000000000227e-03 9.999470000000000303e-01 7.598759999999999959e-01 6.500019999999999687e-01 9.249000000000000277e-03 -6.500550000000000495e-01 7.598740000000000494e-01 4.473000000000000413e-03
1.800000000000000000e+01 1.160000000000000000e+02 1.600000000000000000e+01 0.000000000000000000e+00 1.600000000000000089e+00 -1.941000000000000017e-03 -6.903000000000000282e-03 9.999740000000000295e-01 6.598180000000000156e-01 7.513980000000000103e-01 6.467999999999999791e-03 -7.514229999999999521e-01 6.598129999999999828e-01 3.095999999999999794e-03
2.600000000000000000e+01 1.160000000000000000e+02 1.600000000000000000e+01 0.000000000000000000e+00 1.600000000000000089e+00 -8.283000000000000432e-03 -8.349999999999999784e-03 9.999310000000000143e-01 7.540299999999999780e-01 6.567359999999999864e-01 1.173100000000000011e-02 -6.567880000000000384e-01 7.540750000000000508e-01 8.570000000000000144e-04
2.900000000000000000e+01 8.900000000000000000e+01 1.700000000000000000e+01 0.000000000000000000e+00 1.600000000000000089e+00 6.669019999999999948e-01 -7.356329999999999814e-01 1.186799999999999938e-01 7.443640000000000256e-01 6.504050000000000109e-01 -1.513160000000000061e-01 3.412199999999999955e-02 1.892540000000000056e-01 9.813349999999999573e-01
3.000000000000000000e+00 2.000000000000000000e+00 1.900000000000000000e+01 0.000000000000000000e+00 1.600000000000000089e+00 6.629999999999999609e-04 6.689999999999999766e-03 -9.999770000000000048e-01 1.516039999999999888e-01 -9.884199999999999653e-01 -6.512000000000000427e-03 -9.884410000000000140e-01 -1.515960000000000085e-01 -1.668999999999999911e-03
6.000000000000000000e+00 2.000000000000000000e+00 1.900000000000000000e+01 0.000000000000000000e+00 1.600000000000000089e+00 1.512000000000000106e-03 8.514999999999999999e-03 -9.999630000000000463e-01 1.514840000000000075e-01 -9.884260000000000268e-01 -8.186999999999999833e-03 -9.884589999999999765e-01 -1.514659999999999895e-01 -2.785000000000000149e-03
1.400000000000000000e+01 2.000000000000000000e+00 1.900000000000000000e+01 0.000000000000000000e+00 1.600000000000000089e+00 3.420000000000000188e-04 7.894999999999999241e-03 -9.999689999999999968e-01 1.586720000000000075e-01 -9.873009999999999842e-01 -7.740999999999999617e-03 -9.873309999999999587e-01 -1.586650000000000005e-01 -1.590999999999999966e-03
1.700000000000000000e+01 2.000000000000000000e+00 1.900000000000000000e+01 0.000000000000000000e+00 1.600000000000000089e+00 1.760999999999999979e-03 1.236300000000000072e-02 -9.999219999999999775e-01 1.592749999999999999e-01 -9.871619999999999839e-01 -1.192400000000000057e-02 -9.872330000000000272e-01 -1.592419999999999947e-01 -3.706999999999999792e-03
1.900000000000000000e+01 2.000000000000000000e+00 1.900000000000000000e+01 0.000000000000000000e+00 1.600000000000000089e+00 1.776000000000000018e-03 7.668000000000000337e-03 -9.999689999999999968e-01 1.567709999999999937e-01 -9.876080000000000414e-01 -7.295000000000000269e-03 -9.876329999999999831e-01 -1.567530000000000034e-01 -2.955999999999999860e-03
2.500000000000000000e+01 2.000000000000000000e+00 1.900000000000000000e+01 0.000000000000000000e+00 1.600000000000000089e+00 1.866000000000000037e-03 2.516000000000000007e-03 -9.999949999999999672e-01 1.522489999999999954e-01 -9.883399999999999963e-01 -2.203000000000000097e-03 -9.883399999999999963e-01 -1.522439999999999904e-01 -2.227999999999999946e-03
2.800000000000000000e+01 2.000000000000000000e+00 1.900000000000000000e+01 0.000000000000000000e+00 1.600000000000000089e+00 2.341999999999999898e-03 -2.278000000000000077e-03 -9.999949999999999672e-01 1.562850000000000072e-01 -9.877080000000000304e-01 2.615999999999999836e-03 -9.877089999999999481e-01 -1.562910000000000132e-01 -1.956999999999999972e-03
7.000000000000000000e+00 1.300000000000000000e+01 2.000000000000000000e+01 0.000000000000000000e+00 1.600000000000000089e+00 1.704999999999999918e-03 -3.302999999999999946e-03 9.999930000000000208e-01 2.454439999999999955e-01 9.694070000000000187e-01 2.784000000000000016e-03 -9.694089999999999652e-01 2.454379999999999895e-01 2.462999999999999912e-03
1.600000000000000000e+01 1.300000000000000000e+01 2.000000000000000000e+01 0.000000000000000000e+00 1.600000000000000089e+00 -4.679999999999999915e-04 2.472999999999999938e-03 9.999970000000000248e-01 2.481530000000000125e-01 9.687179999999999680e-01 -2.279999999999999909e-03 -9.687210000000000543e-01 2.481520000000000115e-01 -1.067000000000000023e-03
2.200000000000000000e+01 1.300000000000000000e+01 2.000000000000000000e+01 0.000000000000000000e+00 1.600000000000000089e+00 -2.609000000000000208e-03 -8.087999999999999703e-03 9.999639999999999640e-01 2.491210000000000091e-01 9.684350000000000458e-01 8.482999999999999222e-03 -9.684690000000000243e-01 2.491339999999999943e-01 -5.119999999999999768e-04
2.400000000000000000e+01 1.300000000000000000e+01 2.000000000000000000e+01 0.000000000000000000e+00 1.600000000000000089e+00 -1.529999999999999893e-03 -8.885999999999999802e-03 9.999590000000000423e-01 2.492659999999999876e-01 9.683929999999999483e-01 8.985999999999999197e-03 -9.684340000000000170e-01 2.492689999999999906e-01 7.330000000000000361e-04
3.000000000000000000e+00 1.600000000000000000e+01 2.100000000000000000e+01 0.000000000000000000e+00 1.600000000000000089e+00 1.747000000000000072e-03 1.217000000000000026e-02 9.999240000000000350e-01 2.965659999999999963e-01 9.549349999999999783e-01 -1.214100000000000075e-02 -9.550110000000000543e-01 2.965650000000000230e-01 -1.941000000000000017e-03
2.000000000000000000e+01 1.600000000000000000e+01 2.100000000000000000e+01 0.000000000000000000e+00 1.600000000000000089e+00 -2.694000000000000214e-03 -5.781999999999999813e-03 9.999799999999999800e-01 2.978000000000000091e-01 9.546069999999999833e-01 6.322000000000000362e-03 -9.546249999999999458e-01 2.978109999999999924e-01 -8.499999999999999526e-04
2.500000000000000000e+01 1.600000000000000000e+01 2.100000000000000000e+01 0.000000000000000000e+00 1.600000000000000089e+00 -9.049999999999999885e-04 -6.428999999999999819e-03 9.999789999999999512e-01 2.988620000000000165e-01 9.542749999999999844e-01 6.406000000000000236e-03 -9.542960000000000331e-01 2.988620000000000165e-01 1.057999999999999913e-03
2.800000000000000000e+01 1.600000000000000000e+01 2.100000000000000000e+01 0.000000000000000000e+00 1.600000000000000089e+00 4.204000000000000271e-03 3.034999999999999937e-03 9.999869999999999592e-01 2.982029999999999959e-01 9.544939999999999536e-01 -4.151000000000000176e-03 -9.544930000000000359e-01 2.982159999999999811e-01 3.106999999999999953e-03
4.000000000000000000e+00 3.000000000000000000e+00 2.500000000000000000e+01 0.000000000000000000e+00 1.600000000000000089e+00 -2.788999999999999813e-03 1.704900000000000165e-02 9.998510000000000453e-01 -4.134000000000000175e-02 -9.990019999999999456e-01 1.692000000000000101e-02 9.991409999999999458e-01 -4.128699999999999731e-02 3.491000000000000179e-03
8.000000000000000000e+00 4.900000000000000000e+01 2.500000000000000000e+01 0.000000000000000000e+00 1.600000000000000089e+00 8.944999999999999826e-03 7.068699999999999983e-02 9.974579999999999558e-01 6.695740000000000025e-01 7.404399999999999871e-01 -5.847800000000000220e-02 -7.426909999999999901e-01 6.683949999999999614e-01 -4.070700000000000013e-02
6.000000000000000000e+00 4.500000000000000000e+01 2.600000000000000000e+01 0.000000000000000000e+00 1.600000000000000089e+00 2.166999999999999829e-02 3.269600000000000284e-02 9.992299999999999516e-01 4.854580000000000006e-01 8.733849999999999669e-01 -3.910600000000000187e-02 -8.739909999999999624e-01 4.859319999999999751e-01 3.053999999999999857e-03
2.700000000000000000e+01 9.100000000000000000e+01 2.600000000000000000e+01 0.000000000000000000e+00 1.600000000000000089e+00 -8.827749999999999764e-01 4.140240000000000031e-01 -2.220199999999999951e-01 3.348860000000000170e-01 8.860080000000000178e-01 3.206899999999999751e-01 3.294839999999999991e-01 2.087459999999999871e-01 -9.207959999999999479e-01
1.500000000000000000e+01 4.900000000000000000e+01 2.900000000000000000e+01 0.000000000000000000e+00 1.600000000000000089e+00 -2.606999999999999942e-03 9.782399999999999429e-02 -9.951999999999999735e-01 6.663320000000000354e-01 -7.419069999999999832e-01 -7.467100000000000126e-02 -7.456509999999999527e-01 -6.633280000000000287e-01 -6.324899999999999967e-02
4.000000000000000000e+00 5.000000000000000000e+01 3.000000000000000000e+01 0.000000000000000000e+00 1.600000000000000089e+00 -5.055300000000000071e-02 -3.163750000000000173e-01 -9.472859999999999614e-01 6.158550000000000413e-01 -7.565739999999999688e-01 2.198150000000000104e-01 -7.862360000000000460e-01 -5.722789999999999822e-01 2.330889999999999906e-01
1.600000000000000000e+01 5.000000000000000000e+01 3.000000000000000000e+01 0.000000000000000000e+00 1.600000000000000089e+00 -4.363999999999999824e-03 1.637790000000000079e-01 -9.864870000000000028e-01 6.597129999999999939e-01 -7.408919999999999950e-01 -1.259230000000000071e-01 -7.515049999999999786e-01 -6.513489999999999558e-01 -1.048140000000000044e-01
2.100000000000000000e+01 5.000000000000000000e+01 3.000000000000000000e+01 0.000000000000000000e+00 1.600000000000000089e+00 -9.379999999999999449e-03 2.726620000000000155e-01 -9.620640000000000303e-01 6.371250000000000524e-01 -7.399019999999999486e-01 -2.159099999999999908e-01 -7.707039999999999447e-01 -6.149799999999999711e-01 -1.667790000000000106e-01
2.500000000000000000e+01 5.100000000000000000e+01 3.100000000000000000e+01 0.000000000000000000e+00 1.600000000000000089e+00 2.197500000000000148e-02 3.912689999999999779e-01 -9.200139999999999985e-01 5.510789999999999855e-01 -7.725530000000000452e-01 -3.153940000000000077e-01 -8.341640000000000166e-01 -5.000700000000000145e-01 -2.325969999999999982e-01
2.500000000000000000e+01 5.200000000000000000e+01 3.200000000000000000e+01 0.000000000000000000e+00 1.600000000000000089e+00 3.316500000000000004e-02 4.121609999999999996e-01 -9.105069999999999553e-01 5.426800000000000512e-01 -7.724419999999999620e-01 -3.298960000000000226e-01 -8.392840000000000300e-01 -4.831739999999999924e-01 -2.492890000000000106e-01
2.800000000000000000e+01 7.900000000000000000e+01 3.500000000000000000e+01 0.000000000000000000e+00 1.600000000000000089e+00 -9.690109999999999557e-01 -2.430750000000000133e-01 -4.394800000000000095e-02 -2.469459999999999988e-01 9.575219999999999843e-01 1.488909999999999956e-01 5.889000000000000137e-03 1.551299999999999901e-01 -9.878759999999999764e-01
2.900000000000000000e+01 7.800000000000000000e+01 3.600000000000000000e+01 0.000000000000000000e+00 1.600000000000000089e+00 -8.250070000000000459e-01 -5.629990000000000272e-01 -4.894699999999999745e-02 -5.638699999999999823e-01 8.143209999999999615e-01 1.375919999999999921e-01 -3.760600000000000054e-02 1.411129999999999884e-01 -9.892790000000000195e-01
1.600000000000000000e+01 9.500000000000000000e+01 3.600000000000000000e+01 0.000000000000000000e+00 1.600000000000000089e+00 -1.570500000000000021e-02 -5.879199999999999704e-02 9.981470000000000065e-01 9.973889999999999700e-01 6.945300000000000085e-02 1.978399999999999950e-02 -7.048699999999999410e-02 9.958510000000000417e-01 5.754700000000000093e-02
5.000000000000000000e+00 2.900000000000000000e+01 4.400000000000000000e+01 0.000000000000000000e+00 1.600000000000000089e+00 6.030000000000000204e-04 4.389999999999999914e-04 -1.000000000000000000e+00 6.564060000000000450e-01 7.544079999999999675e-01 7.269999999999999987e-04 7.544079999999999675e-01 -6.564060000000000450e-01 1.669999999999999935e-04
9.000000000000000000e+00 2.900000000000000000e+01 4.400000000000000000e+01 0.000000000000000000e+00 1.600000000000000089e+00 1.200000000000000030e-05 -1.678000000000000021e-03 -9.999989999999999712e-01 6.610070000000000112e-01 7.503790000000000182e-01 -1.250999999999999942e-03 7.503800000000000470e-01 -6.610059999999999825e-01 1.118000000000000070e-03
1.600000000000000000e+01 2.900000000000000000e+01 4.400000000000000000e+01 0.000000000000000000e+00 1.600000000000000089e+00 -8.199999999999999824e-04 1.208000000000000089e-03 -9.999989999999999712e-01 6.557699999999999640e-01 7.549609999999999932e-01 3.739999999999999835e-04 7.549609999999999932e-01 -6.557690000000000463e-01 -1.412000000000000061e-03
2.100000000000000000e+01 2.900000000000000000e+01 4.400000000000000000e+01 0.000000000000000000e+00 1.600000000000000089e+00 9.399999999999999448e-05 -1.662000000000000066e-03 -9.999989999999999712e-01 6.553099999999999481e-01 7.553590000000000027e-01 -1.193999999999999966e-03 7.553600000000000314e-01 -6.553090000000000304e-01 1.160000000000000007e-03
2.400000000000000000e+01 2.900000000000000000e+01 4.400000000000000000e+01 0.000000000000000000e+00 1.600000000000000089e+00 8.800000000000000313e-04 -1.526999999999999929e-03 -9.999980000000000535e-01 6.567349999999999577e-01 7.541219999999999590e-01 -5.739999999999999660e-04 7.541210000000000413e-01 -6.567330000000000112e-01 1.665999999999999946e-03
2.000000000000000000e+00 5.900000000000000000e+01 4.500000000000000000e+01 0.000000000000000000e+00 1.600000000000000089e+00 -3.734540000000000082e-01 2.014130000000000087e-01 -9.055189999999999628e-01 5.524909999999999544e-01 -7.358379999999999921e-01 -3.915299999999999891e-01 -7.451750000000000318e-01 -6.465100000000000291e-01 1.635230000000000017e-01
1.300000000000000000e+01 6.500000000000000000e+01 4.600000000000000000e+01 0.000000000000000000e+00 1.600000000000000089e+00 1.753700000000000050e-02 1.600850000000000051e-01 9.869470000000000187e-01 6.483200000000000074e-01 -7.532830000000000359e-01 1.106639999999999985e-01 7.611660000000000093e-01 6.379169999999999563e-01 -1.169970000000000038e-01
2.800000000000000000e+01 5.900000000000000000e+01 4.800000000000000000e+01 0.000000000000000000e+00 1.600000000000000089e+00 4.064320000000000155e-01 3.082750000000000212e-01 -8.601039999999999797e-01 -8.889949999999999797e-01 3.507669999999999955e-01 -2.943640000000000145e-01 2.109499999999999986e-01 8.842680000000000540e-01 4.166179999999999883e-01
2.800000000000000000e+01 7.400000000000000000e+01 4.900000000000000000e+01 0.000000000000000000e+00 1.600000000000000089e+00 1.178599999999999960e-02 3.753670000000000062e-01 9.268009999999999859e-01 -9.691229999999999567e-01 2.325869999999999882e-01 -8.187700000000000533e-02 -2.462949999999999862e-01 -8.972200000000000175e-01 3.665180000000000105e-01
1.400000000000000000e+01 4.900000000000000000e+01 5.000000000000000000e+01 0.000000000000000000e+00 1.600000000000000089e+00 4.083269999999999955e-01 9.238000000000000378e-02 9.081489999999999840e-01 -8.106849999999999890e-01 -4.206010000000000026e-01 4.072899999999999854e-01 4.195929999999999938e-01 -9.025300000000000544e-01 -9.685199999999999365e-02
5.000000000000000000e+00 5.000000000000000000e+00 5.100000000000000000e+01 0.000000000000000000e+00 1.600000000000000089e+00 3.874999999999999972e-03 4.111000000000000071e-03 -9.999839999999999840e-01 4.894789999999999974e-01 -8.720130000000000381e-01 -1.688000000000000047e-03 -8.720059999999999478e-01 -4.894649999999999834e-01 -5.390999999999999959e-03
9.000000000000000000e+00 5.000000000000000000e+00 5.100000000000000000e+01 0.000000000000000000e+00 1.600000000000000089e+00 2.592999999999999819e-03 6.412000000000000165e-03 -9.999759999999999760e-01 4.853669999999999929e-01 -8.742999999999999661e-01 -4.347000000000000169e-03 -8.743060000000000276e-01 -4.853439999999999976e-01 -5.379000000000000101e-03
1.200000000000000000e+01 5.000000000000000000e+00 5.100000000000000000e+01 0.000000000000000000e+00 1.600000000000000089e+00 -5.291999999999999829e-03 -1.497999999999999983e-03 -9.999850000000000128e-01 4.887670000000000070e-01 -8.724140000000000228e-01 -1.278999999999999972e-03 -8.723980000000000068e-01 -4.887659999999999783e-01 5.348999999999999588e-03
2.300000000000000000e+01 5.000000000000000000e+00 5.100000000000000000e+01 0.000000000000000000e+00 1.600000000000000089e+00 1.459999999999999926e-03 -3.065000000000000016e-03 -9.999940000000000495e-01 4.892790000000000195e-01 -8.721210000000000351e-01 3.386999999999999820e-03 -8.721259999999999568e-01 -4.892810000000000215e-01 2.259999999999999910e-04
2.700000000000000000e+01 5.000000000000000000e+00 5.100000000000000000e+01 0.000000000000000000e+00 1.600000000000000089e+00 1.649999999999999991e-04 -3.970000000000000005e-04 -1.000000000000000000e+00 4.903850000000000153e-01 -8.715060000000000029e-01 4.270000000000000249e-04 -8.715060000000000029e-01 -4.903850000000000153e-01 5.000000000000000240e-05
3.000000000000000000e+01 5.000000000000000000e+00 5.100000000000000000e+01 0.000000000000000000e+00 1.600000000000000089e+00 -9.749999999999999552e-04 -4.258999999999999765e-03 -9.999900000000000455e-01 4.879660000000000108e-01 -8.728559999999999652e-01 3.240999999999999957e-03 -8.728620000000000267e-01 -4.879589999999999761e-01 2.929000000000000180e-03
1.700000000000000000e+01 5.100000000000000000e+01 5.100000000000000000e+01 0.000000000000000000e+00 1.600000000000000089e+00 4.185690000000000244e-01 9.236600000000000366e-02 9.034759999999999458e-01 -7.902019999999999600e-01 -4.532979999999999787e-01 4.124329999999999941e-01 4.476390000000000091e-01 -8.865600000000000147e-01 -1.167490000000000056e-01
1.900000000000000000e+01 1.150000000000000000e+02 5.100000000000000000e+01 0.000000000000000000e+00 1.600000000000000089e+00 -1.456999999999999962e-03 1.849800000000000055e-02 9.998280000000000500e-01 8.441830000000000167e-01 -5.359390000000000542e-01 1.114599999999999966e-02 5.360530000000000017e-01 8.440539999999999710e-01 -1.483499999999999923e-02
2.000000000000000000e+01 7.000000000000000000e+00 5.200000000000000000e+01 0.000000000000000000e+00 1.600000000000000089e+00 9.039999999999999642e-04 -7.526999999999999837e-03 -9.999710000000000543e-01 1.109269999999999978e-01 -9.938000000000000167e-01 7.581000000000000065e-03 -9.938280000000000447e-01 -1.109300000000000008e-01 -6.299999999999999990e-05
1.400000000000000000e+01 5.000000000000000000e+01 5.200000000000000000e+01 0.000000000000000000e+00 1.600000000000000089e+00 4.348690000000000055e-01 8.924100000000000088e-02 8.960609999999999964e-01 -8.012909999999999755e-01 -4.156880000000000019e-01 4.302759999999999918e-01 4.108800000000000230e-01 -9.051190000000000069e-01 -1.092619999999999980e-01
1.600000000000000000e+01 5.100000000000000000e+01 5.200000000000000000e+01 0.000000000000000000e+00 1.600000000000000089e+00 4.304749999999999965e-01 6.294000000000000115e-03 9.025800000000000489e-01 -7.981439999999999646e-01 -4.643100000000000005e-01 3.839029999999999943e-01 4.214939999999999798e-01 -8.856500000000000483e-01 -1.948499999999999954e-01
2.600000000000000000e+01 8.000000000000000000e+01 5.200000000000000000e+01 0.000000000000000000e+00 1.600000000000000089e+00 6.212499999999999967e-02 -1.818490000000000106e-01 9.813619999999999566e-01 1.061679999999999985e-01 9.788869999999999516e-01 1.746689999999999909e-01 -9.924060000000000104e-01 9.333800000000000430e-02 8.011899999999999578e-02
1.100000000000000000e+01 2.500000000000000000e+01 5.500000000000000000e+01 0.000000000000000000e+00 1.600000000000000089e+00 -2.099000000000000171e-03 -2.790000000000000054e-04 -9.999980000000000535e-01 -1.369300000000000031e-02 -9.999059999999999615e-01 3.069999999999999812e-04 -9.999040000000000150e-01 1.369300000000000031e-02 2.095000000000000074e-03
1.700000000000000000e+01 2.500000000000000000e+01 5.500000000000000000e+01 0.000000000000000000e+00 1.600000000000000089e+00 -6.070000000000000092e-04 4.620000000000000083e-04 -1.000000000000000000e+00 -1.043200000000000030e-02 -9.999449999999999728e-01 -4.550000000000000008e-04 -9.999449999999999728e-01 1.043099999999999930e-02 6.109999999999999980e-04
2.300000000000000000e+01 2.500000000000000000e+01 5.500000000000000000e+01 0.000000000000000000e+00 1.600000000000000089e+00 -7.690000000000000438e-04 -2.699999999999999899e-05 -1.000000000000000000e+00 -1.058199999999999939e-02 -9.999440000000000550e-01 3.499999999999999693e-05 -9.999440000000000550e-01 1.058199999999999939e-02 7.680000000000000195e-04
2.800000000000000000e+01 2.500000000000000000e+01 5.500000000000000000e+01 0.000000000000000000e+00 1.600000000000000089e+00 -1.688000000000000047e-03 4.963999999999999663e-03 -9.999860000000000415e-01 -9.010000000000000647e-03 -9.999470000000000303e-01 -4.949000000000000274e-03 -9.999580000000000135e-01 9.001999999999999585e-03 1.732999999999999948e-03
2.800000000000000000e+01 5.800000000000000000e+01 5.500000000000000000e+01 0.000000000000000000e+00 1.600000000000000089e+00 -6.835099999999999509e-02 -2.339310000000000000e-01 9.698480000000000434e-01 -1.694219999999999893e-01 9.607229999999999936e-01 2.197900000000000131e-01 -9.831710000000000171e-01 -1.492910000000000070e-01 -1.052990000000000037e-01
1.300000000000000000e+01 6.000000000000000000e+01 5.500000000000000000e+01 0.000000000000000000e+00 1.600000000000000089e+00 -4.557699999999999946e-02 -9.222500000000000142e-02 9.946949999999999958e-01 -3.076800000000000021e-02 9.953870000000000218e-01 9.087900000000000145e-02 -9.984870000000000134e-01 -2.646300000000000041e-02 -4.820399999999999685e-02
1.700000000000000000e+01 6.000000000000000000e+01 5.500000000000000000e+01 0.000000000000000000e+00 1.600000000000000089e+00 -2.038799999999999987e-02 -1.038170000000000065e-01 9.943880000000000496e-01 8.119800000000000628e-02 9.911370000000000458e-01 1.051419999999999993e-01 -9.964889999999999581e-01 8.288600000000000134e-02 -1.177699999999999927e-02
1.300000000000000000e+01 5.100000000000000000e+01 5.600000000000000000e+01 0.000000000000000000e+00 1.600000000000000089e+00 4.191079999999999806e-01 -1.610260000000000025e-01 8.935429999999999762e-01 -8.833710000000000173e-01 -2.997000000000000219e-01 3.603279999999999816e-01 2.097729999999999873e-01 -9.403460000000000152e-01 -2.678530000000000078e-01
2.000000000000000000e+01 6.800000000000000000e+01 5.700000000000000000e+01 0.000000000000000000e+00 1.600000000000000089e+00 -1.515999999999999986e-03 -4.308000000000000197e-03 -9.999900000000000455e-01 -2.497469999999999968e-01 -9.683000000000000496e-01 4.550000000000000225e-03 -9.683100000000000041e-01 2.497510000000000008e-01 3.919999999999999873e-04
2.600000000000000000e+01 5.800000000000000000e+01 5.900000000000000000e+01 0.000000000000000000e+00 1.600000000000000089e+00 -6.598400000000000098e-02 -1.617589999999999861e-01 -9.846219999999999972e-01 1.920479999999999965e-01 9.662640000000000118e-01 -1.716129999999999878e-01 9.791649999999999521e-01 -2.004180000000000128e-01 -3.269199999999999884e-02
6.000000000000000000e+00 2.100000000000000000e+01 6.000000000000000000e+01 0.000000000000000000e+00 1.600000000000000089e+00 -5.760000000000000146e-04 -1.042500000000000024e-02 9.999460000000000015e-01 -9.765200000000000269e-02 9.951670000000000238e-01 1.031900000000000005e-02 -9.952199999999999935e-01 -9.764000000000000457e-02 -1.590999999999999966e-03
1.400000000000000000e+01 2.100000000000000000e+01 6.000000000000000000e+01 0.000000000000000000e+00 1.600000000000000089e+00 -5.959999999999999586e-04 4.621000000000000107e-03 9.999890000000000168e-01 -9.721200000000000674e-02 9.952530000000000543e-01 -4.656999999999999681e-03 -9.952630000000000088e-01 -9.721399999999999486e-02 -1.440000000000000036e-04
1.900000000000000000e+01 2.100000000000000000e+01 6.000000000000000000e+01 0.000000000000000000e+00 1.600000000000000089e+00 -8.649999999999999920e-04 1.740999999999999926e-03 9.999980000000000535e-01 -9.583800000000000652e-02 9.953950000000000298e-01 -1.815999999999999906e-03 -9.953969999999999763e-01 -9.583899999999999364e-02 -6.949999999999999798e-04
2.500000000000000000e+01 2.100000000000000000e+01 6.000000000000000000e+01 0.000000000000000000e+00 1.600000000000000089e+00 1.969999999999999963e-03 -4.090000000000000211e-04 9.999980000000000535e-01 -9.452499999999999791e-02 9.955220000000000180e-01 5.929999999999999941e-04 -9.955209999999999892e-01 -9.452599999999999891e-02 1.923000000000000013e-03
2.400000000000000000e+01 6.000000000000000000e+00 6.100000000000000000e+01 0.000000000000000000e+00 1.600000000000000089e+00 -5.207999999999999956e-03 -1.020399999999999953e-02 9.999339999999999895e-01 5.707539999999999836e-01 -8.211039999999999450e-01 -5.407000000000000348e-03 8.211049999999999738e-01 5.706879999999999731e-01 1.009999999999999960e-02
2.800000000000000000e+01 8.200000000000000000e+01 6.200000000000000000e+01 0.000000000000000000e+00 1.600000000000000089e+00 7.347789999999999599e-01 -2.523920000000000052e-01 -6.296009999999999662e-01 -6.597100000000000186e-01 -4.817629999999999968e-01 -5.767900000000000249e-01 -1.577409999999999923e-01 8.391680000000000250e-01 -5.204950000000000410e-01
1.500000000000000000e+01 3.000000000000000000e+00 6.300000000000000000e+01 0.000000000000000000e+00 1.600000000000000089e+00 4.300000000000000165e-05 -2.309999999999999987e-03 9.999970000000000248e-01 -6.172180000000000444e-01 7.867899999999999894e-01 1.843999999999999936e-03 -7.867920000000000469e-01 -6.172159999999999869e-01 -1.392999999999999924e-03
3.000000000000000000e+00 2.700000000000000000e+01 6.300000000000000000e+01 0.000000000000000000e+00 1.600000000000000089e+00 -1.420999999999999954e-03 -2.370999999999999844e-03 9.999959999999999960e-01 -2.693459999999999743e-01 9.630419999999999536e-01 1.899999999999999996e-03 -9.630419999999999536e-01 -2.693420000000000258e-01 -2.007000000000000103e-03
9.000000000000000000e+00 2.700000000000000000e+01 6.300000000000000000e+01 0.000000000000000000e+00 1.600000000000000089e+00 7.230000000000000098e-04 -2.443999999999999992e-03 9.999970000000000248e-01 -2.656939999999999857e-01 9.640539999999999665e-01 2.549000000000000050e-03 -9.640570000000000528e-01 -2.656939999999999857e-01 4.800000000000000122e-05
1.400000000000000000e+01 2.700000000000000000e+01 6.300000000000000000e+01 0.000000000000000000e+00 1.600000000000000089e+00 3.879999999999999985e-04 7.550000000000000287e-03 9.999710000000000543e-01 -2.677919999999999745e-01 9.634500000000000286e-01 -7.170000000000000158e-03 -9.634770000000000278e-01 -2.677820000000000200e-01 2.396000000000000126e-03
2.000000000000000000e+01 2.700000000000000000e+01 6.300000000000000000e+01 0.000000000000000000e+00 1.600000000000000089e+00 -5.019999999999999506e-04 3.298999999999999849e-03 9.999940000000000495e-01 -2.695710000000000051e-01 9.629750000000000254e-01 -3.311999999999999840e-03 -9.629799999999999471e-01 -2.695710000000000051e-01 4.049999999999999781e-04
2.400000000000000000e+01 2.700000000000000000e+01 6.300000000000000000e+01 0.000000000000000000e+00 1.600000000000000089e+00 6.260000000000000373e-04 2.788999999999999813e-03 9.999959999999999960e-01 -2.679819999999999980e-01 9.634209999999999718e-01 -2.518999999999999972e-03 -9.634239999999999471e-01 -2.679790000000000227e-01 1.350999999999999987e-03
2.900000000000000000e+01 8.300000000000000000e+01 6.300000000000000000e+01 0.000000000000000000e+00 1.600000000000000089e+00 6.660190000000000277e-01 1.184110000000000024e-01 -7.364760000000000195e-01 -6.806799999999999518e-01 -3.073699999999999766e-01 -6.649800000000000155e-01 -3.051110000000000211e-01 9.441939999999999777e-01 -1.241140000000000021e-01
6.000000000000000000e+00 2.600000000000000000e+01 6.400000000000000000e+01 0.000000000000000000e+00 1.600000000000000089e+00 -5.699999999999999772e-04 -4.531999999999999570e-03 9.999900000000000455e-01 -3.459360000000000213e-01 9.382489999999999997e-01 4.054999999999999577e-03 -9.382580000000000364e-01 -3.459300000000000153e-01 -2.102999999999999835e-03
1.200000000000000000e+01 2.600000000000000000e+01 6.400000000000000000e+01 0.000000000000000000e+00 1.600000000000000089e+00 5.349999999999999938e-04 4.342000000000000373e-03 9.999900000000000455e-01 -3.464900000000000202e-01 9.380460000000000464e-01 -3.886999999999999830e-03 -9.380530000000000257e-01 -3.464849999999999874e-01 2.005999999999999971e-03
