3.000000000000000000e+00 1.500000000000000000e+01 4.000000000000000000e+00 0.000000000000000000e+00 1.600000000000000089e+00 -3.739999999999999835e-04 3.943999999999999589e-03 9.999919999999999920e-01 3.267450000000000077e-01 -9.451049999999999729e-01 3.850000000000000124e-03 9.451119999999999521e-01 3.267439999999999789e-01 -9.349999999999999587e-04
8.000000000000000000e+00 1.500000000000000000e+01 4.000000000000000000e+00 0.000000000000000000e+00 1.600000000000000089e+00 7.380000000000000492e-04 6.581000000000000044e-03 9.999780000000000335e-01 3.245709999999999984e-01 -9.458419999999999606e-01 5.984999999999999869e-03 9.458609999999999518e-01 3.245589999999999864e-01 -2.834000000000000147e-03
1.000000000000000000e+01 1.500000000000000000e+01 4.000000000000000000e+00 0.000000000000000000e+00 1.600000000000000089e+00 2.539999999999999940e-04 1.070300000000000071e-02 9.999430000000000263e-01 3.223840000000000039e-01 -9.465559999999999530e-01 1.004999999999999991e-02 9.466090000000000337e-01 3.223630000000000106e-01 -3.690999999999999837e-03
1.400000000000000000e+01 1.500000000000000000e+01 4.000000000000000000e+00 0.000000000000000000e+00 1.600000000000000089e+00 1.168999999999999900e-03 1.282900000000000013e-02 9.999169999999999447e-01 3.189440000000000053e-01 -9.476999999999999869e-01 1.178599999999999960e-02 9.477729999999999766e-01 3.189040000000000208e-01 -5.199999999999999761e-03
2.300000000000000000e+01 1.500000000000000000e+01 4.000000000000000000e+00 0.000000000000000000e+00 1.600000000000000089e+00 2.239000000000000105e-03 9.351999999999999202e-03 9.999540000000000095e-01 3.183590000000000031e-01 -9.479349999999999721e-01 8.153000000000000524e-03 9.479680000000000328e-01 3.183259999999999978e-01 -5.100000000000000366e-03
2.800000000000000000e+01 1.500000000000000000e+01 4.000000000000000000e+00 0.000000000000000000e+00 1.600000000000000089e+00 8.559999999999999901e-04 1.175999999999999962e-03 9.999989999999999712e-01 3.237419999999999742e-01 -9.461450000000000138e-01 8.350000000000000217e-04 9.461450000000000138e-01 3.237410000000000010e-01 -1.191000000000000001e-03
2.100000000000000000e+01 7.400000000000000000e+01 4.000000000000000000e+00 0.000000000000000000e+00 1.600000000000000089e+00 -8.808970000000000411e-01 -3.781950000000000034e-01 2.845860000000000056e-01 -3.999199999999999977e-01 9.163280000000000314e-01 -2.016199999999999937e-02 -2.531490000000000129e-01 -1.315719999999999945e-01 -9.584380000000000122e-01
2.000000000000000000e+00 1.010000000000000000e+02 7.000000000000000000e+00 0.000000000000000000e+00 1.600000000000000089e+00 -2.801000000000000104e-03 1.368899999999999978e-02 9.999019999999999575e-01 8.846429999999999572e-01 4.662529999999999730e-01 -3.903999999999999918e-03 -4.662609999999999810e-01 8.845450000000000257e-01 -1.341600000000000084e-02
1.600000000000000000e+01 1.010000000000000000e+02 7.000000000000000000e+00 0.000000000000000000e+00 1.600000000000000089e+00 -1.556000000000000091e-03 -1.064700000000000021e-02 9.999419999999999975e-01 8.829110000000000014e-01 4.694980000000000264e-01 6.373000000000000193e-03 -4.695389999999999842e-01 8.828690000000000149e-01 8.670000000000000623e-03
2.300000000000000000e+01 1.010000000000000000e+02 7.000000000000000000e+00 0.000000000000000000e+00 1.600000000000000089e+00 2.834999999999999847e-03 -3.846399999999999819e-02 9.992560000000000331e-01 8.846939999999999804e-01 4.659159999999999968e-01 1.542499999999999948e-02 -4.661629999999999940e-01 8.839920000000000000e-01 3.534999999999999948e-02
2.800000000000000000e+01 1.010000000000000000e+02 7.000000000000000000e+00 0.000000000000000000e+00 1.600000000000000089e+00 7.619999999999999820e-04 -3.090000000000000038e-02 9.995220000000000216e-01 8.846720000000000139e-01 4.660119999999999818e-01 1.373199999999999942e-02 -4.662140000000000173e-01 8.842389999999999972e-01 2.769100000000000034e-02
1.000000000000000000e+00 2.500000000000000000e+01 8.000000000000000000e+00 0.000000000000000000e+00 1.600000000000000089e+00 -1.441000000000000007e-03 -5.220999999999999946e-03 -9.999850000000000128e-01 4.453750000000000209e-01 8.953280000000000127e-01 -5.316000000000000413e-03 8.953430000000000000e-01 -4.453770000000000229e-01 1.034999999999999896e-03
5.000000000000000000e+00 2.500000000000000000e+01 8.000000000000000000e+00 0.000000000000000000e+00 1.600000000000000089e+00 -3.131999999999999802e-03 -3.575000000000000053e-03 -9.999890000000000168e-01 4.454000000000000181e-01 8.953200000000000047e-01 -4.596000000000000259e-03 8.953259999999999552e-01 -4.454089999999999994e-01 -1.211999999999999970e-03
1.000000000000000000e+01 2.500000000000000000e+01 8.000000000000000000e+00 0.000000000000000000e+00 1.600000000000000089e+00 -3.749000000000000162e-03 -7.609000000000000312e-03 -9.999639999999999640e-01 4.476999999999999869e-01 8.941440000000000499e-01 -8.482999999999999222e-03 8.941759999999999708e-01 -4.477160000000000029e-01 5.399999999999999798e-05
1.400000000000000000e+01 2.500000000000000000e+01 8.000000000000000000e+00 0.000000000000000000e+00 1.600000000000000089e+00 -2.226999999999999813e-03 -4.519999999999999712e-03 -9.999869999999999592e-01 4.491490000000000204e-01 8.934419999999999584e-01 -5.039000000000000076e-03 8.934539999999999704e-01 -4.491550000000000264e-01 4.000000000000000327e-05
1.900000000000000000e+01 2.500000000000000000e+01 8.000000000000000000e+00 0.000000000000000000e+00 1.600000000000000089e+00 -2.105999999999999799e-03 -8.286999999999999228e-03 -9.999630000000000463e-01 4.494469999999999854e-01 8.932679999999999509e-01 -8.349000000000000518e-03 8.933050000000000157e-01 -4.494480000000000142e-01 1.843000000000000020e-03
2.700000000000000000e+01 2.500000000000000000e+01 8.000000000000000000e+00 0.000000000000000000e+00 1.600000000000000089e+00 -2.930000000000000204e-04 -2.488000000000000194e-03 -9.999970000000000248e-01 4.532900000000000262e-01 8.913600000000000412e-01 -2.350999999999999791e-03 8.913630000000000164e-01 -4.532889999999999975e-01 8.670000000000000406e-04
5.000000000000000000e+00 2.400000000000000000e+01 9.000000000000000000e+00 0.000000000000000000e+00 1.600000000000000089e+00 -3.040000000000000167e-03 -4.183000000000000086e-03 -9.999869999999999592e-01 4.483679999999999888e-01 8.938340000000000174e-01 -5.101999999999999764e-03 8.938439999999999719e-01 -4.483779999999999988e-01 -8.409999999999999507e-04
1.000000000000000000e+01 2.400000000000000000e+01 9.000000000000000000e+00 0.000000000000000000e+00 1.600000000000000089e+00 -3.739000000000000136e-03 -7.455999999999999954e-03 -9.999649999999999928e-01 4.507010000000000183e-01 8.926359999999999850e-01 -8.340999999999999456e-03 8.926669999999999883e-01 -4.507160000000000055e-01 2.300000000000000002e-05
1.500000000000000000e+01 2.400000000000000000e+01 9.000000000000000000e+00 0.000000000000000000e+00 1.600000000000000089e+00 -1.624999999999999925e-03 -4.791000000000000120e-03 -9.999869999999999592e-01 4.519389999999999796e-01 8.920350000000000223e-01 -5.008000000000000299e-03 8.920470000000000343e-01 -4.519409999999999816e-01 7.159999999999999481e-04
2.000000000000000000e+01 2.400000000000000000e+01 9.000000000000000000e+00 0.000000000000000000e+00 1.600000000000000089e+00 -2.001999999999999873e-03 -1.090600000000000076e-02 -9.999390000000000223e-01 4.517120000000000024e-01 8.921000000000000041e-01 -1.063399999999999936e-02 8.921609999999999818e-01 -4.517059999999999964e-01 3.141000000000000129e-03
2.400000000000000000e+01 2.400000000000000000e+01 9.000000000000000000e+00 0.000000000000000000e+00 1.600000000000000089e+00 -1.453000000000000081e-03 -8.040999999999999537e-03 -9.999670000000000503e-01 4.546330000000000093e-01 8.906439999999999912e-01 -7.823000000000000093e-03 8.906779999999999697e-01 -4.546299999999999786e-01 2.360999999999999818e-03
2.700000000000000000e+01 2.400000000000000000e+01 9.000000000000000000e+00 0.000000000000000000e+00 1.600000000000000089e+00 -1.420000000000000092e-04 -1.469000000000000037e-03 -9.999989999999999712e-01 4.561580000000000079e-01 8.898979999999999668e-01 -1.371999999999999956e-03 8.898989999999999956e-01 -4.561580000000000079e-01 5.439999999999999957e-04
2.000000000000000000e+00 3.100000000000000000e+01 1.200000000000000000e+01 0.000000000000000000e+00 1.600000000000000089e+00 -1.876999999999999979e-03 2.028999999999999988e-03 9.999959999999999960e-01 -1.817999999999999955e-03 9.999959999999999960e-01 -2.031999999999999952e-03 -9.999970000000000248e-01 -1.820999999999999919e-03 -1.873000000000000099e-03
1.800000000000000000e+01 3.100000000000000000e+01 1.200000000000000000e+01 0.000000000000000000e+00 1.600000000000000089e+00 1.050000000000000044e-04 -1.853999999999999962e-03 9.999980000000000535e-01 -1.326500000000000075e-02 9.999099999999999655e-01 1.855000000000000095e-03 -9.999120000000000230e-01 -1.326500000000000075e-02 8.100000000000000375e-05
1.600000000000000000e+01 3.500000000000000000e+01 1.200000000000000000e+01 0.000000000000000000e+00 1.600000000000000089e+00 -1.039999999999999936e-04 -5.577999999999999625e-03 -9.999839999999999840e-01 4.933710000000000040e-01 -8.698059999999999681e-01 4.800999999999999712e-03 -8.698190000000000088e-01 -4.933629999999999960e-01 2.843000000000000041e-03
2.200000000000000000e+01 3.500000000000000000e+01 1.200000000000000000e+01 0.000000000000000000e+00 1.600000000000000089e+00 1.835000000000000043e-03 -2.778999999999999786e-03 -9.999949999999999672e-01 4.802500000000000102e-01 -8.771250000000000435e-01 3.318000000000000203e-03 -8.771299999999999653e-01 -4.802540000000000142e-01 -2.750000000000000166e-04
2.600000000000000000e+01 3.500000000000000000e+01 1.200000000000000000e+01 0.000000000000000000e+00 1.600000000000000089e+00 1.471000000000000085e-03 -7.953000000000000000e-03 -9.999670000000000503e-01 4.677120000000000166e-01 -8.838470000000000493e-01 7.718000000000000034e-03 -8.838789999999999702e-01 -4.677080000000000126e-01 2.419000000000000143e-03
2.900000000000000000e+01 3.500000000000000000e+01 1.200000000000000000e+01 0.000000000000000000e+00 1.600000000000000089e+00 2.599999999999999772e-04 -6.264999999999999736e-03 -9.999799999999999800e-01 4.622350000000000070e-01 -8.867390000000000549e-01 5.675999999999999622e-03 -8.867570000000000174e-01 -4.622280000000000277e-01 2.664999999999999834e-03
1.900000000000000000e+01 7.300000000000000000e+01 1.300000000000000000e+01 0.000000000000000000e+00 1.600000000000000089e+00 -9.140249999999999764e-01 -2.217379999999999907e-01 3.396919999999999940e-01 -3.369599999999999818e-01 8.812600000000000433e-01 -3.314210000000000211e-01 -2.258680000000000132e-01 -4.173890000000000100e-01 -8.802100000000000479e-01
2.500000000000000000e+01 3.200000000000000000e+01 1.400000000000000000e+01 0.000000000000000000e+00 1.600000000000000089e+00 2.874999999999999951e-03 2.681999999999999922e-03 -9.999919999999999920e-01 1.028609999999999941e-01 9.946909999999999918e-01 2.964000000000000055e-03 9.946920000000000206e-01 -1.028690000000000021e-01 2.583999999999999925e-03
2.800000000000000000e+01 3.200000000000000000e+01 1.400000000000000000e+01 0.000000000000000000e+00 1.600000000000000089e+00 2.433999999999999966e-03 1.842000000000000104e-03 -9.999949999999999672e-01 1.021050000000000013e-01 9.947709999999999608e-01 2.080999999999999951e-03 9.947709999999999608e-01 -1.021100000000000063e-01 2.233999999999999875e-03
5.000000000000000000e+00 2.000000000000000000e+00 1.900000000000000000e+01 0.000000000000000000e+00 1.600000000000000089e+00 5.360000000000000181e-04 -4.453999999999999626e-03 -9.999900000000000455e-01 2.056620000000000115e-01 -9.786129999999999551e-01 4.468999999999999882e-03 -9.786230000000000206e-01 -2.056620000000000115e-01 3.910000000000000172e-04
1.100000000000000000e+01 2.000000000000000000e+00 1.900000000000000000e+01 0.000000000000000000e+00 1.600000000000000089e+00 1.877999999999999895e-03 1.568400000000000002e-02 -9.998749999999999583e-01 2.038699999999999957e-01 -9.788839999999999764e-01 -1.497099999999999993e-02 -9.789959999999999773e-01 -2.038159999999999972e-01 -5.035999999999999678e-03
1.400000000000000000e+01 2.000000000000000000e+00 1.900000000000000000e+01 0.000000000000000000e+00 1.600000000000000089e+00 1.270000000000000078e-03 2.510099999999999831e-02 -9.996840000000000170e-01 1.981159999999999866e-01 -9.798759999999999692e-01 -2.435199999999999865e-02 -9.801779999999999937e-01 -1.980230000000000046e-01 -6.217000000000000304e-03
2.100000000000000000e+01 2.000000000000000000e+00 1.900000000000000000e+01 0.000000000000000000e+00 1.600000000000000089e+00 -3.155999999999999951e-03 1.517899999999999978e-02 -9.998799999999999910e-01 1.855360000000000065e-01 -9.825150000000000272e-01 -1.550099999999999915e-02 -9.826319999999999499e-01 -1.855630000000000057e-01 2.840000000000000185e-04
2.500000000000000000e+01 2.000000000000000000e+00 1.900000000000000000e+01 0.000000000000000000e+00 1.600000000000000089e+00 -2.922999999999999817e-03 1.692499999999999907e-02 -9.998519999999999630e-01 1.846069999999999933e-01 -9.826620000000000354e-01 -1.717399999999999829e-02 -9.828080000000000149e-01 -1.846299999999999886e-01 -2.519999999999999996e-04
6.000000000000000000e+00 4.000000000000000000e+00 2.000000000000000000e+01 0.000000000000000000e+00 1.600000000000000089e+00 -1.018000000000000025e-03 -4.117000000000000000e-03 -9.999909999999999632e-01 3.248030000000000084e-01 -9.457750000000000323e-01 3.563000000000000195e-03 -9.457809999999999828e-01 -3.247970000000000024e-01 2.299999999999999961e-03
1.100000000000000000e+01 4.000000000000000000e+00 2.000000000000000000e+01 0.000000000000000000e+00 1.600000000000000089e+00 7.720000000000000083e-04 1.434299999999999985e-02 -9.998970000000000358e-01 3.217679999999999985e-01 -9.467250000000000387e-01 -1.333200000000000010e-02 -9.468180000000000485e-01 -3.217240000000000100e-01 -5.346000000000000058e-03
1.000000000000000000e+01 1.300000000000000000e+01 2.000000000000000000e+01 0.000000000000000000e+00 1.600000000000000089e+00 -3.119999999999999944e-04 -1.198999999999999979e-03 9.999989999999999712e-01 2.672709999999999808e-01 9.636209999999999498e-01 1.237999999999999951e-03 -9.636209999999999498e-01 2.672709999999999808e-01 2.000000000000000164e-05
1.300000000000000000e+01 1.300000000000000000e+01 2.000000000000000000e+01 0.000000000000000000e+00 1.600000000000000089e+00 1.745000000000000023e-03 7.283000000000000411e-03 9.999719999999999720e-01 2.652939999999999743e-01 9.641389999999999683e-01 -7.485000000000000334e-03 -9.641659999999999675e-01 2.652990000000000070e-01 -2.500000000000000052e-04
1.900000000000000000e+01 1.300000000000000000e+01 2.000000000000000000e+01 0.000000000000000000e+00 1.600000000000000089e+00 3.110000000000000243e-04 -2.788999999999999813e-03 9.999959999999999960e-01 2.604739999999999833e-01 9.654770000000000296e-01 2.612000000000000172e-03 -9.654810000000000336e-01 2.604719999999999813e-01 1.026999999999999918e-03
2.300000000000000000e+01 1.300000000000000000e+01 2.000000000000000000e+01 0.000000000000000000e+00 1.600000000000000089e+00 1.585999999999999953e-03 7.100000000000000462e-05 9.999989999999999712e-01 2.596729999999999872e-01 9.656970000000000276e-01 -4.809999999999999823e-04 -9.656949999999999701e-01 2.596729999999999872e-01 1.513000000000000022e-03
2.600000000000000000e+01 1.300000000000000000e+01 2.000000000000000000e+01 0.000000000000000000e+00 1.600000000000000089e+00 1.510000000000000057e-03 3.523000000000000090e-03 9.999930000000000208e-01 2.570700000000000207e-01 9.663850000000000495e-01 -3.792999999999999931e-03 -9.663920000000000288e-01 2.570740000000000247e-01 5.529999999999999976e-04
2.700000000000000000e+01 1.600000000000000000e+01 2.100000000000000000e+01 0.000000000000000000e+00 1.600000000000000089e+00 1.564000000000000069e-03 4.246999999999999907e-03 9.999900000000000455e-01 2.995050000000000212e-01 9.540840000000000432e-01 -4.519999999999999712e-03 -9.540939999999999976e-01 2.995090000000000252e-01 2.200000000000000078e-04
1.000000000000000000e+00 3.000000000000000000e+00 2.500000000000000000e+01 0.000000000000000000e+00 1.600000000000000089e+00 -2.886000000000000110e-03 -1.401999999999999948e-02 9.998979999999999535e-01 -9.274799999999999711e-02 -9.955880000000000285e-01 -1.422700000000000006e-02 9.956850000000000422e-01 -9.278000000000000136e-02 1.572999999999999962e-03
6.000000000000000000e+00 3.000000000000000000e+00 2.500000000000000000e+01 0.000000000000000000e+00 1.600000000000000089e+00 -3.635999999999999909e-03 -5.327000000000000138e-03 9.999789999999999512e-01 -9.964699999999999946e-02 -9.950069999999999748e-01 -5.662999999999999631e-03 9.950160000000000116e-01 -9.966600000000000459e-02 3.086999999999999900e-03
1.100000000000000000e+01 3.000000000000000000e+00 2.500000000000000000e+01 0.000000000000000000e+00 1.600000000000000089e+00 2.197000000000000168e-03 1.379400000000000071e-02 9.999019999999999575e-01 -9.352800000000000002e-02 -9.955190000000000428e-01 1.393900000000000000e-02 9.956139999999999990e-01 -9.354899999999999327e-02 -8.970000000000000109e-04
1.400000000000000000e+01 3.000000000000000000e+00 2.500000000000000000e+01 0.000000000000000000e+00 1.600000000000000089e+00 3.830000000000000071e-03 1.787599999999999953e-02 9.998329999999999718e-01 -8.784000000000000141e-02 -9.959689999999999932e-01 1.814299999999999941e-02 9.961269999999999847e-01 -8.789500000000000091e-02 -2.243999999999999901e-03
2.000000000000000000e+01 3.000000000000000000e+00 2.500000000000000000e+01 0.000000000000000000e+00 1.600000000000000089e+00 3.869000000000000043e-03 1.874400000000000024e-02 9.998169999999999558e-01 -6.959300000000000208e-02 -9.973950000000000315e-01 1.896799999999999875e-02 9.975680000000000103e-01 -6.965300000000000658e-02 -2.554999999999999979e-03
2.300000000000000000e+01 3.000000000000000000e+00 2.500000000000000000e+01 0.000000000000000000e+00 1.600000000000000089e+00 4.251999999999999703e-03 1.907800000000000121e-02 9.998089999999999478e-01 -6.286799999999999333e-02 -9.978350000000000275e-01 1.930799999999999877e-02 9.980130000000000390e-01 -6.293799999999999395e-02 -3.043000000000000132e-03
2.700000000000000000e+01 3.000000000000000000e+00 2.500000000000000000e+01 0.000000000000000000e+00 1.600000000000000089e+00 3.209000000000000047e-03 1.218200000000000012e-02 9.999209999999999487e-01 -4.869099999999999817e-02 -9.987380000000000146e-01 1.232399999999999989e-02 9.988089999999999469e-01 -4.872599999999999848e-02 -2.612000000000000172e-03
7.000000000000000000e+00 4.600000000000000000e+01 2.700000000000000000e+01 0.000000000000000000e+00 1.600000000000000089e+00 -2.910000000000000260e-04 -1.360000000000000098e-03 -9.999989999999999712e-01 6.751190000000000246e-01 7.377080000000000304e-01 -1.198999999999999979e-03 7.377089999999999481e-01 -6.751179999999999959e-01 7.039999999999999817e-04
1.100000000000000000e+01 4.600000000000000000e+01 2.700000000000000000e+01 0.000000000000000000e+00 1.600000000000000089e+00 -6.019999999999999961e-04 -2.053000000000000137e-03 -9.999980000000000535e-01 6.703890000000000127e-01 7.420069999999999721e-01 -1.926999999999999894e-03 7.420090000000000297e-01 -6.703890000000000127e-01 9.290000000000000297e-04
2.200000000000000000e+01 4.600000000000000000e+01 2.700000000000000000e+01 0.000000000000000000e+00 1.600000000000000089e+00 -2.020000000000000040e-04 1.679999999999999907e-04 -1.000000000000000000e+00 6.637690000000000534e-01 7.479369999999999630e-01 -9.000000000000000228e-06 7.479369999999999630e-01 -6.637690000000000534e-01 -2.620000000000000258e-04
1.600000000000000000e+01 4.600000000000000000e+01 3.000000000000000000e+01 0.000000000000000000e+00 1.600000000000000089e+00 6.589999999999999721e-04 9.529999999999999626e-04 -9.999989999999999712e-01 3.201919999999999766e-01 9.473519999999999719e-01 1.113999999999999973e-03 9.473519999999999719e-01 -3.201930000000000054e-01 3.190000000000000019e-04
2.300000000000000000e+01 4.600000000000000000e+01 3.000000000000000000e+01 0.000000000000000000e+00 1.600000000000000089e+00 2.799999999999999958e-05 3.600000000000000091e-05 -1.000000000000000000e+00 3.209600000000000231e-01 9.470929999999999627e-01 4.300000000000000165e-05 9.470929999999999627e-01 -3.209600000000000231e-01 1.500000000000000038e-05
4.000000000000000000e+00 5.800000000000000000e+01 3.100000000000000000e+01 0.000000000000000000e+00 1.600000000000000089e+00 -1.010000000000000047e-03 -1.655999999999999920e-03 9.999980000000000535e-01 -7.956929999999999836e-01 -6.056970000000000409e-01 -1.807000000000000012e-03 6.056989999999999874e-01 -7.956929999999999836e-01 -7.050000000000000060e-04
7.000000000000000000e+00 5.800000000000000000e+01 3.100000000000000000e+01 0.000000000000000000e+00 1.600000000000000089e+00 -3.442999999999999880e-03 -5.146999999999999666e-03 9.999810000000000088e-01 -7.983139999999999681e-01 -6.022129999999999983e-01 -5.847999999999999900e-03 6.022309999999999608e-01 -7.983190000000000008e-01 -2.036000000000000049e-03
1.200000000000000000e+01 5.800000000000000000e+01 3.100000000000000000e+01 0.000000000000000000e+00 1.600000000000000089e+00 -6.329999999999999906e-04 -4.494999999999999864e-03 9.999900000000000455e-01 -7.958070000000000421e-01 -6.055420000000000247e-01 -3.226000000000000135e-03 6.055500000000000327e-01 -7.958009999999999806e-01 -3.193999999999999791e-03
1.700000000000000000e+01 5.800000000000000000e+01 3.100000000000000000e+01 0.000000000000000000e+00 1.600000000000000089e+00 5.133000000000000410e-03 4.061000000000000373e-03 9.999789999999999512e-01 -7.858150000000000412e-01 -6.184269999999999490e-01 6.544999999999999603e-03 6.184399999999999897e-01 -7.858319999999999750e-01 1.699999999999999987e-05
2.300000000000000000e+01 5.800000000000000000e+01 3.100000000000000000e+01 0.000000000000000000e+00 1.600000000000000089e+00 1.521000000000000000e-03 9.479999999999999495e-04 9.999980000000000535e-01 -7.787889999999999535e-01 -6.272839999999999527e-01 1.778999999999999982e-03 6.272839999999999527e-01 -7.787899999999999823e-01 -2.149999999999999947e-04
2.700000000000000000e+01 5.800000000000000000e+01 3.100000000000000000e+01 0.000000000000000000e+00 1.600000000000000089e+00 5.650999999999999773e-03 5.788999999999999875e-03 9.999670000000000503e-01 -7.738099999999999978e-01 -6.333670000000000133e-01 8.040000000000000271e-03 6.333919999999999551e-01 -7.738300000000000178e-01 8.999999999999999754e-04
2.000000000000000000e+00 1.800000000000000000e+01 3.400000000000000000e+01 0.000000000000000000e+00 1.600000000000000089e+00 -2.272999999999999847e-03 -4.948000000000000141e-03 -9.999850000000000128e-01 -3.110080000000000067e-01 -9.503920000000000146e-01 5.408999999999999746e-03 -9.504040000000000266e-01 3.110160000000000147e-01 6.210000000000000242e-04
7.000000000000000000e+00 1.800000000000000000e+01 3.400000000000000000e+01 0.000000000000000000e+00 1.600000000000000089e+00 -4.299999999999999894e-04 -2.151000000000000134e-03 -9.999980000000000535e-01 -3.062559999999999727e-01 -9.519469999999999876e-01 2.178999999999999947e-03 -9.519490000000000451e-01 3.062559999999999727e-01 -2.489999999999999809e-04
5.000000000000000000e+00 4.600000000000000000e+01 3.500000000000000000e+01 0.000000000000000000e+00 1.600000000000000089e+00 1.025000000000000086e-03 -6.263000000000000338e-03 -9.999799999999999800e-01 3.916370000000000129e-01 -9.200990000000000002e-01 6.165000000000000341e-03 -9.201190000000000202e-01 -3.916350000000000109e-01 1.510000000000000057e-03
8.000000000000000000e+00 4.600000000000000000e+01 3.500000000000000000e+01 0.000000000000000000e+00 1.600000000000000089e+00 -5.619999999999999996e-04 -1.369999999999999907e-03 -9.999989999999999712e-01 3.930089999999999972e-01 -9.195339999999999625e-01 1.038999999999999993e-03 -9.195349999999999913e-01 -3.930080000000000240e-01 1.054999999999999948e-03
1.400000000000000000e+01 4.600000000000000000e+01 3.500000000000000000e+01 0.000000000000000000e+00 1.600000000000000089e+00 1.075999999999999917e-03 -5.974000000000000143e-03 -9.999820000000000375e-01 3.915219999999999811e-01 -9.201500000000000234e-01 5.917999999999999650e-03 -9.201679999999999859e-01 -3.915210000000000079e-01 1.348999999999999939e-03
1.800000000000000000e+01 4.600000000000000000e+01 3.500000000000000000e+01 0.000000000000000000e+00 1.600000000000000089e+00 5.090000000000000123e-04 -1.866000000000000037e-03 -9.999980000000000535e-01 3.910509999999999819e-01 -9.203670000000000462e-01 1.915999999999999951e-03 -9.203689999999999927e-01 -3.910520000000000107e-01 2.610000000000000015e-04
2.400000000000000000e+01 4.600000000000000000e+01 3.500000000000000000e+01 0.000000000000000000e+00 1.600000000000000089e+00 -7.649999999999999465e-04 1.729000000000000068e-03 -9.999980000000000535e-01 3.921189999999999953e-01 -9.199129999999999807e-01 -1.889999999999999970e-03 -9.199140000000000095e-01 -3.921200000000000241e-01 2.599999999999999840e-05
5.000000000000000000e+00 9.500000000000000000e+01 3.600000000000000000e+01 0.000000000000000000e+00 1.600000000000000089e+00 3.723999999999999880e-03 -1.715300000000000158e-02 9.998460000000000125e-01 9.972429999999999906e-01 7.416999999999999982e-02 -2.442000000000000160e-03 -7.411700000000000232e-02 9.970980000000000398e-01 1.738200000000000162e-02
9.000000000000000000e+00 9.500000000000000000e+01 3.600000000000000000e+01 0.000000000000000000e+00 1.600000000000000089e+00 1.479999999999999979e-03 -5.871300000000000130e-02 9.982739999999999947e-01 9.971470000000000056e-01 7.542999999999999705e-02 2.958000000000000126e-03 -7.547399999999999942e-02 9.954210000000000003e-01 5.865700000000000081e-02
2.000000000000000000e+00 2.900000000000000000e+01 4.400000000000000000e+01 0.000000000000000000e+00 1.600000000000000089e+00 -1.384999999999999946e-03 -2.580999999999999961e-03 -9.999959999999999960e-01 6.661899999999999489e-01 7.457759999999999945e-01 -2.847999999999999837e-03 7.457810000000000272e-01 -6.661909999999999776e-01 6.859999999999999779e-04
6.000000000000000000e+00 2.900000000000000000e+01 4.400000000000000000e+01 0.000000000000000000e+00 1.600000000000000089e+00 4.299999999999999894e-04 1.116000000000000021e-03 -9.999989999999999712e-01 6.691920000000000091e-01 7.430889999999999995e-01 1.116999999999999937e-03 7.430900000000000283e-01 -6.691920000000000091e-01 -4.279999999999999950e-04
9.000000000000000000e+00 2.900000000000000000e+01 4.400000000000000000e+01 0.000000000000000000e+00 1.600000000000000089e+00 1.910000000000000022e-03 1.879999999999999944e-03 -9.999959999999999960e-01 6.666539999999999688e-01 7.453619999999999690e-01 2.674000000000000161e-03 7.453650000000000553e-01 -6.666570000000000551e-01 1.710000000000000094e-04
1.300000000000000000e+01 2.900000000000000000e+01 4.400000000000000000e+01 0.000000000000000000e+00 1.600000000000000089e+00 1.348000000000000023e-03 2.719999999999999979e-04 -9.999989999999999712e-01 6.550789999999999669e-01 7.555600000000000094e-01 1.087999999999999991e-03 7.555600000000000094e-01 -6.550789999999999669e-01 8.400000000000000348e-04
1.700000000000000000e+01 2.900000000000000000e+01 4.400000000000000000e+01 0.000000000000000000e+00 1.600000000000000089e+00 -6.660000000000000338e-04 -1.461999999999999975e-03 -9.999989999999999712e-01 6.507230000000000514e-01 7.593140000000000445e-01 -1.543000000000000101e-03 7.593149999999999622e-01 -6.507230000000000514e-01 4.459999999999999989e-04
2.500000000000000000e+01 2.900000000000000000e+01 4.400000000000000000e+01 0.000000000000000000e+00 1.600000000000000089e+00 4.319999999999999838e-04 1.177000000000000095e-03 -9.999989999999999712e-01 6.503440000000000332e-01 7.596389999999999532e-01 1.175000000000000046e-03 7.596389999999999532e-01 -6.503440000000000332e-01 -4.369999999999999970e-04
2.900000000000000000e+01 2.900000000000000000e+01 4.400000000000000000e+01 0.000000000000000000e+00 1.600000000000000089e+00 -1.544000000000000017e-03 -1.288999999999999998e-03 -9.999980000000000535e-01 6.574989999999999446e-01 7.534530000000000394e-01 -1.985999999999999918e-03 7.534539999999999571e-01 -6.574999999999999734e-01 -3.159999999999999832e-04
3.000000000000000000e+00 5.000000000000000000e+00 5.100000000000000000e+01 0.000000000000000000e+00 1.600000000000000089e+00 4.047000000000000250e-03 5.023999999999999820e-03 -9.999789999999999512e-01 4.829209999999999892e-01 -8.756610000000000227e-01 -2.445000000000000125e-03 -8.756549999999999612e-01 -4.829010000000000247e-01 -5.969999999999999613e-03
1.300000000000000000e+01 6.000000000000000000e+00 5.100000000000000000e+01 0.000000000000000000e+00 1.600000000000000089e+00 3.848999999999999991e-03 1.581400000000000167e-02 -9.998679999999999790e-01 3.097460000000000213e-01 -9.507189999999999808e-01 -1.384499999999999967e-02 -9.508119999999999905e-01 -3.096519999999999828e-01 -8.557000000000000370e-03
1.400000000000000000e+01 7.000000000000000000e+00 5.200000000000000000e+01 0.000000000000000000e+00 1.600000000000000089e+00 9.480000000000000579e-03 1.461699999999999978e-02 -9.998479999999999590e-01 9.926500000000000601e-02 -9.949679999999999636e-01 -1.360500000000000077e-02 -9.950160000000000116e-01 -9.912100000000000077e-02 -1.088300000000000031e-02
1.800000000000000000e+01 7.000000000000000000e+00 5.200000000000000000e+01 0.000000000000000000e+00 1.600000000000000089e+00 6.542000000000000072e-03 9.416000000000000758e-03 -9.999339999999999895e-01 9.421799999999999620e-02 -9.955129999999999812e-01 -8.758000000000000160e-03 -9.955300000000000260e-01 -9.415500000000000258e-02 -7.399000000000000195e-03
4.000000000000000000e+00 6.300000000000000000e+01 5.400000000000000000e+01 0.000000000000000000e+00 1.600000000000000089e+00 1.534999999999999906e-03 1.410999999999999928e-03 9.999980000000000535e-01 -3.365529999999999911e-01 9.416639999999999455e-01 -8.120000000000000048e-04 -9.416630000000000278e-01 -3.365509999999999891e-01 1.920000000000000049e-03
1.300000000000000000e+01 6.300000000000000000e+01 5.400000000000000000e+01 0.000000000000000000e+00 1.600000000000000089e+00 6.792000000000000294e-03 4.307000000000000065e-03 9.999679999999999680e-01 -3.422390000000000154e-01 9.396109999999999740e-01 -1.722000000000000006e-03 -9.395879999999999788e-01 -3.422160000000000202e-01 7.856000000000000136e-03
2.400000000000000000e+01 6.300000000000000000e+01 5.400000000000000000e+01 0.000000000000000000e+00 1.600000000000000089e+00 -8.520000000000000013e-04 -4.429999999999999802e-04 1.000000000000000000e+00 -3.179390000000000271e-01 9.481110000000000371e-01 1.489999999999999897e-04 -9.481110000000000371e-01 -3.179390000000000271e-01 -9.479999999999999495e-04
3.000000000000000000e+01 6.300000000000000000e+01 5.400000000000000000e+01 0.000000000000000000e+00 1.600000000000000089e+00 -1.670800000000000063e-02 -7.527999999999999969e-03 9.998320000000000540e-01 -3.306089999999999862e-01 9.437659999999999938e-01 1.580999999999999940e-03 -9.436200000000000143e-01 -3.305270000000000152e-01 -1.825699999999999892e-02
2.300000000000000000e+01 2.500000000000000000e+01 5.500000000000000000e+01 0.000000000000000000e+00 1.600000000000000089e+00 2.069999999999999900e-04 -6.248000000000000081e-03 -9.999799999999999800e-01 -1.140599999999999947e-02 -9.999149999999999983e-01 6.244999999999999683e-03 -9.999350000000000183e-01 1.140399999999999921e-02 -2.779999999999999811e-04
2.700000000000000000e+01 2.500000000000000000e+01 5.500000000000000000e+01 0.000000000000000000e+00 1.600000000000000089e+00 2.239999999999999966e-04 -8.956999999999999684e-03 -9.999599999999999600e-01 -1.404599999999999946e-02 -9.998609999999999998e-01 8.952999999999999153e-03 -9.999010000000000398e-01 1.404399999999999919e-02 -3.490000000000000263e-04
3.000000000000000000e+00 2.100000000000000000e+01 6.000000000000000000e+01 0.000000000000000000e+00 1.600000000000000089e+00 -2.039999999999999984e-04 -1.595600000000000143e-02 9.998730000000000118e-01 -9.272299999999999986e-02 9.955650000000000333e-01 1.586900000000000116e-02 -9.956920000000000215e-01 -9.270799999999999874e-02 -1.681999999999999901e-03
7.000000000000000000e+00 2.100000000000000000e+01 6.000000000000000000e+01 0.000000000000000000e+00 1.600000000000000089e+00 -1.606999999999999922e-03 -6.812999999999999612e-03 9.999749999999999472e-01 -9.316699999999999982e-02 9.956279999999999575e-01 6.634000000000000140e-03 -9.956490000000000062e-01 -9.315400000000000069e-02 -2.235000000000000007e-03
1.300000000000000000e+01 2.100000000000000000e+01 6.000000000000000000e+01 0.000000000000000000e+00 1.600000000000000089e+00 -1.453999999999999997e-03 4.637999999999999762e-03 9.999879999999999880e-01 -9.584700000000000164e-02 9.953849999999999643e-01 -4.755999999999999811e-03 -9.953950000000000298e-01 -9.585200000000000664e-02 -1.002000000000000069e-03
1.800000000000000000e+01 2.100000000000000000e+01 6.000000000000000000e+01 0.000000000000000000e+00 1.600000000000000089e+00 1.353999999999999952e-03 1.072700000000000042e-02 9.999419999999999975e-01 -9.600599999999999412e-02 9.953250000000000153e-01 -1.054800000000000008e-02 -9.953800000000000425e-01 -9.598700000000000288e-02 2.377000000000000206e-03
2.200000000000000000e+01 2.100000000000000000e+01 6.000000000000000000e+01 0.000000000000000000e+00 1.600000000000000089e+00 2.769999999999999893e-03 -5.710000000000000015e-04 9.999959999999999960e-01 -9.439000000000000168e-02 9.955349999999999477e-01 8.300000000000000086e-04 -9.955310000000000548e-01 -9.439200000000000368e-02 2.703999999999999806e-03
2.900000000000000000e+01 2.100000000000000000e+01 6.000000000000000000e+01 0.000000000000000000e+00 1.600000000000000089e+00 3.066999999999999848e-03 9.155999999999999209e-03 9.999529999999999808e-01 -9.651200000000000057e-02 9.952929999999999833e-01 -8.817000000000000184e-03 -9.953269999999999618e-01 -9.648099999999999732e-02 3.936000000000000262e-03
1.200000000000000000e+01 8.200000000000000000e+01 6.200000000000000000e+01 0.000000000000000000e+00 1.600000000000000089e+00 6.359580000000000233e-01 -7.463459999999999539e-01 1.962780000000000080e-01 -6.464090000000000114e-01 -6.541059999999999652e-01 -3.928119999999999945e-01 4.215599999999999903e-01 1.229360000000000036e-01 -8.984290000000000331e-01
1.300000000000000000e+01 3.000000000000000000e+00 6.300000000000000000e+01 0.000000000000000000e+00 1.600000000000000089e+00 1.704999999999999918e-03 1.383299999999999981e-02 9.999029999999999863e-01 -6.250449999999999617e-01 7.805279999999999996e-01 -9.733000000000000332e-03 -7.805870000000000308e-01 -6.249670000000000503e-01 9.976999999999999758e-03
2.000000000000000000e+01 3.000000000000000000e+00 6.300000000000000000e+01 0.000000000000000000e+00 1.600000000000000089e+00 7.339999999999999520e-04 2.301000000000000094e-03 9.999970000000000248e-01 -6.174100000000000144e-01 7.866410000000000347e-01 -1.356999999999999916e-03 -7.866410000000000347e-01 -6.174070000000000391e-01 1.998000000000000210e-03
2.800000000000000000e+01 3.000000000000000000e+00 6.300000000000000000e+01 0.000000000000000000e+00 1.600000000000000089e+00 2.849999999999999886e-04 -6.179999999999999513e-04 1.000000000000000000e+00 -6.169109999999999872e-01 7.870319999999999538e-01 6.620000000000000450e-04 -7.870329999999999826e-01 -6.169109999999999872e-01 -1.569999999999999944e-04
5.000000000000000000e+00 2.700000000000000000e+01 6.300000000000000000e+01 0.000000000000000000e+00 1.600000000000000089e+00 5.619999999999999996e-04 -2.822999999999999989e-03 9.999959999999999960e-01 -2.815050000000000052e-01 9.595550000000000468e-01 2.867000000000000191e-03 -9.595590000000000508e-01 -2.815059999999999785e-01 -2.550000000000000183e-04
1.100000000000000000e+01 2.700000000000000000e+01 6.300000000000000000e+01 0.000000000000000000e+00 1.600000000000000089e+00 -1.227999999999999925e-03 -3.047999999999999928e-03 9.999949999999999672e-01 -2.761799999999999811e-01 9.611030000000000406e-01 2.589999999999999854e-03 -9.611049999999999871e-01 -2.761750000000000038e-01 -2.021999999999999926e-03
1.400000000000000000e+01 2.700000000000000000e+01 6.300000000000000000e+01 0.000000000000000000e+00 1.600000000000000089e+00 2.339999999999999958e-04 1.530000000000000056e-04 1.000000000000000000e+00 -2.714039999999999786e-01 9.624650000000000150e-01 -8.299999999999999815e-05 -9.624650000000000150e-01 -2.714039999999999786e-01 2.669999999999999847e-04
2.100000000000000000e+01 2.700000000000000000e+01 6.300000000000000000e+01 0.000000000000000000e+00 1.600000000000000089e+00 2.259999999999999856e-03 6.702999999999999757e-03 9.999749999999999472e-01 -2.728809999999999847e-01 9.620300000000000518e-01 -5.832000000000000378e-03 -9.620450000000000390e-01 -2.728610000000000202e-01 4.002999999999999614e-03
2.800000000000000000e+01 2.700000000000000000e+01 6.300000000000000000e+01 0.000000000000000000e+00 1.600000000000000089e+00 5.479999999999999845e-04 -1.917000000000000084e-03 9.999980000000000535e-01 -2.793729999999999825e-01 9.601809999999999512e-01 1.992999999999999980e-03 -9.601830000000000087e-01 -2.793729999999999825e-01 -9.000000000000000228e-06
1.100000000000000000e+01 2.600000000000000000e+01 6.400000000000000000e+01 0.000000000000000000e+00 1.600000000000000089e+00 -2.135999999999999878e-03 -2.884999999999999978e-03 9.999940000000000495e-01 -3.567259999999999875e-01 9.342070000000000096e-01 1.933000000000000039e-03 -9.342059999999999809e-01 -3.567199999999999815e-01 -3.024000000000000212e-03
1.500000000000000000e+01 2.600000000000000000e+01 6.400000000000000000e+01 0.000000000000000000e+00 1.600000000000000089e+00 2.979999999999999793e-04 -1.051999999999999984e-03 9.999989999999999712e-01 -3.528180000000000205e-01 9.356910000000000505e-01 1.090000000000000040e-03 -9.356919999999999682e-01 -3.528180000000000205e-01 -9.299999999999999727e-05
2.200000000000000000e+01 2.600000000000000000e+01 6.400000000000000000e+01 0.000000000000000000e+00 1.600000000000000089e+00 1.626999999999999974e-03 8.597999999999999740e-03 9.999620000000000175e-01 -3.590090000000000225e-01 9.333040000000000225e-01 -7.440999999999999698e-03 -9.333329999999999682e-01 -3.589829999999999965e-01 4.605999999999999851e-03
2.800000000000000000e+01 2.600000000000000000e+01 6.400000000000000000e+01 0.000000000000000000e+00 1.600000000000000089e+00 2.979999999999999793e-04 -5.060000000000000478e-04 1.000000000000000000e+00 -3.645479999999999832e-01 9.311840000000000117e-01 5.800000000000000034e-04 -9.311840000000000117e-01 -3.645479999999999832e-01 9.299999999999999727e-05
2.400000000000000000e+01 7.300000000000000000e+01 6.400000000000000000e+01 0.000000000000000000e+00 1.600000000000000089e+00 -9.697590000000000376e-01 1.568239999999999912e-01 -1.870120000000000116e-01 -1.486260000000000081e-01 -9.872400000000000064e-01 -5.716899999999999760e-02 -1.935910000000000131e-01 -2.764499999999999943e-02 9.806930000000000369e-01
7.000000000000000000e+00 8.200000000000000000e+01 7.000000000000000000e+01 0.000000000000000000e+00 1.600000000000000089e+00 7.524790000000000090e-01 -4.492419999999999747e-01 4.816190000000000193e-01 -5.073999999999999622e-01 -8.616409999999999902e-01 -1.095800000000000073e-02 4.199049999999999727e-01 -2.361280000000000046e-01 -8.763119999999999798e-01
6.000000000000000000e+00 7.100000000000000000e+01 7.200000000000000000e+01 0.000000000000000000e+00 1.600000000000000089e+00 4.395769999999999955e-01 -4.073600000000000138e-02 -8.972809999999999953e-01 8.850679999999999659e-01 1.898779999999999912e-01 4.249729999999999897e-01 1.530620000000000036e-01 -9.809620000000000006e-01 1.195200000000000012e-01
2.100000000000000000e+01 8.100000000000000000e+01 7.200000000000000000e+01 0.000000000000000000e+00 1.600000000000000089e+00 -6.798769999999999536e-01 -2.337650000000000006e-01 -6.950690000000000479e-01 -7.096639999999999615e-01 -2.910099999999999840e-02 7.039389999999999814e-01 -1.847840000000000038e-01 9.718569999999999709e-01 -1.461089999999999889e-01
