1.400000000000000000e+01 2.500000000000000000e+01 1.000000000000000000e+00 0.000000000000000000e+00 1.600000000000000089e+00 -1.361000000000000014e-03 2.990000000000000036e-04 -9.999989999999999712e-01 -5.313250000000000473e-01 -8.471680000000000321e-01 4.699999999999999859e-04 -8.471670000000000034e-01 5.313250000000000473e-01 1.311000000000000099e-03
2.400000000000000000e+01 2.500000000000000000e+01 1.000000000000000000e+00 0.000000000000000000e+00 1.600000000000000089e+00 8.100000000000000375e-05 -7.812000000000000367e-03 -9.999689999999999968e-01 -5.280350000000000321e-01 -8.491969999999999796e-01 6.590999999999999637e-03 -8.492220000000000324e-01 5.280190000000000161e-01 -4.193999999999999811e-03
3.000000000000000000e+01 3.000000000000000000e+00 3.000000000000000000e+00 0.000000000000000000e+00 1.600000000000000089e+00 8.691500000000000614e-02 6.365099999999999925e-02 -9.941799999999999526e-01 -8.266729999999999912e-01 -5.522930000000000339e-01 -1.076310000000000044e-01 -5.559300000000000352e-01 8.312159999999999549e-01 4.616000000000000311e-03
2.000000000000000000e+00 1.500000000000000000e+01 4.000000000000000000e+00 0.000000000000000000e+00 1.600000000000000089e+00 -3.403000000000000209e-03 -4.264999999999999694e-03 9.999850000000000128e-01 3.187969999999999970e-01 -9.478180000000000494e-01 -2.958000000000000126e-03 9.478170000000000206e-01 3.187829999999999830e-01 4.585999999999999799e-03
6.000000000000000000e+00 1.500000000000000000e+01 4.000000000000000000e+00 0.000000000000000000e+00 1.600000000000000089e+00 1.056000000000000081e-03 3.762000000000000153e-03 9.999919999999999920e-01 3.200160000000000227e-01 -9.474069999999999991e-01 3.226000000000000135e-03 9.474120000000000319e-01 3.200100000000000167e-01 -2.203999999999999796e-03
1.200000000000000000e+01 1.500000000000000000e+01 4.000000000000000000e+00 0.000000000000000000e+00 1.600000000000000089e+00 6.549999999999999833e-04 2.167999999999999788e-03 9.999970000000000248e-01 3.257720000000000060e-01 -9.454470000000000374e-01 1.835999999999999958e-03 9.454479999999999551e-01 3.257700000000000040e-01 -1.325000000000000006e-03
1.500000000000000000e+01 1.500000000000000000e+01 4.000000000000000000e+00 0.000000000000000000e+00 1.600000000000000089e+00 -5.800000000000000034e-04 -3.190000000000000127e-03 9.999949999999999672e-01 3.182389999999999941e-01 -9.480060000000000153e-01 -2.838999999999999944e-03 9.480100000000000193e-01 3.182360000000000189e-01 1.564999999999999985e-03
2.200000000000000000e+01 1.500000000000000000e+01 4.000000000000000000e+00 0.000000000000000000e+00 1.600000000000000089e+00 -2.203000000000000097e-03 -7.584999999999999729e-03 9.999689999999999968e-01 3.106389999999999985e-01 -9.505059999999999620e-01 -6.525999999999999683e-03 9.505249999999999533e-01 3.106149999999999745e-01 4.449999999999999963e-03
2.700000000000000000e+01 1.500000000000000000e+01 4.000000000000000000e+00 0.000000000000000000e+00 1.600000000000000089e+00 9.449999999999999850e-04 -3.974000000000000102e-03 9.999919999999999920e-01 3.155189999999999939e-01 -9.489100000000000312e-01 -4.069999999999999833e-03 9.489189999999999570e-01 3.155209999999999959e-01 3.570000000000000040e-04
5.000000000000000000e+00 1.010000000000000000e+02 7.000000000000000000e+00 0.000000000000000000e+00 1.600000000000000089e+00 -3.220000000000000206e-04 1.600000000000000077e-03 9.999989999999999712e-01 8.897370000000000001e-01 4.564730000000000176e-01 -4.440000000000000045e-04 -4.564730000000000176e-01 8.897359999999999713e-01 -1.570999999999999914e-03
3.000000000000000000e+00 2.500000000000000000e+01 8.000000000000000000e+00 0.000000000000000000e+00 1.600000000000000089e+00 4.620000000000000083e-04 -1.580000000000000024e-03 -9.999989999999999712e-01 4.480160000000000253e-01 8.940249999999999586e-01 -1.204999999999999908e-03 8.940259999999999874e-01 -4.480149999999999966e-01 1.119999999999999902e-03
8.000000000000000000e+00 2.500000000000000000e+01 8.000000000000000000e+00 0.000000000000000000e+00 1.600000000000000089e+00 -5.079999999999999880e-04 -4.624999999999999771e-03 -9.999890000000000168e-01 4.484079999999999733e-01 8.938180000000000014e-01 -4.362000000000000426e-03 8.938289999999999846e-01 -4.484060000000000268e-01 1.618999999999999996e-03
1.500000000000000000e+01 2.500000000000000000e+01 8.000000000000000000e+00 0.000000000000000000e+00 1.600000000000000089e+00 2.452999999999999885e-03 8.042999999999999802e-03 -9.999649999999999928e-01 4.480439999999999978e-01 8.939730000000000176e-01 8.288999999999999493e-03 8.940080000000000249e-01 -4.480480000000000018e-01 -1.410999999999999928e-03
2.100000000000000000e+01 2.500000000000000000e+01 8.000000000000000000e+00 0.000000000000000000e+00 1.600000000000000089e+00 -6.800000000000000488e-04 7.196000000000000139e-03 -9.999740000000000295e-01 4.450049999999999839e-01 8.955070000000000530e-01 6.141999999999999890e-03 8.955279999999999907e-01 -4.449890000000000234e-01 -3.811000000000000151e-03
2.700000000000000000e+01 2.500000000000000000e+01 8.000000000000000000e+00 0.000000000000000000e+00 1.600000000000000089e+00 9.060000000000000128e-04 6.165999999999999606e-03 -9.999810000000000088e-01 4.459549999999999903e-01 8.950360000000000538e-01 5.923000000000000313e-03 8.950550000000000450e-01 -4.459509999999999863e-01 -1.938999999999999968e-03
5.000000000000000000e+00 2.400000000000000000e+01 9.000000000000000000e+00 0.000000000000000000e+00 1.600000000000000089e+00 6.700000000000000226e-05 1.039999999999999936e-04 -1.000000000000000000e+00 4.534850000000000270e-01 8.912639999999999452e-01 1.230000000000000082e-04 8.912639999999999452e-01 -4.534850000000000270e-01 1.200000000000000030e-05
7.000000000000000000e+00 2.400000000000000000e+01 9.000000000000000000e+00 0.000000000000000000e+00 1.600000000000000089e+00 -2.680000000000000090e-04 -2.766999999999999928e-03 -9.999959999999999960e-01 4.536649999999999849e-01 8.911679999999999602e-01 -2.586999999999999890e-03 8.911719999999999642e-01 -4.536640000000000117e-01 1.015999999999999976e-03
1.500000000000000000e+01 2.400000000000000000e+01 9.000000000000000000e+00 0.000000000000000000e+00 1.600000000000000089e+00 2.886999999999999809e-03 8.883000000000000271e-03 -9.999559999999999560e-01 4.521490000000000231e-01 8.918949999999999934e-01 9.228000000000000091e-03 8.919380000000000086e-01 -4.521560000000000024e-01 -1.441999999999999922e-03
2.100000000000000000e+01 2.400000000000000000e+01 9.000000000000000000e+00 0.000000000000000000e+00 1.600000000000000089e+00 -1.000999999999999937e-03 7.720000000000000299e-03 -9.999700000000000255e-01 4.489989999999999815e-01 8.935089999999999977e-01 6.448999999999999871e-03 8.935319999999999929e-01 -4.489790000000000170e-01 -4.360000000000000160e-03
2.700000000000000000e+01 2.400000000000000000e+01 9.000000000000000000e+00 0.000000000000000000e+00 1.600000000000000089e+00 5.910000000000000539e-04 5.408999999999999746e-03 -9.999850000000000128e-01 4.504239999999999911e-01 8.928000000000000380e-01 5.095999999999999835e-03 8.928139999999999965e-01 -4.504210000000000158e-01 -1.909000000000000107e-03
1.200000000000000000e+01 4.000000000000000000e+00 1.100000000000000000e+01 0.000000000000000000e+00 1.600000000000000089e+00 9.009999999999999997e-04 9.946999999999999245e-03 -9.999500000000000055e-01 2.327440000000000064e-01 9.724880000000000191e-01 9.884000000000000424e-03 9.725380000000000136e-01 -2.327410000000000034e-01 -1.438999999999999958e-03
1.500000000000000000e+01 4.000000000000000000e+00 1.100000000000000000e+01 0.000000000000000000e+00 1.600000000000000089e+00 -5.074000000000000385e-03 -2.870699999999999988e-02 -9.995749999999999913e-01 2.368460000000000010e-01 9.711119999999999752e-01 -2.909199999999999980e-02 9.715340000000000087e-01 -2.368919999999999915e-01 1.871999999999999966e-03
2.700000000000000000e+01 5.000000000000000000e+00 1.200000000000000000e+01 0.000000000000000000e+00 1.600000000000000089e+00 1.101700000000000075e-02 -1.060159999999999991e-01 9.943030000000000479e-01 -2.306469999999999909e-01 9.672809999999999464e-01 1.056900000000000062e-01 -9.729750000000000343e-01 -2.304970000000000074e-01 -1.379599999999999924e-02
3.000000000000000000e+00 3.100000000000000000e+01 1.200000000000000000e+01 0.000000000000000000e+00 1.600000000000000089e+00 9.179999999999999792e-04 3.759000000000000188e-03 9.999930000000000208e-01 8.639999999999999677e-04 9.999930000000000208e-01 -3.759999999999999887e-03 -9.999989999999999712e-01 8.679999999999999565e-04 9.150000000000000147e-04
7.000000000000000000e+00 3.100000000000000000e+01 1.200000000000000000e+01 0.000000000000000000e+00 1.600000000000000089e+00 5.739999999999999660e-04 3.494999999999999843e-03 9.999940000000000495e-01 4.010999999999999809e-03 9.999860000000000415e-01 -3.497000000000000108e-03 -9.999919999999999920e-01 4.013000000000000074e-03 5.599999999999999509e-04
1.300000000000000000e+01 3.100000000000000000e+01 1.200000000000000000e+01 0.000000000000000000e+00 1.600000000000000089e+00 -6.849999999999999535e-04 1.268000000000000030e-03 9.999989999999999712e-01 6.071000000000000008e-03 9.999810000000000088e-01 -1.263000000000000017e-03 -9.999810000000000088e-01 6.069999999999999875e-03 -6.930000000000000396e-04
1.700000000000000000e+01 3.100000000000000000e+01 1.200000000000000000e+01 0.000000000000000000e+00 1.600000000000000089e+00 -3.980000000000000248e-04 4.800999999999999712e-03 9.999879999999999880e-01 6.409999999999999899e-03 9.999679999999999680e-01 -4.798000000000000181e-03 -9.999789999999999512e-01 6.407999999999999634e-03 -4.290000000000000193e-04
2.200000000000000000e+01 3.100000000000000000e+01 1.200000000000000000e+01 0.000000000000000000e+00 1.600000000000000089e+00 2.353000000000000057e-03 -7.842000000000000012e-03 9.999660000000000215e-01 4.709999999999999777e-03 9.999580000000000135e-01 7.830999999999999420e-03 -9.999860000000000415e-01 4.691999999999999990e-03 2.389000000000000064e-03
2.800000000000000000e+01 3.100000000000000000e+01 1.200000000000000000e+01 0.000000000000000000e+00 1.600000000000000089e+00 1.812999999999999941e-03 -1.348000000000000023e-03 9.999970000000000248e-01 -8.040000000000000271e-04 9.999989999999999712e-01 1.350000000000000071e-03 -9.999980000000000535e-01 -8.069999999999999916e-04 1.812000000000000026e-03
2.000000000000000000e+00 3.500000000000000000e+01 1.200000000000000000e+01 0.000000000000000000e+00 1.600000000000000089e+00 -5.479999999999999845e-04 5.253999999999999990e-03 -9.999860000000000415e-01 5.819680000000000408e-01 -8.131990000000000052e-01 -4.590999999999999595e-03 -8.132120000000000459e-01 -5.819619999999999793e-01 -2.612000000000000172e-03
6.000000000000000000e+00 3.500000000000000000e+01 1.200000000000000000e+01 0.000000000000000000e+00 1.600000000000000089e+00 6.719999999999999628e-04 4.002000000000000349e-03 -9.999919999999999920e-01 5.911699999999999733e-01 -8.065419999999999812e-01 -2.831000000000000183e-03 -8.065459999999999852e-01 -5.911640000000000228e-01 -2.907999999999999995e-03
9.000000000000000000e+00 3.200000000000000000e+01 1.400000000000000000e+01 0.000000000000000000e+00 1.600000000000000089e+00 5.800000000000000034e-05 7.569999999999999689e-04 -1.000000000000000000e+00 9.904599999999999516e-02 9.950830000000000508e-01 7.590000000000000175e-04 9.950830000000000508e-01 -9.904599999999999516e-02 -1.699999999999999987e-05
8.000000000000000000e+00 1.200000000000000000e+01 1.500000000000000000e+01 0.000000000000000000e+00 1.600000000000000089e+00 6.610000000000000207e-04 1.768000000000000040e-03 -9.999980000000000535e-01 -4.717580000000000107e-01 -8.817260000000000097e-01 -1.871000000000000050e-03 -8.817279999999999562e-01 4.717580000000000107e-01 2.509999999999999753e-04
1.200000000000000000e+01 1.200000000000000000e+01 1.500000000000000000e+01 0.000000000000000000e+00 1.600000000000000089e+00 1.137999999999999906e-03 1.039999999999999909e-03 -9.999989999999999712e-01 -4.721380000000000021e-01 -8.815229999999999455e-01 -1.454999999999999913e-03 -8.815239999999999743e-01 4.721389999999999754e-01 -5.119999999999999768e-04
1.900000000000000000e+01 1.200000000000000000e+01 1.500000000000000000e+01 0.000000000000000000e+00 1.600000000000000089e+00 8.739999999999999939e-04 5.637999999999999783e-03 -9.999839999999999840e-01 -4.693269999999999942e-01 -8.830080000000000151e-01 -5.388000000000000428e-03 -8.830240000000000311e-01 4.693240000000000189e-01 1.874999999999999931e-03
2.500000000000000000e+01 1.200000000000000000e+01 1.500000000000000000e+01 0.000000000000000000e+00 1.600000000000000089e+00 7.919999999999999523e-04 1.904000000000000093e-03 -9.999980000000000535e-01 -4.723800000000000221e-01 -8.813929999999999820e-01 -2.053000000000000137e-03 -8.813950000000000395e-01 4.723809999999999953e-01 2.020000000000000040e-04
3.000000000000000000e+00 1.100000000000000000e+01 1.600000000000000000e+01 0.000000000000000000e+00 1.600000000000000089e+00 5.079999999999999880e-04 1.994000000000000113e-03 -9.999980000000000535e-01 -4.158459999999999934e-01 -9.094330000000000469e-01 -2.024000000000000191e-03 -9.094349999999999934e-01 4.158459999999999934e-01 3.669999999999999760e-04
2.000000000000000000e+00 1.160000000000000000e+02 1.600000000000000000e+01 0.000000000000000000e+00 1.600000000000000089e+00 1.466000000000000072e-03 -1.268000000000000030e-03 9.999980000000000535e-01 7.859049999999999647e-01 6.183469999999999800e-01 -3.680000000000000003e-04 -6.183450000000000335e-01 7.859040000000000470e-01 1.902999999999999961e-03
5.000000000000000000e+00 2.000000000000000000e+00 1.900000000000000000e+01 0.000000000000000000e+00 1.600000000000000089e+00 9.148999999999999147e-03 -1.413400000000000073e-02 -9.998580000000000245e-01 2.281169999999999864e-01 -9.735049999999999537e-01 1.584899999999999851e-02 -9.735909999999999842e-01 -2.282289999999999874e-01 -5.682999999999999684e-03
1.000000000000000000e+01 2.000000000000000000e+00 1.900000000000000000e+01 0.000000000000000000e+00 1.600000000000000089e+00 4.066000000000000170e-03 -1.577699999999999936e-02 -9.998669999999999503e-01 2.239810000000000134e-01 -9.744570000000000176e-01 1.628699999999999939e-02 -9.745850000000000346e-01 -2.240179999999999949e-01 -4.279999999999999950e-04
1.600000000000000000e+01 2.000000000000000000e+00 1.900000000000000000e+01 0.000000000000000000e+00 1.600000000000000089e+00 -3.043000000000000132e-03 1.458000000000000095e-03 -9.999940000000000495e-01 2.161559999999999870e-01 -9.763570000000000304e-01 -2.082000000000000083e-03 -9.763540000000000552e-01 -2.161609999999999920e-01 2.655999999999999941e-03
2.500000000000000000e+01 2.000000000000000000e+00 1.900000000000000000e+01 0.000000000000000000e+00 1.600000000000000089e+00 -8.281999999999999432e-03 4.375999999999999682e-03 -9.999559999999999560e-01 2.180630000000000068e-01 -9.759160000000000057e-01 -6.075999999999999804e-03 -9.758999999999999897e-01 -2.181039999999999923e-01 7.127999999999999788e-03
2.000000000000000000e+01 4.000000000000000000e+00 2.000000000000000000e+01 0.000000000000000000e+00 1.600000000000000089e+00 1.472000000000000001e-03 -2.860000000000000129e-03 -9.999949999999999672e-01 3.390850000000000253e-01 -9.407499999999999751e-01 3.188999999999999994e-03 -9.407550000000000079e-01 -3.390880000000000005e-01 -4.150000000000000043e-04
2.000000000000000000e+00 1.300000000000000000e+01 2.000000000000000000e+01 0.000000000000000000e+00 1.600000000000000089e+00 6.480000000000000300e-04 8.840000000000000201e-04 9.999989999999999712e-01 2.583090000000000108e-01 9.660619999999999763e-01 -1.020999999999999989e-03 -9.660619999999999763e-01 2.583099999999999841e-01 3.980000000000000248e-04
1.300000000000000000e+01 1.300000000000000000e+01 2.000000000000000000e+01 0.000000000000000000e+00 1.600000000000000089e+00 -1.379000000000000017e-03 -4.094000000000000417e-03 9.999909999999999632e-01 2.589670000000000027e-01 9.658769999999999856e-01 4.311999999999999861e-03 -9.658849999999999936e-01 2.589699999999999780e-01 -2.719999999999999979e-04
2.300000000000000000e+01 1.300000000000000000e+01 2.000000000000000000e+01 0.000000000000000000e+00 1.600000000000000089e+00 -1.528000000000000061e-03 -1.778999999999999982e-03 9.999970000000000248e-01 2.634679999999999800e-01 9.646660000000000235e-01 2.118999999999999790e-03 -9.646670000000000522e-01 2.634710000000000107e-01 -1.005000000000000034e-03
2.900000000000000000e+01 1.300000000000000000e+01 2.000000000000000000e+01 0.000000000000000000e+00 1.600000000000000089e+00 2.500000000000000052e-03 9.690000000000000262e-04 9.999959999999999960e-01 2.633619999999999850e-01 9.646959999999999980e-01 -1.593999999999999931e-03 -9.646940000000000515e-01 2.633650000000000158e-01 2.157000000000000063e-03
2.000000000000000000e+00 3.000000000000000000e+00 2.500000000000000000e+01 0.000000000000000000e+00 1.600000000000000089e+00 -7.877999999999999586e-03 2.705499999999999919e-02 9.996030000000000193e-01 -1.813899999999999887e-02 -9.994729999999999448e-01 2.690800000000000136e-02 9.998040000000000260e-01 -1.791999999999999843e-02 8.363999999999999907e-03
1.700000000000000000e+01 3.000000000000000000e+00 2.500000000000000000e+01 0.000000000000000000e+00 1.600000000000000089e+00 -2.328999999999999907e-03 -5.671999999999999958e-03 9.999810000000000088e-01 -2.012699999999999906e-02 -9.997810000000000308e-01 -5.717999999999999992e-03 9.997949999999999893e-01 -2.014000000000000165e-02 2.213999999999999822e-03
2.500000000000000000e+01 3.000000000000000000e+00 2.500000000000000000e+01 0.000000000000000000e+00 1.600000000000000089e+00 -2.818999999999999891e-03 -4.000000000000000083e-03 9.999879999999999880e-01 -2.249200000000000157e-02 -9.997390000000000443e-01 -4.062999999999999771e-03 9.997430000000000483e-01 -2.250399999999999970e-02 2.727999999999999956e-03
3.000000000000000000e+00 4.600000000000000000e+01 2.700000000000000000e+01 0.000000000000000000e+00 1.600000000000000089e+00 -1.430000000000000064e-04 2.014999999999999864e-03 -9.999980000000000535e-01 6.803280000000000438e-01 7.329069999999999752e-01 1.379999999999999933e-03 7.329080000000000039e-01 -6.803259999999999863e-01 -1.476000000000000098e-03
2.400000000000000000e+01 4.600000000000000000e+01 2.700000000000000000e+01 0.000000000000000000e+00 1.600000000000000089e+00 -3.089999999999999865e-03 1.116000000000000021e-03 -9.999949999999999672e-01 6.668119999999999603e-01 7.452250000000000263e-01 -1.227999999999999925e-03 7.452199999999999935e-01 -6.668119999999999603e-01 -3.046999999999999795e-03
9.000000000000000000e+00 4.600000000000000000e+01 3.000000000000000000e+01 0.000000000000000000e+00 1.600000000000000089e+00 2.521999999999999936e-03 2.135999999999999878e-03 -9.999949999999999672e-01 3.188840000000000008e-01 9.477889999999999926e-01 2.828999999999999918e-03 9.477900000000000214e-01 -3.188900000000000068e-01 1.709000000000000016e-03
1.800000000000000000e+01 4.600000000000000000e+01 3.000000000000000000e+01 0.000000000000000000e+00 1.600000000000000089e+00 8.180000000000000422e-04 -5.000000000000000409e-06 -1.000000000000000000e+00 3.153639999999999777e-01 9.489710000000000090e-01 2.530000000000000239e-04 9.489699999999999802e-01 -3.153639999999999777e-01 7.780000000000000457e-04
2.300000000000000000e+01 4.600000000000000000e+01 3.000000000000000000e+01 0.000000000000000000e+00 1.600000000000000089e+00 -3.020000000000000115e-03 -1.146000000000000100e-03 -9.999949999999999672e-01 3.162889999999999868e-01 9.486609999999999765e-01 -2.043000000000000111e-03 9.486580000000000013e-01 -3.162929999999999908e-01 -2.501999999999999884e-03
2.700000000000000000e+01 4.600000000000000000e+01 3.000000000000000000e+01 0.000000000000000000e+00 1.600000000000000089e+00 -2.184999999999999876e-03 4.350000000000000026e-04 -9.999980000000000535e-01 3.142719999999999958e-01 9.493329999999999824e-01 -2.739999999999999923e-04 9.493310000000000359e-01 -3.142710000000000226e-01 -2.210999999999999858e-03
3.000000000000000000e+00 5.800000000000000000e+01 3.100000000000000000e+01 0.000000000000000000e+00 1.600000000000000089e+00 -3.226999999999999834e-03 -4.400000000000000157e-04 9.999949999999999672e-01 -7.761500000000000066e-01 -6.305420000000000469e-01 -2.782999999999999884e-03 6.305399999999999894e-01 -7.761550000000000393e-01 1.693000000000000060e-03
8.000000000000000000e+00 5.800000000000000000e+01 3.100000000000000000e+01 0.000000000000000000e+00 1.600000000000000089e+00 -1.773000000000000053e-03 -6.591999999999999769e-03 9.999770000000000048e-01 -7.818159999999999554e-01 -6.234849999999999559e-01 -5.496000000000000017e-03 6.235060000000000047e-01 -7.818079999999999474e-01 -4.048999999999999648e-03
1.400000000000000000e+01 5.800000000000000000e+01 3.100000000000000000e+01 0.000000000000000000e+00 1.600000000000000089e+00 -2.854000000000000200e-03 -4.766000000000000271e-03 9.999850000000000128e-01 -7.832419999999999938e-01 -6.216949999999999976e-01 -5.198000000000000363e-03 6.217099999999999849e-01 -7.832449999999999690e-01 -1.958999999999999804e-03
2.200000000000000000e+01 5.800000000000000000e+01 3.100000000000000000e+01 0.000000000000000000e+00 1.600000000000000089e+00 -4.820000000000000066e-04 3.420000000000000188e-04 1.000000000000000000e+00 -7.897509999999999808e-01 -6.134269999999999445e-01 -1.700000000000000122e-04 6.134269999999999445e-01 -7.897509999999999808e-01 5.659999999999999884e-04
2.700000000000000000e+01 5.800000000000000000e+01 3.100000000000000000e+01 0.000000000000000000e+00 1.600000000000000089e+00 1.773000000000000053e-03 2.348999999999999960e-03 9.999959999999999960e-01 -7.880509999999999460e-01 -6.156030000000000113e-01 2.843000000000000041e-03 6.156070000000000153e-01 -7.880530000000000035e-01 7.600000000000000418e-04
6.000000000000000000e+00 4.600000000000000000e+01 3.500000000000000000e+01 0.000000000000000000e+00 1.600000000000000089e+00 -3.970000000000000005e-04 -1.630000000000000047e-04 -1.000000000000000000e+00 3.925420000000000020e-01 -9.197340000000000515e-01 -6.000000000000000152e-06 -9.197340000000000515e-01 -3.925420000000000020e-01 4.290000000000000193e-04
1.000000000000000000e+01 4.600000000000000000e+01 3.500000000000000000e+01 0.000000000000000000e+00 1.600000000000000089e+00 7.370000000000000249e-04 -1.069000000000000072e-03 -9.999989999999999712e-01 3.914949999999999819e-01 -9.201789999999999692e-01 1.271999999999999910e-03 -9.201799999999999979e-01 -3.914960000000000107e-01 -2.590000000000000071e-04
2.000000000000000000e+01 4.600000000000000000e+01 3.500000000000000000e+01 0.000000000000000000e+00 1.600000000000000089e+00 -1.505999999999999960e-03 -4.350000000000000026e-04 -9.999989999999999712e-01 3.903340000000000143e-01 -9.206729999999999636e-01 -1.869999999999999917e-04 -9.206720000000000459e-01 -3.903340000000000143e-01 1.557000000000000007e-03
2.200000000000000000e+01 4.600000000000000000e+01 3.500000000000000000e+01 0.000000000000000000e+00 1.600000000000000089e+00 -1.379000000000000017e-03 2.533000000000000095e-03 -9.999959999999999960e-01 3.899299999999999988e-01 -9.208399999999999919e-01 -2.870000000000000155e-03 -9.208439999999999959e-01 -3.899320000000000008e-01 2.829999999999999942e-04
1.000000000000000000e+01 3.000000000000000000e+00 4.300000000000000000e+01 0.000000000000000000e+00 1.600000000000000089e+00 -4.754000000000000413e-03 -6.323999999999999760e-03 -9.999689999999999968e-01 7.369959999999999845e-01 -6.758969999999999700e-01 7.709999999999999840e-04 -6.758800000000000363e-01 -7.369689999999999852e-01 7.874000000000000790e-03
1.900000000000000000e+01 3.000000000000000000e+00 4.300000000000000000e+01 0.000000000000000000e+00 1.600000000000000089e+00 -5.228000000000000008e-03 -6.491000000000000242e-03 -9.999649999999999928e-01 7.374370000000000092e-01 -6.754160000000000164e-01 5.289999999999999564e-04 -6.753959999999999964e-01 -7.374089999999999812e-01 8.318000000000000740e-03
2.000000000000000000e+01 8.000000000000000000e+00 4.400000000000000000e+01 0.000000000000000000e+00 1.600000000000000089e+00 7.529999999999999801e-04 -4.081999999999999691e-03 9.999909999999999632e-01 -7.845689999999999609e-01 -6.200390000000000068e-01 -1.941000000000000017e-03 6.200409999999999533e-01 -7.845609999999999529e-01 -3.668999999999999952e-03
3.000000000000000000e+00 2.900000000000000000e+01 4.400000000000000000e+01 0.000000000000000000e+00 1.600000000000000089e+00 -8.580000000000000387e-04 2.746999999999999876e-03 -9.999959999999999960e-01 6.576929999999999721e-01 7.532849999999999824e-01 1.505000000000000044e-03 7.532860000000000111e-01 -6.576889999999999681e-01 -2.452999999999999885e-03
8.000000000000000000e+00 2.900000000000000000e+01 4.400000000000000000e+01 0.000000000000000000e+00 1.600000000000000089e+00 -1.129999999999999955e-04 1.198000000000000063e-03 -9.999989999999999712e-01 6.553029999999999688e-01 7.553659999999999819e-01 8.300000000000000086e-04 7.553659999999999819e-01 -6.553020000000000511e-01 -8.700000000000000051e-04
1.300000000000000000e+01 2.900000000000000000e+01 4.400000000000000000e+01 0.000000000000000000e+00 1.600000000000000089e+00 -1.430000000000000064e-03 1.010000000000000047e-03 -9.999989999999999712e-01 6.541690000000000005e-01 7.563480000000000203e-01 -1.720000000000000066e-04 7.563469999999999915e-01 -6.541679999999999717e-01 -1.742000000000000059e-03
1.600000000000000000e+01 2.900000000000000000e+01 4.400000000000000000e+01 0.000000000000000000e+00 1.600000000000000089e+00 3.490000000000000263e-04 1.649000000000000075e-03 -9.999989999999999712e-01 6.568150000000000377e-01 7.540499999999999980e-01 1.472999999999999917e-03 7.540510000000000268e-01 -6.568150000000000377e-01 -8.199999999999999824e-04
2.100000000000000000e+01 2.900000000000000000e+01 4.400000000000000000e+01 0.000000000000000000e+00 1.600000000000000089e+00 1.320000000000000101e-04 8.159999999999999936e-04 -1.000000000000000000e+00 6.635229999999999739e-01 7.481550000000000145e-01 6.989999999999999686e-04 7.481550000000000145e-01 -6.635229999999999739e-01 -4.429999999999999802e-04
2.600000000000000000e+01 2.900000000000000000e+01 4.400000000000000000e+01 0.000000000000000000e+00 1.600000000000000089e+00 1.113000000000000057e-03 -2.509999999999999753e-04 -9.999989999999999712e-01 6.573390000000000066e-01 7.535950000000000149e-01 5.419999999999999471e-04 7.535939999999999861e-01 -6.573390000000000066e-01 1.003999999999999901e-03
2.600000000000000000e+01 6.500000000000000000e+01 4.600000000000000000e+01 0.000000000000000000e+00 1.600000000000000089e+00 -7.399999999999999894e-04 -2.266999999999999918e-03 9.999970000000000248e-01 6.803449999999999775e-01 -7.328909999999999592e-01 -1.157999999999999958e-03 7.328909999999999592e-01 6.803420000000000023e-01 2.085000000000000048e-03
4.000000000000000000e+00 5.000000000000000000e+00 5.100000000000000000e+01 0.000000000000000000e+00 1.600000000000000089e+00 1.164899999999999963e-02 -1.328599999999999920e-02 -9.998439999999999550e-01 4.672789999999999999e-01 -8.839430000000000343e-01 1.719000000000000042e-02 -8.840329999999999577e-01 -4.674059999999999881e-01 -4.088999999999999753e-03
9.000000000000000000e+00 5.000000000000000000e+00 5.100000000000000000e+01 0.000000000000000000e+00 1.600000000000000089e+00 1.051999999999999984e-03 -6.720000000000000279e-03 -9.999770000000000048e-01 4.808850000000000069e-01 -8.767599999999999838e-01 6.398000000000000041e-03 -8.767829999999999790e-01 -4.808810000000000029e-01 2.308999999999999855e-03
2.400000000000000000e+01 5.000000000000000000e+00 5.100000000000000000e+01 0.000000000000000000e+00 1.600000000000000089e+00 3.899999999999999929e-04 -1.951000000000000043e-03 -9.999980000000000535e-01 4.788339999999999819e-01 -8.779040000000000177e-01 1.899999999999999996e-03 -8.779059999999999642e-01 -4.788330000000000086e-01 5.919999999999999698e-04
2.700000000000000000e+01 5.000000000000000000e+00 5.100000000000000000e+01 0.000000000000000000e+00 1.600000000000000089e+00 1.757000000000000098e-03 8.373000000000000234e-03 -9.999630000000000463e-01 4.799749999999999850e-01 -8.772579999999999822e-01 -6.501999999999999967e-03 -8.772809999999999775e-01 -4.799459999999999837e-01 -5.559999999999999838e-03
1.900000000000000000e+01 1.150000000000000000e+02 5.100000000000000000e+01 0.000000000000000000e+00 1.600000000000000089e+00 1.631999999999999987e-03 6.809999999999999647e-04 9.999980000000000535e-01 8.447900000000000409e-01 -5.350970000000000448e-01 -1.013999999999999927e-03 5.350960000000000161e-01 8.447900000000000409e-01 -1.448999999999999984e-03
2.700000000000000000e+01 7.000000000000000000e+00 5.200000000000000000e+01 0.000000000000000000e+00 1.600000000000000089e+00 2.138999999999999842e-03 2.687999999999999851e-03 -9.999940000000000495e-01 1.181060000000000026e-01 -9.929980000000000473e-01 -2.416999999999999878e-03 -9.929989999999999650e-01 -1.180999999999999966e-01 -2.441000000000000027e-03
4.000000000000000000e+00 6.300000000000000000e+01 5.400000000000000000e+01 0.000000000000000000e+00 1.600000000000000089e+00 -2.186000000000000009e-03 -4.022000000000000401e-03 9.999900000000000455e-01 -3.533109999999999862e-01 9.355010000000000270e-01 2.990000000000000036e-03 -9.355040000000000022e-01 -3.533000000000000029e-01 -3.465999999999999897e-03
9.000000000000000000e+00 6.300000000000000000e+01 5.400000000000000000e+01 0.000000000000000000e+00 1.600000000000000089e+00 -6.740000000000000114e-04 7.730000000000000326e-04 1.000000000000000000e+00 -3.438169999999999837e-01 9.390359999999999818e-01 -9.579999999999999757e-04 -9.390359999999999818e-01 -3.438180000000000125e-01 -3.669999999999999760e-04
1.500000000000000000e+01 6.300000000000000000e+01 5.400000000000000000e+01 0.000000000000000000e+00 1.600000000000000089e+00 2.990000000000000036e-04 -2.260999999999999989e-03 9.999970000000000248e-01 -3.485230000000000272e-01 9.372979999999999645e-01 2.223000000000000149e-03 -9.373000000000000220e-01 -3.485230000000000272e-01 -5.079999999999999880e-04
1.900000000000000000e+01 6.300000000000000000e+01 5.400000000000000000e+01 0.000000000000000000e+00 1.600000000000000089e+00 1.348999999999999939e-03 -8.559999999999999901e-04 9.999989999999999712e-01 -3.504410000000000025e-01 9.365839999999999721e-01 1.275000000000000092e-03 -9.365839999999999721e-01 -3.504419999999999757e-01 9.629999999999999888e-04
2.400000000000000000e+01 6.300000000000000000e+01 5.400000000000000000e+01 0.000000000000000000e+00 1.600000000000000089e+00 -8.989999999999999511e-04 -5.929999999999999941e-04 9.999989999999999712e-01 -3.454400000000000248e-01 9.384409999999999696e-01 2.460000000000000164e-04 -9.384409999999999696e-01 -3.454389999999999961e-01 -1.048000000000000103e-03
2.800000000000000000e+01 6.300000000000000000e+01 5.400000000000000000e+01 0.000000000000000000e+00 1.600000000000000089e+00 -1.748999999999999904e-03 5.789999999999999791e-04 9.999980000000000535e-01 -3.440849999999999742e-01 9.389380000000000503e-01 -1.146000000000000100e-03 -9.389370000000000216e-01 -3.440869999999999762e-01 -1.443000000000000055e-03
1.200000000000000000e+01 2.500000000000000000e+01 5.500000000000000000e+01 0.000000000000000000e+00 1.600000000000000089e+00 7.919999999999999523e-04 -1.147999999999999932e-03 -9.999989999999999712e-01 -1.267099999999999997e-02 -9.999190000000000023e-01 1.137999999999999906e-03 -9.999190000000000023e-01 1.267000000000000071e-02 -8.069999999999999916e-04
2.300000000000000000e+01 2.500000000000000000e+01 5.500000000000000000e+01 0.000000000000000000e+00 1.600000000000000089e+00 -1.000000000000000021e-03 -2.915000000000000056e-03 -9.999949999999999672e-01 -1.151600000000000019e-02 -9.999289999999999567e-01 2.926000000000000215e-03 -9.999329999999999607e-01 1.151899999999999973e-02 9.659999999999999533e-04
3.000000000000000000e+00 2.100000000000000000e+01 6.000000000000000000e+01 0.000000000000000000e+00 1.600000000000000089e+00 8.140000000000000534e-04 1.681999999999999901e-03 9.999980000000000535e-01 -9.736200000000000410e-02 9.952480000000000215e-01 -1.595000000000000064e-03 -9.952490000000000503e-01 -9.736100000000000310e-02 9.740000000000000394e-04
8.000000000000000000e+00 2.100000000000000000e+01 6.000000000000000000e+01 0.000000000000000000e+00 1.600000000000000089e+00 -7.550000000000000287e-04 -4.348000000000000302e-03 9.999900000000000455e-01 -9.637600000000000333e-02 9.953359999999999985e-01 4.255000000000000102e-03 -9.953450000000000353e-01 -9.637199999999999933e-02 -1.170000000000000033e-03
1.500000000000000000e+01 2.100000000000000000e+01 6.000000000000000000e+01 0.000000000000000000e+00 1.600000000000000089e+00 3.780000000000000265e-04 4.270000000000000249e-04 1.000000000000000000e+00 -9.450600000000000667e-02 9.955239999999999645e-01 -3.890000000000000228e-04 -9.955239999999999645e-01 -9.450600000000000667e-02 4.169999999999999987e-04
2.900000000000000000e+01 2.100000000000000000e+01 6.000000000000000000e+01 0.000000000000000000e+00 1.600000000000000089e+00 3.547999999999999939e-03 -6.080999999999999600e-03 9.999749999999999472e-01 -9.438499999999999668e-02 9.955150000000000388e-01 6.388999999999999714e-03 -9.955289999999999973e-01 -9.440600000000000380e-02 2.958000000000000126e-03
1.500000000000000000e+01 6.700000000000000000e+01 6.000000000000000000e+01 0.000000000000000000e+00 1.600000000000000089e+00 3.330000000000000169e-04 3.219000000000000073e-03 9.999949999999999672e-01 1.781099999999999905e-01 -9.840060000000000473e-01 3.108000000000000086e-03 9.840109999999999690e-01 1.781079999999999885e-01 -9.009999999999999997e-04
2.100000000000000000e+01 6.700000000000000000e+01 6.000000000000000000e+01 0.000000000000000000e+00 1.600000000000000089e+00 1.719999999999999958e-03 2.552000000000000015e-03 9.999949999999999672e-01 1.742829999999999935e-01 -9.846930000000000405e-01 2.213000000000000123e-03 9.846939999999999582e-01 1.742779999999999885e-01 -2.138000000000000143e-03
7.000000000000000000e+00 6.000000000000000000e+00 6.100000000000000000e+01 0.000000000000000000e+00 1.600000000000000089e+00 -1.353000000000000036e-03 6.793000000000000427e-03 9.999759999999999760e-01 5.706719999999999571e-01 -8.211540000000000505e-01 6.349999999999999742e-03 8.211770000000000458e-01 5.706670000000000353e-01 -2.765000000000000097e-03
2.400000000000000000e+01 1.200000000000000000e+01 6.300000000000000000e+01 0.000000000000000000e+00 1.600000000000000089e+00 8.021999999999999617e-03 2.329999999999999986e-04 -9.999679999999999680e-01 -1.545640000000000069e-01 -9.879820000000000269e-01 -1.469999999999999953e-03 -9.879499999999999948e-01 1.545709999999999862e-01 -7.889000000000000179e-03
3.000000000000000000e+00 2.700000000000000000e+01 6.300000000000000000e+01 0.000000000000000000e+00 1.600000000000000089e+00 2.039000000000000014e-03 -3.246999999999999886e-03 9.999930000000000208e-01 -2.731660000000000199e-01 9.619600000000000373e-01 3.680000000000000111e-03 -9.619649999999999590e-01 -2.731709999999999972e-01 1.075000000000000001e-03
1.000000000000000000e+01 2.700000000000000000e+01 6.300000000000000000e+01 0.000000000000000000e+00 1.600000000000000089e+00 5.050000000000000235e-04 5.263999999999999582e-03 9.999860000000000415e-01 -2.696089999999999876e-01 9.629569999999999519e-01 -4.932999999999999885e-03 -9.629699999999999926e-01 -2.696020000000000083e-01 1.905999999999999925e-03
1.600000000000000000e+01 2.700000000000000000e+01 6.300000000000000000e+01 0.000000000000000000e+00 1.600000000000000089e+00 -6.000000000000000152e-05 -1.683000000000000034e-03 9.999989999999999712e-01 -2.723169999999999757e-01 9.622060000000000057e-01 1.603000000000000041e-03 -9.622079999999999522e-01 -2.723169999999999757e-01 -5.159999999999999656e-04
2.000000000000000000e+01 2.700000000000000000e+01 6.300000000000000000e+01 0.000000000000000000e+00 1.600000000000000089e+00 -4.979999999999999618e-04 -2.700000000000000035e-04 1.000000000000000000e+00 -2.743579999999999908e-01 9.616270000000000095e-01 1.230000000000000082e-04 -9.616270000000000095e-01 -2.743579999999999908e-01 -5.529999999999999976e-04
2.400000000000000000e+01 2.700000000000000000e+01 6.300000000000000000e+01 0.000000000000000000e+00 1.600000000000000089e+00 2.149999999999999947e-04 8.559999999999999901e-04 1.000000000000000000e+00 -2.729610000000000092e-01 9.620250000000000190e-01 -7.649999999999999465e-04 -9.620250000000000190e-01 -2.729599999999999804e-01 4.400000000000000157e-04
2.800000000000000000e+01 2.700000000000000000e+01 6.300000000000000000e+01 0.000000000000000000e+00 1.600000000000000089e+00 1.649000000000000075e-03 3.420000000000000188e-04 9.999989999999999712e-01 -2.708019999999999872e-01 9.626350000000000184e-01 1.169999999999999979e-04 -9.626339999999999897e-01 -2.708019999999999872e-01 1.680000000000000070e-03
5.000000000000000000e+00 2.600000000000000000e+01 6.400000000000000000e+01 0.000000000000000000e+00 1.600000000000000089e+00 2.030000000000000120e-03 1.178000000000000011e-03 9.999970000000000248e-01 -3.533319999999999794e-01 9.354980000000000517e-01 -3.849999999999999798e-04 -9.354959999999999942e-01 -3.533299999999999774e-01 2.315999999999999916e-03
1.100000000000000000e+01 2.600000000000000000e+01 6.400000000000000000e+01 0.000000000000000000e+00 1.600000000000000089e+00 -3.499999999999999964e-04 5.023999999999999820e-03 9.999869999999999592e-01 -3.492219999999999769e-01 9.370279999999999720e-01 -4.830000000000000092e-03 -9.370399999999999840e-01 -3.492190000000000016e-01 1.427000000000000100e-03
1.500000000000000000e+01 2.600000000000000000e+01 6.400000000000000000e+01 0.000000000000000000e+00 1.600000000000000089e+00 7.450000000000000025e-04 5.999999999999999474e-04 1.000000000000000000e+00 -3.517640000000000211e-01 9.360889999999999489e-01 -2.999999999999999737e-04 -9.360880000000000312e-01 -3.517640000000000211e-01 9.089999999999999773e-04
2.000000000000000000e+01 2.600000000000000000e+01 6.400000000000000000e+01 0.000000000000000000e+00 1.600000000000000089e+00 -3.620000000000000171e-04 -6.250000000000000130e-04 1.000000000000000000e+00 -3.539439999999999809e-01 9.352669999999999595e-01 4.569999999999999952e-04 -9.352669999999999595e-01 -3.539430000000000076e-01 -5.599999999999999509e-04
2.400000000000000000e+01 2.600000000000000000e+01 6.400000000000000000e+01 0.000000000000000000e+00 1.600000000000000089e+00 9.899999999999999404e-05 4.279999999999999950e-04 1.000000000000000000e+00 -3.529479999999999840e-01 9.356430000000000025e-01 -3.649999999999999816e-04 -9.356430000000000025e-01 -3.529479999999999840e-01 2.439999999999999949e-04
2.800000000000000000e+01 2.600000000000000000e+01 6.400000000000000000e+01 0.000000000000000000e+00 1.600000000000000089e+00 2.031999999999999952e-03 5.609999999999999752e-04 9.999980000000000535e-01 -3.506170000000000120e-01 9.365189999999999904e-01 1.859999999999999945e-04 -9.365170000000000439e-01 -3.506170000000000120e-01 2.099000000000000171e-03
3.000000000000000000e+00 6.900000000000000000e+01 6.600000000000000000e+01 0.000000000000000000e+00 1.600000000000000089e+00 -4.829999999999999767e-04 -2.849999999999999886e-04 1.000000000000000000e+00 -9.465529999999999777e-01 3.225489999999999746e-01 -3.649999999999999816e-04 -3.225489999999999746e-01 -9.465529999999999777e-01 -4.249999999999999763e-04
8.000000000000000000e+00 6.900000000000000000e+01 6.600000000000000000e+01 0.000000000000000000e+00 1.600000000000000089e+00 -3.644000000000000104e-03 -1.539000000000000003e-03 9.999919999999999920e-01 -9.496320000000000316e-01 3.133540000000000214e-01 -2.978000000000000178e-03 -3.133469999999999867e-01 -9.496350000000000069e-01 -2.603999999999999978e-03
1.500000000000000000e+01 6.900000000000000000e+01 6.600000000000000000e+01 0.000000000000000000e+00 1.600000000000000089e+00 3.823000000000000009e-03 -5.046000000000000138e-03 9.999799999999999800e-01 -9.504160000000000386e-01 3.109379999999999922e-01 5.202000000000000027e-03 -3.109580000000000122e-01 -9.504169999999999563e-01 -3.606999999999999963e-03
