6.000000000000000000e+00 1.500000000000000000e+01 4.000000000000000000e+00 0.000000000000000000e+00 1.600000000000000089e+00 -1.013999999999999927e-03 2.930200000000000166e-02 9.995699999999999585e-01 3.842140000000000000e-01 -9.228359999999999896e-01 2.744200000000000111e-02 9.232430000000000359e-01 3.840770000000000017e-01 -1.032199999999999958e-02
2.200000000000000000e+01 1.600000000000000000e+01 4.000000000000000000e+00 0.000000000000000000e+00 1.600000000000000089e+00 -2.488999999999999893e-03 1.433000000000000029e-03 9.999959999999999960e-01 4.564710000000000156e-01 -8.897350000000000536e-01 2.410999999999999949e-03 8.897350000000000536e-01 4.564750000000000196e-01 1.559999999999999972e-03
4.000000000000000000e+00 1.010000000000000000e+02 7.000000000000000000e+00 0.000000000000000000e+00 1.600000000000000089e+00 -8.760000000000000425e-04 1.567999999999999949e-02 9.998770000000000158e-01 8.855990000000000251e-01 4.644059999999999855e-01 -6.506999999999999763e-03 -4.644499999999999740e-01 8.854840000000000488e-01 -1.429300000000000015e-02
1.500000000000000000e+01 1.010000000000000000e+02 7.000000000000000000e+00 0.000000000000000000e+00 1.600000000000000089e+00 -3.049999999999999868e-04 -3.628999999999999847e-03 9.999930000000000208e-01 8.856559999999999988e-01 4.643369999999999997e-01 1.955999999999999839e-03 -4.643410000000000037e-01 8.856509999999999661e-01 3.072000000000000078e-03
2.000000000000000000e+01 1.010000000000000000e+02 7.000000000000000000e+00 0.000000000000000000e+00 1.600000000000000089e+00 -1.191999999999999917e-03 -7.146999999999999707e-03 9.999740000000000295e-01 8.858340000000000103e-01 4.639820000000000055e-01 4.372000000000000018e-03 -4.640009999999999968e-01 8.858160000000000478e-01 5.777000000000000017e-03
2.000000000000000000e+00 1.500000000000000000e+01 8.000000000000000000e+00 0.000000000000000000e+00 1.600000000000000089e+00 -1.530000000000000056e-04 1.293799999999999985e-02 -9.999160000000000270e-01 -6.162849999999999717e-01 -7.874579999999999913e-01 -1.009400000000000054e-02 -7.875229999999999730e-01 6.162320000000000020e-01 8.094000000000000500e-03
7.000000000000000000e+00 1.500000000000000000e+01 8.000000000000000000e+00 0.000000000000000000e+00 1.600000000000000089e+00 9.959999999999999236e-04 1.798200000000000146e-02 -9.998380000000000045e-01 -6.144789999999999974e-01 -7.887939999999999952e-01 -1.479800000000000039e-02 -7.889319999999999666e-01 6.143939999999999957e-01 1.026400000000000055e-02
6.000000000000000000e+00 2.500000000000000000e+01 8.000000000000000000e+00 0.000000000000000000e+00 1.600000000000000089e+00 -7.020000000000000415e-04 -1.533999999999999990e-03 -9.999989999999999712e-01 4.485009999999999830e-01 8.937810000000000477e-01 -1.685999999999999999e-03 8.937819999999999654e-01 -4.485020000000000118e-01 6.000000000000000152e-05
8.000000000000000000e+00 2.500000000000000000e+01 8.000000000000000000e+00 0.000000000000000000e+00 1.600000000000000089e+00 -5.500000000000000196e-05 -1.750000000000000036e-03 -9.999980000000000535e-01 4.485379999999999923e-01 8.937619999999999454e-01 -1.588999999999999918e-03 8.937640000000000029e-01 -4.485370000000000190e-01 7.349999999999999763e-04
2.400000000000000000e+01 2.500000000000000000e+01 8.000000000000000000e+00 0.000000000000000000e+00 1.600000000000000089e+00 1.972999999999999927e-03 2.422999999999999807e-03 -9.999949999999999672e-01 4.467400000000000260e-01 8.946589999999999820e-01 3.049000000000000061e-03 8.946619999999999573e-01 -4.467439999999999745e-01 6.819999999999999890e-04
2.800000000000000000e+01 2.500000000000000000e+01 8.000000000000000000e+00 0.000000000000000000e+00 1.600000000000000089e+00 2.990000000000000036e-03 1.019300000000000067e-02 -9.999440000000000550e-01 4.452420000000000266e-01 8.953489999999999505e-01 1.045800000000000028e-02 8.954050000000000065e-01 -4.452479999999999771e-01 -1.861999999999999940e-03
2.900000000000000000e+01 9.000000000000000000e+00 9.000000000000000000e+00 0.000000000000000000e+00 1.600000000000000089e+00 7.832999999999999685e-03 -5.421999999999999736e-03 -9.999550000000000383e-01 -9.417149999999999688e-01 -3.363670000000000271e-01 -5.552999999999999776e-03 -3.363220000000000098e-01 9.417149999999999688e-01 -7.740999999999999617e-03
1.000000000000000000e+00 2.400000000000000000e+01 9.000000000000000000e+00 0.000000000000000000e+00 1.600000000000000089e+00 -2.628000000000000128e-03 -3.335999999999999990e-03 -9.999909999999999632e-01 4.549960000000000115e-01 8.904840000000000533e-01 -4.166999999999999697e-03 8.904900000000000038e-01 -4.550020000000000175e-01 -8.220000000000000310e-04
8.000000000000000000e+00 2.400000000000000000e+01 9.000000000000000000e+00 0.000000000000000000e+00 1.600000000000000089e+00 -8.500000000000000611e-05 -3.017000000000000150e-03 -9.999949999999999672e-01 4.561000000000000054e-01 8.899240000000000483e-01 -2.723000000000000160e-03 8.899280000000000523e-01 -4.560980000000000034e-01 1.301000000000000073e-03
1.600000000000000000e+01 2.400000000000000000e+01 9.000000000000000000e+00 0.000000000000000000e+00 1.600000000000000089e+00 -1.183000000000000024e-03 -3.703000000000000128e-03 -9.999919999999999920e-01 4.545699999999999741e-01 8.907030000000000225e-01 -3.836000000000000000e-03 8.907100000000000017e-01 -4.545710000000000028e-01 6.290000000000000018e-04
2.000000000000000000e+01 2.400000000000000000e+01 9.000000000000000000e+00 0.000000000000000000e+00 1.600000000000000089e+00 -8.009999999999999542e-04 -3.833000000000000036e-03 -9.999919999999999920e-01 4.544210000000000194e-01 8.907789999999999875e-01 -3.778000000000000108e-03 8.907869999999999955e-01 -4.544199999999999906e-01 1.028999999999999967e-03
2.800000000000000000e+01 2.400000000000000000e+01 9.000000000000000000e+00 0.000000000000000000e+00 1.600000000000000089e+00 2.971999999999999816e-03 1.017799999999999955e-02 -9.999440000000000550e-01 4.527930000000000010e-01 8.915549999999999864e-01 1.042099999999999971e-02 8.916110000000000424e-01 -4.527990000000000070e-01 -1.958999999999999804e-03
3.000000000000000000e+00 3.500000000000000000e+01 1.200000000000000000e+01 0.000000000000000000e+00 1.600000000000000089e+00 -5.479999999999999845e-04 -3.406000000000000173e-03 -9.999940000000000495e-01 4.583740000000000037e-01 -8.887549999999999617e-01 2.775999999999999822e-03 -8.887589999999999657e-01 -4.583699999999999997e-01 2.047999999999999907e-03
7.000000000000000000e+00 3.500000000000000000e+01 1.200000000000000000e+01 0.000000000000000000e+00 1.600000000000000089e+00 3.930000000000000117e-04 -5.264999999999999715e-03 -9.999860000000000415e-01 4.527329999999999965e-01 -8.916330000000000089e-01 4.871999999999999595e-03 -8.916460000000000496e-01 -4.527289999999999925e-01 2.033000000000000085e-03
1.200000000000000000e+01 3.500000000000000000e+01 1.200000000000000000e+01 0.000000000000000000e+00 1.600000000000000089e+00 -5.500000000000000331e-04 -5.192999999999999700e-03 -9.999860000000000415e-01 4.529449999999999865e-01 -8.915279999999999871e-01 4.381000000000000345e-03 -8.915380000000000527e-01 -4.529369999999999785e-01 2.843000000000000041e-03
2.000000000000000000e+01 3.500000000000000000e+01 1.200000000000000000e+01 0.000000000000000000e+00 1.600000000000000089e+00 8.509999999999999769e-04 -1.503999999999999912e-03 -9.999989999999999712e-01 4.424409999999999732e-01 -8.967960000000000376e-01 1.724999999999999971e-03 -8.967969999999999553e-01 -4.424420000000000019e-01 -9.699999999999999963e-05
2.400000000000000000e+01 3.500000000000000000e+01 1.200000000000000000e+01 0.000000000000000000e+00 1.600000000000000089e+00 -9.859999999999998974e-04 3.880999999999999901e-03 -9.999919999999999920e-01 4.397139999999999938e-01 -8.981289999999999552e-01 -3.918999999999999741e-03 -8.981369999999999632e-01 -4.397139999999999938e-01 -8.220000000000000310e-04
1.800000000000000000e+01 3.200000000000000000e+01 1.400000000000000000e+01 0.000000000000000000e+00 1.600000000000000089e+00 -9.409999999999999962e-04 1.126000000000000048e-03 -9.999989999999999712e-01 1.071560000000000012e-01 9.942419999999999591e-01 1.018999999999999941e-03 9.942419999999999591e-01 -1.071550000000000002e-01 -1.056999999999999997e-03
2.300000000000000000e+01 3.200000000000000000e+01 1.400000000000000000e+01 0.000000000000000000e+00 1.600000000000000089e+00 2.480000000000000108e-04 -3.641000000000000139e-03 -9.999930000000000208e-01 1.063749999999999973e-01 9.943199999999999816e-01 -3.593999999999999972e-03 9.943260000000000431e-01 -1.063729999999999953e-01 6.340000000000000149e-04
1.500000000000000000e+01 1.160000000000000000e+02 1.600000000000000000e+01 0.000000000000000000e+00 1.600000000000000089e+00 1.704000000000000003e-03 2.265000000000000086e-03 9.999959999999999960e-01 7.529360000000000497e-01 6.580880000000000063e-01 -2.772999999999999857e-03 -6.580909999999999815e-01 7.529379999999999962e-01 -5.839999999999999922e-04
3.000000000000000000e+00 2.000000000000000000e+00 1.900000000000000000e+01 0.000000000000000000e+00 1.600000000000000089e+00 5.545999999999999715e-03 9.730000000000000801e-03 -9.999369999999999647e-01 3.453869999999999996e-01 -9.384329999999999616e-01 -7.216000000000000192e-03 -9.384439999999999449e-01 -3.453249999999999931e-01 -8.564999999999999697e-03
6.000000000000000000e+00 2.000000000000000000e+00 1.900000000000000000e+01 0.000000000000000000e+00 1.600000000000000089e+00 3.444000000000000013e-03 2.236000000000000140e-03 -9.999919999999999920e-01 3.393479999999999830e-01 -9.406600000000000517e-01 -9.349999999999999587e-04 -9.406539999999999901e-01 -3.393419999999999770e-01 -3.997999999999999818e-03
1.300000000000000000e+01 2.000000000000000000e+00 1.900000000000000000e+01 0.000000000000000000e+00 1.600000000000000089e+00 -3.419999999999999863e-03 1.525699999999999973e-02 -9.998780000000000445e-01 3.276270000000000016e-01 -9.446790000000000465e-01 -1.553599999999999946e-02 -9.448010000000000019e-01 -3.276399999999999868e-01 -1.768000000000000040e-03
2.000000000000000000e+01 2.000000000000000000e+00 1.900000000000000000e+01 0.000000000000000000e+00 1.600000000000000089e+00 -8.040000000000000271e-04 1.941400000000000070e-02 -9.998110000000000053e-01 3.284500000000000197e-01 -9.443380000000000107e-01 -1.860099999999999948e-02 -9.445210000000000550e-01 -3.284030000000000005e-01 -5.617999999999999730e-03
2.600000000000000000e+01 2.000000000000000000e+00 1.900000000000000000e+01 0.000000000000000000e+00 1.600000000000000089e+00 -2.190000000000000106e-04 3.353000000000000078e-03 -9.999940000000000495e-01 3.255640000000000200e-01 -9.455139999999999656e-01 -3.242000000000000090e-03 -9.455200000000000271e-01 -3.255629999999999913e-01 -8.840000000000000201e-04
8.000000000000000000e+00 3.000000000000000000e+00 1.900000000000000000e+01 0.000000000000000000e+00 1.600000000000000089e+00 7.069999999999999462e-04 4.444000000000000034e-03 -9.999900000000000455e-01 3.084569999999999812e-01 -9.512300000000000200e-01 -4.009999999999999676e-03 -9.512380000000000280e-01 -3.084509999999999752e-01 -2.043000000000000111e-03
1.900000000000000000e+01 3.000000000000000000e+00 1.900000000000000000e+01 0.000000000000000000e+00 1.600000000000000089e+00 -1.345999999999999974e-03 1.847800000000000137e-02 -9.998280000000000500e-01 3.000249999999999861e-01 -9.537609999999999699e-01 -1.803099999999999842e-02 -9.539309999999999734e-01 -2.999970000000000137e-01 -4.259999999999999898e-03
3.000000000000000000e+00 1.300000000000000000e+01 2.000000000000000000e+01 0.000000000000000000e+00 1.600000000000000089e+00 1.592000000000000099e-03 -2.083000000000000216e-03 9.999970000000000248e-01 2.581590000000000273e-01 9.661009999999999875e-01 1.601999999999999908e-03 -9.661009999999999875e-01 2.581550000000000233e-01 2.076000000000000154e-03
7.000000000000000000e+00 1.300000000000000000e+01 2.000000000000000000e+01 0.000000000000000000e+00 1.600000000000000089e+00 4.260000000000000006e-04 8.649999999999999920e-04 1.000000000000000000e+00 2.588849999999999763e-01 9.659079999999999888e-01 -9.460000000000000093e-04 -9.659079999999999888e-01 2.588849999999999763e-01 1.879999999999999890e-04
1.100000000000000000e+01 1.300000000000000000e+01 2.000000000000000000e+01 0.000000000000000000e+00 1.600000000000000089e+00 -4.000000000000000327e-05 6.340000000000000149e-04 1.000000000000000000e+00 2.603489999999999971e-01 9.655139999999999834e-01 -6.019999999999999961e-04 -9.655150000000000121e-01 2.603489999999999971e-01 -2.030000000000000012e-04
1.400000000000000000e+01 1.300000000000000000e+01 2.000000000000000000e+01 0.000000000000000000e+00 1.600000000000000089e+00 -6.310000000000000504e-04 -3.213999999999999843e-03 9.999949999999999672e-01 2.604730000000000101e-01 9.654760000000000009e-01 3.266999999999999939e-03 -9.654810000000000336e-01 2.604739999999999833e-01 2.280000000000000126e-04
1.900000000000000000e+01 1.300000000000000000e+01 2.000000000000000000e+01 0.000000000000000000e+00 1.600000000000000089e+00 -1.311000000000000099e-03 -6.669999999999999497e-04 9.999989999999999712e-01 2.622849999999999904e-01 9.649900000000000144e-01 9.870000000000000301e-04 -9.649900000000000144e-01 2.622860000000000191e-01 -1.090999999999999956e-03
2.600000000000000000e+01 1.300000000000000000e+01 2.000000000000000000e+01 0.000000000000000000e+00 1.600000000000000089e+00 3.359999999999999814e-04 1.579999999999999916e-04 1.000000000000000000e+00 2.626149999999999873e-01 9.649010000000000087e-01 -2.410000000000000033e-04 -9.649010000000000087e-01 2.626149999999999873e-01 2.829999999999999942e-04
1.700000000000000000e+01 5.000000000000000000e+01 2.200000000000000000e+01 0.000000000000000000e+00 1.600000000000000089e+00 -7.200000000000000182e-05 1.832999999999999994e-03 -9.999980000000000535e-01 -5.622920000000000140e-01 8.269379999999999509e-01 1.557000000000000007e-03 8.269389999999999796e-01 5.622909999999999853e-01 9.709999999999999664e-04
2.600000000000000000e+01 5.000000000000000000e+01 2.200000000000000000e+01 0.000000000000000000e+00 1.600000000000000089e+00 -2.926999999999999914e-03 -2.010000000000000068e-04 -9.999959999999999960e-01 -5.666179999999999550e-01 8.239790000000000170e-01 1.492999999999999969e-03 8.239750000000000130e-01 5.666200000000000125e-01 -2.526000000000000034e-03
4.000000000000000000e+00 2.000000000000000000e+00 2.500000000000000000e+01 0.000000000000000000e+00 1.600000000000000089e+00 -3.879999999999999985e-04 -3.797000000000000028e-03 9.999930000000000208e-01 7.925899999999999612e-02 -9.968470000000000386e-01 -3.753999999999999958e-03 9.968540000000000179e-01 7.925699999999999412e-02 6.870000000000000022e-04
8.000000000000000000e+00 2.000000000000000000e+00 2.500000000000000000e+01 0.000000000000000000e+00 1.600000000000000089e+00 -5.429999999999999714e-04 -6.838999999999999593e-03 9.999759999999999760e-01 6.750499999999999556e-02 -9.976960000000000273e-01 -6.786000000000000365e-03 9.977190000000000225e-01 6.749900000000000344e-02 1.003999999999999901e-03
9.000000000000000000e+00 3.000000000000000000e+00 2.500000000000000000e+01 0.000000000000000000e+00 1.600000000000000089e+00 -1.157999999999999958e-03 -3.784000000000000037e-03 9.999919999999999920e-01 -1.711000000000000021e-02 -9.998460000000000125e-01 -3.802999999999999957e-03 9.998529999999999918e-01 -1.711400000000000074e-02 1.093000000000000005e-03
1.400000000000000000e+01 3.000000000000000000e+00 2.500000000000000000e+01 0.000000000000000000e+00 1.600000000000000089e+00 -4.964999999999999795e-03 1.391200000000000075e-02 9.998909999999999743e-01 -1.382599999999999975e-02 -9.998089999999999478e-01 1.384299999999999940e-02 9.998920000000000030e-01 -1.375600000000000087e-02 5.157000000000000126e-03
2.000000000000000000e+01 3.000000000000000000e+00 2.500000000000000000e+01 0.000000000000000000e+00 1.600000000000000089e+00 -3.340999999999999786e-03 8.887000000000000802e-03 9.999550000000000383e-01 -3.465000000000000198e-03 -9.999550000000000383e-01 8.874999999999999209e-03 9.999879999999999880e-01 -3.435000000000000119e-03 3.371999999999999997e-03
2.400000000000000000e+01 3.000000000000000000e+00 2.500000000000000000e+01 0.000000000000000000e+00 1.600000000000000089e+00 -5.850000000000000165e-04 -5.060000000000000478e-04 1.000000000000000000e+00 -1.539000000000000003e-03 -9.999989999999999712e-01 -5.069999999999999637e-04 9.999989999999999712e-01 -1.539999999999999919e-03 5.839999999999999922e-04
2.900000000000000000e+01 3.000000000000000000e+00 2.500000000000000000e+01 0.000000000000000000e+00 1.600000000000000089e+00 -2.707000000000000205e-03 5.322000000000000342e-03 9.999820000000000375e-01 -3.426999999999999925e-03 -9.999799999999999800e-01 5.313000000000000014e-03 9.999900000000000455e-01 -3.412000000000000102e-03 2.724999999999999992e-03
2.600000000000000000e+01 4.600000000000000000e+01 2.700000000000000000e+01 0.000000000000000000e+00 1.600000000000000089e+00 1.722000000000000006e-03 2.984000000000000107e-03 -9.999940000000000495e-01 6.672230000000000105e-01 7.448510000000000408e-01 3.371999999999999997e-03 7.448559999999999626e-01 -6.672240000000000393e-01 -7.079999999999999705e-04
1.100000000000000000e+01 4.600000000000000000e+01 3.000000000000000000e+01 0.000000000000000000e+00 1.600000000000000089e+00 -1.765999999999999992e-03 -2.252999999999999794e-03 -9.999959999999999960e-01 3.324909999999999810e-01 9.431019999999999959e-01 -2.712000000000000001e-03 9.431049999999999711e-01 -3.324949999999999850e-01 -9.169999999999999549e-04
1.800000000000000000e+01 4.600000000000000000e+01 3.000000000000000000e+01 0.000000000000000000e+00 1.600000000000000089e+00 1.099999999999999971e-05 -1.110000000000000011e-04 -1.000000000000000000e+00 3.352350000000000052e-01 9.421349999999999447e-01 -1.010000000000000020e-04 9.421349999999999447e-01 -3.352350000000000052e-01 4.699999999999999724e-05
1.000000000000000000e+00 5.800000000000000000e+01 3.100000000000000000e+01 0.000000000000000000e+00 1.600000000000000089e+00 -1.732999999999999948e-03 -3.233999999999999896e-03 9.999930000000000208e-01 -7.599740000000000384e-01 -6.499449999999999950e-01 -3.419000000000000164e-03 6.499519999999999742e-01 -7.599740000000000384e-01 -1.332000000000000068e-03
7.000000000000000000e+00 5.800000000000000000e+01 3.100000000000000000e+01 0.000000000000000000e+00 1.600000000000000089e+00 -4.090000000000000211e-04 1.853999999999999962e-03 9.999980000000000535e-01 -7.595629999999999882e-01 -6.504339999999999566e-01 8.949999999999999623e-04 6.504339999999999566e-01 -7.595610000000000417e-01 1.673999999999999924e-03
1.000000000000000000e+01 5.800000000000000000e+01 3.100000000000000000e+01 0.000000000000000000e+00 1.600000000000000089e+00 5.452000000000000249e-03 7.002999999999999677e-03 9.999609999999999888e-01 -7.600949999999999651e-01 -6.497540000000000537e-01 8.694999999999999604e-03 6.497889999999999500e-01 -7.601120000000000099e-01 1.781000000000000031e-03
1.800000000000000000e+01 5.800000000000000000e+01 3.100000000000000000e+01 0.000000000000000000e+00 1.600000000000000089e+00 3.667000000000000121e-03 5.171000000000000249e-03 9.999799999999999800e-01 -7.571759999999999602e-01 -6.531820000000000404e-01 6.153999999999999748e-03 6.532010000000000316e-01 -7.571830000000000505e-01 1.520000000000000084e-03
2.800000000000000000e+01 5.800000000000000000e+01 3.100000000000000000e+01 0.000000000000000000e+00 1.600000000000000089e+00 -5.139000000000000339e-03 -6.045000000000000026e-03 9.999689999999999968e-01 -7.515560000000000018e-01 -6.596229999999999594e-01 -7.849999999999999339e-03 6.596499999999999586e-01 -7.515720000000000178e-01 -1.152999999999999945e-03
2.800000000000000000e+01 2.300000000000000000e+01 3.400000000000000000e+01 0.000000000000000000e+00 1.600000000000000089e+00 8.890000000000000333e-04 -3.082000000000000104e-03 9.999949999999999672e-01 3.963840000000000141e-01 -9.180789999999999784e-01 -3.181999999999999933e-03 9.180840000000000112e-01 3.963849999999999874e-01 4.049999999999999781e-04
4.000000000000000000e+00 4.600000000000000000e+01 3.500000000000000000e+01 0.000000000000000000e+00 1.600000000000000089e+00 8.270000000000000441e-04 -6.400999999999999572e-03 -9.999789999999999512e-01 3.887800000000000145e-01 -9.213099999999999623e-01 6.218999999999999702e-03 -9.213299999999999823e-01 -3.887769999999999837e-01 1.727000000000000019e-03
1.200000000000000000e+01 4.600000000000000000e+01 3.500000000000000000e+01 0.000000000000000000e+00 1.600000000000000089e+00 4.589999999999999896e-04 9.849999999999999815e-04 -9.999989999999999712e-01 3.937820000000000209e-01 -9.192040000000000211e-01 -7.240000000000000342e-04 -9.192040000000000211e-01 -3.937809999999999921e-01 -8.099999999999999561e-04
1.600000000000000000e+01 4.600000000000000000e+01 3.500000000000000000e+01 0.000000000000000000e+00 1.600000000000000089e+00 5.590000000000000351e-04 -1.590999999999999966e-03 -9.999989999999999712e-01 3.926200000000000245e-01 -9.196990000000000443e-01 1.683000000000000034e-03 -9.197009999999999907e-01 -3.926200000000000245e-01 1.110000000000000011e-04
1.900000000000000000e+01 4.600000000000000000e+01 3.500000000000000000e+01 0.000000000000000000e+00 1.600000000000000089e+00 -1.520000000000000084e-04 -2.429999999999999868e-03 -9.999970000000000248e-01 3.926560000000000050e-01 -9.196830000000000283e-01 2.174999999999999850e-03 -9.196849999999999747e-01 -3.926540000000000030e-01 1.093999999999999920e-03
2.700000000000000000e+01 4.600000000000000000e+01 3.500000000000000000e+01 0.000000000000000000e+00 1.600000000000000089e+00 5.000000000000000104e-04 1.384000000000000031e-03 -9.999989999999999712e-01 3.905420000000000003e-01 -9.205849999999999866e-01 -1.079000000000000098e-03 -9.205849999999999866e-01 -3.905410000000000270e-01 -1.000999999999999937e-03
2.000000000000000000e+00 3.000000000000000000e+00 4.300000000000000000e+01 0.000000000000000000e+00 1.600000000000000089e+00 4.220000000000000118e-04 2.094999999999999987e-02 -9.997800000000000020e-01 7.410839999999999650e-01 -6.712719999999999798e-01 -1.375299999999999960e-02 -6.714120000000000088e-01 -7.409149999999999903e-01 -1.580900000000000014e-02
1.000000000000000000e+01 3.000000000000000000e+00 4.300000000000000000e+01 0.000000000000000000e+00 1.600000000000000089e+00 -2.877999999999999916e-03 -4.649000000000000354e-03 -9.999850000000000128e-01 7.406760000000000010e-01 -6.718610000000000415e-01 9.920000000000000432e-04 -6.718560000000000088e-01 -7.406620000000000426e-01 5.377999999999999968e-03
1.900000000000000000e+01 3.000000000000000000e+00 4.300000000000000000e+01 0.000000000000000000e+00 1.600000000000000089e+00 -6.000000000000000152e-06 -1.037100000000000001e-02 -9.999460000000000015e-01 7.439299999999999802e-01 -6.682219999999999827e-01 6.925999999999999865e-03 -6.682580000000000187e-01 -7.438900000000000512e-01 7.719000000000000167e-03
2.500000000000000000e+01 3.000000000000000000e+00 4.300000000000000000e+01 0.000000000000000000e+00 1.600000000000000089e+00 -4.268000000000000092e-03 -1.118800000000000003e-02 -9.999280000000000390e-01 7.405019999999999936e-01 -6.720399999999999707e-01 4.359000000000000027e-03 -6.720399999999999707e-01 -7.404300000000000326e-01 1.115299999999999972e-02
2.000000000000000000e+00 8.000000000000000000e+00 4.400000000000000000e+01 0.000000000000000000e+00 1.600000000000000089e+00 4.619999999999999975e-03 -4.580000000000000195e-04 9.999890000000000168e-01 -7.875459999999999683e-01 -6.162459999999999605e-01 3.356000000000000042e-03 6.162379999999999525e-01 -7.875529999999999475e-01 -3.207999999999999914e-03
6.000000000000000000e+00 8.000000000000000000e+00 4.400000000000000000e+01 0.000000000000000000e+00 1.600000000000000089e+00 6.130000000000000466e-04 2.442000000000000160e-03 9.999970000000000248e-01 -7.887750000000000039e-01 -6.146789999999999754e-01 1.984000000000000086e-03 6.146819999999999506e-01 -7.887739999999999752e-01 1.549999999999999946e-03
2.100000000000000000e+01 8.000000000000000000e+00 4.400000000000000000e+01 0.000000000000000000e+00 1.600000000000000089e+00 -1.820000000000000057e-04 -2.732000000000000053e-03 9.999959999999999960e-01 -7.833440000000000403e-01 -6.215859999999999719e-01 -1.840999999999999972e-03 6.215889999999999471e-01 -7.833409999999999540e-01 -2.027000000000000156e-03
3.000000000000000000e+00 2.900000000000000000e+01 4.400000000000000000e+01 0.000000000000000000e+00 1.600000000000000089e+00 1.654000000000000088e-03 -1.428999999999999932e-03 -9.999980000000000535e-01 6.593560000000000532e-01 7.518310000000000271e-01 1.599999999999999928e-05 7.518289999999999695e-01 -6.593539999999999957e-01 2.186000000000000009e-03
6.000000000000000000e+00 2.900000000000000000e+01 4.400000000000000000e+01 0.000000000000000000e+00 1.600000000000000089e+00 9.299999999999999727e-05 -3.491000000000000179e-03 -9.999940000000000495e-01 6.596290000000000209e-01 7.515870000000000051e-01 -2.563000000000000174e-03 7.515910000000000091e-01 -6.596250000000000169e-01 2.373000000000000109e-03
1.000000000000000000e+01 2.900000000000000000e+01 4.400000000000000000e+01 0.000000000000000000e+00 1.600000000000000089e+00 -9.619999999999999645e-04 -1.595999999999999979e-03 -9.999980000000000535e-01 6.589599999999999902e-01 7.521759999999999557e-01 -1.833999999999999910e-03 7.521769999999999845e-01 -6.589610000000000190e-01 3.289999999999999739e-04
1.600000000000000000e+01 2.900000000000000000e+01 4.400000000000000000e+01 0.000000000000000000e+00 1.600000000000000089e+00 1.110000000000000011e-04 -1.335000000000000032e-03 -9.999989999999999712e-01 6.583780000000000188e-01 7.526869999999999949e-01 -9.319999999999999942e-04 7.526869999999999949e-01 -6.583780000000000188e-01 9.619999999999999645e-04
2.000000000000000000e+01 2.900000000000000000e+01 4.400000000000000000e+01 0.000000000000000000e+00 1.600000000000000089e+00 7.079999999999999705e-04 -2.550000000000000183e-04 -1.000000000000000000e+00 6.598389999999999533e-01 7.514070000000000471e-01 2.750000000000000166e-04 7.514060000000000183e-01 -6.598399999999999821e-01 6.999999999999999929e-04
2.500000000000000000e+01 2.900000000000000000e+01 4.400000000000000000e+01 0.000000000000000000e+00 1.600000000000000089e+00 4.510000000000000120e-04 3.239000000000000126e-03 -9.999949999999999672e-01 6.553820000000000201e-01 7.552919999999999634e-01 2.742000000000000080e-03 7.552969999999999962e-01 -6.553799999999999626e-01 -1.783000000000000080e-03
2.900000000000000000e+01 2.900000000000000000e+01 4.400000000000000000e+01 0.000000000000000000e+00 1.600000000000000089e+00 1.832999999999999994e-03 1.846999999999999901e-03 -9.999970000000000248e-01 6.545229999999999659e-01 7.560379999999999878e-01 2.595999999999999783e-03 7.560400000000000453e-01 -6.545250000000000234e-01 1.759999999999999954e-04
1.000000000000000000e+01 6.500000000000000000e+01 4.600000000000000000e+01 0.000000000000000000e+00 1.600000000000000089e+00 1.449999999999999900e-03 -1.981999999999999821e-03 9.999970000000000248e-01 6.779669999999999863e-01 -7.350879999999999637e-01 -2.439999999999999895e-03 7.350910000000000499e-01 6.779690000000000438e-01 2.779999999999999811e-04
5.000000000000000000e+00 7.000000000000000000e+01 4.700000000000000000e+01 0.000000000000000000e+00 1.600000000000000089e+00 -1.093999999999999920e-03 -1.693000000000000060e-03 -9.999980000000000535e-01 -8.417620000000000102e-01 -5.398460000000000480e-01 1.835000000000000043e-03 -5.398479999999999945e-01 8.417620000000000102e-01 -8.350000000000000217e-04
2.300000000000000000e+01 7.400000000000000000e+01 4.900000000000000000e+01 0.000000000000000000e+00 1.600000000000000089e+00 1.711000000000000064e-03 -5.322999999999999607e-03 9.999839999999999840e-01 -9.820520000000000360e-01 1.885920000000000096e-01 2.684999999999999887e-03 -1.886029999999999929e-01 -9.820410000000000528e-01 -4.904999999999999638e-03
9.000000000000000000e+00 5.000000000000000000e+00 5.100000000000000000e+01 0.000000000000000000e+00 1.600000000000000089e+00 -1.268000000000000030e-03 -1.252999999999999991e-03 -9.999980000000000535e-01 4.857690000000000063e-01 -8.740869999999999473e-01 4.789999999999999879e-04 -8.740860000000000296e-01 -4.857670000000000043e-01 1.716999999999999993e-03
1.200000000000000000e+01 5.000000000000000000e+00 5.100000000000000000e+01 0.000000000000000000e+00 1.600000000000000089e+00 -1.768000000000000040e-03 -7.450000000000000025e-04 -9.999980000000000535e-01 4.937150000000000150e-01 -8.696239999999999526e-01 -2.239999999999999966e-04 -8.696220000000000061e-01 -4.937150000000000150e-01 1.905000000000000009e-03
1.500000000000000000e+01 5.000000000000000000e+00 5.100000000000000000e+01 0.000000000000000000e+00 1.600000000000000089e+00 -3.122000000000000209e-03 1.379999999999999933e-04 -9.999949999999999672e-01 4.942300000000000026e-01 -8.693300000000000471e-01 -1.662999999999999982e-03 -8.693260000000000431e-01 -4.942320000000000046e-01 2.645999999999999915e-03
2.000000000000000000e+01 5.000000000000000000e+00 5.100000000000000000e+01 0.000000000000000000e+00 1.600000000000000089e+00 -3.930000000000000117e-04 -2.256000000000000193e-03 -9.999970000000000248e-01 4.901590000000000114e-01 -8.716319999999999624e-01 1.773999999999999969e-03 -8.716329999999999911e-01 -4.901570000000000094e-01 1.448000000000000068e-03
2.800000000000000000e+01 7.000000000000000000e+00 5.200000000000000000e+01 0.000000000000000000e+00 1.600000000000000089e+00 -4.400000000000000265e-03 -3.919999999999999873e-04 -9.999900000000000455e-01 1.149089999999999973e-01 -9.933760000000000367e-01 -1.169999999999999979e-04 -9.933659999999999712e-01 -1.149079999999999963e-01 4.415999999999999787e-03
3.000000000000000000e+00 6.300000000000000000e+01 5.400000000000000000e+01 0.000000000000000000e+00 1.600000000000000089e+00 -1.895999999999999899e-03 1.072999999999999952e-03 9.999980000000000535e-01 -3.413379999999999748e-01 9.399389999999999690e-01 -1.655999999999999920e-03 -9.399389999999999690e-01 -3.413410000000000055e-01 -1.415999999999999941e-03
8.000000000000000000e+00 6.300000000000000000e+01 5.400000000000000000e+01 0.000000000000000000e+00 1.600000000000000089e+00 -1.105999999999999995e-03 1.492999999999999969e-03 9.999980000000000535e-01 -3.381759999999999766e-01 9.410809999999999453e-01 -1.778999999999999982e-03 -9.410819999999999741e-01 -3.381770000000000054e-01 -5.360000000000000181e-04
1.500000000000000000e+01 6.300000000000000000e+01 5.400000000000000000e+01 0.000000000000000000e+00 1.600000000000000089e+00 2.952000000000000197e-03 5.259999999999999919e-03 9.999820000000000375e-01 -3.379369999999999874e-01 9.411599999999999966e-01 -3.952999999999999917e-03 -9.411640000000000006e-01 -3.379190000000000249e-01 4.556000000000000154e-03
2.200000000000000000e+01 6.300000000000000000e+01 5.400000000000000000e+01 0.000000000000000000e+00 1.600000000000000089e+00 -6.120000000000000223e-04 -4.955000000000000203e-03 9.999869999999999592e-01 -3.452729999999999966e-01 9.384919999999999929e-01 4.439000000000000237e-03 -9.385019999999999474e-01 -3.452660000000000173e-01 -2.285999999999999838e-03
2.600000000000000000e+01 6.300000000000000000e+01 5.400000000000000000e+01 0.000000000000000000e+00 1.600000000000000089e+00 -9.070000000000000371e-04 -7.535000000000000031e-03 9.999710000000000543e-01 -3.458600000000000008e-01 9.382620000000000404e-01 6.755999999999999853e-03 -9.382859999999999534e-01 -3.458439999999999848e-01 -3.457000000000000003e-03
3.000000000000000000e+01 6.300000000000000000e+01 5.400000000000000000e+01 0.000000000000000000e+00 1.600000000000000089e+00 -1.500000000000000038e-05 -7.702999999999999778e-03 9.999700000000000255e-01 -3.411210000000000075e-01 9.399910000000000210e-01 7.236000000000000244e-03 -9.400190000000000490e-01 -3.411109999999999975e-01 -2.641000000000000118e-03
5.000000000000000000e+00 2.500000000000000000e+01 5.500000000000000000e+01 0.000000000000000000e+00 1.600000000000000089e+00 1.108999999999999960e-03 3.361999999999999971e-03 -9.999940000000000495e-01 -1.286900000000000023e-02 -9.999109999999999943e-01 -3.376000000000000095e-03 -9.999169999999999447e-01 1.287199999999999976e-02 -1.066000000000000107e-03
1.300000000000000000e+01 2.500000000000000000e+01 5.500000000000000000e+01 0.000000000000000000e+00 1.600000000000000089e+00 -2.056000000000000102e-03 -1.861999999999999940e-03 -9.999959999999999960e-01 -1.338699999999999959e-02 -9.999090000000000478e-01 1.889000000000000054e-03 -9.999080000000000190e-01 1.339100000000000013e-02 2.030999999999999819e-03
1.700000000000000000e+01 2.500000000000000000e+01 5.500000000000000000e+01 0.000000000000000000e+00 1.600000000000000089e+00 1.126000000000000048e-03 1.575000000000000011e-03 -9.999980000000000535e-01 -1.203300000000000029e-02 -9.999259999999999815e-01 -1.588999999999999918e-03 -9.999270000000000103e-01 1.203399999999999956e-02 -1.106999999999999911e-03
2.300000000000000000e+01 2.500000000000000000e+01 5.500000000000000000e+01 0.000000000000000000e+00 1.600000000000000089e+00 6.340000000000000149e-04 1.069000000000000072e-03 -9.999989999999999712e-01 -1.090799999999999929e-02 -9.999400000000000510e-01 -1.075999999999999917e-03 -9.999400000000000510e-01 1.090900000000000029e-02 -6.220000000000000485e-04
2.700000000000000000e+01 2.500000000000000000e+01 5.500000000000000000e+01 0.000000000000000000e+00 1.600000000000000089e+00 3.919999999999999873e-04 -6.070000000000000092e-04 -1.000000000000000000e+00 -1.091800000000000062e-02 -9.999400000000000510e-01 6.019999999999999961e-04 -9.999400000000000510e-01 1.091800000000000062e-02 -3.980000000000000248e-04
3.000000000000000000e+00 2.100000000000000000e+01 6.000000000000000000e+01 0.000000000000000000e+00 1.600000000000000089e+00 -2.033999999999999784e-03 1.211000000000000054e-03 9.999970000000000248e-01 -9.390600000000000336e-02 9.955800000000000205e-01 -1.396000000000000105e-03 -9.955789999999999917e-01 -9.390800000000000536e-02 -1.910999999999999938e-03
1.200000000000000000e+01 2.100000000000000000e+01 6.000000000000000000e+01 0.000000000000000000e+00 1.600000000000000089e+00 5.240000000000000517e-04 -2.750000000000000166e-04 1.000000000000000000e+00 -9.332300000000000317e-02 9.956359999999999655e-01 3.229999999999999907e-04 -9.956359999999999655e-01 -9.332300000000000317e-02 4.960000000000000216e-04
1.700000000000000000e+01 2.100000000000000000e+01 6.000000000000000000e+01 0.000000000000000000e+00 1.600000000000000089e+00 -1.691000000000000012e-03 4.119000000000000265e-03 9.999900000000000455e-01 -9.517699999999999771e-02 9.954509999999999748e-01 -4.261000000000000031e-03 -9.954589999999999828e-01 -9.518300000000000372e-02 -1.291000000000000047e-03
2.400000000000000000e+01 2.100000000000000000e+01 6.000000000000000000e+01 0.000000000000000000e+00 1.600000000000000089e+00 -6.750000000000000357e-04 -9.600000000000000243e-05 1.000000000000000000e+00 -9.199999999999999845e-02 9.957589999999999497e-01 3.300000000000000253e-05 -9.957589999999999497e-01 -9.199999999999999845e-02 -6.809999999999999647e-04
2.800000000000000000e+01 2.100000000000000000e+01 6.000000000000000000e+01 0.000000000000000000e+00 1.600000000000000089e+00 2.779999999999999811e-04 -2.001999999999999873e-03 9.999980000000000535e-01 -9.235599999999999365e-02 9.957240000000000535e-01 2.018999999999999961e-03 -9.957260000000000000e-01 -9.235599999999999365e-02 9.100000000000000287e-05
2.000000000000000000e+01 6.700000000000000000e+01 6.000000000000000000e+01 0.000000000000000000e+00 1.600000000000000089e+00 1.770000000000000089e-03 8.289999999999999843e-04 9.999980000000000535e-01 1.736929999999999863e-01 -9.848000000000000087e-01 5.090000000000000123e-04 9.847979999999999512e-01 1.736920000000000130e-01 -1.887000000000000005e-03
1.100000000000000000e+01 3.000000000000000000e+00 6.300000000000000000e+01 0.000000000000000000e+00 1.600000000000000089e+00 -1.020000000000000073e-03 3.723000000000000181e-03 9.999930000000000208e-01 -6.113250000000000073e-01 7.913719999999999644e-01 -3.569999999999999823e-03 -7.913790000000000546e-01 -6.113239999999999785e-01 1.469000000000000037e-03
2.900000000000000000e+01 3.000000000000000000e+00 6.300000000000000000e+01 0.000000000000000000e+00 1.600000000000000089e+00 -8.080000000000000160e-04 -2.314000000000000085e-03 9.999970000000000248e-01 -6.181929999999999925e-01 7.860249999999999737e-01 1.319000000000000077e-03 -7.860260000000000025e-01 -6.181900000000000173e-01 -2.064999999999999995e-03
4.000000000000000000e+00 2.700000000000000000e+01 6.300000000000000000e+01 0.000000000000000000e+00 1.600000000000000089e+00 -2.601000000000000013e-03 -2.567999999999999970e-03 9.999930000000000208e-01 -2.778439999999999799e-01 9.606249999999999512e-01 1.744000000000000107e-03 -9.606230000000000047e-01 -2.778379999999999739e-01 -3.212000000000000011e-03
8.000000000000000000e+00 2.700000000000000000e+01 6.300000000000000000e+01 0.000000000000000000e+00 1.600000000000000089e+00 1.052999999999999900e-03 -5.885999999999999739e-03 9.999820000000000375e-01 -2.804459999999999731e-01 9.598510000000000097e-01 5.944999999999999764e-03 -9.598689999999999722e-01 -2.804470000000000018e-01 -6.400000000000000524e-04
1.500000000000000000e+01 2.700000000000000000e+01 6.300000000000000000e+01 0.000000000000000000e+00 1.600000000000000089e+00 -1.177000000000000095e-03 -6.660000000000000338e-04 9.999989999999999712e-01 -2.820570000000000022e-01 9.593979999999999730e-01 3.069999999999999812e-04 -9.593970000000000553e-01 -2.820559999999999734e-01 -1.317000000000000028e-03
2.600000000000000000e+01 2.700000000000000000e+01 6.300000000000000000e+01 0.000000000000000000e+00 1.600000000000000089e+00 -1.036999999999999944e-03 -4.183000000000000086e-03 9.999909999999999632e-01 -2.772729999999999917e-01 9.607839999999999714e-01 3.732000000000000074e-03 -9.607909999999999506e-01 -2.772660000000000124e-01 -2.155999999999999930e-03
2.000000000000000000e+00 2.600000000000000000e+01 6.400000000000000000e+01 0.000000000000000000e+00 1.600000000000000089e+00 -1.639999999999999965e-03 -8.339999999999999974e-04 9.999980000000000535e-01 -3.651170000000000249e-01 9.309619999999999562e-01 1.769999999999999926e-04 -9.309600000000000097e-01 -3.651159999999999961e-01 -1.830999999999999945e-03
1.000000000000000000e+01 2.600000000000000000e+01 6.400000000000000000e+01 0.000000000000000000e+00 1.600000000000000089e+00 3.668999999999999952e-03 -6.462999999999999995e-03 9.999719999999999720e-01 -3.725640000000000063e-01 9.279770000000000518e-01 7.365000000000000019e-03 -9.279990000000000183e-01 -3.725809999999999955e-01 9.970000000000000563e-04
1.400000000000000000e+01 2.600000000000000000e+01 6.400000000000000000e+01 0.000000000000000000e+00 1.600000000000000089e+00 -7.709999999999999840e-04 -3.220000000000000206e-03 9.999949999999999672e-01 -3.729310000000000125e-01 9.278549999999999853e-01 2.700000000000000143e-03 -9.278589999999999893e-01 -3.729270000000000085e-01 -1.915999999999999951e-03
1.800000000000000000e+01 2.600000000000000000e+01 6.400000000000000000e+01 0.000000000000000000e+00 1.600000000000000089e+00 -2.889999999999999774e-04 -3.004999999999999859e-03 9.999949999999999672e-01 -3.681369999999999920e-01 9.297680000000000389e-01 2.687000000000000152e-03 -9.297710000000000141e-01 -3.681349999999999900e-01 -1.374999999999999920e-03
2.700000000000000000e+01 2.600000000000000000e+01 6.400000000000000000e+01 0.000000000000000000e+00 1.600000000000000089e+00 -7.269999999999999987e-04 -3.905000000000000051e-03 9.999919999999999920e-01 -3.696820000000000106e-01 9.291519999999999779e-01 3.359000000000000007e-03 -9.291580000000000394e-01 -3.696760000000000046e-01 -2.118999999999999790e-03
5.000000000000000000e+00 6.900000000000000000e+01 6.600000000000000000e+01 0.000000000000000000e+00 1.600000000000000089e+00 -2.550999999999999882e-03 1.928000000000000026e-03 9.999949999999999672e-01 -9.480429999999999691e-01 3.181269999999999931e-01 -3.031999999999999973e-03 -3.181309999999999971e-01 -9.480460000000000553e-01 1.015999999999999976e-03
