3.000000000000000000e+00 2.500000000000000000e+01 1.000000000000000000e+00 0.000000000000000000e+00 1.600000000000000089e+00 -3.423999999999999960e-03 -5.879999999999999810e-03 -9.999770000000000048e-01 -5.304729999999999723e-01 -8.476740000000000386e-01 6.799999999999999621e-03 -8.476949999999999763e-01 5.304839999999999556e-01 -2.169999999999999891e-04
1.200000000000000000e+01 2.500000000000000000e+01 1.000000000000000000e+00 0.000000000000000000e+00 1.600000000000000089e+00 -7.590000000000000175e-04 -3.134000000000000067e-03 -9.999949999999999672e-01 -5.252259999999999707e-01 -8.509569999999999634e-01 3.065000000000000016e-03 -8.509619999999999962e-01 5.252259999999999707e-01 -1.000999999999999937e-03
3.000000000000000000e+00 1.500000000000000000e+01 4.000000000000000000e+00 0.000000000000000000e+00 1.600000000000000089e+00 -5.249999999999999676e-04 -2.049099999999999880e-02 9.997899999999999565e-01 2.914370000000000016e-01 -9.563920000000000199e-01 -1.944900000000000101e-02 9.565900000000000514e-01 2.913649999999999851e-01 6.473999999999999720e-03
1.300000000000000000e+01 1.500000000000000000e+01 4.000000000000000000e+00 0.000000000000000000e+00 1.600000000000000089e+00 -2.340000000000000066e-03 -1.002699999999999945e-02 9.999470000000000303e-01 2.810360000000000080e-01 -9.596550000000000358e-01 -8.966000000000000011e-03 9.596949999999999648e-01 2.810000000000000275e-01 5.062999999999999792e-03
2.200000000000000000e+01 1.500000000000000000e+01 4.000000000000000000e+00 0.000000000000000000e+00 1.600000000000000089e+00 -1.881000000000000076e-03 1.010400000000000013e-02 9.999470000000000303e-01 2.924729999999999830e-01 -9.562190000000000412e-01 1.021200000000000059e-02 9.562720000000000109e-01 2.924769999999999870e-01 -1.157000000000000042e-03
2.800000000000000000e+01 1.500000000000000000e+01 4.000000000000000000e+00 0.000000000000000000e+00 1.600000000000000089e+00 1.559999999999999972e-03 1.932700000000000043e-02 9.998120000000000340e-01 2.921839999999999993e-01 -9.561920000000000419e-01 1.802799999999999889e-02 9.563610000000000166e-01 2.921009999999999995e-01 -7.139000000000000380e-03
9.000000000000000000e+00 1.010000000000000000e+02 7.000000000000000000e+00 0.000000000000000000e+00 1.600000000000000089e+00 -1.092000000000000089e-03 -3.151000000000000155e-03 9.999940000000000495e-01 8.859489999999999865e-01 4.637769999999999948e-01 2.429000000000000169e-03 -4.637820000000000276e-01 8.859470000000000400e-01 2.285000000000000139e-03
1.500000000000000000e+01 1.010000000000000000e+02 7.000000000000000000e+00 0.000000000000000000e+00 1.600000000000000089e+00 -2.020000000000000094e-03 -4.453999999999999626e-03 9.999879999999999880e-01 8.842269999999999852e-01 4.670409999999999839e-01 3.867000000000000211e-03 -4.670529999999999959e-01 8.842240000000000100e-01 2.994999999999999832e-03
5.000000000000000000e+00 1.500000000000000000e+01 8.000000000000000000e+00 0.000000000000000000e+00 1.600000000000000089e+00 -2.949999999999999931e-03 -2.056099999999999942e-02 -9.997840000000000060e-01 -5.937930000000000152e-01 -8.044099999999999584e-01 1.829499999999999876e-02 -8.046130000000000226e-01 5.937189999999999968e-01 -9.835999999999999258e-03
1.500000000000000000e+01 1.500000000000000000e+01 8.000000000000000000e+00 0.000000000000000000e+00 1.600000000000000089e+00 -3.886999999999999830e-03 -2.998999999999999930e-03 -9.999879999999999880e-01 -5.944040000000000434e-01 -8.041530000000000067e-01 4.721999999999999635e-03 -8.041570000000000107e-01 5.944150000000000267e-01 1.343000000000000010e-03
2.400000000000000000e+01 1.500000000000000000e+01 8.000000000000000000e+00 0.000000000000000000e+00 1.600000000000000089e+00 5.242000000000000132e-03 1.180499999999999952e-02 -9.999169999999999447e-01 -5.936869999999999647e-01 -8.045970000000000066e-01 -1.261199999999999995e-02 -8.046790000000000331e-01 5.937040000000000095e-01 2.791000000000000078e-03
2.900000000000000000e+01 1.500000000000000000e+01 8.000000000000000000e+00 0.000000000000000000e+00 1.600000000000000089e+00 2.882000000000000013e-03 1.921700000000000144e-02 -9.998110000000000053e-01 -5.911689999999999445e-01 -8.063639999999999697e-01 -1.720299999999999954e-02 -8.065430000000000099e-01 5.911070000000000491e-01 9.036999999999999894e-03
1.000000000000000000e+00 2.400000000000000000e+01 9.000000000000000000e+00 0.000000000000000000e+00 1.600000000000000089e+00 2.422000000000000108e-03 6.177000000000000199e-03 -9.999780000000000335e-01 4.584900000000000087e-01 8.886749999999999927e-01 6.599999999999999964e-03 8.886960000000000415e-01 -4.584960000000000147e-01 -6.800000000000000488e-04
5.000000000000000000e+00 2.400000000000000000e+01 9.000000000000000000e+00 0.000000000000000000e+00 1.600000000000000089e+00 4.179000000000000423e-03 1.017400000000000075e-02 -9.999400000000000510e-01 4.580500000000000127e-01 8.888589999999999547e-01 1.095800000000000073e-02 8.889169999999999572e-01 -4.580679999999999752e-01 -9.460000000000000093e-04
7.000000000000000000e+00 2.400000000000000000e+01 9.000000000000000000e+00 0.000000000000000000e+00 1.600000000000000089e+00 4.514999999999999916e-03 1.035499999999999962e-02 -9.999360000000000470e-01 4.574059999999999793e-01 8.891860000000000319e-01 1.127300000000000003e-02 8.892459999999999809e-01 -4.574280000000000013e-01 -7.219999999999999855e-04
1.000000000000000000e+01 2.400000000000000000e+01 9.000000000000000000e+00 0.000000000000000000e+00 1.600000000000000089e+00 3.844999999999999894e-03 7.435999999999999902e-03 -9.999649999999999928e-01 4.560750000000000082e-01 8.899019999999999708e-01 8.370999999999999969e-03 8.899329999999999741e-01 -4.560910000000000242e-01 3.000000000000000076e-05
1.400000000000000000e+01 2.400000000000000000e+01 9.000000000000000000e+00 0.000000000000000000e+00 1.600000000000000089e+00 3.280000000000000038e-04 -4.679999999999999915e-04 -1.000000000000000000e+00 4.542209999999999859e-01 8.908890000000000420e-01 -2.680000000000000090e-04 8.908890000000000420e-01 -4.542209999999999859e-01 5.050000000000000235e-04
2.800000000000000000e+01 2.400000000000000000e+01 9.000000000000000000e+00 0.000000000000000000e+00 1.600000000000000089e+00 -4.274000000000000021e-03 -1.141299999999999953e-02 -9.999259999999999815e-01 4.533260000000000067e-01 8.912619999999999987e-01 -1.211100000000000024e-02 8.913339999999999597e-01 -4.533449999999999980e-01 1.364999999999999894e-03
7.000000000000000000e+00 4.000000000000000000e+00 1.100000000000000000e+01 0.000000000000000000e+00 1.600000000000000089e+00 8.610000000000000032e-04 2.191099999999999992e-02 -9.997599999999999820e-01 1.751119999999999899e-01 9.843089999999999895e-01 2.172299999999999925e-02 9.845479999999999787e-01 -1.750879999999999936e-01 -2.990000000000000036e-03
2.300000000000000000e+01 4.000000000000000000e+00 1.100000000000000000e+01 0.000000000000000000e+00 1.600000000000000089e+00 3.980000000000000248e-04 -9.247000000000000011e-03 -9.999569999999999848e-01 1.765599999999999947e-01 9.842480000000000118e-01 -9.032000000000000098e-03 9.842899999999999983e-01 -1.765490000000000115e-01 2.024999999999999890e-03
2.900000000000000000e+01 4.000000000000000000e+00 1.100000000000000000e+01 0.000000000000000000e+00 1.600000000000000089e+00 -1.779999999999999898e-03 -1.729999999999999941e-02 -9.998489999999999878e-01 1.813440000000000052e-01 9.832670000000000021e-01 -1.733600000000000071e-02 9.834180000000000144e-01 -1.813480000000000092e-01 1.386999999999999995e-03
2.800000000000000000e+01 3.100000000000000000e+01 1.200000000000000000e+01 0.000000000000000000e+00 1.600000000000000089e+00 1.110000000000000092e-03 -2.350000000000000092e-03 9.999970000000000248e-01 -2.043199999999999877e-02 9.997880000000000100e-01 2.373000000000000109e-03 -9.997909999999999853e-01 -2.043499999999999830e-02 1.062000000000000010e-03
7.000000000000000000e+00 3.000000000000000000e+00 1.300000000000000000e+01 0.000000000000000000e+00 1.600000000000000089e+00 6.369999999999999794e-04 2.205400000000000069e-02 9.997570000000000068e-01 -3.111000000000000050e-03 9.997519999999999740e-01 -2.205199999999999869e-02 -9.999949999999999672e-01 -3.096999999999999927e-03 7.050000000000000060e-04
9.000000000000000000e+00 3.000000000000000000e+00 1.300000000000000000e+01 0.000000000000000000e+00 1.600000000000000089e+00 4.920000000000000328e-04 1.635299999999999948e-02 9.998660000000000325e-01 -1.585999999999999953e-03 9.998650000000000038e-01 -1.635199999999999848e-02 -9.999989999999999712e-01 -1.577999999999999976e-03 5.180000000000000143e-04
1.200000000000000000e+01 3.000000000000000000e+00 1.300000000000000000e+01 0.000000000000000000e+00 1.600000000000000089e+00 1.190000000000000058e-04 7.400000000000000328e-03 9.999730000000000008e-01 -1.093999999999999920e-03 9.999719999999999720e-01 -7.400000000000000328e-03 -9.999989999999999712e-01 -1.093999999999999920e-03 1.269999999999999970e-04
2.200000000000000000e+01 3.000000000000000000e+00 1.300000000000000000e+01 0.000000000000000000e+00 1.600000000000000089e+00 -6.229999999999999644e-04 -6.198999999999999649e-03 9.999810000000000088e-01 -1.055500000000000015e-02 9.999249999999999527e-01 6.191999999999999588e-03 -9.999440000000000550e-01 -1.055099999999999962e-02 -6.880000000000000265e-04
2.900000000000000000e+01 3.000000000000000000e+00 1.300000000000000000e+01 0.000000000000000000e+00 1.600000000000000089e+00 -3.519999999999999908e-04 -1.874299999999999924e-02 9.998240000000000460e-01 -1.535199999999999933e-02 9.997070000000000123e-01 1.873599999999999918e-02 -9.998820000000000485e-01 -1.534199999999999973e-02 -6.400000000000000524e-04
2.000000000000000000e+00 1.200000000000000000e+01 1.500000000000000000e+01 0.000000000000000000e+00 1.600000000000000089e+00 -1.624000000000000010e-03 -2.263999999999999953e-03 -9.999959999999999960e-01 -4.726079999999999726e-01 -8.812689999999999690e-01 2.762999999999999831e-03 -8.812710000000000266e-01 4.726099999999999746e-01 3.609999999999999928e-04
9.000000000000000000e+00 1.200000000000000000e+01 1.500000000000000000e+01 0.000000000000000000e+00 1.600000000000000089e+00 -1.368000000000000075e-03 -9.726000000000000270e-03 -9.999519999999999520e-01 -4.710690000000000155e-01 -8.820480000000000542e-01 9.223999999999999561e-03 -8.820959999999999912e-01 4.710579999999999767e-01 -3.374999999999999962e-03
1.400000000000000000e+01 1.200000000000000000e+01 1.500000000000000000e+01 0.000000000000000000e+00 1.600000000000000089e+00 -3.350000000000000113e-03 -3.348999999999999980e-03 -9.999890000000000168e-01 -4.691060000000000230e-01 -8.831299999999999706e-01 4.529000000000000040e-03 -8.831360000000000321e-01 4.691159999999999775e-01 1.386999999999999995e-03
2.200000000000000000e+01 1.200000000000000000e+01 1.500000000000000000e+01 0.000000000000000000e+00 1.600000000000000089e+00 8.300000000000000086e-04 3.738000000000000003e-03 -9.999930000000000208e-01 -4.701620000000000243e-01 -8.825730000000000519e-01 -3.689000000000000005e-03 -8.825800000000000312e-01 4.701609999999999956e-01 1.025000000000000086e-03
2.800000000000000000e+01 1.200000000000000000e+01 1.500000000000000000e+01 0.000000000000000000e+00 1.600000000000000089e+00 2.978999999999999877e-03 5.299999999999999807e-04 -9.999949999999999672e-01 -4.676520000000000121e-01 -8.839110000000000023e-01 -1.861000000000000024e-03 -8.839080000000000270e-01 4.676560000000000161e-01 -2.384999999999999967e-03
2.500000000000000000e+01 1.160000000000000000e+02 1.600000000000000000e+01 0.000000000000000000e+00 1.600000000000000089e+00 -6.400999999999999572e-03 -6.479000000000000384e-03 9.999590000000000423e-01 7.013350000000000417e-01 7.127740000000000187e-01 9.107999999999999777e-03 -7.128029999999999644e-01 7.013639999999999874e-01 -1.900000000000000105e-05
6.000000000000000000e+00 2.000000000000000000e+00 1.900000000000000000e+01 0.000000000000000000e+00 1.600000000000000089e+00 -5.779999999999999548e-04 -6.941000000000000121e-03 -9.999759999999999760e-01 2.095760000000000123e-01 -9.777700000000000280e-01 6.664999999999999918e-03 -9.777919999999999945e-01 -2.095670000000000033e-01 2.020000000000000094e-03
1.200000000000000000e+01 2.000000000000000000e+00 1.900000000000000000e+01 0.000000000000000000e+00 1.600000000000000089e+00 1.526000000000000013e-03 -1.436600000000000030e-02 -9.998960000000000070e-01 2.143039999999999945e-01 -9.766610000000000014e-01 1.435900000000000024e-02 -9.767660000000000231e-01 -2.143039999999999945e-01 1.588999999999999918e-03
1.600000000000000000e+01 2.000000000000000000e+00 1.900000000000000000e+01 0.000000000000000000e+00 1.600000000000000089e+00 -9.799999999999999684e-05 -3.879000000000000069e-03 -9.999919999999999920e-01 2.114580000000000071e-01 -9.773800000000000265e-01 3.771000000000000046e-03 -9.773870000000000058e-01 -2.114560000000000051e-01 9.160000000000000390e-04
2.300000000000000000e+01 2.000000000000000000e+00 1.900000000000000000e+01 0.000000000000000000e+00 1.600000000000000089e+00 -1.160999999999999923e-03 -5.205000000000000425e-03 -9.999860000000000415e-01 2.059300000000000019e-01 -9.785549999999999526e-01 4.853999999999999808e-03 -9.785660000000000469e-01 -2.059209999999999929e-01 2.207999999999999893e-03
2.700000000000000000e+01 2.000000000000000000e+00 1.900000000000000000e+01 0.000000000000000000e+00 1.600000000000000089e+00 -1.734000000000000081e-03 2.739999999999999923e-04 -9.999980000000000535e-01 2.071099999999999886e-01 -9.783180000000000209e-01 -6.269999999999999532e-04 -9.783159999999999634e-01 -2.071099999999999886e-01 1.639999999999999965e-03
8.000000000000000000e+00 4.000000000000000000e+00 2.000000000000000000e+01 0.000000000000000000e+00 1.600000000000000089e+00 1.106999999999999911e-03 -7.734999999999999688e-03 -9.999689999999999968e-01 2.981230000000000269e-01 -9.544960000000000111e-01 7.714000000000000370e-03 -9.545270000000000143e-01 -2.981230000000000269e-01 1.250000000000000026e-03
2.000000000000000000e+01 4.000000000000000000e+00 2.000000000000000000e+01 0.000000000000000000e+00 1.600000000000000089e+00 -3.640000000000000115e-04 -4.108999999999999805e-03 -9.999909999999999632e-01 2.917719999999999758e-01 -9.564799999999999969e-01 3.824000000000000142e-03 -9.564880000000000049e-01 -2.917680000000000273e-01 1.546999999999999981e-03
2.000000000000000000e+00 1.300000000000000000e+01 2.000000000000000000e+01 0.000000000000000000e+00 1.600000000000000089e+00 -6.480000000000000300e-04 -6.671999999999999979e-03 9.999780000000000335e-01 2.620370000000000199e-01 9.650349999999999762e-01 6.609000000000000291e-03 -9.650579999999999714e-01 2.620350000000000179e-01 1.123000000000000083e-03
1.000000000000000000e+01 1.300000000000000000e+01 2.000000000000000000e+01 0.000000000000000000e+00 1.600000000000000089e+00 4.690000000000000158e-04 7.140000000000000079e-04 1.000000000000000000e+00 2.645390000000000241e-01 9.643749999999999822e-01 -8.120000000000000048e-04 -9.643749999999999822e-01 2.645390000000000241e-01 2.629999999999999959e-04
1.500000000000000000e+01 1.300000000000000000e+01 2.000000000000000000e+01 0.000000000000000000e+00 1.600000000000000089e+00 -1.630000000000000047e-04 6.369999999999999794e-04 1.000000000000000000e+00 2.640060000000000184e-01 9.645209999999999617e-01 -5.720000000000000258e-04 -9.645209999999999617e-01 2.640060000000000184e-01 -3.249999999999999851e-04
2.100000000000000000e+01 1.300000000000000000e+01 2.000000000000000000e+01 0.000000000000000000e+00 1.600000000000000089e+00 -2.635999999999999888e-03 4.629999999999999784e-04 9.999959999999999960e-01 2.638229999999999742e-01 9.645709999999999562e-01 2.489999999999999809e-04 -9.645669999999999522e-01 2.638229999999999742e-01 -2.664000000000000135e-03
2.900000000000000000e+01 1.300000000000000000e+01 2.000000000000000000e+01 0.000000000000000000e+00 1.600000000000000089e+00 3.188999999999999994e-03 1.768000000000000040e-03 9.999930000000000208e-01 2.630899999999999905e-01 9.647679999999999589e-01 -2.544999999999999953e-03 -9.647660000000000124e-01 2.630970000000000253e-01 2.611000000000000040e-03
2.000000000000000000e+00 1.600000000000000000e+01 2.100000000000000000e+01 0.000000000000000000e+00 1.600000000000000089e+00 4.270000000000000249e-04 -1.178000000000000054e-02 9.999310000000000143e-01 3.007619999999999738e-01 9.536350000000000104e-01 1.110599999999999955e-02 -9.536989999999999634e-01 3.007360000000000033e-01 3.950000000000000386e-03
6.000000000000000000e+00 1.600000000000000000e+01 2.100000000000000000e+01 0.000000000000000000e+00 1.600000000000000089e+00 1.345000000000000058e-03 -7.731000000000000025e-03 9.999689999999999968e-01 3.031659999999999910e-01 9.529119999999999813e-01 6.960000000000000041e-03 -9.529370000000000340e-01 3.031469999999999998e-01 3.625999999999999883e-03
1.000000000000000000e+01 1.600000000000000000e+01 2.100000000000000000e+01 0.000000000000000000e+00 1.600000000000000089e+00 -3.289999999999999739e-04 -3.495999999999999976e-03 9.999940000000000495e-01 3.029510000000000258e-01 9.529999999999999583e-01 3.431000000000000022e-03 -9.530060000000000198e-01 3.029499999999999971e-01 7.450000000000000025e-04
1.600000000000000000e+01 1.600000000000000000e+01 2.100000000000000000e+01 0.000000000000000000e+00 1.600000000000000089e+00 -9.799999999999999684e-05 2.688999999999999984e-03 9.999959999999999960e-01 3.030160000000000076e-01 9.529819999999999958e-01 -2.531999999999999963e-03 -9.529849999999999710e-01 3.030149999999999788e-01 -9.079999999999999530e-04
1.000000000000000000e+01 4.600000000000000000e+01 2.700000000000000000e+01 0.000000000000000000e+00 1.600000000000000089e+00 -1.340000000000000045e-03 5.039999999999999992e-04 -9.999989999999999712e-01 6.685459999999999736e-01 7.436709999999999710e-01 -5.209999999999999788e-04 7.436700000000000532e-01 -6.685459999999999736e-01 -1.333999999999999899e-03
2.600000000000000000e+01 4.600000000000000000e+01 2.700000000000000000e+01 0.000000000000000000e+00 1.600000000000000089e+00 -1.890000000000000133e-04 -1.283000000000000069e-03 -9.999989999999999712e-01 6.651949999999999807e-01 7.466690000000000271e-01 -1.082999999999999978e-03 7.466690000000000271e-01 -6.651949999999999807e-01 7.119999999999999593e-04
2.000000000000000000e+00 4.600000000000000000e+01 3.000000000000000000e+01 0.000000000000000000e+00 1.600000000000000089e+00 1.554999999999999959e-03 1.895999999999999899e-03 -9.999970000000000248e-01 3.242720000000000047e-01 9.459610000000000518e-01 2.298000000000000129e-03 9.459629999999999983e-01 -3.242740000000000067e-01 8.559999999999999901e-04
7.000000000000000000e+00 4.600000000000000000e+01 3.000000000000000000e+01 0.000000000000000000e+00 1.600000000000000089e+00 -3.490000000000000263e-04 -1.698000000000000074e-03 -9.999980000000000535e-01 3.235990000000000255e-01 9.461929999999999508e-01 -1.719999999999999958e-03 9.461939999999999795e-01 -3.235990000000000255e-01 2.200000000000000078e-04
1.700000000000000000e+01 4.600000000000000000e+01 3.000000000000000000e+01 0.000000000000000000e+00 1.600000000000000089e+00 -7.200000000000000182e-05 2.539999999999999940e-04 -1.000000000000000000e+00 3.171350000000000002e-01 9.483800000000000008e-01 2.180000000000000134e-04 9.483800000000000008e-01 -3.171350000000000002e-01 -1.489999999999999897e-04
2.100000000000000000e+01 4.600000000000000000e+01 3.000000000000000000e+01 0.000000000000000000e+00 1.600000000000000089e+00 7.309999999999999875e-04 2.240999999999999936e-03 -9.999970000000000248e-01 3.182599999999999874e-01 9.480009999999999826e-01 2.357000000000000154e-03 9.480030000000000401e-01 -3.182610000000000161e-01 -2.099999999999999884e-05
6.000000000000000000e+00 5.800000000000000000e+01 3.100000000000000000e+01 0.000000000000000000e+00 1.600000000000000089e+00 -2.122000000000000188e-03 -3.762999999999999852e-03 9.999909999999999632e-01 -7.849819999999999576e-01 -6.195060000000000011e-01 -3.996000000000000420e-03 6.195150000000000379e-01 -7.849829999999999863e-01 -1.639000000000000049e-03
1.300000000000000000e+01 5.800000000000000000e+01 3.100000000000000000e+01 0.000000000000000000e+00 1.600000000000000089e+00 1.048000000000000103e-03 -2.027999999999999855e-03 9.999970000000000248e-01 -7.838699999999999557e-01 -6.209249999999999492e-01 -4.380000000000000213e-04 6.209240000000000315e-01 -7.838680000000000092e-01 -2.240999999999999936e-03
1.700000000000000000e+01 5.800000000000000000e+01 3.100000000000000000e+01 0.000000000000000000e+00 1.600000000000000089e+00 -1.549999999999999946e-03 -2.007999999999999802e-03 9.999970000000000248e-01 -7.841439999999999522e-01 -6.205739999999999590e-01 -2.462000000000000213e-03 6.205770000000000453e-01 -7.841460000000000097e-01 -6.130000000000000466e-04
2.400000000000000000e+01 5.800000000000000000e+01 3.100000000000000000e+01 0.000000000000000000e+00 1.600000000000000089e+00 4.870000000000000197e-04 1.768999999999999956e-03 9.999980000000000535e-01 -7.816060000000000230e-01 -6.237700000000000466e-01 1.484000000000000076e-03 6.237719999999999931e-01 -7.816060000000000230e-01 1.079000000000000098e-03
2.600000000000000000e+01 4.200000000000000000e+01 3.400000000000000000e+01 0.000000000000000000e+00 1.600000000000000089e+00 2.069999999999999792e-03 -1.688999999999999963e-03 -9.999959999999999960e-01 -2.918890000000000096e-01 9.564500000000000224e-01 -2.219000000000000052e-03 9.564500000000000224e-01 2.918919999999999848e-01 1.487000000000000040e-03
5.000000000000000000e+00 4.600000000000000000e+01 3.500000000000000000e+01 0.000000000000000000e+00 1.600000000000000089e+00 -2.799999999999999958e-05 -2.804000000000000069e-03 -9.999959999999999960e-01 3.856580000000000008e-01 -9.226379999999999582e-01 2.576000000000000165e-03 -9.226419999999999622e-01 -3.856559999999999988e-01 1.106999999999999911e-03
9.000000000000000000e+00 4.600000000000000000e+01 3.500000000000000000e+01 0.000000000000000000e+00 1.600000000000000089e+00 -4.920000000000000328e-04 4.200000000000000174e-04 -1.000000000000000000e+00 3.869790000000000174e-01 -9.220880000000000187e-01 -5.770000000000000389e-04 -9.220880000000000187e-01 -3.869790000000000174e-01 2.910000000000000260e-04
1.500000000000000000e+01 4.600000000000000000e+01 3.500000000000000000e+01 0.000000000000000000e+00 1.600000000000000089e+00 2.069999999999999900e-04 -8.599999999999999789e-04 -1.000000000000000000e+00 3.861720000000000153e-01 -9.224259999999999682e-01 8.729999999999999696e-04 -9.224269999999999969e-01 -3.861720000000000153e-01 1.410000000000000120e-04
2.200000000000000000e+01 4.600000000000000000e+01 3.500000000000000000e+01 0.000000000000000000e+00 1.600000000000000089e+00 7.050000000000000060e-04 -3.079000000000000140e-03 -9.999949999999999672e-01 3.842570000000000152e-01 -9.232209999999999583e-01 3.112999999999999882e-03 -9.232259999999999911e-01 -3.842570000000000152e-01 5.320000000000000293e-04
2.700000000000000000e+01 4.600000000000000000e+01 3.500000000000000000e+01 0.000000000000000000e+00 1.600000000000000089e+00 -3.939999999999999817e-04 -3.750000000000000078e-04 -1.000000000000000000e+00 3.848460000000000214e-01 -9.229810000000000514e-01 1.949999999999999965e-04 -9.229810000000000514e-01 -3.848460000000000214e-01 5.079999999999999880e-04
7.000000000000000000e+00 9.500000000000000000e+01 3.600000000000000000e+01 0.000000000000000000e+00 1.600000000000000089e+00 -4.308000000000000197e-03 -2.430399999999999922e-02 9.996950000000000003e-01 9.972600000000000353e-01 7.372199999999999587e-02 6.088999999999999795e-03 -7.384699999999999598e-02 9.969829999999999526e-01 2.392000000000000029e-02
1.200000000000000000e+01 9.500000000000000000e+01 3.600000000000000000e+01 0.000000000000000000e+00 1.600000000000000089e+00 -2.547999999999999918e-03 -1.466899999999999975e-02 9.998890000000000278e-01 9.975979999999999848e-01 6.917600000000000138e-02 3.556999999999999832e-03 -6.922000000000000375e-02 9.974969999999999670e-01 1.445800000000000037e-02
1.900000000000000000e+01 9.500000000000000000e+01 3.600000000000000000e+01 0.000000000000000000e+00 1.600000000000000089e+00 1.276000000000000007e-03 -1.545900000000000052e-02 9.998799999999999910e-01 9.977169999999999650e-01 6.752600000000000269e-02 -2.300000000000000070e-04 -6.751500000000000556e-02 9.975979999999999848e-01 1.550999999999999948e-02
2.300000000000000000e+01 9.500000000000000000e+01 3.600000000000000000e+01 0.000000000000000000e+00 1.600000000000000089e+00 6.840000000000000377e-04 1.829300000000000023e-02 9.998320000000000540e-01 9.976479999999999793e-01 6.851899999999999658e-02 -1.936000000000000004e-03 -6.854300000000000670e-02 9.974819999999999798e-01 -1.820300000000000043e-02
3.000000000000000000e+01 9.500000000000000000e+01 3.600000000000000000e+01 0.000000000000000000e+00 1.600000000000000089e+00 1.523700000000000054e-02 3.626200000000000256e-02 9.992259999999999476e-01 9.975899999999999768e-01 6.710299999999999598e-02 -1.764699999999999949e-02 -6.769100000000000117e-02 9.970869999999999456e-01 -3.515200000000000269e-02
3.000000000000000000e+00 3.000000000000000000e+00 4.300000000000000000e+01 0.000000000000000000e+00 1.600000000000000089e+00 2.481000000000000132e-03 1.436999999999999909e-03 -9.999959999999999960e-01 7.378599999999999604e-01 -6.749530000000000252e-01 8.610000000000000032e-04 -6.749490000000000212e-01 -7.378590000000000426e-01 -2.735000000000000018e-03
6.000000000000000000e+00 3.000000000000000000e+00 4.300000000000000000e+01 0.000000000000000000e+00 1.600000000000000089e+00 4.335999999999999577e-03 -7.383999999999999939e-03 -9.999630000000000463e-01 7.380219999999999558e-01 -6.747269999999999657e-01 8.182999999999999302e-03 -6.747619999999999729e-01 -7.380309999999999926e-01 2.524000000000000202e-03
1.200000000000000000e+01 3.000000000000000000e+00 4.300000000000000000e+01 0.000000000000000000e+00 1.600000000000000089e+00 -2.446999999999999956e-03 -9.510000000000000224e-04 -9.999970000000000248e-01 7.398190000000000044e-01 -6.728049999999999864e-01 -1.170000000000000033e-03 -6.728020000000000111e-01 -7.398190000000000044e-01 2.350000000000000092e-03
1.900000000000000000e+01 3.000000000000000000e+00 4.300000000000000000e+01 0.000000000000000000e+00 1.600000000000000089e+00 5.410000000000000312e-04 -1.434799999999999964e-02 -9.998970000000000358e-01 7.412539999999999685e-01 -6.711500000000000243e-01 1.003199999999999925e-02 -6.712249999999999606e-01 -7.411830000000000362e-01 1.027299999999999915e-02
2.200000000000000000e+01 3.000000000000000000e+00 4.300000000000000000e+01 0.000000000000000000e+00 1.600000000000000089e+00 7.429999999999999539e-04 -6.360000000000000202e-03 -9.999789999999999512e-01 7.413889999999999647e-01 -6.710580000000000434e-01 4.819000000000000367e-03 -6.710749999999999771e-01 -7.413769999999999527e-01 4.217000000000000262e-03
2.700000000000000000e+01 3.000000000000000000e+00 4.300000000000000000e+01 0.000000000000000000e+00 1.600000000000000089e+00 -8.580000000000000387e-04 -1.312299999999999925e-02 -9.999139999999999695e-01 7.420809999999999906e-01 -6.702599999999999669e-01 8.158999999999999586e-03 -6.703090000000000437e-01 -7.420099999999999474e-01 1.031400000000000025e-02
5.000000000000000000e+00 2.900000000000000000e+01 4.400000000000000000e+01 0.000000000000000000e+00 1.600000000000000089e+00 2.305999999999999890e-03 -2.469999999999999865e-04 -9.999970000000000248e-01 6.620390000000000441e-01 7.494680000000000231e-01 1.340999999999999961e-03 7.494659999999999656e-01 -6.620399999999999618e-01 1.892000000000000019e-03
9.000000000000000000e+00 2.900000000000000000e+01 4.400000000000000000e+01 0.000000000000000000e+00 1.600000000000000089e+00 -3.330000000000000169e-04 -5.169999999999999899e-04 -1.000000000000000000e+00 6.718199999999999728e-01 7.407139999999999835e-01 -6.070000000000000092e-04 7.407139999999999835e-01 -6.718199999999999728e-01 1.010000000000000020e-04
2.100000000000000000e+01 2.900000000000000000e+01 4.400000000000000000e+01 0.000000000000000000e+00 1.600000000000000089e+00 3.159999999999999832e-04 2.066000000000000128e-03 -9.999980000000000535e-01 6.814139999999999642e-01 7.318970000000000198e-01 1.727000000000000019e-03 7.318980000000000485e-01 -6.814130000000000464e-01 -1.175999999999999962e-03
2.600000000000000000e+01 2.900000000000000000e+01 4.400000000000000000e+01 0.000000000000000000e+00 1.600000000000000089e+00 1.050000000000000044e-04 1.008999999999999914e-03 -1.000000000000000000e+00 6.780019999999999936e-01 7.350600000000000467e-01 8.130000000000000291e-04 7.350600000000000467e-01 -6.780009999999999648e-01 -6.070000000000000092e-04
1.400000000000000000e+01 6.000000000000000000e+00 5.100000000000000000e+01 0.000000000000000000e+00 1.600000000000000089e+00 1.675999999999999972e-03 -2.125999999999999852e-03 -9.999959999999999960e-01 3.316080000000000139e-01 -9.434139999999999748e-01 2.562000000000000041e-03 -9.434160000000000323e-01 -3.316109999999999891e-01 -8.760000000000000425e-04
1.900000000000000000e+01 6.000000000000000000e+00 5.100000000000000000e+01 0.000000000000000000e+00 1.600000000000000089e+00 -1.920000000000000049e-03 -4.762999999999999873e-03 -9.999869999999999592e-01 3.258050000000000113e-01 -9.454289999999999639e-01 3.876999999999999804e-03 -9.454350000000000254e-01 -3.257939999999999725e-01 3.367000000000000201e-03
2.800000000000000000e+01 1.150000000000000000e+02 5.100000000000000000e+01 0.000000000000000000e+00 1.600000000000000089e+00 -3.096999999999999927e-03 -8.583000000000000351e-03 9.999580000000000135e-01 8.450849999999999751e-01 -5.346290000000000209e-01 -1.971000000000000096e-03 5.346239999999999881e-01 8.450429999999999886e-01 8.909000000000000252e-03
6.000000000000000000e+00 7.000000000000000000e+00 5.200000000000000000e+01 0.000000000000000000e+00 1.600000000000000089e+00 -5.607000000000000005e-03 -4.027000000000000197e-03 -9.999759999999999760e-01 1.230620000000000047e-01 -9.923929999999999696e-01 3.307000000000000044e-03 -9.923830000000000151e-01 -1.230399999999999966e-01 6.060000000000000282e-03
1.700000000000000000e+01 7.000000000000000000e+00 5.200000000000000000e+01 0.000000000000000000e+00 1.600000000000000089e+00 -1.979999999999999881e-04 -3.020000000000000115e-03 -9.999949999999999672e-01 1.121779999999999999e-01 -9.936840000000000117e-01 2.978000000000000178e-03 -9.936880000000000157e-01 -1.121769999999999989e-01 5.360000000000000181e-04
1.200000000000000000e+01 1.600000000000000000e+01 5.200000000000000000e+01 0.000000000000000000e+00 1.600000000000000089e+00 8.470999999999999364e-03 1.108199999999999984e-02 -9.999029999999999863e-01 7.780030000000000001e-01 6.281149999999999789e-01 1.355199999999999981e-02 6.282039999999999846e-01 -7.780420000000000114e-01 -3.301000000000000115e-03
1.800000000000000000e+01 1.500000000000000000e+01 5.300000000000000000e+01 0.000000000000000000e+00 1.600000000000000089e+00 4.270999999999999623e-03 -5.687000000000000215e-03 -9.999749999999999472e-01 6.838739999999999819e-01 7.295989999999999975e-01 -1.229000000000000058e-03 7.295880000000000143e-01 -6.838509999999999867e-01 7.004999999999999942e-03
2.300000000000000000e+01 1.500000000000000000e+01 5.300000000000000000e+01 0.000000000000000000e+00 1.600000000000000089e+00 -1.941000000000000017e-03 -7.375999999999999744e-03 -9.999710000000000543e-01 6.835879999999999734e-01 7.298369999999999580e-01 -6.709999999999999819e-03 7.298660000000000148e-01 -6.835809999999999942e-01 3.625000000000000184e-03
4.000000000000000000e+00 6.300000000000000000e+01 5.400000000000000000e+01 0.000000000000000000e+00 1.600000000000000089e+00 5.169999999999999899e-04 2.366000000000000048e-03 9.999970000000000248e-01 -3.571500000000000230e-01 9.340450000000000141e-01 -2.026000000000000023e-03 -9.340469999999999606e-01 -3.571480000000000210e-01 1.327999999999999970e-03
8.000000000000000000e+00 6.300000000000000000e+01 5.400000000000000000e+01 0.000000000000000000e+00 1.600000000000000089e+00 1.121999999999999950e-03 -3.684000000000000209e-03 9.999930000000000208e-01 -3.554479999999999862e-01 9.346879999999999633e-01 3.841999999999999929e-03 -9.346950000000000536e-01 -3.554490000000000149e-01 -2.599999999999999772e-04
1.200000000000000000e+01 6.300000000000000000e+01 5.400000000000000000e+01 0.000000000000000000e+00 1.600000000000000089e+00 -1.136000000000000074e-03 -1.779999999999999898e-04 9.999989999999999712e-01 -3.497390000000000221e-01 9.368469999999999853e-01 -2.310000000000000042e-04 -9.368469999999999853e-01 -3.497390000000000221e-01 -1.126999999999999964e-03
1.700000000000000000e+01 6.300000000000000000e+01 5.400000000000000000e+01 0.000000000000000000e+00 1.600000000000000089e+00 8.540000000000000499e-04 1.443000000000000055e-03 9.999989999999999712e-01 -3.507649999999999935e-01 9.364630000000000454e-01 -1.051000000000000068e-03 -9.364630000000000454e-01 -3.507640000000000202e-01 1.304999999999999953e-03
2.000000000000000000e+01 6.300000000000000000e+01 5.400000000000000000e+01 0.000000000000000000e+00 1.600000000000000089e+00 1.242000000000000048e-03 -4.099999999999999912e-04 9.999989999999999712e-01 -3.519129999999999758e-01 9.360319999999999752e-01 8.210000000000000067e-04 -9.360319999999999752e-01 -3.519140000000000046e-01 1.018000000000000025e-03
2.600000000000000000e+01 6.300000000000000000e+01 5.400000000000000000e+01 0.000000000000000000e+00 1.600000000000000089e+00 -1.072999999999999952e-03 3.750000000000000078e-04 9.999989999999999712e-01 -3.528629999999999822e-01 9.356750000000000345e-01 -7.299999999999999632e-04 -9.356750000000000345e-01 -3.528629999999999822e-01 -8.720000000000000537e-04
4.000000000000000000e+00 2.500000000000000000e+01 5.500000000000000000e+01 0.000000000000000000e+00 1.600000000000000089e+00 6.179999999999999513e-04 -1.111000000000000008e-03 -9.999989999999999712e-01 -1.075800000000000020e-02 -9.999419999999999975e-01 1.103999999999999947e-03 -9.999419999999999975e-01 1.075800000000000020e-02 -6.300000000000000261e-04
7.000000000000000000e+00 2.500000000000000000e+01 5.500000000000000000e+01 0.000000000000000000e+00 1.600000000000000089e+00 1.577999999999999976e-03 1.351999999999999903e-03 -9.999980000000000535e-01 -1.175099999999999929e-02 -9.999299999999999855e-01 -1.369999999999999907e-03 -9.999299999999999855e-01 1.175299999999999956e-02 -1.562000000000000020e-03
1.000000000000000000e+01 2.500000000000000000e+01 5.500000000000000000e+01 0.000000000000000000e+00 1.600000000000000089e+00 7.770000000000000214e-04 -1.583999999999999905e-03 -9.999980000000000535e-01 -1.187900000000000067e-02 -9.999280000000000390e-01 1.575000000000000011e-03 -9.999289999999999567e-01 1.187799999999999967e-02 -7.960000000000000495e-04
2.000000000000000000e+01 2.500000000000000000e+01 5.500000000000000000e+01 0.000000000000000000e+00 1.600000000000000089e+00 -1.150999999999999896e-03 -1.642999999999999929e-03 -9.999980000000000535e-01 -1.122199999999999934e-02 -9.999360000000000470e-01 1.655999999999999920e-03 -9.999360000000000470e-01 1.122399999999999960e-02 1.131999999999999977e-03
2.400000000000000000e+01 2.500000000000000000e+01 5.500000000000000000e+01 0.000000000000000000e+00 1.600000000000000089e+00 -4.760000000000000234e-04 1.991000000000000148e-03 -9.999980000000000535e-01 -1.085200000000000053e-02 -9.999390000000000223e-01 -1.985999999999999918e-03 -9.999409999999999688e-01 1.085099999999999953e-02 4.970000000000000459e-04
2.800000000000000000e+01 2.500000000000000000e+01 5.500000000000000000e+01 0.000000000000000000e+00 1.600000000000000089e+00 2.030999999999999819e-03 2.871999999999999987e-03 -9.999940000000000495e-01 -1.069999999999999944e-02 -9.999390000000000223e-01 -2.893999999999999871e-03 -9.999409999999999688e-01 1.070499999999999924e-02 -2.000000000000000042e-03
1.500000000000000000e+01 6.800000000000000000e+01 5.700000000000000000e+01 0.000000000000000000e+00 1.600000000000000089e+00 4.550000000000000008e-04 -4.398000000000000000e-03 -9.999900000000000455e-01 -2.404100000000000126e-01 -9.706630000000000535e-01 4.159000000000000370e-03 -9.706709999999999505e-01 2.404060000000000086e-01 -1.498999999999999898e-03
1.000000000000000000e+00 2.100000000000000000e+01 6.000000000000000000e+01 0.000000000000000000e+00 1.600000000000000089e+00 -9.799999999999999684e-04 -1.902500000000000024e-02 9.998190000000000133e-01 -9.649900000000000144e-02 9.951550000000000118e-01 1.884200000000000111e-02 -9.953330000000000233e-01 -9.646299999999999319e-02 -2.811000000000000131e-03
6.000000000000000000e+00 2.100000000000000000e+01 6.000000000000000000e+01 0.000000000000000000e+00 1.600000000000000089e+00 1.026000000000000002e-03 -2.400999999999999922e-03 9.999970000000000248e-01 -9.664699999999999680e-02 9.953159999999999785e-01 2.488999999999999893e-03 -9.953180000000000360e-01 -9.664899999999999880e-02 7.889999999999999878e-04
1.200000000000000000e+01 2.100000000000000000e+01 6.000000000000000000e+01 0.000000000000000000e+00 1.600000000000000089e+00 -9.879999999999999460e-04 -3.583999999999999946e-03 9.999930000000000208e-01 -9.755300000000000082e-02 9.952239999999999975e-01 3.469999999999999994e-03 -9.952299999999999480e-01 -9.754899999999999682e-02 -1.332999999999999984e-03
1.700000000000000000e+01 2.100000000000000000e+01 6.000000000000000000e+01 0.000000000000000000e+00 1.600000000000000089e+00 -4.380000000000000213e-04 7.015999999999999667e-03 9.999749999999999472e-01 -9.755099999999999882e-02 9.952060000000000350e-01 -7.024999999999999994e-03 -9.952299999999999480e-01 -9.755099999999999882e-02 2.489999999999999809e-04
2.400000000000000000e+01 3.000000000000000000e+00 6.300000000000000000e+01 0.000000000000000000e+00 1.600000000000000089e+00 -5.090000000000000123e-04 3.933999999999999997e-03 9.999919999999999920e-01 -6.149590000000000334e-01 7.885520000000000307e-01 -3.415000000000000067e-03 -7.885590000000000099e-01 -6.149559999999999471e-01 2.017999999999999829e-03
6.000000000000000000e+00 2.700000000000000000e+01 6.300000000000000000e+01 0.000000000000000000e+00 1.600000000000000089e+00 -1.124999999999999915e-03 4.775999999999999863e-03 9.999879999999999880e-01 -2.730859999999999954e-01 9.619769999999999710e-01 -4.902000000000000107e-03 -9.619889999999999830e-01 -2.730890000000000262e-01 2.220000000000000022e-04
9.000000000000000000e+00 2.700000000000000000e+01 6.300000000000000000e+01 0.000000000000000000e+00 1.600000000000000089e+00 3.860000000000000041e-04 -8.279999999999999600e-04 1.000000000000000000e+00 -2.742550000000000265e-01 9.616559999999999553e-01 9.020000000000000240e-04 -9.616569999999999840e-01 -2.742559999999999998e-01 1.440000000000000036e-04
1.500000000000000000e+01 2.700000000000000000e+01 6.300000000000000000e+01 0.000000000000000000e+00 1.600000000000000089e+00 -9.950000000000000077e-04 -2.680000000000000090e-03 9.999959999999999960e-01 -2.735810000000000186e-01 9.618459999999999788e-01 2.305000000000000191e-03 -9.618480000000000363e-01 -2.735779999999999879e-01 -1.691000000000000012e-03
1.900000000000000000e+01 2.700000000000000000e+01 6.300000000000000000e+01 0.000000000000000000e+00 1.600000000000000089e+00 2.290000000000000098e-04 -4.838000000000000286e-03 9.999879999999999880e-01 -2.732859999999999734e-01 9.619210000000000260e-01 4.715999999999999706e-03 -9.619330000000000380e-01 -2.732840000000000269e-01 -1.101999999999999898e-03
2.400000000000000000e+01 2.700000000000000000e+01 6.300000000000000000e+01 0.000000000000000000e+00 1.600000000000000089e+00 4.040000000000000080e-04 -1.012000000000000096e-03 9.999989999999999712e-01 -2.736210000000000031e-01 9.618370000000000530e-01 1.083999999999999894e-03 -9.618379999999999708e-01 -2.736210000000000031e-01 1.119999999999999983e-04
2.900000000000000000e+01 2.700000000000000000e+01 6.300000000000000000e+01 0.000000000000000000e+00 1.600000000000000089e+00 -3.269999999999999795e-04 -3.201999999999999985e-03 9.999949999999999672e-01 -2.751160000000000272e-01 9.614059999999999828e-01 2.988999999999999903e-03 -9.614110000000000156e-01 -2.751140000000000252e-01 -1.195000000000000099e-03
