2.700000000000000000e+01 6.000000000000000000e+00 4.000000000000000000e+00 0.000000000000000000e+00 1.600000000000000089e+00 -1.138949999999999962e-01 -9.302699999999999858e-02 -9.891280000000000072e-01 -8.544929999999999470e-01 -4.987289999999999779e-01 1.452980000000000105e-01 -5.068240000000000522e-01 8.617510000000000447e-01 -2.268799999999999983e-02
2.000000000000000000e+01 1.300000000000000000e+01 5.000000000000000000e+00 0.000000000000000000e+00 1.600000000000000089e+00 1.937300000000000133e-02 -1.091690000000000021e-01 9.938339999999999952e-01 3.674319999999999808e-01 -9.236849999999999783e-01 -1.086260000000000003e-01 9.298480000000000079e-01 3.672710000000000141e-01 2.221800000000000164e-02
1.900000000000000000e+01 1.000000000000000000e+00 6.000000000000000000e+00 0.000000000000000000e+00 1.600000000000000089e+00 2.050300000000000039e-02 -1.250890000000000057e-01 -9.919339999999999824e-01 -1.762829999999999953e-01 -9.770499999999999741e-01 1.195689999999999947e-01 -9.841259999999999453e-01 1.724090000000000067e-01 -4.208300000000000235e-02
8.000000000000000000e+00 1.010000000000000000e+02 7.000000000000000000e+00 0.000000000000000000e+00 1.600000000000000089e+00 -2.465000000000000177e-03 5.159999999999999656e-04 9.999970000000000248e-01 8.883210000000000273e-01 4.592189999999999883e-01 1.953000000000000092e-03 -4.592160000000000131e-01 8.883229999999999738e-01 -1.590999999999999966e-03
1.900000000000000000e+01 1.010000000000000000e+02 7.000000000000000000e+00 0.000000000000000000e+00 1.600000000000000089e+00 1.680000000000000070e-03 -1.783200000000000063e-02 9.998399999999999510e-01 8.861759999999999637e-01 4.632979999999999876e-01 6.773999999999999640e-03 -4.633450000000000069e-01 8.860230000000000050e-01 1.658099999999999852e-02
2.000000000000000000e+00 2.500000000000000000e+01 8.000000000000000000e+00 0.000000000000000000e+00 1.600000000000000089e+00 -1.450000000000000009e-04 7.510000000000000399e-04 -1.000000000000000000e+00 4.374500000000000055e-01 8.992430000000000145e-01 6.120000000000000223e-04 8.992430000000000145e-01 -4.374500000000000055e-01 -4.580000000000000195e-04
6.000000000000000000e+00 2.500000000000000000e+01 8.000000000000000000e+00 0.000000000000000000e+00 1.600000000000000089e+00 8.379999999999999862e-04 4.219999999999999793e-03 -9.999909999999999632e-01 4.393880000000000008e-01 8.982879999999999754e-01 4.158000000000000237e-03 8.982970000000000121e-01 -4.393870000000000275e-01 -1.101999999999999898e-03
1.000000000000000000e+01 2.500000000000000000e+01 8.000000000000000000e+00 0.000000000000000000e+00 1.600000000000000089e+00 5.379999999999999583e-04 -1.788000000000000093e-03 -9.999980000000000535e-01 4.405299999999999772e-01 8.977370000000000072e-01 -1.368000000000000075e-03 8.977380000000000360e-01 -4.405290000000000039e-01 1.270000000000000078e-03
1.400000000000000000e+01 2.500000000000000000e+01 8.000000000000000000e+00 0.000000000000000000e+00 1.600000000000000089e+00 8.319999999999999488e-04 -5.529999999999999976e-04 -1.000000000000000000e+00 4.403369999999999784e-01 8.978329999999999922e-01 -1.299999999999999886e-04 8.978319999999999634e-01 -4.403369999999999784e-01 9.899999999999999946e-04
1.700000000000000000e+01 2.500000000000000000e+01 8.000000000000000000e+00 0.000000000000000000e+00 1.600000000000000089e+00 1.090999999999999956e-03 3.987000000000000093e-03 -9.999909999999999632e-01 4.399230000000000085e-01 8.980259999999999909e-01 4.060000000000000241e-03 8.980350000000000277e-01 -4.399230000000000085e-01 -7.739999999999999485e-04
2.300000000000000000e+01 2.500000000000000000e+01 8.000000000000000000e+00 0.000000000000000000e+00 1.600000000000000089e+00 1.227999999999999925e-03 4.627000000000000036e-03 -9.999879999999999880e-01 4.393710000000000115e-01 8.982940000000000369e-01 4.695999999999999654e-03 8.983050000000000201e-01 -4.393710000000000115e-01 -9.300000000000000541e-04
2.700000000000000000e+01 2.500000000000000000e+01 8.000000000000000000e+00 0.000000000000000000e+00 1.600000000000000089e+00 1.299000000000000024e-03 -4.566999999999999879e-03 -9.999890000000000168e-01 4.399719999999999742e-01 8.980050000000000532e-01 -3.530000000000000152e-03 8.980110000000000037e-01 -4.399620000000000197e-01 3.176000000000000004e-03
1.000000000000000000e+00 2.400000000000000000e+01 9.000000000000000000e+00 0.000000000000000000e+00 1.600000000000000089e+00 -7.500000000000000156e-04 -1.283000000000000069e-03 -9.999989999999999712e-01 4.436640000000000028e-01 8.961919999999999886e-01 -1.482000000000000027e-03 8.961930000000000174e-01 -4.436640000000000028e-01 -1.029999999999999964e-04
5.000000000000000000e+00 2.400000000000000000e+01 9.000000000000000000e+00 0.000000000000000000e+00 1.600000000000000089e+00 -4.569999999999999952e-04 5.321000000000000209e-03 -9.999860000000000415e-01 4.455160000000000231e-01 8.952620000000000022e-01 4.559999999999999817e-03 8.952740000000000142e-01 -4.455080000000000151e-01 -2.778999999999999786e-03
9.000000000000000000e+00 2.400000000000000000e+01 9.000000000000000000e+00 0.000000000000000000e+00 1.600000000000000089e+00 7.389999999999999651e-04 3.600000000000000091e-05 -1.000000000000000000e+00 4.479179999999999828e-01 8.940740000000000354e-01 3.629999999999999872e-04 8.940740000000000354e-01 -4.479179999999999828e-01 6.440000000000000412e-04
1.300000000000000000e+01 2.400000000000000000e+01 9.000000000000000000e+00 0.000000000000000000e+00 1.600000000000000089e+00 6.909999999999999910e-04 -2.549000000000000050e-03 -9.999970000000000248e-01 4.478659999999999863e-01 8.940989999999999771e-01 -1.969999999999999963e-03 8.941000000000000059e-01 -4.478630000000000111e-01 1.758999999999999930e-03
1.800000000000000000e+01 2.400000000000000000e+01 9.000000000000000000e+00 0.000000000000000000e+00 1.600000000000000089e+00 8.229999999999999469e-04 5.265999999999999848e-03 -9.999860000000000415e-01 4.464170000000000083e-01 8.948110000000000230e-01 5.080000000000000314e-03 8.948249999999999815e-01 -4.464150000000000063e-01 -1.613999999999999983e-03
2.400000000000000000e+01 2.400000000000000000e+01 9.000000000000000000e+00 0.000000000000000000e+00 1.600000000000000089e+00 9.309999999999999699e-04 3.520999999999999824e-03 -9.999930000000000208e-01 4.460480000000000000e-01 8.950019999999999643e-01 3.566000000000000159e-03 8.950090000000000545e-01 -4.460480000000000000e-01 -7.370000000000000249e-04
1.100000000000000000e+01 7.000000000000000000e+00 1.000000000000000000e+01 0.000000000000000000e+00 1.600000000000000089e+00 -1.375510000000000066e-01 -7.334300000000000541e-02 -9.877759999999999874e-01 -9.509079999999999755e-01 -2.693380000000000218e-01 1.524159999999999959e-01 -2.772240000000000260e-01 9.602490000000000192e-01 -3.269400000000000084e-02
3.000000000000000000e+00 8.000000000000000000e+00 1.000000000000000000e+01 0.000000000000000000e+00 1.600000000000000089e+00 -1.135869999999999935e-01 -4.925500000000000017e-02 -9.923060000000000214e-01 -9.803169999999999940e-01 -1.567759999999999987e-01 1.199960000000000054e-01 -1.614800000000000124e-01 9.864049999999999763e-01 -3.047800000000000162e-02
1.100000000000000000e+01 3.000000000000000000e+00 1.100000000000000000e+01 0.000000000000000000e+00 1.600000000000000089e+00 1.486200000000000021e-02 -1.502030000000000032e-01 9.885439999999999783e-01 1.965909999999999880e-01 -9.689159999999999995e-01 -1.501760000000000039e-01 9.803730000000000500e-01 1.965709999999999957e-01 1.512900000000000009e-02
8.000000000000000000e+00 3.100000000000000000e+01 1.200000000000000000e+01 0.000000000000000000e+00 1.600000000000000089e+00 -5.659999999999999884e-04 4.833999999999999755e-03 9.999879999999999880e-01 -3.063899999999999957e-02 9.995190000000000463e-01 -4.849000000000000012e-03 -9.995300000000000296e-01 -3.064199999999999910e-02 -4.180000000000000230e-04
2.000000000000000000e+01 3.200000000000000000e+01 1.400000000000000000e+01 0.000000000000000000e+00 1.600000000000000089e+00 -1.327999999999999970e-03 -4.120000000000000398e-03 -9.999909999999999632e-01 1.263340000000000019e-01 9.919790000000000552e-01 -4.255000000000000102e-03 9.919869999999999521e-01 -1.263380000000000059e-01 -7.969999999999999654e-04
1.700000000000000000e+01 1.200000000000000000e+01 1.500000000000000000e+01 0.000000000000000000e+00 1.600000000000000089e+00 1.136999999999999990e-02 1.704900000000000165e-02 -9.997899999999999565e-01 -4.021640000000000215e-01 -9.153449999999999642e-01 -2.018299999999999955e-02 -9.154970000000000052e-01 4.023090000000000277e-01 -3.550999999999999903e-03
2.400000000000000000e+01 1.200000000000000000e+01 1.500000000000000000e+01 0.000000000000000000e+00 1.600000000000000089e+00 1.804000000000000048e-03 -4.317999999999999790e-03 -9.999890000000000168e-01 -4.335990000000000122e-01 -9.011000000000000121e-01 3.108999999999999785e-03 -9.011040000000000161e-01 4.335890000000000022e-01 -3.497999999999999807e-03
2.800000000000000000e+01 1.200000000000000000e+01 1.500000000000000000e+01 0.000000000000000000e+00 1.600000000000000089e+00 2.360999999999999818e-03 -4.407999999999999592e-03 -9.999869999999999592e-01 -4.429609999999999936e-01 -8.965359999999999996e-01 2.906000000000000163e-03 -8.965379999999999461e-01 4.429480000000000084e-01 -4.068999999999999700e-03
3.000000000000000000e+00 1.160000000000000000e+02 1.600000000000000000e+01 0.000000000000000000e+00 1.600000000000000089e+00 -3.011999999999999920e-03 -3.860999999999999849e-03 9.999879999999999880e-01 7.395920000000000272e-01 6.730380000000000251e-01 4.826000000000000428e-03 -6.730490000000000084e-01 7.395979999999999777e-01 8.289999999999999843e-04
1.500000000000000000e+01 1.160000000000000000e+02 1.600000000000000000e+01 0.000000000000000000e+00 1.600000000000000089e+00 9.349999999999999587e-04 1.546000000000000065e-03 9.999980000000000535e-01 7.022230000000000416e-01 7.119550000000000045e-01 -1.757000000000000098e-03 -7.119569999999999510e-01 7.022230000000000416e-01 -4.200000000000000174e-04
3.000000000000000000e+00 2.000000000000000000e+00 1.900000000000000000e+01 0.000000000000000000e+00 1.600000000000000089e+00 1.120600000000000068e-02 -6.509099999999999608e-02 -9.978160000000000363e-01 3.636659999999999893e-01 -9.292789999999999662e-01 6.470399999999999763e-02 -9.314620000000000122e-01 -3.635970000000000035e-01 1.325800000000000069e-02
7.000000000000000000e+00 2.000000000000000000e+00 1.900000000000000000e+01 0.000000000000000000e+00 1.600000000000000089e+00 1.405999999999999958e-02 -5.624500000000000333e-02 -9.983180000000000387e-01 3.666960000000000219e-01 -9.285630000000000273e-01 5.747900000000000231e-02 -9.302340000000000053e-01 -3.668879999999999919e-01 7.569000000000000207e-03
1.300000000000000000e+01 2.000000000000000000e+00 1.900000000000000000e+01 0.000000000000000000e+00 1.600000000000000089e+00 6.163000000000000075e-03 -4.436199999999999866e-02 -9.989959999999999951e-01 3.544019999999999948e-01 -9.340730000000000421e-01 4.366600000000000342e-02 -9.350730000000000430e-01 -3.543160000000000198e-01 9.964999999999999900e-03
1.600000000000000000e+01 2.000000000000000000e+00 1.900000000000000000e+01 0.000000000000000000e+00 1.600000000000000089e+00 -1.618999999999999996e-03 -6.670800000000000340e-02 -9.977709999999999635e-01 3.410579999999999723e-01 -9.379849999999999577e-01 6.215699999999999698e-02 -9.400410000000000155e-01 -3.401970000000000272e-01 2.426899999999999891e-02
2.100000000000000000e+01 2.000000000000000000e+00 1.900000000000000000e+01 0.000000000000000000e+00 1.600000000000000089e+00 -2.806200000000000014e-02 -6.825199999999999323e-02 -9.972729999999999650e-01 3.122329999999999828e-01 -9.483470000000000510e-01 5.611800000000000122e-02 -9.495909999999999629e-01 -3.098069999999999991e-01 4.792300000000000032e-02
2.400000000000000000e+01 2.000000000000000000e+00 1.900000000000000000e+01 0.000000000000000000e+00 1.600000000000000089e+00 -3.786799999999999888e-02 -6.831299999999999872e-02 -9.969449999999999701e-01 2.884900000000000242e-01 -9.559279999999999999e-01 5.454500000000000320e-02 -9.567339999999999733e-01 -2.855440000000000200e-01 5.590699999999999836e-02
3.000000000000000000e+01 2.000000000000000000e+00 1.900000000000000000e+01 0.000000000000000000e+00 1.600000000000000089e+00 -3.416600000000000192e-02 -5.778400000000000203e-02 -9.977439999999999642e-01 2.397060000000000024e-01 -9.696609999999999951e-01 4.794899999999999857e-02 -9.702439999999999953e-01 -2.375269999999999881e-01 4.698100000000000193e-02
1.000000000000000000e+01 3.000000000000000000e+00 1.900000000000000000e+01 0.000000000000000000e+00 1.600000000000000089e+00 1.234000000000000027e-02 -3.087300000000000114e-02 -9.994469999999999743e-01 3.336359999999999881e-01 -9.421169999999999822e-01 3.322200000000000153e-02 -9.426210000000000422e-01 -3.338610000000000189e-01 -1.325000000000000006e-03
1.500000000000000000e+01 3.000000000000000000e+00 1.900000000000000000e+01 0.000000000000000000e+00 1.600000000000000089e+00 -9.719999999999999907e-04 -4.942900000000000071e-02 -9.987770000000000259e-01 3.208799999999999986e-01 -9.459779999999999855e-01 4.650399999999999673e-02 -9.471190000000000442e-01 -3.204420000000000046e-01 1.677999999999999978e-02
2.000000000000000000e+01 3.000000000000000000e+00 1.900000000000000000e+01 0.000000000000000000e+00 1.600000000000000089e+00 -2.762699999999999878e-02 -6.737200000000000133e-02 -9.973450000000000371e-01 3.022699999999999831e-01 -9.515820000000000389e-01 5.590699999999999836e-02 -9.528219999999999468e-01 -2.999229999999999952e-01 4.665400000000000102e-02
1.600000000000000000e+01 4.000000000000000000e+00 2.000000000000000000e+01 0.000000000000000000e+00 1.600000000000000089e+00 -1.928999999999999942e-03 -2.916600000000000095e-02 -9.995730000000000448e-01 3.367829999999999990e-01 -9.412000000000000366e-01 2.681300000000000003e-02 -9.415799999999999725e-01 -3.365870000000000251e-01 1.163900000000000004e-02
4.000000000000000000e+00 1.300000000000000000e+01 2.000000000000000000e+01 0.000000000000000000e+00 1.600000000000000089e+00 -1.069999999999999988e-04 2.988999999999999903e-03 9.999959999999999960e-01 2.600870000000000126e-01 9.655810000000000226e-01 -2.857999999999999863e-03 -9.655850000000000266e-01 2.600859999999999839e-01 -8.809999999999999472e-04
9.000000000000000000e+00 1.300000000000000000e+01 2.000000000000000000e+01 0.000000000000000000e+00 1.600000000000000089e+00 -6.840000000000000377e-04 -2.650000000000000012e-03 9.999959999999999960e-01 2.595930000000000182e-01 9.657139999999999613e-01 2.736000000000000151e-03 -9.657179999999999653e-01 2.595939999999999914e-01 2.799999999999999958e-05
1.300000000000000000e+01 1.300000000000000000e+01 2.000000000000000000e+01 0.000000000000000000e+00 1.600000000000000089e+00 -1.809000000000000061e-03 -7.931000000000000549e-03 9.999670000000000503e-01 2.622929999999999984e-01 9.649539999999999784e-01 8.127999999999999808e-03 -9.649870000000000392e-01 2.622990000000000044e-01 3.350000000000000113e-04
1.800000000000000000e+01 1.300000000000000000e+01 2.000000000000000000e+01 0.000000000000000000e+00 1.600000000000000089e+00 -1.219999999999999974e-04 -3.222000000000000038e-03 9.999949999999999672e-01 2.647700000000000053e-01 9.643070000000000253e-01 3.139999999999999996e-03 -9.643119999999999470e-01 2.647689999999999766e-01 7.349999999999999763e-04
2.300000000000000000e+01 1.300000000000000000e+01 2.000000000000000000e+01 0.000000000000000000e+00 1.600000000000000089e+00 7.140000000000000079e-04 2.886000000000000110e-03 9.999959999999999960e-01 2.642059999999999964e-01 9.644620000000000415e-01 -2.971999999999999816e-03 -9.644660000000000455e-01 2.642070000000000252e-01 -7.399999999999999623e-05
2.600000000000000000e+01 1.300000000000000000e+01 2.000000000000000000e+01 0.000000000000000000e+00 1.600000000000000089e+00 4.110000000000000155e-04 5.349999999999999938e-04 1.000000000000000000e+00 2.627269999999999883e-01 9.648700000000000054e-01 -6.239999999999999887e-04 -9.648700000000000054e-01 2.627269999999999883e-01 2.559999999999999884e-04
6.000000000000000000e+00 3.000000000000000000e+00 2.500000000000000000e+01 0.000000000000000000e+00 1.600000000000000089e+00 1.438000000000000042e-02 -3.898599999999999982e-02 9.991360000000000241e-01 -3.480000000000000020e-03 -9.992360000000000131e-01 -3.894000000000000239e-02 9.998909999999999743e-01 -2.916999999999999888e-03 -1.450500000000000053e-02
1.200000000000000000e+01 3.000000000000000000e+00 2.500000000000000000e+01 0.000000000000000000e+00 1.600000000000000089e+00 -3.886000000000000131e-03 5.189000000000000036e-03 9.999789999999999512e-01 -3.858899999999999830e-02 -9.992419999999999636e-01 5.035000000000000413e-03 9.992480000000000251e-01 -3.856899999999999912e-02 4.082999999999999824e-03
2.700000000000000000e+01 3.000000000000000000e+00 2.500000000000000000e+01 0.000000000000000000e+00 1.600000000000000089e+00 5.500000000000000196e-05 1.400999999999999902e-03 9.999989999999999712e-01 -4.004599999999999826e-02 -9.991970000000000018e-01 1.402000000000000034e-03 9.991980000000000306e-01 -4.004599999999999826e-02 1.999999999999999909e-06
1.000000000000000000e+00 4.600000000000000000e+01 2.700000000000000000e+01 0.000000000000000000e+00 1.600000000000000089e+00 1.072000000000000036e-03 1.988000000000000184e-03 -9.999970000000000248e-01 6.762190000000000145e-01 7.366970000000000462e-01 2.188999999999999974e-03 7.367000000000000215e-01 -6.762200000000000433e-01 -5.540000000000000219e-04
1.300000000000000000e+01 4.600000000000000000e+01 2.700000000000000000e+01 0.000000000000000000e+00 1.600000000000000089e+00 -4.350000000000000026e-04 -2.854999999999999899e-03 -9.999959999999999960e-01 6.807189999999999630e-01 7.325409999999999977e-01 -2.387999999999999932e-03 7.325450000000000017e-01 -6.807170000000000165e-01 1.624000000000000010e-03
2.200000000000000000e+01 4.600000000000000000e+01 2.700000000000000000e+01 0.000000000000000000e+00 1.600000000000000089e+00 -4.910000000000000085e-04 2.206000000000000062e-03 -9.999970000000000248e-01 6.779669999999999863e-01 7.350919999999999677e-01 1.288999999999999998e-03 7.350929999999999964e-01 -6.779640000000000111e-01 -1.856999999999999927e-03
2.400000000000000000e+01 4.600000000000000000e+01 3.000000000000000000e+01 0.000000000000000000e+00 1.600000000000000089e+00 -2.809999999999999998e-04 2.184999999999999876e-03 -9.999980000000000535e-01 3.311790000000000012e-01 9.435660000000000158e-01 1.968999999999999830e-03 9.435679999999999623e-01 -3.311779999999999724e-01 -9.890000000000000787e-04
2.000000000000000000e+00 5.800000000000000000e+01 3.100000000000000000e+01 0.000000000000000000e+00 1.600000000000000089e+00 -3.341999999999999919e-03 -1.150999999999999896e-03 9.999940000000000495e-01 -8.075649999999999773e-01 -5.897689999999999877e-01 -3.376999999999999794e-03 5.897689999999999877e-01 -8.075710000000000388e-01 1.041999999999999958e-03
7.000000000000000000e+00 5.800000000000000000e+01 3.100000000000000000e+01 0.000000000000000000e+00 1.600000000000000089e+00 -5.117000000000000021e-03 -3.935000000000000130e-03 9.999789999999999512e-01 -8.116860000000000186e-01 -5.840589999999999948e-01 -6.451000000000000137e-03 5.840720000000000356e-01 -8.117020000000000346e-01 -2.049999999999999956e-04
1.100000000000000000e+01 5.800000000000000000e+01 3.100000000000000000e+01 0.000000000000000000e+00 1.600000000000000089e+00 2.259999999999999910e-04 1.337999999999999997e-03 9.999989999999999712e-01 -8.120979999999999865e-01 -5.835200000000000387e-01 9.640000000000000131e-04 5.835200000000000387e-01 -8.120979999999999865e-01 9.550000000000000112e-04
1.500000000000000000e+01 5.800000000000000000e+01 3.100000000000000000e+01 0.000000000000000000e+00 1.600000000000000089e+00 3.387999999999999953e-03 3.968000000000000173e-03 9.999860000000000415e-01 -8.097499999999999698e-01 -5.867529999999999690e-01 5.072000000000000119e-03 5.867649999999999810e-01 -8.097560000000000313e-01 1.224999999999999960e-03
2.200000000000000000e+01 5.800000000000000000e+01 3.100000000000000000e+01 0.000000000000000000e+00 1.600000000000000089e+00 -2.026000000000000023e-03 -4.789999999999999987e-03 9.999860000000000415e-01 -8.146050000000000235e-01 -5.799990000000000423e-01 -4.428999999999999777e-03 5.800130000000000008e-01 -8.146029999999999660e-01 -2.726999999999999823e-03
2.700000000000000000e+01 5.800000000000000000e+01 3.100000000000000000e+01 0.000000000000000000e+00 1.600000000000000089e+00 2.752000000000000106e-03 1.815999999999999906e-03 9.999949999999999672e-01 -8.133839999999999959e-01 -5.817170000000000396e-01 3.295000000000000186e-03 5.817200000000000149e-01 -8.133890000000000287e-01 -1.240000000000000054e-04
3.000000000000000000e+00 4.600000000000000000e+01 3.500000000000000000e+01 0.000000000000000000e+00 1.600000000000000089e+00 1.890000000000000133e-04 -3.641000000000000139e-03 -9.999930000000000208e-01 3.905549999999999855e-01 -9.205729999999999746e-01 3.425999999999999792e-03 -9.205799999999999539e-01 -3.905529999999999835e-01 1.247999999999999977e-03
1.000000000000000000e+01 4.600000000000000000e+01 3.500000000000000000e+01 0.000000000000000000e+00 1.600000000000000089e+00 3.699999999999999947e-04 -3.789999999999999966e-04 -1.000000000000000000e+00 3.921029999999999793e-01 -9.199209999999999887e-01 4.939999999999999730e-04 -9.199209999999999887e-01 -3.921040000000000081e-01 -1.920000000000000049e-04
1.200000000000000000e+01 4.600000000000000000e+01 3.500000000000000000e+01 0.000000000000000000e+00 1.600000000000000089e+00 2.689999999999999791e-04 1.090999999999999956e-03 -9.999989999999999712e-01 3.914380000000000082e-01 -9.202040000000000219e-01 -8.980000000000000352e-04 -9.202050000000000507e-01 -3.914369999999999794e-01 -6.750000000000000357e-04
2.000000000000000000e+01 4.600000000000000000e+01 3.500000000000000000e+01 0.000000000000000000e+00 1.600000000000000089e+00 -6.700000000000000226e-04 -9.799999999999999684e-05 -1.000000000000000000e+00 3.912109999999999754e-01 -9.203010000000000357e-01 -1.720000000000000066e-04 -9.203010000000000357e-01 -3.912109999999999754e-01 6.549999999999999833e-04
2.400000000000000000e+01 4.600000000000000000e+01 3.500000000000000000e+01 0.000000000000000000e+00 1.600000000000000089e+00 6.719999999999999628e-04 5.009000000000000431e-03 -9.999869999999999592e-01 3.906890000000000085e-01 -9.205130000000000257e-01 -4.348000000000000302e-03 -9.205229999999999801e-01 -3.906810000000000005e-01 -2.575000000000000032e-03
3.000000000000000000e+01 4.600000000000000000e+01 3.500000000000000000e+01 0.000000000000000000e+00 1.600000000000000089e+00 -1.797999999999999902e-03 -4.139999999999999583e-03 -9.999900000000000455e-01 3.916439999999999921e-01 -9.201120000000000410e-01 3.105000000000000121e-03 -9.201150000000000162e-01 -3.916339999999999821e-01 3.275999999999999832e-03
1.700000000000000000e+01 9.500000000000000000e+01 3.600000000000000000e+01 0.000000000000000000e+00 1.600000000000000089e+00 2.910000000000000260e-04 6.164000000000000208e-03 9.999810000000000088e-01 9.967369999999999841e-01 8.071599999999999608e-02 -7.870000000000000476e-04 -8.071899999999999908e-02 9.967179999999999929e-01 -6.120999999999999705e-03
2.000000000000000000e+01 9.500000000000000000e+01 3.600000000000000000e+01 0.000000000000000000e+00 1.600000000000000089e+00 -2.699999999999999899e-05 -8.522000000000000061e-03 9.999639999999999640e-01 9.967249999999999721e-01 8.086799999999999544e-02 7.159999999999999481e-04 -8.087099999999999844e-02 9.966880000000000184e-01 8.491999999999999549e-03
2.800000000000000000e+01 9.500000000000000000e+01 3.600000000000000000e+01 0.000000000000000000e+00 1.600000000000000089e+00 -1.526999999999999929e-03 -1.557399999999999930e-02 9.998780000000000445e-01 9.965709999999999846e-01 8.268799999999999761e-02 2.809999999999999998e-03 -8.272200000000000386e-02 9.964539999999999509e-01 1.539399999999999970e-02
4.000000000000000000e+00 2.900000000000000000e+01 4.400000000000000000e+01 0.000000000000000000e+00 1.600000000000000089e+00 3.635000000000000210e-03 1.606000000000000006e-03 -9.999919999999999920e-01 6.635400000000000187e-01 7.481320000000000192e-01 3.612999999999999892e-03 7.481320000000000192e-01 -6.635480000000000267e-01 1.654000000000000088e-03
1.300000000000000000e+01 2.900000000000000000e+01 4.400000000000000000e+01 0.000000000000000000e+00 1.600000000000000089e+00 -1.209999999999999921e-03 4.139000000000000318e-03 -9.999909999999999632e-01 6.644670000000000298e-01 7.473140000000000338e-01 2.288999999999999802e-03 7.473170000000000091e-01 -6.644579999999999931e-01 -3.654999999999999829e-03
1.900000000000000000e+01 5.400000000000000000e+01 4.600000000000000000e+01 0.000000000000000000e+00 1.600000000000000089e+00 4.429999999999999802e-04 3.174000000000000172e-03 9.999949999999999672e-01 2.896639999999999771e-01 -9.571239999999999748e-01 2.909000000000000127e-03 9.571279999999999788e-01 2.896610000000000018e-01 -1.343999999999999926e-03
5.000000000000000000e+00 5.000000000000000000e+00 5.100000000000000000e+01 0.000000000000000000e+00 1.600000000000000089e+00 1.072000000000000036e-03 -1.542999999999999927e-02 -9.998799999999999910e-01 4.829370000000000052e-01 -8.755429999999999602e-01 1.402899999999999980e-02 -8.756540000000000434e-01 -4.828939999999999899e-01 6.512999999999999692e-03
1.600000000000000000e+01 5.000000000000000000e+00 5.100000000000000000e+01 0.000000000000000000e+00 1.600000000000000089e+00 -2.093999999999999941e-03 2.857000000000000164e-03 -9.999940000000000495e-01 4.823500000000000010e-01 -8.759719999999999729e-01 -3.513000000000000064e-03 -8.759759999999999769e-01 -4.823540000000000050e-01 4.560000000000000251e-04
2.200000000000000000e+01 5.000000000000000000e+00 5.100000000000000000e+01 0.000000000000000000e+00 1.600000000000000089e+00 1.239000000000000084e-03 1.962000000000000202e-03 -9.999970000000000248e-01 4.905180000000000096e-01 -8.714300000000000379e-01 -1.101999999999999898e-03 -8.714300000000000379e-01 -4.905149999999999788e-01 -2.041999999999999978e-03
5.000000000000000000e+00 1.150000000000000000e+02 5.100000000000000000e+01 0.000000000000000000e+00 1.600000000000000089e+00 -2.461000000000000080e-03 3.462999999999999932e-03 9.999909999999999632e-01 8.458860000000000268e-01 -5.333489999999999620e-01 3.929000000000000201e-03 5.333579999999999988e-01 8.458879999999999733e-01 -1.616000000000000032e-03
3.000000000000000000e+00 6.300000000000000000e+01 5.400000000000000000e+01 0.000000000000000000e+00 1.600000000000000089e+00 -1.654000000000000088e-03 -9.700000000000000505e-04 9.999980000000000535e-01 -3.547600000000000198e-01 9.349579999999999558e-01 3.200000000000000262e-04 -9.349560000000000093e-01 -3.547580000000000178e-01 -1.891000000000000103e-03
8.000000000000000000e+00 6.300000000000000000e+01 5.400000000000000000e+01 0.000000000000000000e+00 1.600000000000000089e+00 -1.435999999999999993e-03 -1.495999999999999934e-03 9.999980000000000535e-01 -3.496619999999999728e-01 9.368760000000000421e-01 8.989999999999999511e-04 -9.368750000000000133e-01 -3.496600000000000263e-01 -1.869000000000000002e-03
2.000000000000000000e+01 6.300000000000000000e+01 5.400000000000000000e+01 0.000000000000000000e+00 1.600000000000000089e+00 -1.283999999999999985e-03 -3.157000000000000084e-03 9.999940000000000495e-01 -3.534649999999999737e-01 9.354440000000000532e-01 2.498999999999999919e-03 -9.354470000000000285e-01 -3.534599999999999964e-01 -2.317000000000000049e-03
2.400000000000000000e+01 6.300000000000000000e+01 5.400000000000000000e+01 0.000000000000000000e+00 1.600000000000000089e+00 -2.169999999999999891e-04 -6.390000000000000280e-04 1.000000000000000000e+00 -3.477199999999999736e-01 9.375980000000000425e-01 5.240000000000000517e-04 -9.375980000000000425e-01 -3.477199999999999736e-01 -4.249999999999999763e-04
1.000000000000000000e+01 2.500000000000000000e+01 5.500000000000000000e+01 0.000000000000000000e+00 1.600000000000000089e+00 -3.449999999999999833e-04 -3.147000000000000058e-03 -9.999949999999999672e-01 -1.488399999999999966e-02 -9.998839999999999950e-01 3.151000000000000155e-03 -9.998890000000000278e-01 1.488500000000000066e-02 2.990000000000000036e-04
1.300000000000000000e+01 2.500000000000000000e+01 5.500000000000000000e+01 0.000000000000000000e+00 1.600000000000000089e+00 3.950000000000000061e-04 3.171999999999999906e-03 -9.999949999999999672e-01 -1.502099999999999963e-02 -9.998820000000000485e-01 -3.177000000000000136e-03 -9.998869999999999703e-01 1.502299999999999990e-02 -3.469999999999999777e-04
1.800000000000000000e+01 2.500000000000000000e+01 5.500000000000000000e+01 0.000000000000000000e+00 1.600000000000000089e+00 -1.128000000000000096e-03 3.792999999999999931e-03 -9.999919999999999920e-01 -1.378099999999999985e-02 -9.998979999999999535e-01 -3.776999999999999975e-03 -9.999040000000000150e-01 1.377600000000000005e-02 1.180000000000000059e-03
2.600000000000000000e+01 2.500000000000000000e+01 5.500000000000000000e+01 0.000000000000000000e+00 1.600000000000000089e+00 4.620000000000000083e-04 -2.516000000000000007e-03 -9.999970000000000248e-01 -1.391300000000000002e-02 -9.999000000000000110e-01 2.508999999999999946e-03 -9.999029999999999863e-01 1.391200000000000075e-02 -4.970000000000000459e-04
7.000000000000000000e+00 5.800000000000000000e+01 5.900000000000000000e+01 0.000000000000000000e+00 1.600000000000000089e+00 -3.159999999999999832e-04 -4.131000000000000123e-03 -9.999909999999999632e-01 3.944690000000000141e-01 9.189009999999999678e-01 -3.921000000000000006e-03 9.189089999999999758e-01 -3.944670000000000121e-01 1.338999999999999913e-03
1.100000000000000000e+01 2.100000000000000000e+01 6.000000000000000000e+01 0.000000000000000000e+00 1.600000000000000089e+00 4.108999999999999805e-03 -7.999999999999999638e-06 9.999919999999999920e-01 -9.709800000000000375e-02 9.952750000000000208e-01 4.070000000000000267e-04 -9.952659999999999840e-01 -9.709900000000000475e-02 4.088999999999999753e-03
1.500000000000000000e+01 2.100000000000000000e+01 6.000000000000000000e+01 0.000000000000000000e+00 1.600000000000000089e+00 4.278999999999999818e-03 -1.746699999999999989e-02 9.998380000000000045e-01 -1.013109999999999983e-01 9.946949999999999958e-01 1.781100000000000044e-02 -9.948460000000000081e-01 -1.013710000000000028e-01 2.487000000000000061e-03
2.100000000000000000e+01 2.100000000000000000e+01 6.000000000000000000e+01 0.000000000000000000e+00 1.600000000000000089e+00 -2.211999999999999991e-03 2.075000000000000022e-03 9.999949999999999672e-01 -9.581900000000000139e-02 9.953959999999999475e-01 -2.276999999999999944e-03 -9.953959999999999475e-01 -9.582400000000000639e-02 -2.003000000000000006e-03
2.800000000000000000e+01 6.000000000000000000e+00 6.100000000000000000e+01 0.000000000000000000e+00 1.600000000000000089e+00 -7.150000000000000322e-04 -1.010000000000000047e-03 9.999989999999999712e-01 5.662319999999999576e-01 -8.242460000000000342e-01 -4.270000000000000249e-04 8.242460000000000342e-01 5.662310000000000398e-01 1.160999999999999923e-03
1.000000000000000000e+00 2.700000000000000000e+01 6.300000000000000000e+01 0.000000000000000000e+00 1.600000000000000089e+00 -1.075999999999999917e-03 4.702999999999999715e-03 9.999879999999999880e-01 -2.656729999999999925e-01 9.640509999999999913e-01 -4.819999999999999632e-03 -9.640619999999999745e-01 -2.656760000000000232e-01 2.120000000000000031e-04
1.100000000000000000e+01 2.700000000000000000e+01 6.300000000000000000e+01 0.000000000000000000e+00 1.600000000000000089e+00 4.070000000000000267e-04 -6.446999999999999606e-03 9.999789999999999512e-01 -2.731910000000000172e-01 9.619389999999999885e-01 6.313000000000000035e-03 -9.619600000000000373e-01 -2.731870000000000132e-01 -1.369999999999999907e-03
1.900000000000000000e+01 2.700000000000000000e+01 6.300000000000000000e+01 0.000000000000000000e+00 1.600000000000000089e+00 4.444000000000000034e-03 8.054999999999999660e-03 9.999580000000000135e-01 -2.732310000000000016e-01 9.619259999999999478e-01 -6.535000000000000010e-03 -9.619379999999999598e-01 -2.731910000000000172e-01 6.474999999999999853e-03
2.800000000000000000e+01 2.700000000000000000e+01 6.300000000000000000e+01 0.000000000000000000e+00 1.600000000000000089e+00 -3.376000000000000095e-03 -9.674999999999999573e-03 9.999470000000000303e-01 -2.730400000000000049e-01 9.619659999999999878e-01 8.385000000000000092e-03 -9.619969999999999910e-01 -2.729969999999999897e-01 -5.889000000000000137e-03
1.200000000000000000e+01 2.600000000000000000e+01 6.400000000000000000e+01 0.000000000000000000e+00 1.600000000000000089e+00 1.958000000000000105e-03 -3.455000000000000172e-03 9.999919999999999920e-01 -3.552270000000000150e-01 9.347720000000000473e-01 3.924999999999999670e-03 -9.347779999999999978e-01 -3.552319999999999922e-01 6.030000000000000204e-04
1.500000000000000000e+01 2.600000000000000000e+01 6.400000000000000000e+01 0.000000000000000000e+00 1.600000000000000089e+00 4.245999999999999774e-03 3.923000000000000272e-03 9.999829999999999552e-01 -3.566449999999999898e-01 9.342380000000000129e-01 -2.151000000000000134e-03 -9.342300000000000049e-01 -3.566300000000000026e-01 5.366000000000000110e-03
2.100000000000000000e+01 2.600000000000000000e+01 6.400000000000000000e+01 0.000000000000000000e+00 1.600000000000000089e+00 3.739000000000000136e-03 5.761999999999999761e-03 9.999759999999999760e-01 -3.541159999999999863e-01 9.351930000000000520e-01 -4.065000000000000037e-03 -9.351939999999999698e-01 -3.540929999999999911e-01 5.538000000000000388e-03
2.900000000000000000e+01 2.600000000000000000e+01 6.400000000000000000e+01 0.000000000000000000e+00 1.600000000000000089e+00 -4.284999999999999747e-03 -1.113300000000000053e-02 9.999289999999999567e-01 -3.538799999999999724e-01 9.352479999999999682e-01 8.895999999999999394e-03 -9.352810000000000290e-01 -3.538169999999999926e-01 -7.946999999999999204e-03
1.700000000000000000e+01 6.900000000000000000e+01 6.600000000000000000e+01 0.000000000000000000e+00 1.600000000000000089e+00 1.154000000000000078e-03 -2.089000000000000145e-03 9.999970000000000248e-01 -9.487409999999999455e-01 3.160499999999999976e-01 1.755000000000000050e-03 -3.160529999999999728e-01 -9.487400000000000277e-01 -1.618000000000000081e-03
6.000000000000000000e+00 2.500000000000000000e+01 7.300000000000000000e+01 0.000000000000000000e+00 1.600000000000000089e+00 1.226000000000000093e-03 1.428999999999999932e-03 9.999980000000000535e-01 7.550980000000000469e-01 -6.556119999999999726e-01 1.099999999999999971e-05 6.556110000000000548e-01 7.550970000000000182e-01 -1.881999999999999992e-03
2.100000000000000000e+01 2.500000000000000000e+01 7.300000000000000000e+01 0.000000000000000000e+00 1.600000000000000089e+00 1.010000000000000020e-04 -1.675999999999999972e-03 9.999989999999999712e-01 7.481959999999999722e-01 -6.634769999999999834e-01 -1.186999999999999904e-03 6.634780000000000122e-01 7.481950000000000545e-01 1.186999999999999904e-03
2.600000000000000000e+01 2.500000000000000000e+01 7.300000000000000000e+01 0.000000000000000000e+00 1.600000000000000089e+00 1.079000000000000098e-03 7.653000000000000080e-03 9.999700000000000255e-01 7.535969999999999613e-01 -6.573240000000000194e-01 4.218000000000000395e-03 6.573360000000000314e-01 7.535690000000000444e-01 -6.477000000000000118e-03
4.000000000000000000e+00 4.400000000000000000e+01 7.300000000000000000e+01 0.000000000000000000e+00 1.600000000000000089e+00 -1.347000000000000107e-03 -5.083999999999999977e-03 9.999860000000000415e-01 5.688700000000000007e-02 -9.983680000000000332e-01 -4.998999999999999971e-03 9.983800000000000452e-01 5.687899999999999900e-02 1.634000000000000036e-03
1.100000000000000000e+01 4.400000000000000000e+01 7.300000000000000000e+01 0.000000000000000000e+00 1.600000000000000089e+00 -4.081000000000000426e-03 -1.625700000000000062e-02 9.998590000000000533e-01 5.334300000000000153e-02 -9.984480000000000022e-01 -1.601599999999999899e-02 9.985680000000000112e-01 5.326999999999999791e-02 4.941000000000000079e-03
2.500000000000000000e+01 4.400000000000000000e+01 7.300000000000000000e+01 0.000000000000000000e+00 1.600000000000000089e+00 1.055500000000000015e-02 1.442599999999999959e-02 9.998399999999999510e-01 5.236199999999999882e-02 -9.985319999999999752e-01 1.385400000000000000e-02 9.985720000000000152e-01 5.220799999999999746e-02 -1.129499999999999948e-02
2.800000000000000000e+01 4.400000000000000000e+01 7.300000000000000000e+01 0.000000000000000000e+00 1.600000000000000089e+00 3.108000000000000086e-03 3.701999999999999996e-03 9.999879999999999880e-01 5.573199999999999682e-02 -9.984399999999999942e-01 3.523000000000000090e-03 9.984410000000000229e-01 5.572099999999999970e-02 -3.310000000000000008e-03
7.000000000000000000e+00 5.100000000000000000e+01 7.600000000000000000e+01 0.000000000000000000e+00 1.600000000000000089e+00 -1.008999999999999914e-03 -5.460999999999999709e-03 -9.999850000000000128e-01 -3.924639999999999795e-01 -9.197509999999999852e-01 5.418000000000000073e-03 -9.197670000000000012e-01 3.924639999999999795e-01 -1.214999999999999934e-03
4.000000000000000000e+00 9.100000000000000000e+01 7.600000000000000000e+01 0.000000000000000000e+00 1.600000000000000089e+00 -1.665999999999999946e-03 -1.905999999999999925e-03 9.999970000000000248e-01 3.757639999999999869e-01 -9.267149999999999554e-01 -1.141000000000000087e-03 9.267140000000000377e-01 3.757610000000000117e-01 2.259999999999999856e-03
1.200000000000000000e+01 9.100000000000000000e+01 7.600000000000000000e+01 0.000000000000000000e+00 1.600000000000000089e+00 -1.450000000000000009e-04 1.046000000000000055e-03 9.999989999999999712e-01 3.900669999999999971e-01 -9.207859999999999934e-01 1.018999999999999941e-03 9.207859999999999934e-01 3.900669999999999971e-01 -2.739999999999999923e-04
1.500000000000000000e+01 9.100000000000000000e+01 7.600000000000000000e+01 0.000000000000000000e+00 1.600000000000000089e+00 -3.840000000000000097e-04 -1.724999999999999971e-03 9.999980000000000535e-01 3.844980000000000064e-01 -9.231249999999999734e-01 -1.443999999999999971e-03 9.231260000000000021e-01 3.844969999999999777e-01 1.018000000000000025e-03
2.100000000000000000e+01 9.100000000000000000e+01 7.600000000000000000e+01 0.000000000000000000e+00 1.600000000000000089e+00 2.162999999999999992e-03 8.799999999999999771e-05 9.999980000000000535e-01 3.596030000000000060e-01 -9.331049999999999622e-01 -6.949999999999999798e-04 9.331030000000000157e-01 3.596030000000000060e-01 -2.050000000000000173e-03
2.400000000000000000e+01 9.100000000000000000e+01 7.600000000000000000e+01 0.000000000000000000e+00 1.600000000000000089e+00 3.125999999999999873e-03 8.220000000000000310e-04 9.999949999999999672e-01 3.528029999999999777e-01 -9.356970000000000010e-01 -3.339999999999999870e-04 9.356919999999999682e-01 3.528020000000000045e-01 -3.214999999999999976e-03
2.800000000000000000e+01 9.100000000000000000e+01 7.600000000000000000e+01 0.000000000000000000e+00 1.600000000000000089e+00 1.639000000000000049e-03 1.632999999999999903e-03 9.999970000000000248e-01 3.513430000000000164e-01 -9.362460000000000226e-01 9.529999999999999626e-04 9.362449999999999939e-01 3.513399999999999856e-01 -2.109000000000000197e-03
5.000000000000000000e+00 6.300000000000000000e+01 8.100000000000000000e+01 0.000000000000000000e+00 1.600000000000000089e+00 -5.356999999999999783e-03 -1.670000000000000043e-03 9.999839999999999840e-01 1.543500000000000080e-02 -9.998799999999999910e-01 -1.587000000000000086e-03 9.998669999999999503e-01 1.542600000000000048e-02 5.381999999999999632e-03
1.500000000000000000e+01 4.400000000000000000e+01 8.300000000000000000e+01 0.000000000000000000e+00 1.600000000000000089e+00 -2.000000000000000164e-05 4.955699999999999689e-02 9.987709999999999644e-01 5.166690000000000449e-01 -8.551330000000000320e-01 4.243999999999999856e-02 8.561849999999999739e-01 5.160350000000000215e-01 -2.558799999999999963e-02
