6.000000000000000000e+00 2.500000000000000000e+01 1.000000000000000000e+00 0.000000000000000000e+00 1.600000000000000089e+00 5.800000000000000034e-05 -1.453999999999999997e-03 -9.999989999999999712e-01 -5.298209999999999864e-01 -8.481079999999999730e-01 1.201999999999999943e-03 -8.481090000000000018e-01 5.298209999999999864e-01 -8.189999999999999581e-04
1.300000000000000000e+01 2.500000000000000000e+01 1.000000000000000000e+00 0.000000000000000000e+00 1.600000000000000089e+00 -3.399999999999999973e-05 -1.201999999999999943e-03 -9.999989999999999712e-01 -5.304079999999999906e-01 -8.477419999999999956e-01 1.036999999999999944e-03 -8.477430000000000243e-01 5.304079999999999906e-01 -6.089999999999999494e-04
1.000000000000000000e+01 3.000000000000000000e+00 4.000000000000000000e+00 0.000000000000000000e+00 1.600000000000000089e+00 -1.215640000000000054e-01 -3.328600000000000309e-02 -9.920250000000000457e-01 -8.339860000000000051e-01 -5.385199999999999987e-01 1.202659999999999979e-01 -5.382280000000000397e-01 8.419550000000000090e-01 3.770400000000000140e-02
4.000000000000000000e+00 1.500000000000000000e+01 4.000000000000000000e+00 0.000000000000000000e+00 1.600000000000000089e+00 3.930000000000000117e-04 -9.563000000000000320e-03 9.999540000000000095e-01 3.173619999999999775e-01 -9.482599999999999918e-01 -9.194000000000000783e-03 9.483040000000000358e-01 3.173509999999999942e-01 2.661999999999999870e-03
1.600000000000000000e+01 1.500000000000000000e+01 4.000000000000000000e+00 0.000000000000000000e+00 1.600000000000000089e+00 -3.429999999999999889e-04 5.321000000000000209e-03 9.999860000000000415e-01 3.210089999999999888e-01 -9.470619999999999594e-01 5.148999999999999931e-03 9.470760000000000289e-01 3.210060000000000136e-01 -1.382999999999999898e-03
2.100000000000000000e+01 1.500000000000000000e+01 4.000000000000000000e+00 0.000000000000000000e+00 1.600000000000000089e+00 -3.480000000000000020e-03 -4.714999999999999573e-03 9.999829999999999552e-01 3.181669999999999776e-01 -9.480290000000000106e-01 -3.361999999999999971e-03 9.480279999999999818e-01 3.181499999999999884e-01 4.799999999999999580e-03
2.500000000000000000e+01 1.500000000000000000e+01 4.000000000000000000e+00 0.000000000000000000e+00 1.600000000000000089e+00 8.210000000000000067e-04 3.050000000000000194e-03 9.999949999999999672e-01 3.199299999999999922e-01 -9.474380000000000024e-01 2.626999999999999995e-03 9.474409999999999776e-01 3.199259999999999882e-01 -1.753999999999999917e-03
9.000000000000000000e+00 1.600000000000000000e+01 4.000000000000000000e+00 0.000000000000000000e+00 1.600000000000000089e+00 3.572999999999999787e-03 -2.494000000000000123e-03 9.999909999999999632e-01 3.951709999999999945e-01 -9.185999999999999721e-01 -3.701999999999999996e-03 9.186010000000000009e-01 3.951799999999999757e-01 -2.296999999999999997e-03
1.400000000000000000e+01 1.010000000000000000e+02 7.000000000000000000e+00 0.000000000000000000e+00 1.600000000000000089e+00 -6.139999999999999625e-04 4.112000000000000204e-03 9.999909999999999632e-01 8.895880000000000454e-01 4.567629999999999746e-01 -1.332000000000000068e-03 -4.567640000000000033e-01 8.895790000000000086e-01 -3.937999999999999660e-03
1.800000000000000000e+01 1.010000000000000000e+02 7.000000000000000000e+00 0.000000000000000000e+00 1.600000000000000089e+00 -1.890000000000000133e-04 4.477000000000000077e-03 9.999900000000000455e-01 8.894130000000000091e-01 4.571000000000000063e-01 -1.877999999999999895e-03 -4.571040000000000103e-01 8.894039999999999724e-01 -4.067999999999999568e-03
2.400000000000000000e+01 1.010000000000000000e+02 7.000000000000000000e+00 0.000000000000000000e+00 1.600000000000000089e+00 -2.750000000000000166e-04 1.979999999999999989e-03 9.999980000000000535e-01 8.899949999999999806e-01 4.559699999999999864e-01 -6.579999999999999478e-04 -4.559699999999999864e-01 8.899930000000000341e-01 -1.887999999999999921e-03
2.900000000000000000e+01 1.010000000000000000e+02 7.000000000000000000e+00 0.000000000000000000e+00 1.600000000000000089e+00 2.775000000000000123e-03 -7.489999999999999913e-04 9.999959999999999960e-01 8.899920000000000053e-01 4.559710000000000152e-01 -2.128000000000000117e-03 -4.559670000000000112e-01 8.899939999999999518e-01 1.931999999999999907e-03
2.000000000000000000e+00 2.500000000000000000e+01 8.000000000000000000e+00 0.000000000000000000e+00 1.600000000000000089e+00 -1.902999999999999961e-03 7.624999999999999833e-03 -9.999689999999999968e-01 4.430259999999999754e-01 8.964889999999999803e-01 5.993000000000000063e-03 8.965070000000000539e-01 -4.430009999999999781e-01 -5.083999999999999977e-03
9.000000000000000000e+00 2.500000000000000000e+01 8.000000000000000000e+00 0.000000000000000000e+00 1.600000000000000089e+00 1.049999999999999935e-03 -1.820999999999999919e-03 -9.999980000000000535e-01 4.449250000000000149e-01 8.955670000000000019e-01 -1.164000000000000104e-03 8.955670000000000019e-01 -4.449230000000000129e-01 1.750000000000000036e-03
1.100000000000000000e+01 2.500000000000000000e+01 8.000000000000000000e+00 0.000000000000000000e+00 1.600000000000000089e+00 3.559999999999999797e-04 1.299999999999999920e-05 -1.000000000000000000e+00 4.451109999999999789e-01 8.954760000000000497e-01 1.700000000000000122e-04 8.954750000000000210e-01 -4.451109999999999789e-01 3.130000000000000187e-04
2.200000000000000000e+01 2.500000000000000000e+01 8.000000000000000000e+00 0.000000000000000000e+00 1.600000000000000089e+00 6.579999999999999478e-04 -1.849999999999999973e-04 -1.000000000000000000e+00 4.480480000000000018e-01 8.940090000000000536e-01 1.299999999999999886e-04 8.940090000000000536e-01 -4.480480000000000018e-01 6.710000000000000469e-04
2.700000000000000000e+01 2.500000000000000000e+01 8.000000000000000000e+00 0.000000000000000000e+00 1.600000000000000089e+00 -4.029999999999999837e-04 -5.066000000000000190e-03 -9.999869999999999592e-01 4.479110000000000036e-01 8.940660000000000274e-01 -4.708999999999999644e-03 8.940780000000000394e-01 -4.479069999999999996e-01 1.909000000000000107e-03
3.000000000000000000e+00 2.400000000000000000e+01 9.000000000000000000e+00 0.000000000000000000e+00 1.600000000000000089e+00 -9.460000000000000093e-04 7.718000000000000034e-03 -9.999700000000000255e-01 4.487920000000000242e-01 8.936129999999999907e-01 6.472000000000000322e-03 8.936359999999999859e-01 -4.487729999999999775e-01 -4.309000000000000330e-03
8.000000000000000000e+00 2.400000000000000000e+01 9.000000000000000000e+00 0.000000000000000000e+00 1.600000000000000089e+00 9.070000000000000371e-04 -3.275999999999999832e-03 -9.999940000000000495e-01 4.509560000000000235e-01 8.925429999999999753e-01 -2.514999999999999875e-03 8.925459999999999505e-01 -4.509509999999999907e-01 2.286999999999999970e-03
1.200000000000000000e+01 2.400000000000000000e+01 9.000000000000000000e+00 0.000000000000000000e+00 1.600000000000000089e+00 -1.039999999999999936e-04 7.690000000000000438e-04 -1.000000000000000000e+00 4.511800000000000255e-01 8.924330000000000318e-01 6.400000000000000524e-04 8.924330000000000318e-01 -4.511800000000000255e-01 -4.400000000000000157e-04
1.900000000000000000e+01 2.400000000000000000e+01 9.000000000000000000e+00 0.000000000000000000e+00 1.600000000000000089e+00 -2.210000000000000050e-04 8.859999999999999603e-04 -1.000000000000000000e+00 4.521049999999999791e-01 8.919650000000000079e-01 6.899999999999999667e-04 8.919650000000000079e-01 -4.521040000000000059e-01 -5.969999999999999829e-04
2.400000000000000000e+01 2.400000000000000000e+01 9.000000000000000000e+00 0.000000000000000000e+00 1.600000000000000089e+00 1.879999999999999890e-04 1.820000000000000057e-04 -1.000000000000000000e+00 4.535669999999999980e-01 8.912219999999999587e-01 2.480000000000000108e-04 8.912219999999999587e-01 -4.535669999999999980e-01 8.500000000000000611e-05
2.600000000000000000e+01 2.400000000000000000e+01 9.000000000000000000e+00 0.000000000000000000e+00 1.600000000000000089e+00 -1.440000000000000036e-04 -3.167000000000000110e-03 -9.999949999999999672e-01 4.534540000000000237e-01 8.912750000000000394e-01 -2.887999999999999942e-03 8.912799999999999612e-01 -4.534520000000000217e-01 1.307999999999999918e-03
5.000000000000000000e+00 3.100000000000000000e+01 1.200000000000000000e+01 0.000000000000000000e+00 1.600000000000000089e+00 2.454000000000000018e-03 -3.652999999999999997e-03 9.999900000000000455e-01 -6.193999999999999853e-03 9.999740000000000295e-01 3.667999999999999820e-03 -9.999780000000000335e-01 -6.203000000000000180e-03 2.432000000000000134e-03
1.500000000000000000e+01 3.100000000000000000e+01 1.200000000000000000e+01 0.000000000000000000e+00 1.600000000000000089e+00 -8.589999999999999546e-04 -1.955999999999999839e-03 9.999980000000000535e-01 5.730000000000000501e-04 9.999980000000000535e-01 1.955999999999999839e-03 -9.999989999999999712e-01 5.749999999999999903e-04 -8.580000000000000387e-04
2.200000000000000000e+01 3.100000000000000000e+01 1.200000000000000000e+01 0.000000000000000000e+00 1.600000000000000089e+00 6.059999999999999849e-04 2.226999999999999813e-03 9.999970000000000248e-01 8.400000000000000348e-04 9.999970000000000248e-01 -2.227999999999999946e-03 -9.999989999999999712e-01 8.419999999999999750e-04 6.040000000000000447e-04
2.600000000000000000e+01 3.100000000000000000e+01 1.200000000000000000e+01 0.000000000000000000e+00 1.600000000000000089e+00 1.044999999999999922e-03 3.860000000000000150e-03 9.999919999999999920e-01 3.769999999999999914e-03 9.999850000000000128e-01 -3.863999999999999813e-03 -9.999919999999999920e-01 3.774000000000000011e-03 1.031000000000000015e-03
7.000000000000000000e+00 3.500000000000000000e+01 1.200000000000000000e+01 0.000000000000000000e+00 1.600000000000000089e+00 2.258000000000000024e-03 6.465000000000000260e-03 -9.999770000000000048e-01 5.382930000000000215e-01 -8.427470000000000239e-01 -4.231999999999999651e-03 -8.427550000000000319e-01 -5.382710000000000550e-01 -5.382999999999999764e-03
1.000000000000000000e+01 3.500000000000000000e+01 1.200000000000000000e+01 0.000000000000000000e+00 1.600000000000000089e+00 7.420000000000000380e-04 4.720000000000000237e-03 -9.999890000000000168e-01 5.482970000000000343e-01 -8.362760000000000193e-01 -3.540000000000000178e-03 -8.362829999999999986e-01 -5.482879999999999976e-01 -3.207999999999999914e-03
1.400000000000000000e+01 3.500000000000000000e+01 1.200000000000000000e+01 0.000000000000000000e+00 1.600000000000000089e+00 -4.335999999999999577e-03 4.873999999999999860e-03 -9.999789999999999512e-01 5.591089999999999671e-01 -8.290689999999999449e-01 -6.465000000000000260e-03 -8.290830000000000144e-01 -5.591249999999999831e-01 8.689999999999999808e-04
2.100000000000000000e+01 3.500000000000000000e+01 1.200000000000000000e+01 0.000000000000000000e+00 1.600000000000000089e+00 -9.779999999999999197e-04 6.546999999999999868e-03 -9.999780000000000335e-01 5.795219999999999816e-01 -8.149349999999999650e-01 -5.902000000000000128e-03 -8.149560000000000137e-01 -5.795150000000000023e-01 -2.997000000000000098e-03
2.500000000000000000e+01 3.500000000000000000e+01 1.200000000000000000e+01 0.000000000000000000e+00 1.600000000000000089e+00 9.669999999999999776e-04 4.134999999999999787e-03 -9.999909999999999632e-01 5.908400000000000318e-01 -8.067839999999999456e-01 -2.765000000000000097e-03 -8.067879999999999496e-01 -5.908320000000000238e-01 -3.223999999999999869e-03
1.000000000000000000e+01 3.200000000000000000e+01 1.400000000000000000e+01 0.000000000000000000e+00 1.600000000000000089e+00 -1.286000000000000034e-03 2.445000000000000125e-03 -9.999959999999999960e-01 9.983200000000000407e-02 9.950020000000000531e-01 2.304000000000000058e-03 9.950029999999999708e-01 -9.982900000000000107e-02 -1.523999999999999964e-03
1.600000000000000000e+01 3.200000000000000000e+01 1.400000000000000000e+01 0.000000000000000000e+00 1.600000000000000089e+00 2.135999999999999878e-03 -1.693999999999999976e-03 -9.999959999999999960e-01 1.027669999999999972e-01 9.947040000000000326e-01 -1.464999999999999939e-03 9.947030000000000038e-01 -1.027629999999999932e-01 2.298999999999999828e-03
2.800000000000000000e+01 3.200000000000000000e+01 1.400000000000000000e+01 0.000000000000000000e+00 1.600000000000000089e+00 -1.146000000000000100e-03 1.900999999999999912e-03 -9.999970000000000248e-01 9.763700000000000156e-02 9.952199999999999935e-01 1.779999999999999898e-03 9.952210000000000223e-01 -9.763499999999999956e-02 -1.327000000000000055e-03
6.000000000000000000e+00 1.200000000000000000e+01 1.500000000000000000e+01 0.000000000000000000e+00 1.600000000000000089e+00 1.477999999999999930e-03 -1.561000000000000104e-03 -9.999980000000000535e-01 -4.666850000000000165e-01 -8.844239999999999879e-01 6.909999999999999910e-04 -8.844229999999999592e-01 4.666830000000000145e-01 -2.036000000000000049e-03
1.500000000000000000e+01 1.200000000000000000e+01 1.500000000000000000e+01 0.000000000000000000e+00 1.600000000000000089e+00 3.420000000000000188e-04 -6.860999999999999911e-03 -9.999759999999999760e-01 -4.732450000000000268e-01 -8.809109999999999996e-01 5.882000000000000076e-03 -8.809310000000000196e-01 4.732319999999999860e-01 -3.547999999999999939e-03
2.100000000000000000e+01 1.200000000000000000e+01 1.500000000000000000e+01 0.000000000000000000e+00 1.600000000000000089e+00 1.124999999999999915e-03 3.572999999999999787e-03 -9.999930000000000208e-01 -4.718019999999999992e-01 -8.816969999999999530e-01 -3.680999999999999810e-03 -8.817040000000000433e-01 4.718029999999999724e-01 6.939999999999999555e-04
2.700000000000000000e+01 1.200000000000000000e+01 1.500000000000000000e+01 0.000000000000000000e+00 1.600000000000000089e+00 5.580000000000000107e-04 2.354999999999999889e-03 -9.999970000000000248e-01 -4.705759999999999943e-01 -8.823560000000000292e-01 -2.340000000000000066e-03 -8.823590000000000044e-01 4.705759999999999943e-01 6.160000000000000111e-04
4.000000000000000000e+00 1.100000000000000000e+01 1.600000000000000000e+01 0.000000000000000000e+00 1.600000000000000089e+00 1.887000000000000005e-03 -4.492000000000000333e-03 -9.999879999999999880e-01 -4.072430000000000216e-01 -9.133139999999999592e-01 3.334000000000000158e-03 -9.133179999999999632e-01 4.072319999999999829e-01 -3.552000000000000036e-03
1.000000000000000000e+01 1.100000000000000000e+01 1.600000000000000000e+01 0.000000000000000000e+00 1.600000000000000089e+00 1.701000000000000038e-03 2.997999999999999797e-03 -9.999940000000000495e-01 -4.125130000000000186e-01 -9.109450000000000047e-01 -3.432999999999999854e-03 -9.109500000000000375e-01 4.125170000000000226e-01 -3.130000000000000187e-04
1.600000000000000000e+01 1.100000000000000000e+01 1.600000000000000000e+01 0.000000000000000000e+00 1.600000000000000089e+00 4.730000000000000046e-04 -6.086000000000000264e-03 -9.999810000000000088e-01 -4.158729999999999927e-01 -9.094069999999999654e-01 5.337999999999999863e-03 -9.094229999999999814e-01 4.158629999999999827e-01 -2.961999999999999789e-03
2.200000000000000000e+01 1.100000000000000000e+01 1.600000000000000000e+01 0.000000000000000000e+00 1.600000000000000089e+00 5.249999999999999676e-04 2.550999999999999882e-03 -9.999970000000000248e-01 -4.174579999999999957e-01 -9.086929999999999730e-01 -2.537000000000000192e-03 -9.086959999999999482e-01 4.174579999999999957e-01 5.879999999999999810e-04
4.000000000000000000e+00 1.160000000000000000e+02 1.600000000000000000e+01 0.000000000000000000e+00 1.600000000000000089e+00 9.439999999999999607e-04 -1.469999999999999953e-03 9.999980000000000535e-01 7.666979999999999906e-01 6.420080000000000231e-01 2.200000000000000078e-04 -6.420069999999999943e-01 7.666960000000000441e-01 1.732999999999999948e-03
1.900000000000000000e+01 1.160000000000000000e+02 1.600000000000000000e+01 0.000000000000000000e+00 1.600000000000000089e+00 1.750000000000000036e-03 1.098999999999999934e-03 9.999980000000000535e-01 7.890949999999999909e-01 6.142670000000000075e-01 -2.056000000000000102e-03 -6.142680000000000362e-01 7.890970000000000484e-01 2.069999999999999900e-04
2.100000000000000000e+01 1.160000000000000000e+02 1.600000000000000000e+01 0.000000000000000000e+00 1.600000000000000089e+00 1.595000000000000064e-03 4.640000000000000027e-04 9.999989999999999712e-01 7.854879999999999640e-01 6.188749999999999529e-01 -1.539999999999999919e-03 -6.188749999999999529e-01 7.854889999999999928e-01 6.229999999999999644e-04
2.000000000000000000e+00 2.000000000000000000e+00 1.900000000000000000e+01 0.000000000000000000e+00 1.600000000000000089e+00 -3.948000000000000120e-03 -2.391300000000000023e-02 -9.997059999999999835e-01 2.702209999999999890e-01 -9.625479999999999592e-01 2.195700000000000082e-02 -9.627900000000000347e-01 -2.700549999999999895e-01 1.026200000000000029e-02
8.000000000000000000e+00 2.000000000000000000e+00 1.900000000000000000e+01 0.000000000000000000e+00 1.600000000000000089e+00 7.772000000000000262e-03 -2.956800000000000053e-02 -9.995330000000000048e-01 2.609449999999999825e-01 -9.648700000000000054e-01 3.057199999999999848e-02 -9.653220000000000134e-01 -2.610600000000000143e-01 2.169999999999999891e-04
1.100000000000000000e+01 2.000000000000000000e+00 1.900000000000000000e+01 0.000000000000000000e+00 1.600000000000000089e+00 1.367799999999999919e-02 -1.987600000000000131e-02 -9.997089999999999588e-01 2.544680000000000275e-01 -9.668149999999999800e-01 2.270300000000000096e-02 -9.669839999999999547e-01 -2.547039999999999860e-01 -8.167000000000000648e-03
1.500000000000000000e+01 2.000000000000000000e+00 1.900000000000000000e+01 0.000000000000000000e+00 1.600000000000000089e+00 1.396200000000000045e-02 4.325999999999999984e-03 -9.998930000000000318e-01 2.451389999999999958e-01 -9.694880000000000164e-01 -7.720000000000000083e-04 -9.693869999999999987e-01 -2.451019999999999865e-01 -1.459700000000000060e-02
2.400000000000000000e+01 2.000000000000000000e+00 1.900000000000000000e+01 0.000000000000000000e+00 1.600000000000000089e+00 9.079000000000000264e-03 -1.323000000000000044e-02 -9.998709999999999543e-01 2.289740000000000109e-01 -9.733180000000000165e-01 1.495800000000000081e-02 -9.733899999999999775e-01 -2.290810000000000068e-01 -5.807999999999999795e-03
3.000000000000000000e+01 2.000000000000000000e+00 1.900000000000000000e+01 0.000000000000000000e+00 1.600000000000000089e+00 6.749999999999999924e-03 -1.780500000000000138e-02 -9.998190000000000133e-01 2.264059999999999961e-01 -9.738499999999999934e-01 1.887199999999999989e-02 -9.740100000000000424e-01 -2.264929999999999999e-01 -2.543000000000000121e-03
1.600000000000000000e+01 3.000000000000000000e+00 1.900000000000000000e+01 0.000000000000000000e+00 1.600000000000000089e+00 1.442399999999999932e-02 8.370999999999999969e-03 -9.998609999999999998e-01 2.558570000000000011e-01 -9.667050000000000365e-01 -4.402999999999999796e-03 -9.666069999999999940e-01 -2.557579999999999854e-01 -1.608499999999999860e-02
1.800000000000000000e+01 3.000000000000000000e+00 1.900000000000000000e+01 0.000000000000000000e+00 1.600000000000000089e+00 9.383000000000000715e-03 1.131300000000000014e-02 -9.998920000000000030e-01 2.427970000000000128e-01 -9.700379999999999558e-01 -8.696999999999999870e-03 -9.700320000000000054e-01 -2.426889999999999881e-01 -1.184900000000000016e-02
1.500000000000000000e+01 4.000000000000000000e+00 2.000000000000000000e+01 0.000000000000000000e+00 1.600000000000000089e+00 7.577000000000000401e-03 1.073299999999999949e-02 -9.999139999999999695e-01 3.895649999999999946e-01 -9.209730000000000416e-01 -6.934000000000000059e-03 -9.209680000000000089e-01 -3.894790000000000196e-01 -1.115999999999999978e-02
1.800000000000000000e+01 4.000000000000000000e+00 2.000000000000000000e+01 0.000000000000000000e+00 1.600000000000000089e+00 1.044000000000000006e-03 1.561099999999999988e-02 -9.998780000000000445e-01 3.657630000000000048e-01 -9.306010000000000115e-01 -1.414699999999999985e-02 -9.307069999999999510e-01 -3.657030000000000003e-01 -6.681000000000000306e-03
7.000000000000000000e+00 1.300000000000000000e+01 2.000000000000000000e+01 0.000000000000000000e+00 1.600000000000000089e+00 -6.980000000000000527e-04 -2.053000000000000137e-03 9.999980000000000535e-01 2.590990000000000237e-01 9.658480000000000398e-01 2.164000000000000125e-03 -9.658510000000000151e-01 2.590999999999999970e-01 -1.420000000000000092e-04
1.100000000000000000e+01 1.300000000000000000e+01 2.000000000000000000e+01 0.000000000000000000e+00 1.600000000000000089e+00 3.009999999999999980e-04 -2.096000000000000207e-03 9.999980000000000535e-01 2.608969999999999900e-01 9.653650000000000286e-01 1.943999999999999981e-03 -9.653669999999999751e-01 2.608960000000000168e-01 8.379999999999999862e-04
1.700000000000000000e+01 1.300000000000000000e+01 2.000000000000000000e+01 0.000000000000000000e+00 1.600000000000000089e+00 2.109000000000000197e-03 2.972999999999999948e-03 9.999930000000000208e-01 2.596169999999999867e-01 9.657059999999999533e-01 -3.418000000000000031e-03 -9.657090000000000396e-01 2.596229999999999927e-01 1.265000000000000065e-03
2.100000000000000000e+01 1.300000000000000000e+01 2.000000000000000000e+01 0.000000000000000000e+00 1.600000000000000089e+00 6.639999999999999852e-04 2.144000000000000072e-03 9.999970000000000248e-01 2.586740000000000150e-01 9.659619999999999873e-01 -2.243000000000000202e-03 -9.659640000000000448e-01 2.586749999999999883e-01 8.700000000000000051e-05
1.400000000000000000e+01 5.000000000000000000e+01 2.200000000000000000e+01 0.000000000000000000e+00 1.600000000000000089e+00 3.941000000000000059e-03 3.386000000000000121e-03 -9.999869999999999592e-01 -5.766289999999999472e-01 8.170060000000000100e-01 4.939999999999999730e-04 8.169960000000000555e-01 5.766200000000000214e-01 5.172000000000000382e-03
5.000000000000000000e+00 3.000000000000000000e+00 2.500000000000000000e+01 0.000000000000000000e+00 1.600000000000000089e+00 -1.361999999999999929e-03 -4.351999999999999966e-03 9.999900000000000455e-01 -4.803199999999999831e-02 -9.988359999999999461e-01 -4.412000000000000123e-03 9.988449999999999829e-01 -4.803700000000000331e-02 1.152000000000000029e-03
1.100000000000000000e+01 3.000000000000000000e+00 2.500000000000000000e+01 0.000000000000000000e+00 1.600000000000000089e+00 6.040000000000000447e-04 -1.706000000000000051e-03 9.999980000000000535e-01 -3.358799999999999980e-02 -9.994340000000000446e-01 -1.683999999999999950e-03 9.994359999999999911e-01 -3.358699999999999880e-02 -6.610000000000000207e-04
1.300000000000000000e+01 3.000000000000000000e+00 2.500000000000000000e+01 0.000000000000000000e+00 1.600000000000000089e+00 1.686999999999999915e-03 -1.289999999999999914e-04 9.999989999999999712e-01 -3.076999999999999874e-02 -9.995270000000000543e-01 -7.700000000000000139e-05 9.995249999999999968e-01 -3.076999999999999874e-02 -1.690000000000000096e-03
1.800000000000000000e+01 3.000000000000000000e+00 2.500000000000000000e+01 0.000000000000000000e+00 1.600000000000000089e+00 -1.154999999999999994e-03 7.178999999999999618e-03 9.999740000000000295e-01 -2.346399999999999875e-02 -9.996990000000000043e-01 7.148999999999999973e-03 9.997239999999999460e-01 -2.345500000000000015e-02 1.322999999999999957e-03
2.100000000000000000e+01 3.000000000000000000e+00 2.500000000000000000e+01 0.000000000000000000e+00 1.600000000000000089e+00 -5.706000000000000134e-03 1.988799999999999943e-02 9.997859999999999525e-01 -1.938600000000000045e-02 -9.996169999999999778e-01 1.977399999999999991e-02 9.997960000000000180e-01 -1.926900000000000140e-02 6.088999999999999795e-03
5.000000000000000000e+00 4.600000000000000000e+01 3.000000000000000000e+01 0.000000000000000000e+00 1.600000000000000089e+00 2.245000000000000034e-03 2.174999999999999850e-03 -9.999949999999999672e-01 3.292869999999999964e-01 9.442260000000000097e-01 2.792999999999999910e-03 9.442270000000000385e-01 -3.292919999999999736e-01 1.404000000000000083e-03
2.800000000000000000e+01 4.600000000000000000e+01 3.000000000000000000e+01 0.000000000000000000e+00 1.600000000000000089e+00 1.951000000000000043e-03 1.268999999999999946e-03 -9.999970000000000248e-01 3.183679999999999843e-01 9.479659999999999753e-01 1.824000000000000100e-03 9.479649999999999466e-01 -3.183699999999999863e-01 1.446000000000000020e-03
4.000000000000000000e+00 5.800000000000000000e+01 3.100000000000000000e+01 0.000000000000000000e+00 1.600000000000000089e+00 -1.694999999999999892e-03 -3.089000000000000166e-03 9.999940000000000495e-01 -7.672959999999999781e-01 -6.412849999999999939e-01 -3.282000000000000195e-03 6.412910000000000554e-01 -7.672970000000000068e-01 -1.283000000000000069e-03
6.000000000000000000e+00 5.800000000000000000e+01 3.100000000000000000e+01 0.000000000000000000e+00 1.600000000000000089e+00 -1.245000000000000013e-03 -3.720000000000000216e-03 9.999919999999999920e-01 -7.685499999999999554e-01 -6.397800000000000153e-01 -3.337000000000000122e-03 6.397880000000000233e-01 -7.685490000000000377e-01 -2.063000000000000164e-03
1.400000000000000000e+01 5.800000000000000000e+01 3.100000000000000000e+01 0.000000000000000000e+00 1.600000000000000089e+00 1.262000000000000101e-03 -1.301999999999999989e-03 9.999980000000000535e-01 -7.748850000000000460e-01 -6.321020000000000527e-01 1.550000000000000000e-04 6.321010000000000240e-01 -7.748840000000000172e-01 -1.806000000000000097e-03
2.200000000000000000e+01 5.800000000000000000e+01 3.100000000000000000e+01 0.000000000000000000e+00 1.600000000000000089e+00 -3.170000000000000075e-03 -4.859999999999999954e-04 9.999949999999999672e-01 -7.773970000000000047e-01 -6.290040000000000076e-01 -2.769999999999999893e-03 6.290019999999999500e-01 -7.774020000000000374e-01 1.616000000000000032e-03
2.700000000000000000e+01 5.800000000000000000e+01 3.100000000000000000e+01 0.000000000000000000e+00 1.600000000000000089e+00 -1.113999999999999973e-03 -4.928000000000000089e-03 9.999869999999999592e-01 -7.800470000000000459e-01 -6.257089999999999597e-01 -3.952999999999999917e-03 6.257200000000000539e-01 -7.800409999999999844e-01 -3.147000000000000058e-03
2.900000000000000000e+01 5.800000000000000000e+01 3.100000000000000000e+01 0.000000000000000000e+00 1.600000000000000089e+00 -2.635999999999999888e-03 -7.127999999999999788e-03 9.999710000000000543e-01 -7.816720000000000335e-01 -6.236549999999999594e-01 -6.505999999999999631e-03 6.236840000000000162e-01 -7.816670000000000007e-01 -3.928000000000000068e-03
4.000000000000000000e+00 4.600000000000000000e+01 3.500000000000000000e+01 0.000000000000000000e+00 1.600000000000000089e+00 1.079999999999999960e-04 2.190000000000000106e-04 -1.000000000000000000e+00 3.903240000000000043e-01 -9.206769999999999676e-01 -1.600000000000000131e-04 -9.206769999999999676e-01 -3.903240000000000043e-01 -1.849999999999999973e-04
1.100000000000000000e+01 4.600000000000000000e+01 3.500000000000000000e+01 0.000000000000000000e+00 1.600000000000000089e+00 -3.959999999999999762e-04 -2.436999999999999930e-03 -9.999970000000000248e-01 3.903030000000000110e-01 -9.206839999999999469e-01 2.089000000000000145e-03 -9.206860000000000044e-01 -3.903010000000000090e-01 1.315999999999999896e-03
1.700000000000000000e+01 4.600000000000000000e+01 3.500000000000000000e+01 0.000000000000000000e+00 1.600000000000000089e+00 -2.649999999999999903e-04 -7.749999999999999728e-04 -1.000000000000000000e+00 3.908570000000000100e-01 -9.204510000000000192e-01 6.099999999999999737e-04 -9.204510000000000192e-01 -3.908570000000000100e-01 5.469999999999999602e-04
2.000000000000000000e+01 4.600000000000000000e+01 3.500000000000000000e+01 0.000000000000000000e+00 1.600000000000000089e+00 -3.009999999999999980e-04 3.052000000000000025e-03 -9.999949999999999672e-01 3.913760000000000017e-01 -9.202259999999999884e-01 -2.926000000000000215e-03 -9.202310000000000212e-01 -3.913749999999999729e-01 -9.179999999999999792e-04
2.500000000000000000e+01 4.600000000000000000e+01 3.500000000000000000e+01 0.000000000000000000e+00 1.600000000000000089e+00 -4.189999999999999931e-04 -4.220000000000000118e-04 -1.000000000000000000e+00 3.925400000000000000e-01 -9.197349999999999692e-01 2.229999999999999994e-04 -9.197349999999999692e-01 -3.925400000000000000e-01 5.509999999999999490e-04
2.900000000000000000e+01 4.600000000000000000e+01 3.500000000000000000e+01 0.000000000000000000e+00 1.600000000000000089e+00 -3.310000000000000225e-04 1.649999999999999991e-04 -1.000000000000000000e+00 3.909819999999999962e-01 -9.203980000000000494e-01 -2.809999999999999998e-04 -9.203980000000000494e-01 -3.909819999999999962e-01 2.410000000000000033e-04
6.000000000000000000e+00 3.000000000000000000e+00 4.300000000000000000e+01 0.000000000000000000e+00 1.600000000000000089e+00 -4.350000000000000026e-04 6.015999999999999646e-03 -9.999820000000000375e-01 7.409400000000000430e-01 -6.715569999999999595e-01 -4.362999999999999691e-03 -6.715710000000000290e-01 -7.409289999999999488e-01 -4.165000000000000299e-03
2.900000000000000000e+01 3.000000000000000000e+00 4.300000000000000000e+01 0.000000000000000000e+00 1.600000000000000089e+00 -1.562999999999999936e-03 2.660000000000000146e-04 -9.999989999999999712e-01 7.373340000000000449e-01 -6.755269999999999886e-01 -1.332000000000000068e-03 -6.755259999999999598e-01 -7.373359999999999914e-01 8.599999999999999789e-04
3.000000000000000000e+00 8.000000000000000000e+00 4.400000000000000000e+01 0.000000000000000000e+00 1.600000000000000089e+00 3.706000000000000093e-03 3.092000000000000130e-03 9.999879999999999880e-01 -7.885670000000000179e-01 -6.149289999999999479e-01 4.824000000000000163e-03 6.149369999999999559e-01 -7.885760000000000547e-01 1.589999999999999888e-04
7.000000000000000000e+00 8.000000000000000000e+00 4.400000000000000000e+01 0.000000000000000000e+00 1.600000000000000089e+00 2.103999999999999967e-03 3.739999999999999835e-03 9.999909999999999632e-01 -7.903670000000000417e-01 -6.126209999999999711e-01 3.954000000000000049e-03 6.126300000000000079e-01 -7.903679999999999595e-01 1.667000000000000079e-03
2.000000000000000000e+00 2.900000000000000000e+01 4.400000000000000000e+01 0.000000000000000000e+00 1.600000000000000089e+00 1.657999999999999969e-03 2.309999999999999987e-03 -9.999959999999999960e-01 6.563649999999999762e-01 7.544380000000000530e-01 2.831000000000000183e-03 7.544419999999999460e-01 -6.563670000000000337e-01 -2.649999999999999903e-04
6.000000000000000000e+00 2.900000000000000000e+01 4.400000000000000000e+01 0.000000000000000000e+00 1.600000000000000089e+00 1.019999999999999992e-04 -8.670000000000000406e-04 -1.000000000000000000e+00 6.556539999999999591e-01 7.550620000000000109e-01 -5.879999999999999810e-04 7.550620000000000109e-01 -6.556530000000000413e-01 6.449999999999999570e-04
9.000000000000000000e+00 2.900000000000000000e+01 4.400000000000000000e+01 0.000000000000000000e+00 1.600000000000000089e+00 -1.100999999999999982e-03 -2.052000000000000005e-03 -9.999970000000000248e-01 6.550249999999999684e-01 7.556040000000000534e-01 -2.272000000000000148e-03 7.556059999999999999e-01 -6.550259999999999971e-01 5.119999999999999768e-04
1.500000000000000000e+01 2.900000000000000000e+01 4.400000000000000000e+01 0.000000000000000000e+00 1.600000000000000089e+00 1.502999999999999996e-03 8.859999999999999603e-04 -9.999989999999999712e-01 6.528549999999999631e-01 7.574809999999999599e-01 1.652000000000000040e-03 7.574809999999999599e-01 -6.528570000000000206e-01 5.599999999999999509e-04
1.800000000000000000e+01 2.900000000000000000e+01 4.400000000000000000e+01 0.000000000000000000e+00 1.600000000000000089e+00 -1.139000000000000038e-03 -1.265999999999999981e-03 -9.999989999999999712e-01 6.549500000000000322e-01 7.556699999999999529e-01 -1.703000000000000087e-03 7.556709999999999816e-01 -6.549509999999999499e-01 -3.199999999999999855e-05
2.200000000000000000e+01 2.900000000000000000e+01 4.400000000000000000e+01 0.000000000000000000e+00 1.600000000000000089e+00 -1.755999999999999965e-03 1.051999999999999984e-03 -9.999980000000000535e-01 6.586509999999999865e-01 7.524490000000000345e-01 -3.649999999999999816e-04 7.524469999999999770e-01 -6.586499999999999577e-01 -2.014000000000000165e-03
2.700000000000000000e+01 2.900000000000000000e+01 4.400000000000000000e+01 0.000000000000000000e+00 1.600000000000000089e+00 2.349999999999999930e-04 8.440000000000000236e-04 -1.000000000000000000e+00 6.540660000000000363e-01 7.564370000000000260e-01 7.929999999999999766e-04 7.564380000000000548e-01 -6.540660000000000363e-01 -3.739999999999999835e-04
1.200000000000000000e+01 6.500000000000000000e+01 4.600000000000000000e+01 0.000000000000000000e+00 1.600000000000000089e+00 3.213000000000000144e-03 -1.724999999999999971e-03 9.999930000000000208e-01 6.810589999999999700e-01 -7.322199999999999820e-01 -3.451000000000000074e-03 7.322210000000000107e-01 6.810659999999999492e-01 -1.177000000000000095e-03
7.000000000000000000e+00 5.000000000000000000e+00 5.100000000000000000e+01 0.000000000000000000e+00 1.600000000000000089e+00 6.579999999999999478e-04 8.576000000000000290e-03 -9.999630000000000463e-01 4.669380000000000197e-01 -8.842600000000000460e-01 -7.276999999999999615e-03 -8.842900000000000205e-01 -4.669159999999999977e-01 -4.585999999999999799e-03
2.300000000000000000e+01 5.000000000000000000e+00 5.100000000000000000e+01 0.000000000000000000e+00 1.600000000000000089e+00 1.018600000000000061e-02 -1.175600000000000082e-02 -9.998789999999999623e-01 4.674829999999999819e-01 -8.838719999999999910e-01 1.515500000000000007e-02 -8.839430000000000343e-01 -4.675810000000000244e-01 -3.507999999999999834e-03
2.800000000000000000e+01 5.000000000000000000e+00 5.100000000000000000e+01 0.000000000000000000e+00 1.600000000000000089e+00 4.479000000000000342e-03 -7.596999999999999587e-03 -9.999609999999999888e-01 4.793350000000000111e-01 -8.775880000000000347e-01 8.814000000000000654e-03 -8.776209999999999845e-01 -4.793560000000000043e-01 -2.889999999999999774e-04
1.400000000000000000e+01 6.000000000000000000e+00 5.100000000000000000e+01 0.000000000000000000e+00 1.600000000000000089e+00 -2.982999999999999974e-03 1.000999999999999980e-02 -9.999449999999999728e-01 2.874439999999999773e-01 -9.577400000000000357e-01 -1.044499999999999942e-02 -9.577930000000000055e-01 -2.874599999999999933e-01 -2.099999999999999884e-05
1.400000000000000000e+01 7.000000000000000000e+00 5.200000000000000000e+01 0.000000000000000000e+00 1.600000000000000089e+00 -1.221000000000000080e-03 8.706000000000000197e-03 -9.999609999999999888e-01 3.952800000000000064e-02 -9.991799999999999571e-01 -8.746999999999999567e-03 -9.992180000000000506e-01 -3.953700000000000270e-02 8.760000000000000425e-04
1.000000000000000000e+01 6.300000000000000000e+01 5.400000000000000000e+01 0.000000000000000000e+00 1.600000000000000089e+00 -8.890000000000000333e-04 -5.400000000000000069e-04 9.999989999999999712e-01 -3.469920000000000226e-01 9.378680000000000350e-01 1.979999999999999881e-04 -9.378680000000000350e-01 -3.469920000000000226e-01 -1.020999999999999989e-03
1.500000000000000000e+01 6.300000000000000000e+01 5.400000000000000000e+01 0.000000000000000000e+00 1.600000000000000089e+00 1.299999999999999886e-04 2.605000000000000111e-03 9.999970000000000248e-01 -3.486029999999999962e-01 9.372669999999999613e-01 -2.396000000000000126e-03 -9.372700000000000475e-01 -3.486020000000000230e-01 1.030000000000000100e-03
1.800000000000000000e+01 6.300000000000000000e+01 5.400000000000000000e+01 0.000000000000000000e+00 1.600000000000000089e+00 1.710000000000000094e-04 4.059000000000000108e-03 9.999919999999999920e-01 -3.527500000000000080e-01 9.357100000000000417e-01 -3.738000000000000003e-03 -9.357180000000000497e-01 -3.527460000000000040e-01 1.592000000000000099e-03
2.300000000000000000e+01 6.300000000000000000e+01 5.400000000000000000e+01 0.000000000000000000e+00 1.600000000000000089e+00 -1.979999999999999989e-03 -3.190999999999999826e-03 9.999930000000000208e-01 -3.515159999999999951e-01 9.361789999999999834e-01 2.291000000000000068e-03 -9.361800000000000122e-01 -3.515090000000000159e-01 -2.975000000000000214e-03
2.800000000000000000e+01 6.300000000000000000e+01 5.400000000000000000e+01 0.000000000000000000e+00 1.600000000000000089e+00 -7.079999999999999705e-04 -6.000000000000000152e-06 1.000000000000000000e+00 -3.462430000000000230e-01 9.381450000000000067e-01 -2.400000000000000061e-04 -9.381439999999999779e-01 -3.462430000000000230e-01 -6.660000000000000338e-04
1.400000000000000000e+01 2.500000000000000000e+01 5.500000000000000000e+01 0.000000000000000000e+00 1.600000000000000089e+00 1.435999999999999993e-03 5.839999999999999705e-03 -9.999820000000000375e-01 -1.923199999999999910e-02 -9.997979999999999645e-01 -5.866999999999999819e-03 -9.998139999999999805e-01 1.924000000000000016e-02 -1.322999999999999957e-03
4.000000000000000000e+00 2.100000000000000000e+01 6.000000000000000000e+01 0.000000000000000000e+00 1.600000000000000089e+00 1.900000000000000105e-05 2.609000000000000208e-03 9.999970000000000248e-01 -9.524299999999999433e-02 9.954509999999999748e-01 -2.595999999999999783e-03 -9.954539999999999500e-01 -9.524199999999999333e-02 2.669999999999999847e-04
6.000000000000000000e+00 2.100000000000000000e+01 6.000000000000000000e+01 0.000000000000000000e+00 1.600000000000000089e+00 8.670000000000000406e-04 5.107000000000000428e-03 9.999869999999999592e-01 -9.446799999999999642e-02 9.955150000000000388e-01 -5.002000000000000370e-03 -9.955279999999999685e-01 -9.446200000000000430e-02 1.345000000000000058e-03
1.800000000000000000e+01 2.100000000000000000e+01 6.000000000000000000e+01 0.000000000000000000e+00 1.600000000000000089e+00 -9.899999999999999404e-05 5.383999999999999897e-03 9.999860000000000415e-01 -9.533200000000000007e-02 9.954309999999999548e-01 -5.368999999999999641e-03 -9.954450000000000243e-01 -9.533099999999999907e-02 4.139999999999999800e-04
2.200000000000000000e+01 2.100000000000000000e+01 6.000000000000000000e+01 0.000000000000000000e+00 1.600000000000000089e+00 7.039999999999999817e-04 5.265999999999999848e-03 9.999860000000000415e-01 -9.735499999999999710e-02 9.952360000000000095e-01 -5.172000000000000382e-03 -9.952490000000000503e-01 -9.735000000000000597e-02 1.213000000000000102e-03
2.700000000000000000e+01 2.100000000000000000e+01 6.000000000000000000e+01 0.000000000000000000e+00 1.600000000000000089e+00 -1.093000000000000005e-03 -8.179999999999999771e-03 9.999660000000000215e-01 -9.614100000000000423e-02 9.953349999999999698e-01 8.037000000000000741e-03 -9.953670000000000018e-01 -9.612900000000000611e-02 -1.874000000000000015e-03
1.200000000000000000e+01 6.700000000000000000e+01 6.000000000000000000e+01 0.000000000000000000e+00 1.600000000000000089e+00 -1.077000000000000049e-03 -2.635000000000000189e-03 9.999959999999999960e-01 1.749610000000000054e-01 -9.845720000000000027e-01 -2.406000000000000152e-03 9.845749999999999780e-01 1.749580000000000024e-01 1.521999999999999915e-03
1.800000000000000000e+01 6.700000000000000000e+01 6.000000000000000000e+01 0.000000000000000000e+00 1.600000000000000089e+00 1.789999999999999870e-04 1.628000000000000107e-03 9.999989999999999712e-01 1.757940000000000058e-01 -9.844260000000000232e-01 1.570999999999999914e-03 9.844270000000000520e-01 1.757930000000000048e-01 -4.620000000000000083e-04
1.000000000000000000e+00 6.000000000000000000e+00 6.100000000000000000e+01 0.000000000000000000e+00 1.600000000000000089e+00 1.492000000000000054e-03 1.291999999999999963e-03 9.999980000000000535e-01 5.667879999999999585e-01 -8.238640000000000407e-01 2.190000000000000106e-04 8.238619999999999832e-01 5.667870000000000408e-01 -1.962000000000000202e-03
8.000000000000000000e+00 6.000000000000000000e+00 6.100000000000000000e+01 0.000000000000000000e+00 1.600000000000000089e+00 -1.337000000000000081e-03 1.316600000000000062e-02 9.999120000000000230e-01 5.704190000000000094e-01 -8.212720000000000020e-01 1.157700000000000048e-02 8.213529999999999998e-01 5.703840000000000021e-01 -6.412000000000000165e-03
