1.400000000000000000e+01 2.500000000000000000e+01 1.000000000000000000e+00 0.000000000000000000e+00 1.600000000000000089e+00 -7.010000000000000172e-04 1.874999999999999931e-03 -9.999980000000000535e-01 -5.220059999999999700e-01 -8.529409999999999492e-01 -1.232999999999999938e-03 -8.529419999999999780e-01 5.220040000000000235e-01 1.577000000000000060e-03
7.000000000000000000e+00 1.500000000000000000e+01 4.000000000000000000e+00 0.000000000000000000e+00 1.600000000000000089e+00 7.309999999999999875e-04 -1.356100000000000014e-02 9.999080000000000190e-01 3.805100000000000149e-01 -9.246879999999999544e-01 -1.281900000000000053e-02 9.247769999999999602e-01 3.804839999999999889e-01 4.484000000000000138e-03
1.600000000000000000e+01 1.500000000000000000e+01 4.000000000000000000e+00 0.000000000000000000e+00 1.600000000000000089e+00 -8.838999999999999635e-03 4.364200000000000024e-02 9.990080000000000071e-01 4.240639999999999965e-01 -9.045980000000000132e-01 4.327000000000000290e-02 9.055889999999999773e-01 4.240249999999999853e-01 -1.051099999999999951e-02
1.100000000000000000e+01 1.010000000000000000e+02 7.000000000000000000e+00 0.000000000000000000e+00 1.600000000000000089e+00 2.393999999999999861e-03 -9.771999999999999437e-03 9.999489999999999768e-01 8.864549999999999930e-01 4.628079999999999972e-01 2.399999999999999790e-03 -4.628079999999999972e-01 8.864049999999999985e-01 9.771000000000000171e-03
1.800000000000000000e+01 1.010000000000000000e+02 7.000000000000000000e+00 0.000000000000000000e+00 1.600000000000000089e+00 -1.742000000000000059e-03 7.043999999999999914e-03 9.999740000000000295e-01 8.867070000000000229e-01 4.623280000000000167e-01 -1.712999999999999896e-03 -4.623280000000000167e-01 8.866810000000000525e-01 -7.050999999999999976e-03
1.000000000000000000e+00 1.500000000000000000e+01 8.000000000000000000e+00 0.000000000000000000e+00 1.600000000000000089e+00 -9.870000000000000301e-04 -2.128499999999999837e-02 -9.997730000000000228e-01 -6.186450000000000005e-01 -7.854799999999999560e-01 1.733300000000000118e-02 -7.856699999999999795e-01 6.185209999999999875e-01 -1.239200000000000024e-02
4.000000000000000000e+00 1.500000000000000000e+01 8.000000000000000000e+00 0.000000000000000000e+00 1.600000000000000089e+00 -8.260000000000000198e-04 -2.053299999999999917e-02 -9.997890000000000388e-01 -6.185939999999999772e-01 -7.855339999999999545e-01 1.664300000000000154e-02 -7.857100000000000195e-01 6.184770000000000545e-01 -1.205299999999999948e-02
5.000000000000000000e+00 2.500000000000000000e+01 8.000000000000000000e+00 0.000000000000000000e+00 1.600000000000000089e+00 1.570999999999999914e-03 -8.279999999999999600e-04 -9.999980000000000535e-01 4.412139999999999951e-01 8.974020000000000330e-01 -5.000000000000000240e-05 8.974010000000000042e-01 -4.412130000000000218e-01 1.775000000000000102e-03
9.000000000000000000e+00 2.500000000000000000e+01 8.000000000000000000e+00 0.000000000000000000e+00 1.600000000000000089e+00 -5.240000000000000517e-04 -2.489999999999999809e-04 -1.000000000000000000e+00 4.404390000000000249e-01 8.977829999999999977e-01 -4.539999999999999765e-04 8.977819999999999689e-01 -4.404390000000000249e-01 -3.600000000000000227e-04
1.400000000000000000e+01 2.500000000000000000e+01 8.000000000000000000e+00 0.000000000000000000e+00 1.600000000000000089e+00 2.315999999999999916e-03 6.152999999999999615e-03 -9.999780000000000335e-01 4.386889999999999956e-01 8.986150000000000526e-01 6.544999999999999603e-03 8.986359999999999904e-01 -4.386939999999999729e-01 -6.179999999999999513e-04
1.800000000000000000e+01 2.500000000000000000e+01 8.000000000000000000e+00 0.000000000000000000e+00 1.600000000000000089e+00 1.655999999999999920e-03 2.056000000000000102e-03 -9.999970000000000248e-01 4.380539999999999989e-01 8.989449999999999941e-01 2.573000000000000200e-03 8.989470000000000516e-01 -4.380569999999999742e-01 5.879999999999999810e-04
2.400000000000000000e+01 2.500000000000000000e+01 8.000000000000000000e+00 0.000000000000000000e+00 1.600000000000000089e+00 1.776000000000000018e-03 3.376999999999999794e-03 -9.999930000000000208e-01 4.362690000000000179e-01 8.998080000000000522e-01 3.814000000000000116e-03 8.998140000000000027e-01 -4.362730000000000219e-01 1.240000000000000054e-04
2.800000000000000000e+01 2.500000000000000000e+01 8.000000000000000000e+00 0.000000000000000000e+00 1.600000000000000089e+00 2.967000000000000019e-03 -3.240000000000000150e-04 -9.999959999999999960e-01 4.358989999999999809e-01 8.999949999999999894e-01 1.002000000000000069e-03 8.999909999999999854e-01 -4.359000000000000097e-01 2.811999999999999830e-03
4.000000000000000000e+00 2.400000000000000000e+01 9.000000000000000000e+00 0.000000000000000000e+00 1.600000000000000089e+00 2.148000000000000170e-03 1.121999999999999950e-03 -9.999970000000000248e-01 4.482110000000000261e-01 8.939259999999999984e-01 1.965999999999999866e-03 8.939249999999999696e-01 -4.482140000000000013e-01 1.417000000000000074e-03
9.000000000000000000e+00 2.400000000000000000e+01 9.000000000000000000e+00 0.000000000000000000e+00 1.600000000000000089e+00 -2.020000000000000040e-04 -4.899999999999999842e-04 -1.000000000000000000e+00 4.468360000000000110e-01 8.946159999999999668e-01 -5.280000000000000405e-04 8.946159999999999668e-01 -4.468360000000000110e-01 3.800000000000000209e-05
1.500000000000000000e+01 2.400000000000000000e+01 9.000000000000000000e+00 0.000000000000000000e+00 1.600000000000000089e+00 2.344000000000000163e-03 3.991999999999999889e-03 -9.999890000000000168e-01 4.445819999999999772e-01 8.957260000000000222e-01 4.617999999999999709e-03 8.957349999999999479e-01 -4.445879999999999832e-01 3.249999999999999851e-04
2.400000000000000000e+01 2.400000000000000000e+01 9.000000000000000000e+00 0.000000000000000000e+00 1.600000000000000089e+00 1.497999999999999983e-03 4.236000000000000182e-03 -9.999900000000000455e-01 4.418810000000000238e-01 8.970620000000000260e-01 4.461999999999999821e-03 8.970719999999999805e-01 -4.418830000000000258e-01 -5.280000000000000405e-04
3.000000000000000000e+01 2.400000000000000000e+01 9.000000000000000000e+00 0.000000000000000000e+00 1.600000000000000089e+00 2.786999999999999981e-03 9.600000000000000243e-04 -9.999959999999999960e-01 4.423210000000000197e-01 8.968540000000000401e-01 2.093999999999999941e-03 8.968519999999999825e-01 -4.423250000000000237e-01 2.075000000000000022e-03
1.000000000000000000e+00 8.000000000000000000e+00 1.000000000000000000e+01 0.000000000000000000e+00 1.600000000000000089e+00 -1.324579999999999924e-01 -1.177669999999999967e-01 -9.841680000000000428e-01 -9.395229999999999970e-01 -3.014660000000000117e-01 1.625230000000000008e-01 -3.158329999999999749e-01 9.461760000000000170e-01 -7.071299999999999808e-02
2.900000000000000000e+01 8.000000000000000000e+00 1.000000000000000000e+01 0.000000000000000000e+00 1.600000000000000089e+00 8.888799999999999479e-02 5.535999999999999949e-02 -9.945019999999999971e-01 -9.827139999999999764e-01 -1.579119999999999968e-01 -9.662500000000000255e-02 -1.623930000000000096e-01 9.858999999999999986e-01 4.036599999999999910e-02
1.800000000000000000e+01 3.000000000000000000e+00 1.100000000000000000e+01 0.000000000000000000e+00 1.600000000000000089e+00 -6.204000000000000313e-03 1.058850000000000069e-01 9.943589999999999929e-01 1.352820000000000134e-01 -9.851480000000000237e-01 1.057489999999999958e-01 9.907880000000000020e-01 1.351749999999999896e-01 -8.212999999999999814e-03
2.700000000000000000e+01 4.000000000000000000e+00 1.100000000000000000e+01 0.000000000000000000e+00 1.600000000000000089e+00 -1.443000000000000055e-03 1.152419999999999972e-01 9.933359999999999967e-01 1.524899999999999867e-01 -9.816949999999999843e-01 1.141130000000000061e-01 9.883039999999999603e-01 1.516389999999999960e-01 -1.615600000000000022e-02
3.000000000000000000e+01 4.000000000000000000e+00 1.100000000000000000e+01 0.000000000000000000e+00 1.600000000000000089e+00 -1.428000000000000016e-03 9.350500000000000478e-02 9.956180000000000030e-01 1.571309999999999929e-01 -9.832300000000000484e-01 9.256699999999999651e-02 9.875770000000000381e-01 1.565749999999999920e-01 -1.328799999999999946e-02
7.000000000000000000e+00 3.100000000000000000e+01 1.200000000000000000e+01 0.000000000000000000e+00 1.600000000000000089e+00 -8.189999999999999581e-04 6.137000000000000094e-03 9.999810000000000088e-01 -4.697999999999999919e-03 9.999700000000000255e-01 -6.140999999999999757e-03 -9.999890000000000168e-01 -4.702999999999999715e-03 -7.900000000000000121e-04
6.000000000000000000e+00 1.160000000000000000e+02 1.600000000000000000e+01 0.000000000000000000e+00 1.600000000000000089e+00 3.640000000000000115e-04 6.130000000000000466e-04 1.000000000000000000e+00 7.626020000000000021e-01 6.468669999999999698e-01 -6.740000000000000114e-04 -6.468679999999999986e-01 7.626020000000000021e-01 -2.320000000000000014e-04
1.100000000000000000e+01 1.160000000000000000e+02 1.600000000000000000e+01 0.000000000000000000e+00 1.600000000000000089e+00 6.700000000000000226e-05 3.249999999999999851e-04 1.000000000000000000e+00 7.525659999999999572e-01 6.585170000000000190e-01 -2.649999999999999903e-04 -6.585170000000000190e-01 7.525659999999999572e-01 -2.000000000000000096e-04
1.500000000000000000e+01 1.160000000000000000e+02 1.600000000000000000e+01 0.000000000000000000e+00 1.600000000000000089e+00 -4.889999999999999599e-04 -1.936000000000000004e-03 9.999980000000000535e-01 7.533480000000000176e-01 6.576199999999999823e-01 1.642000000000000013e-03 -6.576220000000000399e-01 7.533480000000000176e-01 1.136999999999999990e-03
1.800000000000000000e+01 1.160000000000000000e+02 1.600000000000000000e+01 0.000000000000000000e+00 1.600000000000000089e+00 -3.420000000000000188e-04 -2.249000000000000131e-03 9.999970000000000248e-01 7.595600000000000129e-01 6.504349999999999854e-01 1.722999999999999922e-03 -6.504370000000000429e-01 7.595589999999999842e-01 1.485999999999999908e-03
2.400000000000000000e+01 1.160000000000000000e+02 1.600000000000000000e+01 0.000000000000000000e+00 1.600000000000000089e+00 -1.340000000000000045e-03 -9.070000000000000371e-04 9.999989999999999712e-01 7.410719999999999530e-01 6.714229999999999920e-01 1.601999999999999908e-03 -6.714240000000000208e-01 7.410729999999999817e-01 -2.269999999999999882e-04
2.900000000000000000e+01 1.160000000000000000e+02 1.600000000000000000e+01 0.000000000000000000e+00 1.600000000000000089e+00 -7.190000000000000210e-04 -2.779999999999999811e-04 1.000000000000000000e+00 7.534710000000000019e-01 6.574809999999999821e-01 7.249999999999999500e-04 -6.574809999999999821e-01 7.534710000000000019e-01 -2.640000000000000202e-04
6.000000000000000000e+00 2.000000000000000000e+00 1.900000000000000000e+01 0.000000000000000000e+00 1.600000000000000089e+00 7.105000000000000204e-03 -6.405700000000000283e-02 -9.979209999999999470e-01 3.671789999999999776e-01 -9.280690000000000328e-01 6.218699999999999922e-02 -9.301230000000000331e-01 -3.668569999999999887e-01 1.692700000000000107e-02
1.300000000000000000e+01 2.000000000000000000e+00 1.900000000000000000e+01 0.000000000000000000e+00 1.600000000000000089e+00 5.779999999999999548e-04 1.107299999999999951e-02 -9.999390000000000223e-01 3.648210000000000064e-01 -9.310230000000000450e-01 -1.009900000000000034e-02 -9.310779999999999612e-01 -3.647929999999999784e-01 -4.577999999999999604e-03
1.700000000000000000e+01 3.000000000000000000e+00 1.900000000000000000e+01 0.000000000000000000e+00 1.600000000000000089e+00 3.275999999999999832e-03 3.605699999999999877e-02 -9.993440000000000101e-01 3.407919999999999838e-01 -9.395670000000000410e-01 -3.278299999999999964e-02 -9.401329999999999965e-01 -3.404610000000000136e-01 -1.536599999999999945e-02
2.100000000000000000e+01 3.000000000000000000e+00 1.900000000000000000e+01 0.000000000000000000e+00 1.600000000000000089e+00 5.559999999999999621e-04 5.049100000000000116e-02 -9.987239999999999451e-01 3.483939999999999815e-01 -9.361620000000000497e-01 -4.713500000000000328e-02 -9.373479999999999590e-01 -3.479229999999999823e-01 -1.811099999999999863e-02
2.500000000000000000e+01 3.000000000000000000e+00 1.900000000000000000e+01 0.000000000000000000e+00 1.600000000000000089e+00 -4.000000000000000083e-03 4.725499999999999839e-02 -9.988749999999999574e-01 3.534129999999999772e-01 -9.343540000000000179e-01 -4.561799999999999883e-02 -9.354590000000000405e-01 -3.531980000000000119e-01 -1.296300000000000056e-02
2.900000000000000000e+01 3.000000000000000000e+00 1.900000000000000000e+01 0.000000000000000000e+00 1.600000000000000089e+00 -4.889000000000000117e-03 3.660599999999999965e-02 -9.993180000000000396e-01 3.523450000000000193e-01 -9.351779999999999538e-01 -3.598099999999999909e-02 -9.358570000000000499e-01 -3.522799999999999820e-01 -8.326000000000000068e-03
9.000000000000000000e+00 1.300000000000000000e+01 2.000000000000000000e+01 0.000000000000000000e+00 1.600000000000000089e+00 6.009999999999999717e-04 8.243000000000000327e-03 9.999660000000000215e-01 2.610689999999999955e-01 9.652859999999999774e-01 -8.113999999999999685e-03 -9.653199999999999559e-01 2.610649999999999915e-01 -1.572000000000000047e-03
1.300000000000000000e+01 1.300000000000000000e+01 2.000000000000000000e+01 0.000000000000000000e+00 1.600000000000000089e+00 -8.450000000000000479e-04 -2.534999999999999927e-03 9.999959999999999960e-01 2.614469999999999850e-01 9.652140000000000164e-01 2.667999999999999799e-03 -9.652180000000000204e-01 2.614480000000000137e-01 -1.530000000000000056e-04
2.600000000000000000e+01 1.300000000000000000e+01 2.000000000000000000e+01 0.000000000000000000e+00 1.600000000000000089e+00 9.000000000000000228e-06 -3.831000000000000204e-03 9.999930000000000208e-01 2.604429999999999801e-01 9.654819999999999514e-01 3.696000000000000067e-03 -9.654890000000000416e-01 2.604409999999999781e-01 1.005999999999999950e-03
1.300000000000000000e+01 1.600000000000000000e+01 2.100000000000000000e+01 0.000000000000000000e+00 1.600000000000000089e+00 -1.822999999999999968e-03 -5.193999999999999832e-03 9.999850000000000128e-01 2.990160000000000040e-01 9.542319999999999691e-01 5.501999999999999946e-03 -9.542460000000000386e-01 2.990220000000000100e-01 -1.869999999999999917e-04
1.000000000000000000e+01 2.000000000000000000e+00 2.500000000000000000e+01 0.000000000000000000e+00 1.600000000000000089e+00 2.337999999999999801e-03 -9.209000000000000172e-03 9.999550000000000383e-01 6.821399999999999686e-02 -9.976270000000000415e-01 -9.348000000000000406e-03 9.976679999999999993e-01 6.823300000000000198e-02 -1.704000000000000003e-03
2.000000000000000000e+00 3.000000000000000000e+00 2.500000000000000000e+01 0.000000000000000000e+00 1.600000000000000089e+00 1.213599999999999922e-02 -4.720400000000000290e-02 9.988120000000000331e-01 3.234800000000000175e-02 -9.983440000000000092e-01 -4.757499999999999923e-02 9.994030000000000413e-01 3.288699999999999957e-02 -1.058899999999999945e-02
9.000000000000000000e+00 3.000000000000000000e+00 2.500000000000000000e+01 0.000000000000000000e+00 1.600000000000000089e+00 1.956999999999999972e-03 -1.298900000000000055e-02 9.999139999999999695e-01 -1.321300000000000079e-02 -9.998289999999999678e-01 -1.296199999999999956e-02 9.999109999999999943e-01 -1.318700000000000080e-02 -2.128000000000000117e-03
1.500000000000000000e+01 3.000000000000000000e+00 2.500000000000000000e+01 0.000000000000000000e+00 1.600000000000000089e+00 1.598000000000000028e-03 5.832999999999999644e-03 9.999820000000000375e-01 -1.788000000000000006e-02 -9.998230000000000173e-01 5.860999999999999890e-03 9.998390000000000333e-01 -1.788899999999999865e-02 -1.494000000000000102e-03
1.000000000000000000e+00 4.600000000000000000e+01 2.700000000000000000e+01 0.000000000000000000e+00 1.600000000000000089e+00 -4.389999999999999914e-04 2.057999999999999934e-03 -9.999980000000000535e-01 6.713409999999999656e-01 7.411470000000000002e-01 1.229999999999999974e-03 7.411480000000000290e-01 -6.713390000000000191e-01 -1.706999999999999967e-03
4.000000000000000000e+00 4.600000000000000000e+01 2.700000000000000000e+01 0.000000000000000000e+00 1.600000000000000089e+00 1.129000000000000012e-03 2.837000000000000112e-03 -9.999949999999999672e-01 6.710040000000000449e-01 7.414490000000000247e-01 2.860999999999999828e-03 7.414530000000000287e-01 -6.710040000000000449e-01 -1.066000000000000107e-03
1.300000000000000000e+01 4.600000000000000000e+01 2.700000000000000000e+01 0.000000000000000000e+00 1.600000000000000089e+00 -1.479999999999999925e-04 -5.090000000000000123e-04 -1.000000000000000000e+00 6.799619999999999553e-01 7.332469999999999821e-01 -4.739999999999999747e-04 7.332480000000000109e-01 -6.799619999999999553e-01 2.380000000000000117e-04
6.000000000000000000e+00 4.600000000000000000e+01 3.500000000000000000e+01 0.000000000000000000e+00 1.600000000000000089e+00 2.046000000000000076e-03 2.874999999999999951e-03 -9.999940000000000495e-01 3.893229999999999746e-01 -9.210990000000000011e-01 -1.851999999999999914e-03 -9.210990000000000011e-01 -3.893170000000000242e-01 -3.004000000000000160e-03
1.100000000000000000e+01 4.600000000000000000e+01 3.500000000000000000e+01 0.000000000000000000e+00 1.600000000000000089e+00 -1.296999999999999976e-03 -2.158000000000000196e-03 -9.999970000000000248e-01 3.898389999999999911e-01 -9.208819999999999784e-01 1.482000000000000027e-03 -9.208819999999999784e-01 -3.898349999999999871e-01 2.034999999999999917e-03
1.500000000000000000e+01 4.600000000000000000e+01 3.500000000000000000e+01 0.000000000000000000e+00 1.600000000000000089e+00 -1.101999999999999898e-03 -1.528000000000000061e-03 -9.999980000000000535e-01 3.906330000000000080e-01 -9.205459999999999754e-01 9.759999999999999796e-04 -9.205459999999999754e-01 -3.906310000000000060e-01 1.611000000000000019e-03
1.900000000000000000e+01 4.600000000000000000e+01 3.500000000000000000e+01 0.000000000000000000e+00 1.600000000000000089e+00 -8.559999999999999901e-04 -3.681999999999999943e-03 -9.999930000000000208e-01 3.933159999999999989e-01 -9.193980000000000485e-01 3.049000000000000061e-03 -9.194029999999999703e-01 -3.933099999999999929e-01 2.235000000000000007e-03
2.400000000000000000e+01 4.600000000000000000e+01 3.500000000000000000e+01 0.000000000000000000e+00 1.600000000000000089e+00 2.000000000000000164e-05 1.221000000000000080e-03 -9.999989999999999712e-01 3.937030000000000252e-01 -9.192369999999999708e-01 -1.113999999999999973e-03 -9.192379999999999995e-01 -3.937019999999999964e-01 -4.989999999999999861e-04
2.000000000000000000e+00 2.900000000000000000e+01 4.400000000000000000e+01 0.000000000000000000e+00 1.600000000000000089e+00 1.013000000000000012e-03 8.270000000000000441e-04 -9.999989999999999712e-01 6.542540000000000022e-01 7.562740000000000018e-01 1.288000000000000082e-03 7.562740000000000018e-01 -6.542550000000000310e-01 2.249999999999999938e-04
8.000000000000000000e+00 2.900000000000000000e+01 4.400000000000000000e+01 0.000000000000000000e+00 1.600000000000000089e+00 4.969000000000000326e-03 4.544000000000000296e-03 -9.999770000000000048e-01 6.603879999999999750e-01 7.508949999999999791e-01 6.694000000000000297e-03 7.509080000000000199e-01 -6.604060000000000485e-01 7.299999999999999632e-04
1.300000000000000000e+01 2.900000000000000000e+01 4.400000000000000000e+01 0.000000000000000000e+00 1.600000000000000089e+00 -2.273999999999999980e-03 2.458000000000000115e-03 -9.999940000000000495e-01 6.591200000000000392e-01 7.520379999999999843e-01 3.490000000000000263e-04 7.520350000000000090e-01 -6.591150000000000064e-01 -3.330000000000000061e-03
2.400000000000000000e+01 2.900000000000000000e+01 4.400000000000000000e+01 0.000000000000000000e+00 1.600000000000000089e+00 -1.755999999999999965e-03 -1.889999999999999970e-03 -9.999970000000000248e-01 6.575560000000000294e-01 7.534009999999999874e-01 -2.577999999999999996e-03 7.534039999999999626e-01 -6.575579999999999758e-01 -8.000000000000000654e-05
2.900000000000000000e+01 2.900000000000000000e+01 4.400000000000000000e+01 0.000000000000000000e+00 1.600000000000000089e+00 1.430000000000000064e-04 -4.949999999999999973e-04 -1.000000000000000000e+00 6.611120000000000330e-01 7.502870000000000372e-01 -2.770000000000000110e-04 7.502870000000000372e-01 -6.611120000000000330e-01 4.350000000000000026e-04
5.000000000000000000e+00 1.150000000000000000e+02 5.100000000000000000e+01 0.000000000000000000e+00 1.600000000000000089e+00 -5.000000000000000409e-06 -3.924999999999999670e-03 9.999919999999999920e-01 8.443840000000000234e-01 -5.357340000000000435e-01 -2.099000000000000171e-03 5.357380000000000475e-01 8.443779999999999619e-01 3.317000000000000070e-03
3.000000000000000000e+00 6.300000000000000000e+01 5.400000000000000000e+01 0.000000000000000000e+00 1.600000000000000089e+00 -1.146000000000000100e-03 1.660999999999999933e-03 9.999980000000000535e-01 -3.521589999999999998e-01 9.359380000000000477e-01 -1.958000000000000105e-03 -9.359399999999999942e-01 -3.521599999999999731e-01 -4.879999999999999898e-04
8.000000000000000000e+00 6.300000000000000000e+01 5.400000000000000000e+01 0.000000000000000000e+00 1.600000000000000089e+00 1.369999999999999961e-04 2.805999999999999901e-03 9.999959999999999960e-01 -3.496779999999999888e-01 9.368670000000000053e-01 -2.580999999999999961e-03 -9.368699999999999806e-01 -3.496759999999999868e-01 1.110000000000000092e-03
1.400000000000000000e+01 6.300000000000000000e+01 5.400000000000000000e+01 0.000000000000000000e+00 1.600000000000000089e+00 1.505000000000000044e-03 5.550000000000000462e-04 9.999989999999999712e-01 -3.525889999999999858e-01 9.357779999999999987e-01 1.200000000000000030e-05 -9.357769999999999699e-01 -3.525889999999999858e-01 1.603999999999999957e-03
1.900000000000000000e+01 6.300000000000000000e+01 5.400000000000000000e+01 0.000000000000000000e+00 1.600000000000000089e+00 1.310000000000000129e-04 -3.203999999999999817e-03 9.999949999999999672e-01 -3.506650000000000045e-01 9.364959999999999951e-01 3.046999999999999795e-03 -9.365010000000000279e-01 -3.506630000000000025e-01 -1.000999999999999937e-03
2.400000000000000000e+01 6.300000000000000000e+01 5.400000000000000000e+01 0.000000000000000000e+00 1.600000000000000089e+00 -1.402999999999999950e-03 -4.180999999999999821e-03 9.999900000000000455e-01 -3.516409999999999814e-01 9.361289999999999889e-01 3.420999999999999996e-03 -9.361340000000000217e-01 -3.516329999999999734e-01 -2.782999999999999884e-03
1.000000000000000000e+00 2.500000000000000000e+01 5.500000000000000000e+01 0.000000000000000000e+00 1.600000000000000089e+00 -3.179999999999999776e-04 7.540000000000000044e-04 -1.000000000000000000e+00 -1.178300000000000007e-02 -9.999299999999999855e-01 -7.500000000000000156e-04 -9.999310000000000143e-01 1.178300000000000007e-02 3.269999999999999795e-04
1.600000000000000000e+01 2.500000000000000000e+01 5.500000000000000000e+01 0.000000000000000000e+00 1.600000000000000089e+00 -1.689999999999999879e-04 4.699999999999999859e-04 -1.000000000000000000e+00 -1.393199999999999994e-02 -9.999029999999999863e-01 -4.670000000000000214e-04 -9.999029999999999863e-01 1.393199999999999994e-02 1.749999999999999982e-04
2.000000000000000000e+01 2.600000000000000000e+01 5.500000000000000000e+01 0.000000000000000000e+00 1.600000000000000089e+00 1.315999999999999896e-03 5.100999999999999632e-03 -9.999860000000000415e-01 -3.304499999999999799e-02 -9.994410000000000238e-01 -5.141999999999999869e-03 -9.994530000000000358e-01 3.305099999999999705e-02 -1.147000000000000016e-03
7.000000000000000000e+00 6.800000000000000000e+01 5.700000000000000000e+01 0.000000000000000000e+00 1.600000000000000089e+00 2.660000000000000146e-04 -4.969000000000000326e-03 -9.999879999999999880e-01 -2.417390000000000094e-01 -9.703300000000000258e-01 4.758000000000000076e-03 -9.703410000000000091e-01 2.417340000000000044e-01 -1.459999999999999926e-03
8.000000000000000000e+00 2.100000000000000000e+01 6.000000000000000000e+01 0.000000000000000000e+00 1.600000000000000089e+00 -7.230000000000000098e-04 5.460999999999999709e-03 9.999850000000000128e-01 -9.526300000000000046e-02 9.954370000000000163e-01 -5.505000000000000344e-03 -9.954520000000000035e-01 -9.526500000000000246e-02 -1.990000000000000124e-04
1.400000000000000000e+01 2.100000000000000000e+01 6.000000000000000000e+01 0.000000000000000000e+00 1.600000000000000089e+00 7.190000000000000210e-04 -7.396999999999999929e-03 9.999719999999999720e-01 -9.669099999999999917e-02 9.952870000000000328e-01 7.432000000000000238e-03 -9.953140000000000320e-01 -9.669300000000000117e-02 0.000000000000000000e+00
1.800000000000000000e+01 2.100000000000000000e+01 6.000000000000000000e+01 0.000000000000000000e+00 1.600000000000000089e+00 1.675999999999999972e-03 -1.180000000000000059e-03 9.999980000000000535e-01 -9.719999999999999474e-02 9.952640000000000375e-01 1.337000000000000081e-03 -9.952640000000000375e-01 -9.720199999999999674e-02 1.554000000000000043e-03
2.200000000000000000e+01 2.100000000000000000e+01 6.000000000000000000e+01 0.000000000000000000e+00 1.600000000000000089e+00 -1.600999999999999993e-03 6.787999999999999763e-03 9.999759999999999760e-01 -9.576999999999999402e-02 9.953800000000000425e-01 -6.910000000000000343e-03 -9.954020000000000090e-01 -9.577900000000000302e-02 -9.439999999999999607e-04
2.700000000000000000e+01 2.100000000000000000e+01 6.000000000000000000e+01 0.000000000000000000e+00 1.600000000000000089e+00 -1.048000000000000103e-03 1.510000000000000057e-03 9.999980000000000535e-01 -9.555099999999999705e-02 9.954229999999999468e-01 -1.603999999999999957e-03 -9.954239999999999755e-01 -9.555199999999999805e-02 -8.980000000000000352e-04
9.000000000000000000e+00 6.700000000000000000e+01 6.000000000000000000e+01 0.000000000000000000e+00 1.600000000000000089e+00 -1.360000000000000098e-03 -3.186000000000000030e-03 9.999940000000000495e-01 1.749729999999999897e-01 -9.845690000000000275e-01 -2.899000000000000101e-03 9.845720000000000027e-01 1.749680000000000124e-01 1.895999999999999899e-03
2.100000000000000000e+01 3.000000000000000000e+00 6.300000000000000000e+01 0.000000000000000000e+00 1.600000000000000089e+00 -1.121000000000000035e-03 -3.820000000000000045e-03 9.999919999999999920e-01 -6.132250000000000201e-01 7.899049999999999683e-01 2.330000000000000040e-03 -7.899080000000000545e-01 -6.132170000000000121e-01 -3.227999999999999967e-03
3.000000000000000000e+00 2.700000000000000000e+01 6.300000000000000000e+01 0.000000000000000000e+00 1.600000000000000089e+00 -9.920000000000000432e-04 -1.677000000000000105e-03 9.999980000000000535e-01 -2.745909999999999740e-01 9.615599999999999703e-01 1.340000000000000045e-03 -9.615609999999999991e-01 -2.745890000000000275e-01 -1.413999999999999892e-03
8.000000000000000000e+00 2.700000000000000000e+01 6.300000000000000000e+01 0.000000000000000000e+00 1.600000000000000089e+00 -1.067999999999999939e-03 -2.105000000000000100e-03 9.999970000000000248e-01 -2.755279999999999951e-01 9.612910000000000066e-01 1.729999999999999984e-03 -9.612920000000000353e-01 -2.755250000000000199e-01 -1.606999999999999922e-03
1.800000000000000000e+01 2.700000000000000000e+01 6.300000000000000000e+01 0.000000000000000000e+00 1.600000000000000089e+00 1.768000000000000040e-03 -5.419999999999999471e-04 9.999980000000000535e-01 -2.747550000000000270e-01 9.615139999999999798e-01 1.007000000000000083e-03 -9.615129999999999511e-01 -2.747560000000000002e-01 1.551000000000000078e-03
2.300000000000000000e+01 2.700000000000000000e+01 6.300000000000000000e+01 0.000000000000000000e+00 1.600000000000000089e+00 -1.544000000000000017e-03 1.614999999999999899e-03 9.999970000000000248e-01 -2.777240000000000264e-01 9.606590000000000407e-01 -1.979999999999999989e-03 -9.606599999999999584e-01 -2.777270000000000016e-01 -1.034999999999999896e-03
2.600000000000000000e+01 2.700000000000000000e+01 6.300000000000000000e+01 0.000000000000000000e+00 1.600000000000000089e+00 -4.989999999999999861e-04 3.781000000000000073e-03 9.999930000000000208e-01 -2.780279999999999974e-01 9.605660000000000309e-01 -3.771000000000000046e-03 -9.605730000000000102e-01 -2.780279999999999974e-01 5.720000000000000258e-04
2.900000000000000000e+01 2.700000000000000000e+01 6.300000000000000000e+01 0.000000000000000000e+00 1.600000000000000089e+00 1.407000000000000048e-03 4.185000000000000352e-03 9.999900000000000455e-01 -2.777540000000000009e-01 9.606449999999999712e-01 -3.629999999999999980e-03 -9.606510000000000327e-01 -2.777459999999999929e-01 2.514999999999999875e-03
4.000000000000000000e+00 2.600000000000000000e+01 6.400000000000000000e+01 0.000000000000000000e+00 1.600000000000000089e+00 -1.949999999999999965e-04 -2.099999999999999870e-03 9.999980000000000535e-01 -3.680700000000000083e-01 9.297959999999999559e-01 1.881000000000000076e-03 -9.297980000000000134e-01 -3.680680000000000063e-01 -9.550000000000000112e-04
8.000000000000000000e+00 2.600000000000000000e+01 6.400000000000000000e+01 0.000000000000000000e+00 1.600000000000000089e+00 -1.066000000000000107e-03 -1.595999999999999979e-03 9.999980000000000535e-01 -3.682840000000000003e-01 9.297130000000000116e-01 1.090999999999999956e-03 -9.297130000000000116e-01 -3.682830000000000270e-01 -1.579000000000000108e-03
1.800000000000000000e+01 2.600000000000000000e+01 6.400000000000000000e+01 0.000000000000000000e+00 1.600000000000000089e+00 2.350999999999999791e-03 1.890000000000000133e-04 9.999970000000000248e-01 -3.670669999999999766e-01 9.301939999999999653e-01 6.870000000000000022e-04 -9.301920000000000188e-01 -3.670669999999999766e-01 2.256000000000000193e-03
2.300000000000000000e+01 2.600000000000000000e+01 6.400000000000000000e+01 0.000000000000000000e+00 1.600000000000000089e+00 -1.975999999999999892e-03 2.298999999999999828e-03 9.999949999999999672e-01 -3.711459999999999759e-01 9.285700000000000065e-01 -2.869000000000000022e-03 -9.285719999999999530e-01 -3.711499999999999799e-01 -9.820000000000000170e-04
2.700000000000000000e+01 2.600000000000000000e+01 6.400000000000000000e+01 0.000000000000000000e+00 1.600000000000000089e+00 -3.089999999999999756e-04 3.481000000000000153e-03 9.999940000000000495e-01 -3.715669999999999806e-01 9.284000000000000030e-01 -3.347000000000000149e-03 -9.284059999999999535e-01 -3.715660000000000074e-01 1.007000000000000083e-03
2.900000000000000000e+01 2.600000000000000000e+01 6.400000000000000000e+01 0.000000000000000000e+00 1.600000000000000089e+00 7.849999999999999990e-04 3.158000000000000217e-03 9.999949999999999672e-01 -3.713130000000000042e-01 9.285039999999999960e-01 -2.641000000000000118e-03 -9.285069999999999713e-01 -3.713090000000000002e-01 1.902000000000000045e-03
3.000000000000000000e+00 2.500000000000000000e+01 7.300000000000000000e+01 0.000000000000000000e+00 1.600000000000000089e+00 -7.069999999999999462e-04 1.979999999999999881e-04 1.000000000000000000e+00 7.571790000000000465e-01 -6.532069999999999821e-01 6.650000000000000095e-04 6.532069999999999821e-01 7.571790000000000465e-01 3.119999999999999944e-04
6.000000000000000000e+00 2.500000000000000000e+01 7.300000000000000000e+01 0.000000000000000000e+00 1.600000000000000089e+00 -7.330000000000000361e-04 1.193999999999999966e-03 9.999989999999999712e-01 7.575429999999999664e-01 -6.527840000000000309e-01 1.335000000000000032e-03 6.527849999999999486e-01 7.575429999999999664e-01 -4.260000000000000006e-04
1.100000000000000000e+01 2.500000000000000000e+01 7.300000000000000000e+01 0.000000000000000000e+00 1.600000000000000089e+00 1.644999999999999978e-03 1.224999999999999960e-03 9.999980000000000535e-01 7.573499999999999677e-01 -6.530089999999999506e-01 -4.459999999999999989e-04 6.530070000000000041e-01 7.573490000000000499e-01 -2.001999999999999873e-03
1.600000000000000000e+01 2.500000000000000000e+01 7.300000000000000000e+01 0.000000000000000000e+00 1.600000000000000089e+00 -3.970000000000000005e-04 4.899999999999999842e-04 1.000000000000000000e+00 7.583509999999999973e-01 -6.518469999999999542e-01 6.199999999999999999e-04 6.518469999999999542e-01 7.583509999999999973e-01 -1.119999999999999983e-04
2.300000000000000000e+01 2.500000000000000000e+01 7.300000000000000000e+01 0.000000000000000000e+00 1.600000000000000089e+00 -4.409999999999999858e-04 1.531000000000000026e-03 9.999989999999999712e-01 7.541729999999999823e-01 -6.566750000000000087e-01 1.337999999999999997e-03 6.566760000000000375e-01 7.541719999999999535e-01 -8.660000000000000163e-04
2.700000000000000000e+01 2.500000000000000000e+01 7.300000000000000000e+01 0.000000000000000000e+00 1.600000000000000089e+00 -2.359999999999999902e-04 2.204999999999999929e-03 9.999970000000000248e-01 7.573900000000000077e-01 -6.529610000000000136e-01 1.618000000000000081e-03 6.529629999999999601e-01 7.573879999999999502e-01 -1.515999999999999986e-03
3.000000000000000000e+01 2.500000000000000000e+01 7.300000000000000000e+01 0.000000000000000000e+00 1.600000000000000089e+00 -4.850000000000000253e-04 4.022000000000000401e-03 9.999919999999999920e-01 7.576359999999999761e-01 -6.526699999999999724e-01 2.993000000000000001e-03 6.526769999999999516e-01 7.576319999999999721e-01 -2.729999999999999788e-03
4.000000000000000000e+00 4.400000000000000000e+01 7.300000000000000000e+01 0.000000000000000000e+00 1.600000000000000089e+00 -6.160000000000000111e-04 -3.327999999999999795e-03 9.999940000000000495e-01 5.456799999999999845e-02 -9.985049999999999759e-01 -3.288999999999999823e-03 9.985100000000000087e-01 5.456600000000000339e-02 7.969999999999999654e-04
8.000000000000000000e+00 4.400000000000000000e+01 7.300000000000000000e+01 0.000000000000000000e+00 1.600000000000000089e+00 6.970000000000000284e-04 -2.612999999999999871e-03 9.999959999999999960e-01 5.392099999999999671e-02 -9.985420000000000407e-01 -2.647000000000000047e-03 9.985450000000000159e-01 5.392299999999999871e-02 -5.550000000000000462e-04
1.300000000000000000e+01 4.400000000000000000e+01 7.300000000000000000e+01 0.000000000000000000e+00 1.600000000000000089e+00 3.490000000000000263e-04 4.949999999999999973e-04 1.000000000000000000e+00 5.748799999999999744e-02 -9.983459999999999557e-01 4.739999999999999747e-04 9.983459999999999557e-01 5.748799999999999744e-02 -3.770000000000000022e-04
1.900000000000000000e+01 4.400000000000000000e+01 7.300000000000000000e+01 0.000000000000000000e+00 1.600000000000000089e+00 -6.459999999999999814e-04 -1.534999999999999906e-03 9.999989999999999712e-01 5.469500000000000056e-02 -9.985020000000000007e-01 -1.497999999999999983e-03 9.985030000000000294e-01 5.469399999999999956e-02 7.290000000000000473e-04
2.300000000000000000e+01 4.400000000000000000e+01 7.300000000000000000e+01 0.000000000000000000e+00 1.600000000000000089e+00 -2.500000000000000052e-04 -8.800000000000000313e-04 1.000000000000000000e+00 5.497300000000000103e-02 -9.984870000000000134e-01 -8.649999999999999920e-04 9.984880000000000422e-01 5.497200000000000003e-02 2.979999999999999793e-04
2.900000000000000000e+01 4.400000000000000000e+01 7.300000000000000000e+01 0.000000000000000000e+00 1.600000000000000089e+00 -8.360000000000000460e-04 -1.547999999999999897e-03 9.999980000000000535e-01 5.440899999999999903e-02 -9.985180000000000167e-01 -1.500999999999999947e-03 9.985180000000000167e-01 5.440799999999999803e-02 9.190000000000000035e-04
6.000000000000000000e+00 9.100000000000000000e+01 7.600000000000000000e+01 0.000000000000000000e+00 1.600000000000000089e+00 -2.113999999999999994e-03 1.412000000000000061e-03 9.999970000000000248e-01 3.118239999999999901e-01 -9.501380000000000381e-01 2.001000000000000174e-03 9.501370000000000093e-01 3.118279999999999941e-01 1.567999999999999949e-03
1.000000000000000000e+01 9.100000000000000000e+01 7.600000000000000000e+01 0.000000000000000000e+00 1.600000000000000089e+00 -2.689999999999999791e-04 -1.590999999999999966e-03 9.999989999999999712e-01 3.203309999999999769e-01 -9.473049999999999526e-01 -1.420999999999999954e-03 9.473059999999999814e-01 3.203300000000000036e-01 7.640000000000000306e-04
1.500000000000000000e+01 9.100000000000000000e+01 7.600000000000000000e+01 0.000000000000000000e+00 1.600000000000000089e+00 1.968999999999999830e-03 -9.319999999999999942e-04 9.999980000000000535e-01 3.195979999999999932e-01 -9.475519999999999499e-01 -1.512000000000000106e-03 9.475510000000000321e-01 3.195999999999999952e-01 -1.567999999999999949e-03
2.100000000000000000e+01 9.100000000000000000e+01 7.600000000000000000e+01 0.000000000000000000e+00 1.600000000000000089e+00 -2.139999999999999975e-03 -1.456000000000000046e-03 9.999970000000000248e-01 3.009669999999999845e-01 -9.536339999999999817e-01 -7.439999999999999782e-04 9.536320000000000352e-01 3.009640000000000093e-01 2.478999999999999867e-03
2.500000000000000000e+01 9.100000000000000000e+01 7.600000000000000000e+01 0.000000000000000000e+00 1.600000000000000089e+00 -4.229999999999999819e-04 1.589999999999999888e-04 1.000000000000000000e+00 2.924439999999999817e-01 -9.562829999999999941e-01 2.759999999999999867e-04 9.562829999999999941e-01 2.924439999999999817e-01 3.579999999999999741e-04
2.900000000000000000e+01 9.100000000000000000e+01 7.600000000000000000e+01 0.000000000000000000e+00 1.600000000000000089e+00 -1.396000000000000105e-03 -1.425999999999999967e-03 9.999980000000000535e-01 2.980070000000000219e-01 -9.545630000000000503e-01 -9.449999999999999850e-04 9.545630000000000503e-01 2.980059999999999931e-01 1.758000000000000014e-03
2.300000000000000000e+01 6.300000000000000000e+01 8.100000000000000000e+01 0.000000000000000000e+00 1.600000000000000089e+00 -6.399999999999999710e-05 6.989000000000000420e-03 9.999759999999999760e-01 3.080199999999999952e-02 -9.995009999999999728e-01 6.988000000000000288e-03 9.995249999999999968e-01 3.080199999999999952e-02 -1.510000000000000112e-04
1.000000000000000000e+01 1.020000000000000000e+02 8.200000000000000000e+01 0.000000000000000000e+00 1.600000000000000089e+00 -9.030000000000000483e-04 -3.203999999999999817e-03 -9.999940000000000495e-01 -6.377650000000000263e-01 7.702290000000000525e-01 -1.892000000000000019e-03 7.702299999999999702e-01 6.377599999999999936e-01 -2.739000000000000115e-03
7.000000000000000000e+00 4.400000000000000000e+01 8.300000000000000000e+01 0.000000000000000000e+00 1.600000000000000089e+00 9.859999999999998974e-04 -1.302999999999999905e-03 9.999989999999999712e-01 5.840189999999999548e-01 -8.117389999999999883e-01 -1.634000000000000036e-03 8.117400000000000171e-01 5.840189999999999548e-01 -4.000000000000000327e-05
1.700000000000000000e+01 4.400000000000000000e+01 8.300000000000000000e+01 0.000000000000000000e+00 1.600000000000000089e+00 -1.110000000000000092e-03 6.058000000000000017e-03 9.999810000000000088e-01 5.802089999999999748e-01 -8.144479999999999498e-01 5.577999999999999625e-03 8.144670000000000520e-01 5.802049999999999708e-01 -2.611000000000000040e-03
2.300000000000000000e+01 4.400000000000000000e+01 8.300000000000000000e+01 0.000000000000000000e+00 1.600000000000000089e+00 3.080000000000000055e-04 3.680000000000000111e-03 9.999930000000000208e-01 5.772199999999999553e-01 -8.165839999999999765e-01 2.827000000000000086e-03 8.165879999999999805e-01 5.772159999999999513e-01 -2.376000000000000074e-03
2.700000000000000000e+01 4.400000000000000000e+01 8.300000000000000000e+01 0.000000000000000000e+00 1.600000000000000089e+00 -4.459999999999999989e-04 -1.554000000000000043e-03 9.999989999999999712e-01 5.750530000000000364e-01 -8.181150000000000366e-01 -1.015000000000000060e-03 8.181159999999999544e-01 5.750520000000000076e-01 1.258000000000000004e-03
7.000000000000000000e+00 4.800000000000000000e+01 8.400000000000000000e+01 0.000000000000000000e+00 1.600000000000000089e+00 -1.363999999999999978e-03 -2.441000000000000027e-03 -9.999959999999999960e-01 -9.446590000000000265e-01 -3.280469999999999775e-01 2.089000000000000145e-03 -3.280509999999999815e-01 9.446579999999999977e-01 -1.858000000000000059e-03
