2.600000000000000000e+01 1.900000000000000000e+01 5.000000000000000000e+00 0.000000000000000000e+00 1.600000000000000089e+00 -1.820000000000000003e-03 -2.164999999999999824e-03 -9.999959999999999960e-01 -6.931349999999999456e-01 -7.208020000000000538e-01 2.821999999999999856e-03 -7.208059999999999468e-01 6.931370000000000031e-01 -1.890000000000000133e-04
7.000000000000000000e+00 1.010000000000000000e+02 7.000000000000000000e+00 0.000000000000000000e+00 1.600000000000000089e+00 -1.075999999999999917e-03 4.878000000000000391e-03 9.999869999999999592e-01 8.823839999999999462e-01 4.705280000000000018e-01 -1.345000000000000058e-03 -4.705289999999999750e-01 8.823720000000000452e-01 -4.810000000000000039e-03
1.300000000000000000e+01 1.010000000000000000e+02 7.000000000000000000e+00 0.000000000000000000e+00 1.600000000000000089e+00 2.230999999999999910e-03 1.079999999999999960e-04 9.999970000000000248e-01 8.817939999999999667e-01 4.716299999999999937e-01 -2.017999999999999829e-03 -4.716290000000000204e-01 8.817970000000000530e-01 9.569999999999999514e-04
1.800000000000000000e+01 1.010000000000000000e+02 7.000000000000000000e+00 0.000000000000000000e+00 1.600000000000000089e+00 2.854999999999999899e-03 -2.538800000000000084e-02 9.996739999999999515e-01 8.837829999999999853e-01 4.678030000000000244e-01 9.355999999999999733e-03 -4.678869999999999973e-01 8.834680000000000311e-01 2.377299999999999899e-02
2.500000000000000000e+01 1.010000000000000000e+02 7.000000000000000000e+00 0.000000000000000000e+00 1.600000000000000089e+00 1.200000000000000030e-04 2.053000000000000137e-03 9.999980000000000535e-01 8.865239999999999787e-01 4.626810000000000089e-01 -1.056000000000000081e-03 -4.626819999999999822e-01 8.865229999999999499e-01 -1.763999999999999943e-03
2.800000000000000000e+01 1.010000000000000000e+02 7.000000000000000000e+00 0.000000000000000000e+00 1.600000000000000089e+00 -3.027000000000000177e-03 1.079500000000000078e-02 9.999369999999999647e-01 8.866110000000000380e-01 4.625110000000000054e-01 -2.308999999999999855e-03 -4.625070000000000014e-01 8.865480000000000027e-01 -1.097000000000000058e-02
5.000000000000000000e+00 1.500000000000000000e+01 8.000000000000000000e+00 0.000000000000000000e+00 1.600000000000000089e+00 -2.049000000000000040e-03 -1.286699999999999997e-02 -9.999149999999999983e-01 -6.279679999999999707e-01 -7.781569999999999876e-01 1.129999999999999928e-02 -7.782360000000000388e-01 6.279379999999999962e-01 -6.485000000000000313e-03
1.000000000000000000e+01 1.500000000000000000e+01 8.000000000000000000e+00 0.000000000000000000e+00 1.600000000000000089e+00 -2.590000000000000071e-04 1.009299999999999954e-02 -9.999489999999999768e-01 -6.287540000000000351e-01 -7.775659999999999794e-01 -7.686000000000000124e-03 -7.776039999999999619e-01 6.287199999999999456e-01 6.548000000000000001e-03
4.000000000000000000e+00 2.500000000000000000e+01 8.000000000000000000e+00 0.000000000000000000e+00 1.600000000000000089e+00 8.440000000000000236e-04 1.320999999999999909e-03 -9.999989999999999712e-01 4.448199999999999932e-01 8.956190000000000540e-01 1.559000000000000056e-03 8.956199999999999717e-01 -4.448210000000000219e-01 1.679999999999999907e-04
8.000000000000000000e+00 2.500000000000000000e+01 8.000000000000000000e+00 0.000000000000000000e+00 1.600000000000000089e+00 1.002000000000000069e-03 -4.987000000000000113e-03 -9.999869999999999592e-01 4.445290000000000075e-01 8.957559999999999967e-01 -4.022000000000000401e-03 8.957640000000000047e-01 -4.445189999999999975e-01 3.114000000000000015e-03
1.300000000000000000e+01 2.500000000000000000e+01 8.000000000000000000e+00 0.000000000000000000e+00 1.600000000000000089e+00 1.910000000000000077e-04 3.468999999999999861e-03 -9.999940000000000495e-01 4.459350000000000258e-01 8.950590000000000490e-01 3.190000000000000127e-03 8.950649999999999995e-01 -4.459330000000000238e-01 -1.376000000000000053e-03
2.000000000000000000e+01 2.500000000000000000e+01 8.000000000000000000e+00 0.000000000000000000e+00 1.600000000000000089e+00 1.418999999999999906e-03 1.320000000000000101e-04 -9.999989999999999712e-01 4.449940000000000007e-01 8.955330000000000235e-01 7.500000000000000156e-04 8.955319999999999947e-01 -4.449940000000000007e-01 1.211999999999999970e-03
2.500000000000000000e+01 2.500000000000000000e+01 8.000000000000000000e+00 0.000000000000000000e+00 1.600000000000000089e+00 2.347000000000000128e-03 6.999000000000000013e-03 -9.999730000000000008e-01 4.420600000000000085e-01 8.969559999999999755e-01 7.315999999999999587e-03 8.969819999999999460e-01 -4.420649999999999857e-01 -9.890000000000000787e-04
2.800000000000000000e+01 2.500000000000000000e+01 8.000000000000000000e+00 0.000000000000000000e+00 1.600000000000000089e+00 8.189999999999999581e-04 7.879000000000000586e-03 -9.999689999999999968e-01 4.407229999999999759e-01 8.976129999999999942e-01 7.433000000000000371e-03 8.976429999999999687e-01 -4.407150000000000234e-01 -2.736999999999999850e-03
5.000000000000000000e+00 2.400000000000000000e+01 9.000000000000000000e+00 0.000000000000000000e+00 1.600000000000000089e+00 1.020000000000000073e-03 -1.296999999999999976e-03 -9.999989999999999712e-01 4.529830000000000245e-01 8.915189999999999504e-01 -6.939999999999999555e-04 8.915180000000000327e-01 -4.529819999999999958e-01 1.497000000000000067e-03
1.200000000000000000e+01 2.400000000000000000e+01 9.000000000000000000e+00 0.000000000000000000e+00 1.600000000000000089e+00 -2.449999999999999921e-04 4.296000000000000339e-03 -9.999909999999999632e-01 4.537220000000000142e-01 8.911360000000000392e-01 3.717999999999999951e-03 8.911430000000000184e-01 -4.537169999999999814e-01 -2.167000000000000089e-03
1.700000000000000000e+01 2.400000000000000000e+01 9.000000000000000000e+00 0.000000000000000000e+00 1.600000000000000089e+00 1.807000000000000012e-03 1.704000000000000003e-03 -9.999970000000000248e-01 4.543179999999999996e-01 8.908359999999999612e-01 2.338999999999999933e-03 8.908380000000000187e-01 -4.543209999999999749e-01 8.360000000000000460e-04
2.000000000000000000e+01 2.400000000000000000e+01 9.000000000000000000e+00 0.000000000000000000e+00 1.600000000000000089e+00 1.930999999999999991e-03 4.000000000000000192e-04 -9.999980000000000535e-01 4.526999999999999913e-01 8.916619999999999546e-01 1.231000000000000106e-03 8.916610000000000369e-01 -4.527019999999999933e-01 1.541000000000000052e-03
2.400000000000000000e+01 2.400000000000000000e+01 9.000000000000000000e+00 0.000000000000000000e+00 1.600000000000000089e+00 2.237999999999999972e-03 4.593999999999999993e-03 -9.999869999999999592e-01 4.506660000000000110e-01 8.926779999999999715e-01 5.109999999999999959e-03 8.926899999999999835e-01 -4.506720000000000170e-01 -7.299999999999999903e-05
2.800000000000000000e+01 2.400000000000000000e+01 9.000000000000000000e+00 0.000000000000000000e+00 1.600000000000000089e+00 1.126000000000000048e-03 8.819999999999999715e-03 -9.999599999999999600e-01 4.482760000000000078e-01 8.938559999999999839e-01 8.389000000000000623e-03 8.938949999999999951e-01 -4.482670000000000265e-01 -2.948000000000000100e-03
9.000000000000000000e+00 3.500000000000000000e+01 1.200000000000000000e+01 0.000000000000000000e+00 1.600000000000000089e+00 -4.910000000000000085e-04 6.759999999999999516e-04 -1.000000000000000000e+00 4.705739999999999923e-01 -8.823600000000000332e-01 -8.279999999999999600e-04 -8.823600000000000332e-01 -4.705750000000000210e-01 1.150000000000000035e-04
1.400000000000000000e+01 3.500000000000000000e+01 1.200000000000000000e+01 0.000000000000000000e+00 1.600000000000000089e+00 4.003999999999999747e-03 -5.525000000000000397e-03 -9.999770000000000048e-01 4.791929999999999801e-01 -8.776829999999999909e-01 6.767999999999999711e-03 -8.777000000000000357e-01 -4.792089999999999961e-01 -8.660000000000000163e-04
1.800000000000000000e+01 3.500000000000000000e+01 1.200000000000000000e+01 0.000000000000000000e+00 1.600000000000000089e+00 1.172000000000000082e-03 -6.134999999999999828e-03 -9.999810000000000088e-01 4.814760000000000151e-01 -8.764389999999999681e-01 5.941000000000000100e-03 -8.764589999999999881e-01 -4.814729999999999843e-01 1.926999999999999894e-03
2.200000000000000000e+01 3.500000000000000000e+01 1.200000000000000000e+01 0.000000000000000000e+00 1.600000000000000089e+00 -9.600000000000000243e-05 -4.167999999999999830e-03 -9.999909999999999632e-01 4.761540000000000217e-01 -8.793539999999999690e-01 3.619999999999999954e-03 -8.793619999999999770e-01 -4.761500000000000177e-01 2.069999999999999792e-03
2.700000000000000000e+01 3.500000000000000000e+01 1.200000000000000000e+01 0.000000000000000000e+00 1.600000000000000089e+00 1.119999999999999983e-04 1.381000000000000066e-03 -9.999989999999999712e-01 4.675940000000000096e-01 -8.839430000000000343e-01 -1.167999999999999984e-03 -8.839430000000000343e-01 -4.675929999999999809e-01 -7.439999999999999782e-04
3.000000000000000000e+00 3.200000000000000000e+01 1.400000000000000000e+01 0.000000000000000000e+00 1.600000000000000089e+00 2.113999999999999994e-03 -3.340999999999999786e-03 -9.999919999999999920e-01 1.021500000000000047e-01 9.947639999999999816e-01 -3.108000000000000086e-03 9.947669999999999568e-01 -1.021429999999999977e-01 2.443999999999999992e-03
8.000000000000000000e+00 3.200000000000000000e+01 1.400000000000000000e+01 0.000000000000000000e+00 1.600000000000000089e+00 1.183000000000000024e-03 1.296000000000000060e-03 -9.999989999999999712e-01 9.665700000000000680e-02 9.953170000000000073e-01 1.404000000000000083e-03 9.953170000000000073e-01 -9.665799999999999392e-02 1.051999999999999984e-03
2.200000000000000000e+01 3.200000000000000000e+01 1.400000000000000000e+01 0.000000000000000000e+00 1.600000000000000089e+00 1.714999999999999945e-03 -9.370000000000000074e-04 -9.999980000000000535e-01 1.019260000000000027e-01 9.947920000000000096e-01 -7.569999999999999689e-04 9.947899999999999521e-01 -1.019250000000000017e-01 1.801000000000000083e-03
2.800000000000000000e+01 1.200000000000000000e+01 1.600000000000000000e+01 0.000000000000000000e+00 1.600000000000000089e+00 -2.504999999999999848e-03 2.369800000000000031e-02 9.997160000000000490e-01 2.100019999999999942e-01 -9.774140000000000050e-01 2.369500000000000078e-02 9.776979999999999560e-01 2.100019999999999942e-01 -2.527999999999999865e-03
1.300000000000000000e+01 1.160000000000000000e+02 1.600000000000000000e+01 0.000000000000000000e+00 1.600000000000000089e+00 1.273000000000000043e-03 -1.861999999999999940e-03 9.999970000000000248e-01 7.577599999999999891e-01 6.525339999999999474e-01 2.509999999999999753e-04 -6.525330000000000297e-01 7.577570000000000139e-01 2.242000000000000069e-03
2.600000000000000000e+01 1.160000000000000000e+02 1.600000000000000000e+01 0.000000000000000000e+00 1.600000000000000089e+00 3.572000000000000088e-03 1.510999999999999973e-03 9.999919999999999920e-01 7.603429999999999911e-01 6.495109999999999495e-01 -3.697000000000000199e-03 -6.495119999999999783e-01 7.603509999999999991e-01 1.170999999999999949e-03
2.000000000000000000e+00 2.000000000000000000e+00 1.900000000000000000e+01 0.000000000000000000e+00 1.600000000000000089e+00 3.150000000000000131e-04 5.651999999999999906e-03 -9.999839999999999840e-01 3.362459999999999893e-01 -9.417600000000000415e-01 -5.217000000000000283e-03 -9.417740000000000000e-01 -3.362390000000000101e-01 -2.197000000000000168e-03
7.000000000000000000e+00 2.000000000000000000e+00 1.900000000000000000e+01 0.000000000000000000e+00 1.600000000000000089e+00 3.469999999999999777e-04 3.781000000000000073e-03 -9.999930000000000208e-01 3.429039999999999866e-01 -9.393639999999999768e-01 -3.432999999999999854e-03 -9.393700000000000383e-01 -3.429010000000000113e-01 -1.621999999999999961e-03
1.200000000000000000e+01 2.000000000000000000e+00 1.900000000000000000e+01 0.000000000000000000e+00 1.600000000000000089e+00 7.439999999999999782e-04 -4.610000000000000382e-03 -9.999890000000000168e-01 3.440840000000000010e-01 -9.389279999999999848e-01 4.584999999999999666e-03 -9.389389999999999681e-01 -3.440830000000000277e-01 8.880000000000000089e-04
2.000000000000000000e+01 2.000000000000000000e+00 1.900000000000000000e+01 0.000000000000000000e+00 1.600000000000000089e+00 -4.533999999999999836e-03 1.431400000000000033e-02 -9.998869999999999703e-01 3.329630000000000090e-01 -9.428199999999999914e-01 -1.500699999999999951e-02 -9.429290000000000171e-01 -3.329940000000000122e-01 -4.910000000000000085e-04
2.600000000000000000e+01 2.000000000000000000e+00 1.900000000000000000e+01 0.000000000000000000e+00 1.600000000000000089e+00 -5.662999999999999631e-03 1.467599999999999981e-02 -9.998759999999999870e-01 3.298300000000000121e-01 -9.439089999999999980e-01 -1.572199999999999986e-02 -9.440229999999999455e-01 -3.298780000000000046e-01 5.050000000000000235e-04
2.900000000000000000e+01 2.000000000000000000e+00 1.900000000000000000e+01 0.000000000000000000e+00 1.600000000000000089e+00 -3.615000000000000158e-03 1.868999999999999828e-02 -9.998190000000000133e-01 3.281899999999999817e-01 -9.444240000000000412e-01 -1.884100000000000011e-02 -9.446050000000000280e-01 -3.281979999999999897e-01 -2.720000000000000195e-03
3.000000000000000000e+00 1.300000000000000000e+01 2.000000000000000000e+01 0.000000000000000000e+00 1.600000000000000089e+00 1.814000000000000074e-03 -6.167999999999999872e-03 9.999789999999999512e-01 2.616559999999999997e-01 9.651459999999999484e-01 5.479000000000000363e-03 -9.651600000000000179e-01 2.616399999999999837e-01 3.364999999999999936e-03
6.000000000000000000e+00 1.300000000000000000e+01 2.000000000000000000e+01 0.000000000000000000e+00 1.600000000000000089e+00 2.073999999999999889e-03 -2.611000000000000040e-03 9.999940000000000495e-01 2.608230000000000270e-01 9.653850000000000486e-01 1.979999999999999989e-03 -9.653840000000000199e-01 2.608179999999999943e-01 2.683000000000000055e-03
2.100000000000000000e+01 1.300000000000000000e+01 2.000000000000000000e+01 0.000000000000000000e+00 1.600000000000000089e+00 6.229999999999999644e-04 -6.819999999999999890e-04 1.000000000000000000e+00 2.686749999999999972e-01 9.632309999999999484e-01 4.899999999999999842e-04 -9.632309999999999484e-01 2.686749999999999972e-01 7.829999999999999504e-04
2.300000000000000000e+01 1.300000000000000000e+01 2.000000000000000000e+01 0.000000000000000000e+00 1.600000000000000089e+00 5.060000000000000478e-04 -5.692000000000000011e-03 9.999839999999999840e-01 2.691459999999999964e-01 9.630849999999999689e-01 5.346000000000000058e-03 -9.630990000000000384e-01 2.691379999999999884e-01 2.020000000000000094e-03
2.800000000000000000e+01 1.300000000000000000e+01 2.000000000000000000e+01 0.000000000000000000e+00 1.600000000000000089e+00 1.219999999999999974e-04 -1.621000000000000045e-03 9.999989999999999712e-01 2.708439999999999737e-01 9.626219999999999777e-01 1.526999999999999929e-03 -9.626230000000000064e-01 2.708430000000000004e-01 5.569999999999999864e-04
2.200000000000000000e+01 3.000000000000000000e+00 2.500000000000000000e+01 0.000000000000000000e+00 1.600000000000000089e+00 -3.367999999999999900e-03 1.348000000000000066e-02 9.999029999999999863e-01 5.588000000000000085e-03 -9.998930000000000318e-01 1.349900000000000058e-02 9.999789999999999512e-01 5.632999999999999986e-03 3.291999999999999788e-03
9.000000000000000000e+00 4.600000000000000000e+01 2.700000000000000000e+01 0.000000000000000000e+00 1.600000000000000089e+00 -1.588000000000000002e-03 -1.340999999999999961e-03 -9.999980000000000535e-01 6.644269999999999898e-01 7.473499999999999588e-01 -2.057999999999999934e-03 7.473520000000000163e-01 -6.644290000000000473e-01 -2.950000000000000148e-04
9.000000000000000000e+00 4.600000000000000000e+01 3.000000000000000000e+01 0.000000000000000000e+00 1.600000000000000089e+00 -1.257000000000000088e-03 1.559999999999999972e-04 -9.999989999999999712e-01 3.282669999999999755e-01 9.445850000000000080e-01 -2.660000000000000146e-04 9.445839999999999792e-01 -3.282669999999999755e-01 -1.239000000000000084e-03
2.900000000000000000e+01 4.600000000000000000e+01 3.000000000000000000e+01 0.000000000000000000e+00 1.600000000000000089e+00 1.278999999999999972e-03 -1.453999999999999997e-03 -9.999980000000000535e-01 3.238329999999999820e-01 9.461140000000000105e-01 -9.610000000000000486e-04 9.461129999999999818e-01 -3.238309999999999800e-01 1.680999999999999986e-03
8.000000000000000000e+00 5.800000000000000000e+01 3.100000000000000000e+01 0.000000000000000000e+00 1.600000000000000089e+00 3.585000000000000079e-03 3.399999999999999973e-05 9.999940000000000495e-01 -7.646230000000000526e-01 -6.444710000000000161e-01 2.762999999999999831e-03 6.444670000000000121e-01 -7.646279999999999744e-01 -2.284000000000000006e-03
1.600000000000000000e+01 5.800000000000000000e+01 3.100000000000000000e+01 0.000000000000000000e+00 1.600000000000000089e+00 -1.020999999999999989e-03 2.739000000000000115e-03 9.999959999999999960e-01 -7.667540000000000466e-01 -6.419399999999999551e-01 9.749999999999999552e-04 6.419399999999999551e-01 -7.667500000000000426e-01 2.756000000000000203e-03
2.000000000000000000e+01 5.800000000000000000e+01 3.100000000000000000e+01 0.000000000000000000e+00 1.600000000000000089e+00 5.099999999999999960e-05 -3.569000000000000124e-03 9.999940000000000495e-01 -7.668329999999999869e-01 -6.418430000000000524e-01 -2.252000000000000095e-03 6.418469999999999454e-01 -7.668279999999999541e-01 -2.769999999999999893e-03
5.000000000000000000e+00 4.600000000000000000e+01 3.500000000000000000e+01 0.000000000000000000e+00 1.600000000000000089e+00 -1.540000000000000028e-04 -3.321000000000000167e-03 -9.999940000000000495e-01 3.910980000000000012e-01 -9.203440000000000509e-01 2.997000000000000098e-03 -9.203489999999999727e-01 -3.910950000000000260e-01 1.440000000000000091e-03
9.000000000000000000e+00 4.600000000000000000e+01 3.500000000000000000e+01 0.000000000000000000e+00 1.600000000000000089e+00 6.210000000000000242e-04 4.566999999999999879e-03 -9.999890000000000168e-01 3.911390000000000144e-01 -9.203230000000000022e-01 -3.961000000000000111e-03 -9.203310000000000102e-01 -3.911319999999999797e-01 -2.357999999999999853e-03
1.800000000000000000e+01 4.600000000000000000e+01 3.500000000000000000e+01 0.000000000000000000e+00 1.600000000000000089e+00 -4.659999999999999971e-04 -6.719999999999999628e-04 -1.000000000000000000e+00 3.911780000000000257e-01 -9.203149999999999942e-01 4.360000000000000269e-04 -9.203149999999999942e-01 -3.911780000000000257e-01 6.920000000000000153e-04
2.200000000000000000e+01 4.600000000000000000e+01 3.500000000000000000e+01 0.000000000000000000e+00 1.600000000000000089e+00 7.240000000000000342e-04 -2.959999999999999849e-04 -1.000000000000000000e+00 3.917430000000000079e-01 -9.200739999999999474e-01 5.559999999999999621e-04 -9.200739999999999474e-01 -3.917439999999999811e-01 -5.500000000000000331e-04
3.000000000000000000e+01 4.600000000000000000e+01 3.500000000000000000e+01 0.000000000000000000e+00 1.600000000000000089e+00 -4.470000000000000232e-04 -6.244000000000000418e-03 -9.999799999999999800e-01 3.918329999999999869e-01 -9.200190000000000312e-01 5.569000000000000165e-03 -9.200359999999999649e-01 -3.918229999999999769e-01 2.857999999999999863e-03
3.000000000000000000e+00 2.900000000000000000e+01 4.400000000000000000e+01 0.000000000000000000e+00 1.600000000000000089e+00 -3.906000000000000184e-03 4.575000000000000074e-03 -9.999820000000000375e-01 6.547119999999999607e-01 7.558770000000000211e-01 9.009999999999999997e-04 7.558679999999999843e-01 -6.546969999999999734e-01 -5.948000000000000162e-03
1.000000000000000000e+01 2.900000000000000000e+01 4.400000000000000000e+01 0.000000000000000000e+00 1.600000000000000089e+00 -4.199999999999999768e-05 -7.023999999999999862e-03 -9.999749999999999472e-01 6.685489999999999489e-01 7.436500000000000332e-01 -5.251999999999999724e-03 7.436679999999999957e-01 -6.685330000000000439e-01 4.663999999999999743e-03
1.700000000000000000e+01 2.900000000000000000e+01 4.400000000000000000e+01 0.000000000000000000e+00 1.600000000000000089e+00 -5.550000000000000462e-04 2.951000000000000064e-03 -9.999949999999999672e-01 6.639169999999999794e-01 7.478040000000000243e-01 1.838999999999999923e-03 7.478059999999999707e-01 -6.639119999999999466e-01 -2.374999999999999941e-03
2.300000000000000000e+01 2.900000000000000000e+01 4.400000000000000000e+01 0.000000000000000000e+00 1.600000000000000089e+00 5.349999999999999938e-04 7.950000000000000252e-04 -1.000000000000000000e+00 6.548079999999999457e-01 7.557949999999999946e-01 9.510000000000000224e-04 7.557949999999999946e-01 -6.548079999999999457e-01 -1.160000000000000007e-04
2.900000000000000000e+01 2.900000000000000000e+01 4.400000000000000000e+01 0.000000000000000000e+00 1.600000000000000089e+00 1.730999999999999900e-03 -5.890000000000000053e-04 -9.999980000000000535e-01 6.481449999999999712e-01 7.615169999999999995e-01 6.729999999999999871e-04 7.615150000000000530e-01 -6.481449999999999712e-01 1.699999999999999905e-03
2.800000000000000000e+01 6.500000000000000000e+01 4.600000000000000000e+01 0.000000000000000000e+00 1.600000000000000089e+00 -3.037999999999999902e-03 1.002000000000000069e-03 9.999949999999999672e-01 6.827210000000000223e-01 -7.306740000000000457e-01 2.805999999999999901e-03 7.306730000000000169e-01 6.827260000000000550e-01 1.536000000000000039e-03
1.400000000000000000e+01 7.000000000000000000e+01 4.700000000000000000e+01 0.000000000000000000e+00 1.600000000000000089e+00 4.817000000000000101e-03 3.040000000000000167e-04 -9.999879999999999880e-01 -8.464580000000000437e-01 -5.324379999999999669e-01 -4.238999999999999713e-03 -5.324330000000000451e-01 8.464690000000000270e-01 -2.307000000000000023e-03
2.700000000000000000e+01 7.000000000000000000e+01 4.700000000000000000e+01 0.000000000000000000e+00 1.600000000000000089e+00 4.081999999999999691e-03 4.730000000000000046e-04 -9.999919999999999920e-01 -8.476559999999999651e-01 -5.305330000000000323e-01 -3.710999999999999889e-03 -5.305299999999999461e-01 8.476639999999999731e-01 -1.765000000000000076e-03
2.000000000000000000e+00 5.000000000000000000e+00 5.100000000000000000e+01 0.000000000000000000e+00 1.600000000000000089e+00 -2.301000000000000094e-03 -3.550999999999999903e-03 -9.999909999999999632e-01 4.936659999999999937e-01 -8.696490000000000054e-01 1.951999999999999959e-03 -8.696479999999999766e-01 -4.936570000000000125e-01 3.753999999999999958e-03
9.000000000000000000e+00 5.000000000000000000e+00 5.100000000000000000e+01 0.000000000000000000e+00 1.600000000000000089e+00 4.390999999999999938e-03 -6.277999999999999726e-03 -9.999710000000000543e-01 4.875320000000000209e-01 -8.730719999999999592e-01 7.622999999999999568e-03 -8.730940000000000367e-01 -4.875510000000000121e-01 -7.730000000000000326e-04
1.600000000000000000e+01 5.000000000000000000e+00 5.100000000000000000e+01 0.000000000000000000e+00 1.600000000000000089e+00 1.892000000000000019e-03 5.746000000000000239e-03 -9.999820000000000375e-01 4.798649999999999860e-01 -8.773320000000000007e-01 -4.133999999999999654e-03 -8.773400000000000087e-01 -4.798490000000000255e-01 -4.416999999999999919e-03
7.000000000000000000e+00 7.000000000000000000e+00 5.200000000000000000e+01 0.000000000000000000e+00 1.600000000000000089e+00 -1.830000000000000029e-03 -3.687999999999999872e-03 -9.999919999999999920e-01 1.088820000000000066e-01 -9.940489999999999604e-01 3.467000000000000030e-03 -9.940529999999999644e-01 -1.088749999999999996e-01 2.220999999999999884e-03
9.000000000000000000e+00 6.300000000000000000e+01 5.400000000000000000e+01 0.000000000000000000e+00 1.600000000000000089e+00 6.589999999999999721e-04 1.569000000000000082e-03 9.999989999999999712e-01 -3.452970000000000206e-01 9.384930000000000216e-01 -1.245000000000000013e-03 -9.384930000000000216e-01 -3.452959999999999918e-01 1.160000000000000007e-03
1.400000000000000000e+01 6.300000000000000000e+01 5.400000000000000000e+01 0.000000000000000000e+00 1.600000000000000089e+00 -1.748999999999999904e-03 3.159999999999999832e-04 9.999980000000000535e-01 -3.405880000000000019e-01 9.402120000000000477e-01 -8.930000000000000221e-04 -9.402110000000000190e-01 -3.405889999999999751e-01 -1.536999999999999955e-03
1.900000000000000000e+01 6.300000000000000000e+01 5.400000000000000000e+01 0.000000000000000000e+00 1.600000000000000089e+00 1.079999999999999960e-04 6.899999999999999667e-04 1.000000000000000000e+00 -3.443729999999999847e-01 9.388330000000000286e-01 -6.099999999999999737e-04 -9.388330000000000286e-01 -3.443720000000000114e-01 3.390000000000000001e-04
2.400000000000000000e+01 6.300000000000000000e+01 5.400000000000000000e+01 0.000000000000000000e+00 1.600000000000000089e+00 7.799999999999999859e-04 -2.060000000000000199e-03 9.999980000000000535e-01 -3.461540000000000172e-01 9.381749999999999812e-01 2.203000000000000097e-03 -9.381779999999999564e-01 -3.461549999999999905e-01 1.900000000000000105e-05
2.000000000000000000e+00 2.500000000000000000e+01 5.500000000000000000e+01 0.000000000000000000e+00 1.600000000000000089e+00 2.184000000000000177e-03 -4.008000000000000278e-03 -9.999900000000000455e-01 -1.378399999999999938e-02 -9.998970000000000358e-01 3.977999999999999765e-03 -9.999029999999999863e-01 1.377500000000000079e-02 -2.239000000000000105e-03
1.000000000000000000e+00 2.100000000000000000e+01 6.000000000000000000e+01 0.000000000000000000e+00 1.600000000000000089e+00 -3.449999999999999833e-04 -1.505000000000000044e-03 9.999989999999999712e-01 -9.414200000000000346e-02 9.955580000000000540e-01 1.466000000000000072e-03 -9.955589999999999717e-01 -9.414200000000000346e-02 -4.850000000000000253e-04
1.000000000000000000e+01 2.100000000000000000e+01 6.000000000000000000e+01 0.000000000000000000e+00 1.600000000000000089e+00 7.640000000000000306e-04 3.468999999999999861e-03 9.999940000000000495e-01 -9.397300000000000098e-02 9.955690000000000373e-01 -3.382000000000000024e-03 -9.955739999999999590e-01 -9.396899999999999697e-02 1.087000000000000076e-03
1.800000000000000000e+01 2.100000000000000000e+01 6.000000000000000000e+01 0.000000000000000000e+00 1.600000000000000089e+00 8.099999999999999561e-04 1.248999999999999893e-03 9.999989999999999712e-01 -9.557400000000000617e-02 9.954220000000000290e-01 -1.165999999999999936e-03 -9.954220000000000290e-01 -9.557300000000000517e-02 9.259999999999999568e-04
2.300000000000000000e+01 2.100000000000000000e+01 6.000000000000000000e+01 0.000000000000000000e+00 1.600000000000000089e+00 -1.368000000000000075e-03 -9.065000000000000141e-03 9.999580000000000135e-01 -9.233099999999999641e-02 9.956890000000000462e-01 8.899999999999999925e-03 -9.957270000000000287e-01 -9.231499999999999428e-02 -2.199000000000000000e-03
1.300000000000000000e+01 6.000000000000000000e+00 6.100000000000000000e+01 0.000000000000000000e+00 1.600000000000000089e+00 1.284999999999999901e-03 9.259999999999999568e-04 9.999989999999999712e-01 5.657389999999999919e-01 -8.245850000000000124e-01 3.699999999999999811e-05 8.245839999999999836e-01 5.657379999999999631e-01 -1.582999999999999989e-03
2.200000000000000000e+01 6.000000000000000000e+00 6.100000000000000000e+01 0.000000000000000000e+00 1.600000000000000089e+00 2.217999999999999920e-03 -3.850999999999999823e-03 9.999900000000000455e-01 5.653960000000000097e-01 -8.248079999999999856e-01 -4.429999999999999910e-03 8.248170000000000224e-01 5.654000000000000137e-01 3.480000000000000020e-04
4.000000000000000000e+00 2.700000000000000000e+01 6.300000000000000000e+01 0.000000000000000000e+00 1.600000000000000089e+00 8.999999999999999754e-04 -4.517000000000000182e-03 9.999890000000000168e-01 -2.716029999999999833e-01 9.623990000000000045e-01 4.590999999999999595e-03 -9.624089999999999590e-01 -2.716040000000000121e-01 -3.609999999999999928e-04
1.000000000000000000e+01 2.700000000000000000e+01 6.300000000000000000e+01 0.000000000000000000e+00 1.600000000000000089e+00 1.912999999999999987e-03 5.055999999999999731e-03 9.999850000000000128e-01 -2.714670000000000138e-01 9.624380000000000157e-01 -4.346000000000000037e-03 -9.624460000000000237e-01 -2.714550000000000018e-01 3.213999999999999843e-03
1.800000000000000000e+01 2.700000000000000000e+01 6.300000000000000000e+01 0.000000000000000000e+00 1.600000000000000089e+00 1.330000000000000019e-03 -5.133000000000000410e-03 9.999860000000000415e-01 -2.719449999999999923e-01 9.622979999999999867e-01 5.301000000000000156e-03 -9.623119999999999452e-01 -2.719480000000000230e-01 -1.160000000000000007e-04
2.800000000000000000e+01 2.700000000000000000e+01 6.300000000000000000e+01 0.000000000000000000e+00 1.600000000000000089e+00 2.049999999999999956e-04 -4.712000000000000043e-03 9.999890000000000168e-01 -2.727950000000000097e-01 9.620610000000000550e-01 4.589000000000000197e-03 -9.620720000000000383e-01 -2.727919999999999789e-01 -1.088999999999999907e-03
4.000000000000000000e+00 2.600000000000000000e+01 6.400000000000000000e+01 0.000000000000000000e+00 1.600000000000000089e+00 1.521000000000000000e-03 -5.283000000000000369e-03 9.999850000000000128e-01 -3.606539999999999746e-01 9.326830000000000398e-01 5.475999999999999965e-03 -9.326980000000000270e-01 -3.606570000000000054e-01 -4.859999999999999954e-04
7.000000000000000000e+00 2.600000000000000000e+01 6.400000000000000000e+01 0.000000000000000000e+00 1.600000000000000089e+00 5.000000000000000240e-05 5.910000000000000539e-04 1.000000000000000000e+00 -3.617859999999999965e-01 9.322610000000000063e-01 -5.320000000000000293e-04 -9.322610000000000063e-01 -3.617859999999999965e-01 2.610000000000000015e-04
1.000000000000000000e+01 2.600000000000000000e+01 6.400000000000000000e+01 0.000000000000000000e+00 1.600000000000000089e+00 1.729999999999999984e-03 5.095999999999999835e-03 9.999860000000000415e-01 -3.605479999999999796e-01 9.327320000000000055e-01 -4.128999999999999858e-03 -9.327389999999999848e-01 -3.605349999999999944e-01 3.449999999999999942e-03
1.900000000000000000e+01 2.600000000000000000e+01 6.400000000000000000e+01 0.000000000000000000e+00 1.600000000000000089e+00 2.216999999999999787e-03 -4.762999999999999873e-03 9.999860000000000415e-01 -3.639859999999999762e-01 9.313900000000000512e-01 5.243000000000000264e-03 -9.314019999999999522e-01 -3.639919999999999822e-01 3.310000000000000225e-04
3.000000000000000000e+01 2.600000000000000000e+01 6.400000000000000000e+01 0.000000000000000000e+00 1.600000000000000089e+00 2.673000000000000029e-03 -4.859999999999999737e-03 9.999850000000000128e-01 -3.622349999999999737e-01 9.320709999999999829e-01 5.498000000000000283e-03 -9.320829999999999949e-01 -3.622440000000000104e-01 7.309999999999999875e-04
1.900000000000000000e+01 6.900000000000000000e+01 6.600000000000000000e+01 0.000000000000000000e+00 1.600000000000000089e+00 3.297000000000000017e-03 -2.446999999999999956e-03 9.999919999999999920e-01 -9.517630000000000257e-01 3.068089999999999984e-01 3.889000000000000096e-03 -3.068150000000000044e-01 -9.517679999999999474e-01 -1.317000000000000028e-03
2.300000000000000000e+01 6.900000000000000000e+01 6.600000000000000000e+01 0.000000000000000000e+00 1.600000000000000089e+00 2.748000000000000009e-03 -9.399999999999999448e-05 9.999959999999999960e-01 -9.527280000000000193e-01 3.038139999999999730e-01 2.647000000000000047e-03 -3.038129999999999997e-01 -9.527309999999999945e-01 7.450000000000000025e-04
7.000000000000000000e+00 2.500000000000000000e+01 7.300000000000000000e+01 0.000000000000000000e+00 1.600000000000000089e+00 -9.499999999999999981e-04 2.235000000000000007e-03 9.999970000000000248e-01 7.512820000000000054e-01 -6.599770000000000358e-01 2.188999999999999974e-03 6.599800000000000111e-01 7.512820000000000054e-01 -1.051999999999999984e-03
1.300000000000000000e+01 2.500000000000000000e+01 7.300000000000000000e+01 0.000000000000000000e+00 1.600000000000000089e+00 1.069999999999999988e-04 -6.710000000000000469e-04 1.000000000000000000e+00 7.556410000000000071e-01 -6.549859999999999571e-01 -5.199999999999999544e-04 6.549859999999999571e-01 7.556410000000000071e-01 4.369999999999999970e-04
1.700000000000000000e+01 2.500000000000000000e+01 7.300000000000000000e+01 0.000000000000000000e+00 1.600000000000000089e+00 -1.052999999999999900e-03 3.570000000000000040e-04 9.999989999999999712e-01 7.542100000000000470e-01 -6.566330000000000222e-01 1.028999999999999967e-03 6.566330000000000222e-01 7.542100000000000470e-01 4.220000000000000118e-04
2.300000000000000000e+01 2.500000000000000000e+01 7.300000000000000000e+01 0.000000000000000000e+00 1.600000000000000089e+00 1.990000000000000015e-03 2.850000000000000103e-03 9.999940000000000495e-01 7.561689999999999801e-01 -6.543769999999999865e-01 3.600000000000000227e-04 6.543740000000000112e-01 7.561630000000000296e-01 -3.457000000000000003e-03
2.600000000000000000e+01 2.500000000000000000e+01 7.300000000000000000e+01 0.000000000000000000e+00 1.600000000000000089e+00 1.396000000000000105e-03 1.394000000000000057e-03 9.999980000000000535e-01 7.567030000000000145e-01 -6.537589999999999790e-01 -1.440000000000000036e-04 6.537579999999999503e-01 7.567019999999999857e-01 -1.968000000000000131e-03
3.000000000000000000e+00 4.400000000000000000e+01 7.300000000000000000e+01 0.000000000000000000e+00 1.600000000000000089e+00 -2.265000000000000086e-03 -5.497000000000000150e-03 9.999820000000000375e-01 5.351000000000000201e-02 -9.985530000000000239e-01 -5.368000000000000375e-03 9.985650000000000359e-01 5.349600000000000188e-02 2.556000000000000112e-03
1.400000000000000000e+01 4.400000000000000000e+01 7.300000000000000000e+01 0.000000000000000000e+00 1.600000000000000089e+00 1.374000000000000004e-03 1.020000000000000073e-03 9.999989999999999712e-01 5.308800000000000324e-02 -9.985889999999999489e-01 9.460000000000000093e-04 9.985889999999999489e-01 5.308700000000000224e-02 -1.425999999999999967e-03
2.000000000000000000e+01 4.400000000000000000e+01 7.300000000000000000e+01 0.000000000000000000e+00 1.600000000000000089e+00 9.060000000000000128e-04 6.880000000000000265e-04 9.999989999999999712e-01 5.263999999999999929e-02 -9.986129999999999729e-01 6.390000000000000280e-04 9.986129999999999729e-01 5.263999999999999929e-02 -9.409999999999999962e-04
2.500000000000000000e+01 4.400000000000000000e+01 7.300000000000000000e+01 0.000000000000000000e+00 1.600000000000000089e+00 -5.299999999999999807e-04 -1.887000000000000005e-03 9.999980000000000535e-01 5.269900000000000279e-02 -9.986089999999999689e-01 -1.856000000000000011e-03 9.986099999999999977e-01 5.269800000000000179e-02 6.290000000000000018e-04
2.800000000000000000e+01 4.400000000000000000e+01 7.300000000000000000e+01 0.000000000000000000e+00 1.600000000000000089e+00 -2.001000000000000174e-03 -3.592999999999999840e-03 9.999919999999999920e-01 5.239300000000000207e-02 -9.986199999999999521e-01 -3.484000000000000118e-03 9.986249999999999849e-01 5.238600000000000201e-02 2.187000000000000142e-03
3.000000000000000000e+00 9.100000000000000000e+01 7.600000000000000000e+01 0.000000000000000000e+00 1.600000000000000089e+00 5.739999999999999660e-04 8.030000000000000028e-04 9.999989999999999712e-01 3.151559999999999917e-01 -9.490399999999999947e-01 5.820000000000000520e-04 9.490399999999999947e-01 3.151559999999999917e-01 -7.979999999999999897e-04
7.000000000000000000e+00 9.100000000000000000e+01 7.600000000000000000e+01 0.000000000000000000e+00 1.600000000000000089e+00 9.700000000000000505e-04 4.600000000000000004e-05 1.000000000000000000e+00 3.137130000000000196e-01 -9.495179999999999731e-01 -2.610000000000000015e-04 9.495170000000000554e-01 3.137130000000000196e-01 -9.349999999999999587e-04
1.200000000000000000e+01 9.100000000000000000e+01 7.600000000000000000e+01 0.000000000000000000e+00 1.600000000000000089e+00 -1.760999999999999979e-03 -1.404999999999999999e-03 9.999970000000000248e-01 3.088299999999999934e-01 -9.511169999999999902e-01 -7.919999999999999523e-04 9.511159999999999615e-01 3.088279999999999914e-01 2.109000000000000197e-03
1.900000000000000000e+01 9.100000000000000000e+01 7.600000000000000000e+01 0.000000000000000000e+00 1.600000000000000089e+00 8.800000000000000313e-04 8.600000000000000331e-05 1.000000000000000000e+00 3.036449999999999982e-01 -9.527849999999999930e-01 -1.849999999999999973e-04 9.527849999999999930e-01 3.036449999999999982e-01 -8.649999999999999920e-04
2.300000000000000000e+01 9.100000000000000000e+01 7.600000000000000000e+01 0.000000000000000000e+00 1.600000000000000089e+00 2.919999999999999961e-04 7.479999999999999670e-04 1.000000000000000000e+00 3.242220000000000102e-01 -9.459809999999999608e-01 6.120000000000000223e-04 9.459809999999999608e-01 3.242209999999999814e-01 -5.190000000000000386e-04
2.600000000000000000e+01 9.100000000000000000e+01 7.600000000000000000e+01 0.000000000000000000e+00 1.600000000000000089e+00 -9.730000000000000151e-04 -2.190000000000000106e-04 1.000000000000000000e+00 3.284380000000000077e-01 -9.445259999999999767e-01 1.129999999999999955e-04 9.445249999999999480e-01 3.284380000000000077e-01 9.909999999999999105e-04
1.700000000000000000e+01 6.300000000000000000e+01 8.100000000000000000e+01 0.000000000000000000e+00 1.600000000000000089e+00 4.420000000000000101e-04 1.606999999999999922e-03 9.999989999999999712e-01 1.656799999999999939e-02 -9.998609999999999998e-01 1.600000000000000077e-03 9.998629999999999463e-01 1.656699999999999839e-02 -4.690000000000000158e-04
8.000000000000000000e+00 4.400000000000000000e+01 8.300000000000000000e+01 0.000000000000000000e+00 1.600000000000000089e+00 9.890000000000000787e-04 -1.623000000000000094e-03 9.999980000000000535e-01 5.847710000000000408e-01 -8.111960000000000282e-01 -1.894999999999999983e-03 8.111979999999999746e-01 5.847719999999999585e-01 1.469999999999999953e-04
1.700000000000000000e+01 4.400000000000000000e+01 8.300000000000000000e+01 0.000000000000000000e+00 1.600000000000000089e+00 -3.260000000000000094e-04 2.220999999999999884e-03 9.999970000000000248e-01 5.852289999999999992e-01 -8.108649999999999469e-01 1.991999999999999847e-03 8.108680000000000332e-01 5.852289999999999992e-01 -1.034999999999999896e-03
2.100000000000000000e+01 4.400000000000000000e+01 8.300000000000000000e+01 0.000000000000000000e+00 1.600000000000000089e+00 -6.840000000000000377e-04 4.609000000000000249e-03 9.999890000000000168e-01 5.847930000000000073e-01 -8.111720000000000041e-01 4.138000000000000185e-03 8.111829999999999874e-01 5.847890000000000033e-01 -2.141000000000000108e-03
3.000000000000000000e+01 4.400000000000000000e+01 8.300000000000000000e+01 0.000000000000000000e+00 1.600000000000000089e+00 -8.300000000000000086e-04 4.451000000000000095e-03 9.999900000000000455e-01 5.769999999999999574e-01 -8.167339999999999600e-01 4.113999999999999602e-03 8.167440000000000255e-01 5.769980000000000109e-01 -1.889999999999999970e-03
2.000000000000000000e+01 1.010000000000000000e+02 8.300000000000000000e+01 0.000000000000000000e+00 1.600000000000000089e+00 -1.965000000000000167e-03 -5.290999999999999696e-03 9.999839999999999840e-01 9.938240000000000407e-01 1.109379999999999949e-01 2.540000000000000157e-03 -1.109490000000000059e-01 9.938129999999999464e-01 5.040000000000000209e-03
4.000000000000000000e+00 4.800000000000000000e+01 8.400000000000000000e+01 0.000000000000000000e+00 1.600000000000000089e+00 -1.928000000000000026e-03 -2.344000000000000163e-03 -9.999949999999999672e-01 -9.472080000000000499e-01 -3.206089999999999773e-01 2.577999999999999996e-03 -3.206140000000000101e-01 9.472089999999999677e-01 -1.601999999999999908e-03
9.000000000000000000e+00 4.800000000000000000e+01 8.400000000000000000e+01 0.000000000000000000e+00 1.600000000000000089e+00 -2.380999999999999870e-03 6.499999999999999431e-05 -9.999970000000000248e-01 -9.469619999999999704e-01 -3.213380000000000125e-01 2.233999999999999875e-03 -3.213369999999999838e-01 9.469649999999999457e-01 8.270000000000000441e-04
