2.500000000000000000e+01 1.900000000000000000e+01 5.000000000000000000e+00 0.000000000000000000e+00 1.600000000000000089e+00 1.600000000000000131e-04 -4.889999999999999599e-04 -1.000000000000000000e+00 -7.073359999999999648e-01 -7.068769999999999776e-01 2.320000000000000014e-04 -7.068769999999999776e-01 7.073359999999999648e-01 -4.589999999999999896e-04
2.900000000000000000e+01 1.900000000000000000e+01 5.000000000000000000e+00 0.000000000000000000e+00 1.600000000000000089e+00 2.849999999999999886e-04 -2.026000000000000023e-03 -9.999980000000000535e-01 -7.062859999999999694e-01 -7.079250000000000265e-01 1.232999999999999938e-03 -7.079260000000000552e-01 7.062840000000000229e-01 -1.632999999999999903e-03
1.000000000000000000e+00 1.010000000000000000e+02 7.000000000000000000e+00 0.000000000000000000e+00 1.600000000000000089e+00 -3.209000000000000047e-03 -5.272999999999999909e-03 9.999810000000000088e-01 8.875769999999999493e-01 4.606290000000000107e-01 5.277999999999999706e-03 -4.606480000000000019e-01 8.875769999999999493e-01 3.201999999999999985e-03
6.000000000000000000e+00 1.010000000000000000e+02 7.000000000000000000e+00 0.000000000000000000e+00 1.600000000000000089e+00 -3.494999999999999843e-03 -1.561700000000000067e-02 9.998719999999999830e-01 8.880679999999999685e-01 4.595969999999999778e-01 1.028199999999999947e-02 -4.596990000000000243e-01 8.879899999999999460e-01 1.226200000000000033e-02
8.000000000000000000e+00 1.010000000000000000e+02 7.000000000000000000e+00 0.000000000000000000e+00 1.600000000000000089e+00 -3.223999999999999869e-03 -1.845300000000000065e-02 9.998249999999999638e-01 8.890949999999999687e-01 4.575819999999999887e-01 1.131199999999999914e-02 -4.577109999999999790e-01 8.889759999999999884e-01 1.493099999999999983e-02
1.200000000000000000e+01 1.010000000000000000e+02 7.000000000000000000e+00 0.000000000000000000e+00 1.600000000000000089e+00 -3.654000000000000130e-03 -1.361300000000000010e-02 9.999010000000000398e-01 8.908150000000000235e-01 4.542680000000000051e-01 9.440000000000000474e-03 -4.543510000000000049e-01 8.907610000000000250e-01 1.046700000000000061e-02
1.700000000000000000e+01 1.010000000000000000e+02 7.000000000000000000e+00 0.000000000000000000e+00 1.600000000000000089e+00 -2.745000000000000044e-03 -1.602599999999999858e-02 9.998679999999999790e-01 8.899040000000000283e-01 4.560429999999999762e-01 9.752999999999999517e-03 -4.561390000000000167e-01 8.898139999999999938e-01 1.300899999999999973e-02
2.800000000000000000e+01 1.010000000000000000e+02 7.000000000000000000e+00 0.000000000000000000e+00 1.600000000000000089e+00 9.719999999999999907e-04 -6.594000000000000035e-03 9.999780000000000335e-01 8.883790000000000298e-01 4.591049999999999853e-01 2.164000000000000125e-03 -4.591089999999999893e-01 8.883569999999999522e-01 6.303999999999999708e-03
7.000000000000000000e+00 2.500000000000000000e+01 8.000000000000000000e+00 0.000000000000000000e+00 1.600000000000000089e+00 2.469999999999999865e-04 2.402000000000000055e-03 -9.999970000000000248e-01 4.358029999999999959e-01 9.000390000000000335e-01 2.269999999999999882e-03 9.000420000000000087e-01 -4.358029999999999959e-01 -8.239999999999999712e-04
1.200000000000000000e+01 2.500000000000000000e+01 8.000000000000000000e+00 0.000000000000000000e+00 1.600000000000000089e+00 -2.850000000000000103e-03 -1.108999999999999960e-03 -9.999949999999999672e-01 4.365200000000000191e-01 8.996920000000000472e-01 -2.242000000000000069e-03 8.996899999999999897e-01 -4.365240000000000231e-01 -2.079999999999999818e-03
1.600000000000000000e+01 2.500000000000000000e+01 8.000000000000000000e+00 0.000000000000000000e+00 1.600000000000000089e+00 -8.620000000000000275e-04 -1.415999999999999941e-03 -9.999989999999999712e-01 4.371459999999999790e-01 8.993889999999999940e-01 -1.649999999999999991e-03 8.993900000000000228e-01 -4.371470000000000078e-01 -1.559999999999999972e-04
2.500000000000000000e+01 2.500000000000000000e+01 8.000000000000000000e+00 0.000000000000000000e+00 1.600000000000000089e+00 -1.874000000000000015e-03 8.059999999999999457e-03 -9.999660000000000215e-01 4.362059999999999826e-01 8.998239999999999572e-01 6.435999999999999881e-03 8.998450000000000060e-01 -4.361789999999999834e-01 -5.202000000000000027e-03
1.900000000000000000e+01 9.000000000000000000e+00 9.000000000000000000e+00 0.000000000000000000e+00 1.600000000000000089e+00 1.611599999999999838e-02 6.760000000000000384e-03 -9.998470000000000413e-01 -9.714359999999999662e-01 -2.366729999999999945e-01 -1.725900000000000004e-02 -2.367529999999999912e-01 9.715660000000000407e-01 2.752999999999999805e-03
2.500000000000000000e+01 9.000000000000000000e+00 9.000000000000000000e+00 0.000000000000000000e+00 1.600000000000000089e+00 2.548500000000000071e-02 1.526300000000000053e-02 -9.995589999999999753e-01 -9.728170000000000428e-01 -2.298360000000000125e-01 -2.831300000000000136e-02 -2.301670000000000105e-01 9.731100000000000305e-01 8.991000000000000728e-03
4.000000000000000000e+00 2.400000000000000000e+01 9.000000000000000000e+00 0.000000000000000000e+00 1.600000000000000089e+00 8.120000000000000048e-04 4.811000000000000172e-03 -9.999879999999999880e-01 4.428670000000000107e-01 8.965750000000000108e-01 4.673000000000000070e-03 8.965870000000000228e-01 -4.428650000000000087e-01 -1.402000000000000034e-03
1.200000000000000000e+01 2.400000000000000000e+01 9.000000000000000000e+00 0.000000000000000000e+00 1.600000000000000089e+00 -2.907999999999999995e-03 -1.449999999999999900e-03 -9.999949999999999672e-01 4.430870000000000086e-01 8.964750000000000218e-01 -2.589000000000000155e-03 8.964739999999999931e-01 -4.430930000000000146e-01 -1.964000000000000034e-03
1.600000000000000000e+01 2.400000000000000000e+01 9.000000000000000000e+00 0.000000000000000000e+00 1.600000000000000089e+00 -1.038000000000000077e-03 -9.150000000000000147e-04 -9.999989999999999712e-01 4.437769999999999770e-01 8.961360000000000436e-01 -1.280000000000000105e-03 8.961369999999999614e-01 -4.437780000000000058e-01 -5.240000000000000517e-04
2.200000000000000000e+01 2.400000000000000000e+01 9.000000000000000000e+00 0.000000000000000000e+00 1.600000000000000089e+00 -1.489000000000000089e-03 1.224000000000000045e-03 -9.999980000000000535e-01 4.438920000000000088e-01 8.960799999999999876e-01 4.350000000000000026e-04 8.960789999999999589e-01 -4.438900000000000068e-01 -1.877999999999999895e-03
2.500000000000000000e+01 2.400000000000000000e+01 9.000000000000000000e+00 0.000000000000000000e+00 1.600000000000000089e+00 -1.007000000000000083e-03 2.128000000000000117e-03 -9.999970000000000248e-01 4.425060000000000104e-01 8.967640000000000056e-01 1.463000000000000108e-03 8.967650000000000343e-01 -4.425029999999999797e-01 -1.845000000000000069e-03
1.500000000000000000e+01 8.000000000000000000e+00 1.000000000000000000e+01 0.000000000000000000e+00 1.600000000000000089e+00 1.534199999999999973e-02 -3.802999999999999957e-03 -9.998749999999999583e-01 -9.943440000000000056e-01 -1.051639999999999936e-01 -1.485700000000000041e-02 -1.050949999999999940e-01 9.944479999999999986e-01 -5.394999999999999622e-03
4.000000000000000000e+00 4.000000000000000000e+00 1.100000000000000000e+01 0.000000000000000000e+00 1.600000000000000089e+00 8.000000000000000383e-04 -2.464200000000000071e-02 9.996960000000000290e-01 1.744999999999999885e-01 -9.843549999999999800e-01 -2.440399999999999861e-02 9.846570000000000045e-01 1.744670000000000110e-01 3.513000000000000064e-03
1.000000000000000000e+01 4.000000000000000000e+00 1.100000000000000000e+01 0.000000000000000000e+00 1.600000000000000089e+00 2.301000000000000094e-03 -1.213400000000000069e-02 9.999240000000000350e-01 1.774419999999999886e-01 -9.840539999999999843e-01 -1.234900000000000060e-02 9.841290000000000315e-01 1.774570000000000036e-01 -1.119999999999999983e-04
1.600000000000000000e+01 4.000000000000000000e+00 1.100000000000000000e+01 0.000000000000000000e+00 1.600000000000000089e+00 -3.359000000000000007e-03 1.393600000000000047e-02 9.998970000000000358e-01 1.402569999999999928e-01 -9.900120000000000031e-01 1.426900000000000043e-02 9.901090000000000169e-01 1.402909999999999990e-01 1.371000000000000040e-03
2.000000000000000000e+01 4.000000000000000000e+00 1.100000000000000000e+01 0.000000000000000000e+00 1.600000000000000089e+00 -3.464000000000000065e-03 1.403300000000000033e-02 9.998960000000000070e-01 1.360510000000000053e-01 -9.905979999999999785e-01 1.437399999999999962e-02 9.906960000000000210e-01 1.360870000000000135e-01 1.521999999999999915e-03
2.500000000000000000e+01 2.900000000000000000e+01 1.300000000000000000e+01 0.000000000000000000e+00 1.600000000000000089e+00 1.802700000000000136e-02 2.708099999999999952e-01 9.624639999999999862e-01 -1.638200000000000073e-02 9.625709999999999544e-01 -2.705330000000000235e-01 -9.997030000000000083e-01 -1.089000000000000037e-02 2.178899999999999934e-02
2.000000000000000000e+00 3.200000000000000000e+01 1.400000000000000000e+01 0.000000000000000000e+00 1.600000000000000089e+00 1.198999999999999979e-03 3.530000000000000152e-04 -9.999989999999999712e-01 1.199039999999999967e-01 9.927850000000000286e-01 4.939999999999999730e-04 9.927850000000000286e-01 -1.199049999999999977e-01 1.147999999999999932e-03
6.000000000000000000e+00 3.200000000000000000e+01 1.400000000000000000e+01 0.000000000000000000e+00 1.600000000000000089e+00 3.400000000000000244e-04 4.418000000000000052e-03 -9.999900000000000455e-01 1.213840000000000058e-01 9.925960000000000338e-01 4.426000000000000247e-03 9.926059999999999883e-01 -1.213850000000000068e-01 -1.979999999999999881e-04
6.000000000000000000e+00 1.160000000000000000e+02 1.600000000000000000e+01 0.000000000000000000e+00 1.600000000000000089e+00 1.703000000000000087e-03 -3.959999999999999762e-04 9.999980000000000535e-01 7.003110000000000168e-01 7.138370000000000548e-01 -9.100000000000000016e-04 -7.138360000000000261e-01 7.003110000000000168e-01 1.492999999999999969e-03
2.700000000000000000e+01 1.160000000000000000e+02 1.600000000000000000e+01 0.000000000000000000e+00 1.600000000000000089e+00 7.780000000000000457e-04 3.619999999999999954e-03 9.999930000000000208e-01 7.775739999999999874e-01 6.287850000000000383e-01 -2.880999999999999880e-03 -6.287909999999999888e-01 7.775710000000000122e-01 -2.324999999999999810e-03
2.000000000000000000e+00 2.000000000000000000e+00 1.900000000000000000e+01 0.000000000000000000e+00 1.600000000000000089e+00 2.835999999999999979e-03 -3.582000000000000114e-03 -9.999900000000000455e-01 3.588910000000000156e-01 -9.333690000000000042e-01 4.361000000000000293e-03 -9.333749999999999547e-01 -3.588990000000000236e-01 -1.361000000000000014e-03
3.000000000000000000e+01 2.000000000000000000e+00 1.900000000000000000e+01 0.000000000000000000e+00 1.600000000000000089e+00 -3.683000000000000076e-03 2.116799999999999932e-02 -9.997690000000000188e-01 3.500940000000000163e-01 -9.364759999999999751e-01 -2.111700000000000035e-02 -9.367069999999999563e-01 -3.500909999999999855e-01 -3.962000000000000244e-03
3.000000000000000000e+00 3.000000000000000000e+00 1.900000000000000000e+01 0.000000000000000000e+00 1.600000000000000089e+00 2.814999999999999794e-03 -3.779999999999999940e-03 -9.999890000000000168e-01 3.304699999999999860e-01 -9.438060000000000338e-01 4.498000000000000262e-03 -9.438119999999999843e-01 -3.304790000000000227e-01 -1.407999999999999963e-03
7.000000000000000000e+00 3.000000000000000000e+00 1.900000000000000000e+01 0.000000000000000000e+00 1.600000000000000089e+00 3.179999999999999776e-04 6.200000000000000270e-05 -1.000000000000000000e+00 3.330080000000000262e-01 -9.429239999999999844e-01 4.800000000000000122e-05 -9.429239999999999844e-01 -3.330080000000000262e-01 -3.200000000000000262e-04
1.100000000000000000e+01 3.000000000000000000e+00 1.900000000000000000e+01 0.000000000000000000e+00 1.600000000000000089e+00 -4.361000000000000293e-03 1.936299999999999827e-02 -9.998029999999999973e-01 3.387729999999999908e-01 -9.406619999999999981e-01 -1.969600000000000170e-02 -9.408579999999999721e-01 -3.387919999999999821e-01 -2.456999999999999983e-03
1.400000000000000000e+01 3.000000000000000000e+00 1.900000000000000000e+01 0.000000000000000000e+00 1.600000000000000089e+00 -7.028000000000000393e-03 2.473399999999999904e-02 -9.996690000000000298e-01 3.427769999999999984e-01 -9.390669999999999851e-01 -2.564500000000000113e-02 -9.393909999999999760e-01 -3.428430000000000089e-01 -1.879000000000000028e-03
1.900000000000000000e+01 3.000000000000000000e+00 1.900000000000000000e+01 0.000000000000000000e+00 1.600000000000000089e+00 -2.409000000000000117e-03 1.596300000000000149e-02 -9.998700000000000365e-01 3.456650000000000000e-01 -9.382249999999999757e-01 -1.581099999999999867e-02 -9.383550000000000502e-01 -3.456580000000000208e-01 -3.258000000000000045e-03
2.400000000000000000e+01 3.000000000000000000e+00 1.900000000000000000e+01 0.000000000000000000e+00 1.600000000000000089e+00 -3.589000000000000176e-03 1.696399999999999991e-02 -9.998500000000000165e-01 3.443249999999999922e-01 -9.386940000000000284e-01 -1.716300000000000117e-02 -9.388440000000000119e-01 -3.443350000000000022e-01 -2.471999999999999805e-03
2.700000000000000000e+01 3.000000000000000000e+00 1.900000000000000000e+01 0.000000000000000000e+00 1.600000000000000089e+00 -3.908000000000000015e-03 1.992899999999999880e-02 -9.997939999999999605e-01 3.415679999999999827e-01 -9.396430000000000060e-01 -2.006499999999999950e-02 -9.398490000000000455e-01 -3.415759999999999907e-01 -3.135000000000000200e-03
2.000000000000000000e+01 4.000000000000000000e+00 2.000000000000000000e+01 0.000000000000000000e+00 1.600000000000000089e+00 -1.311000000000000099e-03 1.375600000000000087e-02 -9.999050000000000438e-01 3.792510000000000048e-01 -9.251989999999999936e-01 -1.322500000000000064e-02 -9.252930000000000321e-01 -3.792320000000000135e-01 -4.003999999999999747e-03
2.600000000000000000e+01 4.000000000000000000e+00 2.000000000000000000e+01 0.000000000000000000e+00 1.600000000000000089e+00 -3.026000000000000044e-03 1.763800000000000090e-02 -9.998399999999999510e-01 3.840399999999999925e-01 -9.231510000000000549e-01 -1.744800000000000170e-02 -9.233109999999999928e-01 -3.840319999999999845e-01 -3.980000000000000031e-03
5.000000000000000000e+00 1.300000000000000000e+01 2.000000000000000000e+01 0.000000000000000000e+00 1.600000000000000089e+00 -2.449999999999999921e-04 -7.200000000000000453e-04 1.000000000000000000e+00 2.593630000000000102e-01 9.657799999999999718e-01 7.590000000000000175e-04 -9.657799999999999718e-01 2.593630000000000102e-01 -5.000000000000000240e-05
9.000000000000000000e+00 1.300000000000000000e+01 2.000000000000000000e+01 0.000000000000000000e+00 1.600000000000000089e+00 7.870000000000000476e-04 -1.356000000000000000e-03 9.999989999999999712e-01 2.585890000000000133e-01 9.659870000000000401e-01 1.106999999999999911e-03 -9.659870000000000401e-01 2.585870000000000113e-01 1.111000000000000008e-03
1.500000000000000000e+01 1.300000000000000000e+01 2.000000000000000000e+01 0.000000000000000000e+00 1.600000000000000089e+00 -7.100000000000000462e-05 -1.879999999999999944e-03 9.999980000000000535e-01 2.597289999999999877e-01 9.656799999999999828e-01 1.833999999999999910e-03 -9.656810000000000116e-01 2.597289999999999877e-01 4.189999999999999931e-04
1.800000000000000000e+01 1.300000000000000000e+01 2.000000000000000000e+01 0.000000000000000000e+00 1.600000000000000089e+00 -1.520000000000000084e-04 -3.092000000000000130e-03 9.999949999999999672e-01 2.608190000000000230e-01 9.653829999999999911e-01 3.024000000000000212e-03 -9.653880000000000239e-01 2.608179999999999943e-01 6.589999999999999721e-04
2.200000000000000000e+01 1.300000000000000000e+01 2.000000000000000000e+01 0.000000000000000000e+00 1.600000000000000089e+00 1.185999999999999988e-03 -4.302000000000000268e-03 9.999900000000000455e-01 2.607809999999999850e-01 9.653899999999999704e-01 3.844000000000000195e-03 -9.653969999999999496e-01 2.607740000000000058e-01 2.266999999999999918e-03
2.600000000000000000e+01 1.300000000000000000e+01 2.000000000000000000e+01 0.000000000000000000e+00 1.600000000000000089e+00 2.033999999999999784e-03 -2.151000000000000134e-03 9.999959999999999960e-01 2.598829999999999751e-01 9.656390000000000251e-01 1.547999999999999897e-03 -9.656379999999999963e-01 2.598790000000000266e-01 2.523000000000000069e-03
1.800000000000000000e+01 1.600000000000000000e+01 2.100000000000000000e+01 0.000000000000000000e+00 1.600000000000000089e+00 -6.359999999999999551e-04 -4.523000000000000111e-03 9.999900000000000455e-01 2.978740000000000276e-01 9.545940000000000536e-01 4.506999999999999722e-03 -9.546050000000000368e-01 2.978740000000000276e-01 7.399999999999999894e-04
1.600000000000000000e+01 2.000000000000000000e+00 2.500000000000000000e+01 0.000000000000000000e+00 1.600000000000000089e+00 -9.360999999999999530e-03 1.998199999999999976e-02 9.997570000000000068e-01 7.649400000000000643e-02 -9.968559999999999643e-01 2.064099999999999963e-02 9.970259999999999678e-01 7.666900000000000104e-02 7.803000000000000040e-03
1.900000000000000000e+01 2.000000000000000000e+00 2.500000000000000000e+01 0.000000000000000000e+00 1.600000000000000089e+00 -7.936000000000000346e-03 1.622399999999999884e-02 9.998369999999999758e-01 8.452600000000000391e-02 -9.962790000000000257e-01 1.683700000000000127e-02 9.963899999999999979e-01 8.464599999999999902e-02 6.535000000000000010e-03
3.000000000000000000e+00 3.000000000000000000e+00 2.500000000000000000e+01 0.000000000000000000e+00 1.600000000000000089e+00 2.096000000000000207e-03 -2.994999999999999832e-03 9.999930000000000208e-01 -4.052900000000000252e-02 -9.991740000000000066e-01 -2.906999999999999862e-03 9.991759999999999531e-01 -4.052200000000000246e-02 -2.214999999999999955e-03
8.000000000000000000e+00 3.000000000000000000e+00 2.500000000000000000e+01 0.000000000000000000e+00 1.600000000000000089e+00 -1.549999999999999946e-03 1.881000000000000076e-03 9.999970000000000248e-01 -3.398199999999999832e-02 -9.994210000000000038e-01 1.827000000000000065e-03 9.994210000000000038e-01 -3.398000000000000326e-02 1.613000000000000067e-03
2.600000000000000000e+01 3.000000000000000000e+00 2.500000000000000000e+01 0.000000000000000000e+00 1.600000000000000089e+00 -4.852999999999999675e-03 1.532000000000000028e-02 9.998709999999999543e-01 9.435000000000000678e-03 -9.998369999999999758e-01 1.536599999999999945e-02 9.999440000000000550e-01 9.508000000000000826e-03 4.708000000000000379e-03
8.000000000000000000e+00 4.600000000000000000e+01 2.700000000000000000e+01 0.000000000000000000e+00 1.600000000000000089e+00 -1.327999999999999970e-03 -1.800000000000000113e-04 -9.999989999999999712e-01 6.764149999999999885e-01 7.365199999999999525e-01 -1.031000000000000015e-03 7.365190000000000348e-01 -6.764160000000000172e-01 -8.559999999999999901e-04
2.500000000000000000e+01 4.600000000000000000e+01 2.700000000000000000e+01 0.000000000000000000e+00 1.600000000000000089e+00 -4.963999999999999663e-03 -2.688999999999999984e-03 -9.999839999999999840e-01 6.786839999999999540e-01 7.344110000000000360e-01 -5.343999999999999792e-03 7.344140000000000112e-01 -6.786999999999999700e-01 -1.820999999999999919e-03
1.700000000000000000e+01 4.600000000000000000e+01 3.000000000000000000e+01 0.000000000000000000e+00 1.600000000000000089e+00 -1.381000000000000066e-03 -1.899000000000000080e-03 -9.999970000000000248e-01 3.336700000000000221e-01 9.426870000000000527e-01 -2.250999999999999963e-03 9.426889999999999992e-01 -3.336720000000000241e-01 -6.679999999999999740e-04
2.500000000000000000e+01 5.800000000000000000e+01 3.100000000000000000e+01 0.000000000000000000e+00 1.600000000000000089e+00 -1.167999999999999984e-03 -1.564000000000000069e-03 9.999980000000000535e-01 -8.123719999999999830e-01 -5.831359999999999877e-01 -1.861000000000000024e-03 5.831380000000000452e-01 -8.123730000000000118e-01 -5.900000000000000296e-04
2.300000000000000000e+01 4.300000000000000000e+01 3.400000000000000000e+01 0.000000000000000000e+00 1.600000000000000089e+00 -1.079999999999999960e-04 -1.928999999999999942e-03 -9.999980000000000535e-01 -3.259290000000000243e-01 9.453930000000000389e-01 -1.788000000000000093e-03 9.453939999999999566e-01 3.259279999999999955e-01 -7.309999999999999875e-04
8.000000000000000000e+00 4.600000000000000000e+01 3.500000000000000000e+01 0.000000000000000000e+00 1.600000000000000089e+00 -1.260999999999999968e-03 -1.289999999999999914e-04 -9.999989999999999712e-01 3.906959999999999877e-01 -9.205200000000000049e-01 -3.739999999999999835e-04 -9.205189999999999761e-01 -3.906959999999999877e-01 1.211000000000000054e-03
1.500000000000000000e+01 4.600000000000000000e+01 3.500000000000000000e+01 0.000000000000000000e+00 1.600000000000000089e+00 -7.299999999999999903e-05 -2.150000000000000001e-03 -9.999980000000000535e-01 3.895569999999999866e-01 -9.210000000000000409e-01 1.951000000000000043e-03 -9.210019999999999873e-01 -3.895560000000000134e-01 9.049999999999999885e-04
2.100000000000000000e+01 4.600000000000000000e+01 3.500000000000000000e+01 0.000000000000000000e+00 1.600000000000000089e+00 2.910000000000000260e-04 7.420999999999999645e-03 -9.999719999999999720e-01 3.896890000000000076e-01 -9.209220000000000184e-01 -6.721000000000000411e-03 -9.209460000000000424e-01 -3.896760000000000224e-01 -3.160000000000000048e-03
2.600000000000000000e+01 4.600000000000000000e+01 3.500000000000000000e+01 0.000000000000000000e+00 1.600000000000000089e+00 -1.410999999999999928e-03 -3.066999999999999848e-03 -9.999940000000000495e-01 3.905069999999999930e-01 -9.205969999999999986e-01 2.272999999999999847e-03 -9.205989999999999451e-01 -3.905009999999999870e-01 2.497000000000000088e-03
2.900000000000000000e+01 4.600000000000000000e+01 3.500000000000000000e+01 0.000000000000000000e+00 1.600000000000000089e+00 -1.639000000000000049e-03 -6.187999999999999924e-03 -9.999799999999999800e-01 3.909909999999999775e-01 -9.203799999999999759e-01 5.054000000000000332e-03 -9.203930000000000167e-01 -3.909750000000000170e-01 3.928000000000000068e-03
6.000000000000000000e+00 9.500000000000000000e+01 3.600000000000000000e+01 0.000000000000000000e+00 1.600000000000000089e+00 2.758000000000000035e-03 5.780999999999999681e-03 9.999789999999999512e-01 9.962339999999999529e-01 8.664900000000000380e-02 -3.248000000000000019e-03 -8.666600000000000692e-02 9.962220000000000519e-01 -5.520999999999999866e-03
2.000000000000000000e+01 9.500000000000000000e+01 3.600000000000000000e+01 0.000000000000000000e+00 1.600000000000000089e+00 2.566999999999999837e-03 2.416599999999999998e-02 9.997049999999999548e-01 9.969599999999999573e-01 7.779200000000000004e-02 -4.440999999999999635e-03 -7.787600000000000078e-02 9.966770000000000351e-01 -2.389200000000000004e-02
8.000000000000000000e+00 2.900000000000000000e+01 4.400000000000000000e+01 0.000000000000000000e+00 1.600000000000000089e+00 -6.999999999999999387e-05 2.230999999999999910e-03 -9.999970000000000248e-01 6.617539999999999534e-01 7.497200000000000530e-01 1.626000000000000058e-03 7.497209999999999708e-01 -6.617520000000000069e-01 -1.528999999999999977e-03
1.200000000000000000e+01 2.900000000000000000e+01 4.400000000000000000e+01 0.000000000000000000e+00 1.600000000000000089e+00 -1.294999999999999927e-03 3.017000000000000150e-03 -9.999949999999999672e-01 6.455689999999999484e-01 7.637000000000000455e-01 1.467999999999999904e-03 7.637009999999999632e-01 -6.455640000000000267e-01 -2.936999999999999941e-03
1.600000000000000000e+01 2.900000000000000000e+01 4.400000000000000000e+01 0.000000000000000000e+00 1.600000000000000089e+00 -2.749000000000000141e-03 -1.484000000000000076e-03 -9.999949999999999672e-01 6.504320000000000102e-01 7.595589999999999842e-01 -2.915000000000000056e-03 7.595589999999999842e-01 -6.504370000000000429e-01 -1.123000000000000083e-03
2.200000000000000000e+01 2.900000000000000000e+01 4.400000000000000000e+01 0.000000000000000000e+00 1.600000000000000089e+00 -2.338999999999999933e-03 1.054000000000000032e-03 -9.999970000000000248e-01 6.591660000000000297e-01 7.519970000000000265e-01 -7.500000000000000156e-04 7.519940000000000513e-01 -6.591660000000000297e-01 -2.454000000000000018e-03
2.400000000000000000e+01 2.900000000000000000e+01 4.400000000000000000e+01 0.000000000000000000e+00 1.600000000000000089e+00 -1.121999999999999950e-03 8.660000000000000163e-04 -9.999989999999999712e-01 6.596079999999999721e-01 7.516100000000000003e-01 -8.899999999999999491e-05 7.516089999999999716e-01 -6.596070000000000544e-01 -1.413999999999999892e-03
3.000000000000000000e+00 5.000000000000000000e+00 5.100000000000000000e+01 0.000000000000000000e+00 1.600000000000000089e+00 -9.569999999999999514e-04 7.690999999999999920e-03 -9.999700000000000255e-01 4.868759999999999755e-01 -8.734420000000000517e-01 -7.184000000000000281e-03 -8.734709999999999974e-01 -4.868680000000000230e-01 -2.909000000000000127e-03
6.000000000000000000e+00 6.000000000000000000e+00 5.100000000000000000e+01 0.000000000000000000e+00 1.600000000000000089e+00 -1.800000000000000046e-05 4.298999999999999870e-03 -9.999909999999999632e-01 3.151329999999999965e-01 -9.490389999999999660e-01 -4.085000000000000089e-03 -9.490480000000000027e-01 -3.151300000000000212e-01 -1.337999999999999997e-03
2.400000000000000000e+01 1.150000000000000000e+02 5.100000000000000000e+01 0.000000000000000000e+00 1.600000000000000089e+00 -9.409999999999999962e-04 1.969999999999999909e-04 1.000000000000000000e+00 8.467740000000000267e-01 -5.319509999999999517e-01 9.020000000000000240e-04 5.319509999999999517e-01 8.467750000000000554e-01 3.339999999999999870e-04
2.900000000000000000e+01 1.150000000000000000e+02 5.100000000000000000e+01 0.000000000000000000e+00 1.600000000000000089e+00 -1.662999999999999982e-03 -1.038000000000000077e-03 9.999980000000000535e-01 8.484239999999999560e-01 -5.293170000000000375e-01 8.620000000000000275e-04 5.293149999999999800e-01 8.484239999999999560e-01 1.760999999999999979e-03
2.400000000000000000e+01 7.000000000000000000e+00 5.200000000000000000e+01 0.000000000000000000e+00 1.600000000000000089e+00 -7.540000000000000044e-04 -1.008999999999999914e-03 -9.999989999999999712e-01 8.554799999999999904e-02 -9.963340000000000529e-01 9.409999999999999962e-04 -9.963340000000000529e-01 -8.554699999999999804e-02 8.369999999999999619e-04
1.700000000000000000e+01 1.600000000000000000e+01 5.200000000000000000e+01 0.000000000000000000e+00 1.600000000000000089e+00 -2.423999999999999939e-03 -5.330000000000000536e-04 -9.999970000000000248e-01 7.769340000000000135e-01 6.295779999999999710e-01 -2.219000000000000052e-03 6.295770000000000532e-01 -7.769369999999999887e-01 -1.111999999999999924e-03
1.300000000000000000e+01 5.800000000000000000e+01 5.200000000000000000e+01 0.000000000000000000e+00 1.600000000000000089e+00 6.939999999999999555e-04 -8.078999999999999376e-03 9.999670000000000503e-01 -6.309719999999999773e-01 7.757770000000000499e-01 6.705000000000000022e-03 -7.758059999999999956e-01 -6.309550000000000436e-01 -4.558999999999999685e-03
7.000000000000000000e+00 6.300000000000000000e+01 5.400000000000000000e+01 0.000000000000000000e+00 1.600000000000000089e+00 -2.359999999999999902e-04 2.913999999999999924e-03 9.999959999999999960e-01 -3.465909999999999824e-01 9.380119999999999569e-01 -2.814999999999999794e-03 -9.380159999999999609e-01 -3.465900000000000092e-01 7.889999999999999878e-04
1.800000000000000000e+01 6.300000000000000000e+01 5.400000000000000000e+01 0.000000000000000000e+00 1.600000000000000089e+00 9.590000000000000000e-04 -5.983999999999999736e-03 9.999820000000000375e-01 -3.538100000000000134e-01 9.352979999999999627e-01 5.936999999999999569e-03 -9.353169999999999540e-01 -3.538100000000000134e-01 -1.219999999999999947e-03
2.200000000000000000e+01 6.300000000000000000e+01 5.400000000000000000e+01 0.000000000000000000e+00 1.600000000000000089e+00 3.350000000000000113e-04 -1.115000000000000106e-03 9.999989999999999712e-01 -3.542130000000000001e-01 9.351639999999999953e-01 1.160999999999999923e-03 -9.351650000000000240e-01 -3.542139999999999733e-01 -8.200000000000000095e-05
2.600000000000000000e+01 6.300000000000000000e+01 5.400000000000000000e+01 0.000000000000000000e+00 1.600000000000000089e+00 -2.504000000000000149e-03 1.270999999999999994e-03 9.999959999999999960e-01 -3.538529999999999731e-01 9.352989999999999915e-01 -2.073999999999999889e-03 -9.352979999999999627e-01 -3.538569999999999771e-01 -1.892999999999999934e-03
2.000000000000000000e+00 2.500000000000000000e+01 5.500000000000000000e+01 0.000000000000000000e+00 1.600000000000000089e+00 2.935000000000000109e-03 -4.589999999999999896e-04 -9.999959999999999960e-01 -1.206499999999999934e-02 -9.999270000000000103e-01 4.240000000000000062e-04 -9.999230000000000063e-01 1.206300000000000081e-02 -2.939999999999999905e-03
9.000000000000000000e+00 2.500000000000000000e+01 5.500000000000000000e+01 0.000000000000000000e+00 1.600000000000000089e+00 -1.299999999999999886e-04 1.570999999999999914e-03 -9.999989999999999712e-01 -1.142999999999999919e-02 -9.999329999999999607e-01 -1.569999999999999998e-03 -9.999350000000000183e-01 1.142999999999999919e-02 1.479999999999999925e-04
1.700000000000000000e+01 2.500000000000000000e+01 5.500000000000000000e+01 0.000000000000000000e+00 1.600000000000000089e+00 8.069999999999999916e-04 7.579999999999999932e-04 -9.999989999999999712e-01 -1.232699999999999942e-02 -9.999240000000000350e-01 -7.680000000000000195e-04 -9.999240000000000350e-01 1.232800000000000042e-02 -7.979999999999999897e-04
6.000000000000000000e+00 2.000000000000000000e+01 6.000000000000000000e+01 0.000000000000000000e+00 1.600000000000000089e+00 -8.350000000000000217e-04 -4.119999999999999856e-04 1.000000000000000000e+00 -6.267300000000000648e-02 9.980339999999999767e-01 3.589999999999999984e-04 -9.980339999999999767e-01 -6.267300000000000648e-02 -8.599999999999999789e-04
1.100000000000000000e+01 2.000000000000000000e+01 6.000000000000000000e+01 0.000000000000000000e+00 1.600000000000000089e+00 1.649999999999999991e-03 2.347000000000000128e-03 9.999959999999999960e-01 -6.156899999999999873e-02 9.980999999999999872e-01 -2.240999999999999936e-03 -9.981010000000000160e-01 -6.156500000000000167e-02 1.791000000000000057e-03
2.000000000000000000e+00 2.100000000000000000e+01 6.000000000000000000e+01 0.000000000000000000e+00 1.600000000000000089e+00 1.593000000000000015e-03 2.220000000000000185e-03 9.999959999999999960e-01 -9.538900000000000157e-02 9.954380000000000450e-01 -2.057999999999999934e-03 -9.954389999999999628e-01 -9.538499999999999757e-02 1.796999999999999986e-03
1.400000000000000000e+01 2.100000000000000000e+01 6.000000000000000000e+01 0.000000000000000000e+00 1.600000000000000089e+00 6.620000000000000450e-04 -4.650000000000000270e-04 1.000000000000000000e+00 -9.585200000000000664e-02 9.953950000000000298e-01 5.259999999999999919e-04 -9.953950000000000298e-01 -9.585299999999999376e-02 6.139999999999999625e-04
1.800000000000000000e+01 2.100000000000000000e+01 6.000000000000000000e+01 0.000000000000000000e+00 1.600000000000000089e+00 -1.196999999999999930e-03 1.430000000000000064e-03 9.999980000000000535e-01 -9.606800000000000062e-02 9.953739999999999810e-01 -1.538000000000000088e-03 -9.953739999999999810e-01 -9.607000000000000262e-02 -1.054000000000000032e-03
2.200000000000000000e+01 2.100000000000000000e+01 6.000000000000000000e+01 0.000000000000000000e+00 1.600000000000000089e+00 -5.640000000000000482e-04 2.593999999999999952e-03 9.999959999999999960e-01 -9.379099999999999937e-02 9.955880000000000285e-01 -2.635000000000000189e-03 -9.955920000000000325e-01 -9.379200000000000037e-02 -3.179999999999999776e-04
9.000000000000000000e+00 6.700000000000000000e+01 6.000000000000000000e+01 0.000000000000000000e+00 1.600000000000000089e+00 -7.960000000000000495e-04 -4.147999999999999778e-03 9.999909999999999632e-01 1.726419999999999899e-01 -9.849769999999999914e-01 -3.949000000000000253e-03 9.849839999999999707e-01 1.726370000000000127e-01 1.500000000000000031e-03
1.700000000000000000e+01 3.000000000000000000e+00 6.300000000000000000e+01 0.000000000000000000e+00 1.600000000000000089e+00 -1.286000000000000034e-03 -7.531000000000000368e-03 9.999710000000000543e-01 -6.154020000000000046e-01 7.881970000000000365e-01 5.144000000000000135e-03 -7.882130000000000525e-01 -6.153769999999999518e-01 -5.648000000000000242e-03
2.500000000000000000e+01 3.000000000000000000e+00 6.300000000000000000e+01 0.000000000000000000e+00 1.600000000000000089e+00 2.271000000000000015e-03 -5.230000000000000274e-03 9.999839999999999840e-01 -6.149210000000000509e-01 7.885689999999999644e-01 5.520999999999999866e-03 -7.885849999999999804e-01 -6.149240000000000261e-01 -1.425000000000000051e-03
2.000000000000000000e+00 2.700000000000000000e+01 6.300000000000000000e+01 0.000000000000000000e+00 1.600000000000000089e+00 3.314000000000000105e-03 -7.450000000000000025e-04 9.999940000000000495e-01 -2.724249999999999727e-01 9.621760000000000312e-01 1.619999999999999912e-03 -9.621709999999999985e-01 -2.724289999999999767e-01 2.985999999999999939e-03
7.000000000000000000e+00 2.700000000000000000e+01 6.300000000000000000e+01 0.000000000000000000e+00 1.600000000000000089e+00 4.970000000000000459e-04 -1.822999999999999968e-03 9.999980000000000535e-01 -2.717930000000000068e-01 9.623540000000000427e-01 1.889000000000000054e-03 -9.623559999999999892e-01 -2.717930000000000068e-01 -1.699999999999999987e-05
1.500000000000000000e+01 2.700000000000000000e+01 6.300000000000000000e+01 0.000000000000000000e+00 1.600000000000000089e+00 1.310000000000000129e-04 -4.597000000000000391e-03 9.999890000000000168e-01 -2.750119999999999787e-01 9.614300000000000068e-01 4.455999999999999892e-03 -9.614409999999999901e-01 -2.750099999999999767e-01 -1.137999999999999906e-03
2.000000000000000000e+01 2.700000000000000000e+01 6.300000000000000000e+01 0.000000000000000000e+00 1.600000000000000089e+00 1.129999999999999928e-03 1.361000000000000014e-03 9.999980000000000535e-01 -2.748709999999999765e-01 9.614800000000000013e-01 -9.979999999999999722e-04 -9.614800000000000013e-01 -2.748700000000000032e-01 1.459999999999999926e-03
2.500000000000000000e+01 2.700000000000000000e+01 6.300000000000000000e+01 0.000000000000000000e+00 1.600000000000000089e+00 1.103000000000000031e-03 5.381000000000000366e-03 9.999850000000000128e-01 -2.747450000000000170e-01 9.615050000000000541e-01 -4.871000000000000330e-03 -9.615160000000000373e-01 -2.747359999999999802e-01 2.539000000000000024e-03
2.900000000000000000e+01 2.700000000000000000e+01 6.300000000000000000e+01 0.000000000000000000e+00 1.600000000000000089e+00 -4.330000000000000081e-04 -9.240000000000000166e-04 9.999989999999999712e-01 -2.690560000000000174e-01 9.631239999999999801e-01 7.739999999999999485e-04 -9.631250000000000089e-01 -2.690549999999999886e-01 -6.660000000000000338e-04
3.000000000000000000e+00 2.600000000000000000e+01 6.400000000000000000e+01 0.000000000000000000e+00 1.600000000000000089e+00 2.478999999999999867e-03 -1.433999999999999945e-03 9.999959999999999960e-01 -3.640149999999999775e-01 9.313909999999999689e-01 2.237999999999999972e-03 -9.313900000000000512e-01 -3.640189999999999815e-01 1.786999999999999960e-03
8.000000000000000000e+00 2.600000000000000000e+01 6.400000000000000000e+01 0.000000000000000000e+00 1.600000000000000089e+00 9.820000000000000170e-04 -3.963999999999999642e-03 9.999919999999999920e-01 -3.646750000000000269e-01 9.311260000000000092e-01 4.048999999999999648e-03 -9.311340000000000172e-01 -3.646760000000000002e-01 -5.310000000000000050e-04
1.300000000000000000e+01 2.600000000000000000e+01 6.400000000000000000e+01 0.000000000000000000e+00 1.600000000000000089e+00 5.590000000000000351e-04 -3.787000000000000002e-03 9.999930000000000208e-01 -3.685930000000000040e-01 9.295830000000000481e-01 3.726999999999999844e-03 -9.295909999999999451e-01 -3.685930000000000040e-01 -8.769999999999999584e-04
1.700000000000000000e+01 2.600000000000000000e+01 6.400000000000000000e+01 0.000000000000000000e+00 1.600000000000000089e+00 8.149999999999999693e-04 -3.706999999999999792e-03 9.999930000000000208e-01 -3.690120000000000067e-01 9.294170000000000487e-01 3.746000000000000198e-03 -9.294240000000000279e-01 -3.690129999999999799e-01 -6.109999999999999980e-04
2.400000000000000000e+01 2.600000000000000000e+01 6.400000000000000000e+01 0.000000000000000000e+00 1.600000000000000089e+00 1.299000000000000024e-03 6.784000000000000100e-03 9.999759999999999760e-01 -3.661929999999999907e-01 9.305210000000000425e-01 -5.837000000000000174e-03 -9.305379999999999763e-01 -3.661769999999999747e-01 3.693000000000000102e-03
4.000000000000000000e+00 6.900000000000000000e+01 6.600000000000000000e+01 0.000000000000000000e+00 1.600000000000000089e+00 9.439999999999999607e-04 -2.669999999999999847e-04 1.000000000000000000e+00 -9.457349999999999923e-01 3.249380000000000046e-01 9.790000000000000525e-04 -3.249380000000000046e-01 -9.457349999999999923e-01 5.399999999999999798e-05
1.300000000000000000e+01 6.900000000000000000e+01 6.600000000000000000e+01 0.000000000000000000e+00 1.600000000000000089e+00 -1.922000000000000097e-03 -6.296999999999999646e-03 9.999780000000000335e-01 -9.487630000000000230e-01 3.159890000000000199e-01 1.669999999999999935e-04 -3.159830000000000139e-01 -9.487419999999999742e-01 -6.582000000000000177e-03
2.400000000000000000e+01 6.900000000000000000e+01 6.600000000000000000e+01 0.000000000000000000e+00 1.600000000000000089e+00 -5.126999999999999613e-03 3.046000000000000096e-03 9.999820000000000375e-01 -9.489060000000000272e-01 3.155069999999999819e-01 -5.825999999999999582e-03 -3.155189999999999939e-01 -9.489189999999999570e-01 1.271999999999999910e-03
2.800000000000000000e+01 6.900000000000000000e+01 6.600000000000000000e+01 0.000000000000000000e+00 1.600000000000000089e+00 -3.954000000000000049e-03 -1.526000000000000013e-03 9.999909999999999632e-01 -9.484339999999999993e-01 3.169580000000000175e-01 -3.265999999999999806e-03 -3.169500000000000095e-01 -9.484380000000000033e-01 -2.700999999999999842e-03
7.000000000000000000e+00 2.500000000000000000e+01 7.300000000000000000e+01 0.000000000000000000e+00 1.600000000000000089e+00 -9.959999999999999236e-04 -1.879999999999999944e-03 9.999980000000000535e-01 7.555629999999999846e-01 -6.550759999999999916e-01 -4.789999999999999879e-04 6.550759999999999916e-01 7.555600000000000094e-01 2.073000000000000190e-03
1.600000000000000000e+01 2.500000000000000000e+01 7.300000000000000000e+01 0.000000000000000000e+00 1.600000000000000089e+00 -1.440000000000000091e-03 -2.382000000000000003e-03 9.999959999999999960e-01 7.539949999999999708e-01 -6.568800000000000194e-01 -4.789999999999999879e-04 6.568789999999999907e-01 7.539909999999999668e-01 2.742000000000000080e-03
2.700000000000000000e+01 2.500000000000000000e+01 7.300000000000000000e+01 0.000000000000000000e+00 1.600000000000000089e+00 2.305000000000000191e-03 5.140000000000000254e-04 9.999970000000000248e-01 7.561729999999999841e-01 -6.543700000000000072e-01 -1.407000000000000048e-03 6.543679999999999497e-01 7.561740000000000128e-01 -1.897000000000000032e-03
7.000000000000000000e+00 4.400000000000000000e+01 7.300000000000000000e+01 0.000000000000000000e+00 1.600000000000000089e+00 8.379999999999999862e-04 3.029999999999999924e-04 1.000000000000000000e+00 5.685199999999999976e-02 -9.983830000000000204e-01 2.550000000000000183e-04 9.983819999999999917e-01 5.685199999999999976e-02 -8.540000000000000499e-04
1.400000000000000000e+01 4.400000000000000000e+01 7.300000000000000000e+01 0.000000000000000000e+00 1.600000000000000089e+00 1.948000000000000079e-03 3.455000000000000172e-03 9.999919999999999920e-01 5.813499999999999918e-02 -9.983030000000000515e-01 3.335999999999999990e-03 9.983070000000000555e-01 5.812799999999999911e-02 -2.145999999999999904e-03
