2.000000000000000000e+00 1.500000000000000000e+01 4.000000000000000000e+00 0.000000000000000000e+00 1.600000000000000089e+00 1.000999999999999937e-03 3.261700000000000016e-02 9.994669999999999943e-01 3.270910000000000206e-01 -9.445010000000000350e-01 3.049500000000000127e-02 9.449920000000000542e-01 3.268869999999999831e-01 -1.161399999999999932e-02
2.400000000000000000e+01 1.500000000000000000e+01 4.000000000000000000e+00 0.000000000000000000e+00 1.600000000000000089e+00 -9.640000000000000131e-04 2.949200000000000085e-02 9.995650000000000368e-01 3.828230000000000244e-01 -9.234090000000000353e-01 2.761399999999999966e-02 9.238210000000000033e-01 3.826829999999999954e-01 -1.039999999999999952e-02
6.000000000000000000e+00 1.300000000000000000e+01 5.000000000000000000e+00 0.000000000000000000e+00 1.600000000000000089e+00 -6.170000000000000137e-03 6.323399999999999854e-02 9.979799999999999782e-01 3.320670000000000011e-01 -9.412359999999999616e-01 6.169100000000000278e-02 9.432359999999999634e-01 3.317760000000000153e-01 -1.519099999999999964e-02
1.200000000000000000e+01 1.000000000000000000e+00 6.000000000000000000e+00 0.000000000000000000e+00 1.600000000000000089e+00 -1.780800000000000091e-02 1.145359999999999989e-01 -9.932590000000000030e-01 -1.817749999999999921e-01 -9.772319999999999895e-01 -1.094289999999999985e-01 -9.831790000000000251e-01 1.786010000000000097e-01 3.822199999999999903e-02
1.000000000000000000e+00 1.010000000000000000e+02 7.000000000000000000e+00 0.000000000000000000e+00 1.600000000000000089e+00 -3.239999999999999825e-03 -2.276999999999999857e-02 9.997350000000000403e-01 8.876279999999999726e-01 4.603679999999999994e-01 1.336200000000000061e-02 -4.605500000000000149e-01 8.874360000000000026e-01 1.872000000000000053e-02
8.000000000000000000e+00 1.010000000000000000e+02 7.000000000000000000e+00 0.000000000000000000e+00 1.600000000000000089e+00 1.979999999999999881e-04 1.667599999999999985e-02 9.998609999999999998e-01 8.893760000000000554e-01 4.571100000000000163e-01 -7.799999999999999642e-03 -4.571760000000000268e-01 8.892539999999999889e-01 -1.474100000000000063e-02
1.700000000000000000e+01 1.010000000000000000e+02 7.000000000000000000e+00 0.000000000000000000e+00 1.600000000000000089e+00 -1.154999999999999994e-03 -5.424000000000000002e-03 9.999850000000000128e-01 8.882970000000000033e-01 4.592559999999999976e-01 3.517000000000000161e-03 -4.592680000000000096e-01 8.882870000000000488e-01 4.287000000000000012e-03
2.200000000000000000e+01 1.010000000000000000e+02 7.000000000000000000e+00 0.000000000000000000e+00 1.600000000000000089e+00 -8.469999999999999881e-04 1.194600000000000002e-02 9.999280000000000390e-01 8.861769999999999925e-01 4.633209999999999829e-01 -4.785000000000000191e-03 -4.633450000000000069e-01 8.861099999999999532e-01 -1.097899999999999918e-02
2.500000000000000000e+01 1.500000000000000000e+01 8.000000000000000000e+00 0.000000000000000000e+00 1.600000000000000089e+00 8.880000000000000089e-04 1.784900000000000028e-02 -9.998399999999999510e-01 -6.145110000000000294e-01 -7.887729999999999464e-01 -1.462699999999999938e-02 -7.889080000000000537e-01 6.144249999999999989e-01 1.026799999999999935e-02
9.000000000000000000e+00 2.500000000000000000e+01 8.000000000000000000e+00 0.000000000000000000e+00 1.600000000000000089e+00 -1.799999999999999951e-03 -2.392000000000000029e-03 -9.999959999999999960e-01 4.468269999999999742e-01 8.946159999999999668e-01 -2.945000000000000135e-03 8.946190000000000531e-01 -4.468300000000000050e-01 -5.419999999999999471e-04
1.600000000000000000e+01 2.500000000000000000e+01 8.000000000000000000e+00 0.000000000000000000e+00 1.600000000000000089e+00 -3.420000000000000188e-04 2.769000000000000194e-03 -9.999959999999999960e-01 4.468960000000000155e-01 8.945830000000000171e-01 2.324000000000000111e-03 8.945859999999999923e-01 -4.468940000000000135e-01 -1.543000000000000101e-03
1.900000000000000000e+01 2.500000000000000000e+01 8.000000000000000000e+00 0.000000000000000000e+00 1.600000000000000089e+00 -1.258000000000000004e-03 4.669000000000000407e-03 -9.999879999999999880e-01 4.474040000000000239e-01 8.943250000000000366e-01 3.612999999999999892e-03 8.943309999999999871e-01 -4.473940000000000139e-01 -3.213999999999999843e-03
2.400000000000000000e+01 2.500000000000000000e+01 8.000000000000000000e+00 0.000000000000000000e+00 1.600000000000000089e+00 -6.400000000000000524e-04 -1.098000000000000018e-03 -9.999989999999999712e-01 4.486180000000000168e-01 8.937220000000000164e-01 -1.268000000000000030e-03 8.937230000000000452e-01 -4.486189999999999900e-01 -7.899999999999999579e-05
2.600000000000000000e+01 2.500000000000000000e+01 8.000000000000000000e+00 0.000000000000000000e+00 1.600000000000000089e+00 6.799999999999999946e-05 -1.443999999999999971e-03 -9.999989999999999712e-01 4.483219999999999983e-01 8.938709999999999711e-01 -1.260000000000000052e-03 8.938719999999999999e-01 -4.483219999999999983e-01 7.089999999999999948e-04
4.000000000000000000e+00 2.400000000000000000e+01 9.000000000000000000e+00 0.000000000000000000e+00 1.600000000000000089e+00 -1.559999999999999972e-03 -3.546000000000000107e-03 -9.999919999999999920e-01 4.515319999999999889e-01 8.922470000000000123e-01 -3.867999999999999911e-03 8.922539999999999916e-01 -4.515339999999999909e-01 2.090000000000000115e-04
9.000000000000000000e+00 2.400000000000000000e+01 9.000000000000000000e+00 0.000000000000000000e+00 1.600000000000000089e+00 -9.970000000000000563e-04 -9.970000000000000563e-04 -9.999989999999999712e-01 4.529719999999999858e-01 8.915239999999999831e-01 -1.340000000000000045e-03 8.915239999999999831e-01 -4.529730000000000145e-01 -4.369999999999999970e-04
1.300000000000000000e+01 2.400000000000000000e+01 9.000000000000000000e+00 0.000000000000000000e+00 1.600000000000000089e+00 -5.100000000000000366e-04 -4.765000000000000138e-03 -9.999879999999999880e-01 4.522410000000000041e-01 8.918840000000000101e-01 -4.480999999999999740e-03 8.918949999999999934e-01 -4.522379999999999733e-01 1.699999999999999905e-03
1.900000000000000000e+01 2.400000000000000000e+01 9.000000000000000000e+00 0.000000000000000000e+00 1.600000000000000089e+00 -1.765000000000000076e-03 4.017999999999999870e-03 -9.999900000000000455e-01 4.546540000000000026e-01 8.906640000000000112e-01 2.775999999999999822e-03 8.906659999999999577e-01 -4.546450000000000213e-01 -3.399000000000000112e-03
2.600000000000000000e+01 2.400000000000000000e+01 9.000000000000000000e+00 0.000000000000000000e+00 1.600000000000000089e+00 2.099999999999999884e-05 -3.013000000000000053e-03 -9.999949999999999672e-01 4.559909999999999797e-01 8.899799999999999933e-01 -2.671999999999999896e-03 8.899839999999999973e-01 -4.559889999999999777e-01 1.392000000000000008e-03
1.800000000000000000e+01 7.000000000000000000e+00 1.000000000000000000e+01 0.000000000000000000e+00 1.600000000000000089e+00 1.077380000000000004e-01 1.002699999999999980e-01 -9.891100000000000447e-01 -9.339300000000000379e-01 -3.308740000000000014e-01 -1.352690000000000003e-01 -3.408349999999999991e-01 9.383329999999999727e-01 5.799800000000000094e-02
1.000000000000000000e+00 3.100000000000000000e+01 1.200000000000000000e+01 0.000000000000000000e+00 1.600000000000000089e+00 2.959999999999999958e-03 -5.519999999999999733e-04 9.999949999999999672e-01 -3.788999999999999833e-03 9.999930000000000208e-01 5.630000000000000239e-04 -9.999879999999999880e-01 -3.789999999999999966e-03 2.958000000000000126e-03
6.000000000000000000e+00 3.500000000000000000e+01 1.200000000000000000e+01 0.000000000000000000e+00 1.600000000000000089e+00 1.926999999999999894e-03 -7.519999999999999775e-03 -9.999700000000000255e-01 5.303210000000000424e-01 -8.477649999999999908e-01 7.396999999999999929e-03 -8.477949999999999653e-01 -5.303189999999999849e-01 2.354000000000000190e-03
1.000000000000000000e+01 3.500000000000000000e+01 1.200000000000000000e+01 0.000000000000000000e+00 1.600000000000000089e+00 -9.640000000000000131e-04 -6.466000000000000393e-03 -9.999789999999999512e-01 5.146840000000000304e-01 -8.573650000000000437e-01 5.048000000000000403e-03 -8.573790000000000022e-01 -5.146690000000000431e-01 4.153999999999999707e-03
1.500000000000000000e+01 3.500000000000000000e+01 1.200000000000000000e+01 0.000000000000000000e+00 1.600000000000000089e+00 9.759999999999999796e-04 -4.563000000000000216e-03 -9.999890000000000168e-01 4.942340000000000066e-01 -8.693180000000000351e-01 4.448999999999999830e-03 -8.693290000000000184e-01 -4.942329999999999779e-01 1.407000000000000048e-03
2.100000000000000000e+01 3.500000000000000000e+01 1.200000000000000000e+01 0.000000000000000000e+00 1.600000000000000089e+00 1.175999999999999962e-03 -4.832000000000000357e-03 -9.999879999999999880e-01 4.657999999999999918e-01 -8.848770000000000246e-01 4.823000000000000030e-03 -8.848890000000000366e-01 -4.657999999999999918e-01 1.209999999999999921e-03
2.500000000000000000e+01 3.500000000000000000e+01 1.200000000000000000e+01 0.000000000000000000e+00 1.600000000000000089e+00 5.050000000000000235e-04 -5.459999999999999576e-03 -9.999850000000000128e-01 4.508539999999999770e-01 -8.925830000000000153e-01 5.100999999999999632e-03 -8.925980000000000025e-01 -4.508499999999999730e-01 2.011000000000000201e-03
1.700000000000000000e+01 3.200000000000000000e+01 1.400000000000000000e+01 0.000000000000000000e+00 1.600000000000000089e+00 -3.359999999999999814e-04 -8.869999999999999846e-04 -1.000000000000000000e+00 9.469800000000000439e-02 9.955060000000000020e-01 -9.150000000000000147e-04 9.955060000000000020e-01 -9.469800000000000439e-02 -2.500000000000000052e-04
5.000000000000000000e+00 1.200000000000000000e+01 1.500000000000000000e+01 0.000000000000000000e+00 1.600000000000000089e+00 -6.675999999999999643e-03 5.032000000000000015e-03 -9.999649999999999928e-01 -4.246679999999999899e-01 -9.053470000000000129e-01 -1.719999999999999958e-03 -9.053240000000000176e-01 4.246420000000000194e-01 8.181000000000000771e-03
8.000000000000000000e+00 1.160000000000000000e+02 1.600000000000000000e+01 0.000000000000000000e+00 1.600000000000000089e+00 1.026000000000000002e-03 -5.439999999999999957e-04 9.999989999999999712e-01 7.561729999999999841e-01 6.543719999999999537e-01 -4.200000000000000174e-04 -6.543710000000000360e-01 7.561729999999999841e-01 1.082999999999999978e-03
2.000000000000000000e+00 2.000000000000000000e+00 1.900000000000000000e+01 0.000000000000000000e+00 1.600000000000000089e+00 2.270199999999999996e-02 4.797900000000000081e-02 -9.985899999999999777e-01 3.275150000000000006e-01 -9.440849999999999520e-01 -3.791400000000000325e-02 -9.445729999999999960e-01 -3.261919999999999820e-01 -3.714599999999999846e-02
1.500000000000000000e+01 2.000000000000000000e+00 1.900000000000000000e+01 0.000000000000000000e+00 1.600000000000000089e+00 9.349999999999999587e-04 5.109899999999999859e-02 -9.986930000000000529e-01 3.490170000000000217e-01 -9.359089999999999909e-01 -4.755999999999999811e-02 -9.371159999999999490e-01 -3.485159999999999925e-01 -1.871000000000000094e-02
2.100000000000000000e+01 2.000000000000000000e+00 1.900000000000000000e+01 0.000000000000000000e+00 1.600000000000000089e+00 3.282999999999999894e-03 2.061699999999999991e-02 -9.997819999999999485e-01 3.467149999999999954e-01 -9.377940000000000165e-01 -1.820000000000000090e-02 -9.379650000000000487e-01 -3.465790000000000259e-01 -1.022699999999999998e-02
2.400000000000000000e+01 2.000000000000000000e+00 1.900000000000000000e+01 0.000000000000000000e+00 1.600000000000000089e+00 3.193000000000000092e-03 3.014000000000000186e-03 -9.999900000000000455e-01 3.400839999999999974e-01 -9.403939999999999522e-01 -1.748999999999999904e-03 -9.403899999999999482e-01 -3.400750000000000162e-01 -4.028000000000000330e-03
1.200000000000000000e+01 3.000000000000000000e+00 1.900000000000000000e+01 0.000000000000000000e+00 1.600000000000000089e+00 -4.664999999999999876e-03 3.241499999999999937e-02 -9.994640000000000191e-01 3.321129999999999916e-01 -9.426919999999999744e-01 -3.212399999999999978e-02 -9.432279999999999553e-01 -3.320850000000000191e-01 -6.368000000000000396e-03
2.600000000000000000e+01 3.000000000000000000e+00 1.900000000000000000e+01 0.000000000000000000e+00 1.600000000000000089e+00 9.300000000000000541e-04 3.302999999999999946e-03 -9.999940000000000495e-01 3.078969999999999763e-01 -9.514160000000000394e-01 -2.856000000000000032e-03 -9.514190000000000147e-01 -3.078919999999999990e-01 -1.900999999999999912e-03
4.000000000000000000e+00 4.000000000000000000e+00 2.000000000000000000e+01 0.000000000000000000e+00 1.600000000000000089e+00 1.980600000000000069e-02 1.793499999999999955e-02 -9.996429999999999483e-01 3.580510000000000081e-01 -9.336520000000000374e-01 -9.657000000000000653e-03 -9.334919999999999884e-01 -3.577319999999999944e-01 -2.491300000000000112e-02
7.000000000000000000e+00 4.000000000000000000e+00 2.000000000000000000e+01 0.000000000000000000e+00 1.600000000000000089e+00 5.716999999999999860e-03 1.021400000000000086e-02 -9.999310000000000143e-01 3.573169999999999957e-01 -9.339530000000000332e-01 -7.497000000000000192e-03 -9.339659999999999629e-01 -3.572489999999999832e-01 -8.989000000000000462e-03
3.000000000000000000e+00 1.300000000000000000e+01 2.000000000000000000e+01 0.000000000000000000e+00 1.600000000000000089e+00 1.175000000000000046e-03 3.249000000000000152e-03 9.999940000000000495e-01 2.607309999999999905e-01 9.654049999999999576e-01 -3.442999999999999880e-03 -9.654110000000000191e-01 2.607329999999999925e-01 2.880000000000000073e-04
8.000000000000000000e+00 1.300000000000000000e+01 2.000000000000000000e+01 0.000000000000000000e+00 1.600000000000000089e+00 -5.299999999999999807e-04 -2.677000000000000126e-03 9.999959999999999960e-01 2.640159999999999729e-01 9.645139999999999825e-01 2.722000000000000027e-03 -9.645179999999999865e-01 2.640170000000000017e-01 1.959999999999999937e-04
1.400000000000000000e+01 1.300000000000000000e+01 2.000000000000000000e+01 0.000000000000000000e+00 1.600000000000000089e+00 -5.109999999999999525e-04 3.010000000000000089e-03 9.999949999999999672e-01 2.637419999999999765e-01 9.645890000000000297e-01 -2.768000000000000061e-03 -9.645930000000000337e-01 2.637390000000000012e-01 -1.286999999999999950e-03
1.800000000000000000e+01 1.300000000000000000e+01 2.000000000000000000e+01 0.000000000000000000e+00 1.600000000000000089e+00 9.759999999999999796e-04 3.655999999999999962e-03 9.999930000000000208e-01 2.601919999999999789e-01 9.655489999999999906e-01 -3.784000000000000037e-03 -9.655559999999999699e-01 2.601939999999999809e-01 -9.000000000000000228e-06
2.100000000000000000e+01 1.300000000000000000e+01 2.000000000000000000e+01 0.000000000000000000e+00 1.600000000000000089e+00 1.549000000000000030e-03 -8.809999999999999472e-04 9.999980000000000535e-01 2.587289999999999868e-01 9.659499999999999753e-01 4.499999999999999877e-04 -9.659489999999999466e-01 2.587280000000000135e-01 1.724000000000000055e-03
2.500000000000000000e+01 1.300000000000000000e+01 2.000000000000000000e+01 0.000000000000000000e+00 1.600000000000000089e+00 5.349999999999999938e-04 8.170000000000000179e-04 9.999989999999999712e-01 2.588409999999999878e-01 9.659189999999999721e-01 -9.280000000000000054e-04 -9.659200000000000008e-01 2.588420000000000165e-01 3.060000000000000111e-04
2.900000000000000000e+01 1.300000000000000000e+01 2.000000000000000000e+01 0.000000000000000000e+00 1.600000000000000089e+00 9.169999999999999549e-04 1.930999999999999991e-03 9.999980000000000535e-01 2.599790000000000156e-01 9.656120000000000259e-01 -2.102999999999999835e-03 -9.656139999999999723e-01 2.599810000000000176e-01 3.840000000000000097e-04
1.400000000000000000e+01 1.600000000000000000e+01 2.100000000000000000e+01 0.000000000000000000e+00 1.600000000000000089e+00 -1.116999999999999937e-03 1.856000000000000011e-03 9.999980000000000535e-01 2.998190000000000022e-01 9.539950000000000374e-01 -1.435999999999999993e-03 -9.539950000000000374e-01 2.998170000000000002e-01 -1.621999999999999961e-03
2.200000000000000000e+01 2.000000000000000000e+00 2.500000000000000000e+01 0.000000000000000000e+00 1.600000000000000089e+00 -9.340000000000000429e-04 -2.320000000000000014e-04 1.000000000000000000e+00 7.935000000000000386e-02 -9.968470000000000386e-01 -1.569999999999999944e-04 9.968460000000000099e-01 7.935000000000000386e-02 9.489999999999999738e-04
2.600000000000000000e+01 2.000000000000000000e+00 2.500000000000000000e+01 0.000000000000000000e+00 1.600000000000000089e+00 2.259999999999999910e-04 -8.038000000000000006e-03 9.999679999999999680e-01 6.688600000000000101e-02 -9.977279999999999482e-01 -8.035000000000000475e-03 9.977610000000000090e-01 6.688600000000000101e-02 3.119999999999999944e-04
6.000000000000000000e+00 3.000000000000000000e+00 2.500000000000000000e+01 0.000000000000000000e+00 1.600000000000000089e+00 3.353000000000000078e-03 -3.980000000000000031e-03 9.999860000000000415e-01 -4.937199999999999922e-02 -9.987730000000000219e-01 -3.810000000000000019e-03 9.987749999999999684e-01 -4.935799999999999910e-02 -3.546000000000000107e-03
1.200000000000000000e+01 3.000000000000000000e+00 2.500000000000000000e+01 0.000000000000000000e+00 1.600000000000000089e+00 2.582999999999999793e-03 2.446999999999999956e-03 9.999940000000000495e-01 -4.359199999999999880e-02 -9.990459999999999896e-01 2.557999999999999944e-03 9.990459999999999896e-01 -4.359799999999999787e-02 -2.474000000000000071e-03
1.700000000000000000e+01 3.000000000000000000e+00 2.500000000000000000e+01 0.000000000000000000e+00 1.600000000000000089e+00 -6.769999999999999759e-04 1.503200000000000022e-02 9.998869999999999703e-01 -2.178400000000000128e-02 -9.996500000000000385e-01 1.501399999999999957e-02 9.997620000000000395e-01 -2.177099999999999869e-02 1.003999999999999901e-03
2.700000000000000000e+01 3.000000000000000000e+00 2.500000000000000000e+01 0.000000000000000000e+00 1.600000000000000089e+00 2.249999999999999938e-04 -6.242000000000000152e-03 9.999810000000000088e-01 -1.767499999999999974e-02 -9.998240000000000460e-01 -6.237000000000000356e-03 9.998439999999999550e-01 -1.767300000000000121e-02 -3.350000000000000113e-04
3.000000000000000000e+00 4.600000000000000000e+01 2.700000000000000000e+01 0.000000000000000000e+00 1.600000000000000089e+00 -1.536000000000000039e-03 2.900000000000000017e-05 -9.999989999999999712e-01 6.678330000000000100e-01 7.443100000000000271e-01 -1.003999999999999901e-03 7.443089999999999984e-01 -6.678340000000000387e-01 -1.162999999999999971e-03
1.000000000000000000e+01 4.600000000000000000e+01 2.700000000000000000e+01 0.000000000000000000e+00 1.600000000000000089e+00 -1.139999999999999954e-03 -1.856999999999999927e-03 -9.999980000000000535e-01 6.645189999999999708e-01 7.472680000000000433e-01 -2.145000000000000205e-03 7.472710000000000186e-01 -6.645199999999999996e-01 3.829999999999999854e-04
1.400000000000000000e+01 4.600000000000000000e+01 2.700000000000000000e+01 0.000000000000000000e+00 1.600000000000000089e+00 -1.248999999999999893e-03 1.417000000000000074e-03 -9.999980000000000535e-01 6.615360000000000129e-01 7.499130000000000518e-01 2.359999999999999902e-04 7.499120000000000230e-01 -6.615349999999999842e-01 -1.874000000000000015e-03
1.300000000000000000e+01 4.600000000000000000e+01 3.000000000000000000e+01 0.000000000000000000e+00 1.600000000000000089e+00 -1.629000000000000023e-03 -1.177000000000000095e-03 -9.999980000000000535e-01 3.255730000000000013e-01 9.455149999999999944e-01 -1.642999999999999929e-03 9.455149999999999944e-01 -3.255750000000000033e-01 -1.157000000000000042e-03
2.900000000000000000e+01 4.600000000000000000e+01 3.000000000000000000e+01 0.000000000000000000e+00 1.600000000000000089e+00 -9.139999999999999904e-04 -1.185000000000000072e-03 -9.999989999999999712e-01 3.303159999999999985e-01 9.438689999999999580e-01 -1.420000000000000038e-03 9.438699999999999868e-01 -3.303170000000000273e-01 -4.719999999999999803e-04
4.000000000000000000e+00 5.800000000000000000e+01 3.100000000000000000e+01 0.000000000000000000e+00 1.600000000000000089e+00 -3.569000000000000124e-03 -1.869000000000000002e-03 9.999919999999999920e-01 -7.700810000000000155e-01 -6.379350000000000298e-01 -3.941000000000000059e-03 6.379369999999999763e-01 -7.700879999999999947e-01 8.369999999999999619e-04
8.000000000000000000e+00 5.800000000000000000e+01 3.100000000000000000e+01 0.000000000000000000e+00 1.600000000000000089e+00 6.080000000000000335e-04 -6.310000000000000504e-04 1.000000000000000000e+00 -7.693919999999999648e-01 -6.387770000000000392e-01 6.499999999999999431e-05 6.387770000000000392e-01 -7.693919999999999648e-01 -8.739999999999999939e-04
1.500000000000000000e+01 5.800000000000000000e+01 3.100000000000000000e+01 0.000000000000000000e+00 1.600000000000000089e+00 -4.290000000000000193e-04 1.655999999999999920e-03 9.999989999999999712e-01 -7.664260000000000517e-01 -6.423320000000000141e-01 7.349999999999999763e-04 6.423320000000000141e-01 -7.664250000000000229e-01 1.544999999999999932e-03
1.900000000000000000e+01 5.800000000000000000e+01 3.100000000000000000e+01 0.000000000000000000e+00 1.600000000000000089e+00 -8.310000000000000329e-04 -5.969999999999999829e-04 1.000000000000000000e+00 -7.621149999999999869e-01 -6.474410000000000442e-01 -1.020000000000000073e-03 6.474410000000000442e-01 -7.621160000000000156e-01 8.299999999999999815e-05
2.500000000000000000e+01 5.800000000000000000e+01 3.100000000000000000e+01 0.000000000000000000e+00 1.600000000000000089e+00 -7.230000000000000098e-04 1.789999999999999925e-03 9.999980000000000535e-01 -7.588219999999999965e-01 -6.512980000000000436e-01 6.170000000000000354e-04 6.512980000000000436e-01 -7.588200000000000500e-01 1.828999999999999897e-03
2.800000000000000000e+01 5.800000000000000000e+01 3.100000000000000000e+01 0.000000000000000000e+00 1.600000000000000089e+00 3.588000000000000043e-03 6.885999999999999760e-03 9.999700000000000255e-01 -7.581630000000000313e-01 -6.520249999999999657e-01 7.210000000000000263e-03 6.520550000000000512e-01 -7.581660000000000066e-01 2.880999999999999880e-03
3.000000000000000000e+00 4.600000000000000000e+01 3.500000000000000000e+01 0.000000000000000000e+00 1.600000000000000089e+00 1.018999999999999941e-03 -6.999999999999999895e-06 -1.000000000000000000e+00 3.937579999999999969e-01 -9.192139999999999755e-01 4.079999999999999968e-04 -9.192139999999999755e-01 -3.937579999999999969e-01 -9.340000000000000429e-04
9.000000000000000000e+00 4.600000000000000000e+01 3.500000000000000000e+01 0.000000000000000000e+00 1.600000000000000089e+00 4.000000000000000192e-04 -4.780000000000000178e-04 -1.000000000000000000e+00 3.944730000000000181e-01 -9.189070000000000293e-01 5.969999999999999829e-04 -9.189070000000000293e-01 -3.944730000000000181e-01 -1.789999999999999870e-04
1.300000000000000000e+01 4.600000000000000000e+01 3.500000000000000000e+01 0.000000000000000000e+00 1.600000000000000089e+00 -2.400000000000000061e-05 4.814999999999999836e-03 -9.999879999999999880e-01 3.930069999999999952e-01 -9.195250000000000368e-01 -4.436999999999999972e-03 -9.195360000000000200e-01 -3.930020000000000180e-01 -1.871000000000000050e-03
2.200000000000000000e+01 4.600000000000000000e+01 3.500000000000000000e+01 0.000000000000000000e+00 1.600000000000000089e+00 4.800000000000000122e-04 -5.040000000000000209e-03 -9.999869999999999592e-01 3.895799999999999819e-01 -9.209800000000000209e-01 4.827999999999999826e-03 -9.209920000000000329e-01 -3.895770000000000066e-01 1.521999999999999915e-03
3.000000000000000000e+01 4.600000000000000000e+01 3.500000000000000000e+01 0.000000000000000000e+00 1.600000000000000089e+00 4.380000000000000213e-04 -2.088000000000000012e-03 -9.999980000000000535e-01 3.939869999999999761e-01 -9.191139999999999866e-01 2.092000000000000109e-03 -9.191160000000000441e-01 -3.939869999999999761e-01 4.200000000000000174e-04
7.000000000000000000e+00 3.000000000000000000e+00 4.300000000000000000e+01 0.000000000000000000e+00 1.600000000000000089e+00 2.464000000000000044e-03 3.264600000000000141e-02 -9.994640000000000191e-01 7.351330000000000364e-01 -6.776180000000000536e-01 -2.032099999999999879e-02 -6.779180000000000206e-01 -7.346890000000000365e-01 -2.566900000000000084e-02
1.300000000000000000e+01 3.000000000000000000e+00 4.300000000000000000e+01 0.000000000000000000e+00 1.600000000000000089e+00 2.936999999999999941e-03 6.294000000000000115e-03 -9.999759999999999760e-01 7.342840000000000478e-01 -6.788389999999999702e-01 -2.115999999999999825e-03 -6.788359999999999950e-01 -7.342600000000000238e-01 -6.615000000000000220e-03
1.700000000000000000e+01 3.000000000000000000e+00 4.300000000000000000e+01 0.000000000000000000e+00 1.600000000000000089e+00 1.784999999999999911e-03 -8.880000000000000740e-03 -9.999590000000000423e-01 7.364479999999999915e-01 -6.764539999999999997e-01 7.322000000000000383e-03 -6.764919999999999822e-01 -7.364309999999999468e-01 5.331999999999999934e-03
2.000000000000000000e+01 3.000000000000000000e+00 4.300000000000000000e+01 0.000000000000000000e+00 1.600000000000000089e+00 1.124999999999999915e-03 4.629000000000000302e-03 -9.999890000000000168e-01 7.399540000000000006e-01 -6.726529999999999454e-01 -2.282000000000000174e-03 -6.726560000000000317e-01 -7.399430000000000174e-01 -4.181999999999999953e-03
2.700000000000000000e+01 3.000000000000000000e+00 4.300000000000000000e+01 0.000000000000000000e+00 1.600000000000000089e+00 1.219999999999999974e-04 -2.181999999999999912e-03 -9.999980000000000535e-01 7.418360000000000509e-01 -6.705790000000000362e-01 1.554000000000000043e-03 -6.705809999999999826e-01 -7.418339999999999934e-01 1.536999999999999955e-03
1.000000000000000000e+00 8.000000000000000000e+00 4.400000000000000000e+01 0.000000000000000000e+00 1.600000000000000089e+00 8.319999999999999488e-04 9.343000000000000610e-03 9.999559999999999560e-01 -7.858619999999999495e-01 -6.183689999999999465e-01 6.432000000000000217e-03 6.184020000000000072e-01 -7.858319999999999750e-01 6.826999999999999735e-03
2.000000000000000000e+01 8.000000000000000000e+00 4.400000000000000000e+01 0.000000000000000000e+00 1.600000000000000089e+00 4.400000000000000157e-04 -8.419999999999999750e-04 1.000000000000000000e+00 -7.869810000000000416e-01 -6.169769999999999976e-01 -1.730000000000000038e-04 6.169769999999999976e-01 -7.869810000000000416e-01 -9.340000000000000429e-04
2.400000000000000000e+01 8.000000000000000000e+00 4.400000000000000000e+01 0.000000000000000000e+00 1.600000000000000089e+00 4.470000000000000232e-04 2.393999999999999861e-03 9.999970000000000248e-01 -7.890880000000000116e-01 -6.142779999999999907e-01 1.822999999999999968e-03 6.142800000000000482e-01 -7.890859999999999541e-01 1.614999999999999899e-03
5.000000000000000000e+00 2.900000000000000000e+01 4.400000000000000000e+01 0.000000000000000000e+00 1.600000000000000089e+00 1.904000000000000093e-03 -1.322999999999999957e-03 -9.999970000000000248e-01 6.575349999999999806e-01 7.534239999999999826e-01 2.559999999999999884e-04 7.534220000000000361e-01 -6.575330000000000341e-01 2.304000000000000058e-03
9.000000000000000000e+00 2.900000000000000000e+01 4.400000000000000000e+01 0.000000000000000000e+00 1.600000000000000089e+00 9.929999999999999591e-04 -3.834999999999999867e-03 -9.999919999999999920e-01 6.538389999999999480e-01 7.566300000000000248e-01 -2.252000000000000095e-03 7.566330000000000000e-01 -6.538319999999999688e-01 3.259000000000000178e-03
1.600000000000000000e+01 2.900000000000000000e+01 4.400000000000000000e+01 0.000000000000000000e+00 1.600000000000000089e+00 -6.639999999999999852e-04 -2.612000000000000172e-03 -9.999959999999999960e-01 6.576319999999999943e-01 7.533360000000000056e-01 -2.403999999999999887e-03 7.533389999999999809e-01 -6.576309999999999656e-01 1.217999999999999899e-03
2.100000000000000000e+01 2.900000000000000000e+01 4.400000000000000000e+01 0.000000000000000000e+00 1.600000000000000089e+00 5.289999999999999564e-04 -1.951000000000000043e-03 -9.999980000000000535e-01 6.606210000000000138e-01 7.507190000000000252e-01 -1.115000000000000106e-03 7.507200000000000539e-01 -6.606189999999999563e-01 1.685999999999999999e-03
2.400000000000000000e+01 2.900000000000000000e+01 4.400000000000000000e+01 0.000000000000000000e+00 1.600000000000000089e+00 -2.500000000000000120e-05 -3.595999999999999804e-03 -9.999940000000000495e-01 6.599869999999999903e-01 7.512720000000000509e-01 -2.717999999999999930e-03 7.512769999999999726e-01 -6.599819999999999576e-01 2.354000000000000190e-03
2.800000000000000000e+01 2.900000000000000000e+01 4.400000000000000000e+01 0.000000000000000000e+00 1.600000000000000089e+00 -1.606999999999999922e-03 -4.075999999999999762e-03 -9.999900000000000455e-01 6.583409999999999540e-01 7.527089999999999614e-01 -4.126000000000000327e-03 7.527179999999999982e-01 -6.583409999999999540e-01 1.474000000000000050e-03
7.000000000000000000e+00 6.500000000000000000e+01 4.600000000000000000e+01 0.000000000000000000e+00 1.600000000000000089e+00 -1.663999999999999898e-03 2.651000000000000145e-03 9.999949999999999672e-01 6.782120000000000370e-01 -7.348599999999999577e-01 3.076999999999999874e-03 7.348649999999999904e-01 6.782139999999999835e-01 -5.749999999999999903e-04
2.800000000000000000e+01 6.500000000000000000e+01 4.600000000000000000e+01 0.000000000000000000e+00 1.600000000000000089e+00 1.196000000000000014e-03 -1.881000000000000076e-03 9.999980000000000535e-01 6.778690000000000548e-01 -7.351790000000000269e-01 -2.193000000000000071e-03 7.351820000000000022e-01 6.778699999999999726e-01 3.959999999999999762e-04
2.300000000000000000e+01 7.000000000000000000e+01 4.700000000000000000e+01 0.000000000000000000e+00 1.600000000000000089e+00 -8.229999999999999469e-04 -1.440000000000000091e-03 -9.999989999999999712e-01 -8.421480000000000077e-01 -5.392449999999999743e-01 1.469000000000000037e-03 -5.392460000000000031e-01 8.421480000000000077e-01 -7.690000000000000438e-04
3.000000000000000000e+00 5.000000000000000000e+00 5.100000000000000000e+01 0.000000000000000000e+00 1.600000000000000089e+00 3.805999999999999921e-03 -1.824000000000000100e-03 -9.999909999999999632e-01 4.915669999999999762e-01 -8.708329999999999682e-01 3.458999999999999835e-03 -8.708320000000000505e-01 -4.915749999999999842e-01 -2.418000000000000010e-03
7.000000000000000000e+00 5.000000000000000000e+00 5.100000000000000000e+01 0.000000000000000000e+00 1.600000000000000089e+00 2.635999999999999888e-03 1.691199999999999995e-02 -9.998540000000000205e-01 4.829220000000000179e-01 -8.755579999999999474e-01 -1.353599999999999942e-02 -8.756589999999999652e-01 -4.828160000000000229e-01 -1.047499999999999994e-02
1.200000000000000000e+01 5.000000000000000000e+00 5.100000000000000000e+01 0.000000000000000000e+00 1.600000000000000089e+00 -1.454999999999999913e-03 1.048600000000000053e-02 -9.999440000000000550e-01 4.816119999999999846e-01 -8.763290000000000246e-01 -9.889999999999999486e-03 -8.763830000000000231e-01 -4.815989999999999993e-01 -3.775000000000000144e-03
2.700000000000000000e+01 5.000000000000000000e+00 5.100000000000000000e+01 0.000000000000000000e+00 1.600000000000000089e+00 -1.861000000000000024e-03 -2.083999999999999915e-03 -9.999959999999999960e-01 4.850999999999999757e-01 -8.744579999999999576e-01 9.200000000000000278e-04 -8.744570000000000398e-01 -4.850970000000000004e-01 2.638999999999999853e-03
3.000000000000000000e+01 5.000000000000000000e+00 5.100000000000000000e+01 0.000000000000000000e+00 1.600000000000000089e+00 -3.801000000000000125e-03 -3.374999999999999962e-03 -9.999869999999999592e-01 4.923950000000000271e-01 -8.703710000000000058e-01 1.066000000000000107e-03 -8.703640000000000265e-01 -4.923839999999999884e-01 4.969999999999999592e-03
4.000000000000000000e+00 1.150000000000000000e+02 5.100000000000000000e+01 0.000000000000000000e+00 1.600000000000000089e+00 7.200000000000000453e-04 6.700000000000000226e-05 1.000000000000000000e+00 8.472910000000000164e-01 -5.311280000000000445e-01 -5.739999999999999660e-04 5.311280000000000445e-01 8.472920000000000451e-01 -4.389999999999999914e-04
1.800000000000000000e+01 7.000000000000000000e+00 5.200000000000000000e+01 0.000000000000000000e+00 1.600000000000000089e+00 -1.550000000000000000e-04 -1.247999999999999977e-03 -9.999989999999999712e-01 9.566700000000000204e-02 -9.954129999999999923e-01 1.227999999999999925e-03 -9.954129999999999923e-01 -9.566700000000000204e-02 2.739999999999999923e-04
7.000000000000000000e+00 6.300000000000000000e+01 5.400000000000000000e+01 0.000000000000000000e+00 1.600000000000000089e+00 1.544000000000000017e-03 6.170000000000000354e-04 9.999989999999999712e-01 -3.328720000000000012e-01 9.429720000000000324e-01 -6.799999999999999946e-05 -9.429710000000000036e-01 -3.328709999999999725e-01 1.662000000000000066e-03
1.200000000000000000e+01 6.300000000000000000e+01 5.400000000000000000e+01 0.000000000000000000e+00 1.600000000000000089e+00 2.939000000000000206e-03 -1.680999999999999986e-03 9.999940000000000495e-01 -3.464119999999999977e-01 9.380789999999999962e-01 2.595000000000000084e-03 -9.380779999999999674e-01 -3.464180000000000037e-01 2.174000000000000151e-03
2.100000000000000000e+01 6.300000000000000000e+01 5.400000000000000000e+01 0.000000000000000000e+00 1.600000000000000089e+00 -1.227000000000000009e-03 1.546000000000000065e-03 9.999980000000000535e-01 -3.405969999999999831e-01 9.402070000000000149e-01 -1.871000000000000050e-03 -9.402080000000000437e-01 -3.405989999999999851e-01 -6.269999999999999532e-04
2.600000000000000000e+01 6.300000000000000000e+01 5.400000000000000000e+01 0.000000000000000000e+00 1.600000000000000089e+00 -1.311000000000000099e-03 1.240000000000000000e-03 9.999980000000000535e-01 -3.396299999999999875e-01 9.405580000000000052e-01 -1.611999999999999935e-03 -9.405580000000000052e-01 -3.396310000000000162e-01 -8.120000000000000048e-04
1.700000000000000000e+01 2.500000000000000000e+01 5.500000000000000000e+01 0.000000000000000000e+00 1.600000000000000089e+00 7.410000000000000137e-04 -2.603999999999999978e-03 -9.999959999999999960e-01 -1.401999999999999948e-02 -9.998979999999999535e-01 2.593999999999999952e-03 -9.999010000000000398e-01 1.401799999999999921e-02 -7.770000000000000214e-04
2.300000000000000000e+01 2.500000000000000000e+01 5.500000000000000000e+01 0.000000000000000000e+00 1.600000000000000089e+00 9.499999999999999981e-04 3.178999999999999968e-03 -9.999949999999999672e-01 -1.305899999999999943e-02 -9.999099999999999655e-01 -3.191999999999999959e-03 -9.999139999999999695e-01 1.306200000000000069e-02 -9.079999999999999530e-04
2.000000000000000000e+00 2.100000000000000000e+01 6.000000000000000000e+01 0.000000000000000000e+00 1.600000000000000089e+00 -2.494000000000000123e-03 4.115999999999999867e-03 9.999879999999999880e-01 -9.487299999999999900e-02 9.954800000000000315e-01 -4.334000000000000179e-03 -9.954859999999999820e-01 -9.488299999999999512e-02 -2.092000000000000109e-03
1.000000000000000000e+01 2.100000000000000000e+01 6.000000000000000000e+01 0.000000000000000000e+00 1.600000000000000089e+00 1.185999999999999988e-03 2.322999999999999978e-03 9.999970000000000248e-01 -9.575899999999999690e-02 9.954020000000000090e-01 -2.199000000000000000e-03 -9.954039999999999555e-01 -9.575599999999999390e-02 1.404000000000000083e-03
1.300000000000000000e+01 2.100000000000000000e+01 6.000000000000000000e+01 0.000000000000000000e+00 1.600000000000000089e+00 1.472000000000000001e-03 -6.590000000000000371e-03 9.999770000000000048e-01 -9.600000000000000200e-02 9.953589999999999938e-01 6.701000000000000359e-03 -9.953800000000000425e-01 -9.600799999999999612e-02 8.319999999999999488e-04
2.100000000000000000e+01 2.100000000000000000e+01 6.000000000000000000e+01 0.000000000000000000e+00 1.600000000000000089e+00 -1.227000000000000009e-03 3.399999999999999811e-03 9.999930000000000208e-01 -9.413900000000000046e-02 9.955530000000000213e-01 -3.501000000000000206e-03 -9.955580000000000540e-01 -9.414300000000000446e-02 -9.009999999999999997e-04
3.000000000000000000e+01 2.100000000000000000e+01 6.000000000000000000e+01 0.000000000000000000e+00 1.600000000000000089e+00 1.655999999999999920e-03 4.949999999999999973e-04 9.999989999999999712e-01 -9.250300000000000189e-02 9.957120000000000415e-01 -3.400000000000000244e-04 -9.957110000000000127e-01 -9.250300000000000189e-02 1.693999999999999976e-03
1.000000000000000000e+00 6.700000000000000000e+01 6.000000000000000000e+01 0.000000000000000000e+00 1.600000000000000089e+00 1.072999999999999952e-03 1.009600000000000081e-02 9.999479999999999480e-01 1.704320000000000002e-01 -9.853210000000000024e-01 9.766000000000000375e-03 9.853690000000000504e-01 1.704130000000000089e-01 -2.778000000000000087e-03
2.900000000000000000e+01 3.000000000000000000e+00 6.300000000000000000e+01 0.000000000000000000e+00 1.600000000000000089e+00 -6.980000000000000527e-04 6.087999999999999662e-03 9.999810000000000088e-01 -6.102220000000000422e-01 7.922129999999999450e-01 -5.249000000000000193e-03 -7.922299999999999898e-01 -6.102140000000000342e-01 3.163000000000000013e-03
1.000000000000000000e+00 2.700000000000000000e+01 6.300000000000000000e+01 0.000000000000000000e+00 1.600000000000000089e+00 4.910000000000000085e-04 -4.643999999999999691e-03 9.999890000000000168e-01 -2.756440000000000001e-01 9.612490000000000201e-01 4.599999999999999922e-03 -9.612600000000000033e-01 -2.756440000000000001e-01 -8.080000000000000160e-04
4.000000000000000000e+00 2.700000000000000000e+01 6.300000000000000000e+01 0.000000000000000000e+00 1.600000000000000089e+00 8.589999999999999546e-04 -5.505000000000000344e-03 9.999850000000000128e-01 -2.748650000000000260e-01 9.614669999999999606e-01 5.529000000000000060e-03 -9.614829999999999766e-01 -2.748650000000000260e-01 -6.870000000000000022e-04
7.000000000000000000e+00 2.700000000000000000e+01 6.300000000000000000e+01 0.000000000000000000e+00 1.600000000000000089e+00 -1.740000000000000010e-04 -4.498000000000000262e-03 9.999900000000000455e-01 -2.735899999999999999e-01 9.618370000000000530e-01 4.278999999999999818e-03 -9.618459999999999788e-01 -2.735870000000000246e-01 -1.397999999999999937e-03
1.400000000000000000e+01 2.700000000000000000e+01 6.300000000000000000e+01 0.000000000000000000e+00 1.600000000000000089e+00 1.998000000000000210e-03 5.389999999999999826e-04 9.999980000000000535e-01 -2.775110000000000077e-01 9.607229999999999936e-01 3.600000000000000091e-05 -9.607200000000000184e-01 -2.775099999999999789e-01 2.069000000000000093e-03
2.200000000000000000e+01 2.700000000000000000e+01 6.300000000000000000e+01 0.000000000000000000e+00 1.600000000000000089e+00 -2.275999999999999811e-03 -2.056999999999999801e-03 9.999949999999999672e-01 -2.779190000000000271e-01 9.606040000000000134e-01 1.343000000000000010e-03 -9.606019999999999559e-01 -2.779150000000000231e-01 -2.758000000000000035e-03
2.600000000000000000e+01 2.700000000000000000e+01 6.300000000000000000e+01 0.000000000000000000e+00 1.600000000000000089e+00 1.157999999999999958e-03 -5.048000000000000403e-03 9.999869999999999592e-01 -2.801440000000000041e-01 9.599440000000000195e-01 5.170000000000000116e-03 -9.599569999999999492e-01 -2.801469999999999794e-01 -3.020000000000000223e-04
3.000000000000000000e+00 2.600000000000000000e+01 6.400000000000000000e+01 0.000000000000000000e+00 1.600000000000000089e+00 8.769999999999999584e-04 -9.707000000000000350e-03 9.999529999999999808e-01 -3.589829999999999965e-01 9.332970000000000432e-01 9.374999999999999653e-03 -9.333439999999999515e-01 -3.589740000000000153e-01 -2.665999999999999967e-03
1.100000000000000000e+01 2.600000000000000000e+01 6.400000000000000000e+01 0.000000000000000000e+00 1.600000000000000089e+00 -2.559999999999999884e-04 -2.997999999999999797e-03 9.999949999999999672e-01 -3.644410000000000149e-01 9.312230000000000230e-01 2.697999999999999877e-03 -9.312259999999999982e-01 -3.644390000000000129e-01 -1.330999999999999935e-03
