1.300000000000000000e+01 1.900000000000000000e+01 5.000000000000000000e+00 0.000000000000000000e+00 1.600000000000000089e+00 5.139999999999999604e-03 4.525999999999999641e-03 -9.999770000000000048e-01 -6.941119999999999512e-01 -7.198339999999999739e-01 -6.825999999999999603e-03 -7.198480000000000434e-01 6.941310000000000535e-01 -5.590000000000000351e-04
2.600000000000000000e+01 1.000000000000000000e+01 7.000000000000000000e+00 0.000000000000000000e+00 1.600000000000000089e+00 3.526800000000000074e-02 -5.893999999999999934e-03 9.993610000000000548e-01 7.919910000000000005e-01 -6.097179999999999822e-01 -3.154599999999999765e-02 6.095140000000000002e-01 7.925969999999999960e-01 -1.683499999999999927e-02
2.000000000000000000e+01 1.010000000000000000e+02 7.000000000000000000e+00 0.000000000000000000e+00 1.600000000000000089e+00 9.560000000000000355e-04 -2.750000000000000166e-04 9.999989999999999712e-01 8.862269999999999870e-01 4.632510000000000239e-01 -7.200000000000000453e-04 -4.632499999999999951e-01 8.862269999999999870e-01 6.870000000000000022e-04
2.300000000000000000e+01 1.010000000000000000e+02 7.000000000000000000e+00 0.000000000000000000e+00 1.600000000000000089e+00 -1.840000000000000001e-04 -2.789999999999999945e-03 9.999959999999999960e-01 8.870590000000000419e-01 4.616540000000000088e-01 1.451000000000000033e-03 -4.616560000000000108e-01 8.870559999999999556e-01 2.390000000000000197e-03
6.000000000000000000e+00 2.500000000000000000e+01 8.000000000000000000e+00 0.000000000000000000e+00 1.600000000000000089e+00 1.784999999999999911e-03 3.549000000000000071e-03 -9.999919999999999920e-01 4.361149999999999749e-01 8.998819999999999597e-01 3.971999999999999836e-03 8.998890000000000500e-01 -4.361180000000000057e-01 5.800000000000000034e-05
1.000000000000000000e+01 2.500000000000000000e+01 8.000000000000000000e+00 0.000000000000000000e+00 1.600000000000000089e+00 2.213000000000000123e-03 1.373000000000000088e-03 -9.999970000000000248e-01 4.360350000000000059e-01 8.999270000000000325e-01 2.200999999999999832e-03 8.999270000000000325e-01 -4.360379999999999812e-01 1.392999999999999924e-03
1.600000000000000000e+01 2.500000000000000000e+01 8.000000000000000000e+00 0.000000000000000000e+00 1.600000000000000089e+00 -1.955000000000000140e-03 1.340000000000000045e-03 -9.999970000000000248e-01 4.321909999999999918e-01 9.017819999999999725e-01 3.629999999999999872e-04 9.017800000000000260e-01 -4.321889999999999898e-01 -2.341999999999999898e-03
2.000000000000000000e+01 2.500000000000000000e+01 8.000000000000000000e+00 0.000000000000000000e+00 1.600000000000000089e+00 -2.028999999999999988e-03 -1.860000000000000108e-03 -9.999959999999999960e-01 4.324299999999999811e-01 9.016640000000000210e-01 -2.553999999999999847e-03 9.016650000000000498e-01 -4.324339999999999851e-01 -1.025000000000000086e-03
2.600000000000000000e+01 2.500000000000000000e+01 8.000000000000000000e+00 0.000000000000000000e+00 1.600000000000000089e+00 1.061000000000000094e-03 8.909999999999999734e-04 -9.999989999999999712e-01 4.364759999999999751e-01 8.997150000000000425e-01 1.263999999999999933e-03 8.997150000000000425e-01 -4.364770000000000039e-01 5.659999999999999884e-04
6.000000000000000000e+00 2.400000000000000000e+01 9.000000000000000000e+00 0.000000000000000000e+00 1.600000000000000089e+00 1.521999999999999915e-03 4.439000000000000237e-03 -9.999890000000000168e-01 4.417760000000000020e-01 8.971130000000000493e-01 4.655000000000000283e-03 8.971240000000000325e-01 -4.417780000000000040e-01 -5.959999999999999586e-04
1.100000000000000000e+01 2.400000000000000000e+01 9.000000000000000000e+00 0.000000000000000000e+00 1.600000000000000089e+00 1.539999999999999919e-03 2.606999999999999942e-03 -9.999949999999999672e-01 4.419259999999999855e-01 8.970460000000000100e-01 3.018999999999999982e-03 8.970500000000000140e-01 -4.419290000000000163e-01 2.300000000000000070e-04
1.500000000000000000e+01 2.400000000000000000e+01 9.000000000000000000e+00 0.000000000000000000e+00 1.600000000000000089e+00 -3.519999999999999908e-04 2.334000000000000137e-03 -9.999970000000000248e-01 4.377869999999999817e-01 8.990770000000000151e-01 1.943999999999999981e-03 8.990789999999999615e-01 -4.377849999999999797e-01 -1.337999999999999997e-03
2.300000000000000000e+01 2.400000000000000000e+01 9.000000000000000000e+00 0.000000000000000000e+00 1.600000000000000089e+00 -5.869999999999999567e-04 -2.419000000000000143e-03 -9.999970000000000248e-01 4.409730000000000039e-01 8.975170000000000092e-01 -2.429999999999999868e-03 8.975199999999999845e-01 -4.409730000000000039e-01 5.400000000000000069e-04
2.600000000000000000e+01 2.400000000000000000e+01 9.000000000000000000e+00 0.000000000000000000e+00 1.600000000000000089e+00 1.121000000000000035e-03 5.789999999999999791e-04 -9.999989999999999712e-01 4.432599999999999874e-01 8.963919999999999666e-01 1.015999999999999976e-03 8.963919999999999666e-01 -4.432610000000000161e-01 7.479999999999999670e-04
2.900000000000000000e+01 2.400000000000000000e+01 9.000000000000000000e+00 0.000000000000000000e+00 1.600000000000000089e+00 4.279999999999999950e-04 4.636999999999999629e-03 -9.999890000000000168e-01 4.426180000000000114e-01 8.967000000000000526e-01 4.347000000000000169e-03 8.967100000000000071e-01 -4.426149999999999807e-01 -1.667999999999999995e-03
1.100000000000000000e+01 8.000000000000000000e+00 1.000000000000000000e+01 0.000000000000000000e+00 1.600000000000000089e+00 9.020999999999999852e-02 5.180499999999999688e-02 -9.945739999999999581e-01 -9.850039999999999907e-01 -1.428290000000000115e-01 -9.678200000000000691e-02 -1.470670000000000033e-01 9.883910000000000196e-01 3.814399999999999735e-02
2.000000000000000000e+00 3.000000000000000000e+00 1.100000000000000000e+01 0.000000000000000000e+00 1.600000000000000089e+00 -4.970999999999999724e-03 1.102889999999999981e-01 9.938869999999999649e-01 1.191510000000000069e-01 -9.867540000000000200e-01 1.100929999999999964e-01 9.928639999999999688e-01 1.189700000000000063e-01 -8.236000000000000265e-03
9.000000000000000000e+00 4.000000000000000000e+00 1.100000000000000000e+01 0.000000000000000000e+00 1.600000000000000089e+00 -1.191999999999999917e-03 1.156510000000000038e-01 9.932889999999999775e-01 1.541210000000000080e-01 -9.814009999999999678e-01 1.144509999999999972e-01 9.880510000000000126e-01 1.532229999999999981e-01 -1.665399999999999867e-02
2.800000000000000000e+01 4.000000000000000000e+00 1.100000000000000000e+01 0.000000000000000000e+00 1.600000000000000089e+00 -1.103000000000000031e-03 -4.193999999999999811e-03 9.999909999999999632e-01 1.719320000000000015e-01 -9.851010000000000044e-01 -3.941000000000000059e-03 9.851079999999999837e-01 1.719259999999999955e-01 1.807999999999999928e-03
2.700000000000000000e+01 3.200000000000000000e+01 1.400000000000000000e+01 0.000000000000000000e+00 1.600000000000000089e+00 -7.560000000000000530e-04 -1.268000000000000030e-03 -9.999989999999999712e-01 1.209800000000000042e-01 9.926540000000000363e-01 -1.350000000000000071e-03 9.926549999999999541e-01 -1.209810000000000052e-01 -5.969999999999999829e-04
1.700000000000000000e+01 1.200000000000000000e+01 1.600000000000000000e+01 0.000000000000000000e+00 1.600000000000000089e+00 1.422000000000000087e-03 -1.930000000000000021e-04 9.999989999999999712e-01 2.640799999999999814e-01 -9.645000000000000240e-01 -5.619999999999999996e-04 9.645000000000000240e-01 2.640810000000000102e-01 -1.319999999999999993e-03
6.000000000000000000e+00 1.160000000000000000e+02 1.600000000000000000e+01 0.000000000000000000e+00 1.600000000000000089e+00 -1.371999999999999956e-03 -1.111000000000000008e-03 9.999980000000000535e-01 7.417510000000000492e-01 6.706720000000000459e-01 1.761999999999999894e-03 -6.706729999999999636e-01 7.417529999999999957e-01 -9.600000000000000243e-05
1.100000000000000000e+01 1.160000000000000000e+02 1.600000000000000000e+01 0.000000000000000000e+00 1.600000000000000089e+00 -2.507999999999999813e-03 -7.280000000000000230e-04 9.999970000000000248e-01 7.501560000000000450e-01 6.612569999999999837e-01 2.363000000000000083e-03 -6.612569999999999837e-01 7.501590000000000202e-01 -1.113000000000000057e-03
1.400000000000000000e+01 1.160000000000000000e+02 1.600000000000000000e+01 0.000000000000000000e+00 1.600000000000000089e+00 -3.954000000000000049e-03 -2.294000000000000032e-03 9.999900000000000455e-01 7.517160000000000508e-01 6.594719999999999471e-01 4.485000000000000271e-03 -6.594750000000000334e-01 7.517260000000000053e-01 -8.829999999999999958e-04
1.700000000000000000e+01 2.000000000000000000e+00 1.900000000000000000e+01 0.000000000000000000e+00 1.600000000000000089e+00 4.500000000000000283e-05 -1.958199999999999871e-02 -9.998080000000000300e-01 3.573830000000000062e-01 -9.337790000000000257e-01 1.830499999999999836e-02 -9.339579999999999549e-01 -3.573149999999999937e-01 6.956000000000000377e-03
2.700000000000000000e+01 2.000000000000000000e+00 1.900000000000000000e+01 0.000000000000000000e+00 1.600000000000000089e+00 6.566999999999999921e-03 -1.807900000000000132e-02 -9.998150000000000093e-01 3.581610000000000071e-01 -9.334620000000000140e-01 1.923199999999999910e-02 -9.336370000000000502e-01 -3.582210000000000116e-01 3.449999999999999833e-04
2.000000000000000000e+00 3.000000000000000000e+00 1.900000000000000000e+01 0.000000000000000000e+00 1.600000000000000089e+00 -8.009999999999999542e-04 4.739999999999999769e-02 -9.988759999999999861e-01 3.484129999999999727e-01 -9.362740000000000506e-01 -4.470899999999999874e-02 -9.373409999999999798e-01 -3.480570000000000053e-01 -1.576500000000000123e-02
7.000000000000000000e+00 3.000000000000000000e+00 1.900000000000000000e+01 0.000000000000000000e+00 1.600000000000000089e+00 -4.135999999999999920e-03 4.687600000000000100e-02 -9.988920000000000021e-01 3.540769999999999751e-01 -9.341180000000000039e-01 -4.530200000000000199e-02 -9.352070000000000105e-01 -3.538720000000000199e-01 -1.273400000000000053e-02
1.100000000000000000e+01 3.000000000000000000e+00 1.900000000000000000e+01 0.000000000000000000e+00 1.600000000000000089e+00 -5.165000000000000320e-03 2.725800000000000098e-02 -9.996150000000000313e-01 3.512910000000000199e-01 -9.358670000000000044e-01 -2.733500000000000166e-02 -9.362519999999999731e-01 -3.512970000000000259e-01 -4.741999999999999688e-03
1.800000000000000000e+01 3.000000000000000000e+00 1.900000000000000000e+01 0.000000000000000000e+00 1.600000000000000089e+00 -6.089999999999999494e-04 -2.151399999999999840e-02 -9.997679999999999900e-01 3.392209999999999948e-01 -9.404930000000000234e-01 2.003200000000000119e-02 -9.407060000000000421e-01 -3.391310000000000158e-01 7.870999999999999525e-03
2.800000000000000000e+01 3.000000000000000000e+00 1.900000000000000000e+01 0.000000000000000000e+00 1.600000000000000089e+00 5.459999999999999576e-03 -9.988000000000000350e-03 -9.999350000000000183e-01 3.308940000000000214e-01 -9.436010000000000231e-01 1.123299999999999993e-02 -9.436520000000000463e-01 -3.309340000000000059e-01 -1.846999999999999901e-03
8.000000000000000000e+00 1.300000000000000000e+01 2.000000000000000000e+01 0.000000000000000000e+00 1.600000000000000089e+00 1.179999999999999951e-04 -3.497000000000000108e-03 9.999940000000000495e-01 2.606740000000000168e-01 9.654209999999999736e-01 3.344999999999999883e-03 -9.654270000000000351e-01 2.606720000000000148e-01 1.026000000000000002e-03
1.500000000000000000e+01 1.300000000000000000e+01 2.000000000000000000e+01 0.000000000000000000e+00 1.600000000000000089e+00 5.240000000000000517e-04 1.582000000000000073e-03 9.999989999999999712e-01 2.633460000000000245e-01 9.647000000000000020e-01 -1.663999999999999898e-03 -9.647010000000000307e-01 2.633460000000000245e-01 8.899999999999999491e-05
1.900000000000000000e+01 1.300000000000000000e+01 2.000000000000000000e+01 0.000000000000000000e+00 1.600000000000000089e+00 7.560000000000000530e-04 4.840999999999999817e-03 9.999879999999999880e-01 2.635689999999999977e-01 9.646280000000000410e-01 -4.869000000000000064e-03 -9.646400000000000530e-01 2.635689999999999977e-01 -5.469999999999999602e-04
2.300000000000000000e+01 1.300000000000000000e+01 2.000000000000000000e+01 0.000000000000000000e+00 1.600000000000000089e+00 5.770000000000000389e-04 1.106999999999999911e-03 9.999989999999999712e-01 2.614480000000000137e-01 9.652169999999999916e-01 -1.219000000000000031e-03 -9.652180000000000204e-01 2.614480000000000137e-01 2.669999999999999847e-04
1.500000000000000000e+01 1.600000000000000000e+01 2.100000000000000000e+01 0.000000000000000000e+00 1.600000000000000089e+00 5.320000000000000293e-04 2.079000000000000119e-03 9.999980000000000535e-01 3.002130000000000076e-01 9.538699999999999957e-01 -2.142999999999999940e-03 -9.538720000000000532e-01 3.002130000000000076e-01 -1.160000000000000007e-04
2.200000000000000000e+01 1.600000000000000000e+01 2.100000000000000000e+01 0.000000000000000000e+00 1.600000000000000089e+00 3.609999999999999928e-04 2.671999999999999896e-03 9.999959999999999960e-01 2.991219999999999990e-01 9.542110000000000314e-01 -2.658000000000000206e-03 -9.542150000000000354e-01 2.991219999999999990e-01 -4.550000000000000008e-04
2.100000000000000000e+01 2.000000000000000000e+00 2.500000000000000000e+01 0.000000000000000000e+00 1.600000000000000089e+00 1.016399999999999942e-02 -3.532400000000000123e-02 9.993239999999999901e-01 8.536199999999999344e-02 -9.956970000000000542e-01 -3.606399999999999884e-02 9.962980000000000169e-01 8.567099999999999715e-02 -7.105000000000000204e-03
1.200000000000000000e+01 3.000000000000000000e+00 2.500000000000000000e+01 0.000000000000000000e+00 1.600000000000000089e+00 -4.640000000000000027e-04 8.942000000000000295e-03 9.999599999999999600e-01 3.563899999999999707e-02 -9.993250000000000188e-01 8.952999999999999153e-03 9.993649999999999478e-01 3.564200000000000007e-02 1.450000000000000009e-04
2.000000000000000000e+01 3.000000000000000000e+00 2.500000000000000000e+01 0.000000000000000000e+00 1.600000000000000089e+00 5.898999999999999730e-03 -3.119699999999999904e-02 9.994960000000000511e-01 4.073000000000000231e-03 -9.995039999999999480e-01 -3.122099999999999875e-02 9.999740000000000295e-01 4.255000000000000102e-03 -5.768999999999999823e-03
2.700000000000000000e+01 3.000000000000000000e+00 2.500000000000000000e+01 0.000000000000000000e+00 1.600000000000000089e+00 1.984000000000000086e-03 -1.021500000000000012e-02 9.999460000000000015e-01 -3.275900000000000339e-02 -9.994119999999999671e-01 -1.014499999999999950e-02 9.994610000000000438e-01 -3.273700000000000221e-02 -2.318000000000000182e-03
6.000000000000000000e+00 4.600000000000000000e+01 3.500000000000000000e+01 0.000000000000000000e+00 1.600000000000000089e+00 8.399999999999999535e-05 1.355000000000000085e-03 -9.999989999999999712e-01 3.935859999999999914e-01 -9.192869999999999653e-01 -1.213000000000000102e-03 -9.192879999999999940e-01 -3.935850000000000182e-01 -6.109999999999999980e-04
1.500000000000000000e+01 4.600000000000000000e+01 3.500000000000000000e+01 0.000000000000000000e+00 1.600000000000000089e+00 -8.630000000000000518e-04 -2.776999999999999955e-03 -9.999959999999999960e-01 3.922399999999999776e-01 -9.198600000000000110e-01 2.216000000000000088e-03 -9.198629999999999862e-01 -3.922359999999999736e-01 1.882999999999999908e-03
2.300000000000000000e+01 4.600000000000000000e+01 3.500000000000000000e+01 0.000000000000000000e+00 1.600000000000000089e+00 -4.000000000000000327e-05 1.749999999999999982e-04 -1.000000000000000000e+00 3.917209999999999859e-01 -9.200840000000000130e-01 -1.759999999999999954e-04 -9.200840000000000130e-01 -3.917209999999999859e-01 -3.199999999999999855e-05
8.000000000000000000e+00 9.500000000000000000e+01 3.600000000000000000e+01 0.000000000000000000e+00 1.600000000000000089e+00 -6.302999999999999575e-03 -1.046500000000000034e-02 9.999249999999999527e-01 9.957570000000000032e-01 9.173299999999999510e-02 7.237000000000000377e-03 -9.180199999999999472e-02 9.957289999999999752e-01 9.842000000000000054e-03
2.500000000000000000e+01 9.500000000000000000e+01 3.600000000000000000e+01 0.000000000000000000e+00 1.600000000000000089e+00 3.105000000000000121e-03 9.308000000000000301e-03 9.999519999999999520e-01 9.967049999999999521e-01 8.102199999999999680e-02 -3.848999999999999991e-03 -8.105400000000000105e-02 9.966690000000000271e-01 -9.025999999999999301e-03
1.800000000000000000e+01 9.500000000000000000e+01 3.700000000000000000e+01 0.000000000000000000e+00 1.600000000000000089e+00 -1.626999999999999974e-03 -1.145900000000000044e-02 9.999329999999999607e-01 9.948280000000000456e-01 1.015390000000000043e-01 2.782000000000000185e-03 -1.015640000000000015e-01 9.947660000000000391e-01 1.123399999999999919e-02
1.200000000000000000e+01 6.000000000000000000e+01 3.900000000000000000e+01 0.000000000000000000e+00 1.600000000000000089e+00 -1.340999999999999961e-03 -1.140399999999999921e-02 -9.999339999999999895e-01 2.963149999999999951e-01 -9.550330000000000208e-01 1.049399999999999986e-02 -9.550889999999999658e-01 -2.962810000000000166e-01 4.658999999999999947e-03
6.000000000000000000e+00 2.900000000000000000e+01 4.400000000000000000e+01 0.000000000000000000e+00 1.600000000000000089e+00 -1.588999999999999918e-03 -1.683000000000000034e-03 -9.999970000000000248e-01 6.570740000000000469e-01 7.538230000000000208e-01 -2.312999999999999952e-03 7.538249999999999673e-01 -6.570759999999999934e-01 -9.200000000000000007e-05
1.400000000000000000e+01 2.900000000000000000e+01 4.400000000000000000e+01 0.000000000000000000e+00 1.600000000000000089e+00 -1.590999999999999966e-03 -3.154000000000000119e-03 -9.999940000000000495e-01 6.610430000000000472e-01 7.503400000000000070e-01 -3.419000000000000164e-03 7.503459999999999575e-01 -6.610449999999999937e-01 8.909999999999999734e-04
2.300000000000000000e+01 2.900000000000000000e+01 4.400000000000000000e+01 0.000000000000000000e+00 1.600000000000000089e+00 2.999999999999999737e-04 -1.900000000000000105e-04 -1.000000000000000000e+00 6.616079999999999739e-01 7.498500000000000165e-01 5.599999999999999916e-05 7.498500000000000165e-01 -6.616079999999999739e-01 3.510000000000000208e-04
9.000000000000000000e+00 4.000000000000000000e+00 5.000000000000000000e+01 0.000000000000000000e+00 1.600000000000000089e+00 1.180000000000000059e-03 -3.275999999999999832e-03 -9.999940000000000495e-01 5.323999999999999844e-01 -8.464859999999999607e-01 3.400999999999999943e-03 -8.464920000000000222e-01 -5.324010000000000131e-01 7.450000000000000025e-04
2.800000000000000000e+01 5.000000000000000000e+00 5.100000000000000000e+01 0.000000000000000000e+00 1.600000000000000089e+00 -3.119999999999999944e-04 6.738000000000000066e-03 -9.999770000000000048e-01 4.888399999999999967e-01 -8.723530000000000451e-01 -6.029999999999999770e-03 -8.723739999999999828e-01 -4.888299999999999867e-01 -3.020999999999999814e-03
1.300000000000000000e+01 1.150000000000000000e+02 5.100000000000000000e+01 0.000000000000000000e+00 1.600000000000000089e+00 -2.425000000000000072e-03 -4.471000000000000148e-03 9.999869999999999592e-01 8.471279999999999921e-01 -5.313890000000000002e-01 -3.220000000000000206e-04 5.313839999999999675e-01 8.471159999999999801e-01 5.075999999999999783e-03
1.700000000000000000e+01 1.150000000000000000e+02 5.100000000000000000e+01 0.000000000000000000e+00 1.600000000000000089e+00 5.500000000000000196e-05 4.339999999999999782e-04 1.000000000000000000e+00 8.466879999999999962e-01 -5.320899999999999519e-01 1.840000000000000001e-04 5.320899999999999519e-01 8.466879999999999962e-01 -3.959999999999999762e-04
6.000000000000000000e+00 6.300000000000000000e+01 5.400000000000000000e+01 0.000000000000000000e+00 1.600000000000000089e+00 -1.441000000000000007e-03 -4.315000000000000259e-03 9.999900000000000455e-01 -3.523740000000000205e-01 9.358530000000000459e-01 3.530000000000000152e-03 -9.358579999999999677e-01 -3.523649999999999838e-01 -2.870000000000000155e-03
1.900000000000000000e+01 6.300000000000000000e+01 5.400000000000000000e+01 0.000000000000000000e+00 1.600000000000000089e+00 1.427000000000000100e-03 -2.007000000000000103e-03 9.999970000000000248e-01 -3.462819999999999787e-01 9.381270000000000442e-01 2.377000000000000206e-03 -9.381289999999999907e-01 -3.462850000000000095e-01 6.440000000000000412e-04
2.300000000000000000e+01 6.300000000000000000e+01 5.400000000000000000e+01 0.000000000000000000e+00 1.600000000000000089e+00 -7.470000000000000511e-04 8.909999999999999734e-04 9.999989999999999712e-01 -3.423200000000000132e-01 9.395829999999999460e-01 -1.093000000000000005e-03 -9.395829999999999460e-01 -3.423209999999999864e-01 -3.970000000000000005e-04
2.700000000000000000e+01 2.500000000000000000e+01 5.500000000000000000e+01 0.000000000000000000e+00 1.600000000000000089e+00 1.314000000000000064e-03 -1.178000000000000011e-03 -9.999980000000000535e-01 -1.146800000000000076e-02 -9.999339999999999895e-01 1.162999999999999971e-03 -9.999329999999999607e-01 1.146699999999999976e-02 -1.327999999999999970e-03
2.000000000000000000e+00 2.600000000000000000e+01 5.500000000000000000e+01 0.000000000000000000e+00 1.600000000000000089e+00 1.489000000000000089e-03 5.847999999999999900e-03 -9.999820000000000375e-01 -3.330099999999999727e-02 -9.994279999999999831e-01 -5.893999999999999934e-03 -9.994439999999999991e-01 3.330999999999999933e-02 -1.293000000000000095e-03
4.000000000000000000e+00 2.100000000000000000e+01 6.000000000000000000e+01 0.000000000000000000e+00 1.600000000000000089e+00 -1.835999999999999958e-03 7.007000000000000207e-03 9.999740000000000295e-01 -9.519199999999999884e-02 9.954330000000000123e-01 -7.150000000000000105e-03 -9.954570000000000363e-01 -9.520199999999999496e-02 -1.160999999999999923e-03
9.000000000000000000e+00 2.100000000000000000e+01 6.000000000000000000e+01 0.000000000000000000e+00 1.600000000000000089e+00 -7.540000000000000044e-04 1.760000000000000063e-03 9.999980000000000535e-01 -9.568899999999999628e-02 9.954100000000000170e-01 -1.824000000000000100e-03 -9.954110000000000458e-01 -9.568999999999999728e-02 -5.820000000000000520e-04
1.600000000000000000e+01 2.100000000000000000e+01 6.000000000000000000e+01 0.000000000000000000e+00 1.600000000000000089e+00 8.589999999999999546e-04 -1.654000000000000088e-03 9.999980000000000535e-01 -9.298099999999999421e-02 9.956660000000000510e-01 1.727000000000000019e-03 -9.956679999999999975e-01 -9.298199999999999521e-02 7.020000000000000415e-04
2.300000000000000000e+01 2.100000000000000000e+01 6.000000000000000000e+01 0.000000000000000000e+00 1.600000000000000089e+00 -5.289999999999999564e-04 7.229000000000000183e-03 9.999740000000000295e-01 -9.701400000000000301e-02 9.952569999999999473e-01 -7.245999999999999837e-03 -9.952830000000000288e-01 -9.701500000000000401e-02 1.749999999999999982e-04
2.700000000000000000e+01 2.100000000000000000e+01 6.000000000000000000e+01 0.000000000000000000e+00 1.600000000000000089e+00 1.350999999999999987e-03 4.225999999999999722e-03 9.999900000000000455e-01 -9.592599999999999738e-02 9.953800000000000425e-01 -4.076999999999999895e-03 -9.953870000000000218e-01 -9.592000000000000526e-02 1.750000000000000036e-03
3.000000000000000000e+00 3.000000000000000000e+00 6.300000000000000000e+01 0.000000000000000000e+00 1.600000000000000089e+00 -1.510999999999999973e-03 -3.184999999999999897e-03 9.999940000000000495e-01 -6.121440000000000214e-01 7.907450000000000312e-01 1.593000000000000015e-03 -7.907450000000000312e-01 -6.121370000000000422e-01 -3.144999999999999792e-03
2.400000000000000000e+01 3.000000000000000000e+00 6.300000000000000000e+01 0.000000000000000000e+00 1.600000000000000089e+00 1.302999999999999905e-03 -5.630999999999999721e-03 9.999829999999999552e-01 -6.121659999999999879e-01 7.907119999999999704e-01 5.250000000000000326e-03 -7.907279999999999864e-01 -6.121619999999999839e-01 -2.416999999999999878e-03
5.000000000000000000e+00 2.700000000000000000e+01 6.300000000000000000e+01 0.000000000000000000e+00 1.600000000000000089e+00 -1.794999999999999938e-03 1.992999999999999980e-03 9.999959999999999960e-01 -2.776750000000000052e-01 9.606719999999999704e-01 -2.413000000000000214e-03 -9.606729999999999992e-01 -2.776779999999999804e-01 -1.170999999999999949e-03
8.000000000000000000e+00 2.700000000000000000e+01 6.300000000000000000e+01 0.000000000000000000e+00 1.600000000000000089e+00 -2.900000000000000017e-04 4.335999999999999577e-03 9.999909999999999632e-01 -2.780320000000000014e-01 9.605629999999999447e-01 -4.244999999999999642e-03 -9.605719999999999814e-01 -2.780299999999999994e-01 9.269999999999999811e-04
1.100000000000000000e+01 2.700000000000000000e+01 6.300000000000000000e+01 0.000000000000000000e+00 1.600000000000000089e+00 2.625999999999999862e-03 6.368000000000000396e-03 9.999759999999999760e-01 -2.765420000000000100e-01 9.609870000000000356e-01 -5.393000000000000224e-03 -9.609980000000000189e-01 -2.765219999999999900e-01 4.284999999999999747e-03
1.600000000000000000e+01 2.700000000000000000e+01 6.300000000000000000e+01 0.000000000000000000e+00 1.600000000000000089e+00 -9.120000000000000502e-04 8.319999999999999271e-03 9.999649999999999928e-01 -2.705469999999999819e-01 9.626710000000000544e-01 -8.255999999999999450e-03 -9.627059999999999507e-01 -2.705449999999999799e-01 1.373000000000000088e-03
2.300000000000000000e+01 2.700000000000000000e+01 6.300000000000000000e+01 0.000000000000000000e+00 1.600000000000000089e+00 6.359999999999999551e-04 -9.247000000000000011e-03 9.999569999999999848e-01 -2.747689999999999855e-01 9.614669999999999606e-01 9.065999999999999406e-03 -9.615099999999999758e-01 -2.747629999999999795e-01 -1.928999999999999942e-03
2.700000000000000000e+01 2.700000000000000000e+01 6.300000000000000000e+01 0.000000000000000000e+00 1.600000000000000089e+00 3.286999999999999991e-03 -3.299999999999999982e-03 9.999890000000000168e-01 -2.728740000000000054e-01 9.620410000000000350e-01 4.072000000000000099e-03 -9.620440000000000103e-01 -2.728849999999999887e-01 2.262000000000000122e-03
5.000000000000000000e+00 2.600000000000000000e+01 6.400000000000000000e+01 0.000000000000000000e+00 1.600000000000000089e+00 -2.292999999999999899e-03 2.778000000000000087e-03 9.999940000000000495e-01 -3.709680000000000200e-01 9.286400000000000210e-01 -3.431000000000000022e-03 -9.286429999999999962e-01 -3.709729999999999972e-01 -1.098999999999999934e-03
9.000000000000000000e+00 2.600000000000000000e+01 6.400000000000000000e+01 0.000000000000000000e+00 1.600000000000000089e+00 2.200000000000000078e-04 3.984999999999999827e-03 9.999919999999999920e-01 -3.717520000000000269e-01 9.283249999999999558e-01 -3.618000000000000122e-03 -9.283320000000000460e-01 -3.717489999999999961e-01 1.685999999999999999e-03
1.100000000000000000e+01 2.600000000000000000e+01 6.400000000000000000e+01 0.000000000000000000e+00 1.600000000000000089e+00 2.161000000000000160e-03 4.366000000000000089e-03 9.999879999999999880e-01 -3.702949999999999853e-01 9.289079999999999560e-01 -3.255000000000000081e-03 -9.289119999999999600e-01 -3.702840000000000020e-01 3.624000000000000051e-03
1.700000000000000000e+01 2.600000000000000000e+01 6.400000000000000000e+01 0.000000000000000000e+00 1.600000000000000089e+00 -3.301000000000000115e-03 6.086000000000000264e-03 9.999759999999999760e-01 -3.650200000000000111e-01 9.309739999999999682e-01 -6.871000000000000371e-03 -9.309939999999999882e-01 -3.650340000000000251e-01 -8.509999999999999769e-04
2.400000000000000000e+01 2.600000000000000000e+01 6.400000000000000000e+01 0.000000000000000000e+00 1.600000000000000089e+00 2.860000000000000129e-03 -6.653000000000000060e-03 9.999740000000000295e-01 -3.708750000000000102e-01 9.286539999999999795e-01 7.238999999999999775e-03 -9.286780000000000035e-01 -3.708859999999999935e-01 1.879999999999999890e-04
1.100000000000000000e+01 6.900000000000000000e+01 6.600000000000000000e+01 0.000000000000000000e+00 1.600000000000000089e+00 1.550000000000000000e-04 -4.198000000000000342e-03 9.999909999999999632e-01 -9.493099999999999872e-01 3.143380000000000063e-01 1.466999999999999988e-03 -3.143420000000000103e-01 -9.493019999999999792e-01 -3.937000000000000395e-03
2.400000000000000000e+01 6.900000000000000000e+01 6.600000000000000000e+01 0.000000000000000000e+00 1.600000000000000089e+00 -4.192999999999999679e-03 -3.396000000000000147e-03 9.999850000000000128e-01 -9.466550000000000242e-01 3.222360000000000224e-01 -2.874999999999999951e-03 -3.222220000000000084e-01 -9.466529999999999667e-01 -4.565999999999999746e-03
2.900000000000000000e+01 6.900000000000000000e+01 6.600000000000000000e+01 0.000000000000000000e+00 1.600000000000000089e+00 1.168999999999999900e-03 -2.351999999999999924e-03 9.999970000000000248e-01 -9.462439999999999740e-01 3.234480000000000133e-01 1.866999999999999953e-03 -3.234509999999999885e-01 -9.462429999999999453e-01 -1.848000000000000033e-03
2.000000000000000000e+00 2.500000000000000000e+01 7.300000000000000000e+01 0.000000000000000000e+00 1.600000000000000089e+00 7.879999999999999635e-04 2.533999999999999794e-03 9.999959999999999960e-01 7.524570000000000425e-01 -6.586410000000000320e-01 1.075999999999999917e-03 6.586410000000000320e-01 7.524530000000000385e-01 -2.426000000000000205e-03
5.000000000000000000e+00 2.500000000000000000e+01 7.300000000000000000e+01 0.000000000000000000e+00 1.600000000000000089e+00 2.000000000000000096e-04 1.965999999999999866e-03 9.999980000000000535e-01 7.543830000000000258e-01 -6.564330000000000442e-01 1.139999999999999954e-03 6.564339999999999620e-01 7.543819999999999970e-01 -1.614999999999999899e-03
9.000000000000000000e+00 2.500000000000000000e+01 7.300000000000000000e+01 0.000000000000000000e+00 1.600000000000000089e+00 -9.309999999999999699e-04 -4.510000000000000120e-04 9.999989999999999712e-01 7.565290000000000070e-01 -6.539599999999999858e-01 4.099999999999999912e-04 6.539589999999999570e-01 7.565290000000000070e-01 9.499999999999999981e-04
1.200000000000000000e+01 2.500000000000000000e+01 7.300000000000000000e+01 0.000000000000000000e+00 1.600000000000000089e+00 -1.572999999999999962e-03 -3.896000000000000157e-03 9.999909999999999632e-01 7.555020000000000069e-01 -6.551449999999999774e-01 -1.363999999999999978e-03 6.551439999999999486e-01 7.554929999999999701e-01 3.974000000000000102e-03
1.700000000000000000e+01 2.500000000000000000e+01 7.300000000000000000e+01 0.000000000000000000e+00 1.600000000000000089e+00 3.809999999999999910e-04 -5.739999999999999660e-04 1.000000000000000000e+00 7.538639999999999786e-01 -6.570310000000000317e-01 -6.639999999999999852e-04 6.570310000000000317e-01 7.538639999999999786e-01 1.820000000000000057e-04
2.500000000000000000e+01 2.500000000000000000e+01 7.300000000000000000e+01 0.000000000000000000e+00 1.600000000000000089e+00 2.177000000000000116e-03 -2.439999999999999949e-04 9.999980000000000535e-01 7.604260000000000463e-01 -6.494220000000000548e-01 -1.814000000000000074e-03 6.494210000000000260e-01 7.604279999999999928e-01 -1.229000000000000058e-03
5.000000000000000000e+00 4.400000000000000000e+01 7.300000000000000000e+01 0.000000000000000000e+00 1.600000000000000089e+00 -1.559999999999999972e-04 -1.227000000000000009e-03 9.999989999999999712e-01 5.551600000000000285e-02 -9.984570000000000389e-01 -1.216000000000000067e-03 9.984579999999999567e-01 5.551600000000000285e-02 2.239999999999999966e-04
1.100000000000000000e+01 4.400000000000000000e+01 7.300000000000000000e+01 0.000000000000000000e+00 1.600000000000000089e+00 -6.700000000000000226e-05 -5.000000000000000104e-04 1.000000000000000000e+00 5.351399999999999907e-02 -9.985669999999999824e-01 -4.960000000000000216e-04 9.985669999999999824e-01 5.351399999999999907e-02 9.299999999999999727e-05
1.400000000000000000e+01 4.400000000000000000e+01 7.300000000000000000e+01 0.000000000000000000e+00 1.600000000000000089e+00 5.749999999999999903e-04 -1.598999999999999944e-03 9.999989999999999712e-01 5.311799999999999855e-02 -9.985870000000000024e-01 -1.626999999999999974e-03 9.985880000000000312e-01 5.311899999999999955e-02 -4.889999999999999599e-04
1.900000000000000000e+01 4.400000000000000000e+01 7.300000000000000000e+01 0.000000000000000000e+00 1.600000000000000089e+00 6.999999999999999895e-06 1.360000000000000098e-03 9.999989999999999712e-01 5.492899999999999866e-02 -9.984889999999999599e-01 1.358000000000000049e-03 9.984899999999999887e-01 5.492899999999999866e-02 -8.200000000000000095e-05
2.600000000000000000e+01 4.400000000000000000e+01 7.300000000000000000e+01 0.000000000000000000e+00 1.600000000000000089e+00 -4.180000000000000230e-04 -1.364999999999999894e-03 9.999989999999999712e-01 5.566200000000000314e-02 -9.984490000000000309e-01 -1.340000000000000045e-03 9.984499999999999487e-01 5.566100000000000214e-02 4.939999999999999730e-04
2.100000000000000000e+01 2.500000000000000000e+01 7.400000000000000000e+01 0.000000000000000000e+00 1.600000000000000089e+00 6.859999999999999779e-04 1.972999999999999927e-03 9.999980000000000535e-01 8.307350000000000012e-01 -5.566680000000000517e-01 5.280000000000000405e-04 5.566680000000000517e-01 8.307330000000000547e-01 -2.020999999999999793e-03
2.600000000000000000e+01 9.900000000000000000e+01 7.500000000000000000e+01 0.000000000000000000e+00 1.600000000000000089e+00 -2.969999999999999984e-03 -5.558999999999999705e-03 -9.999799999999999800e-01 -8.839679999999999760e-01 4.675480000000000191e-01 2.599999999999999840e-05 4.675389999999999824e-01 8.839500000000000135e-01 -6.302999999999999575e-03
3.000000000000000000e+00 9.100000000000000000e+01 7.600000000000000000e+01 0.000000000000000000e+00 1.600000000000000089e+00 -2.694999999999999913e-03 -2.108000000000000065e-03 9.999940000000000495e-01 2.976559999999999762e-01 -9.546729999999999938e-01 -1.209999999999999921e-03 9.546700000000000186e-01 2.976509999999999989e-01 3.200000000000000153e-03
7.000000000000000000e+00 9.100000000000000000e+01 7.600000000000000000e+01 0.000000000000000000e+00 1.600000000000000089e+00 -4.099999999999999912e-04 2.759999999999999867e-04 1.000000000000000000e+00 2.922719999999999763e-01 -9.563350000000000461e-01 3.840000000000000097e-04 9.563350000000000461e-01 2.922719999999999763e-01 3.110000000000000243e-04
1.100000000000000000e+01 9.100000000000000000e+01 7.600000000000000000e+01 0.000000000000000000e+00 1.600000000000000089e+00 -8.750000000000000182e-04 2.700000000000000035e-04 1.000000000000000000e+00 2.983600000000000141e-01 -9.544529999999999959e-01 5.190000000000000386e-04 9.544529999999999959e-01 2.983600000000000141e-01 7.550000000000000287e-04
1.900000000000000000e+01 9.100000000000000000e+01 7.600000000000000000e+01 0.000000000000000000e+00 1.600000000000000089e+00 -4.640000000000000027e-04 -1.056999999999999997e-03 9.999989999999999712e-01 3.026130000000000209e-01 -9.531129999999999880e-01 -8.670000000000000406e-04 9.531140000000000168e-01 3.026119999999999921e-01 7.619999999999999820e-04
2.500000000000000000e+01 9.100000000000000000e+01 7.600000000000000000e+01 0.000000000000000000e+00 1.600000000000000089e+00 -1.962000000000000202e-03 -2.284000000000000006e-03 9.999949999999999672e-01 2.944109999999999783e-01 -9.556780000000000275e-01 -1.605000000000000090e-03 9.556769999999999987e-01 2.944069999999999743e-01 2.547999999999999918e-03
3.000000000000000000e+01 9.100000000000000000e+01 7.600000000000000000e+01 0.000000000000000000e+00 1.600000000000000089e+00 -1.930000000000000075e-03 -7.100000000000000191e-04 9.999980000000000535e-01 2.850260000000000016e-01 -9.585200000000000387e-01 -1.299999999999999886e-04 9.585179999999999811e-01 2.850249999999999728e-01 2.052000000000000005e-03
5.000000000000000000e+00 6.300000000000000000e+01 8.100000000000000000e+01 0.000000000000000000e+00 1.600000000000000089e+00 -4.209999999999999875e-04 7.204000000000000334e-03 9.999740000000000295e-01 3.283699999999999813e-02 -9.994349999999999623e-01 7.213999999999999926e-03 9.994610000000000438e-01 3.283900000000000013e-02 1.840000000000000001e-04
2.100000000000000000e+01 6.300000000000000000e+01 8.100000000000000000e+01 0.000000000000000000e+00 1.600000000000000089e+00 -5.506999999999999743e-03 -1.042799999999999977e-02 9.999299999999999855e-01 3.076999999999999874e-02 -9.994739999999999736e-01 -1.025399999999999923e-02 9.995110000000000383e-01 3.071199999999999972e-02 5.825000000000000316e-03
5.000000000000000000e+00 4.400000000000000000e+01 8.300000000000000000e+01 0.000000000000000000e+00 1.600000000000000089e+00 2.959999999999999849e-04 3.506000000000000002e-03 9.999940000000000495e-01 5.782929999999999460e-01 -8.158250000000000224e-01 2.688999999999999984e-03 8.158290000000000264e-01 5.782880000000000242e-01 -2.269000000000000183e-03
9.000000000000000000e+00 4.400000000000000000e+01 8.300000000000000000e+01 0.000000000000000000e+00 1.600000000000000089e+00 -4.879999999999999898e-04 -1.965000000000000167e-03 9.999980000000000535e-01 5.735179999999999723e-01 -8.191920000000000313e-01 -1.330000000000000019e-03 8.191929999999999490e-01 5.735160000000000258e-01 1.526000000000000013e-03
1.200000000000000000e+01 4.400000000000000000e+01 8.300000000000000000e+01 0.000000000000000000e+00 1.600000000000000089e+00 -1.028999999999999967e-03 -2.413000000000000214e-03 9.999970000000000248e-01 5.719899999999999984e-01 -8.202589999999999604e-01 -1.389999999999999960e-03 8.202599999999999891e-01 5.719870000000000232e-01 2.223999999999999849e-03
1.700000000000000000e+01 4.400000000000000000e+01 8.300000000000000000e+01 0.000000000000000000e+00 1.600000000000000089e+00 1.253999999999999906e-03 -3.363000000000000104e-03 9.999940000000000495e-01 5.776999999999999913e-01 -8.162420000000000231e-01 -3.468999999999999861e-03 8.162479999999999736e-01 5.777010000000000201e-01 9.190000000000000035e-04
2.500000000000000000e+01 4.400000000000000000e+01 8.300000000000000000e+01 0.000000000000000000e+00 1.600000000000000089e+00 2.004999999999999838e-03 -3.805999999999999921e-03 9.999909999999999632e-01 5.867590000000000305e-01 -8.097509999999999986e-01 -4.258999999999999765e-03 8.097590000000000066e-01 5.867620000000000058e-01 6.099999999999999737e-04
2.700000000000000000e+01 4.400000000000000000e+01 8.300000000000000000e+01 0.000000000000000000e+00 1.600000000000000089e+00 6.290000000000000018e-04 -4.226999999999999855e-03 9.999909999999999632e-01 5.879029999999999534e-01 -8.089229999999999476e-01 -3.788999999999999833e-03 8.089319999999999844e-01 5.878999999999999782e-01 1.977000000000000025e-03
1.800000000000000000e+01 1.010000000000000000e+02 8.300000000000000000e+01 0.000000000000000000e+00 1.600000000000000089e+00 -2.827000000000000086e-03 -1.009799999999999934e-02 9.999449999999999728e-01 9.933640000000000247e-01 1.149440000000000045e-01 3.969000000000000306e-03 -1.149779999999999969e-01 9.933210000000000095e-01 9.705999999999999350e-03
3.000000000000000000e+00 4.800000000000000000e+01 8.400000000000000000e+01 0.000000000000000000e+00 1.600000000000000089e+00 5.486999999999999690e-03 2.296999999999999997e-03 -9.999820000000000375e-01 -9.479549999999999921e-01 -3.183489999999999931e-01 -5.931999999999999773e-03 -3.183570000000000011e-01 9.479710000000000081e-01 4.299999999999999894e-04
6.000000000000000000e+00 4.800000000000000000e+01 8.400000000000000000e+01 0.000000000000000000e+00 1.600000000000000089e+00 2.403999999999999887e-03 1.887999999999999921e-03 -9.999949999999999672e-01 -9.486269999999999980e-01 -3.163839999999999986e-01 -2.876999999999999783e-03 -3.163880000000000026e-01 9.486289999999999445e-01 1.030000000000000100e-03
1.000000000000000000e+01 4.800000000000000000e+01 8.400000000000000000e+01 0.000000000000000000e+00 1.600000000000000089e+00 -1.036000000000000029e-03 -1.734000000000000081e-03 -9.999980000000000535e-01 -9.476329999999999476e-01 -3.193570000000000020e-01 1.536000000000000039e-03 -3.193590000000000040e-01 9.476329999999999476e-01 -1.312999999999999931e-03
