4.000000000000000000e+00 4.200000000000000000e+01 2.000000000000000000e+00 0.000000000000000000e+00 1.600000000000000089e+00 -6.618999999999999884e-03 -7.135999999999999982e-03 9.999529999999999808e-01 9.876350000000000406e-01 1.565870000000000040e-01 7.655000000000000346e-03 -1.566339999999999955e-01 9.876380000000000159e-01 6.010999999999999850e-03
3.000000000000000000e+00 1.600000000000000000e+01 4.000000000000000000e+00 0.000000000000000000e+00 1.600000000000000089e+00 6.326000000000000026e-03 2.866499999999999951e-02 9.995690000000000408e-01 3.246149999999999869e-01 -9.455139999999999656e-01 2.505999999999999894e-02 9.458250000000000268e-01 3.243170000000000219e-01 -1.528700000000000024e-02
8.000000000000000000e+00 1.600000000000000000e+01 4.000000000000000000e+00 0.000000000000000000e+00 1.600000000000000089e+00 -8.080000000000000160e-04 1.555999999999999918e-02 9.998789999999999623e-01 3.228739999999999943e-01 -9.463230000000000253e-01 1.498700000000000032e-02 9.464409999999999767e-01 3.228469999999999951e-01 -4.258999999999999765e-03
1.800000000000000000e+01 1.600000000000000000e+01 4.000000000000000000e+00 0.000000000000000000e+00 1.600000000000000089e+00 -3.629999999999999872e-04 9.684999999999999165e-03 9.999529999999999808e-01 3.222400000000000264e-01 -9.466120000000000090e-01 9.286000000000000851e-03 9.466579999999999995e-01 3.222289999999999877e-01 -2.776999999999999955e-03
2.700000000000000000e+01 1.600000000000000000e+01 4.000000000000000000e+00 0.000000000000000000e+00 1.600000000000000089e+00 -2.383000000000000135e-03 5.167999999999999851e-03 9.999839999999999840e-01 3.248780000000000001e-01 -9.457389999999999963e-01 5.662000000000000366e-03 9.457529999999999548e-01 3.248860000000000081e-01 5.739999999999999660e-04
5.000000000000000000e+00 1.500000000000000000e+01 8.000000000000000000e+00 0.000000000000000000e+00 1.600000000000000089e+00 4.415999999999999787e-03 2.201399999999999885e-02 -9.997479999999999700e-01 -5.640939999999999843e-01 -8.254519999999999635e-01 -2.066799999999999887e-02 -8.256989999999999608e-01 5.640429999999999611e-01 8.772999999999999549e-03
2.000000000000000000e+00 2.600000000000000000e+01 8.000000000000000000e+00 0.000000000000000000e+00 1.600000000000000089e+00 -3.665999999999999988e-03 -1.821800000000000155e-02 -9.998270000000000213e-01 4.201170000000000182e-01 9.072900000000000409e-01 -1.807200000000000126e-02 9.074619999999999909e-01 -4.201110000000000122e-01 4.328000000000000250e-03
6.000000000000000000e+00 2.600000000000000000e+01 8.000000000000000000e+00 0.000000000000000000e+00 1.600000000000000089e+00 -4.431000000000000043e-03 -1.896799999999999875e-02 -9.998099999999999765e-01 4.214970000000000105e-01 9.066290000000000182e-01 -1.906800000000000161e-02 9.068190000000000417e-01 -4.215019999999999878e-01 3.977999999999999765e-03
9.000000000000000000e+00 2.600000000000000000e+01 8.000000000000000000e+00 0.000000000000000000e+00 1.600000000000000089e+00 -5.211000000000000354e-03 -2.040200000000000000e-02 -9.997779999999999445e-01 4.233040000000000136e-01 9.057520000000000016e-01 -2.068899999999999906e-02 9.059730000000000283e-01 -4.233180000000000276e-01 3.917000000000000343e-03
1.200000000000000000e+01 2.600000000000000000e+01 8.000000000000000000e+00 0.000000000000000000e+00 1.600000000000000089e+00 -5.746000000000000239e-03 -2.206400000000000028e-02 -9.997399999999999620e-01 4.254069999999999796e-01 9.047250000000000014e-01 -2.241200000000000137e-02 9.049840000000000106e-01 -4.254249999999999976e-01 4.186999999999999750e-03
1.600000000000000000e+01 2.600000000000000000e+01 8.000000000000000000e+00 0.000000000000000000e+00 1.600000000000000089e+00 -3.997999999999999818e-03 -3.409999999999999837e-03 -9.999860000000000415e-01 4.282799999999999940e-01 9.036330000000000195e-01 -4.793999999999999651e-03 9.036370000000000235e-01 -4.282929999999999793e-01 -2.152999999999999966e-03
2.100000000000000000e+01 2.600000000000000000e+01 8.000000000000000000e+00 0.000000000000000000e+00 1.600000000000000089e+00 -2.273999999999999980e-03 -9.903999999999999609e-03 -9.999479999999999480e-01 4.272029999999999994e-01 9.041010000000000435e-01 -9.926000000000000795e-03 9.041529999999999845e-01 -4.272039999999999726e-01 2.174999999999999850e-03
2.500000000000000000e+01 2.600000000000000000e+01 8.000000000000000000e+00 0.000000000000000000e+00 1.600000000000000089e+00 -3.030999999999999840e-03 -1.496100000000000034e-02 -9.998839999999999950e-01 4.271360000000000157e-01 9.040660000000000363e-01 -1.482200000000000011e-02 9.041820000000000412e-01 -4.271320000000000117e-01 3.651000000000000165e-03
1.000000000000000000e+01 1.400000000000000000e+01 9.000000000000000000e+00 0.000000000000000000e+00 1.600000000000000089e+00 6.865999999999999708e-03 1.496399999999999987e-02 -9.998639999999999750e-01 -5.576449999999999463e-01 -8.299199999999999910e-01 -1.625000000000000056e-02 -8.300509999999999833e-01 5.576809999999999823e-01 2.647000000000000047e-03
1.300000000000000000e+01 1.400000000000000000e+01 9.000000000000000000e+00 0.000000000000000000e+00 1.600000000000000089e+00 6.492999999999999640e-03 1.648700000000000165e-02 -9.998430000000000373e-01 -5.559859999999999802e-01 -8.310110000000000552e-01 -1.731299999999999853e-02 -8.311659999999999604e-01 5.560110000000000330e-01 3.771000000000000046e-03
1.700000000000000000e+01 1.400000000000000000e+01 9.000000000000000000e+00 0.000000000000000000e+00 1.600000000000000089e+00 5.398000000000000020e-03 1.178500000000000034e-02 -9.999160000000000270e-01 -5.546240000000000059e-01 -8.320020000000000193e-01 -1.280000000000000061e-02 -8.320830000000000171e-01 5.546470000000000011e-01 2.044999999999999943e-03
2.100000000000000000e+01 1.400000000000000000e+01 9.000000000000000000e+00 0.000000000000000000e+00 1.600000000000000089e+00 2.449999999999999921e-03 3.092999999999999829e-03 -9.999919999999999920e-01 -5.551300000000000123e-01 -8.317539999999999933e-01 -3.931999999999999731e-03 -8.317600000000000549e-01 5.551350000000000451e-01 -3.209999999999999963e-04
4.000000000000000000e+00 3.100000000000000000e+01 1.200000000000000000e+01 0.000000000000000000e+00 1.600000000000000089e+00 -3.324000000000000132e-03 1.157000000000000042e-03 9.999940000000000495e-01 1.458699999999999927e-02 9.998930000000000318e-01 -1.108000000000000044e-03 -9.998879999999999990e-01 1.458300000000000048e-02 -3.340999999999999786e-03
7.000000000000000000e+00 3.100000000000000000e+01 1.200000000000000000e+01 0.000000000000000000e+00 1.600000000000000089e+00 -1.971000000000000096e-03 -1.230000000000000082e-04 9.999980000000000535e-01 1.562699999999999853e-02 9.998780000000000445e-01 1.540000000000000028e-04 -9.998759999999999870e-01 1.562699999999999853e-02 -1.968999999999999830e-03
1.000000000000000000e+01 3.100000000000000000e+01 1.200000000000000000e+01 0.000000000000000000e+00 1.600000000000000089e+00 -4.949999999999999973e-04 9.000000000000000567e-05 1.000000000000000000e+00 1.528599999999999924e-02 9.998829999999999663e-01 -8.200000000000000095e-05 -9.998829999999999663e-01 1.528599999999999924e-02 -4.960000000000000216e-04
1.500000000000000000e+01 3.100000000000000000e+01 1.200000000000000000e+01 0.000000000000000000e+00 1.600000000000000089e+00 6.999999999999999929e-04 4.539999999999999765e-04 1.000000000000000000e+00 1.457199999999999988e-02 9.998939999999999495e-01 -4.640000000000000027e-04 -9.998939999999999495e-01 1.457299999999999915e-02 6.930000000000000396e-04
2.800000000000000000e+01 3.100000000000000000e+01 1.200000000000000000e+01 0.000000000000000000e+00 1.600000000000000089e+00 1.720000000000000066e-04 -1.675000000000000057e-03 9.999989999999999712e-01 1.682499999999999968e-02 9.998569999999999958e-01 1.672000000000000092e-03 -9.998580000000000245e-01 1.682399999999999868e-02 2.000000000000000096e-04
5.000000000000000000e+00 3.200000000000000000e+01 1.400000000000000000e+01 0.000000000000000000e+00 1.600000000000000089e+00 4.008000000000000278e-03 2.290000000000000098e-04 -9.999919999999999920e-01 1.214409999999999934e-01 9.925979999999999803e-01 7.140000000000000079e-04 9.925910000000000011e-01 -1.214429999999999954e-01 3.950000000000000386e-03
3.000000000000000000e+00 1.200000000000000000e+01 1.500000000000000000e+01 0.000000000000000000e+00 1.600000000000000089e+00 3.226000000000000135e-03 8.841999999999999166e-03 -9.999559999999999560e-01 -4.691130000000000022e-01 -8.830890000000000128e-01 -9.322000000000000425e-03 -8.831320000000000281e-01 4.691219999999999835e-01 1.299000000000000024e-03
1.100000000000000000e+01 1.200000000000000000e+01 1.500000000000000000e+01 0.000000000000000000e+00 1.600000000000000089e+00 4.890000000000000249e-03 5.308000000000000218e-03 -9.999740000000000295e-01 -4.687769999999999992e-01 -8.832889999999999908e-01 -6.981000000000000226e-03 -8.833029999999999493e-01 4.687990000000000212e-01 -1.830999999999999945e-03
1.800000000000000000e+01 1.160000000000000000e+02 1.600000000000000000e+01 0.000000000000000000e+00 1.600000000000000089e+00 -1.691000000000000012e-03 -2.356000000000000021e-03 9.999959999999999960e-01 7.016160000000000174e-01 7.125489999999999879e-01 2.864999999999999925e-03 -7.125529999999999919e-01 7.016179999999999639e-01 4.479999999999999933e-04
2.200000000000000000e+01 1.160000000000000000e+02 1.600000000000000000e+01 0.000000000000000000e+00 1.600000000000000089e+00 -8.959999999999999866e-04 -6.650000000000000095e-04 9.999989999999999712e-01 6.774829999999999464e-01 7.355380000000000251e-01 1.095999999999999969e-03 -7.355380000000000251e-01 6.774829999999999464e-01 -2.090000000000000115e-04
2.500000000000000000e+01 1.160000000000000000e+02 1.600000000000000000e+01 0.000000000000000000e+00 1.600000000000000089e+00 7.579999999999999932e-04 9.060000000000000128e-04 9.999989999999999712e-01 6.729770000000000474e-01 7.396629999999999594e-01 -1.180000000000000059e-03 -7.396629999999999594e-01 6.729770000000000474e-01 -4.899999999999999842e-05
2.000000000000000000e+00 2.000000000000000000e+00 1.900000000000000000e+01 0.000000000000000000e+00 1.600000000000000089e+00 2.848999999999999970e-03 5.582000000000000156e-03 -9.999799999999999800e-01 1.690699999999999981e-01 -9.855909999999999949e-01 -5.020000000000000157e-03 -9.856000000000000316e-01 -1.690520000000000078e-01 -3.750999999999999994e-03
6.000000000000000000e+00 2.000000000000000000e+00 1.900000000000000000e+01 0.000000000000000000e+00 1.600000000000000089e+00 2.272000000000000148e-03 7.095999999999999877e-03 -9.999719999999999720e-01 1.695869999999999878e-01 -9.854929999999999524e-01 -6.608000000000000158e-03 -9.855129999999999724e-01 -1.695669999999999955e-01 -3.442000000000000181e-03
1.200000000000000000e+01 2.000000000000000000e+00 1.900000000000000000e+01 0.000000000000000000e+00 1.600000000000000089e+00 -1.832000000000000078e-03 8.480000000000000124e-04 -9.999980000000000535e-01 1.687800000000000133e-01 -9.856530000000000014e-01 -1.144999999999999967e-03 -9.856519999999999726e-01 -1.687819999999999876e-01 1.662999999999999982e-03
1.600000000000000000e+01 2.000000000000000000e+00 1.900000000000000000e+01 0.000000000000000000e+00 1.600000000000000089e+00 -1.064000000000000059e-03 4.375999999999999682e-03 -9.999900000000000455e-01 1.607520000000000060e-01 -9.869850000000000012e-01 -4.491000000000000200e-03 -9.869940000000000380e-01 -1.607550000000000090e-01 3.469999999999999777e-04
2.100000000000000000e+01 2.000000000000000000e+00 1.900000000000000000e+01 0.000000000000000000e+00 1.600000000000000089e+00 3.284000000000000027e-03 2.020000000000000040e-04 -9.999949999999999672e-01 1.601819999999999911e-01 -9.870870000000000477e-01 3.260000000000000094e-04 -9.870820000000000149e-01 -1.601819999999999911e-01 -3.274000000000000000e-03
2.400000000000000000e+01 2.000000000000000000e+00 1.900000000000000000e+01 0.000000000000000000e+00 1.600000000000000089e+00 2.945999999999999834e-03 -1.832000000000000078e-03 -9.999940000000000495e-01 1.613300000000000012e-01 -9.868980000000000530e-01 2.282999999999999873e-03 -9.868959999999999955e-01 -1.613360000000000072e-01 -2.611000000000000040e-03
2.800000000000000000e+01 2.000000000000000000e+00 1.900000000000000000e+01 0.000000000000000000e+00 1.600000000000000089e+00 8.940000000000000464e-04 -9.733000000000000332e-03 -9.999519999999999520e-01 1.611760000000000137e-01 -9.868780000000000330e-01 9.749000000000000721e-03 -9.869250000000000522e-01 -1.611769999999999869e-01 6.859999999999999779e-04
4.000000000000000000e+00 1.300000000000000000e+01 2.000000000000000000e+01 0.000000000000000000e+00 1.600000000000000089e+00 -5.199999999999999544e-04 3.559999999999999797e-03 9.999940000000000495e-01 2.599179999999999824e-01 9.656249999999999556e-01 -3.302999999999999946e-03 -9.656310000000000171e-01 2.599150000000000071e-01 -1.427000000000000100e-03
8.000000000000000000e+00 1.300000000000000000e+01 2.000000000000000000e+01 0.000000000000000000e+00 1.600000000000000089e+00 -1.301000000000000073e-03 6.790000000000000245e-04 9.999989999999999712e-01 2.634079999999999755e-01 9.646839999999999860e-01 -3.119999999999999944e-04 -9.646839999999999860e-01 2.634079999999999755e-01 -1.433999999999999945e-03
1.700000000000000000e+01 1.300000000000000000e+01 2.000000000000000000e+01 0.000000000000000000e+00 1.600000000000000089e+00 9.899999999999999404e-05 -1.871000000000000050e-03 9.999980000000000535e-01 2.608170000000000210e-01 9.653869999999999951e-01 1.779999999999999898e-03 -9.653880000000000239e-01 2.608159999999999923e-01 5.829999999999999679e-04
2.300000000000000000e+01 1.300000000000000000e+01 2.000000000000000000e+01 0.000000000000000000e+00 1.600000000000000089e+00 1.074000000000000085e-03 -2.635000000000000189e-03 9.999959999999999960e-01 2.620589999999999864e-01 9.650490000000000457e-01 2.260999999999999989e-03 -9.650509999999999922e-01 2.620560000000000112e-01 1.727000000000000019e-03
2.800000000000000000e+01 1.300000000000000000e+01 2.000000000000000000e+01 0.000000000000000000e+00 1.600000000000000089e+00 8.019999999999999785e-04 -1.498999999999999898e-03 9.999989999999999712e-01 2.618360000000000132e-01 9.651119999999999699e-01 1.235999999999999903e-03 -9.651119999999999699e-01 2.618349999999999844e-01 1.167000000000000069e-03
1.700000000000000000e+01 1.600000000000000000e+01 2.100000000000000000e+01 0.000000000000000000e+00 1.600000000000000089e+00 6.610000000000000207e-04 4.180000000000000230e-04 1.000000000000000000e+00 2.990099999999999980e-01 9.542500000000000426e-01 -5.959999999999999586e-04 -9.542500000000000426e-01 2.990110000000000268e-01 5.060000000000000478e-04
2.500000000000000000e+01 1.600000000000000000e+01 2.100000000000000000e+01 0.000000000000000000e+00 1.600000000000000089e+00 6.340000000000000149e-04 -1.554999999999999959e-03 9.999989999999999712e-01 2.975829999999999864e-01 9.546949999999999603e-01 1.296000000000000060e-03 -9.546959999999999891e-01 2.975820000000000132e-01 1.067999999999999939e-03
3.000000000000000000e+01 1.600000000000000000e+01 2.100000000000000000e+01 0.000000000000000000e+00 1.600000000000000089e+00 2.200000000000000078e-04 4.299999999999999894e-04 1.000000000000000000e+00 2.954740000000000144e-01 9.553509999999999502e-01 -4.760000000000000234e-04 -9.553509999999999502e-01 2.954740000000000144e-01 8.299999999999999815e-05
2.000000000000000000e+00 4.600000000000000000e+01 3.000000000000000000e+01 0.000000000000000000e+00 1.600000000000000089e+00 1.482000000000000027e-03 -6.600000000000000506e-05 -9.999989999999999712e-01 3.353960000000000274e-01 9.420770000000000532e-01 4.350000000000000026e-04 9.420760000000000245e-01 -3.353960000000000274e-01 1.417999999999999990e-03
1.400000000000000000e+01 4.600000000000000000e+01 3.000000000000000000e+01 0.000000000000000000e+00 1.600000000000000089e+00 5.000000000000000240e-05 -4.640000000000000027e-04 -1.000000000000000000e+00 3.367850000000000010e-01 9.415820000000000300e-01 -4.200000000000000174e-04 9.415820000000000300e-01 -3.367850000000000010e-01 2.030000000000000012e-04
2.000000000000000000e+00 5.800000000000000000e+01 3.100000000000000000e+01 0.000000000000000000e+00 1.600000000000000089e+00 -2.286999999999999970e-03 -7.477000000000000139e-03 9.999689999999999968e-01 -7.950199999999999489e-01 -6.065500000000000336e-01 -6.354000000000000273e-03 6.065789999999999793e-01 -7.950099999999999945e-01 -4.557000000000000287e-03
7.000000000000000000e+00 5.800000000000000000e+01 3.100000000000000000e+01 0.000000000000000000e+00 1.600000000000000089e+00 -1.910000000000000077e-04 -9.690000000000000262e-04 1.000000000000000000e+00 -7.983710000000000528e-01 -6.021659999999999791e-01 -7.360000000000000006e-04 6.021659999999999791e-01 -7.983700000000000241e-01 -6.589999999999999721e-04
1.500000000000000000e+01 5.800000000000000000e+01 3.100000000000000000e+01 0.000000000000000000e+00 1.600000000000000089e+00 -1.703000000000000087e-03 2.020000000000000040e-04 9.999989999999999712e-01 -7.981549999999999478e-01 -6.024509999999999588e-01 -1.237999999999999951e-03 6.024500000000000410e-01 -7.981559999999999766e-01 1.188000000000000037e-03
2.000000000000000000e+01 5.800000000000000000e+01 3.100000000000000000e+01 0.000000000000000000e+00 1.600000000000000089e+00 1.420000000000000092e-04 5.770000000000000389e-04 1.000000000000000000e+00 -7.968399999999999928e-01 -6.041900000000000048e-01 4.620000000000000083e-04 6.041900000000000048e-01 -7.968399999999999928e-01 3.739999999999999835e-04
2.600000000000000000e+01 5.800000000000000000e+01 3.100000000000000000e+01 0.000000000000000000e+00 1.600000000000000089e+00 -1.245999999999999929e-03 4.500000000000000283e-05 9.999989999999999712e-01 -7.968340000000000423e-01 -6.041980000000000128e-01 -9.659999999999999533e-04 6.041980000000000128e-01 -7.968340000000000423e-01 7.889999999999999878e-04
2.200000000000000000e+01 3.200000000000000000e+01 3.300000000000000000e+01 0.000000000000000000e+00 1.600000000000000089e+00 2.001999999999999873e-03 1.998999999999999909e-03 9.999959999999999960e-01 -2.691890000000000116e-01 9.630859999999999976e-01 -1.386000000000000079e-03 -9.630849999999999689e-01 -2.691850000000000076e-01 2.465999999999999876e-03
5.000000000000000000e+00 4.600000000000000000e+01 3.500000000000000000e+01 0.000000000000000000e+00 1.600000000000000089e+00 -1.920000000000000049e-03 5.009000000000000431e-03 -9.999860000000000415e-01 3.915080000000000227e-01 -9.201589999999999492e-01 -5.361000000000000314e-03 -9.201730000000000187e-01 -3.915129999999999999e-01 -1.939999999999999993e-04
8.000000000000000000e+00 4.600000000000000000e+01 3.500000000000000000e+01 0.000000000000000000e+00 1.600000000000000089e+00 -6.369999999999999794e-04 1.794999999999999938e-03 -9.999980000000000535e-01 3.915230000000000099e-01 -9.201660000000000394e-01 -1.900999999999999912e-03 -9.201679999999999859e-01 -3.915239999999999831e-01 -1.160000000000000007e-04
1.500000000000000000e+01 4.600000000000000000e+01 3.500000000000000000e+01 0.000000000000000000e+00 1.600000000000000089e+00 4.169999999999999987e-04 2.639999999999999986e-03 -9.999959999999999960e-01 3.909850000000000270e-01 -9.203940000000000454e-01 -2.266999999999999918e-03 -9.203970000000000207e-01 -3.909830000000000250e-01 -1.415999999999999941e-03
2.300000000000000000e+01 4.600000000000000000e+01 3.500000000000000000e+01 0.000000000000000000e+00 1.600000000000000089e+00 9.229999999999999923e-04 -5.760999999999999628e-03 -9.999829999999999552e-01 3.901669999999999860e-01 -9.207269999999999621e-01 5.663999999999999764e-03 -9.207440000000000069e-01 -3.901660000000000128e-01 1.397000000000000021e-03
2.700000000000000000e+01 4.600000000000000000e+01 3.500000000000000000e+01 0.000000000000000000e+00 1.600000000000000089e+00 5.220000000000000031e-04 -2.356000000000000021e-03 -9.999970000000000248e-01 3.886890000000000067e-01 -9.213660000000000183e-01 2.373999999999999808e-03 -9.213689999999999936e-01 -3.886890000000000067e-01 4.350000000000000026e-04
1.000000000000000000e+00 9.500000000000000000e+01 3.600000000000000000e+01 0.000000000000000000e+00 1.600000000000000089e+00 -3.955000000000000182e-03 -8.590000000000000413e-03 9.999550000000000383e-01 9.966979999999999729e-01 8.106299999999999617e-02 4.638999999999999894e-03 -8.109900000000000442e-02 9.966720000000000024e-01 8.241000000000000061e-03
5.000000000000000000e+00 9.500000000000000000e+01 3.600000000000000000e+01 0.000000000000000000e+00 1.600000000000000089e+00 4.930000000000000354e-03 1.397299999999999931e-02 9.998899999999999455e-01 9.964939999999999909e-01 8.344300000000000328e-02 -6.080000000000000335e-03 -8.351899999999999602e-02 9.964150000000000507e-01 -1.351300000000000071e-02
9.000000000000000000e+00 9.500000000000000000e+01 3.600000000000000000e+01 0.000000000000000000e+00 1.600000000000000089e+00 4.076999999999999895e-03 1.887799999999999895e-02 9.998129999999999518e-01 9.967240000000000544e-01 8.068699999999999484e-02 -5.588000000000000085e-03 -8.077700000000000158e-02 9.965610000000000301e-01 -1.848699999999999996e-02
1.300000000000000000e+01 9.500000000000000000e+01 3.600000000000000000e+01 0.000000000000000000e+00 1.600000000000000089e+00 -7.259999999999999743e-04 -9.353999999999999468e-03 9.999559999999999560e-01 9.972330000000000361e-01 7.432300000000000018e-02 1.420000000000000038e-03 -7.433299999999999630e-02 9.971900000000000208e-01 9.273999999999999258e-03
1.600000000000000000e+01 9.500000000000000000e+01 3.600000000000000000e+01 0.000000000000000000e+00 1.600000000000000089e+00 -3.027000000000000177e-03 -2.520100000000000118e-02 9.996779999999999555e-01 9.972739999999999938e-01 7.362900000000000000e-02 4.874999999999999993e-03 -7.372800000000000187e-02 9.969670000000000476e-01 2.490900000000000059e-02
1.900000000000000000e+01 9.500000000000000000e+01 3.600000000000000000e+01 0.000000000000000000e+00 1.600000000000000089e+00 -2.138999999999999842e-03 -1.842399999999999941e-02 9.998280000000000500e-01 9.973090000000000011e-01 7.323300000000000642e-02 3.482999999999999985e-03 -7.328500000000000292e-02 9.971449999999999481e-01 1.821700000000000055e-02
2.400000000000000000e+01 9.500000000000000000e+01 3.600000000000000000e+01 0.000000000000000000e+00 1.600000000000000089e+00 -1.263999999999999933e-03 4.133000000000000389e-03 9.999909999999999632e-01 9.970430000000000126e-01 7.683399999999999952e-02 9.430000000000000448e-04 -7.682899999999999452e-02 9.970350000000000046e-01 -4.218000000000000395e-03
2.700000000000000000e+01 9.500000000000000000e+01 3.600000000000000000e+01 0.000000000000000000e+00 1.600000000000000089e+00 -5.019999999999999506e-04 9.721000000000000474e-03 9.999529999999999808e-01 9.968179999999999819e-01 7.971300000000000607e-02 -2.739999999999999923e-04 -7.971200000000000507e-02 9.967700000000000449e-01 -9.730000000000000801e-03
1.000000000000000000e+01 3.000000000000000000e+00 4.300000000000000000e+01 0.000000000000000000e+00 1.600000000000000089e+00 2.272000000000000148e-03 7.636000000000000426e-03 -9.999679999999999680e-01 7.389379999999999837e-01 -6.737649999999999473e-01 -3.465999999999999897e-03 -6.737699999999999800e-01 -7.389069999999999805e-01 -7.172999999999999689e-03
1.500000000000000000e+01 3.000000000000000000e+00 4.300000000000000000e+01 0.000000000000000000e+00 1.600000000000000089e+00 -2.732000000000000053e-03 -6.237999999999999622e-03 -9.999770000000000048e-01 7.388559999999999572e-01 -6.738589999999999858e-01 2.184999999999999876e-03 -6.738579999999999570e-01 -7.388329999999999620e-01 6.448999999999999871e-03
2.100000000000000000e+01 3.000000000000000000e+00 4.300000000000000000e+01 0.000000000000000000e+00 1.600000000000000089e+00 1.427000000000000100e-03 9.870000000000000301e-04 -9.999989999999999712e-01 7.357789999999999608e-01 -6.772219999999999906e-01 3.809999999999999910e-04 -6.772200000000000442e-01 -7.357780000000000431e-01 -1.693000000000000060e-03
1.300000000000000000e+01 8.000000000000000000e+00 4.400000000000000000e+01 0.000000000000000000e+00 1.600000000000000089e+00 -2.509999999999999753e-04 1.624000000000000010e-03 9.999989999999999712e-01 -7.875170000000000226e-01 -6.162919999999999510e-01 8.040000000000000271e-04 6.162919999999999510e-01 -7.875159999999999938e-01 1.433999999999999945e-03
2.200000000000000000e+01 8.000000000000000000e+00 4.400000000000000000e+01 0.000000000000000000e+00 1.600000000000000089e+00 -3.899999999999999929e-05 1.399000000000000070e-03 9.999989999999999712e-01 -7.837429999999999675e-01 -6.210849999999999982e-01 8.379999999999999862e-04 6.210849999999999982e-01 -7.837420000000000497e-01 1.121000000000000035e-03
3.000000000000000000e+00 2.900000000000000000e+01 4.400000000000000000e+01 0.000000000000000000e+00 1.600000000000000089e+00 6.976000000000000430e-03 2.912999999999999791e-03 -9.999710000000000543e-01 6.584550000000000125e-01 7.525889999999999525e-01 6.786000000000000365e-03 7.525880000000000347e-01 -6.584839999999999582e-01 3.333000000000000025e-03
7.000000000000000000e+00 2.900000000000000000e+01 4.400000000000000000e+01 0.000000000000000000e+00 1.600000000000000089e+00 4.255000000000000102e-03 3.390000000000000001e-04 -9.999909999999999632e-01 6.710559999999999858e-01 7.413999999999999480e-01 3.106999999999999953e-03 7.413939999999999975e-01 -6.710629999999999651e-01 2.928000000000000047e-03
1.200000000000000000e+01 2.900000000000000000e+01 4.400000000000000000e+01 0.000000000000000000e+00 1.600000000000000089e+00 1.118000000000000070e-03 -2.425000000000000072e-03 -9.999959999999999960e-01 6.768309999999999604e-01 7.361379999999999590e-01 -1.028000000000000051e-03 7.361370000000000413e-01 -6.768279999999999852e-01 2.464000000000000044e-03
1.600000000000000000e+01 2.900000000000000000e+01 4.400000000000000000e+01 0.000000000000000000e+00 1.600000000000000089e+00 -3.611000000000000060e-03 -2.919999999999999853e-03 -9.999890000000000168e-01 6.773209999999999509e-01 7.356740000000000501e-01 -4.593999999999999993e-03 7.356789999999999718e-01 -6.773299999999999876e-01 -6.790000000000000245e-04
2.700000000000000000e+01 2.900000000000000000e+01 4.400000000000000000e+01 0.000000000000000000e+00 1.600000000000000089e+00 -7.320000000000000118e-04 1.760000000000000063e-03 -9.999980000000000535e-01 6.547610000000000374e-01 7.558359999999999523e-01 8.509999999999999769e-04 7.558359999999999523e-01 -6.547589999999999799e-01 -1.706000000000000051e-03
2.000000000000000000e+01 7.000000000000000000e+01 4.700000000000000000e+01 0.000000000000000000e+00 1.600000000000000089e+00 -4.859999999999999954e-04 -3.849999999999999798e-04 -1.000000000000000000e+00 -8.423040000000000527e-01 -5.390030000000000099e-01 6.170000000000000354e-04 -5.390030000000000099e-01 8.423040000000000527e-01 -6.200000000000000270e-05
2.100000000000000000e+01 6.000000000000000000e+00 5.100000000000000000e+01 0.000000000000000000e+00 1.600000000000000089e+00 -1.466000000000000072e-03 -2.269999999999999882e-04 -9.999989999999999712e-01 3.236020000000000008e-01 -9.461929999999999508e-01 -2.599999999999999772e-04 -9.461920000000000330e-01 -3.236020000000000008e-01 1.461000000000000059e-03
1.600000000000000000e+01 1.150000000000000000e+02 5.100000000000000000e+01 0.000000000000000000e+00 1.600000000000000089e+00 -1.814999999999999990e-03 -4.884999999999999586e-03 9.999860000000000415e-01 8.440900000000000070e-01 -5.362000000000000099e-01 -1.087000000000000076e-03 5.361979999999999524e-01 8.440769999999999662e-01 5.095999999999999835e-03
3.000000000000000000e+00 7.000000000000000000e+00 5.200000000000000000e+01 0.000000000000000000e+00 1.600000000000000089e+00 -1.740999999999999926e-03 -4.889999999999999599e-04 -9.999980000000000535e-01 8.644200000000000494e-02 -9.962569999999999482e-01 3.370000000000000057e-04 -9.962550000000000017e-01 -8.644200000000000494e-02 1.776999999999999934e-03
2.400000000000000000e+01 7.000000000000000000e+00 5.200000000000000000e+01 0.000000000000000000e+00 1.600000000000000089e+00 3.550000000000000204e-03 -2.520999999999999804e-03 -9.999909999999999632e-01 8.888300000000000367e-02 -9.960379999999999789e-01 2.825999999999999953e-03 -9.960360000000000325e-01 -8.889199999999999879e-02 -3.311999999999999840e-03
2.000000000000000000e+00 6.300000000000000000e+01 5.400000000000000000e+01 0.000000000000000000e+00 1.600000000000000089e+00 1.748999999999999904e-03 1.430000000000000064e-04 9.999980000000000535e-01 -3.553769999999999984e-01 9.347229999999999706e-01 4.870000000000000197e-04 -9.347210000000000241e-01 -3.553769999999999984e-01 1.685000000000000083e-03
7.000000000000000000e+00 6.300000000000000000e+01 5.400000000000000000e+01 0.000000000000000000e+00 1.600000000000000089e+00 -1.183999999999999940e-03 -2.950000000000000148e-04 9.999989999999999712e-01 -3.548720000000000208e-01 9.349150000000000515e-01 -1.440000000000000036e-04 -9.349140000000000228e-01 -3.548720000000000208e-01 -1.211999999999999970e-03
1.400000000000000000e+01 6.300000000000000000e+01 5.400000000000000000e+01 0.000000000000000000e+00 1.600000000000000089e+00 1.745999999999999939e-03 -1.477999999999999930e-03 9.999970000000000248e-01 -3.503299999999999748e-01 9.366240000000000121e-01 1.995999999999999944e-03 -9.366250000000000409e-01 -3.503319999999999768e-01 1.116999999999999937e-03
2.100000000000000000e+01 6.300000000000000000e+01 5.400000000000000000e+01 0.000000000000000000e+00 1.600000000000000089e+00 -6.980000000000000527e-04 -9.899999999999999404e-05 1.000000000000000000e+00 -3.534530000000000172e-01 9.354519999999999502e-01 -1.540000000000000028e-04 -9.354519999999999502e-01 -3.534530000000000172e-01 -6.880000000000000265e-04
2.700000000000000000e+01 6.300000000000000000e+01 5.400000000000000000e+01 0.000000000000000000e+00 1.600000000000000089e+00 5.559999999999999621e-04 4.736999999999999891e-03 9.999890000000000168e-01 -3.578600000000000114e-01 9.337659999999999849e-01 -4.224999999999999589e-03 -9.337750000000000217e-01 -3.578540000000000054e-01 2.214999999999999955e-03
3.000000000000000000e+01 6.300000000000000000e+01 5.400000000000000000e+01 0.000000000000000000e+00 1.600000000000000089e+00 -7.380000000000000492e-04 6.751000000000000056e-03 9.999770000000000048e-01 -3.573680000000000190e-01 9.339399999999999924e-01 -6.569000000000000186e-03 -9.339629999999999876e-01 -3.573649999999999882e-01 1.724000000000000055e-03
5.000000000000000000e+00 2.500000000000000000e+01 5.500000000000000000e+01 0.000000000000000000e+00 1.600000000000000089e+00 -8.069999999999999916e-04 -4.002999999999999614e-03 -9.999919999999999920e-01 -1.041500000000000065e-02 -9.999379999999999935e-01 4.011999999999999941e-03 -9.999449999999999728e-01 1.041800000000000018e-02 7.649999999999999465e-04
1.200000000000000000e+01 2.500000000000000000e+01 5.500000000000000000e+01 0.000000000000000000e+00 1.600000000000000089e+00 1.649999999999999991e-04 2.488000000000000194e-03 -9.999970000000000248e-01 -1.083699999999999941e-02 -9.999379999999999935e-01 -2.490000000000000026e-03 -9.999409999999999688e-01 1.083699999999999941e-02 -1.389999999999999905e-04
1.600000000000000000e+01 2.500000000000000000e+01 5.500000000000000000e+01 0.000000000000000000e+00 1.600000000000000089e+00 4.970000000000000459e-04 1.495000000000000018e-03 -9.999989999999999712e-01 -1.126599999999999997e-02 -9.999350000000000183e-01 -1.500000000000000031e-03 -9.999360000000000470e-01 1.126699999999999924e-02 -4.800000000000000122e-04
2.100000000000000000e+01 2.500000000000000000e+01 5.500000000000000000e+01 0.000000000000000000e+00 1.600000000000000089e+00 -4.499999999999999877e-04 -1.525000000000000097e-03 -9.999989999999999712e-01 -1.206499999999999934e-02 -9.999259999999999815e-01 1.529999999999999893e-03 -9.999270000000000103e-01 1.206499999999999934e-02 4.319999999999999838e-04
2.500000000000000000e+01 2.500000000000000000e+01 5.500000000000000000e+01 0.000000000000000000e+00 1.600000000000000089e+00 1.608999999999999970e-03 -1.259999999999999998e-04 -9.999989999999999712e-01 -1.226400000000000060e-02 -9.999249999999999527e-01 1.060000000000000016e-04 -9.999240000000000350e-01 1.226400000000000060e-02 -1.610000000000000103e-03
6.000000000000000000e+00 5.800000000000000000e+01 5.900000000000000000e+01 0.000000000000000000e+00 1.600000000000000089e+00 -2.746000000000000177e-03 -6.220999999999999967e-03 -9.999770000000000048e-01 3.818849999999999745e-01 9.241850000000000342e-01 -6.798000000000000223e-03 9.242059999999999720e-01 -3.818949999999999845e-01 -1.610000000000000103e-04
9.000000000000000000e+00 6.000000000000000000e+00 6.100000000000000000e+01 0.000000000000000000e+00 1.600000000000000089e+00 3.890000000000000228e-04 1.036499999999999921e-02 9.999460000000000015e-01 5.623200000000000420e-01 -8.268780000000000019e-01 8.352000000000000049e-03 8.269199999999999884e-01 5.622859999999999525e-01 -6.150000000000000085e-03
2.900000000000000000e+01 6.000000000000000000e+00 6.100000000000000000e+01 0.000000000000000000e+00 1.600000000000000089e+00 1.958999999999999804e-03 4.728000000000000431e-03 9.999869999999999592e-01 5.594230000000000036e-01 -8.288769999999999749e-01 2.822999999999999989e-03 8.288799999999999502e-01 5.594099999999999628e-01 -4.268000000000000092e-03
3.000000000000000000e+00 2.700000000000000000e+01 6.300000000000000000e+01 0.000000000000000000e+00 1.600000000000000089e+00 -1.977000000000000025e-03 -5.662000000000000366e-03 9.999820000000000375e-01 -2.836540000000000172e-01 9.589140000000000441e-01 4.869000000000000064e-03 -9.589250000000000274e-01 -2.836400000000000032e-01 -3.501999999999999905e-03
1.000000000000000000e+01 2.700000000000000000e+01 6.300000000000000000e+01 0.000000000000000000e+00 1.600000000000000089e+00 4.180000000000000230e-04 -1.884000000000000041e-03 9.999980000000000535e-01 -2.816290000000000182e-01 9.595209999999999573e-01 1.925000000000000062e-03 -9.595230000000000148e-01 -2.816290000000000182e-01 -1.299999999999999886e-04
1.400000000000000000e+01 2.700000000000000000e+01 6.300000000000000000e+01 0.000000000000000000e+00 1.600000000000000089e+00 2.877999999999999916e-03 3.611000000000000060e-03 9.999890000000000168e-01 -2.835289999999999755e-01 9.589600000000000346e-01 -2.647000000000000047e-03 -9.589590000000000058e-01 -2.835179999999999922e-01 3.784000000000000037e-03
1.800000000000000000e+01 2.700000000000000000e+01 6.300000000000000000e+01 0.000000000000000000e+00 1.600000000000000089e+00 2.079000000000000119e-03 2.446999999999999956e-03 9.999949999999999672e-01 -2.846110000000000029e-01 9.586409999999999654e-01 -1.753999999999999917e-03 -9.586409999999999654e-01 -2.846060000000000256e-01 2.690000000000000117e-03
2.600000000000000000e+01 2.700000000000000000e+01 6.300000000000000000e+01 0.000000000000000000e+00 1.600000000000000089e+00 1.928999999999999942e-03 -1.654000000000000088e-03 9.999970000000000248e-01 -2.874220000000000108e-01 9.578020000000000422e-01 2.138999999999999842e-03 -9.578020000000000422e-01 -2.874249999999999861e-01 1.371999999999999956e-03
3.000000000000000000e+01 2.700000000000000000e+01 6.300000000000000000e+01 0.000000000000000000e+00 1.600000000000000089e+00 7.159999999999999481e-04 1.900999999999999912e-03 9.999980000000000535e-01 -2.916560000000000263e-01 9.565219999999999834e-01 -1.608999999999999970e-03 -9.565230000000000121e-01 -2.916549999999999976e-01 1.239000000000000084e-03
2.000000000000000000e+00 2.600000000000000000e+01 6.400000000000000000e+01 0.000000000000000000e+00 1.600000000000000089e+00 -2.536000000000000060e-03 -5.949000000000000295e-03 9.999789999999999512e-01 -3.670680000000000054e-01 9.301829999999999821e-01 4.603000000000000320e-03 -9.301909999999999901e-01 -3.670490000000000141e-01 -4.543000000000000163e-03
1.000000000000000000e+01 2.600000000000000000e+01 6.400000000000000000e+01 0.000000000000000000e+00 1.600000000000000089e+00 9.039999999999999642e-04 -2.880000000000000181e-03 9.999949999999999672e-01 -3.668980000000000019e-01 9.302559999999999718e-01 3.010999999999999788e-03 -9.302610000000000046e-01 -3.668989999999999752e-01 -2.149999999999999947e-04
1.300000000000000000e+01 2.600000000000000000e+01 6.400000000000000000e+01 0.000000000000000000e+00 1.600000000000000089e+00 2.801000000000000104e-03 3.164000000000000146e-03 9.999909999999999632e-01 -3.679450000000000220e-01 9.298459999999999503e-01 -1.910999999999999938e-03 -9.298429999999999751e-01 -3.679359999999999853e-01 3.769000000000000215e-03
1.800000000000000000e+01 2.600000000000000000e+01 6.400000000000000000e+01 0.000000000000000000e+00 1.600000000000000089e+00 2.347000000000000128e-03 1.991999999999999847e-03 9.999949999999999672e-01 -3.689350000000000129e-01 9.294550000000000312e-01 -9.859999999999998974e-04 -9.294519999999999449e-01 -3.689310000000000089e-01 2.916999999999999888e-03
2.600000000000000000e+01 2.600000000000000000e+01 6.400000000000000000e+01 0.000000000000000000e+00 1.600000000000000089e+00 4.014000000000000207e-03 1.479999999999999925e-04 9.999919999999999920e-01 -3.706769999999999787e-01 9.287609999999999477e-01 1.350000000000000071e-03 -9.287530000000000507e-01 -3.706789999999999807e-01 3.782999999999999904e-03
3.000000000000000000e+01 2.600000000000000000e+01 6.400000000000000000e+01 0.000000000000000000e+00 1.600000000000000089e+00 1.820999999999999919e-03 2.688999999999999984e-03 9.999949999999999672e-01 -3.733440000000000092e-01 9.276910000000000434e-01 -1.814000000000000074e-03 -9.276910000000000434e-01 -3.733389999999999764e-01 2.693000000000000081e-03
1.200000000000000000e+01 6.900000000000000000e+01 6.600000000000000000e+01 0.000000000000000000e+00 1.600000000000000089e+00 3.785000000000000170e-03 -1.819000000000000087e-03 9.999909999999999632e-01 -9.501129999999999853e-01 3.118779999999999886e-01 4.164000000000000166e-03 -3.118819999999999926e-01 -9.501209999999999933e-01 -5.479999999999999845e-04
6.000000000000000000e+00 2.500000000000000000e+01 7.300000000000000000e+01 0.000000000000000000e+00 1.600000000000000089e+00 3.899999999999999929e-05 4.513999999999999783e-03 9.999900000000000455e-01 7.543630000000000058e-01 -6.564510000000000067e-01 2.933999999999999976e-03 6.564569999999999572e-01 7.543549999999999978e-01 -3.431000000000000022e-03
1.100000000000000000e+01 2.500000000000000000e+01 7.300000000000000000e+01 0.000000000000000000e+00 1.600000000000000089e+00 2.999999999999999737e-04 1.131999999999999977e-03 9.999989999999999712e-01 7.523499999999999632e-01 -6.587629999999999875e-01 5.199999999999999544e-04 6.587640000000000162e-01 7.523490000000000455e-01 -1.049000000000000019e-03
1.700000000000000000e+01 2.500000000000000000e+01 7.300000000000000000e+01 0.000000000000000000e+00 1.600000000000000089e+00 3.060000000000000111e-04 -1.688999999999999963e-03 9.999989999999999712e-01 7.501959999999999740e-01 -6.612139999999999684e-01 -1.345999999999999974e-03 6.612160000000000259e-01 7.501949999999999452e-01 1.064000000000000059e-03
2.100000000000000000e+01 2.500000000000000000e+01 7.300000000000000000e+01 0.000000000000000000e+00 1.600000000000000089e+00 -3.883000000000000167e-03 -2.592000000000000120e-03 9.999890000000000168e-01 7.518960000000000088e-01 -6.592799999999999772e-01 1.211000000000000054e-03 6.592700000000000227e-01 7.518930000000000335e-01 4.508999999999999987e-03
6.000000000000000000e+00 4.400000000000000000e+01 7.300000000000000000e+01 0.000000000000000000e+00 1.600000000000000089e+00 1.033000000000000064e-03 2.376000000000000074e-03 9.999970000000000248e-01 5.165499999999999953e-02 -9.986620000000000497e-01 2.318999999999999881e-03 9.986639999999999961e-01 5.165200000000000347e-02 -1.154000000000000078e-03
1.000000000000000000e+01 4.400000000000000000e+01 7.300000000000000000e+01 0.000000000000000000e+00 1.600000000000000089e+00 3.699999999999999947e-04 -7.399999999999999623e-05 1.000000000000000000e+00 5.151399999999999729e-02 -9.986720000000000041e-01 -9.299999999999999727e-05 9.986720000000000041e-01 5.151399999999999729e-02 -3.649999999999999816e-04
