1.200000000000000000e+01 2.500000000000000000e+01 1.000000000000000000e+00 0.000000000000000000e+00 1.600000000000000089e+00 -7.010000000000000172e-04 1.874999999999999931e-03 -9.999980000000000535e-01 -5.220059999999999700e-01 -8.529409999999999492e-01 -1.232999999999999938e-03 -8.529419999999999780e-01 5.220040000000000235e-01 1.577000000000000060e-03
5.000000000000000000e+00 1.500000000000000000e+01 4.000000000000000000e+00 0.000000000000000000e+00 1.600000000000000089e+00 1.630000000000000047e-04 -1.231200000000000003e-02 9.999240000000000350e-01 3.821120000000000072e-01 -9.240450000000000053e-01 -1.144099999999999978e-02 9.241160000000000485e-01 3.820850000000000080e-01 4.553999999999999888e-03
1.400000000000000000e+01 1.500000000000000000e+01 4.000000000000000000e+00 0.000000000000000000e+00 1.600000000000000089e+00 -8.838999999999999635e-03 4.364200000000000024e-02 9.990080000000000071e-01 4.240639999999999965e-01 -9.045980000000000132e-01 4.327000000000000290e-02 9.055889999999999773e-01 4.240249999999999853e-01 -1.051099999999999951e-02
2.900000000000000000e+01 1.900000000000000000e+01 5.000000000000000000e+00 0.000000000000000000e+00 1.600000000000000089e+00 1.603000000000000041e-03 7.669999999999999951e-04 -9.999980000000000535e-01 -6.936109999999999776e-01 -7.203469999999999596e-01 -1.663999999999999898e-03 -7.203479999999999883e-01 6.936130000000000351e-01 -6.229999999999999644e-04
9.000000000000000000e+00 1.010000000000000000e+02 7.000000000000000000e+00 0.000000000000000000e+00 1.600000000000000089e+00 2.396000000000000126e-03 -9.764999999999999375e-03 9.999489999999999768e-01 8.864549999999999930e-01 4.628079999999999972e-01 2.396000000000000126e-03 -4.628079999999999972e-01 8.864049999999999985e-01 9.764999999999999375e-03
1.600000000000000000e+01 1.010000000000000000e+02 7.000000000000000000e+00 0.000000000000000000e+00 1.600000000000000089e+00 -1.742000000000000059e-03 7.043999999999999914e-03 9.999740000000000295e-01 8.867070000000000229e-01 4.623280000000000167e-01 -1.712999999999999896e-03 -4.623280000000000167e-01 8.866810000000000525e-01 -7.050999999999999976e-03
2.000000000000000000e+00 1.500000000000000000e+01 8.000000000000000000e+00 0.000000000000000000e+00 1.600000000000000089e+00 -1.469999999999999953e-04 -1.832900000000000154e-02 -9.998320000000000540e-01 -6.186319999999999597e-01 -7.855469999999999953e-01 1.449199999999999967e-02 -7.856809999999999627e-01 6.185300000000000242e-01 -1.122399999999999960e-02
3.000000000000000000e+00 2.500000000000000000e+01 8.000000000000000000e+00 0.000000000000000000e+00 1.600000000000000089e+00 1.353999999999999952e-03 -3.027999999999999876e-03 -9.999949999999999672e-01 4.410319999999999796e-01 8.974889999999999812e-01 -2.119999999999999923e-03 8.974900000000000100e-01 -4.410270000000000024e-01 2.550000000000000183e-03
7.000000000000000000e+00 2.500000000000000000e+01 8.000000000000000000e+00 0.000000000000000000e+00 1.600000000000000089e+00 -5.389999999999999826e-04 -3.429999999999999889e-04 -1.000000000000000000e+00 4.403739999999999877e-01 8.978140000000000009e-01 -5.460000000000000443e-04 8.978140000000000009e-01 -4.403739999999999877e-01 -3.330000000000000169e-04
1.200000000000000000e+01 2.500000000000000000e+01 8.000000000000000000e+00 0.000000000000000000e+00 1.600000000000000089e+00 2.315999999999999916e-03 6.152999999999999615e-03 -9.999780000000000335e-01 4.386889999999999956e-01 8.986150000000000526e-01 6.544999999999999603e-03 8.986359999999999904e-01 -4.386939999999999729e-01 -6.179999999999999513e-04
1.600000000000000000e+01 2.500000000000000000e+01 8.000000000000000000e+00 0.000000000000000000e+00 1.600000000000000089e+00 1.655999999999999920e-03 2.056000000000000102e-03 -9.999970000000000248e-01 4.380539999999999989e-01 8.989449999999999941e-01 2.573000000000000200e-03 8.989470000000000516e-01 -4.380569999999999742e-01 5.879999999999999810e-04
2.200000000000000000e+01 2.500000000000000000e+01 8.000000000000000000e+00 0.000000000000000000e+00 1.600000000000000089e+00 1.770000000000000089e-03 3.432999999999999854e-03 -9.999930000000000208e-01 4.363319999999999976e-01 8.997770000000000490e-01 3.860999999999999849e-03 8.997840000000000282e-01 -4.363360000000000016e-01 9.500000000000000523e-05
2.600000000000000000e+01 2.500000000000000000e+01 8.000000000000000000e+00 0.000000000000000000e+00 1.600000000000000089e+00 2.386000000000000100e-03 1.598999999999999944e-03 -9.999959999999999960e-01 4.358029999999999959e-01 9.000390000000000335e-01 2.478999999999999867e-03 9.000390000000000335e-01 -4.358069999999999999e-01 1.449999999999999900e-03
3.000000000000000000e+01 2.500000000000000000e+01 8.000000000000000000e+00 0.000000000000000000e+00 1.600000000000000089e+00 7.500000000000000156e-04 7.119999999999999593e-03 -9.999740000000000295e-01 4.355749999999999900e-01 9.001270000000000104e-01 6.735999999999999800e-03 9.001519999999999522e-01 -4.355689999999999840e-01 -2.426000000000000205e-03
1.000000000000000000e+00 2.400000000000000000e+01 9.000000000000000000e+00 0.000000000000000000e+00 1.600000000000000089e+00 2.771000000000000026e-03 -2.272000000000000148e-03 -9.999940000000000495e-01 4.483670000000000155e-01 8.938490000000000046e-01 -7.879999999999999635e-04 8.938450000000000006e-01 -4.483619999999999828e-01 3.495999999999999976e-03
7.000000000000000000e+00 2.400000000000000000e+01 9.000000000000000000e+00 0.000000000000000000e+00 1.600000000000000089e+00 -2.130000000000000003e-04 -6.239999999999999887e-04 -1.000000000000000000e+00 4.467809999999999837e-01 8.946429999999999660e-01 -6.530000000000000431e-04 8.946429999999999660e-01 -4.467809999999999837e-01 8.799999999999999771e-05
1.300000000000000000e+01 2.400000000000000000e+01 9.000000000000000000e+00 0.000000000000000000e+00 1.600000000000000089e+00 2.344000000000000163e-03 3.991999999999999889e-03 -9.999890000000000168e-01 4.445819999999999772e-01 8.957260000000000222e-01 4.617999999999999709e-03 8.957349999999999479e-01 -4.445879999999999832e-01 3.249999999999999851e-04
2.200000000000000000e+01 2.400000000000000000e+01 9.000000000000000000e+00 0.000000000000000000e+00 1.600000000000000089e+00 1.497999999999999983e-03 4.303000000000000401e-03 -9.999900000000000455e-01 4.419310000000000183e-01 8.970380000000000020e-01 4.521999999999999978e-03 8.970479999999999565e-01 -4.419330000000000203e-01 -5.580000000000000107e-04
2.700000000000000000e+01 2.400000000000000000e+01 9.000000000000000000e+00 0.000000000000000000e+00 1.600000000000000089e+00 1.716999999999999993e-03 3.343000000000000051e-03 -9.999930000000000208e-01 4.419489999999999807e-01 8.970320000000000515e-01 3.756999999999999923e-03 8.970390000000000308e-01 -4.419520000000000115e-01 6.299999999999999990e-05
2.700000000000000000e+01 8.000000000000000000e+00 1.000000000000000000e+01 0.000000000000000000e+00 1.600000000000000089e+00 8.911099999999999577e-02 5.308899999999999730e-02 -9.946059999999999901e-01 -9.836979999999999613e-01 -1.519060000000000132e-01 -9.624199999999999422e-02 -1.561960000000000015e-01 9.869679999999999565e-01 3.868699999999999917e-02
1.600000000000000000e+01 3.000000000000000000e+00 1.100000000000000000e+01 0.000000000000000000e+00 1.600000000000000089e+00 -6.204000000000000313e-03 1.058850000000000069e-01 9.943589999999999929e-01 1.352820000000000134e-01 -9.851480000000000237e-01 1.057489999999999958e-01 9.907880000000000020e-01 1.351749999999999896e-01 -8.212999999999999814e-03
2.500000000000000000e+01 4.000000000000000000e+00 1.100000000000000000e+01 0.000000000000000000e+00 1.600000000000000089e+00 -1.074000000000000085e-03 1.154040000000000066e-01 9.933180000000000343e-01 1.532630000000000103e-01 -9.815639999999999921e-01 1.142040000000000000e-01 9.881849999999999801e-01 1.523609999999999964e-01 -1.663299999999999848e-02
5.000000000000000000e+00 3.100000000000000000e+01 1.200000000000000000e+01 0.000000000000000000e+00 1.600000000000000089e+00 -1.077999999999999965e-03 6.220999999999999967e-03 9.999799999999999800e-01 -4.824000000000000163e-03 9.999689999999999968e-01 -6.225999999999999764e-03 -9.999879999999999880e-01 -4.830000000000000092e-03 -1.048000000000000103e-03
2.900000000000000000e+01 3.500000000000000000e+01 1.200000000000000000e+01 0.000000000000000000e+00 1.600000000000000089e+00 -5.789999999999999791e-04 -2.841000000000000209e-03 9.999959999999999960e-01 6.001520000000000188e-01 7.998819999999999819e-01 2.619999999999999933e-03 -7.998859999999999859e-01 6.001509999999999900e-01 1.242000000000000048e-03
4.000000000000000000e+00 1.160000000000000000e+02 1.600000000000000000e+01 0.000000000000000000e+00 1.600000000000000089e+00 4.020000000000000136e-04 7.110000000000000434e-04 1.000000000000000000e+00 7.648740000000000538e-01 6.441789999999999461e-01 -7.649999999999999465e-04 -6.441789999999999461e-01 7.648740000000000538e-01 -2.849999999999999886e-04
9.000000000000000000e+00 1.160000000000000000e+02 1.600000000000000000e+01 0.000000000000000000e+00 1.600000000000000089e+00 6.700000000000000226e-05 3.260000000000000094e-04 1.000000000000000000e+00 7.525659999999999572e-01 6.585159999999999902e-01 -2.649999999999999903e-04 -6.585170000000000190e-01 7.525659999999999572e-01 -2.010000000000000068e-04
1.300000000000000000e+01 1.160000000000000000e+02 1.600000000000000000e+01 0.000000000000000000e+00 1.600000000000000089e+00 -4.889999999999999599e-04 -1.936000000000000004e-03 9.999980000000000535e-01 7.533480000000000176e-01 6.576199999999999823e-01 1.642000000000000013e-03 -6.576220000000000399e-01 7.533480000000000176e-01 1.136999999999999990e-03
1.600000000000000000e+01 1.160000000000000000e+02 1.600000000000000000e+01 0.000000000000000000e+00 1.600000000000000089e+00 -3.420000000000000188e-04 -2.249000000000000131e-03 9.999970000000000248e-01 7.595600000000000129e-01 6.504349999999999854e-01 1.722999999999999922e-03 -6.504370000000000429e-01 7.595589999999999842e-01 1.485999999999999908e-03
2.200000000000000000e+01 1.160000000000000000e+02 1.600000000000000000e+01 0.000000000000000000e+00 1.600000000000000089e+00 -1.376999999999999969e-03 -9.179999999999999792e-04 9.999989999999999712e-01 7.415070000000000272e-01 6.709429999999999561e-01 1.637000000000000000e-03 -6.709439999999999849e-01 7.415079999999999449e-01 -2.439999999999999949e-04
2.700000000000000000e+01 1.160000000000000000e+02 1.600000000000000000e+01 0.000000000000000000e+00 1.600000000000000089e+00 -2.719000000000000063e-03 -2.509999999999999753e-04 9.999959999999999960e-01 7.542609999999999593e-01 6.565710000000000157e-01 2.216000000000000088e-03 -6.565689999999999582e-01 7.542640000000000455e-01 -1.595999999999999979e-03
4.000000000000000000e+00 2.000000000000000000e+00 1.900000000000000000e+01 0.000000000000000000e+00 1.600000000000000089e+00 6.727000000000000340e-03 -5.947500000000000009e-02 -9.982069999999999554e-01 3.678899999999999948e-01 -9.280730000000000368e-01 5.777600000000000097e-02 -9.298450000000000326e-01 -3.676189999999999736e-01 1.563700000000000159e-02
1.100000000000000000e+01 2.000000000000000000e+00 1.900000000000000000e+01 0.000000000000000000e+00 1.600000000000000089e+00 5.779999999999999548e-04 1.107299999999999951e-02 -9.999390000000000223e-01 3.648210000000000064e-01 -9.310230000000000450e-01 -1.009900000000000034e-02 -9.310779999999999612e-01 -3.647929999999999784e-01 -4.577999999999999604e-03
1.500000000000000000e+01 3.000000000000000000e+00 1.900000000000000000e+01 0.000000000000000000e+00 1.600000000000000089e+00 3.275999999999999832e-03 3.605699999999999877e-02 -9.993440000000000101e-01 3.407919999999999838e-01 -9.395670000000000410e-01 -3.278299999999999964e-02 -9.401329999999999965e-01 -3.404610000000000136e-01 -1.536599999999999945e-02
1.900000000000000000e+01 3.000000000000000000e+00 1.900000000000000000e+01 0.000000000000000000e+00 1.600000000000000089e+00 5.559999999999999621e-04 5.049100000000000116e-02 -9.987239999999999451e-01 3.483939999999999815e-01 -9.361620000000000497e-01 -4.713400000000000228e-02 -9.373479999999999590e-01 -3.479229999999999823e-01 -1.811099999999999863e-02
2.300000000000000000e+01 3.000000000000000000e+00 1.900000000000000000e+01 0.000000000000000000e+00 1.600000000000000089e+00 -4.078000000000000028e-03 4.699699999999999711e-02 -9.988869999999999694e-01 3.541079999999999783e-01 -9.341019999999999879e-01 -4.539399999999999685e-02 -9.351960000000000273e-01 -3.538990000000000191e-01 -1.283300000000000066e-02
2.700000000000000000e+01 3.000000000000000000e+00 1.900000000000000000e+01 0.000000000000000000e+00 1.600000000000000089e+00 -5.598999999999999810e-03 2.968799999999999911e-02 -9.995439999999999880e-01 3.511980000000000102e-01 -9.358279999999999932e-01 -2.976300000000000126e-02 -9.362850000000000339e-01 -3.512040000000000162e-01 -5.186999999999999771e-03
3.000000000000000000e+01 3.000000000000000000e+00 1.900000000000000000e+01 0.000000000000000000e+00 1.600000000000000089e+00 -5.682999999999999684e-03 1.480399999999999945e-02 -9.998740000000000405e-01 3.492999999999999994e-01 -9.368769999999999598e-01 -1.585699999999999957e-02 -9.369939999999999936e-01 -3.493459999999999899e-01 1.530000000000000056e-04
7.000000000000000000e+00 1.300000000000000000e+01 2.000000000000000000e+01 0.000000000000000000e+00 1.600000000000000089e+00 6.049999999999999606e-04 8.370999999999999969e-03 9.999649999999999928e-01 2.609859999999999958e-01 9.653070000000000261e-01 -8.238999999999999796e-03 -9.653420000000000334e-01 2.609819999999999918e-01 -1.600999999999999993e-03
1.100000000000000000e+01 1.300000000000000000e+01 2.000000000000000000e+01 0.000000000000000000e+00 1.600000000000000089e+00 -8.450000000000000479e-04 -2.534999999999999927e-03 9.999959999999999960e-01 2.614469999999999850e-01 9.652140000000000164e-01 2.667999999999999799e-03 -9.652180000000000204e-01 2.614480000000000137e-01 -1.530000000000000056e-04
2.400000000000000000e+01 1.300000000000000000e+01 2.000000000000000000e+01 0.000000000000000000e+00 1.600000000000000089e+00 1.140000000000000063e-04 -3.536000000000000081e-03 9.999940000000000495e-01 2.605810000000000071e-01 9.654460000000000264e-01 3.383999999999999855e-03 -9.654519999999999769e-01 2.605779999999999763e-01 1.031000000000000015e-03
1.100000000000000000e+01 1.600000000000000000e+01 2.100000000000000000e+01 0.000000000000000000e+00 1.600000000000000089e+00 -1.822999999999999968e-03 -5.193999999999999832e-03 9.999850000000000128e-01 2.990160000000000040e-01 9.542319999999999691e-01 5.501999999999999946e-03 -9.542460000000000386e-01 2.990220000000000100e-01 -1.869999999999999917e-04
8.000000000000000000e+00 2.000000000000000000e+00 2.500000000000000000e+01 0.000000000000000000e+00 1.600000000000000089e+00 2.311999999999999819e-03 -9.147999999999999882e-03 9.999550000000000383e-01 6.821499999999999786e-02 -9.976270000000000415e-01 -9.284999999999999851e-03 9.976679999999999993e-01 6.823300000000000198e-02 -1.681999999999999901e-03
7.000000000000000000e+00 3.000000000000000000e+00 2.500000000000000000e+01 0.000000000000000000e+00 1.600000000000000089e+00 1.871999999999999966e-03 -1.267099999999999997e-02 9.999179999999999735e-01 -1.328499999999999993e-02 -9.998320000000000540e-01 -1.264499999999999999e-02 9.999099999999999655e-01 -1.326100000000000022e-02 -2.040000000000000147e-03
1.300000000000000000e+01 3.000000000000000000e+00 2.500000000000000000e+01 0.000000000000000000e+00 1.600000000000000089e+00 1.598000000000000028e-03 5.832999999999999644e-03 9.999820000000000375e-01 -1.788000000000000006e-02 -9.998230000000000173e-01 5.860999999999999890e-03 9.998390000000000333e-01 -1.788899999999999865e-02 -1.494000000000000102e-03
2.800000000000000000e+01 3.000000000000000000e+00 2.500000000000000000e+01 0.000000000000000000e+00 1.600000000000000089e+00 -1.838000000000000007e-03 1.443200000000000038e-02 9.998939999999999495e-01 3.730499999999999788e-02 -9.991989999999999483e-01 1.449100000000000041e-02 9.993020000000000236e-01 3.732800000000000007e-02 1.297999999999999892e-03
2.000000000000000000e+00 4.600000000000000000e+01 2.700000000000000000e+01 0.000000000000000000e+00 1.600000000000000089e+00 1.180000000000000059e-03 2.599999999999999881e-03 -9.999959999999999960e-01 6.708969999999999656e-01 7.415450000000000097e-01 2.720000000000000195e-03 7.415490000000000137e-01 -6.708979999999999944e-01 -8.700000000000000051e-04
1.100000000000000000e+01 4.600000000000000000e+01 2.700000000000000000e+01 0.000000000000000000e+00 1.600000000000000089e+00 -1.479999999999999925e-04 -5.090000000000000123e-04 -1.000000000000000000e+00 6.799619999999999553e-01 7.332469999999999821e-01 -4.739999999999999747e-04 7.332480000000000109e-01 -6.799619999999999553e-01 2.380000000000000117e-04
6.000000000000000000e+00 5.800000000000000000e+01 3.100000000000000000e+01 0.000000000000000000e+00 1.600000000000000089e+00 1.487999999999999956e-03 3.387999999999999953e-03 9.999930000000000208e-01 -7.893099999999999561e-01 -6.139860000000000317e-01 3.253999999999999948e-03 6.139930000000000110e-01 -7.893090000000000384e-01 1.760999999999999979e-03
1.000000000000000000e+01 5.800000000000000000e+01 3.100000000000000000e+01 0.000000000000000000e+00 1.600000000000000089e+00 -3.938999999999999793e-03 -8.883000000000000271e-03 9.999529999999999808e-01 -7.971310000000000340e-01 -6.037470000000000336e-01 -8.503000000000000141e-03 6.037940000000000529e-01 -7.971270000000000300e-01 -4.702999999999999715e-03
1.600000000000000000e+01 5.800000000000000000e+01 3.100000000000000000e+01 0.000000000000000000e+00 1.600000000000000089e+00 -9.210000000000000521e-04 -1.793000000000000106e-03 9.999980000000000535e-01 -8.042719999999999869e-01 -5.942579999999999529e-01 -1.807000000000000012e-03 5.942610000000000392e-01 -8.042719999999999869e-01 -8.949999999999999623e-04
1.900000000000000000e+01 5.800000000000000000e+01 3.100000000000000000e+01 0.000000000000000000e+00 1.600000000000000089e+00 -2.488000000000000194e-03 -4.089999999999999886e-03 9.999890000000000168e-01 -8.054310000000000080e-01 -5.926730000000000054e-01 -4.427000000000000379e-03 5.926839999999999886e-01 -8.054329999999999545e-01 -1.819000000000000087e-03
2.400000000000000000e+01 5.800000000000000000e+01 3.100000000000000000e+01 0.000000000000000000e+00 1.600000000000000089e+00 -1.340000000000000045e-03 -5.113999999999999622e-03 9.999860000000000415e-01 -8.089089999999999892e-01 -5.879199999999999982e-01 -4.091000000000000018e-03 5.879330000000000389e-01 -8.089030000000000387e-01 -3.347999999999999848e-03
4.000000000000000000e+00 4.600000000000000000e+01 3.500000000000000000e+01 0.000000000000000000e+00 1.600000000000000089e+00 2.232000000000000043e-03 3.176000000000000004e-03 -9.999919999999999920e-01 3.885290000000000132e-01 -9.214339999999999753e-01 -2.060000000000000199e-03 -9.214339999999999753e-01 -3.885210000000000052e-01 -3.291000000000000088e-03
9.000000000000000000e+00 4.600000000000000000e+01 3.500000000000000000e+01 0.000000000000000000e+00 1.600000000000000089e+00 -1.296999999999999976e-03 -2.158999999999999895e-03 -9.999970000000000248e-01 3.898389999999999911e-01 -9.208819999999999784e-01 1.482999999999999943e-03 -9.208819999999999784e-01 -3.898349999999999871e-01 2.036000000000000049e-03
1.300000000000000000e+01 4.600000000000000000e+01 3.500000000000000000e+01 0.000000000000000000e+00 1.600000000000000089e+00 -1.101999999999999898e-03 -1.528000000000000061e-03 -9.999980000000000535e-01 3.906330000000000080e-01 -9.205459999999999754e-01 9.759999999999999796e-04 -9.205459999999999754e-01 -3.906310000000000060e-01 1.611000000000000019e-03
1.700000000000000000e+01 4.600000000000000000e+01 3.500000000000000000e+01 0.000000000000000000e+00 1.600000000000000089e+00 -8.559999999999999901e-04 -3.681999999999999943e-03 -9.999930000000000208e-01 3.933159999999999989e-01 -9.193980000000000485e-01 3.049000000000000061e-03 -9.194029999999999703e-01 -3.933099999999999929e-01 2.235000000000000007e-03
2.200000000000000000e+01 4.600000000000000000e+01 3.500000000000000000e+01 0.000000000000000000e+00 1.600000000000000089e+00 -6.999999999999999895e-06 1.154999999999999994e-03 -9.999989999999999712e-01 3.936890000000000112e-01 -9.192430000000000323e-01 -1.064000000000000059e-03 -9.192439999999999500e-01 -3.936890000000000112e-01 -4.479999999999999933e-04
2.400000000000000000e+01 9.500000000000000000e+01 3.600000000000000000e+01 0.000000000000000000e+00 1.600000000000000089e+00 -6.302999999999999575e-03 -1.057400000000000007e-02 9.999240000000000350e-01 9.957599999999999785e-01 9.170399999999999385e-02 7.245999999999999837e-03 -9.177399999999999447e-02 9.957300000000000040e-01 9.950999999999999776e-03
2.800000000000000000e+01 6.000000000000000000e+01 3.900000000000000000e+01 0.000000000000000000e+00 1.600000000000000089e+00 -2.199999999999999943e-05 -9.993000000000000146e-03 -9.999500000000000055e-01 2.967110000000000025e-01 -9.549199999999999910e-01 9.535999999999999338e-03 -9.549670000000000103e-01 -2.966960000000000153e-01 2.985999999999999939e-03
6.000000000000000000e+00 2.900000000000000000e+01 4.400000000000000000e+01 0.000000000000000000e+00 1.600000000000000089e+00 5.041999999999999607e-03 4.569000000000000145e-03 -9.999770000000000048e-01 6.598230000000000484e-01 7.513900000000000023e-01 6.760000000000000384e-03 7.514039999999999608e-01 -6.598420000000000396e-01 7.739999999999999485e-04
1.100000000000000000e+01 2.900000000000000000e+01 4.400000000000000000e+01 0.000000000000000000e+00 1.600000000000000089e+00 -2.273999999999999980e-03 2.458000000000000115e-03 -9.999940000000000495e-01 6.591200000000000392e-01 7.520379999999999843e-01 3.490000000000000263e-04 7.520350000000000090e-01 -6.591150000000000064e-01 -3.330000000000000061e-03
2.200000000000000000e+01 2.900000000000000000e+01 4.400000000000000000e+01 0.000000000000000000e+00 1.600000000000000089e+00 -1.729999999999999984e-03 -1.868000000000000086e-03 -9.999970000000000248e-01 6.577979999999999938e-01 7.531900000000000261e-01 -2.544999999999999953e-03 7.531919999999999726e-01 -6.578000000000000513e-01 -7.399999999999999623e-05
2.600000000000000000e+01 2.900000000000000000e+01 4.400000000000000000e+01 0.000000000000000000e+00 1.600000000000000089e+00 -1.900000000000000105e-04 9.399999999999999448e-05 -1.000000000000000000e+00 6.596140000000000336e-01 7.516040000000000498e-01 -5.399999999999999798e-05 7.516040000000000498e-01 -6.596140000000000336e-01 -2.049999999999999956e-04
2.500000000000000000e+01 4.000000000000000000e+00 5.000000000000000000e+01 0.000000000000000000e+00 1.600000000000000089e+00 1.152999999999999945e-03 -3.507000000000000135e-03 -9.999930000000000208e-01 5.327910000000000146e-01 -8.462389999999999635e-01 3.582000000000000114e-03 -8.462460000000000537e-01 -5.327910000000000146e-01 8.930000000000000221e-04
3.000000000000000000e+00 1.150000000000000000e+02 5.100000000000000000e+01 0.000000000000000000e+00 1.600000000000000089e+00 -8.270000000000000441e-04 -3.288999999999999823e-03 9.999940000000000495e-01 8.441020000000000190e-01 -5.361810000000000187e-01 -1.064999999999999974e-03 5.361820000000000475e-01 8.440959999999999575e-01 3.220000000000000206e-03
2.900000000000000000e+01 1.150000000000000000e+02 5.100000000000000000e+01 0.000000000000000000e+00 1.600000000000000089e+00 -3.318000000000000203e-03 -7.739000000000000219e-03 9.999649999999999928e-01 8.472399999999999931e-01 -5.312090000000000423e-01 -1.299999999999999940e-03 5.312000000000000055e-01 8.472049999999999859e-01 8.319999999999999271e-03
6.000000000000000000e+00 6.300000000000000000e+01 5.400000000000000000e+01 0.000000000000000000e+00 1.600000000000000089e+00 8.799999999999999771e-05 2.694000000000000214e-03 9.999959999999999960e-01 -3.506690000000000085e-01 9.364959999999999951e-01 -2.491999999999999858e-03 -9.364999999999999991e-01 -3.506670000000000065e-01 1.026999999999999918e-03
1.200000000000000000e+01 6.300000000000000000e+01 5.400000000000000000e+01 0.000000000000000000e+00 1.600000000000000089e+00 1.505000000000000044e-03 5.550000000000000462e-04 9.999989999999999712e-01 -3.525889999999999858e-01 9.357779999999999987e-01 1.200000000000000030e-05 -9.357769999999999699e-01 -3.525889999999999858e-01 1.603999999999999957e-03
1.700000000000000000e+01 6.300000000000000000e+01 5.400000000000000000e+01 0.000000000000000000e+00 1.600000000000000089e+00 1.310000000000000129e-04 -3.203999999999999817e-03 9.999949999999999672e-01 -3.506650000000000045e-01 9.364959999999999951e-01 3.046999999999999795e-03 -9.365010000000000279e-01 -3.506630000000000025e-01 -1.000999999999999937e-03
2.200000000000000000e+01 6.300000000000000000e+01 5.400000000000000000e+01 0.000000000000000000e+00 1.600000000000000089e+00 -1.417999999999999990e-03 -4.229000000000000120e-03 9.999900000000000455e-01 -3.513049999999999784e-01 9.362549999999999484e-01 3.461999999999999800e-03 -9.362599999999999811e-01 -3.512959999999999972e-01 -2.812999999999999962e-03
1.400000000000000000e+01 2.500000000000000000e+01 5.500000000000000000e+01 0.000000000000000000e+00 1.600000000000000089e+00 -1.689999999999999879e-04 4.699999999999999859e-04 -1.000000000000000000e+00 -1.393199999999999994e-02 -9.999029999999999863e-01 -4.670000000000000214e-04 -9.999029999999999863e-01 1.393199999999999994e-02 1.749999999999999982e-04
1.800000000000000000e+01 2.600000000000000000e+01 5.500000000000000000e+01 0.000000000000000000e+00 1.600000000000000089e+00 1.315999999999999896e-03 5.100999999999999632e-03 -9.999860000000000415e-01 -3.304499999999999799e-02 -9.994410000000000238e-01 -5.141999999999999869e-03 -9.994530000000000358e-01 3.305099999999999705e-02 -1.147000000000000016e-03
5.000000000000000000e+00 6.800000000000000000e+01 5.700000000000000000e+01 0.000000000000000000e+00 1.600000000000000089e+00 -1.310000000000000129e-04 -5.464000000000000107e-03 -9.999850000000000128e-01 -2.419310000000000072e-01 -9.702790000000000026e-01 5.334000000000000200e-03 -9.702929999999999611e-01 2.419280000000000042e-01 -1.195000000000000099e-03
6.000000000000000000e+00 2.100000000000000000e+01 6.000000000000000000e+01 0.000000000000000000e+00 1.600000000000000089e+00 -7.259999999999999743e-04 6.376999999999999856e-03 9.999789999999999512e-01 -9.514999999999999847e-02 9.954420000000000490e-01 -6.416999999999999961e-03 -9.954629999999999868e-01 -9.515300000000000147e-02 -1.160000000000000007e-04
1.200000000000000000e+01 2.100000000000000000e+01 6.000000000000000000e+01 0.000000000000000000e+00 1.600000000000000089e+00 7.190000000000000210e-04 -7.396999999999999929e-03 9.999719999999999720e-01 -9.669099999999999917e-02 9.952870000000000328e-01 7.432000000000000238e-03 -9.953140000000000320e-01 -9.669300000000000117e-02 0.000000000000000000e+00
1.600000000000000000e+01 2.100000000000000000e+01 6.000000000000000000e+01 0.000000000000000000e+00 1.600000000000000089e+00 1.675999999999999972e-03 -1.180000000000000059e-03 9.999980000000000535e-01 -9.719999999999999474e-02 9.952640000000000375e-01 1.337000000000000081e-03 -9.952640000000000375e-01 -9.720199999999999674e-02 1.554000000000000043e-03
2.000000000000000000e+01 2.100000000000000000e+01 6.000000000000000000e+01 0.000000000000000000e+00 1.600000000000000089e+00 -1.601999999999999908e-03 6.786000000000000365e-03 9.999759999999999760e-01 -9.576999999999999402e-02 9.953800000000000425e-01 -6.908000000000000078e-03 -9.954020000000000090e-01 -9.577900000000000302e-02 -9.439999999999999607e-04
2.500000000000000000e+01 2.100000000000000000e+01 6.000000000000000000e+01 0.000000000000000000e+00 1.600000000000000089e+00 -8.480000000000000124e-04 1.642999999999999929e-03 9.999980000000000535e-01 -9.558099999999999929e-02 9.954199999999999715e-01 -1.716000000000000077e-03 -9.954210000000000003e-01 -9.558200000000000029e-02 -6.870000000000000022e-04
7.000000000000000000e+00 6.700000000000000000e+01 6.000000000000000000e+01 0.000000000000000000e+00 1.600000000000000089e+00 -1.319999999999999993e-03 -3.137000000000000031e-03 9.999940000000000495e-01 1.751729999999999954e-01 -9.845340000000000202e-01 -2.857000000000000164e-03 9.845369999999999955e-01 1.751679999999999904e-01 1.848999999999999949e-03
1.000000000000000000e+00 3.000000000000000000e+00 6.300000000000000000e+01 0.000000000000000000e+00 1.600000000000000089e+00 -4.514999999999999916e-03 6.308000000000000239e-03 9.999700000000000255e-01 -6.090860000000000163e-01 7.930660000000000487e-01 -7.753000000000000343e-03 -7.930909999999999904e-01 -6.091029999999999500e-01 2.620000000000000258e-04
1.900000000000000000e+01 3.000000000000000000e+00 6.300000000000000000e+01 0.000000000000000000e+00 1.600000000000000089e+00 -1.121000000000000035e-03 -3.820000000000000045e-03 9.999919999999999920e-01 -6.132250000000000201e-01 7.899049999999999683e-01 2.330000000000000040e-03 -7.899080000000000545e-01 -6.132170000000000121e-01 -3.227999999999999967e-03
1.000000000000000000e+00 2.700000000000000000e+01 6.300000000000000000e+01 0.000000000000000000e+00 1.600000000000000089e+00 1.149000000000000065e-03 -1.804999999999999964e-03 9.999980000000000535e-01 -2.748369999999999980e-01 9.614890000000000381e-01 2.050999999999999872e-03 -9.614899999999999558e-01 -2.748390000000000000e-01 6.089999999999999494e-04
6.000000000000000000e+00 2.700000000000000000e+01 6.300000000000000000e+01 0.000000000000000000e+00 1.600000000000000089e+00 -9.820000000000000170e-04 -2.047999999999999907e-03 9.999970000000000248e-01 -2.754900000000000126e-01 9.613019999999999898e-01 1.698000000000000074e-03 -9.613030000000000186e-01 -2.754880000000000106e-01 -1.508000000000000009e-03
1.600000000000000000e+01 2.700000000000000000e+01 6.300000000000000000e+01 0.000000000000000000e+00 1.600000000000000089e+00 1.768000000000000040e-03 -5.419999999999999471e-04 9.999980000000000535e-01 -2.747550000000000270e-01 9.615139999999999798e-01 1.007000000000000083e-03 -9.615129999999999511e-01 -2.747560000000000002e-01 1.551000000000000078e-03
2.100000000000000000e+01 2.700000000000000000e+01 6.300000000000000000e+01 0.000000000000000000e+00 1.600000000000000089e+00 -1.544000000000000017e-03 1.642000000000000013e-03 9.999970000000000248e-01 -2.777229999999999976e-01 9.606590000000000407e-01 -2.005999999999999971e-03 -9.606599999999999584e-01 -2.777249999999999996e-01 -1.026999999999999918e-03
2.400000000000000000e+01 2.700000000000000000e+01 6.300000000000000000e+01 0.000000000000000000e+00 1.600000000000000089e+00 -3.530000000000000152e-04 4.277000000000000419e-03 9.999909999999999632e-01 -2.780670000000000086e-01 9.605529999999999902e-01 -4.206999999999999802e-03 -9.605620000000000269e-01 -2.780659999999999799e-01 8.499999999999999526e-04
2.700000000000000000e+01 2.700000000000000000e+01 6.300000000000000000e+01 0.000000000000000000e+00 1.600000000000000089e+00 2.236999999999999839e-03 6.048999999999999690e-03 9.999789999999999512e-01 -2.766330000000000178e-01 9.609619999999999829e-01 -5.193999999999999832e-03 -9.609729999999999661e-01 -2.766159999999999730e-01 3.823000000000000009e-03
2.000000000000000000e+00 2.600000000000000000e+01 6.400000000000000000e+01 0.000000000000000000e+00 1.600000000000000089e+00 1.431999999999999896e-03 -1.900999999999999912e-03 9.999970000000000248e-01 -3.681280000000000108e-01 9.297720000000000429e-01 2.295000000000000165e-03 -9.297739999999999894e-01 -3.681309999999999860e-01 6.319999999999999663e-04
6.000000000000000000e+00 2.600000000000000000e+01 6.400000000000000000e+01 0.000000000000000000e+00 1.600000000000000089e+00 -9.759999999999999796e-04 -1.521999999999999915e-03 9.999980000000000535e-01 -3.680789999999999895e-01 9.297940000000000094e-01 1.056000000000000081e-03 -9.297940000000000094e-01 -3.680769999999999875e-01 -1.467999999999999904e-03
1.600000000000000000e+01 2.600000000000000000e+01 6.400000000000000000e+01 0.000000000000000000e+00 1.600000000000000089e+00 2.350999999999999791e-03 1.890000000000000133e-04 9.999970000000000248e-01 -3.670669999999999766e-01 9.301939999999999653e-01 6.870000000000000022e-04 -9.301920000000000188e-01 -3.670669999999999766e-01 2.256000000000000193e-03
2.100000000000000000e+01 2.600000000000000000e+01 6.400000000000000000e+01 0.000000000000000000e+00 1.600000000000000089e+00 -1.978999999999999856e-03 2.315999999999999916e-03 9.999949999999999672e-01 -3.711459999999999759e-01 9.285700000000000065e-01 -2.884999999999999978e-03 -9.285719999999999530e-01 -3.711499999999999799e-01 -9.779999999999999197e-04
2.500000000000000000e+01 2.600000000000000000e+01 6.400000000000000000e+01 0.000000000000000000e+00 1.600000000000000089e+00 5.300000000000000078e-05 3.812999999999999983e-03 9.999930000000000208e-01 -3.716340000000000199e-01 9.283730000000000038e-01 -3.520999999999999824e-03 -9.283789999999999543e-01 -3.716320000000000179e-01 1.466000000000000072e-03
2.700000000000000000e+01 2.600000000000000000e+01 6.400000000000000000e+01 0.000000000000000000e+00 1.600000000000000089e+00 1.814999999999999990e-03 3.847000000000000159e-03 9.999909999999999632e-01 -3.703060000000000240e-01 9.289049999999999807e-01 -2.902000000000000066e-03 -9.289079999999999560e-01 -3.702980000000000160e-01 3.109999999999999917e-03
1.000000000000000000e+01 6.900000000000000000e+01 6.600000000000000000e+01 0.000000000000000000e+00 1.600000000000000089e+00 1.598999999999999944e-03 1.332000000000000068e-03 9.999980000000000535e-01 -9.536670000000000424e-01 3.008609999999999896e-01 1.123999999999999999e-03 -3.008589999999999876e-01 -9.536670000000000424e-01 1.750999999999999952e-03
2.700000000000000000e+01 6.900000000000000000e+01 6.600000000000000000e+01 0.000000000000000000e+00 1.600000000000000089e+00 5.339999999999999695e-04 -4.697999999999999919e-03 9.999890000000000168e-01 -9.482990000000000030e-01 3.173730000000000162e-01 1.998000000000000210e-03 -3.173790000000000222e-01 -9.482890000000000486e-01 -4.285999999999999879e-03
4.000000000000000000e+00 2.500000000000000000e+01 7.300000000000000000e+01 0.000000000000000000e+00 1.600000000000000089e+00 -7.119999999999999593e-04 7.500000000000000156e-04 9.999989999999999712e-01 7.578219999999999956e-01 -6.524600000000000399e-01 1.028999999999999967e-03 6.524609999999999577e-01 7.578219999999999956e-01 -1.039999999999999936e-04
9.000000000000000000e+00 2.500000000000000000e+01 7.300000000000000000e+01 0.000000000000000000e+00 1.600000000000000089e+00 1.644000000000000062e-03 1.222999999999999912e-03 9.999980000000000535e-01 7.573499999999999677e-01 -6.530089999999999506e-01 -4.470000000000000232e-04 6.530070000000000041e-01 7.573490000000000499e-01 -2.000000000000000042e-03
1.400000000000000000e+01 2.500000000000000000e+01 7.300000000000000000e+01 0.000000000000000000e+00 1.600000000000000089e+00 -3.970000000000000005e-04 4.899999999999999842e-04 1.000000000000000000e+00 7.583509999999999973e-01 -6.518469999999999542e-01 6.199999999999999999e-04 6.518469999999999542e-01 7.583509999999999973e-01 -1.119999999999999983e-04
2.100000000000000000e+01 2.500000000000000000e+01 7.300000000000000000e+01 0.000000000000000000e+00 1.600000000000000089e+00 -4.560000000000000251e-04 1.464999999999999939e-03 9.999989999999999712e-01 7.541710000000000358e-01 -6.566769999999999552e-01 1.304999999999999953e-03 6.566779999999999839e-01 7.541700000000000070e-01 -8.059999999999999673e-04
2.500000000000000000e+01 2.500000000000000000e+01 7.300000000000000000e+01 0.000000000000000000e+00 1.600000000000000089e+00 -1.129999999999999928e-03 -4.820000000000000066e-04 9.999989999999999712e-01 7.568510000000000515e-01 -6.535870000000000291e-01 5.400000000000000069e-04 6.535860000000000003e-01 7.568510000000000515e-01 1.103000000000000031e-03
2.800000000000000000e+01 2.500000000000000000e+01 7.300000000000000000e+01 0.000000000000000000e+00 1.600000000000000089e+00 -3.429999999999999889e-03 -5.008000000000000299e-03 9.999820000000000375e-01 7.564750000000000085e-01 -6.540219999999999922e-01 -6.809999999999999647e-04 6.540129999999999555e-01 7.564589999999999925e-01 6.030999999999999903e-03
2.000000000000000000e+00 4.400000000000000000e+01 7.300000000000000000e+01 0.000000000000000000e+00 1.600000000000000089e+00 -9.579999999999999757e-04 -6.688000000000000368e-03 9.999770000000000048e-01 5.416100000000000081e-02 -9.985100000000000087e-01 -6.625999999999999945e-03 9.985319999999999752e-01 5.415299999999999975e-02 1.319000000000000077e-03
6.000000000000000000e+00 4.400000000000000000e+01 7.300000000000000000e+01 0.000000000000000000e+00 1.600000000000000089e+00 6.780000000000000002e-04 -2.778999999999999786e-03 9.999959999999999960e-01 5.425599999999999867e-02 -9.985230000000000494e-01 -2.811000000000000131e-03 9.985270000000000534e-01 5.425699999999999967e-02 -5.259999999999999919e-04
1.100000000000000000e+01 4.400000000000000000e+01 7.300000000000000000e+01 0.000000000000000000e+00 1.600000000000000089e+00 3.490000000000000263e-04 4.949999999999999973e-04 1.000000000000000000e+00 5.748799999999999744e-02 -9.983459999999999557e-01 4.739999999999999747e-04 9.983459999999999557e-01 5.748799999999999744e-02 -3.770000000000000022e-04
1.700000000000000000e+01 4.400000000000000000e+01 7.300000000000000000e+01 0.000000000000000000e+00 1.600000000000000089e+00 -6.459999999999999814e-04 -1.534999999999999906e-03 9.999989999999999712e-01 5.469500000000000056e-02 -9.985020000000000007e-01 -1.497999999999999983e-03 9.985030000000000294e-01 5.469399999999999956e-02 7.290000000000000473e-04
2.100000000000000000e+01 4.400000000000000000e+01 7.300000000000000000e+01 0.000000000000000000e+00 1.600000000000000089e+00 -2.460000000000000164e-04 -8.750000000000000182e-04 1.000000000000000000e+00 5.497300000000000103e-02 -9.984870000000000134e-01 -8.599999999999999789e-04 9.984880000000000422e-01 5.497300000000000103e-02 2.939999999999999905e-04
2.700000000000000000e+01 4.400000000000000000e+01 7.300000000000000000e+01 0.000000000000000000e+00 1.600000000000000089e+00 9.600000000000000243e-05 4.249999999999999763e-04 1.000000000000000000e+00 5.414900000000000269e-02 -9.985330000000000039e-01 4.189999999999999931e-04 9.985330000000000039e-01 5.414900000000000269e-02 -1.190000000000000058e-04
3.000000000000000000e+01 4.400000000000000000e+01 7.300000000000000000e+01 0.000000000000000000e+00 1.600000000000000089e+00 1.409000000000000096e-03 2.333000000000000004e-03 9.999959999999999960e-01 5.265000000000000235e-02 -9.986099999999999977e-01 2.256000000000000193e-03 9.986120000000000552e-01 5.264699999999999935e-02 -1.529999999999999893e-03
4.000000000000000000e+00 9.100000000000000000e+01 7.600000000000000000e+01 0.000000000000000000e+00 1.600000000000000089e+00 -2.851999999999999934e-03 1.830999999999999945e-03 9.999940000000000495e-01 3.123029999999999973e-01 -9.499790000000000179e-01 2.629999999999999959e-03 9.499779999999999891e-01 3.123090000000000033e-01 2.137000000000000011e-03
8.000000000000000000e+00 9.100000000000000000e+01 7.600000000000000000e+01 0.000000000000000000e+00 1.600000000000000089e+00 -2.790000000000000054e-04 -1.588999999999999918e-03 9.999989999999999712e-01 3.203300000000000036e-01 -9.473049999999999526e-01 -1.415999999999999941e-03 9.473059999999999814e-01 3.203289999999999749e-01 7.730000000000000326e-04
1.300000000000000000e+01 9.100000000000000000e+01 7.600000000000000000e+01 0.000000000000000000e+00 1.600000000000000089e+00 1.968999999999999830e-03 -9.319999999999999942e-04 9.999980000000000535e-01 3.195979999999999932e-01 -9.475519999999999499e-01 -1.512000000000000106e-03 9.475510000000000321e-01 3.195999999999999952e-01 -1.567999999999999949e-03
1.900000000000000000e+01 9.100000000000000000e+01 7.600000000000000000e+01 0.000000000000000000e+00 1.600000000000000089e+00 -2.139999999999999975e-03 -1.456000000000000046e-03 9.999970000000000248e-01 3.009669999999999845e-01 -9.536339999999999817e-01 -7.439999999999999782e-04 9.536320000000000352e-01 3.009640000000000093e-01 2.478999999999999867e-03
