1.800000000000000000e+01 2.500000000000000000e+01 1.000000000000000000e+00 0.000000000000000000e+00 1.600000000000000089e+00 -1.041999999999999958e-03 1.276000000000000007e-03 -9.999989999999999712e-01 -5.240019999999999678e-01 -8.517169999999999463e-01 -5.410000000000000312e-04 -8.517160000000000286e-01 5.240010000000000501e-01 1.556000000000000091e-03
2.200000000000000000e+01 2.500000000000000000e+01 1.000000000000000000e+00 0.000000000000000000e+00 1.600000000000000089e+00 -7.519999999999999558e-04 3.331999999999999892e-03 -9.999940000000000495e-01 -5.225940000000000030e-01 -8.525779999999999470e-01 -2.448000000000000089e-03 -8.525810000000000333e-01 5.225889999999999702e-01 2.382000000000000003e-03
1.000000000000000000e+00 1.500000000000000000e+01 4.000000000000000000e+00 0.000000000000000000e+00 1.600000000000000089e+00 1.737000000000000046e-03 -1.051900000000000057e-02 9.999430000000000263e-01 3.182300000000000129e-01 -9.479549999999999921e-01 -1.052499999999999963e-02 9.480119999999999658e-01 3.182300000000000129e-01 1.699999999999999905e-03
5.000000000000000000e+00 1.500000000000000000e+01 4.000000000000000000e+00 0.000000000000000000e+00 1.600000000000000089e+00 2.703999999999999806e-03 -4.129999999999999991e-03 9.999879999999999880e-01 3.195629999999999860e-01 -9.475529999999999786e-01 -4.778000000000000129e-03 9.475609999999999866e-01 3.195720000000000227e-01 -1.242000000000000048e-03
1.300000000000000000e+01 1.500000000000000000e+01 4.000000000000000000e+00 0.000000000000000000e+00 1.600000000000000089e+00 1.448999999999999984e-03 -1.855000000000000095e-03 9.999970000000000248e-01 3.176829999999999932e-01 -9.481939999999999813e-01 -2.219000000000000052e-03 9.481960000000000388e-01 3.176860000000000239e-01 -7.849999999999999990e-04
1.900000000000000000e+01 1.500000000000000000e+01 4.000000000000000000e+00 0.000000000000000000e+00 1.600000000000000089e+00 1.088999999999999907e-03 -3.214999999999999976e-03 9.999940000000000495e-01 3.252200000000000091e-01 -9.456320000000000281e-01 -3.393999999999999882e-03 9.456379999999999786e-01 3.252220000000000111e-01 1.500000000000000038e-05
2.300000000000000000e+01 1.500000000000000000e+01 4.000000000000000000e+00 0.000000000000000000e+00 1.600000000000000089e+00 7.200000000000000182e-05 2.449999999999999921e-04 1.000000000000000000e+00 3.259940000000000060e-01 -9.453719999999999901e-01 2.079999999999999872e-04 9.453719999999999901e-01 3.259940000000000060e-01 -1.479999999999999925e-04
2.700000000000000000e+01 1.500000000000000000e+01 4.000000000000000000e+00 0.000000000000000000e+00 1.600000000000000089e+00 -2.063000000000000164e-03 -4.284999999999999747e-03 9.999890000000000168e-01 3.272189999999999821e-01 -9.449429999999999774e-01 -3.373999999999999829e-03 9.449459999999999527e-01 3.272079999999999989e-01 3.351999999999999945e-03
1.300000000000000000e+01 1.010000000000000000e+02 7.000000000000000000e+00 0.000000000000000000e+00 1.600000000000000089e+00 1.600000000000000131e-04 1.672399999999999928e-02 9.998599999999999710e-01 8.886420000000000430e-01 4.585339999999999971e-01 -7.811000000000000235e-03 -4.586009999999999809e-01 8.885189999999999477e-01 -1.478800000000000080e-02
1.700000000000000000e+01 1.010000000000000000e+02 7.000000000000000000e+00 0.000000000000000000e+00 1.600000000000000089e+00 -3.748000000000000029e-03 2.615999999999999836e-03 9.999900000000000455e-01 8.886540000000000550e-01 4.585739999999999816e-01 2.131000000000000082e-03 -4.585629999999999984e-01 8.886519999999999975e-01 -4.042999999999999719e-03
1.000000000000000000e+00 2.500000000000000000e+01 8.000000000000000000e+00 0.000000000000000000e+00 1.600000000000000089e+00 6.130000000000000466e-04 6.052000000000000088e-03 -9.999810000000000088e-01 4.478050000000000086e-01 8.941130000000000466e-01 5.686000000000000082e-03 8.941310000000000091e-01 -4.477999999999999758e-01 -2.161999999999999859e-03
5.000000000000000000e+00 2.500000000000000000e+01 8.000000000000000000e+00 0.000000000000000000e+00 1.600000000000000089e+00 9.499999999999999981e-04 -3.170000000000000075e-04 -1.000000000000000000e+00 4.480529999999999791e-01 8.940069999999999961e-01 1.420000000000000092e-04 8.940069999999999961e-01 -4.480520000000000058e-01 9.920000000000000432e-04
1.100000000000000000e+01 2.500000000000000000e+01 8.000000000000000000e+00 0.000000000000000000e+00 1.600000000000000089e+00 2.396000000000000126e-03 6.041000000000000363e-03 -9.999789999999999512e-01 4.482300000000000173e-01 8.938949999999999951e-01 6.473999999999999720e-03 8.939150000000000151e-01 -4.482360000000000233e-01 -5.659999999999999884e-04
1.600000000000000000e+01 2.500000000000000000e+01 8.000000000000000000e+00 0.000000000000000000e+00 1.600000000000000089e+00 7.159999999999999481e-04 3.640000000000000006e-03 -9.999930000000000208e-01 4.467349999999999932e-01 8.946589999999999820e-01 3.576999999999999885e-03 8.946659999999999613e-01 -4.467340000000000200e-01 -9.849999999999999815e-04
2.000000000000000000e+01 2.500000000000000000e+01 8.000000000000000000e+00 0.000000000000000000e+00 1.600000000000000089e+00 1.345999999999999974e-03 -4.053000000000000179e-03 -9.999909999999999632e-01 4.456499999999999906e-01 8.952020000000000532e-01 -3.027999999999999876e-03 8.952059999999999462e-01 -4.456410000000000093e-01 3.010999999999999788e-03
2.600000000000000000e+01 2.500000000000000000e+01 8.000000000000000000e+00 0.000000000000000000e+00 1.600000000000000089e+00 1.373000000000000088e-03 4.468999999999999882e-03 -9.999890000000000168e-01 4.470589999999999842e-01 8.944929999999999826e-01 4.611999999999999780e-03 8.945039999999999658e-01 -4.470600000000000129e-01 -7.690000000000000438e-04
5.000000000000000000e+00 2.400000000000000000e+01 9.000000000000000000e+00 0.000000000000000000e+00 1.600000000000000089e+00 9.439999999999999607e-04 2.300000000000000002e-05 -1.000000000000000000e+00 4.530420000000000003e-01 8.914889999999999759e-01 4.479999999999999933e-04 8.914879999999999471e-01 -4.530429999999999735e-01 8.310000000000000329e-04
1.100000000000000000e+01 2.400000000000000000e+01 9.000000000000000000e+00 0.000000000000000000e+00 1.600000000000000089e+00 2.246000000000000166e-03 6.030999999999999903e-03 -9.999789999999999512e-01 4.513889999999999847e-01 8.923039999999999861e-01 6.395999999999999776e-03 8.923240000000000061e-01 -4.513940000000000174e-01 -7.179999999999999967e-04
1.600000000000000000e+01 2.400000000000000000e+01 9.000000000000000000e+00 0.000000000000000000e+00 1.600000000000000089e+00 6.599999999999999964e-04 2.706000000000000072e-03 -9.999959999999999960e-01 4.485259999999999803e-01 8.937659999999999494e-01 2.714999999999999965e-03 8.937690000000000357e-01 -4.485259999999999803e-01 -6.239999999999999887e-04
1.900000000000000000e+01 2.400000000000000000e+01 9.000000000000000000e+00 0.000000000000000000e+00 1.600000000000000089e+00 1.402999999999999950e-03 -2.690000000000000117e-03 -9.999949999999999672e-01 4.480009999999999826e-01 8.940310000000000201e-01 -1.776000000000000018e-03 8.940320000000000489e-01 -4.479960000000000053e-01 2.458999999999999814e-03
2.300000000000000000e+01 2.400000000000000000e+01 9.000000000000000000e+00 0.000000000000000000e+00 1.600000000000000089e+00 7.919999999999999523e-04 -3.168999999999999942e-03 -9.999949999999999672e-01 4.478090000000000126e-01 8.941259999999999764e-01 -2.478999999999999867e-03 8.941289999999999516e-01 -4.478050000000000086e-01 2.126999999999999984e-03
2.800000000000000000e+01 2.400000000000000000e+01 9.000000000000000000e+00 0.000000000000000000e+00 1.600000000000000089e+00 8.019999999999999785e-04 1.213299999999999969e-02 -9.999259999999999815e-01 4.499299999999999966e-01 8.929939999999999545e-01 1.119700000000000036e-02 8.930630000000000512e-01 -4.499059999999999726e-01 -4.742999999999999820e-03
1.500000000000000000e+01 1.200000000000000000e+01 1.000000000000000000e+01 0.000000000000000000e+00 1.600000000000000089e+00 -5.370000000000000424e-04 -3.112999999999999882e-03 -9.999949999999999672e-01 -5.538589999999999902e-01 -8.326059999999999572e-01 2.890000000000000208e-03 -8.326099999999999612e-01 5.538579999999999615e-01 -1.276999999999999923e-03
1.800000000000000000e+01 1.200000000000000000e+01 1.000000000000000000e+01 0.000000000000000000e+00 1.600000000000000089e+00 -1.376999999999999969e-03 -1.041899999999999944e-02 -9.999449999999999728e-01 -5.548189999999999511e-01 -8.319180000000000463e-01 9.431999999999999412e-03 -8.319699999999999873e-01 5.548009999999999886e-01 -4.635000000000000231e-03
4.000000000000000000e+00 3.100000000000000000e+01 1.200000000000000000e+01 0.000000000000000000e+00 1.600000000000000089e+00 2.553999999999999847e-03 4.497000000000000129e-03 9.999869999999999592e-01 3.163000000000000013e-03 9.999850000000000128e-01 -4.505000000000000324e-03 -9.999919999999999920e-01 3.174999999999999871e-03 2.540000000000000157e-03
1.200000000000000000e+01 3.100000000000000000e+01 1.200000000000000000e+01 0.000000000000000000e+00 1.600000000000000089e+00 9.610000000000000486e-04 -5.303000000000000422e-03 9.999850000000000128e-01 6.453000000000000402e-03 9.999649999999999928e-01 5.296999999999999625e-03 -9.999789999999999512e-01 6.447999999999999739e-03 9.959999999999999236e-04
1.500000000000000000e+01 3.100000000000000000e+01 1.200000000000000000e+01 0.000000000000000000e+00 1.600000000000000089e+00 8.660000000000000163e-04 1.325999999999999922e-03 9.999989999999999712e-01 4.288000000000000145e-03 9.999900000000000455e-01 -1.329000000000000103e-03 -9.999900000000000455e-01 4.289000000000000278e-03 8.599999999999999789e-04
1.800000000000000000e+01 3.100000000000000000e+01 1.200000000000000000e+01 0.000000000000000000e+00 1.600000000000000089e+00 -6.449999999999999570e-04 1.742000000000000059e-03 9.999980000000000535e-01 4.239999999999999845e-03 9.999900000000000455e-01 -1.740000000000000010e-03 -9.999909999999999632e-01 4.237999999999999580e-03 -6.520000000000000188e-04
2.600000000000000000e+01 3.200000000000000000e+01 1.400000000000000000e+01 0.000000000000000000e+00 1.600000000000000089e+00 2.246999999999999865e-03 1.479999999999999925e-04 -9.999970000000000248e-01 9.601200000000000012e-02 9.953800000000000425e-01 3.629999999999999872e-04 9.953779999999999850e-01 -9.601200000000000012e-02 2.222000000000000017e-03
8.000000000000000000e+00 1.160000000000000000e+02 1.600000000000000000e+01 0.000000000000000000e+00 1.600000000000000089e+00 7.489999999999999913e-04 1.645999999999999894e-03 9.999980000000000535e-01 6.620219999999999994e-01 7.494819999999999816e-01 -1.729999999999999984e-03 -7.494840000000000391e-01 6.620230000000000281e-01 -5.280000000000000405e-04
1.100000000000000000e+01 1.160000000000000000e+02 1.600000000000000000e+01 0.000000000000000000e+00 1.600000000000000089e+00 1.662999999999999982e-03 9.879999999999999460e-04 9.999980000000000535e-01 6.762190000000000145e-01 7.366989999999999927e-01 -1.851999999999999914e-03 -7.366989999999999927e-01 6.762209999999999610e-01 5.569999999999999864e-04
3.000000000000000000e+00 2.000000000000000000e+00 1.900000000000000000e+01 0.000000000000000000e+00 1.600000000000000089e+00 -2.349999999999999930e-04 3.638000000000000175e-03 -9.999930000000000208e-01 1.918150000000000133e-01 -9.814249999999999918e-01 -3.615000000000000158e-03 -9.814310000000000533e-01 -1.918140000000000123e-01 -4.679999999999999915e-04
9.000000000000000000e+00 2.000000000000000000e+00 1.900000000000000000e+01 0.000000000000000000e+00 1.600000000000000089e+00 1.188000000000000037e-03 -3.500000000000000073e-03 -9.999930000000000208e-01 1.893900000000000028e-01 -9.818949999999999623e-01 3.661999999999999891e-03 -9.819010000000000238e-01 -1.893930000000000058e-01 -5.039999999999999992e-04
1.300000000000000000e+01 2.000000000000000000e+00 1.900000000000000000e+01 0.000000000000000000e+00 1.600000000000000089e+00 -1.167000000000000069e-03 -7.709999999999999840e-04 -9.999989999999999712e-01 1.917750000000000010e-01 -9.814389999999999503e-01 5.330000000000000536e-04 -9.814380000000000326e-01 -1.917740000000000000e-01 1.293000000000000095e-03
1.700000000000000000e+01 2.000000000000000000e+00 1.900000000000000000e+01 0.000000000000000000e+00 1.600000000000000089e+00 3.739999999999999835e-04 -4.009999999999999893e-04 -1.000000000000000000e+00 1.930709999999999926e-01 -9.811849999999999739e-01 4.659999999999999971e-04 -9.811849999999999739e-01 -1.930709999999999926e-01 -2.889999999999999774e-04
2.000000000000000000e+01 2.000000000000000000e+00 1.900000000000000000e+01 0.000000000000000000e+00 1.600000000000000089e+00 2.120000000000000031e-04 -3.181999999999999933e-03 -9.999949999999999672e-01 1.924460000000000059e-01 -9.813020000000000076e-01 3.163000000000000013e-03 -9.813079999999999581e-01 -1.924460000000000059e-01 4.040000000000000080e-04
2.400000000000000000e+01 2.000000000000000000e+00 1.900000000000000000e+01 0.000000000000000000e+00 1.600000000000000089e+00 6.599999999999999964e-04 -1.572000000000000047e-03 -9.999989999999999712e-01 1.886889999999999956e-01 -9.820349999999999913e-01 1.667999999999999995e-03 -9.820370000000000488e-01 -1.886899999999999966e-01 -3.519999999999999908e-04
2.800000000000000000e+01 2.000000000000000000e+00 1.900000000000000000e+01 0.000000000000000000e+00 1.600000000000000089e+00 -9.799999999999999684e-05 1.915000000000000036e-03 -9.999980000000000535e-01 1.878150000000000097e-01 -9.822030000000000483e-01 -1.899999999999999996e-03 -9.822039999999999660e-01 -1.878140000000000087e-01 -2.629999999999999959e-04
2.000000000000000000e+01 4.000000000000000000e+00 2.000000000000000000e+01 0.000000000000000000e+00 1.600000000000000089e+00 -4.920000000000000328e-04 -2.913999999999999924e-03 -9.999959999999999960e-01 2.891090000000000049e-01 -9.572929999999999495e-01 2.648000000000000180e-03 -9.572960000000000358e-01 -2.891059999999999741e-01 1.314000000000000064e-03
6.000000000000000000e+00 1.300000000000000000e+01 2.000000000000000000e+01 0.000000000000000000e+00 1.600000000000000089e+00 -9.499999999999999981e-04 -3.720000000000000216e-03 9.999930000000000208e-01 2.575529999999999764e-01 9.662560000000000038e-01 3.838999999999999965e-03 -9.662640000000000118e-01 2.575549999999999784e-01 4.000000000000000327e-05
2.000000000000000000e+01 1.300000000000000000e+01 2.000000000000000000e+01 0.000000000000000000e+00 1.600000000000000089e+00 -2.739999999999999923e-04 -4.449999999999999746e-04 1.000000000000000000e+00 2.571350000000000025e-01 9.663749999999999840e-01 5.000000000000000104e-04 -9.663749999999999840e-01 2.571350000000000025e-01 -1.499999999999999869e-04
2.500000000000000000e+01 1.300000000000000000e+01 2.000000000000000000e+01 0.000000000000000000e+00 1.600000000000000089e+00 6.939999999999999555e-04 -2.930000000000000204e-04 1.000000000000000000e+00 2.560669999999999891e-01 9.666590000000000460e-01 1.050000000000000044e-04 -9.666590000000000460e-01 2.560669999999999891e-01 7.450000000000000025e-04
1.000000000000000000e+00 3.000000000000000000e+00 2.500000000000000000e+01 0.000000000000000000e+00 1.600000000000000089e+00 5.493999999999999752e-03 3.232000000000000064e-03 9.999799999999999800e-01 -7.857799999999999507e-02 -9.969010000000000371e-01 3.654000000000000130e-03 9.968930000000000291e-01 -7.859599999999999920e-02 -5.223000000000000212e-03
9.000000000000000000e+00 3.000000000000000000e+00 2.500000000000000000e+01 0.000000000000000000e+00 1.600000000000000089e+00 1.128000000000000096e-03 -7.886000000000000648e-03 9.999679999999999680e-01 -7.223799999999999666e-02 -9.973570000000000491e-01 -7.784000000000000120e-03 9.973870000000000235e-01 -7.222699999999999954e-02 -1.694999999999999892e-03
1.400000000000000000e+01 3.000000000000000000e+00 2.500000000000000000e+01 0.000000000000000000e+00 1.600000000000000089e+00 5.490000000000000088e-04 -2.193000000000000071e-03 9.999970000000000248e-01 -7.215199999999999392e-02 -9.973910000000000275e-01 -2.148000000000000170e-03 9.973929999999999740e-01 -7.215100000000000680e-02 -7.050000000000000060e-04
1.700000000000000000e+01 3.000000000000000000e+00 2.500000000000000000e+01 0.000000000000000000e+00 1.600000000000000089e+00 8.909999999999999734e-04 -1.549999999999999946e-03 9.999980000000000535e-01 -7.584599999999999675e-02 -9.971179999999999488e-01 -1.477999999999999930e-03 9.971189999999999776e-01 -7.584399999999999475e-02 -1.005999999999999950e-03
2.000000000000000000e+01 3.000000000000000000e+00 2.500000000000000000e+01 0.000000000000000000e+00 1.600000000000000089e+00 1.051999999999999984e-03 -3.620000000000000171e-04 9.999989999999999712e-01 -7.989599999999999480e-02 -9.968029999999999946e-01 -2.759999999999999867e-04 9.968029999999999946e-01 -7.989499999999999380e-02 -1.077999999999999965e-03
2.800000000000000000e+01 3.000000000000000000e+00 2.500000000000000000e+01 0.000000000000000000e+00 1.600000000000000089e+00 8.069999999999999916e-04 1.356000000000000000e-03 9.999989999999999712e-01 -7.637599999999999945e-02 -9.970780000000000198e-01 1.412999999999999977e-03 9.970790000000000486e-01 -7.637800000000000145e-02 -7.010000000000000172e-04
1.300000000000000000e+01 4.600000000000000000e+01 2.700000000000000000e+01 0.000000000000000000e+00 1.600000000000000089e+00 -1.234000000000000071e-03 -2.498999999999999919e-03 -9.999959999999999960e-01 6.783350000000000213e-01 7.347479999999999567e-01 -2.674000000000000161e-03 7.347519999999999607e-01 -6.783360000000000500e-01 7.879999999999999635e-04
2.700000000000000000e+01 4.600000000000000000e+01 2.700000000000000000e+01 0.000000000000000000e+00 1.600000000000000089e+00 -1.949999999999999965e-04 3.390000000000000001e-04 -1.000000000000000000e+00 6.701620000000000354e-01 7.422149999999999581e-01 1.210000000000000002e-04 7.422149999999999581e-01 -6.701620000000000354e-01 -3.719999999999999891e-04
3.000000000000000000e+01 4.600000000000000000e+01 3.000000000000000000e+01 0.000000000000000000e+00 1.600000000000000089e+00 2.203999999999999796e-03 2.419000000000000143e-03 -9.999949999999999672e-01 3.291600000000000081e-01 9.442700000000000538e-01 3.008999999999999956e-03 9.442720000000000002e-01 -3.291640000000000121e-01 1.284999999999999901e-03
2.000000000000000000e+00 5.800000000000000000e+01 3.100000000000000000e+01 0.000000000000000000e+00 1.600000000000000089e+00 -3.989999999999999949e-04 2.588000000000000023e-03 9.999970000000000248e-01 -8.048319999999999919e-01 -5.935009999999999453e-01 1.214000000000000018e-03 5.935030000000000028e-01 -8.048290000000000166e-01 2.320000000000000014e-03
1.000000000000000000e+01 5.800000000000000000e+01 3.100000000000000000e+01 0.000000000000000000e+00 1.600000000000000089e+00 6.642999999999999600e-03 3.105000000000000121e-03 9.999730000000000008e-01 -8.024799999999999711e-01 -5.966360000000000552e-01 7.184000000000000281e-03 5.966420000000000057e-01 -8.025060000000000526e-01 -1.472000000000000001e-03
2.100000000000000000e+01 5.800000000000000000e+01 3.100000000000000000e+01 0.000000000000000000e+00 1.600000000000000089e+00 4.020000000000000136e-04 -5.590000000000000351e-04 1.000000000000000000e+00 -8.056250000000000355e-01 -5.924260000000000081e-01 -7.999999999999999638e-06 5.924260000000000081e-01 -8.056250000000000355e-01 -6.890000000000000508e-04
2.600000000000000000e+01 5.800000000000000000e+01 3.100000000000000000e+01 0.000000000000000000e+00 1.600000000000000089e+00 4.608000000000000117e-03 2.939999999999999905e-03 9.999850000000000128e-01 -7.989690000000000403e-01 -6.013479999999999936e-01 5.449999999999999983e-03 6.013549999999999729e-01 -7.989819999999999700e-01 -4.220000000000000118e-04
1.600000000000000000e+01 2.200000000000000000e+01 3.400000000000000000e+01 0.000000000000000000e+00 1.600000000000000089e+00 8.509999999999999769e-04 8.199999999999999824e-04 9.999989999999999712e-01 3.789460000000000051e-01 -9.254189999999999916e-01 4.360000000000000269e-04 9.254179999999999628e-01 3.789449999999999763e-01 -1.098000000000000018e-03
1.800000000000000000e+01 2.200000000000000000e+01 3.400000000000000000e+01 0.000000000000000000e+00 1.600000000000000089e+00 -3.989999999999999949e-04 4.483000000000000006e-03 9.999900000000000455e-01 3.780240000000000267e-01 -9.257859999999999978e-01 4.301000000000000136e-03 9.257959999999999523e-01 3.780220000000000247e-01 -1.325000000000000006e-03
2.300000000000000000e+01 2.300000000000000000e+01 3.400000000000000000e+01 0.000000000000000000e+00 1.600000000000000089e+00 -1.422000000000000087e-03 -1.245000000000000013e-03 9.999980000000000535e-01 3.998680000000000012e-01 -9.165729999999999711e-01 -5.730000000000000501e-04 9.165720000000000534e-01 3.998659999999999992e-01 1.801000000000000083e-03
2.500000000000000000e+01 2.300000000000000000e+01 3.400000000000000000e+01 0.000000000000000000e+00 1.600000000000000089e+00 -2.979999999999999793e-04 -5.343999999999999792e-03 9.999860000000000415e-01 4.004849999999999799e-01 -9.162909999999999666e-01 -4.776999999999999996e-03 9.163029999999999786e-01 4.004780000000000006e-01 2.413000000000000214e-03
3.000000000000000000e+00 4.600000000000000000e+01 3.500000000000000000e+01 0.000000000000000000e+00 1.600000000000000089e+00 -5.090000000000000123e-04 3.259999999999999877e-03 -9.999949999999999672e-01 3.899590000000000001e-01 -9.208260000000000334e-01 -3.200000000000000153e-03 -9.208319999999999839e-01 -3.899590000000000001e-01 -8.019999999999999785e-04
1.000000000000000000e+01 4.600000000000000000e+01 3.500000000000000000e+01 0.000000000000000000e+00 1.600000000000000089e+00 -1.450000000000000009e-04 -1.099999999999999971e-05 -1.000000000000000000e+00 3.911330000000000084e-01 -9.203339999999999854e-01 -4.699999999999999724e-05 -9.203339999999999854e-01 -3.911330000000000084e-01 1.379999999999999933e-04
1.500000000000000000e+01 4.600000000000000000e+01 3.500000000000000000e+01 0.000000000000000000e+00 1.600000000000000089e+00 -6.350000000000000392e-04 -8.559999999999999901e-04 -9.999989999999999712e-01 3.928269999999999817e-01 -9.196119999999999850e-01 5.379999999999999583e-04 -9.196119999999999850e-01 -3.928269999999999817e-01 9.200000000000000278e-04
2.300000000000000000e+01 4.600000000000000000e+01 3.500000000000000000e+01 0.000000000000000000e+00 1.600000000000000089e+00 1.669999999999999935e-04 5.500000000000000196e-05 -1.000000000000000000e+00 3.923749999999999738e-01 -9.198049999999999837e-01 1.399999999999999979e-05 -9.198049999999999837e-01 -3.923749999999999738e-01 -1.749999999999999982e-04
2.700000000000000000e+01 4.600000000000000000e+01 3.500000000000000000e+01 0.000000000000000000e+00 1.600000000000000089e+00 -6.830000000000000134e-04 -4.719999999999999803e-04 -1.000000000000000000e+00 3.908719999999999972e-01 -9.204449999999999577e-01 1.669999999999999935e-04 -9.204449999999999577e-01 -3.908719999999999972e-01 8.130000000000000291e-04
1.100000000000000000e+01 9.500000000000000000e+01 3.600000000000000000e+01 0.000000000000000000e+00 1.600000000000000089e+00 -7.027000000000000260e-03 -1.046200000000000081e-02 9.999209999999999487e-01 9.971069999999999656e-01 7.560600000000000653e-02 7.798000000000000244e-03 -7.568199999999999927e-02 9.970830000000000526e-01 9.900000000000000813e-03
1.300000000000000000e+01 9.500000000000000000e+01 3.600000000000000000e+01 0.000000000000000000e+00 1.600000000000000089e+00 -7.036999999999999852e-03 -2.049099999999999880e-02 9.997650000000000148e-01 9.970329999999999471e-01 7.649999999999999856e-02 8.585000000000000617e-03 -7.665800000000000392e-02 9.968590000000000506e-01 1.989199999999999996e-02
1.800000000000000000e+01 9.500000000000000000e+01 3.600000000000000000e+01 0.000000000000000000e+00 1.600000000000000089e+00 -3.451000000000000074e-03 1.313100000000000031e-02 9.999080000000000190e-01 9.969869999999999566e-01 7.753000000000000169e-02 2.422999999999999807e-03 -7.749100000000000432e-02 9.969029999999999836e-01 -1.335899999999999935e-02
2.100000000000000000e+01 9.500000000000000000e+01 3.600000000000000000e+01 0.000000000000000000e+00 1.600000000000000089e+00 -6.014000000000000248e-03 1.371099999999999923e-02 9.998879999999999990e-01 9.973990000000000355e-01 7.190699999999999870e-02 5.013000000000000095e-03 -7.183000000000000496e-02 9.973170000000000091e-01 -1.410800000000000075e-02
2.600000000000000000e+01 9.500000000000000000e+01 3.600000000000000000e+01 0.000000000000000000e+00 1.600000000000000089e+00 -5.945999999999999897e-03 -8.724000000000000851e-03 9.999440000000000550e-01 9.975479999999999903e-01 6.967900000000000482e-02 6.539999999999999807e-03 -6.973200000000000232e-02 9.975309999999999455e-01 8.288000000000000228e-03
3.000000000000000000e+00 2.900000000000000000e+01 4.400000000000000000e+01 0.000000000000000000e+00 1.600000000000000089e+00 -5.680000000000000370e-04 6.109999999999999980e-04 -1.000000000000000000e+00 6.625400000000000178e-01 7.490259999999999696e-01 8.100000000000000375e-05 7.490259999999999696e-01 -6.625400000000000178e-01 -8.300000000000000086e-04
7.000000000000000000e+00 2.900000000000000000e+01 4.400000000000000000e+01 0.000000000000000000e+00 1.600000000000000089e+00 -6.369999999999999794e-04 1.556000000000000091e-03 -9.999989999999999712e-01 6.633440000000000447e-01 7.483140000000000347e-01 7.420000000000000380e-04 7.483140000000000347e-01 -6.633430000000000160e-01 -1.508000000000000009e-03
1.200000000000000000e+01 2.900000000000000000e+01 4.400000000000000000e+01 0.000000000000000000e+00 1.600000000000000089e+00 -5.609999999999999752e-04 4.022000000000000401e-03 -9.999919999999999920e-01 6.706990000000000451e-01 7.417249999999999677e-01 2.606999999999999942e-03 7.417289999999999717e-01 -6.706919999999999549e-01 -3.114000000000000015e-03
2.000000000000000000e+01 2.900000000000000000e+01 4.400000000000000000e+01 0.000000000000000000e+00 1.600000000000000089e+00 -2.550000000000000183e-04 -1.051000000000000068e-03 -9.999989999999999712e-01 6.714210000000000456e-01 7.410750000000000393e-01 -9.499999999999999981e-04 7.410759999999999570e-01 -6.714210000000000456e-01 5.169999999999999899e-04
2.400000000000000000e+01 2.900000000000000000e+01 4.400000000000000000e+01 0.000000000000000000e+00 1.600000000000000089e+00 2.667999999999999799e-03 3.235000000000000028e-03 -9.999909999999999632e-01 6.693799999999999750e-01 7.429090000000000416e-01 4.189000000000000015e-03 7.429160000000000208e-01 -6.693850000000000078e-01 -1.830000000000000029e-04
2.000000000000000000e+00 5.000000000000000000e+00 5.100000000000000000e+01 0.000000000000000000e+00 1.600000000000000089e+00 2.749999999999999840e-03 -6.968000000000000235e-03 -9.999719999999999720e-01 4.954609999999999848e-01 -8.685990000000000100e-01 7.414999999999999716e-03 -8.686260000000000092e-01 -4.954669999999999908e-01 1.062999999999999926e-03
6.000000000000000000e+00 5.000000000000000000e+00 5.100000000000000000e+01 0.000000000000000000e+00 1.600000000000000089e+00 1.845000000000000069e-03 -1.544999999999999932e-03 -9.999970000000000248e-01 4.945979999999999821e-01 -8.691189999999999749e-01 2.255000000000000060e-03 -8.691200000000000037e-01 -4.945999999999999841e-01 -8.390000000000000105e-04
1.000000000000000000e+01 5.000000000000000000e+00 5.100000000000000000e+01 0.000000000000000000e+00 1.600000000000000089e+00 -1.521999999999999915e-03 2.967000000000000019e-03 -9.999940000000000495e-01 4.959549999999999792e-01 -8.683419999999999472e-01 -3.331999999999999892e-03 -8.683469999999999800e-01 -4.959569999999999812e-01 -1.499999999999999869e-04
2.200000000000000000e+01 5.000000000000000000e+00 5.100000000000000000e+01 0.000000000000000000e+00 1.600000000000000089e+00 3.248000000000000019e-03 1.324000000000000090e-03 -9.999940000000000495e-01 4.890470000000000095e-01 -8.722569999999999490e-01 4.330000000000000081e-04 -8.722509999999999986e-01 -4.890459999999999807e-01 -3.480000000000000020e-03
2.600000000000000000e+01 5.000000000000000000e+00 5.100000000000000000e+01 0.000000000000000000e+00 1.600000000000000089e+00 7.010000000000000172e-04 -9.152000000000000413e-03 -9.999580000000000135e-01 4.887960000000000083e-01 -8.723579999999999668e-01 8.326999999999999333e-03 -8.723980000000000068e-01 -4.887819999999999943e-01 3.861999999999999982e-03
2.900000000000000000e+01 5.000000000000000000e+00 5.100000000000000000e+01 0.000000000000000000e+00 1.600000000000000089e+00 -1.630000000000000047e-04 -8.096000000000000765e-03 -9.999670000000000503e-01 4.886519999999999753e-01 -8.724509999999999765e-01 6.982999999999999624e-03 -8.724790000000000045e-01 -4.886349999999999860e-01 4.098000000000000080e-03
1.500000000000000000e+01 6.300000000000000000e+01 5.400000000000000000e+01 0.000000000000000000e+00 1.600000000000000089e+00 -7.129999999999999836e-04 -1.619999999999999912e-03 9.999980000000000535e-01 -3.538930000000000131e-01 9.352850000000000330e-01 1.263000000000000017e-03 -9.352859999999999507e-01 -3.538910000000000111e-01 -1.240000000000000000e-03
2.000000000000000000e+01 6.300000000000000000e+01 5.400000000000000000e+01 0.000000000000000000e+00 1.600000000000000089e+00 -6.980000000000000527e-04 -8.159999999999999936e-04 1.000000000000000000e+00 -3.520730000000000248e-01 9.359730000000000549e-01 5.180000000000000143e-04 -9.359720000000000262e-01 -3.520719999999999961e-01 -9.409999999999999962e-04
2.400000000000000000e+01 6.300000000000000000e+01 5.400000000000000000e+01 0.000000000000000000e+00 1.600000000000000089e+00 1.281999999999999936e-03 3.677999999999999846e-03 9.999919999999999920e-01 -3.493330000000000046e-01 9.369939999999999936e-01 -2.997999999999999797e-03 -9.369979999999999976e-01 -3.493260000000000254e-01 2.485999999999999929e-03
2.800000000000000000e+01 6.300000000000000000e+01 5.400000000000000000e+01 0.000000000000000000e+00 1.600000000000000089e+00 -3.699999999999999811e-05 3.054999999999999990e-03 9.999949999999999672e-01 -3.549950000000000050e-01 9.348640000000000283e-01 -2.869000000000000022e-03 -9.348680000000000323e-01 -3.549930000000000030e-01 1.049999999999999935e-03
2.000000000000000000e+00 2.500000000000000000e+01 5.500000000000000000e+01 0.000000000000000000e+00 1.600000000000000089e+00 2.131000000000000082e-03 2.572000000000000067e-03 -9.999940000000000495e-01 -1.522500000000000069e-02 -9.998810000000000198e-01 -2.603999999999999978e-03 -9.998820000000000485e-01 1.523099999999999975e-02 -2.090999999999999977e-03
1.300000000000000000e+01 2.500000000000000000e+01 5.500000000000000000e+01 0.000000000000000000e+00 1.600000000000000089e+00 -9.299999999999999727e-05 3.369000000000000033e-03 -9.999940000000000495e-01 -1.218999999999999945e-02 -9.999200000000000310e-01 -3.367000000000000201e-03 -9.999259999999999815e-01 1.218999999999999945e-02 1.340000000000000045e-04
1.900000000000000000e+01 2.500000000000000000e+01 5.500000000000000000e+01 0.000000000000000000e+00 1.600000000000000089e+00 1.356000000000000000e-03 2.079999999999999818e-03 -9.999970000000000248e-01 -1.069299999999999938e-02 -9.999409999999999688e-01 -2.093999999999999941e-03 -9.999419999999999975e-01 1.069499999999999965e-02 -1.333999999999999899e-03
2.600000000000000000e+01 2.500000000000000000e+01 5.500000000000000000e+01 0.000000000000000000e+00 1.600000000000000089e+00 -6.849999999999999535e-04 -7.399999999999999623e-05 -1.000000000000000000e+00 -1.203100000000000003e-02 -9.999280000000000390e-01 8.200000000000000095e-05 -9.999270000000000103e-01 1.203100000000000003e-02 6.840000000000000377e-04
2.000000000000000000e+00 2.100000000000000000e+01 6.000000000000000000e+01 0.000000000000000000e+00 1.600000000000000089e+00 3.043000000000000132e-03 -4.050999999999999913e-03 9.999869999999999592e-01 -9.651400000000000257e-02 9.953220000000000400e-01 4.325999999999999984e-03 -9.953269999999999618e-01 -9.652499999999999969e-02 2.638000000000000154e-03
7.000000000000000000e+00 2.100000000000000000e+01 6.000000000000000000e+01 0.000000000000000000e+00 1.600000000000000089e+00 -5.074999999999999650e-03 -6.356999999999999804e-03 9.999670000000000503e-01 -9.661599999999999355e-02 9.953049999999999953e-01 5.837000000000000174e-03 -9.953089999999999993e-01 -9.658400000000000318e-02 -5.664999999999999897e-03
1.200000000000000000e+01 2.100000000000000000e+01 6.000000000000000000e+01 0.000000000000000000e+00 1.600000000000000089e+00 -9.380000000000000317e-04 -5.006000000000000033e-03 9.999869999999999592e-01 -9.676700000000000579e-02 9.952950000000000408e-01 4.891999999999999647e-03 -9.953070000000000528e-01 -9.676099999999999979e-02 -1.417999999999999990e-03
1.500000000000000000e+01 3.000000000000000000e+00 6.300000000000000000e+01 0.000000000000000000e+00 1.600000000000000089e+00 1.574000000000000095e-03 -1.039999999999999936e-04 9.999989999999999712e-01 -6.163539999999999575e-01 7.874689999999999745e-01 1.051999999999999984e-03 -7.874679999999999458e-01 -6.163549999999999862e-01 1.175000000000000046e-03
5.000000000000000000e+00 2.700000000000000000e+01 6.300000000000000000e+01 0.000000000000000000e+00 1.600000000000000089e+00 -6.960000000000000041e-04 5.150000000000000498e-04 1.000000000000000000e+00 -2.683829999999999827e-01 9.633119999999999461e-01 -6.830000000000000134e-04 -9.633119999999999461e-01 -2.683829999999999827e-01 -5.320000000000000293e-04
1.300000000000000000e+01 2.700000000000000000e+01 6.300000000000000000e+01 0.000000000000000000e+00 1.600000000000000089e+00 -1.809999999999999977e-03 -3.759999999999999887e-03 9.999909999999999632e-01 -2.677129999999999788e-01 9.634930000000000438e-01 3.138000000000000164e-03 -9.634970000000000478e-01 -2.677050000000000263e-01 -2.749999999999999840e-03
2.100000000000000000e+01 2.700000000000000000e+01 6.300000000000000000e+01 0.000000000000000000e+00 1.600000000000000089e+00 2.099999999999999870e-03 -5.349999999999999938e-04 9.999980000000000535e-01 -2.677740000000000120e-01 9.634810000000000318e-01 1.077999999999999965e-03 -9.634789999999999743e-01 -2.677760000000000140e-01 1.879999999999999944e-03
2.500000000000000000e+01 2.700000000000000000e+01 6.300000000000000000e+01 0.000000000000000000e+00 1.600000000000000089e+00 2.650000000000000012e-03 -1.500000000000000038e-05 9.999959999999999960e-01 -2.682709999999999817e-01 9.633429999999999493e-01 7.259999999999999743e-04 -9.633399999999999741e-01 -2.682720000000000105e-01 2.549000000000000050e-03
3.000000000000000000e+01 2.700000000000000000e+01 6.300000000000000000e+01 0.000000000000000000e+00 1.600000000000000089e+00 -1.523000000000000048e-03 4.495999999999999996e-03 9.999890000000000168e-01 -2.686830000000000052e-01 9.632169999999999899e-01 -4.740000000000000289e-03 -9.632279999999999731e-01 -2.686870000000000092e-01 -2.590000000000000071e-04
9.000000000000000000e+00 2.600000000000000000e+01 6.400000000000000000e+01 0.000000000000000000e+00 1.600000000000000089e+00 -2.014000000000000165e-03 -3.207000000000000215e-03 9.999930000000000208e-01 -3.470119999999999871e-01 9.378579999999999695e-01 2.308999999999999855e-03 -9.378579999999999695e-01 -3.470050000000000079e-01 -3.001000000000000195e-03
1.400000000000000000e+01 2.600000000000000000e+01 6.400000000000000000e+01 0.000000000000000000e+00 1.600000000000000089e+00 -1.463000000000000108e-03 -2.428000000000000037e-03 9.999959999999999960e-01 -3.492390000000000216e-01 9.370319999999999760e-01 1.763999999999999943e-03 -9.370330000000000048e-01 -3.492350000000000176e-01 -2.219000000000000052e-03
2.100000000000000000e+01 2.600000000000000000e+01 6.400000000000000000e+01 0.000000000000000000e+00 1.600000000000000089e+00 1.915999999999999951e-03 3.330000000000000169e-04 9.999980000000000535e-01 -3.497810000000000086e-01 9.368309999999999693e-01 3.589999999999999984e-04 -9.368290000000000228e-01 -3.497810000000000086e-01 1.912000000000000071e-03
2.600000000000000000e+01 2.600000000000000000e+01 6.400000000000000000e+01 0.000000000000000000e+00 1.600000000000000089e+00 1.861999999999999940e-03 3.939999999999999817e-04 9.999980000000000535e-01 -3.488680000000000114e-01 9.371720000000000050e-01 2.799999999999999755e-04 -9.371699999999999475e-01 -3.488680000000000114e-01 1.881999999999999992e-03
2.800000000000000000e+01 2.600000000000000000e+01 6.400000000000000000e+01 0.000000000000000000e+00 1.600000000000000089e+00 -1.900000000000000105e-04 1.729000000000000068e-03 9.999980000000000535e-01 -3.494189999999999796e-01 9.369650000000000478e-01 -1.686999999999999915e-03 -9.369659999999999656e-01 -3.494189999999999796e-01 4.260000000000000006e-04
7.000000000000000000e+00 2.500000000000000000e+01 7.300000000000000000e+01 0.000000000000000000e+00 1.600000000000000089e+00 -2.605999999999999983e-02 -2.284100000000000019e-02 9.993990000000000373e-01 7.577789999999999804e-01 -6.524940000000000184e-01 4.846999999999999746e-03 6.519909999999999872e-01 7.574499999999999567e-01 3.431300000000000322e-02
1.500000000000000000e+01 2.500000000000000000e+01 7.300000000000000000e+01 0.000000000000000000e+00 1.600000000000000089e+00 5.779999999999999548e-04 -6.310000000000000504e-04 1.000000000000000000e+00 7.476120000000000543e-01 -6.641350000000000309e-01 -8.509999999999999769e-04 6.641350000000000309e-01 7.476129999999999720e-01 8.799999999999999771e-05
1.800000000000000000e+01 2.500000000000000000e+01 7.300000000000000000e+01 0.000000000000000000e+00 1.600000000000000089e+00 -1.657999999999999969e-03 -1.915000000000000036e-03 9.999970000000000248e-01 7.490909999999999513e-01 -6.624670000000000281e-01 -2.699999999999999899e-05 6.624649999999999705e-01 7.490890000000000049e-01 2.533000000000000095e-03
2.300000000000000000e+01 2.500000000000000000e+01 7.300000000000000000e+01 0.000000000000000000e+00 1.600000000000000089e+00 1.026000000000000002e-03 3.620000000000000171e-04 9.999989999999999712e-01 7.422180000000000444e-01 -6.701589999999999492e-01 -5.190000000000000386e-04 6.701580000000000314e-01 7.422180000000000444e-01 -9.569999999999999514e-04
3.000000000000000000e+00 4.400000000000000000e+01 7.300000000000000000e+01 0.000000000000000000e+00 1.600000000000000089e+00 -7.439999999999999782e-04 -2.733999999999999885e-03 9.999959999999999960e-01 5.132300000000000056e-02 -9.986779999999999546e-01 -2.691999999999999948e-03 9.986819999999999586e-01 5.132099999999999856e-02 8.840000000000000201e-04
8.000000000000000000e+00 4.400000000000000000e+01 7.300000000000000000e+01 0.000000000000000000e+00 1.600000000000000089e+00 -2.256999999999999892e-03 -5.521999999999999999e-03 9.999820000000000375e-01 4.627900000000000069e-02 -9.989139999999999686e-01 -5.412000000000000144e-03 9.989259999999999806e-01 4.626600000000000157e-02 2.510000000000000078e-03
1.400000000000000000e+01 4.400000000000000000e+01 7.300000000000000000e+01 0.000000000000000000e+00 1.600000000000000089e+00 -2.541999999999999989e-03 -9.870000000000000301e-04 9.999959999999999960e-01 4.567899999999999738e-02 -9.989559999999999551e-01 -8.700000000000000051e-04 9.989529999999999799e-01 4.567700000000000232e-02 2.585000000000000058e-03
1.900000000000000000e+01 4.400000000000000000e+01 7.300000000000000000e+01 0.000000000000000000e+00 1.600000000000000089e+00 -1.910000000000000077e-04 -8.009999999999999542e-04 1.000000000000000000e+00 4.373900000000000010e-02 -9.990430000000000144e-01 -7.919999999999999523e-04 9.990430000000000144e-01 4.373900000000000010e-02 2.259999999999999910e-04
2.400000000000000000e+01 4.400000000000000000e+01 7.300000000000000000e+01 0.000000000000000000e+00 1.600000000000000089e+00 -1.060000000000000016e-04 -1.258000000000000004e-03 9.999989999999999712e-01 4.314899999999999985e-02 -9.990679999999999561e-01 -1.252999999999999991e-03 9.990689999999999849e-01 4.314899999999999985e-02 1.600000000000000131e-04
2.900000000000000000e+01 4.400000000000000000e+01 7.300000000000000000e+01 0.000000000000000000e+00 1.600000000000000089e+00 1.182000000000000108e-03 1.423999999999999919e-03 9.999980000000000535e-01 4.644000000000000211e-02 -9.989200000000000301e-01 1.368000000000000075e-03 9.989200000000000301e-01 4.643800000000000011e-02 -1.247000000000000062e-03
