1.000000000000000000e+00 1.500000000000000000e+01 4.000000000000000000e+00 0.000000000000000000e+00 1.600000000000000089e+00 1.505000000000000044e-03 7.243999999999999571e-03 9.999730000000000008e-01 3.216330000000000022e-01 -9.468429999999999902e-01 6.374999999999999591e-03 9.468630000000000102e-01 3.216140000000000110e-01 -3.753999999999999958e-03
1.200000000000000000e+01 1.500000000000000000e+01 4.000000000000000000e+00 0.000000000000000000e+00 1.600000000000000089e+00 1.427000000000000100e-03 3.899000000000000122e-03 9.999909999999999632e-01 3.195029999999999815e-01 -9.475799999999999779e-01 3.239000000000000126e-03 9.475839999999999819e-01 3.194960000000000022e-01 -2.598000000000000049e-03
1.700000000000000000e+01 1.500000000000000000e+01 4.000000000000000000e+00 0.000000000000000000e+00 1.600000000000000089e+00 2.108000000000000065e-03 6.002999999999999656e-03 9.999799999999999800e-01 3.225589999999999846e-01 -9.465360000000000440e-01 5.002999999999999635e-03 9.465470000000000272e-01 3.225419999999999954e-01 -3.930999999999999599e-03
2.200000000000000000e+01 1.500000000000000000e+01 4.000000000000000000e+00 0.000000000000000000e+00 1.600000000000000089e+00 -3.131000000000000102e-03 -7.861999999999999197e-03 9.999639999999999640e-01 3.211439999999999850e-01 -9.470079999999999609e-01 -6.440000000000000412e-03 9.470250000000000057e-01 3.211129999999999818e-01 5.490000000000000088e-03
2.700000000000000000e+01 1.500000000000000000e+01 4.000000000000000000e+00 0.000000000000000000e+00 1.600000000000000089e+00 1.698999999999999989e-03 -5.557999999999999573e-03 9.999829999999999552e-01 3.256029999999999758e-01 -9.454890000000000239e-01 -5.807999999999999795e-03 9.455050000000000399e-01 3.256069999999999798e-01 2.030000000000000012e-04
2.800000000000000000e+01 1.900000000000000000e+01 5.000000000000000000e+00 0.000000000000000000e+00 1.600000000000000089e+00 -1.356999999999999916e-03 -2.318999999999999881e-03 -9.999959999999999960e-01 -6.734130000000000393e-01 -7.392609999999999459e-01 2.628000000000000128e-03 -7.392649999999999499e-01 6.734149999999999858e-01 -5.590000000000000351e-04
3.000000000000000000e+00 1.010000000000000000e+02 7.000000000000000000e+00 0.000000000000000000e+00 1.600000000000000089e+00 1.064999999999999974e-03 -2.664400000000000102e-02 9.996439999999999770e-01 8.848859999999999504e-01 4.656669999999999976e-01 1.146900000000000003e-02 -4.658070000000000266e-01 8.845589999999999842e-01 2.407300000000000065e-02
2.100000000000000000e+01 1.010000000000000000e+02 7.000000000000000000e+00 0.000000000000000000e+00 1.600000000000000089e+00 -6.008000000000000319e-03 1.467100000000000001e-02 9.998740000000000405e-01 8.810700000000000198e-01 4.729840000000000155e-01 -1.645999999999999894e-03 -4.729479999999999795e-01 8.809489999999999821e-01 -1.576800000000000077e-02
3.000000000000000000e+00 2.500000000000000000e+01 8.000000000000000000e+00 0.000000000000000000e+00 1.600000000000000089e+00 -1.830000000000000029e-04 4.920000000000000328e-04 -1.000000000000000000e+00 4.534540000000000237e-01 8.912790000000000434e-01 3.550000000000000096e-04 8.912790000000000434e-01 -4.534540000000000237e-01 -3.869999999999999742e-04
9.000000000000000000e+00 2.500000000000000000e+01 8.000000000000000000e+00 0.000000000000000000e+00 1.600000000000000089e+00 -7.360000000000000006e-04 9.309999999999999699e-04 -9.999989999999999712e-01 4.523229999999999751e-01 8.918540000000000356e-01 4.979999999999999618e-04 8.918540000000000356e-01 -4.523220000000000018e-01 -1.077999999999999965e-03
1.400000000000000000e+01 2.500000000000000000e+01 8.000000000000000000e+00 0.000000000000000000e+00 1.600000000000000089e+00 -1.302999999999999905e-03 -1.312999999999999931e-03 -9.999980000000000535e-01 4.536180000000000212e-01 8.911940000000000417e-01 -1.761999999999999894e-03 8.911949999999999594e-01 -4.536200000000000232e-01 -5.659999999999999884e-04
2.000000000000000000e+01 2.500000000000000000e+01 8.000000000000000000e+00 0.000000000000000000e+00 1.600000000000000089e+00 -9.820000000000000170e-04 6.701000000000000359e-03 -9.999770000000000048e-01 4.530980000000000008e-01 8.914440000000000142e-01 5.529000000000000060e-03 8.914600000000000302e-01 -4.530819999999999848e-01 -3.911999999999999679e-03
2.300000000000000000e+01 2.500000000000000000e+01 8.000000000000000000e+00 0.000000000000000000e+00 1.600000000000000089e+00 -1.059999999999999961e-03 -2.314000000000000085e-03 -9.999970000000000248e-01 4.544039999999999746e-01 8.907920000000000282e-01 -2.543000000000000121e-03 8.907950000000000035e-01 -4.544059999999999766e-01 1.069999999999999988e-04
3.000000000000000000e+00 2.400000000000000000e+01 9.000000000000000000e+00 0.000000000000000000e+00 1.600000000000000089e+00 5.599999999999999916e-05 2.770000000000000110e-04 -1.000000000000000000e+00 4.564480000000000204e-01 8.897500000000000409e-01 2.719999999999999979e-04 8.897500000000000409e-01 -4.564480000000000204e-01 -7.600000000000000418e-05
1.400000000000000000e+01 2.400000000000000000e+01 9.000000000000000000e+00 0.000000000000000000e+00 1.600000000000000089e+00 -1.266999999999999897e-03 -2.197000000000000168e-03 -9.999970000000000248e-01 4.554469999999999907e-01 8.902590000000000225e-01 -2.533000000000000095e-03 8.902619999999999978e-01 -4.554489999999999927e-01 -1.279999999999999942e-04
2.300000000000000000e+01 2.400000000000000000e+01 9.000000000000000000e+00 0.000000000000000000e+00 1.600000000000000089e+00 -1.255000000000000039e-03 -2.194000000000000204e-03 -9.999970000000000248e-01 4.559819999999999984e-01 8.899860000000000548e-01 -2.524999999999999901e-03 8.899880000000000013e-01 -4.559840000000000004e-01 -1.160000000000000007e-04
1.000000000000000000e+01 3.100000000000000000e+01 1.200000000000000000e+01 0.000000000000000000e+00 1.600000000000000089e+00 -4.500000000000000283e-05 -2.789999999999999945e-03 9.999959999999999960e-01 -1.629699999999999899e-02 9.998629999999999463e-01 2.788999999999999813e-03 -9.998669999999999503e-01 -1.629699999999999899e-02 -9.000000000000000567e-05
5.000000000000000000e+00 3.500000000000000000e+01 1.200000000000000000e+01 0.000000000000000000e+00 1.600000000000000089e+00 -4.500000000000000283e-05 -4.963999999999999663e-03 -9.999879999999999880e-01 4.611580000000000124e-01 -8.873069999999999569e-01 4.382999999999999743e-03 -8.873180000000000511e-01 -4.611520000000000064e-01 2.328999999999999907e-03
9.000000000000000000e+00 3.500000000000000000e+01 1.200000000000000000e+01 0.000000000000000000e+00 1.600000000000000089e+00 -6.189999999999999756e-04 -1.997000000000000077e-03 -9.999980000000000535e-01 4.602060000000000040e-01 -8.878110000000000168e-01 1.487999999999999956e-03 -8.878120000000000456e-01 -4.602040000000000020e-01 1.467999999999999904e-03
1.400000000000000000e+01 3.500000000000000000e+01 1.200000000000000000e+01 0.000000000000000000e+00 1.600000000000000089e+00 1.552999999999999910e-03 6.799999999999999946e-05 -9.999989999999999712e-01 4.500339999999999896e-01 -8.930109999999999992e-01 6.380000000000000037e-04 -8.930099999999999705e-01 -4.500339999999999896e-01 -1.417000000000000074e-03
2.300000000000000000e+01 3.500000000000000000e+01 1.200000000000000000e+01 0.000000000000000000e+00 1.600000000000000089e+00 -5.959999999999999586e-04 -8.019999999999999785e-04 -1.000000000000000000e+00 4.166889999999999761e-01 -9.090489999999999959e-01 4.809999999999999823e-04 -9.090489999999999959e-01 -4.166880000000000028e-01 8.760000000000000425e-04
2.700000000000000000e+01 3.500000000000000000e+01 1.200000000000000000e+01 0.000000000000000000e+00 1.600000000000000089e+00 2.142999999999999940e-03 -6.118000000000000174e-03 -9.999789999999999512e-01 3.992640000000000078e-01 -9.168129999999999891e-01 6.465000000000000260e-03 -9.168330000000000091e-01 -3.992700000000000138e-01 4.769999999999999934e-04
1.000000000000000000e+00 3.200000000000000000e+01 1.400000000000000000e+01 0.000000000000000000e+00 1.600000000000000089e+00 4.311999999999999861e-03 3.096999999999999927e-03 -9.999860000000000415e-01 1.020760000000000001e-01 9.947700000000000431e-01 3.520999999999999824e-03 9.947669999999999568e-01 -1.020900000000000002e-01 3.974000000000000102e-03
4.000000000000000000e+00 3.200000000000000000e+01 1.400000000000000000e+01 0.000000000000000000e+00 1.600000000000000089e+00 6.089999999999999494e-04 2.860000000000000129e-04 -1.000000000000000000e+00 1.031910000000000049e-01 9.946620000000000461e-01 3.469999999999999777e-04 9.946610000000000174e-01 -1.031910000000000049e-01 5.760000000000000146e-04
1.400000000000000000e+01 1.200000000000000000e+01 1.500000000000000000e+01 0.000000000000000000e+00 1.600000000000000089e+00 -4.800000000000000122e-05 -1.211000000000000054e-03 -9.999989999999999712e-01 -4.635520000000000196e-01 -8.860689999999999955e-01 1.095000000000000053e-03 -8.860700000000000243e-01 4.635520000000000196e-01 -5.190000000000000386e-04
2.300000000000000000e+01 1.200000000000000000e+01 1.500000000000000000e+01 0.000000000000000000e+00 1.600000000000000089e+00 -1.500000000000000031e-03 -3.892000000000000060e-03 -9.999909999999999632e-01 -4.636469999999999758e-01 -8.860099999999999643e-01 4.142999999999999981e-03 -8.860190000000000010e-01 4.636489999999999778e-01 -4.760000000000000234e-04
1.200000000000000000e+01 1.160000000000000000e+02 1.600000000000000000e+01 0.000000000000000000e+00 1.600000000000000089e+00 2.710999999999999868e-03 7.230999999999999581e-03 9.999700000000000255e-01 7.360449999999999493e-01 6.768969999999999709e-01 -6.891000000000000424e-03 -6.769269999999999454e-01 7.360419999999999741e-01 -3.487000000000000082e-03
2.800000000000000000e+01 1.160000000000000000e+02 1.600000000000000000e+01 0.000000000000000000e+00 1.600000000000000089e+00 2.020999999999999793e-03 2.137000000000000011e-03 9.999959999999999960e-01 7.635260000000000380e-01 6.457699999999999552e-01 -2.922999999999999817e-03 -6.457730000000000414e-01 7.635290000000000132e-01 -3.269999999999999795e-04
8.000000000000000000e+00 2.000000000000000000e+00 1.900000000000000000e+01 0.000000000000000000e+00 1.600000000000000089e+00 -1.092000000000000089e-03 2.433999999999999966e-03 -9.999959999999999960e-01 1.753240000000000076e-01 -9.845070000000000210e-01 -2.588000000000000023e-03 -9.845099999999999962e-01 -1.753260000000000096e-01 6.480000000000000300e-04
1.300000000000000000e+01 2.000000000000000000e+00 1.900000000000000000e+01 0.000000000000000000e+00 1.600000000000000089e+00 -4.099999999999999912e-04 5.324999999999999872e-03 -9.999860000000000415e-01 1.690190000000000026e-01 -9.855979999999999741e-01 -5.317999999999999811e-03 -9.856129999999999614e-01 -1.690190000000000026e-01 -4.960000000000000216e-04
2.300000000000000000e+01 2.000000000000000000e+00 1.900000000000000000e+01 0.000000000000000000e+00 1.600000000000000089e+00 -1.299999999999999886e-04 -4.773999999999999598e-03 -9.999890000000000168e-01 1.611720000000000097e-01 -9.869149999999999867e-01 4.690999999999999857e-03 -9.869259999999999700e-01 -1.611690000000000067e-01 8.980000000000000352e-04
2.700000000000000000e+01 2.000000000000000000e+00 1.900000000000000000e+01 0.000000000000000000e+00 1.600000000000000089e+00 -1.536999999999999955e-03 -2.014399999999999871e-02 -9.997960000000000180e-01 1.591670000000000029e-01 -9.870560000000000445e-01 1.964199999999999974e-02 -9.872509999999999897e-01 -1.591039999999999954e-01 4.722999999999999768e-03
2.000000000000000000e+00 1.300000000000000000e+01 2.000000000000000000e+01 0.000000000000000000e+00 1.600000000000000089e+00 6.750000000000000357e-04 2.691999999999999948e-03 9.999959999999999960e-01 2.556470000000000131e-01 9.667660000000000142e-01 -2.775000000000000123e-03 -9.667700000000000182e-01 2.556479999999999864e-01 -3.600000000000000091e-05
7.000000000000000000e+00 1.300000000000000000e+01 2.000000000000000000e+01 0.000000000000000000e+00 1.600000000000000089e+00 1.345999999999999974e-03 -9.699999999999999963e-05 9.999989999999999712e-01 2.554620000000000224e-01 9.668189999999999840e-01 -2.500000000000000052e-04 -9.668179999999999552e-01 2.554620000000000224e-01 1.325999999999999922e-03
1.300000000000000000e+01 1.300000000000000000e+01 2.000000000000000000e+01 0.000000000000000000e+00 1.600000000000000089e+00 1.279999999999999942e-04 9.709999999999999664e-04 9.999989999999999712e-01 2.520549999999999735e-01 9.677120000000000166e-01 -9.719999999999999907e-04 -9.677130000000000454e-01 2.520549999999999735e-01 -1.210000000000000002e-04
1.700000000000000000e+01 1.300000000000000000e+01 2.000000000000000000e+01 0.000000000000000000e+00 1.600000000000000089e+00 4.749999999999999990e-04 -2.864999999999999925e-03 9.999959999999999960e-01 2.500959999999999850e-01 9.682169999999999943e-01 2.654999999999999808e-03 -9.682209999999999983e-01 2.500939999999999830e-01 1.177000000000000095e-03
2.400000000000000000e+01 1.300000000000000000e+01 2.000000000000000000e+01 0.000000000000000000e+00 1.600000000000000089e+00 -1.299999999999999920e-05 -1.036000000000000029e-03 9.999989999999999712e-01 2.513190000000000146e-01 9.679039999999999866e-01 1.005999999999999950e-03 -9.679039999999999866e-01 2.513190000000000146e-01 2.480000000000000108e-04
3.000000000000000000e+00 1.600000000000000000e+01 2.100000000000000000e+01 0.000000000000000000e+00 1.600000000000000089e+00 1.270999999999999994e-03 4.445000000000000166e-03 9.999890000000000168e-01 2.991800000000000015e-01 9.541849999999999499e-01 -4.622000000000000240e-03 -9.541960000000000441e-01 2.991829999999999767e-01 -1.169999999999999979e-04
7.000000000000000000e+00 1.600000000000000000e+01 2.100000000000000000e+01 0.000000000000000000e+00 1.600000000000000089e+00 1.681999999999999901e-03 -4.479999999999999933e-04 9.999989999999999712e-01 2.993910000000000182e-01 9.541309999999999514e-01 -7.600000000000000418e-05 -9.541290000000000049e-01 2.993910000000000182e-01 1.740000000000000010e-03
1.500000000000000000e+01 1.600000000000000000e+01 2.100000000000000000e+01 0.000000000000000000e+00 1.600000000000000089e+00 2.400000000000000061e-05 -5.150000000000000498e-04 1.000000000000000000e+00 2.983990000000000253e-01 9.544409999999999838e-01 4.850000000000000253e-04 -9.544409999999999838e-01 2.983990000000000253e-01 1.759999999999999954e-04
2.000000000000000000e+01 1.600000000000000000e+01 2.100000000000000000e+01 0.000000000000000000e+00 1.600000000000000089e+00 7.299999999999999903e-05 -6.712000000000000084e-03 9.999770000000000048e-01 2.973500000000000032e-01 9.547470000000000123e-01 6.386000000000000183e-03 -9.547689999999999788e-01 2.973430000000000240e-01 2.066000000000000128e-03
2.900000000000000000e+01 1.600000000000000000e+01 2.100000000000000000e+01 0.000000000000000000e+00 1.600000000000000089e+00 1.472999999999999917e-03 4.479999999999999608e-03 9.999890000000000168e-01 2.994410000000000127e-01 9.541030000000000344e-01 -4.714999999999999573e-03 -9.541140000000000176e-01 2.994450000000000167e-01 6.399999999999999710e-05
3.000000000000000000e+00 3.000000000000000000e+00 2.500000000000000000e+01 0.000000000000000000e+00 1.600000000000000089e+00 1.706000000000000051e-03 7.158000000000000300e-03 9.999730000000000008e-01 -4.571800000000000169e-02 -9.989280000000000381e-01 7.228000000000000050e-03 9.989529999999999799e-01 -4.572899999999999882e-02 -1.376999999999999969e-03
9.000000000000000000e+00 4.600000000000000000e+01 2.700000000000000000e+01 0.000000000000000000e+00 1.600000000000000089e+00 -7.799999999999999859e-04 9.690000000000000262e-04 -9.999989999999999712e-01 6.665229999999999766e-01 7.454849999999999532e-01 2.030000000000000012e-04 7.454840000000000355e-01 -6.665219999999999478e-01 -1.227999999999999925e-03
2.300000000000000000e+01 4.600000000000000000e+01 2.700000000000000000e+01 0.000000000000000000e+00 1.600000000000000089e+00 2.171000000000000187e-03 -2.763999999999999964e-03 -9.999940000000000495e-01 6.730679999999999996e-01 7.395800000000000152e-01 -5.829999999999999679e-04 7.395770000000000399e-01 -6.730629999999999669e-01 3.465000000000000198e-03
2.900000000000000000e+01 4.600000000000000000e+01 2.700000000000000000e+01 0.000000000000000000e+00 1.600000000000000089e+00 6.395999999999999776e-03 -1.472000000000000045e-02 -9.998709999999999543e-01 6.238829999999999654e-01 7.814820000000000100e-01 -7.513999999999999846e-03 7.814919999999999645e-01 -6.237540000000000306e-01 1.418200000000000016e-02
1.200000000000000000e+01 4.600000000000000000e+01 3.000000000000000000e+01 0.000000000000000000e+00 1.600000000000000089e+00 4.299999999999999894e-04 2.199999999999999943e-05 -1.000000000000000000e+00 3.295870000000000188e-01 9.441249999999999920e-01 1.620000000000000075e-04 9.441249999999999920e-01 -3.295870000000000188e-01 3.989999999999999949e-04
2.400000000000000000e+01 5.600000000000000000e+01 3.300000000000000000e+01 0.000000000000000000e+00 1.600000000000000089e+00 -2.583489999999999953e-01 -3.137400000000000189e-01 -9.136870000000000269e-01 4.597749999999999893e-01 -8.717409999999999881e-01 1.693340000000000123e-01 -8.496249999999999636e-01 -3.763429999999999831e-01 3.694629999999999859e-01
6.000000000000000000e+00 4.600000000000000000e+01 3.500000000000000000e+01 0.000000000000000000e+00 1.600000000000000089e+00 -6.989999999999999686e-04 2.373000000000000109e-03 -9.999970000000000248e-01 3.932019999999999960e-01 -9.194489999999999608e-01 -2.456999999999999983e-03 -9.194520000000000470e-01 -3.932019999999999960e-01 -2.900000000000000017e-04
9.000000000000000000e+00 4.600000000000000000e+01 3.500000000000000000e+01 0.000000000000000000e+00 1.600000000000000089e+00 -9.349999999999999587e-04 3.105000000000000121e-03 -9.999949999999999672e-01 3.925370000000000248e-01 -9.197309999999999652e-01 -3.223000000000000170e-03 -9.197359999999999980e-01 -3.925379999999999980e-01 -3.589999999999999984e-04
1.300000000000000000e+01 4.600000000000000000e+01 3.500000000000000000e+01 0.000000000000000000e+00 1.600000000000000089e+00 -8.679999999999999565e-04 3.756999999999999923e-03 -9.999930000000000208e-01 3.937019999999999964e-01 -9.192299999999999915e-01 -3.795000000000000196e-03 -9.192379999999999995e-01 -3.937030000000000252e-01 -6.819999999999999890e-04
1.600000000000000000e+01 4.600000000000000000e+01 3.500000000000000000e+01 0.000000000000000000e+00 1.600000000000000089e+00 2.900000000000000017e-04 -9.265999999999999931e-03 -9.999569999999999848e-01 3.956120000000000192e-01 -9.183769999999999989e-01 8.625000000000000722e-03 -9.184179999999999566e-01 -3.955969999999999764e-01 3.399999999999999811e-03
2.300000000000000000e+01 4.600000000000000000e+01 3.500000000000000000e+01 0.000000000000000000e+00 1.600000000000000089e+00 -3.082500000000000170e-02 -1.696249999999999980e-01 -9.850269999999999859e-01 3.606969999999999898e-01 -9.209770000000000456e-01 1.473079999999999945e-01 -9.321739999999999471e-01 -3.507549999999999835e-01 8.957299999999999984e-02
1.800000000000000000e+01 9.500000000000000000e+01 3.600000000000000000e+01 0.000000000000000000e+00 1.600000000000000089e+00 -2.449700000000000141e-02 5.475599999999999912e-02 9.981989999999999474e-01 9.957840000000000025e-01 8.963300000000000434e-02 1.952100000000000016e-02 -8.840299999999999547e-02 9.944690000000000474e-01 -5.672100000000000058e-02
2.300000000000000000e+01 9.500000000000000000e+01 3.600000000000000000e+01 0.000000000000000000e+00 1.600000000000000089e+00 -3.840000000000000097e-04 2.860800000000000148e-02 9.995910000000000073e-01 9.976030000000000175e-01 6.918000000000000538e-02 -1.595999999999999979e-03 -6.919699999999999462e-02 9.971940000000000248e-01 -2.856600000000000111e-02
2.900000000000000000e+01 9.500000000000000000e+01 3.600000000000000000e+01 0.000000000000000000e+00 1.600000000000000089e+00 5.055999999999999731e-03 1.091800000000000062e-02 9.999280000000000390e-01 9.970609999999999751e-01 7.638300000000000645e-02 -5.876000000000000147e-03 -7.644199999999999606e-02 9.970189999999999886e-01 -1.050000000000000065e-02
1.000000000000000000e+00 2.900000000000000000e+01 4.400000000000000000e+01 0.000000000000000000e+00 1.600000000000000089e+00 -2.396000000000000126e-03 -7.720000000000000083e-04 -9.999970000000000248e-01 6.525090000000000057e-01 7.577779999999999516e-01 -2.148999999999999869e-03 7.577770000000000339e-01 -6.525119999999999809e-01 -1.312000000000000015e-03
5.000000000000000000e+00 2.900000000000000000e+01 4.400000000000000000e+01 0.000000000000000000e+00 1.600000000000000089e+00 -2.827999999999999785e-03 -2.494999999999999822e-03 -9.999930000000000208e-01 6.614109999999999712e-01 7.500149999999999872e-01 -3.742000000000000100e-03 7.500189999999999912e-01 -6.614170000000000327e-01 -4.710000000000000102e-04
9.000000000000000000e+00 2.900000000000000000e+01 4.400000000000000000e+01 0.000000000000000000e+00 1.600000000000000089e+00 -3.328999999999999928e-03 -3.181999999999999933e-03 -9.999890000000000168e-01 6.695600000000000440e-01 7.427430000000000421e-01 -4.592999999999999861e-03 7.427500000000000213e-01 -6.695689999999999698e-01 -3.420000000000000188e-04
1.300000000000000000e+01 2.900000000000000000e+01 4.400000000000000000e+01 0.000000000000000000e+00 1.600000000000000089e+00 4.730000000000000046e-04 -5.860000000000000408e-04 -1.000000000000000000e+00 6.694679999999999520e-01 7.428409999999999735e-01 -1.179999999999999951e-04 7.428409999999999735e-01 -6.694679999999999520e-01 7.439999999999999782e-04
1.900000000000000000e+01 2.900000000000000000e+01 4.400000000000000000e+01 0.000000000000000000e+00 1.600000000000000089e+00 2.530000000000000239e-04 8.210000000000000067e-04 -1.000000000000000000e+00 6.622639999999999638e-01 7.492710000000000203e-01 7.820000000000000345e-04 7.492710000000000203e-01 -6.622639999999999638e-01 -3.539999999999999853e-04
2.500000000000000000e+01 2.900000000000000000e+01 4.400000000000000000e+01 0.000000000000000000e+00 1.600000000000000089e+00 -3.245000000000000055e-03 -3.629999999999999872e-04 -9.999949999999999672e-01 6.575239999999999974e-01 7.534300000000000441e-01 -2.406999999999999851e-03 7.534260000000000401e-01 -6.575290000000000301e-01 -2.206000000000000062e-03
1.000000000000000000e+01 5.000000000000000000e+01 4.500000000000000000e+01 0.000000000000000000e+00 1.600000000000000089e+00 -5.616349999999999953e-01 1.140550000000000036e-01 -8.194860000000000477e-01 -2.971699999999999897e-01 -9.521699999999999608e-01 7.114399999999999891e-02 -7.721759999999999735e-01 2.834840000000000138e-01 5.686660000000000048e-01
9.000000000000000000e+00 7.000000000000000000e+01 4.700000000000000000e+01 0.000000000000000000e+00 1.600000000000000089e+00 -2.172599999999999879e-02 1.465499999999999962e-02 -9.996570000000000178e-01 -8.426460000000000061e-01 -5.383679999999999577e-01 1.042200000000000071e-02 -5.380300000000000082e-01 8.425829999999999709e-01 2.404500000000000040e-02
6.000000000000000000e+00 5.000000000000000000e+00 5.100000000000000000e+01 0.000000000000000000e+00 1.600000000000000089e+00 -1.943000000000000066e-03 -2.062000000000000031e-03 -9.999959999999999960e-01 4.898179999999999756e-01 -8.718240000000000434e-01 8.459999999999999638e-04 -8.718230000000000146e-01 -4.898140000000000271e-01 2.703999999999999806e-03
1.500000000000000000e+01 5.000000000000000000e+00 5.100000000000000000e+01 0.000000000000000000e+00 1.600000000000000089e+00 1.041000000000000042e-03 2.956999999999999993e-03 -9.999949999999999672e-01 4.898390000000000244e-01 -8.718099999999999739e-01 -2.067999999999999960e-03 -8.718120000000000314e-01 -4.898350000000000204e-01 -2.356000000000000021e-03
1.800000000000000000e+01 5.000000000000000000e+00 5.100000000000000000e+01 0.000000000000000000e+00 1.600000000000000089e+00 -1.620000000000000075e-04 6.740000000000000331e-03 -9.999770000000000048e-01 4.882790000000000186e-01 -8.726669999999999705e-01 -5.961000000000000153e-03 -8.726880000000000193e-01 -4.882690000000000086e-01 -3.148999999999999889e-03
2.300000000000000000e+01 5.000000000000000000e+00 5.100000000000000000e+01 0.000000000000000000e+00 1.600000000000000089e+00 -5.689999999999999529e-04 6.399000000000000174e-03 -9.999789999999999512e-01 4.829249999999999932e-01 -8.756420000000000314e-01 -5.878000000000000412e-03 -8.756610000000000227e-01 -4.829189999999999872e-01 -2.592000000000000120e-03
2.700000000000000000e+01 5.000000000000000000e+00 5.100000000000000000e+01 0.000000000000000000e+00 1.600000000000000089e+00 -2.235000000000000007e-03 -3.729000000000000110e-03 -9.999909999999999632e-01 4.835300000000000153e-01 -8.753250000000000197e-01 2.184000000000000177e-03 -8.753250000000000197e-01 -4.835209999999999786e-01 3.759999999999999887e-03
2.900000000000000000e+01 1.150000000000000000e+02 5.100000000000000000e+01 0.000000000000000000e+00 1.600000000000000089e+00 2.307000000000000023e-03 5.944999999999999764e-03 9.999799999999999800e-01 8.479879999999999640e-01 -5.300129999999999564e-01 1.193999999999999966e-03 5.300099999999999811e-01 8.479680000000000550e-01 -6.263999999999999603e-03
9.000000000000000000e+00 7.000000000000000000e+00 5.200000000000000000e+01 0.000000000000000000e+00 1.600000000000000089e+00 -3.900999999999999954e-03 -7.945999999999999938e-03 -9.999609999999999888e-01 1.113780000000000048e-01 -9.937500000000000222e-01 7.463000000000000016e-03 -9.937700000000000422e-01 -1.113449999999999995e-01 4.760999999999999607e-03
2.900000000000000000e+01 7.000000000000000000e+00 5.200000000000000000e+01 0.000000000000000000e+00 1.600000000000000089e+00 -1.690000000000000096e-03 -3.995000000000000287e-03 -9.999909999999999632e-01 9.368999999999999551e-02 -9.955939999999999790e-01 3.818999999999999912e-03 -9.956000000000000405e-01 -9.368200000000000138e-02 2.056999999999999801e-03
6.000000000000000000e+00 6.300000000000000000e+01 5.400000000000000000e+01 0.000000000000000000e+00 1.600000000000000089e+00 -1.103699999999999994e-02 -8.356999999999999845e-03 9.999040000000000150e-01 -3.357840000000000269e-01 9.419300000000000450e-01 4.166000000000000432e-03 -9.418739999999999890e-01 -3.357060000000000044e-01 -1.320200000000000019e-02
1.400000000000000000e+01 6.300000000000000000e+01 5.400000000000000000e+01 0.000000000000000000e+00 1.600000000000000089e+00 -4.640000000000000027e-04 -3.814000000000000116e-03 9.999930000000000208e-01 -3.332849999999999979e-01 9.428199999999999914e-01 3.442000000000000181e-03 -9.428260000000000529e-01 -3.332809999999999939e-01 -1.708000000000000100e-03
3.000000000000000000e+00 2.500000000000000000e+01 5.500000000000000000e+01 0.000000000000000000e+00 1.600000000000000089e+00 3.959999999999999762e-04 -8.049000000000000599e-03 -9.999679999999999680e-01 -1.491800000000000070e-02 -9.998559999999999670e-01 8.042000000000000537e-03 -9.998890000000000278e-01 1.491400000000000017e-02 -5.159999999999999656e-04
1.200000000000000000e+01 2.500000000000000000e+01 5.500000000000000000e+01 0.000000000000000000e+00 1.600000000000000089e+00 1.379000000000000017e-03 5.088999999999999774e-03 -9.999860000000000415e-01 -1.251400000000000082e-02 -9.999090000000000478e-01 -5.106000000000000295e-03 -9.999209999999999487e-01 1.252099999999999914e-02 -1.314999999999999980e-03
1.800000000000000000e+01 5.200000000000000000e+01 5.700000000000000000e+01 0.000000000000000000e+00 1.600000000000000089e+00 8.931200000000000250e-02 4.685619999999999785e-01 8.789040000000000186e-01 3.190819999999999768e-01 -8.493829999999999991e-01 4.203999999999999959e-01 9.435090000000000421e-01 2.428960000000000008e-01 -2.253699999999999870e-01
2.800000000000000000e+01 6.800000000000000000e+01 5.700000000000000000e+01 0.000000000000000000e+00 1.600000000000000089e+00 -6.825000000000000337e-03 1.686100000000000099e-02 -9.998350000000000293e-01 -2.374709999999999877e-01 -9.712819999999999787e-01 -1.475899999999999955e-02 -9.713709999999999845e-01 2.373309999999999864e-01 1.063300000000000009e-02
5.000000000000000000e+00 2.100000000000000000e+01 6.000000000000000000e+01 0.000000000000000000e+00 1.600000000000000089e+00 6.489999999999999459e-04 1.571799999999999933e-02 9.998759999999999870e-01 -9.734600000000000197e-02 9.951290000000000413e-01 -1.558000000000000010e-02 -9.952499999999999680e-01 -9.732399999999999385e-02 2.174999999999999850e-03
9.000000000000000000e+00 2.100000000000000000e+01 6.000000000000000000e+01 0.000000000000000000e+00 1.600000000000000089e+00 -1.856000000000000011e-03 -2.703000000000000107e-03 9.999949999999999672e-01 -9.804699999999999527e-02 9.951790000000000358e-01 2.507999999999999813e-03 -9.951799999999999535e-01 -9.804100000000000315e-02 -2.112000000000000162e-03
1.800000000000000000e+01 2.100000000000000000e+01 6.000000000000000000e+01 0.000000000000000000e+00 1.600000000000000089e+00 4.119999999999999856e-04 -1.028100000000000021e-02 9.999470000000000303e-01 -9.643400000000000583e-02 9.952860000000000040e-01 1.027199999999999988e-02 -9.953389999999999738e-01 -9.643300000000000483e-02 -5.820000000000000520e-04
2.300000000000000000e+01 2.100000000000000000e+01 6.000000000000000000e+01 0.000000000000000000e+00 1.600000000000000089e+00 3.899999999999999929e-05 8.890000000000000333e-04 1.000000000000000000e+00 -9.734800000000000397e-02 9.952499999999999680e-01 -8.809999999999999472e-04 -9.952499999999999680e-01 -9.734800000000000397e-02 1.250000000000000026e-04
3.000000000000000000e+01 2.100000000000000000e+01 6.000000000000000000e+01 0.000000000000000000e+00 1.600000000000000089e+00 -4.420000000000000101e-04 1.453999999999999997e-03 9.999989999999999712e-01 -9.584199999999999664e-02 9.953950000000000298e-01 -1.489000000000000089e-03 -9.953959999999999475e-01 -9.584299999999999764e-02 -3.009999999999999980e-04
4.000000000000000000e+00 3.000000000000000000e+00 6.300000000000000000e+01 0.000000000000000000e+00 1.600000000000000089e+00 5.850000000000000165e-04 4.769999999999999934e-04 1.000000000000000000e+00 -6.164990000000000192e-01 7.873550000000000271e-01 -1.500000000000000038e-05 -7.873550000000000271e-01 -6.164990000000000192e-01 7.550000000000000287e-04
2.000000000000000000e+01 3.000000000000000000e+00 6.300000000000000000e+01 0.000000000000000000e+00 1.600000000000000089e+00 -7.089999999999999948e-04 7.029999999999999574e-04 9.999989999999999712e-01 -6.149149999999999894e-01 7.885929999999999884e-01 -9.899999999999999946e-04 -7.885929999999999884e-01 -6.149149999999999894e-01 -1.269999999999999970e-04
4.000000000000000000e+00 2.700000000000000000e+01 6.300000000000000000e+01 0.000000000000000000e+00 1.600000000000000089e+00 7.039999999999999817e-04 -4.492999999999999598e-03 9.999900000000000455e-01 -2.792120000000000157e-01 9.602190000000000447e-01 4.511000000000000253e-03 -9.602289999999999992e-01 -2.792120000000000157e-01 -5.779999999999999548e-04
1.100000000000000000e+01 2.700000000000000000e+01 6.300000000000000000e+01 0.000000000000000000e+00 1.600000000000000089e+00 -5.490000000000000088e-04 6.260000000000000373e-04 1.000000000000000000e+00 -2.788499999999999868e-01 9.603340000000000209e-01 -7.550000000000000287e-04 -9.603350000000000497e-01 -2.788499999999999868e-01 -3.530000000000000152e-04
1.600000000000000000e+01 2.700000000000000000e+01 6.300000000000000000e+01 0.000000000000000000e+00 1.600000000000000089e+00 9.479999999999999495e-04 -1.214000000000000018e-03 9.999989999999999712e-01 -2.793590000000000240e-01 9.601859999999999840e-01 1.430999999999999980e-03 -9.601859999999999840e-01 -2.793599999999999972e-01 5.710000000000000015e-04
1.800000000000000000e+01 2.700000000000000000e+01 6.300000000000000000e+01 0.000000000000000000e+00 1.600000000000000089e+00 3.570000000000000040e-04 -2.027000000000000156e-03 9.999980000000000535e-01 -2.787399999999999878e-01 9.603639999999999954e-01 2.046000000000000076e-03 -9.603660000000000529e-01 -2.787410000000000165e-01 -2.220000000000000022e-04
2.200000000000000000e+01 2.700000000000000000e+01 6.300000000000000000e+01 0.000000000000000000e+00 1.600000000000000089e+00 6.329999999999999906e-04 -2.631000000000000092e-03 9.999959999999999960e-01 -2.781270000000000131e-01 9.605399999999999494e-01 2.703000000000000107e-03 -9.605439999999999534e-01 -2.781279999999999863e-01 -1.240000000000000054e-04
2.700000000000000000e+01 2.700000000000000000e+01 6.300000000000000000e+01 0.000000000000000000e+00 1.600000000000000089e+00 1.902999999999999961e-03 -3.996000000000000420e-03 9.999900000000000455e-01 -2.791440000000000032e-01 9.602389999999999537e-01 4.368999999999999620e-03 -9.602469999999999617e-01 -2.791500000000000092e-01 7.119999999999999593e-04
4.000000000000000000e+00 2.600000000000000000e+01 6.400000000000000000e+01 0.000000000000000000e+00 1.600000000000000089e+00 5.699999999999999772e-04 -3.996999999999999685e-03 9.999919999999999920e-01 -3.643009999999999859e-01 9.312730000000000175e-01 3.930000000000000333e-03 -9.312810000000000255e-01 -3.643000000000000127e-01 -9.250000000000000409e-04
1.000000000000000000e+01 2.600000000000000000e+01 6.400000000000000000e+01 0.000000000000000000e+00 1.600000000000000089e+00 -8.769999999999999584e-04 -1.196000000000000014e-03 9.999989999999999712e-01 -3.639580000000000037e-01 9.314149999999999929e-01 7.950000000000000252e-04 -9.314149999999999929e-01 -3.639569999999999750e-01 -1.252000000000000075e-03
1.700000000000000000e+01 2.600000000000000000e+01 6.400000000000000000e+01 0.000000000000000000e+00 1.600000000000000089e+00 9.409999999999999962e-04 -1.958000000000000105e-03 9.999980000000000535e-01 -3.627799999999999914e-01 9.318720000000000336e-01 2.165999999999999957e-03 -9.318739999999999801e-01 -3.627819999999999934e-01 1.659999999999999963e-04
2.300000000000000000e+01 2.600000000000000000e+01 6.400000000000000000e+01 0.000000000000000000e+00 1.600000000000000089e+00 1.510000000000000057e-03 -2.651999999999999844e-03 9.999949999999999672e-01 -3.642380000000000062e-01 9.313010000000000455e-01 3.020000000000000115e-03 -9.313050000000000495e-01 -3.642409999999999815e-01 4.400000000000000157e-04
2.700000000000000000e+01 2.600000000000000000e+01 6.400000000000000000e+01 0.000000000000000000e+00 1.600000000000000089e+00 2.442999999999999859e-03 -4.261000000000000031e-03 9.999879999999999880e-01 -3.647139999999999826e-01 9.311070000000000180e-01 4.858999999999999604e-03 -9.311160000000000547e-01 -3.647219999999999906e-01 7.209999999999999612e-04
1.200000000000000000e+01 6.900000000000000000e+01 6.600000000000000000e+01 0.000000000000000000e+00 1.600000000000000089e+00 -2.752000000000000106e-03 9.804999999999999480e-03 9.999479999999999480e-01 -9.565730000000000066e-01 2.914419999999999789e-01 -5.490000000000000088e-03 -2.914809999999999901e-01 -9.565379999999999994e-01 8.576999999999999555e-03
8.000000000000000000e+00 2.500000000000000000e+01 7.300000000000000000e+01 0.000000000000000000e+00 1.600000000000000089e+00 -2.688999999999999984e-03 1.167999999999999984e-03 9.999959999999999960e-01 7.516030000000000211e-01 -6.596090000000000009e-01 2.791000000000000078e-03 6.596100000000000296e-01 7.516080000000000538e-01 8.959999999999999866e-04
1.500000000000000000e+01 2.500000000000000000e+01 7.300000000000000000e+01 0.000000000000000000e+00 1.600000000000000089e+00 -6.149999999999999868e-04 4.104000000000000009e-03 9.999909999999999632e-01 7.457789999999999697e-01 -6.661859999999999449e-01 3.193000000000000092e-03 6.661930000000000351e-01 7.457740000000000480e-01 -2.650000000000000012e-03
2.300000000000000000e+01 2.500000000000000000e+01 7.300000000000000000e+01 0.000000000000000000e+00 1.600000000000000089e+00 -6.800000000000000488e-04 -4.648000000000000222e-03 9.999890000000000168e-01 7.457479999999999665e-01 -6.662240000000000384e-01 -2.589000000000000155e-03 6.662280000000000424e-01 7.457380000000000120e-01 3.918999999999999741e-03
2.700000000000000000e+01 4.400000000000000000e+01 7.300000000000000000e+01 0.000000000000000000e+00 1.600000000000000089e+00 2.293200000000000099e-02 1.487179999999999891e-01 9.886139999999999928e-01 3.133999999999999980e-02 -9.884950000000000125e-01 1.479729999999999934e-01 9.992459999999999676e-01 2.758999999999999994e-02 -2.732899999999999913e-02
1.000000000000000000e+01 2.500000000000000000e+01 7.400000000000000000e+01 0.000000000000000000e+00 1.600000000000000089e+00 -2.723000000000000160e-03 -4.870000000000000197e-04 9.999959999999999960e-01 8.263279999999999514e-01 -5.631850000000000467e-01 1.975999999999999892e-03 5.631819999999999604e-01 8.263300000000000090e-01 1.936000000000000004e-03
1.600000000000000000e+01 2.500000000000000000e+01 7.400000000000000000e+01 0.000000000000000000e+00 1.600000000000000089e+00 -6.729999999999999871e-04 1.533999999999999990e-03 9.999989999999999712e-01 8.221249999999999947e-01 -5.693049999999999500e-01 1.425999999999999967e-03 5.693059999999999787e-01 8.221249999999999947e-01 -8.779999999999999827e-04
2.000000000000000000e+01 2.500000000000000000e+01 7.400000000000000000e+01 0.000000000000000000e+00 1.600000000000000089e+00 1.720000000000000066e-04 -6.002000000000000390e-03 9.999820000000000375e-01 8.222190000000000332e-01 -5.691610000000000280e-01 -3.556999999999999832e-03 5.691720000000000113e-01 8.222049999999999637e-01 4.837000000000000154e-03
2.200000000000000000e+01 2.500000000000000000e+01 7.400000000000000000e+01 0.000000000000000000e+00 1.600000000000000089e+00 -6.700000000000000226e-05 -4.772000000000000200e-03 9.999890000000000168e-01 8.228220000000000534e-01 -5.682930000000000481e-01 -2.657000000000000074e-03 5.682989999999999986e-01 8.228119999999999878e-01 3.964999999999999775e-03
2.900000000000000000e+01 2.500000000000000000e+01 7.400000000000000000e+01 0.000000000000000000e+00 1.600000000000000089e+00 1.152999999999999945e-03 -3.481000000000000153e-03 9.999930000000000208e-01 8.224139999999999784e-01 -5.688819999999999988e-01 -2.929000000000000180e-03 5.688879999999999493e-01 8.224120000000000319e-01 2.207000000000000194e-03
1.000000000000000000e+01 9.100000000000000000e+01 7.600000000000000000e+01 0.000000000000000000e+00 1.600000000000000089e+00 9.799999999999999684e-04 -1.477999999999999930e-03 9.999980000000000535e-01 3.710499999999999909e-01 -9.286109999999999642e-01 -1.735999999999999913e-03 9.286119999999999930e-01 3.710510000000000197e-01 -3.609999999999999928e-04
1.300000000000000000e+01 9.100000000000000000e+01 7.600000000000000000e+01 0.000000000000000000e+00 1.600000000000000089e+00 1.180000000000000059e-03 -1.766999999999999908e-03 9.999980000000000535e-01 3.735580000000000012e-01 -9.276050000000000129e-01 -2.079999999999999818e-03 9.276060000000000416e-01 3.735589999999999744e-01 -4.339999999999999782e-04
1.700000000000000000e+01 9.100000000000000000e+01 7.600000000000000000e+01 0.000000000000000000e+00 1.600000000000000089e+00 -8.170000000000000179e-04 -1.242000000000000048e-03 9.999989999999999712e-01 3.543160000000000198e-01 -9.351249999999999840e-01 -8.720000000000000537e-04 9.351249999999999840e-01 3.543149999999999911e-01 1.203999999999999992e-03
2.600000000000000000e+01 9.100000000000000000e+01 7.600000000000000000e+01 0.000000000000000000e+00 1.600000000000000089e+00 1.567000000000000033e-03 -2.072000000000000057e-03 9.999970000000000248e-01 3.148750000000000160e-01 -9.491300000000000292e-01 -2.459999999999999947e-03 9.491319999999999757e-01 3.148779999999999912e-01 -8.350000000000000217e-04
1.000000000000000000e+01 1.000000000000000000e+02 7.600000000000000000e+01 0.000000000000000000e+00 1.600000000000000089e+00 -4.640000000000000027e-03 -8.600000000000000331e-05 -9.999890000000000168e-01 -9.115069999999999562e-01 4.112629999999999897e-01 4.194999999999999944e-03 4.112580000000000124e-01 9.115170000000000217e-01 -1.987000000000000051e-03
2.000000000000000000e+01 4.400000000000000000e+01 8.300000000000000000e+01 0.000000000000000000e+00 1.600000000000000089e+00 1.505399999999999967e-02 6.371899999999999786e-02 9.978540000000000187e-01 5.613500000000000156e-01 -8.263920000000000154e-01 4.430100000000000010e-02 8.274409999999999821e-01 5.594789999999999486e-01 -4.820900000000000185e-02
