2.100000000000000000e+01 2.500000000000000000e+01 1.000000000000000000e+00 0.000000000000000000e+00 1.600000000000000089e+00 1.621000000000000045e-03 -2.100000000000000087e-04 -9.999989999999999712e-01 -5.172020000000000506e-01 -8.558630000000000404e-01 -6.589999999999999721e-04 -8.558620000000000116e-01 5.172020000000000506e-01 -1.495999999999999934e-03
2.000000000000000000e+00 1.500000000000000000e+01 4.000000000000000000e+00 0.000000000000000000e+00 1.600000000000000089e+00 -7.879999999999999635e-04 -2.249999999999999938e-04 1.000000000000000000e+00 3.086559999999999859e-01 -9.511739999999999640e-01 2.900000000000000017e-05 9.511730000000000462e-01 3.086559999999999859e-01 8.189999999999999581e-04
8.000000000000000000e+00 1.500000000000000000e+01 4.000000000000000000e+00 0.000000000000000000e+00 1.600000000000000089e+00 6.639999999999999852e-04 -3.589999999999999984e-04 1.000000000000000000e+00 3.094890000000000141e-01 -9.509030000000000538e-01 -5.469999999999999602e-04 9.509030000000000538e-01 3.094890000000000141e-01 -5.209999999999999788e-04
1.500000000000000000e+01 1.500000000000000000e+01 4.000000000000000000e+00 0.000000000000000000e+00 1.600000000000000089e+00 2.007999999999999802e-03 -4.500999999999999793e-03 9.999879999999999880e-01 3.109439999999999982e-01 -9.504160000000000386e-01 -4.902000000000000107e-03 9.504259999999999931e-01 3.109500000000000042e-01 -5.090000000000000123e-04
1.900000000000000000e+01 1.500000000000000000e+01 4.000000000000000000e+00 0.000000000000000000e+00 1.600000000000000089e+00 1.214999999999999934e-03 -1.039999999999999936e-04 9.999989999999999712e-01 3.106320000000000192e-01 -9.505299999999999860e-01 -4.760000000000000234e-04 9.505299999999999860e-01 3.106320000000000192e-01 -1.121999999999999950e-03
2.600000000000000000e+01 1.500000000000000000e+01 4.000000000000000000e+00 0.000000000000000000e+00 1.600000000000000089e+00 1.620000000000000075e-04 6.706000000000000155e-03 9.999770000000000048e-01 3.149529999999999830e-01 -9.490859999999999852e-01 6.314000000000000168e-03 9.491070000000000340e-01 3.149449999999999750e-01 -2.265999999999999785e-03
7.000000000000000000e+00 1.010000000000000000e+02 7.000000000000000000e+00 0.000000000000000000e+00 1.600000000000000089e+00 -1.191000000000000001e-03 -5.878000000000000412e-03 9.999820000000000375e-01 8.915840000000000432e-01 4.528400000000000203e-01 3.723999999999999880e-03 -4.528539999999999788e-01 8.915720000000000312e-01 4.701999999999999583e-03
2.500000000000000000e+01 1.010000000000000000e+02 7.000000000000000000e+00 0.000000000000000000e+00 1.600000000000000089e+00 4.730000000000000046e-04 -2.300000000000000002e-05 1.000000000000000000e+00 8.861010000000000275e-01 4.634920000000000151e-01 -4.079999999999999968e-04 -4.634920000000000151e-01 8.861010000000000275e-01 2.400000000000000061e-04
2.900000000000000000e+01 1.010000000000000000e+02 7.000000000000000000e+00 0.000000000000000000e+00 1.600000000000000089e+00 4.337999999999999842e-03 1.445199999999999957e-02 9.998860000000000525e-01 8.868030000000000079e-01 4.620279999999999943e-01 -1.052499999999999963e-02 -4.621279999999999832e-01 8.867479999999999807e-01 -1.081099999999999943e-02
3.000000000000000000e+00 2.500000000000000000e+01 8.000000000000000000e+00 0.000000000000000000e+00 1.600000000000000089e+00 -8.120000000000000048e-04 2.967000000000000019e-03 -9.999949999999999672e-01 4.440189999999999970e-01 8.960139999999999771e-01 2.298000000000000129e-03 8.960169999999999524e-01 -4.440149999999999930e-01 -2.043999999999999810e-03
7.000000000000000000e+00 2.500000000000000000e+01 8.000000000000000000e+00 0.000000000000000000e+00 1.600000000000000089e+00 -6.200000000000000270e-05 6.549999999999999833e-04 -1.000000000000000000e+00 4.436559999999999948e-01 8.961970000000000214e-01 5.590000000000000351e-04 8.961970000000000214e-01 -4.436559999999999948e-01 -3.460000000000000076e-04
1.400000000000000000e+01 2.500000000000000000e+01 8.000000000000000000e+00 0.000000000000000000e+00 1.600000000000000089e+00 1.789999999999999870e-04 -2.227999999999999946e-03 -9.999980000000000535e-01 4.451669999999999794e-01 8.954450000000000465e-01 -1.915000000000000036e-03 8.954469999999999930e-01 -4.451660000000000061e-01 1.152000000000000029e-03
1.700000000000000000e+01 2.500000000000000000e+01 8.000000000000000000e+00 0.000000000000000000e+00 1.600000000000000089e+00 -4.859999999999999954e-04 -7.476000000000000006e-03 -9.999719999999999720e-01 4.471640000000000059e-01 8.944260000000000543e-01 -6.904999999999999680e-03 8.944520000000000248e-01 -4.471539999999999959e-01 2.907999999999999995e-03
2.100000000000000000e+01 2.500000000000000000e+01 8.000000000000000000e+00 0.000000000000000000e+00 1.600000000000000089e+00 -2.099999999999999870e-03 -5.506999999999999743e-03 -9.999829999999999552e-01 4.481550000000000256e-01 8.939369999999999816e-01 -5.864000000000000289e-03 8.939540000000000264e-01 -4.481589999999999741e-01 5.910000000000000539e-04
2.500000000000000000e+01 2.500000000000000000e+01 8.000000000000000000e+00 0.000000000000000000e+00 1.600000000000000089e+00 -1.518999999999999951e-03 -1.204999999999999908e-03 -9.999980000000000535e-01 4.489090000000000025e-01 8.935760000000000369e-01 -1.758999999999999930e-03 8.935760000000000369e-01 -4.489099999999999757e-01 -8.159999999999999936e-04
4.000000000000000000e+00 2.400000000000000000e+01 9.000000000000000000e+00 0.000000000000000000e+00 1.600000000000000089e+00 -1.179999999999999951e-04 2.171999999999999886e-03 -9.999980000000000535e-01 4.494989999999999819e-01 8.932790000000000452e-01 1.887000000000000005e-03 8.932809999999999917e-01 -4.494969999999999799e-01 -1.082000000000000062e-03
1.000000000000000000e+01 2.400000000000000000e+01 9.000000000000000000e+00 0.000000000000000000e+00 1.600000000000000089e+00 1.240000000000000054e-04 2.128000000000000117e-03 -9.999980000000000535e-01 4.490569999999999840e-01 8.935009999999999897e-01 1.956999999999999972e-03 8.935030000000000472e-01 -4.490560000000000107e-01 -8.450000000000000479e-04
1.400000000000000000e+01 2.400000000000000000e+01 9.000000000000000000e+00 0.000000000000000000e+00 1.600000000000000089e+00 -2.439999999999999949e-04 -2.870999999999999854e-03 -9.999959999999999960e-01 4.507669999999999733e-01 8.926370000000000138e-01 -2.673000000000000029e-03 8.926410000000000178e-01 -4.507660000000000000e-01 1.075999999999999917e-03
1.700000000000000000e+01 2.400000000000000000e+01 9.000000000000000000e+00 0.000000000000000000e+00 1.600000000000000089e+00 -6.999999999999999929e-04 -7.706000000000000176e-03 -9.999700000000000255e-01 4.526160000000000183e-01 8.916770000000000529e-01 -7.189000000000000078e-03 8.917049999999999699e-01 -4.526069999999999816e-01 2.863999999999999792e-03
2.100000000000000000e+01 2.400000000000000000e+01 9.000000000000000000e+00 0.000000000000000000e+00 1.600000000000000089e+00 -1.760000000000000063e-03 -4.197000000000000210e-03 -9.999900000000000455e-01 4.536410000000000164e-01 8.911729999999999929e-01 -4.538000000000000367e-03 8.911829999999999474e-01 -4.536439999999999917e-01 3.350000000000000113e-04
2.600000000000000000e+01 2.400000000000000000e+01 9.000000000000000000e+00 0.000000000000000000e+00 1.600000000000000089e+00 -1.397999999999999937e-03 2.164999999999999824e-03 -9.999970000000000248e-01 4.546830000000000038e-01 8.906530000000000280e-01 1.293000000000000095e-03 8.906519999999999992e-01 -4.546789999999999998e-01 -2.230000000000000211e-03
2.300000000000000000e+01 3.100000000000000000e+01 1.200000000000000000e+01 0.000000000000000000e+00 1.600000000000000089e+00 1.840000000000000001e-04 -2.661000000000000171e-03 9.999959999999999960e-01 -7.050000000000000060e-04 9.999959999999999960e-01 2.661000000000000171e-03 -1.000000000000000000e+00 -7.050000000000000060e-04 1.820000000000000057e-04
8.000000000000000000e+00 3.000000000000000000e+00 1.300000000000000000e+01 0.000000000000000000e+00 1.600000000000000089e+00 2.700999999999999842e-03 1.374829999999999941e-01 9.905000000000000471e-01 -2.196400000000000088e-02 9.902729999999999588e-01 -1.373919999999999864e-01 -9.997549999999999493e-01 -2.138400000000000023e-02 5.695000000000000409e-03
1.800000000000000000e+01 3.200000000000000000e+01 1.400000000000000000e+01 0.000000000000000000e+00 1.600000000000000089e+00 1.990000000000000124e-04 -3.499999999999999693e-05 -1.000000000000000000e+00 1.084350000000000036e-01 9.941029999999999589e-01 -1.299999999999999920e-05 9.941029999999999589e-01 -1.084350000000000036e-01 2.020000000000000040e-04
2.900000000000000000e+01 3.200000000000000000e+01 1.400000000000000000e+01 0.000000000000000000e+00 1.600000000000000089e+00 3.629999999999999872e-04 5.624999999999999792e-03 -9.999839999999999840e-01 1.051440000000000013e-01 9.944410000000000194e-01 5.631999999999999854e-03 9.944570000000000354e-01 -1.051440000000000013e-01 -2.300000000000000070e-04
3.000000000000000000e+00 1.200000000000000000e+01 1.500000000000000000e+01 0.000000000000000000e+00 1.600000000000000089e+00 -4.172999999999999626e-03 -3.262999999999999842e-03 -9.999860000000000415e-01 -4.681310000000000193e-01 -8.836460000000000425e-01 4.837000000000000154e-03 -8.836490000000000178e-01 4.681449999999999778e-01 2.158999999999999895e-03
7.000000000000000000e+00 1.200000000000000000e+01 1.500000000000000000e+01 0.000000000000000000e+00 1.600000000000000089e+00 -3.429999999999999889e-03 -2.380999999999999870e-03 -9.999909999999999632e-01 -4.676790000000000114e-01 -8.838909999999999823e-01 3.707999999999999925e-03 -8.838920000000000110e-01 4.676870000000000194e-01 1.918999999999999916e-03
1.100000000000000000e+01 1.200000000000000000e+01 1.500000000000000000e+01 0.000000000000000000e+00 1.600000000000000089e+00 -1.227999999999999925e-03 -8.566999999999999962e-03 -9.999630000000000463e-01 -4.662899999999999823e-01 -8.845939999999999914e-01 8.151000000000000259e-03 -8.846309999999999452e-01 4.662830000000000030e-01 -2.909000000000000127e-03
1.500000000000000000e+01 1.200000000000000000e+01 1.500000000000000000e+01 0.000000000000000000e+00 1.600000000000000089e+00 -2.079999999999999818e-03 -5.834999999999999909e-03 -9.999810000000000088e-01 -4.671529999999999849e-01 -8.841560000000000530e-01 6.131000000000000165e-03 -8.841740000000000155e-01 4.671560000000000157e-01 -8.869999999999999846e-04
1.800000000000000000e+01 1.200000000000000000e+01 1.500000000000000000e+01 0.000000000000000000e+00 1.600000000000000089e+00 -1.203999999999999992e-03 3.280000000000000038e-04 -9.999989999999999712e-01 -4.707540000000000058e-01 -8.822649999999999659e-01 2.770000000000000110e-04 -8.822640000000000482e-01 4.707540000000000058e-01 1.216000000000000067e-03
2.200000000000000000e+01 1.200000000000000000e+01 1.500000000000000000e+01 0.000000000000000000e+00 1.600000000000000089e+00 -6.809999999999999647e-04 -2.449999999999999921e-03 -9.999970000000000248e-01 -4.724160000000000026e-01 -8.813720000000000443e-01 2.481000000000000132e-03 -8.813760000000000483e-01 4.724160000000000026e-01 -5.569999999999999864e-04
4.000000000000000000e+00 1.160000000000000000e+02 1.600000000000000000e+01 0.000000000000000000e+00 1.600000000000000089e+00 -2.170000000000000054e-03 -2.456999999999999983e-03 9.999949999999999672e-01 7.338149999999999951e-01 6.793409999999999727e-01 3.261000000000000010e-03 -6.793460000000000054e-01 7.338179999999999703e-01 3.289999999999999739e-04
7.000000000000000000e+00 1.160000000000000000e+02 1.600000000000000000e+01 0.000000000000000000e+00 1.600000000000000089e+00 -1.198000000000000063e-03 -8.999999999999999754e-04 9.999989999999999712e-01 6.960420000000000496e-01 7.179990000000000538e-01 1.479999999999999979e-03 -7.179999999999999716e-01 6.960429999999999673e-01 -2.329999999999999986e-04
2.400000000000000000e+01 1.160000000000000000e+02 1.600000000000000000e+01 0.000000000000000000e+00 1.600000000000000089e+00 5.310000000000000050e-04 2.510000000000000078e-03 9.999970000000000248e-01 6.944820000000000437e-01 7.195070000000000077e-01 -2.174999999999999850e-03 -7.195099999999999829e-01 6.944810000000000150e-01 -1.361000000000000014e-03
4.000000000000000000e+00 2.000000000000000000e+00 1.900000000000000000e+01 0.000000000000000000e+00 1.600000000000000089e+00 5.895000000000000066e-03 -1.186399999999999955e-02 -9.999120000000000230e-01 2.256009999999999960e-01 -9.741349999999999731e-01 1.288800000000000015e-02 -9.742020000000000124e-01 -2.256569999999999965e-01 -3.066000000000000149e-03
1.900000000000000000e+01 2.000000000000000000e+00 1.900000000000000000e+01 0.000000000000000000e+00 1.600000000000000089e+00 7.439999999999999782e-04 1.933999999999999955e-03 -9.999980000000000535e-01 1.901919999999999999e-01 -9.817449999999999788e-01 -1.757000000000000098e-03 -9.817470000000000363e-01 -1.901899999999999979e-01 -1.098000000000000018e-03
2.600000000000000000e+01 2.000000000000000000e+00 1.900000000000000000e+01 0.000000000000000000e+00 1.600000000000000089e+00 2.338999999999999933e-03 1.097000000000000102e-03 -9.999970000000000248e-01 1.901229999999999865e-01 -9.817599999999999660e-01 -6.329999999999999906e-04 -9.817580000000000195e-01 -1.901210000000000122e-01 -2.504000000000000149e-03
2.000000000000000000e+00 1.300000000000000000e+01 2.000000000000000000e+01 0.000000000000000000e+00 1.600000000000000089e+00 1.567000000000000033e-03 7.974000000000000185e-03 9.999670000000000503e-01 2.615839999999999832e-01 9.651469999999999771e-01 -8.106000000000000358e-03 -9.651800000000000379e-01 2.615879999999999872e-01 -5.730000000000000501e-04
7.000000000000000000e+00 1.300000000000000000e+01 2.000000000000000000e+01 0.000000000000000000e+00 1.600000000000000089e+00 -8.030000000000000028e-04 3.697999999999999898e-03 9.999930000000000208e-01 2.631160000000000165e-01 9.647580000000000044e-01 -3.356000000000000042e-03 -9.647639999999999549e-01 2.631120000000000125e-01 -1.747999999999999988e-03
1.400000000000000000e+01 1.300000000000000000e+01 2.000000000000000000e+01 0.000000000000000000e+00 1.600000000000000089e+00 -1.269999999999999970e-04 -2.988000000000000204e-03 9.999949999999999672e-01 2.600390000000000201e-01 9.655939999999999523e-01 2.919000000000000154e-03 -9.655979999999999563e-01 2.600379999999999914e-01 6.539999999999999590e-04
2.000000000000000000e+01 1.300000000000000000e+01 2.000000000000000000e+01 0.000000000000000000e+00 1.600000000000000089e+00 -5.419999999999999471e-04 -3.527999999999999886e-03 9.999940000000000495e-01 2.609239999999999893e-01 9.653530000000000166e-01 3.546999999999999806e-03 -9.653589999999999671e-01 2.609239999999999893e-01 3.970000000000000005e-04
2.200000000000000000e+01 1.300000000000000000e+01 2.000000000000000000e+01 0.000000000000000000e+00 1.600000000000000089e+00 2.220000000000000022e-04 -1.098999999999999934e-03 9.999989999999999712e-01 2.608210000000000250e-01 9.653869999999999951e-01 1.002999999999999985e-03 -9.653869999999999951e-01 2.608210000000000250e-01 5.010000000000000347e-04
2.700000000000000000e+01 1.300000000000000000e+01 2.000000000000000000e+01 0.000000000000000000e+00 1.600000000000000089e+00 1.179999999999999951e-04 9.169999999999999549e-04 1.000000000000000000e+00 2.593520000000000270e-01 9.657820000000000293e-01 -9.169999999999999549e-04 -9.657829999999999471e-01 2.593520000000000270e-01 -1.240000000000000054e-04
3.000000000000000000e+01 1.300000000000000000e+01 2.000000000000000000e+01 0.000000000000000000e+00 1.600000000000000089e+00 2.460000000000000164e-04 9.959999999999999236e-04 1.000000000000000000e+00 2.585870000000000113e-01 9.659870000000000401e-01 -1.026000000000000002e-03 -9.659879999999999578e-01 2.585870000000000113e-01 -2.000000000000000164e-05
8.000000000000000000e+00 3.000000000000000000e+00 2.500000000000000000e+01 0.000000000000000000e+00 1.600000000000000089e+00 2.906000000000000163e-03 -2.460000000000000164e-04 9.999959999999999960e-01 -4.537100000000000161e-02 -9.989700000000000246e-01 -1.140000000000000063e-04 9.989660000000000206e-01 -4.537100000000000161e-02 -2.913999999999999924e-03
1.100000000000000000e+01 3.000000000000000000e+00 2.500000000000000000e+01 0.000000000000000000e+00 1.600000000000000089e+00 3.163000000000000013e-03 -2.829999999999999942e-04 9.999949999999999672e-01 -4.896500000000000158e-02 -9.988010000000000499e-01 -1.279999999999999942e-04 9.987960000000000171e-01 -4.896400000000000058e-02 -3.173000000000000039e-03
1.500000000000000000e+01 3.000000000000000000e+00 2.500000000000000000e+01 0.000000000000000000e+00 1.600000000000000089e+00 4.490000000000000176e-04 -4.243000000000000244e-03 9.999909999999999632e-01 -5.465300000000000019e-02 -9.984969999999999679e-01 -4.211999999999999598e-03 9.985049999999999759e-01 -5.465099999999999819e-02 -6.809999999999999647e-04
1.900000000000000000e+01 3.000000000000000000e+00 2.500000000000000000e+01 0.000000000000000000e+00 1.600000000000000089e+00 -8.850000000000000444e-04 2.639999999999999986e-03 9.999959999999999960e-01 -5.757999999999999924e-02 -9.983379999999999477e-01 2.583999999999999925e-03 9.983400000000000052e-01 -5.757700000000000318e-02 1.034999999999999896e-03
2.400000000000000000e+01 3.000000000000000000e+00 2.500000000000000000e+01 0.000000000000000000e+00 1.600000000000000089e+00 1.064999999999999974e-03 5.468999999999999903e-03 9.999850000000000128e-01 -5.862099999999999950e-02 -9.982649999999999579e-01 5.521999999999999999e-03 9.982799999999999452e-01 -5.862599999999999756e-02 -7.420000000000000380e-04
4.000000000000000000e+00 4.600000000000000000e+01 2.700000000000000000e+01 0.000000000000000000e+00 1.600000000000000089e+00 -8.769999999999999584e-04 2.158999999999999895e-03 -9.999970000000000248e-01 6.817720000000000447e-01 7.315639999999999921e-01 9.810000000000001011e-04 7.315650000000000208e-01 -6.817689999999999584e-01 -2.113999999999999994e-03
9.000000000000000000e+00 4.600000000000000000e+01 2.700000000000000000e+01 0.000000000000000000e+00 1.600000000000000089e+00 -1.240000000000000054e-04 -8.379999999999999862e-04 -1.000000000000000000e+00 6.795170000000000377e-01 7.336589999999999501e-01 -6.989999999999999686e-04 7.336599999999999788e-01 -6.795170000000000377e-01 4.780000000000000178e-04
1.900000000000000000e+01 4.600000000000000000e+01 2.700000000000000000e+01 0.000000000000000000e+00 1.600000000000000089e+00 -4.369999999999999970e-04 -5.100000000000000366e-04 -1.000000000000000000e+00 6.787549999999999972e-01 7.343640000000000168e-01 -6.710000000000000469e-04 7.343640000000000168e-01 -6.787560000000000260e-01 2.500000000000000120e-05
2.300000000000000000e+01 4.600000000000000000e+01 2.700000000000000000e+01 0.000000000000000000e+00 1.600000000000000089e+00 8.310000000000000329e-04 4.000000000000000327e-05 -1.000000000000000000e+00 6.782040000000000290e-01 7.348740000000000272e-01 5.929999999999999941e-04 7.348729999999999984e-01 -6.782040000000000290e-01 5.839999999999999922e-04
2.800000000000000000e+01 4.600000000000000000e+01 2.700000000000000000e+01 0.000000000000000000e+00 1.600000000000000089e+00 1.670999999999999959e-03 -1.440000000000000091e-03 -9.999980000000000535e-01 6.775259999999999616e-01 7.354990000000000139e-01 7.299999999999999903e-05 7.354969999999999564e-01 -6.775240000000000151e-01 2.203999999999999796e-03
4.000000000000000000e+00 4.600000000000000000e+01 3.000000000000000000e+01 0.000000000000000000e+00 1.600000000000000089e+00 -1.010000000000000047e-03 -5.990000000000000316e-04 -9.999989999999999712e-01 3.317910000000000026e-01 9.433529999999999971e-01 -8.999999999999999754e-04 9.433529999999999971e-01 -3.317910000000000026e-01 -7.540000000000000044e-04
1.300000000000000000e+01 4.600000000000000000e+01 3.000000000000000000e+01 0.000000000000000000e+00 1.600000000000000089e+00 1.320000000000000101e-04 -9.399999999999999719e-04 -1.000000000000000000e+00 3.317330000000000001e-01 9.433730000000000171e-01 -8.419999999999999750e-04 9.433730000000000171e-01 -3.317330000000000001e-01 4.360000000000000269e-04
4.000000000000000000e+00 5.800000000000000000e+01 3.100000000000000000e+01 0.000000000000000000e+00 1.600000000000000089e+00 1.110000000000000092e-03 2.364999999999999915e-03 9.999970000000000248e-01 -8.132030000000000092e-01 -5.819750000000000201e-01 2.279000000000000210e-03 5.819790000000000241e-01 -8.132030000000000092e-01 1.276999999999999923e-03
8.000000000000000000e+00 5.800000000000000000e+01 3.100000000000000000e+01 0.000000000000000000e+00 1.600000000000000089e+00 4.200000000000000174e-04 -5.407999999999999613e-03 9.999850000000000128e-01 -8.119110000000000493e-01 -5.837740000000000151e-01 -2.815999999999999927e-03 5.837809999999999944e-01 -8.118980000000000086e-01 -4.636000000000000364e-03
1.300000000000000000e+01 5.800000000000000000e+01 3.100000000000000000e+01 0.000000000000000000e+00 1.600000000000000089e+00 -2.526000000000000034e-03 -1.170000000000000033e-03 9.999959999999999960e-01 -8.092510000000000536e-01 -5.874559999999999782e-01 -2.732000000000000053e-03 5.874570000000000070e-01 -8.092549999999999466e-01 5.379999999999999583e-04
1.700000000000000000e+01 5.800000000000000000e+01 3.100000000000000000e+01 0.000000000000000000e+00 1.600000000000000089e+00 -2.638000000000000154e-03 -8.289999999999999843e-04 9.999959999999999960e-01 -8.102209999999999690e-01 -5.861189999999999456e-01 -2.622999999999999898e-03 5.861189999999999456e-01 -8.102249999999999730e-01 8.739999999999999939e-04
2.100000000000000000e+01 5.800000000000000000e+01 3.100000000000000000e+01 0.000000000000000000e+00 1.600000000000000089e+00 6.390000000000000280e-04 -3.037999999999999902e-03 9.999949999999999672e-01 -8.102179999999999938e-01 -5.861269999999999536e-01 -1.263000000000000017e-03 5.861279999999999824e-01 -8.102139999999999898e-01 -2.835999999999999979e-03
2.500000000000000000e+01 5.800000000000000000e+01 3.100000000000000000e+01 0.000000000000000000e+00 1.600000000000000089e+00 -1.868000000000000086e-03 -2.939999999999999905e-04 9.999980000000000535e-01 -8.094099999999999628e-01 -5.872410000000000130e-01 -1.685000000000000083e-03 5.872399999999999842e-01 -8.094120000000000203e-01 8.589999999999999546e-04
9.000000000000000000e+00 6.000000000000000000e+00 3.200000000000000000e+01 0.000000000000000000e+00 1.600000000000000089e+00 -1.689999999999999879e-04 -4.591999999999999728e-03 -9.999890000000000168e-01 1.000410000000000049e-01 9.949729999999999963e-01 -4.585999999999999799e-03 9.949829999999999508e-01 -1.000400000000000039e-01 2.910000000000000260e-04
4.000000000000000000e+00 5.900000000000000000e+01 3.200000000000000000e+01 0.000000000000000000e+00 1.600000000000000089e+00 1.544000000000000017e-03 3.422999999999999828e-03 9.999930000000000208e-01 -7.235300000000000065e-01 -6.902840000000000087e-01 3.480000000000000020e-03 6.902909999999999879e-01 -7.235310000000000352e-01 1.410999999999999928e-03
1.000000000000000000e+00 4.600000000000000000e+01 3.500000000000000000e+01 0.000000000000000000e+00 1.600000000000000089e+00 3.054999999999999990e-03 -9.340000000000000429e-04 -9.999949999999999672e-01 3.911080000000000112e-01 -9.203430000000000222e-01 2.054999999999999969e-03 -9.203400000000000469e-01 -3.911120000000000152e-01 -2.445999999999999824e-03
6.000000000000000000e+00 4.600000000000000000e+01 3.500000000000000000e+01 0.000000000000000000e+00 1.600000000000000089e+00 -7.460000000000000268e-04 3.249999999999999851e-03 -9.999940000000000495e-01 3.903690000000000215e-01 -9.206530000000000546e-01 -3.284000000000000027e-03 -9.206579999999999764e-01 -3.903690000000000215e-01 -5.820000000000000520e-04
1.400000000000000000e+01 4.600000000000000000e+01 3.500000000000000000e+01 0.000000000000000000e+00 1.600000000000000089e+00 -4.870000000000000197e-04 -2.455000000000000151e-03 -9.999970000000000248e-01 3.902470000000000105e-01 -9.207079999999999709e-01 2.069999999999999792e-03 -9.207100000000000284e-01 -3.902450000000000085e-01 1.405999999999999915e-03
2.000000000000000000e+01 4.600000000000000000e+01 3.500000000000000000e+01 0.000000000000000000e+00 1.600000000000000089e+00 1.369999999999999961e-04 1.958000000000000105e-03 -9.999980000000000535e-01 3.922539999999999916e-01 -9.198549999999999782e-01 -1.747999999999999988e-03 -9.198570000000000357e-01 -3.922530000000000183e-01 -8.940000000000000464e-04
2.600000000000000000e+01 4.600000000000000000e+01 3.500000000000000000e+01 0.000000000000000000e+00 1.600000000000000089e+00 -4.879999999999999898e-04 -6.669999999999999497e-04 -1.000000000000000000e+00 3.919869999999999743e-01 -9.199709999999999832e-01 4.220000000000000118e-04 -9.199709999999999832e-01 -3.919869999999999743e-01 7.110000000000000434e-04
2.100000000000000000e+01 9.500000000000000000e+01 3.600000000000000000e+01 0.000000000000000000e+00 1.600000000000000089e+00 -8.109999999999999154e-03 -1.446999999999999936e-03 9.999660000000000215e-01 9.970750000000000446e-01 7.599499999999999311e-02 8.196999999999999426e-03 -7.600400000000000211e-02 9.971069999999999656e-01 8.260000000000000198e-04
2.700000000000000000e+01 9.500000000000000000e+01 3.600000000000000000e+01 0.000000000000000000e+00 1.600000000000000089e+00 1.698999999999999989e-03 -2.337900000000000048e-02 9.997249999999999748e-01 9.969740000000000268e-01 7.773199999999999554e-02 1.230000000000000082e-04 -7.771400000000000530e-02 9.967000000000000304e-01 2.343999999999999903e-02
3.000000000000000000e+00 2.900000000000000000e+01 4.400000000000000000e+01 0.000000000000000000e+00 1.600000000000000089e+00 -1.033999999999999980e-03 2.773999999999999990e-03 -9.999959999999999960e-01 6.660260000000000069e-01 7.459280000000000355e-01 1.379999999999999933e-03 7.459280000000000355e-01 -6.660209999999999742e-01 -2.618999999999999800e-03
1.400000000000000000e+01 2.900000000000000000e+01 4.400000000000000000e+01 0.000000000000000000e+00 1.600000000000000089e+00 -2.629999999999999959e-04 -3.950000000000000061e-04 -1.000000000000000000e+00 6.678290000000000060e-01 7.443149999999999489e-01 -4.699999999999999859e-04 7.443149999999999489e-01 -6.678290000000000060e-01 6.799999999999999946e-05
2.000000000000000000e+01 2.900000000000000000e+01 4.400000000000000000e+01 0.000000000000000000e+00 1.600000000000000089e+00 2.484999999999999796e-03 -2.753999999999999938e-03 -9.999930000000000208e-01 6.752820000000000489e-01 7.375589999999999646e-01 -3.530000000000000152e-04 7.375549999999999606e-01 -6.752770000000000161e-01 3.693000000000000102e-03
2.300000000000000000e+01 2.900000000000000000e+01 4.400000000000000000e+01 0.000000000000000000e+00 1.600000000000000089e+00 1.248999999999999893e-03 -3.926999999999999935e-03 -9.999919999999999920e-01 6.719039999999999457e-01 7.406350000000000433e-01 -2.069000000000000093e-03 7.406369999999999898e-01 -6.718960000000000488e-01 3.563000000000000195e-03
2.900000000000000000e+01 2.900000000000000000e+01 4.400000000000000000e+01 0.000000000000000000e+00 1.600000000000000089e+00 -1.600000000000000077e-03 -3.661000000000000192e-03 -9.999919999999999920e-01 6.656649999999999512e-01 7.462410000000000432e-01 -3.797000000000000028e-03 7.462490000000000512e-01 -6.656659999999999799e-01 1.242999999999999964e-03
2.000000000000000000e+00 5.000000000000000000e+00 5.100000000000000000e+01 0.000000000000000000e+00 1.600000000000000089e+00 1.500000000000000038e-05 9.049999999999999885e-04 -1.000000000000000000e+00 4.835929999999999951e-01 -8.752929999999999877e-01 -7.849999999999999990e-04 -8.752929999999999877e-01 -4.835920000000000218e-01 -4.510000000000000120e-04
7.000000000000000000e+00 5.000000000000000000e+00 5.100000000000000000e+01 0.000000000000000000e+00 1.600000000000000089e+00 -4.169999999999999987e-04 -2.290000000000000098e-04 -1.000000000000000000e+00 4.860780000000000101e-01 -8.739149999999999974e-01 -1.999999999999999909e-06 -8.739149999999999974e-01 -4.860780000000000101e-01 4.760000000000000234e-04
1.700000000000000000e+01 5.000000000000000000e+00 5.100000000000000000e+01 0.000000000000000000e+00 1.600000000000000089e+00 -1.108999999999999960e-03 -2.533999999999999794e-03 -9.999959999999999960e-01 4.835820000000000118e-01 -8.752980000000000205e-01 1.681999999999999901e-03 -8.752990000000000492e-01 -4.835780000000000078e-01 2.196000000000000035e-03
2.500000000000000000e+01 5.000000000000000000e+00 5.100000000000000000e+01 0.000000000000000000e+00 1.600000000000000089e+00 5.580000000000000107e-04 1.201000000000000028e-03 -9.999989999999999712e-01 4.865430000000000033e-01 -8.736559999999999881e-01 -7.780000000000000457e-04 -8.736559999999999881e-01 -4.865419999999999745e-01 -1.072000000000000036e-03
1.000000000000000000e+01 6.000000000000000000e+00 5.100000000000000000e+01 0.000000000000000000e+00 1.600000000000000089e+00 5.609999999999999752e-04 -2.719999999999999979e-04 -1.000000000000000000e+00 3.198500000000000232e-01 -9.474679999999999769e-01 4.369999999999999970e-04 -9.474679999999999769e-01 -3.198500000000000232e-01 -4.449999999999999746e-04
1.200000000000000000e+01 1.600000000000000000e+01 5.200000000000000000e+01 0.000000000000000000e+00 1.600000000000000089e+00 -1.640799999999999897e-02 -1.592700000000000018e-02 -9.997380000000000155e-01 7.812700000000000200e-01 6.237780000000000546e-01 -2.276099999999999998e-02 6.239770000000000039e-01 -7.814389999999999947e-01 2.207999999999999893e-03
1.400000000000000000e+01 1.600000000000000000e+01 5.200000000000000000e+01 0.000000000000000000e+00 1.600000000000000089e+00 -1.545799999999999952e-02 -2.322899999999999965e-02 -9.996110000000000273e-01 7.902949999999999697e-01 6.121560000000000334e-01 -2.644699999999999829e-02 6.125319999999999654e-01 -7.903959999999999875e-01 8.895000000000000129e-03
2.000000000000000000e+00 6.300000000000000000e+01 5.400000000000000000e+01 0.000000000000000000e+00 1.600000000000000089e+00 -1.897999999999999948e-03 8.499999999999999526e-04 9.999980000000000535e-01 -3.569979999999999820e-01 9.341040000000000454e-01 -1.471000000000000085e-03 -9.341030000000000166e-01 -3.569999999999999840e-01 -1.469000000000000037e-03
1.300000000000000000e+01 6.300000000000000000e+01 5.400000000000000000e+01 0.000000000000000000e+00 1.600000000000000089e+00 -4.949999999999999973e-04 -1.778000000000000067e-03 9.999980000000000535e-01 -3.475880000000000081e-01 9.376459999999999795e-01 1.495000000000000018e-03 -9.376470000000000082e-01 -3.475860000000000061e-01 -1.082000000000000062e-03
1.800000000000000000e+01 6.300000000000000000e+01 5.400000000000000000e+01 0.000000000000000000e+00 1.600000000000000089e+00 1.123000000000000083e-03 -4.510000000000000120e-04 9.999989999999999712e-01 -3.416620000000000212e-01 9.398229999999999640e-01 8.080000000000000160e-04 -9.398220000000000462e-01 -3.416620000000000212e-01 9.009999999999999997e-04
2.300000000000000000e+01 6.300000000000000000e+01 5.400000000000000000e+01 0.000000000000000000e+00 1.600000000000000089e+00 2.420000000000000005e-04 4.699999999999999859e-04 1.000000000000000000e+00 -3.456790000000000140e-01 9.383529999999999927e-01 -3.570000000000000040e-04 -9.383529999999999927e-01 -3.456790000000000140e-01 3.890000000000000228e-04
2.800000000000000000e+01 6.300000000000000000e+01 5.400000000000000000e+01 0.000000000000000000e+00 1.600000000000000089e+00 7.349999999999999763e-04 6.669999999999999497e-04 1.000000000000000000e+00 -3.501270000000000215e-01 9.367020000000000346e-01 -3.669999999999999760e-04 -9.367020000000000346e-01 -3.501259999999999928e-01 9.219999999999999680e-04
5.000000000000000000e+00 2.500000000000000000e+01 5.500000000000000000e+01 0.000000000000000000e+00 1.600000000000000089e+00 1.534999999999999906e-03 2.739999999999999814e-03 -9.999949999999999672e-01 -1.207800000000000019e-02 -9.999230000000000063e-01 -2.758000000000000035e-03 -9.999259999999999815e-01 1.208200000000000073e-02 -1.502000000000000080e-03
2.100000000000000000e+01 2.500000000000000000e+01 5.500000000000000000e+01 0.000000000000000000e+00 1.600000000000000089e+00 1.240999999999999916e-03 2.066999999999999827e-03 -9.999970000000000248e-01 -8.661000000000000296e-03 -9.999599999999999600e-01 -2.077999999999999986e-03 -9.999620000000000175e-01 8.663999999999999826e-03 -1.222999999999999912e-03
1.900000000000000000e+01 6.800000000000000000e+01 5.700000000000000000e+01 0.000000000000000000e+00 1.600000000000000089e+00 6.040000000000000447e-04 3.627000000000000016e-03 -9.999930000000000208e-01 -2.426560000000000106e-01 -9.701060000000000239e-01 -3.664999999999999855e-03 -9.701119999999999743e-01 2.426560000000000106e-01 2.939999999999999905e-04
2.500000000000000000e+01 2.000000000000000000e+01 6.000000000000000000e+01 0.000000000000000000e+00 1.600000000000000089e+00 8.642999999999999641e-03 -1.773800000000000029e-02 9.998050000000000548e-01 -6.174199999999999827e-02 9.979249999999999510e-01 1.823899999999999827e-02 -9.980550000000000255e-01 -6.188799999999999857e-02 7.530000000000000235e-03
7.000000000000000000e+00 2.100000000000000000e+01 6.000000000000000000e+01 0.000000000000000000e+00 1.600000000000000089e+00 -8.429999999999999993e-04 -1.296999999999999976e-03 9.999989999999999712e-01 -9.781399999999999817e-02 9.952039999999999775e-01 1.209000000000000005e-03 -9.952039999999999775e-01 -9.781299999999999717e-02 -9.659999999999999533e-04
1.200000000000000000e+01 2.100000000000000000e+01 6.000000000000000000e+01 0.000000000000000000e+00 1.600000000000000089e+00 -2.935000000000000109e-03 -2.073999999999999889e-03 9.999940000000000495e-01 -9.673099999999999754e-02 9.953089999999999993e-01 1.781000000000000031e-03 -9.953060000000000240e-01 -9.672500000000000542e-02 -3.122000000000000209e-03
1.700000000000000000e+01 6.000000000000000000e+00 6.100000000000000000e+01 0.000000000000000000e+00 1.600000000000000089e+00 2.877999999999999916e-03 -6.568000000000000053e-03 9.999740000000000295e-01 5.688739999999999908e-01 -8.223949999999999871e-01 -7.039000000000000118e-03 8.224200000000000399e-01 5.688790000000000235e-01 1.368999999999999991e-03
5.000000000000000000e+00 3.000000000000000000e+00 6.300000000000000000e+01 0.000000000000000000e+00 1.600000000000000089e+00 -4.249999999999999763e-04 1.843000000000000020e-03 9.999980000000000535e-01 -6.148329999999999629e-01 7.886560000000000237e-01 -1.714999999999999945e-03 -7.886570000000000524e-01 -6.148320000000000451e-01 7.979999999999999897e-04
2.500000000000000000e+01 3.000000000000000000e+00 6.300000000000000000e+01 0.000000000000000000e+00 1.600000000000000089e+00 1.258999999999999920e-03 -2.458000000000000115e-03 9.999959999999999960e-01 -6.162969999999999837e-01 7.875090000000000146e-01 2.712000000000000001e-03 -7.875130000000000186e-01 -6.162980000000000125e-01 -5.240000000000000517e-04
2.000000000000000000e+00 2.700000000000000000e+01 6.300000000000000000e+01 0.000000000000000000e+00 1.600000000000000089e+00 -4.429999999999999802e-04 -2.830000000000000050e-03 9.999959999999999960e-01 -2.695009999999999906e-01 9.629969999999999919e-01 2.605999999999999810e-03 -9.629999999999999671e-01 -2.694989999999999886e-01 -1.188999999999999953e-03
7.000000000000000000e+00 2.700000000000000000e+01 6.300000000000000000e+01 0.000000000000000000e+00 1.600000000000000089e+00 -1.172999999999999998e-03 5.119999999999999768e-04 9.999989999999999712e-01 -2.701189999999999980e-01 9.628269999999999884e-01 -8.090000000000000403e-04 -9.628259999999999597e-01 -2.701189999999999980e-01 -9.909999999999999105e-04
1.200000000000000000e+01 2.700000000000000000e+01 6.300000000000000000e+01 0.000000000000000000e+00 1.600000000000000089e+00 -2.478000000000000168e-03 -4.185000000000000352e-03 9.999879999999999880e-01 -2.708740000000000037e-01 9.626090000000000479e-01 3.357000000000000175e-03 -9.626120000000000232e-01 -2.708619999999999917e-01 -3.517999999999999860e-03
1.600000000000000000e+01 2.700000000000000000e+01 6.300000000000000000e+01 0.000000000000000000e+00 1.600000000000000089e+00 -3.229999999999999907e-04 -5.869999999999999567e-04 1.000000000000000000e+00 -2.737169999999999881e-01 9.618100000000000538e-01 4.769999999999999934e-04 -9.618100000000000538e-01 -2.737169999999999881e-01 -4.719999999999999803e-04
2.200000000000000000e+01 2.700000000000000000e+01 6.300000000000000000e+01 0.000000000000000000e+00 1.600000000000000089e+00 -3.770000000000000022e-04 7.089999999999999948e-03 9.999749999999999472e-01 -2.704239999999999977e-01 9.627170000000000449e-01 -6.928000000000000130e-03 -9.627409999999999579e-01 -2.704190000000000205e-01 1.554000000000000043e-03
2.900000000000000000e+01 2.700000000000000000e+01 6.300000000000000000e+01 0.000000000000000000e+00 1.600000000000000089e+00 3.481999999999999852e-03 1.283999999999999985e-03 9.999930000000000208e-01 -2.814949999999999952e-01 9.595630000000000548e-01 -2.519999999999999996e-04 -9.595559999999999645e-01 -2.814920000000000200e-01 3.703000000000000128e-03
1.000000000000000000e+00 2.600000000000000000e+01 6.400000000000000000e+01 0.000000000000000000e+00 1.600000000000000089e+00 3.310000000000000225e-04 -3.756999999999999923e-03 9.999930000000000208e-01 -3.533310000000000062e-01 9.354919999999999902e-01 3.631999999999999812e-03 -9.354980000000000517e-01 -3.533290000000000042e-01 -1.018000000000000025e-03
4.000000000000000000e+00 2.600000000000000000e+01 6.400000000000000000e+01 0.000000000000000000e+00 1.600000000000000089e+00 -1.369999999999999961e-04 -2.528999999999999998e-03 9.999970000000000248e-01 -3.541110000000000091e-01 9.352009999999999490e-01 2.317000000000000049e-03 -9.352030000000000065e-01 -3.541090000000000071e-01 -1.023999999999999954e-03
1.200000000000000000e+01 2.600000000000000000e+01 6.400000000000000000e+01 0.000000000000000000e+00 1.600000000000000089e+00 -1.918000000000000000e-03 -3.400999999999999943e-03 9.999919999999999920e-01 -3.549990000000000090e-01 9.348629999999999995e-01 2.497999999999999787e-03 -9.348649999999999460e-01 -3.549910000000000010e-01 -3.000000000000000062e-03
1.700000000000000000e+01 2.600000000000000000e+01 6.400000000000000000e+01 0.000000000000000000e+00 1.600000000000000089e+00 3.750000000000000078e-04 1.003999999999999901e-03 9.999989999999999712e-01 -3.573549999999999782e-01 9.339680000000000204e-01 -8.040000000000000271e-04 -9.339690000000000492e-01 -3.573540000000000050e-01 7.089999999999999948e-04
2.100000000000000000e+01 2.600000000000000000e+01 6.400000000000000000e+01 0.000000000000000000e+00 1.600000000000000089e+00 -8.180000000000000422e-04 6.963999999999999704e-03 9.999749999999999472e-01 -3.533430000000000182e-01 9.354689999999999950e-01 -6.804000000000000152e-03 -9.354940000000000477e-01 -3.533390000000000142e-01 1.694999999999999892e-03
2.900000000000000000e+01 2.600000000000000000e+01 6.400000000000000000e+01 0.000000000000000000e+00 1.600000000000000089e+00 6.426000000000000288e-03 5.740999999999999576e-03 9.999630000000000463e-01 -3.660439999999999805e-01 9.305930000000000035e-01 -2.990000000000000036e-03 -9.305750000000000410e-01 -3.660120000000000040e-01 8.082000000000000642e-03
6.000000000000000000e+00 6.900000000000000000e+01 6.600000000000000000e+01 0.000000000000000000e+00 1.600000000000000089e+00 -1.247000000000000062e-03 5.710000000000000015e-04 9.999989999999999712e-01 -9.508870000000000378e-01 3.095370000000000066e-01 -1.361999999999999929e-03 -3.095370000000000066e-01 -9.508870000000000378e-01 1.569999999999999944e-04
3.000000000000000000e+00 2.500000000000000000e+01 7.300000000000000000e+01 0.000000000000000000e+00 1.600000000000000089e+00 -1.330999999999999935e-03 -4.060000000000000241e-03 9.999909999999999632e-01 7.352790000000000159e-01 -6.777619999999999756e-01 -1.773000000000000053e-03 6.777630000000000043e-01 7.352699999999999791e-01 3.886999999999999830e-03
1.100000000000000000e+01 2.500000000000000000e+01 7.300000000000000000e+01 0.000000000000000000e+00 1.600000000000000089e+00 -1.304999999999999953e-03 3.853999999999999787e-03 9.999919999999999920e-01 7.426899999999999613e-01 -6.696260000000000545e-01 3.550000000000000204e-03 6.696339999999999515e-01 7.426880000000000148e-01 -1.988999999999999883e-03
