1.600000000000000000e+01 2.500000000000000000e+01 1.000000000000000000e+00 0.000000000000000000e+00 1.600000000000000089e+00 3.591000000000000008e-03 3.348999999999999980e-03 -9.999879999999999880e-01 -5.434870000000000534e-01 -8.394040000000000390e-01 -4.762999999999999873e-03 -8.394099999999999895e-01 5.434970000000000079e-01 -1.193999999999999966e-03
1.200000000000000000e+01 1.500000000000000000e+01 4.000000000000000000e+00 0.000000000000000000e+00 1.600000000000000089e+00 -8.689999999999999808e-04 3.599000000000000202e-03 9.999930000000000208e-01 2.862569999999999837e-01 -9.581460000000000532e-01 3.697000000000000199e-03 9.581530000000000324e-01 2.862580000000000124e-01 -1.969999999999999909e-04
2.400000000000000000e+01 1.500000000000000000e+01 4.000000000000000000e+00 0.000000000000000000e+00 1.600000000000000089e+00 2.194999999999999903e-03 4.764000000000000005e-03 9.999860000000000415e-01 2.903249999999999997e-01 -9.569199999999999928e-01 3.922000000000000139e-03 9.569260000000000543e-01 2.903120000000000145e-01 -3.484000000000000118e-03
9.000000000000000000e+00 1.600000000000000000e+01 4.000000000000000000e+00 0.000000000000000000e+00 1.600000000000000089e+00 -5.045000000000000005e-03 -7.889999999999999878e-04 9.999869999999999592e-01 3.550949999999999940e-01 -9.348300000000000498e-01 1.054000000000000032e-03 9.348170000000000091e-01 3.550960000000000227e-01 4.995999999999999573e-03
1.400000000000000000e+01 1.600000000000000000e+01 4.000000000000000000e+00 0.000000000000000000e+00 1.600000000000000089e+00 -4.840000000000000010e-04 5.616000000000000332e-03 9.999839999999999840e-01 3.520690000000000208e-01 -9.359589999999999854e-01 5.427000000000000400e-03 9.359739999999999727e-01 3.520659999999999901e-01 -1.523999999999999964e-03
1.800000000000000000e+01 1.600000000000000000e+01 4.000000000000000000e+00 0.000000000000000000e+00 1.600000000000000089e+00 -8.059999999999999673e-04 4.466000000000000351e-03 9.999900000000000455e-01 3.529519999999999880e-01 -9.356309999999999905e-01 4.462999999999999953e-03 9.356409999999999449e-01 3.529519999999999880e-01 -8.220000000000000310e-04
2.700000000000000000e+01 1.600000000000000000e+01 4.000000000000000000e+00 0.000000000000000000e+00 1.600000000000000089e+00 6.350000000000000392e-04 1.003599999999999978e-02 9.999489999999999768e-01 3.582179999999999809e-01 -9.335930000000000062e-01 9.142000000000000820e-03 9.336379999999999679e-01 3.581940000000000124e-01 -4.187999999999999882e-03
3.000000000000000000e+00 1.010000000000000000e+02 7.000000000000000000e+00 0.000000000000000000e+00 1.600000000000000089e+00 -1.204999999999999908e-03 -2.256000000000000193e-03 9.999970000000000248e-01 8.831790000000000473e-01 4.690300000000000025e-01 2.122999999999999887e-03 -4.690340000000000065e-01 8.831790000000000473e-01 1.427000000000000100e-03
1.000000000000000000e+01 1.010000000000000000e+02 7.000000000000000000e+00 0.000000000000000000e+00 1.600000000000000089e+00 7.590000000000000175e-04 -8.040000000000000271e-03 9.999670000000000503e-01 8.874410000000000354e-01 4.609110000000000151e-01 3.033000000000000106e-03 -4.609199999999999964e-01 8.874100000000000321e-01 7.485000000000000334e-03
1.500000000000000000e+01 1.010000000000000000e+02 7.000000000000000000e+00 0.000000000000000000e+00 1.600000000000000089e+00 -8.069999999999999916e-04 7.237000000000000377e-03 9.999740000000000295e-01 8.881470000000000198e-01 4.595520000000000160e-01 -2.609000000000000208e-03 -4.595580000000000220e-01 8.881219999999999670e-01 -6.798000000000000223e-03
2.000000000000000000e+01 1.010000000000000000e+02 7.000000000000000000e+00 0.000000000000000000e+00 1.600000000000000089e+00 -2.073999999999999889e-03 -5.165000000000000320e-03 9.999850000000000128e-01 8.890519999999999534e-01 4.577869999999999995e-01 4.209000000000000068e-03 -4.578019999999999867e-01 8.890470000000000317e-01 3.642999999999999971e-03
2.500000000000000000e+01 1.010000000000000000e+02 7.000000000000000000e+00 0.000000000000000000e+00 1.600000000000000089e+00 1.430000000000000064e-03 -7.400999999999999593e-03 9.999719999999999720e-01 8.863309999999999800e-01 4.630469999999999864e-01 2.160000000000000028e-03 -4.630500000000000171e-01 8.863029999999999520e-01 7.222000000000000121e-03
6.000000000000000000e+00 1.500000000000000000e+01 8.000000000000000000e+00 0.000000000000000000e+00 1.600000000000000089e+00 2.857999999999999863e-03 -3.075000000000000042e-03 -9.999909999999999632e-01 -5.874230000000000285e-01 -8.092799999999999994e-01 8.099999999999999561e-04 -8.092749999999999666e-01 5.874150000000000205e-01 -4.119000000000000265e-03
1.200000000000000000e+01 1.500000000000000000e+01 8.000000000000000000e+00 0.000000000000000000e+00 1.600000000000000089e+00 2.583999999999999925e-03 7.147999999999999840e-03 -9.999710000000000543e-01 -5.839480000000000226e-01 -8.117579999999999796e-01 -7.311999999999999923e-03 -8.117870000000000363e-01 5.839499999999999691e-01 2.076999999999999853e-03
1.900000000000000000e+01 1.500000000000000000e+01 8.000000000000000000e+00 0.000000000000000000e+00 1.600000000000000089e+00 1.886000000000000090e-03 2.756999999999999902e-03 -9.999940000000000495e-01 -5.842509999999999648e-01 -8.115660000000000096e-01 -3.338999999999999954e-03 -8.115710000000000424e-01 5.842540000000000511e-01 8.000000000000000654e-05
2.200000000000000000e+01 1.500000000000000000e+01 8.000000000000000000e+00 0.000000000000000000e+00 1.600000000000000089e+00 -5.749999999999999903e-04 1.765000000000000076e-03 -9.999980000000000535e-01 -5.849499999999999700e-01 -8.110680000000000112e-01 -1.095000000000000053e-03 -8.110690000000000399e-01 5.849490000000000522e-01 1.498999999999999898e-03
2.700000000000000000e+01 1.500000000000000000e+01 8.000000000000000000e+00 0.000000000000000000e+00 1.600000000000000089e+00 2.092999999999999809e-03 1.038599999999999940e-02 -9.999440000000000550e-01 -5.856010000000000382e-01 -8.105419999999999847e-01 -9.645000000000000795e-03 -8.105970000000000120e-01 5.855879999999999974e-01 4.385000000000000009e-03
1.300000000000000000e+01 2.600000000000000000e+01 8.000000000000000000e+00 0.000000000000000000e+00 1.600000000000000089e+00 -3.833000000000000036e-03 -1.408099999999999977e-02 -9.998930000000000318e-01 4.076159999999999783e-01 9.130399999999999627e-01 -1.442000000000000053e-02 9.131460000000000132e-01 -4.076279999999999903e-01 2.239999999999999804e-03
1.700000000000000000e+01 2.600000000000000000e+01 8.000000000000000000e+00 0.000000000000000000e+00 1.600000000000000089e+00 -2.164000000000000125e-03 -6.991999999999999951e-03 -9.999730000000000008e-01 4.087939999999999907e-01 9.125980000000000203e-01 -7.265999999999999889e-03 9.126239999999999908e-01 -4.087979999999999947e-01 8.829999999999999958e-04
2.300000000000000000e+01 2.600000000000000000e+01 8.000000000000000000e+00 0.000000000000000000e+00 1.600000000000000089e+00 -8.239999999999999712e-04 3.294000000000000053e-03 -9.999940000000000495e-01 4.090550000000000019e-01 9.125060000000000393e-01 2.668999999999999932e-03 9.125090000000000146e-01 -4.090509999999999979e-01 -2.099000000000000171e-03
4.000000000000000000e+00 2.400000000000000000e+01 9.000000000000000000e+00 0.000000000000000000e+00 1.600000000000000089e+00 -1.765000000000000076e-03 5.599999999999999916e-05 -9.999980000000000535e-01 4.595310000000000228e-01 8.881620000000000070e-01 -7.619999999999999820e-04 8.881599999999999495e-01 -4.595310000000000228e-01 -1.593999999999999931e-03
7.000000000000000000e+00 2.400000000000000000e+01 9.000000000000000000e+00 0.000000000000000000e+00 1.600000000000000089e+00 -2.216000000000000088e-03 -3.248000000000000019e-03 -9.999919999999999920e-01 4.594260000000000010e-01 8.882079999999999975e-01 -3.902999999999999785e-03 8.882130000000000303e-01 -4.594309999999999783e-01 -4.760000000000000234e-04
1.200000000000000000e+01 2.400000000000000000e+01 9.000000000000000000e+00 0.000000000000000000e+00 1.600000000000000089e+00 -4.176000000000000024e-03 -1.633000000000000076e-02 -9.998580000000000245e-01 4.590239999999999876e-01 8.882719999999999505e-01 -1.642400000000000110e-02 8.884140000000000370e-01 -4.590270000000000183e-01 3.787000000000000002e-03
1.900000000000000000e+01 2.400000000000000000e+01 9.000000000000000000e+00 0.000000000000000000e+00 1.600000000000000089e+00 -1.855000000000000095e-03 -2.651000000000000145e-03 -9.999949999999999672e-01 4.619779999999999998e-01 8.868859999999999522e-01 -3.207999999999999914e-03 8.868890000000000384e-01 -4.619820000000000038e-01 -4.200000000000000174e-04
2.800000000000000000e+01 2.400000000000000000e+01 9.000000000000000000e+00 0.000000000000000000e+00 1.600000000000000089e+00 -1.142999999999999919e-03 -4.389999999999999914e-04 -9.999989999999999712e-01 4.630730000000000124e-01 8.863199999999999967e-01 -9.179999999999999792e-04 8.863189999999999680e-01 -4.630739999999999856e-01 -8.099999999999999561e-04
1.600000000000000000e+01 3.100000000000000000e+01 1.200000000000000000e+01 0.000000000000000000e+00 1.600000000000000089e+00 -8.400000000000000348e-04 -1.851999999999999914e-03 9.999980000000000535e-01 -2.348700000000000093e-02 9.997219999999999995e-01 1.832000000000000078e-03 -9.997239999999999460e-01 -2.348599999999999993e-02 -8.829999999999999958e-04
2.100000000000000000e+01 3.500000000000000000e+01 1.200000000000000000e+01 0.000000000000000000e+00 1.600000000000000089e+00 1.299999999999999940e-03 -5.224999999999999610e-03 -9.999850000000000128e-01 4.695489999999999942e-01 -8.828909999999999814e-01 5.224000000000000345e-03 -8.829059999999999686e-01 -4.695489999999999942e-01 1.306000000000000086e-03
2.700000000000000000e+01 3.500000000000000000e+01 1.200000000000000000e+01 0.000000000000000000e+00 1.600000000000000089e+00 1.404999999999999999e-03 -6.973000000000000032e-03 -9.999749999999999472e-01 4.469270000000000187e-01 -8.945440000000000058e-01 6.865999999999999708e-03 -8.945689999999999475e-01 -4.469250000000000167e-01 1.858999999999999975e-03
2.400000000000000000e+01 4.000000000000000000e+00 1.300000000000000000e+01 0.000000000000000000e+00 1.600000000000000089e+00 4.400000000000000157e-04 -2.198549999999999949e-01 9.755319999999999547e-01 -1.023600000000000065e-01 9.703990000000000116e-01 2.187439999999999940e-01 -9.947470000000000478e-01 -9.995199999999999918e-02 -2.207699999999999940e-02
9.000000000000000000e+00 3.200000000000000000e+01 1.400000000000000000e+01 0.000000000000000000e+00 1.600000000000000089e+00 -2.416999999999999878e-03 -4.883000000000000188e-03 -9.999850000000000128e-01 1.121739999999999959e-01 9.936749999999999750e-01 -5.122999999999999950e-03 9.936859999999999582e-01 -1.121840000000000059e-01 -1.853999999999999962e-03
6.000000000000000000e+00 1.200000000000000000e+01 1.500000000000000000e+01 0.000000000000000000e+00 1.600000000000000089e+00 2.110000000000000059e-04 -1.657999999999999969e-03 -9.999989999999999712e-01 -4.686460000000000070e-01 -8.833849999999999758e-01 1.366000000000000027e-03 -8.833860000000000046e-01 4.686449999999999783e-01 -9.629999999999999888e-04
1.000000000000000000e+01 1.200000000000000000e+01 1.500000000000000000e+01 0.000000000000000000e+00 1.600000000000000089e+00 3.559999999999999797e-04 -1.459999999999999981e-04 -1.000000000000000000e+00 -4.679220000000000046e-01 -8.837699999999999445e-01 -3.800000000000000209e-05 -8.837699999999999445e-01 4.679220000000000046e-01 -3.820000000000000153e-04
1.700000000000000000e+01 1.200000000000000000e+01 1.500000000000000000e+01 0.000000000000000000e+00 1.600000000000000089e+00 2.712000000000000001e-03 -9.060000000000000128e-04 -9.999959999999999960e-01 -4.677020000000000066e-01 -8.838859999999999495e-01 -4.679999999999999915e-04 -8.838819999999999455e-01 4.677009999999999779e-01 -2.821000000000000157e-03
2.000000000000000000e+01 1.200000000000000000e+01 1.500000000000000000e+01 0.000000000000000000e+00 1.600000000000000089e+00 2.475999999999999902e-03 -4.260000000000000006e-04 -9.999970000000000248e-01 -4.680219999999999936e-01 -8.837169999999999748e-01 -7.829999999999999504e-04 -8.837129999999999708e-01 4.680219999999999936e-01 -2.386999999999999799e-03
2.200000000000000000e+01 1.200000000000000000e+01 1.500000000000000000e+01 0.000000000000000000e+00 1.600000000000000089e+00 1.498999999999999898e-03 -4.299999999999999894e-04 -9.999989999999999712e-01 -4.682509999999999728e-01 -8.835950000000000193e-01 -3.220000000000000206e-04 -8.835939999999999905e-01 4.682509999999999728e-01 -1.526000000000000013e-03
2.900000000000000000e+01 1.200000000000000000e+01 1.500000000000000000e+01 0.000000000000000000e+00 1.600000000000000089e+00 6.920000000000000153e-04 3.661999999999999891e-03 -9.999930000000000208e-01 -4.672419999999999907e-01 -8.841219999999999635e-01 -3.560999999999999929e-03 -8.841290000000000537e-01 4.672410000000000174e-01 1.098999999999999934e-03
6.000000000000000000e+00 1.100000000000000000e+01 1.600000000000000000e+01 0.000000000000000000e+00 1.600000000000000089e+00 -2.049999999999999956e-04 -3.190000000000000019e-04 -1.000000000000000000e+00 -4.208009999999999806e-01 -9.071529999999999871e-01 3.759999999999999779e-04 -9.071529999999999871e-01 4.208009999999999806e-01 5.099999999999999960e-05
1.000000000000000000e+01 1.100000000000000000e+01 1.600000000000000000e+01 0.000000000000000000e+00 1.600000000000000089e+00 9.600000000000000243e-05 4.189999999999999931e-04 -1.000000000000000000e+00 -4.202779999999999849e-01 -9.073949999999999516e-01 -4.200000000000000174e-04 -9.073949999999999516e-01 4.202779999999999849e-01 8.899999999999999491e-05
1.300000000000000000e+01 1.100000000000000000e+01 1.600000000000000000e+01 0.000000000000000000e+00 1.600000000000000089e+00 1.642999999999999929e-03 -1.659999999999999963e-04 -9.999989999999999712e-01 -4.194330000000000003e-01 -9.077859999999999818e-01 -5.379999999999999583e-04 -9.077849999999999531e-01 4.194330000000000003e-01 -1.561000000000000104e-03
1.900000000000000000e+01 1.100000000000000000e+01 1.600000000000000000e+01 0.000000000000000000e+00 1.600000000000000089e+00 2.284000000000000006e-03 5.630000000000000239e-04 -9.999970000000000248e-01 -4.203509999999999747e-01 -9.073600000000000554e-01 -1.471000000000000085e-03 -9.073590000000000266e-01 4.203529999999999767e-01 -1.835999999999999958e-03
3.000000000000000000e+00 1.160000000000000000e+02 1.600000000000000000e+01 0.000000000000000000e+00 1.600000000000000089e+00 9.950000000000000077e-04 9.399999999999999448e-05 1.000000000000000000e+00 7.100330000000000252e-01 7.041680000000000161e-01 -7.730000000000000326e-04 -7.041680000000000161e-01 7.100340000000000540e-01 6.329999999999999906e-04
7.000000000000000000e+00 1.160000000000000000e+02 1.600000000000000000e+01 0.000000000000000000e+00 1.600000000000000089e+00 -1.737999999999999962e-03 -1.902000000000000045e-03 9.999970000000000248e-01 6.964029999999999943e-01 7.176460000000000061e-01 2.575000000000000032e-03 -7.176489999999999814e-01 6.964050000000000518e-01 7.700000000000000139e-05
1.600000000000000000e+01 1.160000000000000000e+02 1.600000000000000000e+01 0.000000000000000000e+00 1.600000000000000089e+00 9.810000000000001011e-04 1.525000000000000097e-03 9.999980000000000535e-01 7.343460000000000543e-01 6.787729999999999597e-01 -1.755999999999999965e-03 -6.787739999999999885e-01 7.343469999999999720e-01 -4.539999999999999765e-04
2.800000000000000000e+01 1.160000000000000000e+02 1.600000000000000000e+01 0.000000000000000000e+00 1.600000000000000089e+00 -3.586999999999999911e-03 -2.729000000000000089e-03 9.999900000000000455e-01 7.022829999999999906e-01 7.118839999999999613e-01 4.460999999999999688e-03 -7.118889999999999940e-01 7.022920000000000273e-01 -6.369999999999999794e-04
5.000000000000000000e+00 2.000000000000000000e+00 1.900000000000000000e+01 0.000000000000000000e+00 1.600000000000000089e+00 -2.216000000000000088e-03 5.331999999999999934e-03 -9.999829999999999552e-01 1.788549999999999862e-01 -9.838590000000000391e-01 -5.642000000000000313e-03 -9.838729999999999976e-01 -1.788639999999999952e-01 1.227000000000000009e-03
9.000000000000000000e+00 2.000000000000000000e+00 1.900000000000000000e+01 0.000000000000000000e+00 1.600000000000000089e+00 -2.907999999999999995e-03 4.341000000000000240e-03 -9.999860000000000415e-01 1.735540000000000138e-01 -9.848130000000000495e-01 -4.780000000000000394e-03 -9.848200000000000287e-01 -1.735659999999999981e-01 2.109999999999999896e-03
1.500000000000000000e+01 2.000000000000000000e+00 1.900000000000000000e+01 0.000000000000000000e+00 1.600000000000000089e+00 -1.959999999999999937e-03 9.190000000000000252e-03 -9.999559999999999560e-01 1.750960000000000016e-01 -9.845070000000000210e-01 -9.391000000000000042e-03 -9.845490000000000075e-01 -1.751070000000000126e-01 3.200000000000000262e-04
2.000000000000000000e+01 2.000000000000000000e+00 1.900000000000000000e+01 0.000000000000000000e+00 1.600000000000000089e+00 -8.633999999999999314e-03 2.396600000000000119e-02 -9.996760000000000090e-01 1.850580000000000003e-01 -9.824060000000000015e-01 -2.514999999999999875e-02 -9.826899999999999524e-01 -1.852149999999999908e-01 4.047000000000000250e-03
3.000000000000000000e+01 2.000000000000000000e+00 1.900000000000000000e+01 0.000000000000000000e+00 1.600000000000000089e+00 -1.397999999999999937e-02 1.453199999999999978e-02 -9.997970000000000468e-01 2.100009999999999932e-01 -9.775509999999999478e-01 -1.714500000000000052e-02 -9.776010000000000533e-01 -2.101979999999999960e-01 1.061400000000000017e-02
4.000000000000000000e+00 4.000000000000000000e+00 2.000000000000000000e+01 0.000000000000000000e+00 1.600000000000000089e+00 -1.974000000000000060e-03 9.740000000000000394e-04 -9.999980000000000535e-01 2.705759999999999832e-01 -9.626980000000000537e-01 -1.472000000000000001e-03 -9.626970000000000249e-01 -2.705779999999999852e-01 1.637000000000000000e-03
8.000000000000000000e+00 4.000000000000000000e+00 2.000000000000000000e+01 0.000000000000000000e+00 1.600000000000000089e+00 -2.958999999999999825e-03 4.669999999999999672e-03 -9.999850000000000128e-01 2.615399999999999947e-01 -9.651779999999999804e-01 -5.281000000000000104e-03 -9.651880000000000459e-01 -2.615509999999999780e-01 1.634999999999999952e-03
1.200000000000000000e+01 4.000000000000000000e+00 2.000000000000000000e+01 0.000000000000000000e+00 1.600000000000000089e+00 5.349999999999999938e-04 1.669999999999999935e-04 -1.000000000000000000e+00 2.533929999999999794e-01 -9.673629999999999729e-01 -2.599999999999999840e-05 -9.673629999999999729e-01 -2.533929999999999794e-01 -5.599999999999999509e-04
2.000000000000000000e+00 1.300000000000000000e+01 2.000000000000000000e+01 0.000000000000000000e+00 1.600000000000000089e+00 1.420000000000000092e-04 -3.049999999999999868e-04 1.000000000000000000e+00 2.530249999999999999e-01 9.674599999999999866e-01 2.590000000000000071e-04 -9.674599999999999866e-01 2.530249999999999999e-01 2.149999999999999947e-04
5.000000000000000000e+00 1.300000000000000000e+01 2.000000000000000000e+01 0.000000000000000000e+00 1.600000000000000089e+00 -1.730000000000000038e-04 -1.420999999999999954e-03 9.999989999999999712e-01 2.520769999999999955e-01 9.677059999999999551e-01 1.418999999999999906e-03 -9.677069999999999839e-01 2.520769999999999955e-01 1.900000000000000105e-04
9.000000000000000000e+00 1.300000000000000000e+01 2.000000000000000000e+01 0.000000000000000000e+00 1.600000000000000089e+00 -2.039999999999999984e-04 -1.837000000000000091e-03 9.999980000000000535e-01 2.531120000000000037e-01 9.674350000000000449e-01 1.828999999999999897e-03 -9.674369999999999914e-01 2.531120000000000037e-01 2.669999999999999847e-04
1.300000000000000000e+01 1.300000000000000000e+01 2.000000000000000000e+01 0.000000000000000000e+00 1.600000000000000089e+00 -2.840000000000000185e-04 -3.118999999999999811e-03 9.999949999999999672e-01 2.536849999999999938e-01 9.672819999999999752e-01 3.089000000000000166e-03 -9.672870000000000079e-01 2.536840000000000206e-01 5.159999999999999656e-04
1.900000000000000000e+01 1.300000000000000000e+01 2.000000000000000000e+01 0.000000000000000000e+00 1.600000000000000089e+00 -6.200000000000000270e-05 -6.093999999999999591e-03 9.999810000000000088e-01 2.506419999999999759e-01 9.680619999999999781e-01 5.915000000000000119e-03 -9.680800000000000516e-01 2.506380000000000274e-01 1.466999999999999988e-03
2.500000000000000000e+01 1.300000000000000000e+01 2.000000000000000000e+01 0.000000000000000000e+00 1.600000000000000089e+00 -6.859999999999999779e-04 -5.309000000000000351e-03 9.999860000000000415e-01 2.478120000000000045e-01 9.687940000000000440e-01 5.314000000000000147e-03 -9.688080000000000025e-01 2.478120000000000045e-01 6.509999999999999945e-04
1.000000000000000000e+00 1.600000000000000000e+01 2.100000000000000000e+01 0.000000000000000000e+00 1.600000000000000089e+00 -1.082000000000000062e-03 4.055999999999999710e-03 9.999909999999999632e-01 2.985749999999999793e-01 9.543789999999999774e-01 -3.547999999999999939e-03 -9.543850000000000389e-01 2.985689999999999733e-01 -2.243999999999999901e-03
1.000000000000000000e+01 1.600000000000000000e+01 2.100000000000000000e+01 0.000000000000000000e+00 1.600000000000000089e+00 4.229999999999999819e-04 6.629999999999999609e-04 1.000000000000000000e+00 3.003520000000000079e-01 9.538280000000000092e-01 -7.590000000000000175e-04 -9.538280000000000092e-01 3.003529999999999811e-01 2.049999999999999956e-04
1.600000000000000000e+01 1.600000000000000000e+01 2.100000000000000000e+01 0.000000000000000000e+00 1.600000000000000089e+00 -4.800000000000000122e-04 -4.015999999999999605e-03 9.999919999999999920e-01 2.993739999999999735e-01 9.541269999999999474e-01 3.976000000000000367e-03 -9.541359999999999841e-01 2.993739999999999735e-01 7.450000000000000025e-04
1.900000000000000000e+01 1.600000000000000000e+01 2.100000000000000000e+01 0.000000000000000000e+00 1.600000000000000089e+00 -6.139999999999999625e-04 -9.192000000000000517e-03 9.999580000000000135e-01 2.994390000000000107e-01 9.540739999999999776e-01 8.954000000000000153e-03 -9.541150000000000464e-01 2.994310000000000027e-01 2.167000000000000089e-03
2.400000000000000000e+01 1.600000000000000000e+01 2.100000000000000000e+01 0.000000000000000000e+00 1.600000000000000089e+00 -1.302999999999999905e-03 -6.526999999999999816e-03 9.999780000000000335e-01 2.989229999999999943e-01 9.542540000000000466e-01 6.617999999999999751e-03 -9.542760000000000131e-01 2.989249999999999963e-01 7.079999999999999705e-04
2.200000000000000000e+01 5.000000000000000000e+01 2.200000000000000000e+01 0.000000000000000000e+00 1.600000000000000089e+00 -3.980000000000000248e-04 -3.200000000000000153e-03 -9.999949999999999672e-01 -5.800149999999999473e-01 8.146020000000000483e-01 -2.376000000000000074e-03 8.146060000000000523e-01 5.800110000000000543e-01 -2.180000000000000080e-03
4.000000000000000000e+00 3.000000000000000000e+00 2.500000000000000000e+01 0.000000000000000000e+00 1.600000000000000089e+00 2.340000000000000066e-03 7.334000000000000241e-03 9.999700000000000255e-01 -2.114500000000000060e-02 -9.997489999999999988e-01 7.381000000000000408e-03 9.997740000000000515e-01 -2.116200000000000025e-02 -2.184000000000000177e-03
3.000000000000000000e+00 4.600000000000000000e+01 2.700000000000000000e+01 0.000000000000000000e+00 1.600000000000000089e+00 2.334000000000000137e-03 7.320000000000000118e-04 -9.999970000000000248e-01 6.610599999999999810e-01 7.503300000000000525e-01 2.092000000000000109e-03 7.503300000000000525e-01 -6.610629999999999562e-01 1.266999999999999897e-03
1.100000000000000000e+01 4.600000000000000000e+01 2.700000000000000000e+01 0.000000000000000000e+00 1.600000000000000089e+00 -1.413999999999999892e-03 -2.709999999999999735e-04 -9.999989999999999712e-01 6.632890000000000175e-01 7.483619999999999717e-01 -1.141000000000000087e-03 7.483619999999999717e-01 -6.632900000000000462e-01 -8.779999999999999827e-04
1.700000000000000000e+01 4.600000000000000000e+01 2.700000000000000000e+01 0.000000000000000000e+00 1.600000000000000089e+00 1.464000000000000024e-03 -2.579999999999999828e-04 -9.999989999999999712e-01 6.589159999999999462e-01 7.522159999999999958e-01 7.709999999999999840e-04 7.522149999999999670e-01 -6.589159999999999462e-01 1.270999999999999994e-03
2.100000000000000000e+01 4.600000000000000000e+01 2.700000000000000000e+01 0.000000000000000000e+00 1.600000000000000089e+00 -1.131999999999999977e-03 -1.041999999999999958e-03 -9.999989999999999712e-01 6.617199999999999749e-01 7.497500000000000275e-01 -1.531000000000000026e-03 7.497500000000000275e-01 -6.617210000000000036e-01 -1.589999999999999888e-04
2.800000000000000000e+01 4.600000000000000000e+01 2.700000000000000000e+01 0.000000000000000000e+00 1.600000000000000089e+00 -1.319999999999999993e-03 -2.200000000000000078e-04 -9.999989999999999712e-01 6.570639999999999814e-01 7.538340000000000041e-01 -1.033000000000000064e-03 7.538329999999999753e-01 -6.570650000000000102e-01 -8.499999999999999526e-04
4.000000000000000000e+00 5.800000000000000000e+01 3.100000000000000000e+01 0.000000000000000000e+00 1.600000000000000089e+00 6.917000000000000405e-03 5.090000000000000123e-04 9.999759999999999760e-01 -7.818249999999999922e-01 -6.234720000000000262e-01 5.725000000000000054e-03 6.234589999999999854e-01 -7.818460000000000409e-01 -3.915000000000000077e-03
1.200000000000000000e+01 5.800000000000000000e+01 3.100000000000000000e+01 0.000000000000000000e+00 1.600000000000000089e+00 1.554999999999999959e-03 3.354000000000000210e-03 9.999930000000000208e-01 -7.760629999999999473e-01 -6.306469999999999576e-01 3.321999999999999866e-03 6.306540000000000479e-01 -7.760629999999999473e-01 1.621999999999999961e-03
1.700000000000000000e+01 5.800000000000000000e+01 3.100000000000000000e+01 0.000000000000000000e+00 1.600000000000000089e+00 2.769000000000000194e-03 5.091000000000000039e-03 9.999829999999999552e-01 -7.699850000000000305e-01 -6.380400000000000515e-01 5.380000000000000233e-03 6.380559999999999565e-01 -7.699869999999999770e-01 2.152999999999999966e-03
2.200000000000000000e+01 5.800000000000000000e+01 3.100000000000000000e+01 0.000000000000000000e+00 1.600000000000000089e+00 1.492999999999999969e-03 2.294000000000000032e-03 9.999959999999999960e-01 -7.672900000000000276e-01 -6.412949999999999484e-01 2.616999999999999969e-03 6.412980000000000347e-01 -7.672909999999999453e-01 8.030000000000000028e-04
2.500000000000000000e+01 5.800000000000000000e+01 3.100000000000000000e+01 0.000000000000000000e+00 1.600000000000000089e+00 9.990000000000001049e-04 9.200000000000000278e-04 9.999989999999999712e-01 -7.633349999999999858e-01 -6.460010000000000474e-01 1.356999999999999916e-03 6.460019999999999651e-01 -7.633360000000000145e-01 5.700000000000000314e-05
4.000000000000000000e+00 6.000000000000000000e+00 3.200000000000000000e+01 0.000000000000000000e+00 1.600000000000000089e+00 1.840000000000000001e-04 -5.760999999999999628e-03 -9.999829999999999552e-01 1.524069999999999869e-01 9.883020000000000138e-01 -5.664999999999999897e-03 9.883180000000000298e-01 -1.524030000000000107e-01 1.059999999999999961e-03
2.000000000000000000e+00 4.600000000000000000e+01 3.500000000000000000e+01 0.000000000000000000e+00 1.600000000000000089e+00 7.789999999999999616e-04 2.445000000000000125e-03 -9.999970000000000248e-01 3.853989999999999916e-01 -9.227480000000000127e-01 -1.955999999999999839e-03 -9.227499999999999591e-01 -3.853969999999999896e-01 -1.660999999999999933e-03
5.000000000000000000e+00 4.600000000000000000e+01 3.500000000000000000e+01 0.000000000000000000e+00 1.600000000000000089e+00 -1.162000000000000055e-03 -1.673999999999999924e-03 -9.999980000000000535e-01 3.860649999999999915e-01 -9.224710000000000409e-01 1.095999999999999969e-03 -9.224710000000000409e-01 -3.860629999999999895e-01 1.717999999999999909e-03
9.000000000000000000e+00 4.600000000000000000e+01 3.500000000000000000e+01 0.000000000000000000e+00 1.600000000000000089e+00 -1.536000000000000039e-03 3.020000000000000223e-04 -9.999989999999999712e-01 3.858539999999999748e-01 -9.225590000000000179e-01 -8.710000000000000294e-04 -9.225579999999999892e-01 -3.858550000000000035e-01 1.301000000000000073e-03
1.500000000000000000e+01 4.600000000000000000e+01 3.500000000000000000e+01 0.000000000000000000e+00 1.600000000000000089e+00 4.640000000000000027e-04 -3.896000000000000157e-03 -9.999919999999999920e-01 3.865669999999999940e-01 -9.222540000000000182e-01 3.772999999999999878e-03 -9.222609999999999975e-01 -3.865660000000000207e-01 1.077999999999999965e-03
1.900000000000000000e+01 4.600000000000000000e+01 3.500000000000000000e+01 0.000000000000000000e+00 1.600000000000000089e+00 2.950000000000000148e-04 5.860000000000000408e-04 -1.000000000000000000e+00 3.865999999999999992e-01 -9.222470000000000390e-01 -4.270000000000000249e-04 -9.222470000000000390e-01 -3.865999999999999992e-01 -4.989999999999999861e-04
2.800000000000000000e+01 4.600000000000000000e+01 3.500000000000000000e+01 0.000000000000000000e+00 1.600000000000000089e+00 4.200000000000000174e-04 -3.980000000000000248e-04 -1.000000000000000000e+00 3.849960000000000049e-01 -9.229180000000000161e-01 5.289999999999999564e-04 -9.229180000000000161e-01 -3.849960000000000049e-01 -2.349999999999999930e-04
3.000000000000000000e+00 9.500000000000000000e+01 3.600000000000000000e+01 0.000000000000000000e+00 1.600000000000000089e+00 1.982999999999999954e-03 2.335200000000000123e-02 9.997249999999999748e-01 9.966730000000000311e-01 8.141099999999999726e-02 -3.879000000000000069e-03 -8.147899999999999587e-02 9.964070000000000427e-01 -2.311300000000000160e-02
9.000000000000000000e+00 9.500000000000000000e+01 3.600000000000000000e+01 0.000000000000000000e+00 1.600000000000000089e+00 3.996999999999999685e-03 -5.290000000000000431e-03 9.999780000000000335e-01 9.970630000000000326e-01 7.650700000000000556e-02 -3.579999999999999849e-03 -7.648599999999999843e-02 9.970550000000000246e-01 5.579999999999999891e-03
1.800000000000000000e+01 9.500000000000000000e+01 3.600000000000000000e+01 0.000000000000000000e+00 1.600000000000000089e+00 -4.119999999999999856e-04 9.074000000000000468e-03 9.999590000000000423e-01 9.966009999999999591e-01 8.238199999999999690e-02 -3.370000000000000057e-04 -8.238199999999999690e-02 9.965600000000000014e-01 -9.076999999999999999e-03
2.100000000000000000e+01 9.500000000000000000e+01 3.600000000000000000e+01 0.000000000000000000e+00 1.600000000000000089e+00 -9.070000000000000371e-04 1.562799999999999953e-02 9.998770000000000158e-01 9.970379999999999798e-01 7.691599999999999826e-02 -2.970000000000000092e-04 -7.691099999999999326e-02 9.969149999999999956e-01 -1.565100000000000172e-02
9.000000000000000000e+00 3.000000000000000000e+00 4.300000000000000000e+01 0.000000000000000000e+00 1.600000000000000089e+00 8.000000000000000654e-05 1.417599999999999937e-02 -9.999000000000000110e-01 7.397049999999999459e-01 -6.728650000000000464e-01 -9.480000000000000579e-03 -6.729309999999999459e-01 -7.396300000000000097e-01 -1.054000000000000076e-02
2.600000000000000000e+01 3.000000000000000000e+00 4.300000000000000000e+01 0.000000000000000000e+00 1.600000000000000089e+00 -2.930000000000000204e-04 6.323999999999999760e-03 -9.999799999999999800e-01 7.388259999999999827e-01 -6.738809999999999523e-01 -4.478000000000000209e-03 -6.738960000000000505e-01 -7.388130000000000530e-01 -4.474999999999999811e-03
6.000000000000000000e+00 8.000000000000000000e+00 4.400000000000000000e+01 0.000000000000000000e+00 1.600000000000000089e+00 4.065000000000000037e-03 1.476000000000000055e-02 9.998829999999999663e-01 -7.743010000000000170e-01 -6.326939999999999786e-01 1.248699999999999984e-02 6.328049999999999509e-01 -7.742609999999999770e-01 8.857000000000000289e-03
1.300000000000000000e+01 8.000000000000000000e+00 4.400000000000000000e+01 0.000000000000000000e+00 1.600000000000000089e+00 3.510000000000000208e-04 5.654000000000000171e-03 9.999839999999999840e-01 -7.793379999999999752e-01 -6.265920000000000378e-01 3.815999999999999948e-03 6.266040000000000498e-01 -7.793269999999999920e-01 4.185999999999999617e-03
2.000000000000000000e+01 8.000000000000000000e+00 4.400000000000000000e+01 0.000000000000000000e+00 1.600000000000000089e+00 3.499999999999999693e-05 -1.611000000000000019e-03 9.999989999999999712e-01 -7.819920000000000204e-01 -6.232879999999999532e-01 -9.759999999999999796e-04 6.232889999999999819e-01 -7.819909999999999917e-01 -1.281999999999999936e-03
2.400000000000000000e+01 8.000000000000000000e+00 4.400000000000000000e+01 0.000000000000000000e+00 1.600000000000000089e+00 9.890000000000000787e-04 2.203999999999999796e-03 9.999970000000000248e-01 -7.820650000000000102e-01 -6.231929999999999970e-01 2.147000000000000037e-03 6.231959999999999722e-01 -7.820650000000000102e-01 1.106999999999999911e-03
2.800000000000000000e+01 8.000000000000000000e+00 4.400000000000000000e+01 0.000000000000000000e+00 1.600000000000000089e+00 2.733999999999999885e-03 1.761999999999999894e-03 9.999949999999999672e-01 -7.827309999999999546e-01 -6.223520000000000163e-01 3.236999999999999860e-03 6.223539999999999628e-01 -7.827359999999999873e-01 -3.220000000000000206e-04
5.000000000000000000e+00 2.900000000000000000e+01 4.400000000000000000e+01 0.000000000000000000e+00 1.600000000000000089e+00 -2.108000000000000065e-03 4.211999999999999598e-03 -9.999890000000000168e-01 6.752460000000000129e-01 7.375909999999999966e-01 1.683000000000000034e-03 7.375899999999999679e-01 -6.752350000000000296e-01 -4.399000000000000132e-03
1.300000000000000000e+01 2.900000000000000000e+01 4.400000000000000000e+01 0.000000000000000000e+00 1.600000000000000089e+00 -4.099999999999999912e-04 2.517999999999999839e-03 -9.999970000000000248e-01 6.742369999999999752e-01 7.385140000000000038e-01 1.582999999999999989e-03 7.385150000000000325e-01 -6.742340000000000000e-01 -2.001000000000000174e-03
1.800000000000000000e+01 2.900000000000000000e+01 4.400000000000000000e+01 0.000000000000000000e+00 1.600000000000000089e+00 -7.370000000000000249e-04 2.075000000000000022e-03 -9.999980000000000535e-01 6.703729999999999967e-01 7.420240000000000169e-01 1.046000000000000055e-03 7.420240000000000169e-01 -6.703700000000000214e-01 -1.938000000000000052e-03
2.300000000000000000e+01 2.900000000000000000e+01 4.400000000000000000e+01 0.000000000000000000e+00 1.600000000000000089e+00 -3.460000000000000076e-04 -5.619999999999999996e-04 -1.000000000000000000e+00 6.729800000000000226e-01 7.396599999999999842e-01 -6.489999999999999459e-04 7.396599999999999842e-01 -6.729800000000000226e-01 1.219999999999999974e-04
2.900000000000000000e+01 2.900000000000000000e+01 4.400000000000000000e+01 0.000000000000000000e+00 1.600000000000000089e+00 1.900000000000000105e-05 -1.240999999999999916e-03 -9.999989999999999712e-01 6.717910000000000270e-01 7.407399999999999540e-01 -9.070000000000000371e-04 7.407409999999999828e-01 -6.717910000000000270e-01 8.469999999999999881e-04
1.800000000000000000e+01 5.400000000000000000e+01 4.600000000000000000e+01 0.000000000000000000e+00 1.600000000000000089e+00 -1.650999999999999907e-03 7.709999999999999840e-04 9.999980000000000535e-01 3.291040000000000076e-01 -9.442930000000000490e-01 1.270999999999999994e-03 9.442920000000000202e-01 3.291060000000000096e-01 1.304999999999999953e-03
4.000000000000000000e+00 6.500000000000000000e+01 4.600000000000000000e+01 0.000000000000000000e+00 1.600000000000000089e+00 2.076000000000000154e-03 -1.533000000000000074e-03 9.999970000000000248e-01 6.803609999999999935e-01 -7.328729999999999967e-01 -2.536000000000000060e-03 7.328740000000000254e-01 6.803639999999999688e-01 -4.789999999999999879e-04
4.000000000000000000e+00 6.000000000000000000e+00 5.100000000000000000e+01 0.000000000000000000e+00 1.600000000000000089e+00 3.544999999999999974e-03 6.943000000000000387e-03 -9.999700000000000255e-01 3.252260000000000151e-01 -9.456210000000000448e-01 -5.413000000000000277e-03 -9.456299999999999706e-01 -3.251970000000000138e-01 -5.610000000000000403e-03
8.000000000000000000e+00 6.000000000000000000e+00 5.100000000000000000e+01 0.000000000000000000e+00 1.600000000000000089e+00 4.995999999999999573e-03 8.054000000000000395e-03 -9.999550000000000383e-01 3.235089999999999910e-01 -9.462059999999999915e-01 -6.004999999999999921e-03 -9.462120000000000530e-01 -3.234650000000000025e-01 -7.333000000000000108e-03
2.200000000000000000e+01 6.000000000000000000e+00 5.100000000000000000e+01 0.000000000000000000e+00 1.600000000000000089e+00 -3.139999999999999888e-04 -4.020000000000000136e-04 -1.000000000000000000e+00 3.301720000000000210e-01 -9.439210000000000100e-01 2.759999999999999867e-04 -9.439210000000000100e-01 -3.301720000000000210e-01 4.290000000000000193e-04
4.000000000000000000e+00 7.000000000000000000e+00 5.200000000000000000e+01 0.000000000000000000e+00 1.600000000000000089e+00 5.105000000000000163e-03 5.100999999999999632e-03 -9.999740000000000295e-01 1.171100000000000058e-01 -9.931090000000000195e-01 -4.467999999999999750e-03 -9.931060000000000443e-01 -1.170839999999999936e-01 -5.667000000000000162e-03
7.000000000000000000e+00 6.300000000000000000e+01 5.400000000000000000e+01 0.000000000000000000e+00 1.600000000000000089e+00 -1.699999999999999987e-05 6.170000000000000354e-04 1.000000000000000000e+00 -3.526699999999999835e-01 9.357480000000000242e-01 -5.829999999999999679e-04 -9.357480000000000242e-01 -3.526699999999999835e-01 2.020000000000000040e-04
1.100000000000000000e+01 6.300000000000000000e+01 5.400000000000000000e+01 0.000000000000000000e+00 1.600000000000000089e+00 -2.420000000000000005e-04 1.046999999999999971e-03 9.999989999999999712e-01 -3.482660000000000200e-01 9.373949999999999783e-01 -1.064999999999999974e-03 -9.373960000000000070e-01 -3.482660000000000200e-01 1.379999999999999933e-04
1.600000000000000000e+01 6.300000000000000000e+01 5.400000000000000000e+01 0.000000000000000000e+00 1.600000000000000089e+00 -1.119999999999999983e-04 1.355000000000000085e-03 9.999989999999999712e-01 -3.531770000000000187e-01 9.355550000000000255e-01 -1.307000000000000002e-03 -9.355560000000000542e-01 -3.531770000000000187e-01 3.739999999999999835e-04
2.200000000000000000e+01 6.300000000000000000e+01 5.400000000000000000e+01 0.000000000000000000e+00 1.600000000000000089e+00 4.850000000000000253e-04 -4.299999999999999894e-04 1.000000000000000000e+00 -3.491619999999999724e-01 9.370619999999999505e-01 5.730000000000000501e-04 -9.370619999999999505e-01 -3.491630000000000011e-01 3.049999999999999868e-04
2.400000000000000000e+01 6.300000000000000000e+01 5.400000000000000000e+01 0.000000000000000000e+00 1.600000000000000089e+00 1.198999999999999979e-03 -1.949999999999999965e-04 9.999989999999999712e-01 -3.471540000000000181e-01 9.378079999999999750e-01 5.990000000000000316e-04 -9.378079999999999750e-01 -3.471540000000000181e-01 1.056999999999999997e-03
2.800000000000000000e+01 6.300000000000000000e+01 5.400000000000000000e+01 0.000000000000000000e+00 1.600000000000000089e+00 6.059999999999999849e-04 -1.002000000000000069e-03 9.999989999999999712e-01 -3.495710000000000206e-01 9.369089999999999918e-01 1.150999999999999896e-03 -9.369100000000000206e-01 -3.495710000000000206e-01 2.180000000000000134e-04
8.000000000000000000e+00 2.500000000000000000e+01 5.500000000000000000e+01 0.000000000000000000e+00 1.600000000000000089e+00 -6.679999999999999740e-04 4.510000000000000120e-04 -1.000000000000000000e+00 -1.134899999999999971e-02 -9.999360000000000470e-01 -4.429999999999999802e-04 -9.999350000000000183e-01 1.134899999999999971e-02 6.729999999999999871e-04
1.200000000000000000e+01 2.500000000000000000e+01 5.500000000000000000e+01 0.000000000000000000e+00 1.600000000000000089e+00 2.919999999999999961e-04 5.578999999999999758e-03 -9.999839999999999840e-01 -1.194800000000000029e-02 -9.999130000000000518e-01 -5.582000000000000156e-03 -9.999289999999999567e-01 1.194899999999999955e-02 -2.259999999999999910e-04
