1.500000000000000000e+01 2.500000000000000000e+01 1.000000000000000000e+00 0.000000000000000000e+00 1.600000000000000089e+00 -2.304000000000000058e-03 -5.408999999999999746e-03 -9.999829999999999552e-01 -5.208270000000000399e-01 -8.536420000000000119e-01 5.818000000000000255e-03 -8.536589999999999456e-01 5.208310000000000439e-01 -8.509999999999999769e-04
2.700000000000000000e+01 1.800000000000000000e+01 2.000000000000000000e+00 0.000000000000000000e+00 1.600000000000000089e+00 3.037099999999999869e-02 3.410300000000000137e-02 -9.989569999999999839e-01 -7.874200000000000088e-01 -6.147770000000000179e-01 -4.492700000000000166e-02 -6.156679999999999930e-01 7.879629999999999690e-01 8.182000000000000037e-03
2.300000000000000000e+01 1.700000000000000000e+01 3.000000000000000000e+00 0.000000000000000000e+00 1.600000000000000089e+00 2.464500000000000024e-02 2.236399999999999846e-02 -9.994459999999999456e-01 -7.069100000000000383e-01 -7.065219999999999834e-01 -3.323999999999999871e-02 -7.068740000000000023e-01 7.073380000000000223e-01 -1.603000000000000041e-03
2.100000000000000000e+01 4.200000000000000000e+01 3.000000000000000000e+00 0.000000000000000000e+00 1.600000000000000089e+00 -5.518049999999999899e-01 -5.978719999999999590e-01 5.814289999999999736e-01 -7.233589999999999742e-01 6.900849999999999485e-01 2.309599999999999848e-02 -4.150440000000000240e-01 -4.078379999999999783e-01 -8.132690000000000197e-01
7.000000000000000000e+00 1.900000000000000000e+01 5.000000000000000000e+00 0.000000000000000000e+00 1.600000000000000089e+00 8.589999999999999546e-04 -3.376999999999999794e-03 -9.999940000000000495e-01 -6.946080000000000032e-01 -7.193859999999999699e-01 1.832000000000000078e-03 -7.193880000000000274e-01 6.946020000000000527e-01 -2.964000000000000055e-03
1.600000000000000000e+01 1.900000000000000000e+01 5.000000000000000000e+00 0.000000000000000000e+00 1.600000000000000089e+00 -1.492999999999999969e-03 -3.664000000000000156e-03 -9.999919999999999920e-01 -7.026019999999999488e-01 -7.115730000000000111e-01 3.655999999999999962e-03 -7.115810000000000191e-01 7.026019999999999488e-01 -1.512000000000000106e-03
3.000000000000000000e+01 4.500000000000000000e+01 6.000000000000000000e+00 0.000000000000000000e+00 1.600000000000000089e+00 -7.535709999999999908e-01 1.175029999999999963e-01 6.467800000000000216e-01 3.312240000000000184e-01 9.177410000000000290e-01 2.191829999999999889e-01 -5.678220000000000489e-01 3.793989999999999863e-01 -7.305030000000000134e-01
6.000000000000000000e+00 1.010000000000000000e+02 7.000000000000000000e+00 0.000000000000000000e+00 1.600000000000000089e+00 1.708000000000000100e-03 -1.581300000000000067e-02 9.998740000000000405e-01 8.827150000000000274e-01 4.698709999999999831e-01 5.923000000000000313e-03 -4.699050000000000171e-01 8.825929999999999609e-01 1.476099999999999982e-02
6.000000000000000000e+00 2.500000000000000000e+01 8.000000000000000000e+00 0.000000000000000000e+00 1.600000000000000089e+00 1.062000000000000010e-03 -8.241000000000000061e-03 -9.999649999999999928e-01 4.377199999999999980e-01 8.990839999999999943e-01 -6.944999999999999785e-03 8.991099999999999648e-01 -4.376979999999999760e-01 4.562000000000000083e-03
1.000000000000000000e+01 2.500000000000000000e+01 8.000000000000000000e+00 0.000000000000000000e+00 1.600000000000000089e+00 9.000000000000000567e-05 1.031000000000000015e-03 -1.000000000000000000e+00 4.390189999999999926e-01 8.984769999999999701e-01 9.659999999999999533e-04 8.984779999999999989e-01 -4.390189999999999926e-01 -3.719999999999999891e-04
1.500000000000000000e+01 2.500000000000000000e+01 8.000000000000000000e+00 0.000000000000000000e+00 1.600000000000000089e+00 1.315999999999999896e-03 4.349999999999999700e-03 -9.999900000000000455e-01 4.394879999999999898e-01 8.982369999999999521e-01 4.486000000000000404e-03 8.982480000000000464e-01 -4.394890000000000185e-01 -7.290000000000000473e-04
1.900000000000000000e+01 2.500000000000000000e+01 8.000000000000000000e+00 0.000000000000000000e+00 1.600000000000000089e+00 2.220000000000000185e-03 3.772999999999999878e-03 -9.999900000000000455e-01 4.390720000000000178e-01 8.984410000000000451e-01 4.364999999999999956e-03 8.984490000000000531e-01 -4.390780000000000238e-01 3.379999999999999758e-04
2.500000000000000000e+01 2.500000000000000000e+01 8.000000000000000000e+00 0.000000000000000000e+00 1.600000000000000089e+00 -1.160999999999999923e-03 4.303000000000000401e-03 -9.999900000000000455e-01 4.380149999999999877e-01 8.989610000000000101e-01 3.360000000000000139e-03 8.989669999999999606e-01 -4.380069999999999797e-01 -2.929000000000000180e-03
2.900000000000000000e+01 2.500000000000000000e+01 8.000000000000000000e+00 0.000000000000000000e+00 1.600000000000000089e+00 -6.638999999999999936e-03 9.730000000000000151e-04 -9.999770000000000048e-01 4.377329999999999832e-01 8.991029999999999855e-01 -2.030999999999999819e-03 8.990799999999999903e-01 -4.377369999999999872e-01 -6.394999999999999643e-03
5.000000000000000000e+00 2.400000000000000000e+01 9.000000000000000000e+00 0.000000000000000000e+00 1.600000000000000089e+00 1.464999999999999939e-03 -1.071500000000000057e-02 -9.999419999999999975e-01 4.444040000000000212e-01 8.957819999999999672e-01 -8.947000000000000092e-03 8.958249999999999824e-01 -4.443650000000000100e-01 6.074000000000000406e-03
1.100000000000000000e+01 2.400000000000000000e+01 9.000000000000000000e+00 0.000000000000000000e+00 1.600000000000000089e+00 3.020000000000000223e-04 3.578000000000000017e-03 -9.999940000000000495e-01 4.447070000000000189e-01 8.956699999999999662e-01 3.338999999999999954e-03 8.956760000000000277e-01 -4.447050000000000169e-01 -1.320999999999999909e-03
1.600000000000000000e+01 2.400000000000000000e+01 9.000000000000000000e+00 0.000000000000000000e+00 1.600000000000000089e+00 1.239000000000000084e-03 5.386000000000000162e-03 -9.999850000000000128e-01 4.458579999999999766e-01 8.950879999999999947e-01 5.373000000000000172e-03 8.951029999999999820e-01 -4.458570000000000033e-01 -1.293000000000000095e-03
2.000000000000000000e+01 2.400000000000000000e+01 9.000000000000000000e+00 0.000000000000000000e+00 1.600000000000000089e+00 1.994999999999999812e-03 6.039000000000000097e-03 -9.999799999999999800e-01 4.452249999999999819e-01 8.953959999999999697e-01 6.295000000000000248e-03 8.954159999999999897e-01 -4.452289999999999859e-01 -9.020000000000000240e-04
2.500000000000000000e+01 2.400000000000000000e+01 9.000000000000000000e+00 0.000000000000000000e+00 1.600000000000000089e+00 -5.810000000000000277e-04 3.642999999999999971e-03 -9.999930000000000208e-01 4.451800000000000201e-01 8.954360000000000097e-01 3.003000000000000027e-03 8.954410000000000425e-01 -4.451760000000000161e-01 -2.141000000000000108e-03
2.900000000000000000e+01 2.400000000000000000e+01 9.000000000000000000e+00 0.000000000000000000e+00 1.600000000000000089e+00 -3.501999999999999905e-03 -6.406000000000000236e-03 -9.999730000000000008e-01 4.443190000000000195e-01 8.958390000000000519e-01 -7.295000000000000269e-03 8.958620000000000472e-01 -4.443329999999999780e-01 -2.900000000000000017e-04
2.000000000000000000e+00 7.000000000000000000e+00 1.000000000000000000e+01 0.000000000000000000e+00 1.600000000000000089e+00 3.610399999999999721e-02 8.682000000000000481e-03 -9.993100000000000316e-01 -9.929980000000000473e-01 -1.122350000000000014e-01 -3.685100000000000181e-02 -1.124779999999999947e-01 9.936439999999999717e-01 4.569000000000000145e-03
1.300000000000000000e+01 8.000000000000000000e+00 1.000000000000000000e+01 0.000000000000000000e+00 1.600000000000000089e+00 6.467499999999999638e-02 2.523800000000000002e-02 -9.975870000000000015e-01 -9.883520000000000083e-01 -1.363870000000000082e-01 -6.752700000000000369e-02 -1.377619999999999956e-01 9.903340000000000476e-01 1.612299999999999844e-02
1.800000000000000000e+01 8.000000000000000000e+00 1.000000000000000000e+01 0.000000000000000000e+00 1.600000000000000089e+00 6.301600000000000257e-02 9.735999999999999863e-03 -9.979649999999999910e-01 -9.970980000000000398e-01 -4.219200000000000034e-02 -6.337299999999999878e-02 -4.272299999999999709e-02 9.990620000000000056e-01 7.048999999999999710e-03
2.400000000000000000e+01 4.900000000000000000e+01 1.000000000000000000e+01 0.000000000000000000e+00 1.600000000000000089e+00 8.171249999999999902e-01 -2.568559999999999732e-01 5.160740000000000327e-01 -4.225590000000000179e-01 -8.758350000000000302e-01 2.331469999999999931e-01 3.921100000000000141e-01 -4.085820000000000007e-01 -8.242030000000000189e-01
1.000000000000000000e+00 3.000000000000000000e+00 1.100000000000000000e+01 0.000000000000000000e+00 1.600000000000000089e+00 -1.544999999999999932e-03 3.308799999999999936e-02 9.994509999999999783e-01 1.198290000000000050e-01 -9.922450000000000436e-01 3.303500000000000186e-02 9.927930000000000366e-01 1.198150000000000048e-01 -2.432000000000000134e-03
1.900000000000000000e+01 4.000000000000000000e+00 1.100000000000000000e+01 0.000000000000000000e+00 1.600000000000000089e+00 -2.663000000000000003e-03 5.859199999999999825e-02 9.982779999999999987e-01 1.735210000000000086e-01 -9.831109999999999571e-01 5.816500000000000142e-02 9.848270000000000080e-01 1.733770000000000033e-01 -7.549000000000000155e-03
2.300000000000000000e+01 4.000000000000000000e+00 1.100000000000000000e+01 0.000000000000000000e+00 1.600000000000000089e+00 -6.809999999999999647e-04 6.316800000000000193e-02 9.980029999999999735e-01 1.646430000000000116e-01 -9.843760000000000288e-01 6.241800000000000126e-02 9.863530000000000353e-01 1.643560000000000021e-01 -9.728999999999999801e-03
2.800000000000000000e+01 3.200000000000000000e+01 1.300000000000000000e+01 0.000000000000000000e+00 1.600000000000000089e+00 2.926700000000000135e-02 6.893599999999999728e-02 9.971919999999999673e-01 3.621999999999999786e-03 9.976049999999999640e-01 -6.907099999999999351e-02 -9.995650000000000368e-01 5.634000000000000119e-03 2.894800000000000151e-02
2.200000000000000000e+01 4.800000000000000000e+01 1.300000000000000000e+01 0.000000000000000000e+00 1.600000000000000089e+00 8.632670000000000066e-01 -1.229549999999999949e-01 4.895419999999999772e-01 -2.379229999999999956e-01 -9.544930000000000359e-01 1.798240000000000116e-01 4.451539999999999941e-01 -2.717089999999999783e-01 -8.532359999999999944e-01
3.000000000000000000e+00 3.200000000000000000e+01 1.400000000000000000e+01 0.000000000000000000e+00 1.600000000000000089e+00 3.933999999999999997e-03 -2.295999999999999864e-03 -9.999900000000000455e-01 1.193820000000000020e-01 9.928470000000000351e-01 -1.809999999999999977e-03 9.928409999999999735e-01 -1.193739999999999940e-01 4.179999999999999688e-03
7.000000000000000000e+00 3.200000000000000000e+01 1.400000000000000000e+01 0.000000000000000000e+00 1.600000000000000089e+00 1.547999999999999897e-03 -5.687000000000000215e-03 -9.999829999999999552e-01 1.195689999999999947e-01 9.928109999999999991e-01 -5.460999999999999709e-03 9.928249999999999575e-01 -1.195579999999999976e-01 2.216000000000000088e-03
1.800000000000000000e+01 3.200000000000000000e+01 1.400000000000000000e+01 0.000000000000000000e+00 1.600000000000000089e+00 -1.688000000000000047e-03 7.611999999999999843e-03 -9.999700000000000255e-01 1.156819999999999932e-01 9.932590000000000030e-01 7.366000000000000152e-03 9.932849999999999735e-01 -1.156660000000000049e-01 -2.556999999999999811e-03
2.100000000000000000e+01 4.800000000000000000e+01 1.500000000000000000e+01 0.000000000000000000e+00 1.600000000000000089e+00 8.488069999999999782e-01 -2.177260000000000029e-01 4.817899999999999960e-01 -3.223799999999999999e-01 -9.354010000000000380e-01 1.452450000000000130e-01 4.190429999999999988e-01 -2.786049999999999915e-01 -8.641659999999999897e-01
2.500000000000000000e+01 1.200000000000000000e+01 1.600000000000000000e+01 0.000000000000000000e+00 1.600000000000000089e+00 -1.026999999999999962e-02 6.979100000000000581e-02 9.975089999999999790e-01 2.354070000000000051e-01 -9.693549999999999667e-01 7.024400000000000088e-02 9.718430000000000124e-01 2.355420000000000014e-01 -6.473999999999999720e-03
2.100000000000000000e+01 1.160000000000000000e+02 1.600000000000000000e+01 0.000000000000000000e+00 1.600000000000000089e+00 -2.413000000000000214e-03 1.087000000000000076e-03 9.999970000000000248e-01 8.290939999999999976e-01 5.591070000000000206e-01 1.392999999999999924e-03 -5.591030000000000166e-01 8.290950000000000264e-01 -2.249999999999999830e-03
2.100000000000000000e+01 3.500000000000000000e+01 1.700000000000000000e+01 0.000000000000000000e+00 1.600000000000000089e+00 -3.371890000000000165e-01 -1.870410000000000128e-01 -9.226699999999999902e-01 -8.598970000000000224e-01 -3.377859999999999752e-01 3.827240000000000086e-01 -3.832510000000000083e-01 9.224510000000000209e-01 -4.693800000000000056e-02
1.900000000000000000e+01 3.600000000000000000e+01 1.800000000000000000e+01 0.000000000000000000e+00 1.600000000000000089e+00 -4.486669999999999825e-01 2.647300000000000000e-02 -8.933069999999999622e-01 -8.836669999999999803e-01 -1.624849999999999905e-01 4.390109999999999846e-01 -1.335270000000000068e-01 9.863560000000000105e-01 9.629500000000000559e-02
3.000000000000000000e+00 2.000000000000000000e+00 1.900000000000000000e+01 0.000000000000000000e+00 1.600000000000000089e+00 -8.746999999999999567e-03 1.171200000000000019e-02 -9.998930000000000318e-01 3.441080000000000250e-01 -9.388260000000000494e-01 -1.400700000000000035e-02 -9.388889999999999736e-01 -3.441940000000000000e-01 4.181999999999999953e-03
3.000000000000000000e+01 2.000000000000000000e+00 1.900000000000000000e+01 0.000000000000000000e+00 1.600000000000000089e+00 -8.354000000000000314e-03 4.144699999999999773e-02 -9.991060000000000496e-01 3.205709999999999948e-01 -9.462960000000000260e-01 -4.193600000000000105e-02 -9.471880000000000299e-01 -3.206339999999999746e-01 -5.381000000000000366e-03
4.000000000000000000e+00 3.000000000000000000e+00 1.900000000000000000e+01 0.000000000000000000e+00 1.600000000000000089e+00 -8.113000000000000420e-03 1.494700000000000022e-02 -9.998550000000000493e-01 3.118859999999999966e-01 -9.499720000000000386e-01 -1.673200000000000034e-02 -9.500849999999999573e-01 -3.119759999999999756e-01 3.044999999999999964e-03
7.000000000000000000e+00 3.000000000000000000e+00 1.900000000000000000e+01 0.000000000000000000e+00 1.600000000000000089e+00 -5.690999999999999878e-03 2.591399999999999954e-02 -9.996479999999999810e-01 3.198059999999999792e-01 -9.471159999999999579e-01 -2.637300000000000061e-02 -9.474660000000000304e-01 -3.198440000000000172e-01 -2.896999999999999836e-03
1.200000000000000000e+01 3.000000000000000000e+00 1.900000000000000000e+01 0.000000000000000000e+00 1.600000000000000089e+00 -5.971999999999999878e-03 3.496599999999999708e-02 -9.993710000000000093e-01 3.257450000000000068e-01 -9.448090000000000099e-01 -3.500299999999999939e-02 -9.454390000000000294e-01 -3.257490000000000108e-01 -5.747999999999999637e-03
1.900000000000000000e+01 3.000000000000000000e+00 1.900000000000000000e+01 0.000000000000000000e+00 1.600000000000000089e+00 -9.065000000000000141e-03 4.166899999999999771e-02 -9.990900000000000336e-01 3.347539999999999960e-01 -9.413559999999999706e-01 -4.229800000000000226e-02 -9.422620000000000440e-01 -3.348329999999999917e-01 -5.415999999999999807e-03
2.600000000000000000e+01 3.000000000000000000e+00 1.900000000000000000e+01 0.000000000000000000e+00 1.600000000000000089e+00 -1.171900000000000025e-02 4.529899999999999899e-02 -9.989050000000000429e-01 3.315859999999999919e-01 -9.422730000000000272e-01 -4.662100000000000272e-02 -9.433519999999999683e-01 -3.317689999999999806e-01 -3.977999999999999765e-03
1.500000000000000000e+01 4.000000000000000000e+00 2.000000000000000000e+01 0.000000000000000000e+00 1.600000000000000089e+00 -4.094000000000000417e-03 3.126799999999999718e-02 -9.995030000000000303e-01 3.645090000000000274e-01 -9.306969999999999965e-01 -3.060900000000000079e-02 -9.311909999999999910e-01 -3.644530000000000269e-01 -7.586999999999999994e-03
2.000000000000000000e+01 4.000000000000000000e+00 2.000000000000000000e+01 0.000000000000000000e+00 1.600000000000000089e+00 -5.963000000000000418e-03 3.752400000000000180e-02 -9.992779999999999996e-01 3.869139999999999802e-01 -9.213770000000000016e-01 -3.690700000000000230e-02 -9.220960000000000267e-01 -3.868550000000000044e-01 -9.024000000000000771e-03
2.300000000000000000e+01 4.000000000000000000e+00 2.000000000000000000e+01 0.000000000000000000e+00 1.600000000000000089e+00 -8.285000000000000697e-03 3.948700000000000127e-02 -9.991860000000000186e-01 3.981810000000000072e-01 -9.164550000000000196e-01 -3.951899999999999857e-02 -9.172690000000000010e-01 -3.981850000000000112e-01 -8.130000000000000074e-03
2.600000000000000000e+01 4.000000000000000000e+00 2.000000000000000000e+01 0.000000000000000000e+00 1.600000000000000089e+00 -8.873000000000000678e-03 4.229299999999999726e-02 -9.990660000000000096e-01 4.076960000000000028e-01 -9.121409999999999796e-01 -4.223400000000000071e-02 -9.130749999999999700e-01 -4.076899999999999968e-01 -9.150000000000000147e-03
4.000000000000000000e+00 1.300000000000000000e+01 2.000000000000000000e+01 0.000000000000000000e+00 1.600000000000000089e+00 -4.099999999999999912e-04 1.020999999999999989e-03 9.999989999999999712e-01 2.614130000000000065e-01 9.652269999999999461e-01 -8.779999999999999827e-04 -9.652269999999999461e-01 2.614130000000000065e-01 -6.629999999999999609e-04
8.000000000000000000e+00 1.300000000000000000e+01 2.000000000000000000e+01 0.000000000000000000e+00 1.600000000000000089e+00 4.159999999999999744e-04 4.114999999999999734e-03 9.999909999999999632e-01 2.594330000000000247e-01 9.657520000000000548e-01 -4.081999999999999691e-03 -9.657609999999999806e-01 2.594330000000000247e-01 -6.660000000000000338e-04
1.100000000000000000e+01 1.300000000000000000e+01 2.000000000000000000e+01 0.000000000000000000e+00 1.600000000000000089e+00 -5.330000000000000536e-04 -8.189999999999999581e-04 9.999989999999999712e-01 2.596330000000000027e-01 9.657069999999999821e-01 9.300000000000000541e-04 -9.657069999999999821e-01 2.596330000000000027e-01 -3.020000000000000223e-04
1.700000000000000000e+01 1.300000000000000000e+01 2.000000000000000000e+01 0.000000000000000000e+00 1.600000000000000089e+00 4.550000000000000008e-04 -3.229999999999999907e-04 1.000000000000000000e+00 2.613960000000000172e-01 9.652319999999999789e-01 1.930000000000000021e-04 -9.652309999999999501e-01 2.613960000000000172e-01 5.240000000000000517e-04
2.300000000000000000e+01 1.300000000000000000e+01 2.000000000000000000e+01 0.000000000000000000e+00 1.600000000000000089e+00 1.589999999999999888e-04 -3.242999999999999789e-03 9.999949999999999672e-01 2.670299999999999896e-01 9.636829999999999563e-01 3.082000000000000104e-03 -9.636879999999999891e-01 2.670279999999999876e-01 1.018999999999999941e-03
2.900000000000000000e+01 1.300000000000000000e+01 2.000000000000000000e+01 0.000000000000000000e+00 1.600000000000000089e+00 -2.226999999999999813e-03 -4.736999999999999891e-03 9.999860000000000415e-01 2.789869999999999850e-01 9.602810000000000512e-01 5.170000000000000116e-03 -9.602920000000000345e-01 2.789949999999999930e-01 -8.170000000000000179e-04
2.000000000000000000e+01 3.900000000000000000e+01 2.300000000000000000e+01 0.000000000000000000e+00 1.600000000000000089e+00 -4.626560000000000117e-01 -8.102949999999999875e-01 3.596840000000000037e-01 -8.286010000000000320e-01 5.394940000000000291e-01 1.495539999999999925e-01 -3.152300000000000102e-01 -2.288419999999999899e-01 -9.210110000000000241e-01
1.300000000000000000e+01 2.000000000000000000e+00 2.500000000000000000e+01 0.000000000000000000e+00 1.600000000000000089e+00 -8.498999999999999611e-03 2.290100000000000122e-02 9.997019999999999795e-01 8.965599999999999958e-02 -9.956939999999999680e-01 2.357100000000000167e-02 9.959369999999999612e-01 8.982999999999999319e-02 6.408999999999999767e-03
4.000000000000000000e+00 3.000000000000000000e+00 2.500000000000000000e+01 0.000000000000000000e+00 1.600000000000000089e+00 -3.065000000000000016e-03 1.117699999999999944e-02 9.999329999999999607e-01 -3.973299999999999749e-02 -9.991489999999999538e-01 1.104600000000000026e-02 9.992060000000000386e-01 -3.969700000000000312e-02 3.507000000000000135e-03
1.600000000000000000e+01 3.000000000000000000e+00 2.500000000000000000e+01 0.000000000000000000e+00 1.600000000000000089e+00 -8.982999999999999666e-03 2.840099999999999916e-02 9.995560000000000000e-01 2.729799999999999935e-02 -9.992170000000000218e-01 2.863699999999999926e-02 9.995870000000000033e-01 2.754300000000000151e-02 8.200999999999999956e-03
2.200000000000000000e+01 3.000000000000000000e+00 2.500000000000000000e+01 0.000000000000000000e+00 1.600000000000000089e+00 -1.161200000000000079e-02 3.404900000000000287e-02 9.993530000000000468e-01 3.290900000000000075e-02 -9.988660000000000316e-01 3.441500000000000115e-02 9.993910000000000293e-01 3.328699999999999715e-02 1.047799999999999947e-02
2.500000000000000000e+01 3.000000000000000000e+00 2.500000000000000000e+01 0.000000000000000000e+00 1.600000000000000089e+00 -8.767999999999999752e-03 3.971899999999999736e-02 9.991719999999999491e-01 2.234099999999999975e-02 -9.989540000000000086e-01 3.990599999999999703e-02 9.997120000000000450e-01 2.267200000000000118e-02 7.870999999999999525e-03
2.900000000000000000e+01 3.000000000000000000e+00 2.500000000000000000e+01 0.000000000000000000e+00 1.600000000000000089e+00 -8.507000000000000672e-03 4.166500000000000065e-02 9.990949999999999553e-01 8.741000000000000505e-03 -9.990900000000000336e-01 4.173999999999999932e-02 9.999259999999999815e-01 9.088000000000000592e-03 8.134999999999999870e-03
1.000000000000000000e+00 4.300000000000000000e+01 2.600000000000000000e+01 0.000000000000000000e+00 1.600000000000000089e+00 5.443699999999999928e-02 2.886850000000000249e-01 -9.558750000000000302e-01 9.587440000000000406e-01 -2.826029999999999931e-01 -3.074899999999999856e-02 -2.790099999999999802e-01 -9.147659999999999680e-01 -2.921590000000000020e-01
1.900000000000000000e+01 3.800000000000000000e+01 2.900000000000000000e+01 0.000000000000000000e+00 1.600000000000000089e+00 3.407060000000000088e-01 3.124770000000000048e-01 -8.867230000000000389e-01 8.636810000000000320e-01 2.686009999999999787e-01 4.265070000000000250e-01 3.714480000000000004e-01 -9.111599999999999699e-01 -1.783669999999999978e-01
1.500000000000000000e+01 4.400000000000000000e+01 3.100000000000000000e+01 0.000000000000000000e+00 1.600000000000000089e+00 9.117450000000000276e-01 -2.000290000000000123e-01 -3.587600000000000233e-01 2.169310000000000127e-01 9.761619999999999742e-01 7.037999999999999985e-03 3.487999999999999989e-01 -8.424299999999999844e-02 9.334029999999999827e-01
5.000000000000000000e+00 5.800000000000000000e+01 3.100000000000000000e+01 0.000000000000000000e+00 1.600000000000000089e+00 -4.857000000000000206e-03 1.214999999999999934e-03 9.999869999999999592e-01 -8.069570000000000354e-01 -5.906010000000000426e-01 -3.201999999999999985e-03 5.905899999999999483e-01 -8.069629999999999859e-01 3.848999999999999991e-03
1.100000000000000000e+01 5.800000000000000000e+01 3.100000000000000000e+01 0.000000000000000000e+00 1.600000000000000089e+00 -5.789999999999999791e-04 -1.050599999999999971e-02 9.999449999999999728e-01 -8.067029999999999479e-01 -5.909189999999999721e-01 -6.675999999999999643e-03 5.909569999999999546e-01 -8.066619999999999902e-01 -8.132999999999999605e-03
1.700000000000000000e+01 5.800000000000000000e+01 3.100000000000000000e+01 0.000000000000000000e+00 1.600000000000000089e+00 1.033999999999999980e-03 -1.593899999999999831e-02 9.998719999999999830e-01 -7.979309999999999459e-01 -6.026850000000000263e-01 -8.782999999999999141e-03 6.027489999999999792e-01 -7.978199999999999736e-01 -1.334100000000000043e-02
2.200000000000000000e+01 5.800000000000000000e+01 3.100000000000000000e+01 0.000000000000000000e+00 1.600000000000000089e+00 1.495999999999999934e-03 1.765699999999999908e-02 9.998430000000000373e-01 -7.915520000000000334e-01 -6.109839999999999716e-01 1.197400000000000027e-02 6.110999999999999766e-01 -7.914459999999999829e-01 1.306299999999999996e-02
3.000000000000000000e+01 5.800000000000000000e+01 3.100000000000000000e+01 0.000000000000000000e+00 1.600000000000000089e+00 -4.436999999999999972e-03 2.194000000000000204e-03 9.999879999999999880e-01 -7.965799999999999548e-01 -6.045300000000000118e-01 -2.207999999999999893e-03 6.045169999999999710e-01 -7.965799999999999548e-01 4.429999999999999910e-03
1.700000000000000000e+01 3.800000000000000000e+01 3.400000000000000000e+01 0.000000000000000000e+00 1.600000000000000089e+00 4.848629999999999884e-01 -8.526829999999999687e-01 -1.945260000000000045e-01 8.547090000000000520e-01 5.091259999999999675e-01 -1.013050000000000062e-01 1.854190000000000005e-01 -1.171449999999999991e-01 9.756519999999999637e-01
3.000000000000000000e+00 3.700000000000000000e+01 3.500000000000000000e+01 0.000000000000000000e+00 1.600000000000000089e+00 1.924669999999999992e-01 2.197860000000000091e-01 -9.563739999999999464e-01 -4.955849999999999977e-01 -8.194059999999999677e-01 -2.880440000000000222e-01 -8.469659999999999966e-01 5.294039999999999857e-01 -4.878600000000000297e-02
2.100000000000000000e+01 2.900000000000000000e+01 3.600000000000000000e+01 0.000000000000000000e+00 1.600000000000000089e+00 5.163389999999999924e-01 5.296399999999999997e-01 -6.729600000000000026e-01 7.841590000000000504e-01 2.345300000000000162e-02 6.201170000000000293e-01 3.442219999999999724e-01 -8.478980000000000405e-01 -4.032120000000000148e-01
1.900000000000000000e+01 3.000000000000000000e+01 3.600000000000000000e+01 0.000000000000000000e+00 1.600000000000000089e+00 3.514050000000000229e-01 4.430890000000000106e-01 -8.247339999999999671e-01 8.187470000000000026e-01 2.817919999999999869e-01 5.002469999999999972e-01 4.540569999999999884e-01 -8.510379999999999612e-01 -2.637539999999999885e-01
2.800000000000000000e+01 5.000000000000000000e+01 3.600000000000000000e+01 0.000000000000000000e+00 1.600000000000000089e+00 5.800000000000000034e-04 -2.026270000000000016e-01 -9.792560000000000153e-01 1.710669999999999968e-01 -9.648010000000000197e-01 1.997379999999999989e-01 -9.852589999999999959e-01 -1.676340000000000052e-01 3.410300000000000137e-02
4.000000000000000000e+00 9.500000000000000000e+01 3.600000000000000000e+01 0.000000000000000000e+00 1.600000000000000089e+00 1.240400000000000010e-02 -1.376010000000000011e-01 9.904100000000000126e-01 9.974619999999999598e-01 7.115900000000000003e-02 -2.605999999999999810e-03 -7.011799999999999977e-02 9.879280000000000284e-01 1.381340000000000068e-01
2.500000000000000000e+01 5.000000000000000000e+01 3.800000000000000000e+01 0.000000000000000000e+00 1.600000000000000089e+00 -1.918699999999999919e-02 -3.257579999999999920e-01 9.452580000000000426e-01 -3.298590000000000133e-01 -8.904339999999999478e-01 -3.135600000000000054e-01 9.438349999999999795e-01 -3.178190000000000182e-01 -9.037000000000000588e-02
2.100000000000000000e+01 2.000000000000000000e+01 3.900000000000000000e+01 0.000000000000000000e+00 1.600000000000000089e+00 9.088000000000000592e-03 -1.462399999999999985e-02 9.998519999999999630e-01 -4.799269999999999925e-01 8.771400000000000308e-01 1.719100000000000142e-02 -8.772609999999999575e-01 -4.800119999999999942e-01 9.529999999999999626e-04
2.900000000000000000e+01 2.000000000000000000e+01 3.900000000000000000e+01 0.000000000000000000e+00 1.600000000000000089e+00 -2.190900000000000139e-02 5.119000000000000286e-03 9.997470000000000523e-01 -4.722729999999999984e-01 8.813269999999999715e-01 -1.486200000000000021e-02 -8.811799999999999633e-01 -4.724789999999999823e-01 -1.689200000000000076e-02
1.300000000000000000e+01 3.400000000000000000e+01 4.000000000000000000e+01 0.000000000000000000e+00 1.600000000000000089e+00 6.529300000000000381e-02 -7.121880000000000432e-01 6.989459999999999562e-01 7.617920000000000247e-01 -4.168390000000000151e-01 -4.959009999999999807e-01 6.445220000000000393e-01 5.648300000000000542e-01 5.153229999999999755e-01
1.500000000000000000e+01 3.800000000000000000e+01 4.000000000000000000e+01 0.000000000000000000e+00 1.600000000000000089e+00 -5.531840000000000090e-01 -7.587040000000000450e-01 -3.440300000000000025e-01 -8.207069999999999643e-01 4.254870000000000041e-01 3.813150000000000150e-01 -1.429249999999999965e-01 4.932849999999999735e-01 -8.580459999999999754e-01
2.800000000000000000e+01 2.400000000000000000e+01 4.100000000000000000e+01 0.000000000000000000e+00 1.600000000000000089e+00 -3.178700000000000275e-02 -5.616269999999999873e-01 8.267799999999999594e-01 -6.822470000000000478e-01 6.167080000000000339e-01 3.926959999999999895e-01 -7.304300000000000237e-01 -5.515849999999999920e-01 -4.027720000000000189e-01
3.000000000000000000e+01 2.700000000000000000e+01 4.100000000000000000e+01 0.000000000000000000e+00 1.600000000000000089e+00 -1.492100000000000093e-01 -7.159520000000000328e-01 -6.820180000000000131e-01 8.321769999999999445e-01 2.816080000000000250e-01 -4.776799999999999935e-01 5.340570000000000039e-01 -6.388350000000000417e-01 5.537809999999999677e-01
3.000000000000000000e+00 3.200000000000000000e+01 4.100000000000000000e+01 0.000000000000000000e+00 1.600000000000000089e+00 -7.627499999999999558e-02 3.459900000000000198e-01 9.351329999999999920e-01 7.807709999999999928e-01 -5.625850000000000017e-01 2.718349999999999933e-01 6.201440000000000285e-01 7.508590000000000542e-01 -2.272280000000000133e-01
2.500000000000000000e+01 4.700000000000000000e+01 4.100000000000000000e+01 0.000000000000000000e+00 1.600000000000000089e+00 -1.096339999999999953e-01 6.411149999999999904e-01 -7.595739999999999714e-01 -5.839389999999999858e-01 5.768600000000000394e-01 5.711800000000000210e-01 8.043599999999999639e-01 5.061660000000000048e-01 3.111280000000000157e-01
2.900000000000000000e+01 2.600000000000000000e+01 4.200000000000000000e+01 0.000000000000000000e+00 1.600000000000000089e+00 -1.267600000000000116e-01 -4.893390000000000239e-01 -8.628320000000000434e-01 8.746129999999999738e-01 3.552250000000000130e-01 -3.299500000000000210e-01 4.679570000000000118e-01 -7.964689999999999825e-01 3.829529999999999879e-01
4.000000000000000000e+00 4.800000000000000000e+01 4.200000000000000000e+01 0.000000000000000000e+00 1.600000000000000089e+00 1.162269999999999970e-01 -1.074610000000000010e-01 9.873920000000000474e-01 8.780829999999999469e-01 4.757199999999999762e-01 -5.158599999999999991e-02 -4.641790000000000083e-01 8.730080000000000062e-01 1.496510000000000062e-01
1.900000000000000000e+01 2.500000000000000000e+01 4.300000000000000000e+01 0.000000000000000000e+00 1.600000000000000089e+00 1.110130000000000006e-01 1.759040000000000048e-01 -9.781279999999999974e-01 8.170290000000000052e-01 5.441850000000000298e-01 1.905940000000000134e-01 5.658090000000000064e-01 -8.203169999999999629e-01 -8.330700000000000605e-02
2.800000000000000000e+01 2.500000000000000000e+01 4.300000000000000000e+01 0.000000000000000000e+00 1.600000000000000089e+00 -1.231399999999999995e-01 -3.221300000000000274e-01 -9.386529999999999596e-01 9.010690000000000088e-01 3.600329999999999919e-01 -2.417670000000000097e-01 4.158259999999999734e-01 -8.755619999999999514e-01 2.459260000000000057e-01
1.800000000000000000e+01 5.100000000000000000e+01 4.300000000000000000e+01 0.000000000000000000e+00 1.600000000000000089e+00 -1.160149999999999931e-01 4.348079999999999723e-01 -8.930190000000000072e-01 -6.145690000000000319e-01 6.748920000000000474e-01 4.084430000000000005e-01 7.802850000000000064e-01 5.962070000000000425e-01 1.889220000000000066e-01
1.700000000000000000e+01 5.200000000000000000e+01 4.300000000000000000e+01 0.000000000000000000e+00 1.600000000000000089e+00 -6.557499999999999440e-02 4.185639999999999916e-01 -9.058169999999999833e-01 -5.072940000000000227e-01 7.677230000000000443e-01 3.914770000000000194e-01 8.592739999999999823e-01 4.851869999999999794e-01 1.619919999999999971e-01
3.000000000000000000e+00 8.000000000000000000e+00 4.400000000000000000e+01 0.000000000000000000e+00 1.600000000000000089e+00 -2.683000000000000055e-03 2.190000000000000106e-03 9.999940000000000495e-01 -8.016649999999999610e-01 -5.977729999999999988e-01 -8.419999999999999750e-04 5.977679999999999660e-01 -8.016619999999999857e-01 3.360000000000000139e-03
1.500000000000000000e+01 8.000000000000000000e+00 4.400000000000000000e+01 0.000000000000000000e+00 1.600000000000000089e+00 -2.452000000000000186e-03 -5.172999999999999647e-03 9.999839999999999840e-01 -7.857990000000000252e-01 -6.184610000000000385e-01 -5.126000000000000348e-03 6.184770000000000545e-01 -7.857990000000000252e-01 -2.549000000000000050e-03
2.800000000000000000e+01 8.000000000000000000e+00 4.400000000000000000e+01 0.000000000000000000e+00 1.600000000000000089e+00 1.510000000000000112e-04 -3.387999999999999953e-03 9.999940000000000495e-01 -7.765809999999999658e-01 -6.300149999999999917e-01 -2.017000000000000130e-03 6.300179999999999669e-01 -7.765760000000000440e-01 -2.726000000000000124e-03
5.000000000000000000e+00 5.400000000000000000e+01 4.600000000000000000e+01 0.000000000000000000e+00 1.600000000000000089e+00 -1.334499999999999922e-02 -4.291600000000000276e-02 9.989900000000000446e-01 2.697640000000000038e-01 -9.621870000000000145e-01 -3.773200000000000165e-02 9.628339999999999677e-01 2.689880000000000049e-01 2.441799999999999873e-02
1.600000000000000000e+01 6.500000000000000000e+01 4.600000000000000000e+01 0.000000000000000000e+00 1.600000000000000089e+00 -3.128999999999999837e-03 2.602999999999999845e-03 9.999919999999999920e-01 6.790929999999999467e-01 -7.340419999999999723e-01 4.035999999999999657e-03 7.340459999999999763e-01 6.791000000000000369e-01 5.289999999999999564e-04
1.100000000000000000e+01 2.900000000000000000e+01 4.800000000000000000e+01 0.000000000000000000e+00 1.600000000000000089e+00 1.884999999999999957e-03 7.565999999999999809e-03 9.999700000000000255e-01 3.597279999999999922e-01 9.330249999999999932e-01 -7.738000000000000086e-03 -9.330549999999999677e-01 3.597310000000000230e-01 -9.629999999999999888e-04
1.600000000000000000e+01 2.900000000000000000e+01 4.800000000000000000e+01 0.000000000000000000e+00 1.600000000000000089e+00 9.072999999999999468e-03 3.183219999999999938e-01 9.479389999999999761e-01 3.989929999999999866e-01 8.680930000000000035e-01 -2.953279999999999794e-01 -9.169089999999999741e-01 3.809000000000000163e-01 -1.191320000000000018e-01
2.000000000000000000e+01 6.000000000000000000e+00 5.100000000000000000e+01 0.000000000000000000e+00 1.600000000000000089e+00 -9.009999999999999997e-04 -5.191000000000000301e-03 -9.999860000000000415e-01 2.972659999999999747e-01 -9.547830000000000483e-01 4.688000000000000327e-03 -9.547940000000000316e-01 -2.972569999999999935e-01 2.403999999999999887e-03
1.100000000000000000e+01 4.500000000000000000e+01 5.100000000000000000e+01 0.000000000000000000e+00 1.600000000000000089e+00 9.340049999999999741e-01 -1.937129999999999963e-01 -3.001820000000000044e-01 3.243659999999999877e-01 8.119709999999999983e-01 4.852719999999999811e-01 1.497360000000000080e-01 -5.506159999999999943e-01 8.212199999999999500e-01
1.300000000000000000e+01 1.150000000000000000e+02 5.100000000000000000e+01 0.000000000000000000e+00 1.600000000000000089e+00 -1.603000000000000041e-03 -2.577199999999999977e-02 9.996669999999999723e-01 8.386259999999999826e-01 -5.445600000000000440e-01 -1.269400000000000042e-02 5.447049999999999947e-01 8.383260000000000156e-01 2.248599999999999904e-02
1.800000000000000000e+01 1.150000000000000000e+02 5.100000000000000000e+01 0.000000000000000000e+00 1.600000000000000089e+00 -6.837000000000000195e-03 -1.243999999999999967e-02 9.998989999999999823e-01 8.439740000000000020e-01 -5.363830000000000542e-01 -9.020000000000000240e-04 5.363409999999999567e-01 8.438830000000000497e-01 1.416599999999999977e-02
2.400000000000000000e+01 1.150000000000000000e+02 5.100000000000000000e+01 0.000000000000000000e+00 1.600000000000000089e+00 -6.320000000000000097e-03 1.091199999999999982e-02 9.999200000000000310e-01 8.537810000000000121e-01 -5.205149999999999499e-01 1.107700000000000004e-02 5.205950000000000299e-01 8.537829999999999586e-01 -6.027000000000000239e-03
2.800000000000000000e+01 7.000000000000000000e+00 5.200000000000000000e+01 0.000000000000000000e+00 1.600000000000000089e+00 4.146999999999999645e-03 2.027999999999999855e-03 -9.999890000000000168e-01 6.301199999999999857e-02 -9.980109999999999815e-01 -1.763000000000000027e-03 -9.980040000000000022e-01 -6.300400000000000444e-02 -4.265999999999999827e-03
2.500000000000000000e+01 4.400000000000000000e+01 5.300000000000000000e+01 0.000000000000000000e+00 1.600000000000000089e+00 -2.799630000000000174e-01 -9.063790000000000457e-01 3.163830000000000253e-01 -8.564960000000000351e-01 3.846820000000000239e-01 3.441420000000000035e-01 -4.336300000000000154e-01 -1.746330000000000104e-01 -8.840069999999999872e-01
3.000000000000000000e+00 6.300000000000000000e+01 5.400000000000000000e+01 0.000000000000000000e+00 1.600000000000000089e+00 -2.389000000000000064e-03 -1.190000000000000085e-02 9.999259999999999815e-01 -3.701490000000000058e-01 9.289169999999999927e-01 1.017099999999999949e-02 -9.289690000000000447e-01 -3.700979999999999825e-01 -6.623999999999999680e-03
8.000000000000000000e+00 6.300000000000000000e+01 5.400000000000000000e+01 0.000000000000000000e+00 1.600000000000000089e+00 1.007999999999999998e-03 -7.669999999999999951e-04 9.999989999999999712e-01 -3.815540000000000043e-01 9.243460000000000010e-01 1.093999999999999920e-03 -9.243460000000000010e-01 -3.815549999999999775e-01 6.390000000000000280e-04
1.300000000000000000e+01 6.300000000000000000e+01 5.400000000000000000e+01 0.000000000000000000e+00 1.600000000000000089e+00 -1.111000000000000008e-03 1.691999999999999928e-03 9.999980000000000535e-01 -3.804270000000000151e-01 9.248089999999999922e-01 -1.987000000000000051e-03 -9.248100000000000209e-01 -3.804279999999999884e-01 -3.829999999999999854e-04
1.500000000000000000e+01 6.300000000000000000e+01 5.400000000000000000e+01 0.000000000000000000e+00 1.600000000000000089e+00 6.819999999999999890e-04 1.551999999999999994e-03 9.999989999999999712e-01 -3.733989999999999809e-01 9.276699999999999946e-01 -1.185000000000000072e-03 -9.276699999999999946e-01 -3.733980000000000077e-01 1.211999999999999970e-03
1.900000000000000000e+01 6.300000000000000000e+01 5.400000000000000000e+01 0.000000000000000000e+00 1.600000000000000089e+00 8.099999999999999561e-04 5.080000000000000314e-03 9.999869999999999592e-01 -3.640939999999999732e-01 9.313510000000000399e-01 -4.436999999999999972e-03 -9.313620000000000232e-01 -3.640860000000000207e-01 2.603999999999999978e-03
2.300000000000000000e+01 6.300000000000000000e+01 5.400000000000000000e+01 0.000000000000000000e+00 1.600000000000000089e+00 8.630000000000000518e-04 3.518999999999999993e-03 9.999940000000000495e-01 -3.584890000000000021e-01 9.335290000000000532e-01 -2.975999999999999913e-03 -9.335339999999999749e-01 -3.584840000000000249e-01 2.066999999999999827e-03
2.900000000000000000e+01 6.300000000000000000e+01 5.400000000000000000e+01 0.000000000000000000e+00 1.600000000000000089e+00 2.776999999999999955e-03 3.065000000000000016e-03 9.999909999999999632e-01 -3.653339999999999921e-01 9.308750000000000080e-01 -1.838999999999999923e-03 -9.308720000000000327e-01 -3.653259999999999841e-01 3.704999999999999960e-03
1.600000000000000000e+01 2.500000000000000000e+01 5.500000000000000000e+01 0.000000000000000000e+00 1.600000000000000089e+00 7.799999999999999859e-05 1.186409999999999965e-01 9.929369999999999585e-01 3.461000000000000101e-03 9.929310000000000080e-01 -1.186409999999999965e-01 -9.999940000000000495e-01 3.445999999999999844e-03 -3.330000000000000169e-04
