1.600000000000000000e+01 2.500000000000000000e+01 1.000000000000000000e+00 0.000000000000000000e+00 1.600000000000000089e+00 8.760000000000000425e-04 -9.055999999999999814e-03 -9.999590000000000423e-01 -5.267979999999999885e-01 -8.499600000000000488e-01 7.236000000000000244e-03 -8.499900000000000233e-01 5.267699999999999605e-01 -5.514999999999999937e-03
7.000000000000000000e+00 1.500000000000000000e+01 4.000000000000000000e+00 0.000000000000000000e+00 1.600000000000000089e+00 -8.199999999999999824e-04 5.299999999999999807e-04 1.000000000000000000e+00 3.236189999999999900e-01 -9.461870000000000003e-01 7.669999999999999951e-04 9.461870000000000003e-01 3.236189999999999900e-01 6.049999999999999606e-04
1.200000000000000000e+01 1.500000000000000000e+01 4.000000000000000000e+00 0.000000000000000000e+00 1.600000000000000089e+00 -2.020000000000000040e-04 4.759000000000000209e-03 9.999890000000000168e-01 3.231370000000000076e-01 -9.463409999999999878e-01 4.569000000000000145e-03 9.463519999999999710e-01 3.231350000000000056e-01 -1.347000000000000107e-03
1.900000000000000000e+01 1.500000000000000000e+01 4.000000000000000000e+00 0.000000000000000000e+00 1.600000000000000089e+00 2.626999999999999995e-03 1.077600000000000086e-02 9.999390000000000223e-01 3.200720000000000232e-01 -9.473470000000000502e-01 9.367999999999999591e-03 9.473899999999999544e-01 3.200279999999999792e-01 -5.937999999999999702e-03
2.600000000000000000e+01 1.500000000000000000e+01 4.000000000000000000e+00 0.000000000000000000e+00 1.600000000000000089e+00 -8.279999999999999600e-04 -2.343000000000000031e-03 9.999970000000000248e-01 3.285100000000000242e-01 -9.444979999999999487e-01 -1.941000000000000017e-03 9.445000000000000062e-01 3.285080000000000222e-01 1.551000000000000078e-03
1.000000000000000000e+01 1.010000000000000000e+02 7.000000000000000000e+00 0.000000000000000000e+00 1.600000000000000089e+00 1.722999999999999922e-03 -8.249999999999999955e-04 9.999980000000000535e-01 8.858070000000000110e-01 4.640529999999999933e-01 -1.142999999999999919e-03 -4.640509999999999913e-01 8.858070000000000110e-01 1.529999999999999893e-03
1.400000000000000000e+01 1.010000000000000000e+02 7.000000000000000000e+00 0.000000000000000000e+00 1.600000000000000089e+00 5.584999999999999687e-03 -1.578299999999999842e-02 9.998599999999999710e-01 8.907800000000000162e-01 4.544290000000000274e-01 2.197999999999999867e-03 -4.544000000000000261e-01 8.906429999999999625e-01 1.659800000000000164e-02
1.800000000000000000e+01 1.010000000000000000e+02 7.000000000000000000e+00 0.000000000000000000e+00 1.600000000000000089e+00 -1.291000000000000047e-03 1.358799999999999938e-02 9.999069999999999903e-01 8.919089999999999518e-01 4.521879999999999789e-01 -4.993000000000000042e-03 -4.522140000000000049e-01 8.918190000000000284e-01 -1.270300000000000075e-02
5.000000000000000000e+00 2.500000000000000000e+01 8.000000000000000000e+00 0.000000000000000000e+00 1.600000000000000089e+00 -2.129999999999999949e-03 4.669999999999999672e-03 -9.999869999999999592e-01 4.514739999999999864e-01 8.922780000000000156e-01 3.204999999999999950e-03 8.922820000000000196e-01 -4.514610000000000012e-01 -4.009000000000000410e-03
9.000000000000000000e+00 2.500000000000000000e+01 8.000000000000000000e+00 0.000000000000000000e+00 1.600000000000000089e+00 -2.942999999999999870e-03 2.451000000000000054e-03 -9.999930000000000208e-01 4.490430000000000255e-01 8.935100000000000264e-01 8.689999999999999808e-04 8.935049999999999937e-01 -4.490370000000000195e-01 -3.729999999999999809e-03
1.300000000000000000e+01 2.500000000000000000e+01 8.000000000000000000e+00 0.000000000000000000e+00 1.600000000000000089e+00 -1.448999999999999984e-03 -4.667000000000000141e-03 -9.999879999999999880e-01 4.484500000000000153e-01 8.937950000000000061e-01 -4.820999999999999765e-03 8.938070000000000181e-01 -4.484509999999999885e-01 7.979999999999999897e-04
2.000000000000000000e+01 2.500000000000000000e+01 8.000000000000000000e+00 0.000000000000000000e+00 1.600000000000000089e+00 -1.647999999999999942e-03 -3.400999999999999943e-03 -9.999930000000000208e-01 4.514460000000000139e-01 8.922909999999999453e-01 -3.778999999999999807e-03 8.922970000000000068e-01 -4.514489999999999892e-01 6.499999999999999431e-05
2.900000000000000000e+01 2.500000000000000000e+01 8.000000000000000000e+00 0.000000000000000000e+00 1.600000000000000089e+00 2.207000000000000194e-03 6.516000000000000091e-03 -9.999759999999999760e-01 4.511069999999999802e-01 8.924440000000000150e-01 6.811000000000000214e-03 8.924670000000000103e-01 -4.511120000000000130e-01 -9.700000000000000505e-04
4.000000000000000000e+00 2.400000000000000000e+01 9.000000000000000000e+00 0.000000000000000000e+00 1.600000000000000089e+00 -1.384000000000000031e-03 5.237999999999999601e-03 -9.999850000000000128e-01 4.566080000000000139e-01 8.896589999999999776e-01 4.028000000000000330e-03 8.896669999999999856e-01 -4.565949999999999731e-01 -3.622999999999999918e-03
1.100000000000000000e+01 2.400000000000000000e+01 9.000000000000000000e+00 0.000000000000000000e+00 1.600000000000000089e+00 -1.317999999999999944e-03 -1.423000000000000003e-03 -9.999980000000000535e-01 4.525319999999999898e-01 8.917460000000000386e-01 -1.864999999999999904e-03 8.917469999999999564e-01 -4.525339999999999918e-01 -5.310000000000000050e-04
1.300000000000000000e+01 2.400000000000000000e+01 9.000000000000000000e+00 0.000000000000000000e+00 1.600000000000000089e+00 -1.533999999999999990e-03 -6.176000000000000066e-03 -9.999799999999999800e-01 4.524909999999999766e-01 8.917469999999999564e-01 -6.200999999999999915e-03 8.917669999999999764e-01 -4.524920000000000053e-01 1.427000000000000100e-03
1.900000000000000000e+01 2.400000000000000000e+01 9.000000000000000000e+00 0.000000000000000000e+00 1.600000000000000089e+00 -1.773999999999999969e-03 -3.570000000000000040e-04 -9.999980000000000535e-01 4.547950000000000048e-01 8.905950000000000255e-01 -1.123999999999999999e-03 8.905939999999999968e-01 -4.547970000000000068e-01 -1.417000000000000074e-03
2.800000000000000000e+01 2.400000000000000000e+01 9.000000000000000000e+00 0.000000000000000000e+00 1.600000000000000089e+00 2.099999999999999870e-03 4.761999999999999740e-03 -9.999869999999999592e-01 4.550710000000000033e-01 8.904400000000000093e-01 5.196000000000000098e-03 8.904530000000000500e-01 -4.550750000000000073e-01 -2.970000000000000092e-04
1.000000000000000000e+01 4.000000000000000000e+00 1.100000000000000000e+01 0.000000000000000000e+00 1.600000000000000089e+00 3.547199999999999659e-02 -2.319219999999999893e-01 -9.720870000000000344e-01 8.176600000000000534e-02 9.701119999999999743e-01 -2.284670000000000034e-01 9.960200000000000164e-01 -7.137899999999999801e-02 5.337499999999999883e-02
1.800000000000000000e+01 4.000000000000000000e+00 1.100000000000000000e+01 0.000000000000000000e+00 1.600000000000000089e+00 -4.279499999999999971e-02 7.879500000000000393e-02 -9.959719999999999684e-01 1.550850000000000006e-01 9.853260000000000352e-01 7.128900000000000514e-02 9.869740000000000180e-01 -1.514099999999999890e-01 -5.438699999999999785e-02
2.400000000000000000e+01 4.000000000000000000e+00 1.100000000000000000e+01 0.000000000000000000e+00 1.600000000000000089e+00 -6.302999999999999575e-03 -2.488100000000000034e-02 -9.996709999999999763e-01 2.398839999999999861e-01 9.704620000000000468e-01 -2.566600000000000131e-02 9.707810000000000050e-01 -2.399670000000000136e-01 -1.479999999999999925e-04
1.800000000000000000e+01 3.100000000000000000e+01 1.200000000000000000e+01 0.000000000000000000e+00 1.600000000000000089e+00 -2.543999999999999821e-03 -1.516900000000000019e-02 9.998820000000000485e-01 -1.248100000000000077e-02 9.998080000000000300e-01 1.513600000000000015e-02 -9.999190000000000023e-01 -1.244100000000000067e-02 -2.733000000000000186e-03
6.000000000000000000e+00 3.500000000000000000e+01 1.200000000000000000e+01 0.000000000000000000e+00 1.600000000000000089e+00 -6.452000000000000270e-03 6.120000000000000223e-04 -9.999789999999999512e-01 4.905120000000000036e-01 -8.714269999999999516e-01 -3.697999999999999898e-03 -8.714110000000000467e-01 -4.905249999999999888e-01 5.322000000000000342e-03
1.600000000000000000e+01 3.500000000000000000e+01 1.200000000000000000e+01 0.000000000000000000e+00 1.600000000000000089e+00 5.283999999999999635e-03 -5.942000000000000233e-03 -9.999679999999999680e-01 5.007319999999999549e-01 -8.655669999999999753e-01 7.790000000000000049e-03 -8.655859999999999665e-01 -5.007570000000000077e-01 -1.598000000000000028e-03
1.300000000000000000e+01 3.200000000000000000e+01 1.400000000000000000e+01 0.000000000000000000e+00 1.600000000000000089e+00 2.410000000000000033e-04 3.071799999999999878e-02 -9.995279999999999720e-01 1.044780000000000014e-01 9.940569999999999684e-01 3.057500000000000148e-02 9.945270000000000499e-01 -1.044360000000000011e-01 -2.968999999999999851e-03
1.900000000000000000e+01 3.200000000000000000e+01 1.400000000000000000e+01 0.000000000000000000e+00 1.600000000000000089e+00 -6.639999999999999852e-04 -2.244399999999999867e-02 -9.997479999999999700e-01 1.067469999999999947e-01 9.940339999999999732e-01 -2.238700000000000065e-02 9.942860000000000031e-01 -1.067349999999999965e-01 1.734999999999999997e-03
1.900000000000000000e+01 1.200000000000000000e+01 1.500000000000000000e+01 0.000000000000000000e+00 1.600000000000000089e+00 1.855000000000000095e-03 6.623999999999999680e-03 -9.999759999999999760e-01 -4.798450000000000215e-01 -8.773279999999999967e-01 -6.701999999999999624e-03 -8.773509999999999920e-01 4.798459999999999948e-01 1.551000000000000078e-03
2.100000000000000000e+01 2.000000000000000000e+00 1.900000000000000000e+01 0.000000000000000000e+00 1.600000000000000089e+00 -1.631000000000000158e-02 2.570300000000000015e-02 -9.995370000000000088e-01 2.316410000000000136e-01 -9.723749999999999893e-01 -2.878400000000000056e-02 -9.726650000000000018e-01 -2.320029999999999870e-01 9.905999999999999875e-03
2.600000000000000000e+01 2.000000000000000000e+00 1.900000000000000000e+01 0.000000000000000000e+00 1.600000000000000089e+00 -3.272999999999999868e-03 3.210000000000000180e-03 -9.999900000000000455e-01 2.147399999999999864e-01 -9.766639999999999766e-01 -3.838999999999999965e-03 -9.766660000000000341e-01 -2.147499999999999964e-01 2.507999999999999813e-03
2.900000000000000000e+01 2.000000000000000000e+00 1.900000000000000000e+01 0.000000000000000000e+00 1.600000000000000089e+00 3.319999999999999926e-04 7.205999999999999732e-03 -9.999740000000000295e-01 2.156689999999999996e-01 -9.764420000000000321e-01 -6.964999999999999837e-03 -9.764669999999999739e-01 -2.156609999999999916e-01 -1.877999999999999895e-03
1.700000000000000000e+01 3.000000000000000000e+00 1.900000000000000000e+01 0.000000000000000000e+00 1.600000000000000089e+00 2.099300000000000124e-02 4.017600000000000338e-02 -9.989719999999999711e-01 2.493799999999999906e-01 -9.678200000000000136e-01 -3.368299999999999766e-02 -9.681779999999999831e-01 -2.484159999999999979e-01 -3.033599999999999838e-02
1.200000000000000000e+01 4.000000000000000000e+00 2.000000000000000000e+01 0.000000000000000000e+00 1.600000000000000089e+00 1.142999999999999919e-03 1.921399999999999844e-02 -9.998150000000000093e-01 3.011490000000000000e-01 -9.534070000000000045e-01 -1.797800000000000092e-02 -9.535759999999999792e-01 -3.010729999999999795e-01 -6.876000000000000167e-03
1.800000000000000000e+01 4.000000000000000000e+00 2.000000000000000000e+01 0.000000000000000000e+00 1.600000000000000089e+00 -4.578999999999999737e-03 2.867000000000000104e-02 -9.995779999999999665e-01 2.954330000000000012e-01 -9.549309999999999743e-01 -2.874300000000000119e-02 -9.553519999999999790e-01 -2.954399999999999804e-01 -4.098000000000000080e-03
3.000000000000000000e+00 1.300000000000000000e+01 2.000000000000000000e+01 0.000000000000000000e+00 1.600000000000000089e+00 2.894400000000000098e-02 6.836599999999999622e-02 9.972400000000000153e-01 2.531490000000000129e-01 9.646329999999999627e-01 -7.347800000000000165e-02 -9.669940000000000202e-01 2.545769999999999977e-01 1.061400000000000017e-02
1.200000000000000000e+01 1.300000000000000000e+01 2.000000000000000000e+01 0.000000000000000000e+00 1.600000000000000089e+00 6.589999999999999721e-04 -9.799999999999999684e-04 9.999989999999999712e-01 2.519549999999999845e-01 9.677390000000000159e-01 7.820000000000000345e-04 -9.677390000000000159e-01 2.519540000000000113e-01 8.850000000000000444e-04
1.900000000000000000e+01 1.300000000000000000e+01 2.000000000000000000e+01 0.000000000000000000e+00 1.600000000000000089e+00 -2.101000000000000003e-03 -1.960500000000000090e-02 9.998059999999999725e-01 2.564420000000000033e-01 9.663629999999999720e-01 1.948799999999999838e-02 -9.665569999999999995e-01 2.564330000000000220e-01 2.997000000000000098e-03
2.800000000000000000e+01 1.300000000000000000e+01 2.000000000000000000e+01 0.000000000000000000e+00 1.600000000000000089e+00 1.907000000000000058e-03 2.138999999999999929e-02 9.997690000000000188e-01 2.567720000000000002e-01 9.662399999999999878e-01 -2.116200000000000025e-02 -9.664700000000000513e-01 2.567530000000000090e-01 -3.650000000000000033e-03
5.000000000000000000e+00 1.600000000000000000e+01 2.100000000000000000e+01 0.000000000000000000e+00 1.600000000000000089e+00 1.233000000000000068e-02 3.821800000000000197e-02 9.991929999999999978e-01 3.019200000000000217e-01 9.524869999999999726e-01 -4.015699999999999825e-02 -9.532530000000000170e-01 3.021719999999999962e-01 2.059999999999999928e-04
9.000000000000000000e+00 1.600000000000000000e+01 2.100000000000000000e+01 0.000000000000000000e+00 1.600000000000000089e+00 9.430000000000000448e-04 6.753000000000000322e-03 9.999770000000000048e-01 2.981820000000000026e-01 9.544850000000000279e-01 -6.727000000000000340e-03 -9.545090000000000519e-01 2.981809999999999738e-01 -1.113999999999999973e-03
1.300000000000000000e+01 1.600000000000000000e+01 2.100000000000000000e+01 0.000000000000000000e+00 1.600000000000000089e+00 7.489999999999999913e-04 8.540000000000000499e-04 9.999989999999999712e-01 2.980220000000000091e-01 9.545580000000000176e-01 -1.038000000000000077e-03 -9.545590000000000463e-01 2.980229999999999824e-01 4.600000000000000139e-04
2.400000000000000000e+01 1.600000000000000000e+01 2.100000000000000000e+01 0.000000000000000000e+00 1.600000000000000089e+00 -6.409999999999999682e-04 -4.821999999999999897e-03 9.999879999999999880e-01 3.026090000000000169e-01 9.531030000000000335e-01 4.789999999999999987e-03 -9.531140000000000168e-01 3.026090000000000169e-01 8.480000000000000124e-04
2.800000000000000000e+01 1.600000000000000000e+01 2.100000000000000000e+01 0.000000000000000000e+00 1.600000000000000089e+00 -1.441000000000000007e-03 4.922000000000000160e-03 9.999869999999999592e-01 3.006519999999999748e-01 9.537250000000000449e-01 -4.261000000000000031e-03 -9.537330000000000529e-01 3.006420000000000203e-01 -2.854000000000000200e-03
2.500000000000000000e+01 3.000000000000000000e+00 2.500000000000000000e+01 0.000000000000000000e+00 1.600000000000000089e+00 3.075699999999999962e-02 1.027199999999999988e-02 9.994739999999999736e-01 -3.141599999999999948e-02 -9.994429999999999703e-01 1.123799999999999973e-02 9.990329999999999488e-01 -3.174600000000000338e-02 -3.041699999999999959e-02
1.400000000000000000e+01 4.000000000000000000e+00 2.500000000000000000e+01 0.000000000000000000e+00 1.600000000000000089e+00 5.930699999999999861e-02 4.553900000000000309e-02 9.971999999999999753e-01 -5.849149999999999627e-01 -8.079210000000000003e-01 7.168199999999999572e-02 8.089239999999999764e-01 -5.875280000000000502e-01 -2.127899999999999930e-02
9.000000000000000000e+00 4.600000000000000000e+01 2.700000000000000000e+01 0.000000000000000000e+00 1.600000000000000089e+00 -4.300000000000000165e-05 -1.791000000000000057e-03 -9.999980000000000535e-01 6.714059999999999473e-01 7.410879999999999690e-01 -1.356000000000000000e-03 7.410889999999999977e-01 -6.714050000000000296e-01 1.170999999999999949e-03
2.500000000000000000e+01 1.100000000000000000e+01 3.000000000000000000e+01 0.000000000000000000e+00 1.600000000000000089e+00 6.644200000000000106e-02 8.323800000000000088e-01 5.502089999999999481e-01 -2.731160000000000254e-01 -5.151959999999999873e-01 8.123920000000000030e-01 9.596839999999999815e-01 -2.042470000000000119e-01 1.931049999999999989e-01
1.400000000000000000e+01 4.600000000000000000e+01 3.000000000000000000e+01 0.000000000000000000e+00 1.600000000000000089e+00 1.526000000000000013e-03 6.988000000000000288e-03 -9.999740000000000295e-01 3.257979999999999765e-01 9.454129999999999479e-01 7.104000000000000072e-03 9.454380000000000006e-01 -3.258010000000000073e-01 -8.339999999999999974e-04
1.000000000000000000e+00 5.800000000000000000e+01 3.100000000000000000e+01 0.000000000000000000e+00 1.600000000000000089e+00 7.990000000000000140e-04 -1.716999999999999993e-03 9.999980000000000535e-01 -7.739949999999999886e-01 -6.331909999999999483e-01 -4.690000000000000158e-04 6.331909999999999483e-01 -7.739930000000000421e-01 -1.835000000000000043e-03
5.000000000000000000e+00 5.800000000000000000e+01 3.100000000000000000e+01 0.000000000000000000e+00 1.600000000000000089e+00 -4.490000000000000067e-03 -7.198999999999999670e-03 9.999639999999999640e-01 -7.686859999999999804e-01 -6.395750000000000046e-01 -8.056000000000000660e-03 6.396100000000000119e-01 -7.686950000000000172e-01 -2.661999999999999870e-03
9.000000000000000000e+00 5.800000000000000000e+01 3.100000000000000000e+01 0.000000000000000000e+00 1.600000000000000089e+00 -5.967000000000000082e-03 -1.544000000000000060e-02 9.998629999999999463e-01 -7.703200000000000047e-01 -6.374940000000000051e-01 -1.444100000000000071e-02 6.376300000000000301e-01 -7.703010000000000135e-01 -8.089000000000000704e-03
1.300000000000000000e+01 5.800000000000000000e+01 3.100000000000000000e+01 0.000000000000000000e+00 1.600000000000000089e+00 5.527999999999999928e-03 7.828999999999999154e-03 9.999540000000000095e-01 -7.767880000000000340e-01 -6.296950000000000047e-01 9.223999999999999561e-03 6.297380000000000200e-01 -7.768030000000000213e-01 2.599999999999999881e-03
1.800000000000000000e+01 5.800000000000000000e+01 3.100000000000000000e+01 0.000000000000000000e+00 1.600000000000000089e+00 3.011999999999999920e-03 1.650899999999999937e-02 9.998590000000000533e-01 -7.744640000000000413e-01 -6.324889999999999679e-01 1.277599999999999916e-02 6.326110000000000344e-01 -7.743929999999999980e-01 1.088100000000000005e-02
2.200000000000000000e+01 5.800000000000000000e+01 3.100000000000000000e+01 0.000000000000000000e+00 1.600000000000000089e+00 -5.784000000000000079e-03 -7.830999999999999420e-03 9.999529999999999808e-01 -7.719359999999999555e-01 -6.356309999999999460e-01 -9.443000000000000005e-03 6.356739999999999613e-01 -7.719540000000000290e-01 -2.367999999999999879e-03
2.600000000000000000e+01 5.800000000000000000e+01 3.100000000000000000e+01 0.000000000000000000e+00 1.600000000000000089e+00 -4.042999999999999719e-03 -3.951999999999999784e-03 9.999839999999999840e-01 -7.693729999999999736e-01 -6.387760000000000105e-01 -5.635000000000000252e-03 6.387880000000000225e-01 -7.693830000000000391e-01 -4.580000000000000195e-04
1.500000000000000000e+01 4.200000000000000000e+01 3.400000000000000000e+01 0.000000000000000000e+00 1.600000000000000089e+00 -4.184000000000000219e-03 -2.791000000000000078e-03 -9.999869999999999592e-01 -3.012489999999999890e-01 9.535439999999999472e-01 -1.400999999999999902e-03 9.535360000000000502e-01 3.012389999999999790e-01 -4.830000000000000092e-03
2.000000000000000000e+01 4.200000000000000000e+01 3.400000000000000000e+01 0.000000000000000000e+00 1.600000000000000089e+00 4.026000000000000065e-03 1.479000000000000063e-03 -9.999909999999999632e-01 -2.948120000000000185e-01 9.555550000000000432e-01 2.269999999999999882e-04 9.555470000000000352e-01 2.948080000000000145e-01 4.283000000000000348e-03
1.000000000000000000e+00 2.600000000000000000e+01 3.500000000000000000e+01 0.000000000000000000e+00 1.600000000000000089e+00 2.676620000000000110e-01 5.722009999999999597e-01 7.752050000000000329e-01 -6.993740000000000512e-01 -4.380330000000000057e-01 5.648039999999999727e-01 6.627469999999999750e-01 -6.933350000000000346e-01 2.829380000000000228e-01
5.000000000000000000e+00 4.600000000000000000e+01 3.500000000000000000e+01 0.000000000000000000e+00 1.600000000000000089e+00 -1.268999999999999946e-03 -7.657999999999999877e-03 -9.999700000000000255e-01 3.889520000000000199e-01 -9.212350000000000261e-01 6.562000000000000124e-03 -9.212569999999999926e-01 -3.889319999999999999e-01 4.147999999999999778e-03
1.000000000000000000e+01 4.600000000000000000e+01 3.500000000000000000e+01 0.000000000000000000e+00 1.600000000000000089e+00 4.970000000000000459e-04 -4.603999999999999586e-03 -9.999890000000000168e-01 3.898960000000000203e-01 -9.208479999999999999e-01 4.433000000000000308e-03 -9.208589999999999831e-01 -3.898940000000000183e-01 1.337999999999999997e-03
1.500000000000000000e+01 4.600000000000000000e+01 3.500000000000000000e+01 0.000000000000000000e+00 1.600000000000000089e+00 3.794000000000000063e-03 4.412000000000000123e-03 -9.999829999999999552e-01 3.886310000000000042e-01 -9.213900000000000423e-01 -2.590999999999999987e-03 -9.213860000000000383e-01 -3.886140000000000150e-01 -5.210000000000000221e-03
1.900000000000000000e+01 4.600000000000000000e+01 3.500000000000000000e+01 0.000000000000000000e+00 1.600000000000000089e+00 -1.090000000000000040e-03 1.110099999999999976e-02 -9.999379999999999935e-01 3.870020000000000127e-01 -9.220169999999999755e-01 -1.065800000000000081e-02 -9.220779999999999532e-01 -3.869900000000000007e-01 -3.291000000000000088e-03
2.500000000000000000e+01 4.600000000000000000e+01 3.500000000000000000e+01 0.000000000000000000e+00 1.600000000000000089e+00 -6.430000000000000169e-04 4.054000000000000312e-03 -9.999919999999999920e-01 3.890210000000000057e-01 -9.212200000000000388e-01 -3.984999999999999827e-03 -9.212280000000000468e-01 -3.890210000000000057e-01 -9.849999999999999815e-04
3.000000000000000000e+00 1.100000000000000000e+01 3.600000000000000000e+01 0.000000000000000000e+00 1.600000000000000089e+00 1.884379999999999944e-01 -8.991409999999999680e-01 -3.950150000000000050e-01 -7.334870000000000001e-01 1.386149999999999882e-01 -6.654200000000000115e-01 6.530610000000000026e-01 4.151290000000000258e-01 -6.333870000000000333e-01
1.200000000000000000e+01 2.200000000000000000e+01 3.600000000000000000e+01 0.000000000000000000e+00 1.600000000000000089e+00 -1.944430000000000047e-01 -7.411809999999999787e-01 6.425279999999999880e-01 7.282260000000000399e-01 3.297709999999999808e-01 6.007810000000000095e-01 -6.571749999999999536e-01 5.847229999999999928e-01 4.756250000000000200e-01
2.000000000000000000e+00 2.700000000000000000e+01 3.600000000000000000e+01 0.000000000000000000e+00 1.600000000000000089e+00 3.043950000000000267e-01 4.687479999999999980e-01 8.292279999999999651e-01 -7.202849999999999531e-01 -4.563929999999999931e-01 5.223940000000000250e-01 6.233250000000000179e-01 -7.562940000000000218e-01 1.987079999999999957e-01
2.500000000000000000e+01 9.500000000000000000e+01 3.600000000000000000e+01 0.000000000000000000e+00 1.600000000000000089e+00 -6.069200000000000289e-02 4.992200000000000110e-02 9.969069999999999876e-01 9.957279999999999465e-01 7.265900000000000136e-02 5.698099999999999693e-02 -6.958999999999999908e-02 9.961069999999999647e-01 -5.411799999999999944e-02
4.000000000000000000e+00 1.200000000000000000e+01 3.700000000000000000e+01 0.000000000000000000e+00 1.600000000000000089e+00 1.749030000000000029e-01 -9.207969999999999766e-01 -3.486279999999999935e-01 -7.414159999999999640e-01 1.098129999999999939e-01 -6.619990000000000041e-01 6.478509999999999547e-01 3.742639999999999856e-01 -6.634870000000000489e-01
2.600000000000000000e+01 2.200000000000000000e+01 3.700000000000000000e+01 0.000000000000000000e+00 1.600000000000000089e+00 -3.617399999999999782e-02 5.542270000000000252e-01 -8.315789999999999571e-01 6.706220000000000514e-01 -6.034749999999999837e-01 -4.313739999999999797e-01 -7.409160000000000190e-01 -5.732800000000000118e-01 -3.498470000000000191e-01
1.300000000000000000e+01 2.300000000000000000e+01 3.700000000000000000e+01 0.000000000000000000e+00 1.600000000000000089e+00 -1.884069999999999911e-01 -7.533180000000000431e-01 6.300909999999999567e-01 7.255270000000000330e-01 3.256430000000000158e-01 6.062739999999999796e-01 -6.619019999999999904e-01 5.713740000000000485e-01 4.851989999999999914e-01
1.100000000000000000e+01 1.500000000000000000e+01 3.800000000000000000e+01 0.000000000000000000e+00 1.600000000000000089e+00 2.072549999999999948e-01 3.879989999999999828e-01 8.980540000000000189e-01 -7.853799999999999670e-01 -4.813430000000000208e-01 3.892140000000000044e-01 5.832869999999999999e-01 -7.859810000000000407e-01 2.049660000000000093e-01
6.000000000000000000e+00 3.600000000000000000e+01 3.800000000000000000e+01 0.000000000000000000e+00 1.600000000000000089e+00 -3.645889999999999964e-01 7.761400000000000243e-02 9.279279999999999751e-01 9.067309999999999537e-01 2.563940000000000108e-01 3.348149999999999737e-01 -2.119290000000000063e-01 9.634509999999999463e-01 -1.638539999999999996e-01
8.000000000000000000e+00 3.700000000000000000e+01 3.800000000000000000e+01 0.000000000000000000e+00 1.600000000000000089e+00 -2.916389999999999816e-01 -1.117390000000000050e-01 9.499800000000000466e-01 7.984130000000000393e-01 5.184999999999999609e-01 3.060959999999999792e-01 -5.267669999999999852e-01 8.477449999999999708e-01 -6.200100000000000056e-02
1.800000000000000000e+01 3.700000000000000000e+01 3.800000000000000000e+01 0.000000000000000000e+00 1.600000000000000089e+00 4.677100000000000007e-02 -8.477000000000000160e-03 9.988700000000000356e-01 6.524759999999999449e-01 7.574260000000000437e-01 -2.412299999999999861e-02 -7.563649999999999540e-01 6.528659999999999464e-01 4.095700000000000035e-02
1.200000000000000000e+01 3.800000000000000000e+01 3.800000000000000000e+01 0.000000000000000000e+00 1.600000000000000089e+00 -1.326499999999999901e-01 -1.730220000000000091e-01 9.759440000000000337e-01 6.914940000000000531e-01 6.892740000000000533e-01 2.161869999999999903e-01 -7.100980000000000070e-01 7.035369999999999679e-01 2.821200000000000097e-02
1.600000000000000000e+01 2.600000000000000000e+01 3.900000000000000000e+01 0.000000000000000000e+00 1.600000000000000089e+00 -1.540110000000000090e-01 -7.626260000000000261e-01 6.282370000000000454e-01 7.139210000000000278e-01 3.536730000000000151e-01 6.043450000000000211e-01 -6.830800000000000205e-01 5.415879999999999583e-01 4.899850000000000039e-01
9.000000000000000000e+00 3.800000000000000000e+01 3.900000000000000000e+01 0.000000000000000000e+00 1.600000000000000089e+00 -2.787040000000000073e-01 -1.915350000000000108e-01 9.410840000000000316e-01 7.806039999999999646e-01 5.256480000000000041e-01 3.381600000000000161e-01 -5.594479999999999453e-01 8.288600000000000412e-01 3.013000000000000053e-03
1.200000000000000000e+01 3.900000000000000000e+01 3.900000000000000000e+01 0.000000000000000000e+00 1.600000000000000089e+00 -1.715830000000000133e-01 -2.644659999999999789e-01 9.490089999999999915e-01 7.239200000000000079e-01 6.195220000000000171e-01 3.035320000000000240e-01 -6.682059999999999667e-01 7.390870000000000495e-01 8.515300000000000646e-02
1.700000000000000000e+01 2.700000000000000000e+01 4.000000000000000000e+01 0.000000000000000000e+00 1.600000000000000089e+00 -1.426370000000000138e-01 -7.939070000000000293e-01 5.910729999999999595e-01 7.118459999999999788e-01 3.326379999999999892e-01 6.185680000000000067e-01 -6.876989999999999492e-01 5.089829999999999632e-01 5.176929999999999588e-01
9.000000000000000000e+00 6.100000000000000000e+01 4.000000000000000000e+01 0.000000000000000000e+00 1.600000000000000089e+00 2.664800000000000155e-02 -5.425950000000000495e-01 -8.395719999999999850e-01 3.524829999999999908e-01 -7.808260000000000201e-01 5.158169999999999700e-01 -9.354390000000000205e-01 -3.096800000000000108e-01 1.704479999999999884e-01
5.000000000000000000e+00 3.000000000000000000e+00 4.300000000000000000e+01 0.000000000000000000e+00 1.600000000000000089e+00 8.543999999999999512e-03 2.615599999999999870e-02 -9.996209999999999818e-01 7.367799999999999905e-01 -6.760359999999999703e-01 -1.139199999999999935e-02 -6.760779999999999568e-01 -7.364039999999999475e-01 -2.504699999999999982e-02
1.300000000000000000e+01 2.200000000000000000e+01 4.500000000000000000e+01 0.000000000000000000e+00 1.600000000000000089e+00 1.468669999999999976e-01 -7.834199999999999497e-02 -9.860489999999999533e-01 -4.684079999999999910e-01 8.724960000000000493e-01 -1.390879999999999894e-01 8.712199999999999944e-01 4.823009999999999797e-01 9.144499999999999851e-02
2.000000000000000000e+01 2.400000000000000000e+01 4.500000000000000000e+01 0.000000000000000000e+00 1.600000000000000089e+00 1.229119999999999935e-01 -3.021530000000000049e-01 -9.453019999999999756e-01 -5.978109999999999813e-01 7.377730000000000121e-01 -3.135490000000000221e-01 7.921580000000000288e-01 6.036510000000000487e-01 -8.994900000000000118e-02
9.000000000000000000e+00 2.200000000000000000e+01 4.600000000000000000e+01 0.000000000000000000e+00 1.600000000000000089e+00 6.909099999999999964e-02 -1.822000000000000008e-02 -9.974439999999999973e-01 -2.188309999999999977e-01 9.752049999999999885e-01 -3.297200000000000131e-02 9.733140000000000125e-01 2.205499999999999960e-01 6.339100000000000290e-02
1.700000000000000000e+01 6.500000000000000000e+01 4.600000000000000000e+01 0.000000000000000000e+00 1.600000000000000089e+00 -7.267000000000000022e-03 -1.538339999999999985e-01 9.880700000000000038e-01 6.616689999999999516e-01 -7.415950000000000042e-01 -1.105929999999999969e-01 7.497610000000000108e-01 6.529719999999999969e-01 1.071759999999999935e-01
1.100000000000000000e+01 5.300000000000000000e+01 4.900000000000000000e+01 0.000000000000000000e+00 1.600000000000000089e+00 -4.821630000000000082e-01 2.442850000000000021e-01 8.413350000000000550e-01 -8.670060000000000544e-01 4.819999999999999632e-03 -4.982750000000000234e-01 -1.257759999999999989e-01 -9.696919999999999984e-01 2.094719999999999915e-01
1.900000000000000000e+01 4.500000000000000000e+01 5.000000000000000000e+01 0.000000000000000000e+00 1.600000000000000089e+00 -2.336600000000000066e-01 6.443719999999999448e-01 7.281400000000000095e-01 5.328030000000000266e-01 7.112810000000000521e-01 -4.584759999999999946e-01 -8.133409999999999807e-01 2.808280000000000221e-01 -5.095210000000000017e-01
3.000000000000000000e+01 6.000000000000000000e+00 5.100000000000000000e+01 0.000000000000000000e+00 1.600000000000000089e+00 -5.021000000000000289e-03 9.403999999999999165e-03 -9.999430000000000263e-01 3.152550000000000074e-01 -9.489490000000000425e-01 -1.050799999999999998e-02 -9.489940000000000042e-01 -3.152900000000000147e-01 1.799999999999999951e-03
3.000000000000000000e+01 4.100000000000000000e+01 5.100000000000000000e+01 0.000000000000000000e+00 1.600000000000000089e+00 -1.301700000000000079e-02 -8.185679999999999623e-01 5.742620000000000502e-01 6.171529999999999516e-01 4.452920000000000211e-01 6.487199999999999633e-01 -7.867359999999999909e-01 3.628520000000000079e-01 4.993850000000000233e-01
2.400000000000000000e+01 4.800000000000000000e+01 5.100000000000000000e+01 0.000000000000000000e+00 1.600000000000000089e+00 1.584299999999999944e-02 -9.432059999999999889e-01 3.318309999999999871e-01 6.283860000000000001e-01 2.675350000000000228e-01 7.304490000000000149e-01 -7.777399999999999869e-01 1.969450000000000089e-01 5.969360000000000221e-01
1.000000000000000000e+00 6.400000000000000000e+01 5.100000000000000000e+01 0.000000000000000000e+00 1.600000000000000089e+00 3.061799999999999938e-02 -7.464429999999999676e-01 6.647440000000000015e-01 7.122709999999999875e-01 -4.502869999999999928e-01 -5.384349999999999969e-01 7.012369999999999992e-01 4.899640000000000106e-01 5.178829999999999822e-01
1.100000000000000000e+01 7.000000000000000000e+00 5.200000000000000000e+01 0.000000000000000000e+00 1.600000000000000089e+00 7.182000000000000016e-03 4.785000000000000191e-03 -9.999630000000000463e-01 8.688500000000000389e-02 -9.962100000000000399e-01 -4.142999999999999981e-03 -9.961919999999999664e-01 -8.685199999999999865e-02 -7.570000000000000340e-03
1.500000000000000000e+01 7.000000000000000000e+00 5.200000000000000000e+01 0.000000000000000000e+00 1.600000000000000089e+00 4.797000000000000049e-03 8.639000000000000845e-03 -9.999510000000000343e-01 7.290599999999999858e-02 -9.973049999999999971e-01 -8.267000000000000043e-03 -9.973269999999999635e-01 -7.286299999999999721e-02 -5.414000000000000409e-03
3.000000000000000000e+01 7.000000000000000000e+00 5.200000000000000000e+01 0.000000000000000000e+00 1.600000000000000089e+00 -1.726000000000000104e-03 1.386800000000000012e-02 -9.999019999999999575e-01 7.828300000000000536e-02 -9.968329999999999691e-01 -1.396000000000000019e-02 -9.969299999999999828e-01 -7.829899999999999360e-02 6.350000000000000392e-04
2.500000000000000000e+01 4.900000000000000000e+01 5.200000000000000000e+01 0.000000000000000000e+00 1.600000000000000089e+00 -3.053099999999999911e-02 -9.573599999999999888e-01 2.872810000000000086e-01 6.384319999999999995e-01 2.024680000000000091e-01 7.425709999999999811e-01 -7.690719999999999779e-01 2.060809999999999864e-01 6.050280000000000102e-01
1.800000000000000000e+01 6.300000000000000000e+01 5.200000000000000000e+01 0.000000000000000000e+00 1.600000000000000089e+00 -3.906199999999999950e-02 2.086800000000000044e-01 -9.772030000000000438e-01 4.692779999999999729e-01 8.672239999999999949e-01 1.664360000000000006e-01 8.821860000000000257e-01 -4.520790000000000086e-01 -1.318050000000000055e-01
2.500000000000000000e+01 5.000000000000000000e+01 5.300000000000000000e+01 0.000000000000000000e+00 1.600000000000000089e+00 -8.833599999999999786e-02 -9.558159999999999989e-01 2.803780000000000161e-01 6.274800000000000377e-01 1.652109999999999967e-01 7.609040000000000248e-01 -7.736060000000000159e-01 2.431470000000000020e-01 5.851610000000000422e-01
1.500000000000000000e+01 1.400000000000000000e+01 5.400000000000000000e+01 0.000000000000000000e+00 1.600000000000000089e+00 -4.902000000000000107e-03 -7.550000000000000287e-04 -9.999879999999999880e-01 5.804979999999999585e-01 8.142540000000000333e-01 -3.459999999999999968e-03 8.142470000000000541e-01 -5.805080000000000240e-01 -3.553000000000000169e-03
1.600000000000000000e+01 7.200000000000000000e+01 5.400000000000000000e+01 0.000000000000000000e+00 1.600000000000000089e+00 -9.135450000000000514e-01 2.407590000000000008e-01 3.278260000000000063e-01 -2.850969999999999893e-01 -9.538849999999999829e-01 -9.392899999999999860e-02 2.900940000000000185e-01 -1.792710000000000137e-01 9.400570000000000315e-01
2.700000000000000000e+01 2.400000000000000000e+01 5.500000000000000000e+01 0.000000000000000000e+00 1.600000000000000089e+00 -3.729999999999999982e-02 1.719670000000000087e-01 -9.843960000000000488e-01 2.491900000000000018e-02 9.849360000000000337e-01 1.711169999999999913e-01 9.989930000000000199e-01 -1.814800000000000094e-02 -4.102299999999999697e-02
1.800000000000000000e+01 2.600000000000000000e+01 5.500000000000000000e+01 0.000000000000000000e+00 1.600000000000000089e+00 1.346499999999999954e-02 1.855800000000000158e-02 -9.997369999999999868e-01 -1.031480000000000036e-01 9.945199999999999596e-01 1.707200000000000037e-02 9.945749999999999869e-01 1.028909999999999964e-01 1.530499999999999916e-02
2.000000000000000000e+01 2.600000000000000000e+01 5.500000000000000000e+01 0.000000000000000000e+00 1.600000000000000089e+00 2.501899999999999957e-02 2.332899999999999904e-02 -9.994150000000000533e-01 -1.083839999999999942e-01 9.938979999999999482e-01 2.048699999999999827e-02 9.937939999999999552e-01 1.078080000000000011e-01 2.739499999999999921e-02
2.800000000000000000e+01 5.300000000000000000e+01 5.500000000000000000e+01 0.000000000000000000e+00 1.600000000000000089e+00 2.362799999999999970e-02 -6.726590000000000069e-01 7.395760000000000112e-01 8.113499999999999879e-02 7.386319999999999553e-01 6.692080000000000251e-01 -9.964229999999999476e-01 4.419300000000000311e-02 7.202799999999999481e-02
2.400000000000000000e+01 4.200000000000000000e+01 5.800000000000000000e+01 0.000000000000000000e+00 1.600000000000000089e+00 -5.133039999999999825e-01 -4.641000000000000125e-01 7.218940000000000357e-01 -3.650199999999999972e-02 -8.285979999999999457e-01 -5.586529999999999552e-01 8.574300000000000255e-01 -3.131090000000000262e-01 4.083809999999999940e-01
1.200000000000000000e+01 5.500000000000000000e+01 5.800000000000000000e+01 0.000000000000000000e+00 1.600000000000000089e+00 7.554100000000000259e-01 4.310220000000000162e-01 -4.935329999999999995e-01 6.012629999999999919e-01 -7.553530000000000522e-01 2.606240000000000223e-01 -2.604569999999999941e-01 -4.936209999999999765e-01 -8.297590000000000243e-01
1.800000000000000000e+01 6.500000000000000000e+01 5.800000000000000000e+01 0.000000000000000000e+00 1.600000000000000089e+00 -5.580990000000000117e-01 -8.221669999999999812e-01 1.121049999999999963e-01 1.118669999999999942e-01 -2.084199999999999942e-01 -9.716209999999999569e-01 8.221990000000000132e-01 -5.297199999999999687e-01 2.082920000000000049e-01
2.200000000000000000e+01 2.000000000000000000e+01 6.000000000000000000e+01 0.000000000000000000e+00 1.600000000000000089e+00 2.739999999999999923e-04 5.139000000000000339e-03 9.999869999999999592e-01 -6.356699999999999851e-02 9.979649999999999910e-01 -5.111000000000000092e-03 -9.979780000000000317e-01 -6.356399999999999550e-02 5.999999999999999474e-04
4.000000000000000000e+00 2.100000000000000000e+01 6.000000000000000000e+01 0.000000000000000000e+00 1.600000000000000089e+00 3.288000000000000124e-03 2.680000000000000090e-04 9.999949999999999672e-01 -9.825799999999999812e-02 9.951609999999999623e-01 5.599999999999999916e-05 -9.951560000000000406e-01 -9.825699999999999712e-02 3.298000000000000150e-03
1.500000000000000000e+01 2.100000000000000000e+01 6.000000000000000000e+01 0.000000000000000000e+00 1.600000000000000089e+00 -2.380000000000000171e-03 7.072000000000000161e-03 9.999719999999999720e-01 -9.936899999999999900e-02 9.950240000000000196e-01 -7.272999999999999951e-03 -9.950480000000000436e-01 -9.938400000000000012e-02 -1.665000000000000030e-03
2.500000000000000000e+01 2.100000000000000000e+01 6.000000000000000000e+01 0.000000000000000000e+00 1.600000000000000089e+00 -1.007999999999999998e-03 -9.020000000000000240e-04 9.999989999999999712e-01 -9.754999999999999782e-02 9.952299999999999480e-01 7.990000000000000140e-04 -9.952299999999999480e-01 -9.754899999999999682e-02 -1.092000000000000089e-03
2.100000000000000000e+01 5.600000000000000000e+01 6.000000000000000000e+01 0.000000000000000000e+00 1.600000000000000089e+00 8.100049999999999750e-01 -4.670420000000000127e-01 -3.546309999999999740e-01 -5.221200000000000285e-01 -8.496960000000000068e-01 -7.352999999999999814e-02 -2.669869999999999743e-01 2.447199999999999931e-01 -9.321099999999999941e-01
9.000000000000000000e+00 6.000000000000000000e+00 6.100000000000000000e+01 0.000000000000000000e+00 1.600000000000000089e+00 -2.047999999999999907e-03 -2.054999999999999969e-03 9.999959999999999960e-01 5.735609999999999875e-01 -8.191629999999999745e-01 -5.090000000000000123e-04 8.191599999999999993e-01 5.735580000000000123e-01 2.856000000000000032e-03
3.000000000000000000e+00 3.000000000000000000e+00 6.300000000000000000e+01 0.000000000000000000e+00 1.600000000000000089e+00 -2.765999999999999796e-03 -3.346000000000000016e-03 9.999909999999999632e-01 -6.179700000000000193e-01 7.862010000000000387e-01 9.210000000000000521e-04 -7.861970000000000347e-01 -6.179609999999999825e-01 -4.242000000000000111e-03
