3.000000000000000000e+00 1.500000000000000000e+01 4.000000000000000000e+00 0.000000000000000000e+00 1.600000000000000089e+00 -1.033999999999999980e-03 1.100000000000000066e-03 9.999989999999999712e-01 3.147750000000000270e-01 -9.491650000000000365e-01 1.368999999999999991e-03 9.491659999999999542e-01 3.147760000000000002e-01 6.350000000000000392e-04
8.000000000000000000e+00 1.500000000000000000e+01 4.000000000000000000e+00 0.000000000000000000e+00 1.600000000000000089e+00 -2.458999999999999814e-03 1.346699999999999980e-02 9.999059999999999615e-01 3.146630000000000260e-01 -9.491070000000000340e-01 1.355699999999999961e-02 9.492000000000000437e-01 3.146669999999999745e-01 -1.904000000000000093e-03
1.700000000000000000e+01 1.500000000000000000e+01 4.000000000000000000e+00 0.000000000000000000e+00 1.600000000000000089e+00 -2.642999999999999950e-03 2.818500000000000172e-02 9.995990000000000153e-01 3.230489999999999751e-01 -9.459819999999999895e-01 2.752699999999999939e-02 9.463789999999999702e-01 3.229920000000000013e-01 -6.604999999999999760e-03
2.100000000000000000e+01 1.300000000000000000e+01 5.000000000000000000e+00 0.000000000000000000e+00 1.600000000000000089e+00 -6.287000000000000054e-03 6.377499999999999836e-02 9.979449999999999710e-01 3.310119999999999729e-01 -9.415710000000000468e-01 6.225699999999999984e-02 9.436059999999999448e-01 3.307229999999999892e-01 -1.519099999999999964e-02
2.700000000000000000e+01 1.000000000000000000e+00 6.000000000000000000e+00 0.000000000000000000e+00 1.600000000000000089e+00 -1.773800000000000029e-02 1.103930000000000050e-01 -9.937300000000000022e-01 -1.783480000000000065e-01 -9.782960000000000544e-01 -1.054950000000000054e-01 -9.838080000000000158e-01 1.753580000000000139e-01 3.704099999999999754e-02
3.000000000000000000e+00 1.010000000000000000e+02 7.000000000000000000e+00 0.000000000000000000e+00 1.600000000000000089e+00 -7.259999999999999743e-04 -1.734899999999999984e-02 9.998489999999999878e-01 8.892590000000000217e-01 4.573229999999999795e-01 8.581000000000000086e-03 -4.574019999999999753e-01 8.891320000000000334e-01 1.509500000000000078e-02
1.600000000000000000e+01 1.010000000000000000e+02 7.000000000000000000e+00 0.000000000000000000e+00 1.600000000000000089e+00 -1.033000000000000064e-03 -5.264999999999999715e-03 9.999860000000000415e-01 8.881310000000000038e-01 4.595779999999999865e-01 3.337000000000000122e-03 -4.595890000000000253e-01 8.881219999999999670e-01 4.200999999999999873e-03
2.300000000000000000e+01 1.010000000000000000e+02 7.000000000000000000e+00 0.000000000000000000e+00 1.600000000000000089e+00 1.949999999999999965e-04 1.669899999999999857e-02 9.998609999999999998e-01 8.893760000000000554e-01 4.571100000000000163e-01 -7.807999999999999836e-03 -4.571760000000000268e-01 8.892539999999999889e-01 -1.476200000000000082e-02
5.000000000000000000e+00 2.500000000000000000e+01 8.000000000000000000e+00 0.000000000000000000e+00 1.600000000000000089e+00 -2.116999999999999958e-03 -2.576999999999999864e-03 -9.999940000000000495e-01 4.450779999999999736e-01 8.954860000000000042e-01 -3.250999999999999984e-03 8.954889999999999795e-01 -4.450830000000000064e-01 -7.489999999999999913e-04
8.000000000000000000e+00 2.500000000000000000e+01 8.000000000000000000e+00 0.000000000000000000e+00 1.600000000000000089e+00 -1.606000000000000006e-03 -4.171000000000000228e-03 -9.999900000000000455e-01 4.444859999999999922e-01 8.957739999999999592e-01 -4.449999999999999963e-03 8.957840000000000247e-01 -4.444890000000000230e-01 4.150000000000000043e-04
1.400000000000000000e+01 2.500000000000000000e+01 8.000000000000000000e+00 0.000000000000000000e+00 1.600000000000000089e+00 -1.448999999999999984e-03 -5.926999999999999977e-03 -9.999810000000000088e-01 4.459779999999999855e-01 8.950240000000000418e-01 -5.950999999999999693e-03 8.950430000000000330e-01 -4.459779999999999855e-01 1.347000000000000107e-03
2.400000000000000000e+01 2.500000000000000000e+01 8.000000000000000000e+00 0.000000000000000000e+00 1.600000000000000089e+00 -1.786000000000000044e-03 -2.387999999999999932e-03 -9.999959999999999960e-01 4.467659999999999965e-01 8.946460000000000523e-01 -2.933999999999999976e-03 8.946490000000000276e-01 -4.467690000000000272e-01 -5.299999999999999807e-04
7.000000000000000000e+00 2.400000000000000000e+01 9.000000000000000000e+00 0.000000000000000000e+00 1.600000000000000089e+00 -1.410000000000000012e-03 -4.849000000000000012e-03 -9.999869999999999592e-01 4.501249999999999973e-01 8.929519999999999680e-01 -4.964999999999999795e-03 8.929639999999999800e-01 -4.501260000000000261e-01 9.229999999999999923e-04
1.500000000000000000e+01 2.400000000000000000e+01 9.000000000000000000e+00 0.000000000000000000e+00 1.600000000000000089e+00 -1.698000000000000074e-03 -8.111999999999999419e-03 -9.999660000000000215e-01 4.513730000000000242e-01 8.922989999999999533e-01 -8.004999999999999963e-03 8.923339999999999606e-01 -4.513719999999999954e-01 2.145999999999999904e-03
1.900000000000000000e+01 2.400000000000000000e+01 9.000000000000000000e+00 0.000000000000000000e+00 1.600000000000000089e+00 -1.796000000000000070e-03 -4.641000000000000160e-03 -9.999879999999999880e-01 4.518289999999999806e-01 8.920909999999999673e-01 -4.951999999999999805e-03 8.921029999999999793e-01 -4.518329999999999846e-01 4.949999999999999973e-04
2.400000000000000000e+01 2.400000000000000000e+01 9.000000000000000000e+00 0.000000000000000000e+00 1.600000000000000089e+00 -9.870000000000000301e-04 -9.770000000000000039e-04 -9.999989999999999712e-01 4.529190000000000160e-01 8.915509999999999824e-01 -1.317999999999999944e-03 8.915509999999999824e-01 -4.529199999999999893e-01 -4.369999999999999970e-04
2.800000000000000000e+01 2.400000000000000000e+01 9.000000000000000000e+00 0.000000000000000000e+00 1.600000000000000089e+00 -3.220000000000000206e-04 -6.412000000000000165e-03 -9.999789999999999512e-01 4.516040000000000054e-01 8.921989999999999643e-01 -5.865999999999999687e-03 8.922189999999999843e-01 -4.515959999999999974e-01 2.608000000000000075e-03
9.000000000000000000e+00 3.100000000000000000e+01 1.200000000000000000e+01 0.000000000000000000e+00 1.600000000000000089e+00 8.769999999999999584e-04 -3.089999999999999756e-04 1.000000000000000000e+00 -1.856000000000000011e-03 9.999980000000000535e-01 3.099999999999999999e-04 -9.999980000000000535e-01 -1.856999999999999927e-03 8.760000000000000425e-04
1.600000000000000000e+01 3.100000000000000000e+01 1.200000000000000000e+01 0.000000000000000000e+00 1.600000000000000089e+00 2.500000000000000120e-05 -3.661000000000000192e-03 9.999930000000000208e-01 -3.322999999999999999e-03 9.999879999999999880e-01 3.661000000000000192e-03 -9.999940000000000495e-01 -3.322999999999999999e-03 1.299999999999999920e-05
1.000000000000000000e+01 3.500000000000000000e+01 1.200000000000000000e+01 0.000000000000000000e+00 1.600000000000000089e+00 3.458999999999999835e-03 -4.135999999999999920e-03 -9.999850000000000128e-01 5.726590000000000291e-01 -8.197759999999999492e-01 5.370999999999999906e-03 -8.197870000000000434e-01 -5.726689999999999836e-01 -4.670000000000000214e-04
1.500000000000000000e+01 3.500000000000000000e+01 1.200000000000000000e+01 0.000000000000000000e+00 1.600000000000000089e+00 5.800000000000000034e-04 -4.549000000000000092e-03 -9.999900000000000455e-01 5.539589999999999792e-01 -8.325339999999999963e-01 4.108999999999999805e-03 -8.325439999999999507e-01 -5.539549999999999752e-01 2.037000000000000182e-03
2.100000000000000000e+01 3.500000000000000000e+01 1.200000000000000000e+01 0.000000000000000000e+00 1.600000000000000089e+00 1.902000000000000045e-03 -7.387999999999999602e-03 -9.999710000000000543e-01 5.328869999999999996e-01 -8.461549999999999905e-01 7.265999999999999889e-03 -8.461840000000000472e-01 -5.328850000000000531e-01 2.327000000000000075e-03
2.500000000000000000e+01 3.500000000000000000e+01 1.200000000000000000e+01 0.000000000000000000e+00 1.600000000000000089e+00 -8.700000000000000051e-04 -6.610000000000000424e-03 -9.999780000000000335e-01 5.126279999999999726e-01 -8.585949999999999971e-01 5.230000000000000274e-03 -8.586110000000000131e-01 -5.126119999999999566e-01 4.135999999999999920e-03
3.000000000000000000e+01 3.500000000000000000e+01 1.200000000000000000e+01 0.000000000000000000e+00 1.600000000000000089e+00 -7.999999999999999638e-06 -6.238999999999999754e-03 -9.999810000000000088e-01 5.017399999999999638e-01 -8.650020000000000486e-01 5.392000000000000091e-03 -8.650179999999999536e-01 -5.017300000000000093e-01 3.137000000000000031e-03
3.000000000000000000e+00 3.200000000000000000e+01 1.400000000000000000e+01 0.000000000000000000e+00 1.600000000000000089e+00 -9.840000000000000656e-04 -8.052999999999999395e-03 -9.999670000000000503e-01 1.023710000000000037e-01 9.947129999999999583e-01 -8.111000000000000154e-03 9.947460000000000191e-01 -1.023749999999999938e-01 -1.550000000000000000e-04
4.000000000000000000e+00 1.200000000000000000e+01 1.500000000000000000e+01 0.000000000000000000e+00 1.600000000000000089e+00 -1.167000000000000069e-03 7.748999999999999812e-03 -9.999689999999999968e-01 -4.646359999999999935e-01 -8.854790000000000161e-01 -6.320000000000000097e-03 -8.855009999999999826e-01 4.646150000000000002e-01 4.634000000000000098e-03
9.000000000000000000e+00 1.200000000000000000e+01 1.500000000000000000e+01 0.000000000000000000e+00 1.600000000000000089e+00 8.670000000000000406e-04 7.945000000000000673e-03 -9.999679999999999680e-01 -4.596210000000000018e-01 -8.880839999999999845e-01 -7.454999999999999821e-03 -8.881149999999999878e-01 4.596129999999999938e-01 2.880999999999999880e-03
1.400000000000000000e+01 1.200000000000000000e+01 1.500000000000000000e+01 0.000000000000000000e+00 1.600000000000000089e+00 -7.439999999999999782e-04 1.123099999999999966e-02 -9.999369999999999647e-01 -4.517559999999999909e-01 -8.920890000000000208e-01 -9.683999999999999900e-03 -8.921409999999999618e-01 4.517200000000000104e-01 5.738000000000000045e-03
2.000000000000000000e+01 1.200000000000000000e+01 1.500000000000000000e+01 0.000000000000000000e+00 1.600000000000000089e+00 -6.400000000000000307e-03 5.849000000000000032e-03 -9.999620000000000175e-01 -4.260249999999999870e-01 -9.047079999999999567e-01 -2.565000000000000006e-03 -9.046889999999999654e-01 4.259930000000000105e-01 8.281999999999999432e-03
2.000000000000000000e+00 1.160000000000000000e+02 1.600000000000000000e+01 0.000000000000000000e+00 1.600000000000000089e+00 -2.400000000000000061e-04 2.014000000000000165e-03 9.999980000000000535e-01 7.362750000000000128e-01 6.766809999999999770e-01 -1.185999999999999988e-03 -6.766820000000000057e-01 7.362739999999999840e-01 -1.644999999999999978e-03
7.000000000000000000e+00 1.160000000000000000e+02 1.600000000000000000e+01 0.000000000000000000e+00 1.600000000000000089e+00 -3.710000000000000190e-04 2.603999999999999978e-03 9.999970000000000248e-01 7.486009999999999609e-01 6.630190000000000250e-01 -1.448999999999999984e-03 -6.630200000000000538e-01 7.485979999999999857e-01 -2.196000000000000035e-03
2.300000000000000000e+01 1.160000000000000000e+02 1.600000000000000000e+01 0.000000000000000000e+00 1.600000000000000089e+00 1.015000000000000060e-03 -5.559999999999999621e-04 9.999989999999999712e-01 7.561379999999999768e-01 6.544119999999999937e-01 -4.040000000000000080e-04 -6.544119999999999937e-01 7.561379999999999768e-01 1.085000000000000027e-03
7.000000000000000000e+00 2.000000000000000000e+00 1.900000000000000000e+01 0.000000000000000000e+00 1.600000000000000089e+00 2.698700000000000057e-02 6.245599999999999763e-02 -9.976829999999999865e-01 2.352110000000000034e-01 -9.704209999999999781e-01 -5.438699999999999785e-02 -9.715700000000000447e-01 -2.331979999999999886e-01 -4.087899999999999867e-02
1.300000000000000000e+01 2.000000000000000000e+00 1.900000000000000000e+01 0.000000000000000000e+00 1.600000000000000089e+00 2.920700000000000032e-02 7.661900000000000654e-02 -9.966329999999999911e-01 2.897689999999999988e-01 -9.548919999999999630e-01 -6.491800000000000348e-02 -9.566510000000000291e-01 -2.868970000000000131e-01 -5.009099999999999664e-02
1.800000000000000000e+01 2.000000000000000000e+00 1.900000000000000000e+01 0.000000000000000000e+00 1.600000000000000089e+00 2.322300000000000059e-02 5.635099999999999831e-02 -9.981409999999999449e-01 3.257979999999999765e-01 -9.443329999999999780e-01 -4.573300000000000282e-02 -9.451540000000000497e-01 -3.241310000000000024e-01 -4.028899999999999842e-02
2.700000000000000000e+01 3.000000000000000000e+00 1.900000000000000000e+01 0.000000000000000000e+00 1.600000000000000089e+00 -5.918999999999999782e-03 2.843599999999999947e-02 -9.995779999999999665e-01 3.318459999999999743e-01 -9.428940000000000099e-01 -2.878899999999999862e-02 -9.433150000000000146e-01 -3.318769999999999776e-01 -3.856000000000000053e-03
9.000000000000000000e+00 4.000000000000000000e+00 2.000000000000000000e+01 0.000000000000000000e+00 1.600000000000000089e+00 1.871000000000000094e-02 4.669600000000000140e-02 -9.987340000000000106e-01 4.009880000000000111e-01 -9.154039999999999955e-01 -3.528799999999999992e-02 -9.158920000000000394e-01 -3.998200000000000087e-01 -3.585200000000000192e-02
1.600000000000000000e+01 4.000000000000000000e+00 2.000000000000000000e+01 0.000000000000000000e+00 1.600000000000000089e+00 2.512999999999999956e-02 2.353399999999999936e-02 -9.994070000000000453e-01 3.664160000000000195e-01 -9.303649999999999975e-01 -1.269499999999999969e-02 -9.301120000000000498e-01 -3.658799999999999830e-01 -3.200299999999999673e-02
1.900000000000000000e+01 4.000000000000000000e+00 2.000000000000000000e+01 0.000000000000000000e+00 1.600000000000000089e+00 2.091200000000000003e-02 1.898899999999999894e-02 -9.996009999999999618e-01 3.587509999999999866e-01 -9.333770000000000122e-01 -1.022600000000000071e-02 -9.331990000000000007e-01 -3.583939999999999904e-01 -2.633100000000000024e-02
2.200000000000000000e+01 4.000000000000000000e+00 2.000000000000000000e+01 0.000000000000000000e+00 1.600000000000000089e+00 5.802999999999999999e-03 1.026000000000000002e-02 -9.999310000000000143e-01 3.574120000000000075e-01 -9.339169999999999972e-01 -7.509000000000000050e-03 -9.339290000000000092e-01 -3.573439999999999950e-01 -9.086999999999999592e-03
3.000000000000000000e+00 1.300000000000000000e+01 2.000000000000000000e+01 0.000000000000000000e+00 1.600000000000000089e+00 -7.759999999999999971e-04 4.471000000000000148e-03 9.999900000000000455e-01 2.644509999999999916e-01 9.643899999999999695e-01 -4.106000000000000275e-03 -9.643990000000000062e-01 2.644449999999999856e-01 -1.930000000000000075e-03
7.000000000000000000e+00 1.300000000000000000e+01 2.000000000000000000e+01 0.000000000000000000e+00 1.600000000000000089e+00 1.589999999999999888e-04 1.551000000000000078e-03 9.999989999999999712e-01 2.646310000000000051e-01 9.643479999999999830e-01 -1.538000000000000088e-03 -9.643500000000000405e-01 2.646310000000000051e-01 -2.570000000000000127e-04
1.300000000000000000e+01 1.300000000000000000e+01 2.000000000000000000e+01 0.000000000000000000e+00 1.600000000000000089e+00 3.130000000000000187e-04 5.230000000000000274e-04 1.000000000000000000e+00 2.626649999999999818e-01 9.648870000000000502e-01 -5.869999999999999567e-04 -9.648870000000000502e-01 2.626649999999999818e-01 1.649999999999999991e-04
1.800000000000000000e+01 1.300000000000000000e+01 2.000000000000000000e+01 0.000000000000000000e+00 1.600000000000000089e+00 2.259999999999999910e-04 1.206000000000000041e-03 9.999989999999999712e-01 2.612949999999999995e-01 9.652579999999999494e-01 -1.224000000000000045e-03 -9.652589999999999781e-01 2.612949999999999995e-01 -9.699999999999999963e-05
2.300000000000000000e+01 1.300000000000000000e+01 2.000000000000000000e+01 0.000000000000000000e+00 1.600000000000000089e+00 -5.419999999999999471e-04 -2.724999999999999992e-03 9.999959999999999960e-01 2.640170000000000017e-01 9.645139999999999825e-01 2.771000000000000026e-03 -9.645179999999999865e-01 2.640179999999999749e-01 1.969999999999999909e-04
2.900000000000000000e+01 1.300000000000000000e+01 2.000000000000000000e+01 0.000000000000000000e+00 1.600000000000000089e+00 -5.890000000000000053e-04 -8.549999999999999658e-04 9.999989999999999712e-01 2.646069999999999811e-01 9.643559999999999910e-01 9.799999999999999684e-04 -9.643559999999999910e-01 2.646080000000000099e-01 -3.420000000000000188e-04
2.800000000000000000e+01 1.600000000000000000e+01 2.100000000000000000e+01 0.000000000000000000e+00 1.600000000000000089e+00 -1.099999999999999971e-05 -9.470000000000000336e-04 1.000000000000000000e+00 2.999419999999999864e-01 9.539570000000000549e-01 9.070000000000000371e-04 -9.539570000000000549e-01 2.999419999999999864e-01 2.730000000000000222e-04
1.300000000000000000e+01 3.000000000000000000e+00 2.500000000000000000e+01 0.000000000000000000e+00 1.600000000000000089e+00 -1.230000000000000082e-04 1.344200000000000082e-02 9.999099999999999655e-01 -3.264800000000000341e-02 -9.993769999999999598e-01 1.342999999999999923e-02 9.994669999999999943e-01 -3.264399999999999941e-02 5.619999999999999996e-04
2.100000000000000000e+01 3.000000000000000000e+00 2.500000000000000000e+01 0.000000000000000000e+00 1.600000000000000089e+00 3.334999999999999857e-03 -3.720000000000000216e-03 9.999879999999999880e-01 -4.912300000000000000e-02 -9.987859999999999516e-01 -3.550999999999999903e-03 9.987869999999999804e-01 -4.911100000000000187e-02 -3.514000000000000196e-03
2.700000000000000000e+01 3.000000000000000000e+00 2.500000000000000000e+01 0.000000000000000000e+00 1.600000000000000089e+00 2.948999999999999799e-03 2.062000000000000031e-03 9.999940000000000495e-01 -4.527300000000000074e-02 -9.989719999999999711e-01 2.193000000000000071e-03 9.989700000000000246e-01 -4.527899999999999980e-02 -2.851999999999999934e-03
1.800000000000000000e+01 4.600000000000000000e+01 2.700000000000000000e+01 0.000000000000000000e+00 1.600000000000000089e+00 -1.605000000000000090e-03 -1.430000000000000064e-04 -9.999989999999999712e-01 6.699540000000000495e-01 7.424020000000000064e-01 -1.180999999999999975e-03 7.424009999999999776e-01 -6.699549999999999672e-01 -1.095999999999999969e-03
2.500000000000000000e+01 4.600000000000000000e+01 2.700000000000000000e+01 0.000000000000000000e+00 1.600000000000000089e+00 -1.221999999999999996e-03 -1.968000000000000131e-03 -9.999970000000000248e-01 6.639840000000000186e-01 7.477430000000000465e-01 -2.282999999999999873e-03 7.477460000000000218e-01 -6.639850000000000474e-01 3.930000000000000117e-04
2.900000000000000000e+01 4.600000000000000000e+01 2.700000000000000000e+01 0.000000000000000000e+00 1.600000000000000089e+00 -3.488999999999999914e-03 -5.850000000000000165e-04 -9.999940000000000495e-01 6.577229999999999466e-01 7.532550000000000079e-01 -2.736000000000000151e-03 7.532520000000000326e-01 -6.577290000000000081e-01 -2.243000000000000202e-03
1.500000000000000000e+01 4.600000000000000000e+01 3.000000000000000000e+01 0.000000000000000000e+00 1.600000000000000089e+00 -1.379999999999999933e-03 -1.758999999999999930e-03 -9.999970000000000248e-01 3.252430000000000043e-01 9.456280000000000241e-01 -2.112000000000000162e-03 9.456290000000000529e-01 -3.252450000000000063e-01 -7.330000000000000361e-04
2.800000000000000000e+01 4.600000000000000000e+01 3.000000000000000000e+01 0.000000000000000000e+00 1.600000000000000089e+00 -1.948000000000000079e-03 -2.262999999999999821e-03 -9.999959999999999960e-01 3.222209999999999797e-01 9.466599999999999460e-01 -2.769999999999999893e-03 9.466620000000000035e-01 -3.222249999999999837e-01 -1.115000000000000106e-03
2.000000000000000000e+00 5.800000000000000000e+01 3.100000000000000000e+01 0.000000000000000000e+00 1.600000000000000089e+00 -4.009999999999999893e-04 -5.394999999999999622e-03 9.999850000000000128e-01 -7.813109999999999777e-01 -6.241309999999999913e-01 -3.680000000000000111e-03 6.241419999999999746e-01 -7.813010000000000232e-01 -3.964999999999999775e-03
9.000000000000000000e+00 5.800000000000000000e+01 3.100000000000000000e+01 0.000000000000000000e+00 1.600000000000000089e+00 3.782000000000000205e-03 4.621000000000000107e-03 9.999820000000000375e-01 -7.781400000000000539e-01 -6.280630000000000379e-01 5.845999999999999634e-03 6.280790000000000539e-01 -7.781479999999999508e-01 1.219999999999999947e-03
1.900000000000000000e+01 5.800000000000000000e+01 3.100000000000000000e+01 0.000000000000000000e+00 1.600000000000000089e+00 -3.569999999999999823e-03 -1.722999999999999922e-03 9.999919999999999920e-01 -7.719510000000000538e-01 -6.356709999999999861e-01 -3.850999999999999823e-03 6.356720000000000148e-01 -7.719580000000000330e-01 9.389999999999999476e-04
2.300000000000000000e+01 5.800000000000000000e+01 3.100000000000000000e+01 0.000000000000000000e+00 1.600000000000000089e+00 5.869999999999999567e-04 -6.489999999999999459e-04 1.000000000000000000e+00 -7.693950000000000511e-01 -6.387739999999999529e-01 3.699999999999999811e-05 6.387730000000000352e-01 -7.693950000000000511e-01 -8.739999999999999939e-04
2.900000000000000000e+01 5.800000000000000000e+01 3.100000000000000000e+01 0.000000000000000000e+00 1.600000000000000089e+00 -4.813999999999999703e-03 -9.200000000000000007e-05 9.999879999999999880e-01 -7.669470000000000454e-01 -6.416990000000000194e-01 -3.750999999999999994e-03 6.416920000000000401e-01 -7.669559999999999711e-01 3.017999999999999849e-03
3.000000000000000000e+00 4.600000000000000000e+01 3.500000000000000000e+01 0.000000000000000000e+00 1.600000000000000089e+00 6.340000000000000149e-04 1.064000000000000059e-03 -9.999989999999999712e-01 3.903699999999999948e-01 -9.206579999999999764e-01 -7.320000000000000118e-04 -9.206579999999999764e-01 -3.903690000000000215e-01 -9.990000000000001049e-04
6.000000000000000000e+00 4.600000000000000000e+01 3.500000000000000000e+01 0.000000000000000000e+00 1.600000000000000089e+00 -1.540000000000000028e-04 2.726999999999999823e-03 -9.999959999999999960e-01 3.914300000000000002e-01 -9.202040000000000219e-01 -2.569999999999999802e-03 -9.202080000000000259e-01 -3.914290000000000269e-01 -9.250000000000000409e-04
1.000000000000000000e+01 4.600000000000000000e+01 3.500000000000000000e+01 0.000000000000000000e+00 1.600000000000000089e+00 -3.390000000000000001e-04 -2.500000000000000120e-05 -1.000000000000000000e+00 3.921350000000000113e-01 -9.199079999999999480e-01 -1.100000000000000039e-04 -9.199079999999999480e-01 -3.921350000000000113e-01 3.209999999999999963e-04
1.500000000000000000e+01 4.600000000000000000e+01 3.500000000000000000e+01 0.000000000000000000e+00 1.600000000000000089e+00 1.160000000000000007e-04 6.139999999999999625e-04 -1.000000000000000000e+00 3.938479999999999759e-01 -9.191759999999999931e-01 -5.190000000000000386e-04 -9.191759999999999931e-01 -3.938470000000000026e-01 -3.480000000000000020e-04
1.800000000000000000e+01 4.600000000000000000e+01 3.500000000000000000e+01 0.000000000000000000e+00 1.600000000000000089e+00 7.050000000000000060e-04 9.000000000000000228e-06 -1.000000000000000000e+00 3.945100000000000273e-01 -9.188920000000000421e-01 2.700000000000000035e-04 -9.188910000000000133e-01 -3.945100000000000273e-01 -6.520000000000000188e-04
2.400000000000000000e+01 4.600000000000000000e+01 3.500000000000000000e+01 0.000000000000000000e+00 1.600000000000000089e+00 3.809999999999999910e-04 -6.170000000000000354e-04 -1.000000000000000000e+00 3.944969999999999866e-01 -9.188969999999999638e-01 7.169999999999999724e-04 -9.188969999999999638e-01 -3.944969999999999866e-01 -1.060000000000000016e-04
2.000000000000000000e+00 3.000000000000000000e+00 4.300000000000000000e+01 0.000000000000000000e+00 1.600000000000000089e+00 -5.571999999999999696e-03 -3.201899999999999885e-02 -9.994720000000000271e-01 7.338580000000000103e-01 -6.790730000000000377e-01 1.766399999999999915e-02 -6.792799999999999949e-01 -7.333720000000000239e-01 2.728099999999999969e-02
6.000000000000000000e+00 3.000000000000000000e+00 4.300000000000000000e+01 0.000000000000000000e+00 1.600000000000000089e+00 5.990000000000000316e-04 -3.510800000000000032e-02 -9.993830000000000213e-01 7.340219999999999523e-01 -6.786910000000000442e-01 2.428200000000000150e-02 -6.791249999999999787e-01 -7.335840000000000138e-01 2.536400000000000113e-02
1.200000000000000000e+01 3.000000000000000000e+00 4.300000000000000000e+01 0.000000000000000000e+00 1.600000000000000089e+00 -2.965999999999999887e-03 -3.588000000000000043e-03 -9.999890000000000168e-01 7.370400000000000285e-01 -6.758490000000000331e-01 2.390000000000000089e-04 -6.758429999999999715e-01 -7.370309999999999917e-01 4.649000000000000354e-03
1.700000000000000000e+01 3.000000000000000000e+00 4.300000000000000000e+01 0.000000000000000000e+00 1.600000000000000089e+00 1.247999999999999977e-03 5.709999999999999798e-03 -9.999829999999999552e-01 7.357829999999999648e-01 -6.772110000000000074e-01 -2.948000000000000100e-03 -6.772169999999999579e-01 -7.357660000000000311e-01 -5.046000000000000138e-03
2.200000000000000000e+01 3.000000000000000000e+00 4.300000000000000000e+01 0.000000000000000000e+00 1.600000000000000089e+00 2.462999999999999912e-03 3.268200000000000272e-02 -9.994629999999999903e-01 7.350809999999999844e-01 -6.776739999999999986e-01 -2.034800000000000150e-02 -6.779749999999999943e-01 -7.346359999999999557e-01 -2.569300000000000056e-02
2.800000000000000000e+01 3.000000000000000000e+00 4.300000000000000000e+01 0.000000000000000000e+00 1.600000000000000089e+00 2.458999999999999814e-03 9.513999999999999888e-03 -9.999519999999999520e-01 7.338379999999999903e-01 -6.793080000000000229e-01 -4.657999999999999814e-03 -6.793200000000000349e-01 -7.337909999999999711e-01 -8.651999999999999968e-03
1.000000000000000000e+00 2.900000000000000000e+01 4.400000000000000000e+01 0.000000000000000000e+00 1.600000000000000089e+00 5.280000000000000405e-04 2.047999999999999907e-03 -9.999980000000000535e-01 6.459380000000000122e-01 7.633879999999999555e-01 1.905000000000000009e-03 7.633900000000000130e-01 -6.459369999999999834e-01 -9.200000000000000278e-04
9.000000000000000000e+00 2.900000000000000000e+01 4.400000000000000000e+01 0.000000000000000000e+00 1.600000000000000089e+00 -2.350000000000000092e-03 1.654000000000000088e-03 -9.999959999999999960e-01 6.506960000000000521e-01 7.593379999999999574e-01 -2.730000000000000222e-04 7.593349999999999822e-01 -6.506939999999999946e-01 -2.860999999999999828e-03
1.500000000000000000e+01 2.900000000000000000e+01 4.400000000000000000e+01 0.000000000000000000e+00 1.600000000000000089e+00 -1.765999999999999992e-03 2.223999999999999849e-03 -9.999959999999999960e-01 6.596889999999999699e-01 7.515389999999999571e-01 5.060000000000000478e-04 7.515370000000000106e-01 -6.596849999999999659e-01 -2.794000000000000043e-03
2.000000000000000000e+01 2.900000000000000000e+01 4.400000000000000000e+01 0.000000000000000000e+00 1.600000000000000089e+00 1.588000000000000002e-03 -1.224999999999999960e-03 -9.999980000000000535e-01 6.583719999999999573e-01 7.526920000000000277e-01 1.240000000000000054e-04 7.526909999999999989e-01 -6.583710000000000395e-01 2.001999999999999873e-03
2.400000000000000000e+01 2.900000000000000000e+01 4.400000000000000000e+01 0.000000000000000000e+00 1.600000000000000089e+00 1.020000000000000073e-03 -3.821000000000000178e-03 -9.999919999999999920e-01 6.536009999999999875e-01 7.568359999999999532e-01 -2.224999999999999981e-03 7.568390000000000395e-01 -6.535929999999999795e-01 3.269000000000000204e-03
2.200000000000000000e+01 6.500000000000000000e+01 4.600000000000000000e+01 0.000000000000000000e+00 1.600000000000000089e+00 -1.685999999999999999e-03 2.701999999999999975e-03 9.999949999999999672e-01 6.782439999999999580e-01 -7.348299999999999832e-01 3.128999999999999837e-03 7.348339999999999872e-01 6.782460000000000155e-01 -5.940000000000000184e-04
9.000000000000000000e+00 7.000000000000000000e+01 4.700000000000000000e+01 0.000000000000000000e+00 1.600000000000000089e+00 -8.499999999999999526e-04 -2.546000000000000086e-03 -9.999959999999999960e-01 -8.437240000000000295e-01 -5.367729999999999446e-01 2.083999999999999915e-03 -5.367760000000000309e-01 8.437230000000000008e-01 -1.691999999999999928e-03
4.000000000000000000e+00 5.000000000000000000e+00 5.100000000000000000e+01 0.000000000000000000e+00 1.600000000000000089e+00 -6.400000000000000307e-03 -1.318899999999999934e-02 -9.998920000000000030e-01 4.835010000000000141e-01 -8.753030000000000532e-01 8.451000000000000179e-03 -8.753199999999999870e-01 -4.833950000000000191e-01 1.197800000000000080e-02
9.000000000000000000e+00 5.000000000000000000e+00 5.100000000000000000e+01 0.000000000000000000e+00 1.600000000000000089e+00 -2.487000000000000061e-03 -2.697999999999999877e-03 -9.999930000000000208e-01 4.858279999999999821e-01 -8.740539999999999976e-01 1.149999999999999981e-03 -8.740510000000000224e-01 -4.858219999999999761e-01 3.484000000000000118e-03
1.300000000000000000e+01 5.000000000000000000e+00 5.100000000000000000e+01 0.000000000000000000e+00 1.600000000000000089e+00 -6.030000000000000204e-04 3.660000000000000059e-03 -9.999930000000000208e-01 4.896699999999999942e-01 -8.719010000000000371e-01 -3.485999999999999949e-03 -8.719080000000000163e-01 -4.896690000000000209e-01 -1.265999999999999981e-03
2.200000000000000000e+01 5.000000000000000000e+00 5.100000000000000000e+01 0.000000000000000000e+00 1.600000000000000089e+00 2.593999999999999952e-03 1.709300000000000055e-02 -9.998510000000000453e-01 4.828270000000000062e-01 -8.756080000000000529e-01 -1.371600000000000076e-02 -8.757120000000000459e-01 -4.827199999999999824e-01 -1.052400000000000037e-02
2.700000000000000000e+01 5.000000000000000000e+00 5.100000000000000000e+01 0.000000000000000000e+00 1.600000000000000089e+00 -1.242999999999999964e-03 1.191700000000000051e-02 -9.999280000000000390e-01 4.811949999999999839e-01 -8.765439999999999898e-01 -1.104400000000000000e-02 -8.766129999999999756e-01 -4.811739999999999906e-01 -4.643999999999999691e-03
1.900000000000000000e+01 1.150000000000000000e+02 5.100000000000000000e+01 0.000000000000000000e+00 1.600000000000000089e+00 8.229999999999999469e-04 6.409999999999999682e-04 9.999989999999999712e-01 8.472260000000000346e-01 -5.312320000000000375e-01 -3.570000000000000040e-04 5.312320000000000375e-01 8.472260000000000346e-01 -9.810000000000001011e-04
9.000000000000000000e+00 7.000000000000000000e+00 5.200000000000000000e+01 0.000000000000000000e+00 1.600000000000000089e+00 -2.778999999999999786e-03 -8.660000000000000163e-04 -9.999959999999999960e-01 1.148939999999999961e-01 -9.933779999999999832e-01 5.410000000000000312e-04 -9.933739999999999792e-01 -1.148919999999999941e-01 2.860000000000000129e-03
1.000000000000000000e+00 6.300000000000000000e+01 5.400000000000000000e+01 0.000000000000000000e+00 1.600000000000000089e+00 -2.820000000000000241e-04 7.538000000000000429e-03 9.999719999999999720e-01 -3.254870000000000263e-01 9.455189999999999984e-01 -7.219999999999999855e-03 -9.455459999999999976e-01 -3.254799999999999915e-01 2.187000000000000142e-03
7.000000000000000000e+00 6.300000000000000000e+01 5.400000000000000000e+01 0.000000000000000000e+00 1.600000000000000089e+00 -2.017999999999999829e-03 -4.620000000000000083e-04 9.999980000000000535e-01 -3.355219999999999869e-01 9.420319999999999805e-01 -2.420000000000000005e-04 -9.420300000000000340e-01 -3.355219999999999869e-01 -2.056000000000000102e-03
1.200000000000000000e+01 6.300000000000000000e+01 5.400000000000000000e+01 0.000000000000000000e+00 1.600000000000000089e+00 -1.418999999999999906e-03 -3.413999999999999934e-03 9.999930000000000208e-01 -3.448530000000000206e-01 9.386529999999999596e-01 2.714999999999999965e-03 -9.386550000000000171e-01 -3.448470000000000146e-01 -2.508999999999999946e-03
2.200000000000000000e+01 6.300000000000000000e+01 5.400000000000000000e+01 0.000000000000000000e+00 1.600000000000000089e+00 1.513999999999999938e-03 6.080000000000000335e-04 9.999989999999999712e-01 -3.325429999999999775e-01 9.430880000000000374e-01 -6.999999999999999387e-05 -9.430870000000000086e-01 -3.325429999999999775e-01 1.629999999999999939e-03
2.700000000000000000e+01 6.300000000000000000e+01 5.400000000000000000e+01 0.000000000000000000e+00 1.600000000000000089e+00 3.409000000000000138e-03 -1.619999999999999912e-03 9.999930000000000208e-01 -3.480670000000000153e-01 9.374660000000000215e-01 2.706000000000000072e-03 -9.374630000000000463e-01 -3.480739999999999945e-01 2.631999999999999791e-03
5.000000000000000000e+00 2.500000000000000000e+01 5.500000000000000000e+01 0.000000000000000000e+00 1.600000000000000089e+00 -1.054999999999999948e-03 -1.760000000000000063e-03 -9.999980000000000535e-01 -9.268999999999999462e-03 -9.999550000000000383e-01 1.770000000000000089e-03 -9.999559999999999560e-01 9.270999999999999727e-03 1.038999999999999993e-03
1.600000000000000000e+01 2.600000000000000000e+01 5.500000000000000000e+01 0.000000000000000000e+00 1.600000000000000089e+00 -9.959999999999999236e-04 6.750000000000000357e-04 -9.999989999999999712e-01 -2.614599999999999910e-02 -9.996580000000000465e-01 -6.489999999999999459e-04 -9.996580000000000465e-01 2.614599999999999910e-02 1.013000000000000012e-03
1.700000000000000000e+01 6.800000000000000000e+01 5.700000000000000000e+01 0.000000000000000000e+00 1.600000000000000089e+00 -3.899999999999999929e-04 5.610000000000000403e-03 -9.999839999999999840e-01 -2.418170000000000042e-01 -9.703070000000000306e-01 -5.348999999999999588e-03 -9.703220000000000178e-01 2.418109999999999982e-01 1.735999999999999913e-03
6.000000000000000000e+00 2.100000000000000000e+01 6.000000000000000000e+01 0.000000000000000000e+00 1.600000000000000089e+00 1.441000000000000007e-03 1.097500000000000038e-02 9.999390000000000223e-01 -8.968500000000000083e-02 9.959120000000000195e-01 -1.080200000000000084e-02 -9.959689999999999932e-01 -8.966399999999999371e-02 2.419000000000000143e-03
1.000000000000000000e+01 2.100000000000000000e+01 6.000000000000000000e+01 0.000000000000000000e+00 1.600000000000000089e+00 8.012999999999999290e-03 -6.727999999999999606e-03 9.999449999999999728e-01 -9.233099999999999641e-02 9.957009999999999472e-01 7.440000000000000432e-03 -9.956960000000000255e-01 -9.238599999999999590e-02 7.357999999999999957e-03
1.700000000000000000e+01 2.100000000000000000e+01 6.000000000000000000e+01 0.000000000000000000e+00 1.600000000000000089e+00 -4.799000000000000314e-03 3.651999999999999864e-03 9.999820000000000375e-01 -9.464599999999999402e-02 9.955030000000000268e-01 -4.089999999999999886e-03 -9.954990000000000228e-01 -9.466399999999999815e-02 -4.432000000000000176e-03
2.500000000000000000e+01 2.100000000000000000e+01 6.000000000000000000e+01 0.000000000000000000e+00 1.600000000000000089e+00 1.183999999999999940e-03 2.389000000000000064e-03 9.999959999999999960e-01 -9.563800000000000079e-02 9.954140000000000210e-01 -2.265000000000000086e-03 -9.954159999999999675e-01 -9.563499999999999779e-02 1.407000000000000048e-03
2.800000000000000000e+01 2.100000000000000000e+01 6.000000000000000000e+01 0.000000000000000000e+00 1.600000000000000089e+00 1.582999999999999989e-03 -7.755999999999999873e-03 9.999689999999999968e-01 -9.603699999999999737e-02 9.953469999999999818e-01 7.872000000000000525e-03 -9.953760000000000385e-01 -9.604699999999999349e-02 8.310000000000000329e-04
4.000000000000000000e+00 3.000000000000000000e+00 6.300000000000000000e+01 0.000000000000000000e+00 1.600000000000000089e+00 4.939999999999999730e-04 -1.157799999999999975e-02 9.999329999999999607e-01 -6.129269999999999996e-01 7.900829999999999798e-01 9.450999999999999332e-03 -7.901390000000000358e-01 -6.128909999999999636e-01 -6.707000000000000288e-03
8.000000000000000000e+00 2.700000000000000000e+01 6.300000000000000000e+01 0.000000000000000000e+00 1.600000000000000089e+00 1.235999999999999903e-03 -4.342999999999999639e-03 9.999900000000000455e-01 -2.736540000000000084e-01 9.618179999999999508e-01 4.516000000000000049e-03 -9.618280000000000163e-01 -2.736560000000000104e-01 9.999999999999999547e-07
1.300000000000000000e+01 2.700000000000000000e+01 6.300000000000000000e+01 0.000000000000000000e+00 1.600000000000000089e+00 -1.386000000000000079e-03 -1.185000000000000072e-03 9.999980000000000535e-01 -2.825650000000000106e-01 9.592479999999999896e-01 7.450000000000000025e-04 -9.592469999999999608e-01 -2.825630000000000086e-01 -1.665000000000000030e-03
1.900000000000000000e+01 2.700000000000000000e+01 6.300000000000000000e+01 0.000000000000000000e+00 1.600000000000000089e+00 3.879999999999999985e-04 -4.272999999999999889e-03 9.999909999999999632e-01 -2.760310000000000263e-01 9.611389999999999656e-01 4.213999999999999864e-03 -9.611490000000000311e-01 -2.760310000000000263e-01 -8.059999999999999673e-04
2.200000000000000000e+01 2.700000000000000000e+01 6.300000000000000000e+01 0.000000000000000000e+00 1.600000000000000089e+00 -1.910000000000000077e-04 -4.427999999999999645e-03 9.999900000000000455e-01 -2.735810000000000186e-01 9.618400000000000283e-01 4.206999999999999802e-03 -9.618489999999999540e-01 -2.735770000000000146e-01 -1.394999999999999973e-03
2.900000000000000000e+01 2.700000000000000000e+01 6.300000000000000000e+01 0.000000000000000000e+00 1.600000000000000089e+00 -1.000000000000000021e-03 1.258000000000000004e-03 9.999989999999999712e-01 -2.780980000000000119e-01 9.605519999999999614e-01 -1.485999999999999908e-03 -9.605519999999999614e-01 -2.780989999999999851e-01 -6.109999999999999980e-04
4.000000000000000000e+00 2.600000000000000000e+01 6.400000000000000000e+01 0.000000000000000000e+00 1.600000000000000089e+00 9.150000000000000147e-04 -1.280700000000000068e-02 9.999179999999999735e-01 -3.542150000000000021e-01 9.350829999999999975e-01 1.230099999999999943e-02 -9.351629999999999665e-01 -3.541969999999999841e-01 -3.680000000000000111e-03
1.300000000000000000e+01 2.600000000000000000e+01 6.400000000000000000e+01 0.000000000000000000e+00 1.600000000000000089e+00 -9.179999999999999792e-04 8.159999999999999936e-04 9.999989999999999712e-01 -3.670959999999999779e-01 9.301829999999999821e-01 -1.095999999999999969e-03 -9.301829999999999821e-01 -3.670959999999999779e-01 -5.540000000000000219e-04
1.800000000000000000e+01 2.600000000000000000e+01 6.400000000000000000e+01 0.000000000000000000e+00 1.600000000000000089e+00 -8.319999999999999488e-04 -6.904000000000000414e-03 9.999759999999999760e-01 -3.614359999999999795e-01 9.323770000000000113e-01 6.137000000000000094e-03 -9.323970000000000313e-01 -3.614220000000000210e-01 -3.271000000000000036e-03
2.600000000000000000e+01 2.600000000000000000e+01 6.400000000000000000e+01 0.000000000000000000e+00 1.600000000000000089e+00 -8.949999999999999623e-04 -2.798000000000000140e-03 9.999959999999999960e-01 -3.641329999999999845e-01 9.313439999999999497e-01 2.279999999999999909e-03 -9.313470000000000359e-01 -3.641289999999999805e-01 -1.851999999999999914e-03
2.900000000000000000e+01 2.600000000000000000e+01 6.400000000000000000e+01 0.000000000000000000e+00 1.600000000000000089e+00 -7.529999999999999801e-04 1.319999999999999993e-03 9.999989999999999712e-01 -3.671809999999999796e-01 9.301479999999999748e-01 -1.503999999999999912e-03 -9.301490000000000036e-01 -3.671820000000000084e-01 -2.149999999999999947e-04
1.000000000000000000e+00 6.900000000000000000e+01 6.600000000000000000e+01 0.000000000000000000e+00 1.600000000000000089e+00 -2.350000000000000092e-03 -8.071999999999999315e-03 9.999649999999999928e-01 -9.459990000000000343e-01 3.241680000000000117e-01 3.939999999999999817e-04 -3.241600000000000037e-01 -9.459649999999999448e-01 -8.397999999999999216e-03
1.900000000000000000e+01 6.900000000000000000e+01 6.600000000000000000e+01 0.000000000000000000e+00 1.600000000000000089e+00 7.172000000000000423e-03 -2.137000000000000011e-03 9.999719999999999720e-01 -9.443759999999999932e-01 3.287829999999999919e-01 7.476000000000000006e-03 -3.287900000000000267e-01 -9.444029999999999925e-01 3.400000000000000244e-04
