9.000000000000000000e+00 2.500000000000000000e+01 1.000000000000000000e+00 0.000000000000000000e+00 1.600000000000000089e+00 8.809999999999999472e-04 -9.062000000000000610e-03 -9.999590000000000423e-01 -5.267979999999999885e-01 -8.499600000000000488e-01 7.238999999999999775e-03 -8.499900000000000233e-01 5.267699999999999605e-01 -5.521999999999999999e-03
5.000000000000000000e+00 1.500000000000000000e+01 4.000000000000000000e+00 0.000000000000000000e+00 1.600000000000000089e+00 -7.100000000000000462e-05 4.610999999999999648e-03 9.999890000000000168e-01 3.248489999999999989e-01 -9.457560000000000411e-01 4.383999999999999876e-03 9.457659999999999956e-01 3.248460000000000236e-01 -1.430999999999999980e-03
1.200000000000000000e+01 1.500000000000000000e+01 4.000000000000000000e+00 0.000000000000000000e+00 1.600000000000000089e+00 2.626999999999999995e-03 1.077600000000000086e-02 9.999390000000000223e-01 3.200720000000000232e-01 -9.473470000000000502e-01 9.367999999999999591e-03 9.473899999999999544e-01 3.200279999999999792e-01 -5.937999999999999702e-03
1.900000000000000000e+01 1.500000000000000000e+01 4.000000000000000000e+00 0.000000000000000000e+00 1.600000000000000089e+00 -6.780000000000000002e-04 -2.722000000000000027e-03 9.999959999999999960e-01 3.266169999999999907e-01 -9.451540000000000497e-01 -2.350999999999999791e-03 9.451570000000000249e-01 3.266140000000000154e-01 1.529999999999999893e-03
2.400000000000000000e+01 1.500000000000000000e+01 4.000000000000000000e+00 0.000000000000000000e+00 1.600000000000000089e+00 -1.240000000000000054e-04 -6.604999999999999760e-03 9.999780000000000335e-01 3.199469999999999814e-01 -9.474150000000000071e-01 -6.217999999999999569e-03 9.474359999999999449e-01 3.199389999999999734e-01 2.230000000000000211e-03
2.900000000000000000e+01 1.500000000000000000e+01 4.000000000000000000e+00 0.000000000000000000e+00 1.600000000000000089e+00 1.075000000000000001e-03 -5.314000000000000147e-03 9.999850000000000128e-01 3.141619999999999968e-01 -9.493540000000000312e-01 -5.381999999999999632e-03 9.493690000000000184e-01 3.141630000000000256e-01 6.489999999999999459e-04
3.000000000000000000e+00 1.010000000000000000e+02 7.000000000000000000e+00 0.000000000000000000e+00 1.600000000000000089e+00 4.521999999999999978e-03 -1.690099999999999936e-02 9.998470000000000413e-01 8.854229999999999601e-01 4.647709999999999897e-01 3.850999999999999823e-03 -4.647649999999999837e-01 8.852700000000000014e-01 1.706600000000000131e-02
7.000000000000000000e+00 1.010000000000000000e+02 7.000000000000000000e+00 0.000000000000000000e+00 1.600000000000000089e+00 5.615000000000000199e-03 -1.619400000000000006e-02 9.998529999999999918e-01 8.907540000000000457e-01 4.544799999999999951e-01 2.358999999999999986e-03 -4.544520000000000226e-01 8.906100000000000128e-01 1.697699999999999904e-02
1.100000000000000000e+01 1.010000000000000000e+02 7.000000000000000000e+00 0.000000000000000000e+00 1.600000000000000089e+00 -1.291000000000000047e-03 1.358799999999999938e-02 9.999069999999999903e-01 8.919089999999999518e-01 4.521879999999999789e-01 -4.993000000000000042e-03 -4.522140000000000049e-01 8.918190000000000284e-01 -1.270300000000000075e-02
2.000000000000000000e+00 2.500000000000000000e+01 8.000000000000000000e+00 0.000000000000000000e+00 1.600000000000000089e+00 -2.907999999999999995e-03 2.429000000000000169e-03 -9.999930000000000208e-01 4.473389999999999866e-01 8.943640000000000478e-01 8.710000000000000294e-04 8.943600000000000438e-01 -4.473329999999999806e-01 -3.687000000000000173e-03
6.000000000000000000e+00 2.500000000000000000e+01 8.000000000000000000e+00 0.000000000000000000e+00 1.600000000000000089e+00 -1.389999999999999960e-03 -4.843000000000000083e-03 -9.999869999999999592e-01 4.482280000000000153e-01 8.939059999999999784e-01 -4.951999999999999805e-03 8.939179999999999904e-01 -4.482289999999999885e-01 9.290000000000000297e-04
1.300000000000000000e+01 2.500000000000000000e+01 8.000000000000000000e+00 0.000000000000000000e+00 1.600000000000000089e+00 -1.647999999999999942e-03 -3.400999999999999943e-03 -9.999930000000000208e-01 4.514460000000000139e-01 8.922909999999999453e-01 -3.778999999999999807e-03 8.922970000000000068e-01 -4.514489999999999892e-01 6.499999999999999431e-05
2.100000000000000000e+01 2.500000000000000000e+01 8.000000000000000000e+00 0.000000000000000000e+00 1.600000000000000089e+00 2.086999999999999880e-03 8.640000000000000110e-03 -9.999599999999999600e-01 4.512880000000000225e-01 8.923360000000000181e-01 8.651999999999999968e-03 8.923759999999999470e-01 -4.512880000000000225e-01 -2.037000000000000182e-03
4.000000000000000000e+00 2.400000000000000000e+01 9.000000000000000000e+00 0.000000000000000000e+00 1.600000000000000089e+00 -1.327000000000000055e-03 -1.693999999999999976e-03 -9.999980000000000535e-01 4.519589999999999996e-01 8.920360000000000511e-01 -2.111000000000000029e-03 8.920379999999999976e-01 -4.519599999999999729e-01 -4.180000000000000230e-04
6.000000000000000000e+00 2.400000000000000000e+01 9.000000000000000000e+00 0.000000000000000000e+00 1.600000000000000089e+00 -1.536000000000000039e-03 -6.340000000000000149e-03 -9.999789999999999512e-01 4.523220000000000018e-01 8.918319999999999581e-01 -6.348999999999999609e-03 8.918530000000000069e-01 -4.523220000000000018e-01 1.497999999999999983e-03
1.200000000000000000e+01 2.400000000000000000e+01 9.000000000000000000e+00 0.000000000000000000e+00 1.600000000000000089e+00 -1.773999999999999969e-03 -3.570000000000000040e-04 -9.999980000000000535e-01 4.547950000000000048e-01 8.905950000000000255e-01 -1.123999999999999999e-03 8.905939999999999968e-01 -4.547970000000000068e-01 -1.417000000000000074e-03
2.100000000000000000e+01 2.400000000000000000e+01 9.000000000000000000e+00 0.000000000000000000e+00 1.600000000000000089e+00 1.935000000000000088e-03 7.399000000000000195e-03 -9.999710000000000543e-01 4.551709999999999923e-01 8.903729999999999700e-01 7.468999999999999945e-03 8.904020000000000268e-01 -4.551720000000000210e-01 -1.644999999999999978e-03
2.500000000000000000e+01 2.400000000000000000e+01 9.000000000000000000e+00 0.000000000000000000e+00 1.600000000000000089e+00 2.130000000000000003e-04 7.340000000000000170e-03 -9.999730000000000008e-01 4.550020000000000175e-01 8.904659999999999798e-01 6.633000000000000007e-03 8.904910000000000325e-01 -4.549909999999999788e-01 -3.150000000000000022e-03
3.000000000000000000e+00 4.000000000000000000e+00 1.100000000000000000e+01 0.000000000000000000e+00 1.600000000000000089e+00 4.281900000000000289e-02 -2.441589999999999872e-01 -9.687890000000000112e-01 6.658699999999999342e-02 9.682199999999999696e-01 -2.410720000000000085e-01 9.968609999999999971e-01 -5.418699999999999906e-02 5.771600000000000341e-02
1.100000000000000000e+01 4.000000000000000000e+00 1.100000000000000000e+01 0.000000000000000000e+00 1.600000000000000089e+00 -4.279499999999999971e-02 7.879500000000000393e-02 -9.959719999999999684e-01 1.550850000000000006e-01 9.853260000000000352e-01 7.128900000000000514e-02 9.869740000000000180e-01 -1.514099999999999890e-01 -5.438699999999999785e-02
1.700000000000000000e+01 4.000000000000000000e+00 1.100000000000000000e+01 0.000000000000000000e+00 1.600000000000000089e+00 -6.235000000000000091e-03 -2.462500000000000105e-02 -9.996770000000000378e-01 2.400380000000000014e-01 9.704310000000000436e-01 -2.540099999999999997e-02 9.707440000000000513e-01 -2.401189999999999991e-01 -1.399999999999999877e-04
2.400000000000000000e+01 4.000000000000000000e+00 1.100000000000000000e+01 0.000000000000000000e+00 1.600000000000000089e+00 7.313000000000000056e-03 3.750099999999999961e-02 -9.992699999999999916e-01 2.369829999999999992e-01 9.707639999999999603e-01 3.816599999999999854e-02 9.714859999999999607e-01 -2.370889999999999942e-01 -1.788000000000000093e-03
1.100000000000000000e+01 3.100000000000000000e+01 1.200000000000000000e+01 0.000000000000000000e+00 1.600000000000000089e+00 -2.543999999999999821e-03 -1.516900000000000019e-02 9.998820000000000485e-01 -1.248100000000000077e-02 9.998080000000000300e-01 1.513600000000000015e-02 -9.999190000000000023e-01 -1.244100000000000067e-02 -2.733000000000000186e-03
9.000000000000000000e+00 3.500000000000000000e+01 1.200000000000000000e+01 0.000000000000000000e+00 1.600000000000000089e+00 5.289000000000000298e-03 -5.942000000000000233e-03 -9.999679999999999680e-01 5.007319999999999549e-01 -8.655669999999999753e-01 7.792000000000000315e-03 -8.655859999999999665e-01 -5.007570000000000077e-01 -1.601999999999999908e-03
2.300000000000000000e+01 3.500000000000000000e+01 1.200000000000000000e+01 0.000000000000000000e+00 1.600000000000000089e+00 -8.270000000000000441e-04 6.884999999999999627e-03 -9.999759999999999760e-01 4.488070000000000115e-01 -8.936049999999999827e-01 -6.523000000000000152e-03 -8.936279999999999779e-01 -4.488010000000000055e-01 -2.350999999999999791e-03
6.000000000000000000e+00 3.200000000000000000e+01 1.400000000000000000e+01 0.000000000000000000e+00 1.600000000000000089e+00 2.599999999999999840e-05 3.160299999999999915e-02 -9.995009999999999728e-01 1.041990000000000000e-01 9.940600000000000547e-01 3.143300000000000261e-02 9.945559999999999956e-01 -1.041480000000000045e-01 -3.268000000000000071e-03
1.200000000000000000e+01 3.200000000000000000e+01 1.400000000000000000e+01 0.000000000000000000e+00 1.600000000000000089e+00 -6.639999999999999852e-04 -2.244399999999999867e-02 -9.997479999999999700e-01 1.067469999999999947e-01 9.940339999999999732e-01 -2.238700000000000065e-02 9.942860000000000031e-01 -1.067349999999999965e-01 1.734999999999999997e-03
1.200000000000000000e+01 1.200000000000000000e+01 1.500000000000000000e+01 0.000000000000000000e+00 1.600000000000000089e+00 1.855000000000000095e-03 6.623999999999999680e-03 -9.999759999999999760e-01 -4.798450000000000215e-01 -8.773279999999999967e-01 -6.701999999999999624e-03 -8.773509999999999920e-01 4.798459999999999948e-01 1.551000000000000078e-03
1.400000000000000000e+01 2.000000000000000000e+00 1.900000000000000000e+01 0.000000000000000000e+00 1.600000000000000089e+00 -1.631099999999999911e-02 2.570300000000000015e-02 -9.995370000000000088e-01 2.316410000000000136e-01 -9.723749999999999893e-01 -2.878400000000000056e-02 -9.726650000000000018e-01 -2.320029999999999870e-01 9.905999999999999875e-03
1.900000000000000000e+01 2.000000000000000000e+00 1.900000000000000000e+01 0.000000000000000000e+00 1.600000000000000089e+00 -3.233999999999999896e-03 2.835999999999999979e-03 -9.999909999999999632e-01 2.155030000000000001e-01 -9.764969999999999484e-01 -3.467000000000000030e-03 -9.764979999999999771e-01 -2.155120000000000091e-01 2.546999999999999785e-03
2.200000000000000000e+01 2.000000000000000000e+00 1.900000000000000000e+01 0.000000000000000000e+00 1.600000000000000089e+00 -7.200000000000000182e-05 5.210000000000000221e-03 -9.999860000000000415e-01 2.146270000000000122e-01 -9.766829999999999679e-01 -5.104000000000000030e-03 -9.766960000000000086e-01 -2.146240000000000092e-01 -1.048000000000000103e-03
3.000000000000000000e+01 2.000000000000000000e+00 1.900000000000000000e+01 0.000000000000000000e+00 1.600000000000000089e+00 4.840999999999999817e-03 -1.302500000000000012e-02 -9.999029999999999863e-01 2.025780000000000081e-01 -9.791699999999999848e-01 1.373599999999999995e-02 -9.792539999999999578e-01 -2.026249999999999996e-01 -2.102000000000000136e-03
1.000000000000000000e+01 3.000000000000000000e+00 1.900000000000000000e+01 0.000000000000000000e+00 1.600000000000000089e+00 2.099300000000000124e-02 4.017600000000000338e-02 -9.989719999999999711e-01 2.493789999999999896e-01 -9.678200000000000136e-01 -3.368299999999999766e-02 -9.681779999999999831e-01 -2.484159999999999979e-01 -3.033599999999999838e-02
5.000000000000000000e+00 4.000000000000000000e+00 2.000000000000000000e+01 0.000000000000000000e+00 1.600000000000000089e+00 9.280000000000000054e-04 1.986200000000000118e-02 -9.998019999999999685e-01 3.019769999999999954e-01 -9.531330000000000080e-01 -1.865500000000000144e-02 -9.533150000000000235e-01 -3.019000000000000017e-01 -6.882000000000000096e-03
1.100000000000000000e+01 4.000000000000000000e+00 2.000000000000000000e+01 0.000000000000000000e+00 1.600000000000000089e+00 -4.578999999999999737e-03 2.867000000000000104e-02 -9.995779999999999665e-01 2.954330000000000012e-01 -9.549309999999999743e-01 -2.874300000000000119e-02 -9.553519999999999790e-01 -2.954399999999999804e-01 -4.098000000000000080e-03
2.400000000000000000e+01 4.000000000000000000e+00 2.000000000000000000e+01 0.000000000000000000e+00 1.600000000000000089e+00 -2.348999999999999960e-03 3.641999999999999838e-03 -9.999909999999999632e-01 2.773639999999999994e-01 -9.607560000000000544e-01 -4.151000000000000176e-03 -9.607620000000000049e-01 -2.773709999999999787e-01 1.247000000000000062e-03
3.000000000000000000e+01 4.000000000000000000e+00 2.000000000000000000e+01 0.000000000000000000e+00 1.600000000000000089e+00 2.932000000000000144e-03 -6.237000000000000356e-03 -9.999759999999999760e-01 2.689599999999999769e-01 -9.631269999999999554e-01 6.795999999999999958e-03 -9.631469999999999754e-01 -2.689739999999999909e-01 -1.146000000000000100e-03
5.000000000000000000e+00 1.300000000000000000e+01 2.000000000000000000e+01 0.000000000000000000e+00 1.600000000000000089e+00 7.429999999999999539e-04 -8.289999999999999843e-04 9.999989999999999712e-01 2.516519999999999868e-01 9.678179999999999561e-01 6.149999999999999868e-04 -9.678179999999999561e-01 2.516510000000000136e-01 9.280000000000000054e-04
1.200000000000000000e+01 1.300000000000000000e+01 2.000000000000000000e+01 0.000000000000000000e+00 1.600000000000000089e+00 -2.101000000000000003e-03 -1.960500000000000090e-02 9.998059999999999725e-01 2.564420000000000033e-01 9.663629999999999720e-01 1.948799999999999838e-02 -9.665569999999999995e-01 2.564330000000000220e-01 2.997000000000000098e-03
2.100000000000000000e+01 1.300000000000000000e+01 2.000000000000000000e+01 0.000000000000000000e+00 1.600000000000000089e+00 1.644000000000000062e-03 1.872800000000000159e-02 9.998230000000000173e-01 2.564069999999999960e-01 9.663920000000000288e-01 -1.852300000000000127e-02 -9.665679999999999827e-01 2.563920000000000088e-01 -3.213000000000000144e-03
2.700000000000000000e+01 1.300000000000000000e+01 2.000000000000000000e+01 0.000000000000000000e+00 1.600000000000000089e+00 1.396000000000000105e-03 2.942999999999999870e-03 9.999949999999999672e-01 2.518429999999999835e-01 9.677630000000000399e-01 -3.200000000000000153e-03 -9.677670000000000439e-01 2.518460000000000143e-01 6.099999999999999737e-04
2.000000000000000000e+00 1.600000000000000000e+01 2.100000000000000000e+01 0.000000000000000000e+00 1.600000000000000089e+00 4.960000000000000216e-04 6.904999999999999680e-03 9.999759999999999760e-01 2.978689999999999949e-01 9.545829999999999593e-01 -6.739000000000000198e-03 -9.546069999999999833e-01 2.978649999999999909e-01 -1.583999999999999905e-03
6.000000000000000000e+00 1.600000000000000000e+01 2.100000000000000000e+01 0.000000000000000000e+00 1.600000000000000089e+00 7.990000000000000140e-04 1.046000000000000055e-03 9.999989999999999712e-01 2.977360000000000007e-01 9.546480000000000521e-01 -1.235999999999999903e-03 -9.546480000000000521e-01 2.977360000000000007e-01 4.510000000000000120e-04
1.700000000000000000e+01 1.600000000000000000e+01 2.100000000000000000e+01 0.000000000000000000e+00 1.600000000000000089e+00 -6.440000000000000412e-04 -4.832999999999999623e-03 9.999879999999999880e-01 3.026739999999999986e-01 9.530819999999999848e-01 4.800999999999999712e-03 -9.530939999999999968e-01 3.026730000000000254e-01 8.490000000000000368e-04
2.100000000000000000e+01 1.600000000000000000e+01 2.100000000000000000e+01 0.000000000000000000e+00 1.600000000000000089e+00 -1.213000000000000102e-03 4.229000000000000120e-03 9.999900000000000455e-01 3.009080000000000088e-01 9.536459999999999937e-01 -3.667999999999999820e-03 -9.536520000000000552e-01 3.009009999999999740e-01 -2.429000000000000169e-03
2.800000000000000000e+01 1.600000000000000000e+01 2.100000000000000000e+01 0.000000000000000000e+00 1.600000000000000089e+00 1.820999999999999919e-03 8.469999999999999881e-04 9.999980000000000535e-01 2.982659999999999756e-01 9.544820000000000526e-01 -1.351999999999999903e-03 -9.544810000000000239e-01 2.982679999999999776e-01 1.484999999999999992e-03
1.800000000000000000e+01 3.000000000000000000e+00 2.500000000000000000e+01 0.000000000000000000e+00 1.600000000000000089e+00 3.095799999999999941e-02 9.709000000000000616e-03 9.994739999999999736e-01 -3.108299999999999952e-02 -9.994600000000000151e-01 1.067199999999999920e-02 9.990369999999999528e-01 -3.139700000000000130e-02 -3.064000000000000057e-02
2.500000000000000000e+01 3.000000000000000000e+00 2.500000000000000000e+01 0.000000000000000000e+00 1.600000000000000089e+00 1.577399999999999983e-02 3.896000000000000157e-03 9.998679999999999790e-01 -1.884100000000000011e-02 -9.998139999999999805e-01 4.192999999999999679e-03 9.996979999999999755e-01 -1.890500000000000166e-02 -1.569800000000000015e-02
7.000000000000000000e+00 4.000000000000000000e+00 2.500000000000000000e+01 0.000000000000000000e+00 1.600000000000000089e+00 5.880900000000000016e-02 4.545400000000000135e-02 9.972339999999999538e-01 -5.848740000000000050e-01 -8.079830000000000068e-01 7.131899999999999351e-02 8.089889999999999581e-01 -5.874509999999999454e-01 -2.093199999999999922e-02
2.000000000000000000e+00 4.600000000000000000e+01 2.700000000000000000e+01 0.000000000000000000e+00 1.600000000000000089e+00 2.618999999999999800e-03 2.047000000000000208e-03 -9.999949999999999672e-01 6.703759999999999719e-01 7.420139999999999514e-01 3.275000000000000133e-03 7.420170000000000377e-01 -6.703810000000000047e-01 5.710000000000000015e-04
2.300000000000000000e+01 4.600000000000000000e+01 2.700000000000000000e+01 0.000000000000000000e+00 1.600000000000000089e+00 -2.088000000000000012e-03 -2.429000000000000169e-03 -9.999949999999999672e-01 6.584339999999999637e-01 7.526319999999999677e-01 -3.203999999999999817e-03 7.526350000000000540e-01 -6.584370000000000500e-01 2.799999999999999958e-05
2.900000000000000000e+01 4.600000000000000000e+01 2.700000000000000000e+01 0.000000000000000000e+00 1.600000000000000089e+00 -9.799999999999999684e-05 2.178999999999999947e-03 -9.999980000000000535e-01 6.562109999999999888e-01 7.545749999999999957e-01 1.580000000000000024e-03 7.545770000000000532e-01 -6.562099999999999600e-01 -1.503999999999999912e-03
1.800000000000000000e+01 1.100000000000000000e+01 3.000000000000000000e+01 0.000000000000000000e+00 1.600000000000000089e+00 6.747200000000000419e-02 8.324529999999999985e-01 5.499730000000000452e-01 -2.730409999999999782e-01 -5.147800000000000153e-01 8.126809999999999867e-01 9.596329999999999583e-01 -2.049980000000000135e-01 1.925600000000000089e-01
7.000000000000000000e+00 4.600000000000000000e+01 3.000000000000000000e+01 0.000000000000000000e+00 1.600000000000000089e+00 1.541000000000000052e-03 7.040000000000000251e-03 -9.999740000000000295e-01 3.255750000000000033e-01 9.454890000000000239e-01 7.158000000000000300e-03 9.455149999999999944e-01 -3.255779999999999785e-01 -8.350000000000000217e-04
2.000000000000000000e+00 5.800000000000000000e+01 3.100000000000000000e+01 0.000000000000000000e+00 1.600000000000000089e+00 -4.486000000000000404e-03 -1.629299999999999846e-02 9.998569999999999958e-01 -7.696269999999999500e-01 -6.383429999999999938e-01 -1.385499999999999926e-02 6.384779999999999900e-01 -7.695790000000000131e-01 -9.676000000000000573e-03
6.000000000000000000e+00 5.800000000000000000e+01 3.100000000000000000e+01 0.000000000000000000e+00 1.600000000000000089e+00 5.746000000000000239e-03 8.082999999999999907e-03 9.999510000000000343e-01 -7.759249999999999758e-01 -6.307530000000000081e-01 9.556999999999999523e-03 6.307989999999999986e-01 -7.759420000000000206e-01 2.647000000000000047e-03
1.100000000000000000e+01 5.800000000000000000e+01 3.100000000000000000e+01 0.000000000000000000e+00 1.600000000000000089e+00 3.011999999999999920e-03 1.650899999999999937e-02 9.998590000000000533e-01 -7.744640000000000413e-01 -6.324889999999999679e-01 1.277599999999999916e-02 6.326110000000000344e-01 -7.743929999999999980e-01 1.088100000000000005e-02
1.500000000000000000e+01 5.800000000000000000e+01 3.100000000000000000e+01 0.000000000000000000e+00 1.600000000000000089e+00 -5.784000000000000079e-03 -7.828999999999999154e-03 9.999529999999999808e-01 -7.719359999999999555e-01 -6.356300000000000283e-01 -9.442000000000000740e-03 6.356739999999999613e-01 -7.719540000000000290e-01 -2.367000000000000180e-03
1.900000000000000000e+01 5.800000000000000000e+01 3.100000000000000000e+01 0.000000000000000000e+00 1.600000000000000089e+00 -3.690999999999999837e-03 -3.200000000000000153e-03 9.999879999999999880e-01 -7.708460000000000312e-01 -6.370029999999999859e-01 -4.883000000000000188e-03 6.370109999999999939e-01 -7.708549999999999569e-01 -1.160000000000000007e-04
2.600000000000000000e+01 5.800000000000000000e+01 3.100000000000000000e+01 0.000000000000000000e+00 1.600000000000000089e+00 5.415999999999999807e-03 3.134000000000000067e-03 9.999799999999999800e-01 -7.717840000000000256e-01 -6.358549999999999480e-01 6.172999999999999668e-03 6.358620000000000383e-01 -7.718019999999999881e-01 -1.025000000000000086e-03
2.200000000000000000e+01 1.800000000000000000e+01 3.200000000000000000e+01 0.000000000000000000e+00 1.600000000000000089e+00 -8.792800000000000615e-02 6.698490000000000277e-01 7.372720000000000384e-01 -3.894199999999999884e-01 -7.043519999999999781e-01 5.934970000000000523e-01 9.168539999999999468e-01 -2.349239999999999939e-01 3.227849999999999886e-01
2.300000000000000000e+01 1.900000000000000000e+01 3.300000000000000000e+01 0.000000000000000000e+00 1.600000000000000089e+00 -1.275709999999999900e-01 6.349510000000000431e-01 7.619470000000000409e-01 -5.166100000000000136e-01 -6.983239999999999448e-01 4.954379999999999895e-01 8.466639999999999722e-01 -3.304259999999999975e-01 4.171079999999999788e-01
8.000000000000000000e+00 4.200000000000000000e+01 3.400000000000000000e+01 0.000000000000000000e+00 1.600000000000000089e+00 -4.185000000000000352e-03 -2.794000000000000043e-03 -9.999869999999999592e-01 -3.012489999999999890e-01 9.535439999999999472e-01 -1.402999999999999950e-03 9.535360000000000502e-01 3.012400000000000078e-01 -4.832000000000000357e-03
1.300000000000000000e+01 4.200000000000000000e+01 3.400000000000000000e+01 0.000000000000000000e+00 1.600000000000000089e+00 4.026000000000000065e-03 1.479000000000000063e-03 -9.999909999999999632e-01 -2.948120000000000185e-01 9.555550000000000432e-01 2.269999999999999882e-04 9.555470000000000352e-01 2.948080000000000145e-01 4.283000000000000348e-03
3.000000000000000000e+00 4.600000000000000000e+01 3.500000000000000000e+01 0.000000000000000000e+00 1.600000000000000089e+00 9.890000000000000787e-04 -4.808999999999999907e-03 -9.999879999999999880e-01 3.892419999999999769e-01 -9.211230000000000251e-01 4.813999999999999703e-03 -9.211350000000000371e-01 -3.892419999999999769e-01 9.600000000000000243e-04
8.000000000000000000e+00 4.600000000000000000e+01 3.500000000000000000e+01 0.000000000000000000e+00 1.600000000000000089e+00 3.795999999999999895e-03 4.418000000000000052e-03 -9.999829999999999552e-01 3.886310000000000042e-01 -9.213900000000000423e-01 -2.595000000000000084e-03 -9.213860000000000383e-01 -3.886149999999999882e-01 -5.215000000000000017e-03
1.200000000000000000e+01 4.600000000000000000e+01 3.500000000000000000e+01 0.000000000000000000e+00 1.600000000000000089e+00 -1.090000000000000040e-03 1.110099999999999976e-02 -9.999379999999999935e-01 3.870020000000000127e-01 -9.220169999999999755e-01 -1.065800000000000081e-02 -9.220779999999999532e-01 -3.869900000000000007e-01 -3.291000000000000088e-03
1.800000000000000000e+01 4.600000000000000000e+01 3.500000000000000000e+01 0.000000000000000000e+00 1.600000000000000089e+00 -6.300000000000000261e-04 3.944999999999999722e-03 -9.999919999999999920e-01 3.891560000000000019e-01 -9.211629999999999541e-01 -3.879000000000000069e-03 -9.211709999999999621e-01 -3.891560000000000019e-01 -9.550000000000000112e-04
2.600000000000000000e+01 4.600000000000000000e+01 3.500000000000000000e+01 0.000000000000000000e+00 1.600000000000000089e+00 3.660000000000000059e-04 5.069999999999999637e-04 -1.000000000000000000e+00 3.899489999999999901e-01 -9.208370000000000166e-01 -3.240000000000000150e-04 -9.208370000000000166e-01 -3.899480000000000168e-01 -5.339999999999999695e-04
5.000000000000000000e+00 2.200000000000000000e+01 3.600000000000000000e+01 0.000000000000000000e+00 1.600000000000000089e+00 -1.926360000000000017e-01 -7.342450000000000365e-01 6.509800000000000031e-01 7.293340000000000378e-01 3.366899999999999893e-01 5.955770000000000231e-01 -6.564780000000000060e-01 5.895120000000000360e-01 4.706509999999999860e-01
1.800000000000000000e+01 9.500000000000000000e+01 3.600000000000000000e+01 0.000000000000000000e+00 1.600000000000000089e+00 -5.969499999999999806e-02 5.102700000000000291e-02 9.969120000000000203e-01 9.958019999999999650e-01 7.247099999999999376e-02 5.591900000000000343e-02 -6.939399999999999735e-02 9.960639999999999494e-01 -5.513900000000000051e-02
2.800000000000000000e+01 9.500000000000000000e+01 3.600000000000000000e+01 0.000000000000000000e+00 1.600000000000000089e+00 4.810799999999999799e-02 2.418400000000000064e-02 9.985490000000000199e-01 9.976479999999999793e-01 4.770300000000000235e-02 -4.921999999999999986e-02 -4.882399999999999934e-02 9.985690000000000399e-01 -2.183300000000000171e-02
1.900000000000000000e+01 2.200000000000000000e+01 3.700000000000000000e+01 0.000000000000000000e+00 1.600000000000000089e+00 -1.559299999999999922e-02 6.317559999999999842e-01 -7.750099999999999767e-01 6.674790000000000445e-01 -5.705320000000000391e-01 -4.785030000000000117e-01 -7.444659999999999611e-01 -5.247640000000000082e-01 -4.127870000000000150e-01
6.000000000000000000e+00 2.300000000000000000e+01 3.700000000000000000e+01 0.000000000000000000e+00 1.600000000000000089e+00 -1.872949999999999893e-01 -7.508380000000000054e-01 6.333750000000000213e-01 7.258569999999999744e-01 3.286549999999999749e-01 6.042490000000000361e-01 -6.618549999999999711e-01 5.729119999999999768e-01 4.834450000000000136e-01
2.400000000000000000e+01 2.800000000000000000e+01 3.700000000000000000e+01 0.000000000000000000e+00 1.600000000000000089e+00 -2.442000000000000073e-02 -1.681370000000000087e-01 -9.854610000000000314e-01 -7.195789999999999687e-01 -6.813439999999999497e-01 1.340800000000000047e-01 -6.939819999999999878e-01 7.123909999999999965e-01 -1.043499999999999983e-01
4.000000000000000000e+00 1.500000000000000000e+01 3.800000000000000000e+01 0.000000000000000000e+00 1.600000000000000089e+00 1.927729999999999999e-01 3.503240000000000243e-01 9.165759999999999463e-01 -7.898870000000000058e-01 -4.987909999999999844e-01 3.567710000000000048e-01 5.821659999999999613e-01 -7.927669999999999995e-01 1.805630000000000013e-01
1.100000000000000000e+01 3.700000000000000000e+01 3.800000000000000000e+01 0.000000000000000000e+00 1.600000000000000089e+00 4.677100000000000007e-02 -8.477000000000000160e-03 9.988700000000000356e-01 6.524759999999999449e-01 7.574260000000000437e-01 -2.412399999999999961e-02 -7.563649999999999540e-01 6.528659999999999464e-01 4.095700000000000035e-02
5.000000000000000000e+00 3.800000000000000000e+01 3.800000000000000000e+01 0.000000000000000000e+00 1.600000000000000089e+00 -1.233820000000000056e-01 -1.629289999999999905e-01 9.788930000000000131e-01 6.919480000000000075e-01 6.929499999999999549e-01 2.025510000000000088e-01 -7.113260000000000138e-01 7.023340000000000138e-01 2.724100000000000132e-02
9.000000000000000000e+00 2.600000000000000000e+01 3.900000000000000000e+01 0.000000000000000000e+00 1.600000000000000089e+00 -1.539949999999999930e-01 -7.626469999999999638e-01 6.282159999999999966e-01 7.139219999999999455e-01 3.536639999999999784e-01 6.043490000000000251e-01 -6.830819999999999670e-01 5.415640000000000454e-01 4.900070000000000259e-01
5.000000000000000000e+00 3.900000000000000000e+01 3.900000000000000000e+01 0.000000000000000000e+00 1.600000000000000089e+00 -1.636330000000000007e-01 -2.534410000000000274e-01 9.534110000000000085e-01 7.246040000000000258e-01 6.249500000000000055e-01 2.904919999999999725e-01 -6.694569999999999688e-01 7.383800000000000363e-01 8.138199999999999601e-02
1.000000000000000000e+01 2.700000000000000000e+01 4.000000000000000000e+01 0.000000000000000000e+00 1.600000000000000089e+00 -1.426350000000000118e-01 -7.939110000000000333e-01 5.910680000000000378e-01 7.118459999999999788e-01 3.326350000000000140e-01 6.185699999999999532e-01 -6.876989999999999492e-01 5.089789999999999592e-01 5.176969999999999628e-01
2.100000000000000000e+01 3.400000000000000000e+01 4.000000000000000000e+01 0.000000000000000000e+00 1.600000000000000089e+00 -1.393880000000000119e-01 3.820169999999999955e-01 -9.135830000000000339e-01 5.409890000000000532e-01 8.021160000000000512e-01 2.528670000000000084e-01 8.293989999999999974e-01 -4.589909999999999823e-01 -3.184719999999999773e-01
2.600000000000000000e+01 1.300000000000000000e+01 4.100000000000000000e+01 0.000000000000000000e+00 1.600000000000000089e+00 -4.765300000000000091e-02 1.405480000000000063e-01 9.889259999999999717e-01 -7.032519999999999882e-01 -7.078039999999999887e-01 6.670700000000000240e-02 7.093420000000000281e-01 -6.922859999999999570e-01 1.325699999999999934e-01
2.700000000000000000e+01 1.400000000000000000e+01 4.200000000000000000e+01 0.000000000000000000e+00 1.600000000000000089e+00 -6.370399999999999674e-02 1.255400000000000127e-01 9.900409999999999489e-01 -6.166890000000000427e-01 -7.849289999999999878e-01 5.985100000000000142e-02 7.846250000000000169e-01 -6.067339999999999955e-01 1.274230000000000085e-01
1.400000000000000000e+01 3.000000000000000000e+00 4.300000000000000000e+01 0.000000000000000000e+00 1.600000000000000089e+00 4.279999999999999950e-04 2.769000000000000194e-03 -9.999959999999999960e-01 7.439710000000000489e-01 -6.682099999999999707e-01 -1.531000000000000026e-03 -6.682109999999999994e-01 -7.439679999999999627e-01 -2.345999999999999995e-03
2.800000000000000000e+01 3.000000000000000000e+00 4.300000000000000000e+01 0.000000000000000000e+00 1.600000000000000089e+00 -3.999999999999999819e-06 8.125000000000000278e-03 -9.999670000000000503e-01 7.437099999999999822e-01 -6.684809999999999919e-01 -5.433999999999999594e-03 -6.685029999999999584e-01 -7.436850000000000405e-01 -6.040000000000000230e-03
6.000000000000000000e+00 2.200000000000000000e+01 4.500000000000000000e+01 0.000000000000000000e+00 1.600000000000000089e+00 1.458190000000000042e-01 -7.894099999999999728e-02 -9.861569999999999503e-01 -4.687270000000000048e-01 8.723159999999999803e-01 -1.391370000000000107e-01 8.712239999999999984e-01 4.825269999999999837e-01 9.019900000000000140e-02
1.300000000000000000e+01 2.400000000000000000e+01 4.500000000000000000e+01 0.000000000000000000e+00 1.600000000000000089e+00 1.229119999999999935e-01 -3.021530000000000049e-01 -9.453019999999999756e-01 -5.978109999999999813e-01 7.377730000000000121e-01 -3.135490000000000221e-01 7.921580000000000288e-01 6.036510000000000487e-01 -8.995000000000000218e-02
1.000000000000000000e+01 6.500000000000000000e+01 4.600000000000000000e+01 0.000000000000000000e+00 1.600000000000000089e+00 -7.269000000000000287e-03 -1.538470000000000115e-01 9.880679999999999463e-01 6.616689999999999516e-01 -7.415939999999999754e-01 -1.106020000000000059e-01 7.497610000000000108e-01 6.529700000000000504e-01 1.071870000000000045e-01
4.000000000000000000e+00 5.300000000000000000e+01 4.900000000000000000e+01 0.000000000000000000e+00 1.600000000000000089e+00 -4.617539999999999978e-01 3.424090000000000189e-01 8.182540000000000369e-01 -8.762349999999999861e-01 -3.274500000000000327e-02 -4.807699999999999751e-01 -1.378260000000000041e-01 -9.389800000000000368e-01 3.151510000000000145e-01
1.200000000000000000e+01 4.500000000000000000e+01 5.000000000000000000e+01 0.000000000000000000e+00 1.600000000000000089e+00 -2.336600000000000066e-01 6.443719999999999448e-01 7.281400000000000095e-01 5.328030000000000266e-01 7.112810000000000521e-01 -4.584759999999999946e-01 -8.133409999999999807e-01 2.808280000000000221e-01 -5.095210000000000017e-01
2.300000000000000000e+01 6.000000000000000000e+00 5.100000000000000000e+01 0.000000000000000000e+00 1.600000000000000089e+00 1.600000000000000131e-04 4.276000000000000287e-03 -9.999909999999999632e-01 3.186470000000000136e-01 -9.478649999999999576e-01 -4.002000000000000349e-03 -9.478729999999999656e-01 -3.186439999999999828e-01 -1.513999999999999938e-03
1.700000000000000000e+01 4.800000000000000000e+01 5.100000000000000000e+01 0.000000000000000000e+00 1.600000000000000089e+00 1.691600000000000048e-02 -9.432120000000000504e-01 3.317590000000000261e-01 6.282450000000000534e-01 2.681529999999999747e-01 7.303439999999999932e-01 -7.778319999999999679e-01 1.960719999999999963e-01 5.971049999999999969e-01
4.000000000000000000e+00 7.000000000000000000e+00 5.200000000000000000e+01 0.000000000000000000e+00 1.600000000000000089e+00 7.191999999999999608e-03 3.974000000000000102e-03 -9.999660000000000215e-01 8.398100000000000009e-02 -9.964619999999999589e-01 -3.356000000000000042e-03 -9.964410000000000212e-01 -8.395400000000000085e-02 -7.500999999999999855e-03
8.000000000000000000e+00 7.000000000000000000e+00 5.200000000000000000e+01 0.000000000000000000e+00 1.600000000000000089e+00 4.782999999999999925e-03 8.625000000000000722e-03 -9.999510000000000343e-01 7.290699999999999958e-02 -9.973049999999999971e-01 -8.252999999999999919e-03 -9.973269999999999635e-01 -7.286399999999999821e-02 -5.399000000000000153e-03
2.900000000000000000e+01 7.000000000000000000e+00 5.200000000000000000e+01 0.000000000000000000e+00 1.600000000000000089e+00 -6.260000000000000373e-04 4.015999999999999605e-03 -9.999919999999999920e-01 9.310899999999999732e-02 -9.956479999999999775e-01 -4.056999999999999842e-03 -9.956559999999999855e-01 -9.311099999999999932e-02 2.489999999999999809e-04
1.800000000000000000e+01 4.900000000000000000e+01 5.200000000000000000e+01 0.000000000000000000e+00 1.600000000000000089e+00 -2.736900000000000097e-02 -9.574409999999999865e-01 2.873279999999999723e-01 6.379839999999999955e-01 2.045520000000000116e-01 7.423840000000000439e-01 -7.695629999999999971e-01 2.036290000000000044e-01 6.052340000000000497e-01
1.100000000000000000e+01 6.300000000000000000e+01 5.200000000000000000e+01 0.000000000000000000e+00 1.600000000000000089e+00 -3.906199999999999950e-02 2.086800000000000044e-01 -9.772030000000000438e-01 4.692779999999999729e-01 8.672239999999999949e-01 1.664360000000000006e-01 8.821860000000000257e-01 -4.520790000000000086e-01 -1.318050000000000055e-01
1.800000000000000000e+01 5.000000000000000000e+01 5.300000000000000000e+01 0.000000000000000000e+00 1.600000000000000089e+00 -8.444100000000000217e-02 -9.560969999999999747e-01 2.806210000000000093e-01 6.266890000000000516e-01 1.679940000000000044e-01 7.609460000000000113e-01 -7.746809999999999530e-01 2.401169999999999971e-01 5.849900000000000100e-01
8.000000000000000000e+00 1.400000000000000000e+01 5.400000000000000000e+01 0.000000000000000000e+00 1.600000000000000089e+00 -4.913999999999999965e-03 -7.519999999999999558e-04 -9.999879999999999880e-01 5.804970000000000407e-01 8.142549999999999510e-01 -3.465000000000000198e-03 8.142479999999999718e-01 -5.805069999999999952e-01 -3.565000000000000027e-03
2.200000000000000000e+01 6.300000000000000000e+01 5.400000000000000000e+01 0.000000000000000000e+00 1.600000000000000089e+00 1.221999999999999996e-03 2.056200000000000042e-02 9.997880000000000100e-01 -3.580630000000000202e-01 9.335090000000000332e-01 -1.876099999999999990e-02 -9.336969999999999992e-01 -3.579640000000000044e-01 8.503999999999999407e-03
9.000000000000000000e+00 7.200000000000000000e+01 5.400000000000000000e+01 0.000000000000000000e+00 1.600000000000000089e+00 -9.135140000000000482e-01 2.408710000000000018e-01 3.278320000000000123e-01 -2.852180000000000271e-01 -9.538480000000000292e-01 -9.393700000000000661e-02 2.900750000000000273e-01 -1.793160000000000032e-01 9.400539999999999452e-01
2.000000000000000000e+01 2.400000000000000000e+01 5.500000000000000000e+01 0.000000000000000000e+00 1.600000000000000089e+00 -3.821999999999999703e-02 1.407049999999999967e-01 -9.893140000000000267e-01 1.832400000000000001e-02 9.899689999999999879e-01 1.400909999999999933e-01 9.991010000000000169e-01 -1.277400000000000063e-02 -4.041499999999999954e-02
1.000000000000000000e+00 2.500000000000000000e+01 5.500000000000000000e+01 0.000000000000000000e+00 1.600000000000000089e+00 2.359699999999999992e-02 -1.580799999999999983e-01 9.871440000000000214e-01 1.728000000000000022e-02 -9.872069999999999457e-01 -1.585030000000000050e-01 9.995720000000000161e-01 2.079800000000000051e-02 -2.056399999999999895e-02
1.100000000000000000e+01 2.600000000000000000e+01 5.500000000000000000e+01 0.000000000000000000e+00 1.600000000000000089e+00 1.346499999999999954e-02 1.855800000000000158e-02 -9.997369999999999868e-01 -1.031480000000000036e-01 9.945199999999999596e-01 1.707200000000000037e-02 9.945749999999999869e-01 1.028909999999999964e-01 1.530499999999999916e-02
1.300000000000000000e+01 2.600000000000000000e+01 5.500000000000000000e+01 0.000000000000000000e+00 1.600000000000000089e+00 2.501899999999999957e-02 2.333000000000000004e-02 -9.994150000000000533e-01 -1.083839999999999942e-01 9.938979999999999482e-01 2.048799999999999927e-02 9.937939999999999552e-01 1.078080000000000011e-01 2.739499999999999921e-02
2.100000000000000000e+01 5.300000000000000000e+01 5.500000000000000000e+01 0.000000000000000000e+00 1.600000000000000089e+00 4.996099999999999847e-02 -5.964990000000000014e-01 8.010570000000000190e-01 9.445999999999999536e-03 8.023050000000000459e-01 5.968390000000000084e-01 -9.987059999999999826e-01 -2.225200000000000095e-02 4.571900000000000269e-02
2.000000000000000000e+01 2.600000000000000000e+01 5.600000000000000000e+01 0.000000000000000000e+00 1.600000000000000089e+00 -1.220199999999999931e-02 1.112439999999999957e-01 -9.937179999999999902e-01 8.186999999999999833e-03 9.937700000000000422e-01 1.111499999999999988e-01 9.998920000000000030e-01 -6.779000000000000303e-03 -1.303600000000000071e-02
1.700000000000000000e+01 4.200000000000000000e+01 5.800000000000000000e+01 0.000000000000000000e+00 1.600000000000000089e+00 -5.129749999999999588e-01 -4.639300000000000090e-01 7.222370000000000179e-01 -3.651100000000000179e-02 -8.288189999999999724e-01 -5.583249999999999602e-01 8.576270000000000282e-01 -3.127759999999999985e-01 4.082250000000000045e-01
5.000000000000000000e+00 5.500000000000000000e+01 5.800000000000000000e+01 0.000000000000000000e+00 1.600000000000000089e+00 7.657909999999999995e-01 4.335860000000000269e-01 -4.749399999999999733e-01 5.912779999999999703e-01 -7.651390000000000136e-01 2.548570000000000002e-01 -2.528920000000000057e-01 -4.759889999999999954e-01 -8.423059999999999992e-01
1.100000000000000000e+01 6.500000000000000000e+01 5.800000000000000000e+01 0.000000000000000000e+00 1.600000000000000089e+00 -5.581019999999999870e-01 -8.221650000000000347e-01 1.121039999999999953e-01 1.118669999999999942e-01 -2.084199999999999942e-01 -9.716209999999999569e-01 8.221969999999999557e-01 -5.297230000000000549e-01 2.082920000000000049e-01
1.500000000000000000e+01 2.000000000000000000e+01 6.000000000000000000e+01 0.000000000000000000e+00 1.600000000000000089e+00 2.730000000000000222e-04 5.133999999999999675e-03 9.999869999999999592e-01 -6.356699999999999851e-02 9.979649999999999910e-01 -5.106000000000000295e-03 -9.979780000000000317e-01 -6.356499999999999651e-02 5.990000000000000316e-04
