9.000000000000000000e+00 2.500000000000000000e+01 1.000000000000000000e+00 0.000000000000000000e+00 1.600000000000000089e+00 -5.438599999999999685e-02 -1.110599999999999955e-02 -9.984579999999999567e-01 -5.388870000000000049e-01 -8.414880000000000138e-01 3.871299999999999741e-02 -8.406200000000000339e-01 5.401620000000000310e-01 3.978000000000000286e-02
2.100000000000000000e+01 2.500000000000000000e+01 1.000000000000000000e+00 0.000000000000000000e+00 1.600000000000000089e+00 2.314000000000000085e-03 7.910000000000000364e-04 -9.999970000000000248e-01 -5.367520000000000069e-01 -8.437379999999999880e-01 -1.909000000000000107e-03 -8.437369999999999592e-01 5.367549999999999821e-01 -1.528000000000000061e-03
2.800000000000000000e+01 2.500000000000000000e+01 1.000000000000000000e+00 0.000000000000000000e+00 1.600000000000000089e+00 -1.304000000000000038e-03 -5.538999999999999653e-03 -9.999839999999999840e-01 -5.354619999999999935e-01 -8.445420000000000149e-01 5.375999999999999703e-03 -8.445580000000000309e-01 5.354600000000000470e-01 -1.863999999999999988e-03
1.500000000000000000e+01 1.500000000000000000e+01 4.000000000000000000e+00 0.000000000000000000e+00 1.600000000000000089e+00 2.460000000000000164e-04 6.929000000000000263e-03 9.999759999999999760e-01 3.243969999999999909e-01 -9.458990000000000453e-01 6.473999999999999720e-03 9.459210000000000118e-01 3.243880000000000097e-01 -2.481000000000000132e-03
2.000000000000000000e+01 1.500000000000000000e+01 4.000000000000000000e+00 0.000000000000000000e+00 1.600000000000000089e+00 -2.621000000000000066e-03 -2.603999999999999978e-03 9.999930000000000208e-01 3.226879999999999749e-01 -9.465040000000000120e-01 -1.618999999999999996e-03 9.465019999999999545e-01 3.226820000000000244e-01 3.321000000000000167e-03
2.600000000000000000e+01 1.500000000000000000e+01 4.000000000000000000e+00 0.000000000000000000e+00 1.600000000000000089e+00 3.200000000000000153e-03 7.927999999999999284e-03 9.999630000000000463e-01 3.230770000000000031e-01 -9.463510000000000533e-01 6.468999999999999924e-03 9.463669999999999582e-01 3.230450000000000266e-01 -5.590000000000000351e-03
6.000000000000000000e+00 1.600000000000000000e+01 4.000000000000000000e+00 0.000000000000000000e+00 1.600000000000000089e+00 3.391199999999999770e-02 -1.020540000000000058e-01 9.942010000000000014e-01 3.408880000000000243e-01 -9.339380000000000459e-01 -1.074959999999999943e-01 9.394919999999999938e-01 3.425560000000000271e-01 3.116999999999999979e-03
1.900000000000000000e+01 1.600000000000000000e+01 4.000000000000000000e+00 0.000000000000000000e+00 1.600000000000000089e+00 -2.598000000000000049e-03 -2.967000000000000019e-03 9.999919999999999920e-01 3.960679999999999756e-01 -9.182200000000000362e-01 -1.696000000000000025e-03 9.182179999999999787e-01 3.960600000000000231e-01 3.560999999999999929e-03
2.500000000000000000e+01 1.600000000000000000e+01 4.000000000000000000e+00 0.000000000000000000e+00 1.600000000000000089e+00 1.600999999999999993e-03 6.133000000000000430e-03 9.999799999999999800e-01 3.948209999999999775e-01 -9.187440000000000051e-01 5.002999999999999635e-03 9.187570000000000459e-01 3.948050000000000170e-01 -3.892000000000000060e-03
3.000000000000000000e+00 1.010000000000000000e+02 7.000000000000000000e+00 0.000000000000000000e+00 1.600000000000000089e+00 2.318000000000000182e-03 1.313500000000000084e-02 9.999109999999999943e-01 8.902970000000000050e-01 4.553079999999999905e-01 -8.045000000000000068e-03 -4.553740000000000010e-01 8.902369999999999450e-01 -1.063799999999999989e-02
8.000000000000000000e+00 1.010000000000000000e+02 7.000000000000000000e+00 0.000000000000000000e+00 1.600000000000000089e+00 -9.799999999999999684e-05 4.062799999999999745e-02 9.991740000000000066e-01 8.876770000000000493e-01 4.600910000000000277e-01 -1.862099999999999866e-02 -4.604670000000000152e-01 8.869420000000000082e-01 -3.611000000000000321e-02
1.300000000000000000e+01 1.010000000000000000e+02 7.000000000000000000e+00 0.000000000000000000e+00 1.600000000000000089e+00 3.645999999999999935e-03 6.196000000000000119e-03 9.999740000000000295e-01 8.852539999999999853e-01 4.650679999999999814e-01 -6.109999999999999980e-03 -4.650940000000000074e-01 8.852529999999999566e-01 -3.788999999999999833e-03
1.900000000000000000e+01 1.010000000000000000e+02 7.000000000000000000e+00 0.000000000000000000e+00 1.600000000000000089e+00 2.138999999999999842e-03 8.899999999999999491e-04 9.999970000000000248e-01 8.861860000000000293e-01 4.633240000000000136e-01 -2.308000000000000156e-03 -4.633240000000000136e-01 8.861890000000000045e-01 2.020000000000000040e-04
2.400000000000000000e+01 1.010000000000000000e+02 7.000000000000000000e+00 0.000000000000000000e+00 1.600000000000000089e+00 2.592999999999999819e-03 -1.497399999999999946e-02 9.998850000000000238e-01 8.866060000000000052e-01 4.625020000000000242e-01 4.627000000000000036e-03 -4.625179999999999847e-01 8.864919999999999467e-01 1.447500000000000002e-02
9.000000000000000000e+00 2.500000000000000000e+01 8.000000000000000000e+00 0.000000000000000000e+00 1.600000000000000089e+00 5.369499999999999967e-02 1.744850000000000012e-01 -9.831950000000000411e-01 4.555170000000000052e-01 8.719189999999999996e-01 1.796149999999999969e-01 8.886060000000000070e-01 -4.575060000000000238e-01 -3.266399999999999859e-02
1.400000000000000000e+01 2.500000000000000000e+01 8.000000000000000000e+00 0.000000000000000000e+00 1.600000000000000089e+00 1.974000000000000060e-03 4.643999999999999691e-03 -9.999869999999999592e-01 4.482630000000000225e-01 8.938880000000000159e-01 5.035999999999999678e-03 8.939000000000000279e-01 -4.482670000000000265e-01 -3.170000000000000075e-04
1.800000000000000000e+01 2.500000000000000000e+01 8.000000000000000000e+00 0.000000000000000000e+00 1.600000000000000089e+00 -1.203999999999999992e-03 -5.121999999999999817e-03 -9.999860000000000415e-01 4.485339999999999883e-01 8.937509999999999621e-01 -5.118000000000000153e-03 8.937650000000000317e-01 -4.485339999999999883e-01 1.221000000000000080e-03
2.600000000000000000e+01 2.500000000000000000e+01 8.000000000000000000e+00 0.000000000000000000e+00 1.600000000000000089e+00 -5.000000000000000240e-05 1.209999999999999921e-03 -9.999989999999999712e-01 4.496899999999999786e-01 8.931839999999999780e-01 1.057999999999999913e-03 8.931839999999999780e-01 -4.496899999999999786e-01 -5.890000000000000053e-04
1.000000000000000000e+00 2.600000000000000000e+01 8.000000000000000000e+00 0.000000000000000000e+00 1.600000000000000089e+00 2.876999999999999783e-03 9.169999999999999549e-04 -9.999949999999999672e-01 4.298359999999999959e-01 9.029049999999999576e-01 2.064999999999999995e-03 9.029019999999999824e-01 -4.298399999999999999e-01 2.203000000000000097e-03
9.000000000000000000e+00 2.400000000000000000e+01 9.000000000000000000e+00 0.000000000000000000e+00 1.600000000000000089e+00 4.907799999999999663e-02 1.827189999999999925e-01 -9.819390000000000063e-01 4.607879999999999754e-01 8.681069999999999620e-01 1.845680000000000098e-01 8.861520000000000508e-01 -4.615239999999999898e-01 -4.159000000000000197e-02
1.800000000000000000e+01 2.400000000000000000e+01 9.000000000000000000e+00 0.000000000000000000e+00 1.600000000000000089e+00 -1.164000000000000104e-03 -5.858000000000000360e-03 -9.999820000000000375e-01 4.544839999999999991e-01 8.907359999999999722e-01 -5.747000000000000372e-03 8.907540000000000457e-01 -4.544819999999999971e-01 1.626000000000000058e-03
2.600000000000000000e+01 2.400000000000000000e+01 9.000000000000000000e+00 0.000000000000000000e+00 1.600000000000000089e+00 -1.000000000000000082e-05 4.449999999999999746e-04 -1.000000000000000000e+00 4.546439999999999926e-01 8.906730000000000480e-01 3.919999999999999873e-04 8.906730000000000480e-01 -4.546439999999999926e-01 -2.110000000000000059e-04
2.900000000000000000e+01 2.400000000000000000e+01 9.000000000000000000e+00 0.000000000000000000e+00 1.600000000000000089e+00 -6.319999999999999663e-04 3.024000000000000212e-03 -9.999949999999999672e-01 4.551830000000000043e-01 8.903940000000000188e-01 2.405000000000000020e-03 8.903969999999999940e-01 -4.551799999999999735e-01 -1.940000000000000101e-03
1.300000000000000000e+01 1.020000000000000000e+02 9.000000000000000000e+00 0.000000000000000000e+00 1.600000000000000089e+00 3.152999999999999987e-03 4.964999999999999795e-03 9.999829999999999552e-01 9.230009999999999604e-01 3.847670000000000257e-01 -4.820999999999999765e-03 -3.847840000000000149e-01 9.230009999999999604e-01 -3.370000000000000166e-03
6.000000000000000000e+00 4.000000000000000000e+00 1.100000000000000000e+01 0.000000000000000000e+00 1.600000000000000089e+00 -6.259299999999999586e-02 -6.655670000000000197e-01 -7.437089999999999534e-01 1.732259999999999911e-01 7.266150000000000109e-01 -6.648479999999999945e-01 9.828909999999999592e-01 -1.704440000000000122e-01 6.981199999999999906e-02
6.000000000000000000e+00 3.100000000000000000e+01 1.200000000000000000e+01 0.000000000000000000e+00 1.600000000000000089e+00 2.439000000000000196e-03 3.882000000000000034e-03 9.999900000000000455e-01 1.008099999999999968e-02 9.999419999999999975e-01 -3.906999999999999883e-03 -9.999460000000000015e-01 1.009000000000000001e-02 2.399999999999999790e-03
1.400000000000000000e+01 3.100000000000000000e+01 1.200000000000000000e+01 0.000000000000000000e+00 1.600000000000000089e+00 -9.460000000000000093e-04 8.329999999999999731e-04 9.999989999999999712e-01 -7.500999999999999855e-03 9.999719999999999720e-01 -8.400000000000000348e-04 -9.999710000000000543e-01 -7.501999999999999988e-03 -9.389999999999999476e-04
2.300000000000000000e+01 3.100000000000000000e+01 1.200000000000000000e+01 0.000000000000000000e+00 1.600000000000000089e+00 4.409999999999999858e-04 -9.920000000000000432e-04 9.999989999999999712e-01 -1.037700000000000081e-02 9.999460000000000015e-01 9.959999999999999236e-04 -9.999460000000000015e-01 -1.037700000000000081e-02 4.310000000000000137e-04
1.100000000000000000e+01 3.500000000000000000e+01 1.200000000000000000e+01 0.000000000000000000e+00 1.600000000000000089e+00 7.277999999999999747e-03 -2.641399999999999998e-02 -9.996249999999999858e-01 5.373559999999999448e-01 -8.429489999999999483e-01 2.618600000000000094e-02 -8.433239999999999625e-01 -5.373440000000000438e-01 8.057999999999999191e-03
1.800000000000000000e+01 3.500000000000000000e+01 1.200000000000000000e+01 0.000000000000000000e+00 1.600000000000000089e+00 -8.829999999999999958e-04 8.350000000000000217e-04 -9.999989999999999712e-01 5.147650000000000281e-01 -8.573309999999999542e-01 -1.170000000000000033e-03 -8.573309999999999542e-01 -5.147650000000000281e-01 3.280000000000000038e-04
2.200000000000000000e+01 3.500000000000000000e+01 1.200000000000000000e+01 0.000000000000000000e+00 1.600000000000000089e+00 -4.429999999999999802e-04 -1.886000000000000090e-03 -9.999980000000000535e-01 5.036739999999999551e-01 -8.638930000000000220e-01 1.405999999999999915e-03 -8.638940000000000508e-01 -5.036720000000000086e-01 1.332000000000000068e-03
2.600000000000000000e+01 3.500000000000000000e+01 1.200000000000000000e+01 0.000000000000000000e+00 1.600000000000000089e+00 6.335000000000000353e-03 -5.393000000000000224e-03 -9.999649999999999928e-01 4.925539999999999918e-01 -8.702469999999999928e-01 7.813999999999999765e-03 -8.702590000000000048e-01 -4.925860000000000238e-01 -2.857000000000000164e-03
1.000000000000000000e+00 3.200000000000000000e+01 1.400000000000000000e+01 0.000000000000000000e+00 1.600000000000000089e+00 3.000000000000000062e-03 6.873999999999999902e-03 -9.999719999999999720e-01 1.275249999999999995e-01 9.918090000000000517e-01 7.199999999999999803e-03 9.918310000000000182e-01 -1.275429999999999897e-01 2.098000000000000038e-03
9.000000000000000000e+00 1.200000000000000000e+01 1.500000000000000000e+01 0.000000000000000000e+00 1.600000000000000089e+00 -4.142799999999999955e-02 -5.866400000000000087e-02 -9.974180000000000268e-01 -4.641730000000000023e-01 -8.828770000000000229e-01 7.120700000000000640e-02 -8.847749999999999782e-01 4.659249999999999781e-01 9.344999999999999141e-03
1.700000000000000000e+01 1.200000000000000000e+01 1.500000000000000000e+01 0.000000000000000000e+00 1.600000000000000089e+00 -1.769999999999999926e-04 6.932999999999999927e-03 -9.999759999999999760e-01 -4.700179999999999914e-01 -8.826359999999999761e-01 -6.035999999999999699e-03 -8.826570000000000249e-01 4.700059999999999794e-01 3.415000000000000067e-03
2.400000000000000000e+01 1.200000000000000000e+01 1.500000000000000000e+01 0.000000000000000000e+00 1.600000000000000089e+00 3.460000000000000076e-04 2.771000000000000026e-03 -9.999959999999999960e-01 -4.687950000000000172e-01 -8.833029999999999493e-01 -2.609000000000000208e-03 -8.833069999999999533e-01 4.687939999999999885e-01 9.940000000000000918e-04
1.600000000000000000e+01 1.100000000000000000e+01 1.600000000000000000e+01 0.000000000000000000e+00 1.600000000000000089e+00 -5.000000000000000240e-05 4.749999999999999882e-03 -9.999890000000000168e-01 -4.126639999999999753e-01 -9.108730000000000437e-01 -4.305999999999999932e-03 -9.108829999999999982e-01 4.126589999999999980e-01 2.004999999999999838e-03
3.000000000000000000e+00 1.160000000000000000e+02 1.600000000000000000e+01 0.000000000000000000e+00 1.600000000000000089e+00 5.893999999999999934e-03 6.224999999999999631e-03 9.999630000000000463e-01 6.862620000000000386e-01 7.273039999999999505e-01 -8.573000000000000759e-03 -7.273300000000000320e-01 6.862880000000000091e-01 1.500000000000000038e-05
6.000000000000000000e+00 1.160000000000000000e+02 1.600000000000000000e+01 0.000000000000000000e+00 1.600000000000000089e+00 1.565199999999999925e-02 2.574999999999999858e-02 9.995460000000000456e-01 7.024660000000000348e-01 7.111129999999999951e-01 -2.931999999999999884e-02 -7.115449999999999831e-01 7.026059999999999528e-01 -6.957999999999999775e-03
1.200000000000000000e+01 1.160000000000000000e+02 1.600000000000000000e+01 0.000000000000000000e+00 1.600000000000000089e+00 2.786999999999999981e-03 4.320000000000000055e-03 9.999869999999999592e-01 7.565100000000000158e-01 6.539629999999999610e-01 -4.932999999999999885e-03 -6.539760000000000018e-01 7.565140000000000198e-01 -1.445000000000000104e-03
1.700000000000000000e+01 1.160000000000000000e+02 1.600000000000000000e+01 0.000000000000000000e+00 1.600000000000000089e+00 -8.559999999999999901e-04 -2.126999999999999984e-03 9.999970000000000248e-01 7.523279999999999967e-01 6.587859999999999827e-01 2.044999999999999943e-03 -6.587889999999999580e-01 7.523279999999999967e-01 1.036000000000000029e-03
2.400000000000000000e+01 1.160000000000000000e+02 1.600000000000000000e+01 0.000000000000000000e+00 1.600000000000000089e+00 -2.164000000000000125e-03 -6.149999999999999868e-04 9.999970000000000248e-01 7.056860000000000355e-01 7.085219999999999851e-01 1.962999999999999901e-03 -7.085219999999999851e-01 7.056879999999999820e-01 -1.100000000000000066e-03
6.000000000000000000e+00 2.000000000000000000e+00 1.900000000000000000e+01 0.000000000000000000e+00 1.600000000000000089e+00 -1.346499999999999954e-02 3.537900000000000073e-02 -9.992830000000000323e-01 1.816230000000000067e-01 -9.826629999999999532e-01 -3.723800000000000027e-02 -9.832760000000000389e-01 -1.819939999999999891e-01 6.806000000000000417e-03
1.500000000000000000e+01 2.000000000000000000e+00 1.900000000000000000e+01 0.000000000000000000e+00 1.600000000000000089e+00 -5.249999999999999676e-04 1.609000000000000014e-02 -9.998700000000000365e-01 2.582550000000000123e-01 -9.659499999999999753e-01 -1.567999999999999949e-02 -9.660769999999999635e-01 -2.582300000000000151e-01 -3.648000000000000201e-03
1.800000000000000000e+01 2.000000000000000000e+00 1.900000000000000000e+01 0.000000000000000000e+00 1.600000000000000089e+00 3.938999999999999793e-03 1.806999999999999926e-02 -9.998289999999999678e-01 2.533929999999999794e-01 -9.672230000000000549e-01 -1.648200000000000012e-02 -9.673549999999999649e-01 -2.532849999999999824e-01 -8.387999999999999623e-03
2.700000000000000000e+01 2.000000000000000000e+00 1.900000000000000000e+01 0.000000000000000000e+00 1.600000000000000089e+00 6.869000000000000106e-03 1.576100000000000070e-02 -9.998519999999999630e-01 2.531499999999999861e-01 -9.673329999999999984e-01 -1.350900000000000017e-02 -9.674030000000000129e-01 -2.530200000000000227e-01 -1.063399999999999936e-02
2.100000000000000000e+01 4.000000000000000000e+00 2.000000000000000000e+01 0.000000000000000000e+00 1.600000000000000089e+00 9.759999999999999796e-04 6.118000000000000174e-03 -9.999810000000000088e-01 4.535049999999999915e-01 -8.912400000000000322e-01 -5.009999999999999697e-03 -8.912529999999999619e-01 -4.534909999999999775e-01 -3.644999999999999803e-03
2.000000000000000000e+00 1.300000000000000000e+01 2.000000000000000000e+01 0.000000000000000000e+00 1.600000000000000089e+00 1.605000000000000090e-03 1.492899999999999956e-02 9.998869999999999703e-01 2.606399999999999828e-01 9.653220000000000134e-01 -1.483199999999999970e-02 -9.654350000000000431e-01 2.606350000000000056e-01 -2.341999999999999898e-03
9.000000000000000000e+00 1.300000000000000000e+01 2.000000000000000000e+01 0.000000000000000000e+00 1.600000000000000089e+00 3.899999999999999821e-03 5.888999999999999790e-02 9.982569999999999499e-01 2.602260000000000129e-01 9.638120000000000021e-01 -5.787500000000000283e-02 -9.655399999999999539e-01 2.599989999999999801e-01 -1.156599999999999989e-02
1.500000000000000000e+01 1.300000000000000000e+01 2.000000000000000000e+01 0.000000000000000000e+00 1.600000000000000089e+00 5.060000000000000478e-04 1.895999999999999899e-03 9.999980000000000535e-01 2.575830000000000064e-01 9.662539999999999463e-01 -1.962999999999999901e-03 -9.662560000000000038e-01 2.575830000000000064e-01 9.999999999999999547e-07
2.000000000000000000e+01 1.300000000000000000e+01 2.000000000000000000e+01 0.000000000000000000e+00 1.600000000000000089e+00 -6.819999999999999890e-04 5.354000000000000252e-03 9.999850000000000128e-01 2.589029999999999943e-01 9.658900000000000263e-01 -4.995000000000000308e-03 -9.659029999999999561e-01 2.588960000000000150e-01 -2.044999999999999943e-03
2.400000000000000000e+01 1.300000000000000000e+01 2.000000000000000000e+01 0.000000000000000000e+00 1.600000000000000089e+00 -3.190000000000000019e-04 -1.425000000000000051e-03 9.999989999999999712e-01 2.616769999999999929e-01 9.651539999999999564e-01 1.459000000000000010e-03 -9.651549999999999851e-01 2.616769999999999929e-01 6.499999999999999431e-05
2.000000000000000000e+00 1.600000000000000000e+01 2.100000000000000000e+01 0.000000000000000000e+00 1.600000000000000089e+00 1.368000000000000075e-03 1.416800000000000004e-02 9.998989999999999823e-01 2.945119999999999960e-01 9.555460000000000065e-01 -1.394199999999999953e-02 -9.556470000000000242e-01 2.945019999999999860e-01 -2.864999999999999925e-03
9.000000000000000000e+00 1.600000000000000000e+01 2.100000000000000000e+01 0.000000000000000000e+00 1.600000000000000089e+00 6.801999999999999887e-03 6.342399999999999427e-02 9.979630000000000445e-01 2.979419999999999846e-01 9.525310000000000166e-01 -6.256799999999999862e-02 -9.545599999999999641e-01 2.977609999999999979e-01 -1.241800000000000022e-02
1.400000000000000000e+01 1.600000000000000000e+01 2.100000000000000000e+01 0.000000000000000000e+00 1.600000000000000089e+00 3.620000000000000171e-04 3.745000000000000065e-03 9.999930000000000208e-01 2.997830000000000217e-01 9.539999999999999591e-01 -3.680999999999999810e-03 -9.540079999999999671e-01 2.997819999999999929e-01 -7.770000000000000214e-04
1.500000000000000000e+01 3.000000000000000000e+00 2.500000000000000000e+01 0.000000000000000000e+00 1.600000000000000089e+00 -2.500000000000000120e-05 4.760999999999999607e-03 9.999890000000000168e-01 -3.108299999999999952e-02 -9.995049999999999768e-01 4.758000000000000076e-03 9.995169999999999888e-01 -3.108199999999999852e-02 1.730000000000000038e-04
2.400000000000000000e+01 3.000000000000000000e+00 2.500000000000000000e+01 0.000000000000000000e+00 1.600000000000000089e+00 -9.383000000000000715e-03 -2.817000000000000060e-03 9.999519999999999520e-01 -3.682799999999999963e-02 -9.993170000000000108e-01 -3.161000000000000181e-03 9.992779999999999996e-01 -3.685599999999999987e-02 9.272999999999999993e-03
2.700000000000000000e+01 3.000000000000000000e+00 2.500000000000000000e+01 0.000000000000000000e+00 1.600000000000000089e+00 -7.075999999999999825e-03 -6.549999999999999833e-04 9.999749999999999472e-01 -3.431900000000000228e-02 -9.994110000000000493e-01 -8.970000000000000109e-04 9.993859999999999966e-01 -3.432400000000000034e-02 7.048999999999999710e-03
3.000000000000000000e+01 3.000000000000000000e+00 2.500000000000000000e+01 0.000000000000000000e+00 1.600000000000000089e+00 -5.621000000000000128e-03 1.900000000000000105e-05 9.999839999999999840e-01 -3.287099999999999744e-02 -9.994600000000000151e-01 -1.659999999999999963e-04 9.994439999999999991e-01 -3.287099999999999744e-02 5.618999999999999863e-03
6.000000000000000000e+00 5.800000000000000000e+01 3.100000000000000000e+01 0.000000000000000000e+00 1.600000000000000089e+00 2.039600000000000093e-02 3.883400000000000046e-02 9.990379999999999816e-01 -7.886950000000000349e-01 -6.134859999999999758e-01 3.994899999999999840e-02 6.144469999999999654e-01 -7.887499999999999512e-01 1.811600000000000016e-02
1.200000000000000000e+01 5.800000000000000000e+01 3.100000000000000000e+01 0.000000000000000000e+00 1.600000000000000089e+00 2.961999999999999789e-03 9.223000000000000295e-03 9.999529999999999808e-01 -7.707079999999999487e-01 -6.371369999999999534e-01 8.158999999999999586e-03 6.371820000000000261e-01 -7.706960000000000477e-01 5.220999999999999946e-03
1.700000000000000000e+01 5.800000000000000000e+01 3.100000000000000000e+01 0.000000000000000000e+00 1.600000000000000089e+00 -3.890999999999999927e-03 -1.899000000000000080e-03 9.999909999999999632e-01 -7.698859999999999593e-01 -6.381679999999999575e-01 -4.206999999999999802e-03 6.381700000000000150e-01 -7.698949999999999960e-01 1.021999999999999905e-03
2.700000000000000000e+01 5.800000000000000000e+01 3.100000000000000000e+01 0.000000000000000000e+00 1.600000000000000089e+00 9.399999999999999719e-04 3.900999999999999954e-03 9.999919999999999920e-01 -7.692029999999999701e-01 -6.389960000000000084e-01 3.216000000000000109e-03 6.390040000000000164e-01 -7.691999999999999948e-01 2.399999999999999790e-03
6.000000000000000000e+00 4.600000000000000000e+01 3.500000000000000000e+01 0.000000000000000000e+00 1.600000000000000089e+00 -8.689999999999999808e-04 2.635300000000000142e-02 -9.996519999999999850e-01 3.898539999999999783e-01 -9.205480000000000329e-01 -2.460700000000000040e-02 -9.208760000000000279e-01 -3.897390000000000021e-01 -9.473999999999999783e-03
1.100000000000000000e+01 4.600000000000000000e+01 3.500000000000000000e+01 0.000000000000000000e+00 1.600000000000000089e+00 -8.009999999999999542e-04 1.406400000000000011e-02 -9.999010000000000398e-01 3.948940000000000228e-01 -9.186309999999999754e-01 -1.323700000000000050e-02 -9.187269999999999603e-01 -3.948650000000000215e-01 -4.818000000000000234e-03
1.400000000000000000e+01 4.600000000000000000e+01 3.500000000000000000e+01 0.000000000000000000e+00 1.600000000000000089e+00 -7.370000000000000249e-04 1.074000000000000085e-03 -9.999989999999999712e-01 3.948240000000000083e-01 -9.187560000000000171e-01 -1.278000000000000056e-03 -9.187560000000000171e-01 -3.948249999999999815e-01 2.530000000000000239e-04
1.800000000000000000e+01 4.600000000000000000e+01 3.500000000000000000e+01 0.000000000000000000e+00 1.600000000000000089e+00 -4.079999999999999968e-04 -1.513000000000000022e-03 -9.999989999999999712e-01 3.929239999999999955e-01 -9.195699999999999985e-01 1.231000000000000106e-03 -9.195710000000000273e-01 -3.929230000000000222e-01 9.690000000000000262e-04
2.100000000000000000e+01 4.600000000000000000e+01 3.500000000000000000e+01 0.000000000000000000e+00 1.600000000000000089e+00 3.099999999999999999e-04 -3.036000000000000070e-03 -9.999949999999999672e-01 3.928400000000000225e-01 -9.196020000000000305e-01 2.913999999999999924e-03 -9.196069999999999522e-01 -3.928389999999999938e-01 9.079999999999999530e-04
2.700000000000000000e+01 4.600000000000000000e+01 3.500000000000000000e+01 0.000000000000000000e+00 1.600000000000000089e+00 1.965999999999999866e-03 -2.003000000000000006e-03 -9.999959999999999960e-01 3.924730000000000163e-01 -9.197600000000000220e-01 2.614000000000000004e-03 -9.197610000000000507e-01 -3.924770000000000203e-01 -1.021999999999999905e-03
1.200000000000000000e+01 9.500000000000000000e+01 3.600000000000000000e+01 0.000000000000000000e+00 1.600000000000000089e+00 6.666000000000000050e-03 5.559399999999999759e-02 9.984309999999999574e-01 9.971130000000000271e-01 7.514999999999999458e-02 -1.084199999999999921e-02 -7.563400000000000678e-02 9.956209999999999782e-01 -5.493200000000000166e-02
1.900000000000000000e+01 9.500000000000000000e+01 3.600000000000000000e+01 0.000000000000000000e+00 1.600000000000000089e+00 8.499999999999999526e-04 -7.464000000000000148e-03 9.999719999999999720e-01 9.971649999999999681e-01 7.524400000000000532e-02 -2.860000000000000129e-04 -7.524000000000000132e-02 9.971370000000000511e-01 7.506999999999999784e-03
9.000000000000000000e+00 3.000000000000000000e+00 4.300000000000000000e+01 0.000000000000000000e+00 1.600000000000000089e+00 3.157000000000000084e-02 1.759159999999999890e-01 -9.838989999999999680e-01 7.315460000000000296e-01 -6.748309999999999587e-01 -9.718300000000000549e-02 -6.810610000000000275e-01 -7.166989999999999750e-01 -1.499949999999999894e-01
3.000000000000000000e+00 2.900000000000000000e+01 4.400000000000000000e+01 0.000000000000000000e+00 1.600000000000000089e+00 1.891000000000000103e-03 6.812000000000000347e-03 -9.999749999999999472e-01 6.532689999999999886e-01 7.570989999999999664e-01 6.393000000000000245e-03 7.571240000000000192e-01 -6.532649999999999846e-01 -3.018999999999999982e-03
9.000000000000000000e+00 2.900000000000000000e+01 4.400000000000000000e+01 0.000000000000000000e+00 1.600000000000000089e+00 1.546600000000000058e-02 2.557900000000000104e-02 -9.995530000000000248e-01 6.495419999999999527e-01 7.597540000000000404e-01 2.949299999999999838e-02 7.601689999999999836e-01 -6.497079999999999522e-01 -4.865000000000000401e-03
1.500000000000000000e+01 2.900000000000000000e+01 4.400000000000000000e+01 0.000000000000000000e+00 1.600000000000000089e+00 2.298999999999999828e-03 2.209000000000000026e-03 -9.999949999999999672e-01 6.505549999999999944e-01 7.594530000000000447e-01 3.173000000000000039e-03 7.594560000000000199e-01 -6.505589999999999984e-01 3.089999999999999756e-04
1.700000000000000000e+01 2.900000000000000000e+01 4.400000000000000000e+01 0.000000000000000000e+00 1.600000000000000089e+00 1.139999999999999954e-03 1.662000000000000066e-03 -9.999980000000000535e-01 6.505300000000000527e-01 7.594769999999999577e-01 2.004000000000000139e-03 7.594790000000000152e-01 -6.505309999999999704e-01 -2.159999999999999919e-04
2.300000000000000000e+01 2.900000000000000000e+01 4.400000000000000000e+01 0.000000000000000000e+00 1.600000000000000089e+00 -2.354999999999999889e-03 3.209999999999999963e-04 -9.999970000000000248e-01 6.486079999999999623e-01 7.611219999999999652e-01 -1.283000000000000069e-03 7.611189999999999900e-01 -6.486089999999999911e-01 -2.001000000000000174e-03
2.800000000000000000e+01 2.900000000000000000e+01 4.400000000000000000e+01 0.000000000000000000e+00 1.600000000000000089e+00 1.786999999999999960e-03 2.290000000000000098e-04 -9.999980000000000535e-01 6.497089999999999810e-01 7.601820000000000244e-01 1.335000000000000032e-03 7.601809999999999956e-01 -6.497110000000000385e-01 1.209999999999999921e-03
1.600000000000000000e+01 6.500000000000000000e+01 4.600000000000000000e+01 0.000000000000000000e+00 1.600000000000000089e+00 -2.509999999999999753e-04 -5.910000000000000539e-04 1.000000000000000000e+00 6.815830000000000499e-01 -7.317399999999999460e-01 -2.610000000000000015e-04 7.317399999999999460e-01 6.815830000000000499e-01 5.869999999999999567e-04
1.200000000000000000e+01 5.000000000000000000e+00 5.100000000000000000e+01 0.000000000000000000e+00 1.600000000000000089e+00 2.920999999999999985e-03 1.607499999999999901e-02 -9.998660000000000325e-01 4.833640000000000159e-01 -8.753279999999999950e-01 -1.266100000000000038e-02 -8.754140000000000255e-01 -4.832629999999999981e-01 -1.032699999999999937e-02
2.100000000000000000e+01 5.000000000000000000e+00 5.100000000000000000e+01 0.000000000000000000e+00 1.600000000000000089e+00 3.462999999999999932e-03 -2.677999999999999825e-03 -9.999900000000000455e-01 4.794869999999999965e-01 -8.775399999999999867e-01 4.010999999999999809e-03 -8.775420000000000442e-01 -4.794970000000000065e-01 -1.755000000000000050e-03
2.500000000000000000e+01 5.000000000000000000e+00 5.100000000000000000e+01 0.000000000000000000e+00 1.600000000000000089e+00 -2.843000000000000041e-03 -1.504100000000000055e-02 -9.998829999999999663e-01 4.789050000000000251e-01 -8.777869999999999839e-01 1.184200000000000010e-02 -8.778620000000000312e-01 -4.788149999999999906e-01 9.698999999999999289e-03
2.000000000000000000e+00 6.300000000000000000e+01 5.400000000000000000e+01 0.000000000000000000e+00 1.600000000000000089e+00 7.889999999999999878e-04 2.503000000000000017e-03 9.999970000000000248e-01 -3.562569999999999903e-01 9.343860000000000499e-01 -2.056999999999999801e-03 -9.343879999999999963e-01 -3.562540000000000151e-01 1.629000000000000023e-03
9.000000000000000000e+00 6.300000000000000000e+01 5.400000000000000000e+01 0.000000000000000000e+00 1.600000000000000089e+00 4.819999999999999632e-03 2.526300000000000073e-02 9.996690000000000298e-01 -3.510079999999999867e-01 9.361150000000000304e-01 -2.196499999999999841e-02 -9.363599999999999701e-01 -3.507859999999999867e-01 1.337999999999999953e-02
1.300000000000000000e+01 6.300000000000000000e+01 5.400000000000000000e+01 0.000000000000000000e+00 1.600000000000000089e+00 6.070000000000000092e-04 9.200000000000000007e-05 1.000000000000000000e+00 -3.475730000000000208e-01 9.376529999999999587e-01 1.240000000000000054e-04 -9.376529999999999587e-01 -3.475730000000000208e-01 6.009999999999999717e-04
1.900000000000000000e+01 6.300000000000000000e+01 5.400000000000000000e+01 0.000000000000000000e+00 1.600000000000000089e+00 -1.191000000000000001e-03 4.213999999999999864e-03 9.999900000000000455e-01 -3.408900000000000263e-01 9.400929999999999565e-01 -4.368000000000000355e-03 -9.401019999999999932e-01 -3.408919999999999728e-01 3.170000000000000075e-04
2.600000000000000000e+01 6.300000000000000000e+01 5.400000000000000000e+01 0.000000000000000000e+00 1.600000000000000089e+00 9.330000000000000186e-04 -5.469999999999999602e-04 9.999989999999999712e-01 -3.365380000000000038e-01 9.416689999999999783e-01 8.289999999999999843e-04 -9.416689999999999783e-01 -3.365389999999999771e-01 6.939999999999999555e-04
7.000000000000000000e+00 2.500000000000000000e+01 5.500000000000000000e+01 0.000000000000000000e+00 1.600000000000000089e+00 1.002999999999999985e-03 8.732000000000000178e-03 -9.999609999999999888e-01 -1.247599999999999924e-02 -9.998839999999999950e-01 -8.744000000000000036e-03 -9.999219999999999775e-01 1.248400000000000030e-02 -8.940000000000000464e-04
1.000000000000000000e+01 2.500000000000000000e+01 5.500000000000000000e+01 0.000000000000000000e+00 1.600000000000000089e+00 2.125999999999999852e-03 6.205999999999999711e-03 -9.999780000000000335e-01 -1.290999999999999960e-02 -9.998970000000000358e-01 -6.232999999999999825e-03 -9.999139999999999695e-01 1.292300000000000046e-02 -2.044999999999999943e-03
1.700000000000000000e+01 2.500000000000000000e+01 5.500000000000000000e+01 0.000000000000000000e+00 1.600000000000000089e+00 -3.260000000000000094e-04 1.060000000000000016e-04 -1.000000000000000000e+00 -1.187900000000000067e-02 -9.999289999999999567e-01 -1.019999999999999992e-04 -9.999289999999999567e-01 1.187900000000000067e-02 3.269999999999999795e-04
2.100000000000000000e+01 2.500000000000000000e+01 5.500000000000000000e+01 0.000000000000000000e+00 1.600000000000000089e+00 1.528999999999999977e-03 -2.101000000000000003e-03 -9.999970000000000248e-01 -1.194600000000000002e-02 -9.999259999999999815e-01 2.083000000000000216e-03 -9.999270000000000103e-01 1.194300000000000049e-02 -1.554000000000000043e-03
2.400000000000000000e+01 2.500000000000000000e+01 5.500000000000000000e+01 0.000000000000000000e+00 1.600000000000000089e+00 1.624999999999999925e-03 7.770000000000000214e-04 -9.999980000000000535e-01 -1.269999999999999948e-02 -9.999190000000000023e-01 -7.979999999999999897e-04 -9.999179999999999735e-01 1.270199999999999975e-02 -1.614999999999999899e-03
1.000000000000000000e+01 2.100000000000000000e+01 6.000000000000000000e+01 0.000000000000000000e+00 1.600000000000000089e+00 -3.010999999999999788e-03 3.575699999999999712e-02 9.993560000000000221e-01 -9.366800000000000126e-02 9.949569999999999803e-01 -3.588199999999999723e-02 -9.955990000000000117e-01 -9.371500000000000663e-02 3.530000000000000152e-04
1.900000000000000000e+01 2.100000000000000000e+01 6.000000000000000000e+01 0.000000000000000000e+00 1.600000000000000089e+00 9.250000000000000409e-04 -7.667000000000000204e-03 9.999700000000000255e-01 -9.451900000000000579e-02 9.954929999999999612e-01 7.720000000000000299e-03 -9.955230000000000468e-01 -9.452299999999999591e-02 1.959999999999999937e-04
2.800000000000000000e+01 2.100000000000000000e+01 6.000000000000000000e+01 0.000000000000000000e+00 1.600000000000000089e+00 3.869999999999999742e-04 -4.967000000000000061e-03 9.999879999999999880e-01 -9.488599999999999812e-02 9.954760000000000275e-01 4.981000000000000184e-03 -9.954880000000000395e-01 -9.488699999999999912e-02 -8.600000000000000331e-05
2.400000000000000000e+01 6.700000000000000000e+01 6.000000000000000000e+01 0.000000000000000000e+00 1.600000000000000089e+00 -1.368999999999999991e-03 -3.164999999999999845e-03 9.999940000000000495e-01 1.746719999999999939e-01 -9.846219999999999972e-01 -2.876999999999999783e-03 9.846260000000000012e-01 1.746669999999999889e-01 1.899999999999999996e-03
3.000000000000000000e+01 6.000000000000000000e+00 6.100000000000000000e+01 0.000000000000000000e+00 1.600000000000000089e+00 2.428000000000000037e-03 -1.499400000000000038e-02 9.998850000000000238e-01 5.664040000000000186e-01 -8.240129999999999955e-01 -1.373199999999999942e-02 8.241239999999999677e-01 5.663719999999999866e-01 6.492000000000000375e-03
1.200000000000000000e+01 3.000000000000000000e+00 6.300000000000000000e+01 0.000000000000000000e+00 1.600000000000000089e+00 9.439999999999999607e-04 2.377500000000000099e-02 9.997169999999999668e-01 -6.175530000000000186e-01 7.863210000000000477e-01 -1.811700000000000116e-02 -7.865290000000000337e-01 -6.173610000000000486e-01 1.542499999999999948e-02
1.600000000000000000e+01 3.000000000000000000e+00 6.300000000000000000e+01 0.000000000000000000e+00 1.600000000000000089e+00 9.359999999999999831e-04 4.683999999999999796e-03 9.999890000000000168e-01 -6.154910000000000103e-01 7.881380000000000052e-01 -3.115999999999999846e-03 -7.881430000000000380e-01 -6.154809999999999448e-01 3.619999999999999954e-03
5.000000000000000000e+00 2.700000000000000000e+01 6.300000000000000000e+01 0.000000000000000000e+00 1.600000000000000089e+00 -2.936999999999999941e-03 2.628899999999999987e-02 9.996500000000000385e-01 -2.858499999999999930e-01 9.579210000000000225e-01 -2.603199999999999958e-02 -9.582699999999999552e-01 -2.858260000000000245e-01 4.701999999999999583e-03
1.100000000000000000e+01 2.700000000000000000e+01 6.300000000000000000e+01 0.000000000000000000e+00 1.600000000000000089e+00 -1.637999999999999916e-03 1.368300000000000072e-02 9.999050000000000438e-01 -2.801679999999999726e-01 9.598550000000000137e-01 -1.359400000000000018e-02 -9.599499999999999700e-01 -2.801640000000000241e-01 2.260999999999999989e-03
1.500000000000000000e+01 2.700000000000000000e+01 6.300000000000000000e+01 0.000000000000000000e+00 1.600000000000000089e+00 2.468000000000000142e-03 2.485999999999999929e-03 9.999940000000000495e-01 -2.774960000000000204e-01 9.607250000000000512e-01 -1.703000000000000087e-03 -9.607240000000000224e-01 -2.774900000000000144e-01 3.060999999999999919e-03
2.000000000000000000e+01 2.700000000000000000e+01 6.300000000000000000e+01 0.000000000000000000e+00 1.600000000000000089e+00 -5.890000000000000053e-04 7.209999999999999612e-04 1.000000000000000000e+00 -2.750299999999999967e-01 9.614350000000000396e-01 -8.549999999999999658e-04 -9.614359999999999573e-01 -2.750299999999999967e-01 -3.680000000000000003e-04
2.500000000000000000e+01 2.700000000000000000e+01 6.300000000000000000e+01 0.000000000000000000e+00 1.600000000000000089e+00 -4.429999999999999802e-04 4.300000000000000165e-05 1.000000000000000000e+00 -2.787709999999999910e-01 9.603580000000000449e-01 -1.649999999999999991e-04 -9.603570000000000162e-01 -2.787709999999999910e-01 -4.139999999999999800e-04
2.900000000000000000e+01 2.700000000000000000e+01 6.300000000000000000e+01 0.000000000000000000e+00 1.600000000000000089e+00 2.075000000000000022e-03 1.652000000000000040e-03 9.999959999999999960e-01 -2.781680000000000264e-01 9.605320000000000524e-01 -1.010000000000000047e-03 -9.605299999999999949e-01 -2.781649999999999956e-01 2.452999999999999885e-03
4.000000000000000000e+00 2.600000000000000000e+01 6.400000000000000000e+01 0.000000000000000000e+00 1.600000000000000089e+00 -4.984999999999999848e-03 2.382400000000000143e-02 9.997040000000000370e-01 -3.676050000000000151e-01 9.296729999999999716e-01 -2.398799999999999891e-02 -9.299690000000000456e-01 -3.676150000000000251e-01 4.122999999999999929e-03
1.600000000000000000e+01 2.600000000000000000e+01 6.400000000000000000e+01 0.000000000000000000e+00 1.600000000000000089e+00 2.513000000000000043e-03 4.785000000000000191e-03 9.999850000000000128e-01 -3.659689999999999888e-01 9.306200000000000028e-01 -3.533000000000000116e-03 -9.306240000000000068e-01 -3.659549999999999748e-01 4.089999999999999886e-03
2.000000000000000000e+01 2.600000000000000000e+01 6.400000000000000000e+01 0.000000000000000000e+00 1.600000000000000089e+00 -3.209999999999999963e-04 1.231000000000000106e-03 9.999989999999999712e-01 -3.636150000000000215e-01 9.315489999999999604e-01 -1.263999999999999933e-03 -9.315489999999999604e-01 -3.636150000000000215e-01 1.479999999999999925e-04
2.300000000000000000e+01 2.600000000000000000e+01 6.400000000000000000e+01 0.000000000000000000e+00 1.600000000000000089e+00 -1.294999999999999927e-03 3.009999999999999980e-04 9.999989999999999712e-01 -3.661829999999999807e-01 9.305430000000000090e-01 -7.540000000000000044e-04 -9.305419999999999803e-01 -3.661829999999999807e-01 -1.093999999999999920e-03
2.800000000000000000e+01 2.600000000000000000e+01 6.400000000000000000e+01 0.000000000000000000e+00 1.600000000000000089e+00 1.360000000000000098e-03 3.288000000000000124e-03 9.999940000000000495e-01 -3.646309999999999829e-01 9.311479999999999757e-01 -2.565000000000000006e-03 -9.311509999999999510e-01 -3.646260000000000057e-01 2.465000000000000177e-03
1.400000000000000000e+01 6.900000000000000000e+01 6.600000000000000000e+01 0.000000000000000000e+00 1.600000000000000089e+00 1.020000000000000073e-03 3.972999999999999969e-03 9.999919999999999920e-01 -9.517189999999999817e-01 3.069709999999999939e-01 -2.489999999999999809e-04 -3.069689999999999919e-01 -9.517109999999999737e-01 4.094000000000000417e-03
1.900000000000000000e+01 6.900000000000000000e+01 6.600000000000000000e+01 0.000000000000000000e+00 1.600000000000000089e+00 1.149000000000000065e-03 5.184000000000000240e-03 9.999860000000000415e-01 -9.510870000000000157e-01 3.089219999999999744e-01 -5.079999999999999880e-04 -3.089199999999999724e-01 -9.510729999999999462e-01 5.284999999999999767e-03
