4.000000000000000000e+00 1.010000000000000000e+02 7.000000000000000000e+00 0.000000000000000000e+00 1.600000000000000089e+00 1.198000000000000063e-03 1.190000000000000085e-02 9.999280000000000390e-01 8.888279999999999514e-01 4.581950000000000189e-01 -6.518000000000000356e-03 -4.582399999999999807e-01 8.887720000000000065e-01 -1.002800000000000046e-02
1.300000000000000000e+01 1.010000000000000000e+02 7.000000000000000000e+00 0.000000000000000000e+00 1.600000000000000089e+00 -5.670000000000000127e-04 -7.320000000000000118e-03 9.999730000000000008e-01 8.895410000000000261e-01 4.568389999999999951e-01 3.847999999999999858e-03 -4.568550000000000111e-01 8.895189999999999486e-01 6.252999999999999878e-03
3.000000000000000000e+00 2.500000000000000000e+01 8.000000000000000000e+00 0.000000000000000000e+00 1.600000000000000089e+00 -1.469999999999999953e-04 -1.674399999999999847e-02 -9.998599999999999710e-01 4.372440000000000215e-01 8.992160000000000153e-01 -1.512299999999999929e-02 8.993430000000000035e-01 -4.371849999999999903e-01 7.189000000000000078e-03
1.100000000000000000e+01 2.500000000000000000e+01 8.000000000000000000e+00 0.000000000000000000e+00 1.600000000000000089e+00 2.183000000000000045e-03 2.831999999999999882e-03 -9.999940000000000495e-01 4.380100000000000104e-01 8.989629999999999566e-01 3.501999999999999905e-03 8.989679999999999893e-01 -4.380149999999999877e-01 7.219999999999999855e-04
1.400000000000000000e+01 2.500000000000000000e+01 8.000000000000000000e+00 0.000000000000000000e+00 1.600000000000000089e+00 1.330000000000000019e-03 3.644000000000000104e-03 -9.999919999999999920e-01 4.380249999999999977e-01 8.989549999999999486e-01 3.857999999999999884e-03 8.989620000000000388e-01 -4.380260000000000264e-01 -4.009999999999999893e-04
2.000000000000000000e+01 2.500000000000000000e+01 8.000000000000000000e+00 0.000000000000000000e+00 1.600000000000000089e+00 4.449999999999999746e-04 2.964000000000000055e-03 -9.999959999999999960e-01 4.381309999999999927e-01 8.989059999999999828e-01 2.858999999999999996e-03 8.989110000000000156e-01 -4.381309999999999927e-01 -8.989999999999999511e-04
2.900000000000000000e+01 2.500000000000000000e+01 8.000000000000000000e+00 0.000000000000000000e+00 1.600000000000000089e+00 -1.796999999999999986e-03 -4.041000000000000321e-03 -9.999900000000000455e-01 4.392820000000000058e-01 8.983379999999999699e-01 -4.419000000000000185e-03 8.983470000000000066e-01 -4.392860000000000098e-01 1.610000000000000103e-04
1.500000000000000000e+01 9.000000000000000000e+00 9.000000000000000000e+00 0.000000000000000000e+00 1.600000000000000089e+00 -3.708999999999999797e-02 -1.566599999999999937e-02 -9.991889999999999938e-01 -9.770870000000000388e-01 -2.091339999999999866e-01 3.954900000000000082e-02 -2.095839999999999925e-01 9.777620000000000200e-01 -7.550000000000000287e-03
1.900000000000000000e+01 9.000000000000000000e+00 9.000000000000000000e+00 0.000000000000000000e+00 1.600000000000000089e+00 -7.305200000000000582e-02 -5.275900000000000034e-02 -9.959320000000000395e-01 -9.520950000000000246e-01 -2.936380000000000101e-01 8.539199999999999569e-02 -2.969490000000000185e-01 9.544599999999999751e-01 -2.878100000000000103e-02
3.000000000000000000e+00 2.400000000000000000e+01 9.000000000000000000e+00 0.000000000000000000e+00 1.600000000000000089e+00 -7.910000000000000364e-04 -1.300600000000000020e-02 -9.999149999999999983e-01 4.424449999999999772e-01 8.967150000000000398e-01 -1.201400000000000037e-02 8.967950000000000088e-01 -4.424170000000000047e-01 5.045000000000000005e-03
7.000000000000000000e+00 2.400000000000000000e+01 9.000000000000000000e+00 0.000000000000000000e+00 1.600000000000000089e+00 6.650000000000000095e-04 -6.668999999999999581e-03 -9.999780000000000335e-01 4.442849999999999855e-01 8.958679999999999977e-01 -5.679000000000000020e-03 8.958850000000000424e-01 -4.442710000000000270e-01 3.559000000000000098e-03
1.000000000000000000e+01 2.400000000000000000e+01 9.000000000000000000e+00 0.000000000000000000e+00 1.600000000000000089e+00 1.825999999999999932e-03 3.395000000000000014e-03 -9.999930000000000208e-01 4.442619999999999902e-01 8.958890000000000464e-01 3.853000000000000088e-03 8.958949999999999969e-01 -4.442659999999999942e-01 1.269999999999999970e-04
1.400000000000000000e+01 2.400000000000000000e+01 9.000000000000000000e+00 0.000000000000000000e+00 1.600000000000000089e+00 9.179999999999999792e-04 5.340000000000000129e-03 -9.999850000000000128e-01 4.446160000000000112e-01 8.957060000000000022e-01 5.191000000000000301e-03 8.957209999999999894e-01 -4.446149999999999824e-01 -1.551999999999999994e-03
2.000000000000000000e+01 2.400000000000000000e+01 9.000000000000000000e+00 0.000000000000000000e+00 1.600000000000000089e+00 3.869999999999999742e-04 3.543000000000000142e-03 -9.999940000000000495e-01 4.442619999999999902e-01 8.958909999999999929e-01 3.346000000000000016e-03 8.958970000000000544e-01 -4.442599999999999882e-01 -1.227000000000000009e-03
2.400000000000000000e+01 2.400000000000000000e+01 9.000000000000000000e+00 0.000000000000000000e+00 1.600000000000000089e+00 -7.700000000000000139e-05 2.359999999999999902e-04 -1.000000000000000000e+00 4.430790000000000006e-01 8.964820000000000011e-01 1.779999999999999898e-04 8.964820000000000011e-01 -4.430790000000000006e-01 -1.740000000000000010e-04
2.700000000000000000e+01 2.400000000000000000e+01 9.000000000000000000e+00 0.000000000000000000e+00 1.600000000000000089e+00 -1.536999999999999955e-03 -2.645000000000000216e-03 -9.999949999999999672e-01 4.441899999999999737e-01 8.959270000000000289e-01 -3.052000000000000025e-03 8.959310000000000329e-01 -4.441930000000000045e-01 -2.020000000000000040e-04
1.200000000000000000e+01 3.000000000000000000e+01 1.200000000000000000e+01 0.000000000000000000e+00 1.600000000000000089e+00 -7.927999999999999284e-03 -1.245409999999999989e-01 9.921830000000000371e-01 -2.163500000000000145e-02 9.920029999999999681e-01 1.243459999999999982e-01 -9.997350000000000403e-01 -2.048000000000000168e-02 -1.055900000000000068e-02
1.600000000000000000e+01 3.100000000000000000e+01 1.200000000000000000e+01 0.000000000000000000e+00 1.600000000000000089e+00 2.925000000000000083e-03 -2.143410000000000037e-01 9.767540000000000111e-01 -6.581900000000000250e-02 9.745989999999999931e-01 2.140650000000000053e-01 -9.978270000000000195e-01 -6.491500000000000048e-02 -1.125699999999999965e-02
1.800000000000000000e+01 3.500000000000000000e+01 1.300000000000000000e+01 0.000000000000000000e+00 1.600000000000000089e+00 -1.912079999999999891e-01 -5.317500000000000004e-02 9.801079999999999792e-01 9.676749999999999519e-01 -1.775110000000000021e-01 1.791520000000000057e-01 1.644539999999999891e-01 9.826810000000000267e-01 8.539800000000000169e-02
2.700000000000000000e+01 3.200000000000000000e+01 1.400000000000000000e+01 0.000000000000000000e+00 1.600000000000000089e+00 7.330000000000000361e-04 -2.328000000000000208e-03 -9.999970000000000248e-01 1.164980000000000043e-01 9.931879999999999598e-01 -2.226999999999999813e-03 9.931910000000000460e-01 -1.164960000000000023e-01 9.990000000000001049e-04
6.000000000000000000e+00 1.200000000000000000e+01 1.600000000000000000e+01 0.000000000000000000e+00 1.600000000000000089e+00 -5.619999999999999996e-04 -1.196999999999999930e-03 9.999989999999999712e-01 2.728059999999999929e-01 -9.620689999999999520e-01 -9.979999999999999722e-04 9.620689999999999520e-01 2.728050000000000197e-01 8.679999999999999565e-04
1.000000000000000000e+01 1.200000000000000000e+01 1.600000000000000000e+01 0.000000000000000000e+00 1.600000000000000089e+00 4.471000000000000148e-03 -1.383099999999999954e-02 9.998939999999999495e-01 2.695670000000000011e-01 -9.628719999999999501e-01 -1.452400000000000045e-02 9.629710000000000214e-01 2.696029999999999816e-01 -5.760000000000000146e-04
1.300000000000000000e+01 1.200000000000000000e+01 1.600000000000000000e+01 0.000000000000000000e+00 1.600000000000000089e+00 7.315999999999999587e-03 -2.104299999999999921e-02 9.997519999999999740e-01 2.701270000000000060e-01 -9.625679999999999792e-01 -2.223699999999999982e-02 9.627970000000000139e-01 2.702229999999999910e-01 -1.356999999999999916e-03
6.000000000000000000e+00 1.160000000000000000e+02 1.600000000000000000e+01 0.000000000000000000e+00 1.600000000000000089e+00 1.172000000000000082e-03 2.779999999999999811e-04 9.999989999999999712e-01 7.659709999999999575e-01 6.428749999999999742e-01 -1.077000000000000049e-03 -6.428739999999999455e-01 7.659709999999999575e-01 5.400000000000000069e-04
1.000000000000000000e+01 1.160000000000000000e+02 1.600000000000000000e+01 0.000000000000000000e+00 1.600000000000000089e+00 2.426999999999999904e-03 2.681999999999999922e-03 9.999930000000000208e-01 7.668139999999999956e-01 6.418589999999999574e-01 -3.582000000000000114e-03 -6.418639999999999901e-01 7.668179999999999996e-01 -4.989999999999999861e-04
2.200000000000000000e+01 1.160000000000000000e+02 1.600000000000000000e+01 0.000000000000000000e+00 1.600000000000000089e+00 1.693000000000000060e-03 4.433000000000000308e-03 9.999890000000000168e-01 7.162610000000000365e-01 6.978189999999999671e-01 -4.305999999999999932e-03 -6.978299999999999503e-01 7.162610000000000365e-01 -1.992999999999999980e-03
2.800000000000000000e+01 1.160000000000000000e+02 1.600000000000000000e+01 0.000000000000000000e+00 1.600000000000000089e+00 -6.830000000000000134e-04 2.994000000000000133e-03 9.999949999999999672e-01 7.041380000000000416e-01 7.100610000000000532e-01 -1.644000000000000062e-03 -7.100629999999999997e-01 7.041340000000000376e-01 -2.592999999999999819e-03
1.100000000000000000e+01 3.400000000000000000e+01 1.800000000000000000e+01 0.000000000000000000e+00 1.600000000000000089e+00 2.079860000000000042e-01 2.789200000000000013e-01 9.375210000000000488e-01 -9.683279999999999665e-01 1.940810000000000035e-01 1.570799999999999974e-01 -1.381419999999999870e-01 -9.404979999999999452e-01 3.104520000000000057e-01
8.000000000000000000e+00 2.000000000000000000e+00 1.900000000000000000e+01 0.000000000000000000e+00 1.600000000000000089e+00 -3.449999999999999833e-04 1.879999999999999944e-03 -9.999980000000000535e-01 3.389179999999999970e-01 -9.408140000000000391e-01 -1.886000000000000090e-03 -9.408159999999999856e-01 -3.389190000000000258e-01 -3.119999999999999944e-04
2.600000000000000000e+01 2.000000000000000000e+00 1.900000000000000000e+01 0.000000000000000000e+00 1.600000000000000089e+00 1.007800000000000015e-02 -5.305599999999999900e-02 -9.985410000000000119e-01 3.636179999999999968e-01 -9.300340000000000273e-01 5.308600000000000124e-02 -9.314940000000000442e-01 -3.636220000000000008e-01 9.919999999999999998e-03
1.900000000000000000e+01 3.000000000000000000e+00 1.900000000000000000e+01 0.000000000000000000e+00 1.600000000000000089e+00 8.692999999999999339e-03 -4.697300000000000086e-02 -9.988580000000000236e-01 3.398100000000000009e-01 -9.393120000000000358e-01 4.713099999999999928e-02 -9.404540000000000122e-01 -3.398320000000000229e-01 7.795999999999999978e-03
2.000000000000000000e+00 4.000000000000000000e+00 2.000000000000000000e+01 0.000000000000000000e+00 1.600000000000000089e+00 1.796000000000000070e-03 1.581899999999999973e-02 -9.998730000000000118e-01 3.867970000000000019e-01 -9.220599999999999907e-01 -1.389300000000000083e-02 -9.221629999999999550e-01 -3.867229999999999834e-01 -7.774999999999999793e-03
6.000000000000000000e+00 4.000000000000000000e+00 2.000000000000000000e+01 0.000000000000000000e+00 1.600000000000000089e+00 2.599999999999999840e-05 9.643999999999999795e-03 -9.999540000000000095e-01 3.872740000000000071e-01 -9.219220000000000192e-01 -8.881999999999999271e-03 -9.219650000000000345e-01 -3.872550000000000159e-01 -3.759000000000000188e-03
1.700000000000000000e+01 4.000000000000000000e+00 2.000000000000000000e+01 0.000000000000000000e+00 1.600000000000000089e+00 3.850000000000000124e-03 -3.427899999999999697e-02 -9.994049999999999878e-01 3.813790000000000235e-01 -9.238239999999999785e-01 3.315599999999999797e-02 -9.244109999999999827e-01 -3.812800000000000078e-01 9.516000000000000153e-03
1.000000000000000000e+00 1.300000000000000000e+01 2.000000000000000000e+01 0.000000000000000000e+00 1.600000000000000089e+00 1.521999999999999915e-03 -4.575000000000000074e-03 9.999879999999999880e-01 2.628179999999999961e-01 9.648369999999999447e-01 4.015000000000000339e-03 -9.648440000000000349e-01 2.628090000000000148e-01 2.671000000000000197e-03
8.000000000000000000e+00 1.300000000000000000e+01 2.000000000000000000e+01 0.000000000000000000e+00 1.600000000000000089e+00 -6.070000000000000092e-04 1.002999999999999985e-03 9.999989999999999712e-01 2.636970000000000147e-01 9.646050000000000457e-01 -8.080000000000000160e-04 -9.646050000000000457e-01 2.636959999999999860e-01 -8.499999999999999526e-04
1.400000000000000000e+01 1.300000000000000000e+01 2.000000000000000000e+01 0.000000000000000000e+00 1.600000000000000089e+00 -1.438000000000000042e-03 4.375999999999999682e-03 9.999890000000000168e-01 2.625399999999999956e-01 9.649130000000000207e-01 -3.844999999999999894e-03 -9.649199999999999999e-01 2.625310000000000143e-01 -2.536000000000000060e-03
1.900000000000000000e+01 1.300000000000000000e+01 2.000000000000000000e+01 0.000000000000000000e+00 1.600000000000000089e+00 8.620000000000000275e-04 -3.402000000000000076e-03 9.999940000000000495e-01 2.602470000000000061e-01 9.655369999999999786e-01 3.059999999999999786e-03 -9.655420000000000114e-01 2.602430000000000021e-01 1.717999999999999909e-03
2.200000000000000000e+01 1.300000000000000000e+01 2.000000000000000000e+01 0.000000000000000000e+00 1.600000000000000089e+00 1.048000000000000103e-03 -8.685999999999999277e-03 9.999620000000000175e-01 2.580760000000000276e-01 9.660910000000000331e-01 8.122000000000000747e-03 -9.661239999999999828e-01 2.580580000000000096e-01 3.253999999999999948e-03
1.100000000000000000e+01 1.600000000000000000e+01 2.100000000000000000e+01 0.000000000000000000e+00 1.600000000000000089e+00 -5.450000000000000200e-04 4.099000000000000213e-03 9.999909999999999632e-01 2.956559999999999744e-01 9.552869999999999973e-01 -3.755000000000000091e-03 -9.552939999999999765e-01 2.956509999999999971e-01 -1.732000000000000033e-03
2.500000000000000000e+01 1.600000000000000000e+01 2.100000000000000000e+01 0.000000000000000000e+00 1.600000000000000089e+00 3.620000000000000171e-04 -9.147999999999999882e-03 9.999580000000000135e-01 2.971650000000000125e-01 9.547870000000000523e-01 8.626999999999999252e-03 -9.548259999999999525e-01 2.971489999999999965e-01 3.065000000000000016e-03
2.800000000000000000e+01 4.000000000000000000e+01 2.400000000000000000e+01 0.000000000000000000e+00 1.600000000000000089e+00 3.434590000000000143e-01 1.680560000000000109e-01 9.240089999999999693e-01 -8.657749999999999613e-01 4.379399999999999959e-01 2.421619999999999884e-01 -3.639640000000000097e-01 -8.831569999999999698e-01 2.959129999999999816e-01
3.000000000000000000e+01 4.100000000000000000e+01 2.400000000000000000e+01 0.000000000000000000e+00 1.600000000000000089e+00 2.842689999999999939e-01 1.623070000000000068e-01 9.449060000000000237e-01 -9.068490000000000162e-01 3.653759999999999786e-01 2.100599999999999967e-01 -3.111519999999999841e-01 -9.166009999999999991e-01 2.510530000000000261e-01
2.400000000000000000e+01 2.000000000000000000e+00 2.500000000000000000e+01 0.000000000000000000e+00 1.600000000000000089e+00 1.114200000000000086e-02 -4.383200000000000290e-02 9.989770000000000039e-01 7.583499999999999963e-02 -9.961250000000000382e-01 -4.455300000000000232e-02 9.970579999999999998e-01 7.625400000000000234e-02 -7.774999999999999793e-03
6.000000000000000000e+00 3.000000000000000000e+00 2.500000000000000000e+01 0.000000000000000000e+00 1.600000000000000089e+00 -3.488999999999999914e-03 5.638999999999999915e-03 9.999780000000000335e-01 1.989300000000000096e-02 -9.997859999999999525e-01 5.707000000000000267e-03 9.997960000000000180e-01 1.991199999999999914e-02 3.376000000000000095e-03
1.000000000000000000e+01 3.000000000000000000e+00 2.500000000000000000e+01 0.000000000000000000e+00 1.600000000000000089e+00 4.173999999999999759e-03 -5.331999999999999934e-03 9.999770000000000048e-01 3.289899999999999769e-02 -9.994439999999999991e-01 -5.466999999999999638e-03 9.994499999999999496e-01 3.292099999999999888e-02 -3.996000000000000420e-03
1.700000000000000000e+01 3.000000000000000000e+00 2.500000000000000000e+01 0.000000000000000000e+00 1.600000000000000089e+00 9.577000000000000443e-03 -2.094199999999999881e-02 9.997350000000000403e-01 1.686500000000000152e-02 -9.996350000000000513e-01 -2.110100000000000170e-02 9.998120000000000340e-01 1.706200000000000078e-02 -9.220000000000000764e-03
2.500000000000000000e+01 3.000000000000000000e+00 2.500000000000000000e+01 0.000000000000000000e+00 1.600000000000000089e+00 2.655999999999999941e-03 -3.693199999999999955e-02 9.993140000000000356e-01 -1.602699999999999958e-02 -9.991910000000000514e-01 -3.688500000000000112e-02 9.998679999999999790e-01 -1.591800000000000159e-02 -3.246000000000000187e-03
2.800000000000000000e+01 3.000000000000000000e+00 2.500000000000000000e+01 0.000000000000000000e+00 1.600000000000000089e+00 -1.150999999999999896e-03 -2.031799999999999926e-02 9.997930000000000428e-01 -2.812600000000000169e-02 -9.993969999999999798e-01 -2.034199999999999897e-02 9.996040000000000481e-01 -2.814399999999999888e-02 5.779999999999999548e-04
1.000000000000000000e+01 2.900000000000000000e+01 2.600000000000000000e+01 0.000000000000000000e+00 1.600000000000000089e+00 5.354000000000000252e-03 3.861900000000000055e-02 -9.992400000000000171e-01 1.294909999999999950e-01 -9.908670000000000533e-01 -3.760199999999999654e-02 -9.915659999999999474e-01 -1.291920000000000013e-01 -1.030599999999999919e-02
3.000000000000000000e+00 5.800000000000000000e+01 3.100000000000000000e+01 0.000000000000000000e+00 1.600000000000000089e+00 -5.912999999999999853e-03 -2.124000000000000020e-03 9.999799999999999800e-01 -8.083080000000000265e-01 -5.887280000000000291e-01 -6.029999999999999770e-03 5.887299999999999756e-01 -8.083280000000000465e-01 1.763999999999999943e-03
2.200000000000000000e+01 5.800000000000000000e+01 3.100000000000000000e+01 0.000000000000000000e+00 1.600000000000000089e+00 8.902000000000000191e-03 1.103600000000000067e-02 9.998989999999999823e-01 -8.107309999999999794e-01 -5.852579999999999449e-01 1.367699999999999992e-02 5.853509999999999547e-01 -8.107720000000000482e-01 3.738000000000000003e-03
2.800000000000000000e+01 5.800000000000000000e+01 3.100000000000000000e+01 0.000000000000000000e+00 1.600000000000000089e+00 1.630000000000000047e-04 -3.304000000000000079e-03 9.999949999999999672e-01 -8.085520000000000485e-01 -5.884220000000000006e-01 -1.812000000000000026e-03 5.884249999999999758e-01 -8.085470000000000157e-01 -2.768000000000000061e-03
8.000000000000000000e+00 3.200000000000000000e+01 3.300000000000000000e+01 0.000000000000000000e+00 1.600000000000000089e+00 8.076300000000000145e-02 -8.629000000000000559e-02 -9.929909999999999570e-01 1.396120000000000139e-01 -9.854450000000000154e-01 9.698900000000000576e-02 -9.869069999999999787e-01 -1.464660000000000128e-01 -6.754100000000000381e-02
4.000000000000000000e+00 4.600000000000000000e+01 3.500000000000000000e+01 0.000000000000000000e+00 1.600000000000000089e+00 -1.299999999999999920e-05 6.951799999999999646e-02 -9.975810000000000510e-01 3.945569999999999911e-01 -9.166480000000000183e-01 -6.388399999999999634e-02 -9.188720000000000221e-01 -3.936029999999999807e-01 -2.741700000000000040e-02
2.000000000000000000e+00 9.500000000000000000e+01 3.600000000000000000e+01 0.000000000000000000e+00 1.600000000000000089e+00 1.583999999999999905e-03 8.293999999999999290e-03 9.999639999999999640e-01 9.970949999999999536e-01 7.613100000000000422e-02 -2.210999999999999858e-03 -7.614700000000000635e-02 9.970630000000000326e-01 -8.148999999999999994e-03
1.900000000000000000e+01 4.600000000000000000e+01 4.100000000000000000e+01 0.000000000000000000e+00 1.600000000000000089e+00 -4.954629999999999868e-01 5.244999999999999662e-03 8.686129999999999685e-01 5.987689999999999957e-01 -7.223749999999999893e-01 3.459039999999999893e-01 6.292790000000000328e-01 6.914810000000000123e-01 3.547699999999999743e-01
1.000000000000000000e+01 3.000000000000000000e+00 4.300000000000000000e+01 0.000000000000000000e+00 1.600000000000000089e+00 -1.461999999999999975e-03 -3.079000000000000140e-03 -9.999940000000000495e-01 7.318729999999999958e-01 -6.814400000000000457e-01 1.028999999999999967e-03 -6.814390000000000169e-01 -7.318670000000000453e-01 3.249999999999999851e-03
1.400000000000000000e+01 3.000000000000000000e+00 4.300000000000000000e+01 0.000000000000000000e+00 1.600000000000000089e+00 -3.808999999999999886e-03 1.180000000000000059e-03 -9.999919999999999920e-01 7.299069999999999725e-01 -6.835369999999999502e-01 -3.586999999999999911e-03 -6.835360000000000325e-01 -7.299149999999999805e-01 1.742000000000000059e-03
2.300000000000000000e+01 8.000000000000000000e+00 4.400000000000000000e+01 0.000000000000000000e+00 1.600000000000000089e+00 -1.275000000000000092e-03 -1.438000000000000042e-03 9.999980000000000535e-01 -7.908439999999999914e-01 -6.120149999999999757e-01 -1.887999999999999921e-03 6.120160000000000045e-01 -7.908450000000000202e-01 -3.570000000000000040e-04
2.600000000000000000e+01 8.000000000000000000e+00 4.400000000000000000e+01 0.000000000000000000e+00 1.600000000000000089e+00 4.240000000000000062e-04 4.993000000000000042e-03 9.999869999999999592e-01 -7.907790000000000097e-01 -6.120929999999999982e-01 3.390999999999999917e-03 6.121020000000000350e-01 -7.907699999999999729e-01 3.689000000000000005e-03
3.000000000000000000e+00 2.900000000000000000e+01 4.400000000000000000e+01 0.000000000000000000e+00 1.600000000000000089e+00 -6.209000000000000109e-03 -5.899999999999999754e-05 -9.999810000000000088e-01 6.361769999999999925e-01 7.715330000000000243e-01 -3.996000000000000420e-03 7.715180000000000371e-01 -6.361890000000000045e-01 -4.753000000000000280e-03
1.300000000000000000e+01 3.500000000000000000e+01 4.400000000000000000e+01 0.000000000000000000e+00 1.600000000000000089e+00 -2.907500000000000084e-01 -5.625160000000000160e-01 -7.739770000000000261e-01 -8.943699999999999983e-01 4.471930000000000072e-01 1.096300000000000052e-02 3.399499999999999744e-01 6.954099999999999726e-01 -6.331189999999999873e-01
2.200000000000000000e+01 3.700000000000000000e+01 5.100000000000000000e+01 0.000000000000000000e+00 1.600000000000000089e+00 -4.020839999999999970e-01 -3.836410000000000098e-01 8.313530000000000086e-01 9.002400000000000402e-01 -3.312820000000000209e-01 2.825259999999999994e-01 1.670240000000000058e-01 8.620160000000000045e-01 4.785719999999999974e-01
2.400000000000000000e+01 3.800000000000000000e+01 5.100000000000000000e+01 0.000000000000000000e+00 1.600000000000000089e+00 -3.730029999999999735e-01 -3.988619999999999943e-01 8.377219999999999667e-01 9.227370000000000294e-01 -2.539429999999999743e-01 2.899479999999999835e-01 9.708500000000000463e-02 8.811480000000000423e-01 4.627660000000000107e-01
2.000000000000000000e+00 7.000000000000000000e+00 5.200000000000000000e+01 0.000000000000000000e+00 1.600000000000000089e+00 2.380000000000000171e-03 -9.648000000000000326e-03 -9.999510000000000343e-01 8.997800000000000242e-02 -9.958949999999999747e-01 9.823000000000000134e-03 -9.959409999999999652e-01 -8.999699999999999367e-02 -1.502000000000000080e-03
2.800000000000000000e+01 7.000000000000000000e+00 5.200000000000000000e+01 0.000000000000000000e+00 1.600000000000000089e+00 -8.229999999999999469e-04 2.576999999999999864e-03 -9.999959999999999960e-01 7.550800000000000567e-02 -9.971419999999999728e-01 -2.631999999999999791e-03 -9.971449999999999481e-01 -7.550999999999999379e-02 6.260000000000000373e-04
4.000000000000000000e+00 6.300000000000000000e+01 5.400000000000000000e+01 0.000000000000000000e+00 1.600000000000000089e+00 -2.310000000000000042e-04 3.982000000000000296e-03 9.999919999999999920e-01 -3.481299999999999950e-01 9.374390000000000223e-01 -3.812999999999999983e-03 -9.374460000000000015e-01 -3.481279999999999930e-01 1.170000000000000033e-03
6.000000000000000000e+00 6.300000000000000000e+01 5.400000000000000000e+01 0.000000000000000000e+00 1.600000000000000089e+00 7.209999999999999612e-04 4.253999999999999969e-03 9.999909999999999632e-01 -3.503950000000000120e-01 9.365949999999999553e-01 -3.732000000000000074e-03 -9.366020000000000456e-01 -3.503890000000000060e-01 2.165999999999999957e-03
1.900000000000000000e+01 6.300000000000000000e+01 5.400000000000000000e+01 0.000000000000000000e+00 1.600000000000000089e+00 2.329999999999999986e-04 -2.680000000000000090e-03 9.999959999999999960e-01 -3.587270000000000181e-01 9.334390000000000187e-01 2.585000000000000058e-03 -9.334430000000000227e-01 -3.587259999999999893e-01 -7.439999999999999782e-04
2.500000000000000000e+01 6.300000000000000000e+01 5.400000000000000000e+01 0.000000000000000000e+00 1.600000000000000089e+00 1.863000000000000073e-03 1.589999999999999888e-04 9.999980000000000535e-01 -3.640209999999999835e-01 9.313909999999999689e-01 5.299999999999999807e-04 -9.313890000000000224e-01 -3.640220000000000122e-01 1.793000000000000106e-03
1.600000000000000000e+01 2.500000000000000000e+01 5.500000000000000000e+01 0.000000000000000000e+00 1.600000000000000089e+00 7.979999999999999897e-04 1.570999999999999914e-03 -9.999980000000000535e-01 -1.069100000000000085e-02 -9.999419999999999975e-01 -1.580000000000000024e-03 -9.999430000000000263e-01 1.069200000000000012e-02 -7.810000000000000102e-04
2.100000000000000000e+01 2.000000000000000000e+01 6.000000000000000000e+01 0.000000000000000000e+00 1.600000000000000089e+00 1.376999999999999969e-03 -2.147000000000000037e-03 9.999970000000000248e-01 -6.040800000000000336e-02 9.981710000000000305e-01 2.226000000000000114e-03 -9.981729999999999769e-01 -6.041099999999999942e-02 1.245000000000000013e-03
5.000000000000000000e+00 2.100000000000000000e+01 6.000000000000000000e+01 0.000000000000000000e+00 1.600000000000000089e+00 -9.700000000000000505e-04 7.803000000000000040e-03 9.999689999999999968e-01 -9.789799999999999891e-02 9.951649999999999663e-01 -7.860000000000000667e-03 -9.951959999999999695e-01 -9.790200000000000291e-02 -2.010000000000000068e-04
1.200000000000000000e+01 2.100000000000000000e+01 6.000000000000000000e+01 0.000000000000000000e+00 1.600000000000000089e+00 -5.789999999999999791e-04 -6.638999999999999936e-03 9.999780000000000335e-01 -9.601600000000000412e-02 9.953579999999999650e-01 6.552999999999999797e-03 -9.953800000000000425e-01 -9.600999999999999812e-02 -1.214000000000000018e-03
1.700000000000000000e+01 2.100000000000000000e+01 6.000000000000000000e+01 0.000000000000000000e+00 1.600000000000000089e+00 7.799999999999999859e-04 -6.605999999999999893e-03 9.999780000000000335e-01 -9.288499999999999535e-02 9.956549999999999567e-01 6.649999999999999661e-03 -9.956770000000000342e-01 -9.288799999999999835e-02 1.640000000000000019e-04
2.500000000000000000e+01 2.100000000000000000e+01 6.000000000000000000e+01 0.000000000000000000e+00 1.600000000000000089e+00 -9.370000000000000074e-04 -4.227999999999999987e-03 9.999909999999999632e-01 -9.721499999999999586e-02 9.952550000000000008e-01 4.117000000000000000e-03 -9.952630000000000088e-01 -9.721100000000000574e-02 -1.343000000000000010e-03
4.000000000000000000e+00 6.700000000000000000e+01 6.000000000000000000e+01 0.000000000000000000e+00 1.600000000000000089e+00 2.635999999999999888e-03 4.994000000000000175e-03 9.999839999999999840e-01 1.804070000000000118e-01 -9.835819999999999563e-01 4.436999999999999972e-03 9.835880000000000178e-01 1.803929999999999978e-01 -3.494000000000000144e-03
1.000000000000000000e+00 2.700000000000000000e+01 6.300000000000000000e+01 0.000000000000000000e+00 1.600000000000000089e+00 -5.919999999999999698e-04 6.246999999999999949e-03 9.999799999999999800e-01 -2.745420000000000083e-01 9.615550000000000486e-01 -6.169000000000000004e-03 -9.615749999999999575e-01 -2.745400000000000063e-01 1.146000000000000100e-03
1.100000000000000000e+01 2.700000000000000000e+01 6.300000000000000000e+01 0.000000000000000000e+00 1.600000000000000089e+00 2.011000000000000201e-03 -6.819999999999999674e-03 9.999749999999999472e-01 -2.749199999999999977e-01 9.614409999999999901e-01 7.110000000000000001e-03 -9.614650000000000141e-01 -2.749280000000000057e-01 5.899999999999999754e-05
1.500000000000000000e+01 2.700000000000000000e+01 6.300000000000000000e+01 0.000000000000000000e+00 1.600000000000000089e+00 2.028999999999999988e-03 -1.397000000000000021e-03 9.999970000000000248e-01 -2.749110000000000165e-01 9.614679999999999893e-01 1.900999999999999912e-03 -9.614679999999999893e-01 -2.749139999999999917e-01 1.567000000000000033e-03
1.800000000000000000e+01 2.700000000000000000e+01 6.300000000000000000e+01 0.000000000000000000e+00 1.600000000000000089e+00 4.899999999999999842e-04 -7.145999999999999575e-03 9.999740000000000295e-01 -2.758959999999999746e-01 9.611619999999999608e-01 7.003999999999999809e-03 -9.611870000000000136e-01 -2.758920000000000261e-01 -1.500999999999999947e-03
2.300000000000000000e+01 2.700000000000000000e+01 6.300000000000000000e+01 0.000000000000000000e+00 1.600000000000000089e+00 -1.742000000000000059e-03 -8.168999999999999179e-03 9.999649999999999928e-01 -2.765630000000000033e-01 9.609680000000000444e-01 7.368999999999999682e-03 -9.609940000000000149e-01 -2.765400000000000080e-01 -3.932999999999999864e-03
2.000000000000000000e+00 2.600000000000000000e+01 6.400000000000000000e+01 0.000000000000000000e+00 1.600000000000000089e+00 -1.115000000000000106e-03 4.206999999999999802e-03 9.999900000000000455e-01 -3.683310000000000195e-01 9.296849999999999836e-01 -4.322000000000000321e-03 -9.296940000000000204e-01 -3.683319999999999927e-01 5.130000000000000011e-04
1.200000000000000000e+01 2.600000000000000000e+01 6.400000000000000000e+01 0.000000000000000000e+00 1.600000000000000089e+00 2.851999999999999934e-03 -4.468999999999999882e-03 9.999860000000000415e-01 -3.677349999999999786e-01 9.299159999999999648e-01 5.204000000000000292e-03 -9.299260000000000304e-01 -3.677449999999999886e-01 1.008999999999999914e-03
1.800000000000000000e+01 2.600000000000000000e+01 6.400000000000000000e+01 0.000000000000000000e+00 1.600000000000000089e+00 1.889999999999999970e-03 -7.346000000000000099e-03 9.999710000000000543e-01 -3.653310000000000168e-01 9.308469999999999800e-01 7.529000000000000102e-03 -9.308760000000000367e-01 -3.653339999999999921e-01 -9.240000000000000166e-04
2.300000000000000000e+01 2.600000000000000000e+01 6.400000000000000000e+01 0.000000000000000000e+00 1.600000000000000089e+00 -1.131000000000000061e-03 -9.747999999999999721e-03 9.999519999999999520e-01 -3.674299999999999788e-01 9.300110000000000321e-01 8.651000000000000703e-03 -9.300500000000000433e-01 -3.674029999999999796e-01 -4.632999999999999965e-03
2.800000000000000000e+01 2.600000000000000000e+01 6.400000000000000000e+01 0.000000000000000000e+00 1.600000000000000089e+00 -6.999999999999999895e-06 2.100000000000000087e-04 1.000000000000000000e+00 -3.615369999999999973e-01 9.323580000000000201e-01 -1.990000000000000124e-04 -9.323580000000000201e-01 -3.615369999999999973e-01 6.899999999999999667e-05
2.600000000000000000e+01 3.100000000000000000e+01 7.100000000000000000e+01 0.000000000000000000e+00 1.600000000000000089e+00 -1.251000000000000029e-02 -7.050000000000000060e-04 -9.999219999999999775e-01 -7.481389999999999985e-01 -6.634689999999999754e-01 9.827999999999999931e-03 -6.634240000000000137e-01 7.482039999999999802e-01 7.773000000000000395e-03
2.000000000000000000e+00 2.500000000000000000e+01 7.300000000000000000e+01 0.000000000000000000e+00 1.600000000000000089e+00 -9.598999999999999894e-03 -1.004599999999999937e-02 9.999040000000000150e-01 7.550219999999999709e-01 -6.556990000000000318e-01 6.599999999999999964e-04 6.556290000000000173e-01 7.549559999999999604e-01 1.387900000000000071e-02
1.000000000000000000e+01 2.500000000000000000e+01 7.300000000000000000e+01 0.000000000000000000e+00 1.600000000000000089e+00 1.899000000000000080e-03 3.200999999999999852e-03 9.999930000000000208e-01 7.598179999999999934e-01 -6.501360000000000472e-01 6.380000000000000037e-04 6.501329999999999609e-01 7.598110000000000142e-01 -3.667000000000000121e-03
1.300000000000000000e+01 2.500000000000000000e+01 7.300000000000000000e+01 0.000000000000000000e+00 1.600000000000000089e+00 2.701999999999999975e-03 -4.539999999999999765e-04 9.999959999999999960e-01 7.629489999999999883e-01 -6.464539999999999731e-01 -2.354999999999999889e-03 6.464530000000000554e-01 7.629529999999999923e-01 -1.399999999999999986e-03
1.900000000000000000e+01 2.500000000000000000e+01 7.300000000000000000e+01 0.000000000000000000e+00 1.600000000000000089e+00 -3.523000000000000090e-03 -1.354799999999999928e-02 9.999019999999999575e-01 7.526669999999999749e-01 -6.583719999999999573e-01 -6.269000000000000267e-03 6.583919999999999773e-01 7.525709999999999900e-01 1.251700000000000035e-02
2.700000000000000000e+01 2.500000000000000000e+01 7.300000000000000000e+01 0.000000000000000000e+00 1.600000000000000089e+00 -1.353999999999999952e-03 -2.026000000000000023e-03 9.999970000000000248e-01 7.508569999999999967e-01 -6.604649999999999688e-01 -3.220000000000000206e-04 6.604640000000000510e-01 7.508540000000000214e-01 2.415000000000000046e-03
3.000000000000000000e+00 4.400000000000000000e+01 7.300000000000000000e+01 0.000000000000000000e+00 1.600000000000000089e+00 2.052000000000000005e-03 7.150000000000000322e-04 9.999980000000000535e-01 5.743899999999999700e-02 -9.983490000000000419e-01 5.959999999999999586e-04 9.983469999999999844e-01 5.743700000000000194e-02 -2.089000000000000145e-03
1.300000000000000000e+01 4.400000000000000000e+01 7.300000000000000000e+01 0.000000000000000000e+00 1.600000000000000089e+00 -9.610000000000000486e-04 -2.909999999999999826e-03 9.999949999999999672e-01 5.377400000000000235e-02 -9.985490000000000199e-01 -2.854000000000000200e-03 9.985530000000000239e-01 5.377099999999999935e-02 1.116000000000000021e-03
2.000000000000000000e+01 4.400000000000000000e+01 7.300000000000000000e+01 0.000000000000000000e+00 1.600000000000000089e+00 3.480000000000000020e-04 8.970000000000000109e-04 1.000000000000000000e+00 5.484699999999999992e-02 -9.984939999999999927e-01 8.760000000000000425e-04 9.984950000000000214e-01 5.484699999999999992e-02 -3.959999999999999762e-04
5.000000000000000000e+00 5.100000000000000000e+01 7.600000000000000000e+01 0.000000000000000000e+00 1.600000000000000089e+00 1.900999999999999912e-03 4.559999999999999817e-03 -9.999879999999999880e-01 -4.040389999999999815e-01 -9.147279999999999855e-01 -4.939999999999999947e-03 -9.147399999999999975e-01 4.040440000000000142e-01 1.029999999999999964e-04
1.400000000000000000e+01 5.100000000000000000e+01 7.600000000000000000e+01 0.000000000000000000e+00 1.600000000000000089e+00 1.075000000000000001e-03 -1.278999999999999972e-03 -9.999989999999999712e-01 -4.003950000000000009e-01 -9.163419999999999899e-01 7.420000000000000380e-04 -9.163419999999999899e-01 4.003929999999999989e-01 -1.497000000000000067e-03
2.800000000000000000e+01 5.100000000000000000e+01 7.600000000000000000e+01 0.000000000000000000e+00 1.600000000000000089e+00 7.600000000000000418e-04 1.696999999999999941e-03 -9.999980000000000535e-01 -4.005949999999999789e-01 -9.162529999999999841e-01 -1.858999999999999975e-03 -9.162550000000000416e-01 4.005960000000000076e-01 -1.599999999999999928e-05
3.000000000000000000e+00 9.100000000000000000e+01 7.600000000000000000e+01 0.000000000000000000e+00 1.600000000000000089e+00 7.349999999999999763e-04 4.000000000000000327e-05 1.000000000000000000e+00 2.892049999999999899e-01 -9.572669999999999790e-01 -1.740000000000000010e-04 9.572669999999999790e-01 2.892049999999999899e-01 -7.150000000000000322e-04
9.000000000000000000e+00 9.100000000000000000e+01 7.600000000000000000e+01 0.000000000000000000e+00 1.600000000000000089e+00 6.290000000000000018e-04 7.230000000000000098e-04 1.000000000000000000e+00 2.752539999999999987e-01 -9.613709999999999756e-01 5.220000000000000031e-04 9.613709999999999756e-01 2.752539999999999987e-01 -8.030000000000000028e-04
1.400000000000000000e+01 9.100000000000000000e+01 7.600000000000000000e+01 0.000000000000000000e+00 1.600000000000000089e+00 -2.305000000000000191e-03 2.900000000000000017e-05 9.999970000000000248e-01 2.951329999999999787e-01 -9.554559999999999720e-01 7.079999999999999705e-04 9.554529999999999967e-01 2.951340000000000074e-01 2.194000000000000204e-03
1.900000000000000000e+01 9.100000000000000000e+01 7.600000000000000000e+01 0.000000000000000000e+00 1.600000000000000089e+00 2.860000000000000129e-04 -9.240000000000000166e-04 1.000000000000000000e+00 2.907719999999999749e-01 -9.567919999999999758e-01 -9.669999999999999776e-04 9.567919999999999758e-01 2.907719999999999749e-01 -5.000000000000000409e-06
2.400000000000000000e+01 9.100000000000000000e+01 7.600000000000000000e+01 0.000000000000000000e+00 1.600000000000000089e+00 -3.009999999999999980e-04 -3.930999999999999599e-03 9.999919999999999920e-01 2.836890000000000245e-01 -9.589090000000000114e-01 -3.684000000000000209e-03 9.589159999999999906e-01 2.836859999999999937e-01 1.404000000000000083e-03
2.600000000000000000e+01 9.100000000000000000e+01 7.600000000000000000e+01 0.000000000000000000e+00 1.600000000000000089e+00 -1.637000000000000000e-03 -5.008000000000000299e-03 9.999860000000000415e-01 2.776580000000000159e-01 -9.606700000000000239e-01 -4.355999999999999629e-03 9.606789999999999496e-01 2.776469999999999771e-01 2.962999999999999922e-03
9.000000000000000000e+00 1.010000000000000000e+02 7.900000000000000000e+01 0.000000000000000000e+00 1.600000000000000089e+00 -8.170000000000000179e-04 -2.017000000000000130e-03 -9.999980000000000535e-01 -8.013109999999999955e-01 5.982469999999999732e-01 -5.519999999999999733e-04 5.982469999999999732e-01 8.013090000000000490e-01 -2.105000000000000100e-03
6.000000000000000000e+00 4.400000000000000000e+01 8.300000000000000000e+01 0.000000000000000000e+00 1.600000000000000089e+00 -1.855000000000000095e-03 3.963000000000000377e-03 9.999900000000000455e-01 5.834559999999999746e-01 -8.121329999999999938e-01 4.301000000000000136e-03 8.121420000000000305e-01 5.834589999999999499e-01 -8.059999999999999673e-04
1.600000000000000000e+01 4.400000000000000000e+01 8.300000000000000000e+01 0.000000000000000000e+00 1.600000000000000089e+00 -1.356999999999999916e-03 4.050999999999999913e-03 9.999909999999999632e-01 5.703770000000000229e-01 -8.213730000000000198e-01 4.100999999999999611e-03 8.213819999999999455e-01 5.703770000000000229e-01 -1.196000000000000014e-03
2.100000000000000000e+01 4.400000000000000000e+01 8.300000000000000000e+01 0.000000000000000000e+00 1.600000000000000089e+00 -1.216000000000000067e-03 -2.504999999999999848e-03 9.999959999999999960e-01 5.681669999999999776e-01 -8.229119999999999768e-01 -1.371000000000000040e-03 8.229130000000000056e-01 5.681629999999999736e-01 2.423999999999999939e-03
2.600000000000000000e+01 4.400000000000000000e+01 8.300000000000000000e+01 0.000000000000000000e+00 1.600000000000000089e+00 -1.776000000000000018e-03 1.994999999999999812e-03 9.999959999999999960e-01 5.693789999999999685e-01 -8.220709999999999962e-01 2.651000000000000145e-03 8.220730000000000537e-01 5.693820000000000547e-01 3.240000000000000150e-04
2.900000000000000000e+01 4.400000000000000000e+01 8.300000000000000000e+01 0.000000000000000000e+00 1.600000000000000089e+00 -4.009000000000000410e-03 7.318999999999999985e-03 9.999649999999999928e-01 5.670699999999999630e-01 -8.236269999999999980e-01 8.302000000000000351e-03 8.236599999999999477e-01 5.670840000000000325e-01 -8.480000000000000124e-04
