2.100000000000000000e+01 2.500000000000000000e+01 1.000000000000000000e+00 0.000000000000000000e+00 1.600000000000000089e+00 -5.438500000000000278e-02 -1.110599999999999955e-02 -9.984579999999999567e-01 -5.388870000000000049e-01 -8.414880000000000138e-01 3.871299999999999741e-02 -8.406200000000000339e-01 5.401620000000000310e-01 3.977900000000000186e-02
2.700000000000000000e+01 1.500000000000000000e+01 4.000000000000000000e+00 0.000000000000000000e+00 1.600000000000000089e+00 1.479999999999999979e-03 8.885000000000000536e-03 9.999590000000000423e-01 3.268460000000000254e-01 -9.450439999999999952e-01 7.912999999999999895e-03 9.450760000000000272e-01 3.268209999999999726e-01 -4.303000000000000401e-03
9.000000000000000000e+00 1.600000000000000000e+01 4.000000000000000000e+00 0.000000000000000000e+00 1.600000000000000089e+00 -2.269000000000000183e-03 5.468999999999999903e-03 9.999820000000000375e-01 3.230979999999999963e-01 -9.463470000000000493e-01 5.909000000000000190e-03 9.463629999999999542e-01 3.231049999999999756e-01 3.800000000000000209e-04
1.300000000000000000e+01 1.600000000000000000e+01 4.000000000000000000e+00 0.000000000000000000e+00 1.600000000000000089e+00 2.397999999999999958e-03 6.346000000000000078e-03 9.999770000000000048e-01 3.248019999999999796e-01 -9.457680000000000531e-01 5.223000000000000212e-03 9.457790000000000363e-01 3.247820000000000151e-01 -4.329000000000000382e-03
1.800000000000000000e+01 1.600000000000000000e+01 4.000000000000000000e+00 0.000000000000000000e+00 1.600000000000000089e+00 3.370800000000000185e-02 -1.019420000000000048e-01 9.942189999999999639e-01 3.396339999999999915e-01 -9.344139999999999668e-01 -1.073250000000000037e-01 9.399530000000000385e-01 3.412890000000000090e-01 3.125999999999999873e-03
1.500000000000000000e+01 1.010000000000000000e+02 7.000000000000000000e+00 0.000000000000000000e+00 1.600000000000000089e+00 2.824999999999999820e-03 1.237100000000000005e-02 9.999190000000000023e-01 8.902919999999999723e-01 4.553170000000000273e-01 -8.148999999999999994e-03 -4.553820000000000090e-01 8.902430000000000065e-01 -9.726999999999999535e-03
2.000000000000000000e+01 1.010000000000000000e+02 7.000000000000000000e+00 0.000000000000000000e+00 1.600000000000000089e+00 -9.699999999999999963e-05 4.066299999999999776e-02 9.991729999999999778e-01 8.876760000000000206e-01 4.600910000000000277e-01 -1.863899999999999932e-02 -4.604679999999999884e-01 8.869399999999999507e-01 -3.613999999999999851e-02
2.500000000000000000e+01 1.010000000000000000e+02 7.000000000000000000e+00 0.000000000000000000e+00 1.600000000000000089e+00 3.664999999999999855e-03 6.198000000000000384e-03 9.999740000000000295e-01 8.850470000000000281e-01 4.654610000000000136e-01 -6.127999999999999767e-03 -4.654869999999999841e-01 8.850470000000000281e-01 -3.779999999999999940e-03
2.100000000000000000e+01 2.500000000000000000e+01 8.000000000000000000e+00 0.000000000000000000e+00 1.600000000000000089e+00 5.369399999999999867e-02 1.744870000000000032e-01 -9.831940000000000124e-01 4.555170000000000052e-01 8.719189999999999996e-01 1.796159999999999979e-01 8.886060000000000070e-01 -4.575060000000000238e-01 -3.266399999999999859e-02
2.600000000000000000e+01 2.500000000000000000e+01 8.000000000000000000e+00 0.000000000000000000e+00 1.600000000000000089e+00 2.204999999999999929e-03 5.635000000000000252e-03 -9.999820000000000375e-01 4.479719999999999813e-01 8.940270000000000161e-01 6.026000000000000106e-03 8.940449999999999786e-01 -4.479770000000000141e-01 -5.529999999999999976e-04
3.000000000000000000e+00 2.600000000000000000e+01 8.000000000000000000e+00 0.000000000000000000e+00 1.600000000000000089e+00 -1.892000000000000019e-03 -1.548899999999999930e-02 -9.998780000000000445e-01 4.266800000000000037e-01 9.042810000000000015e-01 -1.481599999999999931e-02 9.044010000000000105e-01 -4.266559999999999797e-01 4.897999999999999576e-03
7.000000000000000000e+00 2.600000000000000000e+01 8.000000000000000000e+00 0.000000000000000000e+00 1.600000000000000089e+00 -3.096999999999999927e-03 -1.502900000000000069e-02 -9.998820000000000485e-01 4.272190000000000154e-01 9.040249999999999675e-01 -1.491100000000000064e-02 9.041430000000000300e-01 -4.272150000000000114e-01 3.621000000000000087e-03
1.300000000000000000e+01 2.600000000000000000e+01 8.000000000000000000e+00 0.000000000000000000e+00 1.600000000000000089e+00 7.240000000000000342e-04 1.275000000000000092e-03 -9.999989999999999712e-01 4.289109999999999867e-01 9.033449999999999536e-01 1.463000000000000108e-03 9.033459999999999823e-01 -4.289120000000000155e-01 1.069999999999999988e-04
3.000000000000000000e+00 1.400000000000000000e+01 9.000000000000000000e+00 0.000000000000000000e+00 1.600000000000000089e+00 1.144999999999999967e-03 6.242000000000000152e-03 -9.999799999999999800e-01 -5.552190000000000181e-01 -8.316839999999999788e-01 -5.827999999999999847e-03 -8.317039999999999988e-01 5.552139999999999853e-01 2.513000000000000043e-03
2.100000000000000000e+01 2.400000000000000000e+01 9.000000000000000000e+00 0.000000000000000000e+00 1.600000000000000089e+00 4.907799999999999663e-02 1.827219999999999955e-01 -9.819390000000000063e-01 4.607879999999999754e-01 8.681060000000000443e-01 1.845700000000000118e-01 8.861520000000000508e-01 -4.615239999999999898e-01 -4.159100000000000297e-02
2.500000000000000000e+01 1.020000000000000000e+02 9.000000000000000000e+00 0.000000000000000000e+00 1.600000000000000089e+00 3.139999999999999996e-03 5.047000000000000271e-03 9.999820000000000375e-01 9.228319999999999856e-01 3.851720000000000144e-01 -4.841999999999999950e-03 -3.851890000000000036e-01 9.228309999999999569e-01 -3.448000000000000110e-03
1.800000000000000000e+01 4.000000000000000000e+00 1.100000000000000000e+01 0.000000000000000000e+00 1.600000000000000089e+00 -6.205399999999999805e-02 -6.637410000000000254e-01 -7.453840000000000465e-01 1.730820000000000136e-01 7.283509999999999707e-01 -6.629829999999999890e-01 9.829510000000000192e-01 -1.701529999999999987e-01 6.968499999999999694e-02
1.000000000000000000e+01 3.100000000000000000e+01 1.200000000000000000e+01 0.000000000000000000e+00 1.600000000000000089e+00 2.799999999999999755e-04 -4.100000000000000047e-05 1.000000000000000000e+00 1.740399999999999933e-02 9.998489999999999878e-01 3.600000000000000091e-05 -9.998479999999999590e-01 1.740399999999999933e-02 2.799999999999999755e-04
1.800000000000000000e+01 3.100000000000000000e+01 1.200000000000000000e+01 0.000000000000000000e+00 1.600000000000000089e+00 2.490000000000000026e-03 3.706000000000000093e-03 9.999900000000000455e-01 1.062800000000000029e-02 9.999369999999999647e-01 -3.732000000000000074e-03 -9.999400000000000510e-01 1.063700000000000062e-02 2.449999999999999921e-03
2.600000000000000000e+01 3.100000000000000000e+01 1.200000000000000000e+01 0.000000000000000000e+00 1.600000000000000089e+00 -9.020000000000000240e-04 1.144000000000000052e-03 9.999989999999999712e-01 -7.794999999999999846e-03 9.999689999999999968e-01 -1.150999999999999896e-03 -9.999689999999999968e-01 -7.795999999999999978e-03 -8.930000000000000221e-04
2.300000000000000000e+01 3.500000000000000000e+01 1.200000000000000000e+01 0.000000000000000000e+00 1.600000000000000089e+00 7.278999999999999880e-03 -2.640599999999999892e-02 -9.996249999999999858e-01 5.373550000000000271e-01 -8.429499999999999771e-01 2.617999999999999841e-02 -8.433249999999999913e-01 -5.373440000000000438e-01 8.052999999999999395e-03
2.900000000000000000e+01 3.500000000000000000e+01 1.200000000000000000e+01 0.000000000000000000e+00 1.600000000000000089e+00 1.386000000000000079e-03 -1.900000000000000105e-04 -9.999989999999999712e-01 5.130900000000000460e-01 -8.583340000000000414e-01 8.739999999999999939e-04 -8.583340000000000414e-01 -5.130909999999999638e-01 -1.092000000000000089e-03
1.300000000000000000e+01 3.200000000000000000e+01 1.400000000000000000e+01 0.000000000000000000e+00 1.600000000000000089e+00 1.670999999999999959e-03 1.936999999999999920e-03 -9.999970000000000248e-01 1.270380000000000120e-01 9.918959999999999999e-01 2.134000000000000046e-03 9.918959999999999999e-01 -1.270409999999999873e-01 1.410999999999999928e-03
2.100000000000000000e+01 1.200000000000000000e+01 1.500000000000000000e+01 0.000000000000000000e+00 1.600000000000000089e+00 -4.142799999999999955e-02 -5.866500000000000187e-02 -9.974180000000000268e-01 -4.641739999999999755e-01 -8.828770000000000229e-01 7.120700000000000640e-02 -8.847749999999999782e-01 4.659249999999999781e-01 9.344999999999999141e-03
2.800000000000000000e+01 1.200000000000000000e+01 1.500000000000000000e+01 0.000000000000000000e+00 1.600000000000000089e+00 1.224999999999999960e-03 1.549999999999999946e-03 -9.999980000000000535e-01 -4.685599999999999765e-01 -8.834300000000000486e-01 -1.943000000000000066e-03 -8.834309999999999663e-01 4.685610000000000053e-01 -3.559999999999999797e-04
2.800000000000000000e+01 1.100000000000000000e+01 1.600000000000000000e+01 0.000000000000000000e+00 1.600000000000000089e+00 1.147999999999999932e-03 3.082999999999999803e-03 -9.999949999999999672e-01 -4.112210000000000032e-01 -9.115299999999999514e-01 -3.282999999999999894e-03 -9.115349999999999842e-01 4.112230000000000052e-01 2.220000000000000022e-04
4.000000000000000000e+00 1.160000000000000000e+02 1.600000000000000000e+01 0.000000000000000000e+00 1.600000000000000089e+00 -1.139999999999999954e-03 -5.509999999999999490e-04 9.999989999999999712e-01 6.837830000000000297e-01 7.296839999999999993e-01 1.180999999999999975e-03 -7.296839999999999993e-01 6.837839999999999474e-01 -4.550000000000000008e-04
7.000000000000000000e+00 1.160000000000000000e+02 1.600000000000000000e+01 0.000000000000000000e+00 1.600000000000000089e+00 6.960000000000000041e-04 8.689999999999999808e-04 9.999989999999999712e-01 6.718579999999999552e-01 7.406789999999999763e-01 -1.111000000000000008e-03 -7.406789999999999763e-01 6.718589999999999840e-01 -6.899999999999999667e-05
1.500000000000000000e+01 1.160000000000000000e+02 1.600000000000000000e+01 0.000000000000000000e+00 1.600000000000000089e+00 5.369999999999999774e-03 6.231999999999999693e-03 9.999660000000000215e-01 6.857410000000000450e-01 7.277989999999999737e-01 -8.219000000000000611e-03 -7.278259999999999730e-01 6.857619999999999827e-01 -3.660000000000000059e-04
1.800000000000000000e+01 1.160000000000000000e+02 1.600000000000000000e+01 0.000000000000000000e+00 1.600000000000000089e+00 1.553500000000000020e-02 2.568399999999999850e-02 9.995490000000000208e-01 7.016250000000000542e-01 7.119480000000000253e-01 -2.919899999999999926e-02 -7.123770000000000380e-01 7.017619999999999969e-01 -6.961000000000000174e-03
2.400000000000000000e+01 1.160000000000000000e+02 1.600000000000000000e+01 0.000000000000000000e+00 1.600000000000000089e+00 2.897999999999999968e-03 4.356999999999999762e-03 9.999860000000000415e-01 7.559700000000000308e-01 6.545870000000000299e-01 -5.042999999999999740e-03 -6.545999999999999597e-01 7.559740000000000348e-01 -1.397000000000000021e-03
2.900000000000000000e+01 1.160000000000000000e+02 1.600000000000000000e+01 0.000000000000000000e+00 1.600000000000000089e+00 1.706000000000000051e-03 -2.335999999999999969e-03 9.999959999999999960e-01 7.627660000000000551e-01 6.466739999999999711e-01 2.090000000000000115e-04 -6.466720000000000246e-01 7.627629999999999688e-01 2.884999999999999978e-03
3.000000000000000000e+00 2.000000000000000000e+00 1.900000000000000000e+01 0.000000000000000000e+00 1.600000000000000089e+00 4.508999999999999987e-03 -4.851000000000000277e-03 -9.999780000000000335e-01 1.605330000000000090e-01 -9.870149999999999757e-01 5.512000000000000406e-03 -9.870200000000000085e-01 -1.605550000000000033e-01 -3.671999999999999917e-03
6.000000000000000000e+00 2.000000000000000000e+00 1.900000000000000000e+01 0.000000000000000000e+00 1.600000000000000089e+00 2.998999999999999930e-03 -2.299999999999999961e-03 -9.999930000000000208e-01 1.610270000000000035e-01 -9.869459999999999900e-01 2.752999999999999805e-03 -9.869459999999999900e-01 -1.610340000000000105e-01 -2.589000000000000155e-03
1.100000000000000000e+01 2.000000000000000000e+00 1.900000000000000000e+01 0.000000000000000000e+00 1.600000000000000089e+00 -7.110000000000000434e-04 -8.770000000000000018e-03 -9.999609999999999888e-01 1.622190000000000021e-01 -9.867179999999999840e-01 8.538000000000000450e-03 -9.867550000000000487e-01 -1.622069999999999901e-01 2.124000000000000020e-03
1.800000000000000000e+01 2.000000000000000000e+00 1.900000000000000000e+01 0.000000000000000000e+00 1.600000000000000089e+00 -1.354999999999999954e-02 3.486800000000000316e-02 -9.992999999999999661e-01 1.820460000000000134e-01 -9.826030000000000042e-01 -3.675400000000000195e-02 -9.831969999999999876e-01 -1.824159999999999948e-01 6.967000000000000103e-03
2.700000000000000000e+01 2.000000000000000000e+00 1.900000000000000000e+01 0.000000000000000000e+00 1.600000000000000089e+00 -1.681999999999999901e-03 1.450500000000000053e-02 -9.998930000000000318e-01 2.593869999999999787e-01 -9.656649999999999956e-01 -1.444499999999999951e-02 -9.657719999999999638e-01 -2.593840000000000034e-01 -2.138000000000000143e-03
3.000000000000000000e+01 2.000000000000000000e+00 1.900000000000000000e+01 0.000000000000000000e+00 1.600000000000000089e+00 1.791999999999999973e-03 1.042700000000000050e-02 -9.999440000000000550e-01 2.577740000000000031e-01 -9.661570000000000435e-01 -9.612000000000000752e-03 -9.662039999999999518e-01 -2.577429999999999999e-01 -4.419000000000000185e-03
5.000000000000000000e+00 1.300000000000000000e+01 2.000000000000000000e+01 0.000000000000000000e+00 1.600000000000000089e+00 1.250999999999999942e-03 -2.320000000000000014e-03 9.999970000000000248e-01 2.617769999999999819e-01 9.651260000000000394e-01 1.912000000000000071e-03 -9.651279999999999859e-01 2.617740000000000067e-01 1.814999999999999990e-03
1.000000000000000000e+01 1.300000000000000000e+01 2.000000000000000000e+01 0.000000000000000000e+00 1.600000000000000089e+00 9.759999999999999796e-04 9.340000000000000429e-04 9.999989999999999712e-01 2.622289999999999899e-01 9.650050000000000017e-01 -1.157999999999999958e-03 -9.650050000000000017e-01 2.622300000000000186e-01 6.970000000000000284e-04
1.400000000000000000e+01 1.300000000000000000e+01 2.000000000000000000e+01 0.000000000000000000e+00 1.600000000000000089e+00 1.129999999999999928e-03 1.087399999999999999e-02 9.999400000000000510e-01 2.614699999999999802e-01 9.651509999999999811e-01 -1.079100000000000024e-02 -9.652110000000000412e-01 2.614670000000000050e-01 -1.752000000000000085e-03
2.100000000000000000e+01 1.300000000000000000e+01 2.000000000000000000e+01 0.000000000000000000e+00 1.600000000000000089e+00 3.899999999999999821e-03 5.888899999999999690e-02 9.982569999999999499e-01 2.602260000000000129e-01 9.638120000000000021e-01 -5.787300000000000083e-02 -9.655399999999999539e-01 2.599989999999999801e-01 -1.156599999999999989e-02
2.700000000000000000e+01 1.300000000000000000e+01 2.000000000000000000e+01 0.000000000000000000e+00 1.600000000000000089e+00 4.409999999999999858e-04 -4.300000000000000165e-05 1.000000000000000000e+00 2.572570000000000134e-01 9.663429999999999520e-01 -7.200000000000000182e-05 -9.663429999999999520e-01 2.572570000000000134e-01 4.369999999999999970e-04
7.000000000000000000e+00 1.600000000000000000e+01 2.100000000000000000e+01 0.000000000000000000e+00 1.600000000000000089e+00 6.570000000000000319e-04 -1.351999999999999903e-03 9.999989999999999712e-01 2.977759999999999851e-01 9.546350000000000113e-01 1.095000000000000053e-03 -9.546360000000000401e-01 2.977750000000000119e-01 1.028999999999999967e-03
1.100000000000000000e+01 1.600000000000000000e+01 2.100000000000000000e+01 0.000000000000000000e+00 1.600000000000000089e+00 2.030000000000000012e-04 2.027999999999999855e-03 9.999980000000000535e-01 2.956239999999999979e-01 9.553019999999999845e-01 -1.997000000000000077e-03 -9.553040000000000420e-01 2.956230000000000246e-01 -4.049999999999999781e-04
1.400000000000000000e+01 1.600000000000000000e+01 2.100000000000000000e+01 0.000000000000000000e+00 1.600000000000000089e+00 1.137999999999999906e-03 1.013099999999999938e-02 9.999479999999999480e-01 2.948620000000000130e-01 9.554869999999999752e-01 -1.001600000000000060e-02 -9.555390000000000272e-01 2.948580000000000090e-01 -1.899999999999999996e-03
2.100000000000000000e+01 1.600000000000000000e+01 2.100000000000000000e+01 0.000000000000000000e+00 1.600000000000000089e+00 6.801999999999999887e-03 6.342299999999999327e-02 9.979639999999999622e-01 2.979419999999999846e-01 9.525310000000000166e-01 -6.256599999999999662e-02 -9.545599999999999641e-01 2.977609999999999979e-01 -1.241699999999999922e-02
2.600000000000000000e+01 1.600000000000000000e+01 2.100000000000000000e+01 0.000000000000000000e+00 1.600000000000000089e+00 2.680000000000000090e-04 3.007999999999999823e-03 9.999949999999999672e-01 2.994249999999999967e-01 9.541150000000000464e-01 -2.949999999999999931e-03 -9.541199999999999681e-01 2.994249999999999967e-01 -6.449999999999999570e-04
2.700000000000000000e+01 3.000000000000000000e+00 2.500000000000000000e+01 0.000000000000000000e+00 1.600000000000000089e+00 -7.200000000000000453e-04 8.158000000000000321e-03 9.999660000000000215e-01 -3.072499999999999884e-02 -9.994950000000000223e-01 8.132000000000000339e-03 9.995279999999999720e-01 -3.071799999999999878e-02 9.700000000000000505e-04
1.100000000000000000e+01 4.600000000000000000e+01 2.700000000000000000e+01 0.000000000000000000e+00 1.600000000000000089e+00 1.152999999999999945e-03 1.619999999999999912e-03 -9.999980000000000535e-01 6.885750000000000481e-01 7.251630000000000020e-01 1.968999999999999830e-03 7.251640000000000308e-01 -6.885759999999999659e-01 -2.790000000000000054e-04
2.000000000000000000e+00 5.800000000000000000e+01 3.100000000000000000e+01 0.000000000000000000e+00 1.600000000000000089e+00 2.909000000000000127e-03 4.152000000000000308e-03 9.999869999999999592e-01 -7.951949999999999852e-01 -6.063349999999999573e-01 4.831000000000000225e-03 6.063469999999999693e-01 -7.951989999999999892e-01 1.538000000000000088e-03
8.000000000000000000e+00 5.800000000000000000e+01 3.100000000000000000e+01 0.000000000000000000e+00 1.600000000000000089e+00 -1.000999999999999937e-03 -6.000000000000000152e-05 1.000000000000000000e+00 -7.980620000000000491e-01 -6.025749999999999718e-01 -8.350000000000000217e-04 6.025749999999999718e-01 -7.980620000000000491e-01 5.559999999999999621e-04
1.300000000000000000e+01 5.800000000000000000e+01 3.100000000000000000e+01 0.000000000000000000e+00 1.600000000000000089e+00 9.150000000000000147e-04 -1.502999999999999996e-03 9.999980000000000535e-01 -7.980570000000000164e-01 -6.025819999999999510e-01 -1.749999999999999982e-04 6.025810000000000333e-01 -7.980549999999999589e-01 -1.750000000000000036e-03
1.800000000000000000e+01 5.800000000000000000e+01 3.100000000000000000e+01 0.000000000000000000e+00 1.600000000000000089e+00 2.007099999999999856e-02 3.830900000000000277e-02 9.990639999999999521e-01 -7.895799999999999486e-01 -6.123859999999999859e-01 3.934399999999999703e-02 6.133199999999999763e-01 -7.896300000000000541e-01 1.795700000000000074e-02
2.400000000000000000e+01 5.800000000000000000e+01 3.100000000000000000e+01 0.000000000000000000e+00 1.600000000000000089e+00 2.932999999999999843e-03 9.268999999999999462e-03 9.999529999999999808e-01 -7.706110000000000460e-01 -6.372529999999999584e-01 8.167999999999999913e-03 6.372989999999999489e-01 -7.705990000000000339e-01 5.274000000000000042e-03
2.900000000000000000e+01 5.800000000000000000e+01 3.100000000000000000e+01 0.000000000000000000e+00 1.600000000000000089e+00 -6.766000000000000313e-03 1.645999999999999894e-03 9.999759999999999760e-01 -7.695520000000000138e-01 -6.385709999999999997e-01 -4.155999999999999972e-03 6.385490000000000332e-01 -7.695610000000000506e-01 5.586999999999999952e-03
5.000000000000000000e+00 4.600000000000000000e+01 3.500000000000000000e+01 0.000000000000000000e+00 1.600000000000000089e+00 8.499999999999999526e-04 -6.367000000000000264e-03 -9.999789999999999512e-01 3.897639999999999993e-01 -9.208939999999999904e-01 6.194999999999999986e-03 -9.209140000000000104e-01 -3.897610000000000241e-01 1.698999999999999989e-03
9.000000000000000000e+00 4.600000000000000000e+01 3.500000000000000000e+01 0.000000000000000000e+00 1.600000000000000089e+00 2.229999999999999994e-04 -6.719999999999999628e-04 -1.000000000000000000e+00 3.893880000000000119e-01 -9.210739999999999483e-01 7.060000000000000303e-04 -9.210739999999999483e-01 -3.893880000000000119e-01 5.599999999999999916e-05
1.800000000000000000e+01 4.600000000000000000e+01 3.500000000000000000e+01 0.000000000000000000e+00 1.600000000000000089e+00 -8.890000000000000333e-04 2.607599999999999849e-02 -9.996599999999999930e-01 3.899659999999999793e-01 -9.205069999999999641e-01 -2.435899999999999871e-02 -9.208290000000000086e-01 -3.898550000000000071e-01 -9.350999999999999937e-03
2.300000000000000000e+01 4.600000000000000000e+01 3.500000000000000000e+01 0.000000000000000000e+00 1.600000000000000089e+00 -7.969999999999999654e-04 1.405200000000000025e-02 -9.999010000000000398e-01 3.948929999999999940e-01 -9.186320000000000041e-01 -1.322500000000000064e-02 -9.187269999999999603e-01 -3.948639999999999928e-01 -4.815999999999999968e-03
2.600000000000000000e+01 4.600000000000000000e+01 3.500000000000000000e+01 0.000000000000000000e+00 1.600000000000000089e+00 -6.809999999999999647e-04 9.810000000000001011e-04 -9.999989999999999712e-01 3.944949999999999846e-01 -9.188969999999999638e-01 -1.170000000000000033e-03 -9.188979999999999926e-01 -3.944960000000000133e-01 2.390000000000000089e-04
6.000000000000000000e+00 9.500000000000000000e+01 3.600000000000000000e+01 0.000000000000000000e+00 1.600000000000000089e+00 -1.307000000000000002e-03 3.579999999999999849e-03 9.999930000000000208e-01 9.970360000000000333e-01 7.692799999999999638e-02 1.028000000000000051e-03 -7.692400000000000626e-02 9.970299999999999718e-01 -3.670000000000000085e-03
9.000000000000000000e+00 9.500000000000000000e+01 3.600000000000000000e+01 0.000000000000000000e+00 1.600000000000000089e+00 -2.199999999999999943e-05 6.590000000000000371e-03 9.999780000000000335e-01 9.968390000000000306e-01 7.945000000000000673e-02 -5.019999999999999506e-04 -7.945199999999999485e-02 9.968169999999999531e-01 -6.570999999999999584e-03
2.400000000000000000e+01 9.500000000000000000e+01 3.600000000000000000e+01 0.000000000000000000e+00 1.600000000000000089e+00 6.655999999999999590e-03 5.572300000000000170e-02 9.984239999999999782e-01 9.971170000000000311e-01 7.509899999999999909e-02 -1.083899999999999968e-02 -7.558499999999999941e-02 9.956180000000000030e-01 -5.506300000000000083e-02
2.100000000000000000e+01 3.000000000000000000e+00 4.300000000000000000e+01 0.000000000000000000e+00 1.600000000000000089e+00 3.157100000000000184e-02 1.759179999999999910e-01 -9.838989999999999680e-01 7.315450000000000008e-01 -6.748309999999999587e-01 -9.718400000000000649e-02 -6.810610000000000275e-01 -7.166979999999999462e-01 -1.499969999999999914e-01
2.000000000000000000e+00 2.900000000000000000e+01 4.400000000000000000e+01 0.000000000000000000e+00 1.600000000000000089e+00 -4.492999999999999598e-03 3.131000000000000102e-03 -9.999850000000000128e-01 6.634919999999999707e-01 7.481830000000000425e-01 -6.390000000000000280e-04 7.481700000000000017e-01 -6.634849999999999914e-01 -5.439000000000000258e-03
9.000000000000000000e+00 2.900000000000000000e+01 4.400000000000000000e+01 0.000000000000000000e+00 1.600000000000000089e+00 -1.832999999999999994e-03 3.750000000000000078e-04 -9.999980000000000535e-01 6.561139999999999750e-01 7.546620000000000550e-01 -9.200000000000000278e-04 7.546599999999999975e-01 -6.561139999999999750e-01 -1.629000000000000023e-03
1.500000000000000000e+01 2.900000000000000000e+01 4.400000000000000000e+01 0.000000000000000000e+00 1.600000000000000089e+00 2.439999999999999949e-04 4.508999999999999987e-03 -9.999900000000000455e-01 6.544889999999999874e-01 7.560630000000000406e-01 3.569000000000000124e-03 7.560719999999999663e-01 -6.544830000000000370e-01 -2.766999999999999928e-03
2.100000000000000000e+01 2.900000000000000000e+01 4.400000000000000000e+01 0.000000000000000000e+00 1.600000000000000089e+00 1.546499999999999958e-02 2.557900000000000104e-02 -9.995530000000000248e-01 6.495419999999999527e-01 7.597540000000000404e-01 2.949200000000000085e-02 7.601689999999999836e-01 -6.497079999999999522e-01 -4.865000000000000401e-03
2.700000000000000000e+01 2.900000000000000000e+01 4.400000000000000000e+01 0.000000000000000000e+00 1.600000000000000089e+00 2.464000000000000044e-03 3.021999999999999947e-03 -9.999919999999999920e-01 6.489200000000000523e-01 7.608470000000000510e-01 3.897999999999999989e-03 7.608530000000000015e-01 -6.489239999999999453e-01 -8.600000000000000331e-05
3.000000000000000000e+01 2.900000000000000000e+01 4.400000000000000000e+01 0.000000000000000000e+00 1.600000000000000089e+00 1.748999999999999904e-03 3.755000000000000091e-03 -9.999909999999999632e-01 6.494529999999999470e-01 7.603910000000000391e-01 3.990999999999999756e-03 7.603999999999999648e-01 -6.494539999999999758e-01 -1.108999999999999960e-03
2.800000000000000000e+01 6.500000000000000000e+01 4.600000000000000000e+01 0.000000000000000000e+00 1.600000000000000089e+00 -4.040000000000000080e-04 -2.537000000000000192e-03 9.999970000000000248e-01 6.818060000000000231e-01 -7.315319999999999601e-01 -1.580999999999999940e-03 7.315329999999999888e-01 6.818030000000000479e-01 2.024999999999999890e-03
2.400000000000000000e+01 5.000000000000000000e+00 5.100000000000000000e+01 0.000000000000000000e+00 1.600000000000000089e+00 2.821000000000000157e-03 1.615700000000000122e-02 -9.998650000000000038e-01 4.834590000000000276e-01 -8.752739999999999965e-01 -1.277900000000000043e-02 -8.753630000000000022e-01 -4.833569999999999811e-01 -1.028100000000000021e-02
3.000000000000000000e+00 6.000000000000000000e+00 5.100000000000000000e+01 0.000000000000000000e+00 1.600000000000000089e+00 -1.195000000000000099e-03 -1.214000000000000018e-03 -9.999989999999999712e-01 3.239710000000000090e-01 -9.460669999999999913e-01 7.619999999999999820e-04 -9.460659999999999625e-01 -3.239699999999999802e-01 1.523999999999999964e-03
6.000000000000000000e+00 7.000000000000000000e+00 5.200000000000000000e+01 0.000000000000000000e+00 1.600000000000000089e+00 3.701999999999999996e-03 -2.612999999999999871e-03 -9.999900000000000455e-01 8.851699999999999846e-02 -9.960700000000000109e-01 2.929999999999999879e-03 -9.960679999999999534e-01 -8.852699999999999458e-02 -3.455999999999999871e-03
3.000000000000000000e+00 6.300000000000000000e+01 5.400000000000000000e+01 0.000000000000000000e+00 1.600000000000000089e+00 -1.412999999999999977e-03 -3.339999999999999870e-04 9.999989999999999712e-01 -3.559919999999999751e-01 9.344890000000000141e-01 -1.910000000000000077e-04 -9.344879999999999853e-01 -3.559919999999999751e-01 -1.438999999999999958e-03
9.000000000000000000e+00 6.300000000000000000e+01 5.400000000000000000e+01 0.000000000000000000e+00 1.600000000000000089e+00 4.789999999999999879e-04 3.931999999999999731e-03 9.999919999999999920e-01 -3.556400000000000117e-01 9.346170000000000311e-01 -3.504999999999999869e-03 -9.346229999999999816e-01 -3.556349999999999789e-01 1.845999999999999985e-03
1.200000000000000000e+01 6.300000000000000000e+01 5.400000000000000000e+01 0.000000000000000000e+00 1.600000000000000089e+00 -5.569999999999999864e-04 2.693000000000000081e-03 9.999959999999999960e-01 -3.553669999999999884e-01 9.347229999999999706e-01 -2.716000000000000098e-03 -9.347269999999999746e-01 -3.553680000000000172e-01 4.369999999999999970e-04
1.400000000000000000e+01 6.300000000000000000e+01 5.400000000000000000e+01 0.000000000000000000e+00 1.600000000000000089e+00 3.499999999999999693e-05 3.109999999999999917e-03 9.999949999999999672e-01 -3.548839999999999772e-01 9.349060000000000148e-01 -2.896000000000000137e-03 -9.349100000000000188e-01 -3.548819999999999752e-01 1.136000000000000074e-03
2.100000000000000000e+01 6.300000000000000000e+01 5.400000000000000000e+01 0.000000000000000000e+00 1.600000000000000089e+00 4.819999999999999632e-03 2.526199999999999973e-02 9.996690000000000298e-01 -3.510079999999999867e-01 9.361150000000000304e-01 -2.196299999999999988e-02 -9.363599999999999701e-01 -3.507859999999999867e-01 1.337900000000000027e-02
2.500000000000000000e+01 6.300000000000000000e+01 5.400000000000000000e+01 0.000000000000000000e+00 1.600000000000000089e+00 6.499999999999999702e-04 -1.039999999999999936e-04 1.000000000000000000e+00 -3.486609999999999987e-01 9.372489999999999988e-01 3.240000000000000150e-04 -9.372489999999999988e-01 -3.486609999999999987e-01 5.730000000000000501e-04
3.000000000000000000e+00 2.500000000000000000e+01 5.500000000000000000e+01 0.000000000000000000e+00 1.600000000000000089e+00 -1.020999999999999989e-03 -1.536000000000000039e-03 -9.999980000000000535e-01 -1.209499999999999985e-02 -9.999259999999999815e-01 1.549000000000000030e-03 -9.999259999999999815e-01 1.209600000000000085e-02 1.002000000000000069e-03
7.000000000000000000e+00 2.500000000000000000e+01 5.500000000000000000e+01 0.000000000000000000e+00 1.600000000000000089e+00 1.466999999999999988e-03 -2.249999999999999938e-04 -9.999989999999999712e-01 -1.240899999999999989e-02 -9.999230000000000063e-01 2.069999999999999900e-04 -9.999219999999999775e-01 1.240899999999999989e-02 -1.469999999999999953e-03
1.300000000000000000e+01 2.500000000000000000e+01 5.500000000000000000e+01 0.000000000000000000e+00 1.600000000000000089e+00 -3.370000000000000057e-04 -2.500000000000000120e-05 -1.000000000000000000e+00 -1.221399999999999916e-02 -9.999249999999999527e-01 3.000000000000000076e-05 -9.999249999999999527e-01 1.221399999999999916e-02 3.359999999999999814e-04
1.900000000000000000e+01 2.500000000000000000e+01 5.500000000000000000e+01 0.000000000000000000e+00 1.600000000000000089e+00 9.849999999999999815e-04 8.725999999999999382e-03 -9.999609999999999888e-01 -1.247000000000000018e-02 -9.998839999999999950e-01 -8.736999999999999975e-03 -9.999219999999999775e-01 1.247799999999999951e-02 -8.760000000000000425e-04
2.200000000000000000e+01 2.500000000000000000e+01 5.500000000000000000e+01 0.000000000000000000e+00 1.600000000000000089e+00 2.125000000000000153e-03 6.205999999999999711e-03 -9.999780000000000335e-01 -1.290999999999999960e-02 -9.998970000000000358e-01 -6.232999999999999825e-03 -9.999139999999999695e-01 1.292300000000000046e-02 -2.043999999999999810e-03
2.900000000000000000e+01 2.500000000000000000e+01 5.500000000000000000e+01 0.000000000000000000e+00 1.600000000000000089e+00 -8.720000000000000537e-04 1.711999999999999980e-03 -9.999980000000000535e-01 -1.213499999999999995e-02 -9.999249999999999527e-01 -1.701000000000000038e-03 -9.999259999999999815e-01 1.213400000000000069e-02 8.930000000000000221e-04
2.200000000000000000e+01 2.100000000000000000e+01 6.000000000000000000e+01 0.000000000000000000e+00 1.600000000000000089e+00 -3.010000000000000089e-03 3.575600000000000306e-02 9.993560000000000221e-01 -9.366800000000000126e-02 9.949569999999999803e-01 -3.588100000000000317e-02 -9.955990000000000117e-01 -9.371500000000000663e-02 3.539999999999999853e-04
2.400000000000000000e+01 3.000000000000000000e+00 6.300000000000000000e+01 0.000000000000000000e+00 1.600000000000000089e+00 9.330000000000000186e-04 2.381899999999999989e-02 9.997160000000000490e-01 -6.174779999999999713e-01 7.863790000000000502e-01 -1.815999999999999906e-02 -7.865879999999999539e-01 -6.172849999999999726e-01 1.544099999999999986e-02
2.800000000000000000e+01 3.000000000000000000e+00 6.300000000000000000e+01 0.000000000000000000e+00 1.600000000000000089e+00 9.349999999999999587e-04 7.037999999999999985e-03 9.999749999999999472e-01 -6.142689999999999539e-01 7.890810000000000324e-01 -4.978999999999999919e-03 -7.890960000000000196e-01 -6.142490000000000450e-01 5.061000000000000394e-03
8.000000000000000000e+00 2.700000000000000000e+01 6.300000000000000000e+01 0.000000000000000000e+00 1.600000000000000089e+00 1.812000000000000026e-03 -6.579999999999999478e-04 9.999980000000000535e-01 -2.876810000000000200e-01 9.577259999999999662e-01 1.152000000000000029e-03 -9.577250000000000485e-01 -2.876819999999999933e-01 1.546000000000000065e-03
1.200000000000000000e+01 2.700000000000000000e+01 6.300000000000000000e+01 0.000000000000000000e+00 1.600000000000000089e+00 -5.919999999999999698e-04 5.930000000000000375e-03 9.999820000000000375e-01 -2.908129999999999882e-01 9.567620000000000013e-01 -5.845999999999999634e-03 -9.567799999999999638e-01 -2.908109999999999862e-01 1.157999999999999958e-03
1.700000000000000000e+01 2.700000000000000000e+01 6.300000000000000000e+01 0.000000000000000000e+00 1.600000000000000089e+00 -3.148000000000000190e-03 2.619700000000000153e-02 9.996519999999999850e-01 -2.862330000000000152e-01 9.578069999999999640e-01 -2.600200000000000081e-02 -9.581549999999999789e-01 -2.862149999999999972e-01 4.483000000000000006e-03
2.300000000000000000e+01 2.700000000000000000e+01 6.300000000000000000e+01 0.000000000000000000e+00 1.600000000000000089e+00 -1.639000000000000049e-03 1.371999999999999956e-02 9.999050000000000438e-01 -2.801690000000000014e-01 9.598539999999999850e-01 -1.362999999999999975e-02 -9.599490000000000522e-01 -2.801640000000000241e-01 2.271000000000000015e-03
2.700000000000000000e+01 2.700000000000000000e+01 6.300000000000000000e+01 0.000000000000000000e+00 1.600000000000000089e+00 2.895000000000000004e-03 4.081999999999999691e-03 9.999869999999999592e-01 -2.773999999999999799e-01 9.607489999999999641e-01 -3.118000000000000112e-03 -9.607499999999999929e-01 -2.773880000000000234e-01 3.913999999999999944e-03
8.000000000000000000e+00 2.600000000000000000e+01 6.400000000000000000e+01 0.000000000000000000e+00 1.600000000000000089e+00 3.716000000000000119e-03 1.360000000000000098e-03 9.999919999999999920e-01 -3.709169999999999967e-01 9.286659999999999915e-01 1.150000000000000035e-04 -9.286590000000000122e-01 -3.709149999999999947e-01 3.956000000000000315e-03
1.200000000000000000e+01 2.600000000000000000e+01 6.400000000000000000e+01 0.000000000000000000e+00 1.600000000000000089e+00 -9.139999999999999904e-04 8.439000000000000321e-03 9.999639999999999640e-01 -3.719259999999999788e-01 9.282270000000000243e-01 -8.174000000000000710e-03 -9.282620000000000315e-01 -3.719199999999999728e-01 2.289999999999999935e-03
1.600000000000000000e+01 2.600000000000000000e+01 6.400000000000000000e+01 0.000000000000000000e+00 1.600000000000000089e+00 -5.392000000000000091e-03 2.335900000000000129e-02 9.997129999999999628e-01 -3.685919999999999752e-01 9.292890000000000317e-01 -2.370200000000000085e-02 -9.295759999999999579e-01 -3.686139999999999972e-01 3.599999999999999901e-03
2.800000000000000000e+01 2.600000000000000000e+01 6.400000000000000000e+01 0.000000000000000000e+00 1.600000000000000089e+00 3.413999999999999934e-03 7.539999999999999827e-03 9.999660000000000215e-01 -3.659879999999999800e-01 9.306020000000000403e-01 -5.767000000000000424e-03 -9.306130000000000235e-01 -3.659560000000000035e-01 5.936999999999999569e-03
2.600000000000000000e+01 6.900000000000000000e+01 6.600000000000000000e+01 0.000000000000000000e+00 1.600000000000000089e+00 6.199999999999999999e-04 3.684000000000000209e-03 9.999930000000000208e-01 -9.510319999999999885e-01 3.090910000000000046e-01 -5.490000000000000088e-04 -3.090910000000000046e-01 -9.510250000000000092e-01 3.694999999999999934e-03
3.000000000000000000e+00 2.500000000000000000e+01 7.300000000000000000e+01 0.000000000000000000e+00 1.600000000000000089e+00 -3.592000000000000141e-03 -1.250999999999999942e-03 9.999930000000000208e-01 7.527690000000000214e-01 -6.582820000000000338e-01 1.881000000000000076e-03 6.582750000000000545e-01 7.527700000000000502e-01 3.305999999999999911e-03
1.500000000000000000e+01 2.500000000000000000e+01 7.300000000000000000e+01 0.000000000000000000e+00 1.600000000000000089e+00 6.749999999999999924e-03 6.891000000000000424e-03 9.999540000000000095e-01 7.571670000000000345e-01 -6.532210000000000516e-01 -6.089999999999999494e-04 6.531860000000000444e-01 7.571360000000000312e-01 -9.627000000000000141e-03
2.100000000000000000e+01 2.500000000000000000e+01 7.300000000000000000e+01 0.000000000000000000e+00 1.600000000000000089e+00 1.155600000000000030e-02 1.028399999999999974e-02 9.998799999999999910e-01 7.484790000000000054e-01 -6.631559999999999677e-01 -1.830000000000000029e-03 6.630580000000000362e-01 7.484100000000000197e-01 -1.536099999999999965e-02
2.800000000000000000e+01 2.500000000000000000e+01 7.300000000000000000e+01 0.000000000000000000e+00 1.600000000000000089e+00 -3.540999999999999877e-03 -2.980000000000000010e-03 9.999890000000000168e-01 7.457650000000000112e-01 -6.662090000000000511e-01 6.549999999999999833e-04 6.661989999999999856e-01 7.457599999999999785e-01 4.581000000000000003e-03
2.000000000000000000e+00 4.400000000000000000e+01 7.300000000000000000e+01 0.000000000000000000e+00 1.600000000000000089e+00 1.064999999999999974e-03 2.920999999999999985e-03 9.999949999999999672e-01 5.587500000000000105e-02 -9.984340000000000437e-01 2.857000000000000164e-03 9.984370000000000189e-01 5.587099999999999705e-02 -1.227000000000000009e-03
9.000000000000000000e+00 4.400000000000000000e+01 7.300000000000000000e+01 0.000000000000000000e+00 1.600000000000000089e+00 8.379999999999999862e-04 2.527000000000000166e-03 9.999959999999999960e-01 5.483699999999999686e-02 -9.984920000000000462e-01 2.477000000000000035e-03 9.984950000000000214e-01 5.483500000000000180e-02 -9.749999999999999552e-04
1.300000000000000000e+01 4.400000000000000000e+01 7.300000000000000000e+01 0.000000000000000000e+00 1.600000000000000089e+00 -2.351999999999999924e-03 -7.399999999999999894e-04 9.999970000000000248e-01 5.357499999999999762e-02 -9.985640000000000072e-01 -6.130000000000000466e-04 9.985610000000000319e-01 5.357300000000000256e-02 2.387999999999999932e-03
2.200000000000000000e+01 4.400000000000000000e+01 7.300000000000000000e+01 0.000000000000000000e+00 1.600000000000000089e+00 -4.714999999999999573e-03 -2.670000000000000064e-03 9.999850000000000128e-01 4.659499999999999753e-02 -9.989109999999999934e-01 -2.448000000000000089e-03 9.989029999999999854e-01 4.658299999999999941e-02 4.833999999999999755e-03
2.700000000000000000e+01 4.400000000000000000e+01 7.300000000000000000e+01 0.000000000000000000e+00 1.600000000000000089e+00 -1.471000000000000085e-03 8.199999999999999824e-04 9.999989999999999712e-01 4.650499999999999773e-02 -9.989179999999999726e-01 8.869999999999999846e-04 9.989170000000000549e-01 4.650599999999999873e-02 1.430999999999999980e-03
1.300000000000000000e+01 2.500000000000000000e+01 7.400000000000000000e+01 0.000000000000000000e+00 1.600000000000000089e+00 2.543000000000000121e-03 6.832999999999999664e-03 9.999730000000000008e-01 8.301570000000000338e-01 -5.575269999999999948e-01 1.698999999999999989e-03 5.575240000000000196e-01 8.301300000000000345e-01 -7.089999999999999948e-03
9.000000000000000000e+00 5.100000000000000000e+01 7.600000000000000000e+01 0.000000000000000000e+00 1.600000000000000089e+00 -7.190000000000000210e-04 -3.099999999999999999e-04 -1.000000000000000000e+00 -4.145690000000000208e-01 -9.100179999999999936e-01 5.800000000000000034e-04 -9.100179999999999936e-01 4.145690000000000208e-01 5.259999999999999919e-04
1.800000000000000000e+01 5.100000000000000000e+01 7.600000000000000000e+01 0.000000000000000000e+00 1.600000000000000089e+00 9.792000000000000356e-03 1.922499999999999903e-02 -9.997669999999999613e-01 -4.124880000000000213e-01 -9.107079999999999620e-01 -2.155299999999999924e-02 -9.109110000000000262e-01 4.126029999999999975e-01 -9.870000000000000301e-04
