5.000000000000000000e+00 1.500000000000000000e+01 4.000000000000000000e+00 0.000000000000000000e+00 1.600000000000000089e+00 -2.190999999999999805e-03 -1.597300000000000109e-02 9.998700000000000365e-01 2.830210000000000226e-01 -9.590009999999999923e-01 -1.469999999999999953e-02 9.591110000000000468e-01 2.829519999999999813e-01 6.622000000000000282e-03
1.400000000000000000e+01 1.500000000000000000e+01 4.000000000000000000e+00 0.000000000000000000e+00 1.600000000000000089e+00 2.410999999999999949e-03 1.015999999999999976e-03 9.999970000000000248e-01 2.815739999999999910e-01 -9.595390000000000308e-01 2.959999999999999849e-04 9.595359999999999445e-01 2.815719999999999890e-01 -2.599000000000000182e-03
1.800000000000000000e+01 1.500000000000000000e+01 4.000000000000000000e+00 0.000000000000000000e+00 1.600000000000000089e+00 -9.430000000000000448e-04 2.931000000000000012e-03 9.999949999999999672e-01 2.913020000000000054e-01 -9.566259999999999764e-01 3.079000000000000140e-03 9.566310000000000091e-01 2.913029999999999786e-01 4.800000000000000122e-05
2.400000000000000000e+01 1.500000000000000000e+01 4.000000000000000000e+00 0.000000000000000000e+00 1.600000000000000089e+00 3.699999999999999947e-04 -2.712000000000000001e-03 9.999959999999999960e-01 2.940800000000000081e-01 -9.557769999999999877e-01 -2.700999999999999842e-03 9.557809999999999917e-01 2.940800000000000081e-01 4.440000000000000045e-04
3.000000000000000000e+01 1.500000000000000000e+01 4.000000000000000000e+00 0.000000000000000000e+00 1.600000000000000089e+00 5.199999999999999680e-05 -1.492399999999999977e-02 9.998890000000000278e-01 2.926320000000000032e-01 -9.561190000000000522e-01 -1.428600000000000009e-02 9.562249999999999917e-01 2.926000000000000267e-01 4.317999999999999790e-03
1.400000000000000000e+01 1.010000000000000000e+02 7.000000000000000000e+00 0.000000000000000000e+00 1.600000000000000089e+00 -9.610000000000000486e-04 -6.768999999999999843e-03 9.999770000000000048e-01 8.856469999999999620e-01 4.643419999999999770e-01 3.994000000000000154e-03 -4.643579999999999930e-01 8.856300000000000283e-01 5.549000000000000113e-03
1.800000000000000000e+01 1.010000000000000000e+02 7.000000000000000000e+00 0.000000000000000000e+00 1.600000000000000089e+00 2.057999999999999934e-03 1.652999999999999955e-03 9.999959999999999960e-01 8.849759999999999849e-01 4.656299999999999883e-01 -2.590999999999999987e-03 -4.656330000000000191e-01 8.849780000000000424e-01 -5.050000000000000235e-04
2.600000000000000000e+01 1.010000000000000000e+02 7.000000000000000000e+00 0.000000000000000000e+00 1.600000000000000089e+00 -2.425000000000000072e-03 -1.772800000000000070e-02 9.998399999999999510e-01 8.864840000000000497e-01 4.626439999999999997e-01 1.035299999999999936e-02 -4.627539999999999987e-01 8.863670000000000160e-01 1.459300000000000007e-02
3.000000000000000000e+00 1.500000000000000000e+01 8.000000000000000000e+00 0.000000000000000000e+00 1.600000000000000089e+00 -3.242999999999999789e-03 -1.372499999999999935e-02 -9.999010000000000398e-01 -5.873680000000000012e-01 -8.092160000000000464e-01 1.301199999999999926e-02 -8.093139999999999779e-01 5.873509999999999565e-01 -5.436999999999999993e-03
1.200000000000000000e+01 1.500000000000000000e+01 8.000000000000000000e+00 0.000000000000000000e+00 1.600000000000000089e+00 -4.021000000000000268e-03 -6.963999999999999704e-03 -9.999679999999999680e-01 -5.900929999999999787e-01 -8.072960000000000136e-01 7.995000000000000370e-03 -8.073249999999999593e-01 5.901060000000000194e-01 -8.630000000000000518e-04
1.700000000000000000e+01 1.500000000000000000e+01 8.000000000000000000e+00 0.000000000000000000e+00 1.600000000000000089e+00 -2.168999999999999921e-03 -2.095000000000000074e-03 -9.999949999999999672e-01 -5.918299999999999672e-01 -8.060580000000000522e-01 2.972999999999999948e-03 -8.060599999999999987e-01 5.918330000000000535e-01 5.090000000000000123e-04
2.800000000000000000e+01 1.500000000000000000e+01 8.000000000000000000e+00 0.000000000000000000e+00 1.600000000000000089e+00 -1.289999999999999914e-03 -4.027000000000000197e-03 -9.999909999999999632e-01 -5.906580000000000163e-01 -8.069119999999999626e-01 4.010999999999999809e-03 -8.069209999999999994e-01 5.906580000000000163e-01 -1.337000000000000081e-03
8.000000000000000000e+00 2.600000000000000000e+01 8.000000000000000000e+00 0.000000000000000000e+00 1.600000000000000089e+00 3.651999999999999864e-03 9.327000000000000221e-03 -9.999500000000000055e-01 4.022399999999999864e-01 9.154799999999999605e-01 1.000799999999999954e-02 9.155269999999999797e-01 -4.022560000000000024e-01 -4.079999999999999968e-04
5.000000000000000000e+00 2.400000000000000000e+01 9.000000000000000000e+00 0.000000000000000000e+00 1.600000000000000089e+00 2.513000000000000043e-03 4.858999999999999604e-03 -9.999850000000000128e-01 4.597189999999999888e-01 8.880479999999999485e-01 5.471000000000000169e-03 8.880609999999999893e-01 -4.597260000000000235e-01 -1.999999999999999909e-06
1.200000000000000000e+01 2.400000000000000000e+01 9.000000000000000000e+00 0.000000000000000000e+00 1.600000000000000089e+00 2.887999999999999942e-03 5.386000000000000162e-03 -9.999810000000000088e-01 4.593979999999999730e-01 8.882100000000000550e-01 6.111000000000000112e-03 8.882259999999999600e-01 -4.594070000000000098e-01 9.100000000000000287e-05
1.700000000000000000e+01 2.400000000000000000e+01 9.000000000000000000e+00 0.000000000000000000e+00 1.600000000000000089e+00 2.488999999999999893e-03 9.589000000000000301e-03 -9.999510000000000343e-01 4.595210000000000128e-01 8.881139999999999590e-01 9.660999999999999449e-03 8.881639999999999535e-01 -4.595219999999999860e-01 -2.196000000000000035e-03
2.200000000000000000e+01 2.400000000000000000e+01 9.000000000000000000e+00 0.000000000000000000e+00 1.600000000000000089e+00 1.146000000000000100e-03 3.899999999999999821e-03 -9.999919999999999920e-01 4.598070000000000213e-01 8.880099999999999660e-01 3.990999999999999756e-03 8.880179999999999740e-01 -4.598070000000000213e-01 -7.749999999999999728e-04
2.800000000000000000e+01 2.400000000000000000e+01 9.000000000000000000e+00 0.000000000000000000e+00 1.600000000000000089e+00 1.897999999999999948e-03 6.689999999999999766e-03 -9.999759999999999760e-01 4.582740000000000147e-01 8.887850000000000472e-01 6.816000000000000010e-03 8.888089999999999602e-01 -4.582760000000000167e-01 -1.379000000000000017e-03
2.000000000000000000e+01 4.000000000000000000e+00 1.100000000000000000e+01 0.000000000000000000e+00 1.600000000000000089e+00 2.004999999999999838e-03 1.476399999999999935e-02 -9.998890000000000278e-01 2.084789999999999976e-01 9.779139999999999500e-01 1.485700000000000041e-02 9.780250000000000332e-01 -2.084860000000000047e-01 -1.116999999999999937e-03
2.400000000000000000e+01 4.000000000000000000e+00 1.100000000000000000e+01 0.000000000000000000e+00 1.600000000000000089e+00 3.128000000000000138e-03 2.095400000000000040e-02 -9.997759999999999980e-01 2.018510000000000026e-01 9.791879999999999473e-01 2.115399999999999919e-02 9.794110000000000316e-01 -2.018719999999999959e-01 -1.167000000000000069e-03
9.000000000000000000e+00 3.100000000000000000e+01 1.200000000000000000e+01 0.000000000000000000e+00 1.600000000000000089e+00 -1.587000000000000086e-03 1.438999999999999958e-03 9.999980000000000535e-01 -2.453500000000000125e-02 9.996979999999999755e-01 -1.477000000000000014e-03 -9.996979999999999755e-01 -2.453699999999999978e-02 -1.551000000000000078e-03
1.400000000000000000e+01 3.100000000000000000e+01 1.200000000000000000e+01 0.000000000000000000e+00 1.600000000000000089e+00 -9.150000000000000147e-04 1.381999999999999982e-03 9.999989999999999712e-01 -2.145899999999999891e-02 9.997690000000000188e-01 -1.400999999999999902e-03 -9.997690000000000188e-01 -2.145999999999999991e-02 -8.850000000000000444e-04
2.100000000000000000e+01 3.100000000000000000e+01 1.200000000000000000e+01 0.000000000000000000e+00 1.600000000000000089e+00 -2.599999999999999772e-04 5.019999999999999506e-04 1.000000000000000000e+00 -1.630099999999999952e-02 9.998669999999999503e-01 -5.060000000000000478e-04 -9.998669999999999503e-01 -1.630099999999999952e-02 -2.509999999999999753e-04
2.500000000000000000e+01 3.100000000000000000e+01 1.200000000000000000e+01 0.000000000000000000e+00 1.600000000000000089e+00 3.190000000000000019e-04 2.128999999999999816e-03 9.999980000000000535e-01 -1.693899999999999920e-02 9.998540000000000205e-01 -2.122999999999999887e-03 -9.998559999999999670e-01 -1.693800000000000167e-02 3.550000000000000096e-04
3.000000000000000000e+00 3.200000000000000000e+01 1.400000000000000000e+01 0.000000000000000000e+00 1.600000000000000089e+00 -7.560000000000000530e-04 -6.705000000000000022e-03 -9.999770000000000048e-01 1.184589999999999949e-01 9.929360000000000408e-01 -6.747999999999999658e-03 9.929590000000000360e-01 -1.184619999999999979e-01 4.300000000000000165e-05
6.000000000000000000e+00 3.200000000000000000e+01 1.400000000000000000e+01 0.000000000000000000e+00 1.600000000000000089e+00 2.756999999999999902e-03 -2.334000000000000137e-03 -9.999930000000000208e-01 1.188160000000000049e-01 9.929139999999999633e-01 -1.988999999999999883e-03 9.929120000000000168e-01 -1.188099999999999989e-01 3.014999999999999885e-03
3.000000000000000000e+00 1.200000000000000000e+01 1.500000000000000000e+01 0.000000000000000000e+00 1.600000000000000089e+00 -7.399999999999999623e-05 -2.807000000000000033e-03 -9.999959999999999960e-01 -4.704320000000000168e-01 -8.824330000000000229e-01 2.511999999999999910e-03 -8.824359999999999982e-01 4.704309999999999881e-01 -1.255000000000000039e-03
6.000000000000000000e+00 1.200000000000000000e+01 1.500000000000000000e+01 0.000000000000000000e+00 1.600000000000000089e+00 -1.124999999999999915e-03 -3.260000000000000094e-04 -9.999989999999999712e-01 -4.721989999999999799e-01 -8.814920000000000533e-01 8.189999999999999581e-04 -8.814910000000000245e-01 4.722000000000000086e-01 8.379999999999999862e-04
1.200000000000000000e+01 1.200000000000000000e+01 1.500000000000000000e+01 0.000000000000000000e+00 1.600000000000000089e+00 -2.080999999999999951e-03 -1.337999999999999997e-03 -9.999970000000000248e-01 -4.736799999999999899e-01 -8.806950000000000056e-01 2.164000000000000125e-03 -8.806950000000000056e-01 4.736830000000000207e-01 1.198999999999999979e-03
1.600000000000000000e+01 1.200000000000000000e+01 1.500000000000000000e+01 0.000000000000000000e+00 1.600000000000000089e+00 -2.290000000000000098e-04 3.190000000000000019e-04 -1.000000000000000000e+00 -4.741969999999999796e-01 -8.804189999999999516e-01 -1.730000000000000038e-04 -8.804189999999999516e-01 4.741969999999999796e-01 3.530000000000000152e-04
2.900000000000000000e+01 1.200000000000000000e+01 1.500000000000000000e+01 0.000000000000000000e+00 1.600000000000000089e+00 1.033999999999999980e-03 1.330000000000000073e-04 -9.999989999999999712e-01 -4.714960000000000262e-01 -8.818679999999999852e-01 -6.049999999999999606e-04 -8.818669999999999565e-01 4.714969999999999994e-01 -8.490000000000000368e-04
1.200000000000000000e+01 1.100000000000000000e+01 1.600000000000000000e+01 0.000000000000000000e+00 1.600000000000000089e+00 -1.600999999999999993e-03 -1.842000000000000104e-03 -9.999970000000000248e-01 -4.216550000000000020e-01 -9.067530000000000312e-01 2.344999999999999862e-03 -9.067549999999999777e-01 4.216579999999999773e-01 6.750000000000000357e-04
2.000000000000000000e+00 1.160000000000000000e+02 1.600000000000000000e+01 0.000000000000000000e+00 1.600000000000000089e+00 4.040000000000000080e-04 -9.569999999999999514e-04 9.999989999999999712e-01 6.593510000000000204e-01 7.518350000000000311e-01 4.530000000000000064e-04 -7.518350000000000311e-01 6.593499999999999917e-01 9.349999999999999587e-04
1.000000000000000000e+01 1.160000000000000000e+02 1.600000000000000000e+01 0.000000000000000000e+00 1.600000000000000089e+00 -2.011000000000000201e-03 4.029999999999999837e-04 9.999980000000000535e-01 6.704510000000000192e-01 7.419529999999999736e-01 1.049999999999999935e-03 -7.419510000000000272e-01 6.704520000000000479e-01 -1.761999999999999894e-03
1.700000000000000000e+01 1.160000000000000000e+02 1.600000000000000000e+01 0.000000000000000000e+00 1.600000000000000089e+00 1.048000000000000103e-03 1.814000000000000074e-03 9.999980000000000535e-01 6.910680000000000156e-01 7.227869999999999573e-01 -2.034999999999999917e-03 -7.227890000000000148e-01 6.910690000000000444e-01 -4.960000000000000216e-04
2.500000000000000000e+01 1.160000000000000000e+02 1.600000000000000000e+01 0.000000000000000000e+00 1.600000000000000089e+00 -1.463000000000000108e-03 -1.783999999999999996e-03 9.999970000000000248e-01 6.689399999999999791e-01 7.433130000000000015e-01 2.304000000000000058e-03 -7.433149999999999480e-01 6.689410000000000078e-01 1.060000000000000016e-04
5.000000000000000000e+00 2.000000000000000000e+00 1.900000000000000000e+01 0.000000000000000000e+00 1.600000000000000089e+00 -1.079999999999999960e-04 -2.186000000000000009e-03 -9.999980000000000535e-01 2.101669999999999927e-01 -9.776629999999999487e-01 2.113999999999999994e-03 -9.776650000000000063e-01 -2.101659999999999917e-01 5.649999999999999641e-04
9.000000000000000000e+00 2.000000000000000000e+00 1.900000000000000000e+01 0.000000000000000000e+00 1.600000000000000089e+00 4.949999999999999973e-04 -4.994000000000000175e-03 -9.999869999999999592e-01 2.152030000000000054e-01 -9.765570000000000084e-01 4.982999999999999582e-03 -9.765690000000000204e-01 -2.152030000000000054e-01 5.910000000000000539e-04
1.300000000000000000e+01 2.000000000000000000e+00 1.900000000000000000e+01 0.000000000000000000e+00 1.600000000000000089e+00 7.680000000000000195e-04 -1.375600000000000087e-02 -9.999050000000000438e-01 2.197929999999999884e-01 -9.754519999999999857e-01 1.358900000000000038e-02 -9.755460000000000242e-01 -2.197830000000000061e-01 2.275000000000000112e-03
1.600000000000000000e+01 2.000000000000000000e+00 1.900000000000000000e+01 0.000000000000000000e+00 1.600000000000000089e+00 -8.090000000000000403e-04 -1.002800000000000046e-02 -9.999489999999999768e-01 2.207679999999999920e-01 -9.752790000000000070e-01 9.601999999999999424e-03 -9.753260000000000263e-01 -2.207490000000000008e-01 3.003000000000000027e-03
2.600000000000000000e+01 2.000000000000000000e+00 1.900000000000000000e+01 0.000000000000000000e+00 1.600000000000000089e+00 4.312999999999999994e-03 4.197000000000000210e-03 -9.999820000000000375e-01 2.144210000000000005e-01 -9.767360000000000486e-01 -3.174999999999999871e-03 -9.767320000000000446e-01 -2.144030000000000102e-01 -5.113000000000000357e-03
6.000000000000000000e+00 1.300000000000000000e+01 2.000000000000000000e+01 0.000000000000000000e+00 1.600000000000000089e+00 1.620000000000000075e-04 2.950000000000000148e-04 1.000000000000000000e+00 2.589779999999999860e-01 9.658830000000000471e-01 -3.269999999999999795e-04 -9.658830000000000471e-01 2.589779999999999860e-01 8.000000000000000654e-05
1.000000000000000000e+01 1.300000000000000000e+01 2.000000000000000000e+01 0.000000000000000000e+00 1.600000000000000089e+00 -8.769999999999999584e-04 2.811999999999999830e-03 9.999959999999999960e-01 2.608880000000000088e-01 9.653659999999999464e-01 -2.485999999999999929e-03 -9.653690000000000326e-01 2.608849999999999780e-01 -1.580000000000000024e-03
1.400000000000000000e+01 1.300000000000000000e+01 2.000000000000000000e+01 0.000000000000000000e+00 1.600000000000000089e+00 -6.489999999999999459e-04 2.207999999999999893e-03 9.999970000000000248e-01 2.607679999999999998e-01 9.653990000000000071e-01 -1.962000000000000202e-03 -9.654009999999999536e-01 2.607659999999999978e-01 -1.201999999999999943e-03
1.700000000000000000e+01 1.300000000000000000e+01 2.000000000000000000e+01 0.000000000000000000e+00 1.600000000000000089e+00 -3.190000000000000019e-04 1.348999999999999939e-03 9.999989999999999712e-01 2.606220000000000203e-01 9.654399999999999649e-01 -1.219000000000000031e-03 -9.654409999999999936e-01 2.606209999999999916e-01 -6.599999999999999964e-04
2.600000000000000000e+01 1.300000000000000000e+01 2.000000000000000000e+01 0.000000000000000000e+00 1.600000000000000089e+00 -1.169999999999999979e-04 1.766999999999999908e-03 9.999980000000000535e-01 2.614659999999999762e-01 9.652110000000000412e-01 -1.675000000000000057e-03 -9.652129999999999876e-01 2.614659999999999762e-01 -5.749999999999999903e-04
2.900000000000000000e+01 1.300000000000000000e+01 2.000000000000000000e+01 0.000000000000000000e+00 1.600000000000000089e+00 -9.899999999999999946e-04 -4.552999999999999756e-03 9.999890000000000168e-01 2.605879999999999863e-01 9.654390000000000471e-01 4.653000000000000018e-03 -9.654500000000000304e-01 2.605890000000000151e-01 2.310000000000000042e-04
3.000000000000000000e+00 1.600000000000000000e+01 2.100000000000000000e+01 0.000000000000000000e+00 1.600000000000000089e+00 -6.600000000000000506e-05 3.060000000000000111e-04 1.000000000000000000e+00 3.018449999999999744e-01 9.533570000000000100e-01 -2.709999999999999735e-04 -9.533570000000000100e-01 3.018449999999999744e-01 -1.550000000000000000e-04
1.400000000000000000e+01 1.600000000000000000e+01 2.100000000000000000e+01 0.000000000000000000e+00 1.600000000000000089e+00 -1.131000000000000061e-03 1.302999999999999905e-03 9.999989999999999712e-01 3.021209999999999729e-01 9.532690000000000330e-01 -8.999999999999999754e-04 -9.532690000000000330e-01 3.021199999999999997e-01 -1.472000000000000001e-03
2.000000000000000000e+01 1.600000000000000000e+01 2.100000000000000000e+01 0.000000000000000000e+00 1.600000000000000089e+00 3.890000000000000228e-04 3.392000000000000050e-03 9.999940000000000495e-01 3.023680000000000256e-01 9.531849999999999490e-01 -3.350999999999999812e-03 -9.531910000000000105e-01 3.023680000000000256e-01 -6.549999999999999833e-04
2.600000000000000000e+01 1.600000000000000000e+01 2.100000000000000000e+01 0.000000000000000000e+00 1.600000000000000089e+00 -5.069999999999999637e-04 4.388000000000000407e-03 9.999900000000000455e-01 2.993549999999999822e-01 9.541330000000000089e-01 -4.035000000000000392e-03 -9.541420000000000456e-01 2.993500000000000050e-01 -1.796999999999999986e-03
2.900000000000000000e+01 1.600000000000000000e+01 2.100000000000000000e+01 0.000000000000000000e+00 1.600000000000000089e+00 -1.477000000000000014e-03 -4.066000000000000170e-03 9.999909999999999632e-01 2.988160000000000260e-01 9.543009999999999549e-01 4.321000000000000188e-03 -9.543099999999999916e-01 2.988199999999999745e-01 -1.949999999999999965e-04
6.000000000000000000e+00 4.600000000000000000e+01 2.700000000000000000e+01 0.000000000000000000e+00 1.600000000000000089e+00 1.533000000000000074e-03 2.756000000000000203e-03 -9.999949999999999672e-01 6.614609999999999657e-01 7.499730000000000008e-01 3.080999999999999971e-03 7.499780000000000335e-01 -6.614619999999999944e-01 -6.740000000000000114e-04
1.300000000000000000e+01 4.600000000000000000e+01 2.700000000000000000e+01 0.000000000000000000e+00 1.600000000000000089e+00 -4.028999999999999596e-03 -3.122999999999999908e-03 -9.999869999999999592e-01 6.592149999999999954e-01 7.519379999999999953e-01 -5.003999999999999768e-03 7.519439999999999458e-01 -6.592259999999999787e-01 -9.700000000000000505e-04
1.800000000000000000e+01 4.600000000000000000e+01 2.700000000000000000e+01 0.000000000000000000e+00 1.600000000000000089e+00 6.960000000000000041e-04 1.479000000000000063e-03 -9.999989999999999712e-01 6.579239999999999533e-01 7.530829999999999469e-01 1.572000000000000047e-03 7.530839999999999756e-01 -6.579239999999999533e-01 -4.490000000000000176e-04
7.000000000000000000e+00 4.600000000000000000e+01 3.000000000000000000e+01 0.000000000000000000e+00 1.600000000000000089e+00 9.779999999999999197e-04 9.940000000000000918e-04 -9.999989999999999712e-01 3.216010000000000257e-01 9.468739999999999934e-01 1.255999999999999955e-03 9.468750000000000222e-01 -3.216019999999999990e-01 6.059999999999999849e-04
1.100000000000000000e+01 4.600000000000000000e+01 3.000000000000000000e+01 0.000000000000000000e+00 1.600000000000000089e+00 -1.311000000000000099e-03 -3.648999999999999900e-03 -9.999919999999999920e-01 3.179890000000000216e-01 9.480870000000000131e-01 -3.876000000000000105e-03 9.480939999999999923e-01 -3.179910000000000236e-01 -8.299999999999999815e-05
1.700000000000000000e+01 4.600000000000000000e+01 3.000000000000000000e+01 0.000000000000000000e+00 1.600000000000000089e+00 -1.920000000000000049e-04 8.170000000000000179e-04 -1.000000000000000000e+00 3.187860000000000138e-01 9.478269999999999751e-01 7.140000000000000079e-04 9.478269999999999751e-01 -3.187849999999999850e-01 -4.420000000000000101e-04
2.100000000000000000e+01 4.600000000000000000e+01 3.000000000000000000e+01 0.000000000000000000e+00 1.600000000000000089e+00 1.350000000000000071e-03 -1.090000000000000067e-04 -9.999989999999999712e-01 3.241780000000000217e-01 9.459959999999999480e-01 3.350000000000000113e-04 9.459950000000000303e-01 -3.241780000000000217e-01 1.312000000000000015e-03
2.000000000000000000e+00 5.800000000000000000e+01 3.100000000000000000e+01 0.000000000000000000e+00 1.600000000000000089e+00 9.920000000000000432e-04 -3.640000000000000115e-04 9.999989999999999712e-01 -7.753240000000000132e-01 -6.315629999999999855e-01 5.389999999999999826e-04 6.315629999999999855e-01 -7.753240000000000132e-01 -9.089999999999999773e-04
5.000000000000000000e+00 5.800000000000000000e+01 3.100000000000000000e+01 0.000000000000000000e+00 1.600000000000000089e+00 2.406999999999999851e-03 4.620000000000000083e-04 9.999970000000000248e-01 -7.753649999999999709e-01 -6.315100000000000158e-01 2.158000000000000196e-03 6.315089999999999870e-01 -7.753679999999999461e-01 -1.162000000000000055e-03
1.300000000000000000e+01 5.800000000000000000e+01 3.100000000000000000e+01 0.000000000000000000e+00 1.600000000000000089e+00 -1.348999999999999939e-03 -2.106999999999999932e-03 9.999970000000000248e-01 -7.791529999999999845e-01 -6.268289999999999695e-01 -2.371999999999999977e-03 6.268319999999999448e-01 -7.791540000000000132e-01 -7.960000000000000495e-04
1.900000000000000000e+01 5.800000000000000000e+01 3.100000000000000000e+01 0.000000000000000000e+00 1.600000000000000089e+00 -2.175999999999999983e-03 -2.124000000000000020e-03 9.999949999999999672e-01 -7.793029999999999680e-01 -6.266399999999999748e-01 -3.027000000000000177e-03 6.266429999999999501e-01 -7.793060000000000542e-01 -2.919999999999999961e-04
2.100000000000000000e+01 5.800000000000000000e+01 3.100000000000000000e+01 0.000000000000000000e+00 1.600000000000000089e+00 -1.288000000000000082e-03 -1.869999999999999917e-03 9.999970000000000248e-01 -7.809829999999999828e-01 -6.245479999999999920e-01 -2.174000000000000151e-03 6.245509999999999673e-01 -7.809840000000000115e-01 -6.560000000000000076e-04
4.000000000000000000e+00 4.600000000000000000e+01 3.500000000000000000e+01 0.000000000000000000e+00 1.600000000000000089e+00 -1.110000000000000011e-04 -3.644000000000000104e-03 -9.999930000000000208e-01 3.846120000000000094e-01 -9.230720000000000036e-01 3.321000000000000167e-03 -9.230779999999999541e-01 -3.846089999999999787e-01 1.503999999999999912e-03
8.000000000000000000e+00 4.600000000000000000e+01 3.500000000000000000e+01 0.000000000000000000e+00 1.600000000000000089e+00 3.890000000000000228e-04 -5.772000000000000221e-03 -9.999829999999999552e-01 3.854770000000000141e-01 -9.227009999999999934e-01 5.475999999999999965e-03 -9.227170000000000094e-01 -3.854730000000000101e-01 1.866000000000000037e-03
1.100000000000000000e+01 4.600000000000000000e+01 3.500000000000000000e+01 0.000000000000000000e+00 1.600000000000000089e+00 7.700000000000000139e-05 -1.177000000000000095e-03 -9.999989999999999712e-01 3.851010000000000266e-01 -9.228739999999999721e-01 1.116000000000000021e-03 -9.228750000000000009e-01 -3.851010000000000266e-01 3.820000000000000153e-04
1.700000000000000000e+01 4.600000000000000000e+01 3.500000000000000000e+01 0.000000000000000000e+00 1.600000000000000089e+00 -1.610000000000000103e-04 -1.589999999999999888e-04 -1.000000000000000000e+00 3.858969999999999900e-01 -9.225419999999999732e-01 8.399999999999999535e-05 -9.225419999999999732e-01 -3.858969999999999900e-01 2.100000000000000087e-04
2.100000000000000000e+01 4.600000000000000000e+01 3.500000000000000000e+01 0.000000000000000000e+00 1.600000000000000089e+00 -1.626000000000000058e-03 5.990000000000000316e-04 -9.999980000000000535e-01 3.852829999999999866e-01 -9.227980000000000071e-01 -1.178999999999999927e-03 -9.227969999999999784e-01 -3.852840000000000154e-01 1.268999999999999946e-03
2.600000000000000000e+01 4.600000000000000000e+01 3.500000000000000000e+01 0.000000000000000000e+00 1.600000000000000089e+00 -1.283999999999999985e-03 3.520000000000000125e-03 -9.999930000000000208e-01 3.856430000000000136e-01 -9.226410000000000444e-01 -3.742999999999999799e-03 -9.226469999999999949e-01 -3.856450000000000156e-01 -1.730000000000000038e-04
1.000000000000000000e+00 9.500000000000000000e+01 3.600000000000000000e+01 0.000000000000000000e+00 1.600000000000000089e+00 -9.300000000000000541e-04 -8.956000000000000419e-03 9.999590000000000423e-01 9.971459999999999768e-01 7.548599999999999755e-02 1.603000000000000041e-03 -7.549799999999999567e-02 9.971069999999999656e-01 8.859999999999999820e-03
6.000000000000000000e+00 9.500000000000000000e+01 3.600000000000000000e+01 0.000000000000000000e+00 1.600000000000000089e+00 4.070999999999999966e-03 1.594999999999999890e-02 9.998639999999999750e-01 9.975140000000000118e-01 7.027999999999999525e-02 -5.183000000000000107e-03 -7.035299999999999887e-02 9.973999999999999533e-01 -1.562400000000000073e-02
1.100000000000000000e+01 9.500000000000000000e+01 3.600000000000000000e+01 0.000000000000000000e+00 1.600000000000000089e+00 -1.810000000000000085e-04 -1.069999999999999988e-03 9.999989999999999712e-01 9.975950000000000095e-01 6.930899999999999561e-02 2.539999999999999940e-04 -6.930899999999999561e-02 9.975950000000000095e-01 1.054999999999999948e-03
1.600000000000000000e+01 9.500000000000000000e+01 3.600000000000000000e+01 0.000000000000000000e+00 1.600000000000000089e+00 3.148000000000000190e-03 -1.822800000000000115e-02 9.998289999999999678e-01 9.973940000000000028e-01 7.212999999999999967e-02 -1.825000000000000016e-03 -7.208399999999999530e-02 9.972290000000000321e-01 1.840800000000000075e-02
2.100000000000000000e+01 9.500000000000000000e+01 3.600000000000000000e+01 0.000000000000000000e+00 1.600000000000000089e+00 3.357000000000000175e-03 2.452999999999999885e-03 9.999909999999999632e-01 9.967979999999999619e-01 7.987700000000000355e-02 -3.542000000000000010e-03 -7.988499999999999768e-02 9.968019999999999659e-01 -2.177000000000000116e-03
2.600000000000000000e+01 9.500000000000000000e+01 3.600000000000000000e+01 0.000000000000000000e+00 1.600000000000000089e+00 -1.773999999999999969e-03 -2.527999999999999865e-03 9.999949999999999672e-01 9.965450000000000141e-01 8.302700000000000358e-02 1.978000000000000157e-03 -8.303099999999999370e-02 9.965439999999999854e-01 2.371999999999999977e-03
3.000000000000000000e+00 3.000000000000000000e+00 4.300000000000000000e+01 0.000000000000000000e+00 1.600000000000000089e+00 -5.860000000000000408e-04 -1.250000000000000026e-04 -1.000000000000000000e+00 7.358069999999999888e-01 -6.771920000000000162e-01 -3.469999999999999777e-04 -6.771920000000000162e-01 -7.358069999999999888e-01 4.889999999999999599e-04
6.000000000000000000e+00 3.000000000000000000e+00 4.300000000000000000e+01 0.000000000000000000e+00 1.600000000000000089e+00 -2.137000000000000011e-03 -4.648000000000000222e-03 -9.999869999999999592e-01 7.348209999999999464e-01 -6.782599999999999740e-01 1.582999999999999989e-03 -6.782580000000000275e-01 -7.348080000000000167e-01 4.865000000000000401e-03
1.100000000000000000e+01 3.000000000000000000e+00 4.300000000000000000e+01 0.000000000000000000e+00 1.600000000000000089e+00 -1.570999999999999914e-03 -1.131199999999999914e-02 -9.999350000000000183e-01 7.378900000000000459e-01 -6.748899999999999899e-01 6.475999999999999986e-03 -6.749190000000000467e-01 -7.378310000000000146e-01 9.407000000000000431e-03
1.300000000000000000e+01 3.000000000000000000e+00 4.300000000000000000e+01 0.000000000000000000e+00 1.600000000000000089e+00 -2.618999999999999800e-03 -2.087599999999999872e-02 -9.997789999999999733e-01 7.388719999999999732e-01 -6.737370000000000303e-01 1.213200000000000042e-02 -6.738410000000000233e-01 -7.386770000000000280e-01 1.718899999999999942e-02
2.000000000000000000e+01 3.000000000000000000e+00 4.300000000000000000e+01 0.000000000000000000e+00 1.600000000000000089e+00 -1.783000000000000080e-03 -7.437000000000000034e-03 -9.999710000000000543e-01 7.416540000000000354e-01 -6.707729999999999526e-01 3.665999999999999988e-03 -6.707800000000000429e-01 -7.416260000000000074e-01 6.712000000000000084e-03
2.400000000000000000e+01 3.000000000000000000e+00 4.300000000000000000e+01 0.000000000000000000e+00 1.600000000000000089e+00 -6.419999999999999925e-04 1.159999999999999920e-02 -9.999329999999999607e-01 7.410600000000000520e-01 -6.713879999999999848e-01 -8.264000000000000512e-03 -6.714379999999999793e-01 -7.410149999999999793e-01 -8.165000000000000382e-03
3.000000000000000000e+01 3.000000000000000000e+00 4.300000000000000000e+01 0.000000000000000000e+00 1.600000000000000089e+00 -4.588000000000000064e-03 1.477099999999999941e-02 -9.998799999999999910e-01 7.389569999999999750e-01 -6.736210000000000253e-01 -1.334199999999999969e-02 -6.737370000000000303e-01 -7.389299999999999757e-01 -7.825000000000000358e-03
1.300000000000000000e+01 8.000000000000000000e+00 4.400000000000000000e+01 0.000000000000000000e+00 1.600000000000000089e+00 -3.288999999999999823e-03 -7.362999999999999753e-03 9.999670000000000503e-01 -7.757399999999999851e-01 -6.310109999999999886e-01 -7.198000000000000405e-03 6.310440000000000493e-01 -7.757389999999999564e-01 -3.637000000000000042e-03
4.000000000000000000e+00 2.900000000000000000e+01 4.400000000000000000e+01 0.000000000000000000e+00 1.600000000000000089e+00 -1.435999999999999993e-03 8.840000000000000201e-04 -9.999989999999999712e-01 6.746539999999999759e-01 7.381339999999999568e-01 -3.170000000000000075e-04 7.381330000000000391e-01 -6.746529999999999472e-01 -1.655999999999999920e-03
8.000000000000000000e+00 2.900000000000000000e+01 4.400000000000000000e+01 0.000000000000000000e+00 1.600000000000000089e+00 -2.364000000000000216e-03 -2.138000000000000143e-03 -9.999949999999999672e-01 6.795290000000000497e-01 7.336420000000000163e-01 -3.174999999999999871e-03 7.336449999999999916e-01 -6.795330000000000537e-01 -2.820000000000000241e-04
1.700000000000000000e+01 2.900000000000000000e+01 4.400000000000000000e+01 0.000000000000000000e+00 1.600000000000000089e+00 -3.327999999999999795e-03 1.026999999999999918e-03 -9.999940000000000495e-01 6.648140000000000160e-01 7.470069999999999766e-01 -1.445000000000000104e-03 7.470010000000000261e-01 -6.648150000000000448e-01 -3.168999999999999942e-03
1.000000000000000000e+01 5.400000000000000000e+01 4.600000000000000000e+01 0.000000000000000000e+00 1.600000000000000089e+00 -5.159999999999999656e-04 -3.628999999999999847e-03 9.999930000000000208e-01 3.289139999999999842e-01 -9.443540000000000267e-01 -3.256999999999999913e-03 9.443599999999999772e-01 3.289099999999999802e-01 1.680999999999999986e-03
7.000000000000000000e+00 7.400000000000000000e+01 4.900000000000000000e+01 0.000000000000000000e+00 1.600000000000000089e+00 -3.044999999999999964e-03 -2.919999999999999961e-04 9.999949999999999672e-01 -9.799029999999999685e-01 1.994549999999999934e-01 -2.926000000000000215e-03 -1.994529999999999914e-01 -9.799069999999999725e-01 -8.940000000000000464e-04
3.000000000000000000e+00 6.300000000000000000e+01 5.400000000000000000e+01 0.000000000000000000e+00 1.600000000000000089e+00 -9.590000000000000000e-04 -1.291000000000000047e-03 9.999989999999999712e-01 -3.598879999999999857e-01 9.329950000000000188e-01 8.589999999999999546e-04 -9.329950000000000188e-01 -3.598870000000000124e-01 -1.358999999999999965e-03
1.100000000000000000e+01 6.300000000000000000e+01 5.400000000000000000e+01 0.000000000000000000e+00 1.600000000000000089e+00 1.179999999999999951e-04 2.644000000000000083e-03 9.999959999999999960e-01 -3.524089999999999723e-01 9.358429999999999804e-01 -2.432999999999999833e-03 -9.358459999999999557e-01 -3.524070000000000258e-01 1.041999999999999958e-03
1.500000000000000000e+01 6.300000000000000000e+01 5.400000000000000000e+01 0.000000000000000000e+00 1.600000000000000089e+00 -1.572999999999999962e-03 1.518999999999999951e-03 9.999980000000000535e-01 -3.500409999999999910e-01 9.367320000000000091e-01 -1.972999999999999927e-03 -9.367330000000000378e-01 -3.500429999999999930e-01 -9.420000000000000205e-04
2.300000000000000000e+01 6.300000000000000000e+01 5.400000000000000000e+01 0.000000000000000000e+00 1.600000000000000089e+00 2.400000000000000061e-04 -1.613999999999999983e-03 9.999989999999999712e-01 -3.477939999999999920e-01 9.375689999999999857e-01 1.596999999999999895e-03 -9.375710000000000433e-01 -3.477939999999999920e-01 -3.370000000000000057e-04
2.700000000000000000e+01 6.300000000000000000e+01 5.400000000000000000e+01 0.000000000000000000e+00 1.600000000000000089e+00 5.789999999999999791e-04 1.479999999999999925e-04 1.000000000000000000e+00 -3.545869999999999855e-01 9.350230000000000485e-01 6.700000000000000226e-05 -9.350230000000000485e-01 -3.545869999999999855e-01 5.940000000000000184e-04
5.000000000000000000e+00 2.500000000000000000e+01 5.500000000000000000e+01 0.000000000000000000e+00 1.600000000000000089e+00 1.088999999999999907e-03 -5.460000000000000443e-04 -9.999989999999999712e-01 -1.064799999999999948e-02 -9.999430000000000263e-01 5.339999999999999695e-04 -9.999430000000000263e-01 1.064799999999999948e-02 -1.093999999999999920e-03
1.700000000000000000e+01 2.500000000000000000e+01 5.500000000000000000e+01 0.000000000000000000e+00 1.600000000000000089e+00 1.164000000000000104e-03 1.100000000000000066e-03 -9.999989999999999712e-01 -1.082200000000000002e-02 -9.999409999999999688e-01 -1.111999999999999924e-03 -9.999409999999999688e-01 1.082400000000000029e-02 -1.152000000000000029e-03
2.500000000000000000e+01 2.500000000000000000e+01 5.500000000000000000e+01 0.000000000000000000e+00 1.600000000000000089e+00 -1.422000000000000087e-03 -9.290000000000000297e-04 -9.999989999999999712e-01 -9.398000000000000104e-03 -9.999550000000000383e-01 9.420000000000000205e-04 -9.999550000000000383e-01 9.398999999999999369e-03 1.412999999999999977e-03
9.000000000000000000e+00 6.800000000000000000e+01 5.700000000000000000e+01 0.000000000000000000e+00 1.600000000000000089e+00 1.828999999999999897e-03 -2.438000000000000063e-03 -9.999949999999999672e-01 -2.438140000000000029e-01 -9.698200000000000154e-01 1.918000000000000000e-03 -9.698200000000000154e-01 2.438089999999999979e-01 -2.367999999999999879e-03
4.000000000000000000e+00 2.100000000000000000e+01 6.000000000000000000e+01 0.000000000000000000e+00 1.600000000000000089e+00 -1.490000000000000005e-03 7.789999999999999616e-04 9.999989999999999712e-01 -9.468200000000000227e-02 9.955070000000000308e-01 -9.169999999999999549e-04 -9.955060000000000020e-01 -9.468300000000000327e-02 -1.409000000000000096e-03
1.100000000000000000e+01 2.100000000000000000e+01 6.000000000000000000e+01 0.000000000000000000e+00 1.600000000000000089e+00 -3.770000000000000022e-04 -5.714000000000000329e-03 9.999839999999999840e-01 -9.566299999999999804e-02 9.953980000000000050e-01 5.651999999999999906e-03 -9.954140000000000210e-01 -9.565899999999999403e-02 -9.219999999999999680e-04
1.800000000000000000e+01 2.100000000000000000e+01 6.000000000000000000e+01 0.000000000000000000e+00 1.600000000000000089e+00 -1.699999999999999987e-05 1.696999999999999941e-03 9.999989999999999712e-01 -9.661699999999999455e-02 9.953199999999999825e-01 -1.690000000000000096e-03 -9.953220000000000400e-01 -9.661699999999999455e-02 1.469999999999999953e-04
2.100000000000000000e+01 2.100000000000000000e+01 6.000000000000000000e+01 0.000000000000000000e+00 1.600000000000000089e+00 6.759999999999999516e-04 -5.401999999999999684e-03 9.999850000000000128e-01 -9.713900000000000312e-02 9.952560000000000295e-01 5.441999999999999789e-03 -9.952710000000000168e-01 -9.714100000000000512e-02 1.479999999999999925e-04
2.800000000000000000e+01 2.100000000000000000e+01 6.000000000000000000e+01 0.000000000000000000e+00 1.600000000000000089e+00 -6.369999999999999794e-04 -3.099000000000000192e-03 9.999949999999999672e-01 -9.718599999999999461e-02 9.952619999999999800e-01 3.021999999999999947e-03 -9.952659999999999840e-01 -9.718400000000000649e-02 -9.349999999999999587e-04
1.300000000000000000e+01 6.000000000000000000e+00 6.100000000000000000e+01 0.000000000000000000e+00 1.600000000000000089e+00 1.595000000000000064e-03 6.329000000000000424e-03 9.999789999999999512e-01 5.592420000000000169e-01 -8.289929999999999799e-01 4.355000000000000364e-03 8.290030000000000454e-01 5.592230000000000256e-01 -4.862000000000000002e-03
1.500000000000000000e+01 4.000000000000000000e+00 6.200000000000000000e+01 0.000000000000000000e+00 1.600000000000000089e+00 -1.587000000000000086e-03 -2.154000000000000099e-03 9.999959999999999960e-01 -6.131079999999999863e-01 7.899990000000000068e-01 7.290000000000000473e-04 -7.899969999999999493e-01 -6.131050000000000111e-01 -2.573999999999999899e-03
6.000000000000000000e+00 3.000000000000000000e+00 6.300000000000000000e+01 0.000000000000000000e+00 1.600000000000000089e+00 2.739999999999999923e-04 -3.870999999999999875e-03 9.999919999999999920e-01 -6.103260000000000352e-01 7.921439999999999593e-01 3.233999999999999896e-03 -7.921500000000000208e-01 -6.103229999999999489e-01 -2.145999999999999904e-03
2.600000000000000000e+01 3.000000000000000000e+00 6.300000000000000000e+01 0.000000000000000000e+00 1.600000000000000089e+00 5.599999999999999509e-04 4.841999999999999950e-03 9.999879999999999880e-01 -6.115169999999999773e-01 7.912240000000000384e-01 -3.488999999999999914e-03 -7.912310000000000176e-01 -6.115080000000000515e-01 3.403999999999999908e-03
1.000000000000000000e+00 2.700000000000000000e+01 6.300000000000000000e+01 0.000000000000000000e+00 1.600000000000000089e+00 5.079999999999999880e-04 3.950000000000000386e-03 9.999919999999999920e-01 -2.790059999999999762e-01 9.602819999999999689e-01 -3.651000000000000165e-03 -9.602889999999999482e-01 -2.790019999999999722e-01 1.590000000000000050e-03
8.000000000000000000e+00 2.700000000000000000e+01 6.300000000000000000e+01 0.000000000000000000e+00 1.600000000000000089e+00 1.420000000000000092e-04 -5.287000000000000033e-03 9.999860000000000415e-01 -2.790250000000000230e-01 9.602699999999999569e-01 5.117000000000000021e-03 -9.602840000000000265e-01 -2.790219999999999922e-01 -1.338999999999999913e-03
1.100000000000000000e+01 2.700000000000000000e+01 6.300000000000000000e+01 0.000000000000000000e+00 1.600000000000000089e+00 5.039999999999999992e-04 -2.112000000000000162e-03 9.999980000000000535e-01 -2.778619999999999979e-01 9.606179999999999719e-01 2.168999999999999921e-03 -9.606209999999999471e-01 -2.778630000000000266e-01 -1.029999999999999964e-04
1.500000000000000000e+01 2.700000000000000000e+01 6.300000000000000000e+01 0.000000000000000000e+00 1.600000000000000089e+00 -6.740000000000000114e-04 4.510000000000000120e-04 1.000000000000000000e+00 -2.755210000000000159e-01 9.612950000000000106e-01 -6.189999999999999756e-04 -9.612950000000000106e-01 -2.755219999999999891e-01 -5.230000000000000274e-04
1.900000000000000000e+01 2.700000000000000000e+01 6.300000000000000000e+01 0.000000000000000000e+00 1.600000000000000089e+00 4.300000000000000165e-05 1.090000000000000067e-04 1.000000000000000000e+00 -2.757830000000000004e-01 9.612199999999999633e-01 -9.299999999999999727e-05 -9.612199999999999633e-01 -2.757830000000000004e-01 7.200000000000000182e-05
