1.700000000000000000e+01 1.500000000000000000e+01 4.000000000000000000e+00 0.000000000000000000e+00 1.600000000000000089e+00 3.072000000000000078e-03 7.577999999999999667e-03 9.999670000000000503e-01 2.688570000000000126e-01 -9.631579999999999586e-01 6.472999999999999587e-03 9.631750000000000034e-01 2.688280000000000114e-01 -4.995999999999999573e-03
2.100000000000000000e+01 1.500000000000000000e+01 4.000000000000000000e+00 0.000000000000000000e+00 1.600000000000000089e+00 -1.717999999999999909e-03 6.641000000000000202e-03 9.999759999999999760e-01 2.723369999999999957e-01 -9.621769999999999490e-01 6.858000000000000380e-03 9.622000000000000552e-01 2.723430000000000017e-01 -1.559999999999999972e-04
5.000000000000000000e+00 1.600000000000000000e+01 4.000000000000000000e+00 0.000000000000000000e+00 1.600000000000000089e+00 2.735000000000000018e-03 -2.105200000000000127e-02 9.997749999999999693e-01 3.233730000000000215e-01 -9.460429999999999673e-01 -2.080500000000000058e-02 9.462679999999999980e-01 3.233570000000000055e-01 4.219999999999999793e-03
1.500000000000000000e+01 1.600000000000000000e+01 4.000000000000000000e+00 0.000000000000000000e+00 1.600000000000000089e+00 2.962999999999999922e-03 -6.930000000000000396e-04 9.999949999999999672e-01 3.294650000000000079e-01 -9.441659999999999497e-01 -1.629999999999999939e-03 9.441629999999999745e-01 3.294679999999999831e-01 -2.569000000000000103e-03
1.100000000000000000e+01 1.010000000000000000e+02 7.000000000000000000e+00 0.000000000000000000e+00 1.600000000000000089e+00 -7.100000000000000462e-05 7.499999999999999343e-05 1.000000000000000000e+00 8.848620000000000374e-01 4.658530000000000171e-01 2.799999999999999958e-05 -4.658530000000000171e-01 8.848620000000000374e-01 -1.000000000000000048e-04
1.400000000000000000e+01 1.010000000000000000e+02 7.000000000000000000e+00 0.000000000000000000e+00 1.600000000000000089e+00 9.250000000000000409e-04 2.482999999999999964e-03 9.999959999999999960e-01 8.844840000000000479e-01 4.665670000000000095e-01 -1.977000000000000025e-03 -4.665699999999999847e-01 8.844830000000000192e-01 -1.765000000000000076e-03
5.000000000000000000e+00 1.500000000000000000e+01 8.000000000000000000e+00 0.000000000000000000e+00 1.600000000000000089e+00 -7.331999999999999976e-03 -2.242699999999999902e-02 -9.997219999999999995e-01 -5.716670000000000362e-01 -8.201749999999999874e-01 2.259200000000000097e-02 -8.204529999999999879e-01 5.716729999999999867e-01 -6.806999999999999683e-03
8.000000000000000000e+00 1.500000000000000000e+01 8.000000000000000000e+00 0.000000000000000000e+00 1.600000000000000089e+00 -7.072000000000000161e-03 -2.132600000000000121e-02 -9.997479999999999700e-01 -5.750530000000000364e-01 -8.178330000000000322e-01 2.151399999999999840e-02 -8.180859999999999799e-01 5.750600000000000156e-01 -6.479999999999999649e-03
1.300000000000000000e+01 1.500000000000000000e+01 8.000000000000000000e+00 0.000000000000000000e+00 1.600000000000000089e+00 -2.827000000000000086e-03 -5.483000000000000027e-03 -9.999810000000000088e-01 -5.790520000000000111e-01 -8.152679999999999927e-01 6.106999999999999582e-03 -8.152859999999999552e-01 5.790579999999999616e-01 -8.700000000000000051e-04
1.700000000000000000e+01 1.500000000000000000e+01 8.000000000000000000e+00 0.000000000000000000e+00 1.600000000000000089e+00 -3.669999999999999760e-04 6.924999999999999732e-03 -9.999759999999999760e-01 -5.799490000000000478e-01 -8.146349999999999980e-01 -5.427999999999999665e-03 -8.146529999999999605e-01 5.799330000000000318e-01 4.315000000000000259e-03
2.000000000000000000e+01 1.500000000000000000e+01 8.000000000000000000e+00 0.000000000000000000e+00 1.600000000000000089e+00 1.494000000000000102e-03 6.056999999999999884e-03 -9.999810000000000088e-01 -5.793509999999999494e-01 -8.150570000000000315e-01 -5.801999999999999866e-03 -8.150770000000000515e-01 5.793490000000000029e-01 2.291000000000000068e-03
2.400000000000000000e+01 1.500000000000000000e+01 8.000000000000000000e+00 0.000000000000000000e+00 1.600000000000000089e+00 1.010000000000000047e-03 -4.918999999999999762e-03 -9.999869999999999592e-01 -5.776480000000000503e-01 -8.162789999999999768e-01 3.432000000000000155e-03 -8.162859999999999561e-01 5.776369999999999560e-01 -3.665999999999999988e-03
2.700000000000000000e+01 1.500000000000000000e+01 8.000000000000000000e+00 0.000000000000000000e+00 1.600000000000000089e+00 -2.210999999999999858e-03 -9.256999999999999604e-03 -9.999550000000000383e-01 -5.775360000000000493e-01 -8.163169999999999593e-01 8.833999999999999839e-03 -8.163620000000000321e-01 5.775289999999999591e-01 -3.540999999999999877e-03
2.000000000000000000e+00 2.600000000000000000e+01 8.000000000000000000e+00 0.000000000000000000e+00 1.600000000000000089e+00 6.583000000000000310e-03 1.371099999999999923e-02 -9.998839999999999950e-01 4.160470000000000002e-01 9.092160000000000242e-01 1.520700000000000003e-02 9.093189999999999884e-01 -4.160989999999999966e-01 2.809999999999999998e-04
8.000000000000000000e+00 2.600000000000000000e+01 8.000000000000000000e+00 0.000000000000000000e+00 1.600000000000000089e+00 6.740999999999999596e-03 2.266999999999999918e-02 -9.997200000000000530e-01 4.125889999999999835e-01 9.106159999999999810e-01 2.343200000000000144e-02 9.108920000000000350e-01 -4.126310000000000255e-01 -3.214999999999999976e-03
1.600000000000000000e+01 2.600000000000000000e+01 8.000000000000000000e+00 0.000000000000000000e+00 1.600000000000000089e+00 7.119999999999999593e-04 -1.443999999999999971e-03 -9.999989999999999712e-01 4.094769999999999799e-01 9.123200000000000198e-01 -1.026000000000000002e-03 9.123200000000000198e-01 -4.094760000000000066e-01 1.240000000000000000e-03
2.400000000000000000e+01 2.600000000000000000e+01 8.000000000000000000e+00 0.000000000000000000e+00 1.600000000000000089e+00 4.769999999999999934e-04 5.540000000000000219e-04 -1.000000000000000000e+00 4.105849999999999778e-01 9.118220000000000214e-01 7.010000000000000172e-04 9.118220000000000214e-01 -4.105849999999999778e-01 2.069999999999999900e-04
9.000000000000000000e+00 2.400000000000000000e+01 9.000000000000000000e+00 0.000000000000000000e+00 1.600000000000000089e+00 7.333000000000000108e-03 2.422500000000000001e-02 -9.996800000000000130e-01 4.667979999999999907e-01 8.840149999999999952e-01 2.484600000000000003e-02 8.843330000000000357e-01 -4.668309999999999960e-01 -4.826000000000000428e-03
1.300000000000000000e+01 2.400000000000000000e+01 9.000000000000000000e+00 0.000000000000000000e+00 1.600000000000000089e+00 4.545999999999999694e-03 1.332500000000000004e-02 -9.999010000000000398e-01 4.636440000000000006e-01 8.859120000000000328e-01 1.391399999999999929e-02 8.860099999999999643e-01 -4.636609999999999898e-01 -2.151000000000000134e-03
2.100000000000000000e+01 2.400000000000000000e+01 9.000000000000000000e+00 0.000000000000000000e+00 1.600000000000000089e+00 -5.150000000000000498e-04 -3.681999999999999943e-03 -9.999930000000000208e-01 4.623920000000000252e-01 8.866690000000000405e-01 -3.503000000000000037e-03 8.866749999999999909e-01 -4.623909999999999965e-01 1.245999999999999929e-03
2.400000000000000000e+01 2.400000000000000000e+01 9.000000000000000000e+00 0.000000000000000000e+00 1.600000000000000089e+00 4.539999999999999765e-04 1.956999999999999972e-03 -9.999980000000000535e-01 4.626100000000000212e-01 8.865600000000000147e-01 1.944999999999999897e-03 8.865619999999999612e-01 -4.626100000000000212e-01 -5.029999999999999749e-04
3.000000000000000000e+01 2.400000000000000000e+01 9.000000000000000000e+00 0.000000000000000000e+00 1.600000000000000089e+00 3.083999999999999936e-03 5.512999999999999672e-03 -9.999799999999999800e-01 4.617029999999999745e-01 8.870120000000000227e-01 6.315000000000000301e-03 8.870289999999999564e-01 -4.617129999999999845e-01 1.900000000000000105e-04
2.400000000000000000e+01 1.040000000000000000e+02 1.100000000000000000e+01 0.000000000000000000e+00 1.600000000000000089e+00 3.209999999999999963e-04 -4.205000000000000404e-03 9.999909999999999632e-01 -9.725580000000000336e-01 -2.326610000000000067e-01 -6.660000000000000338e-04 2.326620000000000077e-01 -9.725489999999999968e-01 -4.164000000000000166e-03
4.000000000000000000e+00 3.100000000000000000e+01 1.200000000000000000e+01 0.000000000000000000e+00 1.600000000000000089e+00 1.021999999999999905e-03 2.523000000000000069e-03 9.999959999999999960e-01 -1.388600000000000077e-02 9.999000000000000110e-01 -2.508999999999999946e-03 -9.999029999999999863e-01 -1.388299999999999951e-02 1.056999999999999997e-03
1.100000000000000000e+01 3.100000000000000000e+01 1.200000000000000000e+01 0.000000000000000000e+00 1.600000000000000089e+00 -4.949999999999999973e-04 5.237000000000000335e-03 9.999860000000000415e-01 -8.942000000000000295e-03 9.999460000000000015e-01 -5.240999999999999999e-03 -9.999599999999999600e-01 -8.944999999999999826e-03 -4.490000000000000176e-04
1.700000000000000000e+01 3.100000000000000000e+01 1.200000000000000000e+01 0.000000000000000000e+00 1.600000000000000089e+00 -2.970000000000000092e-04 8.130000000000000291e-04 1.000000000000000000e+00 -5.667000000000000162e-03 9.999839999999999840e-01 -8.149999999999999693e-04 -9.999839999999999840e-01 -5.667000000000000162e-03 -2.919999999999999961e-04
2.100000000000000000e+01 3.100000000000000000e+01 1.200000000000000000e+01 0.000000000000000000e+00 1.600000000000000089e+00 1.910000000000000077e-04 2.657000000000000074e-03 9.999959999999999960e-01 -9.089999999999999773e-04 9.999959999999999960e-01 -2.655999999999999941e-03 -1.000000000000000000e+00 -9.079999999999999530e-04 1.930000000000000021e-04
2.800000000000000000e+01 3.100000000000000000e+01 1.200000000000000000e+01 0.000000000000000000e+00 1.600000000000000089e+00 -8.189999999999999581e-04 2.768000000000000061e-03 9.999959999999999960e-01 3.713999999999999854e-03 9.999890000000000168e-01 -2.765000000000000097e-03 -9.999930000000000208e-01 3.710999999999999889e-03 -8.289999999999999843e-04
6.000000000000000000e+00 1.200000000000000000e+01 1.500000000000000000e+01 0.000000000000000000e+00 1.600000000000000089e+00 -4.333000000000000046e-03 -5.945999999999999897e-03 -9.999730000000000008e-01 -4.734999999999999765e-01 -8.807629999999999626e-01 7.289000000000000340e-03 -8.807829999999999826e-01 4.735190000000000232e-01 1.000999999999999937e-03
1.100000000000000000e+01 1.200000000000000000e+01 1.500000000000000000e+01 0.000000000000000000e+00 1.600000000000000089e+00 -2.102000000000000136e-03 -4.225999999999999722e-03 -9.999890000000000168e-01 -4.733319999999999750e-01 -8.808709999999999596e-01 4.717999999999999972e-03 -8.808810000000000251e-01 4.733370000000000077e-01 -1.489999999999999897e-04
1.600000000000000000e+01 1.200000000000000000e+01 1.500000000000000000e+01 0.000000000000000000e+00 1.600000000000000089e+00 -8.210000000000000067e-04 3.105999999999999820e-03 -9.999949999999999672e-01 -4.745139999999999914e-01 -8.802450000000000552e-01 -2.344000000000000163e-03 -8.802470000000000017e-01 4.745099999999999874e-01 2.197000000000000168e-03
2.200000000000000000e+01 1.200000000000000000e+01 1.500000000000000000e+01 0.000000000000000000e+00 1.600000000000000089e+00 1.291999999999999963e-03 4.094000000000000417e-03 -9.999909999999999632e-01 -4.739229999999999832e-01 -8.805560000000000054e-01 -4.218000000000000395e-03 -8.805650000000000421e-01 4.739240000000000119e-01 8.030000000000000028e-04
2.700000000000000000e+01 1.200000000000000000e+01 1.500000000000000000e+01 0.000000000000000000e+00 1.600000000000000089e+00 -1.505000000000000044e-03 -3.014999999999999885e-03 -9.999940000000000495e-01 -4.703789999999999916e-01 -8.824579999999999647e-01 3.367999999999999900e-03 -8.824629999999999974e-01 4.703820000000000223e-01 -9.100000000000000287e-05
3.000000000000000000e+00 2.000000000000000000e+00 1.900000000000000000e+01 0.000000000000000000e+00 1.600000000000000089e+00 3.543000000000000142e-03 -9.367999999999999591e-03 -9.999500000000000055e-01 1.557469999999999966e-01 -9.877479999999999594e-01 9.804999999999999480e-03 -9.877909999999999746e-01 -1.557739999999999958e-01 -2.040000000000000147e-03
7.000000000000000000e+00 2.000000000000000000e+00 1.900000000000000000e+01 0.000000000000000000e+00 1.600000000000000089e+00 3.011999999999999920e-03 -1.224800000000000021e-02 -9.999200000000000310e-01 1.606029999999999958e-01 -9.869390000000000107e-01 1.257300000000000084e-02 -9.870139999999999469e-01 -1.606279999999999930e-01 -1.005999999999999950e-03
1.000000000000000000e+01 2.000000000000000000e+00 1.900000000000000000e+01 0.000000000000000000e+00 1.600000000000000089e+00 3.173000000000000039e-03 -5.028999999999999616e-03 -9.999820000000000375e-01 1.642510000000000081e-01 -9.864030000000000298e-01 5.481999999999999894e-03 -9.864129999999999843e-01 -1.642659999999999954e-01 -2.304000000000000058e-03
1.500000000000000000e+01 2.000000000000000000e+00 1.900000000000000000e+01 0.000000000000000000e+00 1.600000000000000089e+00 -5.280000000000000405e-04 9.412000000000000227e-03 -9.999559999999999560e-01 1.663310000000000066e-01 -9.860250000000000403e-01 -9.369000000000000591e-03 -9.860700000000000021e-01 -1.663290000000000046e-01 -1.044999999999999922e-03
1.900000000000000000e+01 2.000000000000000000e+00 1.900000000000000000e+01 0.000000000000000000e+00 1.600000000000000089e+00 1.373000000000000088e-03 4.936000000000000283e-03 -9.999869999999999592e-01 1.657480000000000064e-01 -9.861569999999999503e-01 -4.640000000000000027e-03 -9.861670000000000158e-01 -1.657399999999999984e-01 -2.171999999999999886e-03
2.200000000000000000e+01 2.000000000000000000e+00 1.900000000000000000e+01 0.000000000000000000e+00 1.600000000000000089e+00 2.577999999999999996e-03 -7.039999999999999817e-04 -9.999959999999999960e-01 1.648429999999999895e-01 -9.863189999999999458e-01 1.118999999999999986e-03 -9.863159999999999705e-01 -1.648459999999999925e-01 -2.426999999999999904e-03
2.400000000000000000e+01 2.000000000000000000e+00 1.900000000000000000e+01 0.000000000000000000e+00 1.600000000000000089e+00 1.234999999999999987e-03 -1.013999999999999927e-03 -9.999989999999999712e-01 1.651759999999999895e-01 -9.862630000000000008e-01 1.203999999999999992e-03 -9.862630000000000008e-01 -1.651779999999999915e-01 -1.049999999999999935e-03
2.800000000000000000e+01 2.000000000000000000e+00 1.900000000000000000e+01 0.000000000000000000e+00 1.600000000000000089e+00 -2.137000000000000011e-03 -1.688000000000000047e-03 -9.999959999999999960e-01 1.685899999999999899e-01 -9.856850000000000334e-01 1.304000000000000038e-03 -9.856840000000000046e-01 -1.685860000000000136e-01 2.390999999999999896e-03
1.000000000000000000e+01 4.000000000000000000e+00 2.000000000000000000e+01 0.000000000000000000e+00 1.600000000000000089e+00 4.542000000000000030e-03 -5.499000000000000415e-03 -9.999749999999999472e-01 2.569790000000000130e-01 -9.663950000000000040e-01 6.481999999999999915e-03 -9.664059999999999873e-01 -2.570020000000000082e-01 -2.975999999999999913e-03
1.800000000000000000e+01 4.000000000000000000e+00 2.000000000000000000e+01 0.000000000000000000e+00 1.600000000000000089e+00 1.859999999999999945e-04 5.648000000000000242e-03 -9.999839999999999840e-01 2.552780000000000049e-01 -9.668520000000000447e-01 -5.414000000000000409e-03 -9.668679999999999497e-01 -2.552730000000000277e-01 -1.621999999999999961e-03
2.300000000000000000e+01 4.000000000000000000e+00 2.000000000000000000e+01 0.000000000000000000e+00 1.600000000000000089e+00 2.628000000000000128e-03 1.884000000000000041e-03 -9.999949999999999672e-01 2.567599999999999882e-01 -9.664749999999999730e-01 -1.146000000000000100e-03 -9.664719999999999978e-01 -2.567550000000000110e-01 -3.024000000000000212e-03
3.000000000000000000e+01 4.000000000000000000e+00 2.000000000000000000e+01 0.000000000000000000e+00 1.600000000000000089e+00 -5.159999999999999656e-04 -9.213999999999999968e-03 -9.999580000000000135e-01 2.661069999999999824e-01 -9.639039999999999830e-01 8.744000000000000036e-03 -9.639429999999999943e-01 -2.660910000000000220e-01 2.948999999999999799e-03
3.000000000000000000e+00 1.300000000000000000e+01 2.000000000000000000e+01 0.000000000000000000e+00 1.600000000000000089e+00 -3.800000000000000209e-05 6.314000000000000168e-03 9.999799999999999800e-01 2.516189999999999816e-01 9.678069999999999729e-01 -6.100999999999999653e-03 -9.678259999999999641e-01 2.516140000000000043e-01 -1.624999999999999925e-03
1.000000000000000000e+01 1.300000000000000000e+01 2.000000000000000000e+01 0.000000000000000000e+00 1.600000000000000089e+00 -8.570000000000000144e-04 8.390000000000000105e-04 9.999989999999999712e-01 2.557590000000000141e-01 9.667400000000000437e-01 -5.910000000000000539e-04 -9.667400000000000437e-01 2.557579999999999854e-01 -1.043000000000000090e-03
1.300000000000000000e+01 1.300000000000000000e+01 2.000000000000000000e+01 0.000000000000000000e+00 1.600000000000000089e+00 -1.178999999999999927e-03 -5.749999999999999903e-04 9.999989999999999712e-01 2.569270000000000165e-01 9.664300000000000113e-01 8.589999999999999546e-04 -9.664300000000000113e-01 2.569279999999999897e-01 -9.909999999999999105e-04
2.100000000000000000e+01 1.300000000000000000e+01 2.000000000000000000e+01 0.000000000000000000e+00 1.600000000000000089e+00 3.020000000000000223e-04 7.630000000000000063e-04 1.000000000000000000e+00 2.559339999999999948e-01 9.666940000000000532e-01 -8.149999999999999693e-04 -9.666940000000000532e-01 2.559339999999999948e-01 9.600000000000000243e-05
2.900000000000000000e+01 1.300000000000000000e+01 2.000000000000000000e+01 0.000000000000000000e+00 1.600000000000000089e+00 1.013000000000000012e-03 8.049000000000000599e-03 9.999670000000000503e-01 2.585299999999999820e-01 9.659699999999999953e-01 -8.038000000000000006e-03 -9.660029999999999450e-01 2.585299999999999820e-01 -1.101999999999999898e-03
3.000000000000000000e+00 1.600000000000000000e+01 2.100000000000000000e+01 0.000000000000000000e+00 1.600000000000000089e+00 -6.109999999999999980e-04 3.065000000000000016e-03 9.999949999999999672e-01 2.976249999999999729e-01 9.546790000000000553e-01 -2.743999999999999911e-03 -9.546829999999999483e-01 2.976219999999999977e-01 -1.495999999999999934e-03
1.500000000000000000e+01 1.600000000000000000e+01 2.100000000000000000e+01 0.000000000000000000e+00 1.600000000000000089e+00 -1.838000000000000007e-03 -6.239999999999999887e-04 9.999980000000000535e-01 2.997980000000000089e-01 9.540020000000000167e-01 1.146000000000000100e-03 -9.540009999999999879e-01 2.997989999999999822e-01 -1.565999999999999901e-03
2.100000000000000000e+01 1.600000000000000000e+01 2.100000000000000000e+01 0.000000000000000000e+00 1.600000000000000089e+00 -1.150000000000000035e-04 2.338999999999999933e-03 9.999970000000000248e-01 2.976170000000000204e-01 9.546829999999999483e-01 -2.199000000000000000e-03 -9.546850000000000058e-01 2.976159999999999917e-01 -8.059999999999999673e-04
3.000000000000000000e+00 4.600000000000000000e+01 2.700000000000000000e+01 0.000000000000000000e+00 1.600000000000000089e+00 1.031000000000000015e-03 5.680000000000000370e-04 -9.999989999999999712e-01 6.848929999999999740e-01 7.286430000000000407e-01 1.119999999999999902e-03 7.286430000000000407e-01 -6.848940000000000028e-01 3.620000000000000171e-04
6.000000000000000000e+00 4.600000000000000000e+01 2.700000000000000000e+01 0.000000000000000000e+00 1.600000000000000089e+00 1.649000000000000075e-03 2.420000000000000005e-04 -9.999989999999999712e-01 6.842289999999999761e-01 7.292659999999999698e-01 1.304999999999999953e-03 7.292650000000000521e-01 -6.842310000000000336e-01 1.036999999999999944e-03
5.000000000000000000e+00 4.600000000000000000e+01 3.000000000000000000e+01 0.000000000000000000e+00 1.600000000000000089e+00 1.595000000000000064e-03 1.611000000000000019e-03 -9.999970000000000248e-01 3.362769999999999926e-01 9.417609999999999593e-01 2.053999999999999836e-03 9.417619999999999880e-01 -3.362789999999999946e-01 9.600000000000000243e-04
9.000000000000000000e+00 4.600000000000000000e+01 3.000000000000000000e+01 0.000000000000000000e+00 1.600000000000000089e+00 -4.650000000000000270e-04 2.699999999999999899e-05 -1.000000000000000000e+00 3.349869999999999792e-01 9.422230000000000327e-01 -1.299999999999999886e-04 9.422230000000000327e-01 -3.349869999999999792e-01 -4.470000000000000232e-04
2.000000000000000000e+00 5.800000000000000000e+01 3.100000000000000000e+01 0.000000000000000000e+00 1.600000000000000089e+00 -4.492000000000000333e-03 -2.592999999999999819e-03 9.999869999999999592e-01 -7.782059999999999533e-01 -6.279879999999999907e-01 -5.124000000000000082e-03 6.279930000000000234e-01 -7.782179999999999653e-01 8.030000000000000028e-04
8.000000000000000000e+00 5.800000000000000000e+01 3.100000000000000000e+01 0.000000000000000000e+00 1.600000000000000089e+00 -9.759999999999999796e-04 1.699999999999999905e-03 9.999980000000000535e-01 -7.848800000000000221e-01 -6.196479999999999766e-01 2.869999999999999830e-04 6.196479999999999766e-01 -7.848779999999999646e-01 1.940000000000000101e-03
1.300000000000000000e+01 5.800000000000000000e+01 3.100000000000000000e+01 0.000000000000000000e+00 1.600000000000000089e+00 -2.396999999999999825e-03 -2.351999999999999924e-03 9.999940000000000495e-01 -7.875020000000000353e-01 -6.163020000000000165e-01 -3.337000000000000122e-03 6.163070000000000492e-01 -7.875060000000000393e-01 -3.750000000000000078e-04
1.900000000000000000e+01 5.800000000000000000e+01 3.100000000000000000e+01 0.000000000000000000e+00 1.600000000000000089e+00 -2.358999999999999986e-03 2.220000000000000022e-04 9.999970000000000248e-01 -7.919340000000000268e-01 -6.106040000000000356e-01 -1.732999999999999948e-03 6.106019999999999781e-01 -7.919359999999999733e-01 1.616000000000000032e-03
2.300000000000000000e+01 5.800000000000000000e+01 3.100000000000000000e+01 0.000000000000000000e+00 1.600000000000000089e+00 2.139999999999999975e-04 -2.151000000000000134e-03 9.999980000000000535e-01 -7.926729999999999610e-01 -6.096449999999999925e-01 -1.141000000000000087e-03 6.096460000000000212e-01 -7.926710000000000145e-01 -1.835000000000000043e-03
2.700000000000000000e+01 5.800000000000000000e+01 3.100000000000000000e+01 0.000000000000000000e+00 1.600000000000000089e+00 -4.879999999999999898e-04 3.627000000000000016e-03 9.999930000000000208e-01 -7.942209999999999548e-01 -6.076259999999999994e-01 1.815999999999999906e-03 6.076289999999999747e-01 -7.942150000000000043e-01 3.177999999999999835e-03
2.500000000000000000e+01 6.000000000000000000e+00 3.200000000000000000e+01 0.000000000000000000e+00 1.600000000000000089e+00 1.740999999999999926e-03 5.723999999999999921e-03 -9.999820000000000375e-01 1.805269999999999930e-01 9.835519999999999818e-01 5.943999999999999631e-03 9.835679999999999978e-01 -1.805340000000000000e-01 6.790000000000000245e-04
1.800000000000000000e+01 2.200000000000000000e+01 3.400000000000000000e+01 0.000000000000000000e+00 1.600000000000000089e+00 1.093999999999999920e-03 1.868000000000000086e-03 9.999980000000000535e-01 3.794699999999999740e-01 -9.252029999999999976e-01 1.312999999999999931e-03 9.252029999999999976e-01 3.794680000000000275e-01 -1.722000000000000006e-03
1.800000000000000000e+01 4.300000000000000000e+01 3.400000000000000000e+01 0.000000000000000000e+00 1.600000000000000089e+00 1.175000000000000046e-03 -3.082000000000000104e-03 -9.999949999999999672e-01 -3.319520000000000248e-01 9.432909999999999906e-01 -3.297000000000000017e-03 9.432960000000000234e-01 3.319540000000000268e-01 8.500000000000000611e-05
4.000000000000000000e+00 4.600000000000000000e+01 3.500000000000000000e+01 0.000000000000000000e+00 1.600000000000000089e+00 -2.900000000000000017e-04 -2.628000000000000128e-03 -9.999959999999999960e-01 3.868750000000000244e-01 -9.221289999999999765e-01 2.311000000000000120e-03 -9.221319999999999517e-01 -3.868730000000000224e-01 1.284999999999999901e-03
9.000000000000000000e+00 4.600000000000000000e+01 3.500000000000000000e+01 0.000000000000000000e+00 1.600000000000000089e+00 1.160000000000000007e-04 -1.140000000000000063e-04 -1.000000000000000000e+00 3.877519999999999856e-01 -9.217640000000000278e-01 1.499999999999999869e-04 -9.217640000000000278e-01 -3.877519999999999856e-01 -6.299999999999999990e-05
1.400000000000000000e+01 4.600000000000000000e+01 3.500000000000000000e+01 0.000000000000000000e+00 1.600000000000000089e+00 4.169999999999999987e-04 1.793000000000000106e-03 -9.999980000000000535e-01 3.875899999999999901e-01 -9.218300000000000383e-01 -1.490999999999999921e-03 -9.218319999999999848e-01 -3.875890000000000168e-01 -1.079000000000000098e-03
2.000000000000000000e+01 4.600000000000000000e+01 3.500000000000000000e+01 0.000000000000000000e+00 1.600000000000000089e+00 -1.208000000000000089e-03 -1.649999999999999991e-04 -9.999989999999999712e-01 3.889380000000000059e-01 -9.212639999999999718e-01 -3.179999999999999776e-04 -9.212630000000000541e-01 -3.889380000000000059e-01 1.178000000000000011e-03
2.400000000000000000e+01 4.600000000000000000e+01 3.500000000000000000e+01 0.000000000000000000e+00 1.600000000000000089e+00 1.149000000000000065e-03 -3.377999999999999926e-03 -9.999940000000000495e-01 3.883759999999999990e-01 -9.214940000000000353e-01 3.559999999999999797e-03 -9.214999999999999858e-01 -3.883769999999999722e-01 2.530000000000000239e-04
2.800000000000000000e+01 4.600000000000000000e+01 3.500000000000000000e+01 0.000000000000000000e+00 1.600000000000000089e+00 -1.069999999999999988e-04 -2.010000000000000068e-04 -1.000000000000000000e+00 3.871080000000000076e-01 -9.220340000000000202e-01 1.440000000000000036e-04 -9.220340000000000202e-01 -3.871080000000000076e-01 1.769999999999999926e-04
4.000000000000000000e+00 9.500000000000000000e+01 3.600000000000000000e+01 0.000000000000000000e+00 1.600000000000000089e+00 -2.781000000000000052e-03 -3.930999999999999599e-03 9.999879999999999880e-01 9.960470000000000157e-01 8.877200000000000368e-02 3.118999999999999811e-03 -8.878300000000000081e-02 9.960440000000000405e-01 3.668999999999999952e-03
1.200000000000000000e+01 9.500000000000000000e+01 3.600000000000000000e+01 0.000000000000000000e+00 1.600000000000000089e+00 -2.184000000000000177e-03 1.889999999999999970e-03 9.999959999999999960e-01 9.964129999999999932e-01 8.459999999999999465e-02 2.017000000000000130e-03 -8.459600000000000453e-02 9.964129999999999932e-01 -2.067999999999999960e-03
1.600000000000000000e+01 9.500000000000000000e+01 3.600000000000000000e+01 0.000000000000000000e+00 1.600000000000000089e+00 -8.798000000000000265e-03 -1.718899999999999942e-02 9.998139999999999805e-01 9.967190000000000216e-01 8.030700000000000338e-02 1.015100000000000030e-02 -8.046599999999999586e-02 9.966220000000000079e-01 1.642599999999999963e-02
2.500000000000000000e+01 9.500000000000000000e+01 3.600000000000000000e+01 0.000000000000000000e+00 1.600000000000000089e+00 4.526999999999999774e-03 -1.496300000000000061e-02 9.998780000000000445e-01 9.967669999999999586e-01 8.028399999999999426e-02 -3.311000000000000141e-03 -8.022500000000000464e-02 9.966599999999999904e-01 1.527799999999999991e-02
2.000000000000000000e+00 2.900000000000000000e+01 4.400000000000000000e+01 0.000000000000000000e+00 1.600000000000000089e+00 6.920000000000000153e-04 5.393000000000000224e-03 -9.999850000000000128e-01 6.700779999999999514e-01 7.422779999999999934e-01 4.466999999999999617e-03 7.422910000000000341e-01 -6.700709999999999722e-01 -3.099999999999999891e-03
6.000000000000000000e+00 2.900000000000000000e+01 4.400000000000000000e+01 0.000000000000000000e+00 1.600000000000000089e+00 6.049999999999999606e-04 5.411000000000000011e-03 -9.999850000000000128e-01 6.753379999999999939e-01 7.374950000000000117e-01 4.399000000000000132e-03 7.375080000000000524e-01 -6.753310000000000146e-01 -3.207999999999999914e-03
1.200000000000000000e+01 2.900000000000000000e+01 4.400000000000000000e+01 0.000000000000000000e+00 1.600000000000000089e+00 -2.394999999999999993e-03 2.610000000000000015e-04 -9.999970000000000248e-01 6.813719999999999777e-01 7.319360000000000310e-01 -1.441000000000000007e-03 7.319339999999999735e-01 -6.813730000000000064e-01 -1.930999999999999991e-03
1.600000000000000000e+01 2.900000000000000000e+01 4.400000000000000000e+01 0.000000000000000000e+00 1.600000000000000089e+00 -6.710000000000000469e-04 2.462999999999999912e-03 -9.999970000000000248e-01 6.794440000000000479e-01 7.337259999999999893e-01 1.350999999999999987e-03 7.337270000000000181e-01 -6.794409999999999616e-01 -2.165999999999999957e-03
2.000000000000000000e+01 2.900000000000000000e+01 4.400000000000000000e+01 0.000000000000000000e+00 1.600000000000000089e+00 1.245000000000000013e-03 2.893999999999999871e-03 -9.999949999999999672e-01 6.739929999999999533e-01 7.387320000000000553e-01 2.977000000000000045e-03 7.387369999999999770e-01 -6.739939999999999820e-01 -1.031000000000000015e-03
2.400000000000000000e+01 2.900000000000000000e+01 4.400000000000000000e+01 0.000000000000000000e+00 1.600000000000000089e+00 -8.790000000000000070e-04 1.000000000000000021e-03 -9.999989999999999712e-01 6.755189999999999806e-01 7.373429999999999707e-01 1.430000000000000064e-04 7.373420000000000529e-01 -6.755179999999999518e-01 -1.324000000000000090e-03
2.700000000000000000e+01 2.900000000000000000e+01 4.400000000000000000e+01 0.000000000000000000e+00 1.600000000000000089e+00 -2.076000000000000154e-03 1.936000000000000004e-03 -9.999959999999999960e-01 6.823860000000000481e-01 7.309919999999999751e-01 -9.999999999999999547e-07 7.309889999999999999e-01 -6.823829999999999618e-01 -2.837999999999999811e-03
3.000000000000000000e+00 6.500000000000000000e+01 4.600000000000000000e+01 0.000000000000000000e+00 1.600000000000000089e+00 -3.451000000000000074e-03 1.962999999999999901e-03 9.999919999999999920e-01 6.843179999999999819e-01 -7.291739999999999888e-01 3.792999999999999931e-03 7.291760000000000463e-01 6.843259999999999899e-01 1.172999999999999998e-03
2.700000000000000000e+01 6.500000000000000000e+01 4.600000000000000000e+01 0.000000000000000000e+00 1.600000000000000089e+00 3.089999999999999756e-04 -1.216999999999999983e-03 9.999989999999999712e-01 6.822439999999999616e-01 -7.311239999999999961e-01 -1.100999999999999982e-03 7.311250000000000249e-01 6.822439999999999616e-01 6.040000000000000447e-04
2.100000000000000000e+01 7.000000000000000000e+01 4.700000000000000000e+01 0.000000000000000000e+00 1.600000000000000089e+00 -3.959999999999999762e-04 8.100000000000000375e-05 -1.000000000000000000e+00 -8.375230000000000175e-01 -5.464010000000000256e-01 2.869999999999999830e-04 -5.464010000000000256e-01 8.375240000000000462e-01 2.840000000000000185e-04
4.000000000000000000e+00 5.000000000000000000e+00 5.100000000000000000e+01 0.000000000000000000e+00 1.600000000000000089e+00 -2.788999999999999813e-03 8.491000000000000283e-03 -9.999599999999999600e-01 4.772020000000000151e-01 -8.787490000000000023e-01 -8.793000000000000468e-03 -8.787890000000000423e-01 -4.772080000000000211e-01 -1.600999999999999993e-03
1.400000000000000000e+01 5.000000000000000000e+00 5.100000000000000000e+01 0.000000000000000000e+00 1.600000000000000089e+00 1.789999999999999925e-03 2.050999999999999872e-03 -9.999959999999999960e-01 4.893919999999999937e-01 -8.720639999999999503e-01 -9.120000000000000502e-04 -8.720620000000000038e-01 -4.893879999999999897e-01 -2.563999999999999873e-03
2.300000000000000000e+01 5.000000000000000000e+00 5.100000000000000000e+01 0.000000000000000000e+00 1.600000000000000089e+00 -1.162999999999999971e-03 2.101000000000000003e-03 -9.999970000000000248e-01 4.798609999999999820e-01 -8.773410000000000375e-01 -2.402000000000000055e-03 -8.773440000000000127e-01 -4.798620000000000108e-01 1.200000000000000030e-05
2.600000000000000000e+01 5.000000000000000000e+00 5.100000000000000000e+01 0.000000000000000000e+00 1.600000000000000089e+00 1.539999999999999919e-03 -4.339999999999999782e-04 -9.999989999999999712e-01 4.819320000000000270e-01 -8.762079999999999869e-01 1.123000000000000083e-03 -8.762069999999999581e-01 -4.819330000000000003e-01 -1.139999999999999954e-03
2.300000000000000000e+01 7.000000000000000000e+00 5.200000000000000000e+01 0.000000000000000000e+00 1.600000000000000089e+00 -1.454999999999999913e-03 2.422000000000000108e-03 -9.999959999999999960e-01 7.095799999999999330e-02 -9.974760000000000293e-01 -2.520000000000000104e-03 -9.974779999999999758e-01 -7.096099999999999630e-02 1.278999999999999972e-03
3.000000000000000000e+00 6.300000000000000000e+01 5.400000000000000000e+01 0.000000000000000000e+00 1.600000000000000089e+00 3.959999999999999762e-04 -1.981000000000000122e-03 9.999980000000000535e-01 -3.514340000000000241e-01 9.362110000000000154e-01 1.994000000000000113e-03 -9.362129999999999619e-01 -3.514340000000000241e-01 -3.260000000000000094e-04
9.000000000000000000e+00 6.300000000000000000e+01 5.400000000000000000e+01 0.000000000000000000e+00 1.600000000000000089e+00 1.242999999999999964e-03 -1.404999999999999999e-03 9.999980000000000535e-01 -3.433729999999999838e-01 9.391969999999999485e-01 1.745999999999999939e-03 -9.391979999999999773e-01 -3.433749999999999858e-01 6.849999999999999535e-04
1.300000000000000000e+01 6.300000000000000000e+01 5.400000000000000000e+01 0.000000000000000000e+00 1.600000000000000089e+00 -2.870000000000000155e-03 -8.799999999999999771e-05 9.999959999999999960e-01 -3.451089999999999991e-01 9.385620000000000074e-01 -9.079999999999999530e-04 -9.385580000000000034e-01 -3.451110000000000011e-01 -2.724999999999999992e-03
1.900000000000000000e+01 6.300000000000000000e+01 5.400000000000000000e+01 0.000000000000000000e+00 1.600000000000000089e+00 9.139999999999999904e-04 1.985999999999999918e-03 9.999980000000000535e-01 -3.502279999999999838e-01 9.366630000000000233e-01 -1.539999999999999919e-03 -9.366640000000000521e-01 -3.502259999999999818e-01 1.551999999999999994e-03
2.200000000000000000e+01 6.300000000000000000e+01 5.400000000000000000e+01 0.000000000000000000e+00 1.600000000000000089e+00 -1.561000000000000104e-03 1.200000000000000030e-05 9.999989999999999712e-01 -3.504419999999999757e-01 9.365839999999999721e-01 -5.590000000000000351e-04 -9.365830000000000544e-01 -3.504419999999999757e-01 -1.456999999999999962e-03
2.700000000000000000e+01 6.300000000000000000e+01 5.400000000000000000e+01 0.000000000000000000e+00 1.600000000000000089e+00 2.359999999999999902e-04 -6.660000000000000338e-04 1.000000000000000000e+00 -3.530980000000000230e-01 9.355860000000000287e-01 7.060000000000000303e-04 -9.355860000000000287e-01 -3.530980000000000230e-01 -1.500000000000000038e-05
5.000000000000000000e+00 2.500000000000000000e+01 5.500000000000000000e+01 0.000000000000000000e+00 1.600000000000000089e+00 1.472000000000000001e-03 -6.700000000000000226e-05 -9.999989999999999712e-01 -1.062899999999999956e-02 -9.999430000000000263e-01 5.099999999999999960e-05 -9.999419999999999975e-01 1.062899999999999956e-02 -1.472000000000000001e-03
1.200000000000000000e+01 2.500000000000000000e+01 5.500000000000000000e+01 0.000000000000000000e+00 1.600000000000000089e+00 1.029999999999999964e-04 -5.270000000000000162e-04 -1.000000000000000000e+00 -9.955000000000000307e-03 -9.999500000000000055e-01 5.259999999999999919e-04 -9.999500000000000055e-01 9.955000000000000307e-03 -1.090000000000000067e-04
1.400000000000000000e+01 2.500000000000000000e+01 5.500000000000000000e+01 0.000000000000000000e+00 1.600000000000000089e+00 2.689999999999999791e-04 -3.399999999999999973e-05 -1.000000000000000000e+00 -1.028199999999999947e-02 -9.999470000000000303e-01 3.100000000000000135e-05 -9.999470000000000303e-01 1.028199999999999947e-02 -2.689999999999999791e-04
2.700000000000000000e+01 2.500000000000000000e+01 5.500000000000000000e+01 0.000000000000000000e+00 1.600000000000000089e+00 -6.239999999999999887e-04 6.746000000000000260e-03 -9.999770000000000048e-01 -1.231299999999999929e-02 -9.999010000000000398e-01 -6.738000000000000066e-03 -9.999240000000000350e-01 1.230900000000000050e-02 7.069999999999999462e-04
6.000000000000000000e+00 5.800000000000000000e+01 5.900000000000000000e+01 0.000000000000000000e+00 1.600000000000000089e+00 1.028999999999999967e-03 5.879999999999999810e-04 -9.999989999999999712e-01 3.876859999999999751e-01 9.217910000000000270e-01 9.409999999999999962e-04 9.217910000000000270e-01 -3.876870000000000038e-01 7.209999999999999612e-04
2.000000000000000000e+00 7.000000000000000000e+00 6.000000000000000000e+01 0.000000000000000000e+00 1.600000000000000089e+00 -2.867000000000000191e-03 9.529999999999999626e-04 9.999949999999999672e-01 5.667229999999999768e-01 -8.239049999999999985e-01 2.409999999999999816e-03 8.239030000000000520e-01 5.667269999999999808e-01 1.822000000000000052e-03
1.000000000000000000e+00 2.100000000000000000e+01 6.000000000000000000e+01 0.000000000000000000e+00 1.600000000000000089e+00 -1.649000000000000075e-03 -1.196200000000000041e-02 9.999270000000000103e-01 -9.524900000000000033e-02 9.953840000000000465e-01 1.175099999999999929e-02 -9.954520000000000035e-01 -9.522200000000000109e-02 -2.781000000000000052e-03
7.000000000000000000e+00 2.100000000000000000e+01 6.000000000000000000e+01 0.000000000000000000e+00 1.600000000000000089e+00 4.459999999999999989e-04 6.566999999999999921e-03 9.999780000000000335e-01 -9.512800000000000422e-02 9.954439999999999955e-01 -6.493999999999999773e-03 -9.954650000000000443e-01 -9.512299999999999922e-02 1.069000000000000072e-03
1.200000000000000000e+01 2.100000000000000000e+01 6.000000000000000000e+01 0.000000000000000000e+00 1.600000000000000089e+00 3.190000000000000019e-04 -3.838999999999999965e-03 9.999930000000000208e-01 -9.685599999999999765e-02 9.952910000000000368e-01 3.851999999999999955e-03 -9.952980000000000160e-01 -9.685599999999999765e-02 -5.399999999999999798e-05
1.800000000000000000e+01 3.000000000000000000e+00 6.300000000000000000e+01 0.000000000000000000e+00 1.600000000000000089e+00 1.162999999999999971e-03 -6.257999999999999674e-03 9.999799999999999800e-01 -6.158329999999999638e-01 7.878560000000000008e-01 5.647000000000000110e-03 -7.878760000000000208e-01 -6.158270000000000133e-01 -2.938000000000000073e-03
2.500000000000000000e+01 3.000000000000000000e+00 6.300000000000000000e+01 0.000000000000000000e+00 1.600000000000000089e+00 1.490999999999999921e-03 -1.038999999999999993e-03 9.999980000000000535e-01 -6.136479999999999713e-01 7.895780000000000021e-01 1.734999999999999997e-03 -7.895780000000000021e-01 -6.136500000000000288e-01 5.400000000000000069e-04
2.000000000000000000e+00 2.700000000000000000e+01 6.300000000000000000e+01 0.000000000000000000e+00 1.600000000000000089e+00 1.099999999999999971e-05 -1.016599999999999969e-02 9.999479999999999480e-01 -2.713409999999999989e-01 9.624340000000000117e-01 9.787000000000000560e-03 -9.624829999999999774e-01 -2.713269999999999849e-01 -2.748000000000000009e-03
6.000000000000000000e+00 2.700000000000000000e+01 6.300000000000000000e+01 0.000000000000000000e+00 1.600000000000000089e+00 1.499999999999999869e-04 -8.120999999999999747e-03 9.999670000000000503e-01 -2.711149999999999949e-01 9.625150000000000095e-01 7.858000000000000401e-03 -9.625470000000000415e-01 -2.711069999999999869e-01 -2.057999999999999934e-03
1.000000000000000000e+01 2.700000000000000000e+01 6.300000000000000000e+01 0.000000000000000000e+00 1.600000000000000089e+00 -1.268999999999999946e-03 -3.543999999999999841e-03 9.999930000000000208e-01 -2.733999999999999764e-01 9.618959999999999733e-01 3.062000000000000052e-03 -9.618999999999999773e-01 -2.733940000000000259e-01 -2.190000000000000106e-03
1.500000000000000000e+01 2.700000000000000000e+01 6.300000000000000000e+01 0.000000000000000000e+00 1.600000000000000089e+00 -4.060000000000000024e-04 -5.420999999999999604e-03 9.999850000000000128e-01 -2.776299999999999879e-01 9.606740000000000279e-01 5.094999999999999703e-03 -9.606879999999999864e-01 -2.776239999999999819e-01 -1.895999999999999899e-03
