2.700000000000000000e+01 2.500000000000000000e+01 1.000000000000000000e+00 0.000000000000000000e+00 1.600000000000000089e+00 -5.889500000000000290e-02 -1.019199999999999967e-02 -9.982119999999999882e-01 -5.387720000000000287e-01 -8.414829999999999810e-01 4.037899999999999823e-02 -8.403909999999999991e-01 5.401869999999999727e-01 4.406800000000000300e-02
2.900000000000000000e+01 1.500000000000000000e+01 4.000000000000000000e+00 0.000000000000000000e+00 1.600000000000000089e+00 2.493300000000000030e-02 -4.519399999999999806e-02 9.986669999999999714e-01 3.127380000000000160e-01 -9.484839999999999938e-01 -5.073099999999999832e-02 9.495120000000000227e-01 3.135859999999999759e-01 -9.513999999999999888e-03
6.000000000000000000e+00 1.600000000000000000e+01 4.000000000000000000e+00 0.000000000000000000e+00 1.600000000000000089e+00 -4.710000000000000102e-04 9.122999999999999166e-03 9.999580000000000135e-01 3.233349999999999835e-01 -9.462439999999999740e-01 8.784999999999999407e-03 9.462840000000000140e-01 3.233260000000000023e-01 -2.504000000000000149e-03
1.500000000000000000e+01 1.600000000000000000e+01 4.000000000000000000e+00 0.000000000000000000e+00 1.600000000000000089e+00 -2.271000000000000015e-03 5.465000000000000240e-03 9.999820000000000375e-01 3.230979999999999963e-01 -9.463470000000000493e-01 5.905999999999999792e-03 9.463629999999999542e-01 3.231060000000000043e-01 3.829999999999999854e-04
1.900000000000000000e+01 1.600000000000000000e+01 4.000000000000000000e+00 0.000000000000000000e+00 1.600000000000000089e+00 2.397999999999999958e-03 6.346000000000000078e-03 9.999770000000000048e-01 3.248019999999999796e-01 -9.457680000000000531e-01 5.223000000000000212e-03 9.457790000000000363e-01 3.247820000000000151e-01 -4.329000000000000382e-03
2.400000000000000000e+01 1.600000000000000000e+01 4.000000000000000000e+00 0.000000000000000000e+00 1.600000000000000089e+00 3.371699999999999697e-02 -1.021910000000000041e-01 9.941929999999999934e-01 3.397589999999999777e-01 -9.343420000000000059e-01 -1.075620000000000048e-01 9.399079999999999657e-01 3.414130000000000220e-01 3.216999999999999808e-03
2.100000000000000000e+01 1.010000000000000000e+02 7.000000000000000000e+00 0.000000000000000000e+00 1.600000000000000089e+00 2.824999999999999820e-03 1.237100000000000005e-02 9.999190000000000023e-01 8.902919999999999723e-01 4.553170000000000273e-01 -8.148999999999999994e-03 -4.553820000000000090e-01 8.902430000000000065e-01 -9.726999999999999535e-03
2.600000000000000000e+01 1.010000000000000000e+02 7.000000000000000000e+00 0.000000000000000000e+00 1.600000000000000089e+00 -5.320000000000000293e-04 4.146799999999999792e-02 9.991400000000000281e-01 8.874069999999999458e-01 4.606089999999999907e-01 -1.864400000000000085e-02 -4.609860000000000069e-01 8.866340000000000332e-01 -3.704400000000000054e-02
2.700000000000000000e+01 2.500000000000000000e+01 8.000000000000000000e+00 0.000000000000000000e+00 1.600000000000000089e+00 5.795000000000000151e-02 1.853920000000000012e-01 -9.809550000000000214e-01 4.557329999999999992e-01 8.693349999999999689e-01 1.912190000000000001e-01 8.882280000000000175e-01 -4.581339999999999857e-01 -3.411100000000000243e-02
4.000000000000000000e+00 2.600000000000000000e+01 8.000000000000000000e+00 0.000000000000000000e+00 1.600000000000000089e+00 -3.579999999999999849e-03 -3.429999999999999889e-04 -9.999940000000000495e-01 4.284020000000000050e-01 9.035860000000000003e-01 -1.843999999999999936e-03 9.035809999999999675e-01 -4.284060000000000090e-01 -3.088000000000000033e-03
9.000000000000000000e+00 2.600000000000000000e+01 8.000000000000000000e+00 0.000000000000000000e+00 1.600000000000000089e+00 -2.272999999999999847e-03 -9.898999999999999813e-03 -9.999479999999999480e-01 4.272029999999999994e-01 9.041010000000000435e-01 -9.920999999999999264e-03 9.041529999999999845e-01 -4.272039999999999726e-01 2.174000000000000151e-03
1.300000000000000000e+01 2.600000000000000000e+01 8.000000000000000000e+00 0.000000000000000000e+00 1.600000000000000089e+00 -3.102000000000000157e-03 -1.488300000000000040e-02 -9.998839999999999950e-01 4.272699999999999831e-01 9.040030000000000010e-01 -1.478100000000000074e-02 9.041190000000000060e-01 -4.272670000000000079e-01 3.555000000000000000e-03
1.900000000000000000e+01 2.600000000000000000e+01 8.000000000000000000e+00 0.000000000000000000e+00 1.600000000000000089e+00 7.240000000000000342e-04 1.275000000000000092e-03 -9.999989999999999712e-01 4.289109999999999867e-01 9.033449999999999536e-01 1.463000000000000108e-03 9.033459999999999823e-01 -4.289120000000000155e-01 1.069999999999999988e-04
5.000000000000000000e+00 1.400000000000000000e+01 9.000000000000000000e+00 0.000000000000000000e+00 1.600000000000000089e+00 5.000000000000000104e-03 1.039999999999999952e-02 -9.999329999999999607e-01 -5.544919999999999849e-01 -8.321110000000000451e-01 -1.142699999999999966e-02 -8.321739999999999693e-01 5.545120000000000049e-01 1.606000000000000006e-03
9.000000000000000000e+00 1.400000000000000000e+01 9.000000000000000000e+00 0.000000000000000000e+00 1.600000000000000089e+00 2.446999999999999956e-03 3.086999999999999900e-03 -9.999919999999999920e-01 -5.551300000000000123e-01 -8.317539999999999933e-01 -3.925999999999999802e-03 -8.317600000000000549e-01 5.551350000000000451e-01 -3.220000000000000206e-04
2.700000000000000000e+01 2.400000000000000000e+01 9.000000000000000000e+00 0.000000000000000000e+00 1.600000000000000089e+00 5.298800000000000038e-02 1.940699999999999925e-01 -9.795549999999999535e-01 4.610469999999999846e-01 8.653710000000000013e-01 1.963880000000000070e-01 8.857920000000000238e-01 -4.620279999999999943e-01 -4.362100000000000005e-02
2.400000000000000000e+01 4.000000000000000000e+00 1.100000000000000000e+01 0.000000000000000000e+00 1.600000000000000089e+00 -6.191300000000000275e-02 -6.643400000000000416e-01 -7.448620000000000241e-01 1.728580000000000116e-01 7.278790000000000537e-01 -6.635600000000000387e-01 9.829989999999999561e-01 -1.698389999999999900e-01 6.977099999999999969e-02
3.000000000000000000e+00 3.100000000000000000e+01 1.200000000000000000e+01 0.000000000000000000e+00 1.600000000000000089e+00 1.214000000000000018e-03 1.105000000000000079e-03 9.999989999999999712e-01 1.356599999999999993e-02 9.999069999999999903e-01 -1.121999999999999950e-03 -9.999069999999999903e-01 1.356699999999999920e-02 1.198999999999999979e-03
1.600000000000000000e+01 3.100000000000000000e+01 1.200000000000000000e+01 0.000000000000000000e+00 1.600000000000000089e+00 2.799999999999999755e-04 -4.100000000000000047e-05 1.000000000000000000e+00 1.740399999999999933e-02 9.998489999999999878e-01 3.600000000000000091e-05 -9.998479999999999590e-01 1.740399999999999933e-02 2.799999999999999755e-04
2.400000000000000000e+01 3.100000000000000000e+01 1.200000000000000000e+01 0.000000000000000000e+00 1.600000000000000089e+00 2.541999999999999989e-03 3.736000000000000171e-03 9.999900000000000455e-01 1.049800000000000039e-02 9.999379999999999935e-01 -3.762000000000000153e-03 -9.999419999999999975e-01 1.050700000000000071e-02 2.501999999999999884e-03
1.900000000000000000e+01 3.200000000000000000e+01 1.400000000000000000e+01 0.000000000000000000e+00 1.600000000000000089e+00 1.670999999999999959e-03 1.936999999999999920e-03 -9.999970000000000248e-01 1.270380000000000120e-01 9.918959999999999999e-01 2.134000000000000046e-03 9.918959999999999999e-01 -1.270409999999999873e-01 1.410999999999999928e-03
2.700000000000000000e+01 1.200000000000000000e+01 1.500000000000000000e+01 0.000000000000000000e+00 1.600000000000000089e+00 -4.487800000000000122e-02 -6.383800000000000585e-02 -9.969510000000000316e-01 -4.626609999999999889e-01 -8.831520000000000481e-01 7.737800000000000233e-02 -8.853990000000000471e-01 4.647229999999999972e-01 1.009900000000000034e-02
6.000000000000000000e+00 1.160000000000000000e+02 1.600000000000000000e+01 0.000000000000000000e+00 1.600000000000000089e+00 -1.712999999999999896e-03 -2.491000000000000159e-03 9.999949999999999672e-01 7.023070000000000146e-01 7.118679999999999453e-01 2.975999999999999913e-03 -7.118729999999999780e-01 7.023080000000000434e-01 5.299999999999999807e-04
1.000000000000000000e+01 1.160000000000000000e+02 1.600000000000000000e+01 0.000000000000000000e+00 1.600000000000000089e+00 -8.970000000000000109e-04 -6.639999999999999852e-04 9.999989999999999712e-01 6.774850000000000039e-01 7.355359999999999676e-01 1.095999999999999969e-03 -7.355359999999999676e-01 6.774850000000000039e-01 -2.100000000000000087e-04
1.300000000000000000e+01 1.160000000000000000e+02 1.600000000000000000e+01 0.000000000000000000e+00 1.600000000000000089e+00 7.169999999999999724e-04 8.940000000000000464e-04 9.999989999999999712e-01 6.721089999999999565e-01 7.404509999999999703e-01 -1.144000000000000052e-03 -7.404519999999999991e-01 6.721089999999999565e-01 -6.999999999999999387e-05
2.100000000000000000e+01 1.160000000000000000e+02 1.600000000000000000e+01 0.000000000000000000e+00 1.600000000000000089e+00 5.369999999999999774e-03 6.231999999999999693e-03 9.999660000000000215e-01 6.857410000000000450e-01 7.277989999999999737e-01 -8.217999999999999611e-03 -7.278259999999999730e-01 6.857619999999999827e-01 -3.649999999999999816e-04
2.400000000000000000e+01 1.160000000000000000e+02 1.600000000000000000e+01 0.000000000000000000e+00 1.600000000000000089e+00 1.551400000000000001e-02 2.568199999999999997e-02 9.995500000000000496e-01 7.009969999999999812e-01 7.125669999999999504e-01 -2.918899999999999967e-02 -7.129959999999999631e-01 7.011340000000000350e-01 -6.948000000000000183e-03
4.000000000000000000e+00 2.000000000000000000e+00 1.900000000000000000e+01 0.000000000000000000e+00 1.600000000000000089e+00 -1.066000000000000107e-03 6.380000000000000254e-03 -9.999789999999999512e-01 1.594260000000000121e-01 -9.871889999999999832e-01 -6.468999999999999924e-03 -9.872090000000000032e-01 -1.594299999999999884e-01 3.499999999999999693e-05
9.000000000000000000e+00 2.000000000000000000e+00 1.900000000000000000e+01 0.000000000000000000e+00 1.600000000000000089e+00 3.282999999999999894e-03 2.049999999999999956e-04 -9.999949999999999672e-01 1.601819999999999911e-01 -9.870870000000000477e-01 3.229999999999999907e-04 -9.870820000000000149e-01 -1.601819999999999911e-01 -3.274000000000000000e-03
1.200000000000000000e+01 2.000000000000000000e+00 1.900000000000000000e+01 0.000000000000000000e+00 1.600000000000000089e+00 2.910999999999999959e-03 -1.804999999999999964e-03 -9.999940000000000495e-01 1.613860000000000017e-01 -9.868890000000000162e-01 2.250999999999999963e-03 -9.868869999999999587e-01 -1.613920000000000077e-01 -2.580999999999999961e-03
1.700000000000000000e+01 2.000000000000000000e+00 1.900000000000000000e+01 0.000000000000000000e+00 1.600000000000000089e+00 -7.110000000000000434e-04 -8.770000000000000018e-03 -9.999609999999999888e-01 1.622190000000000021e-01 -9.867179999999999840e-01 8.538000000000000450e-03 -9.867550000000000487e-01 -1.622069999999999901e-01 2.124000000000000020e-03
2.400000000000000000e+01 2.000000000000000000e+00 1.900000000000000000e+01 0.000000000000000000e+00 1.600000000000000089e+00 -1.357000000000000046e-02 3.481800000000000173e-02 -9.993009999999999948e-01 1.819880000000000109e-01 -9.826150000000000162e-01 -3.670799999999999758e-02 -9.832070000000000531e-01 -1.823589999999999933e-01 6.996999999999999748e-03
3.000000000000000000e+01 2.000000000000000000e+00 1.900000000000000000e+01 0.000000000000000000e+00 1.600000000000000089e+00 -3.065000000000000016e-03 2.120400000000000063e-02 -9.997709999999999653e-01 2.591180000000000150e-01 -9.656109999999999971e-01 -2.127400000000000124e-02 -9.658409999999999496e-01 -2.591229999999999922e-01 -2.533999999999999794e-03
5.000000000000000000e+00 1.300000000000000000e+01 2.000000000000000000e+01 0.000000000000000000e+00 1.600000000000000089e+00 1.330000000000000073e-04 -1.306000000000000086e-03 9.999989999999999712e-01 2.604569999999999941e-01 9.654850000000000376e-01 1.226000000000000093e-03 -9.654850000000000376e-01 2.604569999999999941e-01 4.690000000000000158e-04
1.100000000000000000e+01 1.300000000000000000e+01 2.000000000000000000e+01 0.000000000000000000e+00 1.600000000000000089e+00 1.077999999999999965e-03 -2.609000000000000208e-03 9.999959999999999960e-01 2.620580000000000132e-01 9.650499999999999634e-01 2.236000000000000140e-03 -9.650520000000000209e-01 2.620540000000000092e-01 1.724000000000000055e-03
1.600000000000000000e+01 1.300000000000000000e+01 2.000000000000000000e+01 0.000000000000000000e+00 1.600000000000000089e+00 9.759999999999999796e-04 9.340000000000000429e-04 9.999989999999999712e-01 2.622289999999999899e-01 9.650050000000000017e-01 -1.157000000000000042e-03 -9.650050000000000017e-01 2.622300000000000186e-01 6.970000000000000284e-04
2.000000000000000000e+01 1.300000000000000000e+01 2.000000000000000000e+01 0.000000000000000000e+00 1.600000000000000089e+00 1.129999999999999928e-03 1.087399999999999999e-02 9.999400000000000510e-01 2.614699999999999802e-01 9.651509999999999811e-01 -1.079100000000000024e-02 -9.652110000000000412e-01 2.614670000000000050e-01 -1.752000000000000085e-03
2.700000000000000000e+01 1.300000000000000000e+01 2.000000000000000000e+01 0.000000000000000000e+00 1.600000000000000089e+00 4.127999999999999725e-03 6.214399999999999785e-02 9.980590000000000295e-01 2.600700000000000234e-01 9.636559999999999571e-01 -6.107800000000000035e-02 -9.655810000000000226e-01 2.598170000000000202e-01 -1.218400000000000039e-02
5.000000000000000000e+00 1.600000000000000000e+01 2.100000000000000000e+01 0.000000000000000000e+00 1.600000000000000089e+00 9.499999999999999981e-04 1.097000000000000102e-03 9.999989999999999712e-01 2.985280000000000156e-01 9.544000000000000261e-01 -1.330999999999999935e-03 -9.544000000000000261e-01 2.985289999999999888e-01 5.789999999999999791e-04
1.300000000000000000e+01 1.600000000000000000e+01 2.100000000000000000e+01 0.000000000000000000e+00 1.600000000000000089e+00 6.359999999999999551e-04 -1.461999999999999975e-03 9.999989999999999712e-01 2.978390000000000204e-01 9.546160000000000201e-01 1.206000000000000041e-03 -9.546160000000000201e-01 2.978370000000000184e-01 1.043000000000000090e-03
1.700000000000000000e+01 1.600000000000000000e+01 2.100000000000000000e+01 0.000000000000000000e+00 1.600000000000000089e+00 2.030000000000000012e-04 2.027999999999999855e-03 9.999980000000000535e-01 2.956239999999999979e-01 9.553019999999999845e-01 -1.997000000000000077e-03 -9.553040000000000420e-01 2.956230000000000246e-01 -4.049999999999999781e-04
2.000000000000000000e+01 1.600000000000000000e+01 2.100000000000000000e+01 0.000000000000000000e+00 1.600000000000000089e+00 1.137999999999999906e-03 1.013099999999999938e-02 9.999479999999999480e-01 2.948620000000000130e-01 9.554869999999999752e-01 -1.001600000000000060e-02 -9.555390000000000272e-01 2.948580000000000090e-01 -1.899999999999999996e-03
2.700000000000000000e+01 1.600000000000000000e+01 2.100000000000000000e+01 0.000000000000000000e+00 1.600000000000000089e+00 7.309000000000000392e-03 6.735900000000000221e-02 9.977019999999999778e-01 2.974180000000000157e-01 9.524299999999999988e-01 -6.648099999999999843e-02 -9.547189999999999843e-01 2.972199999999999842e-01 -1.307200000000000029e-02
1.700000000000000000e+01 4.600000000000000000e+01 2.700000000000000000e+01 0.000000000000000000e+00 1.600000000000000089e+00 1.152999999999999945e-03 1.619999999999999912e-03 -9.999980000000000535e-01 6.885750000000000481e-01 7.251630000000000020e-01 1.968999999999999830e-03 7.251640000000000308e-01 -6.885759999999999659e-01 -2.790000000000000054e-04
2.000000000000000000e+00 4.600000000000000000e+01 3.000000000000000000e+01 0.000000000000000000e+00 1.600000000000000089e+00 4.090000000000000211e-04 -1.023000000000000038e-03 -9.999989999999999712e-01 3.343949999999999978e-01 9.424329999999999652e-01 -8.279999999999999600e-04 9.424329999999999652e-01 -3.343940000000000246e-01 7.269999999999999987e-04
3.000000000000000000e+00 5.800000000000000000e+01 3.100000000000000000e+01 0.000000000000000000e+00 1.600000000000000089e+00 -3.808000000000000187e-03 5.190000000000000386e-04 9.999930000000000208e-01 -7.962569999999999926e-01 -6.049520000000000453e-01 -2.717999999999999930e-03 6.049459999999999837e-01 -7.962609999999999966e-01 2.716999999999999797e-03
8.000000000000000000e+00 5.800000000000000000e+01 3.100000000000000000e+01 0.000000000000000000e+00 1.600000000000000089e+00 1.310000000000000129e-04 5.770000000000000389e-04 1.000000000000000000e+00 -7.968389999999999640e-01 -6.041910000000000336e-01 4.530000000000000064e-04 6.041910000000000336e-01 -7.968389999999999640e-01 3.809999999999999910e-04
1.400000000000000000e+01 5.800000000000000000e+01 3.100000000000000000e+01 0.000000000000000000e+00 1.600000000000000089e+00 -1.023000000000000038e-03 -8.399999999999999535e-05 1.000000000000000000e+00 -7.980620000000000491e-01 -6.025749999999999718e-01 -8.670000000000000406e-04 6.025749999999999718e-01 -7.980620000000000491e-01 5.490000000000000088e-04
1.900000000000000000e+01 5.800000000000000000e+01 3.100000000000000000e+01 0.000000000000000000e+00 1.600000000000000089e+00 9.150000000000000147e-04 -1.502999999999999996e-03 9.999980000000000535e-01 -7.980570000000000164e-01 -6.025819999999999510e-01 -1.749999999999999982e-04 6.025810000000000333e-01 -7.980549999999999589e-01 -1.750000000000000036e-03
2.400000000000000000e+01 5.800000000000000000e+01 3.100000000000000000e+01 0.000000000000000000e+00 1.600000000000000089e+00 2.009100000000000122e-02 3.828000000000000153e-02 9.990649999999999809e-01 -7.894989999999999508e-01 -6.124889999999999501e-01 3.934499999999999803e-02 6.134230000000000516e-01 -7.895510000000000028e-01 1.791699999999999890e-02
3.000000000000000000e+01 5.800000000000000000e+01 3.100000000000000000e+01 0.000000000000000000e+00 1.600000000000000089e+00 7.402999999999999858e-03 1.524099999999999934e-02 9.998559999999999670e-01 -7.709120000000000417e-01 -6.367549999999999599e-01 1.541400000000000062e-02 6.368989999999999929e-01 -7.709160000000000457e-01 7.035999999999999720e-03
1.000000000000000000e+01 3.200000000000000000e+01 3.300000000000000000e+01 0.000000000000000000e+00 1.600000000000000089e+00 2.000000000000000042e-03 1.997000000000000077e-03 9.999959999999999960e-01 -2.691890000000000116e-01 9.630859999999999976e-01 -1.384999999999999946e-03 -9.630849999999999689e-01 -2.691850000000000076e-01 2.464000000000000044e-03
3.000000000000000000e+00 4.600000000000000000e+01 3.500000000000000000e+01 0.000000000000000000e+00 1.600000000000000089e+00 4.800000000000000122e-04 2.993000000000000001e-03 -9.999949999999999672e-01 3.901109999999999856e-01 -9.207640000000000269e-01 -2.567999999999999970e-03 -9.207680000000000309e-01 -3.901080000000000103e-01 -1.610000000000000103e-03
1.100000000000000000e+01 4.600000000000000000e+01 3.500000000000000000e+01 0.000000000000000000e+00 1.600000000000000089e+00 9.179999999999999792e-04 -5.733000000000000249e-03 -9.999829999999999552e-01 3.901680000000000148e-01 -9.207269999999999621e-01 5.636000000000000384e-03 -9.207429999999999781e-01 -3.901660000000000128e-01 1.392000000000000008e-03
1.500000000000000000e+01 4.600000000000000000e+01 3.500000000000000000e+01 0.000000000000000000e+00 1.600000000000000089e+00 2.239999999999999966e-04 -6.710000000000000469e-04 -1.000000000000000000e+00 3.893880000000000119e-01 -9.210739999999999483e-01 7.050000000000000060e-04 -9.210739999999999483e-01 -3.893880000000000119e-01 5.500000000000000196e-05
2.400000000000000000e+01 4.600000000000000000e+01 3.500000000000000000e+01 0.000000000000000000e+00 1.600000000000000089e+00 -8.620000000000000275e-04 2.621300000000000019e-02 -9.996559999999999890e-01 3.899770000000000181e-01 -9.204999999999999849e-01 -2.447300000000000170e-02 -9.208239999999999759e-01 -3.898630000000000151e-01 -9.428999999999999881e-03
2.900000000000000000e+01 4.600000000000000000e+01 3.500000000000000000e+01 0.000000000000000000e+00 1.600000000000000089e+00 -3.199999999999999855e-05 2.114699999999999913e-02 -9.997759999999999980e-01 3.937309999999999977e-01 -9.190199999999999481e-01 -1.945099999999999954e-02 -9.192259999999999875e-01 -3.936439999999999939e-01 -8.297000000000000555e-03
4.000000000000000000e+00 9.500000000000000000e+01 3.600000000000000000e+01 0.000000000000000000e+00 1.600000000000000089e+00 -3.128000000000000138e-03 -2.785699999999999982e-02 9.996070000000000233e-01 9.972640000000000393e-01 7.374600000000000599e-02 5.176000000000000045e-03 -7.386099999999999610e-02 9.968879999999999963e-01 2.755000000000000157e-02
7.000000000000000000e+00 9.500000000000000000e+01 3.600000000000000000e+01 0.000000000000000000e+00 1.600000000000000089e+00 -2.145999999999999904e-03 -1.851799999999999974e-02 9.998259999999999925e-01 9.973109999999999475e-01 7.320300000000000418e-02 3.495999999999999976e-03 -7.325500000000000067e-02 9.971449999999999481e-01 1.831199999999999842e-02
1.200000000000000000e+01 9.500000000000000000e+01 3.600000000000000000e+01 0.000000000000000000e+00 1.600000000000000089e+00 -1.257000000000000088e-03 3.980000000000000031e-03 9.999909999999999632e-01 9.970390000000000086e-01 7.688599999999999601e-02 9.470000000000000336e-04 -7.688100000000000489e-02 9.970320000000000293e-01 -4.065000000000000037e-03
1.500000000000000000e+01 9.500000000000000000e+01 3.600000000000000000e+01 0.000000000000000000e+00 1.600000000000000089e+00 -2.099999999999999884e-05 6.598999999999999831e-03 9.999780000000000335e-01 9.968390000000000306e-01 7.945000000000000673e-02 -5.029999999999999749e-04 -7.945199999999999485e-02 9.968169999999999531e-01 -6.579999999999999911e-03
2.700000000000000000e+01 3.000000000000000000e+00 4.300000000000000000e+01 0.000000000000000000e+00 1.600000000000000089e+00 3.292599999999999694e-02 1.884530000000000094e-01 -9.815300000000000136e-01 7.314310000000000533e-01 -6.738089999999999913e-01 -1.048349999999999976e-01 -6.811199999999999477e-01 -7.144700000000000495e-01 -1.600260000000000016e-01
4.000000000000000000e+00 2.900000000000000000e+01 4.400000000000000000e+01 0.000000000000000000e+00 1.600000000000000089e+00 -4.068999999999999700e-03 -2.508999999999999946e-03 -9.999890000000000168e-01 6.762620000000000298e-01 7.366470000000000518e-01 -4.599999999999999922e-03 7.366500000000000270e-01 -6.762730000000000130e-01 -1.301000000000000073e-03
1.500000000000000000e+01 2.900000000000000000e+01 4.400000000000000000e+01 0.000000000000000000e+00 1.600000000000000089e+00 -1.833999999999999910e-03 3.710000000000000190e-04 -9.999980000000000535e-01 6.561139999999999750e-01 7.546610000000000262e-01 -9.240000000000000166e-04 7.546599999999999975e-01 -6.561139999999999750e-01 -1.628000000000000107e-03
2.100000000000000000e+01 2.900000000000000000e+01 4.400000000000000000e+01 0.000000000000000000e+00 1.600000000000000089e+00 2.439999999999999949e-04 4.508999999999999987e-03 -9.999900000000000455e-01 6.544889999999999874e-01 7.560639999999999583e-01 3.569000000000000124e-03 7.560719999999999663e-01 -6.544830000000000370e-01 -2.766999999999999928e-03
2.700000000000000000e+01 2.900000000000000000e+01 4.400000000000000000e+01 0.000000000000000000e+00 1.600000000000000089e+00 1.602999999999999911e-02 2.692299999999999902e-02 -9.995089999999999808e-01 6.479160000000000474e-01 7.610850000000000115e-01 3.089199999999999932e-02 7.615429999999999700e-01 -6.480930000000000302e-01 -5.244000000000000397e-03
3.000000000000000000e+01 5.400000000000000000e+01 4.600000000000000000e+01 0.000000000000000000e+00 1.600000000000000089e+00 2.553999999999999847e-03 2.919999999999999853e-03 9.999919999999999920e-01 2.692869999999999986e-01 -9.630579999999999696e-01 2.125000000000000153e-03 9.630570000000000519e-01 2.692789999999999906e-01 -3.246000000000000187e-03
8.000000000000000000e+00 7.000000000000000000e+01 4.700000000000000000e+01 0.000000000000000000e+00 1.600000000000000089e+00 -5.010000000000000347e-04 -3.890000000000000228e-04 -1.000000000000000000e+00 -8.423019999999999952e-01 -5.390049999999999564e-01 6.319999999999999663e-04 -5.390059999999999851e-01 8.423019999999999952e-01 -5.700000000000000314e-05
3.000000000000000000e+01 5.000000000000000000e+00 5.100000000000000000e+01 0.000000000000000000e+00 1.600000000000000089e+00 3.054999999999999990e-03 2.232900000000000162e-02 -9.997460000000000235e-01 4.833740000000000259e-01 -8.752269999999999772e-01 -1.807100000000000026e-02 -8.754089999999999927e-01 -4.831960000000000144e-01 -1.346800000000000080e-02
9.000000000000000000e+00 6.000000000000000000e+00 5.100000000000000000e+01 0.000000000000000000e+00 1.600000000000000089e+00 -1.467999999999999904e-03 -2.300000000000000070e-04 -9.999989999999999712e-01 3.236010000000000275e-01 -9.461939999999999795e-01 -2.570000000000000127e-04 -9.461920000000000330e-01 -3.236010000000000275e-01 1.464000000000000024e-03
4.000000000000000000e+00 1.150000000000000000e+02 5.100000000000000000e+01 0.000000000000000000e+00 1.600000000000000089e+00 -1.915999999999999951e-03 -5.965999999999999949e-03 9.999799999999999800e-01 8.444739999999999469e-01 -5.355950000000000433e-01 -1.577000000000000060e-03 5.355929999999999858e-01 8.444540000000000379e-01 6.063999999999999946e-03
1.200000000000000000e+01 7.000000000000000000e+00 5.200000000000000000e+01 0.000000000000000000e+00 1.600000000000000089e+00 3.563000000000000195e-03 -2.521999999999999936e-03 -9.999900000000000455e-01 8.889099999999999779e-02 -9.960369999999999502e-01 2.827999999999999785e-03 -9.960350000000000037e-01 -8.890000000000000679e-02 -3.324999999999999831e-03
2.000000000000000000e+00 6.300000000000000000e+01 5.400000000000000000e+01 0.000000000000000000e+00 1.600000000000000089e+00 6.520000000000000188e-04 1.359999999999999989e-04 1.000000000000000000e+00 -3.510099999999999887e-01 9.363719999999999821e-01 1.019999999999999992e-04 -9.363719999999999821e-01 -3.510099999999999887e-01 6.579999999999999478e-04
9.000000000000000000e+00 6.300000000000000000e+01 5.400000000000000000e+01 0.000000000000000000e+00 1.600000000000000089e+00 -6.989999999999999686e-04 -1.000000000000000048e-04 1.000000000000000000e+00 -3.534530000000000172e-01 9.354519999999999502e-01 -1.530000000000000056e-04 -9.354519999999999502e-01 -3.534530000000000172e-01 -6.899999999999999667e-04
1.500000000000000000e+01 6.300000000000000000e+01 5.400000000000000000e+01 0.000000000000000000e+00 1.600000000000000089e+00 4.789999999999999879e-04 3.930999999999999599e-03 9.999919999999999920e-01 -3.556400000000000117e-01 9.346170000000000311e-01 -3.504000000000000170e-03 -9.346229999999999816e-01 -3.556349999999999789e-01 1.845999999999999985e-03
1.800000000000000000e+01 6.300000000000000000e+01 5.400000000000000000e+01 0.000000000000000000e+00 1.600000000000000089e+00 -5.569999999999999864e-04 2.693000000000000081e-03 9.999959999999999960e-01 -3.553669999999999884e-01 9.347229999999999706e-01 -2.716000000000000098e-03 -9.347269999999999746e-01 -3.553680000000000172e-01 4.369999999999999970e-04
2.000000000000000000e+01 6.300000000000000000e+01 5.400000000000000000e+01 0.000000000000000000e+00 1.600000000000000089e+00 3.499999999999999693e-05 3.109999999999999917e-03 9.999949999999999672e-01 -3.548839999999999772e-01 9.349060000000000148e-01 -2.896000000000000137e-03 -9.349100000000000188e-01 -3.548819999999999752e-01 1.136000000000000074e-03
2.700000000000000000e+01 6.300000000000000000e+01 5.400000000000000000e+01 0.000000000000000000e+00 1.600000000000000089e+00 5.333000000000000067e-03 2.817700000000000066e-02 9.995889999999999498e-01 -3.533080000000000109e-01 9.351869999999999905e-01 -2.447699999999999876e-02 -9.354919999999999902e-01 -3.530320000000000125e-01 1.494299999999999969e-02
4.000000000000000000e+00 2.500000000000000000e+01 5.500000000000000000e+01 0.000000000000000000e+00 1.600000000000000089e+00 3.240000000000000150e-04 1.090000000000000040e-03 -9.999989999999999712e-01 -1.128499999999999989e-02 -9.999360000000000470e-01 -1.093999999999999920e-03 -9.999360000000000470e-01 1.128499999999999989e-02 -3.119999999999999944e-04
9.000000000000000000e+00 2.500000000000000000e+01 5.500000000000000000e+01 0.000000000000000000e+00 1.600000000000000089e+00 -4.510000000000000120e-04 -1.526000000000000013e-03 -9.999989999999999712e-01 -1.206499999999999934e-02 -9.999259999999999815e-01 1.531000000000000026e-03 -9.999270000000000103e-01 1.206600000000000034e-02 4.330000000000000081e-04
1.300000000000000000e+01 2.500000000000000000e+01 5.500000000000000000e+01 0.000000000000000000e+00 1.600000000000000089e+00 1.479000000000000063e-03 -2.329999999999999986e-04 -9.999989999999999712e-01 -1.240400000000000010e-02 -9.999230000000000063e-01 2.149999999999999947e-04 -9.999219999999999775e-01 1.240300000000000083e-02 -1.482000000000000027e-03
1.900000000000000000e+01 2.500000000000000000e+01 5.500000000000000000e+01 0.000000000000000000e+00 1.600000000000000089e+00 -3.370000000000000057e-04 -2.500000000000000120e-05 -1.000000000000000000e+00 -1.221399999999999916e-02 -9.999249999999999527e-01 3.000000000000000076e-05 -9.999249999999999527e-01 1.221399999999999916e-02 3.359999999999999814e-04
2.500000000000000000e+01 2.500000000000000000e+01 5.500000000000000000e+01 0.000000000000000000e+00 1.600000000000000089e+00 9.210000000000000521e-04 8.649999999999999703e-03 -9.999620000000000175e-01 -1.233199999999999921e-02 -9.998860000000000525e-01 -8.661000000000000296e-03 -9.999240000000000350e-01 1.234000000000000027e-02 -8.149999999999999693e-04
2.800000000000000000e+01 2.500000000000000000e+01 5.500000000000000000e+01 0.000000000000000000e+00 1.600000000000000089e+00 2.067999999999999960e-03 6.851000000000000319e-03 -9.999740000000000295e-01 -1.308999999999999921e-02 -9.998909999999999743e-01 -6.878000000000000433e-03 -9.999120000000000230e-01 1.310399999999999933e-02 -1.978000000000000157e-03
2.800000000000000000e+01 2.100000000000000000e+01 6.000000000000000000e+01 0.000000000000000000e+00 1.600000000000000089e+00 -3.899000000000000122e-03 4.099699999999999872e-02 9.991520000000000401e-01 -9.268300000000000149e-02 9.948439999999999506e-01 -4.118100000000000233e-02 -9.956880000000000175e-01 -9.276500000000000024e-02 -7.899999999999999579e-05
3.000000000000000000e+01 3.000000000000000000e+00 6.300000000000000000e+01 0.000000000000000000e+00 1.600000000000000089e+00 1.077000000000000049e-03 3.508700000000000013e-02 9.993840000000000501e-01 -6.191569999999999574e-01 7.848070000000000324e-01 -2.688600000000000018e-02 -7.852670000000000483e-01 -6.187460000000000182e-01 2.256999999999999978e-02
1.000000000000000000e+00 2.700000000000000000e+01 6.300000000000000000e+01 0.000000000000000000e+00 1.600000000000000089e+00 4.035999999999999657e-03 3.256000000000000213e-03 9.999869999999999592e-01 -2.836090000000000000e-01 9.589379999999999571e-01 -1.978000000000000157e-03 -9.589320000000000066e-01 -2.835969999999999880e-01 4.793000000000000385e-03
6.000000000000000000e+00 2.700000000000000000e+01 6.300000000000000000e+01 0.000000000000000000e+00 1.600000000000000089e+00 2.089999999999999844e-03 2.406000000000000152e-03 9.999949999999999672e-01 -2.845770000000000244e-01 9.586519999999999486e-01 -1.711999999999999980e-03 -9.586510000000000309e-01 -2.845719999999999916e-01 2.688999999999999984e-03
1.400000000000000000e+01 2.700000000000000000e+01 6.300000000000000000e+01 0.000000000000000000e+00 1.600000000000000089e+00 1.817000000000000039e-03 -6.610000000000000207e-04 9.999980000000000535e-01 -2.876819999999999933e-01 9.577250000000000485e-01 1.155999999999999910e-03 -9.577240000000000197e-01 -2.876830000000000220e-01 1.549999999999999946e-03
1.800000000000000000e+01 2.700000000000000000e+01 6.300000000000000000e+01 0.000000000000000000e+00 1.600000000000000089e+00 -5.919999999999999698e-04 5.930000000000000375e-03 9.999820000000000375e-01 -2.908129999999999882e-01 9.567620000000000013e-01 -5.845999999999999634e-03 -9.567799999999999638e-01 -2.908109999999999862e-01 1.157999999999999958e-03
2.300000000000000000e+01 2.700000000000000000e+01 6.300000000000000000e+01 0.000000000000000000e+00 1.600000000000000089e+00 -3.154999999999999818e-03 2.619700000000000153e-02 9.996519999999999850e-01 -2.862330000000000152e-01 9.578069999999999640e-01 -2.600399999999999934e-02 -9.581549999999999789e-01 -2.862149999999999972e-01 4.475999999999999944e-03
2.900000000000000000e+01 2.700000000000000000e+01 6.300000000000000000e+01 0.000000000000000000e+00 1.600000000000000089e+00 -3.207000000000000215e-03 2.022799999999999945e-02 9.997899999999999565e-01 -2.805440000000000156e-01 9.596259999999999790e-01 -2.031499999999999972e-02 -9.598360000000000225e-01 -2.805500000000000216e-01 2.598000000000000049e-03
6.000000000000000000e+00 2.600000000000000000e+01 6.400000000000000000e+01 0.000000000000000000e+00 1.600000000000000089e+00 2.364999999999999915e-03 2.033999999999999784e-03 9.999949999999999672e-01 -3.687759999999999927e-01 9.295179999999999554e-01 -1.018000000000000025e-03 -9.295149999999999801e-01 -3.687719999999999887e-01 2.948999999999999799e-03
1.400000000000000000e+01 2.600000000000000000e+01 6.400000000000000000e+01 0.000000000000000000e+00 1.600000000000000089e+00 3.720000000000000216e-03 1.356999999999999916e-03 9.999919999999999920e-01 -3.709180000000000255e-01 9.286659999999999915e-01 1.190000000000000058e-04 -9.286579999999999835e-01 -3.709149999999999947e-01 3.957999999999999713e-03
1.800000000000000000e+01 2.600000000000000000e+01 6.400000000000000000e+01 0.000000000000000000e+00 1.600000000000000089e+00 -9.139999999999999904e-04 8.439000000000000321e-03 9.999639999999999640e-01 -3.719259999999999788e-01 9.282270000000000243e-01 -8.174000000000000710e-03 -9.282620000000000315e-01 -3.719199999999999728e-01 2.289999999999999935e-03
2.200000000000000000e+01 2.600000000000000000e+01 6.400000000000000000e+01 0.000000000000000000e+00 1.600000000000000089e+00 -5.393000000000000224e-03 2.335999999999999882e-02 9.997129999999999628e-01 -3.685919999999999752e-01 9.292890000000000317e-01 -2.370299999999999838e-02 -9.295750000000000401e-01 -3.686139999999999972e-01 3.599000000000000202e-03
5.000000000000000000e+00 2.500000000000000000e+01 7.300000000000000000e+01 0.000000000000000000e+00 1.600000000000000089e+00 6.809999999999999647e-04 -1.660000000000000017e-03 9.999980000000000535e-01 7.504960000000000520e-01 -6.608730000000000437e-01 -1.608000000000000054e-03 6.608739999999999615e-01 7.504960000000000520e-01 7.950000000000000252e-04
9.000000000000000000e+00 2.500000000000000000e+01 7.300000000000000000e+01 0.000000000000000000e+00 1.600000000000000089e+00 -3.880999999999999901e-03 -2.590999999999999987e-03 9.999890000000000168e-01 7.518960000000000088e-01 -6.592799999999999772e-01 1.209999999999999921e-03 6.592700000000000227e-01 7.518930000000000335e-01 4.506999999999999722e-03
2.100000000000000000e+01 2.500000000000000000e+01 7.300000000000000000e+01 0.000000000000000000e+00 1.600000000000000089e+00 6.749999999999999924e-03 6.891999999999999689e-03 9.999540000000000095e-01 7.571670000000000345e-01 -6.532210000000000516e-01 -6.089999999999999494e-04 6.531860000000000444e-01 7.571360000000000312e-01 -9.627000000000000141e-03
2.700000000000000000e+01 2.500000000000000000e+01 7.300000000000000000e+01 0.000000000000000000e+00 1.600000000000000089e+00 1.215100000000000034e-02 1.202199999999999970e-02 9.998540000000000205e-01 7.491670000000000273e-01 -6.623809999999999976e-01 -1.139999999999999954e-03 6.622700000000000253e-01 7.490710000000000424e-01 -1.705500000000000071e-02
2.000000000000000000e+00 4.400000000000000000e+01 7.300000000000000000e+01 0.000000000000000000e+00 1.600000000000000089e+00 2.602000000000000146e-03 2.367000000000000180e-03 9.999940000000000495e-01 5.460799999999999682e-02 -9.985049999999999759e-01 2.220999999999999884e-03 9.985039999999999472e-01 5.460199999999999776e-02 -2.727999999999999956e-03
8.000000000000000000e+00 4.400000000000000000e+01 7.300000000000000000e+01 0.000000000000000000e+00 1.600000000000000089e+00 1.108000000000000044e-03 4.292999999999999941e-03 9.999900000000000455e-01 5.510999999999999927e-02 -9.984709999999999974e-01 4.225999999999999722e-03 9.984800000000000342e-01 5.510500000000000120e-02 -1.343000000000000010e-03
1.500000000000000000e+01 4.400000000000000000e+01 7.300000000000000000e+01 0.000000000000000000e+00 1.600000000000000089e+00 8.379999999999999862e-04 2.527000000000000166e-03 9.999959999999999960e-01 5.483699999999999686e-02 -9.984920000000000462e-01 2.478000000000000168e-03 9.984950000000000214e-01 5.483500000000000180e-02 -9.749999999999999552e-04
1.900000000000000000e+01 4.400000000000000000e+01 7.300000000000000000e+01 0.000000000000000000e+00 1.600000000000000089e+00 -2.351999999999999924e-03 -7.399999999999999894e-04 9.999970000000000248e-01 5.357499999999999762e-02 -9.985640000000000072e-01 -6.130000000000000466e-04 9.985610000000000319e-01 5.357300000000000256e-02 2.387999999999999932e-03
2.800000000000000000e+01 4.400000000000000000e+01 7.300000000000000000e+01 0.000000000000000000e+00 1.600000000000000089e+00 -5.078000000000000048e-03 -2.171000000000000187e-03 9.999850000000000128e-01 4.736699999999999938e-02 -9.988759999999999861e-01 -1.928000000000000026e-03 9.988650000000000029e-01 4.735700000000000326e-02 5.174999999999999913e-03
1.900000000000000000e+01 2.500000000000000000e+01 7.400000000000000000e+01 0.000000000000000000e+00 1.600000000000000089e+00 2.543000000000000121e-03 6.832999999999999664e-03 9.999730000000000008e-01 8.301570000000000338e-01 -5.575269999999999948e-01 1.698999999999999989e-03 5.575240000000000196e-01 8.301300000000000345e-01 -7.089999999999999948e-03
1.500000000000000000e+01 5.100000000000000000e+01 7.600000000000000000e+01 0.000000000000000000e+00 1.600000000000000089e+00 -7.200000000000000453e-04 -3.110000000000000243e-04 -1.000000000000000000e+00 -4.145690000000000208e-01 -9.100179999999999936e-01 5.810000000000000277e-04 -9.100179999999999936e-01 4.145690000000000208e-01 5.259999999999999919e-04
2.400000000000000000e+01 5.100000000000000000e+01 7.600000000000000000e+01 0.000000000000000000e+00 1.600000000000000089e+00 9.778000000000000233e-03 1.918800000000000019e-02 -9.997679999999999900e-01 -4.123789999999999956e-01 -9.107579999999999565e-01 -2.151300000000000087e-02 -9.109599999999999920e-01 4.124940000000000273e-01 -9.929999999999999591e-04
6.000000000000000000e+00 9.100000000000000000e+01 7.600000000000000000e+01 0.000000000000000000e+00 1.600000000000000089e+00 8.450000000000000479e-04 -2.259999999999999856e-03 9.999970000000000248e-01 3.170879999999999810e-01 -9.483930000000000415e-01 -2.410999999999999949e-03 9.483960000000000168e-01 3.170890000000000097e-01 -8.500000000000000611e-05
1.300000000000000000e+01 9.100000000000000000e+01 7.600000000000000000e+01 0.000000000000000000e+00 1.600000000000000089e+00 -6.470000000000000057e-04 -3.849999999999999798e-04 1.000000000000000000e+00 3.103819999999999912e-01 -9.506120000000000125e-01 -1.649999999999999991e-04 9.506120000000000125e-01 3.103819999999999912e-01 7.339999999999999520e-04
1.800000000000000000e+01 9.100000000000000000e+01 7.600000000000000000e+01 0.000000000000000000e+00 1.600000000000000089e+00 6.170000000000000354e-04 5.500000000000000331e-04 1.000000000000000000e+00 3.135839999999999739e-01 -9.495599999999999596e-01 3.289999999999999739e-04 9.495599999999999596e-01 3.135839999999999739e-01 -7.579999999999999932e-04
2.200000000000000000e+01 9.100000000000000000e+01 7.600000000000000000e+01 0.000000000000000000e+00 1.600000000000000089e+00 9.480000000000000579e-03 9.695999999999999758e-03 9.999080000000000190e-01 3.194520000000000137e-01 -9.475820000000000354e-01 6.159999999999999677e-03 9.475550000000000361e-01 3.193639999999999812e-01 -1.208000000000000046e-02
