1.100000000000000000e+01 1.500000000000000000e+01 4.000000000000000000e+00 0.000000000000000000e+00 1.600000000000000089e+00 1.427000000000000100e-03 3.899000000000000122e-03 9.999909999999999632e-01 3.195029999999999815e-01 -9.475799999999999779e-01 3.239000000000000126e-03 9.475839999999999819e-01 3.194960000000000022e-01 -2.598000000000000049e-03
1.600000000000000000e+01 1.500000000000000000e+01 4.000000000000000000e+00 0.000000000000000000e+00 1.600000000000000089e+00 2.108000000000000065e-03 6.002999999999999656e-03 9.999799999999999800e-01 3.225589999999999846e-01 -9.465360000000000440e-01 5.002999999999999635e-03 9.465470000000000272e-01 3.225419999999999954e-01 -3.930999999999999599e-03
2.100000000000000000e+01 1.500000000000000000e+01 4.000000000000000000e+00 0.000000000000000000e+00 1.600000000000000089e+00 -3.129999999999999970e-03 -7.861999999999999197e-03 9.999639999999999640e-01 3.211439999999999850e-01 -9.470079999999999609e-01 -6.440000000000000412e-03 9.470250000000000057e-01 3.211120000000000085e-01 5.488999999999999956e-03
2.600000000000000000e+01 1.500000000000000000e+01 4.000000000000000000e+00 0.000000000000000000e+00 1.600000000000000089e+00 1.969999999999999963e-03 -5.526999999999999795e-03 9.999829999999999552e-01 3.251510000000000233e-01 -9.456440000000000401e-01 -5.866999999999999819e-03 9.456599999999999451e-01 3.251569999999999738e-01 -6.499999999999999431e-05
2.700000000000000000e+01 1.900000000000000000e+01 5.000000000000000000e+00 0.000000000000000000e+00 1.600000000000000089e+00 -2.201999999999999964e-03 -4.152000000000000308e-03 -9.999890000000000168e-01 -6.736149999999999638e-01 -7.390679999999999472e-01 4.551999999999999623e-03 -7.390790000000000415e-01 6.736180000000000501e-01 -1.168999999999999900e-03
2.000000000000000000e+00 1.010000000000000000e+02 7.000000000000000000e+00 0.000000000000000000e+00 1.600000000000000089e+00 9.219999999999999680e-04 -1.816900000000000112e-02 9.998340000000000005e-01 8.846910000000000052e-01 4.661159999999999748e-01 7.654000000000000213e-03 -4.661770000000000080e-01 8.845370000000000177e-01 1.650300000000000031e-02
2.000000000000000000e+01 1.010000000000000000e+02 7.000000000000000000e+00 0.000000000000000000e+00 1.600000000000000089e+00 -6.008999999999999585e-03 1.467100000000000001e-02 9.998740000000000405e-01 8.810700000000000198e-01 4.729840000000000155e-01 -1.644999999999999978e-03 -4.729479999999999795e-01 8.809489999999999821e-01 -1.576800000000000077e-02
2.900000000000000000e+01 1.010000000000000000e+02 7.000000000000000000e+00 0.000000000000000000e+00 1.600000000000000089e+00 -7.519999999999999558e-04 -7.392000000000000133e-03 9.999719999999999720e-01 8.799559999999999604e-01 4.750380000000000158e-01 4.172999999999999626e-03 -4.750550000000000050e-01 8.799339999999999939e-01 6.147999999999999819e-03
2.000000000000000000e+00 2.500000000000000000e+01 8.000000000000000000e+00 0.000000000000000000e+00 1.600000000000000089e+00 3.420000000000000188e-04 -2.290000000000000098e-04 -1.000000000000000000e+00 4.534940000000000082e-01 8.912590000000000234e-01 -4.899999999999999842e-05 8.912590000000000234e-01 -4.534940000000000082e-01 4.090000000000000211e-04
8.000000000000000000e+00 2.500000000000000000e+01 8.000000000000000000e+00 0.000000000000000000e+00 1.600000000000000089e+00 -7.330000000000000361e-04 9.290000000000000297e-04 -9.999989999999999712e-01 4.523229999999999751e-01 8.918540000000000356e-01 4.970000000000000459e-04 8.918540000000000356e-01 -4.523220000000000018e-01 -1.074000000000000085e-03
1.300000000000000000e+01 2.500000000000000000e+01 8.000000000000000000e+00 0.000000000000000000e+00 1.600000000000000089e+00 -1.302999999999999905e-03 -1.312999999999999931e-03 -9.999980000000000535e-01 4.536180000000000212e-01 8.911940000000000417e-01 -1.761999999999999894e-03 8.911949999999999594e-01 -4.536200000000000232e-01 -5.659999999999999884e-04
1.900000000000000000e+01 2.500000000000000000e+01 8.000000000000000000e+00 0.000000000000000000e+00 1.600000000000000089e+00 -9.820000000000000170e-04 6.701999999999999624e-03 -9.999770000000000048e-01 4.530980000000000008e-01 8.914440000000000142e-01 5.529000000000000060e-03 8.914600000000000302e-01 -4.530819999999999848e-01 -3.911999999999999679e-03
2.200000000000000000e+01 2.500000000000000000e+01 8.000000000000000000e+00 0.000000000000000000e+00 1.600000000000000089e+00 -1.052999999999999900e-03 -2.164000000000000125e-03 -9.999970000000000248e-01 4.544039999999999746e-01 8.907929999999999460e-01 -2.406000000000000152e-03 8.907950000000000035e-01 -4.544050000000000034e-01 4.500000000000000283e-05
2.600000000000000000e+01 2.500000000000000000e+01 8.000000000000000000e+00 0.000000000000000000e+00 1.600000000000000089e+00 -8.909999999999999734e-04 5.605999999999999872e-03 -9.999839999999999840e-01 4.552169999999999828e-01 8.903689999999999660e-01 4.584999999999999666e-03 8.903799999999999493e-01 -4.552050000000000263e-01 -3.344999999999999883e-03
2.000000000000000000e+00 2.400000000000000000e+01 9.000000000000000000e+00 0.000000000000000000e+00 1.600000000000000089e+00 8.260000000000000198e-04 5.590000000000000351e-04 -1.000000000000000000e+00 4.564619999999999789e-01 8.897420000000000329e-01 8.750000000000000182e-04 8.897429999999999506e-01 -4.564619999999999789e-01 4.800000000000000122e-04
1.300000000000000000e+01 2.400000000000000000e+01 9.000000000000000000e+00 0.000000000000000000e+00 1.600000000000000089e+00 -1.266999999999999897e-03 -2.197000000000000168e-03 -9.999970000000000248e-01 4.554469999999999907e-01 8.902590000000000225e-01 -2.533000000000000095e-03 8.902619999999999978e-01 -4.554489999999999927e-01 -1.279999999999999942e-04
2.200000000000000000e+01 2.400000000000000000e+01 9.000000000000000000e+00 0.000000000000000000e+00 1.600000000000000089e+00 -1.250000000000000026e-03 -2.041999999999999978e-03 -9.999970000000000248e-01 4.559810000000000252e-01 8.899860000000000548e-01 -2.386999999999999799e-03 8.899890000000000301e-01 -4.559819999999999984e-01 -1.820000000000000057e-04
1.000000000000000000e+00 3.100000000000000000e+01 1.200000000000000000e+01 0.000000000000000000e+00 1.600000000000000089e+00 -6.650000000000000095e-04 1.634000000000000036e-03 9.999980000000000535e-01 -1.226299999999999960e-02 9.999230000000000063e-01 -1.642000000000000013e-03 -9.999249999999999527e-01 -1.226400000000000060e-02 -6.449999999999999570e-04
9.000000000000000000e+00 3.100000000000000000e+01 1.200000000000000000e+01 0.000000000000000000e+00 1.600000000000000089e+00 -4.500000000000000283e-05 -2.788999999999999813e-03 9.999959999999999960e-01 -1.629699999999999899e-02 9.998629999999999463e-01 2.788000000000000114e-03 -9.998669999999999503e-01 -1.629699999999999899e-02 -9.000000000000000567e-05
4.000000000000000000e+00 3.500000000000000000e+01 1.200000000000000000e+01 0.000000000000000000e+00 1.600000000000000089e+00 9.999999999999999547e-07 -4.786000000000000323e-03 -9.999890000000000168e-01 4.595989999999999798e-01 -8.881160000000000165e-01 4.250999999999999571e-03 -8.881259999999999710e-01 -4.595940000000000025e-01 2.199000000000000000e-03
8.000000000000000000e+00 3.500000000000000000e+01 1.200000000000000000e+01 0.000000000000000000e+00 1.600000000000000089e+00 -6.189999999999999756e-04 -1.992999999999999980e-03 -9.999980000000000535e-01 4.602060000000000040e-01 -8.878110000000000168e-01 1.484999999999999992e-03 -8.878120000000000456e-01 -4.602040000000000020e-01 1.466999999999999988e-03
1.300000000000000000e+01 3.500000000000000000e+01 1.200000000000000000e+01 0.000000000000000000e+00 1.600000000000000089e+00 1.552999999999999910e-03 6.799999999999999946e-05 -9.999989999999999712e-01 4.500339999999999896e-01 -8.930109999999999992e-01 6.380000000000000037e-04 -8.930099999999999705e-01 -4.500339999999999896e-01 -1.417000000000000074e-03
2.200000000000000000e+01 3.500000000000000000e+01 1.200000000000000000e+01 0.000000000000000000e+00 1.600000000000000089e+00 -5.900000000000000296e-04 -8.140000000000000534e-04 -9.999989999999999712e-01 4.166880000000000028e-01 -9.090489999999999959e-01 4.939999999999999730e-04 -9.090489999999999959e-01 -4.166869999999999741e-01 8.750000000000000182e-04
2.600000000000000000e+01 3.500000000000000000e+01 1.200000000000000000e+01 0.000000000000000000e+00 1.600000000000000089e+00 2.396000000000000126e-03 -6.167999999999999872e-03 -9.999780000000000335e-01 3.995619999999999727e-01 -9.166819999999999968e-01 6.611999999999999822e-03 -9.167030000000000456e-01 -3.995690000000000075e-01 2.680000000000000090e-04
3.000000000000000000e+00 3.200000000000000000e+01 1.400000000000000000e+01 0.000000000000000000e+00 1.600000000000000089e+00 -4.850000000000000253e-04 -2.620000000000000258e-04 -1.000000000000000000e+00 1.034309999999999952e-01 9.946369999999999933e-01 -3.099999999999999999e-04 9.946359999999999646e-01 -1.034319999999999962e-01 -4.550000000000000008e-04
1.300000000000000000e+01 1.200000000000000000e+01 1.500000000000000000e+01 0.000000000000000000e+00 1.600000000000000089e+00 -4.800000000000000122e-05 -1.211000000000000054e-03 -9.999989999999999712e-01 -4.635520000000000196e-01 -8.860689999999999955e-01 1.095000000000000053e-03 -8.860700000000000243e-01 4.635520000000000196e-01 -5.190000000000000386e-04
2.200000000000000000e+01 1.200000000000000000e+01 1.500000000000000000e+01 0.000000000000000000e+00 1.600000000000000089e+00 -1.510999999999999973e-03 -3.928000000000000068e-03 -9.999909999999999632e-01 -4.636460000000000026e-01 -8.860109999999999930e-01 4.180999999999999821e-03 -8.860190000000000010e-01 4.636480000000000046e-01 -4.820000000000000066e-04
1.100000000000000000e+01 1.160000000000000000e+02 1.600000000000000000e+01 0.000000000000000000e+00 1.600000000000000089e+00 2.710999999999999868e-03 7.230999999999999581e-03 9.999700000000000255e-01 7.360449999999999493e-01 6.768969999999999709e-01 -6.891000000000000424e-03 -6.769269999999999454e-01 7.360419999999999741e-01 -3.487000000000000082e-03
2.700000000000000000e+01 1.160000000000000000e+02 1.600000000000000000e+01 0.000000000000000000e+00 1.600000000000000089e+00 1.075000000000000001e-03 1.534999999999999906e-03 9.999980000000000535e-01 7.636589999999999767e-01 6.456169999999999964e-01 -1.812000000000000026e-03 -6.456190000000000540e-01 7.636600000000000055e-01 -4.789999999999999879e-04
7.000000000000000000e+00 2.000000000000000000e+00 1.900000000000000000e+01 0.000000000000000000e+00 1.600000000000000089e+00 -1.064000000000000059e-03 2.213999999999999822e-03 -9.999970000000000248e-01 1.752529999999999921e-01 -9.845209999999999795e-01 -2.366000000000000048e-03 -9.845230000000000370e-01 -1.752549999999999941e-01 6.599999999999999964e-04
1.200000000000000000e+01 2.000000000000000000e+00 1.900000000000000000e+01 0.000000000000000000e+00 1.600000000000000089e+00 -4.099999999999999912e-04 5.324999999999999872e-03 -9.999860000000000415e-01 1.690190000000000026e-01 -9.855979999999999741e-01 -5.317999999999999811e-03 -9.856129999999999614e-01 -1.690190000000000026e-01 -4.960000000000000216e-04
2.200000000000000000e+01 2.000000000000000000e+00 1.900000000000000000e+01 0.000000000000000000e+00 1.600000000000000089e+00 -1.219999999999999974e-04 -4.774999999999999731e-03 -9.999890000000000168e-01 1.611720000000000097e-01 -9.869149999999999867e-01 4.693000000000000123e-03 -9.869259999999999700e-01 -1.611700000000000077e-01 8.899999999999999491e-04
2.600000000000000000e+01 2.000000000000000000e+00 1.900000000000000000e+01 0.000000000000000000e+00 1.600000000000000089e+00 -1.108999999999999960e-03 -1.939400000000000152e-02 -9.998110000000000053e-01 1.589659999999999962e-01 -9.871020000000000350e-01 1.897199999999999928e-02 -9.872830000000000217e-01 -1.589150000000000007e-01 4.178000000000000290e-03
8.000000000000000000e+00 4.000000000000000000e+00 2.000000000000000000e+01 0.000000000000000000e+00 1.600000000000000089e+00 -1.556000000000000091e-03 3.003000000000000027e-03 -9.999940000000000495e-01 2.603190000000000226e-01 -9.655169999999999586e-01 -3.305000000000000212e-03 -9.655209999999999626e-01 -2.603230000000000266e-01 7.209999999999999612e-04
6.000000000000000000e+00 1.300000000000000000e+01 2.000000000000000000e+01 0.000000000000000000e+00 1.600000000000000089e+00 1.307999999999999918e-03 -3.550000000000000096e-04 9.999989999999999712e-01 2.553869999999999751e-01 9.668390000000000040e-01 1.000000000000000082e-05 -9.668379999999999752e-01 2.553869999999999751e-01 1.355000000000000085e-03
1.200000000000000000e+01 1.300000000000000000e+01 2.000000000000000000e+01 0.000000000000000000e+00 1.600000000000000089e+00 1.279999999999999942e-04 9.709999999999999664e-04 9.999989999999999712e-01 2.520549999999999735e-01 9.677120000000000166e-01 -9.719999999999999907e-04 -9.677130000000000454e-01 2.520549999999999735e-01 -1.210000000000000002e-04
1.600000000000000000e+01 1.300000000000000000e+01 2.000000000000000000e+01 0.000000000000000000e+00 1.600000000000000089e+00 4.749999999999999990e-04 -2.864999999999999925e-03 9.999959999999999960e-01 2.500959999999999850e-01 9.682169999999999943e-01 2.654999999999999808e-03 -9.682209999999999983e-01 2.500939999999999830e-01 1.177000000000000095e-03
2.300000000000000000e+01 1.300000000000000000e+01 2.000000000000000000e+01 0.000000000000000000e+00 1.600000000000000089e+00 2.799999999999999958e-05 -9.399999999999999719e-04 1.000000000000000000e+00 2.514120000000000243e-01 9.678799999999999626e-01 9.030000000000000483e-04 -9.678799999999999626e-01 2.514120000000000243e-01 2.640000000000000202e-04
2.000000000000000000e+00 1.600000000000000000e+01 2.100000000000000000e+01 0.000000000000000000e+00 1.600000000000000089e+00 1.497999999999999983e-03 3.792999999999999931e-03 9.999919999999999920e-01 2.991320000000000090e-01 9.542030000000000234e-01 -4.067000000000000302e-03 -9.542100000000000026e-01 2.991360000000000130e-01 2.950000000000000148e-04
6.000000000000000000e+00 1.600000000000000000e+01 2.100000000000000000e+01 0.000000000000000000e+00 1.600000000000000089e+00 1.701999999999999954e-03 -5.599999999999999509e-04 9.999980000000000535e-01 2.991489999999999982e-01 9.542059999999999986e-01 2.500000000000000120e-05 -9.542049999999999699e-01 2.991480000000000250e-01 1.791999999999999973e-03
1.400000000000000000e+01 1.600000000000000000e+01 2.100000000000000000e+01 0.000000000000000000e+00 1.600000000000000089e+00 2.400000000000000061e-05 -5.150000000000000498e-04 1.000000000000000000e+00 2.983990000000000253e-01 9.544409999999999838e-01 4.850000000000000253e-04 -9.544409999999999838e-01 2.983990000000000253e-01 1.759999999999999954e-04
1.900000000000000000e+01 1.600000000000000000e+01 2.100000000000000000e+01 0.000000000000000000e+00 1.600000000000000089e+00 7.299999999999999903e-05 -6.712000000000000084e-03 9.999770000000000048e-01 2.973500000000000032e-01 9.547470000000000123e-01 6.386000000000000183e-03 -9.547689999999999788e-01 2.973430000000000240e-01 2.066000000000000128e-03
2.800000000000000000e+01 1.600000000000000000e+01 2.100000000000000000e+01 0.000000000000000000e+00 1.600000000000000089e+00 2.683000000000000055e-03 7.709999999999999840e-03 9.999670000000000503e-01 2.990090000000000248e-01 9.542150000000000354e-01 -8.158999999999999586e-03 -9.542469999999999564e-01 2.990209999999999813e-01 2.550000000000000183e-04
2.000000000000000000e+00 3.000000000000000000e+00 2.500000000000000000e+01 0.000000000000000000e+00 1.600000000000000089e+00 2.390999999999999896e-03 6.041999999999999628e-03 9.999789999999999512e-01 -4.251300000000000218e-02 -9.990769999999999929e-01 6.138000000000000227e-03 9.990930000000000089e-01 -4.252700000000000230e-02 -2.132000000000000214e-03
8.000000000000000000e+00 4.600000000000000000e+01 2.700000000000000000e+01 0.000000000000000000e+00 1.600000000000000089e+00 -7.810000000000000102e-04 9.740000000000000394e-04 -9.999989999999999712e-01 6.665219999999999478e-01 7.454859999999999820e-01 2.049999999999999956e-04 7.454849999999999532e-01 -6.665210000000000301e-01 -1.231000000000000106e-03
2.200000000000000000e+01 4.600000000000000000e+01 2.700000000000000000e+01 0.000000000000000000e+00 1.600000000000000089e+00 2.079000000000000119e-03 -2.760999999999999999e-03 -9.999940000000000495e-01 6.730580000000000451e-01 7.395890000000000519e-01 -6.430000000000000169e-04 7.395869999999999944e-01 -6.730530000000000124e-01 3.396000000000000147e-03
1.100000000000000000e+01 4.600000000000000000e+01 3.000000000000000000e+01 0.000000000000000000e+00 1.600000000000000089e+00 4.299999999999999894e-04 2.199999999999999943e-05 -1.000000000000000000e+00 3.295870000000000188e-01 9.441249999999999920e-01 1.620000000000000075e-04 9.441249999999999920e-01 -3.295870000000000188e-01 3.989999999999999949e-04
3.000000000000000000e+01 4.600000000000000000e+01 3.000000000000000000e+01 0.000000000000000000e+00 1.600000000000000089e+00 9.607999999999999874e-02 8.969699999999999895e-02 -9.913239999999999830e-01 4.488070000000000115e-01 8.850430000000000241e-01 1.235789999999999944e-01 8.884480000000000155e-01 -4.567869999999999986e-01 4.477799999999999836e-02
2.800000000000000000e+01 4.700000000000000000e+01 3.100000000000000000e+01 0.000000000000000000e+00 1.600000000000000089e+00 -1.850749999999999895e-01 1.599170000000000036e-01 9.696259999999999879e-01 -3.767980000000000218e-01 8.997150000000000425e-01 -2.203070000000000028e-01 -9.076180000000000359e-01 -4.061259999999999870e-01 -1.062580000000000052e-01
2.000000000000000000e+00 5.800000000000000000e+01 3.100000000000000000e+01 0.000000000000000000e+00 1.600000000000000089e+00 5.257999999999999653e-03 9.643000000000000529e-03 9.999400000000000510e-01 -7.726579999999999560e-01 -6.347409999999999997e-01 1.018400000000000034e-02 6.348009999999999486e-01 -7.726650000000000462e-01 4.113000000000000336e-03
1.900000000000000000e+01 5.800000000000000000e+01 3.100000000000000000e+01 0.000000000000000000e+00 1.600000000000000089e+00 2.639599999999999932e-02 -8.891899999999999804e-02 9.956890000000000462e-01 -7.646990000000000176e-01 -6.433149999999999702e-01 -3.717800000000000271e-02 6.438469999999999471e-01 -7.604210000000000136e-01 -8.497699999999999698e-02
2.300000000000000000e+01 5.600000000000000000e+01 3.300000000000000000e+01 0.000000000000000000e+00 1.600000000000000089e+00 -2.586700000000000110e-01 -3.137329999999999841e-01 -9.135980000000000212e-01 4.600369999999999737e-01 -8.716530000000000111e-01 1.690770000000000051e-01 -8.493859999999999744e-01 -3.765539999999999998e-01 3.697989999999999888e-01
5.000000000000000000e+00 4.600000000000000000e+01 3.500000000000000000e+01 0.000000000000000000e+00 1.600000000000000089e+00 -4.139999999999999800e-04 1.819000000000000087e-03 -9.999980000000000535e-01 3.929719999999999880e-01 -9.195480000000000320e-01 -1.835000000000000043e-03 -9.195499999999999785e-01 -3.929719999999999880e-01 -3.339999999999999870e-04
8.000000000000000000e+00 4.600000000000000000e+01 3.500000000000000000e+01 0.000000000000000000e+00 1.600000000000000089e+00 -9.250000000000000409e-04 3.090999999999999998e-03 -9.999949999999999672e-01 3.925370000000000248e-01 -9.197309999999999652e-01 -3.206000000000000082e-03 -9.197359999999999980e-01 -3.925379999999999980e-01 -3.629999999999999872e-04
1.200000000000000000e+01 4.600000000000000000e+01 3.500000000000000000e+01 0.000000000000000000e+00 1.600000000000000089e+00 -8.679999999999999565e-04 3.756999999999999923e-03 -9.999930000000000208e-01 3.937019999999999964e-01 -9.192299999999999915e-01 -3.795000000000000196e-03 -9.192379999999999995e-01 -3.937030000000000252e-01 -6.819999999999999890e-04
1.500000000000000000e+01 4.600000000000000000e+01 3.500000000000000000e+01 0.000000000000000000e+00 1.600000000000000089e+00 2.900000000000000017e-04 -9.265999999999999931e-03 -9.999569999999999848e-01 3.956120000000000192e-01 -9.183769999999999989e-01 8.625000000000000722e-03 -9.184179999999999566e-01 -3.955969999999999764e-01 3.399999999999999811e-03
2.200000000000000000e+01 4.600000000000000000e+01 3.500000000000000000e+01 0.000000000000000000e+00 1.600000000000000089e+00 -3.088799999999999879e-02 -1.699960000000000082e-01 -9.849609999999999754e-01 3.606969999999999898e-01 -9.209249999999999936e-01 1.476329999999999865e-01 -9.321709999999999718e-01 -3.507120000000000237e-01 8.976199999999999457e-02
1.700000000000000000e+01 9.500000000000000000e+01 3.600000000000000000e+01 0.000000000000000000e+00 1.600000000000000089e+00 -2.449700000000000141e-02 5.475599999999999912e-02 9.981989999999999474e-01 9.957840000000000025e-01 8.963300000000000434e-02 1.952100000000000016e-02 -8.840299999999999547e-02 9.944690000000000474e-01 -5.672100000000000058e-02
2.200000000000000000e+01 9.500000000000000000e+01 3.600000000000000000e+01 0.000000000000000000e+00 1.600000000000000089e+00 -3.260000000000000094e-04 2.861199999999999855e-02 9.995910000000000073e-01 9.976030000000000175e-01 6.917900000000000438e-02 -1.655000000000000004e-03 -6.919799999999999562e-02 9.971940000000000248e-01 -2.856600000000000111e-02
2.800000000000000000e+01 9.500000000000000000e+01 3.600000000000000000e+01 0.000000000000000000e+00 1.600000000000000089e+00 1.136799999999999963e-02 1.437899999999999942e-02 9.998320000000000540e-01 9.970820000000000238e-01 7.532200000000000006e-02 -1.242000000000000048e-02 -7.548799999999999955e-02 9.970560000000000533e-01 -1.348000000000000066e-02
4.000000000000000000e+00 2.900000000000000000e+01 4.400000000000000000e+01 0.000000000000000000e+00 1.600000000000000089e+00 -2.467000000000000009e-03 -2.418000000000000010e-03 -9.999940000000000495e-01 6.618260000000000254e-01 7.496490000000000098e-01 -3.445000000000000145e-03 7.496530000000000138e-01 -6.618309999999999471e-01 -2.489999999999999809e-04
8.000000000000000000e+00 2.900000000000000000e+01 4.400000000000000000e+01 0.000000000000000000e+00 1.600000000000000089e+00 -3.320000000000000034e-03 -3.177999999999999835e-03 -9.999900000000000455e-01 6.695600000000000440e-01 7.427439999999999598e-01 -4.583000000000000268e-03 7.427500000000000213e-01 -6.695680000000000520e-01 -3.379999999999999758e-04
1.200000000000000000e+01 2.900000000000000000e+01 4.400000000000000000e+01 0.000000000000000000e+00 1.600000000000000089e+00 4.730000000000000046e-04 -5.860000000000000408e-04 -1.000000000000000000e+00 6.694679999999999520e-01 7.428409999999999735e-01 -1.179999999999999951e-04 7.428409999999999735e-01 -6.694679999999999520e-01 7.439999999999999782e-04
1.800000000000000000e+01 2.900000000000000000e+01 4.400000000000000000e+01 0.000000000000000000e+00 1.600000000000000089e+00 2.530000000000000239e-04 8.210000000000000067e-04 -1.000000000000000000e+00 6.622639999999999638e-01 7.492710000000000203e-01 7.820000000000000345e-04 7.492710000000000203e-01 -6.622639999999999638e-01 -3.539999999999999853e-04
2.400000000000000000e+01 2.900000000000000000e+01 4.400000000000000000e+01 0.000000000000000000e+00 1.600000000000000089e+00 -3.220999999999999905e-03 -2.030000000000000012e-04 -9.999949999999999672e-01 6.578289999999999971e-01 7.531639999999999446e-01 -2.272000000000000148e-03 7.531600000000000517e-01 -6.578330000000000011e-01 -2.292999999999999899e-03
3.000000000000000000e+01 2.900000000000000000e+01 4.400000000000000000e+01 0.000000000000000000e+00 1.600000000000000089e+00 -2.640000000000000202e-04 2.286999999999999970e-03 -9.999970000000000248e-01 6.597269999999999524e-01 7.515039999999999498e-01 1.544000000000000017e-03 7.515060000000000073e-01 -6.597239999999999771e-01 -1.706999999999999967e-03
9.000000000000000000e+00 5.000000000000000000e+01 4.500000000000000000e+01 0.000000000000000000e+00 1.600000000000000089e+00 -5.616349999999999953e-01 1.140560000000000046e-01 -8.194860000000000477e-01 -2.971690000000000165e-01 -9.521709999999999896e-01 7.114199999999999691e-02 -7.721759999999999735e-01 2.834820000000000118e-01 5.686670000000000336e-01
2.900000000000000000e+01 6.000000000000000000e+01 4.700000000000000000e+01 0.000000000000000000e+00 1.600000000000000089e+00 -3.041170000000000262e-01 -3.479720000000000035e-01 8.868080000000000407e-01 -5.857300000000000006e-02 9.359690000000000509e-01 3.471759999999999846e-01 -9.508320000000000105e-01 5.363899999999999918e-02 -3.050260000000000193e-01
8.000000000000000000e+00 7.000000000000000000e+01 4.700000000000000000e+01 0.000000000000000000e+00 1.600000000000000089e+00 -2.177199999999999969e-02 1.475100000000000022e-02 -9.996540000000000425e-01 -8.426409999999999734e-01 -5.383750000000000480e-01 1.040800000000000058e-02 -5.380350000000000410e-01 8.425759999999999916e-01 2.415099999999999886e-02
5.000000000000000000e+00 5.000000000000000000e+00 5.100000000000000000e+01 0.000000000000000000e+00 1.600000000000000089e+00 -1.585000000000000037e-03 -3.207000000000000215e-03 -9.999940000000000495e-01 4.901460000000000261e-01 -8.716380000000000239e-01 2.017999999999999829e-03 -8.716390000000000526e-01 -4.901400000000000201e-01 2.952999999999999896e-03
1.400000000000000000e+01 5.000000000000000000e+00 5.100000000000000000e+01 0.000000000000000000e+00 1.600000000000000089e+00 1.041000000000000042e-03 2.956999999999999993e-03 -9.999949999999999672e-01 4.898390000000000244e-01 -8.718099999999999739e-01 -2.067999999999999960e-03 -8.718120000000000314e-01 -4.898350000000000204e-01 -2.356000000000000021e-03
1.700000000000000000e+01 5.000000000000000000e+00 5.100000000000000000e+01 0.000000000000000000e+00 1.600000000000000089e+00 -1.620000000000000075e-04 6.740000000000000331e-03 -9.999770000000000048e-01 4.882790000000000186e-01 -8.726669999999999705e-01 -5.961000000000000153e-03 -8.726880000000000193e-01 -4.882690000000000086e-01 -3.148999999999999889e-03
2.200000000000000000e+01 5.000000000000000000e+00 5.100000000000000000e+01 0.000000000000000000e+00 1.600000000000000089e+00 -5.710000000000000015e-04 6.394999999999999643e-03 -9.999789999999999512e-01 4.829249999999999932e-01 -8.756420000000000314e-01 -5.876000000000000147e-03 -8.756610000000000227e-01 -4.829189999999999872e-01 -2.588000000000000023e-03
2.600000000000000000e+01 5.000000000000000000e+00 5.100000000000000000e+01 0.000000000000000000e+00 1.600000000000000089e+00 -2.308999999999999855e-03 -4.043999999999999852e-03 -9.999890000000000168e-01 4.844149999999999845e-01 -8.748350000000000293e-01 2.419000000000000143e-03 -8.748350000000000293e-01 -4.844040000000000012e-01 3.978999999999999898e-03
2.800000000000000000e+01 1.150000000000000000e+02 5.100000000000000000e+01 0.000000000000000000e+00 1.600000000000000089e+00 2.769999999999999893e-03 4.368000000000000355e-03 9.999869999999999592e-01 8.476749999999999563e-01 -5.305159999999999876e-01 -3.100000000000000135e-05 5.305090000000000083e-01 8.476639999999999731e-01 -5.172000000000000382e-03
8.000000000000000000e+00 7.000000000000000000e+00 5.200000000000000000e+01 0.000000000000000000e+00 1.600000000000000089e+00 -3.912999999999999812e-03 -7.960000000000000062e-03 -9.999609999999999888e-01 1.113750000000000018e-01 -9.937500000000000222e-01 7.474999999999999874e-03 -9.937709999999999599e-01 -1.113409999999999955e-01 4.774999999999999731e-03
2.800000000000000000e+01 7.000000000000000000e+00 5.200000000000000000e+01 0.000000000000000000e+00 1.600000000000000089e+00 -1.737000000000000046e-03 -5.152999999999999595e-03 -9.999850000000000128e-01 9.635000000000000508e-02 -9.953349999999999698e-01 4.961000000000000132e-03 -9.953459999999999530e-01 -9.633999999999999508e-02 2.224999999999999981e-03
5.000000000000000000e+00 6.300000000000000000e+01 5.400000000000000000e+01 0.000000000000000000e+00 1.600000000000000089e+00 -1.203500000000000056e-02 -8.586999999999999147e-03 9.998909999999999743e-01 -3.362379999999999813e-01 9.417680000000000495e-01 4.041000000000000321e-03 -9.416999999999999815e-01 -3.361529999999999796e-01 -1.422099999999999927e-02
1.300000000000000000e+01 6.300000000000000000e+01 5.400000000000000000e+01 0.000000000000000000e+00 1.600000000000000089e+00 -4.640000000000000027e-04 -3.814000000000000116e-03 9.999930000000000208e-01 -3.332849999999999979e-01 9.428199999999999914e-01 3.442000000000000181e-03 -9.428260000000000529e-01 -3.332809999999999939e-01 -1.708000000000000100e-03
2.000000000000000000e+00 2.500000000000000000e+01 5.500000000000000000e+01 0.000000000000000000e+00 1.600000000000000089e+00 7.990000000000000140e-04 -3.186000000000000030e-03 -9.999949999999999672e-01 -1.571799999999999933e-02 -9.998709999999999543e-01 3.173000000000000039e-03 -9.998759999999999870e-01 1.571600000000000080e-02 -8.490000000000000368e-04
1.100000000000000000e+01 2.500000000000000000e+01 5.500000000000000000e+01 0.000000000000000000e+00 1.600000000000000089e+00 1.379000000000000017e-03 5.088999999999999774e-03 -9.999860000000000415e-01 -1.251400000000000082e-02 -9.999090000000000478e-01 -5.106000000000000295e-03 -9.999209999999999487e-01 1.252099999999999914e-02 -1.314999999999999980e-03
1.700000000000000000e+01 5.200000000000000000e+01 5.700000000000000000e+01 0.000000000000000000e+00 1.600000000000000089e+00 8.931200000000000250e-02 4.685619999999999785e-01 8.789040000000000186e-01 3.190819999999999768e-01 -8.493829999999999991e-01 4.203999999999999959e-01 9.435090000000000421e-01 2.428960000000000008e-01 -2.253699999999999870e-01
2.700000000000000000e+01 6.800000000000000000e+01 5.700000000000000000e+01 0.000000000000000000e+00 1.600000000000000089e+00 -6.317999999999999831e-03 1.289500000000000021e-02 -9.998970000000000358e-01 -2.363750000000000018e-01 -9.715989999999999904e-01 -1.103600000000000067e-02 -9.716409999999999769e-01 2.362809999999999910e-01 9.187000000000000721e-03
4.000000000000000000e+00 2.100000000000000000e+01 6.000000000000000000e+01 0.000000000000000000e+00 1.600000000000000089e+00 7.630000000000000063e-04 1.452200000000000019e-02 9.998939999999999495e-01 -9.746900000000000008e-02 9.951349999999999918e-01 -1.437800000000000016e-02 -9.952379999999999560e-01 -9.744800000000000684e-02 2.174999999999999850e-03
8.000000000000000000e+00 2.100000000000000000e+01 6.000000000000000000e+01 0.000000000000000000e+00 1.600000000000000089e+00 -1.853999999999999962e-03 -2.716000000000000098e-03 9.999949999999999672e-01 -9.804699999999999527e-02 9.951790000000000358e-01 2.520999999999999804e-03 -9.951799999999999535e-01 -9.804200000000000415e-02 -2.111000000000000029e-03
1.700000000000000000e+01 2.100000000000000000e+01 6.000000000000000000e+01 0.000000000000000000e+00 1.600000000000000089e+00 4.119999999999999856e-04 -1.028100000000000021e-02 9.999470000000000303e-01 -9.643400000000000583e-02 9.952860000000000040e-01 1.027199999999999988e-02 -9.953389999999999738e-01 -9.643300000000000483e-02 -5.820000000000000520e-04
2.200000000000000000e+01 2.100000000000000000e+01 6.000000000000000000e+01 0.000000000000000000e+00 1.600000000000000089e+00 2.799999999999999958e-05 9.179999999999999792e-04 1.000000000000000000e+00 -9.734900000000000497e-02 9.952499999999999680e-01 -9.110000000000000259e-04 -9.952499999999999680e-01 -9.734900000000000497e-02 1.179999999999999951e-04
2.900000000000000000e+01 2.100000000000000000e+01 6.000000000000000000e+01 0.000000000000000000e+00 1.600000000000000089e+00 -1.814000000000000074e-03 6.211999999999999640e-03 9.999789999999999512e-01 -9.553899999999999892e-02 9.954049999999999843e-01 -6.356999999999999804e-03 -9.954239999999999755e-01 -9.554899999999999505e-02 -1.211999999999999970e-03
3.000000000000000000e+00 3.000000000000000000e+00 6.300000000000000000e+01 0.000000000000000000e+00 1.600000000000000089e+00 5.259999999999999919e-04 2.358999999999999986e-03 9.999970000000000248e-01 -6.165939999999999754e-01 7.872789999999999511e-01 -1.533000000000000074e-03 -7.872810000000000086e-01 -6.165920000000000289e-01 1.869000000000000002e-03
1.900000000000000000e+01 3.000000000000000000e+00 6.300000000000000000e+01 0.000000000000000000e+00 1.600000000000000089e+00 -7.089999999999999948e-04 7.029999999999999574e-04 9.999989999999999712e-01 -6.149149999999999894e-01 7.885929999999999884e-01 -9.899999999999999946e-04 -7.885929999999999884e-01 -6.149149999999999894e-01 -1.269999999999999970e-04
3.000000000000000000e+00 2.700000000000000000e+01 6.300000000000000000e+01 0.000000000000000000e+00 1.600000000000000089e+00 1.554999999999999959e-03 -3.605999999999999830e-03 9.999919999999999920e-01 -2.792120000000000157e-01 9.602209999999999912e-01 3.896999999999999856e-03 -9.602279999999999704e-01 -2.792160000000000197e-01 4.859999999999999954e-04
1.000000000000000000e+01 2.700000000000000000e+01 6.300000000000000000e+01 0.000000000000000000e+00 1.600000000000000089e+00 -5.490000000000000088e-04 6.269999999999999532e-04 1.000000000000000000e+00 -2.788499999999999868e-01 9.603340000000000209e-01 -7.550000000000000287e-04 -9.603350000000000497e-01 -2.788499999999999868e-01 -3.530000000000000152e-04
1.500000000000000000e+01 2.700000000000000000e+01 6.300000000000000000e+01 0.000000000000000000e+00 1.600000000000000089e+00 9.479999999999999495e-04 -1.214000000000000018e-03 9.999989999999999712e-01 -2.793590000000000240e-01 9.601859999999999840e-01 1.430999999999999980e-03 -9.601859999999999840e-01 -2.793599999999999972e-01 5.710000000000000015e-04
1.700000000000000000e+01 2.700000000000000000e+01 6.300000000000000000e+01 0.000000000000000000e+00 1.600000000000000089e+00 3.570000000000000040e-04 -2.027000000000000156e-03 9.999980000000000535e-01 -2.787399999999999878e-01 9.603639999999999954e-01 2.046000000000000076e-03 -9.603660000000000529e-01 -2.787410000000000165e-01 -2.220000000000000022e-04
2.100000000000000000e+01 2.700000000000000000e+01 6.300000000000000000e+01 0.000000000000000000e+00 1.600000000000000089e+00 6.319999999999999663e-04 -2.635000000000000189e-03 9.999959999999999960e-01 -2.781270000000000131e-01 9.605409999999999782e-01 2.707000000000000205e-03 -9.605439999999999534e-01 -2.781279999999999863e-01 -1.259999999999999998e-04
2.600000000000000000e+01 2.700000000000000000e+01 6.300000000000000000e+01 0.000000000000000000e+00 1.600000000000000089e+00 1.650999999999999907e-03 -4.245999999999999774e-03 9.999900000000000455e-01 -2.788640000000000008e-01 9.603199999999999514e-01 4.538000000000000367e-03 -9.603289999999999882e-01 -2.788680000000000048e-01 4.020000000000000136e-04
3.000000000000000000e+00 2.600000000000000000e+01 6.400000000000000000e+01 0.000000000000000000e+00 1.600000000000000089e+00 1.526000000000000013e-03 -3.847000000000000159e-03 9.999909999999999632e-01 -3.641920000000000157e-01 9.313150000000000039e-01 4.138000000000000185e-03 -9.313230000000000119e-01 -3.641949999999999910e-01 2.000000000000000164e-05
9.000000000000000000e+00 2.600000000000000000e+01 6.400000000000000000e+01 0.000000000000000000e+00 1.600000000000000089e+00 -8.760000000000000425e-04 -1.196000000000000014e-03 9.999989999999999712e-01 -3.639580000000000037e-01 9.314149999999999929e-01 7.960000000000000495e-04 -9.314149999999999929e-01 -3.639569999999999750e-01 -1.250999999999999942e-03
1.600000000000000000e+01 2.600000000000000000e+01 6.400000000000000000e+01 0.000000000000000000e+00 1.600000000000000089e+00 9.409999999999999962e-04 -1.958000000000000105e-03 9.999980000000000535e-01 -3.627799999999999914e-01 9.318720000000000336e-01 2.165999999999999957e-03 -9.318739999999999801e-01 -3.627819999999999934e-01 1.659999999999999963e-04
2.200000000000000000e+01 2.600000000000000000e+01 6.400000000000000000e+01 0.000000000000000000e+00 1.600000000000000089e+00 1.505000000000000044e-03 -2.661999999999999870e-03 9.999949999999999672e-01 -3.642360000000000042e-01 9.313019999999999632e-01 3.027000000000000177e-03 -9.313050000000000495e-01 -3.642389999999999795e-01 4.319999999999999838e-04
2.600000000000000000e+01 2.600000000000000000e+01 6.400000000000000000e+01 0.000000000000000000e+00 1.600000000000000089e+00 2.138999999999999842e-03 -4.553999999999999888e-03 9.999869999999999592e-01 -3.642679999999999807e-01 9.312810000000000255e-01 5.020000000000000157e-03 -9.312920000000000087e-01 -3.642739999999999867e-01 3.330000000000000169e-04
3.000000000000000000e+01 5.300000000000000000e+01 6.500000000000000000e+01 0.000000000000000000e+00 1.600000000000000089e+00 -2.354380000000000084e-01 3.351850000000000107e-01 9.122609999999999886e-01 9.187170000000000059e-01 -2.294619999999999993e-01 3.214139999999999775e-01 3.170620000000000105e-01 9.137819999999999832e-01 -2.539159999999999751e-01
1.100000000000000000e+01 6.900000000000000000e+01 6.600000000000000000e+01 0.000000000000000000e+00 1.600000000000000089e+00 -2.750999999999999973e-03 9.804999999999999480e-03 9.999479999999999480e-01 -9.565730000000000066e-01 2.914419999999999789e-01 -5.490000000000000088e-03 -2.914809999999999901e-01 -9.565379999999999994e-01 8.576999999999999555e-03
2.900000000000000000e+01 4.800000000000000000e+01 6.700000000000000000e+01 0.000000000000000000e+00 1.600000000000000089e+00 6.957999999999999775e-03 4.540489999999999804e-01 8.909500000000000197e-01 -1.100939999999999974e-01 -8.852069999999999661e-01 4.519819999999999949e-01 9.938970000000000304e-01 -1.012330000000000035e-01 4.382899999999999990e-02
7.000000000000000000e+00 2.500000000000000000e+01 7.300000000000000000e+01 0.000000000000000000e+00 1.600000000000000089e+00 -2.690999999999999816e-03 1.214999999999999934e-03 9.999959999999999960e-01 7.516950000000000021e-01 -6.595050000000000079e-01 2.824999999999999820e-03 6.595060000000000366e-01 7.516990000000000061e-01 8.610000000000000032e-04
1.400000000000000000e+01 2.500000000000000000e+01 7.300000000000000000e+01 0.000000000000000000e+00 1.600000000000000089e+00 -6.149999999999999868e-04 4.104000000000000009e-03 9.999909999999999632e-01 7.457789999999999697e-01 -6.661859999999999449e-01 3.193000000000000092e-03 6.661930000000000351e-01 7.457740000000000480e-01 -2.650000000000000012e-03
2.200000000000000000e+01 2.500000000000000000e+01 7.300000000000000000e+01 0.000000000000000000e+00 1.600000000000000089e+00 -6.729999999999999871e-04 -4.666000000000000009e-03 9.999890000000000168e-01 7.457489999999999952e-01 -6.662219999999999809e-01 -2.605999999999999810e-03 6.662270000000000136e-01 7.457390000000000407e-01 3.928000000000000068e-03
2.600000000000000000e+01 4.400000000000000000e+01 7.300000000000000000e+01 0.000000000000000000e+00 1.600000000000000089e+00 2.211300000000000071e-02 1.427670000000000050e-01 9.895089999999999719e-01 3.182499999999999912e-02 -9.893499999999999517e-01 1.420329999999999926e-01 9.992490000000000538e-01 2.835000000000000020e-02 -2.642100000000000004e-02
9.000000000000000000e+00 2.500000000000000000e+01 7.400000000000000000e+01 0.000000000000000000e+00 1.600000000000000089e+00 -2.723000000000000160e-03 -4.859999999999999954e-04 9.999959999999999960e-01 8.263279999999999514e-01 -5.631850000000000467e-01 1.975999999999999892e-03 5.631819999999999604e-01 8.263300000000000090e-01 1.935000000000000088e-03
1.500000000000000000e+01 2.500000000000000000e+01 7.400000000000000000e+01 0.000000000000000000e+00 1.600000000000000089e+00 -6.729999999999999871e-04 1.533999999999999990e-03 9.999989999999999712e-01 8.221249999999999947e-01 -5.693049999999999500e-01 1.425999999999999967e-03 5.693059999999999787e-01 8.221249999999999947e-01 -8.779999999999999827e-04
1.900000000000000000e+01 2.500000000000000000e+01 7.400000000000000000e+01 0.000000000000000000e+00 1.600000000000000089e+00 1.720000000000000066e-04 -6.002000000000000390e-03 9.999820000000000375e-01 8.222190000000000332e-01 -5.691610000000000280e-01 -3.556999999999999832e-03 5.691720000000000113e-01 8.222049999999999637e-01 4.837000000000000154e-03
2.100000000000000000e+01 2.500000000000000000e+01 7.400000000000000000e+01 0.000000000000000000e+00 1.600000000000000089e+00 -6.499999999999999431e-05 -4.774999999999999731e-03 9.999890000000000168e-01 8.228220000000000534e-01 -5.682930000000000481e-01 -2.660000000000000038e-03 5.682989999999999986e-01 8.228119999999999878e-01 3.965999999999999907e-03
