3.000000000000000000e+01 2.400000000000000000e+01 2.000000000000000000e+00 0.000000000000000000e+00 1.600000000000000089e+00 1.430000000000000064e-04 7.839999999999999747e-04 -1.000000000000000000e+00 -5.534280000000000310e-01 -8.328969999999999985e-01 -7.320000000000000118e-04 -8.328969999999999985e-01 5.534280000000000310e-01 3.139999999999999888e-04
6.000000000000000000e+00 1.500000000000000000e+01 4.000000000000000000e+00 0.000000000000000000e+00 1.600000000000000089e+00 -1.819000000000000087e-03 -1.498500000000000006e-02 9.998860000000000525e-01 2.877469999999999750e-01 -9.576069999999999860e-01 -1.382800000000000001e-02 9.577050000000000285e-01 2.876889999999999725e-01 6.054000000000000353e-03
1.500000000000000000e+01 1.500000000000000000e+01 4.000000000000000000e+00 0.000000000000000000e+00 1.600000000000000089e+00 -2.243000000000000202e-03 -3.451000000000000074e-03 9.999919999999999920e-01 2.862100000000000199e-01 -9.581629999999999869e-01 -2.664999999999999834e-03 9.581640000000000157e-01 2.862020000000000119e-01 3.137000000000000031e-03
1.800000000000000000e+01 1.500000000000000000e+01 4.000000000000000000e+00 0.000000000000000000e+00 1.600000000000000089e+00 6.120000000000000223e-04 1.005000000000000034e-03 9.999989999999999712e-01 2.891489999999999894e-01 -9.572840000000000238e-01 7.849999999999999990e-04 9.572840000000000238e-01 2.891480000000000161e-01 -8.769999999999999584e-04
2.700000000000000000e+01 1.500000000000000000e+01 4.000000000000000000e+00 0.000000000000000000e+00 1.600000000000000089e+00 1.758000000000000014e-03 -8.543999999999999512e-03 9.999620000000000175e-01 3.024580000000000046e-01 -9.531230000000000535e-01 -8.675000000000000419e-03 9.531610000000000360e-01 3.024609999999999799e-01 9.089999999999999773e-04
1.900000000000000000e+01 1.600000000000000000e+01 4.000000000000000000e+00 0.000000000000000000e+00 1.600000000000000089e+00 2.733000000000000186e-03 4.956999999999999601e-03 9.999839999999999840e-01 3.555119999999999947e-01 -9.346640000000000503e-01 3.661999999999999891e-03 9.346680000000000543e-01 3.554959999999999787e-01 -4.316000000000000392e-03
4.000000000000000000e+00 1.010000000000000000e+02 7.000000000000000000e+00 0.000000000000000000e+00 1.600000000000000089e+00 -5.609999999999999752e-04 -2.045200000000000143e-02 9.997909999999999853e-01 8.839019999999999655e-01 4.675630000000000064e-01 1.005999999999999950e-02 -4.676710000000000034e-01 8.837230000000000363e-01 1.781500000000000097e-02
2.300000000000000000e+01 1.010000000000000000e+02 7.000000000000000000e+00 0.000000000000000000e+00 1.600000000000000089e+00 -4.385000000000000009e-03 -1.915700000000000042e-02 9.998070000000000013e-01 8.858599999999999808e-01 4.637769999999999948e-01 1.277200000000000037e-02 -4.639320000000000110e-01 8.857450000000000045e-01 1.493700000000000062e-02
8.000000000000000000e+00 1.500000000000000000e+01 8.000000000000000000e+00 0.000000000000000000e+00 1.600000000000000089e+00 -9.290000000000000297e-04 -1.333400000000000037e-02 -9.999109999999999943e-01 -5.816510000000000291e-01 -8.133590000000000542e-01 1.138699999999999955e-02 -8.134379999999999944e-01 5.816090000000000426e-01 -7.000000000000000146e-03
1.300000000000000000e+01 1.500000000000000000e+01 8.000000000000000000e+00 0.000000000000000000e+00 1.600000000000000089e+00 -5.829999999999999679e-04 -7.452000000000000290e-03 -9.999719999999999720e-01 -5.829640000000000377e-01 -8.124719999999999720e-01 6.394999999999999643e-03 -8.124970000000000248e-01 5.829520000000000257e-01 -3.870000000000000176e-03
1.600000000000000000e+01 1.500000000000000000e+01 8.000000000000000000e+00 0.000000000000000000e+00 1.600000000000000089e+00 -1.500000000000000031e-03 -5.411000000000000011e-03 -9.999839999999999840e-01 -5.829250000000000265e-01 -8.125090000000000368e-01 5.270999999999999644e-03 -8.125250000000000528e-01 5.829229999999999690e-01 -1.935000000000000088e-03
1.900000000000000000e+01 1.500000000000000000e+01 8.000000000000000000e+00 0.000000000000000000e+00 1.600000000000000089e+00 -3.193999999999999791e-03 -2.083999999999999915e-03 -9.999930000000000208e-01 -5.831899999999999862e-01 -8.123280000000000500e-01 3.556000000000000133e-03 -8.123289999999999678e-01 5.831969999999999654e-01 1.379000000000000017e-03
2.300000000000000000e+01 1.500000000000000000e+01 8.000000000000000000e+00 0.000000000000000000e+00 1.600000000000000089e+00 -3.635999999999999909e-03 1.995999999999999944e-03 -9.999909999999999632e-01 -5.839710000000000178e-01 -8.117750000000000243e-01 5.029999999999999749e-04 -8.117670000000000163e-01 5.839670000000000138e-01 4.117000000000000000e-03
5.000000000000000000e+00 2.600000000000000000e+01 8.000000000000000000e+00 0.000000000000000000e+00 1.600000000000000089e+00 -5.619999999999999996e-04 -4.492999999999999598e-03 -9.999900000000000455e-01 4.080039999999999778e-01 9.129699999999999482e-01 -4.330999999999999781e-03 9.129800000000000137e-01 -4.080019999999999758e-01 1.319999999999999993e-03
9.000000000000000000e+00 2.600000000000000000e+01 8.000000000000000000e+00 0.000000000000000000e+00 1.600000000000000089e+00 2.815999999999999927e-03 4.054999999999999577e-03 -9.999879999999999880e-01 4.086949999999999750e-01 9.126579999999999693e-01 4.852000000000000410e-03 9.126670000000000060e-01 -4.087029999999999830e-01 9.129999999999999661e-04
1.400000000000000000e+01 2.600000000000000000e+01 8.000000000000000000e+00 0.000000000000000000e+00 1.600000000000000089e+00 1.946999999999999946e-03 3.291000000000000088e-03 -9.999930000000000208e-01 4.083789999999999920e-01 9.128049999999999775e-01 3.798999999999999860e-03 9.128100000000000103e-01 -4.083829999999999960e-01 4.330000000000000081e-04
1.900000000000000000e+01 2.600000000000000000e+01 8.000000000000000000e+00 0.000000000000000000e+00 1.600000000000000089e+00 1.897000000000000032e-03 6.486999999999999711e-03 -9.999770000000000048e-01 4.071139999999999759e-01 9.133529999999999704e-01 6.697999999999999961e-03 9.133750000000000480e-01 -4.071179999999999799e-01 -9.079999999999999530e-04
2.600000000000000000e+01 2.600000000000000000e+01 8.000000000000000000e+00 0.000000000000000000e+00 1.600000000000000089e+00 1.673999999999999924e-03 5.690999999999999878e-03 -9.999820000000000375e-01 4.058289999999999953e-01 9.139300000000000201e-01 5.880999999999999943e-03 9.139479999999999826e-01 -4.058320000000000261e-01 -7.799999999999999859e-04
8.000000000000000000e+00 2.400000000000000000e+01 9.000000000000000000e+00 0.000000000000000000e+00 1.600000000000000089e+00 1.923999999999999929e-03 2.000000000000000164e-05 -9.999980000000000535e-01 4.638599999999999945e-01 8.859080000000000288e-01 9.100000000000000016e-04 8.859059999999999713e-01 -4.638610000000000233e-01 1.694999999999999892e-03
1.300000000000000000e+01 2.400000000000000000e+01 9.000000000000000000e+00 0.000000000000000000e+00 1.600000000000000089e+00 2.080999999999999951e-03 4.634000000000000098e-03 -9.999869999999999592e-01 4.633399999999999741e-01 8.861660000000000093e-01 5.070999999999999987e-03 8.861780000000000213e-01 -4.633439999999999781e-01 -3.029999999999999924e-04
1.800000000000000000e+01 2.400000000000000000e+01 9.000000000000000000e+00 0.000000000000000000e+00 1.600000000000000089e+00 1.820999999999999919e-03 9.924000000000000529e-03 -9.999489999999999768e-01 4.624329999999999830e-01 8.866020000000000012e-01 9.641000000000000264e-03 8.866519999999999957e-01 -4.624269999999999770e-01 -2.975000000000000214e-03
2.100000000000000000e+01 2.400000000000000000e+01 9.000000000000000000e+00 0.000000000000000000e+00 1.600000000000000089e+00 2.152999999999999966e-03 8.269000000000000308e-03 -9.999639999999999640e-01 4.626160000000000272e-01 8.865199999999999747e-01 8.326999999999999333e-03 8.865560000000000107e-01 -4.626170000000000004e-01 -1.915999999999999951e-03
2.700000000000000000e+01 2.400000000000000000e+01 9.000000000000000000e+00 0.000000000000000000e+00 1.600000000000000089e+00 1.874999999999999931e-03 4.997999999999999839e-03 -9.999860000000000415e-01 4.618280000000000163e-01 8.869540000000000202e-01 5.298999999999999891e-03 8.869679999999999787e-01 -4.618309999999999915e-01 -6.449999999999999570e-04
2.400000000000000000e+01 4.000000000000000000e+00 1.100000000000000000e+01 0.000000000000000000e+00 1.600000000000000089e+00 1.185000000000000072e-03 2.113500000000000101e-02 -9.997759999999999980e-01 2.245409999999999906e-01 9.742410000000000236e-01 2.086100000000000107e-02 9.744639999999999969e-01 -2.245149999999999924e-01 -3.591000000000000008e-03
2.800000000000000000e+01 4.000000000000000000e+00 1.100000000000000000e+01 0.000000000000000000e+00 1.600000000000000089e+00 1.779999999999999898e-03 8.899000000000000660e-03 -9.999590000000000423e-01 2.217099999999999904e-01 9.750710000000000210e-01 9.072000000000000203e-03 9.751109999999999500e-01 -2.217169999999999974e-01 -2.369999999999999874e-04
3.000000000000000000e+01 1.040000000000000000e+02 1.100000000000000000e+01 0.000000000000000000e+00 1.600000000000000089e+00 4.782999999999999925e-03 7.270000000000000420e-03 9.999620000000000175e-01 -9.744739999999999513e-01 -2.244140000000000024e-01 6.292999999999999983e-03 2.244510000000000116e-01 -9.744669999999999721e-01 6.010999999999999850e-03
3.000000000000000000e+00 3.500000000000000000e+01 1.200000000000000000e+01 0.000000000000000000e+00 1.600000000000000089e+00 1.033000000000000064e-03 -2.425000000000000072e-03 -9.999970000000000248e-01 4.495370000000000199e-01 -8.932579999999999965e-01 2.631000000000000092e-03 -8.932609999999999717e-01 -4.495390000000000219e-01 1.669999999999999935e-04
7.000000000000000000e+00 3.500000000000000000e+01 1.200000000000000000e+01 0.000000000000000000e+00 1.600000000000000089e+00 -3.001999999999999894e-03 -3.645999999999999935e-03 -9.999890000000000168e-01 4.605110000000000037e-01 -8.876519999999999966e-01 1.853999999999999962e-03 -8.876490000000000213e-01 -4.605000000000000204e-01 4.342999999999999639e-03
1.000000000000000000e+01 3.500000000000000000e+01 1.200000000000000000e+01 0.000000000000000000e+00 1.600000000000000089e+00 -1.296000000000000060e-03 2.802999999999999936e-03 -9.999949999999999672e-01 4.706350000000000255e-01 -8.823229999999999684e-01 -3.082999999999999803e-03 -8.823269999999999724e-01 -4.706370000000000275e-01 -1.759999999999999954e-04
2.600000000000000000e+01 3.200000000000000000e+01 1.400000000000000000e+01 0.000000000000000000e+00 1.600000000000000089e+00 -1.320999999999999909e-03 4.420000000000000101e-04 -9.999989999999999712e-01 1.102309999999999957e-01 9.939059999999999562e-01 2.939999999999999905e-04 9.939050000000000384e-01 -1.102299999999999947e-01 -1.361999999999999929e-03
5.000000000000000000e+00 1.200000000000000000e+01 1.500000000000000000e+01 0.000000000000000000e+00 1.600000000000000089e+00 -3.950000000000000061e-04 4.040000000000000188e-03 -9.999919999999999920e-01 -4.707509999999999750e-01 -8.822600000000000442e-01 -3.377999999999999926e-03 -8.822659999999999947e-01 4.707450000000000245e-01 2.250999999999999963e-03
1.100000000000000000e+01 1.200000000000000000e+01 1.500000000000000000e+01 0.000000000000000000e+00 1.600000000000000089e+00 -1.173999999999999913e-03 -2.027999999999999855e-03 -9.999970000000000248e-01 -4.704760000000000053e-01 -8.824100000000000277e-01 2.341999999999999898e-03 -8.824119999999999742e-01 4.704769999999999786e-01 8.200000000000000095e-05
1.600000000000000000e+01 1.200000000000000000e+01 1.500000000000000000e+01 0.000000000000000000e+00 1.600000000000000089e+00 -1.299999999999999886e-04 -1.240000000000000054e-04 -1.000000000000000000e+00 -4.710050000000000070e-01 -8.821299999999999697e-01 1.700000000000000122e-04 -8.821299999999999697e-01 4.710050000000000070e-01 5.599999999999999916e-05
2.000000000000000000e+01 1.200000000000000000e+01 1.500000000000000000e+01 0.000000000000000000e+00 1.600000000000000089e+00 -1.108999999999999960e-03 -3.654999999999999829e-03 -9.999930000000000208e-01 -4.724920000000000231e-01 -8.813269999999999715e-01 3.745000000000000065e-03 -8.813339999999999508e-01 4.724929999999999963e-01 -7.489999999999999913e-04
2.800000000000000000e+01 1.200000000000000000e+01 1.500000000000000000e+01 0.000000000000000000e+00 1.600000000000000089e+00 -1.931999999999999907e-03 -3.658999999999999926e-03 -9.999909999999999632e-01 -4.702339999999999853e-01 -8.825319999999999832e-01 4.138000000000000185e-03 -8.825399999999999912e-01 4.702379999999999893e-01 -1.599999999999999928e-05
4.000000000000000000e+00 1.160000000000000000e+02 1.600000000000000000e+01 0.000000000000000000e+00 1.600000000000000089e+00 -4.300000000000000165e-05 1.981999999999999821e-03 9.999980000000000535e-01 6.616149999999999531e-01 7.498430000000000373e-01 -1.458000000000000095e-03 -7.498439999999999550e-01 6.616130000000000067e-01 -1.343000000000000010e-03
1.000000000000000000e+01 1.160000000000000000e+02 1.600000000000000000e+01 0.000000000000000000e+00 1.600000000000000089e+00 -6.430000000000000169e-04 -2.455999999999999850e-03 9.999970000000000248e-01 6.610690000000000177e-01 7.503220000000000445e-01 2.268000000000000051e-03 -7.503250000000000197e-01 6.610679999999999890e-01 1.141000000000000087e-03
2.200000000000000000e+01 1.160000000000000000e+02 1.600000000000000000e+01 0.000000000000000000e+00 1.600000000000000089e+00 -1.353000000000000036e-03 -1.175999999999999962e-03 9.999980000000000535e-01 6.491010000000000391e-01 7.607000000000000428e-01 1.773000000000000053e-03 -7.607009999999999605e-01 6.491019999999999568e-01 -2.660000000000000146e-04
2.000000000000000000e+00 2.000000000000000000e+00 1.900000000000000000e+01 0.000000000000000000e+00 1.600000000000000089e+00 1.975000000000000193e-03 -2.390999999999999896e-03 -9.999949999999999672e-01 1.949110000000000009e-01 -9.808170000000000499e-01 2.729999999999999788e-03 -9.808189999999999964e-01 -1.949150000000000049e-01 -1.471000000000000085e-03
5.000000000000000000e+00 2.000000000000000000e+00 1.900000000000000000e+01 0.000000000000000000e+00 1.600000000000000089e+00 4.488999999999999935e-03 -6.008999999999999585e-03 -9.999719999999999720e-01 1.973709999999999909e-01 -9.803049999999999820e-01 6.777000000000000038e-03 -9.803190000000000515e-01 -1.973959999999999881e-01 -3.213999999999999843e-03
1.000000000000000000e+01 2.000000000000000000e+00 1.900000000000000000e+01 0.000000000000000000e+00 1.600000000000000089e+00 4.099000000000000213e-03 -1.541999999999999968e-02 -9.998730000000000118e-01 2.034620000000000040e-01 -9.789529999999999621e-01 1.593200000000000172e-02 -9.790739999999999998e-01 -2.035019999999999885e-01 -8.750000000000000182e-04
1.800000000000000000e+01 2.000000000000000000e+00 1.900000000000000000e+01 0.000000000000000000e+00 1.600000000000000089e+00 3.671999999999999917e-03 -7.085000000000000152e-03 -9.999679999999999680e-01 2.097729999999999873e-01 -9.777200000000000335e-01 7.697999999999999982e-03 -9.777430000000000287e-01 -2.097940000000000083e-01 -2.103999999999999967e-03
2.400000000000000000e+01 2.000000000000000000e+00 1.900000000000000000e+01 0.000000000000000000e+00 1.600000000000000089e+00 4.917999999999999629e-03 -6.261000000000000072e-03 -9.999679999999999680e-01 2.083820000000000117e-01 -9.780210000000000292e-01 7.147999999999999840e-03 -9.780349999999999877e-01 -2.084110000000000129e-01 -3.504999999999999869e-03
2.700000000000000000e+01 2.000000000000000000e+00 1.900000000000000000e+01 0.000000000000000000e+00 1.600000000000000089e+00 9.560000000000000355e-04 -6.003999999999999788e-03 -9.999820000000000375e-01 2.086079999999999879e-01 -9.779799999999999605e-01 6.071000000000000008e-03 -9.779989999999999517e-01 -2.086099999999999899e-01 3.179999999999999776e-04
1.700000000000000000e+01 4.000000000000000000e+00 2.000000000000000000e+01 0.000000000000000000e+00 1.600000000000000089e+00 8.999999999999999754e-04 -1.582999999999999989e-03 -9.999980000000000535e-01 2.921059999999999768e-01 -9.563840000000000119e-01 1.776999999999999934e-03 -9.563850000000000406e-01 -2.921070000000000055e-01 -3.980000000000000248e-04
7.000000000000000000e+00 1.300000000000000000e+01 2.000000000000000000e+01 0.000000000000000000e+00 1.600000000000000089e+00 1.099999999999999971e-05 -6.200000000000000270e-05 1.000000000000000000e+00 2.558010000000000006e-01 9.667289999999999495e-01 5.700000000000000314e-05 -9.667289999999999495e-01 2.558010000000000006e-01 2.699999999999999899e-05
1.300000000000000000e+01 1.300000000000000000e+01 2.000000000000000000e+01 0.000000000000000000e+00 1.600000000000000089e+00 -1.082999999999999978e-03 -2.487000000000000061e-03 9.999959999999999960e-01 2.568869999999999765e-01 9.664380000000000193e-01 2.681999999999999922e-03 -9.664409999999999945e-01 2.568889999999999785e-01 -4.070000000000000267e-04
1.800000000000000000e+01 1.300000000000000000e+01 2.000000000000000000e+01 0.000000000000000000e+00 1.600000000000000089e+00 3.399999999999999973e-05 3.240000000000000150e-04 1.000000000000000000e+00 2.573329999999999784e-01 9.663230000000000430e-01 -3.209999999999999963e-04 -9.663230000000000430e-01 2.573329999999999784e-01 -5.000000000000000240e-05
2.600000000000000000e+01 1.300000000000000000e+01 2.000000000000000000e+01 0.000000000000000000e+00 1.600000000000000089e+00 7.780000000000000457e-04 5.280000000000000405e-04 1.000000000000000000e+00 2.559679999999999733e-01 9.666850000000000165e-01 -7.100000000000000191e-04 -9.666850000000000165e-01 2.559690000000000021e-01 6.170000000000000354e-04
4.000000000000000000e+00 1.600000000000000000e+01 2.100000000000000000e+01 0.000000000000000000e+00 1.600000000000000089e+00 1.175000000000000046e-03 8.802000000000000796e-03 9.999609999999999888e-01 3.007670000000000066e-01 9.536580000000000057e-01 -8.748000000000000567e-03 -9.536970000000000169e-01 3.007650000000000046e-01 -1.526000000000000013e-03
2.900000000000000000e+01 1.600000000000000000e+01 2.100000000000000000e+01 0.000000000000000000e+00 1.600000000000000089e+00 2.860000000000000129e-04 -1.082000000000000062e-03 9.999989999999999712e-01 2.999689999999999857e-01 9.539480000000000182e-01 9.460000000000000093e-04 -9.539490000000000469e-01 2.999689999999999857e-01 5.969999999999999829e-04
3.000000000000000000e+00 4.600000000000000000e+01 2.700000000000000000e+01 0.000000000000000000e+00 1.600000000000000089e+00 8.200000000000000095e-05 1.477000000000000014e-03 -9.999989999999999712e-01 6.556830000000000158e-01 7.550350000000000117e-01 1.168999999999999900e-03 7.550360000000000404e-01 -6.556830000000000158e-01 -9.060000000000000128e-04
1.600000000000000000e+01 4.600000000000000000e+01 2.700000000000000000e+01 0.000000000000000000e+00 1.600000000000000089e+00 2.138000000000000143e-03 4.600000000000000004e-05 -9.999980000000000535e-01 6.598209999999999908e-01 7.514210000000000056e-01 1.446000000000000020e-03 7.514199999999999768e-01 -6.598230000000000484e-01 1.575999999999999927e-03
7.000000000000000000e+00 4.600000000000000000e+01 3.000000000000000000e+01 0.000000000000000000e+00 1.600000000000000089e+00 5.300000000000000078e-05 -1.840000000000000001e-04 -1.000000000000000000e+00 3.296080000000000121e-01 9.441180000000000128e-01 -1.569999999999999944e-04 9.441180000000000128e-01 -3.296080000000000121e-01 1.110000000000000011e-04
3.000000000000000000e+00 5.800000000000000000e+01 3.100000000000000000e+01 0.000000000000000000e+00 1.600000000000000089e+00 2.112999999999999861e-03 -4.294000000000000074e-03 9.999890000000000168e-01 -7.640740000000000309e-01 -6.451280000000000348e-01 -1.155999999999999910e-03 6.451249999999999485e-01 -7.640630000000000477e-01 -4.643999999999999691e-03
1.100000000000000000e+01 5.800000000000000000e+01 3.100000000000000000e+01 0.000000000000000000e+00 1.600000000000000089e+00 -2.196000000000000035e-03 -5.309000000000000351e-03 9.999829999999999552e-01 -7.678719999999999990e-01 -6.405830000000000135e-01 -5.087000000000000376e-03 6.405990000000000295e-01 -7.678709999999999702e-01 -2.670000000000000064e-03
1.800000000000000000e+01 5.800000000000000000e+01 3.100000000000000000e+01 0.000000000000000000e+00 1.600000000000000089e+00 -1.515000000000000071e-03 2.951000000000000064e-03 9.999949999999999672e-01 -7.732339999999999769e-01 -6.341200000000000170e-01 6.999999999999999929e-04 6.341189999999999882e-01 -7.732290000000000552e-01 3.242999999999999789e-03
2.200000000000000000e+01 5.800000000000000000e+01 3.100000000000000000e+01 0.000000000000000000e+00 1.600000000000000089e+00 6.272999999999999930e-03 6.732000000000000137e-03 9.999580000000000135e-01 -7.749840000000000062e-01 -6.319150000000000045e-01 9.114999999999999838e-03 6.319489999999999830e-01 -7.750089999999999479e-01 1.252999999999999991e-03
2.400000000000000000e+01 5.800000000000000000e+01 3.100000000000000000e+01 0.000000000000000000e+00 1.600000000000000089e+00 7.104000000000000072e-03 8.606000000000000802e-03 9.999379999999999935e-01 -7.745349999999999735e-01 -6.324359999999999982e-01 1.094599999999999913e-02 6.324910000000000254e-01 -7.745649999999999480e-01 2.171999999999999886e-03
4.000000000000000000e+00 4.600000000000000000e+01 3.500000000000000000e+01 0.000000000000000000e+00 1.600000000000000089e+00 3.789999999999999966e-04 -1.397000000000000021e-03 -9.999989999999999712e-01 3.851789999999999936e-01 -9.228410000000000224e-01 1.435999999999999993e-03 -9.228420000000000512e-01 -3.851789999999999936e-01 1.879999999999999890e-04
1.000000000000000000e+01 4.600000000000000000e+01 3.500000000000000000e+01 0.000000000000000000e+00 1.600000000000000089e+00 -2.680000000000000090e-04 4.699999999999999859e-04 -1.000000000000000000e+00 3.855859999999999843e-01 -9.226720000000000477e-01 -5.370000000000000424e-04 -9.226720000000000477e-01 -3.855859999999999843e-01 6.499999999999999431e-05
1.500000000000000000e+01 4.600000000000000000e+01 3.500000000000000000e+01 0.000000000000000000e+00 1.600000000000000089e+00 -5.090000000000000123e-04 -2.141999999999999807e-03 -9.999980000000000535e-01 3.857400000000000273e-01 -9.226060000000000372e-01 1.779999999999999898e-03 -9.226069999999999549e-01 -3.857380000000000253e-01 1.296000000000000060e-03
2.100000000000000000e+01 4.600000000000000000e+01 3.500000000000000000e+01 0.000000000000000000e+00 1.600000000000000089e+00 -5.270000000000000162e-04 1.453999999999999997e-03 -9.999989999999999712e-01 3.854330000000000256e-01 -9.227340000000000542e-01 -1.544999999999999932e-03 -9.227360000000000007e-01 -3.854330000000000256e-01 -7.399999999999999623e-05
2.800000000000000000e+01 4.600000000000000000e+01 3.500000000000000000e+01 0.000000000000000000e+00 1.600000000000000089e+00 6.719999999999999628e-04 -2.333000000000000004e-03 -9.999970000000000248e-01 3.847090000000000232e-01 -9.230350000000000499e-01 2.412000000000000081e-03 -9.230380000000000251e-01 -3.847090000000000232e-01 2.770000000000000110e-04
4.000000000000000000e+00 9.500000000000000000e+01 3.600000000000000000e+01 0.000000000000000000e+00 1.600000000000000089e+00 4.616999999999999577e-03 7.518000000000000377e-03 9.999609999999999888e-01 9.973450000000000371e-01 7.264500000000000124e-02 -5.152000000000000329e-03 -7.268099999999999561e-02 9.973290000000000211e-01 -7.163000000000000096e-03
1.800000000000000000e+01 9.500000000000000000e+01 3.600000000000000000e+01 0.000000000000000000e+00 1.600000000000000089e+00 -4.299999999999999894e-04 -1.312699999999999978e-02 9.999139999999999695e-01 9.974830000000000085e-01 7.088999999999999468e-02 1.360000000000000098e-03 -7.090200000000000669e-02 9.973980000000000068e-01 1.306399999999999922e-02
2.500000000000000000e+01 9.500000000000000000e+01 3.600000000000000000e+01 0.000000000000000000e+00 1.600000000000000089e+00 1.080000000000000014e-03 3.613500000000000045e-02 9.993459999999999566e-01 9.980869999999999465e-01 6.173599999999999921e-02 -3.311000000000000141e-03 -6.181500000000000189e-02 9.974380000000000468e-01 -3.599900000000000322e-02
2.000000000000000000e+00 3.000000000000000000e+00 4.300000000000000000e+01 0.000000000000000000e+00 1.600000000000000089e+00 -2.266999999999999918e-03 -5.941000000000000100e-03 -9.999799999999999800e-01 7.389649999999999830e-01 -6.737400000000000055e-01 2.327000000000000075e-03 -6.737400000000000055e-01 -7.389449999999999630e-01 5.917999999999999650e-03
1.200000000000000000e+01 3.000000000000000000e+00 4.300000000000000000e+01 0.000000000000000000e+00 1.600000000000000089e+00 -2.618000000000000101e-03 -2.521999999999999936e-02 -9.996779999999999555e-01 7.356810000000000294e-01 -6.771580000000000377e-01 1.515700000000000033e-02 -6.773230000000000084e-01 -7.354049999999999754e-01 2.032700000000000132e-02
2.500000000000000000e+01 3.000000000000000000e+00 4.300000000000000000e+01 0.000000000000000000e+00 1.600000000000000089e+00 5.477000000000000098e-03 2.227399999999999866e-02 -9.997369999999999868e-01 7.415690000000000337e-01 -6.707880000000000509e-01 -1.088300000000000031e-02 -6.708539999999999504e-01 -7.413140000000000285e-01 -2.019200000000000161e-02
2.900000000000000000e+01 3.000000000000000000e+00 4.300000000000000000e+01 0.000000000000000000e+00 1.600000000000000089e+00 -2.746000000000000177e-03 1.050000000000000065e-02 -9.999409999999999688e-01 7.417979999999999574e-01 -6.705619999999999914e-01 -9.077999999999999264e-03 -6.706180000000000474e-01 -7.417789999999999662e-01 -5.948000000000000162e-03
2.100000000000000000e+01 8.000000000000000000e+00 4.400000000000000000e+01 0.000000000000000000e+00 1.600000000000000089e+00 -3.690999999999999837e-03 8.090000000000000403e-04 9.999930000000000208e-01 -7.777180000000000204e-01 -6.286089999999999733e-01 -2.361999999999999950e-03 6.286019999999999941e-01 -7.777209999999999956e-01 2.948999999999999799e-03
4.000000000000000000e+00 2.900000000000000000e+01 4.400000000000000000e+01 0.000000000000000000e+00 1.600000000000000089e+00 -1.724999999999999971e-03 5.850000000000000165e-04 -9.999980000000000535e-01 6.691040000000000321e-01 7.431680000000000508e-01 -7.200000000000000453e-04 7.431670000000000220e-01 -6.691040000000000321e-01 -1.673999999999999924e-03
8.000000000000000000e+00 2.900000000000000000e+01 4.400000000000000000e+01 0.000000000000000000e+00 1.600000000000000089e+00 1.438000000000000042e-03 3.170000000000000075e-04 -9.999989999999999712e-01 6.744400000000000395e-01 7.383290000000000131e-01 1.203999999999999992e-03 7.383279999999999843e-01 -6.744409999999999572e-01 8.480000000000000124e-04
1.100000000000000000e+01 2.900000000000000000e+01 4.400000000000000000e+01 0.000000000000000000e+00 1.600000000000000089e+00 2.112000000000000162e-03 -4.101999999999999744e-03 -9.999890000000000168e-01 6.794059999999999544e-01 7.337609999999999966e-01 -1.575000000000000011e-03 7.337590000000000501e-01 -6.793959999999999999e-01 4.336999999999999710e-03
1.700000000000000000e+01 2.900000000000000000e+01 4.400000000000000000e+01 0.000000000000000000e+00 1.600000000000000089e+00 1.605000000000000090e-03 7.529999999999999801e-04 -9.999980000000000535e-01 6.824799999999999756e-01 7.309020000000000516e-01 1.645999999999999894e-03 7.309020000000000516e-01 -6.824820000000000331e-01 6.589999999999999721e-04
2.000000000000000000e+01 2.900000000000000000e+01 4.400000000000000000e+01 0.000000000000000000e+00 1.600000000000000089e+00 2.086000000000000180e-03 2.979999999999999793e-04 -9.999980000000000535e-01 6.810329999999999995e-01 7.322509999999999852e-01 1.639000000000000049e-03 7.322490000000000387e-01 -6.810349999999999460e-01 1.325000000000000006e-03
2.500000000000000000e+01 2.900000000000000000e+01 4.400000000000000000e+01 0.000000000000000000e+00 1.600000000000000089e+00 2.207999999999999893e-03 1.619999999999999912e-03 -9.999959999999999960e-01 6.750099999999999989e-01 7.378040000000000154e-01 2.684999999999999887e-03 7.378050000000000441e-01 -6.750129999999999741e-01 5.349999999999999938e-04
2.900000000000000000e+01 2.900000000000000000e+01 4.400000000000000000e+01 0.000000000000000000e+00 1.600000000000000089e+00 -4.299999999999999894e-04 1.753999999999999917e-03 -9.999980000000000535e-01 6.671700000000000408e-01 7.449050000000000393e-01 1.020000000000000073e-03 7.449050000000000393e-01 -6.671690000000000120e-01 -1.490999999999999921e-03
3.000000000000000000e+00 6.000000000000000000e+00 5.100000000000000000e+01 0.000000000000000000e+00 1.600000000000000089e+00 -2.624000000000000030e-03 7.418000000000000115e-03 -9.999689999999999968e-01 3.192369999999999930e-01 -9.476419999999999844e-01 -7.867999999999999994e-03 -9.476710000000000411e-01 -3.192479999999999762e-01 1.190000000000000058e-04
1.400000000000000000e+01 7.000000000000000000e+00 5.200000000000000000e+01 0.000000000000000000e+00 1.600000000000000089e+00 -6.200999999999999915e-03 -7.642999999999999620e-03 -9.999519999999999520e-01 1.364070000000000005e-01 -9.906300000000000106e-01 6.726000000000000208e-03 -9.906340000000000146e-01 -1.363580000000000070e-01 7.185999999999999679e-03
2.600000000000000000e+01 7.000000000000000000e+00 5.200000000000000000e+01 0.000000000000000000e+00 1.600000000000000089e+00 4.621000000000000107e-03 2.817000000000000060e-03 -9.999850000000000128e-01 7.448499999999999566e-02 -9.972189999999999666e-01 -2.465000000000000177e-03 -9.972109999999999586e-01 -7.447199999999999653e-02 -4.818000000000000234e-03
3.000000000000000000e+00 6.300000000000000000e+01 5.400000000000000000e+01 0.000000000000000000e+00 1.600000000000000089e+00 4.800000000000000122e-05 2.377999999999999906e-03 9.999970000000000248e-01 -3.615869999999999918e-01 9.323360000000000536e-01 -2.200000000000000133e-03 -9.323380000000000001e-01 -3.615860000000000185e-01 9.039999999999999642e-04
6.000000000000000000e+00 6.300000000000000000e+01 5.400000000000000000e+01 0.000000000000000000e+00 1.600000000000000089e+00 -1.531000000000000026e-03 7.129999999999999836e-04 9.999989999999999712e-01 -3.547350000000000225e-01 9.349659999999999638e-01 -1.209999999999999921e-03 -9.349650000000000460e-01 -3.547370000000000245e-01 -1.178000000000000011e-03
1.200000000000000000e+01 6.300000000000000000e+01 5.400000000000000000e+01 0.000000000000000000e+00 1.600000000000000089e+00 -9.070000000000000371e-04 5.559999999999999621e-04 9.999989999999999712e-01 -3.534479999999999844e-01 9.354540000000000077e-01 -8.409999999999999507e-04 -9.354540000000000077e-01 -3.534479999999999844e-01 -6.520000000000000188e-04
2.000000000000000000e+01 6.300000000000000000e+01 5.400000000000000000e+01 0.000000000000000000e+00 1.600000000000000089e+00 1.402999999999999950e-03 -8.819999999999999715e-04 9.999989999999999712e-01 -3.481179999999999830e-01 9.374500000000000055e-01 1.314999999999999980e-03 -9.374500000000000055e-01 -3.481190000000000118e-01 1.008999999999999914e-03
2.900000000000000000e+01 6.300000000000000000e+01 5.400000000000000000e+01 0.000000000000000000e+00 1.600000000000000089e+00 1.160999999999999923e-03 1.678999999999999937e-03 9.999980000000000535e-01 -3.502870000000000150e-01 9.366419999999999746e-01 -1.165000000000000020e-03 -9.366419999999999746e-01 -3.502850000000000130e-01 1.675999999999999972e-03
2.000000000000000000e+00 2.500000000000000000e+01 5.500000000000000000e+01 0.000000000000000000e+00 1.600000000000000089e+00 1.054999999999999948e-03 1.778999999999999982e-03 -9.999980000000000535e-01 -1.279600000000000008e-02 -9.999160000000000270e-01 -1.791999999999999973e-03 -9.999179999999999735e-01 1.279800000000000035e-02 -1.031999999999999931e-03
8.000000000000000000e+00 2.500000000000000000e+01 5.500000000000000000e+01 0.000000000000000000e+00 1.600000000000000089e+00 9.690000000000000262e-04 9.489999999999999738e-04 -9.999989999999999712e-01 -1.380100000000000077e-02 -9.999040000000000150e-01 -9.619999999999999645e-04 -9.999040000000000150e-01 1.380200000000000003e-02 -9.560000000000000355e-04
1.900000000000000000e+01 2.500000000000000000e+01 5.500000000000000000e+01 0.000000000000000000e+00 1.600000000000000089e+00 -3.099999999999999999e-04 -3.390000000000000001e-04 -1.000000000000000000e+00 -1.114399999999999939e-02 -9.999379999999999935e-01 3.420000000000000188e-04 -9.999379999999999935e-01 1.114399999999999939e-02 3.060000000000000111e-04
2.400000000000000000e+01 2.500000000000000000e+01 5.500000000000000000e+01 0.000000000000000000e+00 1.600000000000000089e+00 -1.325999999999999922e-03 -1.969999999999999963e-03 -9.999970000000000248e-01 -1.235600000000000066e-02 -9.999219999999999775e-01 1.985999999999999918e-03 -9.999230000000000063e-01 1.235900000000000019e-02 1.301000000000000073e-03
2.700000000000000000e+01 5.800000000000000000e+01 5.900000000000000000e+01 0.000000000000000000e+00 1.600000000000000089e+00 9.370000000000000074e-04 4.009999999999999676e-03 -9.999919999999999920e-01 3.939119999999999844e-01 9.191390000000000393e-01 4.054000000000000312e-03 9.191479999999999650e-01 -3.939119999999999844e-01 -7.179999999999999967e-04
1.300000000000000000e+01 2.100000000000000000e+01 6.000000000000000000e+01 0.000000000000000000e+00 1.600000000000000089e+00 -2.539999999999999940e-04 4.370999999999999885e-03 9.999900000000000455e-01 -9.374300000000000688e-02 9.955869999999999997e-01 -4.375999999999999682e-03 -9.955960000000000365e-01 -9.374300000000000688e-02 1.569999999999999944e-04
1.900000000000000000e+01 2.100000000000000000e+01 6.000000000000000000e+01 0.000000000000000000e+00 1.600000000000000089e+00 2.089999999999999844e-03 5.246999999999999928e-03 9.999839999999999840e-01 -9.611799999999999511e-02 9.953570000000000473e-01 -5.022000000000000422e-03 -9.953680000000000305e-01 -9.610599999999999699e-02 2.585000000000000058e-03
2.000000000000000000e+01 3.000000000000000000e+00 6.300000000000000000e+01 0.000000000000000000e+00 1.600000000000000089e+00 -2.949999999999999931e-03 1.721000000000000090e-03 9.999940000000000495e-01 -6.125559999999999894e-01 7.904210000000000402e-01 -3.167000000000000110e-03 -7.904219999999999580e-01 -6.125610000000000221e-01 -1.278000000000000056e-03
8.000000000000000000e+00 2.700000000000000000e+01 6.300000000000000000e+01 0.000000000000000000e+00 1.600000000000000089e+00 -2.088000000000000012e-03 2.579000000000000129e-03 9.999949999999999672e-01 -2.742870000000000030e-01 9.616430000000000256e-01 -3.053000000000000158e-03 -9.616460000000000008e-01 -2.742919999999999803e-01 -1.299999999999999940e-03
1.500000000000000000e+01 2.700000000000000000e+01 6.300000000000000000e+01 0.000000000000000000e+00 1.600000000000000089e+00 7.839999999999999747e-04 6.399999999999999710e-05 1.000000000000000000e+00 -2.808559999999999945e-01 9.597499999999999920e-01 1.579999999999999916e-04 -9.597499999999999920e-01 -2.808559999999999945e-01 7.699999999999999597e-04
2.200000000000000000e+01 2.700000000000000000e+01 6.300000000000000000e+01 0.000000000000000000e+00 1.600000000000000089e+00 -8.959999999999999866e-04 3.216000000000000109e-03 9.999940000000000495e-01 -2.794380000000000197e-01 9.601579999999999560e-01 -3.337999999999999821e-03 -9.601629999999999887e-01 -2.794400000000000217e-01 3.899999999999999929e-05
2.600000000000000000e+01 2.700000000000000000e+01 6.300000000000000000e+01 0.000000000000000000e+00 1.600000000000000089e+00 2.999999999999999737e-04 -1.400999999999999902e-03 9.999989999999999712e-01 -2.791669999999999985e-01 9.602410000000000112e-01 1.428999999999999932e-03 -9.602420000000000400e-01 -2.791669999999999985e-01 -1.029999999999999964e-04
7.000000000000000000e+00 2.600000000000000000e+01 6.400000000000000000e+01 0.000000000000000000e+00 1.600000000000000089e+00 -1.809999999999999977e-03 -9.779999999999999197e-04 9.999980000000000535e-01 -3.523379999999999845e-01 9.358729999999999549e-01 2.770000000000000110e-04 -9.358710000000000084e-01 -3.523359999999999825e-01 -2.037999999999999881e-03
1.300000000000000000e+01 2.600000000000000000e+01 6.400000000000000000e+01 0.000000000000000000e+00 1.600000000000000089e+00 -3.499999999999999964e-04 -6.639999999999999852e-04 1.000000000000000000e+00 -3.613589999999999858e-01 9.324270000000000058e-01 4.929999999999999487e-04 -9.324270000000000058e-01 -3.613589999999999858e-01 -5.659999999999999884e-04
1.600000000000000000e+01 2.600000000000000000e+01 6.400000000000000000e+01 0.000000000000000000e+00 1.600000000000000089e+00 1.838000000000000007e-03 2.260999999999999989e-03 9.999959999999999960e-01 -3.642810000000000215e-01 9.312880000000000047e-01 -1.435999999999999993e-03 -9.312869999999999759e-01 -3.642770000000000175e-01 2.534999999999999927e-03
2.100000000000000000e+01 2.600000000000000000e+01 6.400000000000000000e+01 0.000000000000000000e+00 1.600000000000000089e+00 -4.180000000000000230e-04 4.664999999999999876e-03 9.999890000000000168e-01 -3.635450000000000070e-01 9.315660000000000052e-01 -4.498000000000000262e-03 -9.315759999999999597e-01 -3.635430000000000050e-01 1.306000000000000086e-03
2.700000000000000000e+01 2.600000000000000000e+01 6.400000000000000000e+01 0.000000000000000000e+00 1.600000000000000089e+00 4.409999999999999858e-04 -2.782000000000000185e-03 9.999959999999999960e-01 -3.620300000000000185e-01 9.321620000000000461e-01 2.752999999999999805e-03 -9.321660000000000501e-01 -3.620300000000000185e-01 -5.959999999999999586e-04
1.000000000000000000e+01 6.900000000000000000e+01 6.600000000000000000e+01 0.000000000000000000e+00 1.600000000000000089e+00 1.022299999999999945e-02 -8.439999999999999586e-03 9.999120000000000230e-01 -9.530720000000000303e-01 3.024939999999999851e-01 1.229700000000000064e-02 -3.025720000000000076e-01 -9.531140000000000168e-01 -4.951999999999999805e-03
1.800000000000000000e+01 6.900000000000000000e+01 6.600000000000000000e+01 0.000000000000000000e+00 1.600000000000000089e+00 5.465000000000000240e-03 -8.180000000000000422e-04 9.999850000000000128e-01 -9.532840000000000202e-01 3.020260000000000167e-01 5.457000000000000045e-03 -3.020260000000000167e-01 -9.532990000000000075e-01 8.710000000000000294e-04
2.200000000000000000e+01 3.100000000000000000e+01 7.100000000000000000e+01 0.000000000000000000e+00 1.600000000000000089e+00 4.960000000000000216e-04 4.640000000000000027e-04 -1.000000000000000000e+00 -7.107510000000000217e-01 -7.034430000000000405e-01 -6.790000000000000245e-04 -7.034430000000000405e-01 7.107520000000000504e-01 -1.900000000000000105e-05
2.600000000000000000e+01 2.500000000000000000e+01 7.300000000000000000e+01 0.000000000000000000e+00 1.600000000000000089e+00 2.428000000000000037e-03 3.827000000000000107e-03 9.999900000000000455e-01 7.437489999999999934e-01 -6.684590000000000254e-01 7.529999999999999801e-04 6.684550000000000214e-01 7.437399999999999567e-01 -4.468999999999999882e-03
2.000000000000000000e+00 4.400000000000000000e+01 7.300000000000000000e+01 0.000000000000000000e+00 1.600000000000000089e+00 3.131000000000000102e-03 1.855000000000000095e-03 9.999930000000000208e-01 5.050199999999999828e-02 -9.987230000000000274e-01 1.693999999999999976e-03 9.987190000000000234e-01 5.049599999999999922e-02 -3.220000000000000206e-03
1.000000000000000000e+01 4.400000000000000000e+01 7.300000000000000000e+01 0.000000000000000000e+00 1.600000000000000089e+00 -2.652999999999999976e-03 -3.135000000000000200e-03 9.999919999999999920e-01 4.762700000000000267e-02 -9.988609999999999989e-01 -3.004999999999999859e-03 9.988620000000000276e-01 4.761900000000000160e-02 2.799999999999999972e-03
1.600000000000000000e+01 4.400000000000000000e+01 7.300000000000000000e+01 0.000000000000000000e+00 1.600000000000000089e+00 1.028000000000000051e-03 -2.095000000000000074e-03 9.999970000000000248e-01 4.404500000000000082e-02 -9.990269999999999984e-01 -2.138000000000000143e-03 9.990289999999999448e-01 4.404700000000000282e-02 -9.349999999999999587e-04
2.000000000000000000e+01 4.400000000000000000e+01 7.300000000000000000e+01 0.000000000000000000e+00 1.600000000000000089e+00 1.175000000000000046e-03 -3.911000000000000414e-03 9.999919999999999920e-01 4.385399999999999715e-02 -9.990299999999999736e-01 -3.958999999999999846e-03 9.990369999999999528e-01 4.385800000000000115e-02 -1.002000000000000069e-03
