1.000000000000000000e+00 2.500000000000000000e+01 1.000000000000000000e+00 0.000000000000000000e+00 1.600000000000000089e+00 1.941999999999999933e-03 -1.381600000000000016e-02 -9.999029999999999863e-01 -5.231470000000000287e-01 -8.521750000000000158e-01 1.075899999999999947e-02 -8.522399999999999975e-01 5.230749999999999567e-01 -8.883000000000000271e-03
9.000000000000000000e+00 2.500000000000000000e+01 1.000000000000000000e+00 0.000000000000000000e+00 1.600000000000000089e+00 2.794000000000000043e-03 4.636000000000000364e-03 -9.999850000000000128e-01 -5.249620000000000397e-01 -8.511079999999999757e-01 -5.413000000000000277e-03 -8.511210000000000164e-01 5.249700000000000477e-01 5.599999999999999916e-05
1.000000000000000000e+01 1.500000000000000000e+01 4.000000000000000000e+00 0.000000000000000000e+00 1.600000000000000089e+00 -8.123999999999999277e-03 -3.353000000000000078e-03 9.999609999999999888e-01 2.994569999999999732e-01 -9.541089999999999849e-01 -7.659999999999999708e-04 9.540750000000000064e-01 2.994390000000000107e-01 8.755000000000000629e-03
1.400000000000000000e+01 1.500000000000000000e+01 4.000000000000000000e+00 0.000000000000000000e+00 1.600000000000000089e+00 -5.112000000000000224e-03 -2.716999999999999797e-03 9.999829999999999552e-01 2.966289999999999760e-01 -9.549919999999999520e-01 -1.079000000000000098e-03 9.549790000000000223e-01 2.966190000000000215e-01 5.688000000000000347e-03
2.500000000000000000e+01 1.500000000000000000e+01 4.000000000000000000e+00 0.000000000000000000e+00 1.600000000000000089e+00 2.504999999999999848e-03 1.265400000000000032e-02 9.999169999999999447e-01 2.957719999999999794e-01 -9.551910000000000123e-01 1.134699999999999945e-02 9.552549999999999653e-01 2.957190000000000096e-01 -6.135999999999999961e-03
2.100000000000000000e+01 1.600000000000000000e+01 4.000000000000000000e+00 0.000000000000000000e+00 1.600000000000000089e+00 -2.320000000000000014e-04 1.004299999999999984e-02 9.999500000000000055e-01 3.698259999999999881e-01 -9.290530000000000177e-01 9.416000000000000758e-03 9.291009999999999547e-01 3.698089999999999988e-01 -3.497999999999999807e-03
1.300000000000000000e+01 1.010000000000000000e+02 7.000000000000000000e+00 0.000000000000000000e+00 1.600000000000000089e+00 -3.620000000000000171e-04 1.500699999999999951e-02 9.998869999999999703e-01 8.844929999999999737e-01 4.665059999999999762e-01 -6.681999999999999572e-03 -4.665540000000000243e-01 8.843910000000000382e-01 -1.344300000000000009e-02
1.900000000000000000e+01 1.010000000000000000e+02 7.000000000000000000e+00 0.000000000000000000e+00 1.600000000000000089e+00 -8.980000000000000352e-04 1.094400000000000060e-02 9.999400000000000510e-01 8.837789999999999813e-01 4.678849999999999953e-01 -4.327000000000000117e-03 -4.679039999999999866e-01 8.837220000000000075e-01 -1.009200000000000028e-02
2.400000000000000000e+01 1.010000000000000000e+02 7.000000000000000000e+00 0.000000000000000000e+00 1.600000000000000089e+00 2.684999999999999887e-03 -2.088000000000000012e-03 9.999940000000000495e-01 8.830459999999999976e-01 4.692839999999999789e-01 -1.391000000000000092e-03 -4.692779999999999729e-01 8.830449999999999688e-01 3.103999999999999988e-03
3.000000000000000000e+01 1.010000000000000000e+02 7.000000000000000000e+00 0.000000000000000000e+00 1.600000000000000089e+00 2.175999999999999983e-03 -1.451799999999999966e-02 9.998920000000000030e-01 8.836659999999999515e-01 4.680929999999999813e-01 4.873999999999999860e-03 -4.681130000000000013e-01 8.835600000000000120e-01 1.384799999999999920e-02
2.800000000000000000e+01 1.500000000000000000e+01 8.000000000000000000e+00 0.000000000000000000e+00 1.600000000000000089e+00 1.180000000000000059e-03 9.542999999999999400e-03 -9.999540000000000095e-01 -5.920910000000000339e-01 -8.058279999999999887e-01 -8.389000000000000623e-03 -8.058699999999999752e-01 5.920729999999999604e-01 4.699000000000000052e-03
2.000000000000000000e+00 2.500000000000000000e+01 8.000000000000000000e+00 0.000000000000000000e+00 1.600000000000000089e+00 -3.135999999999999899e-03 -3.664000000000000156e-03 -9.999879999999999880e-01 4.491600000000000037e-01 8.934389999999999832e-01 -4.682000000000000398e-03 8.934459999999999624e-01 -4.491689999999999849e-01 -1.157000000000000042e-03
3.000000000000000000e+00 2.400000000000000000e+01 9.000000000000000000e+00 0.000000000000000000e+00 1.600000000000000089e+00 -2.884999999999999978e-03 -1.598000000000000028e-03 -9.999949999999999672e-01 4.509569999999999967e-01 8.925410000000000288e-01 -2.726999999999999823e-03 8.925410000000000288e-01 -4.509630000000000027e-01 -1.855000000000000095e-03
7.000000000000000000e+00 2.400000000000000000e+01 9.000000000000000000e+00 0.000000000000000000e+00 1.600000000000000089e+00 -2.160000000000000028e-03 -6.679000000000000041e-03 -9.999749999999999472e-01 4.519489999999999896e-01 8.920169999999999488e-01 -6.934000000000000059e-03 8.920409999999999728e-01 -4.519529999999999936e-01 1.092000000000000089e-03
1.000000000000000000e+01 2.400000000000000000e+01 9.000000000000000000e+00 0.000000000000000000e+00 1.600000000000000089e+00 -2.628000000000000128e-03 -5.917999999999999650e-03 -9.999789999999999512e-01 4.524599999999999733e-01 8.917610000000000259e-01 -6.466999999999999658e-03 8.917810000000000459e-01 -4.524679999999999813e-01 3.339999999999999870e-04
1.600000000000000000e+01 2.400000000000000000e+01 9.000000000000000000e+00 0.000000000000000000e+00 1.600000000000000089e+00 -1.268000000000000030e-03 -1.098999999999999934e-03 -9.999989999999999712e-01 4.533110000000000195e-01 8.913510000000000044e-01 -1.554000000000000043e-03 8.913510000000000044e-01 -4.533130000000000215e-01 -6.319999999999999663e-04
2.500000000000000000e+01 2.400000000000000000e+01 9.000000000000000000e+00 0.000000000000000000e+00 1.600000000000000089e+00 -9.089999999999999773e-04 -5.661000000000000233e-03 -9.999839999999999840e-01 4.537080000000000002e-01 8.911339999999999817e-01 -5.457000000000000045e-03 8.911499999999999977e-01 -4.537050000000000249e-01 1.758000000000000014e-03
1.700000000000000000e+01 3.100000000000000000e+01 1.200000000000000000e+01 0.000000000000000000e+00 1.600000000000000089e+00 1.366999999999999943e-03 -2.069999999999999792e-03 9.999970000000000248e-01 4.590000000000000330e-03 9.999869999999999592e-01 2.063000000000000164e-03 -9.999890000000000168e-01 4.586999999999999932e-03 1.376000000000000053e-03
4.000000000000000000e+00 3.200000000000000000e+01 1.400000000000000000e+01 0.000000000000000000e+00 1.600000000000000089e+00 4.679999999999999915e-04 1.574000000000000095e-03 -9.999989999999999712e-01 1.055719999999999992e-01 9.944100000000000161e-01 1.614999999999999899e-03 9.944119999999999626e-01 -1.055730000000000002e-01 2.990000000000000036e-04
2.600000000000000000e+01 3.200000000000000000e+01 1.400000000000000000e+01 0.000000000000000000e+00 1.600000000000000089e+00 9.719999999999999907e-04 7.699999999999999597e-04 -9.999989999999999712e-01 1.005169999999999952e-01 9.949350000000000138e-01 8.639999999999999677e-04 9.949350000000000138e-01 -1.005169999999999952e-01 8.890000000000000333e-04
1.100000000000000000e+01 1.200000000000000000e+01 1.500000000000000000e+01 0.000000000000000000e+00 1.600000000000000089e+00 2.732000000000000053e-03 4.435999999999999839e-03 -9.999860000000000415e-01 -4.695750000000000202e-01 -8.828770000000000229e-01 -5.198999999999999629e-03 -8.828890000000000349e-01 4.695819999999999994e-01 -3.289999999999999739e-04
1.800000000000000000e+01 1.200000000000000000e+01 1.500000000000000000e+01 0.000000000000000000e+00 1.600000000000000089e+00 4.622000000000000240e-03 4.290999999999999676e-03 -9.999799999999999800e-01 -4.695139999999999869e-01 -8.829050000000000509e-01 -5.957999999999999755e-03 -8.829129999999999479e-01 4.695320000000000049e-01 -2.066000000000000128e-03
2.300000000000000000e+01 1.200000000000000000e+01 1.500000000000000000e+01 0.000000000000000000e+00 1.600000000000000089e+00 2.420000000000000005e-04 3.056000000000000123e-03 -9.999949999999999672e-01 -4.710360000000000102e-01 -8.821090000000000320e-01 -2.809999999999999998e-03 -8.821139999999999537e-01 4.710349999999999815e-01 1.226000000000000093e-03
7.000000000000000000e+00 1.100000000000000000e+01 1.600000000000000000e+01 0.000000000000000000e+00 1.600000000000000089e+00 1.000999999999999937e-03 8.400000000000000348e-04 -9.999989999999999712e-01 -4.169800000000000173e-01 -9.089150000000000285e-01 -1.180999999999999975e-03 -9.089150000000000285e-01 4.169809999999999905e-01 -5.590000000000000351e-04
1.900000000000000000e+01 1.100000000000000000e+01 1.600000000000000000e+01 0.000000000000000000e+00 1.600000000000000089e+00 3.627000000000000016e-03 4.537000000000000234e-03 -9.999829999999999552e-01 -4.173479999999999968e-01 -9.087290000000000090e-01 -5.636999999999999650e-03 -9.087389999999999635e-01 4.173620000000000108e-01 -1.402999999999999950e-03
2.700000000000000000e+01 1.100000000000000000e+01 1.600000000000000000e+01 0.000000000000000000e+00 1.600000000000000089e+00 -6.539999999999999590e-04 -2.397999999999999958e-03 -9.999970000000000248e-01 -4.152970000000000272e-01 -9.096830000000000194e-01 2.452999999999999885e-03 -9.096859999999999946e-01 4.152970000000000272e-01 -4.009999999999999893e-04
5.000000000000000000e+00 1.160000000000000000e+02 1.600000000000000000e+01 0.000000000000000000e+00 1.600000000000000089e+00 -2.539999999999999940e-04 1.956999999999999972e-03 9.999980000000000535e-01 6.994660000000000322e-01 7.146649999999999947e-01 -1.221000000000000080e-03 -7.146660000000000235e-01 6.994639999999999747e-01 -1.549999999999999946e-03
1.000000000000000000e+01 1.160000000000000000e+02 1.600000000000000000e+01 0.000000000000000000e+00 1.600000000000000089e+00 1.598999999999999944e-03 -1.593999999999999931e-03 9.999970000000000248e-01 6.769060000000000077e-01 7.360689999999999733e-01 9.100000000000000287e-05 -7.360670000000000268e-01 6.769049999999999789e-01 2.256000000000000193e-03
1.800000000000000000e+01 1.160000000000000000e+02 1.600000000000000000e+01 0.000000000000000000e+00 1.600000000000000089e+00 -5.820000000000000520e-04 2.589999999999999854e-03 9.999959999999999960e-01 7.150729999999999587e-01 6.990480000000000027e-01 -1.394000000000000057e-03 -6.990499999999999492e-01 7.150699999999999834e-01 -2.259000000000000157e-03
6.000000000000000000e+00 2.000000000000000000e+00 1.900000000000000000e+01 0.000000000000000000e+00 1.600000000000000089e+00 4.220000000000000118e-04 -5.080000000000000314e-03 -9.999869999999999592e-01 1.929770000000000096e-01 -9.811900000000000066e-01 5.066000000000000190e-03 -9.812030000000000474e-01 -1.929770000000000096e-01 5.670000000000000127e-04
1.100000000000000000e+01 2.000000000000000000e+00 1.900000000000000000e+01 0.000000000000000000e+00 1.600000000000000089e+00 5.360000000000000181e-04 -5.000000000000000240e-05 -1.000000000000000000e+00 1.966539999999999955e-01 -9.804730000000000389e-01 1.540000000000000028e-04 -9.804730000000000389e-01 -1.966539999999999955e-01 -5.159999999999999656e-04
1.900000000000000000e+01 2.000000000000000000e+00 1.900000000000000000e+01 0.000000000000000000e+00 1.600000000000000089e+00 2.782999999999999884e-03 5.660000000000000100e-03 -9.999799999999999800e-01 1.915530000000000010e-01 -9.814699999999999536e-01 -5.022000000000000422e-03 -9.814779999999999616e-01 -1.915350000000000108e-01 -3.815999999999999948e-03
2.300000000000000000e+01 2.000000000000000000e+00 1.900000000000000000e+01 0.000000000000000000e+00 1.600000000000000089e+00 1.981999999999999821e-03 -1.634000000000000036e-03 -9.999970000000000248e-01 1.894220000000000070e-01 -9.818940000000000445e-01 1.978999999999999856e-03 -9.818940000000000445e-01 -1.894250000000000100e-01 -1.637000000000000000e-03
2.700000000000000000e+01 2.000000000000000000e+00 1.900000000000000000e+01 0.000000000000000000e+00 1.600000000000000089e+00 -1.688999999999999963e-03 9.049999999999999885e-04 -9.999980000000000535e-01 1.856420000000000015e-01 -9.826169999999999627e-01 -1.203000000000000076e-03 -9.826160000000000450e-01 -1.856430000000000025e-01 1.490999999999999921e-03
3.000000000000000000e+00 4.000000000000000000e+00 2.000000000000000000e+01 0.000000000000000000e+00 1.600000000000000089e+00 9.359999999999999831e-04 -2.442000000000000160e-03 -9.999970000000000248e-01 2.848879999999999746e-01 -9.585569999999999924e-01 2.608000000000000075e-03 -9.585599999999999676e-01 -2.848890000000000033e-01 -2.020000000000000040e-04
9.000000000000000000e+00 4.000000000000000000e+00 2.000000000000000000e+01 0.000000000000000000e+00 1.600000000000000089e+00 7.889999999999999878e-04 -2.557999999999999944e-03 -9.999959999999999960e-01 2.929640000000000022e-01 -9.561199999999999699e-01 2.677000000000000126e-03 -9.561229999999999452e-01 -2.929649999999999754e-01 -5.000000000000000409e-06
1.500000000000000000e+01 4.000000000000000000e+00 2.000000000000000000e+01 0.000000000000000000e+00 1.600000000000000089e+00 1.250999999999999942e-03 8.311999999999999944e-03 -9.999649999999999928e-01 2.929140000000000077e-01 -9.561089999999999867e-01 -7.581000000000000065e-03 -9.561380000000000434e-01 -2.928939999999999877e-01 -3.631000000000000113e-03
2.500000000000000000e+01 4.000000000000000000e+00 2.000000000000000000e+01 0.000000000000000000e+00 1.600000000000000089e+00 2.360999999999999818e-03 7.200000000000000182e-05 -9.999970000000000248e-01 2.832350000000000145e-01 -9.590499999999999581e-01 5.999999999999999474e-04 -9.590480000000000116e-01 -2.832350000000000145e-01 -2.284000000000000006e-03
2.000000000000000000e+00 1.300000000000000000e+01 2.000000000000000000e+01 0.000000000000000000e+00 1.600000000000000089e+00 -8.200000000000000095e-05 2.582999999999999793e-03 9.999970000000000248e-01 2.559629999999999961e-01 9.666829999999999590e-01 -2.475999999999999902e-03 -9.666869999999999630e-01 2.559620000000000228e-01 -7.410000000000000137e-04
4.000000000000000000e+00 1.300000000000000000e+01 2.000000000000000000e+01 0.000000000000000000e+00 1.600000000000000089e+00 3.780000000000000265e-04 9.709999999999999664e-04 9.999989999999999712e-01 2.557220000000000049e-01 9.667499999999999982e-01 -1.034999999999999896e-03 -9.667499999999999982e-01 2.557220000000000049e-01 1.179999999999999951e-04
9.000000000000000000e+00 1.300000000000000000e+01 2.000000000000000000e+01 0.000000000000000000e+00 1.600000000000000089e+00 1.608000000000000054e-03 1.191999999999999917e-03 9.999980000000000535e-01 2.555509999999999726e-01 9.667940000000000422e-01 -1.562999999999999936e-03 -9.667940000000000422e-01 2.555529999999999746e-01 1.250000000000000026e-03
1.500000000000000000e+01 1.300000000000000000e+01 2.000000000000000000e+01 0.000000000000000000e+00 1.600000000000000089e+00 9.030000000000000483e-04 7.900000000000000121e-04 9.999989999999999712e-01 2.544950000000000268e-01 9.670729999999999604e-01 -9.929999999999999591e-04 -9.670739999999999892e-01 2.544960000000000000e-01 6.719999999999999628e-04
2.000000000000000000e+01 1.300000000000000000e+01 2.000000000000000000e+01 0.000000000000000000e+00 1.600000000000000089e+00 1.147999999999999932e-03 -3.678999999999999979e-03 9.999930000000000208e-01 2.552249999999999797e-01 9.668759999999999577e-01 3.263999999999999974e-03 -9.668809999999999905e-01 2.552189999999999737e-01 2.049000000000000040e-03
2.500000000000000000e+01 1.300000000000000000e+01 2.000000000000000000e+01 0.000000000000000000e+00 1.600000000000000089e+00 -1.265999999999999981e-03 1.425000000000000051e-03 9.999980000000000535e-01 2.559719999999999773e-01 9.666839999999999877e-01 -1.054000000000000032e-03 -9.666829999999999590e-01 2.559699999999999753e-01 -1.588000000000000002e-03
9.000000000000000000e+00 1.600000000000000000e+01 2.100000000000000000e+01 0.000000000000000000e+00 1.600000000000000089e+00 1.371000000000000040e-03 1.512000000000000106e-03 9.999980000000000535e-01 2.994890000000000052e-01 9.540980000000000016e-01 -1.853000000000000046e-03 -9.540990000000000304e-01 2.994910000000000072e-01 8.549999999999999658e-04
1.200000000000000000e+01 1.600000000000000000e+01 2.100000000000000000e+01 0.000000000000000000e+00 1.600000000000000089e+00 3.699999999999999947e-04 5.209000000000000088e-03 9.999860000000000415e-01 2.988430000000000253e-01 9.542890000000000539e-01 -5.081999999999999712e-03 -9.543019999999999836e-01 2.988410000000000233e-01 -1.203999999999999992e-03
1.600000000000000000e+01 1.600000000000000000e+01 2.100000000000000000e+01 0.000000000000000000e+00 1.600000000000000089e+00 1.319000000000000077e-03 3.225000000000000002e-03 9.999940000000000495e-01 2.974649999999999794e-01 9.547259999999999636e-01 -3.471999999999999826e-03 -9.547320000000000251e-01 2.974680000000000102e-01 2.999999999999999737e-04
2.400000000000000000e+01 1.600000000000000000e+01 2.100000000000000000e+01 0.000000000000000000e+00 1.600000000000000089e+00 -1.420999999999999954e-03 -1.740000000000000010e-03 9.999970000000000248e-01 2.977380000000000027e-01 9.546449999999999658e-01 2.083999999999999915e-03 -9.546459999999999946e-01 2.977400000000000047e-01 -8.390000000000000105e-04
2.800000000000000000e+01 1.600000000000000000e+01 2.100000000000000000e+01 0.000000000000000000e+00 1.600000000000000089e+00 -1.257000000000000088e-03 3.518999999999999993e-03 9.999930000000000208e-01 2.980849999999999889e-01 9.545350000000000223e-01 -2.984000000000000107e-03 -9.545390000000000263e-01 2.980789999999999829e-01 -2.249000000000000131e-03
1.300000000000000000e+01 3.000000000000000000e+00 2.500000000000000000e+01 0.000000000000000000e+00 1.600000000000000089e+00 -2.284000000000000006e-03 3.778000000000000108e-03 9.999900000000000455e-01 -6.289500000000000646e-02 -9.980139999999999567e-01 3.627000000000000016e-03 9.980179999999999607e-01 -6.288599999999999746e-02 2.517000000000000140e-03
2.300000000000000000e+01 3.000000000000000000e+00 2.500000000000000000e+01 0.000000000000000000e+00 1.600000000000000089e+00 -9.629999999999999888e-04 -8.670000000000000406e-04 9.999989999999999712e-01 -4.388299999999999840e-02 -9.990360000000000351e-01 -9.089999999999999773e-04 9.990360000000000351e-01 -4.388299999999999840e-02 9.240000000000000166e-04
2.700000000000000000e+01 3.000000000000000000e+00 2.500000000000000000e+01 0.000000000000000000e+00 1.600000000000000089e+00 -3.658999999999999926e-03 3.069999999999999812e-04 9.999930000000000208e-01 -3.835500000000000020e-02 -9.992640000000000411e-01 1.659999999999999963e-04 9.992569999999999508e-01 -3.835500000000000020e-02 3.667999999999999820e-03
8.000000000000000000e+00 4.600000000000000000e+01 2.700000000000000000e+01 0.000000000000000000e+00 1.600000000000000089e+00 -1.136000000000000074e-03 2.350999999999999791e-03 -9.999970000000000248e-01 6.550080000000000346e-01 7.556209999999999871e-01 1.031999999999999931e-03 7.556209999999999871e-01 -6.550049999999999484e-01 -2.397999999999999958e-03
2.200000000000000000e+01 4.600000000000000000e+01 2.700000000000000000e+01 0.000000000000000000e+00 1.600000000000000089e+00 2.575000000000000032e-03 2.543000000000000121e-03 -9.999940000000000495e-01 6.597809999999999508e-01 7.514490000000000336e-01 3.609999999999999928e-03 7.514539999999999553e-01 -6.597859999999999836e-01 2.570000000000000127e-04
3.000000000000000000e+01 4.600000000000000000e+01 2.700000000000000000e+01 0.000000000000000000e+00 1.600000000000000089e+00 -1.835999999999999958e-03 6.369999999999999794e-04 -9.999980000000000535e-01 6.676929999999999810e-01 7.444359999999999866e-01 -7.510000000000000399e-04 7.444340000000000401e-01 -6.676929999999999810e-01 -1.793000000000000106e-03
1.000000000000000000e+00 4.600000000000000000e+01 3.000000000000000000e+01 0.000000000000000000e+00 1.600000000000000089e+00 -4.130000000000000099e-04 9.489999999999999738e-04 -9.999989999999999712e-01 3.239429999999999810e-01 9.460760000000000280e-01 7.640000000000000306e-04 9.460760000000000280e-01 -3.239429999999999810e-01 -6.980000000000000527e-04
4.000000000000000000e+00 5.800000000000000000e+01 3.100000000000000000e+01 0.000000000000000000e+00 1.600000000000000089e+00 -1.554999999999999959e-03 -2.795999999999999874e-03 9.999949999999999672e-01 -8.011449999999999960e-01 -5.984629999999999672e-01 -2.919000000000000154e-03 5.984690000000000287e-01 -8.011449999999999960e-01 -1.309000000000000051e-03
9.000000000000000000e+00 5.800000000000000000e+01 3.100000000000000000e+01 0.000000000000000000e+00 1.600000000000000089e+00 5.099999999999999960e-05 -5.082999999999999845e-03 9.999869999999999592e-01 -8.010450000000000070e-01 -5.985970000000000457e-01 -3.001999999999999894e-03 5.986050000000000537e-01 -8.010340000000000238e-01 -4.102999999999999876e-03
1.300000000000000000e+01 5.800000000000000000e+01 3.100000000000000000e+01 0.000000000000000000e+00 1.600000000000000089e+00 3.056999999999999822e-03 -3.448000000000000110e-03 9.999890000000000168e-01 -7.968520000000000048e-01 -6.041750000000000176e-01 3.530000000000000152e-04 6.041670000000000096e-01 -7.968439999999999968e-01 -4.595000000000000126e-03
2.600000000000000000e+01 5.800000000000000000e+01 3.100000000000000000e+01 0.000000000000000000e+00 1.600000000000000089e+00 -2.190000000000000106e-03 3.917999999999999608e-03 9.999900000000000455e-01 -7.936689999999999579e-01 -6.083499999999999464e-01 6.449999999999999570e-04 6.083469999999999711e-01 -7.936590000000000034e-01 4.441999999999999768e-03
1.700000000000000000e+01 5.900000000000000000e+01 3.200000000000000000e+01 0.000000000000000000e+00 1.600000000000000089e+00 2.308000000000000156e-03 4.948000000000000141e-03 9.999850000000000128e-01 -6.931150000000000366e-01 -7.208080000000000043e-01 5.166999999999999718e-03 7.208229999999999915e-01 -6.931169999999999831e-01 1.765999999999999992e-03
2.000000000000000000e+00 4.600000000000000000e+01 3.500000000000000000e+01 0.000000000000000000e+00 1.600000000000000089e+00 1.172000000000000082e-03 -3.005999999999999991e-03 -9.999949999999999672e-01 3.838099999999999845e-01 -9.234069999999999778e-01 3.225000000000000002e-03 -9.234109999999999818e-01 -3.838110000000000133e-01 7.200000000000000182e-05
7.000000000000000000e+00 4.600000000000000000e+01 3.500000000000000000e+01 0.000000000000000000e+00 1.600000000000000089e+00 8.559999999999999901e-04 -1.269999999999999970e-04 -1.000000000000000000e+00 3.850129999999999941e-01 -9.229110000000000369e-01 4.470000000000000232e-04 -9.229110000000000369e-01 -3.850140000000000229e-01 -7.420000000000000380e-04
1.300000000000000000e+01 4.600000000000000000e+01 3.500000000000000000e+01 0.000000000000000000e+00 1.600000000000000089e+00 -3.780000000000000265e-04 -1.691999999999999928e-03 -9.999989999999999712e-01 3.852430000000000021e-01 -9.228140000000000231e-01 1.415999999999999941e-03 -9.228150000000000519e-01 -3.852419999999999733e-01 1.000000000000000021e-03
1.700000000000000000e+01 4.600000000000000000e+01 3.500000000000000000e+01 0.000000000000000000e+00 1.600000000000000089e+00 6.149999999999999868e-04 -4.429999999999999802e-04 -1.000000000000000000e+00 3.849360000000000004e-01 -9.229429999999999579e-01 6.449999999999999570e-04 -9.229429999999999579e-01 -3.849360000000000004e-01 -3.970000000000000005e-04
2.100000000000000000e+01 4.600000000000000000e+01 3.500000000000000000e+01 0.000000000000000000e+00 1.600000000000000089e+00 -9.699999999999999963e-05 -2.120000000000000031e-04 -1.000000000000000000e+00 3.844119999999999759e-01 -9.231610000000000094e-01 1.589999999999999888e-04 -9.231610000000000094e-01 -3.844119999999999759e-01 1.710000000000000094e-04
2.700000000000000000e+01 4.600000000000000000e+01 3.500000000000000000e+01 0.000000000000000000e+00 1.600000000000000089e+00 1.330999999999999935e-03 5.869999999999999567e-04 -9.999989999999999712e-01 3.834710000000000063e-01 -9.235529999999999573e-01 -3.199999999999999855e-05 -9.235520000000000396e-01 -3.834699999999999775e-01 -1.453999999999999997e-03
2.000000000000000000e+00 9.500000000000000000e+01 3.600000000000000000e+01 0.000000000000000000e+00 1.600000000000000089e+00 1.343100000000000023e-02 1.062300000000000050e-02 9.998529999999999918e-01 9.975460000000000438e-01 6.857000000000000595e-02 -1.412799999999999993e-02 -6.870999999999999330e-02 9.975899999999999768e-01 -9.676000000000000573e-03
9.000000000000000000e+00 9.500000000000000000e+01 3.600000000000000000e+01 0.000000000000000000e+00 1.600000000000000089e+00 -2.357000000000000154e-03 2.050000000000000173e-03 9.999949999999999672e-01 9.967449999999999921e-01 8.058700000000000585e-02 2.184000000000000177e-03 -8.058300000000000185e-02 9.967449999999999921e-01 -2.233000000000000176e-03
1.400000000000000000e+01 9.500000000000000000e+01 3.600000000000000000e+01 0.000000000000000000e+00 1.600000000000000089e+00 -2.625999999999999862e-03 7.481999999999999935e-03 9.999689999999999968e-01 9.971929999999999961e-01 7.484599999999999587e-02 2.057999999999999934e-03 -7.482800000000000562e-02 9.971670000000000256e-01 -7.656999999999999744e-03
1.900000000000000000e+01 9.500000000000000000e+01 3.600000000000000000e+01 0.000000000000000000e+00 1.600000000000000089e+00 -3.043999999999999831e-03 1.663600000000000148e-02 9.998569999999999958e-01 9.972710000000000186e-01 7.380499999999999561e-02 1.807999999999999928e-03 -7.376399999999999624e-02 9.971339999999999648e-01 -1.681500000000000009e-02
2.400000000000000000e+01 9.500000000000000000e+01 3.600000000000000000e+01 0.000000000000000000e+00 1.600000000000000089e+00 1.083600000000000015e-02 1.681900000000000062e-02 9.998000000000000220e-01 9.966720000000000024e-01 8.060100000000000597e-02 -1.215800000000000040e-02 -8.079000000000000070e-02 9.966049999999999631e-01 -1.589000000000000135e-02
2.900000000000000000e+01 9.500000000000000000e+01 3.600000000000000000e+01 0.000000000000000000e+00 1.600000000000000089e+00 9.530000000000000276e-03 1.229300000000000011e-02 9.998789999999999623e-01 9.964420000000000499e-01 8.362500000000000488e-02 -1.052600000000000063e-02 -8.374399999999999900e-02 9.964210000000000012e-01 -1.145200000000000037e-02
7.000000000000000000e+00 3.000000000000000000e+00 4.300000000000000000e+01 0.000000000000000000e+00 1.600000000000000089e+00 1.585999999999999953e-03 4.209000000000000068e-03 -9.999900000000000455e-01 7.367070000000000007e-01 -6.762099999999999778e-01 -1.678000000000000021e-03 -6.762110000000000065e-01 -7.366970000000000462e-01 -4.172999999999999626e-03
1.400000000000000000e+01 3.000000000000000000e+00 4.300000000000000000e+01 0.000000000000000000e+00 1.600000000000000089e+00 1.217999999999999899e-03 -2.151399999999999840e-02 -9.997679999999999900e-01 7.339599999999999458e-01 -6.790159999999999529e-01 1.550600000000000069e-02 -6.791920000000000179e-01 -7.338080000000000158e-01 1.496300000000000061e-02
2.200000000000000000e+01 3.000000000000000000e+00 4.300000000000000000e+01 0.000000000000000000e+00 1.600000000000000089e+00 4.392000000000000071e-03 2.693100000000000008e-02 -9.996279999999999610e-01 7.404260000000000286e-01 -6.719730000000000425e-01 -1.485000000000000035e-02 -6.721230000000000260e-01 -7.400849999999999929e-01 -2.289199999999999915e-02
2.700000000000000000e+01 3.000000000000000000e+00 4.300000000000000000e+01 0.000000000000000000e+00 1.600000000000000089e+00 3.499999999999999964e-04 1.577000000000000060e-03 -9.999989999999999712e-01 7.376880000000000104e-01 -6.751409999999999911e-01 -8.069999999999999916e-04 -6.751409999999999911e-01 -7.376869999999999816e-01 -1.399000000000000070e-03
3.000000000000000000e+01 3.000000000000000000e+00 4.300000000000000000e+01 0.000000000000000000e+00 1.600000000000000089e+00 -9.300000000000000541e-04 -1.550200000000000015e-02 -9.998789999999999623e-01 7.365059999999999940e-01 -6.763599999999999612e-01 9.801000000000000684e-03 -6.764310000000000045e-01 -7.364079999999999515e-01 1.204599999999999942e-02
3.000000000000000000e+00 8.000000000000000000e+00 4.400000000000000000e+01 0.000000000000000000e+00 1.600000000000000089e+00 7.560000000000000530e-04 4.120999999999999663e-03 9.999909999999999632e-01 -7.840660000000000407e-01 -6.206690000000000262e-01 3.151000000000000155e-03 6.206770000000000342e-01 -7.840620000000000367e-01 2.760999999999999999e-03
5.000000000000000000e+00 2.900000000000000000e+01 4.400000000000000000e+01 0.000000000000000000e+00 1.600000000000000089e+00 1.433999999999999945e-03 -1.794999999999999938e-03 -9.999970000000000248e-01 6.862939999999999596e-01 7.273239999999999705e-01 -3.209999999999999963e-04 7.273230000000000528e-01 -6.862920000000000131e-01 2.273999999999999980e-03
9.000000000000000000e+00 2.900000000000000000e+01 4.400000000000000000e+01 0.000000000000000000e+00 1.600000000000000089e+00 -3.579999999999999741e-04 3.640000000000000115e-04 -1.000000000000000000e+00 6.870129999999999848e-01 7.266449999999999854e-01 1.900000000000000105e-05 7.266449999999999854e-01 -6.870129999999999848e-01 -5.100000000000000366e-04
1.500000000000000000e+01 2.900000000000000000e+01 4.400000000000000000e+01 0.000000000000000000e+00 1.600000000000000089e+00 -2.567999999999999970e-03 1.683000000000000034e-03 -9.999949999999999672e-01 6.846980000000000288e-01 7.288270000000000026e-01 -5.310000000000000050e-04 7.288229999999999986e-01 -6.846959999999999713e-01 -3.024000000000000212e-03
2.100000000000000000e+01 2.900000000000000000e+01 4.400000000000000000e+01 0.000000000000000000e+00 1.600000000000000089e+00 -2.896999999999999836e-03 3.752000000000000127e-03 -9.999890000000000168e-01 6.719100000000000072e-01 7.406319999999999570e-01 8.319999999999999488e-04 7.406270000000000353e-01 -6.719000000000000528e-01 -4.667000000000000141e-03
3.000000000000000000e+01 2.900000000000000000e+01 4.400000000000000000e+01 0.000000000000000000e+00 1.600000000000000089e+00 -1.516999999999999902e-03 2.913999999999999924e-03 -9.999949999999999672e-01 6.623350000000000071e-01 7.492069999999999563e-01 1.178999999999999927e-03 7.492060000000000386e-01 -6.623299999999999743e-01 -3.066999999999999848e-03
1.400000000000000000e+01 5.400000000000000000e+01 4.600000000000000000e+01 0.000000000000000000e+00 1.600000000000000089e+00 -2.069000000000000093e-03 1.080000000000000014e-03 9.999970000000000248e-01 3.112199999999999966e-01 -9.503359999999999586e-01 1.670999999999999959e-03 9.503359999999999586e-01 3.112230000000000274e-01 1.629999999999999939e-03
2.300000000000000000e+01 5.400000000000000000e+01 4.600000000000000000e+01 0.000000000000000000e+00 1.600000000000000089e+00 9.340000000000000429e-04 -8.368999999999999703e-03 9.999649999999999928e-01 3.075950000000000073e-01 -9.514820000000000499e-01 -8.250000000000000389e-03 9.515169999999999462e-01 3.075919999999999765e-01 1.685999999999999999e-03
1.600000000000000000e+01 6.500000000000000000e+01 4.600000000000000000e+01 0.000000000000000000e+00 1.600000000000000089e+00 1.544999999999999932e-03 -8.419999999999999750e-04 9.999980000000000535e-01 6.802359999999999518e-01 -7.329909999999999481e-01 -1.667999999999999995e-03 7.329919999999999769e-01 6.802369999999999806e-01 -5.599999999999999509e-04
1.100000000000000000e+01 7.000000000000000000e+00 5.200000000000000000e+01 0.000000000000000000e+00 1.600000000000000089e+00 -4.847999999999999879e-03 -7.797000000000000111e-03 -9.999580000000000135e-01 1.056070000000000064e-01 -9.943819999999999881e-01 7.241000000000000041e-03 -9.943959999999999466e-01 -1.055669999999999942e-01 5.643999999999999712e-03
1.300000000000000000e+01 7.000000000000000000e+00 5.200000000000000000e+01 0.000000000000000000e+00 1.600000000000000089e+00 -3.954000000000000049e-03 -4.349999999999999700e-03 -9.999829999999999552e-01 1.056689999999999990e-01 -9.943940000000000001e-01 3.908000000000000015e-03 -9.943929999999999714e-01 -1.056519999999999959e-01 4.390999999999999938e-03
3.000000000000000000e+01 7.000000000000000000e+00 5.200000000000000000e+01 0.000000000000000000e+00 1.600000000000000089e+00 -4.066000000000000170e-03 -4.956000000000000336e-03 -9.999799999999999800e-01 9.807899999999999952e-02 -9.951680000000000526e-01 4.532999999999999703e-03 -9.951699999999999990e-01 -9.805899999999999339e-02 4.531999999999999570e-03
5.000000000000000000e+00 6.300000000000000000e+01 5.400000000000000000e+01 0.000000000000000000e+00 1.600000000000000089e+00 4.690000000000000158e-04 -3.374999999999999962e-03 9.999940000000000495e-01 -3.516250000000000209e-01 9.361350000000000504e-01 3.324999999999999831e-03 -9.361410000000000009e-01 -3.516239999999999921e-01 -7.470000000000000511e-04
1.400000000000000000e+01 6.300000000000000000e+01 5.400000000000000000e+01 0.000000000000000000e+00 1.600000000000000089e+00 1.433999999999999945e-03 1.232999999999999938e-03 9.999980000000000535e-01 -3.592940000000000023e-01 9.332240000000000535e-01 -6.350000000000000392e-04 -9.332230000000000247e-01 -3.592929999999999735e-01 1.781000000000000031e-03
1.700000000000000000e+01 6.300000000000000000e+01 5.400000000000000000e+01 0.000000000000000000e+00 1.600000000000000089e+00 6.719999999999999628e-04 2.402000000000000055e-03 9.999970000000000248e-01 -3.608529999999999793e-01 9.326210000000000333e-01 -1.998000000000000210e-03 -9.326229999999999798e-01 -3.608500000000000041e-01 1.492999999999999969e-03
2.100000000000000000e+01 6.300000000000000000e+01 5.400000000000000000e+01 0.000000000000000000e+00 1.600000000000000089e+00 -1.330000000000000073e-04 2.285000000000000139e-03 9.999970000000000248e-01 -3.626840000000000064e-01 9.319100000000000161e-01 -2.177999999999999815e-03 -9.319119999999999626e-01 -3.626829999999999776e-01 7.050000000000000060e-04
2.600000000000000000e+01 6.300000000000000000e+01 5.400000000000000000e+01 0.000000000000000000e+00 1.600000000000000089e+00 -1.938999999999999968e-03 1.796999999999999986e-03 9.999959999999999960e-01 -3.546119999999999828e-01 9.350110000000000365e-01 -2.367999999999999879e-03 -9.350119999999999543e-01 -3.546150000000000135e-01 -1.175999999999999962e-03
8.000000000000000000e+00 2.500000000000000000e+01 5.500000000000000000e+01 0.000000000000000000e+00 1.600000000000000089e+00 2.689999999999999791e-04 1.490000000000000005e-03 -9.999989999999999712e-01 -1.484500000000000056e-02 -9.998890000000000278e-01 -1.492999999999999969e-03 -9.998899999999999455e-01 1.484500000000000056e-02 -2.469999999999999865e-04
1.800000000000000000e+01 2.500000000000000000e+01 5.500000000000000000e+01 0.000000000000000000e+00 1.600000000000000089e+00 -3.550000000000000096e-04 -6.210000000000000242e-04 -1.000000000000000000e+00 -1.115700000000000025e-02 -9.999379999999999935e-01 6.239999999999999887e-04 -9.999379999999999935e-01 1.115799999999999952e-02 3.480000000000000020e-04
2.200000000000000000e+01 2.500000000000000000e+01 5.500000000000000000e+01 0.000000000000000000e+00 1.600000000000000089e+00 4.199999999999999768e-05 -4.899999999999999842e-05 -1.000000000000000000e+00 -1.032100000000000031e-02 -9.999470000000000303e-01 4.800000000000000122e-05 -9.999470000000000303e-01 1.032100000000000031e-02 -4.300000000000000165e-05
2.500000000000000000e+01 2.500000000000000000e+01 5.500000000000000000e+01 0.000000000000000000e+00 1.600000000000000089e+00 -3.300000000000000253e-05 -2.050999999999999872e-03 -9.999980000000000535e-01 -1.013299999999999965e-02 -9.999470000000000303e-01 2.050999999999999872e-03 -9.999489999999999768e-01 1.013299999999999965e-02 1.200000000000000030e-05
2.000000000000000000e+00 6.800000000000000000e+01 5.700000000000000000e+01 0.000000000000000000e+00 1.600000000000000089e+00 -5.320000000000000293e-04 6.261000000000000072e-03 -9.999799999999999800e-01 -2.455809999999999937e-01 -9.693580000000000529e-01 -5.938999999999999835e-03 -9.693760000000000154e-01 2.455730000000000135e-01 2.053000000000000137e-03
7.000000000000000000e+00 6.800000000000000000e+01 5.700000000000000000e+01 0.000000000000000000e+00 1.600000000000000089e+00 -4.159999999999999744e-04 -1.209000000000000005e-03 -9.999989999999999712e-01 -2.441260000000000097e-01 -9.697430000000000216e-01 1.273000000000000043e-03 -9.697440000000000504e-01 2.441260000000000097e-01 1.079999999999999960e-04
2.300000000000000000e+01 6.800000000000000000e+01 5.700000000000000000e+01 0.000000000000000000e+00 1.600000000000000089e+00 1.340000000000000045e-03 2.694000000000000214e-03 -9.999949999999999672e-01 -2.458950000000000025e-01 -9.692920000000000424e-01 -2.939999999999999905e-03 -9.692950000000000177e-01 2.458980000000000055e-01 -6.369999999999999794e-04
1.400000000000000000e+01 2.100000000000000000e+01 6.000000000000000000e+01 0.000000000000000000e+00 1.600000000000000089e+00 -1.289999999999999914e-04 -9.719999999999999474e-03 9.999529999999999808e-01 -9.301299999999999846e-02 9.956180000000000030e-01 9.665999999999999245e-03 -9.956650000000000222e-01 -9.300799999999999346e-02 -1.031999999999999931e-03
1.700000000000000000e+01 2.100000000000000000e+01 6.000000000000000000e+01 0.000000000000000000e+00 1.600000000000000089e+00 -1.701999999999999954e-03 2.259000000000000157e-03 9.999959999999999960e-01 -9.394600000000000173e-02 9.955739999999999590e-01 -2.409000000000000117e-03 -9.955760000000000165e-01 -9.395000000000000573e-02 -1.482999999999999943e-03
2.500000000000000000e+01 2.100000000000000000e+01 6.000000000000000000e+01 0.000000000000000000e+00 1.600000000000000089e+00 -8.200000000000000095e-05 8.946000000000000826e-03 9.999599999999999600e-01 -9.537700000000000344e-02 9.954009999999999803e-01 -8.913000000000000783e-03 -9.954410000000000203e-01 -9.537400000000000044e-02 7.720000000000000083e-04
2.900000000000000000e+01 2.100000000000000000e+01 6.000000000000000000e+01 0.000000000000000000e+00 1.600000000000000089e+00 -1.554000000000000043e-03 8.944999999999999826e-03 9.999590000000000423e-01 -9.471699999999999564e-02 9.954629999999999868e-01 -9.051999999999999283e-03 -9.955030000000000268e-01 -9.472700000000000564e-02 -6.999999999999999929e-04
2.900000000000000000e+01 3.000000000000000000e+00 6.300000000000000000e+01 0.000000000000000000e+00 1.600000000000000089e+00 2.400000000000000061e-05 1.247000000000000062e-03 9.999989999999999712e-01 -6.125389999999999446e-01 7.904400000000000315e-01 -9.709999999999999664e-04 -7.904400000000000315e-01 -6.125389999999999446e-01 7.829999999999999504e-04
4.000000000000000000e+00 2.700000000000000000e+01 6.300000000000000000e+01 0.000000000000000000e+00 1.600000000000000089e+00 -1.858999999999999975e-03 -1.516999999999999902e-03 9.999970000000000248e-01 -2.763979999999999770e-01 9.610429999999999806e-01 9.439999999999999607e-04 -9.610410000000000341e-01 -2.763959999999999750e-01 -2.206000000000000062e-03
9.000000000000000000e+00 2.700000000000000000e+01 6.300000000000000000e+01 0.000000000000000000e+00 1.600000000000000089e+00 -9.499999999999999981e-04 -2.990000000000000036e-03 9.999949999999999672e-01 -2.776060000000000194e-01 9.606909999999999616e-01 2.609000000000000208e-03 -9.606940000000000479e-01 -2.776020000000000154e-01 -1.742999999999999975e-03
1.600000000000000000e+01 2.700000000000000000e+01 6.300000000000000000e+01 0.000000000000000000e+00 1.600000000000000089e+00 -2.158999999999999895e-03 -1.032199999999999958e-02 9.999440000000000550e-01 -2.777549999999999741e-01 9.606069999999999887e-01 9.315999999999999628e-03 -9.606500000000000039e-01 -2.777189999999999936e-01 -4.939999999999999947e-03
1.900000000000000000e+01 2.700000000000000000e+01 6.300000000000000000e+01 0.000000000000000000e+00 1.600000000000000089e+00 -1.020000000000000073e-03 -4.903000000000000240e-03 9.999869999999999592e-01 -2.770710000000000117e-01 9.608389999999999986e-01 4.427999999999999645e-03 -9.608489999999999531e-01 -2.770630000000000037e-01 -2.337999999999999801e-03
2.400000000000000000e+01 2.700000000000000000e+01 6.300000000000000000e+01 0.000000000000000000e+00 1.600000000000000089e+00 7.410000000000000137e-04 2.419999999999999842e-03 9.999970000000000248e-01 -2.800440000000000151e-01 9.599849999999999772e-01 -2.115000000000000126e-03 -9.599870000000000347e-01 -2.800409999999999844e-01 1.389000000000000044e-03
