1.000000000000000000e+01 4.200000000000000000e+01 2.000000000000000000e+00 0.000000000000000000e+00 1.600000000000000089e+00 -1.874999999999999931e-03 -2.896699999999999969e-02 9.995789999999999953e-01 9.898839999999999861e-01 1.417549999999999921e-01 5.964999999999999816e-03 -1.418689999999999951e-01 9.894779999999999687e-01 2.840799999999999922e-02
1.500000000000000000e+01 4.200000000000000000e+01 2.000000000000000000e+00 0.000000000000000000e+00 1.600000000000000089e+00 -7.780999999999999722e-03 -1.464400000000000077e-02 9.998620000000000285e-01 9.879909999999999526e-01 1.541879999999999917e-01 9.946999999999999245e-03 -1.543120000000000047e-01 9.879329999999999501e-01 1.326800000000000028e-02
1.100000000000000000e+01 1.600000000000000000e+01 4.000000000000000000e+00 0.000000000000000000e+00 1.600000000000000089e+00 -3.177999999999999835e-03 1.933599999999999902e-02 9.998080000000000300e-01 3.220529999999999782e-01 -9.465240000000000320e-01 1.932899999999999896e-02 9.467160000000000020e-01 3.220520000000000049e-01 -3.219000000000000073e-03
1.400000000000000000e+01 1.600000000000000000e+01 4.000000000000000000e+00 0.000000000000000000e+00 1.600000000000000089e+00 3.268000000000000071e-03 2.626200000000000062e-02 9.996500000000000385e-01 3.224139999999999784e-01 -9.462990000000000013e-01 2.380600000000000077e-02 9.465930000000000177e-01 3.222229999999999817e-01 -1.156000000000000083e-02
1.900000000000000000e+01 1.600000000000000000e+01 4.000000000000000000e+00 0.000000000000000000e+00 1.600000000000000089e+00 -8.170000000000000179e-04 1.555699999999999965e-02 9.998789999999999623e-01 3.228719999999999923e-01 -9.463240000000000540e-01 1.498799999999999959e-02 9.464420000000000055e-01 3.228460000000000218e-01 -4.249000000000000173e-03
2.900000000000000000e+01 1.600000000000000000e+01 4.000000000000000000e+00 0.000000000000000000e+00 1.600000000000000089e+00 -4.795999999999999916e-03 2.240999999999999936e-03 9.999860000000000415e-01 3.238889999999999825e-01 -9.460880000000000400e-01 3.673000000000000050e-03 9.460830000000000073e-01 3.239020000000000232e-01 3.811999999999999850e-03
6.000000000000000000e+00 1.500000000000000000e+01 8.000000000000000000e+00 0.000000000000000000e+00 1.600000000000000089e+00 6.475999999999999986e-03 2.101199999999999943e-02 -9.997580000000000355e-01 -5.679889999999999661e-01 -8.227689999999999726e-01 -2.097200000000000106e-02 -8.230110000000000481e-01 5.679880000000000484e-01 6.605999999999999893e-03
1.100000000000000000e+01 1.500000000000000000e+01 8.000000000000000000e+00 0.000000000000000000e+00 1.600000000000000089e+00 7.323999999999999781e-03 1.507900000000000039e-02 -9.998590000000000533e-01 -5.648840000000000527e-01 -8.250039999999999596e-01 -1.657899999999999999e-02 -8.251380000000000381e-01 5.649260000000000392e-01 2.475000000000000203e-03
1.600000000000000000e+01 1.500000000000000000e+01 8.000000000000000000e+00 0.000000000000000000e+00 1.600000000000000089e+00 4.819000000000000367e-03 2.143799999999999872e-02 -9.997589999999999533e-01 -5.641610000000000236e-01 -8.254120000000000346e-01 -2.041799999999999865e-02 -8.256510000000000238e-01 5.641230000000000411e-01 8.116999999999999216e-03
4.000000000000000000e+00 2.600000000000000000e+01 8.000000000000000000e+00 0.000000000000000000e+00 1.600000000000000089e+00 -6.651999999999999927e-03 -1.845300000000000065e-02 -9.998080000000000300e-01 4.126819999999999933e-01 9.106649999999999467e-01 -1.955399999999999847e-02 9.108509999999999662e-01 -4.127330000000000165e-01 1.557999999999999923e-03
1.000000000000000000e+01 2.600000000000000000e+01 8.000000000000000000e+00 0.000000000000000000e+00 1.600000000000000089e+00 -5.473999999999999699e-03 -1.444699999999999977e-02 -9.998810000000000198e-01 4.174689999999999790e-01 9.085600000000000342e-01 -1.541299999999999962e-02 9.086739999999999817e-01 -4.175039999999999862e-01 1.057999999999999913e-03
1.700000000000000000e+01 2.600000000000000000e+01 8.000000000000000000e+00 0.000000000000000000e+00 1.600000000000000089e+00 -4.606999999999999984e-03 -1.899700000000000000e-02 -9.998089999999999478e-01 4.215610000000000190e-01 9.065969999999999862e-01 -1.916800000000000101e-02 9.067880000000000384e-01 -4.215690000000000270e-01 3.831999999999999903e-03
2.000000000000000000e+01 2.600000000000000000e+01 8.000000000000000000e+00 0.000000000000000000e+00 1.600000000000000089e+00 -5.212999999999999752e-03 -2.040399999999999853e-02 -9.997779999999999445e-01 4.233040000000000136e-01 9.057520000000000016e-01 -2.069199999999999859e-02 9.059730000000000283e-01 -4.233180000000000276e-01 3.916000000000000210e-03
2.300000000000000000e+01 2.600000000000000000e+01 8.000000000000000000e+00 0.000000000000000000e+00 1.600000000000000089e+00 -5.758000000000000097e-03 -2.220300000000000051e-02 -9.997369999999999868e-01 4.254089999999999816e-01 9.047209999999999974e-01 -2.254300000000000054e-02 9.049829999999999819e-01 -4.254269999999999996e-01 4.236000000000000182e-03
2.100000000000000000e+01 1.400000000000000000e+01 9.000000000000000000e+00 0.000000000000000000e+00 1.600000000000000089e+00 6.865999999999999708e-03 1.496399999999999987e-02 -9.998639999999999750e-01 -5.576449999999999463e-01 -8.299199999999999910e-01 -1.624899999999999956e-02 -8.300509999999999833e-01 5.576809999999999823e-01 2.647000000000000047e-03
2.400000000000000000e+01 1.400000000000000000e+01 9.000000000000000000e+00 0.000000000000000000e+00 1.600000000000000089e+00 6.516000000000000091e-03 1.619400000000000006e-02 -9.998479999999999590e-01 -5.559659999999999602e-01 -8.310290000000000177e-01 -1.708300000000000096e-02 -8.311790000000000012e-01 5.559929999999999595e-01 3.588000000000000043e-03
2.800000000000000000e+01 1.400000000000000000e+01 9.000000000000000000e+00 0.000000000000000000e+00 1.600000000000000089e+00 6.680000000000000174e-03 6.022999999999999708e-03 -9.999599999999999600e-01 -5.543989999999999752e-01 -8.322049999999999725e-01 -8.717000000000000789e-03 -8.322239999999999638e-01 5.544350000000000112e-01 -2.220000000000000185e-03
3.000000000000000000e+00 2.400000000000000000e+01 9.000000000000000000e+00 0.000000000000000000e+00 1.600000000000000089e+00 -6.870000000000000238e-03 -2.086000000000000007e-02 -9.997589999999999533e-01 4.660230000000000206e-01 8.845079999999999609e-01 -2.165800000000000017e-02 8.847460000000000324e-01 -4.660590000000000011e-01 3.644000000000000104e-03
3.000000000000000000e+00 3.100000000000000000e+01 1.200000000000000000e+01 0.000000000000000000e+00 1.600000000000000089e+00 4.299999999999999894e-04 -1.364999999999999894e-03 9.999989999999999712e-01 7.808999999999999969e-03 9.999689999999999968e-01 1.361000000000000014e-03 -9.999689999999999968e-01 7.808999999999999969e-03 4.409999999999999858e-04
1.500000000000000000e+01 3.100000000000000000e+01 1.200000000000000000e+01 0.000000000000000000e+00 1.600000000000000089e+00 -2.982999999999999974e-03 1.412999999999999977e-03 9.999949999999999672e-01 1.523399999999999928e-02 9.998829999999999663e-01 -1.366999999999999943e-03 -9.998789999999999623e-01 1.523000000000000048e-02 -3.004000000000000160e-03
1.800000000000000000e+01 3.100000000000000000e+01 1.200000000000000000e+01 0.000000000000000000e+00 1.600000000000000089e+00 -1.956999999999999972e-03 -1.019999999999999992e-04 9.999980000000000535e-01 1.576400000000000023e-02 9.998759999999999870e-01 1.330000000000000073e-04 -9.998740000000000405e-01 1.576400000000000023e-02 -1.955000000000000140e-03
2.100000000000000000e+01 3.100000000000000000e+01 1.200000000000000000e+01 0.000000000000000000e+00 1.600000000000000089e+00 -4.949999999999999973e-04 9.000000000000000567e-05 1.000000000000000000e+00 1.528599999999999924e-02 9.998829999999999663e-01 -8.200000000000000095e-05 -9.998829999999999663e-01 1.528599999999999924e-02 -4.960000000000000216e-04
2.600000000000000000e+01 3.100000000000000000e+01 1.200000000000000000e+01 0.000000000000000000e+00 1.600000000000000089e+00 2.699999999999999899e-05 4.389999999999999914e-04 1.000000000000000000e+00 1.422900000000000033e-02 9.998989999999999823e-01 -4.389999999999999914e-04 -9.998989999999999823e-01 1.422900000000000033e-02 2.099999999999999884e-05
1.600000000000000000e+01 3.200000000000000000e+01 1.400000000000000000e+01 0.000000000000000000e+00 1.600000000000000089e+00 3.873999999999999840e-03 3.480000000000000020e-04 -9.999919999999999920e-01 1.219859999999999972e-01 9.925310000000000521e-01 8.180000000000000422e-04 9.925239999999999618e-01 -1.219879999999999992e-01 3.802999999999999957e-03
1.100000000000000000e+01 1.200000000000000000e+01 1.500000000000000000e+01 0.000000000000000000e+00 1.600000000000000089e+00 5.481999999999999894e-03 5.483000000000000027e-03 -9.999700000000000255e-01 -4.701199999999999823e-01 -8.825709999999999944e-01 -7.416999999999999982e-03 -8.825849999999999529e-01 4.701469999999999816e-01 -2.260999999999999989e-03
1.400000000000000000e+01 1.200000000000000000e+01 1.500000000000000000e+01 0.000000000000000000e+00 1.600000000000000089e+00 3.963000000000000377e-03 9.456000000000000863e-03 -9.999470000000000303e-01 -4.702319999999999833e-01 -8.824840000000000462e-01 -1.020899999999999933e-02 -8.825340000000000407e-01 4.702479999999999993e-01 9.489999999999999738e-04
2.200000000000000000e+01 1.200000000000000000e+01 1.500000000000000000e+01 0.000000000000000000e+00 1.600000000000000089e+00 4.889000000000000117e-03 5.307000000000000085e-03 -9.999740000000000295e-01 -4.687769999999999992e-01 -8.832889999999999908e-01 -6.978999999999999961e-03 -8.833029999999999493e-01 4.687990000000000212e-01 -1.830000000000000029e-03
6.000000000000000000e+00 1.160000000000000000e+02 1.600000000000000000e+01 0.000000000000000000e+00 1.600000000000000089e+00 7.829999999999999504e-04 2.005999999999999971e-03 9.999980000000000535e-01 6.701120000000000410e-01 7.422569999999999446e-01 -2.014000000000000165e-03 -7.422600000000000309e-01 6.701120000000000410e-01 -7.630000000000000063e-04
1.000000000000000000e+01 1.160000000000000000e+02 1.600000000000000000e+01 0.000000000000000000e+00 1.600000000000000089e+00 -2.599999999999999772e-04 -1.258000000000000004e-03 9.999989999999999712e-01 6.716539999999999733e-01 7.408649999999999958e-01 1.105999999999999995e-03 -7.408649999999999958e-01 6.716529999999999445e-01 6.520000000000000188e-04
2.900000000000000000e+01 1.160000000000000000e+02 1.600000000000000000e+01 0.000000000000000000e+00 1.600000000000000089e+00 8.000000000000000654e-05 -3.226999999999999834e-03 9.999949999999999672e-01 7.090969999999999773e-01 7.051070000000000393e-01 2.217999999999999920e-03 -7.051100000000000145e-01 7.090940000000000021e-01 2.344000000000000163e-03
5.000000000000000000e+00 2.000000000000000000e+00 1.900000000000000000e+01 0.000000000000000000e+00 1.600000000000000089e+00 -8.819999999999999715e-04 5.540000000000000219e-04 -9.999989999999999712e-01 1.677829999999999877e-01 -9.858240000000000336e-01 -6.949999999999999798e-04 -9.858240000000000336e-01 -1.677839999999999887e-01 7.770000000000000214e-04
8.000000000000000000e+00 2.000000000000000000e+00 1.900000000000000000e+01 0.000000000000000000e+00 1.600000000000000089e+00 -2.296999999999999997e-03 6.449999999999999570e-04 -9.999970000000000248e-01 1.669619999999999993e-01 -9.859630000000000338e-01 -1.018999999999999941e-03 -9.859609999999999763e-01 -1.669640000000000013e-01 2.157000000000000063e-03
1.200000000000000000e+01 2.000000000000000000e+00 1.900000000000000000e+01 0.000000000000000000e+00 1.600000000000000089e+00 -1.003999999999999901e-03 -2.049999999999999956e-04 -9.999989999999999712e-01 1.672639999999999960e-01 -9.859120000000000106e-01 3.499999999999999693e-05 -9.859120000000000106e-01 -1.672639999999999960e-01 1.023999999999999954e-03
1.700000000000000000e+01 2.000000000000000000e+00 1.900000000000000000e+01 0.000000000000000000e+00 1.600000000000000089e+00 2.135000000000000179e-03 6.693000000000000164e-03 -9.999749999999999472e-01 1.699869999999999992e-01 -9.854270000000000529e-01 -6.231999999999999693e-03 -9.854439999999999866e-01 -1.699700000000000100e-01 -3.240999999999999957e-03
2.300000000000000000e+01 2.000000000000000000e+00 1.900000000000000000e+01 0.000000000000000000e+00 1.600000000000000089e+00 -1.838999999999999923e-03 8.829999999999999958e-04 -9.999980000000000535e-01 1.687770000000000103e-01 -9.856540000000000301e-01 -1.180999999999999975e-03 -9.856530000000000014e-01 -1.687790000000000123e-01 1.663999999999999898e-03
2.700000000000000000e+01 2.000000000000000000e+00 1.900000000000000000e+01 0.000000000000000000e+00 1.600000000000000089e+00 -1.559000000000000056e-03 6.344999999999999946e-03 -9.999789999999999512e-01 1.597909999999999886e-01 -9.871290000000000342e-01 -6.512000000000000427e-03 -9.871499999999999719e-01 -1.597979999999999956e-01 5.249999999999999676e-04
4.000000000000000000e+00 1.300000000000000000e+01 2.000000000000000000e+01 0.000000000000000000e+00 1.600000000000000089e+00 -6.679999999999999740e-04 4.260000000000000006e-04 1.000000000000000000e+00 2.591879999999999740e-01 9.658269999999999911e-01 -2.380000000000000117e-04 -9.658269999999999911e-01 2.591879999999999740e-01 -7.550000000000000287e-04
1.100000000000000000e+01 1.300000000000000000e+01 2.000000000000000000e+01 0.000000000000000000e+00 1.600000000000000089e+00 -6.799999999999999946e-05 -7.574000000000000003e-03 9.999710000000000543e-01 2.594770000000000132e-01 9.657219999999999693e-01 7.331999999999999976e-03 -9.657489999999999686e-01 2.594699999999999784e-01 1.899999999999999996e-03
1.500000000000000000e+01 1.300000000000000000e+01 2.000000000000000000e+01 0.000000000000000000e+00 1.600000000000000089e+00 -3.690000000000000246e-04 2.129999999999999949e-03 9.999980000000000535e-01 2.602079999999999949e-01 9.655510000000000481e-01 -1.959999999999999937e-03 -9.655529999999999946e-01 2.602059999999999929e-01 -9.100000000000000016e-04
1.900000000000000000e+01 1.300000000000000000e+01 2.000000000000000000e+01 0.000000000000000000e+00 1.600000000000000089e+00 -1.299000000000000024e-03 6.650000000000000095e-04 9.999989999999999712e-01 2.634070000000000022e-01 9.646850000000000147e-01 -2.999999999999999737e-04 -9.646839999999999860e-01 2.634070000000000022e-01 -1.428000000000000016e-03
2.800000000000000000e+01 1.300000000000000000e+01 2.000000000000000000e+01 0.000000000000000000e+00 1.600000000000000089e+00 1.230000000000000082e-04 -2.438000000000000063e-03 9.999970000000000248e-01 2.600069999999999881e-01 9.656040000000000179e-01 2.321999999999999845e-03 -9.656069999999999931e-01 2.600060000000000149e-01 7.529999999999999801e-04
4.000000000000000000e+00 1.600000000000000000e+01 2.100000000000000000e+01 0.000000000000000000e+00 1.600000000000000089e+00 9.000000000000000228e-06 7.177000000000000220e-03 9.999740000000000295e-01 2.962219999999999853e-01 9.550950000000000273e-01 -6.858000000000000380e-03 -9.551190000000000513e-01 2.962139999999999773e-01 -2.118000000000000091e-03
8.000000000000000000e+00 1.600000000000000000e+01 2.100000000000000000e+01 0.000000000000000000e+00 1.600000000000000089e+00 -6.909999999999999910e-04 -4.993000000000000042e-03 9.999869999999999592e-01 2.965380000000000238e-01 9.550079999999999680e-01 4.972999999999999990e-03 -9.550210000000000088e-01 2.965380000000000238e-01 8.199999999999999824e-04
1.200000000000000000e+01 1.600000000000000000e+01 2.100000000000000000e+01 0.000000000000000000e+00 1.600000000000000089e+00 -5.099999999999999960e-05 -5.361999999999999579e-03 9.999860000000000415e-01 2.967420000000000058e-01 9.549440000000000150e-01 5.135999999999999940e-03 -9.549579999999999735e-01 2.967380000000000018e-01 1.543000000000000101e-03
2.800000000000000000e+01 1.600000000000000000e+01 2.100000000000000000e+01 0.000000000000000000e+00 1.600000000000000089e+00 8.170000000000000179e-04 3.869999999999999742e-04 1.000000000000000000e+00 2.985559999999999881e-01 9.543920000000000181e-01 -6.130000000000000466e-04 -9.543920000000000181e-01 2.985570000000000168e-01 6.639999999999999852e-04
1.100000000000000000e+01 4.600000000000000000e+01 2.700000000000000000e+01 0.000000000000000000e+00 1.600000000000000089e+00 8.229999999999999469e-04 1.203000000000000076e-03 -9.999989999999999712e-01 6.799730000000000496e-01 7.332359999999999989e-01 1.441999999999999922e-03 7.332370000000000276e-01 -6.799730000000000496e-01 -2.149999999999999947e-04
1.300000000000000000e+01 4.600000000000000000e+01 3.000000000000000000e+01 0.000000000000000000e+00 1.600000000000000089e+00 4.189999999999999931e-04 7.999999999999999638e-06 -1.000000000000000000e+00 3.365279999999999938e-01 9.416729999999999823e-01 1.479999999999999925e-04 9.416729999999999823e-01 -3.365279999999999938e-01 3.919999999999999873e-04
2.500000000000000000e+01 4.600000000000000000e+01 3.000000000000000000e+01 0.000000000000000000e+00 1.600000000000000089e+00 1.749999999999999982e-04 -3.890000000000000228e-04 -1.000000000000000000e+00 3.359710000000000196e-01 9.418720000000000425e-01 -3.080000000000000055e-04 9.418720000000000425e-01 -3.359710000000000196e-01 2.959999999999999849e-04
2.000000000000000000e+00 5.800000000000000000e+01 3.100000000000000000e+01 0.000000000000000000e+00 1.600000000000000089e+00 1.907000000000000058e-03 2.292999999999999899e-03 9.999959999999999960e-01 -7.997849999999999682e-01 -6.002790000000000070e-01 2.902000000000000066e-03 6.002830000000000110e-01 -7.997870000000000257e-01 6.890000000000000508e-04
7.000000000000000000e+00 5.800000000000000000e+01 3.100000000000000000e+01 0.000000000000000000e+00 1.600000000000000089e+00 2.194000000000000204e-03 4.863000000000000135e-03 9.999860000000000415e-01 -7.989479999999999915e-01 -6.013819999999999721e-01 4.677999999999999867e-03 6.013960000000000417e-01 -7.989469999999999628e-01 2.566000000000000138e-03
1.300000000000000000e+01 5.800000000000000000e+01 3.100000000000000000e+01 0.000000000000000000e+00 1.600000000000000089e+00 1.050000000000000044e-04 -1.897000000000000032e-03 9.999980000000000535e-01 -7.965130000000000265e-01 -6.046200000000000463e-01 -1.062999999999999926e-03 6.046209999999999640e-01 -7.965119999999999978e-01 -1.574000000000000095e-03
1.800000000000000000e+01 5.800000000000000000e+01 3.100000000000000000e+01 0.000000000000000000e+00 1.600000000000000089e+00 -1.569999999999999944e-04 -8.710000000000000294e-04 1.000000000000000000e+00 -7.984630000000000338e-01 -6.020429999999999948e-01 -6.489999999999999459e-04 6.020429999999999948e-01 -7.984630000000000338e-01 -6.009999999999999717e-04
2.600000000000000000e+01 5.800000000000000000e+01 3.100000000000000000e+01 0.000000000000000000e+00 1.600000000000000089e+00 -2.033999999999999784e-03 -3.579999999999999741e-04 9.999980000000000535e-01 -7.969850000000000545e-01 -6.039970000000000061e-01 -1.838000000000000007e-03 6.039959999999999773e-01 -7.969870000000000010e-01 9.439999999999999607e-04
1.000000000000000000e+00 4.600000000000000000e+01 3.500000000000000000e+01 0.000000000000000000e+00 1.600000000000000089e+00 -1.059999999999999961e-03 3.928000000000000068e-03 -9.999919999999999920e-01 3.852169999999999761e-01 -9.228169999999999984e-01 -4.033000000000000126e-03 -9.228260000000000352e-01 -3.852180000000000049e-01 -5.349999999999999938e-04
5.000000000000000000e+00 4.600000000000000000e+01 3.500000000000000000e+01 0.000000000000000000e+00 1.600000000000000089e+00 -5.540000000000000219e-04 1.918000000000000000e-03 -9.999980000000000535e-01 3.860190000000000010e-01 -9.224890000000000034e-01 -1.982999999999999954e-03 -9.224900000000000322e-01 -3.860199999999999743e-01 -2.290000000000000098e-04
1.600000000000000000e+01 4.600000000000000000e+01 3.500000000000000000e+01 0.000000000000000000e+00 1.600000000000000089e+00 -1.828999999999999897e-03 5.176000000000000045e-03 -9.999850000000000128e-01 3.917760000000000131e-01 -9.200439999999999729e-01 -5.479000000000000363e-03 -9.200589999999999602e-01 -3.917800000000000171e-01 -3.460000000000000076e-04
1.900000000000000000e+01 4.600000000000000000e+01 3.500000000000000000e+01 0.000000000000000000e+00 1.600000000000000089e+00 -6.359999999999999551e-04 1.799000000000000035e-03 -9.999980000000000535e-01 3.915219999999999811e-01 -9.201669999999999572e-01 -1.905000000000000009e-03 -9.201679999999999859e-01 -3.915230000000000099e-01 -1.190000000000000058e-04
2.600000000000000000e+01 4.600000000000000000e+01 3.500000000000000000e+01 0.000000000000000000e+00 1.600000000000000089e+00 3.020000000000000223e-04 2.442999999999999859e-03 -9.999970000000000248e-01 3.906540000000000012e-01 -9.205349999999999921e-01 -2.131000000000000082e-03 -9.205379999999999674e-01 -3.906519999999999992e-01 -1.232000000000000022e-03
8.000000000000000000e+00 9.500000000000000000e+01 3.600000000000000000e+01 0.000000000000000000e+00 1.600000000000000089e+00 -2.298999999999999828e-03 6.099999999999999872e-05 9.999970000000000248e-01 9.970729999999999871e-01 7.641900000000000082e-02 2.288000000000000103e-03 -7.641900000000000082e-02 9.970759999999999623e-01 -2.359999999999999902e-04
1.200000000000000000e+01 9.500000000000000000e+01 3.600000000000000000e+01 0.000000000000000000e+00 1.600000000000000089e+00 -4.745000000000000086e-03 -1.810600000000000057e-02 9.998249999999999638e-01 9.968510000000000426e-01 7.905900000000000427e-02 6.163000000000000075e-03 -7.915700000000000514e-02 9.967049999999999521e-01 1.767399999999999874e-02
1.600000000000000000e+01 9.500000000000000000e+01 3.600000000000000000e+01 0.000000000000000000e+00 1.600000000000000089e+00 4.657999999999999814e-03 1.204999999999999995e-02 9.999169999999999447e-01 9.965239999999999654e-01 8.311399999999999344e-02 -5.642999999999999579e-03 -8.317499999999999893e-02 9.964669999999999916e-01 -1.162099999999999939e-02
2.000000000000000000e+01 9.500000000000000000e+01 3.600000000000000000e+01 0.000000000000000000e+00 1.600000000000000089e+00 4.076999999999999895e-03 1.887399999999999842e-02 9.998139999999999805e-01 9.967240000000000544e-01 8.068699999999999484e-02 -5.588000000000000085e-03 -8.077700000000000158e-02 9.965610000000000301e-01 -1.848400000000000043e-02
2.400000000000000000e+01 9.500000000000000000e+01 3.600000000000000000e+01 0.000000000000000000e+00 1.600000000000000089e+00 -7.439999999999999782e-04 -8.963000000000000481e-03 9.999599999999999600e-01 9.972370000000000401e-01 7.427400000000000668e-02 1.407999999999999963e-03 -7.428400000000000281e-02 9.971980000000000288e-01 8.883000000000000271e-03
2.700000000000000000e+01 9.500000000000000000e+01 3.600000000000000000e+01 0.000000000000000000e+00 1.600000000000000089e+00 -3.289999999999999956e-03 -2.227000000000000160e-02 9.997470000000000523e-01 9.972649999999999570e-01 7.374500000000000499e-02 4.924999999999999691e-03 -7.383599999999999886e-02 9.970280000000000253e-01 2.196700000000000041e-02
3.000000000000000000e+01 9.500000000000000000e+01 3.600000000000000000e+01 0.000000000000000000e+00 1.600000000000000089e+00 -2.991000000000000169e-03 -1.434500000000000011e-02 9.998930000000000318e-01 9.973279999999999923e-01 7.294299999999999395e-02 4.029999999999999728e-03 -7.299300000000000233e-02 9.972330000000000361e-01 1.408900000000000083e-02
2.000000000000000000e+00 3.000000000000000000e+00 4.300000000000000000e+01 0.000000000000000000e+00 1.600000000000000089e+00 -5.973000000000000011e-03 4.630999999999999700e-03 -9.999710000000000543e-01 7.385629999999999695e-01 -6.741420000000000190e-01 -7.532999999999999766e-03 -6.741580000000000350e-01 -7.385869999999999935e-01 6.059999999999999849e-04
6.000000000000000000e+00 3.000000000000000000e+00 4.300000000000000000e+01 0.000000000000000000e+00 1.600000000000000089e+00 -4.459000000000000290e-03 -1.060000000000000005e-02 -9.999339999999999895e-01 7.395850000000000479e-01 -6.730519999999999836e-01 3.837000000000000133e-03 -6.730479999999999796e-01 -7.395190000000000374e-01 1.084099999999999994e-02
2.100000000000000000e+01 3.000000000000000000e+00 4.300000000000000000e+01 0.000000000000000000e+00 1.600000000000000089e+00 2.272000000000000148e-03 7.636000000000000426e-03 -9.999679999999999680e-01 7.389379999999999837e-01 -6.737649999999999473e-01 -3.465999999999999897e-03 -6.737699999999999800e-01 -7.389069999999999805e-01 -7.173999999999999821e-03
2.600000000000000000e+01 3.000000000000000000e+00 4.300000000000000000e+01 0.000000000000000000e+00 1.600000000000000089e+00 -2.899000000000000101e-03 -6.089999999999999927e-03 -9.999770000000000048e-01 7.389750000000000485e-01 -6.737300000000000511e-01 1.961000000000000069e-03 -6.737269999999999648e-01 -7.389520000000000532e-01 6.453000000000000402e-03
2.400000000000000000e+01 8.000000000000000000e+00 4.400000000000000000e+01 0.000000000000000000e+00 1.600000000000000089e+00 -2.480000000000000108e-04 1.621000000000000045e-03 9.999989999999999712e-01 -7.874440000000000328e-01 -6.163859999999999895e-01 8.040000000000000271e-04 6.163859999999999895e-01 -7.874430000000000041e-01 1.430000000000000064e-03
2.000000000000000000e+00 2.900000000000000000e+01 4.400000000000000000e+01 0.000000000000000000e+00 1.600000000000000089e+00 -5.246999999999999928e-03 -6.845999999999999655e-03 -9.999630000000000463e-01 6.377570000000000183e-01 7.701890000000000125e-01 -8.618999999999999925e-03 7.702200000000000157e-01 -6.377779999999999561e-01 3.249999999999999851e-04
7.000000000000000000e+00 2.900000000000000000e+01 4.400000000000000000e+01 0.000000000000000000e+00 1.600000000000000089e+00 -1.582000000000000073e-03 -1.753000000000000001e-03 -9.999970000000000248e-01 6.389430000000000387e-01 7.692499999999999893e-01 -2.358999999999999986e-03 7.692520000000000469e-01 -6.389449999999999852e-01 -9.699999999999999963e-05
1.800000000000000000e+01 2.900000000000000000e+01 4.400000000000000000e+01 0.000000000000000000e+00 1.600000000000000089e+00 4.288000000000000145e-03 3.690000000000000246e-04 -9.999909999999999632e-01 6.712099999999999733e-01 7.412600000000000300e-01 3.151999999999999854e-03 7.412549999999999972e-01 -6.712179999999999813e-01 2.931000000000000012e-03
2.300000000000000000e+01 2.900000000000000000e+01 4.400000000000000000e+01 0.000000000000000000e+00 1.600000000000000089e+00 1.131000000000000061e-03 -2.442000000000000160e-03 -9.999959999999999960e-01 6.768359999999999932e-01 7.361330000000000373e-01 -1.031999999999999931e-03 7.361330000000000373e-01 -6.768319999999999892e-01 2.484999999999999796e-03
2.700000000000000000e+01 2.900000000000000000e+01 4.400000000000000000e+01 0.000000000000000000e+00 1.600000000000000089e+00 -2.821999999999999856e-03 -3.592999999999999840e-03 -9.999900000000000455e-01 6.770469999999999544e-01 7.359250000000000513e-01 -4.553999999999999888e-03 7.359339999999999771e-01 -6.770530000000000159e-01 3.559999999999999797e-04
1.000000000000000000e+01 6.000000000000000000e+00 5.100000000000000000e+01 0.000000000000000000e+00 1.600000000000000089e+00 -5.421999999999999736e-03 2.269000000000000183e-03 -9.999829999999999552e-01 3.232729999999999770e-01 -9.462979999999999725e-01 -3.899999999999999821e-03 -9.462899999999999645e-01 -3.232889999999999930e-01 4.398000000000000000e-03
2.700000000000000000e+01 1.150000000000000000e+02 5.100000000000000000e+01 0.000000000000000000e+00 1.600000000000000089e+00 -1.765999999999999992e-03 -6.238999999999999754e-03 9.999789999999999512e-01 8.440309999999999757e-01 -5.362909999999999622e-01 -1.855000000000000095e-03 5.362919999999999909e-01 8.440100000000000380e-01 6.212999999999999773e-03
1.400000000000000000e+01 7.000000000000000000e+00 5.200000000000000000e+01 0.000000000000000000e+00 1.600000000000000089e+00 -2.906000000000000163e-03 1.791000000000000057e-03 -9.999940000000000495e-01 8.887399999999999467e-02 -9.960409999999999542e-01 -2.041999999999999978e-03 -9.960390000000000077e-01 -8.887899999999999967e-02 2.735000000000000018e-03
7.000000000000000000e+00 6.300000000000000000e+01 5.400000000000000000e+01 0.000000000000000000e+00 1.600000000000000089e+00 -5.500000000000000331e-04 6.200000000000000270e-05 1.000000000000000000e+00 -3.523259999999999725e-01 9.358769999999999589e-01 -2.519999999999999996e-04 -9.358769999999999589e-01 -3.523270000000000013e-01 -4.929999999999999487e-04
1.300000000000000000e+01 6.300000000000000000e+01 5.400000000000000000e+01 0.000000000000000000e+00 1.600000000000000089e+00 1.000000000000000021e-03 -1.075000000000000001e-03 9.999989999999999712e-01 -3.528339999999999810e-01 9.356849999999999890e-01 1.358000000000000049e-03 -9.356860000000000177e-01 -3.528350000000000097e-01 5.559999999999999621e-04
1.800000000000000000e+01 6.300000000000000000e+01 5.400000000000000000e+01 0.000000000000000000e+00 1.600000000000000089e+00 -1.177000000000000095e-03 -3.040000000000000167e-04 9.999989999999999712e-01 -3.545449999999999990e-01 9.350389999999999535e-01 -1.330000000000000073e-04 -9.350380000000000358e-01 -3.545449999999999990e-01 -1.208000000000000089e-03
2.500000000000000000e+01 6.300000000000000000e+01 5.400000000000000000e+01 0.000000000000000000e+00 1.600000000000000089e+00 1.856999999999999927e-03 -1.425999999999999967e-03 9.999970000000000248e-01 -3.513000000000000012e-01 9.362610000000000099e-01 1.987000000000000051e-03 -9.362610000000000099e-01 -3.513020000000000032e-01 1.237999999999999951e-03
6.000000000000000000e+00 2.500000000000000000e+01 5.500000000000000000e+01 0.000000000000000000e+00 1.600000000000000089e+00 1.371999999999999956e-03 -1.979999999999999989e-03 -9.999970000000000248e-01 -1.261100000000000068e-02 -9.999190000000000023e-01 1.962999999999999901e-03 -9.999200000000000310e-01 1.260799999999999942e-02 -1.397000000000000021e-03
1.100000000000000000e+01 2.500000000000000000e+01 5.500000000000000000e+01 0.000000000000000000e+00 1.600000000000000089e+00 -1.149999999999999981e-03 1.536999999999999955e-03 -9.999980000000000535e-01 -1.270800000000000055e-02 -9.999179999999999735e-01 -1.523000000000000048e-03 -9.999190000000000023e-01 1.270600000000000028e-02 1.168999999999999900e-03
1.600000000000000000e+01 2.500000000000000000e+01 5.500000000000000000e+01 0.000000000000000000e+00 1.600000000000000089e+00 -7.839999999999999747e-04 -4.047000000000000250e-03 -9.999909999999999632e-01 -1.058800000000000019e-02 -9.999360000000000470e-01 4.054999999999999577e-03 -9.999440000000000550e-01 1.059099999999999972e-02 7.410000000000000137e-04
2.300000000000000000e+01 2.500000000000000000e+01 5.500000000000000000e+01 0.000000000000000000e+00 1.600000000000000089e+00 1.700000000000000122e-04 2.495999999999999955e-03 -9.999970000000000248e-01 -1.083699999999999941e-02 -9.999379999999999935e-01 -2.497000000000000088e-03 -9.999409999999999688e-01 1.083699999999999941e-02 -1.430000000000000064e-04
2.700000000000000000e+01 2.500000000000000000e+01 5.500000000000000000e+01 0.000000000000000000e+00 1.600000000000000089e+00 9.300000000000000541e-04 2.210999999999999858e-03 -9.999970000000000248e-01 -1.119000000000000029e-02 -9.999350000000000183e-01 -2.222000000000000017e-03 -9.999369999999999647e-01 1.119200000000000056e-02 -9.049999999999999885e-04
1.700000000000000000e+01 5.800000000000000000e+01 5.900000000000000000e+01 0.000000000000000000e+00 1.600000000000000089e+00 -2.510000000000000078e-03 -6.302999999999999575e-03 -9.999770000000000048e-01 3.820589999999999820e-01 9.241129999999999622e-01 -6.784000000000000100e-03 9.241350000000000398e-01 -3.820669999999999900e-01 8.799999999999999771e-05
2.000000000000000000e+01 6.000000000000000000e+00 6.100000000000000000e+01 0.000000000000000000e+00 1.600000000000000089e+00 3.899999999999999929e-04 1.036600000000000021e-02 9.999460000000000015e-01 5.623200000000000420e-01 -8.268780000000000019e-01 8.352000000000000049e-03 8.269199999999999884e-01 5.622859999999999525e-01 -6.151000000000000217e-03
4.000000000000000000e+00 3.000000000000000000e+00 6.300000000000000000e+01 0.000000000000000000e+00 1.600000000000000089e+00 -2.820000000000000241e-04 -3.468999999999999861e-03 9.999940000000000495e-01 -6.164439999999999920e-01 7.873940000000000383e-01 2.557999999999999944e-03 -7.873980000000000423e-01 -6.164399999999999880e-01 -2.360000000000000119e-03
5.000000000000000000e+00 2.700000000000000000e+01 6.300000000000000000e+01 0.000000000000000000e+00 1.600000000000000089e+00 1.000000000000000082e-05 1.054999999999999948e-03 9.999989999999999712e-01 -2.834650000000000225e-01 9.589820000000000011e-01 -1.008999999999999914e-03 -9.589830000000000298e-01 -2.834639999999999938e-01 3.089999999999999756e-04
9.000000000000000000e+00 2.700000000000000000e+01 6.300000000000000000e+01 0.000000000000000000e+00 1.600000000000000089e+00 -2.849999999999999886e-04 4.565999999999999746e-03 9.999900000000000455e-01 -2.837120000000000197e-01 9.588989999999999458e-01 -4.459000000000000290e-03 -9.589100000000000401e-01 -2.837100000000000177e-01 1.021999999999999905e-03
1.400000000000000000e+01 2.700000000000000000e+01 6.300000000000000000e+01 0.000000000000000000e+00 1.600000000000000089e+00 -1.760999999999999979e-03 -2.922000000000000118e-03 9.999940000000000495e-01 -2.838879999999999737e-01 9.588550000000000129e-01 2.301999999999999793e-03 -9.588560000000000416e-01 -2.838829999999999965e-01 -2.517999999999999839e-03
2.100000000000000000e+01 2.700000000000000000e+01 6.300000000000000000e+01 0.000000000000000000e+00 1.600000000000000089e+00 4.180000000000000230e-04 -1.884000000000000041e-03 9.999980000000000535e-01 -2.816290000000000182e-01 9.595209999999999573e-01 1.925999999999999978e-03 -9.595230000000000148e-01 -2.816290000000000182e-01 -1.299999999999999886e-04
2.500000000000000000e+01 2.700000000000000000e+01 6.300000000000000000e+01 0.000000000000000000e+00 1.600000000000000089e+00 2.726000000000000124e-03 3.213000000000000144e-03 9.999909999999999632e-01 -2.834760000000000058e-01 9.589760000000000506e-01 -2.308000000000000156e-03 -9.589750000000000218e-01 -2.834679999999999978e-01 3.523999999999999789e-03
2.900000000000000000e+01 2.700000000000000000e+01 6.300000000000000000e+01 0.000000000000000000e+00 1.600000000000000089e+00 2.177999999999999815e-03 -3.469999999999999777e-04 9.999970000000000248e-01 -2.846489999999999854e-01 9.586310000000000109e-01 9.520000000000000467e-04 -9.586289999999999534e-01 -2.846500000000000141e-01 1.990000000000000015e-03
3.000000000000000000e+00 2.600000000000000000e+01 6.400000000000000000e+01 0.000000000000000000e+00 1.600000000000000089e+00 5.500000000000000196e-05 -7.999999999999999638e-06 1.000000000000000000e+00 -3.632239999999999913e-01 9.317020000000000302e-01 2.799999999999999958e-05 -9.317020000000000302e-01 -3.632239999999999913e-01 4.800000000000000122e-05
5.000000000000000000e+00 2.600000000000000000e+01 6.400000000000000000e+01 0.000000000000000000e+00 1.600000000000000089e+00 1.369999999999999961e-04 1.333999999999999899e-03 9.999989999999999712e-01 -3.636280000000000068e-01 9.315430000000000099e-01 -1.193000000000000050e-03 -9.315440000000000387e-01 -3.636280000000000068e-01 6.120000000000000223e-04
9.000000000000000000e+00 2.600000000000000000e+01 6.400000000000000000e+01 0.000000000000000000e+00 1.600000000000000089e+00 -8.239999999999999712e-04 3.980000000000000031e-03 9.999919999999999920e-01 -3.649020000000000041e-01 9.310370000000000035e-01 -4.007000000000000145e-03 -9.310460000000000402e-01 -3.649020000000000041e-01 6.849999999999999535e-04
1.300000000000000000e+01 2.600000000000000000e+01 6.400000000000000000e+01 0.000000000000000000e+00 1.600000000000000089e+00 -2.455999999999999850e-03 -1.500000000000000031e-03 9.999959999999999960e-01 -3.669780000000000264e-01 9.302289999999999726e-01 4.939999999999999730e-04 -9.302259999999999973e-01 -3.669760000000000244e-01 -2.834999999999999847e-03
2.100000000000000000e+01 2.600000000000000000e+01 6.400000000000000000e+01 0.000000000000000000e+00 1.600000000000000089e+00 9.039999999999999642e-04 -2.880000000000000181e-03 9.999949999999999672e-01 -3.668980000000000019e-01 9.302559999999999718e-01 3.010999999999999788e-03 -9.302610000000000046e-01 -3.668989999999999752e-01 -2.159999999999999919e-04
2.400000000000000000e+01 2.600000000000000000e+01 6.400000000000000000e+01 0.000000000000000000e+00 1.600000000000000089e+00 2.735000000000000018e-03 3.027000000000000177e-03 9.999919999999999920e-01 -3.678830000000000156e-01 9.298699999999999743e-01 -1.807999999999999928e-03 -9.298680000000000279e-01 -3.678750000000000075e-01 3.655999999999999962e-03
2.900000000000000000e+01 2.600000000000000000e+01 6.400000000000000000e+01 0.000000000000000000e+00 1.600000000000000089e+00 2.661999999999999870e-03 2.269999999999999882e-04 9.999959999999999960e-01 -3.687940000000000107e-01 9.295109999999999761e-01 7.699999999999999597e-04 -9.295069999999999721e-01 -3.687940000000000107e-01 2.557999999999999944e-03
7.000000000000000000e+00 6.900000000000000000e+01 6.600000000000000000e+01 0.000000000000000000e+00 1.600000000000000089e+00 -1.183999999999999940e-03 -9.990000000000001049e-04 9.999989999999999712e-01 -9.501530000000000253e-01 3.117820000000000036e-01 -8.140000000000000534e-04 -3.117809999999999748e-01 -9.501530000000000253e-01 -1.317999999999999944e-03
2.300000000000000000e+01 6.900000000000000000e+01 6.600000000000000000e+01 0.000000000000000000e+00 1.600000000000000089e+00 3.784000000000000037e-03 -1.838999999999999923e-03 9.999909999999999632e-01 -9.501140000000000141e-01 3.118759999999999866e-01 4.168999999999999963e-03 -3.118799999999999906e-01 -9.501209999999999933e-01 -5.680000000000000370e-04
1.000000000000000000e+00 2.500000000000000000e+01 7.300000000000000000e+01 0.000000000000000000e+00 1.600000000000000089e+00 2.809999999999999998e-04 1.479999999999999979e-03 9.999989999999999712e-01 7.546739999999999560e-01 -6.560989999999999878e-01 7.590000000000000175e-04 6.561000000000000165e-01 7.546730000000000382e-01 -1.301000000000000073e-03
1.000000000000000000e+01 2.500000000000000000e+01 7.300000000000000000e+01 0.000000000000000000e+00 1.600000000000000089e+00 9.340000000000000429e-04 -1.108999999999999960e-03 9.999989999999999712e-01 7.532529999999999504e-01 -6.577290000000000081e-01 -1.433000000000000029e-03 6.577300000000000368e-01 7.532539999999999791e-01 2.210000000000000050e-04
1.700000000000000000e+01 2.500000000000000000e+01 7.300000000000000000e+01 0.000000000000000000e+00 1.600000000000000089e+00 1.119999999999999983e-04 4.296999999999999605e-03 9.999909999999999632e-01 7.540829999999999478e-01 -6.567730000000000512e-01 2.736999999999999850e-03 6.567790000000000017e-01 7.540759999999999685e-01 -3.314000000000000105e-03
2.200000000000000000e+01 2.500000000000000000e+01 7.300000000000000000e+01 0.000000000000000000e+00 1.600000000000000089e+00 2.990000000000000036e-04 1.131000000000000061e-03 9.999989999999999712e-01 7.523499999999999632e-01 -6.587640000000000162e-01 5.199999999999999544e-04 6.587640000000000162e-01 7.523490000000000455e-01 -1.048000000000000103e-03
2.800000000000000000e+01 2.500000000000000000e+01 7.300000000000000000e+01 0.000000000000000000e+00 1.600000000000000089e+00 7.410000000000000137e-04 -2.733999999999999885e-03 9.999959999999999960e-01 7.501339999999999675e-01 -6.612820000000000364e-01 -2.364000000000000216e-03 6.612860000000000404e-01 7.501320000000000210e-01 1.559999999999999972e-03
3.000000000000000000e+00 4.400000000000000000e+01 7.300000000000000000e+01 0.000000000000000000e+00 1.600000000000000089e+00 1.959999999999999937e-04 -2.432000000000000134e-03 9.999970000000000248e-01 5.229999999999999927e-02 -9.986279999999999601e-01 -2.439000000000000196e-03 9.986310000000000464e-01 5.230100000000000027e-02 -6.799999999999999946e-05
1.000000000000000000e+01 4.400000000000000000e+01 7.300000000000000000e+01 0.000000000000000000e+00 1.600000000000000089e+00 -2.059999999999999928e-04 -1.858999999999999975e-03 9.999980000000000535e-01 5.252799999999999830e-02 -9.986180000000000057e-01 -1.845000000000000069e-03 9.986190000000000344e-01 5.252699999999999730e-02 3.029999999999999924e-04
