2.300000000000000000e+01 2.500000000000000000e+01 1.000000000000000000e+00 0.000000000000000000e+00 1.600000000000000089e+00 1.814000000000000074e-03 4.931999999999999752e-03 -9.999860000000000415e-01 -5.301069999999999949e-01 -8.479149999999999743e-01 -5.144000000000000135e-03 -8.479290000000000438e-01 5.301090000000000524e-01 1.075999999999999917e-03
2.000000000000000000e+00 1.500000000000000000e+01 4.000000000000000000e+00 0.000000000000000000e+00 1.600000000000000089e+00 -5.400000000000000069e-04 2.307000000000000023e-03 9.999970000000000248e-01 2.975389999999999979e-01 -9.547069999999999723e-01 2.363000000000000083e-03 9.547099999999999476e-01 2.975389999999999979e-01 -1.710000000000000094e-04
1.300000000000000000e+01 1.500000000000000000e+01 4.000000000000000000e+00 0.000000000000000000e+00 1.600000000000000089e+00 2.664000000000000135e-03 1.310500000000000033e-02 9.999109999999999943e-01 2.946730000000000183e-01 -9.555259999999999865e-01 1.173800000000000017e-02 9.555940000000000545e-01 2.946150000000000158e-01 -6.407000000000000368e-03
2.100000000000000000e+01 1.500000000000000000e+01 4.000000000000000000e+00 0.000000000000000000e+00 1.600000000000000089e+00 1.730999999999999900e-03 2.348999999999999960e-03 9.999959999999999960e-01 3.013040000000000163e-01 -9.535270000000000135e-01 1.719000000000000042e-03 9.535259999999999847e-01 3.013000000000000123e-01 -2.357999999999999853e-03
9.000000000000000000e+00 1.600000000000000000e+01 4.000000000000000000e+00 0.000000000000000000e+00 1.600000000000000089e+00 -2.269999999999999882e-04 1.004900000000000064e-02 9.999500000000000055e-01 3.698259999999999881e-01 -9.290530000000000177e-01 9.421000000000000554e-03 9.291009999999999547e-01 3.698089999999999988e-01 -3.504999999999999869e-03
7.000000000000000000e+00 1.010000000000000000e+02 7.000000000000000000e+00 0.000000000000000000e+00 1.600000000000000089e+00 -9.359999999999999831e-04 1.085000000000000027e-02 9.999409999999999688e-01 8.837500000000000355e-01 4.679409999999999958e-01 -4.250000000000000305e-03 -4.679590000000000138e-01 8.836929999999999508e-01 -1.002699999999999945e-02
1.200000000000000000e+01 1.010000000000000000e+02 7.000000000000000000e+00 0.000000000000000000e+00 1.600000000000000089e+00 2.716000000000000098e-03 -1.882999999999999908e-03 9.999949999999999672e-01 8.830829999999999513e-01 4.692149999999999932e-01 -1.515000000000000071e-03 -4.692089999999999872e-01 8.830820000000000336e-01 2.938000000000000073e-03
2.200000000000000000e+01 1.010000000000000000e+02 7.000000000000000000e+00 0.000000000000000000e+00 1.600000000000000089e+00 -5.090000000000000123e-04 -9.072999999999999468e-03 9.999590000000000423e-01 8.876190000000000468e-01 4.605549999999999922e-01 4.630999999999999700e-03 -4.605779999999999874e-01 8.875849999999999573e-01 7.818999999999999562e-03
2.600000000000000000e+01 1.010000000000000000e+02 7.000000000000000000e+00 0.000000000000000000e+00 1.600000000000000089e+00 -2.546999999999999785e-03 -2.854999999999999899e-03 9.999930000000000208e-01 8.884859999999999980e-01 4.588900000000000201e-01 3.572999999999999787e-03 -4.588960000000000261e-01 8.884889999999999732e-01 1.368000000000000075e-03
1.600000000000000000e+01 1.500000000000000000e+01 8.000000000000000000e+00 0.000000000000000000e+00 1.600000000000000089e+00 8.310000000000000329e-04 1.101300000000000022e-02 -9.999390000000000223e-01 -5.920020000000000282e-01 -8.058819999999999872e-01 -9.367999999999999591e-03 -8.059359999999999857e-01 5.919740000000000002e-01 5.851000000000000298e-03
4.000000000000000000e+00 2.400000000000000000e+01 9.000000000000000000e+00 0.000000000000000000e+00 1.600000000000000089e+00 -6.340000000000000149e-04 7.659999999999999708e-04 -1.000000000000000000e+00 4.531979999999999897e-01 8.914100000000000357e-01 3.950000000000000061e-04 8.914100000000000357e-01 -4.531970000000000165e-01 -9.120000000000000502e-04
1.300000000000000000e+01 2.400000000000000000e+01 9.000000000000000000e+00 0.000000000000000000e+00 1.600000000000000089e+00 -8.800000000000000313e-04 -5.569000000000000165e-03 -9.999839999999999840e-01 4.538329999999999864e-01 8.910709999999999464e-01 -5.361999999999999579e-03 8.910860000000000447e-01 -4.538300000000000112e-01 1.742999999999999975e-03
1.900000000000000000e+01 2.400000000000000000e+01 9.000000000000000000e+00 0.000000000000000000e+00 1.600000000000000089e+00 -1.757000000000000098e-03 -8.330999999999999864e-03 -9.999639999999999640e-01 4.546200000000000241e-01 8.906479999999999952e-01 -8.219000000000000611e-03 8.906840000000000312e-01 -4.546180000000000221e-01 2.222000000000000017e-03
2.500000000000000000e+01 2.400000000000000000e+01 9.000000000000000000e+00 0.000000000000000000e+00 1.600000000000000089e+00 -2.116999999999999958e-03 -8.859999999999999820e-03 -9.999580000000000135e-01 4.554900000000000060e-01 8.901970000000000161e-01 -8.852000000000000493e-03 8.902390000000000025e-01 -4.554900000000000060e-01 2.151000000000000134e-03
5.000000000000000000e+00 3.100000000000000000e+01 1.200000000000000000e+01 0.000000000000000000e+00 1.600000000000000089e+00 1.513999999999999938e-03 -1.427000000000000100e-03 9.999980000000000535e-01 3.738000000000000003e-03 9.999919999999999920e-01 1.422000000000000087e-03 -9.999919999999999920e-01 3.736000000000000171e-03 1.518999999999999951e-03
1.900000000000000000e+01 3.100000000000000000e+01 1.200000000000000000e+01 0.000000000000000000e+00 1.600000000000000089e+00 3.829999999999999854e-04 -4.186999999999999750e-03 9.999909999999999632e-01 7.936000000000000346e-03 9.999599999999999600e-01 4.184000000000000219e-03 -9.999679999999999680e-01 7.934000000000000080e-03 4.159999999999999744e-04
2.600000000000000000e+01 3.100000000000000000e+01 1.200000000000000000e+01 0.000000000000000000e+00 1.600000000000000089e+00 1.265000000000000065e-03 -3.890999999999999927e-03 9.999919999999999920e-01 4.183000000000000086e-03 9.999839999999999840e-01 3.884999999999999998e-03 -9.999900000000000455e-01 4.178000000000000290e-03 1.281999999999999936e-03
1.400000000000000000e+01 3.200000000000000000e+01 1.400000000000000000e+01 0.000000000000000000e+00 1.600000000000000089e+00 7.309999999999999875e-04 2.910000000000000260e-04 -1.000000000000000000e+00 1.009700000000000042e-01 9.948890000000000233e-01 3.629999999999999872e-04 9.948890000000000233e-01 -1.009700000000000042e-01 6.980000000000000527e-04
6.000000000000000000e+00 1.200000000000000000e+01 1.500000000000000000e+01 0.000000000000000000e+00 1.600000000000000089e+00 4.473000000000000413e-03 4.076999999999999895e-03 -9.999820000000000375e-01 -4.692999999999999949e-01 -8.830209999999999448e-01 -5.700000000000000205e-03 -8.830280000000000351e-01 4.693169999999999842e-01 -2.036000000000000049e-03
1.100000000000000000e+01 1.200000000000000000e+01 1.500000000000000000e+01 0.000000000000000000e+00 1.600000000000000089e+00 2.349999999999999930e-04 3.050000000000000194e-03 -9.999949999999999672e-01 -4.710360000000000102e-01 -8.821099999999999497e-01 -2.801999999999999803e-03 -8.821139999999999537e-01 4.710340000000000082e-01 1.229000000000000058e-03
1.900000000000000000e+01 1.200000000000000000e+01 1.500000000000000000e+01 0.000000000000000000e+00 1.600000000000000089e+00 -9.790000000000000525e-04 2.480000000000000108e-04 -1.000000000000000000e+00 -4.687009999999999788e-01 -8.833569999999999478e-01 2.400000000000000061e-04 -8.833560000000000301e-01 4.687009999999999788e-01 9.810000000000001011e-04
2.900000000000000000e+01 1.200000000000000000e+01 1.500000000000000000e+01 0.000000000000000000e+00 1.600000000000000089e+00 6.399999999999999710e-05 -2.066999999999999827e-03 -9.999980000000000535e-01 -4.668860000000000232e-01 -8.843159999999999910e-01 1.797999999999999902e-03 -8.843170000000000197e-01 4.668849999999999945e-01 -1.020999999999999989e-03
7.000000000000000000e+00 1.100000000000000000e+01 1.600000000000000000e+01 0.000000000000000000e+00 1.600000000000000089e+00 3.591000000000000008e-03 4.468999999999999882e-03 -9.999839999999999840e-01 -4.173580000000000068e-01 -9.087250000000000050e-01 -5.559999999999999838e-03 -9.087349999999999595e-01 4.173720000000000208e-01 -1.397999999999999937e-03
1.500000000000000000e+01 1.100000000000000000e+01 1.600000000000000000e+01 0.000000000000000000e+00 1.600000000000000089e+00 -8.599999999999999789e-04 -2.358999999999999986e-03 -9.999970000000000248e-01 -4.166830000000000256e-01 -9.090479999999999672e-01 2.501999999999999884e-03 -9.090510000000000534e-01 4.166839999999999988e-01 -2.010000000000000068e-04
1.800000000000000000e+01 1.100000000000000000e+01 1.600000000000000000e+01 0.000000000000000000e+00 1.600000000000000089e+00 -1.036999999999999944e-03 -5.879999999999999810e-04 -9.999989999999999712e-01 -4.169820000000000193e-01 -9.089139999999999997e-01 9.669999999999999776e-04 -9.089139999999999997e-01 4.169829999999999925e-01 6.970000000000000284e-04
2.200000000000000000e+01 1.100000000000000000e+01 1.600000000000000000e+01 0.000000000000000000e+00 1.600000000000000089e+00 -1.093000000000000005e-03 3.720000000000000216e-03 -9.999919999999999920e-01 -4.185479999999999756e-01 -9.081900000000000528e-01 -2.920999999999999985e-03 -9.081939999999999458e-01 4.185420000000000251e-01 2.549000000000000050e-03
1.000000000000000000e+00 1.160000000000000000e+02 1.600000000000000000e+01 0.000000000000000000e+00 1.600000000000000089e+00 2.105000000000000100e-03 3.261000000000000010e-03 9.999919999999999920e-01 6.869060000000000166e-01 7.267360000000000486e-01 -3.814999999999999815e-03 -7.267430000000000279e-01 6.869089999999999918e-01 -7.100000000000000191e-04
6.000000000000000000e+00 1.160000000000000000e+02 1.600000000000000000e+01 0.000000000000000000e+00 1.600000000000000089e+00 -6.859999999999999779e-04 2.409999999999999816e-03 9.999970000000000248e-01 7.162509999999999710e-01 6.978419999999999623e-01 -1.190000000000000085e-03 -6.978429999999999911e-01 7.162479999999999958e-01 -2.204999999999999929e-03
2.000000000000000000e+01 1.160000000000000000e+02 1.600000000000000000e+01 0.000000000000000000e+00 1.600000000000000089e+00 1.559999999999999972e-03 1.887999999999999921e-03 9.999970000000000248e-01 6.942939999999999667e-01 7.196879999999999944e-01 -2.442000000000000160e-03 -7.196900000000000519e-01 6.942949999999999955e-01 -1.879999999999999890e-04
7.000000000000000000e+00 2.000000000000000000e+00 1.900000000000000000e+01 0.000000000000000000e+00 1.600000000000000089e+00 2.743000000000000212e-03 5.692000000000000011e-03 -9.999799999999999800e-01 1.914899999999999936e-01 -9.814810000000000478e-01 -5.061000000000000394e-03 -9.814910000000000023e-01 -1.914730000000000043e-01 -3.782000000000000205e-03
1.100000000000000000e+01 2.000000000000000000e+00 1.900000000000000000e+01 0.000000000000000000e+00 1.600000000000000089e+00 1.981999999999999821e-03 -1.632999999999999903e-03 -9.999970000000000248e-01 1.894230000000000080e-01 -9.818940000000000445e-01 1.978999999999999856e-03 -9.818940000000000445e-01 -1.894270000000000120e-01 -1.637000000000000000e-03
1.500000000000000000e+01 2.000000000000000000e+00 1.900000000000000000e+01 0.000000000000000000e+00 1.600000000000000089e+00 -1.946000000000000030e-03 9.160000000000000390e-04 -9.999980000000000535e-01 1.862439999999999929e-01 -9.825030000000000152e-01 -1.262000000000000101e-03 -9.825019999999999865e-01 -1.862459999999999949e-01 1.742000000000000059e-03
1.900000000000000000e+01 2.000000000000000000e+00 1.900000000000000000e+01 0.000000000000000000e+00 1.600000000000000089e+00 -3.798999999999999860e-03 7.979999999999999897e-04 -9.999919999999999920e-01 1.835330000000000017e-01 -9.830119999999999969e-01 -1.482000000000000027e-03 -9.830060000000000464e-01 -1.835370000000000057e-01 3.588000000000000043e-03
2.400000000000000000e+01 2.000000000000000000e+00 1.900000000000000000e+01 0.000000000000000000e+00 1.600000000000000089e+00 3.950000000000000061e-04 -7.511000000000000315e-03 -9.999719999999999720e-01 1.791210000000000024e-01 -9.837989999999999791e-01 7.459999999999999618e-03 -9.838270000000000071e-01 -1.791190000000000004e-01 9.569999999999999514e-04
3.000000000000000000e+00 4.000000000000000000e+00 2.000000000000000000e+01 0.000000000000000000e+00 1.600000000000000089e+00 1.179999999999999951e-04 1.016899999999999922e-02 -9.999479999999999480e-01 2.901449999999999863e-01 -9.569339999999999513e-01 -9.697000000000000758e-03 -9.569830000000000281e-01 -2.901290000000000258e-01 -3.063000000000000184e-03
1.300000000000000000e+01 4.000000000000000000e+00 2.000000000000000000e+01 0.000000000000000000e+00 1.600000000000000089e+00 2.162999999999999992e-03 1.620000000000000075e-04 -9.999980000000000535e-01 2.841549999999999909e-01 -9.587780000000000191e-01 4.600000000000000139e-04 -9.587759999999999616e-01 -2.841549999999999909e-01 -2.119999999999999923e-03
1.900000000000000000e+01 4.000000000000000000e+00 2.000000000000000000e+01 0.000000000000000000e+00 1.600000000000000089e+00 -5.786999999999999610e-03 3.246999999999999886e-03 -9.999780000000000335e-01 2.758700000000000041e-01 -9.611830000000000096e-01 -4.717999999999999972e-03 -9.611779999999999768e-01 -2.758909999999999973e-01 4.667000000000000141e-03
2.300000000000000000e+01 4.000000000000000000e+00 2.000000000000000000e+01 0.000000000000000000e+00 1.600000000000000089e+00 -2.272000000000000148e-03 -9.362999999999999795e-03 -9.999540000000000095e-01 2.809949999999999948e-01 -9.596729999999999983e-01 8.347999999999999518e-03 -9.597069999999999768e-01 -2.809630000000000183e-01 4.811000000000000172e-03
3.000000000000000000e+00 1.300000000000000000e+01 2.000000000000000000e+01 0.000000000000000000e+00 1.600000000000000089e+00 8.140000000000000534e-04 2.567999999999999970e-03 9.999959999999999960e-01 2.541349999999999998e-01 9.671650000000000524e-01 -2.690999999999999816e-03 -9.671689999999999454e-01 2.541359999999999730e-01 1.340000000000000045e-04
8.000000000000000000e+00 1.300000000000000000e+01 2.000000000000000000e+01 0.000000000000000000e+00 1.600000000000000089e+00 1.147999999999999932e-03 -3.670000000000000085e-03 9.999930000000000208e-01 2.552249999999999797e-01 9.668759999999999577e-01 3.256000000000000213e-03 -9.668809999999999905e-01 2.552189999999999737e-01 2.047000000000000208e-03
1.300000000000000000e+01 1.300000000000000000e+01 2.000000000000000000e+01 0.000000000000000000e+00 1.600000000000000089e+00 -1.221000000000000080e-03 1.498999999999999898e-03 9.999980000000000535e-01 2.560660000000000158e-01 9.666590000000000460e-01 -1.136999999999999990e-03 -9.666590000000000460e-01 2.560640000000000138e-01 -1.564000000000000069e-03
2.000000000000000000e+01 1.300000000000000000e+01 2.000000000000000000e+01 0.000000000000000000e+00 1.600000000000000089e+00 -4.629999999999999784e-04 -8.200000000000000095e-05 1.000000000000000000e+00 2.526720000000000077e-01 9.675519999999999676e-01 1.959999999999999937e-04 -9.675519999999999676e-01 2.526720000000000077e-01 -4.270000000000000249e-04
2.700000000000000000e+01 1.300000000000000000e+01 2.000000000000000000e+01 0.000000000000000000e+00 1.600000000000000089e+00 -8.400000000000000348e-04 -4.434999999999999706e-03 9.999900000000000455e-01 2.546039999999999970e-01 9.670349999999999779e-01 4.503000000000000058e-03 -9.670450000000000434e-01 2.546050000000000257e-01 3.159999999999999832e-04
4.000000000000000000e+00 1.600000000000000000e+01 2.100000000000000000e+01 0.000000000000000000e+00 1.600000000000000089e+00 1.155999999999999910e-03 5.032000000000000015e-03 9.999869999999999592e-01 2.970840000000000147e-01 9.548379999999999646e-01 -5.148999999999999931e-03 -9.548510000000000053e-01 2.970860000000000167e-01 -3.910000000000000172e-04
1.200000000000000000e+01 1.600000000000000000e+01 2.100000000000000000e+01 0.000000000000000000e+00 1.600000000000000089e+00 -1.428999999999999932e-03 -1.704999999999999918e-03 9.999980000000000535e-01 2.977929999999999744e-01 9.546280000000000321e-01 2.053000000000000137e-03 -9.546289999999999498e-01 2.977960000000000051e-01 -8.570000000000000144e-04
1.600000000000000000e+01 1.600000000000000000e+01 2.100000000000000000e+01 0.000000000000000000e+00 1.600000000000000089e+00 -1.118999999999999986e-03 4.000000000000000083e-03 9.999909999999999632e-01 2.980240000000000111e-01 9.545519999999999561e-01 -3.484999999999999817e-03 -9.545580000000000176e-01 2.980180000000000051e-01 -2.259999999999999856e-03
2.000000000000000000e+01 1.600000000000000000e+01 2.100000000000000000e+01 0.000000000000000000e+00 1.600000000000000089e+00 -5.890000000000000053e-04 2.148999999999999869e-03 9.999970000000000248e-01 2.966539999999999733e-01 9.549830000000000263e-01 -1.876999999999999979e-03 -9.549849999999999728e-01 2.966520000000000268e-01 -1.199999999999999895e-03
2.800000000000000000e+01 1.600000000000000000e+01 2.100000000000000000e+01 0.000000000000000000e+00 1.600000000000000089e+00 -1.221999999999999996e-03 -8.789999999999999203e-03 9.999609999999999888e-01 2.967529999999999890e-01 9.549140000000000406e-01 8.756999999999999160e-03 -9.549539999999999695e-01 2.967520000000000158e-01 1.441999999999999922e-03
1.100000000000000000e+01 3.000000000000000000e+00 2.500000000000000000e+01 0.000000000000000000e+00 1.600000000000000089e+00 -9.550000000000000112e-04 -8.540000000000000499e-04 9.999989999999999712e-01 -4.388700000000000240e-02 -9.990360000000000351e-01 -8.949999999999999623e-04 9.990360000000000351e-01 -4.388800000000000340e-02 9.160000000000000390e-04
1.500000000000000000e+01 3.000000000000000000e+00 2.500000000000000000e+01 0.000000000000000000e+00 1.600000000000000089e+00 -3.481000000000000153e-03 1.299999999999999940e-03 9.999930000000000208e-01 -3.786099999999999882e-02 -9.992820000000000036e-01 1.167000000000000069e-03 9.992769999999999708e-01 -3.785600000000000076e-02 3.527999999999999886e-03
2.200000000000000000e+01 3.000000000000000000e+00 2.500000000000000000e+01 0.000000000000000000e+00 1.600000000000000089e+00 2.272999999999999847e-03 3.197000000000000189e-03 9.999919999999999920e-01 -3.919600000000000167e-02 -9.992259999999999476e-01 3.284000000000000027e-03 9.992290000000000338e-01 -3.920300000000000173e-02 -2.145000000000000205e-03
1.000000000000000000e+01 4.600000000000000000e+01 2.700000000000000000e+01 0.000000000000000000e+00 1.600000000000000089e+00 2.575000000000000032e-03 2.543999999999999821e-03 -9.999930000000000208e-01 6.597809999999999508e-01 7.514490000000000336e-01 3.611000000000000060e-03 7.514539999999999553e-01 -6.597859999999999836e-01 2.559999999999999884e-04
2.100000000000000000e+01 4.600000000000000000e+01 2.700000000000000000e+01 0.000000000000000000e+00 1.600000000000000089e+00 2.113999999999999994e-03 1.815999999999999906e-03 -9.999959999999999960e-01 6.629270000000000440e-01 7.486789999999999834e-01 2.760999999999999999e-03 7.486810000000000409e-01 -6.629300000000000193e-01 3.789999999999999966e-04
1.400000000000000000e+01 5.800000000000000000e+01 3.100000000000000000e+01 0.000000000000000000e+00 1.600000000000000089e+00 -2.098000000000000038e-03 3.645999999999999935e-03 9.999909999999999632e-01 -7.949450000000000127e-01 -6.066810000000000258e-01 5.439999999999999957e-04 6.066780000000000506e-01 -7.949370000000000047e-01 4.172000000000000361e-03
2.000000000000000000e+01 5.800000000000000000e+01 3.100000000000000000e+01 0.000000000000000000e+00 1.600000000000000089e+00 7.820000000000000345e-04 3.609999999999999928e-04 1.000000000000000000e+00 -7.947560000000000180e-01 -6.069280000000000230e-01 8.400000000000000348e-04 6.069280000000000230e-01 -7.947570000000000467e-01 -1.879999999999999890e-04
2.400000000000000000e+01 5.800000000000000000e+01 3.100000000000000000e+01 0.000000000000000000e+00 1.600000000000000089e+00 1.445000000000000104e-03 4.180000000000000230e-04 9.999989999999999712e-01 -7.950690000000000257e-01 -6.065180000000000016e-01 1.402000000000000034e-03 6.065180000000000016e-01 -7.950700000000000545e-01 -5.439999999999999957e-04
2.400000000000000000e+01 6.000000000000000000e+00 3.200000000000000000e+01 0.000000000000000000e+00 1.600000000000000089e+00 -2.187999999999999841e-03 -5.957999999999999755e-03 -9.999799999999999800e-01 1.378169999999999951e-01 9.904380000000000406e-01 -6.203000000000000180e-03 9.904549999999999743e-01 -1.378280000000000061e-01 -1.345999999999999974e-03
3.000000000000000000e+01 6.000000000000000000e+00 3.200000000000000000e+01 0.000000000000000000e+00 1.600000000000000089e+00 -3.823000000000000009e-03 1.374999999999999920e-03 -9.999919999999999920e-01 1.424900000000000055e-01 9.897960000000000091e-01 8.170000000000000179e-04 9.897890000000000299e-01 -1.424850000000000005e-01 -3.980000000000000031e-03
5.000000000000000000e+00 5.900000000000000000e+01 3.200000000000000000e+01 0.000000000000000000e+00 1.600000000000000089e+00 2.233999999999999875e-03 4.981000000000000184e-03 9.999850000000000128e-01 -6.913859999999999451e-01 -7.224669999999999703e-01 5.144000000000000135e-03 7.224819999999999576e-01 -6.913869999999999738e-01 1.830000000000000029e-03
1.000000000000000000e+00 4.600000000000000000e+01 3.500000000000000000e+01 0.000000000000000000e+00 1.600000000000000089e+00 -2.799999999999999958e-05 -3.612000000000000193e-03 -9.999940000000000495e-01 3.854480000000000128e-01 -9.227239999999999887e-01 3.321999999999999866e-03 -9.227300000000000502e-01 -3.854449999999999821e-01 1.417999999999999990e-03
5.000000000000000000e+00 4.600000000000000000e+01 3.500000000000000000e+01 0.000000000000000000e+00 1.600000000000000089e+00 6.809999999999999647e-04 -4.330000000000000081e-04 -1.000000000000000000e+00 3.845859999999999834e-01 -9.230890000000000484e-01 6.620000000000000450e-04 -9.230890000000000484e-01 -3.845859999999999834e-01 -4.620000000000000083e-04
9.000000000000000000e+00 4.600000000000000000e+01 3.500000000000000000e+01 0.000000000000000000e+00 1.600000000000000089e+00 -9.699999999999999963e-05 -2.110000000000000059e-04 -1.000000000000000000e+00 3.844130000000000047e-01 -9.231610000000000094e-01 1.579999999999999916e-04 -9.231610000000000094e-01 -3.844130000000000047e-01 1.710000000000000094e-04
1.500000000000000000e+01 4.600000000000000000e+01 3.500000000000000000e+01 0.000000000000000000e+00 1.600000000000000089e+00 1.013000000000000012e-03 -2.480000000000000108e-04 -9.999989999999999712e-01 3.843440000000000190e-01 -9.231899999999999551e-01 6.179999999999999513e-04 -9.231890000000000374e-01 -3.843449999999999922e-01 -8.400000000000000348e-04
2.000000000000000000e+01 4.600000000000000000e+01 3.500000000000000000e+01 0.000000000000000000e+00 1.600000000000000089e+00 -1.310000000000000129e-04 -1.789999999999999870e-04 -1.000000000000000000e+00 3.846229999999999927e-01 -9.230739999999999501e-01 1.150000000000000035e-04 -9.230739999999999501e-01 -3.846229999999999927e-01 1.890000000000000133e-04
2.800000000000000000e+01 4.600000000000000000e+01 3.500000000000000000e+01 0.000000000000000000e+00 1.600000000000000089e+00 -1.526000000000000013e-03 1.440000000000000091e-03 -9.999980000000000535e-01 3.812550000000000106e-01 -9.244679999999999565e-01 -1.912999999999999987e-03 -9.244689999999999852e-01 -3.812570000000000126e-01 8.620000000000000275e-04
2.000000000000000000e+00 9.500000000000000000e+01 3.600000000000000000e+01 0.000000000000000000e+00 1.600000000000000089e+00 2.001999999999999873e-03 1.520299999999999950e-02 9.998820000000000485e-01 9.973279999999999923e-01 7.298699999999999632e-02 -3.106999999999999953e-03 -7.302599999999999369e-02 9.972170000000000201e-01 -1.501700000000000083e-02
7.000000000000000000e+00 9.500000000000000000e+01 3.600000000000000000e+01 0.000000000000000000e+00 1.600000000000000089e+00 -2.961999999999999789e-03 1.665300000000000114e-02 9.998569999999999958e-01 9.972739999999999938e-01 7.376800000000000024e-02 1.726000000000000104e-03 -7.372900000000000287e-02 9.971360000000000223e-01 -1.682600000000000068e-02
1.200000000000000000e+01 9.500000000000000000e+01 3.600000000000000000e+01 0.000000000000000000e+00 1.600000000000000089e+00 1.092100000000000015e-02 1.656300000000000133e-02 9.998029999999999973e-01 9.966679999999999984e-01 8.064699999999999647e-02 -1.222200000000000022e-02 -8.083400000000000307e-02 9.966049999999999631e-01 -1.562699999999999853e-02
1.700000000000000000e+01 9.500000000000000000e+01 3.600000000000000000e+01 0.000000000000000000e+00 1.600000000000000089e+00 1.034099999999999950e-02 5.180999999999999842e-03 9.999329999999999607e-01 9.965159999999999574e-01 8.270399999999999974e-02 -1.073400000000000049e-02 -8.275399999999999423e-02 9.965610000000000301e-01 -4.307000000000000065e-03
2.200000000000000000e+01 9.500000000000000000e+01 3.600000000000000000e+01 0.000000000000000000e+00 1.600000000000000089e+00 2.674999999999999861e-03 1.897599999999999981e-02 9.998160000000000380e-01 9.966599999999999904e-01 8.155199999999999949e-02 -4.213999999999999864e-03 -8.161699999999999511e-02 9.964880000000000404e-01 -1.869399999999999881e-02
2.800000000000000000e+01 9.500000000000000000e+01 3.600000000000000000e+01 0.000000000000000000e+00 1.600000000000000089e+00 -1.162000000000000055e-03 -1.377300000000000052e-02 9.999050000000000438e-01 9.961569999999999592e-01 8.755499999999999394e-02 2.363000000000000083e-03 -8.757900000000000407e-02 9.960639999999999494e-01 1.361799999999999990e-02
1.000000000000000000e+00 3.000000000000000000e+00 4.300000000000000000e+01 0.000000000000000000e+00 1.600000000000000089e+00 4.082999999999999824e-03 -2.851599999999999968e-02 -9.995849999999999458e-01 7.334880000000000289e-01 -6.793339999999999934e-01 2.237600000000000006e-02 -6.796900000000000164e-01 -7.332750000000000101e-01 1.814199999999999841e-02
1.000000000000000000e+01 3.000000000000000000e+00 4.300000000000000000e+01 0.000000000000000000e+00 1.600000000000000089e+00 4.388999999999999672e-03 2.691299999999999942e-02 -9.996279999999999610e-01 7.404269999999999463e-01 -6.719730000000000425e-01 -1.484100000000000003e-02 -6.721230000000000260e-01 -7.400860000000000216e-01 -2.287700000000000150e-02
1.800000000000000000e+01 3.000000000000000000e+00 4.300000000000000000e+01 0.000000000000000000e+00 1.600000000000000089e+00 -4.194999999999999944e-03 -4.240399999999999725e-02 -9.990919999999999801e-01 7.389219999999999677e-01 -6.733090000000000463e-01 2.547400000000000012e-02 -6.737779999999999880e-01 -7.381440000000000223e-01 3.415800000000000086e-02
2.500000000000000000e+01 3.000000000000000000e+00 4.300000000000000000e+01 0.000000000000000000e+00 1.600000000000000089e+00 -7.616000000000000374e-03 -5.700999999999999818e-02 -9.983450000000000379e-01 7.439839999999999787e-01 -6.674099999999999477e-01 3.243700000000000055e-02 -6.681550000000000544e-01 -7.425049999999999706e-01 4.749799999999999855e-02
3.000000000000000000e+01 3.000000000000000000e+00 4.300000000000000000e+01 0.000000000000000000e+00 1.600000000000000089e+00 -1.106599999999999945e-02 -2.619200000000000000e-02 -9.995960000000000401e-01 7.448110000000000008e-01 -6.672109999999999985e-01 9.237000000000000419e-03 -6.671829999999999705e-01 -7.444079999999999586e-01 2.689199999999999924e-02
1.000000000000000000e+01 8.000000000000000000e+00 4.400000000000000000e+01 0.000000000000000000e+00 1.600000000000000089e+00 2.396999999999999825e-03 1.568900000000000156e-02 9.998740000000000405e-01 -7.827319999999999833e-01 -6.222499999999999698e-01 1.163999999999999931e-02 6.223539999999999628e-01 -7.826610000000000511e-01 1.078899999999999998e-02
3.000000000000000000e+00 2.900000000000000000e+01 4.400000000000000000e+01 0.000000000000000000e+00 1.600000000000000089e+00 -2.998999999999999930e-03 1.136000000000000074e-03 -9.999949999999999672e-01 6.831549999999999567e-01 7.302720000000000322e-01 -1.219000000000000031e-03 7.302669999999999995e-01 -6.831549999999999567e-01 -2.965999999999999887e-03
9.000000000000000000e+00 2.900000000000000000e+01 4.400000000000000000e+01 0.000000000000000000e+00 1.600000000000000089e+00 -2.897999999999999968e-03 3.750999999999999994e-03 -9.999890000000000168e-01 6.719100000000000072e-01 7.406319999999999570e-01 8.310000000000000329e-04 7.406270000000000353e-01 -6.719000000000000528e-01 -4.666000000000000009e-03
1.700000000000000000e+01 2.900000000000000000e+01 4.400000000000000000e+01 0.000000000000000000e+00 1.600000000000000089e+00 -5.969999999999999829e-04 2.683000000000000055e-03 -9.999959999999999960e-01 6.612590000000000412e-01 7.501560000000000450e-01 1.616999999999999948e-03 7.501569999999999627e-01 -6.612559999999999549e-01 -2.222000000000000017e-03
2.200000000000000000e+01 2.900000000000000000e+01 4.400000000000000000e+01 0.000000000000000000e+00 1.600000000000000089e+00 9.120000000000000502e-04 2.469999999999999973e-03 -9.999970000000000248e-01 6.561860000000000470e-01 7.545950000000000157e-01 2.462999999999999912e-03 7.545990000000000197e-01 -6.561860000000000470e-01 -9.319999999999999942e-04
2.700000000000000000e+01 2.900000000000000000e+01 4.400000000000000000e+01 0.000000000000000000e+00 1.600000000000000089e+00 1.000000000000000021e-03 -1.990000000000000015e-03 -9.999970000000000248e-01 6.533820000000000183e-01 7.570280000000000342e-01 -8.530000000000000256e-04 7.570280000000000342e-01 -6.533790000000000431e-01 2.056999999999999801e-03
3.000000000000000000e+01 2.900000000000000000e+01 4.400000000000000000e+01 0.000000000000000000e+00 1.600000000000000089e+00 -6.970000000000000284e-04 -4.341000000000000240e-03 -9.999900000000000455e-01 6.534280000000000088e-01 7.569789999999999575e-01 -3.740999999999999968e-03 7.569879999999999942e-01 -6.534250000000000336e-01 2.308999999999999855e-03
2.000000000000000000e+00 5.400000000000000000e+01 4.600000000000000000e+01 0.000000000000000000e+00 1.600000000000000089e+00 -3.239999999999999825e-03 7.882000000000000117e-03 9.999639999999999640e-01 3.108219999999999872e-01 -9.504299999999999971e-01 8.498999999999999611e-03 9.504629999999999468e-01 3.108380000000000032e-01 6.290000000000000018e-04
1.100000000000000000e+01 5.400000000000000000e+01 4.600000000000000000e+01 0.000000000000000000e+00 1.600000000000000089e+00 9.590000000000000000e-04 -8.392999999999999419e-03 9.999639999999999640e-01 3.076200000000000045e-01 -9.514730000000000132e-01 -8.281000000000000166e-03 9.515090000000000492e-01 3.076169999999999738e-01 1.668999999999999911e-03
2.100000000000000000e+01 5.400000000000000000e+01 4.600000000000000000e+01 0.000000000000000000e+00 1.600000000000000089e+00 5.410000000000000312e-04 -9.591999999999999832e-03 9.999540000000000095e-01 3.175060000000000104e-01 -9.482110000000000261e-01 -9.268000000000000196e-03 9.482559999999999878e-01 3.174960000000000004e-01 2.531999999999999963e-03
4.000000000000000000e+00 6.500000000000000000e+01 4.600000000000000000e+01 0.000000000000000000e+00 1.600000000000000089e+00 1.722999999999999922e-03 -7.140000000000000079e-04 9.999980000000000535e-01 6.797800000000000509e-01 -7.334140000000000104e-01 -1.693999999999999976e-03 7.334140000000000104e-01 6.797809999999999686e-01 -7.780000000000000457e-04
1.000000000000000000e+00 7.000000000000000000e+00 5.200000000000000000e+01 0.000000000000000000e+00 1.600000000000000089e+00 -4.580000000000000195e-04 4.647000000000000089e-03 -9.999890000000000168e-01 1.016330000000000011e-01 -9.948110000000000008e-01 -4.669000000000000407e-03 -9.948219999999999841e-01 -1.016340000000000021e-01 -1.699999999999999987e-05
2.000000000000000000e+00 6.300000000000000000e+01 5.400000000000000000e+01 0.000000000000000000e+00 1.600000000000000089e+00 1.245999999999999929e-03 3.886000000000000131e-03 9.999919999999999920e-01 -3.619820000000000260e-01 9.321800000000000086e-01 -3.171999999999999906e-03 -9.321840000000000126e-01 -3.619749999999999912e-01 2.569000000000000103e-03
5.000000000000000000e+00 6.300000000000000000e+01 5.400000000000000000e+01 0.000000000000000000e+00 1.600000000000000089e+00 5.910000000000000539e-04 2.867999999999999890e-03 9.999959999999999960e-01 -3.623500000000000054e-01 9.320389999999999509e-01 -2.458999999999999814e-03 -9.320420000000000371e-01 -3.623469999999999747e-01 1.590000000000000050e-03
9.000000000000000000e+00 6.300000000000000000e+01 5.400000000000000000e+01 0.000000000000000000e+00 1.600000000000000089e+00 -1.330000000000000073e-04 2.286999999999999970e-03 9.999970000000000248e-01 -3.626840000000000064e-01 9.319100000000000161e-01 -2.180000000000000080e-03 -9.319119999999999626e-01 -3.626829999999999776e-01 7.060000000000000303e-04
1.400000000000000000e+01 6.300000000000000000e+01 5.400000000000000000e+01 0.000000000000000000e+00 1.600000000000000089e+00 -1.877999999999999895e-03 1.936000000000000004e-03 9.999959999999999960e-01 -3.530010000000000092e-01 9.356200000000000072e-01 -2.474000000000000071e-03 -9.356210000000000360e-01 -3.530039999999999845e-01 -1.074000000000000085e-03
1.800000000000000000e+01 6.300000000000000000e+01 5.400000000000000000e+01 0.000000000000000000e+00 1.600000000000000089e+00 1.800000000000000113e-04 4.318999999999999923e-03 9.999909999999999632e-01 -3.486620000000000275e-01 9.372399999999999620e-01 -3.984999999999999827e-03 -9.372489999999999988e-01 -3.486580000000000235e-01 1.675000000000000057e-03
2.200000000000000000e+01 6.300000000000000000e+01 5.400000000000000000e+01 0.000000000000000000e+00 1.600000000000000089e+00 -2.120000000000000031e-04 4.769999999999999934e-04 1.000000000000000000e+00 -3.477180000000000271e-01 9.375989999999999602e-01 -5.209999999999999788e-04 -9.375989999999999602e-01 -3.477180000000000271e-01 -3.300000000000000253e-05
6.000000000000000000e+00 2.500000000000000000e+01 5.500000000000000000e+01 0.000000000000000000e+00 1.600000000000000089e+00 -3.759999999999999779e-04 -7.429999999999999539e-04 -1.000000000000000000e+00 -1.099800000000000083e-02 -9.999390000000000223e-01 7.470000000000000511e-04 -9.999390000000000223e-01 1.099900000000000010e-02 3.680000000000000003e-04
1.000000000000000000e+01 2.500000000000000000e+01 5.500000000000000000e+01 0.000000000000000000e+00 1.600000000000000089e+00 4.199999999999999768e-05 -4.699999999999999724e-05 -1.000000000000000000e+00 -1.032100000000000031e-02 -9.999470000000000303e-01 4.699999999999999724e-05 -9.999470000000000303e-01 1.032100000000000031e-02 -4.300000000000000165e-05
1.300000000000000000e+01 2.500000000000000000e+01 5.500000000000000000e+01 0.000000000000000000e+00 1.600000000000000089e+00 -7.499999999999999343e-05 -1.781999999999999947e-03 -9.999980000000000535e-01 -1.025099999999999970e-02 -9.999460000000000015e-01 1.783000000000000080e-03 -9.999470000000000303e-01 1.025099999999999970e-02 5.700000000000000314e-05
2.100000000000000000e+01 2.500000000000000000e+01 5.500000000000000000e+01 0.000000000000000000e+00 1.600000000000000089e+00 4.569999999999999952e-04 -1.510000000000000112e-04 -1.000000000000000000e+00 -1.076200000000000073e-02 -9.999419999999999975e-01 1.459999999999999981e-04 -9.999419999999999975e-01 1.076200000000000073e-02 -4.589999999999999896e-04
2.700000000000000000e+01 2.500000000000000000e+01 5.500000000000000000e+01 0.000000000000000000e+00 1.600000000000000089e+00 1.280000000000000105e-03 -1.748999999999999904e-03 -9.999980000000000535e-01 -1.184200000000000010e-02 -9.999280000000000390e-01 1.734000000000000081e-03 -9.999289999999999567e-01 1.183999999999999983e-02 -1.301000000000000073e-03
1.100000000000000000e+01 6.800000000000000000e+01 5.700000000000000000e+01 0.000000000000000000e+00 1.600000000000000089e+00 1.319999999999999993e-03 2.733999999999999885e-03 -9.999949999999999672e-01 -2.458950000000000025e-01 -9.692920000000000424e-01 -2.975000000000000214e-03 -9.692960000000000464e-01 2.458980000000000055e-01 -6.070000000000000092e-04
2.000000000000000000e+00 2.100000000000000000e+01 6.000000000000000000e+01 0.000000000000000000e+00 1.600000000000000089e+00 -1.209999999999999921e-03 -5.008000000000000299e-03 9.999869999999999592e-01 -9.294900000000000384e-02 9.956589999999999607e-01 4.873999999999999860e-03 -9.956700000000000550e-01 -9.294099999999999584e-02 -1.670999999999999959e-03
5.000000000000000000e+00 2.100000000000000000e+01 6.000000000000000000e+01 0.000000000000000000e+00 1.600000000000000089e+00 -1.864999999999999904e-03 3.699000000000000031e-03 9.999909999999999632e-01 -9.377199999999999425e-02 9.955859999999999710e-01 -3.857999999999999884e-03 -9.955920000000000325e-01 -9.377900000000000125e-02 -1.510000000000000057e-03
1.300000000000000000e+01 2.100000000000000000e+01 6.000000000000000000e+01 0.000000000000000000e+00 1.600000000000000089e+00 -9.799999999999999684e-05 8.403000000000000747e-03 9.999649999999999928e-01 -9.549599999999999755e-02 9.953950000000000298e-01 -8.373999999999999500e-03 -9.954300000000000370e-01 -9.549399999999999555e-02 7.050000000000000060e-04
1.700000000000000000e+01 2.100000000000000000e+01 6.000000000000000000e+01 0.000000000000000000e+00 1.600000000000000089e+00 -8.159999999999999936e-04 2.359999999999999902e-04 1.000000000000000000e+00 -9.449699999999999767e-02 9.955249999999999932e-01 -3.119999999999999944e-04 -9.955249999999999932e-01 -9.449799999999999867e-02 -7.900000000000000121e-04
2.600000000000000000e+01 2.100000000000000000e+01 6.000000000000000000e+01 0.000000000000000000e+00 1.600000000000000089e+00 -7.799999999999999859e-04 -6.650000000000000095e-04 9.999989999999999712e-01 -9.648500000000000132e-02 9.953340000000000520e-01 5.869999999999999567e-04 -9.953340000000000520e-01 -9.648400000000000032e-02 -8.400000000000000348e-04
2.600000000000000000e+01 6.000000000000000000e+00 6.100000000000000000e+01 0.000000000000000000e+00 1.600000000000000089e+00 6.422999999999999890e-03 2.340000000000000066e-03 9.999770000000000048e-01 5.772239999999999593e-01 -8.165839999999999765e-01 -1.796999999999999986e-03 8.165609999999999813e-01 5.772220000000000129e-01 -6.596000000000000300e-03
1.700000000000000000e+01 3.000000000000000000e+00 6.300000000000000000e+01 0.000000000000000000e+00 1.600000000000000089e+00 -6.229999999999999644e-04 -3.359999999999999814e-04 1.000000000000000000e+00 -6.142320000000000002e-01 7.891249999999999654e-01 -1.169999999999999979e-04 -7.891249999999999654e-01 -6.142320000000000002e-01 -6.980000000000000527e-04
2.200000000000000000e+01 3.000000000000000000e+00 6.300000000000000000e+01 0.000000000000000000e+00 1.600000000000000089e+00 -1.010999999999999963e-03 1.137999999999999906e-03 9.999989999999999712e-01 -6.156409999999999938e-01 7.880249999999999755e-01 -1.518999999999999951e-03 -7.880260000000000042e-01 -6.156420000000000226e-01 -9.600000000000000243e-05
4.000000000000000000e+00 2.700000000000000000e+01 6.300000000000000000e+01 0.000000000000000000e+00 1.600000000000000089e+00 -1.910000000000000022e-03 -1.144900000000000084e-02 9.999329999999999607e-01 -2.773749999999999827e-01 9.607050000000000312e-01 1.047000000000000014e-02 -9.607599999999999474e-01 -2.773360000000000269e-01 -5.010999999999999829e-03
7.000000000000000000e+00 2.700000000000000000e+01 6.300000000000000000e+01 0.000000000000000000e+00 1.600000000000000089e+00 -9.849999999999999815e-04 -4.943999999999999610e-03 9.999869999999999592e-01 -2.771040000000000170e-01 9.608299999999999619e-01 4.478000000000000209e-03 -9.608400000000000274e-01 -2.770960000000000090e-01 -2.315999999999999916e-03
1.200000000000000000e+01 2.700000000000000000e+01 6.300000000000000000e+01 0.000000000000000000e+00 1.600000000000000089e+00 7.479999999999999670e-04 2.625999999999999862e-03 9.999959999999999960e-01 -2.800090000000000079e-01 9.599950000000000427e-01 -2.311999999999999819e-03 -9.599969999999999892e-01 -2.800059999999999771e-01 1.453999999999999997e-03
1.800000000000000000e+01 2.700000000000000000e+01 6.300000000000000000e+01 0.000000000000000000e+00 1.600000000000000089e+00 1.263000000000000017e-03 2.286999999999999970e-03 9.999970000000000248e-01 -2.815739999999999910e-01 9.595380000000000020e-01 -1.838999999999999923e-03 -9.595390000000000308e-01 -2.815699999999999870e-01 1.855000000000000095e-03
