5.000000000000000000e+00 1.500000000000000000e+01 4.000000000000000000e+00 0.000000000000000000e+00 1.600000000000000089e+00 -2.779999999999999919e-03 -5.374000000000000304e-03 9.999820000000000375e-01 3.266260000000000274e-01 -9.451439999999999841e-01 -4.171000000000000228e-03 9.451500000000000457e-01 3.266080000000000094e-01 4.382999999999999743e-03
8.000000000000000000e+00 1.500000000000000000e+01 4.000000000000000000e+00 0.000000000000000000e+00 1.600000000000000089e+00 -2.809999999999999998e-03 -4.171000000000000228e-03 9.999869999999999592e-01 3.233329999999999815e-01 -9.462800000000000100e-01 -3.037999999999999902e-03 9.462810000000000388e-01 3.233199999999999963e-01 4.007000000000000145e-03
1.700000000000000000e+01 1.500000000000000000e+01 4.000000000000000000e+00 0.000000000000000000e+00 1.600000000000000089e+00 -5.730000000000000501e-04 -3.621000000000000087e-03 9.999930000000000208e-01 3.239929999999999755e-01 -9.460539999999999505e-01 -3.240999999999999957e-03 9.460589999999999833e-01 3.239890000000000270e-01 1.714999999999999945e-03
1.900000000000000000e+01 1.500000000000000000e+01 4.000000000000000000e+00 0.000000000000000000e+00 1.600000000000000089e+00 1.634999999999999952e-03 2.329999999999999986e-04 9.999989999999999712e-01 3.244290000000000229e-01 -9.459100000000000286e-01 -3.099999999999999999e-04 9.459089999999999998e-01 3.244290000000000229e-01 -1.621999999999999961e-03
3.000000000000000000e+01 4.000000000000000000e+00 5.000000000000000000e+00 0.000000000000000000e+00 1.600000000000000089e+00 2.687999999999999851e-03 6.130000000000000032e-03 9.999780000000000335e-01 2.342170000000000085e-01 -9.721699999999999786e-01 5.329999999999999669e-03 9.721809999999999619e-01 2.341969999999999885e-01 -4.048999999999999648e-03
1.300000000000000000e+01 1.010000000000000000e+02 7.000000000000000000e+00 0.000000000000000000e+00 1.600000000000000089e+00 -3.926999999999999935e-03 -8.200000000000000095e-05 9.999919999999999920e-01 8.833229999999999693e-01 4.687520000000000020e-01 3.507999999999999834e-03 -4.687490000000000268e-01 8.833299999999999486e-01 -1.768000000000000040e-03
1.700000000000000000e+01 1.010000000000000000e+02 7.000000000000000000e+00 0.000000000000000000e+00 1.600000000000000089e+00 -4.483000000000000006e-03 -1.324999999999999963e-02 9.999019999999999575e-01 8.822830000000000394e-01 4.706080000000000263e-01 1.019100000000000041e-02 -4.706969999999999765e-01 8.822429999999999994e-01 9.580999999999999239e-03
1.000000000000000000e+00 2.500000000000000000e+01 8.000000000000000000e+00 0.000000000000000000e+00 1.600000000000000089e+00 1.175000000000000046e-03 -1.456999999999999962e-03 -9.999980000000000535e-01 4.461149999999999838e-01 8.949749999999999650e-01 -7.799999999999999859e-04 8.949749999999999650e-01 -4.461129999999999818e-01 1.701999999999999954e-03
4.000000000000000000e+00 2.500000000000000000e+01 8.000000000000000000e+00 0.000000000000000000e+00 1.600000000000000089e+00 1.405999999999999915e-03 4.394000000000000336e-03 -9.999890000000000168e-01 4.471640000000000059e-01 8.944410000000000416e-01 4.558999999999999685e-03 8.944509999999999961e-01 -4.471649999999999792e-01 -7.069999999999999462e-04
8.000000000000000000e+00 2.500000000000000000e+01 8.000000000000000000e+00 0.000000000000000000e+00 1.600000000000000089e+00 5.770000000000000389e-04 2.076000000000000154e-03 -9.999980000000000535e-01 4.480419999999999958e-01 8.940099999999999714e-01 2.113999999999999994e-03 8.940129999999999466e-01 -4.480419999999999958e-01 -4.139999999999999800e-04
1.600000000000000000e+01 2.500000000000000000e+01 8.000000000000000000e+00 0.000000000000000000e+00 1.600000000000000089e+00 1.600000000000000131e-04 -7.359000000000000090e-03 -9.999730000000000008e-01 4.483219999999999983e-01 8.938490000000000046e-01 -6.505999999999999631e-03 8.938719999999999999e-01 -4.483090000000000130e-01 3.442999999999999880e-03
2.300000000000000000e+01 2.500000000000000000e+01 8.000000000000000000e+00 0.000000000000000000e+00 1.600000000000000089e+00 9.280000000000000054e-04 6.283000000000000390e-03 -9.999799999999999800e-01 4.474910000000000276e-01 8.942679999999999518e-01 6.034000000000000301e-03 8.942879999999999718e-01 -4.474879999999999969e-01 -1.981999999999999821e-03
2.600000000000000000e+01 2.500000000000000000e+01 8.000000000000000000e+00 0.000000000000000000e+00 1.600000000000000089e+00 2.229999999999999994e-04 3.870999999999999875e-03 -9.999919999999999920e-01 4.469060000000000255e-01 8.945739999999999803e-01 3.562000000000000062e-03 8.945809999999999595e-01 -4.469040000000000235e-01 -1.531000000000000026e-03
2.900000000000000000e+01 2.500000000000000000e+01 8.000000000000000000e+00 0.000000000000000000e+00 1.600000000000000089e+00 -4.029999999999999837e-04 -1.639999999999999965e-03 -9.999989999999999712e-01 4.462740000000000040e-01 8.948949999999999960e-01 -1.647000000000000026e-03 8.948960000000000248e-01 -4.462740000000000040e-01 3.710000000000000190e-04
7.000000000000000000e+00 2.400000000000000000e+01 9.000000000000000000e+00 0.000000000000000000e+00 1.600000000000000089e+00 6.899999999999999667e-04 6.943000000000000387e-03 -9.999759999999999760e-01 4.508730000000000238e-01 8.925640000000000240e-01 6.507999999999999896e-03 8.925880000000000480e-01 -4.508670000000000178e-01 -2.514999999999999875e-03
1.500000000000000000e+01 2.400000000000000000e+01 9.000000000000000000e+00 0.000000000000000000e+00 1.600000000000000089e+00 2.369999999999999874e-04 -8.094000000000000500e-03 -9.999670000000000503e-01 4.515190000000000037e-01 8.922330000000000538e-01 -7.114999999999999797e-03 8.922609999999999708e-01 -4.515029999999999877e-01 3.866000000000000079e-03
2.200000000000000000e+01 2.400000000000000000e+01 9.000000000000000000e+00 0.000000000000000000e+00 1.600000000000000089e+00 8.769999999999999584e-04 5.006000000000000033e-03 -9.999869999999999592e-01 4.504340000000000011e-01 8.927969999999999517e-01 4.864000000000000268e-03 8.928089999999999637e-01 -4.504319999999999991e-01 -1.472000000000000001e-03
2.700000000000000000e+01 2.400000000000000000e+01 9.000000000000000000e+00 0.000000000000000000e+00 1.600000000000000089e+00 1.979999999999999881e-04 2.150000000000000001e-03 -9.999980000000000535e-01 4.493559999999999777e-01 8.933499999999999774e-01 2.010000000000000068e-03 8.933529999999999527e-01 -4.493559999999999777e-01 -7.889999999999999878e-04
2.000000000000000000e+01 1.020000000000000000e+02 9.000000000000000000e+00 0.000000000000000000e+00 1.600000000000000089e+00 6.489999999999999459e-04 -9.740000000000000394e-04 9.999989999999999712e-01 9.200620000000000465e-01 3.917729999999999824e-01 -2.149999999999999947e-04 -3.917720000000000091e-01 9.200620000000000465e-01 1.150999999999999896e-03
7.000000000000000000e+00 1.200000000000000000e+01 1.000000000000000000e+01 0.000000000000000000e+00 1.600000000000000089e+00 1.521000000000000000e-03 1.892000000000000019e-03 -9.999970000000000248e-01 -5.535060000000000535e-01 -8.328419999999999712e-01 -2.418000000000000010e-03 -8.328440000000000287e-01 5.535080000000000000e-01 -2.200000000000000078e-04
1.200000000000000000e+01 1.200000000000000000e+01 1.000000000000000000e+01 0.000000000000000000e+00 1.600000000000000089e+00 -1.828999999999999897e-03 -8.918000000000000579e-03 -9.999590000000000423e-01 -5.519100000000000117e-01 -8.338609999999999634e-01 8.446000000000000382e-03 -8.339020000000000321e-01 5.519030000000000324e-01 -3.396999999999999846e-03
2.100000000000000000e+01 1.200000000000000000e+01 1.000000000000000000e+01 0.000000000000000000e+00 1.600000000000000089e+00 3.460000000000000076e-04 4.955000000000000203e-03 -9.999879999999999880e-01 -5.505839999999999623e-01 -8.347679999999999545e-01 -4.327000000000000117e-03 -8.347790000000000488e-01 5.505790000000000406e-01 2.439000000000000196e-03
1.200000000000000000e+01 3.100000000000000000e+01 1.200000000000000000e+01 0.000000000000000000e+00 1.600000000000000089e+00 5.330000000000000536e-04 2.180000000000000134e-04 1.000000000000000000e+00 3.625999999999999883e-03 9.999930000000000208e-01 -2.200000000000000078e-04 -9.999930000000000208e-01 3.625999999999999883e-03 5.320000000000000293e-04
2.500000000000000000e+01 3.100000000000000000e+01 1.200000000000000000e+01 0.000000000000000000e+00 1.600000000000000089e+00 -5.150000000000000498e-04 9.799999999999999684e-05 1.000000000000000000e+00 -3.843000000000000062e-03 9.999930000000000208e-01 -1.000000000000000048e-04 -9.999919999999999920e-01 -3.843000000000000062e-03 -5.150000000000000498e-04
4.000000000000000000e+00 3.200000000000000000e+01 1.400000000000000000e+01 0.000000000000000000e+00 1.600000000000000089e+00 3.742999999999999799e-03 -7.119999999999999593e-04 -9.999930000000000208e-01 9.593699999999999450e-02 9.953870000000000218e-01 -3.499999999999999964e-04 9.953800000000000425e-01 -9.593500000000000638e-02 3.794000000000000063e-03
1.000000000000000000e+01 3.200000000000000000e+01 1.400000000000000000e+01 0.000000000000000000e+00 1.600000000000000089e+00 2.311000000000000120e-03 6.499999999999999431e-05 -9.999970000000000248e-01 9.928499999999999825e-02 9.950590000000000268e-01 2.939999999999999905e-04 9.950560000000000516e-01 -9.928499999999999825e-02 2.294000000000000032e-03
1.500000000000000000e+01 1.160000000000000000e+02 1.600000000000000000e+01 0.000000000000000000e+00 1.600000000000000089e+00 -7.829999999999999504e-04 -6.000000000000000152e-06 1.000000000000000000e+00 6.557640000000000136e-01 7.549660000000000259e-01 5.180000000000000143e-04 -7.549660000000000259e-01 6.557640000000000136e-01 -5.869999999999999567e-04
2.700000000000000000e+01 1.160000000000000000e+02 1.600000000000000000e+01 0.000000000000000000e+00 1.600000000000000089e+00 -3.769999999999999914e-03 -2.969999999999999984e-03 9.999879999999999880e-01 7.075280000000000458e-01 7.066689999999999916e-01 4.766000000000000271e-03 -7.066750000000000531e-01 7.075380000000000003e-01 -5.630000000000000239e-04
2.000000000000000000e+00 2.000000000000000000e+00 1.900000000000000000e+01 0.000000000000000000e+00 1.600000000000000089e+00 9.499999999999999981e-04 -8.570000000000000144e-04 -9.999989999999999712e-01 1.868269999999999931e-01 -9.823920000000000430e-01 1.018999999999999941e-03 -9.823920000000000430e-01 -1.868279999999999941e-01 -7.730000000000000326e-04
6.000000000000000000e+00 2.000000000000000000e+00 1.900000000000000000e+01 0.000000000000000000e+00 1.600000000000000089e+00 -4.479999999999999933e-04 1.874000000000000015e-03 -9.999980000000000535e-01 1.882389999999999897e-01 -9.821210000000000218e-01 -1.923999999999999929e-03 -9.821229999999999682e-01 -1.882389999999999897e-01 8.700000000000000051e-05
1.400000000000000000e+01 2.000000000000000000e+00 1.900000000000000000e+01 0.000000000000000000e+00 1.600000000000000089e+00 -6.948000000000000183e-03 -1.425700000000000058e-02 -9.998740000000000405e-01 1.847880000000000078e-01 -9.826960000000000139e-01 1.272799999999999973e-02 -9.827540000000000164e-01 -1.846760000000000068e-01 9.461999999999999925e-03
2.100000000000000000e+01 2.000000000000000000e+00 1.900000000000000000e+01 0.000000000000000000e+00 1.600000000000000089e+00 7.680000000000000195e-04 -1.537700000000000004e-02 -9.998820000000000485e-01 1.836000000000000132e-01 -9.828829999999999512e-01 1.525600000000000046e-02 -9.830010000000000137e-01 -1.835900000000000032e-01 2.067999999999999960e-03
2.800000000000000000e+01 2.000000000000000000e+00 1.900000000000000000e+01 0.000000000000000000e+00 1.600000000000000089e+00 1.923999999999999929e-03 -2.733800000000000119e-02 -9.996239999999999570e-01 1.933719999999999883e-01 -9.807489999999999819e-01 2.719399999999999942e-02 -9.811239999999999961e-01 -1.933519999999999961e-01 3.399000000000000112e-03
1.100000000000000000e+01 4.000000000000000000e+00 2.000000000000000000e+01 0.000000000000000000e+00 1.600000000000000089e+00 -5.054999999999999598e-03 -4.521999999999999978e-03 -9.999770000000000048e-01 2.778379999999999739e-01 -9.606230000000000047e-01 2.939999999999999905e-03 -9.606149999999999967e-01 -2.778169999999999806e-01 6.112000000000000245e-03
3.000000000000000000e+00 1.300000000000000000e+01 2.000000000000000000e+01 0.000000000000000000e+00 1.600000000000000089e+00 8.319999999999999488e-04 -1.450000000000000009e-04 1.000000000000000000e+00 2.556930000000000036e-01 9.667580000000000062e-01 -7.299999999999999903e-05 -9.667580000000000062e-01 2.556930000000000036e-01 8.409999999999999507e-04
6.000000000000000000e+00 1.300000000000000000e+01 2.000000000000000000e+01 0.000000000000000000e+00 1.600000000000000089e+00 6.279999999999999775e-04 -9.349999999999999587e-04 9.999989999999999712e-01 2.548329999999999762e-01 9.669849999999999834e-01 7.439999999999999782e-04 -9.669849999999999834e-01 2.548320000000000030e-01 8.450000000000000479e-04
1.000000000000000000e+01 1.300000000000000000e+01 2.000000000000000000e+01 0.000000000000000000e+00 1.600000000000000089e+00 -1.562000000000000020e-03 2.394999999999999993e-03 9.999959999999999960e-01 2.527190000000000270e-01 9.675380000000000091e-01 -1.923000000000000013e-03 -9.675390000000000379e-01 2.527150000000000230e-01 -2.115999999999999825e-03
1.800000000000000000e+01 1.300000000000000000e+01 2.000000000000000000e+01 0.000000000000000000e+00 1.600000000000000089e+00 -2.768000000000000061e-03 -7.481999999999999935e-03 9.999679999999999680e-01 2.552050000000000152e-01 9.668539999999999912e-01 7.941000000000000142e-03 -9.668830000000000480e-01 2.552189999999999737e-01 -7.669999999999999951e-04
2.400000000000000000e+01 1.300000000000000000e+01 2.000000000000000000e+01 0.000000000000000000e+00 1.600000000000000089e+00 -4.350000000000000026e-04 -2.177999999999999815e-03 9.999970000000000248e-01 2.578889999999999794e-01 9.661720000000000308e-01 2.216000000000000088e-03 -9.661739999999999773e-01 2.578900000000000081e-01 1.420000000000000092e-04
6.000000000000000000e+00 3.000000000000000000e+00 2.500000000000000000e+01 0.000000000000000000e+00 1.600000000000000089e+00 5.439999999999999957e-04 -6.780000000000000002e-04 1.000000000000000000e+00 -7.527499999999999469e-02 -9.971630000000000216e-01 -6.350000000000000392e-04 9.971630000000000216e-01 -7.527499999999999469e-02 -5.940000000000000184e-04
1.200000000000000000e+01 3.000000000000000000e+00 2.500000000000000000e+01 0.000000000000000000e+00 1.600000000000000089e+00 -2.435000000000000098e-03 -9.726999999999999535e-03 9.999500000000000055e-01 -7.056300000000000072e-02 -9.974579999999999558e-01 -9.874000000000000832e-03 9.975039999999999463e-01 -7.058300000000000685e-02 1.742000000000000059e-03
2.200000000000000000e+01 3.000000000000000000e+00 2.500000000000000000e+01 0.000000000000000000e+00 1.600000000000000089e+00 -9.810000000000001011e-04 -1.418499999999999969e-02 9.998989999999999823e-01 -6.600599999999999523e-02 -9.977179999999999938e-01 -1.421900000000000074e-02 9.978190000000000115e-01 -6.601300000000000223e-02 4.199999999999999768e-05
2.900000000000000000e+01 3.000000000000000000e+00 2.500000000000000000e+01 0.000000000000000000e+00 1.600000000000000089e+00 -1.047400000000000067e-02 -3.125700000000000006e-02 9.994570000000000398e-01 -8.313099999999999656e-02 -9.960240000000000204e-01 -3.202100000000000085e-02 9.964840000000000364e-01 -8.342099999999999516e-02 7.834000000000000685e-03
5.000000000000000000e+00 4.600000000000000000e+01 2.700000000000000000e+01 0.000000000000000000e+00 1.600000000000000089e+00 1.530000000000000056e-04 5.550000000000000462e-04 -1.000000000000000000e+00 6.707629999999999981e-01 7.416709999999999692e-01 5.140000000000000254e-04 7.416709999999999692e-01 -6.707629999999999981e-01 -2.579999999999999828e-04
1.200000000000000000e+01 4.600000000000000000e+01 2.700000000000000000e+01 0.000000000000000000e+00 1.600000000000000089e+00 -1.330999999999999935e-03 3.209999999999999963e-04 -9.999989999999999712e-01 6.719760000000000177e-01 7.405730000000000368e-01 -6.570000000000000319e-04 7.405720000000000081e-01 -6.719760000000000177e-01 -1.201999999999999943e-03
1.800000000000000000e+01 4.600000000000000000e+01 2.700000000000000000e+01 0.000000000000000000e+00 1.600000000000000089e+00 -2.719999999999999979e-04 -1.090999999999999956e-03 -9.999989999999999712e-01 6.718370000000000175e-01 7.406979999999999675e-01 -9.909999999999999105e-04 7.406989999999999963e-01 -6.718370000000000175e-01 5.320000000000000293e-04
2.800000000000000000e+01 4.600000000000000000e+01 2.700000000000000000e+01 0.000000000000000000e+00 1.600000000000000089e+00 -3.770000000000000022e-04 -4.679999999999999915e-04 -1.000000000000000000e+00 6.759309999999999485e-01 7.369649999999999812e-01 -5.999999999999999474e-04 7.369649999999999812e-01 -6.759309999999999485e-01 3.899999999999999929e-05
8.000000000000000000e+00 4.600000000000000000e+01 3.000000000000000000e+01 0.000000000000000000e+00 1.600000000000000089e+00 1.064000000000000059e-03 -3.600000000000000227e-04 -9.999989999999999712e-01 3.300919999999999965e-01 9.439490000000000380e-01 1.099999999999999971e-05 9.439480000000000093e-01 -3.300919999999999965e-01 1.123000000000000083e-03
2.600000000000000000e+01 4.600000000000000000e+01 3.000000000000000000e+01 0.000000000000000000e+00 1.600000000000000089e+00 1.190000000000000058e-04 -1.033000000000000064e-03 -9.999989999999999712e-01 3.317430000000000101e-01 9.433690000000000131e-01 -9.349999999999999587e-04 9.433700000000000419e-01 -3.317419999999999813e-01 4.550000000000000008e-04
2.900000000000000000e+01 4.600000000000000000e+01 3.000000000000000000e+01 0.000000000000000000e+00 1.600000000000000089e+00 -2.229999999999999994e-04 -1.002999999999999985e-03 -9.999989999999999712e-01 3.306799999999999740e-01 9.437419999999999698e-01 -1.020999999999999989e-03 9.437429999999999986e-01 -3.306799999999999740e-01 1.210000000000000002e-04
4.000000000000000000e+00 5.800000000000000000e+01 3.100000000000000000e+01 0.000000000000000000e+00 1.600000000000000089e+00 3.748000000000000029e-03 1.567000000000000033e-03 9.999919999999999920e-01 -7.979509999999999659e-01 -6.027090000000000503e-01 3.935000000000000130e-03 6.027099999999999680e-01 -7.979589999999999739e-01 -1.007999999999999998e-03
8.000000000000000000e+00 5.800000000000000000e+01 3.100000000000000000e+01 0.000000000000000000e+00 1.600000000000000089e+00 3.300000000000000253e-05 2.149999999999999947e-04 1.000000000000000000e+00 -7.965069999999999650e-01 -6.046289999999999720e-01 1.559999999999999972e-04 6.046289999999999720e-01 -7.965069999999999650e-01 1.510000000000000112e-04
1.200000000000000000e+01 5.800000000000000000e+01 3.100000000000000000e+01 0.000000000000000000e+00 1.600000000000000089e+00 -2.132999999999999913e-03 -4.847999999999999879e-03 9.999860000000000415e-01 -7.960970000000000546e-01 -6.051509999999999945e-01 -4.631999999999999833e-03 6.051649999999999530e-01 -7.960960000000000258e-01 -2.569000000000000103e-03
1.500000000000000000e+01 5.800000000000000000e+01 3.100000000000000000e+01 0.000000000000000000e+00 1.600000000000000089e+00 -3.795999999999999895e-03 -4.531000000000000305e-03 9.999829999999999552e-01 -7.968330000000000135e-01 -6.041720000000000423e-01 -5.761999999999999761e-03 6.041879999999999473e-01 -7.968410000000000215e-01 -1.317000000000000028e-03
2.000000000000000000e+01 5.800000000000000000e+01 3.100000000000000000e+01 0.000000000000000000e+00 1.600000000000000089e+00 -5.046000000000000138e-03 -2.383000000000000135e-03 9.999850000000000128e-01 -8.009690000000000420e-01 -5.986799999999999899e-01 -5.468999999999999903e-03 5.986839999999999939e-01 -8.009849999999999470e-01 1.111999999999999924e-03
2.800000000000000000e+01 5.800000000000000000e+01 3.100000000000000000e+01 0.000000000000000000e+00 1.600000000000000089e+00 4.240000000000000062e-04 -1.871000000000000050e-03 9.999980000000000535e-01 -7.972650000000000015e-01 -6.036289999999999711e-01 -7.910000000000000364e-04 6.036289999999999711e-01 -7.972630000000000550e-01 -1.747999999999999988e-03
3.000000000000000000e+00 2.300000000000000000e+01 3.400000000000000000e+01 0.000000000000000000e+00 1.600000000000000089e+00 -2.049999999999999956e-04 -7.910999999999999630e-03 9.999689999999999968e-01 4.002979999999999872e-01 -9.163569999999999771e-01 -7.166999999999999760e-03 9.163850000000000051e-01 4.002839999999999732e-01 3.354000000000000210e-03
1.000000000000000000e+01 2.300000000000000000e+01 3.400000000000000000e+01 0.000000000000000000e+00 1.600000000000000089e+00 1.502999999999999996e-03 2.874999999999999951e-03 9.999949999999999672e-01 4.081299999999999928e-01 -9.129209999999999825e-01 2.011000000000000201e-03 9.129230000000000400e-01 4.081250000000000155e-01 -2.546000000000000086e-03
5.000000000000000000e+00 4.600000000000000000e+01 3.500000000000000000e+01 0.000000000000000000e+00 1.600000000000000089e+00 -8.570000000000000144e-04 -1.101999999999999898e-03 -9.999989999999999712e-01 3.913340000000000152e-01 -9.202479999999999549e-01 6.790000000000000245e-04 -9.202479999999999549e-01 -3.913329999999999864e-01 1.219999999999999947e-03
1.200000000000000000e+01 4.600000000000000000e+01 3.500000000000000000e+01 0.000000000000000000e+00 1.600000000000000089e+00 -3.710000000000000190e-04 3.569000000000000124e-03 -9.999940000000000495e-01 3.942689999999999806e-01 -9.189889999999999448e-01 -3.425999999999999792e-03 -9.189950000000000063e-01 -3.942680000000000073e-01 -1.066000000000000107e-03
1.700000000000000000e+01 4.600000000000000000e+01 3.500000000000000000e+01 0.000000000000000000e+00 1.600000000000000089e+00 1.546000000000000065e-03 4.995000000000000308e-03 -9.999860000000000415e-01 3.957350000000000034e-01 -9.183559999999999501e-01 -3.975000000000000235e-03 -9.183630000000000404e-01 -3.957240000000000202e-01 -3.396999999999999846e-03
2.300000000000000000e+01 4.600000000000000000e+01 3.500000000000000000e+01 0.000000000000000000e+00 1.600000000000000089e+00 -2.196000000000000035e-03 -1.484000000000000076e-03 -9.999970000000000248e-01 3.953499999999999792e-01 -9.185299999999999576e-01 4.949999999999999973e-04 -9.185280000000000111e-01 -3.953479999999999772e-01 2.603999999999999978e-03
2.800000000000000000e+01 4.600000000000000000e+01 3.500000000000000000e+01 0.000000000000000000e+00 1.600000000000000089e+00 4.719999999999999803e-04 -7.650999999999999815e-03 -9.999710000000000543e-01 3.914949999999999819e-01 -9.201519999999999699e-01 7.224999999999999652e-03 -9.201799999999999979e-01 -3.914869999999999739e-01 2.560999999999999908e-03
4.000000000000000000e+00 9.500000000000000000e+01 3.600000000000000000e+01 0.000000000000000000e+00 1.600000000000000089e+00 -7.867999999999999994e-03 -1.197900000000000006e-02 9.998970000000000358e-01 9.975319999999999743e-01 6.968000000000000582e-02 8.684000000000000746e-03 -6.977700000000000569e-02 9.974969999999999670e-01 1.140099999999999968e-02
1.000000000000000000e+01 9.500000000000000000e+01 3.600000000000000000e+01 0.000000000000000000e+00 1.600000000000000089e+00 -1.350799999999999917e-02 -6.596000000000000300e-03 9.998869999999999703e-01 9.980970000000000120e-01 6.007900000000000046e-02 1.387999999999999998e-02 -6.016400000000000220e-02 9.981719999999999482e-01 5.772000000000000221e-03
1.600000000000000000e+01 9.500000000000000000e+01 3.600000000000000000e+01 0.000000000000000000e+00 1.600000000000000089e+00 8.267000000000000043e-03 2.033599999999999991e-02 9.997589999999999533e-01 9.983699999999999797e-01 5.629900000000000182e-02 -9.400000000000000369e-03 -5.647699999999999942e-02 9.982069999999999554e-01 -1.983700000000000047e-02
2.200000000000000000e+01 9.500000000000000000e+01 3.600000000000000000e+01 0.000000000000000000e+00 1.600000000000000089e+00 7.568000000000000074e-03 1.117600000000000017e-02 9.999090000000000478e-01 9.981240000000000112e-01 6.066200000000000064e-02 -8.231999999999999734e-03 -6.074800000000000338e-02 9.980959999999999832e-01 -1.069600000000000065e-02
2.500000000000000000e+01 9.500000000000000000e+01 3.600000000000000000e+01 0.000000000000000000e+00 1.600000000000000089e+00 8.009000000000000494e-03 6.839999999999999726e-03 9.999449999999999728e-01 9.976490000000000080e-01 6.800399999999999501e-02 -8.455000000000000709e-03 -6.805799999999999350e-02 9.976620000000000488e-01 -6.279999999999999992e-03
2.400000000000000000e+01 3.000000000000000000e+00 4.300000000000000000e+01 0.000000000000000000e+00 1.600000000000000089e+00 -4.460999999999999688e-03 -1.392999999999999924e-03 -9.999890000000000168e-01 7.376549999999999496e-01 -6.751730000000000231e-01 -2.350000000000000092e-03 -6.751629999999999576e-01 -7.376580000000000359e-01 4.039000000000000055e-03
2.000000000000000000e+00 2.900000000000000000e+01 4.400000000000000000e+01 0.000000000000000000e+00 1.600000000000000089e+00 3.131999999999999802e-03 5.009000000000000431e-03 -9.999829999999999552e-01 6.678979999999999917e-01 7.442299999999999471e-01 5.819999999999999653e-03 7.442459999999999631e-01 -6.679040000000000532e-01 -1.015000000000000060e-03
1.200000000000000000e+01 2.900000000000000000e+01 4.400000000000000000e+01 0.000000000000000000e+00 1.600000000000000089e+00 -9.009999999999999997e-04 -5.360000000000000181e-04 -9.999989999999999712e-01 6.576570000000000471e-01 7.533170000000000144e-01 -9.959999999999999236e-04 7.533170000000000144e-01 -6.576579999999999648e-01 -3.260000000000000094e-04
1.600000000000000000e+01 2.900000000000000000e+01 4.400000000000000000e+01 0.000000000000000000e+00 1.600000000000000089e+00 -1.779999999999999898e-04 2.988000000000000204e-03 -9.999959999999999960e-01 6.530510000000000481e-01 7.573109999999999564e-01 2.145999999999999904e-03 7.573140000000000427e-01 -6.530479999999999619e-01 -2.086000000000000180e-03
1.900000000000000000e+01 2.900000000000000000e+01 4.400000000000000000e+01 0.000000000000000000e+00 1.600000000000000089e+00 -1.732999999999999948e-03 3.190000000000000019e-04 -9.999980000000000535e-01 6.554100000000000481e-01 7.552729999999999722e-01 -8.949999999999999623e-04 7.552710000000000257e-01 -6.554109999999999658e-01 -1.518000000000000035e-03
2.300000000000000000e+01 2.900000000000000000e+01 4.400000000000000000e+01 0.000000000000000000e+00 1.600000000000000089e+00 -3.350000000000000113e-03 -2.075000000000000022e-03 -9.999919999999999920e-01 6.611949999999999772e-01 7.502050000000000107e-01 -3.772000000000000179e-03 7.502069999999999572e-01 -6.612019999999999564e-01 -1.142000000000000003e-03
2.600000000000000000e+01 2.900000000000000000e+01 4.400000000000000000e+01 0.000000000000000000e+00 1.600000000000000089e+00 -1.585999999999999953e-03 -1.807999999999999928e-03 -9.999970000000000248e-01 6.643829999999999458e-01 7.473889999999999700e-01 -2.405000000000000020e-03 7.473910000000000275e-01 -6.643839999999999746e-01 1.500000000000000038e-05
3.000000000000000000e+01 2.900000000000000000e+01 4.400000000000000000e+01 0.000000000000000000e+00 1.600000000000000089e+00 7.910000000000000364e-04 -2.487000000000000061e-03 -9.999970000000000248e-01 6.665689999999999671e-01 7.454420000000000490e-01 -1.327000000000000055e-03 7.454429999999999668e-01 -6.665659999999999918e-01 2.246999999999999865e-03
2.200000000000000000e+01 7.000000000000000000e+01 4.700000000000000000e+01 0.000000000000000000e+00 1.600000000000000089e+00 1.956999999999999972e-03 -1.296000000000000060e-03 -9.999970000000000248e-01 -8.454380000000000228e-01 -5.340730000000000199e-01 -9.619999999999999645e-04 -5.340700000000000447e-01 8.454369999999999941e-01 -2.141000000000000108e-03
4.000000000000000000e+00 5.000000000000000000e+00 5.100000000000000000e+01 0.000000000000000000e+00 1.600000000000000089e+00 1.067000000000000023e-03 -7.900000000000000772e-03 -9.999679999999999680e-01 4.883719999999999728e-01 -8.726040000000000463e-01 7.414999999999999716e-03 -8.726350000000000495e-01 -4.883649999999999936e-01 2.926999999999999914e-03
7.000000000000000000e+00 5.000000000000000000e+00 5.100000000000000000e+01 0.000000000000000000e+00 1.600000000000000089e+00 1.601999999999999908e-03 -5.406000000000000215e-03 -9.999839999999999840e-01 4.874180000000000179e-01 -8.731520000000000392e-01 5.501999999999999946e-03 -8.731670000000000265e-01 -4.874189999999999912e-01 1.235999999999999903e-03
1.100000000000000000e+01 5.000000000000000000e+00 5.100000000000000000e+01 0.000000000000000000e+00 1.600000000000000089e+00 8.239999999999999712e-04 -3.867000000000000211e-03 -9.999919999999999920e-01 4.820949999999999958e-01 -8.761109999999999731e-01 3.785999999999999869e-03 -8.761189999999999811e-01 -4.820940000000000225e-01 1.142000000000000003e-03
1.700000000000000000e+01 5.000000000000000000e+00 5.100000000000000000e+01 0.000000000000000000e+00 1.600000000000000089e+00 -4.695000000000000388e-03 -1.484399999999999956e-02 -9.998789999999999623e-01 4.847049999999999970e-01 -8.746119999999999450e-01 1.070899999999999977e-02 -8.746650000000000258e-01 -4.845960000000000267e-01 1.130100000000000028e-02
2.000000000000000000e+01 6.000000000000000000e+00 5.100000000000000000e+01 0.000000000000000000e+00 1.600000000000000089e+00 -4.291999999999999808e-03 -1.625700000000000062e-02 -9.998590000000000533e-01 3.162639999999999896e-01 -9.485670000000000490e-01 1.406499999999999938e-02 -9.486620000000000053e-01 -3.161590000000000233e-01 9.213000000000000703e-03
2.300000000000000000e+01 6.000000000000000000e+00 5.100000000000000000e+01 0.000000000000000000e+00 1.600000000000000089e+00 -4.974000000000000123e-03 -1.632799999999999876e-02 -9.998540000000000205e-01 3.144429999999999725e-01 -9.491739999999999622e-01 1.393600000000000047e-02 -9.492629999999999679e-01 -3.143279999999999963e-01 9.854999999999999177e-03
2.700000000000000000e+01 6.000000000000000000e+00 5.100000000000000000e+01 0.000000000000000000e+00 1.600000000000000089e+00 -6.644999999999999865e-03 -9.100999999999999715e-03 -9.999369999999999647e-01 3.191609999999999725e-01 -9.476780000000000204e-01 6.505000000000000365e-03 -9.476769999999999916e-01 -3.190979999999999928e-01 9.202000000000000110e-03
2.600000000000000000e+01 7.000000000000000000e+00 5.200000000000000000e+01 0.000000000000000000e+00 1.600000000000000089e+00 -7.263999999999999624e-03 -8.311000000000000679e-03 -9.999390000000000223e-01 1.181630000000000041e-01 -9.929670000000000440e-01 7.394000000000000399e-03 -9.929679999999999618e-01 -1.181019999999999986e-01 8.194999999999999160e-03
2.000000000000000000e+00 6.300000000000000000e+01 5.400000000000000000e+01 0.000000000000000000e+00 1.600000000000000089e+00 2.138000000000000143e-03 6.768999999999999843e-03 9.999749999999999472e-01 -3.503439999999999888e-01 9.366039999999999921e-01 -5.590999999999999616e-03 -9.366189999999999793e-01 -3.503229999999999955e-01 4.374000000000000284e-03
6.000000000000000000e+00 6.300000000000000000e+01 5.400000000000000000e+01 0.000000000000000000e+00 1.600000000000000089e+00 2.249999999999999938e-04 1.288000000000000082e-03 9.999989999999999712e-01 -3.540499999999999758e-01 9.352260000000000018e-01 -1.124999999999999915e-03 -9.352270000000000305e-01 -3.540490000000000026e-01 6.669999999999999497e-04
9.000000000000000000e+00 6.300000000000000000e+01 5.400000000000000000e+01 0.000000000000000000e+00 1.600000000000000089e+00 -4.389999999999999914e-04 -2.128000000000000117e-03 9.999980000000000535e-01 -3.536380000000000079e-01 9.353799999999999892e-01 1.835999999999999958e-03 -9.353820000000000467e-01 -3.536369999999999791e-01 -1.162999999999999971e-03
1.400000000000000000e+01 6.300000000000000000e+01 5.400000000000000000e+01 0.000000000000000000e+00 1.600000000000000089e+00 -1.075000000000000001e-03 2.109000000000000197e-03 9.999970000000000248e-01 -3.515789999999999749e-01 9.361549999999999594e-01 -2.351999999999999924e-03 -9.361580000000000457e-01 -3.515809999999999769e-01 -2.649999999999999903e-04
2.500000000000000000e+01 6.300000000000000000e+01 5.400000000000000000e+01 0.000000000000000000e+00 1.600000000000000089e+00 -2.710999999999999868e-03 -4.768999999999999802e-03 9.999850000000000128e-01 -3.394090000000000162e-01 9.406320000000000237e-01 3.565000000000000027e-03 -9.406349999999999989e-01 -3.393939999999999735e-01 -4.168999999999999963e-03
4.000000000000000000e+00 2.500000000000000000e+01 5.500000000000000000e+01 0.000000000000000000e+00 1.600000000000000089e+00 -7.460000000000000268e-04 2.167000000000000089e-03 -9.999970000000000248e-01 -1.225000000000000047e-02 -9.999230000000000063e-01 -2.158000000000000196e-03 -9.999249999999999527e-01 1.224899999999999947e-02 7.730000000000000326e-04
2.400000000000000000e+01 2.000000000000000000e+01 6.000000000000000000e+01 0.000000000000000000e+00 1.600000000000000089e+00 -2.689999999999999791e-04 -9.601999999999999424e-03 9.999540000000000095e-01 -6.187700000000000145e-02 9.980379999999999807e-01 9.567000000000000851e-03 -9.980839999999999712e-01 -6.187200000000000338e-02 -8.630000000000000518e-04
1.400000000000000000e+01 2.100000000000000000e+01 6.000000000000000000e+01 0.000000000000000000e+00 1.600000000000000089e+00 -5.789999999999999791e-04 -4.506999999999999722e-03 9.999900000000000455e-01 -9.913199999999999790e-02 9.950639999999999485e-01 4.427999999999999645e-03 -9.950740000000000141e-01 -9.912899999999999490e-02 -1.023000000000000038e-03
2.000000000000000000e+01 2.100000000000000000e+01 6.000000000000000000e+01 0.000000000000000000e+00 1.600000000000000089e+00 -8.199999999999999824e-04 -7.721000000000000432e-03 9.999700000000000255e-01 -9.763299999999999756e-02 9.951929999999999943e-01 7.603999999999999648e-03 -9.952220000000000510e-01 -9.762400000000000244e-02 -1.569999999999999998e-03
2.500000000000000000e+01 2.100000000000000000e+01 6.000000000000000000e+01 0.000000000000000000e+00 1.600000000000000089e+00 2.420000000000000005e-04 -4.592999999999999861e-03 9.999890000000000168e-01 -9.535499999999999532e-02 9.954330000000000123e-01 4.595000000000000126e-03 -9.954429999999999668e-01 -9.535499999999999532e-02 -1.969999999999999909e-04
3.000000000000000000e+00 2.700000000000000000e+01 6.300000000000000000e+01 0.000000000000000000e+00 1.600000000000000089e+00 2.014999999999999864e-03 -8.159999999999999936e-04 9.999980000000000535e-01 -2.682990000000000097e-01 9.633350000000000524e-01 1.327000000000000055e-03 -9.633329999999999949e-01 -2.683010000000000117e-01 1.722000000000000006e-03
8.000000000000000000e+00 2.700000000000000000e+01 6.300000000000000000e+01 0.000000000000000000e+00 1.600000000000000089e+00 -2.000000000000000042e-03 7.793999999999999713e-03 9.999679999999999680e-01 -2.701620000000000132e-01 9.627809999999999979e-01 -8.044000000000000802e-03 -9.628130000000000299e-01 -2.701689999999999925e-01 1.800000000000000113e-04
1.300000000000000000e+01 2.700000000000000000e+01 6.300000000000000000e+01 0.000000000000000000e+00 1.600000000000000089e+00 5.209999999999999788e-04 -9.820000000000000170e-04 9.999989999999999712e-01 -2.741709999999999980e-01 9.616799999999999793e-01 1.087000000000000076e-03 -9.616810000000000080e-01 -2.741709999999999980e-01 2.320000000000000014e-04
1.800000000000000000e+01 2.700000000000000000e+01 6.300000000000000000e+01 0.000000000000000000e+00 1.600000000000000089e+00 -3.380000000000000192e-03 -4.274000000000000021e-03 9.999850000000000128e-01 -2.739840000000000053e-01 9.617289999999999450e-01 3.184000000000000198e-03 -9.617280000000000273e-01 -2.739690000000000181e-01 -4.421999999999999716e-03
2.500000000000000000e+01 2.700000000000000000e+01 6.300000000000000000e+01 0.000000000000000000e+00 1.600000000000000089e+00 1.033999999999999980e-03 -3.490000000000000047e-03 9.999930000000000208e-01 -2.786230000000000095e-01 9.603939999999999699e-01 3.640000000000000006e-03 -9.604000000000000314e-01 -2.786250000000000115e-01 2.099999999999999884e-05
2.900000000000000000e+01 2.700000000000000000e+01 6.300000000000000000e+01 0.000000000000000000e+00 1.600000000000000089e+00 2.008999999999999935e-03 -4.802999999999999978e-03 9.999860000000000415e-01 -2.791120000000000267e-01 9.602450000000000152e-01 5.172999999999999647e-03 -9.602559999999999985e-01 -2.791190000000000060e-01 5.879999999999999810e-04
4.000000000000000000e+00 2.600000000000000000e+01 6.400000000000000000e+01 0.000000000000000000e+00 1.600000000000000089e+00 1.219000000000000031e-03 6.610000000000000207e-04 9.999989999999999712e-01 -3.488299999999999734e-01 9.371859999999999635e-01 -1.949999999999999965e-04 -9.371850000000000458e-01 -3.488299999999999734e-01 1.373000000000000088e-03
7.000000000000000000e+00 2.600000000000000000e+01 6.400000000000000000e+01 0.000000000000000000e+00 1.600000000000000089e+00 -1.590000000000000050e-03 5.875000000000000014e-03 9.999820000000000375e-01 -3.520019999999999816e-01 9.359800000000000342e-01 -6.059000000000000150e-03 -9.359979999999999967e-01 -3.520050000000000123e-01 5.800000000000000034e-04
1.200000000000000000e+01 2.600000000000000000e+01 6.400000000000000000e+01 0.000000000000000000e+00 1.600000000000000089e+00 5.039999999999999992e-04 2.624000000000000030e-03 9.999959999999999960e-01 -3.573979999999999935e-01 9.339490000000000292e-01 -2.271000000000000015e-03 -9.339520000000000044e-01 -3.573959999999999915e-01 1.407999999999999963e-03
1.700000000000000000e+01 2.600000000000000000e+01 6.400000000000000000e+01 0.000000000000000000e+00 1.600000000000000089e+00 -2.105000000000000100e-03 -2.956999999999999993e-03 9.999930000000000208e-01 -3.554919999999999747e-01 9.346769999999999801e-01 2.014999999999999864e-03 -9.346769999999999801e-01 -3.554849999999999954e-01 -3.017999999999999849e-03
2.900000000000000000e+01 2.600000000000000000e+01 6.400000000000000000e+01 0.000000000000000000e+00 1.600000000000000089e+00 3.017000000000000150e-03 -7.084000000000000019e-03 9.999700000000000255e-01 -3.631909999999999861e-01 9.316830000000000389e-01 7.695999999999999716e-03 -9.317100000000000382e-01 -3.632029999999999981e-01 2.380000000000000117e-04
1.000000000000000000e+00 2.500000000000000000e+01 7.300000000000000000e+01 0.000000000000000000e+00 1.600000000000000089e+00 1.520000000000000084e-04 -2.586999999999999890e-03 9.999970000000000248e-01 7.390430000000000055e-01 -6.736560000000000326e-01 -1.855000000000000095e-03 6.736590000000000078e-01 7.390400000000000302e-01 1.809999999999999977e-03
8.000000000000000000e+00 2.500000000000000000e+01 7.300000000000000000e+01 0.000000000000000000e+00 1.600000000000000089e+00 -1.306000000000000086e-03 4.949999999999999973e-04 9.999989999999999712e-01 7.438730000000000064e-01 -6.683200000000000252e-01 1.301999999999999989e-03 6.683200000000000252e-01 7.438740000000000352e-01 5.050000000000000235e-04
1.400000000000000000e+01 2.500000000000000000e+01 7.300000000000000000e+01 0.000000000000000000e+00 1.600000000000000089e+00 9.009999999999999997e-04 1.704000000000000003e-03 9.999980000000000535e-01 7.456850000000000422e-01 -6.662989999999999746e-01 4.640000000000000027e-04 6.662979999999999459e-01 7.456829999999999847e-01 -1.871000000000000050e-03
1.900000000000000000e+01 2.500000000000000000e+01 7.300000000000000000e+01 0.000000000000000000e+00 1.600000000000000089e+00 8.399999999999999535e-05 -6.019999999999999961e-04 1.000000000000000000e+00 7.499200000000000310e-01 -6.615280000000000049e-01 -4.609999999999999840e-04 6.615280000000000049e-01 7.499200000000000310e-01 3.959999999999999762e-04
2.500000000000000000e+01 2.500000000000000000e+01 7.300000000000000000e+01 0.000000000000000000e+00 1.600000000000000089e+00 2.075000000000000022e-03 4.571999999999999675e-03 9.999869999999999592e-01 7.494480000000000031e-01 -6.620620000000000394e-01 1.471000000000000085e-03 6.620599999999999818e-01 7.494349999999999623e-01 -4.799999999999999580e-03
2.000000000000000000e+00 4.400000000000000000e+01 7.300000000000000000e+01 0.000000000000000000e+00 1.600000000000000089e+00 -1.253999999999999906e-03 6.999999999999999387e-05 9.999989999999999712e-01 4.318099999999999716e-02 -9.990670000000000384e-01 1.240000000000000054e-04 9.990660000000000096e-01 4.318099999999999716e-02 1.250000000000000026e-03
