1.700000000000000000e+01 2.500000000000000000e+01 1.000000000000000000e+00 0.000000000000000000e+00 1.600000000000000089e+00 3.873000000000000140e-03 -1.449999999999999900e-03 -9.999909999999999632e-01 -5.188869999999999871e-01 -8.548419999999999908e-01 -7.699999999999999597e-04 -8.548339999999999828e-01 5.188859999999999584e-01 -4.062999999999999771e-03
2.100000000000000000e+01 2.500000000000000000e+01 1.000000000000000000e+00 0.000000000000000000e+00 1.600000000000000089e+00 3.680000000000000003e-04 3.988000000000000225e-03 -9.999919999999999920e-01 -5.179970000000000407e-01 -8.553749999999999964e-01 -3.602000000000000167e-03 -8.553819999999999757e-01 5.179939999999999545e-01 1.750999999999999952e-03
1.300000000000000000e+01 4.200000000000000000e+01 2.000000000000000000e+00 0.000000000000000000e+00 1.600000000000000089e+00 -5.049999999999999802e-03 4.222599999999999965e-02 -9.990949999999999553e-01 9.816500000000000226e-01 -1.902490000000000014e-01 -1.300199999999999967e-02 -1.906259999999999899e-01 -9.808270000000000044e-01 -4.048999999999999821e-02
2.000000000000000000e+00 1.500000000000000000e+01 4.000000000000000000e+00 0.000000000000000000e+00 1.600000000000000089e+00 4.055999999999999710e-03 -3.207000000000000215e-03 9.999869999999999592e-01 3.059339999999999837e-01 -9.520429999999999726e-01 -4.294000000000000074e-03 9.520440000000000014e-01 3.059470000000000245e-01 -2.880000000000000181e-03
6.000000000000000000e+00 1.500000000000000000e+01 4.000000000000000000e+00 0.000000000000000000e+00 1.600000000000000089e+00 4.768999999999999802e-03 2.674999999999999861e-03 9.999850000000000128e-01 3.071590000000000154e-01 -9.516580000000000039e-01 1.080999999999999930e-03 9.516459999999999919e-01 3.071490000000000054e-01 -5.361000000000000314e-03
1.100000000000000000e+01 1.500000000000000000e+01 4.000000000000000000e+00 0.000000000000000000e+00 1.600000000000000089e+00 1.611000000000000019e-03 3.752999999999999826e-03 9.999919999999999920e-01 3.047079999999999789e-01 -9.524409999999999821e-01 3.083999999999999936e-03 9.524439999999999573e-01 3.047009999999999996e-01 -2.677999999999999825e-03
1.600000000000000000e+01 1.500000000000000000e+01 4.000000000000000000e+00 0.000000000000000000e+00 1.600000000000000089e+00 1.066000000000000107e-03 4.429999999999999910e-03 9.999900000000000455e-01 3.085319999999999729e-01 -9.512059999999999960e-01 3.884999999999999998e-03 9.512129999999999752e-01 3.085249999999999937e-01 -2.380999999999999870e-03
1.900000000000000000e+01 1.500000000000000000e+01 4.000000000000000000e+00 0.000000000000000000e+00 1.600000000000000089e+00 5.010000000000000347e-04 6.096999999999999989e-03 9.999810000000000088e-01 3.098469999999999835e-01 -9.507700000000000040e-01 5.642000000000000313e-03 9.507860000000000200e-01 3.098380000000000023e-01 -2.364999999999999915e-03
2.500000000000000000e+01 1.500000000000000000e+01 4.000000000000000000e+00 0.000000000000000000e+00 1.600000000000000089e+00 1.469999999999999953e-04 4.514999999999999916e-03 9.999900000000000455e-01 3.106599999999999917e-01 -9.505120000000000235e-01 4.245999999999999774e-03 9.505209999999999493e-01 3.106570000000000165e-01 -1.543000000000000101e-03
3.000000000000000000e+00 1.010000000000000000e+02 7.000000000000000000e+00 0.000000000000000000e+00 1.600000000000000089e+00 -1.002000000000000069e-03 -1.610000000000000103e-03 9.999980000000000535e-01 8.836239999999999650e-01 4.681949999999999723e-01 1.639000000000000049e-03 -4.681969999999999743e-01 8.836239999999999650e-01 9.539999999999999869e-04
6.000000000000000000e+00 1.010000000000000000e+02 7.000000000000000000e+00 0.000000000000000000e+00 1.600000000000000089e+00 -3.343000000000000051e-03 2.869000000000000022e-03 9.999900000000000455e-01 8.829909999999999703e-01 4.693869999999999987e-01 1.605000000000000090e-03 -4.693780000000000174e-01 8.829879999999999951e-01 -4.102999999999999876e-03
3.000000000000000000e+00 2.500000000000000000e+01 8.000000000000000000e+00 0.000000000000000000e+00 1.600000000000000089e+00 -9.709999999999999664e-04 -4.760000000000000342e-03 -9.999879999999999880e-01 4.428560000000000274e-01 8.965800000000000436e-01 -4.697999999999999919e-03 8.965919999999999446e-01 -4.428549999999999986e-01 1.237000000000000035e-03
1.000000000000000000e+01 2.500000000000000000e+01 8.000000000000000000e+00 0.000000000000000000e+00 1.600000000000000089e+00 6.899999999999999667e-05 -1.621999999999999961e-03 -9.999989999999999712e-01 4.425220000000000264e-01 8.967559999999999976e-01 -1.423999999999999919e-03 8.967580000000000551e-01 -4.425209999999999977e-01 7.799999999999999859e-04
1.400000000000000000e+01 2.500000000000000000e+01 8.000000000000000000e+00 0.000000000000000000e+00 1.600000000000000089e+00 -3.184000000000000198e-03 -5.069999999999999854e-03 -9.999820000000000375e-01 4.431999999999999829e-01 8.964029999999999498e-01 -5.956000000000000356e-03 8.964170000000000194e-01 -4.432119999999999949e-01 -6.070000000000000092e-04
1.700000000000000000e+01 2.500000000000000000e+01 8.000000000000000000e+00 0.000000000000000000e+00 1.600000000000000089e+00 -1.806000000000000097e-03 -6.512999999999999692e-03 -9.999770000000000048e-01 4.443039999999999767e-01 8.958509999999999529e-01 -6.636999999999999671e-03 8.958739999999999482e-01 -4.443059999999999787e-01 1.276000000000000007e-03
2.000000000000000000e+01 2.500000000000000000e+01 8.000000000000000000e+00 0.000000000000000000e+00 1.600000000000000089e+00 1.979999999999999881e-04 -4.519999999999999712e-03 -9.999900000000000455e-01 4.444609999999999950e-01 8.957889999999999464e-01 -3.961000000000000111e-03 8.957979999999999832e-01 -4.444560000000000177e-01 2.186000000000000009e-03
2.300000000000000000e+01 2.500000000000000000e+01 8.000000000000000000e+00 0.000000000000000000e+00 1.600000000000000089e+00 9.999999999999999547e-07 -5.133000000000000410e-03 -9.999869999999999592e-01 4.438210000000000210e-01 8.961029999999999829e-01 -4.598999999999999790e-03 8.961149999999999949e-01 -4.438159999999999883e-01 2.279000000000000210e-03
2.700000000000000000e+01 2.500000000000000000e+01 8.000000000000000000e+00 0.000000000000000000e+00 1.600000000000000089e+00 -2.775000000000000123e-03 -3.911999999999999679e-03 -9.999879999999999880e-01 4.441919999999999757e-01 8.959190000000000209e-01 -4.736999999999999891e-03 8.959270000000000289e-01 -4.441999999999999837e-01 -7.479999999999999670e-04
2.000000000000000000e+00 2.400000000000000000e+01 9.000000000000000000e+00 0.000000000000000000e+00 1.600000000000000089e+00 -5.349999999999999938e-04 -2.520000000000000104e-03 -9.999970000000000248e-01 4.443799999999999972e-01 8.958350000000000479e-01 -2.494999999999999822e-03 8.958380000000000232e-01 -4.443799999999999972e-01 6.409999999999999682e-04
1.000000000000000000e+01 2.400000000000000000e+01 9.000000000000000000e+00 0.000000000000000000e+00 1.600000000000000089e+00 5.399999999999999798e-05 -2.259000000000000157e-03 -9.999970000000000248e-01 4.455450000000000244e-01 8.952569999999999695e-01 -1.998000000000000210e-03 8.952590000000000270e-01 -4.455439999999999956e-01 1.054000000000000032e-03
1.300000000000000000e+01 2.400000000000000000e+01 9.000000000000000000e+00 0.000000000000000000e+00 1.600000000000000089e+00 -2.554999999999999979e-03 -5.338999999999999996e-03 -9.999820000000000375e-01 4.458210000000000228e-01 8.951029999999999820e-01 -5.917999999999999650e-03 8.951179999999999692e-01 -4.458280000000000021e-01 9.399999999999999448e-05
1.900000000000000000e+01 2.400000000000000000e+01 9.000000000000000000e+00 0.000000000000000000e+00 1.600000000000000089e+00 -1.900000000000000105e-04 -5.165999999999999585e-03 -9.999869999999999592e-01 4.480529999999999791e-01 8.939949999999999841e-01 -4.703999999999999848e-03 8.940069999999999961e-01 -4.480480000000000018e-01 2.144000000000000072e-03
2.300000000000000000e+01 2.400000000000000000e+01 9.000000000000000000e+00 0.000000000000000000e+00 1.600000000000000089e+00 1.830000000000000029e-04 -5.289000000000000298e-03 -9.999860000000000415e-01 4.481620000000000048e-01 8.939399999999999569e-01 -4.645999999999999956e-03 8.939519999999999689e-01 -4.481550000000000256e-01 2.533999999999999794e-03
2.600000000000000000e+01 2.400000000000000000e+01 9.000000000000000000e+00 0.000000000000000000e+00 1.600000000000000089e+00 -2.216999999999999787e-03 -4.505999999999999589e-03 -9.999869999999999592e-01 4.483070000000000110e-01 8.938650000000000206e-01 -5.022000000000000422e-03 8.938770000000000326e-01 -4.483130000000000170e-01 3.800000000000000209e-05
2.000000000000000000e+00 3.100000000000000000e+01 1.200000000000000000e+01 0.000000000000000000e+00 1.600000000000000089e+00 1.800000000000000113e-04 -7.669999999999999735e-03 9.999710000000000543e-01 9.941000000000000184e-03 9.999209999999999487e-01 7.668000000000000337e-03 -9.999510000000000343e-01 9.939999999999999183e-03 2.559999999999999884e-04
1.000000000000000000e+01 3.100000000000000000e+01 1.200000000000000000e+01 0.000000000000000000e+00 1.600000000000000089e+00 -1.720000000000000066e-04 2.950000000000000148e-04 1.000000000000000000e+00 1.915499999999999842e-02 9.998160000000000380e-01 -2.919999999999999961e-04 -9.998169999999999558e-01 1.915499999999999842e-02 -1.779999999999999898e-04
1.500000000000000000e+01 3.100000000000000000e+01 1.200000000000000000e+01 0.000000000000000000e+00 1.600000000000000089e+00 9.810000000000001011e-04 8.019999999999999785e-04 9.999989999999999712e-01 1.878600000000000061e-02 9.998230000000000173e-01 -8.199999999999999824e-04 -9.998230000000000173e-01 1.878700000000000161e-02 9.659999999999999533e-04
2.100000000000000000e+01 3.100000000000000000e+01 1.200000000000000000e+01 0.000000000000000000e+00 1.600000000000000089e+00 -1.778999999999999982e-03 1.203000000000000076e-03 9.999980000000000535e-01 1.934900000000000161e-02 9.998120000000000340e-01 -1.167999999999999984e-03 -9.998110000000000053e-01 1.934599999999999861e-02 -1.801000000000000083e-03
3.000000000000000000e+00 1.160000000000000000e+02 1.600000000000000000e+01 0.000000000000000000e+00 1.600000000000000089e+00 2.033000000000000085e-03 3.848999999999999991e-03 9.999909999999999632e-01 6.820580000000000531e-01 7.312859999999999916e-01 -4.202000000000000006e-03 -7.312950000000000284e-01 6.820599999999999996e-01 -1.137999999999999906e-03
1.300000000000000000e+01 1.160000000000000000e+02 1.600000000000000000e+01 0.000000000000000000e+00 1.600000000000000089e+00 3.669999999999999760e-04 -1.600000000000000077e-03 9.999989999999999712e-01 6.919859999999999900e-01 7.219109999999999694e-01 9.009999999999999997e-04 -7.219109999999999694e-01 6.919840000000000435e-01 1.371999999999999956e-03
1.600000000000000000e+01 1.160000000000000000e+02 1.600000000000000000e+01 0.000000000000000000e+00 1.600000000000000089e+00 4.203000000000000139e-03 3.272999999999999868e-03 9.999860000000000415e-01 6.963310000000000333e-01 7.177019999999999511e-01 -5.276000000000000308e-03 -7.177090000000000414e-01 6.963430000000000453e-01 7.380000000000000492e-04
2.200000000000000000e+01 1.160000000000000000e+02 1.600000000000000000e+01 0.000000000000000000e+00 1.600000000000000089e+00 -3.390999999999999917e-03 -3.409999999999999837e-03 9.999879999999999880e-01 6.803109999999999991e-01 7.329080000000000039e-01 4.806000000000000376e-03 -7.329160000000000119e-01 6.803190000000000071e-01 -1.659999999999999963e-04
4.000000000000000000e+00 2.000000000000000000e+00 1.900000000000000000e+01 0.000000000000000000e+00 1.600000000000000089e+00 -4.192999999999999679e-03 1.810300000000000104e-02 -9.998270000000000213e-01 1.938269999999999993e-01 -9.808599999999999541e-01 -1.857200000000000170e-02 -9.810269999999999824e-01 -1.938709999999999878e-01 6.040000000000000447e-04
1.000000000000000000e+01 2.000000000000000000e+00 1.900000000000000000e+01 0.000000000000000000e+00 1.600000000000000089e+00 4.538000000000000367e-03 -6.440999999999999677e-03 -9.999689999999999968e-01 1.996199999999999919e-01 -9.798470000000000235e-01 7.217000000000000325e-03 -9.798630000000000395e-01 -1.996469999999999911e-01 -3.161000000000000181e-03
1.400000000000000000e+01 2.000000000000000000e+00 1.900000000000000000e+01 0.000000000000000000e+00 1.600000000000000089e+00 2.710000000000000169e-03 -3.320000000000000034e-03 -9.999909999999999632e-01 1.980679999999999941e-01 -9.801809999999999690e-01 3.791000000000000099e-03 -9.801849999999999730e-01 -1.980760000000000021e-01 -1.998999999999999909e-03
1.800000000000000000e+01 2.000000000000000000e+00 1.900000000000000000e+01 0.000000000000000000e+00 1.600000000000000089e+00 2.739999999999999814e-03 1.271999999999999910e-03 -9.999949999999999672e-01 1.964210000000000123e-01 -9.805190000000000294e-01 -7.100000000000000191e-04 -9.805160000000000542e-01 -1.964180000000000093e-01 -2.935999999999999808e-03
2.300000000000000000e+01 2.000000000000000000e+00 1.900000000000000000e+01 0.000000000000000000e+00 1.600000000000000089e+00 -8.649999999999999920e-04 3.861999999999999982e-03 -9.999919999999999920e-01 1.914559999999999873e-01 -9.814929999999999488e-01 -3.956999999999999580e-03 -9.815009999999999568e-01 -1.914579999999999893e-01 1.100000000000000039e-04
2.600000000000000000e+01 2.000000000000000000e+00 1.900000000000000000e+01 0.000000000000000000e+00 1.600000000000000089e+00 -2.000000000000000164e-05 -5.649999999999999641e-04 -1.000000000000000000e+00 1.921350000000000002e-01 -9.813680000000000181e-01 5.509999999999999490e-04 -9.813690000000000468e-01 -1.921350000000000002e-01 1.279999999999999942e-04
2.900000000000000000e+01 2.000000000000000000e+00 1.900000000000000000e+01 0.000000000000000000e+00 1.600000000000000089e+00 1.660999999999999933e-03 1.755999999999999965e-03 -9.999970000000000248e-01 1.942309999999999870e-01 -9.809550000000000214e-01 -1.399999999999999986e-03 -9.809539999999999926e-01 -1.942280000000000117e-01 -1.971000000000000096e-03
1.100000000000000000e+01 4.000000000000000000e+00 2.000000000000000000e+01 0.000000000000000000e+00 1.600000000000000089e+00 6.706000000000000155e-03 -2.347999999999999827e-03 -9.999749999999999472e-01 2.832950000000000190e-01 -9.590239999999999876e-01 4.152000000000000308e-03 -9.590090000000000003e-01 -2.833149999999999835e-01 -5.766000000000000292e-03
1.800000000000000000e+01 4.000000000000000000e+00 2.000000000000000000e+01 0.000000000000000000e+00 1.600000000000000089e+00 2.318000000000000182e-03 1.824000000000000100e-03 -9.999959999999999960e-01 2.879709999999999770e-01 -9.576390000000000180e-01 -1.079000000000000098e-03 -9.576360000000000428e-01 -2.879669999999999730e-01 -2.745000000000000044e-03
7.000000000000000000e+00 1.300000000000000000e+01 2.000000000000000000e+01 0.000000000000000000e+00 1.600000000000000089e+00 -4.780000000000000394e-03 -6.080999999999999600e-03 9.999700000000000255e-01 2.562960000000000238e-01 9.665719999999999867e-01 7.102999999999999939e-03 -9.665869999999999740e-01 2.563219999999999943e-01 -3.062000000000000052e-03
1.200000000000000000e+01 1.300000000000000000e+01 2.000000000000000000e+01 0.000000000000000000e+00 1.600000000000000089e+00 6.132000000000000298e-03 8.240000000000000796e-03 9.999470000000000303e-01 2.513210000000000166e-01 9.678569999999999673e-01 -9.516999999999999418e-03 -9.678839999999999666e-01 2.513670000000000071e-01 3.863999999999999813e-03
2.000000000000000000e+01 1.300000000000000000e+01 2.000000000000000000e+01 0.000000000000000000e+00 1.600000000000000089e+00 -6.799999999999999946e-05 -1.397999999999999937e-03 9.999989999999999712e-01 2.521660000000000013e-01 9.676829999999999599e-01 1.369999999999999907e-03 -9.676839999999999886e-01 2.521660000000000013e-01 2.869999999999999830e-04
2.300000000000000000e+01 1.300000000000000000e+01 2.000000000000000000e+01 0.000000000000000000e+00 1.600000000000000089e+00 -1.610000000000000103e-03 -4.290000000000000193e-04 9.999989999999999712e-01 2.533009999999999984e-01 9.673869999999999969e-01 8.229999999999999469e-04 -9.673859999999999681e-01 2.533020000000000271e-01 -1.448999999999999984e-03
2.900000000000000000e+01 1.300000000000000000e+01 2.000000000000000000e+01 0.000000000000000000e+00 1.600000000000000089e+00 -1.730000000000000038e-04 -1.734999999999999997e-03 9.999989999999999712e-01 2.529310000000000169e-01 9.674829999999999819e-01 1.722999999999999922e-03 -9.674840000000000106e-01 2.529310000000000169e-01 2.719999999999999979e-04
5.000000000000000000e+00 1.600000000000000000e+01 2.100000000000000000e+01 0.000000000000000000e+00 1.600000000000000089e+00 -1.093700000000000054e-02 -1.958700000000000024e-02 9.997479999999999700e-01 2.993879999999999875e-01 9.538790000000000324e-01 2.196400000000000088e-02 -9.540689999999999449e-01 2.995519999999999849e-01 -4.568000000000000012e-03
8.000000000000000000e+00 1.600000000000000000e+01 2.100000000000000000e+01 0.000000000000000000e+00 1.600000000000000089e+00 -2.510000000000000078e-03 -2.840000000000000185e-04 9.999970000000000248e-01 3.011320000000000108e-01 9.535820000000000407e-01 1.026999999999999918e-03 -9.535789999999999544e-01 3.011340000000000128e-01 -2.308000000000000156e-03
1.900000000000000000e+01 1.600000000000000000e+01 2.100000000000000000e+01 0.000000000000000000e+00 1.600000000000000089e+00 1.935000000000000088e-03 1.347000000000000107e-03 9.999970000000000248e-01 2.978089999999999904e-01 9.546240000000000281e-01 -1.863000000000000073e-03 -9.546240000000000281e-01 2.978120000000000211e-01 1.446000000000000020e-03
2.800000000000000000e+01 1.600000000000000000e+01 2.100000000000000000e+01 0.000000000000000000e+00 1.600000000000000089e+00 -7.690000000000000438e-04 -2.880000000000000073e-04 1.000000000000000000e+00 2.969060000000000032e-01 9.549069999999999503e-01 5.029999999999999749e-04 -9.549060000000000326e-01 2.969060000000000032e-01 -6.489999999999999459e-04
8.000000000000000000e+00 4.800000000000000000e+01 2.400000000000000000e+01 0.000000000000000000e+00 1.600000000000000089e+00 -2.918000000000000021e-03 -1.494000000000000102e-03 9.999949999999999672e-01 8.595089999999999675e-01 5.111109999999999820e-01 3.272000000000000169e-03 -5.111130000000000395e-01 8.595140000000000002e-01 -2.079999999999999872e-04
3.000000000000000000e+00 3.000000000000000000e+00 2.500000000000000000e+01 0.000000000000000000e+00 1.600000000000000089e+00 1.789500000000000118e-02 1.291000000000000047e-03 9.998390000000000333e-01 -6.134300000000000169e-02 -9.981139999999999457e-01 2.386000000000000100e-03 9.979559999999999542e-01 -6.137600000000000000e-02 -1.778199999999999920e-02
1.400000000000000000e+01 3.000000000000000000e+00 2.500000000000000000e+01 0.000000000000000000e+00 1.600000000000000089e+00 -1.270899999999999981e-02 -2.954000000000000029e-03 9.999149999999999983e-01 -5.699599999999999805e-02 -9.983680000000000332e-01 -3.674000000000000182e-03 9.982940000000000147e-01 -5.703799999999999842e-02 1.251999999999999988e-02
1.700000000000000000e+01 3.000000000000000000e+00 2.500000000000000000e+01 0.000000000000000000e+00 1.600000000000000089e+00 -9.329000000000000486e-03 -8.469999999999999881e-04 9.999559999999999560e-01 -5.165899999999999659e-02 -9.986639999999999961e-01 -1.327000000000000055e-03 9.986209999999999809e-01 -5.166899999999999965e-02 9.272999999999999993e-03
2.400000000000000000e+01 3.000000000000000000e+00 2.500000000000000000e+01 0.000000000000000000e+00 1.600000000000000089e+00 3.141000000000000129e-03 3.701999999999999996e-03 9.999879999999999880e-01 -5.011499999999999982e-02 -9.987359999999999571e-01 3.854999999999999920e-03 9.987390000000000434e-01 -5.012699999999999795e-02 -2.951000000000000064e-03
1.000000000000000000e+00 4.600000000000000000e+01 2.700000000000000000e+01 0.000000000000000000e+00 1.600000000000000089e+00 1.279999999999999942e-04 -9.079000000000000264e-03 -9.999590000000000423e-01 6.534670000000000201e-01 7.569240000000000412e-01 -6.788999999999999896e-03 7.569550000000000445e-01 -6.534400000000000208e-01 6.029999999999999770e-03
1.400000000000000000e+01 4.600000000000000000e+01 2.700000000000000000e+01 0.000000000000000000e+00 1.600000000000000089e+00 -1.438999999999999958e-03 2.454000000000000018e-03 -9.999959999999999960e-01 6.500310000000000255e-01 7.599069999999999991e-01 9.290000000000000297e-04 7.599059999999999704e-01 -6.500270000000000215e-01 -2.688999999999999984e-03
1.800000000000000000e+01 4.600000000000000000e+01 2.700000000000000000e+01 0.000000000000000000e+00 1.600000000000000089e+00 -1.155999999999999910e-03 7.450000000000000025e-04 -9.999989999999999712e-01 6.491710000000000536e-01 7.606429999999999580e-01 -1.830000000000000029e-04 7.606420000000000403e-01 -6.491700000000000248e-01 -1.363000000000000062e-03
2.300000000000000000e+01 4.600000000000000000e+01 2.700000000000000000e+01 0.000000000000000000e+00 1.600000000000000089e+00 -1.325000000000000006e-03 -1.645999999999999894e-03 -9.999980000000000535e-01 6.433069999999999622e-01 7.656060000000000088e-01 -2.112999999999999861e-03 7.656070000000000375e-01 -6.433079999999999909e-01 4.399999999999999886e-05
5.000000000000000000e+00 5.800000000000000000e+01 3.100000000000000000e+01 0.000000000000000000e+00 1.600000000000000089e+00 2.610000000000000015e-04 -8.859999999999999603e-04 1.000000000000000000e+00 -7.972559999999999647e-01 -6.036420000000000119e-01 -3.269999999999999795e-04 6.036420000000000119e-01 -7.972550000000000470e-01 -8.639999999999999677e-04
1.100000000000000000e+01 5.800000000000000000e+01 3.100000000000000000e+01 0.000000000000000000e+00 1.600000000000000089e+00 -1.265999999999999981e-03 1.399999999999999877e-04 9.999989999999999712e-01 -7.991390000000000438e-01 -6.011450000000000404e-01 -9.280000000000000054e-04 6.011450000000000404e-01 -7.991399999999999615e-01 8.720000000000000537e-04
1.800000000000000000e+01 5.800000000000000000e+01 3.100000000000000000e+01 0.000000000000000000e+00 1.600000000000000089e+00 -8.220000000000000310e-04 1.866000000000000037e-03 9.999980000000000535e-01 -8.017180000000000417e-01 -5.977019999999999555e-01 4.560000000000000251e-04 5.977019999999999555e-01 -8.017159999999999842e-01 1.987000000000000051e-03
2.300000000000000000e+01 5.800000000000000000e+01 3.100000000000000000e+01 0.000000000000000000e+00 1.600000000000000089e+00 -6.350000000000000392e-04 -2.850999999999999802e-03 9.999959999999999960e-01 -8.008459999999999468e-01 -5.988670000000000382e-01 -2.214999999999999955e-03 5.988700000000000134e-01 -8.008440000000000003e-01 -1.902999999999999961e-03
2.800000000000000000e+01 5.800000000000000000e+01 3.100000000000000000e+01 0.000000000000000000e+00 1.600000000000000089e+00 -1.552999999999999910e-03 -2.468999999999999841e-03 9.999959999999999960e-01 -7.986900000000000110e-01 -6.017360000000000486e-01 -2.726000000000000124e-03 6.017409999999999703e-01 -7.986910000000000398e-01 -1.036999999999999944e-03
4.000000000000000000e+00 4.600000000000000000e+01 3.500000000000000000e+01 0.000000000000000000e+00 1.600000000000000089e+00 -4.185999999999999617e-03 1.557000000000000007e-03 -9.999900000000000455e-01 3.883510000000000018e-01 -9.215060000000000473e-01 -3.059999999999999786e-03 -9.215020000000000433e-01 -3.883599999999999830e-01 3.252000000000000116e-03
1.000000000000000000e+01 4.600000000000000000e+01 3.500000000000000000e+01 0.000000000000000000e+00 1.600000000000000089e+00 1.853999999999999962e-03 2.699999999999999899e-05 -9.999980000000000535e-01 3.861609999999999765e-01 -9.224310000000000009e-01 6.909999999999999910e-04 -9.224290000000000544e-01 -3.861620000000000053e-01 -1.721000000000000090e-03
1.300000000000000000e+01 4.600000000000000000e+01 3.500000000000000000e+01 0.000000000000000000e+00 1.600000000000000089e+00 1.962999999999999901e-03 4.416999999999999919e-03 -9.999879999999999880e-01 3.855310000000000126e-01 -9.226889999999999814e-01 -3.318999999999999902e-03 -9.226929999999999854e-01 -3.855199999999999738e-01 -3.514000000000000196e-03
2.300000000000000000e+01 4.600000000000000000e+01 3.500000000000000000e+01 0.000000000000000000e+00 1.600000000000000089e+00 1.340000000000000045e-04 -3.788000000000000134e-03 -9.999930000000000208e-01 3.870620000000000172e-01 -9.220469999999999500e-01 3.544999999999999974e-03 -9.220540000000000402e-01 -3.870589999999999864e-01 1.343000000000000010e-03
2.900000000000000000e+01 4.600000000000000000e+01 3.500000000000000000e+01 0.000000000000000000e+00 1.600000000000000089e+00 -1.508999999999999925e-03 3.390000000000000001e-04 -9.999989999999999712e-01 3.857990000000000030e-01 -9.225820000000000132e-01 -8.949999999999999623e-04 -9.225820000000000132e-01 -3.857999999999999763e-01 1.260999999999999968e-03
3.000000000000000000e+00 9.500000000000000000e+01 3.600000000000000000e+01 0.000000000000000000e+00 1.600000000000000089e+00 -1.101399999999999949e-02 -1.276099999999999977e-02 9.998580000000000245e-01 9.980010000000000270e-01 6.208899999999999836e-02 1.178599999999999960e-02 -6.223000000000000059e-02 9.979890000000000150e-01 1.205099999999999921e-02
1.300000000000000000e+01 9.500000000000000000e+01 3.600000000000000000e+01 0.000000000000000000e+00 1.600000000000000089e+00 -2.883999999999999845e-03 -1.355699999999999961e-02 9.999040000000000150e-01 9.984979999999999967e-01 5.467299999999999938e-02 3.621000000000000087e-03 -5.471700000000000175e-02 9.984119999999999662e-01 1.337900000000000027e-02
2.000000000000000000e+01 9.500000000000000000e+01 3.600000000000000000e+01 0.000000000000000000e+00 1.600000000000000089e+00 -7.069999999999999462e-04 4.839000000000000419e-03 9.999879999999999880e-01 9.983009999999999939e-01 5.826499999999999735e-02 4.229999999999999819e-04 -5.826300000000000229e-02 9.982889999999999819e-01 -4.871999999999999595e-03
2.300000000000000000e+01 9.500000000000000000e+01 3.600000000000000000e+01 0.000000000000000000e+00 1.600000000000000089e+00 4.060000000000000024e-04 7.101999999999999806e-03 9.999749999999999472e-01 9.982210000000000250e-01 5.962100000000000039e-02 -8.289999999999999843e-04 -5.962499999999999745e-02 9.981959999999999722e-01 -7.065000000000000099e-03
9.000000000000000000e+00 3.000000000000000000e+00 4.300000000000000000e+01 0.000000000000000000e+00 1.600000000000000089e+00 1.491299999999999917e-02 -1.328799999999999946e-02 -9.998010000000000508e-01 7.317829999999999613e-01 -6.812449999999999894e-01 1.996900000000000064e-02 -6.813749999999999529e-01 -7.319350000000000023e-01 -4.360000000000000269e-04
2.000000000000000000e+00 2.900000000000000000e+01 4.400000000000000000e+01 0.000000000000000000e+00 1.600000000000000089e+00 -1.861000000000000024e-03 5.249999999999999676e-04 -9.999980000000000535e-01 6.501660000000000217e-01 7.597909999999999942e-01 -8.109999999999999805e-04 7.597899999999999654e-01 -6.501670000000000504e-01 -1.755000000000000050e-03
7.000000000000000000e+00 2.900000000000000000e+01 4.400000000000000000e+01 0.000000000000000000e+00 1.600000000000000089e+00 7.450000000000000025e-04 5.168999999999999984e-03 -9.999860000000000415e-01 6.593569999999999709e-01 7.518179999999999863e-01 4.377999999999999947e-03 7.518299999999999983e-01 -6.593510000000000204e-01 -2.847999999999999837e-03
1.100000000000000000e+01 2.900000000000000000e+01 4.400000000000000000e+01 0.000000000000000000e+00 1.600000000000000089e+00 1.649999999999999991e-04 -2.337999999999999801e-03 -9.999970000000000248e-01 6.682090000000000529e-01 7.439719999999999667e-01 -1.629000000000000023e-03 7.439740000000000242e-01 -6.682069999999999954e-01 1.685000000000000083e-03
1.500000000000000000e+01 2.900000000000000000e+01 4.400000000000000000e+01 0.000000000000000000e+00 1.600000000000000089e+00 -1.289999999999999914e-04 -2.090999999999999977e-03 -9.999980000000000535e-01 6.657469999999999777e-01 7.461750000000000327e-01 -1.645999999999999894e-03 7.461769999999999792e-01 -6.657459999999999489e-01 1.296000000000000060e-03
2.000000000000000000e+01 2.900000000000000000e+01 4.400000000000000000e+01 0.000000000000000000e+00 1.600000000000000089e+00 6.310000000000000504e-04 -3.393000000000000183e-03 -9.999940000000000495e-01 6.660700000000000509e-01 7.458869999999999667e-01 -2.109999999999999896e-03 7.458890000000000242e-01 -6.660639999999999894e-01 2.730999999999999921e-03
2.600000000000000000e+01 2.900000000000000000e+01 4.400000000000000000e+01 0.000000000000000000e+00 1.600000000000000089e+00 9.020000000000000240e-04 -1.678999999999999937e-03 -9.999980000000000535e-01 6.678290000000000060e-01 7.443140000000000311e-01 -6.470000000000000057e-04 7.443140000000000311e-01 -6.678269999999999484e-01 1.791999999999999973e-03
3.000000000000000000e+01 2.900000000000000000e+01 4.400000000000000000e+01 0.000000000000000000e+00 1.600000000000000089e+00 1.222999999999999912e-03 -2.142999999999999940e-03 -9.999970000000000248e-01 6.692449999999999788e-01 7.430419999999999803e-01 -7.739999999999999485e-04 7.430409999999999515e-01 -6.692420000000000035e-01 2.341999999999999898e-03
2.800000000000000000e+01 7.000000000000000000e+01 4.700000000000000000e+01 0.000000000000000000e+00 1.600000000000000089e+00 1.828999999999999897e-03 -8.179999999999999771e-03 -9.999649999999999928e-01 -8.365839999999999943e-01 -5.478309999999999569e-01 2.951000000000000064e-03 -5.478359999999999896e-01 8.365489999999999871e-01 -7.844999999999999543e-03
1.400000000000000000e+01 5.000000000000000000e+00 5.100000000000000000e+01 0.000000000000000000e+00 1.600000000000000089e+00 -2.258000000000000024e-03 -5.738000000000000045e-03 -9.999810000000000088e-01 4.851849999999999774e-01 -8.744020000000000126e-01 3.922000000000000139e-03 -8.744079999999999631e-01 -4.851670000000000149e-01 4.758000000000000076e-03
2.200000000000000000e+01 5.000000000000000000e+00 5.100000000000000000e+01 0.000000000000000000e+00 1.600000000000000089e+00 7.709999999999999840e-04 -9.669000000000000511e-03 -9.999529999999999808e-01 4.865909999999999958e-01 -8.735849999999999449e-01 8.821999999999999981e-03 -8.736300000000000177e-01 -4.865749999999999797e-01 4.030999999999999861e-03
2.700000000000000000e+01 5.000000000000000000e+00 5.100000000000000000e+01 0.000000000000000000e+00 1.600000000000000089e+00 1.368999999999999991e-03 3.135999999999999899e-03 -9.999940000000000495e-01 4.904089999999999838e-01 -8.714899999999999869e-01 -2.062000000000000031e-03 -8.714910000000000156e-01 -4.904040000000000066e-01 -2.730999999999999921e-03
1.800000000000000000e+01 6.000000000000000000e+00 5.100000000000000000e+01 0.000000000000000000e+00 1.600000000000000089e+00 -3.667999999999999820e-03 -9.915999999999999467e-03 -9.999440000000000550e-01 3.111530000000000129e-01 -9.503239999999999466e-01 8.281999999999999432e-03 -9.503530000000000033e-01 -3.111050000000000204e-01 6.570999999999999584e-03
8.000000000000000000e+00 6.300000000000000000e+01 5.400000000000000000e+01 0.000000000000000000e+00 1.600000000000000089e+00 -6.809999999999999647e-04 -1.386999999999999995e-03 9.999989999999999712e-01 -3.515340000000000131e-01 9.361739999999999506e-01 1.059000000000000045e-03 -9.361749999999999794e-01 -3.515329999999999844e-01 -1.124999999999999915e-03
1.300000000000000000e+01 6.300000000000000000e+01 5.400000000000000000e+01 0.000000000000000000e+00 1.600000000000000089e+00 1.776999999999999934e-03 -2.310000000000000042e-04 9.999980000000000535e-01 -3.531670000000000087e-01 9.355599999999999472e-01 8.429999999999999993e-04 -9.355590000000000295e-01 -3.531670000000000087e-01 1.580999999999999940e-03
1.700000000000000000e+01 6.300000000000000000e+01 5.400000000000000000e+01 0.000000000000000000e+00 1.600000000000000089e+00 1.134000000000000025e-03 -1.142999999999999919e-03 9.999989999999999712e-01 -3.537680000000000269e-01 9.353320000000000523e-01 1.471000000000000085e-03 -9.353320000000000523e-01 -3.537690000000000001e-01 6.570000000000000319e-04
2.100000000000000000e+01 6.300000000000000000e+01 5.400000000000000000e+01 0.000000000000000000e+00 1.600000000000000089e+00 -9.129999999999999661e-04 -4.949999999999999973e-04 9.999989999999999712e-01 -3.517239999999999811e-01 9.361040000000000472e-01 1.430000000000000064e-04 -9.361030000000000184e-01 -3.517239999999999811e-01 -1.028999999999999967e-03
2.700000000000000000e+01 6.300000000000000000e+01 5.400000000000000000e+01 0.000000000000000000e+00 1.600000000000000089e+00 4.199999999999999768e-05 3.707999999999999925e-03 9.999930000000000208e-01 -3.513990000000000169e-01 9.362190000000000234e-01 -3.457000000000000003e-03 -9.362260000000000026e-01 -3.513970000000000149e-01 1.343000000000000010e-03
2.000000000000000000e+00 2.600000000000000000e+01 5.500000000000000000e+01 0.000000000000000000e+00 1.600000000000000089e+00 3.866000000000000079e-03 2.562100000000000141e-02 -9.996639999999999970e-01 -3.100599999999999884e-02 -9.991879999999999651e-01 -2.572899999999999840e-02 -9.995119999999999560e-01 3.109500000000000111e-02 -3.067999999999999981e-03
1.100000000000000000e+01 7.600000000000000000e+01 5.600000000000000000e+01 0.000000000000000000e+00 1.600000000000000089e+00 -1.779999999999999898e-04 -4.126000000000000327e-03 -9.999909999999999632e-01 -1.191470000000000029e-01 9.928679999999999728e-01 -4.074999999999999629e-03 9.928770000000000095e-01 1.191450000000000009e-01 -6.689999999999999983e-04
1.300000000000000000e+01 2.000000000000000000e+01 6.000000000000000000e+01 0.000000000000000000e+00 1.600000000000000089e+00 -1.423000000000000003e-03 5.240999999999999999e-03 9.999850000000000128e-01 -6.400999999999999746e-02 9.979350000000000165e-01 -5.321000000000000209e-03 -9.979479999999999462e-01 -6.401700000000000446e-02 -1.083999999999999894e-03
4.000000000000000000e+00 2.100000000000000000e+01 6.000000000000000000e+01 0.000000000000000000e+00 1.600000000000000089e+00 -1.539999999999999919e-03 -6.176000000000000066e-03 9.999799999999999800e-01 -9.532000000000000195e-02 9.954290000000000083e-01 6.001000000000000258e-03 -9.954450000000000243e-01 -9.530900000000000483e-02 -2.121000000000000055e-03
9.000000000000000000e+00 2.100000000000000000e+01 6.000000000000000000e+01 0.000000000000000000e+00 1.600000000000000089e+00 -1.230000000000000082e-04 4.307000000000000065e-03 9.999909999999999632e-01 -9.470900000000000152e-02 9.954960000000000475e-01 -4.298999999999999870e-03 -9.955049999999999732e-01 -9.470900000000000152e-02 2.849999999999999886e-04
1.800000000000000000e+01 2.100000000000000000e+01 6.000000000000000000e+01 0.000000000000000000e+00 1.600000000000000089e+00 -1.840000000000000001e-04 7.310999999999999791e-03 9.999730000000000008e-01 -9.503699999999999648e-02 9.954469999999999708e-01 -7.296000000000000402e-03 -9.954739999999999700e-01 -9.503599999999999548e-02 5.109999999999999525e-04
2.100000000000000000e+01 2.100000000000000000e+01 6.000000000000000000e+01 0.000000000000000000e+00 1.600000000000000089e+00 7.370000000000000249e-04 6.047000000000000292e-03 9.999810000000000088e-01 -9.658899999999999431e-02 9.953070000000000528e-01 -5.947000000000000029e-03 -9.953239999999999865e-01 -9.658300000000000218e-02 1.317999999999999944e-03
2.500000000000000000e+01 2.100000000000000000e+01 6.000000000000000000e+01 0.000000000000000000e+00 1.600000000000000089e+00 -2.099999999999999884e-05 -5.758000000000000097e-03 9.999829999999999552e-01 -9.627800000000000247e-02 9.953379999999999450e-01 5.728999999999999718e-03 -9.953539999999999610e-01 -9.627700000000000147e-02 -5.749999999999999903e-04
7.000000000000000000e+00 4.500000000000000000e+01 6.200000000000000000e+01 0.000000000000000000e+00 1.600000000000000089e+00 -1.726700000000000110e-02 2.391000000000000070e-02 -9.995650000000000368e-01 -6.102819999999999911e-01 -7.921399999999999553e-01 -8.404999999999999277e-03 -7.919960000000000333e-01 6.098710000000000520e-01 2.826999999999999999e-02
7.000000000000000000e+00 2.700000000000000000e+01 6.300000000000000000e+01 0.000000000000000000e+00 1.600000000000000089e+00 -1.712999999999999896e-03 1.095699999999999973e-02 9.999390000000000223e-01 -2.519710000000000005e-01 9.676719999999999766e-01 -1.103499999999999967e-02 -9.677329999999999544e-01 -2.519739999999999758e-01 1.103000000000000031e-03
1.300000000000000000e+01 2.700000000000000000e+01 6.300000000000000000e+01 0.000000000000000000e+00 1.600000000000000089e+00 3.600000000000000227e-04 -1.873199999999999865e-02 9.998240000000000460e-01 -2.662080000000000002e-01 9.637449999999999628e-01 1.815200000000000147e-02 -9.639149999999999663e-01 -2.661680000000000157e-01 -4.640000000000000027e-03
1.600000000000000000e+01 2.700000000000000000e+01 6.300000000000000000e+01 0.000000000000000000e+00 1.600000000000000089e+00 1.144000000000000052e-03 -5.544000000000000317e-03 9.999839999999999840e-01 -2.662740000000000107e-01 9.638809999999999878e-01 5.649000000000000375e-03 -9.638970000000000038e-01 -2.662760000000000127e-01 -3.730000000000000134e-04
2.300000000000000000e+01 2.700000000000000000e+01 6.300000000000000000e+01 0.000000000000000000e+00 1.600000000000000089e+00 7.870000000000000476e-04 4.558999999999999685e-03 9.999890000000000168e-01 -2.666009999999999769e-01 9.637980000000000436e-01 -4.184000000000000219e-03 -9.638069999999999693e-01 -2.665950000000000264e-01 1.974000000000000060e-03
8.000000000000000000e+00 4.400000000000000000e+01 6.300000000000000000e+01 0.000000000000000000e+00 1.600000000000000089e+00 -1.369000000000000078e-02 3.638700000000000268e-02 -9.992440000000000211e-01 -6.813879999999999937e-01 -7.317179999999999795e-01 -1.730999999999999900e-02 -7.317939999999999445e-01 6.806360000000000188e-01 3.481100000000000166e-02
1.400000000000000000e+01 4.400000000000000000e+01 6.300000000000000000e+01 0.000000000000000000e+00 1.600000000000000089e+00 2.440399999999999861e-02 -1.156689999999999940e-01 -9.929879999999999818e-01 -7.339820000000000233e-01 -6.764459999999999917e-01 6.075699999999999851e-02 -6.787300000000000555e-01 7.273530000000000273e-01 -1.014069999999999971e-01
9.000000000000000000e+00 2.600000000000000000e+01 6.400000000000000000e+01 0.000000000000000000e+00 1.600000000000000089e+00 -2.422000000000000108e-03 -6.484000000000000180e-03 9.999759999999999760e-01 -3.534019999999999939e-01 9.354569999999999830e-01 5.209000000000000088e-03 -9.354679999999999662e-01 -3.533810000000000007e-01 -4.557000000000000287e-03
1.200000000000000000e+01 2.600000000000000000e+01 6.400000000000000000e+01 0.000000000000000000e+00 1.600000000000000089e+00 1.253999999999999906e-03 -1.301599999999999979e-02 9.999149999999999983e-01 -3.546449999999999880e-01 9.349159999999999693e-01 1.261499999999999948e-02 -9.350000000000000533e-01 -3.546309999999999740e-01 -3.444000000000000013e-03
2.300000000000000000e+01 2.600000000000000000e+01 6.400000000000000000e+01 0.000000000000000000e+00 1.600000000000000089e+00 5.779999999999999548e-04 3.759999999999999887e-03 9.999930000000000208e-01 -3.478890000000000038e-01 9.375299999999999745e-01 -3.324999999999999831e-03 -9.375350000000000072e-01 -3.478849999999999998e-01 1.850000000000000082e-03
2.700000000000000000e+01 2.600000000000000000e+01 6.400000000000000000e+01 0.000000000000000000e+00 1.600000000000000089e+00 -7.799999999999999859e-05 5.780000000000000415e-03 9.999829999999999552e-01 -3.464479999999999782e-01 9.380530000000000257e-01 -5.448999999999999851e-03 -9.380690000000000417e-01 -3.464430000000000009e-01 1.928999999999999942e-03
9.000000000000000000e+00 4.300000000000000000e+01 6.400000000000000000e+01 0.000000000000000000e+00 1.600000000000000089e+00 -4.732000000000000095e-03 2.082200000000000023e-02 -9.997719999999999940e-01 -7.291889999999999761e-01 -6.842270000000000296e-01 -1.079899999999999957e-02 -6.842960000000000154e-01 7.289719999999999533e-01 1.842099999999999987e-02
3.000000000000000000e+00 8.900000000000000000e+01 6.400000000000000000e+01 0.000000000000000000e+00 1.600000000000000089e+00 3.433999999999999986e-03 -2.491000000000000159e-03 -9.999909999999999632e-01 8.367799999999999683e-01 5.475370000000000514e-01 1.508999999999999925e-03 5.475280000000000147e-01 -8.367780000000000218e-01 3.964999999999999775e-03
