9.000000000000000000e+00 1.500000000000000000e+01 4.000000000000000000e+00 0.000000000000000000e+00 1.600000000000000089e+00 2.216999999999999787e-03 9.315999999999999628e-03 9.999540000000000095e-01 3.183570000000000011e-01 -9.479360000000000008e-01 8.125999999999999543e-03 9.479680000000000328e-01 3.183250000000000246e-01 -5.067000000000000323e-03
2.200000000000000000e+01 1.500000000000000000e+01 4.000000000000000000e+00 0.000000000000000000e+00 1.600000000000000089e+00 1.430999999999999980e-03 3.905000000000000051e-03 9.999909999999999632e-01 3.195029999999999815e-01 -9.475799999999999779e-01 3.242999999999999789e-03 9.475839999999999819e-01 3.194960000000000022e-01 -2.603999999999999978e-03
2.700000000000000000e+01 1.500000000000000000e+01 4.000000000000000000e+00 0.000000000000000000e+00 1.600000000000000089e+00 3.441000000000000048e-03 8.130000000000000074e-03 9.999609999999999888e-01 3.247619999999999951e-01 -9.457729999999999748e-01 6.571999999999999717e-03 9.457889999999999908e-01 3.247269999999999879e-01 -5.895000000000000066e-03
7.000000000000000000e+00 7.400000000000000000e+01 4.000000000000000000e+00 0.000000000000000000e+00 1.600000000000000089e+00 -8.809489999999999821e-01 -3.781079999999999997e-01 2.845409999999999884e-01 -3.997649999999999815e-01 9.164010000000000211e-01 -1.994200000000000139e-02 -2.532130000000000214e-01 -1.313169999999999893e-01 -9.584570000000000034e-01
2.000000000000000000e+00 1.010000000000000000e+02 7.000000000000000000e+00 0.000000000000000000e+00 1.600000000000000089e+00 -8.750000000000000182e-04 -1.270800000000000055e-02 9.999190000000000023e-01 8.823649999999999549e-01 4.705170000000000186e-01 6.752000000000000189e-03 -4.705639999999999823e-01 8.822999999999999732e-01 1.080200000000000084e-02
9.000000000000000000e+00 1.010000000000000000e+02 7.000000000000000000e+00 0.000000000000000000e+00 1.600000000000000089e+00 2.831000000000000183e-03 -3.849000000000000338e-02 9.992550000000000043e-01 8.846960000000000379e-01 4.659130000000000216e-01 1.544000000000000060e-02 -4.661600000000000188e-01 8.839930000000000287e-01 3.537099999999999966e-02
1.400000000000000000e+01 1.010000000000000000e+02 7.000000000000000000e+00 0.000000000000000000e+00 1.600000000000000089e+00 5.000000000000000240e-05 -2.982699999999999935e-02 9.995549999999999713e-01 8.853799999999999448e-01 4.646629999999999927e-01 1.382199999999999922e-02 -4.648689999999999767e-01 8.849850000000000216e-01 2.643200000000000063e-02
5.000000000000000000e+00 2.500000000000000000e+01 8.000000000000000000e+00 0.000000000000000000e+00 1.600000000000000089e+00 -2.101000000000000003e-03 -8.916999999999999579e-03 -9.999580000000000135e-01 4.492479999999999807e-01 8.933630000000000182e-01 -8.911000000000000518e-03 8.934050000000000047e-01 -4.492479999999999807e-01 2.128999999999999816e-03
1.300000000000000000e+01 2.500000000000000000e+01 8.000000000000000000e+00 0.000000000000000000e+00 1.600000000000000089e+00 -2.700000000000000035e-04 -2.364000000000000216e-03 -9.999970000000000248e-01 4.533980000000000232e-01 8.913060000000000427e-01 -2.229000000000000078e-03 8.913079999999999892e-01 -4.533969999999999945e-01 8.310000000000000329e-04
1.900000000000000000e+01 2.500000000000000000e+01 8.000000000000000000e+00 0.000000000000000000e+00 1.600000000000000089e+00 -7.360000000000000006e-04 9.300000000000000541e-04 -9.999989999999999712e-01 4.523229999999999751e-01 8.918540000000000356e-01 4.970000000000000459e-04 8.918540000000000356e-01 -4.523220000000000018e-01 -1.077000000000000049e-03
2.400000000000000000e+01 2.500000000000000000e+01 8.000000000000000000e+00 0.000000000000000000e+00 1.600000000000000089e+00 -1.322000000000000041e-03 -1.463000000000000108e-03 -9.999980000000000535e-01 4.535600000000000187e-01 8.912240000000000162e-01 -1.902999999999999961e-03 8.912250000000000449e-01 -4.535609999999999919e-01 -5.140000000000000254e-04
3.000000000000000000e+01 2.500000000000000000e+01 8.000000000000000000e+00 0.000000000000000000e+00 1.600000000000000089e+00 -2.291000000000000068e-03 9.380000000000000317e-04 -9.999970000000000248e-01 4.523130000000000206e-01 8.918589999999999574e-01 -2.000000000000000096e-04 8.918559999999999821e-01 -4.523119999999999918e-01 -2.467000000000000009e-03
6.000000000000000000e+00 2.400000000000000000e+01 9.000000000000000000e+00 0.000000000000000000e+00 1.600000000000000089e+00 -2.001000000000000174e-03 -1.115000000000000019e-02 -9.999360000000000470e-01 4.515850000000000142e-01 8.921620000000000106e-01 -1.085200000000000053e-02 8.922259999999999636e-01 -4.515770000000000062e-01 3.249999999999999851e-03
1.000000000000000000e+01 2.400000000000000000e+01 9.000000000000000000e+00 0.000000000000000000e+00 1.600000000000000089e+00 -1.459000000000000010e-03 -8.115999999999999950e-03 -9.999660000000000215e-01 4.546850000000000058e-01 8.906180000000000208e-01 -7.891999999999999710e-03 8.906509999999999705e-01 -4.546810000000000018e-01 2.390000000000000197e-03
1.300000000000000000e+01 2.400000000000000000e+01 9.000000000000000000e+00 0.000000000000000000e+00 1.600000000000000089e+00 -1.659999999999999963e-04 -1.876999999999999979e-03 -9.999980000000000535e-01 4.562700000000000089e-01 8.898399999999999643e-01 -1.745999999999999939e-03 8.898409999999999931e-01 -4.562700000000000089e-01 7.089999999999999948e-04
2.400000000000000000e+01 2.400000000000000000e+01 9.000000000000000000e+00 0.000000000000000000e+00 1.600000000000000089e+00 -1.280000000000000105e-03 -2.403999999999999887e-03 -9.999959999999999960e-01 4.553969999999999962e-01 8.902839999999999643e-01 -2.723000000000000160e-03 8.902879999999999683e-01 -4.553989999999999982e-01 -4.500000000000000283e-05
1.000000000000000000e+00 1.040000000000000000e+02 1.100000000000000000e+01 0.000000000000000000e+00 1.600000000000000089e+00 4.078000000000000028e-03 -1.616000000000000032e-03 9.999900000000000455e-01 -9.741779999999999884e-01 -2.257510000000000072e-01 3.608000000000000096e-03 2.257429999999999992e-01 -9.741840000000000499e-01 -2.494999999999999822e-03
2.000000000000000000e+01 3.100000000000000000e+01 1.200000000000000000e+01 0.000000000000000000e+00 1.600000000000000089e+00 -4.500000000000000283e-05 -2.789999999999999945e-03 9.999959999999999960e-01 -1.629699999999999899e-02 9.998629999999999463e-01 2.788999999999999813e-03 -9.998669999999999503e-01 -1.629699999999999899e-02 -9.000000000000000567e-05
2.000000000000000000e+00 3.500000000000000000e+01 1.200000000000000000e+01 0.000000000000000000e+00 1.600000000000000089e+00 3.899999999999999929e-04 -4.277999999999999685e-03 -9.999909999999999632e-01 4.843979999999999952e-01 -8.748390000000000333e-01 3.930999999999999599e-03 -8.748479999999999590e-01 -4.843950000000000200e-01 1.730999999999999900e-03
8.000000000000000000e+00 3.500000000000000000e+01 1.200000000000000000e+01 0.000000000000000000e+00 1.600000000000000089e+00 1.843999999999999936e-03 -2.765999999999999796e-03 -9.999940000000000495e-01 4.802500000000000102e-01 -8.771250000000000435e-01 3.311999999999999840e-03 -8.771299999999999653e-01 -4.802529999999999855e-01 -2.889999999999999774e-04
1.200000000000000000e+01 3.500000000000000000e+01 1.200000000000000000e+01 0.000000000000000000e+00 1.600000000000000089e+00 1.543000000000000101e-03 -8.073000000000000315e-03 -9.999660000000000215e-01 4.710489999999999955e-01 -8.820719999999999672e-01 7.848000000000000809e-03 -8.821059999999999457e-01 -4.710449999999999915e-01 2.442000000000000160e-03
1.500000000000000000e+01 3.500000000000000000e+01 1.200000000000000000e+01 0.000000000000000000e+00 1.600000000000000089e+00 2.900000000000000017e-04 -5.680000000000000153e-03 -9.999839999999999840e-01 4.652470000000000216e-01 -8.851660000000000084e-01 5.163000000000000055e-03 -8.851809999999999956e-01 -4.652410000000000156e-01 2.386000000000000100e-03
1.900000000000000000e+01 3.500000000000000000e+01 1.200000000000000000e+01 0.000000000000000000e+00 1.600000000000000089e+00 -6.179999999999999513e-04 -2.000000000000000042e-03 -9.999980000000000535e-01 4.602060000000000040e-01 -8.878110000000000168e-01 1.490999999999999921e-03 -8.878120000000000456e-01 -4.602040000000000020e-01 1.469000000000000037e-03
2.400000000000000000e+01 3.500000000000000000e+01 1.200000000000000000e+01 0.000000000000000000e+00 1.600000000000000089e+00 1.595000000000000064e-03 5.099999999999999960e-05 -9.999989999999999712e-01 4.497499999999999831e-01 -8.931540000000000035e-01 6.719999999999999628e-04 -8.931529999999999747e-01 -4.497499999999999831e-01 -1.446999999999999936e-03
5.000000000000000000e+00 7.300000000000000000e+01 1.300000000000000000e+01 0.000000000000000000e+00 1.600000000000000089e+00 -9.155720000000000525e-01 -2.176379999999999981e-01 3.381750000000000034e-01 -3.306689999999999907e-01 8.860019999999999563e-01 -3.250509999999999788e-01 -2.288810000000000011e-01 -4.094309999999999894e-01 -8.831649999999999778e-01
1.100000000000000000e+01 3.200000000000000000e+01 1.400000000000000000e+01 0.000000000000000000e+00 1.600000000000000089e+00 2.635000000000000189e-03 2.524999999999999901e-03 -9.999930000000000208e-01 1.032560000000000006e-01 9.946509999999999518e-01 2.784000000000000016e-03 9.946509999999999518e-01 -1.032620000000000066e-01 2.360000000000000119e-03
1.400000000000000000e+01 3.200000000000000000e+01 1.400000000000000000e+01 0.000000000000000000e+00 1.600000000000000089e+00 6.049999999999999606e-04 5.140000000000000254e-04 -1.000000000000000000e+00 1.037190000000000056e-01 9.946070000000000189e-01 5.739999999999999660e-04 9.946059999999999901e-01 -1.037190000000000056e-01 5.490000000000000088e-04
2.400000000000000000e+01 1.200000000000000000e+01 1.500000000000000000e+01 0.000000000000000000e+00 1.600000000000000089e+00 -4.399999999999999886e-05 -1.165000000000000020e-03 -9.999989999999999712e-01 -4.635290000000000243e-01 -8.860810000000000075e-01 1.052999999999999900e-03 -8.860820000000000363e-01 4.635290000000000243e-01 -5.010000000000000347e-04
2.000000000000000000e+00 1.160000000000000000e+02 1.600000000000000000e+01 0.000000000000000000e+00 1.600000000000000089e+00 -1.119000000000000029e-02 -4.062299999999999939e-02 9.991120000000000001e-01 7.307649999999999979e-01 6.816849999999999854e-01 3.590100000000000235e-02 -6.825379999999999781e-01 7.305169999999999719e-01 2.205800000000000122e-02
2.200000000000000000e+01 1.160000000000000000e+02 1.600000000000000000e+01 0.000000000000000000e+00 1.600000000000000089e+00 2.712000000000000001e-03 7.231999999999999713e-03 9.999700000000000255e-01 7.360459999999999781e-01 6.768960000000000532e-01 -6.891000000000000424e-03 -6.769260000000000277e-01 7.360430000000000028e-01 -3.487000000000000082e-03
7.000000000000000000e+00 2.000000000000000000e+00 1.900000000000000000e+01 0.000000000000000000e+00 1.600000000000000089e+00 -3.125000000000000173e-03 1.502500000000000016e-02 -9.998820000000000485e-01 1.854619999999999880e-01 -9.825319999999999609e-01 -1.534400000000000000e-02 -9.826460000000000194e-01 -1.854879999999999862e-01 2.840000000000000185e-04
1.100000000000000000e+01 2.000000000000000000e+00 1.900000000000000000e+01 0.000000000000000000e+00 1.600000000000000089e+00 -2.886000000000000110e-03 1.641600000000000004e-02 -9.998609999999999998e-01 1.850600000000000023e-01 -9.825859999999999594e-01 -1.666700000000000126e-02 -9.827230000000000132e-01 -1.850819999999999965e-01 -2.030000000000000012e-04
1.800000000000000000e+01 2.000000000000000000e+00 1.900000000000000000e+01 0.000000000000000000e+00 1.600000000000000089e+00 -1.097000000000000102e-03 2.442000000000000160e-03 -9.999959999999999960e-01 1.753220000000000056e-01 -9.845080000000000497e-01 -2.596999999999999916e-03 -9.845099999999999962e-01 -1.753240000000000076e-01 6.509999999999999945e-04
2.300000000000000000e+01 2.000000000000000000e+00 1.900000000000000000e+01 0.000000000000000000e+00 1.600000000000000089e+00 -4.049999999999999781e-04 5.329000000000000403e-03 -9.999860000000000415e-01 1.690190000000000026e-01 -9.855979999999999741e-01 -5.321000000000000209e-03 -9.856129999999999614e-01 -1.690180000000000016e-01 -5.010000000000000347e-04
1.900000000000000000e+01 4.000000000000000000e+00 2.000000000000000000e+01 0.000000000000000000e+00 1.600000000000000089e+00 -1.562999999999999936e-03 3.040000000000000167e-03 -9.999940000000000495e-01 2.603190000000000226e-01 -9.655169999999999586e-01 -3.341999999999999919e-03 -9.655209999999999626e-01 -2.603230000000000266e-01 7.179999999999999967e-04
5.000000000000000000e+00 1.300000000000000000e+01 2.000000000000000000e+01 0.000000000000000000e+00 1.600000000000000089e+00 2.869999999999999830e-04 -3.177000000000000136e-03 9.999949999999999672e-01 2.601800000000000224e-01 9.655550000000000521e-01 2.993000000000000001e-03 -9.655599999999999739e-01 2.601780000000000204e-01 1.103999999999999947e-03
9.000000000000000000e+00 1.300000000000000000e+01 2.000000000000000000e+01 0.000000000000000000e+00 1.600000000000000089e+00 1.596999999999999895e-03 8.399999999999999535e-05 9.999989999999999712e-01 2.596729999999999872e-01 9.656970000000000276e-01 -4.960000000000000216e-04 -9.656949999999999701e-01 2.596729999999999872e-01 1.520000000000000084e-03
1.200000000000000000e+01 1.300000000000000000e+01 2.000000000000000000e+01 0.000000000000000000e+00 1.600000000000000089e+00 1.755000000000000050e-03 3.467000000000000030e-03 9.999919999999999920e-01 2.573059999999999792e-01 9.663230000000000430e-01 -3.801999999999999824e-03 -9.663279999999999648e-01 2.573110000000000119e-01 8.030000000000000028e-04
1.700000000000000000e+01 1.300000000000000000e+01 2.000000000000000000e+01 0.000000000000000000e+00 1.600000000000000089e+00 1.376999999999999969e-03 -5.399999999999999798e-05 9.999989999999999712e-01 2.555620000000000114e-01 9.667930000000000135e-01 -2.999999999999999737e-04 -9.667919999999999847e-01 2.555620000000000114e-01 1.345000000000000058e-03
2.300000000000000000e+01 1.300000000000000000e+01 2.000000000000000000e+01 0.000000000000000000e+00 1.600000000000000089e+00 1.310000000000000129e-04 9.899999999999999946e-04 1.000000000000000000e+00 2.520549999999999735e-01 9.677120000000000166e-01 -9.909999999999999105e-04 -9.677130000000000454e-01 2.520549999999999735e-01 -1.230000000000000082e-04
2.700000000000000000e+01 1.300000000000000000e+01 2.000000000000000000e+01 0.000000000000000000e+00 1.600000000000000089e+00 5.999999999999999474e-04 -1.420999999999999954e-03 9.999989999999999712e-01 2.495979999999999865e-01 9.683490000000000153e-01 1.227000000000000009e-03 -9.683490000000000153e-01 2.495970000000000133e-01 9.359999999999999831e-04
1.300000000000000000e+01 1.600000000000000000e+01 2.100000000000000000e+01 0.000000000000000000e+00 1.600000000000000089e+00 1.910000000000000022e-03 3.774000000000000011e-03 9.999909999999999632e-01 2.998279999999999834e-01 9.539840000000000542e-01 -4.172999999999999626e-03 -9.539910000000000334e-01 2.998339999999999894e-01 6.899999999999999667e-04
1.700000000000000000e+01 1.600000000000000000e+01 2.100000000000000000e+01 0.000000000000000000e+00 1.600000000000000089e+00 1.709000000000000016e-03 -4.899999999999999842e-04 9.999980000000000535e-01 2.994560000000000000e-01 9.541100000000000136e-01 -4.399999999999999886e-05 -9.541089999999999849e-01 2.994550000000000267e-01 1.776999999999999934e-03
2.500000000000000000e+01 1.600000000000000000e+01 2.100000000000000000e+01 0.000000000000000000e+00 1.600000000000000089e+00 2.199999999999999943e-05 -2.199999999999999943e-05 1.000000000000000000e+00 2.980990000000000029e-01 9.545350000000000223e-01 1.399999999999999979e-05 -9.545350000000000223e-01 2.980990000000000029e-01 2.699999999999999899e-05
6.000000000000000000e+00 3.000000000000000000e+00 2.500000000000000000e+01 0.000000000000000000e+00 1.600000000000000089e+00 3.739000000000000136e-03 1.858500000000000082e-02 9.998200000000000420e-01 -6.954200000000000659e-02 -9.974020000000000108e-01 1.880099999999999827e-02 9.975720000000000143e-01 -6.959999999999999520e-02 -2.436999999999999930e-03
9.000000000000000000e+00 3.000000000000000000e+00 2.500000000000000000e+01 0.000000000000000000e+00 1.600000000000000089e+00 4.269000000000000225e-03 1.907999999999999974e-02 9.998089999999999478e-01 -6.287099999999999633e-02 -9.978350000000000275e-01 1.931000000000000077e-02 9.980130000000000390e-01 -6.294099999999999695e-02 -3.059999999999999786e-03
1.300000000000000000e+01 3.000000000000000000e+00 2.500000000000000000e+01 0.000000000000000000e+00 1.600000000000000089e+00 3.413999999999999934e-03 1.137799999999999923e-02 9.999289999999999567e-01 -4.837700000000000333e-02 -9.987629999999999564e-01 1.153000000000000032e-02 9.988230000000000164e-01 -4.841299999999999770e-02 -2.860000000000000129e-03
8.000000000000000000e+00 4.600000000000000000e+01 2.700000000000000000e+01 0.000000000000000000e+00 1.600000000000000089e+00 -2.039999999999999984e-04 1.679999999999999907e-04 -1.000000000000000000e+00 6.637690000000000534e-01 7.479379999999999917e-01 -1.000000000000000082e-05 7.479379999999999917e-01 -6.637690000000000534e-01 -2.629999999999999959e-04
1.900000000000000000e+01 4.600000000000000000e+01 2.700000000000000000e+01 0.000000000000000000e+00 1.600000000000000089e+00 -7.789999999999999616e-04 9.709999999999999664e-04 -9.999989999999999712e-01 6.665229999999999766e-01 7.454849999999999532e-01 2.049999999999999956e-04 7.454840000000000355e-01 -6.665219999999999478e-01 -1.227999999999999925e-03
2.000000000000000000e+00 4.600000000000000000e+01 3.000000000000000000e+01 0.000000000000000000e+00 1.600000000000000089e+00 6.740000000000000114e-04 1.126999999999999964e-03 -9.999989999999999712e-01 3.175040000000000084e-01 9.482559999999999878e-01 1.283000000000000069e-03 9.482570000000000165e-01 -3.175049999999999817e-01 2.820000000000000241e-04
9.000000000000000000e+00 4.600000000000000000e+01 3.000000000000000000e+01 0.000000000000000000e+00 1.600000000000000089e+00 2.500000000000000120e-05 3.800000000000000209e-05 -1.000000000000000000e+00 3.209609999999999963e-01 9.470929999999999627e-01 4.399999999999999886e-05 9.470929999999999627e-01 -3.209609999999999963e-01 1.200000000000000030e-05
2.200000000000000000e+01 4.600000000000000000e+01 3.000000000000000000e+01 0.000000000000000000e+00 1.600000000000000089e+00 4.310000000000000137e-04 2.500000000000000120e-05 -1.000000000000000000e+00 3.295870000000000188e-01 9.441249999999999920e-01 1.649999999999999991e-04 9.441249999999999920e-01 -3.295870000000000188e-01 3.989999999999999949e-04
9.000000000000000000e+00 5.800000000000000000e+01 3.100000000000000000e+01 0.000000000000000000e+00 1.600000000000000089e+00 1.516999999999999902e-03 9.529999999999999626e-04 9.999980000000000535e-01 -7.787889999999999535e-01 -6.272839999999999527e-01 1.778999999999999982e-03 6.272839999999999527e-01 -7.787899999999999823e-01 -2.090000000000000115e-04
1.300000000000000000e+01 5.800000000000000000e+01 3.100000000000000000e+01 0.000000000000000000e+00 1.600000000000000089e+00 5.466999999999999638e-03 6.648000000000000263e-03 9.999630000000000463e-01 -7.753470000000000084e-01 -6.314790000000000125e-01 8.437000000000000055e-03 6.315119999999999623e-01 -7.753640000000000532e-01 1.701999999999999954e-03
1.700000000000000000e+01 5.800000000000000000e+01 3.100000000000000000e+01 0.000000000000000000e+00 1.600000000000000089e+00 4.389999999999999805e-03 5.828999999999999980e-03 9.999730000000000008e-01 -7.720040000000000235e-01 -6.355779999999999763e-01 7.093999999999999612e-03 6.356020000000000003e-01 -7.720150000000000068e-01 1.709999999999999932e-03
2.200000000000000000e+01 5.800000000000000000e+01 3.100000000000000000e+01 0.000000000000000000e+00 1.600000000000000089e+00 1.209000000000000005e-03 2.489999999999999809e-04 9.999989999999999712e-01 -7.722139999999999560e-01 -6.353619999999999823e-01 1.092000000000000089e-03 6.353609999999999536e-01 -7.722149999999999848e-01 -5.760000000000000146e-04
3.000000000000000000e+01 5.800000000000000000e+01 3.100000000000000000e+01 0.000000000000000000e+00 1.600000000000000089e+00 6.430000000000000169e-04 -3.592999999999999840e-03 9.999930000000000208e-01 -7.709260000000000002e-01 -6.369219999999999882e-01 -1.791999999999999973e-03 6.369249999999999634e-01 -7.709200000000000497e-01 -3.178999999999999968e-03
4.000000000000000000e+00 4.600000000000000000e+01 3.500000000000000000e+01 0.000000000000000000e+00 1.600000000000000089e+00 3.669999999999999760e-04 -8.450000000000000479e-04 -1.000000000000000000e+00 3.902889999999999970e-01 -9.206919999999999549e-01 9.210000000000000521e-04 -9.206929999999999836e-01 -3.902889999999999970e-01 -7.999999999999999638e-06
1.000000000000000000e+01 4.600000000000000000e+01 3.500000000000000000e+01 0.000000000000000000e+00 1.600000000000000089e+00 -7.600000000000000418e-04 1.726000000000000104e-03 -9.999980000000000535e-01 3.921009999999999773e-01 -9.199199999999999600e-01 -1.884999999999999957e-03 -9.199220000000000175e-01 -3.921020000000000061e-01 2.199999999999999943e-05
1.600000000000000000e+01 4.600000000000000000e+01 3.500000000000000000e+01 0.000000000000000000e+00 1.600000000000000089e+00 -6.939999999999999555e-04 2.141000000000000108e-03 -9.999970000000000248e-01 3.933039999999999869e-01 -9.194059999999999455e-01 -2.240999999999999936e-03 -9.194080000000000030e-01 -3.933050000000000157e-01 -2.039999999999999984e-04
1.900000000000000000e+01 4.600000000000000000e+01 3.500000000000000000e+01 0.000000000000000000e+00 1.600000000000000089e+00 -9.349999999999999587e-04 3.105000000000000121e-03 -9.999949999999999672e-01 3.925370000000000248e-01 -9.197309999999999652e-01 -3.223000000000000170e-03 -9.197359999999999980e-01 -3.925379999999999980e-01 -3.589999999999999984e-04
2.300000000000000000e+01 4.600000000000000000e+01 3.500000000000000000e+01 0.000000000000000000e+00 1.600000000000000089e+00 -8.639999999999999677e-04 3.761000000000000020e-03 -9.999930000000000208e-01 3.937019999999999964e-01 -9.192299999999999915e-01 -3.798000000000000161e-03 -9.192379999999999995e-01 -3.937030000000000252e-01 -6.870000000000000022e-04
2.600000000000000000e+01 4.600000000000000000e+01 3.500000000000000000e+01 0.000000000000000000e+00 1.600000000000000089e+00 6.870000000000000022e-04 -6.485999999999999578e-03 -9.999789999999999512e-01 3.954259999999999997e-01 -9.184769999999999879e-01 6.229000000000000162e-03 -9.184980000000000366e-01 -3.954219999999999957e-01 1.933999999999999955e-03
2.900000000000000000e+01 4.600000000000000000e+01 3.500000000000000000e+01 0.000000000000000000e+00 1.600000000000000089e+00 2.602999999999999845e-03 -1.458899999999999954e-02 -9.998899999999999455e-01 3.952640000000000042e-01 -9.184539999999999926e-01 1.443000000000000012e-02 -9.185640000000000471e-01 -3.952579999999999982e-01 3.376000000000000095e-03
3.000000000000000000e+00 2.900000000000000000e+01 4.400000000000000000e+01 0.000000000000000000e+00 1.600000000000000089e+00 -9.899999999999999946e-04 -1.224000000000000045e-03 -9.999989999999999712e-01 6.488749999999999796e-01 7.608939999999999593e-01 -1.574000000000000095e-03 7.608949999999999880e-01 -6.488760000000000083e-01 4.000000000000000327e-05
1.100000000000000000e+01 2.900000000000000000e+01 4.400000000000000000e+01 0.000000000000000000e+00 1.600000000000000089e+00 3.570000000000000040e-04 1.062000000000000010e-03 -9.999989999999999712e-01 6.511069999999999913e-01 7.589850000000000207e-01 1.038999999999999993e-03 7.589850000000000207e-01 -6.511069999999999913e-01 -4.209999999999999875e-04
1.500000000000000000e+01 2.900000000000000000e+01 4.400000000000000000e+01 0.000000000000000000e+00 1.600000000000000089e+00 -2.559000000000000077e-03 -2.235000000000000007e-03 -9.999940000000000495e-01 6.620230000000000281e-01 7.494760000000000311e-01 -3.369000000000000033e-03 7.494790000000000063e-01 -6.620279999999999498e-01 -4.380000000000000213e-04
1.900000000000000000e+01 2.900000000000000000e+01 4.400000000000000000e+01 0.000000000000000000e+00 1.600000000000000089e+00 -3.327999999999999795e-03 -3.180999999999999800e-03 -9.999890000000000168e-01 6.695600000000000440e-01 7.427430000000000421e-01 -4.590999999999999595e-03 7.427500000000000213e-01 -6.695689999999999698e-01 -3.420000000000000188e-04
2.300000000000000000e+01 2.900000000000000000e+01 4.400000000000000000e+01 0.000000000000000000e+00 1.600000000000000089e+00 4.699999999999999859e-04 -5.619999999999999996e-04 -1.000000000000000000e+00 6.694710000000000383e-01 7.428379999999999983e-01 -1.029999999999999964e-04 7.428379999999999983e-01 -6.694710000000000383e-01 7.259999999999999743e-04
2.900000000000000000e+01 2.900000000000000000e+01 4.400000000000000000e+01 0.000000000000000000e+00 1.600000000000000089e+00 -2.500000000000000120e-05 2.693000000000000081e-03 -9.999959999999999960e-01 6.637119999999999687e-01 7.479850000000000110e-01 1.998000000000000210e-03 7.479879999999999862e-01 -6.637100000000000222e-01 -1.806000000000000097e-03
2.000000000000000000e+01 5.000000000000000000e+01 4.500000000000000000e+01 0.000000000000000000e+00 1.600000000000000089e+00 -5.616349999999999953e-01 1.140550000000000036e-01 -8.194860000000000477e-01 -2.971699999999999897e-01 -9.521699999999999608e-01 7.114399999999999891e-02 -7.721759999999999735e-01 2.834840000000000138e-01 5.686660000000000048e-01
3.000000000000000000e+01 5.900000000000000000e+01 4.700000000000000000e+01 0.000000000000000000e+00 1.600000000000000089e+00 1.515400000000000080e-02 -2.384680000000000133e-01 9.710320000000000062e-01 -6.561169999999999503e-01 7.304469999999999574e-01 1.896239999999999870e-01 -7.545070000000000388e-01 -6.399850000000000261e-01 -1.453929999999999945e-01
1.900000000000000000e+01 7.000000000000000000e+01 4.700000000000000000e+01 0.000000000000000000e+00 1.600000000000000089e+00 -2.171999999999999972e-02 1.465600000000000062e-02 -9.996570000000000178e-01 -8.426470000000000349e-01 -5.383660000000000112e-01 1.041599999999999991e-02 -5.380289999999999795e-01 8.425839999999999996e-01 2.404299999999999840e-02
1.600000000000000000e+01 5.000000000000000000e+00 5.100000000000000000e+01 0.000000000000000000e+00 1.600000000000000089e+00 -1.796000000000000070e-03 -1.781999999999999947e-03 -9.999970000000000248e-01 4.895430000000000059e-01 -8.719789999999999486e-01 6.750000000000000357e-04 -8.719770000000000021e-01 -4.895399999999999752e-01 2.438000000000000063e-03
2.500000000000000000e+01 5.000000000000000000e+00 5.100000000000000000e+01 0.000000000000000000e+00 1.600000000000000089e+00 8.919999999999999978e-04 3.030999999999999840e-03 -9.999949999999999672e-01 4.901209999999999734e-01 -8.716509999999999536e-01 -2.204999999999999929e-03 -8.716540000000000399e-01 -4.901170000000000249e-01 -2.263999999999999953e-03
2.900000000000000000e+01 5.000000000000000000e+00 5.100000000000000000e+01 0.000000000000000000e+00 1.600000000000000089e+00 -2.080999999999999951e-03 8.111000000000000154e-03 -9.999649999999999928e-01 4.885030000000000205e-01 -8.725249999999999950e-01 -8.094000000000000500e-03 -8.725600000000000023e-01 -4.885030000000000205e-01 -2.145999999999999904e-03
4.000000000000000000e+00 7.000000000000000000e+00 5.200000000000000000e+01 0.000000000000000000e+00 1.600000000000000089e+00 4.726000000000000166e-03 8.874999999999999209e-03 -9.999489999999999768e-01 9.109000000000000430e-02 -9.958069999999999977e-01 -8.408000000000000543e-03 -9.958310000000000217e-01 -9.104500000000000093e-02 -5.514999999999999937e-03
1.900000000000000000e+01 7.000000000000000000e+00 5.200000000000000000e+01 0.000000000000000000e+00 1.600000000000000089e+00 -3.900999999999999954e-03 -7.945999999999999938e-03 -9.999609999999999888e-01 1.113790000000000058e-01 -9.937500000000000222e-01 7.461999999999999883e-03 -9.937700000000000422e-01 -1.113449999999999995e-01 4.760999999999999607e-03
1.000000000000000000e+01 6.300000000000000000e+01 5.400000000000000000e+01 0.000000000000000000e+00 1.600000000000000089e+00 -8.809999999999999472e-04 -5.249999999999999676e-04 1.000000000000000000e+00 -3.175640000000000129e-01 9.482369999999999965e-01 2.180000000000000134e-04 -9.482369999999999965e-01 -3.175629999999999842e-01 -1.002000000000000069e-03
1.600000000000000000e+01 6.300000000000000000e+01 5.400000000000000000e+01 0.000000000000000000e+00 1.600000000000000089e+00 -1.082699999999999982e-02 -8.168999999999999179e-03 9.999080000000000190e-01 -3.347749999999999893e-01 9.422890000000000432e-01 4.074000000000000364e-03 -9.422359999999999625e-01 -3.346999999999999975e-01 -1.293700000000000058e-02
2.400000000000000000e+01 6.300000000000000000e+01 5.400000000000000000e+01 0.000000000000000000e+00 1.600000000000000089e+00 -4.260000000000000006e-04 -3.831000000000000204e-03 9.999930000000000208e-01 -3.336379999999999901e-01 9.426949999999999497e-01 3.468999999999999861e-03 -9.427010000000000112e-01 -3.336339999999999861e-01 -1.678999999999999937e-03
9.000000000000000000e+00 2.500000000000000000e+01 5.500000000000000000e+01 0.000000000000000000e+00 1.600000000000000089e+00 2.139999999999999975e-04 -6.254000000000000010e-03 -9.999799999999999800e-01 -1.140599999999999947e-02 -9.999149999999999983e-01 6.250999999999999612e-03 -9.999350000000000183e-01 1.140399999999999921e-02 -2.849999999999999886e-04
1.300000000000000000e+01 2.500000000000000000e+01 5.500000000000000000e+01 0.000000000000000000e+00 1.600000000000000089e+00 5.339999999999999695e-04 -8.377000000000000765e-03 -9.999649999999999928e-01 -1.416199999999999924e-02 -9.998650000000000038e-01 8.368999999999999703e-03 -9.999000000000000110e-01 1.415699999999999945e-02 -6.520000000000000188e-04
2.200000000000000000e+01 2.500000000000000000e+01 5.500000000000000000e+01 0.000000000000000000e+00 1.600000000000000089e+00 1.379999999999999933e-03 5.088999999999999774e-03 -9.999860000000000415e-01 -1.251400000000000082e-02 -9.999090000000000478e-01 -5.106000000000000295e-03 -9.999209999999999487e-01 1.252099999999999914e-02 -1.315999999999999896e-03
2.800000000000000000e+01 5.200000000000000000e+01 5.700000000000000000e+01 0.000000000000000000e+00 1.600000000000000089e+00 1.038759999999999961e-01 4.758029999999999760e-01 8.733969999999999789e-01 3.088600000000000234e-01 -8.501640000000000308e-01 4.264120000000000132e-01 9.454179999999999806e-01 2.254639999999999977e-01 -2.352680000000000049e-01
2.000000000000000000e+00 6.600000000000000000e+01 5.700000000000000000e+01 0.000000000000000000e+00 1.600000000000000089e+00 4.564999999999999614e-03 3.005869999999999931e-01 9.537440000000000362e-01 -2.359310000000000018e-01 9.271519999999999762e-01 -2.910769999999999746e-01 -9.717590000000000394e-01 -2.236889999999999989e-01 7.514999999999999458e-02
4.000000000000000000e+00 2.100000000000000000e+01 6.000000000000000000e+01 0.000000000000000000e+00 1.600000000000000089e+00 1.701000000000000038e-03 1.084599999999999974e-02 9.999400000000000510e-01 -9.553899999999999892e-02 9.953689999999999483e-01 -1.063399999999999936e-02 -9.954239999999999755e-01 -9.551500000000000268e-02 2.729999999999999788e-03
8.000000000000000000e+00 2.100000000000000000e+01 6.000000000000000000e+01 0.000000000000000000e+00 1.600000000000000089e+00 2.771000000000000026e-03 -5.680000000000000370e-04 9.999959999999999960e-01 -9.439000000000000168e-02 9.955349999999999477e-01 8.270000000000000441e-04 -9.955310000000000548e-01 -9.439100000000000268e-02 2.704999999999999939e-03
1.500000000000000000e+01 2.100000000000000000e+01 6.000000000000000000e+01 0.000000000000000000e+00 1.600000000000000089e+00 5.779999999999999548e-04 1.505500000000000067e-02 9.998869999999999703e-01 -9.744600000000000484e-02 9.951290000000000413e-01 -1.492699999999999930e-02 -9.952410000000000423e-01 -9.742599999999999871e-02 2.041999999999999978e-03
1.900000000000000000e+01 2.100000000000000000e+01 6.000000000000000000e+01 0.000000000000000000e+00 1.600000000000000089e+00 -1.856000000000000011e-03 -2.703999999999999806e-03 9.999949999999999672e-01 -9.804699999999999527e-02 9.951790000000000358e-01 2.508999999999999946e-03 -9.951799999999999535e-01 -9.804100000000000315e-02 -2.112000000000000162e-03
2.800000000000000000e+01 2.100000000000000000e+01 6.000000000000000000e+01 0.000000000000000000e+00 1.600000000000000089e+00 2.500000000000000052e-04 -1.046599999999999961e-02 9.999449999999999728e-01 -9.586899999999999589e-02 9.953389999999999738e-01 1.044100000000000063e-02 -9.953940000000000010e-01 -9.586600000000000676e-02 -7.540000000000000044e-04
6.000000000000000000e+00 3.000000000000000000e+00 6.300000000000000000e+01 0.000000000000000000e+00 1.600000000000000089e+00 6.589999999999999721e-04 2.717999999999999930e-03 9.999959999999999960e-01 -6.168559999999999599e-01 7.870740000000000514e-01 -1.732999999999999948e-03 -7.870759999999999978e-01 -6.168529999999999847e-01 2.194999999999999903e-03
1.400000000000000000e+01 3.000000000000000000e+00 6.300000000000000000e+01 0.000000000000000000e+00 1.600000000000000089e+00 5.649999999999999641e-04 1.095999999999999969e-03 9.999989999999999712e-01 -6.175640000000000018e-01 7.865210000000000257e-01 -5.130000000000000011e-04 -7.865210000000000257e-01 -6.175629999999999731e-01 1.121000000000000035e-03
7.000000000000000000e+00 2.700000000000000000e+01 6.300000000000000000e+01 0.000000000000000000e+00 1.600000000000000089e+00 2.233999999999999875e-03 6.643999999999999732e-03 9.999759999999999760e-01 -2.729130000000000167e-01 9.620210000000000150e-01 -5.781999999999999813e-03 -9.620360000000000023e-01 -2.728929999999999967e-01 3.963000000000000377e-03
1.400000000000000000e+01 2.700000000000000000e+01 6.300000000000000000e+01 0.000000000000000000e+00 1.600000000000000089e+00 1.259999999999999998e-04 -1.698999999999999989e-03 9.999989999999999712e-01 -2.794209999999999749e-01 9.601669999999999927e-01 1.667000000000000079e-03 -9.601690000000000502e-01 -2.794209999999999749e-01 -3.539999999999999853e-04
2.100000000000000000e+01 2.700000000000000000e+01 6.300000000000000000e+01 0.000000000000000000e+00 1.600000000000000089e+00 -5.490000000000000088e-04 6.269999999999999532e-04 1.000000000000000000e+00 -2.788499999999999868e-01 9.603340000000000209e-01 -7.550000000000000287e-04 -9.603350000000000497e-01 -2.788499999999999868e-01 -3.519999999999999908e-04
2.600000000000000000e+01 2.700000000000000000e+01 6.300000000000000000e+01 0.000000000000000000e+00 1.600000000000000089e+00 1.059000000000000045e-03 -9.290000000000000297e-04 9.999989999999999712e-01 -2.792080000000000117e-01 9.602300000000000280e-01 1.186999999999999904e-03 -9.602300000000000280e-01 -2.792089999999999850e-01 7.569999999999999689e-04
2.800000000000000000e+01 2.700000000000000000e+01 6.300000000000000000e+01 0.000000000000000000e+00 1.600000000000000089e+00 5.630000000000000239e-04 -1.364999999999999894e-03 9.999989999999999712e-01 -2.785170000000000146e-01 9.604300000000000059e-01 1.467999999999999904e-03 -9.604310000000000347e-01 -2.785170000000000146e-01 1.600000000000000131e-04
8.000000000000000000e+00 2.600000000000000000e+01 6.400000000000000000e+01 0.000000000000000000e+00 1.600000000000000089e+00 1.626000000000000058e-03 8.583000000000000351e-03 9.999620000000000175e-01 -3.590090000000000225e-01 9.333050000000000512e-01 -7.426999999999999574e-03 -9.333329999999999682e-01 -3.589829999999999965e-01 4.598999999999999790e-03
1.400000000000000000e+01 2.600000000000000000e+01 6.400000000000000000e+01 0.000000000000000000e+00 1.600000000000000089e+00 -7.299999999999999903e-05 -1.379000000000000017e-03 9.999989999999999712e-01 -3.647819999999999951e-01 9.310920000000000307e-01 1.258000000000000004e-03 -9.310929999999999485e-01 -3.647810000000000219e-01 -5.710000000000000015e-04
2.000000000000000000e+01 2.600000000000000000e+01 6.400000000000000000e+01 0.000000000000000000e+00 1.600000000000000089e+00 -8.769999999999999584e-04 -1.196000000000000014e-03 9.999989999999999712e-01 -3.639580000000000037e-01 9.314149999999999929e-01 7.950000000000000252e-04 -9.314149999999999929e-01 -3.639569999999999750e-01 -1.252000000000000075e-03
2.700000000000000000e+01 2.600000000000000000e+01 6.400000000000000000e+01 0.000000000000000000e+00 1.600000000000000089e+00 1.224999999999999960e-03 -1.753000000000000001e-03 9.999980000000000535e-01 -3.620809999999999862e-01 9.321439999999999726e-01 2.076999999999999853e-03 -9.321460000000000301e-01 -3.620829999999999882e-01 5.069999999999999637e-04
1.000000000000000000e+01 7.300000000000000000e+01 6.400000000000000000e+01 0.000000000000000000e+00 1.600000000000000089e+00 -9.697360000000000424e-01 1.568299999999999972e-01 -1.871250000000000135e-01 -1.486470000000000014e-01 -9.872419999999999529e-01 -5.707999999999999879e-02 -1.936900000000000011e-01 -2.753699999999999898e-02 9.806759999999999922e-01
2.200000000000000000e+01 6.900000000000000000e+01 6.600000000000000000e+01 0.000000000000000000e+00 1.600000000000000089e+00 -2.749999999999999840e-03 9.808000000000000745e-03 9.999479999999999480e-01 -9.565730000000000066e-01 2.914430000000000076e-01 -5.490000000000000088e-03 -2.914809999999999901e-01 -9.565379999999999994e-01 8.580000000000000820e-03
7.000000000000000000e+00 8.100000000000000000e+01 7.200000000000000000e+01 0.000000000000000000e+00 1.600000000000000089e+00 -6.768309999999999604e-01 -2.343840000000000090e-01 -6.978280000000000038e-01 -7.117289999999999450e-01 -3.373099999999999710e-02 7.016440000000000454e-01 -1.879919999999999924e-01 9.715589999999999504e-01 -1.439880000000000049e-01
1.800000000000000000e+01 2.500000000000000000e+01 7.300000000000000000e+01 0.000000000000000000e+00 1.600000000000000089e+00 -2.688999999999999984e-03 1.172999999999999998e-03 9.999959999999999960e-01 7.516040000000000498e-01 -6.596090000000000009e-01 2.795000000000000175e-03 6.596090000000000009e-01 7.516080000000000538e-01 8.919999999999999978e-04
2.500000000000000000e+01 2.500000000000000000e+01 7.300000000000000000e+01 0.000000000000000000e+00 1.600000000000000089e+00 -4.989999999999999861e-04 4.407000000000000327e-03 9.999900000000000455e-01 7.460940000000000349e-01 -6.658319999999999794e-01 3.307000000000000044e-03 6.658399999999999874e-01 7.460879999999999734e-01 -2.955999999999999860e-03
1.000000000000000000e+01 5.100000000000000000e+01 7.300000000000000000e+01 0.000000000000000000e+00 1.600000000000000089e+00 -1.426299999999999964e-02 -2.232649999999999912e-01 9.746529999999999916e-01 -2.703420000000000267e-01 9.393110000000000070e-01 2.112130000000000118e-01 -9.626590000000000424e-01 -2.604770000000000141e-01 -7.375500000000000111e-02
1.100000000000000000e+01 7.800000000000000000e+01 7.300000000000000000e+01 0.000000000000000000e+00 1.600000000000000089e+00 7.869900000000000506e-02 -9.319669999999999899e-01 3.538979999999999904e-01 1.731129999999999891e-01 -3.368289999999999895e-01 -9.255149999999999766e-01 9.817529999999999868e-01 1.341019999999999990e-01 1.348280000000000034e-01
1.000000000000000000e+00 2.500000000000000000e+01 7.400000000000000000e+01 0.000000000000000000e+00 1.600000000000000089e+00 4.125000000000000194e-03 -3.305999999999999911e-03 9.999860000000000415e-01 8.228469999999999951e-01 -5.682380000000000209e-01 -5.272999999999999909e-03 5.682469999999999466e-01 8.228579999999999783e-01 3.759999999999999779e-04
8.000000000000000000e+00 2.500000000000000000e+01 7.400000000000000000e+01 0.000000000000000000e+00 1.600000000000000089e+00 1.959999999999999937e-03 3.237999999999999993e-03 9.999930000000000208e-01 8.247370000000000534e-01 -5.655170000000000474e-01 2.149999999999999947e-04 5.655130000000000434e-01 8.247309999999999919e-01 -3.778999999999999807e-03
2.000000000000000000e+01 2.500000000000000000e+01 7.400000000000000000e+01 0.000000000000000000e+00 1.600000000000000089e+00 -2.723000000000000160e-03 -4.870000000000000197e-04 9.999959999999999960e-01 8.263279999999999514e-01 -5.631850000000000467e-01 1.975999999999999892e-03 5.631819999999999604e-01 8.263300000000000090e-01 1.936000000000000004e-03
