1.700000000000000000e+01 2.500000000000000000e+01 1.000000000000000000e+00 0.000000000000000000e+00 1.600000000000000089e+00 8.760000000000000425e-04 -9.055999999999999814e-03 -9.999590000000000423e-01 -5.267979999999999885e-01 -8.499600000000000488e-01 7.236000000000000244e-03 -8.499900000000000233e-01 5.267699999999999605e-01 -5.514999999999999937e-03
2.000000000000000000e+00 1.500000000000000000e+01 4.000000000000000000e+00 0.000000000000000000e+00 1.600000000000000089e+00 2.930000000000000204e-04 1.133299999999999932e-02 9.999360000000000470e-01 3.308340000000000169e-01 -9.436299999999999688e-01 1.059799999999999978e-02 9.436890000000000001e-01 3.308099999999999929e-01 -4.026000000000000065e-03
8.000000000000000000e+00 1.500000000000000000e+01 4.000000000000000000e+00 0.000000000000000000e+00 1.600000000000000089e+00 -8.409999999999999507e-04 5.169999999999999899e-04 9.999989999999999712e-01 3.234890000000000265e-01 -9.462319999999999620e-01 7.619999999999999820e-04 9.462319999999999620e-01 3.234890000000000265e-01 6.279999999999999775e-04
1.300000000000000000e+01 1.500000000000000000e+01 4.000000000000000000e+00 0.000000000000000000e+00 1.600000000000000089e+00 -2.020000000000000040e-04 4.759000000000000209e-03 9.999890000000000168e-01 3.231370000000000076e-01 -9.463409999999999878e-01 4.569000000000000145e-03 9.463519999999999710e-01 3.231350000000000056e-01 -1.347000000000000107e-03
2.000000000000000000e+01 1.500000000000000000e+01 4.000000000000000000e+00 0.000000000000000000e+00 1.600000000000000089e+00 2.626999999999999995e-03 1.077600000000000086e-02 9.999390000000000223e-01 3.200720000000000232e-01 -9.473470000000000502e-01 9.367999999999999591e-03 9.473899999999999544e-01 3.200279999999999792e-01 -5.937999999999999702e-03
2.700000000000000000e+01 1.500000000000000000e+01 4.000000000000000000e+00 0.000000000000000000e+00 1.600000000000000089e+00 -7.169999999999999724e-04 -2.340000000000000066e-03 9.999970000000000248e-01 3.292640000000000011e-01 -9.442359999999999642e-01 -1.974000000000000060e-03 9.442380000000000217e-01 3.292610000000000259e-01 1.446999999999999936e-03
1.100000000000000000e+01 1.010000000000000000e+02 7.000000000000000000e+00 0.000000000000000000e+00 1.600000000000000089e+00 1.722999999999999922e-03 -8.260000000000000198e-04 9.999980000000000535e-01 8.858070000000000110e-01 4.640529999999999933e-01 -1.142999999999999919e-03 -4.640509999999999913e-01 8.858070000000000110e-01 1.531000000000000026e-03
1.500000000000000000e+01 1.010000000000000000e+02 7.000000000000000000e+00 0.000000000000000000e+00 1.600000000000000089e+00 5.584999999999999687e-03 -1.578299999999999842e-02 9.998599999999999710e-01 8.907800000000000162e-01 4.544290000000000274e-01 2.197999999999999867e-03 -4.544000000000000261e-01 8.906429999999999625e-01 1.659800000000000164e-02
1.900000000000000000e+01 1.010000000000000000e+02 7.000000000000000000e+00 0.000000000000000000e+00 1.600000000000000089e+00 -1.291000000000000047e-03 1.358799999999999938e-02 9.999069999999999903e-01 8.919089999999999518e-01 4.521879999999999789e-01 -4.993000000000000042e-03 -4.522140000000000049e-01 8.918190000000000284e-01 -1.270300000000000075e-02
2.000000000000000000e+00 2.500000000000000000e+01 8.000000000000000000e+00 0.000000000000000000e+00 1.600000000000000089e+00 -6.840000000000000377e-04 9.379000000000000184e-03 -9.999559999999999560e-01 4.517800000000000149e-01 8.920930000000000248e-01 8.057999999999999191e-03 8.921289999999999498e-01 -4.517550000000000177e-01 -4.846999999999999746e-03
6.000000000000000000e+00 2.500000000000000000e+01 8.000000000000000000e+00 0.000000000000000000e+00 1.600000000000000089e+00 -2.056000000000000102e-03 4.793000000000000385e-03 -9.999860000000000415e-01 4.515339999999999909e-01 8.922480000000000411e-01 3.347999999999999848e-03 8.922520000000000451e-01 -4.515210000000000057e-01 -3.998999999999999951e-03
1.000000000000000000e+01 2.500000000000000000e+01 8.000000000000000000e+00 0.000000000000000000e+00 1.600000000000000089e+00 -2.942000000000000171e-03 2.452000000000000186e-03 -9.999930000000000208e-01 4.490430000000000255e-01 8.935100000000000264e-01 8.700000000000000051e-04 8.935049999999999937e-01 -4.490370000000000195e-01 -3.729999999999999809e-03
1.400000000000000000e+01 2.500000000000000000e+01 8.000000000000000000e+00 0.000000000000000000e+00 1.600000000000000089e+00 -1.448999999999999984e-03 -4.667000000000000141e-03 -9.999879999999999880e-01 4.484500000000000153e-01 8.937950000000000061e-01 -4.820999999999999765e-03 8.938070000000000181e-01 -4.484509999999999885e-01 7.979999999999999897e-04
2.100000000000000000e+01 2.500000000000000000e+01 8.000000000000000000e+00 0.000000000000000000e+00 1.600000000000000089e+00 -1.647999999999999942e-03 -3.400999999999999943e-03 -9.999930000000000208e-01 4.514460000000000139e-01 8.922909999999999453e-01 -3.778999999999999807e-03 8.922970000000000068e-01 -4.514489999999999892e-01 6.499999999999999431e-05
3.000000000000000000e+01 2.500000000000000000e+01 8.000000000000000000e+00 0.000000000000000000e+00 1.600000000000000089e+00 2.285999999999999838e-03 6.689999999999999766e-03 -9.999749999999999472e-01 4.513690000000000202e-01 8.923100000000000476e-01 7.001000000000000278e-03 8.923339999999999606e-01 -4.513739999999999974e-01 -9.790000000000000525e-04
5.000000000000000000e+00 2.400000000000000000e+01 9.000000000000000000e+00 0.000000000000000000e+00 1.600000000000000089e+00 -1.389999999999999960e-03 5.250000000000000326e-03 -9.999850000000000128e-01 4.566479999999999984e-01 8.896380000000000399e-01 4.035999999999999657e-03 8.896460000000000479e-01 -4.566359999999999864e-01 -3.634000000000000077e-03
1.200000000000000000e+01 2.400000000000000000e+01 9.000000000000000000e+00 0.000000000000000000e+00 1.600000000000000089e+00 -1.317999999999999944e-03 -1.423000000000000003e-03 -9.999980000000000535e-01 4.525319999999999898e-01 8.917460000000000386e-01 -1.864999999999999904e-03 8.917469999999999564e-01 -4.525339999999999918e-01 -5.310000000000000050e-04
1.400000000000000000e+01 2.400000000000000000e+01 9.000000000000000000e+00 0.000000000000000000e+00 1.600000000000000089e+00 -1.533999999999999990e-03 -6.176000000000000066e-03 -9.999799999999999800e-01 4.524909999999999766e-01 8.917469999999999564e-01 -6.200999999999999915e-03 8.917669999999999764e-01 -4.524920000000000053e-01 1.427000000000000100e-03
2.000000000000000000e+01 2.400000000000000000e+01 9.000000000000000000e+00 0.000000000000000000e+00 1.600000000000000089e+00 -1.773999999999999969e-03 -3.570000000000000040e-04 -9.999980000000000535e-01 4.547950000000000048e-01 8.905950000000000255e-01 -1.123999999999999999e-03 8.905939999999999968e-01 -4.547970000000000068e-01 -1.417000000000000074e-03
3.000000000000000000e+01 2.400000000000000000e+01 9.000000000000000000e+00 0.000000000000000000e+00 1.600000000000000089e+00 2.246000000000000166e-03 4.831000000000000225e-03 -9.999860000000000415e-01 4.550100000000000255e-01 8.904699999999999838e-01 5.323999999999999740e-03 8.904830000000000245e-01 -4.550159999999999760e-01 -1.979999999999999881e-04
1.100000000000000000e+01 4.000000000000000000e+00 1.100000000000000000e+01 0.000000000000000000e+00 1.600000000000000089e+00 3.547199999999999659e-02 -2.319219999999999893e-01 -9.720870000000000344e-01 8.176600000000000534e-02 9.701119999999999743e-01 -2.284670000000000034e-01 9.960200000000000164e-01 -7.137899999999999801e-02 5.337499999999999883e-02
1.900000000000000000e+01 4.000000000000000000e+00 1.100000000000000000e+01 0.000000000000000000e+00 1.600000000000000089e+00 -4.279499999999999971e-02 7.879500000000000393e-02 -9.959719999999999684e-01 1.550850000000000006e-01 9.853260000000000352e-01 7.128900000000000514e-02 9.869740000000000180e-01 -1.514099999999999890e-01 -5.438699999999999785e-02
2.500000000000000000e+01 4.000000000000000000e+00 1.100000000000000000e+01 0.000000000000000000e+00 1.600000000000000089e+00 -6.603000000000000362e-03 -2.566500000000000031e-02 -9.996490000000000098e-01 2.396099999999999897e-01 9.705080000000000373e-01 -2.649900000000000172e-02 9.708470000000000155e-01 -2.397009999999999974e-01 -2.590000000000000071e-04
1.900000000000000000e+01 3.100000000000000000e+01 1.200000000000000000e+01 0.000000000000000000e+00 1.600000000000000089e+00 -2.543999999999999821e-03 -1.516900000000000019e-02 9.998820000000000485e-01 -1.248100000000000077e-02 9.998080000000000300e-01 1.513600000000000015e-02 -9.999190000000000023e-01 -1.244100000000000067e-02 -2.733000000000000186e-03
7.000000000000000000e+00 3.500000000000000000e+01 1.200000000000000000e+01 0.000000000000000000e+00 1.600000000000000089e+00 -6.385000000000000051e-03 5.109999999999999525e-04 -9.999789999999999512e-01 4.926900000000000168e-01 -8.701969999999999983e-01 -3.591000000000000008e-03 -8.701809999999999823e-01 -4.927030000000000021e-01 5.304999999999999820e-03
1.700000000000000000e+01 3.500000000000000000e+01 1.200000000000000000e+01 0.000000000000000000e+00 1.600000000000000089e+00 5.283999999999999635e-03 -5.942000000000000233e-03 -9.999679999999999680e-01 5.007319999999999549e-01 -8.655669999999999753e-01 7.790000000000000049e-03 -8.655859999999999665e-01 -5.007570000000000077e-01 -1.598000000000000028e-03
1.400000000000000000e+01 3.200000000000000000e+01 1.400000000000000000e+01 0.000000000000000000e+00 1.600000000000000089e+00 2.410000000000000033e-04 3.071799999999999878e-02 -9.995279999999999720e-01 1.044780000000000014e-01 9.940569999999999684e-01 3.057500000000000148e-02 9.945270000000000499e-01 -1.044360000000000011e-01 -2.968999999999999851e-03
2.000000000000000000e+01 3.200000000000000000e+01 1.400000000000000000e+01 0.000000000000000000e+00 1.600000000000000089e+00 -6.639999999999999852e-04 -2.244399999999999867e-02 -9.997479999999999700e-01 1.067469999999999947e-01 9.940339999999999732e-01 -2.238700000000000065e-02 9.942860000000000031e-01 -1.067349999999999965e-01 1.734999999999999997e-03
4.000000000000000000e+00 1.200000000000000000e+01 1.500000000000000000e+01 0.000000000000000000e+00 1.600000000000000089e+00 -1.569999999999999944e-04 -1.150100000000000081e-02 -9.999339999999999895e-01 -4.737460000000000004e-01 -8.806019999999999959e-01 1.020300000000000026e-02 -8.806610000000000271e-01 4.737160000000000259e-01 -5.309999999999999616e-03
2.000000000000000000e+01 1.200000000000000000e+01 1.500000000000000000e+01 0.000000000000000000e+00 1.600000000000000089e+00 1.855000000000000095e-03 6.623999999999999680e-03 -9.999759999999999760e-01 -4.798450000000000215e-01 -8.773279999999999967e-01 -6.701999999999999624e-03 -8.773509999999999920e-01 4.798459999999999948e-01 1.551000000000000078e-03
2.200000000000000000e+01 2.000000000000000000e+00 1.900000000000000000e+01 0.000000000000000000e+00 1.600000000000000089e+00 -1.631300000000000111e-02 2.570000000000000062e-02 -9.995370000000000088e-01 2.316410000000000136e-01 -9.723749999999999893e-01 -2.878199999999999856e-02 -9.726639999999999731e-01 -2.320039999999999880e-01 9.908999999999999406e-03
2.700000000000000000e+01 2.000000000000000000e+00 1.900000000000000000e+01 0.000000000000000000e+00 1.600000000000000089e+00 -4.076999999999999895e-03 3.307000000000000044e-03 -9.999860000000000415e-01 2.152010000000000034e-01 -9.765610000000000124e-01 -4.107000000000000407e-03 -9.765610000000000124e-01 -2.152149999999999896e-01 3.269999999999999903e-03
1.800000000000000000e+01 3.000000000000000000e+00 1.900000000000000000e+01 0.000000000000000000e+00 1.600000000000000089e+00 2.099300000000000124e-02 4.017600000000000338e-02 -9.989719999999999711e-01 2.493799999999999906e-01 -9.678200000000000136e-01 -3.368299999999999766e-02 -9.681779999999999831e-01 -2.484159999999999979e-01 -3.033599999999999838e-02
1.000000000000000000e+00 4.000000000000000000e+00 2.000000000000000000e+01 0.000000000000000000e+00 1.600000000000000089e+00 1.658400000000000152e-02 -1.263599999999999966e-02 -9.997829999999999773e-01 2.025919999999999943e-01 -9.791370000000000351e-01 1.573499999999999899e-02 -9.791229999999999656e-01 -2.028079999999999883e-01 -1.367799999999999919e-02
1.300000000000000000e+01 4.000000000000000000e+00 2.000000000000000000e+01 0.000000000000000000e+00 1.600000000000000089e+00 1.142999999999999919e-03 1.921399999999999844e-02 -9.998150000000000093e-01 3.011490000000000000e-01 -9.534070000000000045e-01 -1.797800000000000092e-02 -9.535759999999999792e-01 -3.010729999999999795e-01 -6.876000000000000167e-03
1.900000000000000000e+01 4.000000000000000000e+00 2.000000000000000000e+01 0.000000000000000000e+00 1.600000000000000089e+00 -4.578999999999999737e-03 2.867000000000000104e-02 -9.995779999999999665e-01 2.954330000000000012e-01 -9.549309999999999743e-01 -2.874300000000000119e-02 -9.553519999999999790e-01 -2.954399999999999804e-01 -4.098000000000000080e-03
4.000000000000000000e+00 1.300000000000000000e+01 2.000000000000000000e+01 0.000000000000000000e+00 1.600000000000000089e+00 3.285799999999999832e-02 9.508700000000000485e-02 9.949270000000000058e-01 2.582289999999999863e-01 9.608569999999999611e-01 -1.003590000000000038e-01 -9.655249999999999666e-01 2.602169999999999761e-01 7.017999999999999933e-03
1.300000000000000000e+01 1.300000000000000000e+01 2.000000000000000000e+01 0.000000000000000000e+00 1.600000000000000089e+00 6.589999999999999721e-04 -9.799999999999999684e-04 9.999989999999999712e-01 2.519549999999999845e-01 9.677390000000000159e-01 7.820000000000000345e-04 -9.677390000000000159e-01 2.519540000000000113e-01 8.850000000000000444e-04
2.000000000000000000e+01 1.300000000000000000e+01 2.000000000000000000e+01 0.000000000000000000e+00 1.600000000000000089e+00 -2.101000000000000003e-03 -1.960500000000000090e-02 9.998059999999999725e-01 2.564420000000000033e-01 9.663629999999999720e-01 1.948799999999999838e-02 -9.665569999999999995e-01 2.564330000000000220e-01 2.997000000000000098e-03
2.900000000000000000e+01 1.300000000000000000e+01 2.000000000000000000e+01 0.000000000000000000e+00 1.600000000000000089e+00 3.804000000000000090e-03 2.440200000000000008e-02 9.996950000000000003e-01 2.576200000000000156e-01 9.659339999999999593e-01 -2.455799999999999997e-02 -9.662389999999999590e-01 2.576339999999999741e-01 -2.612000000000000172e-03
6.000000000000000000e+00 1.600000000000000000e+01 2.100000000000000000e+01 0.000000000000000000e+00 1.600000000000000089e+00 1.222400000000000049e-02 4.111599999999999977e-02 9.990799999999999681e-01 3.031670000000000198e-01 9.519720000000000404e-01 -4.288600000000000051e-02 -9.528590000000000115e-01 3.034129999999999883e-01 -8.279999999999999600e-04
1.000000000000000000e+01 1.600000000000000000e+01 2.100000000000000000e+01 0.000000000000000000e+00 1.600000000000000089e+00 9.399999999999999719e-04 6.751000000000000056e-03 9.999770000000000048e-01 2.981820000000000026e-01 9.544850000000000279e-01 -6.725000000000000075e-03 -9.545090000000000519e-01 2.981809999999999738e-01 -1.116000000000000021e-03
1.400000000000000000e+01 1.600000000000000000e+01 2.100000000000000000e+01 0.000000000000000000e+00 1.600000000000000089e+00 7.489999999999999913e-04 8.540000000000000499e-04 9.999989999999999712e-01 2.980220000000000091e-01 9.545580000000000176e-01 -1.038000000000000077e-03 -9.545590000000000463e-01 2.980229999999999824e-01 4.600000000000000139e-04
2.500000000000000000e+01 1.600000000000000000e+01 2.100000000000000000e+01 0.000000000000000000e+00 1.600000000000000089e+00 -5.090000000000000123e-04 -4.736999999999999891e-03 9.999890000000000168e-01 3.023879999999999901e-01 9.531730000000000480e-01 4.669000000000000407e-03 -9.531849999999999490e-01 3.023870000000000169e-01 9.470000000000000336e-04
2.900000000000000000e+01 1.600000000000000000e+01 2.100000000000000000e+01 0.000000000000000000e+00 1.600000000000000089e+00 -1.160000000000000007e-04 6.967000000000000103e-03 9.999759999999999760e-01 3.008589999999999876e-01 9.536459999999999937e-01 -6.609000000000000291e-03 -9.536689999999999889e-01 3.008509999999999796e-01 -2.207000000000000194e-03
2.600000000000000000e+01 3.000000000000000000e+00 2.500000000000000000e+01 0.000000000000000000e+00 1.600000000000000089e+00 2.879200000000000162e-02 1.027199999999999988e-02 9.995330000000000048e-01 -3.167699999999999683e-02 -9.994359999999999911e-01 1.118399999999999950e-02 9.990830000000000544e-01 -3.198499999999999954e-02 -2.845100000000000059e-02
1.500000000000000000e+01 4.000000000000000000e+00 2.500000000000000000e+01 0.000000000000000000e+00 1.600000000000000089e+00 5.930699999999999861e-02 4.553900000000000309e-02 9.971999999999999753e-01 -5.849149999999999627e-01 -8.079210000000000003e-01 7.168199999999999572e-02 8.089239999999999764e-01 -5.875280000000000502e-01 -2.127899999999999930e-02
1.000000000000000000e+00 4.600000000000000000e+01 2.700000000000000000e+01 0.000000000000000000e+00 1.600000000000000089e+00 -2.458999999999999814e-03 1.200000000000000030e-05 -9.999970000000000248e-01 6.728140000000000231e-01 7.398099999999999676e-01 -1.644999999999999978e-03 7.398080000000000211e-01 -6.728159999999999696e-01 -1.827000000000000065e-03
1.000000000000000000e+01 4.600000000000000000e+01 2.700000000000000000e+01 0.000000000000000000e+00 1.600000000000000089e+00 -4.500000000000000283e-05 -1.791000000000000057e-03 -9.999980000000000535e-01 6.714069999999999760e-01 7.410879999999999690e-01 -1.358000000000000049e-03 7.410889999999999977e-01 -6.714050000000000296e-01 1.168999999999999900e-03
2.600000000000000000e+01 1.100000000000000000e+01 3.000000000000000000e+01 0.000000000000000000e+00 1.600000000000000089e+00 6.449000000000000565e-02 8.315360000000000529e-01 5.517140000000000377e-01 -2.734199999999999964e-01 -5.169850000000000279e-01 8.111530000000000129e-01 9.597310000000000008e-01 -2.031610000000000082e-01 1.940179999999999960e-01
1.500000000000000000e+01 4.600000000000000000e+01 3.000000000000000000e+01 0.000000000000000000e+00 1.600000000000000089e+00 1.526000000000000013e-03 6.988000000000000288e-03 -9.999740000000000295e-01 3.257979999999999765e-01 9.454129999999999479e-01 7.104000000000000072e-03 9.454380000000000006e-01 -3.258010000000000073e-01 -8.339999999999999974e-04
2.000000000000000000e+00 5.800000000000000000e+01 3.100000000000000000e+01 0.000000000000000000e+00 1.600000000000000089e+00 4.679999999999999915e-04 -1.167000000000000069e-03 9.999989999999999712e-01 -7.737119999999999553e-01 -6.335370000000000168e-01 -3.770000000000000022e-04 6.335370000000000168e-01 -7.737110000000000376e-01 -1.198999999999999979e-03
6.000000000000000000e+00 5.800000000000000000e+01 3.100000000000000000e+01 0.000000000000000000e+00 1.600000000000000089e+00 -4.435999999999999839e-03 -7.010999999999999871e-03 9.999660000000000215e-01 -7.693910000000000471e-01 -6.387289999999999912e-01 -7.891000000000000444e-03 6.387620000000000520e-01 -7.693999999999999728e-01 -2.560999999999999908e-03
1.000000000000000000e+01 5.800000000000000000e+01 3.100000000000000000e+01 0.000000000000000000e+00 1.600000000000000089e+00 -5.967000000000000082e-03 -1.544000000000000060e-02 9.998629999999999463e-01 -7.703200000000000047e-01 -6.374940000000000051e-01 -1.444100000000000071e-02 6.376300000000000301e-01 -7.703010000000000135e-01 -8.089000000000000704e-03
1.400000000000000000e+01 5.800000000000000000e+01 3.100000000000000000e+01 0.000000000000000000e+00 1.600000000000000089e+00 5.527999999999999928e-03 7.828999999999999154e-03 9.999540000000000095e-01 -7.767880000000000340e-01 -6.296950000000000047e-01 9.223999999999999561e-03 6.297380000000000200e-01 -7.768030000000000213e-01 2.599999999999999881e-03
1.900000000000000000e+01 5.800000000000000000e+01 3.100000000000000000e+01 0.000000000000000000e+00 1.600000000000000089e+00 3.011999999999999920e-03 1.650899999999999937e-02 9.998590000000000533e-01 -7.744640000000000413e-01 -6.324889999999999679e-01 1.277599999999999916e-02 6.326110000000000344e-01 -7.743929999999999980e-01 1.088100000000000005e-02
2.300000000000000000e+01 5.800000000000000000e+01 3.100000000000000000e+01 0.000000000000000000e+00 1.600000000000000089e+00 -5.786000000000000344e-03 -7.837000000000000216e-03 9.999529999999999808e-01 -7.719350000000000378e-01 -6.356309999999999460e-01 -9.447999999999999801e-03 6.356749999999999901e-01 -7.719530000000000003e-01 -2.371999999999999977e-03
2.700000000000000000e+01 5.800000000000000000e+01 3.100000000000000000e+01 0.000000000000000000e+00 1.600000000000000089e+00 -4.333000000000000046e-03 -4.793000000000000385e-03 9.999789999999999512e-01 -7.688829999999999831e-01 -6.393569999999999531e-01 -6.395999999999999776e-03 6.393739999999999979e-01 -7.688949999999999951e-01 -9.150000000000000147e-04
1.600000000000000000e+01 4.200000000000000000e+01 3.400000000000000000e+01 0.000000000000000000e+00 1.600000000000000089e+00 -4.184000000000000219e-03 -2.791000000000000078e-03 -9.999869999999999592e-01 -3.012489999999999890e-01 9.535439999999999472e-01 -1.400999999999999902e-03 9.535360000000000502e-01 3.012389999999999790e-01 -4.830000000000000092e-03
2.100000000000000000e+01 4.200000000000000000e+01 3.400000000000000000e+01 0.000000000000000000e+00 1.600000000000000089e+00 4.026000000000000065e-03 1.479000000000000063e-03 -9.999909999999999632e-01 -2.948120000000000185e-01 9.555550000000000432e-01 2.269999999999999882e-04 9.555470000000000352e-01 2.948080000000000145e-01 4.283000000000000348e-03
3.000000000000000000e+00 2.600000000000000000e+01 3.500000000000000000e+01 0.000000000000000000e+00 1.600000000000000089e+00 2.828840000000000243e-01 5.882030000000000314e-01 7.576230000000000464e-01 -6.908159999999999856e-01 -4.230229999999999824e-01 5.863660000000000538e-01 6.653940000000000410e-01 -6.892519999999999758e-01 2.866739999999999844e-01
6.000000000000000000e+00 4.600000000000000000e+01 3.500000000000000000e+01 0.000000000000000000e+00 1.600000000000000089e+00 -1.186999999999999904e-03 -7.675000000000000398e-03 -9.999700000000000255e-01 3.892149999999999777e-01 -9.211230000000000251e-01 6.608000000000000158e-03 -9.211460000000000203e-01 -3.891959999999999864e-01 4.081000000000000426e-03
1.100000000000000000e+01 4.600000000000000000e+01 3.500000000000000000e+01 0.000000000000000000e+00 1.600000000000000089e+00 4.970000000000000459e-04 -4.603999999999999586e-03 -9.999890000000000168e-01 3.898960000000000203e-01 -9.208479999999999999e-01 4.433000000000000308e-03 -9.208589999999999831e-01 -3.898940000000000183e-01 1.337999999999999997e-03
1.600000000000000000e+01 4.600000000000000000e+01 3.500000000000000000e+01 0.000000000000000000e+00 1.600000000000000089e+00 3.794000000000000063e-03 4.412000000000000123e-03 -9.999829999999999552e-01 3.886310000000000042e-01 -9.213900000000000423e-01 -2.590999999999999987e-03 -9.213860000000000383e-01 -3.886140000000000150e-01 -5.210000000000000221e-03
2.000000000000000000e+01 4.600000000000000000e+01 3.500000000000000000e+01 0.000000000000000000e+00 1.600000000000000089e+00 -1.090000000000000040e-03 1.110099999999999976e-02 -9.999379999999999935e-01 3.870020000000000127e-01 -9.220169999999999755e-01 -1.065800000000000081e-02 -9.220779999999999532e-01 -3.869900000000000007e-01 -3.291000000000000088e-03
2.600000000000000000e+01 4.600000000000000000e+01 3.500000000000000000e+01 0.000000000000000000e+00 1.600000000000000089e+00 -5.999999999999999474e-04 4.001000000000000216e-03 -9.999919999999999920e-01 3.887570000000000192e-01 -9.213320000000000398e-01 -3.918999999999999741e-03 -9.213400000000000478e-01 -3.887559999999999905e-01 -1.002999999999999985e-03
4.000000000000000000e+00 1.100000000000000000e+01 3.600000000000000000e+01 0.000000000000000000e+00 1.600000000000000089e+00 1.992170000000000052e-01 -9.062069999999999848e-01 -3.729640000000000177e-01 -7.304979999999999807e-01 1.163639999999999952e-01 -6.729279999999999706e-01 6.532120000000000148e-01 4.065079999999999805e-01 -6.388000000000000345e-01
1.300000000000000000e+01 2.200000000000000000e+01 3.600000000000000000e+01 0.000000000000000000e+00 1.600000000000000089e+00 -1.944430000000000047e-01 -7.411809999999999787e-01 6.425279999999999880e-01 7.282260000000000399e-01 3.297709999999999808e-01 6.007810000000000095e-01 -6.571749999999999536e-01 5.847229999999999928e-01 4.756250000000000200e-01
3.000000000000000000e+00 2.700000000000000000e+01 3.600000000000000000e+01 0.000000000000000000e+00 1.600000000000000089e+00 3.259480000000000155e-01 4.320030000000000259e-01 8.409109999999999641e-01 -7.137630000000000363e-01 -4.708120000000000083e-01 5.185349999999999682e-01 6.199200000000000266e-01 -7.692259999999999653e-01 1.548869999999999969e-01
2.600000000000000000e+01 9.500000000000000000e+01 3.600000000000000000e+01 0.000000000000000000e+00 1.600000000000000089e+00 -6.123900000000000177e-02 4.806300000000000155e-02 9.969649999999999901e-01 9.956159999999999455e-01 7.369199999999999362e-02 5.760400000000000242e-02 -7.069999999999999896e-02 9.961219999999999519e-01 -5.236500000000000182e-02
2.000000000000000000e+00 1.100000000000000000e+01 3.700000000000000000e+01 0.000000000000000000e+00 1.600000000000000089e+00 1.578070000000000028e-01 -9.264149999999999885e-01 -3.418359999999999732e-01 -7.254880000000000217e-01 1.260729999999999906e-01 -6.765889999999999960e-01 6.698990000000000222e-01 3.547690000000000010e-01 -6.522080000000000100e-01
5.000000000000000000e+00 1.200000000000000000e+01 3.700000000000000000e+01 0.000000000000000000e+00 1.600000000000000089e+00 1.814709999999999934e-01 -9.246680000000000454e-01 -3.347499999999999920e-01 -7.391360000000000152e-01 9.627800000000000247e-02 -6.666389999999999816e-01 6.486490000000000311e-01 3.684020000000000072e-01 -6.659840000000000204e-01
1.400000000000000000e+01 2.300000000000000000e+01 3.700000000000000000e+01 0.000000000000000000e+00 1.600000000000000089e+00 -1.884069999999999911e-01 -7.533180000000000431e-01 6.300909999999999567e-01 7.255270000000000330e-01 3.256430000000000158e-01 6.062739999999999796e-01 -6.619019999999999904e-01 5.713740000000000485e-01 4.851989999999999914e-01
1.200000000000000000e+01 1.500000000000000000e+01 3.800000000000000000e+01 0.000000000000000000e+00 1.600000000000000089e+00 2.072549999999999948e-01 3.880000000000000115e-01 8.980540000000000189e-01 -7.853799999999999670e-01 -4.813430000000000208e-01 3.892140000000000044e-01 5.832869999999999999e-01 -7.859810000000000407e-01 2.049660000000000093e-01
7.000000000000000000e+00 3.600000000000000000e+01 3.800000000000000000e+01 0.000000000000000000e+00 1.600000000000000089e+00 -3.642320000000000002e-01 8.087300000000000044e-02 9.277900000000000036e-01 9.082829999999999515e-01 2.510029999999999761e-01 3.346939999999999915e-01 -2.058099999999999929e-01 9.646019999999999595e-01 -1.648789999999999978e-01
9.000000000000000000e+00 3.700000000000000000e+01 3.800000000000000000e+01 0.000000000000000000e+00 1.600000000000000089e+00 -2.916440000000000143e-01 -1.117400000000000060e-01 9.499779999999999891e-01 7.984109999999999818e-01 5.184999999999999609e-01 3.061010000000000120e-01 -5.267669999999999852e-01 8.477449999999999708e-01 -6.200300000000000256e-02
1.900000000000000000e+01 3.700000000000000000e+01 3.800000000000000000e+01 0.000000000000000000e+00 1.600000000000000089e+00 4.677100000000000007e-02 -8.477000000000000160e-03 9.988700000000000356e-01 6.524759999999999449e-01 7.574260000000000437e-01 -2.412299999999999861e-02 -7.563649999999999540e-01 6.528659999999999464e-01 4.095700000000000035e-02
1.300000000000000000e+01 3.800000000000000000e+01 3.800000000000000000e+01 0.000000000000000000e+00 1.600000000000000089e+00 -1.326499999999999901e-01 -1.730220000000000091e-01 9.759440000000000337e-01 6.914940000000000531e-01 6.892740000000000533e-01 2.161869999999999903e-01 -7.100980000000000070e-01 7.035369999999999679e-01 2.821200000000000097e-02
4.000000000000000000e+00 1.400000000000000000e+01 3.900000000000000000e+01 0.000000000000000000e+00 1.600000000000000089e+00 1.407879999999999965e-01 -8.766209999999999836e-01 -4.601250000000000062e-01 -7.194899999999999629e-01 2.286580000000000001e-01 -6.557819999999999760e-01 6.800829999999999931e-01 4.233810000000000073e-01 -5.985279999999999490e-01
1.700000000000000000e+01 2.600000000000000000e+01 3.900000000000000000e+01 0.000000000000000000e+00 1.600000000000000089e+00 -1.540110000000000090e-01 -7.626260000000000261e-01 6.282370000000000454e-01 7.139210000000000278e-01 3.536730000000000151e-01 6.043450000000000211e-01 -6.830800000000000205e-01 5.415879999999999583e-01 4.899850000000000039e-01
1.000000000000000000e+01 3.800000000000000000e+01 3.900000000000000000e+01 0.000000000000000000e+00 1.600000000000000089e+00 -2.787040000000000073e-01 -1.915350000000000108e-01 9.410840000000000316e-01 7.806039999999999646e-01 5.256469999999999754e-01 3.381609999999999894e-01 -5.594479999999999453e-01 8.288600000000000412e-01 3.013000000000000053e-03
1.300000000000000000e+01 3.900000000000000000e+01 3.900000000000000000e+01 0.000000000000000000e+00 1.600000000000000089e+00 -1.715830000000000133e-01 -2.644659999999999789e-01 9.490089999999999915e-01 7.239200000000000079e-01 6.195220000000000171e-01 3.035320000000000240e-01 -6.682059999999999667e-01 7.390870000000000495e-01 8.515300000000000646e-02
1.800000000000000000e+01 2.700000000000000000e+01 4.000000000000000000e+01 0.000000000000000000e+00 1.600000000000000089e+00 -1.426370000000000138e-01 -7.939070000000000293e-01 5.910729999999999595e-01 7.118459999999999788e-01 3.326379999999999892e-01 6.185680000000000067e-01 -6.876989999999999492e-01 5.089829999999999632e-01 5.176929999999999588e-01
1.000000000000000000e+01 6.100000000000000000e+01 4.000000000000000000e+01 0.000000000000000000e+00 1.600000000000000089e+00 2.664800000000000155e-02 -5.425950000000000495e-01 -8.395719999999999850e-01 3.524829999999999908e-01 -7.808260000000000201e-01 5.158169999999999700e-01 -9.354390000000000205e-01 -3.096809999999999841e-01 1.704479999999999884e-01
6.000000000000000000e+00 3.000000000000000000e+00 4.300000000000000000e+01 0.000000000000000000e+00 1.600000000000000089e+00 8.743000000000000771e-03 2.790499999999999925e-02 -9.995720000000000161e-01 7.370729999999999782e-01 -6.756990000000000496e-01 -1.241599999999999995e-02 -6.757560000000000233e-01 -7.366500000000000270e-01 -2.647599999999999953e-02
2.200000000000000000e+01 3.000000000000000000e+00 4.300000000000000000e+01 0.000000000000000000e+00 1.600000000000000089e+00 4.260000000000000006e-04 2.755000000000000070e-03 -9.999959999999999960e-01 7.439710000000000489e-01 -6.682099999999999707e-01 -1.523999999999999964e-03 -6.682109999999999994e-01 -7.439679999999999627e-01 -2.334000000000000137e-03
1.400000000000000000e+01 2.200000000000000000e+01 4.500000000000000000e+01 0.000000000000000000e+00 1.600000000000000089e+00 1.468669999999999976e-01 -7.834199999999999497e-02 -9.860489999999999533e-01 -4.684079999999999910e-01 8.724960000000000493e-01 -1.390879999999999894e-01 8.712199999999999944e-01 4.823009999999999797e-01 9.144499999999999851e-02
2.100000000000000000e+01 2.400000000000000000e+01 4.500000000000000000e+01 0.000000000000000000e+00 1.600000000000000089e+00 1.229100000000000054e-01 -3.021490000000000009e-01 -9.453040000000000331e-01 -5.978109999999999813e-01 7.377749999999999586e-01 -3.135450000000000181e-01 7.921589999999999465e-01 6.036510000000000487e-01 -8.994800000000000018e-02
1.000000000000000000e+01 2.200000000000000000e+01 4.600000000000000000e+01 0.000000000000000000e+00 1.600000000000000089e+00 6.908999999999999864e-02 -1.822199999999999862e-02 -9.974439999999999973e-01 -2.188319999999999987e-01 9.752049999999999885e-01 -3.297300000000000231e-02 9.733140000000000125e-01 2.205499999999999960e-01 6.339000000000000190e-02
1.800000000000000000e+01 6.500000000000000000e+01 4.600000000000000000e+01 0.000000000000000000e+00 1.600000000000000089e+00 -7.267000000000000022e-03 -1.538339999999999985e-01 9.880700000000000038e-01 6.616689999999999516e-01 -7.415950000000000042e-01 -1.105929999999999969e-01 7.497610000000000108e-01 6.529719999999999969e-01 1.071759999999999935e-01
1.200000000000000000e+01 5.300000000000000000e+01 4.900000000000000000e+01 0.000000000000000000e+00 1.600000000000000089e+00 -4.821630000000000082e-01 2.442840000000000011e-01 8.413350000000000550e-01 -8.670060000000000544e-01 4.819999999999999632e-03 -4.982750000000000234e-01 -1.257759999999999989e-01 -9.696919999999999984e-01 2.094719999999999915e-01
2.800000000000000000e+01 6.100000000000000000e+01 4.900000000000000000e+01 0.000000000000000000e+00 1.600000000000000089e+00 -3.151999999999999854e-03 -4.072089999999999876e-01 -9.133289999999999464e-01 -6.734580000000000011e-01 -6.742930000000000312e-01 3.029589999999999783e-01 -7.392189999999999594e-01 6.160430000000000073e-01 -2.721129999999999938e-01
2.000000000000000000e+01 4.500000000000000000e+01 5.000000000000000000e+01 0.000000000000000000e+00 1.600000000000000089e+00 -2.336600000000000066e-01 6.443719999999999448e-01 7.281400000000000095e-01 5.328030000000000266e-01 7.112810000000000521e-01 -4.584759999999999946e-01 -8.133409999999999807e-01 2.808280000000000221e-01 -5.095210000000000017e-01
2.500000000000000000e+01 4.800000000000000000e+01 5.100000000000000000e+01 0.000000000000000000e+00 1.600000000000000089e+00 1.552599999999999987e-02 -9.431680000000000064e-01 3.319540000000000268e-01 6.286599999999999966e-01 2.673730000000000273e-01 7.302729999999999499e-01 -7.775260000000000504e-01 1.973469999999999946e-01 5.970830000000000304e-01
1.200000000000000000e+01 7.000000000000000000e+00 5.200000000000000000e+01 0.000000000000000000e+00 1.600000000000000089e+00 7.182000000000000016e-03 4.785000000000000191e-03 -9.999630000000000463e-01 8.688500000000000389e-02 -9.962100000000000399e-01 -4.142999999999999981e-03 -9.961919999999999664e-01 -8.685199999999999865e-02 -7.570000000000000340e-03
1.600000000000000000e+01 7.000000000000000000e+00 5.200000000000000000e+01 0.000000000000000000e+00 1.600000000000000089e+00 4.797000000000000049e-03 8.639000000000000845e-03 -9.999510000000000343e-01 7.290599999999999858e-02 -9.973049999999999971e-01 -8.267000000000000043e-03 -9.973269999999999635e-01 -7.286299999999999721e-02 -5.414000000000000409e-03
2.600000000000000000e+01 4.900000000000000000e+01 5.200000000000000000e+01 0.000000000000000000e+00 1.600000000000000089e+00 -2.958500000000000019e-02 -9.577520000000000477e-01 2.860690000000000177e-01 6.394720000000000404e-01 2.018280000000000074e-01 7.418500000000000094e-01 -7.682449999999999557e-01 2.048800000000000066e-01 6.064840000000000231e-01
3.000000000000000000e+01 5.800000000000000000e+01 5.200000000000000000e+01 0.000000000000000000e+00 1.600000000000000089e+00 -6.814099999999999324e-02 -9.028329999999999966e-01 -4.245570000000000177e-01 -6.707649999999999446e-01 -2.735540000000000194e-01 6.893780000000000463e-01 -7.385329999999999950e-01 3.317530000000000201e-01 -5.869490000000000540e-01
1.900000000000000000e+01 6.300000000000000000e+01 5.200000000000000000e+01 0.000000000000000000e+00 1.600000000000000089e+00 -3.906199999999999950e-02 2.086800000000000044e-01 -9.772030000000000438e-01 4.692779999999999729e-01 8.672239999999999949e-01 1.664360000000000006e-01 8.821860000000000257e-01 -4.520790000000000086e-01 -1.318050000000000055e-01
2.600000000000000000e+01 5.000000000000000000e+01 5.300000000000000000e+01 0.000000000000000000e+00 1.600000000000000089e+00 -8.718599999999999961e-02 -9.568320000000000158e-01 2.772569999999999757e-01 6.297329999999999872e-01 1.627190000000000025e-01 7.595779999999999754e-01 -7.719030000000000058e-01 2.408220000000000083e-01 5.883620000000000516e-01
1.600000000000000000e+01 1.400000000000000000e+01 5.400000000000000000e+01 0.000000000000000000e+00 1.600000000000000089e+00 -4.902000000000000107e-03 -7.550000000000000287e-04 -9.999879999999999880e-01 5.804979999999999585e-01 8.142540000000000333e-01 -3.459999999999999968e-03 8.142470000000000541e-01 -5.805080000000000240e-01 -3.553000000000000169e-03
1.700000000000000000e+01 7.200000000000000000e+01 5.400000000000000000e+01 0.000000000000000000e+00 1.600000000000000089e+00 -9.135450000000000514e-01 2.407590000000000008e-01 3.278260000000000063e-01 -2.850969999999999893e-01 -9.538849999999999829e-01 -9.392899999999999860e-02 2.900940000000000185e-01 -1.792710000000000137e-01 9.400570000000000315e-01
1.900000000000000000e+01 2.600000000000000000e+01 5.500000000000000000e+01 0.000000000000000000e+00 1.600000000000000089e+00 1.346499999999999954e-02 1.855800000000000158e-02 -9.997369999999999868e-01 -1.031480000000000036e-01 9.945199999999999596e-01 1.707200000000000037e-02 9.945749999999999869e-01 1.028909999999999964e-01 1.530499999999999916e-02
2.100000000000000000e+01 2.600000000000000000e+01 5.500000000000000000e+01 0.000000000000000000e+00 1.600000000000000089e+00 2.502000000000000057e-02 2.332299999999999998e-02 -9.994150000000000533e-01 -1.083839999999999942e-01 9.938979999999999482e-01 2.048099999999999921e-02 9.937939999999999552e-01 1.078080000000000011e-01 2.739499999999999921e-02
2.500000000000000000e+01 4.200000000000000000e+01 5.800000000000000000e+01 0.000000000000000000e+00 1.600000000000000089e+00 -5.166589999999999794e-01 -4.659670000000000201e-01 7.182889999999999553e-01 -3.904900000000000038e-02 -8.252380000000000271e-01 -5.634339999999999904e-01 8.552999999999999492e-01 -3.191510000000000180e-01 4.081710000000000060e-01
1.300000000000000000e+01 5.500000000000000000e+01 5.800000000000000000e+01 0.000000000000000000e+00 1.600000000000000089e+00 7.554100000000000259e-01 4.310220000000000162e-01 -4.935329999999999995e-01 6.012629999999999919e-01 -7.553530000000000522e-01 2.606240000000000223e-01 -2.604569999999999941e-01 -4.936209999999999765e-01 -8.297590000000000243e-01
1.900000000000000000e+01 6.500000000000000000e+01 5.800000000000000000e+01 0.000000000000000000e+00 1.600000000000000089e+00 -5.580990000000000117e-01 -8.221669999999999812e-01 1.121049999999999963e-01 1.118669999999999942e-01 -2.084199999999999942e-01 -9.716209999999999569e-01 8.221990000000000132e-01 -5.297199999999999687e-01 2.082920000000000049e-01
2.300000000000000000e+01 2.000000000000000000e+01 6.000000000000000000e+01 0.000000000000000000e+00 1.600000000000000089e+00 2.620000000000000258e-04 5.178000000000000311e-03 9.999869999999999592e-01 -6.356599999999999751e-02 9.979639999999999622e-01 -5.151000000000000197e-03 -9.979780000000000317e-01 -6.356399999999999550e-02 5.910000000000000539e-04
5.000000000000000000e+00 2.100000000000000000e+01 6.000000000000000000e+01 0.000000000000000000e+00 1.600000000000000089e+00 3.040000000000000167e-03 -1.142999999999999919e-03 9.999949999999999672e-01 -9.851300000000000334e-02 9.951349999999999918e-01 1.436999999999999909e-03 -9.951309999999999878e-01 -9.851600000000000634e-02 2.912000000000000092e-03
1.600000000000000000e+01 2.100000000000000000e+01 6.000000000000000000e+01 0.000000000000000000e+00 1.600000000000000089e+00 -2.380000000000000171e-03 7.072000000000000161e-03 9.999719999999999720e-01 -9.936899999999999900e-02 9.950240000000000196e-01 -7.272999999999999951e-03 -9.950480000000000436e-01 -9.938400000000000012e-02 -1.665000000000000030e-03
2.600000000000000000e+01 2.100000000000000000e+01 6.000000000000000000e+01 0.000000000000000000e+00 1.600000000000000089e+00 -1.286000000000000034e-03 -8.000000000000000654e-05 9.999989999999999712e-01 -9.748099999999999821e-02 9.952370000000000383e-01 -4.600000000000000004e-05 -9.952370000000000383e-01 -9.748099999999999821e-02 -1.286999999999999950e-03
2.200000000000000000e+01 5.600000000000000000e+01 6.000000000000000000e+01 0.000000000000000000e+00 1.600000000000000089e+00 8.097100000000000408e-01 -4.675139999999999851e-01 -3.546839999999999993e-01 -5.226290000000000102e-01 -8.493840000000000279e-01 -7.352799999999999614e-02 -2.668880000000000141e-01 2.449040000000000106e-01 -9.320910000000000029e-01
