6.000000000000000000e+00 2.500000000000000000e+01 1.000000000000000000e+00 0.000000000000000000e+00 1.600000000000000089e+00 1.874999999999999931e-03 5.518999999999999601e-03 -9.999829999999999552e-01 -5.300139999999999851e-01 -8.479700000000000015e-01 -5.674000000000000224e-03 -8.479870000000000463e-01 5.300150000000000139e-01 1.335000000000000032e-03
1.300000000000000000e+01 2.500000000000000000e+01 1.000000000000000000e+00 0.000000000000000000e+00 1.600000000000000089e+00 2.694999999999999913e-03 -6.741999999999999729e-03 -9.999740000000000295e-01 -5.352329999999999588e-01 -8.446939999999999449e-01 4.251999999999999703e-03 -8.447000000000000064e-01 5.352069999999999883e-01 -5.884999999999999606e-03
1.700000000000000000e+01 2.500000000000000000e+01 1.000000000000000000e+00 0.000000000000000000e+00 1.600000000000000089e+00 2.948999999999999799e-03 -1.804999999999999964e-03 -9.999940000000000495e-01 -5.371569999999999956e-01 -8.434819999999999540e-01 -6.099999999999999872e-05 -8.434770000000000323e-01 5.371540000000000203e-01 -3.457000000000000003e-03
4.000000000000000000e+00 1.500000000000000000e+01 4.000000000000000000e+00 0.000000000000000000e+00 1.600000000000000089e+00 2.249000000000000131e-03 1.660999999999999933e-03 9.999959999999999960e-01 3.033739999999999770e-01 -9.528710000000000235e-01 8.999999999999999754e-04 9.528689999999999660e-01 3.033699999999999730e-01 -2.647000000000000047e-03
1.900000000000000000e+01 1.500000000000000000e+01 4.000000000000000000e+00 0.000000000000000000e+00 1.600000000000000089e+00 -1.090000000000000067e-04 1.474899999999999996e-02 9.998909999999999743e-01 2.921940000000000093e-01 -9.562549999999999661e-01 1.413700000000000026e-02 9.563589999999999591e-01 2.921630000000000060e-01 -4.205000000000000404e-03
2.200000000000000000e+01 1.500000000000000000e+01 4.000000000000000000e+00 0.000000000000000000e+00 1.600000000000000089e+00 -1.579000000000000108e-03 1.398600000000000017e-02 9.999010000000000398e-01 2.933749999999999969e-01 -9.558969999999999967e-01 1.383299999999999981e-02 9.559959999999999569e-01 2.933669999999999889e-01 -2.592999999999999819e-03
5.000000000000000000e+00 1.010000000000000000e+02 7.000000000000000000e+00 0.000000000000000000e+00 1.600000000000000089e+00 -5.490000000000000088e-04 -8.557999999999999635e-03 9.999630000000000463e-01 8.873609999999999554e-01 4.610529999999999906e-01 4.433000000000000308e-03 -4.610739999999999839e-01 8.873309999999999809e-01 7.341000000000000303e-03
9.000000000000000000e+00 1.010000000000000000e+02 7.000000000000000000e+00 0.000000000000000000e+00 1.600000000000000089e+00 -2.632999999999999924e-03 -2.086999999999999880e-03 9.999940000000000495e-01 8.888369999999999882e-01 4.582109999999999794e-01 3.295999999999999885e-03 -4.582160000000000122e-01 8.888409999999999922e-01 6.480000000000000300e-04
2.000000000000000000e+01 1.010000000000000000e+02 7.000000000000000000e+00 0.000000000000000000e+00 1.600000000000000089e+00 8.850000000000000444e-04 2.406999999999999851e-03 9.999970000000000248e-01 8.834950000000000303e-01 4.684360000000000190e-01 -1.910000000000000022e-03 -4.684389999999999943e-01 8.834940000000000015e-01 -1.711999999999999980e-03
2.600000000000000000e+01 1.010000000000000000e+02 7.000000000000000000e+00 0.000000000000000000e+00 1.600000000000000089e+00 -1.827999999999999981e-03 -1.554999999999999959e-03 9.999970000000000248e-01 8.830599999999999561e-01 4.692549999999999777e-01 2.344000000000000163e-03 -4.692580000000000084e-01 8.830609999999999848e-01 5.150000000000000498e-04
2.000000000000000000e+01 1.500000000000000000e+01 8.000000000000000000e+00 0.000000000000000000e+00 1.600000000000000089e+00 4.640000000000000027e-03 1.342499999999999943e-02 -9.998989999999999823e-01 -5.906029999999999891e-01 -8.068480000000000096e-01 -1.357399999999999926e-02 -8.069490000000000274e-01 5.906059999999999643e-01 4.185000000000000352e-03
2.300000000000000000e+01 1.500000000000000000e+01 8.000000000000000000e+00 0.000000000000000000e+00 1.600000000000000089e+00 4.125000000000000194e-03 9.527000000000000746e-03 -9.999460000000000015e-01 -5.885789999999999633e-01 -8.083759999999999835e-01 -1.012900000000000085e-02 -8.084289999999999532e-01 5.885899999999999466e-01 2.272999999999999847e-03
2.900000000000000000e+01 1.500000000000000000e+01 8.000000000000000000e+00 0.000000000000000000e+00 1.600000000000000089e+00 2.503000000000000017e-03 -3.887999999999999963e-03 -9.999890000000000168e-01 -5.886109999999999953e-01 -8.084149999999999947e-01 1.670000000000000043e-03 -8.084130000000000482e-01 5.886000000000000121e-01 -4.311999999999999861e-03
2.000000000000000000e+00 2.400000000000000000e+01 9.000000000000000000e+00 0.000000000000000000e+00 1.600000000000000089e+00 -1.513000000000000022e-03 -1.109199999999999943e-02 -9.999369999999999647e-01 4.548539999999999806e-01 8.905030000000000445e-01 -1.056700000000000000e-02 8.905650000000000510e-01 -4.548420000000000241e-01 3.697999999999999898e-03
8.000000000000000000e+00 2.400000000000000000e+01 9.000000000000000000e+00 0.000000000000000000e+00 1.600000000000000089e+00 -2.237999999999999972e-03 -9.298000000000000709e-03 -9.999540000000000095e-01 4.556479999999999975e-01 8.901109999999999856e-01 -9.296000000000000443e-03 8.901569999999999760e-01 -4.556479999999999975e-01 2.245000000000000034e-03
1.700000000000000000e+01 2.400000000000000000e+01 9.000000000000000000e+00 0.000000000000000000e+00 1.600000000000000089e+00 -3.657000000000000094e-03 -7.068999999999999763e-03 -9.999679999999999680e-01 4.598539999999999850e-01 8.879590000000000538e-01 -7.959000000000000796e-03 8.879869999999999708e-01 -4.598690000000000278e-01 3.999999999999999819e-06
2.700000000000000000e+01 2.400000000000000000e+01 9.000000000000000000e+00 0.000000000000000000e+00 1.600000000000000089e+00 -1.237000000000000035e-03 3.877999999999999937e-03 -9.999919999999999920e-01 4.596169999999999978e-01 8.881130000000000413e-01 2.874999999999999951e-03 8.881160000000000165e-01 -4.596100000000000185e-01 -2.880999999999999880e-03
1.600000000000000000e+01 1.040000000000000000e+02 1.100000000000000000e+01 0.000000000000000000e+00 1.600000000000000089e+00 2.194000000000000204e-03 -1.079100000000000024e-02 9.999390000000000223e-01 -9.746979999999999533e-01 -2.235240000000000005e-01 -2.739999999999999923e-04 2.235139999999999905e-01 -9.746390000000000331e-01 -1.100800000000000042e-02
2.000000000000000000e+00 3.100000000000000000e+01 1.200000000000000000e+01 0.000000000000000000e+00 1.600000000000000089e+00 2.046000000000000076e-03 -3.717999999999999951e-03 9.999909999999999632e-01 7.047000000000000312e-03 9.999679999999999680e-01 3.703000000000000128e-03 -9.999730000000000008e-01 7.040000000000000251e-03 2.072000000000000057e-03
9.000000000000000000e+00 3.100000000000000000e+01 1.200000000000000000e+01 0.000000000000000000e+00 1.600000000000000089e+00 1.087000000000000076e-03 -4.197000000000000210e-03 9.999909999999999632e-01 4.677999999999999867e-03 9.999799999999999800e-01 4.192000000000000413e-03 -9.999879999999999880e-01 4.673000000000000070e-03 1.106999999999999911e-03
1.500000000000000000e+01 3.100000000000000000e+01 1.200000000000000000e+01 0.000000000000000000e+00 1.600000000000000089e+00 -5.479999999999999845e-04 -6.131000000000000165e-03 9.999810000000000088e-01 2.284000000000000006e-03 9.999789999999999512e-01 6.132000000000000298e-03 -9.999970000000000248e-01 2.286999999999999970e-03 -5.339999999999999695e-04
2.000000000000000000e+00 1.200000000000000000e+01 1.500000000000000000e+01 0.000000000000000000e+00 1.600000000000000089e+00 -1.005999999999999950e-03 2.184000000000000177e-03 -9.999970000000000248e-01 -4.674280000000000102e-01 -8.840299999999999825e-01 -1.459999999999999926e-03 -8.840310000000000112e-01 4.674249999999999794e-01 1.910000000000000022e-03
1.200000000000000000e+01 1.200000000000000000e+01 1.500000000000000000e+01 0.000000000000000000e+00 1.600000000000000089e+00 3.530000000000000152e-04 4.699999999999999859e-04 -1.000000000000000000e+00 -4.676660000000000261e-01 -8.839050000000000518e-01 -5.810000000000000277e-04 -8.839050000000000518e-01 4.676660000000000261e-01 -9.299999999999999727e-05
2.100000000000000000e+01 1.200000000000000000e+01 1.500000000000000000e+01 0.000000000000000000e+00 1.600000000000000089e+00 1.918000000000000000e-03 2.286999999999999970e-03 -9.999959999999999960e-01 -4.675079999999999791e-01 -8.839839999999999920e-01 -2.918000000000000021e-03 -8.839869999999999672e-01 4.675119999999999831e-01 -6.260000000000000373e-04
2.900000000000000000e+01 1.200000000000000000e+01 1.500000000000000000e+01 0.000000000000000000e+00 1.600000000000000089e+00 1.428000000000000016e-03 1.900000000000000105e-04 -9.999989999999999712e-01 -4.681199999999999806e-01 -8.836650000000000338e-01 -8.360000000000000460e-04 -8.836640000000000050e-01 4.681210000000000093e-01 -1.172999999999999998e-03
1.000000000000000000e+00 1.100000000000000000e+01 1.600000000000000000e+01 0.000000000000000000e+00 1.600000000000000089e+00 -1.154000000000000078e-03 1.459999999999999926e-03 -9.999980000000000535e-01 -4.170050000000000145e-01 -9.089040000000000452e-01 -8.459999999999999638e-04 -9.089040000000000452e-01 4.170030000000000125e-01 1.657999999999999969e-03
5.000000000000000000e+00 1.100000000000000000e+01 1.600000000000000000e+01 0.000000000000000000e+00 1.600000000000000089e+00 -1.123999999999999999e-03 3.939999999999999926e-03 -9.999919999999999920e-01 -4.177350000000000230e-01 -9.085630000000000095e-01 -3.109999999999999917e-03 -9.085680000000000422e-01 4.177279999999999882e-01 2.667999999999999799e-03
2.900000000000000000e+01 1.100000000000000000e+01 1.600000000000000000e+01 0.000000000000000000e+00 1.600000000000000089e+00 8.850000000000000444e-04 7.749999999999999728e-04 -9.999989999999999712e-01 -4.202960000000000029e-01 -9.073870000000000546e-01 -1.075000000000000001e-03 -9.073870000000000546e-01 4.202960000000000029e-01 -4.769999999999999934e-04
3.000000000000000000e+00 1.160000000000000000e+02 1.600000000000000000e+01 0.000000000000000000e+00 1.600000000000000089e+00 1.262000000000000101e-03 2.399000000000000091e-03 9.999959999999999960e-01 7.051190000000000513e-01 7.090840000000000476e-01 -2.590999999999999987e-03 -7.090880000000000516e-01 7.051199999999999690e-01 -7.969999999999999654e-04
1.600000000000000000e+01 1.160000000000000000e+02 1.600000000000000000e+01 0.000000000000000000e+00 1.600000000000000089e+00 -1.667999999999999995e-03 -1.098999999999999934e-03 9.999980000000000535e-01 7.044719999999999871e-01 7.097290000000000543e-01 1.955000000000000140e-03 -7.097290000000000543e-01 7.044740000000000446e-01 -4.099999999999999912e-04
2.100000000000000000e+01 1.160000000000000000e+02 1.600000000000000000e+01 0.000000000000000000e+00 1.600000000000000089e+00 4.760000000000000234e-04 -2.229999999999999994e-04 1.000000000000000000e+00 7.087689999999999824e-01 7.054409999999999847e-01 -1.800000000000000113e-04 -7.054409999999999847e-01 7.087689999999999824e-01 4.939999999999999730e-04
2.600000000000000000e+01 1.160000000000000000e+02 1.600000000000000000e+01 0.000000000000000000e+00 1.600000000000000089e+00 1.696999999999999941e-03 6.369999999999999794e-04 9.999980000000000535e-01 7.064009999999999456e-01 7.078100000000000502e-01 -1.649999999999999991e-03 -7.078090000000000215e-01 7.064030000000000031e-01 7.510000000000000399e-04
3.000000000000000000e+01 1.160000000000000000e+02 1.600000000000000000e+01 0.000000000000000000e+00 1.600000000000000089e+00 -2.132999999999999913e-03 -1.990000000000000015e-03 9.999959999999999960e-01 7.030260000000000398e-01 7.111579999999999568e-01 2.913999999999999924e-03 -7.111610000000000431e-01 7.030290000000000150e-01 -1.179999999999999951e-04
2.000000000000000000e+00 2.000000000000000000e+00 1.900000000000000000e+01 0.000000000000000000e+00 1.600000000000000089e+00 -3.673000000000000050e-03 -2.484000000000000097e-03 -9.999900000000000455e-01 1.824300000000000088e-01 -9.832170000000000076e-01 1.771999999999999921e-03 -9.832119999999999749e-01 -1.824220000000000008e-01 4.065000000000000037e-03
7.000000000000000000e+00 2.000000000000000000e+00 1.900000000000000000e+01 0.000000000000000000e+00 1.600000000000000089e+00 4.180000000000000230e-04 -7.655000000000000346e-03 -9.999710000000000543e-01 1.791059999999999874e-01 -9.838000000000000078e-01 7.605999999999999914e-03 -9.838299999999999823e-01 -1.791030000000000122e-01 9.600000000000000243e-04
2.400000000000000000e+01 2.000000000000000000e+00 1.900000000000000000e+01 0.000000000000000000e+00 1.600000000000000089e+00 7.569999999999999689e-04 -5.228000000000000008e-03 -9.999860000000000415e-01 1.840670000000000084e-01 -9.828999999999999959e-01 5.277999999999999706e-03 -9.829130000000000367e-01 -1.840680000000000094e-01 2.180000000000000134e-04
2.800000000000000000e+01 2.000000000000000000e+00 1.900000000000000000e+01 0.000000000000000000e+00 1.600000000000000089e+00 -3.260000000000000094e-04 -5.659999999999999884e-04 -1.000000000000000000e+00 1.802149999999999863e-01 -9.836270000000000291e-01 4.979999999999999618e-04 -9.836270000000000291e-01 -1.802149999999999863e-01 4.229999999999999819e-04
2.000000000000000000e+00 4.000000000000000000e+00 2.000000000000000000e+01 0.000000000000000000e+00 1.600000000000000089e+00 -7.206999999999999865e-03 -1.438999999999999958e-03 -9.999730000000000008e-01 2.728209999999999802e-01 -9.620649999999999480e-01 -5.820000000000000520e-04 -9.620379999999999487e-01 -2.728169999999999762e-01 7.326000000000000047e-03
6.000000000000000000e+00 4.000000000000000000e+00 2.000000000000000000e+01 0.000000000000000000e+00 1.600000000000000089e+00 -2.168999999999999921e-03 -9.856999999999999443e-03 -9.999489999999999768e-01 2.800000000000000266e-01 -9.599590000000000067e-01 8.855999999999999289e-03 -9.599969999999999892e-01 -2.799670000000000214e-01 4.841999999999999950e-03
2.700000000000000000e+01 4.000000000000000000e+00 2.000000000000000000e+01 0.000000000000000000e+00 1.600000000000000089e+00 -5.159999999999999656e-04 -2.745000000000000044e-03 -9.999959999999999960e-01 2.717040000000000011e-01 -9.623779999999999557e-01 2.501000000000000185e-03 -9.623810000000000420e-01 -2.717019999999999991e-01 1.242999999999999964e-03
3.000000000000000000e+00 1.300000000000000000e+01 2.000000000000000000e+01 0.000000000000000000e+00 1.600000000000000089e+00 -4.290000000000000193e-04 1.479999999999999925e-04 1.000000000000000000e+00 2.518920000000000048e-01 9.677550000000000319e-01 -3.499999999999999693e-05 -9.677550000000000319e-01 2.518920000000000048e-01 -4.519999999999999821e-04
1.000000000000000000e+01 1.300000000000000000e+01 2.000000000000000000e+01 0.000000000000000000e+00 1.600000000000000089e+00 -4.739999999999999747e-04 -3.497999999999999807e-03 9.999940000000000495e-01 2.551080000000000014e-01 9.669060000000000432e-01 3.503000000000000037e-03 -9.669130000000000225e-01 2.551080000000000014e-01 4.339999999999999782e-04
1.500000000000000000e+01 1.300000000000000000e+01 2.000000000000000000e+01 0.000000000000000000e+00 1.600000000000000089e+00 -6.059999999999999849e-04 -2.798000000000000140e-03 9.999959999999999960e-01 2.573369999999999824e-01 9.663169999999999815e-01 2.860000000000000129e-03 -9.663209999999999855e-01 2.573380000000000112e-01 1.340000000000000045e-04
2.100000000000000000e+01 1.300000000000000000e+01 2.000000000000000000e+01 0.000000000000000000e+00 1.600000000000000089e+00 7.159999999999999481e-04 2.680000000000000090e-04 1.000000000000000000e+00 2.572519999999999807e-01 9.663439999999999808e-01 -4.429999999999999802e-04 -9.663439999999999808e-01 2.572530000000000094e-01 6.229999999999999644e-04
2.500000000000000000e+01 1.300000000000000000e+01 2.000000000000000000e+01 0.000000000000000000e+00 1.600000000000000089e+00 7.720000000000000083e-04 6.999999999999999387e-05 1.000000000000000000e+00 2.543690000000000118e-01 9.671070000000000499e-01 -2.640000000000000202e-04 -9.671070000000000499e-01 2.543699999999999850e-01 7.290000000000000473e-04
2.800000000000000000e+01 1.300000000000000000e+01 2.000000000000000000e+01 0.000000000000000000e+00 1.600000000000000089e+00 -5.280000000000000405e-04 -1.969999999999999963e-03 9.999980000000000535e-01 2.520330000000000070e-01 9.677160000000000206e-01 2.040000000000000147e-03 -9.677179999999999671e-01 2.520339999999999803e-01 -1.500000000000000038e-05
3.000000000000000000e+00 1.600000000000000000e+01 2.100000000000000000e+01 0.000000000000000000e+00 1.600000000000000089e+00 -1.830000000000000029e-04 2.696000000000000046e-03 9.999959999999999960e-01 2.960050000000000181e-01 9.551830000000000043e-01 -2.520999999999999804e-03 -9.551859999999999795e-01 2.960039999999999893e-01 -9.730000000000000151e-04
1.100000000000000000e+01 1.600000000000000000e+01 2.100000000000000000e+01 0.000000000000000000e+00 1.600000000000000089e+00 -4.699999999999999859e-04 -5.825999999999999582e-03 9.999829999999999552e-01 2.970200000000000062e-01 9.548539999999999806e-01 5.702999999999999736e-03 -9.548710000000000253e-01 2.970180000000000042e-01 1.281999999999999936e-03
1.500000000000000000e+01 1.600000000000000000e+01 2.100000000000000000e+01 0.000000000000000000e+00 1.600000000000000089e+00 -3.390000000000000001e-04 -4.330999999999999781e-03 9.999909999999999632e-01 2.971050000000000080e-01 9.548349999999999893e-01 4.236000000000000182e-03 -9.548450000000000548e-01 2.971030000000000060e-01 9.629999999999999888e-04
1.800000000000000000e+01 1.600000000000000000e+01 2.100000000000000000e+01 0.000000000000000000e+00 1.600000000000000089e+00 -1.600000000000000131e-04 3.179999999999999776e-04 1.000000000000000000e+00 2.974180000000000157e-01 9.547470000000000123e-01 -2.559999999999999884e-04 -9.547470000000000123e-01 2.974180000000000157e-01 -2.480000000000000108e-04
2.400000000000000000e+01 1.600000000000000000e+01 2.100000000000000000e+01 0.000000000000000000e+00 1.600000000000000089e+00 5.130000000000000011e-04 4.531000000000000305e-03 9.999900000000000455e-01 2.986719999999999930e-01 9.543449999999999989e-01 -4.478000000000000209e-03 -9.543559999999999821e-01 2.986710000000000198e-01 -8.639999999999999677e-04
5.000000000000000000e+00 3.000000000000000000e+00 2.500000000000000000e+01 0.000000000000000000e+00 1.600000000000000089e+00 2.691999999999999948e-03 2.815999999999999927e-03 9.999919999999999920e-01 -3.938300000000000134e-02 -9.992199999999999971e-01 2.919999999999999853e-03 9.992210000000000258e-01 -3.939100000000000240e-02 -2.579000000000000129e-03
1.500000000000000000e+01 3.000000000000000000e+00 2.500000000000000000e+01 0.000000000000000000e+00 1.600000000000000089e+00 -7.721999999999999698e-03 -1.320000000000000101e-04 9.999700000000000255e-01 -2.956299999999999900e-02 -9.995629999999999793e-01 -3.600000000000000227e-04 9.995330000000000048e-01 -2.956400000000000000e-02 7.714000000000000370e-03
2.400000000000000000e+01 3.000000000000000000e+00 2.500000000000000000e+01 0.000000000000000000e+00 1.600000000000000089e+00 -8.899999999999999491e-05 1.399999999999999986e-03 9.999989999999999712e-01 -2.567399999999999891e-02 -9.996690000000000298e-01 1.397999999999999937e-03 9.996699999999999475e-01 -2.567399999999999891e-02 1.250000000000000026e-04
2.700000000000000000e+01 3.000000000000000000e+00 2.500000000000000000e+01 0.000000000000000000e+00 1.600000000000000089e+00 3.484999999999999817e-03 5.793000000000000406e-03 9.999770000000000048e-01 -2.332400000000000098e-02 -9.997110000000000163e-01 5.871999999999999616e-03 9.997219999999999995e-01 -2.334400000000000017e-02 -3.348999999999999980e-03
4.000000000000000000e+00 4.600000000000000000e+01 2.700000000000000000e+01 0.000000000000000000e+00 1.600000000000000089e+00 2.533000000000000095e-03 2.113999999999999994e-03 -9.999949999999999672e-01 6.610740000000000505e-01 7.503140000000000365e-01 3.259999999999999877e-03 7.503170000000000117e-01 -6.610780000000000545e-01 5.029999999999999749e-04
1.200000000000000000e+01 4.600000000000000000e+01 2.700000000000000000e+01 0.000000000000000000e+00 1.600000000000000089e+00 -2.157000000000000063e-03 -3.036000000000000070e-03 -9.999930000000000208e-01 6.610120000000000440e-01 7.503659999999999775e-01 -3.703999999999999827e-03 7.503720000000000390e-01 -6.610160000000000480e-01 3.879999999999999985e-04
2.100000000000000000e+01 4.600000000000000000e+01 2.700000000000000000e+01 0.000000000000000000e+00 1.600000000000000089e+00 -5.529999999999999976e-04 1.910000000000000077e-04 -1.000000000000000000e+00 6.649810000000000443e-01 7.468609999999999971e-01 -2.249999999999999938e-04 7.468599999999999683e-01 -6.649810000000000443e-01 -5.400000000000000069e-04
2.600000000000000000e+01 4.600000000000000000e+01 2.700000000000000000e+01 0.000000000000000000e+00 1.600000000000000089e+00 2.641000000000000118e-03 2.320000000000000014e-04 -9.999959999999999960e-01 6.621939999999999493e-01 7.493300000000000516e-01 1.922000000000000097e-03 7.493279999999999941e-01 -6.621970000000000356e-01 1.825000000000000016e-03
3.000000000000000000e+00 5.800000000000000000e+01 3.100000000000000000e+01 0.000000000000000000e+00 1.600000000000000089e+00 2.638000000000000154e-03 -1.155999999999999910e-03 9.999959999999999960e-01 -7.926189999999999625e-01 -6.097160000000000357e-01 1.386000000000000079e-03 6.097120000000000317e-01 -7.926189999999999625e-01 -2.524999999999999901e-03
7.000000000000000000e+00 5.800000000000000000e+01 3.100000000000000000e+01 0.000000000000000000e+00 1.600000000000000089e+00 1.533999999999999990e-03 5.069999999999999637e-04 9.999989999999999712e-01 -7.950660000000000505e-01 -6.065199999999999481e-01 1.526999999999999929e-03 6.065199999999999481e-01 -7.950679999999999970e-01 -5.280000000000000405e-04
1.300000000000000000e+01 5.800000000000000000e+01 3.100000000000000000e+01 0.000000000000000000e+00 1.600000000000000089e+00 -5.010000000000000347e-04 5.060000000000000478e-04 1.000000000000000000e+00 -7.929070000000000285e-01 -6.093429999999999680e-01 -8.899999999999999491e-05 6.093429999999999680e-01 -7.929070000000000285e-01 7.069999999999999462e-04
2.000000000000000000e+01 5.800000000000000000e+01 3.100000000000000000e+01 0.000000000000000000e+00 1.600000000000000089e+00 4.939999999999999730e-04 -4.187999999999999882e-03 9.999909999999999632e-01 -7.912700000000000289e-01 -6.114629999999999788e-01 -2.168999999999999921e-03 6.114669999999999828e-01 -7.912620000000000209e-01 -3.615999999999999857e-03
2.700000000000000000e+01 5.800000000000000000e+01 3.100000000000000000e+01 0.000000000000000000e+00 1.600000000000000089e+00 6.296999999999999646e-03 9.380000000000000317e-04 9.999799999999999800e-01 -7.828239999999999643e-01 -6.222189999999999666e-01 5.512999999999999672e-03 6.222119999999999873e-01 -7.828429999999999556e-01 -3.184000000000000198e-03
7.000000000000000000e+00 6.000000000000000000e+00 3.200000000000000000e+01 0.000000000000000000e+00 1.600000000000000089e+00 -2.232000000000000043e-03 -6.098000000000000122e-03 -9.999789999999999512e-01 1.377859999999999918e-01 9.904420000000000446e-01 -6.348000000000000344e-03 9.904600000000000071e-01 -1.377970000000000028e-01 -1.369999999999999907e-03
1.200000000000000000e+01 6.000000000000000000e+00 3.200000000000000000e+01 0.000000000000000000e+00 1.600000000000000089e+00 -3.693999999999999801e-03 -3.335999999999999990e-03 -9.999879999999999880e-01 1.414080000000000059e-01 9.899440000000000461e-01 -3.824999999999999841e-03 9.899440000000000461e-01 -1.414209999999999912e-01 -3.184999999999999897e-03
2.700000000000000000e+01 6.000000000000000000e+00 3.200000000000000000e+01 0.000000000000000000e+00 1.600000000000000089e+00 -5.389999999999999826e-04 -6.557999999999999594e-03 -9.999780000000000335e-01 1.518789999999999862e-01 9.883769999999999500e-01 -6.564000000000000390e-03 9.883990000000000276e-01 -1.518789999999999862e-01 4.629999999999999784e-04
3.000000000000000000e+00 4.600000000000000000e+01 3.500000000000000000e+01 0.000000000000000000e+00 1.600000000000000089e+00 -5.039999999999999992e-04 -1.474999999999999966e-03 -9.999989999999999712e-01 3.838039999999999785e-01 -9.234139999999999571e-01 1.168999999999999900e-03 -9.234149999999999858e-01 -3.838030000000000053e-01 1.031999999999999931e-03
1.100000000000000000e+01 4.600000000000000000e+01 3.500000000000000000e+01 0.000000000000000000e+00 1.600000000000000089e+00 -1.079000000000000098e-03 5.469999999999999602e-04 -9.999989999999999712e-01 3.822420000000000262e-01 -9.240620000000000500e-01 -9.179999999999999792e-04 -9.240620000000000500e-01 -3.822429999999999994e-01 7.879999999999999635e-04
1.600000000000000000e+01 4.600000000000000000e+01 3.500000000000000000e+01 0.000000000000000000e+00 1.600000000000000089e+00 3.179999999999999776e-04 1.168999999999999900e-03 -9.999989999999999712e-01 3.820379999999999887e-01 -9.241460000000000230e-01 -9.590000000000000000e-04 -9.241470000000000518e-01 -3.820370000000000155e-01 -7.399999999999999894e-04
2.100000000000000000e+01 4.600000000000000000e+01 3.500000000000000000e+01 0.000000000000000000e+00 1.600000000000000089e+00 -1.381999999999999982e-03 4.707000000000000246e-03 -9.999879999999999880e-01 3.836289999999999978e-01 -9.234740000000000171e-01 -4.877000000000000259e-03 -9.234860000000000291e-01 -3.836309999999999998e-01 -5.299999999999999807e-04
2.500000000000000000e+01 4.600000000000000000e+01 3.500000000000000000e+01 0.000000000000000000e+00 1.600000000000000089e+00 1.286000000000000034e-03 4.189999999999999931e-04 -9.999989999999999712e-01 3.856060000000000043e-01 -9.226640000000000397e-01 1.090000000000000067e-04 -9.226630000000000109e-01 -3.856060000000000043e-01 -1.348000000000000023e-03
2.800000000000000000e+01 4.600000000000000000e+01 3.500000000000000000e+01 0.000000000000000000e+00 1.600000000000000089e+00 -6.660000000000000338e-04 -2.962999999999999922e-03 -9.999949999999999672e-01 3.856029999999999736e-01 -9.226619999999999822e-01 2.477000000000000035e-03 -9.226649999999999574e-01 -3.855990000000000251e-01 1.757000000000000098e-03
5.000000000000000000e+00 9.500000000000000000e+01 3.600000000000000000e+01 0.000000000000000000e+00 1.600000000000000089e+00 2.436999999999999930e-03 1.880099999999999827e-02 9.998200000000000420e-01 9.966629999999999656e-01 8.153100000000000624e-02 -3.963000000000000377e-03 -8.159099999999999686e-02 9.964929999999999621e-01 -1.854000000000000092e-02
1.100000000000000000e+01 9.500000000000000000e+01 3.600000000000000000e+01 0.000000000000000000e+00 1.600000000000000089e+00 -2.944000000000000002e-03 -1.493000000000000056e-02 9.998839999999999950e-01 9.961269999999999847e-01 8.781799999999999329e-02 4.244999999999999642e-03 -8.787100000000000466e-02 9.960250000000000492e-01 1.461400000000000025e-02
1.600000000000000000e+01 9.500000000000000000e+01 3.600000000000000000e+01 0.000000000000000000e+00 1.600000000000000089e+00 -4.471000000000000148e-03 -8.549999999999999658e-04 9.999900000000000455e-01 9.957810000000000272e-01 9.164600000000000524e-02 4.531000000000000305e-03 -9.164899999999999436e-02 9.957909999999999817e-01 4.409999999999999858e-04
2.000000000000000000e+01 9.500000000000000000e+01 3.600000000000000000e+01 0.000000000000000000e+00 1.600000000000000089e+00 -1.093999999999999920e-03 -9.569999999999999514e-04 9.999989999999999712e-01 9.959770000000000012e-01 8.960500000000000409e-02 1.175999999999999962e-03 -8.960600000000000509e-02 9.959770000000000012e-01 8.549999999999999658e-04
2.600000000000000000e+01 9.500000000000000000e+01 3.600000000000000000e+01 0.000000000000000000e+00 1.600000000000000089e+00 8.090000000000000403e-04 1.820499999999999896e-02 9.998340000000000005e-01 9.965829999999999966e-01 8.256800000000000250e-02 -2.309999999999999987e-03 -8.259600000000000275e-02 9.964190000000000547e-01 -1.807599999999999832e-02
8.000000000000000000e+00 3.000000000000000000e+00 4.300000000000000000e+01 0.000000000000000000e+00 1.600000000000000089e+00 -7.507999999999999917e-03 -5.754200000000000287e-02 -9.983149999999999524e-01 7.438719999999999777e-01 -6.675130000000000230e-01 3.288100000000000050e-02 -6.682799999999999851e-01 -7.423710000000000031e-01 4.781500000000000333e-02
1.300000000000000000e+01 3.000000000000000000e+00 4.300000000000000000e+01 0.000000000000000000e+00 1.600000000000000089e+00 -7.832999999999999685e-03 -2.936000000000000068e-02 -9.995380000000000376e-01 7.463070000000000537e-01 -6.654609999999999692e-01 1.369800000000000011e-02 -6.655560000000000365e-01 -7.458550000000000457e-01 2.712399999999999881e-02
1.700000000000000000e+01 3.000000000000000000e+00 4.300000000000000000e+01 0.000000000000000000e+00 1.600000000000000089e+00 -5.701999999999999603e-03 -5.926999999999999977e-03 -9.999660000000000215e-01 7.469099999999999628e-01 -6.649249999999999883e-01 -3.179999999999999776e-04 -6.649009999999999643e-01 -7.468869999999999676e-01 8.219000000000000611e-03
2.400000000000000000e+01 3.000000000000000000e+00 4.300000000000000000e+01 0.000000000000000000e+00 1.600000000000000089e+00 2.449999999999999921e-04 2.244600000000000067e-02 -9.997479999999999700e-01 7.425629999999999731e-01 -6.696119999999999850e-01 -1.485200000000000062e-02 -6.697769999999999557e-01 -7.423720000000000319e-01 -1.683099999999999874e-02
1.700000000000000000e+01 8.000000000000000000e+00 4.400000000000000000e+01 0.000000000000000000e+00 1.600000000000000089e+00 3.020000000000000223e-04 -2.043999999999999810e-03 9.999980000000000535e-01 -7.687749999999999861e-01 -6.395180000000000309e-01 -1.075000000000000001e-03 6.395189999999999486e-01 -7.687730000000000397e-01 -1.765000000000000076e-03
2.100000000000000000e+01 8.000000000000000000e+00 4.400000000000000000e+01 0.000000000000000000e+00 1.600000000000000089e+00 3.579000000000000150e-03 5.581000000000000023e-03 9.999780000000000335e-01 -7.694900000000000073e-01 -6.386279999999999735e-01 6.317999999999999831e-03 6.386490000000000222e-01 -7.694950000000000401e-01 2.008999999999999935e-03
2.900000000000000000e+01 8.000000000000000000e+00 4.400000000000000000e+01 0.000000000000000000e+00 1.600000000000000089e+00 1.255999999999999955e-03 1.361300000000000010e-02 9.999069999999999903e-01 -7.728180000000000049e-01 -6.345549999999999802e-01 9.610000000000000486e-03 6.346260000000000234e-01 -7.727579999999999449e-01 9.723000000000000739e-03
5.000000000000000000e+00 2.900000000000000000e+01 4.400000000000000000e+01 0.000000000000000000e+00 1.600000000000000089e+00 9.560000000000000355e-04 2.454000000000000018e-03 -9.999970000000000248e-01 6.550629999999999509e-01 7.555699999999999639e-01 2.481000000000000132e-03 7.555739999999999679e-01 -6.550629999999999509e-01 -8.850000000000000444e-04
1.000000000000000000e+01 2.900000000000000000e+01 4.400000000000000000e+01 0.000000000000000000e+00 1.600000000000000089e+00 1.399999999999999986e-03 -2.054999999999999969e-03 -9.999970000000000248e-01 6.550740000000000451e-01 7.555640000000000134e-01 -6.350000000000000392e-04 7.555629999999999846e-01 -6.550709999999999589e-01 2.403000000000000188e-03
1.300000000000000000e+01 2.900000000000000000e+01 4.400000000000000000e+01 0.000000000000000000e+00 1.600000000000000089e+00 1.409000000000000096e-03 -3.831000000000000204e-03 -9.999919999999999920e-01 6.567709999999999937e-01 7.540879999999999805e-01 -1.962999999999999901e-03 7.540890000000000093e-01 -6.567629999999999857e-01 3.579000000000000150e-03
2.000000000000000000e+01 2.900000000000000000e+01 4.400000000000000000e+01 0.000000000000000000e+00 1.600000000000000089e+00 2.066999999999999827e-03 -5.513999999999999804e-03 -9.999829999999999552e-01 6.721500000000000252e-01 7.404100000000000126e-01 -2.693000000000000081e-03 7.404119999999999591e-01 -6.721329999999999805e-01 5.237000000000000335e-03
2.300000000000000000e+01 2.900000000000000000e+01 4.400000000000000000e+01 0.000000000000000000e+00 1.600000000000000089e+00 1.080999999999999930e-03 -1.012000000000000096e-03 -9.999989999999999712e-01 6.781289999999999818e-01 7.349430000000000129e-01 -1.099999999999999971e-05 7.349419999999999842e-01 -6.781279999999999530e-01 1.480999999999999895e-03
2.800000000000000000e+01 2.900000000000000000e+01 4.400000000000000000e+01 0.000000000000000000e+00 1.600000000000000089e+00 -5.289999999999999564e-04 4.551000000000000358e-03 -9.999900000000000455e-01 6.748459999999999459e-01 7.379520000000000524e-01 3.001000000000000195e-03 7.379580000000000028e-01 -6.748370000000000202e-01 -3.461999999999999800e-03
4.000000000000000000e+00 5.400000000000000000e+01 4.600000000000000000e+01 0.000000000000000000e+00 1.600000000000000089e+00 4.519999999999999821e-04 -1.293599999999999958e-02 9.999160000000000270e-01 3.173139999999999850e-01 -9.482390000000000541e-01 -1.240999999999999916e-02 9.483200000000000518e-01 3.172929999999999917e-01 3.676000000000000014e-03
2.700000000000000000e+01 6.500000000000000000e+01 4.600000000000000000e+01 0.000000000000000000e+00 1.600000000000000089e+00 1.806000000000000097e-03 -8.620000000000000275e-04 9.999980000000000535e-01 6.806710000000000260e-01 -7.325869999999999882e-01 -1.861000000000000024e-03 7.325869999999999882e-01 6.806729999999999725e-01 -7.360000000000000006e-04
2.700000000000000000e+01 6.000000000000000000e+00 5.100000000000000000e+01 0.000000000000000000e+00 1.600000000000000089e+00 3.416999999999999899e-03 6.702999999999999757e-03 -9.999719999999999720e-01 3.257869999999999933e-01 -9.454289999999999639e-01 -5.224000000000000345e-03 -9.454369999999999719e-01 -3.257599999999999940e-01 -5.414000000000000409e-03
2.200000000000000000e+01 7.000000000000000000e+00 5.200000000000000000e+01 0.000000000000000000e+00 1.600000000000000089e+00 7.569999999999999689e-04 -2.353000000000000057e-03 -9.999970000000000248e-01 1.182279999999999998e-01 -9.929829999999999490e-01 2.426000000000000205e-03 -9.929860000000000353e-01 -1.182300000000000018e-01 -4.739999999999999747e-04
2.700000000000000000e+01 7.000000000000000000e+00 5.200000000000000000e+01 0.000000000000000000e+00 1.600000000000000089e+00 4.536000000000000101e-03 5.833999999999999776e-03 -9.999730000000000008e-01 1.178899999999999948e-01 -9.930130000000000345e-01 -5.258999999999999786e-03 -9.930160000000000098e-01 -1.178629999999999955e-01 -5.191999999999999567e-03
1.000000000000000000e+00 6.300000000000000000e+01 5.400000000000000000e+01 0.000000000000000000e+00 1.600000000000000089e+00 8.050000000000000515e-04 3.687999999999999872e-03 9.999930000000000208e-01 -3.503339999999999788e-01 9.366189999999999793e-01 -3.171999999999999906e-03 -9.366240000000000121e-01 -3.503290000000000015e-01 2.046000000000000076e-03
5.000000000000000000e+00 6.300000000000000000e+01 5.400000000000000000e+01 0.000000000000000000e+00 1.600000000000000089e+00 -4.079999999999999968e-04 2.199999999999999943e-05 1.000000000000000000e+00 -3.492560000000000109e-01 9.370270000000000543e-01 -1.640000000000000019e-04 -9.370270000000000543e-01 -3.492560000000000109e-01 -3.750000000000000078e-04
1.600000000000000000e+01 6.300000000000000000e+01 5.400000000000000000e+01 0.000000000000000000e+00 1.600000000000000089e+00 1.773000000000000053e-03 -1.275000000000000092e-03 9.999980000000000535e-01 -3.563200000000000256e-01 9.343620000000000259e-01 1.822999999999999968e-03 -9.343620000000000259e-01 -3.563220000000000276e-01 1.203000000000000076e-03
2.000000000000000000e+01 6.300000000000000000e+01 5.400000000000000000e+01 0.000000000000000000e+00 1.600000000000000089e+00 1.779999999999999898e-04 -1.160000000000000007e-04 1.000000000000000000e+00 -3.595380000000000242e-01 9.331300000000000150e-01 1.720000000000000066e-04 -9.331300000000000150e-01 -3.595380000000000242e-01 1.240000000000000054e-04
2.300000000000000000e+01 6.300000000000000000e+01 5.400000000000000000e+01 0.000000000000000000e+00 1.600000000000000089e+00 -1.257000000000000088e-03 -1.077999999999999965e-03 9.999989999999999712e-01 -3.574899999999999745e-01 9.339169999999999972e-01 5.569999999999999864e-04 -9.339159999999999684e-01 -3.574890000000000012e-01 -1.559999999999999972e-03
4.000000000000000000e+00 2.500000000000000000e+01 5.500000000000000000e+01 0.000000000000000000e+00 1.600000000000000089e+00 7.590000000000000175e-04 -4.300000000000000165e-05 -1.000000000000000000e+00 -1.069499999999999965e-02 -9.999430000000000263e-01 3.499999999999999693e-05 -9.999430000000000263e-01 1.069499999999999965e-02 -7.590000000000000175e-04
1.000000000000000000e+01 2.500000000000000000e+01 5.500000000000000000e+01 0.000000000000000000e+00 1.600000000000000089e+00 1.056999999999999997e-03 -2.018999999999999961e-03 -9.999970000000000248e-01 -1.214900000000000008e-02 -9.999240000000000350e-01 2.005999999999999971e-03 -9.999259999999999815e-01 1.214699999999999981e-02 -1.080999999999999930e-03
1.400000000000000000e+01 2.500000000000000000e+01 5.500000000000000000e+01 0.000000000000000000e+00 1.600000000000000089e+00 5.140000000000000254e-04 1.938000000000000052e-03 -9.999980000000000535e-01 -1.295900000000000003e-02 -9.999139999999999695e-01 -1.943999999999999981e-03 -9.999160000000000270e-01 1.295999999999999930e-02 -4.889999999999999599e-04
2.400000000000000000e+01 2.500000000000000000e+01 5.500000000000000000e+01 0.000000000000000000e+00 1.600000000000000089e+00 1.183000000000000024e-03 -1.915000000000000036e-03 -9.999970000000000248e-01 -1.182500000000000044e-02 -9.999280000000000390e-01 1.900999999999999912e-03 -9.999289999999999567e-01 1.182300000000000018e-02 -1.206000000000000041e-03
9.000000000000000000e+00 2.100000000000000000e+01 6.000000000000000000e+01 0.000000000000000000e+00 1.600000000000000089e+00 -9.030000000000000483e-04 -1.286000000000000034e-03 9.999989999999999712e-01 -9.671599999999999642e-02 9.953109999999999458e-01 1.191999999999999917e-03 -9.953119999999999745e-01 -9.671399999999999442e-02 -1.023000000000000038e-03
1.300000000000000000e+01 2.100000000000000000e+01 6.000000000000000000e+01 0.000000000000000000e+00 1.600000000000000089e+00 -2.387999999999999932e-03 -6.942000000000000254e-03 9.999730000000000008e-01 -9.740600000000000647e-02 9.952220000000000510e-01 6.676999999999999776e-03 -9.952419999999999600e-01 -9.738700000000000134e-02 -3.053000000000000158e-03
2.000000000000000000e+01 2.100000000000000000e+01 6.000000000000000000e+01 0.000000000000000000e+00 1.600000000000000089e+00 -7.470000000000000511e-04 1.506500000000000027e-02 9.998860000000000525e-01 -9.581599999999999839e-02 9.952849999999999753e-01 -1.506700000000000053e-02 -9.953990000000000338e-01 -9.581699999999999939e-02 6.999999999999999929e-04
2.600000000000000000e+01 2.100000000000000000e+01 6.000000000000000000e+01 0.000000000000000000e+00 1.600000000000000089e+00 1.275000000000000092e-03 -6.518000000000000356e-03 9.999780000000000335e-01 -9.463299999999999490e-02 9.954899999999999860e-01 6.610000000000000424e-03 -9.955110000000000348e-01 -9.463900000000000090e-02 6.520000000000000188e-04
9.000000000000000000e+00 6.000000000000000000e+00 6.100000000000000000e+01 0.000000000000000000e+00 1.600000000000000089e+00 6.367000000000000264e-03 2.956999999999999993e-03 9.999749999999999472e-01 5.771330000000000071e-01 -8.166489999999999583e-01 -1.258999999999999920e-03 8.166250000000000453e-01 5.771269999999999456e-01 -6.905999999999999812e-03
5.000000000000000000e+00 3.000000000000000000e+00 6.300000000000000000e+01 0.000000000000000000e+00 1.600000000000000089e+00 -8.350000000000000217e-04 8.989999999999999511e-04 9.999989999999999712e-01 -6.148959999999999981e-01 7.886069999999999469e-01 -1.221999999999999996e-03 -7.886079999999999757e-01 -6.148959999999999981e-01 -1.060000000000000016e-04
5.000000000000000000e+00 2.700000000000000000e+01 6.300000000000000000e+01 0.000000000000000000e+00 1.600000000000000089e+00 -3.350000000000000113e-04 4.466999999999999617e-03 9.999900000000000455e-01 -2.777339999999999809e-01 9.606479999999999464e-01 -4.385000000000000009e-03 -9.606580000000000119e-01 -2.777330000000000076e-01 9.179999999999999792e-04
