3.000000000000000000e+00 1.010000000000000000e+02 7.000000000000000000e+00 0.000000000000000000e+00 1.600000000000000089e+00 2.164000000000000125e-03 -5.187999999999999903e-03 9.999839999999999840e-01 8.882949999999999458e-01 4.592740000000000156e-01 4.600000000000000139e-04 -4.592689999999999828e-01 8.882799999999999585e-01 5.602000000000000209e-03
1.000000000000000000e+01 1.010000000000000000e+02 7.000000000000000000e+00 0.000000000000000000e+00 1.600000000000000089e+00 1.240999999999999916e-03 9.641000000000000264e-03 9.999529999999999808e-01 8.891430000000000167e-01 4.575949999999999740e-01 -5.516000000000000070e-03 -4.576270000000000060e-01 8.891080000000000094e-01 -8.004999999999999963e-03
1.900000000000000000e+01 1.010000000000000000e+02 7.000000000000000000e+00 0.000000000000000000e+00 1.600000000000000089e+00 -5.670000000000000127e-04 -7.320000000000000118e-03 9.999730000000000008e-01 8.895410000000000261e-01 4.568389999999999951e-01 3.847999999999999858e-03 -4.568550000000000111e-01 8.895189999999999486e-01 6.252999999999999878e-03
6.000000000000000000e+00 2.500000000000000000e+01 8.000000000000000000e+00 0.000000000000000000e+00 1.600000000000000089e+00 -6.710000000000000469e-04 3.310000000000000008e-03 -9.999940000000000495e-01 4.364430000000000254e-01 8.997279999999999722e-01 2.684999999999999887e-03 8.997319999999999762e-01 -4.364379999999999926e-01 -2.049000000000000040e-03
9.000000000000000000e+00 2.500000000000000000e+01 8.000000000000000000e+00 0.000000000000000000e+00 1.600000000000000089e+00 -3.759999999999999779e-04 -1.194600000000000002e-02 -9.999289999999999567e-01 4.374120000000000230e-01 8.991949999999999665e-01 -1.090700000000000003e-02 8.992609999999999770e-01 -4.373850000000000238e-01 4.886999999999999851e-03
1.700000000000000000e+01 2.500000000000000000e+01 8.000000000000000000e+00 0.000000000000000000e+00 1.600000000000000089e+00 2.183000000000000045e-03 2.831999999999999882e-03 -9.999940000000000495e-01 4.380100000000000104e-01 8.989629999999999566e-01 3.501999999999999905e-03 8.989679999999999893e-01 -4.380149999999999877e-01 7.219999999999999855e-04
2.000000000000000000e+01 2.500000000000000000e+01 8.000000000000000000e+00 0.000000000000000000e+00 1.600000000000000089e+00 1.330000000000000019e-03 3.644000000000000104e-03 -9.999919999999999920e-01 4.380249999999999977e-01 8.989549999999999486e-01 3.857999999999999884e-03 8.989620000000000388e-01 -4.380260000000000264e-01 -4.009999999999999893e-04
2.600000000000000000e+01 2.500000000000000000e+01 8.000000000000000000e+00 0.000000000000000000e+00 1.600000000000000089e+00 5.360000000000000181e-04 3.066000000000000149e-03 -9.999949999999999672e-01 4.378500000000000170e-01 8.990430000000000366e-01 2.991000000000000169e-03 8.990479999999999583e-01 -4.378500000000000170e-01 -8.610000000000000032e-04
5.000000000000000000e+00 9.000000000000000000e+00 9.000000000000000000e+00 0.000000000000000000e+00 1.600000000000000089e+00 2.732899999999999913e-02 6.459000000000000331e-03 -9.996059999999999945e-01 -9.857669999999999488e-01 -1.657639999999999947e-01 -2.802199999999999830e-02 -1.658799999999999997e-01 9.861440000000000206e-01 1.837000000000000091e-03
2.100000000000000000e+01 9.000000000000000000e+00 9.000000000000000000e+00 0.000000000000000000e+00 1.600000000000000089e+00 -3.708899999999999697e-02 -1.566599999999999937e-02 -9.991889999999999938e-01 -9.770870000000000388e-01 -2.091339999999999866e-01 3.954799999999999982e-02 -2.095839999999999925e-01 9.777620000000000200e-01 -7.550000000000000287e-03
2.500000000000000000e+01 9.000000000000000000e+00 9.000000000000000000e+00 0.000000000000000000e+00 1.600000000000000089e+00 -7.157600000000000073e-02 -5.217600000000000016e-02 -9.960700000000000109e-01 -9.517949999999999466e-01 -2.950510000000000077e-01 8.384999999999999398e-02 -2.982659999999999756e-01 9.540560000000000151e-01 -2.854200000000000140e-02
6.000000000000000000e+00 2.400000000000000000e+01 9.000000000000000000e+00 0.000000000000000000e+00 1.600000000000000089e+00 -7.420000000000000380e-04 2.835999999999999979e-03 -9.999959999999999960e-01 4.415080000000000116e-01 8.972550000000000248e-01 2.216999999999999787e-03 8.972569999999999713e-01 -4.415040000000000076e-01 -1.918000000000000000e-03
9.000000000000000000e+00 2.400000000000000000e+01 9.000000000000000000e+00 0.000000000000000000e+00 1.600000000000000089e+00 -8.019999999999999785e-04 -9.003999999999999851e-03 -9.999590000000000423e-01 4.425780000000000269e-01 8.966910000000000158e-01 -8.429000000000000728e-03 8.967300000000000271e-01 -4.425660000000000149e-01 3.265999999999999806e-03
1.300000000000000000e+01 2.400000000000000000e+01 9.000000000000000000e+00 0.000000000000000000e+00 1.600000000000000089e+00 6.579999999999999478e-04 -6.623000000000000415e-03 -9.999780000000000335e-01 4.443400000000000127e-01 8.958399999999999697e-01 -5.641000000000000181e-03 8.958580000000000432e-01 -4.443270000000000275e-01 3.533000000000000116e-03
1.600000000000000000e+01 2.400000000000000000e+01 9.000000000000000000e+00 0.000000000000000000e+00 1.600000000000000089e+00 1.825999999999999932e-03 3.395000000000000014e-03 -9.999930000000000208e-01 4.442619999999999902e-01 8.958890000000000464e-01 3.853000000000000088e-03 8.958949999999999969e-01 -4.442659999999999942e-01 1.269999999999999970e-04
2.000000000000000000e+01 2.400000000000000000e+01 9.000000000000000000e+00 0.000000000000000000e+00 1.600000000000000089e+00 9.179999999999999792e-04 5.340000000000000129e-03 -9.999850000000000128e-01 4.446160000000000112e-01 8.957060000000000022e-01 5.191000000000000301e-03 8.957209999999999894e-01 -4.446149999999999824e-01 -1.551999999999999994e-03
2.600000000000000000e+01 2.400000000000000000e+01 9.000000000000000000e+00 0.000000000000000000e+00 1.600000000000000089e+00 4.820000000000000066e-04 3.428000000000000057e-03 -9.999940000000000495e-01 4.440979999999999928e-01 8.959719999999999906e-01 3.285999999999999859e-03 8.959780000000000522e-01 -4.440970000000000195e-01 -1.090000000000000040e-03
2.900000000000000000e+01 4.000000000000000000e+00 1.100000000000000000e+01 0.000000000000000000e+00 1.600000000000000089e+00 5.219999999999999814e-03 -9.082199999999999995e-02 9.958529999999999882e-01 1.923729999999999885e-01 -9.771739999999999871e-01 -9.012699999999999878e-02 9.813079999999999581e-01 1.920459999999999945e-01 1.237100000000000005e-02
1.800000000000000000e+01 3.000000000000000000e+01 1.200000000000000000e+01 0.000000000000000000e+00 1.600000000000000089e+00 -7.927999999999999284e-03 -1.245409999999999989e-01 9.921830000000000371e-01 -2.163500000000000145e-02 9.920029999999999681e-01 1.243459999999999982e-01 -9.997350000000000403e-01 -2.048000000000000168e-02 -1.055900000000000068e-02
2.200000000000000000e+01 3.100000000000000000e+01 1.200000000000000000e+01 0.000000000000000000e+00 1.600000000000000089e+00 2.925000000000000083e-03 -2.143440000000000067e-01 9.767540000000000111e-01 -6.581900000000000250e-02 9.745989999999999931e-01 2.140680000000000083e-01 -9.978270000000000195e-01 -6.491600000000000148e-02 -1.125699999999999965e-02
6.000000000000000000e+00 2.800000000000000000e+01 1.300000000000000000e+01 0.000000000000000000e+00 1.600000000000000089e+00 -9.359999999999999831e-04 3.173600000000000032e-02 9.994960000000000511e-01 -4.764399999999999885e-02 9.983600000000000252e-01 -3.174400000000000138e-02 -9.988639999999999741e-01 -4.764999999999999791e-02 5.779999999999999548e-04
8.000000000000000000e+00 2.800000000000000000e+01 1.300000000000000000e+01 0.000000000000000000e+00 1.600000000000000089e+00 -4.863000000000000135e-03 -5.773799999999999766e-02 9.983199999999999852e-01 -6.081299999999999900e-02 9.965009999999999701e-01 5.733599999999999808e-02 -9.981370000000000520e-01 -6.043199999999999961e-02 -8.356999999999999845e-03
2.400000000000000000e+01 3.500000000000000000e+01 1.300000000000000000e+01 0.000000000000000000e+00 1.600000000000000089e+00 -1.914250000000000118e-01 -5.288799999999999751e-02 9.800809999999999800e-01 9.674789999999999779e-01 -1.783879999999999910e-01 1.793369999999999964e-01 1.653499999999999970e-01 9.825380000000000225e-01 8.531600000000000295e-02
6.000000000000000000e+00 1.200000000000000000e+01 1.600000000000000000e+01 0.000000000000000000e+00 1.600000000000000089e+00 -3.599000000000000202e-03 2.604100000000000165e-02 9.996540000000000425e-01 2.822350000000000136e-01 -9.589929999999999843e-01 2.599699999999999928e-02 9.593390000000000528e-01 2.822310000000000096e-01 -3.897999999999999989e-03
1.200000000000000000e+01 1.200000000000000000e+01 1.600000000000000000e+01 0.000000000000000000e+00 1.600000000000000089e+00 -5.749999999999999903e-04 -4.600000000000000139e-04 1.000000000000000000e+00 2.733610000000000206e-01 -9.619119999999999893e-01 -2.849999999999999886e-04 9.619109999999999605e-01 2.733599999999999919e-01 6.790000000000000245e-04
1.600000000000000000e+01 1.200000000000000000e+01 1.600000000000000000e+01 0.000000000000000000e+00 1.600000000000000089e+00 4.471000000000000148e-03 -1.383000000000000028e-02 9.998939999999999495e-01 2.695670000000000011e-01 -9.628719999999999501e-01 -1.452400000000000045e-02 9.629710000000000214e-01 2.696029999999999816e-01 -5.770000000000000389e-04
1.900000000000000000e+01 1.200000000000000000e+01 1.600000000000000000e+01 0.000000000000000000e+00 1.600000000000000089e+00 7.315999999999999587e-03 -2.104299999999999921e-02 9.997519999999999740e-01 2.701270000000000060e-01 -9.625679999999999792e-01 -2.223699999999999982e-02 9.627970000000000139e-01 2.702229999999999910e-01 -1.356999999999999916e-03
2.000000000000000000e+00 1.160000000000000000e+02 1.600000000000000000e+01 0.000000000000000000e+00 1.600000000000000089e+00 2.063000000000000164e-03 2.641000000000000118e-03 9.999940000000000495e-01 7.828220000000000178e-01 6.222370000000000401e-01 -3.258000000000000045e-03 -6.222429999999999906e-01 7.828239999999999643e-01 -7.829999999999999504e-04
1.200000000000000000e+01 1.160000000000000000e+02 1.600000000000000000e+01 0.000000000000000000e+00 1.600000000000000089e+00 1.188999999999999953e-03 1.769999999999999926e-04 9.999989999999999712e-01 7.659740000000000437e-01 6.428709999999999702e-01 -1.023999999999999954e-03 -6.428700000000000525e-01 7.659749999999999615e-01 6.290000000000000018e-04
1.600000000000000000e+01 1.160000000000000000e+02 1.600000000000000000e+01 0.000000000000000000e+00 1.600000000000000089e+00 2.426999999999999904e-03 2.681999999999999922e-03 9.999930000000000208e-01 7.668139999999999956e-01 6.418589999999999574e-01 -3.582000000000000114e-03 -6.418639999999999901e-01 7.668179999999999996e-01 -4.989999999999999861e-04
2.800000000000000000e+01 1.160000000000000000e+02 1.600000000000000000e+01 0.000000000000000000e+00 1.600000000000000089e+00 3.474999999999999790e-03 4.817000000000000101e-03 9.999820000000000375e-01 7.312189999999999523e-01 6.821169999999999733e-01 -5.826999999999999715e-03 -6.821329999999999893e-01 7.312269999999999603e-01 -1.152000000000000029e-03
3.000000000000000000e+00 3.400000000000000000e+01 1.800000000000000000e+01 0.000000000000000000e+00 1.600000000000000089e+00 -2.196690000000000031e-01 -1.986100000000000088e-01 9.551439999999999930e-01 -9.187330000000000219e-01 -2.871940000000000048e-01 -2.710139999999999771e-01 3.281379999999999852e-01 -9.370560000000000000e-01 -1.193820000000000020e-01
1.700000000000000000e+01 3.400000000000000000e+01 1.800000000000000000e+01 0.000000000000000000e+00 1.600000000000000089e+00 2.079860000000000042e-01 2.789200000000000013e-01 9.375210000000000488e-01 -9.683279999999999665e-01 1.940810000000000035e-01 1.570799999999999974e-01 -1.381419999999999870e-01 -9.404979999999999452e-01 3.104529999999999790e-01
5.000000000000000000e+00 2.000000000000000000e+00 1.900000000000000000e+01 0.000000000000000000e+00 1.600000000000000089e+00 -3.004000000000000160e-03 2.868599999999999969e-02 -9.995840000000000281e-01 3.462290000000000090e-01 -9.377330000000000387e-01 -2.795100000000000015e-02 -9.381450000000000067e-01 -3.461690000000000045e-01 -7.114999999999999797e-03
1.400000000000000000e+01 2.000000000000000000e+00 1.900000000000000000e+01 0.000000000000000000e+00 1.600000000000000089e+00 -3.589999999999999984e-04 1.909000000000000107e-03 -9.999980000000000535e-01 3.389179999999999970e-01 -9.408140000000000391e-01 -1.917000000000000084e-03 -9.408159999999999856e-01 -3.389179999999999970e-01 -3.089999999999999756e-04
2.000000000000000000e+00 3.000000000000000000e+00 1.900000000000000000e+01 0.000000000000000000e+00 1.600000000000000089e+00 -4.024999999999999932e-03 2.431300000000000128e-02 -9.996960000000000290e-01 3.407709999999999906e-01 -9.398339999999999472e-01 -2.423000000000000154e-02 -9.401380000000000292e-01 -3.407649999999999846e-01 -4.501999999999999925e-03
7.000000000000000000e+00 3.000000000000000000e+00 1.900000000000000000e+01 0.000000000000000000e+00 1.600000000000000089e+00 -1.742999999999999975e-03 2.302399999999999933e-02 -9.997329999999999828e-01 3.367569999999999730e-01 -9.413280000000000536e-01 -2.226600000000000107e-02 -9.415900000000000380e-01 -3.367060000000000053e-01 -6.113000000000000378e-03
2.500000000000000000e+01 3.000000000000000000e+00 1.900000000000000000e+01 0.000000000000000000e+00 1.600000000000000089e+00 8.682000000000000481e-03 -4.627799999999999969e-02 -9.988909999999999734e-01 3.393220000000000125e-01 -9.395210000000000505e-01 4.647699999999999748e-02 -9.406299999999999661e-01 -3.393490000000000117e-01 7.545999999999999756e-03
1.000000000000000000e+00 4.000000000000000000e+00 2.000000000000000000e+01 0.000000000000000000e+00 1.600000000000000089e+00 -3.565000000000000027e-03 2.157500000000000043e-02 -9.997610000000000108e-01 3.862499999999999822e-01 -9.221479999999999677e-01 -2.127700000000000077e-02 -9.223869999999999569e-01 -3.862340000000000217e-01 -5.046000000000000138e-03
8.000000000000000000e+00 4.000000000000000000e+00 2.000000000000000000e+01 0.000000000000000000e+00 1.600000000000000089e+00 -1.002000000000000069e-03 2.141799999999999954e-02 -9.997700000000000475e-01 3.872599999999999931e-01 -9.217509999999999870e-01 -2.013500000000000012e-02 -9.219699999999999562e-01 -3.871910000000000074e-01 -7.369999999999999815e-03
1.200000000000000000e+01 4.000000000000000000e+00 2.000000000000000000e+01 0.000000000000000000e+00 1.600000000000000089e+00 -1.820000000000000057e-04 1.016700000000000069e-02 -9.999479999999999480e-01 3.877280000000000171e-01 -9.217260000000000453e-01 -9.442000000000000740e-03 -9.217739999999999823e-01 -3.877090000000000258e-01 -3.774000000000000011e-03
2.300000000000000000e+01 4.000000000000000000e+00 2.000000000000000000e+01 0.000000000000000000e+00 1.600000000000000089e+00 3.857999999999999884e-03 -3.423899999999999860e-02 -9.994060000000000166e-01 3.813790000000000235e-01 -9.238250000000000073e-01 3.312199999999999867e-02 -9.244109999999999827e-01 -3.812800000000000078e-01 9.494000000000000702e-03
1.000000000000000000e+00 1.300000000000000000e+01 2.000000000000000000e+01 0.000000000000000000e+00 1.600000000000000089e+00 -4.970000000000000459e-04 2.109000000000000197e-03 9.999980000000000535e-01 2.596620000000000039e-01 9.656979999999999453e-01 -1.907999999999999974e-03 -9.657000000000000028e-01 2.596600000000000019e-01 -1.028000000000000051e-03
7.000000000000000000e+00 1.300000000000000000e+01 2.000000000000000000e+01 0.000000000000000000e+00 1.600000000000000089e+00 7.799999999999999859e-05 1.534999999999999906e-03 9.999989999999999712e-01 2.622200000000000086e-01 9.650069999999999482e-01 -1.502000000000000080e-03 -9.650079999999999769e-01 2.622200000000000086e-01 -3.280000000000000038e-04
1.400000000000000000e+01 1.300000000000000000e+01 2.000000000000000000e+01 0.000000000000000000e+00 1.600000000000000089e+00 -6.080000000000000335e-04 1.030000000000000100e-03 9.999989999999999712e-01 2.636970000000000147e-01 9.646050000000000457e-01 -8.329999999999999731e-04 -9.646059999999999635e-01 2.636959999999999860e-01 -8.580000000000000387e-04
2.000000000000000000e+01 1.300000000000000000e+01 2.000000000000000000e+01 0.000000000000000000e+00 1.600000000000000089e+00 -1.438000000000000042e-03 4.375999999999999682e-03 9.999890000000000168e-01 2.625399999999999956e-01 9.649130000000000207e-01 -3.844999999999999894e-03 -9.649199999999999999e-01 2.625310000000000143e-01 -2.536000000000000060e-03
2.500000000000000000e+01 1.300000000000000000e+01 2.000000000000000000e+01 0.000000000000000000e+00 1.600000000000000089e+00 9.990000000000001049e-04 -3.177000000000000136e-03 9.999940000000000495e-01 2.601370000000000071e-01 9.655679999999999819e-01 2.808000000000000166e-03 -9.655709999999999571e-01 2.601319999999999744e-01 1.791000000000000057e-03
2.800000000000000000e+01 1.300000000000000000e+01 2.000000000000000000e+01 0.000000000000000000e+00 1.600000000000000089e+00 2.305999999999999890e-03 -7.722999999999999830e-03 9.999679999999999680e-01 2.575310000000000099e-01 9.662460000000000493e-01 6.867999999999999973e-03 -9.662669999999999870e-01 2.575069999999999859e-01 4.217000000000000262e-03
1.700000000000000000e+01 1.600000000000000000e+01 2.100000000000000000e+01 0.000000000000000000e+00 1.600000000000000089e+00 -5.450000000000000200e-04 4.099000000000000213e-03 9.999909999999999632e-01 2.956559999999999744e-01 9.552869999999999973e-01 -3.755000000000000091e-03 -9.552939999999999765e-01 2.956509999999999971e-01 -1.732000000000000033e-03
3.000000000000000000e+00 3.800000000000000000e+01 2.200000000000000000e+01 0.000000000000000000e+00 1.600000000000000089e+00 2.160380000000000078e-01 -3.866660000000000097e-01 -8.965579999999999661e-01 8.314770000000000216e-01 -4.084969999999999990e-01 3.765319999999999778e-01 -5.118340000000000112e-01 -8.268130000000000202e-01 2.332529999999999881e-01
3.000000000000000000e+01 3.900000000000000000e+01 2.300000000000000000e+01 0.000000000000000000e+00 1.600000000000000089e+00 3.605940000000000256e-01 1.431340000000000112e-01 9.216750000000000220e-01 -8.156729999999999814e-01 5.276589999999999892e-01 2.371779999999999999e-01 -4.523820000000000063e-01 -8.373099999999999987e-01 3.070209999999999884e-01
5.000000000000000000e+00 3.000000000000000000e+00 2.500000000000000000e+01 0.000000000000000000e+00 1.600000000000000089e+00 -5.921000000000000048e-03 2.298400000000000096e-02 9.997179999999999955e-01 1.560899999999999961e-02 -9.996119999999999450e-01 2.307400000000000076e-02 9.998609999999999998e-01 1.574100000000000152e-02 5.559999999999999838e-03
1.200000000000000000e+01 3.000000000000000000e+00 2.500000000000000000e+01 0.000000000000000000e+00 1.600000000000000089e+00 -3.599000000000000202e-03 6.331999999999999955e-03 9.999730000000000008e-01 2.033099999999999838e-02 -9.997730000000000228e-01 6.403999999999999970e-03 9.997869999999999813e-01 2.035299999999999956e-02 3.468999999999999861e-03
1.600000000000000000e+01 3.000000000000000000e+00 2.500000000000000000e+01 0.000000000000000000e+00 1.600000000000000089e+00 4.173999999999999759e-03 -5.331999999999999934e-03 9.999770000000000048e-01 3.289899999999999769e-02 -9.994439999999999991e-01 -5.466000000000000372e-03 9.994499999999999496e-01 3.292099999999999888e-02 -3.996000000000000420e-03
2.300000000000000000e+01 3.000000000000000000e+00 2.500000000000000000e+01 0.000000000000000000e+00 1.600000000000000089e+00 9.579999999999999974e-03 -2.093599999999999975e-02 9.997350000000000403e-01 1.686800000000000105e-02 -9.996350000000000513e-01 -2.109499999999999917e-02 9.998120000000000340e-01 1.706500000000000031e-02 -9.223000000000000295e-03
7.000000000000000000e+00 3.000000000000000000e+01 2.500000000000000000e+01 0.000000000000000000e+00 1.600000000000000089e+00 -2.231650000000000023e-01 -8.359000000000000111e-03 9.747449999999999726e-01 -9.742189999999999461e-01 -3.202900000000000191e-02 -2.233189999999999897e-01 3.308599999999999736e-02 -9.994520000000000071e-01 -9.959999999999999236e-04
5.000000000000000000e+00 3.100000000000000000e+01 2.500000000000000000e+01 0.000000000000000000e+00 1.600000000000000089e+00 -3.043710000000000027e-01 4.862500000000000155e-02 9.513120000000000465e-01 -9.501220000000000221e-01 5.581200000000000050e-02 -3.068429999999999769e-01 -6.801500000000000601e-02 -9.972569999999999490e-01 2.921199999999999838e-02
1.600000000000000000e+01 2.900000000000000000e+01 2.600000000000000000e+01 0.000000000000000000e+00 1.600000000000000089e+00 5.354000000000000252e-03 3.861900000000000055e-02 -9.992400000000000171e-01 1.294909999999999950e-01 -9.908670000000000533e-01 -3.760100000000000248e-02 -9.915659999999999474e-01 -1.291920000000000013e-01 -1.030599999999999919e-02
5.000000000000000000e+00 5.800000000000000000e+01 3.100000000000000000e+01 0.000000000000000000e+00 1.600000000000000089e+00 -2.432000000000000134e-03 -4.768999999999999802e-03 9.999860000000000415e-01 -8.126839999999999620e-01 -5.826850000000000085e-01 -4.754999999999999678e-03 5.826989999999999670e-01 -8.126839999999999620e-01 -2.458000000000000115e-03
2.800000000000000000e+01 5.800000000000000000e+01 3.100000000000000000e+01 0.000000000000000000e+00 1.600000000000000089e+00 1.106999999999999998e-02 1.669899999999999857e-02 9.997989999999999933e-01 -8.093420000000000059e-01 -5.870370000000000310e-01 1.876600000000000143e-02 5.872330000000000050e-01 -8.093879999999999963e-01 7.016999999999999800e-03
1.400000000000000000e+01 3.200000000000000000e+01 3.300000000000000000e+01 0.000000000000000000e+00 1.600000000000000089e+00 8.078599999999999670e-02 -8.635800000000000420e-02 -9.929829999999999490e-01 1.396100000000000119e-01 -9.854380000000000361e-01 9.705999999999999350e-02 -9.869059999999999500e-01 -1.464709999999999901e-01 -6.755300000000000193e-02
4.000000000000000000e+00 4.600000000000000000e+01 3.500000000000000000e+01 0.000000000000000000e+00 1.600000000000000089e+00 1.060000000000000016e-04 -3.589000000000000176e-03 -9.999940000000000495e-01 3.913200000000000012e-01 -9.202489999999999837e-01 3.344000000000000184e-03 -9.202550000000000452e-01 -3.913179999999999992e-01 1.306000000000000086e-03
1.000000000000000000e+01 4.600000000000000000e+01 3.500000000000000000e+01 0.000000000000000000e+00 1.600000000000000089e+00 4.360000000000000269e-04 6.628499999999999670e-02 -9.978010000000000490e-01 3.951569999999999805e-01 -9.166050000000000031e-01 -6.071900000000000214e-02 -9.186130000000000129e-01 -3.942620000000000013e-01 -2.659299999999999858e-02
8.000000000000000000e+00 9.500000000000000000e+01 3.600000000000000000e+01 0.000000000000000000e+00 1.600000000000000089e+00 3.384999999999999988e-03 7.822000000000000827e-03 9.999639999999999640e-01 9.970830000000000526e-01 7.622600000000000209e-02 -3.970999999999999704e-03 -7.625400000000000234e-02 9.970599999999999463e-01 -7.540999999999999960e-03
2.500000000000000000e+01 4.600000000000000000e+01 4.100000000000000000e+01 0.000000000000000000e+00 1.600000000000000089e+00 -4.915800000000000169e-01 5.597999999999999678e-03 8.708139999999999770e-01 5.982640000000000180e-01 -7.244690000000000296e-01 3.423809999999999909e-01 6.327949999999999964e-01 6.892840000000000078e-01 3.527859999999999885e-01
7.000000000000000000e+00 3.000000000000000000e+00 4.300000000000000000e+01 0.000000000000000000e+00 1.600000000000000089e+00 -5.934000000000000039e-03 -8.878999999999999740e-03 -9.999430000000000263e-01 7.347799999999999887e-01 -6.783029999999999893e-01 1.662000000000000066e-03 -6.782789999999999653e-01 -7.347289999999999655e-01 1.054899999999999935e-02
1.600000000000000000e+01 3.000000000000000000e+00 4.300000000000000000e+01 0.000000000000000000e+00 1.600000000000000089e+00 -1.461999999999999975e-03 -3.079000000000000140e-03 -9.999940000000000495e-01 7.318729999999999958e-01 -6.814400000000000457e-01 1.028000000000000051e-03 -6.814390000000000169e-01 -7.318670000000000453e-01 3.249000000000000152e-03
2.000000000000000000e+01 3.000000000000000000e+00 4.300000000000000000e+01 0.000000000000000000e+00 1.600000000000000089e+00 -3.808999999999999886e-03 1.180000000000000059e-03 -9.999919999999999920e-01 7.299069999999999725e-01 -6.835369999999999502e-01 -3.586999999999999911e-03 -6.835360000000000325e-01 -7.299149999999999805e-01 1.742000000000000059e-03
2.900000000000000000e+01 8.000000000000000000e+00 4.400000000000000000e+01 0.000000000000000000e+00 1.600000000000000089e+00 -4.434999999999999706e-03 -6.428999999999999819e-03 9.999689999999999968e-01 -7.882160000000000277e-01 -6.153530000000000388e-01 -7.452000000000000290e-03 6.153819999999999846e-01 -7.882249999999999535e-01 -2.337999999999999801e-03
5.000000000000000000e+00 2.900000000000000000e+01 4.400000000000000000e+01 0.000000000000000000e+00 1.600000000000000089e+00 2.593999999999999952e-03 4.447999999999999697e-03 -9.999869999999999592e-01 6.477659999999999529e-01 7.618219999999999992e-01 5.068999999999999721e-03 7.618350000000000399e-01 -6.477709999999999857e-01 -9.049999999999999885e-04
9.000000000000000000e+00 2.900000000000000000e+01 4.400000000000000000e+01 0.000000000000000000e+00 1.600000000000000089e+00 -4.821999999999999897e-03 7.209999999999999612e-04 -9.999879999999999880e-01 6.384640000000000315e-01 7.696469999999999700e-01 -2.523000000000000069e-03 7.696370000000000156e-01 -6.384689999999999532e-01 -4.171000000000000228e-03
1.900000000000000000e+01 3.500000000000000000e+01 4.400000000000000000e+01 0.000000000000000000e+00 1.600000000000000089e+00 -2.907500000000000084e-01 -5.625160000000000160e-01 -7.739770000000000261e-01 -8.943699999999999983e-01 4.471930000000000072e-01 1.096300000000000052e-02 3.399499999999999744e-01 6.954099999999999726e-01 -6.331189999999999873e-01
5.000000000000000000e+00 6.000000000000000000e+00 5.100000000000000000e+01 0.000000000000000000e+00 1.600000000000000089e+00 4.331999999999999913e-03 2.944000000000000002e-03 -9.999860000000000415e-01 3.153210000000000179e-01 -9.489840000000000497e-01 -1.428000000000000016e-03 -9.489750000000000130e-01 -3.153099999999999792e-01 -5.040000000000000209e-03
4.000000000000000000e+00 1.150000000000000000e+02 5.100000000000000000e+01 0.000000000000000000e+00 1.600000000000000089e+00 5.029999999999999749e-04 1.778000000000000067e-03 9.999980000000000535e-01 8.477710000000000523e-01 -5.303620000000000001e-01 5.169999999999999899e-04 5.303620000000000001e-01 8.477689999999999948e-01 -1.773999999999999969e-03
8.000000000000000000e+00 7.000000000000000000e+00 5.200000000000000000e+01 0.000000000000000000e+00 1.600000000000000089e+00 5.512000000000000406e-03 -2.112000000000000162e-03 -9.999829999999999552e-01 9.636400000000000521e-02 -9.953429999999999778e-01 2.634000000000000057e-03 -9.953309999999999658e-01 -9.637600000000000333e-02 -5.282000000000000237e-03
1.000000000000000000e+00 6.300000000000000000e+01 5.400000000000000000e+01 0.000000000000000000e+00 1.600000000000000089e+00 -3.151000000000000155e-03 -1.039999999999999909e-03 9.999949999999999672e-01 -3.510880000000000112e-01 9.363430000000000364e-01 -1.320000000000000101e-04 -9.363369999999999749e-01 -3.510860000000000092e-01 -3.315999999999999937e-03
1.000000000000000000e+01 6.300000000000000000e+01 5.400000000000000000e+01 0.000000000000000000e+00 1.600000000000000089e+00 -4.040000000000000080e-04 2.622999999999999898e-03 9.999970000000000248e-01 -3.461980000000000057e-01 9.381580000000000474e-01 -2.601000000000000013e-03 -9.381620000000000514e-01 -3.461969999999999770e-01 5.289999999999999564e-04
1.200000000000000000e+01 6.300000000000000000e+01 5.400000000000000000e+01 0.000000000000000000e+00 1.600000000000000089e+00 7.169999999999999724e-04 3.964999999999999775e-03 9.999919999999999920e-01 -3.493649999999999811e-01 9.369800000000000351e-01 -3.465000000000000198e-03 -9.369870000000000143e-01 -3.493600000000000039e-01 2.056999999999999801e-03
2.500000000000000000e+01 6.300000000000000000e+01 5.400000000000000000e+01 0.000000000000000000e+00 1.600000000000000089e+00 2.610000000000000015e-04 -2.971000000000000116e-03 9.999959999999999960e-01 -3.597239999999999882e-01 9.330549999999999677e-01 2.866000000000000058e-03 -9.330589999999999717e-01 -3.597230000000000150e-01 -8.249999999999999955e-04
5.000000000000000000e+00 2.500000000000000000e+01 5.500000000000000000e+01 0.000000000000000000e+00 1.600000000000000089e+00 7.999999999999999638e-06 2.772999999999999857e-03 -9.999959999999999960e-01 -1.122599999999999987e-02 -9.999329999999999607e-01 -2.772999999999999857e-03 -9.999369999999999647e-01 1.122599999999999987e-02 2.300000000000000002e-05
2.200000000000000000e+01 2.500000000000000000e+01 5.500000000000000000e+01 0.000000000000000000e+00 1.600000000000000089e+00 7.969999999999999654e-04 1.574000000000000095e-03 -9.999980000000000535e-01 -1.069100000000000085e-02 -9.999419999999999975e-01 -1.582000000000000073e-03 -9.999430000000000263e-01 1.069200000000000012e-02 -7.799999999999999859e-04
2.700000000000000000e+01 2.000000000000000000e+01 6.000000000000000000e+01 0.000000000000000000e+00 1.600000000000000089e+00 1.724000000000000055e-03 -2.552000000000000015e-03 9.999949999999999672e-01 -5.961199999999999832e-02 9.982180000000000497e-01 2.650000000000000012e-03 -9.982199999999999962e-01 -5.961600000000000232e-02 1.567999999999999949e-03
5.000000000000000000e+00 2.100000000000000000e+01 6.000000000000000000e+01 0.000000000000000000e+00 1.600000000000000089e+00 1.322000000000000041e-03 -8.673000000000000154e-03 9.999609999999999888e-01 -9.820299999999999863e-02 9.951280000000000125e-01 8.760999999999999691e-03 -9.951659999999999950e-01 -9.821100000000000663e-02 4.640000000000000027e-04
1.100000000000000000e+01 2.100000000000000000e+01 6.000000000000000000e+01 0.000000000000000000e+00 1.600000000000000089e+00 -8.120000000000000048e-04 5.780999999999999681e-03 9.999829999999999552e-01 -9.819999999999999563e-02 9.951499999999999790e-01 -5.832999999999999644e-03 -9.951659999999999950e-01 -9.820399999999999963e-02 -2.410000000000000033e-04
1.800000000000000000e+01 2.100000000000000000e+01 6.000000000000000000e+01 0.000000000000000000e+00 1.600000000000000089e+00 -5.789999999999999791e-04 -6.638999999999999936e-03 9.999780000000000335e-01 -9.601600000000000412e-02 9.953579999999999650e-01 6.552999999999999797e-03 -9.953800000000000425e-01 -9.600999999999999812e-02 -1.214000000000000018e-03
2.300000000000000000e+01 2.100000000000000000e+01 6.000000000000000000e+01 0.000000000000000000e+00 1.600000000000000089e+00 7.829999999999999504e-04 -6.623000000000000415e-03 9.999780000000000335e-01 -9.288399999999999435e-02 9.956549999999999567e-01 6.667000000000000183e-03 -9.956770000000000342e-01 -9.288699999999999735e-02 1.649999999999999991e-04
1.000000000000000000e+01 6.700000000000000000e+01 6.000000000000000000e+01 0.000000000000000000e+00 1.600000000000000089e+00 2.739999999999999814e-03 5.080999999999999579e-03 9.999829999999999552e-01 1.795549999999999924e-01 -9.837380000000000013e-01 4.505999999999999589e-03 9.837439999999999518e-01 1.795390000000000041e-01 -3.608000000000000096e-03
4.000000000000000000e+00 2.700000000000000000e+01 6.300000000000000000e+01 0.000000000000000000e+00 1.600000000000000089e+00 -2.324999999999999810e-03 -4.137000000000000052e-03 9.999890000000000168e-01 -2.696709999999999940e-01 9.629469999999999974e-01 3.357000000000000175e-03 -9.629499999999999726e-01 -2.696600000000000108e-01 -3.354000000000000210e-03
1.700000000000000000e+01 2.700000000000000000e+01 6.300000000000000000e+01 0.000000000000000000e+00 1.600000000000000089e+00 2.011000000000000201e-03 -6.819999999999999674e-03 9.999749999999999472e-01 -2.749199999999999977e-01 9.614409999999999901e-01 7.110000000000000001e-03 -9.614650000000000141e-01 -2.749280000000000057e-01 5.899999999999999754e-05
2.100000000000000000e+01 2.700000000000000000e+01 6.300000000000000000e+01 0.000000000000000000e+00 1.600000000000000089e+00 2.028999999999999988e-03 -1.397000000000000021e-03 9.999970000000000248e-01 -2.749110000000000165e-01 9.614679999999999893e-01 1.900999999999999912e-03 -9.614679999999999893e-01 -2.749139999999999917e-01 1.567000000000000033e-03
2.400000000000000000e+01 2.700000000000000000e+01 6.300000000000000000e+01 0.000000000000000000e+00 1.600000000000000089e+00 4.789999999999999879e-04 -7.128999999999999920e-03 9.999740000000000295e-01 -2.759329999999999838e-01 9.611520000000000064e-01 6.984999999999999890e-03 -9.611769999999999481e-01 -2.759289999999999798e-01 -1.507000000000000093e-03
2.900000000000000000e+01 2.700000000000000000e+01 6.300000000000000000e+01 0.000000000000000000e+00 1.600000000000000089e+00 -3.210999999999999879e-03 -9.905999999999999875e-03 9.999460000000000015e-01 -2.772129999999999872e-01 9.607700000000000129e-01 8.628000000000000252e-03 -9.608029999999999626e-01 -2.771700000000000275e-01 -5.831000000000000245e-03
7.000000000000000000e+00 2.600000000000000000e+01 6.400000000000000000e+01 0.000000000000000000e+00 1.600000000000000089e+00 -8.999999999999999754e-04 -4.372000000000000018e-03 9.999900000000000455e-01 -3.645930000000000004e-01 9.311589999999999590e-01 3.742999999999999799e-03 -9.311660000000000492e-01 -3.645860000000000212e-01 -2.432000000000000134e-03
1.800000000000000000e+01 2.600000000000000000e+01 6.400000000000000000e+01 0.000000000000000000e+00 1.600000000000000089e+00 2.851999999999999934e-03 -4.468999999999999882e-03 9.999860000000000415e-01 -3.677349999999999786e-01 9.299159999999999648e-01 5.204000000000000292e-03 -9.299260000000000304e-01 -3.677449999999999886e-01 1.008999999999999914e-03
2.400000000000000000e+01 2.600000000000000000e+01 6.400000000000000000e+01 0.000000000000000000e+00 1.600000000000000089e+00 1.886000000000000090e-03 -7.308000000000000260e-03 9.999719999999999720e-01 -3.652630000000000043e-01 9.308739999999999792e-01 7.492000000000000395e-03 -9.309020000000000072e-01 -3.652670000000000083e-01 -9.139999999999999904e-04
2.900000000000000000e+01 2.600000000000000000e+01 6.400000000000000000e+01 0.000000000000000000e+00 1.600000000000000089e+00 -2.103999999999999967e-03 -1.131799999999999994e-02 9.999339999999999895e-01 -3.678029999999999911e-01 9.298530000000000406e-01 9.750999999999999251e-03 -9.299009999999999776e-01 -3.677579999999999738e-01 -6.119000000000000307e-03
3.000000000000000000e+00 6.900000000000000000e+01 6.600000000000000000e+01 0.000000000000000000e+00 1.600000000000000089e+00 -3.902000000000000086e-03 1.293000000000000095e-03 9.999909999999999632e-01 -9.487870000000000470e-01 3.158909999999999774e-01 -4.111000000000000071e-03 -3.158929999999999794e-01 -9.487950000000000550e-01 -6.000000000000000152e-06
2.000000000000000000e+00 2.500000000000000000e+01 7.300000000000000000e+01 0.000000000000000000e+00 1.600000000000000089e+00 3.376000000000000095e-03 3.088000000000000033e-03 9.999900000000000455e-01 7.576180000000000136e-01 -6.526980000000000004e-01 -5.419999999999999471e-04 6.526889999999999636e-01 7.576119999999999521e-01 -4.543000000000000163e-03
8.000000000000000000e+00 2.500000000000000000e+01 7.300000000000000000e+01 0.000000000000000000e+00 1.600000000000000089e+00 -2.631999999999999791e-03 -1.991000000000000148e-03 9.999949999999999672e-01 7.572520000000000362e-01 -6.531230000000000091e-01 6.920000000000000153e-04 6.531179999999999763e-01 7.572489999999999499e-01 3.226999999999999834e-03
1.600000000000000000e+01 2.500000000000000000e+01 7.300000000000000000e+01 0.000000000000000000e+00 1.600000000000000089e+00 1.899999999999999996e-03 3.200999999999999852e-03 9.999930000000000208e-01 7.598179999999999934e-01 -6.501360000000000472e-01 6.380000000000000037e-04 6.501329999999999609e-01 7.598110000000000142e-01 -3.667000000000000121e-03
1.900000000000000000e+01 2.500000000000000000e+01 7.300000000000000000e+01 0.000000000000000000e+00 1.600000000000000089e+00 2.701999999999999975e-03 -4.539999999999999765e-04 9.999959999999999960e-01 7.629489999999999883e-01 -6.464539999999999731e-01 -2.354999999999999889e-03 6.464530000000000554e-01 7.629529999999999923e-01 -1.399999999999999986e-03
2.500000000000000000e+01 2.500000000000000000e+01 7.300000000000000000e+01 0.000000000000000000e+00 1.600000000000000089e+00 -3.393000000000000183e-03 -1.357399999999999926e-02 9.999019999999999575e-01 7.529439999999999467e-01 -6.580529999999999990e-01 -6.379000000000000122e-03 6.580759999999999943e-01 7.528489999999999904e-01 1.245300000000000053e-02
6.000000000000000000e+00 4.400000000000000000e+01 7.300000000000000000e+01 0.000000000000000000e+00 1.600000000000000089e+00 1.930999999999999991e-03 2.269999999999999882e-03 9.999959999999999960e-01 5.617799999999999877e-02 -9.984180000000000277e-01 2.158000000000000196e-03 9.984189999999999454e-01 5.617400000000000171e-02 -2.054999999999999969e-03
9.000000000000000000e+00 4.400000000000000000e+01 7.300000000000000000e+01 0.000000000000000000e+00 1.600000000000000089e+00 1.828999999999999897e-03 2.151000000000000134e-03 9.999959999999999960e-01 5.658699999999999841e-02 -9.983959999999999502e-01 2.043999999999999810e-03 9.983959999999999502e-01 5.658400000000000235e-02 -1.948000000000000079e-03
1.900000000000000000e+01 4.400000000000000000e+01 7.300000000000000000e+01 0.000000000000000000e+00 1.600000000000000089e+00 -9.610000000000000486e-04 -2.909999999999999826e-03 9.999949999999999672e-01 5.377400000000000235e-02 -9.985490000000000199e-01 -2.854000000000000200e-03 9.985530000000000239e-01 5.377099999999999935e-02 1.116000000000000021e-03
2.600000000000000000e+01 4.400000000000000000e+01 7.300000000000000000e+01 0.000000000000000000e+00 1.600000000000000089e+00 3.049999999999999868e-04 9.169999999999999549e-04 1.000000000000000000e+00 5.541999999999999704e-02 -9.984629999999999894e-01 8.980000000000000352e-04 9.984629999999999894e-01 5.541900000000000298e-02 -3.550000000000000096e-04
2.000000000000000000e+00 5.100000000000000000e+01 7.600000000000000000e+01 0.000000000000000000e+00 1.600000000000000089e+00 -6.650000000000000095e-04 1.827000000000000065e-03 -9.999980000000000535e-01 -4.043700000000000072e-01 -9.145940000000000181e-01 -1.402000000000000034e-03 -9.145950000000000468e-01 4.043689999999999785e-01 1.347000000000000107e-03
1.100000000000000000e+01 5.100000000000000000e+01 7.600000000000000000e+01 0.000000000000000000e+00 1.600000000000000089e+00 1.871999999999999966e-03 4.510000000000000120e-03 -9.999879999999999880e-01 -4.053490000000000149e-01 -9.141489999999999894e-01 -4.882000000000000055e-03 -9.141599999999999726e-01 4.053530000000000189e-01 1.169999999999999979e-04
2.000000000000000000e+01 5.100000000000000000e+01 7.600000000000000000e+01 0.000000000000000000e+00 1.600000000000000089e+00 1.075000000000000001e-03 -1.278999999999999972e-03 -9.999989999999999712e-01 -4.003950000000000009e-01 -9.163419999999999899e-01 7.420000000000000380e-04 -9.163419999999999899e-01 4.003929999999999989e-01 -1.497000000000000067e-03
3.000000000000000000e+00 9.100000000000000000e+01 7.600000000000000000e+01 0.000000000000000000e+00 1.600000000000000089e+00 6.970000000000000284e-04 1.800000000000000046e-05 1.000000000000000000e+00 2.936429999999999874e-01 -9.559149999999999592e-01 -1.879999999999999890e-04 9.559149999999999592e-01 2.936429999999999874e-01 -6.719999999999999628e-04
9.000000000000000000e+00 9.100000000000000000e+01 7.600000000000000000e+01 0.000000000000000000e+00 1.600000000000000089e+00 2.349999999999999930e-04 3.420000000000000188e-04 1.000000000000000000e+00 2.879180000000000073e-01 -9.576550000000000340e-01 2.599999999999999772e-04 9.576550000000000340e-01 2.879180000000000073e-01 -3.229999999999999907e-04
1.500000000000000000e+01 9.100000000000000000e+01 7.600000000000000000e+01 0.000000000000000000e+00 1.600000000000000089e+00 6.279999999999999775e-04 7.230000000000000098e-04 1.000000000000000000e+00 2.752550000000000274e-01 -9.613709999999999756e-01 5.220000000000000031e-04 9.613709999999999756e-01 2.752539999999999987e-01 -8.030000000000000028e-04
