8.000000000000000000e+00 2.500000000000000000e+01 1.000000000000000000e+00 0.000000000000000000e+00 1.600000000000000089e+00 -7.039999999999999817e-04 1.850000000000000082e-03 -9.999980000000000535e-01 -5.220040000000000235e-01 -8.529419999999999780e-01 -1.209999999999999921e-03 -8.529430000000000067e-01 5.220019999999999660e-01 1.565999999999999901e-03
1.000000000000000000e+01 1.500000000000000000e+01 4.000000000000000000e+00 0.000000000000000000e+00 1.600000000000000089e+00 -8.838999999999999635e-03 4.364300000000000124e-02 9.990080000000000071e-01 4.240639999999999965e-01 -9.045980000000000132e-01 4.327000000000000290e-02 9.055889999999999773e-01 4.240249999999999853e-01 -1.051099999999999951e-02
2.500000000000000000e+01 1.900000000000000000e+01 5.000000000000000000e+00 0.000000000000000000e+00 1.600000000000000089e+00 5.329999999999999669e-03 4.657999999999999814e-03 -9.999749999999999472e-01 -6.938879999999999493e-01 -7.200480000000000214e-01 -7.052000000000000109e-03 -7.200630000000000086e-01 6.939079999999999693e-01 -6.059999999999999849e-04
5.000000000000000000e+00 1.010000000000000000e+02 7.000000000000000000e+00 0.000000000000000000e+00 1.600000000000000089e+00 2.240999999999999936e-03 -8.746000000000000302e-03 9.999590000000000423e-01 8.862060000000000493e-01 4.632859999999999756e-01 2.066000000000000128e-03 -4.632850000000000024e-01 8.861649999999999805e-01 8.788000000000000672e-03
1.200000000000000000e+01 1.010000000000000000e+02 7.000000000000000000e+00 0.000000000000000000e+00 1.600000000000000089e+00 -1.742000000000000059e-03 7.043999999999999914e-03 9.999740000000000295e-01 8.867070000000000229e-01 4.623280000000000167e-01 -1.712999999999999896e-03 -4.623280000000000167e-01 8.866810000000000525e-01 -7.050999999999999976e-03
3.000000000000000000e+00 2.500000000000000000e+01 8.000000000000000000e+00 0.000000000000000000e+00 1.600000000000000089e+00 -1.489999999999999897e-04 2.105000000000000100e-03 -9.999980000000000535e-01 4.400649999999999840e-01 8.979639999999999844e-01 1.825000000000000016e-03 8.979660000000000419e-01 -4.400640000000000107e-01 -1.059999999999999961e-03
8.000000000000000000e+00 2.500000000000000000e+01 8.000000000000000000e+00 0.000000000000000000e+00 1.600000000000000089e+00 2.327000000000000075e-03 6.190000000000000190e-03 -9.999780000000000335e-01 4.386889999999999956e-01 8.986150000000000526e-01 6.583999999999999575e-03 8.986359999999999904e-01 -4.386950000000000016e-01 -6.250000000000000130e-04
1.200000000000000000e+01 2.500000000000000000e+01 8.000000000000000000e+00 0.000000000000000000e+00 1.600000000000000089e+00 1.655999999999999920e-03 2.056000000000000102e-03 -9.999970000000000248e-01 4.380539999999999989e-01 8.989449999999999941e-01 2.573000000000000200e-03 8.989470000000000516e-01 -4.380569999999999742e-01 5.879999999999999810e-04
1.800000000000000000e+01 2.500000000000000000e+01 8.000000000000000000e+00 0.000000000000000000e+00 1.600000000000000089e+00 1.768999999999999956e-03 3.431000000000000022e-03 -9.999930000000000208e-01 4.363330000000000264e-01 8.997770000000000490e-01 3.857999999999999884e-03 8.997840000000000282e-01 -4.363360000000000016e-01 9.500000000000000523e-05
2.200000000000000000e+01 2.500000000000000000e+01 8.000000000000000000e+00 0.000000000000000000e+00 1.600000000000000089e+00 2.213999999999999822e-03 1.366999999999999943e-03 -9.999970000000000248e-01 4.360339999999999772e-01 8.999270000000000325e-01 2.196000000000000035e-03 8.999270000000000325e-01 -4.360379999999999812e-01 1.396000000000000105e-03
2.800000000000000000e+01 2.500000000000000000e+01 8.000000000000000000e+00 0.000000000000000000e+00 1.600000000000000089e+00 -1.456000000000000046e-03 6.700000000000000226e-04 -9.999989999999999712e-01 4.320089999999999764e-01 9.018690000000000317e-01 -2.500000000000000120e-05 9.018680000000000030e-01 -4.320080000000000031e-01 -1.603000000000000041e-03
2.900000000000000000e+01 9.000000000000000000e+00 9.000000000000000000e+00 0.000000000000000000e+00 1.600000000000000089e+00 4.351300000000000306e-02 3.093600000000000169e-02 -9.985739999999999617e-01 -9.590990000000000348e-01 -2.785440000000000138e-01 -5.042200000000000154e-02 -2.797069999999999834e-01 9.599250000000000282e-01 1.755100000000000063e-02
3.000000000000000000e+00 2.400000000000000000e+01 9.000000000000000000e+00 0.000000000000000000e+00 1.600000000000000089e+00 2.449999999999999921e-04 1.740999999999999926e-03 -9.999980000000000535e-01 4.462240000000000095e-01 8.949200000000000488e-01 1.667000000000000079e-03 8.949209999999999665e-01 -4.462240000000000095e-01 -5.580000000000000107e-04
9.000000000000000000e+00 2.400000000000000000e+01 9.000000000000000000e+00 0.000000000000000000e+00 1.600000000000000089e+00 2.345999999999999995e-03 3.997999999999999818e-03 -9.999890000000000168e-01 4.445819999999999772e-01 8.957260000000000222e-01 4.623999999999999638e-03 8.957349999999999479e-01 -4.445879999999999832e-01 3.240000000000000150e-04
1.800000000000000000e+01 2.400000000000000000e+01 9.000000000000000000e+00 0.000000000000000000e+00 1.600000000000000089e+00 1.497000000000000067e-03 4.300000000000000003e-03 -9.999900000000000455e-01 4.419310000000000183e-01 8.970380000000000020e-01 4.518999999999999580e-03 8.970479999999999565e-01 -4.419330000000000203e-01 -5.569999999999999864e-04
2.300000000000000000e+01 2.400000000000000000e+01 9.000000000000000000e+00 0.000000000000000000e+00 1.600000000000000089e+00 1.551000000000000078e-03 2.573999999999999899e-03 -9.999949999999999672e-01 4.419239999999999835e-01 8.970470000000000388e-01 2.994999999999999832e-03 8.970510000000000428e-01 -4.419270000000000143e-01 2.530000000000000239e-04
2.700000000000000000e+01 2.400000000000000000e+01 9.000000000000000000e+00 0.000000000000000000e+00 1.600000000000000089e+00 1.900000000000000105e-04 1.794999999999999938e-03 -9.999980000000000535e-01 4.378719999999999835e-01 8.990359999999999463e-01 1.696999999999999941e-03 8.990369999999999751e-01 -4.378719999999999835e-01 -6.149999999999999868e-04
2.000000000000000000e+00 7.000000000000000000e+00 1.000000000000000000e+01 0.000000000000000000e+00 1.600000000000000089e+00 -3.999199999999999977e-02 -4.582800000000000068e-02 -9.981480000000000352e-01 -9.592469999999999608e-01 -2.778930000000000011e-01 5.119300000000000239e-02 -2.797250000000000014e-01 9.595179999999999820e-01 -3.284700000000000120e-02
2.300000000000000000e+01 8.000000000000000000e+00 1.000000000000000000e+01 0.000000000000000000e+00 1.600000000000000089e+00 9.015299999999999703e-02 5.175600000000000339e-02 -9.945819999999999661e-01 -9.850069999999999659e-01 -1.428500000000000048e-01 -9.671799999999999842e-02 -1.470819999999999905e-01 9.883899999999999908e-01 3.810100000000000292e-02
1.200000000000000000e+01 3.000000000000000000e+00 1.100000000000000000e+01 0.000000000000000000e+00 1.600000000000000089e+00 -6.204000000000000313e-03 1.058850000000000069e-01 9.943589999999999929e-01 1.352820000000000134e-01 -9.851480000000000237e-01 1.057489999999999958e-01 9.907880000000000020e-01 1.351749999999999896e-01 -8.212999999999999814e-03
2.100000000000000000e+01 4.000000000000000000e+00 1.100000000000000000e+01 0.000000000000000000e+00 1.600000000000000089e+00 -1.191000000000000001e-03 1.156760000000000010e-01 9.932860000000000023e-01 1.541210000000000080e-01 -9.813979999999999926e-01 1.144769999999999954e-01 9.880510000000000126e-01 1.532219999999999971e-01 -1.665900000000000020e-02
2.900000000000000000e+01 1.200000000000000000e+01 1.600000000000000000e+01 0.000000000000000000e+00 1.600000000000000089e+00 -5.339999999999999695e-04 8.453000000000000444e-03 9.999639999999999640e-01 2.636379999999999835e-01 -9.645860000000000545e-01 8.295000000000000290e-03 9.646209999999999507e-01 2.636330000000000062e-01 -1.712999999999999896e-03
5.000000000000000000e+00 1.160000000000000000e+02 1.600000000000000000e+01 0.000000000000000000e+00 1.600000000000000089e+00 1.659999999999999963e-04 5.060000000000000478e-04 1.000000000000000000e+00 7.543490000000000473e-01 6.564729999999999732e-01 -4.569999999999999952e-04 -6.564729999999999732e-01 7.543490000000000473e-01 -2.730000000000000222e-04
9.000000000000000000e+00 1.160000000000000000e+02 1.600000000000000000e+01 0.000000000000000000e+00 1.600000000000000089e+00 -4.879999999999999898e-04 -1.935000000000000088e-03 9.999980000000000535e-01 7.533480000000000176e-01 6.576199999999999823e-01 1.639999999999999965e-03 -6.576220000000000399e-01 7.533469999999999889e-01 1.136999999999999990e-03
1.200000000000000000e+01 1.160000000000000000e+02 1.600000000000000000e+01 0.000000000000000000e+00 1.600000000000000089e+00 -3.420000000000000188e-04 -2.249000000000000131e-03 9.999970000000000248e-01 7.595600000000000129e-01 6.504349999999999854e-01 1.722999999999999922e-03 -6.504370000000000429e-01 7.595589999999999842e-01 1.485999999999999908e-03
1.800000000000000000e+01 1.160000000000000000e+02 1.600000000000000000e+01 0.000000000000000000e+00 1.600000000000000089e+00 -1.374999999999999920e-03 -9.169999999999999549e-04 9.999989999999999712e-01 7.415079999999999449e-01 6.709420000000000384e-01 1.634000000000000036e-03 -6.709429999999999561e-01 7.415089999999999737e-01 -2.420000000000000005e-04
2.300000000000000000e+01 1.160000000000000000e+02 1.600000000000000000e+01 0.000000000000000000e+00 1.600000000000000089e+00 -2.505999999999999981e-03 -7.159999999999999481e-04 9.999970000000000248e-01 7.501560000000000450e-01 6.612569999999999837e-01 2.353000000000000057e-03 -6.612569999999999837e-01 7.501590000000000202e-01 -1.119999999999999902e-03
2.600000000000000000e+01 1.160000000000000000e+02 1.600000000000000000e+01 0.000000000000000000e+00 1.600000000000000089e+00 -4.099000000000000213e-03 -2.118000000000000091e-03 9.999890000000000168e-01 7.542060000000000430e-01 6.566229999999999567e-01 4.481999999999999873e-03 -6.566260000000000430e-01 7.542159999999999975e-01 -1.093999999999999920e-03
7.000000000000000000e+00 2.000000000000000000e+00 1.900000000000000000e+01 0.000000000000000000e+00 1.600000000000000089e+00 5.230000000000000274e-04 1.131300000000000014e-02 -9.999360000000000470e-01 3.647869999999999724e-01 -9.310340000000000282e-01 -1.034200000000000050e-02 -9.310910000000000020e-01 -3.647580000000000267e-01 -4.614000000000000046e-03
2.900000000000000000e+01 2.000000000000000000e+00 1.900000000000000000e+01 0.000000000000000000e+00 1.600000000000000089e+00 -7.780000000000000457e-04 -5.088999999999999774e-03 -9.999869999999999592e-01 3.566829999999999723e-01 -9.342150000000000176e-01 4.477000000000000077e-03 -9.342249999999999721e-01 -3.566750000000000198e-01 2.543000000000000121e-03
1.100000000000000000e+01 3.000000000000000000e+00 1.900000000000000000e+01 0.000000000000000000e+00 1.600000000000000089e+00 3.275999999999999832e-03 3.605699999999999877e-02 -9.993440000000000101e-01 3.407919999999999838e-01 -9.395670000000000410e-01 -3.278299999999999964e-02 -9.401329999999999965e-01 -3.404610000000000136e-01 -1.536599999999999945e-02
1.500000000000000000e+01 3.000000000000000000e+00 1.900000000000000000e+01 0.000000000000000000e+00 1.600000000000000089e+00 5.559999999999999621e-04 5.049100000000000116e-02 -9.987239999999999451e-01 3.483939999999999815e-01 -9.361620000000000497e-01 -4.713400000000000228e-02 -9.373479999999999590e-01 -3.479229999999999823e-01 -1.811099999999999863e-02
1.900000000000000000e+01 3.000000000000000000e+00 1.900000000000000000e+01 0.000000000000000000e+00 1.600000000000000089e+00 -4.081000000000000426e-03 4.698499999999999899e-02 -9.988869999999999694e-01 3.541070000000000051e-01 -9.341030000000000166e-01 -4.538400000000000073e-02 -9.351960000000000273e-01 -3.538979999999999904e-01 -1.282600000000000059e-02
2.300000000000000000e+01 3.000000000000000000e+00 1.900000000000000000e+01 0.000000000000000000e+00 1.600000000000000089e+00 -5.160999999999999789e-03 2.729600000000000082e-02 -9.996140000000000025e-01 3.512899999999999912e-01 -9.358659999999999757e-01 -2.736900000000000097e-02 -9.362519999999999731e-01 -3.512959999999999972e-01 -4.759000000000000209e-03
3.000000000000000000e+00 1.300000000000000000e+01 2.000000000000000000e+01 0.000000000000000000e+00 1.600000000000000089e+00 1.250000000000000026e-04 9.672000000000000042e-03 9.999529999999999808e-01 2.613940000000000152e-01 9.651870000000000172e-01 -9.367999999999999591e-03 -9.652319999999999789e-01 2.613829999999999765e-01 -2.406999999999999851e-03
7.000000000000000000e+00 1.300000000000000000e+01 2.000000000000000000e+01 0.000000000000000000e+00 1.600000000000000089e+00 -8.480000000000000124e-04 -2.471999999999999805e-03 9.999970000000000248e-01 2.613710000000000200e-01 9.652349999999999541e-01 2.606999999999999942e-03 -9.652380000000000404e-01 2.613719999999999932e-01 -1.720000000000000066e-04
2.000000000000000000e+01 1.300000000000000000e+01 2.000000000000000000e+01 0.000000000000000000e+00 1.600000000000000089e+00 1.119999999999999983e-04 -3.487000000000000082e-03 9.999940000000000495e-01 2.606740000000000168e-01 9.654209999999999736e-01 3.337000000000000122e-03 -9.654270000000000351e-01 2.606720000000000148e-01 1.016999999999999892e-03
2.700000000000000000e+01 1.300000000000000000e+01 2.000000000000000000e+01 0.000000000000000000e+00 1.600000000000000089e+00 5.469999999999999602e-04 8.220000000000000310e-04 1.000000000000000000e+00 2.630750000000000033e-01 9.647750000000000492e-01 -9.370000000000000074e-04 -9.647750000000000492e-01 2.630750000000000033e-01 3.110000000000000243e-04
7.000000000000000000e+00 1.600000000000000000e+01 2.100000000000000000e+01 0.000000000000000000e+00 1.600000000000000089e+00 -1.858000000000000059e-03 -5.199999999999999761e-03 9.999850000000000128e-01 2.989479999999999915e-01 9.542530000000000179e-01 5.518000000000000335e-03 -9.542669999999999764e-01 2.989539999999999975e-01 -2.190000000000000106e-04
2.700000000000000000e+01 1.600000000000000000e+01 2.100000000000000000e+01 0.000000000000000000e+00 1.600000000000000089e+00 4.440000000000000045e-04 1.492999999999999969e-03 9.999989999999999712e-01 2.999550000000000272e-01 9.539520000000000222e-01 -1.557999999999999923e-03 -9.539530000000000509e-01 2.999560000000000004e-01 -2.400000000000000061e-05
4.000000000000000000e+00 2.000000000000000000e+00 2.500000000000000000e+01 0.000000000000000000e+00 1.600000000000000089e+00 7.259999999999999743e-04 -3.958999999999999846e-03 9.999919999999999920e-01 6.436100000000000154e-02 -9.979190000000000005e-01 -3.996999999999999685e-03 9.979259999999999797e-01 6.436300000000000354e-02 -4.699999999999999859e-04
3.000000000000000000e+00 3.000000000000000000e+00 2.500000000000000000e+01 0.000000000000000000e+00 1.600000000000000089e+00 3.190000000000000019e-04 -4.440999999999999635e-03 9.999900000000000455e-01 -1.893099999999999991e-02 -9.998110000000000053e-01 -4.433999999999999574e-03 9.998209999999999598e-01 -1.892999999999999891e-02 -4.029999999999999837e-04
9.000000000000000000e+00 3.000000000000000000e+00 2.500000000000000000e+01 0.000000000000000000e+00 1.600000000000000089e+00 1.598000000000000028e-03 5.834999999999999909e-03 9.999820000000000375e-01 -1.788000000000000006e-02 -9.998230000000000173e-01 5.863000000000000156e-03 9.998390000000000333e-01 -1.788899999999999865e-02 -1.492999999999999969e-03
2.400000000000000000e+01 3.000000000000000000e+00 2.500000000000000000e+01 0.000000000000000000e+00 1.600000000000000089e+00 -4.929999999999999487e-04 9.195999999999999314e-03 9.999580000000000135e-01 3.563899999999999707e-02 -9.993220000000000436e-01 9.206999999999999906e-03 9.993649999999999478e-01 3.564200000000000007e-02 1.649999999999999991e-04
7.000000000000000000e+00 4.600000000000000000e+01 2.700000000000000000e+01 0.000000000000000000e+00 1.600000000000000089e+00 -2.120000000000000031e-04 -5.450000000000000200e-04 -1.000000000000000000e+00 6.799389999999999601e-01 7.332689999999999486e-01 -5.429999999999999714e-04 7.332689999999999486e-01 -6.799389999999999601e-01 2.149999999999999947e-04
2.000000000000000000e+00 4.600000000000000000e+01 3.000000000000000000e+01 0.000000000000000000e+00 1.600000000000000089e+00 -5.980000000000000072e-04 -1.193000000000000050e-03 -9.999989999999999712e-01 3.298849999999999838e-01 9.440199999999999703e-01 -1.322999999999999957e-03 9.440209999999999990e-01 -3.298849999999999838e-01 -1.710000000000000094e-04
5.000000000000000000e+00 4.600000000000000000e+01 3.500000000000000000e+01 0.000000000000000000e+00 1.600000000000000089e+00 -1.436999999999999909e-03 -1.722999999999999922e-03 -9.999970000000000248e-01 3.894599999999999729e-01 -9.210429999999999451e-01 1.026999999999999918e-03 -9.210420000000000273e-01 -3.894580000000000264e-01 1.994999999999999812e-03
9.000000000000000000e+00 4.600000000000000000e+01 3.500000000000000000e+01 0.000000000000000000e+00 1.600000000000000089e+00 -1.101999999999999898e-03 -1.526000000000000013e-03 -9.999980000000000535e-01 3.906330000000000080e-01 -9.205459999999999754e-01 9.740000000000000394e-04 -9.205459999999999754e-01 -3.906310000000000060e-01 1.610000000000000103e-03
1.300000000000000000e+01 4.600000000000000000e+01 3.500000000000000000e+01 0.000000000000000000e+00 1.600000000000000089e+00 -8.559999999999999901e-04 -3.681999999999999943e-03 -9.999930000000000208e-01 3.933159999999999989e-01 -9.193980000000000485e-01 3.049000000000000061e-03 -9.194029999999999703e-01 -3.933099999999999929e-01 2.235000000000000007e-03
1.800000000000000000e+01 4.600000000000000000e+01 3.500000000000000000e+01 0.000000000000000000e+00 1.600000000000000089e+00 -9.000000000000000228e-06 1.154000000000000078e-03 -9.999989999999999712e-01 3.936899999999999844e-01 -9.192430000000000323e-01 -1.064000000000000059e-03 -9.192430000000000323e-01 -3.936890000000000112e-01 -4.459999999999999989e-04
2.700000000000000000e+01 4.600000000000000000e+01 3.500000000000000000e+01 0.000000000000000000e+00 1.600000000000000089e+00 -8.210000000000000067e-04 -2.599000000000000182e-03 -9.999959999999999960e-01 3.915930000000000244e-01 -9.201359999999999539e-01 2.069999999999999792e-03 -9.201380000000000114e-01 -3.915899999999999936e-01 1.773000000000000053e-03
2.000000000000000000e+01 9.500000000000000000e+01 3.600000000000000000e+01 0.000000000000000000e+00 1.600000000000000089e+00 -6.323999999999999760e-03 -1.044800000000000069e-02 9.999249999999999527e-01 9.957570000000000032e-01 9.173499999999999710e-02 7.256000000000000297e-03 -9.180399999999999672e-02 9.957289999999999752e-01 9.823000000000000134e-03
2.400000000000000000e+01 6.000000000000000000e+01 3.900000000000000000e+01 0.000000000000000000e+00 1.600000000000000089e+00 -1.309000000000000051e-03 -1.140200000000000068e-02 -9.999339999999999895e-01 2.962750000000000106e-01 -9.550450000000000328e-01 1.050199999999999918e-02 -9.551020000000000065e-01 -2.962420000000000053e-01 4.628000000000000169e-03
7.000000000000000000e+00 2.900000000000000000e+01 4.400000000000000000e+01 0.000000000000000000e+00 1.600000000000000089e+00 -2.305999999999999890e-03 2.452999999999999885e-03 -9.999940000000000495e-01 6.588669999999999805e-01 7.522590000000000110e-01 3.260000000000000094e-04 7.522560000000000358e-01 -6.588629999999999765e-01 -3.350000000000000113e-03
1.800000000000000000e+01 2.900000000000000000e+01 4.400000000000000000e+01 0.000000000000000000e+00 1.600000000000000089e+00 -1.730999999999999900e-03 -1.874000000000000015e-03 -9.999970000000000248e-01 6.577979999999999938e-01 7.531900000000000261e-01 -2.550000000000000183e-03 7.531919999999999726e-01 -6.578000000000000513e-01 -7.100000000000000462e-05
2.600000000000000000e+01 2.900000000000000000e+01 4.400000000000000000e+01 0.000000000000000000e+00 1.600000000000000089e+00 -1.649999999999999991e-03 -3.410999999999999970e-03 -9.999930000000000208e-01 6.599300000000000166e-01 7.513180000000000414e-01 -3.651000000000000165e-03 7.513250000000000206e-01 -6.599310000000000453e-01 1.010999999999999963e-03
2.100000000000000000e+01 4.000000000000000000e+00 5.000000000000000000e+01 0.000000000000000000e+00 1.600000000000000089e+00 1.180000000000000059e-03 -3.275000000000000133e-03 -9.999940000000000495e-01 5.323999999999999844e-01 -8.464859999999999607e-01 3.399999999999999811e-03 -8.464920000000000222e-01 -5.324010000000000131e-01 7.450000000000000025e-04
2.500000000000000000e+01 1.150000000000000000e+02 5.100000000000000000e+01 0.000000000000000000e+00 1.600000000000000089e+00 -2.589999999999999854e-03 -4.598999999999999790e-03 9.999860000000000415e-01 8.471309999999999674e-01 -5.313849999999999962e-01 -2.500000000000000052e-04 5.313780000000000170e-01 8.471180000000000376e-01 5.272999999999999909e-03
2.900000000000000000e+01 1.150000000000000000e+02 5.100000000000000000e+01 0.000000000000000000e+00 1.600000000000000089e+00 -2.253999999999999927e-03 -4.499999999999999877e-04 9.999970000000000248e-01 8.472020000000000106e-01 -5.312689999999999912e-01 1.670999999999999959e-03 5.312660000000000160e-01 8.472030000000000394e-01 1.579000000000000108e-03
2.000000000000000000e+00 6.300000000000000000e+01 5.400000000000000000e+01 0.000000000000000000e+00 1.600000000000000089e+00 1.389000000000000044e-03 2.171000000000000187e-03 9.999970000000000248e-01 -3.513209999999999944e-01 9.362540000000000306e-01 -1.544999999999999932e-03 -9.362540000000000306e-01 -3.513180000000000192e-01 2.063000000000000164e-03
8.000000000000000000e+00 6.300000000000000000e+01 5.400000000000000000e+01 0.000000000000000000e+00 1.600000000000000089e+00 1.508000000000000009e-03 5.460000000000000443e-04 9.999989999999999712e-01 -3.525880000000000125e-01 9.357779999999999987e-01 2.000000000000000164e-05 -9.357769999999999699e-01 -3.525880000000000125e-01 1.603999999999999957e-03
1.300000000000000000e+01 6.300000000000000000e+01 5.400000000000000000e+01 0.000000000000000000e+00 1.600000000000000089e+00 1.310000000000000129e-04 -3.203999999999999817e-03 9.999949999999999672e-01 -3.506650000000000045e-01 9.364959999999999951e-01 3.046999999999999795e-03 -9.365010000000000279e-01 -3.506630000000000025e-01 -1.000999999999999937e-03
1.800000000000000000e+01 6.300000000000000000e+01 5.400000000000000000e+01 0.000000000000000000e+00 1.600000000000000089e+00 -1.417000000000000074e-03 -4.225999999999999722e-03 9.999900000000000455e-01 -3.513049999999999784e-01 9.362549999999999484e-01 3.458999999999999835e-03 -9.362599999999999811e-01 -3.512959999999999972e-01 -2.811000000000000131e-03
1.000000000000000000e+01 2.500000000000000000e+01 5.500000000000000000e+01 0.000000000000000000e+00 1.600000000000000089e+00 -1.689999999999999879e-04 4.699999999999999859e-04 -1.000000000000000000e+00 -1.393199999999999994e-02 -9.999029999999999863e-01 -4.670000000000000214e-04 -9.999029999999999863e-01 1.393199999999999994e-02 1.749999999999999982e-04
3.000000000000000000e+01 2.500000000000000000e+01 5.500000000000000000e+01 0.000000000000000000e+00 1.600000000000000089e+00 2.235000000000000007e-03 -2.390000000000000089e-04 -9.999970000000000248e-01 -1.001999999999999939e-02 -9.999500000000000055e-01 2.159999999999999919e-04 -9.999470000000000303e-01 1.001900000000000013e-02 -2.236999999999999839e-03
1.400000000000000000e+01 2.600000000000000000e+01 5.500000000000000000e+01 0.000000000000000000e+00 1.600000000000000089e+00 1.315999999999999896e-03 5.100999999999999632e-03 -9.999860000000000415e-01 -3.304499999999999799e-02 -9.994410000000000238e-01 -5.141999999999999869e-03 -9.994530000000000358e-01 3.305099999999999705e-02 -1.147000000000000016e-03
1.000000000000000000e+00 6.800000000000000000e+01 5.700000000000000000e+01 0.000000000000000000e+00 1.600000000000000089e+00 8.149999999999999693e-04 1.340000000000000045e-03 -9.999989999999999712e-01 -2.414830000000000032e-01 -9.704040000000000443e-01 -1.497000000000000067e-03 -9.704049999999999621e-01 2.414840000000000042e-01 -4.670000000000000214e-04
2.000000000000000000e+00 2.100000000000000000e+01 6.000000000000000000e+01 0.000000000000000000e+00 1.600000000000000089e+00 -2.235000000000000007e-03 2.014999999999999864e-03 9.999959999999999960e-01 -9.520299999999999596e-02 9.954549999999999788e-01 -2.217999999999999920e-03 -9.954549999999999788e-01 -9.520699999999999996e-02 -2.033000000000000085e-03
8.000000000000000000e+00 2.100000000000000000e+01 6.000000000000000000e+01 0.000000000000000000e+00 1.600000000000000089e+00 7.140000000000000079e-04 -7.433999999999999636e-03 9.999719999999999720e-01 -9.668999999999999817e-02 9.952860000000000040e-01 7.467999999999999812e-03 -9.953140000000000320e-01 -9.669300000000000117e-02 -7.999999999999999638e-06
1.200000000000000000e+01 2.100000000000000000e+01 6.000000000000000000e+01 0.000000000000000000e+00 1.600000000000000089e+00 1.675999999999999972e-03 -1.180000000000000059e-03 9.999980000000000535e-01 -9.719999999999999474e-02 9.952640000000000375e-01 1.337000000000000081e-03 -9.952640000000000375e-01 -9.720199999999999674e-02 1.554000000000000043e-03
1.600000000000000000e+01 2.100000000000000000e+01 6.000000000000000000e+01 0.000000000000000000e+00 1.600000000000000089e+00 -1.601999999999999908e-03 6.786000000000000365e-03 9.999759999999999760e-01 -9.576999999999999402e-02 9.953800000000000425e-01 -6.908000000000000078e-03 -9.954020000000000090e-01 -9.577900000000000302e-02 -9.439999999999999607e-04
2.100000000000000000e+01 2.100000000000000000e+01 6.000000000000000000e+01 0.000000000000000000e+00 1.600000000000000089e+00 -7.540000000000000044e-04 1.760999999999999979e-03 9.999980000000000535e-01 -9.568899999999999628e-02 9.954100000000000170e-01 -1.825000000000000016e-03 -9.954110000000000458e-01 -9.568999999999999728e-02 -5.820000000000000520e-04
2.800000000000000000e+01 2.100000000000000000e+01 6.000000000000000000e+01 0.000000000000000000e+00 1.600000000000000089e+00 -3.699999999999999811e-05 -4.435999999999999839e-03 9.999900000000000455e-01 -9.210000000000000131e-02 9.957399999999999585e-01 4.413000000000000256e-03 -9.957500000000000240e-01 -9.209900000000000031e-02 -4.449999999999999746e-04
3.000000000000000000e+00 6.700000000000000000e+01 6.000000000000000000e+01 0.000000000000000000e+00 1.600000000000000089e+00 -1.541000000000000052e-03 -3.488000000000000215e-03 9.999930000000000208e-01 1.761729999999999963e-01 -9.843539999999999512e-01 -3.161999999999999880e-03 9.843579999999999552e-01 1.761669999999999903e-01 2.132000000000000214e-03
1.500000000000000000e+01 3.000000000000000000e+00 6.300000000000000000e+01 0.000000000000000000e+00 1.600000000000000089e+00 -1.121000000000000035e-03 -3.820000000000000045e-03 9.999919999999999920e-01 -6.132250000000000201e-01 7.899049999999999683e-01 2.330000000000000040e-03 -7.899080000000000545e-01 -6.132170000000000121e-01 -3.227999999999999967e-03
3.000000000000000000e+00 2.700000000000000000e+01 6.300000000000000000e+01 0.000000000000000000e+00 1.600000000000000089e+00 -1.142999999999999919e-03 -9.790000000000000525e-04 9.999989999999999712e-01 -2.749820000000000042e-01 9.614489999999999981e-01 6.269999999999999532e-04 -9.614489999999999981e-01 -2.749809999999999754e-01 -1.368000000000000075e-03
1.200000000000000000e+01 2.700000000000000000e+01 6.300000000000000000e+01 0.000000000000000000e+00 1.600000000000000089e+00 1.768000000000000040e-03 -5.419999999999999471e-04 9.999980000000000535e-01 -2.747550000000000270e-01 9.615139999999999798e-01 1.007000000000000083e-03 -9.615129999999999511e-01 -2.747560000000000002e-01 1.551000000000000078e-03
1.700000000000000000e+01 2.700000000000000000e+01 6.300000000000000000e+01 0.000000000000000000e+00 1.600000000000000089e+00 -1.544000000000000017e-03 1.642000000000000013e-03 9.999970000000000248e-01 -2.777229999999999976e-01 9.606590000000000407e-01 -2.005999999999999971e-03 -9.606599999999999584e-01 -2.777249999999999996e-01 -1.026999999999999918e-03
2.000000000000000000e+01 2.700000000000000000e+01 6.300000000000000000e+01 0.000000000000000000e+00 1.600000000000000089e+00 -2.869999999999999830e-04 4.325999999999999984e-03 9.999909999999999632e-01 -2.780309999999999726e-01 9.605629999999999447e-01 -4.235000000000000049e-03 -9.605719999999999814e-01 -2.780299999999999994e-01 9.269999999999999811e-04
2.300000000000000000e+01 2.700000000000000000e+01 6.300000000000000000e+01 0.000000000000000000e+00 1.600000000000000089e+00 2.632999999999999924e-03 6.354000000000000273e-03 9.999759999999999760e-01 -2.765409999999999813e-01 9.609870000000000356e-01 -5.379000000000000101e-03 -9.609980000000000189e-01 -2.765210000000000168e-01 4.287000000000000012e-03
2.800000000000000000e+01 2.700000000000000000e+01 6.300000000000000000e+01 0.000000000000000000e+00 1.600000000000000089e+00 4.350000000000000026e-04 7.676999999999999796e-03 9.999700000000000255e-01 -2.698960000000000248e-01 9.628619999999999957e-01 -7.275000000000000216e-03 -9.628889999999999949e-01 -2.698849999999999860e-01 2.491000000000000159e-03
2.000000000000000000e+00 2.600000000000000000e+01 6.400000000000000000e+01 0.000000000000000000e+00 1.600000000000000089e+00 -1.851999999999999914e-03 -1.647999999999999942e-03 9.999970000000000248e-01 -3.673540000000000139e-01 9.300810000000000466e-01 8.520000000000000013e-04 -9.300789999999999891e-01 -3.673520000000000119e-01 -2.328000000000000208e-03
1.200000000000000000e+01 2.600000000000000000e+01 6.400000000000000000e+01 0.000000000000000000e+00 1.600000000000000089e+00 2.350999999999999791e-03 1.890000000000000133e-04 9.999970000000000248e-01 -3.670669999999999766e-01 9.301939999999999653e-01 6.870000000000000022e-04 -9.301920000000000188e-01 -3.670669999999999766e-01 2.256000000000000193e-03
1.700000000000000000e+01 2.600000000000000000e+01 6.400000000000000000e+01 0.000000000000000000e+00 1.600000000000000089e+00 -1.978000000000000157e-03 2.317000000000000049e-03 9.999949999999999672e-01 -3.711459999999999759e-01 9.285700000000000065e-01 -2.886000000000000110e-03 -9.285719999999999530e-01 -3.711499999999999799e-01 -9.770000000000000039e-04
2.100000000000000000e+01 2.600000000000000000e+01 6.400000000000000000e+01 0.000000000000000000e+00 1.600000000000000089e+00 2.200000000000000078e-04 3.983000000000000429e-03 9.999919999999999920e-01 -3.717520000000000269e-01 9.283249999999999558e-01 -3.615999999999999857e-03 -9.283320000000000460e-01 -3.717489999999999961e-01 1.685000000000000083e-03
2.300000000000000000e+01 2.600000000000000000e+01 6.400000000000000000e+01 0.000000000000000000e+00 1.600000000000000089e+00 2.164000000000000125e-03 4.355999999999999629e-03 9.999879999999999880e-01 -3.702929999999999833e-01 9.289100000000000135e-01 -3.245000000000000055e-03 -9.289129999999999887e-01 -3.702810000000000268e-01 3.622999999999999918e-03
2.900000000000000000e+01 2.600000000000000000e+01 6.400000000000000000e+01 0.000000000000000000e+00 1.600000000000000089e+00 -1.991999999999999847e-03 5.015999999999999626e-03 9.999850000000000128e-01 -3.616210000000000258e-01 9.323090000000000543e-01 -5.395999999999999755e-03 -9.323230000000000128e-01 -3.616269999999999762e-01 -4.300000000000000165e-05
6.000000000000000000e+00 6.900000000000000000e+01 6.600000000000000000e+01 0.000000000000000000e+00 1.600000000000000089e+00 1.765000000000000076e-03 1.111000000000000008e-03 9.999980000000000535e-01 -9.532850000000000490e-01 3.020680000000000032e-01 1.345999999999999974e-03 -3.020660000000000012e-01 -9.532859999999999667e-01 1.592000000000000099e-03
2.300000000000000000e+01 6.900000000000000000e+01 6.600000000000000000e+01 0.000000000000000000e+00 1.600000000000000089e+00 1.649999999999999991e-04 -4.200999999999999873e-03 9.999909999999999632e-01 -9.493120000000000447e-01 3.143329999999999735e-01 1.477000000000000014e-03 -3.143360000000000043e-01 -9.493040000000000367e-01 -3.936000000000000262e-03
5.000000000000000000e+00 2.500000000000000000e+01 7.300000000000000000e+01 0.000000000000000000e+00 1.600000000000000089e+00 2.004000000000000139e-03 1.474999999999999966e-03 9.999970000000000248e-01 7.578190000000000204e-01 -6.524640000000000439e-01 -5.559999999999999621e-04 6.524619999999999864e-01 7.578179999999999916e-01 -2.425000000000000072e-03
1.000000000000000000e+01 2.500000000000000000e+01 7.300000000000000000e+01 0.000000000000000000e+00 1.600000000000000089e+00 -3.970000000000000005e-04 4.899999999999999842e-04 1.000000000000000000e+00 7.583509999999999973e-01 -6.518469999999999542e-01 6.199999999999999999e-04 6.518469999999999542e-01 7.583509999999999973e-01 -1.119999999999999983e-04
1.700000000000000000e+01 2.500000000000000000e+01 7.300000000000000000e+01 0.000000000000000000e+00 1.600000000000000089e+00 -4.550000000000000008e-04 1.464999999999999939e-03 9.999989999999999712e-01 7.541710000000000358e-01 -6.566769999999999552e-01 1.304999999999999953e-03 6.566779999999999839e-01 7.541700000000000070e-01 -8.059999999999999673e-04
2.100000000000000000e+01 2.500000000000000000e+01 7.300000000000000000e+01 0.000000000000000000e+00 1.600000000000000089e+00 -9.340000000000000429e-04 -4.539999999999999765e-04 9.999989999999999712e-01 7.565300000000000358e-01 -6.539589999999999570e-01 4.099999999999999912e-04 6.539589999999999570e-01 7.565300000000000358e-01 9.539999999999999869e-04
2.400000000000000000e+01 2.500000000000000000e+01 7.300000000000000000e+01 0.000000000000000000e+00 1.600000000000000089e+00 -1.520000000000000084e-03 -3.853999999999999787e-03 9.999909999999999632e-01 7.555739999999999679e-01 -6.550620000000000331e-01 -1.376000000000000053e-03 6.550620000000000331e-01 7.555650000000000421e-01 3.908000000000000015e-03
2.900000000000000000e+01 2.500000000000000000e+01 7.300000000000000000e+01 0.000000000000000000e+00 1.600000000000000089e+00 2.769999999999999893e-03 3.009999999999999980e-04 9.999959999999999960e-01 7.532119999999999926e-01 -6.577749999999999986e-01 -1.887999999999999921e-03 6.577720000000000233e-01 7.532149999999999679e-01 -2.047999999999999907e-03
2.000000000000000000e+00 4.400000000000000000e+01 7.300000000000000000e+01 0.000000000000000000e+00 1.600000000000000089e+00 2.465000000000000177e-03 -9.629999999999999888e-04 9.999959999999999960e-01 5.454099999999999920e-02 -9.985110000000000374e-01 -1.095999999999999969e-03 9.985079999999999512e-01 5.454400000000000220e-02 -2.409000000000000117e-03
7.000000000000000000e+00 4.400000000000000000e+01 7.300000000000000000e+01 0.000000000000000000e+00 1.600000000000000089e+00 3.780000000000000265e-04 4.889999999999999599e-04 1.000000000000000000e+00 5.753699999999999787e-02 -9.983429999999999804e-01 4.659999999999999971e-04 9.983429999999999804e-01 5.753599999999999687e-02 -4.049999999999999781e-04
1.300000000000000000e+01 4.400000000000000000e+01 7.300000000000000000e+01 0.000000000000000000e+00 1.600000000000000089e+00 -6.459999999999999814e-04 -1.534999999999999906e-03 9.999989999999999712e-01 5.469500000000000056e-02 -9.985020000000000007e-01 -1.497999999999999983e-03 9.985030000000000294e-01 5.469399999999999956e-02 7.290000000000000473e-04
1.700000000000000000e+01 4.400000000000000000e+01 7.300000000000000000e+01 0.000000000000000000e+00 1.600000000000000089e+00 -2.460000000000000164e-04 -8.760000000000000425e-04 1.000000000000000000e+00 5.497300000000000103e-02 -9.984870000000000134e-01 -8.610000000000000032e-04 9.984880000000000422e-01 5.497300000000000103e-02 2.939999999999999905e-04
2.300000000000000000e+01 4.400000000000000000e+01 7.300000000000000000e+01 0.000000000000000000e+00 1.600000000000000089e+00 -7.100000000000000462e-05 -5.140000000000000254e-04 1.000000000000000000e+00 5.351399999999999907e-02 -9.985669999999999824e-01 -5.100000000000000366e-04 9.985669999999999824e-01 5.351299999999999807e-02 9.899999999999999404e-05
2.600000000000000000e+01 4.400000000000000000e+01 7.300000000000000000e+01 0.000000000000000000e+00 1.600000000000000089e+00 4.859999999999999954e-04 -2.049000000000000040e-03 9.999980000000000535e-01 5.360100000000000281e-02 -9.985600000000000032e-01 -2.072000000000000057e-03 9.985619999999999497e-01 5.360199999999999687e-02 -3.750000000000000078e-04
4.000000000000000000e+00 9.100000000000000000e+01 7.600000000000000000e+01 0.000000000000000000e+00 1.600000000000000089e+00 2.919999999999999961e-04 -1.874999999999999931e-03 9.999980000000000535e-01 3.223409999999999886e-01 -9.466219999999999635e-01 -1.869000000000000002e-03 9.466229999999999922e-01 3.223409999999999886e-01 3.280000000000000038e-04
9.000000000000000000e+00 9.100000000000000000e+01 7.600000000000000000e+01 0.000000000000000000e+00 1.600000000000000089e+00 1.969999999999999963e-03 -9.309999999999999699e-04 9.999980000000000535e-01 3.195979999999999932e-01 -9.475519999999999499e-01 -1.512000000000000106e-03 9.475510000000000321e-01 3.195999999999999952e-01 -1.569000000000000082e-03
1.500000000000000000e+01 9.100000000000000000e+01 7.600000000000000000e+01 0.000000000000000000e+00 1.600000000000000089e+00 -2.139999999999999975e-03 -1.456000000000000046e-03 9.999970000000000248e-01 3.009669999999999845e-01 -9.536339999999999817e-01 -7.439999999999999782e-04 9.536320000000000352e-01 3.009640000000000093e-01 2.478999999999999867e-03
1.900000000000000000e+01 9.100000000000000000e+01 7.600000000000000000e+01 0.000000000000000000e+00 1.600000000000000089e+00 -4.099999999999999912e-04 2.930000000000000204e-04 1.000000000000000000e+00 2.920800000000000063e-01 -9.563939999999999664e-01 4.000000000000000192e-04 9.563939999999999664e-01 2.920800000000000063e-01 3.069999999999999812e-04
2.300000000000000000e+01 9.100000000000000000e+01 7.600000000000000000e+01 0.000000000000000000e+00 1.600000000000000089e+00 -8.679999999999999565e-04 2.680000000000000090e-04 1.000000000000000000e+00 2.983649999999999913e-01 -9.544519999999999671e-01 5.150000000000000498e-04 9.544510000000000494e-01 2.983649999999999913e-01 7.489999999999999913e-04
1.700000000000000000e+01 6.300000000000000000e+01 8.100000000000000000e+01 0.000000000000000000e+00 1.600000000000000089e+00 -1.599999999999999928e-05 7.040000000000000251e-03 9.999749999999999472e-01 3.079199999999999993e-02 -9.995009999999999728e-01 7.036999999999999852e-03 9.995260000000000256e-01 3.079099999999999893e-02 -2.000000000000000096e-04
4.000000000000000000e+00 1.020000000000000000e+02 8.200000000000000000e+01 0.000000000000000000e+00 1.600000000000000089e+00 -1.144999999999999967e-03 -2.867000000000000191e-03 -9.999949999999999672e-01 -6.454159999999999897e-01 7.638300000000000090e-01 -1.451000000000000033e-03 7.638310000000000377e-01 6.454109999999999570e-01 -2.724999999999999992e-03
1.100000000000000000e+01 4.400000000000000000e+01 8.300000000000000000e+01 0.000000000000000000e+00 1.600000000000000089e+00 -1.110000000000000092e-03 6.058000000000000017e-03 9.999810000000000088e-01 5.802089999999999748e-01 -8.144479999999999498e-01 5.577999999999999625e-03 8.144670000000000520e-01 5.802049999999999708e-01 -2.611000000000000040e-03
1.700000000000000000e+01 4.400000000000000000e+01 8.300000000000000000e+01 0.000000000000000000e+00 1.600000000000000089e+00 3.049999999999999868e-04 3.667000000000000121e-03 9.999930000000000208e-01 5.772209999999999841e-01 -8.165829999999999478e-01 2.818000000000000192e-03 8.165879999999999805e-01 5.772159999999999513e-01 -2.366000000000000048e-03
2.100000000000000000e+01 4.400000000000000000e+01 8.300000000000000000e+01 0.000000000000000000e+00 1.600000000000000089e+00 -4.879999999999999898e-04 -1.965000000000000167e-03 9.999980000000000535e-01 5.735179999999999723e-01 -8.191920000000000313e-01 -1.330000000000000019e-03 8.191929999999999490e-01 5.735160000000000258e-01 1.526000000000000013e-03
2.400000000000000000e+01 4.400000000000000000e+01 8.300000000000000000e+01 0.000000000000000000e+00 1.600000000000000089e+00 -1.003999999999999901e-03 -2.341000000000000199e-03 9.999970000000000248e-01 5.723030000000000062e-01 -8.200410000000000199e-01 -1.345000000000000058e-03 8.200420000000000487e-01 5.723000000000000309e-01 2.162999999999999992e-03
