5.000000000000000000e+00 2.500000000000000000e+01 1.000000000000000000e+00 0.000000000000000000e+00 1.600000000000000089e+00 -2.994000000000000133e-03 -5.654000000000000171e-03 -9.999799999999999800e-01 -5.230519999999999614e-01 -8.522769999999999513e-01 6.385000000000000051e-03 -8.522950000000000248e-01 5.230609999999999982e-01 -4.049999999999999781e-04
1.200000000000000000e+01 2.500000000000000000e+01 1.000000000000000000e+00 0.000000000000000000e+00 1.600000000000000089e+00 -1.479999999999999925e-04 -3.237999999999999993e-03 -9.999949999999999672e-01 -5.225070000000000547e-01 -8.526299999999999990e-01 2.837999999999999811e-03 -8.526350000000000318e-01 5.225049999999999972e-01 -1.565999999999999901e-03
3.000000000000000000e+00 1.500000000000000000e+01 4.000000000000000000e+00 0.000000000000000000e+00 1.600000000000000089e+00 1.814999999999999990e-03 -5.896000000000000199e-03 9.999810000000000088e-01 3.156329999999999969e-01 -9.488609999999999545e-01 -6.166999999999999739e-03 9.488799999999999457e-01 3.156379999999999741e-01 1.389999999999999905e-04
8.000000000000000000e+00 1.500000000000000000e+01 4.000000000000000000e+00 0.000000000000000000e+00 1.600000000000000089e+00 -1.899000000000000080e-03 -7.539999999999999827e-03 9.999700000000000255e-01 3.103960000000000052e-01 -9.505850000000000133e-01 -6.577999999999999646e-03 9.506059999999999510e-01 3.103739999999999832e-01 4.145000000000000247e-03
1.400000000000000000e+01 1.500000000000000000e+01 4.000000000000000000e+00 0.000000000000000000e+00 1.600000000000000089e+00 5.209999999999999788e-04 1.606999999999999922e-03 9.999989999999999712e-01 3.071510000000000074e-01 -9.516599999999999504e-01 1.369999999999999907e-03 9.516609999999999792e-01 3.071490000000000054e-01 -9.899999999999999946e-04
1.800000000000000000e+01 1.500000000000000000e+01 4.000000000000000000e+00 0.000000000000000000e+00 1.600000000000000089e+00 -7.640000000000000306e-04 -1.445000000000000104e-03 9.999989999999999712e-01 3.091369999999999951e-01 -9.510170000000000012e-01 -1.137999999999999906e-03 9.510170000000000012e-01 3.091360000000000219e-01 1.172999999999999998e-03
2.500000000000000000e+01 1.500000000000000000e+01 4.000000000000000000e+00 0.000000000000000000e+00 1.600000000000000089e+00 -6.825000000000000337e-03 -1.382700000000000075e-02 9.998810000000000198e-01 3.001539999999999764e-01 -9.538259999999999517e-01 -1.114099999999999986e-02 9.538659999999999917e-01 3.000419999999999754e-01 1.065999999999999934e-02
3.000000000000000000e+01 1.500000000000000000e+01 4.000000000000000000e+00 0.000000000000000000e+00 1.600000000000000089e+00 -4.161999999999999901e-03 -6.409999999999999899e-03 9.999710000000000543e-01 2.931949999999999834e-01 -9.560400000000000009e-01 -4.908000000000000036e-03 9.560440000000000049e-01 2.931659999999999822e-01 5.858999999999999625e-03
2.300000000000000000e+01 1.010000000000000000e+02 7.000000000000000000e+00 0.000000000000000000e+00 1.600000000000000089e+00 -7.484000000000000201e-03 -4.049999999999999781e-04 9.999719999999999720e-01 8.792600000000000415e-01 4.762939999999999952e-01 6.773999999999999640e-03 -4.762839999999999852e-01 8.792860000000000120e-01 -3.207999999999999914e-03
3.000000000000000000e+01 1.010000000000000000e+02 7.000000000000000000e+00 0.000000000000000000e+00 1.600000000000000089e+00 1.557000000000000007e-03 1.176899999999999995e-02 9.999299999999999855e-01 8.777199999999999447e-01 4.791219999999999923e-01 -7.006000000000000075e-03 -4.791710000000000136e-01 8.776699999999999502e-01 -9.584000000000000505e-03
5.000000000000000000e+00 2.500000000000000000e+01 8.000000000000000000e+00 0.000000000000000000e+00 1.600000000000000089e+00 1.794999999999999938e-03 1.600700000000000039e-02 -9.998700000000000365e-01 4.484179999999999833e-01 8.936960000000000459e-01 1.511200000000000043e-02 8.938220000000000054e-01 -4.483869999999999800e-01 -5.573999999999999962e-03
1.300000000000000000e+01 2.500000000000000000e+01 8.000000000000000000e+00 0.000000000000000000e+00 1.600000000000000089e+00 7.969999999999999654e-04 4.844000000000000215e-03 -9.999879999999999880e-01 4.444629999999999970e-01 8.957850000000000534e-01 4.694000000000000256e-03 8.957969999999999544e-01 -4.444609999999999950e-01 -1.438999999999999958e-03
1.800000000000000000e+01 2.500000000000000000e+01 8.000000000000000000e+00 0.000000000000000000e+00 1.600000000000000089e+00 1.822999999999999968e-03 1.229999999999999974e-03 -9.999980000000000535e-01 4.452400000000000246e-01 8.954090000000000105e-01 1.912999999999999987e-03 8.954090000000000105e-01 -4.452429999999999999e-01 1.083999999999999894e-03
2.300000000000000000e+01 2.500000000000000000e+01 8.000000000000000000e+00 0.000000000000000000e+00 1.600000000000000089e+00 1.113000000000000057e-03 3.011999999999999920e-03 -9.999949999999999672e-01 4.439259999999999873e-01 8.960580000000000211e-01 3.193000000000000092e-03 8.960630000000000539e-01 -4.439279999999999893e-01 -3.400000000000000244e-04
2.700000000000000000e+01 2.500000000000000000e+01 8.000000000000000000e+00 0.000000000000000000e+00 1.600000000000000089e+00 -1.167999999999999984e-03 6.870000000000000022e-04 -9.999989999999999712e-01 4.431519999999999904e-01 8.964469999999999938e-01 9.799999999999999684e-05 8.964459999999999651e-01 -4.431510000000000171e-01 -1.351999999999999903e-03
5.000000000000000000e+00 2.400000000000000000e+01 9.000000000000000000e+00 0.000000000000000000e+00 1.600000000000000089e+00 1.913999999999999903e-03 1.430400000000000074e-02 -9.998960000000000070e-01 4.516459999999999919e-01 8.920930000000000248e-01 1.362599999999999922e-02 8.921949999999999603e-01 -4.516249999999999987e-01 -4.753000000000000280e-03
1.300000000000000000e+01 2.400000000000000000e+01 9.000000000000000000e+00 0.000000000000000000e+00 1.600000000000000089e+00 5.500000000000000331e-04 5.385000000000000030e-03 -9.999850000000000128e-01 4.467050000000000187e-01 8.946669999999999900e-01 5.062999999999999792e-03 8.946809999999999485e-01 -4.467010000000000147e-01 -1.913999999999999903e-03
1.800000000000000000e+01 2.400000000000000000e+01 9.000000000000000000e+00 0.000000000000000000e+00 1.600000000000000089e+00 1.575000000000000011e-03 2.776999999999999955e-03 -9.999949999999999672e-01 4.472709999999999742e-01 8.943929999999999936e-01 3.187999999999999862e-03 8.943969999999999976e-01 -4.472740000000000049e-01 1.659999999999999963e-04
2.300000000000000000e+01 2.400000000000000000e+01 9.000000000000000000e+00 0.000000000000000000e+00 1.600000000000000089e+00 1.317999999999999944e-03 2.928000000000000047e-03 -9.999949999999999672e-01 4.466269999999999962e-01 8.947150000000000380e-01 3.207999999999999914e-03 8.947190000000000420e-01 -4.466289999999999982e-01 -1.289999999999999914e-04
2.700000000000000000e+01 2.400000000000000000e+01 9.000000000000000000e+00 0.000000000000000000e+00 1.600000000000000089e+00 -9.770000000000000039e-04 1.655999999999999920e-03 -9.999980000000000535e-01 4.455319999999999836e-01 8.952649999999999775e-01 1.046999999999999971e-03 8.952649999999999775e-01 -4.455310000000000104e-01 -1.611999999999999935e-03
6.000000000000000000e+00 3.100000000000000000e+01 1.200000000000000000e+01 0.000000000000000000e+00 1.600000000000000089e+00 2.060000000000000199e-03 8.946000000000000826e-03 9.999580000000000135e-01 -1.182599999999999971e-02 9.998899999999999455e-01 -8.921000000000000110e-03 -9.999280000000000390e-01 -1.180699999999999979e-02 2.164999999999999824e-03
1.100000000000000000e+01 3.100000000000000000e+01 1.200000000000000000e+01 0.000000000000000000e+00 1.600000000000000089e+00 3.527999999999999886e-03 6.745000000000000127e-03 9.999710000000000543e-01 -6.039000000000000097e-03 9.999590000000000423e-01 -6.722999999999999809e-03 -9.999759999999999760e-01 -6.015000000000000381e-03 3.569000000000000124e-03
1.300000000000000000e+01 1.160000000000000000e+02 1.600000000000000000e+01 0.000000000000000000e+00 1.600000000000000089e+00 1.088999999999999907e-03 2.566999999999999837e-03 9.999959999999999960e-01 6.880749999999999922e-01 7.256350000000000300e-01 -2.612000000000000172e-03 -7.256390000000000340e-01 6.880749999999999922e-01 -9.759999999999999796e-04
2.400000000000000000e+01 1.160000000000000000e+02 1.600000000000000000e+01 0.000000000000000000e+00 1.600000000000000089e+00 8.549999999999999658e-04 -1.503999999999999912e-03 9.999989999999999712e-01 7.032279999999999642e-01 7.109640000000000404e-01 4.679999999999999915e-04 -7.109640000000000404e-01 7.032270000000000465e-01 1.665999999999999946e-03
7.000000000000000000e+00 2.000000000000000000e+00 1.900000000000000000e+01 0.000000000000000000e+00 1.600000000000000089e+00 -1.599999999999999928e-05 3.341999999999999919e-03 -9.999940000000000495e-01 1.808339999999999947e-01 -9.835080000000000489e-01 -3.289999999999999956e-03 -9.835139999999999993e-01 -1.808339999999999947e-01 -5.890000000000000053e-04
1.500000000000000000e+01 2.000000000000000000e+00 1.900000000000000000e+01 0.000000000000000000e+00 1.600000000000000089e+00 2.520000000000000104e-03 -2.186000000000000009e-03 -9.999940000000000495e-01 1.814679999999999904e-01 -9.833929999999999616e-01 2.606999999999999942e-03 -9.833939999999999904e-01 -1.814729999999999954e-01 -2.082000000000000083e-03
2.200000000000000000e+01 2.000000000000000000e+00 1.900000000000000000e+01 0.000000000000000000e+00 1.600000000000000089e+00 -1.833999999999999910e-03 8.583000000000000351e-03 -9.999609999999999888e-01 1.856180000000000052e-01 -9.825829999999999842e-01 -8.774000000000000549e-03 -9.826200000000000490e-01 -1.856269999999999865e-01 2.090000000000000115e-04
2.700000000000000000e+01 2.000000000000000000e+00 1.900000000000000000e+01 0.000000000000000000e+00 1.600000000000000089e+00 -8.009999999999999542e-04 1.332299999999999977e-02 -9.999109999999999943e-01 1.895580000000000043e-01 -9.817799999999999860e-01 -1.323399999999999924e-02 -9.818689999999999918e-01 -1.895519999999999983e-01 -1.739000000000000094e-03
7.000000000000000000e+00 1.300000000000000000e+01 2.000000000000000000e+01 0.000000000000000000e+00 1.600000000000000089e+00 1.140000000000000063e-04 2.902000000000000066e-03 9.999959999999999960e-01 2.536269999999999913e-01 9.672979999999999912e-01 -2.835999999999999979e-03 -9.673019999999999952e-01 2.536269999999999913e-01 -6.260000000000000373e-04
2.200000000000000000e+01 1.300000000000000000e+01 2.000000000000000000e+01 0.000000000000000000e+00 1.600000000000000089e+00 -1.363999999999999978e-03 -2.673000000000000029e-03 9.999949999999999672e-01 2.497640000000000138e-01 9.683019999999999960e-01 2.929000000000000180e-03 -9.683060000000000000e-01 2.497669999999999890e-01 -6.530000000000000431e-04
2.600000000000000000e+01 1.300000000000000000e+01 2.000000000000000000e+01 0.000000000000000000e+00 1.600000000000000089e+00 -3.765999999999999816e-03 -1.449600000000000020e-02 9.998879999999999990e-01 2.509250000000000091e-01 9.678909999999999458e-01 1.497700000000000073e-02 -9.679990000000000538e-01 2.509540000000000104e-01 -7.999999999999999638e-06
6.000000000000000000e+00 1.600000000000000000e+01 2.100000000000000000e+01 0.000000000000000000e+00 1.600000000000000089e+00 -2.130000000000000003e-04 -3.829999999999999854e-04 1.000000000000000000e+00 2.990900000000000225e-01 9.542249999999999899e-01 4.290000000000000193e-04 -9.542249999999999899e-01 2.990909999999999958e-01 -8.799999999999999771e-05
1.200000000000000000e+01 1.600000000000000000e+01 2.100000000000000000e+01 0.000000000000000000e+00 1.600000000000000089e+00 5.818000000000000255e-03 1.177699999999999927e-02 9.999139999999999695e-01 2.991409999999999902e-01 9.541209999999999969e-01 -1.297799999999999995e-02 -9.541910000000000114e-01 2.991909999999999847e-01 2.027999999999999855e-03
1.600000000000000000e+01 1.600000000000000000e+01 2.100000000000000000e+01 0.000000000000000000e+00 1.600000000000000089e+00 5.283000000000000369e-03 1.250800000000000002e-02 9.999080000000000190e-01 2.974700000000000122e-01 9.546350000000000113e-01 -1.351399999999999997e-02 -9.547160000000000091e-01 2.975140000000000007e-01 1.322999999999999957e-03
2.700000000000000000e+01 1.600000000000000000e+01 2.100000000000000000e+01 0.000000000000000000e+00 1.600000000000000089e+00 -3.582999999999999814e-03 -1.647500000000000006e-02 9.998580000000000245e-01 2.964609999999999745e-01 9.548969999999999958e-01 1.679699999999999943e-02 -9.550380000000000535e-01 2.964789999999999925e-01 1.463000000000000108e-03
3.000000000000000000e+00 3.000000000000000000e+00 2.500000000000000000e+01 0.000000000000000000e+00 1.600000000000000089e+00 6.531000000000000347e-03 -8.220999999999999142e-03 9.999449999999999728e-01 -3.574299999999999700e-02 -9.993290000000000228e-01 -7.981999999999999512e-03 9.993400000000000061e-01 -3.568899999999999850e-02 -6.819999999999999674e-03
2.100000000000000000e+01 3.000000000000000000e+00 2.500000000000000000e+01 0.000000000000000000e+00 1.600000000000000089e+00 3.707999999999999925e-03 1.144000000000000052e-03 9.999919999999999920e-01 -5.600200000000000317e-02 -9.984300000000000397e-01 1.350000000000000071e-03 9.984239999999999782e-01 -5.600700000000000123e-02 -3.638000000000000175e-03
2.400000000000000000e+01 3.000000000000000000e+00 2.500000000000000000e+01 0.000000000000000000e+00 1.600000000000000089e+00 4.791000000000000120e-03 1.511499999999999996e-02 9.998740000000000405e-01 -5.222999999999999865e-02 -9.985169999999999879e-01 1.534499999999999927e-02 9.986239999999999561e-01 -5.229700000000000321e-02 -3.995000000000000287e-03
2.800000000000000000e+01 3.000000000000000000e+00 2.500000000000000000e+01 0.000000000000000000e+00 1.600000000000000089e+00 3.197000000000000189e-03 1.105500000000000059e-02 9.999339999999999895e-01 -4.930500000000000160e-02 -9.987209999999999699e-01 1.119900000000000062e-02 9.987789999999999724e-01 -4.933699999999999891e-02 -2.648000000000000180e-03
2.500000000000000000e+01 4.600000000000000000e+01 2.700000000000000000e+01 0.000000000000000000e+00 1.600000000000000089e+00 -7.010000000000000172e-04 -3.784000000000000037e-03 -9.999930000000000208e-01 6.618840000000000279e-01 7.495990000000000153e-01 -3.299999999999999982e-03 7.496059999999999945e-01 -6.618819999999999704e-01 1.978999999999999856e-03
5.000000000000000000e+00 4.600000000000000000e+01 3.000000000000000000e+01 0.000000000000000000e+00 1.600000000000000089e+00 9.640000000000000131e-04 8.940000000000000464e-04 -9.999989999999999712e-01 3.307530000000000192e-01 9.437170000000000281e-01 1.162999999999999971e-03 9.437170000000000281e-01 -3.307539999999999925e-01 6.139999999999999625e-04
1.000000000000000000e+01 4.600000000000000000e+01 3.000000000000000000e+01 0.000000000000000000e+00 1.600000000000000089e+00 -5.670000000000000127e-04 3.612999999999999892e-03 -9.999930000000000208e-01 3.341060000000000141e-01 9.425299999999999789e-01 3.214999999999999976e-03 9.425350000000000117e-01 -3.341020000000000101e-01 -1.740999999999999926e-03
2.000000000000000000e+00 4.600000000000000000e+01 3.500000000000000000e+01 0.000000000000000000e+00 1.600000000000000089e+00 -1.781999999999999947e-03 3.669999999999999760e-04 -9.999980000000000535e-01 3.883849999999999802e-01 -9.214970000000000105e-01 -1.030000000000000100e-03 -9.214949999999999530e-01 -3.883869999999999822e-01 1.500000000000000031e-03
1.200000000000000000e+01 4.600000000000000000e+01 3.500000000000000000e+01 0.000000000000000000e+00 1.600000000000000089e+00 2.036000000000000049e-03 -2.396999999999999825e-03 -9.999949999999999672e-01 3.887630000000000252e-01 -9.213329999999999576e-01 3.000000000000000062e-03 -9.213360000000000438e-01 -3.887669999999999737e-01 -9.439999999999999607e-04
1.500000000000000000e+01 4.600000000000000000e+01 3.500000000000000000e+01 0.000000000000000000e+00 1.600000000000000089e+00 7.770000000000000214e-04 -3.445000000000000145e-03 -9.999940000000000495e-01 3.891649999999999832e-01 -9.211610000000000076e-01 3.475999999999999923e-03 -9.211679999999999868e-01 -3.891660000000000119e-01 6.250000000000000130e-04
1.800000000000000000e+01 4.600000000000000000e+01 3.500000000000000000e+01 0.000000000000000000e+00 1.600000000000000089e+00 -1.820000000000000057e-04 -4.444000000000000034e-03 -9.999900000000000455e-01 3.892590000000000217e-01 -9.211200000000000498e-01 4.022999999999999667e-03 -9.211289999999999756e-01 -3.892539999999999889e-01 1.897999999999999948e-03
2.500000000000000000e+01 4.600000000000000000e+01 3.500000000000000000e+01 0.000000000000000000e+00 1.600000000000000089e+00 -2.370999999999999844e-03 1.860000000000000108e-03 -9.999949999999999672e-01 3.908019999999999827e-01 -9.204710000000000392e-01 -2.638999999999999853e-03 -9.204719999999999569e-01 -3.908059999999999867e-01 1.454999999999999913e-03
2.000000000000000000e+00 9.500000000000000000e+01 3.600000000000000000e+01 0.000000000000000000e+00 1.600000000000000089e+00 1.665300000000000114e-02 2.394500000000000101e-02 9.995749999999999913e-01 9.980940000000000367e-01 5.900699999999999695e-02 -1.804199999999999901e-02 -5.941400000000000153e-02 9.979700000000000237e-01 -2.291699999999999987e-02
1.000000000000000000e+01 9.500000000000000000e+01 3.600000000000000000e+01 0.000000000000000000e+00 1.600000000000000089e+00 1.734700000000000131e-02 4.068299999999999694e-02 9.990210000000000479e-01 9.966369999999999951e-01 7.932300000000000462e-02 -2.053599999999999870e-02 -8.008099999999999941e-02 9.960179999999999589e-01 -3.917000000000000343e-02
2.600000000000000000e+01 9.500000000000000000e+01 3.600000000000000000e+01 0.000000000000000000e+00 1.600000000000000089e+00 -8.252999999999999919e-03 -1.287800000000000056e-02 9.998829999999999663e-01 9.979069999999999885e-01 6.402099999999999458e-02 9.062000000000000610e-03 -6.413000000000000644e-02 9.978650000000000020e-01 1.232300000000000062e-02
1.900000000000000000e+01 2.900000000000000000e+01 4.400000000000000000e+01 0.000000000000000000e+00 1.600000000000000089e+00 -5.559999999999999621e-04 -1.539300000000000043e-02 -9.998810000000000198e-01 6.756619999999999848e-01 7.371180000000000510e-01 -1.172300000000000078e-02 7.372109999999999497e-01 -6.755879999999999663e-01 9.990000000000000616e-03
2.900000000000000000e+01 2.900000000000000000e+01 4.400000000000000000e+01 0.000000000000000000e+00 1.600000000000000089e+00 4.342000000000000373e-03 8.999999999999999320e-03 -9.999500000000000055e-01 6.422309999999999963e-01 7.664499999999999647e-01 9.686999999999999431e-03 7.664990000000000414e-01 -6.422409999999999508e-01 -2.452000000000000186e-03
1.200000000000000000e+01 2.600000000000000000e+01 4.800000000000000000e+01 0.000000000000000000e+00 1.600000000000000089e+00 -2.964000000000000055e-03 -8.606300000000000061e-02 -9.962849999999999762e-01 -8.409300000000000108e-02 9.927820000000000533e-01 -8.551000000000000267e-02 9.964530000000000332e-01 8.352700000000000402e-02 -1.017999999999999981e-02
1.700000000000000000e+01 2.900000000000000000e+01 4.800000000000000000e+01 0.000000000000000000e+00 1.600000000000000089e+00 -9.780000000000000498e-03 -8.643599999999999894e-02 9.962090000000000112e-01 3.780930000000000124e-01 9.219749999999999890e-01 8.370700000000000363e-02 -9.257159999999999833e-01 3.774790000000000090e-01 2.366400000000000101e-02
2.500000000000000000e+01 5.000000000000000000e+00 5.100000000000000000e+01 0.000000000000000000e+00 1.600000000000000089e+00 1.289999999999999914e-03 -8.380999999999999561e-03 -9.999639999999999640e-01 4.881409999999999916e-01 -8.727279999999999482e-01 7.943999999999999673e-03 -8.727639999999999842e-01 -4.881340000000000123e-01 2.965000000000000187e-03
2.400000000000000000e+01 3.900000000000000000e+01 5.100000000000000000e+01 0.000000000000000000e+00 1.600000000000000089e+00 -9.233999999999999153e-03 -3.246709999999999874e-01 9.457820000000000116e-01 3.330299999999999927e-01 8.908279999999999532e-01 3.090579999999999994e-01 -9.428710000000000147e-01 3.178279999999999994e-01 9.989900000000000169e-02
1.800000000000000000e+01 1.150000000000000000e+02 5.100000000000000000e+01 0.000000000000000000e+00 1.600000000000000089e+00 2.128999999999999816e-03 1.449499999999999920e-02 9.998930000000000318e-01 8.455899999999999528e-01 -5.337990000000000235e-01 5.937999999999999702e-03 5.338279999999999692e-01 8.454869999999999886e-01 -1.339300000000000039e-02
2.300000000000000000e+01 7.000000000000000000e+00 5.200000000000000000e+01 0.000000000000000000e+00 1.600000000000000089e+00 -2.675999999999999993e-03 -6.505999999999999631e-03 -9.999749999999999472e-01 1.068739999999999968e-01 -9.942530000000000534e-01 6.181999999999999995e-03 -9.942689999999999584e-01 -1.068550000000000055e-01 3.356000000000000042e-03
2.500000000000000000e+01 4.000000000000000000e+01 5.200000000000000000e+01 0.000000000000000000e+00 1.600000000000000089e+00 3.031999999999999973e-03 -2.021000000000000019e-01 9.793600000000000083e-01 1.690369999999999928e-01 9.653749999999999831e-01 1.986900000000000055e-01 -9.856049999999999534e-01 1.649460000000000093e-01 3.708899999999999697e-02
2.000000000000000000e+00 6.300000000000000000e+01 5.400000000000000000e+01 0.000000000000000000e+00 1.600000000000000089e+00 -1.199999999999999895e-03 -1.049999999999999935e-03 9.999989999999999712e-01 -3.657699999999999840e-01 9.307050000000000045e-01 5.379999999999999583e-04 -9.307039999999999758e-01 -3.657690000000000108e-01 -1.500999999999999947e-03
8.000000000000000000e+00 6.300000000000000000e+01 5.400000000000000000e+01 0.000000000000000000e+00 1.600000000000000089e+00 -8.559999999999999901e-04 1.005000000000000034e-03 9.999989999999999712e-01 -3.633959999999999968e-01 9.316339999999999621e-01 -1.247000000000000062e-03 -9.316339999999999621e-01 -3.633970000000000256e-01 -4.330000000000000081e-04
1.100000000000000000e+01 6.300000000000000000e+01 5.400000000000000000e+01 0.000000000000000000e+00 1.600000000000000089e+00 3.840000000000000097e-04 1.379000000000000017e-03 9.999989999999999712e-01 -3.673600000000000199e-01 9.300779999999999603e-01 -1.141000000000000087e-03 -9.300789999999999891e-01 -3.673589999999999911e-01 8.639999999999999677e-04
1.600000000000000000e+01 6.300000000000000000e+01 5.400000000000000000e+01 0.000000000000000000e+00 1.600000000000000089e+00 4.009999999999999893e-04 -4.543000000000000163e-03 9.999900000000000455e-01 -3.691030000000000144e-01 9.293780000000000374e-01 4.369999999999999753e-03 -9.293879999999999919e-01 -3.691010000000000124e-01 -1.304000000000000038e-03
2.200000000000000000e+01 6.300000000000000000e+01 5.400000000000000000e+01 0.000000000000000000e+00 1.600000000000000089e+00 -9.899999999999999404e-05 -5.399999999999999798e-05 1.000000000000000000e+00 -3.636110000000000175e-01 9.315510000000000179e-01 1.399999999999999979e-05 -9.315510000000000179e-01 -3.636110000000000175e-01 -1.119999999999999983e-04
2.500000000000000000e+01 6.300000000000000000e+01 5.400000000000000000e+01 0.000000000000000000e+00 1.600000000000000089e+00 -6.499999999999999702e-04 1.083999999999999894e-03 9.999989999999999712e-01 -3.647259999999999946e-01 9.311139999999999972e-01 -1.245999999999999929e-03 -9.311150000000000260e-01 -3.647270000000000234e-01 -2.100000000000000087e-04
2.900000000000000000e+01 6.300000000000000000e+01 5.400000000000000000e+01 0.000000000000000000e+00 1.600000000000000089e+00 -9.659999999999999533e-04 -5.869999999999999567e-04 9.999989999999999712e-01 -3.638589999999999880e-01 9.314540000000000042e-01 1.949999999999999965e-04 -9.314540000000000042e-01 -3.638589999999999880e-01 -1.113999999999999973e-03
2.000000000000000000e+00 2.100000000000000000e+01 6.000000000000000000e+01 0.000000000000000000e+00 1.600000000000000089e+00 6.589999999999999721e-04 -4.978999999999999919e-03 9.999869999999999592e-01 -9.491199999999999637e-02 9.954730000000000523e-01 5.019000000000000024e-03 -9.954849999999999532e-01 -9.491399999999999837e-02 1.830000000000000029e-04
7.000000000000000000e+00 2.100000000000000000e+01 6.000000000000000000e+01 0.000000000000000000e+00 1.600000000000000089e+00 -8.500000000000000611e-05 2.922999999999999817e-03 9.999959999999999960e-01 -9.564599999999999491e-02 9.954110000000000458e-01 -2.918000000000000021e-03 -9.954150000000000498e-01 -9.564599999999999491e-02 1.949999999999999965e-04
1.200000000000000000e+01 2.100000000000000000e+01 6.000000000000000000e+01 0.000000000000000000e+00 1.600000000000000089e+00 1.054000000000000032e-03 7.556000000000000216e-03 9.999710000000000543e-01 -9.464599999999999402e-02 9.954830000000000068e-01 -7.421999999999999778e-03 -9.955100000000000060e-01 -9.463499999999999690e-02 1.763999999999999943e-03
1.900000000000000000e+01 2.100000000000000000e+01 6.000000000000000000e+01 0.000000000000000000e+00 1.600000000000000089e+00 5.910000000000000539e-04 -6.049999999999999606e-04 1.000000000000000000e+00 -9.644300000000000095e-02 9.953379999999999450e-01 6.589999999999999721e-04 -9.953379999999999450e-01 -9.644300000000000095e-02 5.299999999999999807e-04
2.200000000000000000e+01 2.100000000000000000e+01 6.000000000000000000e+01 0.000000000000000000e+00 1.600000000000000089e+00 8.980000000000000352e-04 -3.517999999999999860e-03 9.999930000000000208e-01 -9.804300000000000515e-02 9.951759999999999495e-01 3.589000000000000176e-03 -9.951820000000000110e-01 -9.804499999999999327e-02 5.490000000000000088e-04
2.800000000000000000e+01 2.100000000000000000e+01 6.000000000000000000e+01 0.000000000000000000e+00 1.600000000000000089e+00 3.249999999999999851e-04 5.581000000000000023e-03 9.999839999999999840e-01 -9.902500000000000191e-02 9.950700000000000101e-01 -5.520999999999999866e-03 -9.950849999999999973e-01 -9.902099999999999791e-02 8.769999999999999584e-04
4.000000000000000000e+00 2.700000000000000000e+01 6.300000000000000000e+01 0.000000000000000000e+00 1.600000000000000089e+00 1.679999999999999907e-04 2.187999999999999841e-03 9.999980000000000535e-01 -2.799860000000000126e-01 9.600020000000000220e-01 -2.053000000000000137e-03 -9.600039999999999685e-01 -2.799849999999999839e-01 7.739999999999999485e-04
1.400000000000000000e+01 2.700000000000000000e+01 6.300000000000000000e+01 0.000000000000000000e+00 1.600000000000000089e+00 -1.196000000000000014e-03 -2.262000000000000122e-03 9.999970000000000248e-01 -2.737220000000000208e-01 9.618069999999999675e-01 1.848000000000000033e-03 -9.618079999999999963e-01 -2.737180000000000168e-01 -1.770000000000000089e-03
2.000000000000000000e+01 2.700000000000000000e+01 6.300000000000000000e+01 0.000000000000000000e+00 1.600000000000000089e+00 -1.270000000000000078e-03 -2.949999999999999931e-03 9.999949999999999672e-01 -2.794380000000000197e-01 9.601600000000000135e-01 2.478000000000000168e-03 -9.601629999999999887e-01 -2.794340000000000157e-01 -2.043999999999999810e-03
2.300000000000000000e+01 2.700000000000000000e+01 6.300000000000000000e+01 0.000000000000000000e+00 1.600000000000000089e+00 1.129000000000000012e-03 -2.359999999999999902e-04 9.999989999999999712e-01 -2.789940000000000198e-01 9.602929999999999522e-01 5.419999999999999471e-04 -9.602920000000000345e-01 -2.789940000000000198e-01 1.018000000000000025e-03
2.700000000000000000e+01 2.700000000000000000e+01 6.300000000000000000e+01 0.000000000000000000e+00 1.600000000000000089e+00 3.782000000000000205e-03 3.422999999999999828e-03 9.999869999999999592e-01 -2.746640000000000192e-01 9.615380000000000038e-01 -2.252000000000000095e-03 -9.615329999999999711e-01 -2.746520000000000072e-01 4.577000000000000339e-03
1.000000000000000000e+00 4.400000000000000000e+01 6.300000000000000000e+01 0.000000000000000000e+00 1.600000000000000089e+00 2.001999999999999873e-03 1.389300000000000083e-02 -9.999010000000000398e-01 -6.626870000000000260e-01 -7.488050000000000539e-01 -1.173100000000000011e-02 -7.488939999999999486e-01 6.626450000000000395e-01 7.707000000000000309e-03
7.000000000000000000e+00 4.400000000000000000e+01 6.300000000000000000e+01 0.000000000000000000e+00 1.600000000000000089e+00 6.560000000000000076e-04 4.678999999999999999e-03 -9.999890000000000168e-01 -6.677539999999999587e-01 -7.443710000000000049e-01 -3.921000000000000006e-03 -7.443809999999999594e-01 6.677490000000000370e-01 2.635999999999999888e-03
1.100000000000000000e+01 4.400000000000000000e+01 6.300000000000000000e+01 0.000000000000000000e+00 1.600000000000000089e+00 9.128000000000000697e-03 2.210399999999999865e-02 -9.997139999999999915e-01 -6.748290000000000122e-01 -7.376319999999999544e-01 -2.247100000000000139e-02 -7.379179999999999628e-01 6.748410000000000242e-01 8.182999999999999302e-03
1.900000000000000000e+01 4.400000000000000000e+01 6.300000000000000000e+01 0.000000000000000000e+00 1.600000000000000089e+00 9.809999999999999276e-03 -2.874799999999999925e-02 -9.995389999999999553e-01 -7.163709999999999800e-01 -6.975980000000000514e-01 1.303299999999999945e-02 -6.976510000000000211e-01 7.159130000000000216e-01 -2.743800000000000058e-02
4.000000000000000000e+00 2.600000000000000000e+01 6.400000000000000000e+01 0.000000000000000000e+00 1.600000000000000089e+00 -7.540000000000000044e-04 3.190000000000000127e-03 9.999949999999999672e-01 -3.735089999999999799e-01 9.276210000000000289e-01 -3.240999999999999957e-03 -9.276259999999999506e-01 -3.735089999999999799e-01 4.920000000000000328e-04
8.000000000000000000e+00 2.600000000000000000e+01 6.400000000000000000e+01 0.000000000000000000e+00 1.600000000000000089e+00 1.252999999999999991e-03 5.636999999999999650e-03 9.999829999999999552e-01 -3.683960000000000012e-01 9.296569999999999556e-01 -4.779000000000000262e-03 -9.296680000000000499e-01 -3.683839999999999892e-01 3.240999999999999957e-03
1.400000000000000000e+01 2.600000000000000000e+01 6.400000000000000000e+01 0.000000000000000000e+00 1.600000000000000089e+00 -7.640000000000000306e-04 -1.721000000000000090e-03 9.999980000000000535e-01 -3.626389999999999891e-01 9.319290000000000074e-01 1.327000000000000055e-03 -9.319290000000000074e-01 -3.626380000000000159e-01 -1.337000000000000081e-03
2.000000000000000000e+01 2.600000000000000000e+01 6.400000000000000000e+01 0.000000000000000000e+00 1.600000000000000089e+00 -1.020999999999999989e-03 -2.729000000000000089e-03 9.999959999999999960e-01 -3.693850000000000189e-01 9.292740000000000444e-01 2.158999999999999895e-03 -9.292759999999999909e-01 -3.693810000000000149e-01 -1.956999999999999972e-03
2.300000000000000000e+01 2.600000000000000000e+01 6.400000000000000000e+01 0.000000000000000000e+00 1.600000000000000089e+00 7.200000000000000453e-04 7.420000000000000380e-04 1.000000000000000000e+00 -3.692449999999999899e-01 9.293320000000000469e-01 -4.240000000000000062e-04 -9.293320000000000469e-01 -3.692440000000000166e-01 9.430000000000000448e-04
2.700000000000000000e+01 2.600000000000000000e+01 6.400000000000000000e+01 0.000000000000000000e+00 1.600000000000000089e+00 3.141999999999999828e-03 4.127999999999999725e-03 9.999869999999999592e-01 -3.628580000000000139e-01 9.318400000000000016e-01 -2.706000000000000072e-03 -9.318389999999999729e-01 -3.628449999999999731e-01 4.426000000000000247e-03
2.200000000000000000e+01 5.600000000000000000e+01 6.400000000000000000e+01 0.000000000000000000e+00 1.600000000000000089e+00 -1.449799999999999978e-01 2.621899999999999786e-01 -9.540629999999999944e-01 1.317899999999999974e-02 9.646770000000000067e-01 2.631040000000000045e-01 9.893469999999999764e-01 2.557200000000000098e-02 -1.433139999999999969e-01
2.800000000000000000e+01 5.300000000000000000e+01 6.600000000000000000e+01 0.000000000000000000e+00 1.600000000000000089e+00 2.107430000000000136e-01 5.609800000000000203e-02 9.759299999999999642e-01 5.692509999999999515e-01 8.045710000000000361e-01 -1.691729999999999901e-01 -7.946950000000000403e-01 5.912009999999999765e-01 1.376239999999999963e-01
1.500000000000000000e+01 4.300000000000000000e+01 7.300000000000000000e+01 0.000000000000000000e+00 1.600000000000000089e+00 -4.793200000000000238e-02 -1.119730000000000031e-01 9.925549999999999651e-01 5.148400000000000198e-02 -9.926530000000000076e-01 -1.094969999999999971e-01 9.975230000000000485e-01 4.585199999999999693e-02 5.334400000000000253e-02
5.000000000000000000e+00 4.400000000000000000e+01 7.300000000000000000e+01 0.000000000000000000e+00 1.600000000000000089e+00 -1.727999999999999935e-03 -4.557000000000000287e-03 9.999879999999999880e-01 5.666700000000000209e-02 -9.983830000000000204e-01 -4.451000000000000095e-03 9.983919999999999462e-01 5.665900000000000103e-02 1.984000000000000086e-03
1.200000000000000000e+01 4.400000000000000000e+01 7.300000000000000000e+01 0.000000000000000000e+00 1.600000000000000089e+00 -3.650400000000000172e-02 -1.116260000000000030e-01 9.930799999999999628e-01 2.171199999999999866e-02 -9.935960000000000347e-01 -1.108849999999999975e-01 9.990980000000000416e-01 1.751399999999999832e-02 3.869399999999999923e-02
3.000000000000000000e+00 2.500000000000000000e+01 7.400000000000000000e+01 0.000000000000000000e+00 1.600000000000000089e+00 5.157000000000000126e-03 1.910000000000000077e-04 9.999869999999999592e-01 8.222939999999999694e-01 -5.690479999999999983e-01 -4.132000000000000256e-03 5.690389999999999615e-01 8.223049999999999526e-01 -3.092000000000000130e-03
7.000000000000000000e+00 2.500000000000000000e+01 7.400000000000000000e+01 0.000000000000000000e+00 1.600000000000000089e+00 5.800000000000000034e-04 3.299999999999999982e-04 1.000000000000000000e+00 8.231849999999999445e-01 -5.677740000000000009e-01 -2.910000000000000260e-04 5.677729999999999722e-01 8.231849999999999445e-01 -6.009999999999999717e-04
1.500000000000000000e+01 2.500000000000000000e+01 7.400000000000000000e+01 0.000000000000000000e+00 1.600000000000000089e+00 9.610000000000000486e-04 -5.529999999999999976e-04 9.999989999999999712e-01 8.279320000000000013e-01 -5.608279999999999932e-01 -1.105999999999999995e-03 5.608279999999999932e-01 8.279320000000000013e-01 -8.100000000000000375e-05
2.000000000000000000e+01 2.500000000000000000e+01 7.400000000000000000e+01 0.000000000000000000e+00 1.600000000000000089e+00 -3.445999999999999844e-03 -9.105000000000000246e-03 9.999529999999999808e-01 8.202129999999999699e-01 -5.720530000000000337e-01 -2.383000000000000135e-03 5.720480000000000009e-01 8.201659999999999506e-01 9.438999999999999474e-03
2.700000000000000000e+01 2.500000000000000000e+01 7.400000000000000000e+01 0.000000000000000000e+00 1.600000000000000089e+00 -4.800000000000000122e-04 1.276999999999999923e-03 9.999989999999999712e-01 8.210659999999999625e-01 -5.708320000000000061e-01 1.123000000000000083e-03 5.708330000000000348e-01 8.210659999999999625e-01 -7.749999999999999728e-04
1.000000000000000000e+00 9.100000000000000000e+01 7.600000000000000000e+01 0.000000000000000000e+00 1.600000000000000089e+00 -7.969999999999999654e-04 1.859999999999999945e-04 1.000000000000000000e+00 3.951040000000000108e-01 -9.186360000000000081e-01 4.859999999999999954e-04 9.186360000000000081e-01 3.951040000000000108e-01 6.579999999999999478e-04
6.000000000000000000e+00 9.100000000000000000e+01 7.600000000000000000e+01 0.000000000000000000e+00 1.600000000000000089e+00 6.390000000000000280e-04 -5.339999999999999695e-04 1.000000000000000000e+00 3.998300000000000187e-01 -9.165889999999999871e-01 -7.450000000000000025e-04 9.165889999999999871e-01 3.998300000000000187e-01 -3.719999999999999891e-04
1.400000000000000000e+01 9.100000000000000000e+01 7.600000000000000000e+01 0.000000000000000000e+00 1.600000000000000089e+00 1.250999999999999942e-03 1.260999999999999968e-03 9.999980000000000535e-01 3.956450000000000244e-01 -9.184029999999999694e-01 6.629999999999999609e-04 9.184029999999999694e-01 3.956439999999999957e-01 -1.647999999999999942e-03
2.000000000000000000e+01 9.100000000000000000e+01 7.600000000000000000e+01 0.000000000000000000e+00 1.600000000000000089e+00 -1.479999999999999979e-03 -2.374999999999999941e-03 9.999959999999999960e-01 3.958130000000000259e-01 -9.183299999999999796e-01 -1.595999999999999979e-03 9.183299999999999796e-01 3.958099999999999952e-01 2.298999999999999828e-03
2.500000000000000000e+01 9.100000000000000000e+01 7.600000000000000000e+01 0.000000000000000000e+00 1.600000000000000089e+00 -3.325999999999999963e-03 -3.310000000000000008e-03 9.999890000000000168e-01 3.909839999999999982e-01 -9.203959999999999919e-01 -1.745999999999999939e-03 9.203919999999999879e-01 3.909739999999999882e-01 4.355000000000000364e-03
2.900000000000000000e+01 9.100000000000000000e+01 7.600000000000000000e+01 0.000000000000000000e+00 1.600000000000000089e+00 -1.812000000000000026e-03 7.439999999999999782e-04 9.999980000000000535e-01 3.846490000000000187e-01 -9.230620000000000491e-01 1.384000000000000031e-03 9.230610000000000204e-01 3.846510000000000207e-01 1.386999999999999995e-03
1.700000000000000000e+01 9.000000000000000000e+00 8.200000000000000000e+01 0.000000000000000000e+00 1.600000000000000089e+00 -2.979999999999999793e-04 4.500999999999999793e-03 -9.999900000000000455e-01 5.708710000000000173e-01 8.210319999999999840e-01 3.524999999999999922e-03 8.210399999999999920e-01 -5.708640000000000381e-01 -2.814999999999999794e-03
2.800000000000000000e+01 9.000000000000000000e+00 8.200000000000000000e+01 0.000000000000000000e+00 1.600000000000000089e+00 1.210000000000000002e-04 -4.910999999999999567e-03 -9.999879999999999880e-01 5.700779999999999736e-01 8.215810000000000057e-01 -3.964999999999999775e-03 8.215900000000000425e-01 -5.700709999999999944e-01 2.899000000000000101e-03
3.000000000000000000e+00 4.400000000000000000e+01 8.300000000000000000e+01 0.000000000000000000e+00 1.600000000000000089e+00 -1.828999999999999897e-03 -2.329999999999999986e-04 9.999980000000000535e-01 5.705670000000000464e-01 -8.212500000000000355e-01 8.530000000000000256e-04 8.212490000000000068e-01 5.705679999999999641e-01 1.634999999999999952e-03
1.000000000000000000e+01 1.010000000000000000e+02 8.300000000000000000e+01 0.000000000000000000e+00 1.600000000000000089e+00 -8.120000000000000048e-04 -1.118000000000000070e-03 9.999989999999999712e-01 9.952499999999999680e-01 9.734800000000000397e-02 9.169999999999999549e-04 -9.734900000000000497e-02 9.952499999999999680e-01 1.033000000000000064e-03
4.000000000000000000e+00 4.800000000000000000e+01 8.400000000000000000e+01 0.000000000000000000e+00 1.600000000000000089e+00 3.200999999999999852e-03 -1.067000000000000023e-03 -9.999940000000000495e-01 -9.472800000000000109e-01 -3.203940000000000121e-01 -2.690999999999999816e-03 -3.203900000000000081e-01 9.472840000000000149e-01 -2.037000000000000182e-03
2.200000000000000000e+01 4.800000000000000000e+01 8.400000000000000000e+01 0.000000000000000000e+00 1.600000000000000089e+00 -4.749999999999999882e-03 -4.061000000000000373e-03 -9.999799999999999800e-01 -9.465750000000000552e-01 -3.224330000000000251e-01 5.806000000000000397e-03 -3.224500000000000144e-01 9.465839999999999810e-01 -2.311999999999999819e-03
5.000000000000000000e+00 1.500000000000000000e+01 8.600000000000000000e+01 0.000000000000000000e+00 1.600000000000000089e+00 -3.905000000000000051e-03 1.278999999999999972e-03 -9.999919999999999920e-01 1.893299999999999983e-01 9.819130000000000358e-01 5.159999999999999656e-04 9.819059999999999455e-01 -1.893269999999999953e-01 -4.075999999999999762e-03
8.000000000000000000e+00 1.500000000000000000e+01 8.600000000000000000e+01 0.000000000000000000e+00 1.600000000000000089e+00 -5.363999999999999845e-03 2.448999999999999788e-03 -9.999829999999999552e-01 1.890310000000000046e-01 9.819700000000000095e-01 1.391000000000000092e-03 9.819560000000000510e-01 -1.890209999999999946e-01 -5.729999999999999850e-03
1.600000000000000000e+01 1.500000000000000000e+01 8.600000000000000000e+01 0.000000000000000000e+00 1.600000000000000089e+00 -2.769000000000000194e-03 4.209000000000000068e-03 -9.999869999999999592e-01 1.919430000000000025e-01 9.813990000000000213e-01 3.599000000000000202e-03 9.814019999999999966e-01 -1.919309999999999905e-01 -3.524999999999999922e-03
