2.000000000000000000e+00 2.500000000000000000e+01 1.000000000000000000e+00 0.000000000000000000e+00 1.600000000000000089e+00 3.812999999999999983e-03 8.831000000000000308e-03 -9.999540000000000095e-01 -5.215450000000000363e-01 -8.531710000000000127e-01 -9.523000000000000215e-03 -8.532149999999999457e-01 5.215570000000000483e-01 1.351999999999999903e-03
7.000000000000000000e+00 2.500000000000000000e+01 1.000000000000000000e+00 0.000000000000000000e+00 1.600000000000000089e+00 -2.199000000000000000e-03 -1.051700000000000031e-02 -9.999419999999999975e-01 -5.181900000000000395e-01 -8.552060000000000217e-01 1.013400000000000065e-02 -8.552629999999999955e-01 5.181820000000000315e-01 -3.569999999999999823e-03
1.800000000000000000e+01 2.500000000000000000e+01 1.000000000000000000e+00 0.000000000000000000e+00 1.600000000000000089e+00 -2.304000000000000058e-03 -5.408999999999999746e-03 -9.999829999999999552e-01 -5.208270000000000399e-01 -8.536420000000000119e-01 5.818000000000000255e-03 -8.536589999999999456e-01 5.208310000000000439e-01 -8.509999999999999769e-04
2.900000000000000000e+01 4.100000000000000000e+01 1.000000000000000000e+00 0.000000000000000000e+00 1.600000000000000089e+00 -2.960459999999999758e-01 -6.492809999999999970e-01 7.005639999999999645e-01 -8.697049999999999503e-01 4.864829999999999988e-01 8.334900000000000642e-02 -3.949300000000000033e-01 -5.846090000000000453e-01 -7.087050000000000294e-01
3.000000000000000000e+01 1.800000000000000000e+01 2.000000000000000000e+00 0.000000000000000000e+00 1.600000000000000089e+00 2.491000000000000159e-02 3.381800000000000084e-02 -9.991170000000000329e-01 -7.804330000000000434e-01 -6.239219999999999766e-01 -4.057600000000000096e-02 -6.247430000000000483e-01 7.807549999999999768e-01 1.085099999999999953e-02
2.600000000000000000e+01 1.700000000000000000e+01 3.000000000000000000e+00 0.000000000000000000e+00 1.600000000000000089e+00 2.378500000000000059e-02 2.117000000000000132e-02 -9.994929999999999648e-01 -7.061539999999999484e-01 -7.073450000000000015e-01 -3.178700000000000275e-02 -7.076590000000000380e-01 7.065519999999999579e-01 -1.874999999999999931e-03
2.400000000000000000e+01 4.200000000000000000e+01 3.000000000000000000e+00 0.000000000000000000e+00 1.600000000000000089e+00 -5.510190000000000365e-01 -5.971779999999999866e-01 5.828860000000000152e-01 -7.236350000000000282e-01 6.898119999999999807e-01 2.265199999999999853e-02 -4.156090000000000062e-01 -4.093149999999999844e-01 -8.122380000000000155e-01
6.000000000000000000e+00 1.900000000000000000e+01 5.000000000000000000e+00 0.000000000000000000e+00 1.600000000000000089e+00 6.299999999999999990e-05 -8.677999999999999950e-03 -9.999620000000000175e-01 -6.925729999999999942e-01 -7.213209999999999900e-01 6.216000000000000171e-03 -7.213479999999999892e-01 6.925459999999999949e-01 -6.055999999999999751e-03
1.000000000000000000e+01 1.900000000000000000e+01 5.000000000000000000e+00 0.000000000000000000e+00 1.600000000000000089e+00 8.809999999999999472e-04 -3.412999999999999801e-03 -9.999940000000000495e-01 -6.946409999999999529e-01 -7.193540000000000489e-01 1.843000000000000020e-03 -7.193559999999999954e-01 6.946350000000000025e-01 -3.004000000000000160e-03
1.900000000000000000e+01 1.900000000000000000e+01 5.000000000000000000e+00 0.000000000000000000e+00 1.600000000000000089e+00 -1.492999999999999969e-03 -3.664000000000000156e-03 -9.999919999999999920e-01 -7.026019999999999488e-01 -7.115730000000000111e-01 3.655999999999999962e-03 -7.115810000000000191e-01 7.026019999999999488e-01 -1.512000000000000106e-03
9.000000000000000000e+00 1.010000000000000000e+02 7.000000000000000000e+00 0.000000000000000000e+00 1.600000000000000089e+00 1.482999999999999943e-03 -1.543899999999999960e-02 9.998799999999999910e-01 8.829270000000000174e-01 4.694729999999999737e-01 5.939999999999999968e-03 -4.695079999999999809e-01 8.828120000000000411e-01 1.432800000000000046e-02
4.000000000000000000e+00 2.500000000000000000e+01 8.000000000000000000e+00 0.000000000000000000e+00 1.600000000000000089e+00 -9.569999999999999514e-04 -9.057000000000000814e-03 -9.999590000000000423e-01 4.393219999999999903e-01 8.982890000000000041e-01 -8.555999999999999370e-03 8.983290000000000441e-01 -4.393119999999999803e-01 3.118999999999999811e-03
9.000000000000000000e+00 2.500000000000000000e+01 8.000000000000000000e+00 0.000000000000000000e+00 1.600000000000000089e+00 1.034999999999999896e-03 -8.023999999999999883e-03 -9.999670000000000503e-01 4.379709999999999992e-01 8.989639999999999853e-01 -6.760000000000000384e-03 8.989890000000000381e-01 -4.379489999999999772e-01 4.445000000000000166e-03
1.300000000000000000e+01 2.500000000000000000e+01 8.000000000000000000e+00 0.000000000000000000e+00 1.600000000000000089e+00 9.000000000000000567e-05 1.031000000000000015e-03 -1.000000000000000000e+00 4.390189999999999926e-01 8.984769999999999701e-01 9.659999999999999533e-04 8.984779999999999989e-01 -4.390189999999999926e-01 -3.719999999999999891e-04
1.800000000000000000e+01 2.500000000000000000e+01 8.000000000000000000e+00 0.000000000000000000e+00 1.600000000000000089e+00 1.315999999999999896e-03 4.349999999999999700e-03 -9.999900000000000455e-01 4.394879999999999898e-01 8.982369999999999521e-01 4.486000000000000404e-03 8.982480000000000464e-01 -4.394890000000000185e-01 -7.290000000000000473e-04
2.200000000000000000e+01 2.500000000000000000e+01 8.000000000000000000e+00 0.000000000000000000e+00 1.600000000000000089e+00 2.217999999999999920e-03 3.768000000000000082e-03 -9.999900000000000455e-01 4.390720000000000178e-01 8.984410000000000451e-01 4.359000000000000027e-03 8.984490000000000531e-01 -4.390780000000000238e-01 3.390000000000000001e-04
2.800000000000000000e+01 2.500000000000000000e+01 8.000000000000000000e+00 0.000000000000000000e+00 1.600000000000000089e+00 -5.739999999999999660e-04 4.782999999999999925e-03 -9.999879999999999880e-01 4.380089999999999817e-01 8.989610000000000101e-01 4.048999999999999648e-03 8.989700000000000468e-01 -4.380020000000000024e-01 -2.611000000000000040e-03
4.000000000000000000e+00 2.400000000000000000e+01 9.000000000000000000e+00 0.000000000000000000e+00 1.600000000000000089e+00 -5.000000000000000409e-06 -1.028199999999999947e-02 -9.999470000000000303e-01 4.457070000000000198e-01 8.951320000000000388e-01 -9.206000000000000641e-03 8.951789999999999470e-01 -4.456829999999999958e-01 4.577999999999999604e-03
8.000000000000000000e+00 2.400000000000000000e+01 9.000000000000000000e+00 0.000000000000000000e+00 1.600000000000000089e+00 1.387999999999999911e-03 -1.026400000000000055e-02 -9.999460000000000015e-01 4.446970000000000089e-01 8.956399999999999917e-01 -8.576000000000000290e-03 8.956800000000000317e-01 -4.446609999999999729e-01 5.807999999999999795e-03
1.400000000000000000e+01 2.400000000000000000e+01 9.000000000000000000e+00 0.000000000000000000e+00 1.600000000000000089e+00 3.020000000000000223e-04 3.578000000000000017e-03 -9.999940000000000495e-01 4.447070000000000189e-01 8.956699999999999662e-01 3.338999999999999954e-03 8.956760000000000277e-01 -4.447050000000000169e-01 -1.320999999999999909e-03
1.900000000000000000e+01 2.400000000000000000e+01 9.000000000000000000e+00 0.000000000000000000e+00 1.600000000000000089e+00 1.239000000000000084e-03 5.386000000000000162e-03 -9.999850000000000128e-01 4.458579999999999766e-01 8.950879999999999947e-01 5.373000000000000172e-03 8.951029999999999820e-01 -4.458570000000000033e-01 -1.293000000000000095e-03
2.300000000000000000e+01 2.400000000000000000e+01 9.000000000000000000e+00 0.000000000000000000e+00 1.600000000000000089e+00 1.991999999999999847e-03 6.033000000000000168e-03 -9.999799999999999800e-01 4.452249999999999819e-01 8.953969999999999985e-01 6.288000000000000186e-03 8.954170000000000185e-01 -4.452280000000000126e-01 -9.020000000000000240e-04
2.800000000000000000e+01 2.400000000000000000e+01 9.000000000000000000e+00 0.000000000000000000e+00 1.600000000000000089e+00 -2.680000000000000090e-04 5.970999999999999745e-03 -9.999820000000000375e-01 4.451459999999999861e-01 8.954429999999999890e-01 5.226999999999999875e-03 8.954579999999999762e-01 -4.451370000000000049e-01 -2.897999999999999968e-03
4.000000000000000000e+00 7.000000000000000000e+00 1.000000000000000000e+01 0.000000000000000000e+00 1.600000000000000089e+00 1.381899999999999969e-02 -1.510000000000000057e-03 -9.999029999999999863e-01 -9.900440000000000351e-01 -1.401129999999999876e-01 -1.347100000000000034e-02 -1.400790000000000091e-01 9.901339999999999586e-01 -3.431000000000000022e-03
1.600000000000000000e+01 8.000000000000000000e+00 1.000000000000000000e+01 0.000000000000000000e+00 1.600000000000000089e+00 6.467499999999999638e-02 2.523800000000000002e-02 -9.975870000000000015e-01 -9.883520000000000083e-01 -1.363870000000000082e-01 -6.752700000000000369e-02 -1.377619999999999956e-01 9.903340000000000476e-01 1.612299999999999844e-02
2.100000000000000000e+01 8.000000000000000000e+00 1.000000000000000000e+01 0.000000000000000000e+00 1.600000000000000089e+00 6.301500000000000157e-02 9.735000000000000597e-03 -9.979649999999999910e-01 -9.970980000000000398e-01 -4.219200000000000034e-02 -6.337099999999999678e-02 -4.272399999999999809e-02 9.990620000000000056e-01 7.047999999999999578e-03
2.700000000000000000e+01 4.900000000000000000e+01 1.000000000000000000e+01 0.000000000000000000e+00 1.600000000000000089e+00 7.926379999999999537e-01 -3.191289999999999960e-01 5.195020000000000193e-01 -4.898009999999999864e-01 -8.407090000000000396e-01 2.308749999999999969e-01 3.630720000000000058e-01 -4.374520000000000075e-01 -8.226869999999999461e-01
5.000000000000000000e+00 3.000000000000000000e+00 1.100000000000000000e+01 0.000000000000000000e+00 1.600000000000000089e+00 -1.286000000000000034e-03 2.298100000000000143e-02 9.997350000000000403e-01 1.203520000000000006e-01 -9.924650000000000416e-01 2.296799999999999883e-02 9.927300000000000013e-01 1.203499999999999986e-01 -1.489000000000000089e-03
2.200000000000000000e+01 4.000000000000000000e+00 1.100000000000000000e+01 0.000000000000000000e+00 1.600000000000000089e+00 -2.664000000000000135e-03 5.858599999999999919e-02 9.982790000000000274e-01 1.735210000000000086e-01 -9.831109999999999571e-01 5.815900000000000236e-02 9.848270000000000080e-01 1.733770000000000033e-01 -7.546999999999999889e-03
2.600000000000000000e+01 4.000000000000000000e+00 1.100000000000000000e+01 0.000000000000000000e+00 1.600000000000000089e+00 -8.040000000000000271e-04 6.219700000000000228e-02 9.980639999999999512e-01 1.646610000000000018e-01 -9.844319999999999737e-01 6.147999999999999993e-02 9.863499999999999490e-01 1.643920000000000103e-01 -9.450000000000000067e-03
2.500000000000000000e+01 4.800000000000000000e+01 1.300000000000000000e+01 0.000000000000000000e+00 1.600000000000000089e+00 8.623739999999999739e-01 -1.253900000000000015e-01 4.904990000000000183e-01 -2.410059999999999980e-01 -9.536989999999999634e-01 1.799250000000000016e-01 4.452269999999999839e-01 -2.733760000000000079e-01 -8.526650000000000063e-01
2.000000000000000000e+00 3.200000000000000000e+01 1.400000000000000000e+01 0.000000000000000000e+00 1.600000000000000089e+00 -6.859999999999999779e-04 3.119999999999999944e-04 -1.000000000000000000e+00 1.200520000000000059e-01 9.927679999999999838e-01 2.269999999999999882e-04 9.927669999999999551e-01 -1.200520000000000059e-01 -7.190000000000000210e-04
6.000000000000000000e+00 3.200000000000000000e+01 1.400000000000000000e+01 0.000000000000000000e+00 1.600000000000000089e+00 3.112999999999999882e-03 -2.903000000000000198e-03 -9.999909999999999632e-01 1.198110000000000008e-01 9.927939999999999543e-01 -2.508999999999999946e-03 9.927920000000000078e-01 -1.198020000000000057e-01 3.438000000000000084e-03
1.000000000000000000e+01 3.200000000000000000e+01 1.400000000000000000e+01 0.000000000000000000e+00 1.600000000000000089e+00 1.544999999999999932e-03 -5.740000000000000310e-03 -9.999820000000000375e-01 1.197389999999999982e-01 9.927899999999999503e-01 -5.513999999999999804e-03 9.928040000000000198e-01 -1.197280000000000011e-01 2.222000000000000017e-03
2.100000000000000000e+01 3.200000000000000000e+01 1.400000000000000000e+01 0.000000000000000000e+00 1.600000000000000089e+00 -1.688000000000000047e-03 7.610999999999999710e-03 -9.999700000000000255e-01 1.156819999999999932e-01 9.932590000000000030e-01 7.365000000000000019e-03 9.932849999999999735e-01 -1.156660000000000049e-01 -2.556999999999999811e-03
2.400000000000000000e+01 4.800000000000000000e+01 1.500000000000000000e+01 0.000000000000000000e+00 1.600000000000000089e+00 8.490199999999999969e-01 -2.163750000000000118e-01 4.820229999999999793e-01 -3.209089999999999998e-01 -9.359269999999999534e-01 1.451119999999999910e-01 4.197400000000000020e-01 -2.778889999999999971e-01 -8.640579999999999927e-01
2.800000000000000000e+01 1.200000000000000000e+01 1.600000000000000000e+01 0.000000000000000000e+00 1.600000000000000089e+00 -9.856000000000000177e-03 6.013299999999999895e-02 9.981419999999999737e-01 2.383540000000000103e-01 -9.692770000000000552e-01 6.074800000000000338e-02 9.711279999999999912e-01 2.385099999999999998e-01 -4.780000000000000394e-03
2.000000000000000000e+00 1.160000000000000000e+02 1.600000000000000000e+01 0.000000000000000000e+00 1.600000000000000089e+00 -5.057999999999999996e-03 -3.432000000000000155e-03 9.999810000000000088e-01 7.388820000000000388e-01 6.738079999999999625e-01 6.049999999999999822e-03 -6.738159999999999705e-01 7.388980000000000548e-01 -8.729999999999999696e-04
2.400000000000000000e+01 1.160000000000000000e+02 1.600000000000000000e+01 0.000000000000000000e+00 1.600000000000000089e+00 -2.454000000000000018e-03 9.909999999999999105e-04 9.999970000000000248e-01 8.285670000000000535e-01 5.598880000000000523e-01 1.477999999999999930e-03 -5.598849999999999660e-01 8.285670000000000535e-01 -2.194999999999999903e-03
2.400000000000000000e+01 3.500000000000000000e+01 1.700000000000000000e+01 0.000000000000000000e+00 1.600000000000000089e+00 -3.368820000000000148e-01 -1.869560000000000111e-01 -9.227990000000000359e-01 -8.597510000000000430e-01 -3.384780000000000011e-01 3.824400000000000022e-01 -3.838469999999999938e-01 9.222150000000000070e-01 -4.670799999999999952e-02
2.200000000000000000e+01 3.600000000000000000e+01 1.800000000000000000e+01 0.000000000000000000e+00 1.600000000000000089e+00 -4.486530000000000240e-01 2.647300000000000000e-02 -8.933140000000000525e-01 -8.836739999999999595e-01 -1.624869999999999925e-01 4.389959999999999973e-01 -1.335300000000000098e-01 9.863549999999999818e-01 9.629400000000000459e-02
4.000000000000000000e+00 2.000000000000000000e+00 1.900000000000000000e+01 0.000000000000000000e+00 1.600000000000000089e+00 -4.780000000000000394e-03 -8.146999999999999728e-03 -9.999550000000000383e-01 3.442189999999999972e-01 -9.388699999999999823e-01 6.003999999999999788e-03 -9.388769999999999616e-01 -3.441750000000000087e-01 7.291999999999999871e-03
7.000000000000000000e+00 3.000000000000000000e+00 1.900000000000000000e+01 0.000000000000000000e+00 1.600000000000000089e+00 -7.754999999999999741e-03 1.273600000000000079e-02 -9.998890000000000278e-01 3.124779999999999780e-01 -9.498140000000000471e-01 -1.452200000000000019e-02 -9.498929999999999874e-01 -3.125560000000000005e-01 3.386000000000000121e-03
1.000000000000000000e+01 3.000000000000000000e+00 1.900000000000000000e+01 0.000000000000000000e+00 1.600000000000000089e+00 -5.697999999999999940e-03 2.588299999999999976e-02 -9.996490000000000098e-01 3.198520000000000252e-01 -9.471009999999999707e-01 -2.634600000000000136e-02 -9.474500000000000144e-01 -3.198900000000000077e-01 -2.882000000000000013e-03
1.500000000000000000e+01 3.000000000000000000e+00 1.900000000000000000e+01 0.000000000000000000e+00 1.600000000000000089e+00 -5.971999999999999878e-03 3.496599999999999708e-02 -9.993710000000000093e-01 3.257450000000000068e-01 -9.448090000000000099e-01 -3.500299999999999939e-02 -9.454390000000000294e-01 -3.257490000000000108e-01 -5.747999999999999637e-03
2.200000000000000000e+01 3.000000000000000000e+00 1.900000000000000000e+01 0.000000000000000000e+00 1.600000000000000089e+00 -9.062000000000000610e-03 4.166399999999999965e-02 -9.990909999999999513e-01 3.347539999999999960e-01 -9.413559999999999706e-01 -4.229200000000000320e-02 -9.422620000000000440e-01 -3.348329999999999917e-01 -5.416999999999999940e-03
2.900000000000000000e+01 3.000000000000000000e+00 1.900000000000000000e+01 0.000000000000000000e+00 1.600000000000000089e+00 -1.052699999999999990e-02 4.188000000000000056e-02 -9.990670000000000384e-01 3.333809999999999829e-01 -9.418109999999999538e-01 -4.299300000000000344e-02 -9.427330000000000432e-01 -3.335230000000000139e-01 -4.047000000000000250e-03
1.000000000000000000e+00 4.000000000000000000e+00 2.000000000000000000e+01 0.000000000000000000e+00 1.600000000000000089e+00 -3.589999999999999984e-04 -1.720599999999999907e-02 -9.998519999999999630e-01 3.232090000000000241e-01 -9.461899999999999755e-01 1.616700000000000081e-02 -9.463279999999999470e-01 -3.231550000000000256e-01 5.900999999999999995e-03
1.800000000000000000e+01 4.000000000000000000e+00 2.000000000000000000e+01 0.000000000000000000e+00 1.600000000000000089e+00 -4.094000000000000417e-03 3.126799999999999718e-02 -9.995030000000000303e-01 3.645090000000000274e-01 -9.306969999999999965e-01 -3.060900000000000079e-02 -9.311909999999999910e-01 -3.644530000000000269e-01 -7.586999999999999994e-03
2.300000000000000000e+01 4.000000000000000000e+00 2.000000000000000000e+01 0.000000000000000000e+00 1.600000000000000089e+00 -5.937999999999999702e-03 3.746000000000000024e-02 -9.992809999999999748e-01 3.869139999999999802e-01 -9.213799999999999768e-01 -3.683899999999999675e-02 -9.220970000000000555e-01 -3.868550000000000044e-01 -9.022000000000000505e-03
2.600000000000000000e+01 4.000000000000000000e+00 2.000000000000000000e+01 0.000000000000000000e+00 1.600000000000000089e+00 -7.740000000000000352e-03 3.784499999999999670e-02 -9.992539999999999756e-01 3.966160000000000241e-01 -9.172059999999999658e-01 -3.780900000000000233e-02 -9.179519999999999902e-01 -3.966129999999999933e-01 -7.910999999999999630e-03
2.900000000000000000e+01 4.000000000000000000e+00 2.000000000000000000e+01 0.000000000000000000e+00 1.600000000000000089e+00 -7.470000000000000077e-03 3.640899999999999692e-02 -9.993090000000000028e-01 4.050349999999999784e-01 -9.135799999999999477e-01 -3.631299999999999806e-02 -9.142709999999999448e-01 -4.050259999999999971e-01 -7.922999999999999488e-03
2.000000000000000000e+00 1.300000000000000000e+01 2.000000000000000000e+01 0.000000000000000000e+00 1.600000000000000089e+00 -3.145999999999999925e-03 -4.995000000000000308e-03 9.999829999999999552e-01 2.630509999999999793e-01 9.647649999999999837e-01 5.647000000000000110e-03 -9.647769999999999957e-01 2.630640000000000200e-01 -1.721000000000000090e-03
7.000000000000000000e+00 1.300000000000000000e+01 2.000000000000000000e+01 0.000000000000000000e+00 1.600000000000000089e+00 -9.940000000000000918e-04 -3.910000000000000172e-04 9.999989999999999712e-01 2.617920000000000247e-01 9.651239999999999819e-01 6.380000000000000037e-04 -9.651239999999999819e-01 2.617929999999999979e-01 -8.570000000000000144e-04
1.100000000000000000e+01 1.300000000000000000e+01 2.000000000000000000e+01 0.000000000000000000e+00 1.600000000000000089e+00 4.060000000000000024e-04 4.087999999999999620e-03 9.999919999999999920e-01 2.594330000000000247e-01 9.657520000000000548e-01 -4.053000000000000179e-03 -9.657609999999999806e-01 2.594330000000000247e-01 -6.689999999999999983e-04
1.400000000000000000e+01 1.300000000000000000e+01 2.000000000000000000e+01 0.000000000000000000e+00 1.600000000000000089e+00 -5.330000000000000536e-04 -8.189999999999999581e-04 9.999989999999999712e-01 2.596330000000000027e-01 9.657069999999999821e-01 9.300000000000000541e-04 -9.657069999999999821e-01 2.596330000000000027e-01 -3.020000000000000223e-04
2.000000000000000000e+01 1.300000000000000000e+01 2.000000000000000000e+01 0.000000000000000000e+00 1.600000000000000089e+00 4.550000000000000008e-04 -3.229999999999999907e-04 1.000000000000000000e+00 2.613960000000000172e-01 9.652319999999999789e-01 1.930000000000000021e-04 -9.652309999999999501e-01 2.613960000000000172e-01 5.240000000000000517e-04
2.600000000000000000e+01 1.300000000000000000e+01 2.000000000000000000e+01 0.000000000000000000e+00 1.600000000000000089e+00 3.820000000000000153e-04 -3.641999999999999838e-03 9.999930000000000208e-01 2.664719999999999867e-01 9.638360000000000261e-01 3.409000000000000138e-03 -9.638419999999999765e-01 2.664690000000000114e-01 1.337999999999999997e-03
3.000000000000000000e+00 1.600000000000000000e+01 2.100000000000000000e+01 0.000000000000000000e+00 1.600000000000000089e+00 -3.080999999999999971e-03 -9.263000000000000400e-03 9.999519999999999520e-01 2.987609999999999988e-01 9.542779999999999596e-01 9.759999999999999579e-03 -9.543230000000000324e-01 2.987759999999999860e-01 -1.720000000000000066e-04
2.300000000000000000e+01 3.900000000000000000e+01 2.300000000000000000e+01 0.000000000000000000e+00 1.600000000000000089e+00 -4.625929999999999764e-01 -8.104099999999999637e-01 3.595039999999999902e-01 -8.286299999999999777e-01 5.394069999999999698e-01 1.497120000000000117e-01 -3.152469999999999994e-01 -2.286400000000000099e-01 -9.210549999999999571e-01
1.600000000000000000e+01 2.000000000000000000e+00 2.500000000000000000e+01 0.000000000000000000e+00 1.600000000000000089e+00 -8.498999999999999611e-03 2.290100000000000122e-02 9.997019999999999795e-01 8.965599999999999958e-02 -9.956939999999999680e-01 2.357100000000000167e-02 9.959369999999999612e-01 8.982999999999999319e-02 6.408999999999999767e-03
7.000000000000000000e+00 3.000000000000000000e+00 2.500000000000000000e+01 0.000000000000000000e+00 1.600000000000000089e+00 -2.546999999999999785e-03 5.586999999999999952e-03 9.999810000000000088e-01 -4.046199999999999797e-02 -9.991659999999999986e-01 5.479000000000000363e-03 9.991780000000000106e-01 -4.044699999999999684e-02 2.771000000000000026e-03
1.900000000000000000e+01 3.000000000000000000e+00 2.500000000000000000e+01 0.000000000000000000e+00 1.600000000000000089e+00 -8.982999999999999666e-03 2.840099999999999916e-02 9.995560000000000000e-01 2.729799999999999935e-02 -9.992170000000000218e-01 2.863699999999999926e-02 9.995870000000000033e-01 2.754300000000000151e-02 8.200999999999999956e-03
2.500000000000000000e+01 3.000000000000000000e+00 2.500000000000000000e+01 0.000000000000000000e+00 1.600000000000000089e+00 -1.147800000000000036e-02 3.313300000000000273e-02 9.993849999999999678e-01 3.249500000000000305e-02 -9.989109999999999934e-01 3.349099999999999994e-02 9.994060000000000166e-01 3.286000000000000032e-02 1.038900000000000066e-02
2.800000000000000000e+01 3.000000000000000000e+00 2.500000000000000000e+01 0.000000000000000000e+00 1.600000000000000089e+00 -7.939999999999999142e-03 3.450000000000000289e-02 9.993729999999999558e-01 2.417100000000000151e-02 -9.991060000000000496e-01 3.468299999999999855e-02 9.996760000000000090e-01 2.443199999999999886e-02 7.099000000000000275e-03
4.000000000000000000e+00 4.300000000000000000e+01 2.600000000000000000e+01 0.000000000000000000e+00 1.600000000000000089e+00 -7.234200000000000352e-02 2.388730000000000020e-01 -9.683519999999999905e-01 9.837050000000000516e-01 -1.431369999999999865e-01 -1.087980000000000058e-01 -1.645959999999999923e-01 -9.604430000000000467e-01 -2.246259999999999923e-01
2.200000000000000000e+01 3.800000000000000000e+01 2.900000000000000000e+01 0.000000000000000000e+00 1.600000000000000089e+00 3.406870000000000176e-01 3.124930000000000208e-01 -8.867249999999999854e-01 8.636890000000000400e-01 2.685980000000000034e-01 4.264930000000000110e-01 3.714489999999999736e-01 -9.111550000000000482e-01 -1.783889999999999920e-01
1.800000000000000000e+01 4.400000000000000000e+01 3.100000000000000000e+01 0.000000000000000000e+00 1.600000000000000089e+00 9.117450000000000276e-01 -2.000290000000000123e-01 -3.587600000000000233e-01 2.169310000000000127e-01 9.761619999999999742e-01 7.037999999999999985e-03 3.487999999999999989e-01 -8.424299999999999844e-02 9.334029999999999827e-01
8.000000000000000000e+00 5.800000000000000000e+01 3.100000000000000000e+01 0.000000000000000000e+00 1.600000000000000089e+00 -5.152000000000000329e-03 1.407999999999999963e-03 9.999860000000000415e-01 -8.082139999999999880e-01 -5.888799999999999590e-01 -3.334999999999999857e-03 5.888670000000000293e-01 -8.082190000000000207e-01 4.172999999999999626e-03
1.400000000000000000e+01 5.800000000000000000e+01 3.100000000000000000e+01 0.000000000000000000e+00 1.600000000000000089e+00 -5.789999999999999791e-04 -1.050599999999999971e-02 9.999449999999999728e-01 -8.067029999999999479e-01 -5.909189999999999721e-01 -6.675999999999999643e-03 5.909569999999999546e-01 -8.066619999999999902e-01 -8.132999999999999605e-03
2.000000000000000000e+01 5.800000000000000000e+01 3.100000000000000000e+01 0.000000000000000000e+00 1.600000000000000089e+00 1.033999999999999980e-03 -1.593899999999999831e-02 9.998719999999999830e-01 -7.979309999999999459e-01 -6.026850000000000263e-01 -8.782999999999999141e-03 6.027489999999999792e-01 -7.978199999999999736e-01 -1.334100000000000043e-02
2.500000000000000000e+01 5.800000000000000000e+01 3.100000000000000000e+01 0.000000000000000000e+00 1.600000000000000089e+00 1.631999999999999987e-03 1.787700000000000053e-02 9.998390000000000333e-01 -7.906739999999999879e-01 -6.121159999999999934e-01 1.223499999999999935e-02 6.122360000000000024e-01 -7.905659999999999910e-01 1.313500000000000084e-02
3.000000000000000000e+01 5.800000000000000000e+01 3.100000000000000000e+01 0.000000000000000000e+00 1.600000000000000089e+00 -3.775999999999999843e-03 1.425099999999999978e-02 9.998909999999999743e-01 -7.943480000000000540e-01 -6.074359999999999760e-01 5.656999999999999702e-03 6.074509999999999632e-01 -7.942409999999999748e-01 1.361399999999999937e-02
2.000000000000000000e+01 3.800000000000000000e+01 3.400000000000000000e+01 0.000000000000000000e+00 1.600000000000000089e+00 4.848620000000000152e-01 -8.526829999999999687e-01 -1.945260000000000045e-01 8.547090000000000520e-01 5.091259999999999675e-01 -1.013050000000000062e-01 1.854190000000000005e-01 -1.171439999999999981e-01 9.756519999999999637e-01
6.000000000000000000e+00 3.700000000000000000e+01 3.500000000000000000e+01 0.000000000000000000e+00 1.600000000000000089e+00 2.120329999999999993e-01 2.366050000000000098e-01 -9.481880000000000308e-01 -4.436010000000000231e-01 -8.412300000000000333e-01 -3.091130000000000266e-01 -8.707810000000000272e-01 4.861590000000000078e-01 -7.341000000000000303e-02
2.400000000000000000e+01 2.900000000000000000e+01 3.600000000000000000e+01 0.000000000000000000e+00 1.600000000000000089e+00 5.162299999999999667e-01 5.251240000000000352e-01 -6.765740000000000087e-01 7.842909999999999604e-01 2.752399999999999985e-02 6.197820000000000551e-01 3.440840000000000010e-01 -8.505810000000000315e-01 -3.976410000000000222e-01
2.200000000000000000e+01 3.000000000000000000e+01 3.600000000000000000e+01 0.000000000000000000e+00 1.600000000000000089e+00 3.514320000000000221e-01 4.430879999999999819e-01 -8.247240000000000126e-01 8.187370000000000481e-01 2.817810000000000037e-01 5.002689999999999637e-01 4.540549999999999864e-01 -8.510419999999999652e-01 -2.637450000000000072e-01
3.000000000000000000e+01 5.000000000000000000e+01 3.600000000000000000e+01 0.000000000000000000e+00 1.600000000000000089e+00 4.106000000000000275e-03 -3.500340000000000118e-01 -9.367280000000000051e-01 1.641299999999999981e-01 -9.237969999999999793e-01 3.459209999999999785e-01 -9.864300000000000290e-01 -1.551649999999999974e-01 5.365700000000000330e-02
7.000000000000000000e+00 9.500000000000000000e+01 3.600000000000000000e+01 0.000000000000000000e+00 1.600000000000000089e+00 8.528000000000000858e-03 -1.418590000000000129e-01 9.898500000000000076e-01 9.974709999999999965e-01 7.105999999999999817e-02 1.590999999999999966e-03 -7.056500000000000272e-02 9.873330000000000162e-01 1.421060000000000101e-01
2.800000000000000000e+01 5.000000000000000000e+01 3.800000000000000000e+01 0.000000000000000000e+00 1.600000000000000089e+00 -2.031799999999999926e-02 -3.638910000000000200e-01 9.312200000000000477e-01 -3.299469999999999903e-01 -8.767899999999999583e-01 -3.498209999999999931e-01 9.437809999999999810e-01 -3.143610000000000015e-01 -1.022499999999999937e-01
2.400000000000000000e+01 2.000000000000000000e+01 3.900000000000000000e+01 0.000000000000000000e+00 1.600000000000000089e+00 9.207999999999999172e-03 -1.473600000000000083e-02 9.998489999999999878e-01 -4.798879999999999812e-01 8.771579999999999933e-01 1.734700000000000131e-02 -8.772820000000000062e-01 -4.799749999999999850e-01 1.005000000000000034e-03
1.600000000000000000e+01 3.400000000000000000e+01 4.000000000000000000e+01 0.000000000000000000e+00 1.600000000000000089e+00 6.529300000000000381e-02 -7.121880000000000432e-01 6.989459999999999562e-01 7.617920000000000247e-01 -4.168390000000000151e-01 -4.959009999999999807e-01 6.445220000000000393e-01 5.648300000000000542e-01 5.153229999999999755e-01
1.800000000000000000e+01 3.800000000000000000e+01 4.000000000000000000e+01 0.000000000000000000e+00 1.600000000000000089e+00 -5.531840000000000090e-01 -7.587040000000000450e-01 -3.440300000000000025e-01 -8.207069999999999643e-01 4.254870000000000041e-01 3.813150000000000150e-01 -1.429249999999999965e-01 4.932849999999999735e-01 -8.580459999999999754e-01
2.800000000000000000e+01 4.700000000000000000e+01 4.100000000000000000e+01 0.000000000000000000e+00 1.600000000000000089e+00 -1.204940000000000039e-01 6.169660000000000144e-01 -7.777110000000000412e-01 -5.766440000000000454e-01 5.941969999999999752e-01 5.607250000000000290e-01 8.080610000000000293e-01 5.160259999999999847e-01 2.841730000000000089e-01
5.000000000000000000e+00 4.800000000000000000e+01 4.100000000000000000e+01 0.000000000000000000e+00 1.600000000000000089e+00 1.245919999999999944e-01 5.472999999999999567e-03 9.921929999999999916e-01 8.227069999999999661e-01 5.584209999999999452e-01 -1.063899999999999985e-01 -5.546440000000000259e-01 8.295400000000000551e-01 6.507200000000000484e-02
7.000000000000000000e+00 4.800000000000000000e+01 4.200000000000000000e+01 0.000000000000000000e+00 1.600000000000000089e+00 1.242280000000000051e-01 -9.359199999999999464e-02 9.878299999999999859e-01 8.782330000000000414e-01 4.737169999999999992e-01 -6.556399999999999728e-02 -4.618160000000000043e-01 8.756899999999999684e-01 1.410440000000000027e-01
2.200000000000000000e+01 2.500000000000000000e+01 4.300000000000000000e+01 0.000000000000000000e+00 1.600000000000000089e+00 1.110310000000000047e-01 1.760589999999999933e-01 -9.780980000000000230e-01 8.170309999999999517e-01 5.441460000000000186e-01 1.906940000000000024e-01 5.658020000000000271e-01 -8.203099999999999836e-01 -8.342900000000000316e-02
2.100000000000000000e+01 5.100000000000000000e+01 4.300000000000000000e+01 0.000000000000000000e+00 1.600000000000000089e+00 -1.160090000000000010e-01 4.348119999999999763e-01 -8.930179999999999785e-01 -6.145690000000000319e-01 6.748920000000000474e-01 4.084430000000000005e-01 7.802869999999999528e-01 5.962039999999999562e-01 1.889280000000000126e-01
2.000000000000000000e+01 5.200000000000000000e+01 4.300000000000000000e+01 0.000000000000000000e+00 1.600000000000000089e+00 -6.557499999999999440e-02 4.185639999999999916e-01 -9.058169999999999833e-01 -5.072940000000000227e-01 7.677230000000000443e-01 3.914770000000000194e-01 8.592739999999999823e-01 4.851869999999999794e-01 1.619919999999999971e-01
6.000000000000000000e+00 8.000000000000000000e+00 4.400000000000000000e+01 0.000000000000000000e+00 1.600000000000000089e+00 -1.714999999999999945e-03 3.021999999999999947e-03 9.999940000000000495e-01 -8.022789999999999644e-01 -5.969489999999999519e-01 4.279999999999999950e-04 5.969470000000000054e-01 -8.022730000000000139e-01 3.448000000000000110e-03
1.800000000000000000e+01 8.000000000000000000e+00 4.400000000000000000e+01 0.000000000000000000e+00 1.600000000000000089e+00 -2.452000000000000186e-03 -5.172999999999999647e-03 9.999839999999999840e-01 -7.857990000000000252e-01 -6.184610000000000385e-01 -5.126000000000000348e-03 6.184770000000000545e-01 -7.857990000000000252e-01 -2.549000000000000050e-03
8.000000000000000000e+00 5.400000000000000000e+01 4.600000000000000000e+01 0.000000000000000000e+00 1.600000000000000089e+00 -1.274600000000000039e-02 -4.139600000000000224e-02 9.990609999999999769e-01 2.684500000000000219e-01 -9.626029999999999864e-01 -3.646100000000000035e-02 9.632089999999999819e-01 2.677329999999999988e-01 2.338200000000000001e-02
1.900000000000000000e+01 6.500000000000000000e+01 4.600000000000000000e+01 0.000000000000000000e+00 1.600000000000000089e+00 -3.128999999999999837e-03 2.602999999999999845e-03 9.999919999999999920e-01 6.790929999999999467e-01 -7.340419999999999723e-01 4.035999999999999657e-03 7.340459999999999763e-01 6.791000000000000369e-01 5.289999999999999564e-04
4.000000000000000000e+00 2.900000000000000000e+01 4.800000000000000000e+01 0.000000000000000000e+00 1.600000000000000089e+00 5.323999999999999740e-03 -1.038130000000000025e-01 9.945829999999999949e-01 3.559749999999999859e-01 9.296410000000000506e-01 9.512900000000000522e-02 -9.344799999999999773e-01 3.535400000000000209e-01 4.190499999999999781e-02
1.400000000000000000e+01 2.900000000000000000e+01 4.800000000000000000e+01 0.000000000000000000e+00 1.600000000000000089e+00 1.884999999999999957e-03 7.565999999999999809e-03 9.999700000000000255e-01 3.597279999999999922e-01 9.330249999999999932e-01 -7.738000000000000086e-03 -9.330549999999999677e-01 3.597310000000000230e-01 -9.629999999999999888e-04
1.900000000000000000e+01 2.900000000000000000e+01 4.800000000000000000e+01 0.000000000000000000e+00 1.600000000000000089e+00 9.072999999999999468e-03 3.183219999999999938e-01 9.479389999999999761e-01 3.989929999999999866e-01 8.680930000000000035e-01 -2.953279999999999794e-01 -9.169089999999999741e-01 3.809000000000000163e-01 -1.191320000000000018e-01
2.300000000000000000e+01 6.000000000000000000e+00 5.100000000000000000e+01 0.000000000000000000e+00 1.600000000000000089e+00 -8.989999999999999511e-04 -5.205999999999999690e-03 -9.999860000000000415e-01 2.972710000000000075e-01 -9.547820000000000196e-01 4.702999999999999715e-03 -9.547930000000000028e-01 -2.972629999999999995e-01 2.406000000000000152e-03
1.400000000000000000e+01 4.500000000000000000e+01 5.100000000000000000e+01 0.000000000000000000e+00 1.600000000000000089e+00 9.340049999999999741e-01 -1.937129999999999963e-01 -3.001820000000000044e-01 3.243659999999999877e-01 8.119709999999999983e-01 4.852719999999999811e-01 1.497360000000000080e-01 -5.506159999999999943e-01 8.212190000000000323e-01
1.600000000000000000e+01 1.150000000000000000e+02 5.100000000000000000e+01 0.000000000000000000e+00 1.600000000000000089e+00 -1.603000000000000041e-03 -2.577199999999999977e-02 9.996669999999999723e-01 8.386259999999999826e-01 -5.445600000000000440e-01 -1.269400000000000042e-02 5.447049999999999947e-01 8.383260000000000156e-01 2.248599999999999904e-02
2.100000000000000000e+01 1.150000000000000000e+02 5.100000000000000000e+01 0.000000000000000000e+00 1.600000000000000089e+00 -6.837000000000000195e-03 -1.243999999999999967e-02 9.998989999999999823e-01 8.439740000000000020e-01 -5.363830000000000542e-01 -9.030000000000000483e-04 5.363400000000000389e-01 8.438830000000000497e-01 1.416700000000000077e-02
2.700000000000000000e+01 1.150000000000000000e+02 5.100000000000000000e+01 0.000000000000000000e+00 1.600000000000000089e+00 -6.061999999999999680e-03 9.827000000000000665e-03 9.999329999999999607e-01 8.537289999999999601e-01 -5.206159999999999677e-01 1.029200000000000080e-02 5.206830000000000069e-01 8.537339999999999929e-01 -5.232999999999999804e-03
4.000000000000000000e+00 5.800000000000000000e+01 5.200000000000000000e+01 0.000000000000000000e+00 1.600000000000000089e+00 -5.717999999999999992e-03 -3.233599999999999669e-02 9.994610000000000438e-01 -6.170020000000000504e-01 7.866560000000000219e-01 2.192099999999999951e-02 -7.869410000000000016e-01 -6.165439999999999809e-01 -2.444899999999999851e-02
2.800000000000000000e+01 4.400000000000000000e+01 5.300000000000000000e+01 0.000000000000000000e+00 1.600000000000000089e+00 -4.067239999999999744e-01 -8.138180000000000414e-01 4.150599999999999845e-01 -8.066419999999999702e-01 5.331970000000000320e-01 2.550100000000000144e-01 -4.288399999999999990e-01 -2.310860000000000136e-01 -8.733239999999999892e-01
6.000000000000000000e+00 6.300000000000000000e+01 5.400000000000000000e+01 0.000000000000000000e+00 1.600000000000000089e+00 -2.735000000000000018e-03 -1.069299999999999938e-02 9.999390000000000223e-01 -3.697819999999999996e-01 9.290760000000000129e-01 8.923999999999999641e-03 -9.291150000000000242e-01 -3.697349999999999803e-01 -6.494999999999999905e-03
1.100000000000000000e+01 6.300000000000000000e+01 5.400000000000000000e+01 0.000000000000000000e+00 1.600000000000000089e+00 1.005999999999999950e-03 -7.669999999999999951e-04 9.999989999999999712e-01 -3.815549999999999775e-01 9.243449999999999722e-01 1.092000000000000089e-03 -9.243460000000000010e-01 -3.815560000000000063e-01 6.369999999999999794e-04
1.600000000000000000e+01 6.300000000000000000e+01 5.400000000000000000e+01 0.000000000000000000e+00 1.600000000000000089e+00 -1.111000000000000008e-03 1.691999999999999928e-03 9.999980000000000535e-01 -3.804270000000000151e-01 9.248089999999999922e-01 -1.987000000000000051e-03 -9.248100000000000209e-01 -3.804279999999999884e-01 -3.829999999999999854e-04
1.800000000000000000e+01 6.300000000000000000e+01 5.400000000000000000e+01 0.000000000000000000e+00 1.600000000000000089e+00 6.819999999999999890e-04 1.551999999999999994e-03 9.999989999999999712e-01 -3.733989999999999809e-01 9.276699999999999946e-01 -1.185000000000000072e-03 -9.276699999999999946e-01 -3.733980000000000077e-01 1.211999999999999970e-03
2.200000000000000000e+01 6.300000000000000000e+01 5.400000000000000000e+01 0.000000000000000000e+00 1.600000000000000089e+00 8.090000000000000403e-04 5.079000000000000181e-03 9.999869999999999592e-01 -3.640939999999999732e-01 9.313519999999999577e-01 -4.435999999999999839e-03 -9.313620000000000232e-01 -3.640860000000000207e-01 2.602000000000000146e-03
2.600000000000000000e+01 6.300000000000000000e+01 5.400000000000000000e+01 0.000000000000000000e+00 1.600000000000000089e+00 6.679999999999999740e-04 3.350999999999999812e-03 9.999940000000000495e-01 -3.596900000000000097e-01 9.330669999999999797e-01 -2.886000000000000110e-03 -9.330720000000000125e-01 -3.596860000000000057e-01 1.827999999999999981e-03
1.900000000000000000e+01 2.500000000000000000e+01 5.500000000000000000e+01 0.000000000000000000e+00 1.600000000000000089e+00 7.799999999999999859e-05 1.186409999999999965e-01 9.929369999999999585e-01 3.461000000000000101e-03 9.929310000000000080e-01 -1.186409999999999965e-01 -9.999940000000000495e-01 3.445999999999999844e-03 -3.330000000000000169e-04
2.300000000000000000e+01 2.500000000000000000e+01 5.500000000000000000e+01 0.000000000000000000e+00 1.600000000000000089e+00 -2.547999999999999918e-03 -5.479799999999999949e-02 9.984939999999999927e-01 8.030000000000000679e-03 9.984640000000000182e-01 5.481599999999999667e-02 -9.999649999999999928e-01 8.156999999999999321e-03 -2.103999999999999967e-03
3.000000000000000000e+00 2.900000000000000000e+01 5.500000000000000000e+01 0.000000000000000000e+00 1.600000000000000089e+00 2.236999999999999839e-03 5.059700000000000308e-02 9.987169999999999659e-01 7.289099999999999746e-02 -9.960710000000000397e-01 5.029999999999999749e-02 9.973370000000000291e-01 7.268499999999999961e-02 -5.916000000000000252e-03
