4.000000000000000000e+00 2.500000000000000000e+01 1.000000000000000000e+00 0.000000000000000000e+00 1.600000000000000089e+00 -5.339999999999999695e-04 3.331999999999999892e-03 -9.999940000000000495e-01 -5.176910000000000123e-01 -8.555639999999999912e-01 -2.575000000000000032e-03 -8.555669999999999664e-01 5.176870000000000083e-01 2.181999999999999912e-03
2.800000000000000000e+01 2.500000000000000000e+01 1.000000000000000000e+00 0.000000000000000000e+00 1.600000000000000089e+00 2.652999999999999976e-03 -8.451000000000000179e-03 -9.999609999999999888e-01 -5.216009999999999813e-01 -8.531699999999999839e-01 5.825999999999999582e-03 -8.531859999999999999e-01 5.215649999999999453e-01 -6.671999999999999979e-03
2.200000000000000000e+01 4.200000000000000000e+01 2.000000000000000000e+00 0.000000000000000000e+00 1.600000000000000089e+00 6.592999999999999902e-03 -1.329100000000000073e-02 -9.998899999999999455e-01 9.829890000000000017e-01 -1.834500000000000020e-01 8.920000000000000845e-03 -1.835479999999999889e-01 -9.829390000000000072e-01 1.185499999999999922e-02
2.000000000000000000e+00 1.500000000000000000e+01 4.000000000000000000e+00 0.000000000000000000e+00 1.600000000000000089e+00 -8.429999999999999993e-04 3.099999999999999891e-03 9.999949999999999672e-01 3.121800000000000130e-01 -9.500180000000000291e-01 3.207999999999999914e-03 9.500229999999999508e-01 3.121809999999999863e-01 -1.669999999999999935e-04
8.000000000000000000e+00 1.500000000000000000e+01 4.000000000000000000e+00 0.000000000000000000e+00 1.600000000000000089e+00 7.200000000000000182e-05 4.590000000000000330e-03 9.999890000000000168e-01 3.094540000000000068e-01 -9.509050000000000002e-01 4.342000000000000373e-03 9.509149999999999547e-01 3.094500000000000028e-01 -1.489000000000000089e-03
1.500000000000000000e+01 1.500000000000000000e+01 4.000000000000000000e+00 0.000000000000000000e+00 1.600000000000000089e+00 -2.377999999999999906e-03 -4.530000000000000172e-03 9.999869999999999592e-01 3.089990000000000236e-01 -9.510560000000000125e-01 -3.572999999999999787e-03 9.510589999999999877e-01 3.089859999999999829e-01 3.661000000000000192e-03
1.800000000000000000e+01 1.500000000000000000e+01 4.000000000000000000e+00 0.000000000000000000e+00 1.600000000000000089e+00 -3.116999999999999979e-03 -2.625999999999999862e-03 9.999919999999999920e-01 3.089919999999999889e-01 -9.510640000000000205e-01 -1.533999999999999990e-03 9.510600000000000165e-01 3.089839999999999809e-01 3.775999999999999843e-03
2.700000000000000000e+01 1.500000000000000000e+01 4.000000000000000000e+00 0.000000000000000000e+00 1.600000000000000089e+00 2.889999999999999774e-04 2.258000000000000024e-03 9.999970000000000248e-01 3.076530000000000098e-01 -9.514960000000000084e-01 2.060000000000000199e-03 9.514989999999999837e-01 3.076519999999999810e-01 -9.700000000000000505e-04
1.400000000000000000e+01 1.010000000000000000e+02 7.000000000000000000e+00 0.000000000000000000e+00 1.600000000000000089e+00 -1.730999999999999900e-03 -8.273000000000000839e-03 9.999639999999999640e-01 8.812200000000000033e-01 4.726750000000000118e-01 5.435999999999999860e-03 -4.727029999999999843e-01 8.811980000000000368e-01 6.472000000000000322e-03
1.900000000000000000e+01 1.500000000000000000e+01 8.000000000000000000e+00 0.000000000000000000e+00 1.600000000000000089e+00 1.209000000000000005e-03 5.850000000000000165e-04 -9.999989999999999712e-01 -5.990450000000000497e-01 -8.007140000000000368e-01 -1.193000000000000050e-03 -8.007140000000000368e-01 5.990459999999999674e-01 -6.179999999999999513e-04
6.000000000000000000e+00 2.500000000000000000e+01 8.000000000000000000e+00 0.000000000000000000e+00 1.600000000000000089e+00 5.399999999999999798e-05 -4.897000000000000311e-03 -9.999879999999999880e-01 4.436579999999999968e-01 8.961860000000000381e-01 -4.364999999999999956e-03 8.961959999999999926e-01 -4.436519999999999908e-01 2.220999999999999884e-03
1.000000000000000000e+01 2.500000000000000000e+01 8.000000000000000000e+00 0.000000000000000000e+00 1.600000000000000089e+00 -1.961000000000000069e-03 -4.093000000000000284e-03 -9.999900000000000455e-01 4.445819999999999772e-01 8.957260000000000222e-01 -4.538000000000000367e-03 8.957359999999999767e-01 -4.445870000000000100e-01 6.299999999999999990e-05
1.600000000000000000e+01 2.500000000000000000e+01 8.000000000000000000e+00 0.000000000000000000e+00 1.600000000000000089e+00 -4.339999999999999782e-04 2.716000000000000098e-03 -9.999959999999999960e-01 4.449230000000000129e-01 8.955659999999999732e-01 2.239000000000000105e-03 8.955689999999999484e-01 -4.449199999999999822e-01 -1.596999999999999895e-03
1.900000000000000000e+01 2.500000000000000000e+01 8.000000000000000000e+00 0.000000000000000000e+00 1.600000000000000089e+00 -1.897000000000000032e-03 -1.255999999999999955e-03 -9.999970000000000248e-01 4.435230000000000006e-01 8.962609999999999744e-01 -1.966999999999999998e-03 8.962609999999999744e-01 -4.435259999999999758e-01 -1.142999999999999919e-03
2.200000000000000000e+01 2.500000000000000000e+01 8.000000000000000000e+00 0.000000000000000000e+00 1.600000000000000089e+00 -1.007000000000000083e-03 -7.291999999999999871e-03 -9.999730000000000008e-01 4.445470000000000255e-01 8.957279999999999687e-01 -6.980000000000000093e-03 8.957549999999999679e-01 -4.445419999999999927e-01 2.338999999999999933e-03
2.600000000000000000e+01 2.500000000000000000e+01 8.000000000000000000e+00 0.000000000000000000e+00 1.600000000000000089e+00 -1.431999999999999896e-03 -5.039000000000000076e-03 -9.999860000000000415e-01 4.468889999999999807e-01 8.945739999999999803e-01 -5.147999999999999798e-03 8.945880000000000498e-01 -4.468909999999999827e-01 9.709999999999999664e-04
2.000000000000000000e+00 2.400000000000000000e+01 9.000000000000000000e+00 0.000000000000000000e+00 1.600000000000000089e+00 4.970000000000000459e-04 -2.475999999999999902e-03 -9.999970000000000248e-01 4.481249999999999956e-01 8.939690000000000136e-01 -1.991000000000000148e-03 8.939709999999999601e-01 -4.481220000000000203e-01 1.554000000000000043e-03
6.000000000000000000e+00 2.400000000000000000e+01 9.000000000000000000e+00 0.000000000000000000e+00 1.600000000000000089e+00 2.100000000000000087e-04 -5.189000000000000036e-03 -9.999869999999999592e-01 4.480410000000000226e-01 8.940010000000000456e-01 -4.545000000000000429e-03 8.940129999999999466e-01 -4.480339999999999878e-01 2.511999999999999910e-03
9.000000000000000000e+00 2.400000000000000000e+01 9.000000000000000000e+00 0.000000000000000000e+00 1.600000000000000089e+00 -1.853999999999999962e-03 -5.072000000000000119e-03 -9.999850000000000128e-01 4.484879999999999978e-01 8.937730000000000397e-01 -5.364999999999999977e-03 8.937869999999999981e-01 -4.484920000000000018e-01 6.179999999999999513e-04
1.300000000000000000e+01 2.400000000000000000e+01 9.000000000000000000e+00 0.000000000000000000e+00 1.600000000000000089e+00 -5.429999999999999714e-04 -3.595000000000000105e-03 -9.999930000000000208e-01 4.496109999999999829e-01 8.932179999999999565e-01 -3.455000000000000172e-03 8.932240000000000180e-01 -4.496100000000000096e-01 1.131000000000000061e-03
1.900000000000000000e+01 2.400000000000000000e+01 9.000000000000000000e+00 0.000000000000000000e+00 1.600000000000000089e+00 -1.345000000000000058e-03 -1.387999999999999911e-03 -9.999980000000000535e-01 4.471189999999999887e-01 8.944720000000000448e-01 -1.843000000000000020e-03 8.944729999999999626e-01 -4.471209999999999907e-01 -5.829999999999999679e-04
2.300000000000000000e+01 2.400000000000000000e+01 9.000000000000000000e+00 0.000000000000000000e+00 1.600000000000000089e+00 -9.859999999999998974e-04 -6.284999999999999788e-03 -9.999799999999999800e-01 4.481010000000000271e-01 8.939620000000000344e-01 -6.061000000000000415e-03 8.939820000000000544e-01 -4.480979999999999963e-01 1.935000000000000088e-03
3.000000000000000000e+01 2.400000000000000000e+01 9.000000000000000000e+00 0.000000000000000000e+00 1.600000000000000089e+00 -3.520000000000000125e-03 4.629999999999999567e-03 -9.999829999999999552e-01 4.505379999999999940e-01 8.927540000000000475e-01 2.547999999999999918e-03 8.927500000000000435e-01 -4.505210000000000048e-01 -5.228000000000000008e-03
4.000000000000000000e+00 3.100000000000000000e+01 1.200000000000000000e+01 0.000000000000000000e+00 1.600000000000000089e+00 -1.928999999999999942e-03 4.500000000000000283e-05 9.999980000000000535e-01 1.887399999999999842e-02 9.998219999999999885e-01 -9.000000000000000228e-06 -9.998200000000000420e-01 1.887399999999999842e-02 -1.930000000000000075e-03
5.000000000000000000e+00 1.160000000000000000e+02 1.600000000000000000e+01 0.000000000000000000e+00 1.600000000000000089e+00 -4.059000000000000108e-03 -4.265999999999999827e-03 9.999829999999999552e-01 6.837530000000000552e-01 7.296890000000000320e-01 5.889000000000000137e-03 -7.297019999999999618e-01 6.837649999999999562e-01 -4.500000000000000283e-05
1.600000000000000000e+01 1.160000000000000000e+02 1.600000000000000000e+01 0.000000000000000000e+00 1.600000000000000089e+00 4.530000000000000064e-04 -1.340999999999999961e-03 9.999989999999999712e-01 6.879899999999999904e-01 7.257200000000000317e-01 6.610000000000000207e-04 -7.257200000000000317e-01 6.879889999999999617e-01 1.250999999999999942e-03
2.700000000000000000e+01 1.160000000000000000e+02 1.600000000000000000e+01 0.000000000000000000e+00 1.600000000000000089e+00 2.181999999999999912e-03 -2.699999999999999899e-05 9.999980000000000535e-01 6.837769999999999682e-01 7.296899999999999498e-01 -1.472000000000000001e-03 -7.296880000000000033e-01 6.837779999999999969e-01 1.611000000000000019e-03
6.000000000000000000e+00 2.000000000000000000e+00 1.900000000000000000e+01 0.000000000000000000e+00 1.600000000000000089e+00 -9.039999999999999642e-04 4.055999999999999710e-03 -9.999909999999999632e-01 1.909170000000000034e-01 -9.815970000000000528e-01 -4.153999999999999707e-03 -9.816059999999999786e-01 -1.909190000000000054e-01 1.129999999999999955e-04
9.000000000000000000e+00 2.000000000000000000e+00 1.900000000000000000e+01 0.000000000000000000e+00 1.600000000000000089e+00 -3.600000000000000227e-04 -1.356999999999999916e-03 -9.999989999999999712e-01 1.930219999999999991e-01 -9.811940000000000106e-01 1.262000000000000101e-03 -9.811940000000000106e-01 -1.930209999999999981e-01 6.149999999999999868e-04
1.200000000000000000e+01 2.000000000000000000e+00 1.900000000000000000e+01 0.000000000000000000e+00 1.600000000000000089e+00 -6.819999999999999890e-04 -2.382000000000000003e-03 -9.999970000000000248e-01 1.950909999999999866e-01 -9.807829999999999604e-01 2.203000000000000097e-03 -9.807850000000000179e-01 -1.950890000000000124e-01 1.134000000000000025e-03
1.500000000000000000e+01 2.000000000000000000e+00 1.900000000000000000e+01 0.000000000000000000e+00 1.600000000000000089e+00 -2.456999999999999983e-03 -2.518999999999999972e-03 -9.999940000000000495e-01 1.968350000000000100e-01 -9.804349999999999454e-01 1.985999999999999918e-03 -9.804340000000000277e-01 -1.968280000000000030e-01 2.905000000000000030e-03
2.000000000000000000e+01 2.000000000000000000e+00 1.900000000000000000e+01 0.000000000000000000e+00 1.600000000000000089e+00 -1.557999999999999923e-03 5.263000000000000317e-03 -9.999850000000000128e-01 1.979960000000000053e-01 -9.801870000000000305e-01 -5.466999999999999638e-03 -9.802009999999999890e-01 -1.980020000000000113e-01 4.850000000000000253e-04
2.400000000000000000e+01 2.000000000000000000e+00 1.900000000000000000e+01 0.000000000000000000e+00 1.600000000000000089e+00 -3.938999999999999793e-03 6.159999999999999677e-03 -9.999730000000000008e-01 1.980510000000000048e-01 -9.801680000000000392e-01 -6.818000000000000276e-03 -9.801840000000000552e-01 -1.980729999999999991e-01 2.641000000000000118e-03
2.700000000000000000e+01 2.000000000000000000e+00 1.900000000000000000e+01 0.000000000000000000e+00 1.600000000000000089e+00 -2.464000000000000044e-03 -4.209999999999999875e-04 -9.999970000000000248e-01 1.964009999999999923e-01 -9.805239999999999512e-01 -7.100000000000000462e-05 -9.805209999999999759e-01 -1.963999999999999913e-01 2.498999999999999919e-03
1.600000000000000000e+01 4.000000000000000000e+00 2.000000000000000000e+01 0.000000000000000000e+00 1.600000000000000089e+00 -1.066000000000000107e-03 -2.132999999999999913e-03 -9.999970000000000248e-01 2.916560000000000263e-01 -9.565219999999999834e-01 1.729999999999999984e-03 -9.565230000000000121e-01 -2.916540000000000243e-01 1.641000000000000097e-03
2.700000000000000000e+01 4.000000000000000000e+00 2.000000000000000000e+01 0.000000000000000000e+00 1.600000000000000089e+00 -4.465000000000000219e-03 -3.627000000000000016e-03 -9.999829999999999552e-01 2.889709999999999779e-01 -9.573350000000000470e-01 2.181999999999999912e-03 -9.573270000000000390e-01 -2.889559999999999906e-01 5.322999999999999607e-03
3.000000000000000000e+00 1.300000000000000000e+01 2.000000000000000000e+01 0.000000000000000000e+00 1.600000000000000089e+00 -2.122999999999999887e-03 -2.563999999999999873e-03 9.999940000000000495e-01 2.520359999999999823e-01 9.677130000000000454e-01 3.016000000000000018e-03 -9.677160000000000206e-01 2.520410000000000150e-01 -1.407999999999999963e-03
6.000000000000000000e+00 1.300000000000000000e+01 2.000000000000000000e+01 0.000000000000000000e+00 1.600000000000000089e+00 -1.807999999999999928e-03 -5.850000000000000165e-04 9.999980000000000535e-01 2.531979999999999786e-01 9.674139999999999961e-01 1.023999999999999954e-03 -9.674129999999999674e-01 2.531990000000000074e-01 -1.600999999999999993e-03
1.200000000000000000e+01 1.300000000000000000e+01 2.000000000000000000e+01 0.000000000000000000e+00 1.600000000000000089e+00 -3.629999999999999872e-04 1.730000000000000038e-04 1.000000000000000000e+00 2.532519999999999771e-01 9.674000000000000377e-01 -7.600000000000000418e-05 -9.674000000000000377e-01 2.532519999999999771e-01 -3.950000000000000061e-04
1.900000000000000000e+01 1.300000000000000000e+01 2.000000000000000000e+01 0.000000000000000000e+00 1.600000000000000089e+00 -7.320000000000000118e-04 -5.509999999999999490e-04 1.000000000000000000e+00 2.540799999999999725e-01 9.671830000000000149e-01 7.190000000000000210e-04 -9.671830000000000149e-01 2.540799999999999725e-01 -5.680000000000000370e-04
2.400000000000000000e+01 1.300000000000000000e+01 2.000000000000000000e+01 0.000000000000000000e+00 1.600000000000000089e+00 -2.514000000000000175e-03 -6.603000000000000362e-03 9.999749999999999472e-01 2.565620000000000123e-01 9.665019999999999722e-01 7.027000000000000260e-03 -9.665240000000000498e-01 2.565740000000000243e-01 -7.360000000000000006e-04
2.900000000000000000e+01 1.300000000000000000e+01 2.000000000000000000e+01 0.000000000000000000e+00 1.600000000000000089e+00 -8.409999999999999507e-04 5.820000000000000520e-04 9.999989999999999712e-01 2.570259999999999767e-01 9.664040000000000408e-01 -3.460000000000000076e-04 -9.664040000000000408e-01 2.570250000000000035e-01 -9.629999999999999888e-04
2.000000000000000000e+00 1.600000000000000000e+01 2.100000000000000000e+01 0.000000000000000000e+00 1.600000000000000089e+00 -1.567999999999999949e-03 9.829999999999999329e-04 9.999980000000000535e-01 2.974930000000000074e-01 9.547240000000000171e-01 -4.719999999999999803e-04 -9.547229999999999883e-01 2.974919999999999787e-01 -1.789999999999999925e-03
1.100000000000000000e+01 1.600000000000000000e+01 2.100000000000000000e+01 0.000000000000000000e+00 1.600000000000000089e+00 -6.430000000000000169e-04 1.418999999999999906e-03 9.999989999999999712e-01 2.972620000000000262e-01 9.547949999999999493e-01 -1.162999999999999971e-03 -9.547959999999999781e-01 2.972609999999999975e-01 -1.036000000000000029e-03
1.600000000000000000e+01 1.600000000000000000e+01 2.100000000000000000e+01 0.000000000000000000e+00 1.600000000000000089e+00 4.659999999999999971e-04 5.824000000000000184e-03 9.999829999999999552e-01 2.969069999999999765e-01 9.548900000000000166e-01 -5.700000000000000205e-03 -9.549060000000000326e-01 2.969040000000000012e-01 -1.283999999999999985e-03
1.900000000000000000e+01 1.600000000000000000e+01 2.100000000000000000e+01 0.000000000000000000e+00 1.600000000000000089e+00 -4.949999999999999973e-04 -7.730000000000000326e-04 1.000000000000000000e+00 2.967839999999999923e-01 9.549440000000000150e-01 8.850000000000000444e-04 -9.549440000000000150e-01 2.967850000000000210e-01 -2.429999999999999977e-04
2.400000000000000000e+01 1.600000000000000000e+01 2.100000000000000000e+01 0.000000000000000000e+00 1.600000000000000089e+00 -2.083999999999999915e-03 -6.798000000000000223e-03 9.999749999999999472e-01 2.985740000000000061e-01 9.543599999999999861e-01 7.110000000000000001e-03 -9.543840000000000101e-01 2.985820000000000141e-01 4.100000000000000047e-05
7.000000000000000000e+00 3.000000000000000000e+00 2.500000000000000000e+01 0.000000000000000000e+00 1.600000000000000089e+00 3.180000000000000101e-03 3.628000000000000148e-03 9.999879999999999880e-01 -5.011700000000000182e-02 -9.987359999999999571e-01 3.782999999999999904e-03 9.987380000000000146e-01 -5.012799999999999895e-02 -2.994000000000000133e-03
1.400000000000000000e+01 3.000000000000000000e+00 2.500000000000000000e+01 0.000000000000000000e+00 1.600000000000000089e+00 -8.409999999999999507e-04 5.599999999999999509e-04 1.000000000000000000e+00 -5.672200000000000158e-02 -9.983899999999999997e-01 5.109999999999999525e-04 9.983899999999999997e-01 -5.672100000000000058e-02 8.720000000000000537e-04
2.300000000000000000e+01 3.000000000000000000e+00 2.500000000000000000e+01 0.000000000000000000e+00 1.600000000000000089e+00 5.883000000000000208e-03 6.677999999999999908e-03 9.999599999999999600e-01 -5.480600000000000055e-02 -9.984730000000000549e-01 6.990999999999999819e-03 9.984800000000000342e-01 -5.484499999999999792e-02 -5.507999999999999875e-03
2.800000000000000000e+01 3.000000000000000000e+00 2.500000000000000000e+01 0.000000000000000000e+00 1.600000000000000089e+00 4.389999999999999805e-03 -6.564000000000000390e-03 9.999689999999999968e-01 -5.521399999999999919e-02 -9.984549999999999814e-01 -6.311999999999999902e-03 9.984650000000000469e-01 -5.518399999999999694e-02 -4.745000000000000086e-03
6.000000000000000000e+00 4.600000000000000000e+01 2.700000000000000000e+01 0.000000000000000000e+00 1.600000000000000089e+00 -1.237000000000000035e-03 -1.600000000000000077e-03 -9.999980000000000535e-01 6.428230000000000333e-01 7.660120000000000262e-01 -2.020999999999999793e-03 7.660139999999999727e-01 -6.428239999999999510e-01 8.100000000000000375e-05
1.600000000000000000e+01 4.600000000000000000e+01 2.700000000000000000e+01 0.000000000000000000e+00 1.600000000000000089e+00 -1.531999999999999942e-03 3.440000000000000132e-04 -9.999989999999999712e-01 6.426579999999999515e-01 7.661529999999999729e-01 -7.209999999999999612e-04 7.661520000000000552e-01 -6.426579999999999515e-01 -1.394999999999999973e-03
2.200000000000000000e+01 4.600000000000000000e+01 2.700000000000000000e+01 0.000000000000000000e+00 1.600000000000000089e+00 1.131999999999999977e-03 -2.079999999999999872e-04 -9.999989999999999712e-01 6.442400000000000349e-01 7.648230000000000306e-01 5.699999999999999772e-04 7.648230000000000306e-01 -6.442400000000000349e-01 1.000000000000000021e-03
2.500000000000000000e+01 4.600000000000000000e+01 2.700000000000000000e+01 0.000000000000000000e+00 1.600000000000000089e+00 3.220000000000000206e-03 -6.300000000000000261e-04 -9.999949999999999672e-01 6.453200000000000047e-01 7.639110000000000067e-01 1.595999999999999979e-03 7.639059999999999739e-01 -6.453219999999999512e-01 2.866000000000000058e-03
2.800000000000000000e+01 4.600000000000000000e+01 3.000000000000000000e+01 0.000000000000000000e+00 1.600000000000000089e+00 1.832000000000000078e-03 1.603000000000000041e-03 -9.999970000000000248e-01 3.247439999999999771e-01 9.457999999999999741e-01 2.111000000000000029e-03 9.457999999999999741e-01 -3.247470000000000079e-01 1.211999999999999970e-03
6.000000000000000000e+00 5.800000000000000000e+01 3.100000000000000000e+01 0.000000000000000000e+00 1.600000000000000089e+00 -4.949999999999999973e-04 -2.697999999999999877e-03 9.999959999999999960e-01 -8.000399999999999734e-01 -5.999440000000000328e-01 -2.014999999999999864e-03 5.999470000000000081e-01 -8.000380000000000269e-01 -1.861000000000000024e-03
1.100000000000000000e+01 5.800000000000000000e+01 3.100000000000000000e+01 0.000000000000000000e+00 1.600000000000000089e+00 -3.177000000000000136e-03 -6.067000000000000344e-03 9.999770000000000048e-01 -8.004550000000000276e-01 -5.993610000000000326e-01 -6.179999999999999730e-03 5.993840000000000279e-01 -8.004559999999999453e-01 -2.952000000000000197e-03
1.800000000000000000e+01 5.800000000000000000e+01 3.100000000000000000e+01 0.000000000000000000e+00 1.600000000000000089e+00 -3.699999999999999947e-04 -2.001000000000000174e-03 9.999980000000000535e-01 -8.017239999999999922e-01 -5.976930000000000298e-01 -1.492999999999999969e-03 5.976939999999999475e-01 -8.017229999999999634e-01 -1.382999999999999898e-03
2.600000000000000000e+01 6.000000000000000000e+00 3.200000000000000000e+01 0.000000000000000000e+00 1.600000000000000089e+00 3.726999999999999844e-03 3.327999999999999795e-03 -9.999879999999999880e-01 9.221300000000000330e-02 9.957329999999999792e-01 3.657999999999999793e-03 9.957319999999999505e-01 -9.222600000000000242e-02 3.403999999999999908e-03
6.000000000000000000e+00 4.600000000000000000e+01 3.500000000000000000e+01 0.000000000000000000e+00 1.600000000000000089e+00 2.709999999999999735e-04 -3.739000000000000136e-03 -9.999930000000000208e-01 3.869589999999999974e-01 -9.220899999999999652e-01 3.553000000000000169e-03 -9.220970000000000555e-01 -3.869569999999999954e-01 1.196999999999999930e-03
1.200000000000000000e+01 4.600000000000000000e+01 3.500000000000000000e+01 0.000000000000000000e+00 1.600000000000000089e+00 -5.800000000000000034e-04 -5.180000000000000143e-04 -1.000000000000000000e+00 3.862099999999999977e-01 -9.224109999999999809e-01 2.539999999999999940e-04 -9.224109999999999809e-01 -3.862099999999999977e-01 7.360000000000000006e-04
1.800000000000000000e+01 4.600000000000000000e+01 3.500000000000000000e+01 0.000000000000000000e+00 1.600000000000000089e+00 3.570000000000000040e-04 1.755999999999999965e-03 -9.999980000000000535e-01 3.848070000000000102e-01 -9.229960000000000386e-01 -1.484000000000000076e-03 -9.229969999999999564e-01 -3.848059999999999814e-01 -1.005000000000000034e-03
2.300000000000000000e+01 4.600000000000000000e+01 3.500000000000000000e+01 0.000000000000000000e+00 1.600000000000000089e+00 -1.340000000000000045e-04 3.285999999999999859e-03 -9.999949999999999672e-01 3.856189999999999896e-01 -9.226529999999999454e-01 -3.082999999999999803e-03 -9.226579999999999782e-01 -3.856169999999999876e-01 -1.144000000000000052e-03
2.900000000000000000e+01 4.600000000000000000e+01 3.500000000000000000e+01 0.000000000000000000e+00 1.600000000000000089e+00 -2.059999999999999928e-04 -9.999999999999999547e-07 -1.000000000000000000e+00 3.841280000000000250e-01 -9.232799999999999896e-01 -7.799999999999999859e-05 -9.232799999999999896e-01 -3.841280000000000250e-01 1.900000000000000105e-04
3.000000000000000000e+00 9.500000000000000000e+01 3.600000000000000000e+01 0.000000000000000000e+00 1.600000000000000089e+00 -5.559999999999999621e-04 1.484800000000000009e-02 9.998899999999999455e-01 9.982240000000000002e-01 5.957799999999999901e-02 -3.289999999999999739e-04 -5.957599999999999701e-02 9.981130000000000280e-01 -1.485500000000000015e-02
6.000000000000000000e+00 9.500000000000000000e+01 3.600000000000000000e+01 0.000000000000000000e+00 1.600000000000000089e+00 4.060000000000000024e-04 7.985000000000000778e-03 9.999679999999999680e-01 9.982140000000000457e-01 5.973799999999999943e-02 -8.829999999999999958e-04 -5.974299999999999750e-02 9.981820000000000137e-01 -7.946999999999999204e-03
1.900000000000000000e+01 9.500000000000000000e+01 3.600000000000000000e+01 0.000000000000000000e+00 1.600000000000000089e+00 1.379999999999999933e-03 3.020000000000000115e-03 9.999940000000000495e-01 9.982670000000000154e-01 5.882099999999999829e-02 -1.554999999999999959e-03 -5.882500000000000229e-02 9.982640000000000402e-01 -2.933999999999999976e-03
2.400000000000000000e+01 9.500000000000000000e+01 3.600000000000000000e+01 0.000000000000000000e+00 1.600000000000000089e+00 7.931000000000000549e-03 9.142000000000000820e-03 9.999270000000000103e-01 9.976169999999999760e-01 6.847000000000000308e-02 -8.538999999999999715e-03 -6.854300000000000670e-02 9.976110000000000255e-01 -8.578000000000000555e-03
2.900000000000000000e+01 9.500000000000000000e+01 3.600000000000000000e+01 0.000000000000000000e+00 1.600000000000000089e+00 5.603999999999999607e-03 2.684999999999999887e-03 9.999810000000000088e-01 9.978089999999999460e-01 6.590899999999999537e-02 -5.768999999999999823e-03 -6.592399999999999649e-02 9.978219999999999867e-01 -2.309999999999999987e-03
1.000000000000000000e+00 3.000000000000000000e+00 4.300000000000000000e+01 0.000000000000000000e+00 1.600000000000000089e+00 -1.122300000000000034e-02 -5.636999999999999650e-03 -9.999209999999999487e-01 7.365880000000000205e-01 -6.763270000000000115e-01 -4.454999999999999759e-03 -6.762489999999999890e-01 -7.365800000000000125e-01 1.174299999999999997e-02
5.000000000000000000e+00 3.000000000000000000e+00 4.300000000000000000e+01 0.000000000000000000e+00 1.600000000000000089e+00 -5.112000000000000224e-03 -8.770999999999999283e-03 -9.999479999999999480e-01 7.384230000000000516e-01 -6.743350000000000177e-01 2.139999999999999975e-03 -6.743190000000000017e-01 -7.383739999999999748e-01 9.924000000000000529e-03
1.300000000000000000e+01 3.000000000000000000e+00 4.300000000000000000e+01 0.000000000000000000e+00 1.600000000000000089e+00 -3.759999999999999779e-04 -7.872000000000000525e-03 -9.999689999999999968e-01 7.410999999999999810e-01 -6.713770000000000016e-01 5.007000000000000166e-03 -6.713949999999999640e-01 -7.410750000000000393e-01 6.086000000000000264e-03
2.000000000000000000e+01 3.000000000000000000e+00 4.300000000000000000e+01 0.000000000000000000e+00 1.600000000000000089e+00 2.043999999999999810e-03 -2.345999999999999995e-03 -9.999949999999999672e-01 7.380320000000000213e-01 -6.747579999999999689e-01 3.092000000000000130e-03 -6.747619999999999729e-01 -7.380349999999999966e-01 3.519999999999999908e-04
2.700000000000000000e+01 3.000000000000000000e+00 4.300000000000000000e+01 0.000000000000000000e+00 1.600000000000000089e+00 -1.487000000000000040e-03 2.259999999999999856e-02 -9.997430000000000483e-01 7.399980000000000446e-01 -6.724109999999999809e-01 -1.630099999999999952e-02 -6.726069999999999549e-01 -7.398329999999999629e-01 -1.572399999999999839e-02
2.000000000000000000e+00 8.000000000000000000e+00 4.400000000000000000e+01 0.000000000000000000e+00 1.600000000000000089e+00 -2.174999999999999850e-03 3.785999999999999869e-03 9.999900000000000455e-01 -7.804990000000000538e-01 -6.251569999999999627e-01 6.689999999999999983e-04 6.251539999999999875e-01 -7.804900000000000171e-01 4.314000000000000126e-03
1.600000000000000000e+01 8.000000000000000000e+00 4.400000000000000000e+01 0.000000000000000000e+00 1.600000000000000089e+00 -3.260000000000000094e-04 -6.213999999999999906e-03 9.999810000000000088e-01 -7.830799999999999983e-01 -6.219069999999999876e-01 -4.120000000000000398e-03 6.219209999999999461e-01 -7.830660000000000398e-01 -4.663999999999999743e-03
2.000000000000000000e+01 8.000000000000000000e+00 4.400000000000000000e+01 0.000000000000000000e+00 1.600000000000000089e+00 -9.110000000000000259e-04 4.575000000000000074e-03 9.999890000000000168e-01 -7.828720000000000123e-01 -6.221790000000000376e-01 2.132999999999999913e-03 6.221820000000000128e-01 -7.828619999999999468e-01 4.148999999999999910e-03
3.000000000000000000e+01 8.000000000000000000e+00 4.400000000000000000e+01 0.000000000000000000e+00 1.600000000000000089e+00 3.697999999999999898e-03 4.160999999999999768e-03 9.999850000000000128e-01 -7.856610000000000538e-01 -6.186329999999999885e-01 5.479999999999999628e-03 6.186469999999999470e-01 -7.856689999999999507e-01 9.820000000000000170e-04
3.000000000000000000e+00 2.900000000000000000e+01 4.400000000000000000e+01 0.000000000000000000e+00 1.600000000000000089e+00 5.969999999999999829e-04 -3.873999999999999840e-03 -9.999919999999999920e-01 6.649749999999999828e-01 7.468609999999999971e-01 -2.495999999999999955e-03 7.468650000000000011e-01 -6.649690000000000323e-01 3.021999999999999947e-03
9.000000000000000000e+00 2.900000000000000000e+01 4.400000000000000000e+01 0.000000000000000000e+00 1.600000000000000089e+00 1.430999999999999980e-03 -1.835000000000000043e-03 -9.999970000000000248e-01 6.689760000000000151e-01 7.432839999999999447e-01 -4.060000000000000024e-04 7.432830000000000270e-01 -6.689739999999999576e-01 2.291000000000000068e-03
1.500000000000000000e+01 2.900000000000000000e+01 4.400000000000000000e+01 0.000000000000000000e+00 1.600000000000000089e+00 2.197999999999999867e-03 -4.153999999999999707e-03 -9.999890000000000168e-01 6.709169999999999856e-01 7.415310000000000512e-01 -1.606000000000000006e-03 7.415289999999999937e-01 -6.709060000000000024e-01 4.416999999999999919e-03
2.000000000000000000e+01 2.900000000000000000e+01 4.400000000000000000e+01 0.000000000000000000e+00 1.600000000000000089e+00 1.438000000000000042e-03 -3.465000000000000198e-03 -9.999930000000000208e-01 6.772099999999999786e-01 7.357879999999999976e-01 -1.575000000000000011e-03 7.357879999999999976e-01 -6.772029999999999994e-01 3.405000000000000041e-03
2.800000000000000000e+01 2.900000000000000000e+01 4.400000000000000000e+01 0.000000000000000000e+00 1.600000000000000089e+00 7.159999999999999481e-04 -7.659999999999999708e-04 -9.999989999999999712e-01 6.821700000000000541e-01 7.311940000000000106e-01 -7.200000000000000182e-05 7.311929999999999819e-01 -6.821690000000000254e-01 1.046999999999999971e-03
3.000000000000000000e+01 6.500000000000000000e+01 4.600000000000000000e+01 0.000000000000000000e+00 1.600000000000000089e+00 -2.103999999999999967e-03 9.780999999999999764e-03 9.999500000000000055e-01 6.830709999999999837e-01 -7.303020000000000067e-01 8.581000000000000086e-03 7.303490000000000260e-01 6.830540000000000500e-01 -5.145000000000000268e-03
5.000000000000000000e+00 5.000000000000000000e+00 5.100000000000000000e+01 0.000000000000000000e+00 1.600000000000000089e+00 1.299999999999999940e-03 -9.487999999999999906e-03 -9.999540000000000095e-01 4.869169999999999887e-01 -8.734030000000000404e-01 8.920000000000000845e-03 -8.734480000000000022e-01 -4.869060000000000055e-01 3.484000000000000118e-03
1.000000000000000000e+01 5.000000000000000000e+00 5.100000000000000000e+01 0.000000000000000000e+00 1.600000000000000089e+00 6.570000000000000319e-04 2.322999999999999978e-03 -9.999970000000000248e-01 4.902500000000000191e-01 -8.715800000000000214e-01 -1.701999999999999954e-03 -8.715819999999999679e-01 -4.902469999999999883e-01 -1.711999999999999980e-03
1.700000000000000000e+01 5.000000000000000000e+00 5.100000000000000000e+01 0.000000000000000000e+00 1.600000000000000089e+00 -2.335999999999999969e-03 1.690000000000000096e-03 -9.999959999999999960e-01 4.906139999999999946e-01 -8.713729999999999531e-01 -2.618000000000000101e-03 -8.713739999999999819e-01 -4.906179999999999986e-01 1.206000000000000041e-03
2.000000000000000000e+01 5.000000000000000000e+00 5.100000000000000000e+01 0.000000000000000000e+00 1.600000000000000089e+00 -2.624000000000000030e-03 3.284000000000000027e-03 -9.999909999999999632e-01 4.920220000000000149e-01 -8.705730000000000413e-01 -4.150000000000000043e-03 -8.705789999999999917e-01 -4.920280000000000209e-01 6.679999999999999740e-04
1.000000000000000000e+00 6.000000000000000000e+00 5.100000000000000000e+01 0.000000000000000000e+00 1.600000000000000089e+00 2.230000000000000211e-03 -1.058399999999999966e-02 -9.999409999999999688e-01 3.076559999999999850e-01 -9.514369999999999772e-01 1.075699999999999920e-02 -9.514949999999999797e-01 -3.076619999999999910e-01 1.134999999999999941e-03
2.200000000000000000e+01 6.000000000000000000e+00 5.100000000000000000e+01 0.000000000000000000e+00 1.600000000000000089e+00 -2.750000000000000166e-04 1.379999999999999933e-03 -9.999989999999999712e-01 3.276200000000000223e-01 -9.448090000000000099e-01 -1.394000000000000057e-03 -9.448100000000000387e-01 -3.276200000000000223e-01 -1.920000000000000049e-04
1.800000000000000000e+01 7.000000000000000000e+00 5.200000000000000000e+01 0.000000000000000000e+00 1.600000000000000089e+00 -8.559999999999999901e-04 4.739000000000000157e-03 -9.999879999999999880e-01 1.094310000000000005e-01 -9.939829999999999499e-01 -4.804000000000000110e-03 -9.939940000000000442e-01 -1.094340000000000035e-01 3.319999999999999926e-04
4.000000000000000000e+00 6.300000000000000000e+01 5.400000000000000000e+01 0.000000000000000000e+00 1.600000000000000089e+00 -1.322000000000000041e-03 -4.899999999999999842e-04 9.999989999999999712e-01 -3.534680000000000044e-01 9.354470000000000285e-01 -9.000000000000000228e-06 -9.354459999999999997e-01 -3.534680000000000044e-01 -1.410000000000000012e-03
1.000000000000000000e+01 6.300000000000000000e+01 5.400000000000000000e+01 0.000000000000000000e+00 1.600000000000000089e+00 1.689999999999999879e-04 2.431000000000000001e-03 9.999970000000000248e-01 -3.491139999999999799e-01 9.370779999999999665e-01 -2.219000000000000052e-03 -9.370800000000000241e-01 -3.491119999999999779e-01 1.007000000000000083e-03
1.300000000000000000e+01 6.300000000000000000e+01 5.400000000000000000e+01 0.000000000000000000e+00 1.600000000000000089e+00 -8.399999999999999535e-05 2.556999999999999811e-03 9.999970000000000248e-01 -3.488470000000000182e-01 9.371770000000000378e-01 -2.426000000000000205e-03 -9.371800000000000130e-01 -3.488459999999999894e-01 8.130000000000000291e-04
1.800000000000000000e+01 6.300000000000000000e+01 5.400000000000000000e+01 0.000000000000000000e+00 1.600000000000000089e+00 -3.899999999999999929e-04 -4.539999999999999765e-04 1.000000000000000000e+00 -3.584260000000000224e-01 9.335579999999999989e-01 2.840000000000000185e-04 -9.335579999999999989e-01 -3.584260000000000224e-01 -5.270000000000000162e-04
2.300000000000000000e+01 6.300000000000000000e+01 5.400000000000000000e+01 0.000000000000000000e+00 1.600000000000000089e+00 6.859999999999999779e-04 -1.433999999999999945e-03 9.999989999999999712e-01 -3.525090000000000168e-01 9.358070000000000555e-01 1.582999999999999989e-03 -9.358079999999999732e-01 -3.525090000000000168e-01 1.369999999999999961e-04
3.000000000000000000e+01 6.300000000000000000e+01 5.400000000000000000e+01 0.000000000000000000e+00 1.600000000000000089e+00 5.130000000000000011e-04 3.600000000000000091e-05 1.000000000000000000e+00 -3.507919999999999927e-01 9.364529999999999799e-01 1.459999999999999981e-04 -9.364529999999999799e-01 -3.507919999999999927e-01 4.929999999999999487e-04
2.600000000000000000e+01 2.500000000000000000e+01 5.500000000000000000e+01 0.000000000000000000e+00 1.600000000000000089e+00 1.258000000000000004e-03 -1.010000000000000047e-03 -9.999989999999999712e-01 -1.333200000000000010e-02 -9.999109999999999943e-01 9.929999999999999591e-04 -9.999099999999999655e-01 1.333100000000000084e-02 -1.270999999999999994e-03
1.600000000000000000e+01 6.800000000000000000e+01 5.700000000000000000e+01 0.000000000000000000e+00 1.600000000000000089e+00 -1.640000000000000019e-04 -8.574000000000000024e-03 -9.999630000000000463e-01 -2.456280000000000130e-01 -9.693279999999999674e-01 8.352000000000000049e-03 -9.693640000000000034e-01 2.456200000000000050e-01 -1.946999999999999946e-03
2.900000000000000000e+01 6.800000000000000000e+01 5.700000000000000000e+01 0.000000000000000000e+00 1.600000000000000089e+00 -1.659000000000000101e-03 1.698999999999999989e-03 -9.999970000000000248e-01 -2.465809999999999946e-01 -9.691210000000000102e-01 -1.237000000000000035e-03 -9.691210000000000102e-01 2.465789999999999926e-01 2.026000000000000023e-03
4.000000000000000000e+00 2.100000000000000000e+01 6.000000000000000000e+01 0.000000000000000000e+00 1.600000000000000089e+00 9.650000000000000374e-04 3.555000000000000000e-03 9.999930000000000208e-01 -9.641500000000000070e-02 9.953349999999999698e-01 -3.445000000000000145e-03 -9.953410000000000313e-01 -9.641099999999999670e-02 1.302999999999999905e-03
8.000000000000000000e+00 2.100000000000000000e+01 6.000000000000000000e+01 0.000000000000000000e+00 1.600000000000000089e+00 7.100000000000000462e-05 -5.794999999999999804e-03 9.999829999999999552e-01 -9.636400000000000521e-02 9.953290000000000193e-01 5.774999999999999752e-03 -9.953459999999999530e-01 -9.636300000000000421e-02 -4.879999999999999898e-04
1.400000000000000000e+01 2.100000000000000000e+01 6.000000000000000000e+01 0.000000000000000000e+00 1.600000000000000089e+00 2.602999999999999845e-03 3.145999999999999925e-03 9.999919999999999920e-01 -9.131400000000000627e-02 9.958179999999999810e-01 -2.896000000000000137e-03 -9.958190000000000097e-01 -9.130599999999999827e-02 2.879000000000000049e-03
2.300000000000000000e+01 2.100000000000000000e+01 6.000000000000000000e+01 0.000000000000000000e+00 1.600000000000000089e+00 7.579999999999999932e-04 -2.798999999999999839e-03 9.999959999999999960e-01 -9.009599999999999553e-02 9.959289999999999532e-01 2.856000000000000032e-03 -9.959329999999999572e-01 -9.009799999999999753e-02 5.029999999999999749e-04
1.800000000000000000e+01 3.000000000000000000e+00 6.300000000000000000e+01 0.000000000000000000e+00 1.600000000000000089e+00 1.327000000000000055e-03 -2.416999999999999878e-03 9.999959999999999960e-01 -6.147350000000000314e-01 7.887290000000000134e-01 2.722000000000000027e-03 -7.887319999999999887e-01 -6.147369999999999779e-01 -4.389999999999999914e-04
6.000000000000000000e+00 2.700000000000000000e+01 6.300000000000000000e+01 0.000000000000000000e+00 1.600000000000000089e+00 7.380000000000000492e-04 4.398000000000000000e-03 9.999900000000000455e-01 -2.665540000000000131e-01 9.638120000000000021e-01 -4.041999999999999586e-03 -9.638200000000000101e-01 -2.665480000000000071e-01 1.882999999999999908e-03
1.400000000000000000e+01 2.700000000000000000e+01 6.300000000000000000e+01 0.000000000000000000e+00 1.600000000000000089e+00 -7.200000000000000182e-05 4.529000000000000040e-03 9.999900000000000455e-01 -2.696379999999999888e-01 9.629520000000000302e-01 -4.380000000000000213e-03 -9.629619999999999846e-01 -2.696359999999999868e-01 1.152000000000000029e-03
1.900000000000000000e+01 2.700000000000000000e+01 6.300000000000000000e+01 0.000000000000000000e+00 1.600000000000000089e+00 2.592999999999999819e-03 6.710999999999999951e-03 9.999740000000000295e-01 -2.753329999999999944e-01 9.613319999999999643e-01 -5.738000000000000045e-03 -9.613450000000000051e-01 -2.753109999999999724e-01 4.341000000000000240e-03
2.500000000000000000e+01 2.700000000000000000e+01 6.300000000000000000e+01 0.000000000000000000e+00 1.600000000000000089e+00 1.640000000000000019e-04 -1.801999999999999999e-03 9.999980000000000535e-01 -2.787870000000000070e-01 9.603509999999999547e-01 1.776000000000000018e-03 -9.603530000000000122e-01 -2.787870000000000070e-01 -3.449999999999999833e-04
6.000000000000000000e+00 2.600000000000000000e+01 6.400000000000000000e+01 0.000000000000000000e+00 1.600000000000000089e+00 5.770000000000000389e-04 3.614000000000000025e-03 9.999930000000000208e-01 -3.477160000000000251e-01 9.375940000000000385e-01 -3.187999999999999862e-03 -9.375999999999999890e-01 -3.477120000000000211e-01 1.797999999999999902e-03
1.000000000000000000e+01 2.600000000000000000e+01 6.400000000000000000e+01 0.000000000000000000e+00 1.600000000000000089e+00 2.359999999999999902e-04 5.317999999999999811e-03 9.999860000000000415e-01 -3.470799999999999996e-01 9.378229999999999622e-01 -4.905999999999999771e-03 -9.378360000000000030e-01 -3.470739999999999936e-01 2.066999999999999827e-03
