1.800000000000000000e+01 2.500000000000000000e+01 1.000000000000000000e+00 0.000000000000000000e+00 1.600000000000000089e+00 1.810999999999999893e-03 4.912999999999999833e-03 -9.999860000000000415e-01 -5.301059999999999661e-01 -8.479160000000000030e-01 -5.126000000000000348e-03 -8.479299999999999615e-01 5.301080000000000236e-01 1.069000000000000072e-03
2.500000000000000000e+01 2.500000000000000000e+01 1.000000000000000000e+00 0.000000000000000000e+00 1.600000000000000089e+00 2.635999999999999888e-03 -7.400999999999999593e-03 -9.999689999999999968e-01 -5.350819999999999466e-01 -8.447860000000000369e-01 4.841999999999999950e-03 -8.447959999999999914e-01 5.350530000000000008e-01 -6.186999999999999791e-03
2.900000000000000000e+01 2.500000000000000000e+01 1.000000000000000000e+00 0.000000000000000000e+00 1.600000000000000089e+00 2.752000000000000106e-03 -1.089099999999999964e-02 -9.999369999999999647e-01 -5.369810000000000416e-01 -8.435589999999999478e-01 7.709999999999999840e-03 -8.435899999999999510e-01 5.369260000000000144e-01 -8.170000000000000179e-03
8.000000000000000000e+00 1.500000000000000000e+01 4.000000000000000000e+00 0.000000000000000000e+00 1.600000000000000089e+00 2.654000000000000109e-03 1.308999999999999921e-02 9.999109999999999943e-01 2.946770000000000223e-01 -9.555249999999999577e-01 1.172699999999999958e-02 9.555930000000000257e-01 2.946190000000000198e-01 -6.393000000000000245e-03
1.600000000000000000e+01 1.500000000000000000e+01 4.000000000000000000e+00 0.000000000000000000e+00 1.600000000000000089e+00 1.730999999999999900e-03 2.348999999999999960e-03 9.999959999999999960e-01 3.013040000000000163e-01 -9.535270000000000135e-01 1.719000000000000042e-03 9.535259999999999847e-01 3.013000000000000123e-01 -2.357999999999999853e-03
4.000000000000000000e+00 1.600000000000000000e+01 4.000000000000000000e+00 0.000000000000000000e+00 1.600000000000000089e+00 -9.070000000000000371e-04 9.218999999999999764e-03 9.999569999999999848e-01 3.717590000000000061e-01 -9.282869999999999733e-01 8.895999999999999394e-03 9.283289999999999598e-01 3.717509999999999981e-01 -2.585000000000000058e-03
2.000000000000000000e+00 1.010000000000000000e+02 7.000000000000000000e+00 0.000000000000000000e+00 1.600000000000000089e+00 -2.320000000000000014e-04 1.772200000000000164e-02 9.998430000000000373e-01 8.833820000000000006e-01 4.685840000000000005e-01 -8.101000000000000562e-03 -4.686540000000000150e-01 8.832410000000000538e-01 -1.576400000000000023e-02
7.000000000000000000e+00 1.010000000000000000e+02 7.000000000000000000e+00 0.000000000000000000e+00 1.600000000000000089e+00 2.717999999999999930e-03 -1.760999999999999979e-03 9.999949999999999672e-01 8.830510000000000304e-01 4.692749999999999977e-01 -1.574000000000000095e-03 -4.692689999999999917e-01 8.830510000000000304e-01 2.831000000000000183e-03
1.700000000000000000e+01 1.010000000000000000e+02 7.000000000000000000e+00 0.000000000000000000e+00 1.600000000000000089e+00 -5.100000000000000366e-04 -9.065999999999999406e-03 9.999590000000000423e-01 8.876190000000000468e-01 4.605549999999999922e-01 4.628000000000000169e-03 -4.605779999999999874e-01 8.875849999999999573e-01 7.812000000000000367e-03
2.100000000000000000e+01 1.010000000000000000e+02 7.000000000000000000e+00 0.000000000000000000e+00 1.600000000000000089e+00 -2.634000000000000057e-03 -2.089999999999999844e-03 9.999940000000000495e-01 8.888369999999999882e-01 4.582109999999999794e-01 3.298000000000000150e-03 -4.582160000000000122e-01 8.888409999999999922e-01 6.509999999999999945e-04
1.100000000000000000e+01 1.500000000000000000e+01 8.000000000000000000e+00 0.000000000000000000e+00 1.600000000000000089e+00 8.310000000000000329e-04 1.101300000000000022e-02 -9.999390000000000223e-01 -5.920020000000000282e-01 -8.058819999999999872e-01 -9.367999999999999591e-03 -8.059359999999999857e-01 5.919740000000000002e-01 5.851000000000000298e-03
8.000000000000000000e+00 2.400000000000000000e+01 9.000000000000000000e+00 0.000000000000000000e+00 1.600000000000000089e+00 -8.769999999999999584e-04 -5.538999999999999653e-03 -9.999839999999999840e-01 4.538320000000000132e-01 8.910709999999999464e-01 -5.333000000000000067e-03 8.910869999999999624e-01 -4.538300000000000112e-01 1.732000000000000033e-03
1.400000000000000000e+01 2.400000000000000000e+01 9.000000000000000000e+00 0.000000000000000000e+00 1.600000000000000089e+00 -1.757000000000000098e-03 -8.330999999999999864e-03 -9.999639999999999640e-01 4.546200000000000241e-01 8.906479999999999952e-01 -8.219000000000000611e-03 8.906840000000000312e-01 -4.546180000000000221e-01 2.222000000000000017e-03
2.000000000000000000e+01 2.400000000000000000e+01 9.000000000000000000e+00 0.000000000000000000e+00 1.600000000000000089e+00 -2.240999999999999936e-03 -9.286000000000000851e-03 -9.999540000000000095e-01 4.556479999999999975e-01 8.901109999999999856e-01 -9.287000000000000116e-03 8.901569999999999760e-01 -4.556479999999999975e-01 2.236000000000000140e-03
3.000000000000000000e+01 2.400000000000000000e+01 9.000000000000000000e+00 0.000000000000000000e+00 1.600000000000000089e+00 -4.480999999999999740e-03 -1.060299999999999958e-02 -9.999339999999999895e-01 4.596390000000000198e-01 8.880320000000000435e-01 -1.147600000000000009e-02 8.880949999999999678e-01 -4.596589999999999843e-01 8.940000000000000464e-04
2.800000000000000000e+01 1.040000000000000000e+02 1.100000000000000000e+01 0.000000000000000000e+00 1.600000000000000089e+00 2.586000000000000191e-03 -1.631499999999999964e-02 9.998639999999999750e-01 -9.745359999999999578e-01 -2.242260000000000086e-01 -1.137999999999999906e-03 2.242139999999999966e-01 -9.744009999999999616e-01 -1.647900000000000059e-02
1.400000000000000000e+01 3.100000000000000000e+01 1.200000000000000000e+01 0.000000000000000000e+00 1.600000000000000089e+00 3.829999999999999854e-04 -4.186999999999999750e-03 9.999909999999999632e-01 7.936000000000000346e-03 9.999599999999999600e-01 4.184000000000000219e-03 -9.999679999999999680e-01 7.934000000000000080e-03 4.159999999999999744e-04
2.100000000000000000e+01 3.100000000000000000e+01 1.200000000000000000e+01 0.000000000000000000e+00 1.600000000000000089e+00 1.087000000000000076e-03 -4.199999999999999740e-03 9.999909999999999632e-01 4.677999999999999867e-03 9.999799999999999800e-01 4.193999999999999811e-03 -9.999879999999999880e-01 4.673000000000000070e-03 1.106999999999999911e-03
2.700000000000000000e+01 3.100000000000000000e+01 1.200000000000000000e+01 0.000000000000000000e+00 1.600000000000000089e+00 -5.829999999999999679e-04 -5.892999999999999801e-03 9.999820000000000375e-01 2.256999999999999892e-03 9.999799999999999800e-01 5.893999999999999934e-03 -9.999970000000000248e-01 2.260999999999999989e-03 -5.699999999999999772e-04
9.000000000000000000e+00 3.200000000000000000e+01 1.400000000000000000e+01 0.000000000000000000e+00 1.600000000000000089e+00 7.309999999999999875e-04 2.919999999999999961e-04 -1.000000000000000000e+00 1.009700000000000042e-01 9.948890000000000233e-01 3.649999999999999816e-04 9.948890000000000233e-01 -1.009700000000000042e-01 6.980000000000000527e-04
6.000000000000000000e+00 1.200000000000000000e+01 1.500000000000000000e+01 0.000000000000000000e+00 1.600000000000000089e+00 -1.800000000000000046e-05 3.348999999999999980e-03 -9.999940000000000495e-01 -4.708300000000000263e-01 -8.822189999999999754e-01 -2.945999999999999834e-03 -8.822240000000000082e-01 4.708269999999999955e-01 1.593000000000000015e-03
1.400000000000000000e+01 1.200000000000000000e+01 1.500000000000000000e+01 0.000000000000000000e+00 1.600000000000000089e+00 -9.790000000000000525e-04 2.480000000000000108e-04 -1.000000000000000000e+00 -4.687009999999999788e-01 -8.833569999999999478e-01 2.400000000000000061e-04 -8.833560000000000301e-01 4.687009999999999788e-01 9.810000000000001011e-04
2.400000000000000000e+01 1.200000000000000000e+01 1.500000000000000000e+01 0.000000000000000000e+00 1.600000000000000089e+00 3.330000000000000169e-04 4.820000000000000066e-04 -1.000000000000000000e+00 -4.676219999999999821e-01 -8.839289999999999647e-01 -5.820000000000000520e-04 -8.839289999999999647e-01 4.676219999999999821e-01 -6.899999999999999667e-05
2.000000000000000000e+00 1.100000000000000000e+01 1.600000000000000000e+01 0.000000000000000000e+00 1.600000000000000089e+00 1.453000000000000081e-03 8.293999999999999290e-03 -9.999649999999999928e-01 -4.158740000000000214e-01 -9.093860000000000277e-01 -8.146999999999999728e-03 -9.094210000000000349e-01 4.158720000000000194e-01 2.128000000000000117e-03
1.000000000000000000e+01 1.100000000000000000e+01 1.600000000000000000e+01 0.000000000000000000e+00 1.600000000000000089e+00 -8.599999999999999789e-04 -2.357999999999999853e-03 -9.999970000000000248e-01 -4.166830000000000256e-01 -9.090479999999999672e-01 2.501999999999999884e-03 -9.090510000000000534e-01 4.166839999999999988e-01 -2.010000000000000068e-04
1.300000000000000000e+01 1.100000000000000000e+01 1.600000000000000000e+01 0.000000000000000000e+00 1.600000000000000089e+00 -1.036999999999999944e-03 -5.879999999999999810e-04 -9.999989999999999712e-01 -4.169820000000000193e-01 -9.089139999999999997e-01 9.669999999999999776e-04 -9.089139999999999997e-01 4.169829999999999925e-01 6.970000000000000284e-04
1.700000000000000000e+01 1.100000000000000000e+01 1.600000000000000000e+01 0.000000000000000000e+00 1.600000000000000089e+00 -1.093000000000000005e-03 3.722000000000000048e-03 -9.999919999999999920e-01 -4.185479999999999756e-01 -9.081900000000000528e-01 -2.922999999999999817e-03 -9.081939999999999458e-01 4.185420000000000251e-01 2.550999999999999882e-03
1.500000000000000000e+01 1.160000000000000000e+02 1.600000000000000000e+01 0.000000000000000000e+00 1.600000000000000089e+00 1.559999999999999972e-03 1.887999999999999921e-03 9.999970000000000248e-01 6.942939999999999667e-01 7.196879999999999944e-01 -2.442000000000000160e-03 -7.196900000000000519e-01 6.942949999999999955e-01 -1.879999999999999890e-04
2.800000000000000000e+01 1.160000000000000000e+02 1.600000000000000000e+01 0.000000000000000000e+00 1.600000000000000089e+00 -9.200000000000000007e-05 -8.099999999999999561e-04 1.000000000000000000e+00 7.101469999999999727e-01 7.040530000000000399e-01 6.350000000000000392e-04 -7.040530000000000399e-01 7.101469999999999727e-01 5.100000000000000366e-04
2.000000000000000000e+00 2.000000000000000000e+00 1.900000000000000000e+01 0.000000000000000000e+00 1.600000000000000089e+00 4.531000000000000305e-03 1.415999999999999941e-03 -9.999890000000000168e-01 1.900270000000000015e-01 -9.817789999999999573e-01 -5.289999999999999564e-04 -9.817679999999999740e-01 -1.900229999999999975e-01 -4.716999999999999839e-03
6.000000000000000000e+00 2.000000000000000000e+00 1.900000000000000000e+01 0.000000000000000000e+00 1.600000000000000089e+00 2.112000000000000162e-03 -1.935000000000000088e-03 -9.999959999999999960e-01 1.889319999999999888e-01 -9.819870000000000543e-01 2.298999999999999828e-03 -9.819879999999999720e-01 -1.889359999999999928e-01 -1.708000000000000100e-03
1.000000000000000000e+01 2.000000000000000000e+00 1.900000000000000000e+01 0.000000000000000000e+00 1.600000000000000089e+00 -1.946000000000000030e-03 9.160000000000000390e-04 -9.999980000000000535e-01 1.862439999999999929e-01 -9.825030000000000152e-01 -1.262000000000000101e-03 -9.825019999999999865e-01 -1.862459999999999949e-01 1.740999999999999926e-03
1.400000000000000000e+01 2.000000000000000000e+00 1.900000000000000000e+01 0.000000000000000000e+00 1.600000000000000089e+00 -3.798999999999999860e-03 7.979999999999999897e-04 -9.999919999999999920e-01 1.835330000000000017e-01 -9.830119999999999969e-01 -1.482000000000000027e-03 -9.830060000000000464e-01 -1.835370000000000057e-01 3.588000000000000043e-03
1.900000000000000000e+01 2.000000000000000000e+00 1.900000000000000000e+01 0.000000000000000000e+00 1.600000000000000089e+00 3.950000000000000061e-04 -7.576000000000000269e-03 -9.999710000000000543e-01 1.791669999999999929e-01 -9.837900000000000533e-01 7.524999999999999571e-03 -9.838189999999999991e-01 -1.791649999999999909e-01 9.690000000000000262e-04
8.000000000000000000e+00 4.000000000000000000e+00 2.000000000000000000e+01 0.000000000000000000e+00 1.600000000000000089e+00 2.171000000000000187e-03 1.430000000000000064e-04 -9.999980000000000535e-01 2.841560000000000197e-01 -9.587780000000000191e-01 4.800000000000000122e-04 -9.587759999999999616e-01 -2.841560000000000197e-01 -2.122000000000000188e-03
1.400000000000000000e+01 4.000000000000000000e+00 2.000000000000000000e+01 0.000000000000000000e+00 1.600000000000000089e+00 -5.786999999999999610e-03 3.246999999999999886e-03 -9.999780000000000335e-01 2.758700000000000041e-01 -9.611830000000000096e-01 -4.717999999999999972e-03 -9.611779999999999768e-01 -2.758909999999999973e-01 4.667000000000000141e-03
1.800000000000000000e+01 4.000000000000000000e+00 2.000000000000000000e+01 0.000000000000000000e+00 1.600000000000000089e+00 -2.272000000000000148e-03 -9.372000000000000122e-03 -9.999529999999999808e-01 2.809940000000000215e-01 -9.596729999999999983e-01 8.356000000000000580e-03 -9.597069999999999768e-01 -2.809619999999999895e-01 4.813999999999999703e-03
3.000000000000000000e+00 1.300000000000000000e+01 2.000000000000000000e+01 0.000000000000000000e+00 1.600000000000000089e+00 -2.030000000000000012e-04 -4.820000000000000066e-04 1.000000000000000000e+00 2.551880000000000259e-01 9.668909999999999449e-01 5.180000000000000143e-04 -9.668909999999999449e-01 2.551880000000000259e-01 -7.399999999999999623e-05
8.000000000000000000e+00 1.300000000000000000e+01 2.000000000000000000e+01 0.000000000000000000e+00 1.600000000000000089e+00 -1.231000000000000106e-03 1.539999999999999919e-03 9.999980000000000535e-01 2.560649999999999871e-01 9.666590000000000460e-01 -1.172999999999999998e-03 -9.666590000000000460e-01 2.560629999999999851e-01 -1.583999999999999905e-03
1.500000000000000000e+01 1.300000000000000000e+01 2.000000000000000000e+01 0.000000000000000000e+00 1.600000000000000089e+00 -4.629999999999999784e-04 -8.100000000000000375e-05 1.000000000000000000e+00 2.526720000000000077e-01 9.675519999999999676e-01 1.959999999999999937e-04 -9.675519999999999676e-01 2.526720000000000077e-01 -4.270000000000000249e-04
2.200000000000000000e+01 1.300000000000000000e+01 2.000000000000000000e+01 0.000000000000000000e+00 1.600000000000000089e+00 -4.739999999999999747e-04 -3.497000000000000108e-03 9.999940000000000495e-01 2.551080000000000014e-01 9.669060000000000432e-01 3.501999999999999905e-03 -9.669130000000000225e-01 2.551080000000000014e-01 4.339999999999999782e-04
2.700000000000000000e+01 1.300000000000000000e+01 2.000000000000000000e+01 0.000000000000000000e+00 1.600000000000000089e+00 -7.730000000000000326e-04 -2.848999999999999970e-03 9.999959999999999960e-01 2.569770000000000110e-01 9.664129999999999665e-01 2.952000000000000197e-03 -9.664169999999999705e-01 2.569779999999999842e-01 -1.500000000000000038e-05
7.000000000000000000e+00 1.600000000000000000e+01 2.100000000000000000e+01 0.000000000000000000e+00 1.600000000000000089e+00 -1.466999999999999988e-03 -1.291999999999999963e-03 9.999980000000000535e-01 2.977339999999999987e-01 9.546480000000000521e-01 1.670000000000000043e-03 -9.546480000000000521e-01 2.977350000000000274e-01 -1.015999999999999976e-03
1.100000000000000000e+01 1.600000000000000000e+01 2.100000000000000000e+01 0.000000000000000000e+00 1.600000000000000089e+00 -1.118999999999999986e-03 4.000000000000000083e-03 9.999909999999999632e-01 2.980240000000000111e-01 9.545519999999999561e-01 -3.484999999999999817e-03 -9.545580000000000176e-01 2.980180000000000051e-01 -2.259999999999999856e-03
1.500000000000000000e+01 1.600000000000000000e+01 2.100000000000000000e+01 0.000000000000000000e+00 1.600000000000000089e+00 -5.890000000000000053e-04 2.148999999999999869e-03 9.999970000000000248e-01 2.966539999999999733e-01 9.549830000000000263e-01 -1.876999999999999979e-03 -9.549849999999999728e-01 2.966520000000000268e-01 -1.199999999999999895e-03
2.300000000000000000e+01 1.600000000000000000e+01 2.100000000000000000e+01 0.000000000000000000e+00 1.600000000000000089e+00 -4.679999999999999915e-04 -5.837000000000000174e-03 9.999829999999999552e-01 2.970200000000000062e-01 9.548539999999999806e-01 5.712000000000000063e-03 -9.548710000000000253e-01 2.970180000000000042e-01 1.286999999999999950e-03
2.700000000000000000e+01 1.600000000000000000e+01 2.100000000000000000e+01 0.000000000000000000e+00 1.600000000000000089e+00 -4.070000000000000267e-04 -5.749999999999999903e-03 9.999829999999999552e-01 2.967069999999999985e-01 9.549520000000000231e-01 5.610999999999999668e-03 -9.549680000000000391e-01 2.967040000000000233e-01 1.317999999999999944e-03
3.000000000000000000e+01 1.600000000000000000e+01 2.100000000000000000e+01 0.000000000000000000e+00 1.600000000000000089e+00 -1.311000000000000099e-03 -5.805000000000000264e-03 9.999820000000000375e-01 2.968979999999999952e-01 9.548910000000000453e-01 5.931999999999999773e-03 -9.549079999999999790e-01 2.968999999999999972e-01 4.719999999999999803e-04
6.000000000000000000e+00 3.000000000000000000e+00 2.500000000000000000e+01 0.000000000000000000e+00 1.600000000000000089e+00 -1.119999999999999902e-03 -9.929999999999999591e-04 9.999989999999999712e-01 -4.389400000000000246e-02 -9.990360000000000351e-01 -1.041000000000000042e-03 9.990360000000000351e-01 -4.389500000000000346e-02 1.075000000000000001e-03
1.000000000000000000e+01 3.000000000000000000e+00 2.500000000000000000e+01 0.000000000000000000e+00 1.600000000000000089e+00 -3.481000000000000153e-03 1.299999999999999940e-03 9.999930000000000208e-01 -3.786099999999999882e-02 -9.992820000000000036e-01 1.167000000000000069e-03 9.992769999999999708e-01 -3.785600000000000076e-02 3.527999999999999886e-03
1.700000000000000000e+01 3.000000000000000000e+00 2.500000000000000000e+01 0.000000000000000000e+00 1.600000000000000089e+00 2.272000000000000148e-03 3.191999999999999959e-03 9.999919999999999920e-01 -3.919500000000000067e-02 -9.992259999999999476e-01 3.278000000000000098e-03 9.992290000000000338e-01 -3.920200000000000073e-02 -2.145000000000000205e-03
2.700000000000000000e+01 3.000000000000000000e+00 2.500000000000000000e+01 0.000000000000000000e+00 1.600000000000000089e+00 -8.430999999999999259e-03 -5.389999999999999826e-04 9.999639999999999640e-01 -3.004599999999999979e-02 -9.995479999999999920e-01 -7.919999999999999523e-04 9.995129999999999848e-01 -3.005199999999999885e-02 8.411000000000000074e-03
5.000000000000000000e+00 4.600000000000000000e+01 2.700000000000000000e+01 0.000000000000000000e+00 1.600000000000000089e+00 2.896999999999999836e-03 2.540999999999999856e-03 -9.999930000000000208e-01 6.590989999999999904e-01 7.520470000000000210e-01 3.821000000000000178e-03 7.520510000000000250e-01 -6.591050000000000519e-01 5.039999999999999992e-04
1.600000000000000000e+01 4.600000000000000000e+01 2.700000000000000000e+01 0.000000000000000000e+00 1.600000000000000089e+00 2.113999999999999994e-03 1.815999999999999906e-03 -9.999959999999999960e-01 6.629270000000000440e-01 7.486789999999999834e-01 2.760999999999999999e-03 7.486810000000000409e-01 -6.629300000000000193e-01 3.789999999999999966e-04
2.400000000000000000e+01 4.600000000000000000e+01 2.700000000000000000e+01 0.000000000000000000e+00 1.600000000000000089e+00 -2.161000000000000160e-03 -3.059000000000000087e-03 -9.999930000000000208e-01 6.609549999999999592e-01 7.504159999999999719e-01 -3.723999999999999880e-03 7.504229999999999512e-01 -6.609580000000000455e-01 4.000000000000000192e-04
9.000000000000000000e+00 5.800000000000000000e+01 3.100000000000000000e+01 0.000000000000000000e+00 1.600000000000000089e+00 -2.098000000000000038e-03 3.647000000000000068e-03 9.999909999999999632e-01 -7.949450000000000127e-01 -6.066810000000000258e-01 5.450000000000000200e-04 6.066780000000000506e-01 -7.949370000000000047e-01 4.172000000000000361e-03
1.500000000000000000e+01 5.800000000000000000e+01 3.100000000000000000e+01 0.000000000000000000e+00 1.600000000000000089e+00 7.820000000000000345e-04 3.609999999999999928e-04 1.000000000000000000e+00 -7.947560000000000180e-01 -6.069280000000000230e-01 8.400000000000000348e-04 6.069280000000000230e-01 -7.947570000000000467e-01 -1.879999999999999890e-04
1.900000000000000000e+01 5.800000000000000000e+01 3.100000000000000000e+01 0.000000000000000000e+00 1.600000000000000089e+00 1.479999999999999979e-03 5.119999999999999768e-04 9.999989999999999712e-01 -7.951820000000000555e-01 -6.063690000000000468e-01 1.487999999999999956e-03 6.063690000000000468e-01 -7.951829999999999732e-01 -4.899999999999999842e-04
2.500000000000000000e+01 5.800000000000000000e+01 3.100000000000000000e+01 0.000000000000000000e+00 1.600000000000000089e+00 -4.049999999999999781e-04 7.110000000000000434e-04 1.000000000000000000e+00 -7.920629999999999615e-01 -6.104389999999999539e-01 1.129999999999999955e-04 6.104389999999999539e-01 -7.920629999999999615e-01 8.109999999999999805e-04
3.000000000000000000e+01 5.800000000000000000e+01 3.100000000000000000e+01 0.000000000000000000e+00 1.600000000000000089e+00 -4.979999999999999618e-04 -6.939999999999999555e-04 1.000000000000000000e+00 -7.912979999999999459e-01 -6.114309999999999468e-01 -8.180000000000000422e-04 6.114309999999999468e-01 -7.912979999999999459e-01 -2.449999999999999921e-04
1.900000000000000000e+01 6.000000000000000000e+00 3.200000000000000000e+01 0.000000000000000000e+00 1.600000000000000089e+00 -2.199000000000000000e-03 -6.059000000000000150e-03 -9.999789999999999512e-01 1.379019999999999968e-01 9.904260000000000286e-01 -6.304999999999999841e-03 9.904429999999999623e-01 -1.379130000000000078e-01 -1.343000000000000010e-03
2.400000000000000000e+01 6.000000000000000000e+00 3.200000000000000000e+01 0.000000000000000000e+00 1.600000000000000089e+00 -3.703000000000000128e-03 -3.393999999999999882e-03 -9.999869999999999592e-01 1.413470000000000004e-01 9.899520000000000541e-01 -3.883999999999999866e-03 9.899529999999999719e-01 -1.413600000000000134e-01 -3.186000000000000030e-03
4.000000000000000000e+00 4.600000000000000000e+01 3.500000000000000000e+01 0.000000000000000000e+00 1.600000000000000089e+00 3.800000000000000209e-05 -7.439999999999999782e-04 -1.000000000000000000e+00 3.835239999999999760e-01 -9.235309999999999908e-01 7.020000000000000415e-04 -9.235309999999999908e-01 -3.835239999999999760e-01 2.500000000000000052e-04
1.000000000000000000e+01 4.600000000000000000e+01 3.500000000000000000e+01 0.000000000000000000e+00 1.600000000000000089e+00 1.013000000000000012e-03 -2.480000000000000108e-04 -9.999989999999999712e-01 3.843440000000000190e-01 -9.231899999999999551e-01 6.179999999999999513e-04 -9.231890000000000374e-01 -3.843449999999999922e-01 -8.400000000000000348e-04
1.500000000000000000e+01 4.600000000000000000e+01 3.500000000000000000e+01 0.000000000000000000e+00 1.600000000000000089e+00 -1.310000000000000129e-04 -1.789999999999999870e-04 -1.000000000000000000e+00 3.846229999999999927e-01 -9.230739999999999501e-01 1.150000000000000035e-04 -9.230739999999999501e-01 -3.846229999999999927e-01 1.890000000000000133e-04
2.300000000000000000e+01 4.600000000000000000e+01 3.500000000000000000e+01 0.000000000000000000e+00 1.600000000000000089e+00 -1.070999999999999903e-03 5.379999999999999583e-04 -9.999989999999999712e-01 3.822409999999999974e-01 -9.240620000000000500e-01 -9.070000000000000371e-04 -9.240620000000000500e-01 -3.822420000000000262e-01 7.839999999999999747e-04
2.800000000000000000e+01 4.600000000000000000e+01 3.500000000000000000e+01 0.000000000000000000e+00 1.600000000000000089e+00 1.968999999999999830e-03 -1.111000000000000008e-03 -9.999970000000000248e-01 3.808989999999999876e-01 -9.246149999999999647e-01 1.776999999999999934e-03 -9.246140000000000470e-01 -3.809020000000000183e-01 -1.397000000000000021e-03
2.000000000000000000e+00 9.500000000000000000e+01 3.600000000000000000e+01 0.000000000000000000e+00 1.600000000000000089e+00 -4.039000000000000055e-03 1.266499999999999918e-02 9.999120000000000230e-01 9.972020000000000328e-01 7.468800000000000439e-02 3.082000000000000104e-03 -7.464200000000000002e-02 9.971269999999999856e-01 -1.293099999999999979e-02
7.000000000000000000e+00 9.500000000000000000e+01 3.600000000000000000e+01 0.000000000000000000e+00 1.600000000000000089e+00 1.090999999999999956e-02 1.657000000000000139e-02 9.998029999999999973e-01 9.966699999999999449e-01 8.062300000000000022e-02 -1.221200000000000063e-02 -8.081000000000000683e-02 9.966070000000000206e-01 -1.563600000000000059e-02
1.200000000000000000e+01 9.500000000000000000e+01 3.600000000000000000e+01 0.000000000000000000e+00 1.600000000000000089e+00 1.034099999999999950e-02 5.180999999999999842e-03 9.999329999999999607e-01 9.965159999999999574e-01 8.270399999999999974e-02 -1.073400000000000049e-02 -8.275399999999999423e-02 9.965610000000000301e-01 -4.307000000000000065e-03
1.700000000000000000e+01 9.500000000000000000e+01 3.600000000000000000e+01 0.000000000000000000e+00 1.600000000000000089e+00 2.671000000000000197e-03 1.896799999999999875e-02 9.998169999999999558e-01 9.966599999999999904e-01 8.155199999999999949e-02 -4.209000000000000068e-03 -8.161699999999999511e-02 9.964889999999999581e-01 -1.868699999999999875e-02
2.300000000000000000e+01 9.500000000000000000e+01 3.600000000000000000e+01 0.000000000000000000e+00 1.600000000000000089e+00 -2.965000000000000187e-03 -1.494599999999999922e-02 9.998839999999999950e-01 9.961269999999999847e-01 8.781799999999999329e-02 4.266999999999999960e-03 -8.787200000000000566e-02 9.960240000000000204e-01 1.462800000000000038e-02
2.800000000000000000e+01 9.500000000000000000e+01 3.600000000000000000e+01 0.000000000000000000e+00 1.600000000000000089e+00 -5.973000000000000011e-03 9.640000000000000131e-04 9.999820000000000375e-01 9.957150000000000167e-01 9.228999999999999704e-02 5.858000000000000360e-03 -9.228200000000000292e-02 9.957319999999999505e-01 -1.510999999999999973e-03
5.000000000000000000e+00 3.000000000000000000e+00 4.300000000000000000e+01 0.000000000000000000e+00 1.600000000000000089e+00 4.406000000000000194e-03 2.843499999999999847e-02 -9.995859999999999745e-01 7.406129999999999658e-01 -6.717450000000000365e-01 -1.584400000000000044e-02 -6.719169999999999865e-01 -7.402370000000000339e-01 -2.401899999999999868e-02
1.300000000000000000e+01 3.000000000000000000e+00 4.300000000000000000e+01 0.000000000000000000e+00 1.600000000000000089e+00 -4.194999999999999944e-03 -4.240399999999999725e-02 -9.990919999999999801e-01 7.389219999999999677e-01 -6.733090000000000463e-01 2.547400000000000012e-02 -6.737779999999999880e-01 -7.381440000000000223e-01 3.415800000000000086e-02
2.000000000000000000e+01 3.000000000000000000e+00 4.300000000000000000e+01 0.000000000000000000e+00 1.600000000000000089e+00 -7.506999999999999784e-03 -5.754800000000000193e-02 -9.983140000000000347e-01 7.438730000000000064e-01 -6.675109999999999655e-01 3.288499999999999757e-02 -6.682789999999999564e-01 -7.423729999999999496e-01 4.781900000000000039e-02
2.500000000000000000e+01 3.000000000000000000e+00 4.300000000000000000e+01 0.000000000000000000e+00 1.600000000000000089e+00 -7.777000000000000059e-03 -2.923699999999999910e-02 -9.995420000000000416e-01 7.464849999999999541e-01 -6.652630000000000488e-01 1.365199999999999921e-02 -6.653569999999999762e-01 -7.460369999999999502e-01 2.699899999999999869e-02
5.000000000000000000e+00 8.000000000000000000e+00 4.400000000000000000e+01 0.000000000000000000e+00 1.600000000000000089e+00 2.801000000000000104e-03 1.642000000000000057e-02 9.998609999999999998e-01 -7.821099999999999719e-01 -6.230160000000000142e-01 1.242300000000000001e-02 6.231339999999999657e-01 -7.820369999999999822e-01 1.109699999999999923e-02
2.900000000000000000e+01 8.000000000000000000e+00 4.400000000000000000e+01 0.000000000000000000e+00 1.600000000000000089e+00 3.780000000000000265e-04 -2.762999999999999831e-03 9.999959999999999960e-01 -7.673240000000000061e-01 -6.412579999999999947e-01 -1.482000000000000027e-03 6.412600000000000522e-01 -7.673200000000000021e-01 -2.361999999999999950e-03
4.000000000000000000e+00 2.900000000000000000e+01 4.400000000000000000e+01 0.000000000000000000e+00 1.600000000000000089e+00 -2.755000000000000070e-03 4.014000000000000207e-03 -9.999879999999999880e-01 6.694360000000000310e-01 7.428690000000000015e-01 1.136999999999999990e-03 7.428649999999999975e-01 -6.694240000000000190e-01 -4.734000000000000360e-03
1.200000000000000000e+01 2.900000000000000000e+01 4.400000000000000000e+01 0.000000000000000000e+00 1.600000000000000089e+00 -5.969999999999999829e-04 2.683000000000000055e-03 -9.999959999999999960e-01 6.612590000000000412e-01 7.501560000000000450e-01 1.616999999999999948e-03 7.501569999999999627e-01 -6.612559999999999549e-01 -2.222000000000000017e-03
1.700000000000000000e+01 2.900000000000000000e+01 4.400000000000000000e+01 0.000000000000000000e+00 1.600000000000000089e+00 9.129999999999999661e-04 2.469999999999999973e-03 -9.999970000000000248e-01 6.561860000000000470e-01 7.545950000000000157e-01 2.462999999999999912e-03 7.545979999999999910e-01 -6.561860000000000470e-01 -9.319999999999999942e-04
2.200000000000000000e+01 2.900000000000000000e+01 4.400000000000000000e+01 0.000000000000000000e+00 1.600000000000000089e+00 1.397999999999999937e-03 -2.054999999999999969e-03 -9.999970000000000248e-01 6.550740000000000451e-01 7.555650000000000421e-01 -6.369999999999999794e-04 7.555640000000000134e-01 -6.550709999999999589e-01 2.403000000000000188e-03
2.500000000000000000e+01 2.900000000000000000e+01 4.400000000000000000e+01 0.000000000000000000e+00 1.600000000000000089e+00 1.227000000000000009e-03 -3.791999999999999798e-03 -9.999919999999999920e-01 6.560780000000000500e-01 7.546910000000000007e-01 -2.056999999999999801e-03 7.546920000000000295e-01 -6.560700000000000420e-01 3.413999999999999934e-03
6.000000000000000000e+00 5.400000000000000000e+01 4.600000000000000000e+01 0.000000000000000000e+00 1.600000000000000089e+00 1.067000000000000023e-03 -8.760999999999999691e-03 9.999609999999999888e-01 3.069009999999999794e-01 -9.517020000000000479e-01 -8.665000000000000827e-03 9.517409999999999481e-01 3.068980000000000041e-01 1.673000000000000008e-03
1.600000000000000000e+01 5.400000000000000000e+01 4.600000000000000000e+01 0.000000000000000000e+00 1.600000000000000089e+00 5.410000000000000312e-04 -9.591999999999999832e-03 9.999540000000000095e-01 3.175060000000000104e-01 -9.482110000000000261e-01 -9.266999999999999196e-03 9.482559999999999878e-01 3.174960000000000004e-01 2.531999999999999963e-03
4.000000000000000000e+00 6.300000000000000000e+01 5.400000000000000000e+01 0.000000000000000000e+00 1.600000000000000089e+00 -6.399999999999999710e-05 2.184000000000000177e-03 9.999980000000000535e-01 -3.645450000000000079e-01 9.311829999999999830e-01 -2.056999999999999801e-03 -9.311859999999999582e-01 -3.645450000000000079e-01 7.370000000000000249e-04
9.000000000000000000e+00 6.300000000000000000e+01 5.400000000000000000e+01 0.000000000000000000e+00 1.600000000000000089e+00 -1.876999999999999979e-03 1.936000000000000004e-03 9.999959999999999960e-01 -3.530010000000000092e-01 9.356200000000000072e-01 -2.474000000000000071e-03 -9.356210000000000360e-01 -3.530039999999999845e-01 -1.072999999999999952e-03
1.300000000000000000e+01 6.300000000000000000e+01 5.400000000000000000e+01 0.000000000000000000e+00 1.600000000000000089e+00 1.800000000000000113e-04 4.318999999999999923e-03 9.999909999999999632e-01 -3.486620000000000275e-01 9.372399999999999620e-01 -3.984999999999999827e-03 -9.372489999999999988e-01 -3.486580000000000235e-01 1.675000000000000057e-03
1.700000000000000000e+01 6.300000000000000000e+01 5.400000000000000000e+01 0.000000000000000000e+00 1.600000000000000089e+00 -2.130000000000000003e-04 4.749999999999999990e-04 1.000000000000000000e+00 -3.477180000000000271e-01 9.375989999999999602e-01 -5.190000000000000386e-04 -9.375989999999999602e-01 -3.477180000000000271e-01 -3.499999999999999693e-05
2.800000000000000000e+01 6.300000000000000000e+01 5.400000000000000000e+01 0.000000000000000000e+00 1.600000000000000089e+00 1.817999999999999955e-03 -2.474000000000000071e-03 9.999949999999999672e-01 -3.570360000000000200e-01 9.340859999999999719e-01 2.961000000000000090e-03 -9.340889999999999471e-01 -3.570400000000000240e-01 8.149999999999999693e-04
1.000000000000000000e+00 2.500000000000000000e+01 5.500000000000000000e+01 0.000000000000000000e+00 1.600000000000000089e+00 8.100000000000000375e-05 -1.270999999999999994e-03 -9.999989999999999712e-01 -1.115499999999999999e-02 -9.999369999999999647e-01 1.270000000000000078e-03 -9.999379999999999935e-01 1.115499999999999999e-02 -9.500000000000000523e-05
5.000000000000000000e+00 2.500000000000000000e+01 5.500000000000000000e+01 0.000000000000000000e+00 1.600000000000000089e+00 7.499999999999999343e-05 -6.899999999999999667e-05 -1.000000000000000000e+00 -1.016799999999999995e-02 -9.999479999999999480e-01 6.799999999999999946e-05 -9.999479999999999480e-01 1.016799999999999995e-02 -7.600000000000000418e-05
8.000000000000000000e+00 2.500000000000000000e+01 5.500000000000000000e+01 0.000000000000000000e+00 1.600000000000000089e+00 -7.399999999999999623e-05 -1.781000000000000031e-03 -9.999980000000000535e-01 -1.025099999999999970e-02 -9.999460000000000015e-01 1.781999999999999947e-03 -9.999470000000000303e-01 1.025099999999999970e-02 5.500000000000000196e-05
1.600000000000000000e+01 2.500000000000000000e+01 5.500000000000000000e+01 0.000000000000000000e+00 1.600000000000000089e+00 4.569999999999999952e-04 -1.510000000000000112e-04 -1.000000000000000000e+00 -1.076200000000000073e-02 -9.999419999999999975e-01 1.469999999999999953e-04 -9.999419999999999975e-01 1.076200000000000073e-02 -4.589999999999999896e-04
2.200000000000000000e+01 2.500000000000000000e+01 5.500000000000000000e+01 0.000000000000000000e+00 1.600000000000000089e+00 1.059000000000000045e-03 -2.014999999999999864e-03 -9.999970000000000248e-01 -1.214800000000000081e-02 -9.999240000000000350e-01 2.001999999999999873e-03 -9.999259999999999815e-01 1.214600000000000055e-02 -1.082999999999999978e-03
2.600000000000000000e+01 2.500000000000000000e+01 5.500000000000000000e+01 0.000000000000000000e+00 1.600000000000000089e+00 8.019999999999999785e-04 2.922000000000000118e-03 -9.999949999999999672e-01 -1.280500000000000041e-02 -9.999139999999999695e-01 -2.932000000000000144e-03 -9.999179999999999735e-01 1.280700000000000068e-02 -7.640000000000000306e-04
6.000000000000000000e+00 6.800000000000000000e+01 5.700000000000000000e+01 0.000000000000000000e+00 1.600000000000000089e+00 1.247999999999999977e-03 2.556999999999999811e-03 -9.999959999999999960e-01 -2.460809999999999942e-01 -9.692450000000000232e-01 -2.785999999999999848e-03 -9.692479999999999984e-01 2.460829999999999962e-01 -5.800000000000000034e-04
8.000000000000000000e+00 2.100000000000000000e+01 6.000000000000000000e+01 0.000000000000000000e+00 1.600000000000000089e+00 -1.010000000000000020e-04 8.404000000000000012e-03 9.999649999999999928e-01 -9.549699999999999855e-02 9.953950000000000298e-01 -8.375000000000000500e-03 -9.954300000000000370e-01 -9.549399999999999555e-02 7.020000000000000415e-04
1.200000000000000000e+01 2.100000000000000000e+01 6.000000000000000000e+01 0.000000000000000000e+00 1.600000000000000089e+00 -8.159999999999999936e-04 2.359999999999999902e-04 1.000000000000000000e+00 -9.449699999999999767e-02 9.955249999999999932e-01 -3.119999999999999944e-04 -9.955249999999999932e-01 -9.449799999999999867e-02 -7.900000000000000121e-04
2.100000000000000000e+01 2.100000000000000000e+01 6.000000000000000000e+01 0.000000000000000000e+00 1.600000000000000089e+00 -9.020000000000000240e-04 -1.276999999999999923e-03 9.999989999999999712e-01 -9.671599999999999642e-02 9.953109999999999458e-01 1.183999999999999940e-03 -9.953119999999999745e-01 -9.671399999999999442e-02 -1.020999999999999989e-03
2.500000000000000000e+01 2.100000000000000000e+01 6.000000000000000000e+01 0.000000000000000000e+00 1.600000000000000089e+00 -2.403999999999999887e-03 -8.004000000000000697e-03 9.999649999999999928e-01 -9.727299999999999836e-02 9.952280000000000015e-01 7.732000000000000157e-03 -9.952550000000000008e-01 -9.725100000000000411e-02 -3.171000000000000207e-03
2.100000000000000000e+01 6.000000000000000000e+00 6.100000000000000000e+01 0.000000000000000000e+00 1.600000000000000089e+00 6.368000000000000396e-03 2.959999999999999958e-03 9.999749999999999472e-01 5.771330000000000071e-01 -8.166489999999999583e-01 -1.258000000000000004e-03 8.166250000000000453e-01 5.771269999999999456e-01 -6.909000000000000211e-03
1.200000000000000000e+01 3.000000000000000000e+00 6.300000000000000000e+01 0.000000000000000000e+00 1.600000000000000089e+00 -6.229999999999999644e-04 -3.359999999999999814e-04 1.000000000000000000e+00 -6.142320000000000002e-01 7.891249999999999654e-01 -1.169999999999999979e-04 -7.891249999999999654e-01 -6.142320000000000002e-01 -6.980000000000000527e-04
1.700000000000000000e+01 3.000000000000000000e+00 6.300000000000000000e+01 0.000000000000000000e+00 1.600000000000000089e+00 -1.012000000000000096e-03 1.136999999999999990e-03 9.999989999999999712e-01 -6.156409999999999938e-01 7.880249999999999755e-01 -1.518999999999999951e-03 -7.880260000000000042e-01 -6.156420000000000226e-01 -9.699999999999999963e-05
3.000000000000000000e+00 2.700000000000000000e+01 6.300000000000000000e+01 0.000000000000000000e+00 1.600000000000000089e+00 3.409999999999999945e-04 -4.029999999999999837e-04 1.000000000000000000e+00 -2.764730000000000243e-01 9.610220000000000429e-01 4.809999999999999823e-04 -9.610220000000000429e-01 -2.764730000000000243e-01 2.159999999999999919e-04
7.000000000000000000e+00 2.700000000000000000e+01 6.300000000000000000e+01 0.000000000000000000e+00 1.600000000000000089e+00 7.720000000000000083e-04 2.641999999999999817e-03 9.999959999999999960e-01 -2.800429999999999864e-01 9.599849999999999772e-01 -2.321000000000000146e-03 -9.599870000000000347e-01 -2.800400000000000111e-01 1.480999999999999895e-03
1.300000000000000000e+01 2.700000000000000000e+01 6.300000000000000000e+01 0.000000000000000000e+00 1.600000000000000089e+00 1.263000000000000017e-03 2.286999999999999970e-03 9.999970000000000248e-01 -2.815739999999999910e-01 9.595380000000000020e-01 -1.838999999999999923e-03 -9.595390000000000308e-01 -2.815699999999999870e-01 1.855000000000000095e-03
1.700000000000000000e+01 2.700000000000000000e+01 6.300000000000000000e+01 0.000000000000000000e+00 1.600000000000000089e+00 -2.339999999999999958e-04 3.419999999999999863e-03 9.999940000000000495e-01 -2.780929999999999791e-01 9.605479999999999574e-01 -3.350000000000000113e-03 -9.605540000000000189e-01 -2.780920000000000059e-01 7.259999999999999743e-04
2.100000000000000000e+01 2.700000000000000000e+01 6.300000000000000000e+01 0.000000000000000000e+00 1.600000000000000089e+00 -2.396000000000000126e-03 -3.518999999999999993e-03 9.999909999999999632e-01 -2.785440000000000138e-01 9.604200000000000514e-01 2.712000000000000001e-03 -9.604200000000000514e-01 -2.785349999999999770e-01 -3.281000000000000062e-03
2.600000000000000000e+01 2.700000000000000000e+01 6.300000000000000000e+01 0.000000000000000000e+00 1.600000000000000089e+00 -7.900000000000000121e-04 -4.126999999999999592e-03 9.999909999999999632e-01 -2.763499999999999845e-01 9.610499999999999599e-01 3.748000000000000029e-03 -9.610570000000000501e-01 -2.763450000000000073e-01 -1.899999999999999996e-03
7.000000000000000000e+00 2.600000000000000000e+01 6.400000000000000000e+01 0.000000000000000000e+00 1.600000000000000089e+00 1.234000000000000071e-03 2.958999999999999825e-03 9.999949999999999672e-01 -3.647210000000000174e-01 9.311139999999999972e-01 -2.305000000000000191e-03 -9.311160000000000547e-01 -3.647159999999999846e-01 2.227999999999999946e-03
