9.000000000000000000e+00 1.700000000000000000e+01 3.000000000000000000e+00 0.000000000000000000e+00 1.600000000000000089e+00 -2.818000000000000019e-02 -1.767300000000000121e-02 -9.994469999999999743e-01 -7.128360000000000252e-01 -7.005780000000000340e-01 3.248700000000000199e-02 -7.007649999999999713e-01 7.133570000000000189e-01 7.144000000000000176e-03
2.400000000000000000e+01 1.010000000000000000e+02 7.000000000000000000e+00 0.000000000000000000e+00 1.600000000000000089e+00 -2.443999999999999992e-03 8.180000000000000422e-04 9.999970000000000248e-01 8.882949999999999458e-01 4.592689999999999828e-01 1.794999999999999938e-03 -4.592660000000000076e-01 8.882970000000000033e-01 -1.848999999999999949e-03
4.000000000000000000e+00 2.500000000000000000e+01 8.000000000000000000e+00 0.000000000000000000e+00 1.600000000000000089e+00 2.033999999999999784e-03 5.667000000000000162e-03 -9.999820000000000375e-01 4.392130000000000201e-01 8.983630000000000226e-01 5.984999999999999869e-03 8.983799999999999564e-01 -4.392179999999999973e-01 -6.610000000000000207e-04
7.000000000000000000e+00 2.500000000000000000e+01 8.000000000000000000e+00 0.000000000000000000e+00 1.600000000000000089e+00 6.859999999999999779e-04 8.573000000000000759e-03 -9.999630000000000463e-01 4.380820000000000269e-01 8.988990000000000036e-01 8.007000000000000228e-03 8.989350000000000396e-01 -4.380720000000000169e-01 -3.138999999999999863e-03
1.000000000000000000e+01 2.500000000000000000e+01 8.000000000000000000e+00 0.000000000000000000e+00 1.600000000000000089e+00 2.599999999999999772e-04 3.014000000000000186e-03 -9.999949999999999672e-01 4.375580000000000025e-01 8.991860000000000408e-01 2.824000000000000121e-03 8.991900000000000448e-01 -4.375569999999999737e-01 -1.085999999999999943e-03
1.800000000000000000e+01 2.500000000000000000e+01 8.000000000000000000e+00 0.000000000000000000e+00 1.600000000000000089e+00 -9.600000000000000243e-05 2.635000000000000189e-03 -9.999959999999999960e-01 4.378799999999999915e-01 8.990299999999999958e-01 2.327000000000000075e-03 8.990329999999999711e-01 -4.378779999999999895e-01 -1.240000000000000000e-03
2.200000000000000000e+01 2.500000000000000000e+01 8.000000000000000000e+00 0.000000000000000000e+00 1.600000000000000089e+00 8.499999999999999526e-04 4.446000000000000299e-03 -9.999900000000000455e-01 4.395930000000000115e-01 8.981869999999999576e-01 4.366000000000000089e-03 8.981970000000000232e-01 -4.395919999999999828e-01 -1.191000000000000001e-03
2.600000000000000000e+01 2.500000000000000000e+01 8.000000000000000000e+00 0.000000000000000000e+00 1.600000000000000089e+00 3.220000000000000206e-04 -1.286999999999999950e-03 -9.999989999999999712e-01 4.402760000000000007e-01 8.978620000000000489e-01 -1.013999999999999927e-03 8.978620000000000489e-01 -4.402750000000000274e-01 8.559999999999999901e-04
2.000000000000000000e+00 2.400000000000000000e+01 9.000000000000000000e+00 0.000000000000000000e+00 1.600000000000000089e+00 3.204999999999999950e-03 3.330000000000000061e-03 -9.999890000000000168e-01 4.470000000000000084e-01 8.945229999999999571e-01 4.410999999999999990e-03 8.945279999999999898e-01 -4.470089999999999897e-01 1.379000000000000017e-03
4.000000000000000000e+00 2.400000000000000000e+01 9.000000000000000000e+00 0.000000000000000000e+00 1.600000000000000089e+00 2.219000000000000052e-03 7.209000000000000130e-03 -9.999719999999999720e-01 4.456590000000000273e-01 8.951719999999999677e-01 7.442999999999999963e-03 8.951999999999999957e-01 -4.456629999999999758e-01 -1.226000000000000093e-03
1.100000000000000000e+01 2.400000000000000000e+01 9.000000000000000000e+00 0.000000000000000000e+00 1.600000000000000089e+00 2.059999999999999928e-04 9.330000000000000186e-04 -1.000000000000000000e+00 4.442639999999999922e-01 8.958960000000000257e-01 9.280000000000000054e-04 8.958960000000000257e-01 -4.442639999999999922e-01 -2.300000000000000070e-04
1.700000000000000000e+01 2.400000000000000000e+01 9.000000000000000000e+00 0.000000000000000000e+00 1.600000000000000089e+00 -2.590000000000000071e-04 4.000000000000000192e-04 -1.000000000000000000e+00 4.442869999999999875e-01 8.958850000000000424e-01 2.429999999999999977e-04 8.958850000000000424e-01 -4.442869999999999875e-01 -4.090000000000000211e-04
2.100000000000000000e+01 2.400000000000000000e+01 9.000000000000000000e+00 0.000000000000000000e+00 1.600000000000000089e+00 -3.609999999999999928e-04 5.645999999999999977e-03 -9.999839999999999840e-01 4.457050000000000178e-01 8.951670000000000460e-01 4.893999999999999913e-03 8.951799999999999757e-01 -4.456959999999999811e-01 -2.840000000000000076e-03
2.500000000000000000e+01 2.400000000000000000e+01 9.000000000000000000e+00 0.000000000000000000e+00 1.600000000000000089e+00 6.229999999999999644e-04 3.339999999999999870e-04 -1.000000000000000000e+00 4.477900000000000214e-01 8.941390000000000171e-01 5.779999999999999548e-04 8.941390000000000171e-01 -4.477900000000000214e-01 4.079999999999999968e-04
2.900000000000000000e+01 2.400000000000000000e+01 9.000000000000000000e+00 0.000000000000000000e+00 1.600000000000000089e+00 -6.570000000000000319e-04 -1.760000000000000063e-03 -9.999980000000000535e-01 4.481450000000000156e-01 8.939589999999999481e-01 -1.868000000000000086e-03 8.939599999999999769e-01 -4.481459999999999888e-01 2.020000000000000040e-04
2.700000000000000000e+01 7.000000000000000000e+00 1.000000000000000000e+01 0.000000000000000000e+00 1.600000000000000089e+00 -1.292490000000000028e-01 -6.772100000000000342e-02 -9.892969999999999819e-01 -9.550220000000000375e-01 -2.600129999999999941e-01 1.425700000000000023e-01 -2.668849999999999834e-01 9.632279999999999731e-01 -3.106899999999999940e-02
1.800000000000000000e+01 8.000000000000000000e+00 1.000000000000000000e+01 0.000000000000000000e+00 1.600000000000000089e+00 -1.194080000000000003e-01 -4.020699999999999968e-02 -9.920309999999999961e-01 -9.869360000000000355e-01 -1.040500000000000036e-01 1.230119999999999963e-01 -1.081669999999999993e-01 9.937589999999999479e-01 -2.725800000000000098e-02
2.700000000000000000e+01 3.000000000000000000e+00 1.100000000000000000e+01 0.000000000000000000e+00 1.600000000000000089e+00 1.343100000000000023e-02 -1.385039999999999882e-01 9.902710000000000123e-01 1.958350000000000091e-01 -9.708160000000000123e-01 -1.384390000000000065e-01 9.805449999999999999e-01 1.957889999999999908e-01 1.408500000000000030e-02
2.400000000000000000e+01 3.100000000000000000e+01 1.200000000000000000e+01 0.000000000000000000e+00 1.600000000000000089e+00 -5.670000000000000127e-04 4.819999999999999632e-03 9.999879999999999880e-01 -3.076800000000000021e-02 9.995150000000000423e-01 -4.836000000000000021e-03 -9.995260000000000256e-01 -3.076999999999999874e-02 -4.180000000000000230e-04
2.000000000000000000e+00 3.500000000000000000e+01 1.200000000000000000e+01 0.000000000000000000e+00 1.600000000000000089e+00 -3.141999999999999828e-03 3.278999999999999797e-03 -9.999900000000000455e-01 4.128169999999999895e-01 -9.108039999999999470e-01 -4.283000000000000348e-03 -9.108089999999999797e-01 -4.128260000000000263e-01 1.508999999999999925e-03
6.000000000000000000e+00 3.500000000000000000e+01 1.200000000000000000e+01 0.000000000000000000e+00 1.600000000000000089e+00 -2.255000000000000060e-03 3.650000000000000033e-03 -9.999909999999999632e-01 4.233629999999999893e-01 -9.059500000000000330e-01 -4.262000000000000163e-03 -9.059570000000000123e-01 -4.233689999999999953e-01 4.970000000000000459e-04
1.500000000000000000e+01 3.500000000000000000e+01 1.200000000000000000e+01 0.000000000000000000e+00 1.600000000000000089e+00 -1.453000000000000081e-03 4.377999999999999947e-03 -9.999890000000000168e-01 4.564380000000000104e-01 -8.897439999999999793e-01 -4.558999999999999685e-03 -8.897540000000000449e-01 -4.564400000000000124e-01 -7.050000000000000060e-04
1.800000000000000000e+01 3.500000000000000000e+01 1.200000000000000000e+01 0.000000000000000000e+00 1.600000000000000089e+00 -2.537999999999999892e-03 4.557000000000000287e-03 -9.999860000000000415e-01 4.603079999999999949e-01 -8.877439999999999776e-01 -5.213999999999999885e-03 -8.877549999999999608e-01 -4.603149999999999742e-01 1.550000000000000000e-04
3.000000000000000000e+00 3.200000000000000000e+01 1.400000000000000000e+01 0.000000000000000000e+00 1.600000000000000089e+00 1.266999999999999897e-03 9.870000000000000301e-04 -9.999989999999999712e-01 1.236840000000000023e-01 9.923210000000000086e-01 1.136000000000000074e-03 9.923210000000000086e-01 -1.236850000000000033e-01 1.134999999999999941e-03
1.000000000000000000e+01 1.200000000000000000e+01 1.600000000000000000e+01 0.000000000000000000e+00 1.600000000000000089e+00 2.527999999999999865e-03 -9.495699999999999974e-02 9.954779999999999740e-01 2.060790000000000122e-01 -9.740640000000000409e-01 -9.343799999999999328e-02 9.785319999999999574e-01 2.053830000000000100e-01 1.710599999999999968e-02
3.000000000000000000e+00 1.300000000000000000e+01 1.600000000000000000e+01 0.000000000000000000e+00 1.600000000000000089e+00 6.497000000000000171e-03 -5.906700000000000145e-02 9.982330000000000370e-01 1.414900000000000047e-01 -9.881560000000000343e-01 -5.939099999999999935e-02 9.899179999999999646e-01 1.416260000000000019e-01 1.936999999999999920e-03
1.000000000000000000e+01 1.160000000000000000e+02 1.600000000000000000e+01 0.000000000000000000e+00 1.600000000000000089e+00 4.810000000000000039e-03 1.023999999999999954e-03 9.999879999999999880e-01 6.674080000000000013e-01 7.446810000000000374e-01 -3.972999999999999969e-03 -7.446770000000000334e-01 6.674189999999999845e-01 2.899000000000000101e-03
1.100000000000000000e+01 2.000000000000000000e+00 1.900000000000000000e+01 0.000000000000000000e+00 1.600000000000000089e+00 1.214299999999999928e-02 -5.182799999999999907e-02 -9.985819999999999697e-01 3.320159999999999778e-01 -9.417879999999999585e-01 5.291799999999999976e-02 -9.431960000000000344e-01 -3.321879999999999833e-01 5.772000000000000221e-03
1.900000000000000000e+01 2.000000000000000000e+00 1.900000000000000000e+01 0.000000000000000000e+00 1.600000000000000089e+00 1.285700000000000037e-02 -6.807499999999999662e-02 -9.975969999999999560e-01 3.630740000000000078e-01 -9.292690000000000117e-01 6.809199999999999975e-02 -9.316719999999999446e-01 -3.630769999999999831e-01 1.276900000000000084e-02
2.300000000000000000e+01 2.000000000000000000e+00 1.900000000000000000e+01 0.000000000000000000e+00 1.600000000000000089e+00 1.416099999999999998e-02 -5.640099999999999975e-02 -9.983079999999999732e-01 3.667030000000000012e-01 -9.285499999999999865e-01 5.766199999999999798e-02 -9.302300000000000013e-01 -3.668989999999999752e-01 7.532999999999999766e-03
2.000000000000000000e+00 3.000000000000000000e+00 1.900000000000000000e+01 0.000000000000000000e+00 1.600000000000000089e+00 1.087600000000000025e-02 -1.663500000000000048e-02 -9.998019999999999685e-01 3.267109999999999737e-01 -9.449279999999999902e-01 1.927600000000000147e-02 -9.450619999999999576e-01 -3.268559999999999799e-01 -4.841999999999999950e-03
7.000000000000000000e+00 3.000000000000000000e+00 1.900000000000000000e+01 0.000000000000000000e+00 1.600000000000000089e+00 1.119700000000000036e-02 -3.286300000000000332e-02 -9.993969999999999798e-01 3.319500000000000228e-01 -9.426579999999999959e-01 3.471599999999999686e-02 -9.432310000000000416e-01 -3.321390000000000176e-01 3.539999999999999853e-04
1.300000000000000000e+01 3.000000000000000000e+00 1.900000000000000000e+01 0.000000000000000000e+00 1.600000000000000089e+00 1.344399999999999935e-02 -5.634700000000000125e-02 -9.983210000000000139e-01 3.421950000000000269e-01 -9.378649999999999487e-01 5.754299999999999693e-02 -9.395329999999999515e-01 -3.423939999999999761e-01 6.673000000000000112e-03
2.600000000000000000e+01 3.000000000000000000e+00 1.900000000000000000e+01 0.000000000000000000e+00 1.600000000000000089e+00 1.242700000000000055e-02 -2.852599999999999927e-02 -9.995159999999999600e-01 3.334559999999999746e-01 -9.422540000000000360e-01 3.103799999999999962e-02 -9.426839999999999664e-01 -3.336810000000000054e-01 -2.197000000000000168e-03
2.000000000000000000e+00 4.000000000000000000e+00 2.000000000000000000e+01 0.000000000000000000e+00 1.600000000000000089e+00 8.226999999999999938e-03 -1.875999999999999890e-02 -9.997899999999999565e-01 4.355390000000000095e-01 -8.999369999999999870e-01 2.046999999999999861e-02 -9.001320000000000432e-01 -4.356160000000000032e-01 7.669999999999999951e-04
7.000000000000000000e+00 4.000000000000000000e+00 2.000000000000000000e+01 0.000000000000000000e+00 1.600000000000000089e+00 7.983000000000000512e-03 -3.402499999999999969e-02 -9.993889999999999718e-01 4.291820000000000079e-01 -9.025720000000000409e-01 3.415699999999999986e-02 -9.031829999999999581e-01 -4.291929999999999912e-01 7.396999999999999929e-03
1.400000000000000000e+01 4.000000000000000000e+00 2.000000000000000000e+01 0.000000000000000000e+00 1.600000000000000089e+00 9.440000000000000474e-03 -5.475200000000000206e-02 -9.984549999999999814e-01 4.097160000000000246e-01 -9.106250000000000178e-01 5.380999999999999672e-02 -9.121639999999999748e-01 -4.095909999999999829e-01 1.383599999999999934e-02
3.000000000000000000e+00 1.300000000000000000e+01 2.000000000000000000e+01 0.000000000000000000e+00 1.600000000000000089e+00 8.459999999999999638e-04 1.360100000000000024e-02 9.999069999999999903e-01 3.040950000000000042e-01 9.525500000000000078e-01 -1.321400000000000005e-02 -9.526409999999999600e-01 3.040769999999999862e-01 -3.330000000000000061e-03
1.100000000000000000e+01 1.300000000000000000e+01 2.000000000000000000e+01 0.000000000000000000e+00 1.600000000000000089e+00 4.452000000000000228e-03 -8.052000000000000129e-03 9.999580000000000135e-01 2.762229999999999963e-01 9.610720000000000374e-01 6.509000000000000029e-03 -9.610830000000000206e-01 2.761819999999999831e-01 6.503000000000000100e-03
1.600000000000000000e+01 1.300000000000000000e+01 2.000000000000000000e+01 0.000000000000000000e+00 1.600000000000000089e+00 5.959999999999999586e-04 6.920000000000000153e-04 1.000000000000000000e+00 2.627240000000000131e-01 9.648710000000000342e-01 -8.239999999999999712e-04 -9.648710000000000342e-01 2.627240000000000131e-01 3.930000000000000117e-04
2.000000000000000000e+01 1.300000000000000000e+01 2.000000000000000000e+01 0.000000000000000000e+00 1.600000000000000089e+00 -7.600000000000000418e-05 3.837000000000000133e-03 9.999930000000000208e-01 2.604330000000000256e-01 9.654850000000000376e-01 -3.684999999999999908e-03 -9.654920000000000169e-01 2.604310000000000236e-01 -1.072000000000000036e-03
2.500000000000000000e+01 1.300000000000000000e+01 2.000000000000000000e+01 0.000000000000000000e+00 1.600000000000000089e+00 -6.530000000000000431e-04 -2.625999999999999862e-03 9.999959999999999960e-01 2.594339999999999979e-01 9.657569999999999766e-01 2.704999999999999939e-03 -9.657599999999999518e-01 2.594350000000000267e-01 5.000000000000000240e-05
2.900000000000000000e+01 1.300000000000000000e+01 2.000000000000000000e+01 0.000000000000000000e+00 1.600000000000000089e+00 -2.260999999999999989e-03 -8.781000000000000610e-03 9.999590000000000423e-01 2.609589999999999965e-01 9.653070000000000261e-01 9.065999999999999406e-03 -9.653469999999999551e-01 2.609690000000000065e-01 1.090000000000000067e-04
2.200000000000000000e+01 3.000000000000000000e+00 2.500000000000000000e+01 0.000000000000000000e+00 1.600000000000000089e+00 1.475100000000000022e-02 -3.979200000000000098e-02 9.990989999999999593e-01 -2.716999999999999797e-03 -9.992060000000000386e-01 -3.975599999999999967e-02 9.998879999999999990e-01 -2.128000000000000117e-03 -1.484800000000000009e-02
2.800000000000000000e+01 3.000000000000000000e+00 2.500000000000000000e+01 0.000000000000000000e+00 1.600000000000000089e+00 -3.135000000000000200e-03 6.617999999999999751e-03 9.999730000000000008e-01 -3.525099999999999761e-02 -9.993570000000000508e-01 6.504000000000000233e-03 9.993739999999999846e-01 -3.522900000000000337e-02 3.367000000000000201e-03
1.700000000000000000e+01 4.600000000000000000e+01 2.700000000000000000e+01 0.000000000000000000e+00 1.600000000000000089e+00 1.092000000000000089e-03 9.160000000000000390e-04 -9.999989999999999712e-01 6.777440000000000131e-01 7.352959999999999496e-01 1.413999999999999892e-03 7.352969999999999784e-01 -6.777450000000000419e-01 1.820000000000000057e-04
2.800000000000000000e+01 4.600000000000000000e+01 2.700000000000000000e+01 0.000000000000000000e+00 1.600000000000000089e+00 -2.396000000000000126e-03 -5.330999999999999801e-03 -9.999829999999999552e-01 6.793959999999999999e-01 7.337510000000000421e-01 -5.539999999999999786e-03 7.337679999999999758e-01 -6.793979999999999464e-01 1.863999999999999988e-03
1.400000000000000000e+01 4.600000000000000000e+01 3.000000000000000000e+01 0.000000000000000000e+00 1.600000000000000089e+00 5.209999999999999788e-04 7.439999999999999782e-04 -1.000000000000000000e+00 3.303189999999999737e-01 9.438689999999999580e-01 8.750000000000000182e-04 9.438689999999999580e-01 -3.303189999999999737e-01 2.460000000000000164e-04
2.000000000000000000e+00 5.800000000000000000e+01 3.100000000000000000e+01 0.000000000000000000e+00 1.600000000000000089e+00 3.395000000000000014e-03 3.485999999999999949e-03 9.999879999999999880e-01 -8.008429999999999715e-01 -5.988550000000000262e-01 4.806000000000000376e-03 5.988639999999999519e-01 -8.008499999999999508e-01 7.579999999999999932e-04
6.000000000000000000e+00 5.800000000000000000e+01 3.100000000000000000e+01 0.000000000000000000e+00 1.600000000000000089e+00 3.824999999999999841e-03 -2.699999999999999899e-05 9.999930000000000208e-01 -8.011220000000000008e-01 -5.984939999999999705e-01 3.047999999999999928e-03 5.984890000000000487e-01 -8.011270000000000335e-01 -2.311000000000000120e-03
1.300000000000000000e+01 5.800000000000000000e+01 3.100000000000000000e+01 0.000000000000000000e+00 1.600000000000000089e+00 1.376000000000000053e-03 -1.129999999999999955e-04 9.999989999999999712e-01 -8.047840000000000549e-01 -5.935669999999999558e-01 1.039999999999999909e-03 5.935660000000000380e-01 -8.047849999999999726e-01 -9.079999999999999530e-04
1.800000000000000000e+01 5.800000000000000000e+01 3.100000000000000000e+01 0.000000000000000000e+00 1.600000000000000089e+00 -1.832999999999999994e-03 -1.466000000000000072e-03 9.999970000000000248e-01 -8.078689999999999483e-01 -5.893580000000000485e-01 -2.344999999999999862e-03 5.893589999999999662e-01 -8.078710000000000058e-01 -1.039999999999999936e-04
2.300000000000000000e+01 5.800000000000000000e+01 3.100000000000000000e+01 0.000000000000000000e+00 1.600000000000000089e+00 -5.138000000000000206e-03 -3.951999999999999784e-03 9.999789999999999512e-01 -8.117769999999999708e-01 -5.839320000000000066e-01 -6.478000000000000251e-03 5.839459999999999651e-01 -8.117929999999999868e-01 -2.079999999999999872e-04
2.700000000000000000e+01 5.800000000000000000e+01 3.100000000000000000e+01 0.000000000000000000e+00 1.600000000000000089e+00 -4.600000000000000139e-04 7.190000000000000210e-04 1.000000000000000000e+00 -8.107659999999999867e-01 -5.853709999999999747e-01 4.800000000000000122e-05 5.853709999999999747e-01 -8.107649999999999579e-01 8.520000000000000013e-04
4.000000000000000000e+00 4.600000000000000000e+01 3.500000000000000000e+01 0.000000000000000000e+00 1.600000000000000089e+00 6.030000000000000204e-04 -5.283000000000000369e-03 -9.999860000000000415e-01 3.907360000000000277e-01 -9.204879999999999729e-01 5.098000000000000101e-03 -9.205020000000000424e-01 -3.907340000000000257e-01 1.508999999999999925e-03
1.000000000000000000e+01 4.600000000000000000e+01 3.500000000000000000e+01 0.000000000000000000e+00 1.600000000000000089e+00 1.940000000000000101e-03 2.609000000000000208e-03 -9.999949999999999672e-01 3.913170000000000259e-01 -9.202540000000000164e-01 -1.642000000000000013e-03 -9.202540000000000164e-01 -3.913119999999999932e-01 -2.805999999999999901e-03
1.500000000000000000e+01 4.600000000000000000e+01 3.500000000000000000e+01 0.000000000000000000e+00 1.600000000000000089e+00 -6.660000000000000338e-04 -2.288000000000000103e-03 -9.999970000000000248e-01 3.907959999999999767e-01 -9.204750000000000432e-01 1.845999999999999985e-03 -9.204769999999999897e-01 -3.907939999999999747e-01 1.507000000000000093e-03
1.900000000000000000e+01 4.600000000000000000e+01 3.500000000000000000e+01 0.000000000000000000e+00 1.600000000000000089e+00 -5.370000000000000424e-04 -2.418000000000000010e-03 -9.999970000000000248e-01 3.912720000000000087e-01 -9.202730000000000077e-01 2.014999999999999864e-03 -9.202749999999999542e-01 -3.912700000000000067e-01 1.441000000000000007e-03
2.600000000000000000e+01 4.600000000000000000e+01 3.500000000000000000e+01 0.000000000000000000e+00 1.600000000000000089e+00 3.429999999999999889e-04 -8.409999999999999507e-04 -1.000000000000000000e+00 3.917780000000000151e-01 -9.200589999999999602e-01 9.079999999999999530e-04 -9.200599999999999890e-01 -3.917789999999999884e-01 1.399999999999999979e-05
2.800000000000000000e+01 4.600000000000000000e+01 3.500000000000000000e+01 0.000000000000000000e+00 1.600000000000000089e+00 1.879999999999999890e-04 -5.209999999999999788e-04 -1.000000000000000000e+00 3.906510000000000260e-01 -9.205389999999999961e-01 5.529999999999999976e-04 -9.205389999999999961e-01 -3.906510000000000260e-01 3.000000000000000076e-05
2.400000000000000000e+01 3.000000000000000000e+00 4.300000000000000000e+01 0.000000000000000000e+00 1.600000000000000089e+00 5.590000000000000351e-04 -8.470000000000000098e-03 -9.999639999999999640e-01 7.428139999999999743e-01 -6.694700000000000095e-01 6.085000000000000131e-03 -6.694970000000000088e-01 -7.427909999999999791e-01 5.917000000000000384e-03
2.000000000000000000e+00 2.900000000000000000e+01 4.400000000000000000e+01 0.000000000000000000e+00 1.600000000000000089e+00 1.981999999999999821e-03 2.686000000000000019e-03 -9.999940000000000495e-01 6.612010000000000387e-01 7.502010000000000067e-01 3.324999999999999831e-03 7.502060000000000395e-01 -6.612040000000000139e-01 -2.889999999999999774e-04
6.000000000000000000e+00 2.900000000000000000e+01 4.400000000000000000e+01 0.000000000000000000e+00 1.600000000000000089e+00 1.837000000000000091e-03 -3.037000000000000203e-03 -9.999940000000000495e-01 6.602620000000000156e-01 7.510339999999999794e-01 -1.067999999999999939e-03 7.510329999999999506e-01 -6.602559999999999540e-01 3.384999999999999988e-03
1.200000000000000000e+01 2.900000000000000000e+01 4.400000000000000000e+01 0.000000000000000000e+00 1.600000000000000089e+00 2.889999999999999774e-04 -3.595999999999999804e-03 -9.999930000000000208e-01 6.637380000000000502e-01 7.479609999999999870e-01 -2.497999999999999787e-03 7.479649999999999910e-01 -6.637330000000000174e-01 2.602999999999999845e-03
2.000000000000000000e+01 2.900000000000000000e+01 4.400000000000000000e+01 0.000000000000000000e+00 1.600000000000000089e+00 3.923000000000000272e-03 6.729999999999999871e-04 -9.999919999999999920e-01 6.650620000000000420e-01 7.467819999999999458e-01 3.112000000000000183e-03 7.467780000000000529e-01 -6.650690000000000213e-01 2.481999999999999831e-03
2.900000000000000000e+01 2.900000000000000000e+01 4.400000000000000000e+01 0.000000000000000000e+00 1.600000000000000089e+00 -1.794000000000000022e-03 1.456999999999999962e-03 -9.999970000000000248e-01 6.648650000000000393e-01 7.469639999999999613e-01 -1.039999999999999936e-04 7.469620000000000148e-01 -6.648629999999999818e-01 -2.308000000000000156e-03
2.100000000000000000e+01 5.000000000000000000e+00 5.100000000000000000e+01 0.000000000000000000e+00 1.600000000000000089e+00 1.240000000000000000e-03 -1.489500000000000025e-02 -9.998879999999999990e-01 4.828089999999999882e-01 -8.756190000000000362e-01 1.364199999999999961e-02 -8.757249999999999757e-01 -4.827719999999999789e-01 6.106000000000000316e-03
2.100000000000000000e+01 1.150000000000000000e+02 5.100000000000000000e+01 0.000000000000000000e+00 1.600000000000000089e+00 -2.295000000000000165e-03 3.380999999999999891e-03 9.999919999999999920e-01 8.457729999999999970e-01 -5.335299999999999487e-01 3.743999999999999932e-03 5.335379999999999567e-01 8.457740000000000258e-01 -1.634999999999999952e-03
3.000000000000000000e+00 7.000000000000000000e+00 5.200000000000000000e+01 0.000000000000000000e+00 1.600000000000000089e+00 -7.311999999999999923e-03 -2.824999999999999820e-03 -9.999689999999999968e-01 1.441330000000000111e-01 -9.895570000000000199e-01 1.742000000000000059e-03 -9.895310000000000494e-01 -1.441149999999999931e-01 7.642999999999999620e-03
3.000000000000000000e+00 6.300000000000000000e+01 5.400000000000000000e+01 0.000000000000000000e+00 1.600000000000000089e+00 1.224999999999999960e-03 3.814000000000000116e-03 9.999919999999999920e-01 -3.484010000000000162e-01 9.373399999999999510e-01 -3.148999999999999889e-03 -9.373449999999999838e-01 -3.483950000000000102e-01 2.477000000000000035e-03
9.000000000000000000e+00 6.300000000000000000e+01 5.400000000000000000e+01 0.000000000000000000e+00 1.600000000000000089e+00 -9.510000000000000224e-04 8.739999999999999939e-04 9.999989999999999712e-01 -3.489630000000000232e-01 9.371359999999999690e-01 -1.150999999999999896e-03 -9.371359999999999690e-01 -3.489630000000000232e-01 -5.860000000000000408e-04
1.400000000000000000e+01 6.300000000000000000e+01 5.400000000000000000e+01 0.000000000000000000e+00 1.600000000000000089e+00 1.918000000000000000e-03 7.870000000000000476e-04 9.999980000000000535e-01 -3.502419999999999978e-01 9.366590000000000193e-01 -6.499999999999999431e-05 -9.366569999999999618e-01 -3.502410000000000245e-01 2.073000000000000190e-03
1.900000000000000000e+01 6.300000000000000000e+01 5.400000000000000000e+01 0.000000000000000000e+00 1.600000000000000089e+00 -1.224000000000000045e-03 -3.504000000000000170e-03 9.999930000000000208e-01 -3.529900000000000260e-01 9.356229999999999825e-01 2.847000000000000138e-03 -9.356259999999999577e-01 -3.529840000000000200e-01 -2.382000000000000003e-03
2.400000000000000000e+01 6.300000000000000000e+01 5.400000000000000000e+01 0.000000000000000000e+00 1.600000000000000089e+00 -1.453000000000000081e-03 -1.564000000000000069e-03 9.999980000000000535e-01 -3.499740000000000073e-01 9.367590000000000083e-01 9.569999999999999514e-04 -9.367579999999999796e-01 -3.499720000000000053e-01 -1.909000000000000107e-03
3.000000000000000000e+01 6.300000000000000000e+01 5.400000000000000000e+01 0.000000000000000000e+00 1.600000000000000089e+00 2.984000000000000107e-03 7.952000000000000735e-03 9.999639999999999640e-01 -3.487000000000000099e-01 9.372129999999999628e-01 -6.413000000000000297e-03 -9.372300000000000075e-01 -3.486679999999999779e-01 5.569000000000000165e-03
4.000000000000000000e+00 2.500000000000000000e+01 5.500000000000000000e+01 0.000000000000000000e+00 1.600000000000000089e+00 1.180999999999999975e-03 -2.595000000000000084e-03 -9.999959999999999960e-01 -1.314700000000000070e-02 -9.999099999999999655e-01 2.579000000000000129e-03 -9.999130000000000518e-01 1.314399999999999943e-02 -1.214999999999999934e-03
1.000000000000000000e+01 2.500000000000000000e+01 5.500000000000000000e+01 0.000000000000000000e+00 1.600000000000000089e+00 1.665999999999999946e-03 -4.414999999999999654e-03 -9.999890000000000168e-01 -1.314199999999999917e-02 -9.999040000000000150e-01 4.393000000000000203e-03 -9.999120000000000230e-01 1.313399999999999984e-02 -1.724000000000000055e-03
1.300000000000000000e+01 2.500000000000000000e+01 5.500000000000000000e+01 0.000000000000000000e+00 1.600000000000000089e+00 2.895000000000000004e-03 -5.879999999999999810e-03 -9.999789999999999512e-01 -1.438299999999999995e-02 -9.998799999999999910e-01 5.838000000000000307e-03 -9.998920000000000030e-01 1.436600000000000030e-02 -2.978999999999999877e-03
2.600000000000000000e+01 2.500000000000000000e+01 5.500000000000000000e+01 0.000000000000000000e+00 1.600000000000000089e+00 -1.210000000000000002e-04 -3.482999999999999985e-03 -9.999940000000000495e-01 -1.470199999999999979e-02 -9.998860000000000525e-01 3.484999999999999817e-03 -9.998920000000000030e-01 1.470199999999999979e-02 6.999999999999999387e-05
2.900000000000000000e+01 2.500000000000000000e+01 5.500000000000000000e+01 0.000000000000000000e+00 1.600000000000000089e+00 2.017000000000000130e-03 2.508999999999999946e-03 -9.999949999999999672e-01 -1.477099999999999941e-02 -9.998879999999999990e-01 -2.537999999999999892e-03 -9.998890000000000278e-01 1.477599999999999920e-02 -1.978999999999999856e-03
2.300000000000000000e+01 5.800000000000000000e+01 5.900000000000000000e+01 0.000000000000000000e+00 1.600000000000000089e+00 -3.170000000000000075e-04 -4.209000000000000068e-03 -9.999909999999999632e-01 3.944679999999999853e-01 9.189009999999999678e-01 -3.993000000000000022e-03 9.189100000000000046e-01 -3.944659999999999833e-01 1.368999999999999991e-03
2.000000000000000000e+00 2.100000000000000000e+01 6.000000000000000000e+01 0.000000000000000000e+00 1.600000000000000089e+00 -1.629999999999999939e-03 2.840000000000000185e-04 9.999989999999999712e-01 -9.765300000000000369e-02 9.952199999999999935e-01 -4.420000000000000101e-04 -9.952189999999999648e-01 -9.765400000000000469e-02 -1.595000000000000064e-03
2.700000000000000000e+01 2.100000000000000000e+01 6.000000000000000000e+01 0.000000000000000000e+00 1.600000000000000089e+00 3.605000000000000131e-03 4.271999999999999756e-03 9.999839999999999840e-01 -9.634399999999999908e-02 9.953400000000000025e-01 -3.905000000000000051e-03 -9.953419999999999490e-01 -9.632899999999999796e-02 3.998999999999999951e-03
1.600000000000000000e+01 6.000000000000000000e+00 6.100000000000000000e+01 0.000000000000000000e+00 1.600000000000000089e+00 1.043000000000000090e-03 2.386999999999999799e-03 9.999970000000000248e-01 5.666010000000000213e-01 -8.239910000000000290e-01 1.374999999999999920e-03 8.239919999999999467e-01 5.665980000000000461e-01 -2.211999999999999991e-03
6.000000000000000000e+00 3.000000000000000000e+00 6.300000000000000000e+01 0.000000000000000000e+00 1.600000000000000089e+00 6.669999999999999497e-04 -1.381999999999999982e-03 9.999989999999999712e-01 -6.153999999999999471e-01 7.882139999999999702e-01 1.500000000000000031e-03 -7.882149999999999990e-01 -6.153999999999999471e-01 -3.249999999999999851e-04
4.000000000000000000e+00 2.700000000000000000e+01 6.300000000000000000e+01 0.000000000000000000e+00 1.600000000000000089e+00 2.034999999999999917e-03 2.975000000000000214e-03 9.999940000000000495e-01 -2.678229999999999777e-01 9.634650000000000158e-01 -2.321000000000000146e-03 -9.634660000000000446e-01 -2.678170000000000273e-01 2.758000000000000035e-03
7.000000000000000000e+00 2.700000000000000000e+01 6.300000000000000000e+01 0.000000000000000000e+00 1.600000000000000089e+00 1.765999999999999992e-03 7.643999999999999753e-03 9.999689999999999968e-01 -2.668340000000000156e-01 9.637179999999999636e-01 -6.895000000000000087e-03 -9.637409999999999588e-01 -2.668139999999999956e-01 3.742000000000000100e-03
1.200000000000000000e+01 2.700000000000000000e+01 6.300000000000000000e+01 0.000000000000000000e+00 1.600000000000000089e+00 1.910000000000000022e-03 1.113500000000000080e-02 9.999360000000000470e-01 -2.660460000000000047e-01 9.639060000000000406e-01 -1.022600000000000071e-02 -9.639579999999999815e-01 -2.660100000000000242e-01 4.804000000000000110e-03
1.700000000000000000e+01 2.700000000000000000e+01 6.300000000000000000e+01 0.000000000000000000e+00 1.600000000000000089e+00 -6.560000000000000076e-04 5.931999999999999773e-03 9.999820000000000375e-01 -2.663409999999999944e-01 9.638609999999999678e-01 -5.891999999999999668e-03 -9.638790000000000413e-01 -2.663400000000000212e-01 9.470000000000000336e-04
2.700000000000000000e+01 2.700000000000000000e+01 6.300000000000000000e+01 0.000000000000000000e+00 1.600000000000000089e+00 -6.059999999999999849e-04 -6.771000000000000109e-03 9.999770000000000048e-01 -2.726819999999999800e-01 9.620830000000000215e-01 6.348999999999999609e-03 -9.621039999999999592e-01 -2.726720000000000255e-01 -2.429999999999999868e-03
8.000000000000000000e+00 2.600000000000000000e+01 6.400000000000000000e+01 0.000000000000000000e+00 1.600000000000000089e+00 1.299999999999999940e-03 7.917999999999999691e-03 9.999679999999999680e-01 -3.505829999999999780e-01 9.365059999999999496e-01 -6.958999999999999908e-03 -9.365310000000000024e-01 -3.505630000000000135e-01 3.994000000000000154e-03
1.200000000000000000e+01 2.600000000000000000e+01 6.400000000000000000e+01 0.000000000000000000e+00 1.600000000000000089e+00 2.203999999999999796e-03 1.049199999999999959e-02 9.999430000000000263e-01 -3.481029999999999958e-01 9.374120000000000230e-01 -9.069000000000000672e-03 -9.374540000000000095e-01 -3.480630000000000113e-01 5.717999999999999992e-03
1.700000000000000000e+01 2.600000000000000000e+01 6.400000000000000000e+01 0.000000000000000000e+00 1.600000000000000089e+00 -1.471000000000000085e-03 8.352999999999999314e-03 9.999639999999999640e-01 -3.444240000000000079e-01 9.387769999999999726e-01 -8.347999999999999518e-03 -9.388130000000000086e-01 -3.444240000000000079e-01 1.495999999999999934e-03
2.800000000000000000e+01 2.600000000000000000e+01 6.400000000000000000e+01 0.000000000000000000e+00 1.600000000000000089e+00 3.399999999999999973e-05 -4.277000000000000419e-03 9.999909999999999632e-01 -3.541830000000000256e-01 9.351669999999999705e-01 4.011999999999999941e-03 -9.351760000000000073e-01 -3.541799999999999948e-01 -1.482999999999999943e-03
4.000000000000000000e+00 5.400000000000000000e+01 6.500000000000000000e+01 0.000000000000000000e+00 1.600000000000000089e+00 -3.720350000000000046e-01 -2.572039999999999882e-01 8.918719999999999981e-01 1.197100000000000074e-02 -9.620919999999999472e-01 -2.724610000000000087e-01 9.281420000000000226e-01 -9.068800000000000472e-02 3.610110000000000263e-01
1.000000000000000000e+00 6.900000000000000000e+01 6.600000000000000000e+01 0.000000000000000000e+00 1.600000000000000089e+00 4.829999999999999767e-04 -2.436999999999999930e-03 9.999970000000000248e-01 -9.469710000000000072e-01 3.213170000000000193e-01 1.240999999999999916e-03 -3.213190000000000213e-01 -9.469680000000000319e-01 -2.152999999999999966e-03
1.000000000000000000e+00 2.500000000000000000e+01 7.300000000000000000e+01 0.000000000000000000e+00 1.600000000000000089e+00 3.563999999999999894e-03 5.899999999999999863e-03 9.999759999999999760e-01 7.518580000000000263e-01 -6.593240000000000212e-01 1.209999999999999921e-03 6.593149999999999844e-01 7.518359999999999488e-01 -6.785000000000000232e-03
6.000000000000000000e+00 2.500000000000000000e+01 7.300000000000000000e+01 0.000000000000000000e+00 1.600000000000000089e+00 -4.580000000000000195e-04 -3.320000000000000034e-03 9.999940000000000495e-01 7.516530000000000156e-01 -6.595560000000000311e-01 -1.845999999999999985e-03 6.595579999999999776e-01 7.516479999999999828e-01 2.798000000000000140e-03
1.300000000000000000e+01 2.500000000000000000e+01 7.300000000000000000e+01 0.000000000000000000e+00 1.600000000000000089e+00 -4.679999999999999915e-04 2.556000000000000112e-03 9.999970000000000248e-01 7.469630000000000436e-01 -6.648629999999999818e-01 2.049000000000000040e-03 6.648659999999999570e-01 7.469609999999999861e-01 -1.598000000000000028e-03
1.600000000000000000e+01 2.500000000000000000e+01 7.300000000000000000e+01 0.000000000000000000e+00 1.600000000000000089e+00 -1.791000000000000057e-03 2.160000000000000028e-03 9.999959999999999960e-01 7.466749999999999776e-01 -6.651829999999999687e-01 2.773999999999999990e-03 6.651860000000000550e-01 7.466770000000000351e-01 -4.209999999999999875e-04
2.200000000000000000e+01 2.500000000000000000e+01 7.300000000000000000e+01 0.000000000000000000e+00 1.600000000000000089e+00 1.108000000000000044e-03 1.451000000000000033e-03 9.999980000000000535e-01 7.547110000000000207e-01 -6.560570000000000013e-01 1.160000000000000007e-04 6.560559999999999725e-01 7.547099999999999920e-01 -1.822000000000000052e-03
3.000000000000000000e+01 2.500000000000000000e+01 7.300000000000000000e+01 0.000000000000000000e+00 1.600000000000000089e+00 -1.988000000000000184e-03 4.500000000000000283e-05 9.999980000000000535e-01 7.510029999999999761e-01 -6.602970000000000228e-01 1.521999999999999915e-03 6.602959999999999940e-01 7.510040000000000049e-01 1.278999999999999972e-03
1.600000000000000000e+01 4.400000000000000000e+01 7.300000000000000000e+01 0.000000000000000000e+00 1.600000000000000089e+00 -1.931999999999999907e-03 6.315000000000000301e-03 9.999780000000000335e-01 5.803599999999999731e-02 -9.982940000000000147e-01 6.415999999999999828e-03 9.983130000000000059e-01 5.804700000000000137e-02 1.562000000000000020e-03
2.000000000000000000e+01 4.400000000000000000e+01 7.300000000000000000e+01 0.000000000000000000e+00 1.600000000000000089e+00 -1.502999999999999996e-03 -3.997999999999999818e-03 9.999909999999999632e-01 5.639600000000000168e-02 -9.984009999999999829e-01 -3.906999999999999883e-03 9.984070000000000444e-01 5.639000000000000262e-02 1.726000000000000104e-03
2.700000000000000000e+01 4.400000000000000000e+01 7.300000000000000000e+01 0.000000000000000000e+00 1.600000000000000089e+00 -3.360999999999999838e-03 -2.336999999999999841e-02 9.997209999999999708e-01 5.452900000000000108e-02 -9.982440000000000202e-01 -2.315199999999999897e-02 9.985070000000000334e-01 5.443599999999999828e-02 4.629999999999999567e-03
1.000000000000000000e+00 6.400000000000000000e+01 7.300000000000000000e+01 0.000000000000000000e+00 1.600000000000000089e+00 9.422700000000000520e-02 -8.531410000000000382e-01 -5.131010000000000293e-01 -1.918839999999999990e-01 -5.212940000000000351e-01 8.315249999999999586e-01 -9.768839999999999746e-01 2.010299999999999934e-02 -2.128240000000000132e-01
3.000000000000000000e+00 6.200000000000000000e+01 7.400000000000000000e+01 0.000000000000000000e+00 1.600000000000000089e+00 1.531669999999999976e-01 -9.789170000000000371e-01 -1.351350000000000051e-01 -1.445200000000000096e-01 -1.574669999999999959e-01 9.768919999999999826e-01 -9.775760000000000005e-01 -1.300979999999999914e-01 -1.655909999999999882e-01
2.000000000000000000e+00 6.300000000000000000e+01 7.400000000000000000e+01 0.000000000000000000e+00 1.600000000000000089e+00 1.992770000000000097e-01 -9.397489999999999455e-01 -2.777780000000000249e-01 -1.333110000000000128e-01 -3.068259999999999876e-01 9.423829999999999707e-01 -9.708329999999999460e-01 -1.507650000000000101e-01 -1.864220000000000044e-01
2.300000000000000000e+01 5.100000000000000000e+01 7.600000000000000000e+01 0.000000000000000000e+00 1.600000000000000089e+00 -9.309999999999999699e-04 -5.355000000000000385e-03 -9.999850000000000128e-01 -3.925730000000000053e-01 -9.197060000000000235e-01 5.290999999999999696e-03 -9.197210000000000107e-01 3.925719999999999765e-01 -1.245999999999999929e-03
3.000000000000000000e+00 5.900000000000000000e+01 7.600000000000000000e+01 0.000000000000000000e+00 1.600000000000000089e+00 -2.822259999999999769e-01 -9.063379999999999770e-01 -3.144830000000000125e-01 2.155940000000000079e-01 2.595049999999999857e-01 -9.413700000000000401e-01 9.348090000000000011e-01 -3.334790000000000254e-01 1.221620000000000067e-01
6.000000000000000000e+00 9.100000000000000000e+01 7.600000000000000000e+01 0.000000000000000000e+00 1.600000000000000089e+00 8.279999999999999600e-04 1.580000000000000024e-03 9.999980000000000535e-01 3.809159999999999768e-01 -9.246090000000000142e-01 1.146000000000000100e-03 9.246090000000000142e-01 3.809139999999999748e-01 -1.366999999999999943e-03
1.300000000000000000e+01 9.100000000000000000e+01 7.600000000000000000e+01 0.000000000000000000e+00 1.600000000000000089e+00 -3.009999999999999980e-04 3.640000000000000115e-04 1.000000000000000000e+00 3.817400000000000237e-01 -9.242700000000000360e-01 4.510000000000000120e-04 9.242700000000000360e-01 3.817400000000000237e-01 1.389999999999999905e-04
