7.000000000000000000e+00 2.500000000000000000e+01 1.000000000000000000e+00 0.000000000000000000e+00 1.600000000000000089e+00 -1.312999999999999931e-03 -1.673999999999999924e-03 -9.999980000000000535e-01 -5.350409999999999888e-01 -8.448240000000000194e-01 2.116999999999999958e-03 -8.448250000000000481e-01 5.350420000000000176e-01 2.130000000000000003e-04
1.300000000000000000e+01 2.500000000000000000e+01 1.000000000000000000e+00 0.000000000000000000e+00 1.600000000000000089e+00 -9.210000000000000521e-04 -1.513000000000000022e-03 -9.999980000000000535e-01 -5.301270000000000149e-01 -8.479170000000000318e-01 1.771000000000000005e-03 -8.479179999999999495e-01 5.301270000000000149e-01 -2.099999999999999884e-05
2.000000000000000000e+01 2.500000000000000000e+01 1.000000000000000000e+00 0.000000000000000000e+00 1.600000000000000089e+00 -1.699999999999999987e-05 -1.536000000000000039e-03 -9.999989999999999712e-01 -5.300829999999999709e-01 -8.479449999999999488e-01 1.312000000000000015e-03 -8.479459999999999775e-01 5.300829999999999709e-01 -8.000000000000000383e-04
2.700000000000000000e+01 2.500000000000000000e+01 1.000000000000000000e+00 0.000000000000000000e+00 1.600000000000000089e+00 -1.540000000000000028e-04 -1.804999999999999964e-03 -9.999980000000000535e-01 -5.300479999999999636e-01 -8.479659999999999975e-01 1.611999999999999935e-03 -8.479680000000000550e-01 5.300470000000000459e-01 -8.260000000000000198e-04
2.400000000000000000e+01 3.000000000000000000e+00 4.000000000000000000e+00 0.000000000000000000e+00 1.600000000000000089e+00 -1.212150000000000033e-01 -3.324699999999999878e-02 -9.920689999999999786e-01 -8.340189999999999548e-01 -5.385389999999999899e-01 1.199520000000000031e-01 -5.382559999999999567e-01 8.419450000000000545e-01 3.755000000000000004e-02
5.000000000000000000e+00 1.500000000000000000e+01 4.000000000000000000e+00 0.000000000000000000e+00 1.600000000000000089e+00 2.249999999999999830e-03 6.381999999999999652e-03 9.999770000000000048e-01 3.230790000000000051e-01 -9.463570000000000038e-01 5.313000000000000014e-03 9.463690000000000158e-01 3.230589999999999851e-01 -4.191000000000000281e-03
1.300000000000000000e+01 1.500000000000000000e+01 4.000000000000000000e+00 0.000000000000000000e+00 1.600000000000000089e+00 -4.270999999999999623e-03 -9.627000000000000141e-03 9.999449999999999728e-01 3.200790000000000024e-01 -9.473589999999999511e-01 -7.753999999999999608e-03 9.473810000000000286e-01 3.200290000000000079e-01 7.127999999999999788e-03
1.800000000000000000e+01 1.500000000000000000e+01 4.000000000000000000e+00 0.000000000000000000e+00 1.600000000000000089e+00 2.030000000000000012e-04 -1.015600000000000010e-02 9.999479999999999480e-01 3.156129999999999769e-01 -9.488379999999999592e-01 -9.700999999999999554e-03 9.488879999999999537e-01 3.155990000000000184e-01 3.013000000000000053e-03
4.000000000000000000e+00 1.600000000000000000e+01 4.000000000000000000e+00 0.000000000000000000e+00 1.600000000000000089e+00 9.049999999999999885e-04 4.564999999999999614e-03 9.999890000000000168e-01 3.954659999999999842e-01 -9.184729999999999839e-01 3.834999999999999867e-03 9.184799999999999631e-01 3.954579999999999762e-01 -2.635999999999999888e-03
2.300000000000000000e+01 1.600000000000000000e+01 4.000000000000000000e+00 0.000000000000000000e+00 1.600000000000000089e+00 3.555000000000000000e-03 -2.533999999999999794e-03 9.999900000000000455e-01 3.951709999999999945e-01 -9.185999999999999721e-01 -3.732000000000000074e-03 9.186010000000000009e-01 3.951799999999999757e-01 -2.263999999999999953e-03
3.000000000000000000e+00 1.010000000000000000e+02 7.000000000000000000e+00 0.000000000000000000e+00 1.600000000000000089e+00 2.847000000000000138e-03 -1.452699999999999998e-02 9.998899999999999455e-01 8.861670000000000380e-01 4.633470000000000089e-01 4.207999999999999935e-03 -4.633570000000000189e-01 8.860580000000000123e-01 1.419300000000000075e-02
9.000000000000000000e+00 1.010000000000000000e+02 7.000000000000000000e+00 0.000000000000000000e+00 1.600000000000000089e+00 -6.160000000000000111e-04 -1.479500000000000086e-02 9.998899999999999455e-01 8.894440000000000124e-01 4.569869999999999766e-01 7.309999999999999658e-03 -4.570449999999999791e-01 8.893510000000000026e-01 1.287800000000000056e-02
1.300000000000000000e+01 1.010000000000000000e+02 7.000000000000000000e+00 0.000000000000000000e+00 1.600000000000000089e+00 1.134000000000000025e-03 -1.461299999999999925e-02 9.998930000000000318e-01 8.890400000000000524e-01 4.577950000000000075e-01 5.682000000000000418e-03 -4.578280000000000127e-01 8.889380000000000059e-01 1.350999999999999944e-02
2.800000000000000000e+01 1.010000000000000000e+02 7.000000000000000000e+00 0.000000000000000000e+00 1.600000000000000089e+00 -1.270999999999999994e-03 -1.322000000000000041e-03 9.999980000000000535e-01 8.891809999999999992e-01 4.575520000000000143e-01 1.734999999999999997e-03 -4.575529999999999875e-01 8.891820000000000279e-01 5.940000000000000184e-04
5.000000000000000000e+00 2.500000000000000000e+01 8.000000000000000000e+00 0.000000000000000000e+00 1.600000000000000089e+00 4.290000000000000193e-04 1.631000000000000071e-03 -9.999989999999999712e-01 4.497039999999999926e-01 8.931759999999999700e-01 1.649999999999999991e-03 8.931780000000000275e-01 -4.497039999999999926e-01 -3.499999999999999964e-04
1.000000000000000000e+01 2.500000000000000000e+01 8.000000000000000000e+00 0.000000000000000000e+00 1.600000000000000089e+00 2.760999999999999999e-03 1.108000000000000044e-03 -9.999959999999999960e-01 4.499750000000000139e-01 8.930390000000000272e-01 2.232000000000000043e-03 8.930369999999999697e-01 -4.499790000000000179e-01 1.966999999999999998e-03
1.600000000000000000e+01 2.500000000000000000e+01 8.000000000000000000e+00 0.000000000000000000e+00 1.600000000000000089e+00 -4.499999999999999877e-04 5.671999999999999958e-03 -9.999839999999999840e-01 4.445569999999999800e-01 8.957370000000000054e-01 4.880999999999999922e-03 8.957500000000000462e-01 -4.445479999999999987e-01 -2.923999999999999950e-03
2.300000000000000000e+01 2.500000000000000000e+01 8.000000000000000000e+00 0.000000000000000000e+00 1.600000000000000089e+00 1.048000000000000103e-03 -1.832999999999999994e-03 -9.999980000000000535e-01 4.449230000000000129e-01 8.955680000000000307e-01 -1.175999999999999962e-03 8.955680000000000307e-01 -4.449210000000000109e-01 1.753999999999999917e-03
2.500000000000000000e+01 2.500000000000000000e+01 8.000000000000000000e+00 0.000000000000000000e+00 1.600000000000000089e+00 3.719999999999999891e-04 -1.440000000000000036e-04 -1.000000000000000000e+00 4.449080000000000257e-01 8.955760000000000387e-01 3.600000000000000091e-05 8.955760000000000387e-01 -4.449080000000000257e-01 3.970000000000000005e-04
5.000000000000000000e+00 2.400000000000000000e+01 9.000000000000000000e+00 0.000000000000000000e+00 1.600000000000000089e+00 4.470000000000000232e-04 6.369999999999999794e-04 -1.000000000000000000e+00 4.546379999999999866e-01 8.906760000000000232e-01 7.699999999999999597e-04 8.906760000000000232e-01 -4.546390000000000153e-01 1.079999999999999960e-04
8.000000000000000000e+00 2.400000000000000000e+01 9.000000000000000000e+00 0.000000000000000000e+00 1.600000000000000089e+00 1.203000000000000076e-03 1.912999999999999987e-03 -9.999970000000000248e-01 4.554279999999999995e-01 8.902700000000000058e-01 2.250999999999999963e-03 8.902719999999999523e-01 -4.554300000000000015e-01 2.000000000000000096e-04
1.100000000000000000e+01 2.400000000000000000e+01 9.000000000000000000e+00 0.000000000000000000e+00 1.600000000000000089e+00 2.736000000000000151e-03 4.899999999999999842e-04 -9.999959999999999960e-01 4.550150000000000028e-01 8.904819999999999958e-01 1.681999999999999901e-03 8.904790000000000205e-01 -4.550179999999999780e-01 2.213999999999999822e-03
1.700000000000000000e+01 2.400000000000000000e+01 9.000000000000000000e+00 0.000000000000000000e+00 1.600000000000000089e+00 -1.129999999999999955e-04 6.821999999999999939e-03 -9.999770000000000048e-01 4.498360000000000136e-01 8.930909999999999682e-01 6.041999999999999628e-03 8.931109999999999882e-01 -4.498249999999999749e-01 -3.170000000000000075e-03
2.200000000000000000e+01 2.400000000000000000e+01 9.000000000000000000e+00 0.000000000000000000e+00 1.600000000000000089e+00 9.120000000000000502e-04 -3.275000000000000133e-03 -9.999940000000000495e-01 4.509560000000000235e-01 8.925429999999999753e-01 -2.511999999999999910e-03 8.925459999999999505e-01 -4.509509999999999907e-01 2.289999999999999935e-03
2.600000000000000000e+01 2.400000000000000000e+01 9.000000000000000000e+00 0.000000000000000000e+00 1.600000000000000089e+00 1.100000000000000039e-04 2.730000000000000222e-04 -1.000000000000000000e+00 4.509569999999999967e-01 8.925459999999999505e-01 2.939999999999999905e-04 8.925459999999999505e-01 -4.509569999999999967e-01 -2.500000000000000120e-05
2.000000000000000000e+00 3.100000000000000000e+01 1.200000000000000000e+01 0.000000000000000000e+00 1.600000000000000089e+00 3.024999999999999911e-03 3.200000000000000262e-04 9.999949999999999672e-01 -1.106700000000000045e-02 9.999390000000000223e-01 -2.869999999999999830e-04 -9.999339999999999895e-01 -1.106599999999999945e-02 3.027999999999999876e-03
1.900000000000000000e+01 3.100000000000000000e+01 1.200000000000000000e+01 0.000000000000000000e+00 1.600000000000000089e+00 2.347000000000000128e-03 -3.199000000000000021e-03 9.999919999999999920e-01 -5.801999999999999866e-03 9.999780000000000335e-01 3.212000000000000011e-03 -9.999799999999999800e-01 -5.808999999999999928e-03 2.328999999999999907e-03
2.900000000000000000e+01 3.100000000000000000e+01 1.200000000000000000e+01 0.000000000000000000e+00 1.600000000000000089e+00 -5.739999999999999660e-04 -1.943999999999999981e-03 9.999980000000000535e-01 1.206999999999999957e-03 9.999970000000000248e-01 1.944999999999999897e-03 -9.999989999999999712e-01 1.208000000000000089e-03 -5.710000000000000015e-04
1.000000000000000000e+00 3.500000000000000000e+01 1.200000000000000000e+01 0.000000000000000000e+00 1.600000000000000089e+00 3.242999999999999789e-03 -4.445000000000000166e-03 -9.999850000000000128e-01 4.967360000000000109e-01 -8.678850000000000176e-01 5.467999999999999770e-03 -8.678960000000000008e-01 -4.967460000000000209e-01 -6.070000000000000092e-04
5.000000000000000000e+00 3.500000000000000000e+01 1.200000000000000000e+01 0.000000000000000000e+00 1.600000000000000089e+00 6.525000000000000418e-03 -5.124000000000000082e-03 -9.999660000000000215e-01 4.928980000000000028e-01 -8.700529999999999653e-01 7.674000000000000266e-03 -8.700620000000000021e-01 -4.929319999999999813e-01 -3.151000000000000155e-03
1.000000000000000000e+01 3.500000000000000000e+01 1.200000000000000000e+01 0.000000000000000000e+00 1.600000000000000089e+00 6.650000000000000095e-04 -1.810000000000000085e-04 -1.000000000000000000e+00 5.104239999999999888e-01 -8.599229999999999929e-01 4.949999999999999973e-04 -8.599229999999999929e-01 -5.104239999999999888e-01 -4.789999999999999879e-04
1.400000000000000000e+01 3.500000000000000000e+01 1.200000000000000000e+01 0.000000000000000000e+00 1.600000000000000089e+00 -1.851999999999999914e-03 -3.699999999999999947e-04 -9.999980000000000535e-01 5.262790000000000523e-01 -8.503119999999999568e-01 -6.599999999999999964e-04 -8.503100000000000103e-01 -5.262799999999999701e-01 1.768999999999999956e-03
2.100000000000000000e+01 3.500000000000000000e+01 1.200000000000000000e+01 0.000000000000000000e+00 1.600000000000000089e+00 2.272999999999999847e-03 6.405000000000000103e-03 -9.999770000000000048e-01 5.385590000000000099e-01 -8.425780000000000491e-01 -4.172999999999999626e-03 -8.425850000000000284e-01 -5.385370000000000434e-01 -5.364999999999999977e-03
2.400000000000000000e+01 3.500000000000000000e+01 1.200000000000000000e+01 0.000000000000000000e+00 1.600000000000000089e+00 7.739999999999999485e-04 4.714999999999999573e-03 -9.999890000000000168e-01 5.480300000000000171e-01 -8.364519999999999733e-01 -3.520000000000000125e-03 -8.364589999999999526e-01 -5.480209999999999804e-01 -3.232000000000000064e-03
2.800000000000000000e+01 3.500000000000000000e+01 1.200000000000000000e+01 0.000000000000000000e+00 1.600000000000000089e+00 -4.004999999999999880e-03 4.695999999999999654e-03 -9.999810000000000088e-01 5.539859999999999784e-01 -8.325029999999999930e-01 -6.127999999999999767e-03 -8.325160000000000338e-01 -5.540000000000000480e-01 7.320000000000000118e-04
2.400000000000000000e+01 3.200000000000000000e+01 1.400000000000000000e+01 0.000000000000000000e+00 1.600000000000000089e+00 -1.322999999999999957e-03 2.455999999999999850e-03 -9.999959999999999960e-01 9.964699999999999946e-02 9.950200000000000156e-01 2.311999999999999819e-03 9.950219999999999620e-01 -9.964399999999999646e-02 -1.561000000000000104e-03
3.000000000000000000e+01 3.200000000000000000e+01 1.400000000000000000e+01 0.000000000000000000e+00 1.600000000000000089e+00 1.521999999999999915e-03 -1.059999999999999961e-03 -9.999980000000000535e-01 1.008000000000000007e-01 9.949059999999999571e-01 -9.020000000000000240e-04 9.949059999999999571e-01 -1.007979999999999987e-01 1.621999999999999961e-03
3.000000000000000000e+00 1.200000000000000000e+01 1.500000000000000000e+01 0.000000000000000000e+00 1.600000000000000089e+00 6.350000000000000392e-04 -2.110000000000000059e-04 -1.000000000000000000e+00 -4.674630000000000174e-01 -8.840130000000000488e-01 -1.100000000000000039e-04 -8.840120000000000200e-01 4.674630000000000174e-01 -6.599999999999999964e-04
9.000000000000000000e+00 1.200000000000000000e+01 1.500000000000000000e+01 0.000000000000000000e+00 1.600000000000000089e+00 3.440000000000000132e-04 -4.671999999999999938e-03 -9.999890000000000168e-01 -4.679090000000000193e-01 -8.837669999999999693e-01 3.969000000000000306e-03 -8.837760000000000060e-01 4.679030000000000133e-01 -2.490000000000000026e-03
1.400000000000000000e+01 1.200000000000000000e+01 1.500000000000000000e+01 0.000000000000000000e+00 1.600000000000000089e+00 -9.070000000000000371e-04 -2.779999999999999919e-03 -9.999959999999999960e-01 -4.666609999999999925e-01 -8.844309999999999672e-01 2.882000000000000013e-03 -8.844359999999999999e-01 4.666620000000000212e-01 -4.949999999999999973e-04
2.000000000000000000e+01 1.200000000000000000e+01 1.500000000000000000e+01 0.000000000000000000e+00 1.600000000000000089e+00 1.304000000000000038e-03 -1.685999999999999999e-03 -9.999980000000000535e-01 -4.669499999999999762e-01 -8.842839999999999590e-01 8.819999999999999715e-04 -8.842830000000000412e-01 4.669470000000000010e-01 -1.941000000000000017e-03
2.900000000000000000e+01 1.200000000000000000e+01 1.500000000000000000e+01 0.000000000000000000e+00 1.600000000000000089e+00 5.919999999999999698e-04 -1.071100000000000003e-02 -9.999419999999999975e-01 -4.720179999999999931e-01 -8.815410000000000190e-01 9.164000000000000271e-03 -8.815880000000000383e-01 4.719860000000000166e-01 -5.577999999999999625e-03
1.400000000000000000e+01 1.100000000000000000e+01 1.600000000000000000e+01 0.000000000000000000e+00 1.600000000000000089e+00 -4.220000000000000118e-04 -3.487000000000000082e-03 -9.999940000000000495e-01 -4.082799999999999763e-01 -9.128500000000000503e-01 3.356000000000000042e-03 -9.128570000000000295e-01 4.082790000000000030e-01 -1.038000000000000077e-03
1.800000000000000000e+01 1.100000000000000000e+01 1.600000000000000000e+01 0.000000000000000000e+00 1.600000000000000089e+00 1.201000000000000028e-03 -4.794999999999999783e-03 -9.999879999999999880e-01 -4.086759999999999837e-01 -9.126710000000000100e-01 3.884999999999999998e-03 -9.126790000000000180e-01 4.086659999999999737e-01 -3.056000000000000123e-03
2.400000000000000000e+01 1.100000000000000000e+01 1.600000000000000000e+01 0.000000000000000000e+00 1.600000000000000089e+00 1.709000000000000016e-03 2.981000000000000143e-03 -9.999940000000000495e-01 -4.125079999999999858e-01 -9.109479999999999800e-01 -3.419999999999999863e-03 -9.109519999999999840e-01 4.125110000000000166e-01 -3.269999999999999795e-04
3.000000000000000000e+01 1.100000000000000000e+01 1.600000000000000000e+01 0.000000000000000000e+00 1.600000000000000089e+00 1.167999999999999984e-03 -1.255299999999999992e-02 -9.999200000000000310e-01 -4.140389999999999904e-01 -9.101930000000000298e-01 1.094299999999999960e-02 -9.102580000000000116e-01 4.139929999999999999e-01 -6.261000000000000072e-03
3.000000000000000000e+00 1.160000000000000000e+02 1.600000000000000000e+01 0.000000000000000000e+00 1.600000000000000089e+00 -3.301000000000000115e-03 -1.270999999999999994e-03 9.999940000000000495e-01 7.066310000000000091e-01 7.075749999999999540e-01 3.232000000000000064e-03 -7.075749999999999540e-01 7.066369999999999596e-01 -1.438000000000000042e-03
1.400000000000000000e+01 1.160000000000000000e+02 1.600000000000000000e+01 0.000000000000000000e+00 1.600000000000000089e+00 -2.820000000000000241e-04 4.939999999999999730e-04 1.000000000000000000e+00 7.600949999999999651e-01 6.498129999999999740e-01 -1.060000000000000016e-04 -6.498119999999999452e-01 7.600940000000000474e-01 -5.590000000000000351e-04
1.800000000000000000e+01 1.160000000000000000e+02 1.600000000000000000e+01 0.000000000000000000e+00 1.600000000000000089e+00 3.029999999999999924e-04 -1.016999999999999892e-03 9.999989999999999712e-01 7.617329999999999934e-01 6.478909999999999947e-01 4.279999999999999950e-04 -6.478909999999999947e-01 7.617319999999999647e-01 9.709999999999999664e-04
6.000000000000000000e+00 2.000000000000000000e+00 1.900000000000000000e+01 0.000000000000000000e+00 1.600000000000000089e+00 5.419000000000000206e-03 1.550200000000000015e-02 -9.998650000000000038e-01 2.533909999999999774e-01 -9.672680000000000167e-01 -1.362299999999999969e-02 -9.673490000000000144e-01 -2.532829999999999804e-01 -9.169999999999999332e-03
1.400000000000000000e+01 2.000000000000000000e+00 1.900000000000000000e+01 0.000000000000000000e+00 1.600000000000000089e+00 -6.415999999999999828e-03 -2.566799999999999984e-02 -9.996500000000000385e-01 2.713169999999999749e-01 -9.622159999999999602e-01 2.296600000000000030e-02 -9.624690000000000190e-01 -2.710739999999999816e-01 1.313800000000000037e-02
2.200000000000000000e+01 2.000000000000000000e+00 1.900000000000000000e+01 0.000000000000000000e+00 1.600000000000000089e+00 7.762999999999999935e-03 -2.961700000000000096e-02 -9.995309999999999473e-01 2.609449999999999825e-01 -9.648679999999999479e-01 3.061699999999999838e-02 -9.653220000000000134e-01 -2.610609999999999875e-01 2.380000000000000117e-04
2.500000000000000000e+01 2.000000000000000000e+00 1.900000000000000000e+01 0.000000000000000000e+00 1.600000000000000089e+00 1.381300000000000062e-02 -2.068199999999999900e-02 -9.996909999999999963e-01 2.537670000000000203e-01 -9.669799999999999507e-01 2.351200000000000165e-02 -9.671669999999999989e-01 -2.540140000000000176e-01 -8.108000000000000623e-03
3.000000000000000000e+01 3.000000000000000000e+00 1.900000000000000000e+01 0.000000000000000000e+00 1.600000000000000089e+00 2.009999999999999981e-02 1.949999999999999910e-03 -9.997960000000000180e-01 2.668050000000000144e-01 -9.637440000000000451e-01 3.484000000000000118e-03 -9.635409999999999808e-01 -2.668209999999999749e-01 -1.989099999999999896e-02
2.900000000000000000e+01 4.000000000000000000e+00 2.000000000000000000e+01 0.000000000000000000e+00 1.600000000000000089e+00 1.165899999999999923e-02 5.399000000000000153e-03 -9.999169999999999447e-01 3.959829999999999739e-01 -9.182580000000000187e-01 -3.409999999999999945e-04 -9.181840000000000002e-01 -3.959460000000000202e-01 -1.284399999999999951e-02
3.000000000000000000e+00 1.300000000000000000e+01 2.000000000000000000e+01 0.000000000000000000e+00 1.600000000000000089e+00 5.839999999999999922e-04 -1.162000000000000055e-03 9.999989999999999712e-01 2.620160000000000267e-01 9.650630000000000042e-01 9.680000000000000019e-04 -9.650630000000000042e-01 2.620149999999999979e-01 8.679999999999999565e-04
1.000000000000000000e+01 1.300000000000000000e+01 2.000000000000000000e+01 0.000000000000000000e+00 1.600000000000000089e+00 5.699999999999999772e-04 -4.910000000000000085e-04 1.000000000000000000e+00 2.590439999999999965e-01 9.658649999999999736e-01 3.269999999999999795e-04 -9.658649999999999736e-01 2.590439999999999965e-01 6.780000000000000002e-04
1.500000000000000000e+01 1.300000000000000000e+01 2.000000000000000000e+01 0.000000000000000000e+00 1.600000000000000089e+00 7.900000000000000121e-04 1.312999999999999931e-03 9.999989999999999712e-01 2.597249999999999837e-01 9.656820000000000404e-01 -1.472999999999999917e-03 -9.656820000000000404e-01 2.597260000000000124e-01 4.220000000000000118e-04
2.100000000000000000e+01 1.300000000000000000e+01 2.000000000000000000e+01 0.000000000000000000e+00 1.600000000000000089e+00 -6.800000000000000488e-04 -2.021999999999999926e-03 9.999980000000000535e-01 2.591840000000000255e-01 9.658259999999999623e-01 2.128999999999999816e-03 -9.658280000000000198e-01 2.591849999999999987e-01 -1.320000000000000101e-04
2.500000000000000000e+01 1.300000000000000000e+01 2.000000000000000000e+01 0.000000000000000000e+00 1.600000000000000089e+00 2.770000000000000110e-04 -2.060999999999999898e-03 9.999980000000000535e-01 2.607940000000000258e-01 9.653920000000000279e-01 1.918000000000000000e-03 -9.653939999999999744e-01 2.607929999999999970e-01 8.050000000000000515e-04
2.800000000000000000e+01 5.000000000000000000e+01 2.200000000000000000e+01 0.000000000000000000e+00 1.600000000000000089e+00 2.671000000000000197e-03 4.789999999999999879e-04 -9.999959999999999960e-01 -5.772140000000000049e-01 8.165919999999999845e-01 -1.150999999999999896e-03 8.165879999999999805e-01 5.772150000000000336e-01 2.458000000000000115e-03
3.000000000000000000e+00 3.000000000000000000e+00 2.500000000000000000e+01 0.000000000000000000e+00 1.600000000000000089e+00 -7.254000000000000031e-03 6.359999999999999551e-04 9.999730000000000008e-01 -3.618699999999999695e-02 -9.993450000000000388e-01 3.730000000000000134e-04 9.993189999999999573e-01 -3.618299999999999988e-02 7.271999999999999818e-03
9.000000000000000000e+00 3.000000000000000000e+00 2.500000000000000000e+01 0.000000000000000000e+00 1.600000000000000089e+00 -2.339999999999999958e-04 6.618999999999999884e-03 9.999780000000000335e-01 -3.330500000000000127e-02 -9.994229999999999503e-01 6.608000000000000158e-03 9.994450000000000278e-01 -3.330299999999999927e-02 4.550000000000000008e-04
1.900000000000000000e+01 3.000000000000000000e+00 2.500000000000000000e+01 0.000000000000000000e+00 1.600000000000000089e+00 -9.060000000000000128e-04 -4.937999999999999681e-03 9.999869999999999592e-01 -4.791299999999999726e-02 -9.988390000000000324e-01 -4.976000000000000388e-03 9.988510000000000444e-01 -4.791700000000000126e-02 6.689999999999999983e-04
2.500000000000000000e+01 3.000000000000000000e+00 2.500000000000000000e+01 0.000000000000000000e+00 1.600000000000000089e+00 6.620000000000000450e-04 -1.781000000000000031e-03 9.999980000000000535e-01 -3.384800000000000308e-02 -9.994250000000000078e-01 -1.757000000000000098e-03 9.994269999999999543e-01 -3.384700000000000208e-02 -7.219999999999999855e-04
2.700000000000000000e+01 3.000000000000000000e+00 2.500000000000000000e+01 0.000000000000000000e+00 1.600000000000000089e+00 2.139999999999999975e-03 -4.519999999999999821e-04 9.999980000000000535e-01 -3.163300000000000139e-02 -9.994990000000000263e-01 -3.849999999999999798e-04 9.994969999999999688e-01 -3.163200000000000039e-02 -2.152999999999999966e-03
1.300000000000000000e+01 4.600000000000000000e+01 3.000000000000000000e+01 0.000000000000000000e+00 1.600000000000000089e+00 -9.349999999999999587e-04 -1.054999999999999948e-03 -9.999989999999999712e-01 3.285179999999999767e-01 9.444970000000000310e-01 -1.302999999999999905e-03 9.444970000000000310e-01 -3.285190000000000055e-01 -5.360000000000000181e-04
1.900000000000000000e+01 4.600000000000000000e+01 3.000000000000000000e+01 0.000000000000000000e+00 1.600000000000000089e+00 2.171000000000000187e-03 1.355000000000000085e-03 -9.999970000000000248e-01 3.303780000000000050e-01 9.438469999999999915e-01 1.997000000000000077e-03 9.438459999999999628e-01 -3.303809999999999802e-01 1.601999999999999908e-03
6.000000000000000000e+00 5.800000000000000000e+01 3.100000000000000000e+01 0.000000000000000000e+00 1.600000000000000089e+00 5.180000000000000143e-04 5.198000000000000363e-03 9.999860000000000415e-01 -7.698399999999999688e-01 -6.382259999999999600e-01 3.716000000000000119e-03 6.382360000000000255e-01 -7.698319999999999608e-01 3.670999999999999784e-03
1.400000000000000000e+01 5.800000000000000000e+01 3.100000000000000000e+01 0.000000000000000000e+00 1.600000000000000089e+00 -1.536999999999999955e-03 -3.278999999999999797e-03 9.999930000000000208e-01 -7.669399999999999551e-01 -6.417100000000000026e-01 -3.282999999999999894e-03 6.417169999999999819e-01 -7.669399999999999551e-01 -1.528000000000000061e-03
1.800000000000000000e+01 5.800000000000000000e+01 3.100000000000000000e+01 0.000000000000000000e+00 1.600000000000000089e+00 -1.613999999999999983e-03 -3.883999999999999866e-03 9.999909999999999632e-01 -7.688880000000000159e-01 -6.393729999999999691e-01 -3.723999999999999880e-03 6.393820000000000059e-01 -7.688869999999999871e-01 -1.955000000000000140e-03
2.000000000000000000e+01 5.800000000000000000e+01 3.100000000000000000e+01 0.000000000000000000e+00 1.600000000000000089e+00 -1.235999999999999903e-03 -3.808000000000000187e-03 9.999919999999999920e-01 -7.693630000000000191e-01 -6.388030000000000097e-01 -3.383000000000000156e-03 6.388110000000000177e-01 -7.693609999999999616e-01 -2.139999999999999975e-03
2.800000000000000000e+01 5.800000000000000000e+01 3.100000000000000000e+01 0.000000000000000000e+00 1.600000000000000089e+00 -1.730000000000000038e-04 -5.529999999999999976e-04 1.000000000000000000e+00 -7.732499999999999929e-01 -6.341020000000000545e-01 -4.840000000000000010e-04 6.341020000000000545e-01 -7.732499999999999929e-01 -3.170000000000000075e-04
6.000000000000000000e+00 4.600000000000000000e+01 3.500000000000000000e+01 0.000000000000000000e+00 1.600000000000000089e+00 1.802999999999999915e-03 -1.234000000000000071e-03 -9.999980000000000535e-01 3.932410000000000072e-01 -9.194339999999999735e-01 1.843999999999999936e-03 -9.194339999999999735e-01 -3.932430000000000092e-01 -1.172000000000000082e-03
1.400000000000000000e+01 4.600000000000000000e+01 3.500000000000000000e+01 0.000000000000000000e+00 1.600000000000000089e+00 3.750000000000000078e-04 -1.041999999999999958e-03 -9.999989999999999712e-01 3.926950000000000163e-01 -9.196680000000000410e-01 1.105999999999999995e-03 -9.196689999999999587e-01 -3.926950000000000163e-01 6.499999999999999431e-05
1.800000000000000000e+01 4.600000000000000000e+01 3.500000000000000000e+01 0.000000000000000000e+00 1.600000000000000089e+00 -1.659999999999999963e-04 -1.041000000000000042e-03 -9.999989999999999712e-01 3.912479999999999847e-01 -9.202850000000000197e-01 8.930000000000000221e-04 -9.202850000000000197e-01 -3.912479999999999847e-01 5.599999999999999509e-04
2.500000000000000000e+01 4.600000000000000000e+01 3.500000000000000000e+01 0.000000000000000000e+00 1.600000000000000089e+00 -4.279999999999999950e-04 -2.445999999999999824e-03 -9.999970000000000248e-01 3.901830000000000020e-01 -9.207349999999999701e-01 2.085000000000000048e-03 -9.207370000000000276e-01 -3.901810000000000000e-01 1.348000000000000023e-03
4.000000000000000000e+00 3.000000000000000000e+00 4.300000000000000000e+01 0.000000000000000000e+00 1.600000000000000089e+00 -3.000000000000000076e-05 -3.362099999999999811e-02 -9.994349999999999623e-01 7.448360000000000536e-01 -6.668709999999999916e-01 2.241100000000000037e-02 -6.672470000000000345e-01 -7.444150000000000489e-01 2.506200000000000094e-02
6.000000000000000000e+00 3.000000000000000000e+00 4.300000000000000000e+01 0.000000000000000000e+00 1.600000000000000089e+00 -4.011999999999999941e-03 -2.855699999999999905e-02 -9.995840000000000281e-01 7.483699999999999797e-01 -6.630899999999999572e-01 1.593999999999999931e-02 -6.632700000000000262e-01 -7.479949999999999655e-01 2.403200000000000128e-02
1.300000000000000000e+01 3.000000000000000000e+00 4.300000000000000000e+01 0.000000000000000000e+00 1.600000000000000089e+00 -9.990000000000001049e-04 2.320099999999999940e-02 -9.997300000000000075e-01 7.539280000000000426e-01 -6.567619999999999569e-01 -1.599599999999999980e-02 -6.569559999999999844e-01 -7.537409999999999943e-01 -1.683600000000000027e-02
2.000000000000000000e+01 3.000000000000000000e+00 4.300000000000000000e+01 0.000000000000000000e+00 1.600000000000000089e+00 -4.840000000000000010e-04 6.575000000000000115e-03 -9.999780000000000335e-01 7.408869999999999623e-01 -6.716119999999999868e-01 -4.774999999999999731e-03 -6.716290000000000315e-01 -7.408740000000000325e-01 -4.545999999999999694e-03
6.000000000000000000e+00 8.000000000000000000e+00 4.400000000000000000e+01 0.000000000000000000e+00 1.600000000000000089e+00 -5.111000000000000092e-03 -1.176499999999999942e-02 9.999179999999999735e-01 -7.835520000000000262e-01 -6.212239999999999984e-01 -1.131399999999999940e-02 6.213060000000000249e-01 -7.835450000000000470e-01 -6.042999999999999761e-03
1.300000000000000000e+01 8.000000000000000000e+00 4.400000000000000000e+01 0.000000000000000000e+00 1.600000000000000089e+00 2.344999999999999862e-03 5.292999999999999962e-03 9.999829999999999552e-01 -7.894039999999999946e-01 -6.138529999999999820e-01 5.100000000000000366e-03 6.138700000000000268e-01 -7.894029999999999658e-01 2.737999999999999982e-03
1.700000000000000000e+01 8.000000000000000000e+00 4.400000000000000000e+01 0.000000000000000000e+00 1.600000000000000089e+00 3.896000000000000157e-03 5.126999999999999613e-03 9.999789999999999512e-01 -7.897830000000000128e-01 -6.133539999999999548e-01 6.222000000000000100e-03 6.133739999999999748e-01 -7.897910000000000208e-01 1.660000000000000017e-03
2.100000000000000000e+01 8.000000000000000000e+00 4.400000000000000000e+01 0.000000000000000000e+00 1.600000000000000089e+00 2.115999999999999825e-03 3.811000000000000151e-03 9.999900000000000455e-01 -7.904290000000000482e-01 -6.125399999999999734e-01 4.007000000000000145e-03 6.125500000000000389e-01 -7.904299999999999660e-01 1.716000000000000077e-03
2.000000000000000000e+00 2.900000000000000000e+01 4.400000000000000000e+01 0.000000000000000000e+00 1.600000000000000089e+00 -2.200000000000000133e-03 9.699999999999999963e-05 -9.999980000000000535e-01 6.467530000000000223e-01 7.626990000000000158e-01 -1.348999999999999939e-03 7.626969999999999583e-01 -6.467540000000000511e-01 -1.740999999999999926e-03
7.000000000000000000e+00 2.900000000000000000e+01 4.400000000000000000e+01 0.000000000000000000e+00 1.600000000000000089e+00 1.069999999999999988e-03 -4.369999999999999970e-04 -9.999989999999999712e-01 6.514630000000000143e-01 7.586800000000000210e-01 3.649999999999999816e-04 7.586789999999999923e-01 -6.514630000000000143e-01 1.095999999999999969e-03
1.600000000000000000e+01 2.900000000000000000e+01 4.400000000000000000e+01 0.000000000000000000e+00 1.600000000000000089e+00 8.549999999999999658e-04 5.580000000000000107e-04 -1.000000000000000000e+00 6.568950000000000067e-01 7.539810000000000123e-01 9.820000000000000170e-04 7.539820000000000411e-01 -6.568960000000000354e-01 2.779999999999999811e-04
2.000000000000000000e+01 2.900000000000000000e+01 4.400000000000000000e+01 0.000000000000000000e+00 1.600000000000000089e+00 4.600000000000000004e-05 -9.129999999999999661e-04 -1.000000000000000000e+00 6.562170000000000503e-01 7.545720000000000205e-01 -6.589999999999999721e-04 7.545720000000000205e-01 -6.562170000000000503e-01 6.340000000000000149e-04
2.300000000000000000e+01 2.900000000000000000e+01 4.400000000000000000e+01 0.000000000000000000e+00 1.600000000000000089e+00 -1.111000000000000008e-03 -2.050000000000000173e-03 -9.999970000000000248e-01 6.550249999999999684e-01 7.556040000000000534e-01 -2.275999999999999811e-03 7.556070000000000286e-01 -6.550259999999999971e-01 5.029999999999999749e-04
2.900000000000000000e+01 2.900000000000000000e+01 4.400000000000000000e+01 0.000000000000000000e+00 1.600000000000000089e+00 1.595000000000000064e-03 2.305999999999999890e-03 -9.999959999999999960e-01 6.508990000000000054e-01 7.591599999999999460e-01 2.788999999999999813e-03 7.591630000000000322e-01 -6.509000000000000341e-01 -2.900000000000000017e-04
2.600000000000000000e+01 6.500000000000000000e+01 4.600000000000000000e+01 0.000000000000000000e+00 1.600000000000000089e+00 3.295000000000000186e-03 -1.417999999999999990e-03 9.999940000000000495e-01 6.806539999999999813e-01 -7.325970000000000537e-01 -3.281000000000000062e-03 7.325970000000000537e-01 6.806609999999999605e-01 -1.448999999999999984e-03
9.000000000000000000e+00 7.000000000000000000e+01 4.700000000000000000e+01 0.000000000000000000e+00 1.600000000000000089e+00 1.843000000000000020e-03 -5.936000000000000304e-03 -9.999810000000000088e-01 -8.427639999999999576e-01 -5.382810000000000095e-01 1.642000000000000013e-03 -5.382799999999999807e-01 8.427440000000000486e-01 -5.995000000000000329e-03
4.000000000000000000e+00 5.000000000000000000e+00 5.100000000000000000e+01 0.000000000000000000e+00 1.600000000000000089e+00 -3.222000000000000038e-03 -1.662599999999999842e-02 -9.998569999999999958e-01 4.784510000000000152e-01 -8.780170000000000474e-01 1.305800000000000016e-02 -8.781079999999999997e-01 -4.783399999999999874e-01 1.078400000000000018e-02
1.000000000000000000e+01 5.000000000000000000e+00 5.100000000000000000e+01 0.000000000000000000e+00 1.600000000000000089e+00 1.925999999999999978e-03 5.086000000000000243e-03 -9.999850000000000128e-01 4.727899999999999880e-01 -8.811679999999999513e-01 -3.570999999999999956e-03 -8.811729999999999841e-01 -4.727759999999999740e-01 -4.101999999999999744e-03
2.100000000000000000e+01 5.000000000000000000e+00 5.100000000000000000e+01 0.000000000000000000e+00 1.600000000000000089e+00 6.710000000000000469e-04 8.592999999999999944e-03 -9.999630000000000463e-01 4.668459999999999832e-01 -8.843090000000000117e-01 -7.285999999999999942e-03 -8.843379999999999574e-01 -4.668240000000000167e-01 -4.604999999999999719e-03
2.800000000000000000e+01 6.000000000000000000e+00 5.100000000000000000e+01 0.000000000000000000e+00 1.600000000000000089e+00 -6.000000000000000152e-05 1.073900000000000028e-02 -9.999419999999999975e-01 2.868200000000000194e-01 -9.579290000000000305e-01 -1.030499999999999992e-02 -9.579839999999999467e-01 -2.868040000000000034e-01 -3.023000000000000079e-03
1.200000000000000000e+01 1.150000000000000000e+02 5.100000000000000000e+01 0.000000000000000000e+00 1.600000000000000089e+00 6.560000000000000076e-04 2.320000000000000014e-04 1.000000000000000000e+00 8.484099999999999975e-01 -5.293400000000000327e-01 -4.339999999999999782e-04 5.293390000000000040e-01 8.484099999999999975e-01 -5.450000000000000200e-04
2.800000000000000000e+01 7.000000000000000000e+00 5.200000000000000000e+01 0.000000000000000000e+00 1.600000000000000089e+00 1.814999999999999990e-03 7.212999999999999794e-03 -9.999719999999999720e-01 4.012299999999999894e-02 -9.991689999999999738e-01 -7.134999999999999849e-03 -9.991929999999999978e-01 -4.010899999999999882e-02 -2.102999999999999835e-03
5.000000000000000000e+00 6.300000000000000000e+01 5.400000000000000000e+01 0.000000000000000000e+00 1.600000000000000089e+00 1.268999999999999946e-03 -3.110000000000000243e-04 9.999989999999999712e-01 -3.365239999999999898e-01 9.416750000000000398e-01 7.200000000000000453e-04 -9.416740000000000110e-01 -3.365239999999999898e-01 1.090000000000000040e-03
1.000000000000000000e+01 6.300000000000000000e+01 5.400000000000000000e+01 0.000000000000000000e+00 1.600000000000000089e+00 1.698000000000000074e-03 -9.049999999999999885e-04 9.999980000000000535e-01 -3.400460000000000149e-01 9.404080000000000217e-01 1.428000000000000016e-03 -9.404069999999999929e-01 -3.400480000000000169e-01 1.288999999999999998e-03
1.500000000000000000e+01 6.300000000000000000e+01 5.400000000000000000e+01 0.000000000000000000e+00 1.600000000000000089e+00 1.776000000000000018e-03 1.044999999999999922e-03 9.999980000000000535e-01 -3.463109999999999800e-01 9.381199999999999539e-01 -3.660000000000000059e-04 -9.381180000000000074e-01 -3.463089999999999780e-01 2.027999999999999855e-03
2.400000000000000000e+01 6.300000000000000000e+01 5.400000000000000000e+01 0.000000000000000000e+00 1.600000000000000089e+00 -9.020000000000000240e-04 -6.660000000000000338e-04 9.999989999999999712e-01 -3.473180000000000156e-01 9.377469999999999972e-01 3.110000000000000243e-04 -9.377469999999999972e-01 -3.473169999999999868e-01 -1.077000000000000049e-03
2.900000000000000000e+01 6.300000000000000000e+01 5.400000000000000000e+01 0.000000000000000000e+00 1.600000000000000089e+00 -5.479999999999999845e-04 -1.438000000000000042e-03 9.999989999999999712e-01 -3.482080000000000175e-01 9.374160000000000270e-01 1.157000000000000042e-03 -9.374169999999999447e-01 -3.482069999999999887e-01 -1.013999999999999927e-03
3.000000000000000000e+00 2.500000000000000000e+01 5.500000000000000000e+01 0.000000000000000000e+00 1.600000000000000089e+00 1.693999999999999976e-03 3.059000000000000087e-03 -9.999940000000000495e-01 -1.297300000000000016e-02 -9.999109999999999943e-01 -3.080999999999999971e-03 -9.999139999999999695e-01 1.297799999999999995e-02 -1.654000000000000088e-03
9.000000000000000000e+00 2.500000000000000000e+01 5.500000000000000000e+01 0.000000000000000000e+00 1.600000000000000089e+00 9.950000000000000077e-04 4.458000000000000157e-03 -9.999900000000000455e-01 -9.990999999999999881e-03 -9.999400000000000510e-01 -4.467999999999999750e-03 -9.999500000000000055e-01 9.995000000000000412e-03 -9.510000000000000224e-04
2.800000000000000000e+01 2.500000000000000000e+01 5.500000000000000000e+01 0.000000000000000000e+00 1.600000000000000089e+00 2.186000000000000009e-03 2.527999999999999865e-03 -9.999940000000000495e-01 -2.013699999999999865e-02 -9.997939999999999605e-01 -2.572000000000000067e-03 -9.997949999999999893e-01 2.014300000000000118e-02 -2.134000000000000046e-03
7.000000000000000000e+00 2.100000000000000000e+01 6.000000000000000000e+01 0.000000000000000000e+00 1.600000000000000089e+00 1.789999999999999870e-04 -1.490000000000000005e-03 9.999989999999999712e-01 -9.522999999999999521e-02 9.954539999999999500e-01 1.500000000000000031e-03 -9.954549999999999788e-01 -9.522999999999999521e-02 3.699999999999999811e-05
1.100000000000000000e+01 2.100000000000000000e+01 6.000000000000000000e+01 0.000000000000000000e+00 1.600000000000000089e+00 -7.730000000000000326e-04 -5.749999999999999903e-04 1.000000000000000000e+00 -9.469500000000000139e-02 9.955060000000000020e-01 4.989999999999999861e-04 -9.955060000000000020e-01 -9.469400000000000039e-02 -8.239999999999999712e-04
1.400000000000000000e+01 2.100000000000000000e+01 6.000000000000000000e+01 0.000000000000000000e+00 1.600000000000000089e+00 -1.739000000000000094e-03 -3.642999999999999971e-03 9.999919999999999920e-01 -9.550200000000000355e-02 9.954229999999999468e-01 3.459999999999999968e-03 -9.954279999999999795e-01 -9.549499999999999655e-02 -2.079000000000000119e-03
1.800000000000000000e+01 2.100000000000000000e+01 6.000000000000000000e+01 0.000000000000000000e+00 1.600000000000000089e+00 -3.420000000000000188e-04 2.150000000000000001e-03 9.999980000000000535e-01 -9.551900000000000668e-02 9.954250000000000043e-01 -2.173000000000000018e-03 -9.954279999999999795e-01 -9.551900000000000668e-02 -1.350000000000000017e-04
2.000000000000000000e+01 2.100000000000000000e+01 6.000000000000000000e+01 0.000000000000000000e+00 1.600000000000000089e+00 7.919999999999999523e-04 5.047000000000000271e-03 9.999869999999999592e-01 -9.461799999999999378e-02 9.955009999999999692e-01 -4.949000000000000274e-03 -9.955129999999999812e-01 -9.461300000000000265e-02 1.265999999999999981e-03
