1.000000000000000000e+01 2.500000000000000000e+01 1.000000000000000000e+00 0.000000000000000000e+00 1.600000000000000089e+00 3.591000000000000008e-03 3.348999999999999980e-03 -9.999879999999999880e-01 -5.434870000000000534e-01 -8.394040000000000390e-01 -4.762999999999999873e-03 -8.394099999999999895e-01 5.434970000000000079e-01 -1.193999999999999966e-03
6.000000000000000000e+00 1.500000000000000000e+01 4.000000000000000000e+00 0.000000000000000000e+00 1.600000000000000089e+00 -7.540000000000000044e-04 3.725000000000000012e-03 9.999930000000000208e-01 2.872560000000000113e-01 -9.578459999999999752e-01 3.784000000000000037e-03 9.578539999999999832e-01 2.872569999999999846e-01 -3.480000000000000020e-04
1.800000000000000000e+01 1.500000000000000000e+01 4.000000000000000000e+00 0.000000000000000000e+00 1.600000000000000089e+00 2.187999999999999841e-03 4.723999999999999901e-03 9.999860000000000415e-01 2.902239999999999820e-01 -9.569509999999999961e-01 3.886000000000000131e-03 9.569560000000000288e-01 2.902120000000000255e-01 -3.465000000000000198e-03
2.400000000000000000e+01 1.500000000000000000e+01 4.000000000000000000e+00 0.000000000000000000e+00 1.600000000000000089e+00 8.530000000000000256e-04 1.037300000000000028e-02 9.999460000000000015e-01 2.930820000000000092e-01 -9.560380000000000544e-01 9.667000000000000245e-03 9.560870000000000202e-01 2.930579999999999852e-01 -3.856000000000000053e-03
3.000000000000000000e+00 1.600000000000000000e+01 4.000000000000000000e+00 0.000000000000000000e+00 1.600000000000000089e+00 -4.635000000000000231e-03 9.999999999999999547e-07 9.999890000000000168e-01 3.562130000000000019e-01 -9.344029999999999836e-01 1.652000000000000040e-03 9.343930000000000291e-01 3.562159999999999771e-01 4.330999999999999781e-03
8.000000000000000000e+00 1.600000000000000000e+01 4.000000000000000000e+00 0.000000000000000000e+00 1.600000000000000089e+00 -4.780000000000000178e-04 5.622000000000000261e-03 9.999839999999999840e-01 3.520699999999999941e-01 -9.359579999999999567e-01 5.431000000000000064e-03 9.359739999999999727e-01 3.520670000000000188e-01 -1.531999999999999942e-03
1.200000000000000000e+01 1.600000000000000000e+01 4.000000000000000000e+00 0.000000000000000000e+00 1.600000000000000089e+00 -8.059999999999999673e-04 4.466000000000000351e-03 9.999900000000000455e-01 3.529519999999999880e-01 -9.356309999999999905e-01 4.462999999999999953e-03 9.356409999999999449e-01 3.529519999999999880e-01 -8.220000000000000310e-04
2.100000000000000000e+01 1.600000000000000000e+01 4.000000000000000000e+00 0.000000000000000000e+00 1.600000000000000089e+00 5.990000000000000316e-04 9.048999999999999752e-03 9.999590000000000423e-01 3.563310000000000088e-01 -9.343240000000000434e-01 8.241999999999999327e-03 9.343599999999999683e-01 3.563109999999999888e-01 -3.784000000000000037e-03
2.800000000000000000e+01 1.600000000000000000e+01 4.000000000000000000e+00 0.000000000000000000e+00 1.600000000000000089e+00 -1.051999999999999984e-03 1.347300000000000060e-02 9.999090000000000478e-01 3.575519999999999810e-01 -9.338030000000000497e-01 1.295900000000000003e-02 9.338929999999999731e-01 3.575329999999999897e-01 -3.834999999999999867e-03
4.000000000000000000e+00 1.010000000000000000e+02 7.000000000000000000e+00 0.000000000000000000e+00 1.600000000000000089e+00 1.281999999999999936e-03 -6.625999999999999945e-03 9.999770000000000048e-01 8.872029999999999639e-01 4.613749999999999796e-01 1.920000000000000049e-03 -4.613780000000000103e-01 8.871799999999999686e-01 6.470000000000000057e-03
9.000000000000000000e+00 1.010000000000000000e+02 7.000000000000000000e+00 0.000000000000000000e+00 1.600000000000000089e+00 -8.059999999999999673e-04 7.239999999999999908e-03 9.999730000000000008e-01 8.881470000000000198e-01 4.595520000000000160e-01 -2.612000000000000172e-03 -4.595580000000000220e-01 8.881219999999999670e-01 -6.800999999999999754e-03
1.400000000000000000e+01 1.010000000000000000e+02 7.000000000000000000e+00 0.000000000000000000e+00 1.600000000000000089e+00 -2.073999999999999889e-03 -5.165999999999999585e-03 9.999850000000000128e-01 8.890519999999999534e-01 4.577869999999999995e-01 4.209000000000000068e-03 -4.578019999999999867e-01 8.890470000000000317e-01 3.642999999999999971e-03
1.900000000000000000e+01 1.010000000000000000e+02 7.000000000000000000e+00 0.000000000000000000e+00 1.600000000000000089e+00 1.312999999999999931e-03 -7.651999999999999948e-03 9.999700000000000255e-01 8.865389999999999660e-01 4.626469999999999749e-01 2.376000000000000074e-03 -4.626509999999999789e-01 8.865100000000000202e-01 7.392000000000000133e-03
6.000000000000000000e+00 1.500000000000000000e+01 8.000000000000000000e+00 0.000000000000000000e+00 1.600000000000000089e+00 2.528999999999999998e-03 7.215000000000000059e-03 -9.999710000000000543e-01 -5.838029999999999609e-01 -8.118619999999999726e-01 -7.334000000000000241e-03 -8.118910000000000293e-01 5.838050000000000184e-01 2.158999999999999895e-03
1.300000000000000000e+01 1.500000000000000000e+01 8.000000000000000000e+00 0.000000000000000000e+00 1.600000000000000089e+00 1.886000000000000090e-03 2.756999999999999902e-03 -9.999940000000000495e-01 -5.842509999999999648e-01 -8.115660000000000096e-01 -3.338999999999999954e-03 -8.115710000000000424e-01 5.842540000000000511e-01 8.000000000000000654e-05
1.600000000000000000e+01 1.500000000000000000e+01 8.000000000000000000e+00 0.000000000000000000e+00 1.600000000000000089e+00 -5.760000000000000146e-04 1.760999999999999979e-03 -9.999980000000000535e-01 -5.849499999999999700e-01 -8.110680000000000112e-01 -1.092000000000000089e-03 -8.110690000000000399e-01 5.849490000000000522e-01 1.497000000000000067e-03
2.100000000000000000e+01 1.500000000000000000e+01 8.000000000000000000e+00 0.000000000000000000e+00 1.600000000000000089e+00 1.807000000000000012e-03 9.211999999999999703e-03 -9.999559999999999560e-01 -5.857419999999999849e-01 -8.104529999999999790e-01 -8.524999999999999592e-03 -8.104959999999999942e-01 5.857310000000000016e-01 3.930999999999999599e-03
2.500000000000000000e+01 1.500000000000000000e+01 8.000000000000000000e+00 0.000000000000000000e+00 1.600000000000000089e+00 1.629999999999999939e-03 9.362000000000000530e-03 -9.999550000000000383e-01 -5.850589999999999957e-01 -8.109459999999999447e-01 -8.547000000000000777e-03 -8.109889999999999599e-01 5.850459999999999550e-01 4.154999999999999839e-03
2.900000000000000000e+01 1.500000000000000000e+01 8.000000000000000000e+00 0.000000000000000000e+00 1.600000000000000089e+00 3.462999999999999932e-03 1.469499999999999973e-02 -9.998860000000000525e-01 -5.837149999999999839e-01 -8.118379999999999486e-01 -1.395300000000000012e-02 -8.119509999999999783e-01 5.836970000000000214e-01 5.767000000000000424e-03
7.000000000000000000e+00 2.600000000000000000e+01 8.000000000000000000e+00 0.000000000000000000e+00 1.600000000000000089e+00 -3.834999999999999867e-03 -1.417299999999999983e-02 -9.998920000000000030e-01 4.075889999999999791e-01 9.130500000000000282e-01 -1.450500000000000053e-02 9.131580000000000252e-01 -4.076000000000000179e-01 2.275000000000000112e-03
1.100000000000000000e+01 2.600000000000000000e+01 8.000000000000000000e+00 0.000000000000000000e+00 1.600000000000000089e+00 -2.164000000000000125e-03 -6.991999999999999951e-03 -9.999730000000000008e-01 4.087939999999999907e-01 9.125980000000000203e-01 -7.265999999999999889e-03 9.126239999999999908e-01 -4.087979999999999947e-01 8.829999999999999958e-04
1.700000000000000000e+01 2.600000000000000000e+01 8.000000000000000000e+00 0.000000000000000000e+00 1.600000000000000089e+00 -8.300000000000000086e-04 3.278999999999999797e-03 -9.999940000000000495e-01 4.090550000000000019e-01 9.125060000000000393e-01 2.651999999999999844e-03 9.125090000000000146e-01 -4.090500000000000247e-01 -2.099000000000000171e-03
1.000000000000000000e+00 2.400000000000000000e+01 9.000000000000000000e+00 0.000000000000000000e+00 1.600000000000000089e+00 -3.480000000000000020e-03 -1.231100000000000076e-02 -9.999179999999999735e-01 4.586879999999999846e-01 8.885089999999999932e-01 -1.253499999999999927e-02 8.885910000000000197e-01 -4.586939999999999906e-01 2.554999999999999979e-03
6.000000000000000000e+00 2.400000000000000000e+01 9.000000000000000000e+00 0.000000000000000000e+00 1.600000000000000089e+00 -4.219999999999999793e-03 -1.690200000000000036e-02 -9.998479999999999590e-01 4.588639999999999941e-01 8.883450000000000513e-01 -1.695400000000000032e-02 8.884969999999999812e-01 -4.588659999999999961e-01 4.006000000000000012e-03
1.300000000000000000e+01 2.400000000000000000e+01 9.000000000000000000e+00 0.000000000000000000e+00 1.600000000000000089e+00 -1.855000000000000095e-03 -2.651000000000000145e-03 -9.999949999999999672e-01 4.619779999999999998e-01 8.868859999999999522e-01 -3.207999999999999914e-03 8.868890000000000384e-01 -4.619820000000000038e-01 -4.200000000000000174e-04
2.200000000000000000e+01 2.400000000000000000e+01 9.000000000000000000e+00 0.000000000000000000e+00 1.600000000000000089e+00 -8.159999999999999936e-04 -5.169999999999999899e-04 -1.000000000000000000e+00 4.627839999999999732e-01 8.864710000000000090e-01 -8.360000000000000460e-04 8.864710000000000090e-01 -4.627850000000000019e-01 -4.840000000000000010e-04
2.700000000000000000e+01 2.400000000000000000e+01 9.000000000000000000e+00 0.000000000000000000e+00 1.600000000000000089e+00 -2.590000000000000071e-04 -6.019999999999999961e-04 -1.000000000000000000e+00 4.603570000000000162e-01 8.877329999999999943e-01 -6.530000000000000431e-04 8.877340000000000231e-01 -4.603570000000000162e-01 4.699999999999999724e-05
2.400000000000000000e+01 1.020000000000000000e+02 9.000000000000000000e+00 0.000000000000000000e+00 1.600000000000000089e+00 -8.620000000000000275e-04 7.745000000000000148e-03 9.999700000000000255e-01 9.223369999999999624e-01 3.863809999999999745e-01 -2.197000000000000168e-03 -3.863860000000000072e-01 9.223069999999999879e-01 -7.477000000000000139e-03
1.000000000000000000e+01 3.100000000000000000e+01 1.200000000000000000e+01 0.000000000000000000e+00 1.600000000000000089e+00 -8.400000000000000348e-04 -1.851999999999999914e-03 9.999980000000000535e-01 -2.348700000000000093e-02 9.997219999999999995e-01 1.832000000000000078e-03 -9.997239999999999460e-01 -2.348599999999999993e-02 -8.829999999999999958e-04
1.500000000000000000e+01 3.500000000000000000e+01 1.200000000000000000e+01 0.000000000000000000e+00 1.600000000000000089e+00 1.299000000000000024e-03 -5.224999999999999610e-03 -9.999850000000000128e-01 4.695489999999999942e-01 -8.828909999999999814e-01 5.224000000000000345e-03 -8.829059999999999686e-01 -4.695489999999999942e-01 1.306000000000000086e-03
2.100000000000000000e+01 3.500000000000000000e+01 1.200000000000000000e+01 0.000000000000000000e+00 1.600000000000000089e+00 1.154999999999999994e-03 -6.727000000000000340e-03 -9.999770000000000048e-01 4.495680000000000232e-01 -8.932219999999999605e-01 6.527999999999999949e-03 -8.932449999999999557e-01 -4.495649999999999924e-01 1.991999999999999847e-03
2.800000000000000000e+01 3.500000000000000000e+01 1.200000000000000000e+01 0.000000000000000000e+00 1.600000000000000089e+00 -1.672000000000000092e-03 -1.085000000000000027e-03 -9.999980000000000535e-01 4.349979999999999958e-01 -9.004309999999999814e-01 2.500000000000000052e-04 -9.004299999999999526e-01 -4.349970000000000225e-01 1.978000000000000157e-03
1.800000000000000000e+01 4.000000000000000000e+00 1.300000000000000000e+01 0.000000000000000000e+00 1.600000000000000089e+00 3.759999999999999779e-04 -2.202459999999999973e-01 9.754439999999999777e-01 -1.021539999999999948e-01 9.703330000000000011e-01 2.191309999999999925e-01 -9.947690000000000143e-01 -9.972799999999999720e-02 -2.213400000000000090e-02
4.000000000000000000e+00 1.200000000000000000e+01 1.500000000000000000e+01 0.000000000000000000e+00 1.600000000000000089e+00 4.920000000000000328e-04 -5.580000000000000107e-04 -1.000000000000000000e+00 -4.668930000000000025e-01 -8.843140000000000445e-01 2.640000000000000202e-04 -8.843130000000000157e-01 4.668930000000000025e-01 -6.960000000000000041e-04
1.100000000000000000e+01 1.200000000000000000e+01 1.500000000000000000e+01 0.000000000000000000e+00 1.600000000000000089e+00 2.712000000000000001e-03 -9.060000000000000128e-04 -9.999959999999999960e-01 -4.677020000000000066e-01 -8.838859999999999495e-01 -4.679999999999999915e-04 -8.838819999999999455e-01 4.677009999999999779e-01 -2.821000000000000157e-03
1.400000000000000000e+01 1.200000000000000000e+01 1.500000000000000000e+01 0.000000000000000000e+00 1.600000000000000089e+00 2.475999999999999902e-03 -4.260000000000000006e-04 -9.999970000000000248e-01 -4.680219999999999936e-01 -8.837169999999999748e-01 -7.829999999999999504e-04 -8.837129999999999708e-01 4.680219999999999936e-01 -2.386999999999999799e-03
1.600000000000000000e+01 1.200000000000000000e+01 1.500000000000000000e+01 0.000000000000000000e+00 1.600000000000000089e+00 1.497999999999999983e-03 -4.299999999999999894e-04 -9.999989999999999712e-01 -4.682520000000000016e-01 -8.835950000000000193e-01 -3.220000000000000206e-04 -8.835939999999999905e-01 4.682509999999999728e-01 -1.523999999999999964e-03
2.700000000000000000e+01 1.200000000000000000e+01 1.500000000000000000e+01 0.000000000000000000e+00 1.600000000000000089e+00 1.943999999999999981e-03 2.161000000000000160e-03 -9.999959999999999960e-01 -4.691620000000000235e-01 -8.831080000000000041e-01 -2.820000000000000024e-03 -8.831099999999999506e-01 4.691660000000000275e-01 -7.029999999999999574e-04
4.000000000000000000e+00 1.100000000000000000e+01 1.600000000000000000e+01 0.000000000000000000e+00 1.600000000000000089e+00 2.449999999999999921e-04 -5.099999999999999960e-05 -1.000000000000000000e+00 -4.189919999999999756e-01 -9.079899999999999638e-01 -5.599999999999999916e-05 -9.079899999999999638e-01 4.189919999999999756e-01 -2.439999999999999949e-04
7.000000000000000000e+00 1.100000000000000000e+01 1.600000000000000000e+01 0.000000000000000000e+00 1.600000000000000089e+00 1.652000000000000040e-03 -2.020000000000000040e-04 -9.999989999999999712e-01 -4.194370000000000043e-01 -9.077840000000000353e-01 -5.100000000000000366e-04 -9.077830000000000066e-01 4.194370000000000043e-01 -1.585000000000000037e-03
1.300000000000000000e+01 1.100000000000000000e+01 1.600000000000000000e+01 0.000000000000000000e+00 1.600000000000000089e+00 2.284000000000000006e-03 5.630000000000000239e-04 -9.999970000000000248e-01 -4.203509999999999747e-01 -9.073600000000000554e-01 -1.471000000000000085e-03 -9.073590000000000266e-01 4.203529999999999767e-01 -1.835999999999999958e-03
1.000000000000000000e+01 1.160000000000000000e+02 1.600000000000000000e+01 0.000000000000000000e+00 1.600000000000000089e+00 9.810000000000001011e-04 1.525000000000000097e-03 9.999980000000000535e-01 7.343460000000000543e-01 6.787729999999999597e-01 -1.755999999999999965e-03 -6.787739999999999885e-01 7.343469999999999720e-01 -4.539999999999999765e-04
2.200000000000000000e+01 1.160000000000000000e+02 1.600000000000000000e+01 0.000000000000000000e+00 1.600000000000000089e+00 -3.079000000000000140e-03 -3.565000000000000027e-03 9.999890000000000168e-01 6.926130000000000342e-01 7.212939999999999907e-01 4.703999999999999848e-03 -7.213019999999999987e-01 6.926200000000000134e-01 2.489999999999999809e-04
3.000000000000000000e+00 2.000000000000000000e+00 1.900000000000000000e+01 0.000000000000000000e+00 1.600000000000000089e+00 -2.961000000000000090e-03 3.707999999999999925e-03 -9.999890000000000168e-01 1.716110000000000135e-01 -9.851560000000000317e-01 -4.160999999999999768e-03 -9.851600000000000357e-01 -1.716209999999999958e-01 2.279999999999999909e-03
9.000000000000000000e+00 2.000000000000000000e+00 1.900000000000000000e+01 0.000000000000000000e+00 1.600000000000000089e+00 -1.959999999999999937e-03 9.190000000000000252e-03 -9.999559999999999560e-01 1.750960000000000016e-01 -9.845070000000000210e-01 -9.391000000000000042e-03 -9.845490000000000075e-01 -1.751070000000000126e-01 3.200000000000000262e-04
1.400000000000000000e+01 2.000000000000000000e+00 1.900000000000000000e+01 0.000000000000000000e+00 1.600000000000000089e+00 -8.633999999999999314e-03 2.396600000000000119e-02 -9.996760000000000090e-01 1.850580000000000003e-01 -9.824060000000000015e-01 -2.514999999999999875e-02 -9.826899999999999524e-01 -1.852149999999999908e-01 4.047000000000000250e-03
2.400000000000000000e+01 2.000000000000000000e+00 1.900000000000000000e+01 0.000000000000000000e+00 1.600000000000000089e+00 -8.503999999999999407e-03 1.302299999999999985e-02 -9.998789999999999623e-01 2.093409999999999993e-01 -9.777350000000000207e-01 -1.451500000000000012e-02 -9.778059999999999530e-01 -2.094389999999999863e-01 5.588000000000000085e-03
2.700000000000000000e+01 2.000000000000000000e+00 1.900000000000000000e+01 0.000000000000000000e+00 1.600000000000000089e+00 -2.232000000000000043e-03 7.820000000000000562e-03 -9.999670000000000503e-01 2.077829999999999955e-01 -9.781410000000000382e-01 -8.113000000000000420e-03 -9.781720000000000415e-01 -2.077940000000000065e-01 5.580000000000000107e-04
2.000000000000000000e+00 4.000000000000000000e+00 2.000000000000000000e+01 0.000000000000000000e+00 1.600000000000000089e+00 -3.289999999999999956e-03 4.839000000000000419e-03 -9.999829999999999552e-01 2.554989999999999761e-01 -9.667940000000000422e-01 -5.518999999999999601e-03 -9.668039999999999967e-01 -2.555129999999999901e-01 1.944999999999999897e-03
6.000000000000000000e+00 4.000000000000000000e+00 2.000000000000000000e+01 0.000000000000000000e+00 1.600000000000000089e+00 5.349999999999999938e-04 1.289999999999999914e-04 -1.000000000000000000e+00 2.523230000000000195e-01 -9.676430000000000309e-01 1.000000000000000082e-05 -9.676430000000000309e-01 -2.523230000000000195e-01 -5.500000000000000331e-04
3.000000000000000000e+00 1.300000000000000000e+01 2.000000000000000000e+01 0.000000000000000000e+00 1.600000000000000089e+00 5.429999999999999714e-04 -1.417999999999999990e-03 9.999989999999999712e-01 2.528610000000000024e-01 9.675019999999999731e-01 1.234999999999999987e-03 -9.675030000000000019e-01 2.528599999999999737e-01 8.840000000000000201e-04
7.000000000000000000e+00 1.300000000000000000e+01 2.000000000000000000e+01 0.000000000000000000e+00 1.600000000000000089e+00 -2.439999999999999949e-04 -3.101000000000000024e-03 9.999949999999999672e-01 2.535930000000000129e-01 9.673059999999999992e-01 3.062000000000000052e-03 -9.673110000000000319e-01 2.535930000000000129e-01 5.500000000000000331e-04
1.300000000000000000e+01 1.300000000000000000e+01 2.000000000000000000e+01 0.000000000000000000e+00 1.600000000000000089e+00 -6.200000000000000270e-05 -6.093999999999999591e-03 9.999810000000000088e-01 2.506419999999999759e-01 9.680619999999999781e-01 5.915000000000000119e-03 -9.680800000000000516e-01 2.506380000000000274e-01 1.466999999999999988e-03
1.900000000000000000e+01 1.300000000000000000e+01 2.000000000000000000e+01 0.000000000000000000e+00 1.600000000000000089e+00 -7.699999999999999597e-04 -5.334000000000000200e-03 9.999850000000000128e-01 2.479830000000000090e-01 9.687489999999999712e-01 5.357999999999999916e-03 -9.687639999999999585e-01 2.479840000000000100e-01 5.760000000000000146e-04
2.900000000000000000e+01 1.300000000000000000e+01 2.000000000000000000e+01 0.000000000000000000e+00 1.600000000000000089e+00 1.255999999999999955e-03 4.070000000000000267e-04 9.999989999999999712e-01 2.464729999999999976e-01 9.691490000000000382e-01 -7.039999999999999817e-04 -9.691490000000000382e-01 2.464739999999999986e-01 1.116999999999999937e-03
4.000000000000000000e+00 1.600000000000000000e+01 2.100000000000000000e+01 0.000000000000000000e+00 1.600000000000000089e+00 7.259999999999999743e-04 6.849999999999999535e-04 9.999989999999999712e-01 3.002000000000000224e-01 9.538759999999999462e-01 -8.720000000000000537e-04 -9.538759999999999462e-01 3.002009999999999956e-01 4.870000000000000197e-04
1.000000000000000000e+01 1.600000000000000000e+01 2.100000000000000000e+01 0.000000000000000000e+00 1.600000000000000089e+00 -4.800000000000000122e-04 -4.015999999999999605e-03 9.999919999999999920e-01 2.993739999999999735e-01 9.541269999999999474e-01 3.976000000000000367e-03 -9.541359999999999841e-01 2.993739999999999735e-01 7.450000000000000025e-04
1.300000000000000000e+01 1.600000000000000000e+01 2.100000000000000000e+01 0.000000000000000000e+00 1.600000000000000089e+00 -6.139999999999999625e-04 -9.192000000000000517e-03 9.999580000000000135e-01 2.994390000000000107e-01 9.540739999999999776e-01 8.954000000000000153e-03 -9.541150000000000464e-01 2.994310000000000027e-01 2.167000000000000089e-03
1.800000000000000000e+01 1.600000000000000000e+01 2.100000000000000000e+01 0.000000000000000000e+00 1.600000000000000089e+00 -1.306000000000000086e-03 -6.445000000000000208e-03 9.999780000000000335e-01 2.989959999999999840e-01 9.542319999999999691e-01 6.540999999999999939e-03 -9.542530000000000179e-01 2.989979999999999860e-01 6.800000000000000488e-04
1.600000000000000000e+01 5.000000000000000000e+01 2.200000000000000000e+01 0.000000000000000000e+00 1.600000000000000089e+00 -4.000000000000000192e-04 -3.203000000000000118e-03 -9.999949999999999672e-01 -5.800149999999999473e-01 8.146020000000000483e-01 -2.377000000000000206e-03 8.146060000000000523e-01 5.800110000000000543e-01 -2.184000000000000177e-03
2.900000000000000000e+01 3.000000000000000000e+00 2.500000000000000000e+01 0.000000000000000000e+00 1.600000000000000089e+00 -1.445000000000000104e-03 -7.029999999999999574e-04 9.999989999999999712e-01 5.367000000000000243e-03 -9.999850000000000128e-01 -6.949999999999999798e-04 9.999850000000000128e-01 5.366000000000000110e-03 1.448999999999999984e-03
5.000000000000000000e+00 4.600000000000000000e+01 2.700000000000000000e+01 0.000000000000000000e+00 1.600000000000000089e+00 -2.345999999999999995e-03 -1.959999999999999937e-04 -9.999970000000000248e-01 6.623430000000000151e-01 7.491989999999999483e-01 -1.699999999999999905e-03 7.491970000000000018e-01 -6.623449999999999616e-01 -1.626999999999999974e-03
1.100000000000000000e+01 4.600000000000000000e+01 2.700000000000000000e+01 0.000000000000000000e+00 1.600000000000000089e+00 1.464000000000000024e-03 -2.579999999999999828e-04 -9.999989999999999712e-01 6.589159999999999462e-01 7.522159999999999958e-01 7.709999999999999840e-04 7.522149999999999670e-01 -6.589159999999999462e-01 1.270999999999999994e-03
1.500000000000000000e+01 4.600000000000000000e+01 2.700000000000000000e+01 0.000000000000000000e+00 1.600000000000000089e+00 -1.132999999999999893e-03 -1.041999999999999958e-03 -9.999989999999999712e-01 6.617199999999999749e-01 7.497500000000000275e-01 -1.531000000000000026e-03 7.497500000000000275e-01 -6.617210000000000036e-01 -1.589999999999999888e-04
2.200000000000000000e+01 4.600000000000000000e+01 2.700000000000000000e+01 0.000000000000000000e+00 1.600000000000000089e+00 -2.079000000000000119e-03 -8.869999999999999846e-04 -9.999970000000000248e-01 6.587589999999999835e-01 7.523509999999999920e-01 -2.037000000000000182e-03 7.523509999999999920e-01 -6.587610000000000410e-01 -9.799999999999999684e-04
2.800000000000000000e+01 4.600000000000000000e+01 2.700000000000000000e+01 0.000000000000000000e+00 1.600000000000000089e+00 1.789999999999999870e-04 8.769999999999999584e-04 -1.000000000000000000e+00 6.562679999999999625e-01 7.545269999999999477e-01 7.789999999999999616e-04 7.545279999999999765e-01 -6.562679999999999625e-01 -4.400000000000000157e-04
6.000000000000000000e+00 5.800000000000000000e+01 3.100000000000000000e+01 0.000000000000000000e+00 1.600000000000000089e+00 1.136000000000000074e-03 3.116999999999999979e-03 9.999949999999999672e-01 -7.751040000000000152e-01 -6.318270000000000275e-01 2.850000000000000103e-03 6.318319999999999492e-01 -7.751029999999999864e-01 1.698000000000000074e-03
1.100000000000000000e+01 5.800000000000000000e+01 3.100000000000000000e+01 0.000000000000000000e+00 1.600000000000000089e+00 2.769000000000000194e-03 5.091000000000000039e-03 9.999829999999999552e-01 -7.699850000000000305e-01 -6.380400000000000515e-01 5.380000000000000233e-03 6.380559999999999565e-01 -7.699869999999999770e-01 2.152999999999999966e-03
1.600000000000000000e+01 5.800000000000000000e+01 3.100000000000000000e+01 0.000000000000000000e+00 1.600000000000000089e+00 1.485999999999999908e-03 2.285999999999999838e-03 9.999959999999999960e-01 -7.672900000000000276e-01 -6.412949999999999484e-01 2.605999999999999810e-03 6.412980000000000347e-01 -7.672909999999999453e-01 8.019999999999999785e-04
1.900000000000000000e+01 5.800000000000000000e+01 3.100000000000000000e+01 0.000000000000000000e+00 1.600000000000000089e+00 6.239999999999999887e-04 4.670000000000000214e-04 1.000000000000000000e+00 -7.642440000000000344e-01 -6.449270000000000280e-01 7.780000000000000457e-04 6.449270000000000280e-01 -7.642440000000000344e-01 -4.600000000000000004e-05
2.500000000000000000e+01 5.800000000000000000e+01 3.100000000000000000e+01 0.000000000000000000e+00 1.600000000000000089e+00 -8.061000000000000457e-03 -2.948000000000000100e-03 9.999630000000000463e-01 -7.605680000000000218e-01 -6.492080000000000073e-01 -8.045000000000000068e-03 6.492080000000000073e-01 -7.606049999999999756e-01 2.991999999999999868e-03
3.000000000000000000e+00 4.600000000000000000e+01 3.500000000000000000e+01 0.000000000000000000e+00 1.600000000000000089e+00 -1.278999999999999972e-03 2.534999999999999927e-03 -9.999959999999999960e-01 3.847740000000000049e-01 -9.230059999999999931e-01 -2.831999999999999882e-03 -9.230099999999999971e-01 -3.847769999999999802e-01 2.059999999999999928e-04
9.000000000000000000e+00 4.600000000000000000e+01 3.500000000000000000e+01 0.000000000000000000e+00 1.600000000000000089e+00 4.640000000000000027e-04 -3.896999999999999856e-03 -9.999919999999999920e-01 3.865669999999999940e-01 -9.222540000000000182e-01 3.772999999999999878e-03 -9.222609999999999975e-01 -3.865660000000000207e-01 1.079000000000000098e-03
1.300000000000000000e+01 4.600000000000000000e+01 3.500000000000000000e+01 0.000000000000000000e+00 1.600000000000000089e+00 2.950000000000000148e-04 5.860000000000000408e-04 -1.000000000000000000e+00 3.865999999999999992e-01 -9.222470000000000390e-01 -4.270000000000000249e-04 -9.222470000000000390e-01 -3.865999999999999992e-01 -4.989999999999999861e-04
2.200000000000000000e+01 4.600000000000000000e+01 3.500000000000000000e+01 0.000000000000000000e+00 1.600000000000000089e+00 7.110000000000000434e-04 -3.550000000000000096e-04 -1.000000000000000000e+00 3.859090000000000020e-01 -9.225370000000000514e-01 6.019999999999999961e-04 -9.225360000000000227e-01 -3.859099999999999753e-01 -5.190000000000000386e-04
3.000000000000000000e+00 9.500000000000000000e+01 3.600000000000000000e+01 0.000000000000000000e+00 1.600000000000000089e+00 3.876000000000000105e-03 -1.053800000000000049e-02 9.999369999999999647e-01 9.971419999999999728e-01 7.548100000000000642e-02 -3.069000000000000113e-03 -7.544399999999999717e-02 9.970919999999999783e-01 1.080099999999999984e-02
1.200000000000000000e+01 9.500000000000000000e+01 3.600000000000000000e+01 0.000000000000000000e+00 1.600000000000000089e+00 -4.119999999999999856e-04 9.074000000000000468e-03 9.999590000000000423e-01 9.966009999999999591e-01 8.238199999999999690e-02 -3.370000000000000057e-04 -8.238199999999999690e-02 9.965600000000000014e-01 -9.076999999999999999e-03
1.500000000000000000e+01 9.500000000000000000e+01 3.600000000000000000e+01 0.000000000000000000e+00 1.600000000000000089e+00 -9.079999999999999530e-04 1.562699999999999853e-02 9.998770000000000158e-01 9.970379999999999798e-01 7.691599999999999826e-02 -2.970000000000000092e-04 -7.691099999999999326e-02 9.969149999999999956e-01 -1.565100000000000172e-02
2.300000000000000000e+01 9.500000000000000000e+01 3.600000000000000000e+01 0.000000000000000000e+00 1.600000000000000089e+00 -1.245999999999999929e-03 -2.632699999999999971e-02 9.996530000000000138e-01 9.976080000000000503e-01 6.905100000000000127e-02 3.062000000000000052e-03 -6.910800000000000276e-02 9.972659999999999858e-01 2.617799999999999988e-02
3.000000000000000000e+00 3.000000000000000000e+00 4.300000000000000000e+01 0.000000000000000000e+00 1.600000000000000089e+00 -1.825000000000000016e-03 4.503000000000000058e-03 -9.999879999999999880e-01 7.394539999999999447e-01 -6.731930000000000414e-01 -4.381000000000000345e-03 -6.732040000000000246e-01 -7.394530000000000269e-01 -2.101000000000000003e-03
2.000000000000000000e+01 3.000000000000000000e+00 4.300000000000000000e+01 0.000000000000000000e+00 1.600000000000000089e+00 -5.760000000000000146e-04 6.658999999999999989e-03 -9.999780000000000335e-01 7.384920000000000373e-01 -6.742449999999999832e-01 -4.915000000000000098e-03 -6.742620000000000280e-01 -7.384779999999999678e-01 -4.529000000000000040e-03
2.800000000000000000e+01 3.000000000000000000e+00 4.300000000000000000e+01 0.000000000000000000e+00 1.600000000000000089e+00 1.729000000000000068e-03 1.222299999999999949e-02 -9.999240000000000350e-01 7.335300000000000153e-01 -6.796210000000000306e-01 -7.039000000000000118e-03 -6.796550000000000091e-01 -7.334619999999999473e-01 -1.014100000000000071e-02
7.000000000000000000e+00 8.000000000000000000e+00 4.400000000000000000e+01 0.000000000000000000e+00 1.600000000000000089e+00 3.159999999999999832e-04 5.526999999999999795e-03 9.999850000000000128e-01 -7.792769999999999975e-01 -6.266690000000000316e-01 3.710000000000000190e-03 6.266800000000000148e-01 -7.792660000000000142e-01 4.108999999999999805e-03
1.400000000000000000e+01 8.000000000000000000e+00 4.400000000000000000e+01 0.000000000000000000e+00 1.600000000000000089e+00 3.499999999999999693e-05 -1.611000000000000019e-03 9.999989999999999712e-01 -7.819920000000000204e-01 -6.232879999999999532e-01 -9.759999999999999796e-04 6.232889999999999819e-01 -7.819909999999999917e-01 -1.281999999999999936e-03
1.800000000000000000e+01 8.000000000000000000e+00 4.400000000000000000e+01 0.000000000000000000e+00 1.600000000000000089e+00 1.010999999999999963e-03 2.298999999999999828e-03 9.999970000000000248e-01 -7.821270000000000167e-01 -6.231160000000000032e-01 2.223000000000000149e-03 6.231189999999999785e-01 -7.821259999999999879e-01 1.167999999999999984e-03
2.200000000000000000e+01 8.000000000000000000e+00 4.400000000000000000e+01 0.000000000000000000e+00 1.600000000000000089e+00 2.675999999999999993e-03 4.081000000000000426e-03 9.999879999999999880e-01 -7.836980000000000057e-01 -6.211250000000000382e-01 4.631999999999999833e-03 6.211360000000000214e-01 -7.837009999999999810e-01 1.536000000000000039e-03
2.400000000000000000e+01 8.000000000000000000e+00 4.400000000000000000e+01 0.000000000000000000e+00 1.600000000000000089e+00 2.164999999999999824e-03 4.193999999999999811e-03 9.999890000000000168e-01 -7.825560000000000294e-01 -6.225650000000000350e-01 4.305999999999999932e-03 6.225760000000000183e-01 -7.825569999999999471e-01 1.933999999999999955e-03
1.000000000000000000e+00 2.900000000000000000e+01 4.400000000000000000e+01 0.000000000000000000e+00 1.600000000000000089e+00 -3.694999999999999934e-03 1.719000000000000042e-03 -9.999919999999999920e-01 6.738929999999999643e-01 7.388280000000000403e-01 -1.219999999999999947e-03 7.388200000000000323e-01 -6.738920000000000465e-01 -3.887999999999999963e-03
7.000000000000000000e+00 2.900000000000000000e+01 4.400000000000000000e+01 0.000000000000000000e+00 1.600000000000000089e+00 -3.620000000000000171e-04 2.503000000000000017e-03 -9.999970000000000248e-01 6.739739999999999620e-01 7.387540000000000218e-01 1.605000000000000090e-03 7.387550000000000505e-01 -6.739709999999999868e-01 -1.954000000000000008e-03
1.200000000000000000e+01 2.900000000000000000e+01 4.400000000000000000e+01 0.000000000000000000e+00 1.600000000000000089e+00 -7.370000000000000249e-04 2.075000000000000022e-03 -9.999980000000000535e-01 6.703729999999999967e-01 7.420240000000000169e-01 1.046000000000000055e-03 7.420240000000000169e-01 -6.703700000000000214e-01 -1.938000000000000052e-03
1.700000000000000000e+01 2.900000000000000000e+01 4.400000000000000000e+01 0.000000000000000000e+00 1.600000000000000089e+00 -3.400000000000000244e-04 -5.450000000000000200e-04 -1.000000000000000000e+00 6.729779999999999651e-01 7.396620000000000417e-01 -6.319999999999999663e-04 7.396629999999999594e-01 -6.729779999999999651e-01 1.150000000000000035e-04
2.600000000000000000e+01 2.900000000000000000e+01 4.400000000000000000e+01 0.000000000000000000e+00 1.600000000000000089e+00 5.749999999999999903e-04 -1.605000000000000090e-03 -9.999989999999999712e-01 6.712259999999999893e-01 7.412520000000000220e-01 -8.040000000000000271e-04 7.412520000000000220e-01 -6.712249999999999606e-01 1.502999999999999996e-03
1.200000000000000000e+01 5.400000000000000000e+01 4.600000000000000000e+01 0.000000000000000000e+00 1.600000000000000089e+00 -1.650999999999999907e-03 7.709999999999999840e-04 9.999980000000000535e-01 3.291040000000000076e-01 -9.442930000000000490e-01 1.270999999999999994e-03 9.442920000000000202e-01 3.291060000000000096e-01 1.304999999999999953e-03
1.600000000000000000e+01 6.000000000000000000e+00 5.100000000000000000e+01 0.000000000000000000e+00 1.600000000000000089e+00 -3.119999999999999944e-04 -4.000000000000000192e-04 -1.000000000000000000e+00 3.301709999999999923e-01 -9.439210000000000100e-01 2.739999999999999923e-04 -9.439210000000000100e-01 -3.301709999999999923e-01 4.270000000000000249e-04
1.000000000000000000e+00 6.300000000000000000e+01 5.400000000000000000e+01 0.000000000000000000e+00 1.600000000000000089e+00 -5.429999999999999714e-04 -1.529999999999999893e-03 9.999989999999999712e-01 -3.527669999999999972e-01 9.357100000000000417e-01 1.240000000000000000e-03 -9.357109999999999594e-01 -3.527660000000000240e-01 -1.046999999999999971e-03
5.000000000000000000e+00 6.300000000000000000e+01 5.400000000000000000e+01 0.000000000000000000e+00 1.600000000000000089e+00 -3.980000000000000248e-04 7.510000000000000399e-04 1.000000000000000000e+00 -3.496569999999999956e-01 9.368769999999999598e-01 -8.419999999999999750e-04 -9.368779999999999886e-01 -3.496569999999999956e-01 -1.100000000000000039e-04
1.000000000000000000e+01 6.300000000000000000e+01 5.400000000000000000e+01 0.000000000000000000e+00 1.600000000000000089e+00 -1.119999999999999983e-04 1.353999999999999952e-03 9.999989999999999712e-01 -3.531770000000000187e-01 9.355550000000000255e-01 -1.307000000000000002e-03 -9.355560000000000542e-01 -3.531770000000000187e-01 3.739999999999999835e-04
1.600000000000000000e+01 6.300000000000000000e+01 5.400000000000000000e+01 0.000000000000000000e+00 1.600000000000000089e+00 4.859999999999999954e-04 -4.279999999999999950e-04 1.000000000000000000e+00 -3.491630000000000011e-01 9.370619999999999505e-01 5.699999999999999772e-04 -9.370619999999999505e-01 -3.491630000000000011e-01 3.060000000000000111e-04
1.800000000000000000e+01 6.300000000000000000e+01 5.400000000000000000e+01 0.000000000000000000e+00 1.600000000000000089e+00 1.190000000000000085e-03 -1.430000000000000064e-04 9.999989999999999712e-01 -3.468200000000000172e-01 9.379309999999999592e-01 5.469999999999999602e-04 -9.379309999999999592e-01 -3.468209999999999904e-01 1.067000000000000023e-03
2.200000000000000000e+01 6.300000000000000000e+01 5.400000000000000000e+01 0.000000000000000000e+00 1.600000000000000089e+00 5.890000000000000053e-04 3.110000000000000243e-04 1.000000000000000000e+00 -3.476429999999999798e-01 9.376269999999999882e-01 -8.700000000000000051e-05 -9.376269999999999882e-01 -3.476429999999999798e-01 6.599999999999999964e-04
2.600000000000000000e+01 6.300000000000000000e+01 5.400000000000000000e+01 0.000000000000000000e+00 1.600000000000000089e+00 1.637999999999999916e-03 1.054999999999999948e-03 9.999980000000000535e-01 -3.529860000000000220e-01 9.356290000000000440e-01 -4.090000000000000211e-04 -9.356269999999999865e-01 -3.529840000000000200e-01 1.905000000000000009e-03
2.000000000000000000e+00 2.500000000000000000e+01 5.500000000000000000e+01 0.000000000000000000e+00 1.600000000000000089e+00 8.999999999999999754e-04 1.079000000000000098e-03 -9.999989999999999712e-01 -1.125199999999999985e-02 -9.999360000000000470e-01 -1.088999999999999907e-03 -9.999360000000000470e-01 1.125300000000000085e-02 -8.880000000000000089e-04
6.000000000000000000e+00 2.500000000000000000e+01 5.500000000000000000e+01 0.000000000000000000e+00 1.600000000000000089e+00 4.209999999999999875e-04 5.583000000000000289e-03 -9.999839999999999840e-01 -1.181199999999999958e-02 -9.999149999999999983e-01 -5.588000000000000085e-03 -9.999299999999999855e-01 1.181399999999999985e-02 -3.550000000000000096e-04
1.700000000000000000e+01 2.500000000000000000e+01 5.500000000000000000e+01 0.000000000000000000e+00 1.600000000000000089e+00 1.382999999999999898e-03 -4.279999999999999950e-03 -9.999900000000000455e-01 -1.124299999999999952e-02 -9.999280000000000390e-01 4.264000000000000429e-03 -9.999360000000000470e-01 1.123700000000000046e-02 -1.430999999999999980e-03
2.200000000000000000e+01 2.500000000000000000e+01 5.500000000000000000e+01 0.000000000000000000e+00 1.600000000000000089e+00 -6.639999999999999852e-04 3.669999999999999760e-04 -1.000000000000000000e+00 -1.155600000000000030e-02 -9.999329999999999607e-01 -3.600000000000000227e-04 -9.999329999999999607e-01 1.155600000000000030e-02 6.679999999999999740e-04
2.600000000000000000e+01 2.500000000000000000e+01 5.500000000000000000e+01 0.000000000000000000e+00 1.600000000000000089e+00 -1.007999999999999998e-03 3.660000000000000059e-04 -9.999989999999999712e-01 -1.152099999999999999e-02 -9.999339999999999895e-01 -3.539999999999999853e-04 -9.999329999999999607e-01 1.152000000000000073e-02 1.012000000000000096e-03
2.400000000000000000e+01 6.800000000000000000e+01 5.700000000000000000e+01 0.000000000000000000e+00 1.600000000000000089e+00 2.849999999999999886e-04 -2.954000000000000029e-03 -9.999959999999999960e-01 -2.447350000000000081e-01 -9.695859999999999479e-01 2.795000000000000175e-03 -9.695899999999999519e-01 2.447330000000000061e-01 -9.990000000000001049e-04
5.000000000000000000e+00 2.100000000000000000e+01 6.000000000000000000e+01 0.000000000000000000e+00 1.600000000000000089e+00 -9.000000000000000228e-06 -5.820999999999999786e-03 9.999829999999999552e-01 -9.371400000000000563e-02 9.955819999999999670e-01 5.793999999999999671e-03 -9.955990000000000117e-01 -9.371300000000000463e-02 -5.540000000000000219e-04
1.100000000000000000e+01 2.100000000000000000e+01 6.000000000000000000e+01 0.000000000000000000e+00 1.600000000000000089e+00 4.659999999999999971e-04 -1.613999999999999983e-03 9.999989999999999712e-01 -9.479100000000000026e-02 9.954960000000000475e-01 1.650999999999999907e-03 -9.954969999999999652e-01 -9.479200000000000126e-02 3.110000000000000243e-04
1.700000000000000000e+01 2.100000000000000000e+01 6.000000000000000000e+01 0.000000000000000000e+00 1.600000000000000089e+00 -4.249999999999999763e-04 -3.390999999999999917e-03 9.999940000000000495e-01 -9.781600000000000017e-02 9.951989999999999448e-01 3.333000000000000025e-03 -9.952039999999999775e-01 -9.781399999999999817e-02 -7.550000000000000287e-04
2.200000000000000000e+01 2.100000000000000000e+01 6.000000000000000000e+01 0.000000000000000000e+00 1.600000000000000089e+00 -9.000000000000000567e-05 4.643000000000000425e-03 9.999890000000000168e-01 -9.743100000000000371e-02 9.952320000000000055e-01 -4.629000000000000302e-03 -9.952419999999999600e-01 -9.743000000000000271e-02 3.629999999999999872e-04
2.000000000000000000e+01 6.000000000000000000e+00 6.100000000000000000e+01 0.000000000000000000e+00 1.600000000000000089e+00 4.034000000000000259e-03 -3.016000000000000018e-03 9.999869999999999592e-01 5.685470000000000246e-01 -8.226369999999999516e-01 -4.774999999999999731e-03 8.226409999999999556e-01 5.685590000000000366e-01 -1.603999999999999957e-03
