2.100000000000000000e+01 1.500000000000000000e+01 4.000000000000000000e+00 0.000000000000000000e+00 1.600000000000000089e+00 2.137000000000000011e-03 8.451000000000000179e-03 9.999620000000000175e-01 2.869590000000000196e-01 -9.579140000000000432e-01 7.481999999999999935e-03 9.579400000000000137e-01 2.869329999999999936e-01 -4.472000000000000280e-03
2.600000000000000000e+01 1.500000000000000000e+01 4.000000000000000000e+00 0.000000000000000000e+00 1.600000000000000089e+00 -1.270999999999999994e-03 -5.244000000000000397e-03 9.999850000000000128e-01 2.883430000000000160e-01 -9.575160000000000338e-01 -4.654000000000000151e-03 9.575259999999999883e-01 2.883330000000000060e-01 2.729000000000000089e-03
1.200000000000000000e+01 1.600000000000000000e+01 4.000000000000000000e+00 0.000000000000000000e+00 1.600000000000000089e+00 7.301000000000000198e-03 -1.187299999999999987e-02 9.999029999999999863e-01 3.410020000000000273e-01 -9.399640000000000217e-01 -1.365099999999999994e-02 9.400340000000000362e-01 3.410679999999999823e-01 -2.814000000000000095e-03
1.000000000000000000e+01 1.010000000000000000e+02 7.000000000000000000e+00 0.000000000000000000e+00 1.600000000000000089e+00 9.240000000000000166e-04 -1.286000000000000034e-03 9.999989999999999712e-01 8.838780000000000525e-01 4.677180000000000226e-01 -2.149999999999999947e-04 -4.677180000000000226e-01 8.838770000000000238e-01 1.569000000000000082e-03
2.200000000000000000e+01 1.010000000000000000e+02 7.000000000000000000e+00 0.000000000000000000e+00 1.600000000000000089e+00 -1.087000000000000076e-03 -1.023699999999999957e-02 9.999470000000000303e-01 8.866829999999999989e-01 4.623430000000000040e-01 5.696999999999999807e-03 -4.623769999999999825e-01 8.866420000000000412e-01 8.574000000000000024e-03
4.000000000000000000e+00 1.500000000000000000e+01 8.000000000000000000e+00 0.000000000000000000e+00 1.600000000000000089e+00 7.079999999999999705e-04 -6.553999999999999930e-03 -9.999780000000000335e-01 -5.773960000000000203e-01 -8.164489999999999803e-01 4.942000000000000212e-03 -8.164639999999999675e-01 5.773800000000000043e-01 -4.362000000000000426e-03
7.000000000000000000e+00 1.500000000000000000e+01 8.000000000000000000e+00 0.000000000000000000e+00 1.600000000000000089e+00 -3.007000000000000124e-03 -1.005699999999999997e-02 -9.999449999999999728e-01 -5.779349999999999765e-01 -8.160220000000000251e-01 9.945000000000000714e-03 -8.160770000000000524e-01 5.779330000000000300e-01 -3.357999999999999874e-03
1.200000000000000000e+01 1.500000000000000000e+01 8.000000000000000000e+00 0.000000000000000000e+00 1.600000000000000089e+00 -8.214000000000000815e-03 -1.331700000000000071e-02 -9.998780000000000445e-01 -5.828100000000000502e-01 -8.124580000000000135e-01 1.560899999999999961e-02 -8.125670000000000393e-01 5.828670000000000240e-01 -1.087999999999999991e-03
1.800000000000000000e+01 1.500000000000000000e+01 8.000000000000000000e+00 0.000000000000000000e+00 1.600000000000000089e+00 -2.165999999999999957e-03 2.149999999999999947e-04 -9.999980000000000535e-01 -5.852199999999999624e-01 -8.108739999999999837e-01 1.093000000000000005e-03 -8.108720000000000372e-01 5.852209999999999912e-01 1.881999999999999992e-03
2.300000000000000000e+01 1.500000000000000000e+01 8.000000000000000000e+00 0.000000000000000000e+00 1.600000000000000089e+00 1.259999999999999998e-04 2.974000000000000081e-03 -9.999959999999999960e-01 -5.844009999999999483e-01 -8.114609999999999879e-01 -2.487000000000000061e-03 -8.114649999999999919e-01 5.843979999999999730e-01 1.634999999999999952e-03
3.000000000000000000e+01 1.500000000000000000e+01 8.000000000000000000e+00 0.000000000000000000e+00 1.600000000000000089e+00 -1.320000000000000101e-04 1.431999999999999896e-03 -9.999989999999999712e-01 -5.836489999999999734e-01 -8.120049999999999768e-01 -1.085999999999999943e-03 -8.120060000000000056e-01 5.836479999999999446e-01 9.430000000000000448e-04
4.000000000000000000e+00 2.600000000000000000e+01 8.000000000000000000e+00 0.000000000000000000e+00 1.600000000000000089e+00 5.770000000000000389e-04 1.742999999999999975e-03 -9.999980000000000535e-01 4.105679999999999885e-01 9.118279999999999719e-01 1.825999999999999932e-03 9.118300000000000294e-01 -4.105679999999999885e-01 -1.900000000000000105e-04
1.100000000000000000e+01 2.600000000000000000e+01 8.000000000000000000e+00 0.000000000000000000e+00 1.600000000000000089e+00 5.846999999999999767e-03 1.150699999999999987e-02 -9.999169999999999447e-01 4.085449999999999915e-01 9.126469999999999860e-01 1.289200000000000068e-02 9.127189999999999470e-01 -4.085860000000000047e-01 6.350000000000000392e-04
1.600000000000000000e+01 2.600000000000000000e+01 8.000000000000000000e+00 0.000000000000000000e+00 1.600000000000000089e+00 3.959999999999999978e-03 8.229000000000000203e-03 -9.999580000000000135e-01 4.068240000000000189e-01 9.134609999999999674e-01 9.128000000000000697e-03 9.134980000000000322e-01 -4.068430000000000102e-01 2.689999999999999791e-04
2.100000000000000000e+01 2.600000000000000000e+01 8.000000000000000000e+00 0.000000000000000000e+00 1.600000000000000089e+00 1.463000000000000108e-03 5.780999999999999681e-03 -9.999820000000000375e-01 4.047350000000000114e-01 9.144149999999999778e-01 5.878000000000000412e-03 9.144330000000000513e-01 -4.047359999999999847e-01 -1.002000000000000069e-03
2.500000000000000000e+01 2.600000000000000000e+01 8.000000000000000000e+00 0.000000000000000000e+00 1.600000000000000089e+00 1.430999999999999980e-03 2.649999999999999903e-04 -9.999989999999999712e-01 4.046150000000000024e-01 9.144870000000000498e-01 8.210000000000000067e-04 9.144860000000000211e-01 -4.046150000000000024e-01 1.201000000000000028e-03
4.000000000000000000e+00 2.400000000000000000e+01 9.000000000000000000e+00 0.000000000000000000e+00 1.600000000000000089e+00 4.820000000000000066e-04 3.403999999999999908e-03 -9.999940000000000495e-01 4.625520000000000187e-01 8.865859999999999852e-01 3.240999999999999957e-03 8.865920000000000467e-01 -4.625509999999999899e-01 -1.147000000000000016e-03
1.000000000000000000e+01 2.400000000000000000e+01 9.000000000000000000e+00 0.000000000000000000e+00 1.600000000000000089e+00 5.692000000000000011e-03 9.405999999999999431e-03 -9.999400000000000510e-01 4.599739999999999940e-01 8.878639999999999866e-01 1.097000000000000058e-02 8.879139999999999810e-01 -4.600090000000000012e-01 7.269999999999999987e-04
2.800000000000000000e+01 2.400000000000000000e+01 9.000000000000000000e+00 0.000000000000000000e+00 1.600000000000000089e+00 1.704999999999999918e-03 4.330000000000000081e-04 -9.999980000000000535e-01 4.578900000000000192e-01 8.890080000000000204e-01 1.165999999999999936e-03 8.890069999999999917e-01 -4.578909999999999925e-01 1.317999999999999944e-03
4.000000000000000000e+00 1.040000000000000000e+02 1.100000000000000000e+01 0.000000000000000000e+00 1.600000000000000089e+00 8.300000000000000086e-04 -3.426999999999999925e-03 9.999940000000000495e-01 -9.721279999999999921e-01 -2.344489999999999907e-01 3.999999999999999819e-06 2.344469999999999887e-01 -9.721220000000000416e-01 -3.526000000000000054e-03
1.200000000000000000e+01 1.040000000000000000e+02 1.100000000000000000e+01 0.000000000000000000e+00 1.600000000000000089e+00 -2.190000000000000106e-03 4.527999999999999907e-03 9.999869999999999592e-01 -9.737930000000000197e-01 -2.274349999999999983e-01 -1.103000000000000031e-03 2.274269999999999903e-01 -9.737829999999999542e-01 4.908000000000000036e-03
8.000000000000000000e+00 3.100000000000000000e+01 1.200000000000000000e+01 0.000000000000000000e+00 1.600000000000000089e+00 -8.270000000000000441e-04 5.027000000000000218e-03 9.999869999999999592e-01 4.571999999999999675e-03 9.999770000000000048e-01 -5.022999999999999687e-03 -9.999890000000000168e-01 4.568000000000000012e-03 -8.499999999999999526e-04
1.500000000000000000e+01 3.100000000000000000e+01 1.200000000000000000e+01 0.000000000000000000e+00 1.600000000000000089e+00 4.350000000000000026e-04 6.000000000000000152e-05 1.000000000000000000e+00 7.296000000000000402e-03 9.999730000000000008e-01 -6.299999999999999990e-05 -9.999730000000000008e-01 7.296000000000000402e-03 4.339999999999999782e-04
2.000000000000000000e+01 3.100000000000000000e+01 1.200000000000000000e+01 0.000000000000000000e+00 1.600000000000000089e+00 2.128000000000000117e-03 2.461000000000000080e-03 9.999949999999999672e-01 9.405000000000000165e-03 9.999529999999999808e-01 -2.481000000000000132e-03 -9.999540000000000095e-01 9.409999999999999962e-03 2.103999999999999967e-03
2.000000000000000000e+00 1.200000000000000000e+01 1.500000000000000000e+01 0.000000000000000000e+00 1.600000000000000089e+00 8.819999999999999715e-04 5.984999999999999869e-03 -9.999820000000000375e-01 -4.727140000000000231e-01 -8.811970000000000081e-01 -5.690999999999999878e-03 -8.812149999999999705e-01 4.727109999999999923e-01 2.052000000000000005e-03
7.000000000000000000e+00 1.200000000000000000e+01 1.500000000000000000e+01 0.000000000000000000e+00 1.600000000000000089e+00 -2.243999999999999901e-03 -3.214999999999999976e-03 -9.999919999999999920e-01 -4.712749999999999995e-01 -8.819780000000000397e-01 3.893000000000000193e-03 -8.819829999999999615e-01 4.712799999999999767e-01 4.640000000000000027e-04
1.100000000000000000e+01 1.200000000000000000e+01 1.500000000000000000e+01 0.000000000000000000e+00 1.600000000000000089e+00 -5.890000000000000270e-03 -3.017000000000000150e-03 -9.999780000000000335e-01 -4.691270000000000162e-01 -8.831139999999999546e-01 5.427000000000000400e-03 -8.831109999999999793e-01 4.691489999999999827e-01 3.785999999999999869e-03
1.800000000000000000e+01 1.200000000000000000e+01 1.500000000000000000e+01 0.000000000000000000e+00 1.600000000000000089e+00 -1.680999999999999986e-03 -7.280000000000000013e-03 -9.999719999999999720e-01 -4.698249999999999926e-01 -8.827300000000000146e-01 7.216000000000000192e-03 -8.827580000000000426e-01 4.698240000000000194e-01 -1.936000000000000004e-03
2.700000000000000000e+01 1.200000000000000000e+01 1.500000000000000000e+01 0.000000000000000000e+00 1.600000000000000089e+00 -2.409999999999999816e-03 -2.544999999999999953e-03 -9.999940000000000495e-01 -4.663499999999999868e-01 -8.845939999999999914e-01 3.374999999999999962e-03 -8.845969999999999667e-01 4.663550000000000195e-01 9.449999999999999850e-04
2.400000000000000000e+01 1.160000000000000000e+02 1.600000000000000000e+01 0.000000000000000000e+00 1.600000000000000089e+00 8.369999999999999619e-04 -1.550000000000000000e-04 1.000000000000000000e+00 6.803620000000000223e-01 7.328759999999999719e-01 -4.560000000000000251e-04 -7.328759999999999719e-01 6.803620000000000223e-01 7.190000000000000210e-04
1.000000000000000000e+00 2.000000000000000000e+00 1.900000000000000000e+01 0.000000000000000000e+00 1.600000000000000089e+00 2.233000000000000176e-03 -7.382999999999999806e-03 -9.999700000000000255e-01 1.640369999999999884e-01 -9.864239999999999675e-01 7.649000000000000417e-03 -9.864519999999999955e-01 -1.640500000000000014e-01 -9.920000000000000432e-04
4.000000000000000000e+00 2.000000000000000000e+00 1.900000000000000000e+01 0.000000000000000000e+00 1.600000000000000089e+00 7.889999999999999878e-04 -2.632999999999999924e-03 -9.999959999999999960e-01 1.645449999999999968e-01 -9.863659999999999650e-01 2.726999999999999823e-03 -9.863690000000000513e-01 -1.645469999999999988e-01 -3.449999999999999833e-04
8.000000000000000000e+00 2.000000000000000000e+00 1.900000000000000000e+01 0.000000000000000000e+00 1.600000000000000089e+00 -1.864999999999999904e-03 -3.580999999999999982e-03 -9.999919999999999920e-01 1.695160000000000000e-01 -9.855220000000000091e-01 3.213000000000000144e-03 -9.855260000000000131e-01 -1.695079999999999920e-01 2.445000000000000125e-03
2.200000000000000000e+01 2.000000000000000000e+00 1.900000000000000000e+01 0.000000000000000000e+00 1.600000000000000089e+00 8.610000000000000032e-04 1.910000000000000022e-03 -9.999980000000000535e-01 1.839899999999999869e-01 -9.829269999999999952e-01 -1.719000000000000042e-03 -9.829280000000000239e-01 -1.839880000000000126e-01 -1.198000000000000063e-03
2.800000000000000000e+01 2.000000000000000000e+00 1.900000000000000000e+01 0.000000000000000000e+00 1.600000000000000089e+00 -2.412000000000000081e-03 -3.449999999999999833e-04 -9.999970000000000248e-01 1.796619999999999884e-01 -9.837280000000000468e-01 -9.399999999999999448e-05 -9.837249999999999606e-01 -1.796619999999999884e-01 2.435000000000000098e-03
3.000000000000000000e+00 4.000000000000000000e+00 2.000000000000000000e+01 0.000000000000000000e+00 1.600000000000000089e+00 2.667000000000000100e-03 -4.330000000000000081e-04 -9.999959999999999960e-01 2.544480000000000075e-01 -9.670860000000000012e-01 1.097000000000000102e-03 -9.670830000000000259e-01 -2.544500000000000095e-01 -2.469999999999999973e-03
1.000000000000000000e+01 4.000000000000000000e+00 2.000000000000000000e+01 0.000000000000000000e+00 1.600000000000000089e+00 1.126999999999999964e-03 -9.273999999999999258e-03 -9.999559999999999560e-01 2.678579999999999850e-01 -9.634139999999999926e-01 9.237000000000000419e-03 -9.634580000000000366e-01 -2.678570000000000118e-01 1.397999999999999937e-03
1.700000000000000000e+01 4.000000000000000000e+00 2.000000000000000000e+01 0.000000000000000000e+00 1.600000000000000089e+00 2.050999999999999872e-03 3.105999999999999820e-03 -9.999930000000000208e-01 2.744079999999999853e-01 -9.616099999999999648e-01 -2.423999999999999939e-03 -9.616109999999999935e-01 -2.744010000000000060e-01 -2.824000000000000121e-03
2.900000000000000000e+01 4.000000000000000000e+00 2.000000000000000000e+01 0.000000000000000000e+00 1.600000000000000089e+00 8.729999999999999696e-04 -6.042999999999999761e-03 -9.999810000000000088e-01 2.717300000000000271e-01 -9.623549999999999605e-01 6.053000000000000221e-03 -9.623730000000000340e-01 -2.717300000000000271e-01 8.019999999999999785e-04
9.000000000000000000e+00 1.300000000000000000e+01 2.000000000000000000e+01 0.000000000000000000e+00 1.600000000000000089e+00 -1.029999999999999964e-04 8.302999999999999617e-03 9.999660000000000215e-01 2.590290000000000092e-01 9.658360000000000278e-01 -7.993000000000000105e-03 -9.658689999999999776e-01 2.590189999999999992e-01 -2.250999999999999963e-03
1.500000000000000000e+01 1.300000000000000000e+01 2.000000000000000000e+01 0.000000000000000000e+00 1.600000000000000089e+00 -1.730000000000000038e-04 3.373999999999999829e-03 9.999940000000000495e-01 2.597479999999999789e-01 9.656709999999999461e-01 -3.213000000000000144e-03 -9.656759999999999788e-01 2.597459999999999769e-01 -1.044000000000000006e-03
1.800000000000000000e+01 1.300000000000000000e+01 2.000000000000000000e+01 0.000000000000000000e+00 1.600000000000000089e+00 3.099999999999999999e-04 -4.226999999999999855e-03 9.999909999999999632e-01 2.598030000000000062e-01 9.656529999999999836e-01 4.002000000000000349e-03 -9.656620000000000203e-01 2.597990000000000022e-01 1.397000000000000021e-03
2.600000000000000000e+01 1.300000000000000000e+01 2.000000000000000000e+01 0.000000000000000000e+00 1.600000000000000089e+00 -1.559999999999999972e-04 9.379999999999999449e-03 9.999559999999999560e-01 2.597149999999999737e-01 9.656430000000000291e-01 -9.017999999999999974e-03 -9.656850000000000156e-01 2.597019999999999884e-01 -2.586999999999999890e-03
1.000000000000000000e+01 1.600000000000000000e+01 2.100000000000000000e+01 0.000000000000000000e+00 1.600000000000000089e+00 4.009999999999999893e-04 9.403999999999999165e-03 9.999559999999999560e-01 2.982739999999999836e-01 9.544369999999999798e-01 -9.095999999999999919e-03 -9.544799999999999951e-01 2.982650000000000023e-01 -2.422999999999999807e-03
1.500000000000000000e+01 1.600000000000000000e+01 2.100000000000000000e+01 0.000000000000000000e+00 1.600000000000000089e+00 1.420000000000000092e-04 4.373000000000000151e-03 9.999900000000000455e-01 2.991530000000000022e-01 9.541960000000000441e-01 -4.214999999999999997e-03 -9.542049999999999699e-01 2.991510000000000002e-01 -1.172999999999999998e-03
2.400000000000000000e+01 1.600000000000000000e+01 2.100000000000000000e+01 0.000000000000000000e+00 1.600000000000000089e+00 -1.110000000000000092e-03 1.113000000000000057e-03 9.999989999999999712e-01 2.983310000000000128e-01 9.544620000000000326e-01 -7.309999999999999875e-04 -9.544620000000000326e-01 2.983299999999999841e-01 -1.391000000000000092e-03
2.800000000000000000e+01 1.600000000000000000e+01 2.100000000000000000e+01 0.000000000000000000e+00 1.600000000000000089e+00 -1.539000000000000003e-03 9.358999999999999264e-03 9.999550000000000383e-01 2.956820000000000004e-01 9.552490000000000148e-01 -8.484999999999999487e-03 -9.552850000000000508e-01 2.956550000000000011e-01 -4.237000000000000315e-03
1.300000000000000000e+01 4.600000000000000000e+01 2.700000000000000000e+01 0.000000000000000000e+00 1.600000000000000089e+00 3.937000000000000395e-03 1.786000000000000044e-03 -9.999909999999999632e-01 6.768579999999999597e-01 7.361020000000000341e-01 3.980000000000000031e-03 7.361029999999999518e-01 -6.768680000000000252e-01 1.688999999999999963e-03
2.600000000000000000e+01 4.600000000000000000e+01 2.700000000000000000e+01 0.000000000000000000e+00 1.600000000000000089e+00 -1.214999999999999934e-03 -8.099999999999999561e-04 -9.999989999999999712e-01 6.822190000000000198e-01 7.311459999999999626e-01 -1.420999999999999954e-03 7.311469999999999914e-01 -6.822200000000000486e-01 -3.359999999999999814e-04
3.000000000000000000e+00 5.800000000000000000e+01 3.100000000000000000e+01 0.000000000000000000e+00 1.600000000000000089e+00 -3.890000000000000228e-04 -3.482999999999999985e-03 9.999940000000000495e-01 -7.909709999999999797e-01 -6.118489999999999762e-01 -2.438000000000000063e-03 6.118540000000000090e-01 -7.909669999999999757e-01 -2.517000000000000140e-03
7.000000000000000000e+00 5.800000000000000000e+01 3.100000000000000000e+01 0.000000000000000000e+00 1.600000000000000089e+00 -6.629999999999999609e-04 2.105999999999999799e-03 9.999980000000000535e-01 -7.960669999999999691e-01 -6.052079999999999682e-01 7.470000000000000511e-04 6.052079999999999682e-01 -7.960639999999999938e-01 2.077999999999999986e-03
1.100000000000000000e+01 5.800000000000000000e+01 3.100000000000000000e+01 0.000000000000000000e+00 1.600000000000000089e+00 -5.000000000000000240e-05 1.064999999999999974e-03 9.999989999999999712e-01 -7.988929999999999643e-01 -6.014730000000000354e-01 6.009999999999999717e-04 6.014730000000000354e-01 -7.988920000000000465e-01 8.800000000000000313e-04
1.900000000000000000e+01 5.800000000000000000e+01 3.100000000000000000e+01 0.000000000000000000e+00 1.600000000000000089e+00 1.840000000000000001e-04 3.948000000000000120e-03 9.999919999999999920e-01 -8.018899999999999917e-01 -5.974669999999999703e-01 2.507000000000000114e-03 5.974720000000000031e-01 -8.018840000000000412e-01 3.056000000000000123e-03
2.200000000000000000e+01 5.800000000000000000e+01 3.100000000000000000e+01 0.000000000000000000e+00 1.600000000000000089e+00 2.899000000000000101e-03 3.956999999999999580e-03 9.999879999999999880e-01 -8.023689999999999989e-01 -5.968090000000000339e-01 4.688000000000000327e-03 5.968210000000000459e-01 -8.023730000000000029e-01 1.445000000000000104e-03
2.900000000000000000e+01 5.800000000000000000e+01 3.100000000000000000e+01 0.000000000000000000e+00 1.600000000000000089e+00 6.759999999999999516e-04 6.727000000000000340e-03 9.999770000000000048e-01 -7.998480000000000034e-01 -6.001849999999999685e-01 4.577999999999999604e-03 6.002020000000000133e-01 -7.998330000000000162e-01 4.975000000000000255e-03
5.000000000000000000e+00 6.000000000000000000e+00 3.200000000000000000e+01 0.000000000000000000e+00 1.600000000000000089e+00 1.423999999999999919e-03 5.578999999999999758e-03 -9.999829999999999552e-01 1.802920000000000078e-01 9.835960000000000258e-01 5.745000000000000107e-03 9.836120000000000418e-01 -1.802970000000000128e-01 3.950000000000000061e-04
1.000000000000000000e+01 6.000000000000000000e+00 3.200000000000000000e+01 0.000000000000000000e+00 1.600000000000000089e+00 1.186999999999999904e-03 -1.253999999999999906e-03 -9.999989999999999712e-01 1.723870000000000124e-01 9.850290000000000434e-01 -1.031000000000000015e-03 9.850290000000000434e-01 -1.723860000000000114e-01 1.386000000000000079e-03
4.000000000000000000e+00 4.600000000000000000e+01 3.500000000000000000e+01 0.000000000000000000e+00 1.600000000000000089e+00 1.711999999999999980e-03 -4.375000000000000416e-03 -9.999890000000000168e-01 3.874400000000000066e-01 -9.218830000000000080e-01 4.696999999999999786e-03 -9.218929999999999625e-01 -3.874440000000000106e-01 1.169999999999999979e-04
8.000000000000000000e+00 4.600000000000000000e+01 3.500000000000000000e+01 0.000000000000000000e+00 1.600000000000000089e+00 -2.990000000000000036e-04 -1.536000000000000039e-03 -9.999989999999999712e-01 3.880830000000000113e-01 -9.216239999999999988e-01 1.299999999999999940e-03 -9.216239999999999988e-01 -3.880819999999999825e-01 8.720000000000000537e-04
1.100000000000000000e+01 4.600000000000000000e+01 3.500000000000000000e+01 0.000000000000000000e+00 1.600000000000000089e+00 -7.690000000000000438e-04 -3.420999999999999996e-03 -9.999940000000000495e-01 3.881009999999999738e-01 -9.216130000000000155e-01 2.854000000000000200e-03 -9.216170000000000195e-01 -3.880959999999999965e-01 2.037000000000000182e-03
1.600000000000000000e+01 4.600000000000000000e+01 3.500000000000000000e+01 0.000000000000000000e+00 1.600000000000000089e+00 6.160000000000000111e-04 -6.430000000000000169e-04 -1.000000000000000000e+00 3.863739999999999952e-01 -9.223419999999999952e-01 8.310000000000000329e-04 -9.223419999999999952e-01 -3.863739999999999952e-01 -3.200000000000000262e-04
1.900000000000000000e+01 4.600000000000000000e+01 3.500000000000000000e+01 0.000000000000000000e+00 1.600000000000000089e+00 5.299999999999999807e-04 3.350000000000000113e-03 -9.999940000000000495e-01 3.862639999999999962e-01 -9.223839999999999817e-01 -2.884999999999999978e-03 -9.223879999999999857e-01 -3.862599999999999922e-01 -1.781999999999999947e-03
2.300000000000000000e+01 4.600000000000000000e+01 3.500000000000000000e+01 0.000000000000000000e+00 1.600000000000000089e+00 1.435999999999999993e-03 3.700999999999999863e-03 -9.999919999999999920e-01 3.862889999999999935e-01 -9.223729999999999984e-01 -2.858999999999999996e-03 -9.223770000000000024e-01 -3.862820000000000142e-01 -2.753999999999999938e-03
5.000000000000000000e+00 9.500000000000000000e+01 3.600000000000000000e+01 0.000000000000000000e+00 1.600000000000000089e+00 4.230000000000000253e-03 -1.363499999999999955e-02 9.998979999999999535e-01 9.967439999999999634e-01 8.057400000000000673e-02 -3.118000000000000112e-03 -8.052299999999999736e-02 9.966549999999999576e-01 1.393100000000000067e-02
1.300000000000000000e+01 9.500000000000000000e+01 3.600000000000000000e+01 0.000000000000000000e+00 1.600000000000000089e+00 2.213999999999999822e-03 -5.080999999999999579e-03 9.999850000000000128e-01 9.965699999999999559e-01 8.273500000000000298e-02 -1.786000000000000044e-03 -8.272400000000000586e-02 9.965589999999999726e-01 5.246999999999999928e-03
2.900000000000000000e+01 9.500000000000000000e+01 3.600000000000000000e+01 0.000000000000000000e+00 1.600000000000000089e+00 -1.204299999999999989e-02 -2.882900000000000046e-02 9.995119999999999560e-01 9.971109999999999696e-01 7.462000000000000577e-02 1.416599999999999977e-02 -7.499200000000000310e-02 9.967949999999999866e-01 2.784700000000000022e-02
4.000000000000000000e+00 2.900000000000000000e+01 4.400000000000000000e+01 0.000000000000000000e+00 1.600000000000000089e+00 -1.348999999999999939e-03 6.539999999999999590e-04 -9.999989999999999712e-01 6.746419999999999639e-01 7.381450000000000511e-01 -4.279999999999999950e-04 7.381440000000000223e-01 -6.746419999999999639e-01 -1.436999999999999909e-03
7.000000000000000000e+00 2.900000000000000000e+01 4.400000000000000000e+01 0.000000000000000000e+00 1.600000000000000089e+00 -1.711000000000000064e-03 7.140000000000000079e-04 -9.999980000000000535e-01 6.838260000000000449e-01 7.296449999999999880e-01 -6.489999999999999459e-04 7.296430000000000415e-01 -6.838260000000000449e-01 -1.737000000000000046e-03
1.100000000000000000e+01 2.900000000000000000e+01 4.400000000000000000e+01 0.000000000000000000e+00 1.600000000000000089e+00 -5.800000000000000034e-05 -4.185999999999999617e-03 -9.999909999999999632e-01 6.882200000000000539e-01 7.254950000000000010e-01 -3.076999999999999874e-03 7.255019999999999802e-01 -6.882139999999999924e-01 2.838999999999999944e-03
1.700000000000000000e+01 2.900000000000000000e+01 4.400000000000000000e+01 0.000000000000000000e+00 1.600000000000000089e+00 1.876999999999999979e-03 -7.370999999999999948e-03 -9.999710000000000543e-01 6.824829999999999508e-01 7.308900000000000396e-01 -4.107000000000000407e-03 7.308989999999999654e-01 -6.824559999999999516e-01 6.401999999999999705e-03
2.900000000000000000e+01 2.900000000000000000e+01 4.400000000000000000e+01 0.000000000000000000e+00 1.600000000000000089e+00 -1.062000000000000010e-03 -9.529999999999999626e-04 -9.999989999999999712e-01 6.704599999999999449e-01 7.419440000000000479e-01 -1.418999999999999906e-03 7.419449999999999656e-01 -6.704609999999999737e-01 -1.489999999999999897e-04
2.400000000000000000e+01 5.400000000000000000e+01 4.600000000000000000e+01 0.000000000000000000e+00 1.600000000000000089e+00 -4.330000000000000081e-04 8.418000000000000135e-03 9.999639999999999640e-01 3.425819999999999976e-01 -9.394529999999999825e-01 8.056999999999999926e-03 9.394879999999999898e-01 3.425739999999999896e-01 -2.477000000000000035e-03
7.000000000000000000e+00 6.500000000000000000e+01 4.600000000000000000e+01 0.000000000000000000e+00 1.600000000000000089e+00 1.990000000000000124e-04 -1.258999999999999920e-03 9.999989999999999712e-01 6.824820000000000331e-01 -7.309010000000000229e-01 -1.056000000000000081e-03 7.309020000000000516e-01 6.824820000000000331e-01 7.140000000000000079e-04
1.300000000000000000e+01 6.500000000000000000e+01 4.600000000000000000e+01 0.000000000000000000e+00 1.600000000000000089e+00 -1.500000000000000038e-05 5.450000000000000200e-04 1.000000000000000000e+00 6.818109999999999449e-01 -7.315279999999999561e-01 4.090000000000000211e-04 7.315279999999999561e-01 6.818109999999999449e-01 -3.600000000000000227e-04
2.600000000000000000e+01 6.500000000000000000e+01 4.600000000000000000e+01 0.000000000000000000e+00 1.600000000000000089e+00 -2.474000000000000071e-03 1.453000000000000081e-03 9.999959999999999960e-01 6.812920000000000087e-01 -7.320060000000000455e-01 2.749000000000000141e-03 7.320069999999999633e-01 6.812960000000000127e-01 8.210000000000000067e-04
2.000000000000000000e+00 7.000000000000000000e+01 4.700000000000000000e+01 0.000000000000000000e+00 1.600000000000000089e+00 -6.549999999999999833e-04 -2.129999999999999949e-03 -9.999970000000000248e-01 -8.372349999999999515e-01 -5.468399999999999928e-01 1.712999999999999896e-03 -5.468429999999999680e-01 8.372340000000000337e-01 -1.425000000000000051e-03
3.000000000000000000e+00 5.000000000000000000e+00 5.100000000000000000e+01 0.000000000000000000e+00 1.600000000000000089e+00 -2.354000000000000190e-03 -2.982999999999999974e-03 -9.999930000000000208e-01 4.795289999999999830e-01 -8.775249999999999995e-01 1.489000000000000089e-03 -8.775230000000000530e-01 -4.795220000000000038e-01 3.495999999999999976e-03
6.000000000000000000e+00 5.000000000000000000e+00 5.100000000000000000e+01 0.000000000000000000e+00 1.600000000000000089e+00 1.038999999999999993e-03 -1.575000000000000011e-03 -9.999980000000000535e-01 4.819820000000000215e-01 -8.761790000000000411e-01 1.881000000000000076e-03 -8.761799999999999589e-01 -4.819829999999999948e-01 -1.520000000000000084e-04
1.300000000000000000e+01 5.000000000000000000e+00 5.100000000000000000e+01 0.000000000000000000e+00 1.600000000000000089e+00 -2.400999999999999922e-03 3.233000000000000197e-03 -9.999919999999999920e-01 4.866170000000000218e-01 -8.736059999999999937e-01 -3.991999999999999889e-03 -8.736120000000000552e-01 -4.866219999999999990e-01 5.240000000000000517e-04
3.000000000000000000e+00 7.000000000000000000e+00 5.200000000000000000e+01 0.000000000000000000e+00 1.600000000000000089e+00 -3.389000000000000085e-03 -6.179999999999999513e-04 -9.999940000000000495e-01 6.992199999999999804e-02 -9.975519999999999943e-01 3.789999999999999966e-04 -9.975469999999999615e-01 -6.991999999999999604e-02 3.423999999999999960e-03
2.700000000000000000e+01 7.000000000000000000e+00 5.200000000000000000e+01 0.000000000000000000e+00 1.600000000000000089e+00 1.110000000000000011e-04 -1.910000000000000077e-04 -1.000000000000000000e+00 8.148099999999999787e-02 -9.966749999999999776e-01 2.000000000000000096e-04 -9.966749999999999776e-01 -8.148099999999999787e-02 -9.500000000000000523e-05
2.000000000000000000e+00 6.300000000000000000e+01 5.400000000000000000e+01 0.000000000000000000e+00 1.600000000000000089e+00 -2.351999999999999924e-03 -1.518000000000000035e-03 9.999959999999999960e-01 -3.519829999999999903e-01 9.360060000000000047e-01 5.929999999999999941e-04 -9.360030000000000294e-01 -3.519800000000000151e-01 -2.736000000000000151e-03
7.000000000000000000e+00 6.300000000000000000e+01 5.400000000000000000e+01 0.000000000000000000e+00 1.600000000000000089e+00 4.710000000000000102e-04 -3.469999999999999777e-04 1.000000000000000000e+00 -3.514160000000000061e-01 9.362190000000000234e-01 4.899999999999999842e-04 -9.362190000000000234e-01 -3.514160000000000061e-01 3.190000000000000019e-04
1.100000000000000000e+01 6.300000000000000000e+01 5.400000000000000000e+01 0.000000000000000000e+00 1.600000000000000089e+00 8.799999999999999771e-05 1.299999999999999886e-04 1.000000000000000000e+00 -3.493439999999999879e-01 9.369939999999999936e-01 -9.100000000000000287e-05 -9.369939999999999936e-01 -3.493439999999999879e-01 1.279999999999999942e-04
1.500000000000000000e+01 6.300000000000000000e+01 5.400000000000000000e+01 0.000000000000000000e+00 1.600000000000000089e+00 -4.989999999999999861e-04 7.690000000000000438e-04 1.000000000000000000e+00 -3.494030000000000191e-01 9.369720000000000271e-01 -8.949999999999999623e-04 -9.369720000000000271e-01 -3.494039999999999924e-01 -1.990000000000000124e-04
2.100000000000000000e+01 6.300000000000000000e+01 5.400000000000000000e+01 0.000000000000000000e+00 1.600000000000000089e+00 -6.329999999999999906e-04 -1.652999999999999955e-03 9.999980000000000535e-01 -3.521690000000000098e-01 9.359359999999999902e-01 1.324000000000000090e-03 -9.359359999999999902e-01 -3.521670000000000078e-01 -1.175000000000000046e-03
2.500000000000000000e+01 6.300000000000000000e+01 5.400000000000000000e+01 0.000000000000000000e+00 1.600000000000000089e+00 8.689999999999999808e-04 -1.206000000000000041e-03 9.999989999999999712e-01 -3.506449999999999845e-01 9.365069999999999784e-01 1.433999999999999945e-03 -9.365080000000000071e-01 -3.506460000000000132e-01 3.910000000000000172e-04
7.000000000000000000e+00 2.500000000000000000e+01 5.500000000000000000e+01 0.000000000000000000e+00 1.600000000000000089e+00 -1.410000000000000120e-04 5.751000000000000036e-03 -9.999829999999999552e-01 -1.230299999999999970e-02 -9.999080000000000190e-01 -5.748999999999999770e-03 -9.999240000000000350e-01 1.230200000000000043e-02 2.110000000000000059e-04
2.000000000000000000e+01 2.500000000000000000e+01 5.500000000000000000e+01 0.000000000000000000e+00 1.600000000000000089e+00 -2.059999999999999928e-04 -1.132999999999999893e-03 -9.999989999999999712e-01 -1.045100000000000022e-02 -9.999449999999999728e-01 1.134999999999999941e-03 -9.999449999999999728e-01 1.045100000000000022e-02 1.939999999999999993e-04
2.700000000000000000e+01 2.500000000000000000e+01 5.500000000000000000e+01 0.000000000000000000e+00 1.600000000000000089e+00 -1.569999999999999944e-04 -3.370000000000000057e-04 -1.000000000000000000e+00 -1.255399999999999919e-02 -9.999209999999999487e-01 3.390000000000000001e-04 -9.999209999999999487e-01 1.255399999999999919e-02 1.530000000000000056e-04
1.100000000000000000e+01 6.800000000000000000e+01 5.700000000000000000e+01 0.000000000000000000e+00 1.600000000000000089e+00 2.400000000000000061e-04 -2.203999999999999796e-03 -9.999980000000000535e-01 -2.444590000000000096e-01 -9.696569999999999911e-01 2.077999999999999986e-03 -9.696599999999999664e-01 2.444580000000000086e-01 -7.709999999999999840e-04
1.000000000000000000e+01 2.100000000000000000e+01 6.000000000000000000e+01 0.000000000000000000e+00 1.600000000000000089e+00 -4.159999999999999744e-04 8.116999999999999216e-03 9.999670000000000503e-01 -9.534099999999999520e-02 9.954119999999999635e-01 -8.118999999999999481e-03 -9.954450000000000243e-01 -9.534099999999999520e-02 3.600000000000000227e-04
1.900000000000000000e+01 2.100000000000000000e+01 6.000000000000000000e+01 0.000000000000000000e+00 1.600000000000000089e+00 2.076999999999999853e-03 -9.188999999999999252e-03 9.999559999999999560e-01 -9.307100000000000095e-02 9.956159999999999455e-01 9.343000000000000610e-03 -9.956570000000000142e-01 -9.308600000000000207e-02 1.213000000000000102e-03
5.000000000000000000e+00 3.000000000000000000e+00 6.300000000000000000e+01 0.000000000000000000e+00 1.600000000000000089e+00 1.154999999999999994e-03 -1.067000000000000023e-03 9.999989999999999712e-01 -6.133549999999999836e-01 7.898060000000000080e-01 1.551999999999999994e-03 -7.898060000000000080e-01 -6.133560000000000123e-01 2.579999999999999828e-04
1.100000000000000000e+01 3.000000000000000000e+00 6.300000000000000000e+01 0.000000000000000000e+00 1.600000000000000089e+00 -5.969999999999999829e-04 -1.913999999999999903e-03 9.999980000000000535e-01 -6.142079999999999762e-01 7.891430000000000389e-01 1.144000000000000052e-03 -7.891439999999999566e-01 -6.142060000000000297e-01 -1.647000000000000026e-03
4.000000000000000000e+00 2.700000000000000000e+01 6.300000000000000000e+01 0.000000000000000000e+00 1.600000000000000089e+00 3.475999999999999923e-03 3.906000000000000184e-03 9.999860000000000415e-01 -2.779240000000000044e-01 9.605989999999999807e-01 -2.785999999999999848e-03 -9.605970000000000342e-01 -2.779099999999999904e-01 4.425000000000000114e-03
1.100000000000000000e+01 2.700000000000000000e+01 6.300000000000000000e+01 0.000000000000000000e+00 1.600000000000000089e+00 3.899999999999999929e-05 -1.330999999999999935e-03 9.999989999999999712e-01 -2.749519999999999742e-01 9.614570000000000061e-01 1.289999999999999914e-03 -9.614580000000000348e-01 -2.749519999999999742e-01 -3.280000000000000038e-04
1.400000000000000000e+01 2.700000000000000000e+01 6.300000000000000000e+01 0.000000000000000000e+00 1.600000000000000089e+00 -2.530000000000000239e-04 -1.871000000000000050e-03 9.999980000000000535e-01 -2.760319999999999996e-01 9.611469999999999736e-01 1.729000000000000068e-03 -9.611480000000000024e-01 -2.760310000000000263e-01 -7.600000000000000418e-04
2.000000000000000000e+01 2.700000000000000000e+01 6.300000000000000000e+01 0.000000000000000000e+00 1.600000000000000089e+00 3.736000000000000171e-03 8.399999999999999535e-05 9.999930000000000208e-01 -2.793350000000000000e-01 9.601929999999999632e-01 9.629999999999999888e-04 -9.601859999999999840e-01 -2.793370000000000020e-01 3.611000000000000060e-03
2.400000000000000000e+01 2.700000000000000000e+01 6.300000000000000000e+01 0.000000000000000000e+00 1.600000000000000089e+00 2.719000000000000063e-03 8.295000000000000290e-03 9.999620000000000175e-01 -2.739070000000000116e-01 9.617289999999999450e-01 -7.232999999999999846e-03 -9.617520000000000513e-01 -2.738769999999999816e-01 4.886999999999999851e-03
1.100000000000000000e+01 2.600000000000000000e+01 6.400000000000000000e+01 0.000000000000000000e+00 1.600000000000000089e+00 2.110000000000000059e-04 -1.804999999999999964e-03 9.999980000000000535e-01 -3.567549999999999888e-01 9.341960000000000264e-01 1.761999999999999894e-03 -9.341979999999999729e-01 -3.567549999999999888e-01 -4.470000000000000232e-04
1.500000000000000000e+01 2.600000000000000000e+01 6.400000000000000000e+01 0.000000000000000000e+00 1.600000000000000089e+00 7.860000000000000233e-04 -4.687000000000000194e-03 9.999890000000000168e-01 -3.589700000000000113e-01 9.333380000000000010e-01 4.656999999999999681e-03 -9.333489999999999842e-01 -3.589700000000000113e-01 -9.489999999999999738e-04
2.000000000000000000e+01 2.600000000000000000e+01 6.400000000000000000e+01 0.000000000000000000e+00 1.600000000000000089e+00 4.015999999999999605e-03 -2.000000000000000096e-04 9.999919999999999920e-01 -3.613569999999999838e-01 9.324259999999999771e-01 1.637000000000000000e-03 -9.324189999999999978e-01 -3.613600000000000145e-01 3.671999999999999917e-03
2.700000000000000000e+01 2.600000000000000000e+01 6.400000000000000000e+01 0.000000000000000000e+00 1.600000000000000089e+00 -2.788999999999999813e-03 9.055999999999999814e-03 9.999550000000000383e-01 -3.489559999999999884e-01 9.370920000000000361e-01 -9.459999999999999659e-03 -9.371350000000000513e-01 -3.489659999999999984e-01 5.469999999999999602e-04
2.000000000000000000e+00 2.500000000000000000e+01 7.300000000000000000e+01 0.000000000000000000e+00 1.600000000000000089e+00 2.082000000000000083e-03 1.936000000000000004e-03 9.999959999999999960e-01 7.498270000000000213e-01 -6.616340000000000554e-01 -2.799999999999999755e-04 6.616309999999999691e-01 7.498249999999999638e-01 -2.828999999999999918e-03
1.200000000000000000e+01 2.500000000000000000e+01 7.300000000000000000e+01 0.000000000000000000e+00 1.600000000000000089e+00 1.211000000000000054e-03 2.415000000000000046e-03 9.999959999999999960e-01 7.491560000000000441e-01 -6.623940000000000383e-01 6.920000000000000153e-04 6.623930000000000096e-01 7.491520000000000401e-01 -2.611000000000000040e-03
1.500000000000000000e+01 2.500000000000000000e+01 7.300000000000000000e+01 0.000000000000000000e+00 1.600000000000000089e+00 8.880000000000000089e-04 2.079999999999999818e-03 9.999970000000000248e-01 7.508040000000000269e-01 -6.605250000000000288e-01 7.069999999999999462e-04 6.605250000000000288e-01 7.508010000000000517e-01 -2.148000000000000170e-03
2.100000000000000000e+01 2.500000000000000000e+01 7.300000000000000000e+01 0.000000000000000000e+00 1.600000000000000089e+00 6.340000000000000149e-04 -7.759999999999999971e-04 1.000000000000000000e+00 7.496770000000000378e-01 -6.618030000000000301e-01 -9.890000000000000787e-04 6.618039999999999479e-01 7.496770000000000378e-01 1.630000000000000047e-04
2.500000000000000000e+01 2.500000000000000000e+01 7.300000000000000000e+01 0.000000000000000000e+00 1.600000000000000089e+00 3.110000000000000243e-04 -1.221000000000000080e-03 9.999989999999999712e-01 7.484819999999999807e-01 -6.631540000000000212e-01 -1.041999999999999958e-03 6.631550000000000500e-01 7.484819999999999807e-01 7.079999999999999705e-04
4.000000000000000000e+00 4.400000000000000000e+01 7.300000000000000000e+01 0.000000000000000000e+00 1.600000000000000089e+00 2.513000000000000043e-03 1.273000000000000043e-03 9.999959999999999960e-01 4.711800000000000016e-02 -9.988890000000000269e-01 1.152999999999999945e-03 9.988860000000000516e-01 4.711499999999999716e-02 -2.569999999999999802e-03
9.000000000000000000e+00 4.400000000000000000e+01 7.300000000000000000e+01 0.000000000000000000e+00 1.600000000000000089e+00 1.137999999999999906e-03 9.899999999999999946e-04 9.999989999999999712e-01 4.648800000000000154e-02 -9.989179999999999726e-01 9.359999999999999831e-04 9.989179999999999726e-01 4.648700000000000054e-02 -1.182000000000000108e-03
2.000000000000000000e+01 4.400000000000000000e+01 7.300000000000000000e+01 0.000000000000000000e+00 1.600000000000000089e+00 -3.200000000000000262e-04 -1.876999999999999979e-03 9.999980000000000535e-01 5.095899999999999735e-02 -9.986990000000000034e-01 -1.858999999999999975e-03 9.987009999999999499e-01 5.095800000000000329e-02 4.150000000000000043e-04
