2.900000000000000000e+01 1.700000000000000000e+01 3.000000000000000000e+00 0.000000000000000000e+00 1.600000000000000089e+00 -2.408400000000000124e-02 -1.488599999999999993e-02 -9.995990000000000153e-01 -7.260929999999999884e-01 -6.870370000000000088e-01 2.772600000000000064e-02 -6.871739999999999515e-01 7.264699999999999491e-01 5.738000000000000045e-03
3.000000000000000000e+00 1.800000000000000000e+01 3.000000000000000000e+00 0.000000000000000000e+00 1.600000000000000089e+00 6.374000000000000325e-03 6.753999999999999587e-03 -9.999569999999999848e-01 -7.792289999999999495e-01 -6.266720000000000068e-01 -9.199999999999999845e-03 -6.267070000000000141e-01 7.792540000000000022e-01 1.268999999999999946e-03
7.000000000000000000e+00 2.100000000000000000e+01 4.000000000000000000e+00 0.000000000000000000e+00 1.600000000000000089e+00 -1.046000000000000055e-03 -1.410000000000000120e-04 -1.000000000000000000e+00 -6.565849999999999742e-01 -7.542520000000000335e-01 7.940000000000000009e-04 -7.542520000000000335e-01 6.565849999999999742e-01 6.960000000000000041e-04
1.000000000000000000e+01 2.100000000000000000e+01 4.000000000000000000e+00 0.000000000000000000e+00 1.600000000000000089e+00 -2.005999999999999971e-03 2.775000000000000123e-03 -9.999940000000000495e-01 -6.573539999999999939e-01 -7.535809999999999453e-01 -7.720000000000000083e-04 -7.535789999999999988e-01 6.573489999999999611e-01 3.335999999999999990e-03
6.000000000000000000e+00 1.010000000000000000e+02 7.000000000000000000e+00 0.000000000000000000e+00 1.600000000000000089e+00 6.412000000000000165e-03 2.885100000000000164e-02 9.995629999999999793e-01 8.852470000000000061e-01 4.647299999999999764e-01 -1.909299999999999886e-02 -4.650770000000000182e-01 8.849829999999999641e-01 -2.256000000000000019e-02
1.400000000000000000e+01 1.010000000000000000e+02 7.000000000000000000e+00 0.000000000000000000e+00 1.600000000000000089e+00 -8.459999999999999638e-04 2.505999999999999981e-03 9.999970000000000248e-01 8.905859999999999888e-01 4.548139999999999961e-01 -3.860000000000000041e-04 -4.548130000000000228e-01 8.905830000000000135e-01 -2.616999999999999969e-03
2.300000000000000000e+01 1.010000000000000000e+02 7.000000000000000000e+00 0.000000000000000000e+00 1.600000000000000089e+00 3.869999999999999742e-04 2.172599999999999879e-02 9.997639999999999860e-01 8.880590000000000428e-01 4.596140000000000225e-01 -1.033199999999999917e-02 -4.597289999999999988e-01 8.878530000000000033e-01 -1.911600000000000105e-02
4.000000000000000000e+00 2.500000000000000000e+01 8.000000000000000000e+00 0.000000000000000000e+00 1.600000000000000089e+00 -9.399999999999999448e-05 -1.595500000000000043e-02 -9.998730000000000118e-01 4.403719999999999857e-01 8.977009999999999712e-01 -1.436600000000000030e-02 8.978159999999999474e-01 -4.403170000000000139e-01 6.941000000000000121e-03
1.400000000000000000e+01 2.500000000000000000e+01 8.000000000000000000e+00 0.000000000000000000e+00 1.600000000000000089e+00 -5.800000000000000034e-05 1.744700000000000070e-02 -9.998479999999999590e-01 4.423889999999999767e-01 8.966870000000000118e-01 1.562099999999999947e-02 8.968230000000000368e-01 -4.423210000000000197e-01 -7.769999999999999997e-03
1.900000000000000000e+01 2.500000000000000000e+01 8.000000000000000000e+00 0.000000000000000000e+00 1.600000000000000089e+00 -4.440000000000000045e-04 5.388999999999999693e-03 -9.999850000000000128e-01 4.421900000000000275e-01 8.969099999999999850e-01 4.636999999999999629e-03 8.969209999999999683e-01 -4.421809999999999907e-01 -2.781000000000000052e-03
2.400000000000000000e+01 2.500000000000000000e+01 8.000000000000000000e+00 0.000000000000000000e+00 1.600000000000000089e+00 1.742000000000000059e-03 4.523000000000000111e-03 -9.999879999999999880e-01 4.397159999999999958e-01 8.981240000000000334e-01 4.827999999999999826e-03 8.981350000000000167e-01 -4.397190000000000265e-01 -4.240000000000000062e-04
2.700000000000000000e+01 2.500000000000000000e+01 8.000000000000000000e+00 0.000000000000000000e+00 1.600000000000000089e+00 8.769999999999999584e-04 1.012099999999999979e-02 -9.999479999999999480e-01 4.378949999999999787e-01 8.989759999999999973e-01 9.483000000000000110e-03 8.990259999999999918e-01 -4.378799999999999915e-01 -3.644000000000000104e-03
5.000000000000000000e+00 2.400000000000000000e+01 9.000000000000000000e+00 0.000000000000000000e+00 1.600000000000000089e+00 2.750000000000000166e-04 -1.243599999999999914e-02 -9.999230000000000063e-01 4.458610000000000073e-01 8.950339999999999963e-01 -1.100899999999999969e-02 8.951019999999999532e-01 -4.458239999999999981e-01 5.791000000000000140e-03
1.200000000000000000e+01 2.400000000000000000e+01 9.000000000000000000e+00 0.000000000000000000e+00 1.600000000000000089e+00 2.151999999999999833e-03 7.442999999999999963e-03 -9.999700000000000255e-01 4.497780000000000111e-01 8.931080000000000130e-01 7.615000000000000241e-03 8.931379999999999875e-01 -4.497809999999999864e-01 -1.425999999999999967e-03
1.600000000000000000e+01 2.400000000000000000e+01 9.000000000000000000e+00 0.000000000000000000e+00 1.600000000000000089e+00 -2.262000000000000122e-03 2.015399999999999830e-02 -9.997939999999999605e-01 4.489130000000000065e-01 8.934140000000000414e-01 1.699399999999999869e-02 8.935720000000000329e-01 -4.487829999999999875e-01 -1.106799999999999971e-02
2.400000000000000000e+01 2.400000000000000000e+01 9.000000000000000000e+00 0.000000000000000000e+00 1.600000000000000089e+00 2.129999999999999949e-03 5.403999999999999949e-03 -9.999829999999999552e-01 4.461950000000000083e-01 8.949169999999999625e-01 5.786999999999999610e-03 8.949329999999999785e-01 -4.461999999999999855e-01 -5.050000000000000235e-04
1.200000000000000000e+01 3.500000000000000000e+01 1.200000000000000000e+01 0.000000000000000000e+00 1.600000000000000089e+00 1.459999999999999981e-04 -1.103000000000000031e-03 -9.999989999999999712e-01 4.042959999999999887e-01 -9.146279999999999966e-01 1.067999999999999939e-03 -9.146279999999999966e-01 -4.042959999999999887e-01 3.130000000000000187e-04
1.800000000000000000e+01 3.500000000000000000e+01 1.200000000000000000e+01 0.000000000000000000e+00 1.600000000000000089e+00 1.075999999999999917e-03 4.913999999999999965e-03 -9.999869999999999592e-01 4.029269999999999796e-01 -9.152230000000000087e-01 -4.063999999999999904e-03 -9.152310000000000167e-01 -4.029179999999999984e-01 -2.965000000000000187e-03
2.100000000000000000e+01 3.500000000000000000e+01 1.200000000000000000e+01 0.000000000000000000e+00 1.600000000000000089e+00 -1.925999999999999978e-03 3.697000000000000199e-03 -9.999909999999999632e-01 4.109740000000000060e-01 -9.116379999999999484e-01 -4.161999999999999901e-03 -9.116450000000000387e-01 -4.109780000000000100e-01 2.369999999999999874e-04
2.600000000000000000e+01 3.500000000000000000e+01 1.200000000000000000e+01 0.000000000000000000e+00 1.600000000000000089e+00 -2.311000000000000120e-03 3.301000000000000115e-03 -9.999919999999999920e-01 4.221650000000000125e-01 -9.065100000000000380e-01 -3.968000000000000173e-03 -9.065159999999999885e-01 -4.221710000000000185e-01 7.010000000000000172e-04
2.300000000000000000e+01 3.200000000000000000e+01 1.400000000000000000e+01 0.000000000000000000e+00 1.600000000000000089e+00 5.829999999999999679e-04 1.200000000000000030e-04 -1.000000000000000000e+00 1.238459999999999978e-01 9.923009999999999886e-01 1.910000000000000077e-04 9.923009999999999886e-01 -1.238459999999999978e-01 5.630000000000000239e-04
6.000000000000000000e+00 1.300000000000000000e+01 1.600000000000000000e+01 0.000000000000000000e+00 1.600000000000000089e+00 1.048000000000000103e-03 3.646599999999999842e-02 9.993339999999999446e-01 1.108770000000000033e-01 -9.931769999999999765e-01 3.612499999999999739e-02 9.938339999999999952e-01 1.107650000000000023e-01 -5.083999999999999977e-03
1.600000000000000000e+01 1.300000000000000000e+01 1.600000000000000000e+01 0.000000000000000000e+00 1.600000000000000089e+00 2.197000000000000168e-03 -2.064300000000000163e-02 9.997840000000000060e-01 1.174930000000000002e-01 -9.928569999999999895e-01 -2.075799999999999867e-02 9.930710000000000370e-01 1.175130000000000063e-01 2.439999999999999949e-04
2.300000000000000000e+01 1.300000000000000000e+01 1.600000000000000000e+01 0.000000000000000000e+00 1.600000000000000089e+00 6.091000000000000060e-03 -5.901200000000000195e-02 9.982389999999999874e-01 1.403939999999999910e-01 -9.883189999999999475e-01 -5.928200000000000136e-02 9.900769999999999849e-01 1.405079999999999940e-01 2.265999999999999785e-03
3.000000000000000000e+01 1.160000000000000000e+02 1.600000000000000000e+01 0.000000000000000000e+00 1.600000000000000089e+00 3.913999999999999944e-03 -5.919999999999999698e-04 9.999919999999999920e-01 6.476389999999999647e-01 7.619449999999999834e-01 -2.083999999999999915e-03 -7.619380000000000042e-01 6.476420000000000510e-01 3.366000000000000068e-03
8.000000000000000000e+00 2.000000000000000000e+00 1.900000000000000000e+01 0.000000000000000000e+00 1.600000000000000089e+00 -5.143000000000000002e-03 5.754999999999999699e-03 -9.999700000000000255e-01 2.841770000000000129e-01 -9.587459999999999871e-01 -6.978999999999999961e-03 -9.587579999999999991e-01 -2.842040000000000122e-01 3.295999999999999885e-03
1.800000000000000000e+01 2.000000000000000000e+00 1.900000000000000000e+01 0.000000000000000000e+00 1.600000000000000089e+00 2.229000000000000078e-03 -9.074000000000000468e-03 -9.999559999999999560e-01 2.906859999999999999e-01 -9.567729999999999846e-01 9.329999999999999752e-03 -9.568159999999999998e-01 -2.906940000000000079e-01 5.050000000000000235e-04
3.000000000000000000e+00 3.000000000000000000e+00 1.900000000000000000e+01 0.000000000000000000e+00 1.600000000000000089e+00 -3.063000000000000184e-03 1.758399999999999894e-02 -9.998409999999999798e-01 3.107779999999999987e-01 -9.503179999999999961e-01 -1.766600000000000115e-02 -9.504780000000000451e-01 -3.107829999999999759e-01 -2.553999999999999847e-03
1.300000000000000000e+01 3.000000000000000000e+00 1.900000000000000000e+01 0.000000000000000000e+00 1.600000000000000089e+00 -8.600000000000000331e-05 4.809999999999999823e-04 -1.000000000000000000e+00 3.037509999999999932e-01 -9.527510000000000145e-01 -4.840000000000000010e-04 -9.527510000000000145e-01 -3.037509999999999932e-01 -6.499999999999999431e-05
2.200000000000000000e+01 3.000000000000000000e+00 1.900000000000000000e+01 0.000000000000000000e+00 1.600000000000000089e+00 8.312999999999999209e-03 -1.720299999999999954e-02 -9.998169999999999558e-01 3.233509999999999995e-01 -9.460889999999999578e-01 1.896700000000000122e-02 -9.462429999999999453e-01 -3.234489999999999865e-01 -2.301999999999999793e-03
2.700000000000000000e+01 3.000000000000000000e+00 1.900000000000000000e+01 0.000000000000000000e+00 1.600000000000000089e+00 1.077000000000000006e-02 -2.956299999999999900e-02 -9.995049999999999768e-01 3.306060000000000110e-01 -9.432439999999999714e-01 3.146199999999999691e-02 -9.437069999999999625e-01 -3.307809999999999917e-01 -3.849999999999999798e-04
4.000000000000000000e+00 4.000000000000000000e+00 2.000000000000000000e+01 0.000000000000000000e+00 1.600000000000000089e+00 -3.983000000000000429e-03 1.655799999999999980e-02 -9.998550000000000493e-01 4.228910000000000169e-01 -9.060270000000000268e-01 -1.668800000000000144e-02 -9.061719999999999775e-01 -4.228959999999999941e-01 -3.393000000000000183e-03
1.300000000000000000e+01 4.000000000000000000e+00 2.000000000000000000e+01 0.000000000000000000e+00 1.600000000000000089e+00 6.480000000000000300e-04 2.510000000000000078e-03 -9.999970000000000248e-01 4.280329999999999968e-01 -9.037610000000000365e-01 -1.991000000000000148e-03 -9.037629999999999830e-01 -4.280300000000000216e-01 -1.660000000000000017e-03
1.600000000000000000e+01 4.000000000000000000e+00 2.000000000000000000e+01 0.000000000000000000e+00 1.600000000000000089e+00 2.622999999999999898e-03 -5.105000000000000163e-03 -9.999839999999999840e-01 4.304430000000000200e-01 -9.025999999999999579e-01 5.736999999999999912e-03 -9.026140000000000274e-01 -4.304509999999999725e-01 -1.700000000000000122e-04
2.200000000000000000e+01 4.000000000000000000e+00 2.000000000000000000e+01 0.000000000000000000e+00 1.600000000000000089e+00 7.295000000000000269e-03 -1.838800000000000157e-02 -9.998040000000000260e-01 4.357059999999999822e-01 -8.998730000000000340e-01 1.972900000000000001e-02 -9.000599999999999712e-01 -4.357639999999999847e-01 1.446999999999999936e-03
2.700000000000000000e+01 4.000000000000000000e+00 2.000000000000000000e+01 0.000000000000000000e+00 1.600000000000000089e+00 7.603999999999999648e-03 -3.082199999999999870e-02 -9.994960000000000511e-01 4.289350000000000107e-01 -9.028000000000000469e-01 3.110399999999999970e-02 -9.033029999999999671e-01 -4.289560000000000040e-01 6.355999999999999671e-03
3.000000000000000000e+00 1.300000000000000000e+01 2.000000000000000000e+01 0.000000000000000000e+00 1.600000000000000089e+00 -7.529999999999999801e-04 6.478000000000000251e-03 9.999789999999999512e-01 3.053179999999999783e-01 9.522319999999999673e-01 -5.938999999999999835e-03 -9.522500000000000409e-01 3.053069999999999951e-01 -2.694000000000000214e-03
1.200000000000000000e+01 1.300000000000000000e+01 2.000000000000000000e+01 0.000000000000000000e+00 1.600000000000000089e+00 -5.550000000000000462e-04 1.366000000000000027e-03 9.999989999999999712e-01 3.126900000000000235e-01 9.498539999999999761e-01 -1.123999999999999999e-03 -9.498550000000000049e-01 3.126889999999999947e-01 -9.550000000000000112e-04
1.800000000000000000e+01 1.300000000000000000e+01 2.000000000000000000e+01 0.000000000000000000e+00 1.600000000000000089e+00 -5.300000000000000078e-05 4.616000000000000311e-03 9.999890000000000168e-01 3.102599999999999802e-01 9.506419999999999870e-01 -4.372000000000000018e-03 -9.506520000000000525e-01 3.102570000000000050e-01 -1.482999999999999943e-03
2.300000000000000000e+01 1.300000000000000000e+01 2.000000000000000000e+01 0.000000000000000000e+00 1.600000000000000089e+00 3.269999999999999795e-04 1.119799999999999962e-02 9.999369999999999647e-01 3.051789999999999781e-01 9.522340000000000249e-01 -1.076300000000000000e-02 -9.522950000000000026e-01 3.051630000000000176e-01 -3.105000000000000121e-03
7.000000000000000000e+00 1.400000000000000000e+01 2.000000000000000000e+01 0.000000000000000000e+00 1.600000000000000089e+00 3.399999999999999973e-05 1.815999999999999906e-03 9.999980000000000535e-01 2.671510000000000273e-01 9.636529999999999818e-01 -1.758999999999999930e-03 -9.636550000000000393e-01 2.671499999999999986e-01 -4.530000000000000064e-04
7.000000000000000000e+00 1.600000000000000000e+01 2.100000000000000000e+01 0.000000000000000000e+00 1.600000000000000089e+00 4.899999999999999842e-04 7.300000000000000065e-03 9.999730000000000008e-01 3.034830000000000028e-01 9.528100000000000458e-01 -7.104000000000000072e-03 -9.528370000000000450e-01 3.034789999999999988e-01 -1.748999999999999904e-03
1.200000000000000000e+01 1.600000000000000000e+01 2.100000000000000000e+01 0.000000000000000000e+00 1.600000000000000089e+00 -1.124999999999999915e-03 1.620000000000000075e-04 9.999989999999999712e-01 3.043219999999999814e-01 9.525689999999999991e-01 1.890000000000000133e-04 -9.525689999999999991e-01 3.043219999999999814e-01 -1.121000000000000035e-03
1.900000000000000000e+01 1.600000000000000000e+01 2.100000000000000000e+01 0.000000000000000000e+00 1.600000000000000089e+00 3.780000000000000265e-04 -2.562000000000000041e-03 9.999970000000000248e-01 3.081329999999999902e-01 9.513399999999999634e-01 2.321000000000000146e-03 -9.513430000000000497e-01 3.081309999999999882e-01 1.149000000000000065e-03
6.000000000000000000e+00 4.200000000000000000e+01 2.500000000000000000e+01 0.000000000000000000e+00 1.600000000000000089e+00 1.413000000000000020e-02 -6.697480000000000100e-01 7.424539999999999473e-01 -4.460870000000000113e-01 6.603160000000000140e-01 6.041429999999999856e-01 -8.948779999999999513e-01 -3.397359999999999824e-01 -2.894360000000000266e-01
1.200000000000000000e+01 4.600000000000000000e+01 2.700000000000000000e+01 0.000000000000000000e+00 1.600000000000000089e+00 -3.426999999999999925e-03 8.559999999999999901e-04 -9.999940000000000495e-01 6.811800000000000077e-01 7.321140000000000425e-01 -1.708000000000000100e-03 7.321079999999999810e-01 -6.811810000000000365e-01 -3.092000000000000130e-03
7.000000000000000000e+00 3.900000000000000000e+01 2.900000000000000000e+01 0.000000000000000000e+00 1.600000000000000089e+00 -1.623229999999999951e-01 -9.313289999999999624e-01 3.260020000000000140e-01 5.399859999999999660e-01 -3.603649999999999909e-01 -7.606260000000000243e-01 8.258729999999999682e-01 5.256899999999999767e-02 5.614000000000000101e-01
1.600000000000000000e+01 4.600000000000000000e+01 3.000000000000000000e+01 0.000000000000000000e+00 1.600000000000000089e+00 -5.099999999999999960e-05 4.960000000000000216e-04 -1.000000000000000000e+00 3.284369999999999790e-01 9.445259999999999767e-01 4.510000000000000120e-04 9.445259999999999767e-01 -3.284369999999999790e-01 -2.110000000000000059e-04
2.100000000000000000e+01 4.600000000000000000e+01 3.000000000000000000e+01 0.000000000000000000e+00 1.600000000000000089e+00 -2.110000000000000059e-04 -1.773999999999999969e-03 -9.999980000000000535e-01 3.304469999999999907e-01 9.438229999999999675e-01 -1.742999999999999975e-03 9.438250000000000250e-01 -3.304469999999999907e-01 3.869999999999999742e-04
8.000000000000000000e+00 5.800000000000000000e+01 3.100000000000000000e+01 0.000000000000000000e+00 1.600000000000000089e+00 5.670000000000000127e-04 8.503000000000000141e-03 9.999639999999999640e-01 -8.015529999999999600e-01 -5.978980000000000405e-01 5.538000000000000388e-03 5.979229999999999823e-01 -8.015269999999999895e-01 6.477000000000000118e-03
1.100000000000000000e+01 5.800000000000000000e+01 3.100000000000000000e+01 0.000000000000000000e+00 1.600000000000000089e+00 -8.220000000000000310e-04 -4.699999999999999724e-05 1.000000000000000000e+00 -8.001160000000000494e-01 -5.998459999999999903e-01 -6.859999999999999779e-04 5.998449999999999616e-01 -8.001160000000000494e-01 4.560000000000000251e-04
1.800000000000000000e+01 5.800000000000000000e+01 3.100000000000000000e+01 0.000000000000000000e+00 1.600000000000000089e+00 -2.001000000000000174e-03 -1.794999999999999938e-03 9.999959999999999960e-01 -8.009990000000000165e-01 -5.986590000000000522e-01 -2.677000000000000126e-03 5.986620000000000275e-01 -8.010019999999999918e-01 -2.400000000000000061e-04
2.100000000000000000e+01 5.800000000000000000e+01 3.100000000000000000e+01 0.000000000000000000e+00 1.600000000000000089e+00 -1.539000000000000003e-03 -3.959999999999999762e-04 9.999989999999999712e-01 -8.017619999999999747e-01 -5.976420000000000066e-01 -1.469999999999999953e-03 5.976420000000000066e-01 -8.017630000000000035e-01 6.019999999999999961e-04
2.600000000000000000e+01 5.800000000000000000e+01 3.100000000000000000e+01 0.000000000000000000e+00 1.600000000000000089e+00 3.709000000000000057e-03 -3.300000000000000253e-05 9.999930000000000208e-01 -8.006140000000000478e-01 -5.991729999999999556e-01 2.949999999999999931e-03 5.991689999999999516e-01 -8.006199999999999983e-01 -2.249000000000000131e-03
3.000000000000000000e+00 2.300000000000000000e+01 3.400000000000000000e+01 0.000000000000000000e+00 1.600000000000000089e+00 3.834000000000000168e-03 4.144000000000000114e-03 9.999839999999999840e-01 3.917499999999999871e-01 -9.200690000000000257e-01 2.311000000000000120e-03 9.200639999999999930e-01 3.917340000000000266e-01 -5.151000000000000197e-03
6.000000000000000000e+00 2.300000000000000000e+01 3.400000000000000000e+01 0.000000000000000000e+00 1.600000000000000089e+00 3.586000000000000212e-03 1.729999999999999984e-03 9.999919999999999920e-01 3.989530000000000021e-01 -9.169720000000000093e-01 1.550000000000000000e-04 9.169650000000000301e-01 3.989489999999999981e-01 -3.978999999999999898e-03
8.000000000000000000e+00 4.600000000000000000e+01 3.500000000000000000e+01 0.000000000000000000e+00 1.600000000000000089e+00 -6.492000000000000375e-03 -1.591039999999999954e-01 -9.872400000000000064e-01 3.835000000000000075e-01 -9.121690000000000076e-01 1.444830000000000003e-01 -9.235179999999999501e-01 -3.776680000000000037e-01 6.693799999999999750e-02
1.300000000000000000e+01 4.600000000000000000e+01 3.500000000000000000e+01 0.000000000000000000e+00 1.600000000000000089e+00 3.780000000000000265e-04 5.793000000000000406e-03 -9.999829999999999552e-01 3.907809999999999895e-01 -9.204689999999999817e-01 -5.185000000000000372e-03 -9.204839999999999689e-01 -3.907720000000000082e-01 -2.612000000000000172e-03
1.700000000000000000e+01 4.600000000000000000e+01 3.500000000000000000e+01 0.000000000000000000e+00 1.600000000000000089e+00 -1.547999999999999897e-03 7.191000000000000343e-03 -9.999730000000000008e-01 3.914850000000000274e-01 -9.201559999999999739e-01 -7.224000000000000386e-03 -9.201829999999999732e-01 -3.914860000000000007e-01 -1.391000000000000092e-03
2.400000000000000000e+01 4.600000000000000000e+01 3.500000000000000000e+01 0.000000000000000000e+00 1.600000000000000089e+00 4.360000000000000269e-04 -5.224999999999999610e-03 -9.999860000000000415e-01 3.914279999999999982e-01 -9.201949999999999852e-01 4.978999999999999919e-03 -9.202090000000000547e-01 -3.914239999999999942e-01 1.644000000000000062e-03
3.000000000000000000e+01 4.600000000000000000e+01 3.500000000000000000e+01 0.000000000000000000e+00 1.600000000000000089e+00 -3.150000000000000131e-04 1.939999999999999993e-04 -1.000000000000000000e+00 3.911180000000000212e-01 -9.203409999999999647e-01 -3.020000000000000223e-04 -9.203409999999999647e-01 -3.911180000000000212e-01 2.139999999999999975e-04
3.000000000000000000e+00 9.500000000000000000e+01 3.700000000000000000e+01 0.000000000000000000e+00 1.600000000000000089e+00 3.863000000000000114e-03 -1.703299999999999953e-02 9.998470000000000413e-01 9.973509999999999875e-01 7.268700000000000161e-02 -2.615000000000000137e-03 -7.263200000000000212e-02 9.972090000000000121e-01 1.726799999999999863e-02
2.000000000000000000e+00 5.000000000000000000e+01 4.200000000000000000e+01 0.000000000000000000e+00 1.600000000000000089e+00 -3.025950000000000029e-01 8.377959999999999852e-01 -4.544599999999999751e-01 -5.403700000000000170e-01 2.419779999999999986e-01 8.058819999999999872e-01 7.851350000000000273e-01 4.894319999999999782e-01 3.794989999999999752e-01
2.000000000000000000e+00 5.100000000000000000e+01 4.300000000000000000e+01 0.000000000000000000e+00 1.600000000000000089e+00 -2.408470000000000055e-01 7.806220000000000381e-01 -5.767339999999999689e-01 -5.142290000000000472e-01 4.013329999999999953e-01 7.579580000000000206e-01 8.231410000000000116e-01 4.791250000000000231e-01 3.047579999999999734e-01
1.000000000000000000e+01 2.900000000000000000e+01 4.400000000000000000e+01 0.000000000000000000e+00 1.600000000000000089e+00 5.807999999999999795e-03 1.019199999999999967e-02 -9.999310000000000143e-01 6.965160000000000240e-01 7.174519999999999786e-01 1.135800000000000004e-02 7.175179999999999891e-01 -6.965339999999999865e-01 -2.931000000000000012e-03
1.400000000000000000e+01 2.900000000000000000e+01 4.400000000000000000e+01 0.000000000000000000e+00 1.600000000000000089e+00 -7.370000000000000249e-04 4.722999999999999768e-03 -9.999890000000000168e-01 6.600030000000000063e-01 7.512569999999999526e-01 3.062000000000000052e-03 7.512630000000000141e-01 -6.599930000000000518e-01 -3.670999999999999784e-03
1.800000000000000000e+01 2.900000000000000000e+01 4.400000000000000000e+01 0.000000000000000000e+00 1.600000000000000089e+00 -1.350000000000000071e-03 2.007999999999999802e-03 -9.999970000000000248e-01 6.544870000000000410e-01 7.560729999999999951e-01 6.340000000000000149e-04 7.560719999999999663e-01 -6.544849999999999834e-01 -2.334999999999999836e-03
2.200000000000000000e+01 2.900000000000000000e+01 4.400000000000000000e+01 0.000000000000000000e+00 1.600000000000000089e+00 1.343000000000000010e-03 1.025000000000000086e-03 -9.999989999999999712e-01 6.601529999999999898e-01 7.511299999999999644e-01 1.655999999999999920e-03 7.511299999999999644e-01 -6.601540000000000186e-01 3.319999999999999926e-04
2.600000000000000000e+01 2.900000000000000000e+01 4.400000000000000000e+01 0.000000000000000000e+00 1.600000000000000089e+00 1.786000000000000044e-03 -3.086999999999999900e-03 -9.999940000000000495e-01 6.597880000000000411e-01 7.514509999999999801e-01 -1.141000000000000087e-03 7.514499999999999513e-01 -6.597819999999999796e-01 3.379000000000000059e-03
3.000000000000000000e+01 2.900000000000000000e+01 4.400000000000000000e+01 0.000000000000000000e+00 1.600000000000000089e+00 2.263999999999999953e-03 -7.751000000000000077e-03 -9.999670000000000503e-01 6.611759999999999859e-01 7.502180000000000515e-01 -4.317999999999999790e-03 7.502269999999999772e-01 -6.611449999999999827e-01 6.823000000000000072e-03
2.000000000000000000e+00 5.000000000000000000e+01 4.500000000000000000e+01 0.000000000000000000e+00 1.600000000000000089e+00 7.560179999999999678e-01 3.539869999999999961e-01 5.505719999999999503e-01 6.180229999999999890e-01 -1.089829999999999965e-01 -7.785689999999999555e-01 -2.156009999999999871e-01 9.288790000000000102e-01 -3.011659999999999893e-01
1.300000000000000000e+01 6.500000000000000000e+01 4.600000000000000000e+01 0.000000000000000000e+00 1.600000000000000089e+00 1.572999999999999962e-03 7.669999999999999951e-04 9.999980000000000535e-01 6.806149999999999700e-01 -7.326409999999999867e-01 -5.090000000000000123e-04 7.326390000000000402e-01 6.806149999999999700e-01 -1.675000000000000057e-03
1.200000000000000000e+01 7.000000000000000000e+01 4.700000000000000000e+01 0.000000000000000000e+00 1.600000000000000089e+00 1.899999999999999996e-03 5.416999999999999940e-03 -9.999839999999999840e-01 -8.362640000000000073e-01 -5.483090000000000463e-01 -4.558999999999999685e-03 -5.483240000000000336e-01 8.362579999999999458e-01 3.488000000000000215e-03
5.000000000000000000e+00 2.900000000000000000e+01 4.800000000000000000e+01 0.000000000000000000e+00 1.600000000000000089e+00 3.253999999999999948e-03 -1.280899999999999921e-02 9.999130000000000518e-01 3.744899999999999896e-01 9.271700000000000497e-01 1.065900000000000007e-02 -9.272249999999999659e-01 3.744230000000000058e-01 7.813999999999999765e-03
1.000000000000000000e+01 2.900000000000000000e+01 4.800000000000000000e+01 0.000000000000000000e+00 1.600000000000000089e+00 -2.688999999999999984e-03 7.424000000000000044e-03 9.999689999999999968e-01 3.631369999999999876e-01 9.317170000000000174e-01 -5.939999999999999968e-03 -9.317320000000000046e-01 3.631099999999999883e-01 -5.200999999999999894e-03
2.000000000000000000e+00 7.000000000000000000e+00 5.200000000000000000e+01 0.000000000000000000e+00 1.600000000000000089e+00 -2.750000000000000166e-04 -4.355000000000000364e-03 -9.999909999999999632e-01 7.330399999999999416e-02 -9.972999999999999643e-01 4.322999999999999586e-03 -9.973100000000000298e-01 -7.330200000000000604e-02 5.929999999999999941e-04
2.300000000000000000e+01 7.000000000000000000e+00 5.200000000000000000e+01 0.000000000000000000e+00 1.600000000000000089e+00 -7.479999999999999670e-03 -3.933999999999999997e-03 -9.999639999999999640e-01 1.392369999999999997e-01 -9.902549999999999963e-01 2.854000000000000200e-03 -9.902309999999999723e-01 -1.392100000000000004e-01 7.955000000000000265e-03
1.400000000000000000e+01 4.500000000000000000e+01 5.300000000000000000e+01 0.000000000000000000e+00 1.600000000000000089e+00 -3.303899999999999892e-02 -4.096929999999999739e-01 9.116250000000000187e-01 6.218499999999999722e-02 9.095130000000000159e-01 4.109979999999999745e-01 -9.975180000000000158e-01 7.026799999999999713e-02 -4.572999999999999808e-03
3.000000000000000000e+00 5.100000000000000000e+01 5.400000000000000000e+01 0.000000000000000000e+00 1.600000000000000089e+00 -1.049559999999999937e-01 8.473469999999999613e-01 5.205640000000000267e-01 -7.714459999999999651e-01 2.609620000000000273e-01 -5.803190000000000293e-01 -6.275800000000000267e-01 -4.624949999999999894e-01 6.262929999999999886e-01
4.000000000000000000e+00 6.300000000000000000e+01 5.400000000000000000e+01 0.000000000000000000e+00 1.600000000000000089e+00 -7.470000000000000511e-04 3.687999999999999872e-03 9.999930000000000208e-01 -3.578749999999999987e-01 9.337619999999999809e-01 -3.710999999999999889e-03 -9.337689999999999602e-01 -3.578749999999999987e-01 6.220000000000000485e-04
1.400000000000000000e+01 6.300000000000000000e+01 5.400000000000000000e+01 0.000000000000000000e+00 1.600000000000000089e+00 4.490000000000000176e-04 1.817999999999999955e-03 9.999980000000000535e-01 -3.513919999999999821e-01 9.362270000000000314e-01 -1.544999999999999932e-03 -9.362279999999999491e-01 -3.513910000000000089e-01 1.059000000000000045e-03
1.900000000000000000e+01 6.300000000000000000e+01 5.400000000000000000e+01 0.000000000000000000e+00 1.600000000000000089e+00 2.259999999999999910e-04 -9.089999999999999773e-04 1.000000000000000000e+00 -3.510510000000000019e-01 9.363559999999999661e-01 9.300000000000000541e-04 -9.363559999999999661e-01 -3.510510000000000019e-01 -1.069999999999999988e-04
2.300000000000000000e+01 6.300000000000000000e+01 5.400000000000000000e+01 0.000000000000000000e+00 1.600000000000000089e+00 1.131999999999999977e-03 3.229999999999999798e-03 9.999940000000000495e-01 -3.470960000000000156e-01 9.378260000000000485e-01 -2.635999999999999888e-03 -9.378290000000000237e-01 -3.470909999999999829e-01 2.181999999999999912e-03
2.900000000000000000e+01 6.300000000000000000e+01 5.400000000000000000e+01 0.000000000000000000e+00 1.600000000000000089e+00 -9.319999999999999942e-04 -1.698000000000000074e-03 9.999980000000000535e-01 -3.510789999999999744e-01 9.363449999999999829e-01 1.262000000000000101e-03 -9.363449999999999829e-01 -3.510769999999999724e-01 -1.469000000000000037e-03
3.000000000000000000e+00 2.500000000000000000e+01 5.500000000000000000e+01 0.000000000000000000e+00 1.600000000000000089e+00 -1.430999999999999980e-03 3.812600000000000017e-02 9.992720000000000491e-01 -3.618999999999999821e-03 9.992659999999999876e-01 -3.813099999999999823e-02 -9.999919999999999920e-01 -3.670999999999999784e-03 -1.291999999999999963e-03
2.400000000000000000e+01 2.500000000000000000e+01 5.500000000000000000e+01 0.000000000000000000e+00 1.600000000000000089e+00 8.639999999999999677e-04 -2.546999999999999785e-03 -9.999959999999999960e-01 -1.315400000000000076e-02 -9.999099999999999655e-01 2.536000000000000060e-03 -9.999130000000000518e-01 1.315200000000000050e-02 -8.970000000000000109e-04
3.000000000000000000e+01 2.500000000000000000e+01 5.500000000000000000e+01 0.000000000000000000e+00 1.600000000000000089e+00 -9.049999999999999885e-04 2.919000000000000154e-03 -9.999949999999999672e-01 -1.264999999999999979e-02 -9.999160000000000270e-01 -2.907999999999999995e-03 -9.999200000000000310e-01 1.264799999999999952e-02 9.409999999999999962e-04
1.400000000000000000e+01 6.800000000000000000e+01 5.700000000000000000e+01 0.000000000000000000e+00 1.600000000000000089e+00 -3.809999999999999910e-04 -4.575000000000000074e-03 -9.999890000000000168e-01 -2.404340000000000088e-01 -9.706550000000000455e-01 4.532999999999999703e-03 -9.706650000000000000e-01 2.404330000000000078e-01 -7.299999999999999632e-04
8.000000000000000000e+00 2.100000000000000000e+01 6.000000000000000000e+01 0.000000000000000000e+00 1.600000000000000089e+00 6.999999999999999387e-05 2.948999999999999799e-03 9.999959999999999960e-01 -9.697999999999999676e-02 9.952820000000000000e-01 -2.928000000000000047e-03 -9.952860000000000040e-01 -9.697899999999999576e-02 3.559999999999999797e-04
1.100000000000000000e+01 2.100000000000000000e+01 6.000000000000000000e+01 0.000000000000000000e+00 1.600000000000000089e+00 -3.390000000000000001e-04 4.840000000000000010e-04 1.000000000000000000e+00 -9.765000000000000069e-02 9.952210000000000223e-01 -5.150000000000000498e-04 -9.952210000000000223e-01 -9.765000000000000069e-02 -2.900000000000000017e-04
1.400000000000000000e+01 2.100000000000000000e+01 6.000000000000000000e+01 0.000000000000000000e+00 1.600000000000000089e+00 -2.730000000000000222e-04 3.499999999999999964e-04 1.000000000000000000e+00 -9.581000000000000627e-02 9.953999999999999515e-01 -3.739999999999999835e-04 -9.953999999999999515e-01 -9.581000000000000627e-02 -2.380000000000000117e-04
2.200000000000000000e+01 2.100000000000000000e+01 6.000000000000000000e+01 0.000000000000000000e+00 1.600000000000000089e+00 -7.940000000000000009e-04 2.406999999999999851e-03 9.999970000000000248e-01 -9.768300000000000594e-02 9.952140000000000430e-01 -2.472999999999999938e-03 -9.952170000000000183e-01 -9.768499999999999406e-02 -5.550000000000000462e-04
8.000000000000000000e+00 4.400000000000000000e+01 6.100000000000000000e+01 0.000000000000000000e+00 1.600000000000000089e+00 -9.301019999999999843e-01 3.142150000000000221e-01 1.902069999999999872e-01 -3.570240000000000080e-01 -6.517720000000000180e-01 -6.691240000000000521e-01 -8.627700000000000646e-02 -6.902620000000000422e-01 7.183969999999999523e-01
1.000000000000000000e+00 2.900000000000000000e+01 6.200000000000000000e+01 0.000000000000000000e+00 1.600000000000000089e+00 2.203700000000000103e-02 2.957210000000000116e-01 9.550199999999999800e-01 -2.223880000000000023e-01 9.327689999999999593e-01 -2.836989999999999790e-01 -9.747090000000000476e-01 -2.061340000000000117e-01 8.631999999999999396e-02
2.600000000000000000e+01 3.000000000000000000e+00 6.300000000000000000e+01 0.000000000000000000e+00 1.600000000000000089e+00 4.710000000000000102e-04 -1.250999999999999942e-03 9.999989999999999712e-01 -6.152539999999999676e-01 7.883280000000000287e-01 1.275000000000000092e-03 -7.883289999999999464e-01 -6.152539999999999676e-01 -3.980000000000000248e-04
2.000000000000000000e+00 2.700000000000000000e+01 6.300000000000000000e+01 0.000000000000000000e+00 1.600000000000000089e+00 4.226999999999999855e-03 1.023550000000000015e-01 9.947390000000000398e-01 -2.630199999999999760e-01 9.598360000000000225e-01 -9.764599999999999669e-02 -9.647809999999999997e-01 -2.612229999999999830e-01 3.097899999999999959e-02
7.000000000000000000e+00 2.700000000000000000e+01 6.300000000000000000e+01 0.000000000000000000e+00 1.600000000000000089e+00 -4.343999999999999771e-03 -3.372100000000000097e-02 9.994220000000000326e-01 -2.654639999999999778e-01 9.636109999999999953e-01 3.135899999999999799e-02 -9.641110000000000513e-01 -2.651740000000000208e-01 -1.313800000000000037e-02
1.700000000000000000e+01 2.700000000000000000e+01 6.300000000000000000e+01 0.000000000000000000e+00 1.600000000000000089e+00 -2.358999999999999986e-03 8.350000000000000217e-04 9.999970000000000248e-01 -2.726729999999999987e-01 9.621060000000000167e-01 -1.446000000000000020e-03 -9.621039999999999592e-01 -2.726750000000000007e-01 -2.041999999999999978e-03
2.100000000000000000e+01 2.700000000000000000e+01 6.300000000000000000e+01 0.000000000000000000e+00 1.600000000000000089e+00 7.560000000000000530e-04 3.301999999999999814e-03 9.999940000000000495e-01 -2.720500000000000140e-01 9.622779999999999667e-01 -2.971999999999999816e-03 -9.622829999999999995e-01 -2.720469999999999833e-01 1.626000000000000058e-03
2.400000000000000000e+01 2.700000000000000000e+01 6.300000000000000000e+01 0.000000000000000000e+00 1.600000000000000089e+00 1.873000000000000099e-03 3.703999999999999827e-03 9.999909999999999632e-01 -2.685939999999999994e-01 9.632490000000000219e-01 -3.065000000000000016e-03 -9.632519999999999971e-01 -2.685850000000000182e-01 2.798999999999999839e-03
2.700000000000000000e+01 2.700000000000000000e+01 6.300000000000000000e+01 0.000000000000000000e+00 1.600000000000000089e+00 1.229000000000000058e-03 7.990000000000000574e-03 9.999670000000000503e-01 -2.666149999999999909e-01 9.637750000000000483e-01 -7.373000000000000213e-03 -9.638020000000000476e-01 -2.665969999999999729e-01 3.314999999999999804e-03
1.500000000000000000e+01 5.300000000000000000e+01 6.300000000000000000e+01 0.000000000000000000e+00 1.600000000000000089e+00 -1.303839999999999999e-01 7.046930000000000138e-01 6.974289999999999656e-01 4.426979999999999804e-01 -5.880389999999999784e-01 6.769260000000000277e-01 8.871409999999999574e-01 3.970110000000000028e-01 -2.352960000000000051e-01
1.300000000000000000e+01 2.600000000000000000e+01 6.400000000000000000e+01 0.000000000000000000e+00 1.600000000000000089e+00 1.938999999999999968e-03 -2.056000000000000102e-03 9.999959999999999960e-01 -3.567620000000000235e-01 9.341920000000000224e-01 2.612000000000000172e-03 -9.341930000000000511e-01 -3.567660000000000275e-01 1.077999999999999965e-03
1.800000000000000000e+01 2.600000000000000000e+01 6.400000000000000000e+01 0.000000000000000000e+00 1.600000000000000089e+00 -2.010000000000000068e-03 3.945999999999999855e-03 9.999900000000000455e-01 -3.607779999999999876e-01 9.326410000000000533e-01 -4.405000000000000061e-03 -9.326499999999999790e-01 -3.607830000000000203e-01 -4.519999999999999821e-04
2.800000000000000000e+01 2.600000000000000000e+01 6.400000000000000000e+01 0.000000000000000000e+00 1.600000000000000089e+00 7.299999999999999903e-05 8.203000000000000222e-03 9.999660000000000215e-01 -3.504689999999999750e-01 9.365430000000000144e-01 -7.656999999999999744e-03 -9.365740000000000176e-01 -3.504570000000000185e-01 2.942999999999999870e-03
9.000000000000000000e+00 3.900000000000000000e+01 6.500000000000000000e+01 0.000000000000000000e+00 1.600000000000000089e+00 -9.870659999999999989e-01 1.422859999999999958e-01 7.385700000000000598e-02 -1.570600000000000052e-01 -9.506289999999999463e-01 -2.676520000000000010e-01 3.212799999999999684e-02 -2.757899999999999796e-01 9.606810000000000072e-01
2.400000000000000000e+01 5.400000000000000000e+01 6.500000000000000000e+01 0.000000000000000000e+00 1.600000000000000089e+00 -3.594069999999999765e-01 -2.913229999999999986e-01 8.865429999999999700e-01 3.232199999999999657e-02 -9.533380000000000187e-01 -3.001690000000000191e-01 9.326210000000000333e-01 -7.922800000000000675e-02 3.520519999999999761e-01
7.000000000000000000e+00 3.200000000000000000e+01 6.600000000000000000e+01 0.000000000000000000e+00 1.600000000000000089e+00 -8.388600000000000223e-02 -9.500180000000000291e-01 3.007150000000000101e-01 9.426999999999999824e-01 -1.734549999999999981e-01 -2.850079999999999836e-01 3.229230000000000156e-01 2.595759999999999734e-01 9.101320000000000521e-01
1.700000000000000000e+01 6.900000000000000000e+01 6.600000000000000000e+01 0.000000000000000000e+00 1.600000000000000089e+00 -5.090000000000000123e-04 1.879999999999999944e-03 9.999980000000000535e-01 -9.636500000000000066e-01 2.671669999999999878e-01 -9.929999999999999591e-04 -2.671689999999999898e-01 -9.636479999999999491e-01 1.675999999999999972e-03
2.100000000000000000e+01 6.900000000000000000e+01 6.600000000000000000e+01 0.000000000000000000e+00 1.600000000000000089e+00 -3.821000000000000178e-03 -5.366000000000000110e-03 9.999780000000000335e-01 -9.536109999999999864e-01 3.010349999999999970e-01 -2.027999999999999855e-03 -3.010180000000000078e-01 -9.535979999999999457e-01 -6.268000000000000134e-03
6.000000000000000000e+00 3.400000000000000000e+01 6.900000000000000000e+01 0.000000000000000000e+00 1.600000000000000089e+00 7.620179999999999731e-01 -6.390770000000000062e-01 -1.044449999999999962e-01 -6.459730000000000194e-01 -7.614720000000000377e-01 -5.365400000000000030e-02 -4.524299999999999849e-02 1.083540000000000059e-01 -9.930820000000000203e-01
1.500000000000000000e+01 7.000000000000000000e+01 7.200000000000000000e+01 0.000000000000000000e+00 1.600000000000000089e+00 2.514080000000000203e-01 8.212150000000000283e-01 5.122489999999999544e-01 -1.529129999999999934e-01 -4.889009999999999745e-01 8.588329999999999576e-01 9.557259999999999645e-01 -2.942469999999999808e-01 2.661000000000000171e-03
