2.000000000000000000e+00 1.500000000000000000e+01 4.000000000000000000e+00 0.000000000000000000e+00 1.600000000000000089e+00 -4.209000000000000068e-03 -1.077099999999999932e-02 9.999329999999999607e-01 2.972400000000000042e-01 -9.547600000000000531e-01 -9.032999999999999363e-03 9.547930000000000028e-01 2.971820000000000017e-01 7.219999999999999855e-03
7.000000000000000000e+00 1.500000000000000000e+01 4.000000000000000000e+00 0.000000000000000000e+00 1.600000000000000089e+00 -3.959999999999999762e-04 -1.116000000000000021e-03 9.999989999999999712e-01 2.962279999999999913e-01 -9.551169999999999938e-01 -9.479999999999999495e-04 9.551169999999999938e-01 2.962270000000000181e-01 7.089999999999999948e-04
1.600000000000000000e+01 1.500000000000000000e+01 4.000000000000000000e+00 0.000000000000000000e+00 1.600000000000000089e+00 -2.622000000000000199e-03 -9.770000000000000039e-04 9.999959999999999960e-01 3.044510000000000272e-01 -9.525280000000000413e-01 -1.320000000000000101e-04 9.525249999999999551e-01 3.044490000000000252e-01 2.795000000000000175e-03
2.400000000000000000e+01 1.500000000000000000e+01 4.000000000000000000e+00 0.000000000000000000e+00 1.600000000000000089e+00 4.720000000000000237e-03 2.170000000000000054e-03 9.999869999999999592e-01 3.060800000000000187e-01 -9.520060000000000189e-01 6.210000000000000242e-04 9.519940000000000069e-01 3.060729999999999840e-01 -5.158000000000000258e-03
2.900000000000000000e+01 1.500000000000000000e+01 4.000000000000000000e+00 0.000000000000000000e+00 1.600000000000000089e+00 1.515999999999999986e-03 6.930000000000000396e-03 9.999749999999999472e-01 3.057799999999999963e-01 -9.520819999999999839e-01 6.133999999999999696e-03 9.521009999999999751e-01 3.057630000000000070e-01 -3.562000000000000062e-03
8.000000000000000000e+00 4.000000000000000000e+00 5.000000000000000000e+00 0.000000000000000000e+00 1.600000000000000089e+00 -6.657999999999999856e-03 -2.225600000000000148e-02 9.997300000000000075e-01 2.280490000000000017e-01 -9.734410000000000007e-01 -2.015199999999999977e-02 9.736270000000000202e-01 2.278530000000000000e-01 1.155600000000000030e-02
7.000000000000000000e+00 1.010000000000000000e+02 7.000000000000000000e+00 0.000000000000000000e+00 1.600000000000000089e+00 4.310999999999999728e-03 -9.464999999999999455e-03 9.999460000000000015e-01 8.786979999999999791e-01 4.773769999999999958e-01 7.299999999999999632e-04 -4.773580000000000045e-01 8.786479999999999846e-01 1.037500000000000054e-02
2.100000000000000000e+01 1.010000000000000000e+02 7.000000000000000000e+00 0.000000000000000000e+00 1.600000000000000089e+00 -1.162999999999999971e-03 -6.387999999999999581e-03 9.999789999999999512e-01 8.843659999999999854e-01 4.667760000000000242e-01 4.009999999999999676e-03 -4.667919999999999847e-01 8.843520000000000270e-01 5.106000000000000295e-03
2.400000000000000000e+01 1.010000000000000000e+02 7.000000000000000000e+00 0.000000000000000000e+00 1.600000000000000089e+00 -3.360000000000000139e-03 2.521999999999999936e-03 9.999909999999999632e-01 8.831909999999999483e-01 4.690110000000000112e-01 1.783999999999999996e-03 -4.690019999999999745e-01 8.831890000000000018e-01 -3.802999999999999957e-03
4.000000000000000000e+00 2.500000000000000000e+01 8.000000000000000000e+00 0.000000000000000000e+00 1.600000000000000089e+00 -1.413999999999999892e-03 2.931000000000000012e-03 -9.999949999999999672e-01 4.430189999999999961e-01 8.965100000000000291e-01 2.001000000000000174e-03 8.965109999999999468e-01 -4.430140000000000189e-01 -2.566000000000000138e-03
1.100000000000000000e+01 2.500000000000000000e+01 8.000000000000000000e+00 0.000000000000000000e+00 1.600000000000000089e+00 3.499999999999999964e-04 -1.376999999999999969e-03 -9.999989999999999712e-01 4.425620000000000109e-01 8.967370000000000063e-01 -1.080000000000000014e-03 8.967380000000000351e-01 -4.425620000000000109e-01 9.240000000000000166e-04
1.600000000000000000e+01 2.500000000000000000e+01 8.000000000000000000e+00 0.000000000000000000e+00 1.600000000000000089e+00 2.255000000000000060e-03 4.299999999999999894e-04 -9.999970000000000248e-01 4.419799999999999840e-01 8.970240000000000435e-01 1.381999999999999982e-03 8.970219999999999860e-01 -4.419819999999999860e-01 1.832999999999999994e-03
2.000000000000000000e+01 2.500000000000000000e+01 8.000000000000000000e+00 0.000000000000000000e+00 1.600000000000000089e+00 1.136000000000000074e-03 9.520000000000000467e-04 -9.999989999999999712e-01 4.427650000000000197e-01 8.966370000000000173e-01 1.356000000000000000e-03 8.966370000000000173e-01 -4.427659999999999929e-01 5.969999999999999829e-04
2.800000000000000000e+01 2.500000000000000000e+01 8.000000000000000000e+00 0.000000000000000000e+00 1.600000000000000089e+00 2.168999999999999921e-03 -2.779999999999999919e-03 -9.999940000000000495e-01 4.423009999999999997e-01 8.968650000000000233e-01 -1.533999999999999990e-03 8.968639999999999946e-01 -4.422949999999999937e-01 3.174000000000000172e-03
4.000000000000000000e+00 2.400000000000000000e+01 9.000000000000000000e+00 0.000000000000000000e+00 1.600000000000000089e+00 -1.227000000000000009e-03 4.074999999999999629e-03 -9.999909999999999632e-01 4.453289999999999749e-01 8.953619999999999912e-01 3.102000000000000157e-03 8.953659999999999952e-01 -4.453210000000000224e-01 -2.913999999999999924e-03
1.100000000000000000e+01 2.400000000000000000e+01 9.000000000000000000e+00 0.000000000000000000e+00 1.600000000000000089e+00 3.759999999999999779e-04 -2.811999999999999830e-03 -9.999959999999999960e-01 4.446760000000000157e-01 8.956880000000000397e-01 -2.350999999999999791e-03 8.956910000000000149e-01 -4.446740000000000137e-01 1.587000000000000086e-03
2.000000000000000000e+01 2.400000000000000000e+01 9.000000000000000000e+00 0.000000000000000000e+00 1.600000000000000089e+00 9.510000000000000224e-04 3.003000000000000027e-03 -9.999949999999999672e-01 4.444969999999999755e-01 8.957749999999999879e-01 3.112999999999999882e-03 8.957800000000000207e-01 -4.444969999999999755e-01 -4.829999999999999767e-04
2.800000000000000000e+01 2.400000000000000000e+01 9.000000000000000000e+00 0.000000000000000000e+00 1.600000000000000089e+00 1.930999999999999991e-03 -2.995999999999999965e-03 -9.999940000000000495e-01 4.454270000000000174e-01 8.953160000000000007e-01 -1.822999999999999968e-03 8.953160000000000007e-01 -4.454210000000000114e-01 3.063000000000000184e-03
2.000000000000000000e+01 3.100000000000000000e+01 1.200000000000000000e+01 0.000000000000000000e+00 1.600000000000000089e+00 -1.789999999999999870e-04 -3.657999999999999793e-03 9.999930000000000208e-01 9.110999999999999308e-03 9.999519999999999520e-01 3.658999999999999926e-03 -9.999580000000000135e-01 9.110999999999999308e-03 -1.450000000000000009e-04
2.800000000000000000e+01 3.100000000000000000e+01 1.200000000000000000e+01 0.000000000000000000e+00 1.600000000000000089e+00 -1.332999999999999984e-03 9.709999999999999664e-04 9.999989999999999712e-01 1.867900000000000116e-02 9.998249999999999638e-01 -9.460000000000000093e-04 -9.998249999999999638e-01 1.867699999999999916e-02 -1.350999999999999987e-03
1.000000000000000000e+00 1.160000000000000000e+02 1.600000000000000000e+01 0.000000000000000000e+00 1.600000000000000089e+00 6.139999999999999625e-04 5.999999999999999474e-04 1.000000000000000000e+00 7.174310000000000409e-01 6.966290000000000537e-01 -8.589999999999999546e-04 -6.966290000000000537e-01 7.174310000000000409e-01 -1.999999999999999909e-06
8.000000000000000000e+00 1.160000000000000000e+02 1.600000000000000000e+01 0.000000000000000000e+00 1.600000000000000089e+00 -1.234999999999999987e-03 -4.279999999999999950e-04 9.999989999999999712e-01 6.937860000000000138e-01 7.201800000000000423e-01 1.165000000000000020e-03 -7.201800000000000423e-01 6.937870000000000426e-01 -5.919999999999999698e-04
2.100000000000000000e+01 1.160000000000000000e+02 1.600000000000000000e+01 0.000000000000000000e+00 1.600000000000000089e+00 1.409000000000000096e-03 2.139999999999999975e-03 9.999970000000000248e-01 6.751559999999999784e-01 7.376709999999999656e-01 -2.530999999999999830e-03 -7.376740000000000519e-01 6.751570000000000071e-01 -4.049999999999999781e-04
1.000000000000000000e+00 2.000000000000000000e+00 1.900000000000000000e+01 0.000000000000000000e+00 1.600000000000000089e+00 -1.700000000000000122e-04 1.600199999999999886e-02 -9.998719999999999830e-01 1.891599999999999948e-01 -9.818200000000000260e-01 -1.574499999999999858e-02 -9.819459999999999855e-01 -1.891380000000000006e-01 -2.860000000000000129e-03
4.000000000000000000e+00 2.000000000000000000e+00 1.900000000000000000e+01 0.000000000000000000e+00 1.600000000000000089e+00 2.970000000000000092e-04 9.518000000000000418e-03 -9.999550000000000383e-01 1.900640000000000107e-01 -9.817280000000000451e-01 -9.287999999999999381e-03 -9.817719999999999780e-01 -1.900529999999999997e-01 -2.101000000000000003e-03
8.000000000000000000e+00 2.000000000000000000e+00 1.900000000000000000e+01 0.000000000000000000e+00 1.600000000000000089e+00 3.297000000000000017e-03 -1.045199999999999949e-02 -9.999400000000000510e-01 1.931249999999999911e-01 -9.811140000000000416e-01 1.089200000000000064e-02 -9.811689999999999579e-01 -1.931489999999999874e-01 -1.216000000000000067e-03
1.800000000000000000e+01 2.000000000000000000e+00 1.900000000000000000e+01 0.000000000000000000e+00 1.600000000000000089e+00 -2.011000000000000201e-03 3.265000000000000107e-03 -9.999930000000000208e-01 1.920850000000000057e-01 -9.813720000000000221e-01 -3.589999999999999875e-03 -9.813760000000000261e-01 -1.920910000000000117e-01 1.345999999999999974e-03
2.200000000000000000e+01 2.000000000000000000e+00 1.900000000000000000e+01 0.000000000000000000e+00 1.600000000000000089e+00 -4.252999999999999836e-03 1.604799999999999977e-02 -9.998620000000000285e-01 1.943860000000000032e-01 -9.807850000000000179e-01 -1.656900000000000039e-02 -9.809160000000000101e-01 -1.944299999999999917e-01 1.051999999999999984e-03
2.800000000000000000e+01 2.000000000000000000e+00 1.900000000000000000e+01 0.000000000000000000e+00 1.600000000000000089e+00 4.174999999999999892e-03 -5.928000000000000110e-03 -9.999740000000000295e-01 1.994390000000000052e-01 -9.798879999999999812e-01 6.642000000000000334e-03 -9.799010000000000220e-01 -1.994609999999999994e-01 -2.909000000000000127e-03
2.900000000000000000e+01 4.000000000000000000e+00 2.000000000000000000e+01 0.000000000000000000e+00 1.600000000000000089e+00 6.585999999999999840e-03 1.119999999999999983e-04 -9.999780000000000335e-01 2.816899999999999959e-01 -9.595040000000000235e-01 1.747999999999999988e-03 -9.594829999999999748e-01 -2.816960000000000020e-01 -6.350999999999999875e-03
3.000000000000000000e+00 1.300000000000000000e+01 2.000000000000000000e+01 0.000000000000000000e+00 1.600000000000000089e+00 -2.612999999999999871e-03 -1.170900000000000066e-02 9.999280000000000390e-01 2.507309999999999817e-01 9.679830000000000378e-01 1.199000000000000066e-02 -9.680530000000000523e-01 2.507440000000000224e-01 4.060000000000000024e-04
1.600000000000000000e+01 1.300000000000000000e+01 2.000000000000000000e+01 0.000000000000000000e+00 1.600000000000000089e+00 -2.108000000000000065e-03 -5.375999999999999703e-03 9.999829999999999552e-01 2.478970000000000062e-01 9.687689999999999912e-01 5.730999999999999983e-03 -9.687839999999999785e-01 2.479049999999999865e-01 -7.100000000000000191e-04
1.900000000000000000e+01 1.300000000000000000e+01 2.000000000000000000e+01 0.000000000000000000e+00 1.600000000000000089e+00 -8.408999999999999808e-03 -1.478900000000000006e-02 9.998550000000000493e-01 2.492290000000000061e-01 9.683049999999999713e-01 1.641899999999999957e-02 -9.684080000000000465e-01 2.493309999999999971e-01 -4.455999999999999892e-03
2.500000000000000000e+01 1.300000000000000000e+01 2.000000000000000000e+01 0.000000000000000000e+00 1.600000000000000089e+00 -4.989000000000000379e-03 -6.226999999999999896e-03 9.999679999999999680e-01 2.563159999999999883e-01 9.665650000000000075e-01 7.296999999999999667e-03 -9.665799999999999947e-01 2.563440000000000163e-01 -3.226000000000000135e-03
4.000000000000000000e+00 1.600000000000000000e+01 2.100000000000000000e+01 0.000000000000000000e+00 1.600000000000000089e+00 -8.620000000000000275e-04 -8.687999999999999542e-03 9.999620000000000175e-01 2.962589999999999946e-01 9.550689999999999458e-01 8.552999999999999839e-03 -9.551070000000000393e-01 2.962549999999999906e-01 1.750000000000000036e-03
8.000000000000000000e+00 1.600000000000000000e+01 2.100000000000000000e+01 0.000000000000000000e+00 1.600000000000000089e+00 7.959000000000000796e-03 2.055200000000000082e-02 9.997570000000000068e-01 2.956679999999999864e-01 9.550380000000000535e-01 -2.198599999999999860e-02 -9.552580000000000515e-01 2.957710000000000061e-01 1.525000000000000097e-03
2.300000000000000000e+01 1.600000000000000000e+01 2.100000000000000000e+01 0.000000000000000000e+00 1.600000000000000089e+00 -1.098099999999999944e-02 -1.916199999999999848e-02 9.997559999999999780e-01 2.996059999999999834e-01 9.538189999999999724e-01 2.157200000000000090e-02 -9.539999999999999591e-01 2.997699999999999809e-01 -4.733000000000000228e-03
2.600000000000000000e+01 1.600000000000000000e+01 2.100000000000000000e+01 0.000000000000000000e+00 1.600000000000000089e+00 -2.886000000000000110e-03 -7.010000000000000172e-04 9.999959999999999960e-01 3.008660000000000223e-01 9.536649999999999849e-01 1.536999999999999955e-03 -9.536620000000000097e-01 3.008689999999999976e-01 -2.540999999999999856e-03
2.600000000000000000e+01 4.800000000000000000e+01 2.400000000000000000e+01 0.000000000000000000e+00 1.600000000000000089e+00 -3.152999999999999987e-03 -1.252999999999999991e-03 9.999940000000000495e-01 8.589820000000000233e-01 5.119949999999999779e-01 3.350000000000000113e-03 -5.119970000000000354e-01 8.589869999999999450e-01 -5.379999999999999583e-04
5.000000000000000000e+00 3.000000000000000000e+00 2.500000000000000000e+01 0.000000000000000000e+00 1.600000000000000089e+00 -1.485999999999999908e-03 7.097000000000000010e-03 9.999740000000000295e-01 -4.943800000000000278e-02 -9.987530000000000019e-01 7.015000000000000402e-03 9.987759999999999971e-01 -4.942699999999999871e-02 1.835000000000000043e-03
1.200000000000000000e+01 3.000000000000000000e+00 2.500000000000000000e+01 0.000000000000000000e+00 1.600000000000000089e+00 1.289999999999999914e-04 -1.822000000000000052e-03 9.999980000000000535e-01 -5.716600000000000154e-02 -9.983630000000000004e-01 -1.810999999999999893e-03 9.983649999999999469e-01 -5.716600000000000154e-02 -2.329999999999999986e-04
1.700000000000000000e+01 3.000000000000000000e+00 2.500000000000000000e+01 0.000000000000000000e+00 1.600000000000000089e+00 6.441999999999999810e-03 -3.490000000000000047e-03 9.999730000000000008e-01 -6.526800000000000657e-02 -9.978630000000000555e-01 -3.062000000000000052e-03 9.978470000000000395e-01 -6.524699999999999944e-02 -6.655999999999999590e-03
2.100000000000000000e+01 3.000000000000000000e+00 2.500000000000000000e+01 0.000000000000000000e+00 1.600000000000000089e+00 1.609999999999999973e-02 5.119999999999999768e-04 9.998700000000000365e-01 -6.213199999999999973e-02 -9.980670000000000375e-01 1.512000000000000106e-03 9.979379999999999917e-01 -6.214900000000000285e-02 -1.603699999999999917e-02
2.000000000000000000e+00 4.600000000000000000e+01 2.700000000000000000e+01 0.000000000000000000e+00 1.600000000000000089e+00 1.680999999999999986e-03 -3.720000000000000216e-03 -9.999919999999999920e-01 6.563700000000000090e-01 7.544370000000000243e-01 -1.703000000000000087e-03 7.544370000000000243e-01 -6.563620000000000010e-01 3.710000000000000190e-03
1.400000000000000000e+01 4.600000000000000000e+01 2.700000000000000000e+01 0.000000000000000000e+00 1.600000000000000089e+00 -1.244000000000000097e-03 -3.919999999999999873e-04 -9.999989999999999712e-01 6.597159999999999691e-01 7.515140000000000153e-01 -1.115000000000000106e-03 7.515140000000000153e-01 -6.597169999999999979e-01 -6.759999999999999516e-04
1.900000000000000000e+01 4.600000000000000000e+01 2.700000000000000000e+01 0.000000000000000000e+00 1.600000000000000089e+00 -3.350000000000000113e-04 -2.984999999999999806e-03 -9.999949999999999672e-01 6.551909999999999679e-01 7.554589999999999916e-01 -2.475000000000000203e-03 7.554629999999999956e-01 -6.551890000000000214e-01 1.701999999999999954e-03
1.500000000000000000e+01 4.600000000000000000e+01 3.000000000000000000e+01 0.000000000000000000e+00 1.600000000000000089e+00 -7.209999999999999612e-04 6.149999999999999868e-04 -1.000000000000000000e+00 3.327490000000000170e-01 9.430150000000000476e-01 3.400000000000000244e-04 9.430150000000000476e-01 -3.327490000000000170e-01 -8.840000000000000201e-04
2.000000000000000000e+00 5.800000000000000000e+01 3.100000000000000000e+01 0.000000000000000000e+00 1.600000000000000089e+00 -1.574000000000000095e-03 -6.505000000000000365e-03 9.999780000000000335e-01 -7.931169999999999609e-01 -6.090470000000000050e-01 -5.210000000000000221e-03 6.090680000000000538e-01 -7.931070000000000064e-01 -4.199999999999999740e-03
8.000000000000000000e+00 5.800000000000000000e+01 3.100000000000000000e+01 0.000000000000000000e+00 1.600000000000000089e+00 -1.747999999999999988e-03 4.189000000000000015e-03 9.999900000000000455e-01 -7.967560000000000198e-01 -6.042990000000000306e-01 1.139000000000000038e-03 6.042980000000000018e-01 -7.967459999999999543e-01 4.394000000000000336e-03
1.300000000000000000e+01 5.800000000000000000e+01 3.100000000000000000e+01 0.000000000000000000e+00 1.600000000000000089e+00 -2.818000000000000192e-03 -4.504000000000000191e-03 9.999860000000000415e-01 -7.960760000000000058e-01 -6.051760000000000472e-01 -4.969000000000000326e-03 6.051900000000000057e-01 -7.960789999999999811e-01 -1.881000000000000076e-03
1.700000000000000000e+01 5.800000000000000000e+01 3.100000000000000000e+01 0.000000000000000000e+00 1.600000000000000089e+00 -1.399999999999999979e-05 -2.944000000000000002e-03 9.999959999999999960e-01 -7.956600000000000339e-01 -6.057399999999999451e-01 -1.794999999999999938e-03 6.057430000000000314e-01 -7.956569999999999476e-01 -2.334000000000000137e-03
2.300000000000000000e+01 5.800000000000000000e+01 3.100000000000000000e+01 0.000000000000000000e+00 1.600000000000000089e+00 5.180000000000000143e-04 -1.211000000000000054e-03 9.999989999999999712e-01 -7.984609999999999763e-01 -6.020459999999999701e-01 -3.150000000000000131e-04 6.020459999999999701e-01 -7.984599999999999476e-01 -1.278000000000000056e-03
2.900000000000000000e+01 5.800000000000000000e+01 3.100000000000000000e+01 0.000000000000000000e+00 1.600000000000000089e+00 -1.567999999999999949e-03 -3.152999999999999987e-03 9.999940000000000495e-01 -7.972519999999999607e-01 -6.036390000000000366e-01 -3.154000000000000119e-03 6.036449999999999871e-01 -7.972519999999999607e-01 -1.567000000000000033e-03
1.500000000000000000e+01 2.300000000000000000e+01 3.400000000000000000e+01 0.000000000000000000e+00 1.600000000000000089e+00 -6.870000000000000022e-04 2.704999999999999939e-03 9.999959999999999960e-01 4.006410000000000249e-01 -9.162310000000000176e-01 2.753999999999999938e-03 9.162350000000000216e-01 4.006419999999999981e-01 -4.539999999999999765e-04
1.500000000000000000e+01 4.200000000000000000e+01 3.400000000000000000e+01 0.000000000000000000e+00 1.600000000000000089e+00 6.329999999999999906e-04 -2.219000000000000052e-03 -9.999970000000000248e-01 -2.918620000000000103e-01 9.564580000000000304e-01 -2.308000000000000156e-03 9.564599999999999769e-01 2.918620000000000103e-01 -4.199999999999999768e-05
2.000000000000000000e+00 4.600000000000000000e+01 3.500000000000000000e+01 0.000000000000000000e+00 1.600000000000000089e+00 -1.982999999999999954e-03 3.047999999999999928e-03 -9.999930000000000208e-01 3.905699999999999728e-01 -9.205659999999999954e-01 -3.579999999999999849e-03 -9.205710000000000282e-01 -3.905739999999999768e-01 6.350000000000000392e-04
8.000000000000000000e+00 4.600000000000000000e+01 3.500000000000000000e+01 0.000000000000000000e+00 1.600000000000000089e+00 5.372000000000000039e-03 -5.356999999999999783e-03 -9.999710000000000543e-01 3.872209999999999819e-01 -9.219600000000000017e-01 7.020000000000000198e-03 -9.219709999999999850e-01 -3.872479999999999811e-01 -2.877999999999999916e-03
1.100000000000000000e+01 4.600000000000000000e+01 3.500000000000000000e+01 0.000000000000000000e+00 1.600000000000000089e+00 3.531999999999999983e-03 -3.848999999999999991e-03 -9.999860000000000415e-01 3.847700000000000009e-01 -9.229990000000000139e-01 4.911999999999999700e-03 -9.230059999999999931e-01 -3.847820000000000129e-01 -1.778999999999999982e-03
1.600000000000000000e+01 4.600000000000000000e+01 3.500000000000000000e+01 0.000000000000000000e+00 1.600000000000000089e+00 -4.690000000000000158e-04 2.380000000000000117e-04 -1.000000000000000000e+00 3.839920000000000000e-01 -9.233360000000000456e-01 -4.000000000000000192e-04 -9.233360000000000456e-01 -3.839920000000000000e-01 3.409999999999999945e-04
2.200000000000000000e+01 4.600000000000000000e+01 3.500000000000000000e+01 0.000000000000000000e+00 1.600000000000000089e+00 -4.127999999999999725e-03 2.075000000000000022e-03 -9.999890000000000168e-01 3.887749999999999817e-01 -9.213259999999999783e-01 -3.517000000000000161e-03 -9.213230000000000031e-01 -3.887849999999999917e-01 2.997000000000000098e-03
2.800000000000000000e+01 4.600000000000000000e+01 3.500000000000000000e+01 0.000000000000000000e+00 1.600000000000000089e+00 2.455999999999999850e-03 -2.265000000000000086e-03 -9.999940000000000495e-01 3.851890000000000036e-01 -9.228330000000000144e-01 3.036000000000000070e-03 -9.228340000000000432e-01 -3.851950000000000096e-01 -1.394000000000000057e-03
3.000000000000000000e+00 9.500000000000000000e+01 3.600000000000000000e+01 0.000000000000000000e+00 1.600000000000000089e+00 -3.364999999999999936e-03 -7.334000000000000241e-03 9.999679999999999680e-01 9.979019999999999557e-01 6.462800000000000489e-02 3.831999999999999903e-03 -6.465400000000000313e-02 9.978820000000000467e-01 7.100999999999999673e-03
1.300000000000000000e+01 9.500000000000000000e+01 3.600000000000000000e+01 0.000000000000000000e+00 1.600000000000000089e+00 1.544099999999999986e-02 2.340800000000000172e-02 9.996070000000000233e-01 9.973710000000000075e-01 7.043399999999999661e-02 -1.705600000000000172e-02 -7.080599999999999394e-02 9.972419999999999618e-01 -2.225900000000000101e-02
1.800000000000000000e+01 9.500000000000000000e+01 3.600000000000000000e+01 0.000000000000000000e+00 1.600000000000000089e+00 -1.304999999999999953e-03 -3.308999999999999875e-03 9.999940000000000495e-01 9.976690000000000280e-01 6.822400000000000686e-02 1.528000000000000061e-03 -6.822899999999999798e-02 9.976650000000000240e-01 3.213000000000000144e-03
2.100000000000000000e+01 9.500000000000000000e+01 3.600000000000000000e+01 0.000000000000000000e+00 1.600000000000000089e+00 -1.027800000000000068e-02 -9.327000000000000221e-03 9.999040000000000150e-01 9.979299999999999837e-01 6.338599999999999790e-02 1.084899999999999927e-02 -6.348099999999999576e-02 9.979459999999999997e-01 8.656000000000000499e-03
1.700000000000000000e+01 9.500000000000000000e+01 3.700000000000000000e+01 0.000000000000000000e+00 1.600000000000000089e+00 3.311999999999999840e-03 -1.160999999999999923e-03 9.999940000000000495e-01 9.959209999999999452e-01 9.017600000000000615e-02 -3.193000000000000092e-03 -9.017200000000000215e-02 9.959249999999999492e-01 1.454999999999999913e-03
5.000000000000000000e+00 3.000000000000000000e+00 4.300000000000000000e+01 0.000000000000000000e+00 1.600000000000000089e+00 -1.028999999999999967e-03 2.942999999999999870e-03 -9.999949999999999672e-01 7.381729999999999681e-01 -6.746060000000000390e-01 -2.745000000000000044e-03 -6.746109999999999607e-01 -7.381720000000000503e-01 -1.477999999999999930e-03
2.700000000000000000e+01 3.000000000000000000e+00 4.300000000000000000e+01 0.000000000000000000e+00 1.600000000000000089e+00 1.777099999999999860e-02 -9.740999999999999659e-03 -9.997949999999999893e-01 7.312880000000000491e-01 -6.817860000000000031e-01 1.964099999999999874e-02 -6.818370000000000264e-01 -7.314869999999999983e-01 -4.993000000000000042e-03
6.000000000000000000e+00 2.900000000000000000e+01 4.400000000000000000e+01 0.000000000000000000e+00 1.600000000000000089e+00 3.190000000000000127e-03 5.692000000000000011e-03 -9.999789999999999512e-01 6.401099999999999568e-01 7.682560000000000500e-01 6.414999999999999696e-03 7.682759999999999589e-01 -6.401170000000000471e-01 -1.193000000000000050e-03
1.400000000000000000e+01 2.900000000000000000e+01 4.400000000000000000e+01 0.000000000000000000e+00 1.600000000000000089e+00 -5.429999999999999714e-04 -4.049999999999999781e-04 -1.000000000000000000e+00 6.441459999999999964e-01 7.649019999999999708e-01 -6.599999999999999964e-04 7.649019999999999708e-01 -6.441470000000000251e-01 -1.540000000000000028e-04
2.000000000000000000e+01 2.900000000000000000e+01 4.400000000000000000e+01 0.000000000000000000e+00 1.600000000000000089e+00 -8.459999999999999638e-04 1.072000000000000036e-03 -9.999989999999999712e-01 6.514560000000000350e-01 7.586870000000000003e-01 2.620000000000000258e-04 7.586859999999999715e-01 -6.514550000000000063e-01 -1.340000000000000045e-03
2.500000000000000000e+01 2.900000000000000000e+01 4.400000000000000000e+01 0.000000000000000000e+00 1.600000000000000089e+00 8.729999999999999696e-04 5.623000000000000394e-03 -9.999839999999999840e-01 6.589939999999999687e-01 7.521320000000000228e-01 4.805000000000000243e-03 7.521470000000000100e-01 -6.589880000000000182e-01 -3.047999999999999928e-03
1.300000000000000000e+01 6.500000000000000000e+01 4.600000000000000000e+01 0.000000000000000000e+00 1.600000000000000089e+00 -0.000000000000000000e+00 -1.378000000000000102e-03 9.999989999999999712e-01 6.798490000000000366e-01 -7.333509999999999751e-01 -1.010000000000000047e-03 7.333520000000000039e-01 6.798490000000000366e-01 9.370000000000000074e-04
2.000000000000000000e+00 5.000000000000000000e+00 5.100000000000000000e+01 0.000000000000000000e+00 1.600000000000000089e+00 1.036000000000000029e-03 -4.745000000000000086e-03 -9.999879999999999880e-01 4.852009999999999934e-01 -8.743900000000000006e-01 4.651999999999999885e-03 -8.744020000000000126e-01 -4.852000000000000202e-01 1.397000000000000021e-03
8.000000000000000000e+00 5.000000000000000000e+00 5.100000000000000000e+01 0.000000000000000000e+00 1.600000000000000089e+00 -2.710999999999999868e-03 1.599999999999999928e-05 -9.999959999999999960e-01 4.876449999999999951e-01 -8.730409999999999560e-01 -1.335999999999999948e-03 -8.730379999999999807e-01 -4.876460000000000239e-01 2.358999999999999986e-03
2.000000000000000000e+00 3.900000000000000000e+01 5.100000000000000000e+01 0.000000000000000000e+00 1.600000000000000089e+00 2.095299999999999940e-02 2.272029999999999883e-01 9.736219999999999875e-01 3.089339999999999864e-01 9.247060000000000279e-01 -2.224359999999999948e-01 -9.508529999999999482e-01 3.054459999999999953e-01 -5.081499999999999906e-02
9.000000000000000000e+00 4.200000000000000000e+01 5.200000000000000000e+01 0.000000000000000000e+00 1.600000000000000089e+00 3.332700000000000246e-02 -6.810920000000000307e-01 7.314389999999999503e-01 8.296499999999999708e-02 7.312049999999999939e-01 6.770939999999999737e-01 -9.959949999999999637e-01 3.811900000000000011e-02 8.087600000000000344e-02
1.500000000000000000e+01 4.400000000000000000e+01 5.300000000000000000e+01 0.000000000000000000e+00 1.600000000000000089e+00 5.498499999999999915e-02 -4.651710000000000012e-01 -8.835119999999999640e-01 8.635700000000000320e-02 -8.793189999999999618e-01 4.683379999999999765e-01 -9.947460000000000191e-01 -1.020490000000000008e-01 -8.177999999999999506e-03
1.400000000000000000e+01 4.500000000000000000e+01 5.300000000000000000e+01 0.000000000000000000e+00 1.600000000000000089e+00 7.834099999999999397e-02 -6.609589999999999632e-01 -7.463220000000000409e-01 8.175799999999999734e-02 -7.418409999999999727e-01 6.655729999999999702e-01 -9.935680000000000067e-01 -1.131599999999999967e-01 -4.079000000000000160e-03
1.300000000000000000e+01 4.600000000000000000e+01 5.300000000000000000e+01 0.000000000000000000e+00 1.600000000000000089e+00 1.022740000000000038e-01 -7.293859999999999788e-01 -6.764139999999999597e-01 1.062260000000000010e-01 -6.680840000000000112e-01 7.364640000000000075e-01 -9.890679999999999472e-01 -1.471739999999999993e-01 9.152000000000000413e-03
2.000000000000000000e+00 6.300000000000000000e+01 5.400000000000000000e+01 0.000000000000000000e+00 1.600000000000000089e+00 -7.780000000000000457e-04 1.075999999999999917e-03 9.999989999999999712e-01 -3.661769999999999747e-01 9.305440000000000378e-01 -1.286000000000000034e-03 -9.305449999999999555e-01 -3.661780000000000035e-01 -3.289999999999999739e-04
6.000000000000000000e+00 6.300000000000000000e+01 5.400000000000000000e+01 0.000000000000000000e+00 1.600000000000000089e+00 -3.890000000000000228e-04 2.116999999999999958e-03 9.999980000000000535e-01 -3.631960000000000188e-01 9.317100000000000382e-01 -2.113999999999999994e-03 -9.317130000000000134e-01 -3.631960000000000188e-01 4.070000000000000267e-04
1.000000000000000000e+01 6.300000000000000000e+01 5.400000000000000000e+01 0.000000000000000000e+00 1.600000000000000089e+00 -7.990000000000000140e-04 4.427000000000000379e-03 9.999900000000000455e-01 -3.602719999999999811e-01 9.328370000000000273e-01 -4.416999999999999919e-03 -9.328469999999999818e-01 -3.602719999999999811e-01 8.490000000000000368e-04
1.700000000000000000e+01 6.300000000000000000e+01 5.400000000000000000e+01 0.000000000000000000e+00 1.600000000000000089e+00 -4.110000000000000155e-04 2.509999999999999753e-04 1.000000000000000000e+00 -3.479909999999999948e-01 9.374980000000000535e-01 -3.789999999999999966e-04 -9.374980000000000535e-01 -3.479920000000000235e-01 -2.979999999999999793e-04
2.600000000000000000e+01 6.300000000000000000e+01 5.400000000000000000e+01 0.000000000000000000e+00 1.600000000000000089e+00 -9.810000000000001011e-04 -1.255000000000000039e-03 9.999989999999999712e-01 -3.529050000000000242e-01 9.356590000000000185e-01 8.279999999999999600e-04 -9.356590000000000185e-01 -3.529039999999999955e-01 -1.361000000000000014e-03
7.000000000000000000e+00 2.500000000000000000e+01 5.500000000000000000e+01 0.000000000000000000e+00 1.600000000000000089e+00 3.020000000000000223e-04 -4.196000000000000077e-03 -9.999909999999999632e-01 -1.220199999999999931e-02 -9.999169999999999447e-01 4.192000000000000413e-03 -9.999249999999999527e-01 1.220000000000000077e-02 -3.530000000000000152e-04
1.200000000000000000e+01 2.500000000000000000e+01 5.500000000000000000e+01 0.000000000000000000e+00 1.600000000000000089e+00 -4.569999999999999952e-04 -2.958999999999999825e-03 -9.999959999999999960e-01 -1.130800000000000034e-02 -9.999320000000000430e-01 2.964000000000000055e-03 -9.999360000000000470e-01 1.131000000000000061e-02 4.229999999999999819e-04
2.000000000000000000e+01 2.600000000000000000e+01 5.500000000000000000e+01 0.000000000000000000e+00 1.600000000000000089e+00 2.909000000000000127e-03 2.146699999999999997e-02 -9.997650000000000148e-01 -3.262600000000000222e-02 -9.992349999999999843e-01 -2.155100000000000071e-02 -9.994629999999999903e-01 3.268100000000000172e-02 -2.207000000000000194e-03
2.900000000000000000e+01 7.600000000000000000e+01 5.600000000000000000e+01 0.000000000000000000e+00 1.600000000000000089e+00 1.892999999999999934e-03 -6.094999999999999724e-03 -9.999799999999999800e-01 -1.195589999999999986e-01 9.928069999999999951e-01 -6.277999999999999726e-03 9.928249999999999575e-01 1.195689999999999947e-01 1.150999999999999896e-03
9.000000000000000000e+00 4.600000000000000000e+01 5.700000000000000000e+01 0.000000000000000000e+00 1.600000000000000089e+00 3.727999999999999977e-03 -5.572460000000000191e-01 -8.303390000000000493e-01 -1.910999999999999921e-01 -8.154390000000000249e-01 5.463879999999999848e-01 -9.815629999999999633e-01 1.566410000000000025e-01 -1.095290000000000014e-01
1.000000000000000000e+01 6.800000000000000000e+01 5.700000000000000000e+01 0.000000000000000000e+00 1.600000000000000089e+00 1.479000000000000063e-03 2.102999999999999835e-03 -9.999970000000000248e-01 -2.506829999999999892e-01 -9.680659999999999821e-01 -2.406999999999999851e-03 -9.680680000000000396e-01 2.506860000000000199e-01 -9.049999999999999885e-04
1.700000000000000000e+01 6.800000000000000000e+01 5.700000000000000000e+01 0.000000000000000000e+00 1.600000000000000089e+00 -1.118999999999999986e-03 -1.122399999999999960e-02 -9.999360000000000470e-01 -2.494790000000000063e-01 -9.683159999999999545e-01 1.114899999999999919e-02 -9.683800000000000185e-01 2.494750000000000023e-01 -1.716999999999999993e-03
5.000000000000000000e+00 2.100000000000000000e+01 6.000000000000000000e+01 0.000000000000000000e+00 1.600000000000000089e+00 -1.031999999999999931e-03 5.948000000000000162e-03 9.999820000000000375e-01 -9.925200000000000689e-02 9.950440000000000396e-01 -6.021000000000000310e-03 -9.950620000000000021e-01 -9.925699999999999801e-02 -4.369999999999999970e-04
9.000000000000000000e+00 2.100000000000000000e+01 6.000000000000000000e+01 0.000000000000000000e+00 1.600000000000000089e+00 -1.799000000000000035e-03 -7.630000000000000063e-04 9.999980000000000535e-01 -9.942700000000000149e-02 9.950449999999999573e-01 5.810000000000000277e-04 -9.950430000000000108e-01 -9.942499999999999949e-02 -1.866000000000000037e-03
1.500000000000000000e+01 2.100000000000000000e+01 6.000000000000000000e+01 0.000000000000000000e+00 1.600000000000000089e+00 2.923999999999999950e-03 3.115999999999999846e-03 9.999909999999999632e-01 -9.823099999999999887e-02 9.951600000000000446e-01 -2.814000000000000095e-03 -9.951590000000000158e-01 -9.822200000000000375e-02 3.216000000000000109e-03
2.200000000000000000e+01 2.100000000000000000e+01 6.000000000000000000e+01 0.000000000000000000e+00 1.600000000000000089e+00 -9.219999999999999680e-04 -4.578999999999999737e-03 9.999890000000000168e-01 -9.582899999999999752e-02 9.953880000000000505e-01 4.468999999999999882e-03 -9.953969999999999763e-01 -9.582400000000000639e-02 -1.356000000000000000e-03
2.700000000000000000e+01 2.100000000000000000e+01 6.000000000000000000e+01 0.000000000000000000e+00 1.600000000000000089e+00 9.600000000000000243e-05 2.624000000000000030e-03 9.999959999999999960e-01 -9.455099999999999616e-02 9.955169999999999852e-01 -2.602999999999999845e-03 -9.955199999999999605e-01 -9.454999999999999516e-02 3.440000000000000132e-04
2.500000000000000000e+01 4.500000000000000000e+01 6.200000000000000000e+01 0.000000000000000000e+00 1.600000000000000089e+00 -1.735000000000000084e-02 2.565999999999999878e-02 -9.995199999999999640e-01 -6.103990000000000249e-01 -7.920340000000000158e-01 -9.738000000000000128e-03 -7.919040000000000523e-01 6.099369999999999514e-01 2.940500000000000058e-02
1.800000000000000000e+01 3.000000000000000000e+00 6.300000000000000000e+01 0.000000000000000000e+00 1.600000000000000089e+00 3.499999999999999693e-05 6.115999999999999909e-03 9.999810000000000088e-01 -6.152999999999999581e-01 7.882780000000000342e-01 -4.799999999999999580e-03 -7.882930000000000215e-01 -6.152889999999999748e-01 3.791000000000000099e-03
4.000000000000000000e+00 2.700000000000000000e+01 6.300000000000000000e+01 0.000000000000000000e+00 1.600000000000000089e+00 2.850000000000000103e-03 2.222000000000000017e-03 9.999940000000000495e-01 -2.743229999999999835e-01 9.616369999999999640e-01 -1.355000000000000085e-03 -9.616329999999999600e-01 -2.743169999999999775e-01 3.350000000000000113e-03
1.000000000000000000e+01 2.700000000000000000e+01 6.300000000000000000e+01 0.000000000000000000e+00 1.600000000000000089e+00 1.740000000000000010e-04 6.649000000000000396e-03 9.999780000000000335e-01 -2.728180000000000049e-01 9.620450000000000390e-01 -6.349999999999999742e-03 -9.620659999999999767e-01 -2.728110000000000257e-01 1.981000000000000122e-03
1.700000000000000000e+01 2.700000000000000000e+01 6.300000000000000000e+01 0.000000000000000000e+00 1.600000000000000089e+00 2.909999999999999826e-03 2.990000000000000036e-04 9.999959999999999960e-01 -2.693050000000000166e-01 9.630549999999999944e-01 4.949999999999999973e-04 -9.630509999999999904e-01 -2.693050000000000166e-01 2.883000000000000146e-03
2.500000000000000000e+01 2.700000000000000000e+01 6.300000000000000000e+01 0.000000000000000000e+00 1.600000000000000089e+00 -2.011999999999999900e-03 1.108100000000000057e-02 9.999369999999999647e-01 -2.517559999999999798e-01 9.677249999999999464e-01 -1.123000000000000040e-02 -9.677890000000000104e-01 -2.517630000000000146e-01 8.429999999999999993e-04
2.600000000000000000e+01 4.400000000000000000e+01 6.300000000000000000e+01 0.000000000000000000e+00 1.600000000000000089e+00 -1.473099999999999930e-02 4.391799999999999871e-02 -9.989270000000000094e-01 -6.803719999999999768e-01 -7.325310000000000432e-01 -2.217299999999999827e-02 -7.327190000000000092e-01 6.793150000000000022e-01 4.067099999999999882e-02
4.000000000000000000e+00 2.600000000000000000e+01 6.400000000000000000e+01 0.000000000000000000e+00 1.600000000000000089e+00 2.069000000000000093e-03 2.386000000000000100e-03 9.999949999999999672e-01 -3.622850000000000237e-01 9.320659999999999501e-01 -1.474000000000000050e-03 -9.320650000000000324e-01 -3.622799999999999909e-01 2.792000000000000211e-03
1.000000000000000000e+01 2.600000000000000000e+01 6.400000000000000000e+01 0.000000000000000000e+00 1.600000000000000089e+00 -4.389999999999999914e-04 1.141000000000000087e-03 9.999989999999999712e-01 -3.600720000000000032e-01 9.329239999999999755e-01 -1.222999999999999912e-03 -9.329250000000000043e-01 -3.600720000000000032e-01 1.999999999999999909e-06
1.600000000000000000e+01 2.600000000000000000e+01 6.400000000000000000e+01 0.000000000000000000e+00 1.600000000000000089e+00 2.837000000000000112e-03 5.919999999999999915e-03 9.999780000000000335e-01 -3.572960000000000025e-01 9.339800000000000324e-01 -4.516000000000000049e-03 -9.339870000000000116e-01 -3.572750000000000092e-01 4.765000000000000138e-03
2.700000000000000000e+01 2.600000000000000000e+01 6.400000000000000000e+01 0.000000000000000000e+00 1.600000000000000089e+00 -3.843000000000000062e-03 -6.963999999999999704e-03 9.999679999999999680e-01 -3.527449999999999752e-01 9.357050000000000090e-01 5.160999999999999789e-03 -9.357119999999999882e-01 -3.527140000000000275e-01 -6.052000000000000088e-03
2.700000000000000000e+01 4.300000000000000000e+01 6.400000000000000000e+01 0.000000000000000000e+00 1.600000000000000089e+00 -6.773999999999999640e-03 3.497600000000000015e-02 -9.993649999999999478e-01 -7.266270000000000229e-01 -6.867659999999999876e-01 -1.910999999999999852e-02 -6.869990000000000263e-01 7.260360000000000147e-01 3.006599999999999898e-02
2.100000000000000000e+01 8.900000000000000000e+01 6.400000000000000000e+01 0.000000000000000000e+00 1.600000000000000089e+00 1.812000000000000026e-03 -4.911999999999999700e-03 -9.999860000000000415e-01 8.373530000000000140e-01 5.466609999999999525e-01 -1.167999999999999984e-03 5.466590000000000060e-01 -8.373399999999999732e-01 5.104000000000000030e-03
1.500000000000000000e+01 4.800000000000000000e+01 6.500000000000000000e+01 0.000000000000000000e+00 1.600000000000000089e+00 -1.678350000000000120e-01 2.268080000000000096e-01 -9.593690000000000273e-01 -9.913700000000000290e-02 9.643570000000000197e-01 2.453309999999999935e-01 9.808179999999999676e-01 1.362839999999999885e-01 -1.393679999999999919e-01
2.500000000000000000e+01 3.200000000000000000e+01 6.600000000000000000e+01 0.000000000000000000e+00 1.600000000000000089e+00 -7.315000000000000321e-03 1.342499999999999943e-02 -9.998829999999999663e-01 -8.649649999999999839e-01 -5.018310000000000271e-01 -4.099999999999999912e-04 -5.017779999999999463e-01 8.648609999999999909e-01 1.528299999999999971e-02
