1.300000000000000000e+01 1.500000000000000000e+01 4.000000000000000000e+00 0.000000000000000000e+00 1.600000000000000089e+00 -1.033999999999999980e-03 2.953799999999999829e-02 9.995629999999999793e-01 3.826629999999999754e-01 -9.234729999999999883e-01 2.768500000000000127e-02 9.238880000000000425e-01 3.825239999999999752e-01 -1.034799999999999956e-02
2.900000000000000000e+01 1.600000000000000000e+01 4.000000000000000000e+00 0.000000000000000000e+00 1.600000000000000089e+00 -2.654999999999999808e-03 -1.242000000000000048e-03 9.999959999999999960e-01 4.568280000000000118e-01 -8.895549999999999846e-01 1.079999999999999960e-04 8.895509999999999806e-01 4.568260000000000098e-01 2.929000000000000180e-03
1.000000000000000000e+00 1.000000000000000000e+00 6.000000000000000000e+00 0.000000000000000000e+00 1.600000000000000089e+00 -1.375400000000000060e-02 9.436899999999999455e-02 -9.954420000000000490e-01 -1.892099999999999893e-01 -9.777959999999999985e-01 -9.008199999999999541e-02 -9.818400000000000460e-01 1.871089999999999975e-01 3.130399999999999849e-02
6.000000000000000000e+00 1.010000000000000000e+02 7.000000000000000000e+00 0.000000000000000000e+00 1.600000000000000089e+00 -1.183999999999999940e-03 -5.729999999999999850e-03 9.999829999999999552e-01 8.880799999999999805e-01 4.596750000000000003e-01 3.684999999999999908e-03 -4.596879999999999855e-01 8.880689999999999973e-01 4.544000000000000296e-03
1.100000000000000000e+01 1.010000000000000000e+02 7.000000000000000000e+00 0.000000000000000000e+00 1.600000000000000089e+00 -8.490000000000000368e-04 1.194800000000000029e-02 9.999280000000000390e-01 8.861780000000000213e-01 4.633209999999999829e-01 -4.784000000000000058e-03 -4.633450000000000069e-01 8.861099999999999532e-01 -1.098200000000000044e-02
2.200000000000000000e+01 1.010000000000000000e+02 7.000000000000000000e+00 0.000000000000000000e+00 1.600000000000000089e+00 -3.009999999999999980e-04 -3.608000000000000096e-03 9.999930000000000208e-01 8.856559999999999988e-01 4.643369999999999997e-01 1.943000000000000066e-03 -4.643410000000000037e-01 8.856509999999999661e-01 3.056000000000000123e-03
2.700000000000000000e+01 1.010000000000000000e+02 7.000000000000000000e+00 0.000000000000000000e+00 1.600000000000000089e+00 -7.119999999999999593e-04 -5.232999999999999804e-03 9.999860000000000415e-01 8.855220000000000313e-01 4.645870000000000277e-01 3.062000000000000052e-03 -4.645960000000000090e-01 8.855119999999999658e-01 4.303000000000000401e-03
1.400000000000000000e+01 1.500000000000000000e+01 8.000000000000000000e+00 0.000000000000000000e+00 1.600000000000000089e+00 9.929999999999999591e-04 1.798599999999999852e-02 -9.998380000000000045e-01 -6.145059999999999967e-01 -7.887729999999999464e-01 -1.479899999999999965e-02 -7.889110000000000289e-01 6.144209999999999949e-01 1.026900000000000035e-02
5.000000000000000000e+00 2.500000000000000000e+01 8.000000000000000000e+00 0.000000000000000000e+00 1.600000000000000089e+00 -1.859999999999999945e-04 3.462999999999999932e-03 -9.999940000000000495e-01 4.466680000000000095e-01 8.946950000000000180e-01 3.014999999999999885e-03 8.947000000000000508e-01 -4.466640000000000055e-01 -1.712999999999999896e-03
8.000000000000000000e+00 2.500000000000000000e+01 8.000000000000000000e+00 0.000000000000000000e+00 1.600000000000000089e+00 -1.252999999999999991e-03 4.687000000000000194e-03 -9.999879999999999880e-01 4.474040000000000239e-01 8.943250000000000366e-01 3.631000000000000113e-03 8.943309999999999871e-01 -4.473940000000000139e-01 -3.217999999999999940e-03
1.300000000000000000e+01 2.500000000000000000e+01 8.000000000000000000e+00 0.000000000000000000e+00 1.600000000000000089e+00 -6.570000000000000319e-04 -1.118000000000000070e-03 -9.999989999999999712e-01 4.486809999999999965e-01 8.936910000000000132e-01 -1.294000000000000011e-03 8.936920000000000419e-01 -4.486820000000000253e-01 -8.600000000000000331e-05
1.500000000000000000e+01 2.500000000000000000e+01 8.000000000000000000e+00 0.000000000000000000e+00 1.600000000000000089e+00 -5.000000000000000240e-05 -1.724999999999999971e-03 -9.999980000000000535e-01 4.485379999999999923e-01 8.937619999999999454e-01 -1.564000000000000069e-03 8.937640000000000029e-01 -4.485370000000000190e-01 7.290000000000000473e-04
2.000000000000000000e+00 2.400000000000000000e+01 9.000000000000000000e+00 0.000000000000000000e+00 1.600000000000000089e+00 -1.910000000000000077e-04 -2.768000000000000061e-03 -9.999959999999999960e-01 4.518389999999999906e-01 8.920960000000000001e-01 -2.556000000000000112e-03 8.921000000000000041e-01 -4.518369999999999886e-01 1.080000000000000014e-03
8.000000000000000000e+00 2.400000000000000000e+01 9.000000000000000000e+00 0.000000000000000000e+00 1.600000000000000089e+00 -1.763999999999999943e-03 4.035999999999999657e-03 -9.999900000000000455e-01 4.546540000000000026e-01 8.906640000000000112e-01 2.792000000000000211e-03 8.906659999999999577e-01 -4.546450000000000213e-01 -3.406000000000000173e-03
1.500000000000000000e+01 2.400000000000000000e+01 9.000000000000000000e+00 0.000000000000000000e+00 1.600000000000000089e+00 -8.299999999999999815e-05 -2.988999999999999903e-03 -9.999959999999999960e-01 4.561000000000000054e-01 8.899249999999999661e-01 -2.697000000000000178e-03 8.899289999999999701e-01 -4.560980000000000034e-01 1.288999999999999998e-03
2.300000000000000000e+01 2.400000000000000000e+01 9.000000000000000000e+00 0.000000000000000000e+00 1.600000000000000089e+00 -1.190000000000000085e-03 -3.709000000000000057e-03 -9.999919999999999920e-01 4.545699999999999741e-01 8.907030000000000225e-01 -3.844000000000000195e-03 8.907100000000000017e-01 -4.545710000000000028e-01 6.260000000000000373e-04
2.700000000000000000e+01 2.400000000000000000e+01 9.000000000000000000e+00 0.000000000000000000e+00 1.600000000000000089e+00 -1.237999999999999951e-03 -4.738000000000000024e-03 -9.999879999999999880e-01 4.542180000000000106e-01 8.908779999999999477e-01 -4.782999999999999925e-03 8.908899999999999597e-01 -4.542180000000000106e-01 1.049000000000000019e-03
7.000000000000000000e+00 7.000000000000000000e+00 1.000000000000000000e+01 0.000000000000000000e+00 1.600000000000000089e+00 1.072390000000000010e-01 1.000039999999999957e-01 -9.891910000000000425e-01 -9.340009999999999701e-01 -3.309019999999999739e-01 -1.347089999999999954e-01 -3.407970000000000166e-01 9.383510000000000462e-01 5.791899999999999826e-02
4.000000000000000000e+00 3.500000000000000000e+01 1.200000000000000000e+01 0.000000000000000000e+00 1.600000000000000089e+00 1.551000000000000078e-03 -4.353000000000000098e-03 -9.999890000000000168e-01 4.874999999999999889e-01 -8.731109999999999705e-01 4.557000000000000287e-03 -8.731219999999999537e-01 -4.875019999999999909e-01 7.669999999999999951e-04
1.000000000000000000e+01 3.500000000000000000e+01 1.200000000000000000e+01 0.000000000000000000e+00 1.600000000000000089e+00 1.175999999999999962e-03 -4.832000000000000357e-03 -9.999879999999999880e-01 4.657999999999999918e-01 -8.848770000000000246e-01 4.823000000000000030e-03 -8.848890000000000366e-01 -4.657999999999999918e-01 1.209999999999999921e-03
1.400000000000000000e+01 3.500000000000000000e+01 1.200000000000000000e+01 0.000000000000000000e+00 1.600000000000000089e+00 4.510000000000000120e-04 -5.353000000000000119e-03 -9.999860000000000415e-01 4.530390000000000250e-01 -8.914769999999999639e-01 4.976999999999999653e-03 -8.914910000000000334e-01 -4.530350000000000210e-01 2.023000000000000059e-03
1.900000000000000000e+01 3.500000000000000000e+01 1.200000000000000000e+01 0.000000000000000000e+00 1.600000000000000089e+00 -5.500000000000000331e-04 -5.192999999999999700e-03 -9.999860000000000415e-01 4.529449999999999865e-01 -8.915279999999999871e-01 4.381000000000000345e-03 -8.915380000000000527e-01 -4.529369999999999785e-01 2.843000000000000041e-03
2.700000000000000000e+01 3.500000000000000000e+01 1.200000000000000000e+01 0.000000000000000000e+00 1.600000000000000089e+00 1.471000000000000085e-03 -2.124000000000000020e-03 -9.999970000000000248e-01 4.377800000000000025e-01 -8.990780000000000438e-01 2.553999999999999847e-03 -8.990810000000000191e-01 -4.377820000000000045e-01 -3.919999999999999873e-04
6.000000000000000000e+00 3.200000000000000000e+01 1.400000000000000000e+01 0.000000000000000000e+00 1.600000000000000089e+00 -4.070000000000000267e-04 -6.059999999999999849e-04 -1.000000000000000000e+00 9.434499999999999831e-02 9.955389999999999517e-01 -6.409999999999999682e-04 9.955389999999999517e-01 -9.434499999999999831e-02 -3.480000000000000020e-04
2.500000000000000000e+01 3.200000000000000000e+01 1.400000000000000000e+01 0.000000000000000000e+00 1.600000000000000089e+00 -1.121999999999999950e-03 1.203999999999999992e-03 -9.999989999999999712e-01 1.068650000000000017e-01 9.942729999999999624e-01 1.077000000000000049e-03 9.942729999999999624e-01 -1.068629999999999997e-01 -1.244000000000000097e-03
2.200000000000000000e+01 1.160000000000000000e+02 1.600000000000000000e+01 0.000000000000000000e+00 1.600000000000000089e+00 1.703000000000000087e-03 2.262999999999999821e-03 9.999959999999999960e-01 7.529390000000000249e-01 6.580850000000000311e-01 -2.771000000000000026e-03 -6.580890000000000351e-01 7.529400000000000537e-01 -5.839999999999999922e-04
4.000000000000000000e+00 2.000000000000000000e+00 1.900000000000000000e+01 0.000000000000000000e+00 1.600000000000000089e+00 2.723999999999999859e-03 4.967300000000000187e-02 -9.987620000000000386e-01 3.480820000000000025e-01 -9.363540000000000196e-01 -4.562000000000000083e-02 -9.374599999999999600e-01 -3.475260000000000016e-01 -1.984100000000000100e-02
1.000000000000000000e+01 2.000000000000000000e+00 1.900000000000000000e+01 0.000000000000000000e+00 1.600000000000000089e+00 3.284000000000000027e-03 2.061699999999999991e-02 -9.997819999999999485e-01 3.467149999999999954e-01 -9.377940000000000165e-01 -1.820000000000000090e-02 -9.379650000000000487e-01 -3.465790000000000259e-01 -1.022799999999999924e-02
1.300000000000000000e+01 2.000000000000000000e+00 1.900000000000000000e+01 0.000000000000000000e+00 1.600000000000000089e+00 3.155999999999999951e-03 3.161999999999999880e-03 -9.999900000000000455e-01 3.401159999999999739e-01 -9.403820000000000512e-01 -1.899999999999999996e-03 -9.403780000000000472e-01 -3.401060000000000194e-01 -4.042999999999999719e-03
2.000000000000000000e+01 2.000000000000000000e+00 1.900000000000000000e+01 0.000000000000000000e+00 1.600000000000000089e+00 -3.419999999999999863e-03 1.525699999999999973e-02 -9.998780000000000445e-01 3.276270000000000016e-01 -9.446790000000000465e-01 -1.553599999999999946e-02 -9.448010000000000019e-01 -3.276399999999999868e-01 -1.768000000000000040e-03
2.700000000000000000e+01 2.000000000000000000e+00 1.900000000000000000e+01 0.000000000000000000e+00 1.600000000000000089e+00 -1.637999999999999916e-03 1.996500000000000011e-02 -9.997989999999999933e-01 3.274719999999999853e-01 -9.446620000000000017e-01 -1.940000000000000058e-02 -9.448590000000000044e-01 -3.274380000000000068e-01 -4.989999999999999644e-03
1.000000000000000000e+00 3.000000000000000000e+00 1.900000000000000000e+01 0.000000000000000000e+00 1.600000000000000089e+00 2.945999999999999834e-03 3.124800000000000147e-02 -9.995070000000000343e-01 3.308309999999999862e-01 -9.432589999999999586e-01 -2.851499999999999868e-02 -9.436849999999999961e-01 -3.305839999999999890e-01 -1.311599999999999919e-02
1.500000000000000000e+01 3.000000000000000000e+00 1.900000000000000000e+01 0.000000000000000000e+00 1.600000000000000089e+00 6.880000000000000265e-04 4.478000000000000209e-03 -9.999900000000000455e-01 3.084549999999999792e-01 -9.512300000000000200e-01 -4.048000000000000383e-03 -9.512389999999999457e-01 -3.084489999999999732e-01 -2.036000000000000049e-03
2.600000000000000000e+01 3.000000000000000000e+00 1.900000000000000000e+01 0.000000000000000000e+00 1.600000000000000089e+00 -1.806000000000000097e-03 1.851200000000000068e-02 -9.998270000000000213e-01 2.991829999999999767e-01 -9.540220000000000367e-01 -1.820400000000000143e-02 -9.541939999999999866e-01 -2.991639999999999855e-01 -3.815999999999999948e-03
3.000000000000000000e+00 1.300000000000000000e+01 2.000000000000000000e+01 0.000000000000000000e+00 1.600000000000000089e+00 -9.000000000000000228e-06 2.903999999999999897e-03 9.999959999999999960e-01 2.631580000000000030e-01 9.647489999999999677e-01 -2.798999999999999839e-03 -9.647529999999999717e-01 2.631560000000000010e-01 -7.730000000000000326e-04
7.000000000000000000e+00 1.300000000000000000e+01 2.000000000000000000e+01 0.000000000000000000e+00 1.600000000000000089e+00 9.950000000000000077e-04 3.618000000000000122e-03 9.999930000000000208e-01 2.601060000000000039e-01 9.655730000000000146e-01 -3.752000000000000127e-03 -9.655799999999999939e-01 2.601080000000000059e-01 2.000000000000000164e-05
1.000000000000000000e+01 1.300000000000000000e+01 2.000000000000000000e+01 0.000000000000000000e+00 1.600000000000000089e+00 1.549000000000000030e-03 -8.800000000000000313e-04 9.999980000000000535e-01 2.587289999999999868e-01 9.659499999999999753e-01 4.499999999999999877e-04 -9.659489999999999466e-01 2.587280000000000135e-01 1.724000000000000055e-03
1.400000000000000000e+01 1.300000000000000000e+01 2.000000000000000000e+01 0.000000000000000000e+00 1.600000000000000089e+00 4.350000000000000026e-04 8.360000000000000460e-04 1.000000000000000000e+00 2.589730000000000087e-01 9.658839999999999648e-01 -9.200000000000000278e-04 -9.658839999999999648e-01 2.589730000000000087e-01 2.039999999999999984e-04
1.800000000000000000e+01 1.300000000000000000e+01 2.000000000000000000e+01 0.000000000000000000e+00 1.600000000000000089e+00 -4.000000000000000327e-05 6.340000000000000149e-04 1.000000000000000000e+00 2.603489999999999971e-01 9.655139999999999834e-01 -6.019999999999999961e-04 -9.655150000000000121e-01 2.603489999999999971e-01 -2.030000000000000012e-04
2.100000000000000000e+01 1.300000000000000000e+01 2.000000000000000000e+01 0.000000000000000000e+00 1.600000000000000089e+00 -6.310000000000000504e-04 -3.213999999999999843e-03 9.999949999999999672e-01 2.604730000000000101e-01 9.654760000000000009e-01 3.266999999999999939e-03 -9.654810000000000336e-01 2.604739999999999833e-01 2.280000000000000126e-04
2.600000000000000000e+01 1.300000000000000000e+01 2.000000000000000000e+01 0.000000000000000000e+00 1.600000000000000089e+00 -1.667000000000000079e-03 -7.200000000000000453e-04 9.999980000000000535e-01 2.621800000000000241e-01 9.650180000000000424e-01 1.131999999999999977e-03 -9.650170000000000137e-01 2.621820000000000261e-01 -1.420000000000000038e-03
3.000000000000000000e+01 1.300000000000000000e+01 2.000000000000000000e+01 0.000000000000000000e+00 1.600000000000000089e+00 -1.129000000000000012e-03 9.520000000000000467e-04 9.999989999999999712e-01 2.644799999999999929e-01 9.643909999999999982e-01 -6.199999999999999999e-04 -9.643899999999999695e-01 2.644790000000000196e-01 -1.340000000000000045e-03
3.000000000000000000e+00 1.600000000000000000e+01 2.100000000000000000e+01 0.000000000000000000e+00 1.600000000000000089e+00 -6.109999999999999980e-04 2.752999999999999805e-03 9.999959999999999960e-01 2.993799999999999795e-01 9.541309999999999514e-01 -2.443999999999999992e-03 -9.541340000000000376e-01 2.993770000000000042e-01 -1.407000000000000048e-03
2.400000000000000000e+01 5.000000000000000000e+01 2.200000000000000000e+01 0.000000000000000000e+00 1.600000000000000089e+00 -1.100000000000000039e-04 1.758000000000000014e-03 -9.999980000000000535e-01 -5.624299999999999855e-01 8.268440000000000234e-01 1.515999999999999986e-03 8.268450000000000522e-01 5.624289999999999567e-01 8.980000000000000352e-04
1.100000000000000000e+01 2.000000000000000000e+00 2.500000000000000000e+01 0.000000000000000000e+00 1.600000000000000089e+00 -9.359999999999999831e-04 -2.320000000000000014e-04 1.000000000000000000e+00 7.935000000000000386e-02 -9.968470000000000386e-01 -1.569999999999999944e-04 9.968460000000000099e-01 7.935000000000000386e-02 9.510000000000000224e-04
1.500000000000000000e+01 2.000000000000000000e+00 2.500000000000000000e+01 0.000000000000000000e+00 1.600000000000000089e+00 -5.509999999999999490e-04 -6.800999999999999754e-03 9.999770000000000048e-01 6.750200000000000644e-02 -9.976960000000000273e-01 -6.748999999999999791e-03 9.977190000000000225e-01 6.749700000000000144e-02 1.008999999999999914e-03
6.000000000000000000e+00 3.000000000000000000e+00 2.500000000000000000e+01 0.000000000000000000e+00 1.600000000000000089e+00 -7.510000000000000399e-04 1.508899999999999998e-02 9.998860000000000525e-01 -2.174799999999999997e-02 -9.996500000000000385e-01 1.506900000000000080e-02 9.997629999999999573e-01 -2.173399999999999985e-02 1.079000000000000098e-03
1.600000000000000000e+01 3.000000000000000000e+00 2.500000000000000000e+01 0.000000000000000000e+00 1.600000000000000089e+00 -1.159000000000000091e-03 -3.778999999999999807e-03 9.999919999999999920e-01 -1.711000000000000021e-02 -9.998460000000000125e-01 -3.798000000000000161e-03 9.998529999999999918e-01 -1.711400000000000074e-02 1.093999999999999920e-03
2.100000000000000000e+01 3.000000000000000000e+00 2.500000000000000000e+01 0.000000000000000000e+00 1.600000000000000089e+00 -4.964999999999999795e-03 1.391300000000000002e-02 9.998909999999999743e-01 -1.382599999999999975e-02 -9.998089999999999478e-01 1.384299999999999940e-02 9.998920000000000030e-01 -1.375600000000000087e-02 5.157000000000000126e-03
2.700000000000000000e+01 3.000000000000000000e+00 2.500000000000000000e+01 0.000000000000000000e+00 1.600000000000000089e+00 -3.602999999999999866e-03 1.012099999999999979e-02 9.999419999999999975e-01 -4.432000000000000176e-03 -9.999390000000000223e-01 1.010499999999999940e-02 9.999839999999999840e-01 -4.394999999999999601e-03 3.648000000000000201e-03
3.000000000000000000e+00 4.600000000000000000e+01 2.700000000000000000e+01 0.000000000000000000e+00 1.600000000000000089e+00 -1.446999999999999936e-03 2.357000000000000154e-03 -9.999959999999999960e-01 6.597229999999999484e-01 7.515089999999999826e-01 8.170000000000000179e-04 7.515079999999999538e-01 -6.597190000000000554e-01 -2.641999999999999817e-03
2.000000000000000000e+00 4.600000000000000000e+01 3.000000000000000000e+01 0.000000000000000000e+00 1.600000000000000089e+00 -2.546999999999999785e-03 -2.211999999999999991e-03 -9.999940000000000495e-01 3.243869999999999809e-01 9.459199999999999831e-01 -2.918000000000000021e-03 9.459210000000000118e-01 -3.243920000000000137e-01 -1.691000000000000012e-03
1.800000000000000000e+01 4.600000000000000000e+01 3.000000000000000000e+01 0.000000000000000000e+00 1.600000000000000089e+00 -1.765999999999999992e-03 -2.252999999999999794e-03 -9.999959999999999960e-01 3.324909999999999810e-01 9.431019999999999959e-01 -2.712000000000000001e-03 9.431049999999999711e-01 -3.324949999999999850e-01 -9.169999999999999549e-04
2.500000000000000000e+01 4.600000000000000000e+01 3.000000000000000000e+01 0.000000000000000000e+00 1.600000000000000089e+00 -1.240000000000000054e-04 -1.990000000000000124e-04 -1.000000000000000000e+00 3.345799999999999885e-01 9.423669999999999547e-01 -2.290000000000000098e-04 9.423669999999999547e-01 -3.345799999999999885e-01 -5.000000000000000240e-05
4.000000000000000000e+00 5.800000000000000000e+01 3.100000000000000000e+01 0.000000000000000000e+00 1.600000000000000089e+00 -7.600000000000000418e-05 9.879999999999999460e-04 9.999989999999999712e-01 -7.646699999999999608e-01 -6.444210000000000216e-01 5.789999999999999791e-04 6.444210000000000216e-01 -7.646699999999999608e-01 8.050000000000000515e-04
8.000000000000000000e+00 5.800000000000000000e+01 3.100000000000000000e+01 0.000000000000000000e+00 1.600000000000000089e+00 -8.310000000000000329e-04 -6.030000000000000204e-04 9.999989999999999712e-01 -7.621149999999999869e-01 -6.474410000000000442e-01 -1.023000000000000038e-03 6.474419999999999620e-01 -7.621149999999999869e-01 7.799999999999999859e-05
1.400000000000000000e+01 5.800000000000000000e+01 3.100000000000000000e+01 0.000000000000000000e+00 1.600000000000000089e+00 -4.360000000000000269e-04 1.845000000000000069e-03 9.999980000000000535e-01 -7.596640000000000059e-01 -6.503160000000000052e-01 8.689999999999999808e-04 6.503160000000000052e-01 -7.596619999999999484e-01 1.685000000000000083e-03
1.700000000000000000e+01 5.800000000000000000e+01 3.100000000000000000e+01 0.000000000000000000e+00 1.600000000000000089e+00 5.452000000000000249e-03 7.002999999999999677e-03 9.999609999999999888e-01 -7.600949999999999651e-01 -6.497540000000000537e-01 8.694999999999999604e-03 6.497889999999999500e-01 -7.601120000000000099e-01 1.781000000000000031e-03
2.500000000000000000e+01 5.800000000000000000e+01 3.100000000000000000e+01 0.000000000000000000e+00 1.600000000000000089e+00 3.872000000000000008e-03 5.680000000000000153e-03 9.999759999999999760e-01 -7.564130000000000020e-01 -6.540610000000000035e-01 6.643999999999999732e-03 6.540829999999999700e-01 -7.564210000000000100e-01 1.763999999999999943e-03
2.000000000000000000e+00 4.600000000000000000e+01 3.500000000000000000e+01 0.000000000000000000e+00 1.600000000000000089e+00 -5.100000000000000366e-04 6.277999999999999726e-03 -9.999799999999999800e-01 3.915080000000000227e-01 -9.201549999999999452e-01 -5.976000000000000409e-03 -9.201740000000000475e-01 -3.915040000000000187e-01 -1.988999999999999883e-03
1.100000000000000000e+01 4.600000000000000000e+01 3.500000000000000000e+01 0.000000000000000000e+00 1.600000000000000089e+00 4.789999999999999879e-04 -5.035000000000000413e-03 -9.999869999999999592e-01 3.895799999999999819e-01 -9.209800000000000209e-01 4.824000000000000163e-03 -9.209920000000000329e-01 -3.895770000000000066e-01 1.520000000000000084e-03
1.900000000000000000e+01 4.600000000000000000e+01 3.500000000000000000e+01 0.000000000000000000e+00 1.600000000000000089e+00 4.589999999999999896e-04 9.849999999999999815e-04 -9.999989999999999712e-01 3.937820000000000209e-01 -9.192040000000000211e-01 -7.240000000000000342e-04 -9.192040000000000211e-01 -3.937809999999999921e-01 -8.099999999999999561e-04
2.300000000000000000e+01 4.600000000000000000e+01 3.500000000000000000e+01 0.000000000000000000e+00 1.600000000000000089e+00 5.630000000000000239e-04 -1.606999999999999922e-03 -9.999989999999999712e-01 3.926200000000000245e-01 -9.196990000000000443e-01 1.698999999999999989e-03 -9.197009999999999907e-01 -3.926200000000000245e-01 1.129999999999999955e-04
2.600000000000000000e+01 4.600000000000000000e+01 3.500000000000000000e+01 0.000000000000000000e+00 1.600000000000000089e+00 -4.399999999999999886e-05 -2.658999999999999905e-03 -9.999959999999999960e-01 3.923039999999999861e-01 -9.198319999999999830e-01 2.428000000000000037e-03 -9.198359999999999870e-01 -3.923030000000000128e-01 1.083999999999999894e-03
2.000000000000000000e+00 3.000000000000000000e+00 4.300000000000000000e+01 0.000000000000000000e+00 1.600000000000000089e+00 1.632999999999999903e-03 -2.331000000000000173e-03 -9.999959999999999960e-01 7.351029999999999509e-01 -6.779500000000000526e-01 2.781000000000000052e-03 -6.779530000000000278e-01 -7.351050000000000084e-01 6.070000000000000092e-04
6.000000000000000000e+00 3.000000000000000000e+00 4.300000000000000000e+01 0.000000000000000000e+00 1.600000000000000089e+00 1.683000000000000034e-03 -8.829999999999999308e-03 -9.999599999999999600e-01 7.366800000000000015e-01 -6.762029999999999985e-01 7.211000000000000396e-03 -6.762399999999999523e-01 -7.366620000000000390e-01 5.367000000000000243e-03
9.000000000000000000e+00 3.000000000000000000e+00 4.300000000000000000e+01 0.000000000000000000e+00 1.600000000000000089e+00 1.124999999999999915e-03 4.631999999999999833e-03 -9.999890000000000168e-01 7.399550000000000294e-01 -6.726529999999999454e-01 -2.282999999999999873e-03 -6.726560000000000317e-01 -7.399440000000000461e-01 -4.184000000000000219e-03
1.700000000000000000e+01 3.000000000000000000e+00 4.300000000000000000e+01 0.000000000000000000e+00 1.600000000000000089e+00 -2.877999999999999916e-03 -4.649999999999999620e-03 -9.999850000000000128e-01 7.406760000000000010e-01 -6.718610000000000415e-01 9.920000000000000432e-04 -6.718560000000000088e-01 -7.406620000000000426e-01 5.377999999999999968e-03
2.600000000000000000e+01 3.000000000000000000e+00 4.300000000000000000e+01 0.000000000000000000e+00 1.600000000000000089e+00 1.910000000000000077e-04 -9.879999999999999893e-03 -9.999510000000000343e-01 7.440849999999999964e-01 -6.680509999999999504e-01 6.741999999999999729e-03 -6.680850000000000399e-01 -7.440499999999999892e-01 7.224000000000000386e-03
9.000000000000000000e+00 8.000000000000000000e+00 4.400000000000000000e+01 0.000000000000000000e+00 1.600000000000000089e+00 4.400000000000000157e-04 -8.419999999999999750e-04 1.000000000000000000e+00 -7.869810000000000416e-01 -6.169769999999999976e-01 -1.730000000000000038e-04 6.169769999999999976e-01 -7.869800000000000129e-01 -9.340000000000000429e-04
1.300000000000000000e+01 8.000000000000000000e+00 4.400000000000000000e+01 0.000000000000000000e+00 1.600000000000000089e+00 4.409999999999999858e-04 2.337999999999999801e-03 9.999970000000000248e-01 -7.891460000000000141e-01 -6.142030000000000545e-01 1.783999999999999996e-03 6.142050000000000010e-01 -7.891449999999999854e-01 1.574000000000000095e-03
2.800000000000000000e+01 8.000000000000000000e+00 4.400000000000000000e+01 0.000000000000000000e+00 1.600000000000000089e+00 -1.649999999999999991e-03 -4.930000000000000354e-03 9.999869999999999592e-01 -7.811770000000000103e-01 -6.242940000000000156e-01 -4.367000000000000222e-03 6.243069999999999453e-01 -7.811740000000000350e-01 -2.821000000000000157e-03
5.000000000000000000e+00 2.900000000000000000e+01 4.400000000000000000e+01 0.000000000000000000e+00 1.600000000000000089e+00 -7.960000000000000495e-04 -2.387999999999999932e-03 -9.999970000000000248e-01 6.567770000000000552e-01 7.540810000000000013e-01 -2.322999999999999978e-03 7.540850000000000053e-01 -6.567770000000000552e-01 9.680000000000000019e-04
1.000000000000000000e+01 2.900000000000000000e+01 4.400000000000000000e+01 0.000000000000000000e+00 1.600000000000000089e+00 5.289999999999999564e-04 -1.951000000000000043e-03 -9.999980000000000535e-01 6.606210000000000138e-01 7.507190000000000252e-01 -1.115000000000000106e-03 7.507200000000000539e-01 -6.606189999999999563e-01 1.685999999999999999e-03
1.300000000000000000e+01 2.900000000000000000e+01 4.400000000000000000e+01 0.000000000000000000e+00 1.600000000000000089e+00 -1.299999999999999920e-05 -3.523999999999999789e-03 -9.999940000000000495e-01 6.602050000000000418e-01 7.510809999999999986e-01 -2.655999999999999941e-03 7.510850000000000026e-01 -6.602010000000000378e-01 2.317000000000000049e-03
1.700000000000000000e+01 2.900000000000000000e+01 4.400000000000000000e+01 0.000000000000000000e+00 1.600000000000000089e+00 -9.619999999999999645e-04 -1.596999999999999895e-03 -9.999980000000000535e-01 6.589599999999999902e-01 7.521759999999999557e-01 -1.835000000000000043e-03 7.521769999999999845e-01 -6.589610000000000190e-01 3.289999999999999739e-04
2.300000000000000000e+01 2.900000000000000000e+01 4.400000000000000000e+01 0.000000000000000000e+00 1.600000000000000089e+00 1.010000000000000020e-04 -1.342000000000000094e-03 -9.999989999999999712e-01 6.583759999999999613e-01 7.526880000000000237e-01 -9.430000000000000448e-04 7.526890000000000525e-01 -6.583759999999999613e-01 9.590000000000000000e-04
2.700000000000000000e+01 2.900000000000000000e+01 4.400000000000000000e+01 0.000000000000000000e+00 1.600000000000000089e+00 4.560000000000000251e-04 -8.639999999999999677e-04 -1.000000000000000000e+00 6.586440000000000072e-01 7.524539999999999562e-01 -3.490000000000000263e-04 7.524539999999999562e-01 -6.586440000000000072e-01 9.120000000000000502e-04
1.700000000000000000e+01 6.500000000000000000e+01 4.600000000000000000e+01 0.000000000000000000e+00 1.600000000000000089e+00 1.449999999999999900e-03 -1.981999999999999821e-03 9.999970000000000248e-01 6.779669999999999863e-01 -7.350879999999999637e-01 -2.439999999999999895e-03 7.350910000000000499e-01 6.779690000000000438e-01 2.779999999999999811e-04
1.200000000000000000e+01 7.000000000000000000e+01 4.700000000000000000e+01 0.000000000000000000e+00 1.600000000000000089e+00 -8.159999999999999936e-04 -1.456999999999999962e-03 -9.999989999999999712e-01 -8.421469999999999789e-01 -5.392460000000000031e-01 1.472999999999999917e-03 -5.392470000000000319e-01 8.421469999999999789e-01 -7.870000000000000476e-04
3.000000000000000000e+01 7.400000000000000000e+01 4.900000000000000000e+01 0.000000000000000000e+00 1.600000000000000089e+00 -9.719999999999999907e-04 -3.824000000000000142e-03 9.999919999999999920e-01 -9.815220000000000056e-01 1.913479999999999903e-01 -2.220000000000000022e-04 -1.913459999999999883e-01 -9.815150000000000263e-01 -3.939999999999999926e-03
1.000000000000000000e+00 5.000000000000000000e+00 5.100000000000000000e+01 0.000000000000000000e+00 1.600000000000000089e+00 -1.757000000000000098e-03 2.699000000000000010e-03 -9.999949999999999672e-01 4.830809999999999826e-01 -8.755699999999999594e-01 -3.212000000000000011e-03 -8.755739999999999634e-01 -4.830840000000000134e-01 2.349999999999999930e-04
1.600000000000000000e+01 5.000000000000000000e+00 5.100000000000000000e+01 0.000000000000000000e+00 1.600000000000000089e+00 -1.268999999999999946e-03 -1.255999999999999955e-03 -9.999980000000000535e-01 4.857690000000000063e-01 -8.740869999999999473e-01 4.820000000000000066e-04 -8.740860000000000296e-01 -4.857670000000000043e-01 1.719000000000000042e-03
1.900000000000000000e+01 5.000000000000000000e+00 5.100000000000000000e+01 0.000000000000000000e+00 1.600000000000000089e+00 -1.768000000000000040e-03 -7.450000000000000025e-04 -9.999980000000000535e-01 4.937150000000000150e-01 -8.696239999999999526e-01 -2.239999999999999966e-04 -8.696220000000000061e-01 -4.937150000000000150e-01 1.905000000000000009e-03
2.200000000000000000e+01 5.000000000000000000e+00 5.100000000000000000e+01 0.000000000000000000e+00 1.600000000000000089e+00 -3.118999999999999811e-03 1.440000000000000036e-04 -9.999949999999999672e-01 4.942289999999999739e-01 -8.693300000000000471e-01 -1.667000000000000079e-03 -8.693260000000000431e-01 -4.942320000000000046e-01 2.639999999999999986e-03
2.700000000000000000e+01 5.000000000000000000e+00 5.100000000000000000e+01 0.000000000000000000e+00 1.600000000000000089e+00 1.188000000000000037e-03 -3.034999999999999937e-03 -9.999949999999999672e-01 4.895039999999999947e-01 -8.719949999999999646e-01 3.227999999999999967e-03 -8.719999999999999973e-01 -4.895050000000000234e-01 4.499999999999999877e-04
7.000000000000000000e+00 7.000000000000000000e+00 5.200000000000000000e+01 0.000000000000000000e+00 1.600000000000000089e+00 -1.269999999999999970e-04 -1.291000000000000047e-03 -9.999989999999999712e-01 9.569199999999999928e-02 -9.954100000000000170e-01 1.273000000000000043e-03 -9.954110000000000458e-01 -9.569099999999999828e-02 2.500000000000000052e-04
1.000000000000000000e+00 6.300000000000000000e+01 5.400000000000000000e+01 0.000000000000000000e+00 1.600000000000000089e+00 -1.206000000000000041e-03 -4.001000000000000216e-03 9.999909999999999632e-01 -3.529809999999999892e-01 9.356250000000000400e-01 3.318000000000000203e-03 -9.356299999999999617e-01 -3.529740000000000100e-01 -2.540000000000000157e-03
1.000000000000000000e+01 6.300000000000000000e+01 5.400000000000000000e+01 0.000000000000000000e+00 1.600000000000000089e+00 -1.227000000000000009e-03 1.546000000000000065e-03 9.999980000000000535e-01 -3.405969999999999831e-01 9.402070000000000149e-01 -1.871000000000000050e-03 -9.402080000000000437e-01 -3.405989999999999851e-01 -6.269999999999999532e-04
1.500000000000000000e+01 6.300000000000000000e+01 5.400000000000000000e+01 0.000000000000000000e+00 1.600000000000000089e+00 -1.097000000000000102e-03 1.505999999999999960e-03 9.999980000000000535e-01 -3.381759999999999766e-01 9.410809999999999453e-01 -1.788000000000000093e-03 -9.410819999999999741e-01 -3.381779999999999786e-01 -5.240000000000000517e-04
2.200000000000000000e+01 6.300000000000000000e+01 5.400000000000000000e+01 0.000000000000000000e+00 1.600000000000000089e+00 2.955000000000000161e-03 5.261000000000000051e-03 9.999820000000000375e-01 -3.379380000000000162e-01 9.411599999999999966e-01 -3.952999999999999917e-03 -9.411640000000000006e-01 -3.379199999999999982e-01 4.558999999999999685e-03
2.900000000000000000e+01 6.300000000000000000e+01 5.400000000000000000e+01 0.000000000000000000e+00 1.600000000000000089e+00 1.783999999999999996e-03 -2.490000000000000026e-03 9.999949999999999672e-01 -3.474019999999999886e-01 9.377119999999999900e-01 2.955000000000000161e-03 -9.377149999999999652e-01 -3.474059999999999926e-01 8.069999999999999916e-04
6.000000000000000000e+00 2.500000000000000000e+01 5.500000000000000000e+01 0.000000000000000000e+00 1.600000000000000089e+00 7.370000000000000249e-04 -2.758000000000000035e-03 -9.999959999999999960e-01 -1.387399999999999918e-02 -9.999000000000000110e-01 2.746999999999999876e-03 -9.999040000000000150e-01 1.387200000000000065e-02 -7.759999999999999971e-04
1.200000000000000000e+01 2.500000000000000000e+01 5.500000000000000000e+01 0.000000000000000000e+00 1.600000000000000089e+00 9.529999999999999626e-04 3.184000000000000198e-03 -9.999949999999999672e-01 -1.305899999999999943e-02 -9.999099999999999655e-01 -3.197000000000000189e-03 -9.999139999999999695e-01 1.306200000000000069e-02 -9.110000000000000259e-04
2.000000000000000000e+01 2.500000000000000000e+01 5.500000000000000000e+01 0.000000000000000000e+00 1.600000000000000089e+00 -2.056000000000000102e-03 -1.861999999999999940e-03 -9.999959999999999960e-01 -1.338699999999999959e-02 -9.999090000000000478e-01 1.889000000000000054e-03 -9.999080000000000190e-01 1.339100000000000013e-02 2.030999999999999819e-03
2.400000000000000000e+01 2.500000000000000000e+01 5.500000000000000000e+01 0.000000000000000000e+00 1.600000000000000089e+00 1.129000000000000012e-03 1.498999999999999898e-03 -9.999980000000000535e-01 -1.204000000000000035e-02 -9.999259999999999815e-01 -1.513000000000000022e-03 -9.999270000000000103e-01 1.204200000000000062e-02 -1.111000000000000008e-03
3.000000000000000000e+01 2.500000000000000000e+01 5.500000000000000000e+01 0.000000000000000000e+00 1.600000000000000089e+00 2.158999999999999895e-03 -6.229999999999999644e-04 -9.999970000000000248e-01 -1.145599999999999917e-02 -9.999339999999999895e-01 5.980000000000000072e-04 -9.999320000000000430e-01 1.145499999999999990e-02 -2.165999999999999957e-03
2.000000000000000000e+00 2.100000000000000000e+01 6.000000000000000000e+01 0.000000000000000000e+00 1.600000000000000089e+00 1.355000000000000085e-03 -1.334699999999999949e-02 9.999099999999999655e-01 -9.545700000000000018e-02 9.953429999999999778e-01 1.341499999999999984e-02 -9.954330000000000123e-01 -9.546599999999999531e-02 7.399999999999999623e-05
1.000000000000000000e+01 2.100000000000000000e+01 6.000000000000000000e+01 0.000000000000000000e+00 1.600000000000000089e+00 -1.227000000000000009e-03 3.399000000000000112e-03 9.999930000000000208e-01 -9.413900000000000046e-02 9.955530000000000213e-01 -3.498999999999999940e-03 -9.955580000000000540e-01 -9.414300000000000446e-02 -9.009999999999999997e-04
1.900000000000000000e+01 2.100000000000000000e+01 6.000000000000000000e+01 0.000000000000000000e+00 1.600000000000000089e+00 5.240000000000000517e-04 -2.750000000000000166e-04 1.000000000000000000e+00 -9.332300000000000317e-02 9.956359999999999655e-01 3.229999999999999907e-04 -9.956359999999999655e-01 -9.332300000000000317e-02 4.960000000000000216e-04
2.400000000000000000e+01 2.100000000000000000e+01 6.000000000000000000e+01 0.000000000000000000e+00 1.600000000000000089e+00 -1.672000000000000092e-03 4.117000000000000000e-03 9.999900000000000455e-01 -9.516099999999999559e-02 9.954530000000000323e-01 -4.257999999999999632e-03 -9.954600000000000115e-01 -9.516700000000000159e-02 -1.273000000000000043e-03
2.700000000000000000e+01 6.700000000000000000e+01 6.000000000000000000e+01 0.000000000000000000e+00 1.600000000000000089e+00 1.392000000000000008e-03 1.915999999999999951e-03 9.999970000000000248e-01 1.751109999999999889e-01 -9.845469999999999500e-01 1.642999999999999929e-03 9.845479999999999787e-01 1.751080000000000136e-01 -1.706000000000000051e-03
1.800000000000000000e+01 3.000000000000000000e+00 6.300000000000000000e+01 0.000000000000000000e+00 1.600000000000000089e+00 -1.020000000000000073e-03 3.723000000000000181e-03 9.999930000000000208e-01 -6.113250000000000073e-01 7.913719999999999644e-01 -3.569999999999999823e-03 -7.913790000000000546e-01 -6.113239999999999785e-01 1.469000000000000037e-03
3.000000000000000000e+00 2.700000000000000000e+01 6.300000000000000000e+01 0.000000000000000000e+00 1.600000000000000089e+00 2.288999999999999802e-03 2.968000000000000152e-03 9.999930000000000208e-01 -2.781540000000000123e-01 9.605339999999999989e-01 -2.214999999999999955e-03 -9.605339999999999989e-01 -2.781469999999999776e-01 3.024000000000000212e-03
1.100000000000000000e+01 2.700000000000000000e+01 6.300000000000000000e+01 0.000000000000000000e+00 1.600000000000000089e+00 -2.276999999999999944e-03 -2.063999999999999863e-03 9.999949999999999672e-01 -2.779190000000000271e-01 9.606029999999999847e-01 1.350000000000000071e-03 -9.606019999999999559e-01 -2.779150000000000231e-01 -2.760999999999999999e-03
1.500000000000000000e+01 2.700000000000000000e+01 6.300000000000000000e+01 0.000000000000000000e+00 1.600000000000000089e+00 1.049999999999999935e-03 -5.883000000000000208e-03 9.999820000000000375e-01 -2.804459999999999731e-01 9.598520000000000385e-01 5.941000000000000100e-03 -9.598689999999999722e-01 -2.804470000000000018e-01 -6.419999999999999925e-04
2.200000000000000000e+01 2.700000000000000000e+01 6.300000000000000000e+01 0.000000000000000000e+00 1.600000000000000089e+00 -1.177000000000000095e-03 -6.589999999999999721e-04 9.999989999999999712e-01 -2.820570000000000022e-01 9.593979999999999730e-01 2.999999999999999737e-04 -9.593970000000000553e-01 -2.820559999999999734e-01 -1.314999999999999980e-03
3.000000000000000000e+00 2.600000000000000000e+01 6.400000000000000000e+01 0.000000000000000000e+00 1.600000000000000089e+00 2.393000000000000162e-03 2.527999999999999865e-03 9.999940000000000495e-01 -3.667270000000000252e-01 9.303280000000000438e-01 -1.474999999999999966e-03 -9.303259999999999863e-01 -3.667210000000000192e-01 3.152999999999999987e-03
9.000000000000000000e+00 2.600000000000000000e+01 6.400000000000000000e+01 0.000000000000000000e+00 1.600000000000000089e+00 -2.649999999999999903e-04 -5.439999999999999957e-04 1.000000000000000000e+00 -3.651030000000000109e-01 9.309669999999999890e-01 4.099999999999999912e-04 -9.309669999999999890e-01 -3.651030000000000109e-01 -4.449999999999999746e-04
1.700000000000000000e+01 2.600000000000000000e+01 6.400000000000000000e+01 0.000000000000000000e+00 1.600000000000000089e+00 3.668999999999999952e-03 -6.462999999999999995e-03 9.999719999999999720e-01 -3.725640000000000063e-01 9.279770000000000518e-01 7.365000000000000019e-03 -9.279990000000000183e-01 -3.725809999999999955e-01 9.970000000000000563e-04
2.100000000000000000e+01 2.600000000000000000e+01 6.400000000000000000e+01 0.000000000000000000e+00 1.600000000000000089e+00 -7.709999999999999840e-04 -3.220000000000000206e-03 9.999949999999999672e-01 -3.729310000000000125e-01 9.278549999999999853e-01 2.700000000000000143e-03 -9.278589999999999893e-01 -3.729270000000000085e-01 -1.915999999999999951e-03
2.500000000000000000e+01 2.600000000000000000e+01 6.400000000000000000e+01 0.000000000000000000e+00 1.600000000000000089e+00 -2.500000000000000052e-04 -2.781000000000000052e-03 9.999959999999999960e-01 -3.679169999999999940e-01 9.298549999999999871e-01 2.494000000000000123e-03 -9.298589999999999911e-01 -3.679149999999999920e-01 -1.255000000000000039e-03
