2.100000000000000000e+01 6.000000000000000000e+00 4.000000000000000000e+00 0.000000000000000000e+00 1.600000000000000089e+00 -1.227560000000000040e-01 -9.941400000000000237e-02 -9.874450000000000172e-01 -8.549949999999999495e-01 -4.945919999999999761e-01 1.560850000000000015e-01 -5.038989999999999858e-01 8.634209999999999940e-01 -2.428500000000000103e-02
3.000000000000000000e+00 1.500000000000000000e+01 4.000000000000000000e+00 0.000000000000000000e+00 1.600000000000000089e+00 1.914000000000000076e-02 -6.426500000000000268e-02 9.977489999999999970e-01 4.529099999999999793e-01 -8.891130000000000422e-01 -6.595600000000000074e-02 8.913510000000000044e-01 4.531529999999999725e-01 1.208900000000000079e-02
2.800000000000000000e+01 1.500000000000000000e+01 4.000000000000000000e+00 0.000000000000000000e+00 1.600000000000000089e+00 -1.531999999999999942e-03 -2.738499999999999962e-02 9.996239999999999570e-01 3.196140000000000092e-01 -9.472059999999999924e-01 -2.545899999999999899e-02 9.475459999999999994e-01 3.194549999999999890e-01 1.020399999999999953e-02
1.400000000000000000e+01 1.300000000000000000e+01 5.000000000000000000e+00 0.000000000000000000e+00 1.600000000000000089e+00 1.937300000000000133e-02 -1.091690000000000021e-01 9.938339999999999952e-01 3.674319999999999808e-01 -9.236849999999999783e-01 -1.086260000000000003e-01 9.298480000000000079e-01 3.672710000000000141e-01 2.221800000000000164e-02
1.300000000000000000e+01 1.000000000000000000e+00 6.000000000000000000e+00 0.000000000000000000e+00 1.600000000000000089e+00 2.050300000000000039e-02 -1.250890000000000057e-01 -9.919339999999999824e-01 -1.762829999999999953e-01 -9.770499999999999741e-01 1.195689999999999947e-01 -9.841259999999999453e-01 1.724090000000000067e-01 -4.208300000000000235e-02
2.000000000000000000e+00 1.010000000000000000e+02 7.000000000000000000e+00 0.000000000000000000e+00 1.600000000000000089e+00 -1.469000000000000037e-03 6.049999999999999606e-04 9.999989999999999712e-01 8.879380000000000051e-01 4.599619999999999820e-01 1.026000000000000002e-03 -4.599610000000000087e-01 8.879380000000000051e-01 -1.213000000000000102e-03
1.300000000000000000e+01 1.010000000000000000e+02 7.000000000000000000e+00 0.000000000000000000e+00 1.600000000000000089e+00 1.680000000000000070e-03 -1.783200000000000063e-02 9.998399999999999510e-01 8.861759999999999637e-01 4.632979999999999876e-01 6.773999999999999640e-03 -4.633450000000000069e-01 8.860230000000000050e-01 1.658099999999999852e-02
2.700000000000000000e+01 1.010000000000000000e+02 7.000000000000000000e+00 0.000000000000000000e+00 1.600000000000000089e+00 -2.337999999999999801e-03 -8.358000000000000845e-03 9.999620000000000175e-01 8.860029999999999850e-01 4.636419999999999986e-01 5.945999999999999897e-03 -4.636739999999999751e-01 8.859829999999999650e-01 6.322000000000000362e-03
4.000000000000000000e+00 2.500000000000000000e+01 8.000000000000000000e+00 0.000000000000000000e+00 1.600000000000000089e+00 5.150000000000000498e-04 -2.230000000000000211e-03 -9.999970000000000248e-01 4.403520000000000212e-01 8.978230000000000377e-01 -1.775000000000000102e-03 8.978249999999999842e-01 -4.403500000000000192e-01 1.443999999999999971e-03
8.000000000000000000e+00 2.500000000000000000e+01 8.000000000000000000e+00 0.000000000000000000e+00 1.600000000000000089e+00 8.329999999999999731e-04 -5.439999999999999957e-04 -1.000000000000000000e+00 4.403380000000000072e-01 8.978319999999999634e-01 -1.219999999999999974e-04 8.978319999999999634e-01 -4.403380000000000072e-01 9.870000000000000301e-04
1.100000000000000000e+01 2.500000000000000000e+01 8.000000000000000000e+00 0.000000000000000000e+00 1.600000000000000089e+00 1.090999999999999956e-03 3.987000000000000093e-03 -9.999909999999999632e-01 4.399230000000000085e-01 8.980259999999999909e-01 4.060000000000000241e-03 8.980350000000000277e-01 -4.399230000000000085e-01 -7.739999999999999485e-04
1.700000000000000000e+01 2.500000000000000000e+01 8.000000000000000000e+00 0.000000000000000000e+00 1.600000000000000089e+00 1.222999999999999912e-03 4.605999999999999851e-03 -9.999890000000000168e-01 4.393699999999999828e-01 8.982940000000000369e-01 4.675000000000000336e-03 8.983050000000000201e-01 -4.393710000000000115e-01 -9.250000000000000409e-04
2.200000000000000000e+01 2.500000000000000000e+01 8.000000000000000000e+00 0.000000000000000000e+00 1.600000000000000089e+00 6.750000000000000357e-04 -4.415999999999999787e-03 -9.999900000000000455e-01 4.407969999999999944e-01 8.975990000000000357e-01 -3.665999999999999988e-03 8.976060000000000150e-01 -4.407900000000000151e-01 2.553000000000000148e-03
2.800000000000000000e+01 2.500000000000000000e+01 8.000000000000000000e+00 0.000000000000000000e+00 1.600000000000000089e+00 -1.812999999999999941e-03 2.177000000000000116e-03 -9.999959999999999960e-01 4.401189999999999825e-01 8.979390000000000427e-01 1.157000000000000042e-03 8.979380000000000139e-01 -4.401149999999999785e-01 -2.586000000000000191e-03
3.000000000000000000e+00 2.400000000000000000e+01 9.000000000000000000e+00 0.000000000000000000e+00 1.600000000000000089e+00 1.209999999999999921e-03 -1.675999999999999972e-03 -9.999980000000000535e-01 4.480480000000000018e-01 8.940090000000000536e-01 -9.560000000000000355e-04 8.940090000000000536e-01 -4.480459999999999998e-01 1.832999999999999994e-03
7.000000000000000000e+00 2.400000000000000000e+01 9.000000000000000000e+00 0.000000000000000000e+00 1.600000000000000089e+00 7.060000000000000303e-04 -2.556999999999999811e-03 -9.999959999999999960e-01 4.478210000000000246e-01 8.941210000000000546e-01 -1.969999999999999963e-03 8.941230000000000011e-01 -4.478179999999999938e-01 1.776000000000000018e-03
1.200000000000000000e+01 2.400000000000000000e+01 9.000000000000000000e+00 0.000000000000000000e+00 1.600000000000000089e+00 8.229999999999999469e-04 5.265999999999999848e-03 -9.999860000000000415e-01 4.464170000000000083e-01 8.948110000000000230e-01 5.080000000000000314e-03 8.948249999999999815e-01 -4.464150000000000063e-01 -1.613999999999999983e-03
1.800000000000000000e+01 2.400000000000000000e+01 9.000000000000000000e+00 0.000000000000000000e+00 1.600000000000000089e+00 9.229999999999999923e-04 3.418000000000000031e-03 -9.999940000000000495e-01 4.460950000000000193e-01 8.949789999999999690e-01 3.469999999999999994e-03 8.949850000000000305e-01 -4.460950000000000193e-01 -6.980000000000000527e-04
2.800000000000000000e+01 2.400000000000000000e+01 9.000000000000000000e+00 0.000000000000000000e+00 1.600000000000000089e+00 -1.036000000000000029e-03 5.820000000000000520e-04 -9.999989999999999712e-01 4.454089999999999994e-01 8.953269999999999840e-01 6.000000000000000152e-05 8.953269999999999840e-01 -4.454089999999999994e-01 -1.186999999999999904e-03
5.000000000000000000e+00 7.000000000000000000e+00 1.000000000000000000e+01 0.000000000000000000e+00 1.600000000000000089e+00 -1.361890000000000045e-01 -7.619499999999999884e-02 -9.877479999999999594e-01 -9.475379999999999914e-01 -2.810159999999999880e-01 1.523220000000000129e-01 -2.891790000000000194e-01 9.566740000000000244e-01 -3.392699999999999882e-02
2.000000000000000000e+00 3.100000000000000000e+01 1.200000000000000000e+01 0.000000000000000000e+00 1.600000000000000089e+00 -1.529999999999999893e-03 6.011999999999999983e-03 9.999810000000000088e-01 -2.870199999999999835e-02 9.995699999999999585e-01 -6.054000000000000353e-03 -9.995870000000000033e-01 -2.871100000000000041e-02 -1.356999999999999916e-03
1.400000000000000000e+01 3.200000000000000000e+01 1.400000000000000000e+01 0.000000000000000000e+00 1.600000000000000089e+00 -1.327999999999999970e-03 -4.120000000000000398e-03 -9.999909999999999632e-01 1.263340000000000019e-01 9.919790000000000552e-01 -4.255000000000000102e-03 9.919869999999999521e-01 -1.263380000000000059e-01 -7.969999999999999654e-04
2.500000000000000000e+01 3.200000000000000000e+01 1.400000000000000000e+01 0.000000000000000000e+00 1.600000000000000089e+00 -8.799999999999999771e-05 2.056000000000000102e-03 -9.999980000000000535e-01 1.157480000000000037e-01 9.932769999999999655e-01 2.031999999999999952e-03 9.932790000000000230e-01 -1.157480000000000037e-01 -3.249999999999999851e-04
2.900000000000000000e+01 3.200000000000000000e+01 1.400000000000000000e+01 0.000000000000000000e+00 1.600000000000000089e+00 -1.230000000000000082e-04 2.919000000000000154e-03 -9.999959999999999960e-01 1.170159999999999950e-01 9.931259999999999533e-01 2.884999999999999978e-03 9.931299999999999573e-01 -1.170149999999999940e-01 -4.640000000000000027e-04
1.100000000000000000e+01 1.200000000000000000e+01 1.500000000000000000e+01 0.000000000000000000e+00 1.600000000000000089e+00 1.136999999999999990e-02 1.704900000000000165e-02 -9.997899999999999565e-01 -4.021640000000000215e-01 -9.153449999999999642e-01 -2.018299999999999955e-02 -9.154970000000000052e-01 4.023090000000000277e-01 -3.550999999999999903e-03
1.800000000000000000e+01 1.200000000000000000e+01 1.500000000000000000e+01 0.000000000000000000e+00 1.600000000000000089e+00 1.866999999999999953e-03 -4.279999999999999950e-03 -9.999890000000000168e-01 -4.336849999999999872e-01 -9.010590000000000543e-01 3.046000000000000096e-03 -9.010629999999999473e-01 4.336749999999999772e-01 -3.539000000000000045e-03
2.200000000000000000e+01 1.200000000000000000e+01 1.500000000000000000e+01 0.000000000000000000e+00 1.600000000000000089e+00 3.667000000000000121e-03 -3.232000000000000064e-03 -9.999879999999999880e-01 -4.461370000000000058e-01 -8.949639999999999818e-01 1.255999999999999955e-03 -8.949570000000000025e-01 4.461269999999999958e-01 -4.723999999999999901e-03
9.000000000000000000e+00 1.160000000000000000e+02 1.600000000000000000e+01 0.000000000000000000e+00 1.600000000000000089e+00 9.349999999999999587e-04 1.546000000000000065e-03 9.999980000000000535e-01 7.022230000000000416e-01 7.119550000000000045e-01 -1.758000000000000014e-03 -7.119560000000000333e-01 7.022239999999999593e-01 -4.200000000000000174e-04
7.000000000000000000e+00 2.000000000000000000e+00 1.900000000000000000e+01 0.000000000000000000e+00 1.600000000000000089e+00 6.080999999999999600e-03 -4.401399999999999757e-02 -9.990120000000000111e-01 3.543700000000000183e-01 -9.341019999999999879e-01 4.331200000000000327e-02 -9.350859999999999728e-01 -3.542830000000000146e-01 9.917000000000000468e-03
1.000000000000000000e+01 2.000000000000000000e+00 1.900000000000000000e+01 0.000000000000000000e+00 1.600000000000000089e+00 -1.618999999999999996e-03 -6.670700000000000240e-02 -9.977709999999999635e-01 3.410579999999999723e-01 -9.379849999999999577e-01 6.215699999999999698e-02 -9.400410000000000155e-01 -3.401970000000000272e-01 2.426899999999999891e-02
1.500000000000000000e+01 2.000000000000000000e+00 1.900000000000000000e+01 0.000000000000000000e+00 1.600000000000000089e+00 -2.806200000000000014e-02 -6.825299999999999423e-02 -9.972729999999999650e-01 3.122329999999999828e-01 -9.483470000000000510e-01 5.611800000000000122e-02 -9.495909999999999629e-01 -3.098069999999999991e-01 4.792400000000000132e-02
1.800000000000000000e+01 2.000000000000000000e+00 1.900000000000000000e+01 0.000000000000000000e+00 1.600000000000000089e+00 -3.800400000000000306e-02 -6.872899999999999843e-02 -9.969109999999999916e-01 2.884869999999999934e-01 -9.559079999999999799e-01 5.490500000000000241e-02 -9.567290000000000516e-01 -2.855090000000000128e-01 5.615499999999999658e-02
2.300000000000000000e+01 2.000000000000000000e+00 1.900000000000000000e+01 0.000000000000000000e+00 1.600000000000000089e+00 -3.866800000000000098e-02 -6.782900000000000040e-02 -9.969470000000000276e-01 2.351800000000000002e-01 -9.702849999999999531e-01 5.689299999999999913e-02 -9.711819999999999897e-01 -2.322619999999999962e-01 5.347099999999999770e-02
2.700000000000000000e+01 2.000000000000000000e+00 1.900000000000000000e+01 0.000000000000000000e+00 1.600000000000000089e+00 -2.695799999999999932e-02 -5.989200000000000079e-02 -9.978409999999999780e-01 2.051320000000000088e-01 -9.772920000000000496e-01 5.311599999999999655e-02 -9.783629999999999827e-01 -2.032569999999999932e-01 3.863099999999999867e-02
4.000000000000000000e+00 3.000000000000000000e+00 1.900000000000000000e+01 0.000000000000000000e+00 1.600000000000000089e+00 1.178000000000000054e-02 -2.494499999999999842e-02 -9.996190000000000353e-01 3.322519999999999918e-01 -9.427910000000000457e-01 2.744200000000000111e-02 -9.431169999999999831e-01 -3.324489999999999945e-01 -2.818000000000000192e-03
9.000000000000000000e+00 3.000000000000000000e+00 1.900000000000000000e+01 0.000000000000000000e+00 1.600000000000000089e+00 -9.740000000000000394e-04 -4.942400000000000265e-02 -9.987770000000000259e-01 3.208799999999999986e-01 -9.459779999999999855e-01 4.649899999999999867e-02 -9.471190000000000442e-01 -3.204420000000000046e-01 1.677999999999999978e-02
1.400000000000000000e+01 3.000000000000000000e+00 1.900000000000000000e+01 0.000000000000000000e+00 1.600000000000000089e+00 -2.762699999999999878e-02 -6.737200000000000133e-02 -9.973450000000000371e-01 3.022699999999999831e-01 -9.515820000000000389e-01 5.590699999999999836e-02 -9.528219999999999468e-01 -2.999229999999999952e-01 4.665400000000000102e-02
1.000000000000000000e+01 4.000000000000000000e+00 2.000000000000000000e+01 0.000000000000000000e+00 1.600000000000000089e+00 -1.928999999999999942e-03 -2.916600000000000095e-02 -9.995730000000000448e-01 3.367829999999999990e-01 -9.412000000000000366e-01 2.681300000000000003e-02 -9.415799999999999725e-01 -3.365870000000000251e-01 1.163900000000000004e-02
3.000000000000000000e+00 1.300000000000000000e+01 2.000000000000000000e+01 0.000000000000000000e+00 1.600000000000000089e+00 -6.359999999999999551e-04 -3.444000000000000013e-03 9.999940000000000495e-01 2.592019999999999880e-01 9.658170000000000366e-01 3.491000000000000179e-03 -9.658229999999999871e-01 2.592030000000000167e-01 2.779999999999999811e-04
7.000000000000000000e+00 1.300000000000000000e+01 2.000000000000000000e+01 0.000000000000000000e+00 1.600000000000000089e+00 -1.809000000000000061e-03 -7.948999999999999469e-03 9.999670000000000503e-01 2.622110000000000274e-01 9.649759999999999449e-01 8.144999999999999463e-03 -9.650090000000000057e-01 2.622169999999999779e-01 3.390000000000000001e-04
1.200000000000000000e+01 1.300000000000000000e+01 2.000000000000000000e+01 0.000000000000000000e+00 1.600000000000000089e+00 -1.219999999999999974e-04 -3.222000000000000038e-03 9.999949999999999672e-01 2.647700000000000053e-01 9.643070000000000253e-01 3.139999999999999996e-03 -9.643119999999999470e-01 2.647689999999999766e-01 7.349999999999999763e-04
1.700000000000000000e+01 1.300000000000000000e+01 2.000000000000000000e+01 0.000000000000000000e+00 1.600000000000000089e+00 7.140000000000000079e-04 2.844999999999999873e-03 9.999959999999999960e-01 2.642050000000000232e-01 9.644620000000000415e-01 -2.932999999999999843e-03 -9.644660000000000455e-01 2.642059999999999964e-01 -6.299999999999999990e-05
2.000000000000000000e+01 1.300000000000000000e+01 2.000000000000000000e+01 0.000000000000000000e+00 1.600000000000000089e+00 3.739999999999999835e-04 -4.389999999999999914e-04 1.000000000000000000e+00 2.629830000000000223e-01 9.647999999999999909e-01 3.249999999999999851e-04 -9.647999999999999909e-01 2.629830000000000223e-01 4.760000000000000234e-04
2.400000000000000000e+01 1.300000000000000000e+01 2.000000000000000000e+01 0.000000000000000000e+00 1.600000000000000089e+00 -1.259999999999999998e-04 -4.819000000000000367e-03 9.999879999999999880e-01 2.646040000000000059e-01 9.643460000000000365e-01 4.681000000000000265e-03 -9.643570000000000197e-01 2.646009999999999751e-01 1.152999999999999945e-03
2.900000000000000000e+01 1.300000000000000000e+01 2.000000000000000000e+01 0.000000000000000000e+00 1.600000000000000089e+00 -6.319999999999999663e-04 6.570000000000000319e-04 1.000000000000000000e+00 2.647689999999999766e-01 9.643119999999999470e-01 -4.659999999999999971e-04 -9.643119999999999470e-01 2.647680000000000033e-01 -7.829999999999999504e-04
6.000000000000000000e+00 3.000000000000000000e+00 2.500000000000000000e+01 0.000000000000000000e+00 1.600000000000000089e+00 -4.321000000000000188e-03 6.708000000000000421e-03 9.999679999999999680e-01 -3.911200000000000093e-02 -9.992130000000000178e-01 6.533999999999999878e-03 9.992250000000000298e-01 -3.908199999999999869e-02 4.579999999999999870e-03
2.100000000000000000e+01 3.000000000000000000e+00 2.500000000000000000e+01 0.000000000000000000e+00 1.600000000000000089e+00 1.484000000000000076e-03 6.920000000000000153e-04 9.999989999999999712e-01 -4.024599999999999705e-02 -9.991889999999999938e-01 7.510000000000000399e-04 9.991889999999999938e-01 -4.024699999999999805e-02 -1.454999999999999913e-03
2.900000000000000000e+01 3.000000000000000000e+00 2.500000000000000000e+01 0.000000000000000000e+00 1.600000000000000089e+00 -4.335000000000000311e-03 -1.642100000000000157e-02 9.998559999999999670e-01 -4.127100000000000213e-02 -9.990099999999999536e-01 -1.658600000000000005e-02 9.991389999999999993e-01 -4.133699999999999875e-02 3.652999999999999997e-03
7.000000000000000000e+00 4.600000000000000000e+01 2.700000000000000000e+01 0.000000000000000000e+00 1.600000000000000089e+00 -4.009999999999999893e-04 -2.824000000000000121e-03 -9.999959999999999960e-01 6.806649999999999645e-01 7.325909999999999922e-01 -2.341999999999999898e-03 7.325949999999999962e-01 -6.806630000000000180e-01 1.629000000000000023e-03
1.600000000000000000e+01 4.600000000000000000e+01 2.700000000000000000e+01 0.000000000000000000e+00 1.600000000000000089e+00 -4.889999999999999599e-04 2.207000000000000194e-03 -9.999970000000000248e-01 6.779669999999999863e-01 7.350910000000000499e-01 1.291000000000000047e-03 7.350919999999999677e-01 -6.779640000000000111e-01 -1.856000000000000011e-03
2.800000000000000000e+01 4.600000000000000000e+01 2.700000000000000000e+01 0.000000000000000000e+00 1.600000000000000089e+00 -2.603999999999999978e-03 -8.149999999999999693e-04 -9.999959999999999960e-01 6.773639999999999661e-01 7.356449999999999934e-01 -2.364000000000000216e-03 7.356439999999999646e-01 -6.773670000000000524e-01 -1.363999999999999978e-03
1.800000000000000000e+01 4.600000000000000000e+01 3.000000000000000000e+01 0.000000000000000000e+00 1.600000000000000089e+00 -2.860000000000000129e-04 2.157000000000000063e-03 -9.999980000000000535e-01 3.314199999999999924e-01 9.434810000000000141e-01 1.941000000000000017e-03 9.434829999999999606e-01 -3.314179999999999904e-01 -9.849999999999999815e-04
5.000000000000000000e+00 5.800000000000000000e+01 3.100000000000000000e+01 0.000000000000000000e+00 1.600000000000000089e+00 6.960000000000000041e-04 2.024999999999999890e-03 9.999980000000000535e-01 -8.109349999999999614e-01 -5.851340000000000430e-01 1.748999999999999904e-03 5.851359999999999895e-01 -8.109340000000000437e-01 1.234999999999999987e-03
9.000000000000000000e+00 5.800000000000000000e+01 3.100000000000000000e+01 0.000000000000000000e+00 1.600000000000000089e+00 3.390999999999999917e-03 3.969999999999999571e-03 9.999860000000000415e-01 -8.097499999999999698e-01 -5.867529999999999690e-01 5.074999999999999650e-03 5.867649999999999810e-01 -8.097560000000000313e-01 1.224999999999999960e-03
1.600000000000000000e+01 5.800000000000000000e+01 3.100000000000000000e+01 0.000000000000000000e+00 1.600000000000000089e+00 -2.027999999999999855e-03 -4.793000000000000385e-03 9.999869999999999592e-01 -8.146050000000000235e-01 -5.799990000000000423e-01 -4.432000000000000176e-03 5.800130000000000008e-01 -8.146029999999999660e-01 -2.727999999999999956e-03
2.100000000000000000e+01 5.800000000000000000e+01 3.100000000000000000e+01 0.000000000000000000e+00 1.600000000000000089e+00 2.347999999999999827e-03 1.033000000000000064e-03 9.999970000000000248e-01 -8.149290000000000145e-01 -5.795550000000000423e-01 2.511999999999999910e-03 5.795559999999999601e-01 -8.149319999999999897e-01 -5.180000000000000143e-04
2.500000000000000000e+01 5.800000000000000000e+01 3.100000000000000000e+01 0.000000000000000000e+00 1.600000000000000089e+00 -1.216999999999999983e-03 -3.105999999999999820e-03 9.999940000000000495e-01 -8.146050000000000235e-01 -5.800100000000000255e-01 -2.792000000000000211e-03 5.800149999999999473e-01 -8.146039999999999948e-01 -1.825000000000000016e-03
4.000000000000000000e+00 4.600000000000000000e+01 3.500000000000000000e+01 0.000000000000000000e+00 1.600000000000000089e+00 6.459999999999999814e-04 1.075000000000000001e-03 -9.999989999999999712e-01 3.913690000000000224e-01 -9.202339999999999964e-01 -7.370000000000000249e-04 -9.202339999999999964e-01 -3.913679999999999937e-01 -1.015000000000000060e-03
6.000000000000000000e+00 4.600000000000000000e+01 3.500000000000000000e+01 0.000000000000000000e+00 1.600000000000000089e+00 3.179999999999999776e-04 1.379999999999999933e-03 -9.999989999999999712e-01 3.913220000000000032e-01 -9.202529999999999877e-01 -1.146000000000000100e-03 -9.202540000000000164e-01 -3.913209999999999744e-01 -8.329999999999999731e-04
1.400000000000000000e+01 4.600000000000000000e+01 3.500000000000000000e+01 0.000000000000000000e+00 1.600000000000000089e+00 -6.700000000000000226e-04 -9.799999999999999684e-05 -1.000000000000000000e+00 3.912109999999999754e-01 -9.203010000000000357e-01 -1.720000000000000066e-04 -9.203010000000000357e-01 -3.912109999999999754e-01 6.549999999999999833e-04
1.800000000000000000e+01 4.600000000000000000e+01 3.500000000000000000e+01 0.000000000000000000e+00 1.600000000000000089e+00 6.679999999999999740e-04 5.066000000000000190e-03 -9.999869999999999592e-01 3.906789999999999985e-01 -9.205160000000000009e-01 -4.401999999999999663e-03 -9.205269999999999841e-01 -3.906709999999999905e-01 -2.593999999999999952e-03
2.600000000000000000e+01 4.600000000000000000e+01 3.500000000000000000e+01 0.000000000000000000e+00 1.600000000000000089e+00 -5.300000000000000078e-05 8.799999999999999771e-05 -1.000000000000000000e+00 3.923449999999999993e-01 -9.198180000000000245e-01 -1.010000000000000020e-04 -9.198180000000000245e-01 -3.923449999999999993e-01 1.500000000000000038e-05
1.100000000000000000e+01 9.500000000000000000e+01 3.600000000000000000e+01 0.000000000000000000e+00 1.600000000000000089e+00 2.910000000000000260e-04 6.164000000000000208e-03 9.999810000000000088e-01 9.967369999999999841e-01 8.071599999999999608e-02 -7.870000000000000476e-04 -8.071899999999999908e-02 9.967179999999999929e-01 -6.120999999999999705e-03
1.400000000000000000e+01 9.500000000000000000e+01 3.600000000000000000e+01 0.000000000000000000e+00 1.600000000000000089e+00 -2.699999999999999899e-05 -8.522000000000000061e-03 9.999639999999999640e-01 9.967249999999999721e-01 8.086799999999999544e-02 7.159999999999999481e-04 -8.087099999999999844e-02 9.966880000000000184e-01 8.491999999999999549e-03
2.200000000000000000e+01 9.500000000000000000e+01 3.600000000000000000e+01 0.000000000000000000e+00 1.600000000000000089e+00 -3.373000000000000130e-03 -1.961399999999999949e-02 9.998019999999999685e-01 9.967380000000000129e-01 8.055800000000000460e-02 4.943000000000000345e-03 -8.063900000000000234e-02 9.965570000000000261e-01 1.927800000000000000e-02
2.000000000000000000e+00 3.000000000000000000e+00 4.300000000000000000e+01 0.000000000000000000e+00 1.600000000000000089e+00 -2.896999999999999836e-03 -2.121400000000000022e-02 -9.997709999999999653e-01 7.432990000000000430e-01 -6.688509999999999733e-01 1.203800000000000009e-02 -6.689530000000000198e-01 -7.430940000000000323e-01 1.770599999999999952e-02
1.700000000000000000e+01 3.000000000000000000e+00 4.300000000000000000e+01 0.000000000000000000e+00 1.600000000000000089e+00 -1.580000000000000024e-03 -1.991999999999999847e-03 -9.999970000000000248e-01 7.372159999999999824e-01 -6.756569999999999521e-01 1.810000000000000085e-04 -6.756550000000000056e-01 -7.372130000000000072e-01 2.536000000000000060e-03
2.800000000000000000e+01 3.000000000000000000e+00 4.300000000000000000e+01 0.000000000000000000e+00 1.600000000000000089e+00 5.865000000000000421e-03 6.362999999999999733e-03 -9.999630000000000463e-01 7.274110000000000298e-01 -6.862019999999999786e-01 -1.000000000000000048e-04 -6.861770000000000369e-01 -7.273830000000000018e-01 -8.652999999999999234e-03
7.000000000000000000e+00 2.900000000000000000e+01 4.400000000000000000e+01 0.000000000000000000e+00 1.600000000000000089e+00 -1.235999999999999903e-03 4.128999999999999858e-03 -9.999909999999999632e-01 6.641820000000000501e-01 7.475669999999999815e-01 2.265999999999999785e-03 7.475699999999999568e-01 -6.641730000000000134e-01 -3.667000000000000121e-03
2.900000000000000000e+01 2.900000000000000000e+01 4.400000000000000000e+01 0.000000000000000000e+00 1.600000000000000089e+00 -2.509999999999999753e-04 -1.299000000000000024e-03 -9.999989999999999712e-01 6.708809999999999496e-01 7.415640000000000009e-01 -1.131000000000000061e-03 7.415650000000000297e-01 -6.708809999999999496e-01 6.859999999999999779e-04
1.300000000000000000e+01 5.400000000000000000e+01 4.600000000000000000e+01 0.000000000000000000e+00 1.600000000000000089e+00 4.429999999999999802e-04 3.174000000000000172e-03 9.999949999999999672e-01 2.896639999999999771e-01 -9.571239999999999748e-01 2.909000000000000127e-03 9.571279999999999788e-01 2.896610000000000018e-01 -1.343999999999999926e-03
1.000000000000000000e+01 5.000000000000000000e+00 5.100000000000000000e+01 0.000000000000000000e+00 1.600000000000000089e+00 -2.093999999999999941e-03 2.857000000000000164e-03 -9.999940000000000495e-01 4.823500000000000010e-01 -8.759719999999999729e-01 -3.513000000000000064e-03 -8.759759999999999769e-01 -4.823540000000000050e-01 4.560000000000000251e-04
1.600000000000000000e+01 5.000000000000000000e+00 5.100000000000000000e+01 0.000000000000000000e+00 1.600000000000000089e+00 1.240999999999999916e-03 1.969999999999999963e-03 -9.999970000000000248e-01 4.905180000000000096e-01 -8.714309999999999556e-01 -1.106999999999999911e-03 -8.714300000000000379e-01 -4.905149999999999788e-01 -2.047999999999999907e-03
1.000000000000000000e+00 6.300000000000000000e+01 5.400000000000000000e+01 0.000000000000000000e+00 1.600000000000000089e+00 -1.472999999999999917e-03 -2.511000000000000211e-03 9.999959999999999960e-01 -3.498009999999999731e-01 9.368220000000000436e-01 1.837000000000000091e-03 -9.368229999999999613e-01 -3.497970000000000246e-01 -2.258000000000000024e-03
1.400000000000000000e+01 6.300000000000000000e+01 5.400000000000000000e+01 0.000000000000000000e+00 1.600000000000000089e+00 -1.283999999999999985e-03 -3.157000000000000084e-03 9.999940000000000495e-01 -3.534649999999999737e-01 9.354440000000000532e-01 2.498999999999999919e-03 -9.354470000000000285e-01 -3.534599999999999964e-01 -2.317000000000000049e-03
1.800000000000000000e+01 6.300000000000000000e+01 5.400000000000000000e+01 0.000000000000000000e+00 1.600000000000000089e+00 -1.649999999999999991e-04 -5.619999999999999996e-04 1.000000000000000000e+00 -3.473990000000000133e-01 9.377170000000000227e-01 4.699999999999999859e-04 -9.377170000000000227e-01 -3.473990000000000133e-01 -3.499999999999999964e-04
2.500000000000000000e+01 6.300000000000000000e+01 5.400000000000000000e+01 0.000000000000000000e+00 1.600000000000000089e+00 7.659999999999999708e-04 8.829999999999999958e-04 9.999989999999999712e-01 -3.489200000000000079e-01 9.371519999999999850e-01 -5.599999999999999509e-04 -9.371519999999999850e-01 -3.489189999999999792e-01 1.026000000000000002e-03
4.000000000000000000e+00 2.500000000000000000e+01 5.500000000000000000e+01 0.000000000000000000e+00 1.600000000000000089e+00 8.299999999999999815e-05 -2.036000000000000049e-03 -9.999980000000000535e-01 -1.533499999999999967e-02 -9.998799999999999910e-01 2.034999999999999917e-03 -9.998820000000000485e-01 1.533499999999999967e-02 -1.140000000000000063e-04
7.000000000000000000e+00 2.500000000000000000e+01 5.500000000000000000e+01 0.000000000000000000e+00 1.600000000000000089e+00 4.290000000000000193e-04 3.242999999999999789e-03 -9.999949999999999672e-01 -1.503299999999999949e-02 -9.998820000000000485e-01 -3.249000000000000152e-03 -9.998869999999999703e-01 1.503499999999999975e-02 -3.800000000000000209e-04
1.200000000000000000e+01 2.500000000000000000e+01 5.500000000000000000e+01 0.000000000000000000e+00 1.600000000000000089e+00 -1.128000000000000096e-03 3.792999999999999931e-03 -9.999919999999999920e-01 -1.378099999999999985e-02 -9.998979999999999535e-01 -3.776999999999999975e-03 -9.999040000000000150e-01 1.377600000000000005e-02 1.180000000000000059e-03
2.000000000000000000e+01 2.500000000000000000e+01 5.500000000000000000e+01 0.000000000000000000e+00 1.600000000000000089e+00 4.350000000000000026e-04 -2.713000000000000134e-03 -9.999959999999999960e-01 -1.400500000000000009e-02 -9.998979999999999535e-01 2.706000000000000072e-03 -9.999019999999999575e-01 1.400400000000000082e-02 -4.730000000000000046e-04
2.400000000000000000e+01 2.500000000000000000e+01 5.500000000000000000e+01 0.000000000000000000e+00 1.600000000000000089e+00 -5.950000000000000427e-04 2.150000000000000001e-03 -9.999970000000000248e-01 -1.271800000000000014e-02 -9.999169999999999447e-01 -2.141999999999999807e-03 -9.999190000000000023e-01 1.271699999999999914e-02 6.229999999999999644e-04
1.000000000000000000e+00 5.800000000000000000e+01 5.900000000000000000e+01 0.000000000000000000e+00 1.600000000000000089e+00 -2.678999999999999958e-03 1.637999999999999916e-03 -9.999949999999999672e-01 3.969289999999999763e-01 9.178490000000000260e-01 4.400000000000000157e-04 9.178450000000000220e-01 -3.969260000000000010e-01 -3.108999999999999785e-03
5.000000000000000000e+00 2.100000000000000000e+01 6.000000000000000000e+01 0.000000000000000000e+00 1.600000000000000089e+00 4.144000000000000114e-03 -1.900000000000000105e-05 9.999909999999999632e-01 -9.710399999999999587e-02 9.952739999999999920e-01 4.220000000000000118e-04 -9.952659999999999840e-01 -9.710499999999999687e-02 4.122999999999999929e-03
9.000000000000000000e+00 2.100000000000000000e+01 6.000000000000000000e+01 0.000000000000000000e+00 1.600000000000000089e+00 4.278999999999999818e-03 -1.746800000000000089e-02 9.998380000000000045e-01 -1.013109999999999983e-01 9.946949999999999958e-01 1.781200000000000144e-02 -9.948460000000000081e-01 -1.013710000000000028e-01 2.487000000000000061e-03
1.500000000000000000e+01 2.100000000000000000e+01 6.000000000000000000e+01 0.000000000000000000e+00 1.600000000000000089e+00 -2.211999999999999991e-03 2.073999999999999889e-03 9.999949999999999672e-01 -9.581900000000000139e-02 9.953959999999999475e-01 -2.275999999999999811e-03 -9.953959999999999475e-01 -9.582400000000000639e-02 -2.003000000000000006e-03
2.200000000000000000e+01 6.000000000000000000e+00 6.100000000000000000e+01 0.000000000000000000e+00 1.600000000000000089e+00 -6.819999999999999890e-04 1.113999999999999973e-03 9.999989999999999712e-01 5.665810000000000013e-01 -8.240049999999999875e-01 1.304000000000000038e-03 8.240060000000000162e-01 5.665810000000000013e-01 -6.899999999999999667e-05
2.900000000000000000e+01 3.000000000000000000e+00 6.300000000000000000e+01 0.000000000000000000e+00 1.600000000000000089e+00 2.629999999999999959e-03 -8.453000000000000444e-03 9.999609999999999888e-01 -6.141780000000000017e-01 7.891240000000000476e-01 8.285999999999999963e-03 -7.891629999999999479e-01 -6.141760000000000552e-01 -3.115999999999999846e-03
5.000000000000000000e+00 2.700000000000000000e+01 6.300000000000000000e+01 0.000000000000000000e+00 1.600000000000000089e+00 3.480000000000000020e-04 -5.900999999999999995e-03 9.999820000000000375e-01 -2.731919999999999904e-01 9.619419999999999638e-01 5.771000000000000088e-03 -9.619590000000000085e-01 -2.731890000000000152e-01 -1.276999999999999923e-03
1.300000000000000000e+01 2.700000000000000000e+01 6.300000000000000000e+01 0.000000000000000000e+00 1.600000000000000089e+00 4.444000000000000034e-03 8.054999999999999660e-03 9.999580000000000135e-01 -2.732310000000000016e-01 9.619259999999999478e-01 -6.535000000000000010e-03 -9.619379999999999598e-01 -2.731910000000000172e-01 6.474999999999999853e-03
2.200000000000000000e+01 2.700000000000000000e+01 6.300000000000000000e+01 0.000000000000000000e+00 1.600000000000000089e+00 -3.628999999999999847e-03 -8.210999999999999549e-03 9.999599999999999600e-01 -2.730210000000000137e-01 9.619830000000000325e-01 6.909000000000000211e-03 -9.620009999999999950e-01 -2.729849999999999777e-01 -5.732000000000000116e-03
6.000000000000000000e+00 2.600000000000000000e+01 6.400000000000000000e+01 0.000000000000000000e+00 1.600000000000000089e+00 1.912000000000000071e-03 -3.245000000000000055e-03 9.999930000000000208e-01 -3.551159999999999872e-01 9.348149999999999515e-01 3.712000000000000022e-03 -9.348199999999999843e-01 -3.551210000000000200e-01 6.350000000000000392e-04
9.000000000000000000e+00 2.600000000000000000e+01 6.400000000000000000e+01 0.000000000000000000e+00 1.600000000000000089e+00 4.245999999999999774e-03 3.925999999999999802e-03 9.999829999999999552e-01 -3.566449999999999898e-01 9.342380000000000129e-01 -2.152999999999999966e-03 -9.342300000000000049e-01 -3.566300000000000026e-01 5.367000000000000243e-03
1.500000000000000000e+01 2.600000000000000000e+01 6.400000000000000000e+01 0.000000000000000000e+00 1.600000000000000089e+00 3.739000000000000136e-03 5.761999999999999761e-03 9.999759999999999760e-01 -3.541159999999999863e-01 9.351930000000000520e-01 -4.065000000000000037e-03 -9.351939999999999698e-01 -3.540929999999999911e-01 5.537000000000000255e-03
2.300000000000000000e+01 2.600000000000000000e+01 6.400000000000000000e+01 0.000000000000000000e+00 1.600000000000000089e+00 -4.290000000000000410e-03 -1.084000000000000068e-02 9.999320000000000430e-01 -3.547819999999999863e-01 9.349089999999999900e-01 8.613000000000000864e-03 -9.349389999999999645e-01 -3.547210000000000085e-01 -7.856000000000000136e-03
1.100000000000000000e+01 6.900000000000000000e+01 6.600000000000000000e+01 0.000000000000000000e+00 1.600000000000000089e+00 1.154000000000000078e-03 -2.089000000000000145e-03 9.999970000000000248e-01 -9.487409999999999455e-01 3.160499999999999976e-01 1.755000000000000050e-03 -3.160529999999999728e-01 -9.487400000000000277e-01 -1.618000000000000081e-03
1.500000000000000000e+01 2.500000000000000000e+01 7.300000000000000000e+01 0.000000000000000000e+00 1.600000000000000089e+00 1.010000000000000020e-04 -1.675999999999999972e-03 9.999989999999999712e-01 7.481959999999999722e-01 -6.634769999999999834e-01 -1.186999999999999904e-03 6.634780000000000122e-01 7.481950000000000545e-01 1.186999999999999904e-03
2.000000000000000000e+01 2.500000000000000000e+01 7.300000000000000000e+01 0.000000000000000000e+00 1.600000000000000089e+00 8.710000000000000294e-04 7.572999999999999871e-03 9.999710000000000543e-01 7.533699999999999841e-01 -6.575830000000000286e-01 4.323999999999999719e-03 6.575959999999999583e-01 7.533440000000000136e-01 -6.277999999999999726e-03
5.000000000000000000e+00 4.400000000000000000e+01 7.300000000000000000e+01 0.000000000000000000e+00 1.600000000000000089e+00 -4.205999999999999669e-03 -1.619299999999999906e-02 9.998599999999999710e-01 5.380900000000000266e-02 -9.984239999999999782e-01 -1.594299999999999884e-02 9.985420000000000407e-01 5.373399999999999704e-02 5.069999999999999854e-03
1.900000000000000000e+01 4.400000000000000000e+01 7.300000000000000000e+01 0.000000000000000000e+00 1.600000000000000089e+00 1.042500000000000024e-02 1.431800000000000087e-02 9.998430000000000373e-01 5.200899999999999967e-02 -9.985519999999999952e-01 1.375700000000000013e-02 9.985920000000000352e-01 5.185700000000000032e-02 -1.115400000000000072e-02
2.200000000000000000e+01 4.400000000000000000e+01 7.300000000000000000e+01 0.000000000000000000e+00 1.600000000000000089e+00 2.341999999999999898e-03 3.510000000000000099e-03 9.999909999999999632e-01 5.485899999999999804e-02 -9.984880000000000422e-01 3.376000000000000095e-03 9.984910000000000174e-01 5.485000000000000292e-02 -2.530999999999999830e-03
2.900000000000000000e+01 4.400000000000000000e+01 7.300000000000000000e+01 0.000000000000000000e+00 1.600000000000000089e+00 2.745000000000000044e-03 2.945000000000000135e-03 9.999919999999999920e-01 5.465099999999999819e-02 -9.985020000000000007e-01 2.791000000000000078e-03 9.985020000000000007e-01 5.464299999999999713e-02 -2.900999999999999933e-03
2.900000000000000000e+01 2.500000000000000000e+01 7.400000000000000000e+01 0.000000000000000000e+00 1.600000000000000089e+00 8.509999999999999769e-04 3.514999999999999895e-03 9.999940000000000495e-01 8.367569999999999730e-01 -5.475740000000000052e-01 1.211999999999999970e-03 5.475750000000000339e-01 8.367499999999999938e-01 -3.406999999999999872e-03
2.600000000000000000e+01 5.100000000000000000e+01 7.600000000000000000e+01 0.000000000000000000e+00 1.600000000000000089e+00 1.533999999999999990e-03 7.690000000000000438e-04 -9.999989999999999712e-01 -3.965250000000000163e-01 -9.180230000000000334e-01 -1.314000000000000064e-03 -9.180230000000000334e-01 3.965259999999999896e-01 -1.103999999999999947e-03
6.000000000000000000e+00 9.100000000000000000e+01 7.600000000000000000e+01 0.000000000000000000e+00 1.600000000000000089e+00 -4.000000000000000327e-05 1.030000000000000100e-03 9.999989999999999712e-01 3.910919999999999952e-01 -9.203510000000000302e-01 9.629999999999999888e-04 9.203519999999999479e-01 3.910910000000000220e-01 -3.660000000000000059e-04
9.000000000000000000e+00 9.100000000000000000e+01 7.600000000000000000e+01 0.000000000000000000e+00 1.600000000000000089e+00 -3.829999999999999854e-04 -1.724999999999999971e-03 9.999980000000000535e-01 3.844980000000000064e-01 -9.231249999999999734e-01 -1.445000000000000104e-03 9.231260000000000021e-01 3.844969999999999777e-01 1.016999999999999892e-03
1.500000000000000000e+01 9.100000000000000000e+01 7.600000000000000000e+01 0.000000000000000000e+00 1.600000000000000089e+00 2.162999999999999992e-03 8.799999999999999771e-05 9.999980000000000535e-01 3.596030000000000060e-01 -9.331049999999999622e-01 -6.949999999999999798e-04 9.331030000000000157e-01 3.596030000000000060e-01 -2.050000000000000173e-03
1.800000000000000000e+01 9.100000000000000000e+01 7.600000000000000000e+01 0.000000000000000000e+00 1.600000000000000089e+00 3.142999999999999960e-03 8.220000000000000310e-04 9.999949999999999672e-01 3.524889999999999968e-01 -9.358159999999999812e-01 -3.390000000000000001e-04 9.358109999999999484e-01 3.524889999999999968e-01 -3.230999999999999931e-03
2.200000000000000000e+01 9.100000000000000000e+01 7.600000000000000000e+01 0.000000000000000000e+00 1.600000000000000089e+00 1.745000000000000023e-03 1.131000000000000061e-03 9.999980000000000535e-01 3.476310000000000233e-01 -9.376309999999999922e-01 4.539999999999999765e-04 9.376299999999999635e-01 3.476290000000000213e-01 -2.030000000000000120e-03
2.900000000000000000e+01 9.100000000000000000e+01 7.600000000000000000e+01 0.000000000000000000e+00 1.600000000000000089e+00 -2.519999999999999996e-04 -1.975000000000000193e-03 9.999980000000000535e-01 3.259340000000000015e-01 -9.453909999999999814e-01 -1.784999999999999911e-03 9.453920000000000101e-01 3.259329999999999727e-01 8.819999999999999715e-04
9.000000000000000000e+00 4.400000000000000000e+01 8.300000000000000000e+01 0.000000000000000000e+00 1.600000000000000089e+00 -2.799999999999999958e-05 4.957899999999999807e-02 9.987700000000000466e-01 5.166699999999999626e-01 -8.551309999999999745e-01 4.246300000000000074e-02 8.561839999999999451e-01 5.160360000000000502e-01 -2.559200000000000016e-02
1.600000000000000000e+01 4.400000000000000000e+01 8.300000000000000000e+01 0.000000000000000000e+00 1.600000000000000089e+00 -1.826099999999999945e-02 -3.288499999999999757e-02 9.992919999999999581e-01 5.446109999999999562e-01 -8.385029999999999983e-01 -1.764100000000000043e-02 8.384899999999999576e-01 5.439030000000000253e-01 3.322200000000000153e-02
