4.000000000000000000e+00 1.500000000000000000e+01 4.000000000000000000e+00 0.000000000000000000e+00 1.600000000000000089e+00 3.756999999999999923e-03 2.952400000000000163e-02 9.995570000000000288e-01 2.972380000000000022e-01 -9.544200000000000461e-01 2.707299999999999984e-02 9.547959999999999781e-01 2.970039999999999902e-01 -1.236100000000000046e-02
1.000000000000000000e+01 1.500000000000000000e+01 4.000000000000000000e+00 0.000000000000000000e+00 1.600000000000000089e+00 -5.531000000000000326e-03 9.468999999999999986e-03 9.999400000000000510e-01 2.943319999999999825e-01 -9.556440000000000490e-01 1.067799999999999999e-02 9.556869999999999532e-01 2.943729999999999958e-01 2.498999999999999919e-03
1.300000000000000000e+01 1.500000000000000000e+01 4.000000000000000000e+00 0.000000000000000000e+00 1.600000000000000089e+00 -4.464000000000000086e-03 8.276000000000000370e-03 9.999559999999999560e-01 2.897770000000000068e-01 -9.570499999999999563e-01 9.213999999999999968e-03 9.570840000000000458e-01 2.898049999999999793e-01 1.874000000000000015e-03
1.500000000000000000e+01 1.600000000000000000e+01 4.000000000000000000e+00 0.000000000000000000e+00 1.600000000000000089e+00 -4.093000000000000284e-03 1.425799999999999984e-02 9.998899999999999455e-01 3.499180000000000068e-01 -9.366640000000000521e-01 1.478900000000000006e-02 9.367720000000000491e-01 3.499399999999999733e-01 -1.154999999999999994e-03
2.300000000000000000e+01 1.600000000000000000e+01 4.000000000000000000e+00 0.000000000000000000e+00 1.600000000000000089e+00 -3.389000000000000085e-03 2.836299999999999932e-02 9.995920000000000361e-01 3.390059999999999740e-01 -9.403719999999999857e-01 2.783199999999999910e-02 9.407780000000000031e-01 3.389619999999999855e-01 -6.428999999999999819e-03
2.600000000000000000e+01 1.600000000000000000e+01 4.000000000000000000e+00 0.000000000000000000e+00 1.600000000000000089e+00 -1.394999999999999973e-03 3.056400000000000089e-02 9.995319999999999760e-01 3.390500000000000180e-01 -9.403139999999999832e-01 2.922599999999999851e-02 9.407670000000000199e-01 3.389320000000000110e-01 -9.051000000000000018e-03
1.900000000000000000e+01 1.010000000000000000e+02 7.000000000000000000e+00 0.000000000000000000e+00 1.600000000000000089e+00 2.292000000000000200e-03 6.534500000000000031e-02 9.978599999999999692e-01 8.879209999999999603e-01 4.588749999999999774e-01 -3.208899999999999947e-02 -4.599900000000000100e-01 8.860949999999999660e-01 -5.696899999999999881e-02
2.600000000000000000e+01 1.010000000000000000e+02 7.000000000000000000e+00 0.000000000000000000e+00 1.600000000000000089e+00 1.100000000000000039e-04 1.812499999999999875e-02 9.998359999999999470e-01 8.871400000000000396e-01 4.614230000000000276e-01 -8.463000000000000037e-03 -4.615000000000000213e-01 8.869949999999999779e-01 -1.602900000000000158e-02
3.000000000000000000e+00 1.500000000000000000e+01 8.000000000000000000e+00 0.000000000000000000e+00 1.600000000000000089e+00 4.375000000000000416e-03 2.848200000000000037e-02 -9.995849999999999458e-01 -5.881929999999999659e-01 -8.083150000000000057e-01 -2.560700000000000129e-02 -8.087090000000000112e-01 5.880609999999999449e-01 1.321600000000000032e-02
7.000000000000000000e+00 1.500000000000000000e+01 8.000000000000000000e+00 0.000000000000000000e+00 1.600000000000000089e+00 7.452000000000000290e-03 1.843600000000000100e-02 -9.998019999999999685e-01 -5.861699999999999688e-01 -8.099579999999999558e-01 -1.930400000000000171e-02 -8.101540000000000408e-01 5.861979999999999968e-01 4.769999999999999934e-03
1.200000000000000000e+01 1.500000000000000000e+01 8.000000000000000000e+00 0.000000000000000000e+00 1.600000000000000089e+00 9.145000000000000351e-03 9.083000000000000795e-03 -9.999169999999999447e-01 -5.824690000000000145e-01 -8.127529999999999477e-01 -1.271000000000000081e-02 -8.128009999999999957e-01 5.825369999999999715e-01 -2.141999999999999807e-03
1.600000000000000000e+01 1.500000000000000000e+01 8.000000000000000000e+00 0.000000000000000000e+00 1.600000000000000089e+00 9.785999999999999560e-03 1.683300000000000074e-02 -9.998099999999999765e-01 -5.799940000000000095e-01 -8.143899999999999473e-01 -1.938799999999999898e-02 -8.145620000000000083e-01 5.800739999999999785e-01 1.793000000000000106e-03
1.800000000000000000e+01 1.500000000000000000e+01 8.000000000000000000e+00 0.000000000000000000e+00 1.600000000000000089e+00 1.092300000000000042e-02 1.895399999999999863e-02 -9.997610000000000108e-01 -5.786639999999999562e-01 -8.152749999999999719e-01 -2.177899999999999975e-02 -8.154930000000000234e-01 5.787630000000000274e-01 2.063000000000000164e-03
2.500000000000000000e+01 1.500000000000000000e+01 8.000000000000000000e+00 0.000000000000000000e+00 1.600000000000000089e+00 9.740000000000000394e-03 2.620400000000000160e-02 -9.996089999999999698e-01 -5.736059999999999492e-01 -8.186849999999999961e-01 -2.705000000000000113e-02 -8.190739999999999688e-01 5.736449999999999605e-01 7.056999999999999905e-03
1.300000000000000000e+01 2.600000000000000000e+01 8.000000000000000000e+00 0.000000000000000000e+00 1.600000000000000089e+00 -8.649000000000000438e-03 -1.461299999999999925e-02 -9.998559999999999670e-01 4.046919999999999962e-01 9.142970000000000264e-01 -1.686299999999999952e-02 9.144120000000000026e-01 -4.047799999999999732e-01 -1.994000000000000113e-03
1.900000000000000000e+01 2.600000000000000000e+01 8.000000000000000000e+00 0.000000000000000000e+00 1.600000000000000089e+00 -6.570000000000000319e-03 -1.523399999999999928e-02 -9.998620000000000285e-01 4.110179999999999945e-01 9.114759999999999529e-01 -1.658799999999999858e-02 9.116039999999999699e-01 -4.110710000000000197e-01 2.730000000000000222e-04
2.400000000000000000e+01 2.600000000000000000e+01 8.000000000000000000e+00 0.000000000000000000e+00 1.600000000000000089e+00 -7.727000000000000361e-03 -2.992999999999999827e-02 -9.995220000000000216e-01 4.156159999999999854e-01 9.090310000000000334e-01 -3.043300000000000172e-02 9.095069999999999544e-01 -4.156529999999999947e-01 5.414999999999999675e-03
7.000000000000000000e+00 2.400000000000000000e+01 9.000000000000000000e+00 0.000000000000000000e+00 1.600000000000000089e+00 -5.374000000000000304e-03 -1.448799999999999914e-02 -9.998810000000000198e-01 4.572999999999999843e-01 8.891799999999999704e-01 -1.534199999999999973e-02 8.892959999999999754e-01 -4.573269999999999835e-01 1.845999999999999985e-03
1.700000000000000000e+01 2.400000000000000000e+01 9.000000000000000000e+00 0.000000000000000000e+00 1.600000000000000089e+00 -7.786999999999999651e-03 -1.407399999999999970e-02 -9.998709999999999543e-01 4.641609999999999903e-01 8.856049999999999756e-01 -1.608000000000000054e-02 8.857169999999999765e-01 -4.642260000000000275e-01 -3.640000000000000115e-04
2.300000000000000000e+01 2.400000000000000000e+01 9.000000000000000000e+00 0.000000000000000000e+00 1.600000000000000089e+00 -8.349000000000000518e-03 -3.053700000000000164e-02 -9.994990000000000263e-01 4.695719999999999894e-01 8.823539999999999717e-01 -3.088099999999999873e-02 8.828549999999999454e-01 -4.695949999999999847e-01 6.973000000000000032e-03
1.000000000000000000e+01 4.000000000000000000e+00 1.100000000000000000e+01 0.000000000000000000e+00 1.600000000000000089e+00 -8.700000000000000051e-05 -1.616000000000000032e-03 -9.999989999999999712e-01 1.944339999999999957e-01 9.809139999999999526e-01 -1.601999999999999908e-03 9.809160000000000101e-01 -1.944339999999999957e-01 2.290000000000000098e-04
1.300000000000000000e+01 4.000000000000000000e+00 1.100000000000000000e+01 0.000000000000000000e+00 1.600000000000000089e+00 6.719999999999999628e-04 5.329000000000000403e-03 -9.999860000000000415e-01 1.912770000000000026e-01 9.815209999999999768e-01 5.359000000000000048e-03 9.815359999999999641e-01 -1.912780000000000036e-01 -3.600000000000000227e-04
1.700000000000000000e+01 4.000000000000000000e+00 1.100000000000000000e+01 0.000000000000000000e+00 1.600000000000000089e+00 2.250999999999999963e-03 2.270499999999999949e-02 -9.997399999999999620e-01 1.799419999999999908e-01 9.834140000000000104e-01 2.273999999999999980e-02 9.836749999999999661e-01 -1.799459999999999948e-01 -1.871999999999999966e-03
1.300000000000000000e+01 1.040000000000000000e+02 1.100000000000000000e+01 0.000000000000000000e+00 1.600000000000000089e+00 4.301000000000000136e-03 3.699999999999999811e-05 9.999909999999999632e-01 -9.751239999999999908e-01 -2.216210000000000124e-01 4.202000000000000006e-03 2.216190000000000104e-01 -9.751330000000000275e-01 -9.169999999999999549e-04
1.800000000000000000e+01 1.040000000000000000e+02 1.100000000000000000e+01 0.000000000000000000e+00 1.600000000000000089e+00 9.286000000000000851e-03 9.967000000000000165e-03 9.999069999999999903e-01 -9.737000000000000099e-01 -2.275520000000000043e-01 1.131099999999999987e-02 2.276430000000000120e-01 -9.737149999999999972e-01 7.591999999999999790e-03
9.000000000000000000e+00 3.100000000000000000e+01 1.200000000000000000e+01 0.000000000000000000e+00 1.600000000000000089e+00 -3.399999999999999973e-05 -6.679999999999999740e-04 1.000000000000000000e+00 -2.038399999999999934e-02 9.997920000000000140e-01 6.669999999999999497e-04 -9.997920000000000140e-01 -2.038399999999999934e-02 -4.800000000000000122e-05
1.600000000000000000e+01 3.100000000000000000e+01 1.200000000000000000e+01 0.000000000000000000e+00 1.600000000000000089e+00 2.642999999999999950e-03 3.374999999999999962e-03 9.999909999999999632e-01 -2.284500000000000072e-02 9.997340000000000115e-01 -3.314000000000000105e-03 -9.997359999999999580e-01 -2.283599999999999866e-02 2.719000000000000063e-03
2.600000000000000000e+01 3.100000000000000000e+01 1.200000000000000000e+01 0.000000000000000000e+00 1.600000000000000089e+00 -8.570000000000000144e-04 -6.692000000000000032e-03 9.999770000000000048e-01 -2.367400000000000060e-02 9.996979999999999755e-01 6.669999999999999714e-03 -9.997190000000000243e-01 -2.366800000000000154e-02 -1.015000000000000060e-03
1.600000000000000000e+01 3.500000000000000000e+01 1.200000000000000000e+01 0.000000000000000000e+00 1.600000000000000089e+00 3.201999999999999985e-03 2.165999999999999957e-03 -9.999930000000000208e-01 4.938509999999999844e-01 -8.695460000000000411e-01 -3.020000000000000223e-04 -8.695399999999999796e-01 -4.938469999999999804e-01 -3.853999999999999787e-03
1.900000000000000000e+01 3.500000000000000000e+01 1.200000000000000000e+01 0.000000000000000000e+00 1.600000000000000089e+00 2.380999999999999870e-03 -1.123999999999999999e-03 -9.999970000000000248e-01 4.992090000000000138e-01 -8.664789999999999992e-01 2.161999999999999859e-03 -8.664779999999999704e-01 -4.992119999999999891e-01 -1.502000000000000080e-03
2.300000000000000000e+01 3.500000000000000000e+01 1.200000000000000000e+01 0.000000000000000000e+00 1.600000000000000089e+00 -2.161999999999999859e-03 -2.252000000000000095e-03 -9.999949999999999672e-01 4.935419999999999807e-01 -8.697209999999999663e-01 8.919999999999999978e-04 -8.697190000000000198e-01 -4.935379999999999767e-01 2.991999999999999868e-03
2.800000000000000000e+01 3.500000000000000000e+01 1.200000000000000000e+01 0.000000000000000000e+00 1.600000000000000089e+00 -9.259999999999999568e-04 -1.869999999999999917e-04 -1.000000000000000000e+00 4.821670000000000122e-01 -8.760790000000000521e-01 -2.829999999999999942e-04 -8.760790000000000521e-01 -4.821679999999999855e-01 9.009999999999999997e-04
2.200000000000000000e+01 3.000000000000000000e+00 1.300000000000000000e+01 0.000000000000000000e+00 1.600000000000000089e+00 2.438000000000000063e-03 4.560999999999999777e-02 9.989559999999999551e-01 -1.947099999999999873e-02 9.987719999999999931e-01 -4.555399999999999727e-02 -9.998070000000000013e-01 -1.933999999999999955e-02 3.322999999999999999e-03
2.000000000000000000e+00 3.200000000000000000e+01 1.400000000000000000e+01 0.000000000000000000e+00 1.600000000000000089e+00 5.379999999999999583e-04 -2.602999999999999845e-03 -9.999959999999999960e-01 1.183919999999999972e-01 9.929639999999999578e-01 -2.520999999999999804e-03 9.929670000000000440e-01 -1.183899999999999952e-01 8.419999999999999750e-04
4.000000000000000000e+00 3.200000000000000000e+01 1.400000000000000000e+01 0.000000000000000000e+00 1.600000000000000089e+00 -1.240000000000000054e-04 -3.010999999999999788e-03 -9.999949999999999672e-01 1.166679999999999939e-01 9.931659999999999933e-01 -3.004000000000000160e-03 9.931710000000000260e-01 -1.166679999999999939e-01 2.290000000000000098e-04
1.400000000000000000e+01 3.200000000000000000e+01 1.400000000000000000e+01 0.000000000000000000e+00 1.600000000000000089e+00 -1.345999999999999974e-03 -8.299999999999999815e-05 -9.999989999999999712e-01 1.133300000000000002e-01 9.935570000000000235e-01 -2.349999999999999930e-04 9.935559999999999947e-01 -1.133300000000000002e-01 -1.327999999999999970e-03
2.000000000000000000e+01 3.200000000000000000e+01 1.400000000000000000e+01 0.000000000000000000e+00 1.600000000000000089e+00 6.170000000000000354e-04 4.525000000000000376e-03 -9.999900000000000455e-01 1.119939999999999963e-01 9.936979999999999702e-01 4.564999999999999614e-03 9.937089999999999534e-01 -1.119949999999999973e-01 1.060000000000000016e-04
1.000000000000000000e+00 1.200000000000000000e+01 1.500000000000000000e+01 0.000000000000000000e+00 1.600000000000000089e+00 7.460000000000000268e-04 6.480000000000000300e-04 -1.000000000000000000e+00 -4.701330000000000231e-01 -8.825950000000000184e-01 -9.219999999999999680e-04 -8.825950000000000184e-01 4.701339999999999963e-01 -3.539999999999999853e-04
8.000000000000000000e+00 1.200000000000000000e+01 1.500000000000000000e+01 0.000000000000000000e+00 1.600000000000000089e+00 3.200000000000000153e-03 1.492999999999999969e-03 -9.999940000000000495e-01 -4.705579999999999763e-01 -8.823649999999999549e-01 -2.822999999999999989e-03 -8.823630000000000084e-01 4.705639999999999823e-01 -2.121000000000000055e-03
2.000000000000000000e+01 1.200000000000000000e+01 1.500000000000000000e+01 0.000000000000000000e+00 1.600000000000000089e+00 8.410000000000000808e-03 1.721599999999999867e-02 -9.998160000000000380e-01 -4.691640000000000255e-01 -8.829029999999999934e-01 -1.914899999999999936e-02 -8.830710000000000504e-01 4.692390000000000172e-01 6.509999999999999945e-04
2.600000000000000000e+01 1.200000000000000000e+01 1.500000000000000000e+01 0.000000000000000000e+00 1.600000000000000089e+00 7.113999999999999664e-03 1.661299999999999930e-02 -9.998369999999999758e-01 -4.688930000000000042e-01 -8.830710000000000504e-01 -1.800900000000000070e-02 -8.832259999999999556e-01 4.689450000000000007e-01 1.507000000000000093e-03
3.000000000000000000e+01 1.200000000000000000e+01 1.500000000000000000e+01 0.000000000000000000e+00 1.600000000000000089e+00 7.407000000000000389e-03 1.407800000000000024e-02 -9.998730000000000118e-01 -4.689940000000000220e-01 -8.830580000000000096e-01 -1.590700000000000100e-02 -8.831700000000000106e-01 4.690529999999999977e-01 6.099999999999999872e-05
3.000000000000000000e+00 1.100000000000000000e+01 1.600000000000000000e+01 0.000000000000000000e+00 1.600000000000000089e+00 7.899999999999999579e-05 1.209999999999999921e-03 -9.999989999999999712e-01 -4.155289999999999817e-01 -9.095790000000000264e-01 -1.134000000000000025e-03 -9.095800000000000551e-01 4.155289999999999817e-01 4.310000000000000137e-04
8.000000000000000000e+00 1.100000000000000000e+01 1.600000000000000000e+01 0.000000000000000000e+00 1.600000000000000089e+00 2.308999999999999855e-03 1.817000000000000039e-03 -9.999959999999999960e-01 -4.198779999999999735e-01 -9.075769999999999671e-01 -2.618000000000000101e-03 -9.075779999999999959e-01 4.198819999999999775e-01 -1.332999999999999984e-03
1.500000000000000000e+01 1.100000000000000000e+01 1.600000000000000000e+01 0.000000000000000000e+00 1.600000000000000089e+00 4.314000000000000126e-03 3.066000000000000149e-03 -9.999860000000000415e-01 -4.212620000000000253e-01 -9.069270000000000387e-01 -4.597999999999999657e-03 -9.069289999999999852e-01 4.212759999999999838e-01 -2.621000000000000066e-03
1.700000000000000000e+01 1.160000000000000000e+02 1.600000000000000000e+01 0.000000000000000000e+00 1.600000000000000089e+00 5.975000000000000276e-03 4.867999999999999931e-03 9.999700000000000255e-01 7.285190000000000277e-01 6.849830000000000085e-01 -7.688000000000000389e-03 -6.850000000000000533e-01 7.285430000000000517e-01 5.460000000000000443e-04
3.000000000000000000e+00 2.000000000000000000e+00 1.900000000000000000e+01 0.000000000000000000e+00 1.600000000000000089e+00 -4.393000000000000203e-03 9.653000000000000122e-03 -9.999440000000000550e-01 2.054900000000000060e-01 -9.786040000000000294e-01 -1.034999999999999983e-02 -9.786489999999999911e-01 -2.055240000000000122e-01 2.314999999999999784e-03
8.000000000000000000e+00 2.000000000000000000e+00 1.900000000000000000e+01 0.000000000000000000e+00 1.600000000000000089e+00 -3.440000000000000132e-04 3.034999999999999937e-03 -9.999949999999999672e-01 1.981300000000000006e-01 -9.801710000000000145e-01 -3.043000000000000132e-03 -9.801760000000000472e-01 -1.981310000000000016e-01 -2.640000000000000202e-04
1.200000000000000000e+01 2.000000000000000000e+00 1.900000000000000000e+01 0.000000000000000000e+00 1.600000000000000089e+00 3.887999999999999963e-03 -1.729999999999999941e-02 -9.998430000000000373e-01 1.890600000000000058e-01 -9.818059999999999565e-01 1.772299999999999917e-02 -9.819579999999999975e-01 -1.890989999999999893e-01 -5.469999999999999602e-04
1.600000000000000000e+01 2.000000000000000000e+00 1.900000000000000000e+01 0.000000000000000000e+00 1.600000000000000089e+00 -2.159999999999999919e-04 -9.419000000000000289e-03 -9.999559999999999560e-01 1.859049999999999869e-01 -9.825249999999999817e-01 9.214999999999999233e-03 -9.825679999999999970e-01 -1.858950000000000047e-01 1.962999999999999901e-03
2.600000000000000000e+01 2.000000000000000000e+00 1.900000000000000000e+01 0.000000000000000000e+00 1.600000000000000089e+00 1.234999999999999987e-03 1.840699999999999975e-02 -9.998299999999999965e-01 1.614510000000000112e-01 -9.867169999999999552e-01 -1.796599999999999933e-02 -9.868799999999999795e-01 -1.614009999999999889e-01 -4.191000000000000281e-03
3.000000000000000000e+00 1.300000000000000000e+01 2.000000000000000000e+01 0.000000000000000000e+00 1.600000000000000089e+00 4.139999999999999800e-04 -4.930000000000000354e-03 9.999879999999999880e-01 2.609409999999999785e-01 9.653439999999999799e-01 4.650999999999999752e-03 -9.653549999999999631e-01 2.609360000000000013e-01 1.685999999999999999e-03
8.000000000000000000e+00 1.300000000000000000e+01 2.000000000000000000e+01 0.000000000000000000e+00 1.600000000000000089e+00 -6.999999999999999387e-05 -5.719000000000000125e-03 9.999839999999999840e-01 2.608530000000000015e-01 9.653629999999999711e-01 5.539999999999999786e-03 -9.653779999999999584e-01 2.608500000000000263e-01 1.423999999999999919e-03
1.200000000000000000e+01 1.300000000000000000e+01 2.000000000000000000e+01 0.000000000000000000e+00 1.600000000000000089e+00 2.639999999999999986e-03 -3.780000000000000265e-04 9.999959999999999960e-01 2.578500000000000236e-01 9.661849999999999605e-01 -3.150000000000000131e-04 -9.661809999999999565e-01 2.578500000000000236e-01 2.648000000000000180e-03
2.000000000000000000e+01 1.300000000000000000e+01 2.000000000000000000e+01 0.000000000000000000e+00 1.600000000000000089e+00 -2.341999999999999898e-03 -8.260999999999999246e-03 9.999630000000000463e-01 2.541829999999999923e-01 9.671180000000000332e-01 8.585000000000000617e-03 -9.671530000000000404e-01 2.541939999999999755e-01 -1.659999999999999963e-04
2.400000000000000000e+01 1.300000000000000000e+01 2.000000000000000000e+01 0.000000000000000000e+00 1.600000000000000089e+00 -2.392000000000000029e-03 -9.124000000000000166e-03 9.999550000000000383e-01 2.544660000000000255e-01 9.670360000000000067e-01 9.431999999999999412e-03 -9.670790000000000219e-01 2.544770000000000088e-01 9.000000000000000228e-06
2.700000000000000000e+01 1.300000000000000000e+01 2.000000000000000000e+01 0.000000000000000000e+00 1.600000000000000089e+00 -1.734000000000000081e-03 -9.162000000000000005e-03 9.999569999999999848e-01 2.544580000000000175e-01 9.670389999999999819e-01 9.301999999999999505e-03 -9.670819999999999972e-01 2.544629999999999947e-01 6.549999999999999833e-04
2.300000000000000000e+01 1.600000000000000000e+01 2.100000000000000000e+01 0.000000000000000000e+00 1.600000000000000089e+00 -2.801000000000000104e-03 -8.078000000000000111e-03 9.999630000000000463e-01 3.014660000000000117e-01 9.534390000000000365e-01 8.547000000000000777e-03 -9.534730000000000150e-01 3.014789999999999970e-01 -2.349999999999999930e-04
2.900000000000000000e+01 1.600000000000000000e+01 2.100000000000000000e+01 0.000000000000000000e+00 1.600000000000000089e+00 -1.827999999999999981e-03 -6.876000000000000167e-03 9.999749999999999472e-01 3.022400000000000087e-01 9.532049999999999690e-01 7.106999999999999602e-03 -9.532300000000000217e-01 3.022449999999999859e-01 3.359999999999999814e-04
1.700000000000000000e+01 3.000000000000000000e+00 2.500000000000000000e+01 0.000000000000000000e+00 1.600000000000000089e+00 -3.699999999999999811e-05 4.493999999999999731e-03 9.999900000000000455e-01 2.057600000000000054e-02 -9.997779999999999445e-01 4.493999999999999731e-03 9.997880000000000100e-01 2.057600000000000054e-02 -5.500000000000000196e-05
4.000000000000000000e+00 4.600000000000000000e+01 2.700000000000000000e+01 0.000000000000000000e+00 1.600000000000000089e+00 -1.237999999999999951e-03 -1.013000000000000012e-03 -9.999989999999999712e-01 6.602240000000000331e-01 7.510670000000000401e-01 -1.577999999999999976e-03 7.510670000000000401e-01 -6.602259999999999796e-01 -2.599999999999999772e-04
1.200000000000000000e+01 4.600000000000000000e+01 2.700000000000000000e+01 0.000000000000000000e+00 1.600000000000000089e+00 3.625000000000000184e-03 3.941000000000000059e-03 -9.999860000000000415e-01 6.680530000000000079e-01 7.440949999999999509e-01 5.354000000000000252e-03 7.441050000000000164e-01 -6.680620000000000447e-01 6.399999999999999710e-05
2.200000000000000000e+01 4.600000000000000000e+01 2.700000000000000000e+01 0.000000000000000000e+00 1.600000000000000089e+00 -7.659999999999999708e-04 -2.700000000000000035e-04 -1.000000000000000000e+00 6.697800000000000420e-01 7.425589999999999691e-01 -7.129999999999999836e-04 7.425589999999999691e-01 -6.697809999999999597e-01 -3.879999999999999985e-04
3.000000000000000000e+01 4.600000000000000000e+01 2.700000000000000000e+01 0.000000000000000000e+00 1.600000000000000089e+00 -1.951000000000000043e-03 -2.062000000000000031e-03 -9.999959999999999960e-01 6.684449999999999559e-01 7.437559999999999727e-01 -2.837999999999999811e-03 7.437589999999999479e-01 -6.684480000000000421e-01 -7.299999999999999903e-05
2.000000000000000000e+00 4.600000000000000000e+01 3.000000000000000000e+01 0.000000000000000000e+00 1.600000000000000089e+00 -4.119999999999999856e-04 -4.049999999999999781e-03 -9.999919999999999920e-01 3.187329999999999885e-01 9.478360000000000118e-01 -3.969999999999999571e-03 9.478450000000000486e-01 -3.187320000000000153e-01 8.999999999999999754e-04
2.900000000000000000e+01 4.600000000000000000e+01 3.000000000000000000e+01 0.000000000000000000e+00 1.600000000000000089e+00 -9.879999999999999460e-04 -3.134000000000000067e-03 -9.999949999999999672e-01 3.274050000000000016e-01 9.448779999999999957e-01 -3.285000000000000159e-03 9.448839999999999462e-01 -3.274059999999999748e-01 9.200000000000000007e-05
2.000000000000000000e+00 5.800000000000000000e+01 3.100000000000000000e+01 0.000000000000000000e+00 1.600000000000000089e+00 -4.252999999999999836e-03 -9.933000000000000856e-03 9.999419999999999975e-01 -7.658970000000000500e-01 -6.428909999999999902e-01 -9.643999999999999795e-03 6.429489999999999927e-01 -7.658930000000000460e-01 -4.872999999999999728e-03
1.300000000000000000e+01 5.800000000000000000e+01 3.100000000000000000e+01 0.000000000000000000e+00 1.600000000000000089e+00 8.418999999999999401e-03 1.630500000000000005e-02 9.998320000000000540e-01 -7.663050000000000139e-01 -6.422539999999999916e-01 1.692600000000000007e-02 6.424220000000000486e-01 -7.663180000000000547e-01 7.087000000000000417e-03
1.900000000000000000e+01 5.800000000000000000e+01 3.100000000000000000e+01 0.000000000000000000e+00 1.600000000000000089e+00 1.534999999999999906e-03 6.067000000000000344e-03 9.999799999999999800e-01 -7.673060000000000436e-01 -6.412609999999999699e-01 5.068999999999999721e-03 6.412799999999999612e-01 -7.672989999999999533e-01 3.670999999999999784e-03
2.700000000000000000e+01 5.800000000000000000e+01 3.100000000000000000e+01 0.000000000000000000e+00 1.600000000000000089e+00 7.514999999999999979e-03 -2.047999999999999907e-03 9.999700000000000255e-01 -7.598449999999999926e-01 -6.500890000000000279e-01 4.379000000000000080e-03 6.500609999999999999e-01 -7.598549999999999471e-01 -6.441999999999999810e-03
1.400000000000000000e+01 6.000000000000000000e+00 3.200000000000000000e+01 0.000000000000000000e+00 1.600000000000000089e+00 -5.427999999999999665e-03 -7.529999999999999801e-04 -9.999850000000000128e-01 1.768909999999999927e-01 9.842290000000000205e-01 -1.701000000000000038e-03 9.842149999999999510e-01 -1.768969999999999987e-01 -5.209000000000000088e-03
5.000000000000000000e+00 4.600000000000000000e+01 3.500000000000000000e+01 0.000000000000000000e+00 1.600000000000000089e+00 -1.147000000000000016e-03 2.442999999999999859e-03 -9.999959999999999960e-01 3.859540000000000193e-01 -9.225139999999999452e-01 -2.696000000000000046e-03 -9.225170000000000314e-01 -3.859549999999999925e-01 1.150000000000000035e-04
1.300000000000000000e+01 4.600000000000000000e+01 3.500000000000000000e+01 0.000000000000000000e+00 1.600000000000000089e+00 2.171000000000000187e-03 3.049999999999999868e-04 -9.999980000000000535e-01 3.868440000000000212e-01 -9.221449999999999925e-01 5.590000000000000351e-04 -9.221430000000000460e-01 -3.868440000000000212e-01 -2.119999999999999923e-03
1.700000000000000000e+01 4.600000000000000000e+01 3.500000000000000000e+01 0.000000000000000000e+00 1.600000000000000089e+00 -9.070000000000000371e-04 1.521000000000000000e-03 -9.999980000000000535e-01 3.862479999999999802e-01 -9.223930000000000184e-01 -1.753000000000000001e-03 -9.223949999999999649e-01 -3.862490000000000090e-01 2.489999999999999809e-04
2.500000000000000000e+01 4.600000000000000000e+01 3.500000000000000000e+01 0.000000000000000000e+00 1.600000000000000089e+00 -8.329999999999999731e-04 4.232999999999999784e-03 -9.999909999999999632e-01 3.847169999999999757e-01 -9.230249999999999844e-01 -4.226999999999999855e-03 -9.230340000000000211e-01 -3.847169999999999757e-01 -8.589999999999999546e-04
7.000000000000000000e+00 9.500000000000000000e+01 3.600000000000000000e+01 0.000000000000000000e+00 1.600000000000000089e+00 -5.917000000000000384e-03 -2.486800000000000122e-02 9.996730000000000338e-01 9.974480000000000013e-01 7.097799999999999943e-02 7.668999999999999602e-03 -7.114600000000000091e-02 9.971680000000000543e-01 2.438399999999999943e-02
1.300000000000000000e+01 9.500000000000000000e+01 3.600000000000000000e+01 0.000000000000000000e+00 1.600000000000000089e+00 -8.064999999999999253e-03 -6.661499999999999366e-02 9.977460000000000218e-01 9.980069999999999775e-01 6.191599999999999882e-02 1.220100000000000004e-02 -6.258900000000000574e-02 9.958559999999999635e-01 6.598299999999999998e-02
1.800000000000000000e+01 9.500000000000000000e+01 3.600000000000000000e+01 0.000000000000000000e+00 1.600000000000000089e+00 -3.976000000000000367e-03 -7.033000000000000189e-03 9.999670000000000503e-01 9.984690000000000509e-01 5.514399999999999857e-02 4.357999999999999895e-03 -5.517299999999999982e-02 9.984539999999999527e-01 6.803000000000000019e-03
2.200000000000000000e+01 9.500000000000000000e+01 3.600000000000000000e+01 0.000000000000000000e+00 1.600000000000000089e+00 2.076999999999999853e-03 9.055900000000000061e-02 9.958890000000000242e-01 9.978470000000000395e-01 6.509299999999999808e-02 -8.000000000000000167e-03 -6.554999999999999716e-02 9.937620000000000342e-01 -9.022900000000000365e-02
2.600000000000000000e+01 9.500000000000000000e+01 3.600000000000000000e+01 0.000000000000000000e+00 1.600000000000000089e+00 4.174999999999999892e-03 8.621099999999999597e-02 9.962680000000000424e-01 9.969759999999999733e-01 7.695100000000000551e-02 -1.083699999999999941e-02 -7.759800000000000031e-02 9.933009999999999895e-01 -8.562999999999999778e-02
4.000000000000000000e+00 9.500000000000000000e+01 3.700000000000000000e+01 0.000000000000000000e+00 1.600000000000000089e+00 4.650999999999999752e-03 -2.189100000000000074e-02 9.997489999999999988e-01 9.958919999999999995e-01 9.051299999999999624e-02 -2.651000000000000145e-03 -9.043299999999999950e-02 9.956549999999999567e-01 2.222299999999999970e-02
4.000000000000000000e+00 3.000000000000000000e+00 4.300000000000000000e+01 0.000000000000000000e+00 1.600000000000000089e+00 -1.928999999999999942e-03 -4.436999999999999972e-03 -9.999879999999999880e-01 7.377780000000000449e-01 -6.750420000000000309e-01 1.572000000000000047e-03 -6.750410000000000021e-01 -7.377660000000000329e-01 4.576000000000000206e-03
1.900000000000000000e+01 3.000000000000000000e+00 4.300000000000000000e+01 0.000000000000000000e+00 1.600000000000000089e+00 3.088000000000000033e-03 -3.288999999999999823e-03 -9.999900000000000455e-01 7.417270000000000252e-01 -6.706870000000000331e-01 4.497000000000000129e-03 -6.706950000000000411e-01 -7.417329999999999757e-01 3.690000000000000246e-04
2.400000000000000000e+01 3.000000000000000000e+00 4.300000000000000000e+01 0.000000000000000000e+00 1.600000000000000089e+00 -6.689999999999999983e-04 -2.722300000000000067e-02 -9.996289999999999898e-01 7.394450000000000189e-01 -6.729810000000000514e-01 1.783200000000000063e-02 -6.732169999999999543e-01 -7.391590000000000105e-01 2.058000000000000107e-02
4.000000000000000000e+00 8.000000000000000000e+00 4.400000000000000000e+01 0.000000000000000000e+00 1.600000000000000089e+00 2.124000000000000020e-03 3.667000000000000121e-03 9.999909999999999632e-01 -7.719260000000000010e-01 -6.357009999999999605e-01 3.970999999999999704e-03 6.357089999999999685e-01 -7.719270000000000298e-01 1.479999999999999979e-03
1.200000000000000000e+01 8.000000000000000000e+00 4.400000000000000000e+01 0.000000000000000000e+00 1.600000000000000089e+00 -5.372000000000000039e-03 -1.057100000000000053e-02 9.999299999999999855e-01 -7.650519999999999543e-01 -6.438760000000000039e-01 -1.091699999999999962e-02 6.439460000000000184e-01 -7.650569999999999871e-01 -4.628000000000000169e-03
1.800000000000000000e+01 8.000000000000000000e+00 4.400000000000000000e+01 0.000000000000000000e+00 1.600000000000000089e+00 -1.116000000000000021e-03 -4.590999999999999595e-03 9.999890000000000168e-01 -7.686009999999999787e-01 -6.397180000000000089e-01 -3.794000000000000063e-03 6.397279999999999633e-01 -7.685959999999999459e-01 -2.814999999999999794e-03
2.800000000000000000e+01 8.000000000000000000e+00 4.400000000000000000e+01 0.000000000000000000e+00 1.600000000000000089e+00 -2.880000000000000073e-04 -5.438000000000000125e-03 9.999850000000000128e-01 -7.619730000000000114e-01 -6.475980000000000070e-01 -3.740999999999999968e-03 6.476089999999999902e-01 -7.619620000000000282e-01 -3.956999999999999580e-03
3.000000000000000000e+00 2.900000000000000000e+01 4.400000000000000000e+01 0.000000000000000000e+00 1.600000000000000089e+00 -9.499999999999999981e-04 -1.830000000000000029e-04 -1.000000000000000000e+00 6.593250000000000499e-01 7.518580000000000263e-01 -7.640000000000000306e-04 7.518580000000000263e-01 -6.593250000000000499e-01 -5.940000000000000184e-04
1.400000000000000000e+01 2.900000000000000000e+01 4.400000000000000000e+01 0.000000000000000000e+00 1.600000000000000089e+00 2.739999999999999923e-04 7.600000000000000418e-04 -1.000000000000000000e+00 6.581120000000000303e-01 7.529190000000000049e-01 7.519999999999999558e-04 7.529200000000000337e-01 -6.581120000000000303e-01 -2.939999999999999905e-04
1.800000000000000000e+01 2.900000000000000000e+01 4.400000000000000000e+01 0.000000000000000000e+00 1.600000000000000089e+00 -2.481000000000000132e-03 -3.890999999999999927e-03 -9.999890000000000168e-01 6.589629999999999654e-01 7.521619999999999973e-01 -4.562000000000000083e-03 7.521710000000000340e-01 -6.589669999999999694e-01 6.980000000000000527e-04
2.500000000000000000e+01 2.900000000000000000e+01 4.400000000000000000e+01 0.000000000000000000e+00 1.600000000000000089e+00 7.200000000000000453e-04 1.956999999999999972e-03 -9.999980000000000535e-01 6.699950000000000072e-01 7.423629999999999951e-01 1.936000000000000004e-03 7.423659999999999703e-01 -6.699950000000000072e-01 -7.770000000000000214e-04
2.900000000000000000e+01 2.900000000000000000e+01 4.400000000000000000e+01 0.000000000000000000e+00 1.600000000000000089e+00 3.184000000000000198e-03 4.747000000000000351e-03 -9.999839999999999840e-01 6.760880000000000223e-01 7.367989999999999817e-01 5.649999999999999641e-03 7.368139999999999690e-01 -6.760950000000000015e-01 -8.630000000000000518e-04
2.100000000000000000e+01 5.400000000000000000e+01 4.600000000000000000e+01 0.000000000000000000e+00 1.600000000000000089e+00 -9.120000000000000502e-04 -2.674000000000000161e-03 9.999959999999999960e-01 3.034149999999999903e-01 -9.528560000000000363e-01 -2.271000000000000015e-03 9.528579999999999828e-01 3.034120000000000150e-01 1.680999999999999986e-03
2.700000000000000000e+01 6.500000000000000000e+01 4.600000000000000000e+01 0.000000000000000000e+00 1.600000000000000089e+00 3.190000000000000127e-03 -2.537000000000000192e-03 9.999919999999999920e-01 6.824160000000000226e-01 -7.309529999999999639e-01 -4.030999999999999861e-03 7.309569999999999679e-01 6.824230000000000018e-01 -6.009999999999999717e-04
2.400000000000000000e+01 7.000000000000000000e+01 4.700000000000000000e+01 0.000000000000000000e+00 1.600000000000000089e+00 -3.620000000000000171e-04 2.096999999999999906e-03 -9.999980000000000535e-01 -8.388809999999999878e-01 -5.443139999999999645e-01 -8.379999999999999862e-04 -5.443149999999999933e-01 8.388790000000000413e-01 1.955999999999999839e-03
2.700000000000000000e+01 7.000000000000000000e+01 4.700000000000000000e+01 0.000000000000000000e+00 1.600000000000000089e+00 -2.263999999999999953e-03 -2.249999999999999830e-03 -9.999949999999999672e-01 -8.406879999999999908e-01 -5.415109999999999646e-01 3.122000000000000209e-03 -5.415149999999999686e-01 8.406909999999999661e-01 -6.660000000000000338e-04
4.000000000000000000e+00 7.000000000000000000e+00 5.200000000000000000e+01 0.000000000000000000e+00 1.600000000000000089e+00 -9.070000000000000371e-04 -5.203000000000000159e-03 -9.999860000000000415e-01 9.606599999999999862e-02 -9.953619999999999690e-01 5.091000000000000039e-03 -9.953750000000000098e-01 -9.606000000000000649e-02 1.402999999999999950e-03
1.100000000000000000e+01 7.000000000000000000e+00 5.200000000000000000e+01 0.000000000000000000e+00 1.600000000000000089e+00 4.209999999999999875e-04 -4.819999999999999632e-03 -9.999879999999999880e-01 9.657499999999999418e-02 -9.953140000000000320e-01 4.838000000000000286e-03 -9.953260000000000440e-01 -9.657599999999999518e-02 4.600000000000000004e-05
2.200000000000000000e+01 7.000000000000000000e+00 5.200000000000000000e+01 0.000000000000000000e+00 1.600000000000000089e+00 -1.248699999999999984e-02 -7.622999999999999568e-03 -9.998930000000000318e-01 1.131510000000000016e-01 -9.935589999999999700e-01 6.160999999999999810e-03 -9.934990000000000210e-01 -1.130619999999999958e-01 1.326899999999999955e-02
1.800000000000000000e+01 1.500000000000000000e+01 5.300000000000000000e+01 0.000000000000000000e+00 1.600000000000000089e+00 -3.930000000000000117e-04 5.410000000000000312e-04 -1.000000000000000000e+00 6.799760000000000248e-01 7.332349999999999701e-01 1.299999999999999886e-04 7.332349999999999701e-01 -6.799760000000000248e-01 -6.560000000000000076e-04
3.000000000000000000e+00 6.300000000000000000e+01 5.400000000000000000e+01 0.000000000000000000e+00 1.600000000000000089e+00 -2.944000000000000002e-03 -1.474000000000000050e-03 9.999949999999999672e-01 -3.577339999999999964e-01 9.338229999999999587e-01 3.229999999999999907e-04 -9.338189999999999547e-01 -3.577310000000000212e-01 -3.275999999999999832e-03
1.100000000000000000e+01 6.300000000000000000e+01 5.400000000000000000e+01 0.000000000000000000e+00 1.600000000000000089e+00 3.609999999999999928e-04 -2.282999999999999873e-03 9.999970000000000248e-01 -3.510800000000000032e-01 9.363430000000000364e-01 2.263999999999999953e-03 -9.363460000000000116e-01 -3.510800000000000032e-01 -4.640000000000000027e-04
1.600000000000000000e+01 6.300000000000000000e+01 5.400000000000000000e+01 0.000000000000000000e+00 1.600000000000000089e+00 2.207000000000000194e-03 2.897999999999999968e-03 9.999930000000000208e-01 -3.501429999999999820e-01 9.366940000000000266e-01 -1.941000000000000017e-03 -9.366940000000000266e-01 -3.501360000000000028e-01 3.082000000000000104e-03
2.200000000000000000e+01 6.300000000000000000e+01 5.400000000000000000e+01 0.000000000000000000e+00 1.600000000000000089e+00 -9.370000000000000074e-04 -8.779999999999999827e-04 9.999989999999999712e-01 -3.559649999999999759e-01 9.344989999999999686e-01 4.870000000000000197e-04 -9.344989999999999686e-01 -3.559640000000000026e-01 -1.188000000000000037e-03
2.800000000000000000e+01 6.300000000000000000e+01 5.400000000000000000e+01 0.000000000000000000e+00 1.600000000000000089e+00 -2.530000000000000239e-04 -5.619999999999999996e-04 1.000000000000000000e+00 -3.566239999999999966e-01 9.342479999999999674e-01 4.350000000000000026e-04 -9.342479999999999674e-01 -3.566239999999999966e-01 -4.369999999999999970e-04
4.000000000000000000e+00 2.500000000000000000e+01 5.500000000000000000e+01 0.000000000000000000e+00 1.600000000000000089e+00 -3.040000000000000167e-04 -1.234999999999999987e-03 -9.999989999999999712e-01 -1.159999999999999920e-02 -9.999320000000000430e-01 1.237999999999999951e-03 -9.999329999999999607e-01 1.159999999999999920e-02 2.900000000000000017e-04
1.400000000000000000e+01 2.500000000000000000e+01 5.500000000000000000e+01 0.000000000000000000e+00 1.600000000000000089e+00 -6.600000000000000506e-05 3.001000000000000195e-03 -9.999949999999999672e-01 -1.369199999999999931e-02 -9.999019999999999575e-01 -3.000000000000000062e-03 -9.999059999999999615e-01 1.369100000000000004e-02 1.069999999999999988e-04
1.800000000000000000e+01 2.500000000000000000e+01 5.500000000000000000e+01 0.000000000000000000e+00 1.600000000000000089e+00 -1.425999999999999967e-03 3.103999999999999988e-03 -9.999940000000000495e-01 -1.192700000000000010e-02 -9.999240000000000350e-01 -3.086999999999999900e-03 -9.999280000000000390e-01 1.192299999999999957e-02 1.463000000000000108e-03
2.200000000000000000e+01 2.500000000000000000e+01 5.500000000000000000e+01 0.000000000000000000e+00 1.600000000000000089e+00 -2.441000000000000027e-03 2.720999999999999894e-03 -9.999930000000000208e-01 -1.026700000000000008e-02 -9.999440000000000550e-01 -2.696000000000000046e-03 -9.999440000000000550e-01 1.026099999999999929e-02 2.468999999999999841e-03
2.700000000000000000e+01 2.500000000000000000e+01 5.500000000000000000e+01 0.000000000000000000e+00 1.600000000000000089e+00 -1.711999999999999980e-03 4.169999999999999987e-04 -9.999980000000000535e-01 -1.064999999999999974e-02 -9.999430000000000263e-01 -3.989999999999999949e-04 -9.999419999999999975e-01 1.064999999999999974e-02 1.716000000000000077e-03
1.600000000000000000e+01 7.000000000000000000e+00 6.000000000000000000e+01 0.000000000000000000e+00 1.600000000000000089e+00 7.669999999999999951e-04 -2.547999999999999918e-03 9.999959999999999960e-01 5.723500000000000254e-01 -8.200060000000000127e-01 -2.528999999999999998e-03 8.200089999999999879e-01 5.723500000000000254e-01 8.289999999999999843e-04
