1.600000000000000000e+01 2.500000000000000000e+01 1.000000000000000000e+00 0.000000000000000000e+00 1.600000000000000089e+00 -5.438500000000000278e-02 -1.110599999999999955e-02 -9.984579999999999567e-01 -5.388870000000000049e-01 -8.414880000000000138e-01 3.871299999999999741e-02 -8.406200000000000339e-01 5.401620000000000310e-01 3.977900000000000186e-02
2.800000000000000000e+01 2.500000000000000000e+01 1.000000000000000000e+00 0.000000000000000000e+00 1.600000000000000089e+00 3.514999999999999895e-03 3.909000000000000148e-03 -9.999860000000000415e-01 -5.366950000000000331e-01 -8.437599999999999545e-01 -5.185000000000000372e-03 -8.437689999999999912e-01 5.367060000000000164e-01 -8.679999999999999565e-04
2.200000000000000000e+01 1.500000000000000000e+01 4.000000000000000000e+00 0.000000000000000000e+00 1.600000000000000089e+00 2.500000000000000052e-04 6.934000000000000059e-03 9.999759999999999760e-01 3.243969999999999909e-01 -9.458990000000000453e-01 6.478000000000000251e-03 9.459210000000000118e-01 3.243880000000000097e-01 -2.485999999999999929e-03
2.700000000000000000e+01 1.500000000000000000e+01 4.000000000000000000e+00 0.000000000000000000e+00 1.600000000000000089e+00 -1.987000000000000051e-03 -2.733000000000000186e-03 9.999940000000000495e-01 3.251049999999999773e-01 -9.456759999999999611e-01 -1.938999999999999968e-03 9.456759999999999611e-01 3.250990000000000268e-01 2.768000000000000061e-03
4.000000000000000000e+00 1.600000000000000000e+01 4.000000000000000000e+00 0.000000000000000000e+00 1.600000000000000089e+00 -2.164000000000000125e-03 4.956000000000000336e-03 9.999850000000000128e-01 3.248989999999999934e-01 -9.457330000000000458e-01 5.389999999999999826e-03 9.457459999999999756e-01 3.249059999999999726e-01 4.360000000000000269e-04
8.000000000000000000e+00 1.600000000000000000e+01 4.000000000000000000e+00 0.000000000000000000e+00 1.600000000000000089e+00 2.400999999999999922e-03 6.341000000000000282e-03 9.999770000000000048e-01 3.248010000000000064e-01 -9.457680000000000531e-01 5.217000000000000283e-03 9.457790000000000363e-01 3.247809999999999864e-01 -4.330999999999999781e-03
1.300000000000000000e+01 1.600000000000000000e+01 4.000000000000000000e+00 0.000000000000000000e+00 1.600000000000000089e+00 3.370800000000000185e-02 -1.019420000000000048e-01 9.942189999999999639e-01 3.396339999999999915e-01 -9.344139999999999668e-01 -1.073250000000000037e-01 9.399530000000000385e-01 3.412890000000000090e-01 3.125999999999999873e-03
2.600000000000000000e+01 1.600000000000000000e+01 4.000000000000000000e+00 0.000000000000000000e+00 1.600000000000000089e+00 -2.060999999999999898e-03 -2.668999999999999932e-03 9.999940000000000495e-01 3.976649999999999907e-01 -9.175290000000000390e-01 -1.629000000000000023e-03 9.175290000000000390e-01 3.976589999999999847e-01 2.952000000000000197e-03
1.000000000000000000e+01 1.010000000000000000e+02 7.000000000000000000e+00 0.000000000000000000e+00 1.600000000000000089e+00 2.825999999999999953e-03 1.237199999999999932e-02 9.999190000000000023e-01 8.902919999999999723e-01 4.553170000000000273e-01 -8.148999999999999994e-03 -4.553820000000000090e-01 8.902430000000000065e-01 -9.728000000000000536e-03
1.500000000000000000e+01 1.010000000000000000e+02 7.000000000000000000e+00 0.000000000000000000e+00 1.600000000000000089e+00 -9.699999999999999963e-05 4.066299999999999776e-02 9.991729999999999778e-01 8.876760000000000206e-01 4.600910000000000277e-01 -1.863899999999999932e-02 -4.604679999999999884e-01 8.869399999999999507e-01 -3.613999999999999851e-02
2.000000000000000000e+01 1.010000000000000000e+02 7.000000000000000000e+00 0.000000000000000000e+00 1.600000000000000089e+00 3.645999999999999935e-03 6.196000000000000119e-03 9.999740000000000295e-01 8.852539999999999853e-01 4.650679999999999814e-01 -6.109999999999999980e-03 -4.650940000000000074e-01 8.852529999999999566e-01 -3.788999999999999833e-03
2.600000000000000000e+01 1.010000000000000000e+02 7.000000000000000000e+00 0.000000000000000000e+00 1.600000000000000089e+00 1.866999999999999953e-03 1.876999999999999979e-03 9.999970000000000248e-01 8.858920000000000128e-01 4.638849999999999918e-01 -2.524999999999999901e-03 -4.638880000000000225e-01 8.858939999999999593e-01 -7.969999999999999654e-04
1.600000000000000000e+01 2.500000000000000000e+01 8.000000000000000000e+00 0.000000000000000000e+00 1.600000000000000089e+00 5.369399999999999867e-02 1.744860000000000022e-01 -9.831940000000000124e-01 4.555170000000000052e-01 8.719189999999999996e-01 1.796149999999999969e-01 8.886060000000000070e-01 -4.575060000000000238e-01 -3.266399999999999859e-02
2.100000000000000000e+01 2.500000000000000000e+01 8.000000000000000000e+00 0.000000000000000000e+00 1.600000000000000089e+00 1.974000000000000060e-03 4.643999999999999691e-03 -9.999869999999999592e-01 4.482630000000000225e-01 8.938880000000000159e-01 5.035999999999999678e-03 8.939000000000000279e-01 -4.482670000000000265e-01 -3.170000000000000075e-04
2.500000000000000000e+01 2.500000000000000000e+01 8.000000000000000000e+00 0.000000000000000000e+00 1.600000000000000089e+00 -1.301000000000000073e-03 -5.210000000000000221e-03 -9.999860000000000415e-01 4.483550000000000035e-01 8.938399999999999679e-01 -5.239999999999999866e-03 8.938549999999999551e-01 -4.483550000000000035e-01 1.172999999999999998e-03
1.000000000000000000e+00 2.600000000000000000e+01 8.000000000000000000e+00 0.000000000000000000e+00 1.600000000000000089e+00 -2.358999999999999986e-03 -3.510000000000000208e-04 -9.999970000000000248e-01 4.273509999999999809e-01 9.040850000000000275e-01 -1.325000000000000006e-03 9.040829999999999700e-01 -4.273520000000000096e-01 -1.982999999999999954e-03
8.000000000000000000e+00 2.600000000000000000e+01 8.000000000000000000e+00 0.000000000000000000e+00 1.600000000000000089e+00 7.290000000000000473e-04 1.307999999999999918e-03 -9.999989999999999712e-01 4.289109999999999867e-01 9.033449999999999536e-01 1.495000000000000018e-03 9.033459999999999823e-01 -4.289120000000000155e-01 9.699999999999999963e-05
1.600000000000000000e+01 2.400000000000000000e+01 9.000000000000000000e+00 0.000000000000000000e+00 1.600000000000000089e+00 4.907799999999999663e-02 1.827219999999999955e-01 -9.819390000000000063e-01 4.607879999999999754e-01 8.681060000000000443e-01 1.845700000000000118e-01 8.861520000000000508e-01 -4.615239999999999898e-01 -4.159100000000000297e-02
2.500000000000000000e+01 2.400000000000000000e+01 9.000000000000000000e+00 0.000000000000000000e+00 1.600000000000000089e+00 -1.270999999999999994e-03 -5.963999999999999684e-03 -9.999810000000000088e-01 4.543470000000000009e-01 8.908049999999999580e-01 -5.890000000000000270e-03 8.908239999999999492e-01 -4.543460000000000276e-01 1.577999999999999976e-03
2.000000000000000000e+01 1.020000000000000000e+02 9.000000000000000000e+00 0.000000000000000000e+00 1.600000000000000089e+00 3.152999999999999987e-03 4.964999999999999795e-03 9.999829999999999552e-01 9.230009999999999604e-01 3.847670000000000257e-01 -4.820999999999999765e-03 -3.847840000000000149e-01 9.230009999999999604e-01 -3.370000000000000166e-03
1.300000000000000000e+01 4.000000000000000000e+00 1.100000000000000000e+01 0.000000000000000000e+00 1.600000000000000089e+00 -6.205399999999999805e-02 -6.637410000000000254e-01 -7.453840000000000465e-01 1.730820000000000136e-01 7.283509999999999707e-01 -6.629829999999999890e-01 9.829510000000000192e-01 -1.701529999999999987e-01 6.968499999999999694e-02
1.000000000000000000e+00 3.100000000000000000e+01 1.200000000000000000e+01 0.000000000000000000e+00 1.600000000000000089e+00 3.280000000000000038e-04 1.299999999999999940e-03 9.999989999999999712e-01 1.796700000000000033e-02 9.998380000000000045e-01 -1.306000000000000086e-03 -9.998390000000000333e-01 1.796800000000000133e-02 3.049999999999999868e-04
5.000000000000000000e+00 3.100000000000000000e+01 1.200000000000000000e+01 0.000000000000000000e+00 1.600000000000000089e+00 4.119999999999999856e-04 -2.779999999999999811e-04 1.000000000000000000e+00 1.694299999999999973e-02 9.998559999999999670e-01 2.709999999999999735e-04 -9.998559999999999670e-01 1.694299999999999973e-02 4.169999999999999987e-04
1.300000000000000000e+01 3.100000000000000000e+01 1.200000000000000000e+01 0.000000000000000000e+00 1.600000000000000089e+00 2.490000000000000026e-03 3.706000000000000093e-03 9.999900000000000455e-01 1.062800000000000029e-02 9.999369999999999647e-01 -3.732000000000000074e-03 -9.999400000000000510e-01 1.063700000000000062e-02 2.449999999999999921e-03
2.100000000000000000e+01 3.100000000000000000e+01 1.200000000000000000e+01 0.000000000000000000e+00 1.600000000000000089e+00 -9.460000000000000093e-04 8.329999999999999731e-04 9.999989999999999712e-01 -7.500999999999999855e-03 9.999719999999999720e-01 -8.400000000000000348e-04 -9.999710000000000543e-01 -7.501999999999999988e-03 -9.399999999999999719e-04
1.800000000000000000e+01 3.500000000000000000e+01 1.200000000000000000e+01 0.000000000000000000e+00 1.600000000000000089e+00 7.277999999999999747e-03 -2.641399999999999998e-02 -9.996249999999999858e-01 5.373559999999999448e-01 -8.429489999999999483e-01 2.618600000000000094e-02 -8.433239999999999625e-01 -5.373440000000000438e-01 8.057999999999999191e-03
2.500000000000000000e+01 3.500000000000000000e+01 1.200000000000000000e+01 0.000000000000000000e+00 1.600000000000000089e+00 -1.005999999999999950e-03 9.160000000000000390e-04 -9.999989999999999712e-01 5.125290000000000123e-01 -8.586690000000000156e-01 -1.301999999999999989e-03 -8.586690000000000156e-01 -5.125300000000000411e-01 3.939999999999999817e-04
2.900000000000000000e+01 3.500000000000000000e+01 1.200000000000000000e+01 0.000000000000000000e+00 1.600000000000000089e+00 -4.226999999999999855e-03 -8.069999999999999916e-04 -9.999909999999999632e-01 5.018409999999999815e-01 -8.649590000000000334e-01 -1.423000000000000003e-03 -8.649489999999999679e-01 -5.018430000000000391e-01 4.061000000000000373e-03
8.000000000000000000e+00 3.200000000000000000e+01 1.400000000000000000e+01 0.000000000000000000e+00 1.600000000000000089e+00 1.673999999999999924e-03 1.933999999999999955e-03 -9.999970000000000248e-01 1.270350000000000090e-01 9.918959999999999999e-01 2.131000000000000082e-03 9.918970000000000287e-01 -1.270390000000000130e-01 1.415000000000000025e-03
1.600000000000000000e+01 1.200000000000000000e+01 1.500000000000000000e+01 0.000000000000000000e+00 1.600000000000000089e+00 -4.142799999999999955e-02 -5.866500000000000187e-02 -9.974180000000000268e-01 -4.641730000000000023e-01 -8.828770000000000229e-01 7.120700000000000640e-02 -8.847749999999999782e-01 4.659249999999999781e-01 9.344999999999999141e-03
2.400000000000000000e+01 1.200000000000000000e+01 1.500000000000000000e+01 0.000000000000000000e+00 1.600000000000000089e+00 -2.110000000000000059e-04 6.923999999999999599e-03 -9.999759999999999760e-01 -4.699789999999999801e-01 -8.826570000000000249e-01 -6.013000000000000116e-03 -8.826779999999999626e-01 4.699659999999999949e-01 3.439999999999999915e-03
2.300000000000000000e+01 1.100000000000000000e+01 1.600000000000000000e+01 0.000000000000000000e+00 1.600000000000000089e+00 -5.199999999999999680e-05 4.754000000000000413e-03 -9.999890000000000168e-01 -4.126659999999999773e-01 -9.108720000000000150e-01 -4.309000000000000330e-03 -9.108829999999999982e-01 4.126610000000000000e-01 2.008999999999999935e-03
2.000000000000000000e+00 1.160000000000000000e+02 1.600000000000000000e+01 0.000000000000000000e+00 1.600000000000000089e+00 -1.810000000000000085e-04 1.632999999999999903e-03 9.999989999999999712e-01 6.792080000000000339e-01 7.339449999999999585e-01 -1.075000000000000001e-03 -7.339459999999999873e-01 6.792070000000000052e-01 -1.242000000000000048e-03
1.000000000000000000e+01 1.160000000000000000e+02 1.600000000000000000e+01 0.000000000000000000e+00 1.600000000000000089e+00 5.369999999999999774e-03 6.231999999999999693e-03 9.999660000000000215e-01 6.857419999999999627e-01 7.277979999999999450e-01 -8.219000000000000611e-03 -7.278250000000000552e-01 6.857630000000000114e-01 -3.660000000000000059e-04
1.300000000000000000e+01 1.160000000000000000e+02 1.600000000000000000e+01 0.000000000000000000e+00 1.600000000000000089e+00 1.553500000000000020e-02 2.568399999999999850e-02 9.995490000000000208e-01 7.016250000000000542e-01 7.119480000000000253e-01 -2.919899999999999926e-02 -7.123770000000000380e-01 7.017619999999999969e-01 -6.961000000000000174e-03
1.900000000000000000e+01 1.160000000000000000e+02 1.600000000000000000e+01 0.000000000000000000e+00 1.600000000000000089e+00 2.786999999999999981e-03 4.320000000000000055e-03 9.999869999999999592e-01 7.565100000000000158e-01 6.539629999999999610e-01 -4.932999999999999885e-03 -6.539760000000000018e-01 7.565140000000000198e-01 -1.445000000000000104e-03
2.400000000000000000e+01 1.160000000000000000e+02 1.600000000000000000e+01 0.000000000000000000e+00 1.600000000000000089e+00 -7.910000000000000364e-04 -2.178999999999999947e-03 9.999970000000000248e-01 7.520179999999999643e-01 6.591390000000000304e-01 2.030999999999999819e-03 -6.591420000000000057e-01 7.520179999999999643e-01 1.116999999999999937e-03
6.000000000000000000e+00 2.000000000000000000e+00 1.900000000000000000e+01 0.000000000000000000e+00 1.600000000000000089e+00 -9.539999999999999869e-04 -8.533000000000000654e-03 -9.999630000000000463e-01 1.617869999999999864e-01 -9.867909999999999737e-01 8.266000000000000777e-03 -9.868249999999999522e-01 -1.617730000000000001e-01 2.321999999999999845e-03
1.300000000000000000e+01 2.000000000000000000e+00 1.900000000000000000e+01 0.000000000000000000e+00 1.600000000000000089e+00 -1.354999999999999954e-02 3.486800000000000316e-02 -9.992999999999999661e-01 1.820460000000000134e-01 -9.826030000000000042e-01 -3.675400000000000195e-02 -9.831969999999999876e-01 -1.824159999999999948e-01 6.967000000000000103e-03
2.200000000000000000e+01 2.000000000000000000e+00 1.900000000000000000e+01 0.000000000000000000e+00 1.600000000000000089e+00 -5.289999999999999564e-04 1.609199999999999867e-02 -9.998700000000000365e-01 2.582539999999999836e-01 -9.659499999999999753e-01 -1.568299999999999902e-02 -9.660769999999999635e-01 -2.582289999999999863e-01 -3.644999999999999803e-03
2.500000000000000000e+01 2.000000000000000000e+00 1.900000000000000000e+01 0.000000000000000000e+00 1.600000000000000089e+00 3.657000000000000094e-03 1.809099999999999944e-02 -9.998299999999999965e-01 2.529819999999999847e-01 -9.673289999999999944e-01 -1.657799999999999899e-02 -9.674639999999999906e-01 -2.528779999999999917e-01 -8.113999999999999685e-03
2.800000000000000000e+01 4.000000000000000000e+00 2.000000000000000000e+01 0.000000000000000000e+00 1.600000000000000089e+00 -5.389999999999999826e-04 6.268000000000000134e-03 -9.999799999999999800e-01 4.536339999999999817e-01 -8.911689999999999889e-01 -5.831000000000000245e-03 -8.911879999999999802e-01 -4.536279999999999757e-01 -2.363000000000000083e-03
5.000000000000000000e+00 1.300000000000000000e+01 2.000000000000000000e+01 0.000000000000000000e+00 1.600000000000000089e+00 9.229999999999999923e-04 1.144000000000000052e-03 9.999989999999999712e-01 2.619340000000000002e-01 9.650849999999999707e-01 -1.345999999999999974e-03 -9.650849999999999707e-01 2.619349999999999734e-01 5.910000000000000539e-04
9.000000000000000000e+00 1.300000000000000000e+01 2.000000000000000000e+01 0.000000000000000000e+00 1.600000000000000089e+00 1.129999999999999928e-03 1.087499999999999925e-02 9.999400000000000510e-01 2.614699999999999802e-01 9.651509999999999811e-01 -1.079199999999999951e-02 -9.652110000000000412e-01 2.614670000000000050e-01 -1.753000000000000001e-03
1.600000000000000000e+01 1.300000000000000000e+01 2.000000000000000000e+01 0.000000000000000000e+00 1.600000000000000089e+00 3.899999999999999821e-03 5.888899999999999690e-02 9.982569999999999499e-01 2.602260000000000129e-01 9.638120000000000021e-01 -5.787400000000000183e-02 -9.655399999999999539e-01 2.599989999999999801e-01 -1.156599999999999989e-02
2.200000000000000000e+01 1.300000000000000000e+01 2.000000000000000000e+01 0.000000000000000000e+00 1.600000000000000089e+00 5.050000000000000235e-04 1.889999999999999970e-03 9.999980000000000535e-01 2.575830000000000064e-01 9.662539999999999463e-01 -1.956999999999999972e-03 -9.662560000000000038e-01 2.575830000000000064e-01 9.999999999999999547e-07
2.700000000000000000e+01 1.300000000000000000e+01 2.000000000000000000e+01 0.000000000000000000e+00 1.600000000000000089e+00 -1.245000000000000013e-03 4.916000000000000231e-03 9.999869999999999592e-01 2.582690000000000263e-01 9.660630000000000051e-01 -4.427000000000000379e-03 -9.660720000000000418e-01 2.582610000000000183e-01 -2.471999999999999805e-03
2.000000000000000000e+00 1.600000000000000000e+01 2.100000000000000000e+01 0.000000000000000000e+00 1.600000000000000089e+00 1.550000000000000000e-04 -3.537999999999999912e-03 9.999940000000000495e-01 2.970599999999999907e-01 9.548529999999999518e-01 3.331999999999999892e-03 -9.548590000000000133e-01 2.970570000000000155e-01 1.198999999999999979e-03
6.000000000000000000e+00 1.600000000000000000e+01 2.100000000000000000e+01 0.000000000000000000e+00 1.600000000000000089e+00 1.610000000000000103e-04 1.951999999999999959e-03 9.999980000000000535e-01 2.953200000000000269e-01 9.553960000000000230e-01 -1.912999999999999987e-03 -9.553979999999999695e-01 2.953200000000000269e-01 -4.229999999999999819e-04
9.000000000000000000e+00 1.600000000000000000e+01 2.100000000000000000e+01 0.000000000000000000e+00 1.600000000000000089e+00 1.137999999999999906e-03 1.013000000000000012e-02 9.999479999999999480e-01 2.948620000000000130e-01 9.554869999999999752e-01 -1.001499999999999960e-02 -9.555390000000000272e-01 2.948580000000000090e-01 -1.899999999999999996e-03
1.600000000000000000e+01 1.600000000000000000e+01 2.100000000000000000e+01 0.000000000000000000e+00 1.600000000000000089e+00 6.801999999999999887e-03 6.342299999999999327e-02 9.979630000000000445e-01 2.979419999999999846e-01 9.525310000000000166e-01 -6.256699999999999762e-02 -9.545599999999999641e-01 2.977609999999999979e-01 -1.241699999999999922e-02
2.100000000000000000e+01 1.600000000000000000e+01 2.100000000000000000e+01 0.000000000000000000e+00 1.600000000000000089e+00 3.620000000000000171e-04 3.743999999999999932e-03 9.999930000000000208e-01 2.997830000000000217e-01 9.539999999999999591e-01 -3.680999999999999810e-03 -9.540079999999999671e-01 2.997819999999999929e-01 -7.770000000000000214e-04
2.200000000000000000e+01 3.000000000000000000e+00 2.500000000000000000e+01 0.000000000000000000e+00 1.600000000000000089e+00 -2.500000000000000120e-05 4.766000000000000271e-03 9.999890000000000168e-01 -3.108199999999999852e-02 -9.995049999999999768e-01 4.762999999999999873e-03 9.995169999999999888e-01 -3.108199999999999852e-02 1.730000000000000038e-04
6.000000000000000000e+00 4.600000000000000000e+01 2.700000000000000000e+01 0.000000000000000000e+00 1.600000000000000089e+00 1.123000000000000083e-03 1.600000000000000077e-03 -9.999980000000000535e-01 6.881300000000000194e-01 7.255850000000000355e-01 1.933999999999999955e-03 7.255859999999999532e-01 -6.881310000000000482e-01 -2.860000000000000129e-04
3.000000000000000000e+00 5.800000000000000000e+01 3.100000000000000000e+01 0.000000000000000000e+00 1.600000000000000089e+00 -2.347999999999999827e-03 -9.650000000000000374e-04 9.999970000000000248e-01 -7.968150000000000510e-01 -6.042180000000000328e-01 -2.454000000000000018e-03 6.042180000000000328e-01 -7.968180000000000263e-01 6.489999999999999459e-04
8.000000000000000000e+00 5.800000000000000000e+01 3.100000000000000000e+01 0.000000000000000000e+00 1.600000000000000089e+00 9.039999999999999642e-04 -1.510000000000000057e-03 9.999980000000000535e-01 -7.980570000000000164e-01 -6.025819999999999510e-01 -1.879999999999999890e-04 6.025819999999999510e-01 -7.980549999999999589e-01 -1.748999999999999904e-03
1.300000000000000000e+01 5.800000000000000000e+01 3.100000000000000000e+01 0.000000000000000000e+00 1.600000000000000089e+00 2.007099999999999856e-02 3.830900000000000277e-02 9.990639999999999521e-01 -7.895799999999999486e-01 -6.123859999999999859e-01 3.934399999999999703e-02 6.133199999999999763e-01 -7.896300000000000541e-01 1.795700000000000074e-02
1.900000000000000000e+01 5.800000000000000000e+01 3.100000000000000000e+01 0.000000000000000000e+00 1.600000000000000089e+00 2.961999999999999789e-03 9.223000000000000295e-03 9.999529999999999808e-01 -7.707079999999999487e-01 -6.371369999999999534e-01 8.158999999999999586e-03 6.371820000000000261e-01 -7.706960000000000477e-01 5.220999999999999946e-03
2.400000000000000000e+01 5.800000000000000000e+01 3.100000000000000000e+01 0.000000000000000000e+00 1.600000000000000089e+00 -3.870000000000000176e-03 -1.946999999999999946e-03 9.999909999999999632e-01 -7.697829999999999950e-01 -6.382919999999999705e-01 -4.222000000000000058e-03 6.382940000000000280e-01 -7.697920000000000318e-01 9.709999999999999664e-04
4.000000000000000000e+00 4.600000000000000000e+01 3.500000000000000000e+01 0.000000000000000000e+00 1.600000000000000089e+00 2.959999999999999849e-04 8.499999999999999526e-04 -1.000000000000000000e+00 3.884730000000000127e-01 -9.214599999999999458e-01 -6.679999999999999740e-04 -9.214599999999999458e-01 -3.884719999999999840e-01 -6.030000000000000204e-04
1.300000000000000000e+01 4.600000000000000000e+01 3.500000000000000000e+01 0.000000000000000000e+00 1.600000000000000089e+00 -8.890000000000000333e-04 2.607599999999999849e-02 -9.996599999999999930e-01 3.899659999999999793e-01 -9.205069999999999641e-01 -2.435899999999999871e-02 -9.208290000000000086e-01 -3.898550000000000071e-01 -9.350999999999999937e-03
1.800000000000000000e+01 4.600000000000000000e+01 3.500000000000000000e+01 0.000000000000000000e+00 1.600000000000000089e+00 -8.009999999999999542e-04 1.406400000000000011e-02 -9.999010000000000398e-01 3.948940000000000228e-01 -9.186309999999999754e-01 -1.323700000000000050e-02 -9.187269999999999603e-01 -3.948650000000000215e-01 -4.818000000000000234e-03
2.100000000000000000e+01 4.600000000000000000e+01 3.500000000000000000e+01 0.000000000000000000e+00 1.600000000000000089e+00 -7.370000000000000249e-04 1.074000000000000085e-03 -9.999989999999999712e-01 3.948240000000000083e-01 -9.187560000000000171e-01 -1.278000000000000056e-03 -9.187570000000000459e-01 -3.948249999999999815e-01 2.530000000000000239e-04
2.500000000000000000e+01 4.600000000000000000e+01 3.500000000000000000e+01 0.000000000000000000e+00 1.600000000000000089e+00 -4.189999999999999931e-04 -1.360000000000000098e-03 -9.999989999999999712e-01 3.927910000000000013e-01 -9.196269999999999722e-01 1.085999999999999943e-03 -9.196280000000000010e-01 -3.927899999999999725e-01 9.190000000000000035e-04
2.800000000000000000e+01 4.600000000000000000e+01 3.500000000000000000e+01 0.000000000000000000e+00 1.600000000000000089e+00 -8.899999999999999491e-05 -1.291000000000000047e-03 -9.999989999999999712e-01 3.916459999999999941e-01 -9.201150000000000162e-01 1.152999999999999945e-03 -9.201160000000000450e-01 -3.916459999999999941e-01 5.879999999999999810e-04
1.000000000000000000e+00 9.500000000000000000e+01 3.600000000000000000e+01 0.000000000000000000e+00 1.600000000000000089e+00 -6.189999999999999756e-04 -4.690000000000000158e-04 1.000000000000000000e+00 9.968479999999999563e-01 7.933400000000000174e-02 6.539999999999999590e-04 -7.933500000000000274e-02 9.968479999999999563e-01 4.189999999999999931e-04
4.000000000000000000e+00 9.500000000000000000e+01 3.600000000000000000e+01 0.000000000000000000e+00 1.600000000000000089e+00 2.790000000000000054e-04 4.525999999999999641e-03 9.999900000000000455e-01 9.967939999999999579e-01 8.001300000000000079e-02 -6.409999999999999682e-04 -8.001500000000000279e-02 9.967840000000000034e-01 -4.488999999999999935e-03
1.900000000000000000e+01 9.500000000000000000e+01 3.600000000000000000e+01 0.000000000000000000e+00 1.600000000000000089e+00 6.666000000000000050e-03 5.559399999999999759e-02 9.984309999999999574e-01 9.971130000000000271e-01 7.514999999999999458e-02 -1.084199999999999921e-02 -7.563400000000000678e-02 9.956209999999999782e-01 -5.493200000000000166e-02
2.600000000000000000e+01 9.500000000000000000e+01 3.600000000000000000e+01 0.000000000000000000e+00 1.600000000000000089e+00 -7.700000000000000139e-05 -8.571000000000000493e-03 9.999630000000000463e-01 9.971339999999999648e-01 7.565099999999999603e-02 7.249999999999999500e-04 -7.565500000000000003e-02 9.970970000000000111e-01 8.540999999999999981e-03
1.600000000000000000e+01 3.000000000000000000e+00 4.300000000000000000e+01 0.000000000000000000e+00 1.600000000000000089e+00 3.157100000000000184e-02 1.759179999999999910e-01 -9.838980000000000503e-01 7.315450000000000008e-01 -6.748309999999999587e-01 -9.718400000000000649e-02 -6.810610000000000275e-01 -7.166979999999999462e-01 -1.499979999999999924e-01
4.000000000000000000e+00 2.900000000000000000e+01 4.400000000000000000e+01 0.000000000000000000e+00 1.600000000000000089e+00 -1.917000000000000084e-03 1.240000000000000054e-04 -9.999980000000000535e-01 6.545279999999999987e-01 7.560369999999999591e-01 -1.162000000000000055e-03 7.560360000000000413e-01 -6.545290000000000274e-01 -1.531000000000000026e-03
1.000000000000000000e+01 2.900000000000000000e+01 4.400000000000000000e+01 0.000000000000000000e+00 1.600000000000000089e+00 2.439999999999999949e-04 4.508999999999999987e-03 -9.999900000000000455e-01 6.544879999999999587e-01 7.560639999999999583e-01 3.569000000000000124e-03 7.560719999999999663e-01 -6.544830000000000370e-01 -2.766999999999999928e-03
1.600000000000000000e+01 2.900000000000000000e+01 4.400000000000000000e+01 0.000000000000000000e+00 1.600000000000000089e+00 1.546499999999999958e-02 2.557900000000000104e-02 -9.995530000000000248e-01 6.495419999999999527e-01 7.597540000000000404e-01 2.949200000000000085e-02 7.601689999999999836e-01 -6.497079999999999522e-01 -4.865000000000000401e-03
2.200000000000000000e+01 2.900000000000000000e+01 4.400000000000000000e+01 0.000000000000000000e+00 1.600000000000000089e+00 2.301999999999999793e-03 2.224999999999999981e-03 -9.999949999999999672e-01 6.505560000000000231e-01 7.594520000000000159e-01 3.187999999999999862e-03 7.594549999999999912e-01 -6.505600000000000271e-01 3.009999999999999980e-04
2.400000000000000000e+01 2.900000000000000000e+01 4.400000000000000000e+01 0.000000000000000000e+00 1.600000000000000089e+00 1.182000000000000108e-03 1.981000000000000122e-03 -9.999970000000000248e-01 6.502580000000000027e-01 7.597099999999999964e-01 2.272999999999999847e-03 7.597120000000000539e-01 -6.502590000000000314e-01 -3.899999999999999929e-04
2.300000000000000000e+01 6.500000000000000000e+01 4.600000000000000000e+01 0.000000000000000000e+00 1.600000000000000089e+00 -2.629999999999999959e-04 -5.820000000000000520e-04 1.000000000000000000e+00 6.815830000000000499e-01 -7.317409999999999748e-01 -2.460000000000000164e-04 7.317409999999999748e-01 6.815820000000000212e-01 5.890000000000000053e-04
1.900000000000000000e+01 5.000000000000000000e+00 5.100000000000000000e+01 0.000000000000000000e+00 1.600000000000000089e+00 2.920999999999999985e-03 1.607499999999999901e-02 -9.998660000000000325e-01 4.833640000000000159e-01 -8.753279999999999950e-01 -1.266100000000000038e-02 -8.754140000000000255e-01 -4.832629999999999981e-01 -1.032699999999999937e-02
2.800000000000000000e+01 5.000000000000000000e+00 5.100000000000000000e+01 0.000000000000000000e+00 1.600000000000000089e+00 4.534999999999999969e-03 5.317999999999999811e-03 -9.999759999999999760e-01 4.801549999999999985e-01 -8.771799999999999597e-01 -2.488000000000000194e-03 -8.771719999999999517e-01 -4.801320000000000032e-01 -6.531999999999999612e-03
4.000000000000000000e+00 6.300000000000000000e+01 5.400000000000000000e+01 0.000000000000000000e+00 1.600000000000000089e+00 4.310000000000000137e-04 4.271999999999999756e-03 9.999909999999999632e-01 -3.575360000000000205e-01 9.338910000000000267e-01 -3.834999999999999867e-03 -9.338990000000000347e-01 -3.575309999999999877e-01 1.930000000000000075e-03
7.000000000000000000e+00 6.300000000000000000e+01 5.400000000000000000e+01 0.000000000000000000e+00 1.600000000000000089e+00 -5.659999999999999884e-04 2.700000000000000143e-03 9.999959999999999960e-01 -3.556799999999999962e-01 9.346039999999999903e-01 -2.723999999999999859e-03 -9.346069999999999656e-01 -3.556810000000000249e-01 4.319999999999999838e-04
9.000000000000000000e+00 6.300000000000000000e+01 5.400000000000000000e+01 0.000000000000000000e+00 1.600000000000000089e+00 3.399999999999999973e-05 3.109999999999999917e-03 9.999949999999999672e-01 -3.548839999999999772e-01 9.349060000000000148e-01 -2.896000000000000137e-03 -9.349100000000000188e-01 -3.548819999999999752e-01 1.136000000000000074e-03
1.600000000000000000e+01 6.300000000000000000e+01 5.400000000000000000e+01 0.000000000000000000e+00 1.600000000000000089e+00 4.819999999999999632e-03 2.526199999999999973e-02 9.996690000000000298e-01 -3.510079999999999867e-01 9.361150000000000304e-01 -2.196400000000000088e-02 -9.363599999999999701e-01 -3.507859999999999867e-01 1.337900000000000027e-02
2.000000000000000000e+01 6.300000000000000000e+01 5.400000000000000000e+01 0.000000000000000000e+00 1.600000000000000089e+00 6.070000000000000092e-04 9.200000000000000007e-05 1.000000000000000000e+00 -3.475730000000000208e-01 9.376529999999999587e-01 1.240000000000000054e-04 -9.376529999999999587e-01 -3.475730000000000208e-01 6.009999999999999717e-04
2.600000000000000000e+01 6.300000000000000000e+01 5.400000000000000000e+01 0.000000000000000000e+00 1.600000000000000089e+00 -1.417000000000000074e-03 3.980000000000000031e-03 9.999909999999999632e-01 -3.425719999999999876e-01 9.394820000000000393e-01 -4.224999999999999589e-03 -9.394900000000000473e-01 -3.425750000000000184e-01 3.199999999999999855e-05
2.000000000000000000e+00 2.500000000000000000e+01 5.500000000000000000e+01 0.000000000000000000e+00 1.600000000000000089e+00 2.207000000000000194e-03 2.739999999999999923e-04 -9.999970000000000248e-01 -1.300499999999999920e-02 -9.999149999999999983e-01 -3.029999999999999924e-04 -9.999130000000000518e-01 1.300499999999999920e-02 -2.203999999999999796e-03
8.000000000000000000e+00 2.500000000000000000e+01 5.500000000000000000e+01 0.000000000000000000e+00 1.600000000000000089e+00 -3.370000000000000057e-04 -2.500000000000000120e-05 -1.000000000000000000e+00 -1.221399999999999916e-02 -9.999249999999999527e-01 3.000000000000000076e-05 -9.999249999999999527e-01 1.221399999999999916e-02 3.370000000000000057e-04
1.400000000000000000e+01 2.500000000000000000e+01 5.500000000000000000e+01 0.000000000000000000e+00 1.600000000000000089e+00 9.849999999999999815e-04 8.725999999999999382e-03 -9.999609999999999888e-01 -1.247000000000000018e-02 -9.998839999999999950e-01 -8.737999999999999240e-03 -9.999219999999999775e-01 1.247799999999999951e-02 -8.760000000000000425e-04
1.700000000000000000e+01 2.500000000000000000e+01 5.500000000000000000e+01 0.000000000000000000e+00 1.600000000000000089e+00 2.125999999999999852e-03 6.205999999999999711e-03 -9.999780000000000335e-01 -1.290999999999999960e-02 -9.998970000000000358e-01 -6.232999999999999825e-03 -9.999139999999999695e-01 1.292300000000000046e-02 -2.044999999999999943e-03
2.400000000000000000e+01 2.500000000000000000e+01 5.500000000000000000e+01 0.000000000000000000e+00 1.600000000000000089e+00 -3.530000000000000152e-04 1.399999999999999877e-04 -1.000000000000000000e+00 -1.187799999999999967e-02 -9.999289999999999567e-01 -1.350000000000000017e-04 -9.999289999999999567e-01 1.187799999999999967e-02 3.539999999999999853e-04
2.800000000000000000e+01 2.500000000000000000e+01 5.500000000000000000e+01 0.000000000000000000e+00 1.600000000000000089e+00 1.299999999999999940e-03 -1.508999999999999925e-03 -9.999980000000000535e-01 -1.162299999999999965e-02 -9.999310000000000143e-01 1.494000000000000102e-03 -9.999320000000000430e-01 1.162099999999999939e-02 -1.317999999999999944e-03
1.700000000000000000e+01 2.100000000000000000e+01 6.000000000000000000e+01 0.000000000000000000e+00 1.600000000000000089e+00 -3.011999999999999920e-03 3.575600000000000306e-02 9.993560000000000221e-01 -9.366800000000000126e-02 9.949569999999999803e-01 -3.588100000000000317e-02 -9.955990000000000117e-01 -9.371500000000000663e-02 3.530000000000000152e-04
2.600000000000000000e+01 2.100000000000000000e+01 6.000000000000000000e+01 0.000000000000000000e+00 1.600000000000000089e+00 9.160000000000000390e-04 -8.732999999999999444e-03 9.999609999999999888e-01 -9.422800000000000620e-02 9.955119999999999525e-01 8.779999999999999610e-03 -9.955500000000000460e-01 -9.423199999999999632e-02 9.000000000000000567e-05
1.900000000000000000e+01 3.000000000000000000e+00 6.300000000000000000e+01 0.000000000000000000e+00 1.600000000000000089e+00 9.439999999999999607e-04 2.377500000000000099e-02 9.997169999999999668e-01 -6.175530000000000186e-01 7.863210000000000477e-01 -1.811700000000000116e-02 -7.865290000000000337e-01 -6.173610000000000486e-01 1.542499999999999948e-02
2.300000000000000000e+01 3.000000000000000000e+00 6.300000000000000000e+01 0.000000000000000000e+00 1.600000000000000089e+00 9.510000000000000224e-04 4.690999999999999857e-03 9.999890000000000168e-01 -6.154929999999999568e-01 7.881359999999999477e-01 -3.112000000000000183e-03 -7.881420000000000092e-01 -6.154830000000000023e-01 3.637000000000000042e-03
3.000000000000000000e+00 2.700000000000000000e+01 6.300000000000000000e+01 0.000000000000000000e+00 1.600000000000000089e+00 3.023000000000000079e-03 -2.010000000000000068e-04 9.999949999999999672e-01 -2.883749999999999925e-01 9.575169999999999515e-01 1.064000000000000059e-03 -9.575129999999999475e-01 -2.883769999999999945e-01 2.837000000000000112e-03
7.000000000000000000e+00 2.700000000000000000e+01 6.300000000000000000e+01 0.000000000000000000e+00 1.600000000000000089e+00 -5.820000000000000520e-04 5.932999999999999906e-03 9.999820000000000375e-01 -2.908569999999999767e-01 9.567489999999999606e-01 -5.845999999999999634e-03 -9.567660000000000053e-01 -2.908549999999999747e-01 1.168999999999999900e-03
1.200000000000000000e+01 2.700000000000000000e+01 6.300000000000000000e+01 0.000000000000000000e+00 1.600000000000000089e+00 -3.148000000000000190e-03 2.619700000000000153e-02 9.996519999999999850e-01 -2.862319999999999864e-01 9.578069999999999640e-01 -2.600200000000000081e-02 -9.581549999999999789e-01 -2.862149999999999972e-01 4.483000000000000006e-03
1.800000000000000000e+01 2.700000000000000000e+01 6.300000000000000000e+01 0.000000000000000000e+00 1.600000000000000089e+00 -1.637999999999999916e-03 1.368300000000000072e-02 9.999050000000000438e-01 -2.801679999999999726e-01 9.598550000000000137e-01 -1.359400000000000018e-02 -9.599499999999999700e-01 -2.801640000000000241e-01 2.260999999999999989e-03
2.200000000000000000e+01 2.700000000000000000e+01 6.300000000000000000e+01 0.000000000000000000e+00 1.600000000000000089e+00 2.469999999999999973e-03 2.484000000000000097e-03 9.999940000000000495e-01 -2.774960000000000204e-01 9.607250000000000512e-01 -1.701000000000000038e-03 -9.607240000000000224e-01 -2.774900000000000144e-01 3.062000000000000052e-03
2.700000000000000000e+01 2.700000000000000000e+01 6.300000000000000000e+01 0.000000000000000000e+00 1.600000000000000089e+00 -7.299999999999999903e-05 -2.099999999999999884e-05 1.000000000000000000e+00 -2.742649999999999810e-01 9.616540000000000088e-01 9.999999999999999547e-07 -9.616540000000000088e-01 -2.742649999999999810e-01 -7.600000000000000418e-05
3.000000000000000000e+00 2.600000000000000000e+01 6.400000000000000000e+01 0.000000000000000000e+00 1.600000000000000089e+00 5.270999999999999644e-03 2.585000000000000058e-03 9.999829999999999552e-01 -3.710439999999999849e-01 9.286149999999999682e-01 -4.440000000000000045e-04 -9.285999999999999810e-01 -3.710350000000000037e-01 5.853999999999999829e-03
7.000000000000000000e+00 2.600000000000000000e+01 6.400000000000000000e+01 0.000000000000000000e+00 1.600000000000000089e+00 -9.079999999999999530e-04 8.444000000000000117e-03 9.999639999999999640e-01 -3.718580000000000219e-01 9.282529999999999948e-01 -8.175999999999999240e-03 -9.282890000000000308e-01 -3.718520000000000159e-01 2.296999999999999997e-03
1.100000000000000000e+01 2.600000000000000000e+01 6.400000000000000000e+01 0.000000000000000000e+00 1.600000000000000089e+00 -5.392000000000000091e-03 2.335900000000000129e-02 9.997129999999999628e-01 -3.685919999999999752e-01 9.292890000000000317e-01 -2.370200000000000085e-02 -9.295759999999999579e-01 -3.686139999999999972e-01 3.599999999999999901e-03
2.300000000000000000e+01 2.600000000000000000e+01 6.400000000000000000e+01 0.000000000000000000e+00 1.600000000000000089e+00 2.524999999999999901e-03 4.767000000000000404e-03 9.999850000000000128e-01 -3.659669999999999868e-01 9.306210000000000315e-01 -3.513000000000000064e-03 -9.306240000000000068e-01 -3.659529999999999728e-01 4.094000000000000417e-03
2.700000000000000000e+01 2.600000000000000000e+01 6.400000000000000000e+01 0.000000000000000000e+00 1.600000000000000089e+00 2.139999999999999975e-04 3.240000000000000150e-04 1.000000000000000000e+00 -3.624999999999999889e-01 9.319840000000000346e-01 -2.249999999999999938e-04 -9.319840000000000346e-01 -3.624999999999999889e-01 3.159999999999999832e-04
2.100000000000000000e+01 6.900000000000000000e+01 6.600000000000000000e+01 0.000000000000000000e+00 1.600000000000000089e+00 1.020000000000000073e-03 3.972999999999999969e-03 9.999919999999999920e-01 -9.517189999999999817e-01 3.069709999999999939e-01 -2.489999999999999809e-04 -3.069689999999999919e-01 -9.517109999999999737e-01 4.094000000000000417e-03
2.600000000000000000e+01 6.900000000000000000e+01 6.600000000000000000e+01 0.000000000000000000e+00 1.600000000000000089e+00 4.800000000000000122e-04 4.651999999999999885e-03 9.999890000000000168e-01 -9.506390000000000118e-01 3.102960000000000163e-01 -9.870000000000000301e-04 -3.102969999999999895e-01 -9.506289999999999463e-01 4.571000000000000410e-03
1.000000000000000000e+01 2.500000000000000000e+01 7.300000000000000000e+01 0.000000000000000000e+00 1.600000000000000089e+00 6.749999999999999924e-03 6.891999999999999689e-03 9.999529999999999808e-01 7.571670000000000345e-01 -6.532210000000000516e-01 -6.089999999999999494e-04 6.531860000000000444e-01 7.571360000000000312e-01 -9.627000000000000141e-03
1.600000000000000000e+01 2.500000000000000000e+01 7.300000000000000000e+01 0.000000000000000000e+00 1.600000000000000089e+00 1.155600000000000030e-02 1.028500000000000074e-02 9.998799999999999910e-01 7.484790000000000054e-01 -6.631559999999999677e-01 -1.828999999999999897e-03 6.630580000000000362e-01 7.484100000000000197e-01 -1.536099999999999965e-02
2.300000000000000000e+01 2.500000000000000000e+01 7.300000000000000000e+01 0.000000000000000000e+00 1.600000000000000089e+00 -2.583999999999999925e-03 -6.480000000000000300e-04 9.999959999999999960e-01 7.449660000000000171e-01 -6.671010000000000550e-01 1.492999999999999969e-03 6.670970000000000510e-01 7.449670000000000458e-01 2.207000000000000194e-03
2.800000000000000000e+01 2.500000000000000000e+01 7.300000000000000000e+01 0.000000000000000000e+00 1.600000000000000089e+00 -4.780000000000000178e-04 2.413000000000000214e-03 9.999970000000000248e-01 7.441680000000000517e-01 -6.679890000000000549e-01 1.968000000000000131e-03 6.679920000000000302e-01 7.441670000000000229e-01 -1.476000000000000098e-03
4.000000000000000000e+00 4.400000000000000000e+01 7.300000000000000000e+01 0.000000000000000000e+00 1.600000000000000089e+00 1.320999999999999909e-03 2.942999999999999870e-03 9.999949999999999672e-01 5.552499999999999797e-02 -9.984530000000000349e-01 2.864999999999999925e-03 9.984560000000000102e-01 5.552100000000000091e-02 -1.482000000000000027e-03
8.000000000000000000e+00 4.400000000000000000e+01 7.300000000000000000e+01 0.000000000000000000e+00 1.600000000000000089e+00 -2.347000000000000128e-03 -7.360000000000000006e-04 9.999970000000000248e-01 5.357499999999999762e-02 -9.985640000000000072e-01 -6.089999999999999494e-04 9.985610000000000319e-01 5.357300000000000256e-02 2.383000000000000135e-03
1.700000000000000000e+01 4.400000000000000000e+01 7.300000000000000000e+01 0.000000000000000000e+00 1.600000000000000089e+00 -4.714999999999999573e-03 -2.670000000000000064e-03 9.999850000000000128e-01 4.659499999999999753e-02 -9.989109999999999934e-01 -2.448000000000000089e-03 9.989029999999999854e-01 4.658299999999999941e-02 4.833999999999999755e-03
2.200000000000000000e+01 4.400000000000000000e+01 7.300000000000000000e+01 0.000000000000000000e+00 1.600000000000000089e+00 -1.554000000000000043e-03 -3.400000000000000244e-04 9.999989999999999712e-01 4.589599999999999930e-02 -9.989460000000000006e-01 -2.680000000000000090e-04 9.989449999999999719e-01 4.589599999999999930e-02 1.567999999999999949e-03
2.600000000000000000e+01 4.400000000000000000e+01 7.300000000000000000e+01 0.000000000000000000e+00 1.600000000000000089e+00 -6.310000000000000504e-04 -3.663000000000000023e-03 9.999930000000000208e-01 4.592999999999999861e-02 -9.989379999999999926e-01 -3.629999999999999980e-03 9.989440000000000541e-01 4.592700000000000254e-02 7.990000000000000140e-04
3.000000000000000000e+01 4.400000000000000000e+01 7.300000000000000000e+01 0.000000000000000000e+00 1.600000000000000089e+00 -6.049999999999999606e-04 -4.513999999999999783e-03 9.999900000000000455e-01 4.454199999999999826e-02 -9.989970000000000239e-01 -4.483000000000000006e-03 9.990069999999999784e-01 4.453900000000000220e-02 8.059999999999999673e-04
8.000000000000000000e+00 2.500000000000000000e+01 7.400000000000000000e+01 0.000000000000000000e+00 1.600000000000000089e+00 2.552000000000000015e-03 6.858000000000000380e-03 9.999730000000000008e-01 8.301560000000000050e-01 -5.575280000000000236e-01 1.704999999999999918e-03 5.575250000000000483e-01 8.301300000000000345e-01 -7.115999999999999930e-03
4.000000000000000000e+00 5.100000000000000000e+01 7.600000000000000000e+01 0.000000000000000000e+00 1.600000000000000089e+00 -1.139000000000000038e-03 3.699999999999999811e-05 -9.999989999999999712e-01 -4.128089999999999815e-01 -9.108180000000000165e-01 4.369999999999999970e-04 -9.108169999999999877e-01 4.128089999999999815e-01 1.052999999999999900e-03
1.300000000000000000e+01 5.100000000000000000e+01 7.600000000000000000e+01 0.000000000000000000e+00 1.600000000000000089e+00 9.792000000000000356e-03 1.922499999999999903e-02 -9.997669999999999613e-01 -4.124880000000000213e-01 -9.107079999999999620e-01 -2.155299999999999924e-02 -9.109110000000000262e-01 4.126029999999999975e-01 -9.870000000000000301e-04
2.000000000000000000e+00 9.100000000000000000e+01 7.600000000000000000e+01 0.000000000000000000e+00 1.600000000000000089e+00 -9.640000000000000131e-04 1.745999999999999939e-03 9.999980000000000535e-01 3.114689999999999959e-01 -9.502540000000000431e-01 1.959999999999999937e-03 9.502559999999999896e-01 3.114700000000000246e-01 3.719999999999999891e-04
7.000000000000000000e+00 9.100000000000000000e+01 7.600000000000000000e+01 0.000000000000000000e+00 1.600000000000000089e+00 6.170000000000000354e-04 6.049999999999999606e-04 1.000000000000000000e+00 3.138460000000000139e-01 -9.494740000000000402e-01 3.809999999999999910e-04 9.494740000000000402e-01 3.138460000000000139e-01 -7.759999999999999971e-04
1.100000000000000000e+01 9.100000000000000000e+01 7.600000000000000000e+01 0.000000000000000000e+00 1.600000000000000089e+00 9.476000000000000048e-03 9.695999999999999758e-03 9.999080000000000190e-01 3.194520000000000137e-01 -9.475820000000000354e-01 6.160999999999999810e-03 9.475550000000000361e-01 3.193650000000000100e-01 -1.207699999999999919e-02
1.600000000000000000e+01 9.100000000000000000e+01 7.600000000000000000e+01 0.000000000000000000e+00 1.600000000000000089e+00 1.628200000000000133e-02 1.155699999999999956e-02 9.998010000000000508e-01 3.222329999999999917e-01 -9.466430000000000122e-01 5.695000000000000409e-03 9.465200000000000280e-01 3.220759999999999734e-01 -1.913700000000000123e-02
2.600000000000000000e+01 9.100000000000000000e+01 7.600000000000000000e+01 0.000000000000000000e+00 1.600000000000000089e+00 -7.460000000000000268e-04 -3.260000000000000094e-04 1.000000000000000000e+00 3.174989999999999757e-01 -9.482589999999999630e-01 -7.299999999999999903e-05 9.482580000000000453e-01 3.174989999999999757e-01 8.109999999999999805e-04
3.000000000000000000e+00 4.400000000000000000e+01 8.300000000000000000e+01 0.000000000000000000e+00 1.600000000000000089e+00 1.392999999999999924e-03 -4.975000000000000255e-03 9.999869999999999592e-01 5.995730000000000226e-01 -8.003059999999999619e-01 -4.817000000000000101e-03 8.003190000000000026e-01 5.995719999999999938e-01 1.868000000000000086e-03
9.000000000000000000e+00 4.400000000000000000e+01 8.300000000000000000e+01 0.000000000000000000e+00 1.600000000000000089e+00 -1.530000000000000056e-04 1.155999999999999910e-03 9.999989999999999712e-01 5.984469999999999512e-01 -8.011610000000000120e-01 1.018000000000000025e-03 8.011620000000000408e-01 5.984469999999999512e-01 -5.699999999999999772e-04
1.600000000000000000e+01 4.400000000000000000e+01 8.300000000000000000e+01 0.000000000000000000e+00 1.600000000000000089e+00 8.425000000000000197e-03 2.479400000000000007e-02 9.996570000000000178e-01 5.883159999999999501e-01 -8.084900000000000420e-01 1.509399999999999978e-02 8.085869999999999447e-01 5.879870000000000374e-01 -2.139800000000000035e-02
1.900000000000000000e+01 4.400000000000000000e+01 8.300000000000000000e+01 0.000000000000000000e+00 1.600000000000000089e+00 2.919000000000000154e-03 5.594000000000000014e-03 9.999799999999999800e-01 5.868020000000000458e-01 -8.097259999999999458e-01 2.817000000000000060e-03 8.097250000000000281e-01 5.867820000000000258e-01 -5.645999999999999977e-03
2.600000000000000000e+01 4.400000000000000000e+01 8.300000000000000000e+01 0.000000000000000000e+00 1.600000000000000089e+00 8.689999999999999808e-04 -3.710000000000000190e-03 9.999930000000000208e-01 5.938039999999999985e-01 -8.046029999999999571e-01 -3.501000000000000206e-03 8.046100000000000474e-01 5.938020000000000520e-01 1.503999999999999912e-03
2.900000000000000000e+01 4.400000000000000000e+01 8.300000000000000000e+01 0.000000000000000000e+00 1.600000000000000089e+00 4.440000000000000045e-04 -5.518999999999999601e-03 9.999850000000000128e-01 5.948210000000000441e-01 -8.038450000000000317e-01 -4.700000000000000185e-03 8.038579999999999615e-01 5.948139999999999539e-01 2.926000000000000215e-03
1.500000000000000000e+01 1.010000000000000000e+02 8.300000000000000000e+01 0.000000000000000000e+00 1.600000000000000089e+00 1.493000000000000056e-02 3.935400000000000009e-02 9.991139999999999466e-01 9.941419999999999702e-01 1.063889999999999975e-01 -1.904600000000000043e-02 -1.070450000000000013e-01 9.935450000000000115e-01 -3.753499999999999892e-02
2.800000000000000000e+01 4.800000000000000000e+01 8.400000000000000000e+01 0.000000000000000000e+00 1.600000000000000089e+00 -4.475999999999999944e-03 -2.481000000000000132e-03 -9.999869999999999592e-01 -9.478649999999999576e-01 -3.186309999999999976e-01 5.033000000000000147e-03 -3.186399999999999788e-01 9.478750000000000231e-01 -9.259999999999999568e-04
3.000000000000000000e+00 7.700000000000000000e+01 8.400000000000000000e+01 0.000000000000000000e+00 1.600000000000000089e+00 3.001000000000000195e-03 1.347199999999999960e-02 -9.999050000000000438e-01 9.826780000000000515e-01 -1.853229999999999877e-01 4.530000000000000064e-04 -1.852989999999999915e-01 -9.825850000000000417e-01 -1.379499999999999997e-02
1.700000000000000000e+01 7.700000000000000000e+01 8.400000000000000000e+01 0.000000000000000000e+00 1.600000000000000089e+00 1.854799999999999852e-02 1.002839999999999981e-01 -9.947859999999999481e-01 9.835030000000000161e-01 -1.808929999999999982e-01 1.010000000000000020e-04 -1.799389999999999878e-01 -9.783770000000000522e-01 -1.019850000000000062e-01
2.400000000000000000e+01 7.700000000000000000e+01 8.400000000000000000e+01 0.000000000000000000e+00 1.600000000000000089e+00 -5.910000000000000539e-04 1.124400000000000052e-02 -9.999369999999999647e-01 9.854220000000000201e-01 -1.701120000000000132e-01 -2.494999999999999822e-03 -1.701290000000000024e-01 -9.853610000000000424e-01 -1.098000000000000018e-02
6.000000000000000000e+00 1.400000000000000000e+01 8.600000000000000000e+01 0.000000000000000000e+00 1.600000000000000089e+00 -2.802999999999999936e-03 -3.106999999999999953e-03 -9.999909999999999632e-01 1.808530000000000137e-01 9.835040000000000449e-01 -3.563000000000000195e-03 9.835059999999999913e-01 -1.808619999999999950e-01 -2.194999999999999903e-03
4.000000000000000000e+00 1.500000000000000000e+01 8.600000000000000000e+01 0.000000000000000000e+00 1.600000000000000089e+00 -1.978000000000000157e-03 -5.270000000000000162e-04 -9.999980000000000535e-01 1.724499999999999922e-01 9.850179999999999492e-01 -8.599999999999999789e-04 9.850160000000000027e-01 -1.724519999999999942e-01 -1.858000000000000059e-03
9.000000000000000000e+00 1.500000000000000000e+01 8.600000000000000000e+01 0.000000000000000000e+00 1.600000000000000089e+00 -1.552999999999999910e-03 -2.298000000000000129e-03 -9.999959999999999960e-01 1.754910000000000081e-01 9.844779999999999642e-01 -2.534999999999999927e-03 9.844800000000000217e-01 -1.754940000000000111e-01 -1.124999999999999915e-03
1.300000000000000000e+01 1.500000000000000000e+01 8.600000000000000000e+01 0.000000000000000000e+00 1.600000000000000089e+00 7.611999999999999843e-03 1.061800000000000070e-02 -9.999149999999999983e-01 1.770770000000000122e-01 9.841259999999999453e-01 1.179799999999999946e-02 9.841680000000000428e-01 -1.771510000000000029e-01 5.610999999999999668e-03
1.800000000000000000e+01 1.500000000000000000e+01 8.600000000000000000e+01 0.000000000000000000e+00 1.600000000000000089e+00 3.657999999999999793e-03 8.456999999999999240e-03 -9.999580000000000135e-01 1.806879999999999875e-01 9.835000000000000409e-01 8.978999999999999135e-03 9.835340000000000193e-01 -1.807130000000000125e-01 2.069999999999999792e-03
2.400000000000000000e+01 1.500000000000000000e+01 8.600000000000000000e+01 0.000000000000000000e+00 1.600000000000000089e+00 -1.850999999999999998e-03 6.980000000000000093e-03 -9.999740000000000295e-01 1.800410000000000066e-01 9.836369999999999836e-01 6.532999999999999745e-03 9.836570000000000036e-01 -1.800239999999999896e-01 -3.076999999999999874e-03
3.000000000000000000e+01 1.500000000000000000e+01 8.600000000000000000e+01 0.000000000000000000e+00 1.600000000000000089e+00 -5.069999999999999637e-04 -2.047000000000000208e-03 -9.999980000000000535e-01 1.800660000000000038e-01 9.836519999999999708e-01 -2.105000000000000100e-03 9.836540000000000283e-01 -1.800670000000000048e-01 -1.299999999999999886e-04
3.000000000000000000e+00 8.300000000000000000e+01 8.600000000000000000e+01 0.000000000000000000e+00 1.600000000000000089e+00 -2.377999999999999906e-03 1.092000000000000089e-03 9.999970000000000248e-01 -9.999689999999999968e-01 -7.476000000000000006e-03 -2.370000000000000145e-03 7.472999999999999608e-03 -9.999710000000000543e-01 1.110000000000000092e-03
7.000000000000000000e+00 8.300000000000000000e+01 8.600000000000000000e+01 0.000000000000000000e+00 1.600000000000000089e+00 -1.570999999999999914e-03 -3.171000000000000207e-03 9.999940000000000495e-01 -9.999689999999999968e-01 7.659000000000000009e-03 -1.546000000000000065e-03 -7.654000000000000213e-03 -9.999660000000000215e-01 -3.183000000000000065e-03
1.100000000000000000e+01 8.300000000000000000e+01 8.600000000000000000e+01 0.000000000000000000e+00 1.600000000000000089e+00 8.363999999999999907e-03 1.902900000000000078e-02 9.997840000000000060e-01 -9.999200000000000310e-01 9.594000000000000097e-03 8.182000000000000037e-03 -9.435999999999999943e-03 -9.997730000000000228e-01 1.910699999999999898e-02
1.600000000000000000e+01 8.300000000000000000e+01 8.600000000000000000e+01 0.000000000000000000e+00 1.600000000000000089e+00 2.202399999999999844e-02 5.489499999999999935e-02 9.982490000000000530e-01 -9.996530000000000138e-01 1.562699999999999853e-02 2.119599999999999956e-02 -1.443599999999999918e-02 -9.983699999999999797e-01 5.521999999999999825e-02
2.200000000000000000e+01 8.300000000000000000e+01 8.600000000000000000e+01 0.000000000000000000e+00 1.600000000000000089e+00 -3.004000000000000160e-03 1.884999999999999957e-03 9.999940000000000495e-01 -9.998510000000000453e-01 1.700499999999999928e-02 -3.036000000000000070e-03 -1.701000000000000081e-02 -9.998540000000000205e-01 1.833999999999999910e-03
2.600000000000000000e+01 8.300000000000000000e+01 8.600000000000000000e+01 0.000000000000000000e+00 1.600000000000000089e+00 -5.157000000000000126e-03 7.287000000000000074e-03 9.999599999999999600e-01 -9.999460000000000015e-01 9.036000000000000629e-03 -5.223000000000000212e-03 -9.074000000000000468e-03 -9.999329999999999607e-01 7.239999999999999908e-03
1.600000000000000000e+01 1.500000000000000000e+01 9.000000000000000000e+01 0.000000000000000000e+00 1.600000000000000089e+00 1.882100000000000092e-02 2.129500000000000143e-02 9.995960000000000401e-01 1.378679999999999906e-01 -9.902779999999999916e-01 1.849999999999999908e-02 9.902720000000000411e-01 1.374640000000000029e-01 -2.157299999999999843e-02
2.100000000000000000e+01 1.500000000000000000e+01 9.000000000000000000e+01 0.000000000000000000e+00 1.600000000000000089e+00 1.347000000000000107e-03 5.483000000000000027e-03 9.999839999999999840e-01 1.407120000000000037e-01 -9.900369999999999449e-01 5.238999999999999733e-03 9.900499999999999856e-01 1.407019999999999937e-01 -2.105000000000000100e-03
2.600000000000000000e+01 1.500000000000000000e+01 9.000000000000000000e+01 0.000000000000000000e+00 1.600000000000000089e+00 -6.549999999999999833e-04 -2.213000000000000123e-03 9.999970000000000248e-01 1.439759999999999929e-01 -9.895789999999999864e-01 -2.096000000000000207e-03 9.895810000000000439e-01 1.439739999999999909e-01 9.659999999999999533e-04
1.300000000000000000e+01 9.500000000000000000e+01 9.500000000000000000e+01 0.000000000000000000e+00 1.600000000000000089e+00 9.282999999999999585e-03 3.047100000000000156e-02 -9.994929999999999648e-01 8.868500000000000272e-01 4.615179999999999838e-01 2.230700000000000044e-02 4.619639999999999858e-01 -8.866070000000000340e-01 -2.273899999999999880e-02
1.300000000000000000e+01 9.400000000000000000e+01 9.600000000000000000e+01 0.000000000000000000e+00 1.600000000000000089e+00 1.023899999999999984e-02 5.442999999999999922e-02 -9.984650000000000469e-01 9.004029999999999534e-01 4.338119999999999754e-01 3.288200000000000151e-02 4.349350000000000160e-01 -8.993579999999999908e-01 -4.456800000000000345e-02
2.300000000000000000e+01 9.400000000000000000e+01 9.600000000000000000e+01 0.000000000000000000e+00 1.600000000000000089e+00 -3.444000000000000013e-03 8.259000000000000716e-03 -9.999599999999999600e-01 9.001569999999999849e-01 4.355660000000000087e-01 4.970000000000000459e-04 4.355519999999999947e-01 -9.001190000000000024e-01 -8.933999999999999234e-03
6.000000000000000000e+00 3.400000000000000000e+01 1.000000000000000000e+02 0.000000000000000000e+00 1.600000000000000089e+00 3.935799999999999715e-02 -1.386300000000000032e-02 9.991290000000000449e-01 7.221739999999999826e-01 6.914550000000000418e-01 -1.885399999999999923e-02 -6.905909999999999549e-01 7.222870000000000124e-01 3.722600000000000214e-02
1.400000000000000000e+01 3.400000000000000000e+01 1.000000000000000000e+02 0.000000000000000000e+00 1.600000000000000089e+00 8.105800000000000505e-02 3.599399999999999822e-02 9.960590000000000277e-01 7.589409999999999767e-01 6.455760000000000387e-01 -8.509099999999999997e-02 -6.460949999999999749e-01 7.628470000000000528e-01 2.501099999999999851e-02
1.900000000000000000e+01 3.400000000000000000e+01 1.000000000000000000e+02 0.000000000000000000e+00 1.600000000000000089e+00 1.771199999999999858e-02 3.160000000000000048e-03 9.998380000000000045e-01 7.971810000000000285e-01 6.035270000000000357e-01 -1.602900000000000158e-02 -6.034800000000000164e-01 7.973360000000000447e-01 8.170000000000000179e-03
2.900000000000000000e+01 3.400000000000000000e+01 1.000000000000000000e+02 0.000000000000000000e+00 1.600000000000000089e+00 -4.154999999999999839e-03 -5.632999999999999986e-03 9.999759999999999760e-01 7.995290000000000452e-01 6.005909999999999860e-01 6.706000000000000155e-03 -6.006139999999999812e-01 7.995370000000000532e-01 2.007999999999999802e-03
1.600000000000000000e+01 3.800000000000000000e+01 1.000000000000000000e+02 0.000000000000000000e+00 1.600000000000000089e+00 1.297659999999999925e-01 1.717960000000000043e-01 -9.765490000000000004e-01 8.805269999999999486e-01 -4.727870000000000128e-01 3.383300000000000196e-02 -4.558869999999999867e-01 -8.642680000000000362e-01 -2.126230000000000064e-01
6.000000000000000000e+00 4.100000000000000000e+01 1.010000000000000000e+02 0.000000000000000000e+00 1.600000000000000089e+00 -1.297999999999999892e-03 6.105800000000000116e-02 9.981330000000000480e-01 -9.483460000000000223e-01 3.165700000000000180e-01 -2.059899999999999926e-02 -3.172369999999999912e-01 -9.466020000000000545e-01 5.749300000000000244e-02
8.000000000000000000e+00 5.200000000000000000e+01 1.020000000000000000e+02 0.000000000000000000e+00 1.600000000000000089e+00 8.387000000000000358e-03 1.229899999999999917e-02 9.998890000000000278e-01 -9.166170000000000151e-01 3.997560000000000002e-01 2.771000000000000026e-03 -3.996779999999999777e-01 -9.165389999999999926e-01 1.462600000000000011e-02
1.200000000000000000e+01 5.200000000000000000e+01 1.020000000000000000e+02 0.000000000000000000e+00 1.600000000000000089e+00 2.049300000000000080e-02 5.338799999999999796e-02 9.983640000000000292e-01 -9.205989999999999451e-01 3.905029999999999890e-01 -1.985999999999999918e-03 -3.899699999999999833e-01 -9.190519999999999801e-01 5.715100000000000041e-02
2.500000000000000000e+01 5.200000000000000000e+01 1.020000000000000000e+02 0.000000000000000000e+00 1.600000000000000089e+00 1.544999999999999932e-03 1.060400000000000058e-02 9.999430000000000263e-01 -9.200270000000000392e-01 3.918449999999999989e-01 -2.733999999999999885e-03 -3.918519999999999781e-01 -9.199699999999999545e-01 1.036199999999999968e-02
1.600000000000000000e+01 6.900000000000000000e+01 1.030000000000000000e+02 0.000000000000000000e+00 1.600000000000000089e+00 6.354000000000000273e-03 9.720099999999999574e-02 9.952450000000000463e-01 9.985950000000000104e-01 5.173699999999999827e-02 -1.142800000000000066e-02 -5.260200000000000292e-02 9.939189999999999969e-01 -9.673500000000000154e-02
1.000000000000000000e+00 2.100000000000000000e+01 1.090000000000000000e+02 0.000000000000000000e+00 1.600000000000000089e+00 -5.607000000000000005e-03 -8.264000000000000512e-03 9.999500000000000055e-01 -9.611870000000000136e-01 -2.757899999999999796e-01 -7.668999999999999602e-03 2.758390000000000009e-01 -9.611819999999999808e-01 -6.396999999999999909e-03
8.000000000000000000e+00 2.100000000000000000e+01 1.090000000000000000e+02 0.000000000000000000e+00 1.600000000000000089e+00 5.300000000000000078e-05 5.869000000000000085e-03 9.999829999999999552e-01 -9.629180000000000517e-01 -2.697890000000000010e-01 1.634999999999999952e-03 2.697939999999999783e-01 -9.629020000000000357e-01 5.636999999999999650e-03
1.500000000000000000e+01 2.100000000000000000e+01 1.090000000000000000e+02 0.000000000000000000e+00 1.600000000000000089e+00 1.863000000000000073e-03 6.669400000000000328e-02 9.977719999999999922e-01 -9.669670000000000210e-01 -2.542090000000000183e-01 1.879700000000000121e-02 2.548960000000000115e-01 -9.648470000000000102e-01 6.401700000000000446e-02
2.000000000000000000e+01 2.100000000000000000e+01 1.090000000000000000e+02 0.000000000000000000e+00 1.600000000000000089e+00 -1.075999999999999917e-03 6.061999999999999680e-03 9.999810000000000088e-01 -9.675989999999999869e-01 -2.524919999999999942e-01 4.899999999999999842e-04 2.524899999999999922e-01 -9.675799999999999956e-01 6.138000000000000227e-03
2.500000000000000000e+01 2.100000000000000000e+01 1.090000000000000000e+02 0.000000000000000000e+00 1.600000000000000089e+00 -5.701000000000000338e-03 -4.125000000000000194e-03 9.999749999999999472e-01 -9.668060000000000542e-01 -2.554270000000000151e-01 -6.565999999999999788e-03 2.554480000000000084e-01 -9.668200000000000127e-01 -2.531999999999999963e-03
3.000000000000000000e+01 2.100000000000000000e+01 1.090000000000000000e+02 0.000000000000000000e+00 1.600000000000000089e+00 -8.285000000000000697e-03 -1.320999999999999909e-03 9.999649999999999928e-01 -9.671929999999999694e-01 -2.539049999999999918e-01 -8.349000000000000518e-03 2.539069999999999938e-01 -9.672279999999999767e-01 8.260000000000000198e-04
2.100000000000000000e+01 5.300000000000000000e+01 1.100000000000000000e+02 0.000000000000000000e+00 1.600000000000000089e+00 1.149999999999999981e-03 -1.562099999999999947e-02 9.998770000000000158e-01 7.568399999999999572e-01 -6.535060000000000313e-01 -1.107999999999999957e-02 6.535990000000000411e-01 7.567599999999999882e-01 1.107099999999999924e-02
2.200000000000000000e+01 2.800000000000000000e+01 1.120000000000000000e+02 0.000000000000000000e+00 1.600000000000000089e+00 -2.230999999999999910e-03 -8.090000000000000403e-04 -9.999970000000000248e-01 -6.104810000000000514e-01 7.920300000000000118e-01 7.209999999999999612e-04 7.920279999999999543e-01 6.104810000000000514e-01 -2.260999999999999989e-03
2.600000000000000000e+01 2.800000000000000000e+01 1.120000000000000000e+02 0.000000000000000000e+00 1.600000000000000089e+00 -3.846000000000000026e-03 1.953000000000000092e-03 -9.999909999999999632e-01 -6.112049999999999983e-01 7.914619999999999989e-01 3.896000000000000157e-03 7.914630000000000276e-01 6.112149999999999528e-01 -1.850999999999999998e-03
6.000000000000000000e+00 3.200000000000000000e+01 1.160000000000000000e+02 0.000000000000000000e+00 1.600000000000000089e+00 -4.002599999999999908e-02 -9.571999999999999953e-02 9.946030000000000149e-01 -5.213700000000000001e-01 -8.471509999999999874e-01 -1.025110000000000049e-01 8.523920000000000385e-01 -5.226589999999999847e-01 -1.599700000000000080e-02
1.300000000000000000e+01 4.500000000000000000e+01 1.160000000000000000e+02 0.000000000000000000e+00 1.600000000000000089e+00 1.173339999999999939e-01 1.001129999999999937e-01 -9.880339999999999678e-01 -9.664420000000000233e-01 -2.174300000000000122e-01 -1.368010000000000059e-01 -2.285240000000000049e-01 9.709280000000000133e-01 7.124199999999999977e-02
3.000000000000000000e+00 3.000000000000000000e+01 1.180000000000000000e+02 0.000000000000000000e+00 1.600000000000000089e+00 -3.089899999999999938e-02 1.201549999999999979e-01 9.922739999999999894e-01 -6.863160000000000371e-01 -7.242729999999999446e-01 6.633100000000000107e-02 7.266470000000000429e-01 -6.789640000000000120e-01 1.048430000000000056e-01
7.000000000000000000e+00 6.000000000000000000e+00 1.190000000000000000e+02 0.000000000000000000e+00 1.600000000000000089e+00 -2.177000000000000116e-03 -5.581000000000000023e-03 -9.999820000000000375e-01 -5.983150000000000412e-01 8.012550000000000505e-01 -3.168999999999999942e-03 8.012580000000000258e-01 5.982969999999999677e-01 -5.083999999999999977e-03
1.600000000000000000e+01 6.000000000000000000e+00 1.190000000000000000e+02 0.000000000000000000e+00 1.600000000000000089e+00 1.853199999999999986e-02 3.928600000000000148e-02 -9.990560000000000551e-01 -6.147860000000000547e-01 7.884499999999999842e-01 1.959999999999999937e-02 7.884759999999999547e-01 6.138430000000000275e-01 3.876399999999999985e-02
2.000000000000000000e+00 7.000000000000000000e+00 1.200000000000000000e+02 0.000000000000000000e+00 1.600000000000000089e+00 -3.386999999999999820e-03 -1.696000000000000025e-03 -9.999930000000000208e-01 -6.456210000000000004e-01 7.636570000000000302e-01 8.919999999999999978e-04 7.636500000000000510e-01 6.456199999999999717e-01 -3.681999999999999943e-03
1.600000000000000000e+01 7.000000000000000000e+00 1.200000000000000000e+02 0.000000000000000000e+00 1.600000000000000089e+00 1.842299999999999841e-02 4.195399999999999824e-02 -9.989500000000000046e-01 -6.532400000000000428e-01 7.568939999999999557e-01 1.974000000000000060e-02 7.569270000000000165e-01 6.521900000000000475e-01 4.134999999999999787e-02
2.100000000000000000e+01 7.000000000000000000e+00 1.200000000000000000e+02 0.000000000000000000e+00 1.600000000000000089e+00 1.776000000000000018e-03 2.576000000000000165e-03 -9.999949999999999672e-01 -6.588359999999999772e-01 7.522860000000000102e-01 7.680000000000000195e-04 7.522839999999999527e-01 6.588319999999999732e-01 3.033000000000000106e-03
2.400000000000000000e+01 7.000000000000000000e+00 1.200000000000000000e+02 0.000000000000000000e+00 1.600000000000000089e+00 7.820000000000000345e-04 -3.985999999999999960e-03 -9.999919999999999920e-01 -6.586649999999999450e-01 7.524279999999999857e-01 -3.514000000000000196e-03 7.524359999999999937e-01 6.586619999999999697e-01 -2.036000000000000049e-03
1.600000000000000000e+01 1.040000000000000000e+02 1.200000000000000000e+02 0.000000000000000000e+00 1.600000000000000089e+00 3.105000000000000121e-02 4.757299999999999723e-02 9.983849999999999669e-01 5.846219999999999750e-01 -8.110479999999999912e-01 2.046500000000000055e-02 8.107119999999999882e-01 5.830419999999999492e-01 -5.299500000000000044e-02
8.000000000000000000e+00 6.100000000000000000e+01 1.240000000000000000e+02 0.000000000000000000e+00 1.600000000000000089e+00 6.849999999999999535e-04 -1.039299999999999946e-02 -9.999460000000000015e-01 -9.992510000000000003e-01 -3.870699999999999835e-02 -2.820000000000000241e-04 -3.870200000000000029e-02 9.991970000000000018e-01 -1.041199999999999938e-02
2.700000000000000000e+01 6.100000000000000000e+01 1.240000000000000000e+02 0.000000000000000000e+00 1.600000000000000089e+00 -6.481999999999999915e-03 -4.059000000000000108e-03 -9.999710000000000543e-01 -9.995709999999999873e-01 -2.852299999999999974e-02 6.595000000000000168e-03 -2.854900000000000146e-02 9.995849999999999458e-01 -3.872000000000000008e-03
6.000000000000000000e+00 6.200000000000000000e+01 1.240000000000000000e+02 0.000000000000000000e+00 1.600000000000000089e+00 3.678999999999999979e-03 -2.178099999999999828e-02 9.997559999999999780e-01 9.968000000000000194e-01 -7.975599999999999357e-02 -5.406000000000000215e-03 7.985399999999999443e-02 9.965760000000000174e-01 2.141799999999999954e-02
1.600000000000000000e+01 6.200000000000000000e+01 1.240000000000000000e+02 0.000000000000000000e+00 1.600000000000000089e+00 6.210000000000000242e-03 5.252300000000000024e-02 9.986000000000000432e-01 9.978299999999999947e-01 -6.578799999999999926e-02 -2.745000000000000044e-03 6.555199999999999916e-02 9.964499999999999469e-01 -5.281700000000000284e-02
1.300000000000000000e+01 3.600000000000000000e+01 1.260000000000000000e+02 0.000000000000000000e+00 1.600000000000000089e+00 -2.227419999999999956e-01 9.748769999999999936e-01 -2.369999999999999874e-04 -8.258109999999999618e-01 -1.885539999999999994e-01 5.314910000000000467e-01 5.180940000000000545e-01 1.185810000000000058e-01 8.470640000000000391e-01
3.000000000000000000e+00 2.000000000000000000e+01 1.270000000000000000e+02 0.000000000000000000e+00 1.600000000000000089e+00 3.209999999999999963e-04 -1.046999999999999971e-03 -9.999989999999999712e-01 8.148670000000000080e-01 -5.796470000000000233e-01 8.689999999999999808e-04 -5.796470000000000233e-01 -8.148670000000000080e-01 6.669999999999999497e-04
1.200000000000000000e+01 2.000000000000000000e+01 1.270000000000000000e+02 0.000000000000000000e+00 1.600000000000000089e+00 2.269999999999999882e-03 1.968800000000000064e-02 -9.998040000000000260e-01 8.155679999999999596e-01 -5.785829999999999584e-01 -9.542000000000000134e-03 -5.786569999999999769e-01 -8.153860000000000552e-01 -1.737000000000000002e-02
1.700000000000000000e+01 2.000000000000000000e+01 1.270000000000000000e+02 0.000000000000000000e+00 1.600000000000000089e+00 5.420000000000000338e-03 1.404099999999999966e-02 -9.998869999999999703e-01 8.122570000000000068e-01 -5.832880000000000287e-01 -3.788000000000000134e-03 -5.832749999999999879e-01 -8.121439999999999770e-01 -1.456600000000000082e-02
2.300000000000000000e+01 2.000000000000000000e+01 1.270000000000000000e+02 0.000000000000000000e+00 1.600000000000000089e+00 -9.790000000000000525e-04 1.382999999999999898e-03 -9.999989999999999712e-01 8.115569999999999729e-01 -5.842720000000000136e-01 -1.603000000000000041e-03 -5.842730000000000423e-01 -8.115569999999999729e-01 -5.500000000000000331e-04
3.000000000000000000e+01 2.000000000000000000e+01 1.270000000000000000e+02 0.000000000000000000e+00 1.600000000000000089e+00 -2.036000000000000049e-03 1.029999999999999964e-04 -9.999980000000000535e-01 8.109340000000000437e-01 -5.851349999999999607e-01 -1.711000000000000064e-03 -5.851340000000000430e-01 -8.109359999999999902e-01 1.108000000000000044e-03
1.600000000000000000e+01 4.200000000000000000e+01 1.290000000000000000e+02 0.000000000000000000e+00 1.600000000000000089e+00 2.728340000000000209e-01 9.587930000000000064e-01 7.923199999999999688e-02 -9.512749999999999817e-01 2.565609999999999835e-01 1.710299999999999876e-01 1.436550000000000049e-01 -1.220340000000000036e-01 9.820750000000000313e-01
4.000000000000000000e+00 3.600000000000000000e+01 1.370000000000000000e+02 0.000000000000000000e+00 1.600000000000000089e+00 -9.300000000000000541e-04 5.536000000000000122e-03 9.999839999999999840e-01 5.911560000000000148e-01 8.065480000000000427e-01 -3.916000000000000210e-03 -8.065569999999999684e-01 5.911429999999999740e-01 -4.022999999999999667e-03
5.000000000000000000e+00 4.300000000000000000e+01 1.380000000000000000e+02 0.000000000000000000e+00 1.600000000000000089e+00 -8.909000000000000252e-03 -1.246300000000000012e-02 9.998829999999999663e-01 -6.676919999999999522e-01 -7.442819999999999991e-01 -1.522599999999999995e-02 7.443840000000000456e-01 -6.677499999999999547e-01 -1.691000000000000012e-03
9.000000000000000000e+00 4.300000000000000000e+01 1.380000000000000000e+02 0.000000000000000000e+00 1.600000000000000089e+00 -5.614000000000000067e-03 -5.484000000000000159e-03 9.999689999999999968e-01 -6.701279999999999459e-01 -7.422039999999999749e-01 -7.832000000000000420e-03 7.422239999999999949e-01 -6.701519999999999699e-01 4.920000000000000328e-04
4.000000000000000000e+00 4.400000000000000000e+01 1.390000000000000000e+02 0.000000000000000000e+00 1.600000000000000089e+00 -9.808000000000000745e-03 -8.222999999999999407e-03 9.999179999999999735e-01 -7.885060000000000402e-01 -6.148940000000000516e-01 -1.279100000000000029e-02 6.149480000000000501e-01 -7.885670000000000179e-01 -4.530000000000000064e-04
2.200000000000000000e+01 4.400000000000000000e+01 1.390000000000000000e+02 0.000000000000000000e+00 1.600000000000000089e+00 -4.270000000000000358e-03 -4.546999999999999827e-03 9.999810000000000088e-01 -7.942150000000000043e-01 -6.076059999999999794e-01 -6.153999999999999748e-03 6.076219999999999954e-01 -7.942259999999999875e-01 -1.016999999999999892e-03
2.500000000000000000e+01 4.400000000000000000e+01 1.390000000000000000e+02 0.000000000000000000e+00 1.600000000000000089e+00 -5.381000000000000366e-03 -4.343999999999999771e-03 9.999759999999999760e-01 -7.983010000000000383e-01 -6.022189999999999488e-01 -6.911999999999999741e-03 6.022340000000000471e-01 -7.983190000000000008e-01 -2.269999999999999882e-04
3.000000000000000000e+00 2.300000000000000000e+01 1.400000000000000000e+02 0.000000000000000000e+00 1.600000000000000089e+00 6.939999999999999555e-04 1.886000000000000090e-03 -9.999980000000000535e-01 3.641220000000000012e-01 9.313489999999999824e-01 2.010000000000000068e-03 9.313510000000000399e-01 -3.641229999999999745e-01 -4.000000000000000327e-05
5.000000000000000000e+00 2.300000000000000000e+01 1.400000000000000000e+02 0.000000000000000000e+00 1.600000000000000089e+00 -1.955999999999999839e-03 1.930000000000000021e-04 -9.999980000000000535e-01 3.616849999999999787e-01 9.323000000000000176e-01 -5.270000000000000162e-04 9.322979999999999601e-01 -3.616849999999999787e-01 -1.892999999999999934e-03
2.600000000000000000e+01 2.700000000000000000e+01 1.410000000000000000e+02 0.000000000000000000e+00 1.600000000000000089e+00 -1.626000000000000058e-03 -4.727000000000000299e-03 -9.999879999999999880e-01 5.003099999999999908e-02 -9.987369999999999859e-01 4.640000000000000027e-03 -9.987460000000000226e-01 -5.002299999999999802e-02 1.860000000000000108e-03
3.000000000000000000e+01 2.700000000000000000e+01 1.410000000000000000e+02 0.000000000000000000e+00 1.600000000000000089e+00 -1.559000000000000056e-03 -4.870000000000000197e-04 -9.999989999999999712e-01 5.319999999999999729e-02 -9.985840000000000272e-01 4.029999999999999837e-04 -9.985829999999999984e-01 -5.319900000000000323e-02 1.582000000000000073e-03
2.000000000000000000e+00 3.900000000000000000e+01 1.420000000000000000e+02 0.000000000000000000e+00 1.600000000000000089e+00 3.469999999999999777e-04 -7.119999999999999593e-04 -1.000000000000000000e+00 4.279149999999999898e-01 -9.038190000000000390e-01 7.919999999999999523e-04 -9.038190000000000390e-01 -4.279149999999999898e-01 -9.000000000000000228e-06
5.000000000000000000e+00 3.900000000000000000e+01 1.420000000000000000e+02 0.000000000000000000e+00 1.600000000000000089e+00 -8.909999999999999734e-04 -5.199999999999999544e-04 -9.999989999999999712e-01 4.294740000000000224e-01 -9.030789999999999651e-01 8.700000000000000051e-05 -9.030789999999999651e-01 -4.294729999999999936e-01 1.028000000000000051e-03
1.400000000000000000e+01 3.900000000000000000e+01 1.420000000000000000e+02 0.000000000000000000e+00 1.600000000000000089e+00 -2.994999999999999832e-03 7.352799999999999614e-02 -9.972889999999999810e-01 4.286860000000000115e-01 -9.009129999999999638e-01 -6.771000000000000629e-02 -9.034489999999999466e-01 -4.277270000000000238e-01 -2.882200000000000040e-02
2.000000000000000000e+01 3.900000000000000000e+01 1.420000000000000000e+02 0.000000000000000000e+00 1.600000000000000089e+00 1.090000000000000067e-04 4.722999999999999768e-03 -9.999890000000000168e-01 4.165030000000000121e-01 -9.091249999999999609e-01 -4.249000000000000173e-03 -9.091350000000000264e-01 -4.164970000000000061e-01 -2.066000000000000128e-03
2.400000000000000000e+01 3.900000000000000000e+01 1.420000000000000000e+02 0.000000000000000000e+00 1.600000000000000089e+00 1.379999999999999933e-04 0.000000000000000000e+00 -1.000000000000000000e+00 4.171670000000000100e-01 -9.088300000000000267e-01 5.700000000000000314e-05 -9.088300000000000267e-01 -4.171670000000000100e-01 -1.250000000000000026e-04
2.000000000000000000e+00 1.020000000000000000e+02 1.530000000000000000e+02 0.000000000000000000e+00 1.600000000000000089e+00 -7.860599999999999532e-02 1.144999999999999967e-03 -9.969050000000000411e-01 7.127390000000000114e-01 6.992380000000000262e-01 -5.539600000000000080e-02 6.970110000000000472e-01 -7.148879999999999679e-01 -5.578099999999999725e-02
1.900000000000000000e+01 1.060000000000000000e+02 1.570000000000000000e+02 0.000000000000000000e+00 1.600000000000000089e+00 -1.466000000000000072e-03 1.255000000000000039e-03 -9.999980000000000535e-01 9.858200000000000296e-01 -1.677960000000000007e-01 -1.655999999999999920e-03 -1.677980000000000027e-01 -9.858209999999999473e-01 -9.909999999999999105e-04
4.000000000000000000e+00 2.000000000000000000e+00 1.580000000000000000e+02 0.000000000000000000e+00 1.600000000000000089e+00 -2.518999999999999972e-03 1.119700000000000036e-02 -9.999339999999999895e-01 1.593899999999999831e-02 -9.998099999999999765e-01 -1.123599999999999946e-02 -9.998700000000000365e-01 -1.596699999999999856e-02 2.340000000000000066e-03
2.000000000000000000e+01 4.200000000000000000e+01 1.580000000000000000e+02 0.000000000000000000e+00 1.600000000000000089e+00 6.949999999999999798e-04 2.148999999999999869e-03 9.999970000000000248e-01 8.449170000000000291e-01 5.348950000000000093e-01 -1.737000000000000046e-03 -5.348979999999999846e-01 8.449160000000000004e-01 -1.443999999999999971e-03
2.400000000000000000e+01 4.200000000000000000e+01 1.580000000000000000e+02 0.000000000000000000e+00 1.600000000000000089e+00 -3.170000000000000075e-04 -6.091000000000000060e-03 9.999810000000000088e-01 8.381779999999999786e-01 5.453850000000000087e-01 3.588000000000000043e-03 -5.453970000000000207e-01 8.381629999999999914e-01 4.931999999999999752e-03
7.000000000000000000e+00 8.200000000000000000e+01 1.650000000000000000e+02 0.000000000000000000e+00 1.600000000000000089e+00 -5.924999999999999711e-03 -2.706499999999999878e-02 9.996159999999999490e-01 -9.583249999999999824e-01 2.856719999999999815e-01 2.053999999999999836e-03 -2.856179999999999830e-01 -9.579450000000000465e-01 -2.762900000000000078e-02
1.900000000000000000e+01 1.080000000000000000e+02 1.650000000000000000e+02 0.000000000000000000e+00 1.600000000000000089e+00 -1.528000000000000061e-03 3.288999999999999823e-03 9.999930000000000208e-01 -7.773069999999999702e-01 6.291130000000000333e-01 -3.256999999999999913e-03 -6.291200000000000125e-01 -7.773069999999999702e-01 1.595999999999999979e-03
6.000000000000000000e+00 1.010000000000000000e+02 1.700000000000000000e+02 0.000000000000000000e+00 1.600000000000000089e+00 -5.006249999999999867e-01 -8.608010000000000383e-01 -9.163799999999999724e-02 -8.596620000000000372e-01 4.819160000000000110e-01 1.695230000000000070e-01 -1.017630000000000062e-01 1.636450000000000127e-01 -9.812570000000000459e-01
1.300000000000000000e+01 1.010000000000000000e+02 1.700000000000000000e+02 0.000000000000000000e+00 1.600000000000000089e+00 8.656999999999999765e-03 8.555000000000000104e-03 9.999259999999999815e-01 -9.685840000000000005e-01 2.486079999999999957e-01 6.258999999999999807e-03 -2.485360000000000069e-01 -9.685660000000000380e-01 1.043799999999999936e-02
2.200000000000000000e+01 1.010000000000000000e+02 1.700000000000000000e+02 0.000000000000000000e+00 1.600000000000000089e+00 -2.539000000000000024e-03 -5.205999999999999690e-03 9.999829999999999552e-01 -9.702269999999999506e-01 2.421939999999999926e-01 -1.203000000000000076e-03 -2.421840000000000104e-01 -9.702140000000000208e-01 -5.664999999999999897e-03
2.800000000000000000e+01 1.010000000000000000e+02 1.700000000000000000e+02 0.000000000000000000e+00 1.600000000000000089e+00 -1.415000000000000025e-03 -6.128999999999999899e-03 9.999799999999999800e-01 -9.706590000000000495e-01 2.404620000000000091e-01 1.000000000000000048e-04 -2.404580000000000051e-01 -9.706390000000000295e-01 -6.289999999999999584e-03
1.600000000000000000e+01 3.700000000000000000e+01 1.730000000000000000e+02 0.000000000000000000e+00 1.600000000000000089e+00 7.697199999999999875e-02 6.673099999999999865e-02 9.947979999999999601e-01 9.297779999999999934e-01 -3.650499999999999856e-01 -4.745300000000000212e-02 3.599840000000000262e-01 9.285930000000000017e-01 -9.014400000000000190e-02
2.300000000000000000e+01 3.700000000000000000e+01 1.730000000000000000e+02 0.000000000000000000e+00 1.600000000000000089e+00 -2.330399999999999833e-02 4.420999999999999583e-03 9.997190000000000243e-01 9.509459999999999580e-01 -3.084600000000000120e-01 2.353200000000000083e-02 3.084779999999999744e-01 9.512270000000000447e-01 2.984000000000000107e-03
1.600000000000000000e+01 9.800000000000000000e+01 1.730000000000000000e+02 0.000000000000000000e+00 1.600000000000000089e+00 6.975000000000000297e-03 1.942800000000000082e-02 -9.997869999999999813e-01 9.819729999999999848e-01 -1.889959999999999973e-01 3.177999999999999835e-03 -1.888940000000000063e-01 -9.817860000000000475e-01 -2.039600000000000093e-02
2.000000000000000000e+01 9.800000000000000000e+01 1.730000000000000000e+02 0.000000000000000000e+00 1.600000000000000089e+00 -1.427000000000000100e-03 -6.416999999999999961e-03 -9.999780000000000335e-01 9.819590000000000263e-01 -1.890959999999999863e-01 -1.879999999999999890e-04 -1.890910000000000091e-01 -9.819379999999999775e-01 6.570999999999999584e-03
2.700000000000000000e+01 9.800000000000000000e+01 1.730000000000000000e+02 0.000000000000000000e+00 1.600000000000000089e+00 -2.909000000000000127e-03 -1.547199999999999964e-02 -9.998759999999999870e-01 9.835509999999999531e-01 -1.806329999999999880e-01 -6.600000000000000506e-05 -1.806089999999999918e-01 -9.834289999999999976e-01 1.574300000000000005e-02
1.900000000000000000e+01 5.800000000000000000e+01 1.750000000000000000e+02 0.000000000000000000e+00 1.600000000000000089e+00 3.592000000000000141e-03 1.280000000000000105e-03 -9.999930000000000208e-01 -2.477850000000000052e-01 -9.688130000000000353e-01 -2.129999999999999949e-03 -9.688080000000000025e-01 2.477910000000000112e-01 -3.163000000000000013e-03
6.000000000000000000e+00 9.400000000000000000e+01 1.750000000000000000e+02 0.000000000000000000e+00 1.600000000000000089e+00 7.081999999999999407e-02 8.263679999999999914e-01 5.586590000000000167e-01 9.561509999999999732e-01 1.033219999999999972e-01 -2.740420000000000078e-01 -2.841810000000000169e-01 5.535710000000000353e-01 -7.828159999999999563e-01
1.000000000000000000e+01 9.500000000000000000e+01 1.750000000000000000e+02 0.000000000000000000e+00 1.600000000000000089e+00 -4.105000000000000315e-02 -8.339419999999999611e-01 5.503240000000000354e-01 9.668870000000000520e-01 1.056959999999999983e-01 2.322899999999999965e-01 -2.518830000000000235e-01 5.416360000000000063e-01 8.019880000000000342e-01
7.000000000000000000e+00 9.900000000000000000e+01 1.870000000000000000e+02 0.000000000000000000e+00 1.600000000000000089e+00 7.693799999999999528e-01 -6.317540000000000378e-01 9.456199999999999328e-02 6.038970000000000171e-01 6.710800000000000098e-01 -4.300700000000000078e-01 2.082400000000000084e-01 3.879929999999999768e-01 8.978289999999999882e-01
9.000000000000000000e+00 1.050000000000000000e+02 1.870000000000000000e+02 0.000000000000000000e+00 1.600000000000000089e+00 5.369899999999999674e-02 7.931770000000000209e-01 -6.066190000000000193e-01 9.338809999999999611e-01 1.751850000000000074e-01 3.117300000000000071e-01 3.535280000000000089e-01 -5.832500000000000462e-01 -7.313260000000000316e-01
2.000000000000000000e+00 1.090000000000000000e+02 1.870000000000000000e+02 0.000000000000000000e+00 1.600000000000000089e+00 9.729500000000000648e-02 -1.046700000000000061e-02 -9.952010000000000023e-01 6.181159999999999988e-01 -7.830819999999999448e-01 6.866600000000000481e-02 -7.800420000000000131e-01 -6.218310000000000226e-01 -6.972000000000000419e-02
8.000000000000000000e+00 3.200000000000000000e+01 1.900000000000000000e+02 0.000000000000000000e+00 1.600000000000000089e+00 3.092999999999999829e-03 1.429300000000000015e-02 9.998930000000000318e-01 4.865780000000000105e-01 -8.735680000000000112e-01 1.098200000000000044e-02 8.736319999999999641e-01 4.864919999999999800e-01 -9.655999999999999653e-03
1.100000000000000000e+01 3.200000000000000000e+01 1.900000000000000000e+02 0.000000000000000000e+00 1.600000000000000089e+00 1.177199999999999948e-02 4.092300000000000104e-02 9.990930000000000089e-01 4.832600000000000229e-01 -8.749580000000000135e-01 3.014400000000000066e-02 8.753980000000000095e-01 4.824669999999999792e-01 -3.007699999999999957e-02
2.800000000000000000e+01 3.200000000000000000e+01 1.900000000000000000e+02 0.000000000000000000e+00 1.600000000000000089e+00 5.877000000000000279e-03 -2.238700000000000065e-02 9.997319999999999540e-01 4.741969999999999796e-01 -8.801309999999999967e-01 -2.249599999999999864e-02 8.803990000000000427e-01 4.742020000000000124e-01 5.442999999999999922e-03
1.100000000000000000e+01 9.100000000000000000e+01 1.930000000000000000e+02 0.000000000000000000e+00 1.600000000000000089e+00 -9.726759999999999851e-01 -9.036900000000000488e-02 -2.138559999999999905e-01 -1.447509999999999908e-01 9.562329999999999997e-01 2.542940000000000200e-01 1.815160000000000107e-01 2.783010000000000206e-01 -9.431859999999999689e-01
4.000000000000000000e+00 1.500000000000000000e+01 3.000000000000000000e+00 0.000000000000000000e+00 2.015874000000000166e+00 -4.350000000000000026e-04 5.836000000000000042e-03 9.999829999999999552e-01 2.142670000000000130e-01 -9.767580000000000151e-01 5.793999999999999671e-03 9.767749999999999488e-01 2.142660000000000120e-01 -8.260000000000000198e-04
1.200000000000000000e+01 1.500000000000000000e+01 3.000000000000000000e+00 0.000000000000000000e+00 2.015874000000000166e+00 2.270300000000000096e-02 -5.029900000000000343e-02 9.984760000000000302e-01 2.104930000000000134e-01 -9.761050000000000004e-01 -5.395799999999999902e-02 9.773319999999999785e-01 2.113970000000000016e-01 -1.157299999999999995e-02
2.800000000000000000e+01 1.200000000000000000e+01 4.000000000000000000e+00 0.000000000000000000e+00 2.015874000000000166e+00 -4.292999999999999941e-03 5.546999999999999847e-03 9.999749999999999472e-01 2.110569999999999946e-01 -9.774530000000000163e-01 6.328000000000000291e-03 9.774639999999999995e-01 2.110789999999999889e-01 3.026000000000000044e-03
5.000000000000000000e+00 3.000000000000000000e+00 6.000000000000000000e+00 0.000000000000000000e+00 2.015874000000000166e+00 -6.419999999999999925e-04 -3.906000000000000184e-03 9.999919999999999920e-01 2.333459999999999979e-01 -9.723870000000000013e-01 -3.648000000000000201e-03 9.723939999999999806e-01 2.333409999999999929e-01 1.534999999999999906e-03
1.000000000000000000e+01 3.000000000000000000e+00 6.000000000000000000e+00 0.000000000000000000e+00 2.015874000000000166e+00 -1.278800000000000076e-02 8.274000000000000105e-03 9.998839999999999950e-01 2.407970000000000110e-01 -9.705120000000000413e-01 1.111099999999999935e-02 9.704909999999999926e-01 2.409109999999999863e-01 1.041899999999999944e-02
1.700000000000000000e+01 2.700000000000000000e+01 8.000000000000000000e+00 0.000000000000000000e+00 2.015874000000000166e+00 2.225399999999999948e-02 1.114040000000000030e-01 -9.935260000000000202e-01 3.074819999999999776e-01 9.448400000000000132e-01 1.128320000000000017e-01 9.512939999999999729e-01 -3.080030000000000268e-01 -1.322899999999999944e-02
2.500000000000000000e+01 2.700000000000000000e+01 8.000000000000000000e+00 0.000000000000000000e+00 2.015874000000000166e+00 -9.909999999999999105e-04 -3.591000000000000008e-03 -9.999930000000000208e-01 3.010059999999999958e-01 9.536149999999999904e-01 -3.722000000000000048e-03 9.536219999999999697e-01 -3.010079999999999978e-01 1.359999999999999989e-04
7.000000000000000000e+00 2.800000000000000000e+01 8.000000000000000000e+00 0.000000000000000000e+00 2.015874000000000166e+00 9.380000000000000317e-04 5.839999999999999705e-03 -9.999829999999999552e-01 2.919809999999999905e-01 9.564059999999999784e-01 5.858999999999999625e-03 9.564240000000000519e-01 -2.919809999999999905e-01 -8.080000000000000160e-04
1.600000000000000000e+01 1.000000000000000000e+00 9.000000000000000000e+00 0.000000000000000000e+00 2.015874000000000166e+00 -1.494540000000000035e-01 -5.920659999999999812e-01 -7.919100000000000028e-01 3.227470000000000061e-01 7.278259999999999730e-01 -6.050649999999999640e-01 9.346109999999999696e-01 -3.460159999999999902e-01 8.231199999999999628e-02
1.700000000000000000e+01 1.000000000000000000e+00 1.000000000000000000e+01 0.000000000000000000e+00 2.015874000000000166e+00 -1.510529999999999928e-01 -5.167800000000000171e-01 -8.426869999999999639e-01 3.332109999999999794e-01 7.759610000000000118e-01 -5.355889999999999818e-01 9.306740000000000013e-01 -3.616949999999999887e-01 5.498600000000000015e-02
1.300000000000000000e+01 1.200000000000000000e+01 1.000000000000000000e+01 0.000000000000000000e+00 2.015874000000000166e+00 -3.482500000000000179e-02 -4.662999999999999784e-02 -9.983049999999999979e-01 -5.052039999999999864e-01 -8.610590000000000188e-01 5.784299999999999858e-02 -8.622969999999999802e-01 5.063619999999999788e-01 6.428999999999999819e-03
1.200000000000000000e+01 4.000000000000000000e+00 1.200000000000000000e+01 0.000000000000000000e+00 2.015874000000000166e+00 4.694000000000000256e-03 -4.505049999999999888e-01 8.927619999999999445e-01 -1.106199999999999961e-01 8.870580000000000132e-01 4.482090000000000241e-01 -9.938519999999999577e-01 -1.008610000000000062e-01 -4.567100000000000326e-02
2.000000000000000000e+01 7.000000000000000000e+00 1.200000000000000000e+01 0.000000000000000000e+00 2.015874000000000166e+00 9.969000000000000430e-03 -1.162679999999999964e-01 9.931680000000000508e-01 -4.376260000000000150e-01 8.925400000000000000e-01 1.088800000000000046e-01 -8.991019999999999568e-01 -4.357219999999999982e-01 -4.198400000000000049e-02
7.000000000000000000e+00 1.300000000000000000e+01 1.500000000000000000e+01 0.000000000000000000e+00 2.015874000000000166e+00 -8.379999999999999862e-04 -3.379999999999999758e-04 -1.000000000000000000e+00 -4.021759999999999780e-01 -9.155619999999999870e-01 6.459999999999999814e-04 -9.155619999999999870e-01 4.021759999999999780e-01 6.319999999999999663e-04
1.900000000000000000e+01 3.700000000000000000e+01 2.100000000000000000e+01 0.000000000000000000e+00 2.015874000000000166e+00 -2.219000000000000052e-03 -4.119000000000000265e-03 -9.999890000000000168e-01 -6.779330000000000078e-01 -7.351100000000000412e-01 4.532999999999999703e-03 -7.351199999999999957e-01 6.779359999999999831e-01 -1.160999999999999923e-03
2.500000000000000000e+01 3.700000000000000000e+01 2.100000000000000000e+01 0.000000000000000000e+00 2.015874000000000166e+00 1.769999999999999926e-04 -2.687999999999999851e-03 -9.999959999999999960e-01 -6.738079999999999625e-01 -7.389040000000000052e-01 1.866999999999999953e-03 -7.389069999999999805e-01 6.738049999999999873e-01 -1.941000000000000017e-03
1.700000000000000000e+01 4.500000000000000000e+01 2.200000000000000000e+01 0.000000000000000000e+00 2.015874000000000166e+00 9.875999999999999363e-03 8.590000000000000413e-03 -9.999139999999999695e-01 9.800250000000000350e-01 1.985480000000000023e-01 1.138499999999999929e-02 1.986290000000000000e-01 -9.800529999999999520e-01 -6.458000000000000199e-03
1.300000000000000000e+01 4.400000000000000000e+01 2.600000000000000000e+01 0.000000000000000000e+00 2.015874000000000166e+00 1.124900000000000032e-02 1.208299999999999999e-02 -9.998639999999999750e-01 7.611620000000000053e-01 6.483539999999999859e-01 1.639900000000000038e-02 6.484640000000000404e-01 -7.612430000000000030e-01 -1.904000000000000093e-03
2.700000000000000000e+01 4.900000000000000000e+01 3.100000000000000000e+01 0.000000000000000000e+00 2.015874000000000166e+00 -7.399999999999999623e-05 -1.759999999999999954e-04 1.000000000000000000e+00 -1.076200000000000073e-02 9.999419999999999975e-01 1.749999999999999982e-04 -9.999419999999999975e-01 -1.076200000000000073e-02 -7.600000000000000418e-05
3.000000000000000000e+00 4.800000000000000000e+01 3.600000000000000000e+01 0.000000000000000000e+00 2.015874000000000166e+00 -2.559999999999999884e-04 2.281000000000000041e-03 -9.999970000000000248e-01 3.528140000000000165e-01 -9.356910000000000505e-01 -2.223999999999999849e-03 -9.356940000000000257e-01 -3.528129999999999877e-01 -5.649999999999999641e-04
1.300000000000000000e+01 6.100000000000000000e+01 4.000000000000000000e+01 0.000000000000000000e+00 2.015874000000000166e+00 -3.041999999999999999e-03 1.834500000000000020e-02 9.998270000000000213e-01 -2.575899999999999856e-01 -9.661060000000000203e-01 1.694299999999999973e-02 9.662500000000000533e-01 -2.574940000000000007e-01 7.663999999999999806e-03
8.000000000000000000e+00 2.500000000000000000e+01 4.700000000000000000e+01 0.000000000000000000e+00 2.015874000000000166e+00 1.886000000000000090e-03 1.530000000000000056e-04 -9.999980000000000535e-01 1.190380000000000049e-01 9.928900000000000503e-01 3.770000000000000022e-04 9.928879999999999928e-01 -1.190380000000000049e-01 1.853999999999999962e-03
1.300000000000000000e+01 2.500000000000000000e+01 4.700000000000000000e+01 0.000000000000000000e+00 2.015874000000000166e+00 9.169999999999999332e-03 1.685800000000000146e-02 -9.998160000000000380e-01 1.114519999999999955e-01 9.936110000000000220e-01 1.777499999999999913e-02 9.937279999999999447e-01 -1.115949999999999998e-01 7.231999999999999713e-03
4.000000000000000000e+00 6.900000000000000000e+01 4.800000000000000000e+01 0.000000000000000000e+00 2.015874000000000166e+00 -1.569000000000000082e-03 2.700000000000000035e-04 -9.999989999999999712e-01 -7.931930000000000369e-01 -6.089689999999999825e-01 1.080000000000000014e-03 -6.089679999999999538e-01 7.931939999999999547e-01 1.170000000000000033e-03
8.000000000000000000e+00 6.900000000000000000e+01 4.800000000000000000e+01 0.000000000000000000e+00 2.015874000000000166e+00 6.740000000000000114e-04 1.115400000000000072e-02 -9.999379999999999935e-01 -7.926830000000000265e-01 -6.095899999999999652e-01 -7.333000000000000108e-03 -6.096329999999999805e-01 7.926389999999999825e-01 8.430999999999999259e-03
1.700000000000000000e+01 6.900000000000000000e+01 4.800000000000000000e+01 0.000000000000000000e+00 2.015874000000000166e+00 3.560999999999999929e-03 3.919299999999999867e-02 -9.992250000000000298e-01 -7.925910000000000455e-01 -6.091680000000000428e-01 -2.671799999999999869e-02 -6.097439999999999527e-01 7.920719999999999983e-01 2.889500000000000055e-02
2.300000000000000000e+01 6.900000000000000000e+01 4.800000000000000000e+01 0.000000000000000000e+00 2.015874000000000166e+00 1.343999999999999926e-03 6.372000000000000060e-03 -9.999789999999999512e-01 -7.925459999999999727e-01 -6.097930000000000295e-01 -4.950999999999999672e-03 -6.098109999999999919e-01 7.925349999999999895e-01 4.230000000000000253e-03
7.000000000000000000e+00 1.600000000000000000e+01 5.200000000000000000e+01 0.000000000000000000e+00 2.015874000000000166e+00 -6.030000000000000204e-04 7.470000000000000511e-04 -1.000000000000000000e+00 7.283979999999999899e-01 6.851549999999999585e-01 7.299999999999999903e-05 6.851540000000000408e-01 -7.283969999999999612e-01 -9.569999999999999514e-04
1.300000000000000000e+01 1.600000000000000000e+01 5.200000000000000000e+01 0.000000000000000000e+00 2.015874000000000166e+00 4.813999999999999703e-03 2.389799999999999910e-02 -9.997030000000000083e-01 7.290210000000000301e-01 6.842030000000000056e-01 1.986699999999999924e-02 6.844740000000000268e-01 -7.288999999999999924e-01 -1.412799999999999993e-02
8.000000000000000000e+00 6.300000000000000000e+01 5.300000000000000000e+01 0.000000000000000000e+00 2.015874000000000166e+00 -5.720000000000000258e-04 7.078000000000000090e-03 9.999749999999999472e-01 -5.187810000000000477e-01 8.548839999999999772e-01 -6.347000000000000211e-03 -8.549069999999999725e-01 -5.187709999999999821e-01 3.183000000000000065e-03
1.700000000000000000e+01 6.300000000000000000e+01 5.300000000000000000e+01 0.000000000000000000e+00 2.015874000000000166e+00 1.943000000000000066e-03 2.305499999999999911e-02 9.997319999999999540e-01 -5.172269999999999923e-01 8.556439999999999602e-01 -1.872700000000000059e-02 -8.558459999999999956e-01 -5.170519999999999561e-01 1.358700000000000012e-02
2.600000000000000000e+01 6.300000000000000000e+01 5.300000000000000000e+01 0.000000000000000000e+00 2.015874000000000166e+00 -1.529999999999999893e-03 4.066000000000000170e-03 9.999909999999999632e-01 -5.113680000000000447e-01 8.593509999999999760e-01 -4.277000000000000419e-03 -8.593600000000000128e-01 -5.113699999999999912e-01 7.649999999999999465e-04
1.000000000000000000e+00 5.700000000000000000e+01 6.000000000000000000e+01 0.000000000000000000e+00 2.015874000000000166e+00 3.943000000000000324e-03 7.428999999999999840e-03 -9.999649999999999928e-01 4.705909999999999815e-01 8.823109999999999564e-01 8.410000000000000808e-03 8.823429999999999884e-01 -4.706080000000000263e-01 -1.699999999999999987e-05
1.300000000000000000e+01 5.700000000000000000e+01 6.000000000000000000e+01 0.000000000000000000e+00 2.015874000000000166e+00 1.889100000000000154e-02 5.578500000000000125e-02 -9.982640000000000402e-01 4.704269999999999841e-01 8.805239999999999734e-01 5.810699999999999893e-02 8.822370000000000489e-01 -4.707080000000000153e-01 -9.608999999999999486e-03
2.400000000000000000e+01 5.700000000000000000e+01 6.000000000000000000e+01 0.000000000000000000e+00 2.015874000000000166e+00 -1.038000000000000077e-03 1.363999999999999978e-03 -9.999989999999999712e-01 4.709949999999999970e-01 8.821360000000000312e-01 7.140000000000000079e-04 8.821350000000000025e-01 -4.709929999999999950e-01 -1.559000000000000056e-03
3.000000000000000000e+01 5.700000000000000000e+01 6.000000000000000000e+01 0.000000000000000000e+00 2.015874000000000166e+00 3.788000000000000134e-03 1.806000000000000097e-03 -9.999909999999999632e-01 4.677959999999999896e-01 8.838300000000000045e-01 3.369000000000000033e-03 8.838279999999999470e-01 -4.678050000000000264e-01 2.503000000000000017e-03
1.000000000000000000e+00 2.500000000000000000e+01 6.400000000000000000e+01 0.000000000000000000e+00 2.015874000000000166e+00 6.445000000000000208e-03 4.091000000000000018e-03 9.999710000000000543e-01 -2.052640000000000020e-01 9.787029999999999896e-01 -2.680999999999999790e-03 -9.786850000000000271e-01 -2.052410000000000068e-01 7.146999999999999707e-03
1.200000000000000000e+01 2.500000000000000000e+01 6.400000000000000000e+01 0.000000000000000000e+00 2.015874000000000166e+00 -3.088000000000000033e-03 3.693699999999999761e-02 9.993130000000000068e-01 -2.060970000000000024e-01 9.778400000000000425e-01 -3.678000000000000019e-02 -9.785270000000000357e-01 -2.060690000000000022e-01 4.592999999999999861e-03
2.200000000000000000e+01 2.500000000000000000e+01 6.400000000000000000e+01 0.000000000000000000e+00 2.015874000000000166e+00 1.270999999999999994e-03 6.450000000000000004e-03 9.999780000000000335e-01 -2.135779999999999901e-01 9.769069999999999698e-01 -6.029999999999999770e-03 -9.769250000000000433e-01 -2.135650000000000048e-01 2.618999999999999800e-03
1.100000000000000000e+01 1.700000000000000000e+01 6.700000000000000000e+01 0.000000000000000000e+00 2.015874000000000166e+00 -8.883999999999999536e-03 9.449999999999999850e-04 9.999599999999999600e-01 -5.216599999999999709e-02 -9.986380000000000257e-01 4.800000000000000122e-04 9.985990000000000144e-01 -5.215899999999999703e-02 8.921000000000000110e-03
4.000000000000000000e+00 1.800000000000000000e+01 6.700000000000000000e+01 0.000000000000000000e+00 2.015874000000000166e+00 -2.484999999999999796e-03 3.402000000000000076e-03 9.999909999999999632e-01 -7.818999999999999562e-02 -9.969329999999999581e-01 3.197000000000000189e-03 9.969350000000000156e-01 -7.818100000000000049e-02 2.743000000000000212e-03
3.000000000000000000e+00 4.000000000000000000e+01 6.800000000000000000e+01 0.000000000000000000e+00 2.015874000000000166e+00 -8.080000000000000160e-04 -2.272999999999999847e-03 9.999970000000000248e-01 2.806540000000000146e-01 -9.598069999999999657e-01 -1.955000000000000140e-03 9.598090000000000233e-01 2.806509999999999838e-01 1.412999999999999977e-03
1.200000000000000000e+01 4.000000000000000000e+01 6.800000000000000000e+01 0.000000000000000000e+00 2.015874000000000166e+00 3.674000000000000182e-03 1.383700000000000034e-02 9.998970000000000358e-01 2.699420000000000153e-01 -9.627980000000000427e-01 1.233199999999999921e-02 9.628700000000000037e-01 2.698690000000000255e-01 -7.271999999999999818e-03
1.900000000000000000e+01 4.000000000000000000e+01 6.800000000000000000e+01 0.000000000000000000e+00 2.015874000000000166e+00 1.471000000000000085e-03 8.526999999999999857e-03 9.999630000000000463e-01 2.494220000000000048e-01 -9.683629999999999738e-01 7.891000000000000444e-03 9.683939999999999770e-01 2.494010000000000116e-01 -3.550999999999999903e-03
5.000000000000000000e+00 4.400000000000000000e+01 7.300000000000000000e+01 0.000000000000000000e+00 2.015874000000000166e+00 -2.559999999999999884e-04 5.800000000000000034e-04 1.000000000000000000e+00 1.086619999999999947e-01 -9.940790000000000459e-01 6.049999999999999606e-04 9.940790000000000459e-01 1.086619999999999947e-01 1.910000000000000077e-04
4.000000000000000000e+00 5.900000000000000000e+01 7.600000000000000000e+01 0.000000000000000000e+00 2.015874000000000166e+00 -3.511999999999999931e-03 -5.919999999999999698e-04 -9.999940000000000495e-01 1.359160000000000090e-01 9.907200000000000450e-01 -1.064000000000000059e-03 9.907139999999999835e-01 -1.359190000000000120e-01 -3.399000000000000112e-03
1.300000000000000000e+01 5.900000000000000000e+01 7.600000000000000000e+01 0.000000000000000000e+00 2.015874000000000166e+00 -2.758000000000000035e-03 4.423400000000000248e-02 -9.990170000000000439e-01 1.296609999999999985e-01 9.906040000000000401e-01 4.350400000000000100e-02 9.915549999999999642e-01 -1.294140000000000013e-01 -8.467000000000000567e-03
2.400000000000000000e+01 5.900000000000000000e+01 7.600000000000000000e+01 0.000000000000000000e+00 2.015874000000000166e+00 8.400000000000000348e-04 2.641999999999999817e-03 -9.999959999999999960e-01 1.299530000000000129e-01 9.915159999999999529e-01 2.729000000000000089e-03 9.915199999999999569e-01 -1.299549999999999872e-01 4.889999999999999599e-04
5.000000000000000000e+00 3.700000000000000000e+01 7.700000000000000000e+01 0.000000000000000000e+00 2.015874000000000166e+00 -8.509999999999999769e-04 1.425000000000000051e-03 -9.999989999999999712e-01 5.313099999999999490e-01 8.471769999999999579e-01 7.550000000000000287e-04 8.471769999999999579e-01 -5.313090000000000312e-01 -1.477999999999999930e-03
1.700000000000000000e+01 3.700000000000000000e+01 7.700000000000000000e+01 0.000000000000000000e+00 2.015874000000000166e+00 7.768999999999999864e-03 2.493799999999999836e-02 -9.996589999999999643e-01 5.224889999999999812e-01 8.522699999999999720e-01 2.532200000000000076e-02 8.526110000000000078e-01 -5.225079999999999725e-01 -6.407999999999999634e-03
2.500000000000000000e+01 3.700000000000000000e+01 7.700000000000000000e+01 0.000000000000000000e+00 2.015874000000000166e+00 -1.090999999999999956e-03 -1.472000000000000001e-03 -9.999980000000000535e-01 5.191000000000000059e-01 8.547120000000000273e-01 -1.825000000000000016e-03 8.547129999999999450e-01 -5.191010000000000346e-01 -1.689999999999999879e-04
2.000000000000000000e+00 9.100000000000000000e+01 7.700000000000000000e+01 0.000000000000000000e+00 2.015874000000000166e+00 6.189999999999999756e-04 -7.100000000000000191e-04 -1.000000000000000000e+00 -9.952260000000000550e-01 9.759700000000000319e-02 -6.849999999999999535e-04 9.759800000000000419e-02 9.952260000000000550e-01 -6.459999999999999814e-04
6.000000000000000000e+00 9.100000000000000000e+01 7.700000000000000000e+01 0.000000000000000000e+00 2.015874000000000166e+00 9.330000000000000186e-04 1.129999999999999928e-03 -9.999989999999999712e-01 -9.958409999999999762e-01 9.110500000000000542e-02 -8.260000000000000198e-04 9.110400000000000442e-02 9.958409999999999762e-01 1.209999999999999921e-03
2.500000000000000000e+01 9.100000000000000000e+01 7.700000000000000000e+01 0.000000000000000000e+00 2.015874000000000166e+00 -1.427000000000000100e-03 -1.075999999999999917e-03 -9.999980000000000535e-01 -9.959419999999999940e-01 8.998699999999999755e-02 1.324000000000000090e-03 8.998599999999999655e-02 9.959419999999999940e-01 -1.199999999999999895e-03
1.300000000000000000e+01 8.800000000000000000e+01 9.100000000000000000e+01 0.000000000000000000e+00 2.015874000000000166e+00 1.114300000000000013e-02 2.675500000000000100e-02 -9.995800000000000241e-01 8.113669999999999494e-01 -5.845000000000000195e-01 -6.599999999999999964e-03 -5.844310000000000338e-01 -8.109520000000000062e-01 -2.822099999999999956e-02
2.000000000000000000e+01 8.800000000000000000e+01 9.100000000000000000e+01 0.000000000000000000e+00 2.015874000000000166e+00 4.592999999999999861e-03 8.293000000000000024e-03 -9.999550000000000383e-01 8.140119999999999578e-01 -5.808470000000000022e-01 -1.079000000000000098e-03 -5.808299999999999574e-01 -8.139710000000000001e-01 -9.417999999999999289e-03
2.400000000000000000e+01 8.800000000000000000e+01 9.100000000000000000e+01 0.000000000000000000e+00 2.015874000000000166e+00 1.505000000000000044e-03 -1.812000000000000026e-03 -9.999970000000000248e-01 8.127140000000000475e-01 -5.826590000000000380e-01 2.279000000000000210e-03 -5.826609999999999845e-01 -8.127149999999999652e-01 5.959999999999999586e-04
1.000000000000000000e+01 1.500000000000000000e+01 9.700000000000000000e+01 0.000000000000000000e+00 2.015874000000000166e+00 6.288000000000000186e-03 1.145599999999999917e-02 -9.999149999999999983e-01 -9.224020000000000552e-01 3.862280000000000157e-01 -1.374999999999999920e-03 3.861789999999999945e-01 9.223320000000000407e-01 1.299600000000000061e-02
2.600000000000000000e+01 1.500000000000000000e+01 9.700000000000000000e+01 0.000000000000000000e+00 2.015874000000000166e+00 -1.157999999999999958e-03 -1.593000000000000015e-03 -9.999980000000000535e-01 -9.135100000000000442e-01 4.068149999999999822e-01 4.099999999999999912e-04 4.068140000000000089e-01 9.135090000000000154e-01 -1.926999999999999894e-03
5.000000000000000000e+00 5.200000000000000000e+01 1.010000000000000000e+02 0.000000000000000000e+00 2.015874000000000166e+00 5.869999999999999567e-04 1.531599999999999975e-02 9.998829999999999663e-01 -8.977889999999999482e-01 4.403810000000000224e-01 -6.217999999999999569e-03 -4.404250000000000109e-01 -8.976800000000000335e-01 1.400900000000000062e-02
1.600000000000000000e+01 5.200000000000000000e+01 1.010000000000000000e+02 0.000000000000000000e+00 2.015874000000000166e+00 2.787999999999999853e-02 6.247699999999999781e-02 9.976570000000000160e-01 -9.151740000000000430e-01 4.030590000000000006e-01 3.339999999999999870e-04 -4.020940000000000070e-01 -9.130390000000000450e-01 6.841400000000000259e-02
2.500000000000000000e+01 5.200000000000000000e+01 1.010000000000000000e+02 0.000000000000000000e+00 2.015874000000000166e+00 -1.000999999999999937e-03 1.056900000000000027e-02 9.999440000000000550e-01 -9.171639999999999793e-01 3.984779999999999989e-01 -5.130000000000000011e-03 -3.985090000000000021e-01 -9.171169999999999600e-01 9.294000000000000178e-03
2.000000000000000000e+00 6.900000000000000000e+01 1.030000000000000000e+02 0.000000000000000000e+00 2.015874000000000166e+00 6.283999999999999655e-03 -2.069700000000000012e-02 9.997660000000000435e-01 9.966970000000000551e-01 -8.082200000000000495e-02 -7.938000000000000611e-03 8.096699999999999731e-02 9.965140000000000109e-01 2.011999999999999900e-02
5.000000000000000000e+00 1.500000000000000000e+01 1.100000000000000000e+02 0.000000000000000000e+00 2.015874000000000166e+00 8.630000000000000518e-03 4.300000000000000003e-03 9.999540000000000095e-01 -8.823149999999999604e-01 -4.705599999999999783e-01 9.638999999999999999e-03 4.705799999999999983e-01 -8.823569999999999469e-01 -2.669999999999999847e-04
7.000000000000000000e+00 1.700000000000000000e+01 1.120000000000000000e+02 0.000000000000000000e+00 2.015874000000000166e+00 7.362999999999999753e-03 1.761899999999999925e-02 9.998179999999999845e-01 -8.389780000000000015e-01 -5.439359999999999751e-01 1.576400000000000023e-02 5.441150000000000153e-01 -8.389419999999999655e-01 1.077700000000000012e-02
2.700000000000000000e+01 1.700000000000000000e+01 1.120000000000000000e+02 0.000000000000000000e+00 2.015874000000000166e+00 -1.763000000000000027e-03 -2.263999999999999953e-03 9.999959999999999960e-01 -8.237259999999999582e-01 -5.669819999999999860e-01 -2.736000000000000151e-03 5.669849999999999612e-01 -8.237269999999999870e-01 -8.660000000000000163e-04
1.600000000000000000e+01 5.800000000000000000e+01 1.130000000000000000e+02 0.000000000000000000e+00 2.015874000000000166e+00 3.975000000000000061e-02 6.389100000000000334e-02 9.971649999999999681e-01 6.913200000000000456e-01 -7.223070000000000324e-01 1.872199999999999906e-02 7.214549999999999574e-01 6.886149999999999771e-01 -7.288100000000000134e-02
2.500000000000000000e+01 8.800000000000000000e+01 1.150000000000000000e+02 0.000000000000000000e+00 2.015874000000000166e+00 -4.081000000000000426e-03 -1.767000000000000168e-02 9.998359999999999470e-01 8.549729999999999830e-01 -5.186410000000000187e-01 -5.675999999999999622e-03 5.186560000000000059e-01 8.548099999999999588e-01 1.722399999999999973e-02
1.700000000000000000e+01 7.000000000000000000e+00 1.210000000000000000e+02 0.000000000000000000e+00 2.015874000000000166e+00 1.353399999999999916e-02 3.193700000000000011e-02 -9.993980000000000086e-01 -6.359519999999999618e-01 7.715619999999999701e-01 1.604500000000000023e-02 7.716100000000000181e-01 6.353520000000000278e-01 3.075299999999999909e-02
2.200000000000000000e+01 7.000000000000000000e+00 1.210000000000000000e+02 0.000000000000000000e+00 2.015874000000000166e+00 2.683000000000000055e-03 2.729000000000000089e-03 -9.999930000000000208e-01 -6.445520000000000138e-01 7.645600000000000174e-01 3.570000000000000040e-04 7.645549999999999846e-01 6.445469999999999811e-01 3.810000000000000019e-03
2.200000000000000000e+01 5.700000000000000000e+01 1.210000000000000000e+02 0.000000000000000000e+00 2.015874000000000166e+00 -7.392000000000000133e-03 -9.000000000000000567e-05 -9.999730000000000008e-01 -9.977169999999999650e-01 6.712400000000000311e-02 7.368999999999999682e-03 6.712200000000000111e-02 9.977449999999999930e-01 -5.860000000000000408e-04
2.600000000000000000e+01 1.100000000000000000e+01 1.250000000000000000e+02 0.000000000000000000e+00 2.015874000000000166e+00 3.915000000000000077e-03 5.483000000000000027e-03 9.999770000000000048e-01 -6.612029999999999852e-01 -7.501769999999999827e-01 6.702999999999999757e-03 7.501970000000000027e-01 -6.612139999999999684e-01 6.880000000000000265e-04
4.000000000000000000e+00 1.030000000000000000e+02 1.250000000000000000e+02 0.000000000000000000e+00 2.015874000000000166e+00 -2.595000000000000084e-03 3.220999999999999905e-03 -9.999909999999999632e-01 -9.007380000000000386e-01 -4.343620000000000259e-01 9.380000000000000317e-04 -4.343560000000000199e-01 9.007319999999999771e-01 4.028000000000000330e-03
1.500000000000000000e+01 1.030000000000000000e+02 1.250000000000000000e+02 0.000000000000000000e+00 2.015874000000000166e+00 3.970000000000000005e-04 3.690800000000000330e-02 -9.993189999999999573e-01 -8.916509999999999714e-01 -4.524020000000000263e-01 -1.706299999999999831e-02 -4.527240000000000153e-01 8.910500000000000087e-01 3.273000000000000215e-02
2.000000000000000000e+00 1.200000000000000000e+01 1.260000000000000000e+02 0.000000000000000000e+00 2.015874000000000166e+00 -2.696000000000000046e-03 -3.298000000000000150e-03 9.999909999999999632e-01 -6.630260000000000042e-01 -7.485840000000000272e-01 -4.256000000000000234e-03 7.485920000000000352e-01 -6.630310000000000370e-01 -1.679999999999999907e-04
7.000000000000000000e+00 1.200000000000000000e+01 1.260000000000000000e+02 0.000000000000000000e+00 2.015874000000000166e+00 3.289999999999999739e-04 1.648799999999999918e-02 9.998639999999999750e-01 -6.621789999999999621e-01 -7.492400000000000171e-01 1.257300000000000084e-02 7.493459999999999566e-01 -6.620930000000000426e-01 1.067199999999999920e-02
1.600000000000000000e+01 1.200000000000000000e+01 1.260000000000000000e+02 0.000000000000000000e+00 2.015874000000000166e+00 1.224199999999999941e-02 8.392900000000000360e-02 9.963969999999999771e-01 -6.623980000000000423e-01 -7.457840000000000025e-01 7.095700000000000618e-02 7.490520000000000511e-01 -6.608789999999999942e-01 4.646399999999999836e-02
2.500000000000000000e+01 1.200000000000000000e+01 1.260000000000000000e+02 0.000000000000000000e+00 2.015874000000000166e+00 3.402000000000000076e-03 8.394000000000000419e-03 9.999590000000000423e-01 -6.618220000000000214e-01 -7.496119999999999450e-01 8.543999999999999512e-03 7.496530000000000138e-01 -6.618239999999999679e-01 3.004999999999999859e-03
8.000000000000000000e+00 1.300000000000000000e+01 1.270000000000000000e+02 0.000000000000000000e+00 2.015874000000000166e+00 2.099000000000000171e-03 2.347300000000000081e-02 9.997219999999999995e-01 -6.697959999999999470e-01 -7.423060000000000214e-01 1.883500000000000105e-02 7.425420000000000353e-01 -6.696499999999999675e-01 1.416399999999999951e-02
4.000000000000000000e+00 1.700000000000000000e+01 1.310000000000000000e+02 0.000000000000000000e+00 2.015874000000000166e+00 1.340000000000000045e-04 2.716999999999999797e-03 9.999959999999999960e-01 -8.687340000000000062e-01 -4.952770000000000228e-01 1.461999999999999975e-03 4.952790000000000248e-01 -8.687310000000000310e-01 2.294000000000000032e-03
1.600000000000000000e+01 1.700000000000000000e+01 1.310000000000000000e+02 0.000000000000000000e+00 2.015874000000000166e+00 1.580300000000000107e-02 4.089299999999999879e-02 9.990390000000000104e-01 -8.654779999999999696e-01 -4.997820000000000040e-01 3.414799999999999780e-02 5.006979999999999764e-01 -8.651849999999999818e-01 2.749400000000000108e-02
2.500000000000000000e+01 1.700000000000000000e+01 1.310000000000000000e+02 0.000000000000000000e+00 2.015874000000000166e+00 5.969999999999999829e-04 2.020000000000000040e-04 1.000000000000000000e+00 -8.681480000000000308e-01 -4.963049999999999962e-01 6.179999999999999513e-04 4.963049999999999962e-01 -8.681480000000000308e-01 -1.210000000000000002e-04
2.600000000000000000e+01 5.200000000000000000e+01 1.450000000000000000e+02 0.000000000000000000e+00 2.015874000000000166e+00 -1.314199999999999917e-02 3.409000000000000138e-03 -9.999080000000000190e-01 -8.785760000000000236e-01 4.774200000000000110e-01 1.317399999999999995e-02 4.774209999999999843e-01 8.786680000000000046e-01 -3.278999999999999797e-03
6.000000000000000000e+00 4.100000000000000000e+01 1.580000000000000000e+02 0.000000000000000000e+00 2.015874000000000166e+00 2.737999999999999982e-03 -8.419999999999999750e-04 9.999959999999999960e-01 8.872999999999999776e-01 4.611890000000000156e-01 -2.040999999999999846e-03 -4.611850000000000116e-01 8.873020000000000351e-01 2.010000000000000068e-03
1.300000000000000000e+01 4.100000000000000000e+01 1.580000000000000000e+02 0.000000000000000000e+00 2.015874000000000166e+00 1.861000000000000154e-02 3.136200000000000099e-02 9.993349999999999733e-01 8.964990000000000459e-01 4.419899999999999940e-01 -3.056499999999999842e-02 -4.426550000000000207e-01 8.964720000000000466e-01 -1.989000000000000143e-02
2.200000000000000000e+01 4.100000000000000000e+01 1.580000000000000000e+02 0.000000000000000000e+00 2.015874000000000166e+00 1.724000000000000055e-03 1.167000000000000069e-03 9.999980000000000535e-01 8.958089999999999664e-01 4.444350000000000245e-01 -2.063000000000000164e-03 -4.444370000000000265e-01 8.958099999999999952e-01 -2.790000000000000054e-04
6.000000000000000000e+00 1.070000000000000000e+02 1.670000000000000000e+02 0.000000000000000000e+00 2.015874000000000166e+00 -2.095319999999999960e-01 -9.497219999999999551e-01 2.326479999999999937e-01 7.496340000000000225e-01 -3.087909999999999822e-01 -5.854040000000000354e-01 6.278099999999999792e-01 5.174000000000000127e-02 7.766450000000000298e-01
7.000000000000000000e+00 3.700000000000000000e+01 1.860000000000000000e+02 0.000000000000000000e+00 2.015874000000000166e+00 1.631000000000000071e-03 -2.977000000000000045e-03 -9.999940000000000495e-01 5.529330000000000078e-01 -8.332190000000000429e-01 3.383000000000000156e-03 -8.332239999999999647e-01 -5.529359999999999831e-01 2.869999999999999830e-04
2.000000000000000000e+01 1.110000000000000000e+02 1.910000000000000000e+02 0.000000000000000000e+00 2.015874000000000166e+00 -5.010000000000000347e-04 1.394999999999999973e-03 9.999989999999999712e-01 -9.535190000000000055e-01 3.013319999999999887e-01 -8.980000000000000352e-04 -3.013319999999999887e-01 -9.535179999999999767e-01 1.178999999999999927e-03
2.500000000000000000e+01 1.110000000000000000e+02 1.910000000000000000e+02 0.000000000000000000e+00 2.015874000000000166e+00 2.739000000000000115e-03 7.033000000000000189e-03 9.999719999999999720e-01 -9.542310000000000514e-01 2.990709999999999757e-01 5.100000000000000366e-04 -2.990590000000000193e-01 -9.542049999999999699e-01 7.530000000000000235e-03
2.200000000000000000e+01 1.200000000000000000e+01 3.000000000000000000e+00 0.000000000000000000e+00 2.539842000000000155e+00 4.637999999999999762e-03 1.220100000000000004e-02 9.999149999999999983e-01 9.432899999999999618e-02 -9.954720000000000235e-01 1.170900000000000066e-02 9.955300000000000260e-01 9.426700000000000357e-02 -5.767999999999999690e-03
1.100000000000000000e+01 9.000000000000000000e+00 4.000000000000000000e+00 0.000000000000000000e+00 2.539842000000000155e+00 1.448600000000000061e-02 9.919000000000000733e-03 9.998460000000000125e-01 1.395119999999999971e-01 -9.901900000000000146e-01 7.801999999999999907e-03 9.901140000000000496e-01 1.393770000000000009e-01 -1.572799999999999893e-02
1.900000000000000000e+01 1.400000000000000000e+01 1.400000000000000000e+01 0.000000000000000000e+00 2.539842000000000155e+00 -1.849299999999999902e-02 -1.943500000000000089e-02 -9.996399999999999730e-01 -4.060170000000000168e-01 -9.135159999999999947e-01 2.527099999999999833e-02 -9.136790000000000189e-01 4.063379999999999770e-01 9.003000000000000586e-03
2.400000000000000000e+01 1.400000000000000000e+01 1.400000000000000000e+01 0.000000000000000000e+00 2.539842000000000155e+00 -5.236000000000000203e-03 7.460000000000000268e-04 -9.999860000000000415e-01 -3.996040000000000147e-01 -9.166870000000000296e-01 1.407999999999999963e-03 -9.166729999999999601e-01 3.996060000000000167e-01 5.098000000000000101e-03
4.000000000000000000e+00 2.900000000000000000e+01 1.400000000000000000e+01 0.000000000000000000e+00 2.539842000000000155e+00 1.812000000000000026e-03 1.982999999999999954e-03 -9.999959999999999960e-01 9.044199999999999462e-02 9.958989999999999787e-01 2.138999999999999842e-03 9.959000000000000075e-01 -9.044499999999999762e-02 1.624999999999999925e-03
1.200000000000000000e+01 1.500000000000000000e+01 2.600000000000000000e+01 0.000000000000000000e+00 2.539842000000000155e+00 5.590000000000000351e-03 3.228199999999999820e-02 9.994629999999999903e-01 3.468049999999999744e-01 9.373839999999999950e-01 -3.221600000000000158e-02 -9.379210000000000047e-01 3.467990000000000239e-01 -5.956000000000000356e-03
2.300000000000000000e+01 1.500000000000000000e+01 2.600000000000000000e+01 0.000000000000000000e+00 2.539842000000000155e+00 1.832000000000000078e-03 6.244000000000000418e-03 9.999789999999999512e-01 3.477310000000000123e-01 9.375719999999999610e-01 -6.492000000000000375e-03 -9.375930000000000097e-01 3.477350000000000163e-01 -4.539999999999999765e-04
1.800000000000000000e+01 3.200000000000000000e+01 4.300000000000000000e+01 0.000000000000000000e+00 2.539842000000000155e+00 1.852399999999999880e-02 3.074100000000000096e-02 -9.993560000000000221e-01 6.797710000000000141e-01 7.325819999999999554e-01 3.513499999999999956e-02 7.331900000000000084e-01 -6.799840000000000328e-01 -7.327000000000000179e-03
7.000000000000000000e+00 7.600000000000000000e+01 6.100000000000000000e+01 0.000000000000000000e+00 2.539842000000000155e+00 8.061000000000000457e-03 1.087699999999999952e-02 9.999080000000000190e-01 -4.363879999999999981e-01 -8.996600000000000152e-01 1.330500000000000085e-02 8.997220000000000217e-01 -4.364549999999999819e-01 -2.504999999999999848e-03
1.800000000000000000e+01 7.600000000000000000e+01 6.100000000000000000e+01 0.000000000000000000e+00 2.539842000000000155e+00 2.519499999999999865e-02 3.441799999999999721e-02 9.990900000000000336e-01 -4.448360000000000092e-01 -8.946250000000000036e-01 4.203699999999999798e-02 8.952579999999999982e-01 -4.454899999999999971e-01 -7.230000000000000315e-03
2.500000000000000000e+01 7.600000000000000000e+01 6.100000000000000000e+01 0.000000000000000000e+00 2.539842000000000155e+00 2.275999999999999811e-03 1.056000000000000081e-03 9.999970000000000248e-01 -4.394219999999999793e-01 -8.982790000000000497e-01 1.948000000000000079e-03 8.982780000000000209e-01 -4.394250000000000100e-01 -1.580999999999999940e-03
2.200000000000000000e+01 2.400000000000000000e+01 6.500000000000000000e+01 0.000000000000000000e+00 2.539842000000000155e+00 1.631000000000000071e-03 1.179900000000000046e-02 9.999289999999999567e-01 -1.345979999999999954e-01 9.908339999999999925e-01 -1.147199999999999956e-02 -9.908989999999999743e-01 -1.345699999999999952e-01 3.203999999999999817e-03
6.000000000000000000e+00 7.800000000000000000e+01 7.200000000000000000e+01 0.000000000000000000e+00 2.539842000000000155e+00 -3.409999999999999945e-04 9.957000000000000572e-03 9.999500000000000055e-01 2.752140000000000142e-01 -9.613340000000000218e-01 9.665999999999999245e-03 9.613829999999999876e-01 2.752040000000000042e-01 -2.412000000000000081e-03
1.300000000000000000e+01 7.800000000000000000e+01 7.200000000000000000e+01 0.000000000000000000e+00 2.539842000000000155e+00 1.013799999999999944e-02 6.519899999999999307e-02 9.978209999999999580e-01 2.743309999999999915e-01 -9.597660000000000080e-01 5.992499999999999910e-02 9.615820000000000478e-01 2.731259999999999799e-01 -2.761699999999999919e-02
2.700000000000000000e+01 7.800000000000000000e+01 7.200000000000000000e+01 0.000000000000000000e+00 2.539842000000000155e+00 -4.189999999999999931e-04 -2.658000000000000206e-03 9.999959999999999960e-01 2.750040000000000262e-01 -9.614399999999999613e-01 -2.441000000000000027e-03 9.614430000000000476e-01 2.750020000000000242e-01 1.132999999999999893e-03
4.000000000000000000e+00 5.400000000000000000e+01 7.600000000000000000e+01 0.000000000000000000e+00 2.539842000000000155e+00 1.021999999999999905e-03 -1.428999999999999932e-03 -9.999980000000000535e-01 -3.314199999999999924e-01 -9.434829999999999606e-01 1.008999999999999914e-03 -9.434829999999999606e-01 3.314190000000000191e-01 -1.436999999999999909e-03
2.700000000000000000e+01 5.400000000000000000e+01 7.600000000000000000e+01 0.000000000000000000e+00 2.539842000000000155e+00 -1.832999999999999994e-03 -3.351999999999999945e-03 -9.999930000000000208e-01 -3.182010000000000116e-01 -9.480159999999999698e-01 3.761000000000000020e-03 -9.480220000000000313e-01 3.182050000000000156e-01 6.710000000000000469e-04
1.200000000000000000e+01 1.300000000000000000e+01 7.800000000000000000e+01 0.000000000000000000e+00 2.539842000000000155e+00 4.749999999999999990e-04 5.520999999999999866e-03 9.999850000000000128e-01 4.268449999999999744e-01 -9.043120000000000047e-01 4.789999999999999987e-03 9.043250000000000455e-01 4.268359999999999932e-01 -2.785999999999999848e-03
2.000000000000000000e+01 1.300000000000000000e+01 7.800000000000000000e+01 0.000000000000000000e+00 2.539842000000000155e+00 2.863999999999999792e-03 -1.219999999999999974e-04 9.999959999999999960e-01 4.307810000000000250e-01 -9.024550000000000072e-01 -1.343999999999999926e-03 9.024520000000000319e-01 4.307830000000000270e-01 -2.533000000000000095e-03
2.900000000000000000e+01 1.300000000000000000e+01 7.800000000000000000e+01 0.000000000000000000e+00 2.539842000000000155e+00 2.367000000000000180e-03 -5.597000000000000412e-03 9.999820000000000375e-01 4.277110000000000078e-01 -9.038950000000000040e-01 -6.072000000000000140e-03 9.039120000000000488e-01 4.277170000000000138e-01 2.550000000000000183e-04
8.000000000000000000e+00 5.400000000000000000e+01 8.300000000000000000e+01 0.000000000000000000e+00 2.539842000000000155e+00 7.646000000000000019e-03 6.660000000000000121e-03 9.999489999999999768e-01 7.457400000000000140e-02 -9.971970000000000001e-01 6.072000000000000140e-03 9.971860000000000168e-01 7.452300000000000590e-02 -8.122000000000000747e-03
1.700000000000000000e+01 5.400000000000000000e+01 8.300000000000000000e+01 0.000000000000000000e+00 2.539842000000000155e+00 2.186600000000000002e-02 2.369100000000000025e-02 9.994800000000000351e-01 6.226299999999999890e-02 -9.978110000000000035e-01 2.228899999999999978e-02 9.978200000000000403e-01 6.174299999999999927e-02 -2.329300000000000120e-02
2.500000000000000000e+01 1.600000000000000000e+01 1.000000000000000000e+02 0.000000000000000000e+00 2.539842000000000155e+00 9.000000000000000567e-05 -5.199999999999999680e-05 -1.000000000000000000e+00 -8.282840000000000202e-01 5.603089999999999460e-01 -1.039999999999999936e-04 5.603089999999999460e-01 8.282840000000000202e-01 7.999999999999999638e-06
1.600000000000000000e+01 1.020000000000000000e+02 1.250000000000000000e+02 0.000000000000000000e+00 2.539842000000000155e+00 5.015000000000000360e-03 2.766499999999999862e-02 9.996049999999999658e-01 8.927880000000000260e-01 -4.504059999999999730e-01 7.986000000000000043e-03 4.504489999999999883e-01 8.923950000000000493e-01 -2.695799999999999932e-02
2.800000000000000000e+01 1.020000000000000000e+02 1.250000000000000000e+02 0.000000000000000000e+00 2.539842000000000155e+00 -1.593999999999999931e-03 -6.779999999999999569e-03 9.999759999999999760e-01 8.978969999999999452e-01 -4.402019999999999822e-01 -1.552999999999999910e-03 4.402019999999999822e-01 8.978730000000000322e-01 6.790000000000000029e-03
1.200000000000000000e+01 4.000000000000000000e+00 1.310000000000000000e+02 0.000000000000000000e+00 2.539842000000000155e+00 1.180100000000000073e-02 2.939599999999999852e-02 9.994979999999999976e-01 5.113600000000000367e-01 8.587960000000000038e-01 -3.129599999999999743e-02 -8.592849999999999655e-01 5.114729999999999555e-01 -4.897999999999999576e-03
8.000000000000000000e+00 4.100000000000000000e+01 1.370000000000000000e+02 0.000000000000000000e+00 2.539842000000000155e+00 -1.825299999999999839e-02 3.624000000000000051e-03 9.998270000000000213e-01 -7.383979999999999988e-01 -6.742749999999999577e-01 -1.103600000000000067e-02 6.741179999999999950e-01 -7.384720000000000173e-01 1.498400000000000079e-02
1.700000000000000000e+01 4.100000000000000000e+01 1.370000000000000000e+02 0.000000000000000000e+00 2.539842000000000155e+00 4.369900000000000173e-02 3.889499999999999902e-02 9.982870000000000354e-01 -8.041620000000000434e-01 -5.915489999999999915e-01 5.824900000000000216e-02 5.928010000000000224e-01 -8.053299999999999903e-01 5.427999999999999665e-03
2.900000000000000000e+01 4.100000000000000000e+01 1.370000000000000000e+02 0.000000000000000000e+00 2.539842000000000155e+00 -3.262999999999999842e-03 -1.260000000000000052e-03 9.999940000000000495e-01 -8.666709999999999692e-01 -4.988679999999999781e-01 -3.457000000000000003e-03 4.988690000000000069e-01 -8.666770000000000307e-01 5.360000000000000181e-04
1.800000000000000000e+01 5.200000000000000000e+01 1.460000000000000000e+02 0.000000000000000000e+00 2.539842000000000155e+00 4.699999999999999859e-04 1.408900000000000083e-02 9.999010000000000398e-01 -7.996290000000000342e-01 -6.004300000000000193e-01 8.836000000000000104e-03 6.004939999999999722e-01 -7.995529999999999582e-01 1.098400000000000071e-02
6.000000000000000000e+00 4.000000000000000000e+01 1.580000000000000000e+02 0.000000000000000000e+00 2.539842000000000155e+00 4.741999999999999688e-03 3.834999999999999867e-03 9.999810000000000088e-01 8.704039999999999555e-01 4.923009999999999886e-01 -6.015999999999999646e-03 -4.923150000000000026e-01 8.704169999999999963e-01 -1.002999999999999985e-03
1.200000000000000000e+01 4.000000000000000000e+01 1.580000000000000000e+02 0.000000000000000000e+00 2.539842000000000155e+00 1.881299999999999986e-02 2.619799999999999907e-02 9.994800000000000351e-01 8.788409999999999833e-01 4.762310000000000154e-01 -2.902499999999999872e-02 -4.767440000000000011e-01 8.789299999999999891e-01 -1.406400000000000011e-02
2.300000000000000000e+01 4.000000000000000000e+01 1.580000000000000000e+02 0.000000000000000000e+00 2.539842000000000155e+00 3.585000000000000079e-03 4.094000000000000417e-03 9.999850000000000128e-01 8.785770000000000524e-01 4.775730000000000253e-01 -5.105000000000000163e-03 -4.775869999999999838e-01 8.785819999999999741e-01 -1.884000000000000041e-03
6.000000000000000000e+00 1.140000000000000000e+02 1.640000000000000000e+02 0.000000000000000000e+00 2.539842000000000155e+00 -3.805499999999999855e-02 -8.786499999999999866e-02 -9.954049999999999843e-01 6.273830000000000240e-01 7.732290000000000552e-01 -9.223900000000000154e-02 7.777809999999999446e-01 -6.280099999999999572e-01 2.570000000000000062e-02
2.300000000000000000e+01 1.140000000000000000e+02 1.640000000000000000e+02 0.000000000000000000e+00 2.539842000000000155e+00 1.278999999999999972e-03 5.339999999999999695e-04 -9.999989999999999712e-01 6.932289999999999841e-01 7.207160000000000233e-01 1.271999999999999910e-03 7.207160000000000233e-01 -6.932300000000000129e-01 5.509999999999999490e-04
2.900000000000000000e+01 1.140000000000000000e+02 1.640000000000000000e+02 0.000000000000000000e+00 2.539842000000000155e+00 6.939999999999999555e-04 -1.343000000000000010e-03 -9.999989999999999712e-01 6.934470000000000356e-01 7.205070000000000086e-01 -4.870000000000000197e-04 7.205070000000000086e-01 -6.934460000000000068e-01 1.430999999999999980e-03
1.100000000000000000e+01 5.000000000000000000e+00 2.000000000000000000e+00 1.000000000000000000e+00 3.200000000000000178e+00 2.008999999999999935e-03 2.414300000000000126e-02 9.997070000000000123e-01 2.002279999999999893e-01 -9.794730000000000381e-01 2.325199999999999836e-02 9.797470000000000345e-01 2.001229999999999953e-01 -6.800999999999999754e-03
1.000000000000000000e+01 7.000000000000000000e+00 7.000000000000000000e+00 1.000000000000000000e+00 3.200000000000000178e+00 -1.837799999999999850e-02 -1.545799999999999952e-02 -9.997120000000000450e-01 -3.261000000000000010e-01 -9.451110000000000344e-01 2.060899999999999885e-02 -9.451570000000000249e-01 3.263840000000000074e-01 1.232800000000000042e-02
9.000000000000000000e+00 8.000000000000000000e+00 1.000000000000000000e+01 1.000000000000000000e+00 3.200000000000000178e+00 2.539999999999999940e-04 5.105300000000000116e-02 9.986960000000000282e-01 2.494619999999999893e-01 9.671189999999999509e-01 -4.950199999999999739e-02 -9.683850000000000513e-01 2.491490000000000093e-01 -1.248999999999999937e-02
1.300000000000000000e+01 8.000000000000000000e+00 1.000000000000000000e+01 1.000000000000000000e+00 3.200000000000000178e+00 -7.619999999999999820e-04 1.114500000000000039e-02 9.999379999999999935e-01 2.520729999999999915e-01 9.676500000000000101e-01 -1.059299999999999999e-02 -9.677080000000000126e-01 2.520490000000000230e-01 -3.546999999999999806e-03
6.000000000000000000e+00 7.000000000000000000e+00 1.800000000000000000e+01 1.000000000000000000e+00 3.200000000000000178e+00 2.097699999999999912e-02 2.968300000000000105e-02 -9.993389999999999773e-01 -5.976860000000000506e-01 -8.009070000000000356e-01 -3.633499999999999924e-02 -8.014559999999999462e-01 5.980529999999999458e-01 9.399999999999999719e-04
1.200000000000000000e+01 7.000000000000000000e+00 1.800000000000000000e+01 1.000000000000000000e+00 3.200000000000000178e+00 4.399000000000000132e-03 5.118000000000000153e-03 -9.999770000000000048e-01 -6.033680000000000154e-01 -7.974339999999999762e-01 -6.735999999999999800e-03 -7.974510000000000209e-01 6.033840000000000314e-01 -4.200000000000000174e-04
1.000000000000000000e+00 2.400000000000000000e+01 1.800000000000000000e+01 1.000000000000000000e+00 3.200000000000000178e+00 2.001000000000000174e-03 1.142999999999999919e-03 9.999970000000000248e-01 -3.991799999999999793e-01 -9.168709999999999916e-01 1.845999999999999985e-03 9.168699999999999628e-01 -3.991819999999999813e-01 -1.379000000000000017e-03
6.000000000000000000e+00 2.400000000000000000e+01 1.800000000000000000e+01 1.000000000000000000e+00 3.200000000000000178e+00 8.645999999999999172e-03 8.633999999999999314e-03 9.999249999999999527e-01 -4.032109999999999861e-01 -9.150359999999999605e-01 1.138699999999999955e-02 9.150660000000000460e-01 -4.032789999999999986e-01 -4.429999999999999910e-03
1.200000000000000000e+01 9.000000000000000000e+00 2.400000000000000000e+01 1.000000000000000000e+00 3.200000000000000178e+00 2.386000000000000100e-03 1.706999999999999967e-03 9.999959999999999960e-01 -7.443560000000000176e-01 6.677830000000000155e-01 6.350000000000000392e-04 -6.677790000000000115e-01 -7.443539999999999601e-01 2.863999999999999792e-03
2.000000000000000000e+00 5.700000000000000000e+01 2.400000000000000000e+01 1.000000000000000000e+00 3.200000000000000178e+00 6.839999999999999726e-03 8.451000000000000179e-03 9.999409999999999688e-01 5.166290000000000049e-01 -8.562009999999999899e-01 3.701999999999999996e-03 8.561819999999999986e-01 5.165729999999999489e-01 -1.022299999999999945e-02
6.000000000000000000e+00 5.700000000000000000e+01 2.400000000000000000e+01 1.000000000000000000e+00 3.200000000000000178e+00 2.485100000000000156e-02 2.859599999999999989e-02 9.992820000000000036e-01 5.060149999999999926e-01 -8.624399999999999844e-01 1.209600000000000085e-02 8.621670000000000167e-01 5.053509999999999946e-01 -3.590299999999999742e-02
6.000000000000000000e+00 3.500000000000000000e+01 2.800000000000000000e+01 1.000000000000000000e+00 3.200000000000000178e+00 1.548099999999999997e-02 1.976199999999999832e-02 -9.996850000000000458e-01 -5.816109999999999891e-01 -8.130810000000000537e-01 -2.508000000000000160e-02 -8.133200000000000429e-01 5.818159999999999998e-01 -1.093999999999999920e-03
8.000000000000000000e+00 1.100000000000000000e+01 3.000000000000000000e+01 1.000000000000000000e+00 3.200000000000000178e+00 3.802999999999999957e-03 3.440399999999999708e-02 9.994009999999999838e-01 -3.673699999999999882e-02 9.987380000000000146e-01 -3.424100000000000060e-02 -9.993180000000000396e-01 -3.658499999999999946e-02 5.061999999999999660e-03
1.300000000000000000e+01 1.100000000000000000e+01 3.000000000000000000e+01 1.000000000000000000e+00 3.200000000000000178e+00 2.428000000000000037e-03 3.606999999999999963e-03 9.999909999999999632e-01 -4.334600000000000258e-02 9.990539999999999976e-01 -3.497999999999999807e-03 -9.990569999999999729e-01 -4.333700000000000052e-02 2.582000000000000094e-03
6.000000000000000000e+00 2.300000000000000000e+01 3.400000000000000000e+01 1.000000000000000000e+00 3.200000000000000178e+00 1.020399999999999953e-02 2.167200000000000029e-02 9.997129999999999628e-01 1.105450000000000044e-01 -9.936610000000000165e-01 2.041199999999999959e-02 9.938190000000000079e-01 1.103050000000000003e-01 -1.253499999999999927e-02
1.000000000000000000e+01 2.300000000000000000e+01 3.400000000000000000e+01 1.000000000000000000e+00 3.200000000000000178e+00 8.788999999999999937e-03 1.545599999999999925e-02 9.998420000000000085e-01 1.180230000000000029e-01 -9.929080000000000128e-01 1.431100000000000080e-02 9.929719999999999658e-01 1.178789999999999977e-01 -1.055000000000000035e-02
1.000000000000000000e+00 1.700000000000000000e+01 3.600000000000000000e+01 1.000000000000000000e+00 3.200000000000000178e+00 1.928999999999999942e-03 7.169999999999999724e-04 9.999980000000000535e-01 5.966719999999999802e-01 -8.024850000000000039e-01 -5.749999999999999903e-04 8.024829999999999464e-01 5.966719999999999802e-01 -1.975999999999999892e-03
4.000000000000000000e+00 2.200000000000000000e+01 3.700000000000000000e+01 1.000000000000000000e+00 3.200000000000000178e+00 1.894999999999999983e-03 1.065999999999999934e-02 9.999409999999999688e-01 2.405140000000000056e-01 -9.705949999999999855e-01 9.891000000000000486e-03 9.706439999999999513e-01 2.404810000000000003e-01 -4.402999999999999796e-03
8.000000000000000000e+00 2.200000000000000000e+01 3.700000000000000000e+01 1.000000000000000000e+00 3.200000000000000178e+00 5.067999999999999589e-03 2.298000000000000043e-02 9.997230000000000283e-01 2.338359999999999883e-01 -9.720459999999999656e-01 2.115799999999999972e-02 9.722629999999999884e-01 2.336640000000000106e-01 -1.030000000000000013e-02
1.200000000000000000e+01 2.200000000000000000e+01 3.700000000000000000e+01 1.000000000000000000e+00 3.200000000000000178e+00 1.726000000000000104e-03 4.932999999999999885e-03 9.999860000000000415e-01 2.341890000000000083e-01 -9.721809999999999619e-01 4.392000000000000071e-03 9.721899999999999986e-01 2.341779999999999973e-01 -2.834000000000000147e-03
6.000000000000000000e+00 6.000000000000000000e+00 3.900000000000000000e+01 1.000000000000000000e+00 3.200000000000000178e+00 5.275000000000000175e-03 1.954499999999999987e-02 9.997949999999999893e-01 4.288870000000000182e-01 -9.032270000000000021e-01 1.539500000000000070e-02 9.033430000000000071e-01 4.287179999999999880e-01 -1.314700000000000070e-02
1.400000000000000000e+01 6.000000000000000000e+00 3.900000000000000000e+01 1.000000000000000000e+00 3.200000000000000178e+00 1.750000000000000036e-03 -8.198000000000000426e-03 9.999649999999999928e-01 4.250149999999999761e-01 -9.051489999999999814e-01 -8.163999999999999382e-03 9.051850000000000174e-01 4.250149999999999761e-01 1.899999999999999996e-03
6.000000000000000000e+00 5.000000000000000000e+00 4.000000000000000000e+01 1.000000000000000000e+00 3.200000000000000178e+00 8.595000000000000209e-03 3.036200000000000010e-02 9.995020000000000016e-01 4.263509999999999800e-01 -9.042440000000000477e-01 2.380200000000000024e-02 9.045170000000000154e-01 4.259339999999999793e-01 -2.071699999999999930e-02
1.300000000000000000e+01 5.000000000000000000e+00 4.000000000000000000e+01 1.000000000000000000e+00 3.200000000000000178e+00 2.503000000000000017e-03 -3.742999999999999799e-03 9.999900000000000455e-01 4.178499999999999992e-01 -9.085050000000000070e-01 -4.446000000000000299e-03 9.085130000000000150e-01 4.178569999999999784e-01 -7.100000000000000191e-04
6.000000000000000000e+00 4.800000000000000000e+01 4.300000000000000000e+01 1.000000000000000000e+00 3.200000000000000178e+00 1.277099999999999937e-02 1.718099999999999836e-02 9.997709999999999653e-01 -9.874669999999999837e-01 1.575129999999999864e-01 9.906999999999999140e-03 -1.573060000000000014e-01 -9.873680000000000234e-01 1.897700000000000081e-02
6.000000000000000000e+00 4.400000000000000000e+01 4.600000000000000000e+01 1.000000000000000000e+00 3.200000000000000178e+00 1.698600000000000110e-02 3.024800000000000058e-02 -9.993980000000000086e-01 7.690449999999999786e-01 -6.391630000000000367e-01 -6.274000000000000063e-03 -6.389690000000000092e-01 -7.684760000000000479e-01 -3.411899999999999655e-02
6.000000000000000000e+00 3.200000000000000000e+01 4.800000000000000000e+01 1.000000000000000000e+00 3.200000000000000178e+00 3.205199999999999716e-02 1.544089999999999907e-01 -9.874870000000000037e-01 9.674220000000000041e-01 2.434520000000000017e-01 6.946900000000000297e-02 2.511329999999999951e-01 -9.575430000000000330e-01 -1.415760000000000074e-01
2.000000000000000000e+00 1.600000000000000000e+01 4.900000000000000000e+01 1.000000000000000000e+00 3.200000000000000178e+00 5.102999999999999897e-03 -2.217500000000000027e-02 9.997409999999999908e-01 9.827620000000000244e-01 -1.846480000000000066e-01 -9.112000000000000308e-03 1.848019999999999941e-01 9.825540000000000385e-01 2.085100000000000148e-02
8.000000000000000000e+00 1.300000000000000000e+01 5.100000000000000000e+01 1.000000000000000000e+00 3.200000000000000178e+00 1.965400000000000133e-02 1.010199999999999987e-02 9.997559999999999780e-01 -1.852229999999999988e-01 -9.826030000000000042e-01 1.357000000000000046e-02 9.825000000000000400e-01 -1.854439999999999977e-01 -1.744100000000000164e-02
1.200000000000000000e+01 1.600000000000000000e+01 6.000000000000000000e+01 1.000000000000000000e+00 3.200000000000000178e+00 2.212400000000000130e-02 1.446320000000000106e-01 9.892379999999999507e-01 -9.285060000000000535e-01 -3.638750000000000040e-01 7.396700000000000497e-02 3.706570000000000142e-01 -9.201500000000000234e-01 1.262409999999999921e-01
6.000000000000000000e+00 8.000000000000000000e+00 6.200000000000000000e+01 1.000000000000000000e+00 3.200000000000000178e+00 1.157000000000000042e-02 6.797200000000000464e-02 -9.976199999999999513e-01 6.827680000000000415e-01 -7.294389999999999485e-01 -4.178099999999999870e-02 -7.305430000000000534e-01 -6.806600000000000428e-01 -5.484800000000000092e-02
1.300000000000000000e+01 1.700000000000000000e+01 6.200000000000000000e+01 1.000000000000000000e+00 3.200000000000000178e+00 1.809600000000000097e-02 1.010800000000000032e-01 9.947139999999999871e-01 -9.046710000000000029e-01 -4.219600000000000017e-01 5.933700000000000085e-02 4.257270000000000221e-01 -9.009620000000000406e-01 8.380899999999999461e-02
6.000000000000000000e+00 3.100000000000000000e+01 6.200000000000000000e+01 1.000000000000000000e+00 3.200000000000000178e+00 9.223999999999999561e-03 7.309200000000000419e-02 9.972830000000000306e-01 9.641950000000000243e-01 -2.649869999999999726e-01 1.050300000000000018e-02 2.650350000000000206e-01 9.614780000000000548e-01 -7.291899999999999771e-02
6.000000000000000000e+00 1.000000000000000000e+01 6.400000000000000000e+01 1.000000000000000000e+00 3.200000000000000178e+00 1.510500000000000037e-02 7.630299999999999583e-02 -9.969700000000000228e-01 7.955550000000000122e-01 -6.049130000000000340e-01 -3.424300000000000260e-02 -6.056939999999999547e-01 -7.926269999999999705e-01 -6.983999999999999930e-02
1.200000000000000000e+01 1.000000000000000000e+01 6.400000000000000000e+01 1.000000000000000000e+00 3.200000000000000178e+00 4.390999999999999938e-03 2.064699999999999869e-02 -9.997770000000000268e-01 7.914750000000000396e-01 -6.111330000000000373e-01 -9.145000000000000351e-03 -6.111860000000000070e-01 -7.912580000000000169e-01 -1.902500000000000024e-02
6.000000000000000000e+00 1.100000000000000000e+01 6.500000000000000000e+01 1.000000000000000000e+00 3.200000000000000178e+00 1.958800000000000124e-02 7.334599999999999453e-02 -9.971139999999999448e-01 7.954930000000000057e-01 -6.052739999999999787e-01 -2.889600000000000155e-02 -6.056460000000000177e-01 -7.926309999999999745e-01 -7.020200000000000051e-02
1.200000000000000000e+01 1.100000000000000000e+01 6.500000000000000000e+01 1.000000000000000000e+00 3.200000000000000178e+00 5.494999999999999885e-03 1.817300000000000165e-02 -9.998200000000000420e-01 7.906450000000000422e-01 -6.122370000000000312e-01 -6.782999999999999967e-03 -6.122499999999999609e-01 -7.904649999999999732e-01 -1.773299999999999876e-02
1.200000000000000000e+01 1.000000000000000000e+01 6.800000000000000000e+01 1.000000000000000000e+00 3.200000000000000178e+00 3.177999999999999835e-03 7.213999999999999926e-03 9.999689999999999968e-01 -9.561629999999999852e-01 -2.927890000000000215e-01 5.151000000000000197e-03 2.928169999999999940e-01 -9.561500000000000554e-01 5.968000000000000214e-03
4.000000000000000000e+00 2.100000000000000000e+01 6.900000000000000000e+01 1.000000000000000000e+00 3.200000000000000178e+00 -1.187799999999999967e-02 2.262700000000000128e-02 9.996730000000000338e-01 -7.556019999999999959e-01 -6.550049999999999484e-01 5.847999999999999900e-03 6.549230000000000329e-01 -7.552860000000000129e-01 2.487699999999999981e-02
8.000000000000000000e+00 2.100000000000000000e+01 6.900000000000000000e+01 1.000000000000000000e+00 3.200000000000000178e+00 3.447800000000000170e-02 6.305399999999999894e-02 9.974140000000000228e-01 -8.131789999999999852e-01 -5.784089999999999510e-01 6.467499999999999638e-02 5.809919999999999529e-01 -8.133059999999999734e-01 3.133099999999999774e-02
6.000000000000000000e+00 4.000000000000000000e+00 8.000000000000000000e+01 1.000000000000000000e+00 3.200000000000000178e+00 1.300199999999999967e-02 2.730600000000000041e-02 9.995429999999999593e-01 -3.124299999999999994e-02 -9.991280000000000161e-01 2.770099999999999993e-02 9.994269999999999543e-01 -3.158899999999999902e-02 -1.213799999999999948e-02
1.000000000000000000e+00 5.300000000000000000e+01 9.400000000000000000e+01 1.000000000000000000e+00 3.200000000000000178e+00 7.025299999999999601e-02 4.133100000000000107e-01 -9.078760000000000163e-01 9.329300000000000370e-01 2.949729999999999852e-01 2.064779999999999949e-01 3.531380000000000075e-01 -8.614899999999999780e-01 -3.648669999999999969e-01
6.000000000000000000e+00 5.500000000000000000e+01 9.600000000000000000e+01 1.000000000000000000e+00 3.200000000000000178e+00 4.000299999999999689e-02 4.547099999999999753e-02 9.981640000000000512e-01 -9.073419999999999819e-01 4.200400000000000245e-01 1.722800000000000026e-02 -4.184849999999999959e-01 -9.063660000000000050e-01 5.806000000000000050e-02
1.000000000000000000e+01 5.500000000000000000e+01 9.600000000000000000e+01 1.000000000000000000e+00 3.200000000000000178e+00 1.205600000000000074e-02 -2.175999999999999983e-03 9.999249999999999527e-01 -9.231350000000000389e-01 3.842889999999999917e-01 1.196700000000000021e-02 -3.842869999999999897e-01 -9.232099999999999751e-01 2.625000000000000163e-03
4.000000000000000000e+00 4.000000000000000000e+00 2.000000000000000000e+00 1.000000000000000000e+00 4.031747000000000192e+00 6.990999999999999819e-03 -9.079999999999999530e-04 9.999749999999999472e-01 8.490599999999999536e-02 -9.963880000000000514e-01 -1.497999999999999983e-03 9.963640000000000274e-01 8.491400000000000337e-02 -6.888000000000000025e-03
5.000000000000000000e+00 2.000000000000000000e+00 6.000000000000000000e+00 1.000000000000000000e+00 4.031747000000000192e+00 -1.283699999999999945e-02 3.825400000000000328e-02 -9.991860000000000186e-01 -1.148109999999999964e-01 -9.927150000000000141e-01 -3.653100000000000097e-02 -9.933039999999999647e-01 1.142490000000000033e-01 1.713599999999999846e-02
5.000000000000000000e+00 8.000000000000000000e+00 7.000000000000000000e+00 1.000000000000000000e+00 4.031747000000000192e+00 1.596200000000000049e-02 -2.727500000000000063e-02 9.995009999999999728e-01 1.188359999999999972e-01 -9.924910000000000121e-01 -2.898099999999999982e-02 9.927859999999999463e-01 1.192399999999999988e-01 -1.260099999999999935e-02
9.000000000000000000e+00 2.000000000000000000e+01 7.000000000000000000e+00 1.000000000000000000e+00 4.031747000000000192e+00 -2.234200000000000075e-02 -4.050900000000000334e-02 -9.989289999999999559e-01 -6.951869999999999994e-01 -7.174409999999999954e-01 4.464200000000000113e-02 -7.184819999999999540e-01 6.954399999999999471e-01 -1.213200000000000042e-02
3.000000000000000000e+00 2.100000000000000000e+01 8.000000000000000000e+00 1.000000000000000000e+00 4.031747000000000192e+00 -1.244699999999999973e-02 -2.461699999999999999e-02 -9.996190000000000353e-01 -7.940810000000000368e-01 -6.073039999999999550e-01 2.484300000000000050e-02 -6.076850000000000307e-01 7.940880000000000161e-01 -1.198899999999999966e-02
9.000000000000000000e+00 2.100000000000000000e+01 8.000000000000000000e+00 1.000000000000000000e+00 4.031747000000000192e+00 -1.864599999999999938e-02 -3.231799999999999951e-02 -9.993039999999999701e-01 -7.988089999999999913e-01 -6.006040000000000267e-01 3.432899999999999840e-02 -6.012960000000000527e-01 7.988929999999999643e-01 -1.461699999999999978e-02
1.000000000000000000e+00 9.000000000000000000e+00 1.000000000000000000e+01 1.000000000000000000e+00 4.031747000000000192e+00 -1.445000000000000104e-03 1.531700000000000075e-02 9.998820000000000485e-01 1.910030000000000061e-01 9.814779999999999616e-01 -1.475899999999999955e-02 -9.815880000000000161e-01 1.909589999999999899e-01 -4.343999999999999771e-03
9.000000000000000000e+00 9.000000000000000000e+00 1.000000000000000000e+01 1.000000000000000000e+00 4.031747000000000192e+00 -2.301999999999999793e-03 5.035300000000000192e-02 9.987289999999999779e-01 1.963900000000000090e-01 9.793049999999999811e-01 -4.892099999999999921e-02 -9.805230000000000334e-01 1.960270000000000068e-01 -1.214400000000000028e-02
6.000000000000000000e+00 1.400000000000000000e+01 1.900000000000000000e+01 1.000000000000000000e+00 4.031747000000000192e+00 1.446599999999999969e-02 2.433899999999999952e-02 -9.995990000000000153e-01 6.837379999999999569e-01 7.292030000000000456e-01 2.765099999999999850e-02 7.295840000000000103e-01 -6.838640000000000274e-01 -6.093000000000000325e-03
1.200000000000000000e+01 1.400000000000000000e+01 1.900000000000000000e+01 1.000000000000000000e+00 4.031747000000000192e+00 8.906000000000000721e-03 1.491600000000000044e-02 -9.998489999999999878e-01 6.836839999999999584e-01 7.295810000000000350e-01 1.697399999999999951e-02 7.297240000000000393e-01 -6.837320000000000064e-01 -3.700000000000000164e-03
6.000000000000000000e+00 1.200000000000000000e+01 2.200000000000000000e+01 1.000000000000000000e+00 4.031747000000000192e+00 1.329800000000000079e-02 1.857899999999999829e-02 -9.997390000000000443e-01 8.270330000000000181e-01 5.617440000000000211e-01 2.144000000000000072e-02 5.619960000000000511e-01 -8.271020000000000039e-01 -7.894999999999999241e-03
9.000000000000000000e+00 2.900000000000000000e+01 2.300000000000000000e+01 1.000000000000000000e+00 4.031747000000000192e+00 6.653000000000000060e-03 3.422999999999999654e-02 -9.993919999999999471e-01 7.139500000000000013e-02 -9.968799999999999883e-01 -3.366899999999999754e-02 -9.974260000000000348e-01 -7.112799999999999678e-02 -9.076000000000000734e-03
1.200000000000000000e+01 2.700000000000000000e+01 3.100000000000000000e+01 1.000000000000000000e+00 4.031747000000000192e+00 3.080000000000000055e-04 1.087499999999999925e-02 9.999409999999999688e-01 -2.598449999999999926e-01 9.655939999999999523e-01 -1.042099999999999971e-02 -9.656500000000000083e-01 -2.598269999999999746e-01 3.122999999999999908e-03
1.000000000000000000e+00 1.900000000000000000e+01 4.100000000000000000e+01 1.000000000000000000e+00 4.031747000000000192e+00 4.276000000000000287e-03 5.036999999999999811e-03 9.999780000000000335e-01 7.792499999999999982e-01 -6.267139999999999933e-01 -1.749999999999999982e-04 6.266990000000000061e-01 7.792329999999999535e-01 -6.604999999999999760e-03
6.000000000000000000e+00 1.900000000000000000e+01 4.100000000000000000e+01 1.000000000000000000e+00 4.031747000000000192e+00 1.606000000000000136e-02 3.420200000000000323e-02 9.992860000000000076e-01 7.780430000000000401e-01 -6.281470000000000109e-01 8.994999999999999524e-03 6.280059999999999532e-01 7.773430000000000062e-01 -3.669800000000000145e-02
1.000000000000000000e+00 1.800000000000000000e+01 4.200000000000000000e+01 1.000000000000000000e+00 4.031747000000000192e+00 5.435999999999999860e-03 3.873999999999999840e-03 9.999780000000000335e-01 7.921559999999999713e-01 -6.103150000000000519e-01 -1.941999999999999933e-03 6.102940000000000031e-01 7.921489999999999920e-01 -6.387000000000000316e-03
9.000000000000000000e+00 2.100000000000000000e+01 4.300000000000000000e+01 1.000000000000000000e+00 4.031747000000000192e+00 4.727000000000000299e-03 3.755900000000000211e-02 -9.992830000000000323e-01 -9.590600000000000236e-01 -2.827979999999999938e-01 -1.516499999999999966e-02 -2.831650000000000000e-01 9.584439999999999626e-01 3.468399999999999955e-02
6.000000000000000000e+00 1.600000000000000000e+01 4.900000000000000000e+01 1.000000000000000000e+00 4.031747000000000192e+00 -1.810499999999999957e-02 1.628800000000000039e-02 9.997030000000000083e-01 9.151650000000000063e-01 -4.024159999999999959e-01 2.313000000000000125e-02 4.026739999999999764e-01 9.153120000000000145e-01 -7.620000000000000037e-03
5.000000000000000000e+00 4.000000000000000000e+00 5.100000000000000000e+01 1.000000000000000000e+00 4.031747000000000192e+00 7.112000000000000266e-03 9.830000000000000196e-03 -9.999259999999999815e-01 8.489710000000000312e-01 5.283189999999999831e-01 1.123200000000000066e-02 5.283910000000000551e-01 -8.489889999999999937e-01 -4.588000000000000064e-03
5.000000000000000000e+00 3.000000000000000000e+00 5.200000000000000000e+01 1.000000000000000000e+00 4.031747000000000192e+00 8.571999999999999759e-03 1.929900000000000018e-02 -9.997770000000000268e-01 9.150740000000000540e-01 4.029840000000000089e-01 1.562500000000000000e-02 4.031959999999999988e-01 -9.150040000000000395e-01 -1.420599999999999988e-02
1.200000000000000000e+01 3.000000000000000000e+00 5.200000000000000000e+01 1.000000000000000000e+00 4.031747000000000192e+00 3.294000000000000053e-03 1.106500000000000018e-02 -9.999329999999999607e-01 9.066030000000000477e-01 4.219149999999999845e-01 7.655999999999999611e-03 4.219709999999999850e-01 -9.065680000000000405e-01 -8.640999999999999376e-03
1.200000000000000000e+01 1.300000000000000000e+01 5.500000000000000000e+01 1.000000000000000000e+00 4.031747000000000192e+00 4.957999999999999734e-03 2.434700000000000059e-02 9.996909999999999963e-01 -8.789759999999999796e-01 -4.765989999999999949e-01 1.596600000000000102e-02 4.768410000000000148e-01 -8.787829999999999808e-01 1.903699999999999837e-02
9.000000000000000000e+00 1.300000000000000000e+01 6.300000000000000000e+01 1.000000000000000000e+00 4.031747000000000192e+00 9.993999999999999412e-03 1.840400000000000091e-01 -9.828679999999999639e-01 7.393049999999999899e-01 -6.631869999999999710e-01 -1.166630000000000028e-01 -6.732960000000000056e-01 -7.254739999999999522e-01 -1.426890000000000103e-01
1.300000000000000000e+01 1.300000000000000000e+01 6.300000000000000000e+01 1.000000000000000000e+00 4.031747000000000192e+00 6.753000000000000322e-03 5.762899999999999967e-02 -9.983149999999999524e-01 7.216200000000000392e-01 -6.914019999999999611e-01 -3.503099999999999964e-02 -6.922559999999999825e-01 -7.201680000000000303e-01 -4.625499999999999751e-02
1.200000000000000000e+01 2.500000000000000000e+01 7.000000000000000000e+01 1.000000000000000000e+00 4.031747000000000192e+00 1.570900000000000074e-02 2.062599999999999850e-02 9.996639999999999970e-01 -9.296269999999999811e-01 -3.678319999999999923e-01 2.219799999999999898e-02 3.681659999999999933e-01 -9.296630000000000171e-01 1.339699999999999919e-02
6.000000000000000000e+00 3.000000000000000000e+00 8.000000000000000000e+01 1.000000000000000000e+00 4.031747000000000192e+00 8.222999999999999407e-03 2.752599999999999839e-02 9.995870000000000033e-01 2.301100000000000020e-02 -9.993619999999999726e-01 2.733100000000000113e-02 9.997009999999999508e-01 2.277600000000000111e-02 -8.850999999999999493e-03
1.100000000000000000e+01 3.000000000000000000e+00 8.000000000000000000e+01 1.000000000000000000e+00 4.031747000000000192e+00 6.191999999999999588e-03 1.651700000000000043e-02 9.998439999999999550e-01 2.542499999999999968e-02 -9.995429999999999593e-01 1.635400000000000048e-02 9.996580000000000465e-01 2.531999999999999876e-02 -6.609000000000000291e-03
1.200000000000000000e+01 4.600000000000000000e+01 8.400000000000000000e+01 1.000000000000000000e+00 4.031747000000000192e+00 -5.636000000000000384e-03 -7.919000000000000691e-03 -9.999529999999999808e-01 9.950440000000000396e-01 -9.931700000000000250e-02 -4.821999999999999897e-03 -9.927400000000000113e-02 -9.950240000000000196e-01 8.439999999999999586e-03
6.000000000000000000e+00 5.500000000000000000e+01 9.700000000000000000e+01 1.000000000000000000e+00 4.031747000000000192e+00 6.171399999999999803e-02 3.556000000000000133e-02 9.974600000000000133e-01 -9.339229999999999476e-01 3.546119999999999828e-01 4.513999999999999957e-02 -3.521059999999999746e-01 -9.343369999999999731e-01 5.509499999999999814e-02
5.000000000000000000e+00 2.200000000000000000e+01 1.000000000000000000e+00 1.000000000000000000e+00 5.079683000000000170e+00 -1.332119999999999971e-01 -6.628599999999999770e-02 -9.888679999999999692e-01 -9.536040000000000072e-01 -2.632340000000000235e-01 1.461069999999999869e-01 -2.699889999999999790e-01 9.624519999999999742e-01 -2.814499999999999988e-02
5.000000000000000000e+00 3.000000000000000000e+00 6.000000000000000000e+00 1.000000000000000000e+00 5.079683000000000170e+00 -1.708499999999999949e-02 -4.723999999999999901e-03 -9.998430000000000373e-01 -3.486199999999999716e-02 -9.993779999999999886e-01 5.317999999999999811e-03 -9.992459999999999676e-01 3.494799999999999990e-02 1.691000000000000142e-02
9.000000000000000000e+00 1.000000000000000000e+01 1.000000000000000000e+01 1.000000000000000000e+00 5.079683000000000170e+00 -2.985999999999999939e-03 4.039299999999999835e-02 9.991790000000000393e-01 1.098750000000000004e-01 9.931470000000000020e-01 -3.982100000000000223e-02 -9.939409999999999634e-01 1.096649999999999986e-01 -7.402999999999999858e-03
5.000000000000000000e+00 2.700000000000000000e+01 1.000000000000000000e+01 1.000000000000000000e+00 5.079683000000000170e+00 -3.725000000000000012e-03 6.341000000000000282e-03 -9.999730000000000008e-01 -9.048610000000000264e-01 4.256639999999999868e-01 6.069999999999999875e-03 4.256909999999999861e-01 9.048589999999999689e-01 4.152000000000000308e-03
1.200000000000000000e+01 2.100000000000000000e+01 1.300000000000000000e+01 1.000000000000000000e+00 5.079683000000000170e+00 4.748999999999999749e-03 -4.209000000000000068e-03 9.999799999999999800e-01 5.921659999999999702e-01 -8.057919999999999527e-01 -6.204000000000000313e-03 8.058020000000000183e-01 5.921840000000000437e-01 -1.333999999999999899e-03
9.000000000000000000e+00 2.500000000000000000e+01 1.500000000000000000e+01 1.000000000000000000e+00 5.079683000000000170e+00 3.108999999999999785e-03 5.268000000000000113e-03 9.999810000000000088e-01 4.157839999999999869e-01 -9.094569999999999599e-01 3.498999999999999940e-03 9.094579999999999886e-01 4.157660000000000244e-01 -5.017999999999999891e-03
6.000000000000000000e+00 5.100000000000000000e+01 2.500000000000000000e+01 1.000000000000000000e+00 5.079683000000000170e+00 1.235699999999999993e-02 2.107600000000000098e-02 9.997019999999999795e-01 -9.712509999999999755e-01 2.379560000000000008e-01 6.988000000000000288e-03 -2.377370000000000039e-01 -9.710469999999999935e-01 2.341000000000000025e-02
5.000000000000000000e+00 8.000000000000000000e+00 2.600000000000000000e+01 1.000000000000000000e+00 5.079683000000000170e+00 7.295000000000000269e-03 1.935600000000000168e-02 9.997859999999999525e-01 -7.948450000000000237e-01 6.067829999999999613e-01 -5.947000000000000029e-03 -6.067679999999999740e-01 -7.946320000000000050e-01 1.981099999999999875e-02
6.000000000000000000e+00 3.600000000000000000e+01 2.800000000000000000e+01 1.000000000000000000e+00 5.079683000000000170e+00 1.229099999999999984e-02 2.190200000000000133e-02 -9.996850000000000458e-01 6.754449999999999621e-01 -7.373680000000000234e-01 -7.849999999999999339e-03 -7.373079999999999634e-01 -6.751359999999999584e-01 -2.385699999999999973e-02
1.300000000000000000e+01 3.600000000000000000e+01 2.800000000000000000e+01 1.000000000000000000e+00 5.079683000000000170e+00 5.771000000000000088e-03 1.434099999999999958e-02 -9.998799999999999910e-01 6.775470000000000104e-01 -7.354490000000000194e-01 -6.637999999999999803e-03 -7.354570000000000274e-01 -6.774280000000000301e-01 -1.396099999999999945e-02
1.200000000000000000e+01 1.100000000000000000e+01 3.300000000000000000e+01 1.000000000000000000e+00 5.079683000000000170e+00 2.409999999999999816e-03 1.814400000000000041e-02 -9.998329999999999718e-01 1.076759999999999939e-01 9.940179999999999572e-01 1.829799999999999829e-02 9.941830000000000389e-01 -1.077020000000000061e-01 4.420000000000000101e-04
6.000000000000000000e+00 3.500000000000000000e+01 3.700000000000000000e+01 1.000000000000000000e+00 5.079683000000000170e+00 5.544000000000000317e-03 2.934200000000000003e-02 9.995540000000000536e-01 3.508439999999999892e-01 -9.360859999999999737e-01 2.553300000000000014e-02 9.364179999999999726e-01 3.505460000000000242e-01 -1.548399999999999950e-02
1.300000000000000000e+01 3.500000000000000000e+01 3.700000000000000000e+01 1.000000000000000000e+00 5.079683000000000170e+00 3.729999999999999809e-03 1.623899999999999996e-02 9.998609999999999998e-01 3.497310000000000141e-01 -9.367469999999999963e-01 1.390899999999999949e-02 9.368429999999999813e-01 3.496310000000000251e-01 -9.173000000000000598e-03
9.000000000000000000e+00 4.500000000000000000e+01 3.900000000000000000e+01 1.000000000000000000e+00 5.079683000000000170e+00 3.748000000000000029e-03 7.330999999999999843e-03 -9.999660000000000215e-01 -8.277569999999999650e-01 5.610870000000000024e-01 1.010999999999999963e-03 5.610749999999999904e-01 8.277250000000000441e-01 8.170999999999999444e-03
9.000000000000000000e+00 2.900000000000000000e+01 4.200000000000000000e+01 1.000000000000000000e+00 5.079683000000000170e+00 2.301699999999999927e-02 1.957000000000000059e-02 -9.995429999999999593e-01 -9.964899999999999869e-01 -8.004600000000000604e-02 -2.451400000000000107e-02 -8.048900000000000499e-02 9.965990000000000126e-01 1.765900000000000108e-02
6.000000000000000000e+00 4.300000000000000000e+01 4.600000000000000000e+01 1.000000000000000000e+00 5.079683000000000170e+00 1.065800000000000081e-02 2.334800000000000070e-02 9.996709999999999763e-01 -9.434519999999999573e-01 3.315020000000000189e-01 2.315999999999999916e-03 -3.313389999999999946e-01 -9.431659999999999489e-01 2.556100000000000039e-02
9.000000000000000000e+00 1.300000000000000000e+01 6.200000000000000000e+01 1.000000000000000000e+00 5.079683000000000170e+00 -2.415700000000000139e-02 1.904899999999999927e-01 -9.813920000000000421e-01 7.749859999999999527e-01 -6.165589999999999682e-01 -1.387510000000000132e-01 -6.315169999999999950e-01 -7.639169999999999572e-01 -1.327329999999999899e-01
9.000000000000000000e+00 2.700000000000000000e+01 6.300000000000000000e+01 1.000000000000000000e+00 5.079683000000000170e+00 1.353209999999999968e-01 5.788200000000000289e-02 -9.891100000000000447e-01 -9.792790000000000106e-01 1.596220000000000139e-01 -1.246349999999999958e-01 1.506699999999999984e-01 9.854800000000000226e-01 7.828300000000000536e-02
5.000000000000000000e+00 2.500000000000000000e+01 6.900000000000000000e+01 1.000000000000000000e+00 5.079683000000000170e+00 2.106999999999999845e-02 7.110199999999999854e-02 9.972459999999999658e-01 -7.970270000000000410e-01 -6.009870000000000489e-01 5.968899999999999900e-02 6.035760000000000014e-01 -7.960899999999999643e-01 4.400799999999999851e-02
1.200000000000000000e+01 2.500000000000000000e+01 6.900000000000000000e+01 1.000000000000000000e+00 5.079683000000000170e+00 3.210600000000000259e-02 4.645599999999999730e-02 9.984039999999999582e-01 -8.748439999999999550e-01 -4.817589999999999928e-01 5.054899999999999671e-02 4.833390000000000186e-01 -8.750710000000000433e-01 2.517399999999999846e-02
3.000000000000000000e+00 3.000000000000000000e+00 2.000000000000000000e+00 2.000000000000000000e+00 6.400000000000000355e+00 2.091200000000000003e-02 -3.910799999999999693e-02 9.990160000000000151e-01 -1.553730000000000111e-01 -9.872220000000000439e-01 -3.539400000000000185e-02 9.876350000000000406e-01 -1.544800000000000062e-01 -2.672100000000000170e-02
5.000000000000000000e+00 5.000000000000000000e+00 5.000000000000000000e+00 2.000000000000000000e+00 6.400000000000000355e+00 -4.331999999999999913e-03 3.502999999999999864e-02 9.993769999999999598e-01 2.094999999999999987e-02 9.991700000000000026e-01 -3.493199999999999777e-02 -9.997709999999999653e-01 2.078599999999999892e-02 -5.061999999999999660e-03
3.000000000000000000e+00 1.300000000000000000e+01 1.000000000000000000e+01 2.000000000000000000e+00 6.400000000000000355e+00 6.823000000000000072e-03 1.730900000000000147e-02 -9.998270000000000213e-01 -1.187200000000000061e-01 -9.927650000000000086e-01 -1.799699999999999911e-02 -9.929040000000000088e-01 1.188229999999999981e-01 -4.719000000000000104e-03
4.000000000000000000e+00 1.400000000000000000e+01 1.200000000000000000e+01 2.000000000000000000e+00 6.400000000000000355e+00 1.845199999999999965e-02 2.708100000000000090e-02 -9.994629999999999903e-01 -4.762799999999999673e-02 -9.984739999999999727e-01 -2.793400000000000050e-02 -9.986949999999999994e-01 4.811800000000000105e-02 -1.713399999999999992e-02
2.000000000000000000e+00 4.000000000000000000e+00 1.300000000000000000e+01 2.000000000000000000e+00 6.400000000000000355e+00 9.008000000000000382e-03 2.524600000000000108e-02 9.996410000000000018e-01 -8.279290000000000260e-01 5.607919999999999572e-01 -6.701999999999999624e-03 -5.607600000000000362e-01 -8.275719999999999743e-01 2.595400000000000137e-02
6.000000000000000000e+00 4.000000000000000000e+00 1.300000000000000000e+01 2.000000000000000000e+00 6.400000000000000355e+00 8.385999999999999358e-03 2.654799999999999868e-02 9.996119999999999450e-01 -8.302899999999999725e-01 5.572759999999999936e-01 -7.834999999999999951e-03 -5.572679999999999856e-01 -8.299029999999999463e-01 2.671600000000000016e-02
3.000000000000000000e+00 1.800000000000000000e+01 1.400000000000000000e+01 2.000000000000000000e+00 6.400000000000000355e+00 1.903699999999999837e-02 2.223299999999999929e-02 -9.995720000000000161e-01 7.007160000000000055e-01 -7.134359999999999591e-01 -2.524000000000000202e-03 -7.131870000000000154e-01 -7.003669999999999618e-01 -2.916099999999999942e-02
3.000000000000000000e+00 1.200000000000000000e+01 2.000000000000000000e+01 2.000000000000000000e+00 6.400000000000000355e+00 3.045899999999999996e-02 3.433100000000000041e-02 -9.989460000000000006e-01 -9.995319999999999760e-01 -1.701000000000000038e-03 -3.053600000000000064e-02 -2.748000000000000009e-03 9.994089999999999918e-01 3.426300000000000179e-02
5.000000000000000000e+00 1.500000000000000000e+01 2.100000000000000000e+01 2.000000000000000000e+00 6.400000000000000355e+00 2.932900000000000090e-02 3.035099999999999951e-02 -9.991090000000000249e-01 -9.927009999999999446e-01 -1.160920000000000007e-01 -3.266700000000000159e-02 -1.169800000000000006e-01 9.927749999999999631e-01 2.672499999999999876e-02
1.000000000000000000e+00 2.000000000000000000e+01 2.400000000000000000e+01 2.000000000000000000e+00 6.400000000000000355e+00 8.855999999999999289e-03 1.645800000000000041e-02 9.998249999999999638e-01 -9.499450000000000394e-01 3.123989999999999823e-01 3.272000000000000169e-03 -3.122909999999999853e-01 -9.498079999999999856e-01 1.840100000000000069e-02
5.000000000000000000e+00 2.000000000000000000e+01 2.400000000000000000e+01 2.000000000000000000e+00 6.400000000000000355e+00 1.020800000000000006e-02 1.959599999999999884e-02 9.997559999999999780e-01 -9.490129999999999955e-01 3.152170000000000250e-01 3.510999999999999798e-03 -3.150720000000000187e-01 -9.488170000000000215e-01 2.181500000000000106e-02
5.000000000000000000e+00 2.000000000000000000e+00 3.100000000000000000e+01 2.000000000000000000e+00 6.400000000000000355e+00 1.934400000000000008e-02 2.840900000000000022e-02 -9.994089999999999918e-01 9.992649999999999588e-01 3.254399999999999654e-02 2.026599999999999929e-02 3.310099999999999848e-02 -9.990660000000000096e-01 -2.775800000000000142e-02
4.000000000000000000e+00 1.400000000000000000e+01 3.100000000000000000e+01 2.000000000000000000e+00 6.400000000000000355e+00 1.276390000000000025e-01 1.023690000000000017e-01 -9.865239999999999565e-01 -9.896789999999999754e-01 -5.218199999999999922e-02 -1.334619999999999973e-01 -6.514100000000000446e-02 9.933769999999999545e-01 9.465200000000000002e-02
3.000000000000000000e+00 5.000000000000000000e+00 3.200000000000000000e+01 2.000000000000000000e+00 6.400000000000000355e+00 7.522000000000000040e-03 6.565899999999999515e-02 -9.978139999999999787e-01 7.004770000000000163e-01 -7.124620000000000397e-01 -4.160099999999999909e-02 -7.136350000000000193e-01 -6.986329999999999485e-01 -5.135200000000000181e-02
4.000000000000000000e+00 7.000000000000000000e+00 3.200000000000000000e+01 2.000000000000000000e+00 6.400000000000000355e+00 -3.839700000000000057e-02 1.601670000000000038e-01 -9.863429999999999698e-01 6.850960000000000383e-01 -7.143460000000000365e-01 -1.426689999999999903e-01 -7.274399999999999755e-01 -6.812169999999999614e-01 -8.230099999999999916e-02
3.000000000000000000e+00 1.000000000000000000e+00 3.300000000000000000e+01 2.000000000000000000e+00 6.400000000000000355e+00 1.507000000000000093e-03 1.492500000000000077e-02 9.998869999999999703e-01 -9.459070000000000533e-01 3.244179999999999842e-01 -3.416999999999999899e-03 -3.244330000000000269e-01 -9.457959999999999701e-01 1.460700000000000019e-02
6.000000000000000000e+00 1.000000000000000000e+00 3.300000000000000000e+01 2.000000000000000000e+00 6.400000000000000355e+00 7.489999999999999913e-04 1.351300000000000071e-02 9.999080000000000190e-01 -9.450020000000000087e-01 3.270429999999999726e-01 -3.712000000000000022e-03 -3.270629999999999926e-01 -9.449130000000000029e-01 1.301500000000000053e-02
3.000000000000000000e+00 1.200000000000000000e+01 3.300000000000000000e+01 2.000000000000000000e+00 6.400000000000000355e+00 1.000039999999999957e-01 1.376999999999999891e-01 9.854129999999999834e-01 -8.327660000000000062e-01 -5.304109999999999658e-01 1.586309999999999942e-01 5.445179999999999465e-01 -8.364819999999999478e-01 6.162900000000000322e-02
2.000000000000000000e+00 1.400000000000000000e+01 5.000000000000000000e+00 2.000000000000000000e+00 8.063494999999999635e+00 -1.770700000000000052e-02 -2.144000000000000072e-03 -9.998409999999999798e-01 -9.996690000000000298e-01 -1.865100000000000091e-02 1.774399999999999936e-02 -1.868600000000000122e-02 9.998240000000000460e-01 -1.812999999999999941e-03
2.000000000000000000e+00 2.000000000000000000e+00 6.000000000000000000e+00 2.000000000000000000e+00 8.063494999999999635e+00 -9.162999999999999270e-03 -7.328000000000000312e-03 -9.999310000000000143e-01 1.789999999999999925e-02 -9.998139999999999805e-01 7.163000000000000096e-03 -9.997979999999999645e-01 -1.783300000000000163e-02 9.292999999999999178e-03
1.000000000000000000e+00 1.000000000000000000e+01 7.000000000000000000e+00 2.000000000000000000e+00 8.063494999999999635e+00 -5.472000000000000301e-03 -1.504899999999999988e-02 -9.998719999999999830e-01 -4.655239999999999934e-01 -8.848930000000000407e-01 1.586600000000000163e-02 -8.850179999999999714e-01 4.655509999999999926e-01 -2.164000000000000125e-03
3.000000000000000000e+00 2.600000000000000000e+01 1.300000000000000000e+01 2.000000000000000000e+00 8.063494999999999635e+00 1.012500000000000032e-02 1.719100000000000142e-02 -9.998010000000000508e-01 9.433660000000000379e-01 -3.317309999999999981e-01 3.848999999999999991e-03 -3.315989999999999771e-01 -9.432169999999999721e-01 -1.957599999999999965e-02
5.000000000000000000e+00 1.600000000000000000e+01 1.600000000000000000e+01 2.000000000000000000e+00 8.063494999999999635e+00 1.322800000000000017e-02 2.004999999999999838e-02 -9.997120000000000450e-01 2.921540000000000248e-01 -9.562490000000000157e-01 -1.531300000000000022e-02 -9.562800000000000189e-01 -2.918669999999999876e-01 -1.850699999999999915e-02
3.000000000000000000e+00 2.000000000000000000e+01 1.800000000000000000e+01 2.000000000000000000e+00 8.063494999999999635e+00 8.325000000000000802e-03 6.556000000000000195e-03 9.999440000000000550e-01 5.213229999999999809e-01 8.533009999999999762e-01 -9.934999999999999387e-03 -8.533190000000000497e-01 5.213769999999999794e-01 3.686000000000000040e-03
2.000000000000000000e+00 7.000000000000000000e+00 3.100000000000000000e+01 2.000000000000000000e+00 8.063494999999999635e+00 1.017499999999999932e-01 9.631699999999999984e-02 9.901360000000000161e-01 -9.494310000000000249e-01 -2.877770000000000050e-01 1.255600000000000049e-01 2.970320000000000182e-01 -9.528419999999999668e-01 6.216499999999999804e-02
3.000000000000000000e+00 1.100000000000000000e+01 3.200000000000000000e+01 2.000000000000000000e+00 8.063494999999999635e+00 1.303140000000000132e-01 1.109429999999999999e-01 9.852459999999999551e-01 -9.207370000000000276e-01 -3.550719999999999987e-01 1.617639999999999911e-01 3.677799999999999958e-01 -9.282319999999999460e-01 5.587899999999999812e-02
1.000000000000000000e+00 1.000000000000000000e+01 3.400000000000000000e+01 2.000000000000000000e+00 8.063494999999999635e+00 -1.014999999999999930e-02 9.865000000000000158e-02 -9.950700000000000101e-01 5.439739999999999576e-01 -8.344460000000000210e-01 -8.827500000000000624e-02 -8.390400000000000080e-01 -5.421890000000000320e-01 -4.519399999999999806e-02
3.000000000000000000e+00 2.700000000000000000e+01 4.000000000000000000e+00 2.000000000000000000e+00 1.015936699999999959e+01 1.835300000000000126e-02 6.658400000000000429e-02 -9.976120000000000543e-01 -9.014879999999999560e-01 4.326289999999999858e-01 1.229000000000000058e-02 4.324149999999999938e-01 8.991099999999999648e-01 6.796399999999999664e-02
3.000000000000000000e+00 2.600000000000000000e+01 5.000000000000000000e+00 2.000000000000000000e+00 1.015936699999999959e+01 1.348500000000000046e-02 5.751400000000000262e-02 -9.982539999999999747e-01 -9.118570000000000286e-01 4.103510000000000213e-01 1.132400000000000073e-02 4.102859999999999840e-01 9.101120000000000321e-01 5.797800000000000176e-02
2.000000000000000000e+00 9.000000000000000000e+00 8.000000000000000000e+00 2.000000000000000000e+00 1.015936699999999959e+01 1.169999999999999979e-04 2.088100000000000026e-02 9.997819999999999485e-01 -4.232460000000000111e-01 9.058180000000000121e-01 -1.886900000000000036e-02 -9.060150000000000148e-01 -4.231519999999999726e-01 8.944000000000000561e-03
5.000000000000000000e+00 6.000000000000000000e+00 1.400000000000000000e+01 2.000000000000000000e+00 1.015936699999999959e+01 4.919999999999999894e-03 1.223600000000000035e-02 9.999130000000000518e-01 -4.066069999999999962e-01 9.135569999999999524e-01 -9.178000000000000394e-03 -9.135900000000000132e-01 -4.065270000000000272e-01 9.468999999999999986e-03
2.000000000000000000e+00 1.300000000000000000e+01 2.000000000000000000e+01 2.000000000000000000e+00 1.015936699999999959e+01 5.107500000000000234e-02 2.108200000000000005e-02 -9.984720000000000262e-01 -9.915840000000000209e-01 -1.180230000000000029e-01 -5.321399999999999741e-02 -1.189640000000000003e-01 9.927869999999999751e-01 1.487699999999999960e-02
5.000000000000000000e+00 1.000000000000000000e+01 2.300000000000000000e+01 2.000000000000000000e+00 1.015936699999999959e+01 7.697500000000000175e-02 5.405399999999999788e-02 -9.955669999999999797e-01 -9.755409999999999915e-01 -2.021280000000000021e-01 -8.640100000000000557e-02 -2.059020000000000017e-01 9.778660000000000130e-01 3.717299999999999771e-02
3.000000000000000000e+00 1.300000000000000000e+01 2.300000000000000000e+01 2.000000000000000000e+00 1.015936699999999959e+01 7.371800000000000574e-02 4.317000000000000004e-02 -9.963440000000000074e-01 -9.810999999999999721e-01 -1.760909999999999975e-01 -8.021999999999999964e-02 -1.789100000000000135e-01 9.834270000000000511e-01 2.937299999999999980e-02
