2.100000000000000000e+01 1.900000000000000000e+01 5.000000000000000000e+00 0.000000000000000000e+00 1.600000000000000089e+00 2.849999999999999886e-04 -1.789999999999999870e-04 -1.000000000000000000e+00 -7.075190000000000090e-01 -7.066940000000000444e-01 -7.499999999999999343e-05 -7.066940000000000444e-01 7.075190000000000090e-01 -3.280000000000000038e-04
1.000000000000000000e+00 1.010000000000000000e+02 7.000000000000000000e+00 0.000000000000000000e+00 1.600000000000000089e+00 -1.574000000000000095e-03 -2.074300000000000102e-02 9.997840000000000060e-01 8.880529999999999813e-01 4.596109999999999918e-01 1.093399999999999928e-02 -4.597379999999999800e-01 8.878779999999999450e-01 1.769700000000000092e-02
4.000000000000000000e+00 1.010000000000000000e+02 7.000000000000000000e+00 0.000000000000000000e+00 1.600000000000000089e+00 -2.690999999999999816e-03 -2.012399999999999953e-02 9.997939999999999605e-01 8.887659999999999449e-01 4.582140000000000102e-01 1.161599999999999959e-02 -4.583530000000000104e-01 8.886140000000000150e-01 1.665300000000000114e-02
8.000000000000000000e+00 1.010000000000000000e+02 7.000000000000000000e+00 0.000000000000000000e+00 1.600000000000000089e+00 -3.647000000000000068e-03 -1.364399999999999988e-02 9.999000000000000110e-01 8.908150000000000235e-01 4.542680000000000051e-01 9.447999999999999801e-03 -4.543510000000000049e-01 8.907610000000000250e-01 1.049699999999999939e-02
1.300000000000000000e+01 1.010000000000000000e+02 7.000000000000000000e+00 0.000000000000000000e+00 1.600000000000000089e+00 -2.745000000000000044e-03 -1.602599999999999858e-02 9.998679999999999790e-01 8.899040000000000283e-01 4.560429999999999762e-01 9.752999999999999517e-03 -4.561390000000000167e-01 8.898139999999999938e-01 1.300899999999999973e-02
2.400000000000000000e+01 1.010000000000000000e+02 7.000000000000000000e+00 0.000000000000000000e+00 1.600000000000000089e+00 6.139999999999999625e-04 -7.322999999999999649e-03 9.999730000000000008e-01 8.886249999999999982e-01 4.586259999999999781e-01 2.812999999999999962e-03 -4.586350000000000149e-01 8.885990000000000277e-01 6.790000000000000029e-03
3.000000000000000000e+00 2.500000000000000000e+01 8.000000000000000000e+00 0.000000000000000000e+00 1.600000000000000089e+00 4.929999999999999487e-04 9.349999999999999587e-04 -9.999989999999999712e-01 4.356090000000000240e-01 9.001350000000000184e-01 1.056999999999999997e-03 9.001360000000000472e-01 -4.356099999999999972e-01 3.699999999999999811e-05
8.000000000000000000e+00 2.500000000000000000e+01 8.000000000000000000e+00 0.000000000000000000e+00 1.600000000000000089e+00 -2.847999999999999837e-03 -1.113000000000000057e-03 -9.999949999999999672e-01 4.365200000000000191e-01 8.996920000000000472e-01 -2.245000000000000034e-03 8.996899999999999897e-01 -4.365249999999999964e-01 -2.076000000000000154e-03
1.200000000000000000e+01 2.500000000000000000e+01 8.000000000000000000e+00 0.000000000000000000e+00 1.600000000000000089e+00 -8.620000000000000275e-04 -1.415999999999999941e-03 -9.999989999999999712e-01 4.371459999999999790e-01 8.993889999999999940e-01 -1.649999999999999991e-03 8.993900000000000228e-01 -4.371470000000000078e-01 -1.559999999999999972e-04
2.100000000000000000e+01 2.500000000000000000e+01 8.000000000000000000e+00 0.000000000000000000e+00 1.600000000000000089e+00 -1.909000000000000107e-03 8.385999999999999358e-03 -9.999630000000000463e-01 4.364080000000000181e-01 8.997239999999999682e-01 6.713000000000000217e-03 8.997469999999999635e-01 -4.363790000000000169e-01 -5.376999999999999835e-03
2.700000000000000000e+01 2.500000000000000000e+01 8.000000000000000000e+00 0.000000000000000000e+00 1.600000000000000089e+00 -5.529999999999999976e-04 6.212999999999999773e-03 -9.999810000000000088e-01 4.362710000000000199e-01 8.998000000000000442e-01 5.348999999999999588e-03 8.998150000000000315e-01 -4.362590000000000079e-01 -3.209000000000000047e-03
3.000000000000000000e+01 2.500000000000000000e+01 8.000000000000000000e+00 0.000000000000000000e+00 1.600000000000000089e+00 -4.159999999999999744e-04 -2.304000000000000058e-03 -9.999970000000000248e-01 4.361829999999999874e-01 8.998549999999999605e-01 -2.255000000000000060e-03 8.998580000000000467e-01 -4.361829999999999874e-01 6.310000000000000504e-04
1.500000000000000000e+01 9.000000000000000000e+00 9.000000000000000000e+00 0.000000000000000000e+00 1.600000000000000089e+00 1.611599999999999838e-02 6.760000000000000384e-03 -9.998470000000000413e-01 -9.714359999999999662e-01 -2.366729999999999945e-01 -1.725900000000000004e-02 -2.367529999999999912e-01 9.715660000000000407e-01 2.752999999999999805e-03
2.100000000000000000e+01 9.000000000000000000e+00 9.000000000000000000e+00 0.000000000000000000e+00 1.600000000000000089e+00 2.599200000000000121e-02 1.519900000000000070e-02 -9.995469999999999633e-01 -9.741260000000000474e-01 -2.241710000000000091e-01 -2.873900000000000066e-02 -2.245060000000000111e-01 9.744310000000000471e-01 8.978999999999999135e-03
2.600000000000000000e+01 9.000000000000000000e+00 9.000000000000000000e+00 0.000000000000000000e+00 1.600000000000000089e+00 2.861899999999999861e-02 7.822000000000000827e-03 -9.995600000000000041e-01 -9.850830000000000419e-01 -1.695270000000000110e-01 -2.953199999999999922e-02 -1.696830000000000005e-01 9.854939999999999811e-01 2.854000000000000200e-03
8.000000000000000000e+00 2.400000000000000000e+01 9.000000000000000000e+00 0.000000000000000000e+00 1.600000000000000089e+00 -2.905000000000000030e-03 -1.454999999999999913e-03 -9.999949999999999672e-01 4.430870000000000086e-01 8.964750000000000218e-01 -2.590999999999999987e-03 8.964739999999999931e-01 -4.430919999999999859e-01 -1.959999999999999937e-03
1.200000000000000000e+01 2.400000000000000000e+01 9.000000000000000000e+00 0.000000000000000000e+00 1.600000000000000089e+00 -1.038000000000000077e-03 -9.150000000000000147e-04 -9.999989999999999712e-01 4.437769999999999770e-01 8.961360000000000436e-01 -1.280000000000000105e-03 8.961369999999999614e-01 -4.437780000000000058e-01 -5.240000000000000517e-04
1.800000000000000000e+01 2.400000000000000000e+01 9.000000000000000000e+00 0.000000000000000000e+00 1.600000000000000089e+00 -1.489000000000000089e-03 1.232999999999999938e-03 -9.999980000000000535e-01 4.438920000000000088e-01 8.960799999999999876e-01 4.440000000000000045e-04 8.960789999999999589e-01 -4.438900000000000068e-01 -1.881999999999999992e-03
2.100000000000000000e+01 2.400000000000000000e+01 9.000000000000000000e+00 0.000000000000000000e+00 1.600000000000000089e+00 -1.025000000000000086e-03 2.462999999999999912e-03 -9.999959999999999960e-01 4.426470000000000127e-01 8.966939999999999911e-01 1.755000000000000050e-03 8.966950000000000198e-01 -4.426439999999999819e-01 -2.008999999999999935e-03
2.700000000000000000e+01 2.400000000000000000e+01 9.000000000000000000e+00 0.000000000000000000e+00 1.600000000000000089e+00 -5.180000000000000143e-04 5.402999999999999817e-03 -9.999850000000000128e-01 4.412539999999999796e-01 8.973700000000000010e-01 4.619999999999999975e-03 8.973820000000000130e-01 -4.412460000000000271e-01 -2.848999999999999970e-03
3.000000000000000000e+01 2.400000000000000000e+01 9.000000000000000000e+00 0.000000000000000000e+00 1.600000000000000089e+00 -7.529999999999999801e-04 -8.469999999999999881e-04 -9.999989999999999712e-01 4.411510000000000153e-01 8.974320000000000075e-01 -1.093000000000000005e-03 8.974320000000000075e-01 -4.411519999999999886e-01 -3.020000000000000223e-04
1.100000000000000000e+01 8.000000000000000000e+00 1.000000000000000000e+01 0.000000000000000000e+00 1.600000000000000089e+00 1.534199999999999973e-02 -3.802999999999999957e-03 -9.998749999999999583e-01 -9.943440000000000056e-01 -1.051639999999999936e-01 -1.485700000000000041e-02 -1.050949999999999940e-01 9.944479999999999986e-01 -5.394999999999999622e-03
6.000000000000000000e+00 4.000000000000000000e+00 1.100000000000000000e+01 0.000000000000000000e+00 1.600000000000000089e+00 2.296999999999999997e-03 -1.194300000000000049e-02 9.999259999999999815e-01 1.771429999999999949e-01 -9.841100000000000403e-01 -1.216099999999999993e-02 9.841820000000000013e-01 1.771580000000000099e-01 -1.450000000000000009e-04
1.200000000000000000e+01 4.000000000000000000e+00 1.100000000000000000e+01 0.000000000000000000e+00 1.600000000000000089e+00 -3.359000000000000007e-03 1.393600000000000047e-02 9.998970000000000358e-01 1.402569999999999928e-01 -9.900120000000000031e-01 1.426900000000000043e-02 9.901090000000000169e-01 1.402909999999999990e-01 1.371000000000000040e-03
1.600000000000000000e+01 4.000000000000000000e+00 1.100000000000000000e+01 0.000000000000000000e+00 1.600000000000000089e+00 -3.464000000000000065e-03 1.403300000000000033e-02 9.998960000000000070e-01 1.360510000000000053e-01 -9.905979999999999785e-01 1.437399999999999962e-02 9.906960000000000210e-01 1.360870000000000135e-01 1.521999999999999915e-03
2.100000000000000000e+01 2.900000000000000000e+01 1.300000000000000000e+01 0.000000000000000000e+00 1.600000000000000089e+00 1.799699999999999911e-02 2.696890000000000120e-01 9.627790000000000514e-01 -1.621500000000000025e-02 9.628870000000000484e-01 -2.694159999999999888e-01 -9.997070000000000123e-01 -1.076200000000000073e-02 2.170199999999999907e-02
2.000000000000000000e+00 3.200000000000000000e+01 1.400000000000000000e+01 0.000000000000000000e+00 1.600000000000000089e+00 5.720000000000000258e-04 5.100999999999999632e-03 -9.999869999999999592e-01 1.217580000000000051e-01 9.925460000000000393e-01 5.133000000000000410e-03 9.925599999999999978e-01 -1.217599999999999932e-01 -5.300000000000000078e-05
2.700000000000000000e+01 1.200000000000000000e+01 1.600000000000000000e+01 0.000000000000000000e+00 1.600000000000000089e+00 -3.354999999999999909e-03 2.680799999999999850e-02 9.996350000000000513e-01 2.817180000000000240e-01 -9.591269999999999518e-01 2.666699999999999973e-02 9.594909999999999828e-01 2.817040000000000100e-01 -4.334000000000000179e-03
2.000000000000000000e+00 1.160000000000000000e+02 1.600000000000000000e+01 0.000000000000000000e+00 1.600000000000000089e+00 3.142999999999999960e-03 -1.800000000000000046e-05 9.999949999999999672e-01 6.975190000000000001e-01 7.165629999999999500e-01 -2.178999999999999947e-03 -7.165599999999999747e-01 6.975219999999999754e-01 2.265000000000000086e-03
2.300000000000000000e+01 1.160000000000000000e+02 1.600000000000000000e+01 0.000000000000000000e+00 1.600000000000000089e+00 8.530000000000000256e-04 2.837000000000000112e-03 9.999959999999999960e-01 7.743579999999999908e-01 6.327430000000000554e-01 -2.455000000000000151e-03 -6.327469999999999484e-01 7.743560000000000443e-01 -1.657000000000000053e-03
2.600000000000000000e+01 2.000000000000000000e+00 1.900000000000000000e+01 0.000000000000000000e+00 1.600000000000000089e+00 -2.801000000000000104e-03 2.800599999999999964e-02 -9.996040000000000481e-01 3.467850000000000099e-01 -9.375489999999999657e-01 -2.723899999999999932e-02 -9.379399999999999959e-01 -3.467239999999999767e-01 -7.086000000000000285e-03
3.000000000000000000e+00 3.000000000000000000e+00 1.900000000000000000e+01 0.000000000000000000e+00 1.600000000000000089e+00 -5.400000000000000069e-04 1.669999999999999935e-04 -1.000000000000000000e+00 3.327399999999999802e-01 -9.430190000000000516e-01 -3.370000000000000057e-04 -9.430180000000000229e-01 -3.327399999999999802e-01 4.530000000000000064e-04
7.000000000000000000e+00 3.000000000000000000e+00 1.900000000000000000e+01 0.000000000000000000e+00 1.600000000000000089e+00 -4.382999999999999743e-03 1.936299999999999827e-02 -9.998029999999999973e-01 3.387260000000000271e-01 -9.406790000000000429e-01 -1.970299999999999829e-02 -9.408750000000000169e-01 -3.387459999999999916e-01 -2.435999999999999797e-03
1.000000000000000000e+01 3.000000000000000000e+00 1.900000000000000000e+01 0.000000000000000000e+00 1.600000000000000089e+00 -7.028000000000000393e-03 2.473399999999999904e-02 -9.996690000000000298e-01 3.427769999999999984e-01 -9.390669999999999851e-01 -2.564500000000000113e-02 -9.393909999999999760e-01 -3.428430000000000089e-01 -1.879000000000000028e-03
1.500000000000000000e+01 3.000000000000000000e+00 1.900000000000000000e+01 0.000000000000000000e+00 1.600000000000000089e+00 -2.409000000000000117e-03 1.596300000000000149e-02 -9.998700000000000365e-01 3.456650000000000000e-01 -9.382249999999999757e-01 -1.581099999999999867e-02 -9.383550000000000502e-01 -3.456580000000000208e-01 -3.258000000000000045e-03
2.000000000000000000e+01 3.000000000000000000e+00 1.900000000000000000e+01 0.000000000000000000e+00 1.600000000000000089e+00 -3.650000000000000033e-03 1.714500000000000052e-02 -9.998460000000000125e-01 3.443780000000000174e-01 -9.386710000000000331e-01 -1.735300000000000037e-02 -9.388239999999999919e-01 -3.443880000000000274e-01 -2.478999999999999867e-03
2.300000000000000000e+01 3.000000000000000000e+00 1.900000000000000000e+01 0.000000000000000000e+00 1.600000000000000089e+00 -4.178000000000000290e-03 2.254400000000000154e-02 -9.997369999999999868e-01 3.420779999999999932e-01 -9.393989999999999840e-01 -2.261300000000000116e-02 -9.396619999999999973e-01 -3.420830000000000259e-01 -3.787000000000000002e-03
2.800000000000000000e+01 3.000000000000000000e+00 1.900000000000000000e+01 0.000000000000000000e+00 1.600000000000000089e+00 -8.710000000000000294e-04 2.299899999999999861e-02 -9.997350000000000403e-01 3.364269999999999761e-01 -9.414540000000000131e-01 -2.195099999999999829e-02 -9.417090000000000183e-01 -3.363570000000000171e-01 -6.917000000000000405e-03
1.600000000000000000e+01 4.000000000000000000e+00 2.000000000000000000e+01 0.000000000000000000e+00 1.600000000000000089e+00 -1.311000000000000099e-03 1.375600000000000087e-02 -9.999050000000000438e-01 3.792510000000000048e-01 -9.251989999999999936e-01 -1.322500000000000064e-02 -9.252930000000000321e-01 -3.792320000000000135e-01 -4.003999999999999747e-03
2.200000000000000000e+01 4.000000000000000000e+00 2.000000000000000000e+01 0.000000000000000000e+00 1.600000000000000089e+00 -3.432000000000000155e-03 1.893900000000000097e-02 -9.998150000000000093e-01 3.849230000000000151e-01 -9.227570000000000494e-01 -1.880099999999999827e-02 -9.229420000000000401e-01 -3.849159999999999804e-01 -4.122999999999999929e-03
2.900000000000000000e+01 4.000000000000000000e+00 2.000000000000000000e+01 0.000000000000000000e+00 1.600000000000000089e+00 -7.829999999999999504e-04 2.197500000000000148e-02 -9.997580000000000355e-01 3.856649999999999801e-01 -9.224090000000000344e-01 -2.057700000000000154e-02 -9.226389999999999869e-01 -3.855879999999999863e-01 -7.753000000000000343e-03
1.000000000000000000e+00 1.300000000000000000e+01 2.000000000000000000e+01 0.000000000000000000e+00 1.600000000000000089e+00 9.489999999999999738e-04 8.189999999999999581e-04 9.999989999999999712e-01 2.592559999999999865e-01 9.658079999999999998e-01 -1.036999999999999944e-03 -9.658079999999999998e-01 2.592570000000000152e-01 7.039999999999999817e-04
5.000000000000000000e+00 1.300000000000000000e+01 2.000000000000000000e+01 0.000000000000000000e+00 1.600000000000000089e+00 9.420000000000000205e-04 -1.031000000000000015e-03 9.999989999999999712e-01 2.583219999999999961e-01 9.660579999999999723e-01 7.519999999999999558e-04 -9.660579999999999723e-01 2.583210000000000228e-01 1.175999999999999962e-03
1.100000000000000000e+01 1.300000000000000000e+01 2.000000000000000000e+01 0.000000000000000000e+00 1.600000000000000089e+00 -7.100000000000000462e-05 -1.879999999999999944e-03 9.999980000000000535e-01 2.597289999999999877e-01 9.656799999999999828e-01 1.833999999999999910e-03 -9.656810000000000116e-01 2.597289999999999877e-01 4.189999999999999931e-04
1.400000000000000000e+01 1.300000000000000000e+01 2.000000000000000000e+01 0.000000000000000000e+00 1.600000000000000089e+00 -1.520000000000000084e-04 -3.092000000000000130e-03 9.999949999999999672e-01 2.608190000000000230e-01 9.653829999999999911e-01 3.024000000000000212e-03 -9.653880000000000239e-01 2.608179999999999943e-01 6.589999999999999721e-04
1.800000000000000000e+01 1.300000000000000000e+01 2.000000000000000000e+01 0.000000000000000000e+00 1.600000000000000089e+00 1.185000000000000072e-03 -4.298999999999999870e-03 9.999900000000000455e-01 2.607809999999999850e-01 9.653899999999999704e-01 3.841999999999999929e-03 -9.653969999999999496e-01 2.607740000000000058e-01 2.265000000000000086e-03
2.200000000000000000e+01 1.300000000000000000e+01 2.000000000000000000e+01 0.000000000000000000e+00 1.600000000000000089e+00 1.815999999999999906e-03 -1.382999999999999898e-03 9.999970000000000248e-01 2.601280000000000259e-01 9.655740000000000434e-01 8.630000000000000518e-04 -9.655719999999999859e-01 2.601260000000000239e-01 2.112999999999999861e-03
2.800000000000000000e+01 1.300000000000000000e+01 2.000000000000000000e+01 0.000000000000000000e+00 1.600000000000000089e+00 -3.299999999999999982e-04 2.994000000000000133e-03 9.999949999999999672e-01 2.616629999999999789e-01 9.651549999999999851e-01 -2.802999999999999936e-03 -9.651589999999999892e-01 2.616609999999999769e-01 -1.101999999999999898e-03
1.400000000000000000e+01 1.600000000000000000e+01 2.100000000000000000e+01 0.000000000000000000e+00 1.600000000000000089e+00 -6.359999999999999551e-04 -4.523000000000000111e-03 9.999900000000000455e-01 2.978740000000000276e-01 9.545940000000000536e-01 4.506999999999999722e-03 -9.546050000000000368e-01 2.978740000000000276e-01 7.399999999999999894e-04
1.200000000000000000e+01 2.000000000000000000e+00 2.500000000000000000e+01 0.000000000000000000e+00 1.600000000000000089e+00 -9.360999999999999530e-03 1.998199999999999976e-02 9.997570000000000068e-01 7.649400000000000643e-02 -9.968559999999999643e-01 2.064099999999999963e-02 9.970259999999999678e-01 7.666900000000000104e-02 7.803000000000000040e-03
1.500000000000000000e+01 2.000000000000000000e+00 2.500000000000000000e+01 0.000000000000000000e+00 1.600000000000000089e+00 -7.936000000000000346e-03 1.622399999999999884e-02 9.998369999999999758e-01 8.452600000000000391e-02 -9.962790000000000257e-01 1.683700000000000127e-02 9.963899999999999979e-01 8.464599999999999902e-02 6.535000000000000010e-03
4.000000000000000000e+00 3.000000000000000000e+00 2.500000000000000000e+01 0.000000000000000000e+00 1.600000000000000089e+00 -1.843999999999999936e-03 1.810999999999999893e-03 9.999970000000000248e-01 -3.367200000000000054e-02 -9.994309999999999583e-01 1.747999999999999988e-03 9.994309999999999583e-01 -3.366899999999999754e-02 1.902999999999999961e-03
2.200000000000000000e+01 3.000000000000000000e+00 2.500000000000000000e+01 0.000000000000000000e+00 1.600000000000000089e+00 -5.066000000000000190e-03 1.708700000000000149e-02 9.998409999999999798e-01 1.021599999999999939e-02 -9.998010000000000508e-01 1.713800000000000046e-02 9.999350000000000183e-01 1.030200000000000039e-02 4.891000000000000382e-03
2.600000000000000000e+01 3.000000000000000000e+00 2.500000000000000000e+01 0.000000000000000000e+00 1.600000000000000089e+00 -5.840999999999999838e-03 2.275699999999999945e-02 9.997239999999999460e-01 1.542999999999999927e-02 -9.996199999999999530e-01 2.284500000000000072e-02 9.998639999999999750e-01 1.555999999999999918e-02 5.487999999999999823e-03
2.800000000000000000e+01 3.000000000000000000e+01 2.500000000000000000e+01 0.000000000000000000e+00 1.600000000000000089e+00 -2.403909999999999936e-01 -1.926999999999999894e-02 9.704850000000000421e-01 -9.677390000000000159e-01 -7.296300000000000008e-02 -2.411600000000000132e-01 7.545699999999999630e-02 -9.971480000000000343e-01 -1.108000000000000044e-03
2.600000000000000000e+01 3.100000000000000000e+01 2.500000000000000000e+01 0.000000000000000000e+00 1.600000000000000089e+00 -3.115569999999999729e-01 5.637199999999999850e-02 9.485540000000000083e-01 -9.466080000000000050e-01 6.863099999999999756e-02 -3.149959999999999982e-01 -8.285700000000000010e-02 -9.960480000000000445e-01 3.198000000000000148e-02
1.000000000000000000e+00 4.600000000000000000e+01 2.700000000000000000e+01 0.000000000000000000e+00 1.600000000000000089e+00 -7.789999999999999616e-04 4.580000000000000195e-04 -1.000000000000000000e+00 6.761829999999999785e-01 7.367329999999999712e-01 -1.890000000000000133e-04 7.367329999999999712e-01 -6.761829999999999785e-01 -8.829999999999999958e-04
4.000000000000000000e+00 4.600000000000000000e+01 2.700000000000000000e+01 0.000000000000000000e+00 1.600000000000000089e+00 -1.866000000000000037e-03 -3.170000000000000075e-04 -9.999980000000000535e-01 6.749009999999999732e-01 7.379059999999999508e-01 -1.492999999999999969e-03 7.379059999999999508e-01 -6.749030000000000307e-01 -1.162999999999999971e-03
2.100000000000000000e+01 4.600000000000000000e+01 2.700000000000000000e+01 0.000000000000000000e+00 1.600000000000000089e+00 -4.676999999999999734e-03 -2.500000000000000052e-03 -9.999860000000000415e-01 6.788910000000000222e-01 7.342220000000000413e-01 -5.010999999999999829e-03 7.342239999999999878e-01 -6.789049999999999807e-01 -1.737000000000000046e-03
2.900000000000000000e+01 4.600000000000000000e+01 2.700000000000000000e+01 0.000000000000000000e+00 1.600000000000000089e+00 9.483999999999999375e-03 7.130000000000000053e-03 -9.999299999999999855e-01 6.656140000000000390e-01 7.462060000000000359e-01 1.163400000000000024e-02 7.462360000000000104e-01 -6.656769999999999632e-01 2.331000000000000173e-03
1.300000000000000000e+01 4.600000000000000000e+01 3.000000000000000000e+01 0.000000000000000000e+00 1.600000000000000089e+00 -1.381000000000000066e-03 -1.899000000000000080e-03 -9.999970000000000248e-01 3.336700000000000221e-01 9.426870000000000527e-01 -2.250999999999999963e-03 9.426889999999999992e-01 -3.336720000000000241e-01 -6.679999999999999740e-04
3.000000000000000000e+00 5.800000000000000000e+01 3.100000000000000000e+01 0.000000000000000000e+00 1.600000000000000089e+00 2.269999999999999882e-04 1.729999999999999984e-03 9.999980000000000535e-01 -8.105290000000000550e-01 -5.856980000000000519e-01 1.196999999999999930e-03 5.856989999999999696e-01 -8.105280000000000262e-01 1.268999999999999946e-03
2.600000000000000000e+01 5.800000000000000000e+01 3.100000000000000000e+01 0.000000000000000000e+00 1.600000000000000089e+00 -1.629000000000000023e-03 -3.593999999999999972e-03 9.999919999999999920e-01 -8.128600000000000270e-01 -5.824489999999999945e-01 -3.416999999999999899e-03 5.824559999999999738e-01 -8.128600000000000270e-01 -1.972999999999999927e-03
1.900000000000000000e+01 4.300000000000000000e+01 3.400000000000000000e+01 0.000000000000000000e+00 1.600000000000000089e+00 -1.129999999999999955e-04 -1.895999999999999899e-03 -9.999980000000000535e-01 -3.259279999999999955e-01 9.453930000000000389e-01 -1.755000000000000050e-03 9.453949999999999854e-01 3.259270000000000223e-01 -7.249999999999999500e-04
4.000000000000000000e+00 4.600000000000000000e+01 3.500000000000000000e+01 0.000000000000000000e+00 1.600000000000000089e+00 -1.521999999999999915e-03 -1.510000000000000112e-04 -9.999989999999999712e-01 3.898360000000000158e-01 -9.208840000000000359e-01 -4.539999999999999765e-04 -9.208830000000000071e-01 -3.898360000000000158e-01 1.459999999999999926e-03
1.100000000000000000e+01 4.600000000000000000e+01 3.500000000000000000e+01 0.000000000000000000e+00 1.600000000000000089e+00 -7.299999999999999903e-05 -2.150000000000000001e-03 -9.999980000000000535e-01 3.895569999999999866e-01 -9.210000000000000409e-01 1.951000000000000043e-03 -9.210019999999999873e-01 -3.895560000000000134e-01 9.049999999999999885e-04
1.700000000000000000e+01 4.600000000000000000e+01 3.500000000000000000e+01 0.000000000000000000e+00 1.600000000000000089e+00 2.910000000000000260e-04 7.421999999999999778e-03 -9.999719999999999720e-01 3.896890000000000076e-01 -9.209220000000000184e-01 -6.721999999999999677e-03 -9.209460000000000424e-01 -3.896760000000000224e-01 -3.160000000000000048e-03
2.200000000000000000e+01 4.600000000000000000e+01 3.500000000000000000e+01 0.000000000000000000e+00 1.600000000000000089e+00 -1.118000000000000070e-03 -2.961999999999999789e-03 -9.999949999999999672e-01 3.908820000000000072e-01 -9.204379999999999784e-01 2.288999999999999802e-03 -9.204400000000000359e-01 -3.908780000000000032e-01 2.187000000000000142e-03
2.500000000000000000e+01 4.600000000000000000e+01 3.500000000000000000e+01 0.000000000000000000e+00 1.600000000000000089e+00 -2.110000000000000059e-04 -4.874999999999999993e-03 -9.999879999999999880e-01 3.918409999999999949e-01 -9.200220000000000065e-01 4.402999999999999796e-03 -9.200329999999999897e-01 -3.918349999999999889e-01 2.103999999999999967e-03
1.600000000000000000e+01 9.500000000000000000e+01 3.600000000000000000e+01 0.000000000000000000e+00 1.600000000000000089e+00 2.566999999999999837e-03 2.416599999999999998e-02 9.997049999999999548e-01 9.969599999999999573e-01 7.779200000000000004e-02 -4.440999999999999635e-03 -7.787600000000000078e-02 9.966770000000000351e-01 -2.389300000000000104e-02
2.900000000000000000e+01 9.500000000000000000e+01 3.600000000000000000e+01 0.000000000000000000e+00 1.600000000000000089e+00 -2.341000000000000199e-03 4.224000000000000324e-03 9.999879999999999880e-01 9.972889999999999810e-01 7.355000000000000426e-02 2.024000000000000191e-03 -7.354099999999999526e-02 9.972830000000000306e-01 -4.383999999999999876e-03
4.000000000000000000e+00 2.900000000000000000e+01 4.400000000000000000e+01 0.000000000000000000e+00 1.600000000000000089e+00 -5.079999999999999880e-04 1.449999999999999900e-03 -9.999989999999999712e-01 6.594029999999999614e-01 7.517899999999999583e-01 7.550000000000000287e-04 7.517899999999999583e-01 -6.594020000000000437e-01 -1.337999999999999997e-03
8.000000000000000000e+00 2.900000000000000000e+01 4.400000000000000000e+01 0.000000000000000000e+00 1.600000000000000089e+00 -1.302999999999999905e-03 3.005999999999999991e-03 -9.999949999999999672e-01 6.455689999999999484e-01 7.637000000000000455e-01 1.453999999999999997e-03 7.637000000000000455e-01 -6.455640000000000267e-01 -2.935999999999999808e-03
1.200000000000000000e+01 2.900000000000000000e+01 4.400000000000000000e+01 0.000000000000000000e+00 1.600000000000000089e+00 -2.749000000000000141e-03 -1.484000000000000076e-03 -9.999949999999999672e-01 6.504320000000000102e-01 7.595589999999999842e-01 -2.915000000000000056e-03 7.595589999999999842e-01 -6.504370000000000429e-01 -1.123000000000000083e-03
1.800000000000000000e+01 2.900000000000000000e+01 4.400000000000000000e+01 0.000000000000000000e+00 1.600000000000000089e+00 -2.338999999999999933e-03 1.054999999999999948e-03 -9.999970000000000248e-01 6.591669999999999474e-01 7.519959999999999978e-01 -7.489999999999999913e-04 7.519930000000000225e-01 -6.591660000000000297e-01 -2.454000000000000018e-03
2.000000000000000000e+01 2.900000000000000000e+01 4.400000000000000000e+01 0.000000000000000000e+00 1.600000000000000089e+00 -1.115000000000000106e-03 8.880000000000000089e-04 -9.999989999999999712e-01 6.598490000000000189e-01 7.513980000000000103e-01 -6.899999999999999667e-05 7.513969999999999816e-01 -6.598479999999999901e-01 -1.423000000000000003e-03
2.600000000000000000e+01 2.900000000000000000e+01 4.400000000000000000e+01 0.000000000000000000e+00 1.600000000000000089e+00 2.566000000000000138e-03 4.340000000000000108e-03 -9.999869999999999592e-01 6.484060000000000379e-01 7.612780000000000102e-01 4.968000000000000194e-03 7.612900000000000222e-01 -6.484109999999999596e-01 -8.610000000000000032e-04
3.000000000000000000e+01 2.900000000000000000e+01 4.400000000000000000e+01 0.000000000000000000e+00 1.600000000000000089e+00 -1.969999999999999963e-03 -5.240000000000000517e-04 -9.999980000000000535e-01 6.478760000000000074e-01 7.617439999999999767e-01 -1.675999999999999972e-03 7.617429999999999479e-01 -6.478779999999999539e-01 -1.160999999999999923e-03
2.000000000000000000e+00 6.000000000000000000e+00 5.100000000000000000e+01 0.000000000000000000e+00 1.600000000000000089e+00 1.520000000000000084e-03 1.456000000000000046e-03 -9.999980000000000535e-01 3.137579999999999814e-01 -9.495029999999999859e-01 -9.060000000000000128e-04 -9.495019999999999571e-01 -3.137559999999999794e-01 -1.899999999999999996e-03
2.600000000000000000e+01 6.000000000000000000e+00 5.100000000000000000e+01 0.000000000000000000e+00 1.600000000000000089e+00 3.700999999999999863e-03 3.612999999999999892e-03 -9.999869999999999592e-01 3.151570000000000205e-01 -9.490370000000000195e-01 -2.262999999999999821e-03 -9.490319999999999867e-01 -3.151450000000000085e-01 -4.650999999999999752e-03
2.000000000000000000e+01 1.150000000000000000e+02 5.100000000000000000e+01 0.000000000000000000e+00 1.600000000000000089e+00 -9.259999999999999568e-04 2.559999999999999884e-04 1.000000000000000000e+00 8.467550000000000354e-01 -5.319829999999999837e-01 9.200000000000000278e-04 5.319829999999999837e-01 8.467550000000000354e-01 2.759999999999999867e-04
2.500000000000000000e+01 1.150000000000000000e+02 5.100000000000000000e+01 0.000000000000000000e+00 1.600000000000000089e+00 3.119999999999999944e-04 1.234000000000000071e-03 9.999989999999999712e-01 8.476179999999999826e-01 -5.306060000000000221e-01 3.910000000000000172e-04 5.306060000000000221e-01 8.476169999999999538e-01 -1.211999999999999970e-03
2.000000000000000000e+01 7.000000000000000000e+00 5.200000000000000000e+01 0.000000000000000000e+00 1.600000000000000089e+00 -6.260000000000000373e-04 -8.379999999999999862e-04 -9.999989999999999712e-01 8.552700000000000580e-02 -9.963359999999999994e-01 7.810000000000000102e-04 -9.963359999999999994e-01 -8.552700000000000580e-02 6.949999999999999798e-04
2.900000000000000000e+01 7.000000000000000000e+00 5.200000000000000000e+01 0.000000000000000000e+00 1.600000000000000089e+00 5.843000000000000103e-03 -2.559999999999999884e-04 -9.999829999999999552e-01 1.019919999999999993e-01 -9.947850000000000303e-01 8.509999999999999769e-04 -9.947679999999999856e-01 -1.019960000000000033e-01 -5.786000000000000344e-03
1.300000000000000000e+01 1.600000000000000000e+01 5.200000000000000000e+01 0.000000000000000000e+00 1.600000000000000089e+00 -2.423999999999999939e-03 -5.330000000000000536e-04 -9.999970000000000248e-01 7.769340000000000135e-01 6.295779999999999710e-01 -2.219000000000000052e-03 6.295770000000000532e-01 -7.769369999999999887e-01 -1.111999999999999924e-03
9.000000000000000000e+00 5.800000000000000000e+01 5.200000000000000000e+01 0.000000000000000000e+00 1.600000000000000089e+00 6.930000000000000396e-04 -8.082000000000000642e-03 9.999670000000000503e-01 -6.309709999999999486e-01 7.757770000000000499e-01 6.707000000000000288e-03 -7.758059999999999956e-01 -6.309550000000000436e-01 -4.562000000000000083e-03
3.000000000000000000e+00 6.300000000000000000e+01 5.400000000000000000e+01 0.000000000000000000e+00 1.600000000000000089e+00 -1.500000000000000038e-05 2.789999999999999945e-03 9.999959999999999960e-01 -3.487430000000000252e-01 9.372150000000000203e-01 -2.619999999999999933e-03 -9.372179999999999955e-01 -3.487419999999999964e-01 9.590000000000000000e-04
1.400000000000000000e+01 6.300000000000000000e+01 5.400000000000000000e+01 0.000000000000000000e+00 1.600000000000000089e+00 9.590000000000000000e-04 -5.983999999999999736e-03 9.999820000000000375e-01 -3.538100000000000134e-01 9.352979999999999627e-01 5.936999999999999569e-03 -9.353169999999999540e-01 -3.538100000000000134e-01 -1.219999999999999947e-03
1.800000000000000000e+01 6.300000000000000000e+01 5.400000000000000000e+01 0.000000000000000000e+00 1.600000000000000089e+00 3.350000000000000113e-04 -1.118999999999999986e-03 9.999989999999999712e-01 -3.542130000000000001e-01 9.351639999999999953e-01 1.165000000000000020e-03 -9.351650000000000240e-01 -3.542130000000000001e-01 -8.299999999999999815e-05
2.200000000000000000e+01 6.300000000000000000e+01 5.400000000000000000e+01 0.000000000000000000e+00 1.600000000000000089e+00 -2.478999999999999867e-03 6.199999999999999999e-04 9.999970000000000248e-01 -3.520929999999999893e-01 9.359640000000000182e-01 -1.453000000000000081e-03 -9.359619999999999607e-01 -3.520949999999999913e-01 -2.102000000000000136e-03
5.000000000000000000e+00 2.500000000000000000e+01 5.500000000000000000e+01 0.000000000000000000e+00 1.600000000000000089e+00 -1.720000000000000066e-04 1.830999999999999945e-03 -9.999980000000000535e-01 -1.127200000000000077e-02 -9.999350000000000183e-01 -1.828999999999999897e-03 -9.999360000000000470e-01 1.127200000000000077e-02 1.920000000000000049e-04
1.300000000000000000e+01 2.500000000000000000e+01 5.500000000000000000e+01 0.000000000000000000e+00 1.600000000000000089e+00 8.069999999999999916e-04 7.579999999999999932e-04 -9.999989999999999712e-01 -1.232699999999999942e-02 -9.999240000000000350e-01 -7.680000000000000195e-04 -9.999240000000000350e-01 1.232800000000000042e-02 -7.979999999999999897e-04
2.600000000000000000e+01 2.500000000000000000e+01 5.500000000000000000e+01 0.000000000000000000e+00 1.600000000000000089e+00 -3.989999999999999949e-04 2.004000000000000139e-03 -9.999980000000000535e-01 -1.134300000000000065e-02 -9.999339999999999895e-01 -1.998999999999999909e-03 -9.999360000000000470e-01 1.134300000000000065e-02 4.220000000000000118e-04
3.000000000000000000e+01 2.500000000000000000e+01 5.500000000000000000e+01 0.000000000000000000e+00 1.600000000000000089e+00 -2.531999999999999963e-03 6.434999999999999748e-03 -9.999759999999999760e-01 -1.188299999999999947e-02 -9.999090000000000478e-01 -6.405000000000000103e-03 -9.999259999999999815e-01 1.186700000000000081e-02 2.608000000000000075e-03
2.000000000000000000e+00 2.000000000000000000e+01 6.000000000000000000e+01 0.000000000000000000e+00 1.600000000000000089e+00 9.100000000000000287e-05 -2.907999999999999995e-03 9.999959999999999960e-01 -6.204199999999999993e-02 9.980689999999999840e-01 2.907999999999999995e-03 -9.980740000000000167e-01 -6.204199999999999993e-02 -9.000000000000000567e-05
7.000000000000000000e+00 2.000000000000000000e+01 6.000000000000000000e+01 0.000000000000000000e+00 1.600000000000000089e+00 1.696000000000000025e-03 2.284000000000000006e-03 9.999959999999999960e-01 -6.155399999999999761e-02 9.981010000000000160e-01 -2.174999999999999850e-03 -9.981020000000000447e-01 -6.155000000000000054e-02 1.832999999999999994e-03
1.000000000000000000e+01 2.100000000000000000e+01 6.000000000000000000e+01 0.000000000000000000e+00 1.600000000000000089e+00 6.620000000000000450e-04 -4.650000000000000270e-04 1.000000000000000000e+00 -9.585200000000000664e-02 9.953950000000000298e-01 5.259999999999999919e-04 -9.953950000000000298e-01 -9.585299999999999376e-02 6.139999999999999625e-04
1.400000000000000000e+01 2.100000000000000000e+01 6.000000000000000000e+01 0.000000000000000000e+00 1.600000000000000089e+00 -1.196999999999999930e-03 1.430000000000000064e-03 9.999980000000000535e-01 -9.606800000000000062e-02 9.953739999999999810e-01 -1.538000000000000088e-03 -9.953739999999999810e-01 -9.607000000000000262e-02 -1.054000000000000032e-03
1.800000000000000000e+01 2.100000000000000000e+01 6.000000000000000000e+01 0.000000000000000000e+00 1.600000000000000089e+00 -5.640000000000000482e-04 2.580999999999999961e-03 9.999959999999999960e-01 -9.379099999999999937e-02 9.955880000000000285e-01 -2.622999999999999898e-03 -9.955920000000000325e-01 -9.379200000000000037e-02 -3.200000000000000262e-04
2.600000000000000000e+01 2.100000000000000000e+01 6.000000000000000000e+01 0.000000000000000000e+00 1.600000000000000089e+00 1.449999999999999900e-03 -1.088199999999999931e-02 9.999400000000000510e-01 -9.802299999999999902e-02 9.951240000000000085e-01 1.097200000000000085e-02 -9.951830000000000398e-01 -9.803299999999999514e-02 3.759999999999999779e-04
5.000000000000000000e+00 6.700000000000000000e+01 6.000000000000000000e+01 0.000000000000000000e+00 1.600000000000000089e+00 -5.379999999999999583e-04 -4.317999999999999790e-03 9.999909999999999632e-01 1.734110000000000096e-01 -9.848409999999999664e-01 -4.159999999999999636e-03 9.848489999999999744e-01 1.734070000000000056e-01 1.278999999999999972e-03
1.300000000000000000e+01 3.000000000000000000e+00 6.300000000000000000e+01 0.000000000000000000e+00 1.600000000000000089e+00 -1.286000000000000034e-03 -7.531000000000000368e-03 9.999710000000000543e-01 -6.154020000000000046e-01 7.881970000000000365e-01 5.144000000000000135e-03 -7.882130000000000525e-01 -6.153769999999999518e-01 -5.648000000000000242e-03
2.100000000000000000e+01 3.000000000000000000e+00 6.300000000000000000e+01 0.000000000000000000e+00 1.600000000000000089e+00 2.317000000000000049e-03 -5.270999999999999644e-03 9.999829999999999552e-01 -6.154079999999999551e-01 7.881890000000000285e-01 5.581000000000000023e-03 -7.882050000000000445e-01 -6.154110000000000413e-01 -1.417999999999999990e-03
3.000000000000000000e+00 2.700000000000000000e+01 6.300000000000000000e+01 0.000000000000000000e+00 1.600000000000000089e+00 1.531999999999999942e-03 -4.525999999999999641e-03 9.999890000000000168e-01 -2.712910000000000044e-01 9.624859999999999527e-01 4.772000000000000200e-03 -9.624960000000000182e-01 -2.712950000000000084e-01 2.469999999999999865e-04
1.100000000000000000e+01 2.700000000000000000e+01 6.300000000000000000e+01 0.000000000000000000e+00 1.600000000000000089e+00 1.310000000000000129e-04 -4.597000000000000391e-03 9.999890000000000168e-01 -2.750119999999999787e-01 9.614300000000000068e-01 4.455999999999999892e-03 -9.614409999999999901e-01 -2.750099999999999767e-01 -1.137999999999999906e-03
1.600000000000000000e+01 2.700000000000000000e+01 6.300000000000000000e+01 0.000000000000000000e+00 1.600000000000000089e+00 1.129999999999999928e-03 1.361000000000000014e-03 9.999980000000000535e-01 -2.748709999999999765e-01 9.614800000000000013e-01 -9.979999999999999722e-04 -9.614800000000000013e-01 -2.748700000000000032e-01 1.459999999999999926e-03
2.100000000000000000e+01 2.700000000000000000e+01 6.300000000000000000e+01 0.000000000000000000e+00 1.600000000000000089e+00 9.849999999999999815e-04 5.185999999999999638e-03 9.999860000000000415e-01 -2.747800000000000242e-01 9.614960000000000173e-01 -4.715999999999999706e-03 -9.615070000000000006e-01 -2.747709999999999875e-01 2.371999999999999977e-03
2.500000000000000000e+01 2.700000000000000000e+01 6.300000000000000000e+01 0.000000000000000000e+00 1.600000000000000089e+00 -1.415999999999999941e-03 -3.983999999999999694e-03 9.999909999999999632e-01 -2.705640000000000267e-01 9.626959999999999962e-01 3.452000000000000207e-03 -9.627010000000000289e-01 -2.705560000000000187e-01 -2.441000000000000027e-03
4.000000000000000000e+00 2.600000000000000000e+01 6.400000000000000000e+01 0.000000000000000000e+00 1.600000000000000089e+00 1.843000000000000020e-03 -5.617999999999999730e-03 9.999820000000000375e-01 -3.642170000000000130e-01 9.312960000000000127e-01 5.903000000000000261e-03 -9.313120000000000287e-01 -3.642210000000000170e-01 -3.289999999999999739e-04
9.000000000000000000e+00 2.600000000000000000e+01 6.400000000000000000e+01 0.000000000000000000e+00 1.600000000000000089e+00 5.599999999999999509e-04 -3.791999999999999798e-03 9.999930000000000208e-01 -3.685939999999999772e-01 9.295830000000000481e-01 3.730999999999999941e-03 -9.295900000000000274e-01 -3.685930000000000040e-01 -8.769999999999999584e-04
1.300000000000000000e+01 2.600000000000000000e+01 6.400000000000000000e+01 0.000000000000000000e+00 1.600000000000000089e+00 8.149999999999999693e-04 -3.706999999999999792e-03 9.999930000000000208e-01 -3.690120000000000067e-01 9.294170000000000487e-01 3.746000000000000198e-03 -9.294240000000000279e-01 -3.690129999999999799e-01 -6.109999999999999980e-04
2.000000000000000000e+01 2.600000000000000000e+01 6.400000000000000000e+01 0.000000000000000000e+00 1.600000000000000089e+00 1.283999999999999985e-03 6.701000000000000359e-03 9.999770000000000048e-01 -3.662759999999999905e-01 9.304879999999999818e-01 -5.765000000000000159e-03 -9.305050000000000265e-01 -3.662599999999999745e-01 3.648999999999999900e-03
