3.000000000000000000e+00 1.010000000000000000e+02 7.000000000000000000e+00 0.000000000000000000e+00 1.600000000000000089e+00 2.118999999999999790e-03 1.044199999999999989e-02 9.999430000000000263e-01 8.890069999999999917e-01 4.578450000000000020e-01 -6.664999999999999918e-03 -4.578880000000000172e-01 8.889709999999999557e-01 -8.312999999999999209e-03
1.200000000000000000e+01 1.010000000000000000e+02 7.000000000000000000e+00 0.000000000000000000e+00 1.600000000000000089e+00 -5.670000000000000127e-04 -7.320000000000000118e-03 9.999730000000000008e-01 8.895410000000000261e-01 4.568389999999999951e-01 3.847999999999999858e-03 -4.568550000000000111e-01 8.895189999999999486e-01 6.252999999999999878e-03
2.900000000000000000e+01 1.010000000000000000e+02 7.000000000000000000e+00 0.000000000000000000e+00 1.600000000000000089e+00 2.037999999999999881e-03 1.085200000000000053e-02 9.999390000000000223e-01 8.891149999999999887e-01 4.576339999999999852e-01 -6.779000000000000303e-03 -4.576790000000000025e-01 8.890749999999999487e-01 -8.715000000000000524e-03
2.000000000000000000e+00 2.500000000000000000e+01 8.000000000000000000e+00 0.000000000000000000e+00 1.600000000000000089e+00 -4.000000000000000192e-04 -1.597900000000000015e-02 -9.998719999999999830e-01 4.376709999999999767e-01 8.990179999999999838e-01 -1.454300000000000037e-02 8.991350000000000176e-01 -4.376209999999999822e-01 6.634000000000000140e-03
1.000000000000000000e+01 2.500000000000000000e+01 8.000000000000000000e+00 0.000000000000000000e+00 1.600000000000000089e+00 2.183000000000000045e-03 2.831999999999999882e-03 -9.999940000000000495e-01 4.380100000000000104e-01 8.989629999999999566e-01 3.501999999999999905e-03 8.989679999999999893e-01 -4.380149999999999877e-01 7.219999999999999855e-04
1.300000000000000000e+01 2.500000000000000000e+01 8.000000000000000000e+00 0.000000000000000000e+00 1.600000000000000089e+00 1.330000000000000019e-03 3.644000000000000104e-03 -9.999919999999999920e-01 4.380249999999999977e-01 8.989549999999999486e-01 3.857999999999999884e-03 8.989620000000000388e-01 -4.380260000000000264e-01 -4.009999999999999893e-04
1.900000000000000000e+01 2.500000000000000000e+01 8.000000000000000000e+00 0.000000000000000000e+00 1.600000000000000089e+00 4.449999999999999746e-04 2.964000000000000055e-03 -9.999959999999999960e-01 4.381309999999999927e-01 8.989059999999999828e-01 2.858999999999999996e-03 8.989110000000000156e-01 -4.381309999999999927e-01 -8.989999999999999511e-04
2.800000000000000000e+01 2.500000000000000000e+01 8.000000000000000000e+00 0.000000000000000000e+00 1.600000000000000089e+00 -1.351999999999999903e-03 -5.258999999999999786e-03 -9.999850000000000128e-01 4.391970000000000041e-01 8.983750000000000346e-01 -5.317999999999999811e-03 8.983900000000000219e-01 -4.391979999999999773e-01 1.095000000000000053e-03
1.400000000000000000e+01 9.000000000000000000e+00 9.000000000000000000e+00 0.000000000000000000e+00 1.600000000000000089e+00 -3.708999999999999797e-02 -1.566599999999999937e-02 -9.991889999999999938e-01 -9.770870000000000388e-01 -2.091339999999999866e-01 3.954900000000000082e-02 -2.095839999999999925e-01 9.777620000000000200e-01 -7.550000000000000287e-03
1.800000000000000000e+01 9.000000000000000000e+00 9.000000000000000000e+00 0.000000000000000000e+00 1.600000000000000089e+00 -7.305200000000000582e-02 -5.275900000000000034e-02 -9.959320000000000395e-01 -9.520950000000000246e-01 -2.936380000000000101e-01 8.539199999999999569e-02 -2.969490000000000185e-01 9.544599999999999751e-01 -2.878100000000000103e-02
2.000000000000000000e+00 2.400000000000000000e+01 9.000000000000000000e+00 0.000000000000000000e+00 1.600000000000000089e+00 -1.031999999999999931e-03 -1.178599999999999960e-02 -9.999299999999999855e-01 4.428130000000000122e-01 8.965459999999999541e-01 -1.102500000000000008e-02 8.966129999999999933e-01 -4.427929999999999922e-01 4.292999999999999941e-03
6.000000000000000000e+00 2.400000000000000000e+01 9.000000000000000000e+00 0.000000000000000000e+00 1.600000000000000089e+00 6.639999999999999852e-04 -6.433999999999999615e-03 -9.999789999999999512e-01 4.442059999999999897e-01 8.959080000000000377e-01 -5.468999999999999903e-03 8.959240000000000537e-01 -4.441930000000000045e-01 3.452999999999999906e-03
9.000000000000000000e+00 2.400000000000000000e+01 9.000000000000000000e+00 0.000000000000000000e+00 1.600000000000000089e+00 1.825999999999999932e-03 3.400999999999999943e-03 -9.999930000000000208e-01 4.442619999999999902e-01 8.958890000000000464e-01 3.857999999999999884e-03 8.958949999999999969e-01 -4.442659999999999942e-01 1.250000000000000026e-04
1.300000000000000000e+01 2.400000000000000000e+01 9.000000000000000000e+00 0.000000000000000000e+00 1.600000000000000089e+00 9.179999999999999792e-04 5.340000000000000129e-03 -9.999850000000000128e-01 4.446160000000000112e-01 8.957060000000000022e-01 5.191000000000000301e-03 8.957209999999999894e-01 -4.446149999999999824e-01 -1.551999999999999994e-03
1.900000000000000000e+01 2.400000000000000000e+01 9.000000000000000000e+00 0.000000000000000000e+00 1.600000000000000089e+00 3.869999999999999742e-04 3.543000000000000142e-03 -9.999940000000000495e-01 4.442619999999999902e-01 8.958909999999999929e-01 3.346000000000000016e-03 8.958970000000000544e-01 -4.442599999999999882e-01 -1.227000000000000009e-03
2.300000000000000000e+01 2.400000000000000000e+01 9.000000000000000000e+00 0.000000000000000000e+00 1.600000000000000089e+00 -6.799999999999999946e-05 1.849999999999999973e-04 -1.000000000000000000e+00 4.431339999999999724e-01 8.964560000000000306e-01 1.359999999999999989e-04 8.964560000000000306e-01 -4.431339999999999724e-01 -1.430000000000000064e-04
2.600000000000000000e+01 2.400000000000000000e+01 9.000000000000000000e+00 0.000000000000000000e+00 1.600000000000000089e+00 -1.386000000000000079e-03 -3.596999999999999937e-03 -9.999930000000000208e-01 4.443480000000000207e-01 8.958460000000000312e-01 -3.837999999999999832e-03 8.958530000000000104e-01 -4.443500000000000227e-01 3.559999999999999797e-04
1.100000000000000000e+01 3.000000000000000000e+01 1.200000000000000000e+01 0.000000000000000000e+00 1.600000000000000089e+00 -7.927999999999999284e-03 -1.245409999999999989e-01 9.921830000000000371e-01 -2.163500000000000145e-02 9.920029999999999681e-01 1.243459999999999982e-01 -9.997350000000000403e-01 -2.048000000000000168e-02 -1.055900000000000068e-02
1.500000000000000000e+01 3.100000000000000000e+01 1.200000000000000000e+01 0.000000000000000000e+00 1.600000000000000089e+00 2.925000000000000083e-03 -2.143410000000000037e-01 9.767540000000000111e-01 -6.581900000000000250e-02 9.745989999999999931e-01 2.140650000000000053e-01 -9.978270000000000195e-01 -6.491500000000000048e-02 -1.125699999999999965e-02
1.000000000000000000e+00 2.800000000000000000e+01 1.300000000000000000e+01 0.000000000000000000e+00 1.600000000000000089e+00 -6.748999999999999791e-03 -1.406979999999999897e-01 9.900299999999999656e-01 -7.425900000000000556e-02 9.873889999999999612e-01 1.398159999999999958e-01 -9.972159999999999913e-01 -7.257500000000000062e-02 -1.711199999999999874e-02
1.700000000000000000e+01 3.500000000000000000e+01 1.300000000000000000e+01 0.000000000000000000e+00 1.600000000000000089e+00 -1.912079999999999891e-01 -5.317500000000000004e-02 9.801079999999999792e-01 9.676749999999999519e-01 -1.775110000000000021e-01 1.791520000000000057e-01 1.644539999999999891e-01 9.826810000000000267e-01 8.539800000000000169e-02
2.600000000000000000e+01 3.200000000000000000e+01 1.400000000000000000e+01 0.000000000000000000e+00 1.600000000000000089e+00 9.849999999999999815e-04 -2.289999999999999935e-03 -9.999970000000000248e-01 1.163340000000000068e-01 9.932079999999999798e-01 -2.158999999999999895e-03 9.932100000000000373e-01 -1.163320000000000048e-01 1.245000000000000013e-03
5.000000000000000000e+00 1.200000000000000000e+01 1.600000000000000000e+01 0.000000000000000000e+00 1.600000000000000089e+00 -3.269999999999999795e-04 -2.088000000000000012e-03 9.999980000000000535e-01 2.719960000000000155e-01 -9.622969999999999580e-01 -1.920999999999999965e-03 9.622979999999999867e-01 2.719940000000000135e-01 8.829999999999999958e-04
9.000000000000000000e+00 1.200000000000000000e+01 1.600000000000000000e+01 0.000000000000000000e+00 1.600000000000000089e+00 4.471000000000000148e-03 -1.383599999999999934e-02 9.998939999999999495e-01 2.695670000000000011e-01 -9.628719999999999501e-01 -1.452900000000000025e-02 9.629710000000000214e-01 2.696029999999999816e-01 -5.760000000000000146e-04
1.200000000000000000e+01 1.200000000000000000e+01 1.600000000000000000e+01 0.000000000000000000e+00 1.600000000000000089e+00 7.315999999999999587e-03 -2.104299999999999921e-02 9.997519999999999740e-01 2.701270000000000060e-01 -9.625679999999999792e-01 -2.223699999999999982e-02 9.627970000000000139e-01 2.702229999999999910e-01 -1.356999999999999916e-03
5.000000000000000000e+00 1.160000000000000000e+02 1.600000000000000000e+01 0.000000000000000000e+00 1.600000000000000089e+00 1.288999999999999998e-03 4.719999999999999803e-04 9.999989999999999712e-01 7.675429999999999753e-01 6.409960000000000102e-01 -1.291999999999999963e-03 -6.409960000000000102e-01 7.675440000000000040e-01 4.650000000000000270e-04
9.000000000000000000e+00 1.160000000000000000e+02 1.600000000000000000e+01 0.000000000000000000e+00 1.600000000000000089e+00 2.426999999999999904e-03 2.683000000000000055e-03 9.999930000000000208e-01 7.668139999999999956e-01 6.418589999999999574e-01 -3.582999999999999814e-03 -6.418639999999999901e-01 7.668179999999999996e-01 -5.000000000000000104e-04
2.100000000000000000e+01 1.160000000000000000e+02 1.600000000000000000e+01 0.000000000000000000e+00 1.600000000000000089e+00 1.694999999999999892e-03 4.433999999999999574e-03 9.999890000000000168e-01 7.162619999999999543e-01 6.978189999999999671e-01 -4.308000000000000197e-03 -6.978299999999999503e-01 7.162610000000000365e-01 -1.992999999999999980e-03
2.700000000000000000e+01 1.160000000000000000e+02 1.600000000000000000e+01 0.000000000000000000e+00 1.600000000000000089e+00 -2.730000000000000222e-04 2.939000000000000206e-03 9.999959999999999960e-01 7.085000000000000187e-01 7.057090000000000307e-01 -1.879999999999999944e-03 -7.057109999999999772e-01 7.084960000000000147e-01 -2.275000000000000112e-03
1.000000000000000000e+00 3.000000000000000000e+01 1.800000000000000000e+01 0.000000000000000000e+00 1.600000000000000089e+00 2.665999999999999967e-03 -2.550799999999999942e-02 -9.996709999999999763e-01 -9.977880000000000082e-01 6.633000000000000007e-02 -4.353000000000000098e-03 6.641900000000000581e-02 9.974720000000000253e-01 -2.527499999999999886e-02
1.000000000000000000e+01 3.400000000000000000e+01 1.800000000000000000e+01 0.000000000000000000e+00 1.600000000000000089e+00 2.079870000000000052e-01 2.789209999999999745e-01 9.375210000000000488e-01 -9.683279999999999665e-01 1.940810000000000035e-01 1.570799999999999974e-01 -1.381419999999999870e-01 -9.404979999999999452e-01 3.104529999999999790e-01
7.000000000000000000e+00 2.000000000000000000e+00 1.900000000000000000e+01 0.000000000000000000e+00 1.600000000000000089e+00 -3.620000000000000171e-04 1.794000000000000022e-03 -9.999980000000000535e-01 3.388909999999999978e-01 -9.408239999999999936e-01 -1.809999999999999977e-03 -9.408260000000000511e-01 -3.388909999999999978e-01 -2.669999999999999847e-04
2.500000000000000000e+01 2.000000000000000000e+00 1.900000000000000000e+01 0.000000000000000000e+00 1.600000000000000089e+00 9.886999999999999955e-03 -5.230599999999999833e-02 -9.985819999999999697e-01 3.636650000000000160e-01 -9.300599999999999978e-01 5.231700000000000239e-02 -9.314769999999999994e-01 -3.636670000000000180e-01 9.827000000000000665e-03
1.800000000000000000e+01 3.000000000000000000e+00 1.900000000000000000e+01 0.000000000000000000e+00 1.600000000000000089e+00 8.692999999999999339e-03 -4.697300000000000086e-02 -9.988580000000000236e-01 3.398100000000000009e-01 -9.393120000000000358e-01 4.713099999999999928e-02 -9.404540000000000122e-01 -3.398320000000000229e-01 7.795999999999999978e-03
1.000000000000000000e+00 4.000000000000000000e+00 2.000000000000000000e+01 0.000000000000000000e+00 1.600000000000000089e+00 1.655000000000000004e-03 1.339100000000000013e-02 -9.999090000000000478e-01 3.870379999999999932e-01 -9.219899999999999762e-01 -1.170700000000000039e-02 -9.220620000000000482e-01 -3.869830000000000214e-01 -6.708999999999999686e-03
5.000000000000000000e+00 4.000000000000000000e+00 2.000000000000000000e+01 0.000000000000000000e+00 1.600000000000000089e+00 -1.000000000000000082e-05 8.996999999999999789e-03 -9.999599999999999600e-01 3.870009999999999839e-01 -9.220420000000000282e-01 -8.300000000000000086e-03 -9.220789999999999820e-01 -3.869850000000000234e-01 -3.471999999999999826e-03
1.600000000000000000e+01 4.000000000000000000e+00 2.000000000000000000e+01 0.000000000000000000e+00 1.600000000000000089e+00 3.850000000000000124e-03 -3.427899999999999697e-02 -9.994049999999999878e-01 3.813790000000000235e-01 -9.238239999999999785e-01 3.315599999999999797e-02 -9.244109999999999827e-01 -3.812800000000000078e-01 9.516000000000000153e-03
7.000000000000000000e+00 1.300000000000000000e+01 2.000000000000000000e+01 0.000000000000000000e+00 1.600000000000000089e+00 -6.440000000000000412e-04 9.659999999999999533e-04 9.999989999999999712e-01 2.636220000000000230e-01 9.646259999999999835e-01 -7.619999999999999820e-04 -9.646259999999999835e-01 2.636209999999999942e-01 -8.760000000000000425e-04
1.300000000000000000e+01 1.300000000000000000e+01 2.000000000000000000e+01 0.000000000000000000e+00 1.600000000000000089e+00 -1.438000000000000042e-03 4.375999999999999682e-03 9.999890000000000168e-01 2.625399999999999956e-01 9.649130000000000207e-01 -3.844999999999999894e-03 -9.649199999999999999e-01 2.625310000000000143e-01 -2.536000000000000060e-03
1.800000000000000000e+01 1.300000000000000000e+01 2.000000000000000000e+01 0.000000000000000000e+00 1.600000000000000089e+00 8.620000000000000275e-04 -3.402000000000000076e-03 9.999940000000000495e-01 2.602470000000000061e-01 9.655369999999999786e-01 3.059999999999999786e-03 -9.655420000000000114e-01 2.602430000000000021e-01 1.717999999999999909e-03
2.100000000000000000e+01 1.300000000000000000e+01 2.000000000000000000e+01 0.000000000000000000e+00 1.600000000000000089e+00 1.048000000000000103e-03 -8.684000000000000746e-03 9.999620000000000175e-01 2.580760000000000276e-01 9.660910000000000331e-01 8.118999999999999481e-03 -9.661239999999999828e-01 2.580569999999999808e-01 3.253999999999999948e-03
2.700000000000000000e+01 1.300000000000000000e+01 2.000000000000000000e+01 0.000000000000000000e+00 1.600000000000000089e+00 -1.435999999999999993e-03 -7.579999999999999932e-04 9.999989999999999712e-01 2.594469999999999832e-01 9.657569999999999766e-01 1.103999999999999947e-03 -9.657559999999999478e-01 2.594480000000000119e-01 -1.190000000000000085e-03
1.000000000000000000e+01 1.600000000000000000e+01 2.100000000000000000e+01 0.000000000000000000e+00 1.600000000000000089e+00 -5.450000000000000200e-04 4.099000000000000213e-03 9.999909999999999632e-01 2.956559999999999744e-01 9.552869999999999973e-01 -3.753999999999999958e-03 -9.552939999999999765e-01 2.956509999999999971e-01 -1.732000000000000033e-03
2.400000000000000000e+01 1.600000000000000000e+01 2.100000000000000000e+01 0.000000000000000000e+00 1.600000000000000089e+00 3.499999999999999964e-04 -9.131999999999999493e-03 9.999580000000000135e-01 2.973930000000000184e-01 9.547160000000000091e-01 8.614999999999999394e-03 -9.547550000000000203e-01 2.973770000000000024e-01 3.050000000000000194e-03
2.900000000000000000e+01 4.100000000000000000e+01 2.400000000000000000e+01 0.000000000000000000e+00 1.600000000000000089e+00 2.699259999999999993e-01 1.330739999999999978e-01 9.536409999999999609e-01 -9.079150000000000276e-01 3.650140000000000051e-01 2.060480000000000089e-01 -3.206720000000000126e-01 -9.214430000000000121e-01 2.193469999999999864e-01
2.300000000000000000e+01 2.000000000000000000e+00 2.500000000000000000e+01 0.000000000000000000e+00 1.600000000000000089e+00 1.106900000000000071e-02 -4.368999999999999967e-02 9.989839999999999831e-01 7.584100000000000563e-02 -9.961309999999999887e-01 -4.440600000000000103e-02 9.970579999999999998e-01 7.625600000000000434e-02 -7.713000000000000238e-03
5.000000000000000000e+00 3.000000000000000000e+00 2.500000000000000000e+01 0.000000000000000000e+00 1.600000000000000089e+00 -3.376000000000000095e-03 5.029999999999999749e-03 9.999820000000000375e-01 1.987600000000000131e-02 -9.997890000000000388e-01 5.095999999999999835e-03 9.997970000000000468e-01 1.989300000000000096e-02 3.275000000000000133e-03
9.000000000000000000e+00 3.000000000000000000e+00 2.500000000000000000e+01 0.000000000000000000e+00 1.600000000000000089e+00 4.174999999999999892e-03 -5.335000000000000332e-03 9.999770000000000048e-01 3.289899999999999769e-02 -9.994439999999999991e-01 -5.468999999999999903e-03 9.994499999999999496e-01 3.292199999999999988e-02 -3.996999999999999685e-03
1.600000000000000000e+01 3.000000000000000000e+00 2.500000000000000000e+01 0.000000000000000000e+00 1.600000000000000089e+00 9.577000000000000443e-03 -2.094199999999999881e-02 9.997350000000000403e-01 1.686500000000000152e-02 -9.996350000000000513e-01 -2.110100000000000170e-02 9.998120000000000340e-01 1.706200000000000078e-02 -9.220000000000000764e-03
2.400000000000000000e+01 3.000000000000000000e+00 2.500000000000000000e+01 0.000000000000000000e+00 1.600000000000000089e+00 2.497999999999999787e-03 -3.640199999999999686e-02 9.993339999999999446e-01 -1.601500000000000146e-02 -9.992109999999999603e-01 -3.635800000000000143e-02 9.998690000000000078e-01 -1.591300000000000006e-02 -3.079000000000000140e-03
2.700000000000000000e+01 3.000000000000000000e+00 2.500000000000000000e+01 0.000000000000000000e+00 1.600000000000000089e+00 -2.050000000000000173e-03 -1.631700000000000164e-02 9.998650000000000038e-01 -2.912899999999999864e-02 -9.994420000000000526e-01 -1.636999999999999914e-02 9.995739999999999625e-01 -2.915799999999999989e-02 1.572999999999999962e-03
9.000000000000000000e+00 2.900000000000000000e+01 2.600000000000000000e+01 0.000000000000000000e+00 1.600000000000000089e+00 5.353000000000000119e-03 3.863300000000000067e-02 -9.992389999999999883e-01 1.294939999999999980e-01 -9.908660000000000245e-01 -3.761599999999999666e-02 -9.915659999999999474e-01 -1.291940000000000033e-01 -1.030700000000000019e-02
2.000000000000000000e+00 5.800000000000000000e+01 3.100000000000000000e+01 0.000000000000000000e+00 1.600000000000000089e+00 -8.413000000000000339e-03 -6.993000000000000084e-03 9.999400000000000510e-01 -8.080570000000000253e-01 -5.890030000000000543e-01 -1.091800000000000062e-02 5.890440000000000120e-01 -8.081000000000000405e-01 -6.949999999999999798e-04
2.100000000000000000e+01 5.800000000000000000e+01 3.100000000000000000e+01 0.000000000000000000e+00 1.600000000000000089e+00 8.902000000000000191e-03 1.103499999999999967e-02 9.999000000000000110e-01 -8.107309999999999794e-01 -5.852589999999999737e-01 1.367699999999999992e-02 5.853509999999999547e-01 -8.107720000000000482e-01 3.736000000000000171e-03
2.700000000000000000e+01 5.800000000000000000e+01 3.100000000000000000e+01 0.000000000000000000e+00 1.600000000000000089e+00 -1.330000000000000073e-04 -5.308000000000000218e-03 9.999860000000000415e-01 -8.085099999999999509e-01 -5.884730000000000238e-01 -3.230999999999999931e-03 5.884819999999999496e-01 -8.084989999999999677e-01 -4.212999999999999731e-03
7.000000000000000000e+00 3.200000000000000000e+01 3.300000000000000000e+01 0.000000000000000000e+00 1.600000000000000089e+00 8.064399999999999347e-02 -8.573899999999999577e-02 -9.930489999999999595e-01 1.395780000000000076e-01 -9.855049999999999644e-01 9.642199999999999382e-02 -9.869219999999999660e-01 -1.463839999999999864e-01 -6.750799999999999856e-02
3.000000000000000000e+00 4.600000000000000000e+01 3.500000000000000000e+01 0.000000000000000000e+00 1.600000000000000089e+00 1.299999999999999920e-05 7.437799999999999967e-02 -9.972299999999999498e-01 3.948039999999999883e-01 -9.162209999999999521e-01 -6.833000000000000185e-02 -9.187650000000000539e-01 -3.937100000000000044e-01 -2.937700000000000033e-02
1.800000000000000000e+01 4.600000000000000000e+01 4.100000000000000000e+01 0.000000000000000000e+00 1.600000000000000089e+00 -4.954629999999999868e-01 5.244999999999999662e-03 8.686129999999999685e-01 5.987689999999999957e-01 -7.223749999999999893e-01 3.459039999999999893e-01 6.292790000000000328e-01 6.914810000000000123e-01 3.547699999999999743e-01
9.000000000000000000e+00 3.000000000000000000e+00 4.300000000000000000e+01 0.000000000000000000e+00 1.600000000000000089e+00 -1.461999999999999975e-03 -3.075000000000000042e-03 -9.999940000000000495e-01 7.318729999999999958e-01 -6.814400000000000457e-01 1.026000000000000002e-03 -6.814390000000000169e-01 -7.318670000000000453e-01 3.246999999999999886e-03
1.300000000000000000e+01 3.000000000000000000e+00 4.300000000000000000e+01 0.000000000000000000e+00 1.600000000000000089e+00 -3.808999999999999886e-03 1.180000000000000059e-03 -9.999919999999999920e-01 7.299069999999999725e-01 -6.835369999999999502e-01 -3.586999999999999911e-03 -6.835360000000000325e-01 -7.299149999999999805e-01 1.742000000000000059e-03
2.200000000000000000e+01 8.000000000000000000e+00 4.400000000000000000e+01 0.000000000000000000e+00 1.600000000000000089e+00 -1.273999999999999959e-03 -1.448000000000000068e-03 9.999980000000000535e-01 -7.908450000000000202e-01 -6.120139999999999469e-01 -1.894000000000000067e-03 6.120160000000000045e-01 -7.908460000000000489e-01 -3.660000000000000059e-04
2.500000000000000000e+01 8.000000000000000000e+00 4.400000000000000000e+01 0.000000000000000000e+00 1.600000000000000089e+00 3.660000000000000059e-04 4.662000000000000345e-03 9.999890000000000168e-01 -7.911249999999999671e-01 -6.116460000000000230e-01 3.141000000000000129e-03 6.116540000000000310e-01 -7.911179999999999879e-01 3.464000000000000065e-03
1.000000000000000000e+00 2.900000000000000000e+01 4.400000000000000000e+01 0.000000000000000000e+00 1.600000000000000089e+00 -5.203000000000000159e-03 -1.456000000000000046e-03 -9.999850000000000128e-01 6.406500000000000528e-01 7.678199999999999470e-01 -4.451000000000000095e-03 7.678150000000000253e-01 -6.406640000000000112e-01 -3.062000000000000052e-03
1.200000000000000000e+01 3.500000000000000000e+01 4.400000000000000000e+01 0.000000000000000000e+00 1.600000000000000089e+00 -2.907500000000000084e-01 -5.625160000000000160e-01 -7.739770000000000261e-01 -8.943699999999999983e-01 4.471930000000000072e-01 1.096300000000000052e-02 3.399499999999999744e-01 6.954099999999999726e-01 -6.331189999999999873e-01
1.000000000000000000e+00 3.800000000000000000e+01 4.400000000000000000e+01 0.000000000000000000e+00 1.600000000000000089e+00 9.395000000000000573e-02 -3.414289999999999825e-01 9.352000000000000313e-01 6.169970000000000176e-01 7.571820000000000217e-01 2.144530000000000047e-01 -7.813379999999999770e-01 5.568670000000000009e-01 2.817979999999999929e-01
2.100000000000000000e+01 3.700000000000000000e+01 5.100000000000000000e+01 0.000000000000000000e+00 1.600000000000000089e+00 -4.020889999999999742e-01 -3.836339999999999750e-01 8.313540000000000374e-01 9.002379999999999827e-01 -3.312800000000000189e-01 2.825340000000000074e-01 1.670210000000000028e-01 8.620200000000000085e-01 4.785659999999999914e-01
2.300000000000000000e+01 3.800000000000000000e+01 5.100000000000000000e+01 0.000000000000000000e+00 1.600000000000000089e+00 -3.730499999999999927e-01 -3.990279999999999938e-01 8.376219999999999777e-01 9.227140000000000342e-01 -2.540580000000000060e-01 2.899180000000000090e-01 9.711899999999999700e-02 8.810400000000000453e-01 4.629650000000000154e-01
2.700000000000000000e+01 7.000000000000000000e+00 5.200000000000000000e+01 0.000000000000000000e+00 1.600000000000000089e+00 -8.639999999999999677e-04 2.194999999999999903e-03 -9.999970000000000248e-01 7.695100000000000551e-02 -9.970320000000000293e-01 -2.255000000000000060e-03 -9.970350000000000046e-01 -7.695200000000000651e-02 6.920000000000000153e-04
3.000000000000000000e+00 6.300000000000000000e+01 5.400000000000000000e+01 0.000000000000000000e+00 1.600000000000000089e+00 3.710000000000000190e-04 4.394000000000000336e-03 9.999900000000000455e-01 -3.487899999999999889e-01 9.371920000000000250e-01 -3.989000000000000358e-03 -9.372009999999999508e-01 -3.487850000000000117e-01 1.879999999999999944e-03
5.000000000000000000e+00 6.300000000000000000e+01 5.400000000000000000e+01 0.000000000000000000e+00 1.600000000000000089e+00 9.150000000000000147e-04 4.374000000000000284e-03 9.999900000000000455e-01 -3.509780000000000122e-01 9.363759999999999861e-01 -3.774000000000000011e-03 -9.363829999999999654e-01 -3.509709999999999774e-01 2.392000000000000029e-03
1.800000000000000000e+01 6.300000000000000000e+01 5.400000000000000000e+01 0.000000000000000000e+00 1.600000000000000089e+00 2.329999999999999986e-04 -2.680000000000000090e-03 9.999959999999999960e-01 -3.587270000000000181e-01 9.334390000000000187e-01 2.585000000000000058e-03 -9.334430000000000227e-01 -3.587259999999999893e-01 -7.439999999999999782e-04
2.400000000000000000e+01 6.300000000000000000e+01 5.400000000000000000e+01 0.000000000000000000e+00 1.600000000000000089e+00 1.832999999999999994e-03 -3.699999999999999811e-05 9.999980000000000535e-01 -3.633990000000000276e-01 9.316330000000000444e-01 7.010000000000000172e-04 -9.316320000000000157e-01 -3.634000000000000008e-01 1.694999999999999892e-03
3.000000000000000000e+01 6.300000000000000000e+01 5.400000000000000000e+01 0.000000000000000000e+00 1.600000000000000089e+00 7.380000000000000492e-04 -4.092000000000000151e-03 9.999909999999999632e-01 -3.682590000000000030e-01 9.297140000000000404e-01 4.075999999999999762e-03 -9.297229999999999661e-01 -3.682590000000000030e-01 -8.210000000000000067e-04
1.500000000000000000e+01 2.500000000000000000e+01 5.500000000000000000e+01 0.000000000000000000e+00 1.600000000000000089e+00 7.979999999999999897e-04 1.570999999999999914e-03 -9.999980000000000535e-01 -1.069100000000000085e-02 -9.999419999999999975e-01 -1.580000000000000024e-03 -9.999430000000000263e-01 1.069200000000000012e-02 -7.810000000000000102e-04
2.000000000000000000e+01 2.000000000000000000e+01 6.000000000000000000e+01 0.000000000000000000e+00 1.600000000000000089e+00 1.376999999999999969e-03 -2.145999999999999904e-03 9.999970000000000248e-01 -6.040800000000000336e-02 9.981710000000000305e-01 2.226000000000000114e-03 -9.981729999999999769e-01 -6.041099999999999942e-02 1.245000000000000013e-03
4.000000000000000000e+00 2.100000000000000000e+01 6.000000000000000000e+01 0.000000000000000000e+00 1.600000000000000089e+00 -9.499999999999999981e-04 9.750999999999999251e-03 9.999519999999999520e-01 -9.766199999999999881e-02 9.951710000000000278e-01 -9.797000000000000153e-03 -9.952189999999999648e-01 -9.766600000000000281e-02 6.999999999999999895e-06
1.100000000000000000e+01 2.100000000000000000e+01 6.000000000000000000e+01 0.000000000000000000e+00 1.600000000000000089e+00 -5.789999999999999791e-04 -6.638999999999999936e-03 9.999780000000000335e-01 -9.601600000000000412e-02 9.953579999999999650e-01 6.552999999999999797e-03 -9.953800000000000425e-01 -9.600999999999999812e-02 -1.214000000000000018e-03
1.600000000000000000e+01 2.100000000000000000e+01 6.000000000000000000e+01 0.000000000000000000e+00 1.600000000000000089e+00 7.799999999999999859e-04 -6.605999999999999893e-03 9.999780000000000335e-01 -9.288499999999999535e-02 9.956549999999999567e-01 6.649999999999999661e-03 -9.956770000000000342e-01 -9.288799999999999835e-02 1.640000000000000019e-04
2.400000000000000000e+01 2.100000000000000000e+01 6.000000000000000000e+01 0.000000000000000000e+00 1.600000000000000089e+00 -9.370000000000000074e-04 -3.840000000000000097e-03 9.999919999999999920e-01 -9.732699999999999685e-02 9.952450000000000463e-01 3.729999999999999809e-03 -9.952520000000000255e-01 -9.732300000000000673e-02 -1.307000000000000002e-03
3.000000000000000000e+00 6.700000000000000000e+01 6.000000000000000000e+01 0.000000000000000000e+00 1.600000000000000089e+00 3.065000000000000016e-03 6.061000000000000415e-03 9.999770000000000048e-01 1.807189999999999908e-01 -9.835199999999999498e-01 5.407999999999999613e-03 9.835300000000000153e-01 1.806989999999999985e-01 -4.109999999999999938e-03
1.000000000000000000e+01 2.700000000000000000e+01 6.300000000000000000e+01 0.000000000000000000e+00 1.600000000000000089e+00 2.011000000000000201e-03 -6.819999999999999674e-03 9.999749999999999472e-01 -2.749199999999999977e-01 9.614409999999999901e-01 7.110000000000000001e-03 -9.614650000000000141e-01 -2.749280000000000057e-01 5.899999999999999754e-05
1.400000000000000000e+01 2.700000000000000000e+01 6.300000000000000000e+01 0.000000000000000000e+00 1.600000000000000089e+00 2.028999999999999988e-03 -1.397000000000000021e-03 9.999970000000000248e-01 -2.749110000000000165e-01 9.614679999999999893e-01 1.900999999999999912e-03 -9.614679999999999893e-01 -2.749139999999999917e-01 1.567000000000000033e-03
1.700000000000000000e+01 2.700000000000000000e+01 6.300000000000000000e+01 0.000000000000000000e+00 1.600000000000000089e+00 4.899999999999999842e-04 -7.145999999999999575e-03 9.999740000000000295e-01 -2.758959999999999746e-01 9.611619999999999608e-01 7.003999999999999809e-03 -9.611870000000000136e-01 -2.758920000000000261e-01 -1.500999999999999947e-03
2.200000000000000000e+01 2.700000000000000000e+01 6.300000000000000000e+01 0.000000000000000000e+00 1.600000000000000089e+00 -1.747999999999999988e-03 -8.189999999999999364e-03 9.999649999999999928e-01 -2.765630000000000033e-01 9.609670000000000156e-01 7.387999999999999602e-03 -9.609940000000000149e-01 -2.765400000000000080e-01 -3.944999999999999722e-03
1.100000000000000000e+01 2.600000000000000000e+01 6.400000000000000000e+01 0.000000000000000000e+00 1.600000000000000089e+00 2.851999999999999934e-03 -4.468999999999999882e-03 9.999860000000000415e-01 -3.677349999999999786e-01 9.299159999999999648e-01 5.204000000000000292e-03 -9.299260000000000304e-01 -3.677449999999999886e-01 1.008999999999999914e-03
1.700000000000000000e+01 2.600000000000000000e+01 6.400000000000000000e+01 0.000000000000000000e+00 1.600000000000000089e+00 1.889999999999999970e-03 -7.346000000000000099e-03 9.999710000000000543e-01 -3.653310000000000168e-01 9.308469999999999800e-01 7.529000000000000102e-03 -9.308760000000000367e-01 -3.653339999999999921e-01 -9.240000000000000166e-04
2.200000000000000000e+01 2.600000000000000000e+01 6.400000000000000000e+01 0.000000000000000000e+00 1.600000000000000089e+00 -1.134000000000000025e-03 -9.789000000000000826e-03 9.999510000000000343e-01 -3.674319999999999808e-01 9.300100000000000033e-01 8.687999999999999542e-03 -9.300500000000000433e-01 -3.674040000000000084e-01 -4.650999999999999752e-03
2.700000000000000000e+01 2.600000000000000000e+01 6.400000000000000000e+01 0.000000000000000000e+00 1.600000000000000089e+00 -2.750000000000000166e-04 -2.344999999999999862e-03 9.999970000000000248e-01 -3.617330000000000267e-01 9.322789999999999688e-01 2.086999999999999880e-03 -9.322820000000000551e-01 -3.617319999999999980e-01 -1.103999999999999947e-03
9.000000000000000000e+00 2.500000000000000000e+01 7.300000000000000000e+01 0.000000000000000000e+00 1.600000000000000089e+00 1.899000000000000080e-03 3.199000000000000021e-03 9.999930000000000208e-01 7.598179999999999934e-01 -6.501360000000000472e-01 6.369999999999999794e-04 6.501329999999999609e-01 7.598110000000000142e-01 -3.665999999999999988e-03
1.200000000000000000e+01 2.500000000000000000e+01 7.300000000000000000e+01 0.000000000000000000e+00 1.600000000000000089e+00 2.701999999999999975e-03 -4.539999999999999765e-04 9.999959999999999960e-01 7.629489999999999883e-01 -6.464539999999999731e-01 -2.354999999999999889e-03 6.464530000000000554e-01 7.629529999999999923e-01 -1.399999999999999986e-03
1.800000000000000000e+01 2.500000000000000000e+01 7.300000000000000000e+01 0.000000000000000000e+00 1.600000000000000089e+00 -3.523000000000000090e-03 -1.354799999999999928e-02 9.999019999999999575e-01 7.526669999999999749e-01 -6.583719999999999573e-01 -6.269000000000000267e-03 6.583919999999999773e-01 7.525709999999999900e-01 1.251700000000000035e-02
2.600000000000000000e+01 2.500000000000000000e+01 7.300000000000000000e+01 0.000000000000000000e+00 1.600000000000000089e+00 -1.268000000000000030e-03 -1.101999999999999898e-03 9.999989999999999712e-01 7.509569999999999856e-01 -6.603510000000000213e-01 2.249999999999999938e-04 6.603499999999999925e-01 7.509559999999999569e-01 1.665000000000000030e-03
3.000000000000000000e+00 4.400000000000000000e+01 7.300000000000000000e+01 0.000000000000000000e+00 1.600000000000000089e+00 3.469999999999999777e-04 1.900000000000000105e-05 1.000000000000000000e+00 5.741399999999999976e-02 -9.983499999999999597e-01 -9.999999999999999547e-07 9.983499999999999597e-01 5.741399999999999976e-02 -3.480000000000000020e-04
1.200000000000000000e+01 4.400000000000000000e+01 7.300000000000000000e+01 0.000000000000000000e+00 1.600000000000000089e+00 -9.610000000000000486e-04 -2.909999999999999826e-03 9.999949999999999672e-01 5.377400000000000235e-02 -9.985490000000000199e-01 -2.854000000000000200e-03 9.985530000000000239e-01 5.377099999999999935e-02 1.116000000000000021e-03
1.900000000000000000e+01 4.400000000000000000e+01 7.300000000000000000e+01 0.000000000000000000e+00 1.600000000000000089e+00 3.480000000000000020e-04 8.970000000000000109e-04 1.000000000000000000e+00 5.484699999999999992e-02 -9.984939999999999927e-01 8.760000000000000425e-04 9.984950000000000214e-01 5.484699999999999992e-02 -3.959999999999999762e-04
4.000000000000000000e+00 5.100000000000000000e+01 7.600000000000000000e+01 0.000000000000000000e+00 1.600000000000000089e+00 1.910000000000000022e-03 5.206999999999999823e-03 -9.999850000000000128e-01 -4.034980000000000233e-01 -9.149639999999999995e-01 -5.534999999999999989e-03 -9.149789999999999868e-01 4.035020000000000273e-01 3.530000000000000152e-04
1.300000000000000000e+01 5.100000000000000000e+01 7.600000000000000000e+01 0.000000000000000000e+00 1.600000000000000089e+00 1.075000000000000001e-03 -1.278999999999999972e-03 -9.999989999999999712e-01 -4.003950000000000009e-01 -9.163419999999999899e-01 7.420000000000000380e-04 -9.163419999999999899e-01 4.003929999999999989e-01 -1.497000000000000067e-03
2.700000000000000000e+01 5.100000000000000000e+01 7.600000000000000000e+01 0.000000000000000000e+00 1.600000000000000089e+00 4.440000000000000045e-04 -8.880000000000000089e-04 -9.999989999999999712e-01 -4.007629999999999804e-01 -9.161820000000000519e-01 6.350000000000000392e-04 -9.161820000000000519e-01 4.007620000000000071e-01 -7.630000000000000063e-04
1.000000000000000000e+00 9.100000000000000000e+01 7.600000000000000000e+01 0.000000000000000000e+00 1.600000000000000089e+00 1.093000000000000005e-03 -9.269999999999999811e-04 9.999989999999999712e-01 2.913200000000000234e-01 -9.566249999999999476e-01 -1.204999999999999908e-03 9.566249999999999476e-01 2.913209999999999966e-01 -7.759999999999999971e-04
8.000000000000000000e+00 9.100000000000000000e+01 7.600000000000000000e+01 0.000000000000000000e+00 1.600000000000000089e+00 6.310000000000000504e-04 7.169999999999999724e-04 1.000000000000000000e+00 2.752600000000000047e-01 -9.613699999999999468e-01 5.150000000000000498e-04 9.613699999999999468e-01 2.752589999999999759e-01 -8.040000000000000271e-04
1.300000000000000000e+01 9.100000000000000000e+01 7.600000000000000000e+01 0.000000000000000000e+00 1.600000000000000089e+00 -2.305000000000000191e-03 2.900000000000000017e-05 9.999970000000000248e-01 2.951329999999999787e-01 -9.554559999999999720e-01 7.079999999999999705e-04 9.554529999999999967e-01 2.951340000000000074e-01 2.194000000000000204e-03
1.800000000000000000e+01 9.100000000000000000e+01 7.600000000000000000e+01 0.000000000000000000e+00 1.600000000000000089e+00 2.860000000000000129e-04 -9.240000000000000166e-04 1.000000000000000000e+00 2.907719999999999749e-01 -9.567919999999999758e-01 -9.669999999999999776e-04 9.567919999999999758e-01 2.907719999999999749e-01 -5.000000000000000409e-06
2.300000000000000000e+01 9.100000000000000000e+01 7.600000000000000000e+01 0.000000000000000000e+00 1.600000000000000089e+00 -3.119999999999999944e-04 -3.900999999999999954e-03 9.999919999999999920e-01 2.834780000000000078e-01 -9.589720000000000466e-01 -3.651999999999999864e-03 9.589790000000000258e-01 2.834749999999999770e-01 1.404999999999999999e-03
2.500000000000000000e+01 9.100000000000000000e+01 7.600000000000000000e+01 0.000000000000000000e+00 1.600000000000000089e+00 -1.691000000000000012e-03 -4.778000000000000129e-03 9.999869999999999592e-01 2.778900000000000259e-01 -9.606040000000000134e-01 -4.120000000000000398e-03 9.606109999999999927e-01 2.778789999999999871e-01 2.952000000000000197e-03
8.000000000000000000e+00 1.010000000000000000e+02 7.900000000000000000e+01 0.000000000000000000e+00 1.600000000000000089e+00 -8.260000000000000198e-04 -2.027000000000000156e-03 -9.999980000000000535e-01 -8.013120000000000243e-01 5.982460000000000555e-01 -5.509999999999999490e-04 5.982460000000000555e-01 8.013099999999999667e-01 -2.118000000000000091e-03
2.800000000000000000e+01 9.000000000000000000e+00 8.200000000000000000e+01 0.000000000000000000e+00 1.600000000000000089e+00 3.150000000000000131e-04 8.329999999999999731e-04 -1.000000000000000000e+00 5.648590000000000000e-01 8.251870000000000038e-01 8.660000000000000163e-04 8.251870000000000038e-01 -5.648590000000000000e-01 -2.100000000000000087e-04
5.000000000000000000e+00 4.400000000000000000e+01 8.300000000000000000e+01 0.000000000000000000e+00 1.600000000000000089e+00 -1.978999999999999856e-03 4.745000000000000086e-03 9.999869999999999592e-01 5.834399999999999586e-01 -8.121410000000000018e-01 5.008000000000000299e-03 8.121540000000000425e-01 5.834420000000000162e-01 -1.160999999999999923e-03
1.500000000000000000e+01 4.400000000000000000e+01 8.300000000000000000e+01 0.000000000000000000e+00 1.600000000000000089e+00 -1.356999999999999916e-03 4.050999999999999913e-03 9.999909999999999632e-01 5.703770000000000229e-01 -8.213730000000000198e-01 4.100999999999999611e-03 8.213819999999999455e-01 5.703770000000000229e-01 -1.196000000000000014e-03
2.000000000000000000e+01 4.400000000000000000e+01 8.300000000000000000e+01 0.000000000000000000e+00 1.600000000000000089e+00 -1.216000000000000067e-03 -2.504999999999999848e-03 9.999959999999999960e-01 5.681659999999999489e-01 -8.229119999999999768e-01 -1.371000000000000040e-03 8.229130000000000056e-01 5.681629999999999736e-01 2.423999999999999939e-03
2.500000000000000000e+01 4.400000000000000000e+01 8.300000000000000000e+01 0.000000000000000000e+00 1.600000000000000089e+00 -1.768000000000000040e-03 1.575000000000000011e-03 9.999970000000000248e-01 5.687790000000000346e-01 -8.224869999999999681e-01 2.301999999999999793e-03 8.224890000000000256e-01 5.687809999999999810e-01 5.580000000000000107e-04
2.800000000000000000e+01 4.400000000000000000e+01 8.300000000000000000e+01 0.000000000000000000e+00 1.600000000000000089e+00 -3.593999999999999972e-03 4.710999999999999910e-03 9.999820000000000375e-01 5.649279999999999857e-01 -8.251190000000000468e-01 5.917999999999999650e-03 8.251319999999999766e-01 5.649399999999999977e-01 3.040000000000000167e-04
1.000000000000000000e+01 4.800000000000000000e+01 8.400000000000000000e+01 0.000000000000000000e+00 1.600000000000000089e+00 6.538000000000000408e-03 4.379000000000000080e-03 -9.999689999999999968e-01 -9.463359999999999550e-01 -3.230959999999999943e-01 -7.602000000000000250e-03 -3.231189999999999896e-01 9.463559999999999750e-01 2.030999999999999819e-03
