1.900000000000000000e+01 1.500000000000000000e+01 4.000000000000000000e+00 0.000000000000000000e+00 1.600000000000000089e+00 3.072000000000000078e-03 7.577999999999999667e-03 9.999670000000000503e-01 2.688570000000000126e-01 -9.631579999999999586e-01 6.472999999999999587e-03 9.631750000000000034e-01 2.688280000000000114e-01 -4.995999999999999573e-03
2.300000000000000000e+01 1.500000000000000000e+01 4.000000000000000000e+00 0.000000000000000000e+00 1.600000000000000089e+00 -1.724999999999999971e-03 6.628000000000000211e-03 9.999770000000000048e-01 2.723360000000000225e-01 -9.621779999999999777e-01 6.846999999999999788e-03 9.622009999999999730e-01 2.723419999999999730e-01 -1.450000000000000009e-04
2.000000000000000000e+00 1.600000000000000000e+01 4.000000000000000000e+00 0.000000000000000000e+00 1.600000000000000089e+00 1.660999999999999933e-03 -1.545400000000000072e-02 9.998789999999999623e-01 3.169379999999999975e-01 -9.483249999999999735e-01 -1.518399999999999958e-02 9.484449999999999825e-01 3.169250000000000123e-01 3.321999999999999866e-03
7.000000000000000000e+00 1.600000000000000000e+01 4.000000000000000000e+00 0.000000000000000000e+00 1.600000000000000089e+00 2.997000000000000098e-03 -2.039600000000000093e-02 9.997869999999999813e-01 3.216479999999999895e-01 -9.466419999999999835e-01 -2.027599999999999889e-02 9.468550000000000022e-01 3.216399999999999815e-01 3.723000000000000181e-03
1.700000000000000000e+01 1.600000000000000000e+01 4.000000000000000000e+00 0.000000000000000000e+00 1.600000000000000089e+00 2.962999999999999922e-03 -6.930000000000000396e-04 9.999949999999999672e-01 3.294650000000000079e-01 -9.441659999999999497e-01 -1.629999999999999939e-03 9.441629999999999745e-01 3.294679999999999831e-01 -2.569000000000000103e-03
1.300000000000000000e+01 1.010000000000000000e+02 7.000000000000000000e+00 0.000000000000000000e+00 1.600000000000000089e+00 -7.100000000000000462e-05 7.499999999999999343e-05 1.000000000000000000e+00 8.848620000000000374e-01 4.658530000000000171e-01 2.799999999999999958e-05 -4.658530000000000171e-01 8.848620000000000374e-01 -1.000000000000000048e-04
1.600000000000000000e+01 1.010000000000000000e+02 7.000000000000000000e+00 0.000000000000000000e+00 1.600000000000000089e+00 9.250000000000000409e-04 2.482999999999999964e-03 9.999959999999999960e-01 8.844840000000000479e-01 4.665670000000000095e-01 -1.977000000000000025e-03 -4.665699999999999847e-01 8.844830000000000192e-01 -1.765000000000000076e-03
3.000000000000000000e+00 1.500000000000000000e+01 8.000000000000000000e+00 0.000000000000000000e+00 1.600000000000000089e+00 -6.348999999999999609e-03 -1.708000000000000143e-02 -9.998340000000000005e-01 -5.685869999999999536e-01 -8.224339999999999984e-01 1.765999999999999862e-02 -8.225989999999999691e-01 5.686050000000000271e-01 -4.490000000000000067e-03
7.000000000000000000e+00 1.500000000000000000e+01 8.000000000000000000e+00 0.000000000000000000e+00 1.600000000000000089e+00 -7.463000000000000016e-03 -2.187899999999999914e-02 -9.997329999999999828e-01 -5.715740000000000265e-01 -8.202490000000000059e-01 2.221700000000000064e-02 -8.205160000000000231e-01 5.715869999999999562e-01 -6.383999999999999918e-03
1.000000000000000000e+01 1.500000000000000000e+01 8.000000000000000000e+00 0.000000000000000000e+00 1.600000000000000089e+00 -7.078000000000000090e-03 -2.132300000000000167e-02 -9.997479999999999700e-01 -5.750530000000000364e-01 -8.178339999999999499e-01 2.151399999999999840e-02 -8.180859999999999799e-01 5.750600000000000156e-01 -6.472999999999999587e-03
1.500000000000000000e+01 1.500000000000000000e+01 8.000000000000000000e+00 0.000000000000000000e+00 1.600000000000000089e+00 -2.827000000000000086e-03 -5.483000000000000027e-03 -9.999810000000000088e-01 -5.790520000000000111e-01 -8.152679999999999927e-01 6.106999999999999582e-03 -8.152859999999999552e-01 5.790579999999999616e-01 -8.700000000000000051e-04
1.900000000000000000e+01 1.500000000000000000e+01 8.000000000000000000e+00 0.000000000000000000e+00 1.600000000000000089e+00 -3.669999999999999760e-04 6.924999999999999732e-03 -9.999759999999999760e-01 -5.799490000000000478e-01 -8.146349999999999980e-01 -5.427999999999999665e-03 -8.146529999999999605e-01 5.799330000000000318e-01 4.315000000000000259e-03
2.200000000000000000e+01 1.500000000000000000e+01 8.000000000000000000e+00 0.000000000000000000e+00 1.600000000000000089e+00 1.494000000000000102e-03 6.056999999999999884e-03 -9.999810000000000088e-01 -5.793509999999999494e-01 -8.150570000000000315e-01 -5.801999999999999866e-03 -8.150770000000000515e-01 5.793490000000000029e-01 2.291000000000000068e-03
2.600000000000000000e+01 1.500000000000000000e+01 8.000000000000000000e+00 0.000000000000000000e+00 1.600000000000000089e+00 1.293000000000000095e-03 -4.701999999999999583e-03 -9.999879999999999880e-01 -5.775639999999999663e-01 -8.163390000000000368e-01 3.090999999999999998e-03 -8.163439999999999586e-01 5.775529999999999831e-01 -3.771000000000000046e-03
2.900000000000000000e+01 1.500000000000000000e+01 8.000000000000000000e+00 0.000000000000000000e+00 1.600000000000000089e+00 -8.360000000000000460e-04 -9.055000000000000548e-03 -9.999590000000000423e-01 -5.771119999999999584e-01 -8.166269999999999918e-01 7.877000000000000321e-03 -8.166649999999999743e-01 5.770939999999999959e-01 -4.543000000000000163e-03
4.000000000000000000e+00 2.600000000000000000e+01 8.000000000000000000e+00 0.000000000000000000e+00 1.600000000000000089e+00 6.663999999999999785e-03 1.840500000000000122e-02 -9.998080000000000300e-01 4.169390000000000041e-01 9.087250000000000050e-01 1.950700000000000003e-02 9.089099999999999957e-01 -4.169889999999999985e-01 -1.618000000000000081e-03
1.000000000000000000e+01 2.600000000000000000e+01 8.000000000000000000e+00 0.000000000000000000e+00 1.600000000000000089e+00 6.747999999999999658e-03 2.270499999999999949e-02 -9.997190000000000243e-01 4.125889999999999835e-01 9.106149999999999523e-01 2.346600000000000075e-02 9.108920000000000350e-01 -4.126319999999999988e-01 -3.223000000000000170e-03
1.800000000000000000e+01 2.600000000000000000e+01 8.000000000000000000e+00 0.000000000000000000e+00 1.600000000000000089e+00 7.119999999999999593e-04 -1.443999999999999971e-03 -9.999989999999999712e-01 4.094769999999999799e-01 9.123200000000000198e-01 -1.026000000000000002e-03 9.123200000000000198e-01 -4.094760000000000066e-01 1.240000000000000000e-03
2.600000000000000000e+01 2.600000000000000000e+01 8.000000000000000000e+00 0.000000000000000000e+00 1.600000000000000089e+00 3.009999999999999980e-04 2.559999999999999884e-04 -1.000000000000000000e+00 4.104809999999999848e-01 9.118690000000000406e-01 3.559999999999999797e-04 9.118690000000000406e-01 -4.104809999999999848e-01 1.689999999999999879e-04
1.100000000000000000e+01 2.400000000000000000e+01 9.000000000000000000e+00 0.000000000000000000e+00 1.600000000000000089e+00 7.334000000000000241e-03 2.423499999999999960e-02 -9.996789999999999843e-01 4.667979999999999907e-01 8.840139999999999665e-01 2.485599999999999962e-02 8.843330000000000357e-01 -4.668309999999999960e-01 -4.828999999999999959e-03
1.500000000000000000e+01 2.400000000000000000e+01 9.000000000000000000e+00 0.000000000000000000e+00 1.600000000000000089e+00 4.545999999999999694e-03 1.332500000000000004e-02 -9.999010000000000398e-01 4.636440000000000006e-01 8.859120000000000328e-01 1.391399999999999929e-02 8.860099999999999643e-01 -4.636609999999999898e-01 -2.151000000000000134e-03
2.300000000000000000e+01 2.400000000000000000e+01 9.000000000000000000e+00 0.000000000000000000e+00 1.600000000000000089e+00 -5.159999999999999656e-04 -3.704999999999999960e-03 -9.999930000000000208e-01 4.623920000000000252e-01 8.866690000000000405e-01 -3.523999999999999789e-03 8.866749999999999909e-01 -4.623909999999999965e-01 1.255000000000000039e-03
2.600000000000000000e+01 2.400000000000000000e+01 9.000000000000000000e+00 0.000000000000000000e+00 1.600000000000000089e+00 3.069999999999999812e-04 1.216999999999999983e-03 -9.999989999999999712e-01 4.625540000000000207e-01 8.865899999999999892e-01 1.221000000000000080e-03 8.865910000000000180e-01 -4.625540000000000207e-01 -2.910000000000000260e-04
2.600000000000000000e+01 1.040000000000000000e+02 1.100000000000000000e+01 0.000000000000000000e+00 1.600000000000000089e+00 -1.039999999999999936e-04 -2.838999999999999944e-03 9.999959999999999960e-01 -9.723680000000000101e-01 -2.334499999999999909e-01 -7.630000000000000063e-04 2.334509999999999919e-01 -9.723650000000000349e-01 -2.736000000000000151e-03
6.000000000000000000e+00 3.100000000000000000e+01 1.200000000000000000e+01 0.000000000000000000e+00 1.600000000000000089e+00 8.819999999999999715e-04 1.252000000000000075e-03 9.999989999999999712e-01 -1.380900000000000009e-02 9.999040000000000150e-01 -1.239000000000000084e-03 -9.999040000000000150e-01 -1.380800000000000083e-02 8.989999999999999511e-04
1.300000000000000000e+01 3.100000000000000000e+01 1.200000000000000000e+01 0.000000000000000000e+00 1.600000000000000089e+00 -4.949999999999999973e-04 5.237000000000000335e-03 9.999860000000000415e-01 -8.942000000000000295e-03 9.999460000000000015e-01 -5.240999999999999999e-03 -9.999599999999999600e-01 -8.944999999999999826e-03 -4.490000000000000176e-04
1.900000000000000000e+01 3.100000000000000000e+01 1.200000000000000000e+01 0.000000000000000000e+00 1.600000000000000089e+00 -2.970000000000000092e-04 8.130000000000000291e-04 1.000000000000000000e+00 -5.667000000000000162e-03 9.999839999999999840e-01 -8.149999999999999693e-04 -9.999839999999999840e-01 -5.667000000000000162e-03 -2.919999999999999961e-04
2.300000000000000000e+01 3.100000000000000000e+01 1.200000000000000000e+01 0.000000000000000000e+00 1.600000000000000089e+00 2.020000000000000040e-04 2.658999999999999905e-03 9.999959999999999960e-01 -9.089999999999999773e-04 9.999959999999999960e-01 -2.658999999999999905e-03 -1.000000000000000000e+00 -9.089999999999999773e-04 2.039999999999999984e-04
8.000000000000000000e+00 1.200000000000000000e+01 1.500000000000000000e+01 0.000000000000000000e+00 1.600000000000000089e+00 -4.269000000000000225e-03 -6.047000000000000292e-03 -9.999730000000000008e-01 -4.737450000000000272e-01 -8.806310000000000526e-01 7.348000000000000365e-03 -8.806519999999999904e-01 4.737629999999999897e-01 8.940000000000000464e-04
1.300000000000000000e+01 1.200000000000000000e+01 1.500000000000000000e+01 0.000000000000000000e+00 1.600000000000000089e+00 -2.102000000000000136e-03 -4.225999999999999722e-03 -9.999890000000000168e-01 -4.733319999999999750e-01 -8.808709999999999596e-01 4.717999999999999972e-03 -8.808810000000000251e-01 4.733370000000000077e-01 -1.489999999999999897e-04
1.800000000000000000e+01 1.200000000000000000e+01 1.500000000000000000e+01 0.000000000000000000e+00 1.600000000000000089e+00 -8.210000000000000067e-04 3.105999999999999820e-03 -9.999949999999999672e-01 -4.745139999999999914e-01 -8.802450000000000552e-01 -2.344000000000000163e-03 -8.802470000000000017e-01 4.745099999999999874e-01 2.197000000000000168e-03
2.400000000000000000e+01 1.200000000000000000e+01 1.500000000000000000e+01 0.000000000000000000e+00 1.600000000000000089e+00 1.327999999999999970e-03 4.016999999999999738e-03 -9.999909999999999632e-01 -4.738629999999999787e-01 -8.805889999999999551e-01 -4.166000000000000432e-03 -8.805979999999999919e-01 4.738640000000000074e-01 7.339999999999999520e-04
3.000000000000000000e+01 1.200000000000000000e+01 1.500000000000000000e+01 0.000000000000000000e+00 1.600000000000000089e+00 -3.440000000000000132e-04 -5.016999999999999758e-03 -9.999869999999999592e-01 -4.715989999999999904e-01 -8.818009999999999460e-01 4.585999999999999799e-03 -8.818129999999999580e-01 4.715949999999999864e-01 -2.063000000000000164e-03
5.000000000000000000e+00 2.000000000000000000e+00 1.900000000000000000e+01 0.000000000000000000e+00 1.600000000000000089e+00 2.553000000000000148e-03 -4.232999999999999784e-03 -9.999879999999999880e-01 1.540479999999999905e-01 -9.880529999999999591e-01 4.576000000000000206e-03 -9.880600000000000493e-01 -1.540580000000000005e-01 -1.869999999999999917e-03
9.000000000000000000e+00 2.000000000000000000e+00 1.900000000000000000e+01 0.000000000000000000e+00 1.600000000000000089e+00 2.969999999999999984e-03 -1.206800000000000060e-02 -9.999230000000000063e-01 1.606539999999999913e-01 -9.869329999999999492e-01 1.238900000000000071e-02 -9.870060000000000500e-01 -1.606779999999999875e-01 -9.929999999999999591e-04
1.200000000000000000e+01 2.000000000000000000e+00 1.900000000000000000e+01 0.000000000000000000e+00 1.600000000000000089e+00 3.173000000000000039e-03 -5.028999999999999616e-03 -9.999820000000000375e-01 1.642510000000000081e-01 -9.864030000000000298e-01 5.481999999999999894e-03 -9.864129999999999843e-01 -1.642659999999999954e-01 -2.304000000000000058e-03
1.700000000000000000e+01 2.000000000000000000e+00 1.900000000000000000e+01 0.000000000000000000e+00 1.600000000000000089e+00 -5.280000000000000405e-04 9.412000000000000227e-03 -9.999559999999999560e-01 1.663310000000000066e-01 -9.860250000000000403e-01 -9.369000000000000591e-03 -9.860700000000000021e-01 -1.663290000000000046e-01 -1.044999999999999922e-03
2.100000000000000000e+01 2.000000000000000000e+00 1.900000000000000000e+01 0.000000000000000000e+00 1.600000000000000089e+00 1.373000000000000088e-03 4.936000000000000283e-03 -9.999869999999999592e-01 1.657480000000000064e-01 -9.861569999999999503e-01 -4.640000000000000027e-03 -9.861670000000000158e-01 -1.657399999999999984e-01 -2.171999999999999886e-03
2.400000000000000000e+01 2.000000000000000000e+00 1.900000000000000000e+01 0.000000000000000000e+00 1.600000000000000089e+00 2.560999999999999908e-03 -6.470000000000000057e-04 -9.999970000000000248e-01 1.647919999999999940e-01 -9.863279999999999825e-01 1.059999999999999961e-03 -9.863250000000000073e-01 -1.647939999999999960e-01 -2.419000000000000143e-03
2.600000000000000000e+01 2.000000000000000000e+00 1.900000000000000000e+01 0.000000000000000000e+00 1.600000000000000089e+00 1.159000000000000091e-03 -4.499999999999999877e-04 -9.999989999999999712e-01 1.644009999999999916e-01 -9.863929999999999643e-01 6.340000000000000149e-04 -9.863929999999999643e-01 -1.644019999999999926e-01 -1.069000000000000072e-03
3.000000000000000000e+01 2.000000000000000000e+00 1.900000000000000000e+01 0.000000000000000000e+00 1.600000000000000089e+00 -4.035000000000000392e-03 2.811999999999999830e-03 -9.999879999999999880e-01 1.681769999999999932e-01 -9.857510000000000439e-01 -3.451000000000000074e-03 -9.857489999999999863e-01 -1.681890000000000052e-01 3.504000000000000170e-03
1.200000000000000000e+01 4.000000000000000000e+00 2.000000000000000000e+01 0.000000000000000000e+00 1.600000000000000089e+00 4.542000000000000030e-03 -5.499000000000000415e-03 -9.999749999999999472e-01 2.569790000000000130e-01 -9.663950000000000040e-01 6.480999999999999782e-03 -9.664059999999999873e-01 -2.570020000000000082e-01 -2.975999999999999913e-03
2.000000000000000000e+01 4.000000000000000000e+00 2.000000000000000000e+01 0.000000000000000000e+00 1.600000000000000089e+00 1.859999999999999945e-04 5.648000000000000242e-03 -9.999839999999999840e-01 2.552780000000000049e-01 -9.668520000000000447e-01 -5.414000000000000409e-03 -9.668679999999999497e-01 -2.552730000000000277e-01 -1.621999999999999961e-03
2.500000000000000000e+01 4.000000000000000000e+00 2.000000000000000000e+01 0.000000000000000000e+00 1.600000000000000089e+00 2.667999999999999799e-03 2.344000000000000163e-03 -9.999940000000000495e-01 2.556010000000000226e-01 -9.667810000000000015e-01 -1.583999999999999905e-03 -9.667790000000000550e-01 -2.555950000000000166e-01 -3.178999999999999968e-03
5.000000000000000000e+00 1.300000000000000000e+01 2.000000000000000000e+01 0.000000000000000000e+00 1.600000000000000089e+00 -3.300000000000000253e-05 3.448000000000000110e-03 9.999940000000000495e-01 2.517889999999999850e-01 9.677769999999999984e-01 -3.328999999999999928e-03 -9.677820000000000311e-01 2.517869999999999830e-01 -8.999999999999999754e-04
1.200000000000000000e+01 1.300000000000000000e+01 2.000000000000000000e+01 0.000000000000000000e+00 1.600000000000000089e+00 -8.570000000000000144e-04 8.379999999999999862e-04 9.999989999999999712e-01 2.557590000000000141e-01 9.667400000000000437e-01 -5.910000000000000539e-04 -9.667400000000000437e-01 2.557579999999999854e-01 -1.043000000000000090e-03
1.500000000000000000e+01 1.300000000000000000e+01 2.000000000000000000e+01 0.000000000000000000e+00 1.600000000000000089e+00 -1.178999999999999927e-03 -5.749999999999999903e-04 9.999989999999999712e-01 2.569270000000000165e-01 9.664300000000000113e-01 8.589999999999999546e-04 -9.664300000000000113e-01 2.569279999999999897e-01 -9.909999999999999105e-04
2.300000000000000000e+01 1.300000000000000000e+01 2.000000000000000000e+01 0.000000000000000000e+00 1.600000000000000089e+00 3.049999999999999868e-04 7.230000000000000098e-04 1.000000000000000000e+00 2.559339999999999948e-01 9.666940000000000532e-01 -7.770000000000000214e-04 -9.666940000000000532e-01 2.559339999999999948e-01 1.100000000000000039e-04
5.000000000000000000e+00 1.600000000000000000e+01 2.100000000000000000e+01 0.000000000000000000e+00 1.600000000000000089e+00 -5.289999999999999564e-04 -1.193000000000000050e-03 9.999989999999999712e-01 2.975280000000000147e-01 9.547120000000000051e-01 1.296999999999999976e-03 -9.547130000000000338e-01 2.975289999999999879e-01 -1.499999999999999869e-04
1.700000000000000000e+01 1.600000000000000000e+01 2.100000000000000000e+01 0.000000000000000000e+00 1.600000000000000089e+00 -1.838000000000000007e-03 -6.239999999999999887e-04 9.999980000000000535e-01 2.997980000000000089e-01 9.540020000000000167e-01 1.146000000000000100e-03 -9.540009999999999879e-01 2.997989999999999822e-01 -1.565999999999999901e-03
2.300000000000000000e+01 1.600000000000000000e+01 2.100000000000000000e+01 0.000000000000000000e+00 1.600000000000000089e+00 -1.160000000000000007e-04 2.321000000000000146e-03 9.999970000000000248e-01 2.976179999999999937e-01 9.546829999999999483e-01 -2.181000000000000213e-03 -9.546850000000000058e-01 2.976170000000000204e-01 -8.009999999999999542e-04
5.000000000000000000e+00 4.600000000000000000e+01 2.700000000000000000e+01 0.000000000000000000e+00 1.600000000000000089e+00 1.978999999999999856e-03 1.044000000000000006e-03 -9.999970000000000248e-01 6.847919999999999563e-01 7.287360000000000504e-01 2.115999999999999825e-03 7.287360000000000504e-01 -6.847940000000000138e-01 7.269999999999999987e-04
8.000000000000000000e+00 4.600000000000000000e+01 2.700000000000000000e+01 0.000000000000000000e+00 1.600000000000000089e+00 1.763999999999999943e-03 3.009999999999999980e-04 -9.999980000000000535e-01 6.846200000000000063e-01 7.288989999999999636e-01 1.428000000000000016e-03 7.288980000000000459e-01 -6.846210000000000351e-01 1.080000000000000014e-03
7.000000000000000000e+00 4.600000000000000000e+01 3.000000000000000000e+01 0.000000000000000000e+00 1.600000000000000089e+00 1.763000000000000027e-03 1.541999999999999968e-03 -9.999970000000000248e-01 3.370520000000000183e-01 9.414839999999999876e-01 2.047000000000000208e-03 9.414839999999999876e-01 -3.370549999999999935e-01 1.139999999999999954e-03
1.100000000000000000e+01 4.600000000000000000e+01 3.000000000000000000e+01 0.000000000000000000e+00 1.600000000000000089e+00 -4.650000000000000270e-04 2.599999999999999840e-05 -1.000000000000000000e+00 3.349869999999999792e-01 9.422230000000000327e-01 -1.310000000000000129e-04 9.422230000000000327e-01 -3.349869999999999792e-01 -4.470000000000000232e-04
1.000000000000000000e+01 5.800000000000000000e+01 3.100000000000000000e+01 0.000000000000000000e+00 1.600000000000000089e+00 -9.730000000000000151e-04 1.706000000000000051e-03 9.999980000000000535e-01 -7.848789999999999933e-01 -6.196490000000000054e-01 2.939999999999999905e-04 6.196479999999999766e-01 -7.848770000000000469e-01 1.941999999999999933e-03
2.100000000000000000e+01 5.800000000000000000e+01 3.100000000000000000e+01 0.000000000000000000e+00 1.600000000000000089e+00 -2.358999999999999986e-03 2.220000000000000022e-04 9.999970000000000248e-01 -7.919340000000000268e-01 -6.106040000000000356e-01 -1.732999999999999948e-03 6.106019999999999781e-01 -7.919359999999999733e-01 1.616000000000000032e-03
2.500000000000000000e+01 5.800000000000000000e+01 3.100000000000000000e+01 0.000000000000000000e+00 1.600000000000000089e+00 2.420000000000000005e-04 -2.354999999999999889e-03 9.999970000000000248e-01 -7.917680000000000273e-01 -6.108209999999999473e-01 -1.247000000000000062e-03 6.108219999999999761e-01 -7.917650000000000521e-01 -2.011999999999999900e-03
2.700000000000000000e+01 6.000000000000000000e+00 3.200000000000000000e+01 0.000000000000000000e+00 1.600000000000000089e+00 1.637000000000000000e-03 6.562000000000000124e-03 -9.999770000000000048e-01 1.789469999999999950e-01 9.838360000000000438e-01 6.748999999999999791e-03 9.838569999999999816e-01 -1.789540000000000020e-01 4.360000000000000269e-04
2.000000000000000000e+01 2.200000000000000000e+01 3.400000000000000000e+01 0.000000000000000000e+00 1.600000000000000089e+00 1.093999999999999920e-03 1.868000000000000086e-03 9.999980000000000535e-01 3.794699999999999740e-01 -9.252029999999999976e-01 1.312999999999999931e-03 9.252029999999999976e-01 3.794680000000000275e-01 -1.722000000000000006e-03
2.000000000000000000e+01 4.300000000000000000e+01 3.400000000000000000e+01 0.000000000000000000e+00 1.600000000000000089e+00 1.175000000000000046e-03 -3.082000000000000104e-03 -9.999949999999999672e-01 -3.319520000000000248e-01 9.432909999999999906e-01 -3.297000000000000017e-03 9.432960000000000234e-01 3.319540000000000268e-01 8.500000000000000611e-05
6.000000000000000000e+00 4.600000000000000000e+01 3.500000000000000000e+01 0.000000000000000000e+00 1.600000000000000089e+00 -7.870000000000000476e-04 -5.860000000000000408e-04 -1.000000000000000000e+00 3.875520000000000076e-01 -9.218480000000000008e-01 2.349999999999999930e-04 -9.218469999999999720e-01 -3.875520000000000076e-01 9.520000000000000467e-04
1.100000000000000000e+01 4.600000000000000000e+01 3.500000000000000000e+01 0.000000000000000000e+00 1.600000000000000089e+00 1.150000000000000035e-04 -1.100000000000000039e-04 -1.000000000000000000e+00 3.877519999999999856e-01 -9.217640000000000278e-01 1.459999999999999981e-04 -9.217640000000000278e-01 -3.877519999999999856e-01 -6.299999999999999990e-05
1.600000000000000000e+01 4.600000000000000000e+01 3.500000000000000000e+01 0.000000000000000000e+00 1.600000000000000089e+00 4.169999999999999987e-04 1.793000000000000106e-03 -9.999980000000000535e-01 3.875899999999999901e-01 -9.218300000000000383e-01 -1.490999999999999921e-03 -9.218319999999999848e-01 -3.875890000000000168e-01 -1.079000000000000098e-03
2.200000000000000000e+01 4.600000000000000000e+01 3.500000000000000000e+01 0.000000000000000000e+00 1.600000000000000089e+00 -1.208000000000000089e-03 -1.689999999999999879e-04 -9.999989999999999712e-01 3.889380000000000059e-01 -9.212639999999999718e-01 -3.139999999999999888e-04 -9.212630000000000541e-01 -3.889380000000000059e-01 1.178000000000000011e-03
2.600000000000000000e+01 4.600000000000000000e+01 3.500000000000000000e+01 0.000000000000000000e+00 1.600000000000000089e+00 1.425999999999999967e-03 -4.085000000000000089e-03 -9.999909999999999632e-01 3.879940000000000055e-01 -9.216520000000000268e-01 4.317999999999999790e-03 -9.216609999999999525e-01 -3.879960000000000075e-01 2.709999999999999735e-04
1.000000000000000000e+00 9.500000000000000000e+01 3.600000000000000000e+01 0.000000000000000000e+00 1.600000000000000089e+00 2.586000000000000191e-03 8.059999999999999673e-04 9.999959999999999960e-01 9.959660000000000180e-01 8.968800000000000383e-02 -2.648000000000000180e-03 -8.969000000000000583e-02 9.959700000000000220e-01 -5.710000000000000015e-04
6.000000000000000000e+00 9.500000000000000000e+01 3.600000000000000000e+01 0.000000000000000000e+00 1.600000000000000089e+00 -2.350999999999999791e-03 -4.918999999999999762e-03 9.999850000000000128e-01 9.960529999999999662e-01 8.871900000000000619e-02 2.778000000000000087e-03 -8.873100000000000431e-02 9.960449999999999582e-01 4.690999999999999857e-03
1.400000000000000000e+01 9.500000000000000000e+01 3.600000000000000000e+01 0.000000000000000000e+00 1.600000000000000089e+00 -2.184000000000000177e-03 1.889999999999999970e-03 9.999959999999999960e-01 9.964129999999999932e-01 8.459999999999999465e-02 2.017000000000000130e-03 -8.459600000000000453e-02 9.964129999999999932e-01 -2.067999999999999960e-03
1.800000000000000000e+01 9.500000000000000000e+01 3.600000000000000000e+01 0.000000000000000000e+00 1.600000000000000089e+00 -8.798000000000000265e-03 -1.718899999999999942e-02 9.998139999999999805e-01 9.967190000000000216e-01 8.030700000000000338e-02 1.015100000000000030e-02 -8.046599999999999586e-02 9.966220000000000079e-01 1.642599999999999963e-02
2.700000000000000000e+01 9.500000000000000000e+01 3.600000000000000000e+01 0.000000000000000000e+00 1.600000000000000089e+00 3.376999999999999794e-03 -1.523799999999999981e-02 9.998780000000000445e-01 9.967530000000000001e-01 8.049299999999999511e-02 -2.139999999999999975e-03 -8.044999999999999374e-02 9.966390000000000526e-01 1.545999999999999978e-02
2.000000000000000000e+00 2.900000000000000000e+01 4.400000000000000000e+01 0.000000000000000000e+00 1.600000000000000089e+00 4.694000000000000256e-03 3.428000000000000057e-03 -9.999829999999999552e-01 6.697800000000000420e-01 7.425380000000000313e-01 5.689999999999999745e-03 7.425450000000000106e-01 -6.697950000000000292e-01 1.190000000000000085e-03
8.000000000000000000e+00 2.900000000000000000e+01 4.400000000000000000e+01 0.000000000000000000e+00 1.600000000000000089e+00 8.050000000000000515e-04 5.377999999999999968e-03 -9.999850000000000128e-01 6.758950000000000236e-01 7.369839999999999725e-01 4.506999999999999722e-03 7.369970000000000132e-01 -6.758889999999999620e-01 -3.041999999999999999e-03
1.400000000000000000e+01 2.900000000000000000e+01 4.400000000000000000e+01 0.000000000000000000e+00 1.600000000000000089e+00 -2.394999999999999993e-03 2.610000000000000015e-04 -9.999970000000000248e-01 6.813719999999999777e-01 7.319360000000000310e-01 -1.441000000000000007e-03 7.319339999999999735e-01 -6.813730000000000064e-01 -1.930999999999999991e-03
1.800000000000000000e+01 2.900000000000000000e+01 4.400000000000000000e+01 0.000000000000000000e+00 1.600000000000000089e+00 -6.710000000000000469e-04 2.462999999999999912e-03 -9.999970000000000248e-01 6.794440000000000479e-01 7.337259999999999893e-01 1.350999999999999987e-03 7.337270000000000181e-01 -6.794409999999999616e-01 -2.165999999999999957e-03
2.200000000000000000e+01 2.900000000000000000e+01 4.400000000000000000e+01 0.000000000000000000e+00 1.600000000000000089e+00 1.247000000000000062e-03 2.895000000000000004e-03 -9.999949999999999672e-01 6.739929999999999533e-01 7.387320000000000553e-01 2.978999999999999877e-03 7.387369999999999770e-01 -6.739929999999999533e-01 -1.030000000000000100e-03
2.600000000000000000e+01 2.900000000000000000e+01 4.400000000000000000e+01 0.000000000000000000e+00 1.600000000000000089e+00 -4.589999999999999896e-04 8.809999999999999472e-04 -1.000000000000000000e+00 6.742070000000000007e-01 7.385420000000000318e-01 3.409999999999999945e-04 7.385420000000000318e-01 -6.742059999999999720e-01 -9.330000000000000186e-04
2.900000000000000000e+01 2.900000000000000000e+01 4.400000000000000000e+01 0.000000000000000000e+00 1.600000000000000089e+00 -4.699999999999999724e-05 1.048000000000000103e-03 -1.000000000000000000e+00 6.795099999999999474e-01 7.336660000000000403e-01 7.370000000000000249e-04 7.336669999999999581e-01 -6.795090000000000297e-01 -7.470000000000000511e-04
5.000000000000000000e+00 6.500000000000000000e+01 4.600000000000000000e+01 0.000000000000000000e+00 1.600000000000000089e+00 -2.687999999999999851e-03 2.077999999999999986e-03 9.999940000000000495e-01 6.840030000000000276e-01 -7.294709999999999805e-01 3.354000000000000210e-03 7.294739999999999558e-01 6.840079999999999494e-01 5.400000000000000069e-04
2.900000000000000000e+01 6.500000000000000000e+01 4.600000000000000000e+01 0.000000000000000000e+00 1.600000000000000089e+00 6.149999999999999868e-04 -2.866000000000000058e-03 9.999959999999999960e-01 6.828429999999999778e-01 -7.305610000000000159e-01 -2.514000000000000175e-03 7.305650000000000199e-01 6.828410000000000313e-01 1.508000000000000009e-03
2.300000000000000000e+01 7.000000000000000000e+01 4.700000000000000000e+01 0.000000000000000000e+00 1.600000000000000089e+00 -3.910000000000000172e-04 1.039999999999999936e-04 -1.000000000000000000e+00 -8.375240000000000462e-01 -5.463999999999999968e-01 2.700000000000000035e-04 -5.463999999999999968e-01 8.375240000000000462e-01 3.009999999999999980e-04
6.000000000000000000e+00 5.000000000000000000e+00 5.100000000000000000e+01 0.000000000000000000e+00 1.600000000000000089e+00 -2.402000000000000055e-03 8.633999999999999314e-03 -9.999599999999999600e-01 4.773490000000000233e-01 -8.786709999999999798e-01 -8.732999999999999444e-03 -8.787110000000000198e-01 -4.773499999999999965e-01 -2.011000000000000201e-03
1.600000000000000000e+01 5.000000000000000000e+00 5.100000000000000000e+01 0.000000000000000000e+00 1.600000000000000089e+00 1.789999999999999925e-03 2.050999999999999872e-03 -9.999959999999999960e-01 4.893919999999999937e-01 -8.720639999999999503e-01 -9.120000000000000502e-04 -8.720620000000000038e-01 -4.893879999999999897e-01 -2.563999999999999873e-03
2.500000000000000000e+01 5.000000000000000000e+00 5.100000000000000000e+01 0.000000000000000000e+00 1.600000000000000089e+00 -1.100000000000000066e-03 2.181000000000000213e-03 -9.999970000000000248e-01 4.800180000000000002e-01 -8.772550000000000070e-01 -2.441000000000000027e-03 -8.772579999999999822e-01 -4.800189999999999735e-01 -8.200000000000000095e-05
2.800000000000000000e+01 5.000000000000000000e+00 5.100000000000000000e+01 0.000000000000000000e+00 1.600000000000000089e+00 2.206000000000000062e-03 -6.920000000000000153e-04 -9.999970000000000248e-01 4.816300000000000026e-01 -8.763729999999999576e-01 1.670000000000000043e-03 -8.763720000000000399e-01 -4.816320000000000046e-01 -1.600000000000000077e-03
2.500000000000000000e+01 7.000000000000000000e+00 5.200000000000000000e+01 0.000000000000000000e+00 1.600000000000000089e+00 -1.583999999999999905e-03 2.334000000000000137e-03 -9.999959999999999960e-01 7.029399999999999538e-02 -9.975230000000000485e-01 -2.439000000000000196e-03 -9.975249999999999950e-01 -7.029799999999999938e-02 1.415999999999999941e-03
5.000000000000000000e+00 6.300000000000000000e+01 5.400000000000000000e+01 0.000000000000000000e+00 1.600000000000000089e+00 4.580000000000000195e-04 -1.592000000000000099e-03 9.999989999999999712e-01 -3.504430000000000045e-01 9.365830000000000544e-01 1.650999999999999907e-03 -9.365839999999999721e-01 -3.504430000000000045e-01 -1.289999999999999914e-04
1.100000000000000000e+01 6.300000000000000000e+01 5.400000000000000000e+01 0.000000000000000000e+00 1.600000000000000089e+00 1.242999999999999964e-03 -1.404999999999999999e-03 9.999980000000000535e-01 -3.433740000000000125e-01 9.391969999999999485e-01 1.745999999999999939e-03 -9.391979999999999773e-01 -3.433749999999999858e-01 6.859999999999999779e-04
1.500000000000000000e+01 6.300000000000000000e+01 5.400000000000000000e+01 0.000000000000000000e+00 1.600000000000000089e+00 -2.870000000000000155e-03 -8.799999999999999771e-05 9.999959999999999960e-01 -3.451089999999999991e-01 9.385620000000000074e-01 -9.079999999999999530e-04 -9.385580000000000034e-01 -3.451110000000000011e-01 -2.724999999999999992e-03
2.100000000000000000e+01 6.300000000000000000e+01 5.400000000000000000e+01 0.000000000000000000e+00 1.600000000000000089e+00 9.139999999999999904e-04 1.985999999999999918e-03 9.999980000000000535e-01 -3.502279999999999838e-01 9.366630000000000233e-01 -1.539999999999999919e-03 -9.366640000000000521e-01 -3.502259999999999818e-01 1.551999999999999994e-03
2.400000000000000000e+01 6.300000000000000000e+01 5.400000000000000000e+01 0.000000000000000000e+00 1.600000000000000089e+00 -1.554999999999999959e-03 7.600000000000000418e-05 9.999989999999999712e-01 -3.507870000000000155e-01 9.364550000000000374e-01 -6.170000000000000354e-04 -9.364540000000000086e-01 -3.507879999999999887e-01 -1.430000000000000064e-03
2.900000000000000000e+01 6.300000000000000000e+01 5.400000000000000000e+01 0.000000000000000000e+00 1.600000000000000089e+00 4.310000000000000137e-04 5.900000000000000296e-04 1.000000000000000000e+00 -3.536520000000000219e-01 9.353770000000000140e-01 -3.989999999999999949e-04 -9.353770000000000140e-01 -3.536520000000000219e-01 6.120000000000000223e-04
1.000000000000000000e+00 2.500000000000000000e+01 5.500000000000000000e+01 0.000000000000000000e+00 1.600000000000000089e+00 -4.200000000000000174e-04 7.159999999999999481e-04 -1.000000000000000000e+00 -1.201999999999999943e-02 -9.999280000000000390e-01 -7.110000000000000434e-04 -9.999280000000000390e-01 1.201999999999999943e-02 4.279999999999999950e-04
7.000000000000000000e+00 2.500000000000000000e+01 5.500000000000000000e+01 0.000000000000000000e+00 1.600000000000000089e+00 1.422000000000000087e-03 -4.000000000000000327e-05 -9.999989999999999712e-01 -1.081700000000000023e-02 -9.999409999999999688e-01 2.500000000000000120e-05 -9.999400000000000510e-01 1.081700000000000023e-02 -1.423000000000000003e-03
1.400000000000000000e+01 2.500000000000000000e+01 5.500000000000000000e+01 0.000000000000000000e+00 1.600000000000000089e+00 1.029999999999999964e-04 -5.270000000000000162e-04 -1.000000000000000000e+00 -9.955000000000000307e-03 -9.999500000000000055e-01 5.259999999999999919e-04 -9.999500000000000055e-01 9.955000000000000307e-03 -1.090000000000000067e-04
1.600000000000000000e+01 2.500000000000000000e+01 5.500000000000000000e+01 0.000000000000000000e+00 1.600000000000000089e+00 2.689999999999999791e-04 -3.399999999999999973e-05 -1.000000000000000000e+00 -1.028199999999999947e-02 -9.999470000000000303e-01 3.100000000000000135e-05 -9.999470000000000303e-01 1.028199999999999947e-02 -2.689999999999999791e-04
3.000000000000000000e+01 2.500000000000000000e+01 5.500000000000000000e+01 0.000000000000000000e+00 1.600000000000000089e+00 8.440000000000000236e-04 4.311999999999999861e-03 -9.999900000000000455e-01 -1.276200000000000077e-02 -9.999090000000000478e-01 -4.322000000000000321e-03 -9.999179999999999735e-01 1.276599999999999957e-02 -7.889999999999999878e-04
8.000000000000000000e+00 5.800000000000000000e+01 5.900000000000000000e+01 0.000000000000000000e+00 1.600000000000000089e+00 9.979999999999999722e-04 5.150000000000000498e-04 -9.999989999999999712e-01 3.878469999999999973e-01 9.217229999999999590e-01 8.620000000000000275e-04 9.217229999999999590e-01 -3.878480000000000261e-01 7.200000000000000453e-04
4.000000000000000000e+00 7.000000000000000000e+00 6.000000000000000000e+01 0.000000000000000000e+00 1.600000000000000089e+00 -3.246999999999999886e-03 4.398000000000000000e-03 9.999850000000000128e-01 5.661819999999999631e-01 -8.242620000000000502e-01 5.464000000000000107e-03 8.242739999999999512e-01 5.661920000000000286e-01 1.859999999999999945e-04
3.000000000000000000e+00 2.100000000000000000e+01 6.000000000000000000e+01 0.000000000000000000e+00 1.600000000000000089e+00 -2.131000000000000082e-03 -1.700499999999999928e-02 9.998529999999999918e-01 -9.426600000000000257e-02 9.954070000000000418e-01 1.672900000000000081e-02 -9.955450000000000133e-01 -9.421599999999999420e-02 -3.725000000000000012e-03
9.000000000000000000e+00 2.100000000000000000e+01 6.000000000000000000e+01 0.000000000000000000e+00 1.600000000000000089e+00 4.270000000000000249e-04 6.464000000000000128e-03 9.999789999999999512e-01 -9.513900000000000134e-02 9.954429999999999668e-01 -6.394000000000000378e-03 -9.954640000000000155e-01 -9.513399999999999634e-02 1.039999999999999909e-03
1.400000000000000000e+01 2.100000000000000000e+01 6.000000000000000000e+01 0.000000000000000000e+00 1.600000000000000089e+00 3.190000000000000019e-04 -3.838999999999999965e-03 9.999930000000000208e-01 -9.685599999999999765e-02 9.952910000000000368e-01 3.851999999999999955e-03 -9.952980000000000160e-01 -9.685599999999999765e-02 -5.399999999999999798e-05
2.000000000000000000e+01 3.000000000000000000e+00 6.300000000000000000e+01 0.000000000000000000e+00 1.600000000000000089e+00 1.162999999999999971e-03 -6.257999999999999674e-03 9.999799999999999800e-01 -6.158329999999999638e-01 7.878560000000000008e-01 5.647000000000000110e-03 -7.878760000000000208e-01 -6.158270000000000133e-01 -2.938000000000000073e-03
2.700000000000000000e+01 3.000000000000000000e+00 6.300000000000000000e+01 0.000000000000000000e+00 1.600000000000000089e+00 1.508000000000000009e-03 -9.389999999999999476e-04 9.999980000000000535e-01 -6.130120000000000013e-01 7.900719999999999965e-01 1.667000000000000079e-03 -7.900719999999999965e-01 -6.130139999999999478e-01 6.149999999999999868e-04
4.000000000000000000e+00 2.700000000000000000e+01 6.300000000000000000e+01 0.000000000000000000e+00 1.600000000000000089e+00 -1.381999999999999982e-03 -9.244999999999999746e-03 9.999559999999999560e-01 -2.713479999999999781e-01 9.624439999999999662e-01 8.522999999999999327e-03 -9.624800000000000022e-01 -2.713249999999999829e-01 -3.837999999999999832e-03
8.000000000000000000e+00 2.700000000000000000e+01 6.300000000000000000e+01 0.000000000000000000e+00 1.600000000000000089e+00 4.300000000000000165e-05 -8.188000000000000833e-03 9.999670000000000503e-01 -2.711950000000000194e-01 9.624920000000000142e-01 7.893000000000000710e-03 -9.625249999999999639e-01 -2.711859999999999826e-01 -2.178999999999999947e-03
1.200000000000000000e+01 2.700000000000000000e+01 6.300000000000000000e+01 0.000000000000000000e+00 1.600000000000000089e+00 -1.268999999999999946e-03 -3.543999999999999841e-03 9.999930000000000208e-01 -2.733999999999999764e-01 9.618959999999999733e-01 3.062000000000000052e-03 -9.618999999999999773e-01 -2.733940000000000259e-01 -2.190000000000000106e-03
1.700000000000000000e+01 2.700000000000000000e+01 6.300000000000000000e+01 0.000000000000000000e+00 1.600000000000000089e+00 -4.060000000000000024e-04 -5.420999999999999604e-03 9.999850000000000128e-01 -2.776299999999999879e-01 9.606740000000000279e-01 5.094999999999999703e-03 -9.606879999999999864e-01 -2.776239999999999819e-01 -1.895999999999999899e-03
2.100000000000000000e+01 2.700000000000000000e+01 6.300000000000000000e+01 0.000000000000000000e+00 1.600000000000000089e+00 8.130000000000000291e-04 -2.531999999999999963e-03 9.999959999999999960e-01 -2.805460000000000176e-01 9.598370000000000513e-01 2.658000000000000206e-03 -9.598400000000000265e-01 -2.805469999999999908e-01 6.999999999999999387e-05
2.600000000000000000e+01 2.700000000000000000e+01 6.300000000000000000e+01 0.000000000000000000e+00 1.600000000000000089e+00 3.704999999999999960e-03 4.021000000000000268e-03 9.999850000000000128e-01 -2.784530000000000061e-01 9.604460000000000219e-01 -2.830000000000000050e-03 -9.604430000000000467e-01 -2.784380000000000188e-01 4.677999999999999867e-03
8.000000000000000000e+00 2.600000000000000000e+01 6.400000000000000000e+01 0.000000000000000000e+00 1.600000000000000089e+00 1.090000000000000040e-03 -1.251999999999999988e-02 9.999209999999999487e-01 -3.499459999999999793e-01 9.366919999999999691e-01 1.210999999999999924e-02 -9.367689999999999628e-01 -3.499309999999999921e-01 -3.360000000000000139e-03
1.200000000000000000e+01 2.600000000000000000e+01 6.400000000000000000e+01 0.000000000000000000e+00 1.600000000000000089e+00 -6.999999999999999387e-05 -6.562000000000000124e-03 9.999780000000000335e-01 -3.544590000000000241e-01 9.350519999999999943e-01 6.111000000000000112e-03 -9.350709999999999855e-01 -3.544510000000000161e-01 -2.390999999999999896e-03
