5.000000000000000000e+00 1.500000000000000000e+01 4.000000000000000000e+00 0.000000000000000000e+00 1.600000000000000089e+00 -1.239000000000000084e-03 2.820900000000000143e-02 9.996009999999999618e-01 3.851729999999999876e-01 -9.224639999999999507e-01 2.650999999999999884e-02 9.228439999999999976e-01 3.850520000000000054e-01 -9.723000000000000739e-03
2.100000000000000000e+01 1.600000000000000000e+01 4.000000000000000000e+00 0.000000000000000000e+00 1.600000000000000089e+00 -2.491000000000000159e-03 1.428999999999999932e-03 9.999959999999999960e-01 4.564719999999999889e-01 -8.897340000000000249e-01 2.409000000000000117e-03 8.897340000000000249e-01 4.564759999999999929e-01 1.564000000000000069e-03
3.000000000000000000e+00 1.010000000000000000e+02 7.000000000000000000e+00 0.000000000000000000e+00 1.600000000000000089e+00 -1.610000000000000103e-04 2.122900000000000134e-02 9.997749999999999693e-01 8.855790000000000051e-01 4.643869999999999942e-01 -9.717999999999999208e-03 -4.644880000000000120e-01 8.853779999999999983e-01 -1.887499999999999942e-02
1.400000000000000000e+01 1.010000000000000000e+02 7.000000000000000000e+00 0.000000000000000000e+00 1.600000000000000089e+00 -3.049999999999999868e-04 -3.628999999999999847e-03 9.999930000000000208e-01 8.856559999999999988e-01 4.643369999999999997e-01 1.955999999999999839e-03 -4.643410000000000037e-01 8.856509999999999661e-01 3.072000000000000078e-03
1.900000000000000000e+01 1.010000000000000000e+02 7.000000000000000000e+00 0.000000000000000000e+00 1.600000000000000089e+00 -1.191999999999999917e-03 -7.145999999999999575e-03 9.999740000000000295e-01 8.858340000000000103e-01 4.639820000000000055e-01 4.372000000000000018e-03 -4.640009999999999968e-01 8.858160000000000478e-01 5.777000000000000017e-03
6.000000000000000000e+00 1.500000000000000000e+01 8.000000000000000000e+00 0.000000000000000000e+00 1.600000000000000089e+00 9.700000000000000505e-04 1.763800000000000090e-02 -9.998439999999999550e-01 -6.144519999999999982e-01 -7.888199999999999656e-01 -1.451099999999999959e-02 -7.889530000000000154e-01 6.143710000000000004e-01 1.007300000000000036e-02
5.000000000000000000e+00 2.500000000000000000e+01 8.000000000000000000e+00 0.000000000000000000e+00 1.600000000000000089e+00 -6.520000000000000188e-04 -1.776000000000000018e-03 -9.999980000000000535e-01 4.484719999999999818e-01 8.937950000000000061e-01 -1.879999999999999944e-03 8.937960000000000349e-01 -4.484730000000000105e-01 2.139999999999999975e-04
7.000000000000000000e+00 2.500000000000000000e+01 8.000000000000000000e+00 0.000000000000000000e+00 1.600000000000000089e+00 -4.899999999999999842e-05 -1.791000000000000057e-03 -9.999980000000000535e-01 4.484770000000000145e-01 8.937929999999999486e-01 -1.623000000000000094e-03 8.937950000000000061e-01 -4.484759999999999858e-01 7.600000000000000418e-04
2.300000000000000000e+01 2.500000000000000000e+01 8.000000000000000000e+00 0.000000000000000000e+00 1.600000000000000089e+00 1.974000000000000060e-03 2.446999999999999956e-03 -9.999949999999999672e-01 4.467969999999999997e-01 8.946300000000000363e-01 3.070999999999999945e-03 8.946330000000000116e-01 -4.467999999999999750e-01 6.729999999999999871e-04
2.700000000000000000e+01 2.500000000000000000e+01 8.000000000000000000e+00 0.000000000000000000e+00 1.600000000000000089e+00 2.801999999999999803e-03 9.998999999999999208e-03 -9.999460000000000015e-01 4.449739999999999807e-01 8.954849999999999755e-01 1.020199999999999926e-02 8.955389999999999739e-01 -4.449790000000000134e-01 -1.940000000000000101e-03
2.800000000000000000e+01 9.000000000000000000e+00 9.000000000000000000e+00 0.000000000000000000e+00 1.600000000000000089e+00 7.400999999999999593e-03 -4.669999999999999672e-03 -9.999620000000000175e-01 -9.423289999999999722e-01 -3.346450000000000258e-01 -5.411000000000000011e-03 -3.346060000000000145e-01 9.423329999999999762e-01 -6.878000000000000433e-03
7.000000000000000000e+00 2.400000000000000000e+01 9.000000000000000000e+00 0.000000000000000000e+00 1.600000000000000089e+00 -7.600000000000000418e-05 -3.065000000000000016e-03 -9.999949999999999672e-01 4.560460000000000069e-01 8.899519999999999653e-01 -2.762000000000000132e-03 8.899559999999999693e-01 -4.560440000000000049e-01 1.330000000000000019e-03
1.500000000000000000e+01 2.400000000000000000e+01 9.000000000000000000e+00 0.000000000000000000e+00 1.600000000000000089e+00 -1.183000000000000024e-03 -3.703000000000000128e-03 -9.999919999999999920e-01 4.545699999999999741e-01 8.907030000000000225e-01 -3.836000000000000000e-03 8.907100000000000017e-01 -4.545710000000000028e-01 6.290000000000000018e-04
1.900000000000000000e+01 2.400000000000000000e+01 9.000000000000000000e+00 0.000000000000000000e+00 1.600000000000000089e+00 -8.009999999999999542e-04 -3.833000000000000036e-03 -9.999919999999999920e-01 4.544210000000000194e-01 8.907789999999999875e-01 -3.778000000000000108e-03 8.907869999999999955e-01 -4.544199999999999906e-01 1.028999999999999967e-03
2.700000000000000000e+01 2.400000000000000000e+01 9.000000000000000000e+00 0.000000000000000000e+00 1.600000000000000089e+00 2.863999999999999792e-03 1.033300000000000017e-02 -9.999419999999999975e-01 4.525790000000000091e-01 8.916619999999999546e-01 1.051000000000000024e-02 8.917199999999999571e-01 -4.525830000000000131e-01 -2.122999999999999887e-03
2.000000000000000000e+00 3.500000000000000000e+01 1.200000000000000000e+01 0.000000000000000000e+00 1.600000000000000089e+00 -8.720000000000000537e-04 -8.080000000000000160e-04 -9.999989999999999712e-01 4.587689999999999824e-01 -8.885549999999999837e-01 3.170000000000000075e-04 -8.885549999999999837e-01 -4.587680000000000091e-01 1.144999999999999967e-03
6.000000000000000000e+00 3.500000000000000000e+01 1.200000000000000000e+01 0.000000000000000000e+00 1.600000000000000089e+00 3.680000000000000003e-04 -5.067999999999999589e-03 -9.999869999999999592e-01 4.507669999999999733e-01 -8.926290000000000058e-01 4.689999999999999725e-03 -8.926420000000000465e-01 -4.507630000000000248e-01 1.955999999999999839e-03
1.100000000000000000e+01 3.500000000000000000e+01 1.200000000000000000e+01 0.000000000000000000e+00 1.600000000000000089e+00 -5.500000000000000331e-04 -5.192999999999999700e-03 -9.999860000000000415e-01 4.529449999999999865e-01 -8.915279999999999871e-01 4.381000000000000345e-03 -8.915380000000000527e-01 -4.529369999999999785e-01 2.843000000000000041e-03
1.900000000000000000e+01 3.500000000000000000e+01 1.200000000000000000e+01 0.000000000000000000e+00 1.600000000000000089e+00 8.509999999999999769e-04 -1.503999999999999912e-03 -9.999989999999999712e-01 4.424409999999999732e-01 -8.967960000000000376e-01 1.724999999999999971e-03 -8.967969999999999553e-01 -4.424420000000000019e-01 -9.699999999999999963e-05
2.300000000000000000e+01 3.500000000000000000e+01 1.200000000000000000e+01 0.000000000000000000e+00 1.600000000000000089e+00 -9.959999999999999236e-04 3.880999999999999901e-03 -9.999919999999999920e-01 4.399770000000000070e-01 -8.980000000000000204e-01 -3.924000000000000404e-03 -8.980080000000000284e-01 -4.399779999999999802e-01 -8.130000000000000291e-04
3.000000000000000000e+01 3.500000000000000000e+01 1.200000000000000000e+01 0.000000000000000000e+00 1.600000000000000089e+00 2.879000000000000049e-03 6.112000000000000245e-03 -9.999770000000000048e-01 4.570989999999999776e-01 -8.894060000000000299e-01 -4.120000000000000398e-03 -8.894109999999999516e-01 -4.570759999999999823e-01 -5.355000000000000385e-03
1.700000000000000000e+01 3.200000000000000000e+01 1.400000000000000000e+01 0.000000000000000000e+00 1.600000000000000089e+00 -9.409999999999999962e-04 1.126000000000000048e-03 -9.999989999999999712e-01 1.071560000000000012e-01 9.942419999999999591e-01 1.018999999999999941e-03 9.942419999999999591e-01 -1.071550000000000002e-01 -1.056999999999999997e-03
2.200000000000000000e+01 3.200000000000000000e+01 1.400000000000000000e+01 0.000000000000000000e+00 1.600000000000000089e+00 2.570000000000000127e-04 -3.618999999999999821e-03 -9.999930000000000208e-01 1.063759999999999983e-01 9.943199999999999816e-01 -3.572000000000000088e-03 9.943260000000000431e-01 -1.063739999999999963e-01 6.400000000000000524e-04
1.400000000000000000e+01 1.160000000000000000e+02 1.600000000000000000e+01 0.000000000000000000e+00 1.600000000000000089e+00 1.704000000000000003e-03 2.265000000000000086e-03 9.999959999999999960e-01 7.529360000000000497e-01 6.580880000000000063e-01 -2.772999999999999857e-03 -6.580909999999999815e-01 7.529379999999999962e-01 -5.839999999999999922e-04
2.000000000000000000e+00 2.000000000000000000e+00 1.900000000000000000e+01 0.000000000000000000e+00 1.600000000000000089e+00 6.414000000000000430e-03 2.113999999999999994e-03 -9.999770000000000048e-01 3.450090000000000101e-01 -9.385989999999999611e-01 2.290000000000000098e-04 -9.385769999999999946e-01 -3.450030000000000041e-01 -6.748999999999999791e-03
5.000000000000000000e+00 2.000000000000000000e+00 1.900000000000000000e+01 0.000000000000000000e+00 1.600000000000000089e+00 3.582999999999999814e-03 7.659999999999999708e-04 -9.999930000000000208e-01 3.389639999999999875e-01 -9.407990000000000519e-01 4.939999999999999730e-04 -9.407919999999999616e-01 -3.389639999999999875e-01 -3.631000000000000113e-03
1.200000000000000000e+01 2.000000000000000000e+00 1.900000000000000000e+01 0.000000000000000000e+00 1.600000000000000089e+00 -3.419999999999999863e-03 1.525699999999999973e-02 -9.998780000000000445e-01 3.276270000000000016e-01 -9.446790000000000465e-01 -1.553599999999999946e-02 -9.448010000000000019e-01 -3.276399999999999868e-01 -1.768000000000000040e-03
1.900000000000000000e+01 2.000000000000000000e+00 1.900000000000000000e+01 0.000000000000000000e+00 1.600000000000000089e+00 -8.040000000000000271e-04 1.941400000000000070e-02 -9.998110000000000053e-01 3.284500000000000197e-01 -9.443380000000000107e-01 -1.860099999999999948e-02 -9.445210000000000550e-01 -3.284030000000000005e-01 -5.617999999999999730e-03
2.500000000000000000e+01 2.000000000000000000e+00 1.900000000000000000e+01 0.000000000000000000e+00 1.600000000000000089e+00 -1.500000000000000038e-05 4.067999999999999568e-03 -9.999919999999999920e-01 3.258220000000000005e-01 -9.454230000000000134e-01 -3.850999999999999823e-03 -9.454310000000000214e-01 -3.258190000000000253e-01 -1.311000000000000099e-03
7.000000000000000000e+00 3.000000000000000000e+00 1.900000000000000000e+01 0.000000000000000000e+00 1.600000000000000089e+00 7.360000000000000006e-04 4.290999999999999676e-03 -9.999909999999999632e-01 3.084040000000000115e-01 -9.512479999999999825e-01 -3.854999999999999920e-03 -9.512549999999999617e-01 -3.083989999999999787e-01 -2.023000000000000059e-03
1.800000000000000000e+01 3.000000000000000000e+00 1.900000000000000000e+01 0.000000000000000000e+00 1.600000000000000089e+00 -1.345999999999999974e-03 1.847800000000000137e-02 -9.998280000000000500e-01 3.000249999999999861e-01 -9.537609999999999699e-01 -1.803099999999999842e-02 -9.539309999999999734e-01 -2.999970000000000137e-01 -4.259999999999999898e-03
2.000000000000000000e+00 1.300000000000000000e+01 2.000000000000000000e+01 0.000000000000000000e+00 1.600000000000000089e+00 1.371999999999999956e-03 -3.854999999999999920e-03 9.999919999999999920e-01 2.582030000000000158e-01 9.660849999999999715e-01 3.370000000000000166e-03 -9.660900000000000043e-01 2.581959999999999811e-01 2.321000000000000146e-03
6.000000000000000000e+00 1.300000000000000000e+01 2.000000000000000000e+01 0.000000000000000000e+00 1.600000000000000089e+00 3.989999999999999949e-04 7.489999999999999913e-04 1.000000000000000000e+00 2.588579999999999770e-01 9.659149999999999681e-01 -8.270000000000000441e-04 -9.659149999999999681e-01 2.588579999999999770e-01 1.910000000000000077e-04
1.000000000000000000e+01 1.300000000000000000e+01 2.000000000000000000e+01 0.000000000000000000e+00 1.600000000000000089e+00 -4.000000000000000327e-05 6.340000000000000149e-04 1.000000000000000000e+00 2.603489999999999971e-01 9.655139999999999834e-01 -6.019999999999999961e-04 -9.655150000000000121e-01 2.603489999999999971e-01 -2.030000000000000012e-04
1.300000000000000000e+01 1.300000000000000000e+01 2.000000000000000000e+01 0.000000000000000000e+00 1.600000000000000089e+00 -6.310000000000000504e-04 -3.213999999999999843e-03 9.999949999999999672e-01 2.604730000000000101e-01 9.654760000000000009e-01 3.266999999999999939e-03 -9.654810000000000336e-01 2.604739999999999833e-01 2.280000000000000126e-04
1.800000000000000000e+01 1.300000000000000000e+01 2.000000000000000000e+01 0.000000000000000000e+00 1.600000000000000089e+00 -1.311000000000000099e-03 -6.669999999999999497e-04 9.999989999999999712e-01 2.622849999999999904e-01 9.649900000000000144e-01 9.870000000000000301e-04 -9.649900000000000144e-01 2.622860000000000191e-01 -1.090999999999999956e-03
2.500000000000000000e+01 1.300000000000000000e+01 2.000000000000000000e+01 0.000000000000000000e+00 1.600000000000000089e+00 6.120000000000000223e-04 6.650000000000000095e-04 1.000000000000000000e+00 2.626499999999999946e-01 9.648910000000000542e-01 -8.030000000000000028e-04 -9.648910000000000542e-01 2.626499999999999946e-01 4.159999999999999744e-04
1.600000000000000000e+01 5.000000000000000000e+01 2.200000000000000000e+01 0.000000000000000000e+00 1.600000000000000089e+00 -7.200000000000000182e-05 1.832999999999999994e-03 -9.999980000000000535e-01 -5.622920000000000140e-01 8.269379999999999509e-01 1.557000000000000007e-03 8.269389999999999796e-01 5.622909999999999853e-01 9.709999999999999664e-04
2.500000000000000000e+01 5.000000000000000000e+01 2.200000000000000000e+01 0.000000000000000000e+00 1.600000000000000089e+00 -2.369000000000000012e-03 4.500000000000000283e-05 -9.999970000000000248e-01 -5.661779999999999591e-01 8.242819999999999592e-01 1.378000000000000102e-03 8.242789999999999839e-01 5.661800000000000166e-01 -1.928000000000000026e-03
3.000000000000000000e+00 2.000000000000000000e+00 2.500000000000000000e+01 0.000000000000000000e+00 1.600000000000000089e+00 3.490000000000000263e-04 -6.544999999999999603e-03 9.999789999999999512e-01 7.913699999999999901e-02 -9.968420000000000059e-01 -6.551999999999999665e-03 9.968639999999999723e-01 7.913800000000000001e-02 1.700000000000000122e-04
7.000000000000000000e+00 2.000000000000000000e+00 2.500000000000000000e+01 0.000000000000000000e+00 1.600000000000000089e+00 -5.039999999999999992e-04 -6.930000000000000396e-03 9.999759999999999760e-01 6.746699999999999919e-02 -9.976979999999999738e-01 -6.879999999999999831e-03 9.977209999999999690e-01 6.746199999999999419e-02 9.700000000000000505e-04
8.000000000000000000e+00 3.000000000000000000e+00 2.500000000000000000e+01 0.000000000000000000e+00 1.600000000000000089e+00 -1.149000000000000065e-03 -3.801000000000000125e-03 9.999919999999999920e-01 -1.710899999999999921e-02 -9.998460000000000125e-01 -3.820000000000000045e-03 9.998529999999999918e-01 -1.711299999999999974e-02 1.083999999999999894e-03
1.300000000000000000e+01 3.000000000000000000e+00 2.500000000000000000e+01 0.000000000000000000e+00 1.600000000000000089e+00 -4.964999999999999795e-03 1.391200000000000075e-02 9.998909999999999743e-01 -1.382599999999999975e-02 -9.998089999999999478e-01 1.384299999999999940e-02 9.998920000000000030e-01 -1.375600000000000087e-02 5.157000000000000126e-03
1.900000000000000000e+01 3.000000000000000000e+00 2.500000000000000000e+01 0.000000000000000000e+00 1.600000000000000089e+00 -3.340999999999999786e-03 8.887000000000000802e-03 9.999550000000000383e-01 -3.465000000000000198e-03 -9.999550000000000383e-01 8.874999999999999209e-03 9.999879999999999880e-01 -3.435000000000000119e-03 3.371999999999999997e-03
2.300000000000000000e+01 3.000000000000000000e+00 2.500000000000000000e+01 0.000000000000000000e+00 1.600000000000000089e+00 -6.650000000000000095e-04 -4.560000000000000251e-04 1.000000000000000000e+00 -1.467999999999999904e-03 -9.999989999999999712e-01 -4.569999999999999952e-04 9.999989999999999712e-01 -1.469000000000000037e-03 6.639999999999999852e-04
1.000000000000000000e+01 4.600000000000000000e+01 3.000000000000000000e+01 0.000000000000000000e+00 1.600000000000000089e+00 -1.765999999999999992e-03 -2.252999999999999794e-03 -9.999959999999999960e-01 3.324909999999999810e-01 9.431019999999999959e-01 -2.712000000000000001e-03 9.431049999999999711e-01 -3.324949999999999850e-01 -9.169999999999999549e-04
1.700000000000000000e+01 4.600000000000000000e+01 3.000000000000000000e+01 0.000000000000000000e+00 1.600000000000000089e+00 1.099999999999999971e-05 -1.110000000000000011e-04 -1.000000000000000000e+00 3.352350000000000052e-01 9.421349999999999447e-01 -1.010000000000000020e-04 9.421349999999999447e-01 -3.352350000000000052e-01 4.699999999999999724e-05
6.000000000000000000e+00 5.800000000000000000e+01 3.100000000000000000e+01 0.000000000000000000e+00 1.600000000000000089e+00 -2.880000000000000073e-04 1.788000000000000093e-03 9.999980000000000535e-01 -7.588390000000000413e-01 -6.512769999999999948e-01 9.460000000000000093e-04 6.512780000000000236e-01 -7.588380000000000125e-01 1.544000000000000017e-03
9.000000000000000000e+00 5.800000000000000000e+01 3.100000000000000000e+01 0.000000000000000000e+00 1.600000000000000089e+00 5.453999999999999647e-03 7.002999999999999677e-03 9.999609999999999888e-01 -7.600949999999999651e-01 -6.497540000000000537e-01 8.696000000000000604e-03 6.497889999999999500e-01 -7.601120000000000099e-01 1.779999999999999898e-03
1.700000000000000000e+01 5.800000000000000000e+01 3.100000000000000000e+01 0.000000000000000000e+00 1.600000000000000089e+00 3.667000000000000121e-03 5.171000000000000249e-03 9.999799999999999800e-01 -7.571759999999999602e-01 -6.531820000000000404e-01 6.153999999999999748e-03 6.532010000000000316e-01 -7.571830000000000505e-01 1.520000000000000084e-03
2.700000000000000000e+01 5.800000000000000000e+01 3.100000000000000000e+01 0.000000000000000000e+00 1.600000000000000089e+00 -2.618999999999999800e-03 -7.479999999999999670e-04 9.999959999999999960e-01 -7.515380000000000393e-01 -6.596849999999999659e-01 -2.462000000000000213e-03 6.596840000000000481e-01 -7.515420000000000433e-01 1.165000000000000020e-03
2.700000000000000000e+01 2.300000000000000000e+01 3.400000000000000000e+01 0.000000000000000000e+00 1.600000000000000089e+00 5.320000000000000293e-04 -2.236000000000000140e-03 9.999970000000000248e-01 3.971250000000000058e-01 -9.177619999999999667e-01 -2.263999999999999953e-03 9.177640000000000242e-01 3.971250000000000058e-01 3.989999999999999949e-04
4.000000000000000000e+00 4.600000000000000000e+01 3.500000000000000000e+01 0.000000000000000000e+00 1.600000000000000089e+00 1.505000000000000044e-03 -4.224000000000000324e-03 -9.999900000000000455e-01 3.890939999999999954e-01 -9.211869999999999781e-01 4.477000000000000077e-03 -9.211970000000000436e-01 -3.890959999999999974e-01 2.579999999999999828e-04
1.100000000000000000e+01 4.600000000000000000e+01 3.500000000000000000e+01 0.000000000000000000e+00 1.600000000000000089e+00 4.589999999999999896e-04 9.849999999999999815e-04 -9.999989999999999712e-01 3.937820000000000209e-01 -9.192040000000000211e-01 -7.240000000000000342e-04 -9.192040000000000211e-01 -3.937809999999999921e-01 -8.099999999999999561e-04
1.500000000000000000e+01 4.600000000000000000e+01 3.500000000000000000e+01 0.000000000000000000e+00 1.600000000000000089e+00 5.590000000000000351e-04 -1.590999999999999966e-03 -9.999989999999999712e-01 3.926200000000000245e-01 -9.196990000000000443e-01 1.683000000000000034e-03 -9.197009999999999907e-01 -3.926200000000000245e-01 1.110000000000000011e-04
1.800000000000000000e+01 4.600000000000000000e+01 3.500000000000000000e+01 0.000000000000000000e+00 1.600000000000000089e+00 -1.520000000000000084e-04 -2.429999999999999868e-03 -9.999970000000000248e-01 3.926560000000000050e-01 -9.196830000000000283e-01 2.174999999999999850e-03 -9.196849999999999747e-01 -3.926540000000000030e-01 1.093999999999999920e-03
2.600000000000000000e+01 4.600000000000000000e+01 3.500000000000000000e+01 0.000000000000000000e+00 1.600000000000000089e+00 6.809999999999999647e-04 1.263000000000000017e-03 -9.999989999999999712e-01 3.909259999999999957e-01 -9.204219999999999624e-01 -8.959999999999999866e-04 -9.204219999999999624e-01 -3.909250000000000225e-01 -1.121000000000000035e-03
3.000000000000000000e+01 4.600000000000000000e+01 3.500000000000000000e+01 0.000000000000000000e+00 1.600000000000000089e+00 2.034999999999999917e-03 -2.570000000000000127e-04 -9.999980000000000535e-01 3.896910000000000096e-01 -9.209450000000000136e-01 1.030000000000000100e-03 -9.209429999999999561e-01 -3.896930000000000116e-01 -1.773999999999999969e-03
4.000000000000000000e+00 3.000000000000000000e+00 4.300000000000000000e+01 0.000000000000000000e+00 1.600000000000000089e+00 1.495000000000000018e-03 3.285000000000000159e-03 -9.999940000000000495e-01 7.429780000000000273e-01 -6.693149999999999933e-01 -1.087999999999999991e-03 -6.693139999999999645e-01 -7.429719999999999658e-01 -3.442000000000000181e-03
9.000000000000000000e+00 3.000000000000000000e+00 4.300000000000000000e+01 0.000000000000000000e+00 1.600000000000000089e+00 -2.879000000000000049e-03 -4.657999999999999814e-03 -9.999850000000000128e-01 7.406760000000000010e-01 -6.718610000000000415e-01 9.970000000000000563e-04 -6.718560000000000088e-01 -7.406620000000000426e-01 5.383999999999999897e-03
1.800000000000000000e+01 3.000000000000000000e+00 4.300000000000000000e+01 0.000000000000000000e+00 1.600000000000000089e+00 -6.000000000000000152e-06 -1.037100000000000001e-02 -9.999460000000000015e-01 7.439299999999999802e-01 -6.682219999999999827e-01 6.925999999999999865e-03 -6.682580000000000187e-01 -7.438900000000000512e-01 7.719000000000000167e-03
2.400000000000000000e+01 3.000000000000000000e+00 4.300000000000000000e+01 0.000000000000000000e+00 1.600000000000000089e+00 -4.230000000000000253e-03 -1.054000000000000076e-02 -9.999360000000000470e-01 7.403349999999999653e-01 -6.722270000000000190e-01 3.954000000000000049e-03 -6.722249999999999615e-01 -7.402699999999999836e-01 1.064700000000000021e-02
5.000000000000000000e+00 8.000000000000000000e+00 4.400000000000000000e+01 0.000000000000000000e+00 1.600000000000000089e+00 5.050000000000000235e-04 2.328999999999999907e-03 9.999970000000000248e-01 -7.885969999999999924e-01 -6.149080000000000101e-01 1.830999999999999945e-03 6.149109999999999854e-01 -7.885950000000000459e-01 1.526000000000000013e-03
2.000000000000000000e+01 8.000000000000000000e+00 4.400000000000000000e+01 0.000000000000000000e+00 1.600000000000000089e+00 -1.820000000000000057e-04 -2.732000000000000053e-03 9.999959999999999960e-01 -7.833440000000000403e-01 -6.215859999999999719e-01 -1.840999999999999972e-03 6.215889999999999471e-01 -7.833409999999999540e-01 -2.027000000000000156e-03
2.000000000000000000e+00 2.900000000000000000e+01 4.400000000000000000e+01 0.000000000000000000e+00 1.600000000000000089e+00 4.079999999999999968e-04 -3.357999999999999874e-03 -9.999940000000000495e-01 6.591970000000000329e-01 7.519670000000000520e-01 -2.256000000000000193e-03 7.519700000000000273e-01 -6.591920000000000002e-01 2.520999999999999804e-03
5.000000000000000000e+00 2.900000000000000000e+01 4.400000000000000000e+01 0.000000000000000000e+00 1.600000000000000089e+00 -1.769999999999999926e-04 -3.886999999999999830e-03 -9.999919999999999920e-01 6.591749999999999554e-01 7.519839999999999858e-01 -3.039000000000000035e-03 7.519900000000000473e-01 -6.591700000000000337e-01 2.429000000000000169e-03
9.000000000000000000e+00 2.900000000000000000e+01 4.400000000000000000e+01 0.000000000000000000e+00 1.600000000000000089e+00 -9.629999999999999888e-04 -1.598000000000000028e-03 -9.999980000000000535e-01 6.589599999999999902e-01 7.521759999999999557e-01 -1.835999999999999958e-03 7.521769999999999845e-01 -6.589610000000000190e-01 3.289999999999999739e-04
1.500000000000000000e+01 2.900000000000000000e+01 4.400000000000000000e+01 0.000000000000000000e+00 1.600000000000000089e+00 1.110000000000000011e-04 -1.335000000000000032e-03 -9.999989999999999712e-01 6.583780000000000188e-01 7.526869999999999949e-01 -9.319999999999999942e-04 7.526869999999999949e-01 -6.583780000000000188e-01 9.619999999999999645e-04
1.900000000000000000e+01 2.900000000000000000e+01 4.400000000000000000e+01 0.000000000000000000e+00 1.600000000000000089e+00 7.079999999999999705e-04 -2.550000000000000183e-04 -1.000000000000000000e+00 6.598389999999999533e-01 7.514070000000000471e-01 2.750000000000000166e-04 7.514060000000000183e-01 -6.598399999999999821e-01 6.999999999999999929e-04
2.400000000000000000e+01 2.900000000000000000e+01 4.400000000000000000e+01 0.000000000000000000e+00 1.600000000000000089e+00 2.790000000000000054e-04 3.106999999999999953e-03 -9.999949999999999672e-01 6.557420000000000471e-01 7.549810000000000132e-01 2.527999999999999865e-03 7.549850000000000172e-01 -6.557389999999999608e-01 -1.827000000000000065e-03
2.800000000000000000e+01 2.900000000000000000e+01 4.400000000000000000e+01 0.000000000000000000e+00 1.600000000000000089e+00 4.199999999999999768e-05 4.569999999999999952e-04 -1.000000000000000000e+00 6.550620000000000331e-01 7.555749999999999966e-01 3.730000000000000134e-04 7.555749999999999966e-01 -6.550620000000000331e-01 -2.680000000000000090e-04
9.000000000000000000e+00 6.500000000000000000e+01 4.600000000000000000e+01 0.000000000000000000e+00 1.600000000000000089e+00 1.449999999999999900e-03 -1.981999999999999821e-03 9.999970000000000248e-01 6.779669999999999863e-01 -7.350879999999999637e-01 -2.439999999999999895e-03 7.350910000000000499e-01 6.779690000000000438e-01 2.770000000000000110e-04
4.000000000000000000e+00 7.000000000000000000e+01 4.700000000000000000e+01 0.000000000000000000e+00 1.600000000000000089e+00 -1.242999999999999964e-03 -1.965000000000000167e-03 -9.999970000000000248e-01 -8.416660000000000252e-01 -5.399950000000000028e-01 2.106999999999999932e-03 -5.399969999999999493e-01 8.416660000000000252e-01 -9.829999999999999329e-04
2.200000000000000000e+01 7.400000000000000000e+01 4.900000000000000000e+01 0.000000000000000000e+00 1.600000000000000089e+00 1.711999999999999980e-03 -5.322999999999999607e-03 9.999839999999999840e-01 -9.820520000000000360e-01 1.885920000000000096e-01 2.684999999999999887e-03 -1.886029999999999929e-01 -9.820410000000000528e-01 -4.904999999999999638e-03
8.000000000000000000e+00 5.000000000000000000e+00 5.100000000000000000e+01 0.000000000000000000e+00 1.600000000000000089e+00 -1.265999999999999981e-03 -1.260000000000000052e-03 -9.999980000000000535e-01 4.857690000000000063e-01 -8.740869999999999473e-01 4.870000000000000197e-04 -8.740860000000000296e-01 -4.857670000000000043e-01 1.719000000000000042e-03
1.100000000000000000e+01 5.000000000000000000e+00 5.100000000000000000e+01 0.000000000000000000e+00 1.600000000000000089e+00 -1.768000000000000040e-03 -7.450000000000000025e-04 -9.999980000000000535e-01 4.937150000000000150e-01 -8.696239999999999526e-01 -2.239999999999999966e-04 -8.696220000000000061e-01 -4.937150000000000150e-01 1.905000000000000009e-03
1.400000000000000000e+01 5.000000000000000000e+00 5.100000000000000000e+01 0.000000000000000000e+00 1.600000000000000089e+00 -3.122000000000000209e-03 1.379999999999999933e-04 -9.999949999999999672e-01 4.942300000000000026e-01 -8.693300000000000471e-01 -1.662999999999999982e-03 -8.693260000000000431e-01 -4.942320000000000046e-01 2.645999999999999915e-03
1.900000000000000000e+01 5.000000000000000000e+00 5.100000000000000000e+01 0.000000000000000000e+00 1.600000000000000089e+00 -3.930000000000000117e-04 -2.256000000000000193e-03 -9.999970000000000248e-01 4.901590000000000114e-01 -8.716319999999999624e-01 1.773999999999999969e-03 -8.716329999999999911e-01 -4.901570000000000094e-01 1.448000000000000068e-03
2.700000000000000000e+01 7.000000000000000000e+00 5.200000000000000000e+01 0.000000000000000000e+00 1.600000000000000089e+00 -4.094000000000000417e-03 2.109999999999999896e-03 -9.999890000000000168e-01 1.159170000000000061e-01 -9.932560000000000278e-01 -2.570999999999999935e-03 -9.932499999999999662e-01 -1.159260000000000013e-01 3.821999999999999877e-03
2.000000000000000000e+00 6.300000000000000000e+01 5.400000000000000000e+01 0.000000000000000000e+00 1.600000000000000089e+00 -2.033000000000000085e-03 4.459999999999999989e-04 9.999980000000000535e-01 -3.405679999999999819e-01 9.402190000000000270e-01 -1.111999999999999924e-03 -9.402179999999999982e-01 -3.405690000000000106e-01 -1.758999999999999930e-03
7.000000000000000000e+00 6.300000000000000000e+01 5.400000000000000000e+01 0.000000000000000000e+00 1.600000000000000089e+00 -1.100000000000000066e-03 1.474999999999999966e-03 9.999980000000000535e-01 -3.385090000000000043e-01 9.409619999999999651e-01 -1.760000000000000063e-03 -9.409629999999999939e-01 -3.385099999999999776e-01 -5.360000000000000181e-04
1.400000000000000000e+01 6.300000000000000000e+01 5.400000000000000000e+01 0.000000000000000000e+00 1.600000000000000089e+00 2.952000000000000197e-03 5.259999999999999919e-03 9.999820000000000375e-01 -3.379369999999999874e-01 9.411599999999999966e-01 -3.952999999999999917e-03 -9.411640000000000006e-01 -3.379190000000000249e-01 4.556000000000000154e-03
2.100000000000000000e+01 6.300000000000000000e+01 5.400000000000000000e+01 0.000000000000000000e+00 1.600000000000000089e+00 -6.139999999999999625e-04 -4.957999999999999734e-03 9.999879999999999880e-01 -3.452729999999999966e-01 9.384919999999999929e-01 4.440999999999999635e-03 -9.385019999999999474e-01 -3.452660000000000173e-01 -2.288000000000000103e-03
2.500000000000000000e+01 6.300000000000000000e+01 5.400000000000000000e+01 0.000000000000000000e+00 1.600000000000000089e+00 -9.820000000000000170e-04 -7.651999999999999948e-03 9.999700000000000255e-01 -3.451910000000000256e-01 9.385069999999999801e-01 6.843000000000000124e-03 -9.385320000000000329e-01 -3.451739999999999808e-01 -3.563000000000000195e-03
2.900000000000000000e+01 6.300000000000000000e+01 5.400000000000000000e+01 0.000000000000000000e+00 1.600000000000000089e+00 -5.640000000000000482e-04 -7.688000000000000389e-03 9.999700000000000255e-01 -3.406420000000000003e-01 9.401669999999999749e-01 7.035999999999999720e-03 -9.401929999999999454e-01 -3.406279999999999863e-01 -3.150000000000000022e-03
4.000000000000000000e+00 2.500000000000000000e+01 5.500000000000000000e+01 0.000000000000000000e+00 1.600000000000000089e+00 1.239000000000000084e-03 3.530999999999999851e-03 -9.999930000000000208e-01 -1.283600000000000019e-02 -9.999109999999999943e-01 -3.546999999999999806e-03 -9.999169999999999447e-01 1.284000000000000072e-02 -1.193999999999999966e-03
1.200000000000000000e+01 2.500000000000000000e+01 5.500000000000000000e+01 0.000000000000000000e+00 1.600000000000000089e+00 -2.056000000000000102e-03 -1.861999999999999940e-03 -9.999959999999999960e-01 -1.338699999999999959e-02 -9.999090000000000478e-01 1.889000000000000054e-03 -9.999080000000000190e-01 1.339100000000000013e-02 2.030999999999999819e-03
1.600000000000000000e+01 2.500000000000000000e+01 5.500000000000000000e+01 0.000000000000000000e+00 1.600000000000000089e+00 1.126000000000000048e-03 1.575000000000000011e-03 -9.999980000000000535e-01 -1.203300000000000029e-02 -9.999259999999999815e-01 -1.588999999999999918e-03 -9.999270000000000103e-01 1.203399999999999956e-02 -1.106999999999999911e-03
2.200000000000000000e+01 2.500000000000000000e+01 5.500000000000000000e+01 0.000000000000000000e+00 1.600000000000000089e+00 6.250000000000000130e-04 1.069000000000000072e-03 -9.999989999999999712e-01 -1.090799999999999929e-02 -9.999400000000000510e-01 -1.075999999999999917e-03 -9.999400000000000510e-01 1.090900000000000029e-02 -6.139999999999999625e-04
2.600000000000000000e+01 2.500000000000000000e+01 5.500000000000000000e+01 0.000000000000000000e+00 1.600000000000000089e+00 1.599999999999999928e-05 -7.060000000000000303e-04 -1.000000000000000000e+00 -1.075199999999999941e-02 -9.999419999999999975e-01 7.060000000000000303e-04 -9.999419999999999975e-01 1.075199999999999941e-02 -2.400000000000000061e-05
2.000000000000000000e+00 2.100000000000000000e+01 6.000000000000000000e+01 0.000000000000000000e+00 1.600000000000000089e+00 -2.847000000000000138e-03 -2.236000000000000140e-03 9.999940000000000495e-01 -9.365900000000000614e-02 9.956019999999999870e-01 1.959999999999999937e-03 -9.956000000000000405e-01 -9.365300000000000014e-02 -3.043999999999999831e-03
1.100000000000000000e+01 2.100000000000000000e+01 6.000000000000000000e+01 0.000000000000000000e+00 1.600000000000000089e+00 5.240000000000000517e-04 -2.750000000000000166e-04 1.000000000000000000e+00 -9.332300000000000317e-02 9.956359999999999655e-01 3.229999999999999907e-04 -9.956359999999999655e-01 -9.332300000000000317e-02 4.960000000000000216e-04
1.600000000000000000e+01 2.100000000000000000e+01 6.000000000000000000e+01 0.000000000000000000e+00 1.600000000000000089e+00 -1.691000000000000012e-03 4.119000000000000265e-03 9.999900000000000455e-01 -9.517699999999999771e-02 9.954509999999999748e-01 -4.261000000000000031e-03 -9.954589999999999828e-01 -9.518300000000000372e-02 -1.291000000000000047e-03
2.300000000000000000e+01 2.100000000000000000e+01 6.000000000000000000e+01 0.000000000000000000e+00 1.600000000000000089e+00 -6.989999999999999686e-04 3.199999999999999855e-05 1.000000000000000000e+00 -9.201499999999999957e-02 9.957580000000000320e-01 -9.600000000000000243e-05 -9.957570000000000032e-01 -9.201499999999999957e-02 -6.930000000000000396e-04
2.700000000000000000e+01 2.100000000000000000e+01 6.000000000000000000e+01 0.000000000000000000e+00 1.600000000000000089e+00 -1.579999999999999916e-04 -1.710000000000000094e-04 1.000000000000000000e+00 -9.267200000000000437e-02 9.956970000000000542e-01 1.559999999999999972e-04 -9.956970000000000542e-01 -9.267200000000000437e-02 -1.730000000000000038e-04
1.900000000000000000e+01 6.700000000000000000e+01 6.000000000000000000e+01 0.000000000000000000e+00 1.600000000000000089e+00 1.770000000000000089e-03 8.300000000000000086e-04 9.999980000000000535e-01 1.736929999999999863e-01 -9.848000000000000087e-01 5.100000000000000366e-04 9.847979999999999512e-01 1.736920000000000130e-01 -1.887000000000000005e-03
1.000000000000000000e+01 3.000000000000000000e+00 6.300000000000000000e+01 0.000000000000000000e+00 1.600000000000000089e+00 -1.020000000000000073e-03 3.723999999999999880e-03 9.999930000000000208e-01 -6.113250000000000073e-01 7.913719999999999644e-01 -3.569999999999999823e-03 -7.913790000000000546e-01 -6.113239999999999785e-01 1.469000000000000037e-03
2.800000000000000000e+01 3.000000000000000000e+00 6.300000000000000000e+01 0.000000000000000000e+00 1.600000000000000089e+00 -8.149999999999999693e-04 6.300000000000000261e-04 9.999989999999999712e-01 -6.179999999999999938e-01 7.861770000000000147e-01 -9.990000000000001049e-04 -7.861780000000000435e-01 -6.180010000000000225e-01 -2.519999999999999996e-04
2.000000000000000000e+00 2.700000000000000000e+01 6.300000000000000000e+01 0.000000000000000000e+00 1.600000000000000089e+00 -3.357000000000000175e-03 -2.428000000000000037e-03 9.999909999999999632e-01 -2.780460000000000154e-01 9.605669999999999487e-01 1.399000000000000070e-03 -9.605620000000000269e-01 -2.780389999999999806e-01 -3.899999999999999821e-03
7.000000000000000000e+00 2.700000000000000000e+01 6.300000000000000000e+01 0.000000000000000000e+00 1.600000000000000089e+00 1.046000000000000055e-03 -5.898999999999999730e-03 9.999820000000000375e-01 -2.804760000000000031e-01 9.598430000000000017e-01 5.955000000000000224e-03 -9.598600000000000465e-01 -2.804769999999999763e-01 -6.509999999999999945e-04
1.400000000000000000e+01 2.700000000000000000e+01 6.300000000000000000e+01 0.000000000000000000e+00 1.600000000000000089e+00 -1.177000000000000095e-03 -6.660000000000000338e-04 9.999989999999999712e-01 -2.820570000000000022e-01 9.593979999999999730e-01 3.069999999999999812e-04 -9.593970000000000553e-01 -2.820559999999999734e-01 -1.317000000000000028e-03
2.500000000000000000e+01 2.700000000000000000e+01 6.300000000000000000e+01 0.000000000000000000e+00 1.600000000000000089e+00 -1.111000000000000008e-03 -4.452000000000000228e-03 9.999890000000000168e-01 -2.774119999999999919e-01 9.607430000000000136e-01 3.969999999999999571e-03 -9.607499999999999929e-01 -2.774050000000000127e-01 -2.301999999999999793e-03
9.000000000000000000e+00 2.600000000000000000e+01 6.400000000000000000e+01 0.000000000000000000e+00 1.600000000000000089e+00 3.668999999999999952e-03 -6.461999999999999862e-03 9.999719999999999720e-01 -3.725640000000000063e-01 9.279770000000000518e-01 7.363999999999999886e-03 -9.279990000000000183e-01 -3.725809999999999955e-01 9.970000000000000563e-04
1.300000000000000000e+01 2.600000000000000000e+01 6.400000000000000000e+01 0.000000000000000000e+00 1.600000000000000089e+00 -7.709999999999999840e-04 -3.220000000000000206e-03 9.999949999999999672e-01 -3.729310000000000125e-01 9.278549999999999853e-01 2.700000000000000143e-03 -9.278589999999999893e-01 -3.729270000000000085e-01 -1.915999999999999951e-03
1.700000000000000000e+01 2.600000000000000000e+01 6.400000000000000000e+01 0.000000000000000000e+00 1.600000000000000089e+00 -2.889999999999999774e-04 -3.004999999999999859e-03 9.999949999999999672e-01 -3.681369999999999920e-01 9.297680000000000389e-01 2.687000000000000152e-03 -9.297710000000000141e-01 -3.681349999999999900e-01 -1.374999999999999920e-03
2.600000000000000000e+01 2.600000000000000000e+01 6.400000000000000000e+01 0.000000000000000000e+00 1.600000000000000089e+00 -8.899999999999999491e-04 -4.546999999999999827e-03 9.999890000000000168e-01 -3.699529999999999763e-01 9.290420000000000345e-01 3.895000000000000025e-03 -9.290500000000000425e-01 -3.699450000000000238e-01 -2.510000000000000078e-03
4.000000000000000000e+00 6.900000000000000000e+01 6.600000000000000000e+01 0.000000000000000000e+00 1.600000000000000089e+00 -2.736000000000000151e-03 3.151000000000000155e-03 9.999909999999999632e-01 -9.479790000000000161e-01 3.183110000000000106e-01 -3.596999999999999937e-03 -3.183199999999999918e-01 -9.479809999999999626e-01 2.115999999999999825e-03
9.000000000000000000e+00 6.900000000000000000e+01 6.600000000000000000e+01 0.000000000000000000e+00 1.600000000000000089e+00 -4.087999999999999620e-03 4.483000000000000006e-03 9.999820000000000375e-01 -9.500330000000000163e-01 3.121059999999999945e-01 -5.283000000000000369e-03 -3.121240000000000125e-01 -9.500370000000000203e-01 2.982999999999999974e-03
1.600000000000000000e+01 6.900000000000000000e+01 6.600000000000000000e+01 0.000000000000000000e+00 1.600000000000000089e+00 -5.069999999999999637e-04 -5.370999999999999906e-03 9.999850000000000128e-01 -9.512720000000000065e-01 3.083489999999999842e-01 1.173999999999999913e-03 -3.083509999999999862e-01 -9.512580000000000480e-01 -5.265999999999999848e-03
2.300000000000000000e+01 6.900000000000000000e+01 6.600000000000000000e+01 0.000000000000000000e+00 1.600000000000000089e+00 6.114999999999999776e-03 9.990000000000001049e-04 9.999810000000000088e-01 -9.485710000000000530e-01 3.165160000000000196e-01 5.485000000000000292e-03 -3.165049999999999808e-01 -9.485869999999999580e-01 2.883000000000000146e-03
2.000000000000000000e+01 3.100000000000000000e+01 7.100000000000000000e+01 0.000000000000000000e+00 1.600000000000000089e+00 6.250000000000000130e-04 1.327000000000000055e-03 -9.999989999999999712e-01 -7.287249999999999561e-01 -6.848049999999999971e-01 -1.363999999999999978e-03 -6.848070000000000546e-01 7.287249999999999561e-01 5.389999999999999826e-04
4.000000000000000000e+00 2.500000000000000000e+01 7.300000000000000000e+01 0.000000000000000000e+00 1.600000000000000089e+00 -1.469999999999999953e-04 -4.000000000000000327e-05 1.000000000000000000e+00 7.508730000000000127e-01 -6.604470000000000063e-01 8.399999999999999535e-05 6.604470000000000063e-01 7.508730000000000127e-01 1.269999999999999970e-04
