4.000000000000000000e+00 2.500000000000000000e+01 1.000000000000000000e+00 0.000000000000000000e+00 1.600000000000000089e+00 -1.544000000000000017e-03 -1.621999999999999961e-03 -9.999970000000000248e-01 -5.224990000000000467e-01 -8.526369999999999783e-01 2.188999999999999974e-03 -8.526380000000000070e-01 5.225020000000000220e-01 4.690000000000000158e-04
2.100000000000000000e+01 2.500000000000000000e+01 1.000000000000000000e+00 0.000000000000000000e+00 1.600000000000000089e+00 -1.041999999999999958e-03 1.276000000000000007e-03 -9.999989999999999712e-01 -5.240019999999999678e-01 -8.517169999999999463e-01 -5.410000000000000312e-04 -8.517160000000000286e-01 5.240010000000000501e-01 1.556000000000000091e-03
2.500000000000000000e+01 2.500000000000000000e+01 1.000000000000000000e+00 0.000000000000000000e+00 1.600000000000000089e+00 -7.150000000000000322e-04 3.507000000000000135e-03 -9.999940000000000495e-01 -5.224980000000000180e-01 -8.526369999999999783e-01 -2.616999999999999969e-03 -8.526409999999999823e-01 5.224919999999999565e-01 2.442000000000000160e-03
4.000000000000000000e+00 1.500000000000000000e+01 4.000000000000000000e+00 0.000000000000000000e+00 1.600000000000000089e+00 2.377999999999999906e-03 -4.726000000000000166e-03 9.999860000000000415e-01 3.200919999999999876e-01 -9.473719999999999919e-01 -5.238999999999999733e-03 9.473829999999999751e-01 3.200999999999999956e-01 -7.399999999999999894e-04
8.000000000000000000e+00 1.500000000000000000e+01 4.000000000000000000e+00 0.000000000000000000e+00 1.600000000000000089e+00 2.726000000000000124e-03 -3.983000000000000429e-03 9.999879999999999880e-01 3.180709999999999926e-01 -9.480560000000000098e-01 -4.643999999999999691e-03 9.480629999999999891e-01 3.180790000000000006e-01 -1.317999999999999944e-03
1.600000000000000000e+01 1.500000000000000000e+01 4.000000000000000000e+00 0.000000000000000000e+00 1.600000000000000089e+00 1.448999999999999984e-03 -1.855000000000000095e-03 9.999970000000000248e-01 3.176829999999999932e-01 -9.481939999999999813e-01 -2.219000000000000052e-03 9.481960000000000388e-01 3.176860000000000239e-01 -7.849999999999999990e-04
2.200000000000000000e+01 1.500000000000000000e+01 4.000000000000000000e+00 0.000000000000000000e+00 1.600000000000000089e+00 1.088999999999999907e-03 -3.213999999999999843e-03 9.999940000000000495e-01 3.252200000000000091e-01 -9.456320000000000281e-01 -3.393999999999999882e-03 9.456379999999999786e-01 3.252220000000000111e-01 1.599999999999999928e-05
2.600000000000000000e+01 1.500000000000000000e+01 4.000000000000000000e+00 0.000000000000000000e+00 1.600000000000000089e+00 8.600000000000000331e-05 7.969999999999999654e-04 1.000000000000000000e+00 3.275549999999999851e-01 -9.448320000000000052e-01 7.249999999999999500e-04 9.448320000000000052e-01 3.275549999999999851e-01 -3.420000000000000188e-04
1.600000000000000000e+01 1.010000000000000000e+02 7.000000000000000000e+00 0.000000000000000000e+00 1.600000000000000089e+00 1.600000000000000131e-04 1.672399999999999928e-02 9.998599999999999710e-01 8.886420000000000430e-01 4.585339999999999971e-01 -7.811000000000000235e-03 -4.586009999999999809e-01 8.885189999999999477e-01 -1.478800000000000080e-02
2.000000000000000000e+01 1.010000000000000000e+02 7.000000000000000000e+00 0.000000000000000000e+00 1.600000000000000089e+00 -3.748000000000000029e-03 2.615999999999999836e-03 9.999900000000000455e-01 8.886540000000000550e-01 4.585739999999999816e-01 2.131000000000000082e-03 -4.585629999999999984e-01 8.886519999999999975e-01 -4.042999999999999719e-03
2.000000000000000000e+00 2.500000000000000000e+01 8.000000000000000000e+00 0.000000000000000000e+00 1.600000000000000089e+00 1.574000000000000095e-03 1.796999999999999986e-03 -9.999970000000000248e-01 4.485839999999999828e-01 8.937380000000000324e-01 2.311999999999999819e-03 8.937389999999999501e-01 -4.485859999999999848e-01 6.009999999999999717e-04
8.000000000000000000e+00 2.500000000000000000e+01 8.000000000000000000e+00 0.000000000000000000e+00 1.600000000000000089e+00 1.000999999999999937e-03 -2.320000000000000014e-04 -1.000000000000000000e+00 4.483059999999999823e-01 8.938800000000000079e-01 2.410000000000000033e-04 8.938800000000000079e-01 -4.483059999999999823e-01 9.990000000000001049e-04
1.400000000000000000e+01 2.500000000000000000e+01 8.000000000000000000e+00 0.000000000000000000e+00 1.600000000000000089e+00 2.396000000000000126e-03 6.041000000000000363e-03 -9.999789999999999512e-01 4.482300000000000173e-01 8.938949999999999951e-01 6.473999999999999720e-03 8.939150000000000151e-01 -4.482360000000000233e-01 -5.659999999999999884e-04
1.900000000000000000e+01 2.500000000000000000e+01 8.000000000000000000e+00 0.000000000000000000e+00 1.600000000000000089e+00 7.159999999999999481e-04 3.640000000000000006e-03 -9.999930000000000208e-01 4.467349999999999932e-01 8.946589999999999820e-01 3.576999999999999885e-03 8.946659999999999613e-01 -4.467340000000000200e-01 -9.849999999999999815e-04
2.300000000000000000e+01 2.500000000000000000e+01 8.000000000000000000e+00 0.000000000000000000e+00 1.600000000000000089e+00 1.338999999999999913e-03 -4.105000000000000142e-03 -9.999909999999999632e-01 4.456490000000000173e-01 8.952020000000000532e-01 -3.079000000000000140e-03 8.952069999999999750e-01 -4.456410000000000093e-01 3.027999999999999876e-03
2.900000000000000000e+01 2.500000000000000000e+01 8.000000000000000000e+00 0.000000000000000000e+00 1.600000000000000089e+00 6.890000000000000508e-04 -2.458999999999999814e-03 -9.999970000000000248e-01 4.464969999999999772e-01 8.947829999999999950e-01 -1.892999999999999934e-03 8.947850000000000525e-01 -4.464940000000000020e-01 1.714999999999999945e-03
3.000000000000000000e+00 2.400000000000000000e+01 9.000000000000000000e+00 0.000000000000000000e+00 1.600000000000000089e+00 1.329000000000000103e-03 5.181999999999999974e-03 -9.999860000000000415e-01 4.529770000000000185e-01 8.915070000000000494e-01 5.220999999999999946e-03 8.915210000000000079e-01 -4.529779999999999918e-01 -1.162999999999999971e-03
8.000000000000000000e+00 2.400000000000000000e+01 9.000000000000000000e+00 0.000000000000000000e+00 1.600000000000000089e+00 9.749999999999999552e-04 3.179999999999999776e-04 -1.000000000000000000e+00 4.532070000000000265e-01 8.914050000000000029e-01 7.249999999999999500e-04 8.914050000000000029e-01 -4.532070000000000265e-01 7.249999999999999500e-04
1.400000000000000000e+01 2.400000000000000000e+01 9.000000000000000000e+00 0.000000000000000000e+00 1.600000000000000089e+00 2.246000000000000166e-03 6.030999999999999903e-03 -9.999789999999999512e-01 4.513889999999999847e-01 8.923039999999999861e-01 6.395999999999999776e-03 8.923240000000000061e-01 -4.513940000000000174e-01 -7.179999999999999967e-04
1.900000000000000000e+01 2.400000000000000000e+01 9.000000000000000000e+00 0.000000000000000000e+00 1.600000000000000089e+00 6.599999999999999964e-04 2.706000000000000072e-03 -9.999959999999999960e-01 4.485259999999999803e-01 8.937659999999999494e-01 2.714999999999999965e-03 8.937690000000000357e-01 -4.485259999999999803e-01 -6.239999999999999887e-04
2.200000000000000000e+01 2.400000000000000000e+01 9.000000000000000000e+00 0.000000000000000000e+00 1.600000000000000089e+00 1.402000000000000034e-03 -2.701999999999999975e-03 -9.999949999999999672e-01 4.480009999999999826e-01 8.940310000000000201e-01 -1.788000000000000093e-03 8.940320000000000489e-01 -4.479960000000000053e-01 2.464000000000000044e-03
2.600000000000000000e+01 2.400000000000000000e+01 9.000000000000000000e+00 0.000000000000000000e+00 1.600000000000000089e+00 7.900000000000000121e-04 -4.699000000000000052e-03 -9.999890000000000168e-01 4.475469999999999726e-01 8.942520000000000469e-01 -3.848999999999999991e-03 8.942600000000000549e-01 -4.475390000000000201e-01 2.809999999999999998e-03
1.800000000000000000e+01 1.200000000000000000e+01 1.000000000000000000e+01 0.000000000000000000e+00 1.600000000000000089e+00 -5.370000000000000424e-04 -3.112999999999999882e-03 -9.999949999999999672e-01 -5.538589999999999902e-01 -8.326059999999999572e-01 2.890000000000000208e-03 -8.326099999999999612e-01 5.538579999999999615e-01 -1.276999999999999923e-03
2.100000000000000000e+01 1.200000000000000000e+01 1.000000000000000000e+01 0.000000000000000000e+00 1.600000000000000089e+00 -1.376999999999999969e-03 -1.041899999999999944e-02 -9.999449999999999728e-01 -5.548189999999999511e-01 -8.319180000000000463e-01 9.431999999999999412e-03 -8.319699999999999873e-01 5.548009999999999886e-01 -4.635000000000000231e-03
3.000000000000000000e+00 3.100000000000000000e+01 1.200000000000000000e+01 0.000000000000000000e+00 1.600000000000000089e+00 -5.220000000000000031e-04 6.710000000000000469e-04 1.000000000000000000e+00 1.729000000000000068e-03 9.999980000000000535e-01 -6.700000000000000226e-04 -9.999980000000000535e-01 1.729000000000000068e-03 -5.230000000000000274e-04
7.000000000000000000e+00 3.100000000000000000e+01 1.200000000000000000e+01 0.000000000000000000e+00 1.600000000000000089e+00 1.977000000000000025e-03 3.847999999999999858e-03 9.999909999999999632e-01 3.520999999999999824e-03 9.999860000000000415e-01 -3.853999999999999787e-03 -9.999919999999999920e-01 3.527999999999999886e-03 1.964000000000000034e-03
1.500000000000000000e+01 3.100000000000000000e+01 1.200000000000000000e+01 0.000000000000000000e+00 1.600000000000000089e+00 9.610000000000000486e-04 -5.303000000000000422e-03 9.999850000000000128e-01 6.453000000000000402e-03 9.999649999999999928e-01 5.296999999999999625e-03 -9.999789999999999512e-01 6.447999999999999739e-03 9.959999999999999236e-04
1.800000000000000000e+01 3.100000000000000000e+01 1.200000000000000000e+01 0.000000000000000000e+00 1.600000000000000089e+00 8.660000000000000163e-04 1.325999999999999922e-03 9.999989999999999712e-01 4.288000000000000145e-03 9.999900000000000455e-01 -1.329000000000000103e-03 -9.999900000000000455e-01 4.289000000000000278e-03 8.599999999999999789e-04
2.100000000000000000e+01 3.100000000000000000e+01 1.200000000000000000e+01 0.000000000000000000e+00 1.600000000000000089e+00 -6.449999999999999570e-04 1.742000000000000059e-03 9.999980000000000535e-01 4.239999999999999845e-03 9.999900000000000455e-01 -1.739000000000000094e-03 -9.999909999999999632e-01 4.237999999999999580e-03 -6.520000000000000188e-04
2.900000000000000000e+01 3.200000000000000000e+01 1.400000000000000000e+01 0.000000000000000000e+00 1.600000000000000089e+00 1.240999999999999916e-03 -3.129999999999999970e-03 -9.999940000000000495e-01 9.589899999999999813e-02 9.953870000000000218e-01 -2.995999999999999965e-03 9.953899999999999970e-01 -9.589399999999999313e-02 1.534999999999999906e-03
1.100000000000000000e+01 1.160000000000000000e+02 1.600000000000000000e+01 0.000000000000000000e+00 1.600000000000000089e+00 7.420000000000000380e-04 1.629999999999999939e-03 9.999980000000000535e-01 6.620319999999999538e-01 7.494739999999999736e-01 -1.712999999999999896e-03 -7.494750000000000023e-01 6.620319999999999538e-01 -5.230000000000000274e-04
1.400000000000000000e+01 1.160000000000000000e+02 1.600000000000000000e+01 0.000000000000000000e+00 1.600000000000000089e+00 1.662999999999999982e-03 9.879999999999999460e-04 9.999980000000000535e-01 6.762190000000000145e-01 7.366989999999999927e-01 -1.851999999999999914e-03 -7.366989999999999927e-01 6.762209999999999610e-01 5.569999999999999864e-04
3.000000000000000000e+00 2.000000000000000000e+00 1.900000000000000000e+01 0.000000000000000000e+00 1.600000000000000089e+00 -1.417000000000000074e-03 -6.645999999999999998e-03 -9.999770000000000048e-01 1.938310000000000033e-01 -9.810149999999999704e-01 6.245999999999999816e-03 -9.810339999999999616e-01 -1.938169999999999893e-01 2.677999999999999825e-03
6.000000000000000000e+00 2.000000000000000000e+00 1.900000000000000000e+01 0.000000000000000000e+00 1.600000000000000089e+00 -1.630000000000000047e-04 1.056000000000000081e-03 -9.999989999999999712e-01 1.925330000000000097e-01 -9.812899999999999956e-01 -1.067999999999999939e-03 -9.812910000000000244e-01 -1.925330000000000097e-01 -4.300000000000000165e-05
1.200000000000000000e+01 2.000000000000000000e+00 1.900000000000000000e+01 0.000000000000000000e+00 1.600000000000000089e+00 1.188999999999999953e-03 -3.501000000000000206e-03 -9.999930000000000208e-01 1.893910000000000038e-01 -9.818949999999999623e-01 3.663000000000000023e-03 -9.819010000000000238e-01 -1.893940000000000068e-01 -5.050000000000000235e-04
1.600000000000000000e+01 2.000000000000000000e+00 1.900000000000000000e+01 0.000000000000000000e+00 1.600000000000000089e+00 -1.167000000000000069e-03 -7.709999999999999840e-04 -9.999989999999999712e-01 1.917750000000000010e-01 -9.814389999999999503e-01 5.330000000000000536e-04 -9.814380000000000326e-01 -1.917740000000000000e-01 1.293000000000000095e-03
2.000000000000000000e+01 2.000000000000000000e+00 1.900000000000000000e+01 0.000000000000000000e+00 1.600000000000000089e+00 3.739999999999999835e-04 -4.009999999999999893e-04 -1.000000000000000000e+00 1.930709999999999926e-01 -9.811849999999999739e-01 4.659999999999999971e-04 -9.811849999999999739e-01 -1.930709999999999926e-01 -2.889999999999999774e-04
2.300000000000000000e+01 2.000000000000000000e+00 1.900000000000000000e+01 0.000000000000000000e+00 1.600000000000000089e+00 2.059999999999999928e-04 -3.154000000000000119e-03 -9.999949999999999672e-01 1.924460000000000059e-01 -9.813030000000000364e-01 3.134000000000000067e-03 -9.813079999999999581e-01 -1.924460000000000059e-01 4.049999999999999781e-04
2.700000000000000000e+01 2.000000000000000000e+00 1.900000000000000000e+01 0.000000000000000000e+00 1.600000000000000089e+00 5.519999999999999733e-04 -1.146000000000000100e-03 -9.999989999999999712e-01 1.878489999999999882e-01 -9.821969999999999867e-01 1.229999999999999974e-03 -9.821980000000000155e-01 -1.878489999999999882e-01 -3.269999999999999795e-04
2.300000000000000000e+01 4.000000000000000000e+00 2.000000000000000000e+01 0.000000000000000000e+00 1.600000000000000089e+00 -4.979999999999999618e-04 -2.889000000000000075e-03 -9.999959999999999960e-01 2.891099999999999781e-01 -9.572920000000000318e-01 2.622000000000000199e-03 -9.572960000000000358e-01 -2.891070000000000029e-01 1.312000000000000015e-03
9.000000000000000000e+00 1.300000000000000000e+01 2.000000000000000000e+01 0.000000000000000000e+00 1.600000000000000089e+00 -9.820000000000000170e-04 -3.543000000000000142e-03 9.999930000000000208e-01 2.576600000000000001e-01 9.662290000000000045e-01 3.677000000000000147e-03 -9.662349999999999550e-01 2.576620000000000021e-01 -3.600000000000000091e-05
2.300000000000000000e+01 1.300000000000000000e+01 2.000000000000000000e+01 0.000000000000000000e+00 1.600000000000000089e+00 -2.759999999999999867e-04 -4.240000000000000062e-04 1.000000000000000000e+00 2.571350000000000025e-01 9.663749999999999840e-01 4.800000000000000122e-04 -9.663749999999999840e-01 2.571359999999999757e-01 -1.569999999999999944e-04
2.800000000000000000e+01 1.300000000000000000e+01 2.000000000000000000e+01 0.000000000000000000e+00 1.600000000000000089e+00 5.310000000000000050e-04 1.466999999999999988e-03 9.999989999999999712e-01 2.559159999999999768e-01 9.666979999999999462e-01 -1.554000000000000043e-03 -9.666989999999999750e-01 2.559159999999999768e-01 1.379999999999999933e-04
4.000000000000000000e+00 3.000000000000000000e+00 2.500000000000000000e+01 0.000000000000000000e+00 1.600000000000000089e+00 2.634000000000000057e-03 -4.728000000000000431e-03 9.999850000000000128e-01 -7.470000000000000251e-02 -9.971959999999999713e-01 -4.518000000000000314e-03 9.972029999999999506e-01 -7.468700000000000339e-02 -2.980000000000000010e-03
1.200000000000000000e+01 3.000000000000000000e+00 2.500000000000000000e+01 0.000000000000000000e+00 1.600000000000000089e+00 1.129000000000000012e-03 -7.889999999999999444e-03 9.999679999999999680e-01 -7.223799999999999666e-02 -9.973570000000000491e-01 -7.787999999999999784e-03 9.973870000000000235e-01 -7.222699999999999954e-02 -1.696000000000000025e-03
1.700000000000000000e+01 3.000000000000000000e+00 2.500000000000000000e+01 0.000000000000000000e+00 1.600000000000000089e+00 5.490000000000000088e-04 -2.193000000000000071e-03 9.999970000000000248e-01 -7.215199999999999392e-02 -9.973910000000000275e-01 -2.148000000000000170e-03 9.973929999999999740e-01 -7.215100000000000680e-02 -7.050000000000000060e-04
2.000000000000000000e+01 3.000000000000000000e+00 2.500000000000000000e+01 0.000000000000000000e+00 1.600000000000000089e+00 8.909999999999999734e-04 -1.549999999999999946e-03 9.999980000000000535e-01 -7.584599999999999675e-02 -9.971179999999999488e-01 -1.477999999999999930e-03 9.971189999999999776e-01 -7.584399999999999475e-02 -1.005999999999999950e-03
2.300000000000000000e+01 3.000000000000000000e+00 2.500000000000000000e+01 0.000000000000000000e+00 1.600000000000000089e+00 1.051999999999999984e-03 -3.190000000000000019e-04 9.999989999999999712e-01 -7.989799999999999680e-02 -9.968029999999999946e-01 -2.339999999999999958e-04 9.968019999999999659e-01 -7.989799999999999680e-02 -1.074000000000000085e-03
1.600000000000000000e+01 4.600000000000000000e+01 2.700000000000000000e+01 0.000000000000000000e+00 1.600000000000000089e+00 -1.234000000000000071e-03 -2.498999999999999919e-03 -9.999959999999999960e-01 6.783350000000000213e-01 7.347479999999999567e-01 -2.674000000000000161e-03 7.347519999999999607e-01 -6.783360000000000500e-01 7.879999999999999635e-04
5.000000000000000000e+00 5.800000000000000000e+01 3.100000000000000000e+01 0.000000000000000000e+00 1.600000000000000089e+00 -2.890999999999999907e-03 7.089999999999999948e-04 9.999959999999999960e-01 -8.055660000000000043e-01 -5.925040000000000306e-01 -1.909000000000000107e-03 5.925000000000000266e-01 -8.055679999999999508e-01 2.284000000000000006e-03
1.300000000000000000e+01 5.800000000000000000e+01 3.100000000000000000e+01 0.000000000000000000e+00 1.600000000000000089e+00 6.642999999999999600e-03 3.105000000000000121e-03 9.999730000000000008e-01 -8.024799999999999711e-01 -5.966360000000000552e-01 7.184000000000000281e-03 5.966420000000000057e-01 -8.025060000000000526e-01 -1.472000000000000001e-03
2.400000000000000000e+01 5.800000000000000000e+01 3.100000000000000000e+01 0.000000000000000000e+00 1.600000000000000089e+00 3.060000000000000111e-04 -5.999999999999999474e-04 1.000000000000000000e+00 -8.055219999999999603e-01 -5.925660000000000371e-01 -1.090000000000000067e-04 5.925660000000000371e-01 -8.055219999999999603e-01 -6.650000000000000095e-04
2.800000000000000000e+01 5.800000000000000000e+01 3.100000000000000000e+01 0.000000000000000000e+00 1.600000000000000089e+00 1.913999999999999903e-03 -7.649999999999999465e-04 9.999980000000000535e-01 -8.005470000000000086e-01 -5.992680000000000229e-01 1.074000000000000085e-03 5.992659999999999654e-01 -8.005480000000000373e-01 -1.760000000000000063e-03
1.900000000000000000e+01 2.200000000000000000e+01 3.400000000000000000e+01 0.000000000000000000e+00 1.600000000000000089e+00 8.509999999999999769e-04 8.199999999999999824e-04 9.999989999999999712e-01 3.789460000000000051e-01 -9.254189999999999916e-01 4.360000000000000269e-04 9.254179999999999628e-01 3.789449999999999763e-01 -1.098000000000000018e-03
2.100000000000000000e+01 2.200000000000000000e+01 3.400000000000000000e+01 0.000000000000000000e+00 1.600000000000000089e+00 -3.989999999999999949e-04 4.483000000000000006e-03 9.999900000000000455e-01 3.780240000000000267e-01 -9.257859999999999978e-01 4.301000000000000136e-03 9.257959999999999523e-01 3.780220000000000247e-01 -1.325000000000000006e-03
2.600000000000000000e+01 2.300000000000000000e+01 3.400000000000000000e+01 0.000000000000000000e+00 1.600000000000000089e+00 -1.673000000000000008e-03 -1.495000000000000018e-03 9.999970000000000248e-01 4.007269999999999999e-01 -9.161970000000000391e-01 -6.999999999999999929e-04 9.161960000000000104e-01 4.007249999999999979e-01 2.132000000000000214e-03
2.800000000000000000e+01 2.300000000000000000e+01 3.400000000000000000e+01 0.000000000000000000e+00 1.600000000000000089e+00 -1.407000000000000048e-03 -7.376999999999999877e-03 9.999719999999999720e-01 3.994880000000000098e-01 -9.167170000000000041e-01 -6.200999999999999915e-03 9.167370000000000241e-01 3.994679999999999898e-01 4.237000000000000315e-03
2.000000000000000000e+00 4.600000000000000000e+01 3.500000000000000000e+01 0.000000000000000000e+00 1.600000000000000089e+00 6.019999999999999961e-04 2.977000000000000045e-03 -9.999949999999999672e-01 3.920379999999999976e-01 -9.199460000000000415e-01 -2.501999999999999884e-03 -9.199490000000000167e-01 -3.920350000000000223e-01 -1.721000000000000090e-03
6.000000000000000000e+00 4.600000000000000000e+01 3.500000000000000000e+01 0.000000000000000000e+00 1.600000000000000089e+00 -5.199999999999999680e-05 4.278999999999999818e-03 -9.999909999999999632e-01 3.911049999999999804e-01 -9.203369999999999607e-01 -3.958999999999999846e-03 -9.203459999999999974e-01 -3.911020000000000052e-01 -1.624999999999999925e-03
1.300000000000000000e+01 4.600000000000000000e+01 3.500000000000000000e+01 0.000000000000000000e+00 1.600000000000000089e+00 -1.450000000000000009e-04 -1.099999999999999971e-05 -1.000000000000000000e+00 3.911330000000000084e-01 -9.203339999999999854e-01 -4.699999999999999724e-05 -9.203339999999999854e-01 -3.911330000000000084e-01 1.379999999999999933e-04
1.800000000000000000e+01 4.600000000000000000e+01 3.500000000000000000e+01 0.000000000000000000e+00 1.600000000000000089e+00 -6.350000000000000392e-04 -8.559999999999999901e-04 -9.999989999999999712e-01 3.928269999999999817e-01 -9.196119999999999850e-01 5.379999999999999583e-04 -9.196119999999999850e-01 -3.928269999999999817e-01 9.200000000000000278e-04
2.600000000000000000e+01 4.600000000000000000e+01 3.500000000000000000e+01 0.000000000000000000e+00 1.600000000000000089e+00 4.500000000000000283e-05 -8.600000000000000331e-05 -1.000000000000000000e+00 3.920529999999999848e-01 -9.199420000000000375e-01 9.600000000000000243e-05 -9.199420000000000375e-01 -3.920529999999999848e-01 -7.999999999999999638e-06
3.000000000000000000e+01 4.600000000000000000e+01 3.500000000000000000e+01 0.000000000000000000e+00 1.600000000000000089e+00 -2.090999999999999977e-03 -2.224999999999999981e-03 -9.999949999999999672e-01 3.916399999999999881e-01 -9.201179999999999914e-01 1.229000000000000058e-03 -9.201160000000000450e-01 -3.916359999999999841e-01 2.795000000000000175e-03
1.400000000000000000e+01 9.500000000000000000e+01 3.600000000000000000e+01 0.000000000000000000e+00 1.600000000000000089e+00 -7.027000000000000260e-03 -1.046099999999999981e-02 9.999209999999999487e-01 9.971069999999999656e-01 7.560600000000000653e-02 7.798000000000000244e-03 -7.568199999999999927e-02 9.970830000000000526e-01 9.900000000000000813e-03
1.600000000000000000e+01 9.500000000000000000e+01 3.600000000000000000e+01 0.000000000000000000e+00 1.600000000000000089e+00 -7.036999999999999852e-03 -2.049099999999999880e-02 9.997650000000000148e-01 9.970329999999999471e-01 7.649999999999999856e-02 8.585000000000000617e-03 -7.665800000000000392e-02 9.968590000000000506e-01 1.989199999999999996e-02
2.100000000000000000e+01 9.500000000000000000e+01 3.600000000000000000e+01 0.000000000000000000e+00 1.600000000000000089e+00 -3.451000000000000074e-03 1.313300000000000058e-02 9.999080000000000190e-01 9.969869999999999566e-01 7.753000000000000169e-02 2.422999999999999807e-03 -7.749100000000000432e-02 9.969029999999999836e-01 -1.336099999999999961e-02
2.400000000000000000e+01 9.500000000000000000e+01 3.600000000000000000e+01 0.000000000000000000e+00 1.600000000000000089e+00 -6.088999999999999795e-03 1.391000000000000049e-02 9.998850000000000238e-01 9.974020000000000108e-01 7.185400000000000120e-02 5.074000000000000385e-03 -7.177500000000000546e-02 9.973180000000000378e-01 -1.431200000000000007e-02
2.900000000000000000e+01 9.500000000000000000e+01 3.600000000000000000e+01 0.000000000000000000e+00 1.600000000000000089e+00 -1.018900000000000014e-02 -7.474999999999999874e-03 9.999200000000000310e-01 9.976720000000000033e-01 6.735800000000000121e-02 1.067000000000000066e-02 -6.743300000000000682e-02 9.977009999999999490e-01 6.771000000000000109e-03
2.000000000000000000e+00 2.900000000000000000e+01 4.400000000000000000e+01 0.000000000000000000e+00 1.600000000000000089e+00 1.105999999999999995e-03 -2.418000000000000010e-03 -9.999959999999999960e-01 6.604809999999999848e-01 7.508420000000000094e-01 -1.085000000000000027e-03 7.508420000000000094e-01 -6.604769999999999808e-01 2.428000000000000037e-03
6.000000000000000000e+00 2.900000000000000000e+01 4.400000000000000000e+01 0.000000000000000000e+00 1.600000000000000089e+00 -1.789999999999999870e-04 -1.025000000000000086e-03 -9.999989999999999712e-01 6.630239999999999467e-01 7.485969999999999569e-01 -8.859999999999999603e-04 7.485979999999999857e-01 -6.630239999999999467e-01 5.450000000000000200e-04
1.000000000000000000e+01 2.900000000000000000e+01 4.400000000000000000e+01 0.000000000000000000e+00 1.600000000000000089e+00 -6.340000000000000149e-04 1.467999999999999904e-03 -9.999989999999999712e-01 6.635999999999999677e-01 7.480879999999999752e-01 6.769999999999999759e-04 7.480879999999999752e-01 -6.635980000000000212e-01 -1.448999999999999984e-03
1.500000000000000000e+01 2.900000000000000000e+01 4.400000000000000000e+01 0.000000000000000000e+00 1.600000000000000089e+00 -5.609999999999999752e-04 4.022000000000000401e-03 -9.999919999999999920e-01 6.706990000000000451e-01 7.417249999999999677e-01 2.606999999999999942e-03 7.417289999999999717e-01 -6.706919999999999549e-01 -3.114000000000000015e-03
2.300000000000000000e+01 2.900000000000000000e+01 4.400000000000000000e+01 0.000000000000000000e+00 1.600000000000000089e+00 -2.770000000000000110e-04 -1.097000000000000102e-03 -9.999989999999999712e-01 6.714250000000000496e-01 7.410710000000000353e-01 -9.990000000000001049e-04 7.410719999999999530e-01 -6.714250000000000496e-01 5.320000000000000293e-04
2.700000000000000000e+01 2.900000000000000000e+01 4.400000000000000000e+01 0.000000000000000000e+00 1.600000000000000089e+00 2.651000000000000145e-03 2.812999999999999962e-03 -9.999919999999999920e-01 6.692399999999999460e-01 7.430360000000000298e-01 3.863999999999999813e-03 7.430419999999999803e-01 -6.692449999999999788e-01 8.700000000000000051e-05
5.000000000000000000e+00 5.000000000000000000e+00 5.100000000000000000e+01 0.000000000000000000e+00 1.600000000000000089e+00 -9.909999999999999105e-04 -6.564000000000000390e-03 -9.999780000000000335e-01 4.958099999999999730e-01 -8.684150000000000480e-01 5.209000000000000088e-03 -8.684300000000000352e-01 -4.957940000000000125e-01 4.114999999999999734e-03
9.000000000000000000e+00 5.000000000000000000e+00 5.100000000000000000e+01 0.000000000000000000e+00 1.600000000000000089e+00 1.600999999999999993e-03 -1.557000000000000007e-03 -9.999970000000000248e-01 4.944589999999999819e-01 -8.691980000000000262e-01 2.145000000000000205e-03 -8.691990000000000549e-01 -4.944609999999999839e-01 -6.210000000000000242e-04
1.300000000000000000e+01 5.000000000000000000e+00 5.100000000000000000e+01 0.000000000000000000e+00 1.600000000000000089e+00 -1.523000000000000048e-03 2.967000000000000019e-03 -9.999949999999999672e-01 4.959549999999999792e-01 -8.683419999999999472e-01 -3.331999999999999892e-03 -8.683469999999999800e-01 -4.959569999999999812e-01 -1.499999999999999869e-04
2.500000000000000000e+01 5.000000000000000000e+00 5.100000000000000000e+01 0.000000000000000000e+00 1.600000000000000089e+00 3.161999999999999880e-03 1.642000000000000013e-03 -9.999940000000000495e-01 4.892940000000000067e-01 -8.721189999999999776e-01 1.150000000000000035e-04 -8.721130000000000271e-01 -4.892909999999999759e-01 -3.560999999999999929e-03
2.900000000000000000e+01 5.000000000000000000e+00 5.100000000000000000e+01 0.000000000000000000e+00 1.600000000000000089e+00 1.979999999999999881e-04 -7.442999999999999963e-03 -9.999719999999999720e-01 4.884589999999999765e-01 -8.725619999999999488e-01 6.590999999999999637e-03 -8.725870000000000015e-01 -4.884470000000000200e-01 3.462999999999999932e-03
1.800000000000000000e+01 6.300000000000000000e+01 5.400000000000000000e+01 0.000000000000000000e+00 1.600000000000000089e+00 -7.129999999999999836e-04 -1.619999999999999912e-03 9.999980000000000535e-01 -3.538930000000000131e-01 9.352850000000000330e-01 1.263000000000000017e-03 -9.352859999999999507e-01 -3.538910000000000111e-01 -1.240000000000000000e-03
2.300000000000000000e+01 6.300000000000000000e+01 5.400000000000000000e+01 0.000000000000000000e+00 1.600000000000000089e+00 -7.020000000000000415e-04 -8.289999999999999843e-04 9.999989999999999712e-01 -3.520739999999999981e-01 9.359720000000000262e-01 5.289999999999999564e-04 -9.359720000000000262e-01 -3.520739999999999981e-01 -9.489999999999999738e-04
2.700000000000000000e+01 6.300000000000000000e+01 5.400000000000000000e+01 0.000000000000000000e+00 1.600000000000000089e+00 1.366000000000000027e-03 3.481999999999999852e-03 9.999930000000000208e-01 -3.504929999999999990e-01 9.365609999999999769e-01 -2.782999999999999884e-03 -9.365639999999999521e-01 -3.504869999999999930e-01 2.500000000000000052e-03
5.000000000000000000e+00 2.500000000000000000e+01 5.500000000000000000e+01 0.000000000000000000e+00 1.600000000000000089e+00 3.432999999999999854e-03 1.150000000000000035e-04 -9.999940000000000495e-01 -1.426499999999999990e-02 -9.998979999999999535e-01 -1.640000000000000019e-04 -9.998920000000000030e-01 1.426499999999999990e-02 -3.431000000000000022e-03
1.600000000000000000e+01 2.500000000000000000e+01 5.500000000000000000e+01 0.000000000000000000e+00 1.600000000000000089e+00 -9.299999999999999727e-05 3.369000000000000033e-03 -9.999940000000000495e-01 -1.218999999999999945e-02 -9.999200000000000310e-01 -3.367000000000000201e-03 -9.999259999999999815e-01 1.218999999999999945e-02 1.340000000000000045e-04
2.200000000000000000e+01 2.500000000000000000e+01 5.500000000000000000e+01 0.000000000000000000e+00 1.600000000000000089e+00 1.355000000000000085e-03 2.077999999999999986e-03 -9.999970000000000248e-01 -1.069299999999999938e-02 -9.999409999999999688e-01 -2.092000000000000109e-03 -9.999419999999999975e-01 1.069499999999999965e-02 -1.332999999999999984e-03
2.900000000000000000e+01 2.500000000000000000e+01 5.500000000000000000e+01 0.000000000000000000e+00 1.600000000000000089e+00 -2.580999999999999961e-03 -5.447999999999999718e-03 -9.999820000000000375e-01 -1.270300000000000075e-02 -9.999040000000000150e-01 5.480999999999999761e-03 -9.999160000000000270e-01 1.271699999999999914e-02 2.511999999999999910e-03
5.000000000000000000e+00 2.100000000000000000e+01 6.000000000000000000e+01 0.000000000000000000e+00 1.600000000000000089e+00 3.390999999999999917e-03 1.454999999999999913e-03 9.999930000000000208e-01 -9.670900000000000329e-02 9.953119999999999745e-01 -1.119999999999999902e-03 -9.953070000000000528e-01 -9.670399999999999829e-02 3.516000000000000028e-03
1.000000000000000000e+01 2.100000000000000000e+01 6.000000000000000000e+01 0.000000000000000000e+00 1.600000000000000089e+00 -5.063999999999999925e-03 -6.178000000000000332e-03 9.999679999999999680e-01 -9.663299999999999668e-02 9.953039999999999665e-01 5.660000000000000100e-03 -9.953070000000000528e-01 -9.660100000000000631e-02 -5.636999999999999650e-03
1.500000000000000000e+01 2.100000000000000000e+01 6.000000000000000000e+01 0.000000000000000000e+00 1.600000000000000089e+00 -9.380000000000000317e-04 -5.006000000000000033e-03 9.999869999999999592e-01 -9.676700000000000579e-02 9.952950000000000408e-01 4.891999999999999647e-03 -9.953070000000000528e-01 -9.676099999999999979e-02 -1.417999999999999990e-03
1.800000000000000000e+01 3.000000000000000000e+00 6.300000000000000000e+01 0.000000000000000000e+00 1.600000000000000089e+00 1.574000000000000095e-03 -1.039999999999999936e-04 9.999989999999999712e-01 -6.163539999999999575e-01 7.874689999999999745e-01 1.051999999999999984e-03 -7.874679999999999458e-01 -6.163549999999999862e-01 1.175000000000000046e-03
3.000000000000000000e+00 2.700000000000000000e+01 6.300000000000000000e+01 0.000000000000000000e+00 1.600000000000000089e+00 3.403000000000000209e-03 4.107000000000000407e-03 9.999860000000000415e-01 -2.678539999999999810e-01 9.634549999999999503e-01 -3.044999999999999964e-03 -9.634540000000000326e-01 -2.678400000000000225e-01 4.379000000000000080e-03
8.000000000000000000e+00 2.700000000000000000e+01 6.300000000000000000e+01 0.000000000000000000e+00 1.600000000000000089e+00 -3.939999999999999817e-04 7.020000000000000415e-04 1.000000000000000000e+00 -2.685460000000000069e-01 9.632669999999999844e-01 -7.820000000000000345e-04 -9.632669999999999844e-01 -2.685460000000000069e-01 -1.910000000000000077e-04
1.600000000000000000e+01 2.700000000000000000e+01 6.300000000000000000e+01 0.000000000000000000e+00 1.600000000000000089e+00 -1.809999999999999977e-03 -3.759999999999999887e-03 9.999909999999999632e-01 -2.677129999999999788e-01 9.634930000000000438e-01 3.138000000000000164e-03 -9.634970000000000478e-01 -2.677050000000000263e-01 -2.749999999999999840e-03
2.400000000000000000e+01 2.700000000000000000e+01 6.300000000000000000e+01 0.000000000000000000e+00 1.600000000000000089e+00 2.132000000000000214e-03 -5.339999999999999695e-04 9.999980000000000535e-01 -2.678150000000000253e-01 9.634700000000000486e-01 1.085000000000000027e-03 -9.634679999999999911e-01 -2.678170000000000273e-01 1.910999999999999938e-03
2.800000000000000000e+01 2.700000000000000000e+01 6.300000000000000000e+01 0.000000000000000000e+00 1.600000000000000089e+00 3.899999999999999821e-03 -8.940000000000000464e-04 9.999919999999999920e-01 -2.679019999999999735e-01 9.634439999999999671e-01 1.905999999999999925e-03 -9.634380000000000166e-01 -2.679079999999999795e-01 3.517999999999999860e-03
2.000000000000000000e+00 2.600000000000000000e+01 6.400000000000000000e+01 0.000000000000000000e+00 1.600000000000000089e+00 4.453999999999999626e-03 1.873000000000000099e-03 9.999879999999999880e-01 -3.445610000000000062e-01 9.387640000000000429e-01 -2.229999999999999994e-04 -9.387529999999999486e-01 -3.445559999999999734e-01 4.826999999999999694e-03
1.200000000000000000e+01 2.600000000000000000e+01 6.400000000000000000e+01 0.000000000000000000e+00 1.600000000000000089e+00 -2.013000000000000032e-03 -3.206000000000000082e-03 9.999930000000000208e-01 -3.470130000000000159e-01 9.378579999999999695e-01 2.308000000000000156e-03 -9.378579999999999695e-01 -3.470050000000000079e-01 -3.000000000000000062e-03
1.700000000000000000e+01 2.600000000000000000e+01 6.400000000000000000e+01 0.000000000000000000e+00 1.600000000000000089e+00 -1.463000000000000108e-03 -2.428000000000000037e-03 9.999959999999999960e-01 -3.492390000000000216e-01 9.370319999999999760e-01 1.763999999999999943e-03 -9.370330000000000048e-01 -3.492350000000000176e-01 -2.219000000000000052e-03
2.400000000000000000e+01 2.600000000000000000e+01 6.400000000000000000e+01 0.000000000000000000e+00 1.600000000000000089e+00 1.946999999999999946e-03 3.370000000000000057e-04 9.999980000000000535e-01 -3.497009999999999841e-01 9.368610000000000548e-01 3.649999999999999816e-04 -9.368589999999999973e-01 -3.497009999999999841e-01 1.941999999999999933e-03
2.900000000000000000e+01 2.600000000000000000e+01 6.400000000000000000e+01 0.000000000000000000e+00 1.600000000000000089e+00 3.890999999999999927e-03 -3.099999999999999999e-04 9.999919999999999920e-01 -3.477100000000000191e-01 9.375999999999999890e-01 1.644000000000000062e-03 -9.375940000000000385e-01 -3.477140000000000231e-01 3.540000000000000178e-03
1.000000000000000000e+01 2.500000000000000000e+01 7.300000000000000000e+01 0.000000000000000000e+00 1.600000000000000089e+00 -2.592200000000000060e-02 -2.269699999999999843e-02 9.994060000000000166e-01 7.576990000000000114e-01 -6.525859999999999994e-01 4.832000000000000357e-03 6.520890000000000297e-01 7.573739999999999917e-01 3.411299999999999749e-02
1.800000000000000000e+01 2.500000000000000000e+01 7.300000000000000000e+01 0.000000000000000000e+00 1.600000000000000089e+00 5.779999999999999548e-04 -6.310000000000000504e-04 1.000000000000000000e+00 7.476120000000000543e-01 -6.641350000000000309e-01 -8.509999999999999769e-04 6.641350000000000309e-01 7.476129999999999720e-01 8.799999999999999771e-05
2.100000000000000000e+01 2.500000000000000000e+01 7.300000000000000000e+01 0.000000000000000000e+00 1.600000000000000089e+00 -1.657999999999999969e-03 -1.915000000000000036e-03 9.999970000000000248e-01 7.490909999999999513e-01 -6.624670000000000281e-01 -2.699999999999999899e-05 6.624649999999999705e-01 7.490890000000000049e-01 2.533000000000000095e-03
2.600000000000000000e+01 2.500000000000000000e+01 7.300000000000000000e+01 0.000000000000000000e+00 1.600000000000000089e+00 9.089999999999999773e-04 2.610000000000000015e-04 1.000000000000000000e+00 7.426270000000000371e-01 -6.697049999999999947e-01 -5.000000000000000104e-04 6.697049999999999947e-01 7.426270000000000371e-01 -8.019999999999999785e-04
6.000000000000000000e+00 4.400000000000000000e+01 7.300000000000000000e+01 0.000000000000000000e+00 1.600000000000000089e+00 -1.446999999999999936e-03 -3.570999999999999956e-03 9.999930000000000208e-01 5.115399999999999808e-02 -9.986850000000000449e-01 -3.493000000000000011e-03 9.986899999999999666e-01 5.114900000000000002e-02 1.628000000000000107e-03
1.100000000000000000e+01 4.400000000000000000e+01 7.300000000000000000e+01 0.000000000000000000e+00 1.600000000000000089e+00 -2.262999999999999821e-03 -5.536000000000000122e-03 9.999820000000000375e-01 4.628000000000000169e-02 -9.989139999999999686e-01 -5.426000000000000267e-03 9.989259999999999806e-01 4.626600000000000157e-02 2.517000000000000140e-03
1.700000000000000000e+01 4.400000000000000000e+01 7.300000000000000000e+01 0.000000000000000000e+00 1.600000000000000089e+00 -2.541999999999999989e-03 -9.870000000000000301e-04 9.999959999999999960e-01 4.567899999999999738e-02 -9.989559999999999551e-01 -8.700000000000000051e-04 9.989529999999999799e-01 4.567700000000000232e-02 2.585000000000000058e-03
2.200000000000000000e+01 4.400000000000000000e+01 7.300000000000000000e+01 0.000000000000000000e+00 1.600000000000000089e+00 -1.920000000000000049e-04 -8.030000000000000028e-04 1.000000000000000000e+00 4.373900000000000010e-02 -9.990430000000000144e-01 -7.940000000000000009e-04 9.990430000000000144e-01 4.373900000000000010e-02 2.269999999999999882e-04
2.700000000000000000e+01 4.400000000000000000e+01 7.300000000000000000e+01 0.000000000000000000e+00 1.600000000000000089e+00 -4.240000000000000062e-04 -1.873000000000000099e-03 9.999980000000000535e-01 4.342700000000000032e-02 -9.990550000000000264e-01 -1.853000000000000046e-03 9.990569999999999729e-01 4.342599999999999932e-02 5.050000000000000235e-04
2.500000000000000000e+01 1.600000000000000000e+01 7.400000000000000000e+01 0.000000000000000000e+00 1.600000000000000089e+00 -7.349999999999999763e-04 -8.248000000000000123e-03 -9.999660000000000215e-01 -3.185720000000000218e-01 -9.478640000000000398e-01 8.052000000000000129e-03 -9.478980000000000183e-01 3.185669999999999891e-01 -1.930999999999999991e-03
2.000000000000000000e+01 5.100000000000000000e+01 7.600000000000000000e+01 0.000000000000000000e+00 1.600000000000000089e+00 2.858999999999999996e-03 4.268000000000000092e-03 -9.999869999999999592e-01 -4.026480000000000059e-01 -9.153409999999999602e-01 -5.057999999999999996e-03 -9.153499999999999970e-01 4.026569999999999871e-01 -8.989999999999999511e-04
5.000000000000000000e+00 9.100000000000000000e+01 7.600000000000000000e+01 0.000000000000000000e+00 1.600000000000000089e+00 -2.559999999999999884e-04 2.210000000000000159e-03 9.999970000000000248e-01 3.171519999999999895e-01 -9.483719999999999928e-01 2.177000000000000116e-03 9.483749999999999680e-01 3.171519999999999895e-01 -4.580000000000000195e-04
