2.400000000000000000e+01 2.500000000000000000e+01 1.000000000000000000e+00 0.000000000000000000e+00 1.600000000000000089e+00 3.911000000000000414e-03 -4.517000000000000182e-03 -9.999820000000000375e-01 -5.220019999999999660e-01 -8.529419999999999780e-01 1.810999999999999893e-03 -8.529349999999999987e-01 5.219859999999999500e-01 -5.694000000000000276e-03
1.800000000000000000e+01 4.200000000000000000e+01 2.000000000000000000e+00 0.000000000000000000e+00 1.600000000000000089e+00 6.590999999999999637e-03 -1.327500000000000034e-02 -9.998899999999999455e-01 9.829890000000000017e-01 -1.834500000000000020e-01 8.914999999999999314e-03 -1.835489999999999899e-01 -9.829390000000000072e-01 1.183999999999999983e-02
4.000000000000000000e+00 1.500000000000000000e+01 4.000000000000000000e+00 0.000000000000000000e+00 1.600000000000000089e+00 -2.919999999999999961e-04 3.177000000000000136e-03 9.999949999999999672e-01 3.117139999999999911e-01 -9.501709999999999878e-01 3.108999999999999785e-03 9.501760000000000206e-01 3.117130000000000178e-01 -7.129999999999999836e-04
1.100000000000000000e+01 1.500000000000000000e+01 4.000000000000000000e+00 0.000000000000000000e+00 1.600000000000000089e+00 -2.377999999999999906e-03 -4.530000000000000172e-03 9.999869999999999592e-01 3.089990000000000236e-01 -9.510560000000000125e-01 -3.572999999999999787e-03 9.510589999999999877e-01 3.089859999999999829e-01 3.661000000000000192e-03
1.400000000000000000e+01 1.500000000000000000e+01 4.000000000000000000e+00 0.000000000000000000e+00 1.600000000000000089e+00 -3.116999999999999979e-03 -2.625999999999999862e-03 9.999919999999999920e-01 3.089919999999999889e-01 -9.510640000000000205e-01 -1.533999999999999990e-03 9.510600000000000165e-01 3.089839999999999809e-01 3.775999999999999843e-03
2.300000000000000000e+01 1.500000000000000000e+01 4.000000000000000000e+00 0.000000000000000000e+00 1.600000000000000089e+00 1.988999999999999883e-03 3.271000000000000036e-03 9.999930000000000208e-01 3.056010000000000115e-01 -9.521560000000000024e-01 2.507000000000000114e-03 9.521579999999999488e-01 3.055939999999999768e-01 -2.893999999999999871e-03
1.000000000000000000e+01 1.010000000000000000e+02 7.000000000000000000e+00 0.000000000000000000e+00 1.600000000000000089e+00 -1.730999999999999900e-03 -8.274000000000000105e-03 9.999639999999999640e-01 8.812200000000000033e-01 4.726750000000000118e-01 5.435999999999999860e-03 -4.727029999999999843e-01 8.811980000000000368e-01 6.472999999999999587e-03
1.500000000000000000e+01 1.500000000000000000e+01 8.000000000000000000e+00 0.000000000000000000e+00 1.600000000000000089e+00 1.209000000000000005e-03 5.850000000000000165e-04 -9.999989999999999712e-01 -5.990450000000000497e-01 -8.007140000000000368e-01 -1.193000000000000050e-03 -8.007140000000000368e-01 5.990459999999999674e-01 -6.179999999999999513e-04
2.000000000000000000e+00 2.500000000000000000e+01 8.000000000000000000e+00 0.000000000000000000e+00 1.600000000000000089e+00 -1.749999999999999982e-04 -6.649000000000000396e-03 -9.999780000000000335e-01 4.432920000000000194e-01 8.963569999999999593e-01 -6.036999999999999832e-03 8.963769999999999794e-01 -4.432829999999999826e-01 2.791000000000000078e-03
6.000000000000000000e+00 2.500000000000000000e+01 8.000000000000000000e+00 0.000000000000000000e+00 1.600000000000000089e+00 -1.966999999999999998e-03 -4.167999999999999830e-03 -9.999890000000000168e-01 4.444210000000000105e-01 8.958059999999999912e-01 -4.608000000000000117e-03 8.958159999999999457e-01 -4.444250000000000145e-01 9.100000000000000287e-05
1.200000000000000000e+01 2.500000000000000000e+01 8.000000000000000000e+00 0.000000000000000000e+00 1.600000000000000089e+00 -4.339999999999999782e-04 2.716000000000000098e-03 -9.999959999999999960e-01 4.449230000000000129e-01 8.955659999999999732e-01 2.239000000000000105e-03 8.955689999999999484e-01 -4.449199999999999822e-01 -1.596999999999999895e-03
1.500000000000000000e+01 2.500000000000000000e+01 8.000000000000000000e+00 0.000000000000000000e+00 1.600000000000000089e+00 -1.897000000000000032e-03 -1.255999999999999955e-03 -9.999970000000000248e-01 4.435230000000000006e-01 8.962609999999999744e-01 -1.966999999999999998e-03 8.962609999999999744e-01 -4.435259999999999758e-01 -1.142999999999999919e-03
1.800000000000000000e+01 2.500000000000000000e+01 8.000000000000000000e+00 0.000000000000000000e+00 1.600000000000000089e+00 -1.007999999999999998e-03 -7.298999999999999932e-03 -9.999730000000000008e-01 4.445470000000000255e-01 8.957279999999999687e-01 -6.986000000000000022e-03 8.957549999999999679e-01 -4.445419999999999927e-01 2.341999999999999898e-03
2.200000000000000000e+01 2.500000000000000000e+01 8.000000000000000000e+00 0.000000000000000000e+00 1.600000000000000089e+00 -1.603000000000000041e-03 -5.893999999999999934e-03 -9.999810000000000088e-01 4.471700000000000119e-01 8.944290000000000296e-01 -5.989000000000000400e-03 8.944469999999999921e-01 -4.471720000000000139e-01 1.201999999999999943e-03
2.500000000000000000e+01 2.500000000000000000e+01 8.000000000000000000e+00 0.000000000000000000e+00 1.600000000000000089e+00 -3.318999999999999902e-03 -4.242000000000000111e-03 -9.999860000000000415e-01 4.485549999999999815e-01 8.937399999999999789e-01 -5.279999999999999971e-03 8.937490000000000157e-01 -4.485660000000000203e-01 -1.064000000000000059e-03
2.000000000000000000e+00 2.400000000000000000e+01 9.000000000000000000e+00 0.000000000000000000e+00 1.600000000000000089e+00 1.810000000000000085e-04 -6.755999999999999853e-03 -9.999770000000000048e-01 4.477470000000000061e-01 8.941409999999999636e-01 -5.960000000000000020e-03 8.941599999999999548e-01 -4.477349999999999941e-01 3.187000000000000163e-03
5.000000000000000000e+00 2.400000000000000000e+01 9.000000000000000000e+00 0.000000000000000000e+00 1.600000000000000089e+00 -1.894000000000000067e-03 -5.266999999999999980e-03 -9.999839999999999840e-01 4.483230000000000270e-01 8.938540000000000374e-01 -5.557999999999999573e-03 8.938700000000000534e-01 -4.483269999999999755e-01 6.679999999999999740e-04
9.000000000000000000e+00 2.400000000000000000e+01 9.000000000000000000e+00 0.000000000000000000e+00 1.600000000000000089e+00 -5.429999999999999714e-04 -3.595999999999999804e-03 -9.999930000000000208e-01 4.496109999999999829e-01 8.932179999999999565e-01 -3.455999999999999871e-03 8.932240000000000180e-01 -4.496100000000000096e-01 1.131999999999999977e-03
1.500000000000000000e+01 2.400000000000000000e+01 9.000000000000000000e+00 0.000000000000000000e+00 1.600000000000000089e+00 -1.345000000000000058e-03 -1.387999999999999911e-03 -9.999980000000000535e-01 4.471189999999999887e-01 8.944720000000000448e-01 -1.843000000000000020e-03 8.944729999999999626e-01 -4.471209999999999907e-01 -5.829999999999999679e-04
1.900000000000000000e+01 2.400000000000000000e+01 9.000000000000000000e+00 0.000000000000000000e+00 1.600000000000000089e+00 -9.870000000000000301e-04 -6.320000000000000097e-03 -9.999799999999999800e-01 4.480999999999999983e-01 8.939629999999999521e-01 -6.092000000000000193e-03 8.939829999999999721e-01 -4.480970000000000231e-01 1.949999999999999910e-03
2.600000000000000000e+01 2.400000000000000000e+01 9.000000000000000000e+00 0.000000000000000000e+00 1.600000000000000089e+00 -3.014000000000000186e-03 -1.036000000000000029e-03 -9.999949999999999672e-01 4.508099999999999885e-01 8.926169999999999938e-01 -2.284000000000000006e-03 8.926150000000000473e-01 -4.508150000000000213e-01 -2.223000000000000149e-03
2.700000000000000000e+01 3.200000000000000000e+01 1.400000000000000000e+01 0.000000000000000000e+00 1.600000000000000089e+00 2.069999999999999900e-04 1.939999999999999993e-04 -1.000000000000000000e+00 1.057440000000000047e-01 9.943929999999999714e-01 2.149999999999999947e-04 9.943929999999999714e-01 -1.057440000000000047e-01 1.859999999999999945e-04
1.200000000000000000e+01 1.160000000000000000e+02 1.600000000000000000e+01 0.000000000000000000e+00 1.600000000000000089e+00 4.530000000000000064e-04 -1.340999999999999961e-03 9.999989999999999712e-01 6.879899999999999904e-01 7.257200000000000317e-01 6.610000000000000207e-04 -7.257200000000000317e-01 6.879889999999999617e-01 1.250999999999999942e-03
2.300000000000000000e+01 1.160000000000000000e+02 1.600000000000000000e+01 0.000000000000000000e+00 1.600000000000000089e+00 2.017000000000000130e-03 9.719999999999999907e-04 9.999970000000000248e-01 6.791409999999999947e-01 7.340050000000000185e-01 -2.083000000000000216e-03 -7.340050000000000185e-01 6.791439999999999699e-01 8.199999999999999824e-04
2.800000000000000000e+01 1.160000000000000000e+02 1.600000000000000000e+01 0.000000000000000000e+00 1.600000000000000089e+00 -8.149999999999999693e-04 3.637000000000000042e-03 9.999930000000000208e-01 7.046970000000000178e-01 7.095050000000000523e-01 -2.005999999999999971e-03 -7.095080000000000275e-01 7.046909999999999563e-01 -3.141999999999999828e-03
2.000000000000000000e+00 2.000000000000000000e+00 1.900000000000000000e+01 0.000000000000000000e+00 1.600000000000000089e+00 -2.814000000000000095e-03 1.423000000000000003e-03 -9.999949999999999672e-01 1.904059999999999919e-01 -9.817040000000000211e-01 -1.931999999999999907e-03 -9.817010000000000458e-01 -1.904099999999999959e-01 2.491999999999999858e-03
5.000000000000000000e+00 2.000000000000000000e+00 1.900000000000000000e+01 0.000000000000000000e+00 1.600000000000000089e+00 -5.289999999999999564e-04 -1.817000000000000039e-03 -9.999980000000000535e-01 1.922359999999999902e-01 -9.813469999999999693e-01 1.680999999999999986e-03 -9.813490000000000268e-01 -1.922349999999999892e-01 8.679999999999999565e-04
8.000000000000000000e+00 2.000000000000000000e+00 1.900000000000000000e+01 0.000000000000000000e+00 1.600000000000000089e+00 -6.859999999999999779e-04 -2.386000000000000100e-03 -9.999970000000000248e-01 1.950909999999999866e-01 -9.807829999999999604e-01 2.207000000000000194e-03 -9.807850000000000179e-01 -1.950890000000000124e-01 1.137999999999999906e-03
1.100000000000000000e+01 2.000000000000000000e+00 1.900000000000000000e+01 0.000000000000000000e+00 1.600000000000000089e+00 -2.456999999999999983e-03 -2.518999999999999972e-03 -9.999940000000000495e-01 1.968350000000000100e-01 -9.804349999999999454e-01 1.985999999999999918e-03 -9.804340000000000277e-01 -1.968280000000000030e-01 2.905000000000000030e-03
1.600000000000000000e+01 2.000000000000000000e+00 1.900000000000000000e+01 0.000000000000000000e+00 1.600000000000000089e+00 -1.557999999999999923e-03 5.263000000000000317e-03 -9.999850000000000128e-01 1.979960000000000053e-01 -9.801870000000000305e-01 -5.466999999999999638e-03 -9.802009999999999890e-01 -1.980020000000000113e-01 4.850000000000000253e-04
2.000000000000000000e+01 2.000000000000000000e+00 1.900000000000000000e+01 0.000000000000000000e+00 1.600000000000000089e+00 -3.941000000000000059e-03 6.295000000000000248e-03 -9.999719999999999720e-01 1.980959999999999943e-01 -9.801579999999999737e-01 -6.950999999999999714e-03 -9.801750000000000185e-01 -1.981179999999999886e-01 2.615000000000000137e-03
2.300000000000000000e+01 2.000000000000000000e+00 1.900000000000000000e+01 0.000000000000000000e+00 1.600000000000000089e+00 -2.296999999999999997e-03 7.720000000000000083e-04 -9.999970000000000248e-01 1.966179999999999872e-01 -9.804789999999999894e-01 -1.208000000000000089e-03 -9.804770000000000429e-01 -1.966199999999999892e-01 2.099999999999999870e-03
1.200000000000000000e+01 4.000000000000000000e+00 2.000000000000000000e+01 0.000000000000000000e+00 1.600000000000000089e+00 -1.066000000000000107e-03 -2.132999999999999913e-03 -9.999970000000000248e-01 2.916560000000000263e-01 -9.565219999999999834e-01 1.729999999999999984e-03 -9.565230000000000121e-01 -2.916540000000000243e-01 1.641000000000000097e-03
2.300000000000000000e+01 4.000000000000000000e+00 2.000000000000000000e+01 0.000000000000000000e+00 1.600000000000000089e+00 -4.346000000000000037e-03 -1.987000000000000051e-03 -9.999890000000000168e-01 2.908339999999999814e-01 -9.567729999999999846e-01 6.369999999999999794e-04 -9.567639999999999478e-01 -2.908279999999999754e-01 4.735999999999999759e-03
2.600000000000000000e+01 4.000000000000000000e+00 2.000000000000000000e+01 0.000000000000000000e+00 1.600000000000000089e+00 -7.039999999999999817e-04 -3.328999999999999928e-03 -9.999940000000000495e-01 2.862729999999999997e-01 -9.581429999999999669e-01 2.988000000000000204e-03 -9.581479999999999997e-01 -2.862700000000000244e-01 1.626999999999999974e-03
2.000000000000000000e+00 1.300000000000000000e+01 2.000000000000000000e+01 0.000000000000000000e+00 1.600000000000000089e+00 -8.019999999999999785e-04 1.534999999999999906e-03 9.999989999999999712e-01 2.533460000000000156e-01 9.673749999999999849e-01 -1.281999999999999936e-03 -9.673749999999999849e-01 2.533440000000000136e-01 -1.164000000000000104e-03
8.000000000000000000e+00 1.300000000000000000e+01 2.000000000000000000e+01 0.000000000000000000e+00 1.600000000000000089e+00 -3.559999999999999797e-04 1.789999999999999870e-04 1.000000000000000000e+00 2.532519999999999771e-01 9.674000000000000377e-01 -8.299999999999999815e-05 -9.674000000000000377e-01 2.532519999999999771e-01 -3.899999999999999929e-04
1.500000000000000000e+01 1.300000000000000000e+01 2.000000000000000000e+01 0.000000000000000000e+00 1.600000000000000089e+00 -7.320000000000000118e-04 -5.509999999999999490e-04 1.000000000000000000e+00 2.540799999999999725e-01 9.671830000000000149e-01 7.190000000000000210e-04 -9.671830000000000149e-01 2.540799999999999725e-01 -5.680000000000000370e-04
2.000000000000000000e+01 1.300000000000000000e+01 2.000000000000000000e+01 0.000000000000000000e+00 1.600000000000000089e+00 -2.484999999999999796e-03 -6.591999999999999769e-03 9.999749999999999472e-01 2.566499999999999893e-01 9.664789999999999770e-01 7.008999999999999606e-03 -9.665010000000000545e-01 2.566609999999999725e-01 -7.100000000000000191e-04
2.500000000000000000e+01 1.300000000000000000e+01 2.000000000000000000e+01 0.000000000000000000e+00 1.600000000000000089e+00 -2.410000000000000033e-04 -1.034999999999999896e-03 9.999989999999999712e-01 2.567940000000000222e-01 9.664660000000000473e-01 1.062000000000000010e-03 -9.664660000000000473e-01 2.567940000000000222e-01 3.300000000000000253e-05
2.800000000000000000e+01 1.300000000000000000e+01 2.000000000000000000e+01 0.000000000000000000e+00 1.600000000000000089e+00 -2.400000000000000061e-04 -2.418000000000000010e-03 9.999970000000000248e-01 2.558270000000000266e-01 9.667200000000000237e-01 2.399000000000000091e-03 -9.667229999999999990e-01 2.558270000000000266e-01 3.869999999999999742e-04
7.000000000000000000e+00 1.600000000000000000e+01 2.100000000000000000e+01 0.000000000000000000e+00 1.600000000000000089e+00 -6.130000000000000466e-04 1.492999999999999969e-03 9.999989999999999712e-01 2.972049999999999970e-01 9.548130000000000228e-01 -1.242999999999999964e-03 -9.548140000000000516e-01 2.972040000000000237e-01 -1.028999999999999967e-03
1.200000000000000000e+01 1.600000000000000000e+01 2.100000000000000000e+01 0.000000000000000000e+00 1.600000000000000089e+00 4.659999999999999971e-04 5.824000000000000184e-03 9.999829999999999552e-01 2.969069999999999765e-01 9.548900000000000166e-01 -5.700000000000000205e-03 -9.549060000000000326e-01 2.969040000000000012e-01 -1.283999999999999985e-03
1.500000000000000000e+01 1.600000000000000000e+01 2.100000000000000000e+01 0.000000000000000000e+00 1.600000000000000089e+00 -4.949999999999999973e-04 -7.730000000000000326e-04 1.000000000000000000e+00 2.967839999999999923e-01 9.549440000000000150e-01 8.850000000000000444e-04 -9.549440000000000150e-01 2.967850000000000210e-01 -2.429999999999999977e-04
2.000000000000000000e+01 1.600000000000000000e+01 2.100000000000000000e+01 0.000000000000000000e+00 1.600000000000000089e+00 -2.070999999999999924e-03 -6.773999999999999640e-03 9.999749999999999472e-01 2.986289999999999778e-01 9.543430000000000524e-01 7.082999999999999886e-03 -9.543669999999999654e-01 2.986360000000000126e-01 4.699999999999999724e-05
3.000000000000000000e+00 3.000000000000000000e+00 2.500000000000000000e+01 0.000000000000000000e+00 1.600000000000000089e+00 5.264999999999999715e-03 4.951999999999999805e-03 9.999740000000000295e-01 -5.015300000000000313e-02 -9.987279999999999491e-01 5.210000000000000221e-03 9.987279999999999491e-01 -5.017900000000000138e-02 -5.009999999999999697e-03
1.000000000000000000e+01 3.000000000000000000e+00 2.500000000000000000e+01 0.000000000000000000e+00 1.600000000000000089e+00 -8.409999999999999507e-04 5.599999999999999509e-04 1.000000000000000000e+00 -5.672200000000000158e-02 -9.983899999999999997e-01 5.109999999999999525e-04 9.983899999999999997e-01 -5.672100000000000058e-02 8.720000000000000537e-04
1.900000000000000000e+01 3.000000000000000000e+00 2.500000000000000000e+01 0.000000000000000000e+00 1.600000000000000089e+00 5.866999999999999819e-03 6.708000000000000421e-03 9.999599999999999600e-01 -5.480499999999999955e-02 -9.984720000000000262e-01 7.020000000000000198e-03 9.984800000000000342e-01 -5.484399999999999692e-02 -5.490000000000000088e-03
2.400000000000000000e+01 3.000000000000000000e+00 2.500000000000000000e+01 0.000000000000000000e+00 1.600000000000000089e+00 2.155999999999999930e-03 -4.172999999999999626e-03 9.999890000000000168e-01 -5.529099999999999987e-02 -9.984619999999999607e-01 -4.048000000000000383e-03 9.984680000000000222e-01 -5.528199999999999781e-02 -2.383000000000000135e-03
2.000000000000000000e+00 4.600000000000000000e+01 2.700000000000000000e+01 0.000000000000000000e+00 1.600000000000000089e+00 -9.070000000000000371e-04 -1.951000000000000043e-03 -9.999980000000000535e-01 6.392379999999999729e-01 7.690059999999999674e-01 -2.079999999999999818e-03 7.690080000000000249e-01 -6.392379999999999729e-01 5.500000000000000331e-04
1.200000000000000000e+01 4.600000000000000000e+01 2.700000000000000000e+01 0.000000000000000000e+00 1.600000000000000089e+00 -1.531999999999999942e-03 3.440000000000000132e-04 -9.999989999999999712e-01 6.426579999999999515e-01 7.661529999999999729e-01 -7.209999999999999612e-04 7.661520000000000552e-01 -6.426579999999999515e-01 -1.394999999999999973e-03
1.800000000000000000e+01 4.600000000000000000e+01 2.700000000000000000e+01 0.000000000000000000e+00 1.600000000000000089e+00 1.132999999999999893e-03 -2.079999999999999872e-04 -9.999989999999999712e-01 6.442400000000000349e-01 7.648230000000000306e-01 5.699999999999999772e-04 7.648230000000000306e-01 -6.442400000000000349e-01 1.000000000000000021e-03
2.100000000000000000e+01 4.600000000000000000e+01 2.700000000000000000e+01 0.000000000000000000e+00 1.600000000000000089e+00 3.187999999999999862e-03 -5.969999999999999829e-04 -9.999949999999999672e-01 6.457709999999999839e-01 7.635290000000000132e-01 1.601999999999999908e-03 7.635239999999999805e-01 -6.457730000000000414e-01 2.818999999999999891e-03
2.400000000000000000e+01 4.600000000000000000e+01 3.000000000000000000e+01 0.000000000000000000e+00 1.600000000000000089e+00 1.559999999999999972e-03 1.856999999999999927e-03 -9.999970000000000248e-01 3.259230000000000183e-01 9.453939999999999566e-01 2.263999999999999953e-03 9.453949999999999854e-01 -3.259259999999999935e-01 8.689999999999999808e-04
2.000000000000000000e+00 5.800000000000000000e+01 3.100000000000000000e+01 0.000000000000000000e+00 1.600000000000000089e+00 -1.397999999999999937e-03 -1.307299999999999955e-02 9.999139999999999695e-01 -7.991589999999999527e-01 -6.010520000000000307e-01 -8.975999999999999604e-03 6.011180000000000412e-01 -7.991030000000000078e-01 -9.606999999999999221e-03
7.000000000000000000e+00 5.800000000000000000e+01 3.100000000000000000e+01 0.000000000000000000e+00 1.600000000000000089e+00 -3.183000000000000065e-03 -6.207999999999999977e-03 9.999759999999999760e-01 -8.003440000000000554e-01 -5.995080000000000409e-01 -6.269000000000000267e-03 5.995319999999999538e-01 -8.003449999999999731e-01 -3.059999999999999786e-03
1.400000000000000000e+01 5.800000000000000000e+01 3.100000000000000000e+01 0.000000000000000000e+00 1.600000000000000089e+00 -3.699999999999999947e-04 -2.001000000000000174e-03 9.999980000000000535e-01 -8.017239999999999922e-01 -5.976930000000000298e-01 -1.492999999999999969e-03 5.976939999999999475e-01 -8.017229999999999634e-01 -1.382999999999999898e-03
2.700000000000000000e+01 5.800000000000000000e+01 3.100000000000000000e+01 0.000000000000000000e+00 1.600000000000000089e+00 3.119999999999999944e-04 -1.115000000000000106e-03 9.999989999999999712e-01 -8.010920000000000263e-01 -5.985409999999999897e-01 -4.169999999999999987e-04 5.985409999999999897e-01 -8.010909999999999975e-01 -1.080000000000000014e-03
2.200000000000000000e+01 6.000000000000000000e+00 3.200000000000000000e+01 0.000000000000000000e+00 1.600000000000000089e+00 3.549000000000000071e-03 2.873999999999999819e-03 -9.999900000000000455e-01 9.382200000000000262e-02 9.955840000000000245e-01 3.194999999999999923e-03 9.955829999999999957e-01 -9.383299999999999974e-02 3.262999999999999842e-03
2.000000000000000000e+00 4.600000000000000000e+01 3.500000000000000000e+01 0.000000000000000000e+00 1.600000000000000089e+00 -9.100000000000000016e-04 -4.353000000000000098e-03 -9.999900000000000455e-01 3.860959999999999948e-01 -9.224510000000000209e-01 3.664999999999999855e-03 -9.224580000000000002e-01 -3.860879999999999868e-01 2.520000000000000104e-03
8.000000000000000000e+00 4.600000000000000000e+01 3.500000000000000000e+01 0.000000000000000000e+00 1.600000000000000089e+00 -5.919999999999999698e-04 -5.130000000000000011e-04 -1.000000000000000000e+00 3.862099999999999977e-01 -9.224109999999999809e-01 2.439999999999999949e-04 -9.224109999999999809e-01 -3.862099999999999977e-01 7.439999999999999782e-04
1.400000000000000000e+01 4.600000000000000000e+01 3.500000000000000000e+01 0.000000000000000000e+00 1.600000000000000089e+00 3.570000000000000040e-04 1.755999999999999965e-03 -9.999980000000000535e-01 3.848070000000000102e-01 -9.229960000000000386e-01 -1.484000000000000076e-03 -9.229969999999999564e-01 -3.848059999999999814e-01 -1.005000000000000034e-03
1.900000000000000000e+01 4.600000000000000000e+01 3.500000000000000000e+01 0.000000000000000000e+00 1.600000000000000089e+00 -1.320000000000000101e-04 3.286999999999999991e-03 -9.999949999999999672e-01 3.856200000000000183e-01 -9.226529999999999454e-01 -3.083999999999999936e-03 -9.226579999999999782e-01 -3.856180000000000163e-01 -1.146000000000000100e-03
2.500000000000000000e+01 4.600000000000000000e+01 3.500000000000000000e+01 0.000000000000000000e+00 1.600000000000000089e+00 2.709999999999999735e-04 -2.034999999999999917e-03 -9.999980000000000535e-01 3.848659999999999859e-01 -9.229699999999999571e-01 1.981999999999999821e-03 -9.229730000000000434e-01 -3.848659999999999859e-01 5.339999999999999695e-04
2.000000000000000000e+00 9.500000000000000000e+01 3.600000000000000000e+01 0.000000000000000000e+00 1.600000000000000089e+00 -1.366999999999999943e-03 -3.539000000000000045e-03 9.999930000000000208e-01 9.982480000000000242e-01 5.914900000000000019e-02 1.574000000000000095e-03 -5.915399999999999825e-02 9.982429999999999914e-01 3.452000000000000207e-03
1.500000000000000000e+01 9.500000000000000000e+01 3.600000000000000000e+01 0.000000000000000000e+00 1.600000000000000089e+00 1.379999999999999933e-03 3.020000000000000115e-03 9.999940000000000495e-01 9.982670000000000154e-01 5.882099999999999829e-02 -1.554999999999999959e-03 -5.882500000000000229e-02 9.982640000000000402e-01 -2.933999999999999976e-03
2.000000000000000000e+01 9.500000000000000000e+01 3.600000000000000000e+01 0.000000000000000000e+00 1.600000000000000089e+00 8.071000000000000049e-03 9.339999999999999344e-03 9.999240000000000350e-01 9.976110000000000255e-01 6.852900000000000658e-02 -8.692999999999999339e-03 -6.860499999999999932e-02 9.976049999999999640e-01 -8.763999999999999221e-03
2.400000000000000000e+01 9.500000000000000000e+01 3.600000000000000000e+01 0.000000000000000000e+00 1.600000000000000089e+00 7.953000000000000000e-03 1.086400000000000039e-02 9.999090000000000478e-01 9.975760000000000183e-01 6.903499999999999914e-02 -8.685000000000000012e-03 -6.912300000000000388e-02 9.975549999999999695e-01 -1.028800000000000027e-02
9.000000000000000000e+00 3.000000000000000000e+00 4.300000000000000000e+01 0.000000000000000000e+00 1.600000000000000089e+00 -3.770000000000000022e-04 -7.884999999999999648e-03 -9.999689999999999968e-01 7.410989999999999522e-01 -6.713770000000000016e-01 5.015000000000000360e-03 -6.713949999999999640e-01 -7.410740000000000105e-01 6.095999999999999856e-03
1.600000000000000000e+01 3.000000000000000000e+00 4.300000000000000000e+01 0.000000000000000000e+00 1.600000000000000089e+00 2.043999999999999810e-03 -2.345999999999999995e-03 -9.999949999999999672e-01 7.380320000000000213e-01 -6.747579999999999689e-01 3.092000000000000130e-03 -6.747619999999999729e-01 -7.380349999999999966e-01 3.519999999999999908e-04
2.300000000000000000e+01 3.000000000000000000e+00 4.300000000000000000e+01 0.000000000000000000e+00 1.600000000000000089e+00 -4.290000000000000193e-04 2.345799999999999969e-02 -9.997249999999999748e-01 7.396490000000000009e-01 -6.727999999999999536e-01 -1.610400000000000026e-02 -6.729929999999999524e-01 -7.394519999999999982e-01 -1.706200000000000078e-02
1.200000000000000000e+01 8.000000000000000000e+00 4.400000000000000000e+01 0.000000000000000000e+00 1.600000000000000089e+00 -3.260000000000000094e-04 -6.213999999999999906e-03 9.999810000000000088e-01 -7.830799999999999983e-01 -6.219069999999999876e-01 -4.120000000000000398e-03 6.219209999999999461e-01 -7.830660000000000398e-01 -4.663999999999999743e-03
1.600000000000000000e+01 8.000000000000000000e+00 4.400000000000000000e+01 0.000000000000000000e+00 1.600000000000000089e+00 -9.110000000000000259e-04 4.575000000000000074e-03 9.999890000000000168e-01 -7.828720000000000123e-01 -6.221790000000000376e-01 2.132999999999999913e-03 6.221820000000000128e-01 -7.828619999999999468e-01 4.148999999999999910e-03
2.600000000000000000e+01 8.000000000000000000e+00 4.400000000000000000e+01 0.000000000000000000e+00 1.600000000000000089e+00 1.064999999999999974e-03 2.259999999999999856e-03 9.999970000000000248e-01 -7.843919999999999781e-01 -6.202609999999999513e-01 2.236999999999999839e-03 6.202640000000000375e-01 -7.843919999999999781e-01 1.111999999999999924e-03
5.000000000000000000e+00 2.900000000000000000e+01 4.400000000000000000e+01 0.000000000000000000e+00 1.600000000000000089e+00 1.402999999999999950e-03 -1.579000000000000108e-03 -9.999980000000000535e-01 6.681510000000000504e-01 7.440259999999999652e-01 -2.369999999999999874e-04 7.440250000000000474e-01 -6.681489999999999929e-01 2.099000000000000171e-03
1.100000000000000000e+01 2.900000000000000000e+01 4.400000000000000000e+01 0.000000000000000000e+00 1.600000000000000089e+00 2.197999999999999867e-03 -4.153999999999999707e-03 -9.999890000000000168e-01 6.709169999999999856e-01 7.415310000000000512e-01 -1.606000000000000006e-03 7.415289999999999937e-01 -6.709060000000000024e-01 4.416999999999999919e-03
1.600000000000000000e+01 2.900000000000000000e+01 4.400000000000000000e+01 0.000000000000000000e+00 1.600000000000000089e+00 1.438000000000000042e-03 -3.465000000000000198e-03 -9.999930000000000208e-01 6.772099999999999786e-01 7.357879999999999976e-01 -1.575000000000000011e-03 7.357879999999999976e-01 -6.772029999999999994e-01 3.405000000000000041e-03
2.400000000000000000e+01 2.900000000000000000e+01 4.400000000000000000e+01 0.000000000000000000e+00 1.600000000000000089e+00 1.988999999999999883e-03 -5.929999999999999941e-04 -9.999980000000000535e-01 6.841260000000000119e-01 7.293640000000000123e-01 9.280000000000000054e-04 7.293610000000000371e-01 -6.841260000000000119e-01 1.856000000000000011e-03
2.800000000000000000e+01 2.900000000000000000e+01 4.400000000000000000e+01 0.000000000000000000e+00 1.600000000000000089e+00 1.735999999999999913e-03 -2.147000000000000037e-03 -9.999959999999999960e-01 6.858899999999999997e-01 7.277050000000000463e-01 -3.719999999999999891e-04 7.277040000000000175e-01 -6.858859999999999957e-01 2.736000000000000151e-03
1.000000000000000000e+00 5.000000000000000000e+00 5.100000000000000000e+01 0.000000000000000000e+00 1.600000000000000089e+00 1.368999999999999991e-03 4.070999999999999966e-03 -9.999909999999999632e-01 4.930720000000000103e-01 -8.699839999999999796e-01 -2.867000000000000191e-03 -8.699879999999999836e-01 -4.930629999999999735e-01 -3.197999999999999888e-03
6.000000000000000000e+00 5.000000000000000000e+00 5.100000000000000000e+01 0.000000000000000000e+00 1.600000000000000089e+00 7.249999999999999500e-04 3.171999999999999906e-03 -9.999949999999999672e-01 4.905729999999999813e-01 -8.713969999999999771e-01 -2.407999999999999984e-03 -8.713999999999999524e-01 -4.905680000000000041e-01 -2.187999999999999841e-03
1.300000000000000000e+01 5.000000000000000000e+00 5.100000000000000000e+01 0.000000000000000000e+00 1.600000000000000089e+00 -2.335999999999999969e-03 1.690000000000000096e-03 -9.999959999999999960e-01 4.906139999999999946e-01 -8.713729999999999531e-01 -2.618000000000000101e-03 -8.713739999999999819e-01 -4.906179999999999986e-01 1.206000000000000041e-03
1.600000000000000000e+01 5.000000000000000000e+00 5.100000000000000000e+01 0.000000000000000000e+00 1.600000000000000089e+00 -2.624000000000000030e-03 3.284000000000000027e-03 -9.999909999999999632e-01 4.920220000000000149e-01 -8.705730000000000413e-01 -4.150000000000000043e-03 -8.705789999999999917e-01 -4.920280000000000209e-01 6.679999999999999740e-04
1.800000000000000000e+01 6.000000000000000000e+00 5.100000000000000000e+01 0.000000000000000000e+00 1.600000000000000089e+00 -2.719999999999999979e-04 1.379999999999999933e-03 -9.999989999999999712e-01 3.276189999999999936e-01 -9.448090000000000099e-01 -1.392999999999999924e-03 -9.448100000000000387e-01 -3.276189999999999936e-01 -1.949999999999999965e-04
1.400000000000000000e+01 7.000000000000000000e+00 5.200000000000000000e+01 0.000000000000000000e+00 1.600000000000000089e+00 -8.559999999999999901e-04 4.739000000000000157e-03 -9.999879999999999880e-01 1.094310000000000005e-01 -9.939829999999999499e-01 -4.804000000000000110e-03 -9.939940000000000442e-01 -1.094340000000000035e-01 3.319999999999999926e-04
6.000000000000000000e+00 6.300000000000000000e+01 5.400000000000000000e+01 0.000000000000000000e+00 1.600000000000000089e+00 1.959999999999999937e-04 2.379000000000000038e-03 9.999970000000000248e-01 -3.501070000000000015e-01 9.367069999999999563e-01 -2.160000000000000028e-03 -9.367100000000000426e-01 -3.501059999999999728e-01 1.015999999999999976e-03
9.000000000000000000e+00 6.300000000000000000e+01 5.400000000000000000e+01 0.000000000000000000e+00 1.600000000000000089e+00 -8.399999999999999535e-05 2.556999999999999811e-03 9.999970000000000248e-01 -3.488470000000000182e-01 9.371770000000000378e-01 -2.425000000000000072e-03 -9.371800000000000130e-01 -3.488459999999999894e-01 8.130000000000000291e-04
1.400000000000000000e+01 6.300000000000000000e+01 5.400000000000000000e+01 0.000000000000000000e+00 1.600000000000000089e+00 -3.899999999999999929e-04 -4.539999999999999765e-04 1.000000000000000000e+00 -3.584260000000000224e-01 9.335579999999999989e-01 2.840000000000000185e-04 -9.335579999999999989e-01 -3.584260000000000224e-01 -5.270000000000000162e-04
1.900000000000000000e+01 6.300000000000000000e+01 5.400000000000000000e+01 0.000000000000000000e+00 1.600000000000000089e+00 6.809999999999999647e-04 -1.453000000000000081e-03 9.999989999999999712e-01 -3.525079999999999880e-01 9.358070000000000555e-01 1.598999999999999944e-03 -9.358090000000000019e-01 -3.525090000000000168e-01 1.250000000000000026e-04
2.800000000000000000e+01 6.300000000000000000e+01 5.400000000000000000e+01 0.000000000000000000e+00 1.600000000000000089e+00 -3.589999999999999984e-04 -6.263000000000000338e-03 9.999799999999999800e-01 -3.523459999999999925e-01 9.358520000000000172e-01 5.734999999999999647e-03 -9.358699999999999797e-01 -3.523370000000000113e-01 -2.541999999999999989e-03
2.200000000000000000e+01 2.500000000000000000e+01 5.500000000000000000e+01 0.000000000000000000e+00 1.600000000000000089e+00 9.799999999999999684e-04 -1.348999999999999939e-03 -9.999989999999999712e-01 -1.351600000000000024e-02 -9.999080000000000190e-01 1.335999999999999948e-03 -9.999080000000000190e-01 1.351499999999999924e-02 -9.979999999999999722e-04
1.200000000000000000e+01 6.800000000000000000e+01 5.700000000000000000e+01 0.000000000000000000e+00 1.600000000000000089e+00 -1.640000000000000019e-04 -8.574000000000000024e-03 -9.999630000000000463e-01 -2.456280000000000130e-01 -9.693279999999999674e-01 8.352000000000000049e-03 -9.693640000000000034e-01 2.456200000000000050e-01 -1.946999999999999946e-03
2.500000000000000000e+01 6.800000000000000000e+01 5.700000000000000000e+01 0.000000000000000000e+00 1.600000000000000089e+00 -2.040999999999999846e-03 6.597000000000000433e-03 -9.999759999999999760e-01 -2.457090000000000107e-01 -9.693260000000000209e-01 -5.892999999999999801e-03 -9.693410000000000082e-01 2.456909999999999927e-01 3.599000000000000202e-03
4.000000000000000000e+00 2.100000000000000000e+01 6.000000000000000000e+01 0.000000000000000000e+00 1.600000000000000089e+00 -1.029999999999999964e-04 -6.917000000000000405e-03 9.999759999999999760e-01 -9.616900000000000448e-02 9.953410000000000313e-01 6.875000000000000035e-03 -9.953650000000000553e-01 -9.616500000000000048e-02 -7.680000000000000195e-04
1.000000000000000000e+01 2.100000000000000000e+01 6.000000000000000000e+01 0.000000000000000000e+00 1.600000000000000089e+00 2.602000000000000146e-03 3.145999999999999925e-03 9.999919999999999920e-01 -9.131400000000000627e-02 9.958179999999999810e-01 -2.896000000000000137e-03 -9.958190000000000097e-01 -9.130599999999999827e-02 2.879000000000000049e-03
1.900000000000000000e+01 2.100000000000000000e+01 6.000000000000000000e+01 0.000000000000000000e+00 1.600000000000000089e+00 7.619999999999999820e-04 -2.818999999999999891e-03 9.999959999999999960e-01 -9.009499999999999453e-02 9.959289999999999532e-01 2.876000000000000084e-03 -9.959329999999999572e-01 -9.009699999999999653e-02 5.050000000000000235e-04
1.400000000000000000e+01 3.000000000000000000e+00 6.300000000000000000e+01 0.000000000000000000e+00 1.600000000000000089e+00 1.327000000000000055e-03 -2.416999999999999878e-03 9.999959999999999960e-01 -6.147350000000000314e-01 7.887290000000000134e-01 2.722000000000000027e-03 -7.887319999999999887e-01 -6.147369999999999779e-01 -4.389999999999999914e-04
2.000000000000000000e+00 2.700000000000000000e+01 6.300000000000000000e+01 0.000000000000000000e+00 1.600000000000000089e+00 1.394000000000000057e-03 6.383999999999999918e-03 9.999789999999999512e-01 -2.661290000000000044e-01 9.639199999999999990e-01 -5.782999999999999946e-03 -9.639360000000000150e-01 -2.661149999999999904e-01 3.043000000000000132e-03
1.000000000000000000e+01 2.700000000000000000e+01 6.300000000000000000e+01 0.000000000000000000e+00 1.600000000000000089e+00 -7.200000000000000182e-05 4.529000000000000040e-03 9.999900000000000455e-01 -2.696379999999999888e-01 9.629520000000000302e-01 -4.380000000000000213e-03 -9.629619999999999846e-01 -2.696359999999999868e-01 1.152000000000000029e-03
1.500000000000000000e+01 2.700000000000000000e+01 6.300000000000000000e+01 0.000000000000000000e+00 1.600000000000000089e+00 2.592999999999999819e-03 6.710999999999999951e-03 9.999740000000000295e-01 -2.753329999999999944e-01 9.613319999999999643e-01 -5.738000000000000045e-03 -9.613450000000000051e-01 -2.753109999999999724e-01 4.341000000000000240e-03
2.100000000000000000e+01 2.700000000000000000e+01 6.300000000000000000e+01 0.000000000000000000e+00 1.600000000000000089e+00 1.310000000000000129e-04 -1.789000000000000009e-03 9.999980000000000535e-01 -2.788789999999999880e-01 9.603249999999999842e-01 1.753999999999999917e-03 -9.603260000000000129e-01 -2.788789999999999880e-01 -3.730000000000000134e-04
2.700000000000000000e+01 2.700000000000000000e+01 6.300000000000000000e+01 0.000000000000000000e+00 1.600000000000000089e+00 -1.485999999999999908e-03 -1.273000000000000043e-03 9.999980000000000535e-01 -2.765969999999999818e-01 9.609860000000000069e-01 8.130000000000000291e-04 -9.609849999999999781e-01 -2.765949999999999798e-01 -1.779999999999999898e-03
2.000000000000000000e+00 2.600000000000000000e+01 6.400000000000000000e+01 0.000000000000000000e+00 1.600000000000000089e+00 9.730000000000000151e-04 4.521999999999999978e-03 9.999890000000000168e-01 -3.466509999999999869e-01 9.379859999999999864e-01 -3.903999999999999918e-03 -9.379939999999999944e-01 -3.466440000000000077e-01 2.480000000000000000e-03
6.000000000000000000e+00 2.600000000000000000e+01 6.400000000000000000e+01 0.000000000000000000e+00 1.600000000000000089e+00 2.290000000000000098e-04 5.402999999999999817e-03 9.999850000000000128e-01 -3.468640000000000057e-01 9.379020000000000135e-01 -4.988000000000000246e-03 -9.379150000000000542e-01 -3.468579999999999997e-01 2.089000000000000145e-03
1.300000000000000000e+01 2.600000000000000000e+01 6.400000000000000000e+01 0.000000000000000000e+00 1.600000000000000089e+00 2.350999999999999791e-03 3.956000000000000315e-03 9.999890000000000168e-01 -3.513390000000000124e-01 9.362439999999999651e-01 -2.877999999999999916e-03 -9.362449999999999939e-01 -3.513290000000000024e-01 3.591000000000000008e-03
2.600000000000000000e+01 2.600000000000000000e+01 6.400000000000000000e+01 0.000000000000000000e+00 1.600000000000000089e+00 -2.608000000000000075e-03 3.000000000000000076e-05 9.999970000000000248e-01 -3.533899999999999819e-01 9.354749999999999455e-01 -9.489999999999999738e-04 -9.354719999999999702e-01 -3.533919999999999839e-01 -2.429000000000000169e-03
2.300000000000000000e+01 4.400000000000000000e+01 7.300000000000000000e+01 0.000000000000000000e+00 1.600000000000000089e+00 6.564999999999999655e-03 -2.462599999999999859e-02 9.996749999999999803e-01 4.693300000000000249e-02 -9.985870000000000024e-01 -2.490699999999999859e-02 9.988759999999999861e-01 4.708199999999999885e-02 -5.400000000000000286e-03
2.600000000000000000e+01 4.400000000000000000e+01 7.300000000000000000e+01 0.000000000000000000e+00 1.600000000000000089e+00 5.000000000000000409e-06 -4.055999999999999710e-03 9.999919999999999920e-01 4.923899999999999805e-02 -9.987789999999999724e-01 -4.052000000000000046e-03 9.987869999999999804e-01 4.923899999999999805e-02 1.939999999999999993e-04
3.000000000000000000e+01 4.400000000000000000e+01 7.300000000000000000e+01 0.000000000000000000e+00 1.600000000000000089e+00 -1.582000000000000073e-03 -3.412999999999999801e-03 9.999930000000000208e-01 4.591599999999999848e-02 -9.989400000000000501e-01 -3.337000000000000122e-03 9.989440000000000541e-01 4.591100000000000042e-02 1.737000000000000046e-03
1.800000000000000000e+01 4.500000000000000000e+01 7.300000000000000000e+01 0.000000000000000000e+00 1.600000000000000089e+00 -5.860000000000000408e-04 5.309000000000000351e-03 9.999860000000000415e-01 2.377000000000000206e-03 -9.999829999999999552e-01 5.310999999999999749e-03 9.999970000000000248e-01 2.380000000000000171e-03 5.739999999999999660e-04
5.000000000000000000e+00 2.500000000000000000e+01 7.400000000000000000e+01 0.000000000000000000e+00 1.600000000000000089e+00 1.410000000000000120e-04 -1.356999999999999916e-03 9.999989999999999712e-01 8.223289999999999766e-01 -5.690119999999999623e-01 -8.880000000000000089e-04 5.690119999999999623e-01 8.223279999999999479e-01 1.034999999999999896e-03
7.000000000000000000e+00 2.500000000000000000e+01 7.400000000000000000e+01 0.000000000000000000e+00 1.600000000000000089e+00 -3.759999999999999779e-04 -2.187999999999999841e-03 9.999980000000000535e-01 8.227179999999999493e-01 -5.684479999999999533e-01 -9.349999999999999587e-04 5.684489999999999821e-01 8.227160000000000029e-01 2.014000000000000165e-03
