9.000000000000000000e+00 1.500000000000000000e+01 4.000000000000000000e+00 0.000000000000000000e+00 1.600000000000000089e+00 1.814000000000000074e-03 5.663999999999999764e-03 9.999820000000000375e-01 2.910340000000000149e-01 -9.566999999999999948e-01 4.891000000000000382e-03 9.567109999999999781e-01 2.910200000000000009e-01 -3.383999999999999855e-03
1.400000000000000000e+01 1.500000000000000000e+01 4.000000000000000000e+00 0.000000000000000000e+00 1.600000000000000089e+00 -1.814000000000000074e-03 -1.492399999999999977e-02 9.998869999999999703e-01 2.867169999999999996e-01 -9.579159999999999897e-01 -1.377699999999999932e-02 9.580140000000000322e-01 2.866589999999999971e-01 6.015999999999999646e-03
2.300000000000000000e+01 1.500000000000000000e+01 4.000000000000000000e+00 0.000000000000000000e+00 1.600000000000000089e+00 -2.266999999999999918e-03 -3.495999999999999976e-03 9.999909999999999632e-01 2.862120000000000219e-01 -9.581629999999999869e-01 -2.700999999999999842e-03 9.581640000000000157e-01 2.862029999999999852e-01 3.173000000000000039e-03
2.600000000000000000e+01 1.500000000000000000e+01 4.000000000000000000e+00 0.000000000000000000e+00 1.600000000000000089e+00 -9.999999999999999547e-07 -3.379999999999999758e-04 1.000000000000000000e+00 2.904109999999999747e-01 -9.569020000000000303e-01 -3.229999999999999907e-04 9.569020000000000303e-01 2.904109999999999747e-01 9.899999999999999404e-05
4.000000000000000000e+00 1.600000000000000000e+01 4.000000000000000000e+00 0.000000000000000000e+00 1.600000000000000089e+00 -1.376999999999999969e-03 1.133400000000000032e-02 9.999350000000000183e-01 3.566469999999999918e-01 -9.341730000000000311e-01 1.107900000000000031e-02 9.342380000000000129e-01 3.566389999999999838e-01 -2.755000000000000070e-03
2.700000000000000000e+01 1.600000000000000000e+01 4.000000000000000000e+00 0.000000000000000000e+00 1.600000000000000089e+00 1.907999999999999974e-03 2.379000000000000038e-03 9.999949999999999672e-01 3.568209999999999993e-01 -9.341709999999999736e-01 1.541999999999999968e-03 9.341709999999999736e-01 3.568160000000000220e-01 -2.631000000000000092e-03
8.000000000000000000e+00 1.010000000000000000e+02 7.000000000000000000e+00 0.000000000000000000e+00 1.600000000000000089e+00 2.129999999999999949e-03 7.680000000000000195e-03 9.999679999999999680e-01 8.853750000000000231e-01 4.648459999999999814e-01 -5.455999999999999912e-03 -4.648729999999999807e-01 8.853579999999999783e-01 -5.810000000000000060e-03
1.100000000000000000e+01 1.010000000000000000e+02 7.000000000000000000e+00 0.000000000000000000e+00 1.600000000000000089e+00 3.220000000000000206e-04 -1.170299999999999986e-02 9.999310000000000143e-01 8.845129999999999937e-01 4.664869999999999850e-01 5.174999999999999913e-03 -4.665159999999999862e-01 8.844509999999999872e-01 1.050199999999999918e-02
5.000000000000000000e+00 1.500000000000000000e+01 8.000000000000000000e+00 0.000000000000000000e+00 1.600000000000000089e+00 2.436999999999999930e-03 1.106500000000000018e-02 -9.999360000000000470e-01 -5.826679999999999637e-01 -8.126440000000000330e-01 -1.041300000000000038e-02 -8.127069999999999572e-01 5.826550000000000340e-01 4.466999999999999617e-03
9.000000000000000000e+00 1.500000000000000000e+01 8.000000000000000000e+00 0.000000000000000000e+00 1.600000000000000089e+00 3.490000000000000263e-04 6.305999999999999973e-03 -9.999799999999999800e-01 -5.808670000000000222e-01 -8.139809999999999546e-01 -5.335999999999999598e-03 -8.139990000000000281e-01 5.808569999999999567e-01 3.379000000000000059e-03
1.600000000000000000e+01 1.500000000000000000e+01 8.000000000000000000e+00 0.000000000000000000e+00 1.600000000000000089e+00 -9.280000000000000054e-04 -1.332400000000000077e-02 -9.999109999999999943e-01 -5.816500000000000004e-01 -8.133590000000000542e-01 1.137799999999999923e-02 -8.134379999999999944e-01 5.816090000000000426e-01 -6.995000000000000349e-03
2.100000000000000000e+01 1.500000000000000000e+01 8.000000000000000000e+00 0.000000000000000000e+00 1.600000000000000089e+00 -5.829999999999999679e-04 -7.453000000000000423e-03 -9.999719999999999720e-01 -5.829640000000000377e-01 -8.124719999999999720e-01 6.395999999999999776e-03 -8.124970000000000248e-01 5.829520000000000257e-01 -3.870999999999999875e-03
2.400000000000000000e+01 1.500000000000000000e+01 8.000000000000000000e+00 0.000000000000000000e+00 1.600000000000000089e+00 -1.456000000000000046e-03 -5.612999999999999934e-03 -9.999829999999999552e-01 -5.828959999999999697e-01 -8.125289999999999457e-01 5.408999999999999746e-03 -8.125449999999999617e-01 5.828940000000000232e-01 -2.088000000000000012e-03
2.700000000000000000e+01 1.500000000000000000e+01 8.000000000000000000e+00 0.000000000000000000e+00 1.600000000000000089e+00 -2.873999999999999819e-03 -4.448999999999999830e-03 -9.999860000000000415e-01 -5.830400000000000027e-01 -8.124259999999999815e-01 5.290000000000000431e-03 -8.124379999999999935e-01 5.830469999999999819e-01 -2.590000000000000071e-04
9.000000000000000000e+00 2.600000000000000000e+01 8.000000000000000000e+00 0.000000000000000000e+00 1.600000000000000089e+00 -2.912999999999999791e-03 -9.806999999999999745e-03 -9.999479999999999480e-01 4.075880000000000059e-01 9.131099999999999772e-01 -1.014299999999999924e-02 9.131620000000000292e-01 -4.075960000000000139e-01 1.337999999999999997e-03
1.300000000000000000e+01 2.600000000000000000e+01 8.000000000000000000e+00 0.000000000000000000e+00 1.600000000000000089e+00 -5.749999999999999903e-04 -4.385000000000000009e-03 -9.999900000000000455e-01 4.081219999999999848e-01 9.129180000000000073e-01 -4.237999999999999580e-03 9.129270000000000440e-01 -4.081199999999999828e-01 1.265000000000000065e-03
1.700000000000000000e+01 2.600000000000000000e+01 8.000000000000000000e+00 0.000000000000000000e+00 1.600000000000000089e+00 2.817000000000000060e-03 4.059000000000000108e-03 -9.999879999999999880e-01 4.086949999999999750e-01 9.126579999999999693e-01 4.856000000000000073e-03 9.126670000000000060e-01 -4.087029999999999830e-01 9.120000000000000502e-04
2.200000000000000000e+01 2.600000000000000000e+01 8.000000000000000000e+00 0.000000000000000000e+00 1.600000000000000089e+00 1.946000000000000030e-03 3.289999999999999956e-03 -9.999930000000000208e-01 4.083789999999999920e-01 9.128049999999999775e-01 3.798000000000000161e-03 9.128100000000000103e-01 -4.083829999999999960e-01 4.330000000000000081e-04
2.700000000000000000e+01 2.600000000000000000e+01 8.000000000000000000e+00 0.000000000000000000e+00 1.600000000000000089e+00 1.747999999999999988e-03 5.517000000000000202e-03 -9.999829999999999552e-01 4.070050000000000057e-01 9.134079999999999977e-01 5.751000000000000036e-03 9.134240000000000137e-01 -4.070079999999999809e-01 -6.480000000000000300e-04
3.000000000000000000e+00 2.400000000000000000e+01 9.000000000000000000e+00 0.000000000000000000e+00 1.600000000000000089e+00 -9.070000000000000371e-04 -4.394999999999999601e-03 -9.999900000000000455e-01 4.600969999999999782e-01 8.878580000000000361e-01 -4.318999999999999923e-03 8.878679999999999906e-01 -4.600960000000000050e-01 1.216999999999999983e-03
9.000000000000000000e+00 2.400000000000000000e+01 9.000000000000000000e+00 0.000000000000000000e+00 1.600000000000000089e+00 -3.181999999999999933e-03 -1.198399999999999986e-02 -9.999230000000000063e-01 4.620770000000000155e-01 8.867570000000000174e-01 -1.209799999999999938e-02 8.868340000000000112e-01 -4.620799999999999907e-01 2.714999999999999965e-03
1.600000000000000000e+01 2.400000000000000000e+01 9.000000000000000000e+00 0.000000000000000000e+00 1.600000000000000089e+00 1.925999999999999978e-03 1.200000000000000030e-05 -9.999980000000000535e-01 4.638599999999999945e-01 8.859080000000000288e-01 9.039999999999999642e-04 8.859059999999999713e-01 -4.638610000000000233e-01 1.701000000000000038e-03
2.100000000000000000e+01 2.400000000000000000e+01 9.000000000000000000e+00 0.000000000000000000e+00 1.600000000000000089e+00 2.080999999999999951e-03 4.634000000000000098e-03 -9.999869999999999592e-01 4.633399999999999741e-01 8.861660000000000093e-01 5.070999999999999987e-03 8.861780000000000213e-01 -4.633439999999999781e-01 -3.029999999999999924e-04
2.600000000000000000e+01 2.400000000000000000e+01 9.000000000000000000e+00 0.000000000000000000e+00 1.600000000000000089e+00 1.794999999999999938e-03 9.837000000000000258e-03 -9.999500000000000055e-01 4.622780000000000222e-01 8.866829999999999989e-01 9.553000000000000727e-03 8.867329999999999934e-01 -4.622720000000000162e-01 -2.955000000000000161e-03
3.000000000000000000e+01 2.400000000000000000e+01 9.000000000000000000e+00 0.000000000000000000e+00 1.600000000000000089e+00 2.262999999999999821e-03 5.205999999999999690e-03 -9.999839999999999840e-01 4.627789999999999959e-01 8.864560000000000217e-01 5.662000000000000366e-03 8.864710000000000090e-01 -4.627839999999999732e-01 -4.029999999999999837e-04
6.000000000000000000e+00 3.100000000000000000e+01 1.200000000000000000e+01 0.000000000000000000e+00 1.600000000000000089e+00 -8.500000000000000611e-05 -6.638999999999999936e-03 9.999780000000000335e-01 -2.840700000000000169e-02 9.995739999999999625e-01 6.634000000000000140e-03 -9.995960000000000401e-01 -2.840600000000000069e-02 -2.730000000000000222e-04
4.000000000000000000e+00 3.500000000000000000e+01 1.200000000000000000e+01 0.000000000000000000e+00 1.600000000000000089e+00 -2.377000000000000206e-03 2.650000000000000012e-03 -9.999940000000000495e-01 4.360970000000000124e-01 -8.998930000000000540e-01 -3.420999999999999996e-03 -8.998960000000000292e-01 -4.361030000000000184e-01 9.840000000000000656e-04
1.100000000000000000e+01 3.500000000000000000e+01 1.200000000000000000e+01 0.000000000000000000e+00 1.600000000000000089e+00 5.670000000000000127e-04 -6.409999999999999682e-04 -1.000000000000000000e+00 4.532089999999999730e-01 -8.914039999999999742e-01 8.279999999999999600e-04 -8.914039999999999742e-01 -4.532089999999999730e-01 -2.139999999999999975e-04
1.500000000000000000e+01 3.500000000000000000e+01 1.200000000000000000e+01 0.000000000000000000e+00 1.600000000000000089e+00 -3.007999999999999823e-03 -3.644000000000000104e-03 -9.999890000000000168e-01 4.608329999999999926e-01 -8.874849999999999683e-01 1.848000000000000033e-03 -8.874819999999999931e-01 -4.608229999999999826e-01 4.348999999999999568e-03
1.800000000000000000e+01 3.500000000000000000e+01 1.200000000000000000e+01 0.000000000000000000e+00 1.600000000000000089e+00 -1.296000000000000060e-03 2.802999999999999936e-03 -9.999949999999999672e-01 4.706350000000000255e-01 -8.823229999999999684e-01 -3.082999999999999803e-03 -8.823269999999999724e-01 -4.706370000000000275e-01 -1.749999999999999982e-04
3.000000000000000000e+00 1.200000000000000000e+01 1.500000000000000000e+01 0.000000000000000000e+00 1.600000000000000089e+00 2.537000000000000192e-03 9.179999999999999792e-04 -9.999959999999999960e-01 -4.694450000000000012e-01 -8.829590000000000494e-01 -2.001000000000000174e-03 -8.829580000000000206e-01 4.694490000000000052e-01 -1.809999999999999977e-03
8.000000000000000000e+00 1.200000000000000000e+01 1.500000000000000000e+01 0.000000000000000000e+00 1.600000000000000089e+00 2.959999999999999849e-04 8.913000000000000783e-03 -9.999599999999999600e-01 -4.708220000000000183e-01 -8.821919999999999762e-01 -8.002000000000000432e-03 -8.822280000000000122e-01 4.708060000000000023e-01 3.935000000000000130e-03
1.300000000000000000e+01 1.200000000000000000e+01 1.500000000000000000e+01 0.000000000000000000e+00 1.600000000000000089e+00 -2.590000000000000071e-04 3.863999999999999813e-03 -9.999919999999999920e-01 -4.712589999999999835e-01 -8.819890000000000230e-01 -3.285999999999999859e-03 -8.819949999999999735e-01 4.712540000000000062e-01 2.050000000000000173e-03
1.900000000000000000e+01 1.200000000000000000e+01 1.500000000000000000e+01 0.000000000000000000e+00 1.600000000000000089e+00 -1.173999999999999913e-03 -2.027999999999999855e-03 -9.999970000000000248e-01 -4.704760000000000053e-01 -8.824100000000000277e-01 2.341999999999999898e-03 -8.824119999999999742e-01 4.704769999999999786e-01 8.200000000000000095e-05
2.400000000000000000e+01 1.200000000000000000e+01 1.500000000000000000e+01 0.000000000000000000e+00 1.600000000000000089e+00 -1.330000000000000073e-04 -8.299999999999999815e-05 -1.000000000000000000e+00 -4.709499999999999797e-01 -8.821600000000000552e-01 1.359999999999999989e-04 -8.821600000000000552e-01 4.709499999999999797e-01 7.799999999999999859e-05
2.800000000000000000e+01 1.200000000000000000e+01 1.500000000000000000e+01 0.000000000000000000e+00 1.600000000000000089e+00 -1.167999999999999984e-03 -2.978999999999999877e-03 -9.999949999999999672e-01 -4.714439999999999742e-01 -8.818899999999999517e-01 3.177000000000000136e-03 -8.818949999999999845e-01 4.714450000000000029e-01 -3.739999999999999835e-04
1.200000000000000000e+01 1.160000000000000000e+02 1.600000000000000000e+01 0.000000000000000000e+00 1.600000000000000089e+00 -5.180000000000000143e-04 1.956999999999999972e-03 9.999980000000000535e-01 6.585180000000000478e-01 7.525640000000000107e-01 -1.131999999999999977e-03 -7.525650000000000395e-01 6.585159999999999902e-01 -1.678000000000000021e-03
1.800000000000000000e+01 1.160000000000000000e+02 1.600000000000000000e+01 0.000000000000000000e+00 1.600000000000000089e+00 -6.430000000000000169e-04 -2.455999999999999850e-03 9.999970000000000248e-01 6.610690000000000177e-01 7.503220000000000445e-01 2.268000000000000051e-03 -7.503250000000000197e-01 6.610679999999999890e-01 1.141000000000000087e-03
3.000000000000000000e+01 1.160000000000000000e+02 1.600000000000000000e+01 0.000000000000000000e+00 1.600000000000000089e+00 -1.350000000000000071e-03 -1.909000000000000107e-03 9.999970000000000248e-01 6.550559999999999716e-01 7.555770000000000541e-01 2.325999999999999943e-03 -7.555790000000000006e-01 6.550580000000000291e-01 2.300000000000000070e-04
3.000000000000000000e+00 2.000000000000000000e+00 1.900000000000000000e+01 0.000000000000000000e+00 1.600000000000000089e+00 6.830000000000000134e-04 6.661000000000000254e-03 -9.999780000000000335e-01 2.070420000000000038e-01 -9.783110000000000417e-01 -6.374999999999999591e-03 -9.783319999999999794e-01 -2.070329999999999948e-01 -2.047000000000000208e-03
1.000000000000000000e+01 2.000000000000000000e+00 1.900000000000000000e+01 0.000000000000000000e+00 1.600000000000000089e+00 5.368999999999999641e-03 -5.518000000000000335e-03 -9.999700000000000255e-01 1.966809999999999947e-01 -9.804460000000000397e-01 6.466000000000000393e-03 -9.804530000000000189e-01 -1.967089999999999950e-01 -4.179000000000000423e-03
1.300000000000000000e+01 2.000000000000000000e+00 1.900000000000000000e+01 0.000000000000000000e+00 1.600000000000000089e+00 5.186999999999999771e-03 -6.442999999999999942e-03 -9.999660000000000215e-01 1.979650000000000021e-01 -9.801819999999999977e-01 7.341999999999999568e-03 -9.801950000000000385e-01 -1.979960000000000053e-01 -3.808999999999999886e-03
1.800000000000000000e+01 2.000000000000000000e+00 1.900000000000000000e+01 0.000000000000000000e+00 1.600000000000000089e+00 4.099000000000000213e-03 -1.541999999999999968e-02 -9.998730000000000118e-01 2.034620000000000040e-01 -9.789529999999999621e-01 1.593200000000000172e-02 -9.790739999999999998e-01 -2.035019999999999885e-01 -8.760000000000000425e-04
2.600000000000000000e+01 2.000000000000000000e+00 1.900000000000000000e+01 0.000000000000000000e+00 1.600000000000000089e+00 3.439999999999999915e-03 -7.147999999999999840e-03 -9.999689999999999968e-01 2.088919999999999944e-01 -9.779079999999999995e-01 7.708999999999999707e-03 -9.779330000000000522e-01 -2.089119999999999866e-01 -1.871000000000000050e-03
2.500000000000000000e+01 4.000000000000000000e+00 2.000000000000000000e+01 0.000000000000000000e+00 1.600000000000000089e+00 7.560000000000000530e-04 -1.639000000000000049e-03 -9.999980000000000535e-01 2.910249999999999782e-01 -9.567139999999999533e-01 1.788000000000000093e-03 -9.567149999999999821e-01 -2.910249999999999782e-01 -2.460000000000000164e-04
5.000000000000000000e+00 1.300000000000000000e+01 2.000000000000000000e+01 0.000000000000000000e+00 1.600000000000000089e+00 6.089999999999999494e-04 2.049000000000000040e-03 9.999980000000000535e-01 2.470160000000000133e-01 9.690090000000000092e-01 -2.135999999999999878e-03 -9.690109999999999557e-01 2.470169999999999866e-01 8.399999999999999535e-05
1.500000000000000000e+01 1.300000000000000000e+01 2.000000000000000000e+01 0.000000000000000000e+00 1.600000000000000089e+00 -3.000000000000000076e-06 -1.389999999999999905e-04 1.000000000000000000e+00 2.558960000000000123e-01 9.667040000000000077e-01 1.350000000000000017e-04 -9.667040000000000077e-01 2.558960000000000123e-01 3.300000000000000253e-05
2.100000000000000000e+01 1.300000000000000000e+01 2.000000000000000000e+01 0.000000000000000000e+00 1.600000000000000089e+00 -1.082999999999999978e-03 -2.487000000000000061e-03 9.999959999999999960e-01 2.568869999999999765e-01 9.664380000000000193e-01 2.681999999999999922e-03 -9.664409999999999945e-01 2.568889999999999785e-01 -4.070000000000000267e-04
2.600000000000000000e+01 1.300000000000000000e+01 2.000000000000000000e+01 0.000000000000000000e+00 1.600000000000000089e+00 6.999999999999999387e-05 -1.069999999999999988e-04 1.000000000000000000e+00 2.571309999999999985e-01 9.663770000000000415e-01 8.600000000000000331e-05 -9.663770000000000415e-01 2.571309999999999985e-01 9.500000000000000523e-05
1.200000000000000000e+01 1.600000000000000000e+01 2.100000000000000000e+01 0.000000000000000000e+00 1.600000000000000089e+00 8.549999999999999658e-04 7.376999999999999877e-03 9.999719999999999720e-01 3.008480000000000043e-01 9.536440000000000472e-01 -7.291999999999999871e-03 -9.536719999999999642e-01 3.008460000000000023e-01 -1.404000000000000083e-03
4.000000000000000000e+00 4.600000000000000000e+01 2.700000000000000000e+01 0.000000000000000000e+00 1.600000000000000089e+00 -4.609999999999999840e-04 4.079999999999999968e-04 -1.000000000000000000e+00 6.561770000000000103e-01 7.546070000000000277e-01 5.000000000000000409e-06 7.546070000000000277e-01 -6.561770000000000103e-01 -6.149999999999999868e-04
1.000000000000000000e+01 4.600000000000000000e+01 2.700000000000000000e+01 0.000000000000000000e+00 1.600000000000000089e+00 -1.242999999999999964e-03 6.620000000000000450e-04 -9.999989999999999712e-01 6.565950000000000397e-01 7.542429999999999968e-01 -3.170000000000000075e-04 7.542419999999999680e-01 -6.565950000000000397e-01 -1.371999999999999956e-03
2.400000000000000000e+01 4.600000000000000000e+01 2.700000000000000000e+01 0.000000000000000000e+00 1.600000000000000089e+00 2.147000000000000037e-03 6.499999999999999431e-05 -9.999980000000000535e-01 6.597410000000000219e-01 7.514920000000000488e-01 1.464999999999999939e-03 7.514899999999999913e-01 -6.597420000000000506e-01 1.570999999999999914e-03
1.500000000000000000e+01 4.600000000000000000e+01 3.000000000000000000e+01 0.000000000000000000e+00 1.600000000000000089e+00 3.499999999999999693e-05 -1.920000000000000049e-04 -1.000000000000000000e+00 3.298309999999999853e-01 9.440399999999999903e-01 -1.700000000000000122e-04 9.440399999999999903e-01 -3.298309999999999853e-01 9.699999999999999963e-05
2.000000000000000000e+00 5.800000000000000000e+01 3.100000000000000000e+01 0.000000000000000000e+00 1.600000000000000089e+00 -3.860000000000000150e-03 7.940000000000000009e-04 9.999919999999999920e-01 -7.617559999999999887e-01 -6.478589999999999627e-01 -2.426000000000000205e-03 6.478519999999999834e-01 -7.617599999999999927e-01 3.105999999999999820e-03
6.000000000000000000e+00 5.800000000000000000e+01 3.100000000000000000e+01 0.000000000000000000e+00 1.600000000000000089e+00 6.399999999999999710e-05 1.683999999999999950e-03 9.999989999999999712e-01 -7.632060000000000510e-01 -6.461540000000000061e-01 1.136999999999999990e-03 6.461550000000000349e-01 -7.632050000000000223e-01 1.244000000000000097e-03
1.200000000000000000e+01 5.800000000000000000e+01 3.100000000000000000e+01 0.000000000000000000e+00 1.600000000000000089e+00 2.579999999999999828e-03 -2.967000000000000019e-03 9.999919999999999920e-01 -7.655300000000000438e-01 -6.434010000000000007e-01 6.600000000000000506e-05 6.433959999999999679e-01 -7.655239999999999823e-01 -3.930999999999999599e-03
1.900000000000000000e+01 5.800000000000000000e+01 3.100000000000000000e+01 0.000000000000000000e+00 1.600000000000000089e+00 -2.196000000000000035e-03 -5.309000000000000351e-03 9.999829999999999552e-01 -7.678719999999999990e-01 -6.405830000000000135e-01 -5.087000000000000376e-03 6.405990000000000295e-01 -7.678709999999999702e-01 -2.670000000000000064e-03
2.600000000000000000e+01 5.800000000000000000e+01 3.100000000000000000e+01 0.000000000000000000e+00 1.600000000000000089e+00 -1.889999999999999970e-03 2.371999999999999977e-03 9.999949999999999672e-01 -7.716990000000000238e-01 -6.359879999999999978e-01 5.000000000000000240e-05 6.359850000000000225e-01 -7.716960000000000486e-01 3.031999999999999973e-03
3.000000000000000000e+01 5.800000000000000000e+01 3.100000000000000000e+01 0.000000000000000000e+00 1.600000000000000089e+00 3.699000000000000031e-03 1.309999999999999967e-03 9.999919999999999920e-01 -7.740540000000000198e-01 -6.331090000000000328e-01 3.693000000000000102e-03 6.331090000000000328e-01 -7.740620000000000278e-01 -1.327999999999999970e-03
6.000000000000000000e+00 4.600000000000000000e+01 3.500000000000000000e+01 0.000000000000000000e+00 1.600000000000000089e+00 4.369999999999999970e-04 -1.765000000000000076e-03 -9.999980000000000535e-01 3.864830000000000210e-01 -9.222949999999999759e-01 1.796999999999999986e-03 -9.222960000000000047e-01 -3.864830000000000210e-01 2.790000000000000054e-04
8.000000000000000000e+00 4.600000000000000000e+01 3.500000000000000000e+01 0.000000000000000000e+00 1.600000000000000089e+00 3.170000000000000075e-04 1.965000000000000167e-03 -9.999980000000000535e-01 3.863929999999999865e-01 -9.223329999999999584e-01 -1.690000000000000096e-03 -9.223339999999999872e-01 -3.863909999999999845e-01 -1.051999999999999984e-03
1.200000000000000000e+01 4.600000000000000000e+01 3.500000000000000000e+01 0.000000000000000000e+00 1.600000000000000089e+00 3.249999999999999851e-04 -6.199999999999999999e-04 -1.000000000000000000e+00 3.860129999999999950e-01 -9.224930000000000074e-01 6.980000000000000527e-04 -9.224930000000000074e-01 -3.860129999999999950e-01 -6.099999999999999872e-05
1.800000000000000000e+01 4.600000000000000000e+01 3.500000000000000000e+01 0.000000000000000000e+00 1.600000000000000089e+00 -2.680000000000000090e-04 4.699999999999999859e-04 -1.000000000000000000e+00 3.855859999999999843e-01 -9.226720000000000477e-01 -5.370000000000000424e-04 -9.226720000000000477e-01 -3.855859999999999843e-01 6.499999999999999431e-05
2.300000000000000000e+01 4.600000000000000000e+01 3.500000000000000000e+01 0.000000000000000000e+00 1.600000000000000089e+00 -5.119999999999999768e-04 -2.155999999999999930e-03 -9.999970000000000248e-01 3.857400000000000273e-01 -9.226060000000000372e-01 1.791000000000000057e-03 -9.226069999999999549e-01 -3.857380000000000253e-01 1.304000000000000038e-03
2.900000000000000000e+01 4.600000000000000000e+01 3.500000000000000000e+01 0.000000000000000000e+00 1.600000000000000089e+00 -2.759999999999999867e-04 -2.814999999999999794e-03 -9.999959999999999960e-01 3.841410000000000102e-01 -9.232709999999999528e-01 2.492999999999999990e-03 -9.232740000000000391e-01 -3.841390000000000082e-01 1.335999999999999948e-03
9.000000000000000000e+00 9.500000000000000000e+01 3.600000000000000000e+01 0.000000000000000000e+00 1.600000000000000089e+00 -5.010000000000000347e-04 3.383000000000000156e-03 9.999940000000000495e-01 9.976890000000000480e-01 6.794200000000000239e-02 2.700000000000000035e-04 -6.794000000000000039e-02 9.976840000000000153e-01 -3.409000000000000138e-03
1.200000000000000000e+01 9.500000000000000000e+01 3.600000000000000000e+01 0.000000000000000000e+00 1.600000000000000089e+00 4.281000000000000083e-03 7.849999999999999339e-03 9.999599999999999600e-01 9.974229999999999485e-01 7.157600000000000073e-02 -4.832000000000000357e-03 -7.161099999999999410e-02 9.974039999999999573e-01 -7.523000000000000173e-03
2.600000000000000000e+01 9.500000000000000000e+01 3.600000000000000000e+01 0.000000000000000000e+00 1.600000000000000089e+00 -1.227000000000000009e-03 -1.801900000000000029e-02 9.998369999999999758e-01 9.974600000000000133e-01 7.117800000000000515e-02 2.507000000000000114e-03 -7.121199999999999752e-02 9.973009999999999931e-01 1.788500000000000159e-02
5.000000000000000000e+00 3.000000000000000000e+00 4.300000000000000000e+01 0.000000000000000000e+00 1.600000000000000089e+00 1.335000000000000032e-03 3.281000000000000062e-03 -9.999940000000000495e-01 7.364030000000000298e-01 -6.765419999999999767e-01 -1.235999999999999903e-03 -6.765419999999999767e-01 -7.363969999999999683e-01 -3.318999999999999902e-03
1.000000000000000000e+01 3.000000000000000000e+00 4.300000000000000000e+01 0.000000000000000000e+00 1.600000000000000089e+00 -1.281999999999999936e-03 -6.152999999999999615e-03 -9.999799999999999800e-01 7.393729999999999469e-01 -6.732879999999999976e-01 3.194999999999999923e-03 -6.732949999999999768e-01 -7.393539999999999557e-01 5.412000000000000144e-03
2.000000000000000000e+01 3.000000000000000000e+00 4.300000000000000000e+01 0.000000000000000000e+00 1.600000000000000089e+00 -2.618000000000000101e-03 -2.521999999999999936e-02 -9.996779999999999555e-01 7.356810000000000294e-01 -6.771580000000000377e-01 1.515700000000000033e-02 -6.773230000000000084e-01 -7.354049999999999754e-01 2.032700000000000132e-02
2.900000000000000000e+01 8.000000000000000000e+00 4.400000000000000000e+01 0.000000000000000000e+00 1.600000000000000089e+00 -2.116999999999999958e-03 1.446000000000000020e-03 9.999970000000000248e-01 -7.766300000000000425e-01 -6.299569999999999892e-01 -7.339999999999999520e-04 6.299540000000000139e-01 -7.766290000000000138e-01 2.456999999999999983e-03
1.000000000000000000e+00 2.900000000000000000e+01 4.400000000000000000e+01 0.000000000000000000e+00 1.600000000000000089e+00 1.456000000000000046e-03 -3.082999999999999803e-03 -9.999940000000000495e-01 6.710519999999999818e-01 7.414089999999999847e-01 -1.309000000000000051e-03 7.414089999999999847e-01 -6.710460000000000313e-01 3.148000000000000190e-03
8.000000000000000000e+00 2.900000000000000000e+01 4.400000000000000000e+01 0.000000000000000000e+00 1.600000000000000089e+00 -6.409999999999999682e-04 -1.917000000000000084e-03 -9.999980000000000535e-01 6.733980000000000521e-01 7.392769999999999619e-01 -1.848999999999999949e-03 7.392790000000000195e-01 -6.733980000000000521e-01 8.170000000000000179e-04
1.200000000000000000e+01 2.900000000000000000e+01 4.400000000000000000e+01 0.000000000000000000e+00 1.600000000000000089e+00 -1.794999999999999938e-03 3.060000000000000111e-04 -9.999980000000000535e-01 6.707859999999999934e-01 7.416509999999999492e-01 -9.770000000000000039e-04 7.416490000000000027e-01 -6.707859999999999934e-01 -1.536000000000000039e-03
1.600000000000000000e+01 2.900000000000000000e+01 4.400000000000000000e+01 0.000000000000000000e+00 1.600000000000000089e+00 1.435000000000000078e-03 3.119999999999999944e-04 -9.999989999999999712e-01 6.744409999999999572e-01 7.383279999999999843e-01 1.198000000000000063e-03 7.383269999999999555e-01 -6.744419999999999860e-01 8.490000000000000368e-04
1.900000000000000000e+01 2.900000000000000000e+01 4.400000000000000000e+01 0.000000000000000000e+00 1.600000000000000089e+00 2.112000000000000162e-03 -4.101999999999999744e-03 -9.999890000000000168e-01 6.794059999999999544e-01 7.337609999999999966e-01 -1.575000000000000011e-03 7.337590000000000501e-01 -6.793959999999999999e-01 4.336999999999999710e-03
2.500000000000000000e+01 2.900000000000000000e+01 4.400000000000000000e+01 0.000000000000000000e+00 1.600000000000000089e+00 1.624999999999999925e-03 6.769999999999999759e-04 -9.999980000000000535e-01 6.818370000000000264e-01 7.315019999999999856e-01 1.603000000000000041e-03 7.315019999999999856e-01 -6.818389999999999729e-01 7.269999999999999987e-04
2.800000000000000000e+01 2.900000000000000000e+01 4.400000000000000000e+01 0.000000000000000000e+00 1.600000000000000089e+00 2.111000000000000029e-03 -3.680000000000000003e-04 -9.999980000000000535e-01 6.798830000000000151e-01 7.333199999999999719e-01 1.165000000000000020e-03 7.333180000000000254e-01 -6.798840000000000439e-01 1.797999999999999902e-03
1.100000000000000000e+01 6.000000000000000000e+00 5.100000000000000000e+01 0.000000000000000000e+00 1.600000000000000089e+00 -5.999999999999999474e-04 4.282000000000000216e-03 -9.999909999999999632e-01 3.193509999999999960e-01 -9.476269999999999971e-01 -4.250000000000000305e-03 -9.476360000000000339e-01 -3.193500000000000227e-01 -7.990000000000000140e-04
6.000000000000000000e+00 7.000000000000000000e+00 5.200000000000000000e+01 0.000000000000000000e+00 1.600000000000000089e+00 4.319999999999999838e-04 -3.739000000000000136e-03 -9.999930000000000208e-01 1.192720000000000030e-01 -9.928540000000000143e-01 3.763999999999999985e-03 -9.928620000000000223e-01 -1.192730000000000040e-01 1.699999999999999987e-05
2.200000000000000000e+01 7.000000000000000000e+00 5.200000000000000000e+01 0.000000000000000000e+00 1.600000000000000089e+00 -6.204999999999999578e-03 -7.647000000000000151e-03 -9.999510000000000343e-01 1.364070000000000005e-01 -9.906300000000000106e-01 6.728999999999999738e-03 -9.906329999999999858e-01 -1.363590000000000080e-01 7.190000000000000210e-03
2.000000000000000000e+00 6.300000000000000000e+01 5.400000000000000000e+01 0.000000000000000000e+00 1.600000000000000089e+00 2.167000000000000089e-03 1.482000000000000027e-03 9.999970000000000248e-01 -3.547600000000000198e-01 9.349570000000000380e-01 -6.170000000000000354e-04 -9.349549999999999805e-01 -3.547569999999999890e-01 2.552000000000000015e-03
6.000000000000000000e+00 6.300000000000000000e+01 5.400000000000000000e+01 0.000000000000000000e+00 1.600000000000000089e+00 9.799999999999999684e-04 -3.001000000000000195e-03 9.999949999999999672e-01 -3.595380000000000242e-01 9.331249999999999822e-01 3.152999999999999987e-03 -9.331300000000000150e-01 -3.595400000000000262e-01 -1.649999999999999991e-04
1.100000000000000000e+01 6.300000000000000000e+01 5.400000000000000000e+01 0.000000000000000000e+00 1.600000000000000089e+00 -3.809999999999999910e-04 8.940000000000000464e-04 1.000000000000000000e+00 -3.594419999999999837e-01 9.331669999999999687e-01 -9.709999999999999664e-04 -9.331679999999999975e-01 -3.594419999999999837e-01 -3.399999999999999973e-05
1.400000000000000000e+01 6.300000000000000000e+01 5.400000000000000000e+01 0.000000000000000000e+00 1.600000000000000089e+00 -1.582999999999999989e-03 5.890000000000000053e-04 9.999989999999999712e-01 -3.537569999999999881e-01 9.353369999999999740e-01 -1.111000000000000008e-03 -9.353359999999999452e-01 -3.537580000000000169e-01 -1.271999999999999910e-03
2.000000000000000000e+01 6.300000000000000000e+01 5.400000000000000000e+01 0.000000000000000000e+00 1.600000000000000089e+00 -9.070000000000000371e-04 5.559999999999999621e-04 9.999989999999999712e-01 -3.534479999999999844e-01 9.354540000000000077e-01 -8.409999999999999507e-04 -9.354540000000000077e-01 -3.534479999999999844e-01 -6.520000000000000188e-04
2.800000000000000000e+01 6.300000000000000000e+01 5.400000000000000000e+01 0.000000000000000000e+00 1.600000000000000089e+00 2.216999999999999787e-03 -3.209999999999999963e-04 9.999970000000000248e-01 -3.494659999999999989e-01 9.369480000000000031e-01 1.075999999999999917e-03 -9.369459999999999456e-01 -3.494670000000000276e-01 1.965000000000000167e-03
2.000000000000000000e+00 2.500000000000000000e+01 5.500000000000000000e+01 0.000000000000000000e+00 1.600000000000000089e+00 -9.759999999999999796e-04 1.789999999999999870e-04 -9.999989999999999712e-01 -1.162400000000000065e-02 -9.999320000000000430e-01 -1.679999999999999907e-04 -9.999320000000000430e-01 1.162400000000000065e-02 9.779999999999999197e-04
7.000000000000000000e+00 2.500000000000000000e+01 5.500000000000000000e+01 0.000000000000000000e+00 1.600000000000000089e+00 -4.290000000000000193e-04 9.160000000000000390e-04 -1.000000000000000000e+00 -1.158299999999999955e-02 -9.999329999999999607e-01 -9.110000000000000259e-04 -9.999329999999999607e-01 1.158200000000000028e-02 4.400000000000000157e-04
1.000000000000000000e+01 2.500000000000000000e+01 5.500000000000000000e+01 0.000000000000000000e+00 1.600000000000000089e+00 8.549999999999999658e-04 1.087999999999999991e-03 -9.999989999999999712e-01 -1.221799999999999969e-02 -9.999249999999999527e-01 -1.098000000000000018e-03 -9.999249999999999527e-01 1.221900000000000069e-02 -8.419999999999999750e-04
1.600000000000000000e+01 2.500000000000000000e+01 5.500000000000000000e+01 0.000000000000000000e+00 1.600000000000000089e+00 9.700000000000000505e-04 9.439999999999999607e-04 -9.999989999999999712e-01 -1.379999999999999977e-02 -9.999040000000000150e-01 -9.569999999999999514e-04 -9.999040000000000150e-01 1.380100000000000077e-02 -9.569999999999999514e-04
2.700000000000000000e+01 2.500000000000000000e+01 5.500000000000000000e+01 0.000000000000000000e+00 1.600000000000000089e+00 9.200000000000000007e-05 3.020000000000000223e-04 -1.000000000000000000e+00 -1.099499999999999957e-02 -9.999400000000000510e-01 -3.029999999999999924e-04 -9.999400000000000510e-01 1.099499999999999957e-02 -8.899999999999999491e-05
7.000000000000000000e+00 6.800000000000000000e+01 5.700000000000000000e+01 0.000000000000000000e+00 1.600000000000000089e+00 1.670000000000000043e-03 -4.610000000000000382e-03 -9.999879999999999880e-01 -2.445390000000000064e-01 -9.696310000000000207e-01 4.061000000000000373e-03 -9.696379999999999999e-01 2.445289999999999964e-01 -2.746999999999999876e-03
1.000000000000000000e+00 2.100000000000000000e+01 6.000000000000000000e+01 0.000000000000000000e+00 1.600000000000000089e+00 -9.950000000000000077e-04 8.019999999999999352e-03 9.999670000000000503e-01 -9.829599999999999449e-02 9.951240000000000085e-01 -8.078999999999999376e-03 -9.951569999999999583e-01 -9.829999999999999849e-02 -2.010000000000000068e-04
2.100000000000000000e+01 2.100000000000000000e+01 6.000000000000000000e+01 0.000000000000000000e+00 1.600000000000000089e+00 -2.539999999999999940e-04 4.370999999999999885e-03 9.999900000000000455e-01 -9.374300000000000688e-02 9.955869999999999997e-01 -4.375999999999999682e-03 -9.955960000000000365e-01 -9.374300000000000688e-02 1.569999999999999944e-04
2.700000000000000000e+01 2.100000000000000000e+01 6.000000000000000000e+01 0.000000000000000000e+00 1.600000000000000089e+00 2.366000000000000048e-03 6.328000000000000291e-03 9.999770000000000048e-01 -9.574699999999999878e-02 9.953870000000000218e-01 -6.073000000000000273e-03 -9.954030000000000378e-01 -9.573099999999999665e-02 2.961000000000000090e-03
4.000000000000000000e+00 3.000000000000000000e+00 6.300000000000000000e+01 0.000000000000000000e+00 1.600000000000000089e+00 3.297000000000000017e-03 -3.069000000000000113e-03 9.999900000000000455e-01 -6.146270000000000344e-01 7.888060000000000072e-01 4.447000000000000432e-03 -7.888110000000000399e-01 -6.146350000000000424e-01 7.140000000000000079e-04
2.800000000000000000e+01 3.000000000000000000e+00 6.300000000000000000e+01 0.000000000000000000e+00 1.600000000000000089e+00 -2.299999999999999961e-03 7.129999999999999836e-04 9.999970000000000248e-01 -6.114760000000000195e-01 7.912599999999999634e-01 -1.971000000000000096e-03 -7.912590000000000456e-01 -6.114789999999999948e-01 -1.384000000000000031e-03
2.000000000000000000e+00 2.700000000000000000e+01 6.300000000000000000e+01 0.000000000000000000e+00 1.600000000000000089e+00 3.750000000000000078e-04 -1.392000000000000008e-03 9.999989999999999712e-01 -2.748099999999999987e-01 9.614979999999999638e-01 1.441999999999999922e-03 -9.614989999999999926e-01 -2.748099999999999987e-01 -2.199999999999999943e-05
9.000000000000000000e+00 2.700000000000000000e+01 6.300000000000000000e+01 0.000000000000000000e+00 1.600000000000000089e+00 2.122999999999999887e-03 -2.596999999999999916e-03 9.999940000000000495e-01 -2.718389999999999973e-01 9.623380000000000267e-01 3.076999999999999874e-03 -9.623399999999999732e-01 -2.718450000000000033e-01 1.337000000000000081e-03
1.600000000000000000e+01 2.700000000000000000e+01 6.300000000000000000e+01 0.000000000000000000e+00 1.600000000000000089e+00 -2.089000000000000145e-03 2.569999999999999802e-03 9.999949999999999672e-01 -2.742859999999999743e-01 9.616430000000000256e-01 -3.043999999999999831e-03 -9.616460000000000008e-01 -2.742910000000000070e-01 -1.304000000000000038e-03
2.300000000000000000e+01 2.700000000000000000e+01 6.300000000000000000e+01 0.000000000000000000e+00 1.600000000000000089e+00 7.739999999999999485e-04 2.300000000000000002e-05 1.000000000000000000e+00 -2.808570000000000233e-01 9.597489999999999633e-01 1.959999999999999937e-04 -9.597489999999999633e-01 -2.808579999999999965e-01 7.489999999999999913e-04
3.000000000000000000e+01 2.700000000000000000e+01 6.300000000000000000e+01 0.000000000000000000e+00 1.600000000000000089e+00 -2.740999999999999947e-03 3.295000000000000186e-03 9.999909999999999632e-01 -2.793329999999999980e-01 9.601859999999999840e-01 -3.929000000000000201e-03 -9.601899999999999880e-01 -2.793410000000000060e-01 -1.711000000000000064e-03
3.000000000000000000e+00 2.600000000000000000e+01 6.400000000000000000e+01 0.000000000000000000e+00 1.600000000000000089e+00 3.609999999999999928e-04 -1.046000000000000055e-03 9.999989999999999712e-01 -3.537649999999999961e-01 9.353339999999999987e-01 1.105999999999999995e-03 -9.353339999999999987e-01 -3.537660000000000249e-01 -3.199999999999999855e-05
1.500000000000000000e+01 2.600000000000000000e+01 6.400000000000000000e+01 0.000000000000000000e+00 1.600000000000000089e+00 -1.814000000000000074e-03 -1.030000000000000100e-03 9.999980000000000535e-01 -3.524070000000000258e-01 9.358469999999999844e-01 3.249999999999999851e-04 -9.358450000000000379e-01 -3.524059999999999970e-01 -2.060999999999999898e-03
2.100000000000000000e+01 2.600000000000000000e+01 6.400000000000000000e+01 0.000000000000000000e+00 1.600000000000000089e+00 -3.499999999999999964e-04 -6.660000000000000338e-04 1.000000000000000000e+00 -3.613589999999999858e-01 9.324270000000000058e-01 4.939999999999999730e-04 -9.324270000000000058e-01 -3.613589999999999858e-01 -5.670000000000000127e-04
2.400000000000000000e+01 2.600000000000000000e+01 6.400000000000000000e+01 0.000000000000000000e+00 1.600000000000000089e+00 1.817000000000000039e-03 2.103999999999999967e-03 9.999959999999999960e-01 -3.642219999999999902e-01 9.313109999999999999e-01 -1.296999999999999976e-03 -9.313099999999999712e-01 -3.642190000000000150e-01 2.458000000000000115e-03
3.000000000000000000e+01 2.600000000000000000e+01 6.400000000000000000e+01 0.000000000000000000e+00 1.600000000000000089e+00 -2.517999999999999839e-03 3.318999999999999902e-03 9.999909999999999632e-01 -3.639780000000000237e-01 9.313989999999999769e-01 -4.008000000000000278e-03 -9.314040000000000097e-01 -3.639839999999999742e-01 -1.136999999999999990e-03
1.800000000000000000e+01 6.900000000000000000e+01 6.600000000000000000e+01 0.000000000000000000e+00 1.600000000000000089e+00 1.022299999999999945e-02 -8.439999999999999586e-03 9.999120000000000230e-01 -9.530720000000000303e-01 3.024939999999999851e-01 1.229700000000000064e-02 -3.025720000000000076e-01 -9.531140000000000168e-01 -4.950999999999999672e-03
2.600000000000000000e+01 6.900000000000000000e+01 6.600000000000000000e+01 0.000000000000000000e+00 1.600000000000000089e+00 5.683999999999999816e-03 2.349999999999999930e-04 9.999839999999999840e-01 -9.526250000000000551e-01 3.041010000000000102e-01 5.342999999999999659e-03 -3.040950000000000042e-01 -9.526400000000000423e-01 1.951999999999999959e-03
