2.500000000000000000e+01 2.500000000000000000e+01 1.000000000000000000e+00 0.000000000000000000e+00 1.600000000000000089e+00 -2.206000000000000062e-03 4.812999999999999570e-03 -9.999860000000000415e-01 -5.343790000000000484e-01 -8.452399999999999913e-01 -2.889000000000000075e-03 -8.452420000000000488e-01 5.343649999999999789e-01 4.435999999999999839e-03
8.000000000000000000e+00 1.500000000000000000e+01 4.000000000000000000e+00 0.000000000000000000e+00 1.600000000000000089e+00 -5.987000000000000134e-03 -1.028899999999999954e-02 9.999289999999999567e-01 3.212800000000000100e-01 -9.469520000000000159e-01 -7.820999999999999827e-03 9.469649999999999457e-01 3.212099999999999955e-01 8.975000000000000339e-03
1.100000000000000000e+01 1.500000000000000000e+01 4.000000000000000000e+00 0.000000000000000000e+00 1.600000000000000089e+00 -4.255000000000000102e-03 -1.366999999999999986e-02 9.998979999999999535e-01 3.192849999999999855e-01 -9.475879999999999859e-01 -1.159600000000000040e-02 9.476489999999999636e-01 3.192030000000000145e-01 8.396999999999999950e-03
1.400000000000000000e+01 1.500000000000000000e+01 4.000000000000000000e+00 0.000000000000000000e+00 1.600000000000000089e+00 8.909999999999999734e-04 -9.391000000000000042e-03 9.999550000000000383e-01 3.202860000000000151e-01 -9.472760000000000069e-01 -9.181999999999999190e-03 9.473200000000000509e-01 3.202800000000000091e-01 2.164000000000000125e-03
2.300000000000000000e+01 1.500000000000000000e+01 4.000000000000000000e+00 0.000000000000000000e+00 1.600000000000000089e+00 -2.991999999999999868e-03 -1.294499999999999991e-02 9.999120000000000230e-01 3.248619999999999841e-01 -9.456940000000000346e-01 -1.127099999999999977e-02 9.457569999999999588e-01 3.247990000000000044e-01 7.034999999999999587e-03
2.600000000000000000e+01 1.500000000000000000e+01 4.000000000000000000e+00 0.000000000000000000e+00 1.600000000000000089e+00 9.280000000000000054e-04 -3.433999999999999986e-03 9.999940000000000495e-01 3.271890000000000076e-01 -9.449520000000000142e-01 -3.549000000000000071e-03 9.449579999999999647e-01 3.271899999999999809e-01 2.460000000000000164e-04
2.500000000000000000e+01 8.700000000000000000e+01 6.000000000000000000e+00 0.000000000000000000e+00 1.600000000000000089e+00 -6.814390000000000169e-01 -6.253969999999999807e-01 -3.801579999999999959e-01 -7.301260000000000527e-01 6.168000000000000149e-01 2.940650000000000208e-01 5.057400000000000090e-02 4.779499999999999860e-01 -8.769299999999999873e-01
2.600000000000000000e+01 8.600000000000000000e+01 7.000000000000000000e+00 0.000000000000000000e+00 1.600000000000000089e+00 -6.837210000000000232e-01 -6.651240000000000485e-01 -3.002270000000000216e-01 -7.296500000000000208e-01 6.296840000000000215e-01 2.666620000000000101e-01 1.168499999999999921e-02 4.013829999999999898e-01 -9.158359999999999834e-01
5.000000000000000000e+00 1.010000000000000000e+02 7.000000000000000000e+00 0.000000000000000000e+00 1.600000000000000089e+00 -1.984999999999999785e-03 -5.409400000000000319e-02 9.985340000000000327e-01 8.807160000000000544e-01 4.728539999999999965e-01 2.736699999999999897e-02 -4.736409999999999787e-01 8.794790000000000108e-01 4.670300000000000146e-02
1.000000000000000000e+01 2.500000000000000000e+01 8.000000000000000000e+00 0.000000000000000000e+00 1.600000000000000089e+00 5.039999999999999992e-04 -1.144599999999999958e-02 -9.999339999999999895e-01 4.528960000000000208e-01 8.915079999999999671e-01 -9.976000000000000492e-03 8.915629999999999944e-01 -4.528610000000000135e-01 5.632999999999999986e-03
1.800000000000000000e+01 2.500000000000000000e+01 8.000000000000000000e+00 0.000000000000000000e+00 1.600000000000000089e+00 1.567999999999999949e-03 3.999999999999999819e-06 -9.999989999999999712e-01 4.528429999999999955e-01 8.915899999999999936e-01 7.140000000000000079e-04 8.915889999999999649e-01 -4.528440000000000243e-01 1.396000000000000105e-03
2.200000000000000000e+01 2.500000000000000000e+01 8.000000000000000000e+00 0.000000000000000000e+00 1.600000000000000089e+00 1.056000000000000081e-03 3.016000000000000018e-03 -9.999949999999999672e-01 4.519409999999999816e-01 8.920420000000000016e-01 3.167999999999999809e-03 8.920470000000000343e-01 -4.519420000000000104e-01 -4.209999999999999875e-04
2.700000000000000000e+01 2.500000000000000000e+01 8.000000000000000000e+00 0.000000000000000000e+00 1.600000000000000089e+00 3.350000000000000113e-04 -2.180000000000000134e-04 -1.000000000000000000e+00 4.528070000000000150e-01 8.916089999999999849e-01 -4.300000000000000165e-05 8.916079999999999561e-01 -4.528070000000000150e-01 3.970000000000000005e-04
5.000000000000000000e+00 2.400000000000000000e+01 9.000000000000000000e+00 0.000000000000000000e+00 1.600000000000000089e+00 7.439999999999999782e-04 8.260000000000000198e-04 -9.999989999999999712e-01 4.579449999999999910e-01 8.889799999999999924e-01 1.075000000000000001e-03 8.889799999999999924e-01 -4.579449999999999910e-01 2.840000000000000185e-04
1.100000000000000000e+01 2.400000000000000000e+01 9.000000000000000000e+00 0.000000000000000000e+00 1.600000000000000089e+00 9.929999999999999591e-04 -6.393000000000000245e-03 -9.999789999999999512e-01 4.568710000000000271e-01 8.895180000000000309e-01 -5.232999999999999804e-03 8.895319999999999894e-01 -4.568559999999999843e-01 3.804000000000000090e-03
1.700000000000000000e+01 2.400000000000000000e+01 9.000000000000000000e+00 0.000000000000000000e+00 1.600000000000000089e+00 1.624000000000000010e-03 2.112000000000000162e-03 -9.999959999999999960e-01 4.564289999999999736e-01 8.897559999999999913e-01 2.621000000000000066e-03 8.897580000000000489e-01 -4.564320000000000044e-01 4.809999999999999823e-04
2.600000000000000000e+01 2.400000000000000000e+01 9.000000000000000000e+00 0.000000000000000000e+00 1.600000000000000089e+00 -6.200000000000000270e-05 1.433999999999999945e-03 -9.999989999999999712e-01 4.552899999999999725e-01 8.903429999999999955e-01 1.248999999999999893e-03 8.903429999999999955e-01 -4.552889999999999993e-01 -7.079999999999999705e-04
2.400000000000000000e+01 8.900000000000000000e+01 9.000000000000000000e+00 0.000000000000000000e+00 1.600000000000000089e+00 -9.300460000000000393e-01 -9.389999999999999476e-04 -3.674410000000000176e-01 -1.076619999999999938e-01 9.568039999999999878e-01 2.700640000000000263e-01 3.513160000000000172e-01 2.907310000000000172e-01 -8.899730000000000141e-01
5.000000000000000000e+00 1.200000000000000000e+01 1.000000000000000000e+01 0.000000000000000000e+00 1.600000000000000089e+00 -5.899999999999999754e-05 -4.683999999999999796e-03 -9.999890000000000168e-01 -5.511110000000000175e-01 -8.344230000000000258e-01 3.941000000000000059e-03 -8.344319999999999515e-01 5.511049999999999560e-01 -2.531999999999999963e-03
2.800000000000000000e+01 1.200000000000000000e+01 1.000000000000000000e+01 0.000000000000000000e+00 1.600000000000000089e+00 -2.952000000000000197e-03 3.193999999999999791e-03 -9.999900000000000455e-01 -5.512120000000000353e-01 -8.343639999999999946e-01 -1.038000000000000077e-03 -8.343599999999999905e-01 5.512040000000000273e-01 4.223000000000000191e-03
2.000000000000000000e+01 3.500000000000000000e+01 1.200000000000000000e+01 0.000000000000000000e+00 1.600000000000000089e+00 -6.908000000000000078e-03 7.637999999999999824e-03 -9.999470000000000303e-01 4.442280000000000117e-01 -8.958589999999999609e-01 -9.912000000000000671e-03 -8.958869999999999889e-01 -4.442729999999999735e-01 2.795999999999999874e-03
7.000000000000000000e+00 3.200000000000000000e+01 1.400000000000000000e+01 0.000000000000000000e+00 1.600000000000000089e+00 7.839999999999999747e-04 2.403999999999999887e-03 -9.999970000000000248e-01 1.053189999999999960e-01 9.944349999999999579e-01 2.472999999999999938e-03 9.944380000000000441e-01 -1.053209999999999980e-01 5.270000000000000162e-04
1.500000000000000000e+01 3.200000000000000000e+01 1.400000000000000000e+01 0.000000000000000000e+00 1.600000000000000089e+00 -3.869999999999999742e-04 -4.841999999999999950e-03 -9.999879999999999880e-01 1.055510000000000059e-01 9.944020000000000081e-01 -4.854999999999999941e-03 9.944140000000000201e-01 -1.055520000000000069e-01 1.259999999999999998e-04
2.000000000000000000e+00 1.160000000000000000e+02 1.600000000000000000e+01 0.000000000000000000e+00 1.600000000000000089e+00 -1.520000000000000084e-04 2.076999999999999853e-03 9.999980000000000535e-01 7.694630000000000081e-01 6.386899999999999800e-01 -1.209000000000000005e-03 -6.386910000000000087e-01 7.694609999999999506e-01 -1.694999999999999892e-03
7.000000000000000000e+00 1.160000000000000000e+02 1.600000000000000000e+01 0.000000000000000000e+00 1.600000000000000089e+00 -3.021999999999999947e-03 -4.679999999999999915e-04 9.999949999999999672e-01 7.664109999999999534e-01 6.423459999999999726e-01 2.615999999999999836e-03 -6.423440000000000261e-01 7.664149999999999574e-01 -1.582999999999999989e-03
1.500000000000000000e+01 1.160000000000000000e+02 1.600000000000000000e+01 0.000000000000000000e+00 1.600000000000000089e+00 -4.120999999999999663e-03 -9.412000000000000227e-03 9.999470000000000303e-01 7.598759999999999959e-01 6.500019999999999687e-01 9.249000000000000277e-03 -6.500550000000000495e-01 7.598740000000000494e-01 4.473000000000000413e-03
2.100000000000000000e+01 1.160000000000000000e+02 1.600000000000000000e+01 0.000000000000000000e+00 1.600000000000000089e+00 -1.941000000000000017e-03 -6.903000000000000282e-03 9.999740000000000295e-01 6.598180000000000156e-01 7.513980000000000103e-01 6.466999999999999658e-03 -7.514229999999999521e-01 6.598129999999999828e-01 3.095999999999999794e-03
2.900000000000000000e+01 7.700000000000000000e+01 1.700000000000000000e+01 0.000000000000000000e+00 1.600000000000000089e+00 -6.860089999999999799e-01 -5.341519999999999602e-01 4.940379999999999772e-01 -7.273479999999999945e-01 5.210890000000000244e-01 -4.465770000000000017e-01 -1.889800000000000160e-02 -6.656929999999999792e-01 -7.459860000000000380e-01
1.000000000000000000e+00 2.000000000000000000e+00 1.900000000000000000e+01 0.000000000000000000e+00 1.600000000000000089e+00 -6.819999999999999890e-04 -2.888100000000000042e-02 -9.995829999999999993e-01 1.577709999999999946e-01 -9.870670000000000277e-01 2.841099999999999876e-02 -9.874760000000000204e-01 -1.576849999999999918e-01 5.230000000000000274e-03
6.000000000000000000e+00 2.000000000000000000e+00 1.900000000000000000e+01 0.000000000000000000e+00 1.600000000000000089e+00 2.550000000000000183e-04 -1.677000000000000105e-03 -9.999989999999999712e-01 1.527570000000000039e-01 -9.882619999999999738e-01 1.696999999999999941e-03 -9.882640000000000313e-01 -1.527570000000000039e-01 3.999999999999999819e-06
9.000000000000000000e+00 2.000000000000000000e+00 1.900000000000000000e+01 0.000000000000000000e+00 1.600000000000000089e+00 1.489000000000000089e-03 7.823999999999999358e-03 -9.999679999999999680e-01 1.520100000000000062e-01 -9.883499999999999508e-01 -7.506999999999999784e-03 -9.883779999999999788e-01 -1.519939999999999902e-01 -2.661000000000000171e-03
1.700000000000000000e+01 2.000000000000000000e+00 1.900000000000000000e+01 0.000000000000000000e+00 1.600000000000000089e+00 3.420000000000000188e-04 7.894999999999999241e-03 -9.999689999999999968e-01 1.586720000000000075e-01 -9.873009999999999842e-01 -7.740999999999999617e-03 -9.873309999999999587e-01 -1.586650000000000005e-01 -1.590999999999999966e-03
2.000000000000000000e+01 2.000000000000000000e+00 1.900000000000000000e+01 0.000000000000000000e+00 1.600000000000000089e+00 1.760999999999999979e-03 1.236300000000000072e-02 -9.999219999999999775e-01 1.592749999999999999e-01 -9.871619999999999839e-01 -1.192400000000000057e-02 -9.872330000000000272e-01 -1.592419999999999947e-01 -3.706999999999999792e-03
2.200000000000000000e+01 2.000000000000000000e+00 1.900000000000000000e+01 0.000000000000000000e+00 1.600000000000000089e+00 1.773999999999999969e-03 7.668999999999999602e-03 -9.999689999999999968e-01 1.567709999999999937e-01 -9.876080000000000414e-01 -7.296000000000000402e-03 -9.876329999999999831e-01 -1.567530000000000034e-01 -2.954000000000000029e-03
2.800000000000000000e+01 2.000000000000000000e+00 1.900000000000000000e+01 0.000000000000000000e+00 1.600000000000000089e+00 9.700000000000000505e-04 2.471999999999999805e-03 -9.999959999999999960e-01 1.505730000000000124e-01 -9.885960000000000303e-01 -2.296999999999999997e-03 -9.885979999999999768e-01 -1.505700000000000094e-01 -1.330999999999999935e-03
1.000000000000000000e+01 1.300000000000000000e+01 2.000000000000000000e+01 0.000000000000000000e+00 1.600000000000000089e+00 1.730999999999999900e-03 -3.246000000000000187e-03 9.999930000000000208e-01 2.455489999999999895e-01 9.693800000000000194e-01 2.722000000000000027e-03 -9.693829999999999947e-01 2.455430000000000113e-01 2.475000000000000203e-03
1.900000000000000000e+01 1.300000000000000000e+01 2.000000000000000000e+01 0.000000000000000000e+00 1.600000000000000089e+00 -4.679999999999999915e-04 2.472999999999999938e-03 9.999970000000000248e-01 2.481530000000000125e-01 9.687179999999999680e-01 -2.279999999999999909e-03 -9.687210000000000543e-01 2.481520000000000115e-01 -1.067000000000000023e-03
2.500000000000000000e+01 1.300000000000000000e+01 2.000000000000000000e+01 0.000000000000000000e+00 1.600000000000000089e+00 -2.827000000000000086e-03 -8.415999999999999870e-03 9.999609999999999888e-01 2.489719999999999989e-01 9.684700000000000530e-01 8.855000000000000024e-03 -9.685059999999999780e-01 2.489879999999999871e-01 -6.430000000000000169e-04
2.700000000000000000e+01 1.300000000000000000e+01 2.000000000000000000e+01 0.000000000000000000e+00 1.600000000000000089e+00 -2.798000000000000140e-03 -1.079800000000000031e-02 9.999379999999999935e-01 2.490300000000000014e-01 9.684319999999999595e-01 1.115499999999999999e-02 -9.684920000000000195e-01 2.490459999999999896e-01 -2.099999999999999884e-05
3.000000000000000000e+00 1.600000000000000000e+01 2.100000000000000000e+01 0.000000000000000000e+00 1.600000000000000089e+00 1.975999999999999892e-03 1.046599999999999961e-02 9.999430000000000263e-01 2.986119999999999886e-01 9.543160000000000531e-01 -1.057899999999999986e-02 -9.543730000000000269e-01 2.986159999999999926e-01 -1.240000000000000000e-03
6.000000000000000000e+00 1.600000000000000000e+01 2.100000000000000000e+01 0.000000000000000000e+00 1.600000000000000089e+00 1.874999999999999931e-03 1.184699999999999989e-02 9.999280000000000390e-01 2.971929999999999850e-01 9.547440000000000371e-01 -1.186899999999999934e-02 -9.548149999999999693e-01 2.971940000000000137e-01 -1.729999999999999984e-03
2.300000000000000000e+01 1.600000000000000000e+01 2.100000000000000000e+01 0.000000000000000000e+00 1.600000000000000089e+00 -2.706000000000000072e-03 -5.799999999999999600e-03 9.999799999999999800e-01 2.978000000000000091e-01 9.546069999999999833e-01 6.342999999999999680e-03 -9.546240000000000281e-01 2.978109999999999924e-01 -8.549999999999999658e-04
2.800000000000000000e+01 1.600000000000000000e+01 2.100000000000000000e+01 0.000000000000000000e+00 1.600000000000000089e+00 -3.033999999999999805e-03 -9.818000000000000338e-03 9.999470000000000303e-01 2.990229999999999833e-01 9.541899999999999826e-01 1.027600000000000041e-02 -9.542410000000000059e-01 2.990389999999999993e-01 4.100000000000000047e-05
7.000000000000000000e+00 3.000000000000000000e+00 2.500000000000000000e+01 0.000000000000000000e+00 1.600000000000000089e+00 -2.249999999999999830e-03 1.186300000000000028e-02 9.999270000000000103e-01 -4.167599999999999777e-02 -9.990620000000000056e-01 1.175900000000000035e-02 9.991290000000000449e-01 -4.164700000000000346e-02 2.742000000000000080e-03
1.100000000000000000e+01 4.900000000000000000e+01 2.500000000000000000e+01 0.000000000000000000e+00 1.600000000000000089e+00 8.911999999999999783e-03 7.065399999999999459e-02 9.974610000000000420e-01 6.695759999999999490e-01 7.404420000000000446e-01 -5.843099999999999683e-02 -7.426899999999999613e-01 6.683970000000000189e-01 -4.071000000000000313e-02
9.000000000000000000e+00 4.500000000000000000e+01 2.600000000000000000e+01 0.000000000000000000e+00 1.600000000000000089e+00 2.143099999999999866e-02 3.177900000000000169e-02 9.992649999999999588e-01 4.842069999999999985e-01 8.741200000000000081e-01 -3.818400000000000266e-02 -8.746909999999999963e-01 4.846699999999999897e-01 3.346000000000000016e-03
1.800000000000000000e+01 4.900000000000000000e+01 2.900000000000000000e+01 0.000000000000000000e+00 1.600000000000000089e+00 -2.606999999999999942e-03 9.782399999999999429e-02 -9.951999999999999735e-01 6.663320000000000354e-01 -7.419069999999999832e-01 -7.467100000000000126e-02 -7.456509999999999527e-01 -6.633280000000000287e-01 -6.324899999999999967e-02
7.000000000000000000e+00 5.000000000000000000e+01 3.000000000000000000e+01 0.000000000000000000e+00 1.600000000000000089e+00 -6.377299999999999636e-02 -3.560519999999999796e-01 -9.322880000000000056e-01 5.982140000000000235e-01 -7.613860000000000072e-01 2.498620000000000008e-01 -7.987940000000000040e-01 -5.417729999999999491e-01 2.615509999999999780e-01
1.900000000000000000e+01 5.000000000000000000e+01 3.000000000000000000e+01 0.000000000000000000e+00 1.600000000000000089e+00 -4.363999999999999824e-03 1.637790000000000079e-01 -9.864870000000000028e-01 6.597129999999999939e-01 -7.408919999999999950e-01 -1.259230000000000071e-01 -7.515049999999999786e-01 -6.513489999999999558e-01 -1.048140000000000044e-01
2.400000000000000000e+01 5.000000000000000000e+01 3.000000000000000000e+01 0.000000000000000000e+00 1.600000000000000089e+00 -9.423000000000000820e-03 2.685770000000000102e-01 -9.632119999999999571e-01 6.370959999999999956e-01 -7.408270000000000133e-01 -2.128009999999999902e-01 -7.707270000000000509e-01 -6.156639999999999890e-01 -1.641289999999999971e-01
2.700000000000000000e+01 5.100000000000000000e+01 3.100000000000000000e+01 0.000000000000000000e+00 1.600000000000000089e+00 -3.780000000000000265e-04 3.293289999999999829e-01 -9.442150000000000265e-01 5.934800000000000075e-01 -7.598759999999999959e-01 -2.652720000000000078e-01 -8.048490000000000366e-01 -5.604729999999999990e-01 -1.951630000000000031e-01
2.700000000000000000e+01 5.200000000000000000e+01 3.200000000000000000e+01 0.000000000000000000e+00 1.600000000000000089e+00 6.022999999999999708e-03 3.388209999999999833e-01 -9.408309999999999729e-01 5.869520000000000293e-01 -7.629219999999999891e-01 -2.709929999999999839e-01 -8.095989999999999576e-01 -5.505910000000000526e-01 -2.034670000000000090e-01
3.000000000000000000e+00 9.500000000000000000e+01 3.600000000000000000e+01 0.000000000000000000e+00 1.600000000000000089e+00 1.040600000000000032e-02 5.328000000000000271e-03 9.999320000000000430e-01 9.968780000000000419e-01 7.821599999999999386e-02 -1.079100000000000024e-02 -7.826900000000000523e-02 9.969219999999999748e-01 -4.497000000000000129e-03
1.900000000000000000e+01 9.500000000000000000e+01 3.600000000000000000e+01 0.000000000000000000e+00 1.600000000000000089e+00 -1.570500000000000021e-02 -5.879199999999999704e-02 9.981470000000000065e-01 9.973889999999999700e-01 6.945300000000000085e-02 1.978399999999999950e-02 -7.048699999999999410e-02 9.958510000000000417e-01 5.754700000000000093e-02
4.000000000000000000e+00 2.900000000000000000e+01 4.400000000000000000e+01 0.000000000000000000e+00 1.600000000000000089e+00 1.391000000000000092e-03 3.168999999999999942e-03 -9.999940000000000495e-01 6.582660000000000178e-01 7.527789999999999759e-01 3.301999999999999814e-03 7.527840000000000087e-01 -6.582660000000000178e-01 -1.038999999999999993e-03
8.000000000000000000e+00 2.900000000000000000e+01 4.400000000000000000e+01 0.000000000000000000e+00 1.600000000000000089e+00 6.679999999999999740e-04 5.550000000000000462e-04 -1.000000000000000000e+00 6.576210000000000111e-01 7.533480000000000176e-01 8.580000000000000387e-04 7.533480000000000176e-01 -6.576220000000000399e-01 1.379999999999999933e-04
1.200000000000000000e+01 2.900000000000000000e+01 4.400000000000000000e+01 0.000000000000000000e+00 1.600000000000000089e+00 1.299999999999999920e-05 -1.677000000000000105e-03 -9.999989999999999712e-01 6.610070000000000112e-01 7.503790000000000182e-01 -1.250000000000000026e-03 7.503800000000000470e-01 -6.610059999999999825e-01 1.118000000000000070e-03
1.900000000000000000e+01 2.900000000000000000e+01 4.400000000000000000e+01 0.000000000000000000e+00 1.600000000000000089e+00 -8.199999999999999824e-04 1.208000000000000089e-03 -9.999989999999999712e-01 6.557699999999999640e-01 7.549609999999999932e-01 3.739999999999999835e-04 7.549609999999999932e-01 -6.557690000000000463e-01 -1.412000000000000061e-03
2.400000000000000000e+01 2.900000000000000000e+01 4.400000000000000000e+01 0.000000000000000000e+00 1.600000000000000089e+00 8.500000000000000611e-05 -1.726000000000000104e-03 -9.999980000000000535e-01 6.550690000000000124e-01 7.555680000000000174e-01 -1.248999999999999893e-03 7.555690000000000461e-01 -6.550679999999999836e-01 1.195000000000000099e-03
2.700000000000000000e+01 2.900000000000000000e+01 4.400000000000000000e+01 0.000000000000000000e+00 1.600000000000000089e+00 7.389999999999999651e-04 -2.165999999999999957e-03 -9.999970000000000248e-01 6.553600000000000536e-01 7.553159999999999874e-01 -1.152000000000000029e-03 7.553159999999999874e-01 -6.553579999999999961e-01 1.978000000000000157e-03
2.000000000000000000e+00 5.600000000000000000e+01 4.500000000000000000e+01 0.000000000000000000e+00 1.600000000000000089e+00 -3.437259999999999760e-01 3.242220000000000102e-01 -8.813239999999999963e-01 7.980180000000000051e-01 -3.938490000000000046e-01 -4.561250000000000027e-01 -4.949950000000000183e-01 -8.600950000000000539e-01 -1.233579999999999954e-01
2.900000000000000000e+01 5.800000000000000000e+01 4.600000000000000000e+01 0.000000000000000000e+00 1.600000000000000089e+00 3.132710000000000217e-01 1.776499999999999954e-02 -9.494970000000000354e-01 -9.297349999999999781e-01 2.094920000000000115e-01 -3.028310000000000168e-01 1.935320000000000096e-01 9.776489999999999903e-01 8.214499999999999580e-02
5.000000000000000000e+00 6.000000000000000000e+01 4.600000000000000000e+01 0.000000000000000000e+00 1.600000000000000089e+00 -4.095880000000000076e-01 -2.680119999999999725e-01 8.720130000000000381e-01 1.815150000000000097e-01 9.128169999999999895e-01 3.658120000000000260e-01 -8.940299999999999914e-01 3.081160000000000010e-01 -3.252300000000000191e-01
1.600000000000000000e+01 6.500000000000000000e+01 4.600000000000000000e+01 0.000000000000000000e+00 1.600000000000000089e+00 1.753700000000000050e-02 1.600850000000000051e-01 9.869470000000000187e-01 6.483200000000000074e-01 -7.532830000000000359e-01 1.106639999999999985e-01 7.611660000000000093e-01 6.379169999999999563e-01 -1.169970000000000038e-01
2.800000000000000000e+01 5.800000000000000000e+01 4.900000000000000000e+01 0.000000000000000000e+00 1.600000000000000089e+00 3.327370000000000050e-01 1.892810000000000048e-01 -9.238279999999999825e-01 -9.336320000000000174e-01 2.040049999999999919e-01 -2.944700000000000095e-01 1.327280000000000126e-01 9.604970000000000452e-01 2.445990000000000109e-01
3.000000000000000000e+01 5.900000000000000000e+01 4.900000000000000000e+01 0.000000000000000000e+00 1.600000000000000089e+00 -3.065689999999999804e-01 2.511920000000000264e-01 9.181049999999999489e-01 9.485909999999999620e-01 1.603569999999999995e-01 2.728749999999999787e-01 -7.868100000000000094e-02 9.545620000000000216e-01 -2.874390000000000001e-01
1.700000000000000000e+01 4.900000000000000000e+01 5.000000000000000000e+01 0.000000000000000000e+00 1.600000000000000089e+00 4.083269999999999955e-01 9.238000000000000378e-02 9.081489999999999840e-01 -8.106849999999999890e-01 -4.206010000000000026e-01 4.072899999999999854e-01 4.195929999999999938e-01 -9.025300000000000544e-01 -9.685199999999999365e-02
8.000000000000000000e+00 5.000000000000000000e+00 5.100000000000000000e+01 0.000000000000000000e+00 1.600000000000000089e+00 3.690000000000000138e-03 3.282000000000000195e-03 -9.999879999999999880e-01 4.891710000000000225e-01 -8.721870000000000456e-01 -1.056999999999999997e-03 -8.721799999999999553e-01 -4.891610000000000125e-01 -4.824000000000000163e-03
1.200000000000000000e+01 5.000000000000000000e+00 5.100000000000000000e+01 0.000000000000000000e+00 1.600000000000000089e+00 2.592999999999999819e-03 6.408999999999999767e-03 -9.999759999999999760e-01 4.853669999999999929e-01 -8.742999999999999661e-01 -4.344999999999999904e-03 -8.743069999999999453e-01 -4.853439999999999976e-01 -5.376999999999999835e-03
1.500000000000000000e+01 5.000000000000000000e+00 5.100000000000000000e+01 0.000000000000000000e+00 1.600000000000000089e+00 -5.291999999999999829e-03 -1.497999999999999983e-03 -9.999850000000000128e-01 4.887670000000000070e-01 -8.724140000000000228e-01 -1.278999999999999972e-03 -8.723980000000000068e-01 -4.887659999999999783e-01 5.348999999999999588e-03
2.600000000000000000e+01 5.000000000000000000e+00 5.100000000000000000e+01 0.000000000000000000e+00 1.600000000000000089e+00 1.338999999999999913e-03 -3.292999999999999920e-03 -9.999940000000000495e-01 4.895630000000000259e-01 -8.719609999999999861e-01 3.527000000000000187e-03 -8.719670000000000476e-01 -4.895639999999999992e-01 4.449999999999999746e-04
2.900000000000000000e+01 5.000000000000000000e+00 5.100000000000000000e+01 0.000000000000000000e+00 1.600000000000000089e+00 1.179999999999999951e-04 7.249999999999999500e-04 -1.000000000000000000e+00 4.915709999999999802e-01 -8.708369999999999722e-01 -5.730000000000000501e-04 -8.708369999999999722e-01 -4.915709999999999802e-01 -4.589999999999999896e-04
2.000000000000000000e+01 5.100000000000000000e+01 5.100000000000000000e+01 0.000000000000000000e+00 1.600000000000000089e+00 4.185690000000000244e-01 9.236600000000000366e-02 9.034759999999999458e-01 -7.902019999999999600e-01 -4.532979999999999787e-01 4.124329999999999941e-01 4.476390000000000091e-01 -8.865600000000000147e-01 -1.167490000000000056e-01
2.200000000000000000e+01 1.150000000000000000e+02 5.100000000000000000e+01 0.000000000000000000e+00 1.600000000000000089e+00 -1.456000000000000046e-03 1.851300000000000168e-02 9.998280000000000500e-01 8.441830000000000167e-01 -5.359390000000000542e-01 1.115299999999999972e-02 5.360530000000000017e-01 8.440539999999999710e-01 -1.484800000000000009e-02
3.000000000000000000e+01 1.150000000000000000e+02 5.100000000000000000e+01 0.000000000000000000e+00 1.600000000000000089e+00 -6.944999999999999785e-03 -2.816499999999999906e-02 9.995789999999999953e-01 8.429459999999999731e-01 -5.379169999999999785e-01 -9.299999999999999239e-03 5.379530000000000145e-01 8.425270000000000259e-01 2.747700000000000142e-02
3.000000000000000000e+00 7.000000000000000000e+00 5.200000000000000000e+01 0.000000000000000000e+00 1.600000000000000089e+00 -1.000000000000000082e-05 -7.012000000000000004e-03 -9.999749999999999472e-01 1.002770000000000050e-01 -9.949350000000000138e-01 6.975000000000000297e-03 -9.949599999999999556e-01 -1.002740000000000020e-01 7.129999999999999836e-04
2.300000000000000000e+01 7.000000000000000000e+00 5.200000000000000000e+01 0.000000000000000000e+00 1.600000000000000089e+00 9.060000000000000128e-04 -7.535000000000000031e-03 -9.999710000000000543e-01 1.109340000000000048e-01 -9.937989999999999879e-01 7.589000000000000259e-03 -9.938270000000000159e-01 -1.109379999999999949e-01 -6.499999999999999431e-05
1.700000000000000000e+01 5.000000000000000000e+01 5.200000000000000000e+01 0.000000000000000000e+00 1.600000000000000089e+00 4.348690000000000055e-01 8.924100000000000088e-02 8.960609999999999964e-01 -8.012909999999999755e-01 -4.156880000000000019e-01 4.302759999999999918e-01 4.108800000000000230e-01 -9.051190000000000069e-01 -1.092619999999999980e-01
1.900000000000000000e+01 5.100000000000000000e+01 5.200000000000000000e+01 0.000000000000000000e+00 1.600000000000000089e+00 4.304749999999999965e-01 6.294000000000000115e-03 9.025800000000000489e-01 -7.981439999999999646e-01 -4.643100000000000005e-01 3.839029999999999943e-01 4.214939999999999798e-01 -8.856500000000000483e-01 -1.948499999999999954e-01
1.400000000000000000e+01 2.500000000000000000e+01 5.500000000000000000e+01 0.000000000000000000e+00 1.600000000000000089e+00 -2.099000000000000171e-03 -2.790000000000000054e-04 -9.999980000000000535e-01 -1.369300000000000031e-02 -9.999059999999999615e-01 3.069999999999999812e-04 -9.999040000000000150e-01 1.369300000000000031e-02 2.095000000000000074e-03
2.000000000000000000e+01 2.500000000000000000e+01 5.500000000000000000e+01 0.000000000000000000e+00 1.600000000000000089e+00 -6.070000000000000092e-04 4.620000000000000083e-04 -1.000000000000000000e+00 -1.043200000000000030e-02 -9.999449999999999728e-01 -4.550000000000000008e-04 -9.999449999999999728e-01 1.043099999999999930e-02 6.109999999999999980e-04
2.600000000000000000e+01 2.500000000000000000e+01 5.500000000000000000e+01 0.000000000000000000e+00 1.600000000000000089e+00 -8.270000000000000441e-04 -3.350000000000000113e-04 -1.000000000000000000e+00 -1.048999999999999932e-02 -9.999449999999999728e-01 3.429999999999999889e-04 -9.999449999999999728e-01 1.048999999999999932e-02 8.239999999999999712e-04
1.600000000000000000e+01 6.000000000000000000e+01 5.500000000000000000e+01 0.000000000000000000e+00 1.600000000000000089e+00 -4.557699999999999946e-02 -9.222500000000000142e-02 9.946949999999999958e-01 -3.076800000000000021e-02 9.953870000000000218e-01 9.087900000000000145e-02 -9.984870000000000134e-01 -2.646300000000000041e-02 -4.820399999999999685e-02
2.000000000000000000e+01 6.000000000000000000e+01 5.500000000000000000e+01 0.000000000000000000e+00 1.600000000000000089e+00 -2.038799999999999987e-02 -1.038170000000000065e-01 9.943870000000000209e-01 8.119800000000000628e-02 9.911370000000000458e-01 1.051419999999999993e-01 -9.964889999999999581e-01 8.288600000000000134e-02 -1.177699999999999927e-02
1.600000000000000000e+01 5.100000000000000000e+01 5.600000000000000000e+01 0.000000000000000000e+00 1.600000000000000089e+00 4.191079999999999806e-01 -1.610260000000000025e-01 8.935429999999999762e-01 -8.833710000000000173e-01 -2.997000000000000219e-01 3.603279999999999816e-01 2.097729999999999873e-01 -9.403460000000000152e-01 -2.678530000000000078e-01
2.000000000000000000e+00 6.800000000000000000e+01 5.700000000000000000e+01 0.000000000000000000e+00 1.600000000000000089e+00 -7.357999999999999957e-03 1.268700000000000036e-02 -9.998920000000000030e-01 -2.343069999999999875e-01 -9.721049999999999969e-01 -1.060999999999999964e-02 -9.721349999999999714e-01 2.342029999999999945e-01 1.012599999999999958e-02
2.300000000000000000e+01 6.800000000000000000e+01 5.700000000000000000e+01 0.000000000000000000e+00 1.600000000000000089e+00 -1.525000000000000097e-03 -4.364999999999999956e-03 -9.999890000000000168e-01 -2.497489999999999988e-01 -9.683000000000000496e-01 4.606999999999999984e-03 -9.683089999999999753e-01 2.497530000000000028e-01 3.860000000000000041e-04
2.900000000000000000e+01 5.800000000000000000e+01 5.900000000000000000e+01 0.000000000000000000e+00 1.600000000000000089e+00 -8.314199999999999369e-02 -1.360030000000000128e-01 -9.872140000000000359e-01 1.779390000000000138e-01 9.726970000000000338e-01 -1.489890000000000103e-01 9.805230000000000334e-01 -1.880509999999999959e-01 -5.667200000000000015e-02
4.000000000000000000e+00 2.100000000000000000e+01 6.000000000000000000e+01 0.000000000000000000e+00 1.600000000000000089e+00 -7.540000000000000044e-04 9.383000000000000715e-03 9.999559999999999560e-01 -9.575100000000000278e-02 9.953610000000000513e-01 -9.412000000000000227e-03 -9.954049999999999843e-01 -9.575400000000000578e-02 1.479999999999999925e-04
9.000000000000000000e+00 2.100000000000000000e+01 6.000000000000000000e+01 0.000000000000000000e+00 1.600000000000000089e+00 -5.180000000000000143e-04 -1.027499999999999941e-02 9.999470000000000303e-01 -9.779100000000000292e-02 9.951550000000000118e-01 1.017500000000000002e-02 -9.952069999999999528e-01 -9.778000000000000580e-02 -1.520000000000000084e-03
1.700000000000000000e+01 2.100000000000000000e+01 6.000000000000000000e+01 0.000000000000000000e+00 1.600000000000000089e+00 -5.959999999999999586e-04 4.621000000000000107e-03 9.999890000000000168e-01 -9.721200000000000674e-02 9.952530000000000543e-01 -4.656999999999999681e-03 -9.952630000000000088e-01 -9.721399999999999486e-02 -1.440000000000000036e-04
2.200000000000000000e+01 2.100000000000000000e+01 6.000000000000000000e+01 0.000000000000000000e+00 1.600000000000000089e+00 -8.670000000000000406e-04 1.747000000000000072e-03 9.999980000000000535e-01 -9.583800000000000652e-02 9.953950000000000298e-01 -1.822000000000000052e-03 -9.953969999999999763e-01 -9.583899999999999364e-02 -6.960000000000000041e-04
2.800000000000000000e+01 2.100000000000000000e+01 6.000000000000000000e+01 0.000000000000000000e+00 1.600000000000000089e+00 5.509999999999999490e-04 -2.400000000000000061e-04 1.000000000000000000e+00 -9.387099999999999611e-02 9.955840000000000245e-01 2.900000000000000017e-04 -9.955840000000000245e-01 -9.387099999999999611e-02 5.259999999999999919e-04
2.700000000000000000e+01 6.000000000000000000e+00 6.100000000000000000e+01 0.000000000000000000e+00 1.600000000000000089e+00 -5.723999999999999921e-03 -1.149099999999999948e-02 9.999179999999999735e-01 5.702530000000000099e-01 -8.214460000000000095e-01 -6.174999999999999933e-03 8.214489999999999847e-01 5.701709999999999834e-01 1.125400000000000011e-02
1.800000000000000000e+01 3.000000000000000000e+00 6.300000000000000000e+01 0.000000000000000000e+00 1.600000000000000089e+00 4.300000000000000165e-05 -2.309999999999999987e-03 9.999970000000000248e-01 -6.172180000000000444e-01 7.867899999999999894e-01 1.843999999999999936e-03 -7.867920000000000469e-01 -6.172159999999999869e-01 -1.392999999999999924e-03
6.000000000000000000e+00 2.700000000000000000e+01 6.300000000000000000e+01 0.000000000000000000e+00 1.600000000000000089e+00 -4.429999999999999802e-04 -9.730000000000000151e-04 9.999989999999999712e-01 -2.709460000000000202e-01 9.625939999999999497e-01 8.170000000000000179e-04 -9.625939999999999497e-01 -2.709460000000000202e-01 -6.909999999999999910e-04
1.200000000000000000e+01 2.700000000000000000e+01 6.300000000000000000e+01 0.000000000000000000e+00 1.600000000000000089e+00 7.240000000000000342e-04 -2.442999999999999859e-03 9.999970000000000248e-01 -2.656930000000000125e-01 9.640539999999999665e-01 2.547999999999999918e-03 -9.640570000000000528e-01 -2.656939999999999857e-01 4.899999999999999842e-05
1.700000000000000000e+01 2.700000000000000000e+01 6.300000000000000000e+01 0.000000000000000000e+00 1.600000000000000089e+00 3.879999999999999985e-04 7.550000000000000287e-03 9.999710000000000543e-01 -2.677919999999999745e-01 9.634500000000000286e-01 -7.170000000000000158e-03 -9.634770000000000278e-01 -2.677820000000000200e-01 2.396000000000000126e-03
2.300000000000000000e+01 2.700000000000000000e+01 6.300000000000000000e+01 0.000000000000000000e+00 1.600000000000000089e+00 -5.039999999999999992e-04 3.284000000000000027e-03 9.999940000000000495e-01 -2.695719999999999783e-01 9.629750000000000254e-01 -3.298000000000000150e-03 -9.629799999999999471e-01 -2.695719999999999783e-01 4.000000000000000192e-04
2.700000000000000000e+01 2.700000000000000000e+01 6.300000000000000000e+01 0.000000000000000000e+00 1.600000000000000089e+00 2.429999999999999977e-04 2.083000000000000216e-03 9.999980000000000535e-01 -2.675409999999999733e-01 9.635449999999999848e-01 -1.941999999999999933e-03 -9.635470000000000423e-01 -2.675400000000000000e-01 7.910000000000000364e-04
9.000000000000000000e+00 2.600000000000000000e+01 6.400000000000000000e+01 0.000000000000000000e+00 1.600000000000000089e+00 -4.629999999999999784e-04 -4.427000000000000379e-03 9.999900000000000455e-01 -3.462480000000000002e-01 9.381340000000000234e-01 3.993000000000000022e-03 -9.381429999999999492e-01 -3.462430000000000230e-01 -1.966999999999999998e-03
1.500000000000000000e+01 2.600000000000000000e+01 6.400000000000000000e+01 0.000000000000000000e+00 1.600000000000000089e+00 5.349999999999999938e-04 4.342000000000000373e-03 9.999900000000000455e-01 -3.464900000000000202e-01 9.380460000000000464e-01 -3.886999999999999830e-03 -9.380530000000000257e-01 -3.464849999999999874e-01 2.005999999999999971e-03
1.900000000000000000e+01 2.600000000000000000e+01 6.400000000000000000e+01 0.000000000000000000e+00 1.600000000000000089e+00 -1.520000000000000084e-04 6.866999999999999840e-03 9.999759999999999760e-01 -3.517060000000000186e-01 9.360880000000000312e-01 -6.481999999999999915e-03 -9.361110000000000264e-01 -3.516980000000000106e-01 2.272999999999999847e-03
2.300000000000000000e+01 2.600000000000000000e+01 6.400000000000000000e+01 0.000000000000000000e+00 1.600000000000000089e+00 -1.297999999999999892e-03 3.704999999999999960e-03 9.999919999999999920e-01 -3.517549999999999844e-01 9.360840000000000272e-01 -3.924999999999999670e-03 -9.360910000000000064e-01 -3.517569999999999864e-01 8.799999999999999771e-05
2.700000000000000000e+01 2.600000000000000000e+01 6.400000000000000000e+01 0.000000000000000000e+00 1.600000000000000089e+00 -4.470000000000000232e-04 2.165999999999999957e-03 9.999980000000000535e-01 -3.463010000000000255e-01 9.381209999999999827e-01 -2.187000000000000142e-03 -9.381230000000000402e-01 -3.463010000000000255e-01 3.310000000000000225e-04
9.000000000000000000e+00 5.400000000000000000e+01 6.400000000000000000e+01 0.000000000000000000e+00 1.600000000000000089e+00 3.939570000000000016e-01 -7.671100000000000141e-02 -9.159220000000000139e-01 -7.829469999999999485e-01 4.939729999999999954e-01 -3.781329999999999969e-01 4.814479999999999871e-01 8.660870000000000513e-01 1.345439999999999969e-01
1.400000000000000000e+01 5.000000000000000000e+01 6.500000000000000000e+01 0.000000000000000000e+00 1.600000000000000089e+00 -1.770670000000000022e-01 -2.647260000000000169e-01 -9.479279999999999928e-01 3.031909999999999883e-01 9.016349999999999643e-01 -3.084319999999999840e-01 9.363350000000000284e-01 -3.420159999999999867e-01 -7.938699999999999923e-02
7.000000000000000000e+00 5.300000000000000000e+01 6.500000000000000000e+01 0.000000000000000000e+00 1.600000000000000089e+00 4.623590000000000200e-01 -1.085450000000000026e-01 -8.800240000000000284e-01 -7.665100000000000247e-01 4.499929999999999763e-01 -4.582229999999999914e-01 4.457420000000000271e-01 8.864109999999999490e-01 1.248579999999999968e-01
2.700000000000000000e+01 6.900000000000000000e+01 6.600000000000000000e+01 0.000000000000000000e+00 1.600000000000000089e+00 6.107999999999999714e-03 -1.525000000000000097e-03 9.999799999999999800e-01 -9.495740000000000292e-01 3.134799999999999809e-01 6.277999999999999726e-03 -3.134839999999999849e-01 -9.495930000000000204e-01 4.659999999999999971e-04
6.000000000000000000e+00 2.500000000000000000e+01 7.300000000000000000e+01 0.000000000000000000e+00 1.600000000000000089e+00 -9.539999999999999869e-04 -1.410600000000000048e-02 9.999000000000000110e-01 7.450400000000000356e-01 -6.669629999999999725e-01 -8.697999999999999135e-03 6.670190000000000285e-01 7.449569999999999803e-01 1.114599999999999966e-02
2.300000000000000000e+01 2.500000000000000000e+01 7.300000000000000000e+01 0.000000000000000000e+00 1.600000000000000089e+00 3.504000000000000170e-03 3.468000000000000162e-03 9.999879999999999880e-01 7.418479999999999519e-01 -6.705680000000000529e-01 -2.739999999999999923e-04 6.705590000000000162e-01 7.418400000000000549e-01 -4.922000000000000160e-03
2.700000000000000000e+01 2.500000000000000000e+01 7.300000000000000000e+01 0.000000000000000000e+00 1.600000000000000089e+00 -2.556999999999999811e-03 -5.918999999999999782e-03 9.999789999999999512e-01 7.401550000000000074e-01 -6.724329999999999474e-01 -2.086999999999999880e-03 6.724310000000000009e-01 7.401339999999999586e-01 6.100000000000000387e-03
