2.300000000000000000e+01 2.500000000000000000e+01 1.000000000000000000e+00 0.000000000000000000e+00 1.600000000000000089e+00 3.585000000000000079e-03 3.357999999999999874e-03 -9.999879999999999880e-01 -5.434870000000000534e-01 -8.394040000000000390e-01 -4.767000000000000404e-03 -8.394099999999999895e-01 5.434980000000000366e-01 -1.185000000000000072e-03
3.000000000000000000e+00 1.500000000000000000e+01 4.000000000000000000e+00 0.000000000000000000e+00 1.600000000000000089e+00 5.000000000000000409e-06 1.584299999999999944e-02 9.998740000000000405e-01 2.938959999999999906e-01 -9.557170000000000387e-01 1.514199999999999921e-02 9.558370000000000477e-01 2.938589999999999813e-01 -4.661000000000000212e-03
6.000000000000000000e+00 1.500000000000000000e+01 4.000000000000000000e+00 0.000000000000000000e+00 1.600000000000000089e+00 -1.618999999999999996e-03 1.388900000000000030e-02 9.999019999999999575e-01 2.944789999999999908e-01 -9.555590000000000472e-01 1.374900000000000080e-02 9.556569999999999787e-01 2.944720000000000115e-01 -2.543000000000000121e-03
1.900000000000000000e+01 1.500000000000000000e+01 4.000000000000000000e+00 0.000000000000000000e+00 1.600000000000000089e+00 -8.689999999999999808e-04 3.599000000000000202e-03 9.999930000000000208e-01 2.862569999999999837e-01 -9.581460000000000532e-01 3.697000000000000199e-03 9.581530000000000324e-01 2.862580000000000124e-01 -1.969999999999999909e-04
1.600000000000000000e+01 1.600000000000000000e+01 4.000000000000000000e+00 0.000000000000000000e+00 1.600000000000000089e+00 -5.045000000000000005e-03 -7.870000000000000476e-04 9.999869999999999592e-01 3.550949999999999940e-01 -9.348300000000000498e-01 1.056000000000000081e-03 9.348170000000000091e-01 3.550960000000000227e-01 4.995000000000000308e-03
2.100000000000000000e+01 1.600000000000000000e+01 4.000000000000000000e+00 0.000000000000000000e+00 1.600000000000000089e+00 -4.840000000000000010e-04 5.616000000000000332e-03 9.999839999999999840e-01 3.520690000000000208e-01 -9.359589999999999854e-01 5.427000000000000400e-03 9.359739999999999727e-01 3.520659999999999901e-01 -1.523999999999999964e-03
2.500000000000000000e+01 1.600000000000000000e+01 4.000000000000000000e+00 0.000000000000000000e+00 1.600000000000000089e+00 -8.030000000000000028e-04 4.663999999999999743e-03 9.999890000000000168e-01 3.541380000000000083e-01 -9.351810000000000400e-01 4.645999999999999956e-03 9.351930000000000520e-01 3.541380000000000083e-01 -8.999999999999999754e-04
4.000000000000000000e+00 1.010000000000000000e+02 7.000000000000000000e+00 0.000000000000000000e+00 1.600000000000000089e+00 1.763000000000000027e-03 3.370999999999999865e-03 9.999930000000000208e-01 8.827270000000000394e-01 4.698749999999999871e-01 -3.139999999999999996e-03 -4.698829999999999951e-01 8.827260000000000106e-01 -2.147000000000000037e-03
1.000000000000000000e+01 1.010000000000000000e+02 7.000000000000000000e+00 0.000000000000000000e+00 1.600000000000000089e+00 -1.312000000000000015e-03 -1.765000000000000076e-03 9.999980000000000535e-01 8.834910000000000263e-01 4.684440000000000270e-01 1.985999999999999918e-03 -4.684470000000000023e-01 8.834910000000000263e-01 9.449999999999999850e-04
1.700000000000000000e+01 1.010000000000000000e+02 7.000000000000000000e+00 0.000000000000000000e+00 1.600000000000000089e+00 7.590000000000000175e-04 -8.040999999999999537e-03 9.999670000000000503e-01 8.874410000000000354e-01 4.609110000000000151e-01 3.033000000000000106e-03 -4.609199999999999964e-01 8.874100000000000321e-01 7.485000000000000334e-03
2.200000000000000000e+01 1.010000000000000000e+02 7.000000000000000000e+00 0.000000000000000000e+00 1.600000000000000089e+00 -8.059999999999999673e-04 7.230000000000000315e-03 9.999740000000000295e-01 8.881470000000000198e-01 4.595520000000000160e-01 -2.605999999999999810e-03 -4.595580000000000220e-01 8.881219999999999670e-01 -6.792000000000000294e-03
2.700000000000000000e+01 1.010000000000000000e+02 7.000000000000000000e+00 0.000000000000000000e+00 1.600000000000000089e+00 -2.247999999999999998e-03 -6.143000000000000023e-03 9.999789999999999512e-01 8.887570000000000192e-01 4.583539999999999837e-01 4.813999999999999703e-03 -4.583740000000000037e-01 8.887490000000000112e-01 4.429999999999999910e-03
4.000000000000000000e+00 1.500000000000000000e+01 8.000000000000000000e+00 0.000000000000000000e+00 1.600000000000000089e+00 4.710999999999999910e-03 1.344399999999999935e-02 -9.998979999999999535e-01 -5.903289999999999926e-01 -8.070479999999999876e-01 -1.363200000000000002e-02 -8.071490000000000054e-01 5.903329999999999966e-01 4.133999999999999654e-03
7.000000000000000000e+00 1.500000000000000000e+01 8.000000000000000000e+00 0.000000000000000000e+00 1.600000000000000089e+00 4.114999999999999734e-03 9.443000000000000005e-03 -9.999470000000000303e-01 -5.885369999999999768e-01 -8.084080000000000155e-01 -1.005600000000000070e-02 -8.084599999999999564e-01 5.885470000000000423e-01 2.230999999999999910e-03
1.300000000000000000e+01 1.500000000000000000e+01 8.000000000000000000e+00 0.000000000000000000e+00 1.600000000000000089e+00 2.912999999999999791e-03 -2.882000000000000013e-03 -9.999919999999999920e-01 -5.875240000000000462e-01 -8.092059999999999809e-01 6.210000000000000242e-04 -8.092009999999999481e-01 5.875169999999999559e-01 -4.050999999999999913e-03
1.900000000000000000e+01 1.500000000000000000e+01 8.000000000000000000e+00 0.000000000000000000e+00 1.600000000000000089e+00 2.583999999999999925e-03 7.147999999999999840e-03 -9.999710000000000543e-01 -5.839480000000000226e-01 -8.117579999999999796e-01 -7.311999999999999923e-03 -8.117870000000000363e-01 5.839499999999999691e-01 2.076999999999999853e-03
2.600000000000000000e+01 1.500000000000000000e+01 8.000000000000000000e+00 0.000000000000000000e+00 1.600000000000000089e+00 2.072000000000000057e-03 3.921000000000000006e-03 -9.999900000000000455e-01 -5.840940000000000021e-01 -8.116740000000000066e-01 -4.393000000000000203e-03 -8.116830000000000434e-01 5.840980000000000061e-01 6.080000000000000335e-04
2.900000000000000000e+01 1.500000000000000000e+01 8.000000000000000000e+00 0.000000000000000000e+00 1.600000000000000089e+00 -6.269999999999999532e-04 6.597000000000000433e-03 -9.999780000000000335e-01 -5.843249999999999833e-01 -8.115040000000000031e-01 -4.987000000000000113e-03 -8.115200000000000191e-01 5.843089999999999673e-01 4.362999999999999691e-03
2.000000000000000000e+01 2.600000000000000000e+01 8.000000000000000000e+00 0.000000000000000000e+00 1.600000000000000089e+00 -3.833000000000000036e-03 -1.408099999999999977e-02 -9.998930000000000318e-01 4.076159999999999783e-01 9.130399999999999627e-01 -1.442000000000000053e-02 9.131460000000000132e-01 -4.076279999999999903e-01 2.239999999999999804e-03
2.400000000000000000e+01 2.600000000000000000e+01 8.000000000000000000e+00 0.000000000000000000e+00 1.600000000000000089e+00 -2.151999999999999833e-03 -7.078000000000000090e-03 -9.999730000000000008e-01 4.087580000000000102e-01 9.126130000000000075e-01 -7.339000000000000037e-03 9.126400000000000068e-01 -4.087629999999999875e-01 9.290000000000000297e-04
3.000000000000000000e+01 2.600000000000000000e+01 8.000000000000000000e+00 0.000000000000000000e+00 1.600000000000000089e+00 1.640000000000000019e-04 1.222999999999999912e-03 -9.999989999999999712e-01 4.091810000000000169e-01 9.124529999999999585e-01 1.183000000000000024e-03 9.124529999999999585e-01 -4.091799999999999882e-01 -3.499999999999999964e-04
1.100000000000000000e+01 2.400000000000000000e+01 9.000000000000000000e+00 0.000000000000000000e+00 1.600000000000000089e+00 -1.641000000000000097e-03 1.090000000000000040e-03 -9.999980000000000535e-01 4.597550000000000248e-01 8.880460000000000020e-01 2.130000000000000003e-04 8.880439999999999445e-01 -4.597530000000000228e-01 -1.958000000000000105e-03
1.400000000000000000e+01 2.400000000000000000e+01 9.000000000000000000e+00 0.000000000000000000e+00 1.600000000000000089e+00 -2.217999999999999920e-03 -3.129999999999999970e-03 -9.999930000000000208e-01 4.594840000000000035e-01 8.881780000000000230e-01 -3.799999999999999992e-03 8.881829999999999448e-01 -4.594889999999999808e-01 -5.310000000000000050e-04
1.900000000000000000e+01 2.400000000000000000e+01 9.000000000000000000e+00 0.000000000000000000e+00 1.600000000000000089e+00 -4.176000000000000024e-03 -1.633000000000000076e-02 -9.998580000000000245e-01 4.590239999999999876e-01 8.882719999999999505e-01 -1.642400000000000110e-02 8.884140000000000370e-01 -4.590270000000000183e-01 3.787000000000000002e-03
2.600000000000000000e+01 2.400000000000000000e+01 9.000000000000000000e+00 0.000000000000000000e+00 1.600000000000000089e+00 -1.882999999999999908e-03 -3.957999999999999713e-03 -9.999900000000000455e-01 4.617609999999999770e-01 8.869939999999999491e-01 -4.380000000000000213e-03 8.870019999999999571e-01 -4.617649999999999810e-01 1.569999999999999944e-04
2.700000000000000000e+01 4.000000000000000000e+00 1.100000000000000000e+01 0.000000000000000000e+00 1.600000000000000089e+00 -1.548199999999999923e-02 -1.507519999999999971e-01 -9.884500000000000508e-01 1.717019999999999935e-01 9.734829999999999872e-01 -1.511589999999999878e-01 9.850269999999999859e-01 -1.720589999999999897e-01 1.081299999999999970e-02
2.300000000000000000e+01 3.100000000000000000e+01 1.200000000000000000e+01 0.000000000000000000e+00 1.600000000000000089e+00 -8.310000000000000329e-04 -1.853999999999999962e-03 9.999980000000000535e-01 -2.348700000000000093e-02 9.997219999999999995e-01 1.833999999999999910e-03 -9.997239999999999460e-01 -2.348499999999999893e-02 -8.739999999999999939e-04
2.800000000000000000e+01 3.500000000000000000e+01 1.200000000000000000e+01 0.000000000000000000e+00 1.600000000000000089e+00 1.758000000000000014e-03 -4.133000000000000389e-03 -9.999900000000000455e-01 4.683439999999999825e-01 -8.835349999999999593e-01 4.474999999999999811e-03 -8.835450000000000248e-01 -4.683470000000000133e-01 3.820000000000000153e-04
2.700000000000000000e+01 3.000000000000000000e+00 1.300000000000000000e+01 0.000000000000000000e+00 1.600000000000000089e+00 -2.879000000000000049e-03 -1.572350000000000136e-01 9.875570000000000181e-01 -2.523900000000000102e-02 9.872579999999999689e-01 1.571140000000000037e-01 -9.996770000000000378e-01 -2.447300000000000170e-02 -6.810000000000000081e-03
1.600000000000000000e+01 3.200000000000000000e+01 1.400000000000000000e+01 0.000000000000000000e+00 1.600000000000000089e+00 -2.418000000000000010e-03 -4.886999999999999851e-03 -9.999850000000000128e-01 1.121739999999999959e-01 9.936749999999999750e-01 -5.126999999999999613e-03 9.936859999999999582e-01 -1.121840000000000059e-01 -1.855000000000000095e-03
5.000000000000000000e+00 1.200000000000000000e+01 1.500000000000000000e+01 0.000000000000000000e+00 1.600000000000000089e+00 1.758999999999999930e-03 2.118999999999999790e-03 -9.999959999999999960e-01 -4.670070000000000054e-01 -8.842499999999999805e-01 -2.696000000000000046e-03 -8.842520000000000380e-01 4.670099999999999807e-01 -5.659999999999999884e-04
1.300000000000000000e+01 1.200000000000000000e+01 1.500000000000000000e+01 0.000000000000000000e+00 1.600000000000000089e+00 2.950000000000000148e-04 -1.634999999999999952e-03 -9.999989999999999712e-01 -4.688610000000000277e-01 -8.832710000000000283e-01 1.304999999999999953e-03 -8.832719999999999461e-01 4.688599999999999990e-01 -1.026999999999999918e-03
1.700000000000000000e+01 1.200000000000000000e+01 1.500000000000000000e+01 0.000000000000000000e+00 1.600000000000000089e+00 3.559999999999999797e-04 -1.459999999999999981e-04 -1.000000000000000000e+00 -4.679220000000000046e-01 -8.837699999999999445e-01 -3.800000000000000209e-05 -8.837699999999999445e-01 4.679220000000000046e-01 -3.820000000000000153e-04
2.400000000000000000e+01 1.200000000000000000e+01 1.500000000000000000e+01 0.000000000000000000e+00 1.600000000000000089e+00 2.712000000000000001e-03 -9.340000000000000429e-04 -9.999959999999999960e-01 -4.676480000000000081e-01 -8.839150000000000063e-01 -4.420000000000000101e-04 -8.839110000000000023e-01 4.676469999999999794e-01 -2.834999999999999847e-03
2.700000000000000000e+01 1.200000000000000000e+01 1.500000000000000000e+01 0.000000000000000000e+00 1.600000000000000089e+00 2.716999999999999797e-03 -7.669999999999999951e-04 -9.999959999999999960e-01 -4.669740000000000002e-01 -8.842710000000000292e-01 -5.910000000000000539e-04 -8.842670000000000252e-01 4.669740000000000002e-01 -2.760999999999999999e-03
3.000000000000000000e+01 1.200000000000000000e+01 1.500000000000000000e+01 0.000000000000000000e+00 1.600000000000000089e+00 1.657000000000000053e-03 -2.848999999999999970e-03 -9.999949999999999672e-01 -4.677020000000000066e-01 -8.838840000000000030e-01 1.742999999999999975e-03 -8.838840000000000030e-01 4.676969999999999739e-01 -2.797000000000000007e-03
1.300000000000000000e+01 1.100000000000000000e+01 1.600000000000000000e+01 0.000000000000000000e+00 1.600000000000000089e+00 -1.259999999999999998e-04 -3.460000000000000076e-04 -1.000000000000000000e+00 -4.212310000000000221e-01 -9.069530000000000092e-01 3.669999999999999760e-04 -9.069530000000000092e-01 4.212310000000000221e-01 -3.199999999999999855e-05
1.700000000000000000e+01 1.100000000000000000e+01 1.600000000000000000e+01 0.000000000000000000e+00 1.600000000000000089e+00 9.600000000000000243e-05 4.189999999999999931e-04 -1.000000000000000000e+00 -4.202779999999999849e-01 -9.073949999999999516e-01 -4.200000000000000174e-04 -9.073949999999999516e-01 4.202779999999999849e-01 8.899999999999999491e-05
2.000000000000000000e+01 1.100000000000000000e+01 1.600000000000000000e+01 0.000000000000000000e+00 1.600000000000000089e+00 1.642999999999999929e-03 -1.659999999999999963e-04 -9.999989999999999712e-01 -4.194330000000000003e-01 -9.077859999999999818e-01 -5.379999999999999583e-04 -9.077849999999999531e-01 4.194330000000000003e-01 -1.561000000000000104e-03
2.600000000000000000e+01 1.100000000000000000e+01 1.600000000000000000e+01 0.000000000000000000e+00 1.600000000000000089e+00 2.334999999999999836e-03 2.910000000000000260e-04 -9.999970000000000248e-01 -4.195780000000000065e-01 -9.077180000000000248e-01 -1.244000000000000097e-03 -9.077159999999999673e-01 4.195800000000000085e-01 -1.997000000000000077e-03
5.000000000000000000e+00 1.160000000000000000e+02 1.600000000000000000e+01 0.000000000000000000e+00 1.600000000000000089e+00 4.079999999999999968e-04 -1.069999999999999988e-04 1.000000000000000000e+00 7.124660000000000437e-01 7.017060000000000519e-01 -2.159999999999999919e-04 -7.017060000000000519e-01 7.124660000000000437e-01 3.620000000000000171e-04
1.000000000000000000e+01 1.160000000000000000e+02 1.600000000000000000e+01 0.000000000000000000e+00 1.600000000000000089e+00 1.770000000000000089e-03 6.710000000000000469e-04 9.999980000000000535e-01 7.036299999999999777e-01 7.105650000000000022e-01 -1.722999999999999922e-03 -7.105650000000000022e-01 7.036310000000000064e-01 7.860000000000000233e-04
1.400000000000000000e+01 1.160000000000000000e+02 1.600000000000000000e+01 0.000000000000000000e+00 1.600000000000000089e+00 -1.716000000000000077e-03 -1.877999999999999895e-03 9.999970000000000248e-01 6.967820000000000125e-01 7.172789999999999999e-01 2.543000000000000121e-03 -7.172809999999999464e-01 6.967839999999999590e-01 7.700000000000000139e-05
2.300000000000000000e+01 1.160000000000000000e+02 1.600000000000000000e+01 0.000000000000000000e+00 1.600000000000000089e+00 9.770000000000000039e-04 1.529999999999999893e-03 9.999980000000000535e-01 7.343570000000000375e-01 6.787609999999999477e-01 -1.755999999999999965e-03 -6.787630000000000052e-01 7.343570000000000375e-01 -4.600000000000000139e-04
8.000000000000000000e+00 2.000000000000000000e+00 1.900000000000000000e+01 0.000000000000000000e+00 1.600000000000000089e+00 6.920000000000000153e-04 -4.970999999999999724e-03 -9.999869999999999592e-01 1.841180000000000039e-01 -9.828909999999999592e-01 5.013000000000000095e-03 -9.829039999999999999e-01 -1.841200000000000059e-01 2.359999999999999902e-04
1.200000000000000000e+01 2.000000000000000000e+00 1.900000000000000000e+01 0.000000000000000000e+00 1.600000000000000089e+00 -1.815999999999999906e-03 4.291999999999999808e-03 -9.999890000000000168e-01 1.798790000000000111e-01 -9.836780000000000523e-01 -4.547999999999999959e-03 -9.836869999999999781e-01 -1.798849999999999894e-01 1.013999999999999927e-03
1.600000000000000000e+01 2.000000000000000000e+00 1.900000000000000000e+01 0.000000000000000000e+00 1.600000000000000089e+00 -2.906000000000000163e-03 4.337999999999999842e-03 -9.999860000000000415e-01 1.735540000000000138e-01 -9.848130000000000495e-01 -4.776999999999999996e-03 -9.848200000000000287e-01 -1.735659999999999981e-01 2.109000000000000197e-03
2.200000000000000000e+01 2.000000000000000000e+00 1.900000000000000000e+01 0.000000000000000000e+00 1.600000000000000089e+00 -1.958999999999999804e-03 9.185000000000000456e-03 -9.999559999999999560e-01 1.750960000000000016e-01 -9.845070000000000210e-01 -9.386000000000000246e-03 -9.845490000000000075e-01 -1.751070000000000126e-01 3.200000000000000262e-04
2.700000000000000000e+01 2.000000000000000000e+00 1.900000000000000000e+01 0.000000000000000000e+00 1.600000000000000089e+00 -6.931999999999999794e-03 2.114900000000000113e-02 -9.997519999999999740e-01 1.834439999999999960e-01 -9.827829999999999622e-01 -2.206199999999999828e-02 -9.830060000000000464e-01 -1.835509999999999919e-01 2.933999999999999976e-03
1.100000000000000000e+01 4.000000000000000000e+00 2.000000000000000000e+01 0.000000000000000000e+00 1.600000000000000089e+00 -1.505000000000000044e-03 -2.759999999999999867e-04 -9.999989999999999712e-01 2.731669999999999932e-01 -9.619670000000000165e-01 -1.459999999999999981e-04 -9.619649999999999590e-01 -2.731669999999999932e-01 1.523000000000000048e-03
1.500000000000000000e+01 4.000000000000000000e+00 2.000000000000000000e+01 0.000000000000000000e+00 1.600000000000000089e+00 -2.952999999999999896e-03 4.645999999999999956e-03 -9.999850000000000128e-01 2.615410000000000235e-01 -9.651779999999999804e-01 -5.256000000000000255e-03 -9.651880000000000459e-01 -2.615520000000000067e-01 1.634999999999999952e-03
1.900000000000000000e+01 4.000000000000000000e+00 2.000000000000000000e+01 0.000000000000000000e+00 1.600000000000000089e+00 5.349999999999999938e-04 1.669999999999999935e-04 -1.000000000000000000e+00 2.533929999999999794e-01 -9.673629999999999729e-01 -2.599999999999999840e-05 -9.673629999999999729e-01 -2.533929999999999794e-01 -5.599999999999999509e-04
5.000000000000000000e+00 1.300000000000000000e+01 2.000000000000000000e+01 0.000000000000000000e+00 1.600000000000000089e+00 7.780000000000000457e-04 7.169999999999999724e-04 9.999989999999999712e-01 2.569830000000000170e-01 9.664150000000000240e-01 -8.930000000000000221e-04 -9.664160000000000528e-01 2.569839999999999902e-01 5.670000000000000127e-04
9.000000000000000000e+00 1.300000000000000000e+01 2.000000000000000000e+01 0.000000000000000000e+00 1.600000000000000089e+00 8.329999999999999731e-04 1.299999999999999886e-04 1.000000000000000000e+00 2.544799999999999840e-01 9.670779999999999932e-01 -3.379999999999999758e-04 -9.670779999999999932e-01 2.544799999999999840e-01 7.720000000000000083e-04
1.200000000000000000e+01 1.300000000000000000e+01 2.000000000000000000e+01 0.000000000000000000e+00 1.600000000000000089e+00 -2.400000000000000061e-05 -1.255000000000000039e-03 9.999989999999999712e-01 2.524609999999999910e-01 9.676059999999999661e-01 1.219999999999999947e-03 -9.676069999999999949e-01 2.524609999999999910e-01 2.930000000000000204e-04
1.600000000000000000e+01 1.300000000000000000e+01 2.000000000000000000e+01 0.000000000000000000e+00 1.600000000000000089e+00 -2.039999999999999984e-04 -1.835999999999999958e-03 9.999980000000000535e-01 2.531120000000000037e-01 9.674350000000000449e-01 1.827999999999999981e-03 -9.674369999999999914e-01 2.531120000000000037e-01 2.680000000000000090e-04
2.000000000000000000e+01 1.300000000000000000e+01 2.000000000000000000e+01 0.000000000000000000e+00 1.600000000000000089e+00 -2.840000000000000185e-04 -3.118999999999999811e-03 9.999949999999999672e-01 2.536849999999999938e-01 9.672819999999999752e-01 3.089000000000000166e-03 -9.672870000000000079e-01 2.536840000000000206e-01 5.159999999999999656e-04
2.600000000000000000e+01 1.300000000000000000e+01 2.000000000000000000e+01 0.000000000000000000e+00 1.600000000000000089e+00 1.299999999999999920e-05 -5.706000000000000134e-03 9.999839999999999840e-01 2.504440000000000000e-01 9.681149999999999478e-01 5.520999999999999866e-03 -9.681309999999999638e-01 2.504399999999999959e-01 1.441999999999999922e-03
1.000000000000000000e+00 1.600000000000000000e+01 2.100000000000000000e+01 0.000000000000000000e+00 1.600000000000000089e+00 -9.520000000000000467e-04 5.338999999999999996e-03 9.999850000000000128e-01 2.973979999999999957e-01 9.547409999999999508e-01 -4.813999999999999703e-03 -9.547529999999999628e-01 2.973890000000000144e-01 -2.497000000000000088e-03
8.000000000000000000e+00 1.600000000000000000e+01 2.100000000000000000e+01 0.000000000000000000e+00 1.600000000000000089e+00 5.410000000000000312e-04 4.495999999999999996e-03 9.999900000000000455e-01 2.987319999999999975e-01 9.543270000000000364e-01 -4.452000000000000228e-03 -9.543369999999999909e-01 2.987319999999999975e-01 -8.270000000000000441e-04
1.700000000000000000e+01 1.600000000000000000e+01 2.100000000000000000e+01 0.000000000000000000e+00 1.600000000000000089e+00 4.229999999999999819e-04 6.629999999999999609e-04 1.000000000000000000e+00 3.003520000000000079e-01 9.538280000000000092e-01 -7.590000000000000175e-04 -9.538280000000000092e-01 3.003529999999999811e-01 2.049999999999999956e-04
2.300000000000000000e+01 1.600000000000000000e+01 2.100000000000000000e+01 0.000000000000000000e+00 1.600000000000000089e+00 -4.829999999999999767e-04 -4.026000000000000065e-03 9.999919999999999920e-01 2.993739999999999735e-01 9.541279999999999761e-01 3.985999999999999960e-03 -9.541359999999999841e-01 2.993730000000000002e-01 7.439999999999999782e-04
2.600000000000000000e+01 1.600000000000000000e+01 2.100000000000000000e+01 0.000000000000000000e+00 1.600000000000000089e+00 -6.130000000000000466e-04 -9.397000000000000838e-03 9.999559999999999560e-01 2.990720000000000045e-01 9.541870000000000074e-01 9.150000000000000147e-03 -9.542300000000000226e-01 2.990639999999999965e-01 2.226000000000000114e-03
8.000000000000000000e+00 3.000000000000000000e+00 2.500000000000000000e+01 0.000000000000000000e+00 1.600000000000000089e+00 -1.900000000000000105e-04 1.466999999999999988e-03 9.999989999999999712e-01 -2.563400000000000054e-02 -9.996699999999999475e-01 1.461000000000000059e-03 9.996709999999999763e-01 -2.563400000000000054e-02 2.280000000000000126e-04
1.100000000000000000e+01 3.000000000000000000e+00 2.500000000000000000e+01 0.000000000000000000e+00 1.600000000000000089e+00 1.711999999999999980e-03 5.998999999999999992e-03 9.999810000000000088e-01 -2.154500000000000165e-02 -9.997500000000000275e-01 6.035000000000000434e-03 9.997660000000000435e-01 -2.155500000000000124e-02 -1.582999999999999989e-03
5.000000000000000000e+00 4.600000000000000000e+01 2.700000000000000000e+01 0.000000000000000000e+00 1.600000000000000089e+00 -5.190000000000000386e-04 1.000000000000000082e-05 -1.000000000000000000e+00 6.642120000000000246e-01 7.475439999999999863e-01 -3.379999999999999758e-04 7.475439999999999863e-01 -6.642120000000000246e-01 -3.939999999999999817e-04
1.000000000000000000e+01 4.600000000000000000e+01 2.700000000000000000e+01 0.000000000000000000e+00 1.600000000000000089e+00 1.804000000000000048e-03 3.020000000000000223e-04 -9.999980000000000535e-01 6.631359999999999477e-01 7.484969999999999679e-01 1.422000000000000087e-03 7.484960000000000502e-01 -6.631380000000000052e-01 1.149999999999999981e-03
1.800000000000000000e+01 4.600000000000000000e+01 2.700000000000000000e+01 0.000000000000000000e+00 1.600000000000000089e+00 -1.413999999999999892e-03 -2.709999999999999735e-04 -9.999989999999999712e-01 6.632890000000000175e-01 7.483619999999999717e-01 -1.141000000000000087e-03 7.483619999999999717e-01 -6.632900000000000462e-01 -8.779999999999999827e-04
2.400000000000000000e+01 4.600000000000000000e+01 2.700000000000000000e+01 0.000000000000000000e+00 1.600000000000000089e+00 1.410000000000000012e-03 -2.149999999999999947e-04 -9.999989999999999712e-01 6.588789999999999925e-01 7.522480000000000278e-01 7.669999999999999951e-04 7.522469999999999990e-01 -6.588800000000000212e-01 1.201999999999999943e-03
2.800000000000000000e+01 4.600000000000000000e+01 2.700000000000000000e+01 0.000000000000000000e+00 1.600000000000000089e+00 -1.850999999999999998e-03 -2.719999999999999979e-04 -9.999980000000000535e-01 6.596450000000000369e-01 7.515760000000000218e-01 -1.425999999999999967e-03 7.515749999999999931e-01 -6.596459999999999546e-01 -1.211999999999999970e-03
4.000000000000000000e+00 5.800000000000000000e+01 3.100000000000000000e+01 0.000000000000000000e+00 1.600000000000000089e+00 8.999999999999999754e-04 -3.924000000000000404e-03 9.999919999999999920e-01 -7.893250000000000544e-01 -6.139729999999999910e-01 -1.698999999999999989e-03 6.139750000000000485e-01 -7.893170000000000464e-01 -3.650000000000000033e-03
1.100000000000000000e+01 5.800000000000000000e+01 3.100000000000000000e+01 0.000000000000000000e+00 1.600000000000000089e+00 6.774999999999999772e-03 1.136999999999999990e-03 9.999759999999999760e-01 -7.841730000000000089e-01 -6.205129999999999812e-01 6.019000000000000045e-03 6.205060000000000020e-01 -7.841949999999999754e-01 -3.311999999999999840e-03
1.900000000000000000e+01 5.800000000000000000e+01 3.100000000000000000e+01 0.000000000000000000e+00 1.600000000000000089e+00 1.554999999999999959e-03 3.354000000000000210e-03 9.999930000000000208e-01 -7.760629999999999473e-01 -6.306469999999999576e-01 3.321999999999999866e-03 6.306540000000000479e-01 -7.760629999999999473e-01 1.621999999999999961e-03
2.400000000000000000e+01 5.800000000000000000e+01 3.100000000000000000e+01 0.000000000000000000e+00 1.600000000000000089e+00 2.750999999999999973e-03 5.143000000000000002e-03 9.999829999999999552e-01 -7.698899999999999633e-01 -6.381529999999999703e-01 5.400000000000000286e-03 6.381700000000000150e-01 -7.698920000000000208e-01 2.203999999999999796e-03
3.000000000000000000e+01 5.800000000000000000e+01 3.100000000000000000e+01 0.000000000000000000e+00 1.600000000000000089e+00 2.103999999999999967e-03 6.320000000000000097e-03 9.999780000000000335e-01 -7.681599999999999540e-01 -6.402330000000000521e-01 5.662999999999999631e-03 6.402550000000000185e-01 -7.681550000000000322e-01 3.507999999999999834e-03
1.100000000000000000e+01 6.000000000000000000e+00 3.200000000000000000e+01 0.000000000000000000e+00 1.600000000000000089e+00 -2.779999999999999811e-04 -5.512999999999999672e-03 -9.999850000000000128e-01 1.547169999999999934e-01 9.879440000000000444e-01 -5.490000000000000088e-03 9.879590000000000316e-01 -1.547159999999999924e-01 5.789999999999999791e-04
5.000000000000000000e+00 4.600000000000000000e+01 3.500000000000000000e+01 0.000000000000000000e+00 1.600000000000000089e+00 -1.820999999999999919e-03 5.244000000000000397e-03 -9.999850000000000128e-01 3.832459999999999756e-01 -9.236299999999999510e-01 -5.540999999999999918e-03 -9.236450000000000493e-01 -3.832499999999999796e-01 -3.280000000000000038e-04
9.000000000000000000e+00 4.600000000000000000e+01 3.500000000000000000e+01 0.000000000000000000e+00 1.600000000000000089e+00 1.240999999999999916e-03 3.800000000000000209e-04 -9.999989999999999712e-01 3.857349999999999945e-01 -9.226100000000000412e-01 1.279999999999999942e-04 -9.226090000000000124e-01 -3.857349999999999945e-01 -1.291000000000000047e-03
1.200000000000000000e+01 4.600000000000000000e+01 3.500000000000000000e+01 0.000000000000000000e+00 1.600000000000000089e+00 -9.089999999999999773e-04 -2.282999999999999873e-03 -9.999970000000000248e-01 3.863929999999999865e-01 -9.223329999999999584e-01 1.755000000000000050e-03 -9.223339999999999872e-01 -3.863900000000000112e-01 1.719999999999999958e-03
1.600000000000000000e+01 4.600000000000000000e+01 3.500000000000000000e+01 0.000000000000000000e+00 1.600000000000000089e+00 -1.534999999999999906e-03 2.990000000000000036e-04 -9.999989999999999712e-01 3.858539999999999748e-01 -9.225590000000000179e-01 -8.679999999999999565e-04 -9.225579999999999892e-01 -3.858550000000000035e-01 1.301000000000000073e-03
2.200000000000000000e+01 4.600000000000000000e+01 3.500000000000000000e+01 0.000000000000000000e+00 1.600000000000000089e+00 4.629999999999999784e-04 -3.899000000000000122e-03 -9.999919999999999920e-01 3.865669999999999940e-01 -9.222540000000000182e-01 3.775000000000000144e-03 -9.222609999999999975e-01 -3.865660000000000207e-01 1.080000000000000014e-03
2.600000000000000000e+01 4.600000000000000000e+01 3.500000000000000000e+01 0.000000000000000000e+00 1.600000000000000089e+00 2.770000000000000110e-04 3.719999999999999891e-04 -1.000000000000000000e+00 3.862530000000000130e-01 -9.223930000000000184e-01 -2.359999999999999902e-04 -9.223930000000000184e-01 -3.862530000000000130e-01 -3.989999999999999949e-04
4.000000000000000000e+00 9.500000000000000000e+01 3.600000000000000000e+01 0.000000000000000000e+00 1.600000000000000089e+00 -1.118999999999999986e-03 -3.573999999999999920e-03 9.999930000000000208e-01 9.959649999999999892e-01 8.973299999999999332e-02 1.435000000000000078e-03 -8.973699999999999732e-02 9.959590000000000387e-01 3.458999999999999835e-03
1.000000000000000000e+01 9.500000000000000000e+01 3.600000000000000000e+01 0.000000000000000000e+00 1.600000000000000089e+00 1.268999999999999946e-03 1.895900000000000016e-02 9.998190000000000133e-01 9.966110000000000246e-01 8.220600000000000129e-02 -2.824000000000000121e-03 -8.224399999999999766e-02 9.964349999999999596e-01 -1.879099999999999868e-02
1.600000000000000000e+01 9.500000000000000000e+01 3.600000000000000000e+01 0.000000000000000000e+00 1.600000000000000089e+00 3.996000000000000420e-03 -5.296000000000000360e-03 9.999780000000000335e-01 9.970630000000000326e-01 7.650700000000000556e-02 -3.579000000000000150e-03 -7.648599999999999843e-02 9.970550000000000246e-01 5.585999999999999820e-03
2.500000000000000000e+01 9.500000000000000000e+01 3.600000000000000000e+01 0.000000000000000000e+00 1.600000000000000089e+00 -2.970000000000000092e-04 8.739999999999999505e-03 9.999620000000000175e-01 9.965929999999999511e-01 8.247599999999999376e-02 -4.240000000000000062e-04 -8.247599999999999376e-02 9.965549999999999686e-01 -8.734000000000000444e-03
2.800000000000000000e+01 9.500000000000000000e+01 3.600000000000000000e+01 0.000000000000000000e+00 1.600000000000000089e+00 1.600000000000000131e-04 1.482799999999999917e-02 9.998899999999999455e-01 9.969940000000000468e-01 7.747199999999999920e-02 -1.309000000000000051e-03 -7.748299999999999632e-02 9.968839999999999923e-01 -1.477099999999999941e-02
8.000000000000000000e+00 3.000000000000000000e+00 4.300000000000000000e+01 0.000000000000000000e+00 1.600000000000000089e+00 2.979999999999999793e-04 2.284100000000000019e-02 -9.997390000000000443e-01 7.424760000000000248e-01 -6.697030000000000483e-01 -1.507999999999999965e-02 -6.698730000000000517e-01 -7.422779999999999934e-01 -1.715900000000000064e-02
1.600000000000000000e+01 3.000000000000000000e+00 4.300000000000000000e+01 0.000000000000000000e+00 1.600000000000000089e+00 8.100000000000000375e-05 1.417700000000000037e-02 -9.999000000000000110e-01 7.397049999999999459e-01 -6.728650000000000464e-01 -9.480000000000000579e-03 -6.729319999999999746e-01 -7.396300000000000097e-01 -1.054199999999999929e-02
5.000000000000000000e+00 8.000000000000000000e+00 4.400000000000000000e+01 0.000000000000000000e+00 1.600000000000000089e+00 3.322999999999999999e-03 5.599999999999999943e-03 9.999789999999999512e-01 -7.687939999999999774e-01 -6.394670000000000076e-01 6.135999999999999961e-03 6.394879999999999454e-01 -7.687979999999999814e-01 2.180000000000000080e-03
1.300000000000000000e+01 8.000000000000000000e+00 4.400000000000000000e+01 0.000000000000000000e+00 1.600000000000000089e+00 4.275000000000000154e-03 1.484700000000000082e-02 9.998810000000000198e-01 -7.747939999999999827e-01 -6.320869999999999544e-01 1.269799999999999922e-02 6.321999999999999842e-01 -7.747549999999999715e-01 8.800999999999999795e-03
2.000000000000000000e+01 8.000000000000000000e+00 4.400000000000000000e+01 0.000000000000000000e+00 1.600000000000000089e+00 3.510000000000000208e-04 5.654000000000000171e-03 9.999839999999999840e-01 -7.793379999999999752e-01 -6.265920000000000378e-01 3.815999999999999948e-03 6.266040000000000498e-01 -7.793269999999999920e-01 4.185999999999999617e-03
2.700000000000000000e+01 8.000000000000000000e+00 4.400000000000000000e+01 0.000000000000000000e+00 1.600000000000000089e+00 3.730000000000000134e-04 -2.439999999999999895e-03 9.999970000000000248e-01 -7.802499999999999991e-01 -6.254669999999999952e-01 -1.234999999999999987e-03 6.254680000000000240e-01 -7.802470000000000239e-01 -2.137000000000000011e-03
3.000000000000000000e+00 2.900000000000000000e+01 4.400000000000000000e+01 0.000000000000000000e+00 1.600000000000000089e+00 2.782999999999999884e-03 -5.231000000000000406e-03 -9.999820000000000375e-01 6.698499999999999455e-01 7.424939999999999873e-01 -2.020000000000000094e-03 7.424920000000000408e-01 -6.698319999999999830e-01 5.570000000000000298e-03
7.000000000000000000e+00 2.900000000000000000e+01 4.400000000000000000e+01 0.000000000000000000e+00 1.600000000000000089e+00 1.080000000000000014e-03 -9.700000000000000505e-04 -9.999989999999999712e-01 6.779110000000000413e-01 7.351440000000000197e-01 1.900000000000000105e-05 7.351429999999999909e-01 -6.779100000000000126e-01 1.451999999999999949e-03
1.200000000000000000e+01 2.900000000000000000e+01 4.400000000000000000e+01 0.000000000000000000e+00 1.600000000000000089e+00 -1.860000000000000108e-03 4.192999999999999679e-03 -9.999900000000000455e-01 6.763719999999999732e-01 7.365580000000000460e-01 1.830000000000000029e-03 7.365580000000000460e-01 -6.763620000000000188e-01 -4.205999999999999669e-03
2.000000000000000000e+01 2.900000000000000000e+01 4.400000000000000000e+01 0.000000000000000000e+00 1.600000000000000089e+00 -4.099999999999999912e-04 2.517999999999999839e-03 -9.999970000000000248e-01 6.742369999999999752e-01 7.385140000000000038e-01 1.582999999999999989e-03 7.385150000000000325e-01 -6.742340000000000000e-01 -2.001000000000000174e-03
2.500000000000000000e+01 2.900000000000000000e+01 4.400000000000000000e+01 0.000000000000000000e+00 1.600000000000000089e+00 -7.020000000000000415e-04 2.194000000000000204e-03 -9.999970000000000248e-01 6.696530000000000538e-01 7.426730000000000276e-01 1.159000000000000091e-03 7.426739999999999453e-01 -6.696499999999999675e-01 -1.990000000000000015e-03
2.500000000000000000e+01 5.400000000000000000e+01 4.600000000000000000e+01 0.000000000000000000e+00 1.600000000000000089e+00 -1.753000000000000001e-03 1.121000000000000035e-03 9.999980000000000535e-01 3.282570000000000210e-01 -9.445869999999999544e-01 1.634999999999999952e-03 9.445869999999999544e-01 3.282590000000000230e-01 1.288000000000000082e-03
1.100000000000000000e+01 6.500000000000000000e+01 4.600000000000000000e+01 0.000000000000000000e+00 1.600000000000000089e+00 1.595999999999999979e-03 -9.269999999999999811e-04 9.999980000000000535e-01 6.809089999999999865e-01 -7.323659999999999615e-01 -1.765000000000000076e-03 7.323659999999999615e-01 6.809110000000000440e-01 -5.379999999999999583e-04
1.100000000000000000e+01 6.000000000000000000e+00 5.100000000000000000e+01 0.000000000000000000e+00 1.600000000000000089e+00 3.082000000000000104e-03 7.304999999999999861e-03 -9.999689999999999968e-01 3.257220000000000115e-01 -9.454470000000000374e-01 -5.903000000000000261e-03 -9.454609999999999959e-01 -3.256930000000000103e-01 -5.292999999999999962e-03
1.500000000000000000e+01 6.000000000000000000e+00 5.100000000000000000e+01 0.000000000000000000e+00 1.600000000000000089e+00 4.990999999999999777e-03 8.063000000000000722e-03 -9.999550000000000383e-01 3.235089999999999910e-01 -9.462059999999999915e-01 -6.015000000000000381e-03 -9.462120000000000530e-01 -3.234639999999999738e-01 -7.330999999999999843e-03
2.900000000000000000e+01 6.000000000000000000e+00 5.100000000000000000e+01 0.000000000000000000e+00 1.600000000000000089e+00 -1.048000000000000103e-03 -4.369999999999999753e-03 -9.999900000000000455e-01 3.295469999999999788e-01 -9.441310000000000535e-01 3.779999999999999940e-03 -9.441380000000000328e-01 -3.295399999999999996e-01 2.429999999999999868e-03
6.000000000000000000e+00 7.000000000000000000e+00 5.200000000000000000e+01 0.000000000000000000e+00 1.600000000000000089e+00 7.370000000000000249e-04 -2.331999999999999872e-03 -9.999970000000000248e-01 1.178479999999999944e-01 -9.930290000000000505e-01 2.402000000000000055e-03 -9.930309999999999970e-01 -1.178489999999999954e-01 -4.569999999999999952e-04
1.100000000000000000e+01 7.000000000000000000e+00 5.200000000000000000e+01 0.000000000000000000e+00 1.600000000000000089e+00 4.458000000000000157e-03 5.955000000000000224e-03 -9.999719999999999720e-01 1.181880000000000014e-01 -9.929769999999999985e-01 -5.387000000000000295e-03 -9.929810000000000025e-01 -1.181610000000000021e-01 -5.131000000000000144e-03
4.000000000000000000e+00 6.300000000000000000e+01 5.400000000000000000e+01 0.000000000000000000e+00 1.600000000000000089e+00 1.800000000000000046e-05 1.710000000000000094e-04 1.000000000000000000e+00 -3.616670000000000162e-01 9.323069999999999968e-01 -1.530000000000000056e-04 -9.323069999999999968e-01 -3.616670000000000162e-01 7.899999999999999579e-05
7.000000000000000000e+00 6.300000000000000000e+01 5.400000000000000000e+01 0.000000000000000000e+00 1.600000000000000089e+00 -1.260000000000000052e-03 -1.077000000000000049e-03 9.999989999999999712e-01 -3.578160000000000229e-01 9.337919999999999554e-01 5.550000000000000462e-04 -9.337910000000000377e-01 -3.578140000000000209e-01 -1.562000000000000020e-03
1.400000000000000000e+01 6.300000000000000000e+01 5.400000000000000000e+01 0.000000000000000000e+00 1.600000000000000089e+00 -2.599999999999999840e-05 6.790000000000000245e-04 1.000000000000000000e+00 -3.523450000000000193e-01 9.358699999999999797e-01 -6.449999999999999570e-04 -9.358699999999999797e-01 -3.523450000000000193e-01 2.149999999999999947e-04
1.800000000000000000e+01 6.300000000000000000e+01 5.400000000000000000e+01 0.000000000000000000e+00 1.600000000000000089e+00 -2.420000000000000005e-04 1.046999999999999971e-03 9.999989999999999712e-01 -3.482660000000000200e-01 9.373949999999999783e-01 -1.064999999999999974e-03 -9.373960000000000070e-01 -3.482660000000000200e-01 1.379999999999999933e-04
2.300000000000000000e+01 6.300000000000000000e+01 5.400000000000000000e+01 0.000000000000000000e+00 1.600000000000000089e+00 -1.150000000000000035e-04 1.361000000000000014e-03 9.999989999999999712e-01 -3.531759999999999899e-01 9.355560000000000542e-01 -1.314000000000000064e-03 -9.355569999999999720e-01 -3.531759999999999899e-01 3.739999999999999835e-04
2.900000000000000000e+01 6.300000000000000000e+01 5.400000000000000000e+01 0.000000000000000000e+00 1.600000000000000089e+00 -3.449999999999999833e-04 1.779999999999999898e-04 1.000000000000000000e+00 -3.523479999999999945e-01 9.358689999999999509e-01 -2.880000000000000073e-04 -9.358689999999999509e-01 -3.523479999999999945e-01 -2.599999999999999772e-04
8.000000000000000000e+00 2.500000000000000000e+01 5.500000000000000000e+01 0.000000000000000000e+00 1.600000000000000089e+00 1.217999999999999899e-03 -1.925000000000000062e-03 -9.999970000000000248e-01 -1.181399999999999985e-02 -9.999280000000000390e-01 1.910999999999999938e-03 -9.999289999999999567e-01 1.181199999999999958e-02 -1.240999999999999916e-03
