1.300000000000000000e+01 2.500000000000000000e+01 1.000000000000000000e+00 0.000000000000000000e+00 1.600000000000000089e+00 -2.266999999999999918e-03 4.571000000000000410e-03 -9.999869999999999592e-01 -5.345189999999999664e-01 -8.451520000000000143e-01 -2.651000000000000145e-03 -8.451530000000000431e-01 5.345060000000000366e-01 4.359000000000000027e-03
1.900000000000000000e+01 2.500000000000000000e+01 1.000000000000000000e+00 0.000000000000000000e+00 1.600000000000000089e+00 -1.358999999999999965e-03 -2.694999999999999913e-03 -9.999949999999999672e-01 -5.345600000000000351e-01 -8.451250000000000151e-01 3.004000000000000160e-03 -8.451290000000000191e-01 5.345619999999999816e-01 -2.919999999999999961e-04
2.600000000000000000e+01 2.500000000000000000e+01 1.000000000000000000e+00 0.000000000000000000e+00 1.600000000000000089e+00 -4.199999999999999768e-05 -1.369599999999999984e-02 -9.999059999999999615e-01 -5.357140000000000235e-01 -8.443199999999999594e-01 1.158700000000000008e-02 -8.444000000000000394e-01 5.356640000000000290e-01 -7.301000000000000198e-03
2.900000000000000000e+01 2.500000000000000000e+01 1.000000000000000000e+00 0.000000000000000000e+00 1.600000000000000089e+00 -1.179999999999999951e-04 -6.510000000000000162e-03 -9.999789999999999512e-01 -5.363890000000000047e-01 -8.439529999999999532e-01 5.557000000000000307e-03 -8.439710000000000267e-01 5.363780000000000214e-01 -3.392000000000000050e-03
2.000000000000000000e+00 1.500000000000000000e+01 4.000000000000000000e+00 0.000000000000000000e+00 1.600000000000000089e+00 2.262999999999999821e-03 -9.638000000000000733e-03 9.999510000000000343e-01 3.229409999999999781e-01 -9.463679999999999870e-01 -9.853000000000000647e-03 9.464160000000000350e-01 3.229469999999999841e-01 9.709999999999999664e-04
1.100000000000000000e+01 1.500000000000000000e+01 4.000000000000000000e+00 0.000000000000000000e+00 1.600000000000000089e+00 -2.993000000000000001e-03 -1.296199999999999956e-02 9.999120000000000230e-01 3.248619999999999841e-01 -9.456940000000000346e-01 -1.128700000000000016e-02 9.457569999999999588e-01 3.247990000000000044e-01 7.041999999999999649e-03
1.400000000000000000e+01 1.500000000000000000e+01 4.000000000000000000e+00 0.000000000000000000e+00 1.600000000000000089e+00 8.999999999999999754e-04 -4.039000000000000055e-03 9.999909999999999632e-01 3.256600000000000050e-01 -9.454780000000000406e-01 -4.112000000000000204e-03 9.454869999999999663e-01 3.256609999999999783e-01 4.650000000000000270e-04
1.800000000000000000e+01 1.500000000000000000e+01 4.000000000000000000e+00 0.000000000000000000e+00 1.600000000000000089e+00 1.191999999999999917e-03 -6.019999999999999961e-04 9.999989999999999712e-01 3.270270000000000121e-01 -9.450150000000000494e-01 -9.590000000000000000e-04 9.450140000000000207e-01 3.270279999999999854e-01 -9.290000000000000297e-04
2.200000000000000000e+01 1.500000000000000000e+01 4.000000000000000000e+00 0.000000000000000000e+00 1.600000000000000089e+00 3.820000000000000153e-04 -9.179999999999999792e-04 9.999989999999999712e-01 3.249810000000000199e-01 -9.457200000000000051e-01 -9.920000000000000432e-04 9.457210000000000338e-01 3.249810000000000199e-01 -6.299999999999999990e-05
2.800000000000000000e+01 1.500000000000000000e+01 4.000000000000000000e+00 0.000000000000000000e+00 1.600000000000000089e+00 5.010000000000000347e-04 1.348999999999999939e-03 9.999989999999999712e-01 3.218150000000000177e-01 -9.468020000000000325e-01 1.116000000000000021e-03 9.468020000000000325e-01 3.218139999999999890e-01 -9.079999999999999530e-04
2.300000000000000000e+01 9.000000000000000000e+01 4.000000000000000000e+00 0.000000000000000000e+00 1.600000000000000089e+00 2.115730000000000111e-01 5.847090000000000343e-01 -7.831679999999999753e-01 -3.055370000000000030e-01 8.007149999999999546e-01 5.152689999999999770e-01 9.283770000000000078e-01 1.302699999999999969e-01 3.480599999999999805e-01
1.300000000000000000e+01 8.700000000000000000e+01 6.000000000000000000e+00 0.000000000000000000e+00 1.600000000000000089e+00 -6.835660000000000069e-01 -6.258759999999999879e-01 -3.755220000000000224e-01 -7.280769999999999742e-01 6.209240000000000315e-01 2.904419999999999780e-01 5.138999999999999818e-02 4.719450000000000034e-01 -8.801290000000000502e-01
1.400000000000000000e+01 8.600000000000000000e+01 7.000000000000000000e+00 0.000000000000000000e+00 1.600000000000000089e+00 -6.872030000000000083e-01 -6.648570000000000313e-01 -2.927750000000000075e-01 -7.263669999999999849e-01 6.354720000000000368e-01 2.618510000000000004e-01 1.195700000000000061e-02 3.926060000000000105e-01 -9.196290000000000298e-01
6.000000000000000000e+00 2.500000000000000000e+01 8.000000000000000000e+00 0.000000000000000000e+00 1.600000000000000089e+00 1.688000000000000047e-03 3.139999999999999888e-04 -9.999989999999999712e-01 4.526789999999999980e-01 8.916730000000000489e-01 1.044000000000000006e-03 8.916720000000000201e-01 -4.526800000000000268e-01 1.363000000000000062e-03
1.000000000000000000e+01 2.500000000000000000e+01 8.000000000000000000e+00 0.000000000000000000e+00 1.600000000000000089e+00 1.056000000000000081e-03 3.014000000000000186e-03 -9.999949999999999672e-01 4.519420000000000104e-01 8.920420000000000016e-01 3.165999999999999977e-03 8.920470000000000343e-01 -4.519429999999999836e-01 -4.200000000000000174e-04
1.500000000000000000e+01 2.500000000000000000e+01 8.000000000000000000e+00 0.000000000000000000e+00 1.600000000000000089e+00 2.369999999999999874e-04 -2.400000000000000061e-04 -1.000000000000000000e+00 4.532169999999999810e-01 8.913999999999999702e-01 -1.060000000000000016e-04 8.913999999999999702e-01 -4.532169999999999810e-01 3.200000000000000262e-04
2.400000000000000000e+01 2.500000000000000000e+01 8.000000000000000000e+00 0.000000000000000000e+00 1.600000000000000089e+00 1.250000000000000026e-03 5.653000000000000039e-03 -9.999829999999999552e-01 4.527510000000000145e-01 8.916199999999999681e-01 5.607000000000000005e-03 8.916359999999999841e-01 -4.527499999999999858e-01 -1.445000000000000104e-03
2.600000000000000000e+01 2.500000000000000000e+01 8.000000000000000000e+00 0.000000000000000000e+00 1.600000000000000089e+00 1.652000000000000040e-03 3.553000000000000169e-03 -9.999919999999999920e-01 4.509610000000000007e-01 8.925349999999999673e-01 3.916000000000000210e-03 8.925419999999999465e-01 -4.509639999999999760e-01 -1.269999999999999970e-04
5.000000000000000000e+00 2.400000000000000000e+01 9.000000000000000000e+00 0.000000000000000000e+00 1.600000000000000089e+00 1.866999999999999953e-03 2.945999999999999834e-03 -9.999940000000000495e-01 4.562620000000000009e-01 8.898390000000000466e-01 3.472999999999999959e-03 8.898439999999999683e-01 -4.562660000000000049e-01 3.170000000000000075e-04
1.400000000000000000e+01 2.400000000000000000e+01 9.000000000000000000e+00 0.000000000000000000e+00 1.600000000000000089e+00 -1.100000000000000039e-04 1.262000000000000101e-03 -9.999989999999999712e-01 4.554830000000000267e-01 8.902440000000000353e-01 1.074000000000000085e-03 8.902440000000000353e-01 -4.554830000000000267e-01 -6.729999999999999871e-04
1.800000000000000000e+01 2.400000000000000000e+01 9.000000000000000000e+00 0.000000000000000000e+00 1.600000000000000089e+00 -6.049999999999999606e-04 2.175999999999999983e-03 -9.999970000000000248e-01 4.568720000000000003e-01 8.895309999999999606e-01 1.659000000000000101e-03 8.895319999999999894e-01 -4.568699999999999983e-01 -1.533000000000000074e-03
2.200000000000000000e+01 2.400000000000000000e+01 9.000000000000000000e+00 0.000000000000000000e+00 1.600000000000000089e+00 6.260000000000000373e-04 4.899999999999999842e-03 -9.999879999999999880e-01 4.559309999999999752e-01 8.900029999999999886e-01 4.645999999999999956e-03 8.900150000000000006e-01 -4.559279999999999999e-01 -1.677000000000000105e-03
2.600000000000000000e+01 2.400000000000000000e+01 9.000000000000000000e+00 0.000000000000000000e+00 1.600000000000000089e+00 1.998000000000000210e-03 2.647000000000000047e-03 -9.999949999999999672e-01 4.537499999999999867e-01 8.911229999999999984e-01 3.265000000000000107e-03 8.911270000000000024e-01 -4.537539999999999907e-01 5.800000000000000034e-04
1.200000000000000000e+01 8.900000000000000000e+01 9.000000000000000000e+00 0.000000000000000000e+00 1.600000000000000089e+00 -9.305149999999999810e-01 1.296000000000000060e-03 -3.662520000000000220e-01 -1.044029999999999958e-01 9.575660000000000283e-01 2.686379999999999879e-01 3.510579999999999812e-01 2.882100000000000217e-01 -8.908949999999999925e-01
1.600000000000000000e+01 1.200000000000000000e+01 1.000000000000000000e+01 0.000000000000000000e+00 1.600000000000000089e+00 -2.651000000000000145e-03 7.500000000000000156e-04 -9.999959999999999960e-01 -5.520479999999999832e-01 -8.338119999999999976e-01 8.379999999999999862e-04 -8.338079999999999936e-01 5.520490000000000119e-01 2.624000000000000030e-03
2.900000000000000000e+01 9.900000000000000000e+01 1.000000000000000000e+01 0.000000000000000000e+00 1.600000000000000089e+00 4.495299999999999990e-02 9.580199999999999827e-02 -9.943849999999999634e-01 -9.030369999999999786e-01 4.295619999999999994e-01 5.619999999999999996e-04 4.272039999999999726e-01 8.979409999999999892e-01 1.058230000000000004e-01
8.000000000000000000e+00 3.500000000000000000e+01 1.200000000000000000e+01 0.000000000000000000e+00 1.600000000000000089e+00 -6.909000000000000211e-03 7.631999999999999895e-03 -9.999470000000000303e-01 4.442300000000000137e-01 -8.958580000000000432e-01 -9.906999999999999140e-03 -8.958859999999999602e-01 -4.442749999999999755e-01 2.798999999999999839e-03
3.000000000000000000e+01 3.500000000000000000e+01 1.200000000000000000e+01 0.000000000000000000e+00 1.600000000000000089e+00 3.214999999999999976e-03 6.509999999999999945e-04 -9.999949999999999672e-01 5.114379999999999482e-01 -8.593190000000000550e-01 1.085000000000000027e-03 -8.593140000000000223e-01 -5.114389999999999770e-01 -3.095999999999999794e-03
1.500000000000000000e+01 8.400000000000000000e+01 1.200000000000000000e+01 0.000000000000000000e+00 1.600000000000000089e+00 -7.831310000000000215e-01 -5.940290000000000292e-01 -1.839419999999999944e-01 -6.218399999999999483e-01 7.458970000000000322e-01 2.386490000000000000e-01 -4.563000000000000216e-03 3.012759999999999883e-01 -9.535259999999999847e-01
2.000000000000000000e+01 9.600000000000000000e+01 1.200000000000000000e+01 0.000000000000000000e+00 1.600000000000000089e+00 -1.380100000000000077e-02 8.394599999999999840e-01 -5.432470000000000354e-01 -9.146009999999999973e-01 2.089820000000000011e-01 3.461679999999999757e-01 4.041230000000000100e-01 5.016310000000000491e-01 7.648859999999999548e-01
3.000000000000000000e+00 3.200000000000000000e+01 1.400000000000000000e+01 0.000000000000000000e+00 1.600000000000000089e+00 -1.389999999999999905e-04 -4.282000000000000216e-03 -9.999909999999999632e-01 1.056840000000000002e-01 9.943910000000000249e-01 -4.272999999999999889e-03 9.943999999999999506e-01 -1.056840000000000002e-01 3.139999999999999888e-04
3.000000000000000000e+00 1.160000000000000000e+02 1.600000000000000000e+01 0.000000000000000000e+00 1.600000000000000089e+00 -4.010999999999999809e-03 -9.466999999999999721e-03 9.999470000000000303e-01 7.596690000000000387e-01 6.502449999999999619e-01 9.204000000000000375e-03 -6.502980000000000427e-01 7.596659999999999524e-01 4.584000000000000401e-03
9.000000000000000000e+00 1.160000000000000000e+02 1.600000000000000000e+01 0.000000000000000000e+00 1.600000000000000089e+00 -1.940000000000000101e-03 -6.902000000000000149e-03 9.999740000000000295e-01 6.598180000000000156e-01 7.513980000000000103e-01 6.466000000000000393e-03 -7.514229999999999521e-01 6.598129999999999828e-01 3.095999999999999794e-03
1.700000000000000000e+01 1.160000000000000000e+02 1.600000000000000000e+01 0.000000000000000000e+00 1.600000000000000089e+00 -8.602999999999999536e-03 -8.474999999999999895e-03 9.999270000000000103e-01 7.502220000000000555e-01 6.610759999999999970e-01 1.205799999999999927e-02 -6.611299999999999955e-01 7.502710000000000212e-01 6.710000000000000469e-04
5.000000000000000000e+00 2.000000000000000000e+00 1.900000000000000000e+01 0.000000000000000000e+00 1.600000000000000089e+00 6.369999999999999794e-04 7.505000000000000386e-03 -9.999719999999999720e-01 1.580090000000000106e-01 -9.874110000000000387e-01 -7.309999999999999658e-03 -9.874370000000000092e-01 -1.580000000000000016e-01 -1.814999999999999990e-03
8.000000000000000000e+00 2.000000000000000000e+00 1.900000000000000000e+01 0.000000000000000000e+00 1.600000000000000089e+00 1.768999999999999956e-03 1.234799999999999960e-02 -9.999219999999999775e-01 1.592749999999999999e-01 -9.871619999999999839e-01 -1.190800000000000018e-02 -9.872330000000000272e-01 -1.592419999999999947e-01 -3.713000000000000154e-03
1.000000000000000000e+01 2.000000000000000000e+00 1.900000000000000000e+01 0.000000000000000000e+00 1.600000000000000089e+00 1.776000000000000018e-03 7.668000000000000337e-03 -9.999689999999999968e-01 1.567709999999999937e-01 -9.876080000000000414e-01 -7.295000000000000269e-03 -9.876329999999999831e-01 -1.567530000000000034e-01 -2.955999999999999860e-03
1.600000000000000000e+01 2.000000000000000000e+00 1.900000000000000000e+01 0.000000000000000000e+00 1.600000000000000089e+00 1.843999999999999936e-03 2.768000000000000061e-03 -9.999940000000000495e-01 1.527429999999999899e-01 -9.882630000000000026e-01 -2.454000000000000018e-03 -9.882640000000000313e-01 -1.527380000000000126e-01 -2.245000000000000034e-03
1.900000000000000000e+01 2.000000000000000000e+00 1.900000000000000000e+01 0.000000000000000000e+00 1.600000000000000089e+00 2.439000000000000196e-03 -7.079999999999999705e-04 -9.999970000000000248e-01 1.573219999999999896e-01 -9.875469999999999526e-01 1.082999999999999978e-03 -9.875439999999999774e-01 -1.573239999999999916e-01 -2.296999999999999997e-03
2.500000000000000000e+01 2.000000000000000000e+00 1.900000000000000000e+01 0.000000000000000000e+00 1.600000000000000089e+00 4.086000000000000222e-03 -2.720399999999999902e-02 -9.996220000000000105e-01 1.530410000000000104e-01 -9.878369999999999651e-01 2.750899999999999873e-02 -9.882109999999999506e-01 -1.530950000000000089e-01 1.269999999999999970e-04
7.000000000000000000e+00 1.300000000000000000e+01 2.000000000000000000e+01 0.000000000000000000e+00 1.600000000000000089e+00 -4.760000000000000234e-04 2.605999999999999810e-03 9.999959999999999960e-01 2.480600000000000027e-01 9.687419999999999920e-01 -2.406999999999999851e-03 -9.687449999999999672e-01 2.480580000000000007e-01 -1.106999999999999911e-03
1.300000000000000000e+01 1.300000000000000000e+01 2.000000000000000000e+01 0.000000000000000000e+00 1.600000000000000089e+00 -2.608000000000000075e-03 -8.085000000000000173e-03 9.999639999999999640e-01 2.491210000000000091e-01 9.684350000000000458e-01 8.479999999999999691e-03 -9.684690000000000243e-01 2.491339999999999943e-01 -5.119999999999999768e-04
1.500000000000000000e+01 1.300000000000000000e+01 2.000000000000000000e+01 0.000000000000000000e+00 1.600000000000000089e+00 -1.505999999999999960e-03 -8.791999999999999468e-03 9.999599999999999600e-01 2.493630000000000013e-01 9.683690000000000353e-01 8.890000000000000333e-03 -9.684089999999999643e-01 2.493670000000000053e-01 7.339999999999999520e-04
2.100000000000000000e+01 1.300000000000000000e+01 2.000000000000000000e+01 0.000000000000000000e+00 1.600000000000000089e+00 4.995000000000000308e-03 7.199999999999999803e-03 9.999620000000000175e-01 2.478160000000000085e-01 9.687719999999999665e-01 -8.214000000000000815e-03 -9.687940000000000440e-01 2.478480000000000127e-01 3.054999999999999990e-03
2.600000000000000000e+01 1.300000000000000000e+01 2.000000000000000000e+01 0.000000000000000000e+00 1.600000000000000089e+00 -1.018000000000000025e-03 3.530000000000000152e-04 9.999989999999999712e-01 2.456849999999999867e-01 9.693500000000000449e-01 -9.200000000000000007e-05 -9.693490000000000162e-01 2.456849999999999867e-01 -1.072999999999999952e-03
1.100000000000000000e+01 1.600000000000000000e+01 2.100000000000000000e+01 0.000000000000000000e+00 1.600000000000000089e+00 -2.694000000000000214e-03 -5.781999999999999813e-03 9.999799999999999800e-01 2.978000000000000091e-01 9.546069999999999833e-01 6.322000000000000362e-03 -9.546249999999999458e-01 2.978109999999999924e-01 -8.499999999999999526e-04
1.600000000000000000e+01 1.600000000000000000e+01 2.100000000000000000e+01 0.000000000000000000e+00 1.600000000000000089e+00 -6.819999999999999890e-04 -5.897999999999999597e-03 9.999820000000000375e-01 2.991659999999999875e-01 9.541830000000000034e-01 5.832000000000000378e-03 -9.542009999999999659e-01 2.991639999999999855e-01 1.113999999999999973e-03
1.900000000000000000e+01 1.600000000000000000e+01 2.100000000000000000e+01 0.000000000000000000e+00 1.600000000000000089e+00 4.871000000000000330e-03 5.806000000000000397e-03 9.999710000000000543e-01 2.984479999999999911e-01 9.544000000000000261e-01 -6.995000000000000349e-03 -9.544129999999999558e-01 2.984740000000000171e-01 2.916000000000000189e-03
2.400000000000000000e+01 4.600000000000000000e+01 2.700000000000000000e+01 0.000000000000000000e+00 1.600000000000000089e+00 1.127000000000000050e-02 1.737899999999999862e-02 -9.997850000000000348e-01 6.348660000000000414e-01 7.723480000000000345e-01 2.058199999999999960e-02 7.725400000000000045e-01 -6.349620000000000264e-01 -2.328999999999999907e-03
6.000000000000000000e+00 4.900000000000000000e+01 2.900000000000000000e+01 0.000000000000000000e+00 1.600000000000000089e+00 -2.641999999999999817e-03 1.000690000000000052e-01 -9.949770000000000003e-01 6.661280000000000534e-01 -7.419160000000000199e-01 -7.638699999999999657e-02 -7.458329999999999682e-01 -6.629829999999999890e-01 -6.469900000000000651e-02
7.000000000000000000e+00 5.000000000000000000e+01 3.000000000000000000e+01 0.000000000000000000e+00 1.600000000000000089e+00 -4.309000000000000330e-03 1.641519999999999924e-01 -9.864260000000000250e-01 6.597039999999999571e-01 -7.408590000000000453e-01 -1.261690000000000034e-01 -7.515129999999999866e-01 -6.512930000000000108e-01 -1.050989999999999980e-01
1.200000000000000000e+01 5.000000000000000000e+01 3.000000000000000000e+01 0.000000000000000000e+00 1.600000000000000089e+00 -9.379000000000000184e-03 2.726750000000000007e-01 -9.620610000000000550e-01 6.371250000000000524e-01 -7.398989999999999734e-01 -2.159200000000000008e-01 -7.707039999999999447e-01 -6.149780000000000246e-01 -1.667879999999999918e-01
1.800000000000000000e+01 8.000000000000000000e+01 3.000000000000000000e+01 0.000000000000000000e+00 1.600000000000000089e+00 -9.172949999999999715e-01 -3.903530000000000055e-01 -7.870399999999999618e-02 -3.982029999999999736e-01 8.981710000000000527e-01 1.863400000000000056e-01 -2.049000000000000040e-03 2.022690000000000043e-01 -9.793279999999999763e-01
1.900000000000000000e+01 9.000000000000000000e+01 3.000000000000000000e+01 0.000000000000000000e+00 1.600000000000000089e+00 -9.294360000000000399e-01 3.247800000000000131e-01 -1.751209999999999989e-01 2.585520000000000040e-01 9.118490000000000206e-01 3.188770000000000215e-01 2.632479999999999820e-01 2.510970000000000146e-01 -9.314780000000000282e-01
1.600000000000000000e+01 5.100000000000000000e+01 3.100000000000000000e+01 0.000000000000000000e+00 1.600000000000000089e+00 2.522900000000000142e-02 3.988579999999999903e-01 -9.166649999999999521e-01 5.482639999999999736e-01 -7.722719999999999585e-01 -3.209400000000000031e-01 -8.359250000000000291e-01 -4.944779999999999731e-01 -2.381630000000000136e-01
1.600000000000000000e+01 5.200000000000000000e+01 3.200000000000000000e+01 0.000000000000000000e+00 1.600000000000000089e+00 3.796700000000000075e-02 4.218109999999999915e-01 -9.058890000000000553e-01 5.385940000000000172e-01 -7.722339999999999760e-01 -3.370029999999999970e-01 -8.417090000000000405e-01 -4.751119999999999788e-01 -2.565040000000000098e-01
2.700000000000000000e+01 5.600000000000000000e+01 3.300000000000000000e+01 0.000000000000000000e+00 1.600000000000000089e+00 1.389459999999999862e-01 1.831170000000000020e-01 -9.732220000000000315e-01 2.793459999999999832e-01 -9.500929999999999653e-01 -1.388830000000000064e-01 -9.500840000000000396e-01 -2.525680000000000147e-01 -1.831649999999999945e-01
2.500000000000000000e+01 4.600000000000000000e+01 3.500000000000000000e+01 0.000000000000000000e+00 1.600000000000000089e+00 1.270800000000000055e-02 8.023900000000000476e-02 -9.966949999999999976e-01 3.801640000000000019e-01 -9.223120000000000207e-01 -6.940300000000000635e-02 -9.248319999999999874e-01 -3.780249999999999999e-01 -4.222499999999999865e-02
1.900000000000000000e+01 7.900000000000000000e+01 3.500000000000000000e+01 0.000000000000000000e+00 1.600000000000000089e+00 -9.399699999999999722e-01 -3.375090000000000034e-01 -5.044799999999999979e-02 -3.411580000000000168e-01 9.257950000000000346e-01 1.628340000000000065e-01 -8.253999999999999185e-03 1.702700000000000047e-01 -9.853629999999999889e-01
2.000000000000000000e+01 8.900000000000000000e+01 3.500000000000000000e+01 0.000000000000000000e+00 1.600000000000000089e+00 -6.058599999999999541e-01 7.671729999999999938e-01 -2.106649999999999912e-01 7.195120000000000404e-01 6.413649999999999629e-01 2.663699999999999957e-01 3.394650000000000167e-01 9.806999999999999745e-03 -9.405679999999999596e-01
2.000000000000000000e+01 7.800000000000000000e+01 3.600000000000000000e+01 0.000000000000000000e+00 1.600000000000000089e+00 -7.865799999999999459e-01 -6.135739999999999528e-01 -6.941500000000000448e-02 -6.158099999999999685e-01 7.711890000000000134e-01 1.613880000000000037e-01 -4.549099999999999672e-02 1.696910000000000085e-01 -9.844469999999999610e-01
7.000000000000000000e+00 9.500000000000000000e+01 3.600000000000000000e+01 0.000000000000000000e+00 1.600000000000000089e+00 -1.567599999999999896e-02 -5.902999999999999914e-02 9.981330000000000480e-01 9.973919999999999453e-01 6.941799999999999360e-02 1.976999999999999938e-02 -7.045500000000000373e-02 9.958399999999999475e-01 5.778799999999999909e-02
2.800000000000000000e+01 7.000000000000000000e+01 4.200000000000000000e+01 0.000000000000000000e+00 1.600000000000000089e+00 -2.270520000000000038e-01 1.457519999999999927e-01 -9.629140000000000477e-01 -9.733060000000000045e-01 6.600000000000000506e-05 2.295119999999999938e-01 3.351500000000000312e-02 9.893210000000000059e-01 1.418470000000000009e-01
7.000000000000000000e+00 2.900000000000000000e+01 4.400000000000000000e+01 0.000000000000000000e+00 1.600000000000000089e+00 -8.329999999999999731e-04 1.201000000000000028e-03 -9.999989999999999712e-01 6.555239999999999956e-01 7.551740000000000119e-01 3.609999999999999928e-04 7.551740000000000119e-01 -6.555229999999999668e-01 -1.415999999999999941e-03
1.200000000000000000e+01 2.900000000000000000e+01 4.400000000000000000e+01 0.000000000000000000e+00 1.600000000000000089e+00 9.399999999999999448e-05 -1.662999999999999982e-03 -9.999989999999999712e-01 6.553099999999999481e-01 7.553590000000000027e-01 -1.193999999999999966e-03 7.553600000000000314e-01 -6.553090000000000304e-01 1.160000000000000007e-03
1.500000000000000000e+01 2.900000000000000000e+01 4.400000000000000000e+01 0.000000000000000000e+00 1.600000000000000089e+00 8.649999999999999920e-04 -1.559000000000000056e-03 -9.999980000000000535e-01 6.569650000000000212e-01 7.539200000000000346e-01 -6.070000000000000092e-04 7.539200000000000346e-01 -6.569639999999999924e-01 1.677000000000000105e-03
2.600000000000000000e+01 2.900000000000000000e+01 4.400000000000000000e+01 0.000000000000000000e+00 1.600000000000000089e+00 -1.500999999999999947e-03 4.186999999999999750e-03 -9.999900000000000455e-01 6.565159999999999885e-01 7.543090000000000073e-01 2.173000000000000018e-03 7.543100000000000360e-01 -6.565060000000000340e-01 -3.880999999999999901e-03
2.900000000000000000e+01 2.900000000000000000e+01 4.400000000000000000e+01 0.000000000000000000e+00 1.600000000000000089e+00 -9.210000000000000521e-04 6.444000000000000075e-03 -9.999789999999999512e-01 6.585450000000000470e-01 7.525290000000000035e-01 4.243000000000000244e-03 7.525410000000000155e-01 -6.585269999999999735e-01 -4.937000000000000416e-03
4.000000000000000000e+00 6.500000000000000000e+01 4.600000000000000000e+01 0.000000000000000000e+00 1.600000000000000089e+00 2.260500000000000009e-02 1.446870000000000100e-01 9.892189999999999594e-01 6.604630000000000223e-01 -7.449679999999999636e-01 9.386999999999999511e-02 7.505180000000000184e-01 6.512210000000000498e-01 -1.123999999999999999e-01
2.800000000000000000e+01 6.000000000000000000e+01 4.700000000000000000e+01 0.000000000000000000e+00 1.600000000000000089e+00 4.412989999999999968e-01 3.578879999999999839e-01 8.229039999999999688e-01 -1.333910000000000096e-01 -8.806779999999999609e-01 4.545480000000000076e-01 8.873900000000000121e-01 -3.103600000000000247e-01 -3.409030000000000116e-01
1.900000000000000000e+01 5.900000000000000000e+01 4.800000000000000000e+01 0.000000000000000000e+00 1.600000000000000089e+00 4.849370000000000069e-01 3.321700000000000208e-01 -8.090110000000000356e-01 -8.352410000000000112e-01 4.501290000000000013e-01 -3.158429999999999849e-01 2.592459999999999765e-01 8.288830000000000364e-01 4.957260000000000000e-01
1.900000000000000000e+01 7.400000000000000000e+01 4.900000000000000000e+01 0.000000000000000000e+00 1.600000000000000089e+00 4.305300000000000099e-02 5.813289999999999846e-01 8.125289999999999457e-01 -9.658830000000000471e-01 2.321030000000000038e-01 -1.148799999999999960e-01 -2.553739999999999899e-01 -7.798620000000000552e-01 5.714879999999999960e-01
5.000000000000000000e+00 4.900000000000000000e+01 5.000000000000000000e+01 0.000000000000000000e+00 1.600000000000000089e+00 4.043329999999999980e-01 9.872400000000000619e-02 9.092679999999999652e-01 -8.074200000000000266e-01 -4.284740000000000215e-01 4.055650000000000088e-01 4.296369999999999911e-01 -8.981440000000000534e-01 -9.353499999999999315e-02
1.400000000000000000e+01 5.000000000000000000e+00 5.100000000000000000e+01 0.000000000000000000e+00 1.600000000000000089e+00 1.472999999999999917e-03 -3.041999999999999999e-03 -9.999940000000000495e-01 4.892790000000000195e-01 -8.721210000000000351e-01 3.373999999999999829e-03 -8.721259999999999568e-01 -4.892810000000000215e-01 2.039999999999999984e-04
2.100000000000000000e+01 5.000000000000000000e+00 5.100000000000000000e+01 0.000000000000000000e+00 1.600000000000000089e+00 2.311000000000000120e-03 9.000000000000000228e-06 -9.999970000000000248e-01 4.846440000000000192e-01 -8.747110000000000163e-01 1.111999999999999924e-03 -8.747080000000000410e-01 -4.846449999999999925e-01 -2.024999999999999890e-03
2.800000000000000000e+01 5.000000000000000000e+00 5.100000000000000000e+01 0.000000000000000000e+00 1.600000000000000089e+00 1.069999999999999988e-04 -1.252699999999999994e-02 -9.999219999999999775e-01 4.815169999999999728e-01 -8.763670000000000071e-01 1.103099999999999914e-02 -8.764370000000000216e-01 -4.814809999999999923e-01 5.937999999999999702e-03
8.000000000000000000e+00 5.100000000000000000e+01 5.100000000000000000e+01 0.000000000000000000e+00 1.600000000000000089e+00 4.183560000000000056e-01 9.230700000000000016e-02 9.035800000000000498e-01 -7.902810000000000112e-01 -4.533610000000000140e-01 4.122129999999999961e-01 4.476979999999999849e-01 -8.865340000000000442e-01 -1.167180000000000023e-01
2.000000000000000000e+01 6.400000000000000000e+01 5.100000000000000000e+01 0.000000000000000000e+00 1.600000000000000089e+00 1.269609999999999905e-01 -3.708859999999999935e-01 -9.199589999999999712e-01 5.311160000000000325e-01 8.087250000000000272e-01 -2.527440000000000242e-01 8.377329999999999499e-01 -4.565170000000000061e-01 2.996599999999999819e-01
1.000000000000000000e+01 1.150000000000000000e+02 5.100000000000000000e+01 0.000000000000000000e+00 1.600000000000000089e+00 -1.456999999999999962e-03 1.849800000000000055e-02 9.998280000000000500e-01 8.441830000000000167e-01 -5.359390000000000542e-01 1.114599999999999966e-02 5.360530000000000017e-01 8.440539999999999710e-01 -1.483499999999999923e-02
2.600000000000000000e+01 1.150000000000000000e+02 5.100000000000000000e+01 0.000000000000000000e+00 1.600000000000000089e+00 -1.089200000000000064e-02 6.341000000000000282e-03 9.999209999999999487e-01 8.511539999999999662e-01 -5.247650000000000370e-01 1.259900000000000082e-02 5.248030000000000195e-01 8.512239999999999807e-01 3.190000000000000019e-04
1.100000000000000000e+01 7.000000000000000000e+00 5.200000000000000000e+01 0.000000000000000000e+00 1.600000000000000089e+00 9.039999999999999642e-04 -7.526999999999999837e-03 -9.999710000000000543e-01 1.109269999999999978e-01 -9.938000000000000167e-01 7.581000000000000065e-03 -9.938280000000000447e-01 -1.109300000000000008e-01 -6.299999999999999990e-05
5.000000000000000000e+00 5.000000000000000000e+01 5.200000000000000000e+01 0.000000000000000000e+00 1.600000000000000089e+00 4.270900000000000252e-01 9.294700000000000184e-02 8.994199999999999973e-01 -8.036900000000000155e-01 -4.167850000000000166e-01 4.247029999999999972e-01 4.143390000000000128e-01 -9.042409999999999615e-01 -1.033040000000000069e-01
7.000000000000000000e+00 5.100000000000000000e+01 5.200000000000000000e+01 0.000000000000000000e+00 1.600000000000000089e+00 4.292000000000000259e-01 6.350999999999999875e-03 9.031869999999999621e-01 -7.986839999999999495e-01 -4.642899999999999805e-01 3.828039999999999776e-01 4.217719999999999803e-01 -8.856600000000000028e-01 -1.942010000000000125e-01
1.700000000000000000e+01 8.000000000000000000e+01 5.200000000000000000e+01 0.000000000000000000e+00 1.600000000000000089e+00 5.966099999999999876e-02 -1.797519999999999951e-01 9.819010000000000238e-01 1.069910000000000028e-01 9.791379999999999528e-01 1.727460000000000107e-01 -9.924680000000000168e-01 9.474799999999999889e-02 7.764799999999999480e-02
2.000000000000000000e+00 2.500000000000000000e+01 5.500000000000000000e+01 0.000000000000000000e+00 1.600000000000000089e+00 -9.770000000000000039e-04 1.850999999999999998e-03 -9.999980000000000535e-01 -1.363100000000000075e-02 -9.999050000000000438e-01 -1.838000000000000007e-03 -9.999069999999999903e-01 1.362900000000000049e-02 1.002000000000000069e-03
8.000000000000000000e+00 2.500000000000000000e+01 5.500000000000000000e+01 0.000000000000000000e+00 1.600000000000000089e+00 -5.990000000000000316e-04 4.690000000000000158e-04 -1.000000000000000000e+00 -1.043200000000000030e-02 -9.999449999999999728e-01 -4.620000000000000083e-04 -9.999449999999999728e-01 1.043200000000000030e-02 6.030000000000000204e-04
1.400000000000000000e+01 2.500000000000000000e+01 5.500000000000000000e+01 0.000000000000000000e+00 1.600000000000000089e+00 -7.649999999999999465e-04 -3.699999999999999811e-05 -1.000000000000000000e+00 -1.058199999999999939e-02 -9.999440000000000550e-01 4.500000000000000283e-05 -9.999440000000000550e-01 1.058199999999999939e-02 7.640000000000000306e-04
1.900000000000000000e+01 2.500000000000000000e+01 5.500000000000000000e+01 0.000000000000000000e+00 1.600000000000000089e+00 -1.255000000000000039e-03 4.131000000000000123e-03 -9.999909999999999632e-01 -8.803000000000000061e-03 -9.999529999999999808e-01 -4.120000000000000398e-03 -9.999599999999999600e-01 8.796999999999999265e-03 1.291000000000000047e-03
2.300000000000000000e+01 2.500000000000000000e+01 5.500000000000000000e+01 0.000000000000000000e+00 1.600000000000000089e+00 -8.329999999999999731e-04 2.338999999999999933e-03 -9.999970000000000248e-01 -7.668999999999999602e-03 -9.999679999999999680e-01 -2.333000000000000004e-03 -9.999700000000000255e-01 7.667000000000000204e-03 8.509999999999999769e-04
2.700000000000000000e+01 2.500000000000000000e+01 5.500000000000000000e+01 0.000000000000000000e+00 1.600000000000000089e+00 -1.830000000000000029e-04 4.840000000000000010e-04 -1.000000000000000000e+00 -7.447999999999999760e-03 -9.999719999999999720e-01 -4.829999999999999767e-04 -9.999719999999999720e-01 7.446999999999999627e-03 1.869999999999999917e-04
2.900000000000000000e+01 2.500000000000000000e+01 5.500000000000000000e+01 0.000000000000000000e+00 1.600000000000000089e+00 1.050000000000000044e-04 -9.600000000000000243e-04 -1.000000000000000000e+00 -7.459000000000000352e-03 -9.999719999999999720e-01 9.590000000000000000e-04 -9.999719999999999720e-01 7.459000000000000352e-03 -1.119999999999999983e-04
1.900000000000000000e+01 5.800000000000000000e+01 5.500000000000000000e+01 0.000000000000000000e+00 1.600000000000000089e+00 -8.557399999999999729e-02 -3.062960000000000127e-01 9.480819999999999803e-01 -1.588420000000000110e-01 9.435959999999999903e-01 2.905090000000000172e-01 -9.835880000000000178e-01 -1.257359999999999867e-01 -1.293999999999999873e-01
4.000000000000000000e+00 6.000000000000000000e+01 5.500000000000000000e+01 0.000000000000000000e+00 1.600000000000000089e+00 -3.740199999999999775e-02 -1.010179999999999967e-01 9.941809999999999814e-01 -3.029400000000000148e-02 9.945349999999999469e-01 9.991400000000000281e-02 -9.988409999999999789e-01 -2.638000000000000067e-02 -4.025700000000000112e-02
8.000000000000000000e+00 6.000000000000000000e+01 5.500000000000000000e+01 0.000000000000000000e+00 1.600000000000000089e+00 -2.013300000000000159e-02 -1.036640000000000061e-01 9.944089999999999874e-01 8.114699999999999691e-02 9.911590000000000122e-01 1.049680000000000057e-01 -9.964990000000000236e-01 8.280600000000000460e-02 -1.154299999999999944e-02
4.000000000000000000e+00 5.100000000000000000e+01 5.600000000000000000e+01 0.000000000000000000e+00 1.600000000000000089e+00 3.913940000000000197e-01 -1.662210000000000076e-01 9.050859999999999461e-01 -8.983020000000000449e-01 -2.824119999999999964e-01 3.365949999999999775e-01 1.996580000000000021e-01 -9.447830000000000394e-01 -2.598509999999999986e-01
1.100000000000000000e+01 6.800000000000000000e+01 5.700000000000000000e+01 0.000000000000000000e+00 1.600000000000000089e+00 -1.515999999999999986e-03 -4.308000000000000197e-03 -9.999900000000000455e-01 -2.497469999999999968e-01 -9.683000000000000496e-01 4.550000000000000225e-03 -9.683100000000000041e-01 2.497510000000000008e-01 3.919999999999999873e-04
1.700000000000000000e+01 5.800000000000000000e+01 5.900000000000000000e+01 0.000000000000000000e+00 1.600000000000000089e+00 -6.412299999999999944e-02 -1.772950000000000081e-01 -9.820670000000000233e-01 1.940900000000000125e-01 9.630840000000000511e-01 -1.865410000000000124e-01 9.788860000000000339e-01 -2.025710000000000011e-01 -2.734500000000000125e-02
5.000000000000000000e+00 2.100000000000000000e+01 6.000000000000000000e+01 0.000000000000000000e+00 1.600000000000000089e+00 -3.800000000000000209e-04 5.199999999999999761e-03 9.999860000000000415e-01 -9.688299999999999690e-02 9.952820000000000000e-01 -5.211999999999999619e-03 -9.952959999999999585e-01 -9.688399999999999790e-02 1.250000000000000026e-04
1.000000000000000000e+01 2.100000000000000000e+01 6.000000000000000000e+01 0.000000000000000000e+00 1.600000000000000089e+00 -8.649999999999999920e-04 1.740999999999999926e-03 9.999980000000000535e-01 -9.583800000000000652e-02 9.953950000000000298e-01 -1.815999999999999906e-03 -9.953969999999999763e-01 -9.583899999999999364e-02 -6.939999999999999555e-04
1.600000000000000000e+01 2.100000000000000000e+01 6.000000000000000000e+01 0.000000000000000000e+00 1.600000000000000089e+00 1.889999999999999970e-03 -2.149999999999999947e-04 9.999980000000000535e-01 -9.468999999999999639e-02 9.955070000000000308e-01 3.930000000000000117e-04 -9.955049999999999732e-01 -9.468999999999999639e-02 1.861000000000000024e-03
2.400000000000000000e+01 2.100000000000000000e+01 6.000000000000000000e+01 0.000000000000000000e+00 1.600000000000000089e+00 -2.439999999999999895e-03 -5.216000000000000150e-03 9.999829999999999552e-01 -9.715899999999999537e-02 9.952569999999999473e-01 4.954000000000000070e-03 -9.952659999999999840e-01 -9.714499999999999524e-02 -2.935000000000000109e-03
1.500000000000000000e+01 6.000000000000000000e+00 6.100000000000000000e+01 0.000000000000000000e+00 1.600000000000000089e+00 -5.191999999999999567e-03 -1.015300000000000057e-02 9.999350000000000183e-01 5.706809999999999938e-01 -8.211540000000000505e-01 -5.374000000000000304e-03 8.211549999999999683e-01 5.706160000000000121e-01 1.005799999999999923e-02
6.000000000000000000e+00 3.000000000000000000e+00 6.300000000000000000e+01 0.000000000000000000e+00 1.600000000000000089e+00 -1.379999999999999933e-04 -2.739999999999999814e-03 9.999959999999999960e-01 -6.167080000000000339e-01 7.871890000000000276e-01 2.072000000000000057e-03 -7.871920000000000028e-01 -6.167059999999999764e-01 -1.799000000000000035e-03
5.000000000000000000e+00 2.700000000000000000e+01 6.300000000000000000e+01 0.000000000000000000e+00 1.600000000000000089e+00 3.879999999999999985e-04 7.863000000000000198e-03 9.999689999999999968e-01 -2.676029999999999798e-01 9.635000000000000231e-01 -7.472999999999999608e-03 -9.635289999999999688e-01 -2.675910000000000233e-01 2.478000000000000168e-03
1.100000000000000000e+01 2.700000000000000000e+01 6.300000000000000000e+01 0.000000000000000000e+00 1.600000000000000089e+00 -5.019999999999999506e-04 3.298999999999999849e-03 9.999940000000000495e-01 -2.695710000000000051e-01 9.629750000000000254e-01 -3.311999999999999840e-03 -9.629799999999999471e-01 -2.695710000000000051e-01 4.049999999999999781e-04
1.500000000000000000e+01 2.700000000000000000e+01 6.300000000000000000e+01 0.000000000000000000e+00 1.600000000000000089e+00 6.319999999999999663e-04 2.781000000000000052e-03 9.999959999999999960e-01 -2.679509999999999947e-01 9.634289999999999798e-01 -2.510000000000000078e-03 -9.634319999999999551e-01 -2.679489999999999927e-01 1.353999999999999952e-03
2.600000000000000000e+01 2.700000000000000000e+01 6.300000000000000000e+01 0.000000000000000000e+00 1.600000000000000089e+00 -2.867000000000000191e-03 -2.191999999999999938e-03 9.999940000000000495e-01 -2.687510000000000177e-01 9.632089999999999819e-01 1.340999999999999961e-03 -9.632049999999999779e-01 -2.687459999999999849e-01 -3.350999999999999812e-03
3.000000000000000000e+00 2.600000000000000000e+01 6.400000000000000000e+01 0.000000000000000000e+00 1.600000000000000089e+00 9.330000000000000186e-04 7.024999999999999994e-03 9.999749999999999472e-01 -3.461500000000000132e-01 9.381580000000000474e-01 -6.268000000000000134e-03 -9.381789999999999852e-01 -3.461359999999999992e-01 3.307000000000000044e-03
7.000000000000000000e+00 2.600000000000000000e+01 6.400000000000000000e+01 0.000000000000000000e+00 1.600000000000000089e+00 -1.440000000000000036e-04 6.921000000000000069e-03 9.999759999999999760e-01 -3.516250000000000209e-01 9.361180000000000057e-01 -6.530000000000000214e-03 -9.361410000000000009e-01 -3.516179999999999861e-01 2.298999999999999828e-03
1.100000000000000000e+01 2.600000000000000000e+01 6.400000000000000000e+01 0.000000000000000000e+00 1.600000000000000089e+00 -1.297999999999999892e-03 3.713999999999999854e-03 9.999919999999999920e-01 -3.517540000000000111e-01 9.360840000000000272e-01 -3.932999999999999864e-03 -9.360910000000000064e-01 -3.517569999999999864e-01 9.100000000000000287e-05
1.500000000000000000e+01 2.600000000000000000e+01 6.400000000000000000e+01 0.000000000000000000e+00 1.600000000000000089e+00 3.600000000000000091e-05 2.975999999999999913e-03 9.999959999999999960e-01 -3.468470000000000164e-01 9.379180000000000295e-01 -2.778999999999999786e-03 -9.379220000000000335e-01 -3.468450000000000144e-01 1.066000000000000107e-03
2.000000000000000000e+01 2.600000000000000000e+01 6.400000000000000000e+01 0.000000000000000000e+00 1.600000000000000089e+00 1.830999999999999945e-03 1.649000000000000075e-03 9.999970000000000248e-01 -3.470130000000000159e-01 9.378600000000000270e-01 -9.110000000000000259e-04 -9.378589999999999982e-01 -3.470099999999999851e-01 2.288999999999999802e-03
