1.000000000000000000e+00 2.500000000000000000e+01 1.000000000000000000e+00 0.000000000000000000e+00 1.600000000000000089e+00 4.701000000000000317e-03 7.582000000000000198e-03 -9.999599999999999600e-01 -5.325680000000000414e-01 -8.463399999999999812e-01 -8.921000000000000110e-03 -8.463739999999999597e-01 5.325879999999999503e-01 5.899999999999999754e-05
3.000000000000000000e+00 1.500000000000000000e+01 4.000000000000000000e+00 0.000000000000000000e+00 1.600000000000000089e+00 3.962000000000000244e-03 2.772700000000000164e-02 9.996080000000000521e-01 2.921889999999999765e-01 -9.560239999999999849e-01 2.536000000000000060e-02 9.563519999999999799e-01 2.919740000000000113e-01 -1.188900000000000026e-02
8.000000000000000000e+00 1.500000000000000000e+01 4.000000000000000000e+00 0.000000000000000000e+00 1.600000000000000089e+00 4.577999999999999604e-03 3.166100000000000164e-02 9.994880000000000431e-01 2.948580000000000090e-01 -9.551039999999999530e-01 2.890500000000000014e-02 9.555299999999999905e-01 2.945740000000000025e-01 -1.370799999999999970e-02
1.400000000000000000e+01 1.500000000000000000e+01 4.000000000000000000e+00 0.000000000000000000e+00 1.600000000000000089e+00 -5.531000000000000326e-03 9.469999999999999252e-03 9.999400000000000510e-01 2.943319999999999825e-01 -9.556440000000000490e-01 1.067799999999999999e-02 9.556869999999999532e-01 2.943729999999999958e-01 2.497999999999999787e-03
1.700000000000000000e+01 1.500000000000000000e+01 4.000000000000000000e+00 0.000000000000000000e+00 1.600000000000000089e+00 -4.464000000000000086e-03 8.276000000000000370e-03 9.999559999999999560e-01 2.897770000000000068e-01 -9.570499999999999563e-01 9.213999999999999968e-03 9.570840000000000458e-01 2.898049999999999793e-01 1.874000000000000015e-03
1.900000000000000000e+01 1.600000000000000000e+01 4.000000000000000000e+00 0.000000000000000000e+00 1.600000000000000089e+00 -4.093000000000000284e-03 1.425799999999999984e-02 9.998899999999999455e-01 3.499180000000000068e-01 -9.366640000000000521e-01 1.478900000000000006e-02 9.367720000000000491e-01 3.499399999999999733e-01 -1.154999999999999994e-03
2.700000000000000000e+01 1.600000000000000000e+01 4.000000000000000000e+00 0.000000000000000000e+00 1.600000000000000089e+00 -4.107000000000000407e-03 2.550099999999999936e-02 9.996660000000000545e-01 3.411020000000000163e-01 -9.396839999999999637e-01 2.537199999999999872e-02 9.400169999999999915e-01 3.410929999999999795e-01 -4.839000000000000419e-03
2.300000000000000000e+01 1.010000000000000000e+02 7.000000000000000000e+00 0.000000000000000000e+00 1.600000000000000089e+00 2.294000000000000032e-03 6.538199999999999568e-02 9.978580000000000227e-01 8.879219999999999891e-01 4.588720000000000021e-01 -3.210699999999999665e-02 -4.599880000000000080e-01 8.860940000000000483e-01 -5.700100000000000305e-02
3.000000000000000000e+01 1.010000000000000000e+02 7.000000000000000000e+00 0.000000000000000000e+00 1.600000000000000089e+00 1.797999999999999902e-03 3.654600000000000209e-02 9.993300000000000516e-01 8.883469999999999978e-01 4.588050000000000184e-01 -1.837700000000000097e-02 -4.591700000000000226e-01 8.877850000000000463e-01 -3.164000000000000146e-02
3.000000000000000000e+00 1.500000000000000000e+01 8.000000000000000000e+00 0.000000000000000000e+00 1.600000000000000089e+00 3.766999999999999949e-03 2.558099999999999957e-02 -9.996660000000000545e-01 -5.905420000000000114e-01 -8.066830000000000389e-01 -2.286799999999999944e-02 -8.069979999999999931e-01 5.904310000000000391e-01 1.206800000000000060e-02
7.000000000000000000e+00 1.500000000000000000e+01 8.000000000000000000e+00 0.000000000000000000e+00 1.600000000000000089e+00 3.972999999999999969e-03 3.032500000000000126e-02 -9.995319999999999760e-01 -5.887069999999999803e-01 -8.078999999999999515e-01 -2.685099999999999987e-02 -8.083369999999999722e-01 5.885380000000000056e-01 1.464200000000000050e-02
1.100000000000000000e+01 1.500000000000000000e+01 8.000000000000000000e+00 0.000000000000000000e+00 1.600000000000000089e+00 7.435999999999999902e-03 1.856899999999999870e-02 -9.998000000000000220e-01 -5.862119999999999553e-01 -8.099250000000000060e-01 -1.940199999999999911e-02 -8.101239999999999553e-01 5.862389999999999546e-01 4.863000000000000135e-03
1.600000000000000000e+01 1.500000000000000000e+01 8.000000000000000000e+00 0.000000000000000000e+00 1.600000000000000089e+00 9.145000000000000351e-03 9.083000000000000795e-03 -9.999169999999999447e-01 -5.824690000000000145e-01 -8.127529999999999477e-01 -1.271000000000000081e-02 -8.128009999999999957e-01 5.825369999999999715e-01 -2.141999999999999807e-03
2.000000000000000000e+01 1.500000000000000000e+01 8.000000000000000000e+00 0.000000000000000000e+00 1.600000000000000089e+00 9.785999999999999560e-03 1.683300000000000074e-02 -9.998099999999999765e-01 -5.799940000000000095e-01 -8.143899999999999473e-01 -1.938799999999999898e-02 -8.145620000000000083e-01 5.800739999999999785e-01 1.793000000000000106e-03
2.200000000000000000e+01 1.500000000000000000e+01 8.000000000000000000e+00 0.000000000000000000e+00 1.600000000000000089e+00 1.092199999999999942e-02 1.894600000000000103e-02 -9.997610000000000108e-01 -5.786639999999999562e-01 -8.152760000000000007e-01 -2.177199999999999969e-02 -8.154930000000000234e-01 5.787630000000000274e-01 2.059000000000000066e-03
2.900000000000000000e+01 1.500000000000000000e+01 8.000000000000000000e+00 0.000000000000000000e+00 1.600000000000000089e+00 9.124000000000000166e-03 2.184900000000000037e-02 -9.997200000000000530e-01 -5.739969999999999795e-01 -8.185310000000000086e-01 -2.312799999999999925e-02 -8.188069999999999515e-01 5.740469999999999740e-01 5.073000000000000252e-03
1.700000000000000000e+01 2.600000000000000000e+01 8.000000000000000000e+00 0.000000000000000000e+00 1.600000000000000089e+00 -8.649000000000000438e-03 -1.461299999999999925e-02 -9.998559999999999670e-01 4.046919999999999962e-01 9.142970000000000264e-01 -1.686299999999999952e-02 9.144120000000000026e-01 -4.047799999999999732e-01 -1.994000000000000113e-03
2.300000000000000000e+01 2.600000000000000000e+01 8.000000000000000000e+00 0.000000000000000000e+00 1.600000000000000089e+00 -6.559999999999999859e-03 -1.518700000000000085e-02 -9.998629999999999463e-01 4.110170000000000212e-01 9.114780000000000104e-01 -1.654100000000000015e-02 9.116039999999999699e-01 -4.110690000000000177e-01 2.629999999999999959e-04
2.700000000000000000e+01 2.600000000000000000e+01 8.000000000000000000e+00 0.000000000000000000e+00 1.600000000000000089e+00 -6.994000000000000217e-03 -2.416099999999999845e-02 -9.996840000000000170e-01 4.140499999999999736e-01 9.099140000000000006e-01 -2.488800000000000040e-02 9.102270000000000083e-01 -4.140929999999999889e-01 3.640000000000000006e-03
3.000000000000000000e+00 2.400000000000000000e+01 9.000000000000000000e+00 0.000000000000000000e+00 1.600000000000000089e+00 -4.972999999999999990e-03 -4.585999999999999799e-03 -9.999770000000000048e-01 4.535170000000000035e-01 8.912250000000000449e-01 -6.342999999999999680e-03 8.912339999999999707e-01 -4.535379999999999967e-01 -2.351999999999999924e-03
1.100000000000000000e+01 2.400000000000000000e+01 9.000000000000000000e+00 0.000000000000000000e+00 1.600000000000000089e+00 -5.398000000000000020e-03 -1.457499999999999941e-02 -9.998789999999999623e-01 4.573570000000000135e-01 8.891489999999999672e-01 -1.542999999999999927e-02 8.892670000000000297e-01 -4.573849999999999860e-01 1.866000000000000037e-03
2.100000000000000000e+01 2.400000000000000000e+01 9.000000000000000000e+00 0.000000000000000000e+00 1.600000000000000089e+00 -7.786999999999999651e-03 -1.407300000000000044e-02 -9.998709999999999543e-01 4.641609999999999903e-01 8.856049999999999756e-01 -1.607899999999999954e-02 8.857169999999999765e-01 -4.642260000000000275e-01 -3.640000000000000115e-04
2.700000000000000000e+01 2.400000000000000000e+01 9.000000000000000000e+00 0.000000000000000000e+00 1.600000000000000089e+00 -7.491000000000000263e-03 -2.846600000000000172e-02 -9.995669999999999833e-01 4.689760000000000040e-01 8.827460000000000306e-01 -2.865399999999999892e-02 8.831790000000000473e-01 -4.689869999999999872e-01 6.736999999999999933e-03
4.000000000000000000e+00 4.000000000000000000e+00 1.100000000000000000e+01 0.000000000000000000e+00 1.600000000000000089e+00 -1.477000000000000014e-03 -2.093700000000000075e-02 -9.997800000000000020e-01 1.824719999999999953e-01 9.829900000000000304e-01 -2.085599999999999954e-02 9.832100000000000284e-01 -1.824620000000000131e-01 2.367999999999999879e-03
1.400000000000000000e+01 4.000000000000000000e+00 1.100000000000000000e+01 0.000000000000000000e+00 1.600000000000000089e+00 -8.700000000000000051e-05 -1.616999999999999948e-03 -9.999989999999999712e-01 1.944339999999999957e-01 9.809139999999999526e-01 -1.603000000000000041e-03 9.809160000000000101e-01 -1.944339999999999957e-01 2.290000000000000098e-04
1.700000000000000000e+01 4.000000000000000000e+00 1.100000000000000000e+01 0.000000000000000000e+00 1.600000000000000089e+00 6.719999999999999628e-04 5.329000000000000403e-03 -9.999860000000000415e-01 1.912770000000000026e-01 9.815209999999999768e-01 5.359000000000000048e-03 9.815359999999999641e-01 -1.912780000000000036e-01 -3.600000000000000227e-04
2.100000000000000000e+01 4.000000000000000000e+00 1.100000000000000000e+01 0.000000000000000000e+00 1.600000000000000089e+00 2.250999999999999963e-03 2.270499999999999949e-02 -9.997399999999999620e-01 1.799419999999999908e-01 9.834140000000000104e-01 2.273899999999999880e-02 9.836749999999999661e-01 -1.799459999999999948e-01 -1.871999999999999966e-03
1.700000000000000000e+01 1.040000000000000000e+02 1.100000000000000000e+01 0.000000000000000000e+00 1.600000000000000089e+00 4.301000000000000136e-03 3.699999999999999811e-05 9.999909999999999632e-01 -9.751239999999999908e-01 -2.216210000000000124e-01 4.202000000000000006e-03 2.216190000000000104e-01 -9.751330000000000275e-01 -9.169999999999999549e-04
2.200000000000000000e+01 1.040000000000000000e+02 1.100000000000000000e+01 0.000000000000000000e+00 1.600000000000000089e+00 9.284999999999999851e-03 9.967000000000000165e-03 9.999069999999999903e-01 -9.737000000000000099e-01 -2.275520000000000043e-01 1.131000000000000061e-02 2.276440000000000130e-01 -9.737149999999999972e-01 7.591999999999999790e-03
3.000000000000000000e+00 3.100000000000000000e+01 1.200000000000000000e+01 0.000000000000000000e+00 1.600000000000000089e+00 4.670000000000000214e-04 -2.314999999999999784e-03 9.999970000000000248e-01 -2.122299999999999881e-02 9.997719999999999940e-01 2.324000000000000111e-03 -9.997749999999999693e-01 -2.122399999999999981e-02 4.169999999999999987e-04
1.300000000000000000e+01 3.100000000000000000e+01 1.200000000000000000e+01 0.000000000000000000e+00 1.600000000000000089e+00 -3.399999999999999973e-05 -6.669999999999999497e-04 1.000000000000000000e+00 -2.038399999999999934e-02 9.997920000000000140e-01 6.669999999999999497e-04 -9.997920000000000140e-01 -2.038399999999999934e-02 -4.699999999999999724e-05
2.000000000000000000e+01 3.100000000000000000e+01 1.200000000000000000e+01 0.000000000000000000e+00 1.600000000000000089e+00 2.642999999999999950e-03 3.374999999999999962e-03 9.999909999999999632e-01 -2.284500000000000072e-02 9.997340000000000115e-01 -3.314000000000000105e-03 -9.997359999999999580e-01 -2.283599999999999866e-02 2.719000000000000063e-03
3.000000000000000000e+01 3.100000000000000000e+01 1.200000000000000000e+01 0.000000000000000000e+00 1.600000000000000089e+00 -1.464999999999999939e-03 -1.156199999999999936e-02 9.999320000000000430e-01 -2.420299999999999882e-02 9.996410000000000018e-01 1.152300000000000026e-02 -9.997059999999999835e-01 -2.418500000000000164e-02 -1.744000000000000107e-03
2.000000000000000000e+01 3.500000000000000000e+01 1.200000000000000000e+01 0.000000000000000000e+00 1.600000000000000089e+00 3.201999999999999985e-03 2.165999999999999957e-03 -9.999930000000000208e-01 4.938509999999999844e-01 -8.695460000000000411e-01 -3.020000000000000223e-04 -8.695399999999999796e-01 -4.938469999999999804e-01 -3.853999999999999787e-03
2.300000000000000000e+01 3.500000000000000000e+01 1.200000000000000000e+01 0.000000000000000000e+00 1.600000000000000089e+00 2.379000000000000038e-03 -1.123000000000000083e-03 -9.999970000000000248e-01 4.992070000000000118e-01 -8.664800000000000280e-01 2.160000000000000028e-03 -8.664789999999999992e-01 -4.992110000000000158e-01 -1.500999999999999947e-03
2.700000000000000000e+01 3.500000000000000000e+01 1.200000000000000000e+01 0.000000000000000000e+00 1.600000000000000089e+00 -2.335999999999999969e-03 -2.492999999999999990e-03 -9.999940000000000495e-01 4.888620000000000188e-01 -8.723610000000000531e-01 1.033000000000000064e-03 -8.723579999999999668e-01 -4.888569999999999860e-01 3.256999999999999913e-03
4.000000000000000000e+00 3.000000000000000000e+00 1.300000000000000000e+01 0.000000000000000000e+00 1.600000000000000089e+00 -2.083000000000000216e-03 -2.266999999999999918e-02 9.997409999999999908e-01 -1.544000000000000060e-02 9.996249999999999858e-01 2.263499999999999887e-02 -9.998789999999999623e-01 -1.538899999999999990e-02 -2.432000000000000134e-03
2.800000000000000000e+01 3.000000000000000000e+00 1.300000000000000000e+01 0.000000000000000000e+00 1.600000000000000089e+00 2.348999999999999960e-03 4.380599999999999772e-02 9.990369999999999528e-01 -2.126499999999999918e-02 9.988160000000000371e-01 -4.374600000000000016e-02 -9.997709999999999653e-01 -2.114200000000000107e-02 3.278000000000000098e-03
6.000000000000000000e+00 3.200000000000000000e+01 1.400000000000000000e+01 0.000000000000000000e+00 1.600000000000000089e+00 -1.206999999999999957e-03 -2.926000000000000215e-03 -9.999949999999999672e-01 1.200900000000000023e-01 9.927580000000000293e-01 -3.049000000000000061e-03 9.927620000000000333e-01 -1.200930000000000053e-01 -8.469999999999999881e-04
8.000000000000000000e+00 3.200000000000000000e+01 1.400000000000000000e+01 0.000000000000000000e+00 1.600000000000000089e+00 -8.350000000000000217e-04 -3.262000000000000142e-03 -9.999940000000000495e-01 1.176999999999999991e-01 9.930440000000000378e-01 -3.337999999999999821e-03 9.930489999999999595e-01 -1.177020000000000011e-01 -4.449999999999999746e-04
1.800000000000000000e+01 3.200000000000000000e+01 1.400000000000000000e+01 0.000000000000000000e+00 1.600000000000000089e+00 -1.345999999999999974e-03 -8.299999999999999815e-05 -9.999989999999999712e-01 1.133300000000000002e-01 9.935570000000000235e-01 -2.349999999999999930e-04 9.935559999999999947e-01 -1.133300000000000002e-01 -1.327999999999999970e-03
2.400000000000000000e+01 3.200000000000000000e+01 1.400000000000000000e+01 0.000000000000000000e+00 1.600000000000000089e+00 6.059999999999999849e-04 4.519999999999999712e-03 -9.999900000000000455e-01 1.118519999999999931e-01 9.937139999999999862e-01 4.559999999999999817e-03 9.937249999999999694e-01 -1.118529999999999941e-01 9.699999999999999963e-05
3.000000000000000000e+00 1.200000000000000000e+01 1.500000000000000000e+01 0.000000000000000000e+00 1.600000000000000089e+00 2.560000000000000209e-03 -7.069999999999999462e-04 -9.999970000000000248e-01 -4.678559999999999941e-01 -8.838040000000000340e-01 -5.730000000000000501e-04 -8.838009999999999478e-01 4.678559999999999941e-01 -2.592999999999999819e-03
1.200000000000000000e+01 1.200000000000000000e+01 1.500000000000000000e+01 0.000000000000000000e+00 1.600000000000000089e+00 3.203999999999999817e-03 1.502000000000000080e-03 -9.999940000000000495e-01 -4.705570000000000030e-01 -8.823649999999999549e-01 -2.833000000000000015e-03 -8.823640000000000372e-01 4.705630000000000090e-01 -2.121000000000000055e-03
2.400000000000000000e+01 1.200000000000000000e+01 1.500000000000000000e+01 0.000000000000000000e+00 1.600000000000000089e+00 8.387999999999999623e-03 1.703199999999999853e-02 -9.998200000000000420e-01 -4.691029999999999922e-01 -8.829399999999999471e-01 -1.897700000000000081e-02 -8.831040000000000001e-01 4.691779999999999839e-01 5.829999999999999679e-04
3.000000000000000000e+01 1.200000000000000000e+01 1.500000000000000000e+01 0.000000000000000000e+00 1.600000000000000089e+00 6.477000000000000118e-03 1.067500000000000046e-02 -9.999219999999999775e-01 -4.689800000000000080e-01 -8.831210000000000448e-01 -1.246599999999999965e-02 -8.831849999999999978e-01 4.690239999999999965e-01 -7.140000000000000079e-04
6.000000000000000000e+00 1.100000000000000000e+01 1.600000000000000000e+01 0.000000000000000000e+00 1.600000000000000089e+00 1.204999999999999908e-03 1.100999999999999982e-03 -9.999989999999999712e-01 -4.148729999999999918e-01 -9.098779999999999646e-01 -1.502000000000000080e-03 -9.098789999999999933e-01 4.148740000000000205e-01 -6.400000000000000524e-04
1.200000000000000000e+01 1.100000000000000000e+01 1.600000000000000000e+01 0.000000000000000000e+00 1.600000000000000089e+00 2.314999999999999784e-03 1.824000000000000100e-03 -9.999959999999999960e-01 -4.198770000000000002e-01 -9.075769999999999671e-01 -2.628000000000000128e-03 -9.075779999999999959e-01 4.198810000000000042e-01 -1.335000000000000032e-03
1.900000000000000000e+01 1.100000000000000000e+01 1.600000000000000000e+01 0.000000000000000000e+00 1.600000000000000089e+00 4.314000000000000126e-03 3.066000000000000149e-03 -9.999860000000000415e-01 -4.212620000000000253e-01 -9.069270000000000387e-01 -4.597999999999999657e-03 -9.069289999999999852e-01 4.212759999999999838e-01 -2.621000000000000066e-03
2.100000000000000000e+01 1.160000000000000000e+02 1.600000000000000000e+01 0.000000000000000000e+00 1.600000000000000089e+00 5.975000000000000276e-03 4.867999999999999931e-03 9.999700000000000255e-01 7.285190000000000277e-01 6.849830000000000085e-01 -7.688000000000000389e-03 -6.850000000000000533e-01 7.285430000000000517e-01 5.460000000000000443e-04
2.000000000000000000e+00 2.000000000000000000e+00 1.900000000000000000e+01 0.000000000000000000e+00 1.600000000000000089e+00 -2.324999999999999810e-03 1.413999999999999892e-03 -9.999959999999999960e-01 2.075180000000000080e-01 -9.782290000000000152e-01 -1.864999999999999904e-03 -9.782279999999999864e-01 -2.075220000000000120e-01 1.981000000000000122e-03
7.000000000000000000e+00 2.000000000000000000e+00 1.900000000000000000e+01 0.000000000000000000e+00 1.600000000000000089e+00 -4.028999999999999596e-03 8.335000000000000395e-03 -9.999569999999999848e-01 2.064080000000000081e-01 -9.784249999999999892e-01 -8.987000000000000197e-03 -9.784580000000000499e-01 -2.064350000000000074e-01 2.222000000000000017e-03
1.200000000000000000e+01 2.000000000000000000e+00 1.900000000000000000e+01 0.000000000000000000e+00 1.600000000000000089e+00 -3.449999999999999833e-04 3.033999999999999805e-03 -9.999949999999999672e-01 1.981300000000000006e-01 -9.801710000000000145e-01 -3.041999999999999999e-03 -9.801760000000000472e-01 -1.981300000000000006e-01 -2.629999999999999959e-04
1.600000000000000000e+01 2.000000000000000000e+00 1.900000000000000000e+01 0.000000000000000000e+00 1.600000000000000089e+00 3.887999999999999963e-03 -1.729999999999999941e-02 -9.998430000000000373e-01 1.890600000000000058e-01 -9.818059999999999565e-01 1.772299999999999917e-02 -9.819579999999999975e-01 -1.890989999999999893e-01 -5.469999999999999602e-04
2.000000000000000000e+01 2.000000000000000000e+00 1.900000000000000000e+01 0.000000000000000000e+00 1.600000000000000089e+00 -2.159999999999999919e-04 -9.419000000000000289e-03 -9.999559999999999560e-01 1.859049999999999869e-01 -9.825249999999999817e-01 9.214999999999999233e-03 -9.825679999999999970e-01 -1.858950000000000047e-01 1.962999999999999901e-03
2.900000000000000000e+01 2.000000000000000000e+00 1.900000000000000000e+01 0.000000000000000000e+00 1.600000000000000089e+00 -2.128999999999999816e-03 2.620000000000000107e-02 -9.996540000000000425e-01 1.647800000000000098e-01 -9.859820000000000251e-01 -2.619300000000000100e-02 -9.863279999999999825e-01 -1.647790000000000088e-01 -2.217999999999999920e-03
4.000000000000000000e+00 1.300000000000000000e+01 2.000000000000000000e+01 0.000000000000000000e+00 1.600000000000000089e+00 3.004000000000000160e-03 1.564999999999999985e-03 9.999940000000000495e-01 2.622970000000000024e-01 9.649849999999999817e-01 -2.298000000000000129e-03 -9.649830000000000352e-01 2.623019999999999796e-01 2.488999999999999893e-03
7.000000000000000000e+00 1.300000000000000000e+01 2.000000000000000000e+01 0.000000000000000000e+00 1.600000000000000089e+00 1.211000000000000054e-03 -4.080000000000000293e-03 9.999909999999999632e-01 2.615439999999999987e-01 9.651849999999999596e-01 3.621000000000000087e-03 -9.651910000000000212e-01 2.615370000000000195e-01 2.236000000000000140e-03
1.200000000000000000e+01 1.300000000000000000e+01 2.000000000000000000e+01 0.000000000000000000e+00 1.600000000000000089e+00 -6.600000000000000506e-05 -5.727999999999999585e-03 9.999839999999999840e-01 2.608539999999999748e-01 9.653620000000000534e-01 5.546999999999999847e-03 -9.653779999999999584e-01 2.608500000000000263e-01 1.430999999999999980e-03
1.600000000000000000e+01 1.300000000000000000e+01 2.000000000000000000e+01 0.000000000000000000e+00 1.600000000000000089e+00 2.639999999999999986e-03 -3.780000000000000265e-04 9.999959999999999960e-01 2.578500000000000236e-01 9.661849999999999605e-01 -3.150000000000000131e-04 -9.661809999999999565e-01 2.578500000000000236e-01 2.648000000000000180e-03
2.400000000000000000e+01 1.300000000000000000e+01 2.000000000000000000e+01 0.000000000000000000e+00 1.600000000000000089e+00 -2.325999999999999943e-03 -8.342000000000000456e-03 9.999630000000000463e-01 2.540799999999999725e-01 9.671440000000000037e-01 8.659000000000000030e-03 -9.671800000000000397e-01 2.540910000000000113e-01 -1.299999999999999886e-04
2.800000000000000000e+01 1.300000000000000000e+01 2.000000000000000000e+01 0.000000000000000000e+00 1.600000000000000089e+00 -2.294000000000000032e-03 -1.038299999999999987e-02 9.999430000000000263e-01 2.539179999999999771e-01 9.671669999999999989e-01 1.062500000000000076e-02 -9.672230000000000549e-01 2.539279999999999871e-01 4.180000000000000230e-04
2.700000000000000000e+01 1.600000000000000000e+01 2.100000000000000000e+01 0.000000000000000000e+00 1.600000000000000089e+00 -2.740999999999999947e-03 -9.428999999999999881e-03 9.999519999999999520e-01 3.010740000000000083e-01 9.535500000000000087e-01 9.816999999999999338e-03 -9.535970000000000280e-01 3.010860000000000203e-01 2.249999999999999938e-04
2.100000000000000000e+01 3.000000000000000000e+00 2.500000000000000000e+01 0.000000000000000000e+00 1.600000000000000089e+00 -3.699999999999999811e-05 4.493999999999999731e-03 9.999900000000000455e-01 2.057600000000000054e-02 -9.997779999999999445e-01 4.493999999999999731e-03 9.997880000000000100e-01 2.057600000000000054e-02 -5.500000000000000196e-05
8.000000000000000000e+00 4.600000000000000000e+01 2.700000000000000000e+01 0.000000000000000000e+00 1.600000000000000089e+00 -1.722999999999999922e-03 -1.108999999999999960e-03 -9.999980000000000535e-01 6.622160000000000268e-01 7.493109999999999493e-01 -1.971999999999999795e-03 7.493109999999999493e-01 -6.622179999999999733e-01 -5.559999999999999621e-04
1.600000000000000000e+01 4.600000000000000000e+01 2.700000000000000000e+01 0.000000000000000000e+00 1.600000000000000089e+00 3.625000000000000184e-03 3.941000000000000059e-03 -9.999860000000000415e-01 6.680530000000000079e-01 7.440949999999999509e-01 5.354000000000000252e-03 7.441050000000000164e-01 -6.680620000000000447e-01 6.399999999999999710e-05
2.600000000000000000e+01 4.600000000000000000e+01 2.700000000000000000e+01 0.000000000000000000e+00 1.600000000000000089e+00 -6.369999999999999794e-04 6.700000000000000226e-05 -1.000000000000000000e+00 6.688520000000000021e-01 7.433959999999999457e-01 -3.759999999999999779e-04 7.433959999999999457e-01 -6.688520000000000021e-01 -5.180000000000000143e-04
6.000000000000000000e+00 4.600000000000000000e+01 3.000000000000000000e+01 0.000000000000000000e+00 1.600000000000000089e+00 -1.463000000000000108e-03 -4.194999999999999944e-03 -9.999900000000000455e-01 3.192780000000000062e-01 9.476510000000000211e-01 -4.442999999999999901e-03 9.476599999999999469e-01 -3.192820000000000102e-01 -4.699999999999999724e-05
3.000000000000000000e+01 4.600000000000000000e+01 3.000000000000000000e+01 0.000000000000000000e+00 1.600000000000000089e+00 9.129999999999999661e-04 1.217999999999999899e-03 -9.999989999999999712e-01 3.247410000000000019e-01 9.458020000000000316e-01 1.448999999999999984e-03 9.458020000000000316e-01 -3.247419999999999751e-01 4.679999999999999915e-04
6.000000000000000000e+00 5.800000000000000000e+01 3.100000000000000000e+01 0.000000000000000000e+00 1.600000000000000089e+00 -5.158000000000000258e-03 -1.073700000000000002e-02 9.999289999999999567e-01 -7.689470000000000471e-01 -6.392200000000000104e-01 -1.082999999999999935e-02 6.392910000000000537e-01 -7.689489999999999936e-01 -4.958999999999999866e-03
1.700000000000000000e+01 5.800000000000000000e+01 3.100000000000000000e+01 0.000000000000000000e+00 1.600000000000000089e+00 8.418999999999999401e-03 1.630500000000000005e-02 9.998320000000000540e-01 -7.663050000000000139e-01 -6.422539999999999916e-01 1.692600000000000007e-02 6.424220000000000486e-01 -7.663180000000000547e-01 7.087000000000000417e-03
2.300000000000000000e+01 5.800000000000000000e+01 3.100000000000000000e+01 0.000000000000000000e+00 1.600000000000000089e+00 1.521000000000000000e-03 6.062999999999999813e-03 9.999799999999999800e-01 -7.673050000000000148e-01 -6.412630000000000274e-01 5.054999999999999598e-03 6.412809999999999899e-01 -7.672980000000000356e-01 3.677000000000000147e-03
2.800000000000000000e+01 5.800000000000000000e+01 3.100000000000000000e+01 0.000000000000000000e+00 1.600000000000000089e+00 4.580000000000000195e-04 -5.083999999999999977e-03 9.999869999999999592e-01 -7.623790000000000289e-01 -6.471249999999999503e-01 -2.941000000000000038e-03 6.471310000000000118e-01 -7.623670000000000169e-01 -4.172000000000000361e-03
1.800000000000000000e+01 6.000000000000000000e+00 3.200000000000000000e+01 0.000000000000000000e+00 1.600000000000000089e+00 -5.427999999999999665e-03 -7.529999999999999801e-04 -9.999850000000000128e-01 1.768909999999999927e-01 9.842290000000000205e-01 -1.701000000000000038e-03 9.842149999999999510e-01 -1.768969999999999987e-01 -5.209000000000000088e-03
3.000000000000000000e+00 4.600000000000000000e+01 3.500000000000000000e+01 0.000000000000000000e+00 1.600000000000000089e+00 -1.203000000000000076e-03 1.134999999999999941e-03 -9.999989999999999712e-01 3.854770000000000141e-01 -9.227159999999999807e-01 -1.510999999999999973e-03 -9.227170000000000094e-01 -3.854779999999999873e-01 6.719999999999999628e-04
9.000000000000000000e+00 4.600000000000000000e+01 3.500000000000000000e+01 0.000000000000000000e+00 1.600000000000000089e+00 -1.105999999999999995e-03 3.007999999999999823e-03 -9.999949999999999672e-01 3.863039999999999807e-01 -9.223660000000000192e-01 -3.201999999999999985e-03 -9.223710000000000520e-01 -3.863050000000000095e-01 -1.410000000000000120e-04
1.700000000000000000e+01 4.600000000000000000e+01 3.500000000000000000e+01 0.000000000000000000e+00 1.600000000000000089e+00 2.171000000000000187e-03 3.049999999999999868e-04 -9.999980000000000535e-01 3.868440000000000212e-01 -9.221449999999999925e-01 5.590000000000000351e-04 -9.221430000000000460e-01 -3.868440000000000212e-01 -2.119999999999999923e-03
2.100000000000000000e+01 4.600000000000000000e+01 3.500000000000000000e+01 0.000000000000000000e+00 1.600000000000000089e+00 -9.070000000000000371e-04 1.521000000000000000e-03 -9.999980000000000535e-01 3.862479999999999802e-01 -9.223930000000000184e-01 -1.753000000000000001e-03 -9.223949999999999649e-01 -3.862490000000000090e-01 2.500000000000000052e-04
2.900000000000000000e+01 4.600000000000000000e+01 3.500000000000000000e+01 0.000000000000000000e+00 1.600000000000000089e+00 -1.574000000000000095e-03 4.457000000000000024e-03 -9.999890000000000168e-01 3.836939999999999795e-01 -9.234480000000000466e-01 -4.720000000000000237e-03 -9.234590000000000298e-01 -3.836970000000000103e-01 -2.559999999999999884e-04
5.000000000000000000e+00 9.500000000000000000e+01 3.600000000000000000e+01 0.000000000000000000e+00 1.600000000000000089e+00 1.779000000000000026e-02 -3.939999999999999817e-04 9.998420000000000085e-01 9.972569999999999490e-01 7.185999999999999333e-02 -1.771599999999999911e-02 -7.184100000000000208e-02 9.974150000000000515e-01 1.672000000000000092e-03
1.100000000000000000e+01 9.500000000000000000e+01 3.600000000000000000e+01 0.000000000000000000e+00 1.600000000000000089e+00 -5.800999999999999733e-03 -2.461100000000000093e-02 9.996800000000000130e-01 9.974469999999999725e-01 7.101699999999999680e-02 7.536000000000000164e-03 -7.117999999999999328e-02 9.971710000000000296e-01 2.413600000000000120e-02
1.700000000000000000e+01 9.500000000000000000e+01 3.600000000000000000e+01 0.000000000000000000e+00 1.600000000000000089e+00 -8.064999999999999253e-03 -6.661499999999999366e-02 9.977460000000000218e-01 9.980069999999999775e-01 6.191599999999999882e-02 1.220100000000000004e-02 -6.258900000000000574e-02 9.958559999999999635e-01 6.598299999999999998e-02
2.200000000000000000e+01 9.500000000000000000e+01 3.600000000000000000e+01 0.000000000000000000e+00 1.600000000000000089e+00 -3.976000000000000367e-03 -7.042999999999999781e-03 9.999670000000000503e-01 9.984690000000000509e-01 5.514399999999999857e-02 4.359000000000000027e-03 -5.517299999999999982e-02 9.984539999999999527e-01 6.812999999999999612e-03
2.600000000000000000e+01 9.500000000000000000e+01 3.600000000000000000e+01 0.000000000000000000e+00 1.600000000000000089e+00 2.026000000000000023e-03 8.893800000000000316e-02 9.960350000000000037e-01 9.978650000000000020e-01 6.484700000000000186e-02 -7.820000000000000562e-03 -6.528499999999999581e-02 9.939240000000000297e-01 -8.861700000000000133e-02
8.000000000000000000e+00 9.500000000000000000e+01 3.700000000000000000e+01 0.000000000000000000e+00 1.600000000000000089e+00 6.942000000000000254e-03 -1.691499999999999948e-02 9.998329999999999718e-01 9.958949999999999747e-01 9.035200000000000176e-02 -5.386000000000000162e-03 -9.024600000000000677e-02 9.957660000000000400e-01 1.747299999999999895e-02
2.000000000000000000e+00 3.000000000000000000e+00 4.300000000000000000e+01 0.000000000000000000e+00 1.600000000000000089e+00 -3.256999999999999913e-03 -1.932700000000000043e-02 -9.998080000000000300e-01 7.413290000000000157e-01 -6.710589999999999611e-01 1.055700000000000041e-02 -6.711340000000000083e-01 -7.411520000000000330e-01 1.651299999999999990e-02
8.000000000000000000e+00 3.000000000000000000e+00 4.300000000000000000e+01 0.000000000000000000e+00 1.600000000000000089e+00 -2.762000000000000132e-03 -8.056999999999999926e-03 -9.999639999999999640e-01 7.379890000000000061e-01 -6.748049999999999882e-01 3.397999999999999979e-03 -6.748079999999999634e-01 -7.379520000000000524e-01 7.810000000000000102e-03
2.300000000000000000e+01 3.000000000000000000e+00 4.300000000000000000e+01 0.000000000000000000e+00 1.600000000000000089e+00 3.054999999999999990e-03 -3.343000000000000051e-03 -9.999900000000000455e-01 7.417280000000000539e-01 -6.706860000000000044e-01 4.507999999999999854e-03 -6.706940000000000124e-01 -7.417340000000000044e-01 4.310000000000000137e-04
2.800000000000000000e+01 3.000000000000000000e+00 4.300000000000000000e+01 0.000000000000000000e+00 1.600000000000000089e+00 -4.475999999999999944e-03 -3.633499999999999924e-02 -9.993300000000000516e-01 7.401619999999999866e-01 -6.720970000000000555e-01 2.112199999999999842e-02 -6.724139999999999562e-01 -7.395709999999999784e-01 2.990200000000000150e-02
2.200000000000000000e+01 8.000000000000000000e+00 4.400000000000000000e+01 0.000000000000000000e+00 1.600000000000000089e+00 -1.115000000000000106e-03 -4.589000000000000197e-03 9.999890000000000168e-01 -7.686009999999999787e-01 -6.397169999999999801e-01 -3.792999999999999931e-03 6.397279999999999633e-01 -7.685959999999999459e-01 -2.814000000000000095e-03
7.000000000000000000e+00 2.900000000000000000e+01 4.400000000000000000e+01 0.000000000000000000e+00 1.600000000000000089e+00 -5.730000000000000501e-04 1.237000000000000035e-03 -9.999989999999999712e-01 6.626670000000000060e-01 7.489139999999999686e-01 5.460000000000000443e-04 7.489139999999999686e-01 -6.626659999999999773e-01 -1.248999999999999893e-03
1.800000000000000000e+01 2.900000000000000000e+01 4.400000000000000000e+01 0.000000000000000000e+00 1.600000000000000089e+00 2.739999999999999923e-04 7.600000000000000418e-04 -1.000000000000000000e+00 6.581120000000000303e-01 7.529190000000000049e-01 7.519999999999999558e-04 7.529200000000000337e-01 -6.581120000000000303e-01 -2.939999999999999905e-04
2.200000000000000000e+01 2.900000000000000000e+01 4.400000000000000000e+01 0.000000000000000000e+00 1.600000000000000089e+00 -2.481000000000000132e-03 -3.889000000000000096e-03 -9.999890000000000168e-01 6.589620000000000477e-01 7.521619999999999973e-01 -4.559999999999999817e-03 7.521719999999999517e-01 -6.589669999999999694e-01 6.970000000000000284e-04
3.000000000000000000e+01 2.900000000000000000e+01 4.400000000000000000e+01 0.000000000000000000e+00 1.600000000000000089e+00 -2.550000000000000183e-04 1.570999999999999914e-03 -9.999989999999999712e-01 6.678370000000000140e-01 7.443070000000000519e-01 9.990000000000001049e-04 7.443070000000000519e-01 -6.678359999999999852e-01 -1.239000000000000084e-03
2.500000000000000000e+01 5.400000000000000000e+01 4.600000000000000000e+01 0.000000000000000000e+00 1.600000000000000089e+00 -1.041000000000000042e-03 -2.497999999999999787e-03 9.999959999999999960e-01 3.023700000000000276e-01 -9.531880000000000353e-01 -2.066999999999999827e-03 9.531899999999999817e-01 3.023669999999999969e-01 1.747999999999999988e-03
2.800000000000000000e+01 7.000000000000000000e+01 4.700000000000000000e+01 0.000000000000000000e+00 1.600000000000000089e+00 2.030000000000000012e-04 1.946000000000000030e-03 -9.999980000000000535e-01 -8.378360000000000252e-01 -5.459209999999999896e-01 -1.232000000000000022e-03 -5.459220000000000184e-01 8.378339999999999677e-01 1.518999999999999951e-03
3.000000000000000000e+00 1.150000000000000000e+02 5.100000000000000000e+01 0.000000000000000000e+00 1.600000000000000089e+00 -1.031000000000000015e-03 -6.589000000000000239e-03 9.999780000000000335e-01 8.453180000000000138e-01 -5.342569999999999819e-01 -2.648999999999999879e-03 5.342620000000000147e-01 8.452969999999999651e-01 6.120999999999999705e-03
8.000000000000000000e+00 7.000000000000000000e+00 5.200000000000000000e+01 0.000000000000000000e+00 1.600000000000000089e+00 -2.279999999999999909e-03 -5.906999999999999924e-03 -9.999799999999999800e-01 9.895800000000000429e-02 -9.950759999999999605e-01 5.651999999999999906e-03 -9.950890000000000013e-01 -9.894300000000000317e-02 2.853000000000000067e-03
1.500000000000000000e+01 7.000000000000000000e+00 5.200000000000000000e+01 0.000000000000000000e+00 1.600000000000000089e+00 4.209999999999999875e-04 -4.819999999999999632e-03 -9.999879999999999880e-01 9.657499999999999418e-02 -9.953140000000000320e-01 4.838000000000000286e-03 -9.953260000000000440e-01 -9.657599999999999518e-02 4.600000000000000004e-05
2.600000000000000000e+01 7.000000000000000000e+00 5.200000000000000000e+01 0.000000000000000000e+00 1.600000000000000089e+00 -1.281900000000000053e-02 -8.585999999999999882e-03 -9.998810000000000198e-01 1.121349999999999986e-01 -9.936679999999999957e-01 7.094999999999999744e-03 -9.936099999999999932e-01 -1.120310000000000056e-01 1.370000000000000037e-02
2.200000000000000000e+01 1.500000000000000000e+01 5.300000000000000000e+01 0.000000000000000000e+00 1.600000000000000089e+00 -3.899999999999999929e-04 5.360000000000000181e-04 -1.000000000000000000e+00 6.799760000000000248e-01 7.332349999999999701e-01 1.279999999999999942e-04 7.332349999999999701e-01 -6.799760000000000248e-01 -6.499999999999999702e-04
7.000000000000000000e+00 6.300000000000000000e+01 5.400000000000000000e+01 0.000000000000000000e+00 1.600000000000000089e+00 -2.560000000000000209e-03 -1.443000000000000055e-03 9.999959999999999960e-01 -3.559370000000000034e-01 9.345099999999999518e-01 4.369999999999999970e-04 -9.345059999999999478e-01 -3.559350000000000014e-01 -2.906000000000000163e-03
1.500000000000000000e+01 6.300000000000000000e+01 5.400000000000000000e+01 0.000000000000000000e+00 1.600000000000000089e+00 3.609999999999999928e-04 -2.282999999999999873e-03 9.999970000000000248e-01 -3.510800000000000032e-01 9.363430000000000364e-01 2.263999999999999953e-03 -9.363460000000000116e-01 -3.510800000000000032e-01 -4.640000000000000027e-04
2.000000000000000000e+01 6.300000000000000000e+01 5.400000000000000000e+01 0.000000000000000000e+00 1.600000000000000089e+00 2.207000000000000194e-03 2.897999999999999968e-03 9.999930000000000208e-01 -3.501429999999999820e-01 9.366940000000000266e-01 -1.941000000000000017e-03 -9.366940000000000266e-01 -3.501360000000000028e-01 3.082000000000000104e-03
2.600000000000000000e+01 6.300000000000000000e+01 5.400000000000000000e+01 0.000000000000000000e+00 1.600000000000000089e+00 -1.046999999999999971e-03 -1.575999999999999927e-03 9.999980000000000535e-01 -3.574069999999999747e-01 9.339480000000000004e-01 1.098000000000000018e-03 -9.339480000000000004e-01 -3.574049999999999727e-01 -1.541000000000000052e-03
2.900000000000000000e+01 6.300000000000000000e+01 5.400000000000000000e+01 0.000000000000000000e+00 1.600000000000000089e+00 -2.923999999999999950e-03 -4.062999999999999771e-03 9.999869999999999592e-01 -3.586810000000000276e-01 9.334559999999999524e-01 2.743000000000000212e-03 -9.334559999999999524e-01 -3.586679999999999868e-01 -4.186999999999999750e-03
3.000000000000000000e+00 2.500000000000000000e+01 5.500000000000000000e+01 0.000000000000000000e+00 1.600000000000000089e+00 2.214999999999999955e-03 1.090999999999999956e-03 -9.999970000000000248e-01 -1.080799999999999990e-02 -9.999409999999999688e-01 -1.115000000000000106e-03 -9.999390000000000223e-01 1.081099999999999943e-02 -2.203000000000000097e-03
8.000000000000000000e+00 2.500000000000000000e+01 5.500000000000000000e+01 0.000000000000000000e+00 1.600000000000000089e+00 -7.200000000000000182e-05 -1.219000000000000031e-03 -9.999989999999999712e-01 -1.160600000000000000e-02 -9.999320000000000430e-01 1.219000000000000031e-03 -9.999329999999999607e-01 1.160600000000000000e-02 5.800000000000000034e-05
1.800000000000000000e+01 2.500000000000000000e+01 5.500000000000000000e+01 0.000000000000000000e+00 1.600000000000000089e+00 -6.600000000000000506e-05 3.001000000000000195e-03 -9.999949999999999672e-01 -1.369199999999999931e-02 -9.999019999999999575e-01 -3.000000000000000062e-03 -9.999059999999999615e-01 1.369100000000000004e-02 1.069999999999999988e-04
2.200000000000000000e+01 2.500000000000000000e+01 5.500000000000000000e+01 0.000000000000000000e+00 1.600000000000000089e+00 -1.428999999999999932e-03 3.103999999999999988e-03 -9.999940000000000495e-01 -1.192700000000000010e-02 -9.999240000000000350e-01 -3.086999999999999900e-03 -9.999280000000000390e-01 1.192299999999999957e-02 1.466000000000000072e-03
2.600000000000000000e+01 2.500000000000000000e+01 5.500000000000000000e+01 0.000000000000000000e+00 1.600000000000000089e+00 -2.916999999999999888e-03 2.883000000000000146e-03 -9.999919999999999920e-01 -1.009099999999999928e-02 -9.999449999999999728e-01 -2.854000000000000200e-03 -9.999449999999999728e-01 1.008299999999999995e-02 2.945999999999999834e-03
2.000000000000000000e+01 7.000000000000000000e+00 6.000000000000000000e+01 0.000000000000000000e+00 1.600000000000000089e+00 7.669999999999999951e-04 -2.547999999999999918e-03 9.999959999999999960e-01 5.723500000000000254e-01 -8.200060000000000127e-01 -2.528999999999999998e-03 8.200089999999999879e-01 5.723500000000000254e-01 8.289999999999999843e-04
