8.000000000000000000e+00 1.500000000000000000e+01 4.000000000000000000e+00 0.000000000000000000e+00 1.600000000000000089e+00 1.435000000000000078e-03 3.924000000000000404e-03 9.999909999999999632e-01 3.195029999999999815e-01 -9.475799999999999779e-01 3.259999999999999877e-03 9.475839999999999819e-01 3.194960000000000022e-01 -2.614000000000000004e-03
1.300000000000000000e+01 1.500000000000000000e+01 4.000000000000000000e+00 0.000000000000000000e+00 1.600000000000000089e+00 2.108000000000000065e-03 6.002999999999999656e-03 9.999799999999999800e-01 3.225589999999999846e-01 -9.465360000000000440e-01 5.002999999999999635e-03 9.465470000000000272e-01 3.225419999999999954e-01 -3.930999999999999599e-03
1.800000000000000000e+01 1.500000000000000000e+01 4.000000000000000000e+00 0.000000000000000000e+00 1.600000000000000089e+00 -3.129999999999999970e-03 -7.861999999999999197e-03 9.999639999999999640e-01 3.211439999999999850e-01 -9.470079999999999609e-01 -6.440000000000000412e-03 9.470250000000000057e-01 3.211120000000000085e-01 5.488999999999999956e-03
2.300000000000000000e+01 1.500000000000000000e+01 4.000000000000000000e+00 0.000000000000000000e+00 1.600000000000000089e+00 1.543000000000000101e-03 -6.066000000000000211e-03 9.999799999999999800e-01 3.236919999999999797e-01 -9.461420000000000385e-01 -6.238999999999999754e-03 9.461610000000000298e-01 3.236950000000000105e-01 5.039999999999999992e-04
2.400000000000000000e+01 1.900000000000000000e+01 5.000000000000000000e+00 0.000000000000000000e+00 1.600000000000000089e+00 -1.670000000000000043e-03 -4.982999999999999582e-03 -9.999860000000000415e-01 -6.742709999999999537e-01 -7.384680000000000133e-01 4.806000000000000376e-03 -7.384819999999999718e-01 6.742700000000000360e-01 -2.126999999999999984e-03
1.700000000000000000e+01 1.010000000000000000e+02 7.000000000000000000e+00 0.000000000000000000e+00 1.600000000000000089e+00 -6.008999999999999585e-03 1.467000000000000075e-02 9.998740000000000405e-01 8.810700000000000198e-01 4.729840000000000155e-01 -1.644999999999999978e-03 -4.729479999999999795e-01 8.809489999999999821e-01 -1.576800000000000077e-02
2.700000000000000000e+01 1.010000000000000000e+02 7.000000000000000000e+00 0.000000000000000000e+00 1.600000000000000089e+00 -1.374999999999999920e-03 -3.894600000000000145e-02 9.992400000000000171e-01 8.804729999999999501e-01 4.736879999999999979e-01 1.967400000000000052e-02 -4.740940000000000154e-01 8.798310000000000297e-01 3.364000000000000323e-02
5.000000000000000000e+00 2.500000000000000000e+01 8.000000000000000000e+00 0.000000000000000000e+00 1.600000000000000089e+00 -6.319999999999999663e-04 1.557000000000000007e-03 -9.999989999999999712e-01 4.520419999999999994e-01 8.919960000000000111e-01 1.103000000000000031e-03 8.919970000000000399e-01 -4.520399999999999974e-01 -1.266999999999999897e-03
1.000000000000000000e+01 2.500000000000000000e+01 8.000000000000000000e+00 0.000000000000000000e+00 1.600000000000000089e+00 -1.302999999999999905e-03 -1.312999999999999931e-03 -9.999980000000000535e-01 4.536180000000000212e-01 8.911940000000000417e-01 -1.760999999999999979e-03 8.911949999999999594e-01 -4.536200000000000232e-01 -5.659999999999999884e-04
1.600000000000000000e+01 2.500000000000000000e+01 8.000000000000000000e+00 0.000000000000000000e+00 1.600000000000000089e+00 -9.820000000000000170e-04 6.701999999999999624e-03 -9.999770000000000048e-01 4.530980000000000008e-01 8.914440000000000142e-01 5.529000000000000060e-03 8.914600000000000302e-01 -4.530819999999999848e-01 -3.911999999999999679e-03
1.900000000000000000e+01 2.500000000000000000e+01 8.000000000000000000e+00 0.000000000000000000e+00 1.600000000000000089e+00 -1.054000000000000032e-03 -2.191999999999999938e-03 -9.999970000000000248e-01 4.544039999999999746e-01 8.907920000000000282e-01 -2.432000000000000134e-03 8.907950000000000035e-01 -4.544050000000000034e-01 5.700000000000000314e-05
2.300000000000000000e+01 2.500000000000000000e+01 8.000000000000000000e+00 0.000000000000000000e+00 1.600000000000000089e+00 -8.859999999999999603e-04 1.250000000000000026e-03 -9.999989999999999712e-01 4.554239999999999955e-01 8.902740000000000098e-01 7.089999999999999948e-04 8.902740000000000098e-01 -4.554230000000000222e-01 -1.356999999999999916e-03
1.000000000000000000e+01 2.400000000000000000e+01 9.000000000000000000e+00 0.000000000000000000e+00 1.600000000000000089e+00 -1.266999999999999897e-03 -2.196000000000000035e-03 -9.999970000000000248e-01 4.554469999999999907e-01 8.902590000000000225e-01 -2.533000000000000095e-03 8.902619999999999978e-01 -4.554489999999999927e-01 -1.279999999999999942e-04
1.900000000000000000e+01 2.400000000000000000e+01 9.000000000000000000e+00 0.000000000000000000e+00 1.600000000000000089e+00 -1.250000000000000026e-03 -2.076000000000000154e-03 -9.999970000000000248e-01 4.559810000000000252e-01 8.899860000000000548e-01 -2.418000000000000010e-03 8.899890000000000301e-01 -4.559819999999999984e-01 -1.659999999999999963e-04
2.700000000000000000e+01 2.400000000000000000e+01 9.000000000000000000e+00 0.000000000000000000e+00 1.600000000000000089e+00 2.069999999999999900e-04 2.439999999999999949e-04 -1.000000000000000000e+00 4.579529999999999990e-01 8.889770000000000172e-01 3.119999999999999944e-04 8.889770000000000172e-01 -4.579529999999999990e-01 7.200000000000000182e-05
2.700000000000000000e+01 1.200000000000000000e+01 1.000000000000000000e+01 0.000000000000000000e+00 1.600000000000000089e+00 -1.922000000000000097e-03 -6.289999999999999584e-03 -9.999780000000000335e-01 -5.510460000000000358e-01 -8.344510000000000538e-01 6.308000000000000239e-03 -8.344730000000000203e-01 5.510460000000000358e-01 -1.861999999999999940e-03
6.000000000000000000e+00 3.100000000000000000e+01 1.200000000000000000e+01 0.000000000000000000e+00 1.600000000000000089e+00 -2.900000000000000017e-05 -2.658999999999999905e-03 9.999959999999999960e-01 -1.668800000000000144e-02 9.998569999999999958e-01 2.658999999999999905e-03 -9.998609999999999998e-01 -1.668800000000000144e-02 -7.299999999999999903e-05
5.000000000000000000e+00 3.500000000000000000e+01 1.200000000000000000e+01 0.000000000000000000e+00 1.600000000000000089e+00 -7.360000000000000006e-04 -2.197000000000000168e-03 -9.999970000000000248e-01 4.565190000000000081e-01 -8.897119999999999473e-01 1.618999999999999996e-03 -8.897129999999999761e-01 -4.565170000000000061e-01 1.657999999999999969e-03
1.000000000000000000e+01 3.500000000000000000e+01 1.200000000000000000e+01 0.000000000000000000e+00 1.600000000000000089e+00 1.552999999999999910e-03 6.799999999999999946e-05 -9.999989999999999712e-01 4.500339999999999896e-01 -8.930109999999999992e-01 6.380000000000000037e-04 -8.930099999999999705e-01 -4.500339999999999896e-01 -1.417000000000000074e-03
1.900000000000000000e+01 3.500000000000000000e+01 1.200000000000000000e+01 0.000000000000000000e+00 1.600000000000000089e+00 -5.890000000000000053e-04 -8.140000000000000534e-04 -9.999989999999999712e-01 4.166880000000000028e-01 -9.090489999999999959e-01 4.939999999999999730e-04 -9.090489999999999959e-01 -4.166880000000000028e-01 8.750000000000000182e-04
2.300000000000000000e+01 3.500000000000000000e+01 1.200000000000000000e+01 0.000000000000000000e+00 1.600000000000000089e+00 2.451000000000000054e-03 -6.035000000000000434e-03 -9.999789999999999512e-01 4.027530000000000276e-01 -9.152850000000000152e-01 6.511000000000000294e-03 -9.153050000000000352e-01 -4.027609999999999801e-01 1.879999999999999890e-04
2.900000000000000000e+01 3.200000000000000000e+01 1.400000000000000000e+01 0.000000000000000000e+00 1.600000000000000089e+00 -1.939999999999999993e-04 2.026000000000000023e-03 -9.999980000000000535e-01 1.058690000000000048e-01 9.943779999999999841e-01 1.994000000000000113e-03 9.943800000000000416e-01 -1.058690000000000048e-01 -4.070000000000000267e-04
1.000000000000000000e+01 1.200000000000000000e+01 1.500000000000000000e+01 0.000000000000000000e+00 1.600000000000000089e+00 -4.800000000000000122e-05 -1.209999999999999921e-03 -9.999989999999999712e-01 -4.635520000000000196e-01 -8.860689999999999955e-01 1.095000000000000053e-03 -8.860700000000000243e-01 4.635520000000000196e-01 -5.190000000000000386e-04
1.900000000000000000e+01 1.200000000000000000e+01 1.500000000000000000e+01 0.000000000000000000e+00 1.600000000000000089e+00 -1.512000000000000106e-03 -3.926999999999999935e-03 -9.999909999999999632e-01 -4.636460000000000026e-01 -8.860109999999999930e-01 4.179999999999999688e-03 -8.860190000000000010e-01 4.636480000000000046e-01 -4.809999999999999823e-04
8.000000000000000000e+00 1.160000000000000000e+02 1.600000000000000000e+01 0.000000000000000000e+00 1.600000000000000089e+00 2.707000000000000205e-03 7.212999999999999794e-03 9.999700000000000255e-01 7.360489999999999533e-01 6.768929999999999669e-01 -6.875000000000000035e-03 -6.769230000000000524e-01 7.360459999999999781e-01 -3.477000000000000056e-03
2.400000000000000000e+01 1.160000000000000000e+02 1.600000000000000000e+01 0.000000000000000000e+00 1.600000000000000089e+00 -1.119999999999999983e-04 1.783000000000000080e-03 9.999980000000000535e-01 7.587559999999999860e-01 6.513740000000000085e-01 -1.077000000000000049e-03 -6.513750000000000373e-01 7.587549999999999573e-01 -1.425999999999999967e-03
4.000000000000000000e+00 2.000000000000000000e+00 1.900000000000000000e+01 0.000000000000000000e+00 1.600000000000000089e+00 -8.229999999999999469e-04 1.188000000000000037e-03 -9.999989999999999712e-01 1.738339999999999885e-01 -9.847740000000000382e-01 -1.312999999999999931e-03 -9.847749999999999559e-01 -1.738349999999999895e-01 6.040000000000000447e-04
9.000000000000000000e+00 2.000000000000000000e+00 1.900000000000000000e+01 0.000000000000000000e+00 1.600000000000000089e+00 -4.090000000000000211e-04 5.322999999999999607e-03 -9.999860000000000415e-01 1.690190000000000026e-01 -9.855990000000000029e-01 -5.316000000000000413e-03 -9.856129999999999614e-01 -1.690190000000000026e-01 -4.960000000000000216e-04
1.900000000000000000e+01 2.000000000000000000e+00 1.900000000000000000e+01 0.000000000000000000e+00 1.600000000000000089e+00 -1.230000000000000082e-04 -4.772000000000000200e-03 -9.999890000000000168e-01 1.611720000000000097e-01 -9.869149999999999867e-01 4.689999999999999725e-03 -9.869259999999999700e-01 -1.611700000000000077e-01 8.909999999999999734e-04
2.300000000000000000e+01 2.000000000000000000e+00 1.900000000000000000e+01 0.000000000000000000e+00 1.600000000000000089e+00 -1.435999999999999993e-03 -1.820199999999999943e-02 -9.998329999999999718e-01 1.595580000000000054e-01 -9.870290000000000452e-01 1.773999999999999883e-02 -9.871879999999999544e-01 -1.595060000000000089e-01 4.322000000000000321e-03
2.800000000000000000e+01 2.000000000000000000e+00 1.900000000000000000e+01 0.000000000000000000e+00 1.600000000000000089e+00 -1.025000000000000086e-03 -3.168999999999999942e-03 -9.999940000000000495e-01 1.528609999999999969e-01 -9.882429999999999826e-01 2.975000000000000214e-03 -9.882469999999999866e-01 -1.528569999999999929e-01 1.497000000000000067e-03
5.000000000000000000e+00 4.000000000000000000e+00 2.000000000000000000e+01 0.000000000000000000e+00 1.600000000000000089e+00 -1.503999999999999912e-03 2.527000000000000166e-03 -9.999959999999999960e-01 2.581479999999999886e-01 -9.661009999999999875e-01 -2.830000000000000050e-03 -9.661039999999999628e-01 -2.581510000000000193e-01 8.009999999999999542e-04
3.000000000000000000e+00 1.300000000000000000e+01 2.000000000000000000e+01 0.000000000000000000e+00 1.600000000000000089e+00 2.033999999999999784e-03 -1.923999999999999929e-03 9.999959999999999960e-01 2.551689999999999792e-01 9.668959999999999777e-01 1.340999999999999961e-03 -9.668940000000000312e-01 2.551649999999999752e-01 2.458000000000000115e-03
9.000000000000000000e+00 1.300000000000000000e+01 2.000000000000000000e+01 0.000000000000000000e+00 1.600000000000000089e+00 1.279999999999999942e-04 9.690000000000000262e-04 1.000000000000000000e+00 2.520549999999999735e-01 9.677120000000000166e-01 -9.700000000000000505e-04 -9.677130000000000454e-01 2.520549999999999735e-01 -1.200000000000000030e-04
1.300000000000000000e+01 1.300000000000000000e+01 2.000000000000000000e+01 0.000000000000000000e+00 1.600000000000000089e+00 4.749999999999999990e-04 -2.864999999999999925e-03 9.999959999999999960e-01 2.500959999999999850e-01 9.682169999999999943e-01 2.654999999999999808e-03 -9.682209999999999983e-01 2.500939999999999830e-01 1.177000000000000095e-03
2.000000000000000000e+01 1.300000000000000000e+01 2.000000000000000000e+01 0.000000000000000000e+00 1.600000000000000089e+00 3.000000000000000076e-05 -8.980000000000000352e-04 1.000000000000000000e+00 2.514109999999999956e-01 9.678799999999999626e-01 8.610000000000000032e-04 -9.678799999999999626e-01 2.514109999999999956e-01 2.550000000000000183e-04
3.000000000000000000e+00 1.600000000000000000e+01 2.100000000000000000e+01 0.000000000000000000e+00 1.600000000000000089e+00 2.311000000000000120e-03 -2.579000000000000129e-03 9.999940000000000495e-01 2.990849999999999898e-01 9.542249999999999899e-01 1.768999999999999956e-03 -9.542239999999999611e-01 2.990789999999999837e-01 2.977000000000000045e-03
1.100000000000000000e+01 1.600000000000000000e+01 2.100000000000000000e+01 0.000000000000000000e+00 1.600000000000000089e+00 2.400000000000000061e-05 -5.150000000000000498e-04 1.000000000000000000e+00 2.983990000000000253e-01 9.544409999999999838e-01 4.850000000000000253e-04 -9.544409999999999838e-01 2.983990000000000253e-01 1.759999999999999954e-04
1.600000000000000000e+01 1.600000000000000000e+01 2.100000000000000000e+01 0.000000000000000000e+00 1.600000000000000089e+00 7.299999999999999903e-05 -6.712000000000000084e-03 9.999770000000000048e-01 2.973500000000000032e-01 9.547470000000000123e-01 6.386000000000000183e-03 -9.547689999999999788e-01 2.973430000000000240e-01 2.066000000000000128e-03
2.500000000000000000e+01 1.600000000000000000e+01 2.100000000000000000e+01 0.000000000000000000e+00 1.600000000000000089e+00 2.072000000000000057e-03 1.059399999999999925e-02 9.999419999999999975e-01 2.987659999999999760e-01 9.542659999999999476e-01 -1.072900000000000069e-02 -9.543239999999999501e-01 2.987710000000000088e-01 -1.188000000000000037e-03
2.800000000000000000e+01 1.600000000000000000e+01 2.100000000000000000e+01 0.000000000000000000e+00 1.600000000000000089e+00 1.309000000000000051e-03 1.222799999999999929e-02 9.999240000000000350e-01 2.974530000000000229e-01 9.546599999999999531e-01 -1.206400000000000007e-02 -9.547350000000000003e-01 2.974470000000000169e-01 -2.387999999999999932e-03
1.000000000000000000e+00 3.000000000000000000e+00 2.500000000000000000e+01 0.000000000000000000e+00 1.600000000000000089e+00 2.308999999999999855e-03 3.867999999999999911e-03 9.999900000000000455e-01 -4.129399999999999737e-02 -9.991389999999999993e-01 3.959999999999999978e-03 9.991440000000000321e-01 -4.130299999999999944e-02 -2.147000000000000037e-03
2.900000000000000000e+01 3.000000000000000000e+00 2.500000000000000000e+01 0.000000000000000000e+00 1.600000000000000089e+00 -5.028999999999999616e-03 8.500000000000000611e-03 9.999510000000000343e-01 -4.214799999999999797e-02 -9.990769999999999929e-01 8.281000000000000166e-03 9.990989999999999593e-01 -4.210400000000000253e-02 5.381999999999999632e-03
5.000000000000000000e+00 4.600000000000000000e+01 2.700000000000000000e+01 0.000000000000000000e+00 1.600000000000000089e+00 -7.950000000000000252e-04 9.560000000000000355e-04 -9.999989999999999712e-01 6.654480000000000395e-01 7.464439999999999964e-01 1.849999999999999973e-04 7.464439999999999964e-01 -6.654470000000000107e-01 -1.229999999999999974e-03
1.900000000000000000e+01 4.600000000000000000e+01 2.700000000000000000e+01 0.000000000000000000e+00 1.600000000000000089e+00 2.062000000000000031e-03 -2.762000000000000132e-03 -9.999940000000000495e-01 6.730570000000000164e-01 7.395899999999999697e-01 -6.539999999999999590e-04 7.395880000000000232e-01 -6.730519999999999836e-01 3.383999999999999855e-03
8.000000000000000000e+00 4.600000000000000000e+01 3.000000000000000000e+01 0.000000000000000000e+00 1.600000000000000089e+00 4.290000000000000193e-04 2.199999999999999943e-05 -1.000000000000000000e+00 3.295870000000000188e-01 9.441249999999999920e-01 1.620000000000000075e-04 9.441249999999999920e-01 -3.295870000000000188e-01 3.980000000000000248e-04
2.900000000000000000e+01 5.000000000000000000e+01 3.000000000000000000e+01 0.000000000000000000e+00 1.600000000000000089e+00 -1.284389999999999976e-01 -3.632489999999999886e-01 -9.227969999999999784e-01 5.415659999999999918e-01 -8.051989999999999981e-01 2.415799999999999892e-01 -8.307889999999999997e-01 -4.687270000000000048e-01 3.001420000000000199e-01
3.000000000000000000e+00 5.800000000000000000e+01 3.100000000000000000e+01 0.000000000000000000e+00 1.600000000000000089e+00 2.295999999999999864e-03 3.540999999999999877e-03 9.999909999999999632e-01 -7.696619999999999573e-01 -6.384389999999999787e-01 4.028000000000000330e-03 6.384469999999999867e-01 -7.696640000000000148e-01 1.260000000000000052e-03
8.000000000000000000e+00 5.800000000000000000e+01 3.100000000000000000e+01 0.000000000000000000e+00 1.600000000000000089e+00 1.186999999999999904e-03 2.310000000000000042e-04 9.999989999999999712e-01 -7.722130000000000383e-01 -6.353619999999999823e-01 1.064000000000000059e-03 6.353619999999999823e-01 -7.722139999999999560e-01 -5.760000000000000146e-04
1.600000000000000000e+01 5.800000000000000000e+01 3.100000000000000000e+01 0.000000000000000000e+00 1.600000000000000089e+00 2.639599999999999932e-02 -8.891899999999999804e-02 9.956890000000000462e-01 -7.646990000000000176e-01 -6.433149999999999702e-01 -3.717800000000000271e-02 6.438469999999999471e-01 -7.604210000000000136e-01 -8.497699999999999698e-02
3.000000000000000000e+00 7.600000000000000000e+01 3.200000000000000000e+01 0.000000000000000000e+00 1.600000000000000089e+00 9.345339999999999758e-01 -1.563350000000000017e-01 -3.196950000000000069e-01 1.875030000000000030e-01 9.798409999999999620e-01 6.895500000000000240e-02 3.024700000000000166e-01 -1.243849999999999956e-01 9.450079999999999592e-01
2.000000000000000000e+01 5.600000000000000000e+01 3.300000000000000000e+01 0.000000000000000000e+00 1.600000000000000089e+00 -2.587729999999999753e-01 -3.136329999999999951e-01 -9.136030000000000539e-01 4.600380000000000025e-01 -8.716789999999999816e-01 1.689380000000000048e-01 -8.493540000000000534e-01 -3.765760000000000218e-01 3.698500000000000121e-01
5.000000000000000000e+00 4.600000000000000000e+01 3.500000000000000000e+01 0.000000000000000000e+00 1.600000000000000089e+00 -8.540000000000000499e-04 2.967000000000000019e-03 -9.999949999999999672e-01 3.921450000000000213e-01 -9.198979999999999935e-01 -3.065000000000000016e-03 -9.199030000000000262e-01 -3.921459999999999946e-01 -3.780000000000000265e-04
9.000000000000000000e+00 4.600000000000000000e+01 3.500000000000000000e+01 0.000000000000000000e+00 1.600000000000000089e+00 -8.670000000000000406e-04 3.758000000000000056e-03 -9.999930000000000208e-01 3.937019999999999964e-01 -9.192299999999999915e-01 -3.795999999999999895e-03 -9.192379999999999995e-01 -3.937030000000000252e-01 -6.830000000000000134e-04
1.200000000000000000e+01 4.600000000000000000e+01 3.500000000000000000e+01 0.000000000000000000e+00 1.600000000000000089e+00 2.900000000000000017e-04 -9.265999999999999931e-03 -9.999569999999999848e-01 3.956120000000000192e-01 -9.183769999999999989e-01 8.625000000000000722e-03 -9.184179999999999566e-01 -3.955969999999999764e-01 3.399999999999999811e-03
1.900000000000000000e+01 4.600000000000000000e+01 3.500000000000000000e+01 0.000000000000000000e+00 1.600000000000000089e+00 -3.089499999999999885e-02 -1.700329999999999897e-01 -9.849539999999999962e-01 3.606969999999999898e-01 -9.209190000000000431e-01 1.476639999999999897e-01 -9.321709999999999718e-01 -3.507080000000000197e-01 8.978200000000000069e-02
1.400000000000000000e+01 9.500000000000000000e+01 3.600000000000000000e+01 0.000000000000000000e+00 1.600000000000000089e+00 -2.449700000000000141e-02 5.475599999999999912e-02 9.981989999999999474e-01 9.957840000000000025e-01 8.963300000000000434e-02 1.952100000000000016e-02 -8.840299999999999547e-02 9.944690000000000474e-01 -5.672100000000000058e-02
1.900000000000000000e+01 9.500000000000000000e+01 3.600000000000000000e+01 0.000000000000000000e+00 1.600000000000000089e+00 -3.289999999999999739e-04 2.860700000000000048e-02 9.995910000000000073e-01 9.976030000000000175e-01 6.918000000000000538e-02 -1.650999999999999907e-03 -6.919799999999999562e-02 9.971940000000000248e-01 -2.856099999999999958e-02
2.500000000000000000e+01 9.500000000000000000e+01 3.600000000000000000e+01 0.000000000000000000e+00 1.600000000000000089e+00 9.289999999999999647e-03 6.675999999999999643e-03 9.999339999999999895e-01 9.970020000000000548e-01 7.675099999999999978e-02 -9.775999999999999968e-03 -7.681100000000000427e-02 9.970280000000000253e-01 -5.943000000000000366e-03
1.000000000000000000e+00 2.900000000000000000e+01 4.400000000000000000e+01 0.000000000000000000e+00 1.600000000000000089e+00 -4.079000000000000160e-03 -4.656000000000000416e-03 -9.999810000000000088e-01 6.663790000000000546e-01 7.455880000000000285e-01 -6.189000000000000057e-03 7.456019999999999870e-01 -6.663909999999999556e-01 6.099999999999999872e-05
5.000000000000000000e+00 2.900000000000000000e+01 4.400000000000000000e+01 0.000000000000000000e+00 1.600000000000000089e+00 -3.431000000000000022e-03 -3.354000000000000210e-03 -9.999879999999999880e-01 6.688809999999999478e-01 7.433539999999999592e-01 -4.787999999999999722e-03 7.433610000000000495e-01 -6.688899999999999846e-01 -3.069999999999999812e-04
9.000000000000000000e+00 2.900000000000000000e+01 4.400000000000000000e+01 0.000000000000000000e+00 1.600000000000000089e+00 4.730000000000000046e-04 -5.860000000000000408e-04 -1.000000000000000000e+00 6.694679999999999520e-01 7.428409999999999735e-01 -1.190000000000000058e-04 7.428409999999999735e-01 -6.694679999999999520e-01 7.439999999999999782e-04
1.500000000000000000e+01 2.900000000000000000e+01 4.400000000000000000e+01 0.000000000000000000e+00 1.600000000000000089e+00 2.530000000000000239e-04 8.210000000000000067e-04 -1.000000000000000000e+00 6.622639999999999638e-01 7.492710000000000203e-01 7.820000000000000345e-04 7.492710000000000203e-01 -6.622639999999999638e-01 -3.539999999999999853e-04
2.100000000000000000e+01 2.900000000000000000e+01 4.400000000000000000e+01 0.000000000000000000e+00 1.600000000000000089e+00 -3.177999999999999835e-03 -1.520000000000000084e-04 -9.999949999999999672e-01 6.580850000000000311e-01 7.529400000000000537e-01 -2.206000000000000062e-03 7.529369999999999674e-01 -6.580890000000000351e-01 -2.292999999999999899e-03
2.600000000000000000e+01 2.900000000000000000e+01 4.400000000000000000e+01 0.000000000000000000e+00 1.600000000000000089e+00 7.910000000000000364e-04 2.599999999999999881e-03 -9.999959999999999960e-01 6.584419999999999717e-01 7.526270000000000460e-01 2.477000000000000035e-03 7.526310000000000500e-01 -6.584410000000000540e-01 -1.116999999999999937e-03
6.000000000000000000e+00 5.000000000000000000e+01 4.500000000000000000e+01 0.000000000000000000e+00 1.600000000000000089e+00 -5.625139999999999585e-01 1.143160000000000009e-01 -8.188469999999999915e-01 -2.975090000000000234e-01 -9.520399999999999974e-01 7.146600000000000175e-02 -7.714050000000000074e-01 2.838149999999999840e-01 5.695459999999999967e-01
2.700000000000000000e+01 6.000000000000000000e+01 4.600000000000000000e+01 0.000000000000000000e+00 1.600000000000000089e+00 -4.180380000000000207e-01 -2.557389999999999941e-01 8.716890000000000471e-01 2.720230000000000148e-01 8.802860000000000129e-01 3.887160000000000060e-01 -8.667460000000000164e-01 3.996170000000000000e-01 -2.984260000000000246e-01
5.000000000000000000e+00 7.000000000000000000e+01 4.700000000000000000e+01 0.000000000000000000e+00 1.600000000000000089e+00 -1.072599999999999942e-02 1.175200000000000029e-02 -9.998730000000000118e-01 -8.447649999999999881e-01 -5.351310000000000233e-01 2.772000000000000158e-03 -5.350310000000000343e-01 8.446869999999999656e-01 1.566800000000000137e-02
1.100000000000000000e+01 5.000000000000000000e+00 5.100000000000000000e+01 0.000000000000000000e+00 1.600000000000000089e+00 1.041000000000000042e-03 2.956999999999999993e-03 -9.999949999999999672e-01 4.898390000000000244e-01 -8.718099999999999739e-01 -2.067999999999999960e-03 -8.718120000000000314e-01 -4.898350000000000204e-01 -2.356000000000000021e-03
1.400000000000000000e+01 5.000000000000000000e+00 5.100000000000000000e+01 0.000000000000000000e+00 1.600000000000000089e+00 -1.620000000000000075e-04 6.740000000000000331e-03 -9.999770000000000048e-01 4.882790000000000186e-01 -8.726669999999999705e-01 -5.961000000000000153e-03 -8.726880000000000193e-01 -4.882690000000000086e-01 -3.148999999999999889e-03
1.900000000000000000e+01 5.000000000000000000e+00 5.100000000000000000e+01 0.000000000000000000e+00 1.600000000000000089e+00 -5.689999999999999529e-04 6.394999999999999643e-03 -9.999789999999999512e-01 4.829249999999999932e-01 -8.756420000000000314e-01 -5.873999999999999881e-03 -8.756610000000000227e-01 -4.829189999999999872e-01 -2.589999999999999854e-03
2.300000000000000000e+01 5.000000000000000000e+00 5.100000000000000000e+01 0.000000000000000000e+00 1.600000000000000089e+00 -1.931999999999999907e-03 -4.061999999999999639e-03 -9.999900000000000455e-01 4.845990000000000020e-01 -8.747319999999999540e-01 2.616999999999999969e-03 -8.747340000000000115e-01 -4.845889999999999920e-01 3.657999999999999793e-03
2.500000000000000000e+01 1.150000000000000000e+02 5.100000000000000000e+01 0.000000000000000000e+00 1.600000000000000089e+00 1.966999999999999998e-03 1.075999999999999917e-03 9.999970000000000248e-01 8.473600000000000021e-01 -5.310169999999999613e-01 -1.095000000000000053e-03 5.310150000000000148e-01 8.473600000000000021e-01 -1.955999999999999839e-03
5.000000000000000000e+00 7.000000000000000000e+00 5.200000000000000000e+01 0.000000000000000000e+00 1.600000000000000089e+00 -3.900999999999999954e-03 -8.647999999999999438e-03 -9.999550000000000383e-01 1.109679999999999972e-01 -9.937899999999999512e-01 8.162000000000000852e-03 -9.938160000000000327e-01 -1.109320000000000028e-01 4.837000000000000154e-03
2.500000000000000000e+01 7.000000000000000000e+00 5.200000000000000000e+01 0.000000000000000000e+00 1.600000000000000089e+00 -1.732999999999999948e-03 -5.455999999999999912e-03 -9.999839999999999840e-01 9.905600000000000516e-02 -9.950679999999999525e-01 5.257999999999999653e-03 -9.950799999999999645e-01 -9.904599999999999516e-02 2.265000000000000086e-03
2.000000000000000000e+00 6.300000000000000000e+01 5.400000000000000000e+01 0.000000000000000000e+00 1.600000000000000089e+00 -2.478000000000000168e-03 -7.905000000000000568e-03 9.999660000000000215e-01 -3.448550000000000226e-01 9.386330000000000506e-01 6.564999999999999655e-03 -9.386529999999999596e-01 -3.448269999999999946e-01 -5.052000000000000067e-03
1.000000000000000000e+01 6.300000000000000000e+01 5.400000000000000000e+01 0.000000000000000000e+00 1.600000000000000089e+00 -4.629999999999999784e-04 -3.814000000000000116e-03 9.999930000000000208e-01 -3.332849999999999979e-01 9.428199999999999914e-01 3.442000000000000181e-03 -9.428260000000000529e-01 -3.332809999999999939e-01 -1.708000000000000100e-03
8.000000000000000000e+00 2.500000000000000000e+01 5.500000000000000000e+01 0.000000000000000000e+00 1.600000000000000089e+00 1.379000000000000017e-03 5.093000000000000305e-03 -9.999860000000000415e-01 -1.251400000000000082e-02 -9.999090000000000478e-01 -5.109999999999999959e-03 -9.999209999999999487e-01 1.252099999999999914e-02 -1.314999999999999980e-03
1.400000000000000000e+01 5.200000000000000000e+01 5.700000000000000000e+01 0.000000000000000000e+00 1.600000000000000089e+00 8.931200000000000250e-02 4.685619999999999785e-01 8.789040000000000186e-01 3.190819999999999768e-01 -8.493829999999999991e-01 4.203999999999999959e-01 9.435090000000000421e-01 2.428960000000000008e-01 -2.253699999999999870e-01
2.400000000000000000e+01 6.800000000000000000e+01 5.700000000000000000e+01 0.000000000000000000e+00 1.600000000000000089e+00 -4.937000000000000416e-03 9.603999999999999690e-03 -9.999419999999999975e-01 -2.358220000000000038e-01 -9.717620000000000147e-01 -8.168999999999999179e-03 -9.717839999999999812e-01 2.357680000000000053e-01 7.062999999999999834e-03
5.000000000000000000e+00 2.100000000000000000e+01 6.000000000000000000e+01 0.000000000000000000e+00 1.600000000000000089e+00 -2.037000000000000182e-03 -2.965999999999999887e-03 9.999940000000000495e-01 -9.790500000000000591e-02 9.951919999999999655e-01 2.752000000000000106e-03 -9.951940000000000230e-01 -9.789899999999999991e-02 -2.318000000000000182e-03
1.400000000000000000e+01 2.100000000000000000e+01 6.000000000000000000e+01 0.000000000000000000e+00 1.600000000000000089e+00 4.119999999999999856e-04 -1.028100000000000021e-02 9.999470000000000303e-01 -9.643400000000000583e-02 9.952860000000000040e-01 1.027199999999999988e-02 -9.953389999999999738e-01 -9.643300000000000483e-02 -5.820000000000000520e-04
1.900000000000000000e+01 2.100000000000000000e+01 6.000000000000000000e+01 0.000000000000000000e+00 1.600000000000000089e+00 3.000000000000000076e-05 9.229999999999999923e-04 1.000000000000000000e+00 -9.734900000000000497e-02 9.952499999999999680e-01 -9.160000000000000390e-04 -9.952499999999999680e-01 -9.734900000000000497e-02 1.190000000000000058e-04
2.600000000000000000e+01 2.100000000000000000e+01 6.000000000000000000e+01 0.000000000000000000e+00 1.600000000000000089e+00 -8.059999999999999673e-04 8.940000000000000030e-03 9.999599999999999600e-01 -9.585200000000000664e-02 9.953549999999999898e-01 -8.975999999999999604e-03 -9.953950000000000298e-01 -9.585499999999999576e-02 5.399999999999999798e-05
2.900000000000000000e+01 2.100000000000000000e+01 6.000000000000000000e+01 0.000000000000000000e+00 1.600000000000000089e+00 -2.509999999999999753e-04 6.999000000000000013e-03 9.999749999999999472e-01 -9.562600000000000267e-02 9.953929999999999723e-01 -6.990999999999999819e-03 -9.954169999999999963e-01 -9.562500000000000167e-02 4.189999999999999931e-04
1.600000000000000000e+01 3.000000000000000000e+00 6.300000000000000000e+01 0.000000000000000000e+00 1.600000000000000089e+00 -7.089999999999999948e-04 7.029999999999999574e-04 9.999989999999999712e-01 -6.149149999999999894e-01 7.885929999999999884e-01 -9.899999999999999946e-04 -7.885929999999999884e-01 -6.149149999999999894e-01 -1.269999999999999970e-04
7.000000000000000000e+00 2.700000000000000000e+01 6.300000000000000000e+01 0.000000000000000000e+00 1.600000000000000089e+00 -5.670000000000000127e-04 6.380000000000000037e-04 1.000000000000000000e+00 -2.788709999999999800e-01 9.603279999999999594e-01 -7.709999999999999840e-04 -9.603279999999999594e-01 -2.788720000000000088e-01 -3.660000000000000059e-04
1.200000000000000000e+01 2.700000000000000000e+01 6.300000000000000000e+01 0.000000000000000000e+00 1.600000000000000089e+00 9.479999999999999495e-04 -1.214000000000000018e-03 9.999989999999999712e-01 -2.793590000000000240e-01 9.601859999999999840e-01 1.430999999999999980e-03 -9.601859999999999840e-01 -2.793599999999999972e-01 5.710000000000000015e-04
1.400000000000000000e+01 2.700000000000000000e+01 6.300000000000000000e+01 0.000000000000000000e+00 1.600000000000000089e+00 3.570000000000000040e-04 -2.027000000000000156e-03 9.999980000000000535e-01 -2.787399999999999878e-01 9.603639999999999954e-01 2.046000000000000076e-03 -9.603660000000000529e-01 -2.787410000000000165e-01 -2.220000000000000022e-04
1.800000000000000000e+01 2.700000000000000000e+01 6.300000000000000000e+01 0.000000000000000000e+00 1.600000000000000089e+00 6.310000000000000504e-04 -2.635000000000000189e-03 9.999959999999999960e-01 -2.781270000000000131e-01 9.605409999999999782e-01 2.707000000000000205e-03 -9.605439999999999534e-01 -2.781279999999999863e-01 -1.259999999999999998e-04
2.300000000000000000e+01 2.700000000000000000e+01 6.300000000000000000e+01 0.000000000000000000e+00 1.600000000000000089e+00 1.397999999999999937e-03 -4.333000000000000046e-03 9.999900000000000455e-01 -2.788059999999999983e-01 9.603369999999999962e-01 4.551000000000000358e-03 -9.603469999999999507e-01 -2.788089999999999735e-01 1.350000000000000017e-04
2.800000000000000000e+01 2.700000000000000000e+01 6.300000000000000000e+01 0.000000000000000000e+00 1.600000000000000089e+00 -6.589999999999999721e-04 5.230000000000000274e-04 1.000000000000000000e+00 -2.716239999999999766e-01 9.624030000000000085e-01 -6.830000000000000134e-04 -9.624030000000000085e-01 -2.716239999999999766e-01 -4.920000000000000328e-04
6.000000000000000000e+00 2.600000000000000000e+01 6.400000000000000000e+01 0.000000000000000000e+00 1.600000000000000089e+00 -9.039999999999999642e-04 -1.093999999999999920e-03 9.999989999999999712e-01 -3.637210000000000165e-01 9.315080000000000027e-01 6.899999999999999667e-04 -9.315069999999999739e-01 -3.637199999999999878e-01 -1.240000000000000000e-03
1.300000000000000000e+01 2.600000000000000000e+01 6.400000000000000000e+01 0.000000000000000000e+00 1.600000000000000089e+00 9.409999999999999962e-04 -1.958000000000000105e-03 9.999980000000000535e-01 -3.627799999999999914e-01 9.318720000000000336e-01 2.165999999999999957e-03 -9.318739999999999801e-01 -3.627819999999999934e-01 1.659999999999999963e-04
1.900000000000000000e+01 2.600000000000000000e+01 6.400000000000000000e+01 0.000000000000000000e+00 1.600000000000000089e+00 1.503999999999999912e-03 -2.663000000000000003e-03 9.999949999999999672e-01 -3.642360000000000042e-01 9.313019999999999632e-01 3.027999999999999876e-03 -9.313050000000000495e-01 -3.642389999999999795e-01 4.299999999999999894e-04
2.300000000000000000e+01 2.600000000000000000e+01 6.400000000000000000e+01 0.000000000000000000e+00 1.600000000000000089e+00 1.897000000000000032e-03 -4.517000000000000182e-03 9.999879999999999880e-01 -3.642259999999999942e-01 9.312979999999999592e-01 4.897999999999999576e-03 -9.313090000000000535e-01 -3.642310000000000270e-01 1.210000000000000002e-04
2.800000000000000000e+01 5.300000000000000000e+01 6.500000000000000000e+01 0.000000000000000000e+00 1.600000000000000089e+00 4.616529999999999800e-01 3.624999999999999750e-02 -8.863199999999999967e-01 -8.124329999999999607e-01 4.184169999999999834e-01 -4.060549999999999993e-01 3.561309999999999754e-01 9.075309999999999766e-01 2.226140000000000063e-01
8.000000000000000000e+00 6.900000000000000000e+01 6.600000000000000000e+01 0.000000000000000000e+00 1.600000000000000089e+00 -2.746999999999999876e-03 9.811000000000000276e-03 9.999479999999999480e-01 -9.565740000000000354e-01 2.914390000000000036e-01 -5.486999999999999690e-03 -2.914769999999999861e-01 -9.565390000000000281e-01 8.583999999999999617e-03
4.000000000000000000e+00 2.500000000000000000e+01 7.300000000000000000e+01 0.000000000000000000e+00 1.600000000000000089e+00 -3.369000000000000033e-03 1.214999999999999934e-03 9.999940000000000495e-01 7.521820000000000173e-01 -6.589469999999999494e-01 3.334000000000000158e-03 6.589460000000000317e-01 7.521889999999999965e-01 1.306000000000000086e-03
1.100000000000000000e+01 2.500000000000000000e+01 7.300000000000000000e+01 0.000000000000000000e+00 1.600000000000000089e+00 -6.149999999999999868e-04 4.104000000000000009e-03 9.999909999999999632e-01 7.457789999999999697e-01 -6.661859999999999449e-01 3.193000000000000092e-03 6.661930000000000351e-01 7.457740000000000480e-01 -2.650000000000000012e-03
1.900000000000000000e+01 2.500000000000000000e+01 7.300000000000000000e+01 0.000000000000000000e+00 1.600000000000000089e+00 -6.729999999999999871e-04 -4.669000000000000407e-03 9.999890000000000168e-01 7.457489999999999952e-01 -6.662219999999999809e-01 -2.608000000000000075e-03 6.662270000000000136e-01 7.457390000000000407e-01 3.930000000000000333e-03
2.300000000000000000e+01 4.400000000000000000e+01 7.300000000000000000e+01 0.000000000000000000e+00 1.600000000000000089e+00 2.184300000000000130e-02 1.400440000000000018e-01 9.899040000000000061e-01 3.185999999999999943e-02 -9.897350000000000314e-01 1.393169999999999964e-01 9.992539999999999756e-01 2.849600000000000050e-02 -2.608100000000000002e-02
6.000000000000000000e+00 2.500000000000000000e+01 7.400000000000000000e+01 0.000000000000000000e+00 1.600000000000000089e+00 -2.772000000000000158e-03 -5.289999999999999564e-04 9.999959999999999960e-01 8.262490000000000112e-01 -5.633019999999999694e-01 1.991999999999999847e-03 5.632989999999999942e-01 8.262509999999999577e-01 1.998000000000000210e-03
1.200000000000000000e+01 2.500000000000000000e+01 7.400000000000000000e+01 0.000000000000000000e+00 1.600000000000000089e+00 -6.729999999999999871e-04 1.533999999999999990e-03 9.999989999999999712e-01 8.221249999999999947e-01 -5.693049999999999500e-01 1.425999999999999967e-03 5.693059999999999787e-01 8.221249999999999947e-01 -8.779999999999999827e-04
1.600000000000000000e+01 2.500000000000000000e+01 7.400000000000000000e+01 0.000000000000000000e+00 1.600000000000000089e+00 1.720000000000000066e-04 -6.002000000000000390e-03 9.999820000000000375e-01 8.222190000000000332e-01 -5.691610000000000280e-01 -3.556999999999999832e-03 5.691720000000000113e-01 8.222049999999999637e-01 4.837000000000000154e-03
1.800000000000000000e+01 2.500000000000000000e+01 7.400000000000000000e+01 0.000000000000000000e+00 1.600000000000000089e+00 -6.499999999999999431e-05 -4.774999999999999731e-03 9.999890000000000168e-01 8.228220000000000534e-01 -5.682930000000000481e-01 -2.660000000000000038e-03 5.682989999999999986e-01 8.228119999999999878e-01 3.965999999999999907e-03
2.500000000000000000e+01 2.500000000000000000e+01 7.400000000000000000e+01 0.000000000000000000e+00 1.600000000000000089e+00 1.572000000000000047e-03 -6.650999999999999794e-03 9.999770000000000048e-01 8.222960000000000269e-01 -5.690370000000000150e-01 -5.076999999999999916e-03 5.690570000000000350e-01 8.222850000000000437e-01 4.575000000000000074e-03
2.900000000000000000e+01 5.100000000000000000e+01 7.600000000000000000e+01 0.000000000000000000e+00 1.600000000000000089e+00 -6.189999999999999756e-04 -8.864000000000000351e-03 -9.999609999999999888e-01 -4.037220000000000253e-01 -9.148429999999999618e-01 8.359999999999999376e-03 -9.148819999999999730e-01 4.037109999999999865e-01 -3.011999999999999920e-03
6.000000000000000000e+00 9.100000000000000000e+01 7.600000000000000000e+01 0.000000000000000000e+00 1.600000000000000089e+00 1.023999999999999954e-03 -1.487000000000000040e-03 9.999980000000000535e-01 3.717460000000000209e-01 -9.283329999999999638e-01 -1.761999999999999894e-03 9.283339999999999925e-01 3.717469999999999941e-01 -3.980000000000000248e-04
9.000000000000000000e+00 9.100000000000000000e+01 7.600000000000000000e+01 0.000000000000000000e+00 1.600000000000000089e+00 1.180000000000000059e-03 -1.766999999999999908e-03 9.999980000000000535e-01 3.735569999999999724e-01 -9.276050000000000129e-01 -2.079999999999999818e-03 9.276060000000000416e-01 3.735589999999999744e-01 -4.350000000000000026e-04
1.300000000000000000e+01 9.100000000000000000e+01 7.600000000000000000e+01 0.000000000000000000e+00 1.600000000000000089e+00 -8.170000000000000179e-04 -1.242000000000000048e-03 9.999989999999999712e-01 3.543160000000000198e-01 -9.351249999999999840e-01 -8.720000000000000537e-04 9.351249999999999840e-01 3.543149999999999911e-01 1.203999999999999992e-03
2.200000000000000000e+01 9.100000000000000000e+01 7.600000000000000000e+01 0.000000000000000000e+00 1.600000000000000089e+00 1.998000000000000210e-03 -2.015999999999999997e-03 9.999959999999999960e-01 3.137199999999999989e-01 -9.495120000000000227e-01 -2.540999999999999856e-03 9.495130000000000514e-01 3.137240000000000029e-01 -1.265000000000000065e-03
