4.000000000000000000e+00 1.500000000000000000e+01 4.000000000000000000e+00 0.000000000000000000e+00 1.600000000000000089e+00 2.776999999999999955e-03 4.951999999999999805e-03 9.999839999999999840e-01 2.926000000000000267e-01 -9.562270000000000492e-01 3.922000000000000139e-03 9.562310000000000532e-01 2.925840000000000107e-01 -4.104000000000000009e-03
1.000000000000000000e+01 1.500000000000000000e+01 4.000000000000000000e+00 0.000000000000000000e+00 1.600000000000000089e+00 8.260000000000000198e-04 1.026499999999999982e-02 9.999470000000000303e-01 2.929649999999999754e-01 -9.560750000000000082e-01 9.572999999999999912e-03 9.561229999999999452e-01 2.929419999999999802e-01 -3.797000000000000028e-03
1.900000000000000000e+01 1.500000000000000000e+01 4.000000000000000000e+00 0.000000000000000000e+00 1.600000000000000089e+00 1.814000000000000074e-03 5.664999999999999897e-03 9.999820000000000375e-01 2.910340000000000149e-01 -9.566999999999999948e-01 4.891999999999999647e-03 9.567109999999999781e-01 2.910200000000000009e-01 -3.383999999999999855e-03
2.400000000000000000e+01 1.500000000000000000e+01 4.000000000000000000e+00 0.000000000000000000e+00 1.600000000000000089e+00 -1.794999999999999938e-03 -1.485099999999999962e-02 9.998879999999999990e-01 2.868189999999999906e-01 -9.578870000000000440e-01 -1.371200000000000023e-02 9.579830000000000290e-01 2.867629999999999901e-01 5.978999999999999940e-03
7.000000000000000000e+00 1.600000000000000000e+01 4.000000000000000000e+00 0.000000000000000000e+00 1.600000000000000089e+00 6.210000000000000242e-04 9.067999999999999672e-03 9.999590000000000423e-01 3.565249999999999808e-01 -9.342489999999999961e-01 8.250999999999999654e-03 9.342859999999999498e-01 3.565050000000000163e-01 -3.812999999999999983e-03
1.400000000000000000e+01 1.600000000000000000e+01 4.000000000000000000e+00 0.000000000000000000e+00 1.600000000000000089e+00 -9.799999999999999684e-04 1.165899999999999923e-02 9.999320000000000430e-01 3.547370000000000245e-01 -9.348990000000000355e-01 1.124900000000000032e-02 9.349659999999999638e-01 3.547230000000000105e-01 -3.220000000000000206e-03
5.000000000000000000e+00 1.010000000000000000e+02 7.000000000000000000e+00 0.000000000000000000e+00 1.600000000000000089e+00 1.521000000000000000e-03 -8.326999999999999333e-03 9.999639999999999640e-01 8.861179999999999612e-01 4.634530000000000038e-01 2.511000000000000211e-03 -4.634570000000000078e-01 8.860829999999999540e-01 8.082999999999999907e-03
1.800000000000000000e+01 1.010000000000000000e+02 7.000000000000000000e+00 0.000000000000000000e+00 1.600000000000000089e+00 2.122000000000000188e-03 7.687000000000000256e-03 9.999679999999999680e-01 8.853750000000000231e-01 4.648459999999999814e-01 -5.453000000000000382e-03 -4.648729999999999807e-01 8.853579999999999783e-01 -5.819999999999999653e-03
2.100000000000000000e+01 1.010000000000000000e+02 7.000000000000000000e+00 0.000000000000000000e+00 1.600000000000000089e+00 3.220000000000000206e-04 -1.170400000000000086e-02 9.999320000000000430e-01 8.845129999999999937e-01 4.664869999999999850e-01 5.176000000000000045e-03 -4.665159999999999862e-01 8.844509999999999872e-01 1.050300000000000018e-02
2.000000000000000000e+00 1.500000000000000000e+01 8.000000000000000000e+00 0.000000000000000000e+00 1.600000000000000089e+00 -2.753999999999999938e-03 1.188999999999999953e-03 -9.999949999999999672e-01 -5.851030000000000397e-01 -8.109589999999999854e-01 6.470000000000000057e-04 -8.109539999999999527e-01 5.851020000000000110e-01 2.929000000000000180e-03
7.000000000000000000e+00 1.500000000000000000e+01 8.000000000000000000e+00 0.000000000000000000e+00 1.600000000000000089e+00 1.779999999999999898e-03 9.240999999999999215e-03 -9.999559999999999560e-01 -5.857109999999999816e-01 -8.104749999999999455e-01 -8.531999999999999654e-03 -8.105179999999999607e-01 5.857010000000000272e-01 3.969999999999999571e-03
1.100000000000000000e+01 1.500000000000000000e+01 8.000000000000000000e+00 0.000000000000000000e+00 1.600000000000000089e+00 1.561000000000000104e-03 9.171999999999999598e-03 -9.999569999999999848e-01 -5.850880000000000525e-01 -8.109269999999999534e-01 -8.351000000000000784e-03 -8.109680000000000222e-01 5.850760000000000405e-01 4.100000000000000346e-03
1.500000000000000000e+01 1.500000000000000000e+01 8.000000000000000000e+00 0.000000000000000000e+00 1.600000000000000089e+00 2.246999999999999865e-03 1.135800000000000004e-02 -9.999329999999999607e-01 -5.828149999999999720e-01 -8.125369999999999537e-01 -1.053899999999999976e-02 -8.126020000000000465e-01 5.827989999999999560e-01 4.793000000000000385e-03
1.900000000000000000e+01 1.500000000000000000e+01 8.000000000000000000e+00 0.000000000000000000e+00 1.600000000000000089e+00 3.480000000000000020e-04 6.308000000000000239e-03 -9.999799999999999800e-01 -5.808670000000000222e-01 -8.139809999999999546e-01 -5.336999999999999730e-03 -8.139990000000000281e-01 5.808569999999999567e-01 3.380000000000000192e-03
2.600000000000000000e+01 1.500000000000000000e+01 8.000000000000000000e+00 0.000000000000000000e+00 1.600000000000000089e+00 -8.970000000000000109e-04 -1.316100000000000082e-02 -9.999130000000000518e-01 -5.814960000000000129e-01 -8.134719999999999729e-01 1.122899999999999940e-02 -8.135489999999999666e-01 5.814559999999999729e-01 -6.923999999999999599e-03
3.000000000000000000e+00 2.600000000000000000e+01 8.000000000000000000e+00 0.000000000000000000e+00 1.600000000000000089e+00 -4.870000000000000197e-04 5.891999999999999668e-03 -9.999820000000000375e-01 4.088939999999999797e-01 9.125670000000000170e-01 5.178000000000000311e-03 9.125820000000000043e-01 -4.088849999999999985e-01 -2.853000000000000067e-03
1.900000000000000000e+01 2.600000000000000000e+01 8.000000000000000000e+00 0.000000000000000000e+00 1.600000000000000089e+00 -2.912999999999999791e-03 -9.806999999999999745e-03 -9.999479999999999480e-01 4.075880000000000059e-01 9.131099999999999772e-01 -1.014299999999999924e-02 9.131610000000000005e-01 -4.075960000000000139e-01 1.337999999999999997e-03
2.300000000000000000e+01 2.600000000000000000e+01 8.000000000000000000e+00 0.000000000000000000e+00 1.600000000000000089e+00 -5.839999999999999922e-04 -4.408999999999999725e-03 -9.999900000000000455e-01 4.081219999999999848e-01 9.129169999999999785e-01 -4.263000000000000296e-03 9.129270000000000440e-01 -4.081199999999999828e-01 1.265999999999999981e-03
2.700000000000000000e+01 2.600000000000000000e+01 8.000000000000000000e+00 0.000000000000000000e+00 1.600000000000000089e+00 2.501000000000000185e-03 3.989000000000000358e-03 -9.999890000000000168e-01 4.085650000000000115e-01 9.127170000000000005e-01 4.662999999999999610e-03 9.127260000000000373e-01 -4.085719999999999907e-01 6.520000000000000188e-04
8.000000000000000000e+00 2.400000000000000000e+01 9.000000000000000000e+00 0.000000000000000000e+00 1.600000000000000089e+00 -8.130000000000000291e-04 -4.899999999999999842e-04 -1.000000000000000000e+00 4.627850000000000019e-01 8.864699999999999802e-01 -8.109999999999999805e-04 8.864699999999999802e-01 -4.627850000000000019e-01 -4.939999999999999730e-04
1.300000000000000000e+01 2.400000000000000000e+01 9.000000000000000000e+00 0.000000000000000000e+00 1.600000000000000089e+00 -7.429999999999999539e-04 -3.937000000000000395e-03 -9.999919999999999920e-01 4.606069999999999887e-01 8.875960000000000516e-01 -3.837000000000000133e-03 8.876039999999999486e-01 -4.606060000000000154e-01 1.154000000000000078e-03
1.900000000000000000e+01 2.400000000000000000e+01 9.000000000000000000e+00 0.000000000000000000e+00 1.600000000000000089e+00 -3.181999999999999933e-03 -1.197999999999999933e-02 -9.999230000000000063e-01 4.620770000000000155e-01 8.867570000000000174e-01 -1.209499999999999985e-02 8.868340000000000112e-01 -4.620799999999999907e-01 2.713999999999999833e-03
2.600000000000000000e+01 2.400000000000000000e+01 9.000000000000000000e+00 0.000000000000000000e+00 1.600000000000000089e+00 1.786999999999999960e-03 -2.550000000000000183e-04 -9.999980000000000535e-01 4.637109999999999843e-01 8.859860000000000513e-01 6.030000000000000204e-04 8.859850000000000225e-01 -4.637109999999999843e-01 1.701999999999999954e-03
1.000000000000000000e+01 1.020000000000000000e+02 9.000000000000000000e+00 0.000000000000000000e+00 1.600000000000000089e+00 -8.620000000000000275e-04 7.860999999999999932e-03 9.999689999999999968e-01 9.223689999999999944e-01 3.863039999999999807e-01 -2.240999999999999936e-03 -3.863090000000000135e-01 9.223379999999999912e-01 -7.583999999999999596e-03
7.000000000000000000e+00 3.500000000000000000e+01 1.200000000000000000e+01 0.000000000000000000e+00 1.600000000000000089e+00 1.149000000000000065e-03 -6.695999999999999695e-03 -9.999770000000000048e-01 4.492439999999999767e-01 -8.933860000000000134e-01 6.498000000000000304e-03 -8.934090000000000087e-01 -4.492410000000000014e-01 1.981999999999999821e-03
1.400000000000000000e+01 3.500000000000000000e+01 1.200000000000000000e+01 0.000000000000000000e+00 1.600000000000000089e+00 -1.809999999999999977e-03 1.582000000000000073e-03 -9.999970000000000248e-01 4.409890000000000199e-01 -8.975100000000000300e-01 -2.217999999999999920e-03 -8.975109999999999477e-01 -4.409919999999999951e-01 9.269999999999999811e-04
2.100000000000000000e+01 3.500000000000000000e+01 1.200000000000000000e+01 0.000000000000000000e+00 1.600000000000000089e+00 5.659999999999999884e-04 -6.409999999999999682e-04 -1.000000000000000000e+00 4.532089999999999730e-01 -8.914039999999999742e-01 8.279999999999999600e-04 -8.914039999999999742e-01 -4.532089999999999730e-01 -2.139999999999999975e-04
2.500000000000000000e+01 3.500000000000000000e+01 1.200000000000000000e+01 0.000000000000000000e+00 1.600000000000000089e+00 -3.187999999999999862e-03 -3.811000000000000151e-03 -9.999879999999999880e-01 4.580679999999999752e-01 -8.889150000000000107e-01 1.926999999999999894e-03 -8.889110000000000067e-01 -4.580560000000000187e-01 4.578999999999999737e-03
2.800000000000000000e+01 3.500000000000000000e+01 1.200000000000000000e+01 0.000000000000000000e+00 1.600000000000000089e+00 -2.939999999999999905e-03 7.960000000000000495e-04 -9.999949999999999672e-01 4.615870000000000251e-01 -8.870930000000000204e-01 -2.063000000000000164e-03 -8.870900000000000452e-01 -4.615900000000000003e-01 2.240999999999999936e-03
4.000000000000000000e+00 4.000000000000000000e+00 1.300000000000000000e+01 0.000000000000000000e+00 1.600000000000000089e+00 6.509999999999999945e-04 -2.200539999999999996e-01 9.754869999999999930e-01 -1.059780000000000028e-01 9.699790000000000356e-01 2.188819999999999932e-01 -9.943680000000000296e-01 -1.035230000000000039e-01 -2.268999999999999836e-02
2.000000000000000000e+00 1.200000000000000000e+01 1.500000000000000000e+01 0.000000000000000000e+00 1.600000000000000089e+00 9.299999999999999727e-05 -2.948000000000000100e-03 -9.999959999999999960e-01 -4.675009999999999999e-01 -8.839890000000000247e-01 2.563000000000000174e-03 -8.839930000000000287e-01 4.674980000000000246e-01 -1.459999999999999926e-03
1.300000000000000000e+01 1.200000000000000000e+01 1.500000000000000000e+01 0.000000000000000000e+00 1.600000000000000089e+00 1.897999999999999948e-03 2.750999999999999973e-03 -9.999940000000000495e-01 -4.701670000000000016e-01 -8.825709999999999944e-01 -3.320000000000000034e-03 -8.825749999999999984e-01 4.701710000000000056e-01 -3.820000000000000153e-04
1.800000000000000000e+01 1.200000000000000000e+01 1.500000000000000000e+01 0.000000000000000000e+00 1.600000000000000089e+00 2.910000000000000260e-04 8.925999999999999907e-03 -9.999599999999999600e-01 -4.708209999999999895e-01 -8.821919999999999762e-01 -8.012000000000000025e-03 -8.822290000000000409e-01 4.708040000000000003e-01 3.945999999999999855e-03
2.300000000000000000e+01 1.200000000000000000e+01 1.500000000000000000e+01 0.000000000000000000e+00 1.600000000000000089e+00 -2.500000000000000052e-04 3.833000000000000036e-03 -9.999930000000000208e-01 -4.712600000000000122e-01 -8.819879999999999942e-01 -3.262999999999999842e-03 -8.819939999999999447e-01 4.712560000000000082e-01 2.026000000000000023e-03
2.900000000000000000e+01 1.200000000000000000e+01 1.500000000000000000e+01 0.000000000000000000e+00 1.600000000000000089e+00 -7.870000000000000476e-04 -6.277999999999999726e-03 -9.999799999999999800e-01 -4.694059999999999899e-01 -8.829630000000000534e-01 5.911999999999999721e-03 -8.829820000000000446e-01 4.694010000000000127e-01 -2.252000000000000095e-03
8.000000000000000000e+00 1.160000000000000000e+02 1.600000000000000000e+01 0.000000000000000000e+00 1.600000000000000089e+00 -3.073999999999999910e-03 -3.553000000000000169e-03 9.999890000000000168e-01 6.926060000000000549e-01 7.213009999999999700e-01 4.691999999999999990e-03 -7.213100000000000067e-01 6.926130000000000342e-01 2.439999999999999949e-04
2.200000000000000000e+01 1.160000000000000000e+02 1.600000000000000000e+01 0.000000000000000000e+00 1.600000000000000089e+00 -5.159999999999999656e-04 1.954000000000000008e-03 9.999980000000000535e-01 6.585170000000000190e-01 7.525650000000000395e-01 -1.131000000000000061e-03 -7.525659999999999572e-01 6.585149999999999615e-01 -1.675000000000000057e-03
2.800000000000000000e+01 1.160000000000000000e+02 1.600000000000000000e+01 0.000000000000000000e+00 1.600000000000000089e+00 7.550000000000000287e-04 -3.131999999999999802e-03 9.999949999999999672e-01 6.670469999999999455e-01 7.450130000000000363e-01 1.830000000000000029e-03 -7.450149999999999828e-01 6.670430000000000526e-01 2.651999999999999844e-03
1.000000000000000000e+01 2.000000000000000000e+00 1.900000000000000000e+01 0.000000000000000000e+00 1.600000000000000089e+00 -8.496000000000000080e-03 1.292699999999999926e-02 -9.998799999999999910e-01 2.094280000000000030e-01 -9.777179999999999760e-01 -1.442000000000000053e-02 -9.777869999999999617e-01 -2.095249999999999890e-01 5.599999999999999943e-03
1.300000000000000000e+01 2.000000000000000000e+00 1.900000000000000000e+01 0.000000000000000000e+00 1.600000000000000089e+00 -1.428999999999999932e-03 5.904000000000000394e-03 -9.999820000000000375e-01 2.076919999999999877e-01 -9.781750000000000167e-01 -6.072000000000000140e-03 -9.781929999999999792e-01 -2.076969999999999927e-01 1.720000000000000066e-04
2.000000000000000000e+01 2.000000000000000000e+00 1.900000000000000000e+01 0.000000000000000000e+00 1.600000000000000089e+00 5.368999999999999641e-03 -5.518000000000000335e-03 -9.999700000000000255e-01 1.966809999999999947e-01 -9.804460000000000397e-01 6.466000000000000393e-03 -9.804530000000000189e-01 -1.967089999999999950e-01 -4.179000000000000423e-03
2.300000000000000000e+01 2.000000000000000000e+00 1.900000000000000000e+01 0.000000000000000000e+00 1.600000000000000089e+00 5.172999999999999647e-03 -6.399000000000000174e-03 -9.999660000000000215e-01 1.979609999999999981e-01 -9.801830000000000265e-01 7.296000000000000402e-03 -9.801959999999999562e-01 -1.979920000000000013e-01 -3.804000000000000090e-03
2.800000000000000000e+01 2.000000000000000000e+00 1.900000000000000000e+01 0.000000000000000000e+00 1.600000000000000089e+00 3.052000000000000025e-03 -1.256099999999999925e-02 -9.999160000000000270e-01 2.014199999999999879e-01 -9.794199999999999573e-01 1.291800000000000066e-02 -9.795000000000000373e-01 -2.014420000000000099e-01 -4.600000000000000139e-04
5.000000000000000000e+00 1.300000000000000000e+01 2.000000000000000000e+01 0.000000000000000000e+00 1.600000000000000089e+00 -7.770000000000000214e-04 -5.073000000000000252e-03 9.999869999999999592e-01 2.476260000000000128e-01 9.688419999999999810e-01 5.107999999999999693e-03 -9.688560000000000505e-01 2.476260000000000128e-01 5.029999999999999749e-04
1.500000000000000000e+01 1.300000000000000000e+01 2.000000000000000000e+01 0.000000000000000000e+00 1.600000000000000089e+00 3.429999999999999889e-04 1.667999999999999995e-03 9.999980000000000535e-01 2.473309999999999953e-01 9.689299999999999580e-01 -1.701000000000000038e-03 -9.689309999999999867e-01 2.473309999999999953e-01 -8.000000000000000654e-05
2.500000000000000000e+01 1.300000000000000000e+01 2.000000000000000000e+01 0.000000000000000000e+00 1.600000000000000089e+00 1.140000000000000063e-04 -4.009999999999999893e-04 1.000000000000000000e+00 2.557369999999999921e-01 9.667459999999999942e-01 3.579999999999999741e-04 -9.667459999999999942e-01 2.557369999999999921e-01 2.130000000000000003e-04
3.000000000000000000e+01 1.300000000000000000e+01 2.000000000000000000e+01 0.000000000000000000e+00 1.600000000000000089e+00 1.129999999999999955e-04 -7.391000000000000000e-03 9.999730000000000008e-01 2.557940000000000214e-01 9.667050000000000365e-01 7.115999999999999930e-03 -9.667310000000000070e-01 2.557860000000000134e-01 1.998999999999999909e-03
4.000000000000000000e+00 1.600000000000000000e+01 2.100000000000000000e+01 0.000000000000000000e+00 1.600000000000000089e+00 -1.307000000000000002e-03 -5.693000000000000144e-03 9.999829999999999552e-01 2.985110000000000263e-01 9.543880000000000141e-01 5.824000000000000184e-03 -9.544049999999999478e-01 2.985140000000000016e-01 4.519999999999999821e-04
2.200000000000000000e+01 1.600000000000000000e+01 2.100000000000000000e+01 0.000000000000000000e+00 1.600000000000000089e+00 8.559999999999999901e-04 7.374999999999999611e-03 9.999719999999999720e-01 3.008480000000000043e-01 9.536440000000000472e-01 -7.290999999999999738e-03 -9.536719999999999642e-01 3.008460000000000023e-01 -1.402999999999999950e-03
2.000000000000000000e+00 5.000000000000000000e+01 2.200000000000000000e+01 0.000000000000000000e+00 1.600000000000000089e+00 3.680000000000000003e-04 -3.797000000000000028e-03 -9.999930000000000208e-01 -5.805369999999999697e-01 8.142270000000000341e-01 -3.305000000000000212e-03 8.142340000000000133e-01 5.805339999999999945e-01 -1.904000000000000093e-03
8.000000000000000000e+00 4.600000000000000000e+01 2.700000000000000000e+01 0.000000000000000000e+00 1.600000000000000089e+00 -2.070999999999999924e-03 -8.880000000000000089e-04 -9.999970000000000248e-01 6.587560000000000082e-01 7.523539999999999672e-01 -2.033000000000000085e-03 7.523530000000000495e-01 -6.587589999999999835e-01 -9.730000000000000151e-04
1.400000000000000000e+01 4.600000000000000000e+01 2.700000000000000000e+01 0.000000000000000000e+00 1.600000000000000089e+00 -4.090000000000000211e-04 8.689999999999999808e-04 -1.000000000000000000e+00 6.575250000000000261e-01 7.534319999999999906e-01 3.860000000000000041e-04 7.534319999999999906e-01 -6.575250000000000261e-01 -8.800000000000000313e-04
2.000000000000000000e+01 4.600000000000000000e+01 2.700000000000000000e+01 0.000000000000000000e+00 1.600000000000000089e+00 -1.242999999999999964e-03 6.620000000000000450e-04 -9.999989999999999712e-01 6.565950000000000397e-01 7.542429999999999968e-01 -3.170000000000000075e-04 7.542419999999999680e-01 -6.565950000000000397e-01 -1.371999999999999956e-03
2.500000000000000000e+01 4.600000000000000000e+01 3.000000000000000000e+01 0.000000000000000000e+00 1.600000000000000089e+00 1.900000000000000105e-05 -2.249999999999999938e-04 -1.000000000000000000e+00 3.291799999999999726e-01 9.442669999999999675e-01 -2.059999999999999928e-04 9.442669999999999675e-01 -3.291799999999999726e-01 9.200000000000000007e-05
3.000000000000000000e+00 5.800000000000000000e+01 3.100000000000000000e+01 0.000000000000000000e+00 1.600000000000000089e+00 2.448000000000000089e-03 -7.029999999999999574e-04 9.999970000000000248e-01 -7.644539999999999669e-01 -6.446760000000000268e-01 1.417999999999999990e-03 6.446730000000000516e-01 -7.644549999999999956e-01 -2.115999999999999825e-03
5.000000000000000000e+00 5.800000000000000000e+01 3.100000000000000000e+01 0.000000000000000000e+00 1.600000000000000089e+00 8.899999999999999491e-04 7.499999999999999343e-05 1.000000000000000000e+00 -7.626840000000000286e-01 -6.467709999999999848e-01 7.280000000000000230e-04 6.467709999999999848e-01 -7.626840000000000286e-01 -5.190000000000000386e-04
1.100000000000000000e+01 5.800000000000000000e+01 3.100000000000000000e+01 0.000000000000000000e+00 1.600000000000000089e+00 -7.825000000000000358e-03 -2.892000000000000039e-03 9.999649999999999928e-01 -7.614659999999999762e-01 -6.481580000000000119e-01 -7.832999999999999685e-03 6.481580000000000119e-01 -7.615009999999999835e-01 2.870000000000000155e-03
1.600000000000000000e+01 5.800000000000000000e+01 3.100000000000000000e+01 0.000000000000000000e+00 1.600000000000000089e+00 -2.380000000000000117e-04 1.216999999999999983e-03 9.999989999999999712e-01 -7.640449999999999742e-01 -6.451630000000000420e-01 6.030000000000000204e-04 6.451630000000000420e-01 -7.640439999999999454e-01 1.083999999999999894e-03
2.200000000000000000e+01 5.800000000000000000e+01 3.100000000000000000e+01 0.000000000000000000e+00 1.600000000000000089e+00 2.579000000000000129e-03 -2.965000000000000187e-03 9.999919999999999920e-01 -7.655300000000000438e-01 -6.433999999999999719e-01 6.600000000000000506e-05 6.433950000000000502e-01 -7.655239999999999823e-01 -3.930000000000000333e-03
2.900000000000000000e+01 5.800000000000000000e+01 3.100000000000000000e+01 0.000000000000000000e+00 1.600000000000000089e+00 -2.007000000000000103e-03 -4.420000000000000318e-03 9.999879999999999880e-01 -7.664590000000000014e-01 -6.422780000000000156e-01 -4.376999999999999814e-03 6.422900000000000276e-01 -7.664590000000000014e-01 -2.099000000000000171e-03
8.000000000000000000e+00 4.600000000000000000e+01 3.500000000000000000e+01 0.000000000000000000e+00 1.600000000000000089e+00 7.159999999999999481e-04 -3.409999999999999945e-04 -1.000000000000000000e+00 3.859079999999999733e-01 -9.225370000000000514e-01 5.910000000000000539e-04 -9.225370000000000514e-01 -3.859090000000000020e-01 -5.289999999999999564e-04
1.600000000000000000e+01 4.600000000000000000e+01 3.500000000000000000e+01 0.000000000000000000e+00 1.600000000000000089e+00 5.240000000000000517e-04 -1.874999999999999931e-03 -9.999980000000000535e-01 3.866080000000000072e-01 -9.222420000000000062e-01 1.931999999999999907e-03 -9.222439999999999527e-01 -3.866080000000000072e-01 2.420000000000000005e-04
1.800000000000000000e+01 4.600000000000000000e+01 3.500000000000000000e+01 0.000000000000000000e+00 1.600000000000000089e+00 3.229999999999999907e-04 1.965999999999999866e-03 -9.999980000000000535e-01 3.863929999999999865e-01 -9.223329999999999584e-01 -1.688000000000000047e-03 -9.223339999999999872e-01 -3.863920000000000132e-01 -1.057999999999999913e-03
2.200000000000000000e+01 4.600000000000000000e+01 3.500000000000000000e+01 0.000000000000000000e+00 1.600000000000000089e+00 3.260000000000000094e-04 -6.199999999999999999e-04 -1.000000000000000000e+00 3.860129999999999950e-01 -9.224930000000000074e-01 6.980000000000000527e-04 -9.224930000000000074e-01 -3.860129999999999950e-01 -6.099999999999999872e-05
2.800000000000000000e+01 4.600000000000000000e+01 3.500000000000000000e+01 0.000000000000000000e+00 1.600000000000000089e+00 -2.239999999999999966e-04 2.750000000000000166e-04 -1.000000000000000000e+00 3.847559999999999869e-01 -9.230180000000000051e-01 -3.400000000000000244e-04 -9.230180000000000051e-01 -3.847559999999999869e-01 1.010000000000000020e-04
9.000000000000000000e+00 9.500000000000000000e+01 3.600000000000000000e+01 0.000000000000000000e+00 1.600000000000000089e+00 -1.276000000000000007e-03 -2.628300000000000081e-02 9.996540000000000425e-01 9.976089999999999680e-01 6.904399999999999427e-02 3.088000000000000033e-03 -6.910099999999999576e-02 9.972670000000000146e-01 2.613199999999999898e-02
1.900000000000000000e+01 9.500000000000000000e+01 3.600000000000000000e+01 0.000000000000000000e+00 1.600000000000000089e+00 -5.010000000000000347e-04 3.380000000000000192e-03 9.999940000000000495e-01 9.976890000000000480e-01 6.794200000000000239e-02 2.700000000000000035e-04 -6.794000000000000039e-02 9.976840000000000153e-01 -3.406000000000000173e-03
2.200000000000000000e+01 9.500000000000000000e+01 3.600000000000000000e+01 0.000000000000000000e+00 1.600000000000000089e+00 4.282000000000000216e-03 7.858000000000000401e-03 9.999599999999999600e-01 9.974229999999999485e-01 7.157600000000000073e-02 -4.833999999999999755e-03 -7.161099999999999410e-02 9.974039999999999573e-01 -7.531999999999999633e-03
6.000000000000000000e+00 3.000000000000000000e+00 4.300000000000000000e+01 0.000000000000000000e+00 1.600000000000000089e+00 -8.260000000000000198e-04 6.052000000000000088e-03 -9.999810000000000088e-01 7.386669999999999625e-01 -6.740540000000000420e-01 -4.689999999999999725e-03 -6.740699999999999470e-01 -7.386570000000000080e-01 -3.913999999999999944e-03
1.500000000000000000e+01 3.000000000000000000e+00 4.300000000000000000e+01 0.000000000000000000e+00 1.600000000000000089e+00 6.930000000000000396e-04 3.184999999999999897e-03 -9.999949999999999672e-01 7.362520000000000175e-01 -6.767050000000000010e-01 -1.644999999999999978e-03 -6.767069999999999474e-01 -7.362469999999999848e-01 -2.814000000000000095e-03
2.000000000000000000e+01 3.000000000000000000e+00 4.300000000000000000e+01 0.000000000000000000e+00 1.600000000000000089e+00 -1.281999999999999936e-03 -6.152999999999999615e-03 -9.999799999999999800e-01 7.393729999999999469e-01 -6.732879999999999976e-01 3.194999999999999923e-03 -6.732949999999999768e-01 -7.393539999999999557e-01 5.412000000000000144e-03
4.000000000000000000e+00 8.000000000000000000e+00 4.400000000000000000e+01 0.000000000000000000e+00 1.600000000000000089e+00 1.136000000000000074e-03 3.749999999999999861e-03 9.999919999999999920e-01 -7.806589999999999918e-01 -6.249489999999999768e-01 3.229999999999999798e-03 6.249559999999999560e-01 -7.806570000000000453e-01 2.216999999999999787e-03
3.000000000000000000e+00 2.900000000000000000e+01 4.400000000000000000e+01 0.000000000000000000e+00 1.600000000000000089e+00 -3.770000000000000022e-04 -7.500000000000000156e-04 -1.000000000000000000e+00 6.716940000000000133e-01 7.408280000000000420e-01 -8.090000000000000403e-04 7.408289999999999598e-01 -6.716940000000000133e-01 2.239999999999999966e-04
1.200000000000000000e+01 2.900000000000000000e+01 4.400000000000000000e+01 0.000000000000000000e+00 1.600000000000000089e+00 7.370000000000000249e-04 -1.410000000000000012e-03 -9.999989999999999712e-01 6.723179999999999712e-01 7.402619999999999756e-01 -5.479999999999999845e-04 7.402619999999999756e-01 -6.723170000000000535e-01 1.494000000000000102e-03
1.800000000000000000e+01 2.900000000000000000e+01 4.400000000000000000e+01 0.000000000000000000e+00 1.600000000000000089e+00 -6.459999999999999814e-04 -1.905000000000000009e-03 -9.999980000000000535e-01 6.733999999999999986e-01 7.392760000000000442e-01 -1.843000000000000020e-03 7.392779999999999907e-01 -6.733999999999999986e-01 8.059999999999999673e-04
2.200000000000000000e+01 2.900000000000000000e+01 4.400000000000000000e+01 0.000000000000000000e+00 1.600000000000000089e+00 -1.791000000000000057e-03 3.150000000000000131e-04 -9.999980000000000535e-01 6.707859999999999934e-01 7.416509999999999492e-01 -9.680000000000000019e-04 7.416490000000000027e-01 -6.707859999999999934e-01 -1.539000000000000003e-03
2.600000000000000000e+01 2.900000000000000000e+01 4.400000000000000000e+01 0.000000000000000000e+00 1.600000000000000089e+00 1.799999999999999951e-03 1.412000000000000061e-03 -9.999970000000000248e-01 6.731430000000000469e-01 7.395089999999999719e-01 2.256000000000000193e-03 7.395100000000000007e-01 -6.731460000000000221e-01 3.800000000000000209e-04
3.000000000000000000e+01 2.900000000000000000e+01 4.400000000000000000e+01 0.000000000000000000e+00 1.600000000000000089e+00 4.969999999999999592e-03 -7.039999999999999817e-04 -9.999869999999999592e-01 6.778579999999999606e-01 7.351870000000000349e-01 2.850999999999999802e-03 7.351760000000000517e-01 -6.778640000000000221e-01 4.131000000000000123e-03
2.000000000000000000e+00 6.000000000000000000e+00 5.100000000000000000e+01 0.000000000000000000e+00 1.600000000000000089e+00 -1.175999999999999962e-03 5.471000000000000169e-03 -9.999839999999999840e-01 3.335469999999999824e-01 -9.427170000000000272e-01 -5.550000000000000246e-03 -9.427330000000000432e-01 -3.335480000000000111e-01 -7.159999999999999481e-04
2.100000000000000000e+01 6.000000000000000000e+00 5.100000000000000000e+01 0.000000000000000000e+00 1.600000000000000089e+00 -5.999999999999999474e-04 4.282000000000000216e-03 -9.999909999999999632e-01 3.193509999999999960e-01 -9.476269999999999971e-01 -4.250000000000000305e-03 -9.476360000000000339e-01 -3.193500000000000227e-01 -7.990000000000000140e-04
1.600000000000000000e+01 7.000000000000000000e+00 5.200000000000000000e+01 0.000000000000000000e+00 1.600000000000000089e+00 4.339999999999999782e-04 -3.831000000000000204e-03 -9.999930000000000208e-01 1.196910000000000057e-01 -9.928040000000000198e-01 3.854999999999999920e-03 -9.928109999999999991e-01 -1.196920000000000067e-01 2.799999999999999958e-05
2.000000000000000000e+00 6.300000000000000000e+01 5.400000000000000000e+01 0.000000000000000000e+00 1.600000000000000089e+00 2.390999999999999896e-03 -1.188999999999999953e-03 9.999959999999999960e-01 -3.478620000000000045e-01 9.375440000000000440e-01 1.946999999999999946e-03 -9.375430000000000152e-01 -3.478649999999999798e-01 1.827999999999999981e-03
4.000000000000000000e+00 6.300000000000000000e+01 5.400000000000000000e+01 0.000000000000000000e+00 1.600000000000000089e+00 1.804999999999999964e-03 -4.150000000000000043e-04 9.999980000000000535e-01 -3.480409999999999893e-01 9.374789999999999512e-01 1.016999999999999892e-03 -9.374770000000000048e-01 -3.480429999999999913e-01 1.547999999999999897e-03
8.000000000000000000e+00 6.300000000000000000e+01 5.400000000000000000e+01 0.000000000000000000e+00 1.600000000000000089e+00 5.929999999999999941e-04 3.060000000000000111e-04 1.000000000000000000e+00 -3.476409999999999778e-01 9.376280000000000170e-01 -8.100000000000000375e-05 -9.376269999999999882e-01 -3.476409999999999778e-01 6.620000000000000450e-04
1.200000000000000000e+01 6.300000000000000000e+01 5.400000000000000000e+01 0.000000000000000000e+00 1.600000000000000089e+00 1.378000000000000102e-03 8.260000000000000198e-04 9.999989999999999712e-01 -3.517930000000000224e-01 9.360779999999999657e-01 -2.880000000000000073e-04 -9.360770000000000479e-01 -3.517919999999999936e-01 1.580000000000000024e-03
1.600000000000000000e+01 6.300000000000000000e+01 5.400000000000000000e+01 0.000000000000000000e+00 1.600000000000000089e+00 9.269999999999999811e-04 -2.961999999999999789e-03 9.999949999999999672e-01 -3.584570000000000256e-01 9.335409999999999542e-01 3.096999999999999927e-03 -9.335459999999999869e-01 -3.584579999999999989e-01 -1.959999999999999937e-04
2.100000000000000000e+01 6.300000000000000000e+01 5.400000000000000000e+01 0.000000000000000000e+00 1.600000000000000089e+00 -3.809999999999999910e-04 8.940000000000000464e-04 1.000000000000000000e+00 -3.594419999999999837e-01 9.331669999999999687e-01 -9.709999999999999664e-04 -9.331679999999999975e-01 -3.594419999999999837e-01 -3.499999999999999693e-05
2.400000000000000000e+01 6.300000000000000000e+01 5.400000000000000000e+01 0.000000000000000000e+00 1.600000000000000089e+00 -1.603000000000000041e-03 4.989999999999999861e-04 9.999989999999999712e-01 -3.540610000000000146e-01 9.352219999999999978e-01 -1.033999999999999980e-03 -9.352209999999999690e-01 -3.540619999999999878e-01 -1.322999999999999957e-03
3.000000000000000000e+01 6.300000000000000000e+01 5.400000000000000000e+01 0.000000000000000000e+00 1.600000000000000089e+00 2.400000000000000061e-05 -2.121000000000000055e-03 9.999980000000000535e-01 -3.514490000000000114e-01 9.362049999999999539e-01 1.994000000000000113e-03 -9.362070000000000114e-01 -3.514479999999999826e-01 -7.230000000000000098e-04
3.000000000000000000e+00 2.500000000000000000e+01 5.500000000000000000e+01 0.000000000000000000e+00 1.600000000000000089e+00 1.665999999999999946e-03 -4.250000000000000305e-03 -9.999900000000000455e-01 -1.143500000000000072e-02 -9.999259999999999815e-01 4.230000000000000253e-03 -9.999329999999999607e-01 1.142800000000000066e-02 -1.714000000000000029e-03
8.000000000000000000e+00 2.500000000000000000e+01 5.500000000000000000e+01 0.000000000000000000e+00 1.600000000000000089e+00 -6.660000000000000338e-04 3.660000000000000059e-04 -1.000000000000000000e+00 -1.155600000000000030e-02 -9.999329999999999607e-01 -3.579999999999999741e-04 -9.999329999999999607e-01 1.155600000000000030e-02 6.700000000000000226e-04
1.200000000000000000e+01 2.500000000000000000e+01 5.500000000000000000e+01 0.000000000000000000e+00 1.600000000000000089e+00 -9.359999999999999831e-04 4.749999999999999990e-04 -9.999989999999999712e-01 -1.161500000000000032e-02 -9.999320000000000430e-01 -4.640000000000000027e-04 -9.999320000000000430e-01 1.161399999999999932e-02 9.409999999999999962e-04
1.700000000000000000e+01 2.500000000000000000e+01 5.500000000000000000e+01 0.000000000000000000e+00 1.600000000000000089e+00 -4.260000000000000006e-04 9.340000000000000429e-04 -9.999989999999999712e-01 -1.157900000000000075e-02 -9.999329999999999607e-01 -9.290000000000000297e-04 -9.999329999999999607e-01 1.157900000000000075e-02 4.369999999999999970e-04
2.000000000000000000e+01 2.500000000000000000e+01 5.500000000000000000e+01 0.000000000000000000e+00 1.600000000000000089e+00 8.549999999999999658e-04 1.087999999999999991e-03 -9.999989999999999712e-01 -1.221799999999999969e-02 -9.999249999999999527e-01 -1.098000000000000018e-03 -9.999249999999999527e-01 1.221900000000000069e-02 -8.419999999999999750e-04
2.600000000000000000e+01 2.500000000000000000e+01 5.500000000000000000e+01 0.000000000000000000e+00 1.600000000000000089e+00 9.770000000000000039e-04 1.273000000000000043e-03 -9.999989999999999712e-01 -1.371400000000000050e-02 -9.999050000000000438e-01 -1.286000000000000034e-03 -9.999050000000000438e-01 1.371600000000000076e-02 -9.600000000000000243e-04
1.000000000000000000e+01 6.800000000000000000e+01 5.700000000000000000e+01 0.000000000000000000e+00 1.600000000000000089e+00 2.730000000000000222e-04 -2.995999999999999965e-03 -9.999949999999999672e-01 -2.446810000000000096e-01 -9.695989999999999887e-01 2.837999999999999811e-03 -9.696040000000000214e-01 2.446790000000000076e-01 -9.979999999999999722e-04
1.700000000000000000e+01 6.800000000000000000e+01 5.700000000000000000e+01 0.000000000000000000e+00 1.600000000000000089e+00 1.704999999999999918e-03 -4.657999999999999814e-03 -9.999879999999999880e-01 -2.444860000000000089e-01 -9.696439999999999504e-01 4.100000000000000346e-03 -9.696510000000000407e-01 2.444759999999999989e-01 -2.792000000000000211e-03
3.000000000000000000e+00 2.100000000000000000e+01 6.000000000000000000e+01 0.000000000000000000e+00 1.600000000000000089e+00 -1.458000000000000095e-03 -5.943999999999999631e-03 9.999810000000000088e-01 -9.775100000000000455e-02 9.951940000000000230e-01 5.773000000000000353e-03 -9.952100000000000390e-01 -9.774099999999999455e-02 -2.031999999999999952e-03
8.000000000000000000e+00 2.100000000000000000e+01 6.000000000000000000e+01 0.000000000000000000e+00 1.600000000000000089e+00 -9.799999999999999684e-05 4.619999999999999975e-03 9.999890000000000168e-01 -9.743200000000000471e-02 9.952320000000000055e-01 -4.606999999999999984e-03 -9.952419999999999600e-01 -9.743100000000000371e-02 3.519999999999999908e-04
6.000000000000000000e+00 6.000000000000000000e+00 6.100000000000000000e+01 0.000000000000000000e+00 1.600000000000000089e+00 3.983999999999999694e-03 -3.119999999999999944e-03 9.999869999999999592e-01 5.685099999999999598e-01 -8.226620000000000044e-01 -4.832000000000000357e-03 8.226670000000000371e-01 5.685219999999999718e-01 -1.503999999999999912e-03
1.400000000000000000e+01 3.000000000000000000e+00 6.300000000000000000e+01 0.000000000000000000e+00 1.600000000000000089e+00 2.625999999999999862e-03 -3.374999999999999962e-03 9.999909999999999632e-01 -6.159080000000000110e-01 7.878060000000000063e-01 4.276000000000000287e-03 -7.878140000000000143e-01 -6.159139999999999615e-01 -1.000000000000000082e-05
2.000000000000000000e+00 2.700000000000000000e+01 6.300000000000000000e+01 0.000000000000000000e+00 1.600000000000000089e+00 -1.440000000000000036e-04 -2.626999999999999995e-03 9.999959999999999960e-01 -2.732979999999999854e-01 9.619259999999999478e-01 2.488000000000000194e-03 -9.619290000000000340e-01 -2.732970000000000121e-01 -8.570000000000000144e-04
7.000000000000000000e+00 2.700000000000000000e+01 6.300000000000000000e+01 0.000000000000000000e+00 1.600000000000000089e+00 -1.072000000000000036e-03 -3.820000000000000153e-04 9.999989999999999712e-01 -2.733059999999999934e-01 9.619269999999999765e-01 7.399999999999999623e-05 -9.619269999999999765e-01 -2.733059999999999934e-01 -1.136000000000000074e-03
1.200000000000000000e+01 2.700000000000000000e+01 6.300000000000000000e+01 0.000000000000000000e+00 1.600000000000000089e+00 1.144000000000000052e-03 -3.487000000000000082e-03 9.999930000000000208e-01 -2.753120000000000012e-01 9.613479999999999803e-01 3.667999999999999820e-03 -9.613540000000000418e-01 -2.753149999999999764e-01 1.399999999999999877e-04
1.900000000000000000e+01 2.700000000000000000e+01 6.300000000000000000e+01 0.000000000000000000e+00 1.600000000000000089e+00 2.122999999999999887e-03 -2.601000000000000013e-03 9.999940000000000495e-01 -2.718389999999999973e-01 9.623380000000000267e-01 3.079999999999999839e-03 -9.623399999999999732e-01 -2.718439999999999745e-01 1.335999999999999948e-03
2.600000000000000000e+01 2.700000000000000000e+01 6.300000000000000000e+01 0.000000000000000000e+00 1.600000000000000089e+00 -2.239000000000000105e-03 3.203000000000000118e-03 9.999919999999999920e-01 -2.738349999999999951e-01 9.617700000000000138e-01 -3.693999999999999801e-03 -9.617740000000000178e-01 -2.738410000000000011e-01 -1.276000000000000007e-03
2.000000000000000000e+00 2.600000000000000000e+01 6.400000000000000000e+01 0.000000000000000000e+00 1.600000000000000089e+00 -4.470000000000000232e-04 -4.601000000000000055e-03 9.999890000000000168e-01 -3.549829999999999930e-01 9.348640000000000283e-01 4.141999999999999849e-03 -9.348729999999999540e-01 -3.549769999999999870e-01 -2.050999999999999872e-03
7.000000000000000000e+00 2.600000000000000000e+01 6.400000000000000000e+01 0.000000000000000000e+00 1.600000000000000089e+00 -8.189999999999999581e-04 7.339999999999999520e-04 9.999989999999999712e-01 -3.566079999999999806e-01 9.342540000000000289e-01 -9.779999999999999197e-04 -9.342540000000000289e-01 -3.566079999999999806e-01 -5.029999999999999749e-04
1.300000000000000000e+01 2.600000000000000000e+01 6.400000000000000000e+01 0.000000000000000000e+00 1.600000000000000089e+00 1.397000000000000021e-03 -1.842000000000000104e-03 9.999970000000000248e-01 -3.550619999999999887e-01 9.348400000000000043e-01 2.217999999999999920e-03 -9.348419999999999508e-01 -3.550639999999999907e-01 6.520000000000000188e-04
2.500000000000000000e+01 2.600000000000000000e+01 6.400000000000000000e+01 0.000000000000000000e+00 1.600000000000000089e+00 -1.905999999999999925e-03 -8.480000000000000124e-04 9.999980000000000535e-01 -3.521090000000000053e-01 9.359589999999999854e-01 1.230000000000000082e-04 -9.359570000000000389e-01 -3.521079999999999766e-01 -2.082000000000000083e-03
2.000000000000000000e+00 6.900000000000000000e+01 6.600000000000000000e+01 0.000000000000000000e+00 1.600000000000000089e+00 -6.091000000000000060e-03 6.383999999999999918e-03 9.999609999999999888e-01 -9.526919999999999833e-01 3.038379999999999970e-01 -7.742999999999999883e-03 -3.038750000000000062e-01 -9.527020000000000488e-01 4.231000000000000386e-03
2.800000000000000000e+01 6.900000000000000000e+01 6.600000000000000000e+01 0.000000000000000000e+00 1.600000000000000089e+00 5.968000000000000214e-03 -5.676999999999999755e-03 9.999660000000000215e-01 -9.520309999999999606e-01 3.059109999999999885e-01 7.419000000000000247e-03 -3.059430000000000205e-01 -9.520429999999999726e-01 -3.579000000000000150e-03
