5.000000000000000000e+00 1.010000000000000000e+02 7.000000000000000000e+00 0.000000000000000000e+00 1.600000000000000089e+00 1.384999999999999946e-03 1.122000000000000081e-02 9.999360000000000470e-01 8.888789999999999747e-01 4.580980000000000052e-01 -6.370999999999999927e-03 -4.581399999999999917e-01 8.888310000000000377e-01 -9.339000000000000079e-03
1.400000000000000000e+01 1.010000000000000000e+02 7.000000000000000000e+00 0.000000000000000000e+00 1.600000000000000089e+00 -5.670000000000000127e-04 -7.320000000000000118e-03 9.999730000000000008e-01 8.895410000000000261e-01 4.568389999999999951e-01 3.847999999999999858e-03 -4.568550000000000111e-01 8.895189999999999486e-01 6.252999999999999878e-03
4.000000000000000000e+00 2.500000000000000000e+01 8.000000000000000000e+00 0.000000000000000000e+00 1.600000000000000089e+00 -5.109999999999999525e-04 -1.568599999999999856e-02 -9.998770000000000158e-01 4.371300000000000185e-01 8.992839999999999723e-01 -1.433099999999999999e-02 8.993980000000000308e-01 -4.370829999999999993e-01 6.396999999999999909e-03
1.200000000000000000e+01 2.500000000000000000e+01 8.000000000000000000e+00 0.000000000000000000e+00 1.600000000000000089e+00 2.183000000000000045e-03 2.831999999999999882e-03 -9.999940000000000495e-01 4.380100000000000104e-01 8.989629999999999566e-01 3.501999999999999905e-03 8.989679999999999893e-01 -4.380149999999999877e-01 7.219999999999999855e-04
1.500000000000000000e+01 2.500000000000000000e+01 8.000000000000000000e+00 0.000000000000000000e+00 1.600000000000000089e+00 1.330000000000000019e-03 3.644000000000000104e-03 -9.999919999999999920e-01 4.380249999999999977e-01 8.989549999999999486e-01 3.857999999999999884e-03 8.989620000000000388e-01 -4.380260000000000264e-01 -4.009999999999999893e-04
2.100000000000000000e+01 2.500000000000000000e+01 8.000000000000000000e+00 0.000000000000000000e+00 1.600000000000000089e+00 4.449999999999999746e-04 2.965000000000000187e-03 -9.999949999999999672e-01 4.381309999999999927e-01 8.989059999999999828e-01 2.860000000000000129e-03 8.989110000000000156e-01 -4.381309999999999927e-01 -8.989999999999999511e-04
3.000000000000000000e+01 2.500000000000000000e+01 8.000000000000000000e+00 0.000000000000000000e+00 1.600000000000000089e+00 -1.817000000000000039e-03 8.329999999999999731e-04 -9.999980000000000535e-01 4.392800000000000038e-01 8.983499999999999819e-01 -4.899999999999999842e-05 8.983480000000000354e-01 -4.392800000000000038e-01 -1.998000000000000210e-03
1.600000000000000000e+01 9.000000000000000000e+00 9.000000000000000000e+00 0.000000000000000000e+00 1.600000000000000089e+00 -3.708999999999999797e-02 -1.566599999999999937e-02 -9.991889999999999938e-01 -9.770870000000000388e-01 -2.091339999999999866e-01 3.954900000000000082e-02 -2.095839999999999925e-01 9.777620000000000200e-01 -7.550000000000000287e-03
2.000000000000000000e+01 9.000000000000000000e+00 9.000000000000000000e+00 0.000000000000000000e+00 1.600000000000000089e+00 -7.305200000000000582e-02 -5.275900000000000034e-02 -9.959320000000000395e-01 -9.520950000000000246e-01 -2.936380000000000101e-01 8.539199999999999569e-02 -2.969490000000000185e-01 9.544599999999999751e-01 -2.878100000000000103e-02
4.000000000000000000e+00 2.400000000000000000e+01 9.000000000000000000e+00 0.000000000000000000e+00 1.600000000000000089e+00 -9.790000000000000525e-04 -1.246500000000000039e-02 -9.999219999999999775e-01 4.423420000000000130e-01 8.967709999999999848e-01 -1.161200000000000079e-02 8.968460000000000321e-01 -4.423190000000000177e-01 4.636000000000000364e-03
8.000000000000000000e+00 2.400000000000000000e+01 9.000000000000000000e+00 0.000000000000000000e+00 1.600000000000000089e+00 6.539999999999999590e-04 -6.677999999999999908e-03 -9.999770000000000048e-01 4.443400000000000127e-01 8.958399999999999697e-01 -5.692000000000000011e-03 8.958580000000000432e-01 -4.443259999999999987e-01 3.553999999999999868e-03
1.100000000000000000e+01 2.400000000000000000e+01 9.000000000000000000e+00 0.000000000000000000e+00 1.600000000000000089e+00 1.825999999999999932e-03 3.395000000000000014e-03 -9.999930000000000208e-01 4.442619999999999902e-01 8.958890000000000464e-01 3.853000000000000088e-03 8.958949999999999969e-01 -4.442659999999999942e-01 1.269999999999999970e-04
1.500000000000000000e+01 2.400000000000000000e+01 9.000000000000000000e+00 0.000000000000000000e+00 1.600000000000000089e+00 9.179999999999999792e-04 5.340000000000000129e-03 -9.999850000000000128e-01 4.446160000000000112e-01 8.957060000000000022e-01 5.191000000000000301e-03 8.957209999999999894e-01 -4.446149999999999824e-01 -1.551999999999999994e-03
2.100000000000000000e+01 2.400000000000000000e+01 9.000000000000000000e+00 0.000000000000000000e+00 1.600000000000000089e+00 3.869999999999999742e-04 3.543999999999999841e-03 -9.999940000000000495e-01 4.442619999999999902e-01 8.958909999999999929e-01 3.347000000000000149e-03 8.958970000000000544e-01 -4.442599999999999882e-01 -1.227999999999999925e-03
2.500000000000000000e+01 2.400000000000000000e+01 9.000000000000000000e+00 0.000000000000000000e+00 1.600000000000000089e+00 -8.200000000000000095e-05 6.870000000000000022e-04 -1.000000000000000000e+00 4.429529999999999856e-01 8.965450000000000363e-01 5.789999999999999791e-04 8.965450000000000363e-01 -4.429529999999999856e-01 -3.780000000000000265e-04
2.800000000000000000e+01 2.400000000000000000e+01 9.000000000000000000e+00 0.000000000000000000e+00 1.600000000000000089e+00 -1.673999999999999924e-03 2.130000000000000003e-04 -9.999989999999999712e-01 4.439400000000000013e-01 8.960569999999999924e-01 -5.519999999999999733e-04 8.960550000000000459e-01 -4.439400000000000013e-01 -1.593999999999999931e-03
1.300000000000000000e+01 3.000000000000000000e+01 1.200000000000000000e+01 0.000000000000000000e+00 1.600000000000000089e+00 -7.927999999999999284e-03 -1.245409999999999989e-01 9.921830000000000371e-01 -2.163500000000000145e-02 9.920029999999999681e-01 1.243459999999999982e-01 -9.997350000000000403e-01 -2.048000000000000168e-02 -1.055900000000000068e-02
1.700000000000000000e+01 3.100000000000000000e+01 1.200000000000000000e+01 0.000000000000000000e+00 1.600000000000000089e+00 2.925000000000000083e-03 -2.143410000000000037e-01 9.767540000000000111e-01 -6.581900000000000250e-02 9.745989999999999931e-01 2.140650000000000053e-01 -9.978270000000000195e-01 -6.491500000000000048e-02 -1.125699999999999965e-02
1.900000000000000000e+01 3.500000000000000000e+01 1.300000000000000000e+01 0.000000000000000000e+00 1.600000000000000089e+00 -1.912079999999999891e-01 -5.317500000000000004e-02 9.801079999999999792e-01 9.676749999999999519e-01 -1.775110000000000021e-01 1.791520000000000057e-01 1.644539999999999891e-01 9.826810000000000267e-01 8.539800000000000169e-02
2.800000000000000000e+01 3.200000000000000000e+01 1.400000000000000000e+01 0.000000000000000000e+00 1.600000000000000089e+00 7.110000000000000434e-04 -1.649999999999999991e-03 -9.999980000000000535e-01 1.164270000000000027e-01 9.931980000000000253e-01 -1.556000000000000091e-03 9.931990000000000540e-01 -1.164250000000000007e-01 8.980000000000000352e-04
7.000000000000000000e+00 1.200000000000000000e+01 1.600000000000000000e+01 0.000000000000000000e+00 1.600000000000000089e+00 -5.640000000000000482e-04 -6.409999999999999682e-04 1.000000000000000000e+00 2.734539999999999749e-01 -9.618849999999999900e-01 -4.620000000000000083e-04 9.618849999999999900e-01 2.734539999999999749e-01 7.179999999999999967e-04
1.100000000000000000e+01 1.200000000000000000e+01 1.600000000000000000e+01 0.000000000000000000e+00 1.600000000000000089e+00 4.471000000000000148e-03 -1.383000000000000028e-02 9.998939999999999495e-01 2.695670000000000011e-01 -9.628719999999999501e-01 -1.452400000000000045e-02 9.629710000000000214e-01 2.696029999999999816e-01 -5.770000000000000389e-04
1.400000000000000000e+01 1.200000000000000000e+01 1.600000000000000000e+01 0.000000000000000000e+00 1.600000000000000089e+00 7.315999999999999587e-03 -2.104299999999999921e-02 9.997519999999999740e-01 2.701270000000000060e-01 -9.625679999999999792e-01 -2.223699999999999982e-02 9.627970000000000139e-01 2.702229999999999910e-01 -1.356999999999999916e-03
7.000000000000000000e+00 1.160000000000000000e+02 1.600000000000000000e+01 0.000000000000000000e+00 1.600000000000000089e+00 1.195000000000000099e-03 2.429999999999999977e-04 9.999989999999999712e-01 7.653039999999999843e-01 6.436680000000000179e-01 -1.070999999999999903e-03 -6.436680000000000179e-01 7.653050000000000130e-01 5.829999999999999679e-04
1.100000000000000000e+01 1.160000000000000000e+02 1.600000000000000000e+01 0.000000000000000000e+00 1.600000000000000089e+00 2.426999999999999904e-03 2.681999999999999922e-03 9.999930000000000208e-01 7.668139999999999956e-01 6.418589999999999574e-01 -3.582000000000000114e-03 -6.418639999999999901e-01 7.668179999999999996e-01 -4.989999999999999861e-04
2.300000000000000000e+01 1.160000000000000000e+02 1.600000000000000000e+01 0.000000000000000000e+00 1.600000000000000089e+00 1.683999999999999950e-03 4.426000000000000247e-03 9.999890000000000168e-01 7.162490000000000245e-01 6.978320000000000078e-01 -4.295000000000000207e-03 -6.978429999999999911e-01 7.162479999999999958e-01 -1.994999999999999812e-03
2.900000000000000000e+01 1.160000000000000000e+02 1.600000000000000000e+01 0.000000000000000000e+00 1.600000000000000089e+00 -1.190000000000000085e-03 2.814000000000000095e-03 9.999949999999999672e-01 6.965599999999999570e-01 7.174979999999999691e-01 -1.190000000000000085e-03 -7.174979999999999691e-01 6.965550000000000352e-01 -2.814000000000000095e-03
1.200000000000000000e+01 3.400000000000000000e+01 1.800000000000000000e+01 0.000000000000000000e+00 1.600000000000000089e+00 2.079860000000000042e-01 2.789200000000000013e-01 9.375210000000000488e-01 -9.683279999999999665e-01 1.940810000000000035e-01 1.570799999999999974e-01 -1.381419999999999870e-01 -9.404979999999999452e-01 3.104529999999999790e-01
9.000000000000000000e+00 2.000000000000000000e+00 1.900000000000000000e+01 0.000000000000000000e+00 1.600000000000000089e+00 -3.579999999999999741e-04 1.905999999999999925e-03 -9.999980000000000535e-01 3.389179999999999970e-01 -9.408140000000000391e-01 -1.915000000000000036e-03 -9.408159999999999856e-01 -3.389179999999999970e-01 -3.089999999999999756e-04
2.700000000000000000e+01 2.000000000000000000e+00 1.900000000000000000e+01 0.000000000000000000e+00 1.600000000000000089e+00 1.002100000000000039e-02 -5.409699999999999925e-02 -9.984849999999999559e-01 3.637900000000000023e-01 -9.299129999999999896e-01 5.403299999999999770e-02 -9.314270000000000049e-01 -3.637799999999999923e-01 1.036100000000000042e-02
2.000000000000000000e+00 3.000000000000000000e+00 1.900000000000000000e+01 0.000000000000000000e+00 1.600000000000000089e+00 1.410000000000000120e-04 1.804100000000000148e-02 -9.998369999999999758e-01 3.353849999999999887e-01 -9.419290000000000163e-01 -1.694899999999999879e-02 -9.420809999999999462e-01 -3.353280000000000149e-01 -6.183000000000000128e-03
2.000000000000000000e+01 3.000000000000000000e+00 1.900000000000000000e+01 0.000000000000000000e+00 1.600000000000000089e+00 8.692999999999999339e-03 -4.697300000000000086e-02 -9.988580000000000236e-01 3.398100000000000009e-01 -9.393120000000000358e-01 4.713099999999999928e-02 -9.404540000000000122e-01 -3.398320000000000229e-01 7.795999999999999978e-03
3.000000000000000000e+00 4.000000000000000000e+00 2.000000000000000000e+01 0.000000000000000000e+00 1.600000000000000089e+00 1.479999999999999925e-04 1.878399999999999861e-02 -9.998240000000000460e-01 3.864480000000000137e-01 -9.221489999999999965e-01 -1.726700000000000110e-02 -9.223109999999999919e-01 -3.863770000000000260e-01 -7.394999999999999664e-03
7.000000000000000000e+00 4.000000000000000000e+00 2.000000000000000000e+01 0.000000000000000000e+00 1.600000000000000089e+00 -1.440000000000000036e-04 1.003700000000000078e-02 -9.999500000000000055e-01 3.876499999999999946e-01 -9.217600000000000238e-01 -9.308000000000000301e-03 -9.218070000000000430e-01 -3.876319999999999766e-01 -3.758000000000000056e-03
1.800000000000000000e+01 4.000000000000000000e+00 2.000000000000000000e+01 0.000000000000000000e+00 1.600000000000000089e+00 3.850000000000000124e-03 -3.427899999999999697e-02 -9.994049999999999878e-01 3.813790000000000235e-01 -9.238239999999999785e-01 3.315599999999999797e-02 -9.244109999999999827e-01 -3.812800000000000078e-01 9.516000000000000153e-03
2.000000000000000000e+00 1.300000000000000000e+01 2.000000000000000000e+01 0.000000000000000000e+00 1.600000000000000089e+00 1.237999999999999951e-03 1.900000000000000105e-04 9.999989999999999712e-01 2.623559999999999781e-01 9.649710000000000232e-01 -5.079999999999999880e-04 -9.649699999999999944e-01 2.623559999999999781e-01 1.144999999999999967e-03
9.000000000000000000e+00 1.300000000000000000e+01 2.000000000000000000e+01 0.000000000000000000e+00 1.600000000000000089e+00 -6.080000000000000335e-04 1.030000000000000100e-03 9.999989999999999712e-01 2.636970000000000147e-01 9.646050000000000457e-01 -8.329999999999999731e-04 -9.646059999999999635e-01 2.636959999999999860e-01 -8.580000000000000387e-04
1.500000000000000000e+01 1.300000000000000000e+01 2.000000000000000000e+01 0.000000000000000000e+00 1.600000000000000089e+00 -1.438000000000000042e-03 4.375999999999999682e-03 9.999890000000000168e-01 2.625399999999999956e-01 9.649130000000000207e-01 -3.844999999999999894e-03 -9.649199999999999999e-01 2.625310000000000143e-01 -2.536000000000000060e-03
2.000000000000000000e+01 1.300000000000000000e+01 2.000000000000000000e+01 0.000000000000000000e+00 1.600000000000000089e+00 8.620000000000000275e-04 -3.402000000000000076e-03 9.999940000000000495e-01 2.602470000000000061e-01 9.655369999999999786e-01 3.059999999999999786e-03 -9.655420000000000114e-01 2.602430000000000021e-01 1.717999999999999909e-03
2.300000000000000000e+01 1.300000000000000000e+01 2.000000000000000000e+01 0.000000000000000000e+00 1.600000000000000089e+00 1.046000000000000055e-03 -8.711999999999999258e-03 9.999620000000000175e-01 2.580749999999999988e-01 9.660900000000000043e-01 8.146999999999999728e-03 -9.661239999999999828e-01 2.580569999999999808e-01 3.259000000000000178e-03
1.200000000000000000e+01 1.600000000000000000e+01 2.100000000000000000e+01 0.000000000000000000e+00 1.600000000000000089e+00 -5.450000000000000200e-04 4.099000000000000213e-03 9.999909999999999632e-01 2.956559999999999744e-01 9.552869999999999973e-01 -3.755000000000000091e-03 -9.552939999999999765e-01 2.956509999999999971e-01 -1.732000000000000033e-03
2.600000000000000000e+01 1.600000000000000000e+01 2.100000000000000000e+01 0.000000000000000000e+00 1.600000000000000089e+00 3.080000000000000055e-04 -9.502999999999999295e-03 9.999550000000000383e-01 2.970579999999999887e-01 9.548170000000000268e-01 8.982999999999999666e-03 -9.548590000000000133e-01 2.970419999999999727e-01 3.116999999999999979e-03
2.800000000000000000e+01 4.000000000000000000e+01 2.400000000000000000e+01 0.000000000000000000e+00 1.600000000000000089e+00 3.539510000000000156e-01 1.965109999999999912e-01 9.143860000000000321e-01 -8.652630000000000043e-01 4.399219999999999797e-01 2.403919999999999946e-01 -3.550189999999999735e-01 -8.762720000000000509e-01 3.257450000000000068e-01
2.500000000000000000e+01 2.000000000000000000e+00 2.500000000000000000e+01 0.000000000000000000e+00 1.600000000000000089e+00 1.125100000000000058e-02 -4.425300000000000067e-02 9.989569999999999839e-01 7.552899999999999892e-02 -9.961290000000000422e-01 -4.497899999999999815e-02 9.970799999999999663e-01 7.595599999999999574e-02 -7.865000000000000463e-03
7.000000000000000000e+00 3.000000000000000000e+00 2.500000000000000000e+01 0.000000000000000000e+00 1.600000000000000089e+00 -3.608999999999999795e-03 6.171000000000000270e-03 9.999740000000000295e-01 2.026899999999999882e-02 -9.997749999999999693e-01 6.243000000000000285e-03 9.997880000000000100e-01 2.029100000000000001e-02 3.482999999999999985e-03
1.100000000000000000e+01 3.000000000000000000e+00 2.500000000000000000e+01 0.000000000000000000e+00 1.600000000000000089e+00 4.173999999999999759e-03 -5.331999999999999934e-03 9.999770000000000048e-01 3.289899999999999769e-02 -9.994439999999999991e-01 -5.466000000000000372e-03 9.994499999999999496e-01 3.292099999999999888e-02 -3.996000000000000420e-03
1.800000000000000000e+01 3.000000000000000000e+00 2.500000000000000000e+01 0.000000000000000000e+00 1.600000000000000089e+00 9.577000000000000443e-03 -2.094199999999999881e-02 9.997350000000000403e-01 1.686500000000000152e-02 -9.996350000000000513e-01 -2.110100000000000170e-02 9.998120000000000340e-01 1.706200000000000078e-02 -9.220000000000000764e-03
2.600000000000000000e+01 3.000000000000000000e+00 2.500000000000000000e+01 0.000000000000000000e+00 1.600000000000000089e+00 2.716999999999999797e-03 -3.805299999999999655e-02 9.992720000000000491e-01 -1.562000000000000020e-02 -9.991550000000000153e-01 -3.800599999999999812e-02 9.998740000000000405e-01 -1.550600000000000069e-02 -3.308999999999999875e-03
1.100000000000000000e+01 2.900000000000000000e+01 2.600000000000000000e+01 0.000000000000000000e+00 1.600000000000000089e+00 5.354000000000000252e-03 3.861900000000000055e-02 -9.992400000000000171e-01 1.294909999999999950e-01 -9.908670000000000533e-01 -3.760100000000000248e-02 -9.915659999999999474e-01 -1.291920000000000013e-01 -1.030599999999999919e-02
4.000000000000000000e+00 5.800000000000000000e+01 3.100000000000000000e+01 0.000000000000000000e+00 1.600000000000000089e+00 -3.560999999999999929e-03 1.279999999999999942e-04 9.999940000000000495e-01 -8.086489999999999512e-01 -5.882849999999999469e-01 -2.804000000000000069e-03 5.882810000000000539e-01 -8.086529999999999552e-01 2.197999999999999867e-03
2.300000000000000000e+01 5.800000000000000000e+01 3.100000000000000000e+01 0.000000000000000000e+00 1.600000000000000089e+00 8.916000000000000314e-03 1.105399999999999959e-02 9.998989999999999823e-01 -8.107320000000000082e-01 -5.852570000000000272e-01 1.370000000000000037e-02 5.853490000000000082e-01 -8.107729999999999659e-01 3.743999999999999932e-03
2.900000000000000000e+01 5.800000000000000000e+01 3.100000000000000000e+01 0.000000000000000000e+00 1.600000000000000089e+00 1.451999999999999949e-03 -9.759999999999999796e-04 9.999980000000000535e-01 -8.089220000000000299e-01 -5.879149999999999654e-01 5.999999999999999474e-04 5.879140000000000477e-01 -8.089220000000000299e-01 -1.642999999999999929e-03
9.000000000000000000e+00 3.200000000000000000e+01 3.300000000000000000e+01 0.000000000000000000e+00 1.600000000000000089e+00 8.078499999999999570e-02 -8.635400000000000020e-02 -9.929839999999999778e-01 1.396100000000000119e-01 -9.854389999999999539e-01 9.705600000000000338e-02 -9.869059999999999500e-01 -1.464709999999999901e-01 -6.755200000000000093e-02
5.000000000000000000e+00 4.600000000000000000e+01 3.500000000000000000e+01 0.000000000000000000e+00 1.600000000000000089e+00 5.699999999999999772e-04 6.695199999999999763e-02 -9.977559999999999762e-01 3.948769999999999780e-01 -9.166879999999999473e-01 -6.128600000000000020e-02 -9.187340000000000506e-01 -3.939559999999999729e-01 -2.696000000000000132e-02
3.000000000000000000e+00 9.500000000000000000e+01 3.600000000000000000e+01 0.000000000000000000e+00 1.600000000000000089e+00 2.396000000000000126e-03 9.414999999999999758e-03 9.999529999999999808e-01 9.970550000000000246e-01 7.662499999999999867e-02 -3.111000000000000050e-03 -7.665099999999999691e-02 9.970160000000000133e-01 -9.204000000000000375e-03
2.000000000000000000e+01 4.600000000000000000e+01 4.100000000000000000e+01 0.000000000000000000e+00 1.600000000000000089e+00 -4.954629999999999868e-01 5.244999999999999662e-03 8.686129999999999685e-01 5.987689999999999957e-01 -7.223749999999999893e-01 3.459039999999999893e-01 6.292790000000000328e-01 6.914810000000000123e-01 3.547699999999999743e-01
2.000000000000000000e+00 3.000000000000000000e+00 4.300000000000000000e+01 0.000000000000000000e+00 1.600000000000000089e+00 -1.526000000000000013e-03 -1.271599999999999987e-02 -9.999179999999999735e-01 7.339320000000000288e-01 -6.791810000000000347e-01 7.517000000000000244e-03 -6.792209999999999637e-01 -7.338609999999999856e-01 1.036899999999999974e-02
1.100000000000000000e+01 3.000000000000000000e+00 4.300000000000000000e+01 0.000000000000000000e+00 1.600000000000000089e+00 -1.461999999999999975e-03 -3.079000000000000140e-03 -9.999940000000000495e-01 7.318729999999999958e-01 -6.814400000000000457e-01 1.028000000000000051e-03 -6.814390000000000169e-01 -7.318670000000000453e-01 3.249000000000000152e-03
1.500000000000000000e+01 3.000000000000000000e+00 4.300000000000000000e+01 0.000000000000000000e+00 1.600000000000000089e+00 -3.808999999999999886e-03 1.180000000000000059e-03 -9.999919999999999920e-01 7.299069999999999725e-01 -6.835369999999999502e-01 -3.586999999999999911e-03 -6.835360000000000325e-01 -7.299149999999999805e-01 1.742000000000000059e-03
2.400000000000000000e+01 8.000000000000000000e+00 4.400000000000000000e+01 0.000000000000000000e+00 1.600000000000000089e+00 -1.260999999999999968e-03 -1.474000000000000050e-03 9.999980000000000535e-01 -7.907549999999999857e-01 -6.121299999999999519e-01 -1.899999999999999996e-03 6.121320000000000094e-01 -7.907560000000000144e-01 -3.930000000000000117e-04
2.700000000000000000e+01 8.000000000000000000e+00 4.400000000000000000e+01 0.000000000000000000e+00 1.600000000000000089e+00 7.600000000000000418e-04 4.353000000000000098e-03 9.999900000000000455e-01 -7.899469999999999548e-01 -6.131659999999999888e-01 3.269000000000000204e-03 6.131739999999999968e-01 -7.899420000000000330e-01 2.972999999999999948e-03
4.000000000000000000e+00 2.900000000000000000e+01 4.400000000000000000e+01 0.000000000000000000e+00 1.600000000000000089e+00 -5.514999999999999937e-03 -1.769999999999999926e-04 -9.999850000000000128e-01 6.365399999999999947e-01 7.712350000000000039e-01 -3.647000000000000068e-03 7.712240000000000206e-01 -6.365499999999999492e-01 -4.139999999999999583e-03
1.400000000000000000e+01 3.500000000000000000e+01 4.400000000000000000e+01 0.000000000000000000e+00 1.600000000000000089e+00 -2.907500000000000084e-01 -5.625160000000000160e-01 -7.739770000000000261e-01 -8.943699999999999983e-01 4.471930000000000072e-01 1.096300000000000052e-02 3.399499999999999744e-01 6.954099999999999726e-01 -6.331189999999999873e-01
2.300000000000000000e+01 3.700000000000000000e+01 5.100000000000000000e+01 0.000000000000000000e+00 1.600000000000000089e+00 -4.020340000000000025e-01 -3.836459999999999870e-01 8.313749999999999751e-01 9.002700000000000147e-01 -3.312169999999999837e-01 2.825070000000000081e-01 1.669829999999999925e-01 8.620389999999999997e-01 4.785449999999999982e-01
2.500000000000000000e+01 3.800000000000000000e+01 5.100000000000000000e+01 0.000000000000000000e+00 1.600000000000000089e+00 -3.733250000000000179e-01 -3.975270000000000192e-01 8.382119999999999571e-01 9.225630000000000219e-01 -2.540459999999999940e-01 2.904109999999999747e-01 9.749900000000000233e-02 8.817209999999999770e-01 4.615859999999999963e-01
3.000000000000000000e+00 7.000000000000000000e+00 5.200000000000000000e+01 0.000000000000000000e+00 1.600000000000000089e+00 4.971999999999999857e-03 -5.928000000000000110e-03 -9.999700000000000255e-01 9.238599999999999590e-02 -9.957030000000000047e-01 6.361999999999999600e-03 -9.957110000000000127e-01 -9.241499999999999715e-02 -4.402999999999999796e-03
2.900000000000000000e+01 7.000000000000000000e+00 5.200000000000000000e+01 0.000000000000000000e+00 1.600000000000000089e+00 -4.089999999999999886e-03 1.523999999999999964e-03 -9.999900000000000455e-01 7.479600000000000137e-02 -9.971970000000000001e-01 -1.825000000000000016e-03 -9.971900000000000208e-01 -7.480199999999999350e-02 3.964999999999999775e-03
5.000000000000000000e+00 6.300000000000000000e+01 5.400000000000000000e+01 0.000000000000000000e+00 1.600000000000000089e+00 -1.150000000000000035e-04 2.923999999999999950e-03 9.999959999999999960e-01 -3.475849999999999773e-01 9.376440000000000330e-01 -2.782000000000000185e-03 -9.376480000000000370e-01 -3.475840000000000041e-01 9.079999999999999530e-04
7.000000000000000000e+00 6.300000000000000000e+01 5.400000000000000000e+01 0.000000000000000000e+00 1.600000000000000089e+00 7.510000000000000399e-04 4.003999999999999747e-03 9.999919999999999920e-01 -3.496940000000000048e-01 9.368579999999999686e-01 -3.488999999999999914e-03 -9.368640000000000301e-01 -3.496879999999999988e-01 2.103999999999999967e-03
2.000000000000000000e+01 6.300000000000000000e+01 5.400000000000000000e+01 0.000000000000000000e+00 1.600000000000000089e+00 2.329999999999999986e-04 -2.680000000000000090e-03 9.999959999999999960e-01 -3.587270000000000181e-01 9.334390000000000187e-01 2.585000000000000058e-03 -9.334430000000000227e-01 -3.587259999999999893e-01 -7.439999999999999782e-04
2.600000000000000000e+01 6.300000000000000000e+01 5.400000000000000000e+01 0.000000000000000000e+00 1.600000000000000089e+00 1.770000000000000089e-03 2.460000000000000164e-04 9.999980000000000535e-01 -3.643040000000000167e-01 9.312799999999999967e-01 4.159999999999999744e-04 -9.312780000000000502e-01 -3.643049999999999899e-01 1.737999999999999962e-03
1.700000000000000000e+01 2.500000000000000000e+01 5.500000000000000000e+01 0.000000000000000000e+00 1.600000000000000089e+00 7.979999999999999897e-04 1.570999999999999914e-03 -9.999980000000000535e-01 -1.069100000000000085e-02 -9.999419999999999975e-01 -1.580000000000000024e-03 -9.999430000000000263e-01 1.069200000000000012e-02 -7.810000000000000102e-04
2.200000000000000000e+01 2.000000000000000000e+01 6.000000000000000000e+01 0.000000000000000000e+00 1.600000000000000089e+00 1.379000000000000017e-03 -2.145999999999999904e-03 9.999970000000000248e-01 -6.040899999999999742e-02 9.981710000000000305e-01 2.224999999999999981e-03 -9.981729999999999769e-01 -6.041099999999999942e-02 1.247000000000000062e-03
6.000000000000000000e+00 2.100000000000000000e+01 6.000000000000000000e+01 0.000000000000000000e+00 1.600000000000000089e+00 -9.439999999999999607e-04 6.121999999999999838e-03 9.999810000000000088e-01 -9.803399999999999614e-02 9.951640000000000486e-01 -6.185000000000000393e-03 -9.951830000000000398e-01 -9.803800000000000014e-02 -3.400000000000000244e-04
1.300000000000000000e+01 2.100000000000000000e+01 6.000000000000000000e+01 0.000000000000000000e+00 1.600000000000000089e+00 -5.789999999999999791e-04 -6.638999999999999936e-03 9.999780000000000335e-01 -9.601600000000000412e-02 9.953579999999999650e-01 6.552999999999999797e-03 -9.953800000000000425e-01 -9.600999999999999812e-02 -1.214000000000000018e-03
1.800000000000000000e+01 2.100000000000000000e+01 6.000000000000000000e+01 0.000000000000000000e+00 1.600000000000000089e+00 7.799999999999999859e-04 -6.605999999999999893e-03 9.999780000000000335e-01 -9.288499999999999535e-02 9.956549999999999567e-01 6.649999999999999661e-03 -9.956770000000000342e-01 -9.288799999999999835e-02 1.640000000000000019e-04
2.600000000000000000e+01 2.100000000000000000e+01 6.000000000000000000e+01 0.000000000000000000e+00 1.600000000000000089e+00 -6.909999999999999910e-04 -4.212999999999999731e-03 9.999909999999999632e-01 -9.720299999999999774e-02 9.952560000000000295e-01 4.126000000000000327e-03 -9.952640000000000375e-01 -9.719999999999999474e-02 -1.098000000000000018e-03
5.000000000000000000e+00 6.700000000000000000e+01 6.000000000000000000e+01 0.000000000000000000e+00 1.600000000000000089e+00 2.583999999999999925e-03 5.047000000000000271e-03 9.999839999999999840e-01 1.802279999999999993e-01 -9.836150000000000171e-01 4.499000000000000395e-03 9.836209999999999676e-01 1.802140000000000131e-01 -3.451000000000000074e-03
2.000000000000000000e+00 2.700000000000000000e+01 6.300000000000000000e+01 0.000000000000000000e+00 1.600000000000000089e+00 -1.951000000000000043e-03 1.397999999999999937e-03 9.999970000000000248e-01 -2.738619999999999943e-01 9.617670000000000385e-01 -1.879000000000000028e-03 -9.617670000000000385e-01 -2.738650000000000251e-01 -1.494000000000000102e-03
1.200000000000000000e+01 2.700000000000000000e+01 6.300000000000000000e+01 0.000000000000000000e+00 1.600000000000000089e+00 2.011000000000000201e-03 -6.819999999999999674e-03 9.999749999999999472e-01 -2.749199999999999977e-01 9.614409999999999901e-01 7.110000000000000001e-03 -9.614650000000000141e-01 -2.749280000000000057e-01 5.899999999999999754e-05
1.600000000000000000e+01 2.700000000000000000e+01 6.300000000000000000e+01 0.000000000000000000e+00 1.600000000000000089e+00 2.028999999999999988e-03 -1.397000000000000021e-03 9.999970000000000248e-01 -2.749110000000000165e-01 9.614679999999999893e-01 1.900999999999999912e-03 -9.614679999999999893e-01 -2.749139999999999917e-01 1.567000000000000033e-03
1.900000000000000000e+01 2.700000000000000000e+01 6.300000000000000000e+01 0.000000000000000000e+00 1.600000000000000089e+00 4.899999999999999842e-04 -7.145999999999999575e-03 9.999740000000000295e-01 -2.758959999999999746e-01 9.611619999999999608e-01 7.003999999999999809e-03 -9.611870000000000136e-01 -2.758920000000000261e-01 -1.500999999999999947e-03
2.400000000000000000e+01 2.700000000000000000e+01 6.300000000000000000e+01 0.000000000000000000e+00 1.600000000000000089e+00 -1.747999999999999988e-03 -8.222999999999999407e-03 9.999649999999999928e-01 -2.766049999999999898e-01 9.609550000000000036e-01 7.418000000000000115e-03 -9.609820000000000029e-01 -2.765830000000000233e-01 -3.954000000000000049e-03
3.000000000000000000e+00 2.600000000000000000e+01 6.400000000000000000e+01 0.000000000000000000e+00 1.600000000000000089e+00 -1.265999999999999981e-03 2.709999999999999735e-04 9.999989999999999712e-01 -3.674609999999999821e-01 9.300389999999999491e-01 -7.169999999999999724e-04 -9.300380000000000313e-01 -3.674609999999999821e-01 -1.077000000000000049e-03
1.300000000000000000e+01 2.600000000000000000e+01 6.400000000000000000e+01 0.000000000000000000e+00 1.600000000000000089e+00 2.851999999999999934e-03 -4.468999999999999882e-03 9.999860000000000415e-01 -3.677349999999999786e-01 9.299159999999999648e-01 5.204000000000000292e-03 -9.299260000000000304e-01 -3.677449999999999886e-01 1.008999999999999914e-03
1.900000000000000000e+01 2.600000000000000000e+01 6.400000000000000000e+01 0.000000000000000000e+00 1.600000000000000089e+00 1.889999999999999970e-03 -7.346000000000000099e-03 9.999710000000000543e-01 -3.653310000000000168e-01 9.308469999999999800e-01 7.529000000000000102e-03 -9.308760000000000367e-01 -3.653339999999999921e-01 -9.240000000000000166e-04
2.400000000000000000e+01 2.600000000000000000e+01 6.400000000000000000e+01 0.000000000000000000e+00 1.600000000000000089e+00 -1.123999999999999999e-03 -9.792000000000000356e-03 9.999510000000000343e-01 -3.673649999999999971e-01 9.300359999999999738e-01 8.694000000000000339e-03 -9.300760000000000138e-01 -3.673370000000000246e-01 -4.643000000000000425e-03
2.900000000000000000e+01 2.600000000000000000e+01 6.400000000000000000e+01 0.000000000000000000e+00 1.600000000000000089e+00 4.640000000000000027e-04 -6.449999999999999570e-04 1.000000000000000000e+00 -3.619620000000000060e-01 9.321930000000000494e-01 7.690000000000000438e-04 -9.321930000000000494e-01 -3.619620000000000060e-01 1.990000000000000124e-04
2.700000000000000000e+01 3.100000000000000000e+01 7.100000000000000000e+01 0.000000000000000000e+00 1.600000000000000089e+00 -1.242700000000000055e-02 -8.869999999999999846e-04 -9.999219999999999775e-01 -7.464030000000000387e-01 -6.654210000000000402e-01 9.867000000000000770e-03 -6.653790000000000537e-01 7.464669999999999916e-01 7.607000000000000046e-03
3.000000000000000000e+00 2.500000000000000000e+01 7.300000000000000000e+01 0.000000000000000000e+00 1.600000000000000089e+00 -7.648000000000000284e-03 -5.995000000000000329e-03 9.999529999999999808e-01 7.570860000000000367e-01 -6.533130000000000326e-01 1.874000000000000015e-03 6.532710000000000461e-01 7.570639999999999592e-01 9.535000000000000073e-03
1.100000000000000000e+01 2.500000000000000000e+01 7.300000000000000000e+01 0.000000000000000000e+00 1.600000000000000089e+00 1.899999999999999996e-03 3.200999999999999852e-03 9.999930000000000208e-01 7.598179999999999934e-01 -6.501360000000000472e-01 6.380000000000000037e-04 6.501329999999999609e-01 7.598110000000000142e-01 -3.667000000000000121e-03
1.400000000000000000e+01 2.500000000000000000e+01 7.300000000000000000e+01 0.000000000000000000e+00 1.600000000000000089e+00 2.701999999999999975e-03 -4.539999999999999765e-04 9.999959999999999960e-01 7.629489999999999883e-01 -6.464539999999999731e-01 -2.354999999999999889e-03 6.464530000000000554e-01 7.629529999999999923e-01 -1.399999999999999986e-03
2.000000000000000000e+01 2.500000000000000000e+01 7.300000000000000000e+01 0.000000000000000000e+00 1.600000000000000089e+00 -3.523000000000000090e-03 -1.354799999999999928e-02 9.999019999999999575e-01 7.526669999999999749e-01 -6.583719999999999573e-01 -6.269000000000000267e-03 6.583919999999999773e-01 7.525709999999999900e-01 1.251700000000000035e-02
2.800000000000000000e+01 2.500000000000000000e+01 7.300000000000000000e+01 0.000000000000000000e+00 1.600000000000000089e+00 -1.343999999999999926e-03 -3.915000000000000077e-03 9.999909999999999632e-01 7.503889999999999727e-01 -6.609949999999999992e-01 -1.579000000000000108e-03 6.609949999999999992e-01 7.503800000000000470e-01 3.825999999999999974e-03
4.000000000000000000e+00 4.400000000000000000e+01 7.300000000000000000e+01 0.000000000000000000e+00 1.600000000000000089e+00 1.794000000000000022e-03 2.347999999999999827e-03 9.999959999999999960e-01 5.740699999999999970e-02 -9.983480000000000132e-01 2.240999999999999936e-03 9.983490000000000419e-01 5.740300000000000263e-02 -1.925999999999999978e-03
1.400000000000000000e+01 4.400000000000000000e+01 7.300000000000000000e+01 0.000000000000000000e+00 1.600000000000000089e+00 -9.610000000000000486e-04 -2.909999999999999826e-03 9.999949999999999672e-01 5.377400000000000235e-02 -9.985490000000000199e-01 -2.854000000000000200e-03 9.985530000000000239e-01 5.377099999999999935e-02 1.116000000000000021e-03
2.100000000000000000e+01 4.400000000000000000e+01 7.300000000000000000e+01 0.000000000000000000e+00 1.600000000000000089e+00 3.480000000000000020e-04 8.970000000000000109e-04 1.000000000000000000e+00 5.484699999999999992e-02 -9.984939999999999927e-01 8.769999999999999584e-04 9.984950000000000214e-01 5.484699999999999992e-02 -3.959999999999999762e-04
6.000000000000000000e+00 5.100000000000000000e+01 7.600000000000000000e+01 0.000000000000000000e+00 1.600000000000000089e+00 1.881000000000000076e-03 4.529000000000000040e-03 -9.999879999999999880e-01 -4.045389999999999819e-01 -9.145079999999999876e-01 -4.902000000000000107e-03 -9.145189999999999708e-01 4.045429999999999859e-01 1.119999999999999983e-04
1.500000000000000000e+01 5.100000000000000000e+01 7.600000000000000000e+01 0.000000000000000000e+00 1.600000000000000089e+00 1.075000000000000001e-03 -1.278999999999999972e-03 -9.999989999999999712e-01 -4.003950000000000009e-01 -9.163419999999999899e-01 7.420000000000000380e-04 -9.163419999999999899e-01 4.003929999999999989e-01 -1.497000000000000067e-03
2.900000000000000000e+01 5.100000000000000000e+01 7.600000000000000000e+01 0.000000000000000000e+00 1.600000000000000089e+00 -1.252999999999999991e-03 -1.038999999999999993e-03 -9.999989999999999712e-01 -4.012999999999999901e-01 -9.159450000000000092e-01 1.453999999999999997e-03 -9.159460000000000379e-01 4.013019999999999921e-01 7.309999999999999875e-04
4.000000000000000000e+00 9.100000000000000000e+01 7.600000000000000000e+01 0.000000000000000000e+00 1.600000000000000089e+00 4.189999999999999931e-04 2.649999999999999903e-04 1.000000000000000000e+00 2.884869999999999934e-01 -9.574840000000000018e-01 1.330000000000000073e-04 9.574840000000000018e-01 2.884860000000000202e-01 -4.780000000000000178e-04
1.000000000000000000e+01 9.100000000000000000e+01 7.600000000000000000e+01 0.000000000000000000e+00 1.600000000000000089e+00 6.279999999999999775e-04 7.230000000000000098e-04 1.000000000000000000e+00 2.752550000000000274e-01 -9.613709999999999756e-01 5.220000000000000031e-04 9.613709999999999756e-01 2.752539999999999987e-01 -8.030000000000000028e-04
1.500000000000000000e+01 9.100000000000000000e+01 7.600000000000000000e+01 0.000000000000000000e+00 1.600000000000000089e+00 -2.305000000000000191e-03 2.900000000000000017e-05 9.999970000000000248e-01 2.951329999999999787e-01 -9.554559999999999720e-01 7.079999999999999705e-04 9.554529999999999967e-01 2.951340000000000074e-01 2.194000000000000204e-03
2.000000000000000000e+01 9.100000000000000000e+01 7.600000000000000000e+01 0.000000000000000000e+00 1.600000000000000089e+00 2.860000000000000129e-04 -9.240000000000000166e-04 1.000000000000000000e+00 2.907719999999999749e-01 -9.567919999999999758e-01 -9.669999999999999776e-04 9.567919999999999758e-01 2.907719999999999749e-01 -5.000000000000000409e-06
2.500000000000000000e+01 9.100000000000000000e+01 7.600000000000000000e+01 0.000000000000000000e+00 1.600000000000000089e+00 -3.020000000000000223e-04 -3.964999999999999775e-03 9.999919999999999920e-01 2.836759999999999837e-01 -9.589130000000000154e-01 -3.716999999999999818e-03 9.589199999999999946e-01 2.836730000000000085e-01 1.413999999999999892e-03
2.700000000000000000e+01 9.100000000000000000e+01 7.600000000000000000e+01 0.000000000000000000e+00 1.600000000000000089e+00 -1.716000000000000077e-03 -5.283000000000000369e-03 9.999850000000000128e-01 2.770599999999999730e-01 -9.608419999999999739e-01 -4.601000000000000055e-03 9.608510000000000106e-01 2.770480000000000165e-01 3.112000000000000183e-03
1.000000000000000000e+01 1.010000000000000000e+02 7.900000000000000000e+01 0.000000000000000000e+00 1.600000000000000089e+00 -8.159999999999999936e-04 -2.014000000000000165e-03 -9.999980000000000535e-01 -8.013109999999999955e-01 5.982469999999999732e-01 -5.509999999999999490e-04 5.982469999999999732e-01 8.013090000000000490e-01 -2.102000000000000136e-03
1.000000000000000000e+00 4.400000000000000000e+01 8.300000000000000000e+01 0.000000000000000000e+00 1.600000000000000089e+00 -3.800000000000000209e-05 -7.310999999999999791e-03 9.999730000000000008e-01 5.889849999999999808e-01 -8.081230000000000357e-01 -5.884999999999999606e-03 8.081439999999999735e-01 5.889689999999999648e-01 4.336999999999999710e-03
7.000000000000000000e+00 4.400000000000000000e+01 8.300000000000000000e+01 0.000000000000000000e+00 1.600000000000000089e+00 -1.784999999999999911e-03 3.880999999999999901e-03 9.999909999999999632e-01 5.828219999999999512e-01 -8.125890000000000057e-01 4.193999999999999811e-03 8.125980000000000425e-01 5.828240000000000087e-01 -8.120000000000000048e-04
1.700000000000000000e+01 4.400000000000000000e+01 8.300000000000000000e+01 0.000000000000000000e+00 1.600000000000000089e+00 -1.356999999999999916e-03 4.050999999999999913e-03 9.999909999999999632e-01 5.703770000000000229e-01 -8.213730000000000198e-01 4.100999999999999611e-03 8.213819999999999455e-01 5.703770000000000229e-01 -1.196000000000000014e-03
2.200000000000000000e+01 4.400000000000000000e+01 8.300000000000000000e+01 0.000000000000000000e+00 1.600000000000000089e+00 -1.216000000000000067e-03 -2.505999999999999981e-03 9.999959999999999960e-01 5.681669999999999776e-01 -8.229119999999999768e-01 -1.371000000000000040e-03 8.229130000000000056e-01 5.681629999999999736e-01 2.423999999999999939e-03
2.700000000000000000e+01 4.400000000000000000e+01 8.300000000000000000e+01 0.000000000000000000e+00 1.600000000000000089e+00 -1.624999999999999925e-03 1.531000000000000026e-03 9.999970000000000248e-01 5.700539999999999496e-01 -8.216040000000000010e-01 2.184000000000000177e-03 8.216059999999999475e-01 5.700560000000000072e-01 4.620000000000000083e-04
