2.600000000000000000e+01 1.900000000000000000e+01 5.000000000000000000e+00 0.000000000000000000e+00 1.600000000000000089e+00 2.359999999999999902e-04 2.079999999999999872e-04 -1.000000000000000000e+00 -7.071760000000000268e-01 -7.070380000000000553e-01 -3.139999999999999888e-04 -7.070380000000000553e-01 7.071760000000000268e-01 -1.900000000000000105e-05
3.000000000000000000e+01 1.900000000000000000e+01 5.000000000000000000e+00 0.000000000000000000e+00 1.600000000000000089e+00 1.048000000000000103e-03 2.651000000000000145e-03 -9.999959999999999960e-01 -7.065820000000000434e-01 -7.076270000000000060e-01 -2.616999999999999969e-03 -7.076310000000000100e-01 7.065820000000000434e-01 1.131999999999999977e-03
1.000000000000000000e+00 1.000000000000000000e+01 7.000000000000000000e+00 0.000000000000000000e+00 1.600000000000000089e+00 3.229499999999999732e-02 -1.032300000000000058e-02 9.994250000000000078e-01 7.886849999999999694e-01 -6.139729999999999910e-01 -3.182700000000000112e-02 6.139480000000000492e-01 7.892599999999999616e-01 -1.168600000000000021e-02
7.000000000000000000e+00 1.010000000000000000e+02 7.000000000000000000e+00 0.000000000000000000e+00 1.600000000000000089e+00 -3.524999999999999922e-03 -1.559900000000000002e-02 9.998719999999999830e-01 8.882290000000000463e-01 4.592860000000000276e-01 1.029700000000000060e-02 -4.593880000000000186e-01 8.881520000000000525e-01 1.223699999999999961e-02
9.000000000000000000e+00 1.010000000000000000e+02 7.000000000000000000e+00 0.000000000000000000e+00 1.600000000000000089e+00 -3.230999999999999931e-03 -1.846599999999999978e-02 9.998240000000000460e-01 8.890949999999999687e-01 4.575819999999999887e-01 1.132400000000000073e-02 -4.577100000000000057e-01 8.889759999999999884e-01 1.494000000000000015e-02
1.300000000000000000e+01 1.010000000000000000e+02 7.000000000000000000e+00 0.000000000000000000e+00 1.600000000000000089e+00 -3.654000000000000130e-03 -1.361300000000000010e-02 9.999010000000000398e-01 8.908150000000000235e-01 4.542680000000000051e-01 9.440000000000000474e-03 -4.543510000000000049e-01 8.907610000000000250e-01 1.046700000000000061e-02
1.800000000000000000e+01 1.010000000000000000e+02 7.000000000000000000e+00 0.000000000000000000e+00 1.600000000000000089e+00 -2.745000000000000044e-03 -1.602599999999999858e-02 9.998679999999999790e-01 8.899040000000000283e-01 4.560429999999999762e-01 9.752999999999999517e-03 -4.561390000000000167e-01 8.898139999999999938e-01 1.300899999999999973e-02
2.900000000000000000e+01 1.010000000000000000e+02 7.000000000000000000e+00 0.000000000000000000e+00 1.600000000000000089e+00 2.011000000000000201e-03 -2.256000000000000193e-03 9.999949999999999672e-01 8.885560000000000125e-01 4.587669999999999804e-01 -7.519999999999999558e-04 -4.587629999999999764e-01 8.885539999999999550e-01 2.926999999999999914e-03
2.000000000000000000e+00 2.500000000000000000e+01 8.000000000000000000e+00 0.000000000000000000e+00 1.600000000000000089e+00 6.459999999999999814e-04 2.321000000000000146e-03 -9.999970000000000248e-01 4.364279999999999826e-01 8.997359999999999802e-01 2.370000000000000145e-03 8.997389999999999555e-01 -4.364279999999999826e-01 -4.319999999999999838e-04
8.000000000000000000e+00 2.500000000000000000e+01 8.000000000000000000e+00 0.000000000000000000e+00 1.600000000000000089e+00 2.860000000000000129e-04 2.439999999999999895e-03 -9.999970000000000248e-01 4.358719999999999817e-01 9.000059999999999727e-01 2.321000000000000146e-03 9.000080000000000302e-01 -4.358719999999999817e-01 -8.059999999999999673e-04
1.300000000000000000e+01 2.500000000000000000e+01 8.000000000000000000e+00 0.000000000000000000e+00 1.600000000000000089e+00 -2.850000000000000103e-03 -1.108999999999999960e-03 -9.999949999999999672e-01 4.365200000000000191e-01 8.996920000000000472e-01 -2.242000000000000069e-03 8.996899999999999897e-01 -4.365240000000000231e-01 -2.079999999999999818e-03
1.700000000000000000e+01 2.500000000000000000e+01 8.000000000000000000e+00 0.000000000000000000e+00 1.600000000000000089e+00 -8.620000000000000275e-04 -1.415999999999999941e-03 -9.999989999999999712e-01 4.371459999999999790e-01 8.993889999999999940e-01 -1.649999999999999991e-03 8.993900000000000228e-01 -4.371470000000000078e-01 -1.559999999999999972e-04
2.600000000000000000e+01 2.500000000000000000e+01 8.000000000000000000e+00 0.000000000000000000e+00 1.600000000000000089e+00 -2.041999999999999978e-03 7.243000000000000306e-03 -9.999719999999999720e-01 4.361289999999999889e-01 8.998660000000000547e-01 5.627000000000000057e-03 8.998819999999999597e-01 -4.361050000000000204e-01 -4.995999999999999573e-03
2.000000000000000000e+01 9.000000000000000000e+00 9.000000000000000000e+00 0.000000000000000000e+00 1.600000000000000089e+00 1.611599999999999838e-02 6.760000000000000384e-03 -9.998470000000000413e-01 -9.714359999999999662e-01 -2.366729999999999945e-01 -1.725900000000000004e-02 -2.367529999999999912e-01 9.715660000000000407e-01 2.752999999999999805e-03
2.600000000000000000e+01 9.000000000000000000e+00 9.000000000000000000e+00 0.000000000000000000e+00 1.600000000000000089e+00 2.481699999999999878e-02 1.556699999999999924e-02 -9.995709999999999873e-01 -9.714690000000000270e-01 -2.355329999999999924e-01 -2.778800000000000020e-02 -2.358639999999999903e-01 9.717419999999999947e-01 9.277999999999999789e-03
2.000000000000000000e+00 2.400000000000000000e+01 9.000000000000000000e+00 0.000000000000000000e+00 1.600000000000000089e+00 1.023999999999999954e-03 1.804000000000000048e-03 -9.999980000000000535e-01 4.434930000000000261e-01 8.962750000000000439e-01 2.070999999999999924e-03 8.962769999999999904e-01 -4.434939999999999993e-01 1.179999999999999951e-04
5.000000000000000000e+00 2.400000000000000000e+01 9.000000000000000000e+00 0.000000000000000000e+00 1.600000000000000089e+00 1.123000000000000083e-03 4.363999999999999824e-03 -9.999900000000000455e-01 4.429930000000000256e-01 8.965140000000000331e-01 4.409999999999999858e-03 8.965239999999999876e-01 -4.429930000000000256e-01 -9.269999999999999811e-04
1.300000000000000000e+01 2.400000000000000000e+01 9.000000000000000000e+00 0.000000000000000000e+00 1.600000000000000089e+00 -2.907999999999999995e-03 -1.449999999999999900e-03 -9.999949999999999672e-01 4.430870000000000086e-01 8.964750000000000218e-01 -2.589000000000000155e-03 8.964739999999999931e-01 -4.430930000000000146e-01 -1.964000000000000034e-03
1.700000000000000000e+01 2.400000000000000000e+01 9.000000000000000000e+00 0.000000000000000000e+00 1.600000000000000089e+00 -1.038000000000000077e-03 -9.150000000000000147e-04 -9.999989999999999712e-01 4.437769999999999770e-01 8.961360000000000436e-01 -1.280000000000000105e-03 8.961369999999999614e-01 -4.437780000000000058e-01 -5.240000000000000517e-04
2.300000000000000000e+01 2.400000000000000000e+01 9.000000000000000000e+00 0.000000000000000000e+00 1.600000000000000089e+00 -1.495000000000000018e-03 1.183999999999999940e-03 -9.999980000000000535e-01 4.438920000000000088e-01 8.960799999999999876e-01 3.970000000000000005e-04 8.960789999999999589e-01 -4.438909999999999800e-01 -1.864999999999999904e-03
2.600000000000000000e+01 2.400000000000000000e+01 9.000000000000000000e+00 0.000000000000000000e+00 1.600000000000000089e+00 -1.149000000000000065e-03 1.183999999999999940e-03 -9.999989999999999712e-01 4.424819999999999864e-01 8.967770000000000463e-01 5.529999999999999976e-04 8.967760000000000176e-01 -4.424810000000000132e-01 -1.554999999999999959e-03
3.000000000000000000e+01 2.400000000000000000e+01 9.000000000000000000e+00 0.000000000000000000e+00 1.600000000000000089e+00 -1.605000000000000090e-03 8.530000000000000256e-04 -9.999980000000000535e-01 4.419429999999999747e-01 8.970430000000000348e-01 5.599999999999999916e-05 8.970420000000000060e-01 -4.419420000000000015e-01 -1.817000000000000039e-03
1.600000000000000000e+01 8.000000000000000000e+00 1.000000000000000000e+01 0.000000000000000000e+00 1.600000000000000089e+00 1.534199999999999973e-02 -3.802999999999999957e-03 -9.998749999999999583e-01 -9.943440000000000056e-01 -1.051639999999999936e-01 -1.485700000000000041e-02 -1.050949999999999940e-01 9.944479999999999986e-01 -5.394999999999999622e-03
5.000000000000000000e+00 4.000000000000000000e+00 1.100000000000000000e+01 0.000000000000000000e+00 1.600000000000000089e+00 8.170000000000000179e-04 -2.354499999999999996e-02 9.997219999999999995e-01 1.741560000000000052e-01 -9.844420000000000393e-01 -2.332700000000000051e-02 9.847179999999999822e-01 1.741270000000000040e-01 3.295999999999999885e-03
1.100000000000000000e+01 4.000000000000000000e+00 1.100000000000000000e+01 0.000000000000000000e+00 1.600000000000000089e+00 2.301000000000000094e-03 -1.213400000000000069e-02 9.999240000000000350e-01 1.774419999999999886e-01 -9.840539999999999843e-01 -1.234900000000000060e-02 9.841290000000000315e-01 1.774570000000000036e-01 -1.119999999999999983e-04
1.700000000000000000e+01 4.000000000000000000e+00 1.100000000000000000e+01 0.000000000000000000e+00 1.600000000000000089e+00 -3.359000000000000007e-03 1.393600000000000047e-02 9.998970000000000358e-01 1.402569999999999928e-01 -9.900120000000000031e-01 1.426900000000000043e-02 9.901090000000000169e-01 1.402909999999999990e-01 1.371000000000000040e-03
2.100000000000000000e+01 4.000000000000000000e+00 1.100000000000000000e+01 0.000000000000000000e+00 1.600000000000000089e+00 -3.464000000000000065e-03 1.403300000000000033e-02 9.998960000000000070e-01 1.360510000000000053e-01 -9.905979999999999785e-01 1.437399999999999962e-02 9.906960000000000210e-01 1.360870000000000135e-01 1.521999999999999915e-03
2.600000000000000000e+01 2.900000000000000000e+01 1.300000000000000000e+01 0.000000000000000000e+00 1.600000000000000089e+00 1.815900000000000153e-02 2.718439999999999745e-01 9.621699999999999697e-01 -1.661699999999999983e-02 9.622779999999999667e-01 -2.715609999999999968e-01 -9.996969999999999468e-01 -1.105700000000000086e-02 2.199100000000000013e-02
3.000000000000000000e+00 3.200000000000000000e+01 1.400000000000000000e+01 0.000000000000000000e+00 1.600000000000000089e+00 -7.499999999999999343e-05 1.050000000000000044e-04 -1.000000000000000000e+00 1.204469999999999985e-01 9.927200000000000468e-01 9.500000000000000523e-05 9.927200000000000468e-01 -1.204469999999999985e-01 -8.700000000000000051e-05
7.000000000000000000e+00 3.200000000000000000e+01 1.400000000000000000e+01 0.000000000000000000e+00 1.600000000000000089e+00 2.229999999999999994e-04 4.377999999999999947e-03 -9.999900000000000455e-01 1.216109999999999969e-01 9.925680000000000058e-01 4.372000000000000018e-03 9.925779999999999603e-01 -1.216109999999999969e-01 -3.110000000000000243e-04
7.000000000000000000e+00 1.160000000000000000e+02 1.600000000000000000e+01 0.000000000000000000e+00 1.600000000000000089e+00 1.636000000000000084e-03 -2.990000000000000036e-04 9.999989999999999712e-01 6.997900000000000231e-01 7.143479999999999830e-01 -9.319999999999999942e-04 -7.143460000000000365e-01 6.997910000000000519e-01 1.378000000000000102e-03
2.800000000000000000e+01 1.160000000000000000e+02 1.600000000000000000e+01 0.000000000000000000e+00 1.600000000000000089e+00 1.142000000000000003e-03 5.269000000000000246e-03 9.999850000000000128e-01 7.756119999999999681e-01 6.311959999999999793e-01 -4.211000000000000333e-03 -6.312090000000000201e-01 7.756049999999999889e-01 -3.366000000000000068e-03
2.900000000000000000e+01 3.400000000000000000e+01 1.800000000000000000e+01 0.000000000000000000e+00 1.600000000000000089e+00 -2.991900000000000115e-01 -3.147190000000000265e-01 9.007979999999999876e-01 -8.864090000000000025e-01 -2.577900000000000191e-01 -3.844770000000000132e-01 3.532190000000000052e-01 -9.135079999999999867e-01 -2.018409999999999926e-01
3.000000000000000000e+00 2.000000000000000000e+00 1.900000000000000000e+01 0.000000000000000000e+00 1.600000000000000089e+00 4.065000000000000037e-03 -9.195999999999999314e-03 -9.999489999999999768e-01 3.586239999999999983e-01 -9.334280000000000355e-01 1.004299999999999984e-02 -9.334729999999999972e-01 -3.586469999999999936e-01 -4.960000000000000216e-04
4.000000000000000000e+00 3.000000000000000000e+00 1.900000000000000000e+01 0.000000000000000000e+00 1.600000000000000089e+00 3.495999999999999976e-03 -6.851000000000000319e-03 -9.999700000000000255e-01 3.307019999999999960e-01 -9.437039999999999873e-01 7.622000000000000303e-03 -9.437290000000000401e-01 -3.307189999999999852e-01 -1.033000000000000064e-03
8.000000000000000000e+00 3.000000000000000000e+00 1.900000000000000000e+01 0.000000000000000000e+00 1.600000000000000089e+00 3.669999999999999760e-04 -7.200000000000000182e-05 -1.000000000000000000e+00 3.330609999999999959e-01 -9.429049999999999931e-01 1.900000000000000105e-04 -9.429049999999999931e-01 -3.330609999999999959e-01 -3.220000000000000206e-04
1.200000000000000000e+01 3.000000000000000000e+00 1.900000000000000000e+01 0.000000000000000000e+00 1.600000000000000089e+00 -4.361000000000000293e-03 1.936299999999999827e-02 -9.998029999999999973e-01 3.387729999999999908e-01 -9.406619999999999981e-01 -1.969600000000000170e-02 -9.408579999999999721e-01 -3.387919999999999821e-01 -2.456999999999999983e-03
1.500000000000000000e+01 3.000000000000000000e+00 1.900000000000000000e+01 0.000000000000000000e+00 1.600000000000000089e+00 -7.028000000000000393e-03 2.473399999999999904e-02 -9.996690000000000298e-01 3.427769999999999984e-01 -9.390669999999999851e-01 -2.564500000000000113e-02 -9.393909999999999760e-01 -3.428430000000000089e-01 -1.879000000000000028e-03
2.000000000000000000e+01 3.000000000000000000e+00 1.900000000000000000e+01 0.000000000000000000e+00 1.600000000000000089e+00 -2.409000000000000117e-03 1.596300000000000149e-02 -9.998700000000000365e-01 3.456650000000000000e-01 -9.382249999999999757e-01 -1.581099999999999867e-02 -9.383550000000000502e-01 -3.456580000000000208e-01 -3.258000000000000045e-03
2.500000000000000000e+01 3.000000000000000000e+00 1.900000000000000000e+01 0.000000000000000000e+00 1.600000000000000089e+00 -3.511999999999999931e-03 1.670699999999999963e-02 -9.998540000000000205e-01 3.437419999999999920e-01 -9.389119999999999688e-01 -1.689600000000000130e-02 -9.390579999999999483e-01 -3.437509999999999732e-01 -2.445999999999999824e-03
2.800000000000000000e+01 3.000000000000000000e+00 1.900000000000000000e+01 0.000000000000000000e+00 1.600000000000000089e+00 -3.566000000000000159e-03 1.876900000000000096e-02 -9.998169999999999558e-01 3.420219999999999927e-01 -9.395029999999999770e-01 -1.885699999999999876e-02 -9.396849999999999925e-01 -3.420270000000000254e-01 -3.069000000000000113e-03
2.100000000000000000e+01 4.000000000000000000e+00 2.000000000000000000e+01 0.000000000000000000e+00 1.600000000000000089e+00 -1.311000000000000099e-03 1.375499999999999987e-02 -9.999050000000000438e-01 3.792510000000000048e-01 -9.251989999999999936e-01 -1.322500000000000064e-02 -9.252930000000000321e-01 -3.792320000000000135e-01 -4.003999999999999747e-03
2.700000000000000000e+01 4.000000000000000000e+00 2.000000000000000000e+01 0.000000000000000000e+00 1.600000000000000089e+00 -2.827999999999999785e-03 1.685299999999999992e-02 -9.998540000000000205e-01 3.837749999999999773e-01 -9.232770000000000143e-01 -1.664799999999999960e-02 -9.234219999999999651e-01 -3.837659999999999960e-01 -3.857000000000000185e-03
6.000000000000000000e+00 1.300000000000000000e+01 2.000000000000000000e+01 0.000000000000000000e+00 1.600000000000000089e+00 -1.820000000000000057e-04 -1.134000000000000025e-03 9.999989999999999712e-01 2.594580000000000219e-01 9.657540000000000013e-01 1.142000000000000003e-03 -9.657550000000000301e-01 2.594580000000000219e-01 1.179999999999999951e-04
1.000000000000000000e+01 1.300000000000000000e+01 2.000000000000000000e+01 0.000000000000000000e+00 1.600000000000000089e+00 7.870000000000000476e-04 -1.358999999999999965e-03 9.999989999999999712e-01 2.585890000000000133e-01 9.659870000000000401e-01 1.108999999999999960e-03 -9.659870000000000401e-01 2.585870000000000113e-01 1.111000000000000008e-03
1.600000000000000000e+01 1.300000000000000000e+01 2.000000000000000000e+01 0.000000000000000000e+00 1.600000000000000089e+00 -7.100000000000000462e-05 -1.879999999999999944e-03 9.999980000000000535e-01 2.597289999999999877e-01 9.656799999999999828e-01 1.833999999999999910e-03 -9.656810000000000116e-01 2.597289999999999877e-01 4.189999999999999931e-04
1.900000000000000000e+01 1.300000000000000000e+01 2.000000000000000000e+01 0.000000000000000000e+00 1.600000000000000089e+00 -1.520000000000000084e-04 -3.092000000000000130e-03 9.999949999999999672e-01 2.608190000000000230e-01 9.653829999999999911e-01 3.024000000000000212e-03 -9.653880000000000239e-01 2.608179999999999943e-01 6.589999999999999721e-04
2.300000000000000000e+01 1.300000000000000000e+01 2.000000000000000000e+01 0.000000000000000000e+00 1.600000000000000089e+00 1.185999999999999988e-03 -4.303999999999999666e-03 9.999900000000000455e-01 2.607820000000000138e-01 9.653899999999999704e-01 3.846000000000000026e-03 -9.653969999999999496e-01 2.607740000000000058e-01 2.266999999999999918e-03
2.700000000000000000e+01 1.300000000000000000e+01 2.000000000000000000e+01 0.000000000000000000e+00 1.600000000000000089e+00 2.281000000000000041e-03 -2.177000000000000116e-03 9.999949999999999672e-01 2.597499999999999809e-01 9.656749999999999501e-01 1.508999999999999925e-03 -9.656730000000000036e-01 2.597450000000000037e-01 2.768000000000000061e-03
1.900000000000000000e+01 1.600000000000000000e+01 2.100000000000000000e+01 0.000000000000000000e+00 1.600000000000000089e+00 -6.359999999999999551e-04 -4.523000000000000111e-03 9.999900000000000455e-01 2.978740000000000276e-01 9.545940000000000536e-01 4.506999999999999722e-03 -9.546050000000000368e-01 2.978740000000000276e-01 7.399999999999999894e-04
1.700000000000000000e+01 2.000000000000000000e+00 2.500000000000000000e+01 0.000000000000000000e+00 1.600000000000000089e+00 -9.360999999999999530e-03 1.998199999999999976e-02 9.997570000000000068e-01 7.649400000000000643e-02 -9.968559999999999643e-01 2.064099999999999963e-02 9.970259999999999678e-01 7.666900000000000104e-02 7.803000000000000040e-03
2.000000000000000000e+01 2.000000000000000000e+00 2.500000000000000000e+01 0.000000000000000000e+00 1.600000000000000089e+00 -7.936000000000000346e-03 1.622399999999999884e-02 9.998369999999999758e-01 8.452600000000000391e-02 -9.962790000000000257e-01 1.683700000000000127e-02 9.963899999999999979e-01 8.464599999999999902e-02 6.535000000000000010e-03
3.000000000000000000e+00 3.000000000000000000e+00 2.500000000000000000e+01 0.000000000000000000e+00 1.600000000000000089e+00 1.149999999999999981e-03 -4.401999999999999663e-03 9.999900000000000455e-01 -3.820300000000000085e-02 -9.992600000000000371e-01 -4.355000000000000364e-03 9.992689999999999628e-01 -3.819800000000000278e-02 -1.317999999999999944e-03
9.000000000000000000e+00 3.000000000000000000e+00 2.500000000000000000e+01 0.000000000000000000e+00 1.600000000000000089e+00 -1.546999999999999981e-03 1.871999999999999966e-03 9.999970000000000248e-01 -3.398199999999999832e-02 -9.994210000000000038e-01 1.817999999999999955e-03 9.994210000000000038e-01 -3.397900000000000226e-02 1.610000000000000103e-03
2.700000000000000000e+01 3.000000000000000000e+00 2.500000000000000000e+01 0.000000000000000000e+00 1.600000000000000089e+00 -5.468999999999999903e-03 1.461199999999999999e-02 9.998780000000000445e-01 8.883999999999999536e-03 -9.998529999999999918e-01 1.465999999999999942e-02 9.999460000000000015e-01 8.963000000000000481e-03 5.337999999999999863e-03
9.000000000000000000e+00 4.600000000000000000e+01 2.700000000000000000e+01 0.000000000000000000e+00 1.600000000000000089e+00 -1.319999999999999993e-03 -1.689999999999999879e-04 -9.999989999999999712e-01 6.764139999999999597e-01 7.365209999999999813e-01 -1.018000000000000025e-03 7.365199999999999525e-01 -6.764149999999999885e-01 -8.580000000000000387e-04
2.600000000000000000e+01 4.600000000000000000e+01 2.700000000000000000e+01 0.000000000000000000e+00 1.600000000000000089e+00 -5.354000000000000252e-03 -3.227999999999999967e-03 -9.999799999999999800e-01 6.783740000000000325e-01 7.346920000000000117e-01 -6.003999999999999788e-03 7.346970000000000445e-01 -6.783930000000000238e-01 -1.744000000000000107e-03
1.800000000000000000e+01 4.600000000000000000e+01 3.000000000000000000e+01 0.000000000000000000e+00 1.600000000000000089e+00 -1.381000000000000066e-03 -1.899000000000000080e-03 -9.999970000000000248e-01 3.336700000000000221e-01 9.426870000000000527e-01 -2.250999999999999963e-03 9.426889999999999992e-01 -3.336720000000000241e-01 -6.679999999999999740e-04
2.600000000000000000e+01 5.800000000000000000e+01 3.100000000000000000e+01 0.000000000000000000e+00 1.600000000000000089e+00 -7.280000000000000230e-04 -1.110000000000000092e-03 9.999989999999999712e-01 -8.119370000000000198e-01 -5.837440000000000406e-01 -1.239000000000000084e-03 5.837449999999999584e-01 -8.119370000000000198e-01 -4.760000000000000234e-04
2.400000000000000000e+01 4.300000000000000000e+01 3.400000000000000000e+01 0.000000000000000000e+00 1.600000000000000089e+00 -1.569999999999999944e-04 -2.167999999999999788e-03 -9.999980000000000535e-01 -3.259349999999999747e-01 9.453899999999999526e-01 -1.998000000000000210e-03 9.453920000000000101e-01 3.259340000000000015e-01 -8.540000000000000499e-04
9.000000000000000000e+00 4.600000000000000000e+01 3.500000000000000000e+01 0.000000000000000000e+00 1.600000000000000089e+00 -1.258999999999999920e-03 -1.079999999999999960e-04 -9.999989999999999712e-01 3.906959999999999877e-01 -9.205200000000000049e-01 -3.919999999999999873e-04 -9.205189999999999761e-01 -3.906959999999999877e-01 1.201000000000000028e-03
1.600000000000000000e+01 4.600000000000000000e+01 3.500000000000000000e+01 0.000000000000000000e+00 1.600000000000000089e+00 -7.299999999999999903e-05 -2.150000000000000001e-03 -9.999980000000000535e-01 3.895569999999999866e-01 -9.210000000000000409e-01 1.951000000000000043e-03 -9.210019999999999873e-01 -3.895560000000000134e-01 9.049999999999999885e-04
2.200000000000000000e+01 4.600000000000000000e+01 3.500000000000000000e+01 0.000000000000000000e+00 1.600000000000000089e+00 2.919999999999999961e-04 7.418000000000000115e-03 -9.999719999999999720e-01 3.896890000000000076e-01 -9.209220000000000184e-01 -6.718000000000000013e-03 -9.209469999999999601e-01 -3.896760000000000224e-01 -3.160000000000000048e-03
2.700000000000000000e+01 4.600000000000000000e+01 3.500000000000000000e+01 0.000000000000000000e+00 1.600000000000000089e+00 -1.015999999999999976e-03 -3.713999999999999854e-03 -9.999930000000000208e-01 3.899799999999999933e-01 -9.208190000000000541e-01 3.024000000000000212e-03 -9.208229999999999471e-01 -3.899739999999999873e-01 2.383999999999999835e-03
7.000000000000000000e+00 9.500000000000000000e+01 3.600000000000000000e+01 0.000000000000000000e+00 1.600000000000000089e+00 2.762999999999999831e-03 5.756999999999999965e-03 9.999799999999999800e-01 9.962450000000000472e-01 8.652100000000000068e-02 -3.250999999999999984e-03 -8.653800000000000381e-02 9.962330000000000352e-01 -5.496000000000000017e-03
2.100000000000000000e+01 9.500000000000000000e+01 3.600000000000000000e+01 0.000000000000000000e+00 1.600000000000000089e+00 2.566999999999999837e-03 2.416599999999999998e-02 9.997049999999999548e-01 9.969599999999999573e-01 7.779200000000000004e-02 -4.440000000000000370e-03 -7.787600000000000078e-02 9.966770000000000351e-01 -2.389300000000000104e-02
9.000000000000000000e+00 2.900000000000000000e+01 4.400000000000000000e+01 0.000000000000000000e+00 1.600000000000000089e+00 -6.700000000000000226e-05 2.229000000000000078e-03 -9.999970000000000248e-01 6.617539999999999534e-01 7.497190000000000243e-01 1.626000000000000058e-03 7.497209999999999708e-01 -6.617520000000000069e-01 -1.525000000000000097e-03
1.300000000000000000e+01 2.900000000000000000e+01 4.400000000000000000e+01 0.000000000000000000e+00 1.600000000000000089e+00 -1.294999999999999927e-03 3.017000000000000150e-03 -9.999949999999999672e-01 6.455689999999999484e-01 7.637000000000000455e-01 1.467999999999999904e-03 7.637009999999999632e-01 -6.455640000000000267e-01 -2.936999999999999941e-03
1.700000000000000000e+01 2.900000000000000000e+01 4.400000000000000000e+01 0.000000000000000000e+00 1.600000000000000089e+00 -2.749000000000000141e-03 -1.484000000000000076e-03 -9.999949999999999672e-01 6.504320000000000102e-01 7.595589999999999842e-01 -2.915000000000000056e-03 7.595589999999999842e-01 -6.504370000000000429e-01 -1.123000000000000083e-03
2.300000000000000000e+01 2.900000000000000000e+01 4.400000000000000000e+01 0.000000000000000000e+00 1.600000000000000089e+00 -2.340000000000000066e-03 1.049000000000000019e-03 -9.999970000000000248e-01 6.591709999999999514e-01 7.519930000000000225e-01 -7.540000000000000044e-04 7.519900000000000473e-01 -6.591700000000000337e-01 -2.451000000000000054e-03
2.500000000000000000e+01 2.900000000000000000e+01 4.400000000000000000e+01 0.000000000000000000e+00 1.600000000000000089e+00 -1.149999999999999981e-03 7.720000000000000083e-04 -9.999989999999999712e-01 6.594569999999999599e-01 7.517420000000000213e-01 -1.779999999999999898e-04 7.517409999999999926e-01 -6.594569999999999599e-01 -1.374000000000000004e-03
4.000000000000000000e+00 5.000000000000000000e+00 5.100000000000000000e+01 0.000000000000000000e+00 1.600000000000000089e+00 1.389999999999999905e-04 7.946999999999999204e-03 -9.999679999999999680e-01 4.876639999999999864e-01 -8.730040000000000022e-01 -6.870000000000000238e-03 -8.730320000000000302e-01 -4.876469999999999971e-01 -3.996999999999999685e-03
7.000000000000000000e+00 6.000000000000000000e+00 5.100000000000000000e+01 0.000000000000000000e+00 1.600000000000000089e+00 9.500000000000000523e-05 4.330999999999999781e-03 -9.999909999999999632e-01 3.152490000000000014e-01 -9.489999999999999547e-01 -4.080000000000000293e-03 -9.490089999999999915e-01 -3.152460000000000262e-01 -1.456000000000000046e-03
2.500000000000000000e+01 1.150000000000000000e+02 5.100000000000000000e+01 0.000000000000000000e+00 1.600000000000000089e+00 -9.859999999999998974e-04 1.179999999999999951e-04 1.000000000000000000e+00 8.467839999999999812e-01 -5.319359999999999644e-01 8.980000000000000352e-04 5.319359999999999644e-01 8.467839999999999812e-01 4.249999999999999763e-04
2.500000000000000000e+01 7.000000000000000000e+00 5.200000000000000000e+01 0.000000000000000000e+00 1.600000000000000089e+00 -7.879999999999999635e-04 -1.234000000000000071e-03 -9.999989999999999712e-01 8.490499999999999436e-02 -9.963880000000000514e-01 1.162999999999999971e-03 -9.963889999999999691e-01 -8.490399999999999336e-02 8.899999999999999491e-04
1.800000000000000000e+01 1.600000000000000000e+01 5.200000000000000000e+01 0.000000000000000000e+00 1.600000000000000089e+00 -2.423999999999999939e-03 -5.330000000000000536e-04 -9.999970000000000248e-01 7.769340000000000135e-01 6.295779999999999710e-01 -2.219000000000000052e-03 6.295770000000000532e-01 -7.769369999999999887e-01 -1.111999999999999924e-03
1.400000000000000000e+01 5.800000000000000000e+01 5.200000000000000000e+01 0.000000000000000000e+00 1.600000000000000089e+00 6.939999999999999555e-04 -8.078999999999999376e-03 9.999670000000000503e-01 -6.309719999999999773e-01 7.757770000000000499e-01 6.705000000000000022e-03 -7.758059999999999956e-01 -6.309550000000000436e-01 -4.558999999999999685e-03
8.000000000000000000e+00 6.300000000000000000e+01 5.400000000000000000e+01 0.000000000000000000e+00 1.600000000000000089e+00 -2.300000000000000070e-04 2.915000000000000056e-03 9.999959999999999960e-01 -3.462509999999999755e-01 9.381380000000000274e-01 -2.814000000000000095e-03 -9.381420000000000314e-01 -3.462500000000000022e-01 7.929999999999999766e-04
1.900000000000000000e+01 6.300000000000000000e+01 5.400000000000000000e+01 0.000000000000000000e+00 1.600000000000000089e+00 9.590000000000000000e-04 -5.983999999999999736e-03 9.999820000000000375e-01 -3.538100000000000134e-01 9.352979999999999627e-01 5.936999999999999569e-03 -9.353169999999999540e-01 -3.538100000000000134e-01 -1.219999999999999947e-03
2.300000000000000000e+01 6.300000000000000000e+01 5.400000000000000000e+01 0.000000000000000000e+00 1.600000000000000089e+00 3.480000000000000020e-04 -1.111999999999999924e-03 9.999989999999999712e-01 -3.542139999999999733e-01 9.351639999999999953e-01 1.162999999999999971e-03 -9.351639999999999953e-01 -3.542139999999999733e-01 -6.899999999999999667e-05
2.700000000000000000e+01 6.300000000000000000e+01 5.400000000000000000e+01 0.000000000000000000e+00 1.600000000000000089e+00 -1.951000000000000043e-03 1.258999999999999920e-03 9.999970000000000248e-01 -3.545170000000000265e-01 9.350479999999999903e-01 -1.869000000000000002e-03 -9.350469999999999615e-01 -3.545200000000000018e-01 -1.376999999999999969e-03
3.000000000000000000e+00 2.500000000000000000e+01 5.500000000000000000e+01 0.000000000000000000e+00 1.600000000000000089e+00 1.748999999999999904e-03 2.030000000000000012e-04 -9.999980000000000535e-01 -1.179000000000000013e-02 -9.999299999999999855e-01 -2.239999999999999966e-04 -9.999289999999999567e-01 1.179099999999999940e-02 -1.747000000000000072e-03
1.000000000000000000e+01 2.500000000000000000e+01 5.500000000000000000e+01 0.000000000000000000e+00 1.600000000000000089e+00 -1.310000000000000129e-04 1.572000000000000047e-03 -9.999989999999999712e-01 -1.142999999999999919e-02 -9.999329999999999607e-01 -1.569999999999999998e-03 -9.999350000000000183e-01 1.142999999999999919e-02 1.489999999999999897e-04
1.800000000000000000e+01 2.500000000000000000e+01 5.500000000000000000e+01 0.000000000000000000e+00 1.600000000000000089e+00 8.069999999999999916e-04 7.579999999999999932e-04 -9.999989999999999712e-01 -1.232699999999999942e-02 -9.999240000000000350e-01 -7.680000000000000195e-04 -9.999240000000000350e-01 1.232800000000000042e-02 -7.979999999999999897e-04
7.000000000000000000e+00 2.000000000000000000e+01 6.000000000000000000e+01 0.000000000000000000e+00 1.600000000000000089e+00 -7.739999999999999485e-04 -3.490000000000000263e-04 1.000000000000000000e+00 -6.273700000000000110e-02 9.980299999999999727e-01 2.999999999999999737e-04 -9.980299999999999727e-01 -6.273700000000000110e-02 -7.940000000000000009e-04
1.200000000000000000e+01 2.000000000000000000e+01 6.000000000000000000e+01 0.000000000000000000e+00 1.600000000000000089e+00 1.649999999999999991e-03 2.347000000000000128e-03 9.999959999999999960e-01 -6.156899999999999873e-02 9.980999999999999872e-01 -2.240999999999999936e-03 -9.981010000000000160e-01 -6.156500000000000167e-02 1.791000000000000057e-03
3.000000000000000000e+00 2.100000000000000000e+01 6.000000000000000000e+01 0.000000000000000000e+00 1.600000000000000089e+00 1.992999999999999980e-03 3.566000000000000159e-03 9.999919999999999920e-01 -9.564999999999999891e-02 9.954089999999999883e-01 -3.359000000000000007e-03 -9.954129999999999923e-01 -9.564200000000000479e-02 2.324999999999999810e-03
1.500000000000000000e+01 2.100000000000000000e+01 6.000000000000000000e+01 0.000000000000000000e+00 1.600000000000000089e+00 6.620000000000000450e-04 -4.650000000000000270e-04 1.000000000000000000e+00 -9.585200000000000664e-02 9.953950000000000298e-01 5.259999999999999919e-04 -9.953950000000000298e-01 -9.585299999999999376e-02 6.139999999999999625e-04
1.900000000000000000e+01 2.100000000000000000e+01 6.000000000000000000e+01 0.000000000000000000e+00 1.600000000000000089e+00 -1.196999999999999930e-03 1.430000000000000064e-03 9.999980000000000535e-01 -9.606800000000000062e-02 9.953739999999999810e-01 -1.538000000000000088e-03 -9.953739999999999810e-01 -9.607000000000000262e-02 -1.054000000000000032e-03
2.300000000000000000e+01 2.100000000000000000e+01 6.000000000000000000e+01 0.000000000000000000e+00 1.600000000000000089e+00 -5.760000000000000146e-04 2.589000000000000155e-03 9.999959999999999960e-01 -9.379200000000000037e-02 9.955880000000000285e-01 -2.631000000000000092e-03 -9.955920000000000325e-01 -9.379300000000000137e-02 -3.299999999999999982e-04
1.000000000000000000e+01 6.700000000000000000e+01 6.000000000000000000e+01 0.000000000000000000e+00 1.600000000000000089e+00 -7.960000000000000495e-04 -4.148999999999999910e-03 9.999909999999999632e-01 1.726419999999999899e-01 -9.849769999999999914e-01 -3.949000000000000253e-03 9.849839999999999707e-01 1.726380000000000137e-01 1.500000000000000031e-03
1.800000000000000000e+01 3.000000000000000000e+00 6.300000000000000000e+01 0.000000000000000000e+00 1.600000000000000089e+00 -1.286000000000000034e-03 -7.531000000000000368e-03 9.999710000000000543e-01 -6.154020000000000046e-01 7.881970000000000365e-01 5.144000000000000135e-03 -7.882130000000000525e-01 -6.153769999999999518e-01 -5.648000000000000242e-03
2.600000000000000000e+01 3.000000000000000000e+00 6.300000000000000000e+01 0.000000000000000000e+00 1.600000000000000089e+00 2.768000000000000061e-03 -6.158000000000000279e-03 9.999770000000000048e-01 -6.146310000000000384e-01 7.887870000000000159e-01 6.558999999999999726e-03 -7.888100000000000112e-01 -6.146350000000000424e-01 -1.600999999999999993e-03
3.000000000000000000e+00 2.700000000000000000e+01 6.300000000000000000e+01 0.000000000000000000e+00 1.600000000000000089e+00 3.650000000000000033e-03 -1.968000000000000131e-03 9.999909999999999632e-01 -2.727399999999999824e-01 9.620830000000000215e-01 2.889000000000000075e-03 -9.620809999999999640e-01 -2.727490000000000192e-01 2.975000000000000214e-03
8.000000000000000000e+00 2.700000000000000000e+01 6.300000000000000000e+01 0.000000000000000000e+00 1.600000000000000089e+00 5.029999999999999749e-04 -1.868000000000000086e-03 9.999980000000000535e-01 -2.717589999999999728e-01 9.623629999999999685e-01 1.933999999999999955e-03 -9.623650000000000260e-01 -2.717600000000000016e-01 -2.400000000000000061e-05
1.600000000000000000e+01 2.700000000000000000e+01 6.300000000000000000e+01 0.000000000000000000e+00 1.600000000000000089e+00 1.310000000000000129e-04 -4.597000000000000391e-03 9.999890000000000168e-01 -2.750119999999999787e-01 9.614300000000000068e-01 4.455999999999999892e-03 -9.614409999999999901e-01 -2.750099999999999767e-01 -1.137999999999999906e-03
2.100000000000000000e+01 2.700000000000000000e+01 6.300000000000000000e+01 0.000000000000000000e+00 1.600000000000000089e+00 1.129999999999999928e-03 1.361000000000000014e-03 9.999980000000000535e-01 -2.748709999999999765e-01 9.614800000000000013e-01 -9.979999999999999722e-04 -9.614800000000000013e-01 -2.748700000000000032e-01 1.459999999999999926e-03
2.600000000000000000e+01 2.700000000000000000e+01 6.300000000000000000e+01 0.000000000000000000e+00 1.600000000000000089e+00 9.449999999999999850e-04 5.610999999999999668e-03 9.999839999999999840e-01 -2.746990000000000265e-01 9.615169999999999551e-01 -5.134999999999999808e-03 -9.615299999999999958e-01 -2.746890000000000165e-01 2.449999999999999921e-03
4.000000000000000000e+00 2.600000000000000000e+01 6.400000000000000000e+01 0.000000000000000000e+00 1.600000000000000089e+00 2.801999999999999803e-03 -1.570999999999999914e-03 9.999949999999999672e-01 -3.647819999999999951e-01 9.310899999999999732e-01 2.484999999999999796e-03 -9.310890000000000555e-01 -3.647869999999999724e-01 2.036000000000000049e-03
9.000000000000000000e+00 2.600000000000000000e+01 6.400000000000000000e+01 0.000000000000000000e+00 1.600000000000000089e+00 9.810000000000001011e-04 -3.967000000000000040e-03 9.999919999999999920e-01 -3.646750000000000269e-01 9.311260000000000092e-01 4.050999999999999913e-03 -9.311340000000000172e-01 -3.646760000000000002e-01 -5.330000000000000536e-04
1.400000000000000000e+01 2.600000000000000000e+01 6.400000000000000000e+01 0.000000000000000000e+00 1.600000000000000089e+00 5.590000000000000351e-04 -3.787000000000000002e-03 9.999930000000000208e-01 -3.685930000000000040e-01 9.295830000000000481e-01 3.726999999999999844e-03 -9.295909999999999451e-01 -3.685930000000000040e-01 -8.769999999999999584e-04
1.800000000000000000e+01 2.600000000000000000e+01 6.400000000000000000e+01 0.000000000000000000e+00 1.600000000000000089e+00 8.149999999999999693e-04 -3.706999999999999792e-03 9.999930000000000208e-01 -3.690120000000000067e-01 9.294170000000000487e-01 3.746000000000000198e-03 -9.294240000000000279e-01 -3.690129999999999799e-01 -6.109999999999999980e-04
2.500000000000000000e+01 2.600000000000000000e+01 6.400000000000000000e+01 0.000000000000000000e+00 1.600000000000000089e+00 1.219000000000000031e-03 6.899999999999999883e-03 9.999749999999999472e-01 -3.661220000000000030e-01 9.305480000000000418e-01 -5.975000000000000276e-03 -9.305660000000000043e-01 -3.661050000000000137e-01 3.661000000000000192e-03
5.000000000000000000e+00 6.900000000000000000e+01 6.600000000000000000e+01 0.000000000000000000e+00 1.600000000000000089e+00 1.508999999999999925e-03 -1.116000000000000021e-03 9.999980000000000535e-01 -9.458450000000000468e-01 3.246120000000000116e-01 1.789000000000000009e-03 -3.246140000000000136e-01 -9.458459999999999646e-01 -5.659999999999999884e-04
1.400000000000000000e+01 6.900000000000000000e+01 6.600000000000000000e+01 0.000000000000000000e+00 1.600000000000000089e+00 -1.922000000000000097e-03 -6.296999999999999646e-03 9.999780000000000335e-01 -9.487630000000000230e-01 3.159890000000000199e-01 1.669999999999999935e-04 -3.159830000000000139e-01 -9.487419999999999742e-01 -6.582000000000000177e-03
2.500000000000000000e+01 6.900000000000000000e+01 6.600000000000000000e+01 0.000000000000000000e+00 1.600000000000000089e+00 -5.100999999999999632e-03 2.978999999999999877e-03 9.999829999999999552e-01 -9.484690000000000065e-01 3.168159999999999865e-01 -5.781999999999999813e-03 -3.168279999999999985e-01 -9.484820000000000473e-01 1.209999999999999921e-03
2.900000000000000000e+01 6.900000000000000000e+01 6.600000000000000000e+01 0.000000000000000000e+00 1.600000000000000089e+00 -4.015000000000000339e-03 -2.941000000000000038e-03 9.999879999999999880e-01 -9.480760000000000298e-01 3.180299999999999794e-01 -2.870999999999999854e-03 -3.180169999999999941e-01 -9.480760000000000298e-01 -4.065000000000000037e-03
1.000000000000000000e+00 2.500000000000000000e+01 7.300000000000000000e+01 0.000000000000000000e+00 1.600000000000000089e+00 -1.984999999999999785e-03 -3.982000000000000296e-03 9.999900000000000455e-01 7.603180000000000494e-01 -6.495499999999999607e-01 -1.077000000000000049e-03 6.495480000000000143e-01 7.603090000000000126e-01 4.316999999999999657e-03
8.000000000000000000e+00 2.500000000000000000e+01 7.300000000000000000e+01 0.000000000000000000e+00 1.600000000000000089e+00 -1.020999999999999989e-03 -1.959999999999999937e-03 9.999980000000000535e-01 7.554959999999999454e-01 -6.551529999999999854e-01 -5.130000000000000011e-04 6.551529999999999854e-01 7.554929999999999701e-01 2.148999999999999869e-03
1.700000000000000000e+01 2.500000000000000000e+01 7.300000000000000000e+01 0.000000000000000000e+00 1.600000000000000089e+00 -1.440000000000000091e-03 -2.382000000000000003e-03 9.999959999999999960e-01 7.539949999999999708e-01 -6.568800000000000194e-01 -4.789999999999999879e-04 6.568789999999999907e-01 7.539909999999999668e-01 2.742000000000000080e-03
2.800000000000000000e+01 2.500000000000000000e+01 7.300000000000000000e+01 0.000000000000000000e+00 1.600000000000000089e+00 -7.089999999999999948e-04 -1.101999999999999898e-03 9.999989999999999712e-01 7.548139999999999850e-01 -6.559390000000000498e-01 -1.879999999999999890e-04 6.559380000000000210e-01 7.548129999999999562e-01 1.296999999999999976e-03
1.000000000000000000e+00 4.400000000000000000e+01 7.300000000000000000e+01 0.000000000000000000e+00 1.600000000000000089e+00 3.980000000000000248e-04 8.829999999999999958e-04 1.000000000000000000e+00 5.513300000000000145e-02 -9.984790000000000054e-01 8.599999999999999789e-04 9.984790000000000054e-01 5.513300000000000145e-02 -4.459999999999999989e-04
