1.100000000000000000e+01 1.600000000000000000e+01 4.000000000000000000e+00 0.000000000000000000e+00 1.600000000000000089e+00 -3.383999999999999855e-03 2.837599999999999845e-02 9.995920000000000361e-01 3.390070000000000028e-01 -9.403719999999999857e-01 2.784299999999999969e-02 9.407780000000000031e-01 3.389619999999999855e-01 -6.437000000000000013e-03
1.400000000000000000e+01 1.600000000000000000e+01 4.000000000000000000e+00 0.000000000000000000e+00 1.600000000000000089e+00 -1.449999999999999900e-03 3.093500000000000069e-02 9.995199999999999640e-01 3.373860000000000192e-01 -9.409009999999999874e-01 2.961000000000000090e-02 9.413650000000000073e-01 3.372669999999999835e-01 -9.072999999999999468e-03
1.800000000000000000e+01 1.600000000000000000e+01 4.000000000000000000e+00 0.000000000000000000e+00 1.600000000000000089e+00 -2.769999999999999893e-03 2.637099999999999861e-02 9.996479999999999810e-01 3.349989999999999912e-01 -9.418659999999999810e-01 2.577499999999999930e-02 9.422150000000000247e-01 3.349520000000000275e-01 -6.224999999999999631e-03
2.500000000000000000e+01 1.600000000000000000e+01 4.000000000000000000e+00 0.000000000000000000e+00 1.600000000000000089e+00 -2.252999999999999794e-03 1.166200000000000049e-02 9.999289999999999567e-01 3.240759999999999752e-01 -9.459579999999999655e-01 1.176299999999999915e-02 9.460279999999999800e-01 3.240799999999999792e-01 -1.647999999999999942e-03
7.000000000000000000e+00 1.010000000000000000e+02 7.000000000000000000e+00 0.000000000000000000e+00 1.600000000000000089e+00 2.314000000000000085e-03 6.528000000000000469e-02 9.978639999999999732e-01 8.878920000000000146e-01 4.589320000000000066e-01 -3.208199999999999941e-02 -4.600460000000000105e-01 8.860700000000000243e-01 -5.689899999999999819e-02
1.400000000000000000e+01 1.010000000000000000e+02 7.000000000000000000e+00 0.000000000000000000e+00 1.600000000000000089e+00 1.640000000000000019e-04 1.829400000000000123e-02 9.998329999999999718e-01 8.874279999999999946e-01 4.608670000000000266e-01 -8.578000000000000555e-03 -4.609469999999999956e-01 8.872809999999999864e-01 -1.615899999999999975e-02
2.900000000000000000e+01 1.010000000000000000e+02 7.000000000000000000e+00 0.000000000000000000e+00 1.600000000000000089e+00 1.637999999999999916e-03 7.209999999999999612e-04 9.999980000000000535e-01 8.890850000000000142e-01 4.577379999999999782e-01 -1.786000000000000044e-03 -4.577390000000000070e-01 8.890869999999999607e-01 1.079999999999999960e-04
4.000000000000000000e+00 1.500000000000000000e+01 8.000000000000000000e+00 0.000000000000000000e+00 1.600000000000000089e+00 9.383000000000000715e-03 1.744599999999999970e-02 -9.998040000000000260e-01 -5.796480000000000521e-01 -8.146299999999999653e-01 -1.965499999999999886e-02 -8.148130000000000095e-01 5.797189999999999843e-01 2.468999999999999841e-03
6.000000000000000000e+00 1.500000000000000000e+01 8.000000000000000000e+00 0.000000000000000000e+00 1.600000000000000089e+00 1.082699999999999982e-02 1.901100000000000012e-02 -9.997610000000000108e-01 -5.785559999999999592e-01 -8.153519999999999657e-01 -2.177000000000000116e-02 -8.155710000000000459e-01 5.786540000000000017e-01 2.171000000000000187e-03
1.300000000000000000e+01 1.500000000000000000e+01 8.000000000000000000e+00 0.000000000000000000e+00 1.600000000000000089e+00 9.931000000000000591e-03 2.637799999999999867e-02 -9.996030000000000193e-01 -5.736329999999999485e-01 -8.186569999999999681e-01 -2.730199999999999988e-02 -8.190520000000000023e-01 5.736759999999999637e-01 7.001000000000000278e-03
1.800000000000000000e+01 1.500000000000000000e+01 8.000000000000000000e+00 0.000000000000000000e+00 1.600000000000000089e+00 1.056900000000000027e-02 2.616399999999999976e-02 -9.996019999999999905e-01 -5.711850000000000538e-01 -8.203599999999999781e-01 -2.751200000000000173e-02 -8.207529999999999548e-01 5.712490000000000068e-01 6.274000000000000063e-03
2.300000000000000000e+01 1.500000000000000000e+01 8.000000000000000000e+00 0.000000000000000000e+00 1.600000000000000089e+00 6.429999999999999952e-03 1.714299999999999852e-02 -9.998320000000000540e-01 -5.677309999999999857e-01 -8.230229999999999491e-01 -1.776300000000000101e-02 -8.231889999999999485e-01 5.677499999999999769e-01 4.440999999999999635e-03
7.000000000000000000e+00 2.600000000000000000e+01 8.000000000000000000e+00 0.000000000000000000e+00 1.600000000000000089e+00 -6.524000000000000285e-03 -1.529299999999999930e-02 -9.998620000000000285e-01 4.109829999999999872e-01 9.114910000000000512e-01 -1.662299999999999889e-02 9.116199999999999859e-01 -4.110349999999999837e-01 3.390000000000000001e-04
1.200000000000000000e+01 2.600000000000000000e+01 8.000000000000000000e+00 0.000000000000000000e+00 1.600000000000000089e+00 -7.773000000000000395e-03 -2.994700000000000140e-02 -9.995209999999999928e-01 4.156690000000000107e-01 9.090049999999999519e-01 -3.046799999999999856e-02 9.094830000000000414e-01 -4.157069999999999932e-01 5.381999999999999632e-03
2.100000000000000000e+01 2.600000000000000000e+01 8.000000000000000000e+00 0.000000000000000000e+00 1.600000000000000089e+00 -6.243000000000000285e-03 -1.135300000000000024e-02 -9.999160000000000270e-01 4.226750000000000229e-01 9.061890000000000223e-01 -1.292800000000000026e-02 9.062599999999999545e-01 -4.227199999999999847e-01 -8.589999999999999546e-04
2.500000000000000000e+01 2.600000000000000000e+01 8.000000000000000000e+00 0.000000000000000000e+00 1.600000000000000089e+00 -5.026000000000000086e-03 -1.041300000000000038e-02 -9.999329999999999607e-01 4.234470000000000178e-01 9.058469999999999578e-01 -1.156199999999999936e-02 9.059070000000000178e-01 -4.234769999999999923e-01 -1.440000000000000036e-04
2.300000000000000000e+01 1.400000000000000000e+01 9.000000000000000000e+00 0.000000000000000000e+00 1.600000000000000089e+00 6.585999999999999840e-03 1.944699999999999901e-02 -9.997890000000000388e-01 -5.613470000000000404e-01 -8.273439999999999683e-01 -1.978999999999999856e-02 -8.275540000000000118e-01 5.613590000000000524e-01 5.467999999999999770e-03
3.000000000000000000e+01 1.400000000000000000e+01 9.000000000000000000e+00 0.000000000000000000e+00 1.600000000000000089e+00 4.336999999999999710e-03 1.026499999999999982e-02 -9.999379999999999935e-01 -5.598790000000000155e-01 -8.285019999999999607e-01 -1.093399999999999928e-02 -8.285630000000000495e-01 5.598910000000000275e-01 2.154000000000000099e-03
5.000000000000000000e+00 2.400000000000000000e+01 9.000000000000000000e+00 0.000000000000000000e+00 1.600000000000000089e+00 -7.564000000000000411e-03 -1.393499999999999947e-02 -9.998740000000000405e-01 4.640580000000000260e-01 8.856629999999999781e-01 -1.585400000000000004e-02 8.857730000000000325e-01 -4.641190000000000038e-01 -2.320000000000000014e-04
1.100000000000000000e+01 2.400000000000000000e+01 9.000000000000000000e+00 0.000000000000000000e+00 1.600000000000000089e+00 -8.361000000000000376e-03 -3.056000000000000036e-02 -9.994979999999999976e-01 4.695730000000000182e-01 8.823530000000000539e-01 -3.090599999999999944e-02 8.828540000000000276e-01 -4.695960000000000134e-01 6.973000000000000032e-03
1.700000000000000000e+01 2.400000000000000000e+01 9.000000000000000000e+00 0.000000000000000000e+00 1.600000000000000089e+00 -9.332999999999999283e-03 -2.466300000000000089e-02 -9.996519999999999850e-01 4.762859999999999872e-01 8.789019999999999611e-01 -2.613000000000000045e-02 8.792410000000000503e-01 -4.763649999999999829e-01 3.543999999999999841e-03
5.000000000000000000e+00 4.000000000000000000e+00 1.100000000000000000e+01 0.000000000000000000e+00 1.600000000000000089e+00 2.252999999999999794e-03 2.346099999999999922e-02 -9.997219999999999995e-01 1.792680000000000107e-01 9.835199999999999498e-01 2.348499999999999893e-02 9.837979999999999503e-01 -1.792710000000000137e-01 -1.990000000000000015e-03
1.000000000000000000e+00 1.040000000000000000e+02 1.100000000000000000e+01 0.000000000000000000e+00 1.600000000000000089e+00 6.296999999999999646e-03 1.933299999999999949e-02 9.997930000000000428e-01 -9.748419999999999863e-01 -2.226529999999999898e-01 1.044499999999999942e-02 2.228090000000000070e-01 -9.747059999999999613e-01 1.744400000000000117e-02
6.000000000000000000e+00 1.040000000000000000e+02 1.100000000000000000e+01 0.000000000000000000e+00 1.600000000000000089e+00 9.051000000000000018e-03 1.058599999999999992e-02 9.999029999999999863e-01 -9.736339999999999995e-01 -2.278380000000000127e-01 1.122500000000000060e-02 2.279349999999999987e-01 -9.736409999999999787e-01 8.243999999999999592e-03
4.000000000000000000e+00 3.100000000000000000e+01 1.200000000000000000e+01 0.000000000000000000e+00 1.600000000000000089e+00 2.053999999999999836e-03 5.237999999999999601e-03 9.999839999999999840e-01 -2.339300000000000060e-02 9.997129999999999628e-01 -5.187999999999999903e-03 -9.997239999999999460e-01 -2.338200000000000001e-02 2.174999999999999850e-03
1.400000000000000000e+01 3.100000000000000000e+01 1.200000000000000000e+01 0.000000000000000000e+00 1.600000000000000089e+00 -1.111999999999999924e-03 -6.492999999999999640e-03 9.999780000000000335e-01 -2.345399999999999915e-02 9.997040000000000370e-01 6.465000000000000260e-03 -9.997239999999999460e-01 -2.344699999999999909e-02 -1.263999999999999933e-03
4.000000000000000000e+00 3.500000000000000000e+01 1.200000000000000000e+01 0.000000000000000000e+00 1.600000000000000089e+00 3.671999999999999917e-03 2.066999999999999827e-03 -9.999909999999999632e-01 4.873620000000000174e-01 -8.731999999999999762e-01 -1.500000000000000038e-05 -8.731919999999999682e-01 -4.873569999999999847e-01 -4.213999999999999864e-03
7.000000000000000000e+00 3.500000000000000000e+01 1.200000000000000000e+01 0.000000000000000000e+00 1.600000000000000089e+00 2.409999999999999816e-03 -1.154999999999999994e-03 -9.999959999999999960e-01 4.988520000000000176e-01 -8.666840000000000099e-01 2.203000000000000097e-03 -8.666840000000000099e-01 -4.988560000000000216e-01 -1.512000000000000106e-03
1.100000000000000000e+01 3.500000000000000000e+01 1.200000000000000000e+01 0.000000000000000000e+00 1.600000000000000089e+00 -2.171000000000000187e-03 -2.259999999999999856e-03 -9.999949999999999672e-01 4.935390000000000055e-01 -8.697230000000000238e-01 8.940000000000000464e-04 -8.697209999999999663e-01 -4.935350000000000015e-01 3.003000000000000027e-03
1.600000000000000000e+01 3.500000000000000000e+01 1.200000000000000000e+01 0.000000000000000000e+00 1.600000000000000089e+00 -2.432000000000000134e-03 -2.611000000000000040e-03 -9.999940000000000495e-01 4.829709999999999837e-01 -8.756359999999999699e-01 1.111000000000000008e-03 -8.756329999999999947e-01 -4.829649999999999777e-01 3.390999999999999917e-03
2.500000000000000000e+01 3.500000000000000000e+01 1.200000000000000000e+01 0.000000000000000000e+00 1.600000000000000089e+00 2.932999999999999843e-03 9.049999999999999885e-04 -9.999949999999999672e-01 4.646129999999999982e-01 -8.855129999999999946e-01 5.609999999999999752e-04 -8.855089999999999906e-01 -4.646129999999999982e-01 -3.017000000000000150e-03
1.000000000000000000e+01 3.000000000000000000e+00 1.300000000000000000e+01 0.000000000000000000e+00 1.600000000000000089e+00 2.436999999999999930e-03 4.561599999999999683e-02 9.989559999999999551e-01 -1.947099999999999873e-02 9.987719999999999931e-01 -4.556000000000000327e-02 -9.998070000000000013e-01 -1.933999999999999955e-02 3.321999999999999866e-03
8.000000000000000000e+00 3.200000000000000000e+01 1.400000000000000000e+01 0.000000000000000000e+00 1.600000000000000089e+00 6.220000000000000485e-04 4.551000000000000358e-03 -9.999890000000000168e-01 1.119929999999999953e-01 9.936979999999999702e-01 4.591999999999999728e-03 9.937089999999999534e-01 -1.119949999999999973e-01 1.090000000000000067e-04
8.000000000000000000e+00 1.200000000000000000e+01 1.500000000000000000e+01 0.000000000000000000e+00 1.600000000000000089e+00 8.403000000000000747e-03 1.721999999999999920e-02 -9.998160000000000380e-01 -4.691649999999999987e-01 -8.829029999999999934e-01 -1.914899999999999936e-02 -8.830710000000000504e-01 4.692399999999999904e-01 6.599999999999999964e-04
1.400000000000000000e+01 1.200000000000000000e+01 1.500000000000000000e+01 0.000000000000000000e+00 1.600000000000000089e+00 7.337999999999999905e-03 1.682700000000000168e-02 -9.998310000000000253e-01 -4.693620000000000014e-01 -8.828160000000000451e-01 -1.830299999999999983e-02 -8.829749999999999543e-01 4.694169999999999732e-01 1.420000000000000038e-03
1.800000000000000000e+01 1.200000000000000000e+01 1.500000000000000000e+01 0.000000000000000000e+00 1.600000000000000089e+00 7.492999999999999661e-03 1.383500000000000008e-02 -9.998759999999999870e-01 -4.686270000000000158e-01 -8.832560000000000411e-01 -1.573300000000000046e-02 -8.833640000000000381e-01 4.686870000000000203e-01 -1.350000000000000017e-04
3.000000000000000000e+00 1.100000000000000000e+01 1.600000000000000000e+01 0.000000000000000000e+00 1.600000000000000089e+00 3.978999999999999898e-03 3.933999999999999997e-03 -9.999839999999999840e-01 -4.201829999999999732e-01 -9.074240000000000084e-01 -5.242000000000000132e-03 -9.074309999999999876e-01 4.201969999999999872e-01 -1.956999999999999972e-03
5.000000000000000000e+00 1.160000000000000000e+02 1.600000000000000000e+01 0.000000000000000000e+00 1.600000000000000089e+00 6.056999999999999884e-03 4.298999999999999870e-03 9.999719999999999720e-01 7.312859999999999916e-01 6.820319999999999716e-01 -7.361999999999999621e-03 -6.820450000000000124e-01 7.313100000000000156e-01 9.870000000000000301e-04
2.800000000000000000e+01 1.160000000000000000e+02 1.600000000000000000e+01 0.000000000000000000e+00 1.600000000000000089e+00 -1.590999999999999966e-03 -1.618999999999999996e-03 9.999970000000000248e-01 6.848819999999999908e-01 7.286500000000000199e-01 2.269000000000000183e-03 -7.286519999999999664e-01 6.848840000000000483e-01 -5.099999999999999960e-05
4.000000000000000000e+00 2.000000000000000000e+00 1.900000000000000000e+01 0.000000000000000000e+00 1.600000000000000089e+00 -1.185000000000000072e-03 -7.359000000000000090e-03 -9.999719999999999720e-01 1.851829999999999865e-01 -9.826789999999999692e-01 7.013000000000000136e-03 -9.827029999999999932e-01 -1.851690000000000003e-01 2.527999999999999865e-03
1.400000000000000000e+01 2.000000000000000000e+00 1.900000000000000000e+01 0.000000000000000000e+00 1.600000000000000089e+00 1.062999999999999926e-03 1.899599999999999900e-02 -9.998190000000000133e-01 1.617329999999999879e-01 -9.866599999999999815e-01 -1.857400000000000023e-02 -9.868339999999999890e-01 -1.616839999999999944e-01 -4.120999999999999663e-03
2.100000000000000000e+01 2.000000000000000000e+00 1.900000000000000000e+01 0.000000000000000000e+00 1.600000000000000089e+00 2.880000000000000181e-03 2.201999999999999964e-03 -9.999930000000000208e-01 1.397690000000000043e-01 -9.901830000000000354e-01 -1.776999999999999934e-03 -9.901799999999999491e-01 -1.397629999999999983e-01 -3.160000000000000048e-03
8.000000000000000000e+00 1.300000000000000000e+01 2.000000000000000000e+01 0.000000000000000000e+00 1.600000000000000089e+00 -2.344000000000000163e-03 -8.257999999999999716e-03 9.999630000000000463e-01 2.541840000000000210e-01 9.671180000000000332e-01 8.581999999999999351e-03 -9.671530000000000404e-01 2.541939999999999755e-01 -1.679999999999999907e-04
1.200000000000000000e+01 1.300000000000000000e+01 2.000000000000000000e+01 0.000000000000000000e+00 1.600000000000000089e+00 -2.384999999999999967e-03 -9.093999999999999653e-03 9.999559999999999560e-01 2.545640000000000125e-01 9.670100000000000362e-01 9.402000000000000635e-03 -9.670530000000000515e-01 2.545749999999999957e-01 9.000000000000000228e-06
1.500000000000000000e+01 1.300000000000000000e+01 2.000000000000000000e+01 0.000000000000000000e+00 1.600000000000000089e+00 -1.376000000000000053e-03 -8.236000000000000265e-03 9.999649999999999928e-01 2.547240000000000060e-01 9.669780000000000042e-01 8.314999999999999475e-03 -9.670130000000000114e-01 2.547260000000000080e-01 7.680000000000000195e-04
2.000000000000000000e+01 1.300000000000000000e+01 2.000000000000000000e+01 0.000000000000000000e+00 1.600000000000000089e+00 1.699999999999999905e-03 1.649999999999999991e-04 9.999989999999999712e-01 2.521720000000000073e-01 9.676820000000000421e-01 -5.879999999999999810e-04 -9.676810000000000134e-01 2.521729999999999805e-01 1.603000000000000041e-03
2.500000000000000000e+01 1.300000000000000000e+01 2.000000000000000000e+01 0.000000000000000000e+00 1.600000000000000089e+00 2.245000000000000034e-03 4.414000000000000389e-03 9.999879999999999880e-01 2.492040000000000088e-01 9.684390000000000498e-01 -4.833999999999999755e-03 -9.684479999999999755e-01 2.492119999999999891e-01 1.074000000000000085e-03
1.100000000000000000e+01 1.600000000000000000e+01 2.100000000000000000e+01 0.000000000000000000e+00 1.600000000000000089e+00 -2.802999999999999936e-03 -8.099000000000000296e-03 9.999630000000000463e-01 3.014660000000000117e-01 9.534380000000000077e-01 8.566999999999999962e-03 -9.534730000000000150e-01 3.014789999999999970e-01 -2.310000000000000042e-04
1.700000000000000000e+01 1.600000000000000000e+01 2.100000000000000000e+01 0.000000000000000000e+00 1.600000000000000089e+00 -6.610000000000000207e-04 -4.269000000000000225e-03 9.999909999999999632e-01 3.026429999999999954e-01 9.530939999999999968e-01 4.269000000000000225e-03 -9.531039999999999512e-01 3.026429999999999954e-01 6.620000000000000450e-04
2.100000000000000000e+01 1.600000000000000000e+01 2.100000000000000000e+01 0.000000000000000000e+00 1.600000000000000089e+00 2.204999999999999929e-03 8.814000000000000654e-03 9.999590000000000423e-01 3.025829999999999909e-01 9.530800000000000383e-01 -9.067999999999999672e-03 -9.531209999999999960e-01 3.025900000000000256e-01 -5.659999999999999884e-04
5.000000000000000000e+00 3.000000000000000000e+00 2.500000000000000000e+01 0.000000000000000000e+00 1.600000000000000089e+00 5.779999999999999548e-04 4.579999999999999870e-03 9.999890000000000168e-01 2.055799999999999988e-02 -9.997779999999999445e-01 4.568000000000000012e-03 9.997890000000000388e-01 2.055500000000000035e-02 -6.719999999999999628e-04
1.000000000000000000e+01 4.600000000000000000e+01 2.700000000000000000e+01 0.000000000000000000e+00 1.600000000000000089e+00 -7.649999999999999465e-04 -2.689999999999999791e-04 -1.000000000000000000e+00 6.697800000000000420e-01 7.425589999999999691e-01 -7.119999999999999593e-04 7.425589999999999691e-01 -6.697809999999999597e-01 -3.869999999999999742e-04
1.800000000000000000e+01 4.600000000000000000e+01 2.700000000000000000e+01 0.000000000000000000e+00 1.600000000000000089e+00 -2.703000000000000107e-03 -1.420000000000000038e-03 -9.999949999999999672e-01 6.670009999999999550e-01 7.450510000000000188e-01 -2.860999999999999828e-03 7.450520000000000476e-01 -6.670059999999999878e-01 -1.067000000000000023e-03
2.400000000000000000e+01 4.600000000000000000e+01 2.700000000000000000e+01 0.000000000000000000e+00 1.600000000000000089e+00 -2.849999999999999886e-04 5.739999999999999660e-04 -1.000000000000000000e+00 6.627079999999999638e-01 7.488780000000000436e-01 2.410000000000000033e-04 7.488780000000000436e-01 -6.627070000000000460e-01 -5.940000000000000184e-04
1.700000000000000000e+01 4.600000000000000000e+01 3.000000000000000000e+01 0.000000000000000000e+00 1.600000000000000089e+00 -1.569999999999999998e-03 -2.469999999999999973e-03 -9.999959999999999960e-01 3.280100000000000238e-01 9.446700000000000097e-01 -2.848999999999999970e-03 9.446729999999999849e-01 -3.280139999999999723e-01 -6.729999999999999871e-04
2.000000000000000000e+01 4.600000000000000000e+01 3.000000000000000000e+01 0.000000000000000000e+00 1.600000000000000089e+00 -2.886000000000000110e-03 -1.603999999999999957e-03 -9.999949999999999672e-01 3.265919999999999934e-01 9.451619999999999466e-01 -2.458000000000000115e-03 9.451610000000000289e-01 -3.265970000000000262e-01 -2.203999999999999796e-03
7.000000000000000000e+00 5.800000000000000000e+01 3.100000000000000000e+01 0.000000000000000000e+00 1.600000000000000089e+00 1.451000000000000033e-03 5.960000000000000020e-03 9.999810000000000088e-01 -7.671980000000000466e-01 -6.413910000000000444e-01 4.936000000000000283e-03 6.414079999999999782e-01 -7.671909999999999563e-01 3.641999999999999838e-03
1.500000000000000000e+01 5.800000000000000000e+01 3.100000000000000000e+01 0.000000000000000000e+00 1.600000000000000089e+00 7.604999999999999781e-03 -2.100000000000000087e-04 9.999710000000000543e-01 -7.612590000000000190e-01 -6.484229999999999716e-01 5.653000000000000039e-03 6.484029999999999516e-01 -7.612799999999999567e-01 -5.091000000000000039e-03
1.900000000000000000e+01 5.800000000000000000e+01 3.100000000000000000e+01 0.000000000000000000e+00 1.600000000000000089e+00 4.250000000000000305e-03 9.043000000000000690e-03 9.999500000000000055e-01 -7.580480000000000551e-01 -6.521350000000000202e-01 9.119999999999999635e-03 6.521850000000000147e-01 -7.580489999999999728e-01 4.082999999999999824e-03
2.400000000000000000e+01 5.800000000000000000e+01 3.100000000000000000e+01 0.000000000000000000e+00 1.600000000000000089e+00 -4.957999999999999734e-03 -3.789999999999999966e-03 9.999810000000000088e-01 -7.622229999999999839e-01 -6.472849999999999993e-01 -6.231999999999999693e-03 6.472959999999999825e-01 -7.622389999999999999e-01 3.209999999999999963e-04
2.700000000000000000e+01 5.800000000000000000e+01 3.100000000000000000e+01 0.000000000000000000e+00 1.600000000000000089e+00 -4.739000000000000157e-03 -1.850000000000000082e-03 9.999869999999999592e-01 -7.631449999999999623e-01 -6.462099999999999511e-01 -4.812000000000000305e-03 6.462099999999999511e-01 -7.631580000000000030e-01 1.650999999999999907e-03
2.000000000000000000e+00 6.000000000000000000e+00 3.200000000000000000e+01 0.000000000000000000e+00 1.600000000000000089e+00 -6.256000000000000276e-03 -6.586999999999999973e-03 -9.999590000000000423e-01 1.771919999999999884e-01 9.841469999999999940e-01 -7.590999999999999658e-03 9.841560000000000308e-01 -1.772320000000000007e-01 -4.989999999999999644e-03
1.800000000000000000e+01 6.000000000000000000e+00 3.200000000000000000e+01 0.000000000000000000e+00 1.600000000000000089e+00 3.383000000000000156e-03 -1.549000000000000030e-03 -9.999930000000000208e-01 2.068450000000000011e-01 9.783730000000000482e-01 -8.149999999999999693e-04 9.783680000000000154e-01 -2.068409999999999971e-01 3.631000000000000113e-03
2.700000000000000000e+01 6.000000000000000000e+00 3.200000000000000000e+01 0.000000000000000000e+00 1.600000000000000089e+00 -2.284000000000000006e-03 1.140000000000000063e-04 -9.999970000000000248e-01 2.160489999999999911e-01 9.763819999999999721e-01 -3.829999999999999854e-04 9.763800000000000257e-01 -2.160499999999999921e-01 -2.255000000000000060e-03
1.000000000000000000e+00 4.600000000000000000e+01 3.500000000000000000e+01 0.000000000000000000e+00 1.600000000000000089e+00 2.494999999999999822e-03 -1.157999999999999958e-03 -9.999959999999999960e-01 3.865939999999999932e-01 -9.222479999999999567e-01 2.031999999999999952e-03 -9.222470000000000390e-01 -3.865970000000000240e-01 -1.853999999999999962e-03
5.000000000000000000e+00 4.600000000000000000e+01 3.500000000000000000e+01 0.000000000000000000e+00 1.600000000000000089e+00 -9.859999999999998974e-04 1.458000000000000095e-03 -9.999980000000000535e-01 3.858550000000000035e-01 -9.225579999999999892e-01 -1.724999999999999971e-03 -9.225590000000000179e-01 -3.858559999999999768e-01 3.469999999999999777e-04
1.300000000000000000e+01 4.600000000000000000e+01 3.500000000000000000e+01 0.000000000000000000e+00 1.600000000000000089e+00 -8.149999999999999693e-04 4.151000000000000176e-03 -9.999909999999999632e-01 3.848539999999999739e-01 -9.229680000000000106e-01 -4.145000000000000247e-03 -9.229770000000000474e-01 -3.848539999999999739e-01 -8.459999999999999638e-04
2.100000000000000000e+01 4.600000000000000000e+01 3.500000000000000000e+01 0.000000000000000000e+00 1.600000000000000089e+00 2.017999999999999829e-03 -1.128000000000000096e-03 -9.999970000000000248e-01 3.865049999999999875e-01 -9.222860000000000502e-01 1.820000000000000003e-03 -9.222850000000000215e-01 -3.865069999999999895e-01 -1.425000000000000051e-03
2.600000000000000000e+01 4.600000000000000000e+01 3.500000000000000000e+01 0.000000000000000000e+00 1.600000000000000089e+00 6.070000000000000092e-04 -4.210000000000000200e-03 -9.999909999999999632e-01 3.849790000000000156e-01 -9.229159999999999586e-01 4.119000000000000265e-03 -9.229249999999999954e-01 -3.849779999999999869e-01 1.061000000000000094e-03
3.000000000000000000e+01 4.600000000000000000e+01 3.500000000000000000e+01 0.000000000000000000e+00 1.600000000000000089e+00 -1.036000000000000029e-03 1.296999999999999976e-03 -9.999989999999999712e-01 3.850040000000000129e-01 -9.229129999999999834e-01 -1.595999999999999979e-03 -9.229140000000000121e-01 -3.850060000000000149e-01 4.560000000000000251e-04
6.000000000000000000e+00 9.500000000000000000e+01 3.600000000000000000e+01 0.000000000000000000e+00 1.600000000000000089e+00 -3.830000000000000071e-03 -6.614000000000000087e-03 9.999710000000000543e-01 9.984760000000000302e-01 5.503700000000000259e-02 4.187999999999999882e-03 -5.506300000000000083e-02 9.984619999999999607e-01 6.393000000000000245e-03
1.000000000000000000e+01 9.500000000000000000e+01 3.600000000000000000e+01 0.000000000000000000e+00 1.600000000000000089e+00 2.076999999999999853e-03 9.057800000000000573e-02 9.958869999999999667e-01 9.978470000000000395e-01 6.509299999999999808e-02 -8.002000000000000432e-03 -6.554999999999999716e-02 9.937599999999999767e-01 -9.024799999999999489e-02
1.400000000000000000e+01 9.500000000000000000e+01 3.600000000000000000e+01 0.000000000000000000e+00 1.600000000000000089e+00 3.996000000000000420e-03 8.733000000000000485e-02 9.961710000000000287e-01 9.970029999999999726e-01 7.661999999999999367e-02 -1.071599999999999983e-02 -7.726299999999999835e-02 9.932279999999999998e-01 -8.676200000000000578e-02
1.900000000000000000e+01 9.500000000000000000e+01 3.600000000000000000e+01 0.000000000000000000e+00 1.600000000000000089e+00 2.008999999999999935e-03 2.973900000000000154e-02 9.995560000000000000e-01 9.970290000000000541e-01 7.691099999999999326e-02 -4.291999999999999808e-03 -7.700500000000000400e-02 9.965939999999999799e-01 -2.949600000000000138e-02
2.500000000000000000e+01 9.500000000000000000e+01 3.600000000000000000e+01 0.000000000000000000e+00 1.600000000000000089e+00 2.858999999999999996e-03 -2.270799999999999902e-02 9.997380000000000155e-01 9.965110000000000356e-01 8.346000000000000640e-02 -9.539999999999999869e-04 -8.341600000000000403e-02 9.962520000000000264e-01 2.286699999999999844e-02
2.900000000000000000e+01 9.500000000000000000e+01 3.600000000000000000e+01 0.000000000000000000e+00 1.600000000000000089e+00 -2.818999999999999891e-03 -3.042100000000000012e-02 9.995330000000000048e-01 9.960029999999999717e-01 8.914600000000000302e-02 5.521999999999999999e-03 -8.927200000000000413e-02 9.955540000000000500e-01 3.004799999999999832e-02
2.000000000000000000e+00 3.000000000000000000e+00 4.300000000000000000e+01 0.000000000000000000e+00 1.600000000000000089e+00 -5.279999999999999971e-03 7.870000000000000476e-04 -9.999860000000000415e-01 7.405389999999999473e-01 -6.719990000000000130e-01 -4.439000000000000237e-03 -6.719929999999999515e-01 -7.405519999999999881e-01 2.965999999999999887e-03
7.000000000000000000e+00 3.000000000000000000e+00 4.300000000000000000e+01 0.000000000000000000e+00 1.600000000000000089e+00 3.098000000000000059e-03 -2.794000000000000043e-03 -9.999909999999999632e-01 7.417960000000000109e-01 -6.706130000000000146e-01 4.172000000000000361e-03 -6.706189999999999651e-01 -7.418019999999999614e-01 -5.000000000000000409e-06
1.200000000000000000e+01 3.000000000000000000e+00 4.300000000000000000e+01 0.000000000000000000e+00 1.600000000000000089e+00 -6.049999999999999606e-04 -2.701699999999999935e-02 -9.996350000000000513e-01 7.393999999999999462e-01 -6.730319999999999636e-01 1.774299999999999836e-02 -6.732660000000000311e-01 -7.391199999999999992e-01 2.038299999999999834e-02
2.300000000000000000e+01 3.000000000000000000e+00 4.300000000000000000e+01 0.000000000000000000e+00 1.600000000000000089e+00 7.648000000000000284e-03 3.701200000000000323e-02 -9.992860000000000076e-01 7.425249999999999906e-01 -6.695459999999999745e-01 -1.911600000000000105e-02 -6.697750000000000092e-01 -7.418479999999999519e-01 -3.260300000000000004e-02
2.700000000000000000e+01 3.000000000000000000e+00 4.300000000000000000e+01 0.000000000000000000e+00 1.600000000000000089e+00 8.189999999999999364e-03 4.385900000000000215e-02 -9.990040000000000031e-01 7.410039999999999960e-01 -6.710930000000000506e-01 -2.338799999999999907e-02 -6.714510000000000201e-01 -7.400740000000000096e-01 -3.799600000000000199e-02
6.000000000000000000e+00 8.000000000000000000e+00 4.400000000000000000e+01 0.000000000000000000e+00 1.600000000000000089e+00 -8.840000000000000201e-04 -4.446000000000000299e-03 9.999900000000000455e-01 -7.681310000000000082e-01 -6.402830000000000465e-01 -3.526000000000000054e-03 6.402919999999999723e-01 -7.681259999999999755e-01 -2.848999999999999970e-03
1.600000000000000000e+01 8.000000000000000000e+00 4.400000000000000000e+01 0.000000000000000000e+00 1.600000000000000089e+00 -1.712999999999999896e-03 -1.763999999999999943e-03 9.999970000000000248e-01 -7.647059999999999969e-01 -6.443740000000000023e-01 -2.446999999999999956e-03 6.443769999999999776e-01 -7.647080000000000544e-01 -2.449999999999999921e-04
2.200000000000000000e+01 8.000000000000000000e+00 4.400000000000000000e+01 0.000000000000000000e+00 1.600000000000000089e+00 1.069999999999999988e-04 7.478000000000000272e-03 9.999719999999999720e-01 -7.705910000000000259e-01 -6.373109999999999609e-01 4.847999999999999879e-03 6.373299999999999521e-01 -7.705699999999999772e-01 5.695000000000000409e-03
2.900000000000000000e+01 8.000000000000000000e+00 4.400000000000000000e+01 0.000000000000000000e+00 1.600000000000000089e+00 5.747000000000000372e-03 1.724399999999999891e-02 9.998350000000000293e-01 -7.714779999999999971e-01 -6.360689999999999955e-01 1.540500000000000029e-02 6.362299999999999622e-01 -7.714389999999999858e-01 9.646999999999999326e-03
6.000000000000000000e+00 2.900000000000000000e+01 4.400000000000000000e+01 0.000000000000000000e+00 1.600000000000000089e+00 -2.543000000000000121e-03 -4.049999999999999781e-03 -9.999890000000000168e-01 6.583909999999999485e-01 7.526610000000000245e-01 -4.722999999999999768e-03 7.526720000000000077e-01 -6.583959999999999813e-01 7.519999999999999558e-04
1.300000000000000000e+01 2.900000000000000000e+01 4.400000000000000000e+01 0.000000000000000000e+00 1.600000000000000089e+00 6.279999999999999775e-04 1.874000000000000015e-03 -9.999980000000000535e-01 6.706879999999999509e-01 7.417380000000000084e-01 1.810999999999999893e-03 7.417399999999999549e-01 -6.706870000000000331e-01 -7.910000000000000364e-04
1.700000000000000000e+01 2.900000000000000000e+01 4.400000000000000000e+01 0.000000000000000000e+00 1.600000000000000089e+00 1.366000000000000027e-03 2.550999999999999882e-03 -9.999959999999999960e-01 6.783639999999999670e-01 7.347209999999999575e-01 2.801000000000000104e-03 7.347249999999999615e-01 -6.783649999999999958e-01 -7.269999999999999987e-04
2.200000000000000000e+01 2.900000000000000000e+01 4.400000000000000000e+01 0.000000000000000000e+00 1.600000000000000089e+00 1.396000000000000105e-03 -2.282000000000000174e-03 -9.999959999999999960e-01 6.831939999999999680e-01 7.302359999999999962e-01 -7.129999999999999836e-04 7.302349999999999675e-01 -6.831909999999999927e-01 2.579000000000000129e-03
9.000000000000000000e+00 5.400000000000000000e+01 4.600000000000000000e+01 0.000000000000000000e+00 1.600000000000000089e+00 -9.129999999999999661e-04 -2.673000000000000029e-03 9.999959999999999960e-01 3.034149999999999903e-01 -9.528560000000000363e-01 -2.269000000000000183e-03 9.528579999999999828e-01 3.034120000000000150e-01 1.680999999999999986e-03
1.500000000000000000e+01 6.500000000000000000e+01 4.600000000000000000e+01 0.000000000000000000e+00 1.600000000000000089e+00 3.212000000000000011e-03 -2.693000000000000081e-03 9.999909999999999632e-01 6.826630000000000198e-01 -7.307209999999999539e-01 -4.160999999999999768e-03 7.307259999999999867e-01 6.826710000000000278e-01 -5.090000000000000123e-04
2.400000000000000000e+01 6.500000000000000000e+01 4.600000000000000000e+01 0.000000000000000000e+00 1.600000000000000089e+00 1.988999999999999883e-03 -1.269999999999999970e-04 9.999980000000000535e-01 6.807929999999999815e-01 -7.324739999999999585e-01 -1.446999999999999936e-03 7.324730000000000407e-01 6.807950000000000390e-01 -1.369999999999999907e-03
1.200000000000000000e+01 7.000000000000000000e+01 4.700000000000000000e+01 0.000000000000000000e+00 1.600000000000000089e+00 -3.840000000000000097e-04 2.077999999999999986e-03 -9.999980000000000535e-01 -8.388809999999999878e-01 -5.443149999999999933e-01 -8.090000000000000403e-04 -5.443149999999999933e-01 8.388790000000000413e-01 1.951999999999999959e-03
1.500000000000000000e+01 7.000000000000000000e+01 4.700000000000000000e+01 0.000000000000000000e+00 1.600000000000000089e+00 -2.273999999999999980e-03 -2.024000000000000191e-03 -9.999949999999999672e-01 -8.409839999999999538e-01 -5.410509999999999486e-01 3.007000000000000124e-03 -5.410549999999999526e-01 8.409870000000000401e-01 -4.719999999999999803e-04
2.000000000000000000e+01 1.150000000000000000e+02 5.100000000000000000e+01 0.000000000000000000e+00 1.600000000000000089e+00 -2.394999999999999993e-03 -6.479000000000000384e-03 9.999759999999999760e-01 8.420760000000000467e-01 -5.393580000000000041e-01 -1.477000000000000014e-03 5.393540000000000001e-01 8.420520000000000227e-01 6.747999999999999658e-03
1.000000000000000000e+01 7.000000000000000000e+00 5.200000000000000000e+01 0.000000000000000000e+00 1.600000000000000089e+00 -1.248400000000000030e-02 -7.618999999999999904e-03 -9.998930000000000318e-01 1.131510000000000016e-01 -9.935589999999999700e-01 6.158000000000000279e-03 -9.934990000000000210e-01 -1.130619999999999958e-01 1.326500000000000075e-02
6.000000000000000000e+00 1.500000000000000000e+01 5.300000000000000000e+01 0.000000000000000000e+00 1.600000000000000089e+00 -3.680000000000000003e-04 7.709999999999999840e-04 -1.000000000000000000e+00 6.800180000000000113e-01 7.331959999999999589e-01 3.150000000000000131e-04 7.331959999999999589e-01 -6.800169999999999826e-01 -7.940000000000000009e-04
1.000000000000000000e+01 6.300000000000000000e+01 5.400000000000000000e+01 0.000000000000000000e+00 1.600000000000000089e+00 -9.380000000000000317e-04 -8.790000000000000070e-04 9.999989999999999712e-01 -3.559649999999999759e-01 9.344989999999999686e-01 4.879999999999999898e-04 -9.344989999999999686e-01 -3.559640000000000026e-01 -1.188999999999999953e-03
1.600000000000000000e+01 6.300000000000000000e+01 5.400000000000000000e+01 0.000000000000000000e+00 1.600000000000000089e+00 -1.959999999999999937e-04 -3.570000000000000040e-04 1.000000000000000000e+00 -3.540360000000000174e-01 9.352319999999999522e-01 2.640000000000000202e-04 -9.352319999999999522e-01 -3.540360000000000174e-01 -3.099999999999999999e-04
2.100000000000000000e+01 6.300000000000000000e+01 5.400000000000000000e+01 0.000000000000000000e+00 1.600000000000000089e+00 -1.550000000000000000e-04 2.013000000000000032e-03 9.999980000000000535e-01 -3.543479999999999963e-01 9.351120000000000543e-01 -1.938000000000000052e-03 -9.351140000000000008e-01 -3.543479999999999963e-01 5.680000000000000370e-04
2.800000000000000000e+01 6.300000000000000000e+01 5.400000000000000000e+01 0.000000000000000000e+00 1.600000000000000089e+00 -1.440000000000000036e-04 1.299999999999999940e-03 9.999989999999999712e-01 -3.497430000000000261e-01 9.368450000000000388e-01 -1.268000000000000030e-03 -9.368459999999999566e-01 -3.497430000000000261e-01 3.200000000000000262e-04
2.000000000000000000e+00 2.500000000000000000e+01 5.500000000000000000e+01 0.000000000000000000e+00 1.600000000000000089e+00 8.500000000000000611e-05 5.407999999999999613e-03 -9.999850000000000128e-01 -1.353799999999999969e-02 -9.998939999999999495e-01 -5.407999999999999613e-03 -9.999080000000000190e-01 1.353900000000000069e-02 -1.099999999999999971e-05
6.000000000000000000e+00 2.500000000000000000e+01 5.500000000000000000e+01 0.000000000000000000e+00 1.600000000000000089e+00 -1.412000000000000061e-03 3.161999999999999880e-03 -9.999940000000000495e-01 -1.176400000000000015e-02 -9.999259999999999815e-01 -3.145999999999999925e-03 -9.999299999999999855e-01 1.175900000000000035e-02 1.448999999999999984e-03
1.000000000000000000e+01 2.500000000000000000e+01 5.500000000000000000e+01 0.000000000000000000e+00 1.600000000000000089e+00 -2.439000000000000196e-03 2.720000000000000195e-03 -9.999930000000000208e-01 -1.026700000000000008e-02 -9.999440000000000550e-01 -2.694999999999999913e-03 -9.999440000000000550e-01 1.026099999999999929e-02 2.467000000000000009e-03
1.500000000000000000e+01 2.500000000000000000e+01 5.500000000000000000e+01 0.000000000000000000e+00 1.600000000000000089e+00 -6.589999999999999721e-04 -2.709999999999999735e-04 -1.000000000000000000e+00 -1.062899999999999956e-02 -9.999430000000000263e-01 2.779999999999999811e-04 -9.999430000000000263e-01 1.062899999999999956e-02 6.570000000000000319e-04
2.000000000000000000e+01 2.500000000000000000e+01 5.500000000000000000e+01 0.000000000000000000e+00 1.600000000000000089e+00 1.649000000000000075e-03 2.138999999999999842e-03 -9.999959999999999960e-01 -8.847999999999999962e-03 -9.999590000000000423e-01 -2.154000000000000099e-03 -9.999590000000000423e-01 8.852000000000000493e-03 -1.629999999999999939e-03
3.000000000000000000e+01 2.500000000000000000e+01 5.500000000000000000e+01 0.000000000000000000e+00 1.600000000000000089e+00 7.590000000000000175e-04 -4.277000000000000419e-03 -9.999909999999999632e-01 -1.148300000000000015e-02 -9.999249999999999527e-01 4.268000000000000092e-03 -9.999339999999999895e-01 1.148000000000000062e-02 -8.080000000000000160e-04
4.000000000000000000e+00 7.000000000000000000e+00 6.000000000000000000e+01 0.000000000000000000e+00 1.600000000000000089e+00 4.789999999999999879e-04 -3.083999999999999936e-03 9.999949999999999672e-01 5.720119999999999649e-01 -8.202399999999999691e-01 -2.804000000000000069e-03 8.202450000000000019e-01 5.720110000000000472e-01 1.371000000000000040e-03
8.000000000000000000e+00 7.000000000000000000e+00 6.000000000000000000e+01 0.000000000000000000e+00 1.600000000000000089e+00 8.409999999999999507e-04 -5.205999999999999690e-03 9.999860000000000415e-01 5.679579999999999629e-01 -8.230439999999999978e-01 -4.761999999999999740e-03 8.230570000000000386e-01 5.679539999999999589e-01 2.265000000000000086e-03
1.600000000000000000e+01 7.000000000000000000e+00 6.000000000000000000e+01 0.000000000000000000e+00 1.600000000000000089e+00 6.009999999999999717e-04 1.377500000000000079e-02 9.999050000000000438e-01 5.710039999999999560e-01 -8.208739999999999926e-01 1.096500000000000079e-02 8.209469999999999823e-01 5.709429999999999783e-01 -8.359000000000000111e-03
2.400000000000000000e+01 7.000000000000000000e+00 6.000000000000000000e+01 0.000000000000000000e+00 1.600000000000000089e+00 -2.302999999999999926e-03 -1.065800000000000081e-02 9.999409999999999688e-01 5.695649999999999880e-01 -8.219130000000000047e-01 -7.448999999999999892e-03 8.219429999999999792e-01 5.695139999999999647e-01 7.962999999999999592e-03
5.000000000000000000e+00 2.100000000000000000e+01 6.000000000000000000e+01 0.000000000000000000e+00 1.600000000000000089e+00 -8.350000000000000217e-04 -3.193999999999999791e-03 9.999949999999999672e-01 -9.600899999999999712e-02 9.953760000000000385e-01 3.099000000000000192e-03 -9.953800000000000425e-01 -9.600599999999999412e-02 -1.137999999999999906e-03
