3.000000000000000000e+00 2.500000000000000000e+01 1.000000000000000000e+00 0.000000000000000000e+00 1.600000000000000089e+00 -9.309999999999999699e-04 -4.389999999999999805e-03 -9.999900000000000455e-01 -5.291630000000000500e-01 -8.485089999999999577e-01 4.218000000000000395e-03 -8.485200000000000520e-01 5.291620000000000212e-01 -1.533000000000000074e-03
1.000000000000000000e+01 2.500000000000000000e+01 1.000000000000000000e+00 0.000000000000000000e+00 1.600000000000000089e+00 -1.699999999999999987e-05 -1.536000000000000039e-03 -9.999989999999999712e-01 -5.300829999999999709e-01 -8.479449999999999488e-01 1.312000000000000015e-03 -8.479459999999999775e-01 5.300829999999999709e-01 -8.000000000000000383e-04
1.700000000000000000e+01 2.500000000000000000e+01 1.000000000000000000e+00 0.000000000000000000e+00 1.600000000000000089e+00 -3.399999999999999973e-05 -1.201999999999999943e-03 -9.999989999999999712e-01 -5.304079999999999906e-01 -8.477419999999999956e-01 1.036999999999999944e-03 -8.477430000000000243e-01 5.304079999999999906e-01 -6.089999999999999494e-04
1.400000000000000000e+01 3.000000000000000000e+00 4.000000000000000000e+00 0.000000000000000000e+00 1.600000000000000089e+00 -1.215640000000000054e-01 -3.328699999999999715e-02 -9.920250000000000457e-01 -8.339860000000000051e-01 -5.385199999999999987e-01 1.202669999999999989e-01 -5.382280000000000397e-01 8.419550000000000090e-01 3.770400000000000140e-02
3.000000000000000000e+00 1.500000000000000000e+01 4.000000000000000000e+00 0.000000000000000000e+00 1.600000000000000089e+00 -2.175999999999999983e-03 -7.159999999999999698e-03 9.999719999999999720e-01 3.214009999999999923e-01 -9.469239999999999879e-01 -6.080999999999999600e-03 9.469410000000000327e-01 3.213779999999999970e-01 4.362000000000000426e-03
8.000000000000000000e+00 1.500000000000000000e+01 4.000000000000000000e+00 0.000000000000000000e+00 1.600000000000000089e+00 2.159999999999999919e-04 -1.014299999999999924e-02 9.999489999999999768e-01 3.156129999999999769e-01 -9.488379999999999592e-01 -9.693000000000000227e-03 9.488879999999999537e-01 3.155990000000000184e-01 2.995999999999999965e-03
2.000000000000000000e+01 1.500000000000000000e+01 4.000000000000000000e+00 0.000000000000000000e+00 1.600000000000000089e+00 -3.429999999999999889e-04 5.321000000000000209e-03 9.999860000000000415e-01 3.210089999999999888e-01 -9.470619999999999594e-01 5.148999999999999931e-03 9.470760000000000289e-01 3.210060000000000136e-01 -1.382999999999999898e-03
2.500000000000000000e+01 1.500000000000000000e+01 4.000000000000000000e+00 0.000000000000000000e+00 1.600000000000000089e+00 -3.680999999999999810e-03 -5.210000000000000221e-03 9.999799999999999800e-01 3.191370000000000040e-01 -9.477010000000000156e-01 -3.762999999999999852e-03 9.477010000000000156e-01 3.191169999999999840e-01 5.151000000000000197e-03
2.900000000000000000e+01 1.500000000000000000e+01 4.000000000000000000e+00 0.000000000000000000e+00 1.600000000000000089e+00 -2.255000000000000060e-03 -4.497000000000000129e-03 9.999869999999999592e-01 3.183469999999999911e-01 -9.479680000000000328e-01 -3.544999999999999974e-03 9.479720000000000368e-01 3.183349999999999791e-01 3.569000000000000124e-03
1.300000000000000000e+01 1.600000000000000000e+01 4.000000000000000000e+00 0.000000000000000000e+00 1.600000000000000089e+00 3.572999999999999787e-03 -2.494000000000000123e-03 9.999909999999999632e-01 3.951709999999999945e-01 -9.185999999999999721e-01 -3.703000000000000128e-03 9.186010000000000009e-01 3.951799999999999757e-01 -2.295999999999999864e-03
3.000000000000000000e+00 1.010000000000000000e+02 7.000000000000000000e+00 0.000000000000000000e+00 1.600000000000000089e+00 2.843000000000000041e-03 -7.791000000000000182e-03 9.999660000000000215e-01 8.884009999999999962e-01 4.590659999999999741e-01 1.049999999999999935e-03 -4.590589999999999948e-01 8.883680000000000465e-01 8.226000000000000673e-03
1.800000000000000000e+01 1.010000000000000000e+02 7.000000000000000000e+00 0.000000000000000000e+00 1.600000000000000089e+00 -6.139999999999999625e-04 4.112000000000000204e-03 9.999909999999999632e-01 8.895880000000000454e-01 4.567629999999999746e-01 -1.332000000000000068e-03 -4.567640000000000033e-01 8.895790000000000086e-01 -3.937999999999999660e-03
2.200000000000000000e+01 1.010000000000000000e+02 7.000000000000000000e+00 0.000000000000000000e+00 1.600000000000000089e+00 -1.900000000000000105e-04 4.471000000000000148e-03 9.999900000000000455e-01 8.894130000000000091e-01 4.571000000000000063e-01 -1.874999999999999931e-03 -4.571040000000000103e-01 8.894039999999999724e-01 -4.063999999999999904e-03
2.900000000000000000e+01 1.010000000000000000e+02 7.000000000000000000e+00 0.000000000000000000e+00 1.600000000000000089e+00 -1.304999999999999953e-03 2.337000000000000102e-03 9.999959999999999960e-01 8.898890000000000411e-01 4.561760000000000259e-01 9.500000000000000523e-05 -4.561749999999999972e-01 8.898859999999999548e-01 -2.674999999999999861e-03
6.000000000000000000e+00 2.500000000000000000e+01 8.000000000000000000e+00 0.000000000000000000e+00 1.600000000000000089e+00 -5.580000000000000107e-04 5.614000000000000067e-03 -9.999839999999999840e-01 4.443300000000000027e-01 8.958500000000000352e-01 4.781999999999999792e-03 8.958629999999999649e-01 -4.443199999999999927e-01 -2.994000000000000133e-03
1.300000000000000000e+01 2.500000000000000000e+01 8.000000000000000000e+00 0.000000000000000000e+00 1.600000000000000089e+00 1.049999999999999935e-03 -1.819000000000000087e-03 -9.999980000000000535e-01 4.449250000000000149e-01 8.955670000000000019e-01 -1.162000000000000055e-03 8.955670000000000019e-01 -4.449230000000000129e-01 1.750000000000000036e-03
1.500000000000000000e+01 2.500000000000000000e+01 8.000000000000000000e+00 0.000000000000000000e+00 1.600000000000000089e+00 3.559999999999999797e-04 1.299999999999999920e-05 -1.000000000000000000e+00 4.451109999999999789e-01 8.954760000000000497e-01 1.700000000000000122e-04 8.954750000000000210e-01 -4.451109999999999789e-01 3.130000000000000187e-04
2.600000000000000000e+01 2.500000000000000000e+01 8.000000000000000000e+00 0.000000000000000000e+00 1.600000000000000089e+00 6.170000000000000354e-04 3.750000000000000078e-04 -1.000000000000000000e+00 4.477960000000000274e-01 8.941350000000000131e-01 6.109999999999999980e-04 8.941350000000000131e-01 -4.477970000000000006e-01 3.840000000000000097e-04
1.000000000000000000e+00 2.400000000000000000e+01 9.000000000000000000e+00 0.000000000000000000e+00 1.600000000000000089e+00 2.599999999999999881e-03 -1.041999999999999958e-03 -9.999959999999999960e-01 4.539529999999999954e-01 8.910249999999999559e-01 2.519999999999999996e-04 8.910219999999999807e-01 -4.539520000000000222e-01 2.789999999999999945e-03
7.000000000000000000e+00 2.400000000000000000e+01 9.000000000000000000e+00 0.000000000000000000e+00 1.600000000000000089e+00 -1.450000000000000009e-04 6.820999999999999806e-03 -9.999770000000000048e-01 4.497760000000000091e-01 8.931210000000000537e-01 6.027000000000000239e-03 8.931409999999999627e-01 -4.497650000000000259e-01 -3.197000000000000189e-03
1.200000000000000000e+01 2.400000000000000000e+01 9.000000000000000000e+00 0.000000000000000000e+00 1.600000000000000089e+00 9.110000000000000259e-04 -3.272000000000000169e-03 -9.999940000000000495e-01 4.509560000000000235e-01 8.925429999999999753e-01 -2.508999999999999946e-03 8.925459999999999505e-01 -4.509509999999999907e-01 2.288000000000000103e-03
1.600000000000000000e+01 2.400000000000000000e+01 9.000000000000000000e+00 0.000000000000000000e+00 1.600000000000000089e+00 -1.039999999999999936e-04 7.690000000000000438e-04 -1.000000000000000000e+00 4.511800000000000255e-01 8.924330000000000318e-01 6.400000000000000524e-04 8.924330000000000318e-01 -4.511800000000000255e-01 -4.400000000000000157e-04
2.300000000000000000e+01 2.400000000000000000e+01 9.000000000000000000e+00 0.000000000000000000e+00 1.600000000000000089e+00 -2.229999999999999994e-04 9.009999999999999997e-04 -1.000000000000000000e+00 4.521040000000000059e-01 8.919650000000000079e-01 7.020000000000000415e-04 8.919650000000000079e-01 -4.521029999999999771e-01 -6.059999999999999849e-04
2.800000000000000000e+01 2.400000000000000000e+01 9.000000000000000000e+00 0.000000000000000000e+00 1.600000000000000089e+00 3.260000000000000094e-04 3.562000000000000062e-03 -9.999940000000000495e-01 4.532320000000000237e-01 8.913870000000000404e-01 3.322999999999999999e-03 8.913929999999999909e-01 -4.532300000000000217e-01 -1.324000000000000090e-03
9.000000000000000000e+00 3.100000000000000000e+01 1.200000000000000000e+01 0.000000000000000000e+00 1.600000000000000089e+00 2.347999999999999827e-03 -3.193999999999999791e-03 9.999919999999999920e-01 -5.801999999999999866e-03 9.999780000000000335e-01 3.207000000000000215e-03 -9.999799999999999800e-01 -5.808999999999999928e-03 2.330000000000000040e-03
1.900000000000000000e+01 3.100000000000000000e+01 1.200000000000000000e+01 0.000000000000000000e+00 1.600000000000000089e+00 -8.589999999999999546e-04 -1.955999999999999839e-03 9.999980000000000535e-01 5.730000000000000501e-04 9.999980000000000535e-01 1.955999999999999839e-03 -9.999989999999999712e-01 5.749999999999999903e-04 -8.580000000000000387e-04
2.600000000000000000e+01 3.100000000000000000e+01 1.200000000000000000e+01 0.000000000000000000e+00 1.600000000000000089e+00 3.730000000000000134e-04 2.599999999999999881e-03 9.999970000000000248e-01 2.809999999999999998e-04 9.999970000000000248e-01 -2.599999999999999881e-03 -1.000000000000000000e+00 2.820000000000000241e-04 3.719999999999999891e-04
4.000000000000000000e+00 3.500000000000000000e+01 1.200000000000000000e+01 0.000000000000000000e+00 1.600000000000000089e+00 -1.788000000000000093e-03 -9.169999999999999549e-04 -9.999980000000000535e-01 5.227429999999999577e-01 -8.524899999999999700e-01 -1.530000000000000056e-04 -8.524880000000000235e-01 -5.227429999999999577e-01 2.004000000000000139e-03
1.100000000000000000e+01 3.500000000000000000e+01 1.200000000000000000e+01 0.000000000000000000e+00 1.600000000000000089e+00 2.272999999999999847e-03 6.405000000000000103e-03 -9.999770000000000048e-01 5.385590000000000099e-01 -8.425780000000000491e-01 -4.172999999999999626e-03 -8.425850000000000284e-01 -5.385370000000000434e-01 -5.364999999999999977e-03
1.400000000000000000e+01 3.500000000000000000e+01 1.200000000000000000e+01 0.000000000000000000e+00 1.600000000000000089e+00 7.420000000000000380e-04 4.720000000000000237e-03 -9.999890000000000168e-01 5.482970000000000343e-01 -8.362760000000000193e-01 -3.540000000000000178e-03 -8.362829999999999986e-01 -5.482879999999999976e-01 -3.207999999999999914e-03
1.800000000000000000e+01 3.500000000000000000e+01 1.200000000000000000e+01 0.000000000000000000e+00 1.600000000000000089e+00 -4.335999999999999577e-03 4.873999999999999860e-03 -9.999789999999999512e-01 5.591089999999999671e-01 -8.290689999999999449e-01 -6.465000000000000260e-03 -8.290830000000000144e-01 -5.591249999999999831e-01 8.689999999999999808e-04
2.500000000000000000e+01 3.500000000000000000e+01 1.200000000000000000e+01 0.000000000000000000e+00 1.600000000000000089e+00 -9.799999999999999684e-04 6.341000000000000282e-03 -9.999789999999999512e-01 5.771020000000000039e-01 -8.166520000000000445e-01 -5.745000000000000107e-03 -8.166719999999999535e-01 -5.770950000000000246e-01 -2.858999999999999996e-03
2.900000000000000000e+01 3.500000000000000000e+01 1.200000000000000000e+01 0.000000000000000000e+00 1.600000000000000089e+00 8.530000000000000256e-04 2.410999999999999949e-03 -9.999970000000000248e-01 5.893779999999999575e-01 -8.078560000000000185e-01 -1.445000000000000104e-03 -8.078570000000000473e-01 -5.893749999999999822e-01 -2.109000000000000197e-03
1.400000000000000000e+01 3.200000000000000000e+01 1.400000000000000000e+01 0.000000000000000000e+00 1.600000000000000089e+00 -1.286000000000000034e-03 2.445000000000000125e-03 -9.999959999999999960e-01 9.983200000000000407e-02 9.950020000000000531e-01 2.304000000000000058e-03 9.950029999999999708e-01 -9.982900000000000107e-02 -1.523999999999999964e-03
2.000000000000000000e+01 3.200000000000000000e+01 1.400000000000000000e+01 0.000000000000000000e+00 1.600000000000000089e+00 2.135999999999999878e-03 -1.693999999999999976e-03 -9.999959999999999960e-01 1.027669999999999972e-01 9.947040000000000326e-01 -1.464999999999999939e-03 9.947030000000000038e-01 -1.027629999999999932e-01 2.298999999999999828e-03
1.000000000000000000e+00 1.200000000000000000e+01 1.500000000000000000e+01 0.000000000000000000e+00 1.600000000000000089e+00 -7.690000000000000438e-04 9.000000000000000228e-06 -1.000000000000000000e+00 -4.660219999999999918e-01 -8.847730000000000317e-01 3.499999999999999964e-04 -8.847730000000000317e-01 4.660230000000000206e-01 6.849999999999999535e-04
4.000000000000000000e+00 1.200000000000000000e+01 1.500000000000000000e+01 0.000000000000000000e+00 1.600000000000000089e+00 -1.196999999999999930e-03 -2.897999999999999968e-03 -9.999949999999999672e-01 -4.656310000000000171e-01 -8.849740000000000384e-01 3.122000000000000209e-03 -8.849780000000000424e-01 4.656319999999999903e-01 -2.900000000000000017e-04
1.000000000000000000e+01 1.200000000000000000e+01 1.500000000000000000e+01 0.000000000000000000e+00 1.600000000000000089e+00 1.304000000000000038e-03 -1.685999999999999999e-03 -9.999980000000000535e-01 -4.669499999999999762e-01 -8.842839999999999590e-01 8.819999999999999715e-04 -8.842830000000000412e-01 4.669470000000000010e-01 -1.941000000000000017e-03
1.900000000000000000e+01 1.200000000000000000e+01 1.500000000000000000e+01 0.000000000000000000e+00 1.600000000000000089e+00 3.420000000000000188e-04 -6.860999999999999911e-03 -9.999759999999999760e-01 -4.732450000000000268e-01 -8.809109999999999996e-01 5.882000000000000076e-03 -8.809310000000000196e-01 4.732319999999999860e-01 -3.547999999999999939e-03
2.500000000000000000e+01 1.200000000000000000e+01 1.500000000000000000e+01 0.000000000000000000e+00 1.600000000000000089e+00 1.118000000000000070e-03 3.873000000000000140e-03 -9.999919999999999920e-01 -4.715659999999999852e-01 -8.818219999999999947e-01 -3.942000000000000191e-03 -8.818300000000000027e-01 4.715659999999999852e-01 8.400000000000000348e-04
4.000000000000000000e+00 1.100000000000000000e+01 1.600000000000000000e+01 0.000000000000000000e+00 1.600000000000000089e+00 -5.509999999999999490e-04 -3.697000000000000199e-03 -9.999930000000000208e-01 -4.068499999999999894e-01 -9.134879999999999667e-01 3.601000000000000034e-03 -9.134949999999999459e-01 4.068490000000000162e-01 -1.000999999999999937e-03
8.000000000000000000e+00 1.100000000000000000e+01 1.600000000000000000e+01 0.000000000000000000e+00 1.600000000000000089e+00 1.198999999999999979e-03 -4.794999999999999783e-03 -9.999879999999999880e-01 -4.086750000000000105e-01 -9.126720000000000388e-01 3.886000000000000131e-03 -9.126790000000000180e-01 4.086650000000000005e-01 -3.053000000000000158e-03
1.400000000000000000e+01 1.100000000000000000e+01 1.600000000000000000e+01 0.000000000000000000e+00 1.600000000000000089e+00 1.701000000000000038e-03 2.997999999999999797e-03 -9.999940000000000495e-01 -4.125130000000000186e-01 -9.109450000000000047e-01 -3.432999999999999854e-03 -9.109500000000000375e-01 4.125170000000000226e-01 -3.130000000000000187e-04
2.000000000000000000e+01 1.100000000000000000e+01 1.600000000000000000e+01 0.000000000000000000e+00 1.600000000000000089e+00 4.730000000000000046e-04 -6.086000000000000264e-03 -9.999810000000000088e-01 -4.158729999999999927e-01 -9.094069999999999654e-01 5.337999999999999863e-03 -9.094229999999999814e-01 4.158629999999999827e-01 -2.961000000000000090e-03
2.600000000000000000e+01 1.100000000000000000e+01 1.600000000000000000e+01 0.000000000000000000e+00 1.600000000000000089e+00 4.629999999999999784e-04 3.059000000000000087e-03 -9.999949999999999672e-01 -4.165309999999999846e-01 -9.091169999999999529e-01 -2.974000000000000081e-03 -9.091209999999999569e-01 4.165309999999999846e-01 8.530000000000000256e-04
4.000000000000000000e+00 1.160000000000000000e+02 1.600000000000000000e+01 0.000000000000000000e+00 1.600000000000000089e+00 -4.640000000000000027e-04 -4.899999999999999842e-05 1.000000000000000000e+00 7.650200000000000333e-01 6.440059999999999674e-01 3.869999999999999742e-04 -6.440059999999999674e-01 7.650200000000000333e-01 -2.610000000000000015e-04
8.000000000000000000e+00 1.160000000000000000e+02 1.600000000000000000e+01 0.000000000000000000e+00 1.600000000000000089e+00 3.060000000000000111e-04 -1.021999999999999905e-03 9.999989999999999712e-01 7.617190000000000349e-01 6.479070000000000107e-01 4.290000000000000193e-04 -6.479070000000000107e-01 7.617180000000000062e-01 9.759999999999999796e-04
2.300000000000000000e+01 1.160000000000000000e+02 1.600000000000000000e+01 0.000000000000000000e+00 1.600000000000000089e+00 1.745000000000000023e-03 1.077999999999999965e-03 9.999980000000000535e-01 7.890960000000000196e-01 6.142670000000000075e-01 -2.040000000000000147e-03 -6.142680000000000362e-01 7.890979999999999661e-01 2.210000000000000050e-04
2.500000000000000000e+01 1.160000000000000000e+02 1.600000000000000000e+01 0.000000000000000000e+00 1.600000000000000089e+00 1.557000000000000007e-03 2.680000000000000090e-04 9.999989999999999712e-01 7.857260000000000355e-01 6.185730000000000395e-01 -1.389000000000000044e-03 -6.185730000000000395e-01 7.857269999999999532e-01 7.529999999999999801e-04
4.000000000000000000e+00 2.000000000000000000e+00 1.900000000000000000e+01 0.000000000000000000e+00 1.600000000000000089e+00 -5.924999999999999711e-03 -2.909499999999999933e-02 -9.995589999999999753e-01 2.724949999999999872e-01 -9.617949999999999555e-01 2.638100000000000167e-02 -9.621389999999999665e-01 -2.722189999999999888e-01 1.362599999999999922e-02
1.200000000000000000e+01 2.000000000000000000e+00 1.900000000000000000e+01 0.000000000000000000e+00 1.600000000000000089e+00 7.759000000000000272e-03 -2.960799999999999890e-02 -9.995319999999999760e-01 2.609460000000000113e-01 -9.648679999999999479e-01 3.060699999999999879e-02 -9.653220000000000134e-01 -2.610609999999999875e-01 2.390000000000000089e-04
1.500000000000000000e+01 2.000000000000000000e+00 1.900000000000000000e+01 0.000000000000000000e+00 1.600000000000000089e+00 1.367799999999999919e-02 -1.987600000000000131e-02 -9.997089999999999588e-01 2.544680000000000275e-01 -9.668149999999999800e-01 2.270300000000000096e-02 -9.669839999999999547e-01 -2.547039999999999860e-01 -8.167000000000000648e-03
1.900000000000000000e+01 2.000000000000000000e+00 1.900000000000000000e+01 0.000000000000000000e+00 1.600000000000000089e+00 1.396200000000000045e-02 4.325999999999999984e-03 -9.998930000000000318e-01 2.451389999999999958e-01 -9.694880000000000164e-01 -7.720000000000000083e-04 -9.693869999999999987e-01 -2.451019999999999865e-01 -1.459700000000000060e-02
2.800000000000000000e+01 2.000000000000000000e+00 1.900000000000000000e+01 0.000000000000000000e+00 1.600000000000000089e+00 9.530000000000000276e-03 -9.589999999999999566e-03 -9.999090000000000478e-01 2.285300000000000109e-01 -9.734690000000000287e-01 1.151499999999999919e-02 -9.734899999999999665e-01 -2.286189999999999889e-01 -7.086000000000000285e-03
2.000000000000000000e+01 3.000000000000000000e+00 1.900000000000000000e+01 0.000000000000000000e+00 1.600000000000000089e+00 1.442399999999999932e-02 8.370999999999999969e-03 -9.998609999999999998e-01 2.558570000000000011e-01 -9.667050000000000365e-01 -4.402999999999999796e-03 -9.666069999999999940e-01 -2.557579999999999854e-01 -1.608499999999999860e-02
2.200000000000000000e+01 3.000000000000000000e+00 1.900000000000000000e+01 0.000000000000000000e+00 1.600000000000000089e+00 9.383000000000000715e-03 1.131399999999999940e-02 -9.998920000000000030e-01 2.427970000000000128e-01 -9.700379999999999558e-01 -8.697999999999999135e-03 -9.700320000000000054e-01 -2.426889999999999881e-01 -1.184900000000000016e-02
1.900000000000000000e+01 4.000000000000000000e+00 2.000000000000000000e+01 0.000000000000000000e+00 1.600000000000000089e+00 7.577000000000000401e-03 1.073299999999999949e-02 -9.999139999999999695e-01 3.895649999999999946e-01 -9.209730000000000416e-01 -6.934000000000000059e-03 -9.209680000000000089e-01 -3.894790000000000196e-01 -1.115999999999999978e-02
2.200000000000000000e+01 4.000000000000000000e+00 2.000000000000000000e+01 0.000000000000000000e+00 1.600000000000000089e+00 1.043000000000000090e-03 1.561500000000000041e-02 -9.998780000000000445e-01 3.657630000000000048e-01 -9.306010000000000115e-01 -1.415100000000000038e-02 -9.307079999999999798e-01 -3.657030000000000003e-01 -6.681999999999999572e-03
5.000000000000000000e+00 1.300000000000000000e+01 2.000000000000000000e+01 0.000000000000000000e+00 1.600000000000000089e+00 6.909999999999999910e-04 1.368000000000000075e-03 9.999989999999999712e-01 2.594730000000000092e-01 9.657489999999999686e-01 -1.500000000000000031e-03 -9.657499999999999973e-01 2.594739999999999824e-01 3.119999999999999944e-04
1.100000000000000000e+01 1.300000000000000000e+01 2.000000000000000000e+01 0.000000000000000000e+00 1.600000000000000089e+00 -6.800000000000000488e-04 -2.021999999999999926e-03 9.999980000000000535e-01 2.591840000000000255e-01 9.658259999999999623e-01 2.128999999999999816e-03 -9.658280000000000198e-01 2.591849999999999987e-01 -1.320000000000000101e-04
1.500000000000000000e+01 1.300000000000000000e+01 2.000000000000000000e+01 0.000000000000000000e+00 1.600000000000000089e+00 3.009999999999999980e-04 -2.096000000000000207e-03 9.999980000000000535e-01 2.608969999999999900e-01 9.653650000000000286e-01 1.943999999999999981e-03 -9.653669999999999751e-01 2.608960000000000168e-01 8.379999999999999862e-04
2.100000000000000000e+01 1.300000000000000000e+01 2.000000000000000000e+01 0.000000000000000000e+00 1.600000000000000089e+00 2.109000000000000197e-03 2.971999999999999816e-03 9.999930000000000208e-01 2.596169999999999867e-01 9.657059999999999533e-01 -3.416999999999999899e-03 -9.657090000000000396e-01 2.596229999999999927e-01 1.265000000000000065e-03
2.500000000000000000e+01 1.300000000000000000e+01 2.000000000000000000e+01 0.000000000000000000e+00 1.600000000000000089e+00 6.080000000000000335e-04 1.889999999999999970e-03 9.999980000000000535e-01 2.585720000000000240e-01 9.659900000000000153e-01 -1.982999999999999954e-03 -9.659919999999999618e-01 2.585729999999999973e-01 9.899999999999999404e-05
1.800000000000000000e+01 5.000000000000000000e+01 2.200000000000000000e+01 0.000000000000000000e+00 1.600000000000000089e+00 3.941000000000000059e-03 3.386000000000000121e-03 -9.999869999999999592e-01 -5.766289999999999472e-01 8.170060000000000100e-01 4.939999999999999730e-04 8.169960000000000555e-01 5.766200000000000214e-01 5.172000000000000382e-03
9.000000000000000000e+00 3.000000000000000000e+00 2.500000000000000000e+01 0.000000000000000000e+00 1.600000000000000089e+00 -9.070000000000000371e-04 -4.945999999999999876e-03 9.999869999999999592e-01 -4.791299999999999726e-02 -9.988390000000000324e-01 -4.983999999999999715e-03 9.988510000000000444e-01 -4.791700000000000126e-02 6.689999999999999983e-04
1.500000000000000000e+01 3.000000000000000000e+00 2.500000000000000000e+01 0.000000000000000000e+00 1.600000000000000089e+00 6.040000000000000447e-04 -1.706000000000000051e-03 9.999980000000000535e-01 -3.358799999999999980e-02 -9.994340000000000446e-01 -1.683999999999999950e-03 9.994359999999999911e-01 -3.358699999999999880e-02 -6.610000000000000207e-04
1.700000000000000000e+01 3.000000000000000000e+00 2.500000000000000000e+01 0.000000000000000000e+00 1.600000000000000089e+00 1.686999999999999915e-03 -1.289999999999999914e-04 9.999989999999999712e-01 -3.076999999999999874e-02 -9.995270000000000543e-01 -7.700000000000000139e-05 9.995249999999999968e-01 -3.076999999999999874e-02 -1.690000000000000096e-03
2.200000000000000000e+01 3.000000000000000000e+00 2.500000000000000000e+01 0.000000000000000000e+00 1.600000000000000089e+00 -1.157000000000000042e-03 7.180999999999999883e-03 9.999740000000000295e-01 -2.346300000000000122e-02 -9.996990000000000043e-01 7.152000000000000371e-03 9.997239999999999460e-01 -2.345399999999999915e-02 1.325999999999999922e-03
2.500000000000000000e+01 3.000000000000000000e+00 2.500000000000000000e+01 0.000000000000000000e+00 1.600000000000000089e+00 -5.997999999999999859e-03 2.038699999999999887e-02 9.997740000000000515e-01 -1.936699999999999880e-02 -9.996070000000000233e-01 2.026800000000000129e-02 9.997939999999999605e-01 -1.924100000000000116e-02 6.390999999999999980e-03
2.600000000000000000e+01 4.600000000000000000e+01 2.700000000000000000e+01 0.000000000000000000e+00 1.600000000000000089e+00 -1.255999999999999955e-03 2.102000000000000136e-03 -9.999970000000000248e-01 6.801730000000000276e-01 7.330520000000000369e-01 6.870000000000000022e-04 7.330510000000000081e-01 -6.801700000000000523e-01 -2.350000000000000092e-03
3.000000000000000000e+00 4.600000000000000000e+01 3.000000000000000000e+01 0.000000000000000000e+00 1.600000000000000089e+00 -1.060000000000000016e-04 -9.799999999999999684e-05 -1.000000000000000000e+00 3.265480000000000049e-01 9.451810000000000489e-01 -1.269999999999999970e-04 9.451810000000000489e-01 -3.265480000000000049e-01 -6.799999999999999946e-05
9.000000000000000000e+00 4.600000000000000000e+01 3.000000000000000000e+01 0.000000000000000000e+00 1.600000000000000089e+00 2.174000000000000151e-03 1.358999999999999965e-03 -9.999970000000000248e-01 3.303780000000000050e-01 9.438469999999999915e-01 2.001000000000000174e-03 9.438459999999999628e-01 -3.303809999999999802e-01 1.603000000000000041e-03
4.000000000000000000e+00 5.800000000000000000e+01 3.100000000000000000e+01 0.000000000000000000e+00 1.600000000000000089e+00 -1.428999999999999932e-03 -5.065000000000000058e-03 9.999860000000000415e-01 -7.652360000000000273e-01 -6.437349999999999461e-01 -4.354000000000000231e-03 6.437490000000000157e-01 -7.652309999999999945e-01 -2.955999999999999860e-03
8.000000000000000000e+00 5.800000000000000000e+01 3.100000000000000000e+01 0.000000000000000000e+00 1.600000000000000089e+00 -1.608000000000000054e-03 -3.887999999999999963e-03 9.999909999999999632e-01 -7.688869999999999871e-01 -6.393729999999999691e-01 -3.722000000000000048e-03 6.393820000000000059e-01 -7.688869999999999871e-01 -1.961000000000000069e-03
1.000000000000000000e+01 5.800000000000000000e+01 3.100000000000000000e+01 0.000000000000000000e+00 1.600000000000000089e+00 -1.235999999999999903e-03 -3.808000000000000187e-03 9.999919999999999920e-01 -7.693630000000000191e-01 -6.388030000000000097e-01 -3.383000000000000156e-03 6.388110000000000177e-01 -7.693609999999999616e-01 -2.139999999999999975e-03
1.800000000000000000e+01 5.800000000000000000e+01 3.100000000000000000e+01 0.000000000000000000e+00 1.600000000000000089e+00 1.262000000000000101e-03 -1.301999999999999989e-03 9.999980000000000535e-01 -7.748850000000000460e-01 -6.321020000000000527e-01 1.550000000000000000e-04 6.321010000000000240e-01 -7.748840000000000172e-01 -1.806000000000000097e-03
2.600000000000000000e+01 5.800000000000000000e+01 3.100000000000000000e+01 0.000000000000000000e+00 1.600000000000000089e+00 -3.530999999999999851e-03 -8.800000000000000313e-04 9.999930000000000208e-01 -7.759369999999999878e-01 -6.308009999999999451e-01 -3.295000000000000186e-03 6.308000000000000274e-01 -7.759439999999999671e-01 1.544999999999999932e-03
4.000000000000000000e+00 4.600000000000000000e+01 3.500000000000000000e+01 0.000000000000000000e+00 1.600000000000000089e+00 4.859999999999999954e-04 -1.706999999999999967e-03 -9.999980000000000535e-01 3.919409999999999838e-01 -9.199889999999999457e-01 1.760999999999999979e-03 -9.199899999999999745e-01 -3.919409999999999838e-01 2.220000000000000022e-04
8.000000000000000000e+00 4.600000000000000000e+01 3.500000000000000000e+01 0.000000000000000000e+00 1.600000000000000089e+00 -1.640000000000000019e-04 -1.039999999999999909e-03 -9.999989999999999712e-01 3.912490000000000134e-01 -9.202850000000000197e-01 8.930000000000000221e-04 -9.202850000000000197e-01 -3.912479999999999847e-01 5.569999999999999864e-04
1.500000000000000000e+01 4.600000000000000000e+01 3.500000000000000000e+01 0.000000000000000000e+00 1.600000000000000089e+00 -3.959999999999999762e-04 -2.436999999999999930e-03 -9.999970000000000248e-01 3.903030000000000110e-01 -9.206839999999999469e-01 2.089000000000000145e-03 -9.206860000000000044e-01 -3.903010000000000090e-01 1.315999999999999896e-03
2.100000000000000000e+01 4.600000000000000000e+01 3.500000000000000000e+01 0.000000000000000000e+00 1.600000000000000089e+00 -2.649999999999999903e-04 -7.749999999999999728e-04 -1.000000000000000000e+00 3.908570000000000100e-01 -9.204510000000000192e-01 6.099999999999999737e-04 -9.204510000000000192e-01 -3.908570000000000100e-01 5.469999999999999602e-04
2.400000000000000000e+01 4.600000000000000000e+01 3.500000000000000000e+01 0.000000000000000000e+00 1.600000000000000089e+00 -3.150000000000000131e-04 3.056000000000000123e-03 -9.999949999999999672e-01 3.913889999999999869e-01 -9.202209999999999557e-01 -2.935000000000000109e-03 -9.202249999999999597e-01 -3.913880000000000137e-01 -9.070000000000000371e-04
2.900000000000000000e+01 4.600000000000000000e+01 3.500000000000000000e+01 0.000000000000000000e+00 1.600000000000000089e+00 -9.269999999999999811e-04 7.269999999999999987e-04 -9.999989999999999712e-01 3.919739999999999891e-01 -9.199760000000000160e-01 -1.031999999999999931e-03 -9.199760000000000160e-01 -3.919750000000000179e-01 5.680000000000000370e-04
3.000000000000000000e+00 3.000000000000000000e+00 4.300000000000000000e+01 0.000000000000000000e+00 1.600000000000000089e+00 -1.820000000000000057e-04 2.628099999999999881e-02 -9.996549999999999603e-01 7.538529999999999953e-01 -6.568119999999999514e-01 -1.740399999999999933e-02 -6.570430000000000437e-01 -7.535960000000000436e-01 -1.969200000000000117e-02
1.000000000000000000e+01 3.000000000000000000e+00 4.300000000000000000e+01 0.000000000000000000e+00 1.600000000000000089e+00 -4.840000000000000010e-04 6.575000000000000115e-03 -9.999780000000000335e-01 7.408869999999999623e-01 -6.716119999999999868e-01 -4.774999999999999731e-03 -6.716290000000000315e-01 -7.408740000000000325e-01 -4.545999999999999694e-03
2.000000000000000000e+00 8.000000000000000000e+00 4.400000000000000000e+01 0.000000000000000000e+00 1.600000000000000089e+00 3.363999999999999803e-03 1.832000000000000078e-03 9.999930000000000208e-01 -7.883139999999999592e-01 -6.152609999999999468e-01 3.778999999999999807e-03 6.152630000000000043e-01 -7.883210000000000495e-01 -6.260000000000000373e-04
7.000000000000000000e+00 8.000000000000000000e+00 4.400000000000000000e+01 0.000000000000000000e+00 1.600000000000000089e+00 3.884999999999999998e-03 5.010999999999999829e-03 9.999799999999999800e-01 -7.897279999999999855e-01 -6.134260000000000268e-01 6.141999999999999890e-03 6.134439999999999893e-01 -7.897359999999999935e-01 1.574000000000000095e-03
1.100000000000000000e+01 8.000000000000000000e+00 4.400000000000000000e+01 0.000000000000000000e+00 1.600000000000000089e+00 2.116999999999999958e-03 3.811000000000000151e-03 9.999909999999999632e-01 -7.904290000000000482e-01 -6.125399999999999734e-01 4.008000000000000278e-03 6.125500000000000389e-01 -7.904299999999999660e-01 1.716000000000000077e-03
6.000000000000000000e+00 2.900000000000000000e+01 4.400000000000000000e+01 0.000000000000000000e+00 1.600000000000000089e+00 9.039999999999999642e-04 6.040000000000000447e-04 -9.999989999999999712e-01 6.563229999999999897e-01 7.544790000000000108e-01 1.049000000000000019e-03 7.544790000000000108e-01 -6.563240000000000185e-01 2.849999999999999886e-04
1.000000000000000000e+01 2.900000000000000000e+01 4.400000000000000000e+01 0.000000000000000000e+00 1.600000000000000089e+00 4.600000000000000004e-05 -9.129999999999999661e-04 -1.000000000000000000e+00 6.562170000000000503e-01 7.545720000000000205e-01 -6.589999999999999721e-04 7.545720000000000205e-01 -6.562170000000000503e-01 6.340000000000000149e-04
1.300000000000000000e+01 2.900000000000000000e+01 4.400000000000000000e+01 0.000000000000000000e+00 1.600000000000000089e+00 -1.101999999999999898e-03 -2.053000000000000137e-03 -9.999970000000000248e-01 6.550249999999999684e-01 7.556040000000000534e-01 -2.272999999999999847e-03 7.556070000000000286e-01 -6.550249999999999684e-01 5.119999999999999768e-04
1.900000000000000000e+01 2.900000000000000000e+01 4.400000000000000000e+01 0.000000000000000000e+00 1.600000000000000089e+00 1.502999999999999996e-03 8.859999999999999603e-04 -9.999989999999999712e-01 6.528549999999999631e-01 7.574809999999999599e-01 1.652000000000000040e-03 7.574809999999999599e-01 -6.528570000000000206e-01 5.599999999999999509e-04
2.200000000000000000e+01 2.900000000000000000e+01 4.400000000000000000e+01 0.000000000000000000e+00 1.600000000000000089e+00 -1.139999999999999954e-03 -1.266999999999999897e-03 -9.999989999999999712e-01 6.549500000000000322e-01 7.556699999999999529e-01 -1.704000000000000003e-03 7.556709999999999816e-01 -6.549509999999999499e-01 -3.199999999999999855e-05
2.600000000000000000e+01 2.900000000000000000e+01 4.400000000000000000e+01 0.000000000000000000e+00 1.600000000000000089e+00 -1.866999999999999953e-03 1.005000000000000034e-03 -9.999980000000000535e-01 6.578100000000000058e-01 7.531839999999999646e-01 -4.719999999999999803e-04 7.531820000000000181e-01 -6.578089999999999771e-01 -2.066999999999999827e-03
1.600000000000000000e+01 6.500000000000000000e+01 4.600000000000000000e+01 0.000000000000000000e+00 1.600000000000000089e+00 3.213000000000000144e-03 -1.724999999999999971e-03 9.999930000000000208e-01 6.810589999999999700e-01 -7.322199999999999820e-01 -3.451000000000000074e-03 7.322210000000000107e-01 6.810659999999999492e-01 -1.177000000000000095e-03
1.100000000000000000e+01 5.000000000000000000e+00 5.100000000000000000e+01 0.000000000000000000e+00 1.600000000000000089e+00 6.710000000000000469e-04 8.592999999999999944e-03 -9.999630000000000463e-01 4.668459999999999832e-01 -8.843090000000000117e-01 -7.285999999999999942e-03 -8.843379999999999574e-01 -4.668240000000000167e-01 -4.604999999999999719e-03
2.700000000000000000e+01 5.000000000000000000e+00 5.100000000000000000e+01 0.000000000000000000e+00 1.600000000000000089e+00 1.109199999999999943e-02 -1.115599999999999925e-02 -9.998759999999999870e-01 4.660670000000000091e-01 -8.846220000000000194e-01 1.503999999999999955e-02 -8.846800000000000219e-01 -4.661759999999999793e-01 -4.612999999999999913e-03
1.800000000000000000e+01 6.000000000000000000e+00 5.100000000000000000e+01 0.000000000000000000e+00 1.600000000000000089e+00 -2.982999999999999974e-03 1.000999999999999980e-02 -9.999449999999999728e-01 2.874439999999999773e-01 -9.577400000000000357e-01 -1.044499999999999942e-02 -9.577930000000000055e-01 -2.874599999999999933e-01 -2.099999999999999884e-05
2.000000000000000000e+00 1.150000000000000000e+02 5.100000000000000000e+01 0.000000000000000000e+00 1.600000000000000089e+00 5.320000000000000293e-04 1.569999999999999944e-04 1.000000000000000000e+00 8.489529999999999577e-01 -5.284680000000000488e-01 -3.680000000000000003e-04 5.284680000000000488e-01 8.489529999999999577e-01 -4.139999999999999800e-04
1.800000000000000000e+01 7.000000000000000000e+00 5.200000000000000000e+01 0.000000000000000000e+00 1.600000000000000089e+00 -1.221000000000000080e-03 8.706000000000000197e-03 -9.999609999999999888e-01 3.952800000000000064e-02 -9.991799999999999571e-01 -8.746999999999999567e-03 -9.992180000000000506e-01 -3.953700000000000270e-02 8.760000000000000425e-04
5.000000000000000000e+00 6.300000000000000000e+01 5.400000000000000000e+01 0.000000000000000000e+00 1.600000000000000089e+00 1.712999999999999896e-03 9.659999999999999533e-04 9.999980000000000535e-01 -3.478840000000000265e-01 9.375369999999999537e-01 -3.099999999999999999e-04 -9.375360000000000360e-01 -3.478829999999999978e-01 1.941999999999999933e-03
1.400000000000000000e+01 6.300000000000000000e+01 5.400000000000000000e+01 0.000000000000000000e+00 1.600000000000000089e+00 -8.880000000000000089e-04 -5.400000000000000069e-04 9.999989999999999712e-01 -3.469920000000000226e-01 9.378680000000000350e-01 1.979999999999999881e-04 -9.378680000000000350e-01 -3.469920000000000226e-01 -1.020999999999999989e-03
1.900000000000000000e+01 6.300000000000000000e+01 5.400000000000000000e+01 0.000000000000000000e+00 1.600000000000000089e+00 1.299999999999999886e-04 2.605000000000000111e-03 9.999970000000000248e-01 -3.486029999999999962e-01 9.372669999999999613e-01 -2.396000000000000126e-03 -9.372700000000000475e-01 -3.486020000000000230e-01 1.030000000000000100e-03
2.200000000000000000e+01 6.300000000000000000e+01 5.400000000000000000e+01 0.000000000000000000e+00 1.600000000000000089e+00 1.689999999999999879e-04 4.054000000000000312e-03 9.999919999999999920e-01 -3.527500000000000080e-01 9.357100000000000417e-01 -3.733999999999999906e-03 -9.357180000000000497e-01 -3.527460000000000040e-01 1.588999999999999918e-03
2.700000000000000000e+01 6.300000000000000000e+01 5.400000000000000000e+01 0.000000000000000000e+00 1.600000000000000089e+00 -2.527000000000000166e-03 -4.472000000000000280e-03 9.999869999999999592e-01 -3.538959999999999884e-01 9.352789999999999715e-01 3.288000000000000124e-03 -9.352810000000000290e-01 -3.538830000000000031e-01 -3.945999999999999855e-03
1.800000000000000000e+01 2.500000000000000000e+01 5.500000000000000000e+01 0.000000000000000000e+00 1.600000000000000089e+00 1.435999999999999993e-03 5.839999999999999705e-03 -9.999820000000000375e-01 -1.923199999999999910e-02 -9.997979999999999645e-01 -5.866999999999999819e-03 -9.998139999999999805e-01 1.924000000000000016e-02 -1.322999999999999957e-03
4.000000000000000000e+00 1.500000000000000000e+01 5.700000000000000000e+01 0.000000000000000000e+00 1.600000000000000089e+00 1.794000000000000022e-03 4.500999999999999793e-03 -9.999879999999999880e-01 4.464130000000000043e-01 8.948139999999999983e-01 4.827999999999999826e-03 8.948249999999999815e-01 -4.464159999999999795e-01 -4.040000000000000080e-04
1.000000000000000000e+00 2.100000000000000000e+01 6.000000000000000000e+01 0.000000000000000000e+00 1.600000000000000089e+00 -1.788000000000000093e-03 -4.521999999999999978e-03 9.999879999999999880e-01 -9.496899999999999786e-02 9.954709999999999948e-01 4.331999999999999913e-03 -9.954790000000000028e-01 -9.496000000000000274e-02 -2.209000000000000026e-03
4.000000000000000000e+00 2.100000000000000000e+01 6.000000000000000000e+01 0.000000000000000000e+00 1.600000000000000089e+00 -1.861000000000000024e-03 -5.278999999999999838e-03 9.999839999999999840e-01 -9.533400000000000207e-02 9.954319999999999835e-01 5.076999999999999916e-03 -9.954439999999999955e-01 -9.532300000000000495e-02 -2.354999999999999889e-03
8.000000000000000000e+00 2.100000000000000000e+01 6.000000000000000000e+01 0.000000000000000000e+00 1.600000000000000089e+00 -3.420000000000000188e-04 2.112999999999999861e-03 9.999980000000000535e-01 -9.551900000000000668e-02 9.954250000000000043e-01 -2.135999999999999878e-03 -9.954269999999999508e-01 -9.551999999999999380e-02 -1.379999999999999933e-04
1.000000000000000000e+01 2.100000000000000000e+01 6.000000000000000000e+01 0.000000000000000000e+00 1.600000000000000089e+00 7.919999999999999523e-04 5.046000000000000138e-03 9.999869999999999592e-01 -9.461799999999999378e-02 9.955009999999999692e-01 -4.948000000000000141e-03 -9.955129999999999812e-01 -9.461300000000000265e-02 1.265999999999999981e-03
2.200000000000000000e+01 2.100000000000000000e+01 6.000000000000000000e+01 0.000000000000000000e+00 1.600000000000000089e+00 -1.000000000000000048e-04 5.373000000000000172e-03 9.999860000000000415e-01 -9.533200000000000007e-02 9.954309999999999548e-01 -5.357999999999999916e-03 -9.954450000000000243e-01 -9.533099999999999907e-02 4.119999999999999856e-04
