1.400000000000000000e+01 1.900000000000000000e+01 5.000000000000000000e+00 0.000000000000000000e+00 1.600000000000000089e+00 5.139999999999999604e-03 4.525999999999999641e-03 -9.999770000000000048e-01 -6.941119999999999512e-01 -7.198339999999999739e-01 -6.825999999999999603e-03 -7.198480000000000434e-01 6.941310000000000535e-01 -5.590000000000000351e-04
2.700000000000000000e+01 1.000000000000000000e+01 7.000000000000000000e+00 0.000000000000000000e+00 1.600000000000000089e+00 3.647299999999999848e-02 -4.366000000000000089e-03 9.993250000000000188e-01 7.908209999999999962e-01 -6.112349999999999728e-01 -3.153399999999999953e-02 6.109599999999999476e-01 7.914369999999999461e-01 -1.884100000000000011e-02
1.000000000000000000e+00 1.010000000000000000e+02 7.000000000000000000e+00 0.000000000000000000e+00 1.600000000000000089e+00 -8.270000000000000441e-04 1.204200000000000062e-02 9.999270000000000103e-01 8.867169999999999774e-01 4.622879999999999767e-01 -4.833999999999999755e-03 -4.623129999999999740e-01 8.866479999999999917e-01 -1.106000000000000039e-02
2.100000000000000000e+01 1.010000000000000000e+02 7.000000000000000000e+00 0.000000000000000000e+00 1.600000000000000089e+00 9.560000000000000355e-04 -2.759999999999999867e-04 1.000000000000000000e+00 8.862269999999999870e-01 4.632510000000000239e-01 -7.200000000000000453e-04 -4.632499999999999951e-01 8.862269999999999870e-01 6.870000000000000022e-04
2.400000000000000000e+01 1.010000000000000000e+02 7.000000000000000000e+00 0.000000000000000000e+00 1.600000000000000089e+00 -1.800000000000000113e-04 -2.841999999999999908e-03 9.999959999999999960e-01 8.870329999999999604e-01 4.617040000000000033e-01 1.472000000000000001e-03 -4.617060000000000053e-01 8.870299999999999851e-01 2.438000000000000063e-03
1.000000000000000000e+00 2.500000000000000000e+01 8.000000000000000000e+00 0.000000000000000000e+00 1.600000000000000089e+00 4.800000000000000122e-04 -6.310000000000000504e-04 -1.000000000000000000e+00 4.380080000000000084e-01 8.989709999999999646e-01 -3.570000000000000040e-04 8.989709999999999646e-01 -4.380080000000000084e-01 7.079999999999999705e-04
7.000000000000000000e+00 2.500000000000000000e+01 8.000000000000000000e+00 0.000000000000000000e+00 1.600000000000000089e+00 1.763000000000000027e-03 3.347999999999999848e-03 -9.999930000000000208e-01 4.362670000000000159e-01 8.998099999999999987e-01 3.782000000000000205e-03 8.998159999999999492e-01 -4.362699999999999911e-01 1.259999999999999998e-04
1.100000000000000000e+01 2.500000000000000000e+01 8.000000000000000000e+00 0.000000000000000000e+00 1.600000000000000089e+00 2.213000000000000123e-03 1.373000000000000088e-03 -9.999970000000000248e-01 4.360350000000000059e-01 8.999270000000000325e-01 2.200000000000000133e-03 8.999270000000000325e-01 -4.360379999999999812e-01 1.392999999999999924e-03
1.700000000000000000e+01 2.500000000000000000e+01 8.000000000000000000e+00 0.000000000000000000e+00 1.600000000000000089e+00 -1.955000000000000140e-03 1.340000000000000045e-03 -9.999970000000000248e-01 4.321909999999999918e-01 9.017819999999999725e-01 3.629999999999999872e-04 9.017800000000000260e-01 -4.321889999999999898e-01 -2.341999999999999898e-03
2.100000000000000000e+01 2.500000000000000000e+01 8.000000000000000000e+00 0.000000000000000000e+00 1.600000000000000089e+00 -2.028999999999999988e-03 -1.858999999999999975e-03 -9.999959999999999960e-01 4.324299999999999811e-01 9.016640000000000210e-01 -2.553999999999999847e-03 9.016650000000000498e-01 -4.324339999999999851e-01 -1.025000000000000086e-03
2.700000000000000000e+01 2.500000000000000000e+01 8.000000000000000000e+00 0.000000000000000000e+00 1.600000000000000089e+00 9.840000000000000656e-04 1.118000000000000070e-03 -9.999989999999999712e-01 4.365430000000000144e-01 8.996819999999999817e-01 1.435999999999999993e-03 8.996830000000000105e-01 -4.365439999999999876e-01 3.970000000000000005e-04
7.000000000000000000e+00 2.400000000000000000e+01 9.000000000000000000e+00 0.000000000000000000e+00 1.600000000000000089e+00 1.494000000000000102e-03 4.223000000000000191e-03 -9.999900000000000455e-01 4.418770000000000198e-01 8.970650000000000013e-01 4.447999999999999697e-03 8.970749999999999558e-01 -4.418790000000000218e-01 -5.259999999999999919e-04
1.200000000000000000e+01 2.400000000000000000e+01 9.000000000000000000e+00 0.000000000000000000e+00 1.600000000000000089e+00 1.539999999999999919e-03 2.606999999999999942e-03 -9.999949999999999672e-01 4.419259999999999855e-01 8.970460000000000100e-01 3.018999999999999982e-03 8.970500000000000140e-01 -4.419290000000000163e-01 2.300000000000000070e-04
1.600000000000000000e+01 2.400000000000000000e+01 9.000000000000000000e+00 0.000000000000000000e+00 1.600000000000000089e+00 -3.519999999999999908e-04 2.334000000000000137e-03 -9.999970000000000248e-01 4.377869999999999817e-01 8.990770000000000151e-01 1.943999999999999981e-03 8.990789999999999615e-01 -4.377849999999999797e-01 -1.337999999999999997e-03
2.400000000000000000e+01 2.400000000000000000e+01 9.000000000000000000e+00 0.000000000000000000e+00 1.600000000000000089e+00 -5.869999999999999567e-04 -2.358999999999999986e-03 -9.999970000000000248e-01 4.409170000000000034e-01 8.975450000000000372e-01 -2.376000000000000074e-03 8.975480000000000125e-01 -4.409170000000000034e-01 5.130000000000000011e-04
2.700000000000000000e+01 2.400000000000000000e+01 9.000000000000000000e+00 0.000000000000000000e+00 1.600000000000000089e+00 1.159000000000000091e-03 9.300000000000000541e-04 -9.999989999999999712e-01 4.432269999999999821e-01 8.964090000000000114e-01 1.348000000000000023e-03 8.964090000000000114e-01 -4.432280000000000109e-01 6.269999999999999532e-04
3.000000000000000000e+01 2.400000000000000000e+01 9.000000000000000000e+00 0.000000000000000000e+00 1.600000000000000089e+00 5.130000000000000011e-04 6.497000000000000171e-03 -9.999789999999999512e-01 4.430580000000000074e-01 8.964729999999999643e-01 6.052000000000000088e-03 8.964929999999999843e-01 -4.430509999999999726e-01 -2.419000000000000143e-03
1.200000000000000000e+01 8.000000000000000000e+00 1.000000000000000000e+01 0.000000000000000000e+00 1.600000000000000089e+00 9.020999999999999852e-02 5.180499999999999688e-02 -9.945739999999999581e-01 -9.850039999999999907e-01 -1.428290000000000115e-01 -9.678200000000000691e-02 -1.470670000000000033e-01 9.883910000000000196e-01 3.814399999999999735e-02
3.000000000000000000e+00 3.000000000000000000e+00 1.100000000000000000e+01 0.000000000000000000e+00 1.600000000000000089e+00 -4.512999999999999651e-03 1.136179999999999968e-01 9.935140000000000082e-01 1.205579999999999985e-01 -9.862159999999999815e-01 1.133310000000000012e-01 9.926960000000000228e-01 1.202880000000000060e-01 -9.247000000000000011e-03
1.000000000000000000e+01 4.000000000000000000e+00 1.100000000000000000e+01 0.000000000000000000e+00 1.600000000000000089e+00 -1.191000000000000001e-03 1.156739999999999990e-01 9.932860000000000023e-01 1.541210000000000080e-01 -9.813979999999999926e-01 1.144749999999999934e-01 9.880510000000000126e-01 1.532219999999999971e-01 -1.665900000000000020e-02
2.900000000000000000e+01 4.000000000000000000e+00 1.100000000000000000e+01 0.000000000000000000e+00 1.600000000000000089e+00 -1.247000000000000062e-03 1.660999999999999933e-03 9.999980000000000535e-01 1.718649999999999900e-01 -9.851189999999999669e-01 1.850999999999999998e-03 9.851199999999999957e-01 1.718669999999999920e-01 9.430000000000000448e-04
2.800000000000000000e+01 3.200000000000000000e+01 1.400000000000000000e+01 0.000000000000000000e+00 1.600000000000000089e+00 2.339999999999999958e-04 -1.314999999999999980e-03 -9.999989999999999712e-01 1.207479999999999942e-01 9.926819999999999533e-01 -1.276999999999999923e-03 9.926829999999999821e-01 -1.207479999999999942e-01 3.910000000000000172e-04
1.800000000000000000e+01 1.200000000000000000e+01 1.600000000000000000e+01 0.000000000000000000e+00 1.600000000000000089e+00 1.422000000000000087e-03 -1.930000000000000021e-04 9.999989999999999712e-01 2.640799999999999814e-01 -9.645000000000000240e-01 -5.619999999999999996e-04 9.645000000000000240e-01 2.640810000000000102e-01 -1.319999999999999993e-03
7.000000000000000000e+00 1.160000000000000000e+02 1.600000000000000000e+01 0.000000000000000000e+00 1.600000000000000089e+00 -1.337999999999999997e-03 -9.349999999999999587e-04 9.999989999999999712e-01 7.411020000000000385e-01 6.713909999999999600e-01 1.618999999999999996e-03 -6.713909999999999600e-01 7.411029999999999562e-01 -2.059999999999999928e-04
1.200000000000000000e+01 1.160000000000000000e+02 1.600000000000000000e+01 0.000000000000000000e+00 1.600000000000000089e+00 -2.507999999999999813e-03 -7.280000000000000230e-04 9.999970000000000248e-01 7.501560000000000450e-01 6.612569999999999837e-01 2.363000000000000083e-03 -6.612569999999999837e-01 7.501590000000000202e-01 -1.113000000000000057e-03
1.500000000000000000e+01 1.160000000000000000e+02 1.600000000000000000e+01 0.000000000000000000e+00 1.600000000000000089e+00 -3.954000000000000049e-03 -2.294000000000000032e-03 9.999900000000000455e-01 7.517160000000000508e-01 6.594719999999999471e-01 4.485000000000000271e-03 -6.594750000000000334e-01 7.517260000000000053e-01 -8.829999999999999958e-04
1.800000000000000000e+01 2.000000000000000000e+00 1.900000000000000000e+01 0.000000000000000000e+00 1.600000000000000089e+00 4.500000000000000283e-05 -1.958199999999999871e-02 -9.998080000000000300e-01 3.573830000000000062e-01 -9.337790000000000257e-01 1.830499999999999836e-02 -9.339579999999999549e-01 -3.573149999999999937e-01 6.956000000000000377e-03
2.800000000000000000e+01 2.000000000000000000e+00 1.900000000000000000e+01 0.000000000000000000e+00 1.600000000000000089e+00 5.892999999999999801e-03 -1.717300000000000076e-02 -9.998350000000000293e-01 3.580550000000000122e-01 -9.335240000000000204e-01 1.814400000000000041e-02 -9.336820000000000119e-01 -3.581030000000000046e-01 6.480000000000000300e-04
4.000000000000000000e+00 3.000000000000000000e+00 1.900000000000000000e+01 0.000000000000000000e+00 1.600000000000000089e+00 2.860000000000000129e-04 5.010799999999999976e-02 -9.987439999999999651e-01 3.486659999999999759e-01 -9.360749999999999904e-01 -4.686400000000000288e-02 -9.372470000000000523e-01 -3.482140000000000235e-01 -1.773900000000000129e-02
8.000000000000000000e+00 3.000000000000000000e+00 1.900000000000000000e+01 0.000000000000000000e+00 1.600000000000000089e+00 -4.079000000000000160e-03 4.697500000000000286e-02 -9.988879999999999981e-01 3.541090000000000071e-01 -9.341030000000000166e-01 -4.537399999999999767e-02 -9.351949999999999985e-01 -3.539010000000000211e-01 -1.282400000000000033e-02
1.200000000000000000e+01 3.000000000000000000e+00 1.900000000000000000e+01 0.000000000000000000e+00 1.600000000000000089e+00 -5.165000000000000320e-03 2.725800000000000098e-02 -9.996150000000000313e-01 3.512910000000000199e-01 -9.358670000000000044e-01 -2.733500000000000166e-02 -9.362519999999999731e-01 -3.512970000000000259e-01 -4.741999999999999688e-03
1.900000000000000000e+01 3.000000000000000000e+00 1.900000000000000000e+01 0.000000000000000000e+00 1.600000000000000089e+00 -6.089999999999999494e-04 -2.151399999999999840e-02 -9.997679999999999900e-01 3.392209999999999948e-01 -9.404930000000000234e-01 2.003200000000000119e-02 -9.407060000000000421e-01 -3.391310000000000158e-01 7.870999999999999525e-03
9.000000000000000000e+00 1.300000000000000000e+01 2.000000000000000000e+01 0.000000000000000000e+00 1.600000000000000089e+00 1.110000000000000011e-04 -3.485999999999999949e-03 9.999940000000000495e-01 2.606740000000000168e-01 9.654209999999999736e-01 3.337000000000000122e-03 -9.654270000000000351e-01 2.606720000000000148e-01 1.015999999999999976e-03
1.600000000000000000e+01 1.300000000000000000e+01 2.000000000000000000e+01 0.000000000000000000e+00 1.600000000000000089e+00 5.240000000000000517e-04 1.582000000000000073e-03 9.999989999999999712e-01 2.633460000000000245e-01 9.647000000000000020e-01 -1.663999999999999898e-03 -9.647010000000000307e-01 2.633460000000000245e-01 8.899999999999999491e-05
2.000000000000000000e+01 1.300000000000000000e+01 2.000000000000000000e+01 0.000000000000000000e+00 1.600000000000000089e+00 7.560000000000000530e-04 4.840999999999999817e-03 9.999879999999999880e-01 2.635689999999999977e-01 9.646280000000000410e-01 -4.869000000000000064e-03 -9.646400000000000530e-01 2.635689999999999977e-01 -5.469999999999999602e-04
2.400000000000000000e+01 1.300000000000000000e+01 2.000000000000000000e+01 0.000000000000000000e+00 1.600000000000000089e+00 5.779999999999999548e-04 1.111000000000000008e-03 9.999989999999999712e-01 2.613659999999999872e-01 9.652389999999999581e-01 -1.222999999999999912e-03 -9.652399999999999869e-01 2.613670000000000160e-01 2.669999999999999847e-04
1.600000000000000000e+01 1.600000000000000000e+01 2.100000000000000000e+01 0.000000000000000000e+00 1.600000000000000089e+00 5.320000000000000293e-04 2.079000000000000119e-03 9.999980000000000535e-01 3.002130000000000076e-01 9.538699999999999957e-01 -2.142999999999999940e-03 -9.538720000000000532e-01 3.002130000000000076e-01 -1.160000000000000007e-04
2.300000000000000000e+01 1.600000000000000000e+01 2.100000000000000000e+01 0.000000000000000000e+00 1.600000000000000089e+00 3.600000000000000227e-04 2.671999999999999896e-03 9.999959999999999960e-01 2.991219999999999990e-01 9.542110000000000314e-01 -2.657000000000000074e-03 -9.542150000000000354e-01 2.991219999999999990e-01 -4.560000000000000251e-04
2.200000000000000000e+01 2.000000000000000000e+00 2.500000000000000000e+01 0.000000000000000000e+00 1.600000000000000089e+00 1.016300000000000016e-02 -3.531700000000000117e-02 9.993239999999999901e-01 8.536199999999999344e-02 -9.956970000000000542e-01 -3.605699999999999877e-02 9.962980000000000169e-01 8.567099999999999715e-02 -7.105000000000000204e-03
1.300000000000000000e+01 3.000000000000000000e+00 2.500000000000000000e+01 0.000000000000000000e+00 1.600000000000000089e+00 -4.640000000000000027e-04 8.942000000000000295e-03 9.999599999999999600e-01 3.563899999999999707e-02 -9.993250000000000188e-01 8.952999999999999153e-03 9.993649999999999478e-01 3.564200000000000007e-02 1.450000000000000009e-04
2.100000000000000000e+01 3.000000000000000000e+00 2.500000000000000000e+01 0.000000000000000000e+00 1.600000000000000089e+00 5.898999999999999730e-03 -3.119600000000000151e-02 9.994960000000000511e-01 4.073000000000000231e-03 -9.995039999999999480e-01 -3.122000000000000122e-02 9.999740000000000295e-01 4.255000000000000102e-03 -5.768999999999999823e-03
2.900000000000000000e+01 3.000000000000000000e+00 2.500000000000000000e+01 0.000000000000000000e+00 1.600000000000000089e+00 1.464999999999999939e-03 -3.115999999999999846e-03 9.999940000000000495e-01 -3.539199999999999985e-02 -9.993689999999999518e-01 -3.062000000000000052e-03 9.993720000000000381e-01 -3.538800000000000279e-02 -1.574000000000000095e-03
2.000000000000000000e+00 4.600000000000000000e+01 3.500000000000000000e+01 0.000000000000000000e+00 1.600000000000000089e+00 -6.070000000000000092e-04 -6.016999999999999779e-03 -9.999820000000000375e-01 3.933300000000000129e-01 -9.193820000000000325e-01 5.292999999999999962e-03 -9.193970000000000198e-01 -3.933189999999999742e-01 2.925000000000000083e-03
7.000000000000000000e+00 4.600000000000000000e+01 3.500000000000000000e+01 0.000000000000000000e+00 1.600000000000000089e+00 1.999999999999999909e-06 1.178999999999999927e-03 -9.999989999999999712e-01 3.937080000000000024e-01 -9.192350000000000243e-01 -1.082999999999999978e-03 -9.192360000000000531e-01 -3.937080000000000024e-01 -4.659999999999999971e-04
1.600000000000000000e+01 4.600000000000000000e+01 3.500000000000000000e+01 0.000000000000000000e+00 1.600000000000000089e+00 -8.630000000000000518e-04 -2.776999999999999955e-03 -9.999959999999999960e-01 3.922399999999999776e-01 -9.198600000000000110e-01 2.216000000000000088e-03 -9.198629999999999862e-01 -3.922359999999999736e-01 1.882999999999999908e-03
2.400000000000000000e+01 4.600000000000000000e+01 3.500000000000000000e+01 0.000000000000000000e+00 1.600000000000000089e+00 -3.499999999999999693e-05 1.230000000000000082e-04 -1.000000000000000000e+00 3.917370000000000019e-01 -9.200770000000000337e-01 -1.259999999999999998e-04 -9.200770000000000337e-01 -3.917370000000000019e-01 -1.599999999999999928e-05
9.000000000000000000e+00 9.500000000000000000e+01 3.600000000000000000e+01 0.000000000000000000e+00 1.600000000000000089e+00 -6.320000000000000097e-03 -1.044299999999999916e-02 9.999249999999999527e-01 9.957570000000000032e-01 9.173399999999999610e-02 7.251999999999999766e-03 -9.180299999999999572e-02 9.957289999999999752e-01 9.818999999999999603e-03
2.600000000000000000e+01 9.500000000000000000e+01 3.600000000000000000e+01 0.000000000000000000e+00 1.600000000000000089e+00 2.348999999999999960e-03 6.964999999999999837e-03 9.999730000000000008e-01 9.967049999999999521e-01 8.105500000000000205e-02 -2.905000000000000030e-03 -8.107300000000000617e-02 9.966850000000000431e-01 -6.752000000000000189e-03
1.900000000000000000e+01 9.500000000000000000e+01 3.700000000000000000e+01 0.000000000000000000e+00 1.600000000000000089e+00 -1.626999999999999974e-03 -1.145900000000000044e-02 9.999329999999999607e-01 9.948280000000000456e-01 1.015390000000000043e-01 2.782000000000000185e-03 -1.015640000000000015e-01 9.947660000000000391e-01 1.123399999999999919e-02
1.300000000000000000e+01 6.000000000000000000e+01 3.900000000000000000e+01 0.000000000000000000e+00 1.600000000000000089e+00 -1.340999999999999961e-03 -1.140399999999999921e-02 -9.999339999999999895e-01 2.963149999999999951e-01 -9.550330000000000208e-01 1.049399999999999986e-02 -9.550889999999999658e-01 -2.962810000000000166e-01 4.658999999999999947e-03
7.000000000000000000e+00 2.900000000000000000e+01 4.400000000000000000e+01 0.000000000000000000e+00 1.600000000000000089e+00 -1.724999999999999971e-03 -1.871999999999999966e-03 -9.999970000000000248e-01 6.575509999999999966e-01 7.534060000000000201e-01 -2.544999999999999953e-03 7.534079999999999666e-01 -6.575530000000000541e-01 -6.899999999999999667e-05
1.500000000000000000e+01 2.900000000000000000e+01 4.400000000000000000e+01 0.000000000000000000e+00 1.600000000000000089e+00 -1.590999999999999966e-03 -3.154000000000000119e-03 -9.999940000000000495e-01 6.610430000000000472e-01 7.503400000000000070e-01 -3.419000000000000164e-03 7.503459999999999575e-01 -6.610449999999999937e-01 8.909999999999999734e-04
2.400000000000000000e+01 2.900000000000000000e+01 4.400000000000000000e+01 0.000000000000000000e+00 1.600000000000000089e+00 2.449999999999999921e-04 -2.200000000000000078e-04 -1.000000000000000000e+00 6.613550000000000262e-01 7.500729999999999897e-01 -3.000000000000000076e-06 7.500729999999999897e-01 -6.613550000000000262e-01 3.289999999999999739e-04
1.000000000000000000e+01 4.000000000000000000e+00 5.000000000000000000e+01 0.000000000000000000e+00 1.600000000000000089e+00 1.178999999999999927e-03 -3.275999999999999832e-03 -9.999940000000000495e-01 5.323999999999999844e-01 -8.464859999999999607e-01 3.400999999999999943e-03 -8.464920000000000222e-01 -5.324010000000000131e-01 7.460000000000000268e-04
2.900000000000000000e+01 5.000000000000000000e+00 5.100000000000000000e+01 0.000000000000000000e+00 1.600000000000000089e+00 2.533000000000000095e-03 7.870000000000000259e-03 -9.999660000000000215e-01 4.892469999999999875e-01 -8.721269999999999856e-01 -5.624999999999999792e-03 -8.721419999999999728e-01 -4.892159999999999842e-01 -6.059000000000000150e-03
1.400000000000000000e+01 1.150000000000000000e+02 5.100000000000000000e+01 0.000000000000000000e+00 1.600000000000000089e+00 -2.425000000000000072e-03 -4.471000000000000148e-03 9.999869999999999592e-01 8.471279999999999921e-01 -5.313890000000000002e-01 -3.220000000000000206e-04 5.313839999999999675e-01 8.471159999999999801e-01 5.075999999999999783e-03
1.800000000000000000e+01 1.150000000000000000e+02 5.100000000000000000e+01 0.000000000000000000e+00 1.600000000000000089e+00 5.500000000000000196e-05 4.339999999999999782e-04 1.000000000000000000e+00 8.466879999999999962e-01 -5.320899999999999519e-01 1.840000000000000001e-04 5.320899999999999519e-01 8.466879999999999962e-01 -3.959999999999999762e-04
2.000000000000000000e+00 6.300000000000000000e+01 5.400000000000000000e+01 0.000000000000000000e+00 1.600000000000000089e+00 1.245999999999999929e-03 -4.426000000000000247e-03 9.999890000000000168e-01 -3.513430000000000164e-01 9.362359999999999571e-01 4.582000000000000135e-03 -9.362460000000000226e-01 -3.513450000000000184e-01 -3.890000000000000228e-04
7.000000000000000000e+00 6.300000000000000000e+01 5.400000000000000000e+01 0.000000000000000000e+00 1.600000000000000089e+00 -1.386999999999999995e-03 -4.250999999999999571e-03 9.999900000000000455e-01 -3.516150000000000109e-01 9.361380000000000257e-01 3.491999999999999878e-03 -9.361439999999999761e-01 -3.516070000000000029e-01 -2.792999999999999910e-03
2.000000000000000000e+01 6.300000000000000000e+01 5.400000000000000000e+01 0.000000000000000000e+00 1.600000000000000089e+00 1.427000000000000100e-03 -2.007000000000000103e-03 9.999970000000000248e-01 -3.462819999999999787e-01 9.381270000000000442e-01 2.377000000000000206e-03 -9.381289999999999907e-01 -3.462850000000000095e-01 6.440000000000000412e-04
2.400000000000000000e+01 6.300000000000000000e+01 5.400000000000000000e+01 0.000000000000000000e+00 1.600000000000000089e+00 -7.659999999999999708e-04 8.009999999999999542e-04 9.999989999999999712e-01 -3.426589999999999914e-01 9.394590000000000440e-01 -1.015000000000000060e-03 -9.394599999999999618e-01 -3.426589999999999914e-01 -4.449999999999999746e-04
2.800000000000000000e+01 2.500000000000000000e+01 5.500000000000000000e+01 0.000000000000000000e+00 1.600000000000000089e+00 1.415999999999999941e-03 -4.040000000000000080e-04 -9.999989999999999712e-01 -1.127000000000000050e-02 -9.999360000000000470e-01 3.879999999999999985e-04 -9.999360000000000470e-01 1.126899999999999950e-02 -1.420999999999999954e-03
3.000000000000000000e+00 2.600000000000000000e+01 5.500000000000000000e+01 0.000000000000000000e+00 1.600000000000000089e+00 9.479999999999999495e-04 3.802999999999999957e-03 -9.999919999999999920e-01 -3.297200000000000131e-02 -9.994490000000000318e-01 -3.831999999999999903e-03 -9.994560000000000111e-01 3.297499999999999737e-02 -8.220000000000000310e-04
1.000000000000000000e+00 2.100000000000000000e+01 6.000000000000000000e+01 0.000000000000000000e+00 1.600000000000000089e+00 -5.980000000000000072e-04 7.060000000000000303e-04 1.000000000000000000e+00 -9.621999999999999997e-02 9.953600000000000225e-01 -7.609999999999999577e-04 -9.953600000000000225e-01 -9.621999999999999997e-02 -5.270000000000000162e-04
5.000000000000000000e+00 2.100000000000000000e+01 6.000000000000000000e+01 0.000000000000000000e+00 1.600000000000000089e+00 -1.879999999999999944e-03 6.748999999999999791e-03 9.999759999999999760e-01 -9.543400000000000494e-02 9.954119999999999635e-01 -6.897000000000000353e-03 -9.954340000000000410e-01 -9.544400000000000106e-02 -1.227000000000000009e-03
1.000000000000000000e+01 2.100000000000000000e+01 6.000000000000000000e+01 0.000000000000000000e+00 1.600000000000000089e+00 -7.540000000000000044e-04 1.760999999999999979e-03 9.999980000000000535e-01 -9.568899999999999628e-02 9.954100000000000170e-01 -1.825000000000000016e-03 -9.954110000000000458e-01 -9.568999999999999728e-02 -5.820000000000000520e-04
1.700000000000000000e+01 2.100000000000000000e+01 6.000000000000000000e+01 0.000000000000000000e+00 1.600000000000000089e+00 8.589999999999999546e-04 -1.654000000000000088e-03 9.999980000000000535e-01 -9.298099999999999421e-02 9.956660000000000510e-01 1.727000000000000019e-03 -9.956679999999999975e-01 -9.298199999999999521e-02 7.020000000000000415e-04
2.400000000000000000e+01 2.100000000000000000e+01 6.000000000000000000e+01 0.000000000000000000e+00 1.600000000000000089e+00 -5.249999999999999676e-04 7.284999999999999809e-03 9.999730000000000008e-01 -9.699499999999999789e-02 9.952579999999999760e-01 -7.301000000000000198e-03 -9.952849999999999753e-01 -9.699599999999999889e-02 1.840000000000000001e-04
2.800000000000000000e+01 2.100000000000000000e+01 6.000000000000000000e+01 0.000000000000000000e+00 1.600000000000000089e+00 1.838000000000000007e-03 5.211999999999999619e-03 9.999850000000000128e-01 -9.605099999999999749e-02 9.953640000000000265e-01 -5.010999999999999829e-03 -9.953750000000000098e-01 -9.604000000000000037e-02 2.330000000000000040e-03
4.000000000000000000e+00 3.000000000000000000e+00 6.300000000000000000e+01 0.000000000000000000e+00 1.600000000000000089e+00 -1.724000000000000055e-03 -3.203999999999999817e-03 9.999930000000000208e-01 -6.120980000000000310e-01 7.907800000000000384e-01 1.479000000000000063e-03 -7.907800000000000384e-01 -6.120919999999999694e-01 -3.324000000000000132e-03
2.500000000000000000e+01 3.000000000000000000e+00 6.300000000000000000e+01 0.000000000000000000e+00 1.600000000000000089e+00 1.177000000000000095e-03 -5.497000000000000150e-03 9.999839999999999840e-01 -6.116869999999999807e-01 7.910829999999999806e-01 5.067999999999999589e-03 -7.910989999999999966e-01 -6.116840000000000055e-01 -2.432000000000000134e-03
1.000000000000000000e+00 2.700000000000000000e+01 6.300000000000000000e+01 0.000000000000000000e+00 1.600000000000000089e+00 1.252999999999999991e-03 3.348999999999999980e-03 9.999940000000000495e-01 -2.762430000000000163e-01 9.610830000000000206e-01 -2.873000000000000120e-03 -9.610870000000000246e-01 -2.762379999999999836e-01 2.129999999999999949e-03
6.000000000000000000e+00 2.700000000000000000e+01 6.300000000000000000e+01 0.000000000000000000e+00 1.600000000000000089e+00 -1.675000000000000057e-03 1.869999999999999917e-03 9.999970000000000248e-01 -2.777229999999999976e-01 9.606580000000000119e-01 -2.262000000000000122e-03 -9.606599999999999584e-01 -2.777259999999999729e-01 -1.088999999999999907e-03
9.000000000000000000e+00 2.700000000000000000e+01 6.300000000000000000e+01 0.000000000000000000e+00 1.600000000000000089e+00 -2.880000000000000073e-04 4.329000000000000382e-03 9.999909999999999632e-01 -2.780309999999999726e-01 9.605629999999999447e-01 -4.237999999999999580e-03 -9.605719999999999814e-01 -2.780299999999999994e-01 9.269999999999999811e-04
1.200000000000000000e+01 2.700000000000000000e+01 6.300000000000000000e+01 0.000000000000000000e+00 1.600000000000000089e+00 2.625999999999999862e-03 6.368000000000000396e-03 9.999759999999999760e-01 -2.765420000000000100e-01 9.609870000000000356e-01 -5.393000000000000224e-03 -9.609980000000000189e-01 -2.765219999999999900e-01 4.284999999999999747e-03
1.700000000000000000e+01 2.700000000000000000e+01 6.300000000000000000e+01 0.000000000000000000e+00 1.600000000000000089e+00 -9.120000000000000502e-04 8.319999999999999271e-03 9.999649999999999928e-01 -2.705469999999999819e-01 9.626710000000000544e-01 -8.255999999999999450e-03 -9.627059999999999507e-01 -2.705449999999999799e-01 1.373000000000000088e-03
2.400000000000000000e+01 2.700000000000000000e+01 6.300000000000000000e+01 0.000000000000000000e+00 1.600000000000000089e+00 6.939999999999999555e-04 -9.254000000000000073e-03 9.999569999999999848e-01 -2.748050000000000215e-01 9.614570000000000061e-01 9.088000000000000592e-03 -9.615000000000000213e-01 -2.747990000000000155e-01 -1.876000000000000063e-03
2.800000000000000000e+01 2.700000000000000000e+01 6.300000000000000000e+01 0.000000000000000000e+00 1.600000000000000089e+00 4.795999999999999916e-03 -4.307000000000000065e-03 9.999789999999999512e-01 -2.729460000000000219e-01 9.620140000000000358e-01 5.452000000000000249e-03 -9.620170000000000110e-01 -2.729670000000000152e-01 3.438000000000000084e-03
1.000000000000000000e+00 2.600000000000000000e+01 6.400000000000000000e+01 0.000000000000000000e+00 1.600000000000000089e+00 2.027000000000000156e-03 4.520999999999999845e-03 9.999879999999999880e-01 -3.697840000000000016e-01 9.291110000000000202e-01 -3.451000000000000074e-03 -9.291160000000000529e-01 -3.697730000000000183e-01 3.555000000000000000e-03
6.000000000000000000e+00 2.600000000000000000e+01 6.400000000000000000e+01 0.000000000000000000e+00 1.600000000000000089e+00 -2.113999999999999994e-03 2.588000000000000023e-03 9.999940000000000495e-01 -3.710060000000000024e-01 9.286250000000000338e-01 -3.187000000000000163e-03 -9.286280000000000090e-01 -3.710109999999999797e-01 -1.002999999999999985e-03
1.000000000000000000e+01 2.600000000000000000e+01 6.400000000000000000e+01 0.000000000000000000e+00 1.600000000000000089e+00 2.200000000000000078e-04 3.983000000000000429e-03 9.999919999999999920e-01 -3.717520000000000269e-01 9.283249999999999558e-01 -3.615999999999999857e-03 -9.283320000000000460e-01 -3.717489999999999961e-01 1.685000000000000083e-03
1.200000000000000000e+01 2.600000000000000000e+01 6.400000000000000000e+01 0.000000000000000000e+00 1.600000000000000089e+00 2.161000000000000160e-03 4.366000000000000089e-03 9.999879999999999880e-01 -3.702949999999999853e-01 9.289079999999999560e-01 -3.255000000000000081e-03 -9.289119999999999600e-01 -3.702840000000000020e-01 3.624000000000000051e-03
1.800000000000000000e+01 2.600000000000000000e+01 6.400000000000000000e+01 0.000000000000000000e+00 1.600000000000000089e+00 -3.301000000000000115e-03 6.086000000000000264e-03 9.999759999999999760e-01 -3.650200000000000111e-01 9.309739999999999682e-01 -6.871000000000000371e-03 -9.309939999999999882e-01 -3.650340000000000251e-01 -8.509999999999999769e-04
2.500000000000000000e+01 2.600000000000000000e+01 6.400000000000000000e+01 0.000000000000000000e+00 1.600000000000000089e+00 3.043999999999999831e-03 -6.805000000000000285e-03 9.999719999999999720e-01 -3.707739999999999925e-01 9.286929999999999907e-01 7.448999999999999892e-03 -9.287180000000000435e-01 -3.707860000000000045e-01 3.029999999999999924e-04
2.900000000000000000e+01 2.600000000000000000e+01 6.400000000000000000e+01 0.000000000000000000e+00 1.600000000000000089e+00 5.067999999999999589e-03 -2.063000000000000164e-03 9.999850000000000128e-01 -3.645140000000000047e-01 9.311899999999999622e-01 3.769000000000000215e-03 -9.311840000000000117e-01 -3.645280000000000187e-01 3.967000000000000040e-03
1.200000000000000000e+01 6.900000000000000000e+01 6.600000000000000000e+01 0.000000000000000000e+00 1.600000000000000089e+00 1.550000000000000000e-04 -4.198000000000000342e-03 9.999909999999999632e-01 -9.493099999999999872e-01 3.143380000000000063e-01 1.466999999999999988e-03 -3.143420000000000103e-01 -9.493019999999999792e-01 -3.937000000000000395e-03
2.500000000000000000e+01 6.900000000000000000e+01 6.600000000000000000e+01 0.000000000000000000e+00 1.600000000000000089e+00 -4.472000000000000280e-03 -3.177999999999999835e-03 9.999850000000000128e-01 -9.462559999999999860e-01 3.234020000000000228e-01 -3.203999999999999817e-03 -3.233869999999999800e-01 -9.462559999999999860e-01 -4.453999999999999626e-03
6.000000000000000000e+00 2.500000000000000000e+01 7.300000000000000000e+01 0.000000000000000000e+00 1.600000000000000089e+00 -3.020000000000000223e-04 1.618000000000000081e-03 9.999989999999999712e-01 7.543729999999999603e-01 -6.564440000000000275e-01 1.289999999999999914e-03 6.564449999999999452e-01 7.543729999999999603e-01 -1.021999999999999905e-03
1.000000000000000000e+01 2.500000000000000000e+01 7.300000000000000000e+01 0.000000000000000000e+00 1.600000000000000089e+00 -9.340000000000000429e-04 -4.539999999999999765e-04 9.999989999999999712e-01 7.565300000000000358e-01 -6.539589999999999570e-01 4.099999999999999912e-04 6.539589999999999570e-01 7.565300000000000358e-01 9.539999999999999869e-04
1.300000000000000000e+01 2.500000000000000000e+01 7.300000000000000000e+01 0.000000000000000000e+00 1.600000000000000089e+00 -1.572999999999999962e-03 -3.896000000000000157e-03 9.999909999999999632e-01 7.555020000000000069e-01 -6.551449999999999774e-01 -1.363999999999999978e-03 6.551439999999999486e-01 7.554929999999999701e-01 3.974000000000000102e-03
1.800000000000000000e+01 2.500000000000000000e+01 7.300000000000000000e+01 0.000000000000000000e+00 1.600000000000000089e+00 3.809999999999999910e-04 -5.739999999999999660e-04 1.000000000000000000e+00 7.538639999999999786e-01 -6.570310000000000317e-01 -6.639999999999999852e-04 6.570310000000000317e-01 7.538639999999999786e-01 1.820000000000000057e-04
2.600000000000000000e+01 2.500000000000000000e+01 7.300000000000000000e+01 0.000000000000000000e+00 1.600000000000000089e+00 2.278000000000000077e-03 -7.510000000000000399e-04 9.999970000000000248e-01 7.605650000000000466e-01 -6.492580000000000018e-01 -2.220000000000000185e-03 6.492580000000000018e-01 7.605680000000000218e-01 -9.079999999999999530e-04
2.000000000000000000e+00 4.400000000000000000e+01 7.300000000000000000e+01 0.000000000000000000e+00 1.600000000000000089e+00 -4.769999999999999934e-04 -2.709000000000000036e-03 9.999959999999999960e-01 5.452100000000000002e-02 -9.985089999999999799e-01 -2.678999999999999958e-03 9.985129999999999839e-01 5.451899999999999802e-02 6.239999999999999887e-04
6.000000000000000000e+00 4.400000000000000000e+01 7.300000000000000000e+01 0.000000000000000000e+00 1.600000000000000089e+00 -2.380000000000000117e-04 -9.709999999999999664e-04 1.000000000000000000e+00 5.531599999999999712e-02 -9.984680000000000222e-01 -9.569999999999999514e-04 9.984690000000000509e-01 5.531599999999999712e-02 2.910000000000000260e-04
1.200000000000000000e+01 4.400000000000000000e+01 7.300000000000000000e+01 0.000000000000000000e+00 1.600000000000000089e+00 -6.700000000000000226e-05 -5.000000000000000104e-04 1.000000000000000000e+00 5.351399999999999907e-02 -9.985669999999999824e-01 -4.960000000000000216e-04 9.985669999999999824e-01 5.351399999999999907e-02 9.299999999999999727e-05
1.500000000000000000e+01 4.400000000000000000e+01 7.300000000000000000e+01 0.000000000000000000e+00 1.600000000000000089e+00 5.749999999999999903e-04 -1.598999999999999944e-03 9.999989999999999712e-01 5.311799999999999855e-02 -9.985870000000000024e-01 -1.626999999999999974e-03 9.985880000000000312e-01 5.311899999999999955e-02 -4.889999999999999599e-04
2.000000000000000000e+01 4.400000000000000000e+01 7.300000000000000000e+01 0.000000000000000000e+00 1.600000000000000089e+00 6.999999999999999895e-06 1.360000000000000098e-03 9.999989999999999712e-01 5.492899999999999866e-02 -9.984889999999999599e-01 1.358000000000000049e-03 9.984899999999999887e-01 5.492899999999999866e-02 -8.200000000000000095e-05
2.700000000000000000e+01 4.400000000000000000e+01 7.300000000000000000e+01 0.000000000000000000e+00 1.600000000000000089e+00 -4.260000000000000006e-04 -1.441999999999999922e-03 9.999989999999999712e-01 5.575299999999999701e-02 -9.984439999999999982e-01 -1.415999999999999941e-03 9.984439999999999982e-01 5.575200000000000294e-02 5.050000000000000235e-04
2.200000000000000000e+01 2.500000000000000000e+01 7.400000000000000000e+01 0.000000000000000000e+00 1.600000000000000089e+00 6.870000000000000022e-04 1.968000000000000131e-03 9.999980000000000535e-01 8.307350000000000012e-01 -5.566680000000000517e-01 5.249999999999999676e-04 5.566680000000000517e-01 8.307330000000000547e-01 -2.017999999999999829e-03
2.700000000000000000e+01 9.900000000000000000e+01 7.500000000000000000e+01 0.000000000000000000e+00 1.600000000000000089e+00 -3.065000000000000016e-03 -6.233999999999999958e-03 -9.999759999999999760e-01 -8.838519999999999710e-01 4.677669999999999884e-01 -2.079999999999999872e-04 4.677569999999999784e-01 8.838300000000000045e-01 -6.943999999999999652e-03
4.000000000000000000e+00 9.100000000000000000e+01 7.600000000000000000e+01 0.000000000000000000e+00 1.600000000000000089e+00 -2.599999999999999881e-03 -2.039000000000000014e-03 9.999949999999999672e-01 3.004999999999999893e-01 -9.537809999999999899e-01 -1.164000000000000104e-03 9.537780000000000147e-01 3.004950000000000121e-01 3.092000000000000130e-03
8.000000000000000000e+00 9.100000000000000000e+01 7.600000000000000000e+01 0.000000000000000000e+00 1.600000000000000089e+00 -4.130000000000000099e-04 2.869999999999999830e-04 1.000000000000000000e+00 2.920860000000000123e-01 -9.563920000000000199e-01 3.950000000000000061e-04 9.563920000000000199e-01 2.920860000000000123e-01 3.110000000000000243e-04
1.200000000000000000e+01 9.100000000000000000e+01 7.600000000000000000e+01 0.000000000000000000e+00 1.600000000000000089e+00 -8.750000000000000182e-04 2.700000000000000035e-04 1.000000000000000000e+00 2.983600000000000141e-01 -9.544529999999999959e-01 5.190000000000000386e-04 9.544529999999999959e-01 2.983600000000000141e-01 7.550000000000000287e-04
2.000000000000000000e+01 9.100000000000000000e+01 7.600000000000000000e+01 0.000000000000000000e+00 1.600000000000000089e+00 -4.640000000000000027e-04 -1.056999999999999997e-03 9.999989999999999712e-01 3.026130000000000209e-01 -9.531129999999999880e-01 -8.670000000000000406e-04 9.531140000000000168e-01 3.026119999999999921e-01 7.619999999999999820e-04
2.600000000000000000e+01 9.100000000000000000e+01 7.600000000000000000e+01 0.000000000000000000e+00 1.600000000000000089e+00 -2.197999999999999867e-03 -2.236000000000000140e-03 9.999949999999999672e-01 2.948319999999999830e-01 -9.555479999999999530e-01 -1.489000000000000089e-03 9.555470000000000352e-01 2.948270000000000057e-01 2.759999999999999867e-03
6.000000000000000000e+00 6.300000000000000000e+01 8.100000000000000000e+01 0.000000000000000000e+00 1.600000000000000089e+00 4.899999999999999842e-05 7.236000000000000244e-03 9.999740000000000295e-01 3.213300000000000184e-02 -9.994570000000000398e-01 7.230000000000000315e-03 9.994840000000000391e-01 3.213200000000000084e-02 -2.820000000000000241e-04
2.200000000000000000e+01 6.300000000000000000e+01 8.100000000000000000e+01 0.000000000000000000e+00 1.600000000000000089e+00 -5.505000000000000344e-03 -1.042700000000000050e-02 9.999299999999999855e-01 3.076999999999999874e-02 -9.994739999999999736e-01 -1.025299999999999996e-02 9.995110000000000383e-01 3.071199999999999972e-02 5.823000000000000051e-03
6.000000000000000000e+00 4.400000000000000000e+01 8.300000000000000000e+01 0.000000000000000000e+00 1.600000000000000089e+00 2.990000000000000036e-04 3.523000000000000090e-03 9.999940000000000495e-01 5.781730000000000480e-01 -8.159100000000000241e-01 2.700999999999999842e-03 8.159140000000000281e-01 5.781690000000000440e-01 -2.281000000000000041e-03
1.000000000000000000e+01 4.400000000000000000e+01 8.300000000000000000e+01 0.000000000000000000e+00 1.600000000000000089e+00 -4.879999999999999898e-04 -1.965000000000000167e-03 9.999980000000000535e-01 5.735179999999999723e-01 -8.191920000000000313e-01 -1.330000000000000019e-03 8.191929999999999490e-01 5.735160000000000258e-01 1.526999999999999929e-03
1.300000000000000000e+01 4.400000000000000000e+01 8.300000000000000000e+01 0.000000000000000000e+00 1.600000000000000089e+00 -1.028999999999999967e-03 -2.413000000000000214e-03 9.999970000000000248e-01 5.719899999999999984e-01 -8.202589999999999604e-01 -1.389999999999999960e-03 8.202599999999999891e-01 5.719870000000000232e-01 2.223999999999999849e-03
1.800000000000000000e+01 4.400000000000000000e+01 8.300000000000000000e+01 0.000000000000000000e+00 1.600000000000000089e+00 1.253999999999999906e-03 -3.363000000000000104e-03 9.999940000000000495e-01 5.776999999999999913e-01 -8.162420000000000231e-01 -3.468999999999999861e-03 8.162479999999999736e-01 5.777010000000000201e-01 9.190000000000000035e-04
2.600000000000000000e+01 4.400000000000000000e+01 8.300000000000000000e+01 0.000000000000000000e+00 1.600000000000000089e+00 1.925999999999999978e-03 -3.763999999999999985e-03 9.999909999999999632e-01 5.869339999999999558e-01 -8.096240000000000103e-01 -4.177000000000000157e-03 8.096320000000000183e-01 5.869370000000000420e-01 6.499999999999999702e-04
