1.800000000000000000e+01 1.500000000000000000e+01 4.000000000000000000e+00 0.000000000000000000e+00 1.600000000000000089e+00 2.135999999999999878e-03 8.449999999999999178e-03 9.999620000000000175e-01 2.869590000000000196e-01 -9.579140000000000432e-01 7.481999999999999935e-03 9.579400000000000137e-01 2.869329999999999936e-01 -4.471000000000000148e-03
2.300000000000000000e+01 1.500000000000000000e+01 4.000000000000000000e+00 0.000000000000000000e+00 1.600000000000000089e+00 -1.716000000000000077e-03 -6.636999999999999671e-03 9.999770000000000048e-01 2.867930000000000201e-01 -9.579750000000000210e-01 -5.865999999999999687e-03 9.579910000000000370e-01 2.867759999999999754e-01 3.546999999999999806e-03
2.700000000000000000e+01 1.500000000000000000e+01 4.000000000000000000e+00 0.000000000000000000e+00 1.600000000000000089e+00 -4.521999999999999978e-03 -4.511000000000000253e-03 9.999799999999999800e-01 2.908020000000000049e-01 -9.567790000000000461e-01 -3.001000000000000195e-03 9.567729999999999846e-01 2.907819999999999849e-01 5.637999999999999783e-03
9.000000000000000000e+00 1.600000000000000000e+01 4.000000000000000000e+00 0.000000000000000000e+00 1.600000000000000089e+00 7.304999999999999861e-03 -1.186800000000000008e-02 9.999029999999999863e-01 3.410009999999999986e-01 -9.399640000000000217e-01 -1.364800000000000041e-02 9.400340000000000362e-01 3.410679999999999823e-01 -2.818999999999999891e-03
7.000000000000000000e+00 1.010000000000000000e+02 7.000000000000000000e+00 0.000000000000000000e+00 1.600000000000000089e+00 8.899999999999999491e-04 -1.386999999999999995e-03 9.999989999999999712e-01 8.838449999999999918e-01 4.677810000000000024e-01 -1.379999999999999933e-04 -4.677799999999999736e-01 8.838439999999999630e-01 1.642000000000000013e-03
1.900000000000000000e+01 1.010000000000000000e+02 7.000000000000000000e+00 0.000000000000000000e+00 1.600000000000000089e+00 -1.083999999999999894e-03 -1.023199999999999978e-02 9.999470000000000303e-01 8.866829999999999989e-01 4.623430000000000040e-01 5.692000000000000011e-03 -4.623769999999999825e-01 8.866420000000000412e-01 8.571000000000000493e-03
2.700000000000000000e+01 1.010000000000000000e+02 7.000000000000000000e+00 0.000000000000000000e+00 1.600000000000000089e+00 8.419999999999999750e-04 1.048800000000000079e-02 9.999449999999999728e-01 8.850959999999999939e-01 4.653749999999999831e-01 -5.627000000000000057e-03 -4.654079999999999884e-01 8.850510000000000321e-01 -8.890999999999999598e-03
4.000000000000000000e+00 1.500000000000000000e+01 8.000000000000000000e+00 0.000000000000000000e+00 1.600000000000000089e+00 -3.618000000000000122e-03 -1.052799999999999916e-02 -9.999379999999999935e-01 -5.777229999999999865e-01 -8.161629999999999718e-01 1.068299999999999979e-02 -8.162249999999999783e-01 5.777259999999999618e-01 -3.128999999999999837e-03
9.000000000000000000e+00 1.500000000000000000e+01 8.000000000000000000e+00 0.000000000000000000e+00 1.600000000000000089e+00 -8.215000000000000080e-03 -1.331799999999999998e-02 -9.998780000000000445e-01 -5.828100000000000502e-01 -8.124580000000000135e-01 1.561000000000000061e-02 -8.125670000000000393e-01 5.828670000000000240e-01 -1.087999999999999991e-03
1.500000000000000000e+01 1.500000000000000000e+01 8.000000000000000000e+00 0.000000000000000000e+00 1.600000000000000089e+00 -2.165999999999999957e-03 2.149999999999999947e-04 -9.999980000000000535e-01 -5.852199999999999624e-01 -8.108739999999999837e-01 1.093000000000000005e-03 -8.108720000000000372e-01 5.852209999999999912e-01 1.881999999999999992e-03
2.000000000000000000e+01 1.500000000000000000e+01 8.000000000000000000e+00 0.000000000000000000e+00 1.600000000000000089e+00 1.259999999999999998e-04 2.912999999999999791e-03 -9.999959999999999960e-01 -5.844019999999999770e-01 -8.114609999999999879e-01 -2.436999999999999930e-03 -8.114639999999999631e-01 5.844000000000000306e-01 1.600000000000000077e-03
2.700000000000000000e+01 1.500000000000000000e+01 8.000000000000000000e+00 0.000000000000000000e+00 1.600000000000000089e+00 3.629999999999999872e-04 -3.763999999999999985e-03 -9.999930000000000208e-01 -5.823789999999999800e-01 -8.129119999999999679e-01 2.848999999999999970e-03 -8.129170000000000007e-01 5.823739999999999473e-01 -2.487000000000000061e-03
8.000000000000000000e+00 2.600000000000000000e+01 8.000000000000000000e+00 0.000000000000000000e+00 1.600000000000000089e+00 5.850000000000000165e-03 1.148000000000000062e-02 -9.999169999999999447e-01 4.085449999999999915e-01 9.126469999999999860e-01 1.286900000000000023e-02 9.127189999999999470e-01 -4.085869999999999780e-01 6.489999999999999459e-04
1.300000000000000000e+01 2.600000000000000000e+01 8.000000000000000000e+00 0.000000000000000000e+00 1.600000000000000089e+00 3.959999999999999978e-03 8.229000000000000203e-03 -9.999580000000000135e-01 4.068240000000000189e-01 9.134609999999999674e-01 9.128000000000000697e-03 9.134980000000000322e-01 -4.068430000000000102e-01 2.689999999999999791e-04
1.800000000000000000e+01 2.600000000000000000e+01 8.000000000000000000e+00 0.000000000000000000e+00 1.600000000000000089e+00 1.463000000000000108e-03 5.780999999999999681e-03 -9.999820000000000375e-01 4.047350000000000114e-01 9.144149999999999778e-01 5.878000000000000412e-03 9.144330000000000513e-01 -4.047359999999999847e-01 -1.002000000000000069e-03
2.200000000000000000e+01 2.600000000000000000e+01 8.000000000000000000e+00 0.000000000000000000e+00 1.600000000000000089e+00 1.369999999999999907e-03 3.490000000000000263e-04 -9.999989999999999712e-01 4.047000000000000042e-01 9.144489999999999563e-01 8.729999999999999696e-04 9.144480000000000386e-01 -4.047009999999999774e-01 1.111999999999999924e-03
1.000000000000000000e+00 2.400000000000000000e+01 9.000000000000000000e+00 0.000000000000000000e+00 1.600000000000000089e+00 2.331999999999999872e-03 1.969999999999999909e-04 -9.999970000000000248e-01 4.626520000000000077e-01 8.865389999999999660e-01 1.253999999999999906e-03 8.865370000000000195e-01 -4.626529999999999809e-01 1.977000000000000025e-03
7.000000000000000000e+00 2.400000000000000000e+01 9.000000000000000000e+00 0.000000000000000000e+00 1.600000000000000089e+00 5.713000000000000196e-03 9.261999999999999400e-03 -9.999409999999999688e-01 4.598990000000000022e-01 8.879050000000000553e-01 1.085200000000000053e-02 8.879529999999999923e-01 -4.599340000000000095e-01 8.130000000000000291e-04
2.500000000000000000e+01 2.400000000000000000e+01 9.000000000000000000e+00 0.000000000000000000e+00 1.600000000000000089e+00 1.235999999999999903e-03 1.554999999999999959e-03 -9.999980000000000535e-01 4.578829999999999845e-01 8.890099999999999669e-01 1.948000000000000079e-03 8.890120000000000244e-01 -4.578840000000000132e-01 3.869999999999999742e-04
2.900000000000000000e+01 2.400000000000000000e+01 9.000000000000000000e+00 0.000000000000000000e+00 1.600000000000000089e+00 -3.860000000000000041e-04 1.769999999999999926e-04 -1.000000000000000000e+00 4.579139999999999877e-01 8.889970000000000372e-01 -1.900000000000000105e-05 8.889960000000000084e-01 -4.579139999999999877e-01 -4.240000000000000062e-04
9.000000000000000000e+00 1.040000000000000000e+02 1.100000000000000000e+01 0.000000000000000000e+00 1.600000000000000089e+00 -2.187999999999999841e-03 4.525999999999999641e-03 9.999869999999999592e-01 -9.737930000000000197e-01 -2.274349999999999983e-01 -1.101999999999999898e-03 2.274269999999999903e-01 -9.737829999999999542e-01 4.904999999999999638e-03
5.000000000000000000e+00 3.100000000000000000e+01 1.200000000000000000e+01 0.000000000000000000e+00 1.600000000000000089e+00 -8.829999999999999958e-04 5.143000000000000002e-03 9.999860000000000415e-01 4.144000000000000114e-03 9.999780000000000335e-01 -5.139000000000000339e-03 -9.999909999999999632e-01 4.139000000000000318e-03 -9.039999999999999642e-04
1.200000000000000000e+01 3.100000000000000000e+01 1.200000000000000000e+01 0.000000000000000000e+00 1.600000000000000089e+00 4.350000000000000026e-04 6.000000000000000152e-05 1.000000000000000000e+00 7.296000000000000402e-03 9.999730000000000008e-01 -6.299999999999999990e-05 -9.999730000000000008e-01 7.296000000000000402e-03 4.339999999999999782e-04
1.700000000000000000e+01 3.100000000000000000e+01 1.200000000000000000e+01 0.000000000000000000e+00 1.600000000000000089e+00 2.128000000000000117e-03 2.461000000000000080e-03 9.999949999999999672e-01 9.405000000000000165e-03 9.999529999999999808e-01 -2.481000000000000132e-03 -9.999540000000000095e-01 9.409999999999999962e-03 2.103999999999999967e-03
4.000000000000000000e+00 1.200000000000000000e+01 1.500000000000000000e+01 0.000000000000000000e+00 1.600000000000000089e+00 -2.484999999999999796e-03 -5.461999999999999841e-03 -9.999820000000000375e-01 -4.700030000000000041e-01 -8.826439999999999841e-01 5.989000000000000400e-03 -8.826610000000000289e-01 4.700099999999999834e-01 -3.739999999999999835e-04
8.000000000000000000e+00 1.200000000000000000e+01 1.500000000000000000e+01 0.000000000000000000e+00 1.600000000000000089e+00 -5.890000000000000270e-03 -3.046999999999999795e-03 -9.999780000000000335e-01 -4.691270000000000162e-01 -8.831139999999999546e-01 5.453999999999999647e-03 -8.831109999999999793e-01 4.691489999999999827e-01 3.772000000000000179e-03
1.500000000000000000e+01 1.200000000000000000e+01 1.500000000000000000e+01 0.000000000000000000e+00 1.600000000000000089e+00 -1.680999999999999986e-03 -7.280000000000000013e-03 -9.999719999999999720e-01 -4.698249999999999926e-01 -8.827300000000000146e-01 7.216000000000000192e-03 -8.827580000000000426e-01 4.698240000000000194e-01 -1.936000000000000004e-03
2.400000000000000000e+01 1.200000000000000000e+01 1.500000000000000000e+01 0.000000000000000000e+00 1.600000000000000089e+00 -1.739000000000000094e-03 -1.966999999999999998e-03 -9.999970000000000248e-01 -4.673780000000000157e-01 -8.840540000000000065e-01 2.552000000000000015e-03 -8.840559999999999530e-01 4.673809999999999909e-01 6.179999999999999513e-04
2.800000000000000000e+01 1.200000000000000000e+01 1.500000000000000000e+01 0.000000000000000000e+00 1.600000000000000089e+00 -8.700000000000000051e-05 2.050999999999999872e-03 -9.999980000000000535e-01 -4.644789999999999752e-01 -8.855819999999999803e-01 -1.776000000000000018e-03 -8.855840000000000378e-01 4.644780000000000020e-01 1.028999999999999967e-03
2.100000000000000000e+01 1.160000000000000000e+02 1.600000000000000000e+01 0.000000000000000000e+00 1.600000000000000089e+00 8.570000000000000144e-04 -1.100000000000000039e-04 1.000000000000000000e+00 6.807429999999999870e-01 7.325220000000000065e-01 -5.029999999999999749e-04 -7.325209999999999777e-01 6.807440000000000158e-01 7.029999999999999574e-04
1.000000000000000000e+00 2.000000000000000000e+00 1.900000000000000000e+01 0.000000000000000000e+00 1.600000000000000089e+00 -7.089999999999999948e-04 1.861999999999999940e-03 -9.999980000000000535e-01 1.653260000000000007e-01 -9.862370000000000303e-01 -1.953000000000000092e-03 -9.862389999999999768e-01 -1.653270000000000017e-01 3.910000000000000172e-04
5.000000000000000000e+00 2.000000000000000000e+00 1.900000000000000000e+01 0.000000000000000000e+00 1.600000000000000089e+00 -2.054999999999999969e-03 -3.419000000000000164e-03 -9.999919999999999920e-01 1.688399999999999901e-01 -9.856390000000000429e-01 3.023000000000000079e-03 -9.856409999999999894e-01 -1.688330000000000108e-01 2.602999999999999845e-03
1.900000000000000000e+01 2.000000000000000000e+00 1.900000000000000000e+01 0.000000000000000000e+00 1.600000000000000089e+00 8.630000000000000518e-04 1.907999999999999974e-03 -9.999980000000000535e-01 1.839899999999999869e-01 -9.829269999999999952e-01 -1.716000000000000077e-03 -9.829280000000000239e-01 -1.839880000000000126e-01 -1.198999999999999979e-03
2.500000000000000000e+01 2.000000000000000000e+00 1.900000000000000000e+01 0.000000000000000000e+00 1.600000000000000089e+00 -1.280000000000000105e-03 -1.562999999999999936e-03 -9.999980000000000535e-01 1.796079999999999899e-01 -9.837369999999999726e-01 1.307999999999999918e-03 -9.837369999999999726e-01 -1.796059999999999879e-01 1.539999999999999919e-03
7.000000000000000000e+00 4.000000000000000000e+00 2.000000000000000000e+01 0.000000000000000000e+00 1.600000000000000089e+00 1.113999999999999973e-03 -9.270999999999999727e-03 -9.999559999999999560e-01 2.676769999999999983e-01 -9.634639999999999871e-01 9.230000000000000357e-03 -9.635080000000000311e-01 -2.676760000000000250e-01 1.409000000000000096e-03
1.400000000000000000e+01 4.000000000000000000e+00 2.000000000000000000e+01 0.000000000000000000e+00 1.600000000000000089e+00 2.050999999999999872e-03 3.105999999999999820e-03 -9.999930000000000208e-01 2.744079999999999853e-01 -9.616099999999999648e-01 -2.423999999999999939e-03 -9.616109999999999935e-01 -2.744010000000000060e-01 -2.824000000000000121e-03
2.600000000000000000e+01 4.000000000000000000e+00 2.000000000000000000e+01 0.000000000000000000e+00 1.600000000000000089e+00 1.188999999999999953e-03 -4.955000000000000203e-03 -9.999869999999999592e-01 2.711749999999999994e-01 -9.625160000000000382e-01 5.092000000000000172e-03 -9.625289999999999679e-01 -2.711779999999999746e-01 1.990000000000000124e-04
6.000000000000000000e+00 1.300000000000000000e+01 2.000000000000000000e+01 0.000000000000000000e+00 1.600000000000000089e+00 9.999999999999999547e-07 8.467999999999999833e-03 9.999639999999999640e-01 2.589159999999999795e-01 9.658649999999999736e-01 -8.179999999999999771e-03 -9.658999999999999808e-01 2.589069999999999983e-01 -2.191999999999999938e-03
1.200000000000000000e+01 1.300000000000000000e+01 2.000000000000000000e+01 0.000000000000000000e+00 1.600000000000000089e+00 -1.730000000000000038e-04 3.373999999999999829e-03 9.999940000000000495e-01 2.597479999999999789e-01 9.656709999999999461e-01 -3.213000000000000144e-03 -9.656759999999999788e-01 2.597459999999999769e-01 -1.044000000000000006e-03
1.500000000000000000e+01 1.300000000000000000e+01 2.000000000000000000e+01 0.000000000000000000e+00 1.600000000000000089e+00 3.099999999999999999e-04 -4.226999999999999855e-03 9.999909999999999632e-01 2.598030000000000062e-01 9.656529999999999836e-01 4.002000000000000349e-03 -9.656620000000000203e-01 2.597990000000000022e-01 1.397000000000000021e-03
2.300000000000000000e+01 1.300000000000000000e+01 2.000000000000000000e+01 0.000000000000000000e+00 1.600000000000000089e+00 -2.049999999999999956e-04 6.968000000000000235e-03 9.999759999999999760e-01 2.599339999999999984e-01 9.656029999999999891e-01 -6.675000000000000377e-03 -9.656259999999999843e-01 2.599270000000000191e-01 -2.008999999999999935e-03
2.700000000000000000e+01 1.300000000000000000e+01 2.000000000000000000e+01 0.000000000000000000e+00 1.600000000000000089e+00 -9.799999999999999684e-04 1.864999999999999904e-03 9.999980000000000535e-01 2.575600000000000112e-01 9.662610000000000365e-01 -1.549999999999999946e-03 -9.662619999999999543e-01 2.575580000000000092e-01 -1.427000000000000100e-03
7.000000000000000000e+00 1.600000000000000000e+01 2.100000000000000000e+01 0.000000000000000000e+00 1.600000000000000089e+00 4.150000000000000043e-04 9.419000000000000289e-03 9.999559999999999560e-01 2.982139999999999791e-01 9.544559999999999711e-01 -9.114999999999999838e-03 -9.544989999999999863e-01 2.982040000000000246e-01 -2.413000000000000214e-03
1.200000000000000000e+01 1.600000000000000000e+01 2.100000000000000000e+01 0.000000000000000000e+00 1.600000000000000089e+00 1.420000000000000092e-04 4.373000000000000151e-03 9.999900000000000455e-01 2.991530000000000022e-01 9.541960000000000441e-01 -4.214999999999999997e-03 -9.542049999999999699e-01 2.991510000000000002e-01 -1.172999999999999998e-03
2.100000000000000000e+01 1.600000000000000000e+01 2.100000000000000000e+01 0.000000000000000000e+00 1.600000000000000089e+00 -1.123999999999999999e-03 8.710000000000000294e-04 9.999989999999999712e-01 2.983839999999999826e-01 9.544460000000000166e-01 -4.960000000000000216e-04 -9.544449999999999878e-01 2.983839999999999826e-01 -1.332999999999999984e-03
2.500000000000000000e+01 1.600000000000000000e+01 2.100000000000000000e+01 0.000000000000000000e+00 1.600000000000000089e+00 -1.820000000000000003e-03 2.680000000000000090e-03 9.999949999999999672e-01 2.953060000000000129e-01 9.554009999999999447e-01 -2.023000000000000059e-03 -9.554009999999999447e-01 2.953000000000000069e-01 -2.530000000000000131e-03
1.000000000000000000e+01 4.600000000000000000e+01 2.700000000000000000e+01 0.000000000000000000e+00 1.600000000000000089e+00 3.937000000000000395e-03 1.786000000000000044e-03 -9.999909999999999632e-01 6.768579999999999597e-01 7.361020000000000341e-01 3.980000000000000031e-03 7.361029999999999518e-01 -6.768680000000000252e-01 1.688999999999999963e-03
2.300000000000000000e+01 4.600000000000000000e+01 2.700000000000000000e+01 0.000000000000000000e+00 1.600000000000000089e+00 -1.389999999999999960e-03 -8.339999999999999974e-04 -9.999989999999999712e-01 6.829129999999999923e-01 7.304979999999999807e-01 -1.559000000000000056e-03 7.304979999999999807e-01 -6.829140000000000210e-01 -4.459999999999999989e-04
4.000000000000000000e+00 5.800000000000000000e+01 3.100000000000000000e+01 0.000000000000000000e+00 1.600000000000000089e+00 -8.800000000000000313e-04 3.039000000000000035e-03 9.999949999999999672e-01 -7.948290000000000077e-01 -6.068320000000000380e-01 1.144999999999999967e-03 6.068320000000000380e-01 -7.948239999999999750e-01 2.949999999999999931e-03
8.000000000000000000e+00 5.800000000000000000e+01 3.100000000000000000e+01 0.000000000000000000e+00 1.600000000000000089e+00 -4.800000000000000122e-05 1.070999999999999903e-03 9.999989999999999712e-01 -7.988939999999999930e-01 -6.014720000000000066e-01 6.049999999999999606e-04 6.014720000000000066e-01 -7.988929999999999643e-01 8.840000000000000201e-04
1.600000000000000000e+01 5.800000000000000000e+01 3.100000000000000000e+01 0.000000000000000000e+00 1.600000000000000089e+00 1.840000000000000001e-04 3.948000000000000120e-03 9.999919999999999920e-01 -8.018899999999999917e-01 -5.974669999999999703e-01 2.507000000000000114e-03 5.974720000000000031e-01 -8.018840000000000412e-01 3.056000000000000123e-03
1.900000000000000000e+01 5.800000000000000000e+01 3.100000000000000000e+01 0.000000000000000000e+00 1.600000000000000089e+00 2.895000000000000004e-03 3.954000000000000049e-03 9.999879999999999880e-01 -8.023689999999999989e-01 -5.968099999999999516e-01 4.682999999999999663e-03 5.968210000000000459e-01 -8.023730000000000029e-01 1.445000000000000104e-03
2.600000000000000000e+01 5.800000000000000000e+01 3.100000000000000000e+01 0.000000000000000000e+00 1.600000000000000089e+00 -3.579999999999999741e-04 2.177000000000000116e-03 9.999970000000000248e-01 -8.001439999999999664e-01 -5.998080000000000078e-01 1.018999999999999941e-03 5.998080000000000078e-01 -8.001409999999999911e-01 1.955999999999999839e-03
2.000000000000000000e+00 6.000000000000000000e+00 3.200000000000000000e+01 0.000000000000000000e+00 1.600000000000000089e+00 2.629999999999999959e-03 5.063999999999999925e-03 -9.999839999999999840e-01 1.796609999999999874e-01 9.837129999999999486e-01 5.454999999999999780e-03 9.837249999999999606e-01 -1.796729999999999994e-01 1.677000000000000105e-03
7.000000000000000000e+00 6.000000000000000000e+00 3.200000000000000000e+01 0.000000000000000000e+00 1.600000000000000089e+00 1.173999999999999913e-03 -1.296999999999999976e-03 -9.999980000000000535e-01 1.722680000000000045e-01 9.850499999999999812e-01 -1.075000000000000001e-03 9.850489999999999524e-01 -1.722660000000000025e-01 1.379999999999999933e-03
5.000000000000000000e+00 4.600000000000000000e+01 3.500000000000000000e+01 0.000000000000000000e+00 1.600000000000000089e+00 -3.930000000000000117e-04 -1.098999999999999934e-03 -9.999989999999999712e-01 3.877120000000000011e-01 -9.217800000000000438e-01 8.610000000000000032e-04 -9.217800000000000438e-01 -3.877120000000000011e-01 7.889999999999999878e-04
8.000000000000000000e+00 4.600000000000000000e+01 3.500000000000000000e+01 0.000000000000000000e+00 1.600000000000000089e+00 -7.709999999999999840e-04 -3.406999999999999872e-03 -9.999940000000000495e-01 3.881000000000000005e-01 -9.216130000000000155e-01 2.840000000000000076e-03 -9.216170000000000195e-01 -3.880959999999999965e-01 2.033000000000000085e-03
1.300000000000000000e+01 4.600000000000000000e+01 3.500000000000000000e+01 0.000000000000000000e+00 1.600000000000000089e+00 6.160000000000000111e-04 -6.430000000000000169e-04 -1.000000000000000000e+00 3.863739999999999952e-01 -9.223419999999999952e-01 8.310000000000000329e-04 -9.223419999999999952e-01 -3.863739999999999952e-01 -3.200000000000000262e-04
1.600000000000000000e+01 4.600000000000000000e+01 3.500000000000000000e+01 0.000000000000000000e+00 1.600000000000000089e+00 5.299999999999999807e-04 3.350000000000000113e-03 -9.999940000000000495e-01 3.862639999999999962e-01 -9.223839999999999817e-01 -2.884999999999999978e-03 -9.223879999999999857e-01 -3.862599999999999922e-01 -1.781999999999999947e-03
2.000000000000000000e+01 4.600000000000000000e+01 3.500000000000000000e+01 0.000000000000000000e+00 1.600000000000000089e+00 1.433000000000000029e-03 3.680999999999999810e-03 -9.999919999999999920e-01 3.862889999999999935e-01 -9.223740000000000272e-01 -2.841999999999999908e-03 -9.223770000000000024e-01 -3.862820000000000142e-01 -2.743999999999999911e-03
2.800000000000000000e+01 4.600000000000000000e+01 3.500000000000000000e+01 0.000000000000000000e+00 1.600000000000000089e+00 -1.745999999999999939e-03 -3.203000000000000118e-03 -9.999930000000000208e-01 3.833860000000000046e-01 -9.235849999999999893e-01 2.288999999999999802e-03 -9.235870000000000468e-01 -3.833790000000000253e-01 2.841000000000000209e-03
3.000000000000000000e+00 9.500000000000000000e+01 3.600000000000000000e+01 0.000000000000000000e+00 1.600000000000000089e+00 1.887000000000000005e-03 -2.970100000000000171e-02 9.995570000000000288e-01 9.966009999999999591e-01 8.237700000000000577e-02 5.659999999999999884e-04 -8.235699999999999965e-02 9.961590000000000167e-01 2.975500000000000020e-02
1.000000000000000000e+01 9.500000000000000000e+01 3.600000000000000000e+01 0.000000000000000000e+00 1.600000000000000089e+00 2.213999999999999822e-03 -5.080999999999999579e-03 9.999850000000000128e-01 9.965699999999999559e-01 8.273500000000000298e-02 -1.786000000000000044e-03 -8.272400000000000586e-02 9.965589999999999726e-01 5.246999999999999928e-03
2.600000000000000000e+01 9.500000000000000000e+01 3.600000000000000000e+01 0.000000000000000000e+00 1.600000000000000089e+00 -9.100999999999999715e-03 -2.713199999999999987e-02 9.995899999999999785e-01 9.971430000000000016e-01 7.471500000000000363e-02 1.110599999999999955e-02 -7.498499999999999610e-02 9.968360000000000554e-01 2.637400000000000161e-02
4.000000000000000000e+00 2.900000000000000000e+01 4.400000000000000000e+01 0.000000000000000000e+00 1.600000000000000089e+00 -1.732999999999999948e-03 2.120000000000000031e-04 -9.999980000000000535e-01 6.837809999999999722e-01 7.296869999999999745e-01 -1.031000000000000015e-03 7.296850000000000280e-01 -6.837820000000000009e-01 -1.409000000000000096e-03
8.000000000000000000e+00 2.900000000000000000e+01 4.400000000000000000e+01 0.000000000000000000e+00 1.600000000000000089e+00 -5.800000000000000034e-05 -4.198999999999999608e-03 -9.999909999999999632e-01 6.882190000000000252e-01 7.254960000000000298e-01 -3.086000000000000201e-03 7.255030000000000090e-01 -6.882129999999999637e-01 2.847999999999999837e-03
1.400000000000000000e+01 2.900000000000000000e+01 4.400000000000000000e+01 0.000000000000000000e+00 1.600000000000000089e+00 1.876999999999999979e-03 -7.370999999999999948e-03 -9.999710000000000543e-01 6.824829999999999508e-01 7.308900000000000396e-01 -4.107000000000000407e-03 7.308989999999999654e-01 -6.824559999999999516e-01 6.401999999999999705e-03
2.600000000000000000e+01 2.900000000000000000e+01 4.400000000000000000e+01 0.000000000000000000e+00 1.600000000000000089e+00 -3.279999999999999930e-03 -1.472000000000000001e-03 -9.999940000000000495e-01 6.689929999999999488e-01 7.432619999999999783e-01 -3.288999999999999823e-03 7.432619999999999783e-01 -6.689990000000000103e-01 -1.453000000000000081e-03
2.100000000000000000e+01 5.400000000000000000e+01 4.600000000000000000e+01 0.000000000000000000e+00 1.600000000000000089e+00 -3.730000000000000134e-04 8.420999999999999666e-03 9.999639999999999640e-01 3.425969999999999849e-01 -9.394479999999999498e-01 8.038999999999999271e-03 9.394820000000000393e-01 3.425880000000000036e-01 -2.534999999999999927e-03
4.000000000000000000e+00 6.500000000000000000e+01 4.600000000000000000e+01 0.000000000000000000e+00 1.600000000000000089e+00 -3.420000000000000188e-04 -1.820000000000000057e-04 1.000000000000000000e+00 6.822540000000000271e-01 -7.311149999999999594e-01 1.000000000000000048e-04 7.311149999999999594e-01 6.822540000000000271e-01 3.739999999999999835e-04
1.000000000000000000e+01 6.500000000000000000e+01 4.600000000000000000e+01 0.000000000000000000e+00 1.600000000000000089e+00 -1.599999999999999928e-05 5.450000000000000200e-04 1.000000000000000000e+00 6.818109999999999449e-01 -7.315279999999999561e-01 4.090000000000000211e-04 7.315279999999999561e-01 6.818109999999999449e-01 -3.600000000000000227e-04
2.300000000000000000e+01 6.500000000000000000e+01 4.600000000000000000e+01 0.000000000000000000e+00 1.600000000000000089e+00 -2.547999999999999918e-03 1.902000000000000045e-03 9.999949999999999672e-01 6.816410000000000524e-01 -7.316799999999999971e-01 3.128000000000000138e-03 7.316820000000000546e-01 6.816459999999999742e-01 5.680000000000000370e-04
3.000000000000000000e+00 5.000000000000000000e+00 5.100000000000000000e+01 0.000000000000000000e+00 1.600000000000000089e+00 2.115000000000000126e-03 -1.510000000000000057e-03 -9.999970000000000248e-01 4.821139999999999870e-01 -8.761050000000000226e-01 2.343000000000000031e-03 -8.761060000000000514e-01 -4.821179999999999910e-01 -1.123999999999999999e-03
1.000000000000000000e+01 5.000000000000000000e+00 5.100000000000000000e+01 0.000000000000000000e+00 1.600000000000000089e+00 -2.400999999999999922e-03 3.233000000000000197e-03 -9.999919999999999920e-01 4.866170000000000218e-01 -8.736059999999999937e-01 -3.993000000000000022e-03 -8.736120000000000552e-01 -4.866219999999999990e-01 5.240000000000000517e-04
2.400000000000000000e+01 7.000000000000000000e+00 5.200000000000000000e+01 0.000000000000000000e+00 1.600000000000000089e+00 -1.887000000000000005e-03 -2.438000000000000063e-03 -9.999949999999999672e-01 8.437000000000000055e-02 -9.964319999999999844e-01 2.269999999999999882e-03 -9.964330000000000132e-01 -8.436599999999999655e-02 2.086000000000000180e-03
2.300000000000000000e+01 1.500000000000000000e+01 5.300000000000000000e+01 0.000000000000000000e+00 1.600000000000000089e+00 3.089999999999999756e-04 1.021999999999999905e-03 -9.999989999999999712e-01 6.792580000000000284e-01 7.338989999999999680e-01 9.600000000000000243e-04 7.338999999999999968e-01 -6.792580000000000284e-01 -4.670000000000000214e-04
4.000000000000000000e+00 6.300000000000000000e+01 5.400000000000000000e+01 0.000000000000000000e+00 1.600000000000000089e+00 1.289999999999999914e-03 -6.099999999999999872e-05 9.999989999999999712e-01 -3.530849999999999822e-01 9.355909999999999505e-01 5.119999999999999768e-04 -9.355900000000000327e-01 -3.530849999999999822e-01 1.185000000000000072e-03
8.000000000000000000e+00 6.300000000000000000e+01 5.400000000000000000e+01 0.000000000000000000e+00 1.600000000000000089e+00 9.799999999999999684e-05 1.310000000000000129e-04 1.000000000000000000e+00 -3.493439999999999879e-01 9.369950000000000223e-01 -8.799999999999999771e-05 -9.369950000000000223e-01 -3.493439999999999879e-01 1.379999999999999933e-04
1.200000000000000000e+01 6.300000000000000000e+01 5.400000000000000000e+01 0.000000000000000000e+00 1.600000000000000089e+00 -4.989999999999999861e-04 7.690000000000000438e-04 1.000000000000000000e+00 -3.494030000000000191e-01 9.369720000000000271e-01 -8.949999999999999623e-04 -9.369720000000000271e-01 -3.494039999999999924e-01 -1.990000000000000124e-04
1.800000000000000000e+01 6.300000000000000000e+01 5.400000000000000000e+01 0.000000000000000000e+00 1.600000000000000089e+00 -6.329999999999999906e-04 -1.652999999999999955e-03 9.999980000000000535e-01 -3.521690000000000098e-01 9.359359999999999902e-01 1.325000000000000006e-03 -9.359359999999999902e-01 -3.521670000000000078e-01 -1.175000000000000046e-03
2.200000000000000000e+01 6.300000000000000000e+01 5.400000000000000000e+01 0.000000000000000000e+00 1.600000000000000089e+00 8.819999999999999715e-04 -1.309000000000000051e-03 9.999989999999999712e-01 -3.496270000000000211e-01 9.368880000000000541e-01 1.534999999999999906e-03 -9.368880000000000541e-01 -3.496279999999999943e-01 3.680000000000000003e-04
2.700000000000000000e+01 6.300000000000000000e+01 5.400000000000000000e+01 0.000000000000000000e+00 1.600000000000000089e+00 -2.099999999999999884e-05 -9.060000000000000128e-04 1.000000000000000000e+00 -3.532859999999999889e-01 9.355149999999999855e-01 8.400000000000000348e-04 -9.355149999999999855e-01 -3.532859999999999889e-01 -3.400000000000000244e-04
4.000000000000000000e+00 2.500000000000000000e+01 5.500000000000000000e+01 0.000000000000000000e+00 1.600000000000000089e+00 -2.400000000000000061e-05 5.915000000000000119e-03 -9.999829999999999552e-01 -1.222299999999999949e-02 -9.999080000000000190e-01 -5.913999999999999986e-03 -9.999249999999999527e-01 1.222299999999999949e-02 9.699999999999999963e-05
1.700000000000000000e+01 2.500000000000000000e+01 5.500000000000000000e+01 0.000000000000000000e+00 1.600000000000000089e+00 -2.059999999999999928e-04 -1.132999999999999893e-03 -9.999989999999999712e-01 -1.045100000000000022e-02 -9.999449999999999728e-01 1.134999999999999941e-03 -9.999449999999999728e-01 1.045100000000000022e-02 1.939999999999999993e-04
2.400000000000000000e+01 2.500000000000000000e+01 5.500000000000000000e+01 0.000000000000000000e+00 1.600000000000000089e+00 -2.020000000000000040e-04 -1.108999999999999960e-03 -9.999989999999999712e-01 -1.249100000000000037e-02 -9.999209999999999487e-01 1.111000000000000008e-03 -9.999219999999999775e-01 1.249199999999999963e-02 1.879999999999999890e-04
2.900000000000000000e+01 2.500000000000000000e+01 5.500000000000000000e+01 0.000000000000000000e+00 1.600000000000000089e+00 -1.750000000000000036e-03 -3.592999999999999840e-03 -9.999919999999999920e-01 -1.121800000000000054e-02 -9.999310000000000143e-01 3.612000000000000193e-03 -9.999360000000000470e-01 1.122500000000000060e-02 1.709999999999999932e-03
8.000000000000000000e+00 6.800000000000000000e+01 5.700000000000000000e+01 0.000000000000000000e+00 1.600000000000000089e+00 2.449999999999999921e-04 -2.170000000000000054e-03 -9.999980000000000535e-01 -2.444590000000000096e-01 -9.696580000000000199e-01 2.043999999999999810e-03 -9.696599999999999664e-01 2.444580000000000086e-01 -7.680000000000000195e-04
7.000000000000000000e+00 2.100000000000000000e+01 6.000000000000000000e+01 0.000000000000000000e+00 1.600000000000000089e+00 -4.209999999999999875e-04 7.915000000000000160e-03 9.999689999999999968e-01 -9.532400000000000595e-02 9.954150000000000498e-01 -7.919000000000000691e-03 -9.954460000000000530e-01 -9.532499999999999307e-02 3.359999999999999814e-04
1.600000000000000000e+01 2.100000000000000000e+01 6.000000000000000000e+01 0.000000000000000000e+00 1.600000000000000089e+00 2.076999999999999853e-03 -9.188999999999999252e-03 9.999559999999999560e-01 -9.307100000000000095e-02 9.956159999999999455e-01 9.343000000000000610e-03 -9.956570000000000142e-01 -9.308600000000000207e-02 1.213000000000000102e-03
2.000000000000000000e+00 3.000000000000000000e+00 6.300000000000000000e+01 0.000000000000000000e+00 1.600000000000000089e+00 1.925999999999999978e-03 3.095000000000000095e-03 9.999930000000000208e-01 -6.135369999999999990e-01 7.896649999999999503e-01 -1.262000000000000101e-03 -7.896630000000000038e-01 -6.135310000000000485e-01 3.419000000000000164e-03
8.000000000000000000e+00 3.000000000000000000e+00 6.300000000000000000e+01 0.000000000000000000e+00 1.600000000000000089e+00 -5.980000000000000072e-04 -1.887999999999999921e-03 9.999980000000000535e-01 -6.142090000000000050e-01 7.891430000000000389e-01 1.121999999999999950e-03 -7.891430000000000389e-01 -6.142069999999999474e-01 -1.631999999999999987e-03
8.000000000000000000e+00 2.700000000000000000e+01 6.300000000000000000e+01 0.000000000000000000e+00 1.600000000000000089e+00 4.199999999999999768e-05 -1.337000000000000081e-03 9.999989999999999712e-01 -2.749530000000000030e-01 9.614570000000000061e-01 1.296999999999999976e-03 -9.614580000000000348e-01 -2.749530000000000030e-01 -3.269999999999999795e-04
1.100000000000000000e+01 2.700000000000000000e+01 6.300000000000000000e+01 0.000000000000000000e+00 1.600000000000000089e+00 -2.530000000000000239e-04 -1.871000000000000050e-03 9.999980000000000535e-01 -2.760319999999999996e-01 9.611469999999999736e-01 1.729000000000000068e-03 -9.611480000000000024e-01 -2.760310000000000263e-01 -7.600000000000000418e-04
1.700000000000000000e+01 2.700000000000000000e+01 6.300000000000000000e+01 0.000000000000000000e+00 1.600000000000000089e+00 3.736000000000000171e-03 8.399999999999999535e-05 9.999930000000000208e-01 -2.793350000000000000e-01 9.601929999999999632e-01 9.629999999999999888e-04 -9.601859999999999840e-01 -2.793370000000000020e-01 3.611000000000000060e-03
2.100000000000000000e+01 2.700000000000000000e+01 6.300000000000000000e+01 0.000000000000000000e+00 1.600000000000000089e+00 2.661999999999999870e-03 8.219000000000000611e-03 9.999630000000000463e-01 -2.738929999999999976e-01 9.617329999999999490e-01 -7.174999999999999954e-03 -9.617560000000000553e-01 -2.738639999999999963e-01 4.811000000000000172e-03
2.900000000000000000e+01 2.700000000000000000e+01 6.300000000000000000e+01 0.000000000000000000e+00 1.600000000000000089e+00 -4.040000000000000188e-03 -5.900000000000000296e-04 9.999919999999999920e-01 -2.765599999999999725e-01 9.609959999999999614e-01 -5.500000000000000331e-04 -9.609879999999999534e-01 -2.765599999999999725e-01 -4.044999999999999984e-03
8.000000000000000000e+00 2.600000000000000000e+01 6.400000000000000000e+01 0.000000000000000000e+00 1.600000000000000089e+00 2.149999999999999947e-04 -1.825000000000000016e-03 9.999980000000000535e-01 -3.567549999999999888e-01 9.341960000000000264e-01 1.781000000000000031e-03 -9.341979999999999729e-01 -3.567549999999999888e-01 -4.499999999999999877e-04
1.200000000000000000e+01 2.600000000000000000e+01 6.400000000000000000e+01 0.000000000000000000e+00 1.600000000000000089e+00 7.860000000000000233e-04 -4.687000000000000194e-03 9.999890000000000168e-01 -3.589700000000000113e-01 9.333380000000000010e-01 4.656999999999999681e-03 -9.333489999999999842e-01 -3.589700000000000113e-01 -9.489999999999999738e-04
1.700000000000000000e+01 2.600000000000000000e+01 6.400000000000000000e+01 0.000000000000000000e+00 1.600000000000000089e+00 4.015999999999999605e-03 -2.000000000000000096e-04 9.999919999999999920e-01 -3.613569999999999838e-01 9.324259999999999771e-01 1.637000000000000000e-03 -9.324189999999999978e-01 -3.613600000000000145e-01 3.671999999999999917e-03
2.400000000000000000e+01 2.600000000000000000e+01 6.400000000000000000e+01 0.000000000000000000e+00 1.600000000000000089e+00 -3.141000000000000129e-03 7.625999999999999966e-03 9.999660000000000215e-01 -3.504880000000000217e-01 9.365310000000000024e-01 -8.243000000000000327e-03 -9.365620000000000056e-01 -3.505019999999999802e-01 -2.689999999999999791e-04
2.900000000000000000e+01 2.600000000000000000e+01 6.400000000000000000e+01 0.000000000000000000e+00 1.600000000000000089e+00 -3.386000000000000121e-03 -8.350000000000000217e-04 9.999940000000000495e-01 -3.579979999999999829e-01 9.337220000000000519e-01 -4.330000000000000081e-04 -9.337159999999999904e-01 -3.579970000000000097e-01 -3.461000000000000101e-03
9.000000000000000000e+00 2.500000000000000000e+01 7.300000000000000000e+01 0.000000000000000000e+00 1.600000000000000089e+00 1.209999999999999921e-03 2.413999999999999913e-03 9.999959999999999960e-01 7.491560000000000441e-01 -6.623940000000000383e-01 6.930000000000000396e-04 6.623930000000000096e-01 7.491520000000000401e-01 -2.609999999999999907e-03
1.200000000000000000e+01 2.500000000000000000e+01 7.300000000000000000e+01 0.000000000000000000e+00 1.600000000000000089e+00 8.880000000000000089e-04 2.079999999999999818e-03 9.999970000000000248e-01 7.508040000000000269e-01 -6.605250000000000288e-01 7.069999999999999462e-04 6.605250000000000288e-01 7.508010000000000517e-01 -2.148000000000000170e-03
1.800000000000000000e+01 2.500000000000000000e+01 7.300000000000000000e+01 0.000000000000000000e+00 1.600000000000000089e+00 6.340000000000000149e-04 -7.759999999999999971e-04 9.999989999999999712e-01 7.496770000000000378e-01 -6.618030000000000301e-01 -9.890000000000000787e-04 6.618039999999999479e-01 7.496770000000000378e-01 1.620000000000000075e-04
2.200000000000000000e+01 2.500000000000000000e+01 7.300000000000000000e+01 0.000000000000000000e+00 1.600000000000000089e+00 4.249999999999999763e-04 -1.211000000000000054e-03 9.999989999999999712e-01 7.482499999999999707e-01 -6.634160000000000057e-01 -1.121000000000000035e-03 6.634170000000000345e-01 7.482499999999999707e-01 6.250000000000000130e-04
2.900000000000000000e+01 2.500000000000000000e+01 7.300000000000000000e+01 0.000000000000000000e+00 1.600000000000000089e+00 2.886999999999999809e-03 2.292999999999999899e-03 9.999930000000000208e-01 7.558129999999999571e-01 -6.547870000000000079e-01 -6.800000000000000488e-04 6.547809999999999464e-01 7.558099999999999818e-01 -3.622999999999999918e-03
6.000000000000000000e+00 4.400000000000000000e+01 7.300000000000000000e+01 0.000000000000000000e+00 1.600000000000000089e+00 1.048000000000000103e-03 1.015999999999999976e-03 9.999989999999999712e-01 4.684599999999999875e-02 -9.989019999999999566e-01 9.659999999999999533e-04 9.989019999999999566e-01 4.684499999999999775e-02 -1.093999999999999920e-03
1.700000000000000000e+01 4.400000000000000000e+01 7.300000000000000000e+01 0.000000000000000000e+00 1.600000000000000089e+00 -3.200000000000000262e-04 -1.876999999999999979e-03 9.999980000000000535e-01 5.095899999999999735e-02 -9.986990000000000034e-01 -1.858999999999999975e-03 9.987009999999999499e-01 5.095800000000000329e-02 4.150000000000000043e-04
2.300000000000000000e+01 4.400000000000000000e+01 7.300000000000000000e+01 0.000000000000000000e+00 1.600000000000000089e+00 4.020000000000000136e-04 -2.098000000000000038e-03 9.999980000000000535e-01 4.785600000000000270e-02 -9.988519999999999621e-01 -2.115000000000000126e-03 9.988540000000000196e-01 4.785600000000000270e-02 -3.009999999999999980e-04
4.000000000000000000e+00 5.100000000000000000e+01 7.600000000000000000e+01 0.000000000000000000e+00 1.600000000000000089e+00 -1.809000000000000061e-03 -7.078000000000000090e-03 -9.999730000000000008e-01 -4.146310000000000273e-01 -9.099610000000000198e-01 7.191000000000000343e-03 -9.099880000000000191e-01 4.146329999999999738e-01 -1.288000000000000082e-03
1.900000000000000000e+01 5.100000000000000000e+01 7.600000000000000000e+01 0.000000000000000000e+00 1.600000000000000089e+00 -6.499999999999999431e-05 -4.800000000000000122e-04 -1.000000000000000000e+00 -4.157219999999999804e-01 -9.094919999999999671e-01 4.640000000000000027e-04 -9.094919999999999671e-01 4.157219999999999804e-01 -1.410000000000000120e-04
2.400000000000000000e+01 5.100000000000000000e+01 7.600000000000000000e+01 0.000000000000000000e+00 1.600000000000000089e+00 -6.409999999999999682e-04 4.748999999999999749e-03 -9.999879999999999880e-01 -4.138649999999999829e-01 -9.103290000000000548e-01 -4.057999999999999975e-03 -9.103379999999999805e-01 4.138580000000000036e-01 2.549000000000000050e-03
