2.800000000000000000e+01 2.500000000000000000e+01 1.000000000000000000e+00 0.000000000000000000e+00 1.600000000000000089e+00 -6.458899999999999364e-02 -8.923999999999999641e-03 -9.978719999999999812e-01 -5.396220000000000461e-01 -8.408369999999999456e-01 4.244799999999999962e-02 -8.394260000000000055e-01 5.412150000000000016e-01 4.949300000000000227e-02
7.000000000000000000e+00 1.600000000000000000e+01 4.000000000000000000e+00 0.000000000000000000e+00 1.600000000000000089e+00 -3.539999999999999853e-04 9.657999999999999918e-03 9.999529999999999808e-01 3.223770000000000246e-01 -9.465660000000000185e-01 9.256999999999999604e-03 9.466109999999999802e-01 3.223650000000000126e-01 -2.778999999999999786e-03
1.600000000000000000e+01 1.600000000000000000e+01 4.000000000000000000e+00 0.000000000000000000e+00 1.600000000000000089e+00 -2.271000000000000015e-03 5.465000000000000240e-03 9.999820000000000375e-01 3.230979999999999963e-01 -9.463470000000000493e-01 5.905999999999999792e-03 9.463629999999999542e-01 3.231060000000000043e-01 3.829999999999999854e-04
2.000000000000000000e+01 1.600000000000000000e+01 4.000000000000000000e+00 0.000000000000000000e+00 1.600000000000000089e+00 2.397999999999999958e-03 6.346000000000000078e-03 9.999770000000000048e-01 3.248019999999999796e-01 -9.457680000000000531e-01 5.223000000000000212e-03 9.457790000000000363e-01 3.247820000000000151e-01 -4.329000000000000382e-03
2.500000000000000000e+01 1.600000000000000000e+01 4.000000000000000000e+00 0.000000000000000000e+00 1.600000000000000089e+00 3.368999999999999773e-02 -1.033079999999999971e-01 9.940790000000000459e-01 3.403249999999999886e-01 -9.340150000000000396e-01 -1.086000000000000021e-01 9.397039999999999837e-01 3.419690000000000230e-01 3.691999999999999969e-03
2.200000000000000000e+01 1.010000000000000000e+02 7.000000000000000000e+00 0.000000000000000000e+00 1.600000000000000089e+00 2.822999999999999989e-03 1.237100000000000005e-02 9.999200000000000310e-01 8.902919999999999723e-01 4.553170000000000273e-01 -8.146999999999999728e-03 -4.553820000000000090e-01 8.902430000000000065e-01 -9.728000000000000536e-03
2.700000000000000000e+01 1.010000000000000000e+02 7.000000000000000000e+00 0.000000000000000000e+00 1.600000000000000089e+00 -1.128000000000000096e-03 4.398699999999999832e-02 9.990310000000000024e-01 8.874379999999999491e-01 4.605239999999999889e-01 -1.927399999999999947e-02 -4.609260000000000024e-01 8.865570000000000395e-01 -3.955600000000000088e-02
2.800000000000000000e+01 2.500000000000000000e+01 8.000000000000000000e+00 0.000000000000000000e+00 1.600000000000000089e+00 6.353399999999999326e-02 2.027670000000000028e-01 -9.771640000000000326e-01 4.563599999999999879e-01 8.648679999999999701e-01 2.091369999999999896e-01 8.875239999999999796e-01 -4.592260000000000231e-01 -3.758600000000000135e-02
5.000000000000000000e+00 2.600000000000000000e+01 8.000000000000000000e+00 0.000000000000000000e+00 1.600000000000000089e+00 -3.804000000000000090e-03 -2.664999999999999834e-03 -9.999890000000000168e-01 4.282489999999999908e-01 9.036520000000000108e-01 -4.036999999999999790e-03 9.036530000000000395e-01 -4.282599999999999740e-01 -2.295999999999999864e-03
1.000000000000000000e+01 2.600000000000000000e+01 8.000000000000000000e+00 0.000000000000000000e+00 1.600000000000000089e+00 -2.273999999999999980e-03 -9.903000000000000344e-03 -9.999479999999999480e-01 4.272029999999999994e-01 9.041010000000000435e-01 -9.926000000000000795e-03 9.041529999999999845e-01 -4.272039999999999726e-01 2.174999999999999850e-03
1.400000000000000000e+01 2.600000000000000000e+01 8.000000000000000000e+00 0.000000000000000000e+00 1.600000000000000089e+00 -3.102000000000000157e-03 -1.488300000000000040e-02 -9.998839999999999950e-01 4.272699999999999831e-01 9.040030000000000010e-01 -1.478100000000000074e-02 9.041190000000000060e-01 -4.272670000000000079e-01 3.555000000000000000e-03
2.000000000000000000e+01 2.600000000000000000e+01 8.000000000000000000e+00 0.000000000000000000e+00 1.600000000000000089e+00 7.240000000000000342e-04 1.275000000000000092e-03 -9.999989999999999712e-01 4.289109999999999867e-01 9.033449999999999536e-01 1.463000000000000108e-03 9.033459999999999823e-01 -4.289120000000000155e-01 1.069999999999999988e-04
2.000000000000000000e+00 1.400000000000000000e+01 9.000000000000000000e+00 0.000000000000000000e+00 1.600000000000000089e+00 6.143000000000000023e-03 1.949000000000000038e-02 -9.997909999999999853e-01 -5.551030000000000131e-01 -8.315500000000000114e-01 -1.962099999999999955e-02 -8.317590000000000261e-01 5.551070000000000171e-01 5.710999999999999931e-03
6.000000000000000000e+00 1.400000000000000000e+01 9.000000000000000000e+00 0.000000000000000000e+00 1.600000000000000089e+00 5.342000000000000394e-03 1.183599999999999930e-02 -9.999160000000000270e-01 -5.545520000000000449e-01 -8.320499999999999563e-01 -1.281099999999999947e-02 -8.321319999999999828e-01 5.545740000000000114e-01 2.118999999999999790e-03
1.000000000000000000e+01 1.400000000000000000e+01 9.000000000000000000e+00 0.000000000000000000e+00 1.600000000000000089e+00 2.449999999999999921e-03 3.092999999999999829e-03 -9.999919999999999920e-01 -5.551300000000000123e-01 -8.317539999999999933e-01 -3.932999999999999864e-03 -8.317600000000000549e-01 5.551350000000000451e-01 -3.209999999999999963e-04
2.800000000000000000e+01 2.400000000000000000e+01 9.000000000000000000e+00 0.000000000000000000e+00 1.600000000000000089e+00 5.811499999999999999e-02 2.122529999999999972e-01 -9.754850000000000465e-01 4.618619999999999948e-01 8.605589999999999629e-01 2.147620000000000084e-01 8.850459999999999994e-01 -4.630199999999999871e-01 -4.802000000000000018e-02
2.500000000000000000e+01 4.000000000000000000e+00 1.100000000000000000e+01 0.000000000000000000e+00 1.600000000000000089e+00 -6.175300000000000233e-02 -6.681249999999999689e-01 -7.414819999999999744e-01 1.720669999999999977e-01 7.246510000000000451e-01 -6.672890000000000210e-01 9.831480000000000219e-01 -1.687919999999999976e-01 7.021299999999999764e-02
4.000000000000000000e+00 3.100000000000000000e+01 1.200000000000000000e+01 0.000000000000000000e+00 1.600000000000000089e+00 7.249999999999999500e-04 8.899999999999999491e-05 1.000000000000000000e+00 1.363600000000000055e-02 9.999069999999999903e-01 -9.899999999999999404e-05 -9.999069999999999903e-01 1.363699999999999982e-02 7.230000000000000098e-04
1.700000000000000000e+01 3.100000000000000000e+01 1.200000000000000000e+01 0.000000000000000000e+00 1.600000000000000089e+00 2.799999999999999755e-04 -4.100000000000000047e-05 1.000000000000000000e+00 1.740399999999999933e-02 9.998489999999999878e-01 3.600000000000000091e-05 -9.998479999999999590e-01 1.740399999999999933e-02 2.799999999999999755e-04
2.500000000000000000e+01 3.100000000000000000e+01 1.200000000000000000e+01 0.000000000000000000e+00 1.600000000000000089e+00 2.681999999999999922e-03 3.860000000000000150e-03 9.999890000000000168e-01 1.033000000000000064e-02 9.999390000000000223e-01 -3.886999999999999830e-03 -9.999430000000000263e-01 1.034000000000000023e-02 2.641999999999999817e-03
2.000000000000000000e+01 3.200000000000000000e+01 1.400000000000000000e+01 0.000000000000000000e+00 1.600000000000000089e+00 1.670999999999999959e-03 1.936999999999999920e-03 -9.999970000000000248e-01 1.270380000000000120e-01 9.918959999999999999e-01 2.134000000000000046e-03 9.918959999999999999e-01 -1.270409999999999873e-01 1.410999999999999928e-03
2.800000000000000000e+01 1.200000000000000000e+01 1.500000000000000000e+01 0.000000000000000000e+00 1.600000000000000089e+00 -4.908499999999999669e-02 -7.232600000000000140e-02 -9.961719999999999464e-01 -4.618380000000000263e-01 -8.827030000000000154e-01 8.684400000000000452e-02 -8.856049999999999756e-01 4.643329999999999957e-01 9.924999999999999795e-03
7.000000000000000000e+00 1.160000000000000000e+02 1.600000000000000000e+01 0.000000000000000000e+00 1.600000000000000089e+00 -1.685999999999999999e-03 -2.442000000000000160e-03 9.999959999999999960e-01 7.013139999999999930e-01 7.128470000000000084e-01 2.923999999999999950e-03 -7.128510000000000124e-01 7.013160000000000505e-01 5.109999999999999525e-04
1.100000000000000000e+01 1.160000000000000000e+02 1.600000000000000000e+01 0.000000000000000000e+00 1.600000000000000089e+00 -8.970000000000000109e-04 -6.639999999999999852e-04 9.999989999999999712e-01 6.774850000000000039e-01 7.355359999999999676e-01 1.095999999999999969e-03 -7.355359999999999676e-01 6.774850000000000039e-01 -2.100000000000000087e-04
1.400000000000000000e+01 1.160000000000000000e+02 1.600000000000000000e+01 0.000000000000000000e+00 1.600000000000000089e+00 7.169999999999999724e-04 8.940000000000000464e-04 9.999989999999999712e-01 6.721089999999999565e-01 7.404509999999999703e-01 -1.144000000000000052e-03 -7.404519999999999991e-01 6.721089999999999565e-01 -6.999999999999999387e-05
2.200000000000000000e+01 1.160000000000000000e+02 1.600000000000000000e+01 0.000000000000000000e+00 1.600000000000000089e+00 5.370999999999999906e-03 6.236000000000000223e-03 9.999660000000000215e-01 6.857419999999999627e-01 7.277979999999999450e-01 -8.222000000000000142e-03 -7.278250000000000552e-01 6.857630000000000114e-01 -3.669999999999999760e-04
2.500000000000000000e+01 1.160000000000000000e+02 1.600000000000000000e+01 0.000000000000000000e+00 1.600000000000000089e+00 1.576699999999999977e-02 2.596899999999999903e-02 9.995380000000000376e-01 7.024280000000000523e-01 7.111399999999999944e-01 -2.955699999999999994e-02 -7.115799999999999903e-01 7.025700000000000278e-01 -7.028000000000000393e-03
1.000000000000000000e+00 2.000000000000000000e+00 1.900000000000000000e+01 0.000000000000000000e+00 1.600000000000000089e+00 -1.435999999999999993e-03 -6.774999999999999772e-03 -9.999759999999999760e-01 1.671030000000000015e-01 -9.859179999999999611e-01 6.440000000000000412e-03 -9.859379999999999811e-01 -1.670889999999999875e-01 2.547999999999999918e-03
5.000000000000000000e+00 2.000000000000000000e+00 1.900000000000000000e+01 0.000000000000000000e+00 1.600000000000000089e+00 -1.013999999999999927e-03 4.505000000000000324e-03 -9.999890000000000168e-01 1.597629999999999884e-01 -9.871450000000000502e-01 -4.609000000000000249e-03 -9.871550000000000047e-01 -1.597659999999999914e-01 2.809999999999999998e-04
1.000000000000000000e+01 2.000000000000000000e+00 1.900000000000000000e+01 0.000000000000000000e+00 1.600000000000000089e+00 3.282999999999999894e-03 2.030000000000000012e-04 -9.999949999999999672e-01 1.601809999999999901e-01 -9.870879999999999654e-01 3.260000000000000094e-04 -9.870820000000000149e-01 -1.601819999999999911e-01 -3.272999999999999868e-03
1.300000000000000000e+01 2.000000000000000000e+00 1.900000000000000000e+01 0.000000000000000000e+00 1.600000000000000089e+00 2.910999999999999959e-03 -1.804999999999999964e-03 -9.999940000000000495e-01 1.613860000000000017e-01 -9.868890000000000162e-01 2.250999999999999963e-03 -9.868869999999999587e-01 -1.613920000000000077e-01 -2.580999999999999961e-03
1.800000000000000000e+01 2.000000000000000000e+00 1.900000000000000000e+01 0.000000000000000000e+00 1.600000000000000089e+00 -7.110000000000000434e-04 -8.770000000000000018e-03 -9.999609999999999888e-01 1.622190000000000021e-01 -9.867179999999999840e-01 8.538000000000000450e-03 -9.867550000000000487e-01 -1.622069999999999901e-01 2.124000000000000020e-03
2.500000000000000000e+01 2.000000000000000000e+00 1.900000000000000000e+01 0.000000000000000000e+00 1.600000000000000089e+00 -1.371799999999999929e-02 3.515700000000000075e-02 -9.992879999999999541e-01 1.815279999999999949e-01 -9.826869999999999772e-01 -3.706500000000000072e-02 -9.832899999999999974e-01 -1.819070000000000131e-01 7.099000000000000275e-03
6.000000000000000000e+00 1.300000000000000000e+01 2.000000000000000000e+01 0.000000000000000000e+00 1.600000000000000089e+00 8.000000000000000654e-05 -1.570999999999999914e-03 9.999989999999999712e-01 2.606260000000000243e-01 9.654390000000000471e-01 1.495999999999999934e-03 -9.654399999999999649e-01 2.606260000000000243e-01 4.870000000000000197e-04
1.200000000000000000e+01 1.300000000000000000e+01 2.000000000000000000e+01 0.000000000000000000e+00 1.600000000000000089e+00 1.077999999999999965e-03 -2.609000000000000208e-03 9.999959999999999960e-01 2.620580000000000132e-01 9.650499999999999634e-01 2.236000000000000140e-03 -9.650520000000000209e-01 2.620540000000000092e-01 1.724000000000000055e-03
1.700000000000000000e+01 1.300000000000000000e+01 2.000000000000000000e+01 0.000000000000000000e+00 1.600000000000000089e+00 9.759999999999999796e-04 9.340000000000000429e-04 9.999989999999999712e-01 2.622289999999999899e-01 9.650050000000000017e-01 -1.157000000000000042e-03 -9.650050000000000017e-01 2.622300000000000186e-01 6.970000000000000284e-04
2.100000000000000000e+01 1.300000000000000000e+01 2.000000000000000000e+01 0.000000000000000000e+00 1.600000000000000089e+00 1.129999999999999928e-03 1.087499999999999925e-02 9.999400000000000510e-01 2.614699999999999802e-01 9.651509999999999811e-01 -1.079199999999999951e-02 -9.652110000000000412e-01 2.614670000000000050e-01 -1.752000000000000085e-03
2.800000000000000000e+01 1.300000000000000000e+01 2.000000000000000000e+01 0.000000000000000000e+00 1.600000000000000089e+00 4.575000000000000074e-03 6.873500000000000443e-02 9.976239999999999553e-01 2.602360000000000229e-01 9.631790000000000074e-01 -6.755500000000000393e-02 -9.655340000000000034e-01 2.599270000000000191e-01 -1.348099999999999993e-02
6.000000000000000000e+00 1.600000000000000000e+01 2.100000000000000000e+01 0.000000000000000000e+00 1.600000000000000089e+00 7.020000000000000415e-04 7.069999999999999462e-04 1.000000000000000000e+00 2.987000000000000210e-01 9.543469999999999454e-01 -8.850000000000000444e-04 -9.543469999999999454e-01 2.987000000000000210e-01 4.589999999999999896e-04
1.400000000000000000e+01 1.600000000000000000e+01 2.100000000000000000e+01 0.000000000000000000e+00 1.600000000000000089e+00 6.359999999999999551e-04 -1.461999999999999975e-03 9.999989999999999712e-01 2.978390000000000204e-01 9.546160000000000201e-01 1.206000000000000041e-03 -9.546160000000000201e-01 2.978370000000000184e-01 1.043000000000000090e-03
1.800000000000000000e+01 1.600000000000000000e+01 2.100000000000000000e+01 0.000000000000000000e+00 1.600000000000000089e+00 2.030000000000000012e-04 2.027999999999999855e-03 9.999980000000000535e-01 2.956239999999999979e-01 9.553019999999999845e-01 -1.997000000000000077e-03 -9.553040000000000420e-01 2.956230000000000246e-01 -4.049999999999999781e-04
2.100000000000000000e+01 1.600000000000000000e+01 2.100000000000000000e+01 0.000000000000000000e+00 1.600000000000000089e+00 1.137999999999999906e-03 1.013099999999999938e-02 9.999479999999999480e-01 2.948620000000000130e-01 9.554869999999999752e-01 -1.001600000000000060e-02 -9.555390000000000272e-01 2.948580000000000090e-01 -1.899999999999999996e-03
2.800000000000000000e+01 1.600000000000000000e+01 2.100000000000000000e+01 0.000000000000000000e+00 1.600000000000000089e+00 8.092999999999999500e-03 7.516000000000000458e-02 9.971389999999999976e-01 2.972080000000000277e-01 9.519279999999999964e-01 -7.416399999999999382e-02 -9.547780000000000156e-01 2.969579999999999997e-01 -1.463399999999999944e-02
1.800000000000000000e+01 4.600000000000000000e+01 2.700000000000000000e+01 0.000000000000000000e+00 1.600000000000000089e+00 1.152999999999999945e-03 1.619999999999999912e-03 -9.999980000000000535e-01 6.885750000000000481e-01 7.251630000000000020e-01 1.968999999999999830e-03 7.251640000000000308e-01 -6.885759999999999659e-01 -2.790000000000000054e-04
3.000000000000000000e+00 4.600000000000000000e+01 3.000000000000000000e+01 0.000000000000000000e+00 1.600000000000000089e+00 7.299999999999999903e-05 1.299999999999999920e-05 -1.000000000000000000e+00 3.344260000000000010e-01 9.424219999999999819e-01 3.699999999999999811e-05 9.424219999999999819e-01 -3.344260000000000010e-01 6.499999999999999431e-05
4.000000000000000000e+00 5.800000000000000000e+01 3.100000000000000000e+01 0.000000000000000000e+00 1.600000000000000089e+00 -2.703000000000000107e-03 1.900000000000000105e-04 9.999959999999999960e-01 -7.964329999999999465e-01 -6.047240000000000393e-01 -2.037999999999999881e-03 6.047209999999999530e-01 -7.964350000000000041e-01 1.786000000000000044e-03
9.000000000000000000e+00 5.800000000000000000e+01 3.100000000000000000e+01 0.000000000000000000e+00 1.600000000000000089e+00 1.410000000000000120e-04 5.770000000000000389e-04 1.000000000000000000e+00 -7.968410000000000215e-01 -6.041889999999999761e-01 4.600000000000000139e-04 6.041900000000000048e-01 -7.968399999999999928e-01 3.750000000000000078e-04
1.500000000000000000e+01 5.800000000000000000e+01 3.100000000000000000e+01 0.000000000000000000e+00 1.600000000000000089e+00 -1.023000000000000038e-03 -8.399999999999999535e-05 1.000000000000000000e+00 -7.980620000000000491e-01 -6.025749999999999718e-01 -8.670000000000000406e-04 6.025749999999999718e-01 -7.980620000000000491e-01 5.490000000000000088e-04
2.000000000000000000e+01 5.800000000000000000e+01 3.100000000000000000e+01 0.000000000000000000e+00 1.600000000000000089e+00 9.150000000000000147e-04 -1.502999999999999996e-03 9.999980000000000535e-01 -7.980570000000000164e-01 -6.025819999999999510e-01 -1.749999999999999982e-04 6.025810000000000333e-01 -7.980549999999999589e-01 -1.750000000000000036e-03
2.500000000000000000e+01 5.800000000000000000e+01 3.100000000000000000e+01 0.000000000000000000e+00 1.600000000000000089e+00 2.004399999999999932e-02 3.843799999999999994e-02 9.990599999999999481e-01 -7.889089999999999714e-01 -6.132440000000000113e-01 3.942199999999999871e-02 6.141830000000000345e-01 -7.889580000000000481e-01 1.803199999999999942e-02
1.100000000000000000e+01 3.200000000000000000e+01 3.300000000000000000e+01 0.000000000000000000e+00 1.600000000000000089e+00 2.000000000000000042e-03 1.997000000000000077e-03 9.999959999999999960e-01 -2.691890000000000116e-01 9.630859999999999976e-01 -1.384999999999999946e-03 -9.630849999999999689e-01 -2.691850000000000076e-01 2.462999999999999912e-03
4.000000000000000000e+00 4.600000000000000000e+01 3.500000000000000000e+01 0.000000000000000000e+00 1.600000000000000089e+00 6.130000000000000466e-04 3.239000000000000126e-03 -9.999949999999999672e-01 3.902220000000000133e-01 -9.207170000000000076e-01 -2.743000000000000212e-03 -9.207210000000000116e-01 -3.902180000000000093e-01 -1.828999999999999897e-03
1.200000000000000000e+01 4.600000000000000000e+01 3.500000000000000000e+01 0.000000000000000000e+00 1.600000000000000089e+00 9.179999999999999792e-04 -5.733000000000000249e-03 -9.999829999999999552e-01 3.901680000000000148e-01 -9.207269999999999621e-01 5.636000000000000384e-03 -9.207429999999999781e-01 -3.901660000000000128e-01 1.392000000000000008e-03
1.600000000000000000e+01 4.600000000000000000e+01 3.500000000000000000e+01 0.000000000000000000e+00 1.600000000000000089e+00 2.239999999999999966e-04 -6.710000000000000469e-04 -1.000000000000000000e+00 3.893880000000000119e-01 -9.210739999999999483e-01 7.050000000000000060e-04 -9.210739999999999483e-01 -3.893880000000000119e-01 5.500000000000000196e-05
2.500000000000000000e+01 4.600000000000000000e+01 3.500000000000000000e+01 0.000000000000000000e+00 1.600000000000000089e+00 -8.739999999999999939e-04 2.625399999999999956e-02 -9.996549999999999603e-01 3.898110000000000186e-01 -9.205680000000000529e-01 -2.451800000000000160e-02 -9.208939999999999904e-01 -3.896979999999999889e-01 -9.429999999999999147e-03
2.000000000000000000e+00 9.500000000000000000e+01 3.600000000000000000e+01 0.000000000000000000e+00 1.600000000000000089e+00 6.300000000000000261e-04 -2.670499999999999957e-02 9.996429999999999483e-01 9.973509999999999875e-01 7.272699999999999998e-02 1.314000000000000064e-03 -7.273599999999999510e-02 9.969940000000000468e-01 2.667999999999999886e-02
5.000000000000000000e+00 9.500000000000000000e+01 3.600000000000000000e+01 0.000000000000000000e+00 1.600000000000000089e+00 -2.664999999999999834e-03 -2.748499999999999902e-02 9.996190000000000353e-01 9.972689999999999610e-01 7.370400000000000562e-02 4.684999999999999928e-03 -7.380399999999999461e-02 9.969010000000000371e-01 2.721399999999999861e-02
8.000000000000000000e+00 9.500000000000000000e+01 3.600000000000000000e+01 0.000000000000000000e+00 1.600000000000000089e+00 -2.125000000000000153e-03 -1.846700000000000078e-02 9.998270000000000213e-01 9.973090000000000011e-01 7.323300000000000642e-02 3.471999999999999826e-03 -7.328500000000000292e-02 9.971440000000000303e-01 1.826200000000000045e-02
1.300000000000000000e+01 9.500000000000000000e+01 3.600000000000000000e+01 0.000000000000000000e+00 1.600000000000000089e+00 -1.257000000000000088e-03 3.980000000000000031e-03 9.999909999999999632e-01 9.970390000000000086e-01 7.688599999999999601e-02 9.470000000000000336e-04 -7.688100000000000489e-02 9.970320000000000293e-01 -4.065000000000000037e-03
1.600000000000000000e+01 9.500000000000000000e+01 3.600000000000000000e+01 0.000000000000000000e+00 1.600000000000000089e+00 -2.099999999999999884e-05 6.598999999999999831e-03 9.999780000000000335e-01 9.968390000000000306e-01 7.945000000000000673e-02 -5.029999999999999749e-04 -7.945199999999999485e-02 9.968169999999999531e-01 -6.579999999999999911e-03
2.800000000000000000e+01 3.000000000000000000e+00 4.300000000000000000e+01 0.000000000000000000e+00 1.600000000000000089e+00 3.645799999999999735e-02 2.006040000000000045e-01 -9.789940000000000309e-01 7.310849999999999849e-01 -6.732409999999999783e-01 -1.107260000000000050e-01 -6.813109999999999999e-01 -7.116909999999999625e-01 -1.712039999999999951e-01
5.000000000000000000e+00 2.900000000000000000e+01 4.400000000000000000e+01 0.000000000000000000e+00 1.600000000000000089e+00 -3.887999999999999963e-03 -2.912999999999999791e-03 -9.999879999999999880e-01 6.763900000000000468e-01 7.365279999999999605e-01 -4.775999999999999863e-03 7.365340000000000220e-01 -6.764000000000000012e-01 -8.930000000000000221e-04
1.600000000000000000e+01 2.900000000000000000e+01 4.400000000000000000e+01 0.000000000000000000e+00 1.600000000000000089e+00 -1.833999999999999910e-03 3.710000000000000190e-04 -9.999980000000000535e-01 6.561139999999999750e-01 7.546610000000000262e-01 -9.240000000000000166e-04 7.546599999999999975e-01 -6.561139999999999750e-01 -1.628000000000000107e-03
2.200000000000000000e+01 2.900000000000000000e+01 4.400000000000000000e+01 0.000000000000000000e+00 1.600000000000000089e+00 2.469999999999999865e-04 4.516000000000000049e-03 -9.999900000000000455e-01 6.544879999999999587e-01 7.560639999999999583e-01 3.576000000000000185e-03 7.560719999999999663e-01 -6.544820000000000082e-01 -2.769000000000000194e-03
2.800000000000000000e+01 2.900000000000000000e+01 4.400000000000000000e+01 0.000000000000000000e+00 1.600000000000000089e+00 1.835300000000000126e-02 3.163300000000000139e-02 -9.993309999999999693e-01 6.471580000000000110e-01 7.615060000000000162e-01 3.599000000000000116e-02 7.621350000000000069e-01 -6.473860000000000170e-01 -6.496000000000000038e-03
9.000000000000000000e+00 7.000000000000000000e+01 4.700000000000000000e+01 0.000000000000000000e+00 1.600000000000000089e+00 -4.870000000000000197e-04 -3.849999999999999798e-04 -1.000000000000000000e+00 -8.423040000000000527e-01 -5.390030000000000099e-01 6.179999999999999513e-04 -5.390030000000000099e-01 8.423040000000000527e-01 -6.200000000000000270e-05
1.000000000000000000e+01 6.000000000000000000e+00 5.100000000000000000e+01 0.000000000000000000e+00 1.600000000000000089e+00 -1.466000000000000072e-03 -2.269999999999999882e-04 -9.999989999999999712e-01 3.236010000000000275e-01 -9.461929999999999508e-01 -2.599999999999999772e-04 -9.461920000000000330e-01 -3.236010000000000275e-01 1.461000000000000059e-03
5.000000000000000000e+00 1.150000000000000000e+02 5.100000000000000000e+01 0.000000000000000000e+00 1.600000000000000089e+00 -1.603000000000000041e-03 -4.989999999999999644e-03 9.999860000000000415e-01 8.442939999999999889e-01 -5.358789999999999942e-01 -1.320999999999999909e-03 5.358779999999999655e-01 8.442800000000000304e-01 5.072000000000000119e-03
1.300000000000000000e+01 7.000000000000000000e+00 5.200000000000000000e+01 0.000000000000000000e+00 1.600000000000000089e+00 3.563000000000000195e-03 -2.521999999999999936e-03 -9.999900000000000455e-01 8.889099999999999779e-02 -9.960369999999999502e-01 2.827999999999999785e-03 -9.960350000000000037e-01 -8.890000000000000679e-02 -3.324999999999999831e-03
3.000000000000000000e+00 6.300000000000000000e+01 5.400000000000000000e+01 0.000000000000000000e+00 1.600000000000000089e+00 2.213000000000000123e-03 -3.000000000000000076e-06 9.999980000000000535e-01 -3.520130000000000203e-01 9.359950000000000214e-01 7.820000000000000345e-04 -9.359929999999999639e-01 -3.520130000000000203e-01 2.069999999999999792e-03
1.000000000000000000e+01 6.300000000000000000e+01 5.400000000000000000e+01 0.000000000000000000e+00 1.600000000000000089e+00 -6.980000000000000527e-04 -1.000000000000000048e-04 1.000000000000000000e+00 -3.534530000000000172e-01 9.354519999999999502e-01 -1.540000000000000028e-04 -9.354519999999999502e-01 -3.534530000000000172e-01 -6.890000000000000508e-04
1.600000000000000000e+01 6.300000000000000000e+01 5.400000000000000000e+01 0.000000000000000000e+00 1.600000000000000089e+00 4.789999999999999879e-04 3.930999999999999599e-03 9.999919999999999920e-01 -3.556400000000000117e-01 9.346170000000000311e-01 -3.504000000000000170e-03 -9.346229999999999816e-01 -3.556349999999999789e-01 1.845999999999999985e-03
1.900000000000000000e+01 6.300000000000000000e+01 5.400000000000000000e+01 0.000000000000000000e+00 1.600000000000000089e+00 -5.569999999999999864e-04 2.693000000000000081e-03 9.999959999999999960e-01 -3.553669999999999884e-01 9.347229999999999706e-01 -2.716000000000000098e-03 -9.347269999999999746e-01 -3.553680000000000172e-01 4.369999999999999970e-04
2.100000000000000000e+01 6.300000000000000000e+01 5.400000000000000000e+01 0.000000000000000000e+00 1.600000000000000089e+00 3.399999999999999973e-05 3.109999999999999917e-03 9.999949999999999672e-01 -3.548839999999999772e-01 9.349060000000000148e-01 -2.896000000000000137e-03 -9.349100000000000188e-01 -3.548819999999999752e-01 1.136000000000000074e-03
2.800000000000000000e+01 6.300000000000000000e+01 5.400000000000000000e+01 0.000000000000000000e+00 1.600000000000000089e+00 4.695000000000000388e-03 3.252300000000000330e-02 9.994600000000000151e-01 -3.532819999999999849e-01 9.350739999999999608e-01 -2.876799999999999843e-02 -9.355050000000000310e-01 -3.529559999999999920e-01 1.587999999999999828e-02
1.000000000000000000e+00 2.500000000000000000e+01 5.500000000000000000e+01 0.000000000000000000e+00 1.600000000000000089e+00 -1.193000000000000050e-03 4.583000000000000268e-03 -9.999890000000000168e-01 -1.052799999999999916e-02 -9.999339999999999895e-01 -4.570000000000000277e-03 -9.999440000000000550e-01 1.052299999999999937e-02 1.240999999999999916e-03
5.000000000000000000e+00 2.500000000000000000e+01 5.500000000000000000e+01 0.000000000000000000e+00 1.600000000000000089e+00 3.570000000000000040e-04 1.539999999999999919e-03 -9.999989999999999712e-01 -1.115700000000000025e-02 -9.999369999999999647e-01 -1.544000000000000017e-03 -9.999379999999999935e-01 1.115700000000000025e-02 -3.390000000000000001e-04
1.000000000000000000e+01 2.500000000000000000e+01 5.500000000000000000e+01 0.000000000000000000e+00 1.600000000000000089e+00 -4.510000000000000120e-04 -1.525000000000000097e-03 -9.999989999999999712e-01 -1.206499999999999934e-02 -9.999259999999999815e-01 1.529999999999999893e-03 -9.999270000000000103e-01 1.206600000000000034e-02 4.319999999999999838e-04
1.400000000000000000e+01 2.500000000000000000e+01 5.500000000000000000e+01 0.000000000000000000e+00 1.600000000000000089e+00 1.479000000000000063e-03 -2.329999999999999986e-04 -9.999989999999999712e-01 -1.240400000000000010e-02 -9.999230000000000063e-01 2.149999999999999947e-04 -9.999219999999999775e-01 1.240300000000000083e-02 -1.482000000000000027e-03
2.000000000000000000e+01 2.500000000000000000e+01 5.500000000000000000e+01 0.000000000000000000e+00 1.600000000000000089e+00 -3.370000000000000057e-04 -2.500000000000000120e-05 -1.000000000000000000e+00 -1.221399999999999916e-02 -9.999249999999999527e-01 3.000000000000000076e-05 -9.999249999999999527e-01 1.221399999999999916e-02 3.359999999999999814e-04
2.600000000000000000e+01 2.500000000000000000e+01 5.500000000000000000e+01 0.000000000000000000e+00 1.600000000000000089e+00 8.329999999999999731e-04 8.210000000000000284e-03 -9.999660000000000215e-01 -1.233899999999999927e-02 -9.998899999999999455e-01 -8.219999999999999876e-03 -9.999240000000000350e-01 1.234599999999999934e-02 -7.309999999999999875e-04
2.900000000000000000e+01 2.500000000000000000e+01 5.500000000000000000e+01 0.000000000000000000e+00 1.600000000000000089e+00 1.809000000000000061e-03 4.772000000000000200e-03 -9.999869999999999592e-01 -1.326500000000000075e-02 -9.999010000000000398e-01 -4.795999999999999916e-03 -9.999099999999999655e-01 1.327399999999999934e-02 -1.745000000000000023e-03
2.800000000000000000e+01 2.100000000000000000e+01 6.000000000000000000e+01 0.000000000000000000e+00 1.600000000000000089e+00 -4.460999999999999688e-03 5.125400000000000095e-02 9.986760000000000081e-01 -9.254300000000000026e-02 9.943790000000000129e-01 -5.144699999999999968e-02 -9.956990000000000007e-01 -9.264999999999999625e-02 3.080000000000000055e-04
3.000000000000000000e+00 2.700000000000000000e+01 6.300000000000000000e+01 0.000000000000000000e+00 1.600000000000000089e+00 3.582999999999999814e-03 2.105999999999999799e-03 9.999909999999999632e-01 -2.836739999999999817e-01 9.589199999999999946e-01 -1.003999999999999901e-03 -9.589140000000000441e-01 -2.836679999999999757e-01 4.033000000000000126e-03
7.000000000000000000e+00 2.700000000000000000e+01 6.300000000000000000e+01 0.000000000000000000e+00 1.600000000000000089e+00 2.098000000000000038e-03 2.347999999999999827e-03 9.999949999999999672e-01 -2.846549999999999914e-01 9.586289999999999534e-01 -1.654000000000000088e-03 -9.586280000000000356e-01 -2.846500000000000141e-01 2.678999999999999958e-03
1.500000000000000000e+01 2.700000000000000000e+01 6.300000000000000000e+01 0.000000000000000000e+00 1.600000000000000089e+00 1.817000000000000039e-03 -6.610000000000000207e-04 9.999980000000000535e-01 -2.876819999999999933e-01 9.577250000000000485e-01 1.155999999999999910e-03 -9.577240000000000197e-01 -2.876830000000000220e-01 1.549999999999999946e-03
1.900000000000000000e+01 2.700000000000000000e+01 6.300000000000000000e+01 0.000000000000000000e+00 1.600000000000000089e+00 -5.919999999999999698e-04 5.930000000000000375e-03 9.999820000000000375e-01 -2.908129999999999882e-01 9.567620000000000013e-01 -5.845999999999999634e-03 -9.567799999999999638e-01 -2.908109999999999862e-01 1.157999999999999958e-03
2.400000000000000000e+01 2.700000000000000000e+01 6.300000000000000000e+01 0.000000000000000000e+00 1.600000000000000089e+00 -3.164999999999999845e-03 2.617600000000000135e-02 9.996519999999999850e-01 -2.862669999999999937e-01 9.577980000000000382e-01 -2.598599999999999868e-02 -9.581450000000000244e-01 -2.862489999999999757e-01 4.461999999999999821e-03
3.000000000000000000e+01 2.700000000000000000e+01 6.300000000000000000e+01 0.000000000000000000e+00 1.600000000000000089e+00 -4.055999999999999710e-03 2.449000000000000135e-02 9.996920000000000250e-01 -2.817219999999999724e-01 9.591800000000000326e-01 -2.463999999999999871e-02 -9.594869999999999788e-01 -2.817359999999999864e-01 3.008999999999999956e-03
2.000000000000000000e+00 2.600000000000000000e+01 6.400000000000000000e+01 0.000000000000000000e+00 1.600000000000000089e+00 3.776999999999999975e-03 3.023000000000000079e-03 9.999879999999999880e-01 -3.678049999999999931e-01 9.299020000000000064e-01 -1.420999999999999954e-03 -9.298950000000000271e-01 -3.677949999999999831e-01 4.623999999999999638e-03
7.000000000000000000e+00 2.600000000000000000e+01 6.400000000000000000e+01 0.000000000000000000e+00 1.600000000000000089e+00 2.360000000000000119e-03 1.928999999999999942e-03 9.999949999999999672e-01 -3.688580000000000192e-01 9.294850000000000056e-01 -9.219999999999999680e-04 -9.294829999999999481e-01 -3.688540000000000152e-01 2.905000000000000030e-03
1.500000000000000000e+01 2.600000000000000000e+01 6.400000000000000000e+01 0.000000000000000000e+00 1.600000000000000089e+00 3.720000000000000216e-03 1.356999999999999916e-03 9.999919999999999920e-01 -3.709180000000000255e-01 9.286659999999999915e-01 1.190000000000000058e-04 -9.286579999999999835e-01 -3.709149999999999947e-01 3.957999999999999713e-03
1.900000000000000000e+01 2.600000000000000000e+01 6.400000000000000000e+01 0.000000000000000000e+00 1.600000000000000089e+00 -9.139999999999999904e-04 8.439000000000000321e-03 9.999639999999999640e-01 -3.719259999999999788e-01 9.282270000000000243e-01 -8.174000000000000710e-03 -9.282620000000000315e-01 -3.719199999999999728e-01 2.289999999999999935e-03
2.300000000000000000e+01 2.600000000000000000e+01 6.400000000000000000e+01 0.000000000000000000e+00 1.600000000000000089e+00 -5.390999999999999959e-03 2.336099999999999982e-02 9.997129999999999628e-01 -3.685930000000000040e-01 9.292890000000000317e-01 -2.370299999999999838e-02 -9.295750000000000401e-01 -3.686150000000000260e-01 3.601000000000000034e-03
6.000000000000000000e+00 2.500000000000000000e+01 7.300000000000000000e+01 0.000000000000000000e+00 1.600000000000000089e+00 3.190000000000000019e-04 -1.766999999999999908e-03 9.999980000000000535e-01 7.504830000000000112e-01 -6.608889999999999487e-01 -1.407999999999999963e-03 6.608899999999999775e-01 7.504819999999999824e-01 1.115000000000000106e-03
1.000000000000000000e+01 2.500000000000000000e+01 7.300000000000000000e+01 0.000000000000000000e+00 1.600000000000000089e+00 -3.883000000000000167e-03 -2.592000000000000120e-03 9.999890000000000168e-01 7.518960000000000088e-01 -6.592799999999999772e-01 1.211000000000000054e-03 6.592700000000000227e-01 7.518930000000000335e-01 4.508999999999999987e-03
2.200000000000000000e+01 2.500000000000000000e+01 7.300000000000000000e+01 0.000000000000000000e+00 1.600000000000000089e+00 6.748999999999999791e-03 6.889000000000000158e-03 9.999540000000000095e-01 7.571670000000000345e-01 -6.532210000000000516e-01 -6.109999999999999980e-04 6.531869999999999621e-01 7.571360000000000312e-01 -9.624999999999999875e-03
2.800000000000000000e+01 2.500000000000000000e+01 7.300000000000000000e+01 0.000000000000000000e+00 1.600000000000000089e+00 1.277700000000000016e-02 1.079600000000000004e-02 9.998599999999999710e-01 7.490010000000000279e-01 -6.625649999999999595e-01 -2.418000000000000010e-03 6.624459999999999793e-01 7.489270000000000094e-01 -1.655200000000000074e-02
3.000000000000000000e+00 4.400000000000000000e+01 7.300000000000000000e+01 0.000000000000000000e+00 1.600000000000000089e+00 1.559999999999999972e-03 1.613000000000000067e-03 9.999980000000000535e-01 5.442799999999999722e-02 -9.985169999999999879e-01 1.526000000000000013e-03 9.985159999999999592e-01 5.442600000000000215e-02 -1.645999999999999894e-03
9.000000000000000000e+00 4.400000000000000000e+01 7.300000000000000000e+01 0.000000000000000000e+00 1.600000000000000089e+00 1.103000000000000031e-03 4.287000000000000012e-03 9.999900000000000455e-01 5.510999999999999927e-02 -9.984709999999999974e-01 4.218999999999999660e-03 9.984800000000000342e-01 5.510500000000000120e-02 -1.337000000000000081e-03
1.600000000000000000e+01 4.400000000000000000e+01 7.300000000000000000e+01 0.000000000000000000e+00 1.600000000000000089e+00 8.379999999999999862e-04 2.527000000000000166e-03 9.999959999999999960e-01 5.483699999999999686e-02 -9.984920000000000462e-01 2.478000000000000168e-03 9.984950000000000214e-01 5.483500000000000180e-02 -9.749999999999999552e-04
2.000000000000000000e+01 4.400000000000000000e+01 7.300000000000000000e+01 0.000000000000000000e+00 1.600000000000000089e+00 -2.351999999999999924e-03 -7.399999999999999894e-04 9.999970000000000248e-01 5.357499999999999762e-02 -9.985640000000000072e-01 -6.130000000000000466e-04 9.985610000000000319e-01 5.357300000000000256e-02 2.387999999999999932e-03
2.900000000000000000e+01 4.400000000000000000e+01 7.300000000000000000e+01 0.000000000000000000e+00 1.600000000000000089e+00 -5.811000000000000193e-03 -2.730000000000000222e-04 9.999829999999999552e-01 4.742500000000000188e-02 -9.988749999999999574e-01 3.000000000000000076e-06 9.988580000000000236e-01 4.742400000000000088e-02 5.818000000000000255e-03
2.000000000000000000e+01 2.500000000000000000e+01 7.400000000000000000e+01 0.000000000000000000e+00 1.600000000000000089e+00 2.543000000000000121e-03 6.832999999999999664e-03 9.999730000000000008e-01 8.301570000000000338e-01 -5.575269999999999948e-01 1.698000000000000074e-03 5.575240000000000196e-01 8.301300000000000345e-01 -7.089999999999999948e-03
1.600000000000000000e+01 5.100000000000000000e+01 7.600000000000000000e+01 0.000000000000000000e+00 1.600000000000000089e+00 -7.200000000000000453e-04 -3.110000000000000243e-04 -1.000000000000000000e+00 -4.145690000000000208e-01 -9.100179999999999936e-01 5.810000000000000277e-04 -9.100179999999999936e-01 4.145690000000000208e-01 5.259999999999999919e-04
2.500000000000000000e+01 5.100000000000000000e+01 7.600000000000000000e+01 0.000000000000000000e+00 1.600000000000000089e+00 9.719000000000000208e-03 1.937399999999999886e-02 -9.997650000000000148e-01 -4.116960000000000064e-01 -9.110639999999999850e-01 -2.165699999999999917e-02 -9.112689999999999957e-01 4.118100000000000094e-01 -8.779999999999999827e-04
2.000000000000000000e+00 9.100000000000000000e+01 7.600000000000000000e+01 0.000000000000000000e+00 1.600000000000000089e+00 9.640000000000000131e-04 -4.079999999999999968e-04 9.999989999999999712e-01 3.328519999999999812e-01 -9.429790000000000116e-01 -7.060000000000000303e-04 9.429790000000000116e-01 3.328530000000000100e-01 -7.730000000000000326e-04
7.000000000000000000e+00 9.100000000000000000e+01 7.600000000000000000e+01 0.000000000000000000e+00 1.600000000000000089e+00 8.140000000000000534e-04 -2.132999999999999913e-03 9.999970000000000248e-01 3.168969999999999843e-01 -9.484569999999999945e-01 -2.281000000000000041e-03 9.484599999999999698e-01 3.168980000000000130e-01 -9.600000000000000243e-05
1.400000000000000000e+01 9.100000000000000000e+01 7.600000000000000000e+01 0.000000000000000000e+00 1.600000000000000089e+00 -6.470000000000000057e-04 -3.849999999999999798e-04 1.000000000000000000e+00 3.103819999999999912e-01 -9.506120000000000125e-01 -1.649999999999999991e-04 9.506120000000000125e-01 3.103819999999999912e-01 7.339999999999999520e-04
1.900000000000000000e+01 9.100000000000000000e+01 7.600000000000000000e+01 0.000000000000000000e+00 1.600000000000000089e+00 6.170000000000000354e-04 5.500000000000000331e-04 1.000000000000000000e+00 3.135839999999999739e-01 -9.495599999999999596e-01 3.289999999999999739e-04 9.495599999999999596e-01 3.135839999999999739e-01 -7.579999999999999932e-04
2.300000000000000000e+01 9.100000000000000000e+01 7.600000000000000000e+01 0.000000000000000000e+00 1.600000000000000089e+00 9.490000000000000172e-03 9.693999999999999492e-03 9.999080000000000190e-01 3.194500000000000117e-01 -9.475829999999999531e-01 6.154999999999999881e-03 9.475559999999999539e-01 3.193619999999999792e-01 -1.208900000000000079e-02
2.800000000000000000e+01 9.100000000000000000e+01 7.600000000000000000e+01 0.000000000000000000e+00 1.600000000000000089e+00 2.054500000000000076e-02 1.351800000000000050e-02 9.996979999999999755e-01 3.245959999999999956e-01 -9.458330000000000348e-01 6.119000000000000307e-03 9.456299999999999706e-01 3.243719999999999937e-01 -2.382000000000000089e-02
