2.500000000000000000e+01 1.300000000000000000e+01 5.000000000000000000e+00 0.000000000000000000e+00 1.600000000000000089e+00 1.914199999999999929e-02 -1.079330000000000012e-01 9.939740000000000242e-01 3.687150000000000150e-01 -9.233219999999999761e-01 -1.073619999999999991e-01 9.293460000000000054e-01 3.685479999999999867e-01 2.212199999999999930e-02
2.400000000000000000e+01 1.000000000000000000e+00 6.000000000000000000e+00 0.000000000000000000e+00 1.600000000000000089e+00 2.041600000000000012e-02 -1.243169999999999970e-01 -9.920320000000000249e-01 -1.763419999999999987e-01 -9.771309999999999718e-01 1.188209999999999961e-01 -9.841170000000000195e-01 1.725109999999999977e-01 -4.187099999999999850e-02
1.300000000000000000e+01 1.010000000000000000e+02 7.000000000000000000e+00 0.000000000000000000e+00 1.600000000000000089e+00 -2.471000000000000106e-03 5.069999999999999637e-04 9.999970000000000248e-01 8.883210000000000273e-01 4.592189999999999883e-01 1.962999999999999901e-03 -4.592160000000000131e-01 8.883229999999999738e-01 -1.585000000000000037e-03
2.400000000000000000e+01 1.010000000000000000e+02 7.000000000000000000e+00 0.000000000000000000e+00 1.600000000000000089e+00 1.737999999999999962e-03 -1.801300000000000123e-02 9.998359999999999470e-01 8.861520000000000508e-01 4.633450000000000069e-01 6.806999999999999683e-03 -4.633920000000000261e-01 8.859949999999999770e-01 1.676700000000000065e-02
7.000000000000000000e+00 2.500000000000000000e+01 8.000000000000000000e+00 0.000000000000000000e+00 1.600000000000000089e+00 -7.700000000000000139e-05 2.723999999999999859e-03 -9.999959999999999960e-01 4.378219999999999890e-01 8.990580000000000238e-01 2.416000000000000179e-03 8.990620000000000278e-01 -4.378199999999999870e-01 -1.262000000000000101e-03
1.100000000000000000e+01 2.500000000000000000e+01 8.000000000000000000e+00 0.000000000000000000e+00 1.600000000000000089e+00 8.499999999999999526e-04 4.441999999999999768e-03 -9.999900000000000455e-01 4.395930000000000115e-01 8.981869999999999576e-01 4.362999999999999691e-03 8.981970000000000232e-01 -4.395919999999999828e-01 -1.188999999999999953e-03
1.500000000000000000e+01 2.500000000000000000e+01 8.000000000000000000e+00 0.000000000000000000e+00 1.600000000000000089e+00 5.379999999999999583e-04 -1.788000000000000093e-03 -9.999980000000000535e-01 4.405299999999999772e-01 8.977370000000000072e-01 -1.368000000000000075e-03 8.977380000000000360e-01 -4.405290000000000039e-01 1.270000000000000078e-03
1.900000000000000000e+01 2.500000000000000000e+01 8.000000000000000000e+00 0.000000000000000000e+00 1.600000000000000089e+00 8.319999999999999488e-04 -5.529999999999999976e-04 -1.000000000000000000e+00 4.403369999999999784e-01 8.978329999999999922e-01 -1.299999999999999886e-04 8.978319999999999634e-01 -4.403369999999999784e-01 9.899999999999999946e-04
2.200000000000000000e+01 2.500000000000000000e+01 8.000000000000000000e+00 0.000000000000000000e+00 1.600000000000000089e+00 1.090000000000000040e-03 3.982000000000000296e-03 -9.999909999999999632e-01 4.399230000000000085e-01 8.980259999999999909e-01 4.055999999999999710e-03 8.980350000000000277e-01 -4.399239999999999817e-01 -7.730000000000000326e-04
2.800000000000000000e+01 2.500000000000000000e+01 8.000000000000000000e+00 0.000000000000000000e+00 1.600000000000000089e+00 1.010000000000000047e-03 4.398000000000000000e-03 -9.999900000000000455e-01 4.389830000000000121e-01 8.984849999999999781e-01 4.394999999999999601e-03 8.984950000000000436e-01 -4.389830000000000121e-01 -1.023000000000000038e-03
6.000000000000000000e+00 2.400000000000000000e+01 9.000000000000000000e+00 0.000000000000000000e+00 1.600000000000000089e+00 -2.320000000000000014e-04 6.049999999999999606e-04 -1.000000000000000000e+00 4.441430000000000100e-01 8.959559999999999746e-01 4.389999999999999914e-04 8.959559999999999746e-01 -4.441430000000000100e-01 -4.760000000000000234e-04
1.000000000000000000e+01 2.400000000000000000e+01 9.000000000000000000e+00 0.000000000000000000e+00 1.600000000000000089e+00 -3.609999999999999928e-04 5.645999999999999977e-03 -9.999839999999999840e-01 4.457050000000000178e-01 8.951670000000000460e-01 4.892999999999999780e-03 8.951799999999999757e-01 -4.456959999999999811e-01 -2.838999999999999944e-03
1.400000000000000000e+01 2.400000000000000000e+01 9.000000000000000000e+00 0.000000000000000000e+00 1.600000000000000089e+00 7.389999999999999651e-04 3.899999999999999929e-05 -1.000000000000000000e+00 4.479179999999999828e-01 8.940740000000000354e-01 3.660000000000000059e-04 8.940740000000000354e-01 -4.479179999999999828e-01 6.440000000000000412e-04
1.800000000000000000e+01 2.400000000000000000e+01 9.000000000000000000e+00 0.000000000000000000e+00 1.600000000000000089e+00 6.909999999999999910e-04 -2.549000000000000050e-03 -9.999970000000000248e-01 4.478659999999999863e-01 8.940989999999999771e-01 -1.969999999999999963e-03 8.941000000000000059e-01 -4.478630000000000111e-01 1.758999999999999930e-03
2.300000000000000000e+01 2.400000000000000000e+01 9.000000000000000000e+00 0.000000000000000000e+00 1.600000000000000089e+00 8.189999999999999581e-04 5.238999999999999733e-03 -9.999860000000000415e-01 4.464170000000000083e-01 8.948110000000000230e-01 5.054000000000000332e-03 8.948249999999999815e-01 -4.464150000000000063e-01 -1.606000000000000006e-03
2.900000000000000000e+01 2.400000000000000000e+01 9.000000000000000000e+00 0.000000000000000000e+00 1.600000000000000089e+00 5.320000000000000293e-04 3.301999999999999814e-03 -9.999940000000000495e-01 4.457889999999999908e-01 8.951320000000000388e-01 3.193000000000000092e-03 8.951379999999999892e-01 -4.457880000000000176e-01 -9.959999999999999236e-04
1.600000000000000000e+01 7.000000000000000000e+00 1.000000000000000000e+01 0.000000000000000000e+00 1.600000000000000089e+00 -1.375510000000000066e-01 -7.334300000000000541e-02 -9.877759999999999874e-01 -9.509079999999999755e-01 -2.693380000000000218e-01 1.524159999999999959e-01 -2.772240000000000260e-01 9.602490000000000192e-01 -3.269400000000000084e-02
7.000000000000000000e+00 8.000000000000000000e+00 1.000000000000000000e+01 0.000000000000000000e+00 1.600000000000000089e+00 -1.190979999999999955e-01 -4.022400000000000281e-02 -9.920670000000000321e-01 -9.868900000000000450e-01 -1.048160000000000064e-01 1.227260000000000018e-01 -1.089210000000000039e-01 9.936779999999999502e-01 -2.721300000000000108e-02
1.600000000000000000e+01 3.000000000000000000e+00 1.100000000000000000e+01 0.000000000000000000e+00 1.600000000000000089e+00 1.486200000000000021e-02 -1.502030000000000032e-01 9.885439999999999783e-01 1.965909999999999880e-01 -9.689159999999999995e-01 -1.501760000000000039e-01 9.803730000000000500e-01 1.965709999999999957e-01 1.512900000000000009e-02
1.300000000000000000e+01 3.100000000000000000e+01 1.200000000000000000e+01 0.000000000000000000e+00 1.600000000000000089e+00 -5.659999999999999884e-04 4.815999999999999968e-03 9.999879999999999880e-01 -3.063799999999999857e-02 9.995190000000000463e-01 -4.831000000000000225e-03 -9.995300000000000296e-01 -3.064000000000000057e-02 -4.180000000000000230e-04
4.000000000000000000e+00 3.500000000000000000e+01 1.200000000000000000e+01 0.000000000000000000e+00 1.600000000000000089e+00 -1.314000000000000064e-03 4.350999999999999833e-03 -9.999900000000000455e-01 4.533059999999999867e-01 -8.913440000000000252e-01 -4.473999999999999679e-03 -8.913539999999999797e-01 -4.533070000000000155e-01 -8.009999999999999542e-04
7.000000000000000000e+00 3.500000000000000000e+01 1.200000000000000000e+01 0.000000000000000000e+00 1.600000000000000089e+00 -2.530000000000000131e-03 4.527999999999999907e-03 -9.999869999999999592e-01 4.599920000000000120e-01 -8.879080000000000306e-01 -5.184000000000000240e-03 -8.879190000000000138e-01 -4.599989999999999912e-01 1.630000000000000047e-04
2.500000000000000000e+01 3.200000000000000000e+01 1.400000000000000000e+01 0.000000000000000000e+00 1.600000000000000089e+00 -1.433000000000000029e-03 -4.341000000000000240e-03 -9.999900000000000455e-01 1.260539999999999994e-01 9.920130000000000337e-01 -4.486999999999999669e-03 9.920219999999999594e-01 -1.260590000000000044e-01 -8.739999999999999939e-04
2.800000000000000000e+01 3.200000000000000000e+01 1.400000000000000000e+01 0.000000000000000000e+00 1.600000000000000089e+00 -2.489999999999999809e-04 -3.184000000000000198e-03 -9.999949999999999672e-01 1.204530000000000045e-01 9.927139999999999853e-01 -3.190000000000000127e-03 9.927190000000000181e-01 -1.204530000000000045e-01 1.359999999999999989e-04
2.200000000000000000e+01 1.200000000000000000e+01 1.500000000000000000e+01 0.000000000000000000e+00 1.600000000000000089e+00 1.137200000000000016e-02 1.704900000000000165e-02 -9.997899999999999565e-01 -4.021640000000000215e-01 -9.153449999999999642e-01 -2.018400000000000055e-02 -9.154970000000000052e-01 4.023090000000000277e-01 -3.553000000000000169e-03
2.900000000000000000e+01 1.200000000000000000e+01 1.500000000000000000e+01 0.000000000000000000e+00 1.600000000000000089e+00 1.768999999999999956e-03 -4.851000000000000277e-03 -9.999869999999999592e-01 -4.284720000000000195e-01 -9.035480000000000178e-01 3.625000000000000184e-03 -9.035530000000000506e-01 4.284600000000000075e-01 -3.677000000000000147e-03
3.000000000000000000e+00 1.200000000000000000e+01 1.600000000000000000e+01 0.000000000000000000e+00 1.600000000000000089e+00 9.339000000000000079e-03 -7.267400000000000249e-02 9.973119999999999763e-01 2.438160000000000049e-01 -9.670889999999999764e-01 -7.275500000000000023e-02 9.697759999999999714e-01 2.438400000000000012e-01 8.687999999999999542e-03
2.000000000000000000e+01 1.160000000000000000e+02 1.600000000000000000e+01 0.000000000000000000e+00 1.600000000000000089e+00 9.349999999999999587e-04 1.546000000000000065e-03 9.999980000000000535e-01 7.022230000000000416e-01 7.119550000000000045e-01 -1.757000000000000098e-03 -7.119569999999999510e-01 7.022230000000000416e-01 -4.200000000000000174e-04
8.000000000000000000e+00 2.000000000000000000e+00 1.900000000000000000e+01 0.000000000000000000e+00 1.600000000000000089e+00 1.286200000000000017e-02 -6.805300000000000238e-02 -9.975990000000000135e-01 3.630780000000000118e-01 -9.292690000000000117e-01 6.807199999999999362e-02 -9.316699999999999982e-01 -3.630809999999999871e-01 1.275599999999999998e-02
1.200000000000000000e+01 2.000000000000000000e+00 1.900000000000000000e+01 0.000000000000000000e+00 1.600000000000000089e+00 1.416700000000000077e-02 -5.645200000000000218e-02 -9.983049999999999979e-01 3.667030000000000012e-01 -9.285470000000000113e-01 5.771099999999999841e-02 -9.302300000000000013e-01 -3.668989999999999752e-01 7.545999999999999756e-03
1.800000000000000000e+01 2.000000000000000000e+00 1.900000000000000000e+01 0.000000000000000000e+00 1.600000000000000089e+00 6.163000000000000075e-03 -4.436199999999999866e-02 -9.989959999999999951e-01 3.544019999999999948e-01 -9.340730000000000421e-01 4.366600000000000342e-02 -9.350730000000000430e-01 -3.543160000000000198e-01 9.964999999999999900e-03
2.100000000000000000e+01 2.000000000000000000e+00 1.900000000000000000e+01 0.000000000000000000e+00 1.600000000000000089e+00 -1.618000000000000081e-03 -6.670800000000000340e-02 -9.977709999999999635e-01 3.410579999999999723e-01 -9.379849999999999577e-01 6.215699999999999698e-02 -9.400410000000000155e-01 -3.401970000000000272e-01 2.426899999999999891e-02
2.600000000000000000e+01 2.000000000000000000e+00 1.900000000000000000e+01 0.000000000000000000e+00 1.600000000000000089e+00 -2.676699999999999913e-02 -6.673999999999999377e-02 -9.974110000000000475e-01 3.128830000000000222e-01 -9.481950000000000101e-01 5.505000000000000171e-02 -9.494139999999999802e-01 -3.105999999999999872e-01 4.626199999999999757e-02
3.000000000000000000e+01 2.000000000000000000e+00 1.900000000000000000e+01 0.000000000000000000e+00 1.600000000000000089e+00 -3.091400000000000051e-02 -6.045500000000000179e-02 -9.976920000000000233e-01 2.956500000000000239e-01 -9.540570000000000439e-01 4.864999999999999880e-02 -9.547959999999999781e-01 -2.934640000000000026e-01 4.736699999999999938e-02
1.000000000000000000e+00 3.000000000000000000e+00 1.900000000000000000e+01 0.000000000000000000e+00 1.600000000000000089e+00 1.452799999999999925e-02 -5.559800000000000159e-02 -9.983480000000000132e-01 3.451799999999999868e-01 -9.367919999999999581e-01 5.719400000000000178e-02 -9.384240000000000359e-01 -3.454409999999999981e-01 5.581000000000000023e-03
1.500000000000000000e+01 3.000000000000000000e+00 1.900000000000000000e+01 0.000000000000000000e+00 1.600000000000000089e+00 1.234000000000000027e-02 -3.087399999999999867e-02 -9.994469999999999743e-01 3.336359999999999881e-01 -9.421169999999999822e-01 3.322200000000000153e-02 -9.426210000000000422e-01 -3.338610000000000189e-01 -1.325999999999999922e-03
2.000000000000000000e+01 3.000000000000000000e+00 1.900000000000000000e+01 0.000000000000000000e+00 1.600000000000000089e+00 -9.719999999999999907e-04 -4.942900000000000071e-02 -9.987770000000000259e-01 3.208799999999999986e-01 -9.459779999999999855e-01 4.650399999999999673e-02 -9.471190000000000442e-01 -3.204420000000000046e-01 1.677999999999999978e-02
2.500000000000000000e+01 3.000000000000000000e+00 1.900000000000000000e+01 0.000000000000000000e+00 1.600000000000000089e+00 -2.699999999999999969e-02 -6.659099999999999742e-02 -9.974150000000000515e-01 3.022369999999999779e-01 -9.516250000000000542e-01 5.535199999999999843e-02 -9.528510000000000035e-01 -2.999609999999999776e-01 4.581999999999999962e-02
3.000000000000000000e+00 4.000000000000000000e+00 2.000000000000000000e+01 0.000000000000000000e+00 1.600000000000000089e+00 9.523999999999999480e-03 -5.410999999999999838e-02 -9.984899999999999887e-01 4.069999999999999729e-01 -9.118720000000000159e-01 5.329799999999999816e-02 -9.133790000000000520e-01 -4.068930000000000047e-01 1.333799999999999916e-02
2.100000000000000000e+01 4.000000000000000000e+00 2.000000000000000000e+01 0.000000000000000000e+00 1.600000000000000089e+00 -1.928999999999999942e-03 -2.916600000000000095e-02 -9.995730000000000448e-01 3.367829999999999990e-01 -9.412000000000000366e-01 2.681300000000000003e-02 -9.415799999999999725e-01 -3.365870000000000251e-01 1.163800000000000077e-02
5.000000000000000000e+00 1.300000000000000000e+01 2.000000000000000000e+01 0.000000000000000000e+00 1.600000000000000089e+00 3.629999999999999872e-04 1.874000000000000015e-03 9.999980000000000535e-01 2.622010000000000174e-01 9.650109999999999522e-01 -1.904000000000000093e-03 -9.650130000000000097e-01 2.622019999999999906e-01 -1.410000000000000120e-04
9.000000000000000000e+00 1.300000000000000000e+01 2.000000000000000000e+01 0.000000000000000000e+00 1.600000000000000089e+00 -7.600000000000000418e-05 3.841999999999999929e-03 9.999930000000000208e-01 2.604330000000000256e-01 9.654850000000000376e-01 -3.690000000000000138e-03 -9.654920000000000169e-01 2.604310000000000236e-01 -1.074000000000000085e-03
1.400000000000000000e+01 1.300000000000000000e+01 2.000000000000000000e+01 0.000000000000000000e+00 1.600000000000000089e+00 -6.840000000000000377e-04 -2.648000000000000180e-03 9.999959999999999960e-01 2.595930000000000182e-01 9.657139999999999613e-01 2.733999999999999885e-03 -9.657179999999999653e-01 2.595939999999999914e-01 2.699999999999999899e-05
1.800000000000000000e+01 1.300000000000000000e+01 2.000000000000000000e+01 0.000000000000000000e+00 1.600000000000000089e+00 -1.809000000000000061e-03 -7.931000000000000549e-03 9.999670000000000503e-01 2.622929999999999984e-01 9.649539999999999784e-01 8.127999999999999808e-03 -9.649870000000000392e-01 2.622990000000000044e-01 3.350000000000000113e-04
2.300000000000000000e+01 1.300000000000000000e+01 2.000000000000000000e+01 0.000000000000000000e+00 1.600000000000000089e+00 -1.150000000000000035e-04 -3.232000000000000064e-03 9.999949999999999672e-01 2.647680000000000033e-01 9.643070000000000253e-01 3.147000000000000058e-03 -9.643119999999999470e-01 2.647669999999999746e-01 7.450000000000000025e-04
2.800000000000000000e+01 1.300000000000000000e+01 2.000000000000000000e+01 0.000000000000000000e+00 1.600000000000000089e+00 1.577000000000000060e-03 3.628000000000000148e-03 9.999919999999999920e-01 2.641839999999999744e-01 9.644639999999999880e-01 -3.916000000000000210e-03 -9.644709999999999672e-01 2.641879999999999784e-01 5.619999999999999996e-04
3.000000000000000000e+00 3.000000000000000000e+00 2.500000000000000000e+01 0.000000000000000000e+00 1.600000000000000089e+00 1.043299999999999957e-02 -4.843700000000000089e-02 9.987719999999999931e-01 1.575299999999999964e-02 -9.986939999999999706e-01 -4.859700000000000131e-02 9.998209999999999598e-01 1.624000000000000096e-02 -9.657000000000000653e-03
1.100000000000000000e+01 3.000000000000000000e+00 2.500000000000000000e+01 0.000000000000000000e+00 1.600000000000000089e+00 1.474800000000000069e-02 -3.979400000000000298e-02 9.990989999999999593e-01 -2.716999999999999797e-03 -9.992060000000000386e-01 -3.975900000000000267e-02 9.998879999999999990e-01 -2.128000000000000117e-03 -1.484500000000000056e-02
1.700000000000000000e+01 3.000000000000000000e+00 2.500000000000000000e+01 0.000000000000000000e+00 1.600000000000000089e+00 -3.886000000000000131e-03 5.189000000000000036e-03 9.999789999999999512e-01 -3.858899999999999830e-02 -9.992419999999999636e-01 5.035000000000000413e-03 9.992480000000000251e-01 -3.856899999999999912e-02 4.082999999999999824e-03
6.000000000000000000e+00 4.600000000000000000e+01 2.700000000000000000e+01 0.000000000000000000e+00 1.600000000000000089e+00 1.157999999999999958e-03 9.520000000000000467e-04 -9.999989999999999712e-01 6.771470000000000544e-01 7.358470000000000288e-01 1.484999999999999992e-03 7.358470000000000288e-01 -6.771479999999999722e-01 2.079999999999999872e-04
1.800000000000000000e+01 4.600000000000000000e+01 2.700000000000000000e+01 0.000000000000000000e+00 1.600000000000000089e+00 -4.350000000000000026e-04 -2.854999999999999899e-03 -9.999959999999999960e-01 6.807189999999999630e-01 7.325409999999999977e-01 -2.387999999999999932e-03 7.325450000000000017e-01 -6.807170000000000165e-01 1.624000000000000010e-03
2.700000000000000000e+01 4.600000000000000000e+01 2.700000000000000000e+01 0.000000000000000000e+00 1.600000000000000089e+00 -7.870000000000000476e-04 3.477000000000000056e-03 -9.999940000000000495e-01 6.759579999999999478e-01 7.369379999999999820e-01 2.030000000000000120e-03 7.369400000000000395e-01 -6.759519999999999973e-01 -2.929999999999999879e-03
2.900000000000000000e+01 4.600000000000000000e+01 3.000000000000000000e+01 0.000000000000000000e+00 1.600000000000000089e+00 -1.574000000000000095e-03 3.523999999999999789e-03 -9.999930000000000208e-01 3.281950000000000145e-01 9.446059999999999457e-01 2.811999999999999830e-03 9.446090000000000320e-01 -3.281879999999999797e-01 -2.642999999999999950e-03
2.000000000000000000e+00 5.800000000000000000e+01 3.100000000000000000e+01 0.000000000000000000e+00 1.600000000000000089e+00 4.207999999999999935e-03 2.582000000000000094e-03 9.999879999999999880e-01 -8.039359999999999840e-01 -5.946949999999999736e-01 4.918999999999999762e-03 5.947000000000000064e-01 -8.039469999999999672e-01 -4.270000000000000249e-04
7.000000000000000000e+00 5.800000000000000000e+01 3.100000000000000000e+01 0.000000000000000000e+00 1.600000000000000089e+00 -1.827000000000000065e-03 -1.451000000000000033e-03 9.999970000000000248e-01 -8.077769999999999673e-01 -5.894829999999999792e-01 -2.331000000000000173e-03 5.894850000000000367e-01 -8.077790000000000248e-01 -9.500000000000000523e-05
1.200000000000000000e+01 5.800000000000000000e+01 3.100000000000000000e+01 0.000000000000000000e+00 1.600000000000000089e+00 -5.126000000000000348e-03 -3.949000000000000253e-03 9.999789999999999512e-01 -8.117760000000000531e-01 -5.839330000000000354e-01 -6.466999999999999658e-03 5.839459999999999651e-01 -8.117929999999999868e-01 -2.130000000000000003e-04
1.600000000000000000e+01 5.800000000000000000e+01 3.100000000000000000e+01 0.000000000000000000e+00 1.600000000000000089e+00 2.259999999999999910e-04 1.337999999999999997e-03 9.999989999999999712e-01 -8.120979999999999865e-01 -5.835200000000000387e-01 9.640000000000000131e-04 5.835200000000000387e-01 -8.120979999999999865e-01 9.550000000000000112e-04
2.000000000000000000e+01 5.800000000000000000e+01 3.100000000000000000e+01 0.000000000000000000e+00 1.600000000000000089e+00 3.387999999999999953e-03 3.968000000000000173e-03 9.999860000000000415e-01 -8.097499999999999698e-01 -5.867529999999999690e-01 5.072000000000000119e-03 5.867649999999999810e-01 -8.097560000000000313e-01 1.224999999999999960e-03
2.700000000000000000e+01 5.800000000000000000e+01 3.100000000000000000e+01 0.000000000000000000e+00 1.600000000000000089e+00 -2.654000000000000109e-03 -6.519999999999999754e-03 9.999749999999999472e-01 -8.130399999999999849e-01 -5.821769999999999445e-01 -5.952999999999999958e-03 5.822019999999999973e-01 -8.130359999999999809e-01 -3.755999999999999790e-03
4.000000000000000000e+00 4.600000000000000000e+01 3.500000000000000000e+01 0.000000000000000000e+00 1.600000000000000089e+00 -1.319000000000000077e-03 -3.834000000000000168e-03 -9.999919999999999920e-01 3.899830000000000241e-01 -9.208169999999999966e-01 3.016000000000000018e-03 -9.208210000000000006e-01 -3.899750000000000161e-01 2.710000000000000169e-03
8.000000000000000000e+00 4.600000000000000000e+01 3.500000000000000000e+01 0.000000000000000000e+00 1.600000000000000089e+00 -5.479999999999999845e-04 -2.435999999999999797e-03 -9.999970000000000248e-01 3.912720000000000087e-01 -9.202730000000000077e-01 2.027000000000000156e-03 -9.202749999999999542e-01 -3.912700000000000067e-01 1.456999999999999962e-03
1.500000000000000000e+01 4.600000000000000000e+01 3.500000000000000000e+01 0.000000000000000000e+00 1.600000000000000089e+00 3.699999999999999947e-04 -3.789999999999999966e-04 -1.000000000000000000e+00 3.921029999999999793e-01 -9.199209999999999887e-01 4.939999999999999730e-04 -9.199209999999999887e-01 -3.921040000000000081e-01 -1.920000000000000049e-04
1.700000000000000000e+01 4.600000000000000000e+01 3.500000000000000000e+01 0.000000000000000000e+00 1.600000000000000089e+00 2.689999999999999791e-04 1.090999999999999956e-03 -9.999989999999999712e-01 3.914380000000000082e-01 -9.202040000000000219e-01 -8.980000000000000352e-04 -9.202050000000000507e-01 -3.914369999999999794e-01 -6.750000000000000357e-04
2.500000000000000000e+01 4.600000000000000000e+01 3.500000000000000000e+01 0.000000000000000000e+00 1.600000000000000089e+00 -6.390000000000000280e-04 -4.569999999999999952e-04 -1.000000000000000000e+00 3.911000000000000032e-01 -9.203480000000000549e-01 1.710000000000000094e-04 -9.203480000000000549e-01 -3.911000000000000032e-01 7.669999999999999951e-04
2.900000000000000000e+01 4.600000000000000000e+01 3.500000000000000000e+01 0.000000000000000000e+00 1.600000000000000089e+00 1.521999999999999915e-03 2.856000000000000032e-03 -9.999949999999999672e-01 3.895839999999999859e-01 -9.209889999999999466e-01 -2.037000000000000182e-03 -9.209899999999999753e-01 -3.895779999999999799e-01 -2.514999999999999875e-03
2.200000000000000000e+01 9.500000000000000000e+01 3.600000000000000000e+01 0.000000000000000000e+00 1.600000000000000089e+00 2.900000000000000017e-04 6.165999999999999606e-03 9.999810000000000088e-01 9.967369999999999841e-01 8.071599999999999608e-02 -7.870000000000000476e-04 -8.071899999999999908e-02 9.967179999999999929e-01 -6.121999999999999838e-03
2.500000000000000000e+01 9.500000000000000000e+01 3.600000000000000000e+01 0.000000000000000000e+00 1.600000000000000089e+00 -2.000000000000000164e-05 -8.642999999999999641e-03 9.999630000000000463e-01 9.967240000000000544e-01 8.087999999999999357e-02 7.190000000000000210e-04 -8.088399999999999757e-02 9.966859999999999609e-01 8.613000000000000864e-03
1.300000000000000000e+01 3.000000000000000000e+00 4.300000000000000000e+01 0.000000000000000000e+00 1.600000000000000089e+00 5.450000000000000200e-04 -8.356999999999999845e-03 -9.999649999999999928e-01 7.427390000000000381e-01 -6.695539999999999825e-01 6.000000000000000125e-03 -6.695809999999999818e-01 -7.427160000000000428e-01 5.841999999999999971e-03
2.800000000000000000e+01 3.000000000000000000e+00 4.300000000000000000e+01 0.000000000000000000e+00 1.600000000000000089e+00 -6.464000000000000128e-03 -1.152700000000000079e-02 -9.999130000000000518e-01 7.374600000000000044e-01 -6.753839999999999844e-01 3.017999999999999849e-03 -6.753590000000000426e-01 -7.373769999999999492e-01 1.286699999999999997e-02
9.000000000000000000e+00 2.900000000000000000e+01 4.400000000000000000e+01 0.000000000000000000e+00 1.600000000000000089e+00 3.923000000000000272e-03 6.729999999999999871e-04 -9.999919999999999920e-01 6.650620000000000420e-01 7.467819999999999458e-01 3.111000000000000050e-03 7.467780000000000529e-01 -6.650690000000000213e-01 2.481999999999999831e-03
1.800000000000000000e+01 2.900000000000000000e+01 4.400000000000000000e+01 0.000000000000000000e+00 1.600000000000000089e+00 -1.209999999999999921e-03 4.139000000000000318e-03 -9.999909999999999632e-01 6.644670000000000298e-01 7.473140000000000338e-01 2.288999999999999802e-03 7.473170000000000091e-01 -6.644579999999999931e-01 -3.654999999999999829e-03
2.400000000000000000e+01 5.400000000000000000e+01 4.600000000000000000e+01 0.000000000000000000e+00 1.600000000000000089e+00 4.380000000000000213e-04 3.165999999999999977e-03 9.999949999999999672e-01 2.896230000000000193e-01 -9.571359999999999868e-01 2.903000000000000198e-03 9.571410000000000196e-01 2.896199999999999886e-01 -1.335999999999999948e-03
1.000000000000000000e+01 5.000000000000000000e+00 5.100000000000000000e+01 0.000000000000000000e+00 1.600000000000000089e+00 1.240000000000000000e-03 -1.489500000000000025e-02 -9.998879999999999990e-01 4.828089999999999882e-01 -8.756190000000000362e-01 1.364300000000000061e-02 -8.757249999999999757e-01 -4.827719999999999789e-01 6.106000000000000316e-03
2.100000000000000000e+01 5.000000000000000000e+00 5.100000000000000000e+01 0.000000000000000000e+00 1.600000000000000089e+00 -2.093999999999999941e-03 2.857000000000000164e-03 -9.999940000000000495e-01 4.823500000000000010e-01 -8.759719999999999729e-01 -3.513000000000000064e-03 -8.759759999999999769e-01 -4.823540000000000050e-01 4.560000000000000251e-04
2.700000000000000000e+01 5.000000000000000000e+00 5.100000000000000000e+01 0.000000000000000000e+00 1.600000000000000089e+00 2.563999999999999873e-03 1.260000000000000052e-03 -9.999959999999999960e-01 4.896809999999999774e-01 -8.719019999999999548e-01 1.569999999999999944e-04 -8.718979999999999508e-01 -4.896789999999999754e-01 -2.853000000000000067e-03
1.000000000000000000e+01 1.150000000000000000e+02 5.100000000000000000e+01 0.000000000000000000e+00 1.600000000000000089e+00 -2.295000000000000165e-03 3.380000000000000192e-03 9.999919999999999920e-01 8.457729999999999970e-01 -5.335299999999999487e-01 3.743999999999999932e-03 5.335379999999999567e-01 8.457740000000000258e-01 -1.634000000000000036e-03
3.000000000000000000e+00 6.300000000000000000e+01 5.400000000000000000e+01 0.000000000000000000e+00 1.600000000000000089e+00 2.982999999999999974e-03 7.429999999999999539e-04 9.999949999999999672e-01 -3.525929999999999898e-01 9.357769999999999699e-01 3.570000000000000040e-04 -9.357720000000000482e-01 -3.525929999999999898e-01 3.053000000000000158e-03
8.000000000000000000e+00 6.300000000000000000e+01 5.400000000000000000e+01 0.000000000000000000e+00 1.600000000000000089e+00 -1.221999999999999996e-03 -3.510999999999999798e-03 9.999930000000000208e-01 -3.529909999999999992e-01 9.356219999999999537e-01 2.853000000000000067e-03 -9.356259999999999577e-01 -3.529849999999999932e-01 -2.382000000000000003e-03
1.300000000000000000e+01 6.300000000000000000e+01 5.400000000000000000e+01 0.000000000000000000e+00 1.600000000000000089e+00 -1.441000000000000007e-03 -1.521999999999999915e-03 9.999980000000000535e-01 -3.496619999999999728e-01 9.368750000000000133e-01 9.219999999999999680e-04 -9.368750000000000133e-01 -3.496600000000000263e-01 -1.881999999999999992e-03
2.500000000000000000e+01 6.300000000000000000e+01 5.400000000000000000e+01 0.000000000000000000e+00 1.600000000000000089e+00 -1.304999999999999953e-03 -3.027999999999999876e-03 9.999949999999999672e-01 -3.545579999999999843e-01 9.350309999999999455e-01 2.369000000000000012e-03 -9.350330000000000030e-01 -3.545530000000000070e-01 -2.292999999999999899e-03
2.900000000000000000e+01 6.300000000000000000e+01 5.400000000000000000e+01 0.000000000000000000e+00 1.600000000000000089e+00 -9.250000000000000409e-04 1.685000000000000083e-03 9.999980000000000535e-01 -3.502669999999999950e-01 9.366480000000000361e-01 -1.902000000000000045e-03 -9.366499999999999826e-01 -3.502680000000000238e-01 -2.759999999999999867e-04
2.000000000000000000e+00 2.500000000000000000e+01 5.500000000000000000e+01 0.000000000000000000e+00 1.600000000000000089e+00 3.062000000000000052e-03 -6.320000000000000097e-03 -9.999749999999999472e-01 -1.521899999999999989e-02 -9.998650000000000038e-01 6.271999999999999797e-03 -9.998789999999999623e-01 1.519900000000000070e-02 -3.158000000000000217e-03
1.500000000000000000e+01 2.500000000000000000e+01 5.500000000000000000e+01 0.000000000000000000e+00 1.600000000000000089e+00 -3.449999999999999833e-04 -3.147000000000000058e-03 -9.999949999999999672e-01 -1.488399999999999966e-02 -9.998839999999999950e-01 3.151999999999999854e-03 -9.998890000000000278e-01 1.488500000000000066e-02 2.979999999999999793e-04
1.800000000000000000e+01 2.500000000000000000e+01 5.500000000000000000e+01 0.000000000000000000e+00 1.600000000000000089e+00 3.950000000000000061e-04 3.171999999999999906e-03 -9.999949999999999672e-01 -1.502099999999999963e-02 -9.998820000000000485e-01 -3.177000000000000136e-03 -9.998869999999999703e-01 1.502299999999999990e-02 -3.469999999999999777e-04
2.300000000000000000e+01 2.500000000000000000e+01 5.500000000000000000e+01 0.000000000000000000e+00 1.600000000000000089e+00 -1.132999999999999893e-03 3.787000000000000002e-03 -9.999919999999999920e-01 -1.378099999999999985e-02 -9.998979999999999535e-01 -3.771000000000000046e-03 -9.999040000000000150e-01 1.377699999999999932e-02 1.185000000000000072e-03
3.000000000000000000e+01 2.500000000000000000e+01 5.500000000000000000e+01 0.000000000000000000e+00 1.600000000000000089e+00 2.745000000000000044e-03 -1.078299999999999918e-02 -9.999379999999999935e-01 -1.371499999999999976e-02 -9.998479999999999590e-01 1.074400000000000008e-02 -9.999019999999999575e-01 1.368499999999999925e-02 -2.892000000000000039e-03
1.200000000000000000e+01 5.800000000000000000e+01 5.900000000000000000e+01 0.000000000000000000e+00 1.600000000000000089e+00 -3.130000000000000187e-04 -4.217000000000000262e-03 -9.999909999999999632e-01 3.944670000000000121e-01 9.189009999999999678e-01 -3.998999999999999951e-03 9.189100000000000046e-01 -3.944650000000000101e-01 1.376000000000000053e-03
1.600000000000000000e+01 2.100000000000000000e+01 6.000000000000000000e+01 0.000000000000000000e+00 1.600000000000000089e+00 4.108999999999999805e-03 -7.999999999999999638e-06 9.999919999999999920e-01 -9.709800000000000375e-02 9.952750000000000208e-01 4.070000000000000267e-04 -9.952659999999999840e-01 -9.709900000000000475e-02 4.088999999999999753e-03
2.000000000000000000e+01 2.100000000000000000e+01 6.000000000000000000e+01 0.000000000000000000e+00 1.600000000000000089e+00 4.278999999999999818e-03 -1.746699999999999989e-02 9.998380000000000045e-01 -1.013109999999999983e-01 9.946949999999999958e-01 1.781100000000000044e-02 -9.948460000000000081e-01 -1.013710000000000028e-01 2.487000000000000061e-03
2.600000000000000000e+01 2.100000000000000000e+01 6.000000000000000000e+01 0.000000000000000000e+00 1.600000000000000089e+00 -1.863000000000000073e-03 2.027999999999999855e-03 9.999959999999999960e-01 -9.570700000000000041e-02 9.954070000000000418e-01 -2.197000000000000168e-03 -9.954079999999999595e-01 -9.571100000000000441e-02 -1.660999999999999933e-03
5.000000000000000000e+00 6.000000000000000000e+00 6.100000000000000000e+01 0.000000000000000000e+00 1.600000000000000089e+00 1.410000000000000012e-03 2.547999999999999918e-03 9.999959999999999960e-01 5.663810000000000233e-01 -8.241420000000000412e-01 1.301000000000000073e-03 8.241420000000000412e-01 5.663770000000000193e-01 -2.605000000000000111e-03
6.000000000000000000e+00 2.700000000000000000e+01 6.300000000000000000e+01 0.000000000000000000e+00 1.600000000000000089e+00 -7.950000000000000252e-04 6.019000000000000045e-03 9.999820000000000375e-01 -2.663059999999999872e-01 9.638700000000000045e-01 -6.013000000000000116e-03 -9.638879999999999670e-01 -2.663059999999999872e-01 8.360000000000000460e-04
1.600000000000000000e+01 2.700000000000000000e+01 6.300000000000000000e+01 0.000000000000000000e+00 1.600000000000000089e+00 4.070000000000000267e-04 -6.447999999999999739e-03 9.999789999999999512e-01 -2.731910000000000172e-01 9.619389999999999885e-01 6.313000000000000035e-03 -9.619600000000000373e-01 -2.731870000000000132e-01 -1.369999999999999907e-03
2.400000000000000000e+01 2.700000000000000000e+01 6.300000000000000000e+01 0.000000000000000000e+00 1.600000000000000089e+00 4.479999999999999608e-03 8.142999999999999197e-03 9.999569999999999848e-01 -2.732510000000000217e-01 9.619199999999999973e-01 -6.609000000000000291e-03 -9.619320000000000093e-01 -2.732089999999999796e-01 6.535000000000000010e-03
6.000000000000000000e+00 2.600000000000000000e+01 6.400000000000000000e+01 0.000000000000000000e+00 1.600000000000000089e+00 -1.623000000000000094e-03 8.425000000000000197e-03 9.999630000000000463e-01 -3.441899999999999959e-01 9.388619999999999743e-01 -8.469000000000000833e-03 -9.388980000000000103e-01 -3.441910000000000247e-01 1.376000000000000053e-03
1.700000000000000000e+01 2.600000000000000000e+01 6.400000000000000000e+01 0.000000000000000000e+00 1.600000000000000089e+00 1.958000000000000105e-03 -3.455000000000000172e-03 9.999919999999999920e-01 -3.552270000000000150e-01 9.347720000000000473e-01 3.924999999999999670e-03 -9.347779999999999978e-01 -3.552319999999999922e-01 6.030000000000000204e-04
2.000000000000000000e+01 2.600000000000000000e+01 6.400000000000000000e+01 0.000000000000000000e+00 1.600000000000000089e+00 4.245999999999999774e-03 3.923000000000000272e-03 9.999829999999999552e-01 -3.566449999999999898e-01 9.342380000000000129e-01 -2.151000000000000134e-03 -9.342300000000000049e-01 -3.566300000000000026e-01 5.366000000000000110e-03
2.600000000000000000e+01 2.600000000000000000e+01 6.400000000000000000e+01 0.000000000000000000e+00 1.600000000000000089e+00 4.126999999999999592e-03 6.696999999999999828e-03 9.999689999999999968e-01 -3.537029999999999896e-01 9.353449999999999820e-01 -4.805000000000000243e-03 -9.353489999999999860e-01 -3.536719999999999864e-01 6.229000000000000162e-03
2.200000000000000000e+01 6.900000000000000000e+01 6.600000000000000000e+01 0.000000000000000000e+00 1.600000000000000089e+00 1.154999999999999994e-03 -2.089999999999999844e-03 9.999970000000000248e-01 -9.487409999999999455e-01 3.160499999999999976e-01 1.755999999999999965e-03 -3.160529999999999728e-01 -9.487400000000000277e-01 -1.618000000000000081e-03
3.000000000000000000e+00 2.500000000000000000e+01 7.300000000000000000e+01 0.000000000000000000e+00 1.600000000000000089e+00 -2.246999999999999865e-03 2.171000000000000187e-03 9.999949999999999672e-01 7.460489999999999622e-01 -6.658840000000000314e-01 3.122000000000000209e-03 6.658880000000000354e-01 7.460520000000000485e-01 -1.230000000000000082e-04
5.000000000000000000e+00 2.500000000000000000e+01 7.300000000000000000e+01 0.000000000000000000e+00 1.600000000000000089e+00 -1.962000000000000202e-03 1.992999999999999980e-03 9.999959999999999960e-01 7.469839999999999813e-01 -6.648359999999999825e-01 2.791000000000000078e-03 6.648389999999999578e-01 7.469869999999999566e-01 -1.849999999999999973e-04
1.100000000000000000e+01 2.500000000000000000e+01 7.300000000000000000e+01 0.000000000000000000e+00 1.600000000000000089e+00 1.108999999999999960e-03 1.453000000000000081e-03 9.999980000000000535e-01 7.547110000000000207e-01 -6.560570000000000013e-01 1.169999999999999979e-04 6.560570000000000013e-01 7.547099999999999920e-01 -1.824000000000000100e-03
2.600000000000000000e+01 2.500000000000000000e+01 7.300000000000000000e+01 0.000000000000000000e+00 1.600000000000000089e+00 7.899999999999999579e-05 -2.471999999999999805e-03 9.999970000000000248e-01 7.484709999999999974e-01 -6.631650000000000045e-01 -1.698000000000000074e-03 6.631669999999999510e-01 7.484690000000000509e-01 1.797999999999999902e-03
5.000000000000000000e+00 4.400000000000000000e+01 7.300000000000000000e+01 0.000000000000000000e+00 1.600000000000000089e+00 -1.864999999999999904e-03 4.318999999999999923e-03 9.999890000000000168e-01 5.818199999999999761e-02 -9.982959999999999612e-01 4.420999999999999583e-03 9.983039999999999692e-01 5.818999999999999867e-02 1.611000000000000019e-03
9.000000000000000000e+00 4.400000000000000000e+01 7.300000000000000000e+01 0.000000000000000000e+00 1.600000000000000089e+00 -1.503999999999999912e-03 -4.001000000000000216e-03 9.999909999999999632e-01 5.639600000000000168e-02 -9.984009999999999829e-01 -3.910000000000000281e-03 9.984070000000000444e-01 5.639000000000000262e-02 1.727000000000000019e-03
1.600000000000000000e+01 4.400000000000000000e+01 7.300000000000000000e+01 0.000000000000000000e+00 1.600000000000000089e+00 -4.081000000000000426e-03 -1.625700000000000062e-02 9.998590000000000533e-01 5.334300000000000153e-02 -9.984480000000000022e-01 -1.601599999999999899e-02 9.985680000000000112e-01 5.326999999999999791e-02 4.941000000000000079e-03
1.200000000000000000e+01 5.100000000000000000e+01 7.600000000000000000e+01 0.000000000000000000e+00 1.600000000000000089e+00 -9.370000000000000074e-04 -5.386000000000000162e-03 -9.999850000000000128e-01 -3.925770000000000093e-01 -9.197039999999999660e-01 5.322000000000000342e-03 -9.197189999999999532e-01 3.925759999999999805e-01 -1.252999999999999991e-03
2.000000000000000000e+00 9.100000000000000000e+01 7.600000000000000000e+01 0.000000000000000000e+00 1.600000000000000089e+00 -2.102000000000000136e-03 -1.569000000000000082e-03 9.999970000000000248e-01 3.797949999999999937e-01 -9.250709999999999766e-01 -6.539999999999999590e-04 9.250680000000000014e-01 3.797920000000000185e-01 2.540000000000000157e-03
6.000000000000000000e+00 9.100000000000000000e+01 7.600000000000000000e+01 0.000000000000000000e+00 1.600000000000000089e+00 -4.780000000000000178e-04 -3.970000000000000005e-04 1.000000000000000000e+00 3.779140000000000277e-01 -9.258410000000000251e-01 -1.869999999999999917e-04 9.258410000000000251e-01 3.779140000000000277e-01 5.919999999999999698e-04
9.000000000000000000e+00 9.100000000000000000e+01 7.600000000000000000e+01 0.000000000000000000e+00 1.600000000000000089e+00 -1.299999999999999940e-03 -1.149000000000000065e-03 9.999989999999999712e-01 3.738130000000000064e-01 -9.275039999999999951e-01 -5.800000000000000034e-04 9.275029999999999664e-01 3.738119999999999776e-01 1.634999999999999952e-03
1.700000000000000000e+01 9.100000000000000000e+01 7.600000000000000000e+01 0.000000000000000000e+00 1.600000000000000089e+00 -1.450000000000000009e-04 1.046000000000000055e-03 9.999989999999999712e-01 3.900669999999999971e-01 -9.207859999999999934e-01 1.018999999999999941e-03 9.207859999999999934e-01 3.900669999999999971e-01 -2.739999999999999923e-04
2.000000000000000000e+01 9.100000000000000000e+01 7.600000000000000000e+01 0.000000000000000000e+00 1.600000000000000089e+00 -3.840000000000000097e-04 -1.724999999999999971e-03 9.999980000000000535e-01 3.844980000000000064e-01 -9.231249999999999734e-01 -1.443999999999999971e-03 9.231260000000000021e-01 3.844969999999999777e-01 1.018000000000000025e-03
