8.000000000000000000e+00 2.500000000000000000e+01 1.000000000000000000e+00 0.000000000000000000e+00 1.600000000000000089e+00 1.570999999999999914e-03 1.944999999999999897e-03 -9.999970000000000248e-01 -5.212390000000000079e-01 -8.534070000000000267e-01 -2.478999999999999867e-03 -8.534100000000000019e-01 5.212409999999999544e-01 -3.269999999999999795e-04
1.500000000000000000e+01 2.500000000000000000e+01 1.000000000000000000e+00 0.000000000000000000e+00 1.600000000000000089e+00 -1.463000000000000108e-03 2.492999999999999990e-03 -9.999959999999999960e-01 -5.246549999999999825e-01 -8.513140000000000152e-01 -1.355000000000000085e-03 -8.513140000000000152e-01 5.246499999999999497e-01 2.553000000000000148e-03
3.000000000000000000e+01 2.500000000000000000e+01 1.000000000000000000e+00 0.000000000000000000e+00 1.600000000000000089e+00 1.895999999999999899e-03 -4.942000000000000212e-03 -9.999860000000000415e-01 -5.222280000000000255e-01 -8.528000000000000025e-01 3.225000000000000002e-03 -8.528040000000000065e-01 5.222149999999999848e-01 -4.197000000000000210e-03
2.300000000000000000e+01 1.500000000000000000e+01 4.000000000000000000e+00 0.000000000000000000e+00 1.600000000000000089e+00 7.420000000000000380e-04 -1.385199999999999973e-02 9.999040000000000150e-01 3.803570000000000007e-01 -9.247469999999999857e-01 -1.309300000000000047e-02 9.248389999999999667e-01 3.803300000000000014e-01 4.583000000000000268e-03
2.800000000000000000e+01 1.500000000000000000e+01 4.000000000000000000e+00 0.000000000000000000e+00 1.600000000000000089e+00 -2.227999999999999946e-03 2.418400000000000064e-02 9.997049999999999548e-01 3.922780000000000156e-01 -9.195560000000000400e-01 2.312000000000000166e-02 9.198439999999999950e-01 3.922140000000000071e-01 -7.439000000000000300e-03
3.000000000000000000e+01 1.500000000000000000e+01 4.000000000000000000e+00 0.000000000000000000e+00 1.600000000000000089e+00 3.480000000000000020e-04 3.319500000000000228e-02 9.994490000000000318e-01 3.961459999999999981e-01 -9.176860000000000017e-01 3.034099999999999991e-02 9.181880000000000042e-01 3.959170000000000189e-01 -1.346999999999999933e-02
3.000000000000000000e+00 1.010000000000000000e+02 7.000000000000000000e+00 0.000000000000000000e+00 1.600000000000000089e+00 -3.490000000000000047e-03 6.597000000000000433e-03 9.999719999999999720e-01 8.864819999999999922e-01 4.627640000000000087e-01 4.100000000000000047e-05 -4.627499999999999947e-01 8.864570000000000505e-01 -7.463000000000000016e-03
9.000000000000000000e+00 1.010000000000000000e+02 7.000000000000000000e+00 0.000000000000000000e+00 1.600000000000000089e+00 -2.611000000000000040e-03 4.120000000000000398e-03 9.999879999999999880e-01 8.852170000000000316e-01 4.651779999999999804e-01 3.950000000000000061e-04 -4.651710000000000012e-01 8.852079999999999949e-01 -4.862000000000000002e-03
1.200000000000000000e+01 1.010000000000000000e+02 7.000000000000000000e+00 0.000000000000000000e+00 1.600000000000000089e+00 -5.299999999999999807e-04 1.325000000000000006e-03 9.999989999999999712e-01 8.839759999999999840e-01 4.675320000000000031e-01 -1.520000000000000084e-04 -4.675320000000000031e-01 8.839749999999999552e-01 -1.418999999999999906e-03
2.700000000000000000e+01 1.010000000000000000e+02 7.000000000000000000e+00 0.000000000000000000e+00 1.600000000000000089e+00 2.570999999999999935e-03 -1.034900000000000056e-02 9.999430000000000263e-01 8.860930000000000195e-01 4.635000000000000231e-01 2.518999999999999972e-03 -4.634989999999999943e-01 8.860369999999999635e-01 1.036199999999999968e-02
2.000000000000000000e+01 1.500000000000000000e+01 8.000000000000000000e+00 0.000000000000000000e+00 1.600000000000000089e+00 -4.220000000000000118e-04 -2.432899999999999993e-02 -9.997040000000000370e-01 -6.186439999999999717e-01 -7.854330000000000478e-01 1.937600000000000086e-02 -7.856720000000000370e-01 6.184690000000000465e-01 -1.471899999999999945e-02
3.000000000000000000e+00 2.500000000000000000e+01 8.000000000000000000e+00 0.000000000000000000e+00 1.600000000000000089e+00 -4.310000000000000137e-04 4.427000000000000379e-03 -9.999900000000000455e-01 4.409980000000000011e-01 8.974999999999999645e-01 3.782999999999999904e-03 8.975079999999999725e-01 -4.409919999999999951e-01 -2.338999999999999933e-03
7.000000000000000000e+00 2.500000000000000000e+01 8.000000000000000000e+00 0.000000000000000000e+00 1.600000000000000089e+00 -1.389999999999999960e-03 -7.566999999999999942e-03 -9.999700000000000255e-01 4.430259999999999754e-01 8.964779999999999971e-01 -7.400000000000000328e-03 8.965079999999999716e-01 -4.430230000000000001e-01 2.105999999999999799e-03
1.300000000000000000e+01 2.500000000000000000e+01 8.000000000000000000e+00 0.000000000000000000e+00 1.600000000000000089e+00 9.979999999999999722e-04 2.942999999999999870e-03 -9.999949999999999672e-01 4.439939999999999998e-01 8.960249999999999604e-01 3.079999999999999839e-03 8.960289999999999644e-01 -4.439939999999999998e-01 -4.119999999999999856e-04
1.700000000000000000e+01 2.500000000000000000e+01 8.000000000000000000e+00 0.000000000000000000e+00 1.600000000000000089e+00 1.822999999999999968e-03 5.982000000000000338e-03 -9.999799999999999800e-01 4.429199999999999804e-01 8.965400000000000036e-01 6.171000000000000270e-03 8.965589999999999948e-01 -4.429230000000000111e-01 -1.015000000000000060e-03
2.100000000000000000e+01 2.500000000000000000e+01 8.000000000000000000e+00 0.000000000000000000e+00 1.600000000000000089e+00 1.479000000000000063e-03 -2.169999999999999891e-04 -9.999989999999999712e-01 4.415410000000000168e-01 8.972409999999999553e-01 4.580000000000000195e-04 8.972400000000000375e-01 -4.415419999999999900e-01 1.423000000000000003e-03
2.500000000000000000e+01 2.500000000000000000e+01 8.000000000000000000e+00 0.000000000000000000e+00 1.600000000000000089e+00 -6.279999999999999775e-04 1.800000000000000046e-05 -1.000000000000000000e+00 4.402539999999999787e-01 8.978730000000000322e-01 -2.610000000000000015e-04 8.978730000000000322e-01 -4.402539999999999787e-01 -5.720000000000000258e-04
3.000000000000000000e+00 2.400000000000000000e+01 9.000000000000000000e+00 0.000000000000000000e+00 1.600000000000000089e+00 -2.759999999999999867e-04 4.704999999999999981e-03 -9.999890000000000168e-01 4.484349999999999725e-01 8.938059999999999894e-01 4.081999999999999691e-03 8.938150000000000261e-01 -4.484290000000000220e-01 -2.357000000000000154e-03
7.000000000000000000e+00 2.400000000000000000e+01 9.000000000000000000e+00 0.000000000000000000e+00 1.600000000000000089e+00 -1.624000000000000010e-03 -6.849000000000000053e-03 -9.999749999999999472e-01 4.503530000000000033e-01 8.928239999999999510e-01 -6.845999999999999655e-03 8.928490000000000038e-01 -4.503530000000000033e-01 1.634999999999999952e-03
1.300000000000000000e+01 2.400000000000000000e+01 9.000000000000000000e+00 0.000000000000000000e+00 1.600000000000000089e+00 9.529999999999999626e-04 2.407999999999999984e-03 -9.999970000000000248e-01 4.512399999999999745e-01 8.923990000000000533e-01 2.579000000000000129e-03 8.924020000000000286e-01 -4.512410000000000032e-01 -2.359999999999999902e-04
1.900000000000000000e+01 2.400000000000000000e+01 9.000000000000000000e+00 0.000000000000000000e+00 1.600000000000000089e+00 2.138000000000000143e-03 4.658999999999999947e-03 -9.999869999999999592e-01 4.487459999999999782e-01 8.936439999999999939e-01 5.122999999999999950e-03 8.936570000000000347e-01 -4.487510000000000110e-01 -1.800000000000000113e-04
2.500000000000000000e+01 2.400000000000000000e+01 9.000000000000000000e+00 0.000000000000000000e+00 1.600000000000000089e+00 -3.110000000000000243e-04 -1.669999999999999935e-04 -1.000000000000000000e+00 4.467050000000000187e-01 8.946809999999999485e-01 -2.889999999999999774e-04 8.946809999999999485e-01 -4.467050000000000187e-01 -2.030000000000000012e-04
2.800000000000000000e+01 7.000000000000000000e+00 1.000000000000000000e+01 0.000000000000000000e+00 1.600000000000000089e+00 -1.183400000000000077e-02 -2.571199999999999875e-02 -9.995990000000000153e-01 -9.631530000000000369e-01 -2.683289999999999842e-01 1.830400000000000083e-02 -2.686919999999999864e-01 9.629839999999999511e-01 -2.158900000000000055e-02
1.700000000000000000e+01 8.000000000000000000e+00 1.000000000000000000e+01 0.000000000000000000e+00 1.600000000000000089e+00 -1.583400000000000085e-01 -1.133269999999999972e-01 -9.808599999999999541e-01 -9.489229999999999610e-01 -2.570919999999999872e-01 1.828889999999999960e-01 -2.728979999999999739e-01 9.597189999999999888e-01 -6.683100000000000152e-02
1.200000000000000000e+01 3.100000000000000000e+01 1.200000000000000000e+01 0.000000000000000000e+00 1.600000000000000089e+00 1.453999999999999997e-03 -2.210000000000000050e-04 9.999989999999999712e-01 -1.181699999999999938e-02 9.999299999999999855e-01 2.380000000000000117e-04 -9.999289999999999567e-01 -1.181699999999999938e-02 1.451000000000000033e-03
2.300000000000000000e+01 3.100000000000000000e+01 1.200000000000000000e+01 0.000000000000000000e+00 1.600000000000000089e+00 -8.120000000000000048e-04 6.173999999999999801e-03 9.999810000000000088e-01 -4.560999999999999950e-03 9.999700000000000255e-01 -6.177000000000000199e-03 -9.999890000000000168e-01 -4.565999999999999746e-03 -7.829999999999999504e-04
2.900000000000000000e+01 3.100000000000000000e+01 1.200000000000000000e+01 0.000000000000000000e+00 1.600000000000000089e+00 1.797999999999999902e-03 4.839999999999999684e-03 9.999869999999999592e-01 -3.016000000000000018e-03 9.999839999999999840e-01 -4.834999999999999888e-03 -9.999940000000000495e-01 -3.007999999999999823e-03 1.812000000000000026e-03
2.000000000000000000e+00 3.500000000000000000e+01 1.200000000000000000e+01 0.000000000000000000e+00 1.600000000000000089e+00 1.183000000000000024e-03 -1.108999999999999960e-03 -9.999989999999999712e-01 4.704940000000000233e-01 -8.824020000000000197e-01 1.534999999999999906e-03 -8.824020000000000197e-01 -4.704949999999999966e-01 -5.220000000000000031e-04
8.000000000000000000e+00 3.500000000000000000e+01 1.200000000000000000e+01 0.000000000000000000e+00 1.600000000000000089e+00 -3.661999999999999891e-03 1.104199999999999973e-02 -9.999320000000000430e-01 5.077059999999999906e-01 -8.614549999999999708e-01 -1.137200000000000016e-02 -8.615230000000000388e-01 -5.077129999999999699e-01 -2.451000000000000054e-03
1.500000000000000000e+01 3.500000000000000000e+01 1.200000000000000000e+01 0.000000000000000000e+00 1.600000000000000089e+00 -4.734999999999999626e-03 1.720999999999999960e-02 -9.998409999999999798e-01 5.617339999999999556e-01 -8.271450000000000191e-01 -1.689799999999999983e-02 -8.273040000000000393e-01 -5.617250000000000298e-01 -5.751000000000000036e-03
4.000000000000000000e+00 1.200000000000000000e+01 1.600000000000000000e+01 0.000000000000000000e+00 1.600000000000000089e+00 -1.495999999999999934e-03 1.991599999999999968e-02 9.998010000000000508e-01 2.046759999999999968e-01 -9.786289999999999711e-01 1.980000000000000163e-02 9.788289999999999491e-01 2.046650000000000136e-01 -2.612000000000000172e-03
9.000000000000000000e+00 1.200000000000000000e+01 1.600000000000000000e+01 0.000000000000000000e+00 1.600000000000000089e+00 3.710000000000000190e-04 -2.145700000000000038e-02 9.997700000000000475e-01 2.058039999999999869e-01 -9.783659999999999579e-01 -2.107399999999999898e-02 9.785930000000000462e-01 2.057640000000000025e-01 4.053000000000000179e-03
1.200000000000000000e+01 1.160000000000000000e+02 1.600000000000000000e+01 0.000000000000000000e+00 1.600000000000000089e+00 2.080999999999999951e-03 -3.899999999999999929e-05 9.999980000000000535e-01 7.679070000000000062e-01 6.405600000000000183e-01 -1.572999999999999962e-03 -6.405579999999999607e-01 7.679080000000000350e-01 1.363000000000000062e-03
2.200000000000000000e+01 1.160000000000000000e+02 1.600000000000000000e+01 0.000000000000000000e+00 1.600000000000000089e+00 3.890000000000000228e-04 4.970000000000000459e-04 1.000000000000000000e+00 7.620320000000000427e-01 6.475389999999999757e-01 -6.179999999999999513e-04 -6.475389999999999757e-01 7.620320000000000427e-01 -1.259999999999999998e-04
2.700000000000000000e+01 1.160000000000000000e+02 1.600000000000000000e+01 0.000000000000000000e+00 1.600000000000000089e+00 -2.059999999999999928e-04 1.265000000000000065e-03 9.999989999999999712e-01 7.578740000000000476e-01 6.523999999999999799e-01 -6.689999999999999983e-04 -6.524010000000000087e-01 7.578740000000000476e-01 -1.093000000000000005e-03
1.500000000000000000e+01 2.000000000000000000e+00 1.900000000000000000e+01 0.000000000000000000e+00 1.600000000000000089e+00 7.407000000000000389e-03 -5.866299999999999987e-02 -9.982499999999999707e-01 3.411069999999999935e-01 -9.382540000000000324e-01 5.766899999999999804e-02 -9.399950000000000250e-01 -3.409369999999999901e-01 1.306099999999999969e-02
2.200000000000000000e+01 2.000000000000000000e+00 1.900000000000000000e+01 0.000000000000000000e+00 1.600000000000000089e+00 7.212999999999999794e-03 -6.457200000000000439e-02 -9.978869999999999685e-01 3.677000000000000268e-01 -9.278290000000000148e-01 6.269600000000000173e-02 -9.299169999999999936e-01 -3.673750000000000071e-01 1.704999999999999918e-02
3.000000000000000000e+01 2.000000000000000000e+00 1.900000000000000000e+01 0.000000000000000000e+00 1.600000000000000089e+00 -4.409999999999999858e-04 4.374000000000000284e-03 -9.999900000000000455e-01 3.640579999999999927e-01 -9.313669999999999449e-01 -4.233999999999999916e-03 -9.313759999999999817e-01 -3.640559999999999907e-01 -1.180999999999999975e-03
7.000000000000000000e+00 3.000000000000000000e+00 1.900000000000000000e+01 0.000000000000000000e+00 1.600000000000000089e+00 -1.510000000000000112e-04 1.780299999999999938e-02 -9.998420000000000085e-01 3.141639999999999988e-01 -9.492180000000000062e-01 -1.694899999999999879e-02 -9.493690000000000184e-01 -3.141160000000000063e-01 -5.448999999999999851e-03
7.000000000000000000e+00 4.000000000000000000e+00 2.000000000000000000e+01 0.000000000000000000e+00 1.600000000000000089e+00 4.049999999999999781e-04 1.933800000000000102e-02 -9.998129999999999518e-01 3.797220000000000040e-01 -9.249309999999999476e-01 -1.773599999999999829e-02 -9.251000000000000334e-01 -3.796439999999999815e-01 -7.718000000000000034e-03
1.100000000000000000e+01 4.000000000000000000e+00 2.000000000000000000e+01 0.000000000000000000e+00 1.600000000000000089e+00 4.422999999999999848e-03 -1.139300000000000035e-02 -9.999249999999999527e-01 3.804669999999999996e-01 -9.247140000000000359e-01 1.221900000000000069e-02 -9.247840000000000504e-01 -3.804930000000000256e-01 2.439999999999999949e-04
3.000000000000000000e+00 1.300000000000000000e+01 2.000000000000000000e+01 0.000000000000000000e+00 1.600000000000000089e+00 7.600000000000000418e-04 3.286999999999999991e-03 9.999940000000000495e-01 2.715520000000000156e-01 9.624179999999999957e-01 -3.370000000000000166e-03 -9.624230000000000285e-01 2.715529999999999888e-01 -1.620000000000000075e-04
6.000000000000000000e+00 1.300000000000000000e+01 2.000000000000000000e+01 0.000000000000000000e+00 1.600000000000000089e+00 8.440000000000000236e-04 2.580999999999999961e-03 9.999959999999999960e-01 2.732229999999999936e-01 9.619469999999999965e-01 -2.713000000000000134e-03 -9.619499999999999718e-01 2.732240000000000224e-01 1.069999999999999988e-04
1.100000000000000000e+01 1.300000000000000000e+01 2.000000000000000000e+01 0.000000000000000000e+00 1.600000000000000089e+00 6.769999999999999759e-04 -3.199999999999999855e-05 1.000000000000000000e+00 2.694170000000000176e-01 9.630239999999999911e-01 -1.520000000000000084e-04 -9.630229999999999624e-01 2.694170000000000176e-01 6.599999999999999964e-04
1.700000000000000000e+01 1.300000000000000000e+01 2.000000000000000000e+01 0.000000000000000000e+00 1.600000000000000089e+00 4.229999999999999819e-04 1.157999999999999958e-03 9.999989999999999712e-01 2.594940000000000024e-01 9.657440000000000468e-01 -1.227999999999999925e-03 -9.657440000000000468e-01 2.594949999999999757e-01 1.079999999999999960e-04
2.500000000000000000e+01 1.300000000000000000e+01 2.000000000000000000e+01 0.000000000000000000e+00 1.600000000000000089e+00 6.729999999999999871e-04 8.554000000000000839e-03 9.999630000000000463e-01 2.609589999999999965e-01 9.653129999999999766e-01 -8.432999999999999524e-03 -9.653500000000000414e-01 2.609549999999999925e-01 -1.582999999999999989e-03
2.900000000000000000e+01 1.300000000000000000e+01 2.000000000000000000e+01 0.000000000000000000e+00 1.600000000000000089e+00 8.799999999999999771e-05 2.239000000000000105e-03 9.999970000000000248e-01 2.615319999999999867e-01 9.651920000000000499e-01 -2.184000000000000177e-03 -9.651950000000000252e-01 2.615319999999999867e-01 -5.010000000000000347e-04
2.900000000000000000e+01 1.600000000000000000e+01 2.100000000000000000e+01 0.000000000000000000e+00 1.600000000000000089e+00 -6.799999999999999946e-05 4.413000000000000256e-03 9.999900000000000455e-01 2.989789999999999948e-01 9.542500000000000426e-01 -4.191000000000000281e-03 -9.542599999999999971e-01 2.989760000000000195e-01 -1.384000000000000031e-03
2.600000000000000000e+01 2.000000000000000000e+00 2.500000000000000000e+01 0.000000000000000000e+00 1.600000000000000089e+00 2.778999999999999786e-03 -9.676999999999999838e-03 9.999489999999999768e-01 6.738199999999999745e-02 -9.976789999999999825e-01 -9.842999999999999319e-03 9.977230000000000265e-01 6.740599999999999370e-02 -2.119999999999999923e-03
7.000000000000000000e+00 3.000000000000000000e+00 2.500000000000000000e+01 0.000000000000000000e+00 1.600000000000000089e+00 -2.467000000000000009e-03 2.043899999999999884e-02 9.997880000000000100e-01 -3.599700000000000122e-02 -9.991449999999999498e-01 2.033700000000000091e-02 9.993490000000000428e-01 -3.593899999999999872e-02 3.200999999999999852e-03
1.200000000000000000e+01 3.000000000000000000e+00 2.500000000000000000e+01 0.000000000000000000e+00 1.600000000000000089e+00 1.518999999999999951e-03 -1.804400000000000101e-02 9.998359999999999470e-01 -1.711800000000000127e-02 -9.996909999999999963e-01 -1.801600000000000076e-02 9.998519999999999630e-01 -1.708799999999999902e-02 -1.827000000000000065e-03
1.700000000000000000e+01 3.000000000000000000e+00 2.500000000000000000e+01 0.000000000000000000e+00 1.600000000000000089e+00 9.114999999999999838e-03 -4.975399999999999961e-02 9.987200000000000522e-01 2.706899999999999931e-02 -9.983830000000000204e-01 -4.998400000000000065e-02 9.995920000000000361e-01 2.749000000000000055e-02 -7.753000000000000343e-03
2.500000000000000000e+01 3.000000000000000000e+00 2.500000000000000000e+01 0.000000000000000000e+00 1.600000000000000089e+00 2.112999999999999861e-03 -1.310799999999999986e-02 9.999120000000000230e-01 -1.351199999999999971e-02 -9.998230000000000173e-01 -1.307799999999999935e-02 9.999059999999999615e-01 -1.348399999999999946e-02 -2.289999999999999935e-03
2.000000000000000000e+01 4.600000000000000000e+01 2.700000000000000000e+01 0.000000000000000000e+00 1.600000000000000089e+00 3.400000000000000244e-04 2.497000000000000088e-03 -9.999970000000000248e-01 6.728929999999999634e-01 7.397369999999999779e-01 2.076000000000000154e-03 7.397399999999999531e-01 -6.728920000000000456e-01 -1.428000000000000016e-03
2.900000000000000000e+01 4.600000000000000000e+01 2.700000000000000000e+01 0.000000000000000000e+00 1.600000000000000089e+00 2.820000000000000241e-04 -1.479999999999999925e-04 -1.000000000000000000e+00 6.798020000000000174e-01 7.333960000000000479e-01 8.299999999999999815e-05 7.333960000000000479e-01 -6.798020000000000174e-01 3.080000000000000055e-04
4.000000000000000000e+00 4.600000000000000000e+01 3.000000000000000000e+01 0.000000000000000000e+00 1.600000000000000089e+00 -3.429999999999999889e-04 -1.335000000000000032e-03 -9.999989999999999712e-01 3.240069999999999895e-01 9.460539999999999505e-01 -1.374000000000000004e-03 9.460549999999999793e-01 -3.240069999999999895e-01 1.079999999999999960e-04
6.000000000000000000e+00 5.800000000000000000e+01 3.100000000000000000e+01 0.000000000000000000e+00 1.600000000000000089e+00 -6.924999999999999732e-03 -3.406999999999999872e-03 9.999700000000000255e-01 -7.613299999999999512e-01 -6.483219999999999539e-01 -7.481999999999999935e-03 6.483280000000000154e-01 -7.613590000000000080e-01 1.895999999999999899e-03
1.000000000000000000e+01 5.800000000000000000e+01 3.100000000000000000e+01 0.000000000000000000e+00 1.600000000000000089e+00 -4.526999999999999774e-03 -5.521999999999999999e-03 9.999749999999999472e-01 -7.636479999999999935e-01 -6.455940000000000012e-01 -7.021999999999999596e-03 6.456169999999999964e-01 -7.636610000000000342e-01 -1.294000000000000011e-03
2.800000000000000000e+01 5.800000000000000000e+01 3.100000000000000000e+01 0.000000000000000000e+00 1.600000000000000089e+00 -4.499999999999999660e-03 -1.143399999999999972e-02 9.999249999999999527e-01 -7.941369999999999818e-01 -6.076470000000000482e-01 -1.052200000000000010e-02 6.077219999999999844e-01 -7.941249999999999698e-01 -6.346000000000000078e-03
1.700000000000000000e+01 2.300000000000000000e+01 3.400000000000000000e+01 0.000000000000000000e+00 1.600000000000000089e+00 -1.216000000000000067e-03 6.246999999999999949e-03 9.999799999999999800e-01 4.069749999999999757e-01 -9.134179999999999522e-01 6.200999999999999915e-03 9.134379999999999722e-01 4.069740000000000024e-01 -1.431999999999999896e-03
5.000000000000000000e+00 4.600000000000000000e+01 3.500000000000000000e+01 0.000000000000000000e+00 1.600000000000000089e+00 -4.020000000000000136e-04 4.989999999999999861e-04 -1.000000000000000000e+00 3.914690000000000114e-01 -9.201909999999999812e-01 -6.170000000000000354e-04 -9.201909999999999812e-01 -3.914690000000000114e-01 1.740000000000000010e-04
9.000000000000000000e+00 4.600000000000000000e+01 3.500000000000000000e+01 0.000000000000000000e+00 1.600000000000000089e+00 5.529999999999999976e-04 2.997999999999999797e-03 -9.999949999999999672e-01 3.907720000000000082e-01 -9.204839999999999689e-01 -2.543999999999999821e-03 -9.204870000000000552e-01 -3.907689999999999775e-01 -1.680999999999999986e-03
1.600000000000000000e+01 4.600000000000000000e+01 3.500000000000000000e+01 0.000000000000000000e+00 1.600000000000000089e+00 2.999999999999999737e-04 1.090999999999999956e-03 -9.999989999999999712e-01 3.901950000000000141e-01 -9.207319999999999949e-01 -8.869999999999999846e-04 -9.207319999999999949e-01 -3.901950000000000141e-01 -7.020000000000000415e-04
2.200000000000000000e+01 4.600000000000000000e+01 3.500000000000000000e+01 0.000000000000000000e+00 1.600000000000000089e+00 2.018999999999999961e-03 2.935999999999999808e-03 -9.999940000000000495e-01 3.894290000000000251e-01 -9.210540000000000393e-01 -1.918000000000000000e-03 -9.210540000000000393e-01 -3.894230000000000191e-01 -3.003000000000000027e-03
2.700000000000000000e+01 4.600000000000000000e+01 3.500000000000000000e+01 0.000000000000000000e+00 1.600000000000000089e+00 -1.399999999999999986e-03 -2.615999999999999836e-03 -9.999959999999999960e-01 3.890009999999999857e-01 -9.212350000000000261e-01 1.864999999999999904e-03 -9.212360000000000548e-01 -3.889969999999999817e-01 2.307000000000000023e-03
4.000000000000000000e+00 2.900000000000000000e+01 4.400000000000000000e+01 0.000000000000000000e+00 1.600000000000000089e+00 3.770000000000000022e-04 -1.608999999999999970e-03 -9.999989999999999712e-01 6.486439999999999984e-01 7.610909999999999620e-01 -9.799999999999999684e-04 7.610919999999999908e-01 -6.486429999999999696e-01 1.330000000000000019e-03
8.000000000000000000e+00 2.900000000000000000e+01 4.400000000000000000e+01 0.000000000000000000e+00 1.600000000000000089e+00 -1.770000000000000089e-03 -4.362999999999999691e-03 -9.999890000000000168e-01 6.539859999999999562e-01 7.564939999999999998e-01 -4.458000000000000157e-03 7.565049999999999830e-01 -6.539869999999999850e-01 1.513999999999999938e-03
1.300000000000000000e+01 2.900000000000000000e+01 4.400000000000000000e+01 0.000000000000000000e+00 1.600000000000000089e+00 -7.190000000000000210e-04 -3.689000000000000005e-03 -9.999930000000000208e-01 6.576579999999999648e-01 7.533100000000000351e-01 -3.252000000000000116e-03 7.533159999999999856e-01 -6.576560000000000183e-01 1.884000000000000041e-03
1.800000000000000000e+01 2.900000000000000000e+01 4.400000000000000000e+01 0.000000000000000000e+00 1.600000000000000089e+00 4.730000000000000046e-04 5.090000000000000123e-04 -1.000000000000000000e+00 6.561320000000000485e-01 7.546460000000000390e-01 6.949999999999999798e-04 7.546460000000000390e-01 -6.561320000000000485e-01 2.300000000000000002e-05
2.400000000000000000e+01 2.900000000000000000e+01 4.400000000000000000e+01 0.000000000000000000e+00 1.600000000000000089e+00 5.007000000000000166e-03 4.499999999999999660e-03 -9.999770000000000048e-01 6.601230000000000153e-01 7.511280000000000179e-01 6.686000000000000103e-03 7.511409999999999476e-01 -6.601409999999999778e-01 7.910000000000000364e-04
2.900000000000000000e+01 2.900000000000000000e+01 4.400000000000000000e+01 0.000000000000000000e+00 1.600000000000000089e+00 -1.034999999999999896e-03 7.560000000000000530e-04 -9.999989999999999712e-01 6.552810000000000024e-01 7.553849999999999731e-01 -1.069999999999999988e-04 7.553840000000000554e-01 -6.552810000000000024e-01 -1.278000000000000056e-03
3.000000000000000000e+00 6.500000000000000000e+01 4.600000000000000000e+01 0.000000000000000000e+00 1.600000000000000089e+00 -3.396999999999999846e-03 2.295000000000000165e-03 9.999919999999999920e-01 6.827729999999999633e-01 -7.306190000000000184e-01 3.996000000000000420e-03 7.306219999999999937e-01 6.827809999999999713e-01 9.150000000000000147e-04
2.000000000000000000e+00 7.000000000000000000e+01 4.700000000000000000e+01 0.000000000000000000e+00 1.600000000000000089e+00 5.446000000000000320e-03 -4.680000000000000132e-03 -9.999740000000000295e-01 -8.478250000000000508e-01 -5.302710000000000479e-01 -2.135999999999999878e-03 -5.302480000000000526e-01 8.478149999999999853e-01 -6.856000000000000115e-03
6.000000000000000000e+00 5.000000000000000000e+00 5.100000000000000000e+01 0.000000000000000000e+00 1.600000000000000089e+00 -4.270000000000000249e-04 6.244000000000000418e-03 -9.999799999999999800e-01 4.890920000000000267e-01 -8.722140000000000448e-01 -5.655000000000000304e-03 -8.722320000000000073e-01 -4.890849999999999920e-01 -2.681999999999999922e-03
1.300000000000000000e+01 5.000000000000000000e+00 5.100000000000000000e+01 0.000000000000000000e+00 1.600000000000000089e+00 1.216000000000000067e-03 -2.043999999999999810e-03 -9.999970000000000248e-01 4.865849999999999898e-01 -8.736300000000000177e-01 2.377999999999999906e-03 -8.736329999999999929e-01 -4.865860000000000185e-01 -6.799999999999999946e-05
2.100000000000000000e+01 1.150000000000000000e+02 5.100000000000000000e+01 0.000000000000000000e+00 1.600000000000000089e+00 -2.919999999999999961e-04 -4.356999999999999762e-03 9.999900000000000455e-01 8.443789999999999907e-01 -5.357420000000000515e-01 -2.086999999999999880e-03 5.357460000000000555e-01 8.443709999999999827e-01 3.834999999999999867e-03
1.000000000000000000e+01 7.000000000000000000e+00 5.200000000000000000e+01 0.000000000000000000e+00 1.600000000000000089e+00 1.165999999999999936e-03 -2.879000000000000049e-03 -9.999949999999999672e-01 1.247960000000000041e-01 -9.921780000000000044e-01 3.001999999999999894e-03 -9.921820000000000084e-01 -1.247989999999999933e-01 -7.969999999999999654e-04
2.000000000000000000e+00 6.300000000000000000e+01 5.400000000000000000e+01 0.000000000000000000e+00 1.600000000000000089e+00 2.252000000000000095e-03 3.699999999999999811e-05 9.999970000000000248e-01 -3.505210000000000270e-01 9.365539999999999976e-01 7.550000000000000287e-04 -9.365520000000000511e-01 -3.505220000000000002e-01 2.122000000000000188e-03
1.500000000000000000e+01 6.300000000000000000e+01 5.400000000000000000e+01 0.000000000000000000e+00 1.600000000000000089e+00 -2.590000000000000071e-04 -1.485999999999999908e-03 9.999989999999999712e-01 -3.484459999999999780e-01 9.373280000000000500e-01 1.302999999999999905e-03 -9.373289999999999678e-01 -3.484450000000000047e-01 -7.609999999999999577e-04
1.900000000000000000e+01 6.300000000000000000e+01 5.400000000000000000e+01 0.000000000000000000e+00 1.600000000000000089e+00 -1.227000000000000009e-03 1.789999999999999870e-04 9.999989999999999712e-01 -3.497520000000000073e-01 9.368419999999999526e-01 -5.969999999999999829e-04 -9.368419999999999526e-01 -3.497520000000000073e-01 -1.087000000000000076e-03
2.400000000000000000e+01 6.300000000000000000e+01 5.400000000000000000e+01 0.000000000000000000e+00 1.600000000000000089e+00 1.219999999999999974e-04 2.830000000000000050e-03 9.999959999999999960e-01 -3.499970000000000026e-01 9.367469999999999963e-01 -2.608000000000000075e-03 -9.367510000000000003e-01 -3.499959999999999738e-01 1.103999999999999947e-03
1.700000000000000000e+01 2.500000000000000000e+01 5.500000000000000000e+01 0.000000000000000000e+00 1.600000000000000089e+00 -3.860000000000000041e-04 1.399999999999999986e-03 -9.999989999999999712e-01 -1.188099999999999920e-02 -9.999280000000000390e-01 -1.394999999999999973e-03 -9.999289999999999567e-01 1.188099999999999920e-02 4.029999999999999837e-04
2.300000000000000000e+01 6.800000000000000000e+01 5.700000000000000000e+01 0.000000000000000000e+00 1.600000000000000089e+00 2.410000000000000033e-04 -4.968000000000000194e-03 -9.999879999999999880e-01 -2.416840000000000099e-01 -9.703429999999999556e-01 4.761999999999999740e-03 -9.703549999999999676e-01 2.416800000000000059e-01 -1.433999999999999945e-03
6.000000000000000000e+00 2.000000000000000000e+01 6.000000000000000000e+01 0.000000000000000000e+00 1.600000000000000089e+00 -7.200000000000000182e-05 4.050999999999999913e-03 9.999919999999999920e-01 -6.223499999999999865e-02 9.980529999999999680e-01 -4.047000000000000250e-03 -9.980620000000000047e-01 -6.223399999999999765e-02 1.810000000000000085e-04
1.700000000000000000e+01 2.000000000000000000e+01 6.000000000000000000e+01 0.000000000000000000e+00 1.600000000000000089e+00 4.290000000000000193e-04 -8.772000000000000283e-03 9.999609999999999888e-01 -6.330500000000000016e-02 9.979559999999999542e-01 8.781999999999999876e-03 -9.979940000000000477e-01 -6.330600000000000116e-02 -1.269999999999999970e-04
5.000000000000000000e+00 2.100000000000000000e+01 6.000000000000000000e+01 0.000000000000000000e+00 1.600000000000000089e+00 2.200000000000000078e-04 5.225999999999999743e-03 9.999860000000000415e-01 -9.428300000000000569e-02 9.955319999999999725e-01 -5.181999999999999974e-03 -9.955450000000000133e-01 -9.428100000000000369e-02 7.119999999999999593e-04
1.000000000000000000e+01 2.100000000000000000e+01 6.000000000000000000e+01 0.000000000000000000e+00 1.600000000000000089e+00 -7.330000000000000361e-04 3.383999999999999855e-03 9.999940000000000495e-01 -9.462099999999999678e-02 9.955070000000000308e-01 -3.438000000000000084e-03 -9.955129999999999812e-01 -9.462299999999999878e-02 -4.090000000000000211e-04
2.400000000000000000e+01 2.100000000000000000e+01 6.000000000000000000e+01 0.000000000000000000e+00 1.600000000000000089e+00 -7.360000000000000006e-04 5.636999999999999650e-03 9.999839999999999840e-01 -9.524599999999999733e-02 9.954380000000000450e-01 -5.681000000000000286e-03 -9.954539999999999500e-01 -9.524799999999999933e-02 -1.949999999999999965e-04
1.700000000000000000e+01 6.700000000000000000e+01 6.000000000000000000e+01 0.000000000000000000e+00 1.600000000000000089e+00 -8.130000000000000291e-04 -3.946999999999999988e-03 9.999919999999999920e-01 1.733260000000000078e-01 -9.848569999999999824e-01 -3.746000000000000198e-03 9.848639999999999617e-01 1.733220000000000038e-01 1.484999999999999992e-03
2.500000000000000000e+01 6.700000000000000000e+01 6.000000000000000000e+01 0.000000000000000000e+00 1.600000000000000089e+00 -1.430999999999999980e-03 -3.433999999999999986e-03 9.999930000000000208e-01 1.755869999999999931e-01 -9.844589999999999730e-01 -3.128999999999999837e-03 9.844629999999999770e-01 1.755809999999999871e-01 2.011000000000000201e-03
3.000000000000000000e+00 2.700000000000000000e+01 6.300000000000000000e+01 0.000000000000000000e+00 1.600000000000000089e+00 5.529999999999999976e-04 -7.373000000000000213e-03 9.999730000000000008e-01 -2.723090000000000233e-01 9.621819999999999817e-01 7.244999999999999704e-03 -9.622100000000000097e-01 -2.723059999999999925e-01 -1.476000000000000098e-03
9.000000000000000000e+00 2.700000000000000000e+01 6.300000000000000000e+01 0.000000000000000000e+00 1.600000000000000089e+00 -1.510000000000000112e-04 -4.029999999999999837e-04 1.000000000000000000e+00 -2.752700000000000147e-01 9.613669999999999716e-01 3.460000000000000076e-04 -9.613669999999999716e-01 -2.752700000000000147e-01 -2.570000000000000127e-04
1.900000000000000000e+01 2.700000000000000000e+01 6.300000000000000000e+01 0.000000000000000000e+00 1.600000000000000089e+00 -4.040000000000000080e-04 -7.470000000000000511e-04 1.000000000000000000e+00 -2.746290000000000120e-01 9.615500000000000158e-01 6.080000000000000335e-04 -9.615500000000000158e-01 -2.746290000000000120e-01 -5.940000000000000184e-04
2.400000000000000000e+01 2.700000000000000000e+01 6.300000000000000000e+01 0.000000000000000000e+00 1.600000000000000089e+00 -1.049999999999999935e-03 -2.085000000000000048e-03 9.999970000000000248e-01 -2.755619999999999736e-01 9.612819999999999698e-01 1.714999999999999945e-03 -9.612829999999999986e-01 -2.755589999999999984e-01 -1.582999999999999989e-03
5.000000000000000000e+00 2.600000000000000000e+01 6.400000000000000000e+01 0.000000000000000000e+00 1.600000000000000089e+00 1.832999999999999994e-03 -5.363999999999999845e-03 9.999839999999999840e-01 -3.632819999999999938e-01 9.316619999999999902e-01 5.662999999999999631e-03 -9.316780000000000062e-01 -3.632859999999999978e-01 -2.410000000000000033e-04
1.000000000000000000e+01 2.600000000000000000e+01 6.400000000000000000e+01 0.000000000000000000e+00 1.600000000000000089e+00 -7.870000000000000476e-04 -1.123999999999999999e-03 9.999989999999999712e-01 -3.645900000000000252e-01 9.311679999999999957e-01 7.590000000000000175e-04 -9.311679999999999957e-01 -3.645889999999999964e-01 -1.142000000000000003e-03
1.600000000000000000e+01 2.600000000000000000e+01 6.400000000000000000e+01 0.000000000000000000e+00 1.600000000000000089e+00 -1.069999999999999988e-04 -8.319999999999999488e-04 1.000000000000000000e+00 -3.650660000000000016e-01 9.309819999999999762e-01 7.360000000000000006e-04 -9.309819999999999762e-01 -3.650649999999999729e-01 -4.029999999999999837e-04
2.000000000000000000e+01 2.600000000000000000e+01 6.400000000000000000e+01 0.000000000000000000e+00 1.600000000000000089e+00 6.299999999999999990e-05 -1.361000000000000014e-03 9.999989999999999712e-01 -3.683660000000000267e-01 9.296799999999999509e-01 1.288999999999999998e-03 -9.296809999999999796e-01 -3.683660000000000267e-01 -4.429999999999999802e-04
2.400000000000000000e+01 2.600000000000000000e+01 6.400000000000000000e+01 0.000000000000000000e+00 1.600000000000000089e+00 -1.049000000000000019e-03 -1.583999999999999905e-03 9.999980000000000535e-01 -3.682130000000000125e-01 9.297410000000000396e-01 1.087000000000000076e-03 -9.297410000000000396e-01 -3.682110000000000105e-01 -1.557999999999999923e-03
1.500000000000000000e+01 6.900000000000000000e+01 6.600000000000000000e+01 0.000000000000000000e+00 1.600000000000000089e+00 -1.005999999999999950e-03 -1.497000000000000067e-03 9.999980000000000535e-01 -9.556360000000000410e-01 2.945510000000000073e-01 -5.209999999999999788e-04 -2.945499999999999785e-01 -9.556350000000000122e-01 -1.727000000000000019e-03
2.800000000000000000e+01 6.900000000000000000e+01 6.600000000000000000e+01 0.000000000000000000e+00 1.600000000000000089e+00 1.755999999999999965e-03 1.079000000000000098e-03 9.999980000000000535e-01 -9.525209999999999511e-01 3.044709999999999916e-01 1.345000000000000058e-03 -3.044689999999999896e-01 -9.525209999999999511e-01 1.562999999999999936e-03
7.000000000000000000e+00 2.500000000000000000e+01 7.300000000000000000e+01 0.000000000000000000e+00 1.600000000000000089e+00 -1.804999999999999964e-03 -3.340000000000000087e-03 9.999930000000000208e-01 7.516270000000000451e-01 -6.595879999999999521e-01 -8.459999999999999638e-04 6.595860000000000056e-01 7.516199999999999548e-01 3.700999999999999863e-03
1.000000000000000000e+01 2.500000000000000000e+01 7.300000000000000000e+01 0.000000000000000000e+00 1.600000000000000089e+00 -4.850000000000000253e-04 -4.745000000000000086e-03 9.999890000000000168e-01 7.531369999999999454e-01 -6.578580000000000538e-01 -2.756000000000000203e-03 6.578629999999999756e-01 7.531269999999999909e-01 3.892000000000000060e-03
1.500000000000000000e+01 2.500000000000000000e+01 7.300000000000000000e+01 0.000000000000000000e+00 1.600000000000000089e+00 5.240000000000000517e-04 -6.780000000000000002e-04 1.000000000000000000e+00 7.545049999999999812e-01 -6.562940000000000440e-01 -8.409999999999999507e-04 6.562940000000000440e-01 7.545049999999999812e-01 1.669999999999999935e-04
2.200000000000000000e+01 2.500000000000000000e+01 7.300000000000000000e+01 0.000000000000000000e+00 1.600000000000000089e+00 -7.129999999999999836e-04 1.123999999999999999e-03 9.999989999999999712e-01 7.572269999999999834e-01 -6.531510000000000371e-01 1.273999999999999959e-03 6.531510000000000371e-01 7.572269999999999834e-01 -3.849999999999999798e-04
2.700000000000000000e+01 2.500000000000000000e+01 7.300000000000000000e+01 0.000000000000000000e+00 1.600000000000000089e+00 1.484999999999999992e-03 7.450000000000000025e-04 9.999989999999999712e-01 7.576760000000000161e-01 -6.526309999999999611e-01 -6.390000000000000280e-04 6.526290000000000147e-01 7.576760000000000161e-01 -1.533999999999999990e-03
7.000000000000000000e+00 4.400000000000000000e+01 7.300000000000000000e+01 0.000000000000000000e+00 1.600000000000000089e+00 8.149999999999999693e-04 3.628999999999999847e-03 9.999930000000000208e-01 5.309300000000000130e-02 -9.985829999999999984e-01 3.580999999999999982e-03 9.985889999999999489e-01 5.308899999999999730e-02 -1.005999999999999950e-03
1.300000000000000000e+01 4.400000000000000000e+01 7.300000000000000000e+01 0.000000000000000000e+00 1.600000000000000089e+00 1.062000000000000010e-03 2.719000000000000063e-03 9.999959999999999960e-01 5.622400000000000314e-02 -9.984150000000000524e-01 2.654999999999999808e-03 9.984180000000000277e-01 5.622100000000000014e-02 -1.213000000000000102e-03
2.000000000000000000e+01 4.400000000000000000e+01 7.300000000000000000e+01 0.000000000000000000e+00 1.600000000000000089e+00 -6.199999999999999999e-04 -3.288999999999999823e-03 9.999940000000000495e-01 5.412200000000000344e-02 -9.985289999999999999e-01 -3.249999999999999851e-03 9.985340000000000327e-01 5.411900000000000044e-02 7.969999999999999654e-04
2.400000000000000000e+01 4.400000000000000000e+01 7.300000000000000000e+01 0.000000000000000000e+00 1.600000000000000089e+00 6.899999999999999667e-04 -2.562000000000000041e-03 9.999959999999999960e-01 5.397600000000000314e-02 -9.985389999999999544e-01 -2.595999999999999783e-03 9.985420000000000407e-01 5.397799999999999820e-02 -5.509999999999999490e-04
2.900000000000000000e+01 4.400000000000000000e+01 7.300000000000000000e+01 0.000000000000000000e+00 1.600000000000000089e+00 8.390000000000000105e-04 2.811000000000000131e-03 9.999959999999999960e-01 5.837799999999999934e-02 -9.982910000000000394e-01 2.756999999999999902e-03 9.982940000000000147e-01 5.837500000000000328e-02 -1.000999999999999937e-03
1.000000000000000000e+00 9.100000000000000000e+01 7.600000000000000000e+01 0.000000000000000000e+00 1.600000000000000089e+00 -2.606999999999999942e-03 -3.291000000000000088e-03 9.999909999999999632e-01 3.190950000000000175e-01 -9.477200000000000069e-01 -2.286999999999999970e-03 9.477189999999999781e-01 3.190859999999999808e-01 3.520999999999999824e-03
