4.000000000000000000e+00 1.500000000000000000e+01 4.000000000000000000e+00 0.000000000000000000e+00 1.600000000000000089e+00 -3.480000000000000020e-04 4.650999999999999752e-03 9.999890000000000168e-01 3.275500000000000078e-01 -9.448229999999999684e-01 4.508999999999999987e-03 9.448339999999999517e-01 3.275480000000000058e-01 -1.195000000000000099e-03
9.000000000000000000e+00 1.500000000000000000e+01 4.000000000000000000e+00 0.000000000000000000e+00 1.600000000000000089e+00 7.370000000000000249e-04 6.582000000000000177e-03 9.999780000000000335e-01 3.245720000000000272e-01 -9.458419999999999606e-01 5.987000000000000134e-03 9.458609999999999518e-01 3.245600000000000152e-01 -2.834000000000000147e-03
1.100000000000000000e+01 1.500000000000000000e+01 4.000000000000000000e+00 0.000000000000000000e+00 1.600000000000000089e+00 2.539999999999999940e-04 1.070300000000000071e-02 9.999430000000000263e-01 3.223840000000000039e-01 -9.465559999999999530e-01 1.004999999999999991e-02 9.466090000000000337e-01 3.223630000000000106e-01 -3.690999999999999837e-03
1.500000000000000000e+01 1.500000000000000000e+01 4.000000000000000000e+00 0.000000000000000000e+00 1.600000000000000089e+00 1.168999999999999900e-03 1.282900000000000013e-02 9.999169999999999447e-01 3.189440000000000053e-01 -9.476999999999999869e-01 1.178599999999999960e-02 9.477729999999999766e-01 3.189040000000000208e-01 -5.199999999999999761e-03
2.400000000000000000e+01 1.500000000000000000e+01 4.000000000000000000e+00 0.000000000000000000e+00 1.600000000000000089e+00 2.232000000000000043e-03 9.296000000000000443e-03 9.999540000000000095e-01 3.184739999999999793e-01 -9.478969999999999896e-01 8.101999999999999827e-03 9.479290000000000216e-01 3.184420000000000028e-01 -5.075999999999999783e-03
3.000000000000000000e+01 1.500000000000000000e+01 4.000000000000000000e+00 0.000000000000000000e+00 1.600000000000000089e+00 4.000000000000000192e-04 -3.014000000000000186e-03 9.999949999999999672e-01 3.229509999999999881e-01 -9.464110000000000023e-01 -2.981999999999999842e-03 9.464160000000000350e-01 3.229500000000000148e-01 5.950000000000000427e-04
2.200000000000000000e+01 7.400000000000000000e+01 4.000000000000000000e+00 0.000000000000000000e+00 1.600000000000000089e+00 -8.808559999999999723e-01 -3.782510000000000039e-01 2.846389999999999754e-01 -4.000219999999999887e-01 9.162810000000000121e-01 -2.029699999999999907e-02 -2.531320000000000237e-01 -1.317409999999999970e-01 -9.584200000000000497e-01
3.000000000000000000e+00 1.010000000000000000e+02 7.000000000000000000e+00 0.000000000000000000e+00 1.600000000000000089e+00 -7.269999999999999987e-04 1.520799999999999930e-02 9.998839999999999950e-01 8.845830000000000082e-01 4.663390000000000035e-01 -6.450000000000000004e-03 -4.663829999999999920e-01 8.844760000000000399e-01 -1.379099999999999944e-02
1.700000000000000000e+01 1.010000000000000000e+02 7.000000000000000000e+00 0.000000000000000000e+00 1.600000000000000089e+00 -1.556000000000000091e-03 -1.064700000000000021e-02 9.999419999999999975e-01 8.829110000000000014e-01 4.694980000000000264e-01 6.373000000000000193e-03 -4.695389999999999842e-01 8.828690000000000149e-01 8.670000000000000623e-03
2.400000000000000000e+01 1.010000000000000000e+02 7.000000000000000000e+00 0.000000000000000000e+00 1.600000000000000089e+00 2.896999999999999836e-03 -3.833099999999999702e-02 9.992609999999999548e-01 8.846680000000000099e-01 4.659710000000000241e-01 1.531000000000000069e-02 -4.662129999999999885e-01 8.839700000000000335e-01 3.525999999999999968e-02
2.800000000000000000e+01 1.010000000000000000e+02 7.000000000000000000e+00 0.000000000000000000e+00 1.600000000000000089e+00 3.139999999999999996e-03 -3.459000000000000269e-02 9.993969999999999798e-01 8.848260000000000014e-01 4.657310000000000061e-01 1.333900000000000016e-02 -4.659119999999999928e-01 8.842499999999999805e-01 3.206900000000000028e-02
2.000000000000000000e+00 2.500000000000000000e+01 8.000000000000000000e+00 0.000000000000000000e+00 1.600000000000000089e+00 -5.460000000000000443e-04 -3.971999999999999836e-03 -9.999919999999999920e-01 4.454580000000000206e-01 8.952949999999999520e-01 -3.798999999999999860e-03 8.953020000000000422e-01 -4.454569999999999919e-01 1.280000000000000105e-03
6.000000000000000000e+00 2.500000000000000000e+01 8.000000000000000000e+00 0.000000000000000000e+00 1.600000000000000089e+00 -2.967000000000000019e-03 -3.397999999999999979e-03 -9.999900000000000455e-01 4.454710000000000059e-01 8.952860000000000262e-01 -4.363999999999999824e-03 8.952909999999999480e-01 -4.454799999999999871e-01 -1.142999999999999919e-03
1.100000000000000000e+01 2.500000000000000000e+01 8.000000000000000000e+00 0.000000000000000000e+00 1.600000000000000089e+00 -3.749000000000000162e-03 -7.609000000000000312e-03 -9.999639999999999640e-01 4.476999999999999869e-01 8.941440000000000499e-01 -8.481999999999999956e-03 8.941759999999999708e-01 -4.477160000000000029e-01 5.399999999999999798e-05
1.500000000000000000e+01 2.500000000000000000e+01 8.000000000000000000e+00 0.000000000000000000e+00 1.600000000000000089e+00 -2.226999999999999813e-03 -4.519999999999999712e-03 -9.999869999999999592e-01 4.491490000000000204e-01 8.934419999999999584e-01 -5.039000000000000076e-03 8.934539999999999704e-01 -4.491550000000000264e-01 4.000000000000000327e-05
2.000000000000000000e+01 2.500000000000000000e+01 8.000000000000000000e+00 0.000000000000000000e+00 1.600000000000000089e+00 -2.105999999999999799e-03 -8.286999999999999228e-03 -9.999630000000000463e-01 4.494469999999999854e-01 8.932679999999999509e-01 -8.349000000000000518e-03 8.933050000000000157e-01 -4.494480000000000142e-01 1.843000000000000020e-03
2.800000000000000000e+01 2.500000000000000000e+01 8.000000000000000000e+00 0.000000000000000000e+00 1.600000000000000089e+00 -8.739999999999999939e-04 -3.076000000000000175e-03 -9.999949999999999672e-01 4.534580000000000277e-01 8.912719999999999532e-01 -3.138000000000000164e-03 8.912769999999999859e-01 -4.534590000000000010e-01 6.160000000000000111e-04
6.000000000000000000e+00 2.400000000000000000e+01 9.000000000000000000e+00 0.000000000000000000e+00 1.600000000000000089e+00 -2.886999999999999809e-03 -4.056999999999999842e-03 -9.999879999999999880e-01 4.484060000000000268e-01 8.938169999999999726e-01 -4.921000000000000027e-03 8.938260000000000094e-01 -4.484139999999999793e-01 -7.609999999999999577e-04
1.100000000000000000e+01 2.400000000000000000e+01 9.000000000000000000e+00 0.000000000000000000e+00 1.600000000000000089e+00 -3.739000000000000136e-03 -7.455999999999999954e-03 -9.999649999999999928e-01 4.507010000000000183e-01 8.926359999999999850e-01 -8.340999999999999456e-03 8.926669999999999883e-01 -4.507160000000000055e-01 2.300000000000000002e-05
1.600000000000000000e+01 2.400000000000000000e+01 9.000000000000000000e+00 0.000000000000000000e+00 1.600000000000000089e+00 -1.624999999999999925e-03 -4.791000000000000120e-03 -9.999869999999999592e-01 4.519389999999999796e-01 8.920350000000000223e-01 -5.008000000000000299e-03 8.920470000000000343e-01 -4.519409999999999816e-01 7.159999999999999481e-04
2.100000000000000000e+01 2.400000000000000000e+01 9.000000000000000000e+00 0.000000000000000000e+00 1.600000000000000089e+00 -2.001999999999999873e-03 -1.090600000000000076e-02 -9.999390000000000223e-01 4.517120000000000024e-01 8.921000000000000041e-01 -1.063500000000000036e-02 8.921609999999999818e-01 -4.517059999999999964e-01 3.141000000000000129e-03
2.500000000000000000e+01 2.400000000000000000e+01 9.000000000000000000e+00 0.000000000000000000e+00 1.600000000000000089e+00 -1.549000000000000030e-03 -8.115000000000000685e-03 -9.999660000000000215e-01 4.545690000000000008e-01 8.906760000000000232e-01 -7.931999999999999815e-03 8.907100000000000017e-01 -4.545649999999999968e-01 2.308999999999999855e-03
2.800000000000000000e+01 2.400000000000000000e+01 9.000000000000000000e+00 0.000000000000000000e+00 1.600000000000000089e+00 -7.420000000000000380e-04 -1.569000000000000082e-03 -9.999989999999999712e-01 4.562939999999999774e-01 8.898270000000000346e-01 -1.734999999999999997e-03 8.898289999999999811e-01 -4.562939999999999774e-01 5.599999999999999916e-05
3.000000000000000000e+00 3.100000000000000000e+01 1.200000000000000000e+01 0.000000000000000000e+00 1.600000000000000089e+00 -8.509999999999999769e-04 2.900000000000000017e-05 1.000000000000000000e+00 -2.164999999999999824e-03 9.999980000000000535e-01 -3.000000000000000076e-05 -9.999970000000000248e-01 -2.164999999999999824e-03 -8.499999999999999526e-04
1.900000000000000000e+01 3.100000000000000000e+01 1.200000000000000000e+01 0.000000000000000000e+00 1.600000000000000089e+00 1.050000000000000044e-04 -1.853999999999999962e-03 9.999980000000000535e-01 -1.326500000000000075e-02 9.999099999999999655e-01 1.855000000000000095e-03 -9.999120000000000230e-01 -1.326500000000000075e-02 8.100000000000000375e-05
1.700000000000000000e+01 3.500000000000000000e+01 1.200000000000000000e+01 0.000000000000000000e+00 1.600000000000000089e+00 -1.039999999999999936e-04 -5.577999999999999625e-03 -9.999839999999999840e-01 4.933710000000000040e-01 -8.698059999999999681e-01 4.800999999999999712e-03 -8.698190000000000088e-01 -4.933629999999999960e-01 2.843000000000000041e-03
2.300000000000000000e+01 3.500000000000000000e+01 1.200000000000000000e+01 0.000000000000000000e+00 1.600000000000000089e+00 1.840000000000000056e-03 -2.762999999999999831e-03 -9.999949999999999672e-01 4.802509999999999835e-01 -8.771250000000000435e-01 3.307000000000000044e-03 -8.771290000000000475e-01 -4.802549999999999875e-01 -2.869999999999999830e-04
2.700000000000000000e+01 3.500000000000000000e+01 1.200000000000000000e+01 0.000000000000000000e+00 1.600000000000000089e+00 1.755999999999999965e-03 -7.192999999999999741e-03 -9.999730000000000008e-01 4.668789999999999885e-01 -8.842919999999999670e-01 7.180999999999999883e-03 -8.843199999999999950e-01 -4.668780000000000152e-01 1.806000000000000097e-03
3.000000000000000000e+01 3.500000000000000000e+01 1.200000000000000000e+01 0.000000000000000000e+00 1.600000000000000089e+00 1.196999999999999930e-03 -3.603999999999999999e-03 -9.999930000000000208e-01 4.645000000000000240e-01 -8.855650000000000466e-01 3.748000000000000029e-03 -8.855720000000000258e-01 -4.645009999999999972e-01 6.139999999999999625e-04
2.000000000000000000e+01 7.300000000000000000e+01 1.300000000000000000e+01 0.000000000000000000e+00 1.600000000000000089e+00 -9.140249999999999764e-01 -2.217389999999999917e-01 3.396919999999999940e-01 -3.369610000000000105e-01 8.812590000000000146e-01 -3.314210000000000211e-01 -2.258680000000000132e-01 -4.173899999999999832e-01 -8.802100000000000479e-01
2.600000000000000000e+01 3.200000000000000000e+01 1.400000000000000000e+01 0.000000000000000000e+00 1.600000000000000089e+00 2.675999999999999993e-03 2.655999999999999941e-03 -9.999930000000000208e-01 1.026809999999999945e-01 9.947099999999999831e-01 2.916999999999999888e-03 9.947110000000000118e-01 -1.026880000000000015e-01 2.389000000000000064e-03
1.000000000000000000e+00 2.000000000000000000e+00 1.900000000000000000e+01 0.000000000000000000e+00 1.600000000000000089e+00 1.788000000000000093e-03 -2.152600000000000000e-02 -9.997669999999999613e-01 2.011519999999999975e-01 -9.793250000000000011e-01 2.144599999999999979e-02 -9.795580000000000398e-01 -2.011429999999999885e-01 2.579000000000000129e-03
6.000000000000000000e+00 2.000000000000000000e+00 1.900000000000000000e+01 0.000000000000000000e+00 1.600000000000000089e+00 4.840000000000000010e-04 -5.852000000000000431e-03 -9.999829999999999552e-01 2.058669999999999944e-01 -9.785629999999999606e-01 5.826999999999999715e-03 -9.785800000000000054e-01 -2.058659999999999934e-01 7.309999999999999875e-04
1.200000000000000000e+01 2.000000000000000000e+00 1.900000000000000000e+01 0.000000000000000000e+00 1.600000000000000089e+00 1.877999999999999895e-03 1.568400000000000002e-02 -9.998749999999999583e-01 2.038699999999999957e-01 -9.788839999999999764e-01 -1.497099999999999993e-02 -9.789959999999999773e-01 -2.038159999999999972e-01 -5.035999999999999678e-03
1.500000000000000000e+01 2.000000000000000000e+00 1.900000000000000000e+01 0.000000000000000000e+00 1.600000000000000089e+00 1.270000000000000078e-03 2.510099999999999831e-02 -9.996840000000000170e-01 1.981159999999999866e-01 -9.798759999999999692e-01 -2.435199999999999865e-02 -9.801779999999999937e-01 -1.980230000000000046e-01 -6.217000000000000304e-03
2.200000000000000000e+01 2.000000000000000000e+00 1.900000000000000000e+01 0.000000000000000000e+00 1.600000000000000089e+00 -3.157000000000000084e-03 1.517600000000000025e-02 -9.998799999999999910e-01 1.855360000000000065e-01 -9.825150000000000272e-01 -1.549799999999999962e-02 -9.826319999999999499e-01 -1.855630000000000057e-01 2.860000000000000129e-04
2.600000000000000000e+01 2.000000000000000000e+00 1.900000000000000000e+01 0.000000000000000000e+00 1.600000000000000089e+00 -3.252000000000000116e-03 1.665300000000000114e-02 -9.998559999999999670e-01 1.845720000000000138e-01 -9.826719999999999899e-01 -1.696800000000000044e-02 -9.828139999999999654e-01 -1.846009999999999873e-01 1.219999999999999974e-04
7.000000000000000000e+00 4.000000000000000000e+00 2.000000000000000000e+01 0.000000000000000000e+00 1.600000000000000089e+00 -1.018999999999999941e-03 -4.921000000000000027e-03 -9.999869999999999592e-01 3.255449999999999733e-01 -9.455170000000000519e-01 4.322000000000000321e-03 -9.455259999999999776e-01 -3.255359999999999920e-01 2.565000000000000006e-03
1.200000000000000000e+01 4.000000000000000000e+00 2.000000000000000000e+01 0.000000000000000000e+00 1.600000000000000089e+00 7.720000000000000083e-04 1.434299999999999985e-02 -9.998970000000000358e-01 3.217679999999999985e-01 -9.467250000000000387e-01 -1.333200000000000010e-02 -9.468180000000000485e-01 -3.217240000000000100e-01 -5.346000000000000058e-03
1.100000000000000000e+01 1.300000000000000000e+01 2.000000000000000000e+01 0.000000000000000000e+00 1.600000000000000089e+00 -3.119999999999999944e-04 -1.198000000000000063e-03 9.999989999999999712e-01 2.672709999999999808e-01 9.636209999999999498e-01 1.237999999999999951e-03 -9.636209999999999498e-01 2.672709999999999808e-01 2.000000000000000164e-05
1.400000000000000000e+01 1.300000000000000000e+01 2.000000000000000000e+01 0.000000000000000000e+00 1.600000000000000089e+00 1.745000000000000023e-03 7.283000000000000411e-03 9.999719999999999720e-01 2.652939999999999743e-01 9.641389999999999683e-01 -7.485000000000000334e-03 -9.641659999999999675e-01 2.652990000000000070e-01 -2.500000000000000052e-04
2.000000000000000000e+01 1.300000000000000000e+01 2.000000000000000000e+01 0.000000000000000000e+00 1.600000000000000089e+00 3.110000000000000243e-04 -2.788999999999999813e-03 9.999959999999999960e-01 2.604739999999999833e-01 9.654770000000000296e-01 2.612000000000000172e-03 -9.654810000000000336e-01 2.604719999999999813e-01 1.026999999999999918e-03
2.400000000000000000e+01 1.300000000000000000e+01 2.000000000000000000e+01 0.000000000000000000e+00 1.600000000000000089e+00 1.557000000000000007e-03 1.550000000000000000e-04 9.999989999999999712e-01 2.595700000000000229e-01 9.657240000000000268e-01 -5.540000000000000219e-04 -9.657229999999999981e-01 2.595709999999999962e-01 1.464000000000000024e-03
2.700000000000000000e+01 1.300000000000000000e+01 2.000000000000000000e+01 0.000000000000000000e+00 1.600000000000000089e+00 1.206999999999999957e-03 4.485000000000000271e-03 9.999890000000000168e-01 2.568710000000000160e-01 9.664350000000000440e-01 -4.644999999999999823e-03 -9.664449999999999985e-01 2.568739999999999912e-01 1.500000000000000038e-05
2.800000000000000000e+01 1.600000000000000000e+01 2.100000000000000000e+01 0.000000000000000000e+00 1.600000000000000089e+00 3.950000000000000061e-04 4.148999999999999910e-03 9.999909999999999632e-01 2.994470000000000187e-01 9.541039999999999521e-01 -4.076999999999999895e-03 -9.541129999999999889e-01 2.994459999999999900e-01 -8.649999999999999920e-04
2.000000000000000000e+00 3.000000000000000000e+00 2.500000000000000000e+01 0.000000000000000000e+00 1.600000000000000089e+00 -5.968000000000000214e-03 -2.418000000000000010e-02 9.996899999999999675e-01 -9.182300000000000184e-02 -9.954709999999999948e-01 -2.462599999999999859e-02 9.957580000000000320e-01 -9.194099999999999495e-02 3.720999999999999915e-03
7.000000000000000000e+00 3.000000000000000000e+00 2.500000000000000000e+01 0.000000000000000000e+00 1.600000000000000089e+00 -3.889999999999999795e-03 -6.172000000000000403e-03 9.999730000000000008e-01 -9.948899999999999411e-02 -9.950170000000000403e-01 -6.527999999999999949e-03 9.950309999999999988e-01 -9.951200000000000323e-02 3.256999999999999913e-03
1.200000000000000000e+01 3.000000000000000000e+00 2.500000000000000000e+01 0.000000000000000000e+00 1.600000000000000089e+00 2.197000000000000168e-03 1.379400000000000071e-02 9.999019999999999575e-01 -9.352800000000000002e-02 -9.955190000000000428e-01 1.393900000000000000e-02 9.956139999999999990e-01 -9.354899999999999327e-02 -8.970000000000000109e-04
1.500000000000000000e+01 3.000000000000000000e+00 2.500000000000000000e+01 0.000000000000000000e+00 1.600000000000000089e+00 3.830000000000000071e-03 1.787599999999999953e-02 9.998329999999999718e-01 -8.784000000000000141e-02 -9.959689999999999932e-01 1.814299999999999941e-02 9.961269999999999847e-01 -8.789500000000000091e-02 -2.243999999999999901e-03
2.100000000000000000e+01 3.000000000000000000e+00 2.500000000000000000e+01 0.000000000000000000e+00 1.600000000000000089e+00 3.869000000000000043e-03 1.874400000000000024e-02 9.998169999999999558e-01 -6.959300000000000208e-02 -9.973950000000000315e-01 1.896799999999999875e-02 9.975680000000000103e-01 -6.965300000000000658e-02 -2.554999999999999979e-03
2.400000000000000000e+01 3.000000000000000000e+00 2.500000000000000000e+01 0.000000000000000000e+00 1.600000000000000089e+00 4.209000000000000068e-03 1.905199999999999949e-02 9.998099999999999765e-01 -6.282899999999999596e-02 -9.978380000000000027e-01 1.927900000000000100e-02 9.980149999999999855e-01 -6.289799999999999558e-02 -3.003000000000000027e-03
2.800000000000000000e+01 3.000000000000000000e+00 2.500000000000000000e+01 0.000000000000000000e+00 1.600000000000000089e+00 2.645000000000000216e-03 1.205600000000000074e-02 9.999240000000000350e-01 -4.972399999999999737e-02 -9.986890000000000489e-01 1.217200000000000053e-02 9.987599999999999811e-01 -4.975299999999999861e-02 -2.041999999999999978e-03
8.000000000000000000e+00 4.600000000000000000e+01 2.700000000000000000e+01 0.000000000000000000e+00 1.600000000000000089e+00 -2.570000000000000127e-04 -1.394000000000000057e-03 -9.999989999999999712e-01 6.751460000000000239e-01 7.376829999999999776e-01 -1.201999999999999943e-03 7.376840000000000064e-01 -6.751460000000000239e-01 7.519999999999999558e-04
1.200000000000000000e+01 4.600000000000000000e+01 2.700000000000000000e+01 0.000000000000000000e+00 1.600000000000000089e+00 -6.019999999999999961e-04 -2.053000000000000137e-03 -9.999980000000000535e-01 6.703890000000000127e-01 7.420069999999999721e-01 -1.926999999999999894e-03 7.420090000000000297e-01 -6.703890000000000127e-01 9.290000000000000297e-04
2.300000000000000000e+01 4.600000000000000000e+01 2.700000000000000000e+01 0.000000000000000000e+00 1.600000000000000089e+00 -1.900000000000000105e-04 1.730000000000000038e-04 -1.000000000000000000e+00 6.637699999999999712e-01 7.479369999999999630e-01 3.999999999999999819e-06 7.479369999999999630e-01 -6.637699999999999712e-01 -2.570000000000000127e-04
2.000000000000000000e+00 4.600000000000000000e+01 3.000000000000000000e+01 0.000000000000000000e+00 1.600000000000000089e+00 -2.000000000000000096e-04 -1.422000000000000087e-03 -9.999989999999999712e-01 3.288739999999999997e-01 9.443730000000000180e-01 -1.409000000000000096e-03 9.443740000000000467e-01 -3.288739999999999997e-01 2.790000000000000054e-04
1.700000000000000000e+01 4.600000000000000000e+01 3.000000000000000000e+01 0.000000000000000000e+00 1.600000000000000089e+00 6.589999999999999721e-04 9.529999999999999626e-04 -9.999989999999999712e-01 3.201919999999999766e-01 9.473519999999999719e-01 1.113999999999999973e-03 9.473519999999999719e-01 -3.201930000000000054e-01 3.190000000000000019e-04
2.400000000000000000e+01 4.600000000000000000e+01 3.000000000000000000e+01 0.000000000000000000e+00 1.600000000000000089e+00 5.800000000000000034e-05 7.499999999999999343e-05 -1.000000000000000000e+00 3.207340000000000191e-01 9.471690000000000387e-01 9.000000000000000567e-05 9.471690000000000387e-01 -3.207340000000000191e-01 3.100000000000000135e-05
5.000000000000000000e+00 5.800000000000000000e+01 3.100000000000000000e+01 0.000000000000000000e+00 1.600000000000000089e+00 -7.290000000000000473e-04 -1.445000000000000104e-03 9.999989999999999712e-01 -7.961570000000000036e-01 -6.050879999999999592e-01 -1.453999999999999997e-03 6.050900000000000167e-01 -7.961570000000000036e-01 -7.089999999999999948e-04
8.000000000000000000e+00 5.800000000000000000e+01 3.100000000000000000e+01 0.000000000000000000e+00 1.600000000000000089e+00 -3.413999999999999934e-03 -5.137000000000000073e-03 9.999810000000000088e-01 -7.984170000000000433e-01 -6.020759999999999446e-01 -5.819000000000000387e-03 6.020950000000000468e-01 -7.984219999999999651e-01 -2.046000000000000076e-03
1.300000000000000000e+01 5.800000000000000000e+01 3.100000000000000000e+01 0.000000000000000000e+00 1.600000000000000089e+00 -6.329999999999999906e-04 -4.494999999999999864e-03 9.999900000000000455e-01 -7.958070000000000421e-01 -6.055420000000000247e-01 -3.226000000000000135e-03 6.055500000000000327e-01 -7.958009999999999806e-01 -3.193999999999999791e-03
1.800000000000000000e+01 5.800000000000000000e+01 3.100000000000000000e+01 0.000000000000000000e+00 1.600000000000000089e+00 5.133000000000000410e-03 4.061000000000000373e-03 9.999789999999999512e-01 -7.858150000000000412e-01 -6.184269999999999490e-01 6.544999999999999603e-03 6.184399999999999897e-01 -7.858319999999999750e-01 1.699999999999999987e-05
2.400000000000000000e+01 5.800000000000000000e+01 3.100000000000000000e+01 0.000000000000000000e+00 1.600000000000000089e+00 1.562999999999999936e-03 1.016999999999999892e-03 9.999980000000000535e-01 -7.786880000000000468e-01 -6.274079999999999657e-01 1.855000000000000095e-03 6.274089999999999945e-01 -7.786899999999999933e-01 -1.890000000000000133e-04
2.800000000000000000e+01 5.800000000000000000e+01 3.100000000000000000e+01 0.000000000000000000e+00 1.600000000000000089e+00 6.466999999999999658e-03 7.239999999999999908e-03 9.999529999999999808e-01 -7.739920000000000133e-01 -6.331229999999999913e-01 9.589000000000000301e-03 6.331620000000000026e-01 -7.740179999999999838e-01 1.508999999999999925e-03
3.000000000000000000e+00 1.800000000000000000e+01 3.400000000000000000e+01 0.000000000000000000e+00 1.600000000000000089e+00 -2.507999999999999813e-03 -5.045000000000000005e-03 -9.999839999999999840e-01 -3.108940000000000037e-01 -9.504280000000000506e-01 5.575000000000000094e-03 -9.504409999999999803e-01 3.109029999999999849e-01 8.149999999999999693e-04
8.000000000000000000e+00 1.800000000000000000e+01 3.400000000000000000e+01 0.000000000000000000e+00 1.600000000000000089e+00 -4.499999999999999877e-04 -2.170000000000000054e-03 -9.999970000000000248e-01 -3.062799999999999967e-01 -9.519389999999999796e-01 2.203000000000000097e-03 -9.519410000000000371e-01 3.062810000000000255e-01 -2.359999999999999902e-04
1.000000000000000000e+00 4.600000000000000000e+01 3.500000000000000000e+01 0.000000000000000000e+00 1.600000000000000089e+00 1.998000000000000210e-03 -1.206100000000000054e-02 -9.999249999999999527e-01 3.905330000000000190e-01 -9.205119999999999969e-01 1.188299999999999947e-02 -9.205870000000000442e-01 -3.905270000000000130e-01 2.870999999999999854e-03
6.000000000000000000e+00 4.600000000000000000e+01 3.500000000000000000e+01 0.000000000000000000e+00 1.600000000000000089e+00 1.054999999999999948e-03 -6.461999999999999862e-03 -9.999789999999999512e-01 3.918769999999999754e-01 -9.199960000000000360e-01 6.359000000000000069e-03 -9.200169999999999737e-01 -3.918749999999999734e-01 1.562000000000000020e-03
9.000000000000000000e+00 4.600000000000000000e+01 3.500000000000000000e+01 0.000000000000000000e+00 1.600000000000000089e+00 -5.599999999999999509e-04 -1.376999999999999969e-03 -9.999989999999999712e-01 3.930089999999999972e-01 -9.195339999999999625e-01 1.046000000000000055e-03 -9.195339999999999625e-01 -3.930080000000000240e-01 1.056000000000000081e-03
1.500000000000000000e+01 4.600000000000000000e+01 3.500000000000000000e+01 0.000000000000000000e+00 1.600000000000000089e+00 1.075999999999999917e-03 -5.974000000000000143e-03 -9.999820000000000375e-01 3.915219999999999811e-01 -9.201500000000000234e-01 5.917999999999999650e-03 -9.201679999999999859e-01 -3.915210000000000079e-01 1.348999999999999939e-03
1.900000000000000000e+01 4.600000000000000000e+01 3.500000000000000000e+01 0.000000000000000000e+00 1.600000000000000089e+00 5.090000000000000123e-04 -1.866000000000000037e-03 -9.999980000000000535e-01 3.910509999999999819e-01 -9.203670000000000462e-01 1.915999999999999951e-03 -9.203689999999999927e-01 -3.910520000000000107e-01 2.610000000000000015e-04
2.500000000000000000e+01 4.600000000000000000e+01 3.500000000000000000e+01 0.000000000000000000e+00 1.600000000000000089e+00 -7.780000000000000457e-04 1.840000000000000056e-03 -9.999980000000000535e-01 3.919690000000000119e-01 -9.199760000000000160e-01 -1.998000000000000210e-03 -9.199779999999999625e-01 -3.919699999999999851e-01 -6.000000000000000152e-06
6.000000000000000000e+00 9.500000000000000000e+01 3.600000000000000000e+01 0.000000000000000000e+00 1.600000000000000089e+00 4.054000000000000312e-03 -1.600800000000000139e-02 9.998639999999999750e-01 9.972560000000000313e-01 7.396899999999999309e-02 -2.858999999999999996e-03 -7.391300000000000647e-02 9.971320000000000183e-01 1.626400000000000068e-02
1.000000000000000000e+01 9.500000000000000000e+01 3.600000000000000000e+01 0.000000000000000000e+00 1.600000000000000089e+00 1.482000000000000027e-03 -5.870899999999999730e-02 9.982739999999999947e-01 9.971470000000000056e-01 7.542999999999999705e-02 2.955999999999999860e-03 -7.547299999999999842e-02 9.954210000000000003e-01 5.865399999999999781e-02
3.000000000000000000e+00 2.900000000000000000e+01 4.400000000000000000e+01 0.000000000000000000e+00 1.600000000000000089e+00 -2.380000000000000117e-04 -2.142999999999999940e-03 -9.999980000000000535e-01 6.659969999999999501e-01 7.459529999999999772e-01 -1.757000000000000098e-03 7.459550000000000347e-01 -6.659950000000000037e-01 1.250000000000000026e-03
7.000000000000000000e+00 2.900000000000000000e+01 4.400000000000000000e+01 0.000000000000000000e+00 1.600000000000000089e+00 5.209999999999999788e-04 1.129000000000000012e-03 -9.999989999999999712e-01 6.695360000000000200e-01 7.427780000000000493e-01 1.188000000000000037e-03 7.427789999999999671e-01 -6.695370000000000488e-01 -3.690000000000000246e-04
1.000000000000000000e+01 2.900000000000000000e+01 4.400000000000000000e+01 0.000000000000000000e+00 1.600000000000000089e+00 1.910999999999999938e-03 1.881000000000000076e-03 -9.999959999999999960e-01 6.666539999999999688e-01 7.453619999999999690e-01 2.675999999999999993e-03 7.453650000000000553e-01 -6.666570000000000551e-01 1.710000000000000094e-04
1.400000000000000000e+01 2.900000000000000000e+01 4.400000000000000000e+01 0.000000000000000000e+00 1.600000000000000089e+00 1.348000000000000023e-03 2.719999999999999979e-04 -9.999989999999999712e-01 6.550789999999999669e-01 7.555600000000000094e-01 1.087999999999999991e-03 7.555600000000000094e-01 -6.550789999999999669e-01 8.400000000000000348e-04
1.800000000000000000e+01 2.900000000000000000e+01 4.400000000000000000e+01 0.000000000000000000e+00 1.600000000000000089e+00 -6.660000000000000338e-04 -1.461999999999999975e-03 -9.999989999999999712e-01 6.507230000000000514e-01 7.593140000000000445e-01 -1.543000000000000101e-03 7.593149999999999622e-01 -6.507230000000000514e-01 4.459999999999999989e-04
2.600000000000000000e+01 2.900000000000000000e+01 4.400000000000000000e+01 0.000000000000000000e+00 1.600000000000000089e+00 6.750000000000000357e-04 1.546000000000000065e-03 -9.999989999999999712e-01 6.495950000000000335e-01 7.602790000000000381e-01 1.613999999999999983e-03 7.602799999999999558e-01 -6.495950000000000335e-01 -4.910000000000000085e-04
4.000000000000000000e+00 5.000000000000000000e+00 5.100000000000000000e+01 0.000000000000000000e+00 1.600000000000000089e+00 3.631999999999999812e-03 4.853999999999999808e-03 -9.999820000000000375e-01 4.834240000000000204e-01 -8.753830000000000222e-01 -2.492999999999999990e-03 -8.753790000000000182e-01 -4.834060000000000024e-01 -5.525999999999999662e-03
1.400000000000000000e+01 6.000000000000000000e+00 5.100000000000000000e+01 0.000000000000000000e+00 1.600000000000000089e+00 3.848999999999999991e-03 1.581400000000000167e-02 -9.998679999999999790e-01 3.097460000000000213e-01 -9.507189999999999808e-01 -1.384499999999999967e-02 -9.508119999999999905e-01 -3.096519999999999828e-01 -8.557000000000000370e-03
1.500000000000000000e+01 7.000000000000000000e+00 5.200000000000000000e+01 0.000000000000000000e+00 1.600000000000000089e+00 9.480000000000000579e-03 1.461699999999999978e-02 -9.998479999999999590e-01 9.926500000000000601e-02 -9.949679999999999636e-01 -1.360500000000000077e-02 -9.950160000000000116e-01 -9.912100000000000077e-02 -1.088300000000000031e-02
1.900000000000000000e+01 7.000000000000000000e+00 5.200000000000000000e+01 0.000000000000000000e+00 1.600000000000000089e+00 6.542000000000000072e-03 9.416000000000000758e-03 -9.999339999999999895e-01 9.421799999999999620e-02 -9.955129999999999812e-01 -8.758000000000000160e-03 -9.955300000000000260e-01 -9.415500000000000258e-02 -7.399000000000000195e-03
1.000000000000000000e+00 6.300000000000000000e+01 5.400000000000000000e+01 0.000000000000000000e+00 1.600000000000000089e+00 -1.520000000000000084e-04 1.423999999999999919e-03 9.999989999999999712e-01 -3.317069999999999741e-01 9.433810000000000251e-01 -1.392999999999999924e-03 -9.433820000000000539e-01 -3.317069999999999741e-01 3.289999999999999739e-04
5.000000000000000000e+00 6.300000000000000000e+01 5.400000000000000000e+01 0.000000000000000000e+00 1.600000000000000089e+00 1.240000000000000000e-03 7.529999999999999801e-04 9.999989999999999712e-01 -3.360639999999999739e-01 9.418389999999999818e-01 -2.919999999999999961e-04 -9.418379999999999530e-01 -3.360639999999999739e-01 1.420999999999999954e-03
1.400000000000000000e+01 6.300000000000000000e+01 5.400000000000000000e+01 0.000000000000000000e+00 1.600000000000000089e+00 6.792000000000000294e-03 4.307000000000000065e-03 9.999679999999999680e-01 -3.422390000000000154e-01 9.396109999999999740e-01 -1.722000000000000006e-03 -9.395879999999999788e-01 -3.422160000000000202e-01 7.856000000000000136e-03
2.500000000000000000e+01 6.300000000000000000e+01 5.400000000000000000e+01 0.000000000000000000e+00 1.600000000000000089e+00 -7.330000000000000361e-04 -1.610000000000000103e-04 1.000000000000000000e+00 -3.186229999999999896e-01 9.478809999999999736e-01 -8.100000000000000375e-05 -9.478809999999999736e-01 -3.186229999999999896e-01 -7.460000000000000268e-04
2.400000000000000000e+01 2.500000000000000000e+01 5.500000000000000000e+01 0.000000000000000000e+00 1.600000000000000089e+00 1.789999999999999870e-04 -6.267000000000000001e-03 -9.999799999999999800e-01 -1.140900000000000074e-02 -9.999149999999999983e-01 6.263999999999999603e-03 -9.999350000000000183e-01 1.140700000000000047e-02 -2.509999999999999753e-04
2.800000000000000000e+01 2.500000000000000000e+01 5.500000000000000000e+01 0.000000000000000000e+00 1.600000000000000089e+00 -3.530000000000000152e-04 -9.849000000000000116e-03 -9.999510000000000343e-01 -1.395399999999999939e-02 -9.998540000000000205e-01 9.853000000000000647e-03 -9.999029999999999863e-01 1.395599999999999966e-02 2.149999999999999947e-04
4.000000000000000000e+00 2.100000000000000000e+01 6.000000000000000000e+01 0.000000000000000000e+00 1.600000000000000089e+00 -3.649999999999999816e-04 -1.128200000000000036e-02 9.999360000000000470e-01 -9.279199999999999948e-02 9.956220000000000070e-01 1.119999999999999989e-02 -9.956850000000000422e-01 -9.278200000000000336e-02 -1.410000000000000012e-03
8.000000000000000000e+00 2.100000000000000000e+01 6.000000000000000000e+01 0.000000000000000000e+00 1.600000000000000089e+00 -1.616999999999999948e-03 -6.637999999999999803e-03 9.999770000000000048e-01 -9.318500000000000394e-02 9.956279999999999575e-01 6.458000000000000199e-03 -9.956469999999999487e-01 -9.317200000000000482e-02 -2.229000000000000078e-03
1.400000000000000000e+01 2.100000000000000000e+01 6.000000000000000000e+01 0.000000000000000000e+00 1.600000000000000089e+00 -1.453999999999999997e-03 4.637999999999999762e-03 9.999879999999999880e-01 -9.584700000000000164e-02 9.953849999999999643e-01 -4.755999999999999811e-03 -9.953950000000000298e-01 -9.585200000000000664e-02 -1.002000000000000069e-03
1.900000000000000000e+01 2.100000000000000000e+01 6.000000000000000000e+01 0.000000000000000000e+00 1.600000000000000089e+00 1.353999999999999952e-03 1.072700000000000042e-02 9.999419999999999975e-01 -9.600599999999999412e-02 9.953250000000000153e-01 -1.054800000000000008e-02 -9.953800000000000425e-01 -9.598700000000000288e-02 2.377000000000000206e-03
2.300000000000000000e+01 2.100000000000000000e+01 6.000000000000000000e+01 0.000000000000000000e+00 1.600000000000000089e+00 2.763999999999999964e-03 -5.640000000000000482e-04 9.999959999999999960e-01 -9.439000000000000168e-02 9.955349999999999477e-01 8.229999999999999469e-04 -9.955310000000000548e-01 -9.439200000000000368e-02 2.699000000000000010e-03
3.000000000000000000e+01 2.100000000000000000e+01 6.000000000000000000e+01 0.000000000000000000e+00 1.600000000000000089e+00 2.132000000000000214e-03 9.979000000000000023e-03 9.999479999999999480e-01 -9.588000000000000689e-02 9.953450000000000353e-01 -9.728999999999999801e-03 -9.953910000000000258e-01 -9.585399999999999476e-02 3.079000000000000140e-03
1.300000000000000000e+01 8.200000000000000000e+01 6.200000000000000000e+01 0.000000000000000000e+00 1.600000000000000089e+00 6.359580000000000233e-01 -7.463459999999999539e-01 1.962780000000000080e-01 -6.464090000000000114e-01 -6.541059999999999652e-01 -3.928119999999999945e-01 4.215599999999999903e-01 1.229360000000000036e-01 -8.984290000000000331e-01
1.400000000000000000e+01 3.000000000000000000e+00 6.300000000000000000e+01 0.000000000000000000e+00 1.600000000000000089e+00 1.704999999999999918e-03 1.383299999999999981e-02 9.999029999999999863e-01 -6.250449999999999617e-01 7.805279999999999996e-01 -9.733000000000000332e-03 -7.805870000000000308e-01 -6.249670000000000503e-01 9.976999999999999758e-03
2.100000000000000000e+01 3.000000000000000000e+00 6.300000000000000000e+01 0.000000000000000000e+00 1.600000000000000089e+00 7.339999999999999520e-04 2.299999999999999961e-03 9.999970000000000248e-01 -6.174100000000000144e-01 7.866410000000000347e-01 -1.356000000000000000e-03 -7.866410000000000347e-01 -6.174070000000000391e-01 1.998000000000000210e-03
2.900000000000000000e+01 3.000000000000000000e+00 6.300000000000000000e+01 0.000000000000000000e+00 1.600000000000000089e+00 1.284999999999999901e-03 -3.575000000000000053e-03 9.999930000000000208e-01 -6.171630000000000171e-01 7.868270000000000541e-01 3.605999999999999830e-03 -7.868340000000000334e-01 -6.171630000000000171e-01 -1.195000000000000099e-03
2.000000000000000000e+00 2.700000000000000000e+01 6.300000000000000000e+01 0.000000000000000000e+00 1.600000000000000089e+00 1.126000000000000048e-03 -5.703999999999999869e-03 9.999829999999999552e-01 -2.804280000000000106e-01 9.598569999999999602e-01 5.791000000000000140e-03 -9.598740000000000050e-01 -2.804300000000000126e-01 -5.190000000000000386e-04
6.000000000000000000e+00 2.700000000000000000e+01 6.300000000000000000e+01 0.000000000000000000e+00 1.600000000000000089e+00 7.360000000000000006e-04 -3.294000000000000053e-03 9.999940000000000495e-01 -2.815389999999999837e-01 9.595439999999999525e-01 3.367999999999999900e-03 -9.595489999999999853e-01 -2.815400000000000125e-01 -2.210000000000000050e-04
1.200000000000000000e+01 2.700000000000000000e+01 6.300000000000000000e+01 0.000000000000000000e+00 1.600000000000000089e+00 -1.227999999999999925e-03 -3.047999999999999928e-03 9.999949999999999672e-01 -2.761799999999999811e-01 9.611030000000000406e-01 2.589999999999999854e-03 -9.611049999999999871e-01 -2.761750000000000038e-01 -2.021999999999999926e-03
1.500000000000000000e+01 2.700000000000000000e+01 6.300000000000000000e+01 0.000000000000000000e+00 1.600000000000000089e+00 2.339999999999999958e-04 1.530000000000000056e-04 1.000000000000000000e+00 -2.714039999999999786e-01 9.624650000000000150e-01 -8.299999999999999815e-05 -9.624650000000000150e-01 -2.714039999999999786e-01 2.669999999999999847e-04
2.200000000000000000e+01 2.700000000000000000e+01 6.300000000000000000e+01 0.000000000000000000e+00 1.600000000000000089e+00 2.258000000000000024e-03 6.697999999999999961e-03 9.999749999999999472e-01 -2.728809999999999847e-01 9.620300000000000518e-01 -5.827999999999999847e-03 -9.620450000000000390e-01 -2.728610000000000202e-01 4.000000000000000083e-03
2.900000000000000000e+01 2.700000000000000000e+01 6.300000000000000000e+01 0.000000000000000000e+00 1.600000000000000089e+00 -7.150000000000000322e-04 -5.057999999999999996e-03 9.999869999999999592e-01 -2.798869999999999969e-01 9.600220000000000420e-01 4.656000000000000416e-03 -9.600330000000000252e-01 -2.798800000000000177e-01 -2.102000000000000136e-03
2.000000000000000000e+00 2.600000000000000000e+01 6.400000000000000000e+01 0.000000000000000000e+00 1.600000000000000089e+00 2.663000000000000003e-03 -8.996000000000000524e-03 9.999559999999999560e-01 -3.630570000000000186e-01 9.317199999999999926e-01 9.348999999999999672e-03 -9.317630000000000079e-01 -3.630659999999999998e-01 -7.849999999999999990e-04
1.200000000000000000e+01 2.600000000000000000e+01 6.400000000000000000e+01 0.000000000000000000e+00 1.600000000000000089e+00 -2.135999999999999878e-03 -2.884999999999999978e-03 9.999940000000000495e-01 -3.567259999999999875e-01 9.342070000000000096e-01 1.933000000000000039e-03 -9.342059999999999809e-01 -3.567199999999999815e-01 -3.024000000000000212e-03
1.600000000000000000e+01 2.600000000000000000e+01 6.400000000000000000e+01 0.000000000000000000e+00 1.600000000000000089e+00 2.979999999999999793e-04 -1.051999999999999984e-03 9.999989999999999712e-01 -3.528180000000000205e-01 9.356910000000000505e-01 1.090000000000000040e-03 -9.356919999999999682e-01 -3.528180000000000205e-01 -9.299999999999999727e-05
2.300000000000000000e+01 2.600000000000000000e+01 6.400000000000000000e+01 0.000000000000000000e+00 1.600000000000000089e+00 1.618000000000000081e-03 8.562999999999999431e-03 9.999620000000000175e-01 -3.590110000000000245e-01 9.333040000000000225e-01 -7.412000000000000186e-03 -9.333320000000000505e-01 -3.589860000000000273e-01 4.584999999999999666e-03
2.900000000000000000e+01 2.600000000000000000e+01 6.400000000000000000e+01 0.000000000000000000e+00 1.600000000000000089e+00 -9.700000000000000505e-04 -3.772999999999999878e-03 9.999919999999999920e-01 -3.652540000000000231e-01 9.309030000000000360e-01 3.158000000000000217e-03 -9.309070000000000400e-01 -3.652480000000000171e-01 -2.281000000000000041e-03
2.500000000000000000e+01 7.300000000000000000e+01 6.400000000000000000e+01 0.000000000000000000e+00 1.600000000000000089e+00 -9.699670000000000236e-01 1.560060000000000058e-01 -1.866160000000000041e-01 -1.475380000000000025e-01 -9.873229999999999507e-01 -5.852399999999999963e-02 -1.933799999999999963e-01 -2.923399999999999957e-02 9.806880000000000042e-01
