4.000000000000000000e+00 1.700000000000000000e+01 3.000000000000000000e+00 0.000000000000000000e+00 1.600000000000000089e+00 -2.627099999999999921e-02 -1.509300000000000051e-02 -9.995410000000000128e-01 -7.090769999999999573e-01 -7.045230000000000103e-01 2.927499999999999894e-02 -7.046419999999999906e-01 7.095200000000000395e-01 7.805999999999999571e-03
3.000000000000000000e+01 1.000000000000000000e+00 6.000000000000000000e+00 0.000000000000000000e+00 1.600000000000000089e+00 1.251400000000000082e-02 -9.946299999999999586e-02 -9.949630000000000418e-01 -1.871269999999999878e-01 -9.776939999999999520e-01 9.538299999999999557e-02 -9.822560000000000180e-01 1.849909999999999888e-01 -3.084699999999999942e-02
1.900000000000000000e+01 1.010000000000000000e+02 7.000000000000000000e+00 0.000000000000000000e+00 1.600000000000000089e+00 -2.471000000000000106e-03 5.069999999999999637e-04 9.999970000000000248e-01 8.883210000000000273e-01 4.592189999999999883e-01 1.962999999999999901e-03 -4.592160000000000131e-01 8.883229999999999738e-01 -1.585000000000000037e-03
3.000000000000000000e+01 1.010000000000000000e+02 7.000000000000000000e+00 0.000000000000000000e+00 1.600000000000000089e+00 4.820000000000000066e-04 -1.623199999999999990e-02 9.998679999999999790e-01 8.862280000000000157e-01 4.631959999999999966e-01 7.092000000000000214e-03 -4.632499999999999951e-01 8.861069999999999780e-01 1.460900000000000046e-02
2.000000000000000000e+00 2.500000000000000000e+01 8.000000000000000000e+00 0.000000000000000000e+00 1.600000000000000089e+00 4.730000000000000046e-04 7.511999999999999580e-03 -9.999719999999999720e-01 4.374629999999999908e-01 8.992090000000000360e-01 6.962000000000000306e-03 8.992360000000000353e-01 -4.374540000000000095e-01 -2.860000000000000129e-03
5.000000000000000000e+00 2.500000000000000000e+01 8.000000000000000000e+00 0.000000000000000000e+00 1.600000000000000089e+00 3.069999999999999812e-04 2.559000000000000077e-03 -9.999970000000000248e-01 4.372360000000000135e-01 8.993430000000000035e-01 2.435000000000000098e-03 8.993470000000000075e-01 -4.372360000000000135e-01 -8.429999999999999993e-04
1.300000000000000000e+01 2.500000000000000000e+01 8.000000000000000000e+00 0.000000000000000000e+00 1.600000000000000089e+00 -9.600000000000000243e-05 2.635000000000000189e-03 -9.999959999999999960e-01 4.378799999999999915e-01 8.990299999999999958e-01 2.327000000000000075e-03 8.990329999999999711e-01 -4.378779999999999895e-01 -1.240000000000000000e-03
1.700000000000000000e+01 2.500000000000000000e+01 8.000000000000000000e+00 0.000000000000000000e+00 1.600000000000000089e+00 8.499999999999999526e-04 4.441999999999999768e-03 -9.999900000000000455e-01 4.395930000000000115e-01 8.981869999999999576e-01 4.362999999999999691e-03 8.981970000000000232e-01 -4.395919999999999828e-01 -1.188999999999999953e-03
2.100000000000000000e+01 2.500000000000000000e+01 8.000000000000000000e+00 0.000000000000000000e+00 1.600000000000000089e+00 5.370000000000000424e-04 -1.789000000000000009e-03 -9.999980000000000535e-01 4.405299999999999772e-01 8.977370000000000072e-01 -1.368999999999999991e-03 8.977380000000000360e-01 -4.405290000000000039e-01 1.270000000000000078e-03
2.500000000000000000e+01 2.500000000000000000e+01 8.000000000000000000e+00 0.000000000000000000e+00 1.600000000000000089e+00 7.489999999999999913e-04 -6.199999999999999999e-04 -1.000000000000000000e+00 4.401379999999999737e-01 8.979300000000000059e-01 -2.280000000000000126e-04 8.979300000000000059e-01 -4.401370000000000005e-01 9.449999999999999850e-04
2.800000000000000000e+01 2.500000000000000000e+01 8.000000000000000000e+00 0.000000000000000000e+00 1.600000000000000089e+00 5.779999999999999548e-04 3.225000000000000002e-03 -9.999949999999999672e-01 4.396820000000000173e-01 8.981479999999999464e-01 3.151000000000000155e-03 8.981529999999999792e-01 -4.396820000000000173e-01 -8.989999999999999511e-04
1.000000000000000000e+00 2.400000000000000000e+01 9.000000000000000000e+00 0.000000000000000000e+00 1.600000000000000089e+00 -3.100000000000000135e-05 7.723999999999999963e-03 -9.999700000000000255e-01 4.431499999999999884e-01 8.964210000000000234e-01 6.910999999999999609e-03 8.964480000000000226e-01 -4.431359999999999744e-01 -3.449999999999999942e-03
6.000000000000000000e+00 2.400000000000000000e+01 9.000000000000000000e+00 0.000000000000000000e+00 1.600000000000000089e+00 2.100000000000000087e-04 7.330000000000000361e-04 -1.000000000000000000e+00 4.441010000000000235e-01 8.959770000000000234e-01 7.500000000000000156e-04 8.959770000000000234e-01 -4.441010000000000235e-01 -1.379999999999999933e-04
1.200000000000000000e+01 2.400000000000000000e+01 9.000000000000000000e+00 0.000000000000000000e+00 1.600000000000000089e+00 -2.590000000000000071e-04 4.000000000000000192e-04 -1.000000000000000000e+00 4.442869999999999875e-01 8.958850000000000424e-01 2.429999999999999977e-04 8.958850000000000424e-01 -4.442869999999999875e-01 -4.090000000000000211e-04
1.600000000000000000e+01 2.400000000000000000e+01 9.000000000000000000e+00 0.000000000000000000e+00 1.600000000000000089e+00 -3.609999999999999928e-04 5.645999999999999977e-03 -9.999839999999999840e-01 4.457050000000000178e-01 8.951670000000000460e-01 4.892999999999999780e-03 8.951799999999999757e-01 -4.456959999999999811e-01 -2.838999999999999944e-03
2.000000000000000000e+01 2.400000000000000000e+01 9.000000000000000000e+00 0.000000000000000000e+00 1.600000000000000089e+00 7.389999999999999651e-04 3.899999999999999929e-05 -1.000000000000000000e+00 4.479179999999999828e-01 8.940740000000000354e-01 3.660000000000000059e-04 8.940740000000000354e-01 -4.479179999999999828e-01 6.440000000000000412e-04
2.400000000000000000e+01 2.400000000000000000e+01 9.000000000000000000e+00 0.000000000000000000e+00 1.600000000000000089e+00 6.570000000000000319e-04 -2.602999999999999845e-03 -9.999959999999999960e-01 4.478179999999999938e-01 8.941230000000000011e-01 -2.033000000000000085e-03 8.941249999999999476e-01 -4.478150000000000186e-01 1.753000000000000001e-03
2.900000000000000000e+01 2.400000000000000000e+01 9.000000000000000000e+00 0.000000000000000000e+00 1.600000000000000089e+00 -1.669999999999999935e-04 3.516000000000000028e-03 -9.999940000000000495e-01 4.460290000000000088e-01 8.950129999999999475e-01 3.072000000000000078e-03 8.950179999999999803e-01 -4.460259999999999780e-01 -1.717999999999999909e-03
2.200000000000000000e+01 7.000000000000000000e+00 1.000000000000000000e+01 0.000000000000000000e+00 1.600000000000000089e+00 -1.375250000000000083e-01 -7.334899999999999753e-02 -9.877789999999999626e-01 -9.509119999999999795e-01 -2.693369999999999931e-01 1.523919999999999997e-01 -2.772240000000000260e-01 9.602490000000000192e-01 -3.270699999999999996e-02
1.300000000000000000e+01 8.000000000000000000e+00 1.000000000000000000e+01 0.000000000000000000e+00 1.600000000000000089e+00 -1.194080000000000003e-01 -4.020699999999999968e-02 -9.920309999999999961e-01 -9.869360000000000355e-01 -1.040500000000000036e-01 1.230119999999999963e-01 -1.081669999999999993e-01 9.937589999999999479e-01 -2.725800000000000098e-02
2.800000000000000000e+01 2.000000000000000000e+00 1.100000000000000000e+01 0.000000000000000000e+00 1.600000000000000089e+00 9.950000000000000511e-03 -1.751119999999999899e-01 9.844979999999999842e-01 1.336469999999999880e-01 -9.754810000000000425e-01 -1.748589999999999867e-01 9.909790000000000543e-01 1.333149999999999891e-01 1.369700000000000084e-02
2.200000000000000000e+01 3.000000000000000000e+00 1.100000000000000000e+01 0.000000000000000000e+00 1.600000000000000089e+00 1.486200000000000021e-02 -1.501540000000000097e-01 9.885509999999999575e-01 1.965919999999999890e-01 -9.689240000000000075e-01 -1.501280000000000114e-01 9.803730000000000500e-01 1.965719999999999967e-01 1.511900000000000049e-02
1.900000000000000000e+01 3.100000000000000000e+01 1.200000000000000000e+01 0.000000000000000000e+00 1.600000000000000089e+00 -5.659999999999999884e-04 4.815999999999999968e-03 9.999879999999999880e-01 -3.063799999999999857e-02 9.995190000000000463e-01 -4.831000000000000225e-03 -9.995300000000000296e-01 -3.064000000000000057e-02 -4.180000000000000230e-04
4.000000000000000000e+00 3.500000000000000000e+01 1.200000000000000000e+01 0.000000000000000000e+00 1.600000000000000089e+00 -6.750000000000000357e-04 2.110000000000000059e-04 -1.000000000000000000e+00 4.246599999999999819e-01 -9.053529999999999633e-01 -4.769999999999999934e-04 -9.053520000000000456e-01 -4.246610000000000107e-01 5.220000000000000031e-04
1.000000000000000000e+01 3.500000000000000000e+01 1.200000000000000000e+01 0.000000000000000000e+00 1.600000000000000089e+00 -1.453000000000000081e-03 4.377999999999999947e-03 -9.999890000000000168e-01 4.564380000000000104e-01 -8.897439999999999793e-01 -4.558999999999999685e-03 -8.897540000000000449e-01 -4.564400000000000124e-01 -7.050000000000000060e-04
1.300000000000000000e+01 3.500000000000000000e+01 1.200000000000000000e+01 0.000000000000000000e+00 1.600000000000000089e+00 -2.537999999999999892e-03 4.557000000000000287e-03 -9.999860000000000415e-01 4.603079999999999949e-01 -8.877439999999999776e-01 -5.213999999999999885e-03 -8.877549999999999608e-01 -4.603149999999999742e-01 1.550000000000000000e-04
2.800000000000000000e+01 1.200000000000000000e+01 1.500000000000000000e+01 0.000000000000000000e+00 1.600000000000000089e+00 1.276599999999999957e-02 2.000000000000000042e-02 -9.997179999999999955e-01 -3.971410000000000218e-01 -9.174590000000000245e-01 -2.342500000000000138e-02 -9.176689999999999570e-01 3.973280000000000145e-01 -3.769000000000000215e-03
5.000000000000000000e+00 1.200000000000000000e+01 1.600000000000000000e+01 0.000000000000000000e+00 1.600000000000000089e+00 2.023000000000000059e-03 -9.376700000000000312e-02 9.955920000000000325e-01 2.058649999999999924e-01 -9.742300000000000404e-01 -9.217300000000000493e-02 9.785779999999999479e-01 2.051439999999999930e-01 1.733300000000000118e-02
5.000000000000000000e+00 1.160000000000000000e+02 1.600000000000000000e+01 0.000000000000000000e+00 1.600000000000000089e+00 4.926999999999999956e-03 8.409999999999999507e-04 9.999869999999999592e-01 6.714630000000000321e-01 7.410280000000000200e-01 -3.931999999999999731e-03 -7.410219999999999585e-01 6.714740000000000153e-01 3.086999999999999900e-03
2.600000000000000000e+01 1.160000000000000000e+02 1.600000000000000000e+01 0.000000000000000000e+00 1.600000000000000089e+00 8.469999999999999881e-04 1.502000000000000080e-03 9.999980000000000535e-01 7.051809999999999468e-01 7.090260000000000451e-01 -1.662000000000000066e-03 -7.090269999999999628e-01 7.051809999999999468e-01 -4.580000000000000195e-04
6.000000000000000000e+00 2.000000000000000000e+00 1.900000000000000000e+01 0.000000000000000000e+00 1.600000000000000089e+00 1.215800000000000040e-02 -5.174700000000000133e-02 -9.985859999999999737e-01 3.316239999999999744e-01 -9.419300000000000450e-01 5.284900000000000014e-02 -9.433329999999999771e-01 -3.317970000000000086e-01 5.708999999999999665e-03
1.400000000000000000e+01 2.000000000000000000e+00 1.900000000000000000e+01 0.000000000000000000e+00 1.600000000000000089e+00 1.285700000000000037e-02 -6.807499999999999662e-02 -9.975969999999999560e-01 3.630740000000000078e-01 -9.292690000000000117e-01 6.809199999999999975e-02 -9.316719999999999446e-01 -3.630769999999999831e-01 1.276900000000000084e-02
1.800000000000000000e+01 2.000000000000000000e+00 1.900000000000000000e+01 0.000000000000000000e+00 1.600000000000000089e+00 1.416700000000000077e-02 -5.645200000000000218e-02 -9.983049999999999979e-01 3.667030000000000012e-01 -9.285470000000000113e-01 5.771099999999999841e-02 -9.302300000000000013e-01 -3.668989999999999752e-01 7.545999999999999756e-03
2.400000000000000000e+01 2.000000000000000000e+00 1.900000000000000000e+01 0.000000000000000000e+00 1.600000000000000089e+00 6.289999999999999584e-03 -4.422899999999999748e-02 -9.990019999999999456e-01 3.544120000000000048e-01 -9.340730000000000421e-01 4.358599999999999974e-02 -9.350680000000000103e-01 -3.543319999999999803e-01 9.799999999999999684e-03
2.700000000000000000e+01 2.000000000000000000e+00 1.900000000000000000e+01 0.000000000000000000e+00 1.600000000000000089e+00 1.490000000000000005e-03 -6.418400000000000494e-02 -9.979369999999999630e-01 3.421799999999999842e-01 -9.376640000000000530e-01 6.081799999999999706e-02 -9.396330000000000515e-01 -3.415639999999999787e-01 2.056499999999999995e-02
2.000000000000000000e+00 3.000000000000000000e+00 1.900000000000000000e+01 0.000000000000000000e+00 1.600000000000000089e+00 1.095899999999999999e-02 -3.514500000000000263e-02 -9.993220000000000436e-01 3.330629999999999979e-01 -9.421869999999999967e-01 3.678800000000000125e-02 -9.428410000000000402e-01 -3.332399999999999807e-01 1.379999999999999933e-03
8.000000000000000000e+00 3.000000000000000000e+00 1.900000000000000000e+01 0.000000000000000000e+00 1.600000000000000089e+00 1.344399999999999935e-02 -5.633900000000000019e-02 -9.983210000000000139e-01 3.421950000000000269e-01 -9.378659999999999775e-01 5.753599999999999687e-02 -9.395329999999999515e-01 -3.423939999999999761e-01 6.669999999999999714e-03
2.100000000000000000e+01 3.000000000000000000e+00 1.900000000000000000e+01 0.000000000000000000e+00 1.600000000000000089e+00 1.234099999999999954e-02 -3.087300000000000114e-02 -9.994469999999999743e-01 3.336359999999999881e-01 -9.421169999999999822e-01 3.322200000000000153e-02 -9.426210000000000422e-01 -3.338610000000000189e-01 -1.325999999999999922e-03
2.600000000000000000e+01 3.000000000000000000e+00 1.900000000000000000e+01 0.000000000000000000e+00 1.600000000000000089e+00 7.579999999999999932e-04 -4.764000000000000179e-02 -9.988639999999999741e-01 3.210210000000000008e-01 -9.459849999999999648e-01 4.536099999999999854e-02 -9.470720000000000249e-01 -3.206910000000000038e-01 1.457699999999999968e-02
2.000000000000000000e+00 4.000000000000000000e+00 2.000000000000000000e+01 0.000000000000000000e+00 1.600000000000000089e+00 7.832000000000000420e-03 -3.437599999999999684e-02 -9.993779999999999886e-01 4.254290000000000016e-01 -9.043360000000000287e-01 3.444099999999999939e-02 -9.049580000000000402e-01 -4.254339999999999788e-01 7.542000000000000093e-03
9.000000000000000000e+00 4.000000000000000000e+00 2.000000000000000000e+01 0.000000000000000000e+00 1.600000000000000089e+00 9.440999999999999739e-03 -5.475000000000000006e-02 -9.984549999999999814e-01 4.097160000000000246e-01 -9.106250000000000178e-01 5.380800000000000166e-02 -9.121639999999999748e-01 -4.095909999999999829e-01 1.383500000000000008e-02
2.700000000000000000e+01 4.000000000000000000e+00 2.000000000000000000e+01 0.000000000000000000e+00 1.600000000000000089e+00 1.691000000000000012e-03 -2.607699999999999949e-02 -9.996589999999999643e-01 3.371149999999999980e-01 -9.411279999999999646e-01 2.512100000000000097e-02 -9.414620000000000211e-01 -3.370420000000000083e-01 7.198999999999999670e-03
6.000000000000000000e+00 1.300000000000000000e+01 2.000000000000000000e+01 0.000000000000000000e+00 1.600000000000000089e+00 4.475999999999999944e-03 -8.361999999999999642e-03 9.999550000000000383e-01 2.759550000000000058e-01 9.611459999999999448e-01 6.803000000000000019e-03 -9.611600000000000144e-01 2.759119999999999906e-01 6.609000000000000291e-03
1.100000000000000000e+01 1.300000000000000000e+01 2.000000000000000000e+01 0.000000000000000000e+00 1.600000000000000089e+00 5.959999999999999586e-04 6.920000000000000153e-04 1.000000000000000000e+00 2.627240000000000131e-01 9.648710000000000342e-01 -8.239999999999999712e-04 -9.648710000000000342e-01 2.627240000000000131e-01 3.930000000000000117e-04
1.500000000000000000e+01 1.300000000000000000e+01 2.000000000000000000e+01 0.000000000000000000e+00 1.600000000000000089e+00 -7.600000000000000418e-05 3.837000000000000133e-03 9.999930000000000208e-01 2.604330000000000256e-01 9.654850000000000376e-01 -3.684999999999999908e-03 -9.654920000000000169e-01 2.604310000000000236e-01 -1.072000000000000036e-03
2.000000000000000000e+01 1.300000000000000000e+01 2.000000000000000000e+01 0.000000000000000000e+00 1.600000000000000089e+00 -6.840000000000000377e-04 -2.648000000000000180e-03 9.999959999999999960e-01 2.595930000000000182e-01 9.657139999999999613e-01 2.733999999999999885e-03 -9.657179999999999653e-01 2.595939999999999914e-01 2.699999999999999899e-05
2.400000000000000000e+01 1.300000000000000000e+01 2.000000000000000000e+01 0.000000000000000000e+00 1.600000000000000089e+00 -1.820000000000000003e-03 -7.896999999999999506e-03 9.999670000000000503e-01 2.622010000000000174e-01 9.649790000000000312e-01 8.097999999999999296e-03 -9.650119999999999809e-01 2.622070000000000234e-01 3.139999999999999888e-04
2.900000000000000000e+01 1.300000000000000000e+01 2.000000000000000000e+01 0.000000000000000000e+00 1.600000000000000089e+00 -2.380000000000000117e-04 -3.524999999999999922e-03 9.999940000000000495e-01 2.638530000000000042e-01 9.645569999999999977e-01 3.462999999999999932e-03 -9.645629999999999482e-01 2.638519999999999754e-01 7.010000000000000172e-04
1.700000000000000000e+01 3.000000000000000000e+00 2.500000000000000000e+01 0.000000000000000000e+00 1.600000000000000089e+00 1.474800000000000069e-02 -3.979400000000000298e-02 9.990989999999999593e-01 -2.716999999999999797e-03 -9.992060000000000386e-01 -3.975900000000000267e-02 9.998879999999999990e-01 -2.128000000000000117e-03 -1.484500000000000056e-02
2.300000000000000000e+01 3.000000000000000000e+00 2.500000000000000000e+01 0.000000000000000000e+00 1.600000000000000089e+00 -3.876999999999999804e-03 5.218000000000000416e-03 9.999789999999999512e-01 -3.858199999999999824e-02 -9.992429999999999923e-01 5.065000000000000058e-03 9.992480000000000251e-01 -3.856099999999999806e-02 4.075999999999999762e-03
1.200000000000000000e+01 4.600000000000000000e+01 2.700000000000000000e+01 0.000000000000000000e+00 1.600000000000000089e+00 1.092000000000000089e-03 9.160000000000000390e-04 -9.999989999999999712e-01 6.777440000000000131e-01 7.352959999999999496e-01 1.413999999999999892e-03 7.352969999999999784e-01 -6.777450000000000419e-01 1.820000000000000057e-04
2.400000000000000000e+01 4.600000000000000000e+01 2.700000000000000000e+01 0.000000000000000000e+00 1.600000000000000089e+00 -4.020000000000000136e-04 -2.866000000000000058e-03 -9.999959999999999960e-01 6.806809999999999805e-01 7.325760000000000050e-01 -2.373000000000000109e-03 7.325800000000000090e-01 -6.806790000000000340e-01 1.655999999999999920e-03
9.000000000000000000e+00 4.600000000000000000e+01 3.000000000000000000e+01 0.000000000000000000e+00 1.600000000000000089e+00 5.220000000000000031e-04 7.439999999999999782e-04 -1.000000000000000000e+00 3.303189999999999737e-01 9.438689999999999580e-01 8.750000000000000182e-04 9.438689999999999580e-01 -3.303189999999999737e-01 2.469999999999999865e-04
8.000000000000000000e+00 5.800000000000000000e+01 3.100000000000000000e+01 0.000000000000000000e+00 1.600000000000000089e+00 1.376999999999999969e-03 -1.039999999999999936e-04 9.999989999999999712e-01 -8.047849999999999726e-01 -5.935660000000000380e-01 1.046000000000000055e-03 5.935650000000000093e-01 -8.047860000000000014e-01 -9.009999999999999997e-04
1.300000000000000000e+01 5.800000000000000000e+01 3.100000000000000000e+01 0.000000000000000000e+00 1.600000000000000089e+00 -1.832999999999999994e-03 -1.466000000000000072e-03 9.999970000000000248e-01 -8.078689999999999483e-01 -5.893580000000000485e-01 -2.344999999999999862e-03 5.893589999999999662e-01 -8.078710000000000058e-01 -1.039999999999999936e-04
1.800000000000000000e+01 5.800000000000000000e+01 3.100000000000000000e+01 0.000000000000000000e+00 1.600000000000000089e+00 -5.126000000000000348e-03 -3.949000000000000253e-03 9.999789999999999512e-01 -8.117760000000000531e-01 -5.839330000000000354e-01 -6.466999999999999658e-03 5.839459999999999651e-01 -8.117919999999999581e-01 -2.130000000000000003e-04
2.200000000000000000e+01 5.800000000000000000e+01 3.100000000000000000e+01 0.000000000000000000e+00 1.600000000000000089e+00 2.269999999999999882e-04 1.337000000000000081e-03 9.999989999999999712e-01 -8.120979999999999865e-01 -5.835200000000000387e-01 9.640000000000000131e-04 5.835209999999999564e-01 -8.120979999999999865e-01 9.529999999999999626e-04
2.600000000000000000e+01 5.800000000000000000e+01 3.100000000000000000e+01 0.000000000000000000e+00 1.600000000000000089e+00 4.066000000000000170e-03 4.087999999999999620e-03 9.999829999999999552e-01 -8.083989999999999787e-01 -5.886069999999999913e-01 5.693000000000000144e-03 5.886209999999999498e-01 -8.084090000000000442e-01 9.120000000000000502e-04
5.000000000000000000e+00 4.600000000000000000e+01 3.500000000000000000e+01 0.000000000000000000e+00 1.600000000000000089e+00 1.727000000000000019e-03 2.786999999999999981e-03 -9.999949999999999672e-01 3.909420000000000117e-01 -9.204130000000000367e-01 -1.889999999999999970e-03 -9.204139999999999544e-01 -3.909369999999999790e-01 -2.680000000000000090e-03
1.000000000000000000e+01 4.600000000000000000e+01 3.500000000000000000e+01 0.000000000000000000e+00 1.600000000000000089e+00 -6.660000000000000338e-04 -2.288000000000000103e-03 -9.999970000000000248e-01 3.907959999999999767e-01 -9.204750000000000432e-01 1.845999999999999985e-03 -9.204769999999999897e-01 -3.907939999999999747e-01 1.507000000000000093e-03
1.400000000000000000e+01 4.600000000000000000e+01 3.500000000000000000e+01 0.000000000000000000e+00 1.600000000000000089e+00 -5.370000000000000424e-04 -2.418000000000000010e-03 -9.999970000000000248e-01 3.912720000000000087e-01 -9.202730000000000077e-01 2.014999999999999864e-03 -9.202749999999999542e-01 -3.912700000000000067e-01 1.441000000000000007e-03
2.100000000000000000e+01 4.600000000000000000e+01 3.500000000000000000e+01 0.000000000000000000e+00 1.600000000000000089e+00 3.699999999999999947e-04 -3.780000000000000265e-04 -1.000000000000000000e+00 3.921029999999999793e-01 -9.199209999999999887e-01 4.929999999999999487e-04 -9.199209999999999887e-01 -3.921040000000000081e-01 -1.920000000000000049e-04
2.300000000000000000e+01 4.600000000000000000e+01 3.500000000000000000e+01 0.000000000000000000e+00 1.600000000000000089e+00 2.790000000000000054e-04 1.113999999999999973e-03 -9.999989999999999712e-01 3.914389999999999814e-01 -9.202040000000000219e-01 -9.160000000000000390e-04 -9.202040000000000219e-01 -3.914380000000000082e-01 -6.930000000000000396e-04
2.800000000000000000e+01 9.500000000000000000e+01 3.600000000000000000e+01 0.000000000000000000e+00 1.600000000000000089e+00 1.675999999999999972e-03 9.886999999999999955e-03 9.999500000000000055e-01 9.966679999999999984e-01 8.153399999999999537e-02 -2.477000000000000035e-03 -8.155400000000000149e-02 9.966220000000000079e-01 -9.717999999999999208e-03
1.900000000000000000e+01 3.000000000000000000e+00 4.300000000000000000e+01 0.000000000000000000e+00 1.600000000000000089e+00 5.450000000000000200e-04 -8.356000000000000580e-03 -9.999649999999999928e-01 7.427390000000000381e-01 -6.695539999999999825e-01 6.000000000000000125e-03 -6.695809999999999818e-01 -7.427160000000000428e-01 5.841999999999999971e-03
1.000000000000000000e+00 2.900000000000000000e+01 4.400000000000000000e+01 0.000000000000000000e+00 1.600000000000000089e+00 -4.920000000000000328e-04 -1.233700000000000074e-02 -9.999240000000000350e-01 6.594139999999999446e-01 7.517190000000000261e-01 -9.598999999999999894e-03 7.517800000000000038e-01 -6.593679999999999541e-01 7.765000000000000201e-03
7.000000000000000000e+00 2.900000000000000000e+01 4.400000000000000000e+01 0.000000000000000000e+00 1.600000000000000089e+00 2.290000000000000098e-04 -3.736000000000000171e-03 -9.999930000000000208e-01 6.634769999999999834e-01 7.481919999999999682e-01 -2.642999999999999950e-03 7.481970000000000010e-01 -6.634710000000000329e-01 2.650000000000000012e-03
1.500000000000000000e+01 2.900000000000000000e+01 4.400000000000000000e+01 0.000000000000000000e+00 1.600000000000000089e+00 3.923000000000000272e-03 6.729999999999999871e-04 -9.999919999999999920e-01 6.650620000000000420e-01 7.467819999999999458e-01 3.112000000000000183e-03 7.467780000000000529e-01 -6.650690000000000213e-01 2.481999999999999831e-03
2.400000000000000000e+01 2.900000000000000000e+01 4.400000000000000000e+01 0.000000000000000000e+00 1.600000000000000089e+00 -1.224000000000000045e-03 4.158000000000000237e-03 -9.999909999999999632e-01 6.642149999999999999e-01 7.475380000000000358e-01 2.295000000000000165e-03 7.475410000000000110e-01 -6.642059999999999631e-01 -3.677000000000000147e-03
1.600000000000000000e+01 5.000000000000000000e+00 5.100000000000000000e+01 0.000000000000000000e+00 1.600000000000000089e+00 1.240000000000000000e-03 -1.489500000000000025e-02 -9.998879999999999990e-01 4.828089999999999882e-01 -8.756190000000000362e-01 1.364300000000000061e-02 -8.757249999999999757e-01 -4.827719999999999789e-01 6.106000000000000316e-03
2.700000000000000000e+01 5.000000000000000000e+00 5.100000000000000000e+01 0.000000000000000000e+00 1.600000000000000089e+00 -3.118999999999999811e-03 2.004000000000000139e-03 -9.999930000000000208e-01 4.821790000000000243e-01 -8.760670000000000401e-01 -3.259999999999999877e-03 -8.760670000000000401e-01 -4.821849999999999747e-01 1.765999999999999992e-03
1.600000000000000000e+01 1.150000000000000000e+02 5.100000000000000000e+01 0.000000000000000000e+00 1.600000000000000089e+00 -2.295000000000000165e-03 3.380000000000000192e-03 9.999919999999999920e-01 8.457729999999999970e-01 -5.335299999999999487e-01 3.743999999999999932e-03 5.335379999999999567e-01 8.457740000000000258e-01 -1.634999999999999952e-03
4.000000000000000000e+00 6.300000000000000000e+01 5.400000000000000000e+01 0.000000000000000000e+00 1.600000000000000089e+00 -1.544999999999999932e-03 -2.000000000000000164e-05 9.999989999999999712e-01 -3.514539999999999886e-01 9.362049999999999539e-01 -5.249999999999999676e-04 -9.362040000000000362e-01 -3.514550000000000174e-01 -1.453999999999999997e-03
9.000000000000000000e+00 6.300000000000000000e+01 5.400000000000000000e+01 0.000000000000000000e+00 1.600000000000000089e+00 1.917000000000000084e-03 7.849999999999999990e-04 9.999980000000000535e-01 -3.502430000000000265e-01 9.366590000000000193e-01 -6.399999999999999710e-05 -9.366569999999999618e-01 -3.502419999999999978e-01 2.069999999999999792e-03
1.400000000000000000e+01 6.300000000000000000e+01 5.400000000000000000e+01 0.000000000000000000e+00 1.600000000000000089e+00 -1.224000000000000045e-03 -3.504000000000000170e-03 9.999930000000000208e-01 -3.529900000000000260e-01 9.356229999999999825e-01 2.847000000000000138e-03 -9.356259999999999577e-01 -3.529840000000000200e-01 -2.382000000000000003e-03
1.900000000000000000e+01 6.300000000000000000e+01 5.400000000000000000e+01 0.000000000000000000e+00 1.600000000000000089e+00 -1.441000000000000007e-03 -1.521999999999999915e-03 9.999980000000000535e-01 -3.496619999999999728e-01 9.368750000000000133e-01 9.219999999999999680e-04 -9.368750000000000133e-01 -3.496600000000000263e-01 -1.881999999999999992e-03
5.000000000000000000e+00 2.500000000000000000e+01 5.500000000000000000e+01 0.000000000000000000e+00 1.600000000000000089e+00 1.402000000000000034e-03 -4.708000000000000379e-03 -9.999879999999999880e-01 -1.300600000000000020e-02 -9.999040000000000150e-01 4.688999999999999592e-03 -9.999139999999999695e-01 1.299900000000000014e-02 -1.463000000000000108e-03
8.000000000000000000e+00 2.500000000000000000e+01 5.500000000000000000e+01 0.000000000000000000e+00 1.600000000000000089e+00 2.886000000000000110e-03 -5.888000000000000005e-03 -9.999780000000000335e-01 -1.438299999999999995e-02 -9.998789999999999623e-01 5.845999999999999634e-03 -9.998920000000000030e-01 1.436600000000000030e-02 -2.969999999999999984e-03
2.100000000000000000e+01 2.500000000000000000e+01 5.500000000000000000e+01 0.000000000000000000e+00 1.600000000000000089e+00 -3.449999999999999833e-04 -3.147000000000000058e-03 -9.999949999999999672e-01 -1.488399999999999966e-02 -9.998839999999999950e-01 3.151000000000000155e-03 -9.998890000000000278e-01 1.488500000000000066e-02 2.990000000000000036e-04
2.400000000000000000e+01 2.500000000000000000e+01 5.500000000000000000e+01 0.000000000000000000e+00 1.600000000000000089e+00 3.860000000000000041e-04 3.183000000000000065e-03 -9.999949999999999672e-01 -1.502700000000000043e-02 -9.998820000000000485e-01 -3.187999999999999862e-03 -9.998869999999999703e-01 1.502799999999999969e-02 -3.379999999999999758e-04
2.900000000000000000e+01 2.500000000000000000e+01 5.500000000000000000e+01 0.000000000000000000e+00 1.600000000000000089e+00 -1.402999999999999950e-03 2.436999999999999930e-03 -9.999959999999999960e-01 -1.474400000000000016e-02 -9.998879999999999990e-01 -2.416000000000000179e-03 -9.998899999999999455e-01 1.474100000000000063e-02 1.438999999999999958e-03
1.800000000000000000e+01 5.800000000000000000e+01 5.900000000000000000e+01 0.000000000000000000e+00 1.600000000000000089e+00 -3.130000000000000187e-04 -4.217000000000000262e-03 -9.999909999999999632e-01 3.944670000000000121e-01 9.189009999999999678e-01 -3.998999999999999951e-03 9.189100000000000046e-01 -3.944650000000000101e-01 1.376000000000000053e-03
2.200000000000000000e+01 2.100000000000000000e+01 6.000000000000000000e+01 0.000000000000000000e+00 1.600000000000000089e+00 4.111000000000000071e-03 -2.699999999999999899e-05 9.999909999999999632e-01 -9.709900000000000475e-02 9.952750000000000208e-01 4.260000000000000006e-04 -9.952659999999999840e-01 -9.709900000000000475e-02 4.088999999999999753e-03
2.600000000000000000e+01 2.100000000000000000e+01 6.000000000000000000e+01 0.000000000000000000e+00 1.600000000000000089e+00 4.632999999999999965e-03 -1.979399999999999910e-02 9.997930000000000428e-01 -1.011999999999999983e-01 9.946620000000000461e-01 2.016099999999999837e-02 -9.948550000000000448e-01 -1.012720000000000009e-01 2.605000000000000111e-03
1.100000000000000000e+01 6.000000000000000000e+00 6.100000000000000000e+01 0.000000000000000000e+00 1.600000000000000089e+00 1.043000000000000090e-03 2.386999999999999799e-03 9.999970000000000248e-01 5.666010000000000213e-01 -8.239910000000000290e-01 1.374999999999999920e-03 8.239919999999999467e-01 5.665980000000000461e-01 -2.211999999999999991e-03
2.000000000000000000e+00 2.700000000000000000e+01 6.300000000000000000e+01 0.000000000000000000e+00 1.600000000000000089e+00 1.614999999999999899e-03 7.586999999999999994e-03 9.999700000000000255e-01 -2.664750000000000174e-01 9.638170000000000348e-01 -6.882000000000000096e-03 -9.638400000000000301e-01 -2.664560000000000262e-01 3.578000000000000017e-03
7.000000000000000000e+00 2.700000000000000000e+01 6.300000000000000000e+01 0.000000000000000000e+00 1.600000000000000089e+00 1.910000000000000022e-03 1.106599999999999945e-02 9.999369999999999647e-01 -2.660850000000000160e-01 9.638959999999999750e-01 -1.015899999999999963e-02 -9.639480000000000270e-01 -2.660480000000000067e-01 4.786000000000000323e-03
1.200000000000000000e+01 2.700000000000000000e+01 6.300000000000000000e+01 0.000000000000000000e+00 1.600000000000000089e+00 -6.560000000000000076e-04 5.931999999999999773e-03 9.999820000000000375e-01 -2.663409999999999944e-01 9.638609999999999678e-01 -5.891999999999999668e-03 -9.638790000000000413e-01 -2.663400000000000212e-01 9.470000000000000336e-04
2.200000000000000000e+01 2.700000000000000000e+01 6.300000000000000000e+01 0.000000000000000000e+00 1.600000000000000089e+00 4.060000000000000024e-04 -6.451000000000000137e-03 9.999789999999999512e-01 -2.731910000000000172e-01 9.619389999999999885e-01 6.316000000000000433e-03 -9.619600000000000373e-01 -2.731879999999999864e-01 -1.371999999999999956e-03
2.000000000000000000e+00 2.600000000000000000e+01 6.400000000000000000e+01 0.000000000000000000e+00 1.600000000000000089e+00 1.265000000000000065e-03 5.827999999999999847e-03 9.999820000000000375e-01 -3.501179999999999848e-01 9.366919999999999691e-01 -5.015999999999999626e-03 -9.367050000000000098e-01 -3.501049999999999995e-01 3.225000000000000002e-03
7.000000000000000000e+00 2.600000000000000000e+01 6.400000000000000000e+01 0.000000000000000000e+00 1.600000000000000089e+00 2.211999999999999991e-03 1.040300000000000079e-02 9.999430000000000263e-01 -3.480269999999999753e-01 9.374419999999999975e-01 -8.982999999999999666e-03 -9.374820000000000375e-01 -3.479869999999999908e-01 5.694000000000000276e-03
1.200000000000000000e+01 2.600000000000000000e+01 6.400000000000000000e+01 0.000000000000000000e+00 1.600000000000000089e+00 -1.471000000000000085e-03 8.352999999999999314e-03 9.999639999999999640e-01 -3.444240000000000079e-01 9.387769999999999726e-01 -8.347999999999999518e-03 -9.388130000000000086e-01 -3.444240000000000079e-01 1.495999999999999934e-03
2.300000000000000000e+01 2.600000000000000000e+01 6.400000000000000000e+01 0.000000000000000000e+00 1.600000000000000089e+00 1.944999999999999897e-03 -3.458000000000000136e-03 9.999919999999999920e-01 -3.552270000000000150e-01 9.347720000000000473e-01 3.924000000000000404e-03 -9.347779999999999978e-01 -3.552319999999999922e-01 5.900000000000000296e-04
2.600000000000000000e+01 2.600000000000000000e+01 6.400000000000000000e+01 0.000000000000000000e+00 1.600000000000000089e+00 3.850000000000000124e-03 3.983999999999999694e-03 9.999850000000000128e-01 -3.563439999999999941e-01 9.343519999999999603e-01 -2.350999999999999791e-03 -9.343470000000000386e-01 -3.563299999999999801e-01 5.015999999999999626e-03
2.800000000000000000e+01 6.900000000000000000e+01 6.600000000000000000e+01 0.000000000000000000e+00 1.600000000000000089e+00 1.056999999999999997e-03 -2.958999999999999825e-03 9.999949999999999672e-01 -9.471950000000000092e-01 3.206519999999999926e-01 1.949999999999999910e-03 -3.206559999999999966e-01 -9.471929999999999517e-01 -2.464000000000000044e-03
1.000000000000000000e+00 2.500000000000000000e+01 7.300000000000000000e+01 0.000000000000000000e+00 1.600000000000000089e+00 -1.394999999999999973e-03 -8.909999999999999518e-03 9.999590000000000423e-01 7.513260000000000494e-01 -6.599140000000000006e-01 -4.832000000000000357e-03 6.599300000000000166e-01 7.512889999999999846e-01 7.615000000000000241e-03
8.000000000000000000e+00 2.500000000000000000e+01 7.300000000000000000e+01 0.000000000000000000e+00 1.600000000000000089e+00 -4.719999999999999803e-04 2.552000000000000015e-03 9.999970000000000248e-01 7.469630000000000436e-01 -6.648619999999999530e-01 2.050000000000000173e-03 6.648650000000000393e-01 7.469620000000000148e-01 -1.592000000000000099e-03
1.100000000000000000e+01 2.500000000000000000e+01 7.300000000000000000e+01 0.000000000000000000e+00 1.600000000000000089e+00 -1.791000000000000057e-03 2.160000000000000028e-03 9.999959999999999960e-01 7.466749999999999776e-01 -6.651829999999999687e-01 2.773999999999999990e-03 6.651860000000000550e-01 7.466770000000000351e-01 -4.209999999999999875e-04
1.700000000000000000e+01 2.500000000000000000e+01 7.300000000000000000e+01 0.000000000000000000e+00 1.600000000000000089e+00 1.108999999999999960e-03 1.453000000000000081e-03 9.999980000000000535e-01 7.547110000000000207e-01 -6.560570000000000013e-01 1.169999999999999979e-04 6.560570000000000013e-01 7.547099999999999920e-01 -1.824000000000000100e-03
1.100000000000000000e+01 4.400000000000000000e+01 7.300000000000000000e+01 0.000000000000000000e+00 1.600000000000000089e+00 -1.931999999999999907e-03 6.315000000000000301e-03 9.999780000000000335e-01 5.803599999999999731e-02 -9.982940000000000147e-01 6.415999999999999828e-03 9.983130000000000059e-01 5.804700000000000137e-02 1.562000000000000020e-03
1.500000000000000000e+01 4.400000000000000000e+01 7.300000000000000000e+01 0.000000000000000000e+00 1.600000000000000089e+00 -1.502999999999999996e-03 -3.997999999999999818e-03 9.999909999999999632e-01 5.639600000000000168e-02 -9.984009999999999829e-01 -3.906999999999999883e-03 9.984070000000000444e-01 5.639000000000000262e-02 1.726000000000000104e-03
2.200000000000000000e+01 4.400000000000000000e+01 7.300000000000000000e+01 0.000000000000000000e+00 1.600000000000000089e+00 -4.081999999999999691e-03 -1.625100000000000156e-02 9.998599999999999710e-01 5.334300000000000153e-02 -9.984480000000000022e-01 -1.600999999999999993e-02 9.985680000000000112e-01 5.326999999999999791e-02 4.943000000000000345e-03
1.800000000000000000e+01 5.100000000000000000e+01 7.600000000000000000e+01 0.000000000000000000e+00 1.600000000000000089e+00 -9.370000000000000074e-04 -5.386000000000000162e-03 -9.999850000000000128e-01 -3.925770000000000093e-01 -9.197039999999999660e-01 5.322000000000000342e-03 -9.197189999999999532e-01 3.925759999999999805e-01 -1.252999999999999991e-03
8.000000000000000000e+00 9.100000000000000000e+01 7.600000000000000000e+01 0.000000000000000000e+00 1.600000000000000089e+00 -3.020000000000000223e-04 3.629999999999999872e-04 1.000000000000000000e+00 3.817420000000000258e-01 -9.242690000000000072e-01 4.510000000000000120e-04 9.242690000000000072e-01 3.817420000000000258e-01 1.399999999999999877e-04
1.200000000000000000e+01 9.100000000000000000e+01 7.600000000000000000e+01 0.000000000000000000e+00 1.600000000000000089e+00 -3.119999999999999944e-04 -2.590000000000000071e-04 1.000000000000000000e+00 3.772240000000000038e-01 -9.261220000000000008e-01 -1.219999999999999974e-04 9.261220000000000008e-01 3.772229999999999750e-01 3.860000000000000041e-04
1.500000000000000000e+01 9.100000000000000000e+01 7.600000000000000000e+01 0.000000000000000000e+00 1.600000000000000089e+00 -1.297999999999999892e-03 -1.147999999999999932e-03 9.999980000000000535e-01 3.738130000000000064e-01 -9.275039999999999951e-01 -5.789999999999999791e-04 9.275029999999999664e-01 3.738119999999999776e-01 1.632999999999999903e-03
2.300000000000000000e+01 9.100000000000000000e+01 7.600000000000000000e+01 0.000000000000000000e+00 1.600000000000000089e+00 -1.430000000000000064e-04 1.044000000000000006e-03 9.999989999999999712e-01 3.900680000000000258e-01 -9.207849999999999646e-01 1.018000000000000025e-03 9.207859999999999934e-01 3.900680000000000258e-01 -2.750000000000000166e-04
2.600000000000000000e+01 9.100000000000000000e+01 7.600000000000000000e+01 0.000000000000000000e+00 1.600000000000000089e+00 -4.569999999999999952e-04 -1.907999999999999974e-03 9.999980000000000535e-01 3.864369999999999750e-01 -9.223149999999999959e-01 -1.582999999999999989e-03 9.223160000000000247e-01 3.864349999999999730e-01 1.159000000000000091e-03
1.600000000000000000e+01 6.300000000000000000e+01 8.100000000000000000e+01 0.000000000000000000e+00 1.600000000000000089e+00 -5.699000000000000073e-03 -2.556000000000000112e-03 9.999810000000000088e-01 1.398499999999999917e-02 -9.998989999999999823e-01 -2.475999999999999902e-03 9.998860000000000525e-01 1.397100000000000078e-02 5.734000000000000381e-03
1.400000000000000000e+01 4.400000000000000000e+01 8.300000000000000000e+01 0.000000000000000000e+00 1.600000000000000089e+00 -9.589999999999999566e-03 1.046500000000000069e-01 9.944629999999999859e-01 4.703649999999999776e-01 -8.771419999999999773e-01 9.683999999999999553e-02 8.824199999999999822e-01 4.686890000000000223e-01 -4.081200000000000105e-02
2.600000000000000000e+01 4.400000000000000000e+01 8.300000000000000000e+01 0.000000000000000000e+00 1.600000000000000089e+00 4.260000000000000006e-04 5.087400000000000255e-02 9.987049999999999539e-01 5.171320000000000361e-01 -8.548090000000000410e-01 4.332300000000000040e-02 8.559059999999999446e-01 5.164440000000000142e-01 -2.667200000000000126e-02
3.000000000000000000e+00 7.700000000000000000e+01 8.400000000000000000e+01 0.000000000000000000e+00 1.600000000000000089e+00 1.301000000000000073e-03 -4.600000000000000139e-04 -9.999989999999999712e-01 9.828019999999999534e-01 -1.846589999999999898e-01 1.363000000000000062e-03 -1.846599999999999908e-01 -9.828029999999999822e-01 2.120000000000000031e-04
