2.000000000000000000e+00 2.500000000000000000e+01 1.000000000000000000e+00 0.000000000000000000e+00 1.600000000000000089e+00 5.140000000000000254e-04 3.053999999999999857e-03 -9.999949999999999672e-01 -5.242369999999999530e-01 -8.515679999999999916e-01 -2.870000000000000155e-03 -8.515719999999999956e-01 5.242360000000000353e-01 1.162999999999999971e-03
6.000000000000000000e+00 2.500000000000000000e+01 1.000000000000000000e+00 0.000000000000000000e+00 1.600000000000000089e+00 -5.720000000000000258e-04 3.357999999999999874e-03 -9.999940000000000495e-01 -5.224689999999999612e-01 -8.526550000000000518e-01 -2.563999999999999873e-03 -8.526580000000000270e-01 5.224640000000000395e-01 2.243000000000000202e-03
3.000000000000000000e+00 1.500000000000000000e+01 4.000000000000000000e+00 0.000000000000000000e+00 1.600000000000000089e+00 -6.139999999999999625e-04 -3.667999999999999820e-03 9.999930000000000208e-01 3.278780000000000028e-01 -9.447140000000000537e-01 -3.263999999999999974e-03 9.447200000000000042e-01 3.278739999999999988e-01 1.781999999999999947e-03
7.000000000000000000e+00 1.500000000000000000e+01 4.000000000000000000e+00 0.000000000000000000e+00 1.600000000000000089e+00 2.000000000000000164e-05 2.039999999999999984e-04 1.000000000000000000e+00 3.261160000000000170e-01 -9.453300000000000036e-01 1.869999999999999917e-04 9.453300000000000036e-01 3.261149999999999882e-01 -8.500000000000000611e-05
1.100000000000000000e+01 1.500000000000000000e+01 4.000000000000000000e+00 0.000000000000000000e+00 1.600000000000000089e+00 -2.605000000000000111e-03 -4.906999999999999904e-03 9.999850000000000128e-01 3.251609999999999778e-01 -9.456510000000000193e-01 -3.792999999999999931e-03 9.456550000000000233e-01 3.251459999999999906e-01 4.059000000000000108e-03
1.400000000000000000e+01 1.500000000000000000e+01 4.000000000000000000e+00 0.000000000000000000e+00 1.600000000000000089e+00 -2.807000000000000033e-03 -4.161999999999999901e-03 9.999869999999999592e-01 3.233340000000000103e-01 -9.462800000000000100e-01 -3.030999999999999840e-03 9.462810000000000388e-01 3.233210000000000250e-01 4.002000000000000349e-03
2.300000000000000000e+01 1.500000000000000000e+01 4.000000000000000000e+00 0.000000000000000000e+00 1.600000000000000089e+00 -5.860000000000000408e-04 -3.654000000000000130e-03 9.999930000000000208e-01 3.239920000000000022e-01 -9.460539999999999505e-01 -3.266999999999999939e-03 9.460600000000000120e-01 3.239870000000000250e-01 1.737999999999999962e-03
2.500000000000000000e+01 1.500000000000000000e+01 4.000000000000000000e+00 0.000000000000000000e+00 1.600000000000000089e+00 1.556000000000000091e-03 1.000000000000000082e-05 9.999989999999999712e-01 3.254879999999999995e-01 -9.455459999999999976e-01 -4.970000000000000459e-04 9.455449999999999688e-01 3.254879999999999995e-01 -1.474999999999999966e-03
1.900000000000000000e+01 1.010000000000000000e+02 7.000000000000000000e+00 0.000000000000000000e+00 1.600000000000000089e+00 -3.926999999999999935e-03 -8.200000000000000095e-05 9.999919999999999920e-01 8.833229999999999693e-01 4.687520000000000020e-01 3.507999999999999834e-03 -4.687490000000000268e-01 8.833299999999999486e-01 -1.768000000000000040e-03
2.300000000000000000e+01 1.010000000000000000e+02 7.000000000000000000e+00 0.000000000000000000e+00 1.600000000000000089e+00 -4.484000000000000138e-03 -1.323799999999999977e-02 9.999019999999999575e-01 8.822839999999999572e-01 4.706080000000000263e-01 1.018699999999999987e-02 -4.706960000000000033e-01 8.822429999999999994e-01 9.568999999999999381e-03
4.000000000000000000e+00 2.500000000000000000e+01 8.000000000000000000e+00 0.000000000000000000e+00 1.600000000000000089e+00 1.286999999999999950e-03 -5.269000000000000246e-03 -9.999850000000000128e-01 4.452729999999999744e-01 8.953849999999999865e-01 -4.145000000000000247e-03 8.953940000000000232e-01 -4.452610000000000179e-01 3.498999999999999940e-03
1.000000000000000000e+01 2.500000000000000000e+01 8.000000000000000000e+00 0.000000000000000000e+00 1.600000000000000089e+00 1.227000000000000009e-03 3.583999999999999946e-03 -9.999930000000000208e-01 4.472650000000000237e-01 8.943940000000000223e-01 3.753999999999999958e-03 8.944010000000000016e-01 -4.472659999999999969e-01 -5.060000000000000478e-04
1.400000000000000000e+01 2.500000000000000000e+01 8.000000000000000000e+00 0.000000000000000000e+00 1.600000000000000089e+00 5.739999999999999660e-04 2.075000000000000022e-03 -9.999980000000000535e-01 4.480419999999999958e-01 8.940099999999999714e-01 2.112999999999999861e-03 8.940120000000000289e-01 -4.480419999999999958e-01 -4.159999999999999744e-04
2.200000000000000000e+01 2.500000000000000000e+01 8.000000000000000000e+00 0.000000000000000000e+00 1.600000000000000089e+00 1.610000000000000103e-04 -7.357999999999999957e-03 -9.999730000000000008e-01 4.483219999999999983e-01 8.938490000000000046e-01 -6.505000000000000365e-03 8.938719999999999999e-01 -4.483090000000000130e-01 3.442999999999999880e-03
2.900000000000000000e+01 2.500000000000000000e+01 8.000000000000000000e+00 0.000000000000000000e+00 1.600000000000000089e+00 9.909999999999999105e-04 5.440999999999999656e-03 -9.999850000000000128e-01 4.472889999999999922e-01 8.943740000000000023e-01 5.309000000000000351e-03 8.943889999999999896e-01 -4.472869999999999902e-01 -1.547999999999999897e-03
3.000000000000000000e+00 2.400000000000000000e+01 9.000000000000000000e+00 0.000000000000000000e+00 1.600000000000000089e+00 1.474000000000000050e-03 -4.533999999999999836e-03 -9.999890000000000168e-01 4.476519999999999944e-01 8.942020000000000524e-01 -3.393999999999999882e-03 8.942069999999999741e-01 -4.476419999999999844e-01 3.347999999999999848e-03
7.000000000000000000e+00 2.400000000000000000e+01 9.000000000000000000e+00 0.000000000000000000e+00 1.600000000000000089e+00 7.770000000000000214e-04 -3.187000000000000163e-03 -9.999949999999999672e-01 4.477630000000000221e-01 8.941489999999999716e-01 -2.501999999999999884e-03 8.941519999999999468e-01 -4.477590000000000181e-01 2.122000000000000188e-03
1.300000000000000000e+01 2.400000000000000000e+01 9.000000000000000000e+00 0.000000000000000000e+00 1.600000000000000089e+00 6.849999999999999535e-04 6.923999999999999599e-03 -9.999759999999999760e-01 4.509159999999999835e-01 8.925429999999999753e-01 6.488999999999999976e-03 8.925659999999999705e-01 -4.509090000000000042e-01 -2.511000000000000211e-03
2.100000000000000000e+01 2.400000000000000000e+01 9.000000000000000000e+00 0.000000000000000000e+00 1.600000000000000089e+00 2.369999999999999874e-04 -8.094000000000000500e-03 -9.999670000000000503e-01 4.515190000000000037e-01 8.922330000000000538e-01 -7.114999999999999797e-03 8.922609999999999708e-01 -4.515029999999999877e-01 3.866000000000000079e-03
2.800000000000000000e+01 2.400000000000000000e+01 9.000000000000000000e+00 0.000000000000000000e+00 1.600000000000000089e+00 8.710000000000000294e-04 3.840000000000000097e-03 -9.999919999999999920e-01 4.502570000000000183e-01 8.928909999999999902e-01 3.821000000000000178e-03 8.928989999999999982e-01 -4.502570000000000183e-01 -9.510000000000000224e-04
2.600000000000000000e+01 1.020000000000000000e+02 9.000000000000000000e+00 0.000000000000000000e+00 1.600000000000000089e+00 7.649999999999999465e-04 5.649999999999999641e-04 1.000000000000000000e+00 9.197760000000000380e-01 3.924440000000000150e-01 -9.250000000000000409e-04 -3.924440000000000150e-01 9.197760000000000380e-01 -2.190000000000000106e-04
2.000000000000000000e+00 1.200000000000000000e+01 1.000000000000000000e+01 0.000000000000000000e+00 1.600000000000000089e+00 -1.250999999999999942e-03 -1.101099999999999995e-02 -9.999390000000000223e-01 -5.548929999999999696e-01 -8.318630000000000191e-01 9.853999999999999912e-03 -8.319210000000000216e-01 5.548710000000000031e-01 -5.068999999999999721e-03
1.300000000000000000e+01 1.200000000000000000e+01 1.000000000000000000e+01 0.000000000000000000e+00 1.600000000000000089e+00 1.500999999999999947e-03 1.982999999999999954e-03 -9.999970000000000248e-01 -5.535470000000000113e-01 -8.328140000000000542e-01 -2.481999999999999831e-03 -8.328160000000000007e-01 5.535489999999999577e-01 -1.520000000000000084e-04
1.800000000000000000e+01 1.200000000000000000e+01 1.000000000000000000e+01 0.000000000000000000e+00 1.600000000000000089e+00 -1.828999999999999897e-03 -8.918000000000000579e-03 -9.999590000000000423e-01 -5.519100000000000117e-01 -8.338609999999999634e-01 8.446000000000000382e-03 -8.339020000000000321e-01 5.519030000000000324e-01 -3.396999999999999846e-03
2.700000000000000000e+01 1.200000000000000000e+01 1.000000000000000000e+01 0.000000000000000000e+00 1.600000000000000089e+00 2.669999999999999847e-04 6.706000000000000155e-03 -9.999770000000000048e-01 -5.503749999999999476e-01 -8.348980000000000290e-01 -5.745000000000000107e-03 -8.349180000000000490e-01 5.503639999999999644e-01 3.468000000000000162e-03
2.000000000000000000e+00 3.100000000000000000e+01 1.200000000000000000e+01 0.000000000000000000e+00 1.600000000000000089e+00 -2.291000000000000068e-03 5.119999999999999768e-04 9.999970000000000248e-01 4.264000000000000429e-03 9.999909999999999632e-01 -5.019999999999999506e-04 -9.999879999999999880e-01 4.263000000000000296e-03 -2.292999999999999899e-03
1.800000000000000000e+01 3.100000000000000000e+01 1.200000000000000000e+01 0.000000000000000000e+00 1.600000000000000089e+00 5.330000000000000536e-04 2.180000000000000134e-04 1.000000000000000000e+00 3.625999999999999883e-03 9.999930000000000208e-01 -2.200000000000000078e-04 -9.999930000000000208e-01 3.625999999999999883e-03 5.320000000000000293e-04
1.000000000000000000e+01 3.200000000000000000e+01 1.400000000000000000e+01 0.000000000000000000e+00 1.600000000000000089e+00 2.833000000000000015e-03 -5.150000000000000498e-04 -9.999959999999999960e-01 9.648199999999999832e-02 9.953349999999999698e-01 -2.400000000000000061e-04 9.953309999999999658e-01 -9.648099999999999732e-02 2.870000000000000155e-03
1.600000000000000000e+01 3.200000000000000000e+01 1.400000000000000000e+01 0.000000000000000000e+00 1.600000000000000089e+00 2.311000000000000120e-03 6.499999999999999431e-05 -9.999970000000000248e-01 9.928499999999999825e-02 9.950590000000000268e-01 2.939999999999999905e-04 9.950560000000000516e-01 -9.928499999999999825e-02 2.292999999999999899e-03
2.100000000000000000e+01 1.160000000000000000e+02 1.600000000000000000e+01 0.000000000000000000e+00 1.600000000000000089e+00 -7.829999999999999504e-04 -6.999999999999999895e-06 1.000000000000000000e+00 6.557640000000000136e-01 7.549660000000000259e-01 5.190000000000000386e-04 -7.549660000000000259e-01 6.557640000000000136e-01 -5.869999999999999567e-04
1.000000000000000000e+00 2.000000000000000000e+00 1.900000000000000000e+01 0.000000000000000000e+00 1.600000000000000089e+00 1.284999999999999901e-03 -3.606999999999999963e-03 -9.999930000000000208e-01 1.932699999999999974e-01 -9.811379999999999546e-01 3.788000000000000134e-03 -9.811450000000000449e-01 -1.932740000000000014e-01 -5.640000000000000482e-04
4.000000000000000000e+00 2.000000000000000000e+00 1.900000000000000000e+01 0.000000000000000000e+00 1.600000000000000089e+00 1.620000000000000075e-04 -3.861999999999999982e-03 -9.999919999999999920e-01 1.916769999999999863e-01 -9.814509999999999623e-01 3.821000000000000178e-03 -9.814580000000000526e-01 -1.916760000000000130e-01 5.810000000000000277e-04
8.000000000000000000e+00 2.000000000000000000e+00 1.900000000000000000e+01 0.000000000000000000e+00 1.600000000000000089e+00 6.499999999999999702e-04 -1.561000000000000104e-03 -9.999989999999999712e-01 1.887520000000000031e-01 -9.820229999999999793e-01 1.655000000000000004e-03 -9.820250000000000368e-01 -1.887530000000000041e-01 -3.440000000000000132e-04
1.200000000000000000e+01 2.000000000000000000e+00 1.900000000000000000e+01 0.000000000000000000e+00 1.600000000000000089e+00 -4.070000000000000267e-04 1.817999999999999955e-03 -9.999980000000000535e-01 1.887830000000000064e-01 -9.820170000000000288e-01 -1.861999999999999940e-03 -9.820189999999999753e-01 -1.887830000000000064e-01 5.700000000000000314e-05
2.000000000000000000e+01 2.000000000000000000e+00 1.900000000000000000e+01 0.000000000000000000e+00 1.600000000000000089e+00 -6.948000000000000183e-03 -1.425700000000000058e-02 -9.998740000000000405e-01 1.847880000000000078e-01 -9.826960000000000139e-01 1.272799999999999973e-02 -9.827540000000000164e-01 -1.846760000000000068e-01 9.461999999999999925e-03
4.000000000000000000e+00 4.000000000000000000e+00 2.000000000000000000e+01 0.000000000000000000e+00 1.600000000000000089e+00 -4.029999999999999837e-04 -3.299999999999999982e-03 -9.999949999999999672e-01 2.866730000000000111e-01 -9.580239999999999867e-01 3.046000000000000096e-03 -9.580290000000000195e-01 -2.866699999999999804e-01 1.332000000000000068e-03
1.700000000000000000e+01 4.000000000000000000e+00 2.000000000000000000e+01 0.000000000000000000e+00 1.600000000000000089e+00 -5.054999999999999598e-03 -4.521999999999999978e-03 -9.999770000000000048e-01 2.778379999999999739e-01 -9.606230000000000047e-01 2.939999999999999905e-03 -9.606149999999999967e-01 -2.778169999999999806e-01 6.112000000000000245e-03
4.000000000000000000e+00 1.300000000000000000e+01 2.000000000000000000e+01 0.000000000000000000e+00 1.600000000000000089e+00 -2.180000000000000134e-04 -1.087000000000000076e-03 9.999989999999999712e-01 2.568420000000000147e-01 9.664530000000000065e-01 1.106999999999999911e-03 -9.664530000000000065e-01 2.568420000000000147e-01 6.899999999999999667e-05
9.000000000000000000e+00 1.300000000000000000e+01 2.000000000000000000e+01 0.000000000000000000e+00 1.600000000000000089e+00 6.650000000000000095e-04 -1.820000000000000057e-04 1.000000000000000000e+00 2.561660000000000048e-01 9.666329999999999645e-01 6.000000000000000152e-06 -9.666329999999999645e-01 2.561660000000000048e-01 6.890000000000000508e-04
1.200000000000000000e+01 1.300000000000000000e+01 2.000000000000000000e+01 0.000000000000000000e+00 1.600000000000000089e+00 6.099999999999999737e-04 -8.580000000000000387e-04 9.999989999999999712e-01 2.549779999999999824e-01 9.669470000000000010e-01 6.740000000000000114e-04 -9.669470000000000010e-01 2.549770000000000092e-01 8.090000000000000403e-04
1.600000000000000000e+01 1.300000000000000000e+01 2.000000000000000000e+01 0.000000000000000000e+00 1.600000000000000089e+00 -1.562000000000000020e-03 2.394999999999999993e-03 9.999959999999999960e-01 2.527190000000000270e-01 9.675380000000000091e-01 -1.922000000000000097e-03 -9.675390000000000379e-01 2.527150000000000230e-01 -2.115999999999999825e-03
2.400000000000000000e+01 1.300000000000000000e+01 2.000000000000000000e+01 0.000000000000000000e+00 1.600000000000000089e+00 -2.749999999999999840e-03 -7.374999999999999611e-03 9.999689999999999968e-01 2.551109999999999767e-01 9.668799999999999617e-01 7.832999999999999685e-03 -9.669079999999999897e-01 2.551249999999999907e-01 -7.780000000000000457e-04
2.000000000000000000e+00 1.600000000000000000e+01 2.100000000000000000e+01 0.000000000000000000e+00 1.600000000000000089e+00 -6.939999999999999555e-04 1.191999999999999917e-03 9.999989999999999712e-01 3.003390000000000226e-01 9.538320000000000132e-01 -9.280000000000000054e-04 -9.538320000000000132e-01 3.003379999999999939e-01 -1.020000000000000073e-03
1.000000000000000000e+00 3.000000000000000000e+00 2.500000000000000000e+01 0.000000000000000000e+00 1.600000000000000089e+00 1.400999999999999902e-03 -3.889000000000000096e-03 9.999909999999999632e-01 -7.932799999999999574e-02 -9.968409999999999771e-01 -3.765999999999999816e-03 9.968479999999999563e-01 -7.932200000000000362e-02 -1.704999999999999918e-03
4.000000000000000000e+00 3.000000000000000000e+00 2.500000000000000000e+01 0.000000000000000000e+00 1.600000000000000089e+00 1.113999999999999973e-03 -5.810000000000000277e-04 9.999989999999999712e-01 -8.046399999999999386e-02 -9.967570000000000041e-01 -4.889999999999999599e-04 9.967570000000000041e-01 -8.046300000000000674e-02 -1.157000000000000042e-03
1.200000000000000000e+01 3.000000000000000000e+00 2.500000000000000000e+01 0.000000000000000000e+00 1.600000000000000089e+00 5.569999999999999864e-04 -5.810000000000000277e-04 1.000000000000000000e+00 -7.522299999999999820e-02 -9.971670000000000256e-01 -5.379999999999999583e-04 9.971670000000000256e-01 -7.522299999999999820e-02 -5.990000000000000316e-04
1.800000000000000000e+01 3.000000000000000000e+00 2.500000000000000000e+01 0.000000000000000000e+00 1.600000000000000089e+00 -2.435000000000000098e-03 -9.726999999999999535e-03 9.999500000000000055e-01 -7.056300000000000072e-02 -9.974579999999999558e-01 -9.874000000000000832e-03 9.975039999999999463e-01 -7.058300000000000685e-02 1.742000000000000059e-03
2.800000000000000000e+01 3.000000000000000000e+00 2.500000000000000000e+01 0.000000000000000000e+00 1.600000000000000089e+00 1.678000000000000021e-03 -1.008000000000000042e-02 9.999479999999999480e-01 -6.426800000000000568e-02 -9.978829999999999645e-01 -9.952000000000000776e-03 9.979310000000000125e-01 -6.424799999999999955e-02 -2.321999999999999845e-03
1.100000000000000000e+01 4.600000000000000000e+01 2.700000000000000000e+01 0.000000000000000000e+00 1.600000000000000089e+00 -2.199999999999999943e-05 4.960000000000000216e-04 -1.000000000000000000e+00 6.717290000000000205e-01 7.407970000000000388e-01 3.530000000000000152e-04 7.407970000000000388e-01 -6.717290000000000205e-01 -3.490000000000000263e-04
1.800000000000000000e+01 4.600000000000000000e+01 2.700000000000000000e+01 0.000000000000000000e+00 1.600000000000000089e+00 -1.330999999999999935e-03 3.209999999999999963e-04 -9.999989999999999712e-01 6.719760000000000177e-01 7.405730000000000368e-01 -6.570000000000000319e-04 7.405720000000000081e-01 -6.719760000000000177e-01 -1.201999999999999943e-03
2.400000000000000000e+01 4.600000000000000000e+01 2.700000000000000000e+01 0.000000000000000000e+00 1.600000000000000089e+00 -2.910000000000000260e-04 -1.139000000000000038e-03 -9.999989999999999712e-01 6.718070000000000430e-01 7.407259999999999955e-01 -1.038999999999999993e-03 7.407270000000000243e-01 -6.718060000000000143e-01 5.490000000000000088e-04
1.400000000000000000e+01 4.600000000000000000e+01 3.000000000000000000e+01 0.000000000000000000e+00 1.600000000000000089e+00 1.057999999999999913e-03 -3.589999999999999984e-04 -9.999989999999999712e-01 3.300919999999999965e-01 9.439490000000000380e-01 1.099999999999999971e-05 9.439480000000000093e-01 -3.300910000000000233e-01 1.116999999999999937e-03
5.000000000000000000e+00 5.800000000000000000e+01 3.100000000000000000e+01 0.000000000000000000e+00 1.600000000000000089e+00 3.370000000000000057e-04 -5.800000000000000034e-04 1.000000000000000000e+00 -8.045790000000000441e-01 -5.938449999999999562e-01 -7.299999999999999903e-05 5.938449999999999562e-01 -8.045790000000000441e-01 -6.669999999999999497e-04
1.000000000000000000e+01 5.800000000000000000e+01 3.100000000000000000e+01 0.000000000000000000e+00 1.600000000000000089e+00 4.141999999999999849e-03 2.749999999999999840e-03 9.999879999999999880e-01 -8.001310000000000366e-01 -5.998050000000000326e-01 4.963999999999999663e-03 5.998109999999999831e-01 -8.001420000000000199e-01 -2.829999999999999942e-04
1.400000000000000000e+01 5.800000000000000000e+01 3.100000000000000000e+01 0.000000000000000000e+00 1.600000000000000089e+00 4.600000000000000004e-05 2.390000000000000089e-04 1.000000000000000000e+00 -7.965069999999999650e-01 -6.046289999999999720e-01 1.810000000000000085e-04 6.046289999999999720e-01 -7.965069999999999650e-01 1.630000000000000047e-04
1.800000000000000000e+01 5.800000000000000000e+01 3.100000000000000000e+01 0.000000000000000000e+00 1.600000000000000089e+00 -2.132999999999999913e-03 -4.847999999999999879e-03 9.999860000000000415e-01 -7.960970000000000546e-01 -6.051509999999999945e-01 -4.631999999999999833e-03 6.051649999999999530e-01 -7.960960000000000258e-01 -2.569000000000000103e-03
2.100000000000000000e+01 5.800000000000000000e+01 3.100000000000000000e+01 0.000000000000000000e+00 1.600000000000000089e+00 -3.795000000000000196e-03 -4.531000000000000305e-03 9.999829999999999552e-01 -7.968330000000000135e-01 -6.041720000000000423e-01 -5.761999999999999761e-03 6.041879999999999473e-01 -7.968410000000000215e-01 -1.317000000000000028e-03
2.600000000000000000e+01 5.800000000000000000e+01 3.100000000000000000e+01 0.000000000000000000e+00 1.600000000000000089e+00 -4.975000000000000255e-03 -2.289999999999999935e-03 9.999850000000000128e-01 -7.997750000000000137e-01 -6.002760000000000318e-01 -5.354000000000000252e-03 6.002800000000000358e-01 -7.997889999999999722e-01 1.154999999999999994e-03
7.000000000000000000e+00 2.300000000000000000e+01 3.400000000000000000e+01 0.000000000000000000e+00 1.600000000000000089e+00 -1.469999999999999953e-03 -1.268999999999999946e-03 9.999980000000000535e-01 3.999670000000000170e-01 -9.165290000000000381e-01 -5.749999999999999903e-04 9.165280000000000094e-01 3.999659999999999882e-01 1.855000000000000095e-03
9.000000000000000000e+00 2.300000000000000000e+01 3.400000000000000000e+01 0.000000000000000000e+00 1.600000000000000089e+00 -3.750000000000000078e-04 -5.288000000000000166e-03 9.999860000000000415e-01 3.996600000000000152e-01 -9.166509999999999936e-01 -4.696999999999999786e-03 9.166630000000000056e-01 3.996529999999999805e-01 2.456999999999999983e-03
1.600000000000000000e+01 2.300000000000000000e+01 3.400000000000000000e+01 0.000000000000000000e+00 1.600000000000000089e+00 1.502999999999999996e-03 2.874999999999999951e-03 9.999949999999999672e-01 4.081299999999999928e-01 -9.129209999999999825e-01 2.011000000000000201e-03 9.129230000000000400e-01 4.081250000000000155e-01 -2.546000000000000086e-03
1.000000000000000000e+00 4.600000000000000000e+01 3.500000000000000000e+01 0.000000000000000000e+00 1.600000000000000089e+00 1.800000000000000046e-05 2.379000000000000038e-03 -9.999970000000000248e-01 3.922260000000000191e-01 -9.198659999999999615e-01 -2.181000000000000213e-03 -9.198690000000000477e-01 -3.922249999999999903e-01 -9.499999999999999981e-04
7.000000000000000000e+00 4.600000000000000000e+01 3.500000000000000000e+01 0.000000000000000000e+00 1.600000000000000089e+00 1.620000000000000075e-04 6.000000000000000152e-05 -1.000000000000000000e+00 3.923909999999999898e-01 -9.197980000000000045e-01 9.000000000000000228e-06 -9.197980000000000045e-01 -3.923909999999999898e-01 -1.720000000000000066e-04
1.100000000000000000e+01 4.600000000000000000e+01 3.500000000000000000e+01 0.000000000000000000e+00 1.600000000000000089e+00 -7.569999999999999689e-04 -8.620000000000000275e-04 -9.999989999999999712e-01 3.917129999999999779e-01 -9.200869999999999882e-01 4.970000000000000459e-04 -9.200869999999999882e-01 -3.917120000000000046e-01 1.033999999999999980e-03
1.800000000000000000e+01 4.600000000000000000e+01 3.500000000000000000e+01 0.000000000000000000e+00 1.600000000000000089e+00 -3.710000000000000190e-04 3.569000000000000124e-03 -9.999940000000000495e-01 3.942689999999999806e-01 -9.189889999999999448e-01 -3.425999999999999792e-03 -9.189950000000000063e-01 -3.942680000000000073e-01 -1.066000000000000107e-03
2.300000000000000000e+01 4.600000000000000000e+01 3.500000000000000000e+01 0.000000000000000000e+00 1.600000000000000089e+00 1.549999999999999946e-03 4.977999999999999786e-03 -9.999860000000000415e-01 3.957359999999999767e-01 -9.183559999999999501e-01 -3.957999999999999713e-03 -9.183630000000000404e-01 -3.957240000000000202e-01 -3.393000000000000183e-03
3.000000000000000000e+01 4.600000000000000000e+01 3.500000000000000000e+01 0.000000000000000000e+00 1.600000000000000089e+00 -3.788999999999999833e-03 -3.829999999999999854e-04 -9.999930000000000208e-01 3.953800000000000092e-01 -9.185170000000000279e-01 -1.147000000000000016e-03 -9.185100000000000486e-01 -3.953820000000000112e-01 3.631999999999999812e-03
2.000000000000000000e+00 9.500000000000000000e+01 3.600000000000000000e+01 0.000000000000000000e+00 1.600000000000000089e+00 -7.946999999999999204e-03 1.536999999999999998e-02 9.998500000000000165e-01 9.970339999999999758e-01 7.666000000000000592e-02 6.746000000000000260e-03 -7.654500000000000193e-02 9.969390000000000196e-01 -1.593400000000000025e-02
5.000000000000000000e+00 9.500000000000000000e+01 3.600000000000000000e+01 0.000000000000000000e+00 1.600000000000000089e+00 -6.989999999999999686e-03 1.318500000000000054e-02 9.998890000000000278e-01 9.973969999999999780e-01 7.184899999999999620e-02 6.024999999999999974e-03 -7.176100000000000534e-02 9.973279999999999923e-01 -1.365199999999999921e-02
1.000000000000000000e+01 9.500000000000000000e+01 3.600000000000000000e+01 0.000000000000000000e+00 1.600000000000000089e+00 -7.281000000000000145e-03 -9.034999999999999629e-03 9.999329999999999607e-01 9.975629999999999775e-01 6.932399999999999674e-02 7.889999999999999444e-03 -6.939099999999999435e-02 9.975530000000000230e-01 8.507999999999999938e-03
1.600000000000000000e+01 9.500000000000000000e+01 3.600000000000000000e+01 0.000000000000000000e+00 1.600000000000000089e+00 -1.350799999999999917e-02 -6.596000000000000300e-03 9.998869999999999703e-01 9.980970000000000120e-01 6.007900000000000046e-02 1.387999999999999998e-02 -6.016400000000000220e-02 9.981719999999999482e-01 5.772000000000000221e-03
2.200000000000000000e+01 9.500000000000000000e+01 3.600000000000000000e+01 0.000000000000000000e+00 1.600000000000000089e+00 8.266000000000000777e-03 2.032600000000000032e-02 9.997589999999999533e-01 9.983699999999999797e-01 5.629900000000000182e-02 -9.398999999999999369e-03 -5.647699999999999942e-02 9.982069999999999554e-01 -1.982700000000000087e-02
2.800000000000000000e+01 9.500000000000000000e+01 3.600000000000000000e+01 0.000000000000000000e+00 1.600000000000000089e+00 7.211999999999999661e-03 8.680999999999999481e-03 9.999360000000000470e-01 9.982760000000000522e-01 5.818799999999999667e-02 -7.705000000000000043e-03 -5.825099999999999723e-02 9.982680000000000442e-01 -8.245999999999999858e-03
4.000000000000000000e+00 2.900000000000000000e+01 4.400000000000000000e+01 0.000000000000000000e+00 1.600000000000000089e+00 -1.630000000000000047e-04 -8.520000000000000013e-04 -1.000000000000000000e+00 6.695830000000000393e-01 7.427359999999999518e-01 -7.420000000000000380e-04 7.427369999999999806e-01 -6.695830000000000393e-01 4.490000000000000176e-04
8.000000000000000000e+00 2.900000000000000000e+01 4.400000000000000000e+01 0.000000000000000000e+00 1.600000000000000089e+00 2.671999999999999896e-03 3.184999999999999897e-03 -9.999909999999999632e-01 6.696379999999999555e-01 7.426760000000000028e-01 4.154999999999999839e-03 7.426829999999999821e-01 -6.696429999999999882e-01 -1.489999999999999897e-04
1.800000000000000000e+01 2.900000000000000000e+01 4.400000000000000000e+01 0.000000000000000000e+00 1.600000000000000089e+00 -9.009999999999999997e-04 -5.360000000000000181e-04 -9.999989999999999712e-01 6.576570000000000471e-01 7.533170000000000144e-01 -9.959999999999999236e-04 7.533170000000000144e-01 -6.576579999999999648e-01 -3.260000000000000094e-04
2.200000000000000000e+01 2.900000000000000000e+01 4.400000000000000000e+01 0.000000000000000000e+00 1.600000000000000089e+00 -1.789999999999999870e-04 2.987000000000000072e-03 -9.999959999999999960e-01 6.530510000000000481e-01 7.573109999999999564e-01 2.145000000000000205e-03 7.573140000000000427e-01 -6.530479999999999619e-01 -2.086000000000000180e-03
2.500000000000000000e+01 2.900000000000000000e+01 4.400000000000000000e+01 0.000000000000000000e+00 1.600000000000000089e+00 -1.747999999999999988e-03 2.700000000000000035e-04 -9.999980000000000535e-01 6.547389999999999599e-01 7.558550000000000546e-01 -9.399999999999999719e-04 7.558529999999999971e-01 -6.547389999999999599e-01 -1.497999999999999983e-03
2.900000000000000000e+01 2.900000000000000000e+01 4.400000000000000000e+01 0.000000000000000000e+00 1.600000000000000089e+00 -4.135999999999999920e-03 -3.131000000000000102e-03 -9.999869999999999592e-01 6.579159999999999453e-01 7.530740000000000212e-01 -5.079000000000000181e-03 7.530799999999999716e-01 -6.579279999999999573e-01 -1.054999999999999948e-03
2.800000000000000000e+01 7.000000000000000000e+01 4.700000000000000000e+01 0.000000000000000000e+00 1.600000000000000089e+00 2.089000000000000145e-03 1.108000000000000044e-03 -9.999970000000000248e-01 -8.449689999999999701e-01 -5.348110000000000364e-01 -2.357999999999999853e-03 -5.348119999999999541e-01 8.449710000000000276e-01 -1.810000000000000085e-04
6.000000000000000000e+00 5.000000000000000000e+00 5.100000000000000000e+01 0.000000000000000000e+00 1.600000000000000089e+00 3.219000000000000073e-03 1.221999999999999996e-03 -9.999940000000000495e-01 4.891469999999999985e-01 -8.722020000000000328e-01 5.079999999999999880e-04 -8.721959999999999713e-01 -4.891449999999999965e-01 -3.405000000000000041e-03
1.000000000000000000e+01 5.000000000000000000e+00 5.100000000000000000e+01 0.000000000000000000e+00 1.600000000000000089e+00 9.529999999999999626e-04 -8.642000000000000376e-03 -9.999620000000000175e-01 4.884560000000000013e-01 -8.725519999999999943e-01 8.007000000000000228e-03 -8.725880000000000303e-01 -4.884450000000000180e-01 3.389999999999999784e-03
1.300000000000000000e+01 5.000000000000000000e+00 5.100000000000000000e+01 0.000000000000000000e+00 1.600000000000000089e+00 1.570999999999999914e-03 -5.510000000000000141e-03 -9.999839999999999840e-01 4.873319999999999874e-01 -8.731989999999999474e-01 5.577000000000000360e-03 -8.732159999999999922e-01 -4.873319999999999874e-01 1.314000000000000064e-03
1.700000000000000000e+01 5.000000000000000000e+00 5.100000000000000000e+01 0.000000000000000000e+00 1.600000000000000089e+00 8.239999999999999712e-04 -3.867000000000000211e-03 -9.999919999999999920e-01 4.820949999999999958e-01 -8.761109999999999731e-01 3.785999999999999869e-03 -8.761189999999999811e-01 -4.820940000000000225e-01 1.142000000000000003e-03
2.300000000000000000e+01 5.000000000000000000e+00 5.100000000000000000e+01 0.000000000000000000e+00 1.600000000000000089e+00 -4.662000000000000345e-03 -1.484399999999999956e-02 -9.998789999999999623e-01 4.847000000000000197e-01 -8.746150000000000313e-01 1.072399999999999916e-02 -8.746680000000000010e-01 -4.845909999999999940e-01 1.127200000000000077e-02
2.600000000000000000e+01 6.000000000000000000e+00 5.100000000000000000e+01 0.000000000000000000e+00 1.600000000000000089e+00 -3.510999999999999798e-03 -1.620800000000000018e-02 -9.998620000000000285e-01 3.163170000000000148e-01 -9.485460000000000003e-01 1.426499999999999990e-02 -9.486470000000000180e-01 -3.162229999999999763e-01 8.456999999999999240e-03
3.000000000000000000e+01 6.000000000000000000e+00 5.100000000000000000e+01 0.000000000000000000e+00 1.600000000000000089e+00 -6.890000000000000508e-04 -1.763199999999999837e-02 -9.998439999999999550e-01 3.115589999999999749e-01 -9.500830000000000108e-01 1.653999999999999915e-02 -9.502260000000000151e-01 -3.114990000000000259e-01 6.147999999999999819e-03
4.000000000000000000e+00 6.300000000000000000e+01 5.400000000000000000e+01 0.000000000000000000e+00 1.600000000000000089e+00 -5.950000000000000427e-04 -1.160999999999999923e-03 9.999989999999999712e-01 -3.539640000000000009e-01 9.352589999999999515e-01 8.750000000000000182e-04 -9.352589999999999515e-01 -3.539630000000000276e-01 -9.680000000000000019e-04
8.000000000000000000e+00 6.300000000000000000e+01 5.400000000000000000e+01 0.000000000000000000e+00 1.600000000000000089e+00 1.289999999999999914e-03 3.635000000000000210e-03 9.999919999999999920e-01 -3.490150000000000197e-01 9.371119999999999450e-01 -2.955999999999999860e-03 -9.371159999999999490e-01 -3.490090000000000137e-01 2.478000000000000168e-03
1.200000000000000000e+01 6.300000000000000000e+01 5.400000000000000000e+01 0.000000000000000000e+00 1.600000000000000089e+00 2.030000000000000012e-04 1.226000000000000093e-03 9.999989999999999712e-01 -3.530249999999999777e-01 9.356130000000000280e-01 -1.075000000000000001e-03 -9.356139999999999457e-01 -3.530240000000000045e-01 6.229999999999999644e-04
1.500000000000000000e+01 6.300000000000000000e+01 5.400000000000000000e+01 0.000000000000000000e+00 1.600000000000000089e+00 -4.389999999999999914e-04 -2.129999999999999949e-03 9.999980000000000535e-01 -3.536380000000000079e-01 9.353799999999999892e-01 1.837000000000000091e-03 -9.353820000000000467e-01 -3.536369999999999791e-01 -1.164000000000000104e-03
2.000000000000000000e+01 6.300000000000000000e+01 5.400000000000000000e+01 0.000000000000000000e+00 1.600000000000000089e+00 -1.075000000000000001e-03 2.109000000000000197e-03 9.999970000000000248e-01 -3.515789999999999749e-01 9.361549999999999594e-01 -2.351999999999999924e-03 -9.361580000000000457e-01 -3.515809999999999769e-01 -2.649999999999999903e-04
1.000000000000000000e+01 2.500000000000000000e+01 5.500000000000000000e+01 0.000000000000000000e+00 1.600000000000000089e+00 -6.049999999999999606e-04 1.879999999999999890e-04 -1.000000000000000000e+00 -1.219600000000000024e-02 -9.999259999999999815e-01 -1.810000000000000085e-04 -9.999249999999999527e-01 1.219600000000000024e-02 6.070000000000000092e-04
2.000000000000000000e+01 2.100000000000000000e+01 6.000000000000000000e+01 0.000000000000000000e+00 1.600000000000000089e+00 -5.789999999999999791e-04 -4.506999999999999722e-03 9.999900000000000455e-01 -9.913199999999999790e-02 9.950639999999999485e-01 4.427999999999999645e-03 -9.950740000000000141e-01 -9.912899999999999490e-02 -1.023000000000000038e-03
2.600000000000000000e+01 2.100000000000000000e+01 6.000000000000000000e+01 0.000000000000000000e+00 1.600000000000000089e+00 -7.739999999999999485e-04 -7.110000000000000001e-03 9.999740000000000295e-01 -9.749399999999999733e-02 9.952109999999999568e-01 7.001000000000000278e-03 -9.952360000000000095e-01 -9.748600000000000321e-02 -1.463000000000000108e-03
5.000000000000000000e+00 2.700000000000000000e+01 6.300000000000000000e+01 0.000000000000000000e+00 1.600000000000000089e+00 1.971999999999999795e-03 -1.820000000000000057e-04 9.999980000000000535e-01 -2.675899999999999945e-01 9.635329999999999728e-01 7.029999999999999574e-04 -9.635310000000000263e-01 -2.675910000000000233e-01 1.851999999999999914e-03
9.000000000000000000e+00 2.700000000000000000e+01 6.300000000000000000e+01 0.000000000000000000e+00 1.600000000000000089e+00 2.521999999999999936e-03 4.699999999999999859e-04 9.999970000000000248e-01 -2.683459999999999734e-01 9.633230000000000404e-01 2.239999999999999966e-04 -9.633190000000000364e-01 -2.683450000000000002e-01 2.556000000000000112e-03
1.400000000000000000e+01 2.700000000000000000e+01 6.300000000000000000e+01 0.000000000000000000e+00 1.600000000000000089e+00 -1.994000000000000113e-03 7.807999999999999836e-03 9.999679999999999680e-01 -2.701609999999999845e-01 9.627809999999999979e-01 -8.056999999999999926e-03 -9.628130000000000299e-01 -2.701689999999999925e-01 1.900000000000000105e-04
1.900000000000000000e+01 2.700000000000000000e+01 6.300000000000000000e+01 0.000000000000000000e+00 1.600000000000000089e+00 5.209999999999999788e-04 -9.820000000000000170e-04 9.999989999999999712e-01 -2.741709999999999980e-01 9.616799999999999793e-01 1.087000000000000076e-03 -9.616810000000000080e-01 -2.741709999999999980e-01 2.320000000000000014e-04
2.400000000000000000e+01 2.700000000000000000e+01 6.300000000000000000e+01 0.000000000000000000e+00 1.600000000000000089e+00 -3.428000000000000057e-03 -4.207999999999999935e-03 9.999850000000000128e-01 -2.739989999999999926e-01 9.617250000000000520e-01 3.108000000000000086e-03 -9.617240000000000233e-01 -2.739840000000000053e-01 -4.448999999999999830e-03
5.000000000000000000e+00 2.600000000000000000e+01 6.400000000000000000e+01 0.000000000000000000e+00 1.600000000000000089e+00 1.739000000000000094e-03 6.220000000000000485e-04 9.999980000000000535e-01 -3.495010000000000061e-01 9.369359999999999911e-01 2.500000000000000120e-05 -9.369349999999999623e-01 -3.494999999999999774e-01 1.846999999999999901e-03
1.000000000000000000e+01 2.600000000000000000e+01 6.400000000000000000e+01 0.000000000000000000e+00 1.600000000000000089e+00 1.582000000000000073e-03 1.348000000000000023e-03 9.999980000000000535e-01 -3.493479999999999919e-01 9.369929999999999648e-01 -7.100000000000000191e-04 -9.369920000000000471e-01 -3.493459999999999899e-01 1.953000000000000092e-03
1.300000000000000000e+01 2.600000000000000000e+01 6.400000000000000000e+01 0.000000000000000000e+00 1.600000000000000089e+00 -1.562999999999999936e-03 5.915000000000000119e-03 9.999810000000000088e-01 -3.520820000000000061e-01 9.359490000000000309e-01 -6.087000000000000396e-03 -9.359680000000000222e-01 -3.520849999999999813e-01 6.199999999999999999e-04
1.800000000000000000e+01 2.600000000000000000e+01 6.400000000000000000e+01 0.000000000000000000e+00 1.600000000000000089e+00 5.039999999999999992e-04 2.624000000000000030e-03 9.999959999999999960e-01 -3.573979999999999935e-01 9.339490000000000292e-01 -2.271000000000000015e-03 -9.339520000000000044e-01 -3.573959999999999915e-01 1.407999999999999963e-03
2.300000000000000000e+01 2.600000000000000000e+01 6.400000000000000000e+01 0.000000000000000000e+00 1.600000000000000089e+00 -2.118000000000000091e-03 -2.938000000000000073e-03 9.999940000000000495e-01 -3.554910000000000014e-01 9.346780000000000088e-01 1.992999999999999980e-03 -9.346769999999999801e-01 -3.554840000000000222e-01 -3.024000000000000212e-03
2.000000000000000000e+00 2.500000000000000000e+01 7.300000000000000000e+01 0.000000000000000000e+00 1.600000000000000089e+00 -2.608000000000000075e-03 -3.471000000000000127e-03 9.999909999999999632e-01 7.502189999999999692e-01 -6.611900000000000555e-01 -3.379999999999999758e-04 6.611850000000000227e-01 7.502109999999999612e-01 4.329000000000000382e-03
7.000000000000000000e+00 2.500000000000000000e+01 7.300000000000000000e+01 0.000000000000000000e+00 1.600000000000000089e+00 1.007999999999999998e-03 2.700000000000000035e-04 9.999989999999999712e-01 7.423149999999999471e-01 -6.700509999999999522e-01 -5.680000000000000370e-04 6.700509999999999522e-01 7.423149999999999471e-01 -8.760000000000000425e-04
1.400000000000000000e+01 2.500000000000000000e+01 7.300000000000000000e+01 0.000000000000000000e+00 1.600000000000000089e+00 -1.294000000000000011e-03 5.339999999999999695e-04 9.999989999999999712e-01 7.438730000000000064e-01 -6.683200000000000252e-01 1.319999999999999993e-03 6.683200000000000252e-01 7.438740000000000352e-01 4.679999999999999915e-04
2.000000000000000000e+01 2.500000000000000000e+01 7.300000000000000000e+01 0.000000000000000000e+00 1.600000000000000089e+00 9.009999999999999997e-04 1.704000000000000003e-03 9.999980000000000535e-01 7.456850000000000422e-01 -6.662989999999999746e-01 4.640000000000000027e-04 6.662979999999999459e-01 7.456829999999999847e-01 -1.871000000000000050e-03
2.500000000000000000e+01 2.500000000000000000e+01 7.300000000000000000e+01 0.000000000000000000e+00 1.600000000000000089e+00 -2.039999999999999984e-04 -7.360000000000000006e-04 1.000000000000000000e+00 7.502860000000000085e-01 -6.611129999999999507e-01 -3.330000000000000169e-04 6.611139999999999795e-01 7.502860000000000085e-01 6.870000000000000022e-04
3.000000000000000000e+00 4.400000000000000000e+01 7.300000000000000000e+01 0.000000000000000000e+00 1.600000000000000089e+00 2.849999999999999886e-04 -1.830999999999999945e-03 9.999980000000000535e-01 4.423300000000000148e-02 -9.990200000000000191e-01 -1.842000000000000104e-03 9.990210000000000479e-01 4.423400000000000248e-02 -2.039999999999999984e-04
8.000000000000000000e+00 4.400000000000000000e+01 7.300000000000000000e+01 0.000000000000000000e+00 1.600000000000000089e+00 -1.389999999999999905e-04 -1.314000000000000064e-03 9.999989999999999712e-01 4.309400000000000036e-02 -9.990700000000000136e-01 -1.307000000000000002e-03 9.990710000000000424e-01 4.309400000000000036e-02 1.949999999999999965e-04
