9.000000000000000000e+00 2.500000000000000000e+01 1.000000000000000000e+00 0.000000000000000000e+00 1.600000000000000089e+00 -3.318999999999999902e-03 -5.916000000000000252e-03 -9.999770000000000048e-01 -5.233020000000000449e-01 -8.521210000000000173e-01 6.778000000000000171e-03 -8.521410000000000373e-01 5.233119999999999994e-01 -2.680000000000000090e-04
1.600000000000000000e+01 2.500000000000000000e+01 1.000000000000000000e+00 0.000000000000000000e+00 1.600000000000000089e+00 -1.479999999999999925e-04 -3.237999999999999993e-03 -9.999949999999999672e-01 -5.225070000000000547e-01 -8.526299999999999990e-01 2.837999999999999811e-03 -8.526350000000000318e-01 5.225049999999999972e-01 -1.565999999999999901e-03
7.000000000000000000e+00 1.500000000000000000e+01 4.000000000000000000e+00 0.000000000000000000e+00 1.600000000000000089e+00 3.121000000000000076e-03 -3.981000000000000164e-03 9.999869999999999592e-01 3.138610000000000011e-01 -9.494569999999999954e-01 -4.759000000000000209e-03 9.494639999999999747e-01 3.138719999999999843e-01 -1.714000000000000029e-03
1.200000000000000000e+01 1.500000000000000000e+01 4.000000000000000000e+00 0.000000000000000000e+00 1.600000000000000089e+00 -1.884999999999999957e-03 -7.526999999999999837e-03 9.999700000000000255e-01 3.103960000000000052e-01 -9.505850000000000133e-01 -6.570000000000000319e-03 9.506050000000000333e-01 3.103739999999999832e-01 4.127999999999999725e-03
1.800000000000000000e+01 1.500000000000000000e+01 4.000000000000000000e+00 0.000000000000000000e+00 1.600000000000000089e+00 5.209999999999999788e-04 1.606999999999999922e-03 9.999989999999999712e-01 3.071510000000000074e-01 -9.516599999999999504e-01 1.369999999999999907e-03 9.516609999999999792e-01 3.071490000000000054e-01 -9.899999999999999946e-04
2.200000000000000000e+01 1.500000000000000000e+01 4.000000000000000000e+00 0.000000000000000000e+00 1.600000000000000089e+00 -7.619999999999999820e-04 -1.443000000000000055e-03 9.999989999999999712e-01 3.091369999999999951e-01 -9.510170000000000012e-01 -1.136999999999999990e-03 9.510170000000000012e-01 3.091360000000000219e-01 1.170000000000000033e-03
2.900000000000000000e+01 1.500000000000000000e+01 4.000000000000000000e+00 0.000000000000000000e+00 1.600000000000000089e+00 -6.618999999999999884e-03 -1.686700000000000005e-02 9.998359999999999470e-01 3.035260000000000180e-01 -9.527200000000000113e-01 -1.406300000000000085e-02 9.527999999999999803e-01 3.033830000000000138e-01 1.142600000000000039e-02
5.000000000000000000e+00 1.010000000000000000e+02 7.000000000000000000e+00 0.000000000000000000e+00 1.600000000000000089e+00 4.429999999999999910e-03 1.802999999999999915e-03 9.999890000000000168e-01 8.759219999999999784e-01 4.824300000000000255e-01 -4.749999999999999882e-03 -4.824330000000000007e-01 8.759329999999999616e-01 5.569999999999999864e-04
2.700000000000000000e+01 1.010000000000000000e+02 7.000000000000000000e+00 0.000000000000000000e+00 1.600000000000000089e+00 -8.002999999999999697e-03 -5.660000000000000100e-03 9.999519999999999520e-01 8.789320000000000466e-01 4.768479999999999941e-01 9.733999999999999597e-03 -4.768800000000000261e-01 8.789679999999999715e-01 1.159000000000000091e-03
9.000000000000000000e+00 2.500000000000000000e+01 8.000000000000000000e+00 0.000000000000000000e+00 1.600000000000000089e+00 2.171000000000000187e-03 1.478200000000000000e-02 -9.998879999999999990e-01 4.486689999999999845e-01 8.935849999999999627e-01 1.418499999999999969e-02 8.936950000000000172e-01 -4.486499999999999932e-01 -4.691999999999999990e-03
1.700000000000000000e+01 2.500000000000000000e+01 8.000000000000000000e+00 0.000000000000000000e+00 1.600000000000000089e+00 7.969999999999999654e-04 4.844000000000000215e-03 -9.999879999999999880e-01 4.444629999999999970e-01 8.957850000000000534e-01 4.694000000000000256e-03 8.957969999999999544e-01 -4.444609999999999950e-01 -1.438999999999999958e-03
2.200000000000000000e+01 2.500000000000000000e+01 8.000000000000000000e+00 0.000000000000000000e+00 1.600000000000000089e+00 1.822999999999999968e-03 1.224000000000000045e-03 -9.999980000000000535e-01 4.452400000000000246e-01 8.954090000000000105e-01 1.907000000000000058e-03 8.954090000000000105e-01 -4.452420000000000266e-01 1.087000000000000076e-03
2.700000000000000000e+01 2.500000000000000000e+01 8.000000000000000000e+00 0.000000000000000000e+00 1.600000000000000089e+00 1.675999999999999972e-03 2.520000000000000104e-03 -9.999949999999999672e-01 4.436599999999999988e-01 8.961900000000000421e-01 3.001999999999999894e-03 8.961940000000000461e-01 -4.436629999999999741e-01 3.840000000000000097e-04
3.000000000000000000e+00 2.400000000000000000e+01 9.000000000000000000e+00 0.000000000000000000e+00 1.600000000000000089e+00 2.739000000000000115e-03 3.499999999999999693e-05 -9.999959999999999960e-01 4.518150000000000222e-01 8.921109999999999873e-01 1.268000000000000030e-03 8.921080000000000121e-01 -4.518159999999999954e-01 2.428000000000000037e-03
9.000000000000000000e+00 2.400000000000000000e+01 9.000000000000000000e+00 0.000000000000000000e+00 1.600000000000000089e+00 2.194000000000000204e-03 1.304699999999999957e-02 -9.999130000000000518e-01 4.518139999999999934e-01 8.920230000000000103e-01 1.263099999999999987e-02 8.921099999999999586e-01 -4.518019999999999814e-01 -3.937999999999999660e-03
1.700000000000000000e+01 2.400000000000000000e+01 9.000000000000000000e+00 0.000000000000000000e+00 1.600000000000000089e+00 5.500000000000000331e-04 5.385000000000000030e-03 -9.999850000000000128e-01 4.467050000000000187e-01 8.946669999999999900e-01 5.062999999999999792e-03 8.946809999999999485e-01 -4.467010000000000147e-01 -1.913999999999999903e-03
2.200000000000000000e+01 2.400000000000000000e+01 9.000000000000000000e+00 0.000000000000000000e+00 1.600000000000000089e+00 1.575000000000000011e-03 2.768000000000000061e-03 -9.999949999999999672e-01 4.472709999999999742e-01 8.943929999999999936e-01 3.180000000000000101e-03 8.943969999999999976e-01 -4.472740000000000049e-01 1.710000000000000094e-04
2.700000000000000000e+01 2.400000000000000000e+01 9.000000000000000000e+00 0.000000000000000000e+00 1.600000000000000089e+00 1.926999999999999894e-03 2.063000000000000164e-03 -9.999959999999999960e-01 4.464400000000000035e-01 8.948099999999999943e-01 2.706000000000000072e-03 8.948120000000000518e-01 -4.464429999999999787e-01 8.040000000000000271e-04
5.000000000000000000e+00 3.100000000000000000e+01 1.200000000000000000e+01 0.000000000000000000e+00 1.600000000000000089e+00 -4.899999999999999842e-04 -8.940000000000000464e-04 9.999989999999999712e-01 -1.216700000000000073e-02 9.999259999999999815e-01 8.880000000000000089e-04 -9.999259999999999815e-01 -1.216599999999999973e-02 -5.010000000000000347e-04
1.000000000000000000e+01 3.100000000000000000e+01 1.200000000000000000e+01 0.000000000000000000e+00 1.600000000000000089e+00 1.923999999999999929e-03 8.623999999999999722e-03 9.999609999999999888e-01 -1.140500000000000021e-02 9.998979999999999535e-01 -8.602000000000000271e-03 -9.999329999999999607e-01 -1.138800000000000055e-02 2.021999999999999926e-03
1.500000000000000000e+01 3.100000000000000000e+01 1.200000000000000000e+01 0.000000000000000000e+00 1.600000000000000089e+00 3.527999999999999886e-03 6.745000000000000127e-03 9.999710000000000543e-01 -6.039000000000000097e-03 9.999590000000000423e-01 -6.722999999999999809e-03 -9.999759999999999760e-01 -6.015000000000000381e-03 3.569000000000000124e-03
1.700000000000000000e+01 1.160000000000000000e+02 1.600000000000000000e+01 0.000000000000000000e+00 1.600000000000000089e+00 1.088999999999999907e-03 2.566999999999999837e-03 9.999959999999999960e-01 6.880749999999999922e-01 7.256350000000000300e-01 -2.612000000000000172e-03 -7.256390000000000340e-01 6.880749999999999922e-01 -9.759999999999999796e-04
2.800000000000000000e+01 1.160000000000000000e+02 1.600000000000000000e+01 0.000000000000000000e+00 1.600000000000000089e+00 9.169999999999999549e-04 -4.739999999999999747e-04 1.000000000000000000e+00 7.108179999999999499e-01 7.033760000000000012e-01 -3.190000000000000019e-04 -7.033749999999999725e-01 7.108179999999999499e-01 9.820000000000000170e-04
4.000000000000000000e+00 2.000000000000000000e+00 1.900000000000000000e+01 0.000000000000000000e+00 1.600000000000000089e+00 -4.778000000000000129e-03 -2.135999999999999878e-03 -9.999860000000000415e-01 1.792980000000000129e-01 -9.837939999999999463e-01 1.245000000000000013e-03 -9.837829999999999631e-01 -1.792890000000000039e-01 5.082999999999999845e-03
1.100000000000000000e+01 2.000000000000000000e+00 1.900000000000000000e+01 0.000000000000000000e+00 1.600000000000000089e+00 -5.700000000000000314e-05 3.531999999999999983e-03 -9.999940000000000495e-01 1.808960000000000012e-01 -9.834960000000000369e-01 -3.484999999999999817e-03 -9.835019999999999873e-01 -1.808950000000000002e-01 -5.829999999999999679e-04
1.900000000000000000e+01 2.000000000000000000e+00 1.900000000000000000e+01 0.000000000000000000e+00 1.600000000000000089e+00 2.520000000000000104e-03 -2.186000000000000009e-03 -9.999940000000000495e-01 1.814679999999999904e-01 -9.833929999999999616e-01 2.606999999999999942e-03 -9.833939999999999904e-01 -1.814729999999999954e-01 -2.082000000000000083e-03
2.600000000000000000e+01 2.000000000000000000e+00 1.900000000000000000e+01 0.000000000000000000e+00 1.600000000000000089e+00 -1.740000000000000010e-03 7.424000000000000044e-03 -9.999710000000000543e-01 1.846599999999999908e-01 -9.827730000000000077e-01 -7.616999999999999639e-03 -9.828010000000000357e-01 -1.846679999999999988e-01 3.390000000000000001e-04
5.000000000000000000e+00 1.300000000000000000e+01 2.000000000000000000e+01 0.000000000000000000e+00 1.600000000000000089e+00 -6.841999999999999992e-03 -1.191200000000000071e-02 9.999059999999999615e-01 2.499399999999999955e-01 9.681710000000000038e-01 1.324400000000000056e-02 -9.682370000000000143e-01 2.500069999999999792e-01 -3.647000000000000068e-03
1.100000000000000000e+01 1.300000000000000000e+01 2.000000000000000000e+01 0.000000000000000000e+00 1.600000000000000089e+00 5.099999999999999960e-05 2.866000000000000058e-03 9.999959999999999960e-01 2.537099999999999911e-01 9.672760000000000247e-01 -2.785999999999999848e-03 -9.672800000000000287e-01 2.537090000000000178e-01 -6.780000000000000002e-04
2.600000000000000000e+01 1.300000000000000000e+01 2.000000000000000000e+01 0.000000000000000000e+00 1.600000000000000089e+00 -7.910000000000000364e-04 -8.499999999999999526e-04 9.999989999999999712e-01 2.494460000000000011e-01 9.683880000000000265e-01 1.020000000000000073e-03 -9.683880000000000265e-01 2.494460000000000011e-01 -5.540000000000000219e-04
5.000000000000000000e+00 1.600000000000000000e+01 2.100000000000000000e+01 0.000000000000000000e+00 1.600000000000000089e+00 -7.171000000000000291e-03 -1.124799999999999932e-02 9.999109999999999943e-01 2.969999999999999862e-01 9.547909999999999453e-01 1.286999999999999950e-02 -9.548510000000000053e-01 2.970659999999999967e-01 -3.506000000000000002e-03
1.000000000000000000e+01 1.600000000000000000e+01 2.100000000000000000e+01 0.000000000000000000e+00 1.600000000000000089e+00 -4.490000000000000176e-04 -2.519999999999999996e-04 1.000000000000000000e+00 2.993660000000000210e-01 9.541380000000000416e-01 3.750000000000000078e-04 -9.541380000000000416e-01 2.993660000000000210e-01 -3.530000000000000152e-04
1.600000000000000000e+01 1.600000000000000000e+01 2.100000000000000000e+01 0.000000000000000000e+00 1.600000000000000089e+00 5.818000000000000255e-03 1.177699999999999927e-02 9.999139999999999695e-01 2.991409999999999902e-01 9.541209999999999969e-01 -1.297799999999999995e-02 -9.541910000000000114e-01 2.991909999999999847e-01 2.027999999999999855e-03
2.000000000000000000e+01 1.600000000000000000e+01 2.100000000000000000e+01 0.000000000000000000e+00 1.600000000000000089e+00 5.283999999999999635e-03 1.250800000000000002e-02 9.999080000000000190e-01 2.974700000000000122e-01 9.546350000000000113e-01 -1.351399999999999997e-02 -9.547160000000000091e-01 2.975140000000000007e-01 1.322999999999999957e-03
7.000000000000000000e+00 3.000000000000000000e+00 2.500000000000000000e+01 0.000000000000000000e+00 1.600000000000000089e+00 8.857000000000000289e-03 -5.831000000000000245e-03 9.999440000000000550e-01 -3.450799999999999701e-02 -9.993889999999999718e-01 -5.521999999999999999e-03 9.993649999999999478e-01 -3.445700000000000152e-02 -9.053000000000000283e-03
2.500000000000000000e+01 3.000000000000000000e+00 2.500000000000000000e+01 0.000000000000000000e+00 1.600000000000000089e+00 3.278999999999999797e-03 8.130000000000000291e-04 9.999940000000000495e-01 -5.611100000000000115e-02 -9.984239999999999782e-01 9.950000000000000077e-04 9.984189999999999454e-01 -5.611399999999999721e-02 -3.229000000000000099e-03
2.800000000000000000e+01 3.000000000000000000e+00 2.500000000000000000e+01 0.000000000000000000e+00 1.600000000000000089e+00 2.004000000000000139e-03 1.408799999999999983e-02 9.998989999999999823e-01 -5.290999999999999870e-02 -9.984990000000000254e-01 1.417500000000000010e-02 9.985969999999999569e-01 -5.293300000000000088e-02 -1.255000000000000039e-03
3.000000000000000000e+00 4.600000000000000000e+01 2.700000000000000000e+01 0.000000000000000000e+00 1.600000000000000089e+00 -2.791000000000000078e-03 -3.838999999999999965e-03 -9.999890000000000168e-01 6.684449999999999559e-01 7.437460000000000182e-01 -4.721000000000000370e-03 7.437559999999999727e-01 -6.684510000000000174e-01 4.910000000000000085e-04
2.900000000000000000e+01 4.600000000000000000e+01 2.700000000000000000e+01 0.000000000000000000e+00 1.600000000000000089e+00 -1.018999999999999941e-03 -4.189000000000000015e-03 -9.999909999999999632e-01 6.637570000000000414e-01 7.479390000000000205e-01 -3.810000000000000019e-03 7.479479999999999462e-01 -6.637549999999999839e-01 2.018999999999999961e-03
9.000000000000000000e+00 4.600000000000000000e+01 3.000000000000000000e+01 0.000000000000000000e+00 1.600000000000000089e+00 8.589999999999999546e-04 3.310000000000000225e-04 -1.000000000000000000e+00 3.319949999999999846e-01 9.432810000000000361e-01 5.969999999999999829e-04 9.432810000000000361e-01 -3.319960000000000133e-01 7.010000000000000172e-04
1.400000000000000000e+01 4.600000000000000000e+01 3.000000000000000000e+01 0.000000000000000000e+00 1.600000000000000089e+00 -5.670000000000000127e-04 3.612000000000000193e-03 -9.999930000000000208e-01 3.341060000000000141e-01 9.425299999999999789e-01 3.214999999999999976e-03 9.425350000000000117e-01 -3.341020000000000101e-01 -1.740999999999999926e-03
2.000000000000000000e+00 4.600000000000000000e+01 3.500000000000000000e+01 0.000000000000000000e+00 1.600000000000000089e+00 -1.252999999999999991e-03 5.632999999999999986e-03 -9.999829999999999552e-01 3.892619999999999969e-01 -9.211089999999999556e-01 -5.675999999999999622e-03 -9.211260000000000003e-01 -3.892630000000000257e-01 -1.038999999999999993e-03
6.000000000000000000e+00 4.600000000000000000e+01 3.500000000000000000e+01 0.000000000000000000e+00 1.600000000000000089e+00 -2.431000000000000001e-03 1.445000000000000104e-03 -9.999959999999999960e-01 3.893349999999999866e-01 -9.210930000000000506e-01 -2.278000000000000077e-03 -9.210930000000000506e-01 -3.893389999999999906e-01 1.675999999999999972e-03
1.600000000000000000e+01 4.600000000000000000e+01 3.500000000000000000e+01 0.000000000000000000e+00 1.600000000000000089e+00 2.036000000000000049e-03 -2.396999999999999825e-03 -9.999949999999999672e-01 3.887630000000000252e-01 -9.213329999999999576e-01 3.000000000000000062e-03 -9.213360000000000438e-01 -3.887669999999999737e-01 -9.439999999999999607e-04
1.900000000000000000e+01 4.600000000000000000e+01 3.500000000000000000e+01 0.000000000000000000e+00 1.600000000000000089e+00 7.770000000000000214e-04 -3.445000000000000145e-03 -9.999940000000000495e-01 3.891649999999999832e-01 -9.211610000000000076e-01 3.475999999999999923e-03 -9.211679999999999868e-01 -3.891660000000000119e-01 6.250000000000000130e-04
2.200000000000000000e+01 4.600000000000000000e+01 3.500000000000000000e+01 0.000000000000000000e+00 1.600000000000000089e+00 -1.810000000000000085e-04 -4.447999999999999697e-03 -9.999900000000000455e-01 3.892590000000000217e-01 -9.211200000000000498e-01 4.026000000000000065e-03 -9.211279999999999468e-01 -3.892539999999999889e-01 1.897999999999999948e-03
2.900000000000000000e+01 4.600000000000000000e+01 3.500000000000000000e+01 0.000000000000000000e+00 1.600000000000000089e+00 -4.580000000000000195e-04 -1.200000000000000030e-05 -1.000000000000000000e+00 3.900689999999999991e-01 -9.207859999999999934e-01 -1.679999999999999907e-04 -9.207849999999999646e-01 -3.900689999999999991e-01 4.260000000000000006e-04
6.000000000000000000e+00 9.500000000000000000e+01 3.600000000000000000e+01 0.000000000000000000e+00 1.600000000000000089e+00 1.732200000000000059e-02 1.672900000000000081e-02 9.997099999999999875e-01 9.981630000000000225e-01 5.777199999999999697e-02 -1.826099999999999945e-02 -5.806000000000000050e-02 9.981900000000000217e-01 -1.569699999999999915e-02
1.400000000000000000e+01 9.500000000000000000e+01 3.600000000000000000e+01 0.000000000000000000e+00 1.600000000000000089e+00 1.734799999999999884e-02 4.068299999999999694e-02 9.990210000000000479e-01 9.966369999999999951e-01 7.932300000000000462e-02 -2.053699999999999970e-02 -8.008099999999999941e-02 9.960179999999999589e-01 -3.917000000000000343e-02
3.000000000000000000e+01 9.500000000000000000e+01 3.600000000000000000e+01 0.000000000000000000e+00 1.600000000000000089e+00 -9.799000000000000418e-03 -1.316999999999999942e-02 9.998650000000000038e-01 9.981759999999999522e-01 5.944699999999999984e-02 1.056600000000000074e-02 -5.957799999999999901e-02 9.981449999999999489e-01 1.256299999999999951e-02
2.300000000000000000e+01 2.900000000000000000e+01 4.400000000000000000e+01 0.000000000000000000e+00 1.600000000000000089e+00 -5.659999999999999884e-04 -1.539899999999999949e-02 -9.998810000000000198e-01 6.756609999999999561e-01 7.371189999999999687e-01 -1.173500000000000064e-02 7.372119999999999784e-01 -6.755870000000000486e-01 9.986999999999999350e-03
3.000000000000000000e+00 6.500000000000000000e+01 4.600000000000000000e+01 0.000000000000000000e+00 1.600000000000000089e+00 3.880000000000000202e-03 -9.319999999999999942e-04 9.999919999999999920e-01 6.795919999999999739e-01 -7.335829999999999851e-01 -3.320000000000000034e-03 7.335800000000000098e-01 6.795999999999999819e-01 -2.213000000000000123e-03
1.600000000000000000e+01 2.600000000000000000e+01 4.800000000000000000e+01 0.000000000000000000e+00 1.600000000000000089e+00 -2.964000000000000055e-03 -8.606300000000000061e-02 -9.962849999999999762e-01 -8.409300000000000108e-02 9.927820000000000533e-01 -8.551000000000000267e-02 9.964530000000000332e-01 8.352700000000000402e-02 -1.017999999999999981e-02
2.100000000000000000e+01 2.900000000000000000e+01 4.800000000000000000e+01 0.000000000000000000e+00 1.600000000000000089e+00 -9.780000000000000498e-03 -8.643599999999999894e-02 9.962090000000000112e-01 3.780930000000000124e-01 9.219749999999999890e-01 8.370700000000000363e-02 -9.257159999999999833e-01 3.774790000000000090e-01 2.366400000000000101e-02
2.900000000000000000e+01 5.000000000000000000e+00 5.100000000000000000e+01 0.000000000000000000e+00 1.600000000000000089e+00 1.438000000000000042e-03 -5.960000000000000020e-03 -9.999810000000000088e-01 4.901369999999999894e-01 -8.716249999999999831e-01 5.899999999999999863e-03 -8.716439999999999744e-01 -4.901369999999999894e-01 1.667999999999999995e-03
2.800000000000000000e+01 3.900000000000000000e+01 5.100000000000000000e+01 0.000000000000000000e+00 1.600000000000000089e+00 -3.518799999999999706e-02 -3.074450000000000238e-01 9.509149999999999547e-01 3.390750000000000153e-01 8.913919999999999622e-01 3.007480000000000153e-01 -9.401009999999999645e-01 3.330139999999999767e-01 7.288100000000000134e-02
2.200000000000000000e+01 1.150000000000000000e+02 5.100000000000000000e+01 0.000000000000000000e+00 1.600000000000000089e+00 2.128000000000000117e-03 1.449399999999999994e-02 9.998930000000000318e-01 8.455899999999999528e-01 -5.337990000000000235e-01 5.936999999999999569e-03 5.338279999999999692e-01 8.454869999999999886e-01 -1.339199999999999939e-02
4.000000000000000000e+00 7.000000000000000000e+00 5.200000000000000000e+01 0.000000000000000000e+00 1.600000000000000089e+00 4.394999999999999601e-03 9.107999999999999777e-03 -9.999489999999999768e-01 8.109500000000000042e-02 -9.966679999999999984e-01 -8.722000000000000586e-03 -9.966970000000000551e-01 -8.105300000000000005e-02 -5.119000000000000286e-03
2.700000000000000000e+01 7.000000000000000000e+00 5.200000000000000000e+01 0.000000000000000000e+00 1.600000000000000089e+00 -2.021999999999999926e-03 -5.677999999999999887e-03 -9.999820000000000375e-01 1.059230000000000033e-01 -9.943589999999999929e-01 5.432000000000000196e-03 -9.943720000000000336e-01 -1.059100000000000041e-01 2.612000000000000172e-03
6.000000000000000000e+00 6.300000000000000000e+01 5.400000000000000000e+01 0.000000000000000000e+00 1.600000000000000089e+00 4.199999999999999768e-05 3.220000000000000206e-03 9.999949999999999672e-01 -3.652190000000000158e-01 9.309169999999999945e-01 -2.981999999999999842e-03 -9.309220000000000272e-01 -3.652170000000000138e-01 1.214999999999999934e-03
1.200000000000000000e+01 6.300000000000000000e+01 5.400000000000000000e+01 0.000000000000000000e+00 1.600000000000000089e+00 -8.469999999999999881e-04 1.023999999999999954e-03 9.999989999999999712e-01 -3.633979999999999988e-01 9.316330000000000444e-01 -1.262000000000000101e-03 -9.316330000000000444e-01 -3.633990000000000276e-01 -4.169999999999999987e-04
1.500000000000000000e+01 6.300000000000000000e+01 5.400000000000000000e+01 0.000000000000000000e+00 1.600000000000000089e+00 3.840000000000000097e-04 1.379000000000000017e-03 9.999989999999999712e-01 -3.673600000000000199e-01 9.300779999999999603e-01 -1.141000000000000087e-03 -9.300789999999999891e-01 -3.673589999999999911e-01 8.639999999999999677e-04
2.000000000000000000e+01 6.300000000000000000e+01 5.400000000000000000e+01 0.000000000000000000e+00 1.600000000000000089e+00 4.009999999999999893e-04 -4.543000000000000163e-03 9.999900000000000455e-01 -3.691030000000000144e-01 9.293780000000000374e-01 4.369999999999999753e-03 -9.293879999999999919e-01 -3.691010000000000124e-01 -1.304000000000000038e-03
2.600000000000000000e+01 6.300000000000000000e+01 5.400000000000000000e+01 0.000000000000000000e+00 1.600000000000000089e+00 6.499999999999999431e-05 4.409999999999999858e-04 1.000000000000000000e+00 -3.651900000000000146e-01 9.309330000000000105e-01 -3.869999999999999742e-04 -9.309330000000000105e-01 -3.651900000000000146e-01 2.210000000000000050e-04
2.900000000000000000e+01 6.300000000000000000e+01 5.400000000000000000e+01 0.000000000000000000e+00 1.600000000000000089e+00 1.029999999999999964e-04 3.802999999999999957e-03 9.999930000000000208e-01 -3.670629999999999726e-01 9.301890000000000436e-01 -3.500000000000000073e-03 -9.301960000000000228e-01 -3.670599999999999974e-01 1.492000000000000054e-03
4.000000000000000000e+00 2.600000000000000000e+01 5.500000000000000000e+01 0.000000000000000000e+00 1.600000000000000089e+00 1.856999999999999927e-03 -1.626999999999999974e-03 -9.999970000000000248e-01 -4.282899999999999902e-02 -9.990809999999999969e-01 1.546000000000000065e-03 -9.990809999999999969e-01 4.282600000000000295e-02 -1.925000000000000062e-03
6.000000000000000000e+00 2.100000000000000000e+01 6.000000000000000000e+01 0.000000000000000000e+00 1.600000000000000089e+00 -8.000000000000000383e-04 -1.753999999999999917e-03 9.999980000000000535e-01 -9.515099999999999947e-02 9.954610000000000403e-01 1.668999999999999911e-03 -9.954629999999999868e-01 -9.514999999999999847e-02 -9.629999999999999888e-04
1.100000000000000000e+01 2.100000000000000000e+01 6.000000000000000000e+01 0.000000000000000000e+00 1.600000000000000089e+00 -1.060000000000000016e-04 3.066000000000000149e-03 9.999949999999999672e-01 -9.566800000000000304e-02 9.954089999999999883e-01 -3.062000000000000052e-03 -9.954129999999999923e-01 -9.566700000000000204e-02 1.879999999999999890e-04
1.600000000000000000e+01 2.100000000000000000e+01 6.000000000000000000e+01 0.000000000000000000e+00 1.600000000000000089e+00 1.054000000000000032e-03 7.556000000000000216e-03 9.999710000000000543e-01 -9.464599999999999402e-02 9.954830000000000068e-01 -7.421999999999999778e-03 -9.955100000000000060e-01 -9.463499999999999690e-02 1.763999999999999943e-03
2.300000000000000000e+01 2.100000000000000000e+01 6.000000000000000000e+01 0.000000000000000000e+00 1.600000000000000089e+00 5.910000000000000539e-04 -6.380000000000000037e-04 1.000000000000000000e+00 -9.644500000000000295e-02 9.953379999999999450e-01 6.920000000000000153e-04 -9.953379999999999450e-01 -9.644500000000000295e-02 5.270000000000000162e-04
2.600000000000000000e+01 2.100000000000000000e+01 6.000000000000000000e+01 0.000000000000000000e+00 1.600000000000000089e+00 7.910000000000000364e-04 -4.462999999999999953e-03 9.999900000000000455e-01 -9.781399999999999817e-02 9.951940000000000230e-01 4.518999999999999580e-03 -9.952039999999999775e-01 -9.781600000000000017e-02 3.510000000000000208e-04
3.000000000000000000e+01 2.100000000000000000e+01 6.000000000000000000e+01 0.000000000000000000e+00 1.600000000000000089e+00 -2.638999999999999853e-03 -2.044999999999999943e-03 9.999940000000000495e-01 -9.972799999999999720e-02 9.950130000000000363e-01 1.771000000000000005e-03 -9.950109999999999788e-01 -9.972200000000000508e-02 -2.830000000000000050e-03
2.000000000000000000e+00 2.700000000000000000e+01 6.300000000000000000e+01 0.000000000000000000e+00 1.600000000000000089e+00 -1.443999999999999971e-03 -2.141000000000000108e-03 9.999970000000000248e-01 -2.787080000000000113e-01 9.603749999999999787e-01 1.652999999999999955e-03 -9.603749999999999787e-01 -2.787049999999999805e-01 -1.984000000000000086e-03
8.000000000000000000e+00 2.700000000000000000e+01 6.300000000000000000e+01 0.000000000000000000e+00 1.600000000000000089e+00 -3.300000000000000253e-05 2.095000000000000074e-03 9.999980000000000535e-01 -2.801029999999999909e-01 9.599680000000000435e-01 -2.020999999999999793e-03 -9.599699999999999900e-01 -2.801020000000000176e-01 5.550000000000000462e-04
1.800000000000000000e+01 2.700000000000000000e+01 6.300000000000000000e+01 0.000000000000000000e+00 1.600000000000000089e+00 -1.196000000000000014e-03 -2.262000000000000122e-03 9.999970000000000248e-01 -2.737220000000000208e-01 9.618069999999999675e-01 1.848000000000000033e-03 -9.618079999999999963e-01 -2.737180000000000168e-01 -1.770000000000000089e-03
2.400000000000000000e+01 2.700000000000000000e+01 6.300000000000000000e+01 0.000000000000000000e+00 1.600000000000000089e+00 -1.363999999999999978e-03 -2.994999999999999832e-03 9.999949999999999672e-01 -2.794679999999999942e-01 9.601520000000000055e-01 2.494999999999999822e-03 -9.601539999999999520e-01 -2.794630000000000170e-01 -2.147000000000000037e-03
2.700000000000000000e+01 2.700000000000000000e+01 6.300000000000000000e+01 0.000000000000000000e+00 1.600000000000000089e+00 -1.579999999999999916e-04 -1.097000000000000102e-03 9.999989999999999712e-01 -2.790770000000000195e-01 9.602680000000000105e-01 1.008999999999999914e-03 -9.602690000000000392e-01 -2.790759999999999907e-01 -4.580000000000000195e-04
5.000000000000000000e+00 4.400000000000000000e+01 6.300000000000000000e+01 0.000000000000000000e+00 1.600000000000000089e+00 -9.399999999999999448e-05 1.319700000000000040e-02 -9.999130000000000518e-01 -6.598829999999999973e-01 -7.513030000000000541e-01 -9.853999999999999912e-03 -7.513680000000000359e-01 6.598249999999999948e-01 8.779000000000000345e-03
1.100000000000000000e+01 4.400000000000000000e+01 6.300000000000000000e+01 0.000000000000000000e+00 1.600000000000000089e+00 6.380000000000000037e-04 4.710999999999999910e-03 -9.999890000000000168e-01 -6.677269999999999595e-01 -7.443959999999999466e-01 -3.932999999999999864e-03 -7.444060000000000121e-01 6.677220000000000377e-01 2.670000000000000064e-03
1.500000000000000000e+01 4.400000000000000000e+01 6.300000000000000000e+01 0.000000000000000000e+00 1.600000000000000089e+00 9.128000000000000697e-03 2.210399999999999865e-02 -9.997139999999999915e-01 -6.748290000000000122e-01 -7.376319999999999544e-01 -2.247100000000000139e-02 -7.379179999999999628e-01 6.748410000000000242e-01 8.182999999999999302e-03
2.300000000000000000e+01 4.400000000000000000e+01 6.300000000000000000e+01 0.000000000000000000e+00 1.600000000000000089e+00 9.761999999999999844e-03 -2.865399999999999892e-02 -9.995420000000000416e-01 -7.163730000000000375e-01 -6.975959999999999939e-01 1.300199999999999967e-02 -6.976489999999999636e-01 7.159180000000000543e-01 -2.733700000000000019e-02
4.000000000000000000e+00 2.600000000000000000e+01 6.400000000000000000e+01 0.000000000000000000e+00 1.600000000000000089e+00 -2.171999999999999886e-03 -1.683999999999999950e-03 9.999959999999999960e-01 -3.715249999999999941e-01 9.284229999999999983e-01 7.560000000000000530e-04 -9.284200000000000230e-01 -3.715220000000000189e-01 -2.641999999999999817e-03
8.000000000000000000e+00 2.600000000000000000e+01 6.400000000000000000e+01 0.000000000000000000e+00 1.600000000000000089e+00 -8.819999999999999715e-04 3.206000000000000082e-03 9.999940000000000495e-01 -3.738609999999999989e-01 9.274790000000000534e-01 -3.302999999999999946e-03 -9.274839999999999751e-01 -3.738620000000000276e-01 3.800000000000000209e-04
1.200000000000000000e+01 2.600000000000000000e+01 6.400000000000000000e+01 0.000000000000000000e+00 1.600000000000000089e+00 1.250000000000000026e-03 5.648000000000000242e-03 9.999829999999999552e-01 -3.683949999999999725e-01 9.296569999999999556e-01 -4.789999999999999987e-03 -9.296689999999999676e-01 -3.683830000000000160e-01 3.242999999999999789e-03
1.800000000000000000e+01 2.600000000000000000e+01 6.400000000000000000e+01 0.000000000000000000e+00 1.600000000000000089e+00 -7.640000000000000306e-04 -1.721000000000000090e-03 9.999980000000000535e-01 -3.626389999999999891e-01 9.319290000000000074e-01 1.327000000000000055e-03 -9.319290000000000074e-01 -3.626380000000000159e-01 -1.337000000000000081e-03
2.400000000000000000e+01 2.600000000000000000e+01 6.400000000000000000e+01 0.000000000000000000e+00 1.600000000000000089e+00 -1.108000000000000044e-03 -2.740999999999999947e-03 9.999959999999999960e-01 -3.693029999999999924e-01 9.293069999999999942e-01 2.138000000000000143e-03 -9.293080000000000229e-01 -3.692989999999999884e-01 -2.041999999999999978e-03
2.700000000000000000e+01 2.600000000000000000e+01 6.400000000000000000e+01 0.000000000000000000e+00 1.600000000000000089e+00 -6.269999999999999532e-04 2.900000000000000017e-05 1.000000000000000000e+00 -3.692130000000000134e-01 9.293449999999999767e-01 -2.590000000000000071e-04 -9.293449999999999767e-01 -3.692130000000000134e-01 -5.720000000000000258e-04
2.600000000000000000e+01 5.600000000000000000e+01 6.400000000000000000e+01 0.000000000000000000e+00 1.600000000000000089e+00 -1.357069999999999943e-01 2.548980000000000135e-01 -9.573979999999999713e-01 1.285900000000000064e-02 9.667090000000000405e-01 2.555549999999999766e-01 9.906650000000000178e-01 2.236899999999999999e-02 -1.344670000000000032e-01
1.900000000000000000e+01 4.300000000000000000e+01 7.300000000000000000e+01 0.000000000000000000e+00 1.600000000000000089e+00 -4.793200000000000238e-02 -1.119730000000000031e-01 9.925549999999999651e-01 5.148400000000000198e-02 -9.926530000000000076e-01 -1.094969999999999971e-01 9.975230000000000485e-01 4.585199999999999693e-02 5.334400000000000253e-02
2.000000000000000000e+00 4.400000000000000000e+01 7.300000000000000000e+01 0.000000000000000000e+00 1.600000000000000089e+00 4.420000000000000101e-04 4.206999999999999802e-03 9.999909999999999632e-01 6.165199999999999847e-02 -9.980890000000000040e-01 4.172000000000000361e-03 9.980980000000000407e-01 6.165000000000000341e-02 -6.999999999999999929e-04
9.000000000000000000e+00 4.400000000000000000e+01 7.300000000000000000e+01 0.000000000000000000e+00 1.600000000000000089e+00 -1.373000000000000088e-03 -3.985999999999999960e-03 9.999909999999999632e-01 5.625700000000000145e-02 -9.984089999999999909e-01 -3.902000000000000086e-03 9.984150000000000524e-01 5.625100000000000239e-02 1.595000000000000064e-03
1.600000000000000000e+01 4.400000000000000000e+01 7.300000000000000000e+01 0.000000000000000000e+00 1.600000000000000089e+00 -3.650400000000000172e-02 -1.116260000000000030e-01 9.930799999999999628e-01 2.171199999999999866e-02 -9.935960000000000347e-01 -1.108849999999999975e-01 9.990980000000000416e-01 1.751399999999999832e-02 3.869399999999999923e-02
3.000000000000000000e+00 2.500000000000000000e+01 7.400000000000000000e+01 0.000000000000000000e+00 1.600000000000000089e+00 -3.249999999999999851e-04 1.131999999999999977e-03 9.999989999999999712e-01 8.239520000000000177e-01 -5.666590000000000238e-01 9.089999999999999773e-04 5.666600000000000525e-01 8.239509999999999890e-01 -7.479999999999999670e-04
7.000000000000000000e+00 2.500000000000000000e+01 7.400000000000000000e+01 0.000000000000000000e+00 1.600000000000000089e+00 2.779999999999999919e-03 -4.350000000000000026e-04 9.999959999999999960e-01 8.224829999999999641e-01 -5.687839999999999563e-01 -2.533999999999999794e-03 5.687820000000000098e-01 8.224869999999999681e-01 -1.222999999999999912e-03
1.100000000000000000e+01 2.500000000000000000e+01 7.400000000000000000e+01 0.000000000000000000e+00 1.600000000000000089e+00 5.000000000000000104e-04 2.799999999999999755e-04 1.000000000000000000e+00 8.232169999999999765e-01 -5.677269999999999817e-01 -2.530000000000000239e-04 5.677269999999999817e-01 8.232169999999999765e-01 -5.150000000000000498e-04
1.900000000000000000e+01 2.500000000000000000e+01 7.400000000000000000e+01 0.000000000000000000e+00 1.600000000000000089e+00 9.610000000000000486e-04 -5.529999999999999976e-04 9.999989999999999712e-01 8.279320000000000013e-01 -5.608279999999999932e-01 -1.105999999999999995e-03 5.608279999999999932e-01 8.279320000000000013e-01 -8.100000000000000375e-05
2.400000000000000000e+01 2.500000000000000000e+01 7.400000000000000000e+01 0.000000000000000000e+00 1.600000000000000089e+00 -3.396999999999999846e-03 -9.176000000000000129e-03 9.999519999999999520e-01 8.201889999999999459e-01 -5.720870000000000122e-01 -2.464000000000000044e-03 5.720819999999999794e-01 8.201420000000000377e-01 9.469999999999999252e-03
2.000000000000000000e+00 5.100000000000000000e+01 7.600000000000000000e+01 0.000000000000000000e+00 1.600000000000000089e+00 8.930000000000000221e-04 3.212000000000000011e-03 -9.999940000000000495e-01 -4.047379999999999867e-01 -9.144269999999999898e-01 -3.298999999999999849e-03 -9.144320000000000226e-01 4.047390000000000154e-01 4.840000000000000010e-04
5.000000000000000000e+00 9.100000000000000000e+01 7.600000000000000000e+01 0.000000000000000000e+00 1.600000000000000089e+00 -2.390000000000000089e-04 1.959999999999999937e-04 1.000000000000000000e+00 3.946760000000000268e-01 -9.188199999999999701e-01 2.750000000000000166e-04 9.188199999999999701e-01 3.946760000000000268e-01 1.420000000000000092e-04
1.000000000000000000e+01 9.100000000000000000e+01 7.600000000000000000e+01 0.000000000000000000e+00 1.600000000000000089e+00 6.120000000000000223e-04 -5.339999999999999695e-04 1.000000000000000000e+00 3.988849999999999896e-01 -9.170009999999999550e-01 -7.339999999999999520e-04 9.170009999999999550e-01 3.988849999999999896e-01 -3.480000000000000020e-04
1.800000000000000000e+01 9.100000000000000000e+01 7.600000000000000000e+01 0.000000000000000000e+00 1.600000000000000089e+00 1.250999999999999942e-03 1.260999999999999968e-03 9.999980000000000535e-01 3.956450000000000244e-01 -9.184029999999999694e-01 6.629999999999999609e-04 9.184029999999999694e-01 3.956439999999999957e-01 -1.647999999999999942e-03
2.400000000000000000e+01 9.100000000000000000e+01 7.600000000000000000e+01 0.000000000000000000e+00 1.600000000000000089e+00 -1.492000000000000054e-03 -2.343000000000000031e-03 9.999959999999999960e-01 3.961609999999999854e-01 -9.181799999999999962e-01 -1.559999999999999972e-03 9.181799999999999962e-01 3.961569999999999814e-01 2.298000000000000129e-03
2.900000000000000000e+01 9.100000000000000000e+01 7.600000000000000000e+01 0.000000000000000000e+00 1.600000000000000089e+00 -4.183000000000000086e-03 -3.137000000000000031e-03 9.999860000000000415e-01 3.944869999999999766e-01 -9.189009999999999678e-01 -1.232000000000000022e-03 9.188920000000000421e-01 3.944759999999999933e-01 5.081999999999999712e-03
2.100000000000000000e+01 9.000000000000000000e+00 8.200000000000000000e+01 0.000000000000000000e+00 1.600000000000000089e+00 -2.979999999999999793e-04 4.500999999999999793e-03 -9.999900000000000455e-01 5.708710000000000173e-01 8.210319999999999840e-01 3.524999999999999922e-03 8.210399999999999920e-01 -5.708640000000000381e-01 -2.814999999999999794e-03
2.000000000000000000e+00 4.400000000000000000e+01 8.300000000000000000e+01 0.000000000000000000e+00 1.600000000000000089e+00 -7.119999999999999593e-04 -5.181999999999999974e-03 9.999860000000000415e-01 5.748839999999999506e-01 -8.182260000000000089e-01 -3.831000000000000204e-03 8.182350000000000456e-01 5.748729999999999674e-01 3.562000000000000062e-03
7.000000000000000000e+00 4.400000000000000000e+01 8.300000000000000000e+01 0.000000000000000000e+00 1.600000000000000089e+00 -1.335000000000000032e-03 -4.079999999999999968e-04 9.999989999999999712e-01 5.702669999999999684e-01 -8.214590000000000503e-01 4.260000000000000006e-04 8.214580000000000215e-01 5.702669999999999684e-01 1.330000000000000019e-03
1.400000000000000000e+01 1.010000000000000000e+02 8.300000000000000000e+01 0.000000000000000000e+00 1.600000000000000089e+00 -8.120000000000000048e-04 -1.118000000000000070e-03 9.999989999999999712e-01 9.952499999999999680e-01 9.734800000000000397e-02 9.169999999999999549e-04 -9.734900000000000497e-02 9.952499999999999680e-01 1.033000000000000064e-03
8.000000000000000000e+00 4.800000000000000000e+01 8.400000000000000000e+01 0.000000000000000000e+00 1.600000000000000089e+00 3.003000000000000027e-03 -5.230000000000000274e-04 -9.999949999999999672e-01 -9.476240000000000219e-01 -3.193779999999999952e-01 -2.678999999999999958e-03 -3.193750000000000200e-01 9.476269999999999971e-01 -1.454999999999999913e-03
9.000000000000000000e+00 1.500000000000000000e+01 8.600000000000000000e+01 0.000000000000000000e+00 1.600000000000000089e+00 -3.697000000000000199e-03 1.628000000000000107e-03 -9.999919999999999920e-01 1.889740000000000031e-01 9.819820000000000215e-01 8.999999999999999754e-04 9.819750000000000423e-01 -1.889689999999999981e-01 -3.937999999999999660e-03
1.200000000000000000e+01 1.500000000000000000e+01 8.600000000000000000e+01 0.000000000000000000e+00 1.600000000000000089e+00 -5.361999999999999579e-03 2.459999999999999947e-03 -9.999829999999999552e-01 1.890310000000000046e-01 9.819700000000000095e-01 1.402000000000000034e-03 9.819569999999999688e-01 -1.890199999999999936e-01 -5.730999999999999983e-03
2.000000000000000000e+01 1.500000000000000000e+01 8.600000000000000000e+01 0.000000000000000000e+00 1.600000000000000089e+00 -2.769000000000000194e-03 4.209000000000000068e-03 -9.999869999999999592e-01 1.919430000000000025e-01 9.813990000000000213e-01 3.599000000000000202e-03 9.814019999999999966e-01 -1.919309999999999905e-01 -3.524999999999999922e-03
2.700000000000000000e+01 1.500000000000000000e+01 8.600000000000000000e+01 0.000000000000000000e+00 1.600000000000000089e+00 -5.800000000000000034e-04 3.031999999999999973e-03 -9.999949999999999672e-01 1.905759999999999954e-01 9.816679999999999851e-01 2.866000000000000058e-03 9.816719999999999891e-01 -1.905729999999999924e-01 -1.147999999999999932e-03
