4.000000000000000000e+00 2.500000000000000000e+01 1.000000000000000000e+00 0.000000000000000000e+00 1.600000000000000089e+00 -9.150000000000000147e-04 5.348999999999999588e-03 -9.999850000000000128e-01 -5.221879999999999855e-01 -8.528210000000000512e-01 -4.083999999999999957e-03 -8.528299999999999770e-01 5.221759999999999735e-01 3.572999999999999787e-03
5.000000000000000000e+00 1.500000000000000000e+01 4.000000000000000000e+00 0.000000000000000000e+00 1.600000000000000089e+00 2.620000000000000258e-04 6.700000000000000226e-04 1.000000000000000000e+00 3.275460000000000038e-01 -9.448349999999999804e-01 5.469999999999999602e-04 9.448349999999999804e-01 3.275449999999999751e-01 -4.670000000000000214e-04
9.000000000000000000e+00 1.500000000000000000e+01 4.000000000000000000e+00 0.000000000000000000e+00 1.600000000000000089e+00 -2.603999999999999978e-03 -4.904999999999999638e-03 9.999850000000000128e-01 3.251609999999999778e-01 -9.456510000000000193e-01 -3.791000000000000099e-03 9.456550000000000233e-01 3.251459999999999906e-01 4.056999999999999842e-03
1.200000000000000000e+01 1.500000000000000000e+01 4.000000000000000000e+00 0.000000000000000000e+00 1.600000000000000089e+00 -2.807000000000000033e-03 -4.161999999999999901e-03 9.999869999999999592e-01 3.233340000000000103e-01 -9.462800000000000100e-01 -3.030999999999999840e-03 9.462810000000000388e-01 3.233210000000000250e-01 4.002000000000000349e-03
2.100000000000000000e+01 1.500000000000000000e+01 4.000000000000000000e+00 0.000000000000000000e+00 1.600000000000000089e+00 -5.720000000000000258e-04 -3.621000000000000087e-03 9.999930000000000208e-01 3.239929999999999755e-01 -9.460539999999999505e-01 -3.239999999999999825e-03 9.460589999999999833e-01 3.239890000000000270e-01 1.714999999999999945e-03
2.300000000000000000e+01 1.500000000000000000e+01 4.000000000000000000e+00 0.000000000000000000e+00 1.600000000000000089e+00 1.647000000000000026e-03 2.559999999999999884e-04 9.999989999999999712e-01 3.244270000000000209e-01 -9.459109999999999463e-01 -2.930000000000000204e-04 9.459089999999999998e-01 3.244270000000000209e-01 -1.639999999999999965e-03
4.000000000000000000e+00 1.010000000000000000e+02 7.000000000000000000e+00 0.000000000000000000e+00 1.600000000000000089e+00 -1.152000000000000029e-03 5.900000000000000296e-04 9.999989999999999712e-01 8.870719999999999716e-01 4.616299999999999848e-01 7.500000000000000156e-04 -4.616290000000000115e-01 8.870730000000000004e-01 -1.054999999999999948e-03
1.700000000000000000e+01 1.010000000000000000e+02 7.000000000000000000e+00 0.000000000000000000e+00 1.600000000000000089e+00 -3.926999999999999935e-03 -8.200000000000000095e-05 9.999919999999999920e-01 8.833229999999999693e-01 4.687520000000000020e-01 3.507999999999999834e-03 -4.687490000000000268e-01 8.833299999999999486e-01 -1.768000000000000040e-03
2.100000000000000000e+01 1.010000000000000000e+02 7.000000000000000000e+00 0.000000000000000000e+00 1.600000000000000089e+00 -4.481999999999999873e-03 -1.324900000000000036e-02 9.999019999999999575e-01 8.822830000000000394e-01 4.706080000000000263e-01 1.019100000000000041e-02 -4.706969999999999765e-01 8.822429999999999994e-01 9.579999999999999974e-03
2.000000000000000000e+00 2.500000000000000000e+01 8.000000000000000000e+00 0.000000000000000000e+00 1.600000000000000089e+00 1.258000000000000004e-03 -4.813999999999999703e-03 -9.999879999999999880e-01 4.453280000000000016e-01 8.953600000000000447e-01 -3.749999999999999861e-03 8.953670000000000240e-01 -4.453179999999999916e-01 3.269999999999999903e-03
8.000000000000000000e+00 2.500000000000000000e+01 8.000000000000000000e+00 0.000000000000000000e+00 1.600000000000000089e+00 1.227999999999999925e-03 3.586999999999999911e-03 -9.999930000000000208e-01 4.472650000000000237e-01 8.943940000000000223e-01 3.756999999999999923e-03 8.944010000000000016e-01 -4.472659999999999969e-01 -5.060000000000000478e-04
1.200000000000000000e+01 2.500000000000000000e+01 8.000000000000000000e+00 0.000000000000000000e+00 1.600000000000000089e+00 5.739999999999999660e-04 2.075000000000000022e-03 -9.999980000000000535e-01 4.480419999999999958e-01 8.940099999999999714e-01 2.112999999999999861e-03 8.940120000000000289e-01 -4.480419999999999958e-01 -4.159999999999999744e-04
2.000000000000000000e+01 2.500000000000000000e+01 8.000000000000000000e+00 0.000000000000000000e+00 1.600000000000000089e+00 1.600000000000000131e-04 -7.359000000000000090e-03 -9.999730000000000008e-01 4.483219999999999983e-01 8.938490000000000046e-01 -6.505999999999999631e-03 8.938719999999999999e-01 -4.483090000000000130e-01 3.442999999999999880e-03
2.700000000000000000e+01 2.500000000000000000e+01 8.000000000000000000e+00 0.000000000000000000e+00 1.600000000000000089e+00 1.123000000000000083e-03 6.452000000000000270e-03 -9.999789999999999512e-01 4.473449999999999926e-01 8.943400000000000238e-01 6.272999999999999930e-03 8.943609999999999616e-01 -4.473420000000000174e-01 -1.881999999999999992e-03
5.000000000000000000e+00 2.400000000000000000e+01 9.000000000000000000e+00 0.000000000000000000e+00 1.600000000000000089e+00 7.510000000000000399e-04 -3.134000000000000067e-03 -9.999949999999999672e-01 4.476459999999999884e-01 8.942069999999999741e-01 -2.467000000000000009e-03 8.942099999999999493e-01 -4.476419999999999844e-01 2.075000000000000022e-03
1.100000000000000000e+01 2.400000000000000000e+01 9.000000000000000000e+00 0.000000000000000000e+00 1.600000000000000089e+00 6.849999999999999535e-04 6.923999999999999599e-03 -9.999759999999999760e-01 4.509159999999999835e-01 8.925429999999999753e-01 6.488999999999999976e-03 8.925659999999999705e-01 -4.509090000000000042e-01 -2.511000000000000211e-03
1.900000000000000000e+01 2.400000000000000000e+01 9.000000000000000000e+00 0.000000000000000000e+00 1.600000000000000089e+00 2.369999999999999874e-04 -8.094000000000000500e-03 -9.999670000000000503e-01 4.515190000000000037e-01 8.922330000000000538e-01 -7.114999999999999797e-03 8.922609999999999708e-01 -4.515029999999999877e-01 3.866000000000000079e-03
2.600000000000000000e+01 2.400000000000000000e+01 9.000000000000000000e+00 0.000000000000000000e+00 1.600000000000000089e+00 9.470000000000000336e-04 5.101999999999999764e-03 -9.999869999999999592e-01 4.503199999999999981e-01 8.928530000000000078e-01 4.982000000000000317e-03 8.928669999999999662e-01 -4.503179999999999961e-01 -1.451999999999999949e-03
2.400000000000000000e+01 1.020000000000000000e+02 9.000000000000000000e+00 0.000000000000000000e+00 1.600000000000000089e+00 6.809999999999999647e-04 -5.919999999999999698e-04 1.000000000000000000e+00 9.200260000000000105e-01 3.918559999999999821e-01 -3.939999999999999817e-04 -3.918559999999999821e-01 9.200260000000000105e-01 8.120000000000000048e-04
1.100000000000000000e+01 1.200000000000000000e+01 1.000000000000000000e+01 0.000000000000000000e+00 1.600000000000000089e+00 1.500999999999999947e-03 1.982999999999999954e-03 -9.999970000000000248e-01 -5.535470000000000113e-01 -8.328140000000000542e-01 -2.481999999999999831e-03 -8.328160000000000007e-01 5.535489999999999577e-01 -1.520000000000000084e-04
1.600000000000000000e+01 1.200000000000000000e+01 1.000000000000000000e+01 0.000000000000000000e+00 1.600000000000000089e+00 -1.828999999999999897e-03 -8.918000000000000579e-03 -9.999590000000000423e-01 -5.519100000000000117e-01 -8.338609999999999634e-01 8.446000000000000382e-03 -8.339020000000000321e-01 5.519030000000000324e-01 -3.396999999999999846e-03
2.500000000000000000e+01 1.200000000000000000e+01 1.000000000000000000e+01 0.000000000000000000e+00 1.600000000000000089e+00 3.840000000000000097e-04 5.262000000000000184e-03 -9.999860000000000415e-01 -5.504909999999999526e-01 -8.348280000000000145e-01 -4.603999999999999586e-03 -8.348410000000000553e-01 5.504850000000000021e-01 2.576000000000000165e-03
1.600000000000000000e+01 3.100000000000000000e+01 1.200000000000000000e+01 0.000000000000000000e+00 1.600000000000000089e+00 5.330000000000000536e-04 2.180000000000000134e-04 1.000000000000000000e+00 3.625999999999999883e-03 9.999930000000000208e-01 -2.200000000000000078e-04 -9.999930000000000208e-01 3.625999999999999883e-03 5.320000000000000293e-04
2.900000000000000000e+01 3.100000000000000000e+01 1.200000000000000000e+01 0.000000000000000000e+00 1.600000000000000089e+00 -2.487000000000000061e-03 1.618999999999999996e-03 9.999959999999999960e-01 -3.836000000000000000e-03 9.999909999999999632e-01 -1.628000000000000107e-03 -9.999900000000000455e-01 -3.840000000000000097e-03 -2.481000000000000132e-03
8.000000000000000000e+00 3.200000000000000000e+01 1.400000000000000000e+01 0.000000000000000000e+00 1.600000000000000089e+00 2.827000000000000086e-03 -5.010000000000000347e-04 -9.999959999999999960e-01 9.648199999999999832e-02 9.953349999999999698e-01 -2.259999999999999910e-04 9.953309999999999658e-01 -9.648099999999999732e-02 2.861999999999999961e-03
1.400000000000000000e+01 3.200000000000000000e+01 1.400000000000000000e+01 0.000000000000000000e+00 1.600000000000000089e+00 2.311000000000000120e-03 6.499999999999999431e-05 -9.999970000000000248e-01 9.928499999999999825e-02 9.950590000000000268e-01 2.939999999999999905e-04 9.950560000000000516e-01 -9.928499999999999825e-02 2.292999999999999899e-03
1.900000000000000000e+01 1.160000000000000000e+02 1.600000000000000000e+01 0.000000000000000000e+00 1.600000000000000089e+00 -7.829999999999999504e-04 -6.000000000000000152e-06 1.000000000000000000e+00 6.557640000000000136e-01 7.549660000000000259e-01 5.180000000000000143e-04 -7.549660000000000259e-01 6.557640000000000136e-01 -5.869999999999999567e-04
2.000000000000000000e+00 2.000000000000000000e+00 1.900000000000000000e+01 0.000000000000000000e+00 1.600000000000000089e+00 -1.002999999999999985e-03 -4.222000000000000058e-03 -9.999909999999999632e-01 1.918430000000000135e-01 -9.814180000000000126e-01 3.950999999999999651e-03 -9.814249999999999918e-01 -1.918370000000000075e-01 1.794000000000000022e-03
6.000000000000000000e+00 2.000000000000000000e+00 1.900000000000000000e+01 0.000000000000000000e+00 1.600000000000000089e+00 5.959999999999999586e-04 -1.526000000000000013e-03 -9.999989999999999712e-01 1.882449999999999957e-01 -9.821210000000000218e-01 1.611000000000000019e-03 -9.821220000000000505e-01 -1.882459999999999967e-01 -2.990000000000000036e-04
1.000000000000000000e+01 2.000000000000000000e+00 1.900000000000000000e+01 0.000000000000000000e+00 1.600000000000000089e+00 -4.070000000000000267e-04 1.817999999999999955e-03 -9.999980000000000535e-01 1.887830000000000064e-01 -9.820170000000000288e-01 -1.861999999999999940e-03 -9.820189999999999753e-01 -1.887830000000000064e-01 5.700000000000000314e-05
1.800000000000000000e+01 2.000000000000000000e+00 1.900000000000000000e+01 0.000000000000000000e+00 1.600000000000000089e+00 -6.948000000000000183e-03 -1.425700000000000058e-02 -9.998740000000000405e-01 1.847880000000000078e-01 -9.826960000000000139e-01 1.272799999999999973e-02 -9.827540000000000164e-01 -1.846760000000000068e-01 9.461999999999999925e-03
2.500000000000000000e+01 2.000000000000000000e+00 1.900000000000000000e+01 0.000000000000000000e+00 1.600000000000000089e+00 8.159999999999999936e-04 -1.465499999999999962e-02 -9.998920000000000030e-01 1.829469999999999985e-01 -9.830149999999999721e-01 1.455700000000000049e-02 -9.831220000000000514e-01 -1.829389999999999905e-01 1.879000000000000028e-03
2.000000000000000000e+00 4.000000000000000000e+00 2.000000000000000000e+01 0.000000000000000000e+00 1.600000000000000089e+00 -1.093000000000000005e-03 -2.978999999999999877e-03 -9.999949999999999672e-01 2.876739999999999853e-01 -9.577250000000000485e-01 2.539000000000000024e-03 -9.577280000000000237e-01 -2.876699999999999813e-01 1.904000000000000093e-03
1.500000000000000000e+01 4.000000000000000000e+00 2.000000000000000000e+01 0.000000000000000000e+00 1.600000000000000089e+00 -5.054999999999999598e-03 -4.521999999999999978e-03 -9.999770000000000048e-01 2.778379999999999739e-01 -9.606230000000000047e-01 2.939999999999999905e-03 -9.606149999999999967e-01 -2.778169999999999806e-01 6.112000000000000245e-03
3.000000000000000000e+00 1.300000000000000000e+01 2.000000000000000000e+01 0.000000000000000000e+00 1.600000000000000089e+00 4.539999999999999765e-04 -2.422000000000000108e-03 9.999970000000000248e-01 2.565180000000000238e-01 9.665369999999999795e-01 2.223999999999999849e-03 -9.665390000000000370e-01 2.565160000000000218e-01 1.061000000000000094e-03
7.000000000000000000e+00 1.300000000000000000e+01 2.000000000000000000e+01 0.000000000000000000e+00 1.600000000000000089e+00 6.809999999999999647e-04 -2.369999999999999874e-04 1.000000000000000000e+00 2.560769999999999991e-01 9.666559999999999597e-01 5.500000000000000196e-05 -9.666559999999999597e-01 2.560769999999999991e-01 7.190000000000000210e-04
1.000000000000000000e+01 1.300000000000000000e+01 2.000000000000000000e+01 0.000000000000000000e+00 1.600000000000000089e+00 6.099999999999999737e-04 -8.580000000000000387e-04 9.999989999999999712e-01 2.549779999999999824e-01 9.669470000000000010e-01 6.740000000000000114e-04 -9.669470000000000010e-01 2.549770000000000092e-01 8.090000000000000403e-04
1.400000000000000000e+01 1.300000000000000000e+01 2.000000000000000000e+01 0.000000000000000000e+00 1.600000000000000089e+00 -1.562000000000000020e-03 2.394999999999999993e-03 9.999959999999999960e-01 2.527190000000000270e-01 9.675380000000000091e-01 -1.922000000000000097e-03 -9.675390000000000379e-01 2.527150000000000230e-01 -2.115999999999999825e-03
2.200000000000000000e+01 1.300000000000000000e+01 2.000000000000000000e+01 0.000000000000000000e+00 1.600000000000000089e+00 -2.766999999999999928e-03 -7.484000000000000201e-03 9.999679999999999680e-01 2.552050000000000152e-01 9.668539999999999912e-01 7.943000000000000407e-03 -9.668830000000000480e-01 2.552189999999999737e-01 -7.659999999999999708e-04
2.800000000000000000e+01 1.300000000000000000e+01 2.000000000000000000e+01 0.000000000000000000e+00 1.600000000000000089e+00 4.730000000000000046e-04 -3.308000000000000176e-03 9.999940000000000495e-01 2.566890000000000005e-01 9.664890000000000425e-01 3.076000000000000175e-03 -9.664939999999999642e-01 2.566860000000000253e-01 1.306000000000000086e-03
2.000000000000000000e+00 3.000000000000000000e+00 2.500000000000000000e+01 0.000000000000000000e+00 1.600000000000000089e+00 5.410000000000000312e-04 1.613999999999999983e-03 9.999989999999999712e-01 -8.162200000000000011e-02 -9.966620000000000479e-01 1.652000000000000040e-03 9.966629999999999656e-01 -8.162300000000000111e-02 -4.079999999999999968e-04
1.000000000000000000e+01 3.000000000000000000e+00 2.500000000000000000e+01 0.000000000000000000e+00 1.600000000000000089e+00 5.569999999999999864e-04 -5.810000000000000277e-04 1.000000000000000000e+00 -7.522299999999999820e-02 -9.971670000000000256e-01 -5.379999999999999583e-04 9.971670000000000256e-01 -7.522299999999999820e-02 -5.990000000000000316e-04
1.600000000000000000e+01 3.000000000000000000e+00 2.500000000000000000e+01 0.000000000000000000e+00 1.600000000000000089e+00 -2.435000000000000098e-03 -9.726999999999999535e-03 9.999500000000000055e-01 -7.056300000000000072e-02 -9.974579999999999558e-01 -9.874000000000000832e-03 9.975039999999999463e-01 -7.058300000000000685e-02 1.742000000000000059e-03
2.600000000000000000e+01 3.000000000000000000e+00 2.500000000000000000e+01 0.000000000000000000e+00 1.600000000000000089e+00 -2.329999999999999986e-04 -1.237399999999999958e-02 9.999230000000000063e-01 -6.543599999999999417e-02 -9.977800000000000002e-01 -1.236300000000000072e-02 9.978569999999999940e-01 -6.543400000000000605e-02 -5.770000000000000389e-04
9.000000000000000000e+00 4.600000000000000000e+01 2.700000000000000000e+01 0.000000000000000000e+00 1.600000000000000089e+00 -2.300000000000000002e-05 4.970000000000000459e-04 -1.000000000000000000e+00 6.717290000000000205e-01 7.407970000000000388e-01 3.530000000000000152e-04 7.407970000000000388e-01 -6.717290000000000205e-01 -3.510000000000000208e-04
1.600000000000000000e+01 4.600000000000000000e+01 2.700000000000000000e+01 0.000000000000000000e+00 1.600000000000000089e+00 -1.330999999999999935e-03 3.209999999999999963e-04 -9.999989999999999712e-01 6.719760000000000177e-01 7.405730000000000368e-01 -6.570000000000000319e-04 7.405720000000000081e-01 -6.719760000000000177e-01 -1.201999999999999943e-03
2.200000000000000000e+01 4.600000000000000000e+01 2.700000000000000000e+01 0.000000000000000000e+00 1.600000000000000089e+00 -2.680000000000000090e-04 -1.088999999999999907e-03 -9.999989999999999712e-01 6.718370000000000175e-01 7.406979999999999675e-01 -9.870000000000000301e-04 7.406989999999999963e-01 -6.718370000000000175e-01 5.330000000000000536e-04
1.200000000000000000e+01 4.600000000000000000e+01 3.000000000000000000e+01 0.000000000000000000e+00 1.600000000000000089e+00 1.057999999999999913e-03 -3.589999999999999984e-04 -9.999989999999999712e-01 3.300919999999999965e-01 9.439490000000000380e-01 1.099999999999999971e-05 9.439480000000000093e-01 -3.300910000000000233e-01 1.116999999999999937e-03
3.000000000000000000e+00 5.800000000000000000e+01 3.100000000000000000e+01 0.000000000000000000e+00 1.600000000000000089e+00 1.985999999999999918e-03 -5.389999999999999826e-04 9.999980000000000535e-01 -8.042620000000000324e-01 -5.942730000000000512e-01 1.276999999999999923e-03 5.942709999999999937e-01 -8.042629999999999502e-01 -1.613999999999999983e-03
8.000000000000000000e+00 5.800000000000000000e+01 3.100000000000000000e+01 0.000000000000000000e+00 1.600000000000000089e+00 4.155999999999999972e-03 2.752999999999999805e-03 9.999879999999999880e-01 -8.001310000000000366e-01 -5.998040000000000038e-01 4.976999999999999653e-03 5.998099999999999543e-01 -8.001420000000000199e-01 -2.889999999999999774e-04
1.200000000000000000e+01 5.800000000000000000e+01 3.100000000000000000e+01 0.000000000000000000e+00 1.600000000000000089e+00 4.600000000000000004e-05 2.390000000000000089e-04 1.000000000000000000e+00 -7.965069999999999650e-01 -6.046289999999999720e-01 1.810000000000000085e-04 6.046289999999999720e-01 -7.965069999999999650e-01 1.630000000000000047e-04
1.600000000000000000e+01 5.800000000000000000e+01 3.100000000000000000e+01 0.000000000000000000e+00 1.600000000000000089e+00 -2.132999999999999913e-03 -4.847999999999999879e-03 9.999860000000000415e-01 -7.960970000000000546e-01 -6.051509999999999945e-01 -4.631999999999999833e-03 6.051649999999999530e-01 -7.960960000000000258e-01 -2.569000000000000103e-03
1.900000000000000000e+01 5.800000000000000000e+01 3.100000000000000000e+01 0.000000000000000000e+00 1.600000000000000089e+00 -3.795999999999999895e-03 -4.531000000000000305e-03 9.999829999999999552e-01 -7.968330000000000135e-01 -6.041720000000000423e-01 -5.761999999999999761e-03 6.041879999999999473e-01 -7.968410000000000215e-01 -1.317000000000000028e-03
2.400000000000000000e+01 5.800000000000000000e+01 3.100000000000000000e+01 0.000000000000000000e+00 1.600000000000000089e+00 -5.050999999999999934e-03 -2.344000000000000163e-03 9.999850000000000128e-01 -8.008669999999999956e-01 -5.988170000000000437e-01 -5.449999999999999983e-03 5.988200000000000189e-01 -8.008830000000000116e-01 1.147000000000000016e-03
2.900000000000000000e+01 5.800000000000000000e+01 3.100000000000000000e+01 0.000000000000000000e+00 1.600000000000000089e+00 -1.338999999999999913e-03 -3.873999999999999840e-03 9.999919999999999920e-01 -7.991350000000000398e-01 -6.011419999999999542e-01 -3.399000000000000112e-03 6.011499999999999622e-01 -7.991329999999999822e-01 -2.291000000000000068e-03
5.000000000000000000e+00 2.300000000000000000e+01 3.400000000000000000e+01 0.000000000000000000e+00 1.600000000000000089e+00 -1.315999999999999896e-03 -1.868000000000000086e-03 9.999970000000000248e-01 4.006149999999999989e-01 -9.162460000000000049e-01 -1.185000000000000072e-03 9.162449999999999761e-01 4.006129999999999969e-01 1.954000000000000008e-03
7.000000000000000000e+00 2.300000000000000000e+01 3.400000000000000000e+01 0.000000000000000000e+00 1.600000000000000089e+00 -3.559999999999999797e-04 -5.326000000000000005e-03 9.999860000000000415e-01 3.997399999999999842e-01 -9.166159999999999863e-01 -4.740000000000000289e-03 9.166279999999999983e-01 3.997330000000000050e-01 2.455000000000000151e-03
1.400000000000000000e+01 2.300000000000000000e+01 3.400000000000000000e+01 0.000000000000000000e+00 1.600000000000000089e+00 1.502999999999999996e-03 2.874999999999999951e-03 9.999949999999999672e-01 4.081299999999999928e-01 -9.129209999999999825e-01 2.011000000000000201e-03 9.129230000000000400e-01 4.081250000000000155e-01 -2.546000000000000086e-03
5.000000000000000000e+00 4.600000000000000000e+01 3.500000000000000000e+01 0.000000000000000000e+00 1.600000000000000089e+00 1.550000000000000000e-04 -5.460000000000000443e-04 -1.000000000000000000e+00 3.920440000000000036e-01 -9.199460000000000415e-01 5.630000000000000239e-04 -9.199469999999999592e-01 -3.920440000000000036e-01 7.200000000000000182e-05
9.000000000000000000e+00 4.600000000000000000e+01 3.500000000000000000e+01 0.000000000000000000e+00 1.600000000000000089e+00 -7.569999999999999689e-04 -8.649999999999999920e-04 -9.999989999999999712e-01 3.917129999999999779e-01 -9.200869999999999882e-01 5.000000000000000104e-04 -9.200869999999999882e-01 -3.917120000000000046e-01 1.034999999999999896e-03
1.600000000000000000e+01 4.600000000000000000e+01 3.500000000000000000e+01 0.000000000000000000e+00 1.600000000000000089e+00 -3.710000000000000190e-04 3.569000000000000124e-03 -9.999940000000000495e-01 3.942689999999999806e-01 -9.189889999999999448e-01 -3.425999999999999792e-03 -9.189950000000000063e-01 -3.942680000000000073e-01 -1.066000000000000107e-03
2.100000000000000000e+01 4.600000000000000000e+01 3.500000000000000000e+01 0.000000000000000000e+00 1.600000000000000089e+00 1.546000000000000065e-03 4.995000000000000308e-03 -9.999860000000000415e-01 3.957350000000000034e-01 -9.183559999999999501e-01 -3.975000000000000235e-03 -9.183630000000000404e-01 -3.957240000000000202e-01 -3.396999999999999846e-03
2.800000000000000000e+01 4.600000000000000000e+01 3.500000000000000000e+01 0.000000000000000000e+00 1.600000000000000089e+00 -2.848999999999999970e-03 1.969999999999999909e-04 -9.999959999999999960e-01 3.944980000000000153e-01 -9.188960000000000461e-01 -1.304999999999999953e-03 -9.188920000000000421e-01 -3.945000000000000173e-01 2.540999999999999856e-03
3.000000000000000000e+00 9.500000000000000000e+01 3.600000000000000000e+01 0.000000000000000000e+00 1.600000000000000089e+00 -5.964999999999999816e-03 9.199999999999999845e-03 9.999400000000000510e-01 9.975309999999999455e-01 7.002800000000000691e-02 5.307000000000000085e-03 -6.997499999999999554e-02 9.975030000000000285e-01 -9.594999999999999363e-03
8.000000000000000000e+00 9.500000000000000000e+01 3.600000000000000000e+01 0.000000000000000000e+00 1.600000000000000089e+00 -7.262000000000000226e-03 -9.058000000000000079e-03 9.999329999999999607e-01 9.975629999999999775e-01 6.932299999999999573e-02 7.872999999999999790e-03 -6.938999999999999335e-02 9.975530000000000230e-01 8.531999999999999654e-03
1.400000000000000000e+01 9.500000000000000000e+01 3.600000000000000000e+01 0.000000000000000000e+00 1.600000000000000089e+00 -1.350799999999999917e-02 -6.596000000000000300e-03 9.998869999999999703e-01 9.980970000000000120e-01 6.007900000000000046e-02 1.387999999999999998e-02 -6.016400000000000220e-02 9.981719999999999482e-01 5.772000000000000221e-03
2.000000000000000000e+01 9.500000000000000000e+01 3.600000000000000000e+01 0.000000000000000000e+00 1.600000000000000089e+00 8.267000000000000043e-03 2.033599999999999991e-02 9.997589999999999533e-01 9.983699999999999797e-01 5.629900000000000182e-02 -9.400000000000000369e-03 -5.647699999999999942e-02 9.982069999999999554e-01 -1.983700000000000047e-02
2.600000000000000000e+01 9.500000000000000000e+01 3.600000000000000000e+01 0.000000000000000000e+00 1.600000000000000089e+00 7.082999999999999886e-03 1.156699999999999916e-02 9.999080000000000190e-01 9.981309999999999905e-01 6.061799999999999827e-02 -7.772000000000000262e-03 -6.070199999999999901e-02 9.980940000000000367e-01 -1.111599999999999915e-02
3.000000000000000000e+01 9.500000000000000000e+01 3.600000000000000000e+01 0.000000000000000000e+00 1.600000000000000089e+00 5.150000000000000064e-03 6.582000000000000177e-03 9.999649999999999928e-01 9.976190000000000335e-01 6.873799999999999355e-02 -5.590000000000000351e-03 -6.877199999999999980e-02 9.976129999999999720e-01 -6.211999999999999640e-03
2.000000000000000000e+00 2.900000000000000000e+01 4.400000000000000000e+01 0.000000000000000000e+00 1.600000000000000089e+00 8.360000000000000460e-04 -1.363000000000000062e-03 -9.999989999999999712e-01 6.696159999999999890e-01 7.427070000000000061e-01 -4.530000000000000064e-04 7.427070000000000061e-01 -6.696149999999999602e-01 1.533000000000000074e-03
6.000000000000000000e+00 2.900000000000000000e+01 4.400000000000000000e+01 0.000000000000000000e+00 1.600000000000000089e+00 2.746000000000000177e-03 3.158000000000000217e-03 -9.999909999999999632e-01 6.689650000000000318e-01 7.432819999999999983e-01 4.185000000000000352e-03 7.432889999999999775e-01 -6.689709999999999823e-01 -7.100000000000000462e-05
1.600000000000000000e+01 2.900000000000000000e+01 4.400000000000000000e+01 0.000000000000000000e+00 1.600000000000000089e+00 -9.009999999999999997e-04 -5.360000000000000181e-04 -9.999989999999999712e-01 6.576570000000000471e-01 7.533170000000000144e-01 -9.959999999999999236e-04 7.533170000000000144e-01 -6.576579999999999648e-01 -3.260000000000000094e-04
2.000000000000000000e+01 2.900000000000000000e+01 4.400000000000000000e+01 0.000000000000000000e+00 1.600000000000000089e+00 -1.779999999999999898e-04 2.988000000000000204e-03 -9.999959999999999960e-01 6.530510000000000481e-01 7.573109999999999564e-01 2.145999999999999904e-03 7.573140000000000427e-01 -6.530479999999999619e-01 -2.086000000000000180e-03
2.300000000000000000e+01 2.900000000000000000e+01 4.400000000000000000e+01 0.000000000000000000e+00 1.600000000000000089e+00 -1.722999999999999922e-03 3.370000000000000057e-04 -9.999989999999999712e-01 6.554109999999999658e-01 7.552720000000000544e-01 -8.750000000000000182e-04 7.552699999999999969e-01 -6.554119999999999946e-01 -1.521999999999999915e-03
2.700000000000000000e+01 2.900000000000000000e+01 4.400000000000000000e+01 0.000000000000000000e+00 1.600000000000000089e+00 -3.299999999999999982e-03 -1.729000000000000068e-03 -9.999930000000000208e-01 6.593229999999999924e-01 7.518519999999999648e-01 -3.474999999999999790e-03 7.518529999999999935e-01 -6.593299999999999716e-01 -1.340999999999999961e-03
2.600000000000000000e+01 7.000000000000000000e+01 4.700000000000000000e+01 0.000000000000000000e+00 1.600000000000000089e+00 1.909000000000000107e-03 -1.730999999999999900e-03 -9.999970000000000248e-01 -8.450090000000000101e-01 -5.347520000000000051e-01 -6.880000000000000265e-04 -5.347490000000000299e-01 8.450069999999999526e-01 -2.482999999999999964e-03
4.000000000000000000e+00 5.000000000000000000e+00 5.100000000000000000e+01 0.000000000000000000e+00 1.600000000000000089e+00 3.227999999999999967e-03 -1.070999999999999903e-03 -9.999940000000000495e-01 4.886340000000000128e-01 -8.724849999999999550e-01 2.511999999999999910e-03 -8.724830000000000085e-01 -4.886400000000000188e-01 -2.292999999999999899e-03
8.000000000000000000e+00 5.000000000000000000e+00 5.100000000000000000e+01 0.000000000000000000e+00 1.600000000000000089e+00 9.529999999999999626e-04 -8.666000000000000092e-03 -9.999620000000000175e-01 4.884560000000000013e-01 -8.725519999999999943e-01 8.028000000000000413e-03 -8.725880000000000303e-01 -4.884450000000000180e-01 3.402000000000000076e-03
1.100000000000000000e+01 5.000000000000000000e+00 5.100000000000000000e+01 0.000000000000000000e+00 1.600000000000000089e+00 1.570999999999999914e-03 -5.510000000000000141e-03 -9.999839999999999840e-01 4.873319999999999874e-01 -8.731989999999999474e-01 5.577000000000000360e-03 -8.732159999999999922e-01 -4.873319999999999874e-01 1.314000000000000064e-03
1.500000000000000000e+01 5.000000000000000000e+00 5.100000000000000000e+01 0.000000000000000000e+00 1.600000000000000089e+00 8.239999999999999712e-04 -3.867000000000000211e-03 -9.999919999999999920e-01 4.820949999999999958e-01 -8.761109999999999731e-01 3.785999999999999869e-03 -8.761189999999999811e-01 -4.820940000000000225e-01 1.142000000000000003e-03
2.100000000000000000e+01 5.000000000000000000e+00 5.100000000000000000e+01 0.000000000000000000e+00 1.600000000000000089e+00 -4.695000000000000388e-03 -1.484300000000000029e-02 -9.998789999999999623e-01 4.847049999999999970e-01 -8.746119999999999450e-01 1.070800000000000050e-02 -8.746650000000000258e-01 -4.845960000000000267e-01 1.129999999999999928e-02
2.400000000000000000e+01 6.000000000000000000e+00 5.100000000000000000e+01 0.000000000000000000e+00 1.600000000000000089e+00 -4.262000000000000163e-03 -1.616199999999999928e-02 -9.998599999999999710e-01 3.164150000000000018e-01 -9.485179999999999723e-01 1.398300000000000064e-02 -9.486109999999999820e-01 -3.163110000000000088e-01 9.157000000000000209e-03
2.800000000000000000e+01 6.000000000000000000e+00 5.100000000000000000e+01 0.000000000000000000e+00 1.600000000000000089e+00 -5.734000000000000381e-03 -1.525199999999999993e-02 -9.998669999999999503e-01 3.129899999999999904e-01 -9.496719999999999606e-01 1.269099999999999916e-02 -9.497389999999999999e-01 -3.128750000000000142e-01 1.021999999999999992e-02
2.900000000000000000e+01 1.150000000000000000e+02 5.100000000000000000e+01 0.000000000000000000e+00 1.600000000000000089e+00 -5.775999999999999884e-03 -1.657899999999999999e-02 9.998460000000000125e-01 8.444779999999999509e-01 -5.355750000000000233e-01 -4.002000000000000349e-03 5.355579999999999785e-01 8.443249999999999922e-01 1.709400000000000155e-02
3.000000000000000000e+01 7.000000000000000000e+00 5.200000000000000000e+01 0.000000000000000000e+00 1.600000000000000089e+00 -8.389999999999999888e-03 -1.257499999999999937e-02 -9.998860000000000525e-01 1.126780000000000004e-01 -9.935640000000000027e-01 1.154999999999999950e-02 -9.935960000000000347e-01 -1.125680000000000014e-01 9.752999999999999517e-03
2.000000000000000000e+00 6.300000000000000000e+01 5.400000000000000000e+01 0.000000000000000000e+00 1.600000000000000089e+00 -8.260000000000000198e-04 -2.390999999999999896e-03 9.999970000000000248e-01 -3.522850000000000148e-01 9.358910000000000284e-01 1.946999999999999946e-03 -9.358919999999999462e-01 -3.522819999999999840e-01 -1.614999999999999899e-03
6.000000000000000000e+00 6.300000000000000000e+01 5.400000000000000000e+01 0.000000000000000000e+00 1.600000000000000089e+00 1.304999999999999953e-03 3.599000000000000202e-03 9.999930000000000208e-01 -3.499380000000000268e-01 9.367680000000000451e-01 -2.915000000000000056e-03 -9.367720000000000491e-01 -3.499320000000000208e-01 2.481999999999999831e-03
1.000000000000000000e+01 6.300000000000000000e+01 5.400000000000000000e+01 0.000000000000000000e+00 1.600000000000000089e+00 2.030000000000000012e-04 1.226000000000000093e-03 9.999989999999999712e-01 -3.530249999999999777e-01 9.356130000000000280e-01 -1.075000000000000001e-03 -9.356139999999999457e-01 -3.530240000000000045e-01 6.229999999999999644e-04
1.300000000000000000e+01 6.300000000000000000e+01 5.400000000000000000e+01 0.000000000000000000e+00 1.600000000000000089e+00 -4.389999999999999914e-04 -2.129999999999999949e-03 9.999980000000000535e-01 -3.536380000000000079e-01 9.353799999999999892e-01 1.837000000000000091e-03 -9.353820000000000467e-01 -3.536369999999999791e-01 -1.164000000000000104e-03
1.800000000000000000e+01 6.300000000000000000e+01 5.400000000000000000e+01 0.000000000000000000e+00 1.600000000000000089e+00 -1.075000000000000001e-03 2.109000000000000197e-03 9.999970000000000248e-01 -3.515789999999999749e-01 9.361549999999999594e-01 -2.351999999999999924e-03 -9.361580000000000457e-01 -3.515809999999999769e-01 -2.649999999999999903e-04
2.800000000000000000e+01 6.300000000000000000e+01 5.400000000000000000e+01 0.000000000000000000e+00 1.600000000000000089e+00 -1.979999999999999989e-03 -2.586000000000000191e-03 9.999949999999999672e-01 -3.427370000000000139e-01 9.394299999999999873e-01 1.750000000000000036e-03 -9.394289999999999585e-01 -3.427319999999999811e-01 -2.746000000000000177e-03
8.000000000000000000e+00 2.500000000000000000e+01 5.500000000000000000e+01 0.000000000000000000e+00 1.600000000000000089e+00 -6.049999999999999606e-04 1.810000000000000085e-04 -1.000000000000000000e+00 -1.219600000000000024e-02 -9.999259999999999815e-01 -1.730000000000000038e-04 -9.999249999999999527e-01 1.219600000000000024e-02 6.070000000000000092e-04
2.800000000000000000e+01 2.000000000000000000e+01 6.000000000000000000e+01 0.000000000000000000e+00 1.600000000000000089e+00 3.539999999999999853e-04 -1.402899999999999980e-02 9.999019999999999575e-01 -6.209100000000000036e-02 9.979719999999999702e-01 1.402400000000000001e-02 -9.980700000000000127e-01 -6.208999999999999936e-02 -5.169999999999999899e-04
1.800000000000000000e+01 2.100000000000000000e+01 6.000000000000000000e+01 0.000000000000000000e+00 1.600000000000000089e+00 -5.789999999999999791e-04 -4.506999999999999722e-03 9.999900000000000455e-01 -9.913199999999999790e-02 9.950639999999999485e-01 4.427999999999999645e-03 -9.950740000000000141e-01 -9.912899999999999490e-02 -1.023000000000000038e-03
2.400000000000000000e+01 2.100000000000000000e+01 6.000000000000000000e+01 0.000000000000000000e+00 1.600000000000000089e+00 -8.030000000000000028e-04 -7.919000000000000691e-03 9.999679999999999680e-01 -9.761799999999999644e-02 9.951929999999999943e-01 7.801999999999999907e-03 -9.952239999999999975e-01 -9.760800000000000032e-02 -1.572000000000000047e-03
2.900000000000000000e+01 2.100000000000000000e+01 6.000000000000000000e+01 0.000000000000000000e+00 1.600000000000000089e+00 1.178999999999999927e-03 -1.441500000000000073e-02 9.998949999999999783e-01 -9.580700000000000327e-02 9.952950000000000408e-01 1.446199999999999916e-02 -9.953990000000000338e-01 -9.581399999999999639e-02 -2.069999999999999900e-04
3.000000000000000000e+00 2.700000000000000000e+01 6.300000000000000000e+01 0.000000000000000000e+00 1.600000000000000089e+00 3.282999999999999894e-03 3.890000000000000228e-04 9.999949999999999672e-01 -2.671649999999999858e-01 9.636510000000000353e-01 5.019999999999999506e-04 -9.636449999999999738e-01 -2.671660000000000146e-01 3.268000000000000071e-03
7.000000000000000000e+00 2.700000000000000000e+01 6.300000000000000000e+01 0.000000000000000000e+00 1.600000000000000089e+00 2.560000000000000209e-03 4.850000000000000253e-04 9.999970000000000248e-01 -2.683690000000000242e-01 9.633159999999999501e-01 2.200000000000000078e-04 -9.633129999999999749e-01 -2.683690000000000242e-01 2.595999999999999783e-03
1.200000000000000000e+01 2.700000000000000000e+01 6.300000000000000000e+01 0.000000000000000000e+00 1.600000000000000089e+00 -1.994000000000000113e-03 7.807999999999999836e-03 9.999679999999999680e-01 -2.701609999999999845e-01 9.627809999999999979e-01 -8.056999999999999926e-03 -9.628130000000000299e-01 -2.701689999999999925e-01 1.900000000000000105e-04
1.700000000000000000e+01 2.700000000000000000e+01 6.300000000000000000e+01 0.000000000000000000e+00 1.600000000000000089e+00 5.209999999999999788e-04 -9.820000000000000170e-04 9.999989999999999712e-01 -2.741709999999999980e-01 9.616799999999999793e-01 1.087000000000000076e-03 -9.616810000000000080e-01 -2.741709999999999980e-01 2.320000000000000014e-04
2.200000000000000000e+01 2.700000000000000000e+01 6.300000000000000000e+01 0.000000000000000000e+00 1.600000000000000089e+00 -3.380000000000000192e-03 -4.275000000000000154e-03 9.999850000000000128e-01 -2.739849999999999786e-01 9.617289999999999450e-01 3.186000000000000030e-03 -9.617280000000000273e-01 -2.739699999999999913e-01 -4.421999999999999716e-03
2.900000000000000000e+01 2.700000000000000000e+01 6.300000000000000000e+01 0.000000000000000000e+00 1.600000000000000089e+00 2.039999999999999984e-04 -2.998999999999999930e-03 9.999959999999999960e-01 -2.786850000000000160e-01 9.603779999999999539e-01 2.936999999999999941e-03 -9.603829999999999867e-01 -2.786850000000000160e-01 -6.400000000000000524e-04
3.000000000000000000e+00 2.600000000000000000e+01 6.400000000000000000e+01 0.000000000000000000e+00 1.600000000000000089e+00 3.141999999999999828e-03 1.953000000000000092e-03 9.999930000000000208e-01 -3.489570000000000172e-01 9.371380000000000265e-01 -7.339999999999999520e-04 -9.371329999999999938e-01 -3.489530000000000132e-01 3.625999999999999883e-03
8.000000000000000000e+00 2.600000000000000000e+01 6.400000000000000000e+01 0.000000000000000000e+00 1.600000000000000089e+00 1.592000000000000099e-03 1.353000000000000036e-03 9.999980000000000535e-01 -3.493490000000000206e-01 9.369920000000000471e-01 -7.110000000000000434e-04 -9.369910000000000183e-01 -3.493470000000000186e-01 1.965000000000000167e-03
1.100000000000000000e+01 2.600000000000000000e+01 6.400000000000000000e+01 0.000000000000000000e+00 1.600000000000000089e+00 -1.562999999999999936e-03 5.915000000000000119e-03 9.999810000000000088e-01 -3.520820000000000061e-01 9.359490000000000309e-01 -6.087000000000000396e-03 -9.359680000000000222e-01 -3.520849999999999813e-01 6.199999999999999999e-04
1.600000000000000000e+01 2.600000000000000000e+01 6.400000000000000000e+01 0.000000000000000000e+00 1.600000000000000089e+00 5.039999999999999992e-04 2.624000000000000030e-03 9.999959999999999960e-01 -3.573979999999999935e-01 9.339490000000000292e-01 -2.271000000000000015e-03 -9.339520000000000044e-01 -3.573959999999999915e-01 1.407999999999999963e-03
2.100000000000000000e+01 2.600000000000000000e+01 6.400000000000000000e+01 0.000000000000000000e+00 1.600000000000000089e+00 -2.105000000000000100e-03 -2.956999999999999993e-03 9.999930000000000208e-01 -3.554919999999999747e-01 9.346769999999999801e-01 2.014999999999999864e-03 -9.346769999999999801e-01 -3.554849999999999954e-01 -3.017999999999999849e-03
3.000000000000000000e+01 2.600000000000000000e+01 6.400000000000000000e+01 0.000000000000000000e+00 1.600000000000000089e+00 1.361000000000000014e-03 -2.573999999999999899e-03 9.999959999999999960e-01 -3.622400000000000064e-01 9.320810000000000484e-01 2.892000000000000039e-03 -9.320840000000000236e-01 -3.622420000000000084e-01 3.359999999999999814e-04
5.000000000000000000e+00 2.500000000000000000e+01 7.300000000000000000e+01 0.000000000000000000e+00 1.600000000000000089e+00 1.113999999999999973e-03 2.079999999999999872e-04 9.999989999999999712e-01 7.423929999999999696e-01 -6.699640000000000040e-01 -6.880000000000000265e-04 6.699640000000000040e-01 7.423929999999999696e-01 -9.009999999999999997e-04
1.200000000000000000e+01 2.500000000000000000e+01 7.300000000000000000e+01 0.000000000000000000e+00 1.600000000000000089e+00 -1.294000000000000011e-03 5.339999999999999695e-04 9.999989999999999712e-01 7.438730000000000064e-01 -6.683200000000000252e-01 1.319999999999999993e-03 6.683200000000000252e-01 7.438740000000000352e-01 4.679999999999999915e-04
1.800000000000000000e+01 2.500000000000000000e+01 7.300000000000000000e+01 0.000000000000000000e+00 1.600000000000000089e+00 9.009999999999999997e-04 1.704000000000000003e-03 9.999980000000000535e-01 7.456850000000000422e-01 -6.662989999999999746e-01 4.640000000000000027e-04 6.662979999999999459e-01 7.456829999999999847e-01 -1.871000000000000050e-03
2.300000000000000000e+01 2.500000000000000000e+01 7.300000000000000000e+01 0.000000000000000000e+00 1.600000000000000089e+00 9.500000000000000523e-05 -5.890000000000000053e-04 1.000000000000000000e+00 7.499190000000000023e-01 -6.615299999999999514e-01 -4.609999999999999840e-04 6.615299999999999514e-01 7.499179999999999735e-01 3.789999999999999966e-04
2.900000000000000000e+01 2.500000000000000000e+01 7.300000000000000000e+01 0.000000000000000000e+00 1.600000000000000089e+00 3.200000000000000153e-03 3.921000000000000006e-03 9.999869999999999592e-01 7.475190000000000445e-01 -6.642400000000000526e-01 2.120000000000000031e-04 6.642320000000000446e-01 7.475089999999999790e-01 -5.056999999999999863e-03
1.000000000000000000e+00 4.400000000000000000e+01 7.300000000000000000e+01 0.000000000000000000e+00 1.600000000000000089e+00 5.320000000000000293e-04 -4.479999999999999933e-04 1.000000000000000000e+00 4.385100000000000109e-02 -9.990379999999999816e-01 -4.710000000000000102e-04 9.990379999999999816e-01 4.385200000000000209e-02 -5.119999999999999768e-04
6.000000000000000000e+00 4.400000000000000000e+01 7.300000000000000000e+01 0.000000000000000000e+00 1.600000000000000089e+00 -1.259999999999999998e-04 -1.214999999999999934e-03 9.999989999999999712e-01 4.344400000000000345e-02 -9.990550000000000264e-01 -1.208000000000000089e-03 9.990560000000000551e-01 4.344400000000000345e-02 1.789999999999999870e-04
1.100000000000000000e+01 4.400000000000000000e+01 7.300000000000000000e+01 0.000000000000000000e+00 1.600000000000000089e+00 3.020000000000000223e-04 -6.980000000000000527e-04 1.000000000000000000e+00 4.619700000000000195e-02 -9.989320000000000421e-01 -7.110000000000000434e-04 9.989320000000000421e-01 4.619700000000000195e-02 -2.689999999999999791e-04
1.500000000000000000e+01 4.400000000000000000e+01 7.300000000000000000e+01 0.000000000000000000e+00 1.600000000000000089e+00 2.460000000000000164e-04 -2.364999999999999915e-03 9.999970000000000248e-01 4.755899999999999711e-02 -9.988660000000000316e-01 -2.373999999999999808e-03 9.988679999999999781e-01 4.755899999999999711e-02 -1.330000000000000073e-04
1.700000000000000000e+01 4.400000000000000000e+01 7.300000000000000000e+01 0.000000000000000000e+00 1.600000000000000089e+00 2.689999999999999791e-04 -1.420000000000000038e-03 9.999989999999999712e-01 4.803000000000000325e-02 -9.988449999999999829e-01 -1.430999999999999980e-03 9.988460000000000116e-01 4.803000000000000325e-02 -2.000000000000000096e-04
2.000000000000000000e+01 4.400000000000000000e+01 7.300000000000000000e+01 0.000000000000000000e+00 1.600000000000000089e+00 4.519999999999999821e-04 6.600000000000000506e-05 1.000000000000000000e+00 4.892400000000000221e-02 -9.988029999999999964e-01 4.399999999999999886e-05 9.988019999999999676e-01 4.892400000000000221e-02 -4.550000000000000008e-04
2.600000000000000000e+01 4.400000000000000000e+01 7.300000000000000000e+01 0.000000000000000000e+00 1.600000000000000089e+00 -4.180000000000000230e-04 -5.479999999999999845e-04 1.000000000000000000e+00 4.838499999999999746e-02 -9.988289999999999669e-01 -5.270000000000000162e-04 9.988289999999999669e-01 4.838499999999999746e-02 4.440000000000000045e-04
4.000000000000000000e+00 1.600000000000000000e+01 7.400000000000000000e+01 0.000000000000000000e+00 1.600000000000000089e+00 -2.339999999999999958e-04 -8.108999999999999889e-03 -9.999670000000000503e-01 -3.181390000000000051e-01 -9.480119999999999658e-01 7.761999999999999802e-03 -9.480439999999999978e-01 3.181300000000000239e-01 -2.357000000000000154e-03
1.700000000000000000e+01 2.500000000000000000e+01 7.400000000000000000e+01 0.000000000000000000e+00 1.600000000000000089e+00 -1.830000000000000029e-04 2.137000000000000011e-03 9.999980000000000535e-01 8.214930000000000287e-01 -5.702169999999999739e-01 1.368000000000000075e-03 5.702180000000000026e-01 8.214920000000000000e-01 -1.650999999999999907e-03
2.400000000000000000e+01 5.100000000000000000e+01 7.600000000000000000e+01 0.000000000000000000e+00 1.600000000000000089e+00 2.704999999999999939e-03 5.943000000000000366e-03 -9.999789999999999512e-01 -4.029019999999999824e-01 -9.152200000000000335e-01 -6.529000000000000081e-03 -9.152390000000000247e-01 4.029110000000000191e-01 -8.100000000000000375e-05
5.000000000000000000e+00 9.100000000000000000e+01 7.600000000000000000e+01 0.000000000000000000e+00 1.600000000000000089e+00 -2.187000000000000142e-03 -1.358999999999999965e-03 9.999970000000000248e-01 3.371250000000000080e-01 -9.414599999999999635e-01 -5.419999999999999471e-04 9.414569999999999883e-01 3.371230000000000060e-01 2.517000000000000140e-03
8.000000000000000000e+00 9.100000000000000000e+01 7.600000000000000000e+01 0.000000000000000000e+00 1.600000000000000089e+00 -2.230999999999999910e-03 -6.740000000000000114e-04 9.999970000000000248e-01 3.266629999999999812e-01 -9.451410000000000089e-01 9.200000000000000007e-05 9.451380000000000337e-01 3.266629999999999812e-01 2.328999999999999907e-03
1.600000000000000000e+01 9.100000000000000000e+01 7.600000000000000000e+01 0.000000000000000000e+00 1.600000000000000089e+00 -3.379000000000000059e-03 8.549999999999999658e-04 9.999940000000000495e-01 3.423450000000000104e-01 -9.395719999999999628e-01 1.959999999999999937e-03 9.395679999999999588e-01 3.423499999999999877e-01 2.882000000000000013e-03
2.700000000000000000e+01 9.100000000000000000e+01 7.600000000000000000e+01 0.000000000000000000e+00 1.600000000000000089e+00 8.940000000000000464e-04 8.130000000000000291e-04 9.999989999999999712e-01 3.415259999999999962e-01 -9.398720000000000407e-01 4.589999999999999896e-04 9.398720000000000407e-01 3.415250000000000230e-01 -1.118000000000000070e-03
2.000000000000000000e+01 4.200000000000000000e+01 7.900000000000000000e+01 0.000000000000000000e+00 1.600000000000000089e+00 2.686000000000000019e-03 2.236499999999999946e-02 -9.997460000000000235e-01 -3.108469999999999844e-01 -9.502030000000000198e-01 -2.209200000000000053e-02 -9.504559999999999675e-01 3.108279999999999932e-01 4.399000000000000132e-03
2.400000000000000000e+01 1.020000000000000000e+02 8.200000000000000000e+01 0.000000000000000000e+00 1.600000000000000089e+00 -2.523000000000000069e-03 5.410000000000000312e-04 -9.999970000000000248e-01 -6.089109999999999800e-01 7.932360000000000522e-01 1.965999999999999866e-03 7.932350000000000234e-01 6.089139999999999553e-01 -1.672000000000000092e-03
2.100000000000000000e+01 4.400000000000000000e+01 8.300000000000000000e+01 0.000000000000000000e+00 1.600000000000000089e+00 6.958999999999999908e-02 6.647100000000000231e-02 9.953589999999999938e-01 2.259740000000000082e-01 -9.728909999999999503e-01 4.917200000000000043e-02 9.716439999999999522e-01 2.215040000000000064e-01 -8.272400000000000586e-02
2.000000000000000000e+00 4.800000000000000000e+01 8.400000000000000000e+01 0.000000000000000000e+00 1.600000000000000089e+00 -5.057999999999999996e-03 -1.717999999999999909e-03 -9.999860000000000415e-01 -9.410420000000000451e-01 -3.382470000000000199e-01 5.341000000000000261e-03 -3.382519999999999971e-01 9.410560000000000036e-01 9.399999999999999448e-05
1.600000000000000000e+01 4.800000000000000000e+01 8.400000000000000000e+01 0.000000000000000000e+00 1.600000000000000089e+00 -5.781599999999999934e-02 2.881600000000000134e-02 -9.979109999999999925e-01 -7.655499999999999527e-01 -6.428589999999999582e-01 2.579100000000000142e-02 -6.407730000000000370e-01 7.654419999999999558e-01 5.922800000000000287e-02
1.800000000000000000e+01 7.700000000000000000e+01 8.400000000000000000e+01 0.000000000000000000e+00 1.600000000000000089e+00 -1.242000000000000048e-03 -1.397999999999999937e-03 -9.999980000000000535e-01 9.857320000000000526e-01 -1.683199999999999974e-01 -9.890000000000000787e-04 -1.683179999999999954e-01 -9.857310000000000239e-01 1.587000000000000086e-03
1.500000000000000000e+01 1.400000000000000000e+01 8.600000000000000000e+01 0.000000000000000000e+00 1.600000000000000089e+00 3.730000000000000134e-04 -6.350000000000000392e-04 -1.000000000000000000e+00 1.898759999999999892e-01 9.818080000000000140e-01 -5.519999999999999733e-04 9.818080000000000140e-01 -1.898759999999999892e-01 4.859999999999999954e-04
2.000000000000000000e+00 1.500000000000000000e+01 8.600000000000000000e+01 0.000000000000000000e+00 1.600000000000000089e+00 1.990000000000000124e-04 -3.827999999999999806e-03 -9.999930000000000208e-01 1.850839999999999985e-01 9.827160000000000339e-01 -3.725000000000000012e-03 9.827230000000000132e-01 -1.850819999999999965e-01 9.039999999999999642e-04
6.000000000000000000e+00 1.500000000000000000e+01 8.600000000000000000e+01 0.000000000000000000e+00 1.600000000000000089e+00 -1.745999999999999939e-03 2.579000000000000129e-03 -9.999949999999999672e-01 1.838079999999999992e-01 9.829599999999999449e-01 2.213999999999999822e-03 9.829609999999999737e-01 -1.838029999999999942e-01 -2.190000000000000106e-03
1.300000000000000000e+01 1.500000000000000000e+01 8.600000000000000000e+01 0.000000000000000000e+00 1.600000000000000089e+00 3.789999999999999966e-04 1.887000000000000005e-03 -9.999980000000000535e-01 1.831079999999999930e-01 9.830910000000000482e-01 1.925000000000000062e-03 9.830929999999999946e-01 -1.831089999999999940e-01 2.699999999999999899e-05
2.000000000000000000e+01 1.500000000000000000e+01 8.600000000000000000e+01 0.000000000000000000e+00 1.600000000000000089e+00 -8.670000000000000406e-04 -1.979999999999999989e-03 -9.999980000000000535e-01 1.856909999999999950e-01 9.826059999999999794e-01 -2.106999999999999932e-03 9.826080000000000370e-01 -1.856919999999999960e-01 -4.840000000000000010e-04
2.500000000000000000e+01 1.500000000000000000e+01 8.600000000000000000e+01 0.000000000000000000e+00 1.600000000000000089e+00 4.490000000000000176e-04 -1.257000000000000088e-03 -9.999989999999999712e-01 1.857320000000000082e-01 9.826000000000000290e-01 -1.150999999999999896e-03 9.826000000000000290e-01 -1.857310000000000072e-01 6.740000000000000114e-04
1.900000000000000000e+01 8.300000000000000000e+01 8.600000000000000000e+01 0.000000000000000000e+00 1.600000000000000089e+00 1.358999999999999965e-03 -2.930000000000000204e-04 9.999989999999999712e-01 -9.989170000000000549e-01 4.650800000000000073e-02 1.371000000000000040e-03 -4.650900000000000173e-02 -9.989179999999999726e-01 -2.290000000000000098e-04
2.400000000000000000e+01 8.300000000000000000e+01 8.600000000000000000e+01 0.000000000000000000e+00 1.600000000000000089e+00 8.322000000000000230e-02 -8.427300000000000069e-02 9.929609999999999825e-01 -9.965300000000000269e-01 -8.519000000000000530e-03 8.279699999999999560e-02 1.480999999999999895e-03 -9.964060000000000139e-01 -8.469000000000000139e-02
2.400000000000000000e+01 3.600000000000000000e+01 8.700000000000000000e+01 0.000000000000000000e+00 1.600000000000000089e+00 2.043400000000000077e-02 4.131499999999999756e-02 9.989369999999999639e-01 4.571950000000000180e-01 -8.889439999999999564e-01 2.741400000000000087e-02 8.891320000000000334e-01 4.561490000000000267e-01 -3.705300000000000260e-02
2.100000000000000000e+01 3.700000000000000000e+01 9.300000000000000000e+01 0.000000000000000000e+00 1.600000000000000089e+00 7.366499999999999437e-02 9.430399999999999894e-02 -9.928139999999999743e-01 -9.838200000000000278e-01 -1.561539999999999873e-01 -8.783000000000000529e-02 -1.633149999999999880e-01 9.832210000000000116e-01 8.127500000000000002e-02
4.000000000000000000e+00 5.000000000000000000e+01 9.400000000000000000e+01 0.000000000000000000e+00 1.600000000000000089e+00 -3.169500000000000095e-02 3.383699999999999902e-02 -9.989249999999999519e-01 -9.321070000000000189e-01 -3.617690000000000072e-01 1.731999999999999859e-02 -3.607940000000000036e-01 9.316539999999999822e-01 4.300600000000000256e-02
3.000000000000000000e+01 5.000000000000000000e+01 9.400000000000000000e+01 0.000000000000000000e+00 1.600000000000000089e+00 6.969000000000000368e-03 1.652000000000000040e-03 -9.999740000000000295e-01 -9.482110000000000261e-01 -3.175609999999999822e-01 -7.132999999999999584e-03 -3.175649999999999862e-01 9.482359999999999678e-01 -6.470000000000000057e-04
2.000000000000000000e+00 5.100000000000000000e+01 9.400000000000000000e+01 0.000000000000000000e+00 1.600000000000000089e+00 2.182500000000000065e-02 8.829999999999999958e-04 9.997610000000000108e-01 8.892360000000000264e-01 -4.570540000000000158e-01 -1.900900000000000159e-02 4.569280000000000008e-01 8.894389999999999796e-01 -1.076000000000000047e-02
2.800000000000000000e+01 8.100000000000000000e+01 9.600000000000000000e+01 0.000000000000000000e+00 1.600000000000000089e+00 8.761790000000000411e-01 -2.681930000000000147e-01 4.004770000000000274e-01 -3.478580000000000005e-01 -9.269960000000000422e-01 1.402619999999999978e-01 3.336230000000000029e-01 -2.622039999999999926e-01 -9.055079999999999796e-01
2.000000000000000000e+01 9.400000000000000000e+01 9.600000000000000000e+01 0.000000000000000000e+00 1.600000000000000089e+00 -1.981000000000000122e-03 -1.040499999999999932e-02 -9.999440000000000550e-01 9.043560000000000487e-01 4.267340000000000022e-01 -6.231999999999999693e-03 4.267750000000000155e-01 -9.043170000000000375e-01 8.564000000000000432e-03
2.500000000000000000e+01 3.700000000000000000e+01 9.900000000000000000e+01 0.000000000000000000e+00 1.600000000000000089e+00 1.177379999999999954e-01 1.018710000000000032e-01 9.878059999999999619e-01 -9.878080000000000194e-01 1.140349999999999975e-01 1.059780000000000028e-01 -1.018479999999999941e-01 -9.882400000000000073e-01 1.140560000000000046e-01
2.900000000000000000e+01 3.400000000000000000e+01 1.000000000000000000e+02 0.000000000000000000e+00 1.600000000000000089e+00 -1.920499999999999985e-02 9.788399999999999879e-02 -9.950130000000000363e-01 8.746880000000000210e-01 -4.804229999999999889e-01 -6.414400000000000657e-02 -4.843049999999999855e-01 -8.715580000000000549e-01 -7.639100000000000057e-02
2.600000000000000000e+01 8.200000000000000000e+01 1.010000000000000000e+02 0.000000000000000000e+00 1.600000000000000089e+00 8.274420000000000108e-01 -4.404429999999999734e-01 3.483519999999999950e-01 -4.834100000000000064e-01 -8.743499999999999606e-01 4.275000000000000328e-02 2.857529999999999792e-01 -2.037700000000000067e-01 -9.363879999999999981e-01
6.000000000000000000e+00 1.400000000000000000e+01 1.090000000000000000e+02 0.000000000000000000e+00 1.600000000000000089e+00 7.478000000000000272e-03 1.188200000000000020e-02 9.999010000000000398e-01 -8.409999999999999698e-01 -5.408859999999999779e-01 1.271699999999999914e-02 5.409829999999999917e-01 -8.410119999999999818e-01 5.947000000000000029e-03
1.200000000000000000e+01 1.400000000000000000e+01 1.090000000000000000e+02 0.000000000000000000e+00 1.600000000000000089e+00 5.668000000000000295e-03 1.599599999999999980e-02 9.998559999999999670e-01 -8.462180000000000257e-01 -5.326699999999999768e-01 1.331899999999999924e-02 5.328060000000000018e-01 -8.461720000000000352e-01 1.051700000000000031e-02
2.200000000000000000e+01 1.400000000000000000e+01 1.090000000000000000e+02 0.000000000000000000e+00 1.600000000000000089e+00 -1.740000000000000010e-03 -3.699999999999999947e-04 9.999980000000000535e-01 -8.316829999999999501e-01 -5.552479999999999638e-01 -1.652999999999999955e-03 5.552479999999999638e-01 -8.316850000000000076e-01 6.589999999999999721e-04
3.000000000000000000e+00 2.100000000000000000e+01 1.090000000000000000e+02 0.000000000000000000e+00 1.600000000000000089e+00 1.575999999999999927e-03 -5.529999999999999976e-04 9.999989999999999712e-01 -9.676909999999999679e-01 -2.521360000000000268e-01 1.384999999999999946e-03 2.521349999999999980e-01 -9.676919999999999966e-01 -9.319999999999999942e-04
9.000000000000000000e+00 2.100000000000000000e+01 1.090000000000000000e+02 0.000000000000000000e+00 1.600000000000000089e+00 -6.035000000000000434e-03 1.771000000000000005e-03 9.999799999999999800e-01 -9.682749999999999968e-01 -2.498269999999999935e-01 -5.401999999999999684e-03 2.498130000000000073e-01 -9.682889999999999553e-01 3.223000000000000170e-03
1.700000000000000000e+01 2.100000000000000000e+01 1.090000000000000000e+02 0.000000000000000000e+00 1.600000000000000089e+00 -3.612000000000000193e-03 7.304999999999999861e-03 9.999670000000000503e-01 -9.702389999999999626e-01 -2.421429999999999971e-01 -1.734999999999999997e-03 2.421230000000000049e-01 -9.702129999999999921e-01 7.962000000000000327e-03
2.100000000000000000e+01 2.100000000000000000e+01 1.090000000000000000e+02 0.000000000000000000e+00 1.600000000000000089e+00 7.898000000000000506e-03 4.029999999999999728e-03 9.999609999999999888e-01 -9.707890000000000130e-01 -2.397779999999999911e-01 8.633999999999999314e-03 2.398029999999999884e-01 -9.708189999999999875e-01 2.018999999999999961e-03
2.400000000000000000e+01 2.100000000000000000e+01 1.090000000000000000e+02 0.000000000000000000e+00 1.600000000000000089e+00 1.378399999999999938e-02 1.071399999999999957e-02 9.998479999999999590e-01 -9.702809999999999491e-01 -2.414550000000000030e-01 1.596399999999999902e-02 2.415889999999999982e-01 -9.703530000000000211e-01 7.067000000000000365e-03
1.600000000000000000e+01 6.000000000000000000e+00 1.190000000000000000e+02 0.000000000000000000e+00 1.600000000000000089e+00 -1.793000000000000106e-03 -2.954000000000000029e-03 -9.999940000000000495e-01 -6.390639999999999654e-01 7.691519999999999468e-01 -1.126000000000000048e-03 7.691510000000000291e-01 6.390590000000000437e-01 -3.266999999999999939e-03
2.200000000000000000e+01 6.000000000000000000e+00 1.190000000000000000e+02 0.000000000000000000e+00 1.600000000000000089e+00 -2.710000000000000169e-03 -2.684999999999999887e-03 -9.999930000000000208e-01 -6.268070000000000030e-01 7.791740000000000332e-01 -3.939999999999999817e-04 7.791700000000000292e-01 6.268019999999999703e-01 -3.794000000000000063e-03
7.000000000000000000e+00 7.000000000000000000e+00 1.200000000000000000e+02 0.000000000000000000e+00 1.600000000000000089e+00 -1.453000000000000081e-03 -5.634000000000000119e-03 -9.999829999999999552e-01 -6.750359999999999694e-01 7.377780000000000449e-01 -3.176000000000000004e-03 7.377829999999999666e-01 6.750199999999999534e-01 -4.874999999999999993e-03
1.600000000000000000e+01 7.000000000000000000e+00 1.200000000000000000e+02 0.000000000000000000e+00 1.600000000000000089e+00 -1.124999999999999915e-03 -3.112000000000000183e-03 -9.999949999999999672e-01 -6.687279999999999891e-01 7.435060000000000002e-01 -1.561000000000000104e-03 7.435070000000000290e-01 6.687220000000000386e-01 -2.918000000000000021e-03
2.600000000000000000e+01 7.000000000000000000e+00 1.200000000000000000e+02 0.000000000000000000e+00 1.600000000000000089e+00 -9.999999999999999547e-07 -3.029000000000000008e-03 -9.999949999999999672e-01 -6.569850000000000412e-01 7.539000000000000146e-01 -2.282999999999999873e-03 7.539029999999999898e-01 6.569819999999999549e-01 -1.991000000000000148e-03
1.300000000000000000e+01 5.800000000000000000e+01 1.210000000000000000e+02 0.000000000000000000e+00 1.600000000000000089e+00 -5.446999999999999585e-03 4.119999999999999856e-04 -9.999850000000000128e-01 -9.927799999999999958e-01 1.198270000000000030e-01 5.457000000000000045e-03 1.198270000000000030e-01 9.927949999999999831e-01 -2.439999999999999949e-04
1.800000000000000000e+01 6.200000000000000000e+01 1.240000000000000000e+02 0.000000000000000000e+00 1.600000000000000089e+00 3.939999999999999817e-04 -3.177000000000000136e-03 9.999949999999999672e-01 9.968139999999999779e-01 -7.976099999999999857e-02 -6.459999999999999814e-04 7.976300000000000057e-02 9.968089999999999451e-01 3.135000000000000200e-03
3.000000000000000000e+00 2.000000000000000000e+01 1.270000000000000000e+02 0.000000000000000000e+00 1.600000000000000089e+00 -3.366000000000000068e-03 1.456999999999999962e-03 -9.999930000000000208e-01 8.086280000000000134e-01 -5.883089999999999709e-01 -3.579000000000000150e-03 -5.883099999999999996e-01 -8.086349999999999927e-01 8.019999999999999785e-04
9.000000000000000000e+00 2.000000000000000000e+01 1.270000000000000000e+02 0.000000000000000000e+00 1.600000000000000089e+00 2.406999999999999851e-03 -3.774000000000000011e-03 -9.999900000000000455e-01 8.130570000000000297e-01 -5.821690000000000476e-01 4.153999999999999707e-03 -5.821790000000000020e-01 -8.130589999999999762e-01 1.667999999999999995e-03
1.500000000000000000e+01 2.000000000000000000e+01 1.270000000000000000e+02 0.000000000000000000e+00 1.600000000000000089e+00 1.309999999999999967e-03 -1.082000000000000062e-03 -9.999989999999999712e-01 8.119669999999999943e-01 -5.837010000000000254e-01 1.694999999999999892e-03 -5.837020000000000541e-01 -8.119680000000000231e-01 1.129999999999999955e-04
1.700000000000000000e+01 2.000000000000000000e+01 1.270000000000000000e+02 0.000000000000000000e+00 1.600000000000000089e+00 3.289999999999999739e-04 -1.882999999999999908e-03 -9.999980000000000535e-01 8.127560000000000340e-01 -5.826029999999999820e-01 1.364999999999999894e-03 -5.826040000000000108e-01 -8.127550000000000052e-01 1.337999999999999997e-03
2.400000000000000000e+01 2.000000000000000000e+01 1.270000000000000000e+02 0.000000000000000000e+00 1.600000000000000089e+00 -1.482000000000000027e-03 7.178000000000000352e-03 -9.999730000000000008e-01 8.138699999999999823e-01 -5.810220000000000384e-01 -5.376999999999999835e-03 -5.810450000000000337e-01 -8.138560000000000239e-01 -4.981000000000000184e-03
1.700000000000000000e+01 4.200000000000000000e+01 1.300000000000000000e+02 0.000000000000000000e+00 1.600000000000000089e+00 -5.275000000000000175e-03 6.599999999999999964e-04 9.999860000000000415e-01 -9.860449999999999493e-01 -1.664009999999999934e-01 -5.092000000000000172e-03 1.663949999999999874e-01 -9.860579999999999901e-01 1.528000000000000061e-03
1.000000000000000000e+01 1.700000000000000000e+01 1.320000000000000000e+02 0.000000000000000000e+00 1.600000000000000089e+00 5.113999999999999622e-03 -2.877400000000000097e-02 9.995730000000000448e-01 -8.152319999999999567e-01 -5.789999999999999591e-01 -1.249600000000000016e-02 5.791119999999999601e-01 -8.148199999999999887e-01 -2.641800000000000051e-02
2.600000000000000000e+01 1.700000000000000000e+01 1.320000000000000000e+02 0.000000000000000000e+00 1.600000000000000089e+00 -8.050000000000000515e-04 -1.317000000000000028e-03 9.999989999999999712e-01 -8.096100000000000518e-01 -5.869670000000000165e-01 -1.425000000000000051e-03 5.869680000000000453e-01 -8.096100000000000518e-01 -5.940000000000000184e-04
3.000000000000000000e+01 1.700000000000000000e+01 1.320000000000000000e+02 0.000000000000000000e+00 1.600000000000000089e+00 -1.887999999999999921e-03 -1.255200000000000066e-02 9.999190000000000023e-01 -8.164759999999999796e-01 -5.773129999999999651e-01 -8.788999999999999937e-03 5.773770000000000291e-01 -8.164270000000000138e-01 -9.157999999999999474e-03
2.200000000000000000e+01 7.600000000000000000e+01 1.320000000000000000e+02 0.000000000000000000e+00 1.600000000000000089e+00 9.187880000000000491e-01 3.734379999999999922e-01 -1.279579999999999884e-01 3.942760000000000153e-01 -8.840449999999999697e-01 2.510200000000000209e-01 -1.938000000000000139e-02 -2.810849999999999738e-01 -9.594869999999999788e-01
2.400000000000000000e+01 9.400000000000000000e+01 1.340000000000000000e+02 0.000000000000000000e+00 1.600000000000000089e+00 -2.013729999999999964e-01 -7.521719999999999517e-01 6.274440000000000017e-01 -9.764960000000000306e-01 1.039049999999999974e-01 -1.888380000000000059e-01 7.684399999999999564e-02 -6.507230000000000514e-01 -7.554159999999999764e-01
2.200000000000000000e+01 7.600000000000000000e+01 1.350000000000000000e+02 0.000000000000000000e+00 1.600000000000000089e+00 9.183149999999999924e-01 3.928189999999999737e-01 4.890100000000000002e-02 3.874099999999999766e-01 -9.172230000000000105e-01 9.281799999999999773e-02 8.131299999999999639e-02 -6.629100000000000270e-02 -9.944819999999999771e-01
2.000000000000000000e+00 3.600000000000000000e+01 1.370000000000000000e+02 0.000000000000000000e+00 1.600000000000000089e+00 -5.800000000000000034e-05 6.223000000000000233e-03 9.999810000000000088e-01 5.922840000000000327e-01 8.057140000000000413e-01 -4.978999999999999919e-03 -8.057290000000000285e-01 5.922720000000000207e-01 -3.733000000000000207e-03
1.900000000000000000e+01 4.400000000000000000e+01 1.390000000000000000e+02 0.000000000000000000e+00 1.600000000000000089e+00 2.008999999999999935e-03 1.289999999999999914e-04 9.999980000000000535e-01 -7.904130000000000322e-01 -6.125720000000000054e-01 1.667000000000000079e-03 6.125709999999999766e-01 -7.904149999999999787e-01 -1.129000000000000012e-03
2.600000000000000000e+01 4.400000000000000000e+01 1.390000000000000000e+02 0.000000000000000000e+00 1.600000000000000089e+00 1.223100000000000055e-02 2.131299999999999861e-02 9.996979999999999755e-01 -7.689970000000000416e-01 -6.388369999999999882e-01 2.302799999999999986e-02 6.391350000000000087e-01 -7.690470000000000361e-01 8.574999999999999289e-03
3.000000000000000000e+01 4.400000000000000000e+01 1.390000000000000000e+02 0.000000000000000000e+00 1.600000000000000089e+00 1.111499999999999988e-02 1.921399999999999844e-02 9.997540000000000315e-01 -7.593250000000000277e-01 -6.503750000000000364e-01 2.094199999999999881e-02 6.506170000000000009e-01 -7.593699999999999894e-01 7.361000000000000355e-03
5.000000000000000000e+00 2.300000000000000000e+01 1.400000000000000000e+02 0.000000000000000000e+00 1.600000000000000089e+00 -2.429999999999999868e-03 -3.497999999999999807e-03 -9.999909999999999632e-01 3.432769999999999988e-01 9.392249999999999766e-01 -4.119000000000000265e-03 9.392310000000000381e-01 -3.432839999999999780e-01 -1.082000000000000062e-03
2.000000000000000000e+01 2.300000000000000000e+01 1.400000000000000000e+02 0.000000000000000000e+00 1.600000000000000089e+00 3.409999999999999945e-04 2.890000000000000208e-03 -9.999959999999999960e-01 3.842729999999999757e-01 9.232150000000000079e-01 2.798999999999999839e-03 9.232200000000000406e-01 -3.842720000000000025e-01 -7.950000000000000252e-04
2.700000000000000000e+01 2.300000000000000000e+01 1.400000000000000000e+02 0.000000000000000000e+00 1.600000000000000089e+00 1.054999999999999948e-03 -1.149000000000000065e-03 -9.999989999999999712e-01 3.875839999999999841e-01 9.218340000000000423e-01 -6.509999999999999945e-04 9.218340000000000423e-01 -3.875830000000000108e-01 1.417999999999999990e-03
2.100000000000000000e+01 7.600000000000000000e+01 1.400000000000000000e+02 0.000000000000000000e+00 1.600000000000000089e+00 9.057530000000000303e-01 4.043590000000000240e-01 1.269069999999999920e-01 4.020500000000000185e-01 -9.145370000000000443e-01 4.446499999999999758e-02 1.340409999999999935e-01 1.074800000000000061e-02 -9.909170000000000478e-01
2.800000000000000000e+01 8.800000000000000000e+01 1.400000000000000000e+02 0.000000000000000000e+00 1.600000000000000089e+00 -7.912700000000000289e-02 9.392190000000000261e-01 -3.340759999999999841e-01 -9.859689999999999843e-01 -2.432499999999999940e-02 1.651459999999999873e-01 1.469820000000000015e-01 3.424559999999999826e-01 9.279659999999999576e-01
3.000000000000000000e+00 2.700000000000000000e+01 1.410000000000000000e+02 0.000000000000000000e+00 1.600000000000000089e+00 7.609999999999999577e-04 4.773000000000000333e-03 -9.999879999999999880e-01 6.205200000000000299e-02 -9.980620000000000047e-01 -4.715999999999999706e-03 -9.980729999999999880e-01 -6.204799999999999899e-02 -1.056000000000000081e-03
8.000000000000000000e+00 2.700000000000000000e+01 1.410000000000000000e+02 0.000000000000000000e+00 1.600000000000000089e+00 1.332999999999999984e-03 -1.183999999999999940e-03 -9.999980000000000535e-01 6.144299999999999762e-02 -9.981100000000000527e-01 1.263000000000000017e-03 -9.981100000000000527e-01 -6.144399999999999862e-02 -1.258000000000000004e-03
1.400000000000000000e+01 2.700000000000000000e+01 1.410000000000000000e+02 0.000000000000000000e+00 1.600000000000000089e+00 -1.771999999999999921e-03 -2.896000000000000137e-03 -9.999940000000000495e-01 5.966099999999999876e-02 -9.982149999999999634e-01 2.785000000000000149e-03 -9.982170000000000210e-01 -5.965499999999999969e-02 1.941999999999999933e-03
2.400000000000000000e+01 2.700000000000000000e+01 1.410000000000000000e+02 0.000000000000000000e+00 1.600000000000000089e+00 2.036000000000000049e-03 7.657999999999999877e-03 -9.999689999999999968e-01 5.894100000000000034e-02 -9.982330000000000370e-01 -7.524999999999999571e-03 -9.982590000000000074e-01 -5.892300000000000315e-02 -2.482999999999999964e-03
2.800000000000000000e+01 2.700000000000000000e+01 1.410000000000000000e+02 0.000000000000000000e+00 1.600000000000000089e+00 -1.302999999999999905e-03 2.233999999999999875e-03 -9.999970000000000248e-01 5.805799999999999850e-02 -9.983109999999999484e-01 -2.305999999999999890e-03 -9.983119999999999772e-01 -5.806100000000000150e-02 1.170999999999999949e-03
9.000000000000000000e+00 4.500000000000000000e+01 1.410000000000000000e+02 0.000000000000000000e+00 1.600000000000000089e+00 6.376999999999999856e-03 -2.145199999999999885e-02 9.997500000000000275e-01 -9.355599999999999472e-01 -3.531650000000000067e-01 -1.610000000000000103e-03 3.531110000000000082e-01 -9.353150000000000075e-01 -2.232200000000000156e-02
2.500000000000000000e+01 7.000000000000000000e+01 1.410000000000000000e+02 0.000000000000000000e+00 1.600000000000000089e+00 2.184570000000000123e-01 9.255949999999999456e-01 3.091119999999999979e-01 9.738459999999999894e-01 -1.865110000000000101e-01 -1.297580000000000122e-01 -6.244999999999999857e-02 3.293740000000000001e-01 -9.421319999999999695e-01
1.300000000000000000e+01 3.900000000000000000e+01 1.420000000000000000e+02 0.000000000000000000e+00 1.600000000000000089e+00 -9.619999999999999645e-04 1.396000000000000019e-02 -9.999019999999999575e-01 4.280050000000000243e-01 -9.036819999999999853e-01 -1.302799999999999965e-02 -9.037760000000000238e-01 -4.279760000000000231e-01 -5.106000000000000295e-03
2.400000000000000000e+01 3.900000000000000000e+01 1.420000000000000000e+02 0.000000000000000000e+00 1.600000000000000089e+00 -2.970000000000000092e-04 1.276999999999999923e-03 -9.999989999999999712e-01 4.220900000000000207e-01 -9.065530000000000532e-01 -1.283000000000000069e-03 -9.065539999999999710e-01 -4.220900000000000207e-01 -2.689999999999999791e-04
2.900000000000000000e+01 3.900000000000000000e+01 1.420000000000000000e+02 0.000000000000000000e+00 1.600000000000000089e+00 5.850000000000000165e-04 3.514000000000000196e-03 -9.999940000000000495e-01 4.231719999999999926e-01 -9.060439999999999605e-01 -2.935999999999999808e-03 -9.060489999999999933e-01 -4.231679999999999886e-01 -2.015999999999999997e-03
2.600000000000000000e+01 8.900000000000000000e+01 1.470000000000000000e+02 0.000000000000000000e+00 1.600000000000000089e+00 -9.063320000000000265e-01 1.465660000000000018e-01 -3.963349999999999929e-01 -2.687610000000000277e-01 -9.237069999999999448e-01 2.730069999999999997e-01 -3.260839999999999850e-01 3.539550000000000196e-01 8.765760000000000218e-01
2.800000000000000000e+01 7.300000000000000000e+01 1.510000000000000000e+02 0.000000000000000000e+00 1.600000000000000089e+00 -5.155429999999999735e-01 -7.306110000000000104e-01 -4.476859999999999729e-01 7.911709999999999576e-01 -6.065080000000000471e-01 7.871300000000000519e-02 -3.290330000000000199e-01 -3.136160000000000059e-01 8.907199999999999562e-01
1.600000000000000000e+01 1.040000000000000000e+02 1.510000000000000000e+02 0.000000000000000000e+00 1.600000000000000089e+00 -4.587700000000000111e-02 -1.365500000000000047e-02 9.988540000000000196e-01 6.413919999999999622e-01 7.661729999999999929e-01 3.993300000000000322e-02 -7.658399999999999652e-01 6.424889999999999768e-01 -2.639199999999999879e-02
2.700000000000000000e+01 8.400000000000000000e+01 1.540000000000000000e+02 0.000000000000000000e+00 1.600000000000000089e+00 -7.476949999999999985e-01 -5.925010000000000554e-01 2.998230000000000062e-01 -6.531350000000000211e-01 7.376819999999999489e-01 -1.709950000000000081e-01 -1.198589999999999933e-01 -3.236769999999999925e-01 -9.385449999999999626e-01
2.800000000000000000e+01 1.060000000000000000e+02 1.570000000000000000e+02 0.000000000000000000e+00 1.600000000000000089e+00 1.055799999999999933e-01 -6.117500000000000021e-02 -9.925270000000000481e-01 9.698550000000000226e-01 -2.141059999999999908e-01 1.163639999999999952e-01 -2.196240000000000137e-01 -9.748930000000000096e-01 3.672600000000000170e-02
1.300000000000000000e+01 1.000000000000000000e+00 1.580000000000000000e+02 0.000000000000000000e+00 1.600000000000000089e+00 -2.020000000000000040e-04 7.909800000000000164e-02 9.968669999999999476e-01 2.361200000000000104e-02 9.965889999999999471e-01 -7.907100000000000239e-02 -9.997209999999999708e-01 2.352200000000000124e-02 -2.067999999999999960e-03
2.100000000000000000e+01 2.000000000000000000e+00 1.580000000000000000e+02 0.000000000000000000e+00 1.600000000000000089e+00 1.317999999999999944e-03 -1.971799999999999942e-02 -9.998050000000000548e-01 1.175000000000000003e-02 -9.997359999999999580e-01 1.973199999999999954e-02 -9.999299999999999855e-01 -1.177399999999999974e-02 -1.085000000000000027e-03
5.000000000000000000e+00 4.000000000000000000e+00 1.580000000000000000e+02 0.000000000000000000e+00 1.600000000000000089e+00 5.403999999999999949e-03 9.020000000000000240e-02 -9.959090000000000442e-01 2.030000000000000120e-03 -9.959230000000000027e-01 -9.019000000000000627e-02 -9.999829999999999552e-01 -1.533999999999999990e-03 -5.564999999999999634e-03
4.000000000000000000e+00 1.020000000000000000e+02 1.620000000000000000e+02 0.000000000000000000e+00 1.600000000000000089e+00 7.654309999999999725e-01 -3.503479999999999928e-01 5.397889999999999633e-01 4.644659999999999900e-01 -2.798030000000000239e-01 -8.402269999999999461e-01 4.454060000000000241e-01 8.938490000000000046e-01 -5.144499999999999768e-02
5.000000000000000000e+00 1.070000000000000000e+02 1.620000000000000000e+02 0.000000000000000000e+00 1.600000000000000089e+00 8.095980000000000398e-01 -3.050809999999999911e-01 5.014739999999999753e-01 4.334620000000000140e-01 -2.653420000000000223e-01 -8.612229999999999608e-01 3.958050000000000179e-01 9.146140000000000381e-01 -8.257899999999999963e-02
4.000000000000000000e+00 1.000000000000000000e+02 1.630000000000000000e+02 0.000000000000000000e+00 1.600000000000000089e+00 7.861500000000000155e-01 -1.605920000000000125e-01 5.968059999999999476e-01 5.786080000000000112e-01 -1.481369999999999909e-01 -8.020399999999999752e-01 2.172109999999999874e-01 9.758409999999999584e-01 -2.353799999999999989e-02
4.000000000000000000e+00 1.010000000000000000e+02 1.660000000000000000e+02 0.000000000000000000e+00 1.600000000000000089e+00 8.149220000000000352e-01 4.375799999999999829e-02 5.779159999999999853e-01 5.741589999999999749e-01 -1.968900000000000095e-01 -7.947170000000000067e-01 7.900999999999999690e-02 9.794490000000000141e-01 -1.855739999999999890e-01
2.200000000000000000e+01 8.500000000000000000e+01 1.670000000000000000e+02 0.000000000000000000e+00 1.600000000000000089e+00 4.565529999999999866e-01 -8.196900000000000297e-01 -3.459309999999999885e-01 8.895589999999999886e-01 4.273950000000000249e-01 1.613030000000000019e-01 1.563000000000000153e-02 -3.813699999999999868e-01 9.242909999999999737e-01
2.500000000000000000e+01 1.070000000000000000e+02 1.670000000000000000e+02 0.000000000000000000e+00 1.600000000000000089e+00 -3.222400000000000264e-01 -7.599399999999999489e-01 -5.644919999999999938e-01 -8.830130000000000479e-01 2.633999999999999883e-02 4.686080000000000245e-01 -3.412459999999999938e-01 6.494590000000000085e-01 -6.795250000000000457e-01
6.000000000000000000e+00 1.130000000000000000e+02 1.680000000000000000e+02 0.000000000000000000e+00 1.600000000000000089e+00 1.021399999999999947e-01 -9.925730000000000386e-01 6.607000000000000373e-02 7.908629999999999827e-01 4.073600000000000138e-02 -6.106359999999999566e-01 6.034100000000000019e-01 1.146230000000000027e-01 7.891500000000000181e-01
1.300000000000000000e+01 6.500000000000000000e+01 1.690000000000000000e+02 0.000000000000000000e+00 1.600000000000000089e+00 9.986690000000000289e-01 4.632700000000000012e-02 -2.265599999999999906e-02 5.092700000000000005e-02 -8.167569999999999553e-01 5.747299999999999631e-01 8.120999999999999747e-03 -5.751190000000000468e-01 -8.180290000000000061e-01
1.400000000000000000e+01 9.400000000000000000e+01 1.710000000000000000e+02 0.000000000000000000e+00 1.600000000000000089e+00 -9.505449999999999733e-01 -3.105020000000000002e-01 -7.243999999999999571e-03 -2.989229999999999943e-01 9.082700000000000218e-01 2.927299999999999902e-01 -8.431400000000000006e-02 2.804189999999999738e-01 -9.561680000000000179e-01
4.000000000000000000e+00 8.800000000000000000e+01 1.720000000000000000e+02 0.000000000000000000e+00 1.600000000000000089e+00 -6.249099999999999794e-02 8.028039999999999621e-01 -5.929590000000000138e-01 3.850930000000000186e-01 5.675090000000000412e-01 7.277620000000000200e-01 9.207600000000000229e-01 -1.828660000000000008e-01 -3.446179999999999799e-01
8.000000000000000000e+00 1.080000000000000000e+02 1.720000000000000000e+02 0.000000000000000000e+00 1.600000000000000089e+00 2.464490000000000014e-01 -9.168939999999999868e-01 3.139569999999999861e-01 6.937440000000000273e-01 -5.930699999999999861e-02 -7.177759999999999696e-01 6.767440000000000122e-01 3.947010000000000240e-01 6.214730000000000532e-01
2.500000000000000000e+01 3.700000000000000000e+01 1.730000000000000000e+02 0.000000000000000000e+00 1.600000000000000089e+00 -6.731000000000000004e-03 -1.316699999999999988e-02 9.998909999999999743e-01 9.800290000000000390e-01 -1.988149999999999917e-01 3.978999999999999898e-03 1.987410000000000010e-01 9.799489999999999590e-01 1.424199999999999945e-02
5.000000000000000000e+00 8.700000000000000000e+01 1.730000000000000000e+02 0.000000000000000000e+00 1.600000000000000089e+00 -8.701799999999999813e-02 7.672740000000000116e-01 -6.353879999999999528e-01 3.474200000000000066e-01 6.211379999999999679e-01 7.024860000000000548e-01 9.336630000000000207e-01 -1.596180000000000099e-01 -3.206169999999999853e-01
5.000000000000000000e+00 1.020000000000000000e+02 1.730000000000000000e+02 0.000000000000000000e+00 1.600000000000000089e+00 -7.982820000000000471e-01 -3.237689999999999735e-01 5.078570000000000029e-01 -6.013290000000000024e-01 4.759090000000000265e-01 -6.418059999999999876e-01 -3.389600000000000252e-02 -8.177309999999999857e-01 -5.746010000000000284e-01
2.000000000000000000e+00 5.900000000000000000e+01 1.750000000000000000e+02 0.000000000000000000e+00 1.600000000000000089e+00 3.851999999999999955e-03 3.164000000000000146e-03 -9.999879999999999880e-01 -1.762779999999999903e-01 -9.843330000000000135e-01 -3.794000000000000063e-03 -9.843330000000000135e-01 1.762900000000000023e-01 -3.233999999999999896e-03
8.000000000000000000e+00 1.060000000000000000e+02 1.750000000000000000e+02 0.000000000000000000e+00 1.600000000000000089e+00 9.169599999999999973e-02 -8.855009999999999826e-01 4.555000000000000160e-01 7.330339999999999634e-01 -2.495779999999999943e-01 -6.327500000000000346e-01 6.739829999999999988e-01 3.919170000000000154e-01 6.262170000000000236e-01
2.200000000000000000e+01 1.050000000000000000e+02 1.770000000000000000e+02 0.000000000000000000e+00 1.600000000000000089e+00 4.093800000000000217e-02 -9.565580000000000194e-01 2.886549999999999949e-01 8.857580000000000453e-01 -9.893599999999999617e-02 -4.534810000000000230e-01 4.623390000000000000e-01 2.742430000000000145e-01 8.432279999999999776e-01
1.500000000000000000e+01 1.030000000000000000e+02 1.790000000000000000e+02 0.000000000000000000e+00 1.600000000000000089e+00 -1.370629999999999904e-01 9.784040000000000514e-01 -1.547229999999999994e-01 8.934250000000000247e-01 1.895610000000000073e-01 4.072569999999999801e-01 4.277920000000000056e-01 -8.241400000000000114e-02 -9.001120000000000232e-01
2.100000000000000000e+01 4.200000000000000000e+01 1.810000000000000000e+02 0.000000000000000000e+00 1.600000000000000089e+00 -3.971999999999999836e-03 2.279000000000000210e-03 9.999900000000000455e-01 -7.874290000000000456e-01 -6.164030000000000342e-01 -1.722999999999999922e-03 6.163920000000000510e-01 -7.874280000000000168e-01 4.243000000000000244e-03
2.900000000000000000e+01 7.600000000000000000e+01 1.820000000000000000e+02 0.000000000000000000e+00 1.600000000000000089e+00 -8.083970000000000322e-01 -3.957700000000000107e-02 5.873059999999999947e-01 -1.566849999999999909e-01 9.762089999999999934e-01 -1.498849999999999905e-01 -5.674019999999999619e-01 -2.131879999999999886e-01 -7.953649999999999887e-01
2.000000000000000000e+01 9.400000000000000000e+01 1.830000000000000000e+02 0.000000000000000000e+00 1.600000000000000089e+00 8.483579999999999455e-01 -5.010250000000000536e-01 1.710599999999999898e-01 4.160220000000000029e-01 8.307200000000000140e-01 3.699060000000000126e-01 -3.274349999999999761e-01 -2.426480000000000026e-01 9.131850000000000245e-01
2.300000000000000000e+01 1.090000000000000000e+02 1.830000000000000000e+02 0.000000000000000000e+00 1.600000000000000089e+00 3.184000000000000025e-02 2.234699999999999881e-02 -9.992429999999999923e-01 8.931970000000000187e-01 -4.492889999999999939e-01 1.841299999999999881e-02 -4.485370000000000190e-01 -8.931069999999999842e-01 -3.426599999999999785e-02
2.700000000000000000e+01 7.700000000000000000e+01 1.840000000000000000e+02 0.000000000000000000e+00 1.600000000000000089e+00 -8.401739999999999764e-01 -1.735199999999999937e-02 5.420390000000000486e-01 -1.703490000000000004e-01 9.573430000000000550e-01 -2.333979999999999944e-01 -5.148669999999999636e-01 -2.884309999999999929e-01 -8.072909999999999808e-01
2.500000000000000000e+01 1.020000000000000000e+02 1.850000000000000000e+02 0.000000000000000000e+00 1.600000000000000089e+00 3.890140000000000264e-01 -8.286759999999999682e-01 4.024479999999999724e-01 9.204189999999999872e-01 3.679669999999999885e-01 -1.320189999999999975e-01 -3.868699999999999917e-02 4.217779999999999863e-01 9.058730000000000393e-01
1.300000000000000000e+01 6.700000000000000000e+01 1.860000000000000000e+02 0.000000000000000000e+00 1.600000000000000089e+00 -9.961830000000000407e-01 5.601899999999999935e-02 6.694799999999999363e-02 3.481100000000000166e-02 9.582399999999999807e-01 -2.838399999999999812e-01 -8.005299999999999916e-02 -2.804260000000000086e-01 -9.565320000000000489e-01
1.900000000000000000e+01 7.600000000000000000e+01 1.860000000000000000e+02 0.000000000000000000e+00 1.600000000000000089e+00 -9.121430000000000371e-01 3.050289999999999946e-01 2.737740000000000173e-01 3.033480000000000065e-01 9.515909999999999647e-01 -4.955099999999999782e-02 -2.756359999999999921e-01 3.785100000000000270e-02 -9.605169999999999542e-01
2.600000000000000000e+01 7.600000000000000000e+01 1.860000000000000000e+02 0.000000000000000000e+00 1.600000000000000089e+00 -8.649740000000000206e-01 -7.756100000000000494e-02 4.957869999999999777e-01 -2.106619999999999882e-01 9.528339999999999588e-01 -2.184699999999999975e-01 -4.554579999999999740e-01 -2.934140000000000081e-01 -8.405150000000000121e-01
2.500000000000000000e+01 8.000000000000000000e+01 1.860000000000000000e+02 0.000000000000000000e+00 1.600000000000000089e+00 -8.865629999999999900e-01 1.123389999999999944e-01 4.487599999999999922e-01 -8.047300000000000286e-02 9.178250000000000020e-01 -3.887430000000000052e-01 -4.555540000000000145e-01 -3.807579999999999854e-01 -8.046699999999999964e-01
1.300000000000000000e+01 9.800000000000000000e+01 1.860000000000000000e+02 0.000000000000000000e+00 1.600000000000000089e+00 8.970160000000000355e-01 -4.399580000000000157e-01 4.241999999999999937e-02 3.945230000000000126e-01 7.536990000000000078e-01 -5.256319999999999881e-01 1.992839999999999889e-01 4.882360000000000033e-01 8.496540000000000203e-01
1.700000000000000000e+01 1.050000000000000000e+02 1.870000000000000000e+02 0.000000000000000000e+00 1.600000000000000089e+00 -1.827660000000000118e-01 -9.817829999999999613e-01 -5.195000000000000312e-02 9.217610000000000525e-01 -1.527330000000000076e-01 -3.564109999999999778e-01 3.419840000000000102e-01 -1.130250000000000005e-01 9.328840000000000465e-01
2.000000000000000000e+01 1.090000000000000000e+02 1.870000000000000000e+02 0.000000000000000000e+00 1.600000000000000089e+00 -1.387319999999999942e-01 -3.395219999999999905e-01 -9.303109999999999991e-01 4.039130000000000220e-01 -8.771090000000000275e-01 2.598730000000000206e-01 -9.042160000000000197e-01 -3.397120000000000140e-01 2.588210000000000233e-01
3.000000000000000000e+00 9.300000000000000000e+01 1.880000000000000000e+02 0.000000000000000000e+00 1.600000000000000089e+00 -9.462899999999999645e-01 -2.603750000000000231e-01 -1.916779999999999873e-01 -9.990999999999999881e-03 -5.690110000000000445e-01 8.222690000000000277e-01 -3.231660000000000088e-01 7.800200000000000466e-01 5.358479999999999910e-01
1.300000000000000000e+01 3.200000000000000000e+01 1.900000000000000000e+02 0.000000000000000000e+00 1.600000000000000089e+00 7.709999999999999840e-04 2.573000000000000200e-03 9.999959999999999960e-01 4.789309999999999956e-01 -8.778500000000000192e-01 1.889999999999999970e-03 8.778519999999999657e-01 4.789280000000000204e-01 -1.910000000000000022e-03
2.300000000000000000e+01 3.200000000000000000e+01 1.900000000000000000e+02 0.000000000000000000e+00 1.600000000000000089e+00 5.636999999999999650e-03 6.645999999999999998e-03 9.999620000000000175e-01 4.816320000000000046e-01 -8.763680000000000359e-01 3.109999999999999917e-03 8.763549999999999951e-01 4.815969999999999973e-01 -8.141000000000000666e-03
1.400000000000000000e+01 8.200000000000000000e+01 1.900000000000000000e+02 0.000000000000000000e+00 1.600000000000000089e+00 1.348239999999999994e-01 -9.828799999999999759e-01 1.255799999999999972e-01 -9.899900000000000366e-01 -1.282790000000000041e-01 5.886000000000000260e-02 -4.174300000000000233e-02 -1.322589999999999877e-01 -9.903359999999999941e-01
4.000000000000000000e+00 8.500000000000000000e+01 1.910000000000000000e+02 0.000000000000000000e+00 1.600000000000000089e+00 8.178349999999999786e-01 -1.870620000000000061e-01 -5.442000000000000171e-01 5.754449999999999843e-01 2.708869999999999889e-01 7.716760000000000286e-01 3.066000000000000149e-03 -9.442599999999999882e-01 3.291850000000000054e-01
1.800000000000000000e+01 9.300000000000000000e+01 1.930000000000000000e+02 0.000000000000000000e+00 1.600000000000000089e+00 -9.970029999999999726e-01 7.325299999999999867e-02 -2.486100000000000115e-02 -7.632200000000000095e-02 -9.838829999999999520e-01 1.617059999999999886e-01 -1.261499999999999948e-02 1.631189999999999862e-01 9.865260000000000140e-01
2.400000000000000000e+01 9.600000000000000000e+01 1.950000000000000000e+02 0.000000000000000000e+00 1.600000000000000089e+00 9.187159999999999771e-01 1.667690000000000006e-01 3.579789999999999917e-01 -2.277150000000000007e-01 9.642990000000000173e-01 1.351749999999999896e-01 -3.226559999999999984e-01 -2.057049999999999990e-01 9.238929999999999643e-01
3.000000000000000000e+00 1.110000000000000000e+02 1.950000000000000000e+02 0.000000000000000000e+00 1.600000000000000089e+00 4.528000000000000080e-02 6.996800000000000241e-02 9.965209999999999901e-01 -9.989740000000000286e-01 1.998000000000000210e-03 4.525099999999999956e-02 1.175000000000000046e-03 -9.975469999999999615e-01 6.998699999999999366e-02
1.200000000000000000e+01 9.400000000000000000e+01 1.960000000000000000e+02 0.000000000000000000e+00 1.600000000000000089e+00 9.637580000000000036e-01 -1.203440000000000065e-01 -2.380909999999999971e-01 5.010799999999999976e-02 -7.949300000000000255e-01 6.046280000000000543e-01 -2.620290000000000119e-01 -5.946460000000000079e-01 -7.600900000000000434e-01
1.100000000000000000e+01 3.000000000000000000e+00 6.000000000000000000e+00 0.000000000000000000e+00 2.015874000000000166e+00 1.031000000000000015e-03 2.573000000000000200e-03 9.999959999999999960e-01 2.265550000000000064e-01 -9.739959999999999729e-01 2.272999999999999847e-03 9.739980000000000304e-01 2.265520000000000034e-01 -1.587000000000000086e-03
1.400000000000000000e+01 3.000000000000000000e+00 6.000000000000000000e+00 0.000000000000000000e+00 2.015874000000000166e+00 1.080999999999999930e-03 -5.700000000000000205e-03 9.999829999999999552e-01 2.250089999999999868e-01 -9.743389999999999551e-01 -5.797000000000000069e-03 9.743559999999999999e-01 2.250119999999999898e-01 2.300000000000000070e-04
1.900000000000000000e+01 3.000000000000000000e+00 6.000000000000000000e+00 0.000000000000000000e+00 2.015874000000000166e+00 1.204999999999999908e-03 -1.310799999999999986e-02 9.999130000000000518e-01 2.212530000000000052e-01 -9.751290000000000235e-01 -1.305000000000000084e-02 9.752159999999999718e-01 2.212500000000000022e-01 1.724999999999999971e-03
7.000000000000000000e+00 2.700000000000000000e+01 8.000000000000000000e+00 0.000000000000000000e+00 2.015874000000000166e+00 1.515999999999999986e-03 -2.730000000000000222e-04 -9.999989999999999712e-01 3.059490000000000265e-01 9.520480000000000054e-01 2.039999999999999984e-04 9.520469999999999766e-01 -3.059490000000000265e-01 1.526999999999999929e-03
1.200000000000000000e+01 2.700000000000000000e+01 8.000000000000000000e+00 0.000000000000000000e+00 2.015874000000000166e+00 7.979999999999999897e-04 -8.270000000000000441e-04 -9.999989999999999712e-01 3.083480000000000110e-01 9.512739999999999529e-01 -5.410000000000000312e-04 9.512730000000000352e-01 -3.083469999999999822e-01 1.013999999999999927e-03
2.000000000000000000e+01 2.700000000000000000e+01 8.000000000000000000e+00 0.000000000000000000e+00 2.015874000000000166e+00 1.379999999999999933e-04 -2.984999999999999806e-03 -9.999959999999999960e-01 3.098360000000000003e-01 9.507860000000000200e-01 -2.795999999999999874e-03 9.507900000000000240e-01 -3.098350000000000271e-01 1.056000000000000081e-03
2.700000000000000000e+01 2.700000000000000000e+01 8.000000000000000000e+00 0.000000000000000000e+00 2.015874000000000166e+00 9.479999999999999495e-04 3.811999999999999850e-03 -9.999919999999999920e-01 3.081010000000000137e-01 9.513449999999999962e-01 3.917999999999999608e-03 9.513530000000000042e-01 -3.081030000000000157e-01 -2.730000000000000222e-04
6.000000000000000000e+00 1.100000000000000000e+01 1.000000000000000000e+01 0.000000000000000000e+00 2.015874000000000166e+00 -1.062000000000000010e-03 -2.154000000000000099e-03 -9.999970000000000248e-01 -4.958480000000000110e-01 -8.684060000000000112e-01 2.397999999999999958e-03 -8.684079999999999577e-01 4.958500000000000130e-01 -1.459999999999999981e-04
1.100000000000000000e+01 1.100000000000000000e+01 1.000000000000000000e+01 0.000000000000000000e+00 2.015874000000000166e+00 7.690000000000000438e-04 9.859999999999998974e-04 -9.999989999999999712e-01 -4.951420000000000265e-01 -8.688109999999999999e-01 -1.237000000000000035e-03 -8.688120000000000287e-01 4.951420000000000265e-01 -1.800000000000000113e-04
1.600000000000000000e+01 1.100000000000000000e+01 1.000000000000000000e+01 0.000000000000000000e+00 2.015874000000000166e+00 -1.837000000000000091e-03 -8.649999999999999703e-03 -9.999609999999999888e-01 -4.933199999999999807e-01 -8.698069999999999968e-01 8.429999999999999993e-03 -8.698460000000000081e-01 4.933170000000000055e-01 -2.670000000000000064e-03
2.700000000000000000e+01 1.100000000000000000e+01 1.000000000000000000e+01 0.000000000000000000e+00 2.015874000000000166e+00 -2.169999999999999891e-04 4.022000000000000401e-03 -9.999919999999999920e-01 -4.912179999999999880e-01 -8.710299999999999709e-01 -3.396000000000000147e-03 -8.710369999999999502e-01 4.912130000000000107e-01 2.164999999999999824e-03
4.000000000000000000e+00 1.200000000000000000e+01 1.500000000000000000e+01 0.000000000000000000e+00 2.015874000000000166e+00 -1.265999999999999981e-03 -4.185000000000000352e-03 -9.999900000000000455e-01 -4.484810000000000185e-01 -8.937819999999999654e-01 4.308000000000000197e-03 -8.937920000000000309e-01 4.484819999999999918e-01 -7.450000000000000025e-04
1.200000000000000000e+01 1.200000000000000000e+01 1.500000000000000000e+01 0.000000000000000000e+00 2.015874000000000166e+00 -4.910000000000000085e-04 -2.590000000000000071e-04 -1.000000000000000000e+00 -4.496379999999999821e-01 -8.932109999999999772e-01 4.510000000000000120e-04 -8.932109999999999772e-01 4.496379999999999821e-01 3.220000000000000206e-04
2.100000000000000000e+01 1.200000000000000000e+01 1.500000000000000000e+01 0.000000000000000000e+00 2.015874000000000166e+00 -2.268000000000000051e-03 -1.610000000000000103e-03 -9.999959999999999960e-01 -4.455200000000000271e-01 -8.952689999999999815e-01 2.451000000000000054e-03 -8.952689999999999815e-01 4.455239999999999756e-01 1.312999999999999931e-03
2.800000000000000000e+01 1.200000000000000000e+01 1.500000000000000000e+01 0.000000000000000000e+00 2.015874000000000166e+00 6.030000000000000204e-04 3.449999999999999833e-04 -1.000000000000000000e+00 -4.427579999999999849e-01 -8.966410000000000213e-01 -5.770000000000000389e-04 -8.966410000000000213e-01 4.427590000000000137e-01 -3.879999999999999985e-04
2.000000000000000000e+00 3.700000000000000000e+01 2.100000000000000000e+01 0.000000000000000000e+00 2.015874000000000166e+00 -3.024000000000000212e-03 -5.929000000000000242e-03 -9.999780000000000335e-01 -6.709859999999999713e-01 -7.414429999999999632e-01 6.425000000000000155e-03 -7.414640000000000120e-01 6.709899999999999753e-01 -1.737000000000000046e-03
1.700000000000000000e+01 3.700000000000000000e+01 2.100000000000000000e+01 0.000000000000000000e+00 2.015874000000000166e+00 -1.724000000000000055e-03 -2.769999999999999893e-03 -9.999949999999999672e-01 -6.692900000000000515e-01 -7.429940000000000433e-01 3.212000000000000011e-03 -7.429989999999999650e-01 6.692919999999999980e-01 -5.730000000000000501e-04
2.700000000000000000e+01 3.700000000000000000e+01 2.100000000000000000e+01 0.000000000000000000e+00 2.015874000000000166e+00 -1.250000000000000026e-03 -3.615000000000000158e-03 -9.999930000000000208e-01 -6.685179999999999456e-01 -7.436880000000000157e-01 3.523999999999999789e-03 -7.436949999999999950e-01 6.685170000000000279e-01 -1.487000000000000040e-03
1.200000000000000000e+01 4.500000000000000000e+01 2.200000000000000000e+01 0.000000000000000000e+00 2.015874000000000166e+00 1.330000000000000073e-04 1.345000000000000058e-03 -9.999989999999999712e-01 9.794620000000000548e-01 2.016270000000000007e-01 4.009999999999999893e-04 2.016280000000000017e-01 -9.794610000000000261e-01 -1.291000000000000047e-03
2.200000000000000000e+01 4.500000000000000000e+01 2.200000000000000000e+01 0.000000000000000000e+00 2.015874000000000166e+00 7.439999999999999782e-04 -2.919999999999999961e-04 -1.000000000000000000e+00 9.870750000000000357e-01 1.602600000000000136e-01 6.870000000000000022e-04 1.602600000000000136e-01 -9.870750000000000357e-01 4.070000000000000267e-04
2.700000000000000000e+01 4.500000000000000000e+01 2.200000000000000000e+01 0.000000000000000000e+00 2.015874000000000166e+00 8.899999999999999491e-04 1.422000000000000087e-03 -9.999989999999999712e-01 9.843889999999999585e-01 1.760029999999999928e-01 1.126000000000000048e-03 1.760049999999999948e-01 -9.843889999999999585e-01 -1.242999999999999964e-03
5.000000000000000000e+00 4.400000000000000000e+01 2.600000000000000000e+01 0.000000000000000000e+00 2.015874000000000166e+00 -9.849999999999999815e-04 8.299999999999999815e-05 -1.000000000000000000e+00 7.515519999999999978e-01 6.596739999999999826e-01 -6.849999999999999535e-04 6.596729999999999539e-01 -7.515519999999999978e-01 -7.119999999999999593e-04
2.700000000000000000e+01 4.400000000000000000e+01 2.600000000000000000e+01 0.000000000000000000e+00 2.015874000000000166e+00 3.000000000000000076e-05 6.579999999999999478e-04 -1.000000000000000000e+00 7.534659999999999691e-01 6.574870000000000436e-01 4.550000000000000008e-04 6.574870000000000436e-01 -7.534650000000000514e-01 -4.760000000000000234e-04
1.500000000000000000e+01 4.900000000000000000e+01 3.100000000000000000e+01 0.000000000000000000e+00 2.015874000000000166e+00 3.770000000000000022e-04 -6.930000000000000396e-04 1.000000000000000000e+00 -1.753000000000000044e-02 9.998460000000000125e-01 6.999999999999999929e-04 -9.998460000000000125e-01 -1.753000000000000044e-02 3.649999999999999816e-04
1.300000000000000000e+01 5.500000000000000000e+01 3.200000000000000000e+01 0.000000000000000000e+00 2.015874000000000166e+00 2.239999999999999966e-04 -2.262999999999999821e-03 -9.999970000000000248e-01 2.246690000000000076e-01 -9.744319999999999649e-01 2.256000000000000193e-03 -9.744350000000000511e-01 -2.246690000000000076e-01 2.910000000000000260e-04
2.100000000000000000e+01 3.000000000000000000e+01 4.400000000000000000e+01 0.000000000000000000e+00 2.015874000000000166e+00 -9.439999999999999607e-04 5.000000000000000104e-04 -9.999989999999999712e-01 6.663540000000000019e-01 7.456359999999999655e-01 -2.559999999999999884e-04 7.456350000000000477e-01 -6.663540000000000019e-01 -1.036999999999999944e-03
2.800000000000000000e+01 2.500000000000000000e+01 4.700000000000000000e+01 0.000000000000000000e+00 2.015874000000000166e+00 -1.201000000000000028e-03 -2.877999999999999916e-03 -9.999949999999999672e-01 1.001709999999999962e-01 9.949660000000000171e-01 -2.984000000000000107e-03 9.949689999999999923e-01 -1.001739999999999992e-01 -9.060000000000000128e-04
1.100000000000000000e+01 6.300000000000000000e+01 5.300000000000000000e+01 0.000000000000000000e+00 2.015874000000000166e+00 -9.089999999999999773e-04 4.829999999999999767e-04 9.999989999999999712e-01 -5.167319999999999691e-01 8.561469999999999914e-01 -8.829999999999999958e-04 -8.561469999999999914e-01 -5.167329999999999979e-01 -5.280000000000000405e-04
1.900000000000000000e+01 6.300000000000000000e+01 5.300000000000000000e+01 0.000000000000000000e+00 2.015874000000000166e+00 -1.033999999999999980e-03 1.315999999999999896e-03 9.999989999999999712e-01 -5.186749999999999972e-01 8.549700000000000077e-01 -1.660999999999999933e-03 -8.549710000000000365e-01 -5.186760000000000259e-01 -2.020000000000000040e-04
2.400000000000000000e+01 7.000000000000000000e+00 5.900000000000000000e+01 0.000000000000000000e+00 2.015874000000000166e+00 -4.943999999999999610e-03 -1.545400000000000072e-02 -9.998679999999999790e-01 -7.217160000000000242e-01 -6.920420000000000460e-01 1.426499999999999990e-02 -6.921709999999999807e-01 7.216920000000000002e-01 -7.732000000000000157e-03
3.000000000000000000e+00 5.700000000000000000e+01 6.000000000000000000e+01 0.000000000000000000e+00 2.015874000000000166e+00 -1.574000000000000095e-03 2.654000000000000109e-03 -9.999949999999999672e-01 4.659800000000000053e-01 8.847939999999999694e-01 1.614999999999999899e-03 8.847939999999999694e-01 -4.659760000000000013e-01 -2.628999999999999827e-03
1.000000000000000000e+00 2.500000000000000000e+01 6.400000000000000000e+01 0.000000000000000000e+00 2.015874000000000166e+00 2.573999999999999899e-03 2.714999999999999965e-03 9.999930000000000208e-01 -2.099080000000000112e-01 9.777190000000000047e-01 -2.113999999999999994e-03 -9.777179999999999760e-01 -2.099010000000000042e-01 3.086999999999999900e-03
9.000000000000000000e+00 2.500000000000000000e+01 6.400000000000000000e+01 0.000000000000000000e+00 2.015874000000000166e+00 1.456999999999999962e-03 3.518999999999999993e-03 9.999930000000000208e-01 -2.110769999999999869e-01 9.774639999999999995e-01 -3.132999999999999934e-03 -9.774680000000000035e-01 -2.110710000000000086e-01 2.167000000000000089e-03
1.600000000000000000e+01 2.500000000000000000e+01 6.400000000000000000e+01 0.000000000000000000e+00 2.015874000000000166e+00 3.899999999999999929e-04 3.969000000000000306e-03 9.999919999999999920e-01 -2.153839999999999921e-01 9.765220000000000011e-01 -3.791999999999999798e-03 -9.765289999999999804e-01 -2.153809999999999891e-01 1.235999999999999903e-03
2.100000000000000000e+01 2.500000000000000000e+01 6.400000000000000000e+01 0.000000000000000000e+00 2.015874000000000166e+00 -2.246000000000000166e-03 -9.039999999999999642e-04 9.999970000000000248e-01 -2.160330000000000028e-01 9.763859999999999761e-01 3.970000000000000005e-04 -9.763840000000000297e-01 -2.160310000000000008e-01 -2.387999999999999932e-03
6.000000000000000000e+00 5.900000000000000000e+01 7.600000000000000000e+01 0.000000000000000000e+00 2.015874000000000166e+00 1.498999999999999898e-03 -1.694999999999999979e-02 -9.998550000000000493e-01 1.343999999999999917e-01 9.907880000000000020e-01 -1.659499999999999864e-02 9.909259999999999735e-01 -1.343560000000000032e-01 3.762999999999999852e-03
1.400000000000000000e+01 5.900000000000000000e+01 7.600000000000000000e+01 0.000000000000000000e+00 2.015874000000000166e+00 -1.639999999999999965e-03 3.820000000000000045e-03 -9.999909999999999632e-01 1.334839999999999915e-01 9.910449999999999537e-01 3.566999999999999858e-03 9.910499999999999865e-01 -1.334770000000000123e-01 -2.135999999999999878e-03
2.400000000000000000e+01 5.900000000000000000e+01 7.600000000000000000e+01 0.000000000000000000e+00 2.015874000000000166e+00 7.560000000000000530e-04 -4.315000000000000259e-03 -9.999900000000000455e-01 1.319200000000000095e-01 9.912520000000000220e-01 -4.177000000000000157e-03 9.912600000000000300e-01 -1.319160000000000055e-01 1.319000000000000077e-03
9.000000000000000000e+00 3.700000000000000000e+01 7.700000000000000000e+01 0.000000000000000000e+00 2.015874000000000166e+00 -2.327000000000000075e-03 1.265999999999999981e-03 -9.999970000000000248e-01 5.239390000000000436e-01 8.517559999999999576e-01 -1.410000000000000120e-04 8.517529999999999824e-01 -5.239369999999999861e-01 -2.645000000000000216e-03
1.600000000000000000e+01 3.700000000000000000e+01 7.700000000000000000e+01 0.000000000000000000e+00 2.015874000000000166e+00 -3.044999999999999964e-03 -5.862000000000000023e-03 -9.999780000000000335e-01 5.282170000000000476e-01 8.490839999999999499e-01 -6.585999999999999840e-03 8.491039999999999699e-01 -5.282259999999999733e-01 5.109999999999999525e-04
2.500000000000000000e+01 3.700000000000000000e+01 7.700000000000000000e+01 0.000000000000000000e+00 2.015874000000000166e+00 -3.289999999999999739e-04 1.110399999999999929e-02 -9.999379999999999935e-01 5.311329999999999663e-01 8.472380000000000466e-01 9.233999999999999153e-03 8.472880000000000411e-01 -5.310970000000000413e-01 -6.176000000000000066e-03
1.000000000000000000e+01 4.300000000000000000e+01 8.500000000000000000e+01 0.000000000000000000e+00 2.015874000000000166e+00 -7.982899999999999718e-02 8.973899999999999932e-02 -9.927610000000000046e-01 -6.098179999999999712e-01 -7.922200000000000353e-01 -2.257500000000000132e-02 -7.885109999999999619e-01 6.036019999999999719e-01 1.179660000000000014e-01
5.000000000000000000e+00 8.800000000000000000e+01 9.100000000000000000e+01 0.000000000000000000e+00 2.015874000000000166e+00 -1.659000000000000101e-03 -3.928000000000000068e-03 -9.999909999999999632e-01 8.234669999999999490e-01 -5.673629999999999507e-01 8.620000000000000275e-04 -5.673620000000000330e-01 -8.234580000000000233e-01 4.176000000000000024e-03
1.200000000000000000e+01 8.800000000000000000e+01 9.100000000000000000e+01 0.000000000000000000e+00 2.015874000000000166e+00 -2.677999999999999825e-03 -5.537000000000000255e-03 -9.999810000000000088e-01 8.288050000000000139e-01 -5.595369999999999511e-01 8.790000000000000070e-04 -5.595310000000000006e-01 -8.287870000000000514e-01 6.087999999999999662e-03
2.000000000000000000e+01 8.800000000000000000e+01 9.100000000000000000e+01 0.000000000000000000e+00 2.015874000000000166e+00 -9.313000000000000098e-03 2.243799999999999961e-02 -9.997049999999999548e-01 8.304430000000000422e-01 -5.567370000000000374e-01 -2.023199999999999998e-02 -5.570260000000000211e-01 -8.303859999999999575e-01 -1.344799999999999988e-02
2.600000000000000000e+01 1.500000000000000000e+01 9.700000000000000000e+01 0.000000000000000000e+00 2.015874000000000166e+00 3.432000000000000155e-03 7.624999999999999833e-03 -9.999649999999999928e-01 -9.199469999999999592e-01 3.920429999999999748e-01 -1.679999999999999907e-04 3.920279999999999876e-01 9.199150000000000382e-01 8.359999999999999376e-03
7.000000000000000000e+00 5.200000000000000000e+01 1.010000000000000000e+02 0.000000000000000000e+00 2.015874000000000166e+00 -5.557999999999999573e-03 -5.117000000000000021e-03 9.999710000000000543e-01 -8.630959999999999743e-01 5.050350000000000117e-01 -2.213000000000000123e-03 -5.050099999999999589e-01 -8.630830000000000446e-01 -7.224000000000000386e-03
1.600000000000000000e+01 5.200000000000000000e+01 1.010000000000000000e+02 0.000000000000000000e+00 2.015874000000000166e+00 7.089999999999999948e-04 9.261000000000000135e-03 9.999569999999999848e-01 -8.593110000000000470e-01 5.114370000000000305e-01 -4.127999999999999725e-03 -5.114530000000000465e-01 -8.592710000000000070e-01 8.321000000000000271e-03
2.100000000000000000e+01 5.200000000000000000e+01 1.010000000000000000e+02 0.000000000000000000e+00 2.015874000000000166e+00 6.695999999999999695e-03 -1.103400000000000040e-02 9.999169999999999447e-01 -8.622009999999999952e-01 5.064389999999999725e-01 1.136200000000000057e-02 -5.065220000000000278e-01 -8.622049999999999992e-01 -6.122999999999999970e-03
2.700000000000000000e+01 5.200000000000000000e+01 1.010000000000000000e+02 0.000000000000000000e+00 2.015874000000000166e+00 5.564000000000000369e-03 -1.063300000000000009e-02 9.999280000000000390e-01 -8.642170000000000130e-01 5.030170000000000474e-01 1.015800000000000036e-02 -5.030890000000000084e-01 -8.642109999999999514e-01 -6.389999999999999847e-03
8.000000000000000000e+00 8.700000000000000000e+01 1.010000000000000000e+02 0.000000000000000000e+00 2.015874000000000166e+00 -1.164000000000000104e-03 -7.186999999999999812e-03 9.999740000000000295e-01 -9.977890000000000370e-01 -6.644799999999999318e-02 -1.639000000000000049e-03 6.645800000000000318e-02 -9.977639999999999842e-01 -7.093000000000000346e-03
1.600000000000000000e+01 1.700000000000000000e+01 1.120000000000000000e+02 0.000000000000000000e+00 2.015874000000000166e+00 5.396999999999999888e-03 2.403900000000000134e-02 9.996960000000000290e-01 -8.267010000000000192e-01 -5.623540000000000205e-01 1.798599999999999852e-02 5.626160000000000050e-01 -8.265470000000000317e-01 1.683799999999999880e-02
2.100000000000000000e+01 8.900000000000000000e+01 1.120000000000000000e+02 0.000000000000000000e+00 2.015874000000000166e+00 6.770399999999999752e-01 3.394480000000000275e-01 -6.529869999999999841e-01 -6.363680000000000447e-01 7.157029999999999781e-01 -2.877589999999999870e-01 3.696650000000000214e-01 6.103640000000000176e-01 7.005730000000000013e-01
2.200000000000000000e+01 9.000000000000000000e+01 1.120000000000000000e+02 0.000000000000000000e+00 2.015874000000000166e+00 6.060579999999999856e-01 3.531569999999999987e-01 -7.127219999999999667e-01 -7.028400000000000203e-01 6.573099999999999499e-01 -2.719550000000000023e-01 3.724370000000000180e-01 6.657509999999999817e-01 6.465809999999999613e-01
7.000000000000000000e+00 7.000000000000000000e+00 1.210000000000000000e+02 0.000000000000000000e+00 2.015874000000000166e+00 -1.956999999999999972e-03 -4.716999999999999839e-03 -9.999869999999999592e-01 -6.665710000000000246e-01 7.454380000000000450e-01 -2.211999999999999991e-03 7.454389999999999628e-01 6.665579999999999838e-01 -4.603000000000000320e-03
2.000000000000000000e+01 7.000000000000000000e+00 1.210000000000000000e+02 0.000000000000000000e+00 2.015874000000000166e+00 -9.229999999999999923e-04 -2.442000000000000160e-03 -9.999970000000000248e-01 -6.475060000000000260e-01 7.620599999999999596e-01 -1.263000000000000017e-03 7.620599999999999596e-01 6.475020000000000220e-01 -2.285000000000000139e-03
2.000000000000000000e+01 1.200000000000000000e+01 1.260000000000000000e+02 0.000000000000000000e+00 2.015874000000000166e+00 -6.899999999999999667e-05 4.009000000000000410e-03 9.999919999999999920e-01 -6.619310000000000471e-01 -7.495589999999999753e-01 2.958999999999999825e-03 7.495650000000000368e-01 -6.619260000000000144e-01 2.704999999999999939e-03
2.900000000000000000e+01 1.200000000000000000e+01 1.260000000000000000e+02 0.000000000000000000e+00 2.015874000000000166e+00 6.359999999999999551e-04 -6.059999999999999849e-04 1.000000000000000000e+00 -6.602810000000000068e-01 -7.510189999999999921e-01 -3.499999999999999693e-05 7.510189999999999921e-01 -6.602810000000000068e-01 -8.779999999999999827e-04
6.000000000000000000e+00 1.300000000000000000e+01 1.270000000000000000e+02 0.000000000000000000e+00 2.015874000000000166e+00 2.139999999999999975e-04 -3.063000000000000098e-02 9.995309999999999473e-01 -6.777919999999999501e-01 -7.349130000000000384e-01 -2.237600000000000006e-02 7.352530000000000454e-01 -6.774689999999999879e-01 -2.091799999999999909e-02
1.100000000000000000e+01 1.700000000000000000e+01 1.310000000000000000e+02 0.000000000000000000e+00 2.015874000000000166e+00 -2.775999999999999822e-03 -2.944199999999999942e-02 9.995629999999999793e-01 -8.721640000000000503e-01 -4.889240000000000252e-01 -1.682399999999999868e-02 4.892059999999999742e-01 -8.718289999999999651e-01 -2.432099999999999887e-02
1.500000000000000000e+01 1.700000000000000000e+01 1.310000000000000000e+02 0.000000000000000000e+00 2.015874000000000166e+00 -1.051999999999999984e-03 -2.883999999999999845e-03 9.999949999999999672e-01 -8.665289999999999937e-01 -4.991209999999999813e-01 -2.350999999999999791e-03 4.991249999999999853e-01 -8.665279999999999649e-01 -1.974000000000000060e-03
2.100000000000000000e+01 4.300000000000000000e+01 1.380000000000000000e+02 0.000000000000000000e+00 2.015874000000000166e+00 5.926999999999999977e-03 6.242000000000000152e-03 9.999630000000000463e-01 -7.861690000000000067e-01 -6.179529999999999745e-01 8.517000000000000265e-03 6.179829999999999490e-01 -7.861909999999999732e-01 1.245000000000000013e-03
2.700000000000000000e+01 4.300000000000000000e+01 1.380000000000000000e+02 0.000000000000000000e+00 2.015874000000000166e+00 1.229500000000000037e-02 1.918699999999999919e-02 9.997399999999999620e-01 -7.788169999999999815e-01 -6.268789999999999640e-01 2.160899999999999974e-02 6.271309999999999940e-01 -7.788800000000000168e-01 7.236000000000000244e-03
9.000000000000000000e+00 5.300000000000000000e+01 1.440000000000000000e+02 0.000000000000000000e+00 2.015874000000000166e+00 -1.542499999999999948e-02 7.063999999999999967e-03 -9.998559999999999670e-01 -9.763030000000000319e-01 2.157699999999999896e-01 1.658600000000000005e-02 2.158559999999999923e-01 9.764190000000000369e-01 3.569000000000000124e-03
2.100000000000000000e+01 9.700000000000000000e+01 1.440000000000000000e+02 0.000000000000000000e+00 2.015874000000000166e+00 -1.001829999999999943e-01 -4.072740000000000249e-01 9.077950000000000186e-01 -9.511239999999999695e-01 -2.286620000000000041e-01 -2.075519999999999865e-01 2.921079999999999788e-01 -8.842179999999999485e-01 -3.644600000000000062e-01
7.000000000000000000e+00 5.200000000000000000e+01 1.450000000000000000e+02 0.000000000000000000e+00 2.015874000000000166e+00 -2.704200000000000007e-02 1.324200000000000030e-02 -9.995469999999999633e-01 -9.723969999999999558e-01 2.314779999999999893e-01 2.937400000000000080e-02 2.317619999999999958e-01 9.727500000000000036e-01 6.616999999999999618e-03
1.400000000000000000e+01 5.200000000000000000e+01 1.450000000000000000e+02 0.000000000000000000e+00 2.015874000000000166e+00 -1.514199999999999921e-02 1.163600000000000051e-02 -9.998179999999999845e-01 -9.170930000000000470e-01 3.982430000000000136e-01 1.852399999999999880e-02 3.983860000000000179e-01 9.172059999999999658e-01 4.641000000000000160e-03
2.500000000000000000e+01 5.200000000000000000e+01 1.450000000000000000e+02 0.000000000000000000e+00 2.015874000000000166e+00 2.180599999999999900e-02 -1.227800000000000072e-02 -9.996869999999999923e-01 -8.644290000000000029e-01 5.021320000000000228e-01 -2.502199999999999910e-02 5.022820000000000062e-01 8.647040000000000282e-01 3.359999999999999814e-04
2.100000000000000000e+01 8.800000000000000000e+01 1.480000000000000000e+02 0.000000000000000000e+00 2.015874000000000166e+00 9.124670000000000281e-01 3.490090000000000137e-01 2.135330000000000006e-01 3.821320000000000272e-01 -9.134520000000000417e-01 -1.399299999999999988e-01 1.462150000000000116e-01 2.092789999999999928e-01 -9.668630000000000280e-01
2.000000000000000000e+01 8.900000000000000000e+01 1.480000000000000000e+02 0.000000000000000000e+00 2.015874000000000166e+00 9.346910000000000496e-01 3.079689999999999928e-01 1.775039999999999951e-01 3.352040000000000020e-01 -9.298290000000000166e-01 -1.518460000000000087e-01 1.182840000000000003e-01 2.014289999999999969e-01 -9.723349999999999493e-01
1.400000000000000000e+01 7.900000000000000000e+01 1.510000000000000000e+02 0.000000000000000000e+00 2.015874000000000166e+00 9.628339999999999677e-01 8.761499999999999844e-02 2.554890000000000216e-01 1.767930000000000057e-01 -9.195680000000000520e-01 -3.509129999999999749e-01 2.041939999999999866e-01 3.830390000000000184e-01 -9.008800000000000141e-01
3.000000000000000000e+00 4.100000000000000000e+01 1.580000000000000000e+02 0.000000000000000000e+00 2.015874000000000166e+00 -8.850000000000000444e-04 7.500000000000000156e-04 9.999989999999999712e-01 8.921620000000000106e-01 4.517149999999999777e-01 4.510000000000000120e-04 -4.517140000000000044e-01 8.921620000000000106e-01 -1.069000000000000072e-03
1.700000000000000000e+01 4.100000000000000000e+01 1.580000000000000000e+02 0.000000000000000000e+00 2.015874000000000166e+00 2.269999999999999882e-04 -2.098000000000000038e-03 9.999980000000000535e-01 8.953269999999999840e-01 4.454099999999999726e-01 7.309999999999999875e-04 -4.454099999999999726e-01 8.953240000000000087e-01 1.978999999999999856e-03
1.900000000000000000e+01 6.700000000000000000e+01 1.610000000000000000e+02 0.000000000000000000e+00 2.015874000000000166e+00 -9.229199999999999904e-02 2.549660000000000259e-01 9.625350000000000295e-01 -8.034869999999999512e-01 5.518849999999999589e-01 -2.232310000000000128e-01 -5.881250000000000089e-01 -7.939869999999999983e-01 1.539280000000000093e-01
1.600000000000000000e+01 1.160000000000000000e+02 1.640000000000000000e+02 0.000000000000000000e+00 2.015874000000000166e+00 -1.168600000000000021e-02 -1.023779999999999968e-01 -9.946770000000000334e-01 5.350390000000000423e-01 8.397240000000000260e-01 -9.271500000000000574e-02 8.447459999999999969e-01 -5.332750000000000545e-01 4.496300000000000296e-02
1.200000000000000000e+01 6.500000000000000000e+01 1.690000000000000000e+02 0.000000000000000000e+00 2.015874000000000166e+00 9.910430000000000073e-01 -1.317230000000000067e-01 -2.194899999999999976e-02 -8.251999999999999613e-02 -7.333030000000000381e-01 6.748760000000000314e-01 -1.049920000000000020e-01 -6.670199999999999463e-01 -7.376040000000000374e-01
2.600000000000000000e+01 7.800000000000000000e+01 1.760000000000000000e+02 0.000000000000000000e+00 2.015874000000000166e+00 -8.698399999999999466e-01 -1.027919999999999945e-01 4.825050000000000172e-01 -2.079860000000000042e-01 9.632929999999999549e-01 -1.697309999999999930e-01 -4.473469999999999946e-01 -2.479939999999999922e-01 -8.592899999999999983e-01
3.000000000000000000e+00 4.300000000000000000e+01 1.820000000000000000e+02 0.000000000000000000e+00 2.015874000000000166e+00 -5.147999999999999798e-03 -4.258999999999999765e-03 9.999780000000000335e-01 -9.987000000000000322e-01 -5.069599999999999801e-02 -5.357999999999999916e-03 5.071799999999999919e-02 -9.987049999999999539e-01 -3.991999999999999889e-03
1.700000000000000000e+01 1.080000000000000000e+02 1.820000000000000000e+02 0.000000000000000000e+00 2.015874000000000166e+00 -1.562350000000000128e-01 -4.633180000000000076e-01 -8.723109999999999475e-01 9.356959999999999722e-01 2.134129999999999916e-01 -2.809389999999999943e-01 3.163270000000000248e-01 -8.601109999999999589e-01 4.001819999999999822e-01
1.900000000000000000e+01 3.700000000000000000e+01 1.860000000000000000e+02 0.000000000000000000e+00 2.015874000000000166e+00 -1.172999999999999998e-03 -6.440000000000000412e-04 -9.999989999999999712e-01 5.439450000000000118e-01 -8.391210000000000058e-01 -9.799999999999999684e-05 -8.391199999999999770e-01 -5.439450000000000118e-01 1.335000000000000032e-03
2.100000000000000000e+01 1.090000000000000000e+02 1.880000000000000000e+02 0.000000000000000000e+00 2.015874000000000166e+00 -9.053200000000000136e-02 -2.291870000000000018e-01 -9.691629999999999967e-01 3.599870000000000014e-01 -9.148880000000000345e-01 1.827239999999999975e-01 -9.285539999999999905e-01 -3.323439999999999728e-01 1.653310000000000057e-01
1.300000000000000000e+01 9.500000000000000000e+01 1.920000000000000000e+02 0.000000000000000000e+00 2.015874000000000166e+00 -9.989390000000000214e-01 9.575999999999999443e-03 4.504899999999999877e-02 2.733999999999999885e-03 9.887500000000000178e-01 -1.495499999999999885e-01 -4.597400000000000098e-02 -1.492680000000000118e-01 -9.877270000000000216e-01
1.200000000000000000e+01 6.700000000000000000e+01 1.930000000000000000e+02 0.000000000000000000e+00 2.015874000000000166e+00 -9.969489999999999741e-01 -5.755199999999999899e-02 5.273800000000000016e-02 -7.480799999999999950e-02 8.973919999999999675e-01 -4.348469999999999835e-01 -2.230000000000000038e-02 -4.374649999999999928e-01 -8.989589999999999526e-01
1.800000000000000000e+01 1.020000000000000000e+02 1.930000000000000000e+02 0.000000000000000000e+00 2.015874000000000166e+00 -1.701380000000000114e-01 -9.784890000000000532e-01 1.166699999999999959e-01 9.853870000000000129e-01 -1.679579999999999962e-01 2.834100000000000161e-02 -8.135999999999999135e-03 1.197870000000000046e-01 9.927660000000000373e-01
1.300000000000000000e+01 9.400000000000000000e+01 1.940000000000000000e+02 0.000000000000000000e+00 2.015874000000000166e+00 -9.955819999999999670e-01 -9.157700000000000562e-02 2.072600000000000137e-02 -9.230700000000000016e-02 9.142200000000000326e-01 -3.945649999999999991e-01 1.718599999999999989e-02 -3.947350000000000025e-01 -9.186339999999999506e-01
4.000000000000000000e+00 1.400000000000000000e+01 1.400000000000000000e+01 0.000000000000000000e+00 2.539842000000000155e+00 -8.130000000000000291e-04 -2.262999999999999821e-03 -9.999970000000000248e-01 -4.178870000000000084e-01 -9.084959999999999702e-01 2.396000000000000126e-03 -9.084980000000000278e-01 4.178879999999999817e-01 -2.069999999999999900e-04
9.000000000000000000e+00 1.400000000000000000e+01 1.400000000000000000e+01 0.000000000000000000e+00 2.539842000000000155e+00 -1.250000000000000026e-04 -1.312999999999999931e-03 -9.999989999999999712e-01 -4.187580000000000191e-01 -9.080970000000000431e-01 1.244000000000000097e-03 -9.080979999999999608e-01 4.187569999999999903e-01 -4.360000000000000269e-04
2.000000000000000000e+01 1.400000000000000000e+01 1.400000000000000000e+01 0.000000000000000000e+00 2.539842000000000155e+00 -1.985999999999999918e-03 -2.027999999999999855e-03 -9.999959999999999960e-01 -4.163129999999999886e-01 -9.092170000000000529e-01 2.671000000000000197e-03 -9.092189999999999994e-01 4.163169999999999926e-01 9.619999999999999645e-04
1.100000000000000000e+01 1.500000000000000000e+01 2.600000000000000000e+01 0.000000000000000000e+00 2.539842000000000155e+00 -1.500000000000000038e-05 -1.626000000000000058e-03 9.999989999999999712e-01 3.489070000000000227e-01 9.371559999999999890e-01 1.528999999999999977e-03 -9.371570000000000178e-01 3.489059999999999939e-01 5.529999999999999976e-04
1.800000000000000000e+01 1.500000000000000000e+01 2.600000000000000000e+01 0.000000000000000000e+00 2.539842000000000155e+00 -2.223000000000000149e-03 -5.753999999999999566e-03 9.999810000000000088e-01 3.480139999999999900e-01 9.374689999999999968e-01 6.167999999999999872e-03 -9.374869999999999592e-01 3.480210000000000248e-01 -8.100000000000000375e-05
2.600000000000000000e+01 1.500000000000000000e+01 2.600000000000000000e+01 0.000000000000000000e+00 2.539842000000000155e+00 -8.999999999999999754e-04 -4.772000000000000200e-03 9.999879999999999880e-01 3.475119999999999876e-01 9.376630000000000242e-01 4.786999999999999589e-03 -9.376750000000000362e-01 3.475119999999999876e-01 8.140000000000000534e-04
9.000000000000000000e+00 3.200000000000000000e+01 4.300000000000000000e+01 0.000000000000000000e+00 2.539842000000000155e+00 2.900000000000000017e-05 -4.806000000000000376e-03 -9.999879999999999880e-01 6.714059999999999473e-01 7.410809999999999897e-01 -3.542000000000000010e-03 7.410889999999999977e-01 -6.713989999999999680e-01 3.248000000000000019e-03
1.700000000000000000e+01 7.600000000000000000e+01 6.100000000000000000e+01 0.000000000000000000e+00 2.539842000000000155e+00 -2.922999999999999817e-03 -5.670999999999999826e-03 9.999799999999999800e-01 -4.465279999999999805e-01 -8.947469999999999590e-01 -6.380000000000000254e-03 8.947650000000000325e-01 -4.465379999999999905e-01 8.299999999999999815e-05
3.000000000000000000e+01 7.600000000000000000e+01 6.100000000000000000e+01 0.000000000000000000e+00 2.539842000000000155e+00 7.261000000000000093e-03 5.431000000000000064e-03 9.999590000000000423e-01 -4.540779999999999816e-01 -8.909249999999999670e-01 8.135999999999999135e-03 8.909319999999999462e-01 -4.541180000000000216e-01 -4.002999999999999614e-03
1.100000000000000000e+01 2.400000000000000000e+01 6.500000000000000000e+01 0.000000000000000000e+00 2.539842000000000155e+00 2.135999999999999878e-03 4.513999999999999783e-03 9.999869999999999592e-01 -1.413099999999999912e-01 9.899569999999999759e-01 -4.166999999999999697e-03 -9.899630000000000374e-01 -1.413000000000000089e-01 2.752000000000000106e-03
6.000000000000000000e+00 7.800000000000000000e+01 7.200000000000000000e+01 0.000000000000000000e+00 2.539842000000000155e+00 1.399999999999999979e-05 -2.828999999999999918e-03 9.999959999999999960e-01 2.754880000000000106e-01 -9.613009999999999611e-01 -2.723000000000000160e-03 9.613040000000000473e-01 2.754869999999999819e-01 7.659999999999999708e-04
2.100000000000000000e+01 7.800000000000000000e+01 7.200000000000000000e+01 0.000000000000000000e+00 2.539842000000000155e+00 -4.840000000000000010e-04 -4.559999999999999817e-03 9.999890000000000168e-01 2.727160000000000140e-01 -9.620849999999999680e-01 -4.255000000000000102e-03 9.620940000000000047e-01 2.727109999999999812e-01 1.709000000000000016e-03
2.900000000000000000e+01 7.800000000000000000e+01 7.200000000000000000e+01 0.000000000000000000e+00 2.539842000000000155e+00 1.209999999999999921e-03 5.878999999999999677e-03 9.999820000000000375e-01 2.747870000000000035e-01 -9.614909999999999846e-01 5.320000000000000076e-03 9.615050000000000541e-01 2.747749999999999915e-01 -2.778999999999999786e-03
5.000000000000000000e+00 5.400000000000000000e+01 7.600000000000000000e+01 0.000000000000000000e+00 2.539842000000000155e+00 -1.853000000000000046e-03 -3.431000000000000022e-03 -9.999919999999999920e-01 -3.236209999999999920e-01 -9.461789999999999923e-01 3.847000000000000159e-03 -9.461850000000000538e-01 3.236249999999999960e-01 6.430000000000000169e-04
1.600000000000000000e+01 5.400000000000000000e+01 7.600000000000000000e+01 0.000000000000000000e+00 2.539842000000000155e+00 -5.450000000000000200e-04 -8.028000000000000413e-03 -9.999679999999999680e-01 -3.269449999999999856e-01 -9.450119999999999632e-01 7.765000000000000201e-03 -9.450429999999999664e-01 3.269380000000000064e-01 -2.109999999999999896e-03
2.600000000000000000e+01 5.400000000000000000e+01 7.600000000000000000e+01 0.000000000000000000e+00 2.539842000000000155e+00 2.507999999999999813e-03 -2.675999999999999993e-03 -9.999930000000000208e-01 -3.383920000000000261e-01 -9.410039999999999516e-01 1.670000000000000043e-03 -9.410020000000000051e-01 3.383849999999999913e-01 -3.265999999999999806e-03
4.000000000000000000e+00 5.400000000000000000e+01 8.300000000000000000e+01 0.000000000000000000e+00 2.539842000000000155e+00 4.240999999999999978e-03 -2.380000000000000171e-02 9.997080000000000410e-01 1.028860000000000052e-01 -9.944009999999999794e-01 -2.410999999999999949e-02 9.946840000000000126e-01 1.029579999999999940e-01 -1.768000000000000040e-03
2.400000000000000000e+01 7.300000000000000000e+01 9.800000000000000000e+01 0.000000000000000000e+00 2.539842000000000155e+00 4.349800000000000194e-02 9.511810000000000542e-01 3.055539999999999923e-01 9.972259999999999458e-01 -5.982900000000000024e-02 4.428399999999999698e-02 6.040299999999999836e-02 3.027799999999999936e-01 -9.511439999999999895e-01
9.000000000000000000e+00 2.300000000000000000e+01 1.140000000000000000e+02 0.000000000000000000e+00 2.539842000000000155e+00 -2.654999999999999808e-03 -2.370000000000000145e-03 9.999940000000000495e-01 -7.692719999999999558e-01 -6.389120000000000354e-01 -3.556999999999999832e-03 6.389160000000000394e-01 -7.692769999999999886e-01 -1.269999999999999970e-04
1.900000000000000000e+01 2.300000000000000000e+01 1.140000000000000000e+02 0.000000000000000000e+00 2.539842000000000155e+00 9.840000000000000656e-04 7.311999999999999923e-03 9.999730000000000008e-01 -7.632419999999999760e-01 -6.460890000000000244e-01 5.475999999999999965e-03 6.461120000000000196e-01 -7.632269999999999888e-01 4.944999999999999743e-03
2.700000000000000000e+01 2.300000000000000000e+01 1.140000000000000000e+02 0.000000000000000000e+00 2.539842000000000155e+00 1.117600000000000017e-02 1.759300000000000100e-02 9.997829999999999773e-01 -7.626410000000000133e-01 -6.465159999999999796e-01 1.990199999999999955e-02 6.467260000000000231e-01 -7.626969999999999583e-01 6.191000000000000322e-03
2.200000000000000000e+01 1.700000000000000000e+01 1.190000000000000000e+02 0.000000000000000000e+00 2.539842000000000155e+00 3.576000000000000185e-03 1.547800000000000044e-02 -9.998740000000000405e-01 5.646130000000000315e-01 -8.252850000000000463e-01 -1.075599999999999994e-02 -8.253479999999999706e-01 -5.645040000000000058e-01 -1.169100000000000000e-02
2.600000000000000000e+01 1.700000000000000000e+01 1.190000000000000000e+02 0.000000000000000000e+00 2.539842000000000155e+00 3.499999999999999693e-05 5.258999999999999786e-03 -9.999860000000000415e-01 5.648100000000000342e-01 -8.252099999999999991e-01 -4.320000000000000055e-03 -8.252209999999999823e-01 -5.648020000000000262e-01 -2.998999999999999930e-03
5.000000000000000000e+00 1.400000000000000000e+01 1.290000000000000000e+02 0.000000000000000000e+00 2.539842000000000155e+00 -3.367999999999999900e-03 -2.635099999999999942e-02 9.996469999999999523e-01 -7.390809999999999880e-01 -6.733130000000000503e-01 -2.023900000000000005e-02 6.736079999999999846e-01 -7.388879999999999892e-01 -1.720800000000000107e-02
2.400000000000000000e+01 4.000000000000000000e+00 1.310000000000000000e+02 0.000000000000000000e+00 2.539842000000000155e+00 -2.520999999999999804e-03 -7.943999999999999673e-03 9.999649999999999928e-01 5.068909999999999805e-01 8.619719999999999605e-01 8.125999999999999543e-03 -8.620060000000000500e-01 5.068939999999999557e-01 1.853999999999999962e-03
1.800000000000000000e+01 4.100000000000000000e+01 1.370000000000000000e+02 0.000000000000000000e+00 2.539842000000000155e+00 -5.237000000000000335e-03 -8.172000000000000444e-03 9.999529999999999808e-01 -8.635739999999999528e-01 -5.041489999999999583e-01 -8.642999999999999641e-03 5.041959999999999775e-01 -8.635779999999999568e-01 -4.416999999999999919e-03
4.000000000000000000e+00 4.200000000000000000e+01 1.370000000000000000e+02 0.000000000000000000e+00 2.539842000000000155e+00 3.130299999999999749e-02 -5.615699999999999859e-02 9.979310000000000125e-01 -8.826340000000000297e-01 -4.700590000000000046e-01 1.234000000000000071e-03 4.690170000000000172e-01 -8.808470000000000466e-01 -6.428100000000000480e-02
1.400000000000000000e+01 7.900000000000000000e+01 1.490000000000000000e+02 0.000000000000000000e+00 2.539842000000000155e+00 9.720079999999999831e-01 5.469700000000000256e-02 2.284940000000000027e-01 1.250280000000000002e-01 -9.438050000000000050e-01 -3.059399999999999897e-01 1.989200000000000135e-01 3.259440000000000115e-01 -9.242249999999999632e-01
1.300000000000000000e+01 8.000000000000000000e+01 1.500000000000000000e+02 0.000000000000000000e+00 2.539842000000000155e+00 9.750370000000000426e-01 4.606400000000000078e-02 2.172129999999999894e-01 1.197619999999999935e-01 -9.328539999999999610e-01 -3.397660000000000124e-01 1.869770000000000043e-01 3.572980000000000045e-01 -9.150829999999999798e-01
3.000000000000000000e+00 4.000000000000000000e+01 1.580000000000000000e+02 0.000000000000000000e+00 2.539842000000000155e+00 -1.598000000000000028e-03 5.787999999999999742e-03 9.999820000000000375e-01 8.672400000000000109e-01 4.978879999999999972e-01 -1.495999999999999934e-03 -4.978870000000000240e-01 8.672220000000000484e-01 -5.815999999999999989e-03
1.600000000000000000e+01 4.000000000000000000e+01 1.580000000000000000e+02 0.000000000000000000e+00 2.539842000000000155e+00 2.640000000000000202e-04 -2.344999999999999862e-03 9.999970000000000248e-01 8.776950000000000029e-01 4.792190000000000061e-01 8.919999999999999978e-04 -4.792199999999999793e-01 8.776920000000000277e-01 2.184999999999999876e-03
2.300000000000000000e+01 1.140000000000000000e+02 1.640000000000000000e+02 0.000000000000000000e+00 2.539842000000000155e+00 1.181600000000000011e-02 3.165199999999999958e-02 -9.994290000000000118e-01 6.864820000000000366e-01 7.264800000000000146e-01 3.112399999999999889e-02 7.270499999999999741e-01 -6.864580000000000126e-01 -1.314399999999999943e-02
2.300000000000000000e+01 1.060000000000000000e+02 1.740000000000000000e+02 0.000000000000000000e+00 2.539842000000000155e+00 2.135099999999999845e-02 -8.550910000000000455e-01 5.180390000000000272e-01 7.885140000000000482e-01 -3.041530000000000067e-01 -5.345429999999999904e-01 6.146460000000000257e-01 4.198939999999999895e-01 6.677570000000000450e-01
1.300000000000000000e+01 1.040000000000000000e+02 1.750000000000000000e+02 0.000000000000000000e+00 2.539842000000000155e+00 8.642299999999999982e-02 -9.683119999999999505e-01 2.343149999999999955e-01 7.989530000000000243e-01 -7.313899999999999568e-02 -5.969299999999999606e-01 5.951520000000000143e-01 2.387950000000000073e-01 7.673149999999999693e-01
2.800000000000000000e+01 1.030000000000000000e+02 1.770000000000000000e+02 0.000000000000000000e+00 2.539842000000000155e+00 9.486100000000000088e-02 -9.319490000000000274e-01 3.499619999999999953e-01 8.886549999999999727e-01 -7.916399999999999826e-02 -4.516919999999999824e-01 4.486580000000000013e-01 3.538430000000000186e-01 8.206710000000000393e-01
2.400000000000000000e+01 1.030000000000000000e+02 1.780000000000000000e+02 0.000000000000000000e+00 2.539842000000000155e+00 1.141479999999999995e-01 -9.408290000000000264e-01 3.190790000000000015e-01 9.142730000000000024e-01 -2.617399999999999935e-02 -4.042510000000000270e-01 3.886830000000000007e-01 3.378700000000000037e-01 8.571870000000000323e-01
3.000000000000000000e+00 9.600000000000000000e+01 1.790000000000000000e+02 0.000000000000000000e+00 2.539842000000000155e+00 1.691370000000000096e-01 -1.377249999999999863e-01 -9.759219999999999562e-01 4.410600000000000076e-01 -8.749289999999999567e-01 1.999120000000000064e-01 -8.813959999999999573e-01 -4.642530000000000268e-01 -8.723799999999999610e-02
1.000000000000000000e+01 8.800000000000000000e+01 1.820000000000000000e+02 0.000000000000000000e+00 2.539842000000000155e+00 -7.634940000000000060e-01 6.006000000000000054e-03 6.457869999999999999e-01 -6.200080000000000036e-01 -2.866690000000000071e-01 -7.303500000000000547e-01 1.807410000000000128e-01 -9.580109999999999459e-01 2.225939999999999863e-01
2.400000000000000000e+01 9.500000000000000000e+01 1.880000000000000000e+02 0.000000000000000000e+00 2.539842000000000155e+00 -9.660260000000000513e-01 -1.818140000000000034e-01 -1.836790000000000089e-01 -1.242159999999999931e-01 9.498640000000000416e-01 -2.869289999999999896e-01 2.266370000000000051e-01 -2.543650000000000078e-01 -9.401779999999999582e-01
1.500000000000000000e+01 1.050000000000000000e+02 1.890000000000000000e+02 0.000000000000000000e+00 2.539842000000000155e+00 7.957500000000000684e-02 -9.624840000000000062e-01 -2.594069999999999987e-01 9.376379999999999715e-01 1.606090000000000018e-01 -3.082849999999999757e-01 3.383829999999999893e-01 -2.186980000000000035e-01 9.152420000000000000e-01
1.500000000000000000e+01 1.040000000000000000e+02 1.900000000000000000e+02 0.000000000000000000e+00 2.539842000000000155e+00 3.885999999999999871e-02 -9.673580000000000512e-01 -2.504160000000000275e-01 9.596900000000000430e-01 1.059419999999999945e-01 -2.603289999999999771e-01 2.783610000000000251e-01 -2.302059999999999940e-01 9.324810000000000043e-01
1.600000000000000000e+01 1.040000000000000000e+02 1.910000000000000000e+02 0.000000000000000000e+00 2.539842000000000155e+00 6.231999999999999693e-03 -9.843410000000000215e-01 -1.761639999999999873e-01 9.791809999999999681e-01 4.175000000000000239e-02 -1.986469999999999902e-01 2.028909999999999880e-01 -1.712589999999999946e-01 9.641089999999999938e-01
9.000000000000000000e+00 1.040000000000000000e+02 1.930000000000000000e+02 0.000000000000000000e+00 2.539842000000000155e+00 4.361600000000000199e-02 3.749310000000000143e-01 9.260260000000000158e-01 9.825049999999999617e-01 -1.840829999999999966e-01 2.825599999999999987e-02 1.810589999999999977e-01 9.085919999999999552e-01 -3.764009999999999856e-01
1.200000000000000000e+01 1.900000000000000000e+01 2.000000000000000000e+00 1.000000000000000000e+00 3.200000000000000178e+00 -1.211100000000000024e-02 -2.145000000000000032e-02 9.996969999999999468e-01 -1.432400000000000062e-01 -9.894220000000000237e-01 -2.296499999999999930e-02 9.896139999999999937e-01 -1.434739999999999904e-01 8.909999999999999518e-03
4.000000000000000000e+00 7.000000000000000000e+00 7.000000000000000000e+00 1.000000000000000000e+00 3.200000000000000178e+00 -7.470000000000000511e-04 -1.046999999999999971e-03 -9.999989999999999712e-01 -3.609720000000000151e-01 -9.325759999999999605e-01 1.245999999999999929e-03 -9.325759999999999605e-01 3.609720000000000151e-01 3.179999999999999776e-04
1.000000000000000000e+01 7.000000000000000000e+00 7.000000000000000000e+00 1.000000000000000000e+00 3.200000000000000178e+00 -2.357000000000000154e-03 2.599999999999999840e-05 -9.999970000000000248e-01 -3.600639999999999952e-01 -9.329269999999999508e-01 8.249999999999999955e-04 -9.329250000000000043e-01 3.600650000000000239e-01 2.209000000000000026e-03
5.000000000000000000e+00 8.000000000000000000e+00 1.000000000000000000e+01 1.000000000000000000e+00 3.200000000000000178e+00 -5.910000000000000539e-04 -8.679999999999999565e-04 9.999989999999999712e-01 2.359570000000000001e-01 9.717630000000000434e-01 9.829999999999999329e-04 -9.717630000000000434e-01 2.359570000000000001e-01 -3.690000000000000246e-04
1.000000000000000000e+01 8.000000000000000000e+00 1.000000000000000000e+01 1.000000000000000000e+00 3.200000000000000178e+00 -2.595999999999999783e-03 -4.786999999999999589e-03 9.999850000000000128e-01 2.359479999999999911e-01 9.717519999999999492e-01 5.263999999999999582e-03 -9.717620000000000147e-01 2.359580000000000011e-01 -1.392999999999999924e-03
4.000000000000000000e+00 7.000000000000000000e+00 1.800000000000000000e+01 1.000000000000000000e+00 3.200000000000000178e+00 -1.546999999999999981e-03 -3.089000000000000166e-03 -9.999940000000000495e-01 -5.854770000000000252e-01 -8.106820000000000137e-01 3.409999999999999837e-03 -8.106870000000000465e-01 5.854789999999999717e-01 -5.550000000000000462e-04
1.000000000000000000e+01 7.000000000000000000e+00 1.800000000000000000e+01 1.000000000000000000e+00 3.200000000000000178e+00 -4.704999999999999981e-03 -5.708999999999999665e-03 -9.999730000000000008e-01 -5.802890000000000548e-01 -8.143770000000000175e-01 7.379000000000000142e-03 -8.143970000000000375e-01 5.803070000000000173e-01 5.190000000000000386e-04
1.400000000000000000e+01 7.000000000000000000e+00 1.800000000000000000e+01 1.000000000000000000e+00 3.200000000000000178e+00 -5.575000000000000094e-03 -8.021999999999999617e-03 -9.999519999999999520e-01 -5.762450000000000072e-01 -8.172190000000000287e-01 9.768999999999999906e-03 -8.172580000000000400e-01 5.762720000000000065e-01 -6.700000000000000226e-05
2.000000000000000000e+00 2.400000000000000000e+01 1.800000000000000000e+01 1.000000000000000000e+00 3.200000000000000178e+00 3.719999999999999891e-04 -1.600000000000000131e-04 1.000000000000000000e+00 -4.104300000000000170e-01 -9.118920000000000359e-01 6.000000000000000152e-06 9.118920000000000359e-01 -4.104300000000000170e-01 -4.049999999999999781e-04
5.000000000000000000e+00 2.400000000000000000e+01 1.800000000000000000e+01 1.000000000000000000e+00 3.200000000000000178e+00 5.869999999999999567e-04 -3.869999999999999742e-04 1.000000000000000000e+00 -4.111250000000000182e-01 -9.115790000000000282e-01 -1.110000000000000011e-04 9.115790000000000282e-01 -4.111250000000000182e-01 -6.949999999999999798e-04
8.000000000000000000e+00 2.400000000000000000e+01 1.800000000000000000e+01 1.000000000000000000e+00 3.200000000000000178e+00 -1.050000000000000044e-04 4.939999999999999730e-04 1.000000000000000000e+00 -4.128680000000000128e-01 -9.107910000000000172e-01 4.070000000000000267e-04 9.107910000000000172e-01 -4.128680000000000128e-01 2.990000000000000036e-04
3.000000000000000000e+00 9.000000000000000000e+00 2.400000000000000000e+01 1.000000000000000000e+00 3.200000000000000178e+00 -1.002000000000000069e-03 2.438000000000000063e-03 9.999970000000000248e-01 -7.413380000000000525e-01 6.711279999999999468e-01 -2.379000000000000038e-03 -6.711310000000000331e-01 -7.413380000000000525e-01 1.134999999999999941e-03
1.000000000000000000e+00 5.700000000000000000e+01 2.400000000000000000e+01 1.000000000000000000e+00 3.200000000000000178e+00 1.569999999999999998e-03 4.585999999999999799e-03 9.999879999999999880e-01 4.776770000000000183e-01 -8.785290000000000044e-01 3.278999999999999797e-03 8.785340000000000371e-01 4.776670000000000083e-01 -3.569999999999999823e-03
6.000000000000000000e+00 5.700000000000000000e+01 2.400000000000000000e+01 1.000000000000000000e+00 3.200000000000000178e+00 4.499999999999999877e-04 2.994999999999999832e-03 9.999949999999999672e-01 4.796449999999999880e-01 -8.774589999999999890e-01 2.412000000000000081e-03 8.774629999999999930e-01 4.796420000000000128e-01 -1.832000000000000078e-03
1.000000000000000000e+01 5.700000000000000000e+01 2.400000000000000000e+01 1.000000000000000000e+00 3.200000000000000178e+00 -3.981000000000000164e-03 1.999999999999999909e-06 9.999919999999999920e-01 4.854080000000000061e-01 -8.742860000000000076e-01 1.933999999999999955e-03 8.742790000000000283e-01 4.854120000000000101e-01 3.480000000000000020e-03
1.000000000000000000e+01 3.500000000000000000e+01 2.800000000000000000e+01 1.000000000000000000e+00 3.200000000000000178e+00 3.490000000000000263e-04 2.889999999999999774e-04 -1.000000000000000000e+00 -5.961520000000000152e-01 -8.028720000000000301e-01 -4.400000000000000157e-04 -8.028720000000000301e-01 5.961520000000000152e-01 -1.079999999999999960e-04
4.000000000000000000e+00 1.100000000000000000e+01 3.000000000000000000e+01 1.000000000000000000e+00 3.200000000000000178e+00 3.458999999999999835e-03 2.595999999999999783e-03 9.999909999999999632e-01 -5.170700000000000296e-02 9.986589999999999634e-01 -2.413999999999999913e-03 -9.986559999999999881e-01 -5.169800000000000090e-02 3.588000000000000043e-03
1.300000000000000000e+01 1.100000000000000000e+01 3.000000000000000000e+01 1.000000000000000000e+00 3.200000000000000178e+00 -3.024000000000000212e-03 -7.598999999999999852e-03 9.999670000000000503e-01 -5.641800000000000287e-02 9.983800000000000452e-01 7.415999999999999849e-03 -9.984030000000000404e-01 -5.639299999999999868e-02 -3.446999999999999977e-03
2.000000000000000000e+00 1.700000000000000000e+01 3.600000000000000000e+01 1.000000000000000000e+00 3.200000000000000178e+00 -1.552999999999999910e-03 -3.899999999999999929e-05 9.999989999999999712e-01 5.766449999999999632e-01 -8.169939999999999980e-01 8.639999999999999677e-04 8.169929999999999692e-01 5.766459999999999919e-01 1.291000000000000047e-03
6.000000000000000000e+00 1.700000000000000000e+01 3.600000000000000000e+01 1.000000000000000000e+00 3.200000000000000178e+00 -1.659000000000000101e-03 1.675999999999999972e-03 9.999970000000000248e-01 5.815690000000000026e-01 -8.134940000000000504e-01 2.328000000000000208e-03 8.134949999999999681e-01 5.815709999999999491e-01 3.750000000000000078e-04
1.000000000000000000e+01 1.700000000000000000e+01 3.600000000000000000e+01 1.000000000000000000e+00 3.200000000000000178e+00 1.150000000000000035e-04 -2.229000000000000078e-03 9.999980000000000535e-01 5.834340000000000082e-01 -8.121589999999999643e-01 -1.876999999999999979e-03 8.121610000000000218e-01 5.834319999999999506e-01 1.206999999999999957e-03
1.300000000000000000e+01 1.700000000000000000e+01 3.600000000000000000e+01 1.000000000000000000e+00 3.200000000000000178e+00 2.546999999999999785e-03 -1.111000000000000008e-03 9.999959999999999960e-01 5.815829999999999611e-01 -8.134829999999999561e-01 -2.384999999999999967e-03 8.134829999999999561e-01 5.815869999999999651e-01 -1.425999999999999967e-03
5.000000000000000000e+00 4.800000000000000000e+01 4.300000000000000000e+01 1.000000000000000000e+00 3.200000000000000178e+00 1.240000000000000054e-04 -4.007000000000000145e-03 9.999919999999999920e-01 -9.865660000000000540e-01 1.633600000000000052e-01 7.770000000000000214e-04 -1.633620000000000072e-01 -9.865580000000000460e-01 -3.932999999999999864e-03
1.100000000000000000e+01 4.800000000000000000e+01 4.300000000000000000e+01 1.000000000000000000e+00 3.200000000000000178e+00 1.569999999999999944e-04 4.217000000000000262e-03 9.999909999999999632e-01 -9.866420000000000190e-01 1.629019999999999913e-01 -5.320000000000000293e-04 -1.629029999999999923e-01 -9.866329999999999822e-01 4.186999999999999750e-03
7.000000000000000000e+00 2.600000000000000000e+01 5.000000000000000000e+01 1.000000000000000000e+00 3.200000000000000178e+00 -4.100999999999999611e-03 -8.377800000000000524e-02 9.964760000000000284e-01 -8.127400000000000180e-01 5.808480000000000310e-01 4.548900000000000166e-02 -5.826120000000000188e-01 -8.096900000000000208e-01 -7.047200000000000686e-02
8.000000000000000000e+00 4.100000000000000000e+01 6.100000000000000000e+01 1.000000000000000000e+00 3.200000000000000178e+00 4.258689999999999976e-01 8.852179999999999493e-01 -1.871480000000000088e-01 -8.930519999999999570e-01 3.780540000000000012e-01 -2.439929999999999877e-01 -1.452350000000000030e-01 2.710420000000000051e-01 9.515479999999999494e-01
8.000000000000000000e+00 1.700000000000000000e+01 6.200000000000000000e+01 1.000000000000000000e+00 3.200000000000000178e+00 5.918699999999999656e-02 5.770600000000000035e-02 9.965779999999999639e-01 -8.909620000000000317e-01 -4.471870000000000012e-01 7.880900000000000405e-02 4.502039999999999931e-01 -8.925769999999999538e-01 2.494599999999999942e-02
1.400000000000000000e+01 1.700000000000000000e+01 6.200000000000000000e+01 1.000000000000000000e+00 3.200000000000000178e+00 2.313899999999999985e-02 3.531900000000000317e-02 9.991079999999999961e-01 -8.902919999999999723e-01 -4.539110000000000089e-01 3.666500000000000314e-02 4.548010000000000108e-01 -8.903469999999999995e-01 2.094100000000000128e-02
3.000000000000000000e+00 1.000000000000000000e+01 6.400000000000000000e+01 1.000000000000000000e+00 3.200000000000000178e+00 -9.867000000000000770e-03 -4.202199999999999686e-02 -9.990679999999999561e-01 8.024409999999999599e-01 -5.964850000000000430e-01 1.716300000000000117e-02 -5.966500000000000137e-01 -8.015229999999999855e-01 3.960600000000000231e-02
1.100000000000000000e+01 1.000000000000000000e+01 6.400000000000000000e+01 1.000000000000000000e+00 3.200000000000000178e+00 -2.169999999999999891e-04 6.965999999999999970e-03 -9.999759999999999760e-01 7.916199999999999903e-01 -6.109980000000000411e-01 -4.427999999999999645e-03 -6.110139999999999461e-01 -7.916009999999999991e-01 -5.381999999999999632e-03
4.000000000000000000e+00 1.100000000000000000e+01 6.500000000000000000e+01 1.000000000000000000e+00 3.200000000000000178e+00 -1.290900000000000034e-02 -4.777499999999999802e-02 -9.987749999999999684e-01 7.985280000000000156e-01 -6.016749999999999599e-01 1.845899999999999971e-02 -6.018200000000000216e-01 -7.973109999999999919e-01 4.591699999999999948e-02
1.200000000000000000e+01 1.100000000000000000e+01 6.500000000000000000e+01 1.000000000000000000e+00 3.200000000000000178e+00 -2.620000000000000258e-04 7.119999999999999593e-03 -9.999749999999999472e-01 7.913850000000000051e-01 -6.113009999999999833e-01 -4.559999999999999817e-03 -6.113180000000000280e-01 -7.913660000000000139e-01 -5.474999999999999832e-03
4.000000000000000000e+00 1.000000000000000000e+01 6.800000000000000000e+01 1.000000000000000000e+00 3.200000000000000178e+00 -3.235000000000000028e-03 -2.223400000000000029e-02 9.997479999999999700e-01 -9.638560000000000461e-01 -2.662700000000000067e-01 -9.041000000000000425e-03 2.664030000000000009e-01 -9.636419999999999986e-01 -2.056900000000000048e-02
2.000000000000000000e+00 4.000000000000000000e+00 8.000000000000000000e+01 1.000000000000000000e+00 3.200000000000000178e+00 2.360000000000000119e-03 4.409999999999999858e-04 9.999970000000000248e-01 -2.736900000000000097e-02 -9.996249999999999858e-01 5.060000000000000478e-04 9.996230000000000393e-01 -2.736999999999999850e-02 -2.347000000000000128e-03
8.000000000000000000e+00 4.000000000000000000e+00 8.000000000000000000e+01 1.000000000000000000e+00 3.200000000000000178e+00 4.739999999999999747e-04 -2.410000000000000033e-04 1.000000000000000000e+00 -2.901000000000000106e-02 -9.995789999999999953e-01 -2.269999999999999882e-04 9.995789999999999953e-01 -2.901000000000000106e-02 -4.809999999999999823e-04
1.100000000000000000e+01 4.000000000000000000e+00 8.000000000000000000e+01 1.000000000000000000e+00 3.200000000000000178e+00 -2.090000000000000115e-04 -8.329999999999999731e-04 1.000000000000000000e+00 -2.688300000000000065e-02 -9.996380000000000265e-01 -8.379999999999999862e-04 9.996390000000000553e-01 -2.688300000000000065e-02 1.859999999999999945e-04
9.000000000000000000e+00 5.000000000000000000e+01 8.600000000000000000e+01 1.000000000000000000e+00 3.200000000000000178e+00 -6.894649999999999945e-01 -6.337599999999999900e-01 -3.506940000000000057e-01 -7.143920000000000270e-01 5.151120000000000143e-01 4.736070000000000002e-01 -1.195060000000000011e-01 5.770680000000000254e-01 -8.079049999999999843e-01
1.200000000000000000e+01 5.100000000000000000e+01 9.200000000000000000e+01 1.000000000000000000e+00 3.200000000000000178e+00 3.297499999999999737e-02 -9.451779999999999626e-01 3.248869999999999814e-01 9.793779999999999708e-01 -3.427199999999999691e-02 -1.991090000000000082e-01 1.993280000000000052e-01 3.247519999999999851e-01 9.245560000000000445e-01
5.000000000000000000e+00 4.000000000000000000e+00 2.000000000000000000e+00 1.000000000000000000e+00 4.031747000000000192e+00 -3.299999999999999982e-04 -4.328000000000000250e-03 9.999909999999999632e-01 7.205400000000000693e-02 -9.973919999999999453e-01 -4.292999999999999941e-03 9.974009999999999820e-01 7.205200000000000493e-02 6.409999999999999682e-04
9.000000000000000000e+00 4.000000000000000000e+00 2.000000000000000000e+00 1.000000000000000000e+00 4.031747000000000192e+00 4.800000000000000122e-04 -9.377999999999999184e-03 9.999559999999999560e-01 7.107099999999999529e-02 -9.974269999999999525e-01 -9.388000000000000511e-03 9.974709999999999965e-01 7.107199999999999629e-02 1.879999999999999890e-04
8.000000000000000000e+00 2.000000000000000000e+00 6.000000000000000000e+00 1.000000000000000000e+00 4.031747000000000192e+00 -3.951999999999999784e-03 -4.721000000000000370e-03 -9.999810000000000088e-01 -1.506470000000000031e-01 -9.885739999999999528e-01 5.263000000000000317e-03 -9.885800000000000143e-01 1.506649999999999934e-01 3.194999999999999923e-03
2.000000000000000000e+00 2.000000000000000000e+01 7.000000000000000000e+00 1.000000000000000000e+00 4.031747000000000192e+00 -3.017999999999999849e-03 -3.109999999999999917e-03 -9.999909999999999632e-01 -6.665069999999999606e-01 -7.454859999999999820e-01 4.329999999999999648e-03 -7.454929999999999612e-01 6.665140000000000509e-01 1.769999999999999926e-04
7.000000000000000000e+00 2.000000000000000000e+01 7.000000000000000000e+00 1.000000000000000000e+00 4.031747000000000192e+00 -3.343000000000000051e-03 -4.668000000000000274e-03 -9.999829999999999552e-01 -6.668250000000000011e-01 -7.451919999999999655e-01 5.708000000000000400e-03 -7.452069999999999528e-01 6.668330000000000091e-01 -6.220000000000000485e-04
3.000000000000000000e+00 2.100000000000000000e+01 8.000000000000000000e+00 1.000000000000000000e+00 4.031747000000000192e+00 -2.320000000000000014e-03 -1.732999999999999948e-03 -9.999959999999999960e-01 -7.870620000000000394e-01 -6.168670000000000542e-01 2.895000000000000004e-03 -6.168690000000000007e-01 7.870660000000000434e-01 6.700000000000000226e-05
7.000000000000000000e+00 2.100000000000000000e+01 8.000000000000000000e+00 1.000000000000000000e+00 4.031747000000000192e+00 -2.759999999999999867e-03 -3.436999999999999951e-03 -9.999900000000000455e-01 -7.881320000000000547e-01 -6.154920000000000391e-01 4.290000000000000410e-03 -6.155000000000000471e-01 7.881359999999999477e-01 -1.010000000000000047e-03
4.000000000000000000e+00 9.000000000000000000e+00 1.000000000000000000e+01 1.000000000000000000e+00 4.031747000000000192e+00 -7.290000000000000473e-04 -2.509999999999999753e-04 1.000000000000000000e+00 1.824689999999999923e-01 9.832109999999999461e-01 3.800000000000000209e-04 -9.832109999999999461e-01 1.824689999999999923e-01 -6.710000000000000469e-04
1.200000000000000000e+01 9.000000000000000000e+00 1.000000000000000000e+01 1.000000000000000000e+00 4.031747000000000192e+00 -2.229000000000000078e-03 -4.752000000000000147e-03 9.999860000000000415e-01 1.826059999999999905e-01 9.831729999999999636e-01 5.079000000000000181e-03 -9.831839999999999469e-01 1.826149999999999995e-01 -1.324000000000000090e-03
1.000000000000000000e+00 1.400000000000000000e+01 1.900000000000000000e+01 1.000000000000000000e+00 4.031747000000000192e+00 1.397999999999999937e-03 2.849999999999999886e-04 -9.999989999999999712e-01 6.854909999999999615e-01 7.280799999999999494e-01 1.165999999999999936e-03 7.280790000000000317e-01 -6.854919999999999902e-01 8.229999999999999469e-04
7.000000000000000000e+00 1.400000000000000000e+01 1.900000000000000000e+01 1.000000000000000000e+00 4.031747000000000192e+00 -1.685999999999999999e-03 -4.688000000000000327e-03 -9.999879999999999880e-01 6.842869999999999786e-01 7.291980000000000128e-01 -4.571999999999999675e-03 7.292110000000000536e-01 -6.842869999999999786e-01 1.978000000000000157e-03
1.300000000000000000e+01 1.400000000000000000e+01 1.900000000000000000e+01 1.000000000000000000e+00 4.031747000000000192e+00 -1.510999999999999973e-03 -2.703999999999999806e-03 -9.999949999999999672e-01 6.854679999999999662e-01 7.280969999999999942e-01 -3.004000000000000160e-03 7.281009999999999982e-01 -6.854689999999999950e-01 7.540000000000000044e-04
3.000000000000000000e+00 1.200000000000000000e+01 2.200000000000000000e+01 1.000000000000000000e+00 4.031747000000000192e+00 2.079999999999999872e-04 -1.523000000000000048e-03 -9.999989999999999712e-01 8.304780000000000495e-01 5.570509999999999629e-01 -6.759999999999999516e-04 5.570509999999999629e-01 -8.304770000000000207e-01 1.379999999999999933e-03
4.000000000000000000e+00 1.100000000000000000e+01 2.300000000000000000e+01 1.000000000000000000e+00 4.031747000000000192e+00 2.599999999999999840e-05 -1.569999999999999998e-03 -9.999989999999999712e-01 8.245649999999999924e-01 5.657659999999999911e-01 -8.670000000000000406e-04 5.657670000000000199e-01 -8.245639999999999636e-01 1.309999999999999967e-03
9.000000000000000000e+00 1.100000000000000000e+01 2.300000000000000000e+01 1.000000000000000000e+00 4.031747000000000192e+00 -8.630000000000000518e-04 -3.138000000000000164e-03 -9.999949999999999672e-01 8.236529999999999685e-01 5.670889999999999542e-01 -2.491000000000000159e-03 5.670929999999999582e-01 -8.236510000000000220e-01 2.095000000000000074e-03
6.000000000000000000e+00 2.900000000000000000e+01 2.300000000000000000e+01 1.000000000000000000e+00 4.031747000000000192e+00 -5.140000000000000254e-04 -5.315000000000000280e-03 -9.999860000000000415e-01 7.568500000000000227e-02 -9.971179999999999488e-01 5.261000000000000051e-03 -9.971320000000000183e-01 -7.568099999999999827e-02 9.150000000000000147e-04
1.200000000000000000e+01 4.400000000000000000e+01 4.600000000000000000e+01 1.000000000000000000e+00 4.031747000000000192e+00 2.540879999999999805e-01 5.964499999999999663e-02 9.653399999999999759e-01 -9.671760000000000357e-01 1.879000000000000115e-02 2.534109999999999974e-01 -3.024000000000000212e-03 -9.980430000000000135e-01 6.246199999999999669e-02
6.000000000000000000e+00 4.000000000000000000e+00 5.100000000000000000e+01 1.000000000000000000e+00 4.031747000000000192e+00 5.579999999999999891e-03 6.121999999999999838e-03 -9.999660000000000215e-01 8.129480000000000040e-01 5.822800000000000198e-01 8.101000000000000562e-03 5.823099999999999943e-01 -8.129650000000000487e-01 -1.727999999999999935e-03
8.000000000000000000e+00 3.000000000000000000e+00 5.200000000000000000e+01 1.000000000000000000e+00 4.031747000000000192e+00 6.779000000000000303e-03 4.499000000000000395e-03 -9.999670000000000503e-01 8.955079999999999707e-01 4.449719999999999787e-01 8.073000000000000315e-03 4.449940000000000007e-01 -8.955330000000000235e-01 -1.013000000000000012e-03
1.200000000000000000e+01 1.400000000000000000e+01 5.500000000000000000e+01 1.000000000000000000e+00 4.031747000000000192e+00 5.724200000000000121e-02 3.419599999999999723e-02 9.977740000000000498e-01 -8.993700000000000028e-01 -4.321160000000000001e-01 6.640600000000000669e-02 4.334250000000000047e-01 -9.011689999999999978e-01 6.019000000000000045e-03
1.300000000000000000e+01 4.600000000000000000e+01 5.500000000000000000e+01 1.000000000000000000e+00 4.031747000000000192e+00 4.660389999999999810e-01 4.909450000000000203e-01 -7.360579999999999901e-01 -8.373650000000000260e-01 5.133870000000000378e-01 -1.877570000000000072e-01 2.857040000000000135e-01 7.038510000000000044e-01 6.503590000000000204e-01
1.300000000000000000e+01 4.000000000000000000e+01 7.100000000000000000e+01 1.000000000000000000e+00 4.031747000000000192e+00 9.820940000000000225e-01 1.082400000000000029e-01 1.541909999999999947e-01 1.150439999999999935e-01 -9.927120000000000388e-01 -3.588000000000000217e-02 1.491840000000000110e-01 5.297600000000000225e-02 -9.873889999999999612e-01
1.000000000000000000e+00 3.000000000000000000e+00 8.000000000000000000e+01 1.000000000000000000e+00 4.031747000000000192e+00 1.978000000000000157e-03 7.299999999999999903e-05 9.999980000000000535e-01 2.385900000000000173e-02 -9.997150000000000203e-01 2.599999999999999840e-05 9.997129999999999628e-01 2.385900000000000173e-02 -1.978999999999999856e-03
1.100000000000000000e+01 3.000000000000000000e+00 8.000000000000000000e+01 1.000000000000000000e+00 4.031747000000000192e+00 1.350000000000000017e-04 -5.959999999999999586e-04 1.000000000000000000e+00 2.845400000000000013e-02 -9.995950000000000113e-01 -5.999999999999999474e-04 9.995950000000000113e-01 2.845400000000000013e-02 -1.179999999999999951e-04
1.100000000000000000e+01 4.500000000000000000e+01 8.000000000000000000e+01 1.000000000000000000e+00 4.031747000000000192e+00 -9.201160000000000450e-01 3.419139999999999957e-01 -1.910000000000000031e-01 -3.741180000000000061e-01 -9.115919999999999579e-01 1.703989999999999949e-01 -1.158529999999999976e-01 2.282430000000000014e-01 9.666869999999999630e-01
1.000000000000000000e+01 3.400000000000000000e+01 8.100000000000000000e+01 1.000000000000000000e+00 4.031747000000000192e+00 -1.675580000000000125e-01 -4.067100000000000160e-01 8.980599999999999694e-01 -5.887639999999999540e-01 7.719340000000000090e-01 2.397400000000000087e-01 -7.907480000000000064e-01 -4.885749999999999815e-01 -3.688000000000000167e-01
4.000000000000000000e+00 5.100000000000000000e+01 8.200000000000000000e+01 1.000000000000000000e+00 4.031747000000000192e+00 3.827200000000000046e-01 -4.581799999999999762e-01 8.022449999999999859e-01 6.422369999999999468e-01 -4.922739999999999894e-01 -5.875350000000000295e-01 6.641209999999999614e-01 7.400930000000000009e-01 1.058570000000000066e-01
5.000000000000000000e+00 5.400000000000000000e+01 8.500000000000000000e+01 1.000000000000000000e+00 4.031747000000000192e+00 9.171600000000000585e-02 -7.966330000000000355e-01 5.974639999999999951e-01 7.526549999999999629e-01 -3.373909999999999965e-01 -5.654010000000000424e-01 6.519960000000000200e-01 5.015399999999999858e-01 5.686459999999999848e-01
5.000000000000000000e+00 3.000000000000000000e+01 8.800000000000000000e+01 1.000000000000000000e+00 4.031747000000000192e+00 -3.764830000000000121e-01 9.212299999999999933e-01 9.795800000000000340e-02 -7.378930000000000211e-01 -2.342529999999999890e-01 -6.329609999999999959e-01 -5.601549999999999585e-01 -3.105820000000000247e-01 7.679620000000000335e-01
1.200000000000000000e+01 5.200000000000000000e+01 8.800000000000000000e+01 1.000000000000000000e+00 4.031747000000000192e+00 -1.487000000000000040e-03 -9.141240000000000476e-01 4.054309999999999858e-01 8.233829999999999760e-01 -2.311960000000000126e-01 -5.182560000000000500e-01 5.674839999999999884e-01 3.330540000000000167e-01 7.530179999999999652e-01
4.000000000000000000e+00 3.600000000000000000e+01 9.000000000000000000e+01 1.000000000000000000e+00 4.031747000000000192e+00 6.428000000000000380e-01 -7.247310000000000141e-01 2.481389999999999985e-01 6.709570000000000256e-01 3.763599999999999723e-01 -6.388810000000000322e-01 3.696280000000000121e-01 5.771629999999999816e-01 7.281879999999999464e-01
3.000000000000000000e+00 4.700000000000000000e+01 7.000000000000000000e+00 1.000000000000000000e+00 5.079683000000000170e+00 5.121999999999999817e-03 -1.261499999999999948e-02 -9.999069999999999903e-01 -8.058210000000000095e-01 5.920459999999999612e-01 -1.159800000000000067e-02 5.921370000000000244e-01 8.058060000000000223e-01 -7.132999999999999584e-03
4.000000000000000000e+00 1.000000000000000000e+01 1.000000000000000000e+01 1.000000000000000000e+00 5.079683000000000170e+00 -1.191000000000000001e-03 5.099999999999999960e-05 9.999989999999999712e-01 9.560299999999999354e-02 9.954199999999999715e-01 6.299999999999999990e-05 -9.954190000000000538e-01 9.560299999999999354e-02 -1.190000000000000085e-03
1.200000000000000000e+01 1.000000000000000000e+01 1.000000000000000000e+01 1.000000000000000000e+00 5.079683000000000170e+00 -2.147000000000000037e-03 -2.981999999999999842e-03 9.999930000000000208e-01 9.593799999999999550e-02 9.953819999999999890e-01 3.174000000000000172e-03 -9.953849999999999643e-01 9.594400000000000150e-02 -1.850999999999999998e-03
2.000000000000000000e+00 2.700000000000000000e+01 1.000000000000000000e+01 1.000000000000000000e+00 5.079683000000000170e+00 -2.210000000000000050e-04 2.699999999999999899e-05 -1.000000000000000000e+00 -8.663910000000000222e-01 4.993659999999999766e-01 2.049999999999999956e-04 4.993659999999999766e-01 8.663910000000000222e-01 -8.700000000000000051e-05
7.000000000000000000e+00 2.700000000000000000e+01 1.000000000000000000e+01 1.000000000000000000e+00 5.079683000000000170e+00 -4.003999999999999747e-03 -1.069000000000000072e-03 -9.999909999999999632e-01 -8.669930000000000136e-01 4.983110000000000039e-01 2.938000000000000073e-03 4.983029999999999959e-01 8.669980000000000464e-01 -2.922000000000000118e-03
5.000000000000000000e+00 2.100000000000000000e+01 1.300000000000000000e+01 1.000000000000000000e+00 5.079683000000000170e+00 6.409999999999999682e-04 -4.199999999999999768e-05 1.000000000000000000e+00 5.882129999999999859e-01 -8.087060000000000359e-01 -4.110000000000000155e-04 8.087060000000000359e-01 5.882129999999999859e-01 -4.929999999999999487e-04
1.000000000000000000e+01 2.100000000000000000e+01 1.300000000000000000e+01 1.000000000000000000e+00 5.079683000000000170e+00 1.910000000000000077e-04 -1.899000000000000080e-03 9.999980000000000535e-01 5.880459999999999576e-01 -8.088260000000000449e-01 -1.647999999999999942e-03 8.088269999999999627e-01 5.880450000000000399e-01 9.619999999999999645e-04
2.000000000000000000e+00 2.500000000000000000e+01 1.500000000000000000e+01 1.000000000000000000e+00 5.079683000000000170e+00 3.379999999999999758e-04 1.100000000000000039e-04 1.000000000000000000e+00 4.262489999999999890e-01 -9.046060000000000212e-01 -4.500000000000000283e-05 9.046060000000000212e-01 4.262489999999999890e-01 -3.530000000000000152e-04
8.000000000000000000e+00 5.100000000000000000e+01 2.500000000000000000e+01 1.000000000000000000e+00 5.079683000000000170e+00 2.955000000000000161e-03 -1.170000000000000033e-03 9.999949999999999672e-01 -9.822060000000000235e-01 1.877830000000000055e-01 3.122999999999999908e-03 -1.877860000000000085e-01 -9.822100000000000275e-01 -5.940000000000000184e-04
9.000000000000000000e+00 3.600000000000000000e+01 2.800000000000000000e+01 1.000000000000000000e+00 5.079683000000000170e+00 -9.290000000000000297e-04 -1.075999999999999917e-03 -9.999989999999999712e-01 6.870640000000000081e-01 -7.265970000000000484e-01 1.440000000000000036e-04 -7.265970000000000484e-01 -6.870629999999999793e-01 1.415000000000000025e-03
5.000000000000000000e+00 1.100000000000000000e+01 3.300000000000000000e+01 1.000000000000000000e+00 5.079683000000000170e+00 -1.629999999999999939e-03 1.853000000000000046e-03 -9.999970000000000248e-01 1.185650000000000037e-01 9.929449999999999665e-01 1.645999999999999894e-03 9.929449999999999665e-01 -1.185620000000000007e-01 -1.838000000000000007e-03
3.000000000000000000e+00 3.500000000000000000e+01 3.700000000000000000e+01 1.000000000000000000e+00 5.079683000000000170e+00 1.164000000000000104e-03 -5.075999999999999783e-03 9.999860000000000415e-01 3.498359999999999803e-01 -9.367969999999999908e-01 -5.161999999999999922e-03 9.368100000000000316e-01 3.498370000000000091e-01 6.849999999999999535e-04
1.200000000000000000e+01 3.500000000000000000e+01 3.700000000000000000e+01 1.000000000000000000e+00 5.079683000000000170e+00 6.830000000000000134e-04 -2.995999999999999965e-03 9.999949999999999672e-01 3.515639999999999876e-01 -9.361589999999999634e-01 -3.044999999999999964e-03 9.361639999999999961e-01 3.515639999999999876e-01 4.139999999999999800e-04
7.000000000000000000e+00 4.500000000000000000e+01 3.900000000000000000e+01 1.000000000000000000e+00 5.079683000000000170e+00 7.529999999999999801e-04 -4.649999999999999620e-03 -9.999890000000000168e-01 -8.438830000000000497e-01 5.365180000000000504e-01 -3.129999999999999970e-03 5.365269999999999762e-01 8.438759999999999595e-01 -3.520000000000000125e-03
3.000000000000000000e+00 4.300000000000000000e+01 4.600000000000000000e+01 1.000000000000000000e+00 5.079683000000000170e+00 1.868699999999999875e-02 -9.782000000000000764e-03 9.997779999999999445e-01 -9.518219999999999459e-01 3.059470000000000245e-01 2.078400000000000039e-02 -3.060829999999999940e-01 -9.519980000000000109e-01 -3.592999999999999840e-03
1.100000000000000000e+01 1.300000000000000000e+01 6.200000000000000000e+01 1.000000000000000000e+00 5.079683000000000170e+00 -1.374200000000000074e-02 3.225200000000000289e-02 -9.993849999999999678e-01 7.505509999999999682e-01 -6.600559999999999761e-01 -3.162100000000000327e-02 -6.606699999999999795e-01 -7.505239999999999689e-01 -1.513600000000000015e-02
1.200000000000000000e+01 1.400000000000000000e+01 6.300000000000000000e+01 1.000000000000000000e+00 5.079683000000000170e+00 -1.435200000000000017e-02 3.397599999999999926e-02 -9.993199999999999861e-01 7.494159999999999711e-01 -6.612639999999999629e-01 -3.324599999999999778e-02 -6.619429999999999481e-01 -7.493840000000000501e-01 -1.597200000000000009e-02
8.000000000000000000e+00 2.700000000000000000e+01 6.300000000000000000e+01 1.000000000000000000e+00 5.079683000000000170e+00 6.165500000000000147e-02 1.966800000000000145e-02 -9.979040000000000132e-01 -9.575630000000000530e-01 2.831989999999999785e-01 -5.358099999999999669e-02 2.815520000000000245e-01 9.588590000000000169e-01 3.629500000000000087e-02
8.000000000000000000e+00 3.800000000000000000e+01 6.800000000000000000e+01 1.000000000000000000e+00 5.079683000000000170e+00 1.497829999999999995e-01 9.862509999999999888e-01 -6.981600000000000306e-02 -9.767299999999999871e-01 1.366350000000000064e-01 -1.653139999999999887e-01 -1.535019999999999996e-01 9.295299999999999396e-02 9.837669999999999471e-01
1.300000000000000000e+01 2.500000000000000000e+01 6.900000000000000000e+01 1.000000000000000000e+00 5.079683000000000170e+00 8.247000000000000858e-03 4.426000000000000247e-03 9.999559999999999560e-01 -8.971999999999999975e-01 -4.415250000000000008e-01 9.353999999999999468e-03 4.415470000000000228e-01 -8.972379999999999800e-01 3.299999999999999982e-04
5.000000000000000000e+00 5.000000000000000000e+01 8.200000000000000000e+01 1.000000000000000000e+00 5.079683000000000170e+00 3.474880000000000191e-01 -4.100460000000000216e-01 8.432760000000000256e-01 6.586379999999999457e-01 -5.333759999999999613e-01 -5.307600000000000096e-01 6.674189999999999845e-01 7.398460000000000036e-01 8.472999999999999976e-02
9.000000000000000000e+00 5.500000000000000000e+01 9.000000000000000000e+01 1.000000000000000000e+00 5.079683000000000170e+00 -5.006100000000000133e-02 2.218640000000000057e-01 -9.737919999999999909e-01 7.640689999999999982e-01 6.364130000000000065e-01 1.057180000000000064e-01 6.431890000000000107e-01 -7.387519999999999643e-01 -2.013790000000000024e-01
8.000000000000000000e+00 5.400000000000000000e+01 9.100000000000000000e+01 1.000000000000000000e+00 5.079683000000000170e+00 -4.378200000000000147e-02 1.309760000000000091e-01 -9.904180000000000206e-01 7.934059999999999446e-01 6.070130000000000248e-01 4.519999999999999712e-02 6.071159999999999890e-01 -7.838249999999999940e-01 -1.304939999999999989e-01
7.000000000000000000e+00 5.200000000000000000e+01 9.600000000000000000e+01 1.000000000000000000e+00 5.079683000000000170e+00 -6.818299999999999361e-02 -7.177529999999999744e-01 -6.929509999999999836e-01 9.655139999999999834e-01 1.274560000000000137e-01 -2.270189999999999986e-01 2.512639999999999874e-01 -6.845329999999999471e-01 6.843099999999999739e-01
2.000000000000000000e+00 5.000000000000000000e+00 5.000000000000000000e+00 2.000000000000000000e+00 6.400000000000000355e+00 -1.928000000000000026e-03 4.929999999999999487e-04 9.999980000000000535e-01 -7.008999999999999606e-03 9.999749999999999472e-01 -5.060000000000000478e-04 -9.999740000000000295e-01 -7.009999999999999738e-03 -1.925000000000000062e-03
5.000000000000000000e+00 5.000000000000000000e+00 5.000000000000000000e+00 2.000000000000000000e+00 6.400000000000000355e+00 -2.642999999999999950e-03 -5.839999999999999922e-04 9.999959999999999960e-01 -7.128999999999999920e-03 9.999740000000000295e-01 5.659999999999999884e-04 -9.999710000000000543e-01 -7.126999999999999655e-03 -2.647000000000000047e-03
3.000000000000000000e+00 1.300000000000000000e+01 1.000000000000000000e+01 2.000000000000000000e+00 6.400000000000000355e+00 -9.899999999999999946e-04 -1.299999999999999940e-03 -9.999989999999999712e-01 -1.150469999999999965e-01 -9.933589999999999920e-01 1.404999999999999999e-03 -9.933600000000000207e-01 1.150479999999999975e-01 8.329999999999999731e-04
2.000000000000000000e+00 1.400000000000000000e+01 1.200000000000000000e+01 2.000000000000000000e+00 6.400000000000000355e+00 -8.610000000000000032e-04 -2.037999999999999881e-03 -9.999980000000000535e-01 -4.630000000000000088e-02 -9.989249999999999519e-01 2.075000000000000022e-03 -9.989270000000000094e-01 4.630200000000000288e-02 7.659999999999999708e-04
5.000000000000000000e+00 1.800000000000000000e+01 1.400000000000000000e+01 2.000000000000000000e+00 6.400000000000000355e+00 -1.585999999999999953e-03 -1.423999999999999919e-03 -9.999980000000000535e-01 7.099379999999999580e-01 -7.042640000000000011e-01 -1.230000000000000082e-04 -7.042620000000000546e-01 -7.099370000000000402e-01 2.128000000000000117e-03
1.000000000000000000e+00 1.100000000000000000e+01 1.600000000000000000e+01 2.000000000000000000e+00 6.400000000000000355e+00 1.244000000000000097e-03 -1.196999999999999974e-02 -9.999280000000000390e-01 4.066199999999999676e-02 -9.991010000000000169e-01 1.201100000000000084e-02 -9.991719999999999491e-01 -4.067400000000000182e-02 -7.560000000000000530e-04
6.000000000000000000e+00 1.100000000000000000e+01 1.600000000000000000e+01 2.000000000000000000e+00 6.400000000000000355e+00 -1.521999999999999915e-03 -1.562400000000000073e-02 -9.998770000000000158e-01 2.851800000000000168e-02 -9.994720000000000271e-01 1.557399999999999930e-02 -9.995920000000000361e-01 -2.849099999999999897e-02 1.966999999999999998e-03
6.000000000000000000e+00 1.000000000000000000e+01 1.900000000000000000e+01 2.000000000000000000e+00 6.400000000000000355e+00 -6.630099999999999882e-02 2.530000000000000239e-04 -9.978000000000000203e-01 -9.829229999999999912e-01 -1.720540000000000125e-01 6.526800000000000657e-02 -1.716590000000000060e-01 9.850870000000000459e-01 1.165599999999999969e-02
2.000000000000000000e+00 1.400000000000000000e+01 1.900000000000000000e+01 2.000000000000000000e+00 6.400000000000000355e+00 -4.981599999999999917e-02 -4.505900000000000183e-02 -9.977409999999999890e-01 -7.072709999999999830e-01 -7.037510000000000154e-01 6.709600000000000286e-02 -7.051849999999999508e-01 7.090159999999999796e-01 3.190000000000000127e-03
6.000000000000000000e+00 1.400000000000000000e+01 1.900000000000000000e+01 2.000000000000000000e+00 6.400000000000000355e+00 -4.283800000000000108e-02 -5.082699999999999718e-02 -9.977880000000000082e-01 -6.449319999999999498e-01 -7.613440000000000207e-01 6.647200000000000331e-02 -7.630390000000000228e-01 6.463529999999999553e-01 -1.659999999999999963e-04
3.000000000000000000e+00 1.500000000000000000e+01 2.100000000000000000e+01 2.000000000000000000e+00 6.400000000000000355e+00 -6.463399999999999701e-02 -4.291099999999999776e-02 -9.969860000000000388e-01 -7.711160000000000236e-01 -6.319979999999999487e-01 7.719199999999999673e-02 -6.334060000000000246e-01 7.737810000000000521e-01 7.759000000000000272e-03
3.000000000000000000e+00 2.000000000000000000e+00 3.100000000000000000e+01 2.000000000000000000e+00 6.400000000000000355e+00 4.310999999999999728e-03 3.667999999999999820e-03 -9.999839999999999840e-01 9.986420000000000297e-01 5.190199999999999675e-02 4.494999999999999864e-03 5.191699999999999787e-02 -9.986450000000000049e-01 -3.439999999999999915e-03
3.000000000000000000e+00 5.000000000000000000e+00 3.200000000000000000e+01 2.000000000000000000e+00 6.400000000000000355e+00 -1.389600000000000037e-02 3.452000000000000207e-03 -9.998970000000000358e-01 6.822019999999999751e-01 -7.310659999999999936e-01 -1.200500000000000005e-02 -7.310320000000000151e-01 -6.822979999999999601e-01 7.804000000000000173e-03
5.000000000000000000e+00 5.000000000000000000e+00 3.200000000000000000e+01 2.000000000000000000e+00 6.400000000000000355e+00 -7.856999999999999401e-03 4.568000000000000012e-03 -9.999590000000000423e-01 6.680190000000000294e-01 -7.440940000000000332e-01 -8.647999999999999438e-03 -7.441029999999999589e-01 -6.680589999999999584e-01 2.795000000000000175e-03
4.000000000000000000e+00 1.000000000000000000e+00 3.300000000000000000e+01 2.000000000000000000e+00 6.400000000000000355e+00 -3.655999999999999962e-03 2.916999999999999888e-03 9.999890000000000168e-01 -9.498290000000000344e-01 3.127389999999999892e-01 -4.385000000000000009e-03 -3.127489999999999992e-01 -9.498349999999999849e-01 1.628000000000000107e-03
1.000000000000000000e+00 1.200000000000000000e+01 3.300000000000000000e+01 2.000000000000000000e+00 6.400000000000000355e+00 8.257699999999999763e-02 1.678500000000000131e-02 9.964429999999999676e-01 -8.374749999999999694e-01 -5.408070000000000377e-01 7.851199999999999846e-02 5.402010000000000423e-01 -8.409799999999999498e-01 -3.060099999999999973e-02
5.000000000000000000e+00 1.200000000000000000e+01 3.300000000000000000e+01 2.000000000000000000e+00 6.400000000000000355e+00 4.768700000000000022e-02 1.769300000000000039e-02 9.987059999999999826e-01 -8.507249999999999535e-01 -5.232369999999999521e-01 4.988999999999999685e-02 5.234429999999999916e-01 -8.520029999999999548e-01 -9.900000000000000813e-03
4.000000000000000000e+00 1.900000000000000000e+01 3.400000000000000000e+01 2.000000000000000000e+00 6.400000000000000355e+00 2.534830000000000139e-01 9.634960000000000191e-01 -8.614800000000000235e-02 -9.588389999999999969e-01 2.384769999999999945e-01 -1.541289999999999882e-01 -1.279589999999999894e-01 1.216710000000000014e-01 9.842880000000000518e-01
2.000000000000000000e+00 2.300000000000000000e+01 4.300000000000000000e+01 2.000000000000000000e+00 6.400000000000000355e+00 4.007479999999999931e-01 -9.141059999999999741e-01 6.173599999999999921e-02 5.195290000000000186e-01 1.712269999999999903e-01 -8.371210000000000040e-01 7.546460000000000390e-01 3.675490000000000146e-01 5.435229999999999784e-01
3.000000000000000000e+00 1.700000000000000000e+01 4.600000000000000000e+01 2.000000000000000000e+00 6.400000000000000355e+00 -8.979669999999999597e-01 3.161840000000000206e-01 3.060769999999999880e-01 3.281310000000000060e-01 9.445419999999999927e-01 -1.306099999999999969e-02 -2.932319999999999927e-01 8.870599999999999319e-02 -9.519170000000000131e-01
2.000000000000000000e+00 5.000000000000000000e+00 3.000000000000000000e+00 2.000000000000000000e+00 8.063494999999999635e+00 1.505999999999999960e-03 -3.037999999999999902e-03 9.999940000000000495e-01 6.511699999999999433e-02 -9.978730000000000100e-01 -3.129999999999999970e-03 9.978770000000000140e-01 6.512099999999999833e-02 -1.304999999999999953e-03
6.000000000000000000e+00 5.000000000000000000e+00 3.000000000000000000e+00 2.000000000000000000e+00 8.063494999999999635e+00 1.451999999999999949e-03 -3.000000000000000062e-03 9.999940000000000495e-01 6.360200000000000575e-02 -9.979710000000000525e-01 -3.086999999999999900e-03 9.979740000000000277e-01 6.360599999999999588e-02 -1.258000000000000004e-03
1.000000000000000000e+00 1.400000000000000000e+01 5.000000000000000000e+00 2.000000000000000000e+00 8.063494999999999635e+00 2.308999999999999855e-03 1.178000000000000011e-03 -9.999970000000000248e-01 -9.999559999999999560e-01 -9.110999999999999308e-03 -2.318999999999999881e-03 -9.112999999999999573e-03 9.999580000000000135e-01 1.157000000000000042e-03
1.000000000000000000e+00 2.000000000000000000e+00 6.000000000000000000e+00 2.000000000000000000e+00 8.063494999999999635e+00 -2.786999999999999981e-03 -3.183000000000000065e-03 -9.999909999999999632e-01 -3.235600000000000281e-02 -9.994709999999999983e-01 3.272000000000000169e-03 -9.994720000000000271e-01 3.236499999999999794e-02 2.681999999999999922e-03
4.000000000000000000e+00 2.600000000000000000e+01 1.300000000000000000e+01 2.000000000000000000e+00 8.063494999999999635e+00 -3.756999999999999923e-03 8.720000000000000537e-04 -9.999930000000000208e-01 9.372000000000000330e-01 -3.487729999999999997e-01 -3.824999999999999841e-03 -3.487729999999999997e-01 -9.372070000000000123e-01 4.929999999999999487e-04
1.000000000000000000e+00 3.000000000000000000e+00 1.400000000000000000e+01 2.000000000000000000e+00 8.063494999999999635e+00 -4.183000000000000086e-03 -1.299999999999999920e-05 9.999909999999999632e-01 -7.521919999999999717e-01 6.589359999999999662e-01 -3.138000000000000164e-03 -6.589300000000000157e-01 -7.521989999999999510e-01 -2.765999999999999796e-03
5.000000000000000000e+00 2.000000000000000000e+01 1.800000000000000000e+01 2.000000000000000000e+00 8.063494999999999635e+00 -1.092000000000000089e-03 -1.203599999999999982e-02 9.999270000000000103e-01 5.378760000000000208e-01 8.429560000000000386e-01 1.073400000000000049e-02 -8.430229999999999668e-01 5.378479999999999928e-01 5.552999999999999776e-03
5.000000000000000000e+00 6.000000000000000000e+00 5.000000000000000000e+00 2.000000000000000000e+00 1.015936699999999959e+01 -2.063999999999999863e-03 -1.884999999999999957e-03 -9.999959999999999960e-01 -2.785860000000000003e-01 -9.604080000000000394e-01 2.384999999999999967e-03 -9.604089999999999572e-01 2.785900000000000043e-01 1.456999999999999962e-03
2.000000000000000000e+00 6.000000000000000000e+00 1.400000000000000000e+01 2.000000000000000000e+00 1.015936699999999959e+01 -2.508999999999999946e-03 3.010999999999999788e-03 9.999919999999999920e-01 -4.020880000000000010e-01 9.155929999999999902e-01 -3.765999999999999816e-03 -9.155980000000000230e-01 -4.020940000000000070e-01 -1.085999999999999943e-03
2.000000000000000000e+00 2.400000000000000000e+01 4.200000000000000000e+01 2.000000000000000000e+00 1.015936699999999959e+01 3.178739999999999899e-01 -5.801570000000000338e-01 -7.499160000000000270e-01 7.730069999999999997e-01 6.165709999999999802e-01 -1.493359999999999965e-01 5.490150000000000308e-01 -5.322200000000000264e-01 6.444569999999999466e-01
