1.500000000000000000e+01 3.000000000000000000e+00 4.000000000000000000e+00 0.000000000000000000e+00 1.600000000000000089e+00 -2.029489999999999905e-01 -1.010149999999999937e-01 -9.739649999999999697e-01 -8.797939999999999650e-01 -4.178370000000000140e-01 2.266620000000000024e-01 -4.298549999999999871e-01 9.028890000000000526e-01 -4.073000000000000231e-03
2.000000000000000000e+00 6.000000000000000000e+00 4.000000000000000000e+00 0.000000000000000000e+00 1.600000000000000089e+00 -1.157090000000000063e-01 -8.820799999999999474e-02 -9.893589999999999884e-01 -8.599639999999999507e-01 -4.895539999999999892e-01 1.442219999999999891e-01 -4.970660000000000078e-01 8.675000000000000488e-01 -1.921000000000000138e-02
3.000000000000000000e+00 1.500000000000000000e+01 4.000000000000000000e+00 0.000000000000000000e+00 1.600000000000000089e+00 8.429999999999999993e-03 -3.475099999999999717e-02 9.993600000000000261e-01 3.348720000000000030e-01 -9.415919999999999845e-01 -3.556700000000000139e-02 9.422260000000000080e-01 3.349579999999999780e-01 3.699000000000000031e-03
9.000000000000000000e+00 1.500000000000000000e+01 4.000000000000000000e+00 0.000000000000000000e+00 1.600000000000000089e+00 -4.200000000000000174e-04 -2.428800000000000056e-02 9.997049999999999548e-01 3.162860000000000116e-01 -9.483869999999999800e-01 -2.290899999999999881e-02 9.486639999999999517e-01 3.161829999999999918e-01 8.080000000000000376e-03
1.700000000000000000e+01 1.500000000000000000e+01 4.000000000000000000e+00 0.000000000000000000e+00 1.600000000000000089e+00 -6.430000000000000169e-04 -6.068999999999999742e-03 9.999810000000000088e-01 3.099740000000000273e-01 -9.507290000000000463e-01 -5.571000000000000431e-03 9.507449999999999513e-01 3.099649999999999905e-01 2.492999999999999990e-03
2.300000000000000000e+01 1.500000000000000000e+01 4.000000000000000000e+00 0.000000000000000000e+00 1.600000000000000089e+00 -2.053000000000000137e-03 -2.781000000000000052e-03 9.999940000000000495e-01 3.079379999999999895e-01 -9.514040000000000274e-01 -2.014000000000000165e-03 9.514040000000000274e-01 3.079319999999999835e-01 2.809999999999999998e-03
2.900000000000000000e+01 1.500000000000000000e+01 4.000000000000000000e+00 0.000000000000000000e+00 1.600000000000000089e+00 4.310000000000000137e-04 -4.696999999999999786e-03 9.999890000000000168e-01 3.114720000000000266e-01 -9.502439999999999776e-01 -4.597999999999999657e-03 9.502549999999999608e-01 3.114709999999999979e-01 1.054000000000000032e-03
1.200000000000000000e+01 1.600000000000000000e+01 4.000000000000000000e+00 0.000000000000000000e+00 1.600000000000000089e+00 -6.700000000000000226e-04 -4.579999999999999870e-03 9.999890000000000168e-01 3.815290000000000070e-01 -9.243479999999999475e-01 -3.977999999999999765e-03 9.243569999999999842e-01 3.815219999999999723e-01 2.367000000000000180e-03
8.000000000000000000e+00 1.010000000000000000e+02 7.000000000000000000e+00 0.000000000000000000e+00 1.600000000000000089e+00 -2.631000000000000092e-03 -7.964000000000000593e-03 9.999649999999999928e-01 8.862349999999999950e-01 4.631970000000000254e-01 6.021000000000000310e-03 -4.632290000000000019e-01 8.862200000000000077e-01 5.838999999999999573e-03
1.600000000000000000e+01 1.010000000000000000e+02 7.000000000000000000e+00 0.000000000000000000e+00 1.600000000000000089e+00 3.797000000000000028e-03 1.595999999999999979e-03 9.999919999999999920e-01 8.850940000000000474e-01 4.653939999999999744e-01 -4.102999999999999876e-03 -4.653970000000000051e-01 8.851020000000000554e-01 3.539999999999999853e-04
2.200000000000000000e+01 1.010000000000000000e+02 7.000000000000000000e+00 0.000000000000000000e+00 1.600000000000000089e+00 3.902999999999999785e-03 -2.117000000000000132e-02 9.997679999999999900e-01 8.910470000000000335e-01 4.538710000000000244e-01 6.132000000000000298e-03 -4.538949999999999929e-01 8.908160000000000522e-01 2.063500000000000056e-02
2.800000000000000000e+01 1.010000000000000000e+02 7.000000000000000000e+00 0.000000000000000000e+00 1.600000000000000089e+00 -1.948999999999999995e-03 -1.167499999999999961e-02 9.999299999999999855e-01 8.913269999999999804e-01 4.533070000000000155e-01 7.029999999999999791e-03 -4.533570000000000100e-01 8.912780000000000147e-01 9.523000000000000215e-03
2.000000000000000000e+00 2.500000000000000000e+01 8.000000000000000000e+00 0.000000000000000000e+00 1.600000000000000089e+00 8.210000000000000067e-04 -5.373000000000000172e-03 -9.999850000000000128e-01 4.406039999999999957e-01 8.976899999999999880e-01 -4.461999999999999821e-03 8.977009999999999712e-01 -4.405939999999999857e-01 3.105000000000000121e-03
9.000000000000000000e+00 2.500000000000000000e+01 8.000000000000000000e+00 0.000000000000000000e+00 1.600000000000000089e+00 -2.125000000000000153e-03 -1.474000000000000050e-03 -9.999970000000000248e-01 4.406479999999999841e-01 8.976769999999999472e-01 -2.259999999999999856e-03 8.976779999999999760e-01 -4.406510000000000149e-01 -1.258000000000000004e-03
1.600000000000000000e+01 2.500000000000000000e+01 8.000000000000000000e+00 0.000000000000000000e+00 1.600000000000000089e+00 -1.268999999999999946e-03 -6.180999999999999862e-03 -9.999799999999999800e-01 4.438409999999999855e-01 8.960850000000000204e-01 -6.101999999999999785e-03 8.961050000000000404e-01 -4.438400000000000123e-01 1.606000000000000006e-03
2.400000000000000000e+01 2.500000000000000000e+01 8.000000000000000000e+00 0.000000000000000000e+00 1.600000000000000089e+00 -8.379999999999999862e-04 1.897000000000000032e-03 -9.999980000000000535e-01 4.444089999999999985e-01 8.958230000000000359e-01 1.327000000000000055e-03 8.958239999999999537e-01 -4.444069999999999965e-01 -1.593999999999999931e-03
2.800000000000000000e+01 2.500000000000000000e+01 8.000000000000000000e+00 0.000000000000000000e+00 1.600000000000000089e+00 -5.720000000000000258e-04 -2.049999999999999956e-04 -1.000000000000000000e+00 4.434170000000000056e-01 8.963149999999999729e-01 -4.369999999999999970e-04 8.963149999999999729e-01 -4.434170000000000056e-01 -4.209999999999999875e-04
9.000000000000000000e+00 2.400000000000000000e+01 9.000000000000000000e+00 0.000000000000000000e+00 1.600000000000000089e+00 -1.497000000000000067e-03 -2.709000000000000036e-03 -9.999949999999999672e-01 4.458969999999999878e-01 8.950789999999999580e-01 -3.092000000000000130e-03 8.950829999999999620e-01 -4.458989999999999898e-01 -1.320000000000000101e-04
1.700000000000000000e+01 2.400000000000000000e+01 9.000000000000000000e+00 0.000000000000000000e+00 1.600000000000000089e+00 -1.392000000000000008e-03 -7.394000000000000399e-03 -9.999719999999999720e-01 4.498130000000000184e-01 8.930940000000000545e-01 -7.230000000000000315e-03 8.931219999999999715e-01 -4.498099999999999876e-01 2.083000000000000216e-03
2.500000000000000000e+01 2.400000000000000000e+01 9.000000000000000000e+00 0.000000000000000000e+00 1.600000000000000089e+00 -2.500000000000000052e-04 1.982999999999999954e-03 -9.999980000000000535e-01 4.496680000000000121e-01 8.931940000000000435e-01 1.659000000000000101e-03 8.931959999999999900e-01 -4.496669999999999834e-01 -1.115000000000000106e-03
1.900000000000000000e+01 3.100000000000000000e+01 1.200000000000000000e+01 0.000000000000000000e+00 1.600000000000000089e+00 -1.820000000000000057e-04 2.260999999999999989e-03 9.999970000000000248e-01 -5.082999999999999845e-03 9.999850000000000128e-01 -2.262000000000000122e-03 -9.999869999999999592e-01 -5.082999999999999845e-03 -1.710000000000000094e-04
6.000000000000000000e+00 3.200000000000000000e+01 1.400000000000000000e+01 0.000000000000000000e+00 1.600000000000000089e+00 -2.469999999999999865e-04 1.745999999999999939e-03 -9.999989999999999712e-01 1.157019999999999993e-01 9.932819999999999983e-01 1.704999999999999918e-03 9.932839999999999447e-01 -1.157019999999999993e-01 -4.479999999999999933e-04
1.000000000000000000e+01 3.200000000000000000e+01 1.400000000000000000e+01 0.000000000000000000e+00 1.600000000000000089e+00 -2.959999999999999849e-04 1.396000000000000105e-03 -9.999989999999999712e-01 1.171699999999999964e-01 9.931109999999999660e-01 1.351999999999999903e-03 9.931119999999999948e-01 -1.171699999999999964e-01 -4.569999999999999952e-04
1.600000000000000000e+01 3.200000000000000000e+01 1.400000000000000000e+01 0.000000000000000000e+00 1.600000000000000089e+00 7.339999999999999520e-04 2.468999999999999841e-03 -9.999970000000000248e-01 1.127760000000000012e-01 9.936169999999999725e-01 2.536000000000000060e-03 9.936199999999999477e-01 -1.127780000000000032e-01 4.510000000000000120e-04
3.000000000000000000e+00 1.200000000000000000e+01 1.500000000000000000e+01 0.000000000000000000e+00 1.600000000000000089e+00 3.792999999999999931e-03 -2.624000000000000030e-03 -9.999890000000000168e-01 -4.470080000000000164e-01 -8.945300000000000473e-01 6.509999999999999945e-04 -8.945220000000000393e-01 4.470009999999999817e-01 -4.565999999999999746e-03
1.300000000000000000e+01 1.200000000000000000e+01 1.500000000000000000e+01 0.000000000000000000e+00 1.600000000000000089e+00 -1.010000000000000020e-04 -2.951000000000000064e-03 -9.999959999999999960e-01 -4.612240000000000228e-01 -8.872799999999999576e-01 2.664999999999999834e-03 -8.872839999999999616e-01 4.612229999999999941e-01 -1.270999999999999994e-03
1.900000000000000000e+01 1.200000000000000000e+01 1.500000000000000000e+01 0.000000000000000000e+00 1.600000000000000089e+00 -1.164000000000000104e-03 -4.053000000000000179e-03 -9.999909999999999632e-01 -4.665199999999999902e-01 -8.845009999999999817e-01 4.127999999999999725e-03 -8.845100000000000184e-01 4.665210000000000190e-01 -8.620000000000000275e-04
2.400000000000000000e+01 1.200000000000000000e+01 1.500000000000000000e+01 0.000000000000000000e+00 1.600000000000000089e+00 -3.615999999999999857e-03 -2.768000000000000061e-03 -9.999900000000000455e-01 -4.691850000000000187e-01 -8.830900000000000416e-01 4.140999999999999716e-03 -8.830930000000000168e-01 4.691949999999999732e-01 1.894000000000000067e-03
2.800000000000000000e+01 1.200000000000000000e+01 1.500000000000000000e+01 0.000000000000000000e+00 1.600000000000000089e+00 -4.069999999999999833e-03 1.185000000000000072e-03 -9.999909999999999632e-01 -4.666790000000000105e-01 -8.844260000000000455e-01 8.509999999999999769e-04 -8.844170000000000087e-01 4.666790000000000105e-01 4.152999999999999574e-03
1.200000000000000000e+01 1.160000000000000000e+02 1.600000000000000000e+01 0.000000000000000000e+00 1.600000000000000089e+00 4.719999999999999803e-04 4.040000000000000080e-04 1.000000000000000000e+00 7.101819999999999800e-01 7.040180000000000327e-01 -6.199999999999999999e-04 -7.040180000000000327e-01 7.101819999999999800e-01 4.500000000000000283e-05
1.600000000000000000e+01 1.160000000000000000e+02 1.600000000000000000e+01 0.000000000000000000e+00 1.600000000000000089e+00 1.446999999999999936e-03 -1.786999999999999960e-03 9.999970000000000248e-01 7.095129999999999493e-01 7.046919999999999851e-01 2.320000000000000014e-04 -7.046909999999999563e-01 7.095110000000000028e-01 2.288000000000000103e-03
2.100000000000000000e+01 1.160000000000000000e+02 1.600000000000000000e+01 0.000000000000000000e+00 1.600000000000000089e+00 3.499999999999999964e-04 1.056000000000000081e-03 9.999989999999999712e-01 7.249830000000000441e-01 6.887659999999999894e-01 -9.810000000000001011e-04 -6.887670000000000181e-01 7.249830000000000441e-01 -5.240000000000000517e-04
2.500000000000000000e+01 1.160000000000000000e+02 1.600000000000000000e+01 0.000000000000000000e+00 1.600000000000000089e+00 -1.497999999999999983e-03 -1.940000000000000101e-03 9.999970000000000248e-01 7.272020000000000151e-01 6.864200000000000301e-01 2.420999999999999975e-03 -6.864219999999999766e-01 7.272030000000000438e-01 3.829999999999999854e-04
2.800000000000000000e+01 1.160000000000000000e+02 1.600000000000000000e+01 0.000000000000000000e+00 1.600000000000000089e+00 -1.779999999999999898e-03 -1.116999999999999937e-03 9.999980000000000535e-01 6.987520000000000397e-01 7.153610000000000246e-01 2.041999999999999978e-03 -7.153620000000000534e-01 6.987539999999999862e-01 -4.929999999999999487e-04
4.000000000000000000e+00 2.000000000000000000e+00 1.900000000000000000e+01 0.000000000000000000e+00 1.600000000000000089e+00 -3.722299999999999914e-02 -6.590500000000000524e-02 -9.971309999999999896e-01 2.291239999999999943e-01 -9.718040000000000012e-01 5.567799999999999833e-02 -9.726850000000000218e-01 -2.263940000000000119e-01 5.127400000000000013e-02
8.000000000000000000e+00 2.000000000000000000e+00 1.900000000000000000e+01 0.000000000000000000e+00 1.600000000000000089e+00 -2.621499999999999872e-02 -6.004199999999999815e-02 -9.978519999999999612e-01 2.064030000000000031e-01 -9.770109999999999628e-01 5.336599999999999677e-02 -9.781159999999999854e-01 -2.045599999999999918e-01 3.800499999999999712e-02
1.700000000000000000e+01 2.000000000000000000e+00 1.900000000000000000e+01 0.000000000000000000e+00 1.600000000000000089e+00 1.522800000000000022e-02 -1.745899999999999883e-02 -9.997319999999999540e-01 2.331959999999999866e-01 -9.722129999999999939e-01 2.053100000000000064e-02 -9.723100000000000076e-01 -2.334459999999999869e-01 -1.073299999999999949e-02
2.100000000000000000e+01 2.000000000000000000e+00 1.900000000000000000e+01 0.000000000000000000e+00 1.600000000000000089e+00 1.233300000000000021e-02 -4.304999999999999799e-03 -9.999149999999999983e-01 2.342779999999999863e-01 -9.721440000000000081e-01 7.074999999999999692e-03 -9.720910000000000384e-01 -2.343449999999999978e-01 -1.098099999999999944e-02
2.500000000000000000e+01 2.000000000000000000e+00 1.900000000000000000e+01 0.000000000000000000e+00 1.600000000000000089e+00 6.692000000000000032e-03 -1.056799999999999927e-02 -9.999219999999999775e-01 2.258469999999999922e-01 -9.740910000000000402e-01 1.180699999999999979e-02 -9.741400000000000059e-01 -2.259079999999999977e-01 -4.132000000000000256e-03
1.000000000000000000e+00 1.300000000000000000e+01 2.000000000000000000e+01 0.000000000000000000e+00 1.600000000000000089e+00 -1.137999999999999906e-03 -5.680000000000000153e-03 9.999829999999999552e-01 2.626809999999999978e-01 9.648649999999999727e-01 5.780000000000000415e-03 -9.648820000000000174e-01 2.626829999999999998e-01 3.939999999999999817e-04
5.000000000000000000e+00 1.300000000000000000e+01 2.000000000000000000e+01 0.000000000000000000e+00 1.600000000000000089e+00 -2.420000000000000005e-04 -5.313000000000000014e-03 9.999860000000000415e-01 2.645540000000000114e-01 9.643570000000000197e-01 5.187999999999999903e-03 -9.643709999999999782e-01 2.645520000000000094e-01 1.172999999999999998e-03
1.000000000000000000e+01 1.300000000000000000e+01 2.000000000000000000e+01 0.000000000000000000e+00 1.600000000000000089e+00 -9.500000000000000523e-05 3.710000000000000190e-04 1.000000000000000000e+00 2.651379999999999848e-01 9.642100000000000115e-01 -3.330000000000000169e-04 -9.642100000000000115e-01 2.651379999999999848e-01 -1.900000000000000105e-04
1.900000000000000000e+01 1.300000000000000000e+01 2.000000000000000000e+01 0.000000000000000000e+00 1.600000000000000089e+00 1.734999999999999997e-03 1.379000000000000017e-03 9.999980000000000535e-01 2.633050000000000113e-01 9.647109999999999852e-01 -1.786999999999999960e-03 -9.647109999999999852e-01 2.633070000000000133e-01 1.311000000000000099e-03
2.800000000000000000e+01 1.300000000000000000e+01 2.000000000000000000e+01 0.000000000000000000e+00 1.600000000000000089e+00 -1.054999999999999948e-03 3.220999999999999905e-03 9.999940000000000495e-01 2.629469999999999863e-01 9.648060000000000525e-01 -2.830000000000000050e-03 -9.648099999999999454e-01 2.629420000000000091e-01 -1.864999999999999904e-03
2.000000000000000000e+00 3.000000000000000000e+00 2.500000000000000000e+01 0.000000000000000000e+00 1.600000000000000089e+00 2.876000000000000084e-03 8.226000000000000673e-03 9.999620000000000175e-01 -3.668600000000000333e-02 -9.992919999999999581e-01 8.326000000000000068e-03 9.993229999999999613e-01 -3.670899999999999858e-02 -2.572000000000000067e-03
1.000000000000000000e+01 3.000000000000000000e+00 2.500000000000000000e+01 0.000000000000000000e+00 1.600000000000000089e+00 -2.027000000000000156e-03 -8.236000000000000265e-03 9.999639999999999640e-01 -4.017199999999999938e-02 -9.991579999999999906e-01 -8.309999999999999679e-03 9.991910000000000514e-01 -4.018800000000000150e-02 1.694999999999999892e-03
1.700000000000000000e+01 3.000000000000000000e+00 2.500000000000000000e+01 0.000000000000000000e+00 1.600000000000000089e+00 -2.955000000000000161e-03 -4.086000000000000222e-03 9.999869999999999592e-01 -3.607599999999999696e-02 -9.993400000000000061e-01 -4.190000000000000148e-03 9.993450000000000388e-01 -3.608800000000000202e-02 2.805000000000000202e-03
2.000000000000000000e+01 3.000000000000000000e+00 2.500000000000000000e+01 0.000000000000000000e+00 1.600000000000000089e+00 -1.649000000000000075e-03 7.522000000000000040e-03 9.999700000000000255e-01 -3.702899999999999942e-02 -9.992860000000000076e-01 7.455999999999999954e-03 9.993130000000000068e-01 -3.701600000000000029e-02 1.925999999999999978e-03
2.900000000000000000e+01 3.000000000000000000e+00 2.500000000000000000e+01 0.000000000000000000e+00 1.600000000000000089e+00 3.263999999999999974e-03 1.814999999999999990e-03 9.999930000000000208e-01 -4.371900000000000092e-02 -9.990419999999999856e-01 1.955999999999999839e-03 9.990390000000000104e-01 -4.372499999999999998e-02 -3.180999999999999800e-03
4.000000000000000000e+00 4.600000000000000000e+01 2.700000000000000000e+01 0.000000000000000000e+00 1.600000000000000089e+00 1.999999999999999909e-06 -2.673000000000000029e-03 -9.999959999999999960e-01 6.822110000000000118e-01 7.311520000000000241e-01 -1.953000000000000092e-03 7.311549999999999994e-01 -6.822089999999999543e-01 1.825000000000000016e-03
9.000000000000000000e+00 4.600000000000000000e+01 2.700000000000000000e+01 0.000000000000000000e+00 1.600000000000000089e+00 -1.985999999999999918e-03 -8.589999999999999546e-04 -9.999980000000000535e-01 6.774550000000000294e-01 7.355610000000000204e-01 -1.977000000000000025e-03 7.355610000000000204e-01 -6.774580000000000046e-01 -8.790000000000000070e-04
1.600000000000000000e+01 4.600000000000000000e+01 2.700000000000000000e+01 0.000000000000000000e+00 1.600000000000000089e+00 -3.159999999999999832e-04 1.480999999999999895e-03 -9.999989999999999712e-01 6.733540000000000081e-01 7.393189999999999484e-01 8.819999999999999715e-04 7.393199999999999772e-01 -6.733529999999999793e-01 -1.231000000000000106e-03
2.500000000000000000e+01 4.600000000000000000e+01 2.700000000000000000e+01 0.000000000000000000e+00 1.600000000000000089e+00 -6.099999999999999737e-04 2.235000000000000007e-03 -9.999970000000000248e-01 6.824080000000000146e-01 7.309700000000000086e-01 1.217999999999999899e-03 7.309710000000000374e-01 -6.824059999999999571e-01 -1.971000000000000096e-03
1.000000000000000000e+00 4.600000000000000000e+01 3.000000000000000000e+01 0.000000000000000000e+00 1.600000000000000089e+00 2.508999999999999946e-03 -1.275000000000000092e-03 -9.999959999999999960e-01 3.351509999999999767e-01 9.421640000000000015e-01 -3.609999999999999928e-04 9.421610000000000262e-01 -3.351489999999999747e-01 2.791000000000000078e-03
2.500000000000000000e+01 4.600000000000000000e+01 3.000000000000000000e+01 0.000000000000000000e+00 1.600000000000000089e+00 -7.550000000000000287e-04 -7.150000000000000322e-04 -1.000000000000000000e+00 3.325210000000000110e-01 9.430950000000000166e-01 -9.250000000000000409e-04 9.430960000000000454e-01 -3.325210000000000110e-01 -4.739999999999999747e-04
2.000000000000000000e+00 5.800000000000000000e+01 3.100000000000000000e+01 0.000000000000000000e+00 1.600000000000000089e+00 -5.010000000000000347e-04 -7.470000000000000511e-04 1.000000000000000000e+00 -8.140779999999999683e-01 -5.807550000000000212e-01 -8.419999999999999750e-04 5.807560000000000500e-01 -8.140779999999999683e-01 -3.170000000000000075e-04
6.000000000000000000e+00 5.800000000000000000e+01 3.100000000000000000e+01 0.000000000000000000e+00 1.600000000000000089e+00 -1.301000000000000073e-03 -3.226000000000000135e-03 9.999940000000000495e-01 -8.146130000000000315e-01 -5.799980000000000135e-01 -2.931000000000000012e-03 5.800030000000000463e-01 -8.146120000000000028e-01 -1.874000000000000015e-03
1.300000000000000000e+01 5.800000000000000000e+01 3.100000000000000000e+01 0.000000000000000000e+00 1.600000000000000089e+00 4.558000000000000419e-03 5.714999999999999594e-03 9.999730000000000008e-01 -8.143029999999999990e-01 -5.803979999999999695e-01 7.028999999999999658e-03 5.804219999999999935e-01 -8.143129999999999535e-01 2.008999999999999935e-03
1.700000000000000000e+01 5.800000000000000000e+01 3.100000000000000000e+01 0.000000000000000000e+00 1.600000000000000089e+00 4.793000000000000385e-03 1.312600000000000051e-02 9.999019999999999575e-01 -8.154280000000000417e-01 -5.787440000000000362e-01 1.150600000000000060e-02 5.788389999999999924e-01 -8.154040000000000177e-01 7.929000000000000284e-03
2.400000000000000000e+01 5.800000000000000000e+01 3.100000000000000000e+01 0.000000000000000000e+00 1.600000000000000089e+00 -1.655999999999999920e-03 -3.690999999999999837e-03 9.999919999999999920e-01 -8.146299999999999653e-01 -5.799699999999999855e-01 -3.490000000000000047e-03 5.799779999999999935e-01 -8.146299999999999653e-01 -2.046000000000000076e-03
2.900000000000000000e+01 5.800000000000000000e+01 3.100000000000000000e+01 0.000000000000000000e+00 1.600000000000000089e+00 5.800000000000000034e-04 -5.433999999999999594e-03 9.999850000000000128e-01 -8.115299999999999736e-01 -5.843049999999999633e-01 -2.704999999999999939e-03 5.843110000000000248e-01 -8.115160000000000151e-01 -4.748999999999999749e-03
3.000000000000000000e+01 6.000000000000000000e+00 3.200000000000000000e+01 0.000000000000000000e+00 1.600000000000000089e+00 9.359999999999999831e-04 -3.069999999999999812e-03 -9.999949999999999672e-01 9.250800000000000689e-02 9.957080000000000375e-01 -2.969999999999999984e-03 9.957120000000000415e-01 -9.250400000000000289e-02 1.216000000000000067e-03
2.500000000000000000e+01 5.900000000000000000e+01 3.200000000000000000e+01 0.000000000000000000e+00 1.600000000000000089e+00 1.789999999999999870e-04 -3.780000000000000265e-04 1.000000000000000000e+00 -7.247649999999999926e-01 -6.889960000000000528e-01 -1.310000000000000129e-04 6.889960000000000528e-01 -7.247649999999999926e-01 -3.970000000000000005e-04
7.000000000000000000e+00 4.600000000000000000e+01 3.500000000000000000e+01 0.000000000000000000e+00 1.600000000000000089e+00 -1.320000000000000101e-04 -2.730000000000000222e-04 -1.000000000000000000e+00 3.927129999999999788e-01 -9.196609999999999507e-01 1.990000000000000124e-04 -9.196609999999999507e-01 -3.927129999999999788e-01 2.290000000000000098e-04
1.300000000000000000e+01 4.600000000000000000e+01 3.500000000000000000e+01 0.000000000000000000e+00 1.600000000000000089e+00 -2.020000000000000040e-04 3.319999999999999926e-04 -1.000000000000000000e+00 3.926490000000000258e-01 -9.196879999999999500e-01 -3.840000000000000097e-04 -9.196879999999999500e-01 -3.926499999999999990e-01 5.599999999999999916e-05
1.700000000000000000e+01 4.600000000000000000e+01 3.500000000000000000e+01 0.000000000000000000e+00 1.600000000000000089e+00 1.681999999999999901e-03 2.674999999999999861e-03 -9.999949999999999672e-01 3.924730000000000163e-01 -9.197619999999999685e-01 -1.799999999999999951e-03 -9.197619999999999685e-01 -3.924679999999999835e-01 -2.596999999999999916e-03
2.200000000000000000e+01 4.600000000000000000e+01 3.500000000000000000e+01 0.000000000000000000e+00 1.600000000000000089e+00 1.423000000000000003e-03 -7.849999999999999990e-04 -9.999989999999999712e-01 3.919309999999999738e-01 -9.199939999999999785e-01 1.280000000000000105e-03 -9.199929999999999497e-01 -3.919329999999999758e-01 -1.000999999999999937e-03
2.700000000000000000e+01 4.600000000000000000e+01 3.500000000000000000e+01 0.000000000000000000e+00 1.600000000000000089e+00 -7.140000000000000079e-04 3.595999999999999804e-03 -9.999930000000000208e-01 3.897360000000000269e-01 -9.209199999999999608e-01 -3.589999999999999875e-03 -9.209260000000000224e-01 -3.897360000000000269e-01 -7.439999999999999782e-04
3.000000000000000000e+00 9.500000000000000000e+01 3.600000000000000000e+01 0.000000000000000000e+00 1.600000000000000089e+00 -2.582999999999999793e-03 -2.768899999999999834e-02 9.996129999999999738e-01 9.967219999999999969e-01 8.075599999999999445e-02 4.812000000000000305e-03 -8.085799999999999932e-02 9.963490000000000402e-01 2.739000000000000115e-02
1.300000000000000000e+01 9.500000000000000000e+01 3.600000000000000000e+01 0.000000000000000000e+00 1.600000000000000089e+00 6.368999999999999662e-03 1.936200000000000074e-02 9.997920000000000140e-01 9.968209999999999571e-01 7.927800000000000125e-02 -7.886000000000000648e-03 -7.941399999999999848e-02 9.966639999999999944e-01 -1.879600000000000021e-02
1.800000000000000000e+01 9.500000000000000000e+01 3.700000000000000000e+01 0.000000000000000000e+00 1.600000000000000089e+00 1.060499999999999984e-02 -4.399999999999999886e-05 9.999440000000000550e-01 9.947190000000000198e-01 1.020940000000000042e-01 -1.054500000000000055e-02 -1.020879999999999982e-01 9.947749999999999648e-01 1.126999999999999964e-03
1.200000000000000000e+01 2.900000000000000000e+01 4.400000000000000000e+01 0.000000000000000000e+00 1.600000000000000089e+00 -3.897999999999999989e-03 -3.314000000000000105e-03 -9.999869999999999592e-01 6.796699999999999964e-01 7.335009999999999586e-01 -5.080000000000000314e-03 7.335080000000000489e-01 -6.796809999999999796e-01 -6.070000000000000092e-04
1.900000000000000000e+01 2.900000000000000000e+01 4.400000000000000000e+01 0.000000000000000000e+00 1.600000000000000089e+00 -1.099999999999999971e-05 -1.405999999999999915e-03 -9.999989999999999712e-01 6.759739999999999638e-01 7.369250000000000522e-01 -1.043000000000000090e-03 7.369250000000000522e-01 -6.759730000000000461e-01 9.420000000000000205e-04
2.200000000000000000e+01 2.900000000000000000e+01 4.400000000000000000e+01 0.000000000000000000e+00 1.600000000000000089e+00 -2.699999999999999899e-05 1.902000000000000045e-03 -9.999980000000000535e-01 6.715400000000000258e-01 7.409670000000000423e-01 1.391000000000000092e-03 7.409679999999999600e-01 -6.715389999999999970e-01 -1.297999999999999892e-03
2.400000000000000000e+01 2.900000000000000000e+01 4.400000000000000000e+01 0.000000000000000000e+00 1.600000000000000089e+00 -6.830000000000000134e-04 2.984000000000000107e-03 -9.999949999999999672e-01 6.683759999999999701e-01 7.438209999999999544e-01 1.763000000000000027e-03 7.438230000000000119e-01 -6.683719999999999661e-01 -2.503000000000000017e-03
3.000000000000000000e+01 2.900000000000000000e+01 4.400000000000000000e+01 0.000000000000000000e+00 1.600000000000000089e+00 -1.299999999999999920e-05 4.563000000000000216e-03 -9.999900000000000455e-01 6.656079999999999774e-01 7.462929999999999842e-01 3.396999999999999846e-03 7.463009999999999922e-01 -6.656009999999999982e-01 -3.046999999999999795e-03
1.500000000000000000e+01 5.000000000000000000e+00 5.100000000000000000e+01 0.000000000000000000e+00 1.600000000000000089e+00 7.225999999999999784e-03 3.789999999999999966e-04 -9.999740000000000295e-01 4.823310000000000097e-01 -8.759839999999999849e-01 3.152999999999999987e-03 -8.759590000000000432e-01 -4.823410000000000197e-01 -6.512999999999999692e-03
2.300000000000000000e+01 5.000000000000000000e+00 5.100000000000000000e+01 0.000000000000000000e+00 1.600000000000000089e+00 -3.327999999999999795e-03 1.500999999999999947e-03 -9.999930000000000208e-01 4.840110000000000245e-01 -8.750569999999999737e-01 -2.923999999999999950e-03 -8.750559999999999450e-01 -4.840169999999999750e-01 2.186000000000000009e-03
2.800000000000000000e+01 5.000000000000000000e+00 5.100000000000000000e+01 0.000000000000000000e+00 1.600000000000000089e+00 -2.429999999999999977e-04 -1.502000000000000080e-03 -9.999989999999999712e-01 4.860499999999999821e-01 -8.739299999999999846e-01 1.193999999999999966e-03 -8.739310000000000134e-01 -4.860490000000000088e-01 9.420000000000000205e-04
2.200000000000000000e+01 1.150000000000000000e+02 5.100000000000000000e+01 0.000000000000000000e+00 1.600000000000000089e+00 -2.249999999999999938e-04 -6.551000000000000399e-03 9.999789999999999512e-01 8.454099999999999948e-01 -5.341080000000000272e-01 -3.308999999999999875e-03 5.341179999999999817e-01 8.453910000000000036e-01 5.658999999999999968e-03
6.000000000000000000e+00 6.300000000000000000e+01 5.400000000000000000e+01 0.000000000000000000e+00 1.600000000000000089e+00 6.710000000000000469e-04 8.720000000000000537e-04 9.999989999999999712e-01 -3.487759999999999749e-01 9.372059999999999835e-01 -5.839999999999999922e-04 -9.372059999999999835e-01 -3.487759999999999749e-01 9.330000000000000186e-04
1.600000000000000000e+01 6.300000000000000000e+01 5.400000000000000000e+01 0.000000000000000000e+00 1.600000000000000089e+00 1.613999999999999983e-03 4.169999999999999987e-04 9.999989999999999712e-01 -3.400679999999999814e-01 9.404010000000000424e-01 1.569999999999999944e-04 -9.404000000000000137e-01 -3.400679999999999814e-01 1.660000000000000017e-03
2.300000000000000000e+01 6.300000000000000000e+01 5.400000000000000000e+01 0.000000000000000000e+00 1.600000000000000089e+00 2.820000000000000241e-04 -1.740000000000000010e-04 1.000000000000000000e+00 -3.530289999999999817e-01 9.356119999999999992e-01 2.620000000000000258e-04 -9.356119999999999992e-01 -3.530289999999999817e-01 2.020000000000000040e-04
5.000000000000000000e+00 2.500000000000000000e+01 5.500000000000000000e+01 0.000000000000000000e+00 1.600000000000000089e+00 -7.940000000000000009e-04 2.546999999999999785e-03 -9.999959999999999960e-01 -1.251900000000000061e-02 -9.999179999999999735e-01 -2.537000000000000192e-03 -9.999209999999999487e-01 1.251700000000000035e-02 8.260000000000000198e-04
1.200000000000000000e+01 2.500000000000000000e+01 5.500000000000000000e+01 0.000000000000000000e+00 1.600000000000000089e+00 1.559999999999999972e-04 2.095000000000000074e-03 -9.999980000000000535e-01 -1.022900000000000025e-02 -9.999449999999999728e-01 -2.096000000000000207e-03 -9.999479999999999480e-01 1.022900000000000025e-02 -1.350000000000000017e-04
2.100000000000000000e+01 2.500000000000000000e+01 5.500000000000000000e+01 0.000000000000000000e+00 1.600000000000000089e+00 7.309999999999999875e-04 7.600000000000000418e-05 -1.000000000000000000e+00 -1.385400000000000000e-02 -9.999040000000000150e-01 -8.600000000000000331e-05 -9.999040000000000150e-01 1.385400000000000000e-02 -7.299999999999999632e-04
2.600000000000000000e+01 2.500000000000000000e+01 5.500000000000000000e+01 0.000000000000000000e+00 1.600000000000000089e+00 1.464000000000000024e-03 2.896000000000000137e-03 -9.999949999999999672e-01 -1.231800000000000082e-02 -9.999200000000000310e-01 -2.912999999999999791e-03 -9.999230000000000063e-01 1.232199999999999962e-02 -1.428999999999999932e-03
2.000000000000000000e+00 2.100000000000000000e+01 6.000000000000000000e+01 0.000000000000000000e+00 1.600000000000000089e+00 -2.246000000000000166e-03 -1.880499999999999880e-02 9.998209999999999598e-01 -9.457500000000000628e-02 9.953459999999999530e-01 1.850800000000000015e-02 -9.955150000000000388e-01 -9.451600000000000279e-02 -4.014000000000000207e-03
1.900000000000000000e+01 2.100000000000000000e+01 6.000000000000000000e+01 0.000000000000000000e+00 1.600000000000000089e+00 8.319999999999999488e-04 7.558999999999999747e-03 9.999710000000000543e-01 -9.639399999999999358e-02 9.953149999999999498e-01 -7.444000000000000096e-03 -9.953429999999999778e-01 -9.638499999999999845e-02 1.557000000000000007e-03
2.800000000000000000e+01 2.100000000000000000e+01 6.000000000000000000e+01 0.000000000000000000e+00 1.600000000000000089e+00 -8.949999999999999623e-04 2.229999999999999994e-04 1.000000000000000000e+00 -9.742199999999999471e-02 9.952429999999999888e-01 -3.089999999999999756e-04 -9.952429999999999888e-01 -9.742199999999999471e-02 -8.689999999999999808e-04
3.000000000000000000e+00 6.000000000000000000e+00 6.100000000000000000e+01 0.000000000000000000e+00 1.600000000000000089e+00 -9.300000000000000541e-04 2.798999999999999839e-03 9.999959999999999960e-01 5.665630000000000388e-01 -8.240140000000000242e-01 2.834000000000000147e-03 8.240180000000000282e-01 5.665630000000000388e-01 -8.189999999999999581e-04
2.600000000000000000e+01 3.000000000000000000e+00 6.300000000000000000e+01 0.000000000000000000e+00 1.600000000000000089e+00 -1.015999999999999976e-03 2.552000000000000015e-03 9.999959999999999960e-01 -6.147860000000000547e-01 7.886900000000000022e-01 -2.637000000000000021e-03 -7.886929999999999774e-01 -6.147860000000000547e-01 7.680000000000000195e-04
3.000000000000000000e+00 2.700000000000000000e+01 6.300000000000000000e+01 0.000000000000000000e+00 1.600000000000000089e+00 -3.654999999999999829e-03 -7.095999999999999877e-03 9.999679999999999680e-01 -2.724139999999999895e-01 9.621619999999999617e-01 5.832000000000000378e-03 -9.621729999999999450e-01 -2.723840000000000150e-01 -5.449999999999999983e-03
1.100000000000000000e+01 2.700000000000000000e+01 6.300000000000000000e+01 0.000000000000000000e+00 1.600000000000000089e+00 3.620000000000000171e-04 -3.435000000000000119e-03 9.999940000000000495e-01 -2.718119999999999981e-01 9.623439999999999772e-01 3.403999999999999908e-03 -9.623500000000000387e-01 -2.718119999999999981e-01 -5.860000000000000408e-04
1.500000000000000000e+01 2.700000000000000000e+01 6.300000000000000000e+01 0.000000000000000000e+00 1.600000000000000089e+00 -9.529999999999999626e-04 2.919999999999999961e-04 9.999989999999999712e-01 -2.742859999999999743e-01 9.616479999999999473e-01 -5.419999999999999471e-04 -9.616479999999999473e-01 -2.742870000000000030e-01 -8.360000000000000460e-04
2.300000000000000000e+01 2.700000000000000000e+01 6.300000000000000000e+01 0.000000000000000000e+00 1.600000000000000089e+00 5.699999999999999772e-04 -1.124999999999999915e-03 9.999989999999999712e-01 -2.713709999999999734e-01 9.624740000000000517e-01 1.237000000000000035e-03 -9.624749999999999694e-01 -2.713720000000000021e-01 2.439999999999999949e-04
2.800000000000000000e+01 2.700000000000000000e+01 6.300000000000000000e+01 0.000000000000000000e+00 1.600000000000000089e+00 -2.030000000000000012e-04 2.448000000000000089e-03 9.999970000000000248e-01 -2.698200000000000043e-01 9.629079999999999862e-01 -2.412000000000000081e-03 -9.629109999999999614e-01 -2.698189999999999755e-01 4.640000000000000027e-04
4.000000000000000000e+00 2.600000000000000000e+01 6.400000000000000000e+01 0.000000000000000000e+00 1.600000000000000089e+00 -4.754000000000000413e-03 -1.035600000000000062e-02 9.999350000000000183e-01 -3.544809999999999905e-01 9.350289999999999990e-01 7.998999999999999166e-03 -9.350509999999999655e-01 -3.544200000000000128e-01 -8.115999999999999950e-03
1.400000000000000000e+01 2.600000000000000000e+01 6.400000000000000000e+01 0.000000000000000000e+00 1.600000000000000089e+00 -2.959999999999999849e-04 1.070999999999999903e-03 9.999989999999999712e-01 -3.602600000000000247e-01 9.328509999999999858e-01 -1.105999999999999995e-03 -9.328520000000000145e-01 -3.602600000000000247e-01 1.100000000000000039e-04
1.900000000000000000e+01 2.600000000000000000e+01 6.400000000000000000e+01 0.000000000000000000e+00 1.600000000000000089e+00 4.739999999999999747e-04 5.150000000000000498e-04 1.000000000000000000e+00 -3.593000000000000083e-01 9.332219999999999960e-01 -3.099999999999999999e-04 -9.332219999999999960e-01 -3.593000000000000083e-01 6.269999999999999532e-04
2.200000000000000000e+01 2.600000000000000000e+01 6.400000000000000000e+01 0.000000000000000000e+00 1.600000000000000089e+00 6.340000000000000149e-04 -1.507000000000000093e-03 9.999989999999999712e-01 -3.559519999999999906e-01 9.345029999999999726e-01 1.634000000000000036e-03 -9.345040000000000013e-01 -3.559530000000000194e-01 5.599999999999999916e-05
2.500000000000000000e+01 2.600000000000000000e+01 6.400000000000000000e+01 0.000000000000000000e+00 1.600000000000000089e+00 6.099999999999999872e-05 -1.998999999999999909e-03 9.999980000000000535e-01 -3.547660000000000258e-01 9.349530000000000340e-01 1.889999999999999970e-03 -9.349549999999999805e-01 -3.547660000000000258e-01 -6.520000000000000188e-04
1.800000000000000000e+01 6.900000000000000000e+01 6.600000000000000000e+01 0.000000000000000000e+00 1.600000000000000089e+00 -8.850000000000000444e-04 2.330000000000000040e-03 9.999970000000000248e-01 -9.517529999999999601e-01 3.068629999999999969e-01 -1.557999999999999923e-03 -3.068649999999999989e-01 -9.517510000000000137e-01 1.946000000000000030e-03
2.700000000000000000e+01 6.900000000000000000e+01 6.600000000000000000e+01 0.000000000000000000e+00 1.600000000000000089e+00 -9.169999999999999549e-04 7.200000000000000182e-05 1.000000000000000000e+00 -9.505169999999999453e-01 3.106720000000000037e-01 -8.949999999999999623e-04 -3.106709999999999749e-01 -9.505169999999999453e-01 -2.159999999999999919e-04
1.800000000000000000e+01 2.500000000000000000e+01 7.300000000000000000e+01 0.000000000000000000e+00 1.600000000000000089e+00 -3.216999999999999808e-03 -7.207999999999999997e-03 9.999689999999999968e-01 7.380219999999999558e-01 -6.747720000000000384e-01 -2.488999999999999893e-03 6.747689999999999522e-01 7.379909999999999526e-01 7.490000000000000130e-03
2.400000000000000000e+01 2.500000000000000000e+01 7.300000000000000000e+01 0.000000000000000000e+00 1.600000000000000089e+00 -1.897999999999999948e-03 -4.460000000000000422e-03 9.999879999999999880e-01 7.350259999999999572e-01 -6.780370000000000008e-01 -1.629000000000000023e-03 6.780359999999999721e-01 7.350139999999999452e-01 4.564999999999999614e-03
2.900000000000000000e+01 2.500000000000000000e+01 7.300000000000000000e+01 0.000000000000000000e+00 1.600000000000000089e+00 -3.321000000000000167e-03 -5.390999999999999959e-03 9.999799999999999800e-01 7.354129999999999834e-01 -6.776180000000000536e-01 -1.211000000000000054e-03 6.776109999999999634e-01 7.353939999999999921e-01 6.215000000000000038e-03
3.000000000000000000e+00 4.400000000000000000e+01 7.300000000000000000e+01 0.000000000000000000e+00 1.600000000000000089e+00 3.579999999999999741e-04 3.059999999999999786e-03 9.999949999999999672e-01 5.655600000000000210e-02 -9.983950000000000324e-01 3.034999999999999937e-03 9.983990000000000364e-01 5.655400000000000010e-02 -5.310000000000000050e-04
1.000000000000000000e+01 4.400000000000000000e+01 7.300000000000000000e+01 0.000000000000000000e+00 1.600000000000000089e+00 2.863999999999999792e-03 3.441000000000000048e-03 9.999900000000000455e-01 5.422400000000000136e-02 -9.985230000000000494e-01 3.279999999999999930e-03 9.985249999999999959e-01 5.421499999999999930e-02 -3.046000000000000096e-03
1.300000000000000000e+01 4.400000000000000000e+01 7.300000000000000000e+01 0.000000000000000000e+00 1.600000000000000089e+00 1.665000000000000030e-03 2.507999999999999813e-03 9.999949999999999672e-01 5.442299999999999915e-02 -9.985150000000000414e-01 2.413999999999999913e-03 9.985169999999999879e-01 5.441900000000000209e-02 -1.799000000000000035e-03
1.800000000000000000e+01 4.400000000000000000e+01 7.300000000000000000e+01 0.000000000000000000e+00 1.600000000000000089e+00 -4.699999999999999859e-04 2.167000000000000089e-03 9.999980000000000535e-01 5.349799999999999695e-02 -9.985659999999999537e-01 2.188999999999999974e-03 9.985680000000000112e-01 5.349899999999999795e-02 3.530000000000000152e-04
2.200000000000000000e+01 4.400000000000000000e+01 7.300000000000000000e+01 0.000000000000000000e+00 1.600000000000000089e+00 -5.959999999999999586e-04 3.096999999999999927e-03 9.999949999999999672e-01 5.337299999999999683e-02 -9.985699999999999577e-01 3.124000000000000041e-03 9.985739999999999617e-01 5.337399999999999783e-02 4.299999999999999894e-04
