2.100000000000000000e+01 2.500000000000000000e+01 1.000000000000000000e+00 0.000000000000000000e+00 1.600000000000000089e+00 4.506999999999999722e-03 6.823000000000000072e-03 -9.999670000000000503e-01 -5.215889999999999693e-01 -8.531579999999999719e-01 -8.172000000000000444e-03 -8.531849999999999712e-01 5.216089999999999893e-01 -2.860000000000000129e-04
2.300000000000000000e+01 1.900000000000000000e+01 5.000000000000000000e+00 0.000000000000000000e+00 1.600000000000000089e+00 1.428000000000000016e-03 2.370999999999999844e-03 -9.999959999999999960e-01 -6.926630000000000287e-01 -7.212560000000000082e-01 -2.699000000000000010e-03 -7.212600000000000122e-01 6.926649999999999752e-01 6.120000000000000223e-04
1.000000000000000000e+00 1.010000000000000000e+02 7.000000000000000000e+00 0.000000000000000000e+00 1.600000000000000089e+00 4.209999999999999875e-04 -8.489999999999999283e-03 9.999639999999999640e-01 8.886100000000000110e-01 4.586489999999999734e-01 3.520000000000000125e-03 -4.586620000000000141e-01 8.885769999999999502e-01 7.736999999999999954e-03
1.800000000000000000e+01 1.010000000000000000e+02 7.000000000000000000e+00 0.000000000000000000e+00 1.600000000000000089e+00 8.710000000000000294e-04 -7.360000000000000223e-03 9.999730000000000008e-01 8.897070000000000256e-01 4.565239999999999854e-01 2.586000000000000191e-03 -4.565310000000000201e-01 8.896810000000000551e-01 6.945999999999999917e-03
2.900000000000000000e+01 1.010000000000000000e+02 7.000000000000000000e+00 0.000000000000000000e+00 1.600000000000000089e+00 -1.866000000000000037e-03 -8.330000000000000598e-03 9.999639999999999640e-01 8.825730000000000519e-01 4.701420000000000043e-01 5.563000000000000236e-03 -4.701710000000000056e-01 8.825509999999999744e-01 6.473999999999999720e-03
2.000000000000000000e+00 2.500000000000000000e+01 8.000000000000000000e+00 0.000000000000000000e+00 1.600000000000000089e+00 7.460000000000000268e-04 3.330000000000000061e-03 -9.999940000000000495e-01 4.379250000000000087e-01 8.990050000000000541e-01 3.321000000000000167e-03 8.990110000000000046e-01 -4.379250000000000087e-01 -7.879999999999999635e-04
8.000000000000000000e+00 2.500000000000000000e+01 8.000000000000000000e+00 0.000000000000000000e+00 1.600000000000000089e+00 4.459999999999999989e-04 2.967000000000000019e-03 -9.999949999999999672e-01 4.381309999999999927e-01 8.989070000000000116e-01 2.863000000000000093e-03 8.989110000000000156e-01 -4.381300000000000194e-01 -8.989999999999999511e-04
1.700000000000000000e+01 2.500000000000000000e+01 8.000000000000000000e+00 0.000000000000000000e+00 1.600000000000000089e+00 -2.419000000000000143e-03 -4.160999999999999768e-03 -9.999879999999999880e-01 4.396809999999999885e-01 8.981409999999999672e-01 -4.800999999999999712e-03 8.981510000000000327e-01 -4.396880000000000233e-01 -3.440000000000000132e-04
2.100000000000000000e+01 2.500000000000000000e+01 8.000000000000000000e+00 0.000000000000000000e+00 1.600000000000000089e+00 -3.383999999999999855e-03 -4.823000000000000030e-03 -9.999829999999999552e-01 4.404449999999999754e-01 8.977610000000000312e-01 -5.819999999999999653e-03 8.977730000000000432e-01 -4.404569999999999874e-01 -9.139999999999999904e-04
2.400000000000000000e+01 2.500000000000000000e+01 8.000000000000000000e+00 0.000000000000000000e+00 1.600000000000000089e+00 -1.482000000000000027e-03 -8.245999999999999858e-03 -9.999649999999999928e-01 4.395879999999999788e-01 8.981639999999999624e-01 -8.057999999999999191e-03 8.981980000000000519e-01 -4.395839999999999748e-01 2.294000000000000032e-03
2.900000000000000000e+01 2.500000000000000000e+01 8.000000000000000000e+00 0.000000000000000000e+00 1.600000000000000089e+00 1.433000000000000029e-03 -1.177600000000000001e-02 -9.999299999999999855e-01 4.370999999999999885e-01 8.993579999999999908e-01 -9.964999999999999900e-03 8.994119999999999893e-01 -4.370550000000000268e-01 6.435999999999999881e-03
3.000000000000000000e+00 9.000000000000000000e+00 9.000000000000000000e+00 0.000000000000000000e+00 1.600000000000000089e+00 -4.105299999999999921e-02 -2.336600000000000135e-02 -9.988839999999999941e-01 -9.712969999999999660e-01 -2.335009999999999863e-01 4.538199999999999873e-02 -2.343000000000000083e-01 9.720760000000000511e-01 -1.310900000000000086e-02
7.000000000000000000e+00 9.000000000000000000e+00 9.000000000000000000e+00 0.000000000000000000e+00 1.600000000000000089e+00 -7.302599999999999369e-02 -5.292000000000000176e-02 -9.959249999999999492e-01 -9.519560000000000244e-01 -2.940760000000000041e-01 8.542900000000000493e-02 -2.973990000000000244e-01 9.543160000000000531e-01 -2.890300000000000161e-02
2.000000000000000000e+00 2.400000000000000000e+01 9.000000000000000000e+00 0.000000000000000000e+00 1.600000000000000089e+00 1.859999999999999945e-04 4.196000000000000077e-03 -9.999909999999999632e-01 4.445080000000000142e-01 8.957659999999999512e-01 3.840999999999999796e-03 8.957749999999999879e-01 -4.445049999999999835e-01 -1.698000000000000074e-03
8.000000000000000000e+00 2.400000000000000000e+01 9.000000000000000000e+00 0.000000000000000000e+00 1.600000000000000089e+00 3.869999999999999742e-04 3.539000000000000045e-03 -9.999940000000000495e-01 4.442610000000000170e-01 8.958909999999999929e-01 3.341999999999999919e-03 8.958970000000000544e-01 -4.442599999999999882e-01 -1.224999999999999960e-03
1.200000000000000000e+01 2.400000000000000000e+01 9.000000000000000000e+00 0.000000000000000000e+00 1.600000000000000089e+00 -7.799999999999999859e-05 1.869999999999999917e-04 -1.000000000000000000e+00 4.431339999999999724e-01 8.964550000000000018e-01 1.330000000000000073e-04 8.964550000000000018e-01 -4.431339999999999724e-01 -1.530000000000000056e-04
1.500000000000000000e+01 2.400000000000000000e+01 9.000000000000000000e+00 0.000000000000000000e+00 1.600000000000000089e+00 -1.685000000000000083e-03 -3.487000000000000082e-03 -9.999919999999999920e-01 4.446140000000000092e-01 8.957140000000000102e-01 -3.872000000000000008e-03 8.957199999999999607e-01 -4.446180000000000132e-01 4.100000000000000047e-05
2.100000000000000000e+01 2.400000000000000000e+01 9.000000000000000000e+00 0.000000000000000000e+00 1.600000000000000089e+00 -2.736000000000000151e-03 -6.715999999999999748e-03 -9.999740000000000295e-01 4.467610000000000192e-01 8.946239999999999748e-01 -7.230000000000000315e-03 8.946490000000000276e-01 -4.467690000000000272e-01 5.529999999999999976e-04
2.400000000000000000e+01 2.400000000000000000e+01 9.000000000000000000e+00 0.000000000000000000e+00 1.600000000000000089e+00 -5.310000000000000050e-04 -9.773999999999999702e-03 -9.999519999999999520e-01 4.459770000000000123e-01 8.949989999999999890e-01 -8.984000000000000666e-03 8.950439999999999507e-01 -4.459609999999999963e-01 3.883999999999999866e-03
2.800000000000000000e+01 2.400000000000000000e+01 9.000000000000000000e+00 0.000000000000000000e+00 1.600000000000000089e+00 1.747999999999999988e-03 -1.305000000000000084e-02 -9.999130000000000518e-01 4.441979999999999817e-01 8.958620000000000472e-01 -1.091499999999999936e-02 8.959270000000000289e-01 -4.441410000000000080e-01 7.362999999999999753e-03
2.000000000000000000e+01 7.000000000000000000e+00 1.000000000000000000e+01 0.000000000000000000e+00 1.600000000000000089e+00 -5.871900000000000036e-02 -3.833299999999999902e-02 -9.975380000000000358e-01 -9.862880000000000535e-01 -1.521609999999999907e-01 6.390400000000000247e-02 -1.542360000000000120e-01 9.876120000000000454e-01 -2.887199999999999836e-02
2.400000000000000000e+01 7.000000000000000000e+00 1.000000000000000000e+01 0.000000000000000000e+00 1.600000000000000089e+00 4.870000000000000197e-03 -7.068999999999999763e-03 -9.999630000000000463e-01 -9.910240000000000160e-01 -1.336289999999999978e-01 -3.882000000000000034e-03 -1.335959999999999925e-01 9.910060000000000535e-01 -7.655999999999999611e-03
1.900000000000000000e+01 3.000000000000000000e+00 1.100000000000000000e+01 0.000000000000000000e+00 1.600000000000000089e+00 -6.949999999999999798e-04 -7.528999999999999582e-02 9.971609999999999641e-01 1.378369999999999873e-01 -9.876509999999999456e-01 -7.447600000000000053e-02 9.904549999999999743e-01 1.373939999999999884e-01 1.106399999999999918e-02
2.500000000000000000e+01 3.000000000000000000e+00 1.100000000000000000e+01 0.000000000000000000e+00 1.600000000000000089e+00 -1.629999999999999939e-03 1.755500000000000116e-02 9.998449999999999838e-01 1.206060000000000049e-01 -9.925439999999999818e-01 1.762400000000000078e-02 9.926989999999999981e-01 1.206160000000000010e-01 -5.000000000000000104e-04
4.000000000000000000e+00 3.100000000000000000e+01 1.200000000000000000e+01 0.000000000000000000e+00 1.600000000000000089e+00 6.290999999999999717e-03 -2.193819999999999937e-01 9.756190000000000140e-01 -7.617699999999999472e-02 9.726979999999999515e-01 2.192169999999999952e-01 -9.970740000000000158e-01 -7.569900000000000240e-02 -1.059299999999999999e-02
6.000000000000000000e+00 3.500000000000000000e+01 1.300000000000000000e+01 0.000000000000000000e+00 1.600000000000000089e+00 -1.896789999999999865e-01 -5.029999999999999749e-02 9.805570000000000119e-01 9.674920000000000186e-01 -1.797189999999999899e-01 1.779330000000000078e-01 1.672750000000000070e-01 9.824310000000000542e-01 8.275399999999999423e-02
1.500000000000000000e+01 3.200000000000000000e+01 1.400000000000000000e+01 0.000000000000000000e+00 1.600000000000000089e+00 1.033000000000000064e-03 -1.531999999999999942e-03 -9.999980000000000535e-01 1.169800000000000006e-01 9.931330000000000435e-01 -1.399999999999999986e-03 9.931339999999999613e-01 -1.169779999999999986e-01 1.204999999999999908e-03
1.900000000000000000e+01 3.200000000000000000e+01 1.400000000000000000e+01 0.000000000000000000e+00 1.600000000000000089e+00 2.930000000000000204e-04 2.726999999999999823e-03 -9.999959999999999960e-01 1.179349999999999982e-01 9.930179999999999563e-01 2.743000000000000212e-03 9.930210000000000425e-01 -1.179349999999999982e-01 -3.100000000000000135e-05
2.300000000000000000e+01 3.200000000000000000e+01 1.400000000000000000e+01 0.000000000000000000e+00 1.600000000000000089e+00 6.840000000000000377e-04 2.324999999999999810e-03 -9.999970000000000248e-01 1.196109999999999951e-01 9.928179999999999783e-01 2.390000000000000197e-03 9.928209999999999535e-01 -1.196119999999999961e-01 4.009999999999999893e-04
2.600000000000000000e+01 3.200000000000000000e+01 1.400000000000000000e+01 0.000000000000000000e+00 1.600000000000000089e+00 2.906999999999999862e-03 -3.285000000000000159e-03 -9.999900000000000455e-01 1.196279999999999982e-01 9.928139999999999743e-01 -2.913999999999999924e-03 9.928150000000000031e-01 -1.196180000000000021e-01 3.278999999999999797e-03
1.000000000000000000e+00 1.200000000000000000e+01 1.600000000000000000e+01 0.000000000000000000e+00 1.600000000000000089e+00 9.291999999999999912e-03 -2.385599999999999873e-02 9.996720000000000050e-01 2.717189999999999883e-01 -9.620389999999999775e-01 -2.548299999999999871e-02 9.623319999999999652e-01 2.718670000000000253e-01 -2.456999999999999983e-03
1.000000000000000000e+01 1.160000000000000000e+02 1.600000000000000000e+01 0.000000000000000000e+00 1.600000000000000089e+00 1.693999999999999976e-03 4.433999999999999574e-03 9.999890000000000168e-01 7.162619999999999543e-01 6.978189999999999671e-01 -4.308000000000000197e-03 -6.978299999999999503e-01 7.162610000000000365e-01 -1.992999999999999980e-03
1.600000000000000000e+01 1.160000000000000000e+02 1.600000000000000000e+01 0.000000000000000000e+00 1.600000000000000089e+00 -4.620000000000000083e-04 1.900999999999999912e-03 9.999980000000000535e-01 7.056090000000000417e-01 7.086010000000000364e-01 -1.020999999999999989e-03 -7.086010000000000364e-01 7.056069999999999842e-01 -1.668999999999999911e-03
2.200000000000000000e+01 1.160000000000000000e+02 1.600000000000000000e+01 0.000000000000000000e+00 1.600000000000000089e+00 -3.802999999999999957e-03 -4.028000000000000330e-03 9.999850000000000128e-01 7.365319999999999645e-01 6.763799999999999812e-01 5.525000000000000397e-03 -6.763919999999999932e-01 7.365420000000000300e-01 3.950000000000000061e-04
1.000000000000000000e+00 3.000000000000000000e+01 1.800000000000000000e+01 0.000000000000000000e+00 1.600000000000000089e+00 -1.168249999999999983e-01 2.413079999999999947e-01 9.633909999999999973e-01 3.802659999999999929e-01 -8.852440000000000309e-01 2.678459999999999730e-01 9.174689999999999790e-01 3.976359999999999895e-01 1.165799999999999996e-02
1.400000000000000000e+01 2.000000000000000000e+00 1.900000000000000000e+01 0.000000000000000000e+00 1.600000000000000089e+00 9.860000000000000708e-03 -5.233199999999999658e-02 -9.985810000000000519e-01 3.640970000000000040e-01 -9.298899999999999944e-01 5.232699999999999851e-02 -9.313090000000000535e-01 -3.640959999999999752e-01 9.884999999999999690e-03
2.400000000000000000e+01 2.000000000000000000e+00 1.900000000000000000e+01 0.000000000000000000e+00 1.600000000000000089e+00 -4.383999999999999876e-03 -9.655999999999999653e-03 -9.999440000000000550e-01 3.457330000000000125e-01 -9.383029999999999982e-01 7.544999999999999624e-03 -9.383230000000000182e-01 -3.456810000000000160e-01 7.452000000000000290e-03
1.000000000000000000e+00 3.000000000000000000e+00 1.900000000000000000e+01 0.000000000000000000e+00 1.600000000000000089e+00 3.360999999999999838e-03 -2.450000000000000094e-02 -9.996939999999999715e-01 3.325170000000000070e-01 -9.427860000000000129e-01 2.422399999999999901e-02 -9.430910000000000126e-01 -3.324960000000000138e-01 4.977999999999999786e-03
7.000000000000000000e+00 3.000000000000000000e+00 1.900000000000000000e+01 0.000000000000000000e+00 1.600000000000000089e+00 8.706999999999999462e-03 -4.694199999999999762e-02 -9.988599999999999701e-01 3.397620000000000084e-01 -9.393310000000000271e-01 4.710600000000000204e-02 -9.404709999999999459e-01 -3.397839999999999749e-01 7.769999999999999997e-03
2.700000000000000000e+01 3.000000000000000000e+00 1.900000000000000000e+01 0.000000000000000000e+00 1.600000000000000089e+00 -8.807999999999999857e-03 1.050500000000000045e-02 -9.999059999999999615e-01 3.111119999999999997e-01 -9.502880000000000216e-01 -1.272399999999999920e-02 -9.503319999999999546e-01 -3.111949999999999994e-01 5.100999999999999632e-03
5.000000000000000000e+00 4.000000000000000000e+00 2.000000000000000000e+01 0.000000000000000000e+00 1.600000000000000089e+00 4.177000000000000157e-03 -3.459899999999999781e-02 -9.993929999999999758e-01 3.807110000000000216e-01 -9.240840000000000165e-01 3.358300000000000174e-02 -9.246849999999999792e-01 -3.806189999999999851e-01 9.313000000000000098e-03
2.100000000000000000e+01 4.000000000000000000e+00 2.000000000000000000e+01 0.000000000000000000e+00 1.600000000000000089e+00 -8.199999999999999824e-04 -1.442700000000000059e-02 -9.998960000000000070e-01 3.275109999999999966e-01 -9.447529999999999539e-01 1.336299999999999988e-02 -9.448469999999999924e-01 -3.274650000000000061e-01 5.499999999999999681e-03
2.000000000000000000e+00 1.300000000000000000e+01 2.000000000000000000e+01 0.000000000000000000e+00 1.600000000000000089e+00 -1.152999999999999945e-03 5.186999999999999771e-03 9.999860000000000415e-01 2.617519999999999847e-01 9.651239999999999819e-01 -4.703999999999999848e-03 -9.651340000000000474e-01 2.617430000000000034e-01 -2.469999999999999973e-03
7.000000000000000000e+00 1.300000000000000000e+01 2.000000000000000000e+01 0.000000000000000000e+00 1.600000000000000089e+00 8.850000000000000444e-04 -3.343000000000000051e-03 9.999940000000000495e-01 2.601640000000000064e-01 9.655599999999999739e-01 2.997999999999999797e-03 -9.655639999999999779e-01 2.601600000000000024e-01 1.724999999999999971e-03
1.000000000000000000e+01 1.300000000000000000e+01 2.000000000000000000e+01 0.000000000000000000e+00 1.600000000000000089e+00 1.048000000000000103e-03 -8.684000000000000746e-03 9.999620000000000175e-01 2.580760000000000276e-01 9.660910000000000331e-01 8.118999999999999481e-03 -9.661239999999999828e-01 2.580569999999999808e-01 3.253999999999999948e-03
1.600000000000000000e+01 1.300000000000000000e+01 2.000000000000000000e+01 0.000000000000000000e+00 1.600000000000000089e+00 -1.364999999999999894e-03 -1.969999999999999909e-04 9.999989999999999712e-01 2.599069999999999991e-01 9.656329999999999636e-01 5.450000000000000200e-04 -9.656329999999999636e-01 2.599079999999999724e-01 -1.266999999999999897e-03
2.200000000000000000e+01 1.300000000000000000e+01 2.000000000000000000e+01 0.000000000000000000e+00 1.600000000000000089e+00 -2.255000000000000060e-03 -1.536999999999999955e-03 9.999959999999999960e-01 2.627829999999999888e-01 9.648529999999999607e-01 2.075000000000000022e-03 -9.648520000000000429e-01 2.627869999999999928e-01 -1.771999999999999921e-03
2.700000000000000000e+01 1.300000000000000000e+01 2.000000000000000000e+01 0.000000000000000000e+00 1.600000000000000089e+00 -1.069000000000000072e-03 -9.640000000000000131e-04 9.999989999999999712e-01 2.617990000000000039e-01 9.651220000000000354e-01 1.211000000000000054e-03 -9.651220000000000354e-01 2.617999999999999772e-01 -7.789999999999999616e-04
2.000000000000000000e+00 1.600000000000000000e+01 2.100000000000000000e+01 0.000000000000000000e+00 1.600000000000000089e+00 -9.449999999999999850e-04 -5.559999999999999621e-04 9.999989999999999712e-01 2.961090000000000111e-01 9.551539999999999475e-01 8.109999999999999805e-04 -9.551539999999999475e-01 2.961099999999999843e-01 -7.380000000000000492e-04
1.300000000000000000e+01 1.600000000000000000e+01 2.100000000000000000e+01 0.000000000000000000e+00 1.600000000000000089e+00 3.539999999999999853e-04 -9.048999999999999752e-03 9.999590000000000423e-01 2.974580000000000002e-01 9.546970000000000178e-01 8.533999999999999919e-03 -9.547350000000000003e-01 2.974430000000000129e-01 3.030000000000000141e-03
1.800000000000000000e+01 1.600000000000000000e+01 2.100000000000000000e+01 0.000000000000000000e+00 1.600000000000000089e+00 -8.610000000000000032e-04 5.823000000000000051e-03 9.999829999999999552e-01 2.982569999999999943e-01 9.544709999999999583e-01 -5.301000000000000156e-03 -9.544850000000000279e-01 2.982469999999999843e-01 -2.559000000000000077e-03
2.300000000000000000e+01 1.600000000000000000e+01 2.100000000000000000e+01 0.000000000000000000e+00 1.600000000000000089e+00 -2.579999999999999828e-03 -4.915000000000000098e-03 9.999850000000000128e-01 2.989189999999999903e-01 9.542629999999999724e-01 5.461999999999999841e-03 -9.542749999999999844e-01 2.989290000000000003e-01 -9.929999999999999591e-04
1.800000000000000000e+01 4.100000000000000000e+01 2.400000000000000000e+01 0.000000000000000000e+00 1.600000000000000089e+00 2.229800000000000115e-01 4.071099999999999719e-02 9.739719999999999489e-01 -9.067020000000000080e-01 3.755970000000000142e-01 1.918799999999999950e-01 -3.580090000000000217e-01 -9.258889999999999620e-01 1.206639999999999935e-01
1.200000000000000000e+01 2.000000000000000000e+00 2.500000000000000000e+01 0.000000000000000000e+00 1.600000000000000089e+00 1.104699999999999953e-02 -4.369100000000000067e-02 9.989839999999999831e-01 7.584200000000000663e-02 -9.961309999999999887e-01 -4.440500000000000003e-02 9.970590000000000286e-01 7.625600000000000434e-02 -7.690999999999999920e-03
5.000000000000000000e+00 3.000000000000000000e+00 2.500000000000000000e+01 0.000000000000000000e+00 1.600000000000000089e+00 9.069000000000000672e-03 -2.159900000000000014e-02 9.997260000000000035e-01 1.562299999999999973e-02 -9.996420000000000305e-01 -2.173900000000000138e-02 9.998369999999999758e-01 1.581600000000000020e-02 -8.727999999999999647e-03
1.300000000000000000e+01 3.000000000000000000e+00 2.500000000000000000e+01 0.000000000000000000e+00 1.600000000000000089e+00 2.410999999999999949e-03 -3.641799999999999898e-02 9.993339999999999446e-01 -1.603600000000000164e-02 -9.992100000000000426e-01 -3.637499999999999761e-02 9.998690000000000078e-01 -1.593800000000000078e-02 -2.994000000000000133e-03
1.600000000000000000e+01 3.000000000000000000e+00 2.500000000000000000e+01 0.000000000000000000e+00 1.600000000000000089e+00 -3.163000000000000013e-03 -1.704599999999999865e-02 9.998500000000000165e-01 -2.986499999999999919e-02 -9.994070000000000453e-01 -1.713299999999999892e-02 9.995490000000000208e-01 -2.991399999999999962e-02 2.651999999999999844e-03
2.700000000000000000e+01 3.000000000000000000e+00 2.500000000000000000e+01 0.000000000000000000e+00 1.600000000000000089e+00 -2.827000000000000086e-03 2.321000000000000146e-03 9.999930000000000208e-01 -4.141000000000000236e-02 -9.991400000000000281e-01 2.201999999999999964e-03 9.991379999999999706e-01 -4.140400000000000330e-02 2.919999999999999853e-03
2.000000000000000000e+00 2.900000000000000000e+01 2.600000000000000000e+01 0.000000000000000000e+00 1.600000000000000089e+00 2.243200000000000055e-02 1.359569999999999945e-01 -9.904610000000000358e-01 4.704099999999999948e-02 -9.897559999999999691e-01 -1.347949999999999982e-01 -9.986410000000000009e-01 -4.356899999999999662e-02 -2.859799999999999842e-02
2.400000000000000000e+01 4.300000000000000000e+01 2.600000000000000000e+01 0.000000000000000000e+00 1.600000000000000089e+00 -9.271400000000000474e-02 2.315770000000000051e-01 -9.683880000000000265e-01 9.838270000000000071e-01 -1.283980000000000121e-01 -1.248969999999999941e-01 -1.532630000000000103e-01 -9.643059999999999965e-01 -2.159280000000000088e-01
1.000000000000000000e+01 5.800000000000000000e+01 3.100000000000000000e+01 0.000000000000000000e+00 1.600000000000000089e+00 8.902000000000000191e-03 1.103499999999999967e-02 9.999000000000000110e-01 -8.107309999999999794e-01 -5.852589999999999737e-01 1.367699999999999992e-02 5.853509999999999547e-01 -8.107720000000000482e-01 3.736000000000000171e-03
1.600000000000000000e+01 5.800000000000000000e+01 3.100000000000000000e+01 0.000000000000000000e+00 1.600000000000000089e+00 3.800000000000000209e-04 -5.818000000000000255e-03 9.999829999999999552e-01 -8.101319999999999633e-01 -5.862399999999999833e-01 -3.102999999999999856e-03 5.862479999999999913e-01 -8.101169999999999760e-01 -4.937000000000000416e-03
2.000000000000000000e+01 5.800000000000000000e+01 3.100000000000000000e+01 0.000000000000000000e+00 1.600000000000000089e+00 2.860000000000000129e-04 -6.891999999999999689e-03 9.999759999999999760e-01 -8.087619999999999809e-01 -5.881239999999999801e-01 -3.821999999999999877e-03 5.881359999999999921e-01 -8.087419999999999609e-01 -5.741999999999999708e-03
2.800000000000000000e+01 5.800000000000000000e+01 3.100000000000000000e+01 0.000000000000000000e+00 1.600000000000000089e+00 -5.976000000000000409e-03 4.795999999999999916e-03 9.999710000000000543e-01 -8.068220000000000391e-01 -5.907919999999999838e-01 -1.988000000000000184e-03 5.907649999999999846e-01 -8.068100000000000271e-01 7.400000000000000328e-03
3.000000000000000000e+01 2.300000000000000000e+01 3.400000000000000000e+01 0.000000000000000000e+00 1.600000000000000089e+00 1.226000000000000093e-03 3.001000000000000195e-03 9.999949999999999672e-01 4.121739999999999848e-01 -9.111019999999999675e-01 2.229000000000000078e-03 9.111040000000000250e-01 4.121699999999999808e-01 -2.354000000000000190e-03
2.700000000000000000e+01 9.500000000000000000e+01 3.600000000000000000e+01 0.000000000000000000e+00 1.600000000000000089e+00 4.350000000000000026e-04 -1.517340000000000078e-01 9.884209999999999940e-01 9.976390000000000535e-01 6.794699999999999351e-02 9.991999999999999146e-03 -6.867600000000000093e-02 9.860830000000000428e-01 1.514050000000000118e-01
4.000000000000000000e+00 9.500000000000000000e+01 3.700000000000000000e+01 0.000000000000000000e+00 1.600000000000000089e+00 -1.132999999999999893e-03 7.111000000000000133e-03 9.999740000000000295e-01 9.947200000000000486e-01 1.026269999999999960e-01 3.980000000000000248e-04 -1.026220000000000049e-01 9.946939999999999671e-01 -7.189000000000000078e-03
7.000000000000000000e+00 4.600000000000000000e+01 4.100000000000000000e+01 0.000000000000000000e+00 1.600000000000000089e+00 -4.950789999999999913e-01 5.721000000000000391e-03 8.688289999999999624e-01 5.987789999999999502e-01 -7.223429999999999573e-01 3.459539999999999837e-01 6.295720000000000205e-01 6.915120000000000156e-01 3.541909999999999781e-01
2.500000000000000000e+01 4.800000000000000000e+01 4.100000000000000000e+01 0.000000000000000000e+00 1.600000000000000089e+00 1.230789999999999940e-01 5.481999999999999894e-03 9.923819999999999864e-01 8.261070000000000357e-01 5.535470000000000113e-01 -1.055149999999999977e-01 -5.499089999999999812e-01 8.327999999999999847e-01 6.360100000000000475e-02
2.700000000000000000e+01 4.800000000000000000e+01 4.200000000000000000e+01 0.000000000000000000e+00 1.600000000000000089e+00 1.235710000000000003e-01 -1.060119999999999951e-01 9.866570000000000062e-01 8.775629999999999820e-01 4.758439999999999892e-01 -5.877999999999999892e-02 -4.632640000000000091e-01 8.731170000000000320e-01 1.518329999999999957e-01
2.000000000000000000e+00 3.000000000000000000e+00 4.300000000000000000e+01 0.000000000000000000e+00 1.600000000000000089e+00 -4.531000000000000305e-03 6.066000000000000211e-03 -9.999710000000000543e-01 7.281689999999999552e-01 -6.853569999999999940e-01 -7.457000000000000087e-03 -6.853829999999999645e-01 -7.281819999999999959e-01 -1.312000000000000015e-03
1.100000000000000000e+01 8.000000000000000000e+00 4.400000000000000000e+01 0.000000000000000000e+00 1.600000000000000089e+00 -1.273000000000000043e-03 -1.448999999999999984e-03 9.999980000000000535e-01 -7.908450000000000202e-01 -6.120139999999999469e-01 -1.894000000000000067e-03 6.120160000000000045e-01 -7.908460000000000489e-01 -3.669999999999999760e-04
1.400000000000000000e+01 8.000000000000000000e+00 4.400000000000000000e+01 0.000000000000000000e+00 1.600000000000000089e+00 4.260000000000000006e-04 4.414000000000000389e-03 9.999900000000000455e-01 -7.916889999999999761e-01 -6.109170000000000433e-01 3.033999999999999805e-03 6.109240000000000226e-01 -7.916819999999999968e-01 3.233999999999999896e-03
1.800000000000000000e+01 8.000000000000000000e+00 4.400000000000000000e+01 0.000000000000000000e+00 1.600000000000000089e+00 -3.075000000000000042e-03 6.509999999999999945e-04 9.999949999999999672e-01 -7.930749999999999744e-01 -6.091210000000000235e-01 -2.041999999999999978e-03 6.091170000000000195e-01 -7.930770000000000319e-01 2.390000000000000197e-03
2.600000000000000000e+01 8.000000000000000000e+00 4.400000000000000000e+01 0.000000000000000000e+00 1.600000000000000089e+00 -1.204999999999999908e-03 2.729999999999999788e-03 9.999959999999999960e-01 -8.026050000000000129e-01 -5.965099999999999847e-01 6.620000000000000450e-04 5.965089999999999559e-01 -8.026010000000000089e-01 2.909999999999999826e-03
3.000000000000000000e+00 3.500000000000000000e+01 4.500000000000000000e+01 0.000000000000000000e+00 1.600000000000000089e+00 -1.941400000000000070e-02 -5.271749999999999492e-01 -8.495350000000000401e-01 -9.996880000000000210e-01 2.357400000000000120e-02 8.217000000000000345e-03 1.569500000000000062e-02 8.494300000000000184e-01 -5.274680000000000479e-01
2.400000000000000000e+01 2.900000000000000000e+01 4.800000000000000000e+01 0.000000000000000000e+00 1.600000000000000089e+00 4.864000000000000268e-03 -1.070409999999999973e-01 9.942429999999999879e-01 3.583390000000000186e-01 9.284120000000000150e-01 9.820099999999999663e-02 -9.335790000000000477e-01 3.557989999999999764e-01 4.287300000000000139e-02
3.000000000000000000e+00 4.100000000000000000e+01 4.800000000000000000e+01 0.000000000000000000e+00 1.600000000000000089e+00 -3.748270000000000213e-01 -1.969829999999999914e-01 -9.059260000000000090e-01 7.900829999999999798e-01 4.433770000000000211e-01 -4.233040000000000136e-01 4.850510000000000099e-01 -8.744220000000000326e-01 -1.055700000000000041e-02
1.000000000000000000e+01 3.700000000000000000e+01 5.100000000000000000e+01 0.000000000000000000e+00 1.600000000000000089e+00 -4.020889999999999742e-01 -3.836330000000000018e-01 8.313549999999999551e-01 9.002379999999999827e-01 -3.312780000000000169e-01 2.825349999999999806e-01 1.670200000000000018e-01 8.620210000000000372e-01 4.785639999999999894e-01
1.200000000000000000e+01 3.800000000000000000e+01 5.100000000000000000e+01 0.000000000000000000e+00 1.600000000000000089e+00 -3.731149999999999745e-01 -3.989880000000000093e-01 8.376120000000000232e-01 9.226879999999999526e-01 -2.540799999999999725e-01 2.899829999999999908e-01 9.712099999999999900e-02 8.810519999999999463e-01 4.629420000000000202e-01
1.600000000000000000e+01 7.000000000000000000e+00 5.200000000000000000e+01 0.000000000000000000e+00 1.600000000000000089e+00 -3.570000000000000040e-04 2.139999999999999975e-03 -9.999980000000000535e-01 7.695599999999999663e-02 -9.970320000000000293e-01 -2.161000000000000160e-03 -9.970339999999999758e-01 -7.695699999999999763e-02 1.910000000000000077e-04
2.400000000000000000e+01 5.800000000000000000e+01 5.200000000000000000e+01 0.000000000000000000e+00 1.600000000000000089e+00 -6.577000000000000381e-03 -3.123199999999999935e-02 9.994899999999999896e-01 -6.174779999999999713e-01 7.863210000000000477e-01 2.050799999999999845e-02 -7.865609999999999546e-01 -6.170280000000000209e-01 -2.445699999999999957e-02
2.000000000000000000e+01 5.700000000000000000e+01 5.300000000000000000e+01 0.000000000000000000e+00 1.600000000000000089e+00 -1.273099999999999926e-02 -1.573599999999999999e-02 9.997949999999999893e-01 -5.393649999999999833e-01 8.420480000000000187e-01 6.385000000000000051e-03 -8.419759999999999467e-01 -5.391730000000000134e-01 -1.920699999999999838e-02
7.000000000000000000e+00 6.300000000000000000e+01 5.400000000000000000e+01 0.000000000000000000e+00 1.600000000000000089e+00 2.349999999999999930e-04 -2.680999999999999790e-03 9.999959999999999960e-01 -3.590749999999999775e-01 9.333050000000000512e-01 2.586999999999999890e-03 -9.333090000000000552e-01 -3.590749999999999775e-01 -7.429999999999999539e-04
1.300000000000000000e+01 6.300000000000000000e+01 5.400000000000000000e+01 0.000000000000000000e+00 1.600000000000000089e+00 1.806000000000000097e-03 -8.200000000000000095e-05 9.999980000000000535e-01 -3.630390000000000006e-01 9.317739999999999911e-01 7.320000000000000118e-04 -9.317720000000000447e-01 -3.630390000000000006e-01 1.652999999999999955e-03
2.100000000000000000e+01 6.300000000000000000e+01 5.400000000000000000e+01 0.000000000000000000e+00 1.600000000000000089e+00 -2.001000000000000174e-03 -5.239999999999999866e-03 9.999839999999999840e-01 -3.685479999999999867e-01 9.295999999999999819e-01 4.133999999999999654e-03 -9.296069999999999611e-01 -3.685329999999999995e-01 -3.791000000000000099e-03
2.600000000000000000e+01 6.300000000000000000e+01 5.400000000000000000e+01 0.000000000000000000e+00 1.600000000000000089e+00 -3.171000000000000207e-03 -1.188700000000000000e-02 9.999240000000000350e-01 -3.692500000000000226e-01 9.292780000000000484e-01 9.875999999999999363e-03 -9.293249999999999567e-01 -3.691909999999999914e-01 -7.335999999999999639e-03
4.000000000000000000e+00 2.500000000000000000e+01 5.500000000000000000e+01 0.000000000000000000e+00 1.600000000000000089e+00 6.579999999999999478e-04 1.113000000000000057e-03 -9.999989999999999712e-01 -1.055399999999999915e-02 -9.999440000000000550e-01 -1.119999999999999902e-03 -9.999440000000000550e-01 1.055500000000000015e-02 -6.459999999999999814e-04
2.200000000000000000e+01 2.600000000000000000e+01 5.500000000000000000e+01 0.000000000000000000e+00 1.600000000000000089e+00 -3.289999999999999739e-04 -4.810000000000000039e-03 -9.999879999999999880e-01 -2.832000000000000142e-02 -9.995870000000000033e-01 4.818000000000000234e-03 -9.995990000000000153e-01 2.832199999999999995e-02 1.930000000000000021e-04
2.300000000000000000e+01 2.900000000000000000e+01 5.500000000000000000e+01 0.000000000000000000e+00 1.600000000000000089e+00 2.706000000000000072e-03 4.288700000000000151e-02 9.990759999999999641e-01 7.050800000000000123e-02 -9.966019999999999879e-01 4.258900000000000186e-02 9.975079999999999503e-01 7.032700000000000062e-02 -5.720000000000000258e-03
9.000000000000000000e+00 2.000000000000000000e+01 6.000000000000000000e+01 0.000000000000000000e+00 1.600000000000000089e+00 1.378000000000000102e-03 -2.145000000000000205e-03 9.999970000000000248e-01 -6.040800000000000336e-02 9.981710000000000305e-01 2.223999999999999849e-03 -9.981729999999999769e-01 -6.041099999999999942e-02 1.245999999999999929e-03
2.200000000000000000e+01 2.000000000000000000e+01 6.000000000000000000e+01 0.000000000000000000e+00 1.600000000000000089e+00 1.593999999999999931e-03 1.696999999999999941e-03 9.999970000000000248e-01 -6.308400000000000118e-02 9.980069999999999775e-01 -1.593000000000000015e-03 -9.980069999999999775e-01 -6.308099999999999818e-02 1.698000000000000074e-03
5.000000000000000000e+00 2.100000000000000000e+01 6.000000000000000000e+01 0.000000000000000000e+00 1.600000000000000089e+00 8.639999999999999677e-04 -6.535000000000000010e-03 9.999780000000000335e-01 -9.254500000000000226e-02 9.956869999999999887e-01 6.586999999999999973e-03 -9.957080000000000375e-01 -9.254900000000000626e-02 2.559999999999999884e-04
1.300000000000000000e+01 2.100000000000000000e+01 6.000000000000000000e+01 0.000000000000000000e+00 1.600000000000000089e+00 -9.219999999999999680e-04 -3.883000000000000167e-03 9.999919999999999920e-01 -9.734299999999999897e-02 9.952440000000000175e-01 3.775000000000000144e-03 -9.952499999999999680e-01 -9.733899999999999497e-02 -1.294999999999999927e-03
1.900000000000000000e+01 2.100000000000000000e+01 6.000000000000000000e+01 0.000000000000000000e+00 1.600000000000000089e+00 -2.090000000000000115e-04 2.730999999999999921e-03 9.999959999999999960e-01 -9.524199999999999333e-02 9.954499999999999460e-01 -2.739000000000000115e-03 -9.954539999999999500e-01 -9.524199999999999333e-02 5.199999999999999680e-05
2.800000000000000000e+01 2.100000000000000000e+01 6.000000000000000000e+01 0.000000000000000000e+00 1.600000000000000089e+00 -6.130000000000000466e-04 3.514999999999999895e-03 9.999940000000000495e-01 -9.524699999999999833e-02 9.954469999999999708e-01 -3.557999999999999965e-03 -9.954530000000000323e-01 -9.524799999999999933e-02 -2.750000000000000166e-04
3.000000000000000000e+00 2.700000000000000000e+01 6.300000000000000000e+01 0.000000000000000000e+00 1.600000000000000089e+00 8.469999999999999881e-04 -1.587000000000000086e-03 9.999980000000000535e-01 -2.743840000000000168e-01 9.616179999999999728e-01 1.758000000000000014e-03 -9.616200000000000303e-01 -2.743849999999999900e-01 3.789999999999999966e-04
6.000000000000000000e+00 2.700000000000000000e+01 6.300000000000000000e+01 0.000000000000000000e+00 1.600000000000000089e+00 3.220000000000000206e-04 -7.359000000000000090e-03 9.999730000000000008e-01 -2.758590000000000209e-01 9.611709999999999976e-01 7.161999999999999963e-03 -9.611979999999999968e-01 -2.758539999999999881e-01 -1.721000000000000090e-03
1.100000000000000000e+01 2.700000000000000000e+01 6.300000000000000000e+01 0.000000000000000000e+00 1.600000000000000089e+00 -1.748999999999999904e-03 -8.184999999999999568e-03 9.999649999999999928e-01 -2.765630000000000033e-01 9.609680000000000444e-01 7.381999999999999673e-03 -9.609940000000000149e-01 -2.765400000000000080e-01 -3.943999999999999589e-03
2.200000000000000000e+01 2.700000000000000000e+01 6.300000000000000000e+01 0.000000000000000000e+00 1.600000000000000089e+00 1.469999999999999953e-04 3.110000000000000243e-04 1.000000000000000000e+00 -2.707160000000000122e-01 9.626590000000000424e-01 -2.599999999999999772e-04 -9.626590000000000424e-01 -2.707160000000000122e-01 2.259999999999999910e-04
3.000000000000000000e+01 2.700000000000000000e+01 6.300000000000000000e+01 0.000000000000000000e+00 1.600000000000000089e+00 1.521999999999999915e-03 -1.006499999999999929e-02 9.999479999999999480e-01 -2.679230000000000222e-01 9.633869999999999933e-01 1.010499999999999940e-02 -9.634390000000000454e-01 -2.679239999999999955e-01 -1.229999999999999974e-03
6.000000000000000000e+00 2.600000000000000000e+01 6.400000000000000000e+01 0.000000000000000000e+00 1.600000000000000089e+00 1.757000000000000098e-03 -7.481999999999999935e-03 9.999700000000000255e-01 -3.650900000000000256e-01 9.309410000000000185e-01 7.607000000000000046e-03 -9.309699999999999642e-01 -3.650930000000000009e-01 -1.095999999999999969e-03
1.100000000000000000e+01 2.600000000000000000e+01 6.400000000000000000e+01 0.000000000000000000e+00 1.600000000000000089e+00 -1.134999999999999941e-03 -9.783000000000000029e-03 9.999510000000000343e-01 -3.674319999999999808e-01 9.300100000000000033e-01 8.682000000000000481e-03 -9.300500000000000433e-01 -3.674040000000000084e-01 -4.649999999999999620e-03
1.600000000000000000e+01 2.600000000000000000e+01 6.400000000000000000e+01 0.000000000000000000e+00 1.600000000000000089e+00 -1.129999999999999955e-04 -1.301000000000000073e-03 9.999989999999999712e-01 -3.623560000000000114e-01 9.320389999999999509e-01 1.172000000000000082e-03 -9.320399999999999796e-01 -3.623560000000000114e-01 -5.770000000000000389e-04
2.200000000000000000e+01 2.600000000000000000e+01 6.400000000000000000e+01 0.000000000000000000e+00 1.600000000000000089e+00 7.360000000000000006e-04 1.359999999999999989e-04 1.000000000000000000e+00 -3.629310000000000036e-01 9.318159999999999776e-01 1.399999999999999877e-04 -9.318159999999999776e-01 -3.629310000000000036e-01 7.349999999999999763e-04
2.300000000000000000e+01 8.000000000000000000e+00 6.700000000000000000e+01 0.000000000000000000e+00 1.600000000000000089e+00 -3.690999999999999837e-03 -4.899999999999999842e-03 -9.999810000000000088e-01 -1.383469999999999978e-01 -9.903690000000000548e-01 5.363999999999999845e-03 -9.903769999999999518e-01 1.383639999999999870e-01 2.978000000000000178e-03
2.400000000000000000e+01 7.100000000000000000e+01 7.200000000000000000e+01 0.000000000000000000e+00 1.600000000000000089e+00 7.251159999999999828e-01 5.152660000000000018e-01 4.568439999999999723e-01 -2.968370000000000175e-01 -3.647369999999999779e-01 8.825279999999999792e-01 6.213649999999999451e-01 -7.755429999999999824e-01 -1.115270000000000011e-01
7.000000000000000000e+00 2.500000000000000000e+01 7.300000000000000000e+01 0.000000000000000000e+00 1.600000000000000089e+00 -3.592000000000000141e-03 -1.355199999999999981e-02 9.999019999999999575e-01 7.527430000000000510e-01 -6.582850000000000090e-01 -6.217999999999999569e-03 6.583050000000000290e-01 7.526469999999999549e-01 1.256600000000000078e-02
1.500000000000000000e+01 2.500000000000000000e+01 7.300000000000000000e+01 0.000000000000000000e+00 1.600000000000000089e+00 -1.072999999999999952e-03 -6.629999999999999609e-04 9.999989999999999712e-01 7.505669999999999842e-01 -6.607939999999999925e-01 3.669999999999999760e-04 6.607929999999999637e-01 7.505669999999999842e-01 1.206999999999999957e-03
2.100000000000000000e+01 2.500000000000000000e+01 7.300000000000000000e+01 0.000000000000000000e+00 1.600000000000000089e+00 1.830999999999999945e-03 5.465000000000000240e-03 9.999829999999999552e-01 7.552640000000000464e-01 -6.554170000000000273e-01 2.199000000000000000e-03 6.554189999999999738e-01 7.552470000000000017e-01 -5.328000000000000271e-03
2.700000000000000000e+01 2.500000000000000000e+01 7.300000000000000000e+01 0.000000000000000000e+00 1.600000000000000089e+00 -1.349999999999999985e-02 7.148999999999999973e-03 9.998829999999999663e-01 7.612109999999999710e-01 -6.483330000000000481e-01 1.491199999999999991e-02 6.483640000000000514e-01 7.613229999999999720e-01 3.311000000000000141e-03
1.000000000000000000e+00 4.400000000000000000e+01 7.300000000000000000e+01 0.000000000000000000e+00 1.600000000000000089e+00 -2.690999999999999816e-03 -4.490000000000000176e-04 9.999959999999999960e-01 5.439299999999999691e-02 -9.985199999999999632e-01 -3.020000000000000223e-04 9.985159999999999592e-01 5.439200000000000285e-02 2.710999999999999868e-03
