4.000000000000000000e+00 1.500000000000000000e+01 4.000000000000000000e+00 0.000000000000000000e+00 1.600000000000000089e+00 -2.821000000000000157e-03 9.405000000000000165e-03 9.999519999999999520e-01 2.949100000000000055e-01 -9.554749999999999632e-01 9.818999999999999603e-03 9.555209999999999537e-01 2.949229999999999907e-01 -7.799999999999999859e-05
1.000000000000000000e+01 1.500000000000000000e+01 4.000000000000000000e+00 0.000000000000000000e+00 1.600000000000000089e+00 2.461000000000000080e-03 2.421999999999999847e-02 9.997040000000000370e-01 2.904820000000000180e-01 -9.566170000000000506e-01 2.246099999999999833e-02 9.568769999999999776e-01 2.903399999999999870e-01 -9.390000000000000777e-03
1.500000000000000000e+01 1.500000000000000000e+01 4.000000000000000000e+00 0.000000000000000000e+00 1.600000000000000089e+00 4.568000000000000012e-03 3.164100000000000246e-02 9.994889999999999608e-01 2.948589999999999822e-01 -9.551039999999999530e-01 2.888800000000000048e-02 9.555299999999999905e-01 2.945769999999999778e-01 -1.369199999999999931e-02
2.100000000000000000e+01 1.500000000000000000e+01 4.000000000000000000e+00 0.000000000000000000e+00 1.600000000000000089e+00 -5.531000000000000326e-03 9.468999999999999986e-03 9.999400000000000510e-01 2.943319999999999825e-01 -9.556440000000000490e-01 1.067799999999999999e-02 9.556869999999999532e-01 2.943729999999999958e-01 2.498999999999999919e-03
2.400000000000000000e+01 1.500000000000000000e+01 4.000000000000000000e+00 0.000000000000000000e+00 1.600000000000000089e+00 -4.447999999999999697e-03 8.210999999999999549e-03 9.999559999999999560e-01 2.898780000000000245e-01 -9.570199999999999818e-01 9.147999999999999882e-03 9.570530000000000426e-01 2.899059999999999970e-01 1.876999999999999979e-03
2.600000000000000000e+01 1.600000000000000000e+01 4.000000000000000000e+00 0.000000000000000000e+00 1.600000000000000089e+00 -3.789999999999999966e-03 1.355300000000000081e-02 9.999010000000000398e-01 3.516730000000000134e-01 -9.360180000000000167e-01 1.401999999999999948e-02 9.361150000000000304e-01 3.516909999999999759e-01 -1.219000000000000031e-03
6.000000000000000000e+00 1.500000000000000000e+01 8.000000000000000000e+00 0.000000000000000000e+00 1.600000000000000089e+00 5.342999999999999659e-03 1.234200000000000054e-02 -9.999099999999999655e-01 -5.935890000000000333e-01 -8.046619999999999884e-01 -1.310399999999999933e-02 -8.047509999999999941e-01 5.936050000000000493e-01 3.026000000000000044e-03
1.000000000000000000e+01 1.500000000000000000e+01 8.000000000000000000e+00 0.000000000000000000e+00 1.600000000000000089e+00 4.022999999999999667e-03 2.272899999999999920e-02 -9.997340000000000115e-01 -5.910800000000000498e-01 -8.063470000000000359e-01 -2.071100000000000024e-02 -8.066029999999999589e-01 5.910060000000000313e-01 1.019100000000000041e-02
1.400000000000000000e+01 1.500000000000000000e+01 8.000000000000000000e+00 0.000000000000000000e+00 1.600000000000000089e+00 3.975000000000000235e-03 3.025699999999999917e-02 -9.995340000000000336e-01 -5.887499999999999956e-01 -8.078710000000000058e-01 -2.679700000000000137e-02 -8.083050000000000512e-01 5.885820000000000496e-01 1.460200000000000040e-02
1.800000000000000000e+01 1.500000000000000000e+01 8.000000000000000000e+00 0.000000000000000000e+00 1.600000000000000089e+00 7.435999999999999902e-03 1.856899999999999870e-02 -9.998000000000000220e-01 -5.862119999999999553e-01 -8.099250000000000060e-01 -1.940199999999999911e-02 -8.101239999999999553e-01 5.862389999999999546e-01 4.863000000000000135e-03
2.300000000000000000e+01 1.500000000000000000e+01 8.000000000000000000e+00 0.000000000000000000e+00 1.600000000000000089e+00 9.116000000000000839e-03 9.048000000000000487e-03 -9.999179999999999735e-01 -5.824700000000000433e-01 -8.127539999999999765e-01 -1.266499999999999918e-02 -8.128009999999999957e-01 5.825369999999999715e-01 -2.138999999999999842e-03
2.700000000000000000e+01 1.500000000000000000e+01 8.000000000000000000e+00 0.000000000000000000e+00 1.600000000000000089e+00 8.474000000000000629e-03 1.561799999999999994e-02 -9.998420000000000085e-01 -5.800929999999999698e-01 -8.143590000000000551e-01 -1.763699999999999990e-02 -8.145059999999999523e-01 5.801509999999999723e-01 2.158999999999999895e-03
2.400000000000000000e+01 2.600000000000000000e+01 8.000000000000000000e+00 0.000000000000000000e+00 1.600000000000000089e+00 -8.583999999999999617e-03 -1.443799999999999945e-02 -9.998590000000000533e-01 4.046469999999999789e-01 9.143210000000000504e-01 -1.667700000000000085e-02 9.144330000000000513e-01 -4.047330000000000094e-01 -2.005999999999999971e-03
3.000000000000000000e+01 2.600000000000000000e+01 8.000000000000000000e+00 0.000000000000000000e+00 1.600000000000000089e+00 -3.334000000000000158e-03 -8.633000000000000049e-03 -9.999569999999999848e-01 4.091150000000000064e-01 9.124360000000000248e-01 -9.242000000000000215e-03 9.124769999999999825e-01 -4.091279999999999917e-01 4.899999999999999842e-04
1.000000000000000000e+01 2.400000000000000000e+01 9.000000000000000000e+00 0.000000000000000000e+00 1.600000000000000089e+00 -4.937000000000000416e-03 -8.035000000000000475e-03 -9.999559999999999560e-01 4.536850000000000049e-01 8.911130000000000440e-01 -9.400000000000000369e-03 8.911480000000000512e-01 -4.537109999999999754e-01 -7.540000000000000044e-04
1.800000000000000000e+01 2.400000000000000000e+01 9.000000000000000000e+00 0.000000000000000000e+00 1.600000000000000089e+00 -5.398000000000000020e-03 -1.457499999999999941e-02 -9.998789999999999623e-01 4.573570000000000135e-01 8.891489999999999672e-01 -1.542999999999999927e-02 8.892670000000000297e-01 -4.573849999999999860e-01 1.866000000000000037e-03
2.800000000000000000e+01 2.400000000000000000e+01 9.000000000000000000e+00 0.000000000000000000e+00 1.600000000000000089e+00 -6.725000000000000075e-03 -1.167900000000000015e-02 -9.999090000000000478e-01 4.632200000000000206e-01 8.861409999999999565e-01 -1.346600000000000054e-02 8.862179999999999502e-01 -4.632680000000000131e-01 -5.490000000000000088e-04
5.000000000000000000e+00 4.000000000000000000e+00 1.100000000000000000e+01 0.000000000000000000e+00 1.600000000000000089e+00 2.950000000000000148e-04 -9.705999999999999350e-03 -9.999529999999999808e-01 1.766210000000000002e-01 9.842330000000000245e-01 -9.501000000000000764e-03 9.842790000000000150e-01 -1.766099999999999892e-01 2.004999999999999838e-03
1.100000000000000000e+01 4.000000000000000000e+00 1.100000000000000000e+01 0.000000000000000000e+00 1.600000000000000089e+00 -1.402000000000000034e-03 -2.108900000000000011e-02 -9.997770000000000268e-01 1.821450000000000014e-01 9.830480000000000329e-01 -2.099099999999999924e-02 9.832710000000000061e-01 -1.821339999999999903e-01 2.462999999999999912e-03
2.100000000000000000e+01 4.000000000000000000e+00 1.100000000000000000e+01 0.000000000000000000e+00 1.600000000000000089e+00 -8.799999999999999771e-05 -1.616999999999999948e-03 -9.999989999999999712e-01 1.944339999999999957e-01 9.809139999999999526e-01 -1.603999999999999957e-03 9.809160000000000101e-01 -1.944339999999999957e-01 2.280000000000000126e-04
2.400000000000000000e+01 4.000000000000000000e+00 1.100000000000000000e+01 0.000000000000000000e+00 1.600000000000000089e+00 6.040000000000000447e-04 5.040000000000000209e-03 -9.999869999999999592e-01 1.911869999999999958e-01 9.815409999999999968e-01 5.062999999999999792e-03 9.815530000000000088e-01 -1.911879999999999968e-01 -3.710000000000000190e-04
2.800000000000000000e+01 4.000000000000000000e+00 1.100000000000000000e+01 0.000000000000000000e+00 1.600000000000000089e+00 8.120000000000000048e-04 1.533699999999999994e-02 -9.998820000000000485e-01 1.825460000000000138e-01 9.830790000000000362e-01 1.522699999999999922e-02 9.831969999999999876e-01 -1.825370000000000048e-01 -2.001000000000000174e-03
2.400000000000000000e+01 1.040000000000000000e+02 1.100000000000000000e+01 0.000000000000000000e+00 1.600000000000000089e+00 4.277999999999999685e-03 -7.700000000000000139e-05 9.999909999999999632e-01 -9.751309999999999700e-01 -2.215890000000000082e-01 4.154999999999999839e-03 2.215870000000000062e-01 -9.751400000000000068e-01 -1.023000000000000038e-03
1.000000000000000000e+01 3.100000000000000000e+01 1.200000000000000000e+01 0.000000000000000000e+00 1.600000000000000089e+00 1.859999999999999945e-04 -1.683999999999999950e-03 9.999989999999999712e-01 -2.021200000000000080e-02 9.997939999999999605e-01 1.686999999999999915e-03 -9.997960000000000180e-01 -2.021200000000000080e-02 1.520000000000000084e-04
2.000000000000000000e+01 3.100000000000000000e+01 1.200000000000000000e+01 0.000000000000000000e+00 1.600000000000000089e+00 -3.399999999999999973e-05 -6.669999999999999497e-04 1.000000000000000000e+00 -2.038399999999999934e-02 9.997920000000000140e-01 6.669999999999999497e-04 -9.997920000000000140e-01 -2.038399999999999934e-02 -4.699999999999999724e-05
2.700000000000000000e+01 3.100000000000000000e+01 1.200000000000000000e+01 0.000000000000000000e+00 1.600000000000000089e+00 3.036000000000000070e-03 3.546999999999999806e-03 9.999890000000000168e-01 -2.348400000000000140e-02 9.997179999999999955e-01 -3.474999999999999790e-03 -9.997200000000000530e-01 -2.347300000000000081e-02 3.118000000000000112e-03
2.700000000000000000e+01 3.500000000000000000e+01 1.200000000000000000e+01 0.000000000000000000e+00 1.600000000000000089e+00 3.828999999999999938e-03 2.733000000000000186e-03 -9.999890000000000168e-01 4.882580000000000253e-01 -8.726990000000000025e-01 -5.159999999999999656e-04 -8.726909999999999945e-01 -4.882509999999999906e-01 -4.675999999999999601e-03
3.000000000000000000e+01 3.500000000000000000e+01 1.200000000000000000e+01 0.000000000000000000e+00 1.600000000000000089e+00 6.382999999999999785e-03 1.796000000000000070e-03 -9.999780000000000335e-01 4.966309999999999891e-01 -8.679599999999999538e-01 1.611999999999999935e-03 -8.679379999999999873e-01 -4.966300000000000159e-01 -6.432000000000000217e-03
4.000000000000000000e+00 3.000000000000000000e+00 1.300000000000000000e+01 0.000000000000000000e+00 1.600000000000000089e+00 -7.889999999999999878e-04 -7.588000000000000127e-03 9.999710000000000543e-01 -1.200599999999999931e-02 9.998989999999999823e-01 7.577000000000000401e-03 -9.999280000000000390e-01 -1.199899999999999925e-02 -8.809999999999999472e-04
1.100000000000000000e+01 3.000000000000000000e+00 1.300000000000000000e+01 0.000000000000000000e+00 1.600000000000000089e+00 -1.902999999999999961e-03 -2.257699999999999985e-02 9.997430000000000483e-01 -1.444999999999999930e-02 9.996410000000000018e-01 2.254700000000000107e-02 -9.998939999999999495e-01 -1.440299999999999914e-02 -2.229000000000000078e-03
1.300000000000000000e+01 3.200000000000000000e+01 1.400000000000000000e+01 0.000000000000000000e+00 1.600000000000000089e+00 -1.183999999999999940e-03 -2.825999999999999953e-03 -9.999949999999999672e-01 1.204250000000000043e-01 9.927179999999999893e-01 -2.948000000000000100e-03 9.927219999999999933e-01 -1.204279999999999934e-01 -8.350000000000000217e-04
1.500000000000000000e+01 3.200000000000000000e+01 1.400000000000000000e+01 0.000000000000000000e+00 1.600000000000000089e+00 -8.339999999999999974e-04 -3.252999999999999815e-03 -9.999940000000000495e-01 1.176999999999999991e-01 9.930440000000000378e-01 -3.328999999999999928e-03 9.930489999999999595e-01 -1.177020000000000011e-01 -4.459999999999999989e-04
2.500000000000000000e+01 3.200000000000000000e+01 1.400000000000000000e+01 0.000000000000000000e+00 1.600000000000000089e+00 -1.461000000000000059e-03 -1.090000000000000067e-04 -9.999989999999999712e-01 1.130680000000000018e-01 9.935869999999999980e-01 -2.739999999999999923e-04 9.935859999999999692e-01 -1.130690000000000028e-01 -1.438999999999999958e-03
4.000000000000000000e+00 1.200000000000000000e+01 1.500000000000000000e+01 0.000000000000000000e+00 1.600000000000000089e+00 1.232999999999999938e-03 4.331999999999999913e-03 -9.999900000000000455e-01 -4.687470000000000248e-01 -8.833210000000000228e-01 -4.405000000000000061e-03 -8.833320000000000061e-01 4.687479999999999980e-01 9.409999999999999962e-04
1.000000000000000000e+01 1.200000000000000000e+01 1.500000000000000000e+01 0.000000000000000000e+00 1.600000000000000089e+00 2.841000000000000209e-03 8.440000000000000236e-04 -9.999959999999999960e-01 -4.690059999999999785e-01 -8.831930000000000058e-01 -2.076999999999999853e-03 -8.831909999999999483e-01 4.690090000000000092e-01 -2.112999999999999861e-03
1.900000000000000000e+01 1.200000000000000000e+01 1.500000000000000000e+01 0.000000000000000000e+00 1.600000000000000089e+00 3.203999999999999817e-03 1.502000000000000080e-03 -9.999940000000000495e-01 -4.705570000000000030e-01 -8.823649999999999549e-01 -2.833000000000000015e-03 -8.823640000000000372e-01 4.705630000000000090e-01 -2.121000000000000055e-03
2.800000000000000000e+01 1.200000000000000000e+01 1.500000000000000000e+01 0.000000000000000000e+00 1.600000000000000089e+00 5.344999999999999925e-03 7.217000000000000325e-03 -9.999599999999999600e-01 -4.680270000000000263e-01 -8.836690000000000378e-01 -8.880000000000000740e-03 -8.836979999999999835e-01 4.680560000000000276e-01 -1.345999999999999974e-03
1.300000000000000000e+01 1.100000000000000000e+01 1.600000000000000000e+01 0.000000000000000000e+00 1.600000000000000089e+00 1.239000000000000084e-03 1.214999999999999934e-03 -9.999989999999999712e-01 -4.152930000000000232e-01 -9.096859999999999946e-01 -1.619999999999999912e-03 -9.096870000000000234e-01 4.152950000000000252e-01 -6.220000000000000485e-04
1.900000000000000000e+01 1.100000000000000000e+01 1.600000000000000000e+01 0.000000000000000000e+00 1.600000000000000089e+00 2.314999999999999784e-03 1.824000000000000100e-03 -9.999959999999999960e-01 -4.198770000000000002e-01 -9.075769999999999671e-01 -2.628000000000000128e-03 -9.075779999999999959e-01 4.198810000000000042e-01 -1.335000000000000032e-03
2.600000000000000000e+01 1.100000000000000000e+01 1.600000000000000000e+01 0.000000000000000000e+00 1.600000000000000089e+00 3.908000000000000015e-03 2.260999999999999989e-03 -9.999900000000000455e-01 -4.203979999999999939e-01 -9.073320000000000274e-01 -3.693999999999999801e-03 -9.073309999999999986e-01 4.204080000000000039e-01 -2.595000000000000084e-03
7.000000000000000000e+00 1.160000000000000000e+02 1.600000000000000000e+01 0.000000000000000000e+00 1.600000000000000089e+00 -6.427000000000000421e-03 -6.595000000000000168e-03 9.999580000000000135e-01 6.997259999999999591e-01 7.143519999999999870e-01 9.207999999999999172e-03 -7.143819999999999615e-01 6.997560000000000446e-01 2.400000000000000061e-05
2.800000000000000000e+01 1.160000000000000000e+02 1.600000000000000000e+01 0.000000000000000000e+00 1.600000000000000089e+00 6.858999999999999646e-03 4.663999999999999743e-03 9.999660000000000215e-01 7.454490000000000283e-01 6.665119999999999933e-01 -8.222000000000000142e-03 -6.665280000000000094e-01 7.454790000000000028e-01 1.095000000000000053e-03
5.000000000000000000e+00 2.000000000000000000e+00 1.900000000000000000e+01 0.000000000000000000e+00 1.600000000000000089e+00 -1.281999999999999936e-03 -5.568000000000000033e-03 -9.999839999999999840e-01 2.050730000000000053e-01 -9.787329999999999641e-01 5.186999999999999771e-03 -9.787460000000000049e-01 -2.050629999999999953e-01 2.396000000000000126e-03
9.000000000000000000e+00 2.000000000000000000e+00 1.900000000000000000e+01 0.000000000000000000e+00 1.600000000000000089e+00 -1.806000000000000097e-03 7.439999999999999782e-04 -9.999980000000000535e-01 2.074749999999999928e-01 -9.782399999999999984e-01 -1.103000000000000031e-03 -9.782389999999999697e-01 -2.074759999999999938e-01 1.611999999999999935e-03
1.400000000000000000e+01 2.000000000000000000e+00 1.900000000000000000e+01 0.000000000000000000e+00 1.600000000000000089e+00 -4.016999999999999738e-03 8.344000000000000722e-03 -9.999569999999999848e-01 2.064680000000000126e-01 -9.784119999999999484e-01 -8.992999999999999258e-03 -9.784450000000000092e-01 -2.064950000000000119e-01 2.207000000000000194e-03
1.900000000000000000e+01 2.000000000000000000e+00 1.900000000000000000e+01 0.000000000000000000e+00 1.600000000000000089e+00 -3.449999999999999833e-04 3.033999999999999805e-03 -9.999949999999999672e-01 1.981300000000000006e-01 -9.801710000000000145e-01 -3.041999999999999999e-03 -9.801760000000000472e-01 -1.981300000000000006e-01 -2.629999999999999959e-04
2.300000000000000000e+01 2.000000000000000000e+00 1.900000000000000000e+01 0.000000000000000000e+00 1.600000000000000089e+00 3.893000000000000193e-03 -1.729899999999999841e-02 -9.998430000000000373e-01 1.890630000000000088e-01 -9.818050000000000388e-01 1.772299999999999917e-02 -9.819569999999999688e-01 -1.891019999999999923e-01 -5.509999999999999490e-04
2.700000000000000000e+01 2.000000000000000000e+00 1.900000000000000000e+01 0.000000000000000000e+00 1.600000000000000089e+00 1.689999999999999879e-04 -1.184699999999999989e-02 -9.999299999999999855e-01 1.863740000000000119e-01 -9.824100000000000055e-01 1.167100000000000082e-02 -9.824789999999999912e-01 -1.863630000000000009e-01 2.041999999999999978e-03
2.000000000000000000e+00 4.000000000000000000e+00 2.000000000000000000e+01 0.000000000000000000e+00 1.600000000000000089e+00 -8.310000000000000329e-04 -6.167999999999999872e-03 -9.999810000000000088e-01 2.897440000000000015e-01 -9.570870000000000211e-01 5.662999999999999631e-03 -9.571039999999999548e-01 -2.897339999999999915e-01 2.582000000000000094e-03
3.000000000000000000e+00 1.300000000000000000e+01 2.000000000000000000e+01 0.000000000000000000e+00 1.600000000000000089e+00 -2.508999999999999946e-03 3.069999999999999812e-04 9.999970000000000248e-01 2.631720000000000170e-01 9.647489999999999677e-01 3.640000000000000115e-04 -9.647459999999999924e-01 2.631720000000000170e-01 -2.501999999999999884e-03
1.100000000000000000e+01 1.300000000000000000e+01 2.000000000000000000e+01 0.000000000000000000e+00 1.600000000000000089e+00 2.896999999999999836e-03 1.435999999999999993e-03 9.999949999999999672e-01 2.627059999999999951e-01 9.648729999999999807e-01 -2.147000000000000037e-03 -9.648710000000000342e-01 2.627109999999999723e-01 2.418000000000000010e-03
1.400000000000000000e+01 1.300000000000000000e+01 2.000000000000000000e+01 0.000000000000000000e+00 1.600000000000000089e+00 1.224999999999999960e-03 -4.062999999999999771e-03 9.999909999999999632e-01 2.616319999999999757e-01 9.651610000000000467e-01 3.601000000000000034e-03 -9.651669999999999972e-01 2.616249999999999964e-01 2.246000000000000166e-03
1.900000000000000000e+01 1.300000000000000000e+01 2.000000000000000000e+01 0.000000000000000000e+00 1.600000000000000089e+00 -6.600000000000000506e-05 -5.727999999999999585e-03 9.999839999999999840e-01 2.608539999999999748e-01 9.653620000000000534e-01 5.546999999999999847e-03 -9.653779999999999584e-01 2.608500000000000263e-01 1.430999999999999980e-03
2.300000000000000000e+01 1.300000000000000000e+01 2.000000000000000000e+01 0.000000000000000000e+00 1.600000000000000089e+00 2.641000000000000118e-03 -3.620000000000000171e-04 9.999959999999999960e-01 2.578500000000000236e-01 9.661849999999999605e-01 -3.310000000000000225e-04 -9.661809999999999565e-01 2.578500000000000236e-01 2.645000000000000216e-03
2.700000000000000000e+01 1.300000000000000000e+01 2.000000000000000000e+01 0.000000000000000000e+00 1.600000000000000089e+00 9.389999999999999476e-04 -3.085000000000000069e-03 9.999949999999999672e-01 2.539489999999999803e-01 9.672140000000000182e-01 2.745000000000000044e-03 -9.672169999999999934e-01 2.539449999999999763e-01 1.691999999999999928e-03
2.000000000000000000e+00 1.600000000000000000e+01 2.100000000000000000e+01 0.000000000000000000e+00 1.600000000000000089e+00 -2.851999999999999934e-03 5.152999999999999595e-03 9.999829999999999552e-01 3.045059999999999989e-01 9.525019999999999598e-01 -4.040000000000000188e-03 -9.525059999999999638e-01 3.044890000000000096e-01 -4.285999999999999879e-03
2.800000000000000000e+01 3.000000000000000000e+00 2.500000000000000000e+01 0.000000000000000000e+00 1.600000000000000089e+00 -2.916999999999999888e-03 -7.079999999999999705e-04 9.999959999999999960e-01 2.036800000000000069e-02 -9.997920000000000140e-01 -6.489999999999999459e-04 9.997880000000000100e-01 2.036599999999999869e-02 2.931000000000000012e-03
8.000000000000000000e+00 4.600000000000000000e+01 2.700000000000000000e+01 0.000000000000000000e+00 1.600000000000000089e+00 -4.350000000000000026e-04 -1.258999999999999920e-03 -9.999989999999999712e-01 6.659260000000000179e-01 7.460170000000000412e-01 -1.229000000000000058e-03 7.460179999999999589e-01 -6.659260000000000179e-01 5.130000000000000011e-04
1.500000000000000000e+01 4.600000000000000000e+01 2.700000000000000000e+01 0.000000000000000000e+00 1.600000000000000089e+00 -1.721000000000000090e-03 -1.110000000000000092e-03 -9.999980000000000535e-01 6.622169999999999446e-01 7.493100000000000316e-01 -1.971999999999999795e-03 7.493100000000000316e-01 -6.622190000000000021e-01 -5.550000000000000462e-04
2.300000000000000000e+01 4.600000000000000000e+01 2.700000000000000000e+01 0.000000000000000000e+00 1.600000000000000089e+00 3.631999999999999812e-03 3.949000000000000253e-03 -9.999860000000000415e-01 6.680559999999999832e-01 7.440919999999999757e-01 5.363999999999999845e-03 7.441020000000000412e-01 -6.680660000000000487e-01 6.399999999999999710e-05
3.000000000000000000e+00 4.600000000000000000e+01 3.000000000000000000e+01 0.000000000000000000e+00 1.600000000000000089e+00 9.560000000000000355e-04 2.848999999999999970e-03 -9.999949999999999672e-01 3.172130000000000227e-01 9.483489999999999975e-01 3.004999999999999859e-03 9.483540000000000303e-01 -3.172150000000000247e-01 3.000000000000000076e-06
1.300000000000000000e+01 4.600000000000000000e+01 3.000000000000000000e+01 0.000000000000000000e+00 1.600000000000000089e+00 -1.433000000000000029e-03 -3.969999999999999571e-03 -9.999909999999999632e-01 3.199719999999999787e-01 9.474169999999999536e-01 -4.219999999999999793e-03 9.474259999999999904e-01 -3.199759999999999827e-01 -8.799999999999999771e-05
2.000000000000000000e+00 5.800000000000000000e+01 3.100000000000000000e+01 0.000000000000000000e+00 1.600000000000000089e+00 -2.354000000000000190e-03 5.829999999999999679e-04 9.999970000000000248e-01 -7.816670000000000007e-01 -6.236939999999999706e-01 -1.476000000000000098e-03 6.236909999999999954e-01 -7.816689999999999472e-01 1.923999999999999929e-03
6.000000000000000000e+00 5.800000000000000000e+01 3.100000000000000000e+01 0.000000000000000000e+00 1.600000000000000089e+00 4.249999999999999763e-04 1.825000000000000016e-03 9.999980000000000535e-01 -7.807669999999999888e-01 -6.248200000000000420e-01 1.472000000000000001e-03 6.248219999999999885e-01 -7.807659999999999600e-01 1.159000000000000091e-03
1.300000000000000000e+01 5.800000000000000000e+01 3.100000000000000000e+01 0.000000000000000000e+00 1.600000000000000089e+00 -5.127999999999999746e-03 -1.052499999999999963e-02 9.999310000000000143e-01 -7.699669999999999570e-01 -6.379939999999999500e-01 -1.066399999999999987e-02 6.380620000000000180e-01 -7.699690000000000145e-01 -4.832000000000000357e-03
2.400000000000000000e+01 5.800000000000000000e+01 3.100000000000000000e+01 0.000000000000000000e+00 1.600000000000000089e+00 8.359000000000000111e-03 1.626100000000000115e-02 9.998329999999999718e-01 -7.661970000000000169e-01 -6.423849999999999838e-01 1.685400000000000093e-02 6.425520000000000120e-01 -7.662090000000000289e-01 7.088999999999999815e-03
3.000000000000000000e+01 5.800000000000000000e+01 3.100000000000000000e+01 0.000000000000000000e+00 1.600000000000000089e+00 1.430999999999999980e-03 5.721000000000000391e-03 9.999829999999999552e-01 -7.678570000000000118e-01 -6.406039999999999512e-01 4.764000000000000005e-03 6.406199999999999672e-01 -7.678500000000000325e-01 3.475999999999999923e-03
2.500000000000000000e+01 6.000000000000000000e+00 3.200000000000000000e+01 0.000000000000000000e+00 1.600000000000000089e+00 -5.372000000000000039e-03 -7.900000000000000121e-04 -9.999850000000000128e-01 1.755770000000000108e-01 9.844640000000000057e-01 -1.721000000000000090e-03 9.844509999999999650e-01 -1.755839999999999901e-01 -5.150000000000000064e-03
8.000000000000000000e+00 4.200000000000000000e+01 3.400000000000000000e+01 0.000000000000000000e+00 1.600000000000000089e+00 1.902999999999999961e-03 -1.250000000000000026e-03 -9.999970000000000248e-01 -2.926190000000000180e-01 9.562279999999999669e-01 -1.752000000000000085e-03 9.562270000000000492e-01 2.926210000000000200e-01 1.453999999999999997e-03
1.000000000000000000e+00 4.600000000000000000e+01 3.500000000000000000e+01 0.000000000000000000e+00 1.600000000000000089e+00 8.419999999999999750e-04 -2.900999999999999933e-03 -9.999949999999999672e-01 3.841660000000000075e-01 -9.232590000000000519e-01 3.001999999999999894e-03 -9.232639999999999736e-01 -3.841660000000000075e-01 3.370000000000000057e-04
4.000000000000000000e+00 4.600000000000000000e+01 3.500000000000000000e+01 0.000000000000000000e+00 1.600000000000000089e+00 7.720000000000000083e-04 -3.624000000000000051e-03 -9.999930000000000208e-01 3.834080000000000266e-01 -9.235719999999999485e-01 3.642999999999999971e-03 -9.235790000000000388e-01 -3.834080000000000266e-01 6.759999999999999516e-04
9.000000000000000000e+00 4.600000000000000000e+01 3.500000000000000000e+01 0.000000000000000000e+00 1.600000000000000089e+00 -2.730000000000000222e-04 -1.229000000000000058e-03 -9.999989999999999712e-01 3.856220000000000203e-01 -9.226560000000000317e-01 1.028999999999999967e-03 -9.226569999999999494e-01 -3.856220000000000203e-01 7.259999999999999743e-04
1.600000000000000000e+01 4.600000000000000000e+01 3.500000000000000000e+01 0.000000000000000000e+00 1.600000000000000089e+00 -1.105000000000000079e-03 3.007000000000000124e-03 -9.999949999999999672e-01 3.863039999999999807e-01 -9.223660000000000192e-01 -3.200000000000000153e-03 -9.223710000000000520e-01 -3.863050000000000095e-01 -1.420000000000000092e-04
2.400000000000000000e+01 4.600000000000000000e+01 3.500000000000000000e+01 0.000000000000000000e+00 1.600000000000000089e+00 2.161999999999999859e-03 2.550000000000000183e-04 -9.999980000000000535e-01 3.868559999999999777e-01 -9.221399999999999597e-01 6.009999999999999717e-04 -9.221380000000000132e-01 -3.868570000000000064e-01 -2.092000000000000109e-03
2.800000000000000000e+01 4.600000000000000000e+01 3.500000000000000000e+01 0.000000000000000000e+00 1.600000000000000089e+00 -8.869999999999999846e-04 1.245000000000000013e-03 -9.999989999999999712e-01 3.854759999999999853e-01 -9.227170000000000094e-01 -1.490000000000000005e-03 -9.227170000000000094e-01 -3.854770000000000141e-01 3.390000000000000001e-04
5.000000000000000000e+00 9.500000000000000000e+01 3.600000000000000000e+01 0.000000000000000000e+00 1.600000000000000089e+00 4.519999999999999821e-04 2.037999999999999881e-02 9.997920000000000140e-01 9.976359999999999673e-01 6.869799999999999518e-02 -1.850999999999999998e-03 -6.872100000000000430e-02 9.974290000000000100e-01 -2.030099999999999960e-02
1.200000000000000000e+01 9.500000000000000000e+01 3.600000000000000000e+01 0.000000000000000000e+00 1.600000000000000089e+00 1.689099999999999976e-02 4.310000000000000137e-04 9.998569999999999958e-01 9.972900000000000098e-01 7.160600000000000298e-02 -1.687800000000000064e-02 -7.160299999999999998e-02 9.974330000000000140e-01 7.789999999999999616e-04
1.800000000000000000e+01 9.500000000000000000e+01 3.600000000000000000e+01 0.000000000000000000e+00 1.600000000000000089e+00 -5.800999999999999733e-03 -2.461100000000000093e-02 9.996800000000000130e-01 9.974469999999999725e-01 7.101699999999999680e-02 7.536000000000000164e-03 -7.117999999999999328e-02 9.971710000000000296e-01 2.413600000000000120e-02
2.400000000000000000e+01 9.500000000000000000e+01 3.600000000000000000e+01 0.000000000000000000e+00 1.600000000000000089e+00 -8.115000000000000685e-03 -6.680099999999999927e-02 9.977329999999999810e-01 9.980090000000000350e-01 6.187000000000000138e-02 1.226000000000000006e-02 -6.254899999999999349e-02 9.958460000000000090e-01 6.616600000000000259e-02
3.000000000000000000e+01 9.500000000000000000e+01 3.600000000000000000e+01 0.000000000000000000e+00 1.600000000000000089e+00 -7.466000000000000414e-03 -3.125599999999999906e-02 9.994840000000000391e-01 9.986150000000000304e-01 5.182300000000000101e-02 9.079999999999999530e-03 -5.208000000000000129e-02 9.981670000000000265e-01 3.082599999999999923e-02
1.500000000000000000e+01 9.500000000000000000e+01 3.700000000000000000e+01 0.000000000000000000e+00 1.600000000000000089e+00 6.931999999999999794e-03 -1.692000000000000101e-02 9.998329999999999718e-01 9.958949999999999747e-01 9.035200000000000176e-02 -5.375999999999999703e-03 -9.024600000000000677e-02 9.957660000000000400e-01 1.747699999999999948e-02
4.000000000000000000e+00 3.000000000000000000e+00 4.300000000000000000e+01 0.000000000000000000e+00 1.600000000000000089e+00 5.749999999999999903e-04 -3.387999999999999953e-03 -9.999940000000000495e-01 7.413159999999999750e-01 -6.711510000000000531e-01 2.700000000000000143e-03 -6.711559999999999748e-01 -7.413129999999999997e-01 2.125999999999999852e-03
9.000000000000000000e+00 3.000000000000000000e+00 4.300000000000000000e+01 0.000000000000000000e+00 1.600000000000000089e+00 -1.141000000000000087e-03 -1.274400000000000012e-02 -9.999179999999999735e-01 7.417430000000000412e-01 -6.706400000000000139e-01 7.701000000000000380e-03 -6.706830000000000291e-01 -7.416740000000000554e-01 1.021799999999999965e-02
1.500000000000000000e+01 3.000000000000000000e+00 4.300000000000000000e+01 0.000000000000000000e+00 1.600000000000000089e+00 -2.758000000000000035e-03 -8.016999999999999821e-03 -9.999639999999999640e-01 7.379890000000000061e-01 -6.748039999999999594e-01 3.374999999999999962e-03 -6.748070000000000457e-01 -7.379529999999999701e-01 7.778000000000000191e-03
1.500000000000000000e+01 8.000000000000000000e+00 4.400000000000000000e+01 0.000000000000000000e+00 1.600000000000000089e+00 1.464000000000000024e-03 1.327000000000000055e-03 9.999980000000000535e-01 -7.736439999999999984e-01 -6.336169999999999858e-01 1.972999999999999927e-03 6.336180000000000145e-01 -7.736459999999999448e-01 9.899999999999999404e-05
2.300000000000000000e+01 8.000000000000000000e+00 4.400000000000000000e+01 0.000000000000000000e+00 1.600000000000000089e+00 -5.374999999999999570e-03 -1.059399999999999925e-02 9.999289999999999567e-01 -7.650540000000000118e-01 -6.438730000000000286e-01 -1.093399999999999928e-02 6.439430000000000431e-01 -7.650590000000000446e-01 -4.643999999999999691e-03
2.800000000000000000e+01 8.000000000000000000e+00 4.400000000000000000e+01 0.000000000000000000e+00 1.600000000000000089e+00 -1.636000000000000084e-03 -8.384000000000000827e-03 9.999639999999999640e-01 -7.657119999999999482e-01 -6.431489999999999707e-01 -6.644999999999999865e-03 6.431820000000000315e-01 -7.656950000000000145e-01 -5.367000000000000243e-03
3.000000000000000000e+00 2.900000000000000000e+01 4.400000000000000000e+01 0.000000000000000000e+00 1.600000000000000089e+00 -6.980000000000000527e-04 1.984999999999999785e-03 -9.999980000000000535e-01 6.802169999999999606e-01 7.330100000000000504e-01 9.799999999999999684e-04 7.330109999999999681e-01 -6.802139999999999853e-01 -1.861000000000000024e-03
8.000000000000000000e+00 2.900000000000000000e+01 4.400000000000000000e+01 0.000000000000000000e+00 1.600000000000000089e+00 1.210000000000000002e-04 1.379000000000000017e-03 -9.999989999999999712e-01 6.783040000000000180e-01 7.347810000000000175e-01 1.095000000000000053e-03 7.347820000000000462e-01 -6.783029999999999893e-01 -8.459999999999999638e-04
1.400000000000000000e+01 2.900000000000000000e+01 4.400000000000000000e+01 0.000000000000000000e+00 1.600000000000000089e+00 -6.019999999999999961e-04 1.221000000000000080e-03 -9.999989999999999712e-01 6.629439999999999777e-01 7.486690000000000289e-01 5.150000000000000498e-04 7.486690000000000289e-01 -6.629429999999999490e-01 -1.260000000000000052e-03
2.500000000000000000e+01 2.900000000000000000e+01 4.400000000000000000e+01 0.000000000000000000e+00 1.600000000000000089e+00 4.180000000000000230e-04 8.620000000000000275e-04 -1.000000000000000000e+00 6.575189999999999646e-01 7.534370000000000234e-01 9.250000000000000409e-04 7.534380000000000521e-01 -6.575189999999999646e-01 -2.519999999999999996e-04
2.900000000000000000e+01 2.900000000000000000e+01 4.400000000000000000e+01 0.000000000000000000e+00 1.600000000000000089e+00 -1.214000000000000018e-03 -3.220999999999999905e-03 -9.999940000000000495e-01 6.566089999999999982e-01 7.542240000000000055e-01 -3.226000000000000135e-03 7.542299999999999560e-01 -6.566089999999999982e-01 1.199999999999999895e-03
1.000000000000000000e+01 1.150000000000000000e+02 5.100000000000000000e+01 0.000000000000000000e+00 1.600000000000000089e+00 -2.635999999999999888e-03 -7.379000000000000142e-03 9.999689999999999968e-01 8.449759999999999494e-01 -5.348009999999999708e-01 -1.719000000000000042e-03 5.347969999999999668e-01 8.449459999999999749e-01 7.643999999999999753e-03
1.500000000000000000e+01 7.000000000000000000e+00 5.200000000000000000e+01 0.000000000000000000e+00 1.600000000000000089e+00 -2.268000000000000051e-03 -5.903000000000000261e-03 -9.999799999999999800e-01 9.895800000000000429e-02 -9.950759999999999605e-01 5.649999999999999641e-03 -9.950890000000000013e-01 -9.894300000000000317e-02 2.841000000000000209e-03
2.200000000000000000e+01 7.000000000000000000e+00 5.200000000000000000e+01 0.000000000000000000e+00 1.600000000000000089e+00 4.240000000000000062e-04 -4.824000000000000163e-03 -9.999879999999999880e-01 9.657499999999999418e-02 -9.953140000000000320e-01 4.843000000000000083e-03 -9.953260000000000440e-01 -9.657599999999999518e-02 4.399999999999999886e-05
5.000000000000000000e+00 1.500000000000000000e+01 5.300000000000000000e+01 0.000000000000000000e+00 1.600000000000000089e+00 -2.422000000000000108e-03 -6.621000000000000149e-03 -9.999749999999999472e-01 6.832740000000000480e-01 7.301330000000000320e-01 -6.488999999999999976e-03 7.301579999999999737e-01 -6.832730000000000192e-01 2.756000000000000203e-03
2.900000000000000000e+01 1.500000000000000000e+01 5.300000000000000000e+01 0.000000000000000000e+00 1.600000000000000089e+00 3.060000000000000111e-04 -7.789999999999999616e-04 -1.000000000000000000e+00 6.789359999999999840e-01 7.341969999999999885e-01 -3.640000000000000115e-04 7.341969999999999885e-01 -6.789359999999999840e-01 7.540000000000000044e-04
2.000000000000000000e+00 6.300000000000000000e+01 5.400000000000000000e+01 0.000000000000000000e+00 1.600000000000000089e+00 8.980000000000000352e-04 1.668999999999999911e-03 9.999980000000000535e-01 -3.545590000000000130e-01 9.350330000000000030e-01 -1.242999999999999964e-03 -9.350330000000000030e-01 -3.545570000000000110e-01 1.430999999999999980e-03
8.000000000000000000e+00 6.300000000000000000e+01 5.400000000000000000e+01 0.000000000000000000e+00 1.600000000000000089e+00 -1.139000000000000038e-03 5.150000000000000498e-04 9.999989999999999712e-01 -3.515320000000000111e-01 9.361749999999999794e-01 -8.819999999999999715e-04 -9.361749999999999794e-01 -3.515329999999999844e-01 -8.850000000000000444e-04
1.400000000000000000e+01 6.300000000000000000e+01 5.400000000000000000e+01 0.000000000000000000e+00 1.600000000000000089e+00 -2.572000000000000067e-03 -1.469000000000000037e-03 9.999959999999999960e-01 -3.556170000000000164e-01 9.346320000000000183e-01 4.580000000000000195e-04 -9.346280000000000143e-01 -3.556150000000000144e-01 -2.926000000000000215e-03
2.200000000000000000e+01 6.300000000000000000e+01 5.400000000000000000e+01 0.000000000000000000e+00 1.600000000000000089e+00 3.609999999999999928e-04 -2.286999999999999970e-03 9.999970000000000248e-01 -3.510800000000000032e-01 9.363430000000000364e-01 2.268000000000000051e-03 -9.363449999999999829e-01 -3.510800000000000032e-01 -4.650000000000000270e-04
2.700000000000000000e+01 6.300000000000000000e+01 5.400000000000000000e+01 0.000000000000000000e+00 1.600000000000000089e+00 2.577999999999999996e-03 2.565000000000000006e-03 9.999930000000000208e-01 -3.518229999999999968e-01 9.360650000000000359e-01 -1.494000000000000102e-03 -9.360629999999999784e-01 -3.518169999999999908e-01 3.314999999999999804e-03
2.000000000000000000e+00 2.500000000000000000e+01 5.500000000000000000e+01 0.000000000000000000e+00 1.600000000000000089e+00 -2.122999999999999887e-03 -3.730999999999999941e-03 -9.999909999999999632e-01 -1.129900000000000002e-02 -9.999289999999999567e-01 3.755000000000000091e-03 -9.999339999999999895e-01 1.130699999999999934e-02 2.079999999999999818e-03
6.000000000000000000e+00 2.500000000000000000e+01 5.500000000000000000e+01 0.000000000000000000e+00 1.600000000000000089e+00 -5.140000000000000254e-04 1.905999999999999925e-03 -9.999980000000000535e-01 -1.071000000000000077e-02 -9.999409999999999688e-01 -1.899999999999999996e-03 -9.999430000000000263e-01 1.070899999999999977e-02 5.349999999999999938e-04
1.000000000000000000e+01 2.500000000000000000e+01 5.500000000000000000e+01 0.000000000000000000e+00 1.600000000000000089e+00 1.701000000000000038e-03 2.115999999999999825e-03 -9.999959999999999960e-01 -1.080000000000000057e-02 -9.999390000000000223e-01 -2.134000000000000046e-03 -9.999400000000000510e-01 1.080399999999999937e-02 -1.678000000000000021e-03
1.500000000000000000e+01 2.500000000000000000e+01 5.500000000000000000e+01 0.000000000000000000e+00 1.600000000000000089e+00 -7.100000000000000462e-05 -1.216000000000000067e-03 -9.999989999999999712e-01 -1.160600000000000000e-02 -9.999320000000000430e-01 1.216999999999999983e-03 -9.999329999999999607e-01 1.160600000000000000e-02 5.700000000000000314e-05
2.500000000000000000e+01 2.500000000000000000e+01 5.500000000000000000e+01 0.000000000000000000e+00 1.600000000000000089e+00 2.799999999999999958e-05 2.863000000000000093e-03 -9.999959999999999960e-01 -1.358299999999999959e-02 -9.999040000000000150e-01 -2.863999999999999792e-03 -9.999080000000000190e-01 1.358299999999999959e-02 1.099999999999999971e-05
2.900000000000000000e+01 2.500000000000000000e+01 5.500000000000000000e+01 0.000000000000000000e+00 1.600000000000000089e+00 -5.360000000000000181e-04 1.747999999999999988e-03 -9.999980000000000535e-01 -1.279600000000000008e-02 -9.999169999999999447e-01 -1.740999999999999926e-03 -9.999179999999999735e-01 1.279500000000000082e-02 5.580000000000000107e-04
1.500000000000000000e+01 2.100000000000000000e+01 6.000000000000000000e+01 0.000000000000000000e+00 1.600000000000000089e+00 6.139999999999999625e-04 -3.386000000000000121e-03 9.999940000000000495e-01 -1.001419999999999949e-01 9.949670000000000458e-01 3.431000000000000022e-03 -9.949729999999999963e-01 -1.001439999999999969e-01 2.719999999999999979e-04
1.900000000000000000e+01 2.100000000000000000e+01 6.000000000000000000e+01 0.000000000000000000e+00 1.600000000000000089e+00 5.259999999999999919e-04 3.919999999999999873e-04 1.000000000000000000e+00 -1.009599999999999942e-01 9.948900000000000521e-01 -3.359999999999999814e-04 -9.948900000000000521e-01 -1.009599999999999942e-01 5.630000000000000239e-04
2.700000000000000000e+01 2.100000000000000000e+01 6.000000000000000000e+01 0.000000000000000000e+00 1.600000000000000089e+00 -1.147000000000000016e-03 -1.503999999999999912e-03 9.999980000000000535e-01 -9.688199999999999590e-02 9.952950000000000408e-01 1.386000000000000079e-03 -9.952950000000000408e-01 -9.687999999999999390e-02 -1.288000000000000082e-03
1.800000000000000000e+01 6.000000000000000000e+00 6.100000000000000000e+01 0.000000000000000000e+00 1.600000000000000089e+00 -7.389999999999999651e-04 5.304999999999999820e-03 9.999860000000000415e-01 5.615139999999999576e-01 -8.274529999999999941e-01 4.805000000000000243e-03 8.274669999999999526e-01 5.615099999999999536e-01 -2.367000000000000180e-03
