2.000000000000000000e+00 1.500000000000000000e+01 4.000000000000000000e+00 0.000000000000000000e+00 1.600000000000000089e+00 2.697000000000000178e-03 7.615000000000000241e-03 9.999670000000000503e-01 2.931779999999999942e-01 -9.560359999999999969e-01 6.490000000000000109e-03 9.560539999999999594e-01 2.931509999999999949e-01 -4.811000000000000172e-03
7.000000000000000000e+00 1.500000000000000000e+01 4.000000000000000000e+00 0.000000000000000000e+00 1.600000000000000089e+00 -1.793000000000000106e-03 -1.484000000000000076e-02 9.998879999999999990e-01 2.868120000000000114e-01 -9.578889999999999905e-01 -1.370299999999999990e-02 9.579849999999999755e-01 2.867549999999999821e-01 5.974000000000000143e-03
1.600000000000000000e+01 1.500000000000000000e+01 4.000000000000000000e+00 0.000000000000000000e+00 1.600000000000000089e+00 -2.243000000000000202e-03 -3.451000000000000074e-03 9.999919999999999920e-01 2.862100000000000199e-01 -9.581629999999999869e-01 -2.664999999999999834e-03 9.581640000000000157e-01 2.862020000000000119e-01 3.137000000000000031e-03
1.900000000000000000e+01 1.500000000000000000e+01 4.000000000000000000e+00 0.000000000000000000e+00 1.600000000000000089e+00 6.120000000000000223e-04 1.005000000000000034e-03 9.999989999999999712e-01 2.891489999999999894e-01 -9.572840000000000238e-01 7.849999999999999990e-04 9.572840000000000238e-01 2.891480000000000161e-01 -8.769999999999999584e-04
2.800000000000000000e+01 1.500000000000000000e+01 4.000000000000000000e+00 0.000000000000000000e+00 1.600000000000000089e+00 2.085000000000000048e-03 -6.211000000000000375e-03 9.999780000000000335e-01 3.027199999999999891e-01 -9.530570000000000430e-01 -6.551000000000000399e-03 9.530769999999999520e-01 3.027270000000000238e-01 -1.069999999999999988e-04
2.000000000000000000e+01 1.600000000000000000e+01 4.000000000000000000e+00 0.000000000000000000e+00 1.600000000000000089e+00 2.733000000000000186e-03 4.956999999999999601e-03 9.999839999999999840e-01 3.555119999999999947e-01 -9.346640000000000503e-01 3.661999999999999891e-03 9.346680000000000543e-01 3.554959999999999787e-01 -4.316000000000000392e-03
1.000000000000000000e+00 1.010000000000000000e+02 7.000000000000000000e+00 0.000000000000000000e+00 1.600000000000000089e+00 2.903000000000000198e-03 -2.491999999999999858e-03 9.999930000000000208e-01 8.840550000000000352e-01 4.673820000000000197e-01 -1.402000000000000034e-03 -4.673749999999999849e-01 8.840519999999999490e-01 3.559000000000000098e-03
5.000000000000000000e+00 1.010000000000000000e+02 7.000000000000000000e+00 0.000000000000000000e+00 1.600000000000000089e+00 -5.039999999999999992e-04 -1.867100000000000010e-02 9.998249999999999638e-01 8.840689999999999937e-01 4.672660000000000147e-01 9.171000000000000332e-03 -4.673550000000000204e-01 8.839200000000000390e-01 1.627100000000000074e-02
2.400000000000000000e+01 1.010000000000000000e+02 7.000000000000000000e+00 0.000000000000000000e+00 1.600000000000000089e+00 -4.420000000000000318e-03 -1.955900000000000000e-02 9.997989999999999933e-01 8.858289999999999775e-01 4.638300000000000201e-01 1.298900000000000055e-02 -4.639900000000000135e-01 8.857089999999999685e-01 1.527599999999999965e-02
2.000000000000000000e+00 1.500000000000000000e+01 8.000000000000000000e+00 0.000000000000000000e+00 1.600000000000000089e+00 5.519999999999999733e-04 6.368999999999999662e-03 -9.999799999999999800e-01 -5.805620000000000225e-01 -8.141969999999999485e-01 -5.505999999999999610e-03 -8.142160000000000508e-01 5.805529999999999857e-01 3.248000000000000019e-03
9.000000000000000000e+00 1.500000000000000000e+01 8.000000000000000000e+00 0.000000000000000000e+00 1.600000000000000089e+00 -9.269999999999999811e-04 -1.332200000000000051e-02 -9.999109999999999943e-01 -5.816500000000000004e-01 -8.133590000000000542e-01 1.137600000000000069e-02 -8.134379999999999944e-01 5.816090000000000426e-01 -6.995000000000000349e-03
1.400000000000000000e+01 1.500000000000000000e+01 8.000000000000000000e+00 0.000000000000000000e+00 1.600000000000000089e+00 -5.829999999999999679e-04 -7.452000000000000290e-03 -9.999719999999999720e-01 -5.829640000000000377e-01 -8.124719999999999720e-01 6.394999999999999643e-03 -8.124970000000000248e-01 5.829520000000000257e-01 -3.870000000000000176e-03
1.700000000000000000e+01 1.500000000000000000e+01 8.000000000000000000e+00 0.000000000000000000e+00 1.600000000000000089e+00 -1.500000000000000031e-03 -5.411000000000000011e-03 -9.999839999999999840e-01 -5.829250000000000265e-01 -8.125090000000000368e-01 5.270999999999999644e-03 -8.125250000000000528e-01 5.829229999999999690e-01 -1.935000000000000088e-03
2.000000000000000000e+01 1.500000000000000000e+01 8.000000000000000000e+00 0.000000000000000000e+00 1.600000000000000089e+00 -3.193999999999999791e-03 -2.083999999999999915e-03 -9.999930000000000208e-01 -5.831899999999999862e-01 -8.123280000000000500e-01 3.556000000000000133e-03 -8.123289999999999678e-01 5.831969999999999654e-01 1.379000000000000017e-03
2.400000000000000000e+01 1.500000000000000000e+01 8.000000000000000000e+00 0.000000000000000000e+00 1.600000000000000089e+00 -3.638000000000000175e-03 2.082000000000000083e-03 -9.999909999999999632e-01 -5.839330000000000354e-01 -8.118020000000000236e-01 4.339999999999999782e-04 -8.117940000000000156e-01 5.839290000000000314e-01 4.168999999999999963e-03
2.000000000000000000e+00 2.600000000000000000e+01 8.000000000000000000e+00 0.000000000000000000e+00 1.600000000000000089e+00 -2.471999999999999805e-03 -5.445000000000000187e-03 -9.999820000000000375e-01 4.080500000000000238e-01 9.129399999999999737e-01 -5.980000000000000072e-03 9.129559999999999897e-01 -4.080570000000000030e-01 -3.499999999999999693e-05
6.000000000000000000e+00 2.600000000000000000e+01 8.000000000000000000e+00 0.000000000000000000e+00 1.600000000000000089e+00 -4.879999999999999898e-04 -4.020000000000000136e-03 -9.999919999999999920e-01 4.080480000000000218e-01 9.129519999999999857e-01 -3.869000000000000043e-03 9.129599999999999937e-01 -4.080469999999999930e-01 1.195000000000000099e-03
1.000000000000000000e+01 2.600000000000000000e+01 8.000000000000000000e+00 0.000000000000000000e+00 1.600000000000000089e+00 2.817000000000000060e-03 4.059000000000000108e-03 -9.999879999999999880e-01 4.086949999999999750e-01 9.126579999999999693e-01 4.856000000000000073e-03 9.126670000000000060e-01 -4.087029999999999830e-01 9.120000000000000502e-04
1.500000000000000000e+01 2.600000000000000000e+01 8.000000000000000000e+00 0.000000000000000000e+00 1.600000000000000089e+00 1.946999999999999946e-03 3.291000000000000088e-03 -9.999930000000000208e-01 4.083789999999999920e-01 9.128049999999999775e-01 3.798999999999999860e-03 9.128100000000000103e-01 -4.083829999999999960e-01 4.330000000000000081e-04
2.000000000000000000e+01 2.600000000000000000e+01 8.000000000000000000e+00 0.000000000000000000e+00 1.600000000000000089e+00 1.897000000000000032e-03 6.486999999999999711e-03 -9.999770000000000048e-01 4.071139999999999759e-01 9.133529999999999704e-01 6.697999999999999961e-03 9.133750000000000480e-01 -4.071179999999999799e-01 -9.079999999999999530e-04
2.700000000000000000e+01 2.600000000000000000e+01 8.000000000000000000e+00 0.000000000000000000e+00 1.600000000000000089e+00 1.776000000000000018e-03 5.083999999999999977e-03 -9.999860000000000415e-01 4.059519999999999795e-01 9.138779999999999681e-01 5.368000000000000375e-03 9.138929999999999554e-01 -4.059559999999999835e-01 -4.409999999999999858e-04
1.000000000000000000e+00 2.400000000000000000e+01 9.000000000000000000e+00 0.000000000000000000e+00 1.600000000000000089e+00 -2.338999999999999933e-03 -5.806000000000000397e-03 -9.999799999999999800e-01 4.620799999999999907e-01 8.868160000000000487e-01 -6.230000000000000294e-03 8.868350000000000399e-01 -4.620859999999999967e-01 6.089999999999999494e-04
9.000000000000000000e+00 2.400000000000000000e+01 9.000000000000000000e+00 0.000000000000000000e+00 1.600000000000000089e+00 1.926999999999999894e-03 1.900000000000000105e-05 -9.999980000000000535e-01 4.638599999999999945e-01 8.859080000000000288e-01 9.100000000000000016e-04 8.859059999999999713e-01 -4.638610000000000233e-01 1.698000000000000074e-03
1.400000000000000000e+01 2.400000000000000000e+01 9.000000000000000000e+00 0.000000000000000000e+00 1.600000000000000089e+00 2.080999999999999951e-03 4.634000000000000098e-03 -9.999869999999999592e-01 4.633399999999999741e-01 8.861660000000000093e-01 5.070999999999999987e-03 8.861780000000000213e-01 -4.633439999999999781e-01 -3.029999999999999924e-04
1.900000000000000000e+01 2.400000000000000000e+01 9.000000000000000000e+00 0.000000000000000000e+00 1.600000000000000089e+00 1.820999999999999919e-03 9.924000000000000529e-03 -9.999489999999999768e-01 4.624329999999999830e-01 8.866020000000000012e-01 9.641000000000000264e-03 8.866519999999999957e-01 -4.624269999999999770e-01 -2.975000000000000214e-03
2.200000000000000000e+01 2.400000000000000000e+01 9.000000000000000000e+00 0.000000000000000000e+00 1.600000000000000089e+00 2.152999999999999966e-03 8.269999999999999574e-03 -9.999639999999999640e-01 4.626160000000000272e-01 8.865199999999999747e-01 8.328000000000000333e-03 8.865560000000000107e-01 -4.626170000000000004e-01 -1.918000000000000000e-03
2.800000000000000000e+01 2.400000000000000000e+01 9.000000000000000000e+00 0.000000000000000000e+00 1.600000000000000089e+00 1.825999999999999932e-03 5.081999999999999712e-03 -9.999850000000000128e-01 4.619829999999999770e-01 8.868730000000000224e-01 5.349999999999999721e-03 8.868869999999999809e-01 -4.619860000000000078e-01 -7.280000000000000230e-04
2.500000000000000000e+01 4.000000000000000000e+00 1.100000000000000000e+01 0.000000000000000000e+00 1.600000000000000089e+00 1.097000000000000102e-03 2.109400000000000164e-02 -9.997770000000000268e-01 2.243100000000000094e-01 9.742960000000000509e-01 2.080299999999999858e-02 9.745169999999999666e-01 -2.242830000000000101e-01 -3.663000000000000023e-03
2.900000000000000000e+01 4.000000000000000000e+00 1.100000000000000000e+01 0.000000000000000000e+00 1.600000000000000089e+00 9.730000000000000151e-04 8.311000000000000679e-03 -9.999649999999999928e-01 2.224609999999999921e-01 9.749060000000000503e-01 8.319999999999999271e-03 9.749409999999999465e-01 -2.224609999999999921e-01 -8.999999999999999754e-04
4.000000000000000000e+00 3.500000000000000000e+01 1.200000000000000000e+01 0.000000000000000000e+00 1.600000000000000089e+00 9.979999999999999722e-04 -2.383999999999999835e-03 -9.999970000000000248e-01 4.489699999999999802e-01 -8.935429999999999762e-01 2.579000000000000129e-03 -8.935459999999999514e-01 -4.489710000000000090e-01 1.779999999999999898e-04
8.000000000000000000e+00 3.500000000000000000e+01 1.200000000000000000e+01 0.000000000000000000e+00 1.600000000000000089e+00 -3.008999999999999956e-03 -3.657999999999999793e-03 -9.999890000000000168e-01 4.608340000000000214e-01 -8.874849999999999683e-01 1.860000000000000108e-03 -8.874809999999999643e-01 -4.608229999999999826e-01 4.355999999999999629e-03
1.100000000000000000e+01 3.500000000000000000e+01 1.200000000000000000e+01 0.000000000000000000e+00 1.600000000000000089e+00 -1.296000000000000060e-03 2.802999999999999936e-03 -9.999949999999999672e-01 4.706350000000000255e-01 -8.823229999999999684e-01 -3.082999999999999803e-03 -8.823269999999999724e-01 -4.706370000000000275e-01 -1.749999999999999982e-04
2.700000000000000000e+01 3.200000000000000000e+01 1.400000000000000000e+01 0.000000000000000000e+00 1.600000000000000089e+00 -2.196000000000000035e-03 6.769999999999999759e-04 -9.999970000000000248e-01 1.099470000000000031e-01 9.939369999999999594e-01 4.310000000000000137e-04 9.939350000000000129e-01 -1.099460000000000021e-01 -2.256999999999999892e-03
1.000000000000000000e+00 1.200000000000000000e+01 1.500000000000000000e+01 0.000000000000000000e+00 1.600000000000000089e+00 -7.990000000000000140e-04 7.452000000000000290e-03 -9.999719999999999720e-01 -4.704519999999999813e-01 -8.824039999999999662e-01 -6.199999999999999782e-03 -8.824250000000000149e-01 4.704329999999999901e-01 4.211000000000000333e-03
6.000000000000000000e+00 1.200000000000000000e+01 1.500000000000000000e+01 0.000000000000000000e+00 1.600000000000000089e+00 -2.770000000000000110e-04 3.748000000000000029e-03 -9.999930000000000208e-01 -4.710139999999999882e-01 -8.821200000000000152e-01 -3.174999999999999871e-03 -8.821259999999999657e-01 4.710099999999999842e-01 2.010000000000000068e-03
1.200000000000000000e+01 1.200000000000000000e+01 1.500000000000000000e+01 0.000000000000000000e+00 1.600000000000000089e+00 -1.173999999999999913e-03 -2.027999999999999855e-03 -9.999970000000000248e-01 -4.704760000000000053e-01 -8.824100000000000277e-01 2.341999999999999898e-03 -8.824119999999999742e-01 4.704769999999999786e-01 8.200000000000000095e-05
1.700000000000000000e+01 1.200000000000000000e+01 1.500000000000000000e+01 0.000000000000000000e+00 1.600000000000000089e+00 -1.299999999999999886e-04 -1.240000000000000054e-04 -1.000000000000000000e+00 -4.710050000000000070e-01 -8.821299999999999697e-01 1.700000000000000122e-04 -8.821299999999999697e-01 4.710050000000000070e-01 5.599999999999999916e-05
2.100000000000000000e+01 1.200000000000000000e+01 1.500000000000000000e+01 0.000000000000000000e+00 1.600000000000000089e+00 -1.108999999999999960e-03 -3.654000000000000130e-03 -9.999930000000000208e-01 -4.724920000000000231e-01 -8.813269999999999715e-01 3.745000000000000065e-03 -8.813339999999999508e-01 4.724929999999999963e-01 -7.489999999999999913e-04
2.900000000000000000e+01 1.200000000000000000e+01 1.500000000000000000e+01 0.000000000000000000e+00 1.600000000000000089e+00 -1.665999999999999946e-03 -2.795999999999999874e-03 -9.999949999999999672e-01 -4.700309999999999766e-01 -8.826439999999999841e-01 3.250999999999999984e-03 -8.826479999999999881e-01 4.700340000000000074e-01 1.559999999999999972e-04
5.000000000000000000e+00 1.160000000000000000e+02 1.600000000000000000e+01 0.000000000000000000e+00 1.600000000000000089e+00 -3.330000000000000169e-04 2.040999999999999846e-03 9.999980000000000535e-01 6.609439999999999760e-01 7.504340000000000455e-01 -1.311000000000000099e-03 -7.504349999999999632e-01 6.609420000000000295e-01 -1.598999999999999944e-03
1.100000000000000000e+01 1.160000000000000000e+02 1.600000000000000000e+01 0.000000000000000000e+00 1.600000000000000089e+00 -6.430000000000000169e-04 -2.455999999999999850e-03 9.999970000000000248e-01 6.610690000000000177e-01 7.503220000000000445e-01 2.268000000000000051e-03 -7.503250000000000197e-01 6.610679999999999890e-01 1.141000000000000087e-03
2.300000000000000000e+01 1.160000000000000000e+02 1.600000000000000000e+01 0.000000000000000000e+00 1.600000000000000089e+00 -1.350999999999999987e-03 -1.170999999999999949e-03 9.999980000000000535e-01 6.491190000000000015e-01 7.606849999999999445e-01 1.768000000000000040e-03 -7.606859999999999733e-01 6.491200000000000303e-01 -2.680000000000000090e-04
3.000000000000000000e+00 2.000000000000000000e+00 1.900000000000000000e+01 0.000000000000000000e+00 1.600000000000000089e+00 5.130000000000000011e-03 -4.168999999999999963e-03 -9.999780000000000335e-01 1.954980000000000051e-01 -9.806909999999999794e-01 5.092000000000000172e-03 -9.806909999999999794e-01 -1.955199999999999994e-01 -4.216000000000000129e-03
6.000000000000000000e+00 2.000000000000000000e+00 1.900000000000000000e+01 0.000000000000000000e+00 1.600000000000000089e+00 5.114999999999999755e-03 -6.245999999999999816e-03 -9.999670000000000503e-01 1.974809999999999899e-01 -9.802809999999999580e-01 7.133999999999999717e-03 -9.802929999999999700e-01 -1.975109999999999921e-01 -3.779999999999999940e-03
1.100000000000000000e+01 2.000000000000000000e+00 1.900000000000000000e+01 0.000000000000000000e+00 1.600000000000000089e+00 4.099000000000000213e-03 -1.541999999999999968e-02 -9.998730000000000118e-01 2.034620000000000040e-01 -9.789529999999999621e-01 1.593200000000000172e-02 -9.790739999999999998e-01 -2.035019999999999885e-01 -8.760000000000000425e-04
1.900000000000000000e+01 2.000000000000000000e+00 1.900000000000000000e+01 0.000000000000000000e+00 1.600000000000000089e+00 3.671999999999999917e-03 -7.085000000000000152e-03 -9.999679999999999680e-01 2.097729999999999873e-01 -9.777200000000000335e-01 7.697999999999999982e-03 -9.777430000000000287e-01 -2.097940000000000083e-01 -2.103999999999999967e-03
2.500000000000000000e+01 2.000000000000000000e+00 1.900000000000000000e+01 0.000000000000000000e+00 1.600000000000000089e+00 4.952999999999999937e-03 -6.668000000000000316e-03 -9.999660000000000215e-01 2.079419999999999880e-01 -9.781119999999999814e-01 7.551999999999999685e-03 -9.781279999999999974e-01 -2.079729999999999912e-01 -3.458000000000000136e-03
2.800000000000000000e+01 2.000000000000000000e+00 1.900000000000000000e+01 0.000000000000000000e+00 1.600000000000000089e+00 1.090000000000000040e-03 -8.871999999999999678e-03 -9.999599999999999600e-01 2.082299999999999984e-01 -9.780389999999999917e-01 8.904000000000000456e-03 -9.780790000000000317e-01 -2.082320000000000004e-01 7.810000000000000102e-04
1.800000000000000000e+01 4.000000000000000000e+00 2.000000000000000000e+01 0.000000000000000000e+00 1.600000000000000089e+00 8.999999999999999754e-04 -1.582999999999999989e-03 -9.999980000000000535e-01 2.921059999999999768e-01 -9.563840000000000119e-01 1.776999999999999934e-03 -9.563850000000000406e-01 -2.921070000000000055e-01 -3.980000000000000248e-04
8.000000000000000000e+00 1.300000000000000000e+01 2.000000000000000000e+01 0.000000000000000000e+00 1.600000000000000089e+00 -0.000000000000000000e+00 -1.540000000000000028e-04 1.000000000000000000e+00 2.558960000000000123e-01 9.667040000000000077e-01 1.489999999999999897e-04 -9.667040000000000077e-01 2.558960000000000123e-01 3.899999999999999929e-05
1.400000000000000000e+01 1.300000000000000000e+01 2.000000000000000000e+01 0.000000000000000000e+00 1.600000000000000089e+00 -1.082999999999999978e-03 -2.487000000000000061e-03 9.999959999999999960e-01 2.568869999999999765e-01 9.664380000000000193e-01 2.681999999999999922e-03 -9.664409999999999945e-01 2.568889999999999785e-01 -4.070000000000000267e-04
1.900000000000000000e+01 1.300000000000000000e+01 2.000000000000000000e+01 0.000000000000000000e+00 1.600000000000000089e+00 3.399999999999999973e-05 3.240000000000000150e-04 1.000000000000000000e+00 2.573329999999999784e-01 9.663230000000000430e-01 -3.209999999999999963e-04 -9.663230000000000430e-01 2.573329999999999784e-01 -5.000000000000000240e-05
2.700000000000000000e+01 1.300000000000000000e+01 2.000000000000000000e+01 0.000000000000000000e+00 1.600000000000000089e+00 8.239999999999999712e-04 9.219999999999999680e-04 9.999989999999999712e-01 2.558059999999999778e-01 9.667280000000000317e-01 -1.101999999999999898e-03 -9.667280000000000317e-01 2.558059999999999778e-01 5.609999999999999752e-04
5.000000000000000000e+00 1.600000000000000000e+01 2.100000000000000000e+01 0.000000000000000000e+00 1.600000000000000089e+00 9.650000000000000374e-04 6.808999999999999948e-03 9.999759999999999760e-01 3.005490000000000106e-01 9.537419999999999787e-01 -6.785000000000000232e-03 -9.537660000000000027e-01 3.005479999999999818e-01 -1.126000000000000048e-03
3.000000000000000000e+01 1.600000000000000000e+01 2.100000000000000000e+01 0.000000000000000000e+00 1.600000000000000089e+00 8.549999999999999658e-04 2.211999999999999991e-03 9.999970000000000248e-01 3.001400000000000179e-01 9.538919999999999622e-01 -2.367000000000000180e-03 -9.538950000000000484e-01 3.001409999999999911e-01 1.520000000000000084e-04
3.000000000000000000e+00 4.600000000000000000e+01 2.700000000000000000e+01 0.000000000000000000e+00 1.600000000000000089e+00 -1.569000000000000082e-03 2.820000000000000241e-04 -9.999989999999999712e-01 6.550259999999999971e-01 7.556049999999999711e-01 -8.149999999999999693e-04 7.556040000000000534e-01 -6.550270000000000259e-01 -1.371000000000000040e-03
1.700000000000000000e+01 4.600000000000000000e+01 2.700000000000000000e+01 0.000000000000000000e+00 1.600000000000000089e+00 2.138000000000000143e-03 4.600000000000000004e-05 -9.999980000000000535e-01 6.598209999999999908e-01 7.514210000000000056e-01 1.446000000000000020e-03 7.514199999999999768e-01 -6.598230000000000484e-01 1.575999999999999927e-03
8.000000000000000000e+00 4.600000000000000000e+01 3.000000000000000000e+01 0.000000000000000000e+00 1.600000000000000089e+00 3.800000000000000209e-05 -1.969999999999999909e-04 -1.000000000000000000e+00 3.298320000000000141e-01 9.440399999999999903e-01 -1.740000000000000010e-04 9.440399999999999903e-01 -3.298320000000000141e-01 1.010000000000000020e-04
5.000000000000000000e+00 5.800000000000000000e+01 3.100000000000000000e+01 0.000000000000000000e+00 1.600000000000000089e+00 2.284000000000000006e-03 -3.056999999999999822e-03 9.999930000000000208e-01 -7.641710000000000447e-01 -6.450129999999999475e-01 -2.269999999999999882e-04 6.450090000000000545e-01 -7.641649999999999832e-01 -3.810000000000000019e-03
1.200000000000000000e+01 5.800000000000000000e+01 3.100000000000000000e+01 0.000000000000000000e+00 1.600000000000000089e+00 -2.196000000000000035e-03 -5.309000000000000351e-03 9.999829999999999552e-01 -7.678719999999999990e-01 -6.405830000000000135e-01 -5.087000000000000376e-03 6.405990000000000295e-01 -7.678709999999999702e-01 -2.670000000000000064e-03
1.900000000000000000e+01 5.800000000000000000e+01 3.100000000000000000e+01 0.000000000000000000e+00 1.600000000000000089e+00 -1.515000000000000071e-03 2.951000000000000064e-03 9.999949999999999672e-01 -7.732339999999999769e-01 -6.341200000000000170e-01 6.999999999999999929e-04 6.341189999999999882e-01 -7.732290000000000552e-01 3.242999999999999789e-03
2.300000000000000000e+01 5.800000000000000000e+01 3.100000000000000000e+01 0.000000000000000000e+00 1.600000000000000089e+00 6.283000000000000390e-03 6.740000000000000331e-03 9.999580000000000135e-01 -7.749850000000000350e-01 -6.319139999999999757e-01 9.128000000000000697e-03 6.319489999999999830e-01 -7.750089999999999479e-01 1.252999999999999991e-03
2.500000000000000000e+01 5.800000000000000000e+01 3.100000000000000000e+01 0.000000000000000000e+00 1.600000000000000089e+00 7.257000000000000429e-03 8.737999999999999240e-03 9.999360000000000470e-01 -7.737420000000000408e-01 -6.334020000000000206e-01 1.115000000000000019e-02 6.334589999999999943e-01 -7.737730000000000441e-01 2.164000000000000125e-03
1.000000000000000000e+00 4.600000000000000000e+01 3.500000000000000000e+01 0.000000000000000000e+00 1.600000000000000089e+00 -6.610000000000000207e-04 4.063999999999999904e-03 -9.999919999999999920e-01 3.854830000000000201e-01 -9.227060000000000262e-01 -4.004999999999999880e-03 -9.227149999999999519e-01 -3.854819999999999913e-01 -9.569999999999999514e-04
5.000000000000000000e+00 4.600000000000000000e+01 3.500000000000000000e+01 0.000000000000000000e+00 1.600000000000000089e+00 2.149999999999999947e-04 -9.330000000000000186e-04 -1.000000000000000000e+00 3.855990000000000251e-01 -9.226659999999999862e-01 9.430000000000000448e-04 -9.226659999999999862e-01 -3.855990000000000251e-01 1.610000000000000103e-04
1.100000000000000000e+01 4.600000000000000000e+01 3.500000000000000000e+01 0.000000000000000000e+00 1.600000000000000089e+00 -2.680000000000000090e-04 4.699999999999999859e-04 -1.000000000000000000e+00 3.855859999999999843e-01 -9.226720000000000477e-01 -5.370000000000000424e-04 -9.226720000000000477e-01 -3.855859999999999843e-01 6.499999999999999431e-05
1.600000000000000000e+01 4.600000000000000000e+01 3.500000000000000000e+01 0.000000000000000000e+00 1.600000000000000089e+00 -5.090000000000000123e-04 -2.141999999999999807e-03 -9.999980000000000535e-01 3.857400000000000273e-01 -9.226060000000000372e-01 1.779999999999999898e-03 -9.226069999999999549e-01 -3.857380000000000253e-01 1.296000000000000060e-03
2.200000000000000000e+01 4.600000000000000000e+01 3.500000000000000000e+01 0.000000000000000000e+00 1.600000000000000089e+00 -5.270000000000000162e-04 1.459000000000000010e-03 -9.999989999999999712e-01 3.854330000000000256e-01 -9.227340000000000542e-01 -1.549000000000000030e-03 -9.227360000000000007e-01 -3.854330000000000256e-01 -7.600000000000000418e-05
2.900000000000000000e+01 4.600000000000000000e+01 3.500000000000000000e+01 0.000000000000000000e+00 1.600000000000000089e+00 8.890000000000000333e-04 -7.919999999999999523e-04 -9.999989999999999712e-01 3.846970000000000112e-01 -9.230420000000000291e-01 1.072999999999999952e-03 -9.230420000000000291e-01 -3.846979999999999844e-01 -5.159999999999999656e-04
2.000000000000000000e+00 9.500000000000000000e+01 3.600000000000000000e+01 0.000000000000000000e+00 1.600000000000000089e+00 3.950999999999999651e-03 -1.204999999999999908e-03 9.999909999999999632e-01 9.976049999999999640e-01 6.906299999999999939e-02 -3.859000000000000017e-03 -6.905799999999999439e-02 9.976120000000000543e-01 1.474999999999999966e-03
5.000000000000000000e+00 9.500000000000000000e+01 3.600000000000000000e+01 0.000000000000000000e+00 1.600000000000000089e+00 5.054999999999999598e-03 6.722999999999999809e-03 9.999649999999999928e-01 9.973980000000000068e-01 7.188400000000000345e-02 -5.525000000000000397e-03 -7.191799999999999582e-02 9.973899999999999988e-01 -6.342000000000000415e-03
1.900000000000000000e+01 9.500000000000000000e+01 3.600000000000000000e+01 0.000000000000000000e+00 1.600000000000000089e+00 -4.299999999999999894e-04 -1.312699999999999978e-02 9.999139999999999695e-01 9.974830000000000085e-01 7.088999999999999468e-02 1.360000000000000098e-03 -7.090200000000000669e-02 9.973980000000000068e-01 1.306399999999999922e-02
2.600000000000000000e+01 9.500000000000000000e+01 3.600000000000000000e+01 0.000000000000000000e+00 1.600000000000000089e+00 8.869999999999999846e-04 3.494900000000000090e-02 9.993889999999999718e-01 9.980909999999999505e-01 6.167999999999999872e-02 -3.041999999999999999e-03 -6.174799999999999733e-02 9.974840000000000373e-01 -3.482699999999999685e-02
3.000000000000000000e+00 3.000000000000000000e+00 4.300000000000000000e+01 0.000000000000000000e+00 1.600000000000000089e+00 -7.309999999999999875e-04 -3.608999999999999795e-03 -9.999930000000000208e-01 7.392919999999999492e-01 -6.733829999999999538e-01 1.889999999999999970e-03 -6.733850000000000113e-01 -7.392849999999999699e-01 3.160000000000000048e-03
1.300000000000000000e+01 3.000000000000000000e+00 4.300000000000000000e+01 0.000000000000000000e+00 1.600000000000000089e+00 -2.618000000000000101e-03 -2.521999999999999936e-02 -9.996779999999999555e-01 7.356810000000000294e-01 -6.771580000000000377e-01 1.515700000000000033e-02 -6.773230000000000084e-01 -7.354049999999999754e-01 2.032700000000000132e-02
2.600000000000000000e+01 3.000000000000000000e+00 4.300000000000000000e+01 0.000000000000000000e+00 1.600000000000000089e+00 5.740000000000000310e-03 2.326900000000000149e-02 -9.997129999999999628e-01 7.415270000000000472e-01 -6.708260000000000334e-01 -1.135599999999999977e-02 -6.708979999999999944e-01 -7.412490000000000467e-01 -2.110499999999999876e-02
2.200000000000000000e+01 8.000000000000000000e+00 4.400000000000000000e+01 0.000000000000000000e+00 1.600000000000000089e+00 -3.691999999999999969e-03 8.050000000000000515e-04 9.999930000000000208e-01 -7.777180000000000204e-01 -6.286089999999999733e-01 -2.364999999999999915e-03 6.286019999999999941e-01 -7.777209999999999956e-01 2.946999999999999967e-03
5.000000000000000000e+00 2.900000000000000000e+01 4.400000000000000000e+01 0.000000000000000000e+00 1.600000000000000089e+00 -2.024000000000000191e-03 1.679999999999999907e-04 -9.999980000000000535e-01 6.696490000000000498e-01 7.426770000000000316e-01 -1.231000000000000106e-03 7.426749999999999741e-01 -6.696499999999999675e-01 -1.616000000000000032e-03
9.000000000000000000e+00 2.900000000000000000e+01 4.400000000000000000e+01 0.000000000000000000e+00 1.600000000000000089e+00 1.433999999999999945e-03 3.099999999999999999e-04 -9.999989999999999712e-01 6.744409999999999572e-01 7.383279999999999843e-01 1.196000000000000014e-03 7.383269999999999555e-01 -6.744419999999999860e-01 8.499999999999999526e-04
1.200000000000000000e+01 2.900000000000000000e+01 4.400000000000000000e+01 0.000000000000000000e+00 1.600000000000000089e+00 2.112000000000000162e-03 -4.101999999999999744e-03 -9.999890000000000168e-01 6.794059999999999544e-01 7.337609999999999966e-01 -1.575000000000000011e-03 7.337590000000000501e-01 -6.793959999999999999e-01 4.336999999999999710e-03
1.800000000000000000e+01 2.900000000000000000e+01 4.400000000000000000e+01 0.000000000000000000e+00 1.600000000000000089e+00 1.605000000000000090e-03 7.529999999999999801e-04 -9.999980000000000535e-01 6.824799999999999756e-01 7.309020000000000516e-01 1.645999999999999894e-03 7.309020000000000516e-01 -6.824820000000000331e-01 6.589999999999999721e-04
2.100000000000000000e+01 2.900000000000000000e+01 4.400000000000000000e+01 0.000000000000000000e+00 1.600000000000000089e+00 2.086999999999999880e-03 2.990000000000000036e-04 -9.999980000000000535e-01 6.810329999999999995e-01 7.322509999999999852e-01 1.639999999999999965e-03 7.322490000000000387e-01 -6.810349999999999460e-01 1.324000000000000090e-03
2.600000000000000000e+01 2.900000000000000000e+01 4.400000000000000000e+01 0.000000000000000000e+00 1.600000000000000089e+00 2.700999999999999842e-03 2.373000000000000109e-03 -9.999940000000000495e-01 6.746830000000000327e-01 7.380989999999999496e-01 3.573999999999999920e-03 7.381029999999999536e-01 -6.746879999999999544e-01 3.919999999999999873e-04
4.000000000000000000e+00 6.000000000000000000e+00 5.100000000000000000e+01 0.000000000000000000e+00 1.600000000000000089e+00 -1.748999999999999904e-03 3.742000000000000100e-03 -9.999909999999999632e-01 3.187409999999999966e-01 -9.478330000000000366e-01 -4.104000000000000009e-03 -9.478400000000000158e-01 -3.187459999999999738e-01 4.650000000000000270e-04
1.500000000000000000e+01 7.000000000000000000e+00 5.200000000000000000e+01 0.000000000000000000e+00 1.600000000000000089e+00 -6.200999999999999915e-03 -7.642999999999999620e-03 -9.999519999999999520e-01 1.364070000000000005e-01 -9.906300000000000106e-01 6.726000000000000208e-03 -9.906340000000000146e-01 -1.363580000000000070e-01 7.185999999999999679e-03
2.700000000000000000e+01 7.000000000000000000e+00 5.200000000000000000e+01 0.000000000000000000e+00 1.600000000000000089e+00 4.231000000000000386e-03 3.733999999999999906e-03 -9.999839999999999840e-01 7.361600000000000088e-02 -9.972809999999999730e-01 -3.412000000000000102e-03 -9.972779999999999978e-01 -7.360099999999999976e-02 -4.493999999999999731e-03
4.000000000000000000e+00 6.300000000000000000e+01 5.400000000000000000e+01 0.000000000000000000e+00 1.600000000000000089e+00 8.899999999999999491e-05 1.613999999999999983e-03 9.999989999999999712e-01 -3.614689999999999848e-01 9.323829999999999618e-01 -1.472999999999999917e-03 -9.323839999999999906e-01 -3.614680000000000115e-01 6.660000000000000338e-04
7.000000000000000000e+00 6.300000000000000000e+01 5.400000000000000000e+01 0.000000000000000000e+00 1.600000000000000089e+00 -1.541000000000000052e-03 6.210000000000000242e-04 9.999989999999999712e-01 -3.540869999999999851e-01 9.352120000000000433e-01 -1.126000000000000048e-03 -9.352110000000000145e-01 -3.540880000000000138e-01 -1.221999999999999996e-03
1.300000000000000000e+01 6.300000000000000000e+01 5.400000000000000000e+01 0.000000000000000000e+00 1.600000000000000089e+00 -9.070000000000000371e-04 5.559999999999999621e-04 9.999989999999999712e-01 -3.534479999999999844e-01 9.354540000000000077e-01 -8.409999999999999507e-04 -9.354540000000000077e-01 -3.534479999999999844e-01 -6.520000000000000188e-04
2.100000000000000000e+01 6.300000000000000000e+01 5.400000000000000000e+01 0.000000000000000000e+00 1.600000000000000089e+00 1.402999999999999950e-03 -8.819999999999999715e-04 9.999989999999999712e-01 -3.481179999999999830e-01 9.374500000000000055e-01 1.314999999999999980e-03 -9.374500000000000055e-01 -3.481190000000000118e-01 1.008999999999999914e-03
3.000000000000000000e+00 2.500000000000000000e+01 5.500000000000000000e+01 0.000000000000000000e+00 1.600000000000000089e+00 1.061000000000000094e-03 5.490000000000000088e-04 -9.999989999999999712e-01 -1.246000000000000059e-02 -9.999219999999999775e-01 -5.619999999999999996e-04 -9.999219999999999775e-01 1.246000000000000059e-02 -1.054000000000000032e-03
9.000000000000000000e+00 2.500000000000000000e+01 5.500000000000000000e+01 0.000000000000000000e+00 1.600000000000000089e+00 9.700000000000000505e-04 9.439999999999999607e-04 -9.999989999999999712e-01 -1.379999999999999977e-02 -9.999040000000000150e-01 -9.569999999999999514e-04 -9.999040000000000150e-01 1.380100000000000077e-02 -9.569999999999999514e-04
2.000000000000000000e+01 2.500000000000000000e+01 5.500000000000000000e+01 0.000000000000000000e+00 1.600000000000000089e+00 -3.099999999999999999e-04 -3.390000000000000001e-04 -1.000000000000000000e+00 -1.114399999999999939e-02 -9.999379999999999935e-01 3.420000000000000188e-04 -9.999379999999999935e-01 1.114399999999999939e-02 3.060000000000000111e-04
2.500000000000000000e+01 2.500000000000000000e+01 5.500000000000000000e+01 0.000000000000000000e+00 1.600000000000000089e+00 -1.397000000000000021e-03 -1.974000000000000060e-03 -9.999970000000000248e-01 -1.224500000000000068e-02 -9.999230000000000063e-01 1.991000000000000148e-03 -9.999240000000000350e-01 1.224699999999999921e-02 1.373000000000000088e-03
2.800000000000000000e+01 5.800000000000000000e+01 5.900000000000000000e+01 0.000000000000000000e+00 1.600000000000000089e+00 1.435999999999999993e-03 1.965000000000000167e-03 -9.999970000000000248e-01 3.947390000000000065e-01 9.187899999999999956e-01 2.371999999999999977e-03 9.187920000000000531e-01 -3.947410000000000085e-01 5.439999999999999957e-04
1.400000000000000000e+01 2.100000000000000000e+01 6.000000000000000000e+01 0.000000000000000000e+00 1.600000000000000089e+00 -2.539999999999999940e-04 4.370999999999999885e-03 9.999900000000000455e-01 -9.374300000000000688e-02 9.955869999999999997e-01 -4.375999999999999682e-03 -9.955960000000000365e-01 -9.374300000000000688e-02 1.569999999999999944e-04
2.000000000000000000e+01 2.100000000000000000e+01 6.000000000000000000e+01 0.000000000000000000e+00 1.600000000000000089e+00 2.089999999999999844e-03 5.246999999999999928e-03 9.999839999999999840e-01 -9.611799999999999511e-02 9.953570000000000473e-01 -5.022000000000000422e-03 -9.953680000000000305e-01 -9.610599999999999699e-02 2.585000000000000058e-03
2.100000000000000000e+01 3.000000000000000000e+00 6.300000000000000000e+01 0.000000000000000000e+00 1.600000000000000089e+00 -2.949999999999999931e-03 1.719999999999999958e-03 9.999940000000000495e-01 -6.125559999999999894e-01 7.904210000000000402e-01 -3.167000000000000110e-03 -7.904219999999999580e-01 -6.125610000000000221e-01 -1.278000000000000056e-03
2.000000000000000000e+00 2.700000000000000000e+01 6.300000000000000000e+01 0.000000000000000000e+00 1.600000000000000089e+00 2.982999999999999974e-03 -3.056000000000000123e-03 9.999909999999999632e-01 -2.708420000000000272e-01 9.626169999999999449e-01 3.749999999999999861e-03 -9.626190000000000024e-01 -2.708510000000000084e-01 2.043999999999999810e-03
9.000000000000000000e+00 2.700000000000000000e+01 6.300000000000000000e+01 0.000000000000000000e+00 1.600000000000000089e+00 -2.089000000000000145e-03 2.570999999999999935e-03 9.999949999999999672e-01 -2.742859999999999743e-01 9.616430000000000256e-01 -3.044999999999999964e-03 -9.616460000000000008e-01 -2.742910000000000070e-01 -1.304000000000000038e-03
1.600000000000000000e+01 2.700000000000000000e+01 6.300000000000000000e+01 0.000000000000000000e+00 1.600000000000000089e+00 7.839999999999999747e-04 6.399999999999999710e-05 1.000000000000000000e+00 -2.808559999999999945e-01 9.597499999999999920e-01 1.579999999999999916e-04 -9.597499999999999920e-01 -2.808559999999999945e-01 7.699999999999999597e-04
2.300000000000000000e+01 2.700000000000000000e+01 6.300000000000000000e+01 0.000000000000000000e+00 1.600000000000000089e+00 -8.989999999999999511e-04 3.206000000000000082e-03 9.999940000000000495e-01 -2.794389999999999930e-01 9.601579999999999560e-01 -3.328999999999999928e-03 -9.601629999999999887e-01 -2.794400000000000217e-01 3.199999999999999855e-05
2.700000000000000000e+01 2.700000000000000000e+01 6.300000000000000000e+01 0.000000000000000000e+00 1.600000000000000089e+00 8.799999999999999771e-05 -1.667000000000000079e-03 9.999989999999999712e-01 -2.791560000000000152e-01 9.602439999999999864e-01 1.624999999999999925e-03 -9.602460000000000440e-01 -2.791560000000000152e-01 -3.809999999999999910e-04
8.000000000000000000e+00 2.600000000000000000e+01 6.400000000000000000e+01 0.000000000000000000e+00 1.600000000000000089e+00 -1.810999999999999893e-03 -1.016999999999999892e-03 9.999980000000000535e-01 -3.524079999999999990e-01 9.358459999999999557e-01 3.130000000000000187e-04 -9.358450000000000379e-01 -3.524070000000000258e-01 -2.053000000000000137e-03
1.400000000000000000e+01 2.600000000000000000e+01 6.400000000000000000e+01 0.000000000000000000e+00 1.600000000000000089e+00 -3.499999999999999964e-04 -6.639999999999999852e-04 1.000000000000000000e+00 -3.613589999999999858e-01 9.324270000000000058e-01 4.929999999999999487e-04 -9.324270000000000058e-01 -3.613589999999999858e-01 -5.659999999999999884e-04
1.700000000000000000e+01 2.600000000000000000e+01 6.400000000000000000e+01 0.000000000000000000e+00 1.600000000000000089e+00 1.838000000000000007e-03 2.260999999999999989e-03 9.999959999999999960e-01 -3.642810000000000215e-01 9.312880000000000047e-01 -1.435999999999999993e-03 -9.312869999999999759e-01 -3.642770000000000175e-01 2.534999999999999927e-03
2.200000000000000000e+01 2.600000000000000000e+01 6.400000000000000000e+01 0.000000000000000000e+00 1.600000000000000089e+00 -4.200000000000000174e-04 4.664999999999999876e-03 9.999890000000000168e-01 -3.635450000000000070e-01 9.315660000000000052e-01 -4.498000000000000262e-03 -9.315759999999999597e-01 -3.635430000000000050e-01 1.304999999999999953e-03
2.800000000000000000e+01 2.600000000000000000e+01 6.400000000000000000e+01 0.000000000000000000e+00 1.600000000000000089e+00 -1.350000000000000017e-04 -2.866000000000000058e-03 9.999959999999999960e-01 -3.618339999999999890e-01 9.322390000000000398e-01 2.622999999999999898e-03 -9.322420000000000151e-01 -3.618319999999999870e-01 -1.162999999999999971e-03
1.100000000000000000e+01 6.900000000000000000e+01 6.600000000000000000e+01 0.000000000000000000e+00 1.600000000000000089e+00 1.022299999999999945e-02 -8.439999999999999586e-03 9.999120000000000230e-01 -9.530720000000000303e-01 3.024939999999999851e-01 1.229700000000000064e-02 -3.025720000000000076e-01 -9.531140000000000168e-01 -4.950999999999999672e-03
1.900000000000000000e+01 6.900000000000000000e+01 6.600000000000000000e+01 0.000000000000000000e+00 1.600000000000000089e+00 5.465000000000000240e-03 -8.180000000000000422e-04 9.999850000000000128e-01 -9.532840000000000202e-01 3.020260000000000167e-01 5.457000000000000045e-03 -3.020260000000000167e-01 -9.532990000000000075e-01 8.710000000000000294e-04
2.300000000000000000e+01 3.100000000000000000e+01 7.100000000000000000e+01 0.000000000000000000e+00 1.600000000000000089e+00 4.420000000000000101e-04 4.589999999999999896e-04 -1.000000000000000000e+00 -7.107590000000000297e-01 -7.034359999999999502e-01 -6.369999999999999794e-04 -7.034359999999999502e-01 7.107590000000000297e-01 1.599999999999999928e-05
2.700000000000000000e+01 2.500000000000000000e+01 7.300000000000000000e+01 0.000000000000000000e+00 1.600000000000000089e+00 1.683999999999999950e-03 4.001000000000000216e-03 9.999909999999999632e-01 7.441039999999999877e-01 -6.680620000000000447e-01 1.418999999999999906e-03 6.680610000000000159e-01 7.440949999999999509e-01 -4.101999999999999744e-03
