1.600000000000000000e+01 2.500000000000000000e+01 1.000000000000000000e+00 0.000000000000000000e+00 1.600000000000000089e+00 4.506999999999999722e-03 6.823000000000000072e-03 -9.999670000000000503e-01 -5.215889999999999693e-01 -8.531579999999999719e-01 -8.172000000000000444e-03 -8.531849999999999712e-01 5.216089999999999893e-01 -2.860000000000000129e-04
2.200000000000000000e+01 2.500000000000000000e+01 1.000000000000000000e+00 0.000000000000000000e+00 1.600000000000000089e+00 -2.177000000000000116e-03 -1.050899999999999924e-02 -9.999419999999999975e-01 -5.182149999999999812e-01 -8.551910000000000345e-01 1.011599999999999999e-02 -8.552480000000000082e-01 5.182069999999999732e-01 -3.583999999999999946e-03
1.800000000000000000e+01 1.900000000000000000e+01 5.000000000000000000e+00 0.000000000000000000e+00 1.600000000000000089e+00 1.423999999999999919e-03 2.367000000000000180e-03 -9.999959999999999960e-01 -6.926639999999999464e-01 -7.212549999999999795e-01 -2.693000000000000081e-03 -7.212589999999999835e-01 6.926660000000000039e-01 6.130000000000000466e-04
2.100000000000000000e+01 1.900000000000000000e+01 5.000000000000000000e+00 0.000000000000000000e+00 1.600000000000000089e+00 8.500000000000000611e-05 -8.347000000000000253e-03 -9.999649999999999928e-01 -6.927919999999999634e-01 -7.211130000000000040e-01 5.961000000000000153e-03 -7.211379999999999457e-01 6.927670000000000217e-01 -5.844000000000000236e-03
2.500000000000000000e+01 1.900000000000000000e+01 5.000000000000000000e+00 0.000000000000000000e+00 1.600000000000000089e+00 9.280000000000000054e-04 -3.340000000000000087e-03 -9.999940000000000495e-01 -6.944230000000000125e-01 -7.195639999999999814e-01 1.758999999999999930e-03 -7.195660000000000389e-01 6.944179999999999797e-01 -2.987000000000000072e-03
1.300000000000000000e+01 1.010000000000000000e+02 7.000000000000000000e+00 0.000000000000000000e+00 1.600000000000000089e+00 8.710000000000000294e-04 -7.360000000000000223e-03 9.999730000000000008e-01 8.897070000000000256e-01 4.565239999999999854e-01 2.586000000000000191e-03 -4.565310000000000201e-01 8.896810000000000551e-01 6.945999999999999917e-03
2.400000000000000000e+01 1.010000000000000000e+02 7.000000000000000000e+00 0.000000000000000000e+00 1.600000000000000089e+00 1.507000000000000093e-03 -1.536099999999999965e-02 9.998810000000000198e-01 8.829029999999999934e-01 4.695190000000000197e-01 5.883000000000000208e-03 -4.695529999999999982e-01 8.827890000000000459e-01 1.426900000000000043e-02
3.000000000000000000e+00 2.500000000000000000e+01 8.000000000000000000e+00 0.000000000000000000e+00 1.600000000000000089e+00 6.369999999999999794e-04 5.303999999999999687e-03 -9.999860000000000415e-01 4.376610000000000222e-01 8.991259999999999808e-01 5.048000000000000403e-03 8.991400000000000503e-01 -4.376579999999999915e-01 -1.748999999999999904e-03
1.200000000000000000e+01 2.500000000000000000e+01 8.000000000000000000e+00 0.000000000000000000e+00 1.600000000000000089e+00 -2.419000000000000143e-03 -4.160999999999999768e-03 -9.999879999999999880e-01 4.396809999999999885e-01 8.981409999999999672e-01 -4.800999999999999712e-03 8.981510000000000327e-01 -4.396880000000000233e-01 -3.440000000000000132e-04
1.600000000000000000e+01 2.500000000000000000e+01 8.000000000000000000e+00 0.000000000000000000e+00 1.600000000000000089e+00 -3.383999999999999855e-03 -4.821999999999999897e-03 -9.999829999999999552e-01 4.404449999999999754e-01 8.977610000000000312e-01 -5.819999999999999653e-03 8.977730000000000432e-01 -4.404569999999999874e-01 -9.139999999999999904e-04
1.900000000000000000e+01 2.500000000000000000e+01 8.000000000000000000e+00 0.000000000000000000e+00 1.600000000000000089e+00 -1.495000000000000018e-03 -8.208000000000000018e-03 -9.999649999999999928e-01 4.396599999999999953e-01 8.981280000000000374e-01 -8.028999999999999679e-03 8.981630000000000447e-01 -4.396570000000000200e-01 2.265999999999999785e-03
2.400000000000000000e+01 2.500000000000000000e+01 8.000000000000000000e+00 0.000000000000000000e+00 1.600000000000000089e+00 9.970000000000000563e-04 -8.101000000000000562e-03 -9.999670000000000503e-01 4.379069999999999907e-01 8.989939999999999598e-01 -6.845999999999999655e-03 8.990200000000000413e-01 -4.378850000000000242e-01 4.444000000000000034e-03
2.800000000000000000e+01 2.500000000000000000e+01 8.000000000000000000e+00 0.000000000000000000e+00 1.600000000000000089e+00 -8.689999999999999808e-04 -1.170999999999999949e-03 -9.999989999999999712e-01 4.387610000000000121e-01 8.986030000000000406e-01 -1.433999999999999945e-03 8.986030000000000406e-01 -4.387619999999999854e-01 -2.669999999999999847e-04
3.000000000000000000e+00 2.400000000000000000e+01 9.000000000000000000e+00 0.000000000000000000e+00 1.600000000000000089e+00 5.710000000000000015e-04 6.050999999999999955e-03 -9.999820000000000375e-01 4.437030000000000141e-01 8.961559999999999526e-01 5.675999999999999622e-03 8.961740000000000261e-01 -4.436979999999999813e-01 -2.173000000000000018e-03
7.000000000000000000e+00 2.400000000000000000e+01 9.000000000000000000e+00 0.000000000000000000e+00 1.600000000000000089e+00 -7.399999999999999623e-05 2.629999999999999959e-04 -1.000000000000000000e+00 4.430790000000000006e-01 8.964820000000000011e-01 2.030000000000000012e-04 8.964820000000000011e-01 -4.430790000000000006e-01 -1.820000000000000057e-04
1.000000000000000000e+01 2.400000000000000000e+01 9.000000000000000000e+00 0.000000000000000000e+00 1.600000000000000089e+00 -1.685000000000000083e-03 -3.485999999999999949e-03 -9.999919999999999920e-01 4.446140000000000092e-01 8.957140000000000102e-01 -3.872000000000000008e-03 8.957199999999999607e-01 -4.446180000000000132e-01 4.100000000000000047e-05
1.600000000000000000e+01 2.400000000000000000e+01 9.000000000000000000e+00 0.000000000000000000e+00 1.600000000000000089e+00 -2.736000000000000151e-03 -6.714999999999999615e-03 -9.999740000000000295e-01 4.467610000000000192e-01 8.946239999999999748e-01 -7.230000000000000315e-03 8.946490000000000276e-01 -4.467690000000000272e-01 5.529999999999999976e-04
1.900000000000000000e+01 2.400000000000000000e+01 9.000000000000000000e+00 0.000000000000000000e+00 1.600000000000000089e+00 -5.540000000000000219e-04 -9.709000000000000616e-03 -9.999529999999999808e-01 4.460359999999999880e-01 8.949709999999999610e-01 -8.937000000000000499e-03 8.950150000000000050e-01 -4.460189999999999988e-01 3.834999999999999867e-03
2.300000000000000000e+01 2.400000000000000000e+01 9.000000000000000000e+00 0.000000000000000000e+00 1.600000000000000089e+00 1.376000000000000053e-03 -1.027100000000000062e-02 -9.999460000000000015e-01 4.446959999999999802e-01 8.956399999999999917e-01 -8.588000000000000148e-03 8.956800000000000317e-01 -4.446609999999999729e-01 5.799999999999999600e-03
2.900000000000000000e+01 2.400000000000000000e+01 9.000000000000000000e+00 0.000000000000000000e+00 1.600000000000000089e+00 -6.210000000000000242e-04 9.520000000000000467e-04 -9.999989999999999712e-01 4.443369999999999820e-01 8.958599999999999897e-01 5.770000000000000389e-04 8.958599999999999897e-01 -4.443360000000000087e-01 -9.790000000000000525e-04
1.500000000000000000e+01 7.000000000000000000e+00 1.000000000000000000e+01 0.000000000000000000e+00 1.600000000000000089e+00 -5.871900000000000036e-02 -3.833299999999999902e-02 -9.975380000000000358e-01 -9.862880000000000535e-01 -1.521609999999999907e-01 6.390300000000000147e-02 -1.542360000000000120e-01 9.876120000000000454e-01 -2.887199999999999836e-02
1.900000000000000000e+01 7.000000000000000000e+00 1.000000000000000000e+01 0.000000000000000000e+00 1.600000000000000089e+00 5.329999999999999669e-03 -6.853999999999999850e-03 -9.999620000000000175e-01 -9.911459999999999715e-01 -1.327049999999999896e-01 -4.373000000000000151e-03 -1.326700000000000101e-01 9.911320000000000130e-01 -7.500999999999999855e-03
1.400000000000000000e+01 3.000000000000000000e+00 1.100000000000000000e+01 0.000000000000000000e+00 1.600000000000000089e+00 -6.949999999999999798e-04 -7.528999999999999582e-02 9.971609999999999641e-01 1.378369999999999873e-01 -9.876509999999999456e-01 -7.447600000000000053e-02 9.904549999999999743e-01 1.373939999999999884e-01 1.106399999999999918e-02
2.000000000000000000e+01 3.000000000000000000e+00 1.100000000000000000e+01 0.000000000000000000e+00 1.600000000000000089e+00 -1.461000000000000059e-03 1.862099999999999866e-02 9.998259999999999925e-01 1.209540000000000060e-01 -9.924830000000000041e-01 1.866100000000000050e-02 9.926570000000000116e-01 1.209599999999999981e-01 -8.030000000000000028e-04
2.000000000000000000e+00 4.000000000000000000e+00 1.100000000000000000e+01 0.000000000000000000e+00 1.600000000000000089e+00 6.089999999999999494e-04 -8.553800000000000292e-02 9.963349999999999707e-01 1.801059999999999883e-01 -9.800330000000000430e-01 -8.424800000000000344e-02 9.836470000000000491e-01 1.794969999999999899e-01 1.480899999999999925e-02
1.000000000000000000e+01 3.200000000000000000e+01 1.400000000000000000e+01 0.000000000000000000e+00 1.600000000000000089e+00 1.033999999999999980e-03 -1.526000000000000013e-03 -9.999980000000000535e-01 1.169800000000000006e-01 9.931330000000000435e-01 -1.394999999999999973e-03 9.931339999999999613e-01 -1.169779999999999986e-01 1.206000000000000041e-03
1.400000000000000000e+01 3.200000000000000000e+01 1.400000000000000000e+01 0.000000000000000000e+00 1.600000000000000089e+00 2.930000000000000204e-04 2.726999999999999823e-03 -9.999959999999999960e-01 1.179349999999999982e-01 9.930179999999999563e-01 2.743000000000000212e-03 9.930210000000000425e-01 -1.179349999999999982e-01 -3.100000000000000135e-05
1.800000000000000000e+01 3.200000000000000000e+01 1.400000000000000000e+01 0.000000000000000000e+00 1.600000000000000089e+00 6.960000000000000041e-04 2.351999999999999924e-03 -9.999970000000000248e-01 1.196119999999999961e-01 9.928179999999999783e-01 2.418000000000000010e-03 9.928200000000000358e-01 -1.196129999999999971e-01 4.090000000000000211e-04
2.100000000000000000e+01 3.200000000000000000e+01 1.400000000000000000e+01 0.000000000000000000e+00 1.600000000000000089e+00 3.114000000000000015e-03 -2.609999999999999907e-03 -9.999919999999999920e-01 1.200969999999999954e-01 9.927599999999999758e-01 -2.217999999999999920e-03 9.927570000000000006e-01 -1.200890000000000013e-01 3.405000000000000041e-03
2.500000000000000000e+01 3.200000000000000000e+01 1.400000000000000000e+01 0.000000000000000000e+00 1.600000000000000089e+00 1.464000000000000024e-03 -5.760999999999999628e-03 -9.999820000000000375e-01 1.194019999999999943e-01 9.928310000000000191e-01 -5.544999999999999582e-03 9.928449999999999775e-01 -1.193919999999999981e-01 2.141000000000000108e-03
5.000000000000000000e+00 1.160000000000000000e+02 1.600000000000000000e+01 0.000000000000000000e+00 1.600000000000000089e+00 1.199999999999999895e-03 4.346000000000000037e-03 9.999900000000000455e-01 7.185810000000000253e-01 6.954329999999999679e-01 -3.884999999999999998e-03 -6.954420000000000046e-01 7.185780000000000500e-01 -2.288999999999999802e-03
1.100000000000000000e+01 1.160000000000000000e+02 1.600000000000000000e+01 0.000000000000000000e+00 1.600000000000000089e+00 -4.620000000000000083e-04 1.900999999999999912e-03 9.999980000000000535e-01 7.056090000000000417e-01 7.086010000000000364e-01 -1.020999999999999989e-03 -7.086010000000000364e-01 7.056069999999999842e-01 -1.668999999999999911e-03
1.700000000000000000e+01 1.160000000000000000e+02 1.600000000000000000e+01 0.000000000000000000e+00 1.600000000000000089e+00 -3.804999999999999789e-03 -4.028000000000000330e-03 9.999850000000000128e-01 7.365319999999999645e-01 6.763799999999999812e-01 5.526999999999999795e-03 -6.763919999999999932e-01 7.365420000000000300e-01 3.930000000000000117e-04
3.000000000000000000e+00 3.500000000000000000e+01 1.800000000000000000e+01 0.000000000000000000e+00 1.600000000000000089e+00 3.359230000000000271e-01 1.441560000000000064e-01 -9.307919999999999527e-01 -7.145510000000000472e-01 -6.048350000000000115e-01 -3.515559999999999796e-01 -6.136540000000000328e-01 7.831949999999999745e-01 -1.001709999999999962e-01
3.000000000000000000e+00 2.000000000000000000e+00 1.900000000000000000e+01 0.000000000000000000e+00 1.600000000000000089e+00 1.332799999999999957e-02 -5.224299999999999777e-02 -9.985450000000000159e-01 3.590619999999999923e-01 -9.317769999999999664e-01 5.354199999999999932e-02 -9.332179999999999920e-01 -3.592529999999999890e-01 6.339000000000000017e-03
9.000000000000000000e+00 2.000000000000000000e+00 1.900000000000000000e+01 0.000000000000000000e+00 1.600000000000000089e+00 9.860999999999999974e-03 -5.233199999999999658e-02 -9.985810000000000519e-01 3.640970000000000040e-01 -9.298899999999999944e-01 5.232799999999999951e-02 -9.313090000000000535e-01 -3.640959999999999752e-01 9.884000000000000424e-03
1.900000000000000000e+01 2.000000000000000000e+00 1.900000000000000000e+01 0.000000000000000000e+00 1.600000000000000089e+00 -4.360000000000000160e-03 -9.573999999999999178e-03 -9.999449999999999728e-01 3.457660000000000178e-01 -9.382909999999999862e-01 7.476000000000000006e-03 -9.383110000000000062e-01 -3.457140000000000213e-01 7.400999999999999593e-03
2.000000000000000000e+00 3.000000000000000000e+00 1.900000000000000000e+01 0.000000000000000000e+00 1.600000000000000089e+00 1.137600000000000069e-02 -4.750100000000000156e-02 -9.988059999999999716e-01 3.403309999999999946e-01 -9.390519999999999978e-01 4.853500000000000175e-02 -9.402369999999999894e-01 -3.404769999999999741e-01 5.483000000000000027e-03
2.200000000000000000e+01 3.000000000000000000e+00 1.900000000000000000e+01 0.000000000000000000e+00 1.600000000000000089e+00 -7.760000000000000404e-03 1.266100000000000038e-02 -9.998899999999999455e-01 3.125279999999999725e-01 -9.497980000000000311e-01 -1.445300000000000057e-02 -9.498769999999999714e-01 -3.126059999999999950e-01 3.413999999999999934e-03
2.500000000000000000e+01 3.000000000000000000e+00 1.900000000000000000e+01 0.000000000000000000e+00 1.600000000000000089e+00 -5.571000000000000431e-03 2.554500000000000173e-02 -9.996580000000000465e-01 3.191649999999999765e-01 -9.473430000000000462e-01 -2.598699999999999968e-02 -9.476830000000000531e-01 -3.192010000000000125e-01 -2.876000000000000084e-03
3.000000000000000000e+01 3.000000000000000000e+00 1.900000000000000000e+01 0.000000000000000000e+00 1.600000000000000089e+00 -1.286000000000000034e-03 3.151799999999999741e-02 -9.995020000000000016e-01 3.242430000000000034e-01 -9.454900000000000526e-01 -3.023199999999999846e-02 -9.459729999999999528e-01 -3.241209999999999924e-01 -9.003999999999999851e-03
1.600000000000000000e+01 4.000000000000000000e+00 2.000000000000000000e+01 0.000000000000000000e+00 1.600000000000000089e+00 -8.199999999999999824e-04 -1.442700000000000059e-02 -9.998960000000000070e-01 3.275109999999999966e-01 -9.447529999999999539e-01 1.336299999999999988e-02 -9.448469999999999924e-01 -3.274650000000000061e-01 5.499999999999999681e-03
2.000000000000000000e+00 1.300000000000000000e+01 2.000000000000000000e+01 0.000000000000000000e+00 1.600000000000000089e+00 1.739000000000000094e-03 -6.140999999999999757e-03 9.999799999999999800e-01 2.591470000000000162e-01 9.658219999999999583e-01 5.480999999999999761e-03 -9.658360000000000278e-01 2.591330000000000022e-01 3.271000000000000036e-03
5.000000000000000000e+00 1.300000000000000000e+01 2.000000000000000000e+01 0.000000000000000000e+00 1.600000000000000089e+00 1.085000000000000027e-03 -9.100999999999999715e-03 9.999580000000000135e-01 2.577530000000000099e-01 9.661729999999999485e-01 8.514000000000000734e-03 -9.662100000000000133e-01 2.577329999999999899e-01 3.393999999999999882e-03
1.100000000000000000e+01 1.300000000000000000e+01 2.000000000000000000e+01 0.000000000000000000e+00 1.600000000000000089e+00 -1.364999999999999894e-03 -1.969999999999999909e-04 9.999989999999999712e-01 2.599069999999999991e-01 9.656329999999999636e-01 5.450000000000000200e-04 -9.656329999999999636e-01 2.599079999999999724e-01 -1.266999999999999897e-03
1.700000000000000000e+01 1.300000000000000000e+01 2.000000000000000000e+01 0.000000000000000000e+00 1.600000000000000089e+00 -2.256000000000000193e-03 -1.536000000000000039e-03 9.999959999999999960e-01 2.627840000000000176e-01 9.648529999999999607e-01 2.073999999999999889e-03 -9.648520000000000429e-01 2.627869999999999928e-01 -1.773000000000000053e-03
2.200000000000000000e+01 1.300000000000000000e+01 2.000000000000000000e+01 0.000000000000000000e+00 1.600000000000000089e+00 -9.909999999999999105e-04 -3.699999999999999947e-04 9.999989999999999712e-01 2.618750000000000244e-01 9.651020000000000154e-01 6.160000000000000111e-04 -9.651009999999999867e-01 2.618750000000000244e-01 -8.599999999999999789e-04
2.600000000000000000e+01 1.300000000000000000e+01 2.000000000000000000e+01 0.000000000000000000e+00 1.600000000000000089e+00 4.949999999999999973e-04 4.216000000000000129e-03 9.999909999999999632e-01 2.591390000000000082e-01 9.658309999999999951e-01 -4.200999999999999873e-03 -9.658400000000000318e-01 2.591379999999999795e-01 -6.139999999999999625e-04
2.900000000000000000e+01 1.300000000000000000e+01 2.000000000000000000e+01 0.000000000000000000e+00 1.600000000000000089e+00 -1.999999999999999909e-06 -1.810000000000000085e-04 1.000000000000000000e+00 2.584879999999999955e-01 9.660149999999999570e-01 1.749999999999999982e-04 -9.660149999999999570e-01 2.584879999999999955e-01 4.500000000000000283e-05
8.000000000000000000e+00 1.600000000000000000e+01 2.100000000000000000e+01 0.000000000000000000e+00 1.600000000000000089e+00 3.490000000000000263e-04 -9.062000000000000610e-03 9.999590000000000423e-01 2.974589999999999734e-01 9.546959999999999891e-01 8.548000000000000043e-03 -9.547350000000000003e-01 2.974439999999999862e-01 3.029000000000000008e-03
1.300000000000000000e+01 1.600000000000000000e+01 2.100000000000000000e+01 0.000000000000000000e+00 1.600000000000000089e+00 -8.610000000000000032e-04 5.823000000000000051e-03 9.999829999999999552e-01 2.982569999999999943e-01 9.544709999999999583e-01 -5.301000000000000156e-03 -9.544850000000000279e-01 2.982469999999999843e-01 -2.559000000000000077e-03
1.800000000000000000e+01 1.600000000000000000e+01 2.100000000000000000e+01 0.000000000000000000e+00 1.600000000000000089e+00 -2.580999999999999961e-03 -4.893999999999999913e-03 9.999850000000000128e-01 2.989189999999999903e-01 9.542629999999999724e-01 5.441999999999999789e-03 -9.542749999999999844e-01 2.989280000000000270e-01 -1.000000000000000021e-03
1.300000000000000000e+01 4.100000000000000000e+01 2.400000000000000000e+01 0.000000000000000000e+00 1.600000000000000089e+00 2.229800000000000115e-01 4.071099999999999719e-02 9.739719999999999489e-01 -9.067020000000000080e-01 3.755970000000000142e-01 1.918799999999999950e-01 -3.580090000000000217e-01 -9.258889999999999620e-01 1.206639999999999935e-01
7.000000000000000000e+00 2.000000000000000000e+00 2.500000000000000000e+01 0.000000000000000000e+00 1.600000000000000089e+00 1.105700000000000086e-02 -4.366699999999999748e-02 9.989850000000000119e-01 7.572700000000000264e-02 -9.961400000000000254e-01 -4.438000000000000278e-02 9.970670000000000366e-01 7.614100000000000035e-02 -7.707000000000000309e-03
8.000000000000000000e+00 3.000000000000000000e+00 2.500000000000000000e+01 0.000000000000000000e+00 1.600000000000000089e+00 2.413000000000000214e-03 -3.642000000000000098e-02 9.993339999999999446e-01 -1.603500000000000064e-02 -9.992100000000000426e-01 -3.637699999999999961e-02 9.998690000000000078e-01 -1.593599999999999878e-02 -2.994999999999999832e-03
1.100000000000000000e+01 3.000000000000000000e+00 2.500000000000000000e+01 0.000000000000000000e+00 1.600000000000000089e+00 -3.163000000000000013e-03 -1.704599999999999865e-02 9.998500000000000165e-01 -2.986499999999999919e-02 -9.994070000000000453e-01 -1.713299999999999892e-02 9.995490000000000208e-01 -2.991399999999999962e-02 2.651999999999999844e-03
2.200000000000000000e+01 3.000000000000000000e+00 2.500000000000000000e+01 0.000000000000000000e+00 1.600000000000000089e+00 -2.605000000000000111e-03 5.533999999999999857e-03 9.999810000000000088e-01 -4.047699999999999909e-02 -9.991659999999999986e-01 5.424000000000000002e-03 9.991769999999999818e-01 -4.046199999999999797e-02 2.827000000000000086e-03
1.900000000000000000e+01 4.300000000000000000e+01 2.600000000000000000e+01 0.000000000000000000e+00 1.600000000000000089e+00 -9.254600000000000326e-02 2.331429999999999891e-01 -9.680290000000000283e-01 9.838519999999999488e-01 -1.281730000000000091e-01 -1.249279999999999974e-01 -1.532010000000000038e-01 -9.639590000000000103e-01 -2.175159999999999871e-01
1.000000000000000000e+00 5.800000000000000000e+01 3.100000000000000000e+01 0.000000000000000000e+00 1.600000000000000089e+00 7.394999999999999664e-03 5.852999999999999696e-03 9.999550000000000383e-01 -8.110870000000000024e-01 -5.848489999999999522e-01 9.421999999999999820e-03 5.848780000000000090e-01 -8.111209999999999809e-01 4.229999999999999819e-04
5.000000000000000000e+00 5.800000000000000000e+01 3.100000000000000000e+01 0.000000000000000000e+00 1.600000000000000089e+00 8.767000000000000487e-03 1.137600000000000069e-02 9.998970000000000358e-01 -8.095750000000000446e-01 -5.868539999999999868e-01 1.377500000000000079e-02 5.869510000000000005e-01 -8.096130000000000271e-01 4.063999999999999904e-03
1.100000000000000000e+01 5.800000000000000000e+01 3.100000000000000000e+01 0.000000000000000000e+00 1.600000000000000089e+00 3.800000000000000209e-04 -5.818000000000000255e-03 9.999829999999999552e-01 -8.101319999999999633e-01 -5.862399999999999833e-01 -3.102999999999999856e-03 5.862479999999999913e-01 -8.101169999999999760e-01 -4.937000000000000416e-03
1.500000000000000000e+01 5.800000000000000000e+01 3.100000000000000000e+01 0.000000000000000000e+00 1.600000000000000089e+00 2.860000000000000129e-04 -6.891999999999999689e-03 9.999759999999999760e-01 -8.087619999999999809e-01 -5.881239999999999801e-01 -3.821999999999999877e-03 5.881359999999999921e-01 -8.087419999999999609e-01 -5.741999999999999708e-03
2.300000000000000000e+01 5.800000000000000000e+01 3.100000000000000000e+01 0.000000000000000000e+00 1.600000000000000089e+00 -5.163000000000000055e-03 1.405999999999999915e-03 9.999860000000000415e-01 -8.082139999999999880e-01 -5.888790000000000413e-01 -3.344999999999999883e-03 5.888660000000000005e-01 -8.082200000000000495e-01 4.177000000000000157e-03
2.900000000000000000e+01 5.800000000000000000e+01 3.100000000000000000e+01 0.000000000000000000e+00 1.600000000000000089e+00 -3.408000000000000005e-03 -1.059099999999999972e-02 9.999379999999999935e-01 -8.067819999999999991e-01 -5.907799999999999718e-01 -9.006999999999999382e-03 5.908390000000000031e-01 -8.067630000000000079e-01 -6.531999999999999612e-03
2.100000000000000000e+01 3.700000000000000000e+01 3.500000000000000000e+01 0.000000000000000000e+00 1.600000000000000089e+00 2.129530000000000034e-01 2.372430000000000094e-01 -9.478220000000000534e-01 -4.393349999999999755e-01 -8.432239999999999736e-01 -3.097699999999999898e-01 -8.727169999999999650e-01 4.823779999999999735e-01 -7.533800000000000219e-02
2.200000000000000000e+01 9.500000000000000000e+01 3.600000000000000000e+01 0.000000000000000000e+00 1.600000000000000089e+00 8.552999999999999839e-03 -1.417779999999999874e-01 9.898620000000000196e-01 9.974680000000000213e-01 7.109500000000000541e-02 1.564999999999999985e-03 -7.059600000000000597e-02 9.873420000000000529e-01 1.420269999999999866e-01
2.000000000000000000e+01 4.800000000000000000e+01 4.100000000000000000e+01 0.000000000000000000e+00 1.600000000000000089e+00 1.232209999999999972e-01 5.218000000000000416e-03 9.923659999999999703e-01 8.260750000000000037e-01 5.535999999999999810e-01 -1.054839999999999944e-01 -5.499239999999999684e-01 8.327670000000000350e-01 6.390500000000000347e-02
2.200000000000000000e+01 4.800000000000000000e+01 4.200000000000000000e+01 0.000000000000000000e+00 1.600000000000000089e+00 1.240870000000000029e-01 -9.378499999999999337e-02 9.878289999999999571e-01 8.785370000000000124e-01 4.731710000000000083e-01 -6.543499999999999317e-02 -4.612749999999999906e-01 8.759639999999999649e-01 1.411080000000000112e-01
6.000000000000000000e+00 8.000000000000000000e+00 4.400000000000000000e+01 0.000000000000000000e+00 1.600000000000000089e+00 -1.111000000000000008e-03 -1.368000000000000075e-03 9.999980000000000535e-01 -7.903430000000000177e-01 -6.126620000000000399e-01 -1.716000000000000077e-03 6.126629999999999576e-01 -7.903440000000000465e-01 -4.009999999999999893e-04
9.000000000000000000e+00 8.000000000000000000e+00 4.400000000000000000e+01 0.000000000000000000e+00 1.600000000000000089e+00 4.270000000000000249e-04 4.414999999999999654e-03 9.999900000000000455e-01 -7.916889999999999761e-01 -6.109170000000000433e-01 3.034999999999999937e-03 6.109240000000000226e-01 -7.916819999999999968e-01 3.235000000000000028e-03
1.300000000000000000e+01 8.000000000000000000e+00 4.400000000000000000e+01 0.000000000000000000e+00 1.600000000000000089e+00 -3.075000000000000042e-03 6.509999999999999945e-04 9.999949999999999672e-01 -7.930749999999999744e-01 -6.091210000000000235e-01 -2.041999999999999978e-03 6.091170000000000195e-01 -7.930770000000000319e-01 2.390000000000000197e-03
2.100000000000000000e+01 8.000000000000000000e+00 4.400000000000000000e+01 0.000000000000000000e+00 1.600000000000000089e+00 -1.667000000000000079e-03 2.763999999999999964e-03 9.999949999999999672e-01 -8.027410000000000379e-01 -5.963279999999999692e-01 3.099999999999999999e-04 5.963260000000000227e-01 -8.027360000000000051e-01 3.213000000000000144e-03
2.300000000000000000e+01 5.400000000000000000e+01 4.600000000000000000e+01 0.000000000000000000e+00 1.600000000000000089e+00 -1.273799999999999932e-02 -4.133300000000000168e-02 9.990639999999999521e-01 2.684650000000000092e-01 -9.626010000000000399e-01 -3.640100000000000280e-02 9.632049999999999779e-01 2.677499999999999880e-01 2.335800000000000029e-02
2.000000000000000000e+00 2.900000000000000000e+01 4.800000000000000000e+01 0.000000000000000000e+00 1.600000000000000089e+00 1.098999999999999934e-03 -5.347999999999999976e-02 9.985680000000000112e-01 -3.447629999999999861e-01 -9.373669999999999503e-01 -4.982199999999999823e-02 9.386889999999999956e-01 -3.442149999999999932e-01 -1.946799999999999919e-02
1.900000000000000000e+01 2.900000000000000000e+01 4.800000000000000000e+01 0.000000000000000000e+00 1.600000000000000089e+00 4.883000000000000188e-03 -1.071420000000000011e-01 9.942320000000000046e-01 3.583450000000000246e-01 9.284010000000000318e-01 9.828800000000000037e-02 -9.335759999999999614e-01 3.557980000000000032e-01 4.292699999999999988e-02
2.800000000000000000e+01 2.900000000000000000e+01 4.800000000000000000e+01 0.000000000000000000e+00 1.600000000000000089e+00 -1.008999999999999914e-03 -3.605400000000000271e-02 9.993490000000000428e-01 3.542569999999999886e-01 9.345269999999999966e-01 3.407299999999999912e-02 -9.351479999999999793e-01 3.540610000000000146e-01 1.182899999999999924e-02
5.000000000000000000e+00 3.700000000000000000e+01 5.100000000000000000e+01 0.000000000000000000e+00 1.600000000000000089e+00 -3.575439999999999729e-01 -4.101429999999999798e-01 8.390149999999999553e-01 9.240450000000000053e-01 -2.855170000000000208e-01 2.542070000000000163e-01 1.352909999999999946e-01 8.661769999999999747e-01 4.810749999999999749e-01
7.000000000000000000e+00 3.800000000000000000e+01 5.100000000000000000e+01 0.000000000000000000e+00 1.600000000000000089e+00 -3.674620000000000108e-01 -3.990150000000000086e-01 8.400950000000000362e-01 9.251350000000000406e-01 -2.494599999999999873e-01 2.861750000000000127e-01 9.538199999999999457e-02 8.823590000000000044e-01 4.608090000000000241e-01
1.100000000000000000e+01 7.000000000000000000e+00 5.200000000000000000e+01 0.000000000000000000e+00 1.600000000000000089e+00 -3.570000000000000040e-04 2.139999999999999975e-03 -9.999980000000000535e-01 7.695599999999999663e-02 -9.970320000000000293e-01 -2.161000000000000160e-03 -9.970339999999999758e-01 -7.695699999999999763e-02 1.910000000000000077e-04
1.900000000000000000e+01 5.800000000000000000e+01 5.200000000000000000e+01 0.000000000000000000e+00 1.600000000000000089e+00 -6.477000000000000118e-03 -3.177300000000000263e-02 9.994739999999999736e-01 -6.175460000000000393e-01 7.862540000000000084e-01 2.099300000000000124e-02 -7.865079999999999849e-01 -6.170860000000000234e-01 -2.471399999999999986e-02
1.500000000000000000e+01 5.700000000000000000e+01 5.300000000000000000e+01 0.000000000000000000e+00 1.600000000000000089e+00 -1.273099999999999926e-02 -1.573599999999999999e-02 9.997949999999999893e-01 -5.393649999999999833e-01 8.420480000000000187e-01 6.385000000000000051e-03 -8.419759999999999467e-01 -5.391730000000000134e-01 -1.920699999999999838e-02
2.000000000000000000e+00 6.300000000000000000e+01 5.400000000000000000e+01 0.000000000000000000e+00 1.600000000000000089e+00 7.910000000000000364e-04 -9.579999999999999757e-04 9.999989999999999712e-01 -3.620740000000000069e-01 9.321490000000000054e-01 1.180000000000000059e-03 -9.321490000000000054e-01 -3.620740000000000069e-01 3.910000000000000172e-04
8.000000000000000000e+00 6.300000000000000000e+01 5.400000000000000000e+01 0.000000000000000000e+00 1.600000000000000089e+00 1.807000000000000012e-03 -7.299999999999999903e-05 9.999980000000000535e-01 -3.630399999999999738e-01 9.317729999999999624e-01 7.240000000000000342e-04 -9.317720000000000447e-01 -3.630410000000000026e-01 1.657999999999999969e-03
1.600000000000000000e+01 6.300000000000000000e+01 5.400000000000000000e+01 0.000000000000000000e+00 1.600000000000000089e+00 -2.001000000000000174e-03 -5.239999999999999866e-03 9.999839999999999840e-01 -3.685479999999999867e-01 9.295999999999999819e-01 4.133999999999999654e-03 -9.296069999999999611e-01 -3.685329999999999995e-01 -3.791000000000000099e-03
2.100000000000000000e+01 6.300000000000000000e+01 5.400000000000000000e+01 0.000000000000000000e+00 1.600000000000000089e+00 -2.755000000000000070e-03 -1.070300000000000071e-02 9.999390000000000223e-01 -3.687650000000000095e-01 9.294799999999999729e-01 8.932000000000000703e-03 -9.295179999999999554e-01 -3.687179999999999902e-01 -6.506999999999999763e-03
2.600000000000000000e+01 6.300000000000000000e+01 5.400000000000000000e+01 0.000000000000000000e+00 1.600000000000000089e+00 1.028000000000000051e-03 6.399999999999999710e-05 9.999989999999999712e-01 -3.832590000000000163e-01 9.236410000000000453e-01 3.350000000000000113e-04 -9.236400000000000166e-01 -3.832590000000000163e-01 9.740000000000000394e-04
1.700000000000000000e+01 2.600000000000000000e+01 5.500000000000000000e+01 0.000000000000000000e+00 1.600000000000000089e+00 -3.289999999999999739e-04 -4.808999999999999907e-03 -9.999879999999999880e-01 -2.832000000000000142e-02 -9.995870000000000033e-01 4.817000000000000101e-03 -9.995990000000000153e-01 2.832199999999999995e-02 1.920000000000000049e-04
1.800000000000000000e+01 2.900000000000000000e+01 5.500000000000000000e+01 0.000000000000000000e+00 1.600000000000000089e+00 2.709000000000000036e-03 4.295199999999999713e-02 9.990729999999999889e-01 7.050900000000000223e-02 -9.965990000000000126e-01 4.265499999999999847e-02 9.975070000000000325e-01 7.032800000000000162e-02 -5.727999999999999585e-03
2.600000000000000000e+01 5.600000000000000000e+01 5.500000000000000000e+01 0.000000000000000000e+00 1.600000000000000089e+00 -6.236499999999999683e-02 2.873800000000000243e-01 -9.557839999999999669e-01 -9.425360000000000404e-01 -3.319030000000000036e-01 -3.829400000000000165e-02 -3.282320000000000237e-01 8.984729999999999661e-01 2.915650000000000186e-01
4.000000000000000000e+00 2.000000000000000000e+01 6.000000000000000000e+01 0.000000000000000000e+00 1.600000000000000089e+00 1.755000000000000050e-03 -1.294999999999999927e-03 9.999980000000000535e-01 -6.006199999999999734e-02 9.981940000000000257e-01 1.397999999999999937e-03 -9.981929999999999970e-01 -6.006399999999999934e-02 1.675000000000000057e-03
1.700000000000000000e+01 2.000000000000000000e+01 6.000000000000000000e+01 0.000000000000000000e+00 1.600000000000000089e+00 1.595000000000000064e-03 1.694999999999999892e-03 9.999970000000000248e-01 -6.308400000000000118e-02 9.980069999999999775e-01 -1.590999999999999966e-03 -9.980069999999999775e-01 -6.308099999999999818e-02 1.698000000000000074e-03
8.000000000000000000e+00 2.100000000000000000e+01 6.000000000000000000e+01 0.000000000000000000e+00 1.600000000000000089e+00 -9.190000000000000035e-04 -3.870999999999999875e-03 9.999919999999999920e-01 -9.734199999999999797e-02 9.952440000000000175e-01 3.762999999999999852e-03 -9.952509999999999968e-01 -9.733799999999999397e-02 -1.291000000000000047e-03
1.400000000000000000e+01 2.100000000000000000e+01 6.000000000000000000e+01 0.000000000000000000e+00 1.600000000000000089e+00 -2.090000000000000115e-04 2.730999999999999921e-03 9.999959999999999960e-01 -9.524199999999999333e-02 9.954499999999999460e-01 -2.739000000000000115e-03 -9.954539999999999500e-01 -9.524199999999999333e-02 5.199999999999999680e-05
2.300000000000000000e+01 2.100000000000000000e+01 6.000000000000000000e+01 0.000000000000000000e+00 1.600000000000000089e+00 1.350000000000000017e-04 3.011999999999999920e-03 9.999959999999999960e-01 -9.610100000000000586e-02 9.953670000000000018e-01 -2.984999999999999806e-03 -9.953720000000000345e-01 -9.610000000000000486e-02 4.240000000000000062e-04
2.700000000000000000e+01 2.100000000000000000e+01 6.000000000000000000e+01 0.000000000000000000e+00 1.600000000000000089e+00 5.999999999999999474e-04 -1.023300000000000078e-02 9.999470000000000303e-01 -9.697100000000000164e-02 9.952339999999999520e-01 1.024300000000000037e-02 -9.952870000000000328e-01 -9.697200000000000264e-02 -3.959999999999999762e-04
2.700000000000000000e+01 6.000000000000000000e+00 6.100000000000000000e+01 0.000000000000000000e+00 1.600000000000000089e+00 -4.060000000000000024e-04 -5.602000000000000209e-03 9.999839999999999840e-01 5.689309999999999645e-01 -8.223740000000000494e-01 -4.375999999999999682e-03 8.223850000000000326e-01 5.689199999999999813e-01 3.520999999999999824e-03
2.800000000000000000e+01 4.800000000000000000e+01 6.100000000000000000e+01 0.000000000000000000e+00 1.600000000000000089e+00 9.314360000000000417e-01 -2.784110000000000196e-01 -2.343359999999999888e-01 3.558640000000000136e-01 5.622549999999999493e-01 7.464790000000000036e-01 -7.607099999999999973e-02 -7.786889999999999645e-01 6.227810000000000290e-01
6.000000000000000000e+00 2.700000000000000000e+01 6.300000000000000000e+01 0.000000000000000000e+00 1.600000000000000089e+00 -1.892000000000000019e-03 -8.094000000000000500e-03 9.999649999999999928e-01 -2.765540000000000220e-01 9.609710000000000196e-01 7.255000000000000164e-03 -9.609969999999999901e-01 -2.765310000000000268e-01 -4.055999999999999710e-03
1.700000000000000000e+01 2.700000000000000000e+01 6.300000000000000000e+01 0.000000000000000000e+00 1.600000000000000089e+00 1.479999999999999925e-04 3.150000000000000131e-04 1.000000000000000000e+00 -2.707160000000000122e-01 9.626590000000000424e-01 -2.629999999999999959e-04 -9.626590000000000424e-01 -2.707149999999999834e-01 2.280000000000000126e-04
2.500000000000000000e+01 2.700000000000000000e+01 6.300000000000000000e+01 0.000000000000000000e+00 1.600000000000000089e+00 2.812999999999999962e-03 -6.864999999999999575e-03 9.999719999999999720e-01 -2.656749999999999945e-01 9.640339999999999465e-01 7.366000000000000152e-03 -9.640589999999999993e-01 -2.656879999999999797e-01 8.880000000000000089e-04
2.800000000000000000e+01 2.700000000000000000e+01 6.300000000000000000e+01 0.000000000000000000e+00 1.600000000000000089e+00 2.827999999999999785e-03 2.187000000000000142e-03 9.999940000000000495e-01 -2.633889999999999842e-01 9.646890000000000187e-01 -1.364999999999999894e-03 -9.646850000000000147e-01 -2.633840000000000070e-01 3.304000000000000079e-03
2.300000000000000000e+01 4.400000000000000000e+01 6.300000000000000000e+01 0.000000000000000000e+00 1.600000000000000089e+00 9.071620000000000239e-01 3.116320000000000201e-01 -2.827410000000000201e-01 4.174439999999999817e-01 -7.509749999999999481e-01 5.116420000000000412e-01 -5.288799999999999751e-02 -5.821709999999999940e-01 -8.113449999999999829e-01
6.000000000000000000e+00 2.600000000000000000e+01 6.400000000000000000e+01 0.000000000000000000e+00 1.600000000000000089e+00 -1.283000000000000069e-03 -9.759999999999999579e-03 9.999519999999999520e-01 -3.672869999999999746e-01 9.300680000000000058e-01 8.607000000000000067e-03 -9.301070000000000171e-01 -3.672579999999999734e-01 -4.779000000000000262e-03
1.100000000000000000e+01 2.600000000000000000e+01 6.400000000000000000e+01 0.000000000000000000e+00 1.600000000000000089e+00 -1.129999999999999955e-04 -1.301000000000000073e-03 9.999989999999999712e-01 -3.623560000000000114e-01 9.320389999999999509e-01 1.172000000000000082e-03 -9.320399999999999796e-01 -3.623560000000000114e-01 -5.770000000000000389e-04
1.700000000000000000e+01 2.600000000000000000e+01 6.400000000000000000e+01 0.000000000000000000e+00 1.600000000000000089e+00 7.370000000000000249e-04 1.379999999999999933e-04 1.000000000000000000e+00 -3.629299999999999748e-01 9.318159999999999776e-01 1.389999999999999905e-04 -9.318159999999999776e-01 -3.629299999999999748e-01 7.360000000000000006e-04
2.500000000000000000e+01 2.600000000000000000e+01 6.400000000000000000e+01 0.000000000000000000e+00 1.600000000000000089e+00 2.713000000000000134e-03 -6.036999999999999832e-03 9.999780000000000335e-01 -3.608069999999999888e-01 9.326170000000000293e-01 6.610000000000000424e-03 -9.326360000000000205e-01 -3.608169999999999988e-01 3.519999999999999908e-04
2.800000000000000000e+01 2.600000000000000000e+01 6.400000000000000000e+01 0.000000000000000000e+00 1.600000000000000089e+00 2.459999999999999947e-03 5.800000000000000034e-05 9.999970000000000248e-01 -3.583049999999999846e-01 9.336039999999999894e-01 8.270000000000000441e-04 -9.336010000000000142e-01 -3.583060000000000134e-01 2.318000000000000182e-03
2.700000000000000000e+01 5.000000000000000000e+01 6.400000000000000000e+01 0.000000000000000000e+00 1.600000000000000089e+00 9.237269999999999648e-01 -1.483760000000000079e-01 -3.531460000000000155e-01 3.789600000000000191e-01 4.883589999999999876e-01 7.860629999999999562e-01 5.582899999999999668e-02 -8.599360000000000337e-01 5.073389999999999844e-01
2.900000000000000000e+01 8.000000000000000000e+01 6.500000000000000000e+01 0.000000000000000000e+00 1.600000000000000089e+00 -9.520999999999999949e-03 1.705100000000000018e-02 9.998089999999999478e-01 -7.927239999999999842e-01 -6.095739999999999492e-01 2.847000000000000138e-03 6.095070000000000210e-01 -7.925459999999999727e-01 1.932000000000000037e-02
1.800000000000000000e+01 8.000000000000000000e+00 6.700000000000000000e+01 0.000000000000000000e+00 1.600000000000000089e+00 -3.684999999999999908e-03 -4.926999999999999956e-03 -9.999810000000000088e-01 -1.383469999999999978e-01 -9.903690000000000548e-01 5.388999999999999693e-03 -9.903769999999999518e-01 1.383649999999999880e-01 2.968000000000000152e-03
1.900000000000000000e+01 7.100000000000000000e+01 7.200000000000000000e+01 0.000000000000000000e+00 1.600000000000000089e+00 7.263410000000000144e-01 5.155170000000000030e-01 4.546109999999999873e-01 -2.955289999999999861e-01 -3.629200000000000204e-01 8.837150000000000283e-01 6.205580000000000540e-01 -7.762289999999999468e-01 -1.112530000000000047e-01
1.000000000000000000e+00 2.500000000000000000e+01 7.300000000000000000e+01 0.000000000000000000e+00 1.600000000000000089e+00 -4.081999999999999691e-03 -1.514199999999999921e-02 9.998770000000000158e-01 7.506239999999999579e-01 -6.606929999999999747e-01 -6.939999999999999988e-03 6.607169999999999987e-01 7.505039999999999489e-01 1.406300000000000085e-02
