2.200000000000000000e+01 2.500000000000000000e+01 1.000000000000000000e+00 0.000000000000000000e+00 1.600000000000000089e+00 -1.544999999999999932e-03 4.180000000000000230e-04 -9.999989999999999712e-01 -5.227500000000000480e-01 -8.524859999999999660e-01 4.510000000000000120e-04 -8.524840000000000195e-01 5.227500000000000480e-01 1.536000000000000039e-03
4.000000000000000000e+00 1.500000000000000000e+01 4.000000000000000000e+00 0.000000000000000000e+00 1.600000000000000089e+00 -4.739999999999999747e-04 7.145999999999999575e-03 9.999740000000000295e-01 3.159589999999999899e-01 -9.487480000000000357e-01 6.930000000000000396e-03 9.487729999999999775e-01 3.159540000000000126e-01 -1.807999999999999928e-03
1.100000000000000000e+01 1.500000000000000000e+01 4.000000000000000000e+00 0.000000000000000000e+00 1.600000000000000089e+00 -1.240000000000000000e-03 -7.636999999999999691e-03 9.999700000000000255e-01 3.136289999999999911e-01 -9.495209999999999484e-01 -6.863000000000000177e-03 9.495449999999999724e-01 3.136109999999999731e-01 3.572999999999999787e-03
1.300000000000000000e+01 1.500000000000000000e+01 4.000000000000000000e+00 0.000000000000000000e+00 1.600000000000000089e+00 9.319999999999999942e-04 -4.303999999999999666e-03 9.999900000000000455e-01 3.143070000000000030e-01 -9.493110000000000159e-01 -4.379000000000000080e-03 9.493209999999999704e-01 3.143079999999999763e-01 4.679999999999999915e-04
1.700000000000000000e+01 1.500000000000000000e+01 4.000000000000000000e+00 0.000000000000000000e+00 1.600000000000000089e+00 3.661999999999999891e-03 4.687000000000000194e-03 9.999820000000000375e-01 3.144159999999999733e-01 -9.492800000000000127e-01 3.298000000000000150e-03 9.492779999999999552e-01 3.143980000000000108e-01 -4.950000000000000407e-03
2.200000000000000000e+01 1.500000000000000000e+01 4.000000000000000000e+00 0.000000000000000000e+00 1.600000000000000089e+00 2.818999999999999891e-03 -3.712000000000000022e-03 9.999890000000000168e-01 3.176120000000000054e-01 -9.482099999999999973e-01 -4.414999999999999654e-03 9.482159999999999478e-01 3.176209999999999867e-01 -1.494000000000000102e-03
2.600000000000000000e+01 1.500000000000000000e+01 4.000000000000000000e+00 0.000000000000000000e+00 1.600000000000000089e+00 3.031999999999999973e-03 -4.616000000000000311e-03 9.999850000000000128e-01 3.195859999999999812e-01 -9.475419999999999954e-01 -5.342999999999999659e-03 9.475529999999999786e-01 3.195970000000000200e-01 -1.397999999999999937e-03
1.800000000000000000e+01 4.000000000000000000e+00 5.000000000000000000e+00 0.000000000000000000e+00 1.600000000000000089e+00 -8.533000000000000654e-03 -2.060800000000000132e-02 9.997509999999999453e-01 2.224299999999999888e-01 -9.747789999999999511e-01 -1.819499999999999937e-02 9.749109999999999721e-01 2.222189999999999999e-01 1.290200000000000027e-02
3.000000000000000000e+00 1.010000000000000000e+02 7.000000000000000000e+00 0.000000000000000000e+00 1.600000000000000089e+00 1.015000000000000060e-03 2.991000000000000169e-03 9.999949999999999672e-01 8.860729999999999995e-01 4.635389999999999788e-01 -2.285999999999999838e-03 -4.635440000000000116e-01 8.860710000000000530e-01 -2.180000000000000080e-03
7.000000000000000000e+00 1.010000000000000000e+02 7.000000000000000000e+00 0.000000000000000000e+00 1.600000000000000089e+00 3.556999999999999832e-03 8.850000000000000228e-03 9.999540000000000095e-01 8.876749999999999918e-01 4.604139999999999899e-01 -7.232999999999999846e-03 -4.604570000000000052e-01 8.876600000000000046e-01 -6.217999999999999569e-03
1.100000000000000000e+01 1.010000000000000000e+02 7.000000000000000000e+00 0.000000000000000000e+00 1.600000000000000089e+00 7.759999999999999971e-04 -7.342999999999999701e-03 9.999730000000000008e-01 8.890599999999999614e-01 4.577820000000000222e-01 2.671999999999999896e-03 -4.577890000000000015e-01 8.890339999999999909e-01 6.884000000000000362e-03
1.400000000000000000e+01 1.010000000000000000e+02 7.000000000000000000e+00 0.000000000000000000e+00 1.600000000000000089e+00 -9.340000000000000429e-04 -1.027299999999999915e-02 9.999470000000000303e-01 8.898859999999999548e-01 4.561490000000000267e-01 5.517000000000000202e-03 -4.561819999999999764e-01 8.898439999999999683e-01 8.715000000000000524e-03
2.000000000000000000e+00 2.500000000000000000e+01 8.000000000000000000e+00 0.000000000000000000e+00 1.600000000000000089e+00 -6.359999999999999551e-04 7.389999999999999651e-04 -1.000000000000000000e+00 4.489830000000000210e-01 8.935400000000000009e-01 3.750000000000000078e-04 8.935400000000000009e-01 -4.489830000000000210e-01 -8.999999999999999754e-04
1.200000000000000000e+01 2.500000000000000000e+01 8.000000000000000000e+00 0.000000000000000000e+00 1.600000000000000089e+00 -1.440000000000000036e-04 -4.093000000000000284e-03 -9.999919999999999920e-01 4.490359999999999907e-01 8.935060000000000224e-01 -3.722000000000000048e-03 8.935140000000000304e-01 -4.490330000000000155e-01 1.709000000000000016e-03
1.600000000000000000e+01 2.500000000000000000e+01 8.000000000000000000e+00 0.000000000000000000e+00 1.600000000000000089e+00 5.980000000000000072e-04 -4.590000000000000330e-03 -9.999890000000000168e-01 4.493289999999999784e-01 8.933579999999999854e-01 -3.831999999999999903e-03 8.933659999999999934e-01 -4.493219999999999992e-01 2.596999999999999916e-03
2.000000000000000000e+01 2.500000000000000000e+01 8.000000000000000000e+00 0.000000000000000000e+00 1.600000000000000089e+00 1.884000000000000041e-03 2.991999999999999868e-03 -9.999940000000000495e-01 4.490450000000000275e-01 8.935020000000000184e-01 3.518999999999999993e-03 8.935070000000000512e-01 -4.490489999999999760e-01 3.400000000000000244e-04
2.600000000000000000e+01 2.500000000000000000e+01 8.000000000000000000e+00 0.000000000000000000e+00 1.600000000000000089e+00 7.420000000000000380e-04 -5.299999999999999807e-04 -1.000000000000000000e+00 4.480850000000000111e-01 8.939909999999999801e-01 -1.410000000000000120e-04 8.939909999999999801e-01 -4.480850000000000111e-01 9.009999999999999997e-04
4.000000000000000000e+00 2.400000000000000000e+01 9.000000000000000000e+00 0.000000000000000000e+00 1.600000000000000089e+00 -8.800000000000000313e-04 4.388999999999999672e-03 -9.999900000000000455e-01 4.546950000000000158e-01 8.906399999999999872e-01 3.508999999999999966e-03 8.906469999999999665e-01 -4.546870000000000078e-01 -2.778999999999999786e-03
1.200000000000000000e+01 2.400000000000000000e+01 9.000000000000000000e+00 0.000000000000000000e+00 1.600000000000000089e+00 3.399999999999999973e-05 -4.433000000000000308e-03 -9.999900000000000455e-01 4.534869999999999735e-01 8.912539999999999907e-01 -3.935000000000000130e-03 8.912630000000000274e-01 -4.534819999999999962e-01 2.040000000000000147e-03
2.000000000000000000e+01 2.400000000000000000e+01 9.000000000000000000e+00 0.000000000000000000e+00 1.600000000000000089e+00 1.887000000000000005e-03 5.016999999999999758e-03 -9.999860000000000415e-01 4.535319999999999907e-01 8.912240000000000162e-01 5.327000000000000138e-03 8.912379999999999747e-01 -4.535350000000000215e-01 -5.929999999999999941e-04
2.600000000000000000e+01 2.400000000000000000e+01 9.000000000000000000e+00 0.000000000000000000e+00 1.600000000000000089e+00 7.420000000000000380e-04 -1.720000000000000066e-04 -1.000000000000000000e+00 4.530899999999999928e-01 8.914649999999999519e-01 1.830000000000000029e-04 8.914640000000000342e-01 -4.530899999999999928e-01 7.389999999999999651e-04
2.000000000000000000e+00 3.100000000000000000e+01 1.200000000000000000e+01 0.000000000000000000e+00 1.600000000000000089e+00 1.409000000000000096e-03 3.854999999999999920e-03 9.999919999999999920e-01 2.190000000000000106e-04 9.999930000000000208e-01 -3.854999999999999920e-03 -9.999989999999999712e-01 2.239999999999999966e-04 1.407999999999999963e-03
1.500000000000000000e+01 3.100000000000000000e+01 1.200000000000000000e+01 0.000000000000000000e+00 1.600000000000000089e+00 -1.497999999999999983e-03 -4.923000000000000292e-03 9.999869999999999592e-01 -2.586999999999999890e-03 9.999850000000000128e-01 4.918999999999999762e-03 -9.999959999999999960e-01 -2.579999999999999828e-03 -1.510000000000000057e-03
1.800000000000000000e+01 3.100000000000000000e+01 1.200000000000000000e+01 0.000000000000000000e+00 1.600000000000000089e+00 -1.116000000000000021e-03 -2.723999999999999859e-03 9.999959999999999960e-01 6.999999999999999387e-05 9.999959999999999960e-01 2.723999999999999859e-03 -9.999989999999999712e-01 7.299999999999999903e-05 -1.116000000000000021e-03
2.100000000000000000e+01 3.100000000000000000e+01 1.200000000000000000e+01 0.000000000000000000e+00 1.600000000000000089e+00 -4.510000000000000120e-04 -2.220000000000000022e-04 1.000000000000000000e+00 1.750000000000000036e-03 9.999980000000000535e-01 2.229999999999999994e-04 -9.999980000000000535e-01 1.750000000000000036e-03 -4.499999999999999877e-04
2.500000000000000000e+01 3.100000000000000000e+01 1.200000000000000000e+01 0.000000000000000000e+00 1.600000000000000089e+00 2.086999999999999880e-03 4.549000000000000092e-03 9.999869999999999592e-01 3.171999999999999906e-03 9.999850000000000128e-01 -4.556000000000000154e-03 -9.999930000000000208e-01 3.180999999999999800e-03 2.073000000000000190e-03
7.000000000000000000e+00 3.200000000000000000e+01 1.400000000000000000e+01 0.000000000000000000e+00 1.600000000000000089e+00 1.630000000000000047e-04 4.385000000000000009e-03 -9.999900000000000455e-01 1.061349999999999932e-01 9.943419999999999481e-01 4.377999999999999947e-03 9.943520000000000136e-01 -1.061349999999999932e-01 -3.029999999999999924e-04
2.000000000000000000e+00 1.160000000000000000e+02 1.600000000000000000e+01 0.000000000000000000e+00 1.600000000000000089e+00 5.310000000000000050e-04 1.704000000000000003e-03 9.999980000000000535e-01 7.024869999999999726e-01 7.116949999999999665e-01 -1.585000000000000037e-03 -7.116959999999999953e-01 7.024869999999999726e-01 -8.189999999999999581e-04
2.900000000000000000e+01 1.160000000000000000e+02 1.600000000000000000e+01 0.000000000000000000e+00 1.600000000000000089e+00 1.386999999999999995e-03 2.877999999999999916e-03 9.999949999999999672e-01 6.659249999999999892e-01 7.460120000000000084e-01 -3.070999999999999945e-03 -7.460179999999999589e-01 6.659260000000000179e-01 -8.819999999999999715e-04
4.000000000000000000e+00 2.000000000000000000e+00 1.900000000000000000e+01 0.000000000000000000e+00 1.600000000000000089e+00 2.723000000000000160e-03 -7.739999999999999485e-04 -9.999959999999999960e-01 1.906529999999999891e-01 -9.816570000000000018e-01 1.278999999999999972e-03 -9.816540000000000266e-01 -1.906559999999999921e-01 -2.526000000000000034e-03
8.000000000000000000e+00 2.000000000000000000e+00 1.900000000000000000e+01 0.000000000000000000e+00 1.600000000000000089e+00 -7.770000000000000214e-04 -1.338999999999999913e-03 -9.999989999999999712e-01 1.927119999999999944e-01 -9.812549999999999883e-01 1.164000000000000104e-03 -9.812549999999999883e-01 -1.927109999999999934e-01 1.020999999999999989e-03
1.400000000000000000e+01 2.000000000000000000e+00 1.900000000000000000e+01 0.000000000000000000e+00 1.600000000000000089e+00 -1.575000000000000011e-03 -2.714999999999999965e-03 -9.999949999999999672e-01 1.957119999999999971e-01 -9.806589999999999474e-01 2.354999999999999889e-03 -9.806599999999999762e-01 -1.957079999999999931e-01 2.076000000000000154e-03
2.000000000000000000e+01 2.000000000000000000e+00 1.900000000000000000e+01 0.000000000000000000e+00 1.600000000000000089e+00 -1.020999999999999989e-03 -9.048000000000000487e-03 -9.999590000000000423e-01 1.950030000000000097e-01 -9.807639999999999691e-01 8.675000000000000419e-03 -9.808019999999999516e-01 -1.949859999999999927e-01 2.765999999999999796e-03
2.400000000000000000e+01 2.000000000000000000e+00 1.900000000000000000e+01 0.000000000000000000e+00 1.600000000000000089e+00 -9.100000000000000287e-05 8.170000000000000179e-04 -1.000000000000000000e+00 1.930089999999999861e-01 -9.811969999999999859e-01 -8.189999999999999581e-04 -9.811969999999999859e-01 -1.930089999999999861e-01 -6.899999999999999667e-05
1.000000000000000000e+01 4.000000000000000000e+00 2.000000000000000000e+01 0.000000000000000000e+00 1.600000000000000089e+00 -3.033999999999999805e-03 -2.883999999999999845e-03 -9.999909999999999632e-01 3.068429999999999769e-01 -9.517579999999999929e-01 1.814000000000000074e-03 -9.517550000000000177e-01 -3.068350000000000244e-01 3.772999999999999878e-03
1.700000000000000000e+01 4.000000000000000000e+00 2.000000000000000000e+01 0.000000000000000000e+00 1.600000000000000089e+00 -4.020000000000000136e-04 -5.457000000000000045e-03 -9.999850000000000128e-01 3.063230000000000119e-01 -9.519140000000000379e-01 5.072000000000000119e-03 -9.519279999999999964e-01 -3.063159999999999772e-01 2.053999999999999836e-03
5.000000000000000000e+00 1.300000000000000000e+01 2.000000000000000000e+01 0.000000000000000000e+00 1.600000000000000089e+00 1.820000000000000057e-04 6.729999999999999871e-04 1.000000000000000000e+00 2.593820000000000014e-01 9.657740000000000213e-01 -6.970000000000000284e-04 -9.657750000000000501e-01 2.593820000000000014e-01 9.999999999999999547e-07
1.000000000000000000e+01 1.300000000000000000e+01 2.000000000000000000e+01 0.000000000000000000e+00 1.600000000000000089e+00 2.759999999999999867e-04 -1.407999999999999963e-03 9.999989999999999712e-01 2.583770000000000233e-01 9.660429999999999851e-01 1.288000000000000082e-03 -9.660440000000000138e-01 2.583759999999999946e-01 6.310000000000000504e-04
1.300000000000000000e+01 1.300000000000000000e+01 2.000000000000000000e+01 0.000000000000000000e+00 1.600000000000000089e+00 -9.740000000000000394e-04 7.479999999999999670e-04 9.999989999999999712e-01 2.577269999999999839e-01 9.662180000000000213e-01 -4.719999999999999803e-04 -9.662169999999999925e-01 2.577260000000000106e-01 -1.134000000000000025e-03
2.700000000000000000e+01 1.300000000000000000e+01 2.000000000000000000e+01 0.000000000000000000e+00 1.600000000000000089e+00 -1.314000000000000064e-03 -3.298000000000000150e-03 9.999940000000000495e-01 2.574219999999999842e-01 9.662929999999999575e-01 3.524999999999999922e-03 -9.662979999999999903e-01 2.574250000000000149e-01 -4.200000000000000174e-04
2.000000000000000000e+00 3.000000000000000000e+00 2.500000000000000000e+01 0.000000000000000000e+00 1.600000000000000089e+00 3.119999999999999944e-04 -1.689999999999999879e-04 1.000000000000000000e+00 -6.012900000000000189e-02 -9.981910000000000505e-01 -1.499999999999999869e-04 9.981910000000000505e-01 -6.012900000000000189e-02 -3.220000000000000206e-04
1.000000000000000000e+01 3.000000000000000000e+00 2.500000000000000000e+01 0.000000000000000000e+00 1.600000000000000089e+00 -3.000000000000000076e-05 -2.168999999999999921e-03 9.999980000000000535e-01 -6.919400000000000550e-02 -9.976009999999999600e-01 -2.165999999999999957e-03 9.976030000000000175e-01 -6.919400000000000550e-02 -1.200000000000000030e-04
1.600000000000000000e+01 3.000000000000000000e+00 2.500000000000000000e+01 0.000000000000000000e+00 1.600000000000000089e+00 -4.341000000000000240e-03 -8.144000000000000197e-03 9.999569999999999848e-01 -6.634199999999999819e-02 -9.977610000000000090e-01 -8.413999999999999604e-03 9.977880000000000082e-01 -6.637500000000000344e-02 3.791000000000000099e-03
1.900000000000000000e+01 3.000000000000000000e+00 2.500000000000000000e+01 0.000000000000000000e+00 1.600000000000000089e+00 -2.935999999999999808e-03 -7.710999999999999972e-03 9.999660000000000215e-01 -6.827600000000000335e-02 -9.976350000000000495e-01 -7.893000000000000710e-03 9.976620000000000488e-01 -6.829599999999999560e-02 2.402000000000000055e-03
2.200000000000000000e+01 3.000000000000000000e+00 2.500000000000000000e+01 0.000000000000000000e+00 1.600000000000000089e+00 1.979999999999999989e-03 -4.579999999999999870e-03 9.999879999999999880e-01 -7.414300000000000057e-02 -9.972379999999999578e-01 -4.420999999999999583e-03 9.972459999999999658e-01 -7.413300000000000445e-02 -2.314999999999999784e-03
3.000000000000000000e+01 3.000000000000000000e+00 2.500000000000000000e+01 0.000000000000000000e+00 1.600000000000000089e+00 9.160000000000000390e-04 -1.476300000000000008e-02 9.998909999999999743e-01 -7.275399999999999923e-02 -9.972419999999999618e-01 -1.465699999999999989e-02 9.973499999999999588e-01 -7.273300000000000598e-02 -1.987000000000000051e-03
1.000000000000000000e+00 4.600000000000000000e+01 2.700000000000000000e+01 0.000000000000000000e+00 1.600000000000000089e+00 1.904000000000000093e-03 9.489999999999999738e-04 -9.999980000000000535e-01 6.751599999999999824e-01 7.376679999999999904e-01 1.985999999999999918e-03 7.376690000000000191e-01 -6.751629999999999576e-01 7.640000000000000306e-04
5.000000000000000000e+00 4.600000000000000000e+01 2.700000000000000000e+01 0.000000000000000000e+00 1.600000000000000089e+00 1.338999999999999913e-03 -3.200000000000000262e-04 -9.999989999999999712e-01 6.773670000000000524e-01 7.356449999999999934e-01 6.719999999999999628e-04 7.356439999999999646e-01 -6.773670000000000524e-01 1.201000000000000028e-03
3.000000000000000000e+00 5.800000000000000000e+01 3.100000000000000000e+01 0.000000000000000000e+00 1.600000000000000089e+00 -3.139999999999999996e-03 -3.869999999999999742e-04 9.999949999999999672e-01 -8.086520000000000374e-01 -5.882800000000000251e-01 -2.765999999999999796e-03 5.882789999999999964e-01 -8.086569999999999592e-01 1.533999999999999990e-03
1.000000000000000000e+01 5.800000000000000000e+01 3.100000000000000000e+01 0.000000000000000000e+00 1.600000000000000089e+00 -6.319999999999999663e-04 1.425999999999999967e-03 9.999989999999999712e-01 -8.120159999999999600e-01 -5.836360000000000436e-01 3.190000000000000019e-04 5.836350000000000149e-01 -8.120140000000000136e-01 1.526999999999999929e-03
1.900000000000000000e+01 5.800000000000000000e+01 3.100000000000000000e+01 0.000000000000000000e+00 1.600000000000000089e+00 -1.358999999999999965e-03 2.331000000000000173e-03 9.999959999999999960e-01 -8.070270000000000499e-01 -5.905150000000000121e-01 2.799999999999999755e-04 5.905129999999999546e-01 -8.070230000000000459e-01 2.683000000000000055e-03
2.300000000000000000e+01 5.800000000000000000e+01 3.100000000000000000e+01 0.000000000000000000e+00 1.600000000000000089e+00 -2.912000000000000092e-03 7.269999999999999987e-04 9.999949999999999672e-01 -8.066910000000000469e-01 -5.909699999999999953e-01 -1.918999999999999916e-03 5.909659999999999913e-01 -8.066929999999999934e-01 2.307000000000000023e-03
4.000000000000000000e+00 4.600000000000000000e+01 3.500000000000000000e+01 0.000000000000000000e+00 1.600000000000000089e+00 -4.879999999999999898e-04 -1.118000000000000070e-03 -9.999989999999999712e-01 3.916499999999999981e-01 -9.201139999999999874e-01 8.379999999999999862e-04 -9.201139999999999874e-01 -3.916490000000000249e-01 8.869999999999999846e-04
1.000000000000000000e+01 4.600000000000000000e+01 3.500000000000000000e+01 0.000000000000000000e+00 1.600000000000000089e+00 5.990000000000000316e-04 -6.930000000000000396e-04 -1.000000000000000000e+00 3.915669999999999984e-01 -9.201489999999999947e-01 8.720000000000000537e-04 -9.201489999999999947e-01 -3.915669999999999984e-01 -2.799999999999999755e-04
1.600000000000000000e+01 4.600000000000000000e+01 3.500000000000000000e+01 0.000000000000000000e+00 1.600000000000000089e+00 -6.310000000000000504e-04 -5.624999999999999792e-03 -9.999839999999999840e-01 3.926660000000000150e-01 -9.196680000000000410e-01 4.925999999999999823e-03 -9.196809999999999707e-01 -3.926569999999999783e-01 2.788999999999999813e-03
2.000000000000000000e+01 4.600000000000000000e+01 3.500000000000000000e+01 0.000000000000000000e+00 1.600000000000000089e+00 -2.880000000000000073e-04 9.179999999999999792e-04 -1.000000000000000000e+00 3.928010000000000113e-01 -9.196229999999999682e-01 -9.569999999999999514e-04 -9.196229999999999682e-01 -3.928010000000000113e-01 -9.600000000000000243e-05
2.400000000000000000e+01 4.600000000000000000e+01 3.500000000000000000e+01 0.000000000000000000e+00 1.600000000000000089e+00 -1.119999999999999983e-04 4.294000000000000074e-03 -9.999909999999999632e-01 3.912320000000000242e-01 -9.202829999999999622e-01 -3.995000000000000287e-03 -9.202919999999999989e-01 -3.912289999999999934e-01 -1.575999999999999927e-03
5.000000000000000000e+00 9.500000000000000000e+01 3.600000000000000000e+01 0.000000000000000000e+00 1.600000000000000089e+00 2.468000000000000142e-03 -2.027500000000000135e-02 9.997909999999999853e-01 9.969580000000000108e-01 7.793799999999999339e-02 -8.800000000000000313e-04 -7.790300000000000002e-02 9.967519999999999714e-01 2.040499999999999953e-02
7.000000000000000000e+00 2.900000000000000000e+01 4.400000000000000000e+01 0.000000000000000000e+00 1.600000000000000089e+00 -9.359999999999999831e-04 -5.106000000000000295e-03 -9.999869999999999592e-01 6.662550000000000416e-01 7.457099999999999840e-01 -4.431000000000000043e-03 7.457230000000000247e-01 -6.662510000000000376e-01 2.703999999999999806e-03
1.000000000000000000e+01 2.900000000000000000e+01 4.400000000000000000e+01 0.000000000000000000e+00 1.600000000000000089e+00 -2.730000000000000222e-04 -5.279999999999999971e-03 -9.999860000000000415e-01 6.646980000000000111e-01 7.471010000000000151e-01 -4.126000000000000327e-03 7.471119999999999983e-01 -6.646900000000000031e-01 3.305000000000000212e-03
1.500000000000000000e+01 2.900000000000000000e+01 4.400000000000000000e+01 0.000000000000000000e+00 1.600000000000000089e+00 1.173999999999999913e-03 1.683000000000000034e-03 -9.999980000000000535e-01 6.566940000000000000e-01 7.541539999999999910e-01 2.040000000000000147e-03 7.541560000000000485e-01 -6.566950000000000287e-01 -2.200000000000000078e-04
2.000000000000000000e+01 2.900000000000000000e+01 4.400000000000000000e+01 0.000000000000000000e+00 1.600000000000000089e+00 5.159999999999999656e-04 -6.430000000000000169e-04 -1.000000000000000000e+00 6.596610000000000529e-01 7.515629999999999811e-01 -1.430000000000000064e-04 7.515629999999999811e-01 -6.596610000000000529e-01 8.120000000000000048e-04
2.400000000000000000e+01 2.900000000000000000e+01 4.400000000000000000e+01 0.000000000000000000e+00 1.600000000000000089e+00 -2.169999999999999891e-04 -9.970000000000000563e-04 -9.999989999999999712e-01 6.632730000000000015e-01 7.483769999999999589e-01 -8.890000000000000333e-04 7.483769999999999589e-01 -6.632730000000000015e-01 4.989999999999999861e-04
2.800000000000000000e+01 2.900000000000000000e+01 4.400000000000000000e+01 0.000000000000000000e+00 1.600000000000000089e+00 -8.490000000000000368e-04 4.920000000000000328e-04 -1.000000000000000000e+00 6.610510000000000552e-01 7.503410000000000357e-01 -1.920000000000000049e-04 7.503400000000000070e-01 -6.610510000000000552e-01 -9.629999999999999888e-04
3.000000000000000000e+00 5.000000000000000000e+00 5.100000000000000000e+01 0.000000000000000000e+00 1.600000000000000089e+00 -8.890000000000000333e-04 -3.553000000000000169e-03 -9.999930000000000208e-01 4.854330000000000034e-01 -8.742699999999999916e-01 2.674999999999999861e-03 -8.742739999999999956e-01 -4.854269999999999974e-01 2.503000000000000017e-03
8.000000000000000000e+00 5.000000000000000000e+00 5.100000000000000000e+01 0.000000000000000000e+00 1.600000000000000089e+00 -4.470000000000000232e-04 -5.760000000000000146e-04 -1.000000000000000000e+00 4.828569999999999807e-01 -8.756990000000000052e-01 2.880000000000000073e-04 -8.756990000000000052e-01 -4.828569999999999807e-01 6.700000000000000226e-04
1.600000000000000000e+01 5.000000000000000000e+00 5.100000000000000000e+01 0.000000000000000000e+00 1.600000000000000089e+00 -1.381000000000000066e-03 -4.330999999999999781e-03 -9.999900000000000455e-01 4.904470000000000218e-01 -8.714659999999999629e-01 3.096999999999999927e-03 -8.714699999999999669e-01 -4.904379999999999851e-01 3.327000000000000096e-03
2.300000000000000000e+01 5.000000000000000000e+00 5.100000000000000000e+01 0.000000000000000000e+00 1.600000000000000089e+00 -1.471000000000000085e-03 -6.250000000000000347e-03 -9.999789999999999512e-01 4.955669999999999797e-01 -8.685570000000000235e-01 4.699000000000000052e-03 -8.685680000000000067e-01 -4.955499999999999905e-01 4.375000000000000416e-03
2.700000000000000000e+01 5.000000000000000000e+00 5.100000000000000000e+01 0.000000000000000000e+00 1.600000000000000089e+00 2.743999999999999911e-03 -1.971000000000000096e-03 -9.999940000000000495e-01 4.943370000000000264e-01 -8.692649999999999544e-01 3.069999999999999812e-03 -8.692659999999999831e-01 -4.943429999999999769e-01 -1.410999999999999928e-03
1.000000000000000000e+00 6.300000000000000000e+01 5.400000000000000000e+01 0.000000000000000000e+00 1.600000000000000089e+00 -2.173000000000000018e-03 -1.232999999999999938e-03 9.999970000000000248e-01 -3.499329999999999941e-01 9.367750000000000243e-01 3.950000000000000061e-04 -9.367720000000000491e-01 -3.499309999999999921e-01 -2.468000000000000142e-03
6.000000000000000000e+00 6.300000000000000000e+01 5.400000000000000000e+01 0.000000000000000000e+00 1.600000000000000089e+00 -5.429999999999999714e-04 1.521000000000000000e-03 9.999989999999999712e-01 -3.496969999999999801e-01 9.368619999999999726e-01 -1.614999999999999899e-03 -9.368630000000000013e-01 -3.496969999999999801e-01 2.400000000000000061e-05
1.500000000000000000e+01 6.300000000000000000e+01 5.400000000000000000e+01 0.000000000000000000e+00 1.600000000000000089e+00 1.677000000000000105e-03 4.508999999999999987e-03 9.999879999999999880e-01 -3.544240000000000168e-01 9.350779999999999648e-01 -3.621999999999999786e-03 -9.350829999999999975e-01 -3.544140000000000068e-01 3.167000000000000110e-03
2.300000000000000000e+01 2.500000000000000000e+01 5.500000000000000000e+01 0.000000000000000000e+00 1.600000000000000089e+00 2.883999999999999845e-03 -8.180000000000000422e-04 -9.999949999999999672e-01 -1.430599999999999927e-02 -9.998970000000000358e-01 7.770000000000000214e-04 -9.998930000000000318e-01 1.430400000000000074e-02 -2.895000000000000004e-03
1.200000000000000000e+01 2.000000000000000000e+01 6.000000000000000000e+01 0.000000000000000000e+00 1.600000000000000089e+00 -5.863000000000000156e-03 1.248999999999999893e-03 9.999820000000000375e-01 -4.900600000000000095e-02 9.987970000000000459e-01 -1.534999999999999906e-03 -9.987810000000000299e-01 -4.901400000000000201e-02 -5.794999999999999804e-03
1.700000000000000000e+01 2.100000000000000000e+01 6.000000000000000000e+01 0.000000000000000000e+00 1.600000000000000089e+00 -5.714000000000000329e-03 5.075999999999999783e-03 9.999710000000000543e-01 -9.500599999999999323e-02 9.954610000000000403e-01 -5.596000000000000280e-03 -9.954600000000000115e-01 -9.503499999999999448e-02 -5.205999999999999690e-03
2.300000000000000000e+01 2.100000000000000000e+01 6.000000000000000000e+01 0.000000000000000000e+00 1.600000000000000089e+00 2.972999999999999948e-03 1.216000000000000067e-03 9.999949999999999672e-01 -9.692499999999999727e-02 9.952910000000000368e-01 -9.219999999999999680e-04 -9.952870000000000328e-01 -9.692199999999999427e-02 3.076000000000000175e-03
2.800000000000000000e+01 2.100000000000000000e+01 6.000000000000000000e+01 0.000000000000000000e+00 1.600000000000000089e+00 -6.283999999999999655e-03 -6.336999999999999751e-03 9.999599999999999600e-01 -9.618500000000000660e-02 9.953469999999999818e-01 5.702999999999999736e-03 -9.953440000000000065e-01 -9.614499999999999436e-02 -6.864999999999999575e-03
3.000000000000000000e+00 3.000000000000000000e+00 6.300000000000000000e+01 0.000000000000000000e+00 1.600000000000000089e+00 1.747000000000000072e-03 -1.918000000000000000e-03 9.999970000000000248e-01 -6.161729999999999707e-01 7.876069999999999460e-01 2.586999999999999890e-03 -7.876090000000000035e-01 -6.161750000000000282e-01 1.939999999999999993e-04
7.000000000000000000e+00 2.700000000000000000e+01 6.300000000000000000e+01 0.000000000000000000e+00 1.600000000000000089e+00 6.045000000000000026e-03 1.015000000000000060e-03 9.999810000000000088e-01 -2.846409999999999774e-01 9.586339999999999861e-01 7.479999999999999670e-04 -9.586149999999999949e-01 -2.846400000000000041e-01 6.083999999999999998e-03
1.000000000000000000e+01 2.700000000000000000e+01 6.300000000000000000e+01 0.000000000000000000e+00 1.600000000000000089e+00 3.510000000000000099e-03 3.285000000000000159e-03 9.999879999999999880e-01 -2.886329999999999729e-01 9.574380000000000113e-01 -2.132000000000000214e-03 -9.574340000000000073e-01 -2.886219999999999897e-01 4.309000000000000330e-03
1.700000000000000000e+01 2.700000000000000000e+01 6.300000000000000000e+01 0.000000000000000000e+00 1.600000000000000089e+00 -5.296999999999999625e-03 1.067000000000000023e-03 9.999850000000000128e-01 -2.703389999999999960e-01 9.627620000000000067e-01 -2.459999999999999947e-03 -9.627510000000000234e-01 -2.703479999999999772e-01 -4.812000000000000305e-03
2.100000000000000000e+01 2.700000000000000000e+01 6.300000000000000000e+01 0.000000000000000000e+00 1.600000000000000089e+00 2.001999999999999873e-03 1.962999999999999901e-03 9.999959999999999960e-01 -2.681160000000000210e-01 9.633859999999999646e-01 -1.353999999999999952e-03 -9.633850000000000469e-01 -2.681120000000000170e-01 2.455000000000000151e-03
2.600000000000000000e+01 2.700000000000000000e+01 6.300000000000000000e+01 0.000000000000000000e+00 1.600000000000000089e+00 -2.349999999999999930e-04 9.810000000000001011e-04 9.999989999999999712e-01 -2.683300000000000129e-01 9.633260000000000156e-01 -1.007999999999999998e-03 -9.633270000000000444e-01 -2.683309999999999862e-01 3.699999999999999811e-05
1.000000000000000000e+01 2.600000000000000000e+01 6.400000000000000000e+01 0.000000000000000000e+00 1.600000000000000089e+00 5.559999999999999838e-03 8.245000000000000592e-03 9.999510000000000343e-01 -3.780029999999999779e-01 9.257880000000000553e-01 -5.531999999999999591e-03 -9.257880000000000553e-01 -3.779529999999999834e-01 8.264999999999999777e-03
2.000000000000000000e+01 2.600000000000000000e+01 6.400000000000000000e+01 0.000000000000000000e+00 1.600000000000000089e+00 7.640000000000000306e-04 -4.500000000000000283e-05 1.000000000000000000e+00 -3.450409999999999866e-01 9.385879999999999779e-01 3.060000000000000111e-04 -9.385869999999999491e-01 -3.450409999999999866e-01 7.020000000000000415e-04
3.000000000000000000e+01 2.600000000000000000e+01 6.400000000000000000e+01 0.000000000000000000e+00 1.600000000000000089e+00 -1.575999999999999927e-03 -3.063000000000000184e-03 9.999940000000000495e-01 -3.451230000000000131e-01 9.385550000000000281e-01 2.331000000000000173e-03 -9.385559999999999459e-01 -3.451170000000000071e-01 -2.537000000000000192e-03
1.000000000000000000e+01 6.900000000000000000e+01 6.600000000000000000e+01 0.000000000000000000e+00 1.600000000000000089e+00 -3.321000000000000167e-03 3.514000000000000196e-03 9.999879999999999880e-01 -9.499220000000000441e-01 3.124589999999999868e-01 -4.252999999999999836e-03 -3.124700000000000255e-01 -9.499250000000000194e-01 2.301000000000000094e-03
8.000000000000000000e+00 2.500000000000000000e+01 7.300000000000000000e+01 0.000000000000000000e+00 1.600000000000000089e+00 -1.678000000000000021e-03 -4.589999999999999896e-04 9.999989999999999712e-01 7.444460000000000521e-01 -6.676819999999999977e-01 9.430000000000000448e-04 6.676809999999999690e-01 7.444460000000000521e-01 1.461999999999999975e-03
1.200000000000000000e+01 2.500000000000000000e+01 7.300000000000000000e+01 0.000000000000000000e+00 1.600000000000000089e+00 1.230000000000000082e-04 -2.099000000000000171e-03 9.999980000000000535e-01 7.458289999999999642e-01 -6.661359999999999504e-01 -1.490000000000000005e-03 6.661369999999999791e-01 7.458280000000000465e-01 1.484000000000000076e-03
2.800000000000000000e+01 2.500000000000000000e+01 7.300000000000000000e+01 0.000000000000000000e+00 1.600000000000000089e+00 -2.748400000000000148e-02 -2.674199999999999841e-02 9.992640000000000411e-01 7.605480000000000018e-01 -6.492719999999999603e-01 3.543000000000000142e-03 6.487000000000000544e-01 7.600860000000000394e-01 3.818300000000000166e-02
5.000000000000000000e+00 4.400000000000000000e+01 7.300000000000000000e+01 0.000000000000000000e+00 1.600000000000000089e+00 -1.062999999999999926e-03 -1.240000000000000000e-03 9.999989999999999712e-01 5.027600000000000124e-02 -9.987350000000000394e-01 -1.185000000000000072e-03 9.987350000000000394e-01 5.027500000000000024e-02 1.123999999999999999e-03
8.000000000000000000e+00 4.400000000000000000e+01 7.300000000000000000e+01 0.000000000000000000e+00 1.600000000000000089e+00 -3.959999999999999762e-04 -1.075999999999999917e-03 9.999989999999999712e-01 5.008599999999999858e-02 -9.987439999999999651e-01 -1.054000000000000032e-03 9.987449999999999939e-01 5.008599999999999858e-02 4.499999999999999877e-04
1.100000000000000000e+01 4.400000000000000000e+01 7.300000000000000000e+01 0.000000000000000000e+00 1.600000000000000089e+00 -1.459999999999999926e-03 -1.392000000000000008e-03 9.999980000000000535e-01 5.074100000000000138e-02 -9.987110000000000154e-01 -1.315999999999999896e-03 9.987110000000000154e-01 5.073899999999999938e-02 1.528999999999999977e-03
1.900000000000000000e+01 4.400000000000000000e+01 7.300000000000000000e+01 0.000000000000000000e+00 1.600000000000000089e+00 -5.739999999999999660e-04 -2.289999999999999935e-03 9.999970000000000248e-01 5.110499999999999765e-02 -9.986909999999999954e-01 -2.256999999999999892e-03 9.986930000000000529e-01 5.110399999999999665e-02 6.899999999999999667e-04
2.400000000000000000e+01 4.400000000000000000e+01 7.300000000000000000e+01 0.000000000000000000e+00 1.600000000000000089e+00 -1.312999999999999931e-03 -3.419999999999999863e-03 9.999930000000000208e-01 5.086600000000000149e-02 -9.987000000000000322e-01 -3.348999999999999980e-03 9.987049999999999539e-01 5.086100000000000343e-02 1.485999999999999908e-03
2.900000000000000000e+01 4.400000000000000000e+01 7.300000000000000000e+01 0.000000000000000000e+00 1.600000000000000089e+00 -3.840000000000000097e-04 -6.002999999999999656e-03 9.999820000000000375e-01 4.648299999999999654e-02 -9.989010000000000389e-01 -5.977999999999999807e-03 9.989190000000000014e-01 4.648000000000000048e-02 6.629999999999999609e-04
2.000000000000000000e+00 2.500000000000000000e+01 7.400000000000000000e+01 0.000000000000000000e+00 1.600000000000000089e+00 1.329000000000000103e-03 -1.742999999999999975e-03 9.999980000000000535e-01 8.204780000000000406e-01 -5.716740000000000155e-01 -2.086999999999999880e-03 5.716759999999999620e-01 8.204789999999999583e-01 6.700000000000000226e-04
1.800000000000000000e+01 2.500000000000000000e+01 7.400000000000000000e+01 0.000000000000000000e+00 1.600000000000000089e+00 1.095499999999999946e-02 1.239299999999999950e-02 9.998629999999999463e-01 8.344639999999999835e-01 -5.510570000000000190e-01 -2.312999999999999952e-03 5.509530000000000260e-01 8.343749999999999778e-01 -1.637800000000000020e-02
5.000000000000000000e+00 9.100000000000000000e+01 7.600000000000000000e+01 0.000000000000000000e+00 1.600000000000000089e+00 9.319999999999999942e-04 -2.180000000000000134e-04 1.000000000000000000e+00 3.106200000000000072e-01 -9.505339999999999900e-01 -4.970000000000000459e-04 9.505339999999999900e-01 3.106200000000000072e-01 -8.180000000000000422e-04
8.000000000000000000e+00 9.100000000000000000e+01 7.600000000000000000e+01 0.000000000000000000e+00 1.600000000000000089e+00 -8.100000000000000375e-05 -1.227999999999999925e-03 9.999989999999999712e-01 3.159620000000000206e-01 -9.487710000000000310e-01 -1.139000000000000038e-03 9.487719999999999487e-01 3.159620000000000206e-01 4.650000000000000270e-04
1.600000000000000000e+01 9.100000000000000000e+01 7.600000000000000000e+01 0.000000000000000000e+00 1.600000000000000089e+00 -1.498999999999999898e-03 -2.177999999999999815e-03 9.999959999999999960e-01 3.130470000000000197e-01 -9.497360000000000246e-01 -1.598999999999999944e-03 9.497370000000000534e-01 3.130430000000000157e-01 2.105999999999999799e-03
2.300000000000000000e+01 9.100000000000000000e+01 7.600000000000000000e+01 0.000000000000000000e+00 1.600000000000000089e+00 -4.060000000000000024e-04 1.719000000000000042e-03 9.999980000000000535e-01 3.163150000000000128e-01 -9.486520000000000508e-01 1.758999999999999930e-03 9.486539999999999973e-01 3.163159999999999861e-01 -1.589999999999999888e-04
2.400000000000000000e+01 6.300000000000000000e+01 8.100000000000000000e+01 0.000000000000000000e+00 1.600000000000000089e+00 -1.446999999999999936e-03 2.290000000000000098e-04 9.999989999999999712e-01 4.465100000000000319e-02 -9.990029999999999744e-01 2.930000000000000204e-04 9.990019999999999456e-01 4.465199999999999725e-02 1.435999999999999993e-03
1.500000000000000000e+01 4.400000000000000000e+01 8.300000000000000000e+01 0.000000000000000000e+00 1.600000000000000089e+00 1.691999999999999928e-03 -3.761000000000000020e-03 9.999919999999999920e-01 5.817769999999999886e-01 -8.133380000000000054e-01 -4.042999999999999719e-03 8.133460000000000134e-01 5.817790000000000461e-01 8.120000000000000048e-04
2.000000000000000000e+01 4.400000000000000000e+01 8.300000000000000000e+01 0.000000000000000000e+00 1.600000000000000089e+00 -2.950000000000000148e-04 -2.534999999999999927e-03 9.999970000000000248e-01 5.860750000000000126e-01 -8.102549999999999475e-01 -1.881000000000000076e-03 8.102570000000000050e-01 5.860729999999999551e-01 1.724999999999999971e-03
2.700000000000000000e+01 4.400000000000000000e+01 8.300000000000000000e+01 0.000000000000000000e+00 1.600000000000000089e+00 -9.430000000000000448e-04 3.177999999999999835e-03 9.999949999999999672e-01 5.849330000000000362e-01 -8.110760000000000192e-01 3.129999999999999970e-03 8.110810000000000519e-01 5.849330000000000362e-01 -1.093999999999999920e-03
2.800000000000000000e+01 4.800000000000000000e+01 8.400000000000000000e+01 0.000000000000000000e+00 1.600000000000000089e+00 3.550999999999999903e-03 3.030999999999999840e-03 -9.999890000000000168e-01 -9.471570000000000267e-01 -3.207409999999999983e-01 -4.335999999999999577e-03 -3.207510000000000083e-01 9.471619999999999484e-01 1.732000000000000033e-03
8.000000000000000000e+00 1.400000000000000000e+01 8.600000000000000000e+01 0.000000000000000000e+00 1.600000000000000089e+00 -2.910000000000000260e-04 4.092000000000000151e-03 -9.999919999999999920e-01 1.922669999999999935e-01 9.813349999999999573e-01 3.958999999999999846e-03 9.813429999999999653e-01 -1.922639999999999905e-01 -1.072000000000000036e-03
6.000000000000000000e+00 1.500000000000000000e+01 8.600000000000000000e+01 0.000000000000000000e+00 1.600000000000000089e+00 1.689999999999999879e-04 1.899999999999999996e-03 -9.999980000000000535e-01 1.852679999999999882e-01 9.826859999999999484e-01 1.899000000000000080e-03 9.826880000000000059e-01 -1.852679999999999882e-01 -1.859999999999999945e-04
1.800000000000000000e+01 1.500000000000000000e+01 8.600000000000000000e+01 0.000000000000000000e+00 1.600000000000000089e+00 -4.809999999999999823e-04 -9.261999999999999400e-03 -9.999569999999999848e-01 1.865700000000000136e-01 9.823990000000000222e-01 -9.188999999999999252e-03 9.824420000000000375e-01 -1.865660000000000096e-01 1.255000000000000039e-03
2.400000000000000000e+01 1.500000000000000000e+01 8.600000000000000000e+01 0.000000000000000000e+00 1.600000000000000089e+00 -7.560000000000000530e-04 1.418999999999999906e-03 -9.999989999999999712e-01 1.828150000000000053e-01 9.831469999999999931e-01 1.257000000000000088e-03 9.831469999999999931e-01 -1.828130000000000033e-01 -1.002999999999999985e-03
2.800000000000000000e+01 1.500000000000000000e+01 8.600000000000000000e+01 0.000000000000000000e+00 1.600000000000000089e+00 5.079999999999999880e-04 2.259999999999999910e-04 -1.000000000000000000e+00 1.830140000000000100e-01 9.831100000000000394e-01 3.150000000000000131e-04 9.831100000000000394e-01 -1.830140000000000100e-01 4.580000000000000195e-04
