2.000000000000000000e+00 2.500000000000000000e+01 1.000000000000000000e+00 0.000000000000000000e+00 1.600000000000000089e+00 3.640000000000000006e-03 -1.254100000000000006e-02 -9.999149999999999983e-01 -5.226709999999999967e-01 -8.524890000000000523e-01 8.789999999999999203e-03 -8.525270000000000348e-01 5.225940000000000030e-01 -9.657999999999999918e-03
1.000000000000000000e+01 2.500000000000000000e+01 1.000000000000000000e+00 0.000000000000000000e+00 1.600000000000000089e+00 2.795000000000000175e-03 4.634000000000000098e-03 -9.999850000000000128e-01 -5.249620000000000397e-01 -8.511079999999999757e-01 -5.411000000000000011e-03 -8.511210000000000164e-01 5.249700000000000477e-01 5.300000000000000078e-05
1.100000000000000000e+01 1.500000000000000000e+01 4.000000000000000000e+00 0.000000000000000000e+00 1.600000000000000089e+00 -8.123999999999999277e-03 -3.353000000000000078e-03 9.999609999999999888e-01 2.994569999999999732e-01 -9.541089999999999849e-01 -7.659999999999999708e-04 9.540750000000000064e-01 2.994390000000000107e-01 8.755000000000000629e-03
1.500000000000000000e+01 1.500000000000000000e+01 4.000000000000000000e+00 0.000000000000000000e+00 1.600000000000000089e+00 -5.112000000000000224e-03 -2.716999999999999797e-03 9.999829999999999552e-01 2.966289999999999760e-01 -9.549919999999999520e-01 -1.079000000000000098e-03 9.549790000000000223e-01 2.966190000000000215e-01 5.688000000000000347e-03
2.700000000000000000e+01 1.500000000000000000e+01 4.000000000000000000e+00 0.000000000000000000e+00 1.600000000000000089e+00 2.707000000000000205e-03 1.103200000000000014e-02 9.999350000000000183e-01 2.979649999999999799e-01 -9.545270000000000143e-01 9.724999999999999270e-03 9.545730000000000048e-01 2.979200000000000181e-01 -5.871000000000000350e-03
2.200000000000000000e+01 1.600000000000000000e+01 4.000000000000000000e+00 0.000000000000000000e+00 1.600000000000000089e+00 -2.310000000000000042e-04 1.004000000000000031e-02 9.999500000000000055e-01 3.698259999999999881e-01 -9.290530000000000177e-01 9.414000000000000493e-03 9.291009999999999547e-01 3.698089999999999988e-01 -3.497999999999999807e-03
1.400000000000000000e+01 1.010000000000000000e+02 7.000000000000000000e+00 0.000000000000000000e+00 1.600000000000000089e+00 -3.620000000000000171e-04 1.500699999999999951e-02 9.998869999999999703e-01 8.844929999999999737e-01 4.665059999999999762e-01 -6.681999999999999572e-03 -4.665540000000000243e-01 8.843910000000000382e-01 -1.344300000000000009e-02
2.000000000000000000e+01 1.010000000000000000e+02 7.000000000000000000e+00 0.000000000000000000e+00 1.600000000000000089e+00 -8.980000000000000352e-04 1.094400000000000060e-02 9.999400000000000510e-01 8.837789999999999813e-01 4.678849999999999953e-01 -4.327000000000000117e-03 -4.679039999999999866e-01 8.837220000000000075e-01 -1.009299999999999954e-02
2.500000000000000000e+01 1.010000000000000000e+02 7.000000000000000000e+00 0.000000000000000000e+00 1.600000000000000089e+00 2.739999999999999814e-03 -1.276000000000000007e-03 9.999949999999999672e-01 8.828610000000000069e-01 4.696299999999999919e-01 -1.819000000000000087e-03 -4.696259999999999879e-01 8.828620000000000356e-01 2.413000000000000214e-03
2.900000000000000000e+01 1.500000000000000000e+01 8.000000000000000000e+00 0.000000000000000000e+00 1.600000000000000089e+00 6.650000000000000095e-04 8.170000000000000179e-03 -9.999670000000000503e-01 -5.924040000000000417e-01 -8.056109999999999660e-01 -6.976000000000000430e-03 -8.056410000000000515e-01 5.923880000000000257e-01 4.303999999999999666e-03
3.000000000000000000e+00 2.500000000000000000e+01 8.000000000000000000e+00 0.000000000000000000e+00 1.600000000000000089e+00 -3.998999999999999951e-03 -5.209000000000000088e-03 -9.999780000000000335e-01 4.488030000000000075e-01 8.936070000000000402e-01 -6.448999999999999871e-03 8.936220000000000274e-01 -4.488190000000000235e-01 -1.235999999999999903e-03
4.000000000000000000e+00 2.400000000000000000e+01 9.000000000000000000e+00 0.000000000000000000e+00 1.600000000000000089e+00 -3.321999999999999866e-03 -2.543000000000000121e-03 -9.999909999999999632e-01 4.509230000000000183e-01 8.925549999999999873e-01 -3.768000000000000082e-03 8.925560000000000160e-01 -4.509319999999999995e-01 -1.817999999999999955e-03
8.000000000000000000e+00 2.400000000000000000e+01 9.000000000000000000e+00 0.000000000000000000e+00 1.600000000000000089e+00 -2.190000000000000106e-03 -6.725000000000000075e-03 -9.999749999999999472e-01 4.519960000000000089e-01 8.919930000000000359e-01 -6.988000000000000288e-03 8.920169999999999488e-01 -4.520000000000000129e-01 1.085999999999999943e-03
1.100000000000000000e+01 2.400000000000000000e+01 9.000000000000000000e+00 0.000000000000000000e+00 1.600000000000000089e+00 -2.628000000000000128e-03 -5.917999999999999650e-03 -9.999789999999999512e-01 4.524599999999999733e-01 8.917610000000000259e-01 -6.466999999999999658e-03 8.917810000000000459e-01 -4.524679999999999813e-01 3.339999999999999870e-04
1.700000000000000000e+01 2.400000000000000000e+01 9.000000000000000000e+00 0.000000000000000000e+00 1.600000000000000089e+00 -1.268000000000000030e-03 -1.098999999999999934e-03 -9.999989999999999712e-01 4.533110000000000195e-01 8.913510000000000044e-01 -1.554000000000000043e-03 8.913510000000000044e-01 -4.533130000000000215e-01 -6.319999999999999663e-04
2.600000000000000000e+01 2.400000000000000000e+01 9.000000000000000000e+00 0.000000000000000000e+00 1.600000000000000089e+00 -8.400000000000000348e-04 -7.222000000000000121e-03 -9.999740000000000295e-01 4.536569999999999769e-01 8.911499999999999977e-01 -6.817000000000000143e-03 8.911759999999999682e-01 -4.536499999999999977e-01 2.527999999999999865e-03
1.800000000000000000e+01 3.100000000000000000e+01 1.200000000000000000e+01 0.000000000000000000e+00 1.600000000000000089e+00 1.366999999999999943e-03 -2.069999999999999792e-03 9.999970000000000248e-01 4.590000000000000330e-03 9.999869999999999592e-01 2.063000000000000164e-03 -9.999890000000000168e-01 4.586999999999999932e-03 1.376000000000000053e-03
5.000000000000000000e+00 3.200000000000000000e+01 1.400000000000000000e+01 0.000000000000000000e+00 1.600000000000000089e+00 3.690000000000000246e-04 6.070000000000000092e-04 -1.000000000000000000e+00 1.059149999999999953e-01 9.943750000000000089e-01 6.430000000000000169e-04 9.943750000000000089e-01 -1.059149999999999953e-01 3.020000000000000223e-04
2.700000000000000000e+01 3.200000000000000000e+01 1.400000000000000000e+01 0.000000000000000000e+00 1.600000000000000089e+00 1.312000000000000015e-03 2.539000000000000024e-03 -9.999959999999999960e-01 1.000209999999999988e-01 9.949820000000000331e-01 2.657000000000000074e-03 9.949850000000000083e-01 -1.000240000000000018e-01 1.051000000000000068e-03
1.200000000000000000e+01 1.200000000000000000e+01 1.500000000000000000e+01 0.000000000000000000e+00 1.600000000000000089e+00 2.732000000000000053e-03 4.435999999999999839e-03 -9.999860000000000415e-01 -4.695750000000000202e-01 -8.828770000000000229e-01 -5.198999999999999629e-03 -8.828890000000000349e-01 4.695819999999999994e-01 -3.289999999999999739e-04
1.900000000000000000e+01 1.200000000000000000e+01 1.500000000000000000e+01 0.000000000000000000e+00 1.600000000000000089e+00 4.622000000000000240e-03 4.290999999999999676e-03 -9.999799999999999800e-01 -4.695139999999999869e-01 -8.829050000000000509e-01 -5.957999999999999755e-03 -8.829129999999999479e-01 4.695320000000000049e-01 -2.066000000000000128e-03
2.400000000000000000e+01 1.200000000000000000e+01 1.500000000000000000e+01 0.000000000000000000e+00 1.600000000000000089e+00 2.449999999999999921e-04 3.073999999999999910e-03 -9.999949999999999672e-01 -4.709889999999999910e-01 -8.821350000000000025e-01 -2.827000000000000086e-03 -8.821390000000000065e-01 4.709869999999999890e-01 1.232000000000000022e-03
8.000000000000000000e+00 1.100000000000000000e+01 1.600000000000000000e+01 0.000000000000000000e+00 1.600000000000000089e+00 1.025000000000000086e-03 8.739999999999999939e-04 -9.999989999999999712e-01 -4.169689999999999785e-01 -9.089199999999999502e-01 -1.221999999999999996e-03 -9.089199999999999502e-01 4.169700000000000073e-01 -5.680000000000000370e-04
2.000000000000000000e+01 1.100000000000000000e+01 1.600000000000000000e+01 0.000000000000000000e+00 1.600000000000000089e+00 3.627000000000000016e-03 4.537000000000000234e-03 -9.999829999999999552e-01 -4.173479999999999968e-01 -9.087290000000000090e-01 -5.636999999999999650e-03 -9.087389999999999635e-01 4.173620000000000108e-01 -1.402999999999999950e-03
2.800000000000000000e+01 1.100000000000000000e+01 1.600000000000000000e+01 0.000000000000000000e+00 1.600000000000000089e+00 -6.210000000000000242e-04 -2.719000000000000063e-03 -9.999959999999999960e-01 -4.150670000000000193e-01 -9.097870000000000124e-01 2.730999999999999921e-03 -9.097910000000000164e-01 4.150670000000000193e-01 -5.630000000000000239e-04
6.000000000000000000e+00 1.160000000000000000e+02 1.600000000000000000e+01 0.000000000000000000e+00 1.600000000000000089e+00 -2.449999999999999921e-04 1.786999999999999960e-03 9.999980000000000535e-01 6.968630000000000102e-01 7.172030000000000349e-01 -1.111000000000000008e-03 -7.172039999999999527e-01 6.968619999999999814e-01 -1.420999999999999954e-03
1.100000000000000000e+01 1.160000000000000000e+02 1.600000000000000000e+01 0.000000000000000000e+00 1.600000000000000089e+00 1.598999999999999944e-03 -1.595000000000000064e-03 9.999970000000000248e-01 6.769060000000000077e-01 7.360689999999999733e-01 9.100000000000000287e-05 -7.360670000000000268e-01 6.769039999999999502e-01 2.256999999999999892e-03
1.900000000000000000e+01 1.160000000000000000e+02 1.600000000000000000e+01 0.000000000000000000e+00 1.600000000000000089e+00 -5.820000000000000520e-04 2.589999999999999854e-03 9.999959999999999960e-01 7.150729999999999587e-01 6.990480000000000027e-01 -1.394000000000000057e-03 -6.990499999999999492e-01 7.150699999999999834e-01 -2.259000000000000157e-03
1.000000000000000000e+00 2.000000000000000000e+00 1.900000000000000000e+01 0.000000000000000000e+00 1.600000000000000089e+00 8.220000000000000310e-04 -5.222000000000000079e-03 -9.999860000000000415e-01 1.944980000000000042e-01 -9.808890000000000109e-01 5.282000000000000237e-03 -9.809029999999999694e-01 -1.944990000000000052e-01 2.100000000000000087e-04
7.000000000000000000e+00 2.000000000000000000e+00 1.900000000000000000e+01 0.000000000000000000e+00 1.600000000000000089e+00 4.459999999999999989e-04 -5.222000000000000079e-03 -9.999860000000000415e-01 1.934410000000000018e-01 -9.810980000000000256e-01 5.210000000000000221e-03 -9.811119999999999841e-01 -1.934400000000000008e-01 5.730000000000000501e-04
1.200000000000000000e+01 2.000000000000000000e+00 1.900000000000000000e+01 0.000000000000000000e+00 1.600000000000000089e+00 5.360000000000000181e-04 -5.000000000000000240e-05 -1.000000000000000000e+00 1.966539999999999955e-01 -9.804730000000000389e-01 1.540000000000000028e-04 -9.804730000000000389e-01 -1.966539999999999955e-01 -5.159999999999999656e-04
2.000000000000000000e+01 2.000000000000000000e+00 1.900000000000000000e+01 0.000000000000000000e+00 1.600000000000000089e+00 2.782999999999999884e-03 5.660000000000000100e-03 -9.999799999999999800e-01 1.915530000000000010e-01 -9.814699999999999536e-01 -5.022000000000000422e-03 -9.814779999999999616e-01 -1.915350000000000108e-01 -3.815999999999999948e-03
2.400000000000000000e+01 2.000000000000000000e+00 1.900000000000000000e+01 0.000000000000000000e+00 1.600000000000000089e+00 2.037999999999999881e-03 -1.868000000000000086e-03 -9.999959999999999960e-01 1.893779999999999908e-01 -9.819020000000000525e-01 2.220999999999999884e-03 -9.819020000000000525e-01 -1.893819999999999948e-01 -1.647999999999999942e-03
2.800000000000000000e+01 2.000000000000000000e+00 1.900000000000000000e+01 0.000000000000000000e+00 1.600000000000000089e+00 -5.680000000000000370e-04 -3.976999999999999633e-03 -9.999919999999999920e-01 1.862300000000000066e-01 -9.824990000000000112e-01 3.801000000000000125e-03 -9.825059999999999905e-01 -1.862260000000000026e-01 1.297999999999999892e-03
1.000000000000000000e+00 4.000000000000000000e+00 2.000000000000000000e+01 0.000000000000000000e+00 1.600000000000000089e+00 -2.889999999999999774e-04 -6.767999999999999711e-03 -9.999770000000000048e-01 2.874929999999999986e-01 -9.577609999999999735e-01 6.399000000000000174e-03 -9.577830000000000510e-01 -2.874849999999999905e-01 2.222000000000000017e-03
4.000000000000000000e+00 4.000000000000000000e+00 2.000000000000000000e+01 0.000000000000000000e+00 1.600000000000000089e+00 6.650000000000000095e-04 -3.883999999999999866e-03 -9.999919999999999920e-01 2.852100000000000191e-01 -9.584570000000000034e-01 3.911999999999999679e-03 -9.584650000000000114e-01 -2.852100000000000191e-01 4.710000000000000102e-04
1.000000000000000000e+01 4.000000000000000000e+00 2.000000000000000000e+01 0.000000000000000000e+00 1.600000000000000089e+00 7.889999999999999878e-04 -2.560000000000000209e-03 -9.999959999999999960e-01 2.929640000000000022e-01 -9.561199999999999699e-01 2.678999999999999958e-03 -9.561229999999999452e-01 -2.929649999999999754e-01 -5.000000000000000409e-06
1.600000000000000000e+01 4.000000000000000000e+00 2.000000000000000000e+01 0.000000000000000000e+00 1.600000000000000089e+00 1.250999999999999942e-03 8.311999999999999944e-03 -9.999649999999999928e-01 2.929140000000000077e-01 -9.561089999999999867e-01 -7.581000000000000065e-03 -9.561380000000000434e-01 -2.928939999999999877e-01 -3.631000000000000113e-03
2.600000000000000000e+01 4.000000000000000000e+00 2.000000000000000000e+01 0.000000000000000000e+00 1.600000000000000089e+00 2.944000000000000002e-03 -1.335000000000000032e-03 -9.999949999999999672e-01 2.830349999999999810e-01 -9.591070000000000428e-01 2.113999999999999994e-03 -9.591049999999999853e-01 -2.830400000000000138e-01 -2.445999999999999824e-03
3.000000000000000000e+00 1.300000000000000000e+01 2.000000000000000000e+01 0.000000000000000000e+00 1.600000000000000089e+00 8.299999999999999815e-05 1.569999999999999998e-03 9.999989999999999712e-01 2.562360000000000193e-01 9.666130000000000555e-01 -1.539000000000000003e-03 -9.666139999999999732e-01 2.562349999999999905e-01 -3.220000000000000206e-04
5.000000000000000000e+00 1.300000000000000000e+01 2.000000000000000000e+01 0.000000000000000000e+00 1.600000000000000089e+00 4.260000000000000006e-04 6.130000000000000466e-04 1.000000000000000000e+00 2.559339999999999948e-01 9.666940000000000532e-01 -7.020000000000000415e-04 -9.666940000000000532e-01 2.559350000000000236e-01 2.550000000000000183e-04
1.000000000000000000e+01 1.300000000000000000e+01 2.000000000000000000e+01 0.000000000000000000e+00 1.600000000000000089e+00 1.608000000000000054e-03 1.190000000000000085e-03 9.999980000000000535e-01 2.555509999999999726e-01 9.667940000000000422e-01 -1.562000000000000020e-03 -9.667940000000000422e-01 2.555529999999999746e-01 1.250000000000000026e-03
1.600000000000000000e+01 1.300000000000000000e+01 2.000000000000000000e+01 0.000000000000000000e+00 1.600000000000000089e+00 9.030000000000000483e-04 7.900000000000000121e-04 9.999989999999999712e-01 2.544950000000000268e-01 9.670729999999999604e-01 -9.929999999999999591e-04 -9.670739999999999892e-01 2.544960000000000000e-01 6.719999999999999628e-04
2.100000000000000000e+01 1.300000000000000000e+01 2.000000000000000000e+01 0.000000000000000000e+00 1.600000000000000089e+00 1.149000000000000065e-03 -3.678999999999999979e-03 9.999930000000000208e-01 2.552249999999999797e-01 9.668759999999999577e-01 3.263999999999999974e-03 -9.668809999999999905e-01 2.552189999999999737e-01 2.049000000000000040e-03
2.600000000000000000e+01 1.300000000000000000e+01 2.000000000000000000e+01 0.000000000000000000e+00 1.600000000000000089e+00 -1.101999999999999898e-03 1.848999999999999949e-03 9.999980000000000535e-01 2.558989999999999876e-01 9.667019999999999502e-01 -1.505999999999999960e-03 -9.667029999999999790e-01 2.558969999999999856e-01 -1.538000000000000088e-03
1.000000000000000000e+01 1.600000000000000000e+01 2.100000000000000000e+01 0.000000000000000000e+00 1.600000000000000089e+00 1.369999999999999907e-03 1.510999999999999973e-03 9.999980000000000535e-01 2.994890000000000052e-01 9.540980000000000016e-01 -1.851999999999999914e-03 -9.540990000000000304e-01 2.994910000000000072e-01 8.549999999999999658e-04
1.300000000000000000e+01 1.600000000000000000e+01 2.100000000000000000e+01 0.000000000000000000e+00 1.600000000000000089e+00 3.699999999999999947e-04 5.209000000000000088e-03 9.999860000000000415e-01 2.988430000000000253e-01 9.542890000000000539e-01 -5.081999999999999712e-03 -9.543019999999999836e-01 2.988410000000000233e-01 -1.203999999999999992e-03
1.700000000000000000e+01 1.600000000000000000e+01 2.100000000000000000e+01 0.000000000000000000e+00 1.600000000000000089e+00 1.319000000000000077e-03 3.225000000000000002e-03 9.999940000000000495e-01 2.974649999999999794e-01 9.547259999999999636e-01 -3.471999999999999826e-03 -9.547320000000000251e-01 2.974680000000000102e-01 2.999999999999999737e-04
2.500000000000000000e+01 1.600000000000000000e+01 2.100000000000000000e+01 0.000000000000000000e+00 1.600000000000000089e+00 -1.347000000000000107e-03 -1.463000000000000108e-03 9.999980000000000535e-01 2.975200000000000067e-01 9.547139999999999516e-01 1.796999999999999986e-03 -9.547149999999999803e-01 2.975209999999999799e-01 -8.509999999999999769e-04
2.900000000000000000e+01 1.600000000000000000e+01 2.100000000000000000e+01 0.000000000000000000e+00 1.600000000000000089e+00 -5.130000000000000011e-04 6.980000000000000093e-03 9.999749999999999472e-01 2.983009999999999828e-01 9.544500000000000206e-01 -6.509000000000000029e-03 -9.544719999999999871e-01 2.982909999999999728e-01 -2.572000000000000067e-03
2.000000000000000000e+00 3.000000000000000000e+00 2.500000000000000000e+01 0.000000000000000000e+00 1.600000000000000089e+00 2.429999999999999977e-04 -4.479999999999999608e-03 9.999900000000000455e-01 -5.642500000000000293e-02 -9.983969999999999789e-01 -4.459000000000000290e-03 9.984070000000000444e-01 -5.642300000000000093e-02 -4.949999999999999973e-04
1.400000000000000000e+01 3.000000000000000000e+00 2.500000000000000000e+01 0.000000000000000000e+00 1.600000000000000089e+00 -2.284000000000000006e-03 3.778000000000000108e-03 9.999900000000000455e-01 -6.289500000000000646e-02 -9.980139999999999567e-01 3.627000000000000016e-03 9.980179999999999607e-01 -6.288599999999999746e-02 2.517000000000000140e-03
2.400000000000000000e+01 3.000000000000000000e+00 2.500000000000000000e+01 0.000000000000000000e+00 1.600000000000000089e+00 -9.560000000000000355e-04 -8.980000000000000352e-04 9.999989999999999712e-01 -4.389500000000000346e-02 -9.990360000000000351e-01 -9.389999999999999476e-04 9.990360000000000351e-01 -4.389599999999999752e-02 9.160000000000000390e-04
2.800000000000000000e+01 3.000000000000000000e+00 2.500000000000000000e+01 0.000000000000000000e+00 1.600000000000000089e+00 -3.811000000000000151e-03 -1.082999999999999978e-03 9.999919999999999920e-01 -4.038300000000000223e-02 -9.991839999999999611e-01 -1.235999999999999903e-03 9.991769999999999818e-01 -4.038699999999999929e-02 3.763999999999999985e-03
9.000000000000000000e+00 4.600000000000000000e+01 2.700000000000000000e+01 0.000000000000000000e+00 1.600000000000000089e+00 -1.132999999999999893e-03 2.354000000000000190e-03 -9.999970000000000248e-01 6.550080000000000346e-01 7.556209999999999871e-01 1.036999999999999944e-03 7.556209999999999871e-01 -6.550040000000000306e-01 -2.397999999999999958e-03
2.300000000000000000e+01 4.600000000000000000e+01 2.700000000000000000e+01 0.000000000000000000e+00 1.600000000000000089e+00 2.576000000000000165e-03 2.546000000000000086e-03 -9.999930000000000208e-01 6.597790000000000044e-01 7.514509999999999801e-01 3.612999999999999892e-03 7.514560000000000128e-01 -6.597840000000000371e-01 2.559999999999999884e-04
2.000000000000000000e+00 4.600000000000000000e+01 3.000000000000000000e+01 0.000000000000000000e+00 1.600000000000000089e+00 9.000000000000000567e-05 5.950000000000000427e-04 -1.000000000000000000e+00 3.233519999999999728e-01 9.462789999999999813e-01 5.919999999999999698e-04 9.462789999999999813e-01 -3.233519999999999728e-01 -1.069999999999999988e-04
1.000000000000000000e+00 5.800000000000000000e+01 3.100000000000000000e+01 0.000000000000000000e+00 1.600000000000000089e+00 -1.116000000000000021e-03 -5.339999999999999695e-04 9.999989999999999712e-01 -8.025290000000000479e-01 -5.966120000000000312e-01 -1.214000000000000018e-03 5.966120000000000312e-01 -8.025299999999999656e-01 2.369999999999999874e-04
5.000000000000000000e+00 5.800000000000000000e+01 3.100000000000000000e+01 0.000000000000000000e+00 1.600000000000000089e+00 -9.359999999999999831e-04 -1.943999999999999981e-03 9.999980000000000535e-01 -8.015120000000000022e-01 -5.979759999999999520e-01 -1.912999999999999987e-03 5.979780000000000095e-01 -8.015120000000000022e-01 -9.979999999999999722e-04
1.000000000000000000e+01 5.800000000000000000e+01 3.100000000000000000e+01 0.000000000000000000e+00 1.600000000000000089e+00 5.300000000000000078e-05 -5.081999999999999712e-03 9.999869999999999592e-01 -8.010450000000000070e-01 -5.985970000000000457e-01 -3.000000000000000062e-03 5.986050000000000537e-01 -8.010340000000000238e-01 -4.101999999999999744e-03
1.400000000000000000e+01 5.800000000000000000e+01 3.100000000000000000e+01 0.000000000000000000e+00 1.600000000000000089e+00 3.056999999999999822e-03 -3.448000000000000110e-03 9.999890000000000168e-01 -7.968520000000000048e-01 -6.041750000000000176e-01 3.530000000000000152e-04 6.041670000000000096e-01 -7.968439999999999968e-01 -4.595000000000000126e-03
2.700000000000000000e+01 5.800000000000000000e+01 3.100000000000000000e+01 0.000000000000000000e+00 1.600000000000000089e+00 -1.717999999999999909e-03 3.693000000000000102e-03 9.999919999999999920e-01 -7.933400000000000452e-01 -6.087789999999999591e-01 8.850000000000000444e-04 6.087770000000000126e-01 -7.933320000000000372e-01 3.976000000000000367e-03
1.800000000000000000e+01 5.900000000000000000e+01 3.200000000000000000e+01 0.000000000000000000e+00 1.600000000000000089e+00 2.308000000000000156e-03 4.948000000000000141e-03 9.999850000000000128e-01 -6.931150000000000366e-01 -7.208080000000000043e-01 5.166999999999999718e-03 7.208229999999999915e-01 -6.931169999999999831e-01 1.765999999999999992e-03
3.000000000000000000e+00 4.600000000000000000e+01 3.500000000000000000e+01 0.000000000000000000e+00 1.600000000000000089e+00 6.790000000000000245e-04 -2.969999999999999984e-03 -9.999949999999999672e-01 3.839540000000000175e-01 -9.233470000000000288e-01 3.003000000000000027e-03 -9.233519999999999506e-01 -3.839540000000000175e-01 5.130000000000000011e-04
8.000000000000000000e+00 4.600000000000000000e+01 3.500000000000000000e+01 0.000000000000000000e+00 1.600000000000000089e+00 8.469999999999999881e-04 -1.420000000000000092e-04 -1.000000000000000000e+00 3.849969999999999781e-01 -9.229180000000000161e-01 4.569999999999999952e-04 -9.229169999999999874e-01 -3.849980000000000069e-01 -7.269999999999999987e-04
1.400000000000000000e+01 4.600000000000000000e+01 3.500000000000000000e+01 0.000000000000000000e+00 1.600000000000000089e+00 -3.780000000000000265e-04 -1.691999999999999928e-03 -9.999989999999999712e-01 3.852430000000000021e-01 -9.228140000000000231e-01 1.415999999999999941e-03 -9.228150000000000519e-01 -3.852419999999999733e-01 1.000000000000000021e-03
1.800000000000000000e+01 4.600000000000000000e+01 3.500000000000000000e+01 0.000000000000000000e+00 1.600000000000000089e+00 6.149999999999999868e-04 -4.429999999999999802e-04 -1.000000000000000000e+00 3.849360000000000004e-01 -9.229429999999999579e-01 6.449999999999999570e-04 -9.229429999999999579e-01 -3.849360000000000004e-01 -3.970000000000000005e-04
2.200000000000000000e+01 4.600000000000000000e+01 3.500000000000000000e+01 0.000000000000000000e+00 1.600000000000000089e+00 -9.600000000000000243e-05 -2.149999999999999947e-04 -1.000000000000000000e+00 3.844119999999999759e-01 -9.231610000000000094e-01 1.620000000000000075e-04 -9.231610000000000094e-01 -3.844119999999999759e-01 1.720000000000000066e-04
2.800000000000000000e+01 4.600000000000000000e+01 3.500000000000000000e+01 0.000000000000000000e+00 1.600000000000000089e+00 1.580999999999999940e-03 -1.435000000000000078e-03 -9.999980000000000535e-01 3.832119999999999971e-01 -9.236579999999999790e-01 1.930999999999999991e-03 -9.236590000000000078e-01 -3.832139999999999991e-01 -9.110000000000000259e-04
2.000000000000000000e+00 9.500000000000000000e+01 3.600000000000000000e+01 0.000000000000000000e+00 1.600000000000000089e+00 9.636000000000000468e-03 1.209999999999999964e-02 9.998799999999999910e-01 9.976699999999999458e-01 6.742900000000000282e-02 -1.043099999999999930e-02 -6.754699999999999593e-02 9.976509999999999545e-01 -1.142199999999999986e-02
1.000000000000000000e+01 9.500000000000000000e+01 3.600000000000000000e+01 0.000000000000000000e+00 1.600000000000000089e+00 -2.356000000000000021e-03 2.057999999999999934e-03 9.999949999999999672e-01 9.967449999999999921e-01 8.058800000000000685e-02 2.183000000000000045e-03 -8.058300000000000185e-02 9.967449999999999921e-01 -2.240999999999999936e-03
1.500000000000000000e+01 9.500000000000000000e+01 3.600000000000000000e+01 0.000000000000000000e+00 1.600000000000000089e+00 -2.625999999999999862e-03 7.481999999999999935e-03 9.999689999999999968e-01 9.971929999999999961e-01 7.484599999999999587e-02 2.057999999999999934e-03 -7.482800000000000562e-02 9.971670000000000256e-01 -7.656999999999999744e-03
2.000000000000000000e+01 9.500000000000000000e+01 3.600000000000000000e+01 0.000000000000000000e+00 1.600000000000000089e+00 -3.043999999999999831e-03 1.663600000000000148e-02 9.998569999999999958e-01 9.972710000000000186e-01 7.380499999999999561e-02 1.807999999999999928e-03 -7.376399999999999624e-02 9.971339999999999648e-01 -1.681500000000000009e-02
2.500000000000000000e+01 9.500000000000000000e+01 3.600000000000000000e+01 0.000000000000000000e+00 1.600000000000000089e+00 1.098099999999999944e-02 1.736199999999999896e-02 9.997890000000000388e-01 9.966559999999999864e-01 8.077700000000000158e-02 -1.234900000000000060e-02 -8.097400000000000431e-02 9.965810000000000501e-01 -1.641700000000000104e-02
1.000000000000000000e+00 3.000000000000000000e+00 4.300000000000000000e+01 0.000000000000000000e+00 1.600000000000000089e+00 -1.422000000000000087e-03 1.665900000000000020e-02 -9.998599999999999710e-01 7.372440000000000104e-01 -6.755149999999999766e-01 -1.230400000000000070e-02 -6.756250000000000311e-01 -7.371579999999999799e-01 -1.132099999999999947e-02
8.000000000000000000e+00 3.000000000000000000e+00 4.300000000000000000e+01 0.000000000000000000e+00 1.600000000000000089e+00 1.587000000000000086e-03 4.333000000000000046e-03 -9.999890000000000168e-01 7.366559999999999775e-01 -6.762650000000000050e-01 -1.760999999999999979e-03 -6.762650000000000050e-01 -7.366460000000000230e-01 -4.264999999999999694e-03
1.500000000000000000e+01 3.000000000000000000e+00 4.300000000000000000e+01 0.000000000000000000e+00 1.600000000000000089e+00 1.217999999999999899e-03 -2.151399999999999840e-02 -9.997679999999999900e-01 7.339599999999999458e-01 -6.790159999999999529e-01 1.550600000000000069e-02 -6.791920000000000179e-01 -7.338080000000000158e-01 1.496300000000000061e-02
2.300000000000000000e+01 3.000000000000000000e+00 4.300000000000000000e+01 0.000000000000000000e+00 1.600000000000000089e+00 4.399000000000000132e-03 2.694200000000000067e-02 -9.996270000000000433e-01 7.404260000000000286e-01 -6.719730000000000425e-01 -1.485299999999999988e-02 -6.721230000000000260e-01 -7.400849999999999929e-01 -2.290499999999999828e-02
2.800000000000000000e+01 3.000000000000000000e+00 4.300000000000000000e+01 0.000000000000000000e+00 1.600000000000000089e+00 1.294000000000000011e-03 2.778000000000000087e-03 -9.999949999999999672e-01 7.378280000000000394e-01 -6.749880000000000324e-01 -9.200000000000000278e-04 -6.749880000000000324e-01 -7.378230000000000066e-01 -2.922999999999999817e-03
4.000000000000000000e+00 8.000000000000000000e+00 4.400000000000000000e+01 0.000000000000000000e+00 1.600000000000000089e+00 8.030000000000000028e-04 2.879000000000000049e-03 9.999959999999999960e-01 -7.841620000000000257e-01 -6.205509999999999637e-01 2.416999999999999878e-03 6.205549999999999677e-01 -7.841609999999999969e-01 1.758999999999999930e-03
2.000000000000000000e+00 2.900000000000000000e+01 4.400000000000000000e+01 0.000000000000000000e+00 1.600000000000000089e+00 1.140000000000000063e-04 -2.278000000000000077e-03 -9.999970000000000248e-01 6.817220000000000502e-01 7.316089999999999538e-01 -1.588999999999999918e-03 7.316110000000000113e-01 -6.817199999999999926e-01 1.637000000000000000e-03
6.000000000000000000e+00 2.900000000000000000e+01 4.400000000000000000e+01 0.000000000000000000e+00 1.600000000000000089e+00 1.234000000000000071e-03 -1.569000000000000082e-03 -9.999980000000000535e-01 6.866499999999999826e-01 7.269879999999999676e-01 -2.930000000000000204e-04 7.269870000000000498e-01 -6.866480000000000361e-01 1.974000000000000060e-03
1.000000000000000000e+01 2.900000000000000000e+01 4.400000000000000000e+01 0.000000000000000000e+00 1.600000000000000089e+00 -3.579999999999999741e-04 3.660000000000000059e-04 -1.000000000000000000e+00 6.870129999999999848e-01 7.266449999999999854e-01 2.000000000000000164e-05 7.266449999999999854e-01 -6.870129999999999848e-01 -5.109999999999999525e-04
1.600000000000000000e+01 2.900000000000000000e+01 4.400000000000000000e+01 0.000000000000000000e+00 1.600000000000000089e+00 -2.567999999999999970e-03 1.683000000000000034e-03 -9.999949999999999672e-01 6.846980000000000288e-01 7.288270000000000026e-01 -5.310000000000000050e-04 7.288229999999999986e-01 -6.846959999999999713e-01 -3.024000000000000212e-03
2.200000000000000000e+01 2.900000000000000000e+01 4.400000000000000000e+01 0.000000000000000000e+00 1.600000000000000089e+00 -2.896999999999999836e-03 3.752999999999999826e-03 -9.999890000000000168e-01 6.719100000000000072e-01 7.406319999999999570e-01 8.329999999999999731e-04 7.406270000000000353e-01 -6.719000000000000528e-01 -4.667000000000000141e-03
1.500000000000000000e+01 5.400000000000000000e+01 4.600000000000000000e+01 0.000000000000000000e+00 1.600000000000000089e+00 -2.069000000000000093e-03 1.080000000000000014e-03 9.999970000000000248e-01 3.112199999999999966e-01 -9.503359999999999586e-01 1.670999999999999959e-03 9.503359999999999586e-01 3.112230000000000274e-01 1.629999999999999939e-03
2.400000000000000000e+01 5.400000000000000000e+01 4.600000000000000000e+01 0.000000000000000000e+00 1.600000000000000089e+00 9.799999999999999684e-04 -8.481000000000000691e-03 9.999639999999999640e-01 3.076780000000000070e-01 -9.514540000000000219e-01 -8.371999999999999234e-03 9.514899999999999469e-01 3.076749999999999763e-01 1.677000000000000105e-03
1.700000000000000000e+01 6.500000000000000000e+01 4.600000000000000000e+01 0.000000000000000000e+00 1.600000000000000089e+00 1.544999999999999932e-03 -8.419999999999999750e-04 9.999980000000000535e-01 6.802359999999999518e-01 -7.329909999999999481e-01 -1.667999999999999995e-03 7.329919999999999769e-01 6.802369999999999806e-01 -5.599999999999999509e-04
1.200000000000000000e+01 7.000000000000000000e+00 5.200000000000000000e+01 0.000000000000000000e+00 1.600000000000000089e+00 -4.846999999999999746e-03 -7.797000000000000111e-03 -9.999580000000000135e-01 1.056070000000000064e-01 -9.943819999999999881e-01 7.241000000000000041e-03 -9.943959999999999466e-01 -1.055669999999999942e-01 5.643999999999999712e-03
1.400000000000000000e+01 7.000000000000000000e+00 5.200000000000000000e+01 0.000000000000000000e+00 1.600000000000000089e+00 -3.954000000000000049e-03 -4.349999999999999700e-03 -9.999829999999999552e-01 1.056689999999999990e-01 -9.943940000000000001e-01 3.908000000000000015e-03 -9.943929999999999714e-01 -1.056519999999999959e-01 4.390999999999999938e-03
6.000000000000000000e+00 6.300000000000000000e+01 5.400000000000000000e+01 0.000000000000000000e+00 1.600000000000000089e+00 2.149999999999999947e-04 -3.046999999999999795e-03 9.999949999999999672e-01 -3.512500000000000067e-01 9.362770000000000259e-01 2.928000000000000047e-03 -9.362819999999999476e-01 -3.512489999999999779e-01 -8.689999999999999808e-04
1.500000000000000000e+01 6.300000000000000000e+01 5.400000000000000000e+01 0.000000000000000000e+00 1.600000000000000089e+00 1.433999999999999945e-03 1.232999999999999938e-03 9.999980000000000535e-01 -3.592940000000000023e-01 9.332240000000000535e-01 -6.350000000000000392e-04 -9.332230000000000247e-01 -3.592929999999999735e-01 1.781000000000000031e-03
1.800000000000000000e+01 6.300000000000000000e+01 5.400000000000000000e+01 0.000000000000000000e+00 1.600000000000000089e+00 6.719999999999999628e-04 2.402000000000000055e-03 9.999970000000000248e-01 -3.608529999999999793e-01 9.326210000000000333e-01 -1.998000000000000210e-03 -9.326229999999999798e-01 -3.608500000000000041e-01 1.492999999999999969e-03
2.200000000000000000e+01 6.300000000000000000e+01 5.400000000000000000e+01 0.000000000000000000e+00 1.600000000000000089e+00 -1.359999999999999989e-04 2.281000000000000041e-03 9.999970000000000248e-01 -3.626829999999999776e-01 9.319100000000000161e-01 -2.174999999999999850e-03 -9.319119999999999626e-01 -3.626829999999999776e-01 6.999999999999999929e-04
2.700000000000000000e+01 6.300000000000000000e+01 5.400000000000000000e+01 0.000000000000000000e+00 1.600000000000000089e+00 -2.785999999999999848e-03 6.970000000000000284e-04 9.999959999999999960e-01 -3.551070000000000060e-01 9.348239999999999883e-01 -1.641000000000000097e-03 -9.348210000000000131e-01 -3.551099999999999812e-01 -2.357000000000000154e-03
9.000000000000000000e+00 2.500000000000000000e+01 5.500000000000000000e+01 0.000000000000000000e+00 1.600000000000000089e+00 2.779999999999999811e-04 1.492000000000000054e-03 -9.999989999999999712e-01 -1.484399999999999956e-02 -9.998890000000000278e-01 -1.495999999999999934e-03 -9.998899999999999455e-01 1.484500000000000056e-02 -2.559999999999999884e-04
1.900000000000000000e+01 2.500000000000000000e+01 5.500000000000000000e+01 0.000000000000000000e+00 1.600000000000000089e+00 -3.550000000000000096e-04 -6.210000000000000242e-04 -1.000000000000000000e+00 -1.115700000000000025e-02 -9.999379999999999935e-01 6.239999999999999887e-04 -9.999379999999999935e-01 1.115799999999999952e-02 3.480000000000000020e-04
2.300000000000000000e+01 2.500000000000000000e+01 5.500000000000000000e+01 0.000000000000000000e+00 1.600000000000000089e+00 4.500000000000000283e-05 -4.800000000000000122e-05 -1.000000000000000000e+00 -1.032100000000000031e-02 -9.999470000000000303e-01 4.699999999999999724e-05 -9.999470000000000303e-01 1.032100000000000031e-02 -4.500000000000000283e-05
2.600000000000000000e+01 2.500000000000000000e+01 5.500000000000000000e+01 0.000000000000000000e+00 1.600000000000000089e+00 6.200000000000000270e-05 -2.089999999999999844e-03 -9.999980000000000535e-01 -1.013900000000000044e-02 -9.999460000000000015e-01 2.089000000000000145e-03 -9.999489999999999768e-01 1.013799999999999944e-02 -8.299999999999999815e-05
3.000000000000000000e+00 6.800000000000000000e+01 5.700000000000000000e+01 0.000000000000000000e+00 1.600000000000000089e+00 -1.322999999999999957e-03 4.817000000000000101e-03 -9.999879999999999880e-01 -2.457110000000000127e-01 -9.693330000000000002e-01 -4.344999999999999904e-03 -9.693420000000000369e-01 2.457030000000000047e-01 2.465999999999999876e-03
8.000000000000000000e+00 6.800000000000000000e+01 5.700000000000000000e+01 0.000000000000000000e+00 1.600000000000000089e+00 -4.479999999999999933e-04 -1.224999999999999960e-03 -9.999989999999999712e-01 -2.440720000000000112e-01 -9.697559999999999514e-01 1.296999999999999976e-03 -9.697569999999999801e-01 2.440730000000000122e-01 1.350000000000000017e-04
2.400000000000000000e+01 6.800000000000000000e+01 5.700000000000000000e+01 0.000000000000000000e+00 1.600000000000000089e+00 1.335999999999999948e-03 2.579000000000000129e-03 -9.999959999999999960e-01 -2.459359999999999880e-01 -9.692819999999999769e-01 -2.828999999999999918e-03 -9.692849999999999522e-01 2.459389999999999910e-01 -6.610000000000000207e-04
1.500000000000000000e+01 2.100000000000000000e+01 6.000000000000000000e+01 0.000000000000000000e+00 1.600000000000000089e+00 -1.289999999999999914e-04 -9.719999999999999474e-03 9.999529999999999808e-01 -9.301299999999999846e-02 9.956180000000000030e-01 9.665999999999999245e-03 -9.956650000000000222e-01 -9.300799999999999346e-02 -1.031999999999999931e-03
1.800000000000000000e+01 2.100000000000000000e+01 6.000000000000000000e+01 0.000000000000000000e+00 1.600000000000000089e+00 -1.701999999999999954e-03 2.259000000000000157e-03 9.999959999999999960e-01 -9.394600000000000173e-02 9.955739999999999590e-01 -2.409000000000000117e-03 -9.955760000000000165e-01 -9.395000000000000573e-02 -1.482999999999999943e-03
2.600000000000000000e+01 2.100000000000000000e+01 6.000000000000000000e+01 0.000000000000000000e+00 1.600000000000000089e+00 5.199999999999999680e-05 9.482000000000000844e-03 9.999550000000000383e-01 -9.531100000000000683e-02 9.954030000000000378e-01 -9.433999999999999678e-03 -9.954479999999999995e-01 -9.530600000000000183e-02 9.560000000000000355e-04
1.000000000000000000e+00 2.700000000000000000e+01 6.300000000000000000e+01 0.000000000000000000e+00 1.600000000000000089e+00 -4.694000000000000256e-03 1.749999999999999982e-04 9.999890000000000168e-01 -2.775590000000000002e-01 9.607069999999999776e-01 -1.471000000000000085e-03 -9.606970000000000232e-01 -2.775630000000000042e-01 -4.460999999999999688e-03
5.000000000000000000e+00 2.700000000000000000e+01 6.300000000000000000e+01 0.000000000000000000e+00 1.600000000000000089e+00 -2.295000000000000165e-03 -1.628000000000000107e-03 9.999959999999999960e-01 -2.766970000000000263e-01 9.609569999999999501e-01 9.290000000000000297e-04 -9.609550000000000036e-01 -2.766930000000000223e-01 -2.655999999999999941e-03
1.000000000000000000e+01 2.700000000000000000e+01 6.300000000000000000e+01 0.000000000000000000e+00 1.600000000000000089e+00 -9.510000000000000224e-04 -2.991000000000000169e-03 9.999949999999999672e-01 -2.776060000000000194e-01 9.606909999999999616e-01 2.609999999999999907e-03 -9.606940000000000479e-01 -2.776029999999999887e-01 -1.744000000000000107e-03
1.700000000000000000e+01 2.700000000000000000e+01 6.300000000000000000e+01 0.000000000000000000e+00 1.600000000000000089e+00 -2.158999999999999895e-03 -1.032199999999999958e-02 9.999440000000000550e-01 -2.777549999999999741e-01 9.606069999999999887e-01 9.315999999999999628e-03 -9.606500000000000039e-01 -2.777189999999999936e-01 -4.939999999999999947e-03
2.000000000000000000e+01 2.700000000000000000e+01 6.300000000000000000e+01 0.000000000000000000e+00 1.600000000000000089e+00 -1.020000000000000073e-03 -4.903000000000000240e-03 9.999869999999999592e-01 -2.770710000000000117e-01 9.608389999999999986e-01 4.427999999999999645e-03 -9.608489999999999531e-01 -2.770630000000000037e-01 -2.337999999999999801e-03
2.500000000000000000e+01 2.700000000000000000e+01 6.300000000000000000e+01 0.000000000000000000e+00 1.600000000000000089e+00 7.780000000000000457e-04 2.766999999999999928e-03 9.999959999999999960e-01 -2.799429999999999974e-01 9.600130000000000052e-01 -2.438000000000000063e-03 -9.600159999999999805e-01 -2.799400000000000222e-01 1.521999999999999915e-03
4.000000000000000000e+00 2.600000000000000000e+01 6.400000000000000000e+01 0.000000000000000000e+00 1.600000000000000089e+00 -3.785000000000000170e-03 -6.409999999999999682e-04 9.999930000000000208e-01 -3.530789999999999762e-01 9.355930000000000080e-01 -7.370000000000000249e-04 -9.355860000000000287e-01 -3.530789999999999762e-01 -3.768000000000000082e-03
