1.600000000000000000e+01 2.500000000000000000e+01 1.000000000000000000e+00 0.000000000000000000e+00 1.600000000000000089e+00 -4.063999999999999904e-03 -4.662000000000000345e-03 -9.999810000000000088e-01 -5.310570000000000013e-01 -8.473140000000000116e-01 6.107999999999999714e-03 -8.473270000000000524e-01 5.310709999999999598e-01 9.669999999999999776e-04
2.500000000000000000e+01 2.500000000000000000e+01 1.000000000000000000e+00 0.000000000000000000e+00 1.600000000000000089e+00 -8.120000000000000048e-04 -3.468999999999999861e-03 -9.999940000000000495e-01 -5.249939999999999607e-01 -8.510990000000000499e-01 3.379000000000000059e-03 -8.511060000000000292e-01 5.249930000000000430e-01 -1.129999999999999928e-03
4.000000000000000000e+00 1.500000000000000000e+01 4.000000000000000000e+00 0.000000000000000000e+00 1.600000000000000089e+00 -1.469000000000000037e-03 2.985999999999999939e-03 9.999940000000000495e-01 2.944470000000000143e-01 -9.556620000000000115e-01 3.285999999999999859e-03 9.556670000000000442e-01 2.944499999999999895e-01 5.249999999999999676e-04
1.000000000000000000e+01 1.500000000000000000e+01 4.000000000000000000e+00 0.000000000000000000e+00 1.600000000000000089e+00 4.110000000000000155e-04 -2.746000000000000177e-03 9.999959999999999960e-01 2.939590000000000258e-01 -9.558140000000000525e-01 -2.745000000000000044e-03 9.558179999999999454e-01 2.939590000000000258e-01 4.150000000000000043e-04
1.600000000000000000e+01 1.500000000000000000e+01 4.000000000000000000e+00 0.000000000000000000e+00 1.600000000000000089e+00 2.750000000000000166e-04 -1.964700000000000127e-02 9.998070000000000013e-01 2.903589999999999782e-01 -9.567320000000000269e-01 -1.888000000000000095e-02 9.569180000000000463e-01 2.903080000000000105e-01 5.441999999999999789e-03
2.600000000000000000e+01 1.500000000000000000e+01 4.000000000000000000e+00 0.000000000000000000e+00 1.600000000000000089e+00 -2.719000000000000063e-03 -1.077799999999999939e-02 9.999379999999999935e-01 2.823910000000000031e-01 -9.592519999999999936e-01 -9.572000000000000647e-03 9.592960000000000376e-01 2.823479999999999879e-01 5.651999999999999906e-03
4.000000000000000000e+00 1.010000000000000000e+02 7.000000000000000000e+00 0.000000000000000000e+00 1.600000000000000089e+00 2.239000000000000105e-03 3.930999999999999599e-03 9.999900000000000455e-01 8.845089999999999897e-01 4.665070000000000050e-01 -3.814000000000000116e-03 -4.665170000000000150e-01 8.845089999999999897e-01 -2.432000000000000134e-03
1.200000000000000000e+01 1.010000000000000000e+02 7.000000000000000000e+00 0.000000000000000000e+00 1.600000000000000089e+00 -2.063999999999999863e-03 -1.562699999999999853e-02 9.998759999999999870e-01 8.867660000000000542e-01 4.621299999999999852e-01 9.053000000000000283e-03 -4.622140000000000137e-01 8.866749999999999909e-01 1.290400000000000054e-02
2.200000000000000000e+01 1.010000000000000000e+02 7.000000000000000000e+00 0.000000000000000000e+00 1.600000000000000089e+00 -1.095000000000000053e-03 -3.157000000000000084e-03 9.999940000000000495e-01 8.859489999999999865e-01 4.637760000000000216e-01 2.433999999999999966e-03 -4.637809999999999988e-01 8.859470000000000400e-01 2.288999999999999802e-03
2.800000000000000000e+01 1.010000000000000000e+02 7.000000000000000000e+00 0.000000000000000000e+00 1.600000000000000089e+00 -2.926999999999999914e-03 -7.240000000000000342e-04 9.999949999999999672e-01 8.839099999999999735e-01 4.676480000000000081e-01 2.926000000000000215e-03 -4.676480000000000081e-01 8.839150000000000063e-01 -7.290000000000000473e-04
3.000000000000000000e+00 1.500000000000000000e+01 8.000000000000000000e+00 0.000000000000000000e+00 1.600000000000000089e+00 -1.569000000000000082e-03 -1.262000000000000101e-03 -9.999980000000000535e-01 -5.918759999999999577e-01 -8.060270000000000490e-01 1.944999999999999897e-03 -8.060270000000000490e-01 5.918780000000000152e-01 5.180000000000000143e-04
1.400000000000000000e+01 1.500000000000000000e+01 8.000000000000000000e+00 0.000000000000000000e+00 1.600000000000000089e+00 -2.096999999999999906e-03 -6.573999999999999982e-03 -9.999759999999999760e-01 -5.911969999999999725e-01 -8.065010000000000234e-01 6.542000000000000072e-03 -8.065250000000000474e-01 5.911969999999999725e-01 -2.196000000000000035e-03
1.800000000000000000e+01 1.500000000000000000e+01 8.000000000000000000e+00 0.000000000000000000e+00 1.600000000000000089e+00 -3.115000000000000147e-03 -2.016199999999999937e-02 -9.997920000000000140e-01 -5.937989999999999657e-01 -8.044099999999999584e-01 1.807200000000000126e-02 -8.046069999999999611e-01 5.937320000000000375e-01 -9.466999999999999721e-03
2.800000000000000000e+01 1.500000000000000000e+01 8.000000000000000000e+00 0.000000000000000000e+00 1.600000000000000089e+00 -4.373000000000000151e-03 -2.405000000000000020e-03 -9.999879999999999880e-01 -5.937200000000000255e-01 -8.046590000000000131e-01 4.531999999999999570e-03 -8.046600000000000419e-01 5.937320000000000375e-01 2.090999999999999977e-03
3.000000000000000000e+00 2.400000000000000000e+01 9.000000000000000000e+00 0.000000000000000000e+00 1.600000000000000089e+00 2.268000000000000051e-03 1.155699999999999956e-02 -9.999310000000000143e-01 4.593639999999999946e-01 8.881759999999999655e-01 1.130800000000000034e-02 8.882449999999999513e-01 -4.593570000000000153e-01 -3.294000000000000053e-03
8.000000000000000000e+00 2.400000000000000000e+01 9.000000000000000000e+00 0.000000000000000000e+00 1.600000000000000089e+00 1.142999999999999919e-03 3.910000000000000281e-03 -9.999919999999999920e-01 4.598070000000000213e-01 8.880099999999999660e-01 3.997999999999999818e-03 8.880179999999999740e-01 -4.598070000000000213e-01 -7.829999999999999504e-04
1.300000000000000000e+01 2.400000000000000000e+01 9.000000000000000000e+00 0.000000000000000000e+00 1.600000000000000089e+00 2.370999999999999844e-03 8.448000000000000648e-03 -9.999609999999999888e-01 4.585879999999999956e-01 8.886070000000000357e-01 8.593999999999999209e-03 8.886460000000000470e-01 -4.585910000000000264e-01 -1.766999999999999908e-03
1.800000000000000000e+01 2.400000000000000000e+01 9.000000000000000000e+00 0.000000000000000000e+00 1.600000000000000089e+00 4.266999999999999960e-03 1.063300000000000009e-02 -9.999339999999999895e-01 4.581990000000000229e-01 8.887760000000000105e-01 1.140599999999999947e-02 8.888390000000000457e-01 -4.582180000000000142e-01 -1.080000000000000014e-03
2.000000000000000000e+01 2.400000000000000000e+01 9.000000000000000000e+00 0.000000000000000000e+00 1.600000000000000089e+00 4.536000000000000101e-03 1.042200000000000071e-02 -9.999350000000000183e-01 4.574650000000000105e-01 8.891550000000000287e-01 1.134199999999999965e-02 8.892160000000000064e-01 -4.574869999999999770e-01 -7.349999999999999763e-04
2.300000000000000000e+01 2.400000000000000000e+01 9.000000000000000000e+00 0.000000000000000000e+00 1.600000000000000089e+00 3.848999999999999991e-03 7.438000000000000167e-03 -9.999649999999999928e-01 4.560750000000000082e-01 8.899019999999999708e-01 8.375000000000000500e-03 8.899329999999999741e-01 -4.560910000000000242e-01 3.300000000000000253e-05
2.700000000000000000e+01 2.400000000000000000e+01 9.000000000000000000e+00 0.000000000000000000e+00 1.600000000000000089e+00 7.519999999999999558e-04 3.060000000000000111e-04 -1.000000000000000000e+00 4.540830000000000144e-01 8.909589999999999455e-01 6.139999999999999625e-04 8.909589999999999455e-01 -4.540839999999999876e-01 5.310000000000000050e-04
6.000000000000000000e+00 4.000000000000000000e+00 1.100000000000000000e+01 0.000000000000000000e+00 1.600000000000000089e+00 1.940000000000000101e-03 1.459200000000000080e-02 -9.998920000000000030e-01 2.080269999999999897e-01 9.780130000000000212e-01 1.467700000000000081e-02 9.781210000000000182e-01 -2.080329999999999957e-01 -1.137999999999999906e-03
1.000000000000000000e+01 4.000000000000000000e+00 1.100000000000000000e+01 0.000000000000000000e+00 1.600000000000000089e+00 3.106999999999999953e-03 2.109700000000000117e-02 -9.997730000000000228e-01 2.019509999999999916e-01 9.791640000000000343e-01 2.128899999999999890e-02 9.793910000000000116e-01 -2.019710000000000116e-01 -1.217999999999999899e-03
2.000000000000000000e+01 4.000000000000000000e+00 1.100000000000000000e+01 0.000000000000000000e+00 1.600000000000000089e+00 8.750000000000000182e-04 2.206299999999999928e-02 -9.997559999999999780e-01 1.752279999999999949e-01 9.842849999999999655e-01 2.187499999999999861e-02 9.845270000000000410e-01 -1.752049999999999996e-01 -3.004999999999999859e-03
2.000000000000000000e+00 3.100000000000000000e+01 1.200000000000000000e+01 0.000000000000000000e+00 1.600000000000000089e+00 -2.082000000000000083e-03 1.799999999999999951e-03 9.999959999999999960e-01 -1.826099999999999945e-02 9.998320000000000540e-01 -1.838000000000000007e-03 -9.998310000000000253e-01 -1.826499999999999999e-02 -2.049000000000000040e-03
7.000000000000000000e+00 3.100000000000000000e+01 1.200000000000000000e+01 0.000000000000000000e+00 1.600000000000000089e+00 -2.480000000000000108e-04 4.600000000000000139e-04 1.000000000000000000e+00 -1.640899999999999997e-02 9.998650000000000038e-01 -4.640000000000000027e-04 -9.998650000000000038e-01 -1.640899999999999997e-02 -2.410000000000000033e-04
1.100000000000000000e+01 3.100000000000000000e+01 1.200000000000000000e+01 0.000000000000000000e+00 1.600000000000000089e+00 2.359999999999999902e-04 2.200000000000000133e-03 9.999980000000000535e-01 -1.652700000000000002e-02 9.998609999999999998e-01 -2.194999999999999903e-03 -9.998629999999999463e-01 -1.652700000000000002e-02 2.719999999999999979e-04
2.000000000000000000e+01 3.000000000000000000e+00 1.300000000000000000e+01 0.000000000000000000e+00 1.600000000000000089e+00 6.520000000000000188e-04 2.221800000000000164e-02 9.997530000000000028e-01 -2.867000000000000191e-03 9.997489999999999988e-01 -2.221599999999999964e-02 -9.999959999999999960e-01 -2.851999999999999934e-03 7.150000000000000322e-04
2.200000000000000000e+01 3.000000000000000000e+00 1.300000000000000000e+01 0.000000000000000000e+00 1.600000000000000089e+00 4.920000000000000328e-04 1.635500000000000148e-02 9.998660000000000325e-01 -1.585999999999999953e-03 9.998650000000000038e-01 -1.635400000000000048e-02 -9.999989999999999712e-01 -1.577000000000000060e-03 5.180000000000000143e-04
2.500000000000000000e+01 3.000000000000000000e+00 1.300000000000000000e+01 0.000000000000000000e+00 1.600000000000000089e+00 6.000000000000000152e-05 7.224000000000000386e-03 9.999740000000000295e-01 -1.559999999999999972e-03 9.999730000000000008e-01 -7.224000000000000386e-03 -9.999989999999999712e-01 -1.559999999999999972e-03 7.100000000000000462e-05
2.000000000000000000e+00 1.200000000000000000e+01 1.500000000000000000e+01 0.000000000000000000e+00 1.600000000000000089e+00 8.159999999999999936e-04 1.108000000000000044e-03 -9.999989999999999712e-01 -4.730090000000000128e-01 -8.810569999999999791e-01 -1.361999999999999929e-03 -8.810569999999999791e-01 4.730090000000000128e-01 -1.939999999999999993e-04
1.500000000000000000e+01 1.200000000000000000e+01 1.500000000000000000e+01 0.000000000000000000e+00 1.600000000000000089e+00 -1.008999999999999914e-03 -2.772000000000000158e-03 -9.999959999999999960e-01 -4.731009999999999938e-01 -8.810040000000000093e-01 2.919999999999999853e-03 -8.810080000000000133e-01 4.731009999999999938e-01 -4.229999999999999819e-04
2.200000000000000000e+01 1.200000000000000000e+01 1.500000000000000000e+01 0.000000000000000000e+00 1.600000000000000089e+00 -1.368000000000000075e-03 -9.728000000000000536e-03 -9.999519999999999520e-01 -4.710679999999999867e-01 -8.820480000000000542e-01 9.225000000000000561e-03 -8.820959999999999912e-01 4.710579999999999767e-01 -3.376000000000000095e-03
2.700000000000000000e+01 1.200000000000000000e+01 1.500000000000000000e+01 0.000000000000000000e+00 1.600000000000000089e+00 -3.298000000000000150e-03 -3.540999999999999877e-03 -9.999879999999999880e-01 -4.676400000000000001e-01 -8.839069999999999983e-01 4.673000000000000070e-03 -8.839129999999999487e-01 4.676500000000000101e-01 1.260000000000000052e-03
3.000000000000000000e+01 1.200000000000000000e+01 1.500000000000000000e+01 0.000000000000000000e+00 1.600000000000000089e+00 -3.449999999999999942e-03 -3.322999999999999999e-03 -9.999879999999999880e-01 -4.702319999999999833e-01 -8.825309999999999544e-01 4.555000000000000021e-03 -8.825359999999999872e-01 4.702419999999999933e-01 1.482999999999999943e-03
3.000000000000000000e+00 1.160000000000000000e+02 1.600000000000000000e+01 0.000000000000000000e+00 1.600000000000000089e+00 1.788000000000000093e-03 2.614000000000000004e-03 9.999949999999999672e-01 7.032890000000000530e-01 7.108970000000000011e-01 -3.115999999999999846e-03 -7.109020000000000339e-01 7.032909999999999995e-01 -5.670000000000000127e-04
1.100000000000000000e+01 1.160000000000000000e+02 1.600000000000000000e+01 0.000000000000000000e+00 1.600000000000000089e+00 -1.472000000000000001e-03 -1.873000000000000099e-03 9.999970000000000248e-01 6.680230000000000334e-01 7.441370000000000484e-01 2.377000000000000206e-03 -7.441389999999999949e-01 6.680249999999999799e-01 1.559999999999999972e-04
2.000000000000000000e+00 2.000000000000000000e+00 1.900000000000000000e+01 0.000000000000000000e+00 1.600000000000000089e+00 -2.210000000000000159e-03 -5.331999999999999934e-03 -9.999829999999999552e-01 2.202820000000000056e-01 -9.754249999999999865e-01 4.714000000000000308e-03 -9.754340000000000233e-01 -2.202669999999999906e-01 3.331000000000000193e-03
1.200000000000000000e+01 2.000000000000000000e+00 1.900000000000000000e+01 0.000000000000000000e+00 1.600000000000000089e+00 4.017999999999999870e-03 4.133999999999999654e-03 -9.999829999999999552e-01 2.149429999999999952e-01 -9.766209999999999614e-01 -3.173000000000000039e-03 -9.766179999999999861e-01 -2.149270000000000069e-01 -4.812000000000000305e-03
1.900000000000000000e+01 2.000000000000000000e+00 1.900000000000000000e+01 0.000000000000000000e+00 1.600000000000000089e+00 -5.900000000000000296e-04 -6.229000000000000162e-03 -9.999799999999999800e-01 2.100450000000000095e-01 -9.776730000000000143e-01 5.967000000000000082e-03 -9.776909999999999767e-01 -2.100380000000000025e-01 1.884999999999999957e-03
2.500000000000000000e+01 2.000000000000000000e+00 1.900000000000000000e+01 0.000000000000000000e+00 1.600000000000000089e+00 1.487999999999999956e-03 -1.452999999999999951e-02 -9.998930000000000318e-01 2.138940000000000008e-01 -9.767489999999999783e-01 1.451200000000000059e-02 -9.768559999999999466e-01 -2.138929999999999998e-01 1.654000000000000088e-03
2.900000000000000000e+01 2.000000000000000000e+00 1.900000000000000000e+01 0.000000000000000000e+00 1.600000000000000089e+00 -1.603000000000000041e-03 -5.879999999999999810e-03 -9.999810000000000088e-01 2.126699999999999979e-01 -9.771090000000000053e-01 5.403999999999999949e-03 -9.771229999999999638e-01 -2.126580000000000137e-01 2.817000000000000060e-03
2.100000000000000000e+01 4.000000000000000000e+00 2.000000000000000000e+01 0.000000000000000000e+00 1.600000000000000089e+00 1.100000000000000066e-03 -7.683999999999999858e-03 -9.999700000000000255e-01 2.981260000000000021e-01 -9.544960000000000111e-01 7.662000000000000408e-03 -9.545259999999999856e-01 -2.981249999999999734e-01 1.240000000000000000e-03
3.000000000000000000e+00 1.300000000000000000e+01 2.000000000000000000e+01 0.000000000000000000e+00 1.600000000000000089e+00 -3.249999999999999851e-04 -2.959999999999999849e-04 1.000000000000000000e+00 2.600239999999999774e-01 9.656019999999999603e-01 3.699999999999999947e-04 -9.656019999999999603e-01 2.600239999999999774e-01 -2.369999999999999874e-04
1.200000000000000000e+01 1.300000000000000000e+01 2.000000000000000000e+01 0.000000000000000000e+00 1.600000000000000089e+00 -2.359999999999999902e-04 1.175000000000000046e-03 9.999989999999999712e-01 2.618320000000000092e-01 9.651129999999999987e-01 -1.072000000000000036e-03 -9.651129999999999987e-01 2.618320000000000092e-01 -5.360000000000000181e-04
1.500000000000000000e+01 1.300000000000000000e+01 2.000000000000000000e+01 0.000000000000000000e+00 1.600000000000000089e+00 -9.129999999999999661e-04 -6.173999999999999801e-03 9.999810000000000088e-01 2.623610000000000109e-01 9.649499999999999744e-01 6.198000000000000384e-03 -9.649689999999999657e-01 2.623610000000000109e-01 7.380000000000000492e-04
2.300000000000000000e+01 1.300000000000000000e+01 2.000000000000000000e+01 0.000000000000000000e+00 1.600000000000000089e+00 4.730000000000000046e-04 7.209999999999999612e-04 1.000000000000000000e+00 2.645399999999999974e-01 9.643739999999999535e-01 -8.199999999999999824e-04 -9.643749999999999822e-01 2.645399999999999974e-01 2.660000000000000146e-04
2.800000000000000000e+01 1.300000000000000000e+01 2.000000000000000000e+01 0.000000000000000000e+00 1.600000000000000089e+00 5.609999999999999752e-04 -1.360000000000000098e-03 9.999989999999999712e-01 2.635790000000000077e-01 9.646369999999999667e-01 1.162999999999999971e-03 -9.646379999999999955e-01 2.635790000000000077e-01 8.999999999999999754e-04
6.000000000000000000e+00 1.600000000000000000e+01 2.100000000000000000e+01 0.000000000000000000e+00 1.600000000000000089e+00 4.189999999999999931e-04 3.308000000000000176e-03 9.999940000000000495e-01 3.020800000000000152e-01 9.532770000000000410e-01 -3.279999999999999930e-03 -9.532819999999999627e-01 3.020800000000000152e-01 -5.999999999999999474e-04
1.200000000000000000e+01 1.600000000000000000e+01 2.100000000000000000e+01 0.000000000000000000e+00 1.600000000000000089e+00 -3.699999999999999947e-04 3.311999999999999840e-03 9.999949999999999672e-01 2.998500000000000054e-01 9.539809999999999679e-01 -3.047999999999999928e-03 -9.539860000000000007e-01 2.998469999999999747e-01 -1.345999999999999974e-03
1.500000000000000000e+01 1.600000000000000000e+01 2.100000000000000000e+01 0.000000000000000000e+00 1.600000000000000089e+00 -2.149999999999999947e-04 -8.184000000000000302e-03 9.999670000000000503e-01 3.005329999999999946e-01 9.537390000000000034e-01 7.870000000000000259e-03 -9.537710000000000354e-01 3.005249999999999866e-01 2.255000000000000060e-03
1.900000000000000000e+01 1.600000000000000000e+01 2.100000000000000000e+01 0.000000000000000000e+00 1.600000000000000089e+00 1.281999999999999936e-03 -7.832999999999999685e-03 9.999679999999999680e-01 3.034080000000000110e-01 9.528339999999999588e-01 7.074999999999999692e-03 -9.528600000000000403e-01 3.033899999999999930e-01 3.598000000000000070e-03
2.300000000000000000e+01 1.600000000000000000e+01 2.100000000000000000e+01 0.000000000000000000e+00 1.600000000000000089e+00 -3.179999999999999776e-04 -3.471000000000000127e-03 9.999940000000000495e-01 3.029510000000000258e-01 9.529999999999999583e-01 3.403999999999999908e-03 -9.530060000000000198e-01 3.029499999999999971e-01 7.489999999999999913e-04
2.900000000000000000e+01 1.600000000000000000e+01 2.100000000000000000e+01 0.000000000000000000e+00 1.600000000000000089e+00 1.801999999999999999e-03 1.144000000000000052e-03 9.999980000000000535e-01 3.022020000000000262e-01 9.532429999999999515e-01 -1.634999999999999952e-03 -9.532420000000000337e-01 3.022039999999999726e-01 1.371999999999999956e-03
4.000000000000000000e+00 4.600000000000000000e+01 2.700000000000000000e+01 0.000000000000000000e+00 1.600000000000000089e+00 1.092000000000000089e-03 1.807999999999999928e-03 -9.999980000000000535e-01 6.565239999999999965e-01 7.543020000000000280e-01 2.080999999999999951e-03 7.543039999999999745e-01 -6.565250000000000252e-01 -3.629999999999999872e-04
2.300000000000000000e+01 4.600000000000000000e+01 2.700000000000000000e+01 0.000000000000000000e+00 1.600000000000000089e+00 -1.338999999999999913e-03 5.000000000000000104e-04 -9.999989999999999712e-01 6.685440000000000271e-01 7.436719999999999997e-01 -5.230000000000000274e-04 7.436709999999999710e-01 -6.685440000000000271e-01 -1.330999999999999935e-03
3.000000000000000000e+00 4.600000000000000000e+01 3.000000000000000000e+01 0.000000000000000000e+00 1.600000000000000089e+00 3.139999999999999888e-04 2.527999999999999865e-03 -9.999970000000000248e-01 3.176289999999999947e-01 9.482120000000000548e-01 2.497000000000000088e-03 9.482150000000000301e-01 -3.176280000000000214e-01 -5.050000000000000235e-04
7.000000000000000000e+00 4.600000000000000000e+01 3.000000000000000000e+01 0.000000000000000000e+00 1.600000000000000089e+00 1.350999999999999987e-03 -7.299999999999999903e-05 -9.999989999999999712e-01 3.239699999999999802e-01 9.460669999999999913e-01 3.690000000000000246e-04 9.460659999999999625e-01 -3.239699999999999802e-01 1.301999999999999989e-03
1.500000000000000000e+01 4.600000000000000000e+01 3.000000000000000000e+01 0.000000000000000000e+00 1.600000000000000089e+00 1.183999999999999940e-03 2.079000000000000119e-03 -9.999970000000000248e-01 3.256339999999999790e-01 9.454930000000000279e-01 2.350999999999999791e-03 9.454949999999999743e-01 -3.256359999999999810e-01 4.420000000000000101e-04
2.000000000000000000e+01 4.600000000000000000e+01 3.000000000000000000e+01 0.000000000000000000e+00 1.600000000000000089e+00 -3.609999999999999928e-04 -1.681999999999999901e-03 -9.999989999999999712e-01 3.238199999999999967e-01 9.461169999999999858e-01 -1.708000000000000100e-03 9.461190000000000433e-01 -3.238199999999999967e-01 2.030000000000000012e-04
3.000000000000000000e+01 4.600000000000000000e+01 3.000000000000000000e+01 0.000000000000000000e+00 1.600000000000000089e+00 2.610000000000000015e-04 4.670000000000000214e-04 -1.000000000000000000e+00 3.154879999999999907e-01 9.489290000000000225e-01 5.249999999999999676e-04 9.489300000000000512e-01 -3.154879999999999907e-01 1.000000000000000048e-04
5.000000000000000000e+00 5.800000000000000000e+01 3.100000000000000000e+01 0.000000000000000000e+00 1.600000000000000089e+00 -2.286999999999999970e-03 -2.249000000000000131e-03 9.999949999999999672e-01 -7.778030000000000221e-01 -6.285009999999999764e-01 -3.191999999999999959e-03 6.285049999999999804e-01 -7.778059999999999974e-01 -3.119999999999999944e-04
7.000000000000000000e+00 5.800000000000000000e+01 3.100000000000000000e+01 0.000000000000000000e+00 1.600000000000000089e+00 -1.309000000000000051e-03 -1.887000000000000005e-03 9.999970000000000248e-01 -7.808709999999999818e-01 -6.246890000000000498e-01 -2.200999999999999832e-03 6.246909999999999963e-01 -7.808720000000000105e-01 -6.560000000000000076e-04
1.900000000000000000e+01 5.800000000000000000e+01 3.100000000000000000e+01 0.000000000000000000e+00 1.600000000000000089e+00 -2.325999999999999943e-03 -4.074999999999999629e-03 9.999890000000000168e-01 -7.858300000000000285e-01 -6.184279999999999777e-01 -4.348000000000000302e-03 6.184389999999999610e-01 -7.858309999999999462e-01 -1.763999999999999943e-03
2.600000000000000000e+01 5.800000000000000000e+01 3.100000000000000000e+01 0.000000000000000000e+00 1.600000000000000089e+00 9.920000000000000432e-04 -1.703000000000000087e-03 9.999980000000000535e-01 -7.824539999999999829e-01 -6.227080000000000393e-01 -2.840000000000000185e-04 6.227080000000000393e-01 -7.824520000000000364e-01 -1.949999999999999910e-03
3.000000000000000000e+00 4.600000000000000000e+01 3.500000000000000000e+01 0.000000000000000000e+00 1.600000000000000089e+00 3.800000000000000209e-04 -1.134000000000000025e-03 -9.999989999999999712e-01 3.852149999999999741e-01 -9.228260000000000352e-01 1.193000000000000050e-03 -9.228269999999999529e-01 -3.852160000000000029e-01 8.600000000000000331e-05
7.000000000000000000e+00 4.600000000000000000e+01 3.500000000000000000e+01 0.000000000000000000e+00 1.600000000000000089e+00 -1.603000000000000041e-03 5.950000000000000427e-04 -9.999989999999999712e-01 3.852970000000000006e-01 -9.227919999999999456e-01 -1.167000000000000069e-03 -9.227910000000000279e-01 -3.852990000000000026e-01 1.250000000000000026e-03
1.200000000000000000e+01 4.600000000000000000e+01 3.500000000000000000e+01 0.000000000000000000e+00 1.600000000000000089e+00 -1.162000000000000055e-03 3.371999999999999997e-03 -9.999940000000000495e-01 3.860040000000000138e-01 -9.224900000000000322e-01 -3.559000000000000098e-03 -9.224959999999999827e-01 -3.860060000000000158e-01 -2.290000000000000098e-04
1.800000000000000000e+01 4.600000000000000000e+01 3.500000000000000000e+01 0.000000000000000000e+00 1.600000000000000089e+00 -7.600000000000000418e-05 -2.465000000000000177e-03 -9.999970000000000248e-01 3.860850000000000115e-01 -9.224609999999999754e-01 2.245000000000000034e-03 -9.224630000000000329e-01 -3.860830000000000095e-01 1.021999999999999905e-03
2.200000000000000000e+01 4.600000000000000000e+01 3.500000000000000000e+01 0.000000000000000000e+00 1.600000000000000089e+00 -4.920000000000000328e-04 4.220000000000000118e-04 -1.000000000000000000e+00 3.869790000000000174e-01 -9.220880000000000187e-01 -5.800000000000000034e-04 -9.220880000000000187e-01 -3.869790000000000174e-01 2.900000000000000017e-04
2.800000000000000000e+01 4.600000000000000000e+01 3.500000000000000000e+01 0.000000000000000000e+00 1.600000000000000089e+00 2.280000000000000126e-04 -1.497000000000000067e-03 -9.999989999999999712e-01 3.853300000000000058e-01 -9.227779999999999871e-01 1.469000000000000037e-03 -9.227790000000000159e-01 -3.853300000000000058e-01 3.660000000000000059e-04
1.000000000000000000e+00 9.500000000000000000e+01 3.600000000000000000e+01 0.000000000000000000e+00 1.600000000000000089e+00 5.709999999999999798e-03 -1.161300000000000006e-02 9.999160000000000270e-01 9.973880000000000523e-01 7.206100000000000005e-02 -4.858999999999999604e-03 -7.199800000000000644e-02 9.973330000000000251e-01 1.199399999999999945e-02
7.000000000000000000e+00 9.500000000000000000e+01 3.600000000000000000e+01 0.000000000000000000e+00 1.600000000000000089e+00 3.389999999999999784e-03 2.635999999999999888e-03 9.999909999999999632e-01 9.968000000000000194e-01 7.985200000000000631e-02 -3.589999999999999875e-03 -7.986100000000000143e-02 9.968029999999999946e-01 -2.356000000000000021e-03
1.200000000000000000e+01 9.500000000000000000e+01 3.600000000000000000e+01 0.000000000000000000e+00 1.600000000000000089e+00 -2.707000000000000205e-03 -3.196000000000000056e-03 9.999909999999999632e-01 9.965730000000000421e-01 8.266800000000000537e-02 2.961999999999999789e-03 -8.267700000000000049e-02 9.965720000000000134e-01 2.961000000000000090e-03
2.000000000000000000e+01 9.500000000000000000e+01 3.600000000000000000e+01 0.000000000000000000e+00 1.600000000000000089e+00 -4.329999999999999648e-03 -2.439099999999999949e-02 9.996930000000000538e-01 9.972579999999999778e-01 7.375600000000000211e-02 6.119000000000000307e-03 -7.388300000000000423e-02 9.969780000000000308e-01 2.400400000000000103e-02
2.500000000000000000e+01 9.500000000000000000e+01 3.600000000000000000e+01 0.000000000000000000e+00 1.600000000000000089e+00 -2.722000000000000027e-03 -1.402600000000000027e-02 9.998979999999999535e-01 9.975859999999999728e-01 6.934099999999999986e-02 3.689000000000000005e-03 -6.938600000000000323e-02 9.974939999999999918e-01 1.380299999999999930e-02
6.000000000000000000e+00 3.000000000000000000e+00 4.300000000000000000e+01 0.000000000000000000e+00 1.600000000000000089e+00 -1.807000000000000012e-03 -6.321000000000000230e-03 -9.999780000000000335e-01 7.418200000000000349e-01 -6.705929999999999946e-01 2.899000000000000101e-03 -6.705969999999999986e-01 -7.417989999999999862e-01 5.900999999999999995e-03
1.000000000000000000e+01 3.000000000000000000e+00 4.300000000000000000e+01 0.000000000000000000e+00 1.600000000000000089e+00 -6.629999999999999609e-04 1.149400000000000074e-02 -9.999339999999999895e-01 7.409909999999999553e-01 -6.714649999999999785e-01 -8.208999999999999284e-03 -6.715149999999999730e-01 -7.409470000000000223e-01 -8.071999999999999315e-03
1.600000000000000000e+01 3.000000000000000000e+00 4.300000000000000000e+01 0.000000000000000000e+00 1.600000000000000089e+00 -1.724000000000000055e-03 3.201999999999999985e-03 -9.999930000000000208e-01 7.382830000000000226e-01 -6.744830000000000547e-01 -3.432000000000000155e-03 -6.744890000000000052e-01 -7.382840000000000513e-01 -1.201000000000000028e-03
1.900000000000000000e+01 3.000000000000000000e+00 4.300000000000000000e+01 0.000000000000000000e+00 1.600000000000000089e+00 3.805999999999999921e-03 -7.291999999999999871e-03 -9.999660000000000215e-01 7.378770000000000051e-01 -6.748910000000000187e-01 7.729999999999999892e-03 -6.749239999999999684e-01 -7.378820000000000379e-01 2.811999999999999830e-03
2.500000000000000000e+01 3.000000000000000000e+00 4.300000000000000000e+01 0.000000000000000000e+00 1.600000000000000089e+00 -2.508999999999999946e-03 -1.600000000000000131e-04 -9.999970000000000248e-01 7.399270000000000014e-01 -6.726839999999999486e-01 -1.748999999999999904e-03 -6.726820000000000022e-01 -7.399289999999999479e-01 1.806000000000000097e-03
3.000000000000000000e+01 3.000000000000000000e+00 4.300000000000000000e+01 0.000000000000000000e+00 1.600000000000000089e+00 7.344999999999999966e-03 2.609999999999999907e-03 -9.999700000000000255e-01 7.384939999999999838e-01 -6.742510000000000447e-01 3.664000000000000156e-03 -6.742209999999999592e-01 -7.384979999999999878e-01 -6.879999999999999831e-03
3.000000000000000000e+00 2.900000000000000000e+01 4.400000000000000000e+01 0.000000000000000000e+00 1.600000000000000089e+00 -2.951000000000000064e-03 9.229999999999999923e-04 -9.999949999999999672e-01 6.631209999999999605e-01 7.485110000000000374e-01 -1.265999999999999981e-03 7.485070000000000334e-01 -6.631209999999999605e-01 -2.821000000000000157e-03
1.800000000000000000e+01 2.900000000000000000e+01 4.400000000000000000e+01 0.000000000000000000e+00 1.600000000000000089e+00 2.088000000000000012e-03 -4.600000000000000139e-04 -9.999980000000000535e-01 6.626319999999999988e-01 7.489440000000000541e-01 1.038999999999999993e-03 7.489419999999999966e-01 -6.626330000000000275e-01 1.869000000000000002e-03
2.200000000000000000e+01 2.900000000000000000e+01 4.400000000000000000e+01 0.000000000000000000e+00 1.600000000000000089e+00 -3.339999999999999870e-04 -5.190000000000000386e-04 -1.000000000000000000e+00 6.718199999999999728e-01 7.407139999999999835e-01 -6.089999999999999494e-04 7.407139999999999835e-01 -6.718199999999999728e-01 1.010000000000000020e-04
2.700000000000000000e+01 6.000000000000000000e+00 5.100000000000000000e+01 0.000000000000000000e+00 1.600000000000000089e+00 2.487000000000000061e-03 -2.230000000000000211e-03 -9.999940000000000495e-01 3.316689999999999916e-01 -9.433909999999999796e-01 2.929000000000000180e-03 -9.433930000000000371e-01 -3.316740000000000244e-01 -1.606999999999999922e-03
1.900000000000000000e+01 7.000000000000000000e+00 5.200000000000000000e+01 0.000000000000000000e+00 1.600000000000000089e+00 -5.656999999999999702e-03 -3.791000000000000099e-03 -9.999770000000000048e-01 1.232950000000000018e-01 -9.923650000000000526e-01 3.063999999999999883e-03 -9.923539999999999583e-01 -1.232749999999999957e-01 6.080999999999999600e-03
2.500000000000000000e+01 1.600000000000000000e+01 5.200000000000000000e+01 0.000000000000000000e+00 1.600000000000000089e+00 8.585999999999999882e-03 1.152099999999999999e-02 -9.998970000000000358e-01 7.770089999999999497e-01 6.293360000000000065e-01 1.392400000000000061e-02 6.294309999999999627e-01 -7.770479999999999610e-01 -3.547999999999999939e-03
2.900000000000000000e+01 2.300000000000000000e+01 5.400000000000000000e+01 0.000000000000000000e+00 1.600000000000000089e+00 6.459999999999999814e-04 4.531999999999999570e-03 9.999900000000000455e-01 3.985299999999999954e-02 9.991950000000000554e-01 -4.555000000000000021e-03 -9.992050000000000098e-01 3.985600000000000254e-02 4.650000000000000270e-04
1.000000000000000000e+00 6.300000000000000000e+01 5.400000000000000000e+01 0.000000000000000000e+00 1.600000000000000089e+00 -2.456999999999999983e-03 2.625999999999999862e-03 9.999940000000000495e-01 -3.486290000000000222e-01 9.372549999999999493e-01 -3.318000000000000203e-03 -9.372580000000000355e-01 -3.486349999999999727e-01 -1.386999999999999995e-03
9.000000000000000000e+00 6.300000000000000000e+01 5.400000000000000000e+01 0.000000000000000000e+00 1.600000000000000089e+00 2.489999999999999809e-04 -1.592000000000000099e-03 9.999989999999999712e-01 -3.477999999999999980e-01 9.375679999999999570e-01 1.579000000000000108e-03 -9.375689999999999857e-01 -3.477990000000000248e-01 -3.200000000000000262e-04
1.300000000000000000e+01 6.300000000000000000e+01 5.400000000000000000e+01 0.000000000000000000e+00 1.600000000000000089e+00 8.090000000000000403e-04 7.720000000000000083e-04 9.999989999999999712e-01 -3.529599999999999960e-01 9.356379999999999697e-01 -4.360000000000000269e-04 -9.356379999999999697e-01 -3.529599999999999960e-01 1.028999999999999967e-03
1.700000000000000000e+01 6.300000000000000000e+01 5.400000000000000000e+01 0.000000000000000000e+00 1.600000000000000089e+00 6.970000000000000284e-04 2.197000000000000168e-03 9.999970000000000248e-01 -3.552130000000000010e-01 9.347839999999999483e-01 -1.806000000000000097e-03 -9.347849999999999770e-01 -3.552109999999999990e-01 1.431999999999999896e-03
2.100000000000000000e+01 6.300000000000000000e+01 5.400000000000000000e+01 0.000000000000000000e+00 1.600000000000000089e+00 1.121999999999999950e-03 -3.680999999999999810e-03 9.999930000000000208e-01 -3.554479999999999862e-01 9.346879999999999633e-01 3.840000000000000097e-03 -9.346950000000000536e-01 -3.554490000000000149e-01 -2.590000000000000071e-04
2.500000000000000000e+01 6.300000000000000000e+01 5.400000000000000000e+01 0.000000000000000000e+00 1.600000000000000089e+00 -1.186999999999999904e-03 1.179999999999999951e-04 9.999989999999999712e-01 -3.507580000000000142e-01 9.364660000000000206e-01 -5.270000000000000162e-04 -9.364649999999999919e-01 -3.507589999999999875e-01 -1.069999999999999988e-03
3.000000000000000000e+01 6.300000000000000000e+01 5.400000000000000000e+01 0.000000000000000000e+00 1.600000000000000089e+00 -9.240000000000000166e-04 6.303999999999999708e-03 9.999799999999999800e-01 -3.520400000000000196e-01 9.359640000000000182e-01 -6.225999999999999764e-03 -9.359849999999999559e-01 -3.520380000000000176e-01 1.353999999999999952e-03
3.000000000000000000e+00 2.500000000000000000e+01 5.500000000000000000e+01 0.000000000000000000e+00 1.600000000000000089e+00 1.154000000000000078e-03 -1.160000000000000007e-04 -9.999989999999999712e-01 -1.085999999999999986e-02 -9.999409999999999688e-01 1.039999999999999936e-04 -9.999400000000000510e-01 1.085999999999999986e-02 -1.154999999999999994e-03
1.100000000000000000e+01 2.500000000000000000e+01 5.500000000000000000e+01 0.000000000000000000e+00 1.600000000000000089e+00 -1.363999999999999978e-03 -9.359999999999999831e-04 -9.999989999999999712e-01 -9.534000000000000807e-03 -9.999540000000000095e-01 9.489999999999999738e-04 -9.999540000000000095e-01 9.535000000000000073e-03 1.355000000000000085e-03
1.700000000000000000e+01 2.500000000000000000e+01 5.500000000000000000e+01 0.000000000000000000e+00 1.600000000000000089e+00 1.430000000000000064e-04 -5.980000000000000072e-04 -1.000000000000000000e+00 -1.068599999999999932e-02 -9.999430000000000263e-01 5.959999999999999586e-04 -9.999430000000000263e-01 1.068599999999999932e-02 -1.499999999999999869e-04
2.000000000000000000e+01 2.500000000000000000e+01 5.500000000000000000e+01 0.000000000000000000e+00 1.600000000000000089e+00 1.552999999999999910e-03 1.371000000000000040e-03 -9.999980000000000535e-01 -1.174799999999999976e-02 -9.999299999999999855e-01 -1.389999999999999960e-03 -9.999299999999999855e-01 1.175000000000000003e-02 -1.536999999999999955e-03
2.300000000000000000e+01 2.500000000000000000e+01 5.500000000000000000e+01 0.000000000000000000e+00 1.600000000000000089e+00 7.720000000000000083e-04 -1.585999999999999953e-03 -9.999980000000000535e-01 -1.187799999999999967e-02 -9.999280000000000390e-01 1.577000000000000060e-03 -9.999289999999999567e-01 1.187700000000000040e-02 -7.910000000000000364e-04
2.800000000000000000e+01 6.800000000000000000e+01 5.700000000000000000e+01 0.000000000000000000e+00 1.600000000000000089e+00 -2.280000000000000126e-04 -2.654999999999999808e-03 -9.999959999999999960e-01 -2.404910000000000103e-01 -9.706479999999999553e-01 2.631999999999999791e-03 -9.706510000000000415e-01 2.404910000000000103e-01 -4.169999999999999987e-04
4.000000000000000000e+00 2.100000000000000000e+01 6.000000000000000000e+01 0.000000000000000000e+00 1.600000000000000089e+00 -1.820000000000000057e-04 1.876999999999999979e-03 9.999980000000000535e-01 -9.629400000000000459e-02 9.953509999999999858e-01 -1.886000000000000090e-03 -9.953530000000000433e-01 -9.629400000000000459e-02 -9.999999999999999547e-07
7.000000000000000000e+00 2.100000000000000000e+01 6.000000000000000000e+01 0.000000000000000000e+00 1.600000000000000089e+00 6.579999999999999478e-04 -5.465000000000000240e-03 9.999850000000000128e-01 -9.711899999999999700e-02 9.952579999999999760e-01 5.503000000000000079e-03 -9.952729999999999633e-01 -9.712099999999999900e-02 1.240000000000000054e-04
1.400000000000000000e+01 2.100000000000000000e+01 6.000000000000000000e+01 0.000000000000000000e+00 1.600000000000000089e+00 -1.930000000000000021e-04 -2.929999999999999879e-03 9.999959999999999960e-01 -9.734199999999999797e-02 9.952469999999999928e-01 2.896999999999999836e-03 -9.952509999999999968e-01 -9.734099999999999697e-02 -4.769999999999999934e-04
1.900000000000000000e+01 2.100000000000000000e+01 6.000000000000000000e+01 0.000000000000000000e+00 1.600000000000000089e+00 1.007000000000000083e-03 -1.562999999999999936e-03 9.999980000000000535e-01 -9.680700000000000416e-02 9.953020000000000200e-01 1.652999999999999955e-03 -9.953030000000000488e-01 -9.680900000000000616e-02 8.509999999999999769e-04
2.500000000000000000e+01 2.100000000000000000e+01 6.000000000000000000e+01 0.000000000000000000e+00 1.600000000000000089e+00 -1.012000000000000096e-03 -3.478999999999999888e-03 9.999930000000000208e-01 -9.742399999999999671e-02 9.952370000000000383e-01 3.363999999999999803e-03 -9.952419999999999600e-01 -9.742000000000000659e-02 -1.345999999999999974e-03
3.000000000000000000e+01 2.100000000000000000e+01 6.000000000000000000e+01 0.000000000000000000e+00 1.600000000000000089e+00 -4.899999999999999842e-04 6.359000000000000069e-03 9.999799999999999800e-01 -9.870199999999999807e-02 9.950970000000000093e-01 -6.376999999999999856e-03 -9.951170000000000293e-01 -9.870299999999999907e-02 1.399999999999999877e-04
1.000000000000000000e+00 4.000000000000000000e+00 6.200000000000000000e+01 0.000000000000000000e+00 1.600000000000000089e+00 -3.935000000000000130e-03 6.135999999999999961e-03 9.999730000000000008e-01 -6.137219999999999898e-01 7.894889999999999963e-01 -7.259999999999999960e-03 -7.895119999999999916e-01 -6.137340000000000018e-01 6.589999999999999721e-04
1.200000000000000000e+01 3.000000000000000000e+00 6.300000000000000000e+01 0.000000000000000000e+00 1.600000000000000089e+00 6.989999999999999686e-04 4.301000000000000136e-03 9.999909999999999632e-01 -6.123739999999999739e-01 7.905630000000000157e-01 -2.971999999999999816e-03 -7.905680000000000485e-01 -6.123659999999999659e-01 3.187000000000000163e-03
5.000000000000000000e+00 2.700000000000000000e+01 6.300000000000000000e+01 0.000000000000000000e+00 1.600000000000000089e+00 -9.500000000000000523e-05 6.600000000000000506e-05 1.000000000000000000e+00 -2.756040000000000156e-01 9.612709999999999866e-01 -8.899999999999999491e-05 -9.612709999999999866e-01 -2.756040000000000156e-01 -7.299999999999999903e-05
8.000000000000000000e+00 2.700000000000000000e+01 6.300000000000000000e+01 0.000000000000000000e+00 1.600000000000000089e+00 -2.649999999999999903e-04 -5.109999999999999525e-04 1.000000000000000000e+00 -2.770580000000000265e-01 9.608529999999999571e-01 4.169999999999999987e-04 -9.608529999999999571e-01 -2.770580000000000265e-01 -3.959999999999999762e-04
