5.000000000000000000e+00 1.500000000000000000e+01 4.000000000000000000e+00 0.000000000000000000e+00 1.600000000000000089e+00 -2.524999999999999901e-03 9.244999999999999746e-03 9.999540000000000095e-01 2.944189999999999863e-01 -9.556280000000000330e-01 9.579000000000000709e-03 9.556729999999999947e-01 2.944300000000000250e-01 -3.089999999999999756e-04
1.100000000000000000e+01 1.500000000000000000e+01 4.000000000000000000e+00 0.000000000000000000e+00 1.600000000000000089e+00 2.461000000000000080e-03 2.421999999999999847e-02 9.997040000000000370e-01 2.904820000000000180e-01 -9.566170000000000506e-01 2.246099999999999833e-02 9.568769999999999776e-01 2.903399999999999870e-01 -9.390000000000000777e-03
1.600000000000000000e+01 1.500000000000000000e+01 4.000000000000000000e+00 0.000000000000000000e+00 1.600000000000000089e+00 4.568000000000000012e-03 3.164100000000000246e-02 9.994889999999999608e-01 2.948589999999999822e-01 -9.551039999999999530e-01 2.888800000000000048e-02 9.555299999999999905e-01 2.945769999999999778e-01 -1.369199999999999931e-02
2.200000000000000000e+01 1.500000000000000000e+01 4.000000000000000000e+00 0.000000000000000000e+00 1.600000000000000089e+00 -5.532999999999999724e-03 9.464000000000000190e-03 9.999400000000000510e-01 2.943319999999999825e-01 -9.556440000000000490e-01 1.067399999999999946e-02 9.556869999999999532e-01 2.943729999999999958e-01 2.501999999999999884e-03
2.500000000000000000e+01 1.500000000000000000e+01 4.000000000000000000e+00 0.000000000000000000e+00 1.600000000000000089e+00 -4.486999999999999669e-03 7.785000000000000253e-03 9.999599999999999600e-01 2.908009999999999762e-01 -9.567430000000000101e-01 8.753000000000000363e-03 9.567729999999999846e-01 2.908290000000000042e-01 2.030000000000000120e-03
3.000000000000000000e+01 1.500000000000000000e+01 4.000000000000000000e+00 0.000000000000000000e+00 1.600000000000000089e+00 -6.880000000000000265e-04 1.797100000000000086e-02 9.998380000000000045e-01 2.862450000000000272e-01 -9.579980000000000162e-01 1.741499999999999992e-02 9.581560000000000077e-01 2.862109999999999932e-01 -4.485000000000000271e-03
2.700000000000000000e+01 1.600000000000000000e+01 4.000000000000000000e+00 0.000000000000000000e+00 1.600000000000000089e+00 -3.759999999999999887e-03 1.176600000000000042e-02 9.999240000000000350e-01 3.522520000000000095e-01 -9.358239999999999892e-01 1.233599999999999974e-02 9.358969999999999789e-01 3.522719999999999740e-01 -6.260000000000000373e-04
1.000000000000000000e+00 1.010000000000000000e+02 7.000000000000000000e+00 0.000000000000000000e+00 1.600000000000000089e+00 -2.041999999999999978e-03 -1.523300000000000001e-02 9.998820000000000485e-01 8.840369999999999617e-01 4.673309999999999964e-01 8.925000000000000641e-03 -4.674119999999999941e-01 8.839510000000000423e-01 1.251299999999999982e-02
7.000000000000000000e+00 1.500000000000000000e+01 8.000000000000000000e+00 0.000000000000000000e+00 1.600000000000000089e+00 5.349999999999999721e-03 1.216500000000000047e-02 -9.999120000000000230e-01 -5.936740000000000350e-01 -8.046010000000000106e-01 -1.296500000000000083e-02 -8.046879999999999589e-01 5.936909999999999688e-01 2.918000000000000021e-03
1.100000000000000000e+01 1.500000000000000000e+01 8.000000000000000000e+00 0.000000000000000000e+00 1.600000000000000089e+00 4.022999999999999667e-03 2.272899999999999920e-02 -9.997340000000000115e-01 -5.910800000000000498e-01 -8.063470000000000359e-01 -2.071100000000000024e-02 -8.066029999999999589e-01 5.910060000000000313e-01 1.019100000000000041e-02
1.500000000000000000e+01 1.500000000000000000e+01 8.000000000000000000e+00 0.000000000000000000e+00 1.600000000000000089e+00 3.975000000000000235e-03 3.025699999999999917e-02 -9.995340000000000336e-01 -5.887499999999999956e-01 -8.078710000000000058e-01 -2.679700000000000137e-02 -8.083050000000000512e-01 5.885820000000000496e-01 1.460200000000000040e-02
1.900000000000000000e+01 1.500000000000000000e+01 8.000000000000000000e+00 0.000000000000000000e+00 1.600000000000000089e+00 7.435999999999999902e-03 1.856899999999999870e-02 -9.998000000000000220e-01 -5.862119999999999553e-01 -8.099250000000000060e-01 -1.940199999999999911e-02 -8.101239999999999553e-01 5.862389999999999546e-01 4.863000000000000135e-03
2.400000000000000000e+01 1.500000000000000000e+01 8.000000000000000000e+00 0.000000000000000000e+00 1.600000000000000089e+00 9.053999999999999548e-03 9.015999999999999709e-03 -9.999179999999999735e-01 -5.824449999999999905e-01 -8.127720000000000500e-01 -1.260200000000000035e-02 -8.128199999999999870e-01 5.825120000000000298e-01 -2.106999999999999932e-03
2.500000000000000000e+01 2.600000000000000000e+01 8.000000000000000000e+00 0.000000000000000000e+00 1.600000000000000089e+00 -8.614000000000000129e-03 -1.462600000000000011e-02 -9.998559999999999670e-01 4.045440000000000147e-01 9.143630000000000368e-01 -1.686100000000000099e-02 9.144780000000000131e-01 -4.046310000000000184e-01 -1.958999999999999804e-03
1.100000000000000000e+01 2.400000000000000000e+01 9.000000000000000000e+00 0.000000000000000000e+00 1.600000000000000089e+00 -4.937000000000000416e-03 -8.035000000000000475e-03 -9.999559999999999560e-01 4.536850000000000049e-01 8.911130000000000440e-01 -9.400000000000000369e-03 8.911480000000000512e-01 -4.537109999999999754e-01 -7.540000000000000044e-04
1.900000000000000000e+01 2.400000000000000000e+01 9.000000000000000000e+00 0.000000000000000000e+00 1.600000000000000089e+00 -5.398000000000000020e-03 -1.457499999999999941e-02 -9.998789999999999623e-01 4.573570000000000135e-01 8.891489999999999672e-01 -1.542999999999999927e-02 8.892670000000000297e-01 -4.573849999999999860e-01 1.866000000000000037e-03
2.900000000000000000e+01 2.400000000000000000e+01 9.000000000000000000e+00 0.000000000000000000e+00 1.600000000000000089e+00 -6.806999999999999683e-03 -1.258300000000000043e-02 -9.998979999999999535e-01 4.627410000000000134e-01 8.863779999999999992e-01 -1.430400000000000074e-02 8.864680000000000337e-01 -4.627910000000000079e-01 -2.110000000000000059e-04
6.000000000000000000e+00 4.000000000000000000e+00 1.100000000000000000e+01 0.000000000000000000e+00 1.600000000000000089e+00 2.779999999999999811e-04 -9.471999999999999517e-03 -9.999550000000000383e-01 1.763770000000000060e-01 9.842790000000000150e-01 -9.273999999999999258e-03 9.843229999999999480e-01 -1.763669999999999960e-01 1.944999999999999897e-03
1.200000000000000000e+01 4.000000000000000000e+00 1.100000000000000000e+01 0.000000000000000000e+00 1.600000000000000089e+00 -1.402000000000000034e-03 -2.108900000000000011e-02 -9.997770000000000268e-01 1.821450000000000014e-01 9.830480000000000329e-01 -2.099099999999999924e-02 9.832710000000000061e-01 -1.821339999999999903e-01 2.462999999999999912e-03
2.200000000000000000e+01 4.000000000000000000e+00 1.100000000000000000e+01 0.000000000000000000e+00 1.600000000000000089e+00 -8.700000000000000051e-05 -1.621000000000000045e-03 -9.999989999999999712e-01 1.944339999999999957e-01 9.809139999999999526e-01 -1.606999999999999922e-03 9.809160000000000101e-01 -1.944339999999999957e-01 2.300000000000000070e-04
2.500000000000000000e+01 4.000000000000000000e+00 1.100000000000000000e+01 0.000000000000000000e+00 1.600000000000000089e+00 6.629999999999999609e-04 4.738000000000000024e-03 -9.999890000000000168e-01 1.911059999999999981e-01 9.815580000000000416e-01 4.776999999999999996e-03 9.815690000000000248e-01 -1.911069999999999991e-01 -2.550000000000000183e-04
2.900000000000000000e+01 4.000000000000000000e+00 1.100000000000000000e+01 0.000000000000000000e+00 1.600000000000000089e+00 1.528999999999999977e-03 1.385100000000000046e-02 -9.999029999999999863e-01 1.840849999999999986e-01 9.828120000000000189e-01 1.389499999999999937e-02 9.829090000000000327e-01 -1.840880000000000016e-01 -1.046999999999999971e-03
2.500000000000000000e+01 1.040000000000000000e+02 1.100000000000000000e+01 0.000000000000000000e+00 1.600000000000000089e+00 4.360000000000000160e-03 -4.449999999999999746e-04 9.999900000000000455e-01 -9.750680000000000458e-01 -2.218680000000000097e-01 4.152000000000000308e-03 2.218640000000000057e-01 -9.750769999999999715e-01 -1.400999999999999902e-03
1.100000000000000000e+01 3.100000000000000000e+01 1.200000000000000000e+01 0.000000000000000000e+00 1.600000000000000089e+00 1.859999999999999945e-04 -1.683999999999999950e-03 9.999989999999999712e-01 -2.021200000000000080e-02 9.997939999999999605e-01 1.686999999999999915e-03 -9.997960000000000180e-01 -2.021200000000000080e-02 1.520000000000000084e-04
2.100000000000000000e+01 3.100000000000000000e+01 1.200000000000000000e+01 0.000000000000000000e+00 1.600000000000000089e+00 -3.399999999999999973e-05 -6.679999999999999740e-04 1.000000000000000000e+00 -2.038399999999999934e-02 9.997920000000000140e-01 6.669999999999999497e-04 -9.997920000000000140e-01 -2.038399999999999934e-02 -4.699999999999999724e-05
2.800000000000000000e+01 3.100000000000000000e+01 1.200000000000000000e+01 0.000000000000000000e+00 1.600000000000000089e+00 2.429999999999999868e-03 1.972999999999999927e-03 9.999949999999999672e-01 -2.391499999999999876e-02 9.997120000000000450e-01 -1.915000000000000036e-03 -9.997110000000000163e-01 -2.391000000000000070e-02 2.475999999999999902e-03
2.800000000000000000e+01 3.500000000000000000e+01 1.200000000000000000e+01 0.000000000000000000e+00 1.600000000000000089e+00 2.788000000000000114e-03 2.987000000000000072e-03 -9.999919999999999920e-01 4.870570000000000177e-01 -8.733689999999999509e-01 -1.250999999999999942e-03 -8.733659999999999757e-01 -4.870490000000000097e-01 -3.889999999999999795e-03
5.000000000000000000e+00 3.000000000000000000e+00 1.300000000000000000e+01 0.000000000000000000e+00 1.600000000000000089e+00 -4.040000000000000080e-04 -6.792000000000000294e-03 9.999770000000000048e-01 -1.147600000000000009e-02 9.999109999999999943e-01 6.786999999999999630e-03 -9.999339999999999895e-01 -1.147300000000000056e-02 -4.820000000000000066e-04
1.200000000000000000e+01 3.000000000000000000e+00 1.300000000000000000e+01 0.000000000000000000e+00 1.600000000000000089e+00 -1.902999999999999961e-03 -2.257699999999999985e-02 9.997430000000000483e-01 -1.444999999999999930e-02 9.996410000000000018e-01 2.254700000000000107e-02 -9.998939999999999495e-01 -1.440299999999999914e-02 -2.229000000000000078e-03
1.400000000000000000e+01 3.200000000000000000e+01 1.400000000000000000e+01 0.000000000000000000e+00 1.600000000000000089e+00 -1.183999999999999940e-03 -2.825999999999999953e-03 -9.999949999999999672e-01 1.204250000000000043e-01 9.927179999999999893e-01 -2.948000000000000100e-03 9.927219999999999933e-01 -1.204279999999999934e-01 -8.350000000000000217e-04
1.600000000000000000e+01 3.200000000000000000e+01 1.400000000000000000e+01 0.000000000000000000e+00 1.600000000000000089e+00 -8.339999999999999974e-04 -3.252999999999999815e-03 -9.999940000000000495e-01 1.176999999999999991e-01 9.930440000000000378e-01 -3.328999999999999928e-03 9.930489999999999595e-01 -1.177020000000000011e-01 -4.459999999999999989e-04
2.600000000000000000e+01 3.200000000000000000e+01 1.400000000000000000e+01 0.000000000000000000e+00 1.600000000000000089e+00 -1.266999999999999897e-03 -6.400000000000000524e-04 -9.999989999999999712e-01 1.130609999999999948e-01 9.935880000000000267e-01 -7.789999999999999616e-04 9.935869999999999980e-01 -1.130619999999999958e-01 -1.185999999999999988e-03
5.000000000000000000e+00 1.200000000000000000e+01 1.500000000000000000e+01 0.000000000000000000e+00 1.600000000000000089e+00 1.103000000000000031e-03 4.516000000000000049e-03 -9.999890000000000168e-01 -4.695460000000000189e-01 -8.828960000000000141e-01 -4.505000000000000324e-03 -8.829069999999999974e-01 4.695460000000000189e-01 1.147000000000000016e-03
1.100000000000000000e+01 1.200000000000000000e+01 1.500000000000000000e+01 0.000000000000000000e+00 1.600000000000000089e+00 2.841000000000000209e-03 8.440000000000000236e-04 -9.999959999999999960e-01 -4.690059999999999785e-01 -8.831930000000000058e-01 -2.076999999999999853e-03 -8.831909999999999483e-01 4.690090000000000092e-01 -2.112999999999999861e-03
2.000000000000000000e+01 1.200000000000000000e+01 1.500000000000000000e+01 0.000000000000000000e+00 1.600000000000000089e+00 3.203999999999999817e-03 1.502000000000000080e-03 -9.999940000000000495e-01 -4.705570000000000030e-01 -8.823649999999999549e-01 -2.833000000000000015e-03 -8.823640000000000372e-01 4.705630000000000090e-01 -2.121000000000000055e-03
2.900000000000000000e+01 1.200000000000000000e+01 1.500000000000000000e+01 0.000000000000000000e+00 1.600000000000000089e+00 4.400000000000000265e-03 5.120999999999999684e-03 -9.999770000000000048e-01 -4.678780000000000161e-01 -8.837690000000000268e-01 -6.583999999999999575e-03 -8.837819999999999565e-01 4.678959999999999786e-01 -1.492999999999999969e-03
1.400000000000000000e+01 1.100000000000000000e+01 1.600000000000000000e+01 0.000000000000000000e+00 1.600000000000000089e+00 1.239000000000000084e-03 1.214999999999999934e-03 -9.999989999999999712e-01 -4.152930000000000232e-01 -9.096859999999999946e-01 -1.619999999999999912e-03 -9.096870000000000234e-01 4.152950000000000252e-01 -6.220000000000000485e-04
2.000000000000000000e+01 1.100000000000000000e+01 1.600000000000000000e+01 0.000000000000000000e+00 1.600000000000000089e+00 2.314999999999999784e-03 1.824000000000000100e-03 -9.999959999999999960e-01 -4.198770000000000002e-01 -9.075769999999999671e-01 -2.628000000000000128e-03 -9.075779999999999959e-01 4.198810000000000042e-01 -1.335000000000000032e-03
2.700000000000000000e+01 1.100000000000000000e+01 1.600000000000000000e+01 0.000000000000000000e+00 1.600000000000000089e+00 3.529000000000000019e-03 1.482999999999999943e-03 -9.999930000000000208e-01 -4.198459999999999970e-01 -9.075910000000000366e-01 -2.827000000000000086e-03 -9.075889999999999791e-01 4.198529999999999762e-01 -2.579999999999999828e-03
8.000000000000000000e+00 1.160000000000000000e+02 1.600000000000000000e+01 0.000000000000000000e+00 1.600000000000000089e+00 -6.381000000000000387e-03 -6.569000000000000186e-03 9.999580000000000135e-01 7.001169999999999893e-01 7.139689999999999648e-01 9.157999999999999474e-03 -7.139999999999999680e-01 7.001460000000000461e-01 4.300000000000000165e-05
6.000000000000000000e+00 2.000000000000000000e+00 1.900000000000000000e+01 0.000000000000000000e+00 1.600000000000000089e+00 -1.051000000000000068e-03 -5.233999999999999937e-03 -9.999860000000000415e-01 2.054580000000000017e-01 -9.786540000000000239e-01 4.906999999999999904e-03 -9.786650000000000071e-01 -2.054499999999999937e-01 2.103999999999999967e-03
1.000000000000000000e+01 2.000000000000000000e+00 1.900000000000000000e+01 0.000000000000000000e+00 1.600000000000000089e+00 -1.806000000000000097e-03 7.460000000000000268e-04 -9.999980000000000535e-01 2.074749999999999928e-01 -9.782399999999999984e-01 -1.103999999999999947e-03 -9.782389999999999697e-01 -2.074769999999999948e-01 1.611999999999999935e-03
1.500000000000000000e+01 2.000000000000000000e+00 1.900000000000000000e+01 0.000000000000000000e+00 1.600000000000000089e+00 -4.016999999999999738e-03 8.344000000000000722e-03 -9.999569999999999848e-01 2.064680000000000126e-01 -9.784119999999999484e-01 -8.992999999999999258e-03 -9.784450000000000092e-01 -2.064950000000000119e-01 2.207000000000000194e-03
2.000000000000000000e+01 2.000000000000000000e+00 1.900000000000000000e+01 0.000000000000000000e+00 1.600000000000000089e+00 -3.449999999999999833e-04 3.033999999999999805e-03 -9.999949999999999672e-01 1.981300000000000006e-01 -9.801710000000000145e-01 -3.041999999999999999e-03 -9.801760000000000472e-01 -1.981300000000000006e-01 -2.629999999999999959e-04
2.400000000000000000e+01 2.000000000000000000e+00 1.900000000000000000e+01 0.000000000000000000e+00 1.600000000000000089e+00 3.908000000000000015e-03 -1.733700000000000171e-02 -9.998420000000000085e-01 1.890139999999999876e-01 -9.818139999999999645e-01 1.776300000000000101e-02 -9.819670000000000343e-01 -1.890529999999999988e-01 -5.599999999999999509e-04
2.800000000000000000e+01 2.000000000000000000e+00 1.900000000000000000e+01 0.000000000000000000e+00 1.600000000000000089e+00 7.209999999999999612e-04 -1.450800000000000006e-02 -9.998939999999999495e-01 1.866039999999999921e-01 -9.823300000000000365e-01 1.438799999999999975e-02 -9.824349999999999472e-01 -1.865940000000000099e-01 1.998999999999999909e-03
3.000000000000000000e+00 4.000000000000000000e+00 2.000000000000000000e+01 0.000000000000000000e+00 1.600000000000000089e+00 5.959999999999999586e-04 -4.743999999999999953e-03 -9.999890000000000168e-01 2.896799999999999931e-01 -9.571119999999999628e-01 4.713000000000000175e-03 -9.571229999999999460e-01 -2.896799999999999931e-01 8.040000000000000271e-04
4.000000000000000000e+00 1.300000000000000000e+01 2.000000000000000000e+01 0.000000000000000000e+00 1.600000000000000089e+00 -2.758000000000000035e-03 1.971999999999999795e-03 9.999940000000000495e-01 2.633690000000000198e-01 9.646940000000000515e-01 -1.175999999999999962e-03 -9.646909999999999652e-01 2.633639999999999870e-01 -3.180000000000000101e-03
1.200000000000000000e+01 1.300000000000000000e+01 2.000000000000000000e+01 0.000000000000000000e+00 1.600000000000000089e+00 2.896999999999999836e-03 1.435999999999999993e-03 9.999949999999999672e-01 2.627059999999999951e-01 9.648729999999999807e-01 -2.147000000000000037e-03 -9.648710000000000342e-01 2.627109999999999723e-01 2.418000000000000010e-03
1.500000000000000000e+01 1.300000000000000000e+01 2.000000000000000000e+01 0.000000000000000000e+00 1.600000000000000089e+00 1.224999999999999960e-03 -4.062999999999999771e-03 9.999909999999999632e-01 2.616319999999999757e-01 9.651610000000000467e-01 3.601000000000000034e-03 -9.651669999999999972e-01 2.616249999999999964e-01 2.246000000000000166e-03
2.000000000000000000e+01 1.300000000000000000e+01 2.000000000000000000e+01 0.000000000000000000e+00 1.600000000000000089e+00 -6.600000000000000506e-05 -5.727999999999999585e-03 9.999839999999999840e-01 2.608539999999999748e-01 9.653620000000000534e-01 5.546999999999999847e-03 -9.653779999999999584e-01 2.608500000000000263e-01 1.430999999999999980e-03
2.400000000000000000e+01 1.300000000000000000e+01 2.000000000000000000e+01 0.000000000000000000e+00 1.600000000000000089e+00 2.654999999999999808e-03 -4.209999999999999875e-04 9.999959999999999960e-01 2.577599999999999891e-01 9.662089999999999845e-01 -2.779999999999999811e-04 -9.662049999999999805e-01 2.577599999999999891e-01 2.674000000000000161e-03
2.900000000000000000e+01 1.300000000000000000e+01 2.000000000000000000e+01 0.000000000000000000e+00 1.600000000000000089e+00 6.409999999999999682e-04 -4.987000000000000113e-03 9.999869999999999592e-01 2.537659999999999916e-01 9.672539999999999472e-01 4.661000000000000212e-03 -9.672650000000000414e-01 2.537599999999999856e-01 1.886000000000000090e-03
2.900000000000000000e+01 3.000000000000000000e+00 2.500000000000000000e+01 0.000000000000000000e+00 1.600000000000000089e+00 -3.125000000000000173e-03 -5.092000000000000172e-03 9.999820000000000375e-01 2.094199999999999881e-02 -9.997679999999999900e-01 -5.026000000000000086e-03 9.997759999999999980e-01 2.092600000000000016e-02 3.230999999999999931e-03
9.000000000000000000e+00 4.600000000000000000e+01 2.700000000000000000e+01 0.000000000000000000e+00 1.600000000000000089e+00 -4.369999999999999970e-04 -1.253999999999999906e-03 -9.999989999999999712e-01 6.659239999999999604e-01 7.460189999999999877e-01 -1.227000000000000009e-03 7.460189999999999877e-01 -6.659239999999999604e-01 5.090000000000000123e-04
1.600000000000000000e+01 4.600000000000000000e+01 2.700000000000000000e+01 0.000000000000000000e+00 1.600000000000000089e+00 -1.721000000000000090e-03 -1.110000000000000092e-03 -9.999980000000000535e-01 6.622169999999999446e-01 7.493100000000000316e-01 -1.971999999999999795e-03 7.493100000000000316e-01 -6.622190000000000021e-01 -5.550000000000000462e-04
2.400000000000000000e+01 4.600000000000000000e+01 2.700000000000000000e+01 0.000000000000000000e+00 1.600000000000000089e+00 3.650000000000000033e-03 3.952999999999999917e-03 -9.999860000000000415e-01 6.680099999999999927e-01 7.441330000000000444e-01 5.380000000000000233e-03 7.441429999999999989e-01 -6.680199999999999472e-01 7.499999999999999343e-05
4.000000000000000000e+00 4.600000000000000000e+01 3.000000000000000000e+01 0.000000000000000000e+00 1.600000000000000089e+00 6.949999999999999798e-04 2.448000000000000089e-03 -9.999970000000000248e-01 3.171610000000000262e-01 9.483679999999999888e-01 2.541999999999999989e-03 9.483719999999999928e-01 -3.171610000000000262e-01 -1.169999999999999979e-04
1.400000000000000000e+01 4.600000000000000000e+01 3.000000000000000000e+01 0.000000000000000000e+00 1.600000000000000089e+00 -1.433000000000000029e-03 -3.969999999999999571e-03 -9.999909999999999632e-01 3.199719999999999787e-01 9.474169999999999536e-01 -4.219999999999999793e-03 9.474259999999999904e-01 -3.199759999999999827e-01 -8.799999999999999771e-05
7.000000000000000000e+00 5.800000000000000000e+01 3.100000000000000000e+01 0.000000000000000000e+00 1.600000000000000089e+00 4.769999999999999934e-04 1.768000000000000040e-03 9.999980000000000535e-01 -7.815779999999999950e-01 -6.238050000000000539e-01 1.476000000000000098e-03 6.238070000000000004e-01 -7.815779999999999950e-01 1.083999999999999894e-03
1.400000000000000000e+01 5.800000000000000000e+01 3.100000000000000000e+01 0.000000000000000000e+00 1.600000000000000089e+00 -5.127999999999999746e-03 -1.052499999999999963e-02 9.999310000000000143e-01 -7.699669999999999570e-01 -6.379939999999999500e-01 -1.066399999999999987e-02 6.380620000000000180e-01 -7.699690000000000145e-01 -4.832000000000000357e-03
2.500000000000000000e+01 5.800000000000000000e+01 3.100000000000000000e+01 0.000000000000000000e+00 1.600000000000000089e+00 8.404000000000000012e-03 1.624899999999999956e-02 9.998329999999999718e-01 -7.653600000000000403e-01 -6.433799999999999519e-01 1.688900000000000123e-02 6.435469999999999802e-01 -7.653739999999999988e-01 7.028999999999999658e-03
2.600000000000000000e+01 6.000000000000000000e+00 3.200000000000000000e+01 0.000000000000000000e+00 1.600000000000000089e+00 -5.531999999999999591e-03 -4.339999999999999782e-04 -9.999850000000000128e-01 1.746900000000000119e-01 9.846219999999999972e-01 -1.392999999999999924e-03 9.846080000000000387e-01 -1.746949999999999892e-01 -5.370999999999999906e-03
9.000000000000000000e+00 4.200000000000000000e+01 3.400000000000000000e+01 0.000000000000000000e+00 1.600000000000000089e+00 1.912000000000000071e-03 -1.255000000000000039e-03 -9.999970000000000248e-01 -2.926190000000000180e-01 9.562279999999999669e-01 -1.760000000000000063e-03 9.562270000000000492e-01 2.926210000000000200e-01 1.461000000000000059e-03
5.000000000000000000e+00 4.600000000000000000e+01 3.500000000000000000e+01 0.000000000000000000e+00 1.600000000000000089e+00 6.250000000000000130e-04 -3.275000000000000133e-03 -9.999940000000000495e-01 3.838799999999999990e-01 -9.233770000000000033e-01 3.263999999999999974e-03 -9.233829999999999538e-01 -3.838799999999999990e-01 6.800000000000000488e-04
1.000000000000000000e+01 4.600000000000000000e+01 3.500000000000000000e+01 0.000000000000000000e+00 1.600000000000000089e+00 -2.739999999999999923e-04 -1.229000000000000058e-03 -9.999989999999999712e-01 3.856220000000000203e-01 -9.226560000000000317e-01 1.028999999999999967e-03 -9.226569999999999494e-01 -3.856220000000000203e-01 7.269999999999999987e-04
1.700000000000000000e+01 4.600000000000000000e+01 3.500000000000000000e+01 0.000000000000000000e+00 1.600000000000000089e+00 -1.105000000000000079e-03 3.007000000000000124e-03 -9.999949999999999672e-01 3.863039999999999807e-01 -9.223660000000000192e-01 -3.200000000000000153e-03 -9.223710000000000520e-01 -3.863050000000000095e-01 -1.420000000000000092e-04
2.500000000000000000e+01 4.600000000000000000e+01 3.500000000000000000e+01 0.000000000000000000e+00 1.600000000000000089e+00 2.129999999999999949e-03 4.189999999999999931e-04 -9.999980000000000535e-01 3.867419999999999747e-01 -9.221880000000000077e-01 4.380000000000000213e-04 -9.221850000000000325e-01 -3.867419999999999747e-01 -2.125999999999999852e-03
2.900000000000000000e+01 4.600000000000000000e+01 3.500000000000000000e+01 0.000000000000000000e+00 1.600000000000000089e+00 -1.361999999999999929e-03 3.075000000000000042e-03 -9.999940000000000495e-01 3.856850000000000001e-01 -9.226239999999999997e-01 -3.361999999999999971e-03 -9.226299999999999502e-01 -3.856870000000000021e-01 7.100000000000000462e-05
2.000000000000000000e+00 9.500000000000000000e+01 3.600000000000000000e+01 0.000000000000000000e+00 1.600000000000000089e+00 5.518000000000000335e-03 -9.121999999999999900e-03 9.999430000000000263e-01 9.977920000000000122e-01 6.623800000000000521e-02 -4.902000000000000107e-03 -6.618999999999999884e-02 9.977620000000000378e-01 9.468000000000000721e-03
6.000000000000000000e+00 9.500000000000000000e+01 3.600000000000000000e+01 0.000000000000000000e+00 1.600000000000000089e+00 8.599999999999999789e-04 1.929700000000000165e-02 9.998129999999999518e-01 9.976450000000000040e-01 6.855100000000000082e-02 -2.181000000000000213e-03 -6.858000000000000207e-02 9.974610000000000420e-01 -1.919300000000000173e-02
1.300000000000000000e+01 9.500000000000000000e+01 3.600000000000000000e+01 0.000000000000000000e+00 1.600000000000000089e+00 1.689099999999999976e-02 4.310000000000000137e-04 9.998569999999999958e-01 9.972900000000000098e-01 7.160600000000000298e-02 -1.687800000000000064e-02 -7.160299999999999998e-02 9.974330000000000140e-01 7.789999999999999616e-04
1.900000000000000000e+01 9.500000000000000000e+01 3.600000000000000000e+01 0.000000000000000000e+00 1.600000000000000089e+00 -5.800999999999999733e-03 -2.461100000000000093e-02 9.996800000000000130e-01 9.974469999999999725e-01 7.101699999999999680e-02 7.536000000000000164e-03 -7.117999999999999328e-02 9.971710000000000296e-01 2.413600000000000120e-02
2.500000000000000000e+01 9.500000000000000000e+01 3.600000000000000000e+01 0.000000000000000000e+00 1.600000000000000089e+00 -8.092999999999999500e-03 -6.759300000000000030e-02 9.976800000000000113e-01 9.980050000000000310e-01 6.192799999999999694e-02 1.229200000000000084e-02 -6.261500000000000399e-02 9.957890000000000352e-01 6.695600000000000163e-02
1.600000000000000000e+01 9.500000000000000000e+01 3.700000000000000000e+01 0.000000000000000000e+00 1.600000000000000089e+00 6.931999999999999794e-03 -1.692000000000000101e-02 9.998329999999999718e-01 9.958949999999999747e-01 9.035200000000000176e-02 -5.375999999999999703e-03 -9.024600000000000677e-02 9.957660000000000400e-01 1.747699999999999948e-02
2.000000000000000000e+00 3.000000000000000000e+00 4.300000000000000000e+01 0.000000000000000000e+00 1.600000000000000089e+00 -4.850000000000000144e-03 -1.314199999999999917e-02 -9.999019999999999575e-01 7.421170000000000266e-01 -6.702500000000000124e-01 5.209000000000000088e-03 -6.702529999999999877e-01 -7.420189999999999841e-01 1.300399999999999993e-02
5.000000000000000000e+00 3.000000000000000000e+00 4.300000000000000000e+01 0.000000000000000000e+00 1.600000000000000089e+00 2.300000000000000002e-05 -5.335999999999999598e-03 -9.999860000000000415e-01 7.415329999999999977e-01 -6.709070000000000311e-01 3.596999999999999937e-03 -6.709159999999999568e-01 -7.415220000000000145e-01 3.941000000000000059e-03
1.000000000000000000e+01 3.000000000000000000e+00 4.300000000000000000e+01 0.000000000000000000e+00 1.600000000000000089e+00 -1.139999999999999954e-03 -1.274600000000000039e-02 -9.999179999999999735e-01 7.417430000000000412e-01 -6.706400000000000139e-01 7.702999999999999778e-03 -6.706830000000000291e-01 -7.416730000000000267e-01 1.021900000000000065e-02
1.600000000000000000e+01 3.000000000000000000e+00 4.300000000000000000e+01 0.000000000000000000e+00 1.600000000000000089e+00 -2.758000000000000035e-03 -8.016999999999999821e-03 -9.999639999999999640e-01 7.379890000000000061e-01 -6.748039999999999594e-01 3.374999999999999962e-03 -6.748070000000000457e-01 -7.379529999999999701e-01 7.778000000000000191e-03
1.600000000000000000e+01 8.000000000000000000e+00 4.400000000000000000e+01 0.000000000000000000e+00 1.600000000000000089e+00 1.464000000000000024e-03 1.327000000000000055e-03 9.999980000000000535e-01 -7.736439999999999984e-01 -6.336169999999999858e-01 1.972999999999999927e-03 6.336180000000000145e-01 -7.736459999999999448e-01 9.899999999999999404e-05
2.400000000000000000e+01 8.000000000000000000e+00 4.400000000000000000e+01 0.000000000000000000e+00 1.600000000000000089e+00 -5.387000000000000295e-03 -1.063300000000000009e-02 9.999289999999999567e-01 -7.649749999999999606e-01 -6.439660000000000384e-01 -1.096899999999999958e-02 6.440369999999999706e-01 -7.649799999999999933e-01 -4.664999999999999876e-03
4.000000000000000000e+00 2.900000000000000000e+01 4.400000000000000000e+01 0.000000000000000000e+00 1.600000000000000089e+00 -3.579999999999999741e-04 2.122999999999999887e-03 -9.999980000000000535e-01 6.802629999999999511e-01 7.329670000000000352e-01 1.312999999999999931e-03 7.329679999999999529e-01 -6.802610000000000046e-01 -1.706999999999999967e-03
9.000000000000000000e+00 2.900000000000000000e+01 4.400000000000000000e+01 0.000000000000000000e+00 1.600000000000000089e+00 1.240000000000000054e-04 1.381000000000000066e-03 -9.999989999999999712e-01 6.783029999999999893e-01 7.347820000000000462e-01 1.098999999999999934e-03 7.347820000000000462e-01 -6.783019999999999605e-01 -8.459999999999999638e-04
1.500000000000000000e+01 2.900000000000000000e+01 4.400000000000000000e+01 0.000000000000000000e+00 1.600000000000000089e+00 -6.019999999999999961e-04 1.221000000000000080e-03 -9.999989999999999712e-01 6.629439999999999777e-01 7.486690000000000289e-01 5.150000000000000498e-04 7.486690000000000289e-01 -6.629429999999999490e-01 -1.260000000000000052e-03
2.600000000000000000e+01 2.900000000000000000e+01 4.400000000000000000e+01 0.000000000000000000e+00 1.600000000000000089e+00 7.060000000000000303e-04 1.492000000000000054e-03 -9.999989999999999712e-01 6.571630000000000527e-01 7.537469999999999448e-01 1.588999999999999918e-03 7.537479999999999736e-01 -6.571639999999999704e-01 -4.479999999999999933e-04
3.000000000000000000e+01 2.900000000000000000e+01 4.400000000000000000e+01 0.000000000000000000e+00 1.600000000000000089e+00 4.989999999999999861e-04 1.659999999999999963e-04 -1.000000000000000000e+00 6.573940000000000339e-01 7.535469999999999668e-01 4.530000000000000064e-04 7.535469999999999668e-01 -6.573940000000000339e-01 2.669999999999999847e-04
1.000000000000000000e+00 6.000000000000000000e+00 5.100000000000000000e+01 0.000000000000000000e+00 1.600000000000000089e+00 -4.625999999999999904e-03 -9.965999999999999165e-03 -9.999400000000000510e-01 3.256269999999999998e-01 -9.454649999999999999e-01 7.915999999999999426e-03 -9.454869999999999663e-01 -3.255709999999999993e-01 7.618999999999999904e-03
1.100000000000000000e+01 1.150000000000000000e+02 5.100000000000000000e+01 0.000000000000000000e+00 1.600000000000000089e+00 -2.635999999999999888e-03 -7.379000000000000142e-03 9.999689999999999968e-01 8.449759999999999494e-01 -5.348009999999999708e-01 -1.719000000000000042e-03 5.347969999999999668e-01 8.449459999999999749e-01 7.643999999999999753e-03
1.600000000000000000e+01 7.000000000000000000e+00 5.200000000000000000e+01 0.000000000000000000e+00 1.600000000000000089e+00 -2.268000000000000051e-03 -5.903000000000000261e-03 -9.999799999999999800e-01 9.895800000000000429e-02 -9.950759999999999605e-01 5.649999999999999641e-03 -9.950890000000000013e-01 -9.894300000000000317e-02 2.841000000000000209e-03
2.300000000000000000e+01 7.000000000000000000e+00 5.200000000000000000e+01 0.000000000000000000e+00 1.600000000000000089e+00 4.229999999999999819e-04 -4.832000000000000357e-03 -9.999879999999999880e-01 9.657100000000000406e-02 -9.953140000000000320e-01 4.851000000000000277e-03 -9.953260000000000440e-01 -9.657200000000000506e-02 4.500000000000000283e-05
6.000000000000000000e+00 1.500000000000000000e+01 5.300000000000000000e+01 0.000000000000000000e+00 1.600000000000000089e+00 -1.948999999999999995e-03 -7.565999999999999809e-03 -9.999689999999999968e-01 6.835860000000000269e-01 7.298369999999999580e-01 -6.853999999999999850e-03 7.298670000000000435e-01 -6.835790000000000477e-01 3.749999999999999861e-03
3.000000000000000000e+00 6.300000000000000000e+01 5.400000000000000000e+01 0.000000000000000000e+00 1.600000000000000089e+00 1.531000000000000026e-03 -3.200000000000000262e-04 9.999989999999999712e-01 -3.538720000000000199e-01 9.352930000000000410e-01 8.409999999999999507e-04 -9.352930000000000410e-01 -3.538729999999999931e-01 1.319000000000000077e-03
9.000000000000000000e+00 6.300000000000000000e+01 5.400000000000000000e+01 0.000000000000000000e+00 1.600000000000000089e+00 -1.136999999999999990e-03 4.929999999999999487e-04 9.999989999999999712e-01 -3.515309999999999824e-01 9.361760000000000081e-01 -8.610000000000000032e-04 -9.361749999999999794e-01 -3.515320000000000111e-01 -8.909999999999999734e-04
1.500000000000000000e+01 6.300000000000000000e+01 5.400000000000000000e+01 0.000000000000000000e+00 1.600000000000000089e+00 -2.572000000000000067e-03 -1.469000000000000037e-03 9.999959999999999960e-01 -3.556170000000000164e-01 9.346320000000000183e-01 4.580000000000000195e-04 -9.346280000000000143e-01 -3.556150000000000144e-01 -2.926000000000000215e-03
2.300000000000000000e+01 6.300000000000000000e+01 5.400000000000000000e+01 0.000000000000000000e+00 1.600000000000000089e+00 3.620000000000000171e-04 -2.272000000000000148e-03 9.999970000000000248e-01 -3.510820000000000052e-01 9.363420000000000076e-01 2.255000000000000060e-03 -9.363449999999999829e-01 -3.510820000000000052e-01 -4.589999999999999896e-04
2.800000000000000000e+01 6.300000000000000000e+01 5.400000000000000000e+01 0.000000000000000000e+00 1.600000000000000089e+00 2.530999999999999830e-03 3.563999999999999894e-03 9.999900000000000455e-01 -3.519120000000000026e-01 9.360300000000000287e-01 -2.445000000000000125e-03 -9.360289999999999999e-01 -3.519030000000000213e-01 3.622999999999999918e-03
3.000000000000000000e+00 2.500000000000000000e+01 5.500000000000000000e+01 0.000000000000000000e+00 1.600000000000000089e+00 -1.727999999999999935e-03 -2.918000000000000021e-03 -9.999940000000000495e-01 -1.127599999999999957e-02 -9.999320000000000430e-01 2.936999999999999941e-03 -9.999350000000000183e-01 1.128099999999999936e-02 1.694999999999999892e-03
7.000000000000000000e+00 2.500000000000000000e+01 5.500000000000000000e+01 0.000000000000000000e+00 1.600000000000000089e+00 -4.929999999999999487e-04 1.933999999999999955e-03 -9.999980000000000535e-01 -1.085200000000000053e-02 -9.999390000000000223e-01 -1.928000000000000026e-03 -9.999409999999999688e-01 1.085099999999999953e-02 5.140000000000000254e-04
1.100000000000000000e+01 2.500000000000000000e+01 5.500000000000000000e+01 0.000000000000000000e+00 1.600000000000000089e+00 1.701000000000000038e-03 2.115999999999999825e-03 -9.999959999999999960e-01 -1.080000000000000057e-02 -9.999390000000000223e-01 -2.134000000000000046e-03 -9.999400000000000510e-01 1.080399999999999937e-02 -1.678000000000000021e-03
1.600000000000000000e+01 2.500000000000000000e+01 5.500000000000000000e+01 0.000000000000000000e+00 1.600000000000000089e+00 -7.100000000000000462e-05 -1.216000000000000067e-03 -9.999989999999999712e-01 -1.160600000000000000e-02 -9.999320000000000430e-01 1.216999999999999983e-03 -9.999329999999999607e-01 1.160600000000000000e-02 5.700000000000000314e-05
2.600000000000000000e+01 2.500000000000000000e+01 5.500000000000000000e+01 0.000000000000000000e+00 1.600000000000000089e+00 7.600000000000000418e-05 2.517000000000000140e-03 -9.999970000000000248e-01 -1.366599999999999933e-02 -9.999029999999999863e-01 -2.517999999999999839e-03 -9.999069999999999903e-01 1.366599999999999933e-02 -4.199999999999999768e-05
1.600000000000000000e+01 2.100000000000000000e+01 6.000000000000000000e+01 0.000000000000000000e+00 1.600000000000000089e+00 6.139999999999999625e-04 -3.386000000000000121e-03 9.999940000000000495e-01 -1.001419999999999949e-01 9.949670000000000458e-01 3.431000000000000022e-03 -9.949729999999999963e-01 -1.001439999999999969e-01 2.719999999999999979e-04
2.000000000000000000e+01 2.100000000000000000e+01 6.000000000000000000e+01 0.000000000000000000e+00 1.600000000000000089e+00 5.259999999999999919e-04 3.919999999999999873e-04 1.000000000000000000e+00 -1.009599999999999942e-01 9.948900000000000521e-01 -3.359999999999999814e-04 -9.948900000000000521e-01 -1.009599999999999942e-01 5.630000000000000239e-04
2.800000000000000000e+01 2.100000000000000000e+01 6.000000000000000000e+01 0.000000000000000000e+00 1.600000000000000089e+00 -1.137999999999999906e-03 -2.805000000000000202e-03 9.999949999999999672e-01 -9.710699999999999887e-02 9.952699999999999880e-01 2.680999999999999790e-03 -9.952729999999999633e-01 -9.710399999999999587e-02 -1.404999999999999999e-03
1.900000000000000000e+01 6.000000000000000000e+00 6.100000000000000000e+01 0.000000000000000000e+00 1.600000000000000089e+00 -7.389999999999999651e-04 5.304999999999999820e-03 9.999860000000000415e-01 5.615139999999999576e-01 -8.274529999999999941e-01 4.805000000000000243e-03 8.274669999999999526e-01 5.615099999999999536e-01 -2.367000000000000180e-03
7.000000000000000000e+00 3.000000000000000000e+00 6.300000000000000000e+01 0.000000000000000000e+00 1.600000000000000089e+00 -5.580000000000000107e-04 4.158000000000000237e-03 9.999909999999999632e-01 -6.149540000000000006e-01 7.885539999999999772e-01 -3.621999999999999786e-03 -7.885619999999999852e-01 -6.149510000000000254e-01 2.116999999999999958e-03
1.300000000000000000e+01 3.000000000000000000e+00 6.300000000000000000e+01 0.000000000000000000e+00 1.600000000000000089e+00 -5.199999999999999680e-05 -5.190000000000000386e-04 1.000000000000000000e+00 -6.135169999999999790e-01 7.896809999999999663e-01 3.780000000000000265e-04 -7.896809999999999663e-01 -6.135169999999999790e-01 -3.600000000000000227e-04
2.000000000000000000e+00 2.700000000000000000e+01 6.300000000000000000e+01 0.000000000000000000e+00 1.600000000000000089e+00 2.959999999999999849e-04 -5.399000000000000153e-03 9.999850000000000128e-01 -2.732559999999999989e-01 9.619269999999999765e-01 5.275000000000000175e-03 -9.619410000000000460e-01 -2.732539999999999969e-01 -1.190000000000000085e-03
7.000000000000000000e+00 2.700000000000000000e+01 6.300000000000000000e+01 0.000000000000000000e+00 1.600000000000000089e+00 3.860000000000000041e-04 -9.990000000000001049e-04 9.999989999999999712e-01 -2.736350000000000171e-01 9.618330000000000490e-01 1.066000000000000107e-03 -9.618339999999999668e-01 -2.736350000000000171e-01 9.799999999999999684e-05
1.200000000000000000e+01 2.700000000000000000e+01 6.300000000000000000e+01 0.000000000000000000e+00 1.600000000000000089e+00 -1.245000000000000013e-03 -1.955999999999999839e-03 9.999970000000000248e-01 -2.749489999999999990e-01 9.614570000000000061e-01 1.538000000000000088e-03 -9.614580000000000348e-01 -2.749469999999999970e-01 -1.734999999999999997e-03
1.600000000000000000e+01 2.700000000000000000e+01 6.300000000000000000e+01 0.000000000000000000e+00 1.600000000000000089e+00 -8.710000000000000294e-04 3.999999999999999819e-06 1.000000000000000000e+00 -2.737669999999999826e-01 9.617959999999999843e-01 -2.420000000000000005e-04 -9.617959999999999843e-01 -2.737669999999999826e-01 -8.369999999999999619e-04
2.100000000000000000e+01 2.700000000000000000e+01 6.300000000000000000e+01 0.000000000000000000e+00 1.600000000000000089e+00 1.479999999999999979e-03 5.410000000000000312e-04 9.999989999999999712e-01 -2.723999999999999755e-01 9.621840000000000392e-01 -1.169999999999999979e-04 -9.621830000000000105e-01 -2.723990000000000022e-01 1.572000000000000047e-03
