1.900000000000000000e+01 1.500000000000000000e+01 4.000000000000000000e+00 0.000000000000000000e+00 1.600000000000000089e+00 2.135999999999999878e-03 8.449999999999999178e-03 9.999620000000000175e-01 2.869590000000000196e-01 -9.579140000000000432e-01 7.481999999999999935e-03 9.579400000000000137e-01 2.869329999999999936e-01 -4.471000000000000148e-03
2.400000000000000000e+01 1.500000000000000000e+01 4.000000000000000000e+00 0.000000000000000000e+00 1.600000000000000089e+00 -1.685000000000000083e-03 -6.654000000000000192e-03 9.999759999999999760e-01 2.868970000000000131e-01 -9.579429999999999890e-01 -5.891000000000000403e-03 9.579600000000000337e-01 2.868800000000000239e-01 3.523000000000000090e-03
3.000000000000000000e+01 1.500000000000000000e+01 4.000000000000000000e+00 0.000000000000000000e+00 1.600000000000000089e+00 -4.739000000000000157e-03 -8.231999999999999734e-03 9.999550000000000383e-01 2.901130000000000098e-01 -9.569699999999999873e-01 -6.504000000000000233e-03 9.569809999999999706e-01 2.900690000000000213e-01 6.923000000000000334e-03
1.000000000000000000e+01 1.600000000000000000e+01 4.000000000000000000e+00 0.000000000000000000e+00 1.600000000000000089e+00 7.301000000000000198e-03 -1.187299999999999987e-02 9.999029999999999863e-01 3.410020000000000273e-01 -9.399640000000000217e-01 -1.365099999999999994e-02 9.400340000000000362e-01 3.410679999999999823e-01 -2.814000000000000095e-03
1.000000000000000000e+00 1.010000000000000000e+02 7.000000000000000000e+00 0.000000000000000000e+00 1.600000000000000089e+00 -2.950000000000000148e-04 -1.470300000000000079e-02 9.998920000000000030e-01 8.846469999999999612e-01 4.662069999999999825e-01 7.117000000000000062e-03 -4.662609999999999810e-01 8.845539999999999514e-01 1.286900000000000023e-02
8.000000000000000000e+00 1.010000000000000000e+02 7.000000000000000000e+00 0.000000000000000000e+00 1.600000000000000089e+00 9.309999999999999699e-04 -1.283999999999999985e-03 9.999989999999999712e-01 8.838780000000000525e-01 4.677180000000000226e-01 -2.220000000000000022e-04 -4.677169999999999939e-01 8.838770000000000238e-01 1.569999999999999998e-03
2.000000000000000000e+01 1.010000000000000000e+02 7.000000000000000000e+00 0.000000000000000000e+00 1.600000000000000089e+00 -1.083999999999999894e-03 -1.023199999999999978e-02 9.999470000000000303e-01 8.866829999999999989e-01 4.623430000000000040e-01 5.693000000000000144e-03 -4.623769999999999825e-01 8.866420000000000412e-01 8.571000000000000493e-03
2.800000000000000000e+01 1.010000000000000000e+02 7.000000000000000000e+00 0.000000000000000000e+00 1.600000000000000089e+00 1.221999999999999996e-03 5.205999999999999690e-03 9.999860000000000415e-01 8.852569999999999606e-01 4.650900000000000034e-01 -3.503000000000000037e-03 -4.651009999999999867e-01 8.852480000000000349e-01 -4.040000000000000188e-03
2.000000000000000000e+00 1.500000000000000000e+01 8.000000000000000000e+00 0.000000000000000000e+00 1.600000000000000089e+00 4.260000000000000006e-04 -8.980999999999999400e-03 -9.999599999999999600e-01 -5.770149999999999446e-01 -8.167029999999999568e-01 7.089999999999999948e-03 -8.167339999999999600e-01 5.769879999999999454e-01 -5.531000000000000326e-03
5.000000000000000000e+00 1.500000000000000000e+01 8.000000000000000000e+00 0.000000000000000000e+00 1.600000000000000089e+00 -3.131000000000000102e-03 -1.047099999999999941e-02 -9.999400000000000510e-01 -5.778670000000000195e-01 -8.160650000000000404e-01 1.035499999999999962e-02 -8.161249999999999893e-01 5.778649999999999620e-01 -3.495999999999999976e-03
1.000000000000000000e+01 1.500000000000000000e+01 8.000000000000000000e+00 0.000000000000000000e+00 1.600000000000000089e+00 -8.214000000000000815e-03 -1.331700000000000071e-02 -9.998780000000000445e-01 -5.828100000000000502e-01 -8.124580000000000135e-01 1.560899999999999961e-02 -8.125670000000000393e-01 5.828670000000000240e-01 -1.087999999999999991e-03
1.600000000000000000e+01 1.500000000000000000e+01 8.000000000000000000e+00 0.000000000000000000e+00 1.600000000000000089e+00 -2.165999999999999957e-03 2.149999999999999947e-04 -9.999980000000000535e-01 -5.852199999999999624e-01 -8.108739999999999837e-01 1.093000000000000005e-03 -8.108720000000000372e-01 5.852209999999999912e-01 1.881999999999999992e-03
2.100000000000000000e+01 1.500000000000000000e+01 8.000000000000000000e+00 0.000000000000000000e+00 1.600000000000000089e+00 1.259999999999999998e-04 2.912999999999999791e-03 -9.999959999999999960e-01 -5.844019999999999770e-01 -8.114609999999999879e-01 -2.436999999999999930e-03 -8.114639999999999631e-01 5.844000000000000306e-01 1.600000000000000077e-03
2.800000000000000000e+01 1.500000000000000000e+01 8.000000000000000000e+00 0.000000000000000000e+00 1.600000000000000089e+00 8.000000000000000654e-05 -4.166000000000000432e-03 -9.999909999999999632e-01 -5.827290000000000525e-01 -8.126590000000000202e-01 3.338999999999999954e-03 -8.126659999999999995e-01 5.827240000000000197e-01 -2.492999999999999990e-03
2.000000000000000000e+00 2.600000000000000000e+01 8.000000000000000000e+00 0.000000000000000000e+00 1.600000000000000089e+00 9.489999999999999738e-04 5.059000000000000129e-03 -9.999869999999999592e-01 4.107930000000000192e-01 9.117150000000000531e-01 5.002000000000000370e-03 9.117279999999999829e-01 -4.107919999999999905e-01 -1.213000000000000102e-03
9.000000000000000000e+00 2.600000000000000000e+01 8.000000000000000000e+00 0.000000000000000000e+00 1.600000000000000089e+00 5.846999999999999767e-03 1.150900000000000013e-02 -9.999169999999999447e-01 4.085449999999999915e-01 9.126469999999999860e-01 1.289299999999999995e-02 9.127189999999999470e-01 -4.085860000000000047e-01 6.350000000000000392e-04
1.400000000000000000e+01 2.600000000000000000e+01 8.000000000000000000e+00 0.000000000000000000e+00 1.600000000000000089e+00 3.959999999999999978e-03 8.229000000000000203e-03 -9.999580000000000135e-01 4.068240000000000189e-01 9.134609999999999674e-01 9.128000000000000697e-03 9.134980000000000322e-01 -4.068430000000000102e-01 2.689999999999999791e-04
1.900000000000000000e+01 2.600000000000000000e+01 8.000000000000000000e+00 0.000000000000000000e+00 1.600000000000000089e+00 1.463000000000000108e-03 5.780999999999999681e-03 -9.999820000000000375e-01 4.047350000000000114e-01 9.144149999999999778e-01 5.878000000000000412e-03 9.144330000000000513e-01 -4.047359999999999847e-01 -1.002000000000000069e-03
2.300000000000000000e+01 2.600000000000000000e+01 8.000000000000000000e+00 0.000000000000000000e+00 1.600000000000000089e+00 1.381000000000000066e-03 3.719999999999999891e-04 -9.999989999999999712e-01 4.047000000000000042e-01 9.144489999999999563e-01 8.989999999999999511e-04 9.144480000000000386e-01 -4.047009999999999774e-01 1.113000000000000057e-03
2.000000000000000000e+00 2.400000000000000000e+01 9.000000000000000000e+00 0.000000000000000000e+00 1.600000000000000089e+00 1.525000000000000097e-03 6.710999999999999951e-03 -9.999759999999999760e-01 4.627700000000000147e-01 8.864530000000000465e-01 6.655000000000000325e-03 8.864769999999999595e-01 -4.627689999999999859e-01 -1.753999999999999917e-03
8.000000000000000000e+00 2.400000000000000000e+01 9.000000000000000000e+00 0.000000000000000000e+00 1.600000000000000089e+00 5.696999999999999807e-03 9.421000000000000554e-03 -9.999390000000000223e-01 4.599750000000000227e-01 8.878639999999999866e-01 1.098599999999999924e-02 8.879139999999999810e-01 -4.600099999999999745e-01 7.249999999999999500e-04
2.600000000000000000e+01 2.400000000000000000e+01 9.000000000000000000e+00 0.000000000000000000e+00 1.600000000000000089e+00 1.415000000000000025e-03 2.073000000000000190e-03 -9.999970000000000248e-01 4.578869999999999885e-01 8.890069999999999917e-01 2.491000000000000159e-03 8.890090000000000492e-01 -4.578889999999999905e-01 3.089999999999999756e-04
1.000000000000000000e+01 1.040000000000000000e+02 1.100000000000000000e+01 0.000000000000000000e+00 1.600000000000000089e+00 -2.190000000000000106e-03 4.527999999999999907e-03 9.999869999999999592e-01 -9.737930000000000197e-01 -2.274349999999999983e-01 -1.103000000000000031e-03 2.274269999999999903e-01 -9.737829999999999542e-01 4.908000000000000036e-03
6.000000000000000000e+00 3.100000000000000000e+01 1.200000000000000000e+01 0.000000000000000000e+00 1.600000000000000089e+00 -8.149999999999999693e-04 4.826000000000000428e-03 9.999879999999999880e-01 4.146000000000000379e-03 9.999799999999999800e-01 -4.821999999999999897e-03 -9.999909999999999632e-01 4.141999999999999849e-03 -8.350000000000000217e-04
1.300000000000000000e+01 3.100000000000000000e+01 1.200000000000000000e+01 0.000000000000000000e+00 1.600000000000000089e+00 4.350000000000000026e-04 6.000000000000000152e-05 1.000000000000000000e+00 7.296000000000000402e-03 9.999730000000000008e-01 -6.299999999999999990e-05 -9.999730000000000008e-01 7.296000000000000402e-03 4.339999999999999782e-04
1.800000000000000000e+01 3.100000000000000000e+01 1.200000000000000000e+01 0.000000000000000000e+00 1.600000000000000089e+00 2.128000000000000117e-03 2.461000000000000080e-03 9.999949999999999672e-01 9.405000000000000165e-03 9.999529999999999808e-01 -2.481000000000000132e-03 -9.999540000000000095e-01 9.409999999999999962e-03 2.103999999999999967e-03
5.000000000000000000e+00 1.200000000000000000e+01 1.500000000000000000e+01 0.000000000000000000e+00 1.600000000000000089e+00 -2.429000000000000169e-03 -4.074999999999999629e-03 -9.999890000000000168e-01 -4.707149999999999945e-01 -8.822729999999999739e-01 4.739000000000000157e-03 -8.822820000000000107e-01 4.707210000000000005e-01 2.249999999999999938e-04
9.000000000000000000e+00 1.200000000000000000e+01 1.500000000000000000e+01 0.000000000000000000e+00 1.600000000000000089e+00 -5.890000000000000270e-03 -3.020000000000000115e-03 -9.999780000000000335e-01 -4.691270000000000162e-01 -8.831139999999999546e-01 5.429999999999999931e-03 -8.831109999999999793e-01 4.691489999999999827e-01 3.785000000000000170e-03
1.600000000000000000e+01 1.200000000000000000e+01 1.500000000000000000e+01 0.000000000000000000e+00 1.600000000000000089e+00 -1.680999999999999986e-03 -7.280000000000000013e-03 -9.999719999999999720e-01 -4.698249999999999926e-01 -8.827300000000000146e-01 7.216000000000000192e-03 -8.827580000000000426e-01 4.698240000000000194e-01 -1.936000000000000004e-03
2.500000000000000000e+01 1.200000000000000000e+01 1.500000000000000000e+01 0.000000000000000000e+00 1.600000000000000089e+00 -1.760999999999999979e-03 -2.181999999999999912e-03 -9.999959999999999960e-01 -4.671690000000000009e-01 -8.841639999999999500e-01 2.752000000000000106e-03 -8.841660000000000075e-01 4.671719999999999762e-01 5.370000000000000424e-04
2.900000000000000000e+01 1.200000000000000000e+01 1.500000000000000000e+01 0.000000000000000000e+00 1.600000000000000089e+00 -2.709999999999999735e-04 -7.899999999999999579e-05 -1.000000000000000000e+00 -4.639599999999999835e-01 -8.858559999999999768e-01 1.959999999999999937e-04 -8.858559999999999768e-01 4.639599999999999835e-01 2.030000000000000012e-04
2.200000000000000000e+01 1.160000000000000000e+02 1.600000000000000000e+01 0.000000000000000000e+00 1.600000000000000089e+00 8.559999999999999901e-04 -1.090000000000000067e-04 1.000000000000000000e+00 6.807429999999999870e-01 7.325220000000000065e-01 -5.029999999999999749e-04 -7.325209999999999777e-01 6.807440000000000158e-01 7.010000000000000172e-04
2.000000000000000000e+00 2.000000000000000000e+00 1.900000000000000000e+01 0.000000000000000000e+00 1.600000000000000089e+00 -1.379999999999999933e-04 1.036000000000000029e-03 -9.999989999999999712e-01 1.650520000000000043e-01 -9.862840000000000495e-01 -1.044000000000000006e-03 -9.862849999999999673e-01 -1.650530000000000053e-01 -3.499999999999999693e-05
6.000000000000000000e+00 2.000000000000000000e+00 1.900000000000000000e+01 0.000000000000000000e+00 1.600000000000000089e+00 -1.949999999999999910e-03 -3.380999999999999891e-03 -9.999919999999999920e-01 1.690969999999999973e-01 -9.855949999999999989e-01 3.003000000000000027e-03 -9.855969999999999454e-01 -1.690899999999999903e-01 2.494000000000000123e-03
2.000000000000000000e+01 2.000000000000000000e+00 1.900000000000000000e+01 0.000000000000000000e+00 1.600000000000000089e+00 8.630000000000000518e-04 1.907999999999999974e-03 -9.999980000000000535e-01 1.839899999999999869e-01 -9.829269999999999952e-01 -1.716000000000000077e-03 -9.829280000000000239e-01 -1.839880000000000126e-01 -1.198999999999999979e-03
2.600000000000000000e+01 2.000000000000000000e+00 1.900000000000000000e+01 0.000000000000000000e+00 1.600000000000000089e+00 -1.358000000000000049e-03 -9.349999999999999587e-04 -9.999989999999999712e-01 1.793980000000000019e-01 -9.837759999999999838e-01 6.759999999999999516e-04 -9.837759999999999838e-01 -1.793970000000000009e-01 1.503999999999999912e-03
8.000000000000000000e+00 4.000000000000000000e+00 2.000000000000000000e+01 0.000000000000000000e+00 1.600000000000000089e+00 1.121999999999999950e-03 -9.256000000000000338e-03 -9.999559999999999560e-01 2.678579999999999850e-01 -9.634139999999999926e-01 9.218000000000000499e-03 -9.634580000000000366e-01 -2.678570000000000118e-01 1.397999999999999937e-03
1.500000000000000000e+01 4.000000000000000000e+00 2.000000000000000000e+01 0.000000000000000000e+00 1.600000000000000089e+00 2.050999999999999872e-03 3.105999999999999820e-03 -9.999930000000000208e-01 2.744079999999999853e-01 -9.616099999999999648e-01 -2.423999999999999939e-03 -9.616109999999999935e-01 -2.744010000000000060e-01 -2.824000000000000121e-03
2.700000000000000000e+01 4.000000000000000000e+00 2.000000000000000000e+01 0.000000000000000000e+00 1.600000000000000089e+00 1.150999999999999896e-03 -4.558999999999999685e-03 -9.999890000000000168e-01 2.707490000000000174e-01 -9.626390000000000224e-01 4.701000000000000317e-03 -9.626489999999999769e-01 -2.707510000000000194e-01 1.259999999999999998e-04
7.000000000000000000e+00 1.300000000000000000e+01 2.000000000000000000e+01 0.000000000000000000e+00 1.600000000000000089e+00 -5.800000000000000034e-05 8.380000000000000296e-03 9.999649999999999928e-01 2.589380000000000015e-01 9.658600000000000518e-01 -8.078999999999999376e-03 -9.658940000000000303e-01 2.589290000000000203e-01 -2.226000000000000114e-03
1.300000000000000000e+01 1.300000000000000000e+01 2.000000000000000000e+01 0.000000000000000000e+00 1.600000000000000089e+00 -1.730000000000000038e-04 3.373999999999999829e-03 9.999940000000000495e-01 2.597479999999999789e-01 9.656709999999999461e-01 -3.213000000000000144e-03 -9.656759999999999788e-01 2.597459999999999769e-01 -1.044000000000000006e-03
1.600000000000000000e+01 1.300000000000000000e+01 2.000000000000000000e+01 0.000000000000000000e+00 1.600000000000000089e+00 3.099999999999999999e-04 -4.226999999999999855e-03 9.999909999999999632e-01 2.598030000000000062e-01 9.656529999999999836e-01 4.002000000000000349e-03 -9.656620000000000203e-01 2.597990000000000022e-01 1.397000000000000021e-03
2.400000000000000000e+01 1.300000000000000000e+01 2.000000000000000000e+01 0.000000000000000000e+00 1.600000000000000089e+00 -1.669999999999999935e-04 6.878000000000000433e-03 9.999759999999999760e-01 2.598429999999999906e-01 9.656280000000000419e-01 -6.598999999999999831e-03 -9.656510000000000371e-01 2.598360000000000114e-01 -1.948999999999999995e-03
2.800000000000000000e+01 1.300000000000000000e+01 2.000000000000000000e+01 0.000000000000000000e+00 1.600000000000000089e+00 -3.029999999999999924e-04 8.019999999999999785e-04 1.000000000000000000e+00 2.575609999999999844e-01 9.662619999999999543e-01 -6.970000000000000284e-04 -9.662619999999999543e-01 2.575609999999999844e-01 -5.000000000000000104e-04
8.000000000000000000e+00 1.600000000000000000e+01 2.100000000000000000e+01 0.000000000000000000e+00 1.600000000000000089e+00 4.090000000000000211e-04 9.423000000000000820e-03 9.999559999999999560e-01 2.982750000000000123e-01 9.544359999999999511e-01 -9.116000000000000839e-03 -9.544799999999999951e-01 2.982650000000000023e-01 -2.420999999999999975e-03
1.300000000000000000e+01 1.600000000000000000e+01 2.100000000000000000e+01 0.000000000000000000e+00 1.600000000000000089e+00 1.420000000000000092e-04 4.373000000000000151e-03 9.999900000000000455e-01 2.991530000000000022e-01 9.541960000000000441e-01 -4.214999999999999997e-03 -9.542049999999999699e-01 2.991510000000000002e-01 -1.172999999999999998e-03
2.200000000000000000e+01 1.600000000000000000e+01 2.100000000000000000e+01 0.000000000000000000e+00 1.600000000000000089e+00 -1.123000000000000083e-03 8.700000000000000051e-04 9.999989999999999712e-01 2.983839999999999826e-01 9.544460000000000166e-01 -4.949999999999999973e-04 -9.544449999999999878e-01 2.983830000000000093e-01 -1.330999999999999935e-03
2.600000000000000000e+01 1.600000000000000000e+01 2.100000000000000000e+01 0.000000000000000000e+00 1.600000000000000089e+00 -1.698999999999999989e-03 2.041999999999999978e-03 9.999970000000000248e-01 2.952370000000000272e-01 9.554230000000000222e-01 -1.448999999999999984e-03 -9.554230000000000222e-01 2.952339999999999964e-01 -2.226999999999999813e-03
1.100000000000000000e+01 4.600000000000000000e+01 2.700000000000000000e+01 0.000000000000000000e+00 1.600000000000000089e+00 3.937000000000000395e-03 1.786000000000000044e-03 -9.999909999999999632e-01 6.768579999999999597e-01 7.361020000000000341e-01 3.980000000000000031e-03 7.361029999999999518e-01 -6.768680000000000252e-01 1.688999999999999963e-03
2.400000000000000000e+01 4.600000000000000000e+01 2.700000000000000000e+01 0.000000000000000000e+00 1.600000000000000089e+00 -1.386000000000000079e-03 -8.289999999999999843e-04 -9.999989999999999712e-01 6.828699999999999770e-01 7.305390000000000494e-01 -1.552999999999999910e-03 7.305390000000000494e-01 -6.828710000000000058e-01 -4.459999999999999989e-04
5.000000000000000000e+00 5.800000000000000000e+01 3.100000000000000000e+01 0.000000000000000000e+00 1.600000000000000089e+00 -7.089999999999999948e-04 2.714999999999999965e-03 9.999959999999999960e-01 -7.949969999999999537e-01 -6.066129999999999578e-01 1.082999999999999978e-03 6.066129999999999578e-01 -7.949929999999999497e-01 2.589000000000000155e-03
9.000000000000000000e+00 5.800000000000000000e+01 3.100000000000000000e+01 0.000000000000000000e+00 1.600000000000000089e+00 -4.899999999999999842e-05 1.066000000000000107e-03 9.999989999999999712e-01 -7.988929999999999643e-01 -6.014730000000000354e-01 6.030000000000000204e-04 6.014730000000000354e-01 -7.988920000000000465e-01 8.809999999999999472e-04
1.700000000000000000e+01 5.800000000000000000e+01 3.100000000000000000e+01 0.000000000000000000e+00 1.600000000000000089e+00 1.840000000000000001e-04 3.948000000000000120e-03 9.999919999999999920e-01 -8.018899999999999917e-01 -5.974669999999999703e-01 2.507000000000000114e-03 5.974720000000000031e-01 -8.018840000000000412e-01 3.056000000000000123e-03
2.000000000000000000e+01 5.800000000000000000e+01 3.100000000000000000e+01 0.000000000000000000e+00 1.600000000000000089e+00 2.895000000000000004e-03 3.954000000000000049e-03 9.999879999999999880e-01 -8.023689999999999989e-01 -5.968099999999999516e-01 4.682999999999999663e-03 5.968210000000000459e-01 -8.023730000000000029e-01 1.445000000000000104e-03
2.700000000000000000e+01 5.800000000000000000e+01 3.100000000000000000e+01 0.000000000000000000e+00 1.600000000000000089e+00 -8.549999999999999658e-04 2.007999999999999802e-03 9.999980000000000535e-01 -7.995970000000000022e-01 -6.005369999999999875e-01 5.220000000000000031e-04 6.005369999999999875e-01 -7.995940000000000270e-01 2.118999999999999790e-03
3.000000000000000000e+00 6.000000000000000000e+00 3.200000000000000000e+01 0.000000000000000000e+00 1.600000000000000089e+00 3.229999999999999798e-03 5.636999999999999650e-03 -9.999789999999999512e-01 1.798589999999999911e-01 9.836730000000000196e-01 6.126000000000000369e-03 9.836869999999999781e-01 -1.798750000000000071e-01 2.164000000000000125e-03
8.000000000000000000e+00 6.000000000000000000e+00 3.200000000000000000e+01 0.000000000000000000e+00 1.600000000000000089e+00 1.191000000000000001e-03 -1.252000000000000075e-03 -9.999989999999999712e-01 1.723870000000000124e-01 9.850290000000000434e-01 -1.028000000000000051e-03 9.850290000000000434e-01 -1.723860000000000114e-01 1.389000000000000044e-03
2.000000000000000000e+00 4.600000000000000000e+01 3.500000000000000000e+01 0.000000000000000000e+00 1.600000000000000089e+00 1.371999999999999956e-03 -2.247999999999999998e-03 -9.999970000000000248e-01 3.869650000000000034e-01 -9.220909999999999940e-01 2.603999999999999978e-03 -9.220930000000000515e-01 -3.869670000000000054e-01 -3.950000000000000061e-04
6.000000000000000000e+00 4.600000000000000000e+01 3.500000000000000000e+01 0.000000000000000000e+00 1.600000000000000089e+00 -3.499999999999999964e-04 -1.392999999999999924e-03 -9.999989999999999712e-01 3.879449999999999843e-01 -9.216820000000000013e-01 1.147999999999999932e-03 -9.216830000000000300e-01 -3.879440000000000111e-01 8.630000000000000518e-04
9.000000000000000000e+00 4.600000000000000000e+01 3.500000000000000000e+01 0.000000000000000000e+00 1.600000000000000089e+00 -7.699999999999999597e-04 -3.420999999999999996e-03 -9.999940000000000495e-01 3.881009999999999738e-01 -9.216130000000000155e-01 2.854000000000000200e-03 -9.216170000000000195e-01 -3.880959999999999965e-01 2.037000000000000182e-03
1.400000000000000000e+01 4.600000000000000000e+01 3.500000000000000000e+01 0.000000000000000000e+00 1.600000000000000089e+00 6.160000000000000111e-04 -6.430000000000000169e-04 -1.000000000000000000e+00 3.863739999999999952e-01 -9.223419999999999952e-01 8.310000000000000329e-04 -9.223419999999999952e-01 -3.863739999999999952e-01 -3.200000000000000262e-04
1.700000000000000000e+01 4.600000000000000000e+01 3.500000000000000000e+01 0.000000000000000000e+00 1.600000000000000089e+00 5.299999999999999807e-04 3.350000000000000113e-03 -9.999940000000000495e-01 3.862639999999999962e-01 -9.223839999999999817e-01 -2.884999999999999978e-03 -9.223879999999999857e-01 -3.862599999999999922e-01 -1.781999999999999947e-03
2.100000000000000000e+01 4.600000000000000000e+01 3.500000000000000000e+01 0.000000000000000000e+00 1.600000000000000089e+00 1.433000000000000029e-03 3.680999999999999810e-03 -9.999919999999999920e-01 3.862889999999999935e-01 -9.223740000000000272e-01 -2.841999999999999908e-03 -9.223770000000000024e-01 -3.862820000000000142e-01 -2.743999999999999911e-03
2.900000000000000000e+01 4.600000000000000000e+01 3.500000000000000000e+01 0.000000000000000000e+00 1.600000000000000089e+00 -1.889000000000000054e-03 -4.120999999999999663e-03 -9.999900000000000455e-01 3.836109999999999798e-01 -9.234900000000000331e-01 3.080999999999999971e-03 -9.234930000000000083e-01 -3.836010000000000253e-01 3.325999999999999963e-03
3.000000000000000000e+00 9.500000000000000000e+01 3.600000000000000000e+01 0.000000000000000000e+00 1.600000000000000089e+00 2.906000000000000163e-03 -1.938600000000000045e-02 9.998080000000000300e-01 9.967169999999999641e-01 8.094700000000000506e-02 -1.327999999999999970e-03 -8.090600000000000569e-02 9.965300000000000269e-01 1.955799999999999900e-02
1.100000000000000000e+01 9.500000000000000000e+01 3.600000000000000000e+01 0.000000000000000000e+00 1.600000000000000089e+00 2.213999999999999822e-03 -5.080999999999999579e-03 9.999850000000000128e-01 9.965699999999999559e-01 8.273500000000000298e-02 -1.786000000000000044e-03 -8.272400000000000586e-02 9.965589999999999726e-01 5.246999999999999928e-03
2.700000000000000000e+01 9.500000000000000000e+01 3.600000000000000000e+01 0.000000000000000000e+00 1.600000000000000089e+00 -1.178099999999999981e-02 -2.823700000000000168e-02 9.995319999999999760e-01 9.971119999999999983e-01 7.466599999999999626e-02 1.386199999999999932e-02 -7.502200000000000535e-02 9.968089999999999451e-01 2.727600000000000163e-02
2.000000000000000000e+00 2.900000000000000000e+01 4.400000000000000000e+01 0.000000000000000000e+00 1.600000000000000089e+00 -1.348000000000000023e-03 6.000000000000000152e-05 -9.999989999999999712e-01 6.758330000000000171e-01 7.370539999999999869e-01 -8.670000000000000406e-04 7.370539999999999869e-01 -6.758340000000000458e-01 -1.033999999999999980e-03
5.000000000000000000e+00 2.900000000000000000e+01 4.400000000000000000e+01 0.000000000000000000e+00 1.600000000000000089e+00 -1.696999999999999941e-03 5.259999999999999919e-04 -9.999980000000000535e-01 6.833989999999999787e-01 7.300450000000000550e-01 -7.749999999999999728e-04 7.300429999999999975e-01 -6.833989999999999787e-01 -1.598000000000000028e-03
9.000000000000000000e+00 2.900000000000000000e+01 4.400000000000000000e+01 0.000000000000000000e+00 1.600000000000000089e+00 -5.800000000000000034e-05 -4.187999999999999882e-03 -9.999909999999999632e-01 6.882200000000000539e-01 7.254960000000000298e-01 -3.078000000000000007e-03 7.255019999999999802e-01 -6.882139999999999924e-01 2.840000000000000076e-03
1.500000000000000000e+01 2.900000000000000000e+01 4.400000000000000000e+01 0.000000000000000000e+00 1.600000000000000089e+00 1.876999999999999979e-03 -7.370999999999999948e-03 -9.999710000000000543e-01 6.824829999999999508e-01 7.308900000000000396e-01 -4.107000000000000407e-03 7.308989999999999654e-01 -6.824559999999999516e-01 6.401999999999999705e-03
2.700000000000000000e+01 2.900000000000000000e+01 4.400000000000000000e+01 0.000000000000000000e+00 1.600000000000000089e+00 -3.072000000000000078e-03 -2.222000000000000017e-03 -9.999930000000000208e-01 6.687039999999999651e-01 7.435199999999999587e-01 -3.706000000000000093e-03 7.435220000000000162e-01 -6.687110000000000554e-01 -7.979999999999999897e-04
2.200000000000000000e+01 5.400000000000000000e+01 4.600000000000000000e+01 0.000000000000000000e+00 1.600000000000000089e+00 -3.690000000000000246e-04 8.415000000000000605e-03 9.999649999999999928e-01 3.425969999999999849e-01 -9.394479999999999498e-01 8.031999999999999210e-03 9.394820000000000393e-01 3.425880000000000036e-01 -2.536000000000000060e-03
5.000000000000000000e+00 6.500000000000000000e+01 4.600000000000000000e+01 0.000000000000000000e+00 1.600000000000000089e+00 8.100000000000000375e-05 -6.359999999999999551e-04 1.000000000000000000e+00 6.821890000000000454e-01 -7.311750000000000194e-01 -5.199999999999999544e-04 7.311760000000000481e-01 6.821890000000000454e-01 3.750000000000000078e-04
1.100000000000000000e+01 6.500000000000000000e+01 4.600000000000000000e+01 0.000000000000000000e+00 1.600000000000000089e+00 -1.500000000000000038e-05 5.450000000000000200e-04 1.000000000000000000e+00 6.818109999999999449e-01 -7.315279999999999561e-01 4.090000000000000211e-04 7.315279999999999561e-01 6.818109999999999449e-01 -3.600000000000000227e-04
2.400000000000000000e+01 6.500000000000000000e+01 4.600000000000000000e+01 0.000000000000000000e+00 1.600000000000000089e+00 -2.541999999999999989e-03 1.845000000000000069e-03 9.999949999999999672e-01 6.816079999999999917e-01 -7.317110000000000003e-01 3.082999999999999803e-03 7.317129999999999468e-01 6.816119999999999957e-01 6.019999999999999961e-04
1.000000000000000000e+00 5.000000000000000000e+00 5.100000000000000000e+01 0.000000000000000000e+00 1.600000000000000089e+00 1.596999999999999895e-03 9.009999999999999997e-04 -9.999980000000000535e-01 4.811929999999999819e-01 -8.766150000000000331e-01 -2.099999999999999884e-05 -8.766129999999999756e-01 -4.811920000000000086e-01 -1.833999999999999910e-03
4.000000000000000000e+00 5.000000000000000000e+00 5.100000000000000000e+01 0.000000000000000000e+00 1.600000000000000089e+00 2.102999999999999835e-03 -1.659999999999999963e-04 -9.999980000000000535e-01 4.821349999999999802e-01 -8.760959999999999859e-01 1.159000000000000091e-03 -8.760940000000000394e-01 -4.821360000000000090e-01 -1.761999999999999894e-03
1.100000000000000000e+01 5.000000000000000000e+00 5.100000000000000000e+01 0.000000000000000000e+00 1.600000000000000089e+00 -2.400999999999999922e-03 3.233000000000000197e-03 -9.999919999999999920e-01 4.866170000000000218e-01 -8.736059999999999937e-01 -3.991999999999999889e-03 -8.736120000000000552e-01 -4.866219999999999990e-01 5.240000000000000517e-04
1.000000000000000000e+00 7.000000000000000000e+00 5.200000000000000000e+01 0.000000000000000000e+00 1.600000000000000089e+00 1.534999999999999906e-03 4.299999999999999894e-04 -9.999989999999999712e-01 8.045299999999999674e-02 -9.967580000000000329e-01 -3.049999999999999868e-04 -9.967570000000000041e-01 -8.045199999999999574e-02 -1.564000000000000069e-03
2.500000000000000000e+01 7.000000000000000000e+00 5.200000000000000000e+01 0.000000000000000000e+00 1.600000000000000089e+00 -1.802999999999999915e-03 -2.622000000000000199e-03 -9.999949999999999672e-01 8.405300000000000271e-02 -9.964579999999999549e-01 2.461000000000000080e-03 -9.964600000000000124e-01 -8.404799999999999771e-02 2.017000000000000130e-03
2.400000000000000000e+01 1.500000000000000000e+01 5.300000000000000000e+01 0.000000000000000000e+00 1.600000000000000089e+00 2.770000000000000110e-04 9.009999999999999997e-04 -1.000000000000000000e+00 6.793010000000000437e-01 7.338590000000000391e-01 8.490000000000000368e-04 7.338590000000000391e-01 -6.793010000000000437e-01 -4.090000000000000211e-04
1.000000000000000000e+00 6.300000000000000000e+01 5.400000000000000000e+01 0.000000000000000000e+00 1.600000000000000089e+00 -2.030000000000000120e-03 8.140000000000000534e-04 9.999980000000000535e-01 -3.521079999999999766e-01 9.359579999999999567e-01 -1.477000000000000014e-03 -9.359570000000000389e-01 -3.521099999999999786e-01 -1.613000000000000067e-03
5.000000000000000000e+00 6.300000000000000000e+01 5.400000000000000000e+01 0.000000000000000000e+00 1.600000000000000089e+00 5.910000000000000539e-04 2.099999999999999884e-05 1.000000000000000000e+00 -3.526830000000000243e-01 9.357429999999999914e-01 1.879999999999999890e-04 -9.357429999999999914e-01 -3.526830000000000243e-01 5.599999999999999509e-04
9.000000000000000000e+00 6.300000000000000000e+01 5.400000000000000000e+01 0.000000000000000000e+00 1.600000000000000089e+00 8.899999999999999491e-05 1.320000000000000101e-04 1.000000000000000000e+00 -3.493439999999999879e-01 9.369939999999999936e-01 -9.299999999999999727e-05 -9.369939999999999936e-01 -3.493439999999999879e-01 1.289999999999999914e-04
1.300000000000000000e+01 6.300000000000000000e+01 5.400000000000000000e+01 0.000000000000000000e+00 1.600000000000000089e+00 -4.989999999999999861e-04 7.690000000000000438e-04 1.000000000000000000e+00 -3.494030000000000191e-01 9.369720000000000271e-01 -8.949999999999999623e-04 -9.369720000000000271e-01 -3.494039999999999924e-01 -1.990000000000000124e-04
1.900000000000000000e+01 6.300000000000000000e+01 5.400000000000000000e+01 0.000000000000000000e+00 1.600000000000000089e+00 -6.329999999999999906e-04 -1.652999999999999955e-03 9.999980000000000535e-01 -3.521690000000000098e-01 9.359359999999999902e-01 1.325000000000000006e-03 -9.359359999999999902e-01 -3.521670000000000078e-01 -1.175000000000000046e-03
2.300000000000000000e+01 6.300000000000000000e+01 5.400000000000000000e+01 0.000000000000000000e+00 1.600000000000000089e+00 8.819999999999999715e-04 -1.309999999999999967e-03 9.999989999999999712e-01 -3.496279999999999943e-01 9.368870000000000253e-01 1.534999999999999906e-03 -9.368880000000000541e-01 -3.496290000000000231e-01 3.680000000000000003e-04
2.800000000000000000e+01 6.300000000000000000e+01 5.400000000000000000e+01 0.000000000000000000e+00 1.600000000000000089e+00 8.399999999999999535e-05 -9.799999999999999684e-04 1.000000000000000000e+00 -3.534959999999999769e-01 9.354350000000000165e-01 9.470000000000000336e-04 -9.354360000000000452e-01 -3.534959999999999769e-01 -2.680000000000000090e-04
5.000000000000000000e+00 2.500000000000000000e+01 5.500000000000000000e+01 0.000000000000000000e+00 1.600000000000000089e+00 -6.099999999999999872e-05 5.701999999999999603e-03 -9.999839999999999840e-01 -1.213599999999999922e-02 -9.999099999999999655e-01 -5.701000000000000338e-03 -9.999259999999999815e-01 1.213599999999999922e-02 1.299999999999999886e-04
1.800000000000000000e+01 2.500000000000000000e+01 5.500000000000000000e+01 0.000000000000000000e+00 1.600000000000000089e+00 -2.059999999999999928e-04 -1.132999999999999893e-03 -9.999989999999999712e-01 -1.045100000000000022e-02 -9.999449999999999728e-01 1.134999999999999941e-03 -9.999449999999999728e-01 1.045100000000000022e-02 1.939999999999999993e-04
2.500000000000000000e+01 2.500000000000000000e+01 5.500000000000000000e+01 0.000000000000000000e+00 1.600000000000000089e+00 -9.500000000000000523e-05 -9.110000000000000259e-04 -1.000000000000000000e+00 -1.238399999999999918e-02 -9.999230000000000063e-01 9.120000000000000502e-04 -9.999230000000000063e-01 1.238399999999999918e-02 8.299999999999999815e-05
3.000000000000000000e+01 2.500000000000000000e+01 5.500000000000000000e+01 0.000000000000000000e+00 1.600000000000000089e+00 -6.319999999999999663e-04 -9.629999999999999888e-04 -9.999989999999999712e-01 -1.150900000000000013e-02 -9.999329999999999607e-01 9.700000000000000505e-04 -9.999339999999999895e-01 1.150900000000000013e-02 6.199999999999999999e-04
9.000000000000000000e+00 6.800000000000000000e+01 5.700000000000000000e+01 0.000000000000000000e+00 1.600000000000000089e+00 2.410000000000000033e-04 -2.201999999999999964e-03 -9.999970000000000248e-01 -2.444590000000000096e-01 -9.696569999999999911e-01 2.076999999999999853e-03 -9.696599999999999664e-01 2.444580000000000086e-01 -7.720000000000000083e-04
8.000000000000000000e+00 2.100000000000000000e+01 6.000000000000000000e+01 0.000000000000000000e+00 1.600000000000000089e+00 -4.150000000000000043e-04 8.123999999999999277e-03 9.999670000000000503e-01 -9.534099999999999520e-02 9.954119999999999635e-01 -8.127000000000000543e-03 -9.954450000000000243e-01 -9.534099999999999520e-02 3.620000000000000171e-04
1.700000000000000000e+01 2.100000000000000000e+01 6.000000000000000000e+01 0.000000000000000000e+00 1.600000000000000089e+00 2.076999999999999853e-03 -9.188999999999999252e-03 9.999559999999999560e-01 -9.307100000000000095e-02 9.956159999999999455e-01 9.343000000000000610e-03 -9.956570000000000142e-01 -9.308600000000000207e-02 1.213000000000000102e-03
3.000000000000000000e+00 3.000000000000000000e+00 6.300000000000000000e+01 0.000000000000000000e+00 1.600000000000000089e+00 2.020000000000000094e-03 -7.860000000000000233e-04 9.999980000000000535e-01 -6.132009999999999961e-01 7.899239999999999595e-01 1.858999999999999975e-03 -7.899239999999999595e-01 -6.132039999999999713e-01 1.113999999999999973e-03
9.000000000000000000e+00 3.000000000000000000e+00 6.300000000000000000e+01 0.000000000000000000e+00 1.600000000000000089e+00 -5.959999999999999586e-04 -1.915000000000000036e-03 9.999980000000000535e-01 -6.142079999999999762e-01 7.891430000000000389e-01 1.144999999999999967e-03 -7.891439999999999566e-01 -6.142060000000000297e-01 -1.647000000000000026e-03
2.000000000000000000e+00 2.700000000000000000e+01 6.300000000000000000e+01 0.000000000000000000e+00 1.600000000000000089e+00 3.380999999999999891e-03 6.134999999999999828e-03 9.999759999999999760e-01 -2.767530000000000268e-01 9.609280000000000044e-01 -4.958999999999999866e-03 -9.609349999999999836e-01 -2.767299999999999760e-01 4.947000000000000008e-03
9.000000000000000000e+00 2.700000000000000000e+01 6.300000000000000000e+01 0.000000000000000000e+00 1.600000000000000089e+00 4.000000000000000327e-05 -1.330000000000000019e-03 9.999989999999999712e-01 -2.749519999999999742e-01 9.614570000000000061e-01 1.288999999999999998e-03 -9.614580000000000348e-01 -2.749519999999999742e-01 -3.280000000000000038e-04
1.200000000000000000e+01 2.700000000000000000e+01 6.300000000000000000e+01 0.000000000000000000e+00 1.600000000000000089e+00 -2.530000000000000239e-04 -1.871000000000000050e-03 9.999980000000000535e-01 -2.760319999999999996e-01 9.611469999999999736e-01 1.729000000000000068e-03 -9.611480000000000024e-01 -2.760310000000000263e-01 -7.600000000000000418e-04
1.800000000000000000e+01 2.700000000000000000e+01 6.300000000000000000e+01 0.000000000000000000e+00 1.600000000000000089e+00 3.736000000000000171e-03 8.399999999999999535e-05 9.999930000000000208e-01 -2.793350000000000000e-01 9.601929999999999632e-01 9.629999999999999888e-04 -9.601859999999999840e-01 -2.793370000000000020e-01 3.611000000000000060e-03
2.200000000000000000e+01 2.700000000000000000e+01 6.300000000000000000e+01 0.000000000000000000e+00 1.600000000000000089e+00 2.660000000000000038e-03 8.215999999999999345e-03 9.999630000000000463e-01 -2.738929999999999976e-01 9.617329999999999490e-01 -7.172999999999999689e-03 -9.617560000000000553e-01 -2.738639999999999963e-01 4.807999999999999774e-03
9.000000000000000000e+00 2.600000000000000000e+01 6.400000000000000000e+01 0.000000000000000000e+00 1.600000000000000089e+00 2.110000000000000059e-04 -1.806000000000000097e-03 9.999980000000000535e-01 -3.567549999999999888e-01 9.341960000000000264e-01 1.761999999999999894e-03 -9.341979999999999729e-01 -3.567540000000000155e-01 -4.470000000000000232e-04
1.300000000000000000e+01 2.600000000000000000e+01 6.400000000000000000e+01 0.000000000000000000e+00 1.600000000000000089e+00 7.860000000000000233e-04 -4.687000000000000194e-03 9.999890000000000168e-01 -3.589700000000000113e-01 9.333380000000000010e-01 4.656999999999999681e-03 -9.333489999999999842e-01 -3.589700000000000113e-01 -9.489999999999999738e-04
1.800000000000000000e+01 2.600000000000000000e+01 6.400000000000000000e+01 0.000000000000000000e+00 1.600000000000000089e+00 4.015999999999999605e-03 -2.000000000000000096e-04 9.999919999999999920e-01 -3.613569999999999838e-01 9.324259999999999771e-01 1.637000000000000000e-03 -9.324189999999999978e-01 -3.613600000000000145e-01 3.671999999999999917e-03
2.500000000000000000e+01 2.600000000000000000e+01 6.400000000000000000e+01 0.000000000000000000e+00 1.600000000000000089e+00 -3.252999999999999815e-03 7.570000000000000340e-03 9.999660000000000215e-01 -3.503260000000000263e-01 9.365919999999999801e-01 -8.229999999999999469e-03 -9.366219999999999546e-01 -3.503410000000000135e-01 -3.950000000000000061e-04
3.000000000000000000e+01 2.600000000000000000e+01 6.400000000000000000e+01 0.000000000000000000e+00 1.600000000000000089e+00 -5.307000000000000085e-03 -2.213999999999999822e-03 9.999829999999999552e-01 -3.575749999999999762e-01 9.338840000000000474e-01 1.700000000000000122e-04 -9.338689999999999491e-01 -3.575679999999999970e-01 -5.747999999999999637e-03
1.000000000000000000e+01 2.500000000000000000e+01 7.300000000000000000e+01 0.000000000000000000e+00 1.600000000000000089e+00 1.211000000000000054e-03 2.415000000000000046e-03 9.999959999999999960e-01 7.491560000000000441e-01 -6.623940000000000383e-01 6.920000000000000153e-04 6.623930000000000096e-01 7.491520000000000401e-01 -2.611000000000000040e-03
1.300000000000000000e+01 2.500000000000000000e+01 7.300000000000000000e+01 0.000000000000000000e+00 1.600000000000000089e+00 8.880000000000000089e-04 2.079999999999999818e-03 9.999970000000000248e-01 7.508040000000000269e-01 -6.605250000000000288e-01 7.069999999999999462e-04 6.605250000000000288e-01 7.508010000000000517e-01 -2.148000000000000170e-03
1.900000000000000000e+01 2.500000000000000000e+01 7.300000000000000000e+01 0.000000000000000000e+00 1.600000000000000089e+00 6.340000000000000149e-04 -7.759999999999999971e-04 9.999989999999999712e-01 7.496770000000000378e-01 -6.618030000000000301e-01 -9.890000000000000787e-04 6.618039999999999479e-01 7.496770000000000378e-01 1.620000000000000075e-04
2.300000000000000000e+01 2.500000000000000000e+01 7.300000000000000000e+01 0.000000000000000000e+00 1.600000000000000089e+00 4.240000000000000062e-04 -1.219000000000000031e-03 9.999989999999999712e-01 7.482480000000000242e-01 -6.634179999999999522e-01 -1.124999999999999915e-03 6.634189999999999809e-01 7.482480000000000242e-01 6.310000000000000504e-04
