6.000000000000000000e+00 2.500000000000000000e+01 1.000000000000000000e+00 0.000000000000000000e+00 1.600000000000000089e+00 -3.243999999999999922e-03 -5.531000000000000326e-03 -9.999789999999999512e-01 -5.231839999999999824e-01 -8.521959999999999535e-01 6.411000000000000032e-03 -8.522140000000000271e-01 5.231940000000000479e-01 -1.289999999999999914e-04
1.300000000000000000e+01 2.500000000000000000e+01 1.000000000000000000e+00 0.000000000000000000e+00 1.600000000000000089e+00 -1.479999999999999925e-04 -3.237999999999999993e-03 -9.999949999999999672e-01 -5.225070000000000547e-01 -8.526299999999999990e-01 2.837999999999999811e-03 -8.526350000000000318e-01 5.225049999999999972e-01 -1.565999999999999901e-03
4.000000000000000000e+00 1.500000000000000000e+01 4.000000000000000000e+00 0.000000000000000000e+00 1.600000000000000089e+00 2.874999999999999951e-03 -4.865000000000000401e-03 9.999839999999999840e-01 3.157099999999999906e-01 -9.488400000000000167e-01 -5.524000000000000264e-03 9.488510000000000000e-01 3.157209999999999739e-01 -1.191999999999999917e-03
9.000000000000000000e+00 1.500000000000000000e+01 4.000000000000000000e+00 0.000000000000000000e+00 1.600000000000000089e+00 -1.884999999999999957e-03 -7.527999999999999969e-03 9.999700000000000255e-01 3.103960000000000052e-01 -9.505850000000000133e-01 -6.570999999999999584e-03 9.506050000000000333e-01 3.103739999999999832e-01 4.128999999999999858e-03
1.500000000000000000e+01 1.500000000000000000e+01 4.000000000000000000e+00 0.000000000000000000e+00 1.600000000000000089e+00 5.209999999999999788e-04 1.606999999999999922e-03 9.999989999999999712e-01 3.071510000000000074e-01 -9.516599999999999504e-01 1.369999999999999907e-03 9.516609999999999792e-01 3.071490000000000054e-01 -9.899999999999999946e-04
1.900000000000000000e+01 1.500000000000000000e+01 4.000000000000000000e+00 0.000000000000000000e+00 1.600000000000000089e+00 -7.640000000000000306e-04 -1.445000000000000104e-03 9.999989999999999712e-01 3.091369999999999951e-01 -9.510170000000000012e-01 -1.137999999999999906e-03 9.510170000000000012e-01 3.091360000000000219e-01 1.172999999999999998e-03
2.600000000000000000e+01 1.500000000000000000e+01 4.000000000000000000e+00 0.000000000000000000e+00 1.600000000000000089e+00 -7.009999999999999738e-03 -1.381199999999999962e-02 9.998799999999999910e-01 3.006880000000000108e-01 -9.536580000000000057e-01 -1.106599999999999945e-02 9.536970000000000169e-01 3.005749999999999811e-01 1.083899999999999968e-02
2.000000000000000000e+00 1.010000000000000000e+02 7.000000000000000000e+00 0.000000000000000000e+00 1.600000000000000089e+00 1.606000000000000006e-03 -1.642499999999999863e-02 9.998639999999999750e-01 8.766920000000000268e-01 4.810079999999999911e-01 6.492999999999999640e-03 -4.810499999999999776e-01 8.765619999999999523e-01 1.517199999999999972e-02
2.400000000000000000e+01 1.010000000000000000e+02 7.000000000000000000e+00 0.000000000000000000e+00 1.600000000000000089e+00 -7.424000000000000044e-03 -2.249999999999999938e-04 9.999719999999999720e-01 8.792229999999999768e-01 4.763629999999999809e-01 6.635000000000000273e-03 -4.763519999999999976e-01 8.792480000000000295e-01 -3.338999999999999954e-03
6.000000000000000000e+00 2.500000000000000000e+01 8.000000000000000000e+00 0.000000000000000000e+00 1.600000000000000089e+00 2.099999999999999870e-03 1.519700000000000044e-02 -9.998820000000000485e-01 4.485049999999999870e-01 8.936619999999999564e-01 1.452400000000000045e-02 8.937779999999999614e-01 -4.484830000000000205e-01 -4.938999999999999814e-03
1.400000000000000000e+01 2.500000000000000000e+01 8.000000000000000000e+00 0.000000000000000000e+00 1.600000000000000089e+00 7.969999999999999654e-04 4.844000000000000215e-03 -9.999879999999999880e-01 4.444629999999999970e-01 8.957850000000000534e-01 4.694000000000000256e-03 8.957969999999999544e-01 -4.444609999999999950e-01 -1.438999999999999958e-03
1.900000000000000000e+01 2.500000000000000000e+01 8.000000000000000000e+00 0.000000000000000000e+00 1.600000000000000089e+00 1.822999999999999968e-03 1.229999999999999974e-03 -9.999980000000000535e-01 4.452400000000000246e-01 8.954090000000000105e-01 1.912999999999999987e-03 8.954090000000000105e-01 -4.452429999999999999e-01 1.083999999999999894e-03
2.400000000000000000e+01 2.500000000000000000e+01 8.000000000000000000e+00 0.000000000000000000e+00 1.600000000000000089e+00 1.072000000000000036e-03 3.033999999999999805e-03 -9.999949999999999672e-01 4.438819999999999988e-01 8.960789999999999589e-01 3.193999999999999791e-03 8.960839999999999916e-01 -4.438830000000000275e-01 -3.849999999999999798e-04
2.800000000000000000e+01 2.500000000000000000e+01 8.000000000000000000e+00 0.000000000000000000e+00 1.600000000000000089e+00 -1.962999999999999901e-03 1.012000000000000096e-03 -9.999980000000000535e-01 4.432260000000000089e-01 8.964100000000000401e-01 3.699999999999999811e-05 8.964079999999999826e-01 -4.432249999999999801e-01 -2.207999999999999893e-03
6.000000000000000000e+00 2.400000000000000000e+01 9.000000000000000000e+00 0.000000000000000000e+00 1.600000000000000089e+00 2.151999999999999833e-03 1.351499999999999924e-02 -9.999059999999999615e-01 4.516930000000000112e-01 8.920789999999999553e-01 1.302900000000000065e-02 8.921710000000000473e-01 -4.516780000000000239e-01 -4.184000000000000219e-03
1.400000000000000000e+01 2.400000000000000000e+01 9.000000000000000000e+00 0.000000000000000000e+00 1.600000000000000089e+00 5.500000000000000331e-04 5.385000000000000030e-03 -9.999850000000000128e-01 4.467050000000000187e-01 8.946669999999999900e-01 5.062999999999999792e-03 8.946809999999999485e-01 -4.467010000000000147e-01 -1.913999999999999903e-03
1.900000000000000000e+01 2.400000000000000000e+01 9.000000000000000000e+00 0.000000000000000000e+00 1.600000000000000089e+00 1.575000000000000011e-03 2.776999999999999955e-03 -9.999949999999999672e-01 4.472709999999999742e-01 8.943929999999999936e-01 3.187999999999999862e-03 8.943969999999999976e-01 -4.472740000000000049e-01 1.659999999999999963e-04
2.400000000000000000e+01 2.400000000000000000e+01 9.000000000000000000e+00 0.000000000000000000e+00 1.600000000000000089e+00 1.270999999999999994e-03 2.929000000000000180e-03 -9.999949999999999672e-01 4.465850000000000097e-01 8.947349999999999470e-01 3.187999999999999862e-03 8.947399999999999798e-01 -4.465870000000000117e-01 -1.710000000000000094e-04
2.800000000000000000e+01 2.400000000000000000e+01 9.000000000000000000e+00 0.000000000000000000e+00 1.600000000000000089e+00 -1.910999999999999938e-03 1.786999999999999960e-03 -9.999970000000000248e-01 4.455649999999999888e-01 8.952489999999999615e-01 7.479999999999999670e-04 8.952480000000000437e-01 -4.455620000000000136e-01 -2.507000000000000114e-03
2.000000000000000000e+00 3.100000000000000000e+01 1.200000000000000000e+01 0.000000000000000000e+00 1.600000000000000089e+00 5.619999999999999996e-04 -6.270999999999999665e-03 9.999799999999999800e-01 -1.115400000000000072e-02 9.999179999999999735e-01 6.276999999999999594e-03 -9.999379999999999935e-01 -1.115799999999999952e-02 4.920000000000000328e-04
7.000000000000000000e+00 3.100000000000000000e+01 1.200000000000000000e+01 0.000000000000000000e+00 1.600000000000000089e+00 1.944999999999999897e-03 8.543999999999999512e-03 9.999620000000000175e-01 -1.151300000000000066e-02 9.998970000000000358e-01 -8.521000000000000796e-03 -9.999320000000000430e-01 -1.149599999999999927e-02 2.043000000000000111e-03
1.200000000000000000e+01 3.100000000000000000e+01 1.200000000000000000e+01 0.000000000000000000e+00 1.600000000000000089e+00 3.527999999999999886e-03 6.745000000000000127e-03 9.999710000000000543e-01 -6.039000000000000097e-03 9.999590000000000423e-01 -6.722999999999999809e-03 -9.999759999999999760e-01 -6.015000000000000381e-03 3.569000000000000124e-03
1.400000000000000000e+01 1.160000000000000000e+02 1.600000000000000000e+01 0.000000000000000000e+00 1.600000000000000089e+00 1.088999999999999907e-03 2.566999999999999837e-03 9.999959999999999960e-01 6.880749999999999922e-01 7.256350000000000300e-01 -2.612000000000000172e-03 -7.256390000000000340e-01 6.880749999999999922e-01 -9.759999999999999796e-04
2.500000000000000000e+01 1.160000000000000000e+02 1.600000000000000000e+01 0.000000000000000000e+00 1.600000000000000089e+00 9.150000000000000147e-04 -1.369999999999999907e-03 9.999989999999999712e-01 7.046759999999999691e-01 7.095299999999999940e-01 3.269999999999999795e-04 -7.095289999999999653e-01 7.046740000000000226e-01 1.614999999999999899e-03
1.000000000000000000e+00 2.000000000000000000e+00 1.900000000000000000e+01 0.000000000000000000e+00 1.600000000000000089e+00 -6.444000000000000075e-03 -4.707000000000000246e-03 -9.999679999999999680e-01 1.790619999999999989e-01 -9.838320000000000398e-01 3.478000000000000189e-03 -9.838170000000000526e-01 -1.790329999999999977e-01 7.182000000000000016e-03
8.000000000000000000e+00 2.000000000000000000e+00 1.900000000000000000e+01 0.000000000000000000e+00 1.600000000000000089e+00 -5.399999999999999798e-05 3.523999999999999789e-03 -9.999940000000000495e-01 1.808950000000000002e-01 -9.834960000000000369e-01 -3.475999999999999923e-03 -9.835019999999999873e-01 -1.808939999999999992e-01 -5.839999999999999922e-04
1.600000000000000000e+01 2.000000000000000000e+00 1.900000000000000000e+01 0.000000000000000000e+00 1.600000000000000089e+00 2.520000000000000104e-03 -2.186000000000000009e-03 -9.999940000000000495e-01 1.814679999999999904e-01 -9.833929999999999616e-01 2.606999999999999942e-03 -9.833939999999999904e-01 -1.814729999999999954e-01 -2.082000000000000083e-03
2.300000000000000000e+01 2.000000000000000000e+00 1.900000000000000000e+01 0.000000000000000000e+00 1.600000000000000089e+00 -1.838999999999999923e-03 8.647999999999999438e-03 -9.999609999999999888e-01 1.856190000000000062e-01 -9.825819999999999554e-01 -8.838999999999999635e-03 -9.826200000000000490e-01 -1.856279999999999875e-01 2.020000000000000040e-04
2.900000000000000000e+01 2.000000000000000000e+00 1.900000000000000000e+01 0.000000000000000000e+00 1.600000000000000089e+00 -1.100999999999999982e-03 1.955399999999999847e-02 -9.998080000000000300e-01 1.896670000000000023e-01 -9.816570000000000018e-01 -1.940800000000000164e-02 -9.818480000000000540e-01 -1.896519999999999873e-01 -2.626999999999999995e-03
2.000000000000000000e+00 1.300000000000000000e+01 2.000000000000000000e+01 0.000000000000000000e+00 1.600000000000000089e+00 -6.282000000000000257e-03 -1.616000000000000075e-02 9.998500000000000165e-01 2.500470000000000192e-01 9.680809999999999693e-01 1.721800000000000067e-02 -9.682129999999999903e-01 2.501169999999999782e-01 -2.040999999999999846e-03
8.000000000000000000e+00 1.300000000000000000e+01 2.000000000000000000e+01 0.000000000000000000e+00 1.600000000000000089e+00 5.899999999999999754e-05 2.867999999999999890e-03 9.999959999999999960e-01 2.537099999999999911e-01 9.672760000000000247e-01 -2.788999999999999813e-03 -9.672800000000000287e-01 2.537090000000000178e-01 -6.700000000000000226e-04
2.300000000000000000e+01 1.300000000000000000e+01 2.000000000000000000e+01 0.000000000000000000e+00 1.600000000000000089e+00 -1.389000000000000044e-03 -2.758000000000000035e-03 9.999949999999999672e-01 2.497669999999999890e-01 9.683009999999999673e-01 3.017000000000000150e-03 -9.683049999999999713e-01 2.497699999999999920e-01 -6.560000000000000076e-04
2.700000000000000000e+01 1.300000000000000000e+01 2.000000000000000000e+01 0.000000000000000000e+00 1.600000000000000089e+00 -5.145000000000000268e-03 -1.853300000000000086e-02 9.998150000000000093e-01 2.508810000000000207e-01 9.678269999999999929e-01 1.923100000000000157e-02 -9.680039999999999756e-01 2.509330000000000171e-01 -3.299999999999999982e-04
1.000000000000000000e+00 1.600000000000000000e+01 2.100000000000000000e+01 0.000000000000000000e+00 1.600000000000000089e+00 -7.073000000000000294e-03 -1.345400000000000068e-02 9.998839999999999950e-01 2.976219999999999977e-01 9.545670000000000543e-01 1.494999999999999975e-02 -9.546580000000000066e-01 2.976929999999999854e-01 -2.746999999999999876e-03
7.000000000000000000e+00 1.600000000000000000e+01 2.100000000000000000e+01 0.000000000000000000e+00 1.600000000000000089e+00 -3.980000000000000248e-04 -2.130000000000000003e-04 1.000000000000000000e+00 2.993060000000000165e-01 9.541570000000000329e-01 3.220000000000000206e-04 -9.541570000000000329e-01 2.993060000000000165e-01 -3.159999999999999832e-04
1.300000000000000000e+01 1.600000000000000000e+01 2.100000000000000000e+01 0.000000000000000000e+00 1.600000000000000089e+00 5.818000000000000255e-03 1.177699999999999927e-02 9.999139999999999695e-01 2.991409999999999902e-01 9.541209999999999969e-01 -1.297799999999999995e-02 -9.541910000000000114e-01 2.991909999999999847e-01 2.027999999999999855e-03
1.700000000000000000e+01 1.600000000000000000e+01 2.100000000000000000e+01 0.000000000000000000e+00 1.600000000000000089e+00 5.283000000000000369e-03 1.250800000000000002e-02 9.999080000000000190e-01 2.974700000000000122e-01 9.546350000000000113e-01 -1.351399999999999997e-02 -9.547160000000000091e-01 2.975140000000000007e-01 1.322999999999999957e-03
4.000000000000000000e+00 3.000000000000000000e+00 2.500000000000000000e+01 0.000000000000000000e+00 1.600000000000000089e+00 8.245000000000000592e-03 -6.264999999999999736e-03 9.999460000000000015e-01 -3.480699999999999766e-02 -9.993760000000000421e-01 -5.975000000000000276e-03 9.993600000000000261e-01 -3.475600000000000217e-02 -8.458000000000000240e-03
2.200000000000000000e+01 3.000000000000000000e+00 2.500000000000000000e+01 0.000000000000000000e+00 1.600000000000000089e+00 3.712000000000000022e-03 1.139999999999999954e-03 9.999919999999999920e-01 -5.600200000000000317e-02 -9.984300000000000397e-01 1.345999999999999974e-03 9.984239999999999782e-01 -5.600600000000000023e-02 -3.642999999999999971e-03
2.500000000000000000e+01 3.000000000000000000e+00 2.500000000000000000e+01 0.000000000000000000e+00 1.600000000000000089e+00 5.250000000000000326e-03 1.527399999999999938e-02 9.998700000000000365e-01 -5.227400000000000102e-02 -9.985119999999999552e-01 1.552699999999999914e-02 9.986190000000000344e-01 -5.234899999999999970e-02 -4.444000000000000034e-03
3.000000000000000000e+01 3.000000000000000000e+00 2.500000000000000000e+01 0.000000000000000000e+00 1.600000000000000089e+00 8.559000000000000635e-03 1.215800000000000040e-02 9.998890000000000278e-01 -4.779100000000000015e-02 -9.987780000000000546e-01 1.255299999999999992e-02 9.988209999999999589e-01 -4.789299999999999807e-02 -7.967000000000000123e-03
2.600000000000000000e+01 4.600000000000000000e+01 2.700000000000000000e+01 0.000000000000000000e+00 1.600000000000000089e+00 -8.689999999999999808e-04 -4.099000000000000213e-03 -9.999909999999999632e-01 6.613890000000000047e-01 7.500350000000000072e-01 -3.648999999999999900e-03 7.500430000000000152e-01 -6.613860000000000294e-01 2.059000000000000066e-03
6.000000000000000000e+00 4.600000000000000000e+01 3.000000000000000000e+01 0.000000000000000000e+00 1.600000000000000089e+00 8.760000000000000425e-04 3.069999999999999812e-04 -1.000000000000000000e+00 3.312320000000000264e-01 9.435489999999999711e-01 5.800000000000000034e-04 9.435489999999999711e-01 -3.312320000000000264e-01 7.249999999999999500e-04
1.100000000000000000e+01 4.600000000000000000e+01 3.000000000000000000e+01 0.000000000000000000e+00 1.600000000000000089e+00 -5.670000000000000127e-04 3.612000000000000193e-03 -9.999930000000000208e-01 3.341060000000000141e-01 9.425299999999999789e-01 3.214999999999999976e-03 9.425350000000000117e-01 -3.341020000000000101e-01 -1.740999999999999926e-03
3.000000000000000000e+00 4.600000000000000000e+01 3.500000000000000000e+01 0.000000000000000000e+00 1.600000000000000089e+00 -2.980000000000000010e-03 4.199999999999999768e-05 -9.999959999999999960e-01 3.883889999999999842e-01 -9.214949999999999530e-01 -1.196000000000000014e-03 -9.214900000000000313e-01 -3.883909999999999862e-01 2.729999999999999788e-03
1.300000000000000000e+01 4.600000000000000000e+01 3.500000000000000000e+01 0.000000000000000000e+00 1.600000000000000089e+00 2.036000000000000049e-03 -2.396999999999999825e-03 -9.999949999999999672e-01 3.887630000000000252e-01 -9.213329999999999576e-01 3.000000000000000062e-03 -9.213360000000000438e-01 -3.887669999999999737e-01 -9.439999999999999607e-04
1.600000000000000000e+01 4.600000000000000000e+01 3.500000000000000000e+01 0.000000000000000000e+00 1.600000000000000089e+00 7.770000000000000214e-04 -3.445000000000000145e-03 -9.999940000000000495e-01 3.891649999999999832e-01 -9.211610000000000076e-01 3.475999999999999923e-03 -9.211679999999999868e-01 -3.891660000000000119e-01 6.250000000000000130e-04
1.900000000000000000e+01 4.600000000000000000e+01 3.500000000000000000e+01 0.000000000000000000e+00 1.600000000000000089e+00 -1.820000000000000057e-04 -4.444000000000000034e-03 -9.999900000000000455e-01 3.892590000000000217e-01 -9.211200000000000498e-01 4.022999999999999667e-03 -9.211289999999999756e-01 -3.892539999999999889e-01 1.897999999999999948e-03
2.600000000000000000e+01 4.600000000000000000e+01 3.500000000000000000e+01 0.000000000000000000e+00 1.600000000000000089e+00 -2.621000000000000066e-03 2.484000000000000097e-03 -9.999930000000000208e-01 3.905989999999999740e-01 -9.205550000000000122e-01 -3.310000000000000008e-03 -9.205569999999999586e-01 -3.906049999999999800e-01 1.443000000000000055e-03
3.000000000000000000e+00 9.500000000000000000e+01 3.600000000000000000e+01 0.000000000000000000e+00 1.600000000000000089e+00 1.721299999999999913e-02 2.318299999999999875e-02 9.995829999999999993e-01 9.980769999999999920e-01 5.913800000000000306e-02 -1.855899999999999911e-02 -5.954399999999999971e-02 9.979810000000000070e-01 -2.212099999999999830e-02
1.100000000000000000e+01 9.500000000000000000e+01 3.600000000000000000e+01 0.000000000000000000e+00 1.600000000000000089e+00 1.734799999999999884e-02 4.068299999999999694e-02 9.990210000000000479e-01 9.966369999999999951e-01 7.932300000000000462e-02 -2.053699999999999970e-02 -8.008099999999999941e-02 9.960179999999999589e-01 -3.917000000000000343e-02
2.700000000000000000e+01 9.500000000000000000e+01 3.600000000000000000e+01 0.000000000000000000e+00 1.600000000000000089e+00 -9.032000000000000098e-03 -1.212399999999999936e-02 9.998860000000000525e-01 9.978660000000000307e-01 6.456299999999999539e-02 9.795999999999999153e-03 -6.467499999999999638e-02 9.978399999999999492e-01 1.151499999999999919e-02
2.000000000000000000e+01 2.900000000000000000e+01 4.400000000000000000e+01 0.000000000000000000e+00 1.600000000000000089e+00 -5.559999999999999621e-04 -1.539300000000000043e-02 -9.998810000000000198e-01 6.756619999999999848e-01 7.371180000000000510e-01 -1.172300000000000078e-02 7.372109999999999497e-01 -6.755879999999999663e-01 9.990000000000000616e-03
1.300000000000000000e+01 2.600000000000000000e+01 4.800000000000000000e+01 0.000000000000000000e+00 1.600000000000000089e+00 -2.964000000000000055e-03 -8.606300000000000061e-02 -9.962849999999999762e-01 -8.409300000000000108e-02 9.927820000000000533e-01 -8.551000000000000267e-02 9.964530000000000332e-01 8.352700000000000402e-02 -1.017999999999999981e-02
1.800000000000000000e+01 2.900000000000000000e+01 4.800000000000000000e+01 0.000000000000000000e+00 1.600000000000000089e+00 -9.780000000000000498e-03 -8.643599999999999894e-02 9.962090000000000112e-01 3.780930000000000124e-01 9.219749999999999890e-01 8.370700000000000363e-02 -9.257159999999999833e-01 3.774790000000000090e-01 2.366400000000000101e-02
2.600000000000000000e+01 5.000000000000000000e+00 5.100000000000000000e+01 0.000000000000000000e+00 1.600000000000000089e+00 1.237000000000000035e-03 -8.009000000000000494e-03 -9.999670000000000503e-01 4.880570000000000186e-01 -8.727789999999999715e-01 7.594000000000000056e-03 -8.728110000000000035e-01 -4.880499999999999838e-01 2.828999999999999918e-03
3.000000000000000000e+01 5.000000000000000000e+00 5.100000000000000000e+01 0.000000000000000000e+00 1.600000000000000089e+00 8.199999999999999824e-04 -5.085000000000000110e-03 -9.999869999999999592e-01 4.833669999999999911e-01 -8.754049999999999887e-01 4.847999999999999879e-03 -8.754180000000000295e-01 -4.833640000000000159e-01 1.740000000000000010e-03
2.500000000000000000e+01 3.900000000000000000e+01 5.100000000000000000e+01 0.000000000000000000e+00 1.600000000000000089e+00 -8.543000000000000246e-03 -3.247149999999999759e-01 9.457729999999999748e-01 3.334840000000000027e-01 8.907370000000000010e-01 3.088310000000000222e-01 -9.427170000000000272e-01 3.180379999999999874e-01 1.006780000000000036e-01
1.900000000000000000e+01 1.150000000000000000e+02 5.100000000000000000e+01 0.000000000000000000e+00 1.600000000000000089e+00 2.128999999999999816e-03 1.449499999999999920e-02 9.998930000000000318e-01 8.455899999999999528e-01 -5.337990000000000235e-01 5.937999999999999702e-03 5.338279999999999692e-01 8.454869999999999886e-01 -1.339300000000000039e-02
2.400000000000000000e+01 7.000000000000000000e+00 5.200000000000000000e+01 0.000000000000000000e+00 1.600000000000000089e+00 -2.684000000000000188e-03 -6.401999999999999705e-03 -9.999759999999999760e-01 1.068950000000000039e-01 -9.942520000000000246e-01 6.079000000000000202e-03 -9.942670000000000119e-01 -1.068759999999999988e-01 3.353000000000000078e-03
2.600000000000000000e+01 4.000000000000000000e+01 5.200000000000000000e+01 0.000000000000000000e+00 1.600000000000000089e+00 2.553000000000000148e-03 -1.988479999999999970e-01 9.800269999999999815e-01 1.692440000000000055e-01 9.659780000000000033e-01 1.955570000000000086e-01 -9.855709999999999749e-01 1.653650000000000120e-01 3.611999999999999933e-02
3.000000000000000000e+00 6.300000000000000000e+01 5.400000000000000000e+01 0.000000000000000000e+00 1.600000000000000089e+00 -1.700000000000000122e-04 1.374000000000000004e-03 9.999989999999999712e-01 -3.661170000000000258e-01 9.305679999999999508e-01 -1.340999999999999961e-03 -9.305689999999999795e-01 -3.661170000000000258e-01 3.449999999999999833e-04
9.000000000000000000e+00 6.300000000000000000e+01 5.400000000000000000e+01 0.000000000000000000e+00 1.600000000000000089e+00 -8.480000000000000124e-04 1.021999999999999905e-03 9.999989999999999712e-01 -3.633990000000000276e-01 9.316330000000000444e-01 -1.260000000000000052e-03 -9.316330000000000444e-01 -3.633990000000000276e-01 -4.180000000000000230e-04
1.200000000000000000e+01 6.300000000000000000e+01 5.400000000000000000e+01 0.000000000000000000e+00 1.600000000000000089e+00 3.840000000000000097e-04 1.379000000000000017e-03 9.999989999999999712e-01 -3.673600000000000199e-01 9.300779999999999603e-01 -1.141000000000000087e-03 -9.300789999999999891e-01 -3.673589999999999911e-01 8.639999999999999677e-04
1.700000000000000000e+01 6.300000000000000000e+01 5.400000000000000000e+01 0.000000000000000000e+00 1.600000000000000089e+00 4.009999999999999893e-04 -4.543000000000000163e-03 9.999900000000000455e-01 -3.691030000000000144e-01 9.293780000000000374e-01 4.369999999999999753e-03 -9.293879999999999919e-01 -3.691010000000000124e-01 -1.304000000000000038e-03
2.300000000000000000e+01 6.300000000000000000e+01 5.400000000000000000e+01 0.000000000000000000e+00 1.600000000000000089e+00 -9.500000000000000523e-05 -4.600000000000000004e-05 1.000000000000000000e+00 -3.636110000000000175e-01 9.315510000000000179e-01 7.999999999999999638e-06 -9.315510000000000179e-01 -3.636110000000000175e-01 -1.060000000000000016e-04
2.600000000000000000e+01 6.300000000000000000e+01 5.400000000000000000e+01 0.000000000000000000e+00 1.600000000000000089e+00 -6.059999999999999849e-04 1.186999999999999904e-03 9.999989999999999712e-01 -3.651289999999999814e-01 9.309560000000000057e-01 -1.325999999999999922e-03 -9.309570000000000345e-01 -3.651300000000000101e-01 -1.299999999999999886e-04
3.000000000000000000e+00 2.100000000000000000e+01 6.000000000000000000e+01 0.000000000000000000e+00 1.600000000000000089e+00 -3.000000000000000076e-05 -7.330000000000000361e-04 1.000000000000000000e+00 -9.483900000000000663e-02 9.954920000000000435e-01 7.259999999999999743e-04 -9.954929999999999612e-01 -9.483900000000000663e-02 -9.899999999999999404e-05
8.000000000000000000e+00 2.100000000000000000e+01 6.000000000000000000e+01 0.000000000000000000e+00 1.600000000000000089e+00 -9.799999999999999684e-05 3.065000000000000016e-03 9.999949999999999672e-01 -9.566700000000000204e-02 9.954089999999999883e-01 -3.059999999999999786e-03 -9.954129999999999923e-01 -9.566700000000000204e-02 1.959999999999999937e-04
1.300000000000000000e+01 2.100000000000000000e+01 6.000000000000000000e+01 0.000000000000000000e+00 1.600000000000000089e+00 1.054000000000000032e-03 7.556000000000000216e-03 9.999710000000000543e-01 -9.464599999999999402e-02 9.954830000000000068e-01 -7.421999999999999778e-03 -9.955100000000000060e-01 -9.463499999999999690e-02 1.763999999999999943e-03
2.000000000000000000e+01 2.100000000000000000e+01 6.000000000000000000e+01 0.000000000000000000e+00 1.600000000000000089e+00 5.910000000000000539e-04 -6.049999999999999606e-04 1.000000000000000000e+00 -9.644300000000000095e-02 9.953379999999999450e-01 6.589999999999999721e-04 -9.953379999999999450e-01 -9.644300000000000095e-02 5.299999999999999807e-04
2.300000000000000000e+01 2.100000000000000000e+01 6.000000000000000000e+01 0.000000000000000000e+00 1.600000000000000089e+00 8.980000000000000352e-04 -3.563999999999999894e-03 9.999930000000000208e-01 -9.804300000000000515e-02 9.951759999999999495e-01 3.635000000000000210e-03 -9.951820000000000110e-01 -9.804599999999999427e-02 5.439999999999999957e-04
2.900000000000000000e+01 2.100000000000000000e+01 6.000000000000000000e+01 0.000000000000000000e+00 1.600000000000000089e+00 4.690000000000000158e-04 2.351999999999999924e-03 9.999970000000000248e-01 -9.891999999999999404e-02 9.950930000000000053e-01 -2.294000000000000032e-03 -9.950949999999999518e-01 -9.891900000000000692e-02 6.999999999999999929e-04
5.000000000000000000e+00 2.700000000000000000e+01 6.300000000000000000e+01 0.000000000000000000e+00 1.600000000000000089e+00 -2.719999999999999979e-04 2.452999999999999885e-03 9.999970000000000248e-01 -2.800030000000000019e-01 9.599959999999999605e-01 -2.431000000000000001e-03 -9.599990000000000467e-01 -2.800030000000000019e-01 4.260000000000000006e-04
1.500000000000000000e+01 2.700000000000000000e+01 6.300000000000000000e+01 0.000000000000000000e+00 1.600000000000000089e+00 -1.196000000000000014e-03 -2.262000000000000122e-03 9.999970000000000248e-01 -2.737220000000000208e-01 9.618069999999999675e-01 1.848000000000000033e-03 -9.618079999999999963e-01 -2.737180000000000168e-01 -1.770000000000000089e-03
2.100000000000000000e+01 2.700000000000000000e+01 6.300000000000000000e+01 0.000000000000000000e+00 1.600000000000000089e+00 -1.270000000000000078e-03 -2.949999999999999931e-03 9.999949999999999672e-01 -2.794380000000000197e-01 9.601600000000000135e-01 2.477000000000000035e-03 -9.601629999999999887e-01 -2.794340000000000157e-01 -2.043999999999999810e-03
2.400000000000000000e+01 2.700000000000000000e+01 6.300000000000000000e+01 0.000000000000000000e+00 1.600000000000000089e+00 1.128000000000000096e-03 -1.759999999999999954e-04 9.999989999999999712e-01 -2.790199999999999902e-01 9.602850000000000552e-01 4.829999999999999767e-04 -9.602850000000000552e-01 -2.790199999999999902e-01 1.033999999999999980e-03
2.800000000000000000e+01 2.700000000000000000e+01 6.300000000000000000e+01 0.000000000000000000e+00 1.600000000000000089e+00 4.217000000000000262e-03 4.193999999999999811e-03 9.999820000000000375e-01 -2.744320000000000093e-01 9.616019999999999568e-01 -2.876000000000000084e-03 -9.615970000000000351e-01 -2.744150000000000200e-01 5.205999999999999690e-03
2.000000000000000000e+00 4.400000000000000000e+01 6.300000000000000000e+01 0.000000000000000000e+00 1.600000000000000089e+00 1.368999999999999991e-03 1.597399999999999862e-02 -9.998709999999999543e-01 -6.614609999999999657e-01 -7.498690000000000078e-01 -1.288500000000000062e-02 -7.499780000000000335e-01 6.613940000000000374e-01 9.539000000000000604e-03
8.000000000000000000e+00 4.400000000000000000e+01 6.300000000000000000e+01 0.000000000000000000e+00 1.600000000000000089e+00 6.449999999999999570e-04 4.714000000000000308e-03 -9.999890000000000168e-01 -6.677269999999999595e-01 -7.443950000000000289e-01 -3.939999999999999926e-03 -7.444060000000000121e-01 6.677220000000000377e-01 2.667999999999999799e-03
1.200000000000000000e+01 4.400000000000000000e+01 6.300000000000000000e+01 0.000000000000000000e+00 1.600000000000000089e+00 9.128000000000000697e-03 2.210399999999999865e-02 -9.997139999999999915e-01 -6.748290000000000122e-01 -7.376319999999999544e-01 -2.247100000000000139e-02 -7.379179999999999628e-01 6.748410000000000242e-01 8.182999999999999302e-03
2.000000000000000000e+01 4.400000000000000000e+01 6.300000000000000000e+01 0.000000000000000000e+00 1.600000000000000089e+00 9.809999999999999276e-03 -2.874799999999999925e-02 -9.995389999999999553e-01 -7.163709999999999800e-01 -6.975980000000000514e-01 1.303299999999999945e-02 -6.976510000000000211e-01 7.159130000000000216e-01 -2.743800000000000058e-02
5.000000000000000000e+00 2.600000000000000000e+01 6.400000000000000000e+01 0.000000000000000000e+00 1.600000000000000089e+00 -1.101999999999999898e-03 3.687999999999999872e-03 9.999930000000000208e-01 -3.736320000000000197e-01 9.275689999999999769e-01 -3.831999999999999903e-03 -9.275759999999999561e-01 -3.736340000000000217e-01 3.559999999999999797e-04
9.000000000000000000e+00 2.600000000000000000e+01 6.400000000000000000e+01 0.000000000000000000e+00 1.600000000000000089e+00 1.248999999999999893e-03 5.650999999999999773e-03 9.999829999999999552e-01 -3.683949999999999725e-01 9.296569999999999556e-01 -4.793000000000000385e-03 -9.296689999999999676e-01 -3.683830000000000160e-01 3.242999999999999789e-03
1.500000000000000000e+01 2.600000000000000000e+01 6.400000000000000000e+01 0.000000000000000000e+00 1.600000000000000089e+00 -7.640000000000000306e-04 -1.721000000000000090e-03 9.999980000000000535e-01 -3.626389999999999891e-01 9.319290000000000074e-01 1.327000000000000055e-03 -9.319290000000000074e-01 -3.626380000000000159e-01 -1.337000000000000081e-03
2.100000000000000000e+01 2.600000000000000000e+01 6.400000000000000000e+01 0.000000000000000000e+00 1.600000000000000089e+00 -1.020999999999999989e-03 -2.727999999999999956e-03 9.999959999999999960e-01 -3.693850000000000189e-01 9.292740000000000444e-01 2.158000000000000196e-03 -9.292759999999999909e-01 -3.693810000000000149e-01 -1.956999999999999972e-03
2.400000000000000000e+01 2.600000000000000000e+01 6.400000000000000000e+01 0.000000000000000000e+00 1.600000000000000089e+00 7.150000000000000322e-04 7.609999999999999577e-04 9.999989999999999712e-01 -3.691679999999999962e-01 9.293620000000000214e-01 -4.429999999999999802e-04 -9.293620000000000214e-01 -3.691679999999999962e-01 9.460000000000000093e-04
2.800000000000000000e+01 2.600000000000000000e+01 6.400000000000000000e+01 0.000000000000000000e+00 1.600000000000000089e+00 3.474999999999999790e-03 4.405000000000000061e-03 9.999839999999999840e-01 -3.628739999999999744e-01 9.318340000000000511e-01 -2.843000000000000041e-03 -9.318319999999999936e-01 -3.628580000000000139e-01 4.837000000000000154e-03
2.300000000000000000e+01 5.600000000000000000e+01 6.400000000000000000e+01 0.000000000000000000e+00 1.600000000000000089e+00 -1.447170000000000123e-01 2.619569999999999954e-01 -9.541669999999999874e-01 1.317699999999999948e-02 9.647430000000000172e-01 2.628619999999999846e-01 9.893849999999999589e-01 2.546700000000000005e-02 -1.430669999999999997e-01
2.900000000000000000e+01 5.300000000000000000e+01 6.600000000000000000e+01 0.000000000000000000e+00 1.600000000000000089e+00 2.062589999999999979e-01 5.578799999999999731e-02 9.769060000000000521e-01 5.873749999999999805e-01 7.914280000000000204e-01 -1.692110000000000003e-01 -7.825910000000000366e-01 6.087110000000000021e-01 1.304700000000000026e-01
1.600000000000000000e+01 4.300000000000000000e+01 7.300000000000000000e+01 0.000000000000000000e+00 1.600000000000000089e+00 -4.793200000000000238e-02 -1.119730000000000031e-01 9.925549999999999651e-01 5.148400000000000198e-02 -9.926530000000000076e-01 -1.094969999999999971e-01 9.975230000000000485e-01 4.585199999999999693e-02 5.334400000000000253e-02
6.000000000000000000e+00 4.400000000000000000e+01 7.300000000000000000e+01 0.000000000000000000e+00 1.600000000000000089e+00 -1.418999999999999906e-03 -4.131000000000000123e-03 9.999900000000000455e-01 5.655700000000000310e-02 -9.983910000000000284e-01 -4.043999999999999852e-03 9.983980000000000077e-01 5.655099999999999710e-02 1.649999999999999991e-03
1.300000000000000000e+01 4.400000000000000000e+01 7.300000000000000000e+01 0.000000000000000000e+00 1.600000000000000089e+00 -3.650400000000000172e-02 -1.116260000000000030e-01 9.930799999999999628e-01 2.171199999999999866e-02 -9.935960000000000347e-01 -1.108849999999999975e-01 9.990980000000000416e-01 1.751399999999999832e-02 3.869399999999999923e-02
4.000000000000000000e+00 2.500000000000000000e+01 7.400000000000000000e+01 0.000000000000000000e+00 1.600000000000000089e+00 3.377999999999999926e-03 -5.180000000000000143e-04 9.999940000000000495e-01 8.224069999999999991e-01 -5.688910000000000355e-01 -3.073000000000000211e-03 5.688889999999999780e-01 8.224129999999999496e-01 -1.495999999999999934e-03
8.000000000000000000e+00 2.500000000000000000e+01 7.400000000000000000e+01 0.000000000000000000e+00 1.600000000000000089e+00 5.060000000000000478e-04 2.779999999999999811e-04 1.000000000000000000e+00 8.232159999999999478e-01 -5.677280000000000104e-01 -2.579999999999999828e-04 5.677269999999999817e-01 8.232159999999999478e-01 -5.169999999999999899e-04
1.600000000000000000e+01 2.500000000000000000e+01 7.400000000000000000e+01 0.000000000000000000e+00 1.600000000000000089e+00 9.610000000000000486e-04 -5.529999999999999976e-04 9.999989999999999712e-01 8.279320000000000013e-01 -5.608279999999999932e-01 -1.105999999999999995e-03 5.608279999999999932e-01 8.279320000000000013e-01 -8.100000000000000375e-05
2.100000000000000000e+01 2.500000000000000000e+01 7.400000000000000000e+01 0.000000000000000000e+00 1.600000000000000089e+00 -3.445000000000000145e-03 -9.105000000000000246e-03 9.999529999999999808e-01 8.202129999999999699e-01 -5.720530000000000337e-01 -2.383000000000000135e-03 5.720480000000000009e-01 8.201659999999999506e-01 9.438999999999999474e-03
2.800000000000000000e+01 2.500000000000000000e+01 7.400000000000000000e+01 0.000000000000000000e+00 1.600000000000000089e+00 3.399999999999999973e-05 1.793000000000000106e-03 9.999980000000000535e-01 8.207440000000000291e-01 -5.712960000000000260e-01 9.959999999999999236e-04 5.712970000000000548e-01 8.207419999999999716e-01 -1.490999999999999921e-03
2.000000000000000000e+00 9.100000000000000000e+01 7.600000000000000000e+01 0.000000000000000000e+00 1.600000000000000089e+00 -1.284999999999999901e-03 2.829999999999999942e-04 9.999989999999999712e-01 3.954949999999999855e-01 -9.184679999999999511e-01 7.680000000000000195e-04 9.184670000000000334e-01 3.954960000000000142e-01 1.067999999999999939e-03
7.000000000000000000e+00 9.100000000000000000e+01 7.600000000000000000e+01 0.000000000000000000e+00 1.600000000000000089e+00 5.890000000000000053e-04 -5.379999999999999583e-04 1.000000000000000000e+00 3.992220000000000213e-01 -9.168539999999999468e-01 -7.290000000000000473e-04 9.168539999999999468e-01 3.992229999999999945e-01 -3.249999999999999851e-04
1.500000000000000000e+01 9.100000000000000000e+01 7.600000000000000000e+01 0.000000000000000000e+00 1.600000000000000089e+00 1.250999999999999942e-03 1.260999999999999968e-03 9.999980000000000535e-01 3.956450000000000244e-01 -9.184029999999999694e-01 6.629999999999999609e-04 9.184029999999999694e-01 3.956439999999999957e-01 -1.647999999999999942e-03
2.100000000000000000e+01 9.100000000000000000e+01 7.600000000000000000e+01 0.000000000000000000e+00 1.600000000000000089e+00 -1.479999999999999979e-03 -2.376000000000000074e-03 9.999959999999999960e-01 3.958130000000000259e-01 -9.183299999999999796e-01 -1.595999999999999979e-03 9.183299999999999796e-01 3.958099999999999952e-01 2.298999999999999828e-03
2.600000000000000000e+01 9.100000000000000000e+01 7.600000000000000000e+01 0.000000000000000000e+00 1.600000000000000089e+00 -3.250999999999999984e-03 -3.753999999999999958e-03 9.999879999999999880e-01 3.916810000000000014e-01 -9.200979999999999714e-01 -2.181000000000000213e-03 9.200949999999999962e-01 3.916689999999999894e-01 4.460999999999999688e-03
2.900000000000000000e+01 9.100000000000000000e+01 7.600000000000000000e+01 0.000000000000000000e+00 1.600000000000000089e+00 -1.910999999999999938e-03 -3.232000000000000064e-03 9.999930000000000208e-01 3.888090000000000157e-01 -9.213149999999999951e-01 -2.235000000000000007e-03 9.213160000000000238e-01 3.888019999999999810e-01 3.017000000000000150e-03
1.800000000000000000e+01 9.000000000000000000e+00 8.200000000000000000e+01 0.000000000000000000e+00 1.600000000000000089e+00 -2.979999999999999793e-04 4.500999999999999793e-03 -9.999900000000000455e-01 5.708710000000000173e-01 8.210319999999999840e-01 3.524999999999999922e-03 8.210399999999999920e-01 -5.708640000000000381e-01 -2.814999999999999794e-03
3.000000000000000000e+00 4.400000000000000000e+01 8.300000000000000000e+01 0.000000000000000000e+00 1.600000000000000089e+00 -3.069999999999999812e-04 1.312999999999999931e-03 9.999989999999999712e-01 5.714909999999999712e-01 -8.206080000000000041e-01 1.252999999999999991e-03 8.206080000000000041e-01 5.714909999999999712e-01 -4.979999999999999618e-04
1.100000000000000000e+01 1.010000000000000000e+02 8.300000000000000000e+01 0.000000000000000000e+00 1.600000000000000089e+00 -8.120000000000000048e-04 -1.118000000000000070e-03 9.999989999999999712e-01 9.952499999999999680e-01 9.734800000000000397e-02 9.169999999999999549e-04 -9.734900000000000497e-02 9.952499999999999680e-01 1.033000000000000064e-03
5.000000000000000000e+00 4.800000000000000000e+01 8.400000000000000000e+01 0.000000000000000000e+00 1.600000000000000089e+00 3.471000000000000127e-03 5.399999999999999798e-05 -9.999940000000000495e-01 -9.473420000000000174e-01 -3.202070000000000194e-01 -3.305999999999999911e-03 -3.202050000000000174e-01 9.473479999999999679e-01 -1.061000000000000094e-03
2.300000000000000000e+01 4.800000000000000000e+01 8.400000000000000000e+01 0.000000000000000000e+00 1.600000000000000089e+00 -4.751000000000000015e-03 -4.060000000000000241e-03 -9.999799999999999800e-01 -9.465740000000000265e-01 -3.224339999999999984e-01 5.806999999999999662e-03 -3.224509999999999876e-01 9.465829999999999522e-01 -2.311000000000000120e-03
6.000000000000000000e+00 1.500000000000000000e+01 8.600000000000000000e+01 0.000000000000000000e+00 1.600000000000000089e+00 -3.735000000000000039e-03 1.474000000000000050e-03 -9.999919999999999920e-01 1.891770000000000118e-01 9.819430000000000103e-01 7.410000000000000137e-04 9.819360000000000310e-01 -1.891730000000000078e-01 -3.946999999999999988e-03
9.000000000000000000e+00 1.500000000000000000e+01 8.600000000000000000e+01 0.000000000000000000e+00 1.600000000000000089e+00 -5.361999999999999579e-03 2.458999999999999814e-03 -9.999829999999999552e-01 1.890310000000000046e-01 9.819700000000000095e-01 1.400999999999999902e-03 9.819569999999999688e-01 -1.890199999999999936e-01 -5.729999999999999850e-03
1.700000000000000000e+01 1.500000000000000000e+01 8.600000000000000000e+01 0.000000000000000000e+00 1.600000000000000089e+00 -2.769000000000000194e-03 4.209000000000000068e-03 -9.999869999999999592e-01 1.919430000000000025e-01 9.813990000000000213e-01 3.599000000000000202e-03 9.814019999999999966e-01 -1.919309999999999905e-01 -3.524999999999999922e-03
