6.000000000000000000e+00 2.500000000000000000e+01 1.000000000000000000e+00 0.000000000000000000e+00 1.600000000000000089e+00 -5.451899999999999802e-02 -1.162400000000000065e-02 -9.984450000000000269e-01 -5.387220000000000342e-01 -8.415700000000000403e-01 3.921399999999999886e-02 -8.407179999999999653e-01 5.400220000000000020e-01 3.962000000000000244e-02
1.800000000000000000e+01 2.500000000000000000e+01 1.000000000000000000e+00 0.000000000000000000e+00 1.600000000000000089e+00 2.314000000000000085e-03 7.910000000000000364e-04 -9.999970000000000248e-01 -5.367520000000000069e-01 -8.437379999999999880e-01 -1.910000000000000022e-03 -8.437369999999999592e-01 5.367549999999999821e-01 -1.526999999999999929e-03
2.500000000000000000e+01 2.500000000000000000e+01 1.000000000000000000e+00 0.000000000000000000e+00 1.600000000000000089e+00 -1.283000000000000069e-03 -1.683000000000000034e-03 -9.999980000000000535e-01 -5.348249999999999948e-01 -8.449600000000000444e-01 2.109000000000000197e-03 -8.449619999999999909e-01 5.348260000000000236e-01 1.840000000000000001e-04
1.200000000000000000e+01 1.500000000000000000e+01 4.000000000000000000e+00 0.000000000000000000e+00 1.600000000000000089e+00 2.460000000000000164e-04 6.929000000000000263e-03 9.999759999999999760e-01 3.243969999999999909e-01 -9.458990000000000453e-01 6.473999999999999720e-03 9.459210000000000118e-01 3.243880000000000097e-01 -2.481000000000000132e-03
1.700000000000000000e+01 1.500000000000000000e+01 4.000000000000000000e+00 0.000000000000000000e+00 1.600000000000000089e+00 -2.621000000000000066e-03 -2.603999999999999978e-03 9.999930000000000208e-01 3.226879999999999749e-01 -9.465040000000000120e-01 -1.618999999999999996e-03 9.465019999999999545e-01 3.226820000000000244e-01 3.321000000000000167e-03
2.300000000000000000e+01 1.500000000000000000e+01 4.000000000000000000e+00 0.000000000000000000e+00 1.600000000000000089e+00 2.442000000000000160e-03 7.015999999999999667e-03 9.999719999999999720e-01 3.214469999999999827e-01 -9.469090000000000007e-01 5.858999999999999625e-03 9.469239999999999879e-01 3.214239999999999875e-01 -4.568000000000000012e-03
3.000000000000000000e+00 1.600000000000000000e+01 4.000000000000000000e+00 0.000000000000000000e+00 1.600000000000000089e+00 3.826899999999999746e-02 -1.221010000000000012e-01 9.917799999999999949e-01 3.442979999999999929e-01 -9.301220000000000043e-01 -1.277959999999999929e-01 9.380800000000000249e-01 3.463589999999999725e-01 6.444000000000000075e-03
1.600000000000000000e+01 1.600000000000000000e+01 4.000000000000000000e+00 0.000000000000000000e+00 1.600000000000000089e+00 -2.598000000000000049e-03 -2.967000000000000019e-03 9.999919999999999920e-01 3.960679999999999756e-01 -9.182200000000000362e-01 -1.696000000000000025e-03 9.182179999999999787e-01 3.960600000000000231e-01 3.560999999999999929e-03
2.200000000000000000e+01 1.600000000000000000e+01 4.000000000000000000e+00 0.000000000000000000e+00 1.600000000000000089e+00 1.307999999999999918e-03 5.734999999999999647e-03 9.999829999999999552e-01 3.936459999999999959e-01 -9.192500000000000115e-01 4.756999999999999944e-03 9.192609999999999948e-01 3.936330000000000107e-01 -3.459999999999999968e-03
5.000000000000000000e+00 1.010000000000000000e+02 7.000000000000000000e+00 0.000000000000000000e+00 1.600000000000000089e+00 -4.530000000000000064e-04 3.992099999999999815e-02 9.992029999999999523e-01 8.872400000000000286e-01 4.609570000000000056e-01 -1.801499999999999976e-02 -4.613090000000000246e-01 8.865239999999999787e-01 -3.562799999999999995e-02
1.000000000000000000e+01 1.010000000000000000e+02 7.000000000000000000e+00 0.000000000000000000e+00 1.600000000000000089e+00 3.645999999999999935e-03 6.194999999999999986e-03 9.999740000000000295e-01 8.852539999999999853e-01 4.650679999999999814e-01 -6.108999999999999847e-03 -4.650940000000000074e-01 8.852529999999999566e-01 -3.788999999999999833e-03
1.600000000000000000e+01 1.010000000000000000e+02 7.000000000000000000e+00 0.000000000000000000e+00 1.600000000000000089e+00 2.138999999999999842e-03 8.899999999999999491e-04 9.999970000000000248e-01 8.861860000000000293e-01 4.633240000000000136e-01 -2.308000000000000156e-03 -4.633240000000000136e-01 8.861890000000000045e-01 2.020000000000000040e-04
2.100000000000000000e+01 1.010000000000000000e+02 7.000000000000000000e+00 0.000000000000000000e+00 1.600000000000000089e+00 2.540999999999999856e-03 -1.531300000000000022e-02 9.998799999999999910e-01 8.866380000000000372e-01 4.624400000000000177e-01 4.828999999999999959e-03 -4.624579999999999802e-01 8.865189999999999459e-01 1.475199999999999949e-02
2.700000000000000000e+01 1.010000000000000000e+02 7.000000000000000000e+00 0.000000000000000000e+00 1.600000000000000089e+00 -1.124999999999999915e-03 -1.500600000000000024e-02 9.998869999999999703e-01 8.891000000000000014e-01 4.576439999999999952e-01 7.868999999999999259e-03 -4.577109999999999790e-01 8.890090000000000492e-01 1.282699999999999986e-02
6.000000000000000000e+00 2.500000000000000000e+01 8.000000000000000000e+00 0.000000000000000000e+00 1.600000000000000089e+00 5.407599999999999907e-02 1.759809999999999985e-01 -9.829069999999999752e-01 4.551780000000000270e-01 8.717829999999999746e-01 1.811270000000000102e-01 8.887570000000000192e-01 -4.571930000000000160e-01 -3.296000000000000318e-02
1.100000000000000000e+01 2.500000000000000000e+01 8.000000000000000000e+00 0.000000000000000000e+00 1.600000000000000089e+00 1.974000000000000060e-03 4.643999999999999691e-03 -9.999869999999999592e-01 4.482630000000000225e-01 8.938880000000000159e-01 5.035999999999999678e-03 8.939000000000000279e-01 -4.482670000000000265e-01 -3.170000000000000075e-04
1.500000000000000000e+01 2.500000000000000000e+01 8.000000000000000000e+00 0.000000000000000000e+00 1.600000000000000089e+00 -1.203999999999999992e-03 -5.121999999999999817e-03 -9.999860000000000415e-01 4.485339999999999883e-01 8.937509999999999621e-01 -5.118000000000000153e-03 8.937650000000000317e-01 -4.485339999999999883e-01 1.221000000000000080e-03
2.300000000000000000e+01 2.500000000000000000e+01 8.000000000000000000e+00 0.000000000000000000e+00 1.600000000000000089e+00 2.640000000000000202e-04 1.366999999999999943e-03 -9.999989999999999712e-01 4.499489999999999879e-01 8.930529999999999857e-01 1.340000000000000045e-03 8.930540000000000145e-01 -4.499489999999999879e-01 -3.800000000000000209e-04
2.800000000000000000e+01 2.500000000000000000e+01 8.000000000000000000e+00 0.000000000000000000e+00 1.600000000000000089e+00 2.671999999999999896e-03 2.514999999999999875e-03 -9.999930000000000208e-01 4.502079999999999971e-01 8.929169999999999607e-01 3.448000000000000110e-03 8.929200000000000470e-01 -4.502140000000000031e-01 1.252999999999999991e-03
6.000000000000000000e+00 2.400000000000000000e+01 9.000000000000000000e+00 0.000000000000000000e+00 1.600000000000000089e+00 4.940800000000000053e-02 1.842159999999999909e-01 -9.816430000000000433e-01 4.604909999999999837e-01 8.679459999999999953e-01 1.860580000000000012e-01 8.862879999999999647e-01 -4.612310000000000021e-01 -4.194599999999999718e-02
1.500000000000000000e+01 2.400000000000000000e+01 9.000000000000000000e+00 0.000000000000000000e+00 1.600000000000000089e+00 -1.164000000000000104e-03 -5.858000000000000360e-03 -9.999820000000000375e-01 4.544839999999999991e-01 8.907359999999999722e-01 -5.747000000000000372e-03 8.907540000000000457e-01 -4.544819999999999971e-01 1.626000000000000058e-03
2.300000000000000000e+01 2.400000000000000000e+01 9.000000000000000000e+00 0.000000000000000000e+00 1.600000000000000089e+00 3.020000000000000223e-04 4.850000000000000253e-04 -1.000000000000000000e+00 4.548269999999999813e-01 8.905800000000000383e-01 5.689999999999999529e-04 8.905800000000000383e-01 -4.548269999999999813e-01 4.899999999999999842e-05
2.600000000000000000e+01 2.400000000000000000e+01 9.000000000000000000e+00 0.000000000000000000e+00 1.600000000000000089e+00 1.087999999999999991e-03 2.341000000000000199e-03 -9.999970000000000248e-01 4.552660000000000040e-01 8.903510000000000035e-01 2.579999999999999828e-03 8.903550000000000075e-01 -4.552680000000000060e-01 -9.699999999999999963e-05
2.900000000000000000e+01 2.400000000000000000e+01 9.000000000000000000e+00 0.000000000000000000e+00 1.600000000000000089e+00 2.495999999999999955e-03 1.144999999999999967e-03 -9.999959999999999960e-01 4.552640000000000020e-01 8.903539999999999788e-01 2.155999999999999930e-03 8.903529999999999500e-01 -4.552680000000000060e-01 1.701000000000000038e-03
1.000000000000000000e+01 1.020000000000000000e+02 9.000000000000000000e+00 0.000000000000000000e+00 1.600000000000000089e+00 3.152999999999999987e-03 4.964999999999999795e-03 9.999829999999999552e-01 9.230009999999999604e-01 3.847670000000000257e-01 -4.819999999999999632e-03 -3.847840000000000149e-01 9.230009999999999604e-01 -3.370000000000000166e-03
3.000000000000000000e+00 4.000000000000000000e+00 1.100000000000000000e+01 0.000000000000000000e+00 1.600000000000000089e+00 -7.935100000000000486e-02 -7.013249999999999762e-01 -7.084110000000000129e-01 1.824320000000000108e-01 6.884329999999999616e-01 -7.019819999999999949e-01 9.800109999999999655e-01 -1.849389999999999923e-01 7.331600000000000616e-02
3.000000000000000000e+00 3.100000000000000000e+01 1.200000000000000000e+01 0.000000000000000000e+00 1.600000000000000089e+00 3.592999999999999840e-03 2.196000000000000035e-03 9.999909999999999632e-01 8.852000000000000493e-03 9.999580000000000135e-01 -2.226999999999999813e-03 -9.999540000000000095e-01 8.859999999999999820e-03 3.572999999999999787e-03
1.100000000000000000e+01 3.100000000000000000e+01 1.200000000000000000e+01 0.000000000000000000e+00 1.600000000000000089e+00 -9.460000000000000093e-04 8.329999999999999731e-04 9.999989999999999712e-01 -7.500999999999999855e-03 9.999719999999999720e-01 -8.400000000000000348e-04 -9.999710000000000543e-01 -7.501999999999999988e-03 -9.389999999999999476e-04
2.000000000000000000e+01 3.100000000000000000e+01 1.200000000000000000e+01 0.000000000000000000e+00 1.600000000000000089e+00 4.319999999999999838e-04 -1.010000000000000047e-03 9.999989999999999712e-01 -1.037599999999999981e-02 9.999460000000000015e-01 1.013999999999999927e-03 -9.999460000000000015e-01 -1.037599999999999981e-02 4.220000000000000118e-04
8.000000000000000000e+00 3.500000000000000000e+01 1.200000000000000000e+01 0.000000000000000000e+00 1.600000000000000089e+00 7.275000000000000216e-03 -2.641699999999999951e-02 -9.996249999999999858e-01 5.373559999999999448e-01 -8.429489999999999483e-01 2.618699999999999847e-02 -8.433239999999999625e-01 -5.373449999999999616e-01 8.063000000000000722e-03
1.500000000000000000e+01 3.500000000000000000e+01 1.200000000000000000e+01 0.000000000000000000e+00 1.600000000000000089e+00 -8.829999999999999958e-04 8.350000000000000217e-04 -9.999989999999999712e-01 5.147650000000000281e-01 -8.573309999999999542e-01 -1.170000000000000033e-03 -8.573309999999999542e-01 -5.147650000000000281e-01 3.280000000000000038e-04
1.900000000000000000e+01 3.500000000000000000e+01 1.200000000000000000e+01 0.000000000000000000e+00 1.600000000000000089e+00 -4.420000000000000101e-04 -1.886000000000000090e-03 -9.999980000000000535e-01 5.036739999999999551e-01 -8.638919999999999932e-01 1.405999999999999915e-03 -8.638930000000000220e-01 -5.036730000000000373e-01 1.332000000000000068e-03
2.300000000000000000e+01 3.500000000000000000e+01 1.200000000000000000e+01 0.000000000000000000e+00 1.600000000000000089e+00 6.067000000000000344e-03 -4.837000000000000154e-03 -9.999700000000000255e-01 4.968739999999999823e-01 -8.677930000000000366e-01 7.211999999999999661e-03 -8.678010000000000446e-01 -4.969029999999999836e-01 -2.861999999999999961e-03
2.800000000000000000e+01 3.500000000000000000e+01 1.200000000000000000e+01 0.000000000000000000e+00 1.600000000000000089e+00 8.720000000000000537e-04 7.870000000000000476e-04 -9.999989999999999712e-01 5.016519999999999868e-01 -8.650689999999999769e-01 -2.439999999999999949e-04 -8.650689999999999769e-01 -5.016519999999999868e-01 -1.149000000000000065e-03
6.000000000000000000e+00 1.200000000000000000e+01 1.500000000000000000e+01 0.000000000000000000e+00 1.600000000000000089e+00 -4.179900000000000282e-02 -5.925400000000000111e-02 -9.973680000000000323e-01 -4.638749999999999818e-01 -8.829780000000000406e-01 7.189800000000000357e-02 -8.849139999999999784e-01 4.656589999999999896e-01 9.421000000000000554e-03
1.400000000000000000e+01 1.200000000000000000e+01 1.500000000000000000e+01 0.000000000000000000e+00 1.600000000000000089e+00 -1.769999999999999926e-04 6.932999999999999927e-03 -9.999759999999999760e-01 -4.700179999999999914e-01 -8.826359999999999761e-01 -6.035999999999999699e-03 -8.826570000000000249e-01 4.700059999999999794e-01 3.415000000000000067e-03
2.100000000000000000e+01 1.200000000000000000e+01 1.500000000000000000e+01 0.000000000000000000e+00 1.600000000000000089e+00 3.620000000000000171e-04 2.773999999999999990e-03 -9.999959999999999960e-01 -4.688459999999999850e-01 -8.832759999999999501e-01 -2.619999999999999933e-03 -8.832799999999999541e-01 4.688450000000000117e-01 9.810000000000001011e-04
2.700000000000000000e+01 1.200000000000000000e+01 1.500000000000000000e+01 0.000000000000000000e+00 1.600000000000000089e+00 3.440000000000000132e-04 -5.333000000000000067e-03 -9.999860000000000415e-01 -4.668459999999999832e-01 -8.843269999999999742e-01 4.555000000000000021e-03 -8.843389999999999862e-01 4.668370000000000020e-01 -2.794000000000000043e-03
1.300000000000000000e+01 1.100000000000000000e+01 1.600000000000000000e+01 0.000000000000000000e+00 1.600000000000000089e+00 -5.000000000000000240e-05 4.749999999999999882e-03 -9.999890000000000168e-01 -4.126639999999999753e-01 -9.108730000000000437e-01 -4.305999999999999932e-03 -9.108829999999999982e-01 4.126589999999999980e-01 2.004999999999999838e-03
3.000000000000000000e+00 1.160000000000000000e+02 1.600000000000000000e+01 0.000000000000000000e+00 1.600000000000000089e+00 1.849599999999999855e-02 3.098499999999999865e-02 9.993490000000000428e-01 7.143030000000000213e-01 6.989659999999999762e-01 -3.489199999999999940e-02 -6.995919999999999916e-01 7.144840000000000080e-01 -9.204999999999999641e-03
9.000000000000000000e+00 1.160000000000000000e+02 1.600000000000000000e+01 0.000000000000000000e+00 1.600000000000000089e+00 2.786999999999999981e-03 4.321000000000000188e-03 9.999869999999999592e-01 7.565110000000000445e-01 6.539620000000000433e-01 -4.935000000000000150e-03 -6.539749999999999730e-01 7.565150000000000485e-01 -1.446000000000000020e-03
1.400000000000000000e+01 1.160000000000000000e+02 1.600000000000000000e+01 0.000000000000000000e+00 1.600000000000000089e+00 -8.559999999999999901e-04 -2.126999999999999984e-03 9.999970000000000248e-01 7.523279999999999967e-01 6.587859999999999827e-01 2.044999999999999943e-03 -6.587889999999999580e-01 7.523279999999999967e-01 1.036000000000000029e-03
2.100000000000000000e+01 1.160000000000000000e+02 1.600000000000000000e+01 0.000000000000000000e+00 1.600000000000000089e+00 -2.157000000000000063e-03 -5.839999999999999922e-04 9.999970000000000248e-01 7.059940000000000104e-01 7.082150000000000389e-01 1.936000000000000004e-03 -7.082140000000000102e-01 7.059969999999999857e-01 -1.116000000000000021e-03
3.000000000000000000e+00 2.000000000000000000e+00 1.900000000000000000e+01 0.000000000000000000e+00 1.600000000000000089e+00 -1.568400000000000002e-02 4.125600000000000100e-02 -9.990259999999999696e-01 1.847530000000000006e-01 -9.818240000000000300e-01 -4.344599999999999851e-02 -9.826599999999999779e-01 -1.852540000000000020e-01 7.777000000000000059e-03
1.200000000000000000e+01 2.000000000000000000e+00 1.900000000000000000e+01 0.000000000000000000e+00 1.600000000000000089e+00 -5.249999999999999676e-04 1.609000000000000014e-02 -9.998700000000000365e-01 2.582550000000000123e-01 -9.659499999999999753e-01 -1.567999999999999949e-02 -9.660769999999999635e-01 -2.582300000000000151e-01 -3.648000000000000201e-03
1.500000000000000000e+01 2.000000000000000000e+00 1.900000000000000000e+01 0.000000000000000000e+00 1.600000000000000089e+00 3.938999999999999793e-03 1.806999999999999926e-02 -9.998289999999999678e-01 2.533929999999999794e-01 -9.672230000000000549e-01 -1.648200000000000012e-02 -9.673549999999999649e-01 -2.532849999999999824e-01 -8.387999999999999623e-03
2.400000000000000000e+01 2.000000000000000000e+00 1.900000000000000000e+01 0.000000000000000000e+00 1.600000000000000089e+00 5.446999999999999585e-03 1.622600000000000084e-02 -9.998540000000000205e-01 2.536800000000000166e-01 -9.671819999999999862e-01 -1.431400000000000033e-02 -9.672730000000000494e-01 -2.535649999999999848e-01 -9.384999999999999246e-03
1.800000000000000000e+01 4.000000000000000000e+00 2.000000000000000000e+01 0.000000000000000000e+00 1.600000000000000089e+00 9.759999999999999796e-04 6.118000000000000174e-03 -9.999810000000000088e-01 4.535049999999999915e-01 -8.912400000000000322e-01 -5.009999999999999697e-03 -8.912529999999999619e-01 -4.534909999999999775e-01 -3.644999999999999803e-03
1.000000000000000000e+00 1.300000000000000000e+01 2.000000000000000000e+01 0.000000000000000000e+00 1.600000000000000089e+00 3.132999999999999934e-03 4.883799999999999947e-02 9.988019999999999676e-01 2.606979999999999853e-01 9.642279999999999740e-01 -4.796600000000000169e-02 -9.654150000000000231e-01 2.605359999999999898e-01 -9.710999999999999147e-03
6.000000000000000000e+00 1.300000000000000000e+01 2.000000000000000000e+01 0.000000000000000000e+00 1.600000000000000089e+00 3.893000000000000193e-03 5.940299999999999747e-02 9.982259999999999467e-01 2.600640000000000174e-01 9.638250000000000428e-01 -5.837099999999999927e-02 -9.655839999999999979e-01 2.598300000000000054e-01 -1.169700000000000080e-02
1.200000000000000000e+01 1.300000000000000000e+01 2.000000000000000000e+01 0.000000000000000000e+00 1.600000000000000089e+00 5.060000000000000478e-04 1.895999999999999899e-03 9.999980000000000535e-01 2.575830000000000064e-01 9.662539999999999463e-01 -1.962999999999999901e-03 -9.662560000000000038e-01 2.575830000000000064e-01 9.999999999999999547e-07
1.700000000000000000e+01 1.300000000000000000e+01 2.000000000000000000e+01 0.000000000000000000e+00 1.600000000000000089e+00 -6.819999999999999890e-04 5.354000000000000252e-03 9.999850000000000128e-01 2.589029999999999943e-01 9.658900000000000263e-01 -4.995000000000000308e-03 -9.659029999999999561e-01 2.588960000000000150e-01 -2.044999999999999943e-03
2.100000000000000000e+01 1.300000000000000000e+01 2.000000000000000000e+01 0.000000000000000000e+00 1.600000000000000089e+00 -2.979999999999999793e-04 -1.417999999999999990e-03 9.999989999999999712e-01 2.617650000000000254e-01 9.651309999999999611e-01 1.446000000000000020e-03 -9.651319999999999899e-01 2.617650000000000254e-01 8.399999999999999535e-05
2.800000000000000000e+01 1.300000000000000000e+01 2.000000000000000000e+01 0.000000000000000000e+00 1.600000000000000089e+00 5.500000000000000331e-04 -1.596999999999999895e-03 9.999989999999999712e-01 2.585890000000000133e-01 9.659860000000000113e-01 1.399999999999999986e-03 -9.659870000000000401e-01 2.585879999999999845e-01 9.449999999999999850e-04
6.000000000000000000e+00 1.600000000000000000e+01 2.100000000000000000e+01 0.000000000000000000e+00 1.600000000000000089e+00 6.841999999999999992e-03 6.383900000000000685e-02 9.979369999999999630e-01 2.977000000000000202e-01 9.525799999999999823e-01 -6.297899999999999332e-02 -9.546350000000000113e-01 2.975169999999999759e-01 -1.248699999999999984e-02
1.100000000000000000e+01 1.600000000000000000e+01 2.100000000000000000e+01 0.000000000000000000e+00 1.600000000000000089e+00 3.620000000000000171e-04 3.745000000000000065e-03 9.999930000000000208e-01 2.997830000000000217e-01 9.539999999999999591e-01 -3.680999999999999810e-03 -9.540079999999999671e-01 2.997819999999999929e-01 -7.770000000000000214e-04
1.200000000000000000e+01 3.000000000000000000e+00 2.500000000000000000e+01 0.000000000000000000e+00 1.600000000000000089e+00 -2.500000000000000120e-05 4.760999999999999607e-03 9.999890000000000168e-01 -3.108299999999999952e-02 -9.995049999999999768e-01 4.758000000000000076e-03 9.995169999999999888e-01 -3.108199999999999852e-02 1.730000000000000038e-04
2.100000000000000000e+01 3.000000000000000000e+00 2.500000000000000000e+01 0.000000000000000000e+00 1.600000000000000089e+00 -9.348999999999999672e-03 -2.533999999999999794e-03 9.999529999999999808e-01 -3.682799999999999963e-02 -9.993170000000000108e-01 -2.876999999999999783e-03 9.992779999999999996e-01 -3.685299999999999687e-02 9.249999999999999542e-03
2.700000000000000000e+01 3.000000000000000000e+00 2.500000000000000000e+01 0.000000000000000000e+00 1.600000000000000089e+00 -6.870000000000000022e-04 8.854000000000000759e-03 9.999609999999999888e-01 -3.258099999999999885e-02 -9.994300000000000406e-01 8.826999999999999777e-03 9.994690000000000518e-01 -3.257399999999999879e-02 9.749999999999999552e-04
3.000000000000000000e+00 5.800000000000000000e+01 3.100000000000000000e+01 0.000000000000000000e+00 1.600000000000000089e+00 2.282599999999999907e-02 4.426200000000000273e-02 9.987589999999999524e-01 -7.864050000000000207e-01 -6.160499999999999865e-01 4.527400000000000174e-02 6.172889999999999766e-01 -7.864630000000000232e-01 2.074600000000000055e-02
9.000000000000000000e+00 5.800000000000000000e+01 3.100000000000000000e+01 0.000000000000000000e+00 1.600000000000000089e+00 2.961999999999999789e-03 9.223000000000000295e-03 9.999529999999999808e-01 -7.707079999999999487e-01 -6.371369999999999534e-01 8.160000000000000586e-03 6.371820000000000261e-01 -7.706960000000000477e-01 5.220999999999999946e-03
1.400000000000000000e+01 5.800000000000000000e+01 3.100000000000000000e+01 0.000000000000000000e+00 1.600000000000000089e+00 -3.890999999999999927e-03 -1.899000000000000080e-03 9.999909999999999632e-01 -7.698859999999999593e-01 -6.381679999999999575e-01 -4.206999999999999802e-03 6.381700000000000150e-01 -7.698949999999999960e-01 1.021999999999999905e-03
2.400000000000000000e+01 5.800000000000000000e+01 3.100000000000000000e+01 0.000000000000000000e+00 1.600000000000000089e+00 4.569999999999999952e-04 4.950000000000000407e-03 9.999879999999999880e-01 -7.705279999999999907e-01 -6.373959999999999626e-01 3.507999999999999834e-03 6.374060000000000281e-01 -7.705199999999999827e-01 3.523000000000000090e-03
3.000000000000000000e+00 4.600000000000000000e+01 3.500000000000000000e+01 0.000000000000000000e+00 1.600000000000000089e+00 -2.121000000000000055e-03 3.083100000000000077e-02 -9.995220000000000216e-01 3.895419999999999994e-01 -9.205449999999999466e-01 -2.922100000000000045e-02 -9.210059999999999913e-01 -3.894179999999999864e-01 -1.005799999999999923e-02
8.000000000000000000e+00 4.600000000000000000e+01 3.500000000000000000e+01 0.000000000000000000e+00 1.600000000000000089e+00 -8.080000000000000160e-04 1.407399999999999970e-02 -9.999010000000000398e-01 3.948940000000000228e-01 -9.186309999999999754e-01 -1.324900000000000036e-02 -9.187260000000000426e-01 -3.948650000000000215e-01 -4.814999999999999836e-03
1.100000000000000000e+01 4.600000000000000000e+01 3.500000000000000000e+01 0.000000000000000000e+00 1.600000000000000089e+00 -7.370000000000000249e-04 1.074000000000000085e-03 -9.999989999999999712e-01 3.948240000000000083e-01 -9.187560000000000171e-01 -1.278000000000000056e-03 -9.187560000000000171e-01 -3.948249999999999815e-01 2.530000000000000239e-04
1.500000000000000000e+01 4.600000000000000000e+01 3.500000000000000000e+01 0.000000000000000000e+00 1.600000000000000089e+00 -4.079999999999999968e-04 -1.513000000000000022e-03 -9.999989999999999712e-01 3.929239999999999955e-01 -9.195699999999999985e-01 1.231000000000000106e-03 -9.195710000000000273e-01 -3.929230000000000222e-01 9.690000000000000262e-04
1.800000000000000000e+01 4.600000000000000000e+01 3.500000000000000000e+01 0.000000000000000000e+00 1.600000000000000089e+00 3.099999999999999999e-04 -3.036000000000000070e-03 -9.999949999999999672e-01 3.928400000000000225e-01 -9.196020000000000305e-01 2.913999999999999924e-03 -9.196069999999999522e-01 -3.928389999999999938e-01 9.079999999999999530e-04
2.400000000000000000e+01 4.600000000000000000e+01 3.500000000000000000e+01 0.000000000000000000e+00 1.600000000000000089e+00 1.827000000000000065e-03 -1.170999999999999949e-03 -9.999980000000000535e-01 3.933710000000000262e-01 -9.193780000000000285e-01 1.796000000000000070e-03 -9.193780000000000285e-01 -3.933729999999999727e-01 -1.219000000000000031e-03
9.000000000000000000e+00 9.500000000000000000e+01 3.600000000000000000e+01 0.000000000000000000e+00 1.600000000000000089e+00 6.664999999999999918e-03 5.559200000000000252e-02 9.984309999999999574e-01 9.971130000000000271e-01 7.514999999999999458e-02 -1.084000000000000068e-02 -7.563400000000000678e-02 9.956209999999999782e-01 -5.492999999999999966e-02
1.600000000000000000e+01 9.500000000000000000e+01 3.600000000000000000e+01 0.000000000000000000e+00 1.600000000000000089e+00 8.499999999999999526e-04 -7.464000000000000148e-03 9.999719999999999720e-01 9.971649999999999681e-01 7.524400000000000532e-02 -2.860000000000000129e-04 -7.524000000000000132e-02 9.971370000000000511e-01 7.506999999999999784e-03
6.000000000000000000e+00 3.000000000000000000e+00 4.300000000000000000e+01 0.000000000000000000e+00 1.600000000000000089e+00 3.168200000000000183e-02 1.765460000000000085e-01 -9.837820000000000453e-01 7.317280000000000451e-01 -6.745879999999999654e-01 -9.749399999999999733e-02 -6.808600000000000207e-01 -7.167719999999999647e-01 -1.505559999999999954e-01
6.000000000000000000e+00 2.900000000000000000e+01 4.400000000000000000e+01 0.000000000000000000e+00 1.600000000000000089e+00 1.560399999999999981e-02 2.584300000000000139e-02 -9.995439999999999880e-01 6.489479999999999693e-01 7.602499999999999813e-01 2.978700000000000098e-02 7.606730000000000436e-01 -6.491170000000000551e-01 -4.908000000000000036e-03
1.200000000000000000e+01 2.900000000000000000e+01 4.400000000000000000e+01 0.000000000000000000e+00 1.600000000000000089e+00 2.298999999999999828e-03 2.209000000000000026e-03 -9.999949999999999672e-01 6.505549999999999944e-01 7.594530000000000447e-01 3.173000000000000039e-03 7.594560000000000199e-01 -6.505589999999999984e-01 3.089999999999999756e-04
1.400000000000000000e+01 2.900000000000000000e+01 4.400000000000000000e+01 0.000000000000000000e+00 1.600000000000000089e+00 1.139999999999999954e-03 1.662000000000000066e-03 -9.999980000000000535e-01 6.505300000000000527e-01 7.594769999999999577e-01 2.004000000000000139e-03 7.594790000000000152e-01 -6.505309999999999704e-01 -2.159999999999999919e-04
2.000000000000000000e+01 2.900000000000000000e+01 4.400000000000000000e+01 0.000000000000000000e+00 1.600000000000000089e+00 -2.357000000000000154e-03 3.269999999999999795e-04 -9.999970000000000248e-01 6.486070000000000446e-01 7.611219999999999652e-01 -1.280000000000000105e-03 7.611200000000000188e-01 -6.486079999999999623e-01 -2.005999999999999971e-03
2.500000000000000000e+01 2.900000000000000000e+01 4.400000000000000000e+01 0.000000000000000000e+00 1.600000000000000089e+00 1.007999999999999998e-03 -3.220000000000000206e-04 -9.999989999999999712e-01 6.511120000000000241e-01 7.589820000000000455e-01 4.119999999999999856e-04 7.589810000000000167e-01 -6.511120000000000241e-01 9.749999999999999552e-04
1.300000000000000000e+01 6.500000000000000000e+01 4.600000000000000000e+01 0.000000000000000000e+00 1.600000000000000089e+00 -2.509999999999999753e-04 -5.910000000000000539e-04 1.000000000000000000e+00 6.815830000000000499e-01 -7.317399999999999460e-01 -2.610000000000000015e-04 7.317399999999999460e-01 6.815830000000000499e-01 5.869999999999999567e-04
2.700000000000000000e+01 7.000000000000000000e+01 4.700000000000000000e+01 0.000000000000000000e+00 1.600000000000000089e+00 1.851999999999999914e-03 -7.484000000000000201e-03 -9.999700000000000255e-01 -8.423180000000000112e-01 -5.389760000000000106e-01 2.474000000000000071e-03 -5.389779999999999571e-01 8.422880000000000367e-01 -7.302000000000000331e-03
9.000000000000000000e+00 5.000000000000000000e+00 5.100000000000000000e+01 0.000000000000000000e+00 1.600000000000000089e+00 2.919000000000000154e-03 1.607099999999999848e-02 -9.998669999999999503e-01 4.833640000000000159e-01 -8.753279999999999950e-01 -1.265800000000000085e-02 -8.754140000000000255e-01 -4.832629999999999981e-01 -1.032300000000000058e-02
1.800000000000000000e+01 5.000000000000000000e+00 5.100000000000000000e+01 0.000000000000000000e+00 1.600000000000000089e+00 3.462999999999999932e-03 -2.677999999999999825e-03 -9.999900000000000455e-01 4.794869999999999965e-01 -8.775399999999999867e-01 4.009999999999999676e-03 -8.775420000000000442e-01 -4.794970000000000065e-01 -1.755000000000000050e-03
2.200000000000000000e+01 5.000000000000000000e+00 5.100000000000000000e+01 0.000000000000000000e+00 1.600000000000000089e+00 -2.603999999999999978e-03 -1.465799999999999916e-02 -9.998890000000000278e-01 4.785690000000000222e-01 -8.779730000000000034e-01 1.162400000000000065e-02 -8.780459999999999932e-01 -4.784849999999999937e-01 9.301999999999999505e-03
2.800000000000000000e+01 5.000000000000000000e+00 5.100000000000000000e+01 0.000000000000000000e+00 1.600000000000000089e+00 1.523999999999999964e-03 5.087999999999999641e-03 -9.999860000000000415e-01 4.750730000000000230e-01 -8.799390000000000267e-01 -3.752999999999999826e-03 -8.799449999999999772e-01 -4.750599999999999823e-01 -3.758000000000000056e-03
1.000000000000000000e+00 6.300000000000000000e+01 5.400000000000000000e+01 0.000000000000000000e+00 1.600000000000000089e+00 5.321000000000000209e-03 2.227700000000000166e-02 9.997380000000000155e-01 -3.545070000000000165e-01 9.348610000000000531e-01 -1.894399999999999903e-02 -9.350380000000000358e-01 -3.543129999999999891e-01 1.287199999999999976e-02
6.000000000000000000e+00 6.300000000000000000e+01 5.400000000000000000e+01 0.000000000000000000e+00 1.600000000000000089e+00 4.944999999999999743e-03 2.563199999999999854e-02 9.996589999999999643e-01 -3.520039999999999836e-01 9.357339999999999547e-01 -2.225099999999999995e-02 -9.359859999999999847e-01 -3.517739999999999756e-01 1.365000000000000067e-02
1.000000000000000000e+01 6.300000000000000000e+01 5.400000000000000000e+01 0.000000000000000000e+00 1.600000000000000089e+00 6.070000000000000092e-04 9.299999999999999727e-05 1.000000000000000000e+00 -3.475730000000000208e-01 9.376529999999999587e-01 1.240000000000000054e-04 -9.376529999999999587e-01 -3.475730000000000208e-01 6.009999999999999717e-04
1.600000000000000000e+01 6.300000000000000000e+01 5.400000000000000000e+01 0.000000000000000000e+00 1.600000000000000089e+00 -1.191000000000000001e-03 4.213999999999999864e-03 9.999900000000000455e-01 -3.408900000000000263e-01 9.400929999999999565e-01 -4.368000000000000355e-03 -9.401019999999999932e-01 -3.408919999999999728e-01 3.170000000000000075e-04
2.300000000000000000e+01 6.300000000000000000e+01 5.400000000000000000e+01 0.000000000000000000e+00 1.600000000000000089e+00 9.810000000000001011e-04 -4.960000000000000216e-04 9.999989999999999712e-01 -3.351779999999999760e-01 9.421540000000000470e-01 7.960000000000000495e-04 -9.421540000000000470e-01 -3.351790000000000047e-01 7.579999999999999932e-04
2.800000000000000000e+01 6.300000000000000000e+01 5.400000000000000000e+01 0.000000000000000000e+00 1.600000000000000089e+00 1.240000000000000000e-03 -3.261000000000000010e-03 9.999940000000000495e-01 -3.413140000000000063e-01 9.399429999999999730e-01 3.488000000000000215e-03 -9.399490000000000345e-01 -3.413160000000000083e-01 5.300000000000000078e-05
4.000000000000000000e+00 2.500000000000000000e+01 5.500000000000000000e+01 0.000000000000000000e+00 1.600000000000000089e+00 1.111000000000000008e-03 9.466000000000000456e-03 -9.999550000000000383e-01 -1.240499999999999936e-02 -9.998780000000000445e-01 -9.478999999999999579e-03 -9.999219999999999775e-01 1.241399999999999969e-02 -9.940000000000000918e-04
7.000000000000000000e+00 2.500000000000000000e+01 5.500000000000000000e+01 0.000000000000000000e+00 1.600000000000000089e+00 2.128000000000000117e-03 6.211000000000000375e-03 -9.999780000000000335e-01 -1.291300000000000087e-02 -9.998970000000000358e-01 -6.237999999999999622e-03 -9.999139999999999695e-01 1.292599999999999999e-02 -2.047000000000000208e-03
1.400000000000000000e+01 2.500000000000000000e+01 5.500000000000000000e+01 0.000000000000000000e+00 1.600000000000000089e+00 -3.260000000000000094e-04 1.060000000000000016e-04 -1.000000000000000000e+00 -1.187900000000000067e-02 -9.999289999999999567e-01 -1.019999999999999992e-04 -9.999289999999999567e-01 1.187900000000000067e-02 3.269999999999999795e-04
1.800000000000000000e+01 2.500000000000000000e+01 5.500000000000000000e+01 0.000000000000000000e+00 1.600000000000000089e+00 1.528999999999999977e-03 -2.101000000000000003e-03 -9.999970000000000248e-01 -1.194600000000000002e-02 -9.999259999999999815e-01 2.083000000000000216e-03 -9.999270000000000103e-01 1.194300000000000049e-02 -1.554000000000000043e-03
2.100000000000000000e+01 2.500000000000000000e+01 5.500000000000000000e+01 0.000000000000000000e+00 1.600000000000000089e+00 1.631999999999999987e-03 6.930000000000000396e-04 -9.999980000000000535e-01 -1.269400000000000042e-02 -9.999190000000000023e-01 -7.140000000000000079e-04 -9.999179999999999735e-01 1.269499999999999969e-02 -1.623000000000000094e-03
2.700000000000000000e+01 2.500000000000000000e+01 5.500000000000000000e+01 0.000000000000000000e+00 1.600000000000000089e+00 1.459000000000000010e-03 4.943999999999999610e-03 -9.999869999999999592e-01 -9.880999999999999159e-03 -9.999390000000000223e-01 -4.957999999999999734e-03 -9.999500000000000055e-01 9.887999999999999221e-03 -1.410000000000000012e-03
7.000000000000000000e+00 2.100000000000000000e+01 6.000000000000000000e+01 0.000000000000000000e+00 1.600000000000000089e+00 -2.993000000000000001e-03 3.593799999999999772e-02 9.993499999999999606e-01 -9.364599999999999314e-02 9.949519999999999476e-01 -3.606100000000000277e-02 -9.956009999999999582e-01 -9.369299999999999851e-02 3.879999999999999985e-04
1.600000000000000000e+01 2.100000000000000000e+01 6.000000000000000000e+01 0.000000000000000000e+00 1.600000000000000089e+00 9.250000000000000409e-04 -7.667000000000000204e-03 9.999700000000000255e-01 -9.451900000000000579e-02 9.954929999999999612e-01 7.720000000000000299e-03 -9.955230000000000468e-01 -9.452299999999999591e-02 1.959999999999999937e-04
2.500000000000000000e+01 2.100000000000000000e+01 6.000000000000000000e+01 0.000000000000000000e+00 1.600000000000000089e+00 2.429999999999999977e-04 -1.719000000000000042e-03 9.999980000000000535e-01 -9.509299999999999697e-02 9.954669999999999908e-01 1.734999999999999997e-03 -9.954680000000000195e-01 -9.509399999999999797e-02 7.899999999999999579e-05
2.900000000000000000e+01 2.100000000000000000e+01 6.000000000000000000e+01 0.000000000000000000e+00 1.600000000000000089e+00 1.169999999999999979e-04 2.930000000000000204e-04 1.000000000000000000e+00 -9.404200000000000059e-02 9.955680000000000085e-01 -2.809999999999999998e-04 -9.955680000000000085e-01 -9.404200000000000059e-02 1.440000000000000036e-04
2.100000000000000000e+01 6.700000000000000000e+01 6.000000000000000000e+01 0.000000000000000000e+00 1.600000000000000089e+00 -1.396000000000000105e-03 -3.170000000000000075e-03 9.999940000000000495e-01 1.744650000000000090e-01 -9.846589999999999510e-01 -2.876999999999999783e-03 9.846620000000000372e-01 1.744600000000000040e-01 1.928000000000000026e-03
2.600000000000000000e+01 6.000000000000000000e+00 6.100000000000000000e+01 0.000000000000000000e+00 1.600000000000000089e+00 1.547999999999999897e-03 -9.388000000000000511e-03 9.999550000000000383e-01 5.661159999999999526e-01 -8.242810000000000414e-01 -8.616000000000000394e-03 8.243239999999999457e-01 5.661030000000000229e-01 4.039000000000000055e-03
9.000000000000000000e+00 3.000000000000000000e+00 6.300000000000000000e+01 0.000000000000000000e+00 1.600000000000000089e+00 9.430000000000000448e-04 2.377500000000000099e-02 9.997169999999999668e-01 -6.175530000000000186e-01 7.863210000000000477e-01 -1.811700000000000116e-02 -7.865290000000000337e-01 -6.173610000000000486e-01 1.542400000000000021e-02
1.300000000000000000e+01 3.000000000000000000e+00 6.300000000000000000e+01 0.000000000000000000e+00 1.600000000000000089e+00 9.359999999999999831e-04 4.683999999999999796e-03 9.999890000000000168e-01 -6.154910000000000103e-01 7.881380000000000052e-01 -3.115999999999999846e-03 -7.881430000000000380e-01 -6.154809999999999448e-01 3.619999999999999954e-03
2.000000000000000000e+00 2.700000000000000000e+01 6.300000000000000000e+01 0.000000000000000000e+00 1.600000000000000089e+00 -3.369000000000000033e-03 3.427899999999999697e-02 9.994070000000000453e-01 -2.844650000000000234e-01 9.580899999999999972e-01 -3.382000000000000284e-02 -9.586799999999999766e-01 -2.844110000000000249e-01 6.523000000000000152e-03
8.000000000000000000e+00 2.700000000000000000e+01 6.300000000000000000e+01 0.000000000000000000e+00 1.600000000000000089e+00 -1.636000000000000084e-03 1.368100000000000045e-02 9.999050000000000438e-01 -2.801679999999999726e-01 9.598550000000000137e-01 -1.359199999999999992e-02 -9.599499999999999700e-01 -2.801629999999999954e-01 2.262999999999999821e-03
1.200000000000000000e+01 2.700000000000000000e+01 6.300000000000000000e+01 0.000000000000000000e+00 1.600000000000000089e+00 2.468000000000000142e-03 2.485999999999999929e-03 9.999940000000000495e-01 -2.774960000000000204e-01 9.607250000000000512e-01 -1.703000000000000087e-03 -9.607240000000000224e-01 -2.774900000000000144e-01 3.060999999999999919e-03
1.700000000000000000e+01 2.700000000000000000e+01 6.300000000000000000e+01 0.000000000000000000e+00 1.600000000000000089e+00 -5.890000000000000053e-04 7.209999999999999612e-04 1.000000000000000000e+00 -2.750299999999999967e-01 9.614350000000000396e-01 -8.549999999999999658e-04 -9.614359999999999573e-01 -2.750299999999999967e-01 -3.680000000000000003e-04
2.200000000000000000e+01 2.700000000000000000e+01 6.300000000000000000e+01 0.000000000000000000e+00 1.600000000000000089e+00 -6.089999999999999494e-04 4.500000000000000283e-05 1.000000000000000000e+00 -2.788390000000000035e-01 9.603380000000000249e-01 -2.130000000000000003e-04 -9.603380000000000249e-01 -2.788390000000000035e-01 -5.730000000000000501e-04
2.600000000000000000e+01 2.700000000000000000e+01 6.300000000000000000e+01 0.000000000000000000e+00 1.600000000000000089e+00 -1.710000000000000094e-04 3.755000000000000091e-03 9.999930000000000208e-01 -2.781970000000000276e-01 9.605169999999999542e-01 -3.654000000000000130e-03 -9.605240000000000444e-01 -2.781950000000000256e-01 8.800000000000000313e-04
2.900000000000000000e+01 2.700000000000000000e+01 6.300000000000000000e+01 0.000000000000000000e+00 1.600000000000000089e+00 -2.066999999999999827e-03 8.802000000000000796e-03 9.999590000000000423e-01 -2.773019999999999929e-01 9.607400000000000384e-01 -9.029999999999999832e-03 -9.607809999999999961e-01 -2.773100000000000009e-01 4.550000000000000008e-04
1.300000000000000000e+01 2.600000000000000000e+01 6.400000000000000000e+01 0.000000000000000000e+00 1.600000000000000089e+00 2.513000000000000043e-03 4.785000000000000191e-03 9.999850000000000128e-01 -3.659689999999999888e-01 9.306200000000000028e-01 -3.533000000000000116e-03 -9.306240000000000068e-01 -3.659549999999999748e-01 4.089999999999999886e-03
1.700000000000000000e+01 2.600000000000000000e+01 6.400000000000000000e+01 0.000000000000000000e+00 1.600000000000000089e+00 -3.209999999999999963e-04 1.231000000000000106e-03 9.999989999999999712e-01 -3.636150000000000215e-01 9.315489999999999604e-01 -1.263999999999999933e-03 -9.315489999999999604e-01 -3.636150000000000215e-01 1.479999999999999925e-04
