1.000000000000000000e+00 2.500000000000000000e+01 1.000000000000000000e+00 0.000000000000000000e+00 1.600000000000000089e+00 -3.620000000000000171e-04 7.244999999999999704e-03 -9.999740000000000295e-01 -5.169679999999999831e-01 -8.559839999999999671e-01 -6.015000000000000381e-03 -8.560050000000000159e-01 5.169519999999999671e-01 4.054999999999999577e-03
2.500000000000000000e+01 2.500000000000000000e+01 1.000000000000000000e+00 0.000000000000000000e+00 1.600000000000000089e+00 3.775999999999999843e-03 -4.577000000000000339e-03 -9.999820000000000375e-01 -5.218469999999999498e-01 -8.530370000000000452e-01 1.933000000000000039e-03 -8.530309999999999837e-01 5.218300000000000161e-01 -5.610000000000000403e-03
1.900000000000000000e+01 4.200000000000000000e+01 2.000000000000000000e+00 0.000000000000000000e+00 1.600000000000000089e+00 6.590999999999999637e-03 -1.327500000000000034e-02 -9.998899999999999455e-01 9.829890000000000017e-01 -1.834500000000000020e-01 8.914999999999999314e-03 -1.835489999999999899e-01 -9.829390000000000072e-01 1.183999999999999983e-02
5.000000000000000000e+00 1.500000000000000000e+01 4.000000000000000000e+00 0.000000000000000000e+00 1.600000000000000089e+00 3.499999999999999693e-05 3.963999999999999642e-03 9.999919999999999920e-01 3.111470000000000069e-01 -9.503540000000000321e-01 3.755999999999999790e-03 9.503620000000000401e-01 3.111450000000000049e-01 -1.266999999999999897e-03
1.200000000000000000e+01 1.500000000000000000e+01 4.000000000000000000e+00 0.000000000000000000e+00 1.600000000000000089e+00 -2.377999999999999906e-03 -4.530000000000000172e-03 9.999869999999999592e-01 3.089990000000000236e-01 -9.510560000000000125e-01 -3.572999999999999787e-03 9.510589999999999877e-01 3.089859999999999829e-01 3.661000000000000192e-03
1.500000000000000000e+01 1.500000000000000000e+01 4.000000000000000000e+00 0.000000000000000000e+00 1.600000000000000089e+00 -3.116999999999999979e-03 -2.625999999999999862e-03 9.999919999999999920e-01 3.089919999999999889e-01 -9.510640000000000205e-01 -1.533999999999999990e-03 9.510600000000000165e-01 3.089839999999999809e-01 3.775999999999999843e-03
2.400000000000000000e+01 1.500000000000000000e+01 4.000000000000000000e+00 0.000000000000000000e+00 1.600000000000000089e+00 2.063999999999999863e-03 3.370999999999999865e-03 9.999919999999999920e-01 3.057540000000000258e-01 -9.521070000000000366e-01 2.577999999999999996e-03 9.521079999999999544e-01 3.057469999999999910e-01 -2.995999999999999965e-03
1.100000000000000000e+01 1.010000000000000000e+02 7.000000000000000000e+00 0.000000000000000000e+00 1.600000000000000089e+00 -1.730999999999999900e-03 -8.273000000000000839e-03 9.999639999999999640e-01 8.812200000000000033e-01 4.726750000000000118e-01 5.435999999999999860e-03 -4.727029999999999843e-01 8.811980000000000368e-01 6.472000000000000322e-03
1.600000000000000000e+01 1.500000000000000000e+01 8.000000000000000000e+00 0.000000000000000000e+00 1.600000000000000089e+00 1.209000000000000005e-03 5.850000000000000165e-04 -9.999989999999999712e-01 -5.990450000000000497e-01 -8.007140000000000368e-01 -1.193000000000000050e-03 -8.007140000000000368e-01 5.990459999999999674e-01 -6.179999999999999513e-04
3.000000000000000000e+00 2.500000000000000000e+01 8.000000000000000000e+00 0.000000000000000000e+00 1.600000000000000089e+00 -3.429999999999999889e-04 -4.923000000000000292e-03 -9.999879999999999880e-01 4.434620000000000228e-01 8.962820000000000231e-01 -4.564999999999999614e-03 8.962930000000000064e-01 -4.434580000000000188e-01 1.874999999999999931e-03
7.000000000000000000e+00 2.500000000000000000e+01 8.000000000000000000e+00 0.000000000000000000e+00 1.600000000000000089e+00 -1.981000000000000122e-03 -4.046000000000000117e-03 -9.999900000000000455e-01 4.445339999999999847e-01 8.957509999999999639e-01 -4.505000000000000324e-03 8.957600000000000007e-01 -4.445379999999999887e-01 2.500000000000000120e-05
1.300000000000000000e+01 2.500000000000000000e+01 8.000000000000000000e+00 0.000000000000000000e+00 1.600000000000000089e+00 -4.339999999999999782e-04 2.716000000000000098e-03 -9.999959999999999960e-01 4.449230000000000129e-01 8.955659999999999732e-01 2.239000000000000105e-03 8.955689999999999484e-01 -4.449199999999999822e-01 -1.596999999999999895e-03
1.600000000000000000e+01 2.500000000000000000e+01 8.000000000000000000e+00 0.000000000000000000e+00 1.600000000000000089e+00 -1.897000000000000032e-03 -1.255999999999999955e-03 -9.999970000000000248e-01 4.435230000000000006e-01 8.962609999999999744e-01 -1.966999999999999998e-03 8.962609999999999744e-01 -4.435259999999999758e-01 -1.142999999999999919e-03
1.900000000000000000e+01 2.500000000000000000e+01 8.000000000000000000e+00 0.000000000000000000e+00 1.600000000000000089e+00 -1.007999999999999998e-03 -7.298999999999999932e-03 -9.999730000000000008e-01 4.445470000000000255e-01 8.957279999999999687e-01 -6.986000000000000022e-03 8.957549999999999679e-01 -4.445419999999999927e-01 2.341999999999999898e-03
2.300000000000000000e+01 2.500000000000000000e+01 8.000000000000000000e+00 0.000000000000000000e+00 1.600000000000000089e+00 -1.600999999999999993e-03 -5.896000000000000199e-03 -9.999810000000000088e-01 4.471700000000000119e-01 8.944290000000000296e-01 -5.989999999999999665e-03 8.944469999999999921e-01 -4.471720000000000139e-01 1.203999999999999992e-03
2.600000000000000000e+01 2.500000000000000000e+01 8.000000000000000000e+00 0.000000000000000000e+00 1.600000000000000089e+00 -3.282999999999999894e-03 -4.217000000000000262e-03 -9.999860000000000415e-01 4.484940000000000038e-01 8.937709999999999821e-01 -5.242000000000000132e-03 8.937800000000000189e-01 -4.485049999999999870e-01 -1.043000000000000090e-03
3.000000000000000000e+00 2.400000000000000000e+01 9.000000000000000000e+00 0.000000000000000000e+00 1.600000000000000089e+00 1.399999999999999979e-05 -4.826000000000000428e-03 -9.999879999999999880e-01 4.479460000000000108e-01 8.940500000000000114e-01 -4.308000000000000197e-03 8.940599999999999659e-01 -4.479409999999999781e-01 2.174999999999999850e-03
6.000000000000000000e+00 2.400000000000000000e+01 9.000000000000000000e+00 0.000000000000000000e+00 1.600000000000000089e+00 -1.897999999999999948e-03 -4.948000000000000141e-03 -9.999860000000000415e-01 4.483679999999999888e-01 8.938329999999999886e-01 -5.274000000000000042e-03 8.938469999999999471e-01 -4.483719999999999928e-01 5.220000000000000031e-04
1.000000000000000000e+01 2.400000000000000000e+01 9.000000000000000000e+00 0.000000000000000000e+00 1.600000000000000089e+00 -5.429999999999999714e-04 -3.593999999999999972e-03 -9.999930000000000208e-01 4.496109999999999829e-01 8.932179999999999565e-01 -3.455000000000000172e-03 8.932240000000000180e-01 -4.496100000000000096e-01 1.131000000000000061e-03
1.600000000000000000e+01 2.400000000000000000e+01 9.000000000000000000e+00 0.000000000000000000e+00 1.600000000000000089e+00 -1.345000000000000058e-03 -1.387999999999999911e-03 -9.999980000000000535e-01 4.471189999999999887e-01 8.944720000000000448e-01 -1.843000000000000020e-03 8.944729999999999626e-01 -4.471209999999999907e-01 -5.829999999999999679e-04
2.000000000000000000e+01 2.400000000000000000e+01 9.000000000000000000e+00 0.000000000000000000e+00 1.600000000000000089e+00 -9.870000000000000301e-04 -6.320000000000000097e-03 -9.999799999999999800e-01 4.480999999999999983e-01 8.939629999999999521e-01 -6.092000000000000193e-03 8.939829999999999721e-01 -4.480970000000000231e-01 1.949999999999999910e-03
2.700000000000000000e+01 2.400000000000000000e+01 9.000000000000000000e+00 0.000000000000000000e+00 1.600000000000000089e+00 -2.915000000000000056e-03 -6.999999999999999929e-04 -9.999959999999999960e-01 4.507129999999999748e-01 8.926669999999999883e-01 -1.938000000000000052e-03 8.926640000000000130e-01 -4.507160000000000055e-01 -2.285999999999999838e-03
1.000000000000000000e+00 3.100000000000000000e+01 1.200000000000000000e+01 0.000000000000000000e+00 1.600000000000000089e+00 -1.748999999999999904e-03 2.366000000000000048e-03 9.999959999999999960e-01 1.842399999999999941e-02 9.998280000000000500e-01 -2.333000000000000004e-03 -9.998289999999999678e-01 1.841999999999999887e-02 -1.793000000000000106e-03
2.800000000000000000e+01 3.200000000000000000e+01 1.400000000000000000e+01 0.000000000000000000e+00 1.600000000000000089e+00 5.330000000000000536e-04 1.830999999999999945e-03 -9.999980000000000535e-01 1.054179999999999978e-01 9.944260000000000321e-01 1.876999999999999979e-03 9.944279999999999786e-01 -1.054179999999999978e-01 3.370000000000000057e-04
2.000000000000000000e+00 1.160000000000000000e+02 1.600000000000000000e+01 0.000000000000000000e+00 1.600000000000000089e+00 -4.786999999999999589e-03 -4.219999999999999793e-03 9.999799999999999800e-01 6.742010000000000502e-01 7.385199999999999543e-01 6.343999999999999813e-03 -7.385319999999999663e-01 6.742179999999999840e-01 -6.899999999999999667e-04
1.300000000000000000e+01 1.160000000000000000e+02 1.600000000000000000e+01 0.000000000000000000e+00 1.600000000000000089e+00 4.530000000000000064e-04 -1.340999999999999961e-03 9.999989999999999712e-01 6.879899999999999904e-01 7.257200000000000317e-01 6.610000000000000207e-04 -7.257200000000000317e-01 6.879889999999999617e-01 1.250999999999999942e-03
2.400000000000000000e+01 1.160000000000000000e+02 1.600000000000000000e+01 0.000000000000000000e+00 1.600000000000000089e+00 2.041999999999999978e-03 1.048000000000000103e-03 9.999970000000000248e-01 6.788250000000000117e-01 7.342969999999999775e-01 -2.154999999999999798e-03 -7.342980000000000063e-01 6.788269999999999582e-01 7.879999999999999635e-04
2.900000000000000000e+01 1.160000000000000000e+02 1.600000000000000000e+01 0.000000000000000000e+00 1.600000000000000089e+00 1.430000000000000064e-04 6.172000000000000403e-03 9.999810000000000088e-01 7.030870000000000175e-01 7.110899999999999999e-01 -4.490000000000000067e-03 -7.111039999999999583e-01 7.030739999999999768e-01 -4.237000000000000315e-03
3.000000000000000000e+00 2.000000000000000000e+00 1.900000000000000000e+01 0.000000000000000000e+00 1.600000000000000089e+00 -1.814000000000000074e-03 1.988999999999999883e-03 -9.999959999999999960e-01 1.898759999999999892e-01 -9.818050000000000388e-01 -2.298000000000000129e-03 -9.818059999999999565e-01 -1.898799999999999932e-01 1.402999999999999950e-03
6.000000000000000000e+00 2.000000000000000000e+00 1.900000000000000000e+01 0.000000000000000000e+00 1.600000000000000089e+00 -3.780000000000000265e-04 -1.613000000000000067e-03 -9.999989999999999712e-01 1.924970000000000014e-01 -9.812959999999999461e-01 1.510000000000000057e-03 -9.812969999999999748e-01 -1.924960000000000004e-01 6.809999999999999647e-04
9.000000000000000000e+00 2.000000000000000000e+00 1.900000000000000000e+01 0.000000000000000000e+00 1.600000000000000089e+00 -6.819999999999999890e-04 -2.383999999999999835e-03 -9.999970000000000248e-01 1.950909999999999866e-01 -9.807829999999999604e-01 2.206000000000000062e-03 -9.807850000000000179e-01 -1.950890000000000124e-01 1.134000000000000025e-03
1.200000000000000000e+01 2.000000000000000000e+00 1.900000000000000000e+01 0.000000000000000000e+00 1.600000000000000089e+00 -2.456999999999999983e-03 -2.518999999999999972e-03 -9.999940000000000495e-01 1.968350000000000100e-01 -9.804349999999999454e-01 1.985999999999999918e-03 -9.804340000000000277e-01 -1.968280000000000030e-01 2.905000000000000030e-03
1.700000000000000000e+01 2.000000000000000000e+00 1.900000000000000000e+01 0.000000000000000000e+00 1.600000000000000089e+00 -1.557999999999999923e-03 5.263000000000000317e-03 -9.999850000000000128e-01 1.979960000000000053e-01 -9.801870000000000305e-01 -5.466999999999999638e-03 -9.802009999999999890e-01 -1.980020000000000113e-01 4.850000000000000253e-04
2.100000000000000000e+01 2.000000000000000000e+00 1.900000000000000000e+01 0.000000000000000000e+00 1.600000000000000089e+00 -3.941000000000000059e-03 6.295000000000000248e-03 -9.999719999999999720e-01 1.980959999999999943e-01 -9.801579999999999737e-01 -6.950999999999999714e-03 -9.801750000000000185e-01 -1.981179999999999886e-01 2.615999999999999836e-03
2.400000000000000000e+01 2.000000000000000000e+00 1.900000000000000000e+01 0.000000000000000000e+00 1.600000000000000089e+00 -2.330000000000000040e-03 8.710000000000000294e-04 -9.999970000000000248e-01 1.965560000000000085e-01 -9.804920000000000302e-01 -1.312000000000000015e-03 -9.804899999999999727e-01 -1.965590000000000115e-01 2.112999999999999861e-03
3.000000000000000000e+01 2.000000000000000000e+00 1.900000000000000000e+01 0.000000000000000000e+00 1.600000000000000089e+00 4.150000000000000043e-04 -3.346000000000000016e-03 -9.999940000000000495e-01 1.913310000000000011e-01 -9.815199999999999481e-01 3.363999999999999803e-03 -9.815249999999999808e-01 -1.913310000000000011e-01 2.329999999999999986e-04
1.300000000000000000e+01 4.000000000000000000e+00 2.000000000000000000e+01 0.000000000000000000e+00 1.600000000000000089e+00 -1.066000000000000107e-03 -2.132999999999999913e-03 -9.999970000000000248e-01 2.916560000000000263e-01 -9.565219999999999834e-01 1.729999999999999984e-03 -9.565230000000000121e-01 -2.916540000000000243e-01 1.641000000000000097e-03
2.400000000000000000e+01 4.000000000000000000e+00 2.000000000000000000e+01 0.000000000000000000e+00 1.600000000000000089e+00 -4.376999999999999814e-03 -1.912000000000000071e-03 -9.999890000000000168e-01 2.906969999999999832e-01 -9.568149999999999711e-01 5.569999999999999864e-04 -9.568050000000000166e-01 -2.906920000000000059e-01 4.743999999999999953e-03
2.700000000000000000e+01 4.000000000000000000e+00 2.000000000000000000e+01 0.000000000000000000e+00 1.600000000000000089e+00 -1.113000000000000057e-03 -2.492999999999999990e-03 -9.999959999999999960e-01 2.854229999999999823e-01 -9.583990000000000009e-01 2.070999999999999924e-03 -9.584009999999999474e-01 -2.854200000000000070e-01 1.778000000000000067e-03
3.000000000000000000e+00 1.300000000000000000e+01 2.000000000000000000e+01 0.000000000000000000e+00 1.600000000000000089e+00 -1.381999999999999982e-03 1.183000000000000024e-03 9.999980000000000535e-01 2.531129999999999769e-01 9.674359999999999626e-01 -7.950000000000000252e-04 -9.674359999999999626e-01 2.531109999999999749e-01 -1.636000000000000084e-03
9.000000000000000000e+00 1.300000000000000000e+01 2.000000000000000000e+01 0.000000000000000000e+00 1.600000000000000089e+00 -3.629999999999999872e-04 1.749999999999999982e-04 1.000000000000000000e+00 2.532519999999999771e-01 9.674000000000000377e-01 -7.799999999999999859e-05 -9.674000000000000377e-01 2.532519999999999771e-01 -3.950000000000000061e-04
1.600000000000000000e+01 1.300000000000000000e+01 2.000000000000000000e+01 0.000000000000000000e+00 1.600000000000000089e+00 -7.320000000000000118e-04 -5.509999999999999490e-04 1.000000000000000000e+00 2.540799999999999725e-01 9.671830000000000149e-01 7.190000000000000210e-04 -9.671830000000000149e-01 2.540799999999999725e-01 -5.680000000000000370e-04
2.100000000000000000e+01 1.300000000000000000e+01 2.000000000000000000e+01 0.000000000000000000e+00 1.600000000000000089e+00 -2.484999999999999796e-03 -6.591999999999999769e-03 9.999749999999999472e-01 2.566499999999999893e-01 9.664789999999999770e-01 7.008999999999999606e-03 -9.665010000000000545e-01 2.566609999999999725e-01 -7.100000000000000191e-04
2.600000000000000000e+01 1.300000000000000000e+01 2.000000000000000000e+01 0.000000000000000000e+00 1.600000000000000089e+00 -2.169999999999999891e-04 -1.083999999999999894e-03 9.999989999999999712e-01 2.567169999999999730e-01 9.664859999999999562e-01 1.103999999999999947e-03 -9.664869999999999850e-01 2.567169999999999730e-01 6.899999999999999667e-05
2.900000000000000000e+01 1.300000000000000000e+01 2.000000000000000000e+01 0.000000000000000000e+00 1.600000000000000089e+00 -1.039999999999999936e-04 -2.877999999999999916e-03 9.999959999999999960e-01 2.557889999999999886e-01 9.667280000000000317e-01 2.808999999999999865e-03 -9.667329999999999535e-01 2.557889999999999886e-01 6.350000000000000392e-04
8.000000000000000000e+00 1.600000000000000000e+01 2.100000000000000000e+01 0.000000000000000000e+00 1.600000000000000089e+00 -6.350000000000000392e-04 1.428999999999999932e-03 9.999989999999999712e-01 2.972620000000000262e-01 9.547949999999999493e-01 -1.175999999999999962e-03 -9.547959999999999781e-01 2.972609999999999975e-01 -1.031999999999999931e-03
1.300000000000000000e+01 1.600000000000000000e+01 2.100000000000000000e+01 0.000000000000000000e+00 1.600000000000000089e+00 4.659999999999999971e-04 5.824000000000000184e-03 9.999829999999999552e-01 2.969069999999999765e-01 9.548900000000000166e-01 -5.700000000000000205e-03 -9.549060000000000326e-01 2.969040000000000012e-01 -1.283999999999999985e-03
1.600000000000000000e+01 1.600000000000000000e+01 2.100000000000000000e+01 0.000000000000000000e+00 1.600000000000000089e+00 -4.949999999999999973e-04 -7.730000000000000326e-04 1.000000000000000000e+00 2.967839999999999923e-01 9.549440000000000150e-01 8.850000000000000444e-04 -9.549440000000000150e-01 2.967850000000000210e-01 -2.429999999999999977e-04
2.100000000000000000e+01 1.600000000000000000e+01 2.100000000000000000e+01 0.000000000000000000e+00 1.600000000000000089e+00 -2.070999999999999924e-03 -6.773000000000000374e-03 9.999749999999999472e-01 2.986289999999999778e-01 9.543430000000000524e-01 7.082999999999999886e-03 -9.543669999999999654e-01 2.986360000000000126e-01 4.699999999999999724e-05
4.000000000000000000e+00 3.000000000000000000e+00 2.500000000000000000e+01 0.000000000000000000e+00 1.600000000000000089e+00 3.723999999999999880e-03 3.726000000000000145e-03 9.999860000000000415e-01 -4.988299999999999679e-02 -9.987470000000000514e-01 3.906999999999999883e-03 9.987479999999999691e-01 -4.989600000000000285e-02 -3.533999999999999815e-03
1.100000000000000000e+01 3.000000000000000000e+00 2.500000000000000000e+01 0.000000000000000000e+00 1.600000000000000089e+00 -8.409999999999999507e-04 5.599999999999999509e-04 1.000000000000000000e+00 -5.672200000000000158e-02 -9.983899999999999997e-01 5.109999999999999525e-04 9.983899999999999997e-01 -5.672100000000000058e-02 8.720000000000000537e-04
2.000000000000000000e+01 3.000000000000000000e+00 2.500000000000000000e+01 0.000000000000000000e+00 1.600000000000000089e+00 5.866999999999999819e-03 6.708000000000000421e-03 9.999599999999999600e-01 -5.480499999999999955e-02 -9.984720000000000262e-01 7.020000000000000198e-03 9.984800000000000342e-01 -5.484399999999999692e-02 -5.490000000000000088e-03
2.500000000000000000e+01 3.000000000000000000e+00 2.500000000000000000e+01 0.000000000000000000e+00 1.600000000000000089e+00 2.275000000000000112e-03 -4.049999999999999781e-03 9.999890000000000168e-01 -5.542099999999999804e-02 -9.984549999999999814e-01 -3.917999999999999608e-03 9.984600000000000142e-01 -5.541100000000000192e-02 -2.495999999999999955e-03
3.000000000000000000e+00 4.600000000000000000e+01 2.700000000000000000e+01 0.000000000000000000e+00 1.600000000000000089e+00 -1.199999999999999895e-03 -2.209000000000000026e-03 -9.999970000000000248e-01 6.406819999999999737e-01 7.678019999999999845e-01 -2.465000000000000177e-03 7.678049999999999597e-01 -6.406830000000000025e-01 4.939999999999999730e-04
1.300000000000000000e+01 4.600000000000000000e+01 2.700000000000000000e+01 0.000000000000000000e+00 1.600000000000000089e+00 -1.531999999999999942e-03 3.440000000000000132e-04 -9.999989999999999712e-01 6.426579999999999515e-01 7.661529999999999729e-01 -7.209999999999999612e-04 7.661520000000000552e-01 -6.426579999999999515e-01 -1.394999999999999973e-03
1.900000000000000000e+01 4.600000000000000000e+01 2.700000000000000000e+01 0.000000000000000000e+00 1.600000000000000089e+00 1.132999999999999893e-03 -2.079999999999999872e-04 -9.999989999999999712e-01 6.442400000000000349e-01 7.648230000000000306e-01 5.699999999999999772e-04 7.648230000000000306e-01 -6.442400000000000349e-01 1.000000000000000021e-03
2.200000000000000000e+01 4.600000000000000000e+01 2.700000000000000000e+01 0.000000000000000000e+00 1.600000000000000089e+00 3.187999999999999862e-03 -5.969999999999999829e-04 -9.999949999999999672e-01 6.457709999999999839e-01 7.635290000000000132e-01 1.603000000000000041e-03 7.635239999999999805e-01 -6.457730000000000414e-01 2.820000000000000024e-03
2.500000000000000000e+01 4.600000000000000000e+01 3.000000000000000000e+01 0.000000000000000000e+00 1.600000000000000089e+00 1.582000000000000073e-03 1.913999999999999903e-03 -9.999970000000000248e-01 3.254059999999999730e-01 9.455719999999999681e-01 2.324999999999999810e-03 9.455729999999999968e-01 -3.254079999999999750e-01 8.729999999999999696e-04
3.000000000000000000e+00 5.800000000000000000e+01 3.100000000000000000e+01 0.000000000000000000e+00 1.600000000000000089e+00 -2.243999999999999901e-03 -6.389999999999999847e-03 9.999770000000000048e-01 -7.989319999999999755e-01 -6.013950000000000129e-01 -5.636000000000000384e-03 6.014180000000000081e-01 -7.989260000000000250e-01 -3.755999999999999790e-03
8.000000000000000000e+00 5.800000000000000000e+01 3.100000000000000000e+01 0.000000000000000000e+00 1.600000000000000089e+00 -3.193999999999999791e-03 -6.080000000000000335e-03 9.999759999999999760e-01 -8.004550000000000276e-01 -5.993610000000000326e-01 -6.199999999999999782e-03 5.993849999999999456e-01 -8.004559999999999453e-01 -2.952999999999999896e-03
1.500000000000000000e+01 5.800000000000000000e+01 3.100000000000000000e+01 0.000000000000000000e+00 1.600000000000000089e+00 -3.699999999999999947e-04 -2.001000000000000174e-03 9.999980000000000535e-01 -8.017239999999999922e-01 -5.976930000000000298e-01 -1.492999999999999969e-03 5.976939999999999475e-01 -8.017229999999999634e-01 -1.382999999999999898e-03
2.800000000000000000e+01 5.800000000000000000e+01 3.100000000000000000e+01 0.000000000000000000e+00 1.600000000000000089e+00 -2.889999999999999774e-04 -4.130000000000000099e-04 1.000000000000000000e+00 -8.011700000000000488e-01 -5.984359999999999680e-01 -4.789999999999999879e-04 5.984359999999999680e-01 -8.011700000000000488e-01 -1.579999999999999916e-04
2.300000000000000000e+01 6.000000000000000000e+00 3.200000000000000000e+01 0.000000000000000000e+00 1.600000000000000089e+00 3.553999999999999868e-03 2.867999999999999890e-03 -9.999900000000000455e-01 9.382200000000000262e-02 9.955840000000000245e-01 3.188999999999999994e-03 9.955829999999999957e-01 -9.383199999999999874e-02 3.269000000000000204e-03
3.000000000000000000e+00 4.600000000000000000e+01 3.500000000000000000e+01 0.000000000000000000e+00 1.600000000000000089e+00 1.090000000000000040e-03 -5.578999999999999758e-03 -9.999839999999999840e-01 3.863659999999999872e-01 -9.223289999999999544e-01 5.566999999999999900e-03 -9.223449999999999704e-01 -3.863659999999999872e-01 1.149999999999999981e-03
9.000000000000000000e+00 4.600000000000000000e+01 3.500000000000000000e+01 0.000000000000000000e+00 1.600000000000000089e+00 -5.800000000000000034e-04 -5.180000000000000143e-04 -1.000000000000000000e+00 3.862099999999999977e-01 -9.224109999999999809e-01 2.539999999999999940e-04 -9.224109999999999809e-01 -3.862099999999999977e-01 7.349999999999999763e-04
1.500000000000000000e+01 4.600000000000000000e+01 3.500000000000000000e+01 0.000000000000000000e+00 1.600000000000000089e+00 3.570000000000000040e-04 1.755999999999999965e-03 -9.999980000000000535e-01 3.848070000000000102e-01 -9.229960000000000386e-01 -1.484000000000000076e-03 -9.229969999999999564e-01 -3.848059999999999814e-01 -1.005000000000000034e-03
2.000000000000000000e+01 4.600000000000000000e+01 3.500000000000000000e+01 0.000000000000000000e+00 1.600000000000000089e+00 -1.320000000000000101e-04 3.286999999999999991e-03 -9.999949999999999672e-01 3.856200000000000183e-01 -9.226529999999999454e-01 -3.083999999999999936e-03 -9.226579999999999782e-01 -3.856180000000000163e-01 -1.146000000000000100e-03
2.600000000000000000e+01 4.600000000000000000e+01 3.500000000000000000e+01 0.000000000000000000e+00 1.600000000000000089e+00 2.550000000000000183e-04 -2.056000000000000102e-03 -9.999980000000000535e-01 3.845990000000000242e-01 -9.230819999999999581e-01 1.995999999999999944e-03 -9.230840000000000156e-01 -3.845990000000000242e-01 5.559999999999999621e-04
3.000000000000000000e+00 9.500000000000000000e+01 3.600000000000000000e+01 0.000000000000000000e+00 1.600000000000000089e+00 -3.899999999999999929e-04 5.948000000000000162e-03 9.999820000000000375e-01 9.982010000000000050e-01 5.996400000000000341e-02 3.300000000000000253e-05 -5.996200000000000141e-02 9.981830000000000425e-01 -5.960000000000000020e-03
1.600000000000000000e+01 9.500000000000000000e+01 3.600000000000000000e+01 0.000000000000000000e+00 1.600000000000000089e+00 1.379999999999999933e-03 3.020000000000000115e-03 9.999940000000000495e-01 9.982670000000000154e-01 5.882099999999999829e-02 -1.554999999999999959e-03 -5.882500000000000229e-02 9.982640000000000402e-01 -2.933999999999999976e-03
2.100000000000000000e+01 9.500000000000000000e+01 3.600000000000000000e+01 0.000000000000000000e+00 1.600000000000000089e+00 8.071000000000000049e-03 9.339999999999999344e-03 9.999240000000000350e-01 9.976110000000000255e-01 6.852900000000000658e-02 -8.692999999999999339e-03 -6.860499999999999932e-02 9.976049999999999640e-01 -8.765000000000000221e-03
2.500000000000000000e+01 9.500000000000000000e+01 3.600000000000000000e+01 0.000000000000000000e+00 1.600000000000000089e+00 7.978999999999999981e-03 1.108400000000000010e-02 9.999069999999999903e-01 9.975739999999999608e-01 6.906099999999999739e-02 -8.725999999999999382e-03 -6.915100000000000413e-02 9.975509999999999655e-01 -1.050700000000000071e-02
2.000000000000000000e+00 3.000000000000000000e+00 4.300000000000000000e+01 0.000000000000000000e+00 1.600000000000000089e+00 -1.618999999999999996e-03 -1.167999999999999941e-02 -9.999299999999999855e-01 7.392999999999999572e-01 -6.733430000000000248e-01 6.668000000000000316e-03 -6.733740000000000281e-01 -7.392379999999999507e-01 9.724999999999999270e-03
1.000000000000000000e+01 3.000000000000000000e+00 4.300000000000000000e+01 0.000000000000000000e+00 1.600000000000000089e+00 -3.759999999999999779e-04 -7.872000000000000525e-03 -9.999689999999999968e-01 7.410999999999999810e-01 -6.713770000000000016e-01 5.007000000000000166e-03 -6.713949999999999640e-01 -7.410750000000000393e-01 6.086000000000000264e-03
1.700000000000000000e+01 3.000000000000000000e+00 4.300000000000000000e+01 0.000000000000000000e+00 1.600000000000000089e+00 2.043999999999999810e-03 -2.345999999999999995e-03 -9.999949999999999672e-01 7.380320000000000213e-01 -6.747579999999999689e-01 3.092000000000000130e-03 -6.747619999999999729e-01 -7.380349999999999966e-01 3.519999999999999908e-04
2.400000000000000000e+01 3.000000000000000000e+00 4.300000000000000000e+01 0.000000000000000000e+00 1.600000000000000089e+00 -5.209999999999999788e-04 2.330000000000000127e-02 -9.997279999999999500e-01 7.397230000000000194e-01 -6.727189999999999559e-01 -1.606399999999999842e-02 -6.729110000000000369e-01 -7.395310000000000494e-01 -1.688500000000000070e-02
1.300000000000000000e+01 8.000000000000000000e+00 4.400000000000000000e+01 0.000000000000000000e+00 1.600000000000000089e+00 -3.260000000000000094e-04 -6.213999999999999906e-03 9.999810000000000088e-01 -7.830799999999999983e-01 -6.219069999999999876e-01 -4.120000000000000398e-03 6.219209999999999461e-01 -7.830660000000000398e-01 -4.663999999999999743e-03
1.700000000000000000e+01 8.000000000000000000e+00 4.400000000000000000e+01 0.000000000000000000e+00 1.600000000000000089e+00 -9.110000000000000259e-04 4.575000000000000074e-03 9.999890000000000168e-01 -7.828720000000000123e-01 -6.221790000000000376e-01 2.132999999999999913e-03 6.221820000000000128e-01 -7.828619999999999468e-01 4.148999999999999910e-03
2.700000000000000000e+01 8.000000000000000000e+00 4.400000000000000000e+01 0.000000000000000000e+00 1.600000000000000089e+00 1.193999999999999966e-03 2.560999999999999908e-03 9.999959999999999960e-01 -7.835649999999999560e-01 -6.213039999999999674e-01 2.527000000000000166e-03 6.213079999999999714e-01 -7.835649999999999560e-01 1.265000000000000065e-03
6.000000000000000000e+00 2.900000000000000000e+01 4.400000000000000000e+01 0.000000000000000000e+00 1.600000000000000089e+00 1.461000000000000059e-03 -1.796000000000000070e-03 -9.999970000000000248e-01 6.684520000000000461e-01 7.437550000000000550e-01 -3.589999999999999984e-04 7.437540000000000262e-01 -6.684499999999999886e-01 2.286999999999999970e-03
1.200000000000000000e+01 2.900000000000000000e+01 4.400000000000000000e+01 0.000000000000000000e+00 1.600000000000000089e+00 2.197999999999999867e-03 -4.153999999999999707e-03 -9.999890000000000168e-01 6.709169999999999856e-01 7.415310000000000512e-01 -1.606000000000000006e-03 7.415289999999999937e-01 -6.709060000000000024e-01 4.416999999999999919e-03
1.700000000000000000e+01 2.900000000000000000e+01 4.400000000000000000e+01 0.000000000000000000e+00 1.600000000000000089e+00 1.438000000000000042e-03 -3.465000000000000198e-03 -9.999930000000000208e-01 6.772099999999999786e-01 7.357879999999999976e-01 -1.575000000000000011e-03 7.357879999999999976e-01 -6.772029999999999994e-01 3.405000000000000041e-03
2.500000000000000000e+01 2.900000000000000000e+01 4.400000000000000000e+01 0.000000000000000000e+00 1.600000000000000089e+00 2.062000000000000031e-03 -6.899999999999999667e-04 -9.999980000000000535e-01 6.836849999999999872e-01 7.297770000000000090e-01 9.060000000000000128e-04 7.297740000000000338e-01 -6.836849999999999872e-01 1.975999999999999892e-03
2.900000000000000000e+01 2.900000000000000000e+01 4.400000000000000000e+01 0.000000000000000000e+00 1.600000000000000089e+00 2.671000000000000197e-03 -3.346000000000000016e-03 -9.999909999999999632e-01 6.855329999999999480e-01 7.280410000000000492e-01 -6.049999999999999606e-04 7.280370000000000452e-01 -6.855250000000000510e-01 4.238999999999999713e-03
1.000000000000000000e+00 7.000000000000000000e+01 4.700000000000000000e+01 0.000000000000000000e+00 1.600000000000000089e+00 -6.008000000000000319e-03 -7.792000000000000315e-03 -9.999519999999999520e-01 -8.417810000000000015e-01 -5.397389999999999688e-01 9.263000000000000400e-03 -5.397859999999999880e-01 8.417959999999999887e-01 -3.315999999999999937e-03
2.000000000000000000e+00 5.000000000000000000e+00 5.100000000000000000e+01 0.000000000000000000e+00 1.600000000000000089e+00 -2.200000000000000078e-04 -5.551000000000000378e-03 -9.999850000000000128e-01 4.908239999999999825e-01 -8.712459999999999649e-01 4.728999999999999697e-03 -8.712579999999999769e-01 -4.908159999999999745e-01 2.916000000000000189e-03
7.000000000000000000e+00 5.000000000000000000e+00 5.100000000000000000e+01 0.000000000000000000e+00 1.600000000000000089e+00 6.239999999999999887e-04 2.454000000000000018e-03 -9.999970000000000248e-01 4.903529999999999833e-01 -8.715220000000000189e-01 -1.832000000000000078e-03 -8.715239999999999654e-01 -4.903500000000000081e-01 -1.747000000000000072e-03
1.400000000000000000e+01 5.000000000000000000e+00 5.100000000000000000e+01 0.000000000000000000e+00 1.600000000000000089e+00 -2.335999999999999969e-03 1.690000000000000096e-03 -9.999959999999999960e-01 4.906139999999999946e-01 -8.713729999999999531e-01 -2.618000000000000101e-03 -8.713739999999999819e-01 -4.906179999999999986e-01 1.206000000000000041e-03
1.700000000000000000e+01 5.000000000000000000e+00 5.100000000000000000e+01 0.000000000000000000e+00 1.600000000000000089e+00 -2.624000000000000030e-03 3.284000000000000027e-03 -9.999909999999999632e-01 4.920220000000000149e-01 -8.705730000000000413e-01 -4.150000000000000043e-03 -8.705789999999999917e-01 -4.920280000000000209e-01 6.679999999999999740e-04
1.900000000000000000e+01 6.000000000000000000e+00 5.100000000000000000e+01 0.000000000000000000e+00 1.600000000000000089e+00 -2.719999999999999979e-04 1.379999999999999933e-03 -9.999989999999999712e-01 3.276189999999999936e-01 -9.448090000000000099e-01 -1.392999999999999924e-03 -9.448100000000000387e-01 -3.276189999999999936e-01 -1.949999999999999965e-04
1.500000000000000000e+01 7.000000000000000000e+00 5.200000000000000000e+01 0.000000000000000000e+00 1.600000000000000089e+00 -8.559999999999999901e-04 4.739000000000000157e-03 -9.999879999999999880e-01 1.094310000000000005e-01 -9.939829999999999499e-01 -4.804000000000000110e-03 -9.939940000000000442e-01 -1.094340000000000035e-01 3.319999999999999926e-04
7.000000000000000000e+00 6.300000000000000000e+01 5.400000000000000000e+01 0.000000000000000000e+00 1.600000000000000089e+00 1.859999999999999945e-04 2.435000000000000098e-03 9.999970000000000248e-01 -3.494329999999999936e-01 9.369589999999999863e-01 -2.216999999999999787e-03 -9.369610000000000438e-01 -3.494309999999999916e-01 1.025000000000000086e-03
1.000000000000000000e+01 6.300000000000000000e+01 5.400000000000000000e+01 0.000000000000000000e+00 1.600000000000000089e+00 -8.399999999999999535e-05 2.556999999999999811e-03 9.999970000000000248e-01 -3.488470000000000182e-01 9.371770000000000378e-01 -2.425000000000000072e-03 -9.371800000000000130e-01 -3.488459999999999894e-01 8.130000000000000291e-04
1.500000000000000000e+01 6.300000000000000000e+01 5.400000000000000000e+01 0.000000000000000000e+00 1.600000000000000089e+00 -3.899999999999999929e-04 -4.539999999999999765e-04 1.000000000000000000e+00 -3.584260000000000224e-01 9.335579999999999989e-01 2.840000000000000185e-04 -9.335579999999999989e-01 -3.584260000000000224e-01 -5.270000000000000162e-04
2.000000000000000000e+01 6.300000000000000000e+01 5.400000000000000000e+01 0.000000000000000000e+00 1.600000000000000089e+00 6.809999999999999647e-04 -1.453000000000000081e-03 9.999989999999999712e-01 -3.525079999999999880e-01 9.358070000000000555e-01 1.598999999999999944e-03 -9.358090000000000019e-01 -3.525090000000000168e-01 1.250000000000000026e-04
2.900000000000000000e+01 6.300000000000000000e+01 5.400000000000000000e+01 0.000000000000000000e+00 1.600000000000000089e+00 -7.799999999999999859e-05 -5.113999999999999622e-03 9.999869999999999592e-01 -3.526429999999999843e-01 9.357459999999999667e-01 4.758000000000000076e-03 -9.357579999999999787e-01 -3.526380000000000070e-01 -1.876999999999999979e-03
2.300000000000000000e+01 2.500000000000000000e+01 5.500000000000000000e+01 0.000000000000000000e+00 1.600000000000000089e+00 9.770000000000000039e-04 -1.340000000000000045e-03 -9.999989999999999712e-01 -1.351600000000000024e-02 -9.999080000000000190e-01 1.327000000000000055e-03 -9.999080000000000190e-01 1.351499999999999924e-02 -9.950000000000000077e-04
1.300000000000000000e+01 6.800000000000000000e+01 5.700000000000000000e+01 0.000000000000000000e+00 1.600000000000000089e+00 -1.640000000000000019e-04 -8.574000000000000024e-03 -9.999630000000000463e-01 -2.456280000000000130e-01 -9.693279999999999674e-01 8.352000000000000049e-03 -9.693640000000000034e-01 2.456200000000000050e-01 -1.946999999999999946e-03
2.600000000000000000e+01 6.800000000000000000e+01 5.700000000000000000e+01 0.000000000000000000e+00 1.600000000000000089e+00 -2.309999999999999987e-03 7.779000000000000324e-03 -9.999670000000000503e-01 -2.457799999999999985e-01 -9.693009999999999682e-01 -6.973000000000000032e-03 -9.693230000000000457e-01 2.457560000000000022e-01 4.151000000000000176e-03
5.000000000000000000e+00 2.100000000000000000e+01 6.000000000000000000e+01 0.000000000000000000e+00 1.600000000000000089e+00 1.090000000000000067e-04 -7.662000000000000408e-03 9.999710000000000543e-01 -9.618899999999999673e-02 9.953340000000000520e-01 7.636999999999999691e-03 -9.953629999999999978e-01 -9.618699999999999473e-02 -6.290000000000000018e-04
1.100000000000000000e+01 2.100000000000000000e+01 6.000000000000000000e+01 0.000000000000000000e+00 1.600000000000000089e+00 2.602999999999999845e-03 3.145999999999999925e-03 9.999919999999999920e-01 -9.131400000000000627e-02 9.958179999999999810e-01 -2.895000000000000004e-03 -9.958190000000000097e-01 -9.130599999999999827e-02 2.879000000000000049e-03
2.000000000000000000e+01 2.100000000000000000e+01 6.000000000000000000e+01 0.000000000000000000e+00 1.600000000000000089e+00 7.619999999999999820e-04 -2.818999999999999891e-03 9.999959999999999960e-01 -9.009499999999999453e-02 9.959289999999999532e-01 2.876000000000000084e-03 -9.959329999999999572e-01 -9.009699999999999653e-02 5.050000000000000235e-04
1.500000000000000000e+01 3.000000000000000000e+00 6.300000000000000000e+01 0.000000000000000000e+00 1.600000000000000089e+00 1.327000000000000055e-03 -2.416999999999999878e-03 9.999959999999999960e-01 -6.147350000000000314e-01 7.887290000000000134e-01 2.722000000000000027e-03 -7.887319999999999887e-01 -6.147369999999999779e-01 -4.389999999999999914e-04
3.000000000000000000e+00 2.700000000000000000e+01 6.300000000000000000e+01 0.000000000000000000e+00 1.600000000000000089e+00 1.286000000000000034e-03 4.729999999999999830e-03 9.999879999999999880e-01 -2.663449999999999984e-01 9.638689999999999758e-01 -4.217000000000000262e-03 -9.638769999999999838e-01 -2.663360000000000172e-01 2.498999999999999919e-03
1.100000000000000000e+01 2.700000000000000000e+01 6.300000000000000000e+01 0.000000000000000000e+00 1.600000000000000089e+00 -7.200000000000000182e-05 4.529000000000000040e-03 9.999900000000000455e-01 -2.696379999999999888e-01 9.629520000000000302e-01 -4.380000000000000213e-03 -9.629619999999999846e-01 -2.696359999999999868e-01 1.152000000000000029e-03
1.600000000000000000e+01 2.700000000000000000e+01 6.300000000000000000e+01 0.000000000000000000e+00 1.600000000000000089e+00 2.592999999999999819e-03 6.710999999999999951e-03 9.999740000000000295e-01 -2.753329999999999944e-01 9.613319999999999643e-01 -5.738000000000000045e-03 -9.613450000000000051e-01 -2.753109999999999724e-01 4.341000000000000240e-03
2.200000000000000000e+01 2.700000000000000000e+01 6.300000000000000000e+01 0.000000000000000000e+00 1.600000000000000089e+00 1.340000000000000045e-04 -1.778000000000000067e-03 9.999980000000000535e-01 -2.788789999999999880e-01 9.603249999999999842e-01 1.745000000000000023e-03 -9.603260000000000129e-01 -2.788789999999999880e-01 -3.669999999999999760e-04
2.800000000000000000e+01 2.700000000000000000e+01 6.300000000000000000e+01 0.000000000000000000e+00 1.600000000000000089e+00 -6.660000000000000338e-04 1.961000000000000069e-03 9.999980000000000535e-01 -2.764449999999999963e-01 9.610269999999999646e-01 -2.069000000000000093e-03 -9.610290000000000221e-01 -2.764460000000000250e-01 -9.799999999999999684e-05
3.000000000000000000e+00 2.600000000000000000e+01 6.400000000000000000e+01 0.000000000000000000e+00 1.600000000000000089e+00 7.990000000000000140e-04 3.311999999999999840e-03 9.999940000000000495e-01 -3.472049999999999859e-01 9.377849999999999797e-01 -2.827999999999999785e-03 -9.377889999999999837e-01 -3.472009999999999819e-01 1.899999999999999996e-03
7.000000000000000000e+00 2.600000000000000000e+01 6.400000000000000000e+01 0.000000000000000000e+00 1.600000000000000089e+00 2.400000000000000061e-04 5.323999999999999740e-03 9.999860000000000415e-01 -3.470110000000000139e-01 9.378480000000000150e-01 -4.910000000000000302e-03 -9.378609999999999447e-01 -3.470050000000000079e-01 2.072000000000000057e-03
1.400000000000000000e+01 2.600000000000000000e+01 6.400000000000000000e+01 0.000000000000000000e+00 1.600000000000000089e+00 2.350999999999999791e-03 3.956000000000000315e-03 9.999890000000000168e-01 -3.513390000000000124e-01 9.362439999999999651e-01 -2.877999999999999916e-03 -9.362449999999999939e-01 -3.513290000000000024e-01 3.591000000000000008e-03
2.700000000000000000e+01 2.600000000000000000e+01 6.400000000000000000e+01 0.000000000000000000e+00 1.600000000000000089e+00 -2.197999999999999867e-03 2.036000000000000049e-03 9.999959999999999960e-01 -3.528549999999999742e-01 9.356740000000000057e-01 -2.680000000000000090e-03 -9.356759999999999522e-01 -3.528589999999999782e-01 -1.337999999999999997e-03
