2.000000000000000000e+01 2.500000000000000000e+01 1.000000000000000000e+00 0.000000000000000000e+00 1.600000000000000089e+00 3.926999999999999935e-03 -4.477000000000000077e-03 -9.999820000000000375e-01 -5.219979999999999620e-01 -8.529449999999999532e-01 1.768999999999999956e-03 -8.529379999999999740e-01 5.219810000000000283e-01 -5.687000000000000215e-03
2.800000000000000000e+01 2.500000000000000000e+01 1.000000000000000000e+00 0.000000000000000000e+00 1.600000000000000089e+00 1.758000000000000014e-03 8.269999999999999574e-03 -9.999639999999999640e-01 -5.250620000000000287e-01 -8.510269999999999779e-01 -7.960999999999999327e-03 -8.510619999999999852e-01 5.250569999999999959e-01 2.846000000000000005e-03
1.400000000000000000e+01 4.200000000000000000e+01 2.000000000000000000e+00 0.000000000000000000e+00 1.600000000000000089e+00 6.590999999999999637e-03 -1.327500000000000034e-02 -9.998899999999999455e-01 9.829879999999999729e-01 -1.834510000000000030e-01 8.914999999999999314e-03 -1.835489999999999899e-01 -9.829390000000000072e-01 1.183999999999999983e-02
7.000000000000000000e+00 1.500000000000000000e+01 4.000000000000000000e+00 0.000000000000000000e+00 1.600000000000000089e+00 -2.397999999999999958e-03 -4.546999999999999827e-03 9.999869999999999592e-01 3.091220000000000079e-01 -9.510150000000000547e-01 -3.582999999999999814e-03 9.510189999999999477e-01 3.091099999999999959e-01 3.686000000000000040e-03
1.000000000000000000e+01 1.500000000000000000e+01 4.000000000000000000e+00 0.000000000000000000e+00 1.600000000000000089e+00 -3.116999999999999979e-03 -2.625999999999999862e-03 9.999919999999999920e-01 3.089919999999999889e-01 -9.510629999999999917e-01 -1.534999999999999906e-03 9.510600000000000165e-01 3.089839999999999809e-01 3.775999999999999843e-03
1.900000000000000000e+01 1.500000000000000000e+01 4.000000000000000000e+00 0.000000000000000000e+00 1.600000000000000089e+00 1.985999999999999918e-03 3.278000000000000098e-03 9.999930000000000208e-01 3.055999999999999828e-01 -9.521570000000000311e-01 2.514000000000000175e-03 9.521579999999999488e-01 3.055930000000000035e-01 -2.893000000000000172e-03
2.900000000000000000e+01 1.500000000000000000e+01 4.000000000000000000e+00 0.000000000000000000e+00 1.600000000000000089e+00 -4.815999999999999968e-03 3.128000000000000138e-03 9.999829999999999552e-01 3.026409999999999934e-01 -9.530939999999999968e-01 4.439000000000000237e-03 9.530920000000000503e-01 3.026579999999999826e-01 3.642999999999999971e-03
6.000000000000000000e+00 1.010000000000000000e+02 7.000000000000000000e+00 0.000000000000000000e+00 1.600000000000000089e+00 -1.873000000000000099e-03 -9.150000000000000147e-03 9.999559999999999560e-01 8.809979999999999478e-01 4.730820000000000025e-01 5.978999999999999940e-03 -4.731159999999999810e-01 8.809709999999999486e-01 7.174999999999999954e-03
1.100000000000000000e+01 1.500000000000000000e+01 8.000000000000000000e+00 0.000000000000000000e+00 1.600000000000000089e+00 1.209000000000000005e-03 5.850000000000000165e-04 -9.999989999999999712e-01 -5.990450000000000497e-01 -8.007140000000000368e-01 -1.191999999999999917e-03 -8.007140000000000368e-01 5.990459999999999674e-01 -6.179999999999999513e-04
2.000000000000000000e+00 2.500000000000000000e+01 8.000000000000000000e+00 0.000000000000000000e+00 1.600000000000000089e+00 -2.671999999999999896e-03 -3.550999999999999903e-03 -9.999900000000000455e-01 4.449810000000000154e-01 8.955290000000000195e-01 -4.369999999999999753e-03 8.955359999999999987e-01 -4.449879999999999947e-01 -8.130000000000000291e-04
8.000000000000000000e+00 2.500000000000000000e+01 8.000000000000000000e+00 0.000000000000000000e+00 1.600000000000000089e+00 -4.339999999999999782e-04 2.709000000000000036e-03 -9.999959999999999960e-01 4.449230000000000129e-01 8.955659999999999732e-01 2.233000000000000176e-03 8.955689999999999484e-01 -4.449210000000000109e-01 -1.593999999999999931e-03
1.100000000000000000e+01 2.500000000000000000e+01 8.000000000000000000e+00 0.000000000000000000e+00 1.600000000000000089e+00 -1.897000000000000032e-03 -1.255999999999999955e-03 -9.999970000000000248e-01 4.435230000000000006e-01 8.962609999999999744e-01 -1.966999999999999998e-03 8.962609999999999744e-01 -4.435259999999999758e-01 -1.142999999999999919e-03
1.400000000000000000e+01 2.500000000000000000e+01 8.000000000000000000e+00 0.000000000000000000e+00 1.600000000000000089e+00 -1.007999999999999998e-03 -7.298999999999999932e-03 -9.999730000000000008e-01 4.445470000000000255e-01 8.957279999999999687e-01 -6.986000000000000022e-03 8.957549999999999679e-01 -4.445419999999999927e-01 2.341999999999999898e-03
1.800000000000000000e+01 2.500000000000000000e+01 8.000000000000000000e+00 0.000000000000000000e+00 1.600000000000000089e+00 -1.603999999999999957e-03 -5.899999999999999863e-03 -9.999810000000000088e-01 4.471700000000000119e-01 8.944290000000000296e-01 -5.995000000000000329e-03 8.944469999999999921e-01 -4.471720000000000139e-01 1.203999999999999992e-03
2.100000000000000000e+01 2.500000000000000000e+01 8.000000000000000000e+00 0.000000000000000000e+00 1.600000000000000089e+00 -3.350000000000000113e-03 -4.682000000000000398e-03 -9.999829999999999552e-01 4.487349999999999950e-01 8.936469999999999692e-01 -5.688000000000000347e-03 8.936579999999999524e-01 -4.487470000000000070e-01 -8.930000000000000221e-04
1.000000000000000000e+00 2.400000000000000000e+01 9.000000000000000000e+00 0.000000000000000000e+00 1.600000000000000089e+00 -3.769000000000000215e-03 -3.971999999999999836e-03 -9.999850000000000128e-01 4.487800000000000122e-01 8.936269999999999492e-01 -5.240999999999999999e-03 8.936349999999999572e-01 -4.487929999999999975e-01 -1.585999999999999953e-03
5.000000000000000000e+00 2.400000000000000000e+01 9.000000000000000000e+00 0.000000000000000000e+00 1.600000000000000089e+00 -5.720000000000000258e-04 -3.601000000000000034e-03 -9.999930000000000208e-01 4.495009999999999839e-01 8.932729999999999837e-01 -3.474000000000000091e-03 8.932790000000000452e-01 -4.495000000000000107e-01 1.108000000000000044e-03
1.100000000000000000e+01 2.400000000000000000e+01 9.000000000000000000e+00 0.000000000000000000e+00 1.600000000000000089e+00 -1.345000000000000058e-03 -1.387999999999999911e-03 -9.999980000000000535e-01 4.471189999999999887e-01 8.944720000000000448e-01 -1.843000000000000020e-03 8.944729999999999626e-01 -4.471209999999999907e-01 -5.829999999999999679e-04
1.500000000000000000e+01 2.400000000000000000e+01 9.000000000000000000e+00 0.000000000000000000e+00 1.600000000000000089e+00 -9.870000000000000301e-04 -6.320000000000000097e-03 -9.999799999999999800e-01 4.480999999999999983e-01 8.939629999999999521e-01 -6.092000000000000193e-03 8.939829999999999721e-01 -4.480970000000000231e-01 1.949999999999999910e-03
2.200000000000000000e+01 2.400000000000000000e+01 9.000000000000000000e+00 0.000000000000000000e+00 1.600000000000000089e+00 -3.069999999999999812e-03 -1.755000000000000050e-03 -9.999940000000000495e-01 4.510199999999999765e-01 8.925089999999999968e-01 -2.951000000000000064e-03 8.925079999999999680e-01 -4.510259999999999825e-01 -1.948999999999999995e-03
2.600000000000000000e+01 2.400000000000000000e+01 9.000000000000000000e+00 0.000000000000000000e+00 1.600000000000000089e+00 -1.840000000000000056e-03 -5.713000000000000196e-03 -9.999820000000000375e-01 4.518280000000000074e-01 8.920850000000000168e-01 -5.928000000000000110e-03 8.921029999999999793e-01 -4.518309999999999826e-01 9.399999999999999719e-04
2.900000000000000000e+01 2.400000000000000000e+01 9.000000000000000000e+00 0.000000000000000000e+00 1.600000000000000089e+00 -8.819999999999999715e-04 -2.230000000000000211e-03 -9.999970000000000248e-01 4.520399999999999974e-01 8.919939999999999536e-01 -2.387999999999999932e-03 8.919970000000000399e-01 -4.520410000000000261e-01 2.210000000000000050e-04
2.300000000000000000e+01 3.200000000000000000e+01 1.400000000000000000e+01 0.000000000000000000e+00 1.600000000000000089e+00 3.519999999999999908e-04 6.719999999999999628e-04 -1.000000000000000000e+00 1.064240000000000047e-01 9.943210000000000104e-01 7.060000000000000303e-04 9.943210000000000104e-01 -1.064240000000000047e-01 2.790000000000000054e-04
2.600000000000000000e+01 1.100000000000000000e+01 1.600000000000000000e+01 0.000000000000000000e+00 1.600000000000000089e+00 6.409999999999999682e-04 3.170000000000000075e-04 -1.000000000000000000e+00 -4.160920000000000174e-01 -9.093219999999999636e-01 -5.550000000000000462e-04 -9.093219999999999636e-01 4.160920000000000174e-01 -4.510000000000000120e-04
2.000000000000000000e+00 1.160000000000000000e+02 1.600000000000000000e+01 0.000000000000000000e+00 1.600000000000000089e+00 -1.245000000000000013e-03 1.871000000000000050e-03 9.999970000000000248e-01 6.855259999999999687e-01 7.280480000000000285e-01 -5.090000000000000123e-04 -7.280469999999999997e-01 6.855229999999999935e-01 -2.190000000000000106e-03
8.000000000000000000e+00 1.160000000000000000e+02 1.600000000000000000e+01 0.000000000000000000e+00 1.600000000000000089e+00 4.539999999999999765e-04 -1.330999999999999935e-03 9.999989999999999712e-01 6.880039999999999489e-01 7.257069999999999910e-01 6.539999999999999590e-04 -7.257069999999999910e-01 6.880030000000000312e-01 1.245000000000000013e-03
1.900000000000000000e+01 1.160000000000000000e+02 1.600000000000000000e+01 0.000000000000000000e+00 1.600000000000000089e+00 2.026000000000000023e-03 9.619999999999999645e-04 9.999970000000000248e-01 6.791369999999999907e-01 7.340090000000000225e-01 -2.082000000000000083e-03 -7.340090000000000225e-01 6.791390000000000482e-01 8.339999999999999974e-04
2.400000000000000000e+01 1.160000000000000000e+02 1.600000000000000000e+01 0.000000000000000000e+00 1.600000000000000089e+00 -2.239999999999999966e-04 1.672000000000000092e-03 9.999989999999999712e-01 6.955400000000000471e-01 7.184859999999999580e-01 -1.044999999999999922e-03 -7.184869999999999868e-01 6.955390000000000184e-01 -1.324000000000000090e-03
2.900000000000000000e+01 1.160000000000000000e+02 1.600000000000000000e+01 0.000000000000000000e+00 1.600000000000000089e+00 -4.939999999999999730e-04 -6.013000000000000116e-03 9.999820000000000375e-01 6.833369999999999722e-01 7.300879999999999592e-01 4.728000000000000431e-03 -7.301029999999999465e-01 6.833270000000000177e-01 3.749000000000000162e-03
1.000000000000000000e+00 2.000000000000000000e+00 1.900000000000000000e+01 0.000000000000000000e+00 1.600000000000000089e+00 1.503999999999999912e-03 -1.918999999999999916e-03 -9.999970000000000248e-01 1.951440000000000119e-01 -9.807719999999999771e-01 2.175999999999999983e-03 -9.807730000000000059e-01 -1.951469999999999871e-01 -1.100000000000000066e-03
4.000000000000000000e+00 2.000000000000000000e+00 1.900000000000000000e+01 0.000000000000000000e+00 1.600000000000000089e+00 -5.590000000000000351e-04 -1.840999999999999972e-03 -9.999980000000000535e-01 1.947079999999999922e-01 -9.808599999999999541e-01 1.696999999999999941e-03 -9.808609999999999829e-01 -1.947059999999999902e-01 9.070000000000000371e-04
7.000000000000000000e+00 2.000000000000000000e+00 1.900000000000000000e+01 0.000000000000000000e+00 1.600000000000000089e+00 -2.465000000000000177e-03 -2.435999999999999797e-03 -9.999940000000000495e-01 1.967810000000000115e-01 -9.804460000000000397e-01 1.902999999999999961e-03 -9.804439999999999822e-01 -1.967760000000000065e-01 2.896000000000000137e-03
1.200000000000000000e+01 2.000000000000000000e+00 1.900000000000000000e+01 0.000000000000000000e+00 1.600000000000000089e+00 -1.557999999999999923e-03 5.263000000000000317e-03 -9.999850000000000128e-01 1.979960000000000053e-01 -9.801870000000000305e-01 -5.466999999999999638e-03 -9.802009999999999890e-01 -1.980020000000000113e-01 4.850000000000000253e-04
1.600000000000000000e+01 2.000000000000000000e+00 1.900000000000000000e+01 0.000000000000000000e+00 1.600000000000000089e+00 -3.941000000000000059e-03 6.295000000000000248e-03 -9.999719999999999720e-01 1.980959999999999943e-01 -9.801579999999999737e-01 -6.950999999999999714e-03 -9.801750000000000185e-01 -1.981179999999999886e-01 2.615000000000000137e-03
1.900000000000000000e+01 2.000000000000000000e+00 1.900000000000000000e+01 0.000000000000000000e+00 1.600000000000000089e+00 -2.295000000000000165e-03 7.709999999999999840e-04 -9.999970000000000248e-01 1.966189999999999882e-01 -9.804789999999999894e-01 -1.206999999999999957e-03 -9.804770000000000429e-01 -1.966209999999999902e-01 2.099000000000000171e-03
2.500000000000000000e+01 2.000000000000000000e+00 1.900000000000000000e+01 0.000000000000000000e+00 1.600000000000000089e+00 2.169999999999999891e-04 -5.120000000000000419e-03 -9.999869999999999592e-01 1.930139999999999911e-01 -9.811830000000000274e-01 5.066000000000000190e-03 -9.811959999999999571e-01 -1.930129999999999901e-01 7.759999999999999971e-04
8.000000000000000000e+00 4.000000000000000000e+00 2.000000000000000000e+01 0.000000000000000000e+00 1.600000000000000089e+00 -1.069000000000000072e-03 -2.122000000000000188e-03 -9.999970000000000248e-01 2.916560000000000263e-01 -9.565219999999999834e-01 1.717999999999999909e-03 -9.565230000000000121e-01 -2.916529999999999956e-01 1.642000000000000013e-03
1.900000000000000000e+01 4.000000000000000000e+00 2.000000000000000000e+01 0.000000000000000000e+00 1.600000000000000089e+00 -4.335999999999999577e-03 -1.994999999999999812e-03 -9.999890000000000168e-01 2.908359999999999834e-01 -9.567729999999999846e-01 6.470000000000000057e-04 -9.567630000000000301e-01 -2.908299999999999774e-01 4.728999999999999697e-03
2.200000000000000000e+01 4.000000000000000000e+00 2.000000000000000000e+01 0.000000000000000000e+00 1.600000000000000089e+00 -4.550000000000000008e-04 -3.318000000000000203e-03 -9.999940000000000495e-01 2.881150000000000100e-01 -9.575909999999999700e-01 3.046000000000000096e-03 -9.575960000000000027e-01 -2.881119999999999792e-01 1.392000000000000008e-03
2.800000000000000000e+01 4.000000000000000000e+00 2.000000000000000000e+01 0.000000000000000000e+00 1.600000000000000089e+00 -6.599999999999999964e-04 -3.317000000000000070e-03 -9.999940000000000495e-01 2.907179999999999764e-01 -9.568039999999999878e-01 2.981999999999999842e-03 -9.568090000000000206e-01 -2.907139999999999724e-01 1.595999999999999979e-03
4.000000000000000000e+00 1.300000000000000000e+01 2.000000000000000000e+01 0.000000000000000000e+00 1.600000000000000089e+00 -2.130000000000000003e-04 7.699999999999999597e-04 1.000000000000000000e+00 2.528619999999999757e-01 9.675019999999999731e-01 -6.920000000000000153e-04 -9.675019999999999731e-01 2.528619999999999757e-01 -4.009999999999999893e-04
1.100000000000000000e+01 1.300000000000000000e+01 2.000000000000000000e+01 0.000000000000000000e+00 1.600000000000000089e+00 -7.320000000000000118e-04 -5.509999999999999490e-04 1.000000000000000000e+00 2.540799999999999725e-01 9.671830000000000149e-01 7.190000000000000210e-04 -9.671830000000000149e-01 2.540799999999999725e-01 -5.680000000000000370e-04
1.600000000000000000e+01 1.300000000000000000e+01 2.000000000000000000e+01 0.000000000000000000e+00 1.600000000000000089e+00 -2.484999999999999796e-03 -6.591999999999999769e-03 9.999749999999999472e-01 2.566499999999999893e-01 9.664789999999999770e-01 7.008999999999999606e-03 -9.665010000000000545e-01 2.566609999999999725e-01 -7.100000000000000191e-04
2.100000000000000000e+01 1.300000000000000000e+01 2.000000000000000000e+01 0.000000000000000000e+00 1.600000000000000089e+00 -1.129999999999999955e-04 -6.089999999999999494e-04 1.000000000000000000e+00 2.568989999999999885e-01 9.664380000000000193e-01 6.179999999999999513e-04 -9.664380000000000193e-01 2.568989999999999885e-01 4.699999999999999724e-05
2.300000000000000000e+01 1.300000000000000000e+01 2.000000000000000000e+01 0.000000000000000000e+00 1.600000000000000089e+00 4.339999999999999782e-04 1.010000000000000020e-04 1.000000000000000000e+00 2.562329999999999885e-01 9.666150000000000020e-01 -2.079999999999999872e-04 -9.666150000000000020e-01 2.562329999999999885e-01 3.939999999999999817e-04
2.800000000000000000e+01 1.300000000000000000e+01 2.000000000000000000e+01 0.000000000000000000e+00 1.600000000000000089e+00 1.910000000000000022e-03 2.223999999999999849e-03 9.999959999999999960e-01 2.551499999999999879e-01 9.668980000000000352e-01 -2.638000000000000154e-03 -9.668999999999999817e-01 2.551539999999999919e-01 1.280000000000000105e-03
3.000000000000000000e+00 1.600000000000000000e+01 2.100000000000000000e+01 0.000000000000000000e+00 1.600000000000000089e+00 -4.879999999999999898e-04 4.802999999999999978e-03 9.999879999999999880e-01 2.970590000000000175e-01 9.548489999999999478e-01 -4.440999999999999635e-03 -9.548590000000000133e-01 2.970530000000000115e-01 -1.892999999999999934e-03
8.000000000000000000e+00 1.600000000000000000e+01 2.100000000000000000e+01 0.000000000000000000e+00 1.600000000000000089e+00 4.670000000000000214e-04 5.845000000000000369e-03 9.999829999999999552e-01 2.969069999999999765e-01 9.548889999999999878e-01 -5.720000000000000258e-03 -9.549060000000000326e-01 2.969049999999999745e-01 -1.289999999999999914e-03
1.100000000000000000e+01 1.600000000000000000e+01 2.100000000000000000e+01 0.000000000000000000e+00 1.600000000000000089e+00 -4.949999999999999973e-04 -7.730000000000000326e-04 1.000000000000000000e+00 2.967839999999999923e-01 9.549440000000000150e-01 8.850000000000000444e-04 -9.549440000000000150e-01 2.967850000000000210e-01 -2.429999999999999977e-04
1.600000000000000000e+01 1.600000000000000000e+01 2.100000000000000000e+01 0.000000000000000000e+00 1.600000000000000089e+00 -2.070999999999999924e-03 -6.773000000000000374e-03 9.999749999999999472e-01 2.986289999999999778e-01 9.543430000000000524e-01 7.082999999999999886e-03 -9.543669999999999654e-01 2.986360000000000126e-01 4.699999999999999724e-05
2.800000000000000000e+01 1.600000000000000000e+01 2.100000000000000000e+01 0.000000000000000000e+00 1.600000000000000089e+00 1.203999999999999992e-03 2.928000000000000047e-03 9.999949999999999672e-01 2.991619999999999835e-01 9.541969999999999619e-01 -3.154000000000000119e-03 -9.542019999999999946e-01 2.991650000000000142e-01 2.730000000000000222e-04
6.000000000000000000e+00 3.000000000000000000e+00 2.500000000000000000e+01 0.000000000000000000e+00 1.600000000000000089e+00 -1.039999999999999909e-03 4.659999999999999971e-04 9.999989999999999712e-01 -5.691700000000000231e-02 -9.983790000000000164e-01 4.060000000000000024e-04 9.983779999999999877e-01 -5.691600000000000131e-02 1.064999999999999974e-03
1.500000000000000000e+01 3.000000000000000000e+00 2.500000000000000000e+01 0.000000000000000000e+00 1.600000000000000089e+00 5.866999999999999819e-03 6.708000000000000421e-03 9.999599999999999600e-01 -5.480499999999999955e-02 -9.984720000000000262e-01 7.020000000000000198e-03 9.984800000000000342e-01 -5.484399999999999692e-02 -5.490000000000000088e-03
2.000000000000000000e+01 3.000000000000000000e+00 2.500000000000000000e+01 0.000000000000000000e+00 1.600000000000000089e+00 2.092000000000000109e-03 -4.029999999999999728e-03 9.999900000000000455e-01 -5.534700000000000036e-02 -9.984600000000000142e-01 -3.909000000000000148e-03 9.984650000000000469e-01 -5.533799999999999830e-02 -2.311999999999999819e-03
8.000000000000000000e+00 4.600000000000000000e+01 2.700000000000000000e+01 0.000000000000000000e+00 1.600000000000000089e+00 -1.520000000000000084e-03 3.499999999999999964e-04 -9.999989999999999712e-01 6.426570000000000338e-01 7.661540000000000017e-01 -7.089999999999999948e-04 7.661529999999999729e-01 -6.426570000000000338e-01 -1.389999999999999960e-03
1.400000000000000000e+01 4.600000000000000000e+01 2.700000000000000000e+01 0.000000000000000000e+00 1.600000000000000089e+00 1.132999999999999893e-03 -2.079999999999999872e-04 -9.999989999999999712e-01 6.442400000000000349e-01 7.648230000000000306e-01 5.699999999999999772e-04 7.648230000000000306e-01 -6.442400000000000349e-01 1.000000000000000021e-03
1.700000000000000000e+01 4.600000000000000000e+01 2.700000000000000000e+01 0.000000000000000000e+00 1.600000000000000089e+00 3.187999999999999862e-03 -5.969999999999999829e-04 -9.999949999999999672e-01 6.457720000000000127e-01 7.635290000000000132e-01 1.603000000000000041e-03 7.635239999999999805e-01 -6.457730000000000414e-01 2.818999999999999891e-03
2.700000000000000000e+01 4.600000000000000000e+01 2.700000000000000000e+01 0.000000000000000000e+00 1.600000000000000089e+00 -1.090000000000000040e-03 2.295000000000000165e-03 -9.999970000000000248e-01 6.534769999999999746e-01 7.569460000000000077e-01 1.025000000000000086e-03 7.569460000000000077e-01 -6.534739999999999993e-01 -2.324999999999999810e-03
2.000000000000000000e+01 4.600000000000000000e+01 3.000000000000000000e+01 0.000000000000000000e+00 1.600000000000000089e+00 1.539999999999999919e-03 1.853999999999999962e-03 -9.999970000000000248e-01 3.261560000000000015e-01 9.453129999999999589e-01 2.255000000000000060e-03 9.453150000000000164e-01 -3.261589999999999767e-01 8.509999999999999769e-04
3.000000000000000000e+00 5.800000000000000000e+01 3.100000000000000000e+01 0.000000000000000000e+00 1.600000000000000089e+00 -3.784000000000000037e-03 -7.032000000000000056e-03 9.999679999999999680e-01 -7.987279999999999935e-01 -6.016479999999999606e-01 -7.252999999999999899e-03 6.016799999999999926e-01 -7.987300000000000511e-01 -3.340000000000000087e-03
1.000000000000000000e+01 5.800000000000000000e+01 3.100000000000000000e+01 0.000000000000000000e+00 1.600000000000000089e+00 -3.710000000000000190e-04 -2.001999999999999873e-03 9.999980000000000535e-01 -8.017239999999999922e-01 -5.976930000000000298e-01 -1.494000000000000102e-03 5.976939999999999475e-01 -8.017229999999999634e-01 -1.382999999999999898e-03
2.300000000000000000e+01 5.800000000000000000e+01 3.100000000000000000e+01 0.000000000000000000e+00 1.600000000000000089e+00 -7.649999999999999465e-04 -1.981000000000000122e-03 9.999980000000000535e-01 -8.028290000000000148e-01 -5.962070000000000425e-01 -1.794999999999999938e-03 5.962089999999999890e-01 -8.028279999999999861e-01 -1.134000000000000025e-03
2.800000000000000000e+01 5.800000000000000000e+01 3.100000000000000000e+01 0.000000000000000000e+00 1.600000000000000089e+00 -7.839999999999999747e-04 -5.792000000000000273e-03 9.999829999999999552e-01 -8.001139999999999919e-01 -5.998339999999999783e-01 -4.101999999999999744e-03 5.998480000000000478e-01 -8.001030000000000086e-01 -4.165000000000000299e-03
1.800000000000000000e+01 6.000000000000000000e+00 3.200000000000000000e+01 0.000000000000000000e+00 1.600000000000000089e+00 3.549000000000000071e-03 2.870999999999999854e-03 -9.999900000000000455e-01 9.382200000000000262e-02 9.955840000000000245e-01 3.190999999999999826e-03 9.955829999999999957e-01 -9.383299999999999974e-02 3.263999999999999974e-03
4.000000000000000000e+00 4.600000000000000000e+01 3.500000000000000000e+01 0.000000000000000000e+00 1.600000000000000089e+00 -7.050000000000000060e-04 -1.115000000000000106e-03 -9.999989999999999712e-01 3.853909999999999836e-01 -9.227530000000000454e-01 7.579999999999999932e-04 -9.227530000000000454e-01 -3.853900000000000103e-01 1.080000000000000014e-03
1.000000000000000000e+01 4.600000000000000000e+01 3.500000000000000000e+01 0.000000000000000000e+00 1.600000000000000089e+00 3.570000000000000040e-04 1.755999999999999965e-03 -9.999980000000000535e-01 3.848070000000000102e-01 -9.229960000000000386e-01 -1.484000000000000076e-03 -9.229969999999999564e-01 -3.848059999999999814e-01 -1.005000000000000034e-03
1.500000000000000000e+01 4.600000000000000000e+01 3.500000000000000000e+01 0.000000000000000000e+00 1.600000000000000089e+00 -1.320000000000000101e-04 3.286999999999999991e-03 -9.999949999999999672e-01 3.856200000000000183e-01 -9.226529999999999454e-01 -3.083999999999999936e-03 -9.226579999999999782e-01 -3.856180000000000163e-01 -1.146000000000000100e-03
2.100000000000000000e+01 4.600000000000000000e+01 3.500000000000000000e+01 0.000000000000000000e+00 1.600000000000000089e+00 2.979999999999999793e-04 -1.827000000000000065e-03 -9.999980000000000535e-01 3.849890000000000256e-01 -9.229190000000000449e-01 1.799999999999999951e-03 -9.229209999999999914e-01 -3.849890000000000256e-01 4.290000000000000193e-04
2.600000000000000000e+01 4.600000000000000000e+01 3.500000000000000000e+01 0.000000000000000000e+00 1.600000000000000089e+00 9.100000000000000016e-04 -9.500000000000000523e-05 -1.000000000000000000e+00 3.846040000000000014e-01 -9.230819999999999581e-01 4.369999999999999970e-04 -9.230810000000000404e-01 -3.846040000000000014e-01 -8.030000000000000028e-04
1.100000000000000000e+01 9.500000000000000000e+01 3.600000000000000000e+01 0.000000000000000000e+00 1.600000000000000089e+00 1.379999999999999933e-03 3.020000000000000115e-03 9.999940000000000495e-01 9.982670000000000154e-01 5.882099999999999829e-02 -1.554999999999999959e-03 -5.882500000000000229e-02 9.982640000000000402e-01 -2.933999999999999976e-03
1.600000000000000000e+01 9.500000000000000000e+01 3.600000000000000000e+01 0.000000000000000000e+00 1.600000000000000089e+00 8.071000000000000049e-03 9.339999999999999344e-03 9.999240000000000350e-01 9.976110000000000255e-01 6.852900000000000658e-02 -8.692999999999999339e-03 -6.860499999999999932e-02 9.976049999999999640e-01 -8.763999999999999221e-03
2.000000000000000000e+01 9.500000000000000000e+01 3.600000000000000000e+01 0.000000000000000000e+00 1.600000000000000089e+00 7.962000000000000327e-03 1.105300000000000032e-02 9.999069999999999903e-01 9.975730000000000430e-01 6.908699999999999564e-02 -8.706999999999999462e-03 -6.917700000000000238e-02 9.975490000000000190e-01 -1.047599999999999920e-02
2.800000000000000000e+01 9.500000000000000000e+01 3.600000000000000000e+01 0.000000000000000000e+00 1.600000000000000089e+00 -6.700000000000000226e-04 4.713000000000000175e-03 9.999890000000000168e-01 9.966450000000000031e-01 8.183999999999999608e-02 2.820000000000000241e-04 -8.183699999999999308e-02 9.966340000000000199e-01 -4.752000000000000147e-03
5.000000000000000000e+00 3.000000000000000000e+00 4.300000000000000000e+01 0.000000000000000000e+00 1.600000000000000089e+00 -8.099999999999999561e-04 -8.933999999999999234e-03 -9.999599999999999600e-01 7.412119999999999820e-01 -6.712489999999999846e-01 5.396999999999999888e-03 -6.712700000000000333e-01 -7.411780000000000035e-01 7.165999999999999627e-03
1.200000000000000000e+01 3.000000000000000000e+00 4.300000000000000000e+01 0.000000000000000000e+00 1.600000000000000089e+00 2.043999999999999810e-03 -2.345999999999999995e-03 -9.999949999999999672e-01 7.380320000000000213e-01 -6.747579999999999689e-01 3.092000000000000130e-03 -6.747619999999999729e-01 -7.380349999999999966e-01 3.519999999999999908e-04
1.900000000000000000e+01 3.000000000000000000e+00 4.300000000000000000e+01 0.000000000000000000e+00 1.600000000000000089e+00 -4.429999999999999802e-04 2.339700000000000113e-02 -9.997260000000000035e-01 7.396540000000000337e-01 -6.727950000000000319e-01 -1.607300000000000048e-02 -6.729870000000000019e-01 -7.394589999999999774e-01 -1.700799999999999881e-02
2.600000000000000000e+01 3.000000000000000000e+00 4.300000000000000000e+01 0.000000000000000000e+00 1.600000000000000089e+00 2.076999999999999853e-03 4.931999999999999752e-03 -9.999860000000000415e-01 7.369959999999999845e-01 -6.758939999999999948e-01 -1.802999999999999915e-03 -6.758929999999999660e-01 -7.369820000000000260e-01 -5.039000000000000076e-03
8.000000000000000000e+00 8.000000000000000000e+00 4.400000000000000000e+01 0.000000000000000000e+00 1.600000000000000089e+00 -3.240000000000000150e-04 -6.219999999999999835e-03 9.999810000000000088e-01 -7.830819999999999448e-01 -6.219050000000000411e-01 -4.121999999999999796e-03 6.219189999999999996e-01 -7.830679999999999863e-01 -4.669999999999999672e-03
1.200000000000000000e+01 8.000000000000000000e+00 4.400000000000000000e+01 0.000000000000000000e+00 1.600000000000000089e+00 -9.110000000000000259e-04 4.575000000000000074e-03 9.999890000000000168e-01 -7.828720000000000123e-01 -6.221790000000000376e-01 2.132999999999999913e-03 6.221820000000000128e-01 -7.828610000000000291e-01 4.148999999999999910e-03
2.200000000000000000e+01 8.000000000000000000e+00 4.400000000000000000e+01 0.000000000000000000e+00 1.600000000000000089e+00 1.340000000000000045e-03 2.892000000000000039e-03 9.999949999999999672e-01 -7.852510000000000323e-01 -6.191710000000000269e-01 2.843000000000000041e-03 6.191759999999999486e-01 -7.852510000000000323e-01 1.441999999999999922e-03
7.000000000000000000e+00 2.900000000000000000e+01 4.400000000000000000e+01 0.000000000000000000e+00 1.600000000000000089e+00 2.194000000000000204e-03 -4.159000000000000370e-03 -9.999890000000000168e-01 6.706569999999999476e-01 7.417660000000000364e-01 -1.613999999999999983e-03 7.417639999999999789e-01 -6.706459999999999644e-01 4.416999999999999919e-03
1.200000000000000000e+01 2.900000000000000000e+01 4.400000000000000000e+01 0.000000000000000000e+00 1.600000000000000089e+00 1.438000000000000042e-03 -3.465000000000000198e-03 -9.999930000000000208e-01 6.772099999999999786e-01 7.357879999999999976e-01 -1.575000000000000011e-03 7.357879999999999976e-01 -6.772029999999999994e-01 3.403999999999999908e-03
2.000000000000000000e+01 2.900000000000000000e+01 4.400000000000000000e+01 0.000000000000000000e+00 1.600000000000000089e+00 1.974000000000000060e-03 -5.659999999999999884e-04 -9.999980000000000535e-01 6.843900000000000539e-01 7.291149999999999576e-01 9.389999999999999476e-04 7.291130000000000111e-01 -6.843909999999999716e-01 1.827000000000000065e-03
2.400000000000000000e+01 2.900000000000000000e+01 4.400000000000000000e+01 0.000000000000000000e+00 1.600000000000000089e+00 1.337999999999999997e-03 -1.526999999999999929e-03 -9.999980000000000535e-01 6.870479999999999920e-01 7.266120000000000356e-01 -1.900000000000000105e-04 7.266110000000000069e-01 -6.870460000000000456e-01 2.020999999999999793e-03
2.800000000000000000e+01 2.900000000000000000e+01 4.400000000000000000e+01 0.000000000000000000e+00 1.600000000000000089e+00 -3.460000000000000076e-04 -8.800000000000000313e-04 -1.000000000000000000e+00 6.854449999999999710e-01 7.281239999999999934e-01 -8.779999999999999827e-04 7.281250000000000222e-01 -6.854449999999999710e-01 3.510000000000000208e-04
9.000000000000000000e+00 5.000000000000000000e+00 5.100000000000000000e+01 0.000000000000000000e+00 1.600000000000000089e+00 -2.334000000000000137e-03 1.693999999999999976e-03 -9.999959999999999960e-01 4.906130000000000213e-01 -8.713729999999999531e-01 -2.621000000000000066e-03 -8.713739999999999819e-01 -4.906179999999999986e-01 1.203000000000000076e-03
1.200000000000000000e+01 5.000000000000000000e+00 5.100000000000000000e+01 0.000000000000000000e+00 1.600000000000000089e+00 -2.624000000000000030e-03 3.284000000000000027e-03 -9.999909999999999632e-01 4.920220000000000149e-01 -8.705730000000000413e-01 -4.150000000000000043e-03 -8.705789999999999917e-01 -4.920280000000000209e-01 6.679999999999999740e-04
1.400000000000000000e+01 6.000000000000000000e+00 5.100000000000000000e+01 0.000000000000000000e+00 1.600000000000000089e+00 -2.719999999999999979e-04 1.379999999999999933e-03 -9.999989999999999712e-01 3.276189999999999936e-01 -9.448090000000000099e-01 -1.392999999999999924e-03 -9.448100000000000387e-01 -3.276189999999999936e-01 -1.949999999999999965e-04
1.000000000000000000e+01 7.000000000000000000e+00 5.200000000000000000e+01 0.000000000000000000e+00 1.600000000000000089e+00 -8.549999999999999658e-04 4.739000000000000157e-03 -9.999879999999999880e-01 1.094310000000000005e-01 -9.939829999999999499e-01 -4.805000000000000243e-03 -9.939940000000000442e-01 -1.094340000000000035e-01 3.319999999999999926e-04
2.000000000000000000e+00 6.300000000000000000e+01 5.400000000000000000e+01 0.000000000000000000e+00 1.600000000000000089e+00 -2.779999999999999811e-04 4.453999999999999626e-03 9.999900000000000455e-01 -3.504160000000000053e-01 9.365839999999999721e-01 -4.269000000000000225e-03 -9.365940000000000376e-01 -3.504140000000000033e-01 1.301000000000000073e-03
5.000000000000000000e+00 6.300000000000000000e+01 5.400000000000000000e+01 0.000000000000000000e+00 1.600000000000000089e+00 -2.039999999999999984e-04 2.942999999999999870e-03 9.999959999999999960e-01 -3.501920000000000033e-01 9.366740000000000066e-01 -2.827999999999999785e-03 -9.366780000000000106e-01 -3.501909999999999745e-01 8.390000000000000105e-04
1.000000000000000000e+01 6.300000000000000000e+01 5.400000000000000000e+01 0.000000000000000000e+00 1.600000000000000089e+00 -3.899999999999999929e-04 -4.539999999999999765e-04 1.000000000000000000e+00 -3.584260000000000224e-01 9.335579999999999989e-01 2.840000000000000185e-04 -9.335579999999999989e-01 -3.584260000000000224e-01 -5.270000000000000162e-04
1.500000000000000000e+01 6.300000000000000000e+01 5.400000000000000000e+01 0.000000000000000000e+00 1.600000000000000089e+00 6.800000000000000488e-04 -1.453000000000000081e-03 9.999989999999999712e-01 -3.525079999999999880e-01 9.358070000000000555e-01 1.598999999999999944e-03 -9.358090000000000019e-01 -3.525090000000000168e-01 1.250000000000000026e-04
2.400000000000000000e+01 6.300000000000000000e+01 5.400000000000000000e+01 0.000000000000000000e+00 1.600000000000000089e+00 1.150000000000000035e-04 -3.105999999999999820e-03 9.999949999999999672e-01 -3.505289999999999795e-01 9.365470000000000184e-01 2.948999999999999799e-03 -9.365520000000000511e-01 -3.505280000000000062e-01 -9.810000000000001011e-04
3.000000000000000000e+00 2.500000000000000000e+01 5.500000000000000000e+01 0.000000000000000000e+00 1.600000000000000089e+00 1.518000000000000035e-03 -3.863000000000000114e-03 -9.999909999999999632e-01 -1.327000000000000055e-02 -9.999050000000000438e-01 3.843000000000000062e-03 -9.999109999999999943e-01 1.326399999999999975e-02 -1.569000000000000082e-03
1.800000000000000000e+01 2.500000000000000000e+01 5.500000000000000000e+01 0.000000000000000000e+00 1.600000000000000089e+00 9.810000000000001011e-04 -1.350000000000000071e-03 -9.999989999999999712e-01 -1.351600000000000024e-02 -9.999080000000000190e-01 1.337000000000000081e-03 -9.999080000000000190e-01 1.351499999999999924e-02 -1.000000000000000021e-03
2.700000000000000000e+01 2.500000000000000000e+01 5.500000000000000000e+01 0.000000000000000000e+00 1.600000000000000089e+00 2.149999999999999947e-04 6.949999999999999798e-04 -1.000000000000000000e+00 -1.493899999999999915e-02 -9.998879999999999990e-01 -6.980000000000000527e-04 -9.998879999999999990e-01 1.494000000000000015e-02 -2.049999999999999956e-04
8.000000000000000000e+00 6.800000000000000000e+01 5.700000000000000000e+01 0.000000000000000000e+00 1.600000000000000089e+00 -1.730000000000000038e-04 -8.574999999999999289e-03 -9.999630000000000463e-01 -2.456289999999999862e-01 -9.693279999999999674e-01 8.354999999999999580e-03 -9.693640000000000034e-01 2.456210000000000060e-01 -1.938999999999999968e-03
2.100000000000000000e+01 6.800000000000000000e+01 5.700000000000000000e+01 0.000000000000000000e+00 1.600000000000000089e+00 -2.005999999999999971e-03 6.595000000000000168e-03 -9.999759999999999760e-01 -2.455120000000000080e-01 -9.693760000000000154e-01 -5.900999999999999995e-03 -9.693920000000000314e-01 2.454939999999999900e-01 3.563999999999999894e-03
2.600000000000000000e+01 6.800000000000000000e+01 5.700000000000000000e+01 0.000000000000000000e+00 1.600000000000000089e+00 -3.789999999999999966e-04 -1.299999999999999940e-03 -9.999989999999999712e-01 -2.443589999999999929e-01 -9.696839999999999904e-01 1.353000000000000036e-03 -9.696850000000000191e-01 2.443589999999999929e-01 5.000000000000000240e-05
6.000000000000000000e+00 2.100000000000000000e+01 6.000000000000000000e+01 0.000000000000000000e+00 1.600000000000000089e+00 2.628999999999999827e-03 3.634000000000000077e-03 9.999900000000000455e-01 -9.113100000000000367e-02 9.958329999999999682e-01 -3.379000000000000059e-03 -9.958350000000000257e-01 -9.112199999999999467e-02 2.949999999999999931e-03
1.500000000000000000e+01 2.100000000000000000e+01 6.000000000000000000e+01 0.000000000000000000e+00 1.600000000000000089e+00 7.619999999999999820e-04 -2.818999999999999891e-03 9.999959999999999960e-01 -9.009499999999999453e-02 9.959289999999999532e-01 2.876000000000000084e-03 -9.959329999999999572e-01 -9.009699999999999653e-02 5.050000000000000235e-04
3.000000000000000000e+01 2.100000000000000000e+01 6.000000000000000000e+01 0.000000000000000000e+00 1.600000000000000089e+00 7.209999999999999612e-04 3.030000000000000141e-03 9.999949999999999672e-01 -9.262800000000000200e-02 9.956960000000000255e-01 -2.949999999999999931e-03 -9.957000000000000295e-01 -9.262600000000000000e-02 9.990000000000001049e-04
1.000000000000000000e+01 3.000000000000000000e+00 6.300000000000000000e+01 0.000000000000000000e+00 1.600000000000000089e+00 1.327999999999999970e-03 -2.416999999999999878e-03 9.999959999999999960e-01 -6.147350000000000314e-01 7.887290000000000134e-01 2.723000000000000160e-03 -7.887319999999999887e-01 -6.147359999999999491e-01 -4.389999999999999914e-04
6.000000000000000000e+00 2.700000000000000000e+01 6.300000000000000000e+01 0.000000000000000000e+00 1.600000000000000089e+00 -1.330000000000000073e-04 4.473000000000000413e-03 9.999900000000000455e-01 -2.696319999999999828e-01 9.629539999999999766e-01 -4.343999999999999771e-03 -9.629640000000000422e-01 -2.696299999999999808e-01 1.077999999999999965e-03
1.100000000000000000e+01 2.700000000000000000e+01 6.300000000000000000e+01 0.000000000000000000e+00 1.600000000000000089e+00 2.592999999999999819e-03 6.710999999999999951e-03 9.999740000000000295e-01 -2.753329999999999944e-01 9.613319999999999643e-01 -5.738000000000000045e-03 -9.613450000000000051e-01 -2.753109999999999724e-01 4.341000000000000240e-03
1.700000000000000000e+01 2.700000000000000000e+01 6.300000000000000000e+01 0.000000000000000000e+00 1.600000000000000089e+00 1.310000000000000129e-04 -1.789000000000000009e-03 9.999980000000000535e-01 -2.788789999999999880e-01 9.603249999999999842e-01 1.753999999999999917e-03 -9.603260000000000129e-01 -2.788789999999999880e-01 -3.730000000000000134e-04
2.300000000000000000e+01 2.700000000000000000e+01 6.300000000000000000e+01 0.000000000000000000e+00 1.600000000000000089e+00 -1.961000000000000069e-03 -1.714999999999999945e-03 9.999970000000000248e-01 -2.769780000000000020e-01 9.608759999999999524e-01 1.105000000000000079e-03 -9.608740000000000059e-01 -2.769750000000000267e-01 -2.358999999999999986e-03
2.800000000000000000e+01 2.700000000000000000e+01 6.300000000000000000e+01 0.000000000000000000e+00 1.600000000000000089e+00 -1.859999999999999945e-04 -3.219000000000000073e-03 9.999949999999999672e-01 -2.771730000000000027e-01 9.608149999999999746e-01 3.041999999999999999e-03 -9.608200000000000074e-01 -2.771710000000000007e-01 -1.070999999999999903e-03
2.000000000000000000e+00 2.600000000000000000e+01 6.400000000000000000e+01 0.000000000000000000e+00 1.600000000000000089e+00 -8.880000000000000089e-04 5.052000000000000067e-03 9.999869999999999592e-01 -3.462749999999999995e-01 9.381199999999999539e-01 -5.047000000000000271e-03 -9.381329999999999947e-01 -3.462749999999999995e-01 9.160000000000000390e-04
9.000000000000000000e+00 2.600000000000000000e+01 6.400000000000000000e+01 0.000000000000000000e+00 1.600000000000000089e+00 2.350999999999999791e-03 3.956000000000000315e-03 9.999890000000000168e-01 -3.513390000000000124e-01 9.362439999999999651e-01 -2.877999999999999916e-03 -9.362449999999999939e-01 -3.513290000000000024e-01 3.591000000000000008e-03
2.200000000000000000e+01 2.600000000000000000e+01 6.400000000000000000e+01 0.000000000000000000e+00 1.600000000000000089e+00 -2.955999999999999860e-03 -3.069999999999999812e-04 9.999959999999999960e-01 -3.538979999999999904e-01 9.352840000000000042e-01 -7.590000000000000175e-04 -9.352789999999999715e-01 -3.538990000000000191e-01 -2.873000000000000120e-03
