1.100000000000000000e+01 2.500000000000000000e+01 1.000000000000000000e+00 0.000000000000000000e+00 1.600000000000000089e+00 3.873000000000000140e-03 -1.449999999999999900e-03 -9.999909999999999632e-01 -5.188869999999999871e-01 -8.548419999999999908e-01 -7.699999999999999597e-04 -8.548339999999999828e-01 5.188859999999999584e-01 -4.062999999999999771e-03
1.500000000000000000e+01 2.500000000000000000e+01 1.000000000000000000e+00 0.000000000000000000e+00 1.600000000000000089e+00 3.680000000000000003e-04 3.988000000000000225e-03 -9.999919999999999920e-01 -5.179970000000000407e-01 -8.553749999999999964e-01 -3.602000000000000167e-03 -8.553819999999999757e-01 5.179939999999999545e-01 1.750999999999999952e-03
7.000000000000000000e+00 4.200000000000000000e+01 2.000000000000000000e+00 0.000000000000000000e+00 1.600000000000000089e+00 -4.895000000000000046e-03 4.159800000000000303e-02 -9.991219999999999546e-01 9.816679999999999851e-01 -1.901760000000000117e-01 -1.272700000000000047e-02 -1.905380000000000129e-01 -9.808679999999999621e-01 -3.990500000000000297e-02
4.000000000000000000e+00 1.500000000000000000e+01 4.000000000000000000e+00 0.000000000000000000e+00 1.600000000000000089e+00 1.959999999999999937e-03 4.006000000000000012e-03 9.999900000000000455e-01 3.065539999999999932e-01 -9.518480000000000274e-01 3.212000000000000011e-03 9.518510000000000026e-01 3.065450000000000119e-01 -3.093999999999999962e-03
1.000000000000000000e+01 1.500000000000000000e+01 4.000000000000000000e+00 0.000000000000000000e+00 1.600000000000000089e+00 1.066000000000000107e-03 4.429999999999999910e-03 9.999900000000000455e-01 3.085319999999999729e-01 -9.512059999999999960e-01 3.884999999999999998e-03 9.512129999999999752e-01 3.085249999999999937e-01 -2.380999999999999870e-03
1.300000000000000000e+01 1.500000000000000000e+01 4.000000000000000000e+00 0.000000000000000000e+00 1.600000000000000089e+00 5.010000000000000347e-04 6.096999999999999989e-03 9.999810000000000088e-01 3.098469999999999835e-01 -9.507700000000000040e-01 5.642000000000000313e-03 9.507860000000000200e-01 3.098380000000000023e-01 -2.364999999999999915e-03
1.900000000000000000e+01 1.500000000000000000e+01 4.000000000000000000e+00 0.000000000000000000e+00 1.600000000000000089e+00 8.399999999999999535e-05 4.610999999999999648e-03 9.999890000000000168e-01 3.094520000000000048e-01 -9.509050000000000002e-01 4.359000000000000027e-03 9.509149999999999547e-01 3.094489999999999741e-01 -1.507000000000000093e-03
2.600000000000000000e+01 1.500000000000000000e+01 4.000000000000000000e+00 0.000000000000000000e+00 1.600000000000000089e+00 -2.399999999999999790e-03 -5.205999999999999690e-03 9.999839999999999840e-01 3.106740000000000057e-01 -9.505069999999999908e-01 -4.203000000000000139e-03 9.505139999999999700e-01 3.106579999999999897e-01 3.897999999999999989e-03
3.000000000000000000e+01 1.500000000000000000e+01 4.000000000000000000e+00 0.000000000000000000e+00 1.600000000000000089e+00 -4.048000000000000383e-03 -6.390999999999999980e-03 9.999710000000000543e-01 3.103199999999999847e-01 -9.506200000000000205e-01 -4.819999999999999632e-03 9.506240000000000245e-01 3.102920000000000122e-01 5.831000000000000245e-03
2.500000000000000000e+01 1.010000000000000000e+02 7.000000000000000000e+00 0.000000000000000000e+00 1.600000000000000089e+00 -1.562999999999999936e-03 -8.361999999999999642e-03 9.999639999999999640e-01 8.809799999999999853e-01 4.731230000000000158e-01 5.333000000000000067e-03 -4.731500000000000150e-01 8.809569999999999901e-01 6.627000000000000078e-03
4.000000000000000000e+00 2.500000000000000000e+01 8.000000000000000000e+00 0.000000000000000000e+00 1.600000000000000089e+00 -1.069999999999999988e-04 -7.839999999999999747e-04 -1.000000000000000000e+00 4.422989999999999977e-01 8.968669999999999698e-01 -7.510000000000000399e-04 8.968679999999999986e-01 -4.422989999999999977e-01 2.509999999999999753e-04
8.000000000000000000e+00 2.500000000000000000e+01 8.000000000000000000e+00 0.000000000000000000e+00 1.600000000000000089e+00 -3.190000000000000127e-03 -5.061000000000000394e-03 -9.999820000000000375e-01 4.432010000000000116e-01 8.964029999999999498e-01 -5.950000000000000427e-03 8.964170000000000194e-01 -4.432119999999999949e-01 -6.170000000000000354e-04
1.100000000000000000e+01 2.500000000000000000e+01 8.000000000000000000e+00 0.000000000000000000e+00 1.600000000000000089e+00 -1.806000000000000097e-03 -6.512999999999999692e-03 -9.999770000000000048e-01 4.443039999999999767e-01 8.958509999999999529e-01 -6.636999999999999671e-03 8.958739999999999482e-01 -4.443059999999999787e-01 1.276000000000000007e-03
1.400000000000000000e+01 2.500000000000000000e+01 8.000000000000000000e+00 0.000000000000000000e+00 1.600000000000000089e+00 1.979999999999999881e-04 -4.519999999999999712e-03 -9.999900000000000455e-01 4.444609999999999950e-01 8.957889999999999464e-01 -3.961000000000000111e-03 8.957979999999999832e-01 -4.444560000000000177e-01 2.186000000000000009e-03
1.700000000000000000e+01 2.500000000000000000e+01 8.000000000000000000e+00 0.000000000000000000e+00 1.600000000000000089e+00 1.299999999999999920e-05 -5.150000000000000064e-03 -9.999869999999999592e-01 4.438219999999999943e-01 8.961029999999999829e-01 -4.609000000000000249e-03 8.961149999999999949e-01 -4.438159999999999883e-01 2.296999999999999997e-03
2.100000000000000000e+01 2.500000000000000000e+01 8.000000000000000000e+00 0.000000000000000000e+00 1.600000000000000089e+00 -1.959999999999999937e-03 -4.092000000000000151e-03 -9.999900000000000455e-01 4.445819999999999772e-01 8.957260000000000222e-01 -4.537000000000000234e-03 8.957359999999999767e-01 -4.445870000000000100e-01 6.299999999999999990e-05
2.700000000000000000e+01 2.500000000000000000e+01 8.000000000000000000e+00 0.000000000000000000e+00 1.600000000000000089e+00 1.800000000000000046e-05 4.834999999999999888e-03 -9.999879999999999880e-01 4.448429999999999884e-01 8.955980000000000052e-01 4.337999999999999842e-03 8.956089999999999884e-01 -4.448380000000000112e-01 -2.134000000000000046e-03
4.000000000000000000e+00 2.400000000000000000e+01 9.000000000000000000e+00 0.000000000000000000e+00 1.600000000000000089e+00 -1.179999999999999951e-04 -2.119999999999999923e-03 -9.999980000000000535e-01 4.454460000000000086e-01 8.953069999999999640e-01 -1.951000000000000043e-03 8.953090000000000215e-01 -4.454449999999999799e-01 8.390000000000000105e-04
7.000000000000000000e+00 2.400000000000000000e+01 9.000000000000000000e+00 0.000000000000000000e+00 1.600000000000000089e+00 -2.573999999999999899e-03 -5.331999999999999934e-03 -9.999829999999999552e-01 4.457820000000000116e-01 8.951219999999999732e-01 -5.919999999999999915e-03 8.951379999999999892e-01 -4.457900000000000196e-01 7.200000000000000182e-05
1.300000000000000000e+01 2.400000000000000000e+01 9.000000000000000000e+00 0.000000000000000000e+00 1.600000000000000089e+00 -1.900000000000000105e-04 -5.165999999999999585e-03 -9.999869999999999592e-01 4.480529999999999791e-01 8.939949999999999841e-01 -4.703999999999999848e-03 8.940069999999999961e-01 -4.480480000000000018e-01 2.144000000000000072e-03
1.700000000000000000e+01 2.400000000000000000e+01 9.000000000000000000e+00 0.000000000000000000e+00 1.600000000000000089e+00 1.939999999999999993e-04 -5.326000000000000005e-03 -9.999860000000000415e-01 4.481609999999999761e-01 8.939399999999999569e-01 -4.675000000000000336e-03 8.939529999999999976e-01 -4.481539999999999968e-01 2.560000000000000209e-03
2.000000000000000000e+01 2.400000000000000000e+01 9.000000000000000000e+00 0.000000000000000000e+00 1.600000000000000089e+00 -1.853999999999999962e-03 -5.074000000000000385e-03 -9.999850000000000128e-01 4.484879999999999978e-01 8.937730000000000397e-01 -5.366000000000000110e-03 8.937869999999999981e-01 -4.484920000000000018e-01 6.189999999999999756e-04
2.400000000000000000e+01 2.400000000000000000e+01 9.000000000000000000e+00 0.000000000000000000e+00 1.600000000000000089e+00 -5.159999999999999656e-04 -3.426999999999999925e-03 -9.999940000000000495e-01 4.495689999999999964e-01 8.932400000000000340e-01 -3.292999999999999920e-03 8.932459999999999845e-01 -4.495680000000000232e-01 1.080000000000000014e-03
4.000000000000000000e+00 3.100000000000000000e+01 1.200000000000000000e+01 0.000000000000000000e+00 1.600000000000000089e+00 1.410000000000000120e-04 -8.469999999999999881e-04 1.000000000000000000e+00 1.921000000000000138e-02 9.998150000000000093e-01 8.440000000000000236e-04 -9.998150000000000093e-01 1.921000000000000138e-02 1.579999999999999916e-04
9.000000000000000000e+00 3.100000000000000000e+01 1.200000000000000000e+01 0.000000000000000000e+00 1.600000000000000089e+00 9.820000000000000170e-04 7.990000000000000140e-04 9.999989999999999712e-01 1.878600000000000061e-02 9.998230000000000173e-01 -8.170000000000000179e-04 -9.998230000000000173e-01 1.878700000000000161e-02 9.659999999999999533e-04
1.500000000000000000e+01 3.100000000000000000e+01 1.200000000000000000e+01 0.000000000000000000e+00 1.600000000000000089e+00 -1.778999999999999982e-03 1.201999999999999943e-03 9.999980000000000535e-01 1.934900000000000161e-02 9.998120000000000340e-01 -1.167000000000000069e-03 -9.998110000000000053e-01 1.934599999999999861e-02 -1.801999999999999999e-03
7.000000000000000000e+00 1.160000000000000000e+02 1.600000000000000000e+01 0.000000000000000000e+00 1.600000000000000089e+00 3.499999999999999964e-04 -1.582000000000000073e-03 9.999989999999999712e-01 6.916560000000000485e-01 7.222260000000000346e-01 8.999999999999999754e-04 -7.222269999999999524e-01 6.916550000000000198e-01 1.345999999999999974e-03
1.000000000000000000e+01 1.160000000000000000e+02 1.600000000000000000e+01 0.000000000000000000e+00 1.600000000000000089e+00 4.203000000000000139e-03 3.272999999999999868e-03 9.999860000000000415e-01 6.963310000000000333e-01 7.177019999999999511e-01 -5.276000000000000308e-03 -7.177090000000000414e-01 6.963430000000000453e-01 7.380000000000000492e-04
1.600000000000000000e+01 1.160000000000000000e+02 1.600000000000000000e+01 0.000000000000000000e+00 1.600000000000000089e+00 -3.392000000000000050e-03 -3.412999999999999801e-03 9.999879999999999880e-01 6.803120000000000278e-01 7.329069999999999752e-01 4.808999999999999907e-03 -7.329149999999999832e-01 6.803200000000000358e-01 -1.640000000000000019e-04
2.700000000000000000e+01 1.160000000000000000e+02 1.600000000000000000e+01 0.000000000000000000e+00 1.600000000000000089e+00 8.409999999999999507e-04 -2.256000000000000193e-03 9.999970000000000248e-01 6.964280000000000470e-01 7.176259999999999861e-01 1.033000000000000064e-03 -7.176259999999999861e-01 6.964249999999999607e-01 2.174000000000000151e-03
4.000000000000000000e+00 2.000000000000000000e+00 1.900000000000000000e+01 0.000000000000000000e+00 1.600000000000000089e+00 5.126000000000000348e-03 -6.773999999999999640e-03 -9.999639999999999640e-01 1.990889999999999882e-01 -9.799510000000000165e-01 7.659000000000000009e-03 -9.799679999999999502e-01 -1.991209999999999924e-01 -3.674999999999999881e-03
8.000000000000000000e+00 2.000000000000000000e+00 1.900000000000000000e+01 0.000000000000000000e+00 1.600000000000000089e+00 2.707999999999999904e-03 -3.305000000000000212e-03 -9.999909999999999632e-01 1.980679999999999941e-01 -9.801809999999999690e-01 3.775999999999999843e-03 -9.801840000000000552e-01 -1.980770000000000031e-01 -2.000000000000000042e-03
1.200000000000000000e+01 2.000000000000000000e+00 1.900000000000000000e+01 0.000000000000000000e+00 1.600000000000000089e+00 2.739999999999999814e-03 1.271999999999999910e-03 -9.999949999999999672e-01 1.964210000000000123e-01 -9.805190000000000294e-01 -7.100000000000000191e-04 -9.805160000000000542e-01 -1.964180000000000093e-01 -2.935999999999999808e-03
1.700000000000000000e+01 2.000000000000000000e+00 1.900000000000000000e+01 0.000000000000000000e+00 1.600000000000000089e+00 -8.689999999999999808e-04 3.830000000000000071e-03 -9.999919999999999920e-01 1.914559999999999873e-01 -9.814929999999999488e-01 -3.925999999999999802e-03 -9.815009999999999568e-01 -1.914579999999999893e-01 1.200000000000000030e-04
2.000000000000000000e+01 2.000000000000000000e+00 1.900000000000000000e+01 0.000000000000000000e+00 1.600000000000000089e+00 -3.600000000000000227e-04 -1.358999999999999965e-03 -9.999989999999999712e-01 1.930219999999999991e-01 -9.811940000000000106e-01 1.263999999999999933e-03 -9.811940000000000106e-01 -1.930219999999999991e-01 6.149999999999999868e-04
2.300000000000000000e+01 2.000000000000000000e+00 1.900000000000000000e+01 0.000000000000000000e+00 1.600000000000000089e+00 -6.800000000000000488e-04 -2.420999999999999975e-03 -9.999970000000000248e-01 1.950900000000000134e-01 -9.807829999999999604e-01 2.242000000000000069e-03 -9.807850000000000179e-01 -1.950880000000000114e-01 1.139000000000000038e-03
2.600000000000000000e+01 2.000000000000000000e+00 1.900000000000000000e+01 0.000000000000000000e+00 1.600000000000000089e+00 -2.560000000000000209e-03 -3.579999999999999849e-03 -9.999900000000000455e-01 1.959400000000000031e-01 -9.806110000000000104e-01 3.008999999999999956e-03 -9.806120000000000392e-01 -1.959309999999999941e-01 3.210999999999999879e-03
5.000000000000000000e+00 4.000000000000000000e+00 2.000000000000000000e+01 0.000000000000000000e+00 1.600000000000000089e+00 6.975000000000000297e-03 -2.197999999999999867e-03 -9.999730000000000008e-01 2.817919999999999869e-01 -9.594669999999999588e-01 4.074000000000000364e-03 -9.594500000000000250e-01 -2.818129999999999802e-01 -6.073000000000000273e-03
1.200000000000000000e+01 4.000000000000000000e+00 2.000000000000000000e+01 0.000000000000000000e+00 1.600000000000000089e+00 2.318000000000000182e-03 1.824000000000000100e-03 -9.999959999999999960e-01 2.879709999999999770e-01 -9.576390000000000180e-01 -1.079000000000000098e-03 -9.576360000000000428e-01 -2.879669999999999730e-01 -2.745000000000000044e-03
2.700000000000000000e+01 4.000000000000000000e+00 2.000000000000000000e+01 0.000000000000000000e+00 1.600000000000000089e+00 -9.349999999999999587e-04 -3.458000000000000136e-03 -9.999940000000000495e-01 2.892879999999999896e-01 -9.572370000000000045e-01 3.040000000000000167e-03 -9.572420000000000373e-01 -2.892839999999999856e-01 1.895999999999999899e-03
6.000000000000000000e+00 1.300000000000000000e+01 2.000000000000000000e+01 0.000000000000000000e+00 1.600000000000000089e+00 6.340000000000000149e-03 8.489999999999999283e-03 9.999440000000000550e-01 2.511470000000000091e-01 9.678989999999999538e-01 -9.809999999999999276e-03 -9.679280000000000106e-01 2.511950000000000016e-01 4.003999999999999747e-03
1.400000000000000000e+01 1.300000000000000000e+01 2.000000000000000000e+01 0.000000000000000000e+00 1.600000000000000089e+00 -6.799999999999999946e-05 -1.397999999999999937e-03 9.999989999999999712e-01 2.521660000000000013e-01 9.676829999999999599e-01 1.369999999999999907e-03 -9.676839999999999886e-01 2.521660000000000013e-01 2.869999999999999830e-04
1.700000000000000000e+01 1.300000000000000000e+01 2.000000000000000000e+01 0.000000000000000000e+00 1.600000000000000089e+00 -1.614999999999999899e-03 -4.449999999999999746e-04 9.999989999999999712e-01 2.533020000000000271e-01 9.673869999999999969e-01 8.400000000000000348e-04 -9.673859999999999681e-01 2.533030000000000004e-01 -1.448999999999999984e-03
2.300000000000000000e+01 1.300000000000000000e+01 2.000000000000000000e+01 0.000000000000000000e+00 1.600000000000000089e+00 -3.649999999999999816e-04 1.969999999999999909e-04 1.000000000000000000e+00 2.532519999999999771e-01 9.674000000000000377e-01 -9.799999999999999684e-05 -9.674000000000000377e-01 2.532519999999999771e-01 -4.029999999999999837e-04
2.000000000000000000e+00 1.600000000000000000e+01 2.100000000000000000e+01 0.000000000000000000e+00 1.600000000000000089e+00 2.105999999999999799e-03 8.463000000000000037e-03 9.999620000000000175e-01 3.010070000000000245e-01 9.535820000000000407e-01 -8.703999999999999931e-03 -9.536189999999999944e-01 3.010140000000000038e-01 -5.400000000000000069e-04
1.300000000000000000e+01 1.600000000000000000e+01 2.100000000000000000e+01 0.000000000000000000e+00 1.600000000000000089e+00 1.935000000000000088e-03 1.347000000000000107e-03 9.999970000000000248e-01 2.978089999999999904e-01 9.546240000000000281e-01 -1.863000000000000073e-03 -9.546240000000000281e-01 2.978120000000000211e-01 1.446000000000000020e-03
2.200000000000000000e+01 1.600000000000000000e+01 2.100000000000000000e+01 0.000000000000000000e+00 1.600000000000000089e+00 -6.440000000000000412e-04 1.418999999999999906e-03 9.999989999999999712e-01 2.972620000000000262e-01 9.547949999999999493e-01 -1.162999999999999971e-03 -9.547959999999999781e-01 2.972609999999999975e-01 -1.036999999999999944e-03
2.700000000000000000e+01 1.600000000000000000e+01 2.100000000000000000e+01 0.000000000000000000e+00 1.600000000000000089e+00 3.519999999999999908e-04 7.150000000000000105e-03 9.999740000000000295e-01 2.965329999999999910e-01 9.549969999999999848e-01 -6.932999999999999927e-03 -9.550220000000000375e-01 2.965280000000000138e-01 -1.783999999999999996e-03
2.900000000000000000e+01 1.600000000000000000e+01 2.100000000000000000e+01 0.000000000000000000e+00 1.600000000000000089e+00 -2.900000000000000017e-05 5.748999999999999770e-03 9.999829999999999552e-01 2.962520000000000153e-01 9.550939999999999985e-01 -5.481999999999999894e-03 -9.551100000000000145e-01 2.962469999999999826e-01 -1.730999999999999900e-03
2.000000000000000000e+00 4.800000000000000000e+01 2.400000000000000000e+01 0.000000000000000000e+00 1.600000000000000089e+00 -9.079999999999999530e-04 -2.007000000000000103e-03 9.999970000000000248e-01 8.598879999999999857e-01 5.104790000000000161e-01 1.806000000000000097e-03 -5.104809999999999626e-01 8.598879999999999857e-01 1.263000000000000017e-03
8.000000000000000000e+00 3.000000000000000000e+00 2.500000000000000000e+01 0.000000000000000000e+00 1.600000000000000089e+00 -1.271500000000000061e-02 -2.948999999999999799e-03 9.999149999999999983e-01 -5.699499999999999705e-02 -9.983680000000000332e-01 -3.668999999999999952e-03 9.982929999999999859e-01 -5.703699999999999742e-02 1.252600000000000068e-02
1.100000000000000000e+01 3.000000000000000000e+00 2.500000000000000000e+01 0.000000000000000000e+00 1.600000000000000089e+00 -9.329000000000000486e-03 -8.469999999999999881e-04 9.999559999999999560e-01 -5.165899999999999659e-02 -9.986639999999999961e-01 -1.327000000000000055e-03 9.986209999999999809e-01 -5.166899999999999965e-02 9.272999999999999993e-03
1.800000000000000000e+01 3.000000000000000000e+00 2.500000000000000000e+01 0.000000000000000000e+00 1.600000000000000089e+00 3.148000000000000190e-03 3.657000000000000094e-03 9.999879999999999880e-01 -5.013900000000000301e-02 -9.987350000000000394e-01 3.810000000000000019e-03 9.987369999999999859e-01 -5.015000000000000013e-02 -2.961000000000000090e-03
2.500000000000000000e+01 3.000000000000000000e+00 2.500000000000000000e+01 0.000000000000000000e+00 1.600000000000000089e+00 -9.009999999999999997e-04 6.459999999999999814e-04 9.999989999999999712e-01 -5.679800000000000126e-02 -9.983849999999999669e-01 5.940000000000000184e-04 9.983849999999999669e-01 -5.679800000000000126e-02 9.370000000000000074e-04
2.000000000000000000e+00 4.600000000000000000e+01 2.700000000000000000e+01 0.000000000000000000e+00 1.600000000000000089e+00 -1.257000000000000088e-03 -2.298000000000000129e-03 -9.999970000000000248e-01 6.490749999999999575e-01 7.607199999999999518e-01 -2.563999999999999873e-03 7.607230000000000381e-01 -6.490759999999999863e-01 5.360000000000000181e-04
8.000000000000000000e+00 4.600000000000000000e+01 2.700000000000000000e+01 0.000000000000000000e+00 1.600000000000000089e+00 -1.443000000000000055e-03 2.459999999999999947e-03 -9.999959999999999960e-01 6.500259999999999927e-01 7.599110000000000031e-01 9.309999999999999699e-04 7.599099999999999744e-01 -6.500219999999999887e-01 -2.696000000000000046e-03
1.200000000000000000e+01 4.600000000000000000e+01 2.700000000000000000e+01 0.000000000000000000e+00 1.600000000000000089e+00 -1.155999999999999910e-03 7.450000000000000025e-04 -9.999989999999999712e-01 6.491710000000000536e-01 7.606429999999999580e-01 -1.830000000000000029e-04 7.606420000000000403e-01 -6.491700000000000248e-01 -1.363000000000000062e-03
1.700000000000000000e+01 4.600000000000000000e+01 2.700000000000000000e+01 0.000000000000000000e+00 1.600000000000000089e+00 -1.314999999999999980e-03 -1.642999999999999929e-03 -9.999980000000000535e-01 6.433079999999999909e-01 7.656049999999999800e-01 -2.103999999999999967e-03 7.656070000000000375e-01 -6.433090000000000197e-01 5.000000000000000240e-05
2.700000000000000000e+01 4.600000000000000000e+01 2.700000000000000000e+01 0.000000000000000000e+00 1.600000000000000089e+00 -1.936000000000000004e-03 -1.700000000000000122e-04 -9.999980000000000535e-01 6.409110000000000085e-01 7.676140000000000185e-01 -1.371000000000000040e-03 7.676129999999999898e-01 -6.409120000000000372e-01 -1.376999999999999969e-03
5.000000000000000000e+00 5.800000000000000000e+01 3.100000000000000000e+01 0.000000000000000000e+00 1.600000000000000089e+00 -1.696000000000000025e-03 3.950000000000000061e-04 9.999980000000000535e-01 -7.977739999999999831e-01 -6.029550000000000187e-01 -1.115000000000000106e-03 6.029539999999999900e-01 -7.977750000000000119e-01 1.337999999999999997e-03
1.200000000000000000e+01 5.800000000000000000e+01 3.100000000000000000e+01 0.000000000000000000e+00 1.600000000000000089e+00 -8.220000000000000310e-04 1.866000000000000037e-03 9.999980000000000535e-01 -8.017180000000000417e-01 -5.977019999999999555e-01 4.560000000000000251e-04 5.977019999999999555e-01 -8.017159999999999842e-01 1.987000000000000051e-03
1.700000000000000000e+01 5.800000000000000000e+01 3.100000000000000000e+01 0.000000000000000000e+00 1.600000000000000089e+00 -6.459999999999999814e-04 -2.871999999999999987e-03 9.999959999999999960e-01 -8.008450000000000291e-01 -5.988670000000000382e-01 -2.236999999999999839e-03 5.988710000000000422e-01 -8.008429999999999715e-01 -1.912999999999999987e-03
2.200000000000000000e+01 5.800000000000000000e+01 3.100000000000000000e+01 0.000000000000000000e+00 1.600000000000000089e+00 -3.177999999999999835e-03 -6.067000000000000344e-03 9.999770000000000048e-01 -8.004550000000000276e-01 -5.993610000000000326e-01 -6.180999999999999862e-03 5.993840000000000279e-01 -8.004559999999999453e-01 -2.952000000000000197e-03
2.800000000000000000e+01 5.800000000000000000e+01 3.100000000000000000e+01 0.000000000000000000e+00 1.600000000000000089e+00 -5.511000000000000273e-03 -1.088000000000000078e-02 9.999259999999999815e-01 -8.004630000000000356e-01 -5.992830000000000101e-01 -1.093300000000000001e-02 5.993570000000000286e-01 -8.004630000000000356e-01 -5.406000000000000215e-03
2.000000000000000000e+00 4.200000000000000000e+01 3.400000000000000000e+01 0.000000000000000000e+00 1.600000000000000089e+00 -6.954000000000000112e-03 3.706000000000000093e-03 -9.999689999999999968e-01 -2.942049999999999943e-01 9.557259999999999645e-01 5.588000000000000085e-03 9.557170000000000387e-01 2.942350000000000243e-01 -5.556000000000000175e-03
4.000000000000000000e+00 4.600000000000000000e+01 3.500000000000000000e+01 0.000000000000000000e+00 1.600000000000000089e+00 2.272999999999999847e-03 2.709999999999999735e-04 -9.999970000000000248e-01 3.850629999999999886e-01 -9.228899999999999881e-01 6.250000000000000130e-04 -9.228870000000000129e-01 -3.850629999999999886e-01 -2.201999999999999964e-03
7.000000000000000000e+00 4.600000000000000000e+01 3.500000000000000000e+01 0.000000000000000000e+00 1.600000000000000089e+00 1.971000000000000096e-03 4.405000000000000061e-03 -9.999879999999999880e-01 3.855430000000000246e-01 -9.226839999999999486e-01 -3.305000000000000212e-03 -9.226879999999999526e-01 -3.855319999999999858e-01 -3.517000000000000161e-03
1.700000000000000000e+01 4.600000000000000000e+01 3.500000000000000000e+01 0.000000000000000000e+00 1.600000000000000089e+00 1.340000000000000045e-04 -3.776999999999999975e-03 -9.999930000000000208e-01 3.870609999999999884e-01 -9.220469999999999500e-01 3.534999999999999948e-03 -9.220540000000000402e-01 -3.870589999999999864e-01 1.337999999999999997e-03
2.300000000000000000e+01 4.600000000000000000e+01 3.500000000000000000e+01 0.000000000000000000e+00 1.600000000000000089e+00 -5.839999999999999922e-04 -5.240000000000000517e-04 -1.000000000000000000e+00 3.862110000000000265e-01 -9.224099999999999522e-01 2.579999999999999828e-04 -9.224099999999999522e-01 -3.862110000000000265e-01 7.410000000000000137e-04
2.900000000000000000e+01 4.600000000000000000e+01 3.500000000000000000e+01 0.000000000000000000e+00 1.600000000000000089e+00 6.679999999999999740e-04 9.990000000000001049e-04 -9.999989999999999712e-01 3.837260000000000115e-01 -9.234470000000000178e-01 -6.660000000000000338e-04 -9.234470000000000178e-01 -3.837249999999999828e-01 -1.000000000000000021e-03
7.000000000000000000e+00 9.500000000000000000e+01 3.600000000000000000e+01 0.000000000000000000e+00 1.600000000000000089e+00 -2.746000000000000177e-03 -1.375000000000000007e-02 9.999019999999999575e-01 9.985000000000000542e-01 5.464299999999999713e-02 3.494000000000000144e-03 -5.468499999999999750e-02 9.984110000000000484e-01 1.357900000000000079e-02
1.400000000000000000e+01 9.500000000000000000e+01 3.600000000000000000e+01 0.000000000000000000e+00 1.600000000000000089e+00 -7.069999999999999462e-04 4.839000000000000419e-03 9.999879999999999880e-01 9.983009999999999939e-01 5.826499999999999735e-02 4.229999999999999819e-04 -5.826300000000000229e-02 9.982889999999999819e-01 -4.871999999999999595e-03
1.700000000000000000e+01 9.500000000000000000e+01 3.600000000000000000e+01 0.000000000000000000e+00 1.600000000000000089e+00 4.110000000000000155e-04 7.126000000000000389e-03 9.999749999999999472e-01 9.982210000000000250e-01 5.962200000000000139e-02 -8.350000000000000217e-04 -5.962699999999999945e-02 9.981959999999999722e-01 -7.087999999999999683e-03
2.900000000000000000e+01 9.500000000000000000e+01 3.600000000000000000e+01 0.000000000000000000e+00 1.600000000000000089e+00 -1.136000000000000074e-03 -6.100000000000000387e-03 9.999810000000000088e-01 9.980480000000000462e-01 6.243200000000000138e-02 1.515000000000000071e-03 -6.244000000000000244e-02 9.980310000000000015e-01 6.017999999999999912e-03
3.000000000000000000e+00 3.000000000000000000e+00 4.300000000000000000e+01 0.000000000000000000e+00 1.600000000000000089e+00 1.362900000000000049e-02 -1.383200000000000054e-02 -9.998110000000000053e-01 7.318369999999999598e-01 -6.812030000000000030e-01 1.940000000000000058e-02 -6.813430000000000319e-01 -7.319639999999999480e-01 8.390000000000000105e-04
5.000000000000000000e+00 2.900000000000000000e+01 4.400000000000000000e+01 0.000000000000000000e+00 1.600000000000000089e+00 -3.399999999999999973e-05 -3.387999999999999953e-03 -9.999940000000000495e-01 6.676649999999999530e-01 7.444570000000000354e-01 -2.544999999999999953e-03 7.444610000000000394e-01 -6.676619999999999777e-01 2.236000000000000140e-03
9.000000000000000000e+00 2.900000000000000000e+01 4.400000000000000000e+01 0.000000000000000000e+00 1.600000000000000089e+00 -1.310000000000000129e-04 -2.096999999999999906e-03 -9.999980000000000535e-01 6.657480000000000064e-01 7.461750000000000327e-01 -1.652000000000000040e-03 7.461769999999999792e-01 -6.657459999999999489e-01 1.297999999999999892e-03
1.400000000000000000e+01 2.900000000000000000e+01 4.400000000000000000e+01 0.000000000000000000e+00 1.600000000000000089e+00 6.310000000000000504e-04 -3.393000000000000183e-03 -9.999940000000000495e-01 6.660700000000000509e-01 7.458869999999999667e-01 -2.109999999999999896e-03 7.458890000000000242e-01 -6.660639999999999894e-01 2.730999999999999921e-03
2.000000000000000000e+01 2.900000000000000000e+01 4.400000000000000000e+01 0.000000000000000000e+00 1.600000000000000089e+00 1.430999999999999980e-03 -1.835000000000000043e-03 -9.999970000000000248e-01 6.689760000000000151e-01 7.432839999999999447e-01 -4.070000000000000267e-04 7.432830000000000270e-01 -6.689730000000000398e-01 2.291000000000000068e-03
2.600000000000000000e+01 2.900000000000000000e+01 4.400000000000000000e+01 0.000000000000000000e+00 1.600000000000000089e+00 2.043000000000000111e-03 -4.107999999999999673e-03 -9.999900000000000455e-01 6.696560000000000290e-01 7.426700000000000523e-01 -1.683000000000000034e-03 7.426690000000000236e-01 -6.696450000000000458e-01 4.269000000000000225e-03
8.000000000000000000e+00 5.000000000000000000e+00 5.100000000000000000e+01 0.000000000000000000e+00 1.600000000000000089e+00 -2.265000000000000086e-03 -5.709999999999999798e-03 -9.999810000000000088e-01 4.851849999999999774e-01 -8.744030000000000413e-01 3.893999999999999892e-03 -8.744089999999999918e-01 -4.851670000000000149e-01 4.751000000000000015e-03
1.600000000000000000e+01 5.000000000000000000e+00 5.100000000000000000e+01 0.000000000000000000e+00 1.600000000000000089e+00 7.699999999999999597e-04 -9.671000000000000776e-03 -9.999529999999999808e-01 4.865900000000000225e-01 -8.735859999999999737e-01 8.824000000000000246e-03 -8.736300000000000177e-01 -4.865740000000000065e-01 4.033000000000000126e-03
2.100000000000000000e+01 5.000000000000000000e+00 5.100000000000000000e+01 0.000000000000000000e+00 1.600000000000000089e+00 6.570000000000000319e-04 2.321999999999999845e-03 -9.999970000000000248e-01 4.902500000000000191e-01 -8.715800000000000214e-01 -1.701999999999999954e-03 -8.715819999999999679e-01 -4.902469999999999883e-01 -1.711000000000000064e-03
2.800000000000000000e+01 5.000000000000000000e+00 5.100000000000000000e+01 0.000000000000000000e+00 1.600000000000000089e+00 -2.337000000000000102e-03 -2.625999999999999862e-03 -9.999940000000000495e-01 4.910510000000000153e-01 -8.711299999999999599e-01 1.139999999999999954e-03 -8.711280000000000134e-01 -4.910450000000000093e-01 3.324999999999999831e-03
1.200000000000000000e+01 6.000000000000000000e+00 5.100000000000000000e+01 0.000000000000000000e+00 1.600000000000000089e+00 -3.667999999999999820e-03 -9.915999999999999467e-03 -9.999440000000000550e-01 3.111530000000000129e-01 -9.503239999999999466e-01 8.281999999999999432e-03 -9.503530000000000033e-01 -3.111050000000000204e-01 6.570999999999999584e-03
2.000000000000000000e+00 6.300000000000000000e+01 5.400000000000000000e+01 0.000000000000000000e+00 1.600000000000000089e+00 -2.249000000000000131e-03 -2.739000000000000115e-03 9.999940000000000495e-01 -3.527429999999999732e-01 9.357180000000000497e-01 1.770000000000000089e-03 -9.357170000000000210e-01 -3.527370000000000227e-01 -3.070999999999999945e-03
7.000000000000000000e+00 6.300000000000000000e+01 5.400000000000000000e+01 0.000000000000000000e+00 1.600000000000000089e+00 1.724000000000000055e-03 -2.680000000000000090e-04 9.999989999999999712e-01 -3.534880000000000244e-01 9.354390000000000205e-01 8.610000000000000032e-04 -9.354369999999999630e-01 -3.534889999999999977e-01 1.518000000000000035e-03
1.100000000000000000e+01 6.300000000000000000e+01 5.400000000000000000e+01 0.000000000000000000e+00 1.600000000000000089e+00 1.134000000000000025e-03 -1.142999999999999919e-03 9.999989999999999712e-01 -3.537680000000000269e-01 9.353320000000000523e-01 1.471000000000000085e-03 -9.353320000000000523e-01 -3.537690000000000001e-01 6.570000000000000319e-04
1.500000000000000000e+01 6.300000000000000000e+01 5.400000000000000000e+01 0.000000000000000000e+00 1.600000000000000089e+00 -9.129999999999999661e-04 -4.960000000000000216e-04 9.999989999999999712e-01 -3.517239999999999811e-01 9.361040000000000472e-01 1.430000000000000064e-04 -9.361030000000000184e-01 -3.517239999999999811e-01 -1.028999999999999967e-03
2.100000000000000000e+01 6.300000000000000000e+01 5.400000000000000000e+01 0.000000000000000000e+00 1.600000000000000089e+00 1.689999999999999879e-04 2.431000000000000001e-03 9.999970000000000248e-01 -3.491139999999999799e-01 9.370779999999999665e-01 -2.219000000000000052e-03 -9.370800000000000241e-01 -3.491119999999999779e-01 1.007000000000000083e-03
2.400000000000000000e+01 6.300000000000000000e+01 5.400000000000000000e+01 0.000000000000000000e+00 1.600000000000000089e+00 -9.000000000000000567e-05 2.619999999999999933e-03 9.999970000000000248e-01 -3.491719999999999824e-01 9.370549999999999713e-01 -2.485999999999999929e-03 -9.370589999999999753e-01 -3.491710000000000091e-01 8.310000000000000329e-04
2.800000000000000000e+01 6.300000000000000000e+01 5.400000000000000000e+01 0.000000000000000000e+00 1.600000000000000089e+00 2.900000000000000017e-05 2.164999999999999824e-03 9.999980000000000535e-01 -3.590929999999999955e-01 9.332989999999999897e-01 -2.010000000000000068e-03 -9.333019999999999650e-01 -3.590920000000000223e-01 8.050000000000000515e-04
2.900000000000000000e+01 2.500000000000000000e+01 5.500000000000000000e+01 0.000000000000000000e+00 1.600000000000000089e+00 -2.169999999999999891e-04 4.229999999999999819e-04 -1.000000000000000000e+00 -1.289000000000000042e-02 -9.999169999999999447e-01 -4.200000000000000174e-04 -9.999169999999999447e-01 1.289000000000000042e-02 2.220000000000000022e-04
5.000000000000000000e+00 7.600000000000000000e+01 5.600000000000000000e+01 0.000000000000000000e+00 1.600000000000000089e+00 -2.090000000000000115e-04 -3.413999999999999934e-03 -9.999940000000000495e-01 -1.190419999999999950e-01 9.928839999999999888e-01 -3.364999999999999936e-03 9.928890000000000216e-01 1.190409999999999940e-01 -6.139999999999999625e-04
2.700000000000000000e+01 6.800000000000000000e+01 5.700000000000000000e+01 0.000000000000000000e+00 1.600000000000000089e+00 -3.300000000000000253e-05 -9.065999999999999406e-03 -9.999590000000000423e-01 -2.461240000000000094e-01 -9.691980000000000040e-01 8.795000000000000734e-03 -9.692380000000000440e-01 2.461150000000000004e-01 -2.200000000000000133e-03
7.000000000000000000e+00 2.000000000000000000e+01 6.000000000000000000e+01 0.000000000000000000e+00 1.600000000000000089e+00 -1.404000000000000083e-03 5.152999999999999595e-03 9.999860000000000415e-01 -6.400100000000000233e-02 9.979360000000000452e-01 -5.231999999999999672e-03 -9.979489999999999750e-01 -6.400799999999999546e-02 -1.070999999999999903e-03
3.000000000000000000e+00 2.100000000000000000e+01 6.000000000000000000e+01 0.000000000000000000e+00 1.600000000000000089e+00 4.360000000000000269e-04 3.850999999999999823e-03 9.999919999999999920e-01 -9.456499999999999628e-02 9.955110000000000348e-01 -3.792999999999999931e-03 -9.955190000000000428e-01 -9.456299999999999428e-02 7.979999999999999897e-04
1.200000000000000000e+01 2.100000000000000000e+01 6.000000000000000000e+01 0.000000000000000000e+00 1.600000000000000089e+00 -1.840000000000000001e-04 7.310999999999999791e-03 9.999730000000000008e-01 -9.503699999999999648e-02 9.954469999999999708e-01 -7.296000000000000402e-03 -9.954739999999999700e-01 -9.503599999999999548e-02 5.109999999999999525e-04
1.500000000000000000e+01 2.100000000000000000e+01 6.000000000000000000e+01 0.000000000000000000e+00 1.600000000000000089e+00 7.370000000000000249e-04 6.047000000000000292e-03 9.999810000000000088e-01 -9.658899999999999431e-02 9.953070000000000528e-01 -5.947000000000000029e-03 -9.953239999999999865e-01 -9.658300000000000218e-02 1.317999999999999944e-03
1.900000000000000000e+01 2.100000000000000000e+01 6.000000000000000000e+01 0.000000000000000000e+00 1.600000000000000089e+00 6.899999999999999667e-05 -5.734999999999999647e-03 9.999839999999999840e-01 -9.636400000000000521e-02 9.953300000000000480e-01 5.714999999999999594e-03 -9.953459999999999530e-01 -9.636300000000000421e-02 -4.840000000000000010e-04
2.500000000000000000e+01 2.100000000000000000e+01 6.000000000000000000e+01 0.000000000000000000e+00 1.600000000000000089e+00 2.458999999999999814e-03 3.210999999999999879e-03 9.999919999999999920e-01 -9.118900000000000616e-02 9.958289999999999642e-01 -2.972999999999999948e-03 -9.958310000000000217e-01 -9.118099999999999816e-02 2.742000000000000080e-03
2.900000000000000000e+01 3.000000000000000000e+00 6.300000000000000000e+01 0.000000000000000000e+00 1.600000000000000089e+00 3.649999999999999816e-04 -5.780999999999999681e-03 9.999829999999999552e-01 -6.142509999999999915e-01 7.890970000000000484e-01 4.786000000000000323e-03 -7.891110000000000069e-01 -6.142419999999999547e-01 -3.262999999999999842e-03
7.000000000000000000e+00 2.700000000000000000e+01 6.300000000000000000e+01 0.000000000000000000e+00 1.600000000000000089e+00 3.690000000000000246e-04 -1.901500000000000065e-02 9.998190000000000133e-01 -2.662459999999999827e-01 9.637289999999999468e-01 1.842699999999999894e-02 -9.639050000000000118e-01 -2.662050000000000249e-01 -4.707000000000000246e-03
1.000000000000000000e+01 2.700000000000000000e+01 6.300000000000000000e+01 0.000000000000000000e+00 1.600000000000000089e+00 1.144000000000000052e-03 -5.544999999999999582e-03 9.999839999999999840e-01 -2.662740000000000107e-01 9.638809999999999878e-01 5.649000000000000375e-03 -9.638970000000000038e-01 -2.662760000000000127e-01 -3.730000000000000134e-04
1.700000000000000000e+01 2.700000000000000000e+01 6.300000000000000000e+01 0.000000000000000000e+00 1.600000000000000089e+00 7.879999999999999635e-04 4.558999999999999685e-03 9.999890000000000168e-01 -2.666000000000000036e-01 9.637980000000000436e-01 -4.184000000000000219e-03 -9.638069999999999693e-01 -2.665939999999999976e-01 1.975000000000000193e-03
2.500000000000000000e+01 2.700000000000000000e+01 6.300000000000000000e+01 0.000000000000000000e+00 1.600000000000000089e+00 -3.280000000000000038e-04 3.922000000000000139e-03 9.999919999999999920e-01 -2.695270000000000166e-01 9.629849999999999799e-01 -3.864999999999999946e-03 -9.629929999999999879e-01 -2.695270000000000166e-01 7.420000000000000380e-04
3.000000000000000000e+01 2.700000000000000000e+01 6.300000000000000000e+01 0.000000000000000000e+00 1.600000000000000089e+00 1.640000000000000019e-04 -2.550999999999999882e-03 9.999970000000000248e-01 -2.746449999999999725e-01 9.615420000000000078e-01 2.497000000000000088e-03 -9.615460000000000118e-01 -2.746449999999999725e-01 -5.429999999999999714e-04
2.000000000000000000e+00 4.400000000000000000e+01 6.300000000000000000e+01 0.000000000000000000e+00 1.600000000000000089e+00 -6.343999999999999813e-03 1.966100000000000139e-02 -9.997869999999999813e-01 -6.733649999999999913e-01 -7.392389999999999795e-01 -1.026499999999999982e-02 -7.392830000000000235e-01 6.731570000000000054e-01 1.792900000000000049e-02
8.000000000000000000e+00 4.400000000000000000e+01 6.300000000000000000e+01 0.000000000000000000e+00 1.600000000000000089e+00 2.445200000000000151e-02 -1.158219999999999944e-01 -9.929689999999999905e-01 -7.339719999999999578e-01 -6.764499999999999957e-01 6.082800000000000012e-02 -6.787389999999999812e-01 7.273239999999999705e-01 -1.015510000000000024e-01
3.000000000000000000e+00 2.600000000000000000e+01 6.400000000000000000e+01 0.000000000000000000e+00 1.600000000000000089e+00 -1.827000000000000065e-03 -1.397800000000000084e-02 9.999010000000000398e-01 -3.529800000000000160e-01 9.355480000000000462e-01 1.243299999999999961e-02 -9.356290000000000440e-01 -3.529220000000000135e-01 -6.642999999999999600e-03
6.000000000000000000e+00 2.600000000000000000e+01 6.400000000000000000e+01 0.000000000000000000e+00 1.600000000000000089e+00 1.400999999999999902e-03 -1.363999999999999935e-02 9.999059999999999615e-01 -3.544950000000000045e-01 9.349640000000000173e-01 1.325100000000000063e-02 -9.350570000000000270e-01 -3.544800000000000173e-01 -3.526000000000000054e-03
1.700000000000000000e+01 2.600000000000000000e+01 6.400000000000000000e+01 0.000000000000000000e+00 1.600000000000000089e+00 5.789999999999999791e-04 3.758000000000000056e-03 9.999930000000000208e-01 -3.478890000000000038e-01 9.375299999999999745e-01 -3.321999999999999866e-03 -9.375350000000000072e-01 -3.478849999999999998e-01 1.850000000000000082e-03
