6.000000000000000000e+00 1.600000000000000000e+01 4.000000000000000000e+00 0.000000000000000000e+00 1.600000000000000089e+00 -2.439999999999999949e-04 7.619999999999999820e-04 1.000000000000000000e+00 3.203730000000000189e-01 -9.472909999999999942e-01 8.000000000000000383e-04 9.472909999999999942e-01 3.203730000000000189e-01 -1.299999999999999920e-05
1.000000000000000000e+01 1.600000000000000000e+01 4.000000000000000000e+00 0.000000000000000000e+00 1.600000000000000089e+00 6.949999999999999798e-04 -1.270300000000000075e-02 9.999190000000000023e-01 3.175600000000000089e-01 -9.481589999999999741e-01 -1.226600000000000086e-02 9.482380000000000253e-01 3.175430000000000197e-01 3.374999999999999962e-03
1.400000000000000000e+01 1.600000000000000000e+01 4.000000000000000000e+00 0.000000000000000000e+00 1.600000000000000089e+00 1.630000000000000047e-04 -1.217799999999999959e-02 9.999259999999999815e-01 3.160729999999999928e-01 -9.486639999999999517e-01 -1.160500000000000073e-02 9.487349999999999950e-01 3.160519999999999996e-01 3.694999999999999934e-03
2.600000000000000000e+01 1.600000000000000000e+01 4.000000000000000000e+00 0.000000000000000000e+00 1.600000000000000089e+00 -2.023000000000000059e-03 -1.083899999999999968e-02 9.999390000000000223e-01 3.165799999999999725e-01 -9.485170000000000545e-01 -9.641000000000000264e-03 9.485639999999999628e-01 3.165410000000000168e-01 5.349999999999999721e-03
3.000000000000000000e+00 1.010000000000000000e+02 7.000000000000000000e+00 0.000000000000000000e+00 1.600000000000000089e+00 2.950000000000000148e-04 -1.255999999999999955e-03 9.999989999999999712e-01 8.894549999999999956e-01 4.570230000000000126e-01 3.110000000000000243e-04 -4.570230000000000126e-01 8.894539999999999669e-01 1.252000000000000075e-03
2.200000000000000000e+01 1.010000000000000000e+02 7.000000000000000000e+00 0.000000000000000000e+00 1.600000000000000089e+00 -1.060000000000000016e-04 -9.514999999999999153e-03 9.999550000000000383e-01 8.865389999999999660e-01 4.626319999999999877e-01 4.497000000000000129e-03 -4.626540000000000097e-01 8.864990000000000370e-01 8.385999999999999358e-03
2.700000000000000000e+01 1.010000000000000000e+02 7.000000000000000000e+00 0.000000000000000000e+00 1.600000000000000089e+00 2.748000000000000009e-03 4.812999999999999570e-03 9.999850000000000128e-01 8.851759999999999629e-01 4.652339999999999809e-01 -4.670999999999999805e-03 -4.652490000000000236e-01 8.851750000000000451e-01 -2.981999999999999842e-03
2.400000000000000000e+01 1.500000000000000000e+01 8.000000000000000000e+00 0.000000000000000000e+00 1.600000000000000089e+00 -3.477000000000000056e-03 -1.007699999999999915e-02 -9.999430000000000263e-01 -5.663820000000000521e-01 -8.240790000000000060e-01 1.027400000000000015e-02 -8.241359999999999797e-01 5.663850000000000273e-01 -2.841999999999999908e-03
5.000000000000000000e+00 2.600000000000000000e+01 8.000000000000000000e+00 0.000000000000000000e+00 1.600000000000000089e+00 -2.229000000000000078e-03 6.246999999999999949e-03 -9.999780000000000335e-01 4.231300000000000061e-01 9.060570000000000013e-01 4.716999999999999839e-03 9.060660000000000380e-01 -4.231099999999999861e-01 -4.662999999999999610e-03
1.000000000000000000e+01 2.600000000000000000e+01 8.000000000000000000e+00 0.000000000000000000e+00 1.600000000000000089e+00 -2.096000000000000207e-03 1.470300000000000079e-02 -9.998899999999999455e-01 4.251650000000000151e-01 9.050300000000000011e-01 1.241699999999999922e-02 9.051129999999999454e-01 -4.250920000000000254e-01 -8.148000000000000728e-03
1.500000000000000000e+01 2.600000000000000000e+01 8.000000000000000000e+00 0.000000000000000000e+00 1.600000000000000089e+00 4.353000000000000098e-03 -1.047999999999999973e-02 -9.999360000000000470e-01 4.271949999999999914e-01 9.041280000000000427e-01 -7.616000000000000374e-03 9.041489999999999805e-01 -4.271340000000000137e-01 8.413000000000000339e-03
2.100000000000000000e+01 2.600000000000000000e+01 8.000000000000000000e+00 0.000000000000000000e+00 1.600000000000000089e+00 2.099000000000000171e-03 4.224000000000000324e-03 -9.999890000000000168e-01 4.252940000000000054e-01 9.050430000000000419e-01 4.715999999999999706e-03 9.050529999999999964e-01 -4.252989999999999826e-01 1.029999999999999964e-04
2.800000000000000000e+01 2.600000000000000000e+01 8.000000000000000000e+00 0.000000000000000000e+00 1.600000000000000089e+00 5.410000000000000312e-04 1.680000000000000070e-03 -9.999989999999999712e-01 4.239269999999999983e-01 9.056950000000000278e-01 1.750999999999999952e-03 9.056959999999999456e-01 -4.239269999999999983e-01 -2.220000000000000022e-04
2.000000000000000000e+00 1.400000000000000000e+01 9.000000000000000000e+00 0.000000000000000000e+00 1.600000000000000089e+00 1.320000000000000101e-04 4.053000000000000179e-03 -9.999919999999999920e-01 -5.569070000000000409e-01 -8.305679999999999730e-01 -3.439999999999999915e-03 -8.305749999999999522e-01 5.569030000000000369e-01 2.147000000000000037e-03
5.000000000000000000e+00 1.400000000000000000e+01 9.000000000000000000e+00 0.000000000000000000e+00 1.600000000000000089e+00 6.920000000000000153e-04 -1.516999999999999902e-03 -9.999989999999999712e-01 -5.567469999999999919e-01 -8.306820000000000315e-01 8.750000000000000182e-04 -8.306820000000000315e-01 5.567459999999999631e-01 -1.418999999999999906e-03
8.000000000000000000e+00 1.400000000000000000e+01 9.000000000000000000e+00 0.000000000000000000e+00 1.600000000000000089e+00 -1.069999999999999988e-04 -2.098000000000000038e-03 -9.999980000000000535e-01 -5.564179999999999682e-01 -8.309010000000000007e-01 1.802999999999999915e-03 -8.309029999999999472e-01 5.564170000000000504e-01 -1.079000000000000098e-03
1.400000000000000000e+01 1.400000000000000000e+01 9.000000000000000000e+00 0.000000000000000000e+00 1.600000000000000089e+00 -3.063999999999999883e-03 -1.236399999999999999e-02 -9.999190000000000023e-01 -5.586609999999999632e-01 -8.293099999999999916e-01 1.196599999999999921e-02 -8.293899999999999606e-01 5.586529999999999552e-01 -4.366000000000000089e-03
2.200000000000000000e+01 1.400000000000000000e+01 9.000000000000000000e+00 0.000000000000000000e+00 1.600000000000000089e+00 -2.919999999999999853e-03 -5.661000000000000233e-03 -9.999799999999999800e-01 -5.607779999999999987e-01 -8.279419999999999558e-01 6.323999999999999760e-03 -8.279609999999999470e-01 5.607849999999999779e-01 -7.569999999999999689e-04
7.000000000000000000e+00 1.020000000000000000e+02 9.000000000000000000e+00 0.000000000000000000e+00 1.600000000000000089e+00 9.799999999999999684e-05 2.118000000000000091e-03 9.999980000000000535e-01 9.253029999999999866e-01 3.792269999999999808e-01 -8.940000000000000464e-04 -3.792280000000000095e-01 9.253010000000000401e-01 -1.922000000000000097e-03
9.000000000000000000e+00 1.040000000000000000e+02 1.100000000000000000e+01 0.000000000000000000e+00 1.600000000000000089e+00 -2.155999999999999930e-03 -5.559999999999999621e-04 9.999980000000000535e-01 -9.733070000000000332e-01 -2.294940000000000035e-01 -2.226000000000000114e-03 2.294950000000000045e-01 -9.733100000000000085e-01 -4.600000000000000004e-05
1.000000000000000000e+00 3.200000000000000000e+01 1.400000000000000000e+01 0.000000000000000000e+00 1.600000000000000089e+00 2.085000000000000048e-03 1.935000000000000088e-03 -9.999959999999999960e-01 1.112810000000000049e-01 9.937869999999999759e-01 2.154999999999999798e-03 9.937869999999999759e-01 -1.112849999999999950e-01 1.856999999999999927e-03
9.000000000000000000e+00 3.200000000000000000e+01 1.400000000000000000e+01 0.000000000000000000e+00 1.600000000000000089e+00 -1.789299999999999918e-02 4.914199999999999818e-02 -9.986319999999999641e-01 9.186500000000000221e-02 9.946469999999999478e-01 4.730000000000000177e-02 9.956110000000000237e-01 -9.089300000000000157e-02 -2.231100000000000097e-02
1.300000000000000000e+01 3.200000000000000000e+01 1.400000000000000000e+01 0.000000000000000000e+00 1.600000000000000089e+00 1.870000000000000134e-02 -4.055700000000000277e-02 -9.990019999999999456e-01 9.216900000000000093e-02 9.949919999999999876e-01 -3.866900000000000198e-02 9.955680000000000085e-01 -9.135400000000000464e-02 2.234399999999999928e-02
2.000000000000000000e+00 1.200000000000000000e+01 1.500000000000000000e+01 0.000000000000000000e+00 1.600000000000000089e+00 2.969999999999999984e-03 3.980000000000000248e-04 -9.999949999999999672e-01 -4.644570000000000087e-01 -8.855939999999999923e-01 -1.730999999999999900e-03 -8.855910000000000171e-01 4.644599999999999840e-01 -2.445000000000000125e-03
2.400000000000000000e+01 1.200000000000000000e+01 1.500000000000000000e+01 0.000000000000000000e+00 1.600000000000000089e+00 -8.210000000000000067e-04 -5.080999999999999579e-03 -9.999869999999999592e-01 -4.652780000000000249e-01 -8.851510000000000211e-01 4.878999999999999657e-03 -8.851639999999999509e-01 4.652760000000000229e-01 -1.637999999999999916e-03
4.000000000000000000e+00 2.000000000000000000e+00 1.900000000000000000e+01 0.000000000000000000e+00 1.600000000000000089e+00 -1.075999999999999917e-03 -9.319999999999999942e-04 -9.999989999999999712e-01 1.248869999999999980e-01 -9.921710000000000251e-01 7.910000000000000364e-04 -9.921699999999999964e-01 -1.248859999999999970e-01 1.183999999999999940e-03
1.000000000000000000e+01 2.000000000000000000e+00 1.900000000000000000e+01 0.000000000000000000e+00 1.600000000000000089e+00 -1.356999999999999916e-03 4.174999999999999892e-03 -9.999900000000000455e-01 1.327830000000000121e-01 -9.911360000000000170e-01 -4.317999999999999790e-03 -9.911440000000000250e-01 -1.327879999999999894e-01 7.910000000000000364e-04
1.300000000000000000e+01 2.000000000000000000e+00 1.900000000000000000e+01 0.000000000000000000e+00 1.600000000000000089e+00 -7.209999999999999612e-04 5.075999999999999783e-03 -9.999869999999999592e-01 1.331789999999999918e-01 -9.910790000000000433e-01 -5.126000000000000348e-03 -9.910919999999999730e-01 -1.331809999999999938e-01 3.899999999999999929e-05
2.200000000000000000e+01 2.000000000000000000e+00 1.900000000000000000e+01 0.000000000000000000e+00 1.600000000000000089e+00 -1.029999999999999964e-04 -1.309999999999999967e-03 -9.999989999999999712e-01 1.375339999999999896e-01 -9.904960000000000431e-01 1.283999999999999985e-03 -9.904969999999999608e-01 -1.375339999999999896e-01 2.820000000000000241e-04
2.400000000000000000e+01 2.000000000000000000e+00 1.900000000000000000e+01 0.000000000000000000e+00 1.600000000000000089e+00 -5.169999999999999899e-04 -2.008999999999999935e-03 -9.999980000000000535e-01 1.414839999999999987e-01 -9.899390000000000134e-01 1.915999999999999951e-03 -9.899400000000000421e-01 -1.414829999999999977e-01 7.960000000000000495e-04
2.700000000000000000e+01 2.000000000000000000e+00 1.900000000000000000e+01 0.000000000000000000e+00 1.600000000000000089e+00 -2.469999999999999865e-04 -4.722999999999999768e-03 -9.999890000000000168e-01 1.452459999999999862e-01 -9.893849999999999589e-01 4.636999999999999629e-03 -9.893950000000000244e-01 -1.452440000000000120e-01 9.300000000000000541e-04
7.000000000000000000e+00 1.300000000000000000e+01 2.000000000000000000e+01 0.000000000000000000e+00 1.600000000000000089e+00 -4.840000000000000010e-04 5.609999999999999752e-04 1.000000000000000000e+00 2.487870000000000081e-01 9.685580000000000300e-01 -4.229999999999999819e-04 -9.685580000000000300e-01 2.487870000000000081e-01 -6.089999999999999494e-04
1.900000000000000000e+01 1.300000000000000000e+01 2.000000000000000000e+01 0.000000000000000000e+00 1.600000000000000089e+00 -1.984000000000000086e-03 -3.836000000000000000e-03 9.999909999999999632e-01 2.519199999999999773e-01 9.677390000000000159e-01 4.211999999999999598e-03 -9.677459999999999951e-01 2.519259999999999833e-01 -9.539999999999999869e-04
2.500000000000000000e+01 1.300000000000000000e+01 2.000000000000000000e+01 0.000000000000000000e+00 1.600000000000000089e+00 4.339999999999999782e-04 -1.433000000000000029e-03 9.999989999999999712e-01 2.516809999999999881e-01 9.678090000000000304e-01 1.276999999999999923e-03 -9.678099999999999481e-01 2.516800000000000148e-01 7.810000000000000102e-04
2.200000000000000000e+01 1.600000000000000000e+01 2.100000000000000000e+01 0.000000000000000000e+00 1.600000000000000089e+00 -5.280000000000000405e-04 -5.364999999999999977e-03 9.999850000000000128e-01 2.998930000000000207e-01 9.539579999999999727e-01 5.276000000000000308e-03 -9.539729999999999599e-01 2.998919999999999919e-01 1.105999999999999995e-03
5.000000000000000000e+00 4.600000000000000000e+01 2.700000000000000000e+01 0.000000000000000000e+00 1.600000000000000089e+00 -3.001999999999999894e-03 -6.030000000000000204e-04 -9.999949999999999672e-01 6.695039999999999880e-01 7.428040000000000198e-01 -2.458000000000000115e-03 7.428029999999999911e-01 -6.695079999999999920e-01 -1.825999999999999932e-03
2.600000000000000000e+01 4.600000000000000000e+01 2.700000000000000000e+01 0.000000000000000000e+00 1.600000000000000089e+00 2.135999999999999878e-03 6.319999999999999663e-04 -9.999970000000000248e-01 6.643869999999999498e-01 7.473859999999999948e-01 1.892000000000000019e-03 7.473859999999999948e-01 -6.643900000000000361e-01 1.175999999999999962e-03
3.000000000000000000e+00 4.600000000000000000e+01 3.000000000000000000e+01 0.000000000000000000e+00 1.600000000000000089e+00 -8.760000000000000425e-04 -7.550000000000000287e-04 -9.999989999999999712e-01 3.300279999999999880e-01 9.439710000000000045e-01 -1.002000000000000069e-03 9.439710000000000045e-01 -3.300279999999999880e-01 -5.770000000000000389e-04
1.100000000000000000e+01 4.600000000000000000e+01 3.000000000000000000e+01 0.000000000000000000e+00 1.600000000000000089e+00 1.753000000000000001e-03 1.183999999999999940e-03 -9.999980000000000535e-01 3.275230000000000086e-01 9.448419999999999597e-01 1.693000000000000060e-03 9.448419999999999597e-01 -3.275250000000000106e-01 1.268000000000000030e-03
1.800000000000000000e+01 4.600000000000000000e+01 3.000000000000000000e+01 0.000000000000000000e+00 1.600000000000000089e+00 -8.289999999999999843e-04 -1.461000000000000059e-03 -9.999989999999999712e-01 3.233759999999999968e-01 9.462690000000000268e-01 -1.650999999999999907e-03 9.462699999999999445e-01 -3.233770000000000255e-01 -3.119999999999999944e-04
2.800000000000000000e+01 4.600000000000000000e+01 3.000000000000000000e+01 0.000000000000000000e+00 1.600000000000000089e+00 1.706000000000000051e-03 5.800000000000000034e-04 -9.999980000000000535e-01 3.213909999999999823e-01 9.469459999999999544e-01 1.097000000000000102e-03 9.469450000000000367e-01 -3.213920000000000110e-01 1.428999999999999932e-03
3.000000000000000000e+00 5.800000000000000000e+01 3.100000000000000000e+01 0.000000000000000000e+00 1.600000000000000089e+00 1.840000000000000056e-03 -2.799999999999999755e-04 9.999980000000000535e-01 -7.582670000000000243e-01 -6.519430000000000502e-01 1.213000000000000102e-03 6.519420000000000215e-01 -7.582680000000000531e-01 -1.410999999999999928e-03
7.000000000000000000e+00 5.800000000000000000e+01 3.100000000000000000e+01 0.000000000000000000e+00 1.600000000000000089e+00 1.918000000000000000e-03 -1.299999999999999886e-04 9.999980000000000535e-01 -7.605889999999999596e-01 -6.492320000000000313e-01 1.374999999999999920e-03 6.492299999999999738e-01 -7.605910000000000171e-01 -1.343999999999999926e-03
1.500000000000000000e+01 5.800000000000000000e+01 3.100000000000000000e+01 0.000000000000000000e+00 1.600000000000000089e+00 -3.618000000000000122e-03 -4.954000000000000070e-03 9.999810000000000088e-01 -7.700960000000000027e-01 -6.379010000000000513e-01 -5.947000000000000029e-03 6.379179999999999851e-01 -7.701029999999999820e-01 -1.507000000000000093e-03
1.800000000000000000e+01 5.800000000000000000e+01 3.100000000000000000e+01 0.000000000000000000e+00 1.600000000000000089e+00 -3.893999999999999892e-03 -4.837000000000000154e-03 9.999810000000000088e-01 -7.709120000000000417e-01 -6.369120000000000337e-01 -6.082999999999999866e-03 6.369289999999999674e-01 -7.709209999999999674e-01 -1.248999999999999893e-03
2.100000000000000000e+01 5.800000000000000000e+01 3.100000000000000000e+01 0.000000000000000000e+00 1.600000000000000089e+00 -5.525999999999999662e-03 -4.354000000000000231e-03 9.999749999999999472e-01 -7.698169999999999735e-01 -6.382250000000000423e-01 -7.033000000000000189e-03 6.382400000000000295e-01 -7.698369999999999935e-01 1.749999999999999982e-04
2.500000000000000000e+01 5.800000000000000000e+01 3.100000000000000000e+01 0.000000000000000000e+00 1.600000000000000089e+00 -4.540999999999999898e-03 -5.205000000000000425e-03 9.999759999999999760e-01 -7.704370000000000385e-01 -6.374790000000000179e-01 -6.817000000000000143e-03 6.374999999999999556e-01 -7.704499999999999682e-01 -1.115000000000000106e-03
2.900000000000000000e+01 5.800000000000000000e+01 3.100000000000000000e+01 0.000000000000000000e+00 1.600000000000000089e+00 -2.125000000000000153e-03 -3.047999999999999928e-03 9.999930000000000208e-01 -7.714509999999999978e-01 -6.362790000000000390e-01 -3.579000000000000150e-03 6.362849999999999895e-01 -7.714530000000000554e-01 -9.990000000000001049e-04
3.000000000000000000e+00 6.000000000000000000e+00 3.200000000000000000e+01 0.000000000000000000e+00 1.600000000000000089e+00 1.516999999999999902e-03 -4.374000000000000284e-03 -9.999890000000000168e-01 2.416260000000000074e-01 9.703619999999999468e-01 -3.877999999999999937e-03 9.703680000000000083e-01 -2.416179999999999994e-01 2.528999999999999998e-03
6.000000000000000000e+00 6.000000000000000000e+00 3.200000000000000000e+01 0.000000000000000000e+00 1.600000000000000089e+00 7.799999999999999859e-04 -1.588000000000000002e-03 -9.999980000000000535e-01 2.431079999999999908e-01 9.699980000000000269e-01 -1.350999999999999987e-03 9.699989999999999446e-01 -2.431069999999999898e-01 1.142999999999999919e-03
2.100000000000000000e+01 6.000000000000000000e+00 3.200000000000000000e+01 0.000000000000000000e+00 1.600000000000000089e+00 1.551000000000000078e-03 1.948999999999999995e-03 -9.999970000000000248e-01 2.298250000000000015e-01 9.732290000000000108e-01 2.253999999999999927e-03 9.732309999999999572e-01 -2.298280000000000045e-01 1.062000000000000010e-03
2.900000000000000000e+01 6.000000000000000000e+00 3.200000000000000000e+01 0.000000000000000000e+00 1.600000000000000089e+00 -9.169999999999999549e-04 -2.918000000000000021e-03 -9.999949999999999672e-01 2.053550000000000098e-01 9.786829999999999696e-01 -3.043999999999999831e-03 9.786869999999999736e-01 -2.053570000000000118e-01 -2.990000000000000036e-04
7.000000000000000000e+00 2.200000000000000000e+01 3.400000000000000000e+01 0.000000000000000000e+00 1.600000000000000089e+00 6.899999999999999667e-04 -1.773000000000000053e-03 9.999980000000000535e-01 3.788219999999999921e-01 -9.254670000000000396e-01 -1.902000000000000045e-03 9.254689999999999861e-01 3.788230000000000208e-01 3.300000000000000253e-05
5.000000000000000000e+00 4.600000000000000000e+01 3.500000000000000000e+01 0.000000000000000000e+00 1.600000000000000089e+00 -1.673000000000000008e-03 4.975000000000000255e-03 -9.999860000000000415e-01 3.854170000000000096e-01 -9.227269999999999639e-01 -5.235000000000000070e-03 -9.227410000000000334e-01 -3.854210000000000136e-01 -3.739999999999999835e-04
1.300000000000000000e+01 4.600000000000000000e+01 3.500000000000000000e+01 0.000000000000000000e+00 1.600000000000000089e+00 -8.720000000000000537e-04 -9.899999999999999404e-05 -1.000000000000000000e+00 3.871859999999999746e-01 -9.220009999999999595e-01 -2.460000000000000164e-04 -9.220009999999999595e-01 -3.871859999999999746e-01 8.429999999999999993e-04
1.800000000000000000e+01 4.600000000000000000e+01 3.500000000000000000e+01 0.000000000000000000e+00 1.600000000000000089e+00 -1.700000000000000122e-04 -5.178999999999999576e-03 -9.999869999999999592e-01 3.853269999999999751e-01 -9.227680000000000327e-01 4.714000000000000308e-03 -9.227800000000000447e-01 -3.853210000000000246e-01 2.152999999999999966e-03
2.300000000000000000e+01 4.600000000000000000e+01 3.500000000000000000e+01 0.000000000000000000e+00 1.600000000000000089e+00 -7.699999999999999597e-04 8.090000000000000403e-04 -9.999989999999999712e-01 3.854839999999999933e-01 -9.227140000000000342e-01 -1.043000000000000090e-03 -9.227140000000000342e-01 -3.854839999999999933e-01 3.989999999999999949e-04
2.600000000000000000e+01 4.600000000000000000e+01 3.500000000000000000e+01 0.000000000000000000e+00 1.600000000000000089e+00 5.450000000000000200e-04 -1.881999999999999992e-03 -9.999980000000000535e-01 3.865509999999999780e-01 -9.222660000000000302e-01 1.946000000000000030e-03 -9.222679999999999767e-01 -3.865509999999999780e-01 2.239999999999999966e-04
2.000000000000000000e+00 9.500000000000000000e+01 3.600000000000000000e+01 0.000000000000000000e+00 1.600000000000000089e+00 -1.701999999999999954e-03 -6.198999999999999649e-03 9.999789999999999512e-01 9.962360000000000104e-01 8.664900000000000380e-02 2.233000000000000176e-03 -8.666100000000000192e-02 9.962199999999999944e-01 6.028999999999999637e-03
6.000000000000000000e+00 9.500000000000000000e+01 3.600000000000000000e+01 0.000000000000000000e+00 1.600000000000000089e+00 -5.211000000000000354e-03 1.325000000000000006e-03 9.999860000000000415e-01 9.961729999999999752e-01 8.726000000000000423e-02 5.074999999999999650e-03 -8.725199999999999623e-02 9.961849999999999872e-01 -1.775000000000000102e-03
1.500000000000000000e+01 9.500000000000000000e+01 3.600000000000000000e+01 0.000000000000000000e+00 1.600000000000000089e+00 -3.648000000000000201e-03 -7.522000000000000040e-03 9.999649999999999928e-01 9.963199999999999834e-01 8.560600000000000154e-02 4.278999999999999818e-03 -8.563500000000000278e-02 9.963009999999999922e-01 7.182000000000000016e-03
2.000000000000000000e+01 9.500000000000000000e+01 3.600000000000000000e+01 0.000000000000000000e+00 1.600000000000000089e+00 -9.049999999999999885e-04 -2.827999999999999785e-03 9.999959999999999960e-01 9.963490000000000402e-01 8.536599999999999744e-02 1.142999999999999919e-03 -8.536900000000000044e-02 9.963459999999999539e-01 2.739999999999999814e-03
2.300000000000000000e+01 9.500000000000000000e+01 3.600000000000000000e+01 0.000000000000000000e+00 1.600000000000000089e+00 -1.720000000000000066e-04 -7.816999999999999296e-03 9.999689999999999968e-01 9.961830000000000407e-01 8.727999999999999647e-02 8.530000000000000256e-04 -8.728400000000000047e-02 9.961529999999999552e-01 7.772000000000000262e-03
3.000000000000000000e+01 9.500000000000000000e+01 3.600000000000000000e+01 0.000000000000000000e+00 1.600000000000000089e+00 7.017999999999999933e-03 1.745599999999999929e-02 9.998230000000000173e-01 9.970170000000000421e-01 7.673199999999999465e-02 -8.337999999999999926e-03 -7.686400000000000177e-02 9.968989999999999796e-01 -1.686500000000000152e-02
5.000000000000000000e+00 3.000000000000000000e+00 4.300000000000000000e+01 0.000000000000000000e+00 1.600000000000000089e+00 1.347000000000000107e-03 3.889999999999999795e-03 -9.999919999999999920e-01 7.374009999999999732e-01 -6.754539999999999988e-01 -1.634000000000000036e-03 -6.754539999999999988e-01 -7.373920000000000474e-01 -3.778000000000000108e-03
1.000000000000000000e+01 3.000000000000000000e+00 4.300000000000000000e+01 0.000000000000000000e+00 1.600000000000000089e+00 8.850000000000000444e-04 1.059000000000000045e-02 -9.999430000000000263e-01 7.384619999999999518e-01 -6.742629999999999457e-01 -6.486999999999999711e-03 -6.742939999999999490e-01 -7.384150000000000436e-01 -8.416999999999999135e-03
1.700000000000000000e+01 3.000000000000000000e+00 4.300000000000000000e+01 0.000000000000000000e+00 1.600000000000000089e+00 -1.389999999999999905e-04 -1.557000000000000007e-03 -9.999989999999999712e-01 7.358660000000000201e-01 -6.771270000000000344e-01 9.520000000000000467e-04 -6.771270000000000344e-01 -7.358649999999999913e-01 1.240000000000000000e-03
2.500000000000000000e+01 3.000000000000000000e+00 4.300000000000000000e+01 0.000000000000000000e+00 1.600000000000000089e+00 7.399999999999999623e-05 1.051799999999999957e-02 -9.999449999999999728e-01 7.375080000000000524e-01 -6.753010000000000401e-01 -7.048999999999999710e-03 -6.753379999999999939e-01 -7.374669999999999837e-01 -7.806999999999999704e-03
2.000000000000000000e+00 8.000000000000000000e+00 4.400000000000000000e+01 0.000000000000000000e+00 1.600000000000000089e+00 1.881999999999999992e-03 8.288999999999999493e-03 9.999639999999999640e-01 -7.683480000000000310e-01 -6.399970000000000381e-01 6.751000000000000056e-03 6.400289999999999591e-01 -7.683330000000000437e-01 5.164000000000000187e-03
6.000000000000000000e+00 8.000000000000000000e+00 4.400000000000000000e+01 0.000000000000000000e+00 1.600000000000000089e+00 1.080000000000000014e-03 5.283000000000000369e-03 9.999850000000000128e-01 -7.730089999999999462e-01 -6.343809999999999727e-01 4.186999999999999750e-03 6.343940000000000135e-01 -7.730019999999999669e-01 3.399000000000000112e-03
2.500000000000000000e+01 8.000000000000000000e+00 4.400000000000000000e+01 0.000000000000000000e+00 1.600000000000000089e+00 7.799999999999999859e-04 4.505000000000000324e-03 9.999900000000000455e-01 -7.678690000000000238e-01 -6.405980000000000008e-01 3.484999999999999817e-03 6.406070000000000375e-01 -7.678639999999999910e-01 2.959999999999999958e-03
6.000000000000000000e+00 2.900000000000000000e+01 4.400000000000000000e+01 0.000000000000000000e+00 1.600000000000000089e+00 -8.570000000000000144e-04 2.262000000000000122e-03 -9.999970000000000248e-01 6.572519999999999474e-01 7.536699999999999511e-01 1.141000000000000087e-03 7.536699999999999511e-01 -6.572489999999999721e-01 -2.132999999999999913e-03
9.000000000000000000e+00 2.900000000000000000e+01 4.400000000000000000e+01 0.000000000000000000e+00 1.600000000000000089e+00 -1.281000000000000021e-03 -1.918000000000000000e-03 -9.999970000000000248e-01 6.579300000000000148e-01 7.530759999999999676e-01 -2.286999999999999970e-03 7.530780000000000252e-01 -6.579310000000000436e-01 2.970000000000000092e-04
1.700000000000000000e+01 2.900000000000000000e+01 4.400000000000000000e+01 0.000000000000000000e+00 1.600000000000000089e+00 -1.210000000000000002e-04 -4.255000000000000102e-03 -9.999909999999999632e-01 6.598840000000000261e-01 7.513600000000000279e-01 -3.276999999999999965e-03 7.513670000000000071e-01 -6.598789999999999933e-01 2.716999999999999797e-03
2.000000000000000000e+01 2.900000000000000000e+01 4.400000000000000000e+01 0.000000000000000000e+00 1.600000000000000089e+00 -1.286999999999999950e-03 -7.275000000000000216e-03 -9.999730000000000008e-01 6.596509999999999874e-01 7.515460000000000473e-01 -6.316999999999999699e-03 7.515709999999999891e-01 -6.596410000000000329e-01 3.831999999999999903e-03
2.400000000000000000e+01 2.900000000000000000e+01 4.400000000000000000e+01 0.000000000000000000e+00 1.600000000000000089e+00 -8.899999999999999491e-05 -4.859999999999999737e-03 -9.999879999999999880e-01 6.594680000000000542e-01 7.517239999999999478e-01 -3.712000000000000022e-03 7.517329999999999846e-01 -6.594600000000000461e-01 3.138000000000000164e-03
5.000000000000000000e+00 5.400000000000000000e+01 4.600000000000000000e+01 0.000000000000000000e+00 1.600000000000000089e+00 7.020000000000000415e-04 -3.709000000000000057e-03 9.999930000000000208e-01 3.573580000000000090e-01 -9.339600000000000124e-01 -3.713999999999999854e-03 9.339669999999999916e-01 3.573580000000000090e-01 6.700000000000000226e-04
7.000000000000000000e+00 6.500000000000000000e+01 4.600000000000000000e+01 0.000000000000000000e+00 1.600000000000000089e+00 -2.543999999999999821e-03 3.778000000000000108e-03 9.999900000000000455e-01 6.818199999999999816e-01 -7.315059999999999896e-01 4.498000000000000262e-03 7.315150000000000263e-01 6.818250000000000144e-01 -7.150000000000000322e-04
2.000000000000000000e+01 7.000000000000000000e+01 4.700000000000000000e+01 0.000000000000000000e+00 1.600000000000000089e+00 -1.969999999999999909e-04 1.173999999999999913e-03 -9.999989999999999712e-01 -8.429210000000000313e-01 -5.380369999999999875e-01 -4.659999999999999971e-04 -5.380369999999999875e-01 8.429200000000000026e-01 1.095000000000000053e-03
2.000000000000000000e+00 5.000000000000000000e+00 5.100000000000000000e+01 0.000000000000000000e+00 1.600000000000000089e+00 1.453999999999999997e-03 9.686000000000000165e-03 -9.999519999999999520e-01 4.890550000000000175e-01 -8.722189999999999666e-01 -7.738000000000000086e-03 -8.722520000000000273e-01 -4.890200000000000102e-01 -6.004999999999999921e-03
2.800000000000000000e+01 5.000000000000000000e+00 5.100000000000000000e+01 0.000000000000000000e+00 1.600000000000000089e+00 -5.609999999999999752e-04 6.004999999999999921e-03 -9.999820000000000375e-01 4.727080000000000171e-01 -8.812020000000000408e-01 -5.557000000000000307e-03 -8.812189999999999745e-01 -4.727020000000000111e-01 -2.344000000000000163e-03
5.000000000000000000e+00 1.150000000000000000e+02 5.100000000000000000e+01 0.000000000000000000e+00 1.600000000000000089e+00 1.291000000000000047e-03 1.915999999999999951e-03 9.999970000000000248e-01 8.412979999999999903e-01 -5.405720000000000525e-01 -5.099999999999999960e-05 5.405699999999999950e-01 8.412960000000000438e-01 -2.309999999999999987e-03
1.800000000000000000e+01 1.500000000000000000e+01 5.300000000000000000e+01 0.000000000000000000e+00 1.600000000000000089e+00 2.260999999999999989e-03 3.899999999999999821e-03 -9.999900000000000455e-01 6.755710000000000326e-01 7.372819999999999929e-01 4.402999999999999796e-03 7.372910000000000297e-01 -6.755740000000000078e-01 -9.680000000000000019e-04
1.000000000000000000e+00 6.300000000000000000e+01 5.400000000000000000e+01 0.000000000000000000e+00 1.600000000000000089e+00 -1.843999999999999936e-03 -4.198999999999999608e-03 9.999890000000000168e-01 -3.419470000000000010e-01 9.397130000000000205e-01 3.314999999999999804e-03 -9.397170000000000245e-01 -3.419380000000000197e-01 -3.168999999999999942e-03
6.000000000000000000e+00 6.300000000000000000e+01 5.400000000000000000e+01 0.000000000000000000e+00 1.600000000000000089e+00 5.659999999999999884e-04 -1.113000000000000057e-03 9.999989999999999712e-01 -3.433510000000000173e-01 9.392059999999999853e-01 1.240000000000000000e-03 -9.392070000000000141e-01 -3.433510000000000173e-01 1.499999999999999869e-04
1.700000000000000000e+01 6.300000000000000000e+01 5.400000000000000000e+01 0.000000000000000000e+00 1.600000000000000089e+00 1.108000000000000044e-03 -1.361999999999999929e-03 9.999989999999999712e-01 -3.572949999999999737e-01 9.339899999999999869e-01 1.668999999999999911e-03 -9.339910000000000156e-01 -3.572960000000000025e-01 5.479999999999999845e-04
2.300000000000000000e+01 6.300000000000000000e+01 5.400000000000000000e+01 0.000000000000000000e+00 1.600000000000000089e+00 -1.422000000000000087e-03 -2.644000000000000083e-03 9.999949999999999672e-01 -3.521989999999999843e-01 9.359229999999999494e-01 1.972999999999999927e-03 -9.359239999999999782e-01 -3.521940000000000071e-01 -2.262000000000000122e-03
2.800000000000000000e+01 6.300000000000000000e+01 5.400000000000000000e+01 0.000000000000000000e+00 1.600000000000000089e+00 6.200000000000000270e-05 -1.552999999999999910e-03 9.999989999999999712e-01 -3.545610000000000150e-01 9.350319999999999743e-01 1.474000000000000050e-03 -9.350330000000000030e-01 -3.545610000000000150e-01 -4.929999999999999487e-04
3.000000000000000000e+00 2.500000000000000000e+01 5.500000000000000000e+01 0.000000000000000000e+00 1.600000000000000089e+00 6.000000000000000152e-05 2.053000000000000137e-03 -9.999980000000000535e-01 -9.929999999999999591e-03 -9.999489999999999768e-01 -2.053000000000000137e-03 -9.999510000000000343e-01 9.929999999999999591e-03 -4.000000000000000327e-05
8.000000000000000000e+00 2.500000000000000000e+01 5.500000000000000000e+01 0.000000000000000000e+00 1.600000000000000089e+00 7.389999999999999651e-04 2.003000000000000006e-03 -9.999980000000000535e-01 -1.000000000000000021e-02 -9.999479999999999480e-01 -2.010000000000000068e-03 -9.999500000000000055e-01 1.000099999999999947e-02 -7.190000000000000210e-04
1.200000000000000000e+01 2.500000000000000000e+01 5.500000000000000000e+01 0.000000000000000000e+00 1.600000000000000089e+00 -2.660000000000000146e-04 8.799999999999999771e-05 -1.000000000000000000e+00 -1.072999999999999995e-02 -9.999419999999999975e-01 -8.500000000000000611e-05 -9.999419999999999975e-01 1.072999999999999995e-02 2.669999999999999847e-04
1.900000000000000000e+01 2.500000000000000000e+01 5.500000000000000000e+01 0.000000000000000000e+00 1.600000000000000089e+00 9.899999999999999404e-05 2.436999999999999930e-03 -9.999970000000000248e-01 -9.440999999999999739e-03 -9.999519999999999520e-01 -2.436999999999999930e-03 -9.999550000000000383e-01 9.440999999999999739e-03 -7.600000000000000418e-05
2.600000000000000000e+01 2.500000000000000000e+01 5.500000000000000000e+01 0.000000000000000000e+00 1.600000000000000089e+00 -4.339999999999999782e-04 -4.381999999999999611e-03 -9.999900000000000455e-01 -1.093900000000000081e-02 -9.999310000000000143e-01 4.387000000000000274e-03 -9.999400000000000510e-01 1.094099999999999934e-02 3.860000000000000041e-04
7.000000000000000000e+00 7.000000000000000000e+00 6.000000000000000000e+01 0.000000000000000000e+00 1.600000000000000089e+00 1.487000000000000040e-03 7.224999999999999652e-03 9.999730000000000008e-01 5.664259999999999851e-01 -8.240969999999999684e-01 5.112000000000000224e-03 8.241119999999999557e-01 5.664029999999999898e-01 -5.317999999999999811e-03
1.300000000000000000e+01 7.000000000000000000e+00 6.000000000000000000e+01 0.000000000000000000e+00 1.600000000000000089e+00 1.759999999999999954e-04 5.572999999999999829e-03 9.999850000000000128e-01 5.655240000000000267e-01 -8.247189999999999799e-01 4.497000000000000129e-03 8.247320000000000206e-01 5.655149999999999899e-01 -3.295999999999999885e-03
1.700000000000000000e+01 7.000000000000000000e+00 6.000000000000000000e+01 0.000000000000000000e+00 1.600000000000000089e+00 4.065000000000000037e-03 3.818000000000000213e-03 9.999839999999999840e-01 5.622580000000000355e-01 -8.269609999999999461e-01 8.720000000000000537e-04 8.269520000000000204e-01 5.622460000000000235e-01 -5.507999999999999875e-03
1.500000000000000000e+01 2.100000000000000000e+01 6.000000000000000000e+01 0.000000000000000000e+00 1.600000000000000089e+00 -7.150000000000000322e-04 8.989999999999999511e-04 9.999989999999999712e-01 -9.750100000000000433e-02 9.952349999999999808e-01 -9.640000000000000131e-04 -9.952349999999999808e-01 -9.750200000000000533e-02 -6.239999999999999887e-04
1.900000000000000000e+01 2.100000000000000000e+01 6.000000000000000000e+01 0.000000000000000000e+00 1.600000000000000089e+00 -2.359999999999999902e-04 2.376000000000000074e-03 9.999970000000000248e-01 -9.704400000000000526e-02 9.952769999999999673e-01 -2.386999999999999799e-03 -9.952800000000000535e-01 -9.704400000000000526e-02 -5.000000000000000409e-06
6.000000000000000000e+00 6.000000000000000000e+00 6.100000000000000000e+01 0.000000000000000000e+00 1.600000000000000089e+00 5.199999999999999544e-04 2.455999999999999850e-03 9.999970000000000248e-01 5.589589999999999836e-01 -8.291929999999999579e-01 1.745999999999999939e-03 8.291950000000000154e-01 5.589570000000000372e-01 -1.804000000000000048e-03
1.300000000000000000e+01 4.000000000000000000e+00 6.200000000000000000e+01 0.000000000000000000e+00 1.600000000000000089e+00 -1.378000000000000102e-03 -5.689999999999999529e-04 9.999989999999999712e-01 -6.175749999999999851e-01 7.865119999999999889e-01 -4.029999999999999837e-04 -7.865109999999999602e-01 -6.175749999999999851e-01 -1.435000000000000078e-03
2.400000000000000000e+01 4.000000000000000000e+00 6.200000000000000000e+01 0.000000000000000000e+00 1.600000000000000089e+00 -3.379999999999999758e-04 8.109999999999999154e-03 9.999670000000000503e-01 -6.167839999999999989e-01 7.871040000000000258e-01 -6.591999999999999769e-03 -7.871320000000000539e-01 -6.167660000000000364e-01 4.735999999999999759e-03
3.000000000000000000e+00 2.700000000000000000e+01 6.300000000000000000e+01 0.000000000000000000e+00 1.600000000000000089e+00 1.783000000000000080e-03 1.975000000000000193e-03 9.999959999999999960e-01 -2.766290000000000138e-01 9.609760000000000524e-01 -1.404999999999999999e-03 -9.609750000000000236e-01 -2.766250000000000098e-01 2.259999999999999856e-03
8.000000000000000000e+00 2.700000000000000000e+01 6.300000000000000000e+01 0.000000000000000000e+00 1.600000000000000089e+00 8.670000000000000406e-04 4.179999999999999688e-03 9.999909999999999632e-01 -2.798519999999999897e-01 9.600360000000000005e-01 -3.771000000000000046e-03 -9.600429999999999797e-01 -2.798459999999999837e-01 2.001999999999999873e-03
1.300000000000000000e+01 2.700000000000000000e+01 6.300000000000000000e+01 0.000000000000000000e+00 1.600000000000000089e+00 -2.020000000000000094e-03 1.041999999999999958e-03 9.999970000000000248e-01 -2.772160000000000180e-01 9.608060000000000489e-01 -1.561000000000000104e-03 -9.608060000000000489e-01 -2.772180000000000200e-01 -1.652000000000000040e-03
1.900000000000000000e+01 2.700000000000000000e+01 6.300000000000000000e+01 0.000000000000000000e+00 1.600000000000000089e+00 2.214999999999999955e-03 -1.438000000000000042e-03 9.999959999999999960e-01 -2.713220000000000076e-01 9.624869999999999814e-01 1.984999999999999785e-03 -9.624859999999999527e-01 -2.713260000000000116e-01 1.740999999999999926e-03
2.500000000000000000e+01 2.700000000000000000e+01 6.300000000000000000e+01 0.000000000000000000e+00 1.600000000000000089e+00 1.753999999999999917e-03 -8.332000000000000864e-03 9.999639999999999640e-01 -2.766310000000000158e-01 9.609389999999999876e-01 8.491999999999999549e-03 -9.609750000000000236e-01 -2.766359999999999930e-01 -6.189999999999999756e-04
4.000000000000000000e+00 2.600000000000000000e+01 6.400000000000000000e+01 0.000000000000000000e+00 1.600000000000000089e+00 1.943000000000000066e-03 3.377999999999999926e-03 9.999919999999999920e-01 -3.467299999999999827e-01 9.379619999999999624e-01 -2.494000000000000123e-03 -9.379629999999999912e-01 -3.467230000000000034e-01 2.994000000000000133e-03
9.000000000000000000e+00 2.600000000000000000e+01 6.400000000000000000e+01 0.000000000000000000e+00 1.600000000000000089e+00 3.919999999999999873e-04 3.057999999999999954e-03 9.999949999999999672e-01 -3.475119999999999876e-01 9.376710000000000322e-01 -2.730999999999999921e-03 -9.376750000000000362e-01 -3.475090000000000123e-01 1.430000000000000064e-03
1.300000000000000000e+01 2.600000000000000000e+01 6.400000000000000000e+01 0.000000000000000000e+00 1.600000000000000089e+00 -2.805999999999999901e-03 5.169999999999999899e-04 9.999959999999999960e-01 -3.438709999999999822e-01 9.390159999999999618e-01 -1.451000000000000033e-03 -9.390129999999999866e-01 -3.438740000000000130e-01 -2.458000000000000115e-03
1.900000000000000000e+01 2.600000000000000000e+01 6.400000000000000000e+01 0.000000000000000000e+00 1.600000000000000089e+00 1.940000000000000101e-03 -3.641999999999999838e-03 9.999909999999999632e-01 -3.405750000000000166e-01 9.402080000000000437e-01 4.085000000000000089e-03 -9.402150000000000230e-01 -3.405799999999999939e-01 5.839999999999999922e-04
2.400000000000000000e+01 2.600000000000000000e+01 6.400000000000000000e+01 0.000000000000000000e+00 1.600000000000000089e+00 3.547999999999999939e-03 -1.030499999999999992e-02 9.999409999999999688e-01 -3.441330000000000222e-01 9.388579999999999703e-01 1.089700000000000044e-02 -9.389140000000000263e-01 -3.441509999999999847e-01 -2.149999999999999947e-04
1.100000000000000000e+01 6.900000000000000000e+01 6.600000000000000000e+01 0.000000000000000000e+00 1.600000000000000089e+00 -1.012000000000000096e-03 3.978999999999999898e-03 9.999919999999999920e-01 -9.516590000000000327e-01 3.071490000000000054e-01 -2.184999999999999876e-03 -3.071550000000000114e-01 -9.516529999999999712e-01 3.475999999999999923e-03
