3.000000000000000000e+00 1.500000000000000000e+01 4.000000000000000000e+00 0.000000000000000000e+00 1.600000000000000089e+00 1.155999999999999910e-03 8.042000000000000537e-03 9.999670000000000503e-01 2.953210000000000002e-01 -9.553700000000000525e-01 7.341999999999999568e-03 9.553970000000000518e-01 2.953029999999999822e-01 -3.480000000000000020e-03
1.200000000000000000e+01 1.500000000000000000e+01 4.000000000000000000e+00 0.000000000000000000e+00 1.600000000000000089e+00 1.814000000000000074e-03 5.664999999999999897e-03 9.999820000000000375e-01 2.910340000000000149e-01 -9.566999999999999948e-01 4.891999999999999647e-03 9.567109999999999781e-01 2.910200000000000009e-01 -3.383999999999999855e-03
1.700000000000000000e+01 1.500000000000000000e+01 4.000000000000000000e+00 0.000000000000000000e+00 1.600000000000000089e+00 -1.814000000000000074e-03 -1.492399999999999977e-02 9.998869999999999703e-01 2.867169999999999996e-01 -9.579159999999999897e-01 -1.377699999999999932e-02 9.580140000000000322e-01 2.866589999999999971e-01 6.015999999999999646e-03
2.600000000000000000e+01 1.500000000000000000e+01 4.000000000000000000e+00 0.000000000000000000e+00 1.600000000000000089e+00 -2.582000000000000094e-03 -3.996000000000000420e-03 9.999890000000000168e-01 2.875869999999999815e-01 -9.577499999999999902e-01 -3.085000000000000069e-03 9.577510000000000190e-01 2.875750000000000250e-01 3.621999999999999786e-03
2.900000000000000000e+01 1.500000000000000000e+01 4.000000000000000000e+00 0.000000000000000000e+00 1.600000000000000089e+00 -1.724999999999999971e-03 -3.383000000000000156e-03 9.999930000000000208e-01 2.885599999999999832e-01 -9.574580000000000313e-01 -2.740999999999999947e-03 9.574599999999999778e-01 2.885530000000000039e-01 2.628000000000000128e-03
7.000000000000000000e+00 1.600000000000000000e+01 4.000000000000000000e+00 0.000000000000000000e+00 1.600000000000000089e+00 -9.790000000000000525e-04 1.156599999999999989e-02 9.999329999999999607e-01 3.549200000000000133e-01 -9.348300000000000498e-01 1.115999999999999978e-02 9.348959999999999493e-01 3.549069999999999725e-01 -3.190000000000000127e-03
3.000000000000000000e+01 1.600000000000000000e+01 4.000000000000000000e+00 0.000000000000000000e+00 1.600000000000000089e+00 -1.353999999999999952e-03 -4.218000000000000395e-03 9.999900000000000455e-01 3.521759999999999891e-01 -9.359279999999999822e-01 -3.471000000000000127e-03 9.359330000000000149e-01 3.521670000000000078e-01 2.752000000000000106e-03
1.100000000000000000e+01 1.010000000000000000e+02 7.000000000000000000e+00 0.000000000000000000e+00 1.600000000000000089e+00 2.122000000000000188e-03 7.688000000000000389e-03 9.999679999999999680e-01 8.853750000000000231e-01 4.648459999999999814e-01 -5.453000000000000382e-03 -4.648729999999999807e-01 8.853579999999999783e-01 -5.819999999999999653e-03
1.400000000000000000e+01 1.010000000000000000e+02 7.000000000000000000e+00 0.000000000000000000e+00 1.600000000000000089e+00 3.220000000000000206e-04 -1.170299999999999986e-02 9.999310000000000143e-01 8.845129999999999937e-01 4.664869999999999850e-01 5.174999999999999913e-03 -4.665159999999999862e-01 8.844509999999999872e-01 1.050199999999999918e-02
4.000000000000000000e+00 1.500000000000000000e+01 8.000000000000000000e+00 0.000000000000000000e+00 1.600000000000000089e+00 8.710000000000000294e-04 7.561000000000000013e-03 -9.999710000000000543e-01 -5.848250000000000393e-01 -8.111319999999999641e-01 -6.642999999999999600e-03 -8.111589999999999634e-01 5.848139999999999450e-01 3.716000000000000119e-03
8.000000000000000000e+00 1.500000000000000000e+01 8.000000000000000000e+00 0.000000000000000000e+00 1.600000000000000089e+00 2.236999999999999839e-03 1.132500000000000000e-02 -9.999329999999999607e-01 -5.828140000000000542e-01 -8.125379999999999825e-01 -1.050599999999999971e-02 -8.126029999999999642e-01 5.827989999999999560e-01 4.782999999999999925e-03
1.200000000000000000e+01 1.500000000000000000e+01 8.000000000000000000e+00 0.000000000000000000e+00 1.600000000000000089e+00 3.480000000000000020e-04 6.308000000000000239e-03 -9.999799999999999800e-01 -5.808670000000000222e-01 -8.139809999999999546e-01 -5.336999999999999730e-03 -8.139990000000000281e-01 5.808569999999999567e-01 3.380000000000000192e-03
1.900000000000000000e+01 1.500000000000000000e+01 8.000000000000000000e+00 0.000000000000000000e+00 1.600000000000000089e+00 -9.280000000000000054e-04 -1.332400000000000077e-02 -9.999109999999999943e-01 -5.816500000000000004e-01 -8.133590000000000542e-01 1.137799999999999923e-02 -8.134379999999999944e-01 5.816090000000000426e-01 -6.995000000000000349e-03
2.400000000000000000e+01 1.500000000000000000e+01 8.000000000000000000e+00 0.000000000000000000e+00 1.600000000000000089e+00 -5.419999999999999471e-04 -7.419000000000000247e-03 -9.999719999999999720e-01 -5.829299999999999482e-01 -8.124980000000000535e-01 6.344999999999999946e-03 -8.125219999999999665e-01 5.829170000000000185e-01 -3.883999999999999866e-03
2.700000000000000000e+01 1.500000000000000000e+01 8.000000000000000000e+00 0.000000000000000000e+00 1.600000000000000089e+00 -9.200000000000000278e-04 -5.374999999999999570e-03 -9.999850000000000128e-01 -5.827130000000000365e-01 -8.126630000000000242e-01 4.904000000000000373e-03 -8.126780000000000115e-01 5.827080000000000037e-01 -2.384999999999999967e-03
1.200000000000000000e+01 2.600000000000000000e+01 8.000000000000000000e+00 0.000000000000000000e+00 1.600000000000000089e+00 -2.912999999999999791e-03 -9.806999999999999745e-03 -9.999479999999999480e-01 4.075880000000000059e-01 9.131099999999999772e-01 -1.014299999999999924e-02 9.131610000000000005e-01 -4.075960000000000139e-01 1.337999999999999997e-03
1.600000000000000000e+01 2.600000000000000000e+01 8.000000000000000000e+00 0.000000000000000000e+00 1.600000000000000089e+00 -5.749999999999999903e-04 -4.385000000000000009e-03 -9.999900000000000455e-01 4.081219999999999848e-01 9.129180000000000073e-01 -4.237999999999999580e-03 9.129270000000000440e-01 -4.081199999999999828e-01 1.265000000000000065e-03
2.000000000000000000e+01 2.600000000000000000e+01 8.000000000000000000e+00 0.000000000000000000e+00 1.600000000000000089e+00 2.817000000000000060e-03 4.059000000000000108e-03 -9.999879999999999880e-01 4.086949999999999750e-01 9.126579999999999693e-01 4.856000000000000073e-03 9.126670000000000060e-01 -4.087029999999999830e-01 9.120000000000000502e-04
2.500000000000000000e+01 2.600000000000000000e+01 8.000000000000000000e+00 0.000000000000000000e+00 1.600000000000000089e+00 1.912000000000000071e-03 3.122999999999999908e-03 -9.999930000000000208e-01 4.082970000000000210e-01 9.128420000000000423e-01 3.631000000000000113e-03 9.128469999999999640e-01 -4.083010000000000250e-01 4.699999999999999859e-04
6.000000000000000000e+00 2.400000000000000000e+01 9.000000000000000000e+00 0.000000000000000000e+00 1.600000000000000089e+00 -7.500000000000000156e-04 -4.128999999999999858e-03 -9.999909999999999632e-01 4.604429999999999912e-01 8.876800000000000246e-01 -4.009999999999999676e-03 8.876889999999999503e-01 -4.604420000000000179e-01 1.234999999999999987e-03
1.200000000000000000e+01 2.400000000000000000e+01 9.000000000000000000e+00 0.000000000000000000e+00 1.600000000000000089e+00 -3.181999999999999933e-03 -1.197999999999999933e-02 -9.999230000000000063e-01 4.620770000000000155e-01 8.867570000000000174e-01 -1.209499999999999985e-02 8.868340000000000112e-01 -4.620799999999999907e-01 2.713999999999999833e-03
1.900000000000000000e+01 2.400000000000000000e+01 9.000000000000000000e+00 0.000000000000000000e+00 1.600000000000000089e+00 1.925999999999999978e-03 1.200000000000000030e-05 -9.999980000000000535e-01 4.638599999999999945e-01 8.859080000000000288e-01 9.039999999999999642e-04 8.859059999999999713e-01 -4.638610000000000233e-01 1.701000000000000038e-03
2.400000000000000000e+01 2.400000000000000000e+01 9.000000000000000000e+00 0.000000000000000000e+00 1.600000000000000089e+00 2.073999999999999889e-03 4.512999999999999651e-03 -9.999879999999999880e-01 4.632689999999999864e-01 8.862039999999999917e-01 4.959999999999999999e-03 8.862149999999999750e-01 -4.632729999999999904e-01 -2.519999999999999996e-04
2.900000000000000000e+01 2.400000000000000000e+01 9.000000000000000000e+00 0.000000000000000000e+00 1.600000000000000089e+00 1.451000000000000033e-03 9.074999999999999734e-03 -9.999580000000000135e-01 4.619940000000000158e-01 8.868399999999999617e-01 8.718999999999999320e-03 8.868819999999999482e-01 -4.619869999999999810e-01 -2.906000000000000163e-03
3.000000000000000000e+00 1.020000000000000000e+02 9.000000000000000000e+00 0.000000000000000000e+00 1.600000000000000089e+00 -6.530000000000000431e-04 1.634700000000000042e-02 9.998660000000000325e-01 9.218790000000000040e-01 3.874360000000000026e-01 -5.732000000000000116e-03 -3.874779999999999891e-01 9.217520000000000158e-01 -1.532299999999999982e-02
7.000000000000000000e+00 3.500000000000000000e+01 1.200000000000000000e+01 0.000000000000000000e+00 1.600000000000000089e+00 -1.794999999999999938e-03 1.637999999999999916e-03 -9.999970000000000248e-01 4.406769999999999854e-01 -8.976629999999999887e-01 -2.262000000000000122e-03 -8.976640000000000175e-01 -4.406800000000000161e-01 8.899999999999999491e-04
1.400000000000000000e+01 3.500000000000000000e+01 1.200000000000000000e+01 0.000000000000000000e+00 1.600000000000000089e+00 5.670000000000000127e-04 -6.409999999999999682e-04 -1.000000000000000000e+00 4.532089999999999730e-01 -8.914039999999999742e-01 8.279999999999999600e-04 -8.914039999999999742e-01 -4.532089999999999730e-01 -2.139999999999999975e-04
1.800000000000000000e+01 3.500000000000000000e+01 1.200000000000000000e+01 0.000000000000000000e+00 1.600000000000000089e+00 -3.007999999999999823e-03 -3.644000000000000104e-03 -9.999890000000000168e-01 4.608329999999999926e-01 -8.874849999999999683e-01 1.848000000000000033e-03 -8.874819999999999931e-01 -4.608229999999999826e-01 4.348999999999999568e-03
2.100000000000000000e+01 3.500000000000000000e+01 1.200000000000000000e+01 0.000000000000000000e+00 1.600000000000000089e+00 -1.296000000000000060e-03 2.802999999999999936e-03 -9.999949999999999672e-01 4.706350000000000255e-01 -8.823229999999999684e-01 -3.082999999999999803e-03 -8.823269999999999724e-01 -4.706370000000000275e-01 -1.749999999999999982e-04
2.000000000000000000e+00 1.200000000000000000e+01 1.500000000000000000e+01 0.000000000000000000e+00 1.600000000000000089e+00 5.159999999999999656e-04 1.843000000000000020e-03 -9.999980000000000535e-01 -4.681009999999999893e-01 -8.836730000000000418e-01 -1.869999999999999917e-03 -8.836749999999999883e-01 4.681009999999999893e-01 4.070000000000000267e-04
6.000000000000000000e+00 1.200000000000000000e+01 1.500000000000000000e+01 0.000000000000000000e+00 1.600000000000000089e+00 1.866999999999999953e-03 2.622999999999999898e-03 -9.999949999999999672e-01 -4.699479999999999769e-01 -8.826880000000000281e-01 -3.193000000000000092e-03 -8.826920000000000321e-01 4.699510000000000076e-01 -4.150000000000000043e-04
1.100000000000000000e+01 1.200000000000000000e+01 1.500000000000000000e+01 0.000000000000000000e+00 1.600000000000000089e+00 2.910000000000000260e-04 8.925999999999999907e-03 -9.999599999999999600e-01 -4.708209999999999895e-01 -8.821919999999999762e-01 -8.012000000000000025e-03 -8.822290000000000409e-01 4.708040000000000003e-01 3.945999999999999855e-03
1.600000000000000000e+01 1.200000000000000000e+01 1.500000000000000000e+01 0.000000000000000000e+00 1.600000000000000089e+00 -2.590000000000000071e-04 3.863999999999999813e-03 -9.999919999999999920e-01 -4.712589999999999835e-01 -8.819890000000000230e-01 -3.285999999999999859e-03 -8.819949999999999735e-01 4.712540000000000062e-01 2.050000000000000173e-03
2.200000000000000000e+01 1.200000000000000000e+01 1.500000000000000000e+01 0.000000000000000000e+00 1.600000000000000089e+00 -1.172000000000000082e-03 -2.026000000000000023e-03 -9.999970000000000248e-01 -4.704760000000000053e-01 -8.824100000000000277e-01 2.338999999999999933e-03 -8.824119999999999742e-01 4.704769999999999786e-01 8.100000000000000375e-05
2.700000000000000000e+01 1.200000000000000000e+01 1.500000000000000000e+01 0.000000000000000000e+00 1.600000000000000089e+00 3.029999999999999924e-04 5.910000000000000539e-04 -1.000000000000000000e+00 -4.697370000000000156e-01 -8.828059999999999796e-01 -6.639999999999999852e-04 -8.828070000000000084e-01 4.697370000000000156e-01 1.000000000000000082e-05
1.500000000000000000e+01 1.160000000000000000e+02 1.600000000000000000e+01 0.000000000000000000e+00 1.600000000000000089e+00 -5.180000000000000143e-04 1.956999999999999972e-03 9.999980000000000535e-01 6.585180000000000478e-01 7.525640000000000107e-01 -1.131999999999999977e-03 -7.525650000000000395e-01 6.585159999999999902e-01 -1.678000000000000021e-03
2.100000000000000000e+01 1.160000000000000000e+02 1.600000000000000000e+01 0.000000000000000000e+00 1.600000000000000089e+00 -6.430000000000000169e-04 -2.456999999999999983e-03 9.999970000000000248e-01 6.610690000000000177e-01 7.503220000000000445e-01 2.268000000000000051e-03 -7.503250000000000197e-01 6.610679999999999890e-01 1.141000000000000087e-03
3.000000000000000000e+00 2.000000000000000000e+00 1.900000000000000000e+01 0.000000000000000000e+00 1.600000000000000089e+00 -4.193999999999999811e-03 9.768000000000000640e-03 -9.999430000000000263e-01 2.085480000000000111e-01 -9.779569999999999652e-01 -1.042799999999999977e-02 -9.780029999999999557e-01 -2.085799999999999876e-01 2.063999999999999863e-03
6.000000000000000000e+00 2.000000000000000000e+00 1.900000000000000000e+01 0.000000000000000000e+00 1.600000000000000089e+00 -1.111999999999999924e-03 5.851000000000000298e-03 -9.999820000000000375e-01 2.071340000000000126e-01 -9.782950000000000257e-01 -5.954000000000000091e-03 -9.783119999999999594e-01 -2.071369999999999878e-01 -1.240000000000000054e-04
1.300000000000000000e+01 2.000000000000000000e+00 1.900000000000000000e+01 0.000000000000000000e+00 1.600000000000000089e+00 5.368999999999999641e-03 -5.518000000000000335e-03 -9.999700000000000255e-01 1.966809999999999947e-01 -9.804460000000000397e-01 6.466000000000000393e-03 -9.804530000000000189e-01 -1.967089999999999950e-01 -4.179000000000000423e-03
1.600000000000000000e+01 2.000000000000000000e+00 1.900000000000000000e+01 0.000000000000000000e+00 1.600000000000000089e+00 5.186999999999999771e-03 -6.442999999999999942e-03 -9.999660000000000215e-01 1.979650000000000021e-01 -9.801819999999999977e-01 7.341999999999999568e-03 -9.801950000000000385e-01 -1.979960000000000053e-01 -3.808999999999999886e-03
2.100000000000000000e+01 2.000000000000000000e+00 1.900000000000000000e+01 0.000000000000000000e+00 1.600000000000000089e+00 4.099000000000000213e-03 -1.542100000000000068e-02 -9.998730000000000118e-01 2.034620000000000040e-01 -9.789529999999999621e-01 1.593200000000000172e-02 -9.790739999999999998e-01 -2.035019999999999885e-01 -8.760000000000000425e-04
3.000000000000000000e+01 2.000000000000000000e+00 1.900000000000000000e+01 0.000000000000000000e+00 1.600000000000000089e+00 2.939000000000000206e-03 -6.949000000000000316e-03 -9.999719999999999720e-01 2.115039999999999976e-01 -9.773490000000000233e-01 7.413999999999999584e-03 -9.773730000000000473e-01 -2.115190000000000126e-01 -1.402000000000000034e-03
2.800000000000000000e+01 4.000000000000000000e+00 2.000000000000000000e+01 0.000000000000000000e+00 1.600000000000000089e+00 1.056999999999999997e-03 -3.000000000000000076e-05 -9.999989999999999712e-01 2.922109999999999985e-01 -9.563540000000000374e-01 3.370000000000000057e-04 -9.563530000000000086e-01 -2.922109999999999985e-01 -1.002000000000000069e-03
2.000000000000000000e+00 1.300000000000000000e+01 2.000000000000000000e+01 0.000000000000000000e+00 1.600000000000000089e+00 -5.720000000000000258e-04 -3.994000000000000154e-03 9.999919999999999920e-01 2.483700000000000074e-01 9.686569999999999903e-01 4.010999999999999809e-03 -9.686649999999999983e-01 2.483700000000000074e-01 4.380000000000000213e-04
8.000000000000000000e+00 1.300000000000000000e+01 2.000000000000000000e+01 0.000000000000000000e+00 1.600000000000000089e+00 3.409999999999999945e-04 1.660000000000000017e-03 9.999989999999999712e-01 2.473309999999999953e-01 9.689290000000000402e-01 -1.693000000000000060e-03 -9.689309999999999867e-01 2.473319999999999963e-01 -8.000000000000000654e-05
1.800000000000000000e+01 1.300000000000000000e+01 2.000000000000000000e+01 0.000000000000000000e+00 1.600000000000000089e+00 -3.000000000000000076e-06 -1.389999999999999905e-04 1.000000000000000000e+00 2.558960000000000123e-01 9.667040000000000077e-01 1.350000000000000017e-04 -9.667040000000000077e-01 2.558960000000000123e-01 3.300000000000000253e-05
2.400000000000000000e+01 1.300000000000000000e+01 2.000000000000000000e+01 0.000000000000000000e+00 1.600000000000000089e+00 -1.077999999999999965e-03 -2.420999999999999975e-03 9.999959999999999960e-01 2.567880000000000162e-01 9.664639999999999898e-01 2.615999999999999836e-03 -9.664669999999999650e-01 2.567900000000000182e-01 -4.209999999999999875e-04
2.900000000000000000e+01 1.300000000000000000e+01 2.000000000000000000e+01 0.000000000000000000e+00 1.600000000000000089e+00 -6.000000000000000152e-05 1.575000000000000011e-03 9.999989999999999712e-01 2.564520000000000133e-01 9.665559999999999707e-01 -1.507000000000000093e-03 -9.665569999999999995e-01 2.564520000000000133e-01 -4.620000000000000083e-04
1.500000000000000000e+01 1.600000000000000000e+01 2.100000000000000000e+01 0.000000000000000000e+00 1.600000000000000089e+00 8.549999999999999658e-04 7.376999999999999877e-03 9.999719999999999720e-01 3.008480000000000043e-01 9.536440000000000472e-01 -7.291999999999999871e-03 -9.536719999999999642e-01 3.008460000000000023e-01 -1.404000000000000083e-03
7.000000000000000000e+00 4.600000000000000000e+01 2.700000000000000000e+01 0.000000000000000000e+00 1.600000000000000089e+00 -3.869999999999999742e-04 8.720000000000000537e-04 -1.000000000000000000e+00 6.574900000000000189e-01 7.534640000000000226e-01 4.029999999999999837e-04 7.534640000000000226e-01 -6.574889999999999901e-01 -8.649999999999999920e-04
1.300000000000000000e+01 4.600000000000000000e+01 2.700000000000000000e+01 0.000000000000000000e+00 1.600000000000000089e+00 -1.242999999999999964e-03 6.620000000000000450e-04 -9.999989999999999712e-01 6.565950000000000397e-01 7.542429999999999968e-01 -3.170000000000000075e-04 7.542419999999999680e-01 -6.565950000000000397e-01 -1.371999999999999956e-03
2.700000000000000000e+01 4.600000000000000000e+01 2.700000000000000000e+01 0.000000000000000000e+00 1.600000000000000089e+00 2.007999999999999802e-03 -1.140000000000000063e-04 -9.999980000000000535e-01 6.575590000000000046e-01 7.534020000000000161e-01 1.234000000000000071e-03 7.533999999999999586e-01 -6.575600000000000334e-01 1.588000000000000002e-03
1.800000000000000000e+01 4.600000000000000000e+01 3.000000000000000000e+01 0.000000000000000000e+00 1.600000000000000089e+00 3.499999999999999693e-05 -1.920000000000000049e-04 -1.000000000000000000e+00 3.298309999999999853e-01 9.440399999999999903e-01 -1.700000000000000122e-04 9.440399999999999903e-01 -3.298309999999999853e-01 9.699999999999999963e-05
4.000000000000000000e+00 5.800000000000000000e+01 3.100000000000000000e+01 0.000000000000000000e+00 1.600000000000000089e+00 -9.065000000000000141e-03 -5.087000000000000376e-03 9.999460000000000015e-01 -7.595629999999999882e-01 -6.503539999999999877e-01 -1.019399999999999994e-02 6.503700000000000037e-01 -7.596150000000000402e-01 2.031999999999999952e-03
9.000000000000000000e+00 5.800000000000000000e+01 3.100000000000000000e+01 0.000000000000000000e+00 1.600000000000000089e+00 -2.410000000000000033e-04 1.214000000000000018e-03 9.999989999999999712e-01 -7.640449999999999742e-01 -6.451630000000000420e-01 5.990000000000000316e-04 6.451630000000000420e-01 -7.640439999999999454e-01 1.082999999999999978e-03
1.500000000000000000e+01 5.800000000000000000e+01 3.100000000000000000e+01 0.000000000000000000e+00 1.600000000000000089e+00 2.579999999999999828e-03 -2.967000000000000019e-03 9.999919999999999920e-01 -7.655300000000000438e-01 -6.434010000000000007e-01 6.600000000000000506e-05 6.433959999999999679e-01 -7.655239999999999823e-01 -3.930999999999999599e-03
2.200000000000000000e+01 5.800000000000000000e+01 3.100000000000000000e+01 0.000000000000000000e+00 1.600000000000000089e+00 -2.196000000000000035e-03 -5.309999999999999616e-03 9.999839999999999840e-01 -7.678719999999999990e-01 -6.405830000000000135e-01 -5.087999999999999641e-03 6.405990000000000295e-01 -7.678709999999999702e-01 -2.670000000000000064e-03
2.900000000000000000e+01 5.800000000000000000e+01 3.100000000000000000e+01 0.000000000000000000e+00 1.600000000000000089e+00 -4.670999999999999805e-03 2.338999999999999933e-03 9.999860000000000415e-01 -7.710439999999999516e-01 -6.367779999999999552e-01 -2.112000000000000162e-03 6.367639999999999967e-01 -7.710439999999999516e-01 4.778000000000000129e-03
1.000000000000000000e+00 4.600000000000000000e+01 3.500000000000000000e+01 0.000000000000000000e+00 1.600000000000000089e+00 1.350000000000000071e-03 9.000000000000000567e-05 -9.999989999999999712e-01 3.855689999999999951e-01 -9.226790000000000269e-01 4.380000000000000213e-04 -9.226779999999999982e-01 -3.855700000000000238e-01 -1.280000000000000105e-03
9.000000000000000000e+00 4.600000000000000000e+01 3.500000000000000000e+01 0.000000000000000000e+00 1.600000000000000089e+00 5.230000000000000274e-04 -1.874000000000000015e-03 -9.999980000000000535e-01 3.866080000000000072e-01 -9.222420000000000062e-01 1.930999999999999991e-03 -9.222439999999999527e-01 -3.866080000000000072e-01 2.420000000000000005e-04
1.100000000000000000e+01 4.600000000000000000e+01 3.500000000000000000e+01 0.000000000000000000e+00 1.600000000000000089e+00 3.229999999999999907e-04 1.965999999999999866e-03 -9.999980000000000535e-01 3.863929999999999865e-01 -9.223329999999999584e-01 -1.688000000000000047e-03 -9.223339999999999872e-01 -3.863920000000000132e-01 -1.057999999999999913e-03
1.500000000000000000e+01 4.600000000000000000e+01 3.500000000000000000e+01 0.000000000000000000e+00 1.600000000000000089e+00 3.249999999999999851e-04 -6.199999999999999999e-04 -1.000000000000000000e+00 3.860129999999999950e-01 -9.224930000000000074e-01 6.980000000000000527e-04 -9.224930000000000074e-01 -3.860129999999999950e-01 -6.099999999999999872e-05
2.100000000000000000e+01 4.600000000000000000e+01 3.500000000000000000e+01 0.000000000000000000e+00 1.600000000000000089e+00 -2.680000000000000090e-04 4.710000000000000102e-04 -1.000000000000000000e+00 3.855859999999999843e-01 -9.226720000000000477e-01 -5.379999999999999583e-04 -9.226720000000000477e-01 -3.855859999999999843e-01 6.499999999999999431e-05
2.600000000000000000e+01 4.600000000000000000e+01 3.500000000000000000e+01 0.000000000000000000e+00 1.600000000000000089e+00 -5.929999999999999941e-04 -1.920000000000000049e-03 -9.999980000000000535e-01 3.853750000000000231e-01 -9.227589999999999959e-01 1.543000000000000101e-03 -9.227600000000000247e-01 -3.853739999999999943e-01 1.286999999999999950e-03
1.200000000000000000e+01 9.500000000000000000e+01 3.600000000000000000e+01 0.000000000000000000e+00 1.600000000000000089e+00 -5.010000000000000347e-04 3.380000000000000192e-03 9.999940000000000495e-01 9.976890000000000480e-01 6.794200000000000239e-02 2.700000000000000035e-04 -6.794000000000000039e-02 9.976840000000000153e-01 -3.406000000000000173e-03
1.500000000000000000e+01 9.500000000000000000e+01 3.600000000000000000e+01 0.000000000000000000e+00 1.600000000000000089e+00 4.281000000000000083e-03 7.849999999999999339e-03 9.999599999999999600e-01 9.974229999999999485e-01 7.157600000000000073e-02 -4.832000000000000357e-03 -7.161099999999999410e-02 9.974039999999999573e-01 -7.523000000000000173e-03
2.900000000000000000e+01 9.500000000000000000e+01 3.600000000000000000e+01 0.000000000000000000e+00 1.600000000000000089e+00 4.380000000000000213e-04 -1.738299999999999915e-02 9.998489999999999878e-01 9.973149999999999515e-01 7.322800000000000142e-02 8.360000000000000460e-04 -7.323200000000000542e-02 9.971640000000000503e-01 1.736800000000000149e-02
8.000000000000000000e+00 3.000000000000000000e+00 4.300000000000000000e+01 0.000000000000000000e+00 1.600000000000000089e+00 7.110000000000000434e-04 3.193999999999999791e-03 -9.999949999999999672e-01 7.362499999999999600e-01 -6.767079999999999762e-01 -1.637999999999999916e-03 -6.767100000000000337e-01 -7.362450000000000383e-01 -2.833000000000000015e-03
1.300000000000000000e+01 3.000000000000000000e+00 4.300000000000000000e+01 0.000000000000000000e+00 1.600000000000000089e+00 -1.281999999999999936e-03 -6.152999999999999615e-03 -9.999799999999999800e-01 7.393729999999999469e-01 -6.732879999999999976e-01 3.194999999999999923e-03 -6.732949999999999768e-01 -7.393539999999999557e-01 5.412000000000000144e-03
2.300000000000000000e+01 3.000000000000000000e+00 4.300000000000000000e+01 0.000000000000000000e+00 1.600000000000000089e+00 -2.621000000000000066e-03 -2.525700000000000167e-02 -9.996779999999999555e-01 7.356819999999999471e-01 -6.771570000000000089e-01 1.518000000000000078e-02 -6.773219999999999796e-01 -7.354049999999999754e-01 2.035599999999999909e-02
3.000000000000000000e+00 8.000000000000000000e+00 4.400000000000000000e+01 0.000000000000000000e+00 1.600000000000000089e+00 1.580000000000000024e-03 4.053000000000000179e-03 9.999909999999999632e-01 -7.806969999999999743e-01 -6.248989999999999823e-01 3.765999999999999816e-03 6.249080000000000190e-01 -7.806950000000000278e-01 2.177000000000000116e-03
1.000000000000000000e+00 2.900000000000000000e+01 4.400000000000000000e+01 0.000000000000000000e+00 1.600000000000000089e+00 1.679999999999999907e-04 2.139999999999999975e-04 -1.000000000000000000e+00 6.707990000000000341e-01 7.416399999999999659e-01 2.709999999999999735e-04 7.416399999999999659e-01 -6.707990000000000341e-01 -1.900000000000000105e-05
5.000000000000000000e+00 2.900000000000000000e+01 4.400000000000000000e+01 0.000000000000000000e+00 1.600000000000000089e+00 6.530000000000000431e-04 -1.319000000000000077e-03 -9.999989999999999712e-01 6.711829999999999741e-01 7.412910000000000332e-01 -5.400000000000000069e-04 7.412910000000000332e-01 -6.711819999999999453e-01 1.369999999999999907e-03
1.100000000000000000e+01 2.900000000000000000e+01 4.400000000000000000e+01 0.000000000000000000e+00 1.600000000000000089e+00 -6.459999999999999814e-04 -1.905000000000000009e-03 -9.999980000000000535e-01 6.733999999999999986e-01 7.392760000000000442e-01 -1.843000000000000020e-03 7.392779999999999907e-01 -6.733999999999999986e-01 8.059999999999999673e-04
1.500000000000000000e+01 2.900000000000000000e+01 4.400000000000000000e+01 0.000000000000000000e+00 1.600000000000000089e+00 -1.794999999999999938e-03 3.060000000000000111e-04 -9.999980000000000535e-01 6.707859999999999934e-01 7.416509999999999492e-01 -9.770000000000000039e-04 7.416490000000000027e-01 -6.707859999999999934e-01 -1.536000000000000039e-03
1.900000000000000000e+01 2.900000000000000000e+01 4.400000000000000000e+01 0.000000000000000000e+00 1.600000000000000089e+00 1.435000000000000078e-03 3.119999999999999944e-04 -9.999989999999999712e-01 6.744409999999999572e-01 7.383279999999999843e-01 1.198000000000000063e-03 7.383269999999999555e-01 -6.744419999999999860e-01 8.490000000000000368e-04
2.200000000000000000e+01 2.900000000000000000e+01 4.400000000000000000e+01 0.000000000000000000e+00 1.600000000000000089e+00 2.112000000000000162e-03 -4.101999999999999744e-03 -9.999890000000000168e-01 6.794059999999999544e-01 7.337609999999999966e-01 -1.575000000000000011e-03 7.337599999999999678e-01 -6.793949999999999712e-01 4.336999999999999710e-03
2.800000000000000000e+01 2.900000000000000000e+01 4.400000000000000000e+01 0.000000000000000000e+00 1.600000000000000089e+00 1.719999999999999958e-03 1.235999999999999903e-03 -9.999980000000000535e-01 6.810910000000000020e-01 7.321959999999999580e-01 2.076999999999999853e-03 7.321969999999999867e-01 -6.810929999999999485e-01 4.180000000000000230e-04
1.400000000000000000e+01 6.000000000000000000e+00 5.100000000000000000e+01 0.000000000000000000e+00 1.600000000000000089e+00 -5.999999999999999474e-04 4.282000000000000216e-03 -9.999909999999999632e-01 3.193509999999999960e-01 -9.476269999999999971e-01 -4.250000000000000305e-03 -9.476360000000000339e-01 -3.193500000000000227e-01 -7.990000000000000140e-04
9.000000000000000000e+00 7.000000000000000000e+00 5.200000000000000000e+01 0.000000000000000000e+00 1.600000000000000089e+00 4.319999999999999838e-04 -3.831999999999999903e-03 -9.999930000000000208e-01 1.196900000000000047e-01 -9.928040000000000198e-01 3.856000000000000053e-03 -9.928109999999999991e-01 -1.196910000000000057e-01 2.900000000000000017e-05
2.500000000000000000e+01 7.000000000000000000e+00 5.200000000000000000e+01 0.000000000000000000e+00 1.600000000000000089e+00 -6.151000000000000217e-03 -8.004999999999999963e-03 -9.999489999999999768e-01 1.363000000000000045e-01 -9.906420000000000226e-01 7.092000000000000214e-03 -9.906490000000000018e-01 -1.362490000000000090e-01 7.184000000000000281e-03
5.000000000000000000e+00 6.300000000000000000e+01 5.400000000000000000e+01 0.000000000000000000e+00 1.600000000000000089e+00 1.407000000000000048e-03 6.070000000000000092e-04 9.999989999999999712e-01 -3.533720000000000194e-01 9.354829999999999535e-01 -7.100000000000000462e-05 -9.354820000000000357e-01 -3.533720000000000194e-01 1.531000000000000026e-03
9.000000000000000000e+00 6.300000000000000000e+01 5.400000000000000000e+01 0.000000000000000000e+00 1.600000000000000089e+00 9.269999999999999811e-04 -2.962999999999999922e-03 9.999949999999999672e-01 -3.584570000000000256e-01 9.335409999999999542e-01 3.098000000000000059e-03 -9.335459999999999869e-01 -3.584579999999999989e-01 -1.959999999999999937e-04
1.400000000000000000e+01 6.300000000000000000e+01 5.400000000000000000e+01 0.000000000000000000e+00 1.600000000000000089e+00 -3.809999999999999910e-04 8.940000000000000464e-04 1.000000000000000000e+00 -3.594419999999999837e-01 9.331669999999999687e-01 -9.709999999999999664e-04 -9.331679999999999975e-01 -3.594419999999999837e-01 -3.399999999999999973e-05
1.700000000000000000e+01 6.300000000000000000e+01 5.400000000000000000e+01 0.000000000000000000e+00 1.600000000000000089e+00 -1.582999999999999989e-03 5.890000000000000053e-04 9.999989999999999712e-01 -3.537569999999999881e-01 9.353369999999999740e-01 -1.111000000000000008e-03 -9.353359999999999452e-01 -3.537580000000000169e-01 -1.271999999999999910e-03
2.300000000000000000e+01 6.300000000000000000e+01 5.400000000000000000e+01 0.000000000000000000e+00 1.600000000000000089e+00 -9.250000000000000409e-04 5.550000000000000462e-04 9.999989999999999712e-01 -3.534459999999999824e-01 9.354540000000000077e-01 -8.459999999999999638e-04 -9.354540000000000077e-01 -3.534470000000000112e-01 -6.689999999999999983e-04
5.000000000000000000e+00 2.500000000000000000e+01 5.500000000000000000e+01 0.000000000000000000e+00 1.600000000000000089e+00 -8.090000000000000403e-04 6.430000000000000169e-04 -9.999989999999999712e-01 -1.151499999999999919e-02 -9.999329999999999607e-01 -6.329999999999999906e-04 -9.999329999999999607e-01 1.151499999999999919e-02 8.170000000000000179e-04
1.000000000000000000e+01 2.500000000000000000e+01 5.500000000000000000e+01 0.000000000000000000e+00 1.600000000000000089e+00 -4.260000000000000006e-04 9.340000000000000429e-04 -9.999989999999999712e-01 -1.157900000000000075e-02 -9.999329999999999607e-01 -9.290000000000000297e-04 -9.999329999999999607e-01 1.157900000000000075e-02 4.369999999999999970e-04
1.300000000000000000e+01 2.500000000000000000e+01 5.500000000000000000e+01 0.000000000000000000e+00 1.600000000000000089e+00 8.549999999999999658e-04 1.087999999999999991e-03 -9.999989999999999712e-01 -1.221799999999999969e-02 -9.999249999999999527e-01 -1.098000000000000018e-03 -9.999249999999999527e-01 1.221900000000000069e-02 -8.419999999999999750e-04
1.900000000000000000e+01 2.500000000000000000e+01 5.500000000000000000e+01 0.000000000000000000e+00 1.600000000000000089e+00 9.700000000000000505e-04 9.439999999999999607e-04 -9.999989999999999712e-01 -1.379999999999999977e-02 -9.999040000000000150e-01 -9.569999999999999514e-04 -9.999040000000000150e-01 1.380100000000000077e-02 -9.569999999999999514e-04
1.000000000000000000e+01 6.800000000000000000e+01 5.700000000000000000e+01 0.000000000000000000e+00 1.600000000000000089e+00 1.704999999999999918e-03 -4.657999999999999814e-03 -9.999879999999999880e-01 -2.444860000000000089e-01 -9.696439999999999504e-01 4.100000000000000346e-03 -9.696510000000000407e-01 2.444759999999999989e-01 -2.792000000000000211e-03
2.400000000000000000e+01 2.100000000000000000e+01 6.000000000000000000e+01 0.000000000000000000e+00 1.600000000000000089e+00 -2.750000000000000166e-04 4.518000000000000314e-03 9.999900000000000455e-01 -9.372199999999999975e-02 9.955880000000000285e-01 -4.524000000000000243e-03 -9.955979999999999830e-01 -9.372199999999999975e-02 1.499999999999999869e-04
7.000000000000000000e+00 3.000000000000000000e+00 6.300000000000000000e+01 0.000000000000000000e+00 1.600000000000000089e+00 2.688999999999999984e-03 -3.553000000000000169e-03 9.999900000000000455e-01 -6.158209999999999518e-01 7.878730000000000455e-01 4.455999999999999892e-03 -7.878810000000000535e-01 -6.158270000000000133e-01 -6.899999999999999667e-05
5.000000000000000000e+00 2.700000000000000000e+01 6.300000000000000000e+01 0.000000000000000000e+00 1.600000000000000089e+00 1.569000000000000082e-03 -3.412000000000000102e-03 9.999930000000000208e-01 -2.752379999999999827e-01 9.613690000000000291e-01 3.712000000000000022e-03 -9.613749999999999796e-01 -2.752419999999999867e-01 5.689999999999999529e-04
1.200000000000000000e+01 2.700000000000000000e+01 6.300000000000000000e+01 0.000000000000000000e+00 1.600000000000000089e+00 2.122999999999999887e-03 -2.601000000000000013e-03 9.999940000000000495e-01 -2.718389999999999973e-01 9.623380000000000267e-01 3.079999999999999839e-03 -9.623399999999999732e-01 -2.718439999999999745e-01 1.335999999999999948e-03
1.900000000000000000e+01 2.700000000000000000e+01 6.300000000000000000e+01 0.000000000000000000e+00 1.600000000000000089e+00 -2.089000000000000145e-03 2.569999999999999802e-03 9.999949999999999672e-01 -2.742859999999999743e-01 9.616430000000000256e-01 -3.043999999999999831e-03 -9.616460000000000008e-01 -2.742910000000000070e-01 -1.304000000000000038e-03
2.600000000000000000e+01 2.700000000000000000e+01 6.300000000000000000e+01 0.000000000000000000e+00 1.600000000000000089e+00 7.519999999999999558e-04 -6.440000000000000412e-04 1.000000000000000000e+00 -2.807720000000000216e-01 9.597740000000000160e-01 8.289999999999999843e-04 -9.597740000000000160e-01 -2.807720000000000216e-01 5.410000000000000312e-04
6.000000000000000000e+00 2.600000000000000000e+01 6.400000000000000000e+01 0.000000000000000000e+00 1.600000000000000089e+00 1.562999999999999936e-03 -1.776000000000000018e-03 9.999970000000000248e-01 -3.548749999999999960e-01 9.349110000000000475e-01 2.214999999999999955e-03 -9.349119999999999653e-01 -3.548780000000000268e-01 8.310000000000000329e-04
1.800000000000000000e+01 2.600000000000000000e+01 6.400000000000000000e+01 0.000000000000000000e+00 1.600000000000000089e+00 -1.814000000000000074e-03 -1.030000000000000100e-03 9.999980000000000535e-01 -3.524070000000000258e-01 9.358469999999999844e-01 3.249999999999999851e-04 -9.358450000000000379e-01 -3.524059999999999970e-01 -2.060999999999999898e-03
2.400000000000000000e+01 2.600000000000000000e+01 6.400000000000000000e+01 0.000000000000000000e+00 1.600000000000000089e+00 -3.710000000000000190e-04 -7.399999999999999894e-04 1.000000000000000000e+00 -3.613000000000000100e-01 9.324489999999999723e-01 5.559999999999999621e-04 -9.324500000000000011e-01 -3.613000000000000100e-01 -6.130000000000000466e-04
2.700000000000000000e+01 2.600000000000000000e+01 6.400000000000000000e+01 0.000000000000000000e+00 1.600000000000000089e+00 2.086000000000000180e-03 1.410999999999999928e-03 9.999970000000000248e-01 -3.638589999999999880e-01 9.314540000000000042e-01 -5.550000000000000462e-04 -9.314519999999999467e-01 -3.638560000000000128e-01 2.455999999999999850e-03
2.100000000000000000e+01 6.900000000000000000e+01 6.600000000000000000e+01 0.000000000000000000e+00 1.600000000000000089e+00 1.022299999999999945e-02 -8.439999999999999586e-03 9.999120000000000230e-01 -9.530720000000000303e-01 3.024939999999999851e-01 1.229799999999999990e-02 -3.025720000000000076e-01 -9.531140000000000168e-01 -4.950999999999999672e-03
2.900000000000000000e+01 6.900000000000000000e+01 6.600000000000000000e+01 0.000000000000000000e+00 1.600000000000000089e+00 9.117999999999999369e-03 -5.806999999999999662e-03 9.999419999999999975e-01 -9.534669999999999535e-01 3.013170000000000015e-01 1.044400000000000016e-02 -3.013600000000000168e-01 -9.535059999999999647e-01 -2.788999999999999813e-03
2.500000000000000000e+01 3.100000000000000000e+01 7.100000000000000000e+01 0.000000000000000000e+00 1.600000000000000089e+00 -9.959999999999999236e-04 4.152999999999999574e-03 -9.999909999999999632e-01 -7.055770000000000097e-01 -7.086299999999999821e-01 -2.239999999999999804e-03 -7.086320000000000396e-01 7.055679999999999730e-01 3.635999999999999909e-03
4.000000000000000000e+00 4.400000000000000000e+01 7.300000000000000000e+01 0.000000000000000000e+00 1.600000000000000089e+00 1.443000000000000055e-03 3.729999999999999809e-03 9.999919999999999920e-01 4.462200000000000194e-02 -9.989970000000000239e-01 3.661999999999999891e-03 9.990029999999999744e-01 4.461600000000000288e-02 -1.608000000000000054e-03
8.000000000000000000e+00 4.400000000000000000e+01 7.300000000000000000e+01 0.000000000000000000e+00 1.600000000000000089e+00 2.062000000000000031e-03 8.906999999999999987e-03 9.999580000000000135e-01 4.569800000000000251e-02 -9.989170000000000549e-01 8.803000000000000061e-03 9.989529999999999799e-01 4.567800000000000332e-02 -2.467000000000000009e-03
1.300000000000000000e+01 4.400000000000000000e+01 7.300000000000000000e+01 0.000000000000000000e+00 1.600000000000000089e+00 2.243000000000000202e-03 1.611999999999999935e-03 9.999959999999999960e-01 4.908699999999999869e-02 -9.987930000000000419e-01 1.500000000000000031e-03 9.987920000000000131e-01 4.908300000000000163e-02 -2.320000000000000014e-03
2.100000000000000000e+01 4.400000000000000000e+01 7.300000000000000000e+01 0.000000000000000000e+00 1.600000000000000089e+00 -2.652999999999999976e-03 -3.135000000000000200e-03 9.999919999999999920e-01 4.762700000000000267e-02 -9.988609999999999989e-01 -3.004999999999999859e-03 9.988620000000000276e-01 4.761900000000000160e-02 2.799999999999999972e-03
2.700000000000000000e+01 4.400000000000000000e+01 7.300000000000000000e+01 0.000000000000000000e+00 1.600000000000000089e+00 8.639999999999999677e-04 -1.701000000000000038e-03 9.999980000000000535e-01 4.459500000000000269e-02 -9.990040000000000031e-01 -1.737999999999999962e-03 9.990050000000000319e-01 4.459699999999999775e-02 -7.870000000000000476e-04
3.000000000000000000e+00 2.500000000000000000e+01 7.400000000000000000e+01 0.000000000000000000e+00 1.600000000000000089e+00 -1.361999999999999929e-03 -8.094000000000000500e-03 9.999660000000000215e-01 8.180060000000000109e-01 -5.751990000000000158e-01 -3.540999999999999877e-03 5.752089999999999703e-01 8.179729999999999501e-01 7.403999999999999991e-03
1.000000000000000000e+01 2.500000000000000000e+01 7.400000000000000000e+01 0.000000000000000000e+00 1.600000000000000089e+00 -1.710000000000000094e-04 5.580000000000000107e-04 1.000000000000000000e+00 8.215099999999999625e-01 -5.701939999999999786e-01 4.589999999999999896e-04 5.701939999999999786e-01 8.215099999999999625e-01 -3.609999999999999928e-04
