1.400000000000000000e+01 2.500000000000000000e+01 1.000000000000000000e+00 0.000000000000000000e+00 1.600000000000000089e+00 -2.266999999999999918e-03 4.571000000000000410e-03 -9.999869999999999592e-01 -5.345189999999999664e-01 -8.451520000000000143e-01 -2.651000000000000145e-03 -8.451530000000000431e-01 5.345060000000000366e-01 4.359000000000000027e-03
2.000000000000000000e+01 2.500000000000000000e+01 1.000000000000000000e+00 0.000000000000000000e+00 1.600000000000000089e+00 -1.358999999999999965e-03 -2.694999999999999913e-03 -9.999949999999999672e-01 -5.345600000000000351e-01 -8.451250000000000151e-01 3.004000000000000160e-03 -8.451290000000000191e-01 5.345619999999999816e-01 -2.919999999999999961e-04
2.700000000000000000e+01 2.500000000000000000e+01 1.000000000000000000e+00 0.000000000000000000e+00 1.600000000000000089e+00 -3.399999999999999973e-05 -1.689600000000000130e-02 -9.998569999999999958e-01 -5.357760000000000300e-01 -8.442389999999999617e-01 1.428500000000000082e-02 -8.443599999999999994e-01 5.356999999999999540e-01 -9.024000000000000771e-03
3.000000000000000000e+01 2.500000000000000000e+01 1.000000000000000000e+00 0.000000000000000000e+00 1.600000000000000089e+00 -2.059999999999999928e-04 -1.807800000000000032e-02 -9.998369999999999758e-01 -5.367100000000000204e-01 -8.436270000000000158e-01 1.536399999999999919e-02 -8.437670000000000448e-01 5.366250000000000187e-01 -9.528999999999999276e-03
3.000000000000000000e+00 1.500000000000000000e+01 4.000000000000000000e+00 0.000000000000000000e+00 1.600000000000000089e+00 3.082000000000000104e-03 -4.779000000000000262e-03 9.999839999999999840e-01 3.226840000000000264e-01 -9.464909999999999712e-01 -5.517000000000000202e-03 9.465019999999999545e-01 3.226959999999999829e-01 -1.374999999999999920e-03
1.200000000000000000e+01 1.500000000000000000e+01 4.000000000000000000e+00 0.000000000000000000e+00 1.600000000000000089e+00 -2.993000000000000001e-03 -1.296199999999999956e-02 9.999120000000000230e-01 3.248619999999999841e-01 -9.456940000000000346e-01 -1.128700000000000016e-02 9.457569999999999588e-01 3.247990000000000044e-01 7.041999999999999649e-03
1.500000000000000000e+01 1.500000000000000000e+01 4.000000000000000000e+00 0.000000000000000000e+00 1.600000000000000089e+00 8.999999999999999754e-04 -4.039000000000000055e-03 9.999909999999999632e-01 3.256600000000000050e-01 -9.454780000000000406e-01 -4.112000000000000204e-03 9.454869999999999663e-01 3.256609999999999783e-01 4.650000000000000270e-04
1.900000000000000000e+01 1.500000000000000000e+01 4.000000000000000000e+00 0.000000000000000000e+00 1.600000000000000089e+00 1.191999999999999917e-03 -6.019999999999999961e-04 9.999989999999999712e-01 3.270270000000000121e-01 -9.450150000000000494e-01 -9.590000000000000000e-04 9.450140000000000207e-01 3.270279999999999854e-01 -9.290000000000000297e-04
2.300000000000000000e+01 1.500000000000000000e+01 4.000000000000000000e+00 0.000000000000000000e+00 1.600000000000000089e+00 3.719999999999999891e-04 -9.269999999999999811e-04 9.999989999999999712e-01 3.249819999999999931e-01 -9.457200000000000051e-01 -9.979999999999999722e-04 9.457200000000000051e-01 3.249819999999999931e-01 -5.099999999999999960e-05
2.900000000000000000e+01 1.500000000000000000e+01 4.000000000000000000e+00 0.000000000000000000e+00 1.600000000000000089e+00 -9.610000000000000486e-04 1.128000000000000096e-03 9.999989999999999712e-01 3.218509999999999982e-01 -9.467889999999999917e-01 1.376999999999999969e-03 9.467900000000000205e-01 3.218520000000000270e-01 5.469999999999999602e-04
2.400000000000000000e+01 9.000000000000000000e+01 4.000000000000000000e+00 0.000000000000000000e+00 1.600000000000000089e+00 2.117259999999999975e-01 5.848410000000000553e-01 -7.830279999999999463e-01 -3.057309999999999750e-01 8.006159999999999943e-01 5.153090000000000170e-01 9.282780000000000475e-01 1.302919999999999912e-01 3.483149999999999857e-01
1.400000000000000000e+01 8.700000000000000000e+01 6.000000000000000000e+00 0.000000000000000000e+00 1.600000000000000089e+00 -6.835660000000000069e-01 -6.258759999999999879e-01 -3.755220000000000224e-01 -7.280769999999999742e-01 6.209240000000000315e-01 2.904419999999999780e-01 5.138999999999999818e-02 4.719450000000000034e-01 -8.801290000000000502e-01
1.500000000000000000e+01 8.600000000000000000e+01 7.000000000000000000e+00 0.000000000000000000e+00 1.600000000000000089e+00 -6.872030000000000083e-01 -6.648570000000000313e-01 -2.927750000000000075e-01 -7.263669999999999849e-01 6.354720000000000368e-01 2.618510000000000004e-01 1.195700000000000061e-02 3.926060000000000105e-01 -9.196290000000000298e-01
7.000000000000000000e+00 2.500000000000000000e+01 8.000000000000000000e+00 0.000000000000000000e+00 1.600000000000000089e+00 1.592000000000000099e-03 8.600000000000000331e-05 -9.999989999999999712e-01 4.527869999999999950e-01 8.916180000000000216e-01 7.969999999999999654e-04 8.916169999999999929e-01 -4.527880000000000238e-01 1.379999999999999933e-03
1.100000000000000000e+01 2.500000000000000000e+01 8.000000000000000000e+00 0.000000000000000000e+00 1.600000000000000089e+00 1.056000000000000081e-03 3.014000000000000186e-03 -9.999949999999999672e-01 4.519420000000000104e-01 8.920420000000000016e-01 3.165999999999999977e-03 8.920470000000000343e-01 -4.519429999999999836e-01 -4.200000000000000174e-04
1.600000000000000000e+01 2.500000000000000000e+01 8.000000000000000000e+00 0.000000000000000000e+00 1.600000000000000089e+00 2.369999999999999874e-04 -2.400000000000000061e-04 -1.000000000000000000e+00 4.532169999999999810e-01 8.913999999999999702e-01 -1.060000000000000016e-04 8.913999999999999702e-01 -4.532169999999999810e-01 3.200000000000000262e-04
2.500000000000000000e+01 2.500000000000000000e+01 8.000000000000000000e+00 0.000000000000000000e+00 1.600000000000000089e+00 1.221000000000000080e-03 5.536000000000000122e-03 -9.999839999999999840e-01 4.526680000000000148e-01 8.916619999999999546e-01 5.488999999999999956e-03 8.916789999999999994e-01 -4.526669999999999860e-01 -1.417000000000000074e-03
2.700000000000000000e+01 2.500000000000000000e+01 8.000000000000000000e+00 0.000000000000000000e+00 1.600000000000000089e+00 1.588999999999999918e-03 3.180999999999999800e-03 -9.999940000000000495e-01 4.510390000000000232e-01 8.924969999999999848e-01 3.555000000000000000e-03 8.925030000000000463e-01 -4.510419999999999985e-01 -1.699999999999999987e-05
6.000000000000000000e+00 2.400000000000000000e+01 9.000000000000000000e+00 0.000000000000000000e+00 1.600000000000000089e+00 1.670000000000000043e-03 2.412000000000000081e-03 -9.999959999999999960e-01 4.562959999999999794e-01 8.898230000000000306e-01 2.907999999999999995e-03 8.898260000000000058e-01 -4.562990000000000101e-01 3.860000000000000041e-04
1.500000000000000000e+01 2.400000000000000000e+01 9.000000000000000000e+00 0.000000000000000000e+00 1.600000000000000089e+00 -1.100000000000000039e-04 1.262000000000000101e-03 -9.999989999999999712e-01 4.554830000000000267e-01 8.902440000000000353e-01 1.074000000000000085e-03 8.902440000000000353e-01 -4.554830000000000267e-01 -6.729999999999999871e-04
1.900000000000000000e+01 2.400000000000000000e+01 9.000000000000000000e+00 0.000000000000000000e+00 1.600000000000000089e+00 -6.049999999999999606e-04 2.175999999999999983e-03 -9.999970000000000248e-01 4.568720000000000003e-01 8.895309999999999606e-01 1.659000000000000101e-03 8.895319999999999894e-01 -4.568699999999999983e-01 -1.533000000000000074e-03
2.300000000000000000e+01 2.400000000000000000e+01 9.000000000000000000e+00 0.000000000000000000e+00 1.600000000000000089e+00 6.229999999999999644e-04 4.887999999999999984e-03 -9.999879999999999880e-01 4.559300000000000019e-01 8.900029999999999886e-01 4.634000000000000098e-03 8.900150000000000006e-01 -4.559279999999999999e-01 -1.673999999999999924e-03
2.700000000000000000e+01 2.400000000000000000e+01 9.000000000000000000e+00 0.000000000000000000e+00 1.600000000000000089e+00 2.030999999999999819e-03 2.485999999999999929e-03 -9.999949999999999672e-01 4.537570000000000214e-01 8.911200000000000232e-01 3.137000000000000031e-03 8.911229999999999984e-01 -4.537610000000000254e-01 6.819999999999999890e-04
1.300000000000000000e+01 8.900000000000000000e+01 9.000000000000000000e+00 0.000000000000000000e+00 1.600000000000000089e+00 -9.305149999999999810e-01 1.296000000000000060e-03 -3.662520000000000220e-01 -1.044029999999999958e-01 9.575660000000000283e-01 2.686379999999999879e-01 3.510579999999999812e-01 2.882100000000000217e-01 -8.908949999999999925e-01
1.700000000000000000e+01 1.200000000000000000e+01 1.000000000000000000e+01 0.000000000000000000e+00 1.600000000000000089e+00 -2.651000000000000145e-03 7.500000000000000156e-04 -9.999959999999999960e-01 -5.520479999999999832e-01 -8.338119999999999976e-01 8.379999999999999862e-04 -8.338079999999999936e-01 5.520490000000000119e-01 2.624000000000000030e-03
2.900000000000000000e+01 9.900000000000000000e+01 1.000000000000000000e+01 0.000000000000000000e+00 1.600000000000000089e+00 3.955000000000000182e-02 9.656199999999999506e-02 -9.945410000000000084e-01 -9.045849999999999724e-01 4.262589999999999990e-01 5.413000000000000277e-03 4.244550000000000267e-01 8.994330000000000380e-01 1.042069999999999941e-01
9.000000000000000000e+00 3.500000000000000000e+01 1.200000000000000000e+01 0.000000000000000000e+00 1.600000000000000089e+00 -6.908000000000000078e-03 7.636000000000000426e-03 -9.999470000000000303e-01 4.442280000000000117e-01 -8.958589999999999609e-01 -9.910000000000000406e-03 -8.958869999999999889e-01 -4.442729999999999735e-01 2.795999999999999874e-03
1.600000000000000000e+01 8.400000000000000000e+01 1.200000000000000000e+01 0.000000000000000000e+00 1.600000000000000089e+00 -7.831310000000000215e-01 -5.940290000000000292e-01 -1.839419999999999944e-01 -6.218399999999999483e-01 7.458970000000000322e-01 2.386490000000000000e-01 -4.563000000000000216e-03 3.012759999999999883e-01 -9.535259999999999847e-01
2.100000000000000000e+01 9.600000000000000000e+01 1.200000000000000000e+01 0.000000000000000000e+00 1.600000000000000089e+00 -1.380499999999999956e-02 8.394589999999999552e-01 -5.432470000000000354e-01 -9.146009999999999973e-01 2.089789999999999981e-01 3.461690000000000045e-01 4.041219999999999812e-01 5.016329999999999956e-01 7.648850000000000371e-01
4.000000000000000000e+00 3.200000000000000000e+01 1.400000000000000000e+01 0.000000000000000000e+00 1.600000000000000089e+00 -1.710000000000000094e-04 -4.078000000000000028e-03 -9.999919999999999920e-01 1.052929999999999977e-01 9.944330000000000114e-01 -4.074000000000000364e-03 9.944410000000000194e-01 -1.052919999999999967e-01 2.590000000000000071e-04
2.000000000000000000e+00 1.200000000000000000e+01 1.500000000000000000e+01 0.000000000000000000e+00 1.600000000000000089e+00 -2.033000000000000085e-03 -5.671999999999999958e-03 -9.999820000000000375e-01 -4.608530000000000126e-01 -8.874570000000000514e-01 5.969999999999999613e-03 -8.874739999999999851e-01 4.608559999999999879e-01 -8.099999999999999561e-04
4.000000000000000000e+00 1.160000000000000000e+02 1.600000000000000000e+01 0.000000000000000000e+00 1.600000000000000089e+00 -4.355999999999999629e-03 -9.801000000000000684e-03 9.999419999999999975e-01 7.649610000000000021e-01 6.440040000000000209e-01 9.645000000000000795e-03 -6.440609999999999946e-01 7.649589999999999446e-01 4.691999999999999990e-03
1.000000000000000000e+01 1.160000000000000000e+02 1.600000000000000000e+01 0.000000000000000000e+00 1.600000000000000089e+00 -1.941000000000000017e-03 -6.903000000000000282e-03 9.999740000000000295e-01 6.598180000000000156e-01 7.513980000000000103e-01 6.467999999999999791e-03 -7.514229999999999521e-01 6.598129999999999828e-01 3.095999999999999794e-03
1.800000000000000000e+01 1.160000000000000000e+02 1.600000000000000000e+01 0.000000000000000000e+00 1.600000000000000089e+00 -8.602999999999999536e-03 -8.474999999999999895e-03 9.999270000000000103e-01 7.502220000000000555e-01 6.610759999999999970e-01 1.205799999999999927e-02 -6.611299999999999955e-01 7.502710000000000212e-01 6.710000000000000469e-04
6.000000000000000000e+00 2.000000000000000000e+00 1.900000000000000000e+01 0.000000000000000000e+00 1.600000000000000089e+00 3.840000000000000097e-04 7.557999999999999614e-03 -9.999710000000000543e-01 1.582349999999999868e-01 -9.873739999999999739e-01 -7.401999999999999726e-03 -9.874009999999999732e-01 -1.582270000000000065e-01 -1.575000000000000011e-03
9.000000000000000000e+00 2.000000000000000000e+00 1.900000000000000000e+01 0.000000000000000000e+00 1.600000000000000089e+00 1.760999999999999979e-03 1.235999999999999946e-02 -9.999219999999999775e-01 1.592749999999999999e-01 -9.871619999999999839e-01 -1.192099999999999931e-02 -9.872330000000000272e-01 -1.592419999999999947e-01 -3.706999999999999792e-03
1.100000000000000000e+01 2.000000000000000000e+00 1.900000000000000000e+01 0.000000000000000000e+00 1.600000000000000089e+00 1.776000000000000018e-03 7.668000000000000337e-03 -9.999689999999999968e-01 1.567709999999999937e-01 -9.876080000000000414e-01 -7.295000000000000269e-03 -9.876329999999999831e-01 -1.567530000000000034e-01 -2.955999999999999860e-03
1.700000000000000000e+01 2.000000000000000000e+00 1.900000000000000000e+01 0.000000000000000000e+00 1.600000000000000089e+00 1.843999999999999936e-03 2.768000000000000061e-03 -9.999940000000000495e-01 1.527429999999999899e-01 -9.882630000000000026e-01 -2.454000000000000018e-03 -9.882640000000000313e-01 -1.527380000000000126e-01 -2.245000000000000034e-03
2.000000000000000000e+01 2.000000000000000000e+00 1.900000000000000000e+01 0.000000000000000000e+00 1.600000000000000089e+00 2.439000000000000196e-03 -7.079999999999999705e-04 -9.999970000000000248e-01 1.573219999999999896e-01 -9.875469999999999526e-01 1.082999999999999978e-03 -9.875439999999999774e-01 -1.573239999999999916e-01 -2.296999999999999997e-03
2.600000000000000000e+01 2.000000000000000000e+00 1.900000000000000000e+01 0.000000000000000000e+00 1.600000000000000089e+00 4.081000000000000426e-03 -2.650399999999999978e-02 -9.996399999999999730e-01 1.531770000000000076e-01 -9.878350000000000186e-01 2.681599999999999956e-02 -9.881900000000000128e-01 -1.532310000000000061e-01 2.799999999999999958e-05
8.000000000000000000e+00 1.300000000000000000e+01 2.000000000000000000e+01 0.000000000000000000e+00 1.600000000000000089e+00 -4.640000000000000027e-04 2.490000000000000026e-03 9.999970000000000248e-01 2.481540000000000135e-01 9.687179999999999680e-01 -2.296999999999999997e-03 -9.687210000000000543e-01 2.481520000000000115e-01 -1.067999999999999939e-03
1.400000000000000000e+01 1.300000000000000000e+01 2.000000000000000000e+01 0.000000000000000000e+00 1.600000000000000089e+00 -2.608000000000000075e-03 -8.085000000000000173e-03 9.999639999999999640e-01 2.491210000000000091e-01 9.684350000000000458e-01 8.479999999999999691e-03 -9.684690000000000243e-01 2.491339999999999943e-01 -5.119999999999999768e-04
1.600000000000000000e+01 1.300000000000000000e+01 2.000000000000000000e+01 0.000000000000000000e+00 1.600000000000000089e+00 -1.505999999999999960e-03 -8.791999999999999468e-03 9.999599999999999600e-01 2.493630000000000013e-01 9.683690000000000353e-01 8.890000000000000333e-03 -9.684089999999999643e-01 2.493670000000000053e-01 7.339999999999999520e-04
2.200000000000000000e+01 1.300000000000000000e+01 2.000000000000000000e+01 0.000000000000000000e+00 1.600000000000000089e+00 4.994000000000000175e-03 7.190000000000000210e-03 9.999620000000000175e-01 2.478160000000000085e-01 9.687719999999999665e-01 -8.203000000000000222e-03 -9.687940000000000440e-01 2.478480000000000127e-01 3.056999999999999822e-03
2.700000000000000000e+01 1.300000000000000000e+01 2.000000000000000000e+01 0.000000000000000000e+00 1.600000000000000089e+00 -1.020999999999999989e-03 -1.492000000000000054e-03 9.999980000000000535e-01 2.455890000000000017e-01 9.693730000000000402e-01 1.696999999999999941e-03 -9.693730000000000402e-01 2.455910000000000037e-01 -6.229999999999999644e-04
1.200000000000000000e+01 1.600000000000000000e+01 2.100000000000000000e+01 0.000000000000000000e+00 1.600000000000000089e+00 -2.694000000000000214e-03 -5.781999999999999813e-03 9.999799999999999800e-01 2.978000000000000091e-01 9.546069999999999833e-01 6.322000000000000362e-03 -9.546249999999999458e-01 2.978109999999999924e-01 -8.499999999999999526e-04
1.700000000000000000e+01 1.600000000000000000e+01 2.100000000000000000e+01 0.000000000000000000e+00 1.600000000000000089e+00 -6.819999999999999890e-04 -5.897999999999999597e-03 9.999820000000000375e-01 2.991659999999999875e-01 9.541830000000000034e-01 5.832000000000000378e-03 -9.542009999999999659e-01 2.991639999999999855e-01 1.113999999999999973e-03
2.000000000000000000e+01 1.600000000000000000e+01 2.100000000000000000e+01 0.000000000000000000e+00 1.600000000000000089e+00 4.871000000000000330e-03 5.806000000000000397e-03 9.999710000000000543e-01 2.984479999999999911e-01 9.544000000000000261e-01 -6.995000000000000349e-03 -9.544129999999999558e-01 2.984740000000000171e-01 2.916000000000000189e-03
1.000000000000000000e+00 4.900000000000000000e+01 2.500000000000000000e+01 0.000000000000000000e+00 1.600000000000000089e+00 7.692000000000000053e-03 4.165200000000000152e-02 9.991020000000000456e-01 6.561660000000000270e-01 7.537350000000000438e-01 -3.647399999999999948e-02 -7.545770000000000532e-01 6.558580000000000521e-01 -2.153300000000000006e-02
2.500000000000000000e+01 4.600000000000000000e+01 2.700000000000000000e+01 0.000000000000000000e+00 1.600000000000000089e+00 1.154799999999999924e-02 1.780100000000000085e-02 -9.997749999999999693e-01 6.338789999999999702e-01 7.731440000000000534e-01 2.108700000000000158e-02 7.733459999999999779e-01 -6.339799999999999880e-01 -2.356000000000000021e-03
7.000000000000000000e+00 4.900000000000000000e+01 2.900000000000000000e+01 0.000000000000000000e+00 1.600000000000000089e+00 -2.752999999999999805e-03 9.857299999999999396e-02 -9.951259999999999550e-01 6.663780000000000259e-01 -7.418000000000000149e-01 -7.532300000000000106e-02 -7.456089999999999662e-01 -6.633379999999999832e-01 -6.364400000000000612e-02
8.000000000000000000e+00 5.000000000000000000e+01 3.000000000000000000e+01 0.000000000000000000e+00 1.600000000000000089e+00 -4.389999999999999805e-03 1.638830000000000009e-01 -9.864699999999999580e-01 6.597169999999999979e-01 -7.408740000000000325e-01 -1.260169999999999901e-01 -7.515020000000000033e-01 -6.513440000000000341e-01 -1.048639999999999989e-01
1.300000000000000000e+01 5.000000000000000000e+01 3.000000000000000000e+01 0.000000000000000000e+00 1.600000000000000089e+00 -9.379000000000000184e-03 2.726750000000000007e-01 -9.620610000000000550e-01 6.371250000000000524e-01 -7.398989999999999734e-01 -2.159200000000000008e-01 -7.707039999999999447e-01 -6.149780000000000246e-01 -1.667879999999999918e-01
1.900000000000000000e+01 8.000000000000000000e+01 3.000000000000000000e+01 0.000000000000000000e+00 1.600000000000000089e+00 -9.172949999999999715e-01 -3.903530000000000055e-01 -7.870399999999999618e-02 -3.982029999999999736e-01 8.981710000000000527e-01 1.863400000000000056e-01 -2.049000000000000040e-03 2.022690000000000043e-01 -9.793279999999999763e-01
2.000000000000000000e+01 9.000000000000000000e+01 3.000000000000000000e+01 0.000000000000000000e+00 1.600000000000000089e+00 -9.294360000000000399e-01 3.247800000000000131e-01 -1.751209999999999989e-01 2.585520000000000040e-01 9.118490000000000206e-01 3.188770000000000215e-01 2.632479999999999820e-01 2.510970000000000146e-01 -9.314780000000000282e-01
1.700000000000000000e+01 5.100000000000000000e+01 3.100000000000000000e+01 0.000000000000000000e+00 1.600000000000000089e+00 2.522900000000000142e-02 3.988579999999999903e-01 -9.166649999999999521e-01 5.482639999999999736e-01 -7.722719999999999585e-01 -3.209400000000000031e-01 -8.359250000000000291e-01 -4.944779999999999731e-01 -2.381630000000000136e-01
1.700000000000000000e+01 5.200000000000000000e+01 3.200000000000000000e+01 0.000000000000000000e+00 1.600000000000000089e+00 3.796700000000000075e-02 4.218109999999999915e-01 -9.058890000000000553e-01 5.385940000000000172e-01 -7.722339999999999760e-01 -3.370029999999999970e-01 -8.417090000000000405e-01 -4.751119999999999788e-01 -2.565040000000000098e-01
2.800000000000000000e+01 5.600000000000000000e+01 3.300000000000000000e+01 0.000000000000000000e+00 1.600000000000000089e+00 1.464489999999999958e-01 1.847540000000000016e-01 -9.718120000000000092e-01 2.762729999999999908e-01 -9.509520000000000195e-01 -1.391550000000000009e-01 -9.498560000000000336e-01 -2.481059999999999932e-01 -1.903080000000000049e-01
2.600000000000000000e+01 4.600000000000000000e+01 3.500000000000000000e+01 0.000000000000000000e+00 1.600000000000000089e+00 1.320200000000000019e-02 8.110399999999999554e-02 -9.966180000000000039e-01 3.797389999999999932e-01 -9.224390000000000089e-01 -7.003700000000000203e-02 -9.249990000000000157e-01 -3.775299999999999767e-01 -4.297700000000000131e-02
2.000000000000000000e+01 7.900000000000000000e+01 3.500000000000000000e+01 0.000000000000000000e+00 1.600000000000000089e+00 -9.399699999999999722e-01 -3.375090000000000034e-01 -5.044799999999999979e-02 -3.411580000000000168e-01 9.257950000000000346e-01 1.628340000000000065e-01 -8.253999999999999185e-03 1.702700000000000047e-01 -9.853629999999999889e-01
2.100000000000000000e+01 8.900000000000000000e+01 3.500000000000000000e+01 0.000000000000000000e+00 1.600000000000000089e+00 -6.058590000000000364e-01 7.671729999999999938e-01 -2.106649999999999912e-01 7.195120000000000404e-01 6.413649999999999629e-01 2.663699999999999957e-01 3.394650000000000167e-01 9.806999999999999745e-03 -9.405679999999999596e-01
2.100000000000000000e+01 7.800000000000000000e+01 3.600000000000000000e+01 0.000000000000000000e+00 1.600000000000000089e+00 -7.865790000000000282e-01 -6.135760000000000103e-01 -6.941500000000000448e-02 -6.158120000000000260e-01 7.711869999999999559e-01 1.613870000000000027e-01 -4.549099999999999672e-02 1.696910000000000085e-01 -9.844469999999999610e-01
8.000000000000000000e+00 9.500000000000000000e+01 3.600000000000000000e+01 0.000000000000000000e+00 1.600000000000000089e+00 -1.571600000000000080e-02 -5.884699999999999653e-02 9.981430000000000025e-01 9.973889999999999700e-01 6.945099999999999885e-02 1.979900000000000063e-02 -7.048699999999999410e-02 9.958479999999999555e-01 5.760099999999999942e-02
2.900000000000000000e+01 7.000000000000000000e+01 4.200000000000000000e+01 0.000000000000000000e+00 1.600000000000000089e+00 -2.128170000000000062e-01 3.213719999999999910e-01 -9.227290000000000214e-01 -9.769799999999999596e-01 -5.568499999999999839e-02 2.059350000000000069e-01 1.480000000000000066e-02 9.453139999999999876e-01 3.258249999999999758e-01
1.000000000000000000e+00 2.900000000000000000e+01 4.400000000000000000e+01 0.000000000000000000e+00 1.600000000000000089e+00 6.200000000000000270e-05 -1.894000000000000067e-03 -9.999980000000000535e-01 6.604149999999999743e-01 7.508989999999999831e-01 -1.381000000000000066e-03 7.509010000000000407e-01 -6.604139999999999455e-01 1.296999999999999976e-03
8.000000000000000000e+00 2.900000000000000000e+01 4.400000000000000000e+01 0.000000000000000000e+00 1.600000000000000089e+00 -8.249999999999999955e-04 1.206999999999999957e-03 -9.999989999999999712e-01 6.557690000000000463e-01 7.549620000000000219e-01 3.699999999999999947e-04 7.549609999999999932e-01 -6.557680000000000176e-01 -1.413999999999999892e-03
1.300000000000000000e+01 2.900000000000000000e+01 4.400000000000000000e+01 0.000000000000000000e+00 1.600000000000000089e+00 9.399999999999999448e-05 -1.662999999999999982e-03 -9.999989999999999712e-01 6.553099999999999481e-01 7.553590000000000027e-01 -1.193999999999999966e-03 7.553600000000000314e-01 -6.553090000000000304e-01 1.160000000000000007e-03
1.600000000000000000e+01 2.900000000000000000e+01 4.400000000000000000e+01 0.000000000000000000e+00 1.600000000000000089e+00 8.649999999999999920e-04 -1.559000000000000056e-03 -9.999980000000000535e-01 6.569650000000000212e-01 7.539200000000000346e-01 -6.070000000000000092e-04 7.539200000000000346e-01 -6.569639999999999924e-01 1.677000000000000105e-03
2.700000000000000000e+01 2.900000000000000000e+01 4.400000000000000000e+01 0.000000000000000000e+00 1.600000000000000089e+00 -1.397999999999999937e-03 4.199999999999999740e-03 -9.999900000000000455e-01 6.558070000000000288e-01 7.549249999999999572e-01 2.253999999999999927e-03 7.549270000000000147e-01 -6.557969999999999633e-01 -3.810000000000000019e-03
3.000000000000000000e+01 2.900000000000000000e+01 4.400000000000000000e+01 0.000000000000000000e+00 1.600000000000000089e+00 -6.080000000000000335e-04 7.153999999999999769e-03 -9.999740000000000295e-01 6.582780000000000298e-01 7.527580000000000382e-01 4.984999999999999848e-03 7.527740000000000542e-01 -6.582580000000000098e-01 -5.166999999999999718e-03
5.000000000000000000e+00 6.500000000000000000e+01 4.600000000000000000e+01 0.000000000000000000e+00 1.600000000000000089e+00 1.576699999999999977e-02 1.450279999999999903e-01 9.893020000000000147e-01 6.545119999999999827e-01 -7.494830000000000103e-01 9.944000000000000061e-02 7.558869999999999756e-01 6.459420000000000162e-01 -1.067400000000000015e-01
2.000000000000000000e+01 5.900000000000000000e+01 4.800000000000000000e+01 0.000000000000000000e+00 1.600000000000000089e+00 4.849370000000000069e-01 3.321700000000000208e-01 -8.090110000000000356e-01 -8.352410000000000112e-01 4.501279999999999726e-01 -3.158429999999999849e-01 2.592459999999999765e-01 8.288830000000000364e-01 4.957260000000000000e-01
2.000000000000000000e+01 7.400000000000000000e+01 4.900000000000000000e+01 0.000000000000000000e+00 1.600000000000000089e+00 4.305300000000000099e-02 5.813300000000000134e-01 8.125280000000000280e-01 -9.658830000000000471e-01 2.321020000000000028e-01 -1.148809999999999970e-01 -2.553730000000000167e-01 -7.798610000000000264e-01 5.714900000000000535e-01
6.000000000000000000e+00 4.900000000000000000e+01 5.000000000000000000e+01 0.000000000000000000e+00 1.600000000000000089e+00 4.068200000000000149e-01 9.349899999999999878e-02 9.087110000000000465e-01 -8.097769999999999690e-01 -4.234879999999999756e-01 4.061020000000000185e-01 4.227980000000000071e-01 -9.010639999999999761e-01 -9.657000000000000306e-02
4.000000000000000000e+00 5.000000000000000000e+00 5.100000000000000000e+01 0.000000000000000000e+00 1.600000000000000089e+00 -6.798000000000000223e-03 -3.044999999999999964e-03 -9.999719999999999720e-01 4.894049999999999789e-01 -8.720560000000000533e-01 -6.710000000000000469e-04 -8.720299999999999718e-01 -4.893959999999999977e-01 7.418000000000000115e-03
1.500000000000000000e+01 5.000000000000000000e+00 5.100000000000000000e+01 0.000000000000000000e+00 1.600000000000000089e+00 1.472999999999999917e-03 -3.041999999999999999e-03 -9.999940000000000495e-01 4.892790000000000195e-01 -8.721210000000000351e-01 3.373999999999999829e-03 -8.721259999999999568e-01 -4.892810000000000215e-01 2.039999999999999984e-04
2.200000000000000000e+01 5.000000000000000000e+00 5.100000000000000000e+01 0.000000000000000000e+00 1.600000000000000089e+00 2.311000000000000120e-03 9.000000000000000228e-06 -9.999970000000000248e-01 4.846440000000000192e-01 -8.747110000000000163e-01 1.111999999999999924e-03 -8.747089999999999588e-01 -4.846449999999999925e-01 -2.026000000000000023e-03
2.900000000000000000e+01 5.000000000000000000e+00 5.100000000000000000e+01 0.000000000000000000e+00 1.600000000000000089e+00 -6.040000000000000447e-04 -1.502099999999999963e-02 -9.998869999999999703e-01 4.813950000000000173e-01 -8.764089999999999936e-01 1.287499999999999929e-02 -8.765030000000000321e-01 -4.813330000000000108e-01 7.760999999999999670e-03
9.000000000000000000e+00 5.100000000000000000e+01 5.100000000000000000e+01 0.000000000000000000e+00 1.600000000000000089e+00 4.185539999999999816e-01 9.236199999999999966e-02 9.034830000000000361e-01 -7.902080000000000215e-01 -4.533030000000000115e-01 4.124180000000000068e-01 4.476430000000000131e-01 -8.865579999999999572e-01 -1.167470000000000036e-01
2.100000000000000000e+01 6.400000000000000000e+01 5.100000000000000000e+01 0.000000000000000000e+00 1.600000000000000089e+00 1.269609999999999905e-01 -3.708859999999999935e-01 -9.199589999999999712e-01 5.311160000000000325e-01 8.087250000000000272e-01 -2.527429999999999954e-01 8.377329999999999499e-01 -4.565170000000000061e-01 2.996599999999999819e-01
1.100000000000000000e+01 1.150000000000000000e+02 5.100000000000000000e+01 0.000000000000000000e+00 1.600000000000000089e+00 -1.456999999999999962e-03 1.849800000000000055e-02 9.998280000000000500e-01 8.441830000000000167e-01 -5.359390000000000542e-01 1.114599999999999966e-02 5.360530000000000017e-01 8.440539999999999710e-01 -1.483499999999999923e-02
2.700000000000000000e+01 1.150000000000000000e+02 5.100000000000000000e+01 0.000000000000000000e+00 1.600000000000000089e+00 -1.076700000000000053e-02 6.519999999999999754e-03 9.999209999999999487e-01 8.511659999999999782e-01 -5.247460000000000457e-01 1.258699999999999923e-02 5.247859999999999747e-01 8.512340000000000462e-01 1.000000000000000048e-04
1.200000000000000000e+01 7.000000000000000000e+00 5.200000000000000000e+01 0.000000000000000000e+00 1.600000000000000089e+00 9.039999999999999642e-04 -7.526999999999999837e-03 -9.999710000000000543e-01 1.109269999999999978e-01 -9.938000000000000167e-01 7.581000000000000065e-03 -9.938280000000000447e-01 -1.109300000000000008e-01 -6.299999999999999990e-05
6.000000000000000000e+00 5.000000000000000000e+01 5.200000000000000000e+01 0.000000000000000000e+00 1.600000000000000089e+00 4.323029999999999928e-01 9.019699999999999940e-02 8.972059999999999480e-01 -8.021629999999999594e-01 -4.160139999999999949e-01 4.283310000000000173e-01 4.118839999999999724e-01 -9.048739999999999561e-01 -1.074910000000000032e-01
8.000000000000000000e+00 5.100000000000000000e+01 5.200000000000000000e+01 0.000000000000000000e+00 1.600000000000000089e+00 4.303029999999999911e-01 6.327000000000000159e-03 9.026619999999999644e-01 -7.982169999999999543e-01 -4.642979999999999885e-01 3.837679999999999980e-01 4.215320000000000178e-01 -8.856570000000000276e-01 -1.947379999999999944e-01
1.800000000000000000e+01 8.000000000000000000e+01 5.200000000000000000e+01 0.000000000000000000e+00 1.600000000000000089e+00 5.966099999999999876e-02 -1.797519999999999951e-01 9.819010000000000238e-01 1.069910000000000028e-01 9.791379999999999528e-01 1.727460000000000107e-01 -9.924680000000000168e-01 9.474799999999999889e-02 7.764799999999999480e-02
3.000000000000000000e+00 2.500000000000000000e+01 5.500000000000000000e+01 0.000000000000000000e+00 1.600000000000000089e+00 -1.583999999999999905e-03 1.260999999999999968e-03 -9.999980000000000535e-01 -1.373899999999999948e-02 -9.999050000000000438e-01 -1.239000000000000084e-03 -9.999040000000000150e-01 1.373699999999999921e-02 1.601999999999999908e-03
9.000000000000000000e+00 2.500000000000000000e+01 5.500000000000000000e+01 0.000000000000000000e+00 1.600000000000000089e+00 -6.049999999999999606e-04 4.629999999999999784e-04 -1.000000000000000000e+00 -1.043200000000000030e-02 -9.999449999999999728e-01 -4.560000000000000251e-04 -9.999449999999999728e-01 1.043099999999999930e-02 6.099999999999999737e-04
1.500000000000000000e+01 2.500000000000000000e+01 5.500000000000000000e+01 0.000000000000000000e+00 1.600000000000000089e+00 -7.649999999999999465e-04 -3.699999999999999811e-05 -1.000000000000000000e+00 -1.058199999999999939e-02 -9.999440000000000550e-01 4.500000000000000283e-05 -9.999440000000000550e-01 1.058199999999999939e-02 7.640000000000000306e-04
2.000000000000000000e+01 2.500000000000000000e+01 5.500000000000000000e+01 0.000000000000000000e+00 1.600000000000000089e+00 -1.255000000000000039e-03 4.131000000000000123e-03 -9.999909999999999632e-01 -8.803000000000000061e-03 -9.999529999999999808e-01 -4.120000000000000398e-03 -9.999599999999999600e-01 8.796999999999999265e-03 1.291000000000000047e-03
2.400000000000000000e+01 2.500000000000000000e+01 5.500000000000000000e+01 0.000000000000000000e+00 1.600000000000000089e+00 -8.400000000000000348e-04 2.383000000000000135e-03 -9.999970000000000248e-01 -7.675999999999999664e-03 -9.999679999999999680e-01 -2.376000000000000074e-03 -9.999700000000000255e-01 7.674000000000000266e-03 8.580000000000000387e-04
2.800000000000000000e+01 2.500000000000000000e+01 5.500000000000000000e+01 0.000000000000000000e+00 1.600000000000000089e+00 -3.829999999999999854e-04 1.510000000000000057e-03 -9.999989999999999712e-01 -7.577000000000000401e-03 -9.999700000000000255e-01 -1.507000000000000093e-03 -9.999710000000000543e-01 7.576000000000000269e-03 3.939999999999999817e-04
2.000000000000000000e+01 5.800000000000000000e+01 5.500000000000000000e+01 0.000000000000000000e+00 1.600000000000000089e+00 -8.557399999999999729e-02 -3.062960000000000127e-01 9.480819999999999803e-01 -1.588420000000000110e-01 9.435959999999999903e-01 2.905090000000000172e-01 -9.835880000000000178e-01 -1.257359999999999867e-01 -1.293999999999999873e-01
5.000000000000000000e+00 6.000000000000000000e+01 5.500000000000000000e+01 0.000000000000000000e+00 1.600000000000000089e+00 -4.660099999999999659e-02 -1.067369999999999985e-01 9.931950000000000500e-01 -3.156199999999999978e-02 9.939360000000000417e-01 1.053349999999999981e-01 -9.984150000000000524e-01 -2.643799999999999970e-02 -4.968700000000000200e-02
9.000000000000000000e+00 6.000000000000000000e+01 5.500000000000000000e+01 0.000000000000000000e+00 1.600000000000000089e+00 -2.038200000000000081e-02 -1.038319999999999937e-01 9.943859999999999921e-01 8.119400000000000228e-02 9.911349999999999882e-01 1.051570000000000005e-01 -9.964899999999999869e-01 8.288199999999999734e-02 -1.177100000000000021e-02
5.000000000000000000e+00 5.100000000000000000e+01 5.600000000000000000e+01 0.000000000000000000e+00 1.600000000000000089e+00 4.063979999999999815e-01 -1.622639999999999916e-01 8.991719999999999713e-01 -8.904490000000000460e-01 -2.909120000000000039e-01 3.499579999999999913e-01 2.047940000000000038e-01 -9.428889999999999771e-01 -2.627140000000000031e-01
1.200000000000000000e+01 6.800000000000000000e+01 5.700000000000000000e+01 0.000000000000000000e+00 1.600000000000000089e+00 -1.515999999999999986e-03 -4.308000000000000197e-03 -9.999900000000000455e-01 -2.497469999999999968e-01 -9.683000000000000496e-01 4.550000000000000225e-03 -9.683100000000000041e-01 2.497510000000000008e-01 3.919999999999999873e-04
1.800000000000000000e+01 5.800000000000000000e+01 5.900000000000000000e+01 0.000000000000000000e+00 1.600000000000000089e+00 -6.412299999999999944e-02 -1.772950000000000081e-01 -9.820670000000000233e-01 1.940900000000000125e-01 9.630840000000000511e-01 -1.865410000000000124e-01 9.788860000000000339e-01 -2.025710000000000011e-01 -2.734500000000000125e-02
6.000000000000000000e+00 2.100000000000000000e+01 6.000000000000000000e+01 0.000000000000000000e+00 1.600000000000000089e+00 -5.820000000000000520e-04 5.082999999999999845e-03 9.999869999999999592e-01 -9.705199999999999938e-02 9.952659999999999840e-01 -5.115999999999999888e-03 -9.952790000000000248e-01 -9.705400000000000138e-02 -8.600000000000000331e-05
1.100000000000000000e+01 2.100000000000000000e+01 6.000000000000000000e+01 0.000000000000000000e+00 1.600000000000000089e+00 -8.649999999999999920e-04 1.740999999999999926e-03 9.999980000000000535e-01 -9.583800000000000652e-02 9.953950000000000298e-01 -1.815999999999999906e-03 -9.953969999999999763e-01 -9.583899999999999364e-02 -6.949999999999999798e-04
1.700000000000000000e+01 2.100000000000000000e+01 6.000000000000000000e+01 0.000000000000000000e+00 1.600000000000000089e+00 1.889999999999999970e-03 -2.149999999999999947e-04 9.999980000000000535e-01 -9.468999999999999639e-02 9.955070000000000308e-01 3.930000000000000117e-04 -9.955049999999999732e-01 -9.468999999999999639e-02 1.861000000000000024e-03
2.500000000000000000e+01 2.100000000000000000e+01 6.000000000000000000e+01 0.000000000000000000e+00 1.600000000000000089e+00 -2.474000000000000071e-03 -5.354000000000000252e-03 9.999829999999999552e-01 -9.702099999999999613e-02 9.952689999999999593e-01 5.088999999999999774e-03 -9.952790000000000248e-01 -9.700599999999999501e-02 -2.981999999999999842e-03
1.600000000000000000e+01 6.000000000000000000e+00 6.100000000000000000e+01 0.000000000000000000e+00 1.600000000000000089e+00 -5.191999999999999567e-03 -1.015300000000000057e-02 9.999350000000000183e-01 5.706809999999999938e-01 -8.211540000000000505e-01 -5.374000000000000304e-03 8.211549999999999683e-01 5.706160000000000121e-01 1.005799999999999923e-02
7.000000000000000000e+00 3.000000000000000000e+00 6.300000000000000000e+01 0.000000000000000000e+00 1.600000000000000089e+00 2.199999999999999943e-05 -2.260999999999999989e-03 9.999970000000000248e-01 -6.171419999999999684e-01 7.868500000000000494e-01 1.791999999999999973e-03 -7.868519999999999959e-01 -6.171400000000000219e-01 -1.378000000000000102e-03
6.000000000000000000e+00 2.700000000000000000e+01 6.300000000000000000e+01 0.000000000000000000e+00 1.600000000000000089e+00 5.360000000000000181e-04 7.553999999999999951e-03 9.999710000000000543e-01 -2.677439999999999820e-01 9.634639999999999871e-01 -7.134999999999999849e-03 -9.634899999999999576e-01 -2.677320000000000255e-01 2.539000000000000024e-03
1.200000000000000000e+01 2.700000000000000000e+01 6.300000000000000000e+01 0.000000000000000000e+00 1.600000000000000089e+00 -5.019999999999999506e-04 3.298999999999999849e-03 9.999940000000000495e-01 -2.695710000000000051e-01 9.629750000000000254e-01 -3.311999999999999840e-03 -9.629799999999999471e-01 -2.695710000000000051e-01 4.049999999999999781e-04
1.600000000000000000e+01 2.700000000000000000e+01 6.300000000000000000e+01 0.000000000000000000e+00 1.600000000000000089e+00 6.319999999999999663e-04 2.781000000000000052e-03 9.999959999999999960e-01 -2.679509999999999947e-01 9.634289999999999798e-01 -2.510000000000000078e-03 -9.634319999999999551e-01 -2.679489999999999927e-01 1.353999999999999952e-03
2.700000000000000000e+01 2.700000000000000000e+01 6.300000000000000000e+01 0.000000000000000000e+00 1.600000000000000089e+00 -3.265999999999999806e-03 -1.765000000000000076e-03 9.999930000000000208e-01 -2.684630000000000072e-01 9.632899999999999796e-01 8.239999999999999712e-04 -9.632840000000000291e-01 -2.684590000000000032e-01 -3.619999999999999954e-03
4.000000000000000000e+00 2.600000000000000000e+01 6.400000000000000000e+01 0.000000000000000000e+00 1.600000000000000089e+00 1.206000000000000041e-03 4.972999999999999990e-03 9.999869999999999592e-01 -3.460989999999999900e-01 9.381880000000000219e-01 -4.248000000000000040e-03 -9.381969999999999477e-01 -3.460889999999999800e-01 2.853000000000000067e-03
8.000000000000000000e+00 2.600000000000000000e+01 6.400000000000000000e+01 0.000000000000000000e+00 1.600000000000000089e+00 -1.389999999999999905e-04 6.860999999999999911e-03 9.999770000000000048e-01 -3.517069999999999919e-01 9.360880000000000312e-01 -6.472000000000000322e-03 -9.361099999999999977e-01 -3.516989999999999839e-01 2.282999999999999873e-03
1.200000000000000000e+01 2.600000000000000000e+01 6.400000000000000000e+01 0.000000000000000000e+00 1.600000000000000089e+00 -1.297999999999999892e-03 3.713999999999999854e-03 9.999919999999999920e-01 -3.517540000000000111e-01 9.360840000000000272e-01 -3.932999999999999864e-03 -9.360910000000000064e-01 -3.517569999999999864e-01 9.100000000000000287e-05
1.600000000000000000e+01 2.600000000000000000e+01 6.400000000000000000e+01 0.000000000000000000e+00 1.600000000000000089e+00 3.600000000000000091e-05 2.975999999999999913e-03 9.999959999999999960e-01 -3.468470000000000164e-01 9.379180000000000295e-01 -2.778999999999999786e-03 -9.379220000000000335e-01 -3.468450000000000144e-01 1.066000000000000107e-03
