3.000000000000000000e+00 1.500000000000000000e+01 4.000000000000000000e+00 0.000000000000000000e+00 1.600000000000000089e+00 -2.481999999999999831e-03 -3.354000000000000210e-03 9.999909999999999632e-01 2.885119999999999907e-01 -9.574730000000000185e-01 -2.494999999999999822e-03 9.574730000000000185e-01 2.885030000000000094e-01 3.344000000000000184e-03
6.000000000000000000e+00 1.500000000000000000e+01 4.000000000000000000e+00 0.000000000000000000e+00 1.600000000000000089e+00 5.810000000000000277e-04 8.980000000000000352e-04 9.999989999999999712e-01 2.902379999999999960e-01 -9.569539999999999713e-01 6.909999999999999910e-04 9.569539999999999713e-01 2.902379999999999960e-01 -8.170000000000000179e-04
1.500000000000000000e+01 1.500000000000000000e+01 4.000000000000000000e+00 0.000000000000000000e+00 1.600000000000000089e+00 1.459999999999999926e-03 -9.117999999999999369e-03 9.999569999999999848e-01 2.998890000000000167e-01 -9.539299999999999446e-01 -9.136000000000000024e-03 9.539729999999999599e-01 2.998899999999999899e-01 1.340999999999999961e-03
2.000000000000000000e+01 1.500000000000000000e+01 4.000000000000000000e+00 0.000000000000000000e+00 1.600000000000000089e+00 -1.423999999999999919e-03 -1.652500000000000149e-02 9.998620000000000285e-01 2.913799999999999724e-01 -9.564829999999999721e-01 -1.539300000000000043e-02 9.566059999999999564e-01 2.913180000000000214e-01 6.177000000000000199e-03
2.400000000000000000e+01 1.500000000000000000e+01 4.000000000000000000e+00 0.000000000000000000e+00 1.600000000000000089e+00 -2.256000000000000193e-03 -1.603600000000000164e-02 9.998690000000000078e-01 2.818439999999999834e-01 -9.593469999999999498e-01 -1.474999999999999922e-02 9.594580000000000330e-01 2.817740000000000244e-01 6.683999999999999837e-03
7.000000000000000000e+00 1.600000000000000000e+01 4.000000000000000000e+00 0.000000000000000000e+00 1.600000000000000089e+00 2.714999999999999965e-03 4.928000000000000089e-03 9.999839999999999840e-01 3.557009999999999894e-01 -9.345930000000000071e-01 3.640000000000000006e-03 9.345959999999999823e-01 3.556849999999999734e-01 -4.290999999999999676e-03
1.100000000000000000e+01 1.010000000000000000e+02 7.000000000000000000e+00 0.000000000000000000e+00 1.600000000000000089e+00 -4.388000000000000407e-03 -1.911699999999999858e-02 9.998080000000000300e-01 8.858610000000000095e-01 4.637760000000000216e-01 1.275599999999999998e-02 -4.639309999999999823e-01 8.857460000000000333e-01 1.490000000000000005e-02
2.000000000000000000e+01 1.010000000000000000e+02 7.000000000000000000e+00 0.000000000000000000e+00 1.600000000000000089e+00 1.379999999999999933e-03 1.835600000000000079e-02 9.998310000000000253e-01 8.856190000000000451e-01 4.643090000000000273e-01 -9.747000000000000455e-03 -4.644099999999999895e-01 8.854830000000000201e-01 -1.561500000000000041e-02
4.000000000000000000e+00 1.500000000000000000e+01 8.000000000000000000e+00 0.000000000000000000e+00 1.600000000000000089e+00 -1.874999999999999931e-03 -6.269000000000000267e-03 -9.999789999999999512e-01 -5.827670000000000350e-01 -8.126160000000000050e-01 6.187999999999999924e-03 -8.126370000000000537e-01 5.827660000000000062e-01 -2.129999999999999949e-03
7.000000000000000000e+00 1.500000000000000000e+01 8.000000000000000000e+00 0.000000000000000000e+00 1.600000000000000089e+00 -3.223000000000000170e-03 -2.184000000000000177e-03 -9.999919999999999920e-01 -5.831610000000000404e-01 -8.123489999999999878e-01 3.654000000000000130e-03 -8.123510000000000453e-01 5.831680000000000197e-01 1.345000000000000058e-03
1.100000000000000000e+01 1.500000000000000000e+01 8.000000000000000000e+00 0.000000000000000000e+00 1.600000000000000089e+00 -3.628999999999999847e-03 2.007999999999999802e-03 -9.999909999999999632e-01 -5.839710000000000178e-01 -8.117739999999999956e-01 4.889999999999999599e-04 -8.117659999999999876e-01 5.839680000000000426e-01 4.118000000000000133e-03
2.200000000000000000e+01 1.500000000000000000e+01 8.000000000000000000e+00 0.000000000000000000e+00 1.600000000000000089e+00 -2.098000000000000038e-03 -1.166999999999999982e-02 -9.999299999999999855e-01 -5.875609999999999999e-01 -8.091089999999999671e-01 1.067599999999999973e-02 -8.091770000000000351e-01 5.875420000000000087e-01 -5.159000000000000391e-03
2.000000000000000000e+00 2.600000000000000000e+01 8.000000000000000000e+00 0.000000000000000000e+00 1.600000000000000089e+00 1.136999999999999990e-03 -4.023999999999999799e-03 -9.999909999999999632e-01 4.080389999999999850e-01 9.129589999999999650e-01 -3.210000000000000180e-03 9.129639999999999977e-01 -4.080320000000000058e-01 2.680000000000000090e-03
7.000000000000000000e+00 2.600000000000000000e+01 8.000000000000000000e+00 0.000000000000000000e+00 1.600000000000000089e+00 1.871999999999999966e-03 6.300000000000000044e-03 -9.999780000000000335e-01 4.070779999999999954e-01 9.133700000000000152e-01 6.517000000000000223e-03 9.133919999999999817e-01 -4.070810000000000262e-01 -8.549999999999999658e-04
1.400000000000000000e+01 2.600000000000000000e+01 8.000000000000000000e+00 0.000000000000000000e+00 1.600000000000000089e+00 1.572999999999999962e-03 4.910999999999999567e-03 -9.999869999999999592e-01 4.059360000000000190e-01 9.138870000000000049e-01 5.126000000000000348e-03 9.139000000000000457e-01 -4.059389999999999943e-01 -5.559999999999999621e-04
2.700000000000000000e+01 2.600000000000000000e+01 8.000000000000000000e+00 0.000000000000000000e+00 1.600000000000000089e+00 3.870999999999999875e-03 8.736000000000000709e-03 -9.999540000000000095e-01 4.024309999999999832e-01 9.154010000000000202e-01 9.554999999999999258e-03 9.154419999999999780e-01 -4.024490000000000012e-01 2.799999999999999958e-05
1.000000000000000000e+00 2.400000000000000000e+01 9.000000000000000000e+00 0.000000000000000000e+00 1.600000000000000089e+00 1.077999999999999965e-03 -7.649999999999999465e-04 -9.999989999999999712e-01 4.629130000000000189e-01 8.864039999999999697e-01 -1.789999999999999870e-04 8.864030000000000520e-01 -4.629130000000000189e-01 1.309999999999999967e-03
6.000000000000000000e+00 2.400000000000000000e+01 9.000000000000000000e+00 0.000000000000000000e+00 1.600000000000000089e+00 1.758999999999999930e-03 9.679000000000000103e-03 -9.999519999999999520e-01 4.622899999999999787e-01 8.866789999999999949e-01 9.395000000000000573e-03 8.867270000000000429e-01 -4.622839999999999727e-01 -2.915000000000000056e-03
9.000000000000000000e+00 2.400000000000000000e+01 9.000000000000000000e+00 0.000000000000000000e+00 1.600000000000000089e+00 2.151999999999999833e-03 8.264000000000000512e-03 -9.999639999999999640e-01 4.626160000000000272e-01 8.865199999999999747e-01 8.321999999999999537e-03 8.865560000000000107e-01 -4.626170000000000004e-01 -1.915000000000000036e-03
1.500000000000000000e+01 2.400000000000000000e+01 9.000000000000000000e+00 0.000000000000000000e+00 1.600000000000000089e+00 1.691000000000000012e-03 3.076999999999999874e-03 -9.999940000000000495e-01 4.619210000000000260e-01 8.869139999999999802e-01 3.510000000000000099e-03 8.869190000000000129e-01 -4.619240000000000013e-01 7.799999999999999859e-05
2.400000000000000000e+01 2.400000000000000000e+01 9.000000000000000000e+00 0.000000000000000000e+00 1.600000000000000089e+00 2.399999999999999790e-03 3.772000000000000179e-03 -9.999900000000000455e-01 4.598280000000000145e-01 8.879970000000000363e-01 4.453000000000000361e-03 8.880050000000000443e-01 -4.598340000000000205e-01 3.970000000000000005e-04
1.200000000000000000e+01 4.000000000000000000e+00 1.100000000000000000e+01 0.000000000000000000e+00 1.600000000000000089e+00 1.172000000000000082e-03 2.112999999999999948e-02 -9.997759999999999980e-01 2.247170000000000001e-01 9.742009999999999836e-01 2.085300000000000001e-02 9.744230000000000391e-01 -2.246910000000000018e-01 -3.606999999999999963e-03
1.600000000000000000e+01 4.000000000000000000e+00 1.100000000000000000e+01 0.000000000000000000e+00 1.600000000000000089e+00 1.015999999999999976e-03 6.858999999999999646e-03 -9.999759999999999760e-01 2.214800000000000102e-01 9.751410000000000355e-01 6.914000000000000007e-03 9.751640000000000308e-01 -2.214810000000000112e-01 -5.289999999999999564e-04
1.900000000000000000e+01 4.000000000000000000e+00 1.100000000000000000e+01 0.000000000000000000e+00 1.600000000000000089e+00 3.820000000000000153e-04 -1.407000000000000048e-03 -9.999989999999999712e-01 2.196200000000000097e-01 9.755850000000000355e-01 -1.288999999999999998e-03 9.755850000000000355e-01 -2.196190000000000087e-01 6.819999999999999890e-04
1.800000000000000000e+01 3.100000000000000000e+01 1.200000000000000000e+01 0.000000000000000000e+00 1.600000000000000089e+00 -8.980000000000000352e-04 9.039999999999999642e-04 9.999989999999999712e-01 -2.052700000000000011e-02 9.997890000000000388e-01 -9.219999999999999680e-04 -9.997890000000000388e-01 -2.052800000000000111e-02 -8.790000000000000070e-04
2.800000000000000000e+01 3.100000000000000000e+01 1.200000000000000000e+01 0.000000000000000000e+00 1.600000000000000089e+00 -2.491999999999999858e-03 1.523000000000000048e-03 9.999959999999999960e-01 -2.531299999999999870e-02 9.996779999999999555e-01 -1.585999999999999953e-03 -9.996760000000000090e-01 -2.531600000000000170e-02 -2.452000000000000186e-03
1.400000000000000000e+01 3.200000000000000000e+01 1.400000000000000000e+01 0.000000000000000000e+00 1.600000000000000089e+00 -1.183000000000000024e-03 1.002000000000000069e-03 -9.999989999999999712e-01 1.106749999999999956e-01 9.938559999999999617e-01 8.649999999999999920e-04 9.938559999999999617e-01 -1.106739999999999946e-01 -1.286999999999999950e-03
2.200000000000000000e+01 3.200000000000000000e+01 1.400000000000000000e+01 0.000000000000000000e+00 1.600000000000000089e+00 1.119999999999999983e-04 -4.057999999999999975e-03 -9.999919999999999920e-01 1.179230000000000000e-01 9.930149999999999810e-01 -4.015999999999999605e-03 9.930229999999999890e-01 -1.179219999999999990e-01 5.900000000000000296e-04
2.500000000000000000e+01 3.200000000000000000e+01 1.400000000000000000e+01 0.000000000000000000e+00 1.600000000000000089e+00 2.926999999999999914e-03 -2.151999999999999833e-03 -9.999930000000000208e-01 1.188349999999999962e-01 9.929120000000000168e-01 -1.789000000000000009e-03 9.929099999999999593e-01 -1.188290000000000041e-01 3.161999999999999880e-03
4.000000000000000000e+00 1.200000000000000000e+01 1.500000000000000000e+01 0.000000000000000000e+00 1.600000000000000089e+00 -2.329999999999999986e-04 -1.229000000000000058e-03 -9.999989999999999712e-01 -4.699690000000000256e-01 -8.826819999999999666e-01 1.193999999999999966e-03 -8.826829999999999954e-01 4.699690000000000256e-01 -3.719999999999999891e-04
8.000000000000000000e+00 1.200000000000000000e+01 1.500000000000000000e+01 0.000000000000000000e+00 1.600000000000000089e+00 -1.113000000000000057e-03 -3.684000000000000209e-03 -9.999930000000000208e-01 -4.724929999999999963e-01 -8.813260000000000538e-01 3.772000000000000179e-03 -8.813339999999999508e-01 4.724940000000000251e-01 -7.600000000000000418e-04
1.600000000000000000e+01 1.200000000000000000e+01 1.500000000000000000e+01 0.000000000000000000e+00 1.600000000000000089e+00 -1.118999999999999986e-03 -1.149000000000000065e-03 -9.999989999999999712e-01 -4.712660000000000182e-01 -8.819900000000000517e-01 1.541000000000000052e-03 -8.819900000000000517e-01 4.712680000000000202e-01 4.449999999999999746e-04
2.200000000000000000e+01 1.200000000000000000e+01 1.500000000000000000e+01 0.000000000000000000e+00 1.600000000000000089e+00 2.959999999999999849e-04 -6.589999999999999721e-04 -1.000000000000000000e+00 -4.716659999999999742e-01 -8.817770000000000330e-01 4.409999999999999858e-04 -8.817770000000000330e-01 4.716659999999999742e-01 -5.720000000000000258e-04
2.500000000000000000e+01 1.200000000000000000e+01 1.500000000000000000e+01 0.000000000000000000e+00 1.600000000000000089e+00 -1.098999999999999934e-03 -2.590000000000000071e-04 -9.999989999999999712e-01 -4.721879999999999966e-01 -8.814980000000000038e-01 7.470000000000000511e-04 -8.814969999999999750e-01 4.721890000000000254e-01 8.469999999999999881e-04
2.000000000000000000e+00 1.160000000000000000e+02 1.600000000000000000e+01 0.000000000000000000e+00 1.600000000000000089e+00 -3.220000000000000206e-04 -1.649999999999999991e-03 9.999989999999999712e-01 6.714579999999999993e-01 7.410419999999999785e-01 1.438999999999999958e-03 -7.410430000000000073e-01 6.714569999999999705e-01 8.700000000000000051e-04
1.000000000000000000e+01 1.160000000000000000e+02 1.600000000000000000e+01 0.000000000000000000e+00 1.600000000000000089e+00 -1.351999999999999903e-03 -1.180000000000000059e-03 9.999980000000000535e-01 6.491019999999999568e-01 7.606990000000000141e-01 1.775000000000000102e-03 -7.607000000000000428e-01 6.491029999999999855e-01 -2.629999999999999959e-04
1.900000000000000000e+01 1.160000000000000000e+02 1.600000000000000000e+01 0.000000000000000000e+00 1.600000000000000089e+00 9.700000000000000505e-04 -4.366000000000000089e-03 9.999900000000000455e-01 6.645469999999999988e-01 7.472419999999999618e-01 2.618000000000000101e-03 -7.472459999999999658e-01 6.645379999999999621e-01 3.627000000000000016e-03
2.900000000000000000e+01 1.160000000000000000e+02 1.600000000000000000e+01 0.000000000000000000e+00 1.600000000000000089e+00 -2.469999999999999973e-03 8.490000000000000368e-04 9.999970000000000248e-01 6.798889999999999656e-01 7.333140000000000214e-01 1.056999999999999997e-03 -7.333110000000000461e-01 6.798899999999999944e-01 -2.387999999999999932e-03
1.000000000000000000e+00 2.000000000000000000e+00 1.900000000000000000e+01 0.000000000000000000e+00 1.600000000000000089e+00 2.850000000000000103e-03 -1.016099999999999989e-02 -9.999440000000000550e-01 2.117169999999999885e-01 -9.772739999999999760e-01 1.053399999999999996e-02 -9.773269999999999458e-01 -2.117350000000000065e-01 -6.340000000000000149e-04
6.000000000000000000e+00 2.000000000000000000e+00 1.900000000000000000e+01 0.000000000000000000e+00 1.600000000000000089e+00 3.658999999999999926e-03 -6.973000000000000032e-03 -9.999689999999999968e-01 2.093810000000000116e-01 -9.778050000000000352e-01 7.584999999999999729e-03 -9.778270000000000017e-01 -2.094020000000000048e-01 -2.118000000000000091e-03
1.200000000000000000e+01 2.000000000000000000e+00 1.900000000000000000e+01 0.000000000000000000e+00 1.600000000000000089e+00 4.917999999999999629e-03 -6.209000000000000109e-03 -9.999689999999999968e-01 2.084399999999999864e-01 -9.780100000000000460e-01 7.098000000000000143e-03 -9.780229999999999757e-01 -2.084679999999999866e-01 -3.516000000000000028e-03
1.500000000000000000e+01 2.000000000000000000e+00 1.900000000000000000e+01 0.000000000000000000e+00 1.600000000000000089e+00 7.540000000000000044e-04 -5.070999999999999987e-03 -9.999869999999999592e-01 2.093019999999999881e-01 -9.778379999999999850e-01 5.117000000000000021e-03 -9.778510000000000257e-01 -2.093029999999999891e-01 3.240000000000000150e-04
2.400000000000000000e+01 2.000000000000000000e+00 1.900000000000000000e+01 0.000000000000000000e+00 1.600000000000000089e+00 -1.219999999999999974e-04 -1.673000000000000008e-03 -9.999989999999999712e-01 2.108909999999999951e-01 -9.775080000000000435e-01 1.610000000000000103e-03 -9.775089999999999613e-01 -2.108909999999999951e-01 4.719999999999999803e-04
2.800000000000000000e+01 2.000000000000000000e+00 1.900000000000000000e+01 0.000000000000000000e+00 1.600000000000000089e+00 5.770000000000000389e-04 -1.699999999999999905e-03 -9.999980000000000535e-01 2.135539999999999938e-01 -9.769299999999999651e-01 1.783999999999999996e-03 -9.769309999999999938e-01 -2.135549999999999948e-01 -2.000000000000000096e-04
5.000000000000000000e+00 4.000000000000000000e+00 2.000000000000000000e+01 0.000000000000000000e+00 1.600000000000000089e+00 7.969999999999999654e-04 -1.498999999999999898e-03 -9.999989999999999712e-01 2.907279999999999864e-01 -9.568039999999999878e-01 1.665000000000000030e-03 -9.568050000000000166e-01 -2.907290000000000152e-01 -3.260000000000000094e-04
1.000000000000000000e+00 1.300000000000000000e+01 2.000000000000000000e+01 0.000000000000000000e+00 1.600000000000000089e+00 -4.820000000000000066e-04 5.039999999999999992e-04 1.000000000000000000e+00 2.574429999999999774e-01 9.662929999999999575e-01 -3.629999999999999872e-04 -9.662929999999999575e-01 2.574429999999999774e-01 -5.950000000000000427e-04
6.000000000000000000e+00 1.300000000000000000e+01 2.000000000000000000e+01 0.000000000000000000e+00 1.600000000000000089e+00 1.110000000000000011e-04 4.459999999999999989e-04 1.000000000000000000e+00 2.572150000000000269e-01 9.663540000000000463e-01 -4.589999999999999896e-04 -9.663540000000000463e-01 2.572150000000000269e-01 -7.999999999999999638e-06
1.400000000000000000e+01 1.300000000000000000e+01 2.000000000000000000e+01 0.000000000000000000e+00 1.600000000000000089e+00 5.490000000000000088e-04 1.620000000000000075e-04 1.000000000000000000e+00 2.562869999999999870e-01 9.666010000000000435e-01 -2.979999999999999793e-04 -9.666010000000000435e-01 2.562869999999999870e-01 4.889999999999999599e-04
1.800000000000000000e+01 1.300000000000000000e+01 2.000000000000000000e+01 0.000000000000000000e+00 1.600000000000000089e+00 -1.575000000000000011e-03 -4.342999999999999639e-03 9.999890000000000168e-01 2.576550000000000229e-01 9.662260000000000293e-01 4.602000000000000188e-03 -9.662359999999999838e-01 2.576590000000000269e-01 -4.029999999999999837e-04
2.500000000000000000e+01 1.300000000000000000e+01 2.000000000000000000e+01 0.000000000000000000e+00 1.600000000000000089e+00 1.060000000000000016e-04 7.299999999999999903e-05 1.000000000000000000e+00 2.589380000000000015e-01 9.658940000000000303e-01 -9.699999999999999963e-05 -9.658940000000000303e-01 2.589380000000000015e-01 8.399999999999999535e-05
2.900000000000000000e+01 1.300000000000000000e+01 2.000000000000000000e+01 0.000000000000000000e+00 1.600000000000000089e+00 -5.569999999999999864e-04 1.745000000000000023e-03 9.999980000000000535e-01 2.602909999999999946e-01 9.655289999999999706e-01 -1.539999999999999919e-03 -9.655299999999999994e-01 2.602900000000000214e-01 -9.920000000000000432e-04
1.700000000000000000e+01 1.600000000000000000e+01 2.100000000000000000e+01 0.000000000000000000e+00 1.600000000000000089e+00 -8.689999999999999808e-04 -4.452000000000000228e-03 9.999900000000000455e-01 3.007659999999999778e-01 9.536869999999999514e-01 4.507999999999999854e-03 -9.536980000000000457e-01 3.007659999999999778e-01 5.100000000000000366e-04
2.200000000000000000e+01 1.600000000000000000e+01 2.100000000000000000e+01 0.000000000000000000e+00 1.600000000000000089e+00 -6.390000000000000280e-04 -2.632999999999999924e-03 9.999959999999999960e-01 3.019669999999999854e-01 9.533150000000000235e-01 2.703000000000000107e-03 -9.533179999999999987e-01 3.019680000000000142e-01 1.859999999999999945e-04
4.000000000000000000e+00 4.600000000000000000e+01 2.700000000000000000e+01 0.000000000000000000e+00 1.600000000000000089e+00 2.013000000000000032e-03 1.569999999999999944e-04 -9.999980000000000535e-01 6.577640000000000153e-01 7.532229999999999759e-01 1.441999999999999922e-03 7.532219999999999471e-01 -6.577650000000000441e-01 1.412999999999999977e-03
2.500000000000000000e+01 4.600000000000000000e+01 2.700000000000000000e+01 0.000000000000000000e+00 1.600000000000000089e+00 1.791999999999999973e-03 2.918000000000000021e-03 -9.999940000000000495e-01 6.615039999999999809e-01 7.499339999999999895e-01 3.373999999999999829e-03 7.499400000000000510e-01 -6.615060000000000384e-01 -5.860000000000000408e-04
2.600000000000000000e+01 4.600000000000000000e+01 3.000000000000000000e+01 0.000000000000000000e+00 1.600000000000000089e+00 1.487999999999999956e-03 1.685999999999999999e-03 -9.999970000000000248e-01 3.209549999999999903e-01 9.470920000000000449e-01 2.075000000000000022e-03 9.470929999999999627e-01 -3.209569999999999923e-01 8.689999999999999808e-04
3.000000000000000000e+01 4.600000000000000000e+01 3.000000000000000000e+01 0.000000000000000000e+00 1.600000000000000089e+00 2.550999999999999882e-03 9.640000000000000131e-04 -9.999959999999999960e-01 3.185209999999999986e-01 9.479140000000000343e-01 1.727000000000000019e-03 9.479130000000000056e-01 -3.185239999999999738e-01 2.111000000000000029e-03
6.000000000000000000e+00 5.800000000000000000e+01 3.100000000000000000e+01 0.000000000000000000e+00 1.600000000000000089e+00 -1.660999999999999933e-03 2.993000000000000001e-03 9.999940000000000495e-01 -7.723400000000000265e-01 -6.352090000000000236e-01 6.189999999999999756e-04 6.352069999999999661e-01 -7.723349999999999937e-01 3.366000000000000068e-03
1.000000000000000000e+01 5.800000000000000000e+01 3.100000000000000000e+01 0.000000000000000000e+00 1.600000000000000089e+00 6.270999999999999665e-03 6.729999999999999871e-03 9.999580000000000135e-01 -7.749840000000000062e-01 -6.319150000000000045e-01 9.114000000000000573e-03 6.319489999999999830e-01 -7.750089999999999479e-01 1.252999999999999991e-03
1.200000000000000000e+01 5.800000000000000000e+01 3.100000000000000000e+01 0.000000000000000000e+00 1.600000000000000089e+00 7.067000000000000365e-03 8.514999999999999999e-03 9.999390000000000223e-01 -7.746410000000000240e-01 -6.323079999999999812e-01 1.085900000000000060e-02 6.323609999999999509e-01 -7.746709999999999985e-01 2.128000000000000117e-03
2.000000000000000000e+01 5.800000000000000000e+01 3.100000000000000000e+01 0.000000000000000000e+00 1.600000000000000089e+00 -3.014000000000000186e-03 -6.231999999999999693e-03 9.999759999999999760e-01 -7.757849999999999469e-01 -6.309669999999999446e-01 -6.270999999999999665e-03 6.309909999999999686e-01 -7.757849999999999469e-01 -2.932000000000000144e-03
2.400000000000000000e+01 5.800000000000000000e+01 3.100000000000000000e+01 0.000000000000000000e+00 1.600000000000000089e+00 2.079000000000000119e-03 -3.970000000000000005e-04 9.999980000000000535e-01 -7.766490000000000338e-01 -6.299320000000000475e-01 1.363999999999999978e-03 6.299299999999999899e-01 -7.766509999999999803e-01 -1.618000000000000081e-03
3.000000000000000000e+00 4.600000000000000000e+01 3.500000000000000000e+01 0.000000000000000000e+00 1.600000000000000089e+00 -4.490000000000000176e-04 -4.369999999999999753e-03 -9.999900000000000455e-01 3.847610000000000197e-01 -9.230080000000000506e-01 3.860999999999999849e-03 -9.230159999999999476e-01 -3.847550000000000137e-01 2.096000000000000207e-03
9.000000000000000000e+00 4.600000000000000000e+01 3.500000000000000000e+01 0.000000000000000000e+00 1.600000000000000089e+00 -5.270000000000000162e-04 1.451000000000000033e-03 -9.999989999999999712e-01 3.854330000000000256e-01 -9.227340000000000542e-01 -1.541999999999999968e-03 -9.227360000000000007e-01 -3.854330000000000256e-01 -7.299999999999999903e-05
1.600000000000000000e+01 4.600000000000000000e+01 3.500000000000000000e+01 0.000000000000000000e+00 1.600000000000000089e+00 7.399999999999999894e-04 -2.333000000000000004e-03 -9.999970000000000248e-01 3.853269999999999751e-01 -9.227769999999999584e-01 2.438000000000000063e-03 -9.227800000000000447e-01 -3.853280000000000038e-01 2.159999999999999919e-04
1.900000000000000000e+01 4.600000000000000000e+01 3.500000000000000000e+01 0.000000000000000000e+00 1.600000000000000089e+00 6.130000000000000466e-04 -2.467000000000000009e-03 -9.999970000000000248e-01 3.847289999999999877e-01 -9.230260000000000131e-01 2.513000000000000043e-03 -9.230300000000000171e-01 -3.847289999999999877e-01 3.829999999999999854e-04
2.300000000000000000e+01 4.600000000000000000e+01 3.500000000000000000e+01 0.000000000000000000e+00 1.600000000000000089e+00 -4.399999999999999886e-05 -3.844000000000000195e-03 -9.999930000000000208e-01 3.853690000000000171e-01 -9.227560000000000207e-01 3.530000000000000152e-03 -9.227629999999999999e-01 -3.853659999999999863e-01 1.521999999999999915e-03
2.700000000000000000e+01 4.600000000000000000e+01 3.500000000000000000e+01 0.000000000000000000e+00 1.600000000000000089e+00 3.440000000000000132e-04 -6.747999999999999658e-03 -9.999770000000000048e-01 3.847079999999999944e-01 -9.230169999999999764e-01 6.361000000000000335e-03 -9.230380000000000251e-01 -3.847010000000000152e-01 2.278000000000000077e-03
6.000000000000000000e+00 9.500000000000000000e+01 3.600000000000000000e+01 0.000000000000000000e+00 1.600000000000000089e+00 -1.430000000000000064e-04 -1.209499999999999985e-02 9.999270000000000103e-01 9.974819999999999798e-01 7.091699999999999393e-02 1.000999999999999937e-03 -7.092400000000000093e-02 9.974089999999999900e-01 1.205400000000000048e-02
1.300000000000000000e+01 9.500000000000000000e+01 3.600000000000000000e+01 0.000000000000000000e+00 1.600000000000000089e+00 5.730000000000000501e-04 3.500600000000000239e-02 9.993870000000000253e-01 9.980839999999999712e-01 6.180499999999999883e-02 -2.736999999999999850e-03 -6.186300000000000132e-02 9.974739999999999718e-01 -3.490300000000000347e-02
2.000000000000000000e+01 9.500000000000000000e+01 3.600000000000000000e+01 0.000000000000000000e+00 1.600000000000000089e+00 -5.452000000000000249e-03 -1.765900000000000108e-02 9.998289999999999678e-01 9.973400000000000043e-01 7.258199999999999374e-02 6.720000000000000279e-03 -7.268800000000000261e-02 9.972060000000000368e-01 1.721599999999999867e-02
2.500000000000000000e+01 9.500000000000000000e+01 3.600000000000000000e+01 0.000000000000000000e+00 1.600000000000000089e+00 3.749000000000000162e-03 1.524499999999999987e-02 9.998770000000000158e-01 9.975119999999999543e-01 7.032800000000000162e-02 -4.812000000000000305e-03 -7.039299999999999724e-02 9.974070000000000435e-01 -1.494400000000000069e-02
3.000000000000000000e+01 9.500000000000000000e+01 3.600000000000000000e+01 0.000000000000000000e+00 1.600000000000000089e+00 2.219000000000000052e-03 2.293999999999999859e-02 9.997340000000000115e-01 9.976030000000000175e-01 6.909400000000000264e-02 -3.799999999999999992e-03 -6.916200000000000125e-02 9.973459999999999548e-01 -2.273199999999999874e-02
1.300000000000000000e+01 3.000000000000000000e+00 4.300000000000000000e+01 0.000000000000000000e+00 1.600000000000000089e+00 5.526999999999999795e-03 2.219600000000000045e-02 -9.997380000000000155e-01 7.413840000000000430e-01 -6.709939999999999793e-01 -1.079899999999999957e-02 -6.710580000000000434e-01 -7.411309999999999842e-01 -2.016400000000000137e-02
1.700000000000000000e+01 3.000000000000000000e+00 4.300000000000000000e+01 0.000000000000000000e+00 1.600000000000000089e+00 -8.339999999999999974e-04 1.003700000000000078e-02 -9.999489999999999768e-01 7.410400000000000320e-01 -6.714200000000000168e-01 -7.357999999999999957e-03 -6.714599999999999458e-01 -7.410090000000000288e-01 -6.878000000000000433e-03
2.200000000000000000e+01 3.000000000000000000e+00 4.300000000000000000e+01 0.000000000000000000e+00 1.600000000000000089e+00 -3.420000000000000188e-04 5.699999999999999772e-04 -1.000000000000000000e+00 7.365939999999999710e-01 -6.763350000000000195e-01 -6.380000000000000037e-04 -6.763350000000000195e-01 -7.365939999999999710e-01 -1.890000000000000133e-04
2.500000000000000000e+01 3.000000000000000000e+00 4.300000000000000000e+01 0.000000000000000000e+00 1.600000000000000089e+00 -1.936999999999999920e-03 -4.261000000000000031e-03 -9.999890000000000168e-01 7.347989999999999799e-01 -6.782829999999999693e-01 1.466999999999999988e-03 -6.782820000000000515e-01 -7.347890000000000255e-01 4.444000000000000034e-03
9.000000000000000000e+00 8.000000000000000000e+00 4.400000000000000000e+01 0.000000000000000000e+00 1.600000000000000089e+00 -3.690000000000000138e-03 8.099999999999999561e-04 9.999930000000000208e-01 -7.777180000000000204e-01 -6.286089999999999733e-01 -2.360000000000000119e-03 6.286030000000000229e-01 -7.777209999999999956e-01 2.949999999999999931e-03
1.800000000000000000e+01 8.000000000000000000e+00 4.400000000000000000e+01 0.000000000000000000e+00 1.600000000000000089e+00 3.530000000000000152e-03 9.964999999999999900e-03 9.999440000000000550e-01 -7.792869999999999520e-01 -6.266030000000000211e-01 8.994999999999999524e-03 6.266580000000000483e-01 -7.792750000000000510e-01 5.552999999999999776e-03
5.000000000000000000e+00 2.900000000000000000e+01 4.400000000000000000e+01 0.000000000000000000e+00 1.600000000000000089e+00 1.582999999999999989e-03 1.556000000000000091e-03 -9.999980000000000535e-01 6.815130000000000354e-01 7.318029999999999813e-01 2.217999999999999920e-03 7.318040000000000100e-01 -6.815149999999999819e-01 9.799999999999999684e-05
8.000000000000000000e+00 2.900000000000000000e+01 4.400000000000000000e+01 0.000000000000000000e+00 1.600000000000000089e+00 2.088000000000000012e-03 3.220000000000000206e-04 -9.999980000000000535e-01 6.810329999999999995e-01 7.322509999999999852e-01 1.657999999999999969e-03 7.322499999999999565e-01 -6.810349999999999460e-01 1.309999999999999967e-03
1.300000000000000000e+01 2.900000000000000000e+01 4.400000000000000000e+01 0.000000000000000000e+00 1.600000000000000089e+00 2.121000000000000055e-03 1.378000000000000102e-03 -9.999970000000000248e-01 6.756929999999999881e-01 7.371790000000000287e-01 2.448999999999999788e-03 7.371799999999999464e-01 -6.756959999999999633e-01 6.319999999999999663e-04
1.700000000000000000e+01 2.900000000000000000e+01 4.400000000000000000e+01 0.000000000000000000e+00 1.600000000000000089e+00 -5.919999999999999698e-04 2.199999999999999943e-05 -1.000000000000000000e+00 6.699140000000000095e-01 7.424389999999999601e-01 -3.800000000000000209e-04 7.424389999999999601e-01 -6.699140000000000095e-01 -4.539999999999999765e-04
2.300000000000000000e+01 2.900000000000000000e+01 4.400000000000000000e+01 0.000000000000000000e+00 1.600000000000000089e+00 -1.650999999999999907e-03 -1.689999999999999879e-04 -9.999989999999999712e-01 6.756459999999999688e-01 7.372250000000000192e-01 -1.240000000000000000e-03 7.372250000000000192e-01 -6.756469999999999976e-01 -1.103000000000000031e-03
2.700000000000000000e+01 2.900000000000000000e+01 4.400000000000000000e+01 0.000000000000000000e+00 1.600000000000000089e+00 -2.271000000000000015e-03 -2.995999999999999965e-03 -9.999930000000000208e-01 6.790640000000000009e-01 7.340689999999999715e-01 -3.740999999999999968e-03 7.340759999999999508e-01 -6.790680000000000049e-01 3.669999999999999760e-04
2.900000000000000000e+01 5.400000000000000000e+01 4.600000000000000000e+01 0.000000000000000000e+00 1.600000000000000089e+00 -9.000000000000000567e-05 1.449999999999999900e-03 9.999989999999999712e-01 3.286540000000000017e-01 -9.444489999999999830e-01 1.399000000000000070e-03 9.444500000000000117e-01 3.286540000000000017e-01 -3.910000000000000172e-04
2.600000000000000000e+01 7.400000000000000000e+01 4.900000000000000000e+01 0.000000000000000000e+00 1.600000000000000089e+00 -3.516000000000000028e-03 4.780000000000000178e-04 9.999940000000000495e-01 -9.799090000000000300e-01 1.994150000000000089e-01 -3.540999999999999877e-03 -1.994150000000000089e-01 -9.799149999999999805e-01 -2.320000000000000014e-04
2.000000000000000000e+00 7.000000000000000000e+00 5.200000000000000000e+01 0.000000000000000000e+00 1.600000000000000089e+00 -3.517999999999999860e-03 -5.229000000000000141e-03 -9.999799999999999800e-01 1.375570000000000126e-01 -9.904830000000000023e-01 4.695000000000000388e-03 -9.904880000000000351e-01 -1.375369999999999926e-01 4.204000000000000271e-03
1.400000000000000000e+01 7.000000000000000000e+00 5.200000000000000000e+01 0.000000000000000000e+00 1.600000000000000089e+00 4.722999999999999768e-03 2.831999999999999882e-03 -9.999850000000000128e-01 7.542000000000000093e-02 -9.971489999999999521e-01 -2.468000000000000142e-03 -9.971410000000000551e-01 -7.540700000000000180e-02 -4.923000000000000292e-03
1.000000000000000000e+00 6.300000000000000000e+01 5.400000000000000000e+01 0.000000000000000000e+00 1.600000000000000089e+00 -3.684999999999999908e-03 -4.260000000000000006e-04 9.999930000000000208e-01 -3.570479999999999765e-01 9.340859999999999719e-01 -9.179999999999999792e-04 -9.340789999999999926e-01 -3.570490000000000053e-01 -3.593999999999999972e-03
8.000000000000000000e+00 6.300000000000000000e+01 5.400000000000000000e+01 0.000000000000000000e+00 1.600000000000000089e+00 1.399000000000000070e-03 -8.890000000000000333e-04 9.999989999999999712e-01 -3.481210000000000138e-01 9.374489999999999768e-01 1.320999999999999909e-03 -9.374489999999999768e-01 -3.481219999999999870e-01 1.002000000000000069e-03
1.700000000000000000e+01 6.300000000000000000e+01 5.400000000000000000e+01 0.000000000000000000e+00 1.600000000000000089e+00 1.686999999999999915e-03 -5.389999999999999826e-04 9.999980000000000535e-01 -3.497560000000000113e-01 9.368400000000000061e-01 1.095000000000000053e-03 -9.368389999999999773e-01 -3.497580000000000133e-01 1.392000000000000008e-03
2.200000000000000000e+01 6.300000000000000000e+01 5.400000000000000000e+01 0.000000000000000000e+00 1.600000000000000089e+00 -5.060000000000000478e-04 -2.418000000000000010e-03 9.999970000000000248e-01 -3.567969999999999753e-01 9.341800000000000104e-01 2.077999999999999986e-03 -9.341819999999999569e-01 -3.567940000000000000e-01 -1.335000000000000032e-03
3.000000000000000000e+01 6.300000000000000000e+01 5.400000000000000000e+01 0.000000000000000000e+00 1.600000000000000089e+00 1.675000000000000057e-03 3.431000000000000022e-03 9.999930000000000208e-01 -3.524430000000000063e-01 9.358300000000000507e-01 -2.619999999999999933e-03 -9.358319999999999972e-01 -3.524360000000000270e-01 2.775999999999999822e-03
7.000000000000000000e+00 2.500000000000000000e+01 5.500000000000000000e+01 0.000000000000000000e+00 1.600000000000000089e+00 -2.900000000000000017e-04 -3.280000000000000038e-04 -1.000000000000000000e+00 -1.114599999999999966e-02 -9.999379999999999935e-01 3.310000000000000225e-04 -9.999379999999999935e-01 1.114599999999999966e-02 2.869999999999999830e-04
1.200000000000000000e+01 2.500000000000000000e+01 5.500000000000000000e+01 0.000000000000000000e+00 1.600000000000000089e+00 -1.335000000000000032e-03 -2.108000000000000065e-03 -9.999970000000000248e-01 -1.235999999999999946e-02 -9.999209999999999487e-01 2.124000000000000020e-03 -9.999230000000000063e-01 1.236300000000000072e-02 1.309000000000000051e-03
2.400000000000000000e+01 2.500000000000000000e+01 5.500000000000000000e+01 0.000000000000000000e+00 1.600000000000000089e+00 1.015999999999999976e-03 -1.281999999999999936e-03 -9.999989999999999712e-01 -1.072099999999999963e-02 -9.999419999999999975e-01 1.270999999999999994e-03 -9.999419999999999975e-01 1.072000000000000036e-02 -1.030000000000000100e-03
2.800000000000000000e+01 6.800000000000000000e+01 5.700000000000000000e+01 0.000000000000000000e+00 1.600000000000000089e+00 2.517000000000000140e-03 -1.425999999999999967e-03 -9.999959999999999960e-01 -2.437630000000000075e-01 -9.698350000000000026e-01 7.699999999999999597e-04 -9.698320000000000274e-01 2.437600000000000044e-01 -2.788000000000000114e-03
1.500000000000000000e+01 5.800000000000000000e+01 5.900000000000000000e+01 0.000000000000000000e+00 1.600000000000000089e+00 1.840000000000000056e-03 4.421999999999999716e-03 -9.999879999999999880e-01 3.931529999999999747e-01 9.194609999999999728e-01 4.788999999999999854e-03 9.194710000000000383e-01 -3.931569999999999787e-01 -4.600000000000000004e-05
7.000000000000000000e+00 2.100000000000000000e+01 6.000000000000000000e+01 0.000000000000000000e+00 1.600000000000000089e+00 2.079000000000000119e-03 5.102999999999999897e-03 9.999850000000000128e-01 -9.610399999999999499e-02 9.953589999999999938e-01 -4.878999999999999657e-03 -9.953689999999999483e-01 -9.609299999999999786e-02 2.560000000000000209e-03
1.900000000000000000e+01 2.100000000000000000e+01 6.000000000000000000e+01 0.000000000000000000e+00 1.600000000000000089e+00 1.679999999999999907e-04 1.593000000000000015e-03 9.999989999999999712e-01 -9.636599999999999333e-02 9.953450000000000353e-01 -1.569000000000000082e-03 -9.953459999999999530e-01 -9.636500000000000621e-02 3.209999999999999963e-04
2.300000000000000000e+01 2.100000000000000000e+01 6.000000000000000000e+01 0.000000000000000000e+00 1.600000000000000089e+00 -1.190000000000000085e-03 7.799999999999999859e-04 9.999989999999999712e-01 -9.502199999999999536e-02 9.954749999999999988e-01 -8.890000000000000333e-04 -9.954739999999999700e-01 -9.502299999999999636e-02 -1.111000000000000008e-03
1.800000000000000000e+01 6.000000000000000000e+00 6.100000000000000000e+01 0.000000000000000000e+00 1.600000000000000089e+00 -6.960000000000000041e-04 9.659999999999999533e-04 9.999989999999999712e-01 5.604219999999999757e-01 -8.282059999999999977e-01 1.190000000000000085e-03 8.282070000000000265e-01 5.604230000000000045e-01 3.499999999999999693e-05
8.000000000000000000e+00 3.000000000000000000e+00 6.300000000000000000e+01 0.000000000000000000e+00 1.600000000000000089e+00 -2.949999999999999931e-03 1.711999999999999980e-03 9.999940000000000495e-01 -6.125580000000000469e-01 7.904200000000000115e-01 -3.160000000000000048e-03 -7.904200000000000115e-01 -6.125629999999999686e-01 -1.283000000000000069e-03
2.500000000000000000e+01 3.000000000000000000e+00 6.300000000000000000e+01 0.000000000000000000e+00 1.600000000000000089e+00 2.410000000000000033e-04 -3.572000000000000088e-03 9.999940000000000495e-01 -6.103210000000000024e-01 7.921479999999999633e-01 2.977000000000000045e-03 -7.921540000000000248e-01 -6.103180000000000271e-01 -1.988999999999999883e-03
3.000000000000000000e+00 2.700000000000000000e+01 6.300000000000000000e+01 0.000000000000000000e+00 1.600000000000000089e+00 1.730999999999999900e-03 1.312999999999999931e-03 9.999980000000000535e-01 -2.812569999999999792e-01 9.596320000000000405e-01 -7.730000000000000326e-04 -9.596310000000000118e-01 -2.812549999999999772e-01 2.030999999999999819e-03
1.000000000000000000e+01 2.700000000000000000e+01 6.300000000000000000e+01 0.000000000000000000e+00 1.600000000000000089e+00 -8.980000000000000352e-04 3.206000000000000082e-03 9.999940000000000495e-01 -2.794380000000000197e-01 9.601579999999999560e-01 -3.328999999999999928e-03 -9.601629999999999887e-01 -2.794400000000000217e-01 3.300000000000000253e-05
1.400000000000000000e+01 2.700000000000000000e+01 6.300000000000000000e+01 0.000000000000000000e+00 1.600000000000000089e+00 5.000000000000000409e-06 -2.321000000000000146e-03 9.999970000000000248e-01 -2.794340000000000157e-01 9.601619999999999600e-01 2.230000000000000211e-03 -9.601650000000000462e-01 -2.794340000000000157e-01 -6.440000000000000412e-04
2.100000000000000000e+01 2.700000000000000000e+01 6.300000000000000000e+01 0.000000000000000000e+00 1.600000000000000089e+00 -5.280000000000000405e-04 -1.062999999999999926e-03 9.999989999999999712e-01 -2.786069999999999935e-01 9.604049999999999532e-01 8.739999999999999939e-04 -9.604049999999999532e-01 -2.786069999999999935e-01 -8.030000000000000028e-04
2.700000000000000000e+01 2.700000000000000000e+01 6.300000000000000000e+01 0.000000000000000000e+00 1.600000000000000089e+00 2.790000000000000054e-04 -6.708000000000000421e-03 9.999770000000000048e-01 -2.789829999999999810e-01 9.602739999999999609e-01 6.518999999999999621e-03 -9.602960000000000385e-01 -2.789789999999999770e-01 -1.603999999999999957e-03
4.000000000000000000e+00 2.600000000000000000e+01 6.400000000000000000e+01 0.000000000000000000e+00 1.600000000000000089e+00 2.265999999999999785e-03 3.151999999999999854e-03 9.999919999999999920e-01 -3.642380000000000062e-01 9.313040000000000207e-01 -2.109999999999999896e-03 -9.313029999999999919e-01 -3.642299999999999982e-01 3.259000000000000178e-03
9.000000000000000000e+00 2.600000000000000000e+01 6.400000000000000000e+01 0.000000000000000000e+00 1.600000000000000089e+00 -4.180000000000000230e-04 4.666000000000000009e-03 9.999890000000000168e-01 -3.635450000000000070e-01 9.315660000000000052e-01 -4.498000000000000262e-03 -9.315759999999999597e-01 -3.635430000000000050e-01 1.307000000000000002e-03
