8.000000000000000000e+00 2.500000000000000000e+01 1.000000000000000000e+00 0.000000000000000000e+00 1.600000000000000089e+00 1.077000000000000049e-03 -1.097000000000000102e-03 -9.999989999999999712e-01 -5.272860000000000325e-01 -8.496879999999999988e-01 3.640000000000000115e-04 -8.496869999999999701e-01 5.272850000000000037e-01 -1.492999999999999969e-03
2.700000000000000000e+01 2.500000000000000000e+01 1.000000000000000000e+00 0.000000000000000000e+00 1.600000000000000089e+00 -8.399999999999999535e-05 -1.284800000000000005e-02 -9.999169999999999447e-01 -5.264010000000000078e-01 -8.501659999999999773e-01 1.096800000000000032e-02 -8.502370000000000205e-01 5.263579999999999925e-01 -6.690999999999999899e-03
3.000000000000000000e+00 1.500000000000000000e+01 4.000000000000000000e+00 0.000000000000000000e+00 1.600000000000000089e+00 3.780000000000000265e-04 4.566999999999999879e-03 9.999890000000000168e-01 3.297919999999999741e-01 -9.440439999999999943e-01 4.186999999999999750e-03 9.440539999999999488e-01 3.297869999999999968e-01 -1.863000000000000073e-03
9.000000000000000000e+00 1.500000000000000000e+01 4.000000000000000000e+00 0.000000000000000000e+00 1.600000000000000089e+00 6.290000000000000018e-04 1.119999999999999983e-04 1.000000000000000000e+00 3.283070000000000155e-01 -9.445710000000000495e-01 -1.010000000000000020e-04 9.445710000000000495e-01 3.283070000000000155e-01 -6.300000000000000261e-04
1.200000000000000000e+01 1.500000000000000000e+01 4.000000000000000000e+00 0.000000000000000000e+00 1.600000000000000089e+00 -6.319999999999999663e-04 3.429000000000000190e-03 9.999940000000000495e-01 3.286180000000000212e-01 -9.444569999999999910e-01 3.445999999999999844e-03 9.444630000000000525e-01 3.286180000000000212e-01 -5.299999999999999807e-04
1.800000000000000000e+01 1.500000000000000000e+01 4.000000000000000000e+00 0.000000000000000000e+00 1.600000000000000089e+00 -8.520000000000000013e-04 4.939999999999999730e-04 1.000000000000000000e+00 3.234870000000000245e-01 -9.462319999999999620e-01 7.429999999999999539e-04 9.462319999999999620e-01 3.234879999999999978e-01 6.470000000000000057e-04
2.300000000000000000e+01 1.500000000000000000e+01 4.000000000000000000e+00 0.000000000000000000e+00 1.600000000000000089e+00 -2.120000000000000031e-04 4.728999999999999697e-03 9.999890000000000168e-01 3.231339999999999768e-01 -9.463420000000000165e-01 4.543000000000000163e-03 9.463529999999999998e-01 3.231319999999999748e-01 -1.327000000000000055e-03
2.800000000000000000e+01 1.500000000000000000e+01 4.000000000000000000e+00 0.000000000000000000e+00 1.600000000000000089e+00 2.620000000000000258e-04 6.612999999999999955e-03 9.999780000000000335e-01 3.215430000000000232e-01 -9.468750000000000222e-01 6.178000000000000332e-03 9.468950000000000422e-01 3.215350000000000152e-01 -2.374999999999999941e-03
5.000000000000000000e+00 1.010000000000000000e+02 7.000000000000000000e+00 0.000000000000000000e+00 1.600000000000000089e+00 2.528499999999999845e-02 -6.857800000000000007e-02 9.973250000000000171e-01 8.806749999999999856e-01 4.736110000000000042e-01 1.023899999999999984e-02 -4.730460000000000220e-01 8.780599999999999516e-01 7.237000000000000377e-02
2.100000000000000000e+01 1.010000000000000000e+02 7.000000000000000000e+00 0.000000000000000000e+00 1.600000000000000089e+00 1.722999999999999922e-03 -8.249999999999999955e-04 9.999980000000000535e-01 8.858070000000000110e-01 4.640529999999999933e-01 -1.144000000000000052e-03 -4.640509999999999913e-01 8.858070000000000110e-01 1.529999999999999893e-03
2.500000000000000000e+01 1.010000000000000000e+02 7.000000000000000000e+00 0.000000000000000000e+00 1.600000000000000089e+00 5.878999999999999677e-03 -1.574700000000000058e-02 9.998590000000000533e-01 8.905790000000000095e-01 4.548240000000000061e-01 1.926999999999999894e-03 -4.547910000000000008e-01 8.904419999999999558e-01 1.669800000000000104e-02
2.900000000000000000e+01 1.010000000000000000e+02 7.000000000000000000e+00 0.000000000000000000e+00 1.600000000000000089e+00 4.388000000000000407e-03 6.513999999999999825e-03 9.999689999999999968e-01 8.921010000000000328e-01 4.517840000000000189e-01 -6.858000000000000380e-03 -4.518150000000000222e-01 8.921040000000000081e-01 -3.828999999999999938e-03
4.000000000000000000e+00 2.500000000000000000e+01 8.000000000000000000e+00 0.000000000000000000e+00 1.600000000000000089e+00 -4.279999999999999950e-04 -3.772000000000000179e-03 -9.999930000000000208e-01 4.530080000000000218e-01 8.914990000000000414e-01 -3.556000000000000133e-03 8.915060000000000207e-01 -4.530060000000000198e-01 1.327000000000000055e-03
7.000000000000000000e+00 2.500000000000000000e+01 8.000000000000000000e+00 0.000000000000000000e+00 1.600000000000000089e+00 -5.649999999999999641e-04 -3.781000000000000073e-03 -9.999930000000000208e-01 4.532410000000000050e-01 8.913809999999999789e-01 -3.627000000000000016e-03 8.913879999999999582e-01 -4.532399999999999762e-01 1.209999999999999921e-03
1.600000000000000000e+01 2.500000000000000000e+01 8.000000000000000000e+00 0.000000000000000000e+00 1.600000000000000089e+00 -2.072000000000000057e-03 4.493999999999999731e-03 -9.999879999999999880e-01 4.517149999999999777e-01 8.921569999999999778e-01 3.073999999999999910e-03 8.921599999999999531e-01 -4.517030000000000212e-01 -3.877999999999999937e-03
2.000000000000000000e+01 2.500000000000000000e+01 8.000000000000000000e+00 0.000000000000000000e+00 1.600000000000000089e+00 -2.942000000000000171e-03 2.452000000000000186e-03 -9.999930000000000208e-01 4.490430000000000255e-01 8.935100000000000264e-01 8.700000000000000051e-04 8.935049999999999937e-01 -4.490370000000000195e-01 -3.729999999999999809e-03
2.400000000000000000e+01 2.500000000000000000e+01 8.000000000000000000e+00 0.000000000000000000e+00 1.600000000000000089e+00 -1.422000000000000087e-03 -4.644999999999999823e-03 -9.999879999999999880e-01 4.483860000000000068e-01 8.938270000000000381e-01 -4.788999999999999854e-03 8.938390000000000502e-01 -4.483880000000000088e-01 8.120000000000000048e-04
4.000000000000000000e+00 2.400000000000000000e+01 9.000000000000000000e+00 0.000000000000000000e+00 1.600000000000000089e+00 -7.089999999999999948e-04 -3.651999999999999864e-03 -9.999930000000000208e-01 4.549420000000000130e-01 8.905140000000000278e-01 -3.575000000000000053e-03 8.905210000000000070e-01 -4.549409999999999843e-01 1.030000000000000100e-03
8.000000000000000000e+00 2.400000000000000000e+01 9.000000000000000000e+00 0.000000000000000000e+00 1.600000000000000089e+00 -7.069999999999999462e-04 -3.892000000000000060e-03 -9.999919999999999920e-01 4.559090000000000087e-01 8.900179999999999758e-01 -3.785999999999999869e-03 8.900259999999999838e-01 -4.559079999999999799e-01 1.144999999999999967e-03
1.500000000000000000e+01 2.400000000000000000e+01 9.000000000000000000e+00 0.000000000000000000e+00 1.600000000000000089e+00 -1.435999999999999993e-03 4.503000000000000058e-03 -9.999890000000000168e-01 4.567840000000000233e-01 8.895710000000000006e-01 3.350000000000000113e-03 8.895760000000000334e-01 -4.567740000000000133e-01 -3.334000000000000158e-03
2.200000000000000000e+01 2.400000000000000000e+01 9.000000000000000000e+00 0.000000000000000000e+00 1.600000000000000089e+00 -1.317999999999999944e-03 -1.423999999999999919e-03 -9.999980000000000535e-01 4.525319999999999898e-01 8.917460000000000386e-01 -1.866000000000000037e-03 8.917469999999999564e-01 -4.525339999999999918e-01 -5.310000000000000050e-04
2.400000000000000000e+01 2.400000000000000000e+01 9.000000000000000000e+00 0.000000000000000000e+00 1.600000000000000089e+00 -1.507000000000000093e-03 -6.158000000000000279e-03 -9.999799999999999800e-01 4.524340000000000028e-01 8.917770000000000419e-01 -6.173999999999999801e-03 8.917969999999999509e-01 -4.524340000000000028e-01 1.441999999999999922e-03
2.100000000000000000e+01 4.000000000000000000e+00 1.100000000000000000e+01 0.000000000000000000e+00 1.600000000000000089e+00 3.547199999999999659e-02 -2.319209999999999883e-01 -9.720879999999999521e-01 8.176600000000000534e-02 9.701119999999999743e-01 -2.284660000000000024e-01 9.960200000000000164e-01 -7.137899999999999801e-02 5.337499999999999883e-02
2.900000000000000000e+01 4.000000000000000000e+00 1.100000000000000000e+01 0.000000000000000000e+00 1.600000000000000089e+00 -5.455600000000000033e-02 1.329369999999999996e-01 -9.896220000000000017e-01 1.267399999999999916e-01 9.840039999999999898e-01 1.251950000000000007e-01 9.904349999999999543e-01 -1.185950000000000060e-01 -7.053099999999999647e-02
1.100000000000000000e+01 3.100000000000000000e+01 1.200000000000000000e+01 0.000000000000000000e+00 1.600000000000000089e+00 2.590999999999999987e-03 5.513999999999999804e-03 9.999810000000000088e-01 -7.209000000000000130e-03 9.999590000000000423e-01 -5.494999999999999885e-03 -9.999710000000000543e-01 -7.193999999999999874e-03 2.631000000000000092e-03
2.900000000000000000e+01 3.100000000000000000e+01 1.200000000000000000e+01 0.000000000000000000e+00 1.600000000000000089e+00 5.700000000000000314e-05 -1.152199999999999926e-02 9.999339999999999895e-01 -1.089599999999999944e-02 9.998740000000000405e-01 1.152199999999999926e-02 -9.999409999999999688e-01 -1.089599999999999944e-02 -6.899999999999999667e-05
6.000000000000000000e+00 3.500000000000000000e+01 1.200000000000000000e+01 0.000000000000000000e+00 1.600000000000000089e+00 1.039600000000000073e-02 -1.245899999999999959e-02 -9.998679999999999790e-01 4.827899999999999969e-01 -8.755910000000000082e-01 1.592999999999999972e-02 -8.756739999999999524e-01 -4.828919999999999879e-01 -3.088000000000000033e-03
1.100000000000000000e+01 3.500000000000000000e+01 1.200000000000000000e+01 0.000000000000000000e+00 1.600000000000000089e+00 5.637999999999999783e-03 -1.474999999999999966e-03 -9.999829999999999552e-01 5.124109999999999498e-01 -8.587299999999999933e-01 4.155999999999999972e-03 -8.587219999999999853e-01 -5.124260000000000481e-01 -4.086000000000000222e-03
1.700000000000000000e+01 3.500000000000000000e+01 1.200000000000000000e+01 0.000000000000000000e+00 1.600000000000000089e+00 -6.315000000000000301e-03 4.690000000000000158e-04 -9.999799999999999800e-01 4.929439999999999933e-01 -8.700539999999999941e-01 -3.520999999999999824e-03 -8.700379999999999781e-01 -4.929560000000000053e-01 5.263999999999999582e-03
2.700000000000000000e+01 3.500000000000000000e+01 1.200000000000000000e+01 0.000000000000000000e+00 1.600000000000000089e+00 7.617999999999999772e-03 -5.813999999999999724e-03 -9.999540000000000095e-01 4.969600000000000128e-01 -8.677280000000000548e-01 8.831000000000000308e-03 -8.677399999999999558e-01 -4.970049999999999746e-01 -3.720999999999999915e-03
2.400000000000000000e+01 3.200000000000000000e+01 1.400000000000000000e+01 0.000000000000000000e+00 1.600000000000000089e+00 1.640000000000000019e-04 3.076600000000000168e-02 -9.995270000000000543e-01 1.043160000000000059e-01 9.940729999999999844e-01 3.061600000000000085e-02 9.945439999999999836e-01 -1.042720000000000036e-01 -3.046999999999999795e-03
5.000000000000000000e+00 1.200000000000000000e+01 1.500000000000000000e+01 0.000000000000000000e+00 1.600000000000000089e+00 1.615300000000000069e-02 -3.337500000000000189e-02 -9.993119999999999781e-01 -4.936320000000000152e-01 -8.694159999999999666e-01 2.105699999999999933e-02 -8.695209999999999884e-01 4.929520000000000013e-01 -3.051799999999999999e-02
1.400000000000000000e+01 1.200000000000000000e+01 1.500000000000000000e+01 0.000000000000000000e+00 1.600000000000000089e+00 -8.660000000000000163e-04 -1.251500000000000008e-02 -9.999209999999999487e-01 -4.775150000000000228e-01 -8.785490000000000244e-01 1.140900000000000074e-02 -8.786230000000000429e-01 4.774880000000000235e-01 -5.215000000000000017e-03
2.800000000000000000e+01 3.000000000000000000e+00 1.900000000000000000e+01 0.000000000000000000e+00 1.600000000000000089e+00 4.047900000000000109e-02 3.959700000000000025e-02 -9.983950000000000324e-01 2.584239999999999871e-01 -9.656310000000000171e-01 -2.782000000000000098e-02 -9.651830000000000132e-01 -2.568829999999999725e-01 -4.932099999999999679e-02
4.000000000000000000e+00 4.000000000000000000e+00 2.000000000000000000e+01 0.000000000000000000e+00 1.600000000000000089e+00 -1.909000000000000107e-03 9.801999999999999949e-03 -9.999500000000000055e-01 2.405629999999999991e-01 -9.705819999999999448e-01 -9.972999999999999227e-03 -9.706320000000000503e-01 -2.405700000000000061e-01 -5.050000000000000235e-04
1.100000000000000000e+01 4.000000000000000000e+00 2.000000000000000000e+01 0.000000000000000000e+00 1.600000000000000089e+00 5.390999999999999959e-03 -1.734499999999999931e-02 -9.998350000000000293e-01 1.791739999999999999e-01 -9.836519999999999708e-01 1.803000000000000089e-02 -9.838029999999999831e-01 -1.792410000000000114e-01 -2.194999999999999903e-03
2.300000000000000000e+01 4.000000000000000000e+00 2.000000000000000000e+01 0.000000000000000000e+00 1.600000000000000089e+00 1.213000000000000102e-03 1.915100000000000136e-02 -9.998160000000000380e-01 3.011400000000000188e-01 -9.534120000000000372e-01 -1.789699999999999971e-02 -9.535789999999999544e-01 -3.010630000000000250e-01 -6.923999999999999599e-03
2.900000000000000000e+01 4.000000000000000000e+00 2.000000000000000000e+01 0.000000000000000000e+00 1.600000000000000089e+00 1.872499999999999859e-02 2.795900000000000121e-02 -9.994340000000000446e-01 3.072340000000000071e-01 -9.514049999999999452e-01 -2.085899999999999907e-02 -9.514500000000000179e-01 -3.066699999999999982e-01 -2.640599999999999892e-02
1.400000000000000000e+01 1.300000000000000000e+01 2.000000000000000000e+01 0.000000000000000000e+00 1.600000000000000089e+00 2.920499999999999832e-02 8.684200000000000252e-02 9.957939999999999570e-01 2.629779999999999895e-01 9.604559999999999764e-01 -9.147299999999999875e-02 -9.643599999999999950e-01 2.645429999999999726e-01 5.212999999999999752e-03
2.300000000000000000e+01 1.300000000000000000e+01 2.000000000000000000e+01 0.000000000000000000e+00 1.600000000000000089e+00 6.629999999999999609e-04 -9.129999999999999661e-04 9.999989999999999712e-01 2.519529999999999825e-01 9.677390000000000159e-01 7.169999999999999724e-04 -9.677390000000000159e-01 2.519520000000000093e-01 8.720000000000000537e-04
8.000000000000000000e+00 1.400000000000000000e+01 2.000000000000000000e+01 0.000000000000000000e+00 1.600000000000000089e+00 7.094999999999999744e-03 -1.223800000000000061e-02 9.999000000000000110e-01 2.718690000000000273e-01 9.622840000000000282e-01 9.848000000000000850e-03 -9.623080000000000522e-01 2.717720000000000136e-01 1.015399999999999983e-02
9.000000000000000000e+00 1.600000000000000000e+01 2.100000000000000000e+01 0.000000000000000000e+00 1.600000000000000089e+00 1.302799999999999965e-02 3.200000000000000153e-03 9.999099999999999655e-01 3.367800000000000238e-01 9.415540000000000020e-01 -7.400999999999999593e-03 -9.414930000000000243e-01 3.368470000000000075e-01 1.118899999999999929e-02
1.600000000000000000e+01 1.600000000000000000e+01 2.100000000000000000e+01 0.000000000000000000e+00 1.600000000000000089e+00 1.185199999999999969e-02 3.903000000000000219e-02 9.991679999999999451e-01 3.037839999999999985e-01 9.518680000000000474e-01 -4.078600000000000281e-02 -9.526670000000000416e-01 3.040140000000000065e-01 -5.760000000000000146e-04
2.000000000000000000e+01 1.600000000000000000e+01 2.100000000000000000e+01 0.000000000000000000e+00 1.600000000000000089e+00 9.399999999999999719e-04 6.749999999999999924e-03 9.999770000000000048e-01 2.981820000000000026e-01 9.544850000000000279e-01 -6.722999999999999809e-03 -9.545090000000000519e-01 2.981809999999999738e-01 -1.116000000000000021e-03
2.400000000000000000e+01 1.600000000000000000e+01 2.100000000000000000e+01 0.000000000000000000e+00 1.600000000000000089e+00 7.450000000000000025e-04 8.710000000000000294e-04 9.999989999999999712e-01 2.979589999999999739e-01 9.545780000000000376e-01 -1.054000000000000032e-03 -9.545780000000000376e-01 2.979600000000000026e-01 4.519999999999999821e-04
2.500000000000000000e+01 4.000000000000000000e+00 2.500000000000000000e+01 0.000000000000000000e+00 1.600000000000000089e+00 5.746699999999999725e-02 4.501999999999999752e-02 9.973319999999999963e-01 -5.891509999999999803e-01 -8.049600000000000088e-01 7.028399999999999925e-02 8.059770000000000545e-01 -5.916179999999999772e-01 -1.973499999999999907e-02
1.100000000000000000e+01 4.600000000000000000e+01 2.700000000000000000e+01 0.000000000000000000e+00 1.600000000000000089e+00 -2.722000000000000027e-03 1.600999999999999993e-03 -9.999949999999999672e-01 6.743449999999999722e-01 7.384159999999999613e-01 -6.539999999999999590e-04 7.384110000000000396e-01 -6.743430000000000257e-01 -3.089999999999999865e-03
2.000000000000000000e+01 4.600000000000000000e+01 2.700000000000000000e+01 0.000000000000000000e+00 1.600000000000000089e+00 -4.500000000000000283e-05 -1.791000000000000057e-03 -9.999980000000000535e-01 6.714069999999999760e-01 7.410879999999999690e-01 -1.358000000000000049e-03 7.410889999999999977e-01 -6.714059999999999473e-01 1.168999999999999900e-03
2.500000000000000000e+01 4.600000000000000000e+01 3.000000000000000000e+01 0.000000000000000000e+00 1.600000000000000089e+00 1.536999999999999955e-03 6.847999999999999921e-03 -9.999749999999999472e-01 3.249389999999999779e-01 9.457090000000000218e-01 6.976000000000000430e-03 9.457339999999999636e-01 -3.249420000000000086e-01 -7.709999999999999840e-04
2.000000000000000000e+00 5.800000000000000000e+01 3.100000000000000000e+01 0.000000000000000000e+00 1.600000000000000089e+00 3.985999999999999960e-03 9.357000000000000733e-03 9.999479999999999480e-01 -7.754879999999999551e-01 -6.312980000000000258e-01 8.999000000000000055e-03 6.313490000000000490e-01 -7.754839999999999511e-01 4.740000000000000289e-03
6.000000000000000000e+00 5.800000000000000000e+01 3.100000000000000000e+01 0.000000000000000000e+00 1.600000000000000089e+00 8.096000000000000765e-03 9.596999999999999628e-03 9.999209999999999487e-01 -7.774069999999999592e-01 -6.288770000000000193e-01 1.233000000000000068e-02 6.289460000000000051e-01 -7.774450000000000527e-01 2.369000000000000012e-03
1.000000000000000000e+01 5.800000000000000000e+01 3.100000000000000000e+01 0.000000000000000000e+00 1.600000000000000089e+00 3.879000000000000069e-03 1.280000000000000105e-03 9.999919999999999920e-01 -7.785109999999999530e-01 -6.276190000000000380e-01 3.824000000000000142e-03 6.276190000000000380e-01 -7.785189999999999610e-01 -1.438000000000000042e-03
1.200000000000000000e+01 5.800000000000000000e+01 3.100000000000000000e+01 0.000000000000000000e+00 1.600000000000000089e+00 1.796000000000000070e-03 -4.380000000000000213e-04 9.999980000000000535e-01 -7.765520000000000200e-01 -6.300519999999999454e-01 1.118000000000000070e-03 6.300499999999999989e-01 -7.765530000000000488e-01 -1.472000000000000001e-03
1.600000000000000000e+01 5.800000000000000000e+01 3.100000000000000000e+01 0.000000000000000000e+00 1.600000000000000089e+00 -4.322000000000000321e-03 -6.854999999999999982e-03 9.999670000000000503e-01 -7.703839999999999577e-01 -6.375330000000000163e-01 -7.700000000000000247e-03 6.375650000000000484e-01 -7.703919999999999657e-01 -2.524999999999999901e-03
2.000000000000000000e+01 5.800000000000000000e+01 3.100000000000000000e+01 0.000000000000000000e+00 1.600000000000000089e+00 -5.967000000000000082e-03 -1.543899999999999960e-02 9.998629999999999463e-01 -7.703200000000000047e-01 -6.374940000000000051e-01 -1.444100000000000071e-02 6.376300000000000301e-01 -7.703010000000000135e-01 -8.089000000000000704e-03
2.400000000000000000e+01 5.800000000000000000e+01 3.100000000000000000e+01 0.000000000000000000e+00 1.600000000000000089e+00 5.615000000000000199e-03 7.896999999999999506e-03 9.999529999999999808e-01 -7.766809999999999548e-01 -6.298249999999999682e-01 9.334999999999999548e-03 6.298690000000000122e-01 -7.766969999999999708e-01 2.596999999999999916e-03
2.900000000000000000e+01 5.800000000000000000e+01 3.100000000000000000e+01 0.000000000000000000e+00 1.600000000000000089e+00 1.019300000000000067e-02 2.735200000000000131e-02 9.995739999999999625e-01 -7.737709999999999866e-01 -6.329630000000000534e-01 2.521100000000000077e-02 6.333830000000000293e-01 -7.736990000000000256e-01 1.471300000000000038e-02
9.000000000000000000e+00 5.000000000000000000e+00 3.200000000000000000e+01 0.000000000000000000e+00 1.600000000000000089e+00 1.612629999999999897e-01 -8.792780000000000040e-01 -4.481789999999999941e-01 -6.811390000000000500e-01 2.294619999999999993e-01 -6.952669999999999684e-01 7.141729999999999468e-01 4.173930000000000140e-01 -5.619070000000000453e-01
7.000000000000000000e+00 5.000000000000000000e+00 3.300000000000000000e+01 0.000000000000000000e+00 1.600000000000000089e+00 1.155670000000000031e-01 -9.718919999999999781e-01 -2.051090000000000135e-01 -6.941359999999999753e-01 6.868399999999999506e-02 -7.165589999999999460e-01 7.105059999999999709e-01 2.251839999999999953e-01 -6.666879999999999473e-01
1.100000000000000000e+01 8.000000000000000000e+00 3.400000000000000000e+01 0.000000000000000000e+00 1.600000000000000089e+00 2.075420000000000043e-01 -9.109469999999999512e-01 -3.565130000000000243e-01 -7.100020000000000220e-01 1.104289999999999994e-01 -6.954869999999999663e-01 6.729209999999999914e-01 3.974679999999999880e-01 -6.238559999999999661e-01
1.400000000000000000e+01 9.000000000000000000e+00 3.400000000000000000e+01 0.000000000000000000e+00 1.600000000000000089e+00 2.442269999999999996e-01 -8.339050000000000074e-01 -4.949299999999999811e-01 -7.265570000000000084e-01 1.806659999999999933e-01 -6.629279999999999617e-01 6.422369999999999468e-01 5.214999999999999636e-01 -5.617560000000000331e-01
2.600000000000000000e+01 4.200000000000000000e+01 3.400000000000000000e+01 0.000000000000000000e+00 1.600000000000000089e+00 -4.590000000000000330e-03 -3.116999999999999979e-03 -9.999850000000000128e-01 -3.009089999999999820e-01 9.536510000000000264e-01 -1.590999999999999966e-03 9.536419999999999897e-01 3.008970000000000256e-01 -5.315000000000000280e-03
1.300000000000000000e+01 2.600000000000000000e+01 3.500000000000000000e+01 0.000000000000000000e+00 1.600000000000000089e+00 3.122719999999999940e-01 5.628630000000000022e-01 7.652919999999999723e-01 -6.790239999999999609e-01 -4.311440000000000272e-01 5.941720000000000335e-01 6.643890000000000073e-01 -7.051950000000000163e-01 2.475630000000000053e-01
2.000000000000000000e+00 4.600000000000000000e+01 3.500000000000000000e+01 0.000000000000000000e+00 1.600000000000000089e+00 1.111000000000000008e-03 7.889999999999999878e-04 -9.999989999999999712e-01 3.905279999999999863e-01 -9.205910000000000482e-01 -2.919999999999999961e-04 -9.205910000000000482e-01 -3.905270000000000130e-01 -1.330999999999999935e-03
7.000000000000000000e+00 4.600000000000000000e+01 3.500000000000000000e+01 0.000000000000000000e+00 1.600000000000000089e+00 2.031999999999999952e-03 -7.953999999999999265e-03 -9.999660000000000215e-01 3.899349999999999761e-01 -9.208070000000000421e-01 8.116999999999999216e-03 -9.208399999999999919e-01 -3.899380000000000068e-01 1.229999999999999974e-03
1.100000000000000000e+01 4.600000000000000000e+01 3.500000000000000000e+01 0.000000000000000000e+00 1.600000000000000089e+00 1.025000000000000086e-03 -1.127099999999999977e-02 -9.999360000000000470e-01 3.900589999999999891e-01 -9.207269999999999621e-01 1.077799999999999939e-02 -9.207889999999999686e-01 -3.900449999999999751e-01 3.452999999999999906e-03
1.600000000000000000e+01 4.600000000000000000e+01 3.500000000000000000e+01 0.000000000000000000e+00 1.600000000000000089e+00 -1.111999999999999924e-03 -8.097000000000000031e-03 -9.999670000000000503e-01 3.893340000000000134e-01 -9.210700000000000554e-01 7.026000000000000127e-03 -9.210960000000000258e-01 -3.893139999999999934e-01 4.176000000000000024e-03
2.100000000000000000e+01 4.600000000000000000e+01 3.500000000000000000e+01 0.000000000000000000e+00 1.600000000000000089e+00 4.970000000000000459e-04 -4.603999999999999586e-03 -9.999890000000000168e-01 3.898960000000000203e-01 -9.208479999999999999e-01 4.433999999999999574e-03 -9.208589999999999831e-01 -3.898940000000000183e-01 1.337999999999999997e-03
2.600000000000000000e+01 4.600000000000000000e+01 3.500000000000000000e+01 0.000000000000000000e+00 1.600000000000000089e+00 3.983999999999999694e-03 4.015000000000000339e-03 -9.999839999999999840e-01 3.883260000000000045e-01 -9.215200000000000058e-01 -2.152999999999999966e-03 -9.215130000000000265e-01 -3.883110000000000173e-01 -5.231000000000000406e-03
3.000000000000000000e+01 4.600000000000000000e+01 3.500000000000000000e+01 0.000000000000000000e+00 1.600000000000000089e+00 2.550000000000000183e-04 9.948000000000000245e-03 -9.999510000000000343e-01 3.867659999999999987e-01 -9.221329999999999805e-01 -9.076000000000000734e-03 -9.221780000000000532e-01 -3.867450000000000054e-01 -4.082999999999999824e-03
1.400000000000000000e+01 1.100000000000000000e+01 3.600000000000000000e+01 0.000000000000000000e+00 1.600000000000000089e+00 2.104489999999999972e-01 -9.139730000000000354e-01 -3.469360000000000221e-01 -7.260280000000000067e-01 9.153500000000000525e-02 -6.815449999999999564e-01 6.546710000000000029e-01 3.953160000000000007e-01 -6.443069999999999631e-01
4.000000000000000000e+00 2.000000000000000000e+01 3.600000000000000000e+01 0.000000000000000000e+00 1.600000000000000089e+00 -7.933759999999999701e-01 -3.890100000000000224e-01 -4.682160000000000211e-01 5.524639999999999551e-01 -1.371570000000000011e-01 -8.221749999999999892e-01 2.556149999999999811e-01 -9.109660000000000535e-01 3.237300000000000177e-01
2.300000000000000000e+01 2.200000000000000000e+01 3.600000000000000000e+01 0.000000000000000000e+00 1.600000000000000089e+00 -1.944329999999999947e-01 -7.410090000000000288e-01 6.427300000000000235e-01 7.282220000000000359e-01 3.299440000000000150e-01 6.006909999999999750e-01 -6.571820000000000439e-01 5.848449999999999482e-01 4.754669999999999730e-01
1.300000000000000000e+01 2.700000000000000000e+01 3.600000000000000000e+01 0.000000000000000000e+00 1.600000000000000089e+00 3.496719999999999828e-01 3.832479999999999776e-01 8.548980000000000468e-01 -6.968889999999999807e-01 -5.034710000000000019e-01 5.107479999999999798e-01 6.261590000000000211e-01 -7.743630000000000235e-01 9.103200000000000180e-02
1.200000000000000000e+01 1.100000000000000000e+01 3.700000000000000000e+01 0.000000000000000000e+00 1.600000000000000089e+00 1.725299999999999889e-01 -9.385360000000000369e-01 -2.989700000000000135e-01 -7.146919999999999940e-01 8.959000000000000297e-02 -6.936780000000000168e-01 6.778269999999999573e-01 3.333519999999999817e-01 -6.553069999999999729e-01
1.500000000000000000e+01 1.200000000000000000e+01 3.700000000000000000e+01 0.000000000000000000e+00 1.600000000000000089e+00 1.861389999999999989e-01 -9.283489999999999798e-01 -3.217470000000000052e-01 -7.370830000000000437e-01 8.458799999999999653e-02 -6.704879999999999729e-01 6.496619999999999617e-01 3.619580000000000020e-01 -6.685250000000000359e-01
6.000000000000000000e+00 2.200000000000000000e+01 3.700000000000000000e+01 0.000000000000000000e+00 1.600000000000000089e+00 7.767300000000000315e-01 -3.037739999999999885e-01 5.517349999999999755e-01 -6.242980000000000196e-01 -2.554409999999999736e-01 7.382429999999999826e-01 -8.332299999999999429e-02 -9.178619999999999557e-01 -3.880540000000000100e-01
2.400000000000000000e+01 2.300000000000000000e+01 3.700000000000000000e+01 0.000000000000000000e+00 1.600000000000000089e+00 -1.884160000000000001e-01 -7.525530000000000275e-01 6.310029999999999806e-01 7.255220000000000002e-01 3.263759999999999994e-01 6.058850000000000069e-01 -6.619040000000000479e-01 5.719649999999999457e-01 4.844990000000000130e-01
2.200000000000000000e+01 1.500000000000000000e+01 3.800000000000000000e+01 0.000000000000000000e+00 1.600000000000000089e+00 2.072479999999999878e-01 3.879859999999999975e-01 8.980620000000000269e-01 -7.853809999999999958e-01 -4.813509999999999733e-01 3.892010000000000192e-01 5.832869999999999999e-01 -7.859819999999999585e-01 2.049580000000000013e-01
1.700000000000000000e+01 3.600000000000000000e+01 3.800000000000000000e+01 0.000000000000000000e+00 1.600000000000000089e+00 -3.642139999999999822e-01 8.114000000000000379e-02 9.277739999999999876e-01 9.084189999999999765e-01 2.504870000000000152e-01 3.347100000000000075e-01 -2.052370000000000028e-01 9.647139999999999604e-01 -1.649400000000000033e-01
1.900000000000000000e+01 3.700000000000000000e+01 3.800000000000000000e+01 0.000000000000000000e+00 1.600000000000000089e+00 -2.916449999999999876e-01 -1.117409999999999931e-01 9.499779999999999891e-01 7.984109999999999818e-01 5.184999999999999609e-01 3.061019999999999852e-01 -5.267669999999999852e-01 8.477449999999999708e-01 -6.200300000000000256e-02
2.900000000000000000e+01 3.700000000000000000e+01 3.800000000000000000e+01 0.000000000000000000e+00 1.600000000000000089e+00 5.405999999999999694e-02 -6.954000000000000112e-03 9.985129999999999839e-01 6.328179999999999916e-01 7.737619999999999498e-01 -2.887199999999999836e-02 -7.724109999999999587e-01 6.334389999999999743e-01 4.623100000000000126e-02
2.300000000000000000e+01 3.800000000000000000e+01 3.800000000000000000e+01 0.000000000000000000e+00 1.600000000000000089e+00 -1.326589999999999991e-01 -1.729880000000000029e-01 9.759489999999999554e-01 6.914820000000000411e-01 6.892920000000000158e-01 2.161700000000000010e-01 -7.101079999999999615e-01 7.035280000000000422e-01 2.817800000000000166e-02
1.400000000000000000e+01 1.400000000000000000e+01 3.900000000000000000e+01 0.000000000000000000e+00 1.600000000000000089e+00 1.403300000000000103e-01 -8.558559999999999501e-01 -4.978139999999999787e-01 -7.142420000000000435e-01 2.606959999999999833e-01 -6.495349999999999735e-01 6.856870000000000465e-01 4.467079999999999940e-01 -5.747039999999999926e-01
2.700000000000000000e+01 2.600000000000000000e+01 3.900000000000000000e+01 0.000000000000000000e+00 1.600000000000000089e+00 -1.579710000000000003e-01 -7.362649999999999473e-01 6.579960000000000253e-01 7.155249999999999666e-01 3.738690000000000069e-01 5.901239999999999819e-01 -6.804919999999999858e-01 5.640349999999999531e-01 4.677549999999999764e-01
2.000000000000000000e+01 3.800000000000000000e+01 3.900000000000000000e+01 0.000000000000000000e+00 1.600000000000000089e+00 -2.787040000000000073e-01 -1.915350000000000108e-01 9.410840000000000316e-01 7.806039999999999646e-01 5.256469999999999754e-01 3.381609999999999894e-01 -5.594479999999999453e-01 8.288600000000000412e-01 3.013000000000000053e-03
2.300000000000000000e+01 3.900000000000000000e+01 3.900000000000000000e+01 0.000000000000000000e+00 1.600000000000000089e+00 -1.716530000000000000e-01 -2.643590000000000106e-01 9.490260000000000362e-01 7.239010000000000167e-01 6.195530000000000204e-01 3.035160000000000080e-01 -6.682090000000000529e-01 7.390999999999999792e-01 8.502099999999999935e-02
2.800000000000000000e+01 2.700000000000000000e+01 4.000000000000000000e+01 0.000000000000000000e+00 1.600000000000000089e+00 -1.456780000000000019e-01 -7.427430000000000421e-01 6.535379999999999523e-01 7.160309999999999730e-01 3.766880000000000228e-01 5.877120000000000122e-01 -6.826989999999999448e-01 5.535700000000000065e-01 4.769519999999999871e-01
2.000000000000000000e+01 6.100000000000000000e+01 4.000000000000000000e+01 0.000000000000000000e+00 1.600000000000000089e+00 2.664899999999999908e-02 -5.425959999999999672e-01 -8.395709999999999562e-01 3.524829999999999908e-01 -7.808249999999999913e-01 5.158179999999999987e-01 -9.354390000000000205e-01 -3.096809999999999841e-01 1.704479999999999884e-01
2.700000000000000000e+01 2.000000000000000000e+01 4.200000000000000000e+01 0.000000000000000000e+00 1.600000000000000089e+00 -2.081820000000000059e-01 -1.523680000000000034e-01 9.661490000000000355e-01 6.893620000000000303e-01 6.778840000000000421e-01 2.554469999999999796e-01 -6.938590000000000035e-01 7.192060000000000120e-01 -3.608700000000000102e-02
5.000000000000000000e+00 3.000000000000000000e+00 4.300000000000000000e+01 0.000000000000000000e+00 1.600000000000000089e+00 2.795000000000000175e-03 -6.087000000000000396e-03 -9.999780000000000335e-01 7.412320000000000020e-01 -6.712209999999999566e-01 6.158000000000000279e-03 -6.712430000000000341e-01 -7.412330000000000307e-01 2.635999999999999888e-03
8.000000000000000000e+00 3.000000000000000000e+00 4.300000000000000000e+01 0.000000000000000000e+00 1.600000000000000089e+00 5.828999999999999980e-03 -3.520000000000000125e-03 -9.999770000000000048e-01 7.434690000000000465e-01 -6.687370000000000259e-01 6.688000000000000368e-03 -6.687450000000000339e-01 -7.434910000000000130e-01 -1.281000000000000021e-03
1.600000000000000000e+01 3.000000000000000000e+00 4.300000000000000000e+01 0.000000000000000000e+00 1.600000000000000089e+00 8.888999999999999332e-03 2.753600000000000145e-02 -9.995810000000000528e-01 7.369860000000000300e-01 -6.758009999999999851e-01 -1.206300000000000081e-02 -6.758499999999999508e-01 -7.365699999999999470e-01 -2.630000000000000046e-02
2.700000000000000000e+01 3.000000000000000000e+00 4.300000000000000000e+01 0.000000000000000000e+00 1.600000000000000089e+00 -3.246000000000000187e-03 2.919700000000000073e-02 -9.995680000000000121e-01 7.503889999999999727e-01 -6.606389999999999763e-01 -2.173399999999999985e-02 -6.609880000000000200e-01 -7.501360000000000250e-01 -1.976500000000000132e-02
3.000000000000000000e+00 2.400000000000000000e+01 4.400000000000000000e+01 0.000000000000000000e+00 1.600000000000000089e+00 1.914499999999999882e-02 2.102899999999999908e-02 -9.995960000000000401e-01 7.845560000000000311e-01 6.194229999999999459e-01 2.805799999999999961e-02 6.197629999999999528e-01 -7.847760000000000291e-01 -4.640000000000000027e-03
3.000000000000000000e+00 2.900000000000000000e+01 4.400000000000000000e+01 0.000000000000000000e+00 1.600000000000000089e+00 -4.481999999999999873e-03 -5.435299999999999854e-02 -9.985119999999999552e-01 6.272940000000000182e-01 7.774729999999999697e-01 -4.513699999999999657e-02 7.787690000000000445e-01 -6.265629999999999811e-01 3.061099999999999932e-02
5.000000000000000000e+00 2.900000000000000000e+01 4.400000000000000000e+01 0.000000000000000000e+00 1.600000000000000089e+00 -4.803600000000000231e-02 -1.879010000000000125e-01 -9.810130000000000239e-01 6.546100000000000252e-01 7.359040000000000026e-01 -1.730069999999999941e-01 7.544389999999999707e-01 -6.504910000000000414e-01 8.765199999999999381e-02
2.400000000000000000e+01 2.200000000000000000e+01 4.500000000000000000e+01 0.000000000000000000e+00 1.600000000000000089e+00 1.462160000000000126e-01 -7.753599999999999381e-02 -9.862090000000000023e-01 -4.682520000000000016e-01 8.727460000000000218e-01 -1.380389999999999950e-01 8.714129999999999932e-01 4.819780000000000175e-01 9.130299999999999527e-02
2.000000000000000000e+01 2.200000000000000000e+01 4.600000000000000000e+01 0.000000000000000000e+00 1.600000000000000089e+00 6.909099999999999964e-02 -1.822100000000000108e-02 -9.974439999999999973e-01 -2.188319999999999987e-01 9.752049999999999885e-01 -3.297300000000000231e-02 9.733140000000000125e-01 2.205499999999999960e-01 6.339000000000000190e-02
2.800000000000000000e+01 6.500000000000000000e+01 4.600000000000000000e+01 0.000000000000000000e+00 1.600000000000000089e+00 -3.081700000000000064e-02 -1.653920000000000112e-01 9.857460000000000111e-01 6.604139999999999455e-01 -7.436469999999999470e-01 -1.041249999999999953e-01 7.502689999999999637e-01 6.477920000000000345e-01 1.321440000000000115e-01
3.000000000000000000e+01 3.700000000000000000e+01 4.900000000000000000e+01 0.000000000000000000e+00 1.600000000000000089e+00 -5.876900000000000179e-02 8.234310000000000240e-01 -5.643639999999999768e-01 6.433290000000000397e-01 -4.010500000000000176e-01 -6.521400000000000530e-01 -7.633309999999999818e-01 -4.013970000000000038e-01 -5.061679999999999513e-01
2.200000000000000000e+01 5.300000000000000000e+01 4.900000000000000000e+01 0.000000000000000000e+00 1.600000000000000089e+00 -4.821880000000000055e-01 2.442850000000000021e-01 8.413199999999999568e-01 -8.669900000000000384e-01 4.827999999999999826e-03 -4.983020000000000227e-01 -1.257900000000000129e-01 -9.696919999999999984e-01 2.094640000000000113e-01
3.000000000000000000e+01 4.600000000000000000e+01 5.000000000000000000e+01 0.000000000000000000e+00 1.600000000000000089e+00 -3.723380000000000023e-01 2.062559999999999949e-01 9.048880000000000257e-01 5.765740000000000309e-01 8.154280000000000417e-01 5.138000000000000206e-02 -7.272739999999999760e-01 5.408659999999999579e-01 -4.225369999999999959e-01
6.000000000000000000e+00 6.000000000000000000e+00 5.100000000000000000e+01 0.000000000000000000e+00 1.600000000000000089e+00 -7.006000000000000075e-03 -5.386000000000000162e-03 -9.999609999999999888e-01 3.319380000000000108e-01 -9.432970000000000521e-01 2.755000000000000070e-03 -9.432749999999999746e-01 -3.319059999999999788e-01 8.396999999999999950e-03
2.200000000000000000e+01 7.000000000000000000e+00 5.200000000000000000e+01 0.000000000000000000e+00 1.600000000000000089e+00 7.185000000000000414e-03 4.791000000000000120e-03 -9.999630000000000463e-01 8.688500000000000389e-02 -9.962100000000000399e-01 -4.148999999999999910e-03 -9.961919999999999664e-01 -8.685199999999999865e-02 -7.574000000000000003e-03
2.600000000000000000e+01 7.000000000000000000e+00 5.200000000000000000e+01 0.000000000000000000e+00 1.600000000000000089e+00 5.080000000000000314e-03 9.407000000000000431e-03 -9.999430000000000263e-01 7.151399999999999424e-02 -9.973990000000000355e-01 -9.020000000000000240e-03 -9.974269999999999525e-01 -7.146399999999999975e-02 -5.739000000000000178e-03
2.900000000000000000e+01 6.300000000000000000e+01 5.200000000000000000e+01 0.000000000000000000e+00 1.600000000000000089e+00 -8.522100000000000508e-02 4.299220000000000264e-01 -8.988350000000000506e-01 4.622450000000000170e-01 8.162179999999999991e-01 3.465790000000000259e-01 8.826469999999999594e-01 -3.859469999999999845e-01 -2.682880000000000265e-01
2.600000000000000000e+01 1.400000000000000000e+01 5.400000000000000000e+01 0.000000000000000000e+00 1.600000000000000089e+00 -5.716999999999999860e-03 -7.320000000000000118e-04 -9.999829999999999552e-01 5.810629999999999962e-01 8.138490000000000446e-01 -3.917999999999999608e-03 8.138379999999999503e-01 -5.810760000000000369e-01 -4.227999999999999987e-03
4.000000000000000000e+00 6.300000000000000000e+01 5.400000000000000000e+01 0.000000000000000000e+00 1.600000000000000089e+00 -9.948000000000000245e-03 -6.741999999999999729e-03 9.999280000000000390e-01 -3.533740000000000214e-01 9.354780000000000317e-01 2.791000000000000078e-03 -9.354289999999999550e-01 -3.533200000000000229e-01 -1.168800000000000047e-02
7.000000000000000000e+00 6.300000000000000000e+01 5.400000000000000000e+01 0.000000000000000000e+00 1.600000000000000089e+00 1.873999999999999971e-02 3.287299999999999944e-02 9.992839999999999501e-01 -3.325389999999999735e-01 9.427640000000000464e-01 -2.477800000000000141e-02 -9.429030000000000467e-01 -3.318369999999999931e-01 2.860000000000000042e-02
1.300000000000000000e+01 6.300000000000000000e+01 5.400000000000000000e+01 0.000000000000000000e+00 1.600000000000000089e+00 2.409769999999999968e-01 4.652569999999999761e-01 -8.517430000000000279e-01 8.389349999999999863e-01 3.413950000000000040e-01 4.238370000000000193e-01 4.879740000000000189e-01 -8.166919999999999735e-01 -3.080519999999999925e-01
2.700000000000000000e+01 7.200000000000000000e+01 5.400000000000000000e+01 0.000000000000000000e+00 1.600000000000000089e+00 -8.948850000000000415e-01 2.768129999999999757e-01 3.500780000000000003e-01 -3.053370000000000251e-01 -9.518360000000000154e-01 -2.788300000000000153e-02 3.254989999999999828e-01 -1.318429999999999880e-01 9.363050000000000539e-01
