5.000000000000000000e+00 2.500000000000000000e+01 1.000000000000000000e+00 0.000000000000000000e+00 1.600000000000000089e+00 -1.484999999999999992e-03 2.929999999999999879e-03 -9.999949999999999672e-01 -5.241130000000000511e-01 -8.516470000000000429e-01 -1.717999999999999909e-03 -8.516479999999999606e-01 5.241069999999999895e-01 2.799999999999999972e-03
2.000000000000000000e+01 2.500000000000000000e+01 1.000000000000000000e+00 0.000000000000000000e+00 1.600000000000000089e+00 -7.010000000000000172e-04 1.874999999999999931e-03 -9.999980000000000535e-01 -5.220059999999999700e-01 -8.529409999999999492e-01 -1.232999999999999938e-03 -8.529419999999999780e-01 5.220040000000000235e-01 1.577000000000000060e-03
1.300000000000000000e+01 1.500000000000000000e+01 4.000000000000000000e+00 0.000000000000000000e+00 1.600000000000000089e+00 7.269999999999999987e-04 -1.382800000000000001e-02 9.999040000000000150e-01 3.803599999999999759e-01 -9.247459999999999569e-01 -1.306500000000000022e-02 9.248380000000000489e-01 3.803329999999999766e-01 4.588000000000000064e-03
2.200000000000000000e+01 1.500000000000000000e+01 4.000000000000000000e+00 0.000000000000000000e+00 1.600000000000000089e+00 -8.838000000000000370e-03 4.362599999999999811e-02 9.990090000000000359e-01 4.240630000000000233e-01 -9.045990000000000419e-01 4.325500000000000178e-02 9.055889999999999773e-01 4.240249999999999853e-01 -1.050599999999999971e-02
2.000000000000000000e+00 1.010000000000000000e+02 7.000000000000000000e+00 0.000000000000000000e+00 1.600000000000000089e+00 9.659999999999999533e-04 3.706000000000000093e-03 9.999930000000000208e-01 8.829820000000000446e-01 4.693999999999999839e-01 -2.592999999999999819e-03 -4.694070000000000187e-01 8.829780000000000406e-01 -2.818999999999999891e-03
1.700000000000000000e+01 1.010000000000000000e+02 7.000000000000000000e+00 0.000000000000000000e+00 1.600000000000000089e+00 2.393999999999999861e-03 -9.771999999999999437e-03 9.999489999999999768e-01 8.864549999999999930e-01 4.628079999999999972e-01 2.399999999999999790e-03 -4.628079999999999972e-01 8.864049999999999985e-01 9.771000000000000171e-03
2.400000000000000000e+01 1.010000000000000000e+02 7.000000000000000000e+00 0.000000000000000000e+00 1.600000000000000089e+00 -1.675999999999999972e-03 7.152999999999999636e-03 9.999730000000000008e-01 8.866800000000000237e-01 4.623800000000000132e-01 -1.820999999999999919e-03 -4.623800000000000132e-01 8.866530000000000244e-01 -7.117000000000000062e-03
1.000000000000000000e+01 1.500000000000000000e+01 8.000000000000000000e+00 0.000000000000000000e+00 1.600000000000000089e+00 -4.220000000000000118e-04 -2.432899999999999993e-02 -9.997040000000000370e-01 -6.186439999999999717e-01 -7.854330000000000478e-01 1.937600000000000086e-02 -7.856720000000000370e-01 6.184690000000000465e-01 -1.471899999999999945e-02
3.000000000000000000e+00 2.500000000000000000e+01 8.000000000000000000e+00 0.000000000000000000e+00 1.600000000000000089e+00 2.291000000000000068e-03 5.139999999999999604e-03 -9.999839999999999840e-01 4.438139999999999863e-01 8.961010000000000364e-01 5.623000000000000394e-03 8.961160000000000236e-01 -4.438199999999999923e-01 -2.280000000000000126e-04
7.000000000000000000e+00 2.500000000000000000e+01 8.000000000000000000e+00 0.000000000000000000e+00 1.600000000000000089e+00 1.871999999999999966e-03 6.034000000000000301e-03 -9.999799999999999800e-01 4.428560000000000274e-01 8.965710000000000068e-01 6.238999999999999754e-03 8.965910000000000268e-01 -4.428590000000000027e-01 -9.929999999999999591e-04
1.100000000000000000e+01 2.500000000000000000e+01 8.000000000000000000e+00 0.000000000000000000e+00 1.600000000000000089e+00 1.479000000000000063e-03 -2.180000000000000134e-04 -9.999989999999999712e-01 4.415410000000000168e-01 8.972409999999999553e-01 4.580000000000000195e-04 8.972400000000000375e-01 -4.415419999999999900e-01 1.423000000000000003e-03
1.500000000000000000e+01 2.500000000000000000e+01 8.000000000000000000e+00 0.000000000000000000e+00 1.600000000000000089e+00 -5.230000000000000274e-04 -2.460000000000000164e-04 -1.000000000000000000e+00 4.404390000000000249e-01 8.977829999999999977e-01 -4.510000000000000120e-04 8.977819999999999689e-01 -4.404390000000000249e-01 -3.620000000000000171e-04
2.000000000000000000e+01 2.500000000000000000e+01 8.000000000000000000e+00 0.000000000000000000e+00 1.600000000000000089e+00 2.315999999999999916e-03 6.152999999999999615e-03 -9.999780000000000335e-01 4.386889999999999956e-01 8.986150000000000526e-01 6.544999999999999603e-03 8.986359999999999904e-01 -4.386939999999999729e-01 -6.179999999999999513e-04
2.400000000000000000e+01 2.500000000000000000e+01 8.000000000000000000e+00 0.000000000000000000e+00 1.600000000000000089e+00 1.667000000000000079e-03 2.125000000000000153e-03 -9.999959999999999960e-01 4.379890000000000172e-01 8.989770000000000261e-01 2.641000000000000118e-03 8.989789999999999726e-01 -4.379919999999999924e-01 5.680000000000000370e-04
3.000000000000000000e+00 2.400000000000000000e+01 9.000000000000000000e+00 0.000000000000000000e+00 1.600000000000000089e+00 2.330000000000000040e-03 4.225999999999999722e-03 -9.999879999999999880e-01 4.509059999999999735e-01 8.925589999999999913e-01 4.823000000000000030e-03 8.925689999999999458e-01 -4.509119999999999795e-01 1.740000000000000010e-04
9.000000000000000000e+00 2.400000000000000000e+01 9.000000000000000000e+00 0.000000000000000000e+00 1.600000000000000089e+00 2.139999999999999975e-03 4.662999999999999610e-03 -9.999869999999999592e-01 4.487459999999999782e-01 8.936439999999999939e-01 5.126999999999999613e-03 8.936570000000000347e-01 -4.487519999999999842e-01 -1.800000000000000113e-04
1.500000000000000000e+01 2.400000000000000000e+01 9.000000000000000000e+00 0.000000000000000000e+00 1.600000000000000089e+00 -2.020000000000000040e-04 -4.870000000000000197e-04 -1.000000000000000000e+00 4.468360000000000110e-01 8.946159999999999668e-01 -5.259999999999999919e-04 8.946159999999999668e-01 -4.468360000000000110e-01 3.699999999999999811e-05
2.100000000000000000e+01 2.400000000000000000e+01 9.000000000000000000e+00 0.000000000000000000e+00 1.600000000000000089e+00 2.344000000000000163e-03 3.993000000000000022e-03 -9.999890000000000168e-01 4.445819999999999772e-01 8.957260000000000222e-01 4.618999999999999842e-03 8.957349999999999479e-01 -4.445879999999999832e-01 3.249999999999999851e-04
7.000000000000000000e+00 8.000000000000000000e+00 1.000000000000000000e+01 0.000000000000000000e+00 1.600000000000000089e+00 -1.581339999999999968e-01 -1.133040000000000019e-01 -9.808949999999999614e-01 -9.487609999999999655e-01 -2.578010000000000024e-01 1.827330000000000065e-01 -2.735799999999999899e-01 9.595320000000000515e-01 -6.673099999999999865e-02
2.400000000000000000e+01 3.000000000000000000e+00 1.100000000000000000e+01 0.000000000000000000e+00 1.600000000000000089e+00 -6.241000000000000020e-03 1.051720000000000016e-01 9.944340000000000401e-01 1.352339999999999931e-01 -9.852290000000000214e-01 1.050470000000000015e-01 9.907939999999999525e-01 1.351370000000000071e-01 -8.075000000000000580e-03
2.000000000000000000e+00 3.100000000000000000e+01 1.200000000000000000e+01 0.000000000000000000e+00 1.600000000000000089e+00 3.223999999999999869e-03 -4.870000000000000197e-04 9.999949999999999672e-01 -1.120299999999999942e-02 9.999369999999999647e-01 5.230000000000000274e-04 -9.999320000000000430e-01 -1.120400000000000042e-02 3.219000000000000073e-03
1.300000000000000000e+01 3.100000000000000000e+01 1.200000000000000000e+01 0.000000000000000000e+00 1.600000000000000089e+00 -8.159999999999999936e-04 6.159000000000000412e-03 9.999810000000000088e-01 -4.562000000000000083e-03 9.999710000000000543e-01 -6.163000000000000075e-03 -9.999890000000000168e-01 -4.566999999999999879e-03 -7.879999999999999635e-04
5.000000000000000000e+00 3.500000000000000000e+01 1.200000000000000000e+01 0.000000000000000000e+00 1.600000000000000089e+00 -4.435999999999999839e-03 1.707300000000000137e-02 -9.998439999999999550e-01 5.590939999999999799e-01 -8.289370000000000349e-01 -1.663500000000000048e-02 -8.290920000000000512e-01 -5.590810000000000501e-01 -5.867999999999999952e-03
2.000000000000000000e+00 1.160000000000000000e+02 1.600000000000000000e+01 0.000000000000000000e+00 1.600000000000000089e+00 3.919999999999999873e-03 1.580000000000000024e-03 9.999909999999999632e-01 7.604649999999999466e-01 6.493670000000000275e-01 -4.007000000000000145e-03 -6.493679999999999453e-01 7.604739999999999833e-01 1.343999999999999926e-03
1.200000000000000000e+01 1.160000000000000000e+02 1.600000000000000000e+01 0.000000000000000000e+00 1.600000000000000089e+00 3.899999999999999929e-04 4.929999999999999487e-04 1.000000000000000000e+00 7.620310000000000139e-01 6.475410000000000332e-01 -6.170000000000000354e-04 -6.475410000000000332e-01 7.620310000000000139e-01 -1.230000000000000082e-04
1.700000000000000000e+01 1.160000000000000000e+02 1.600000000000000000e+01 0.000000000000000000e+00 1.600000000000000089e+00 6.700000000000000226e-05 3.249999999999999851e-04 1.000000000000000000e+00 7.525659999999999572e-01 6.585170000000000190e-01 -2.649999999999999903e-04 -6.585170000000000190e-01 7.525659999999999572e-01 -2.000000000000000096e-04
2.100000000000000000e+01 1.160000000000000000e+02 1.600000000000000000e+01 0.000000000000000000e+00 1.600000000000000089e+00 -4.889999999999999599e-04 -1.936000000000000004e-03 9.999980000000000535e-01 7.533480000000000176e-01 6.576199999999999823e-01 1.641000000000000097e-03 -6.576210000000000111e-01 7.533480000000000176e-01 1.136999999999999990e-03
2.400000000000000000e+01 1.160000000000000000e+02 1.600000000000000000e+01 0.000000000000000000e+00 1.600000000000000089e+00 -3.429999999999999889e-04 -2.256000000000000193e-03 9.999970000000000248e-01 7.591269999999999962e-01 6.509399999999999631e-01 1.729000000000000068e-03 -6.509420000000000206e-01 7.591259999999999675e-01 1.489000000000000089e-03
3.000000000000000000e+01 1.160000000000000000e+02 1.600000000000000000e+01 0.000000000000000000e+00 1.600000000000000089e+00 -2.335999999999999969e-03 -3.248000000000000019e-03 9.999919999999999920e-01 7.407019999999999715e-01 6.718220000000000303e-01 3.911999999999999679e-03 -6.718300000000000383e-01 7.407049999999999468e-01 8.360000000000000460e-04
5.000000000000000000e+00 2.000000000000000000e+00 1.900000000000000000e+01 0.000000000000000000e+00 1.600000000000000089e+00 7.473999999999999741e-03 -5.958499999999999908e-02 -9.981950000000000545e-01 3.406199999999999783e-01 -9.383749999999999591e-01 5.856499999999999900e-02 -9.401709999999999789e-01 -3.404429999999999956e-01 1.328299999999999967e-02
1.200000000000000000e+01 2.000000000000000000e+00 1.900000000000000000e+01 0.000000000000000000e+00 1.600000000000000089e+00 7.212999999999999794e-03 -6.456900000000000139e-02 -9.978869999999999685e-01 3.677000000000000268e-01 -9.278290000000000148e-01 6.269299999999999873e-02 -9.299169999999999936e-01 -3.673750000000000071e-01 1.704900000000000165e-02
1.900000000000000000e+01 2.000000000000000000e+00 1.900000000000000000e+01 0.000000000000000000e+00 1.600000000000000089e+00 5.779999999999999548e-04 1.107299999999999951e-02 -9.999390000000000223e-01 3.648210000000000064e-01 -9.310230000000000450e-01 -1.009900000000000034e-02 -9.310779999999999612e-01 -3.647929999999999784e-01 -4.577999999999999604e-03
2.300000000000000000e+01 3.000000000000000000e+00 1.900000000000000000e+01 0.000000000000000000e+00 1.600000000000000089e+00 3.282000000000000195e-03 3.602400000000000047e-02 -9.993450000000000388e-01 3.407879999999999798e-01 -9.395689999999999875e-01 -3.275000000000000133e-02 -9.401340000000000252e-01 -3.404579999999999829e-01 -1.536000000000000039e-02
2.700000000000000000e+01 3.000000000000000000e+00 1.900000000000000000e+01 0.000000000000000000e+00 1.600000000000000089e+00 1.270000000000000078e-03 4.850499999999999950e-02 -9.988219999999999876e-01 3.467749999999999999e-01 -9.368659999999999766e-01 -4.505599999999999883e-02 -9.379480000000000040e-01 -3.463089999999999780e-01 -1.801099999999999923e-02
7.000000000000000000e+00 1.300000000000000000e+01 2.000000000000000000e+01 0.000000000000000000e+00 1.600000000000000089e+00 4.119999999999999856e-04 1.034999999999999896e-03 9.999989999999999712e-01 2.594020000000000215e-01 9.657689999999999886e-01 -1.106999999999999911e-03 -9.657689999999999886e-01 2.594029999999999947e-01 1.289999999999999914e-04
1.500000000000000000e+01 1.300000000000000000e+01 2.000000000000000000e+01 0.000000000000000000e+00 1.600000000000000089e+00 6.009999999999999717e-04 8.245999999999999858e-03 9.999660000000000215e-01 2.610689999999999955e-01 9.652859999999999774e-01 -8.116999999999999216e-03 -9.653199999999999559e-01 2.610649999999999915e-01 -1.572999999999999962e-03
1.900000000000000000e+01 1.300000000000000000e+01 2.000000000000000000e+01 0.000000000000000000e+00 1.600000000000000089e+00 -8.450000000000000479e-04 -2.534999999999999927e-03 9.999959999999999960e-01 2.614469999999999850e-01 9.652140000000000164e-01 2.667999999999999799e-03 -9.652180000000000204e-01 2.614480000000000137e-01 -1.530000000000000056e-04
3.000000000000000000e+01 1.300000000000000000e+01 2.000000000000000000e+01 0.000000000000000000e+00 1.600000000000000089e+00 1.410999999999999928e-03 1.240000000000000054e-04 9.999989999999999712e-01 2.619580000000000242e-01 9.650790000000000202e-01 -4.899999999999999842e-04 -9.650779999999999914e-01 2.619580000000000242e-01 1.329000000000000103e-03
1.900000000000000000e+01 1.600000000000000000e+01 2.100000000000000000e+01 0.000000000000000000e+00 1.600000000000000089e+00 -1.822999999999999968e-03 -5.193999999999999832e-03 9.999850000000000128e-01 2.990160000000000040e-01 9.542319999999999691e-01 5.501999999999999946e-03 -9.542460000000000386e-01 2.990220000000000100e-01 -1.869999999999999917e-04
1.600000000000000000e+01 2.000000000000000000e+00 2.500000000000000000e+01 0.000000000000000000e+00 1.600000000000000089e+00 2.337999999999999801e-03 -9.209999999999999437e-03 9.999550000000000383e-01 6.821399999999999686e-02 -9.976270000000000415e-01 -9.348000000000000406e-03 9.976679999999999993e-01 6.823300000000000198e-02 -1.704000000000000003e-03
2.000000000000000000e+00 3.000000000000000000e+00 2.500000000000000000e+01 0.000000000000000000e+00 1.600000000000000089e+00 4.767999999999999669e-03 -3.149600000000000316e-02 9.994929999999999648e-01 -9.546999999999999931e-03 -9.994600000000000151e-01 -3.144899999999999779e-02 9.999430000000000263e-01 -9.391999999999999307e-03 -5.066000000000000190e-03
7.000000000000000000e+00 3.000000000000000000e+00 2.500000000000000000e+01 0.000000000000000000e+00 1.600000000000000089e+00 9.147000000000000616e-03 -4.984700000000000242e-02 9.987150000000000194e-01 2.698700000000000057e-02 -9.983809999999999629e-01 -5.007799999999999752e-02 9.995939999999999825e-01 2.741000000000000034e-02 -7.786999999999999651e-03
1.500000000000000000e+01 3.000000000000000000e+00 2.500000000000000000e+01 0.000000000000000000e+00 1.600000000000000089e+00 1.958000000000000105e-03 -1.299900000000000014e-02 9.999139999999999695e-01 -1.321300000000000079e-02 -9.998289999999999678e-01 -1.297199999999999916e-02 9.999109999999999943e-01 -1.318700000000000080e-02 -2.128999999999999816e-03
2.100000000000000000e+01 3.000000000000000000e+00 2.500000000000000000e+01 0.000000000000000000e+00 1.600000000000000089e+00 1.598999999999999944e-03 5.832999999999999644e-03 9.999820000000000375e-01 -1.788000000000000006e-02 -9.998230000000000173e-01 5.860999999999999890e-03 9.998390000000000333e-01 -1.788899999999999865e-02 -1.494000000000000102e-03
1.000000000000000000e+01 4.600000000000000000e+01 2.700000000000000000e+01 0.000000000000000000e+00 1.600000000000000089e+00 3.400000000000000244e-04 2.497000000000000088e-03 -9.999970000000000248e-01 6.728929999999999634e-01 7.397369999999999779e-01 2.076000000000000154e-03 7.397399999999999531e-01 -6.728920000000000456e-01 -1.428999999999999932e-03
1.900000000000000000e+01 4.600000000000000000e+01 2.700000000000000000e+01 0.000000000000000000e+00 1.600000000000000089e+00 -1.479999999999999925e-04 -5.090000000000000123e-04 -1.000000000000000000e+00 6.799619999999999553e-01 7.332469999999999821e-01 -4.739999999999999747e-04 7.332480000000000109e-01 -6.799619999999999553e-01 2.380000000000000117e-04
1.800000000000000000e+01 5.800000000000000000e+01 3.100000000000000000e+01 0.000000000000000000e+00 1.600000000000000089e+00 -3.938999999999999793e-03 -8.883000000000000271e-03 9.999529999999999808e-01 -7.971310000000000340e-01 -6.037470000000000336e-01 -8.503999999999999407e-03 6.037940000000000529e-01 -7.971270000000000300e-01 -4.702999999999999715e-03
2.700000000000000000e+01 5.800000000000000000e+01 3.100000000000000000e+01 0.000000000000000000e+00 1.600000000000000089e+00 -2.263999999999999953e-03 -4.099000000000000213e-03 9.999890000000000168e-01 -8.033780000000000365e-01 -5.954540000000000388e-01 -4.259999999999999898e-03 5.954650000000000221e-01 -8.033789999999999543e-01 -1.944999999999999897e-03
7.000000000000000000e+00 2.300000000000000000e+01 3.400000000000000000e+01 0.000000000000000000e+00 1.600000000000000089e+00 -1.255000000000000039e-03 6.318999999999999964e-03 9.999789999999999512e-01 4.070659999999999834e-01 -9.133769999999999945e-01 6.283000000000000390e-03 9.133980000000000432e-01 4.070659999999999834e-01 -1.425999999999999967e-03
6.000000000000000000e+00 4.600000000000000000e+01 3.500000000000000000e+01 0.000000000000000000e+00 1.600000000000000089e+00 2.820000000000000241e-04 1.178000000000000011e-03 -9.999989999999999712e-01 3.900810000000000111e-01 -9.207800000000000429e-01 -9.749999999999999552e-04 -9.207809999999999606e-01 -3.900799999999999823e-01 -7.190000000000000210e-04
1.200000000000000000e+01 4.600000000000000000e+01 3.500000000000000000e+01 0.000000000000000000e+00 1.600000000000000089e+00 2.018999999999999961e-03 2.935000000000000109e-03 -9.999940000000000495e-01 3.894299999999999984e-01 -9.210540000000000393e-01 -1.917000000000000084e-03 -9.210540000000000393e-01 -3.894230000000000191e-01 -3.003000000000000027e-03
1.700000000000000000e+01 4.600000000000000000e+01 3.500000000000000000e+01 0.000000000000000000e+00 1.600000000000000089e+00 -1.296999999999999976e-03 -2.158000000000000196e-03 -9.999970000000000248e-01 3.898389999999999911e-01 -9.208819999999999784e-01 1.482000000000000027e-03 -9.208819999999999784e-01 -3.898349999999999871e-01 2.034999999999999917e-03
2.100000000000000000e+01 4.600000000000000000e+01 3.500000000000000000e+01 0.000000000000000000e+00 1.600000000000000089e+00 -1.101999999999999898e-03 -1.528000000000000061e-03 -9.999980000000000535e-01 3.906330000000000080e-01 -9.205459999999999754e-01 9.770000000000000039e-04 -9.205459999999999754e-01 -3.906310000000000060e-01 1.611000000000000019e-03
2.500000000000000000e+01 4.600000000000000000e+01 3.500000000000000000e+01 0.000000000000000000e+00 1.600000000000000089e+00 -8.459999999999999638e-04 -3.944999999999999722e-03 -9.999919999999999920e-01 3.932019999999999960e-01 -9.194459999999999855e-01 3.295000000000000186e-03 -9.194520000000000470e-01 -3.931959999999999900e-01 2.330000000000000040e-03
3.000000000000000000e+01 4.600000000000000000e+01 3.500000000000000000e+01 0.000000000000000000e+00 1.600000000000000089e+00 -9.829999999999999329e-04 -2.147000000000000037e-03 -9.999970000000000248e-01 3.937620000000000009e-01 -9.192110000000000003e-01 1.585999999999999953e-03 -9.192120000000000291e-01 -3.937590000000000257e-01 1.748999999999999904e-03
2.000000000000000000e+00 2.900000000000000000e+01 4.400000000000000000e+01 0.000000000000000000e+00 1.600000000000000089e+00 2.290000000000000098e-04 -3.629999999999999980e-03 -9.999930000000000208e-01 6.570000000000000284e-01 7.538859999999999451e-01 -2.586000000000000191e-03 7.538899999999999491e-01 -6.569949999999999957e-01 2.557999999999999944e-03
8.000000000000000000e+00 2.900000000000000000e+01 4.400000000000000000e+01 0.000000000000000000e+00 1.600000000000000089e+00 4.780000000000000178e-04 5.150000000000000498e-04 -1.000000000000000000e+00 6.561339999999999950e-01 7.546439999999999815e-01 7.020000000000000415e-04 7.546450000000000102e-01 -6.561339999999999950e-01 2.300000000000000002e-05
1.400000000000000000e+01 2.900000000000000000e+01 4.400000000000000000e+01 0.000000000000000000e+00 1.600000000000000089e+00 4.972999999999999990e-03 4.547999999999999959e-03 -9.999770000000000048e-01 6.603919999999999790e-01 7.508920000000000039e-01 6.700000000000000226e-03 7.509050000000000447e-01 -6.604100000000000525e-01 7.299999999999999632e-04
1.900000000000000000e+01 2.900000000000000000e+01 4.400000000000000000e+01 0.000000000000000000e+00 1.600000000000000089e+00 -2.273999999999999980e-03 2.458000000000000115e-03 -9.999940000000000495e-01 6.591200000000000392e-01 7.520379999999999843e-01 3.490000000000000263e-04 7.520350000000000090e-01 -6.591150000000000064e-01 -3.330000000000000061e-03
3.000000000000000000e+00 5.000000000000000000e+00 5.100000000000000000e+01 0.000000000000000000e+00 1.600000000000000089e+00 1.599999999999999928e-05 -3.278999999999999797e-03 -9.999949999999999672e-01 4.864040000000000030e-01 -8.737289999999999779e-01 2.873000000000000120e-03 -8.737340000000000106e-01 -4.864020000000000010e-01 1.580999999999999940e-03
1.100000000000000000e+01 1.150000000000000000e+02 5.100000000000000000e+01 0.000000000000000000e+00 1.600000000000000089e+00 -2.919999999999999961e-04 -4.356999999999999762e-03 9.999900000000000455e-01 8.443789999999999907e-01 -5.357420000000000515e-01 -2.086999999999999880e-03 5.357460000000000555e-01 8.443709999999999827e-01 3.836000000000000000e-03
5.000000000000000000e+00 6.300000000000000000e+01 5.400000000000000000e+01 0.000000000000000000e+00 1.600000000000000089e+00 -3.170000000000000075e-04 -1.655999999999999920e-03 9.999989999999999712e-01 -3.497339999999999893e-01 9.368480000000000141e-01 1.440000000000000091e-03 -9.368490000000000428e-01 -3.497330000000000161e-01 -8.760000000000000425e-04
9.000000000000000000e+00 6.300000000000000000e+01 5.400000000000000000e+01 0.000000000000000000e+00 1.600000000000000089e+00 -1.227000000000000009e-03 1.779999999999999898e-04 9.999989999999999712e-01 -3.497520000000000073e-01 9.368419999999999526e-01 -5.959999999999999586e-04 -9.368419999999999526e-01 -3.497520000000000073e-01 -1.087000000000000076e-03
1.400000000000000000e+01 6.300000000000000000e+01 5.400000000000000000e+01 0.000000000000000000e+00 1.600000000000000089e+00 1.310000000000000129e-04 2.786999999999999981e-03 9.999959999999999960e-01 -3.496770000000000156e-01 9.368670000000000053e-01 -2.565000000000000006e-03 -9.368699999999999806e-01 -3.496750000000000136e-01 1.098000000000000018e-03
2.000000000000000000e+01 6.300000000000000000e+01 5.400000000000000000e+01 0.000000000000000000e+00 1.600000000000000089e+00 1.505000000000000044e-03 5.550000000000000462e-04 9.999989999999999712e-01 -3.525889999999999858e-01 9.357779999999999987e-01 1.200000000000000030e-05 -9.357769999999999699e-01 -3.525889999999999858e-01 1.603999999999999957e-03
2.500000000000000000e+01 6.300000000000000000e+01 5.400000000000000000e+01 0.000000000000000000e+00 1.600000000000000089e+00 2.700000000000000035e-04 -2.928000000000000047e-03 9.999959999999999960e-01 -3.516460000000000141e-01 9.361289999999999889e-01 2.835999999999999979e-03 -9.361329999999999929e-01 -3.516449999999999854e-01 -7.770000000000000214e-04
3.000000000000000000e+01 6.300000000000000000e+01 5.400000000000000000e+01 0.000000000000000000e+00 1.600000000000000089e+00 -3.240000000000000150e-04 -2.918000000000000021e-03 9.999959999999999960e-01 -3.523069999999999813e-01 9.358809999999999629e-01 2.615999999999999836e-03 -9.358849999999999669e-01 -3.523040000000000060e-01 -1.330999999999999935e-03
7.000000000000000000e+00 2.500000000000000000e+01 5.500000000000000000e+01 0.000000000000000000e+00 1.600000000000000089e+00 -4.099999999999999912e-04 1.459999999999999926e-03 -9.999989999999999712e-01 -1.188299999999999947e-02 -9.999280000000000390e-01 -1.454999999999999913e-03 -9.999289999999999567e-01 1.188200000000000020e-02 4.270000000000000249e-04
2.200000000000000000e+01 2.500000000000000000e+01 5.500000000000000000e+01 0.000000000000000000e+00 1.600000000000000089e+00 -1.669999999999999935e-04 4.699999999999999859e-04 -1.000000000000000000e+00 -1.393199999999999994e-02 -9.999029999999999863e-01 -4.679999999999999915e-04 -9.999029999999999863e-01 1.393199999999999994e-02 1.730000000000000038e-04
2.700000000000000000e+01 2.500000000000000000e+01 5.500000000000000000e+01 0.000000000000000000e+00 1.600000000000000089e+00 1.662999999999999982e-03 3.472999999999999959e-03 -9.999930000000000208e-01 -1.443200000000000038e-02 -9.998899999999999455e-01 -3.497000000000000108e-03 -9.998939999999999495e-01 1.443700000000000018e-02 -1.611999999999999935e-03
2.600000000000000000e+01 2.600000000000000000e+01 5.500000000000000000e+01 0.000000000000000000e+00 1.600000000000000089e+00 1.678000000000000021e-03 4.883000000000000188e-03 -9.999869999999999592e-01 -3.296299999999999925e-02 -9.994439999999999991e-01 -4.935000000000000150e-03 -9.994549999999999823e-01 3.297100000000000031e-02 -1.515999999999999986e-03
1.300000000000000000e+01 6.800000000000000000e+01 5.700000000000000000e+01 0.000000000000000000e+00 1.600000000000000089e+00 2.420000000000000005e-04 -4.954000000000000070e-03 -9.999879999999999880e-01 -2.416850000000000109e-01 -9.703429999999999556e-01 4.748999999999999749e-03 -9.703549999999999676e-01 2.416800000000000059e-01 -1.431999999999999896e-03
7.000000000000000000e+00 2.000000000000000000e+01 6.000000000000000000e+01 0.000000000000000000e+00 1.600000000000000089e+00 4.380000000000000213e-04 -8.833999999999999839e-03 9.999609999999999888e-01 -6.329400000000000304e-02 9.979559999999999542e-01 8.843999999999999431e-03 -9.979949999999999655e-01 -6.329500000000000404e-02 -1.219999999999999974e-04
1.400000000000000000e+01 2.100000000000000000e+01 6.000000000000000000e+01 0.000000000000000000e+00 1.600000000000000089e+00 -7.200000000000000453e-04 5.506999999999999743e-03 9.999850000000000128e-01 -9.526300000000000046e-02 9.954370000000000163e-01 -5.551000000000000378e-03 -9.954520000000000035e-01 -9.526600000000000346e-02 -1.930000000000000021e-04
2.000000000000000000e+01 2.100000000000000000e+01 6.000000000000000000e+01 0.000000000000000000e+00 1.600000000000000089e+00 7.190000000000000210e-04 -7.396999999999999929e-03 9.999719999999999720e-01 -9.669099999999999917e-02 9.952870000000000328e-01 7.432000000000000238e-03 -9.953140000000000320e-01 -9.669300000000000117e-02 0.000000000000000000e+00
2.400000000000000000e+01 2.100000000000000000e+01 6.000000000000000000e+01 0.000000000000000000e+00 1.600000000000000089e+00 1.685999999999999999e-03 -1.379000000000000017e-03 9.999980000000000535e-01 -9.718999999999999861e-02 9.952649999999999553e-01 1.536000000000000039e-03 -9.952640000000000375e-01 -9.719200000000000061e-02 1.544000000000000017e-03
2.800000000000000000e+01 2.100000000000000000e+01 6.000000000000000000e+01 0.000000000000000000e+00 1.600000000000000089e+00 -1.600999999999999993e-03 2.903000000000000198e-03 9.999949999999999672e-01 -9.542499999999999594e-02 9.954319999999999835e-01 -3.043000000000000132e-03 -9.954349999999999588e-01 -9.543000000000000094e-02 -1.317000000000000028e-03
7.000000000000000000e+00 6.700000000000000000e+01 6.000000000000000000e+01 0.000000000000000000e+00 1.600000000000000089e+00 -8.040000000000000271e-04 -3.941000000000000059e-03 9.999919999999999920e-01 1.735309999999999908e-01 -9.848209999999999464e-01 -3.740999999999999968e-03 9.848280000000000367e-01 1.735269999999999868e-01 1.476000000000000098e-03
1.500000000000000000e+01 6.700000000000000000e+01 6.000000000000000000e+01 0.000000000000000000e+00 1.600000000000000089e+00 -1.358000000000000049e-03 -3.184000000000000198e-03 9.999940000000000495e-01 1.749729999999999897e-01 -9.845690000000000275e-01 -2.896999999999999836e-03 9.845720000000000027e-01 1.749680000000000124e-01 1.894000000000000067e-03
2.700000000000000000e+01 3.000000000000000000e+00 6.300000000000000000e+01 0.000000000000000000e+00 1.600000000000000089e+00 -8.580000000000000387e-04 -5.673000000000000091e-03 9.999839999999999840e-01 -6.119280000000000275e-01 7.909030000000000227e-01 3.962000000000000244e-03 -7.909129999999999772e-01 -6.119149999999999867e-01 -4.150000000000000043e-03
9.000000000000000000e+00 2.700000000000000000e+01 6.300000000000000000e+01 0.000000000000000000e+00 1.600000000000000089e+00 -4.040000000000000080e-04 -7.510000000000000399e-04 1.000000000000000000e+00 -2.746290000000000120e-01 9.615500000000000158e-01 6.109999999999999980e-04 -9.615500000000000158e-01 -2.746290000000000120e-01 -5.940000000000000184e-04
1.400000000000000000e+01 2.700000000000000000e+01 6.300000000000000000e+01 0.000000000000000000e+00 1.600000000000000089e+00 -1.064999999999999974e-03 -2.098000000000000038e-03 9.999970000000000248e-01 -2.755279999999999951e-01 9.612920000000000353e-01 1.724000000000000055e-03 -9.612929999999999531e-01 -2.755250000000000199e-01 -1.601999999999999908e-03
2.400000000000000000e+01 2.700000000000000000e+01 6.300000000000000000e+01 0.000000000000000000e+00 1.600000000000000089e+00 1.773999999999999969e-03 -5.720000000000000258e-04 9.999980000000000535e-01 -2.747780000000000222e-01 9.615070000000000006e-01 1.036999999999999944e-03 -9.615059999999999718e-01 -2.747789999999999955e-01 1.547999999999999897e-03
2.900000000000000000e+01 2.700000000000000000e+01 6.300000000000000000e+01 0.000000000000000000e+00 1.600000000000000089e+00 -1.835999999999999958e-03 -1.399999999999999979e-05 9.999980000000000535e-01 -2.769800000000000040e-01 9.608750000000000346e-01 -4.949999999999999973e-04 -9.608740000000000059e-01 -2.769809999999999772e-01 -1.768000000000000040e-03
6.000000000000000000e+00 2.600000000000000000e+01 6.400000000000000000e+01 0.000000000000000000e+00 1.600000000000000089e+00 -7.999999999999999638e-06 -8.570000000000000144e-04 1.000000000000000000e+00 -3.648589999999999889e-01 9.310629999999999740e-01 7.950000000000000252e-04 -9.310629999999999740e-01 -3.648589999999999889e-01 -3.209999999999999963e-04
1.000000000000000000e+01 2.600000000000000000e+01 6.400000000000000000e+01 0.000000000000000000e+00 1.600000000000000089e+00 6.299999999999999990e-05 -1.361000000000000014e-03 9.999989999999999712e-01 -3.683660000000000267e-01 9.296799999999999509e-01 1.288999999999999998e-03 -9.296809999999999796e-01 -3.683660000000000267e-01 -4.429999999999999802e-04
1.400000000000000000e+01 2.600000000000000000e+01 6.400000000000000000e+01 0.000000000000000000e+00 1.600000000000000089e+00 -1.062000000000000010e-03 -1.583999999999999905e-03 9.999980000000000535e-01 -3.682849999999999735e-01 9.297119999999999829e-01 1.080999999999999930e-03 -9.297130000000000116e-01 -3.682830000000000270e-01 -1.570999999999999914e-03
2.400000000000000000e+01 2.600000000000000000e+01 6.400000000000000000e+01 0.000000000000000000e+00 1.600000000000000089e+00 2.354000000000000190e-03 1.510000000000000112e-04 9.999970000000000248e-01 -3.669769999999999976e-01 9.302300000000000013e-01 7.240000000000000342e-04 -9.302270000000000261e-01 -3.669780000000000264e-01 2.245000000000000034e-03
2.900000000000000000e+01 2.600000000000000000e+01 6.400000000000000000e+01 0.000000000000000000e+00 1.600000000000000089e+00 -2.333000000000000004e-03 9.749999999999999552e-04 9.999970000000000248e-01 -3.696909999999999918e-01 9.291530000000000067e-01 -1.768000000000000040e-03 -9.291519999999999779e-01 -3.696940000000000226e-01 -1.807999999999999928e-03
5.000000000000000000e+00 6.900000000000000000e+01 6.600000000000000000e+01 0.000000000000000000e+00 1.600000000000000089e+00 -1.162999999999999971e-03 -2.425000000000000072e-03 9.999959999999999960e-01 -9.549130000000000118e-01 2.968850000000000100e-01 -3.899999999999999929e-04 -2.968830000000000080e-01 -9.549100000000000366e-01 -2.661000000000000171e-03
1.800000000000000000e+01 6.900000000000000000e+01 6.600000000000000000e+01 0.000000000000000000e+00 1.600000000000000089e+00 1.598999999999999944e-03 1.330999999999999935e-03 9.999980000000000535e-01 -9.536670000000000424e-01 3.008609999999999896e-01 1.123999999999999999e-03 -3.008589999999999876e-01 -9.536670000000000424e-01 1.750999999999999952e-03
5.000000000000000000e+00 2.500000000000000000e+01 7.300000000000000000e+01 0.000000000000000000e+00 1.600000000000000089e+00 5.389999999999999826e-04 -4.029999999999999837e-04 1.000000000000000000e+00 7.549120000000000275e-01 -6.558249999999999913e-01 -6.719999999999999628e-04 6.558249999999999913e-01 7.549129999999999452e-01 -4.899999999999999842e-05
1.200000000000000000e+01 2.500000000000000000e+01 7.300000000000000000e+01 0.000000000000000000e+00 1.600000000000000089e+00 -7.150000000000000322e-04 1.123999999999999999e-03 9.999989999999999712e-01 7.572269999999999834e-01 -6.531500000000000083e-01 1.275000000000000092e-03 6.531510000000000371e-01 7.572269999999999834e-01 -3.840000000000000097e-04
1.700000000000000000e+01 2.500000000000000000e+01 7.300000000000000000e+01 0.000000000000000000e+00 1.600000000000000089e+00 1.644999999999999978e-03 1.224999999999999960e-03 9.999980000000000535e-01 7.573499999999999677e-01 -6.530089999999999506e-01 -4.459999999999999989e-04 6.530070000000000041e-01 7.573490000000000499e-01 -2.001999999999999873e-03
2.200000000000000000e+01 2.500000000000000000e+01 7.300000000000000000e+01 0.000000000000000000e+00 1.600000000000000089e+00 -3.980000000000000248e-04 4.899999999999999842e-04 1.000000000000000000e+00 7.583509999999999973e-01 -6.518469999999999542e-01 6.210000000000000242e-04 6.518469999999999542e-01 7.583509999999999973e-01 -1.119999999999999983e-04
2.900000000000000000e+01 2.500000000000000000e+01 7.300000000000000000e+01 0.000000000000000000e+00 1.600000000000000089e+00 -6.620000000000000450e-04 2.985999999999999939e-03 9.999949999999999672e-01 7.534480000000000066e-01 -6.575029999999999486e-01 2.462999999999999912e-03 6.575069999999999526e-01 7.534459999999999491e-01 -1.814000000000000074e-03
3.000000000000000000e+00 4.400000000000000000e+01 7.300000000000000000e+01 0.000000000000000000e+00 1.600000000000000089e+00 9.120000000000000502e-04 2.142999999999999940e-03 9.999970000000000248e-01 5.721299999999999997e-02 -9.983600000000000252e-01 2.086999999999999880e-03 9.983619999999999717e-01 5.721099999999999797e-02 -1.033000000000000064e-03
1.000000000000000000e+01 4.400000000000000000e+01 7.300000000000000000e+01 0.000000000000000000e+00 1.600000000000000089e+00 -6.199999999999999999e-04 -3.288999999999999823e-03 9.999940000000000495e-01 5.412200000000000344e-02 -9.985289999999999999e-01 -3.249999999999999851e-03 9.985340000000000327e-01 5.411900000000000044e-02 7.979999999999999897e-04
1.400000000000000000e+01 4.400000000000000000e+01 7.300000000000000000e+01 0.000000000000000000e+00 1.600000000000000089e+00 6.930000000000000396e-04 -2.618000000000000101e-03 9.999959999999999960e-01 5.392099999999999671e-02 -9.985420000000000407e-01 -2.651000000000000145e-03 9.985450000000000159e-01 5.392299999999999871e-02 -5.500000000000000331e-04
1.900000000000000000e+01 4.400000000000000000e+01 7.300000000000000000e+01 0.000000000000000000e+00 1.600000000000000089e+00 3.490000000000000263e-04 4.949999999999999973e-04 1.000000000000000000e+00 5.748799999999999744e-02 -9.983459999999999557e-01 4.739999999999999747e-04 9.983459999999999557e-01 5.748799999999999744e-02 -3.770000000000000022e-04
2.500000000000000000e+01 4.400000000000000000e+01 7.300000000000000000e+01 0.000000000000000000e+00 1.600000000000000089e+00 -5.619999999999999996e-04 -1.492999999999999969e-03 9.999989999999999712e-01 5.503799999999999665e-02 -9.984830000000000094e-01 -1.459999999999999926e-03 9.984840000000000382e-01 5.503700000000000259e-02 6.430000000000000169e-04
2.900000000000000000e+01 4.400000000000000000e+01 7.300000000000000000e+01 0.000000000000000000e+00 1.600000000000000089e+00 7.699999999999999597e-04 -1.172000000000000082e-03 9.999989999999999712e-01 5.531799999999999912e-02 -9.984680000000000222e-01 -1.213000000000000102e-03 9.984680000000000222e-01 5.531900000000000012e-02 -7.039999999999999817e-04
2.000000000000000000e+00 9.100000000000000000e+01 7.600000000000000000e+01 0.000000000000000000e+00 1.600000000000000089e+00 -1.943999999999999981e-03 -1.600000000000000077e-03 9.999970000000000248e-01 3.195589999999999820e-01 -9.475660000000000194e-01 -8.949999999999999623e-04 9.475649999999999906e-01 3.195560000000000067e-01 2.353000000000000057e-03
5.000000000000000000e+00 9.100000000000000000e+01 7.600000000000000000e+01 0.000000000000000000e+00 1.600000000000000089e+00 -2.269999999999999882e-04 -2.216999999999999787e-03 9.999970000000000248e-01 3.160000000000000031e-01 -9.487569999999999615e-01 -2.031999999999999952e-03 9.487590000000000190e-01 3.159980000000000011e-01 9.160000000000000390e-04
1.200000000000000000e+01 9.100000000000000000e+01 7.600000000000000000e+01 0.000000000000000000e+00 1.600000000000000089e+00 -2.118999999999999790e-03 1.291999999999999963e-03 9.999970000000000248e-01 3.114129999999999954e-01 -9.502730000000000343e-01 1.887999999999999921e-03 9.502720000000000056e-01 3.114160000000000261e-01 1.611999999999999935e-03
1.600000000000000000e+01 9.100000000000000000e+01 7.600000000000000000e+01 0.000000000000000000e+00 1.600000000000000089e+00 -2.689999999999999791e-04 -1.590999999999999966e-03 9.999989999999999712e-01 3.203309999999999769e-01 -9.473049999999999526e-01 -1.420999999999999954e-03 9.473059999999999814e-01 3.203300000000000036e-01 7.649999999999999465e-04
2.100000000000000000e+01 9.100000000000000000e+01 7.600000000000000000e+01 0.000000000000000000e+00 1.600000000000000089e+00 1.968999999999999830e-03 -9.319999999999999942e-04 9.999980000000000535e-01 3.195979999999999932e-01 -9.475519999999999499e-01 -1.512000000000000106e-03 9.475510000000000321e-01 3.195999999999999952e-01 -1.567999999999999949e-03
2.700000000000000000e+01 9.100000000000000000e+01 7.600000000000000000e+01 0.000000000000000000e+00 1.600000000000000089e+00 -2.462999999999999912e-03 -1.781999999999999947e-03 9.999949999999999672e-01 3.027320000000000011e-01 -9.530750000000000055e-01 -9.520000000000000467e-04 9.530729999999999480e-01 3.027279999999999971e-01 2.886999999999999809e-03
2.900000000000000000e+01 6.300000000000000000e+01 8.100000000000000000e+01 0.000000000000000000e+00 1.600000000000000089e+00 -1.621000000000000045e-03 9.695999999999999758e-03 9.999519999999999520e-01 2.907300000000000162e-02 -9.995300000000000296e-01 9.738999999999999393e-03 9.995760000000000201e-01 2.908699999999999827e-02 1.337999999999999997e-03
1.600000000000000000e+01 1.020000000000000000e+02 8.200000000000000000e+01 0.000000000000000000e+00 1.600000000000000089e+00 -9.030000000000000483e-04 -3.203999999999999817e-03 -9.999940000000000495e-01 -6.377650000000000263e-01 7.702290000000000525e-01 -1.892000000000000019e-03 7.702299999999999702e-01 6.377599999999999936e-01 -2.737999999999999982e-03
2.000000000000000000e+00 4.400000000000000000e+01 8.300000000000000000e+01 0.000000000000000000e+00 1.600000000000000089e+00 -4.850000000000000253e-04 -8.339999999999999974e-04 1.000000000000000000e+00 5.803129999999999677e-01 -8.143930000000000335e-01 -3.970000000000000005e-04 8.143930000000000335e-01 5.803129999999999677e-01 8.790000000000000070e-04
7.000000000000000000e+00 4.400000000000000000e+01 8.300000000000000000e+01 0.000000000000000000e+00 1.600000000000000089e+00 -1.299999999999999920e-05 -3.232000000000000064e-03 9.999949999999999672e-01 5.830170000000000075e-01 -8.124559999999999560e-01 -2.618999999999999800e-03 8.124599999999999600e-01 5.830140000000000322e-01 1.894999999999999983e-03
