5.000000000000000000e+00 2.500000000000000000e+01 1.000000000000000000e+00 0.000000000000000000e+00 1.600000000000000089e+00 -2.197999999999999867e-03 -2.680000000000000090e-04 -9.999970000000000248e-01 -5.321839999999999904e-01 -8.466280000000000472e-01 1.397000000000000021e-03 -8.466259999999999897e-01 5.321860000000000479e-01 1.717999999999999909e-03
9.000000000000000000e+00 2.500000000000000000e+01 1.000000000000000000e+00 0.000000000000000000e+00 1.600000000000000089e+00 -1.631999999999999987e-03 3.774000000000000011e-03 -9.999919999999999920e-01 -5.307570000000000343e-01 -8.475209999999999688e-01 -2.331999999999999872e-03 -8.475219999999999976e-01 5.307490000000000263e-01 3.386000000000000121e-03
1.600000000000000000e+01 2.500000000000000000e+01 1.000000000000000000e+00 0.000000000000000000e+00 1.600000000000000089e+00 -3.770000000000000022e-04 4.035999999999999657e-03 -9.999919999999999920e-01 -5.266699999999999715e-01 -8.500640000000000418e-01 -3.232000000000000064e-03 -8.500699999999999923e-01 5.266650000000000498e-01 2.445999999999999824e-03
2.700000000000000000e+01 2.500000000000000000e+01 1.000000000000000000e+00 0.000000000000000000e+00 1.600000000000000089e+00 -3.848999999999999991e-03 -4.588000000000000064e-03 -9.999820000000000375e-01 -5.229939999999999589e-01 -8.523159999999999625e-01 5.923999999999999579e-03 -8.523279999999999745e-01 5.230069999999999997e-01 8.809999999999999472e-04
5.000000000000000000e+00 1.500000000000000000e+01 4.000000000000000000e+00 0.000000000000000000e+00 1.600000000000000089e+00 -2.835999999999999979e-03 -2.952000000000000197e-03 9.999919999999999920e-01 3.143670000000000075e-01 -9.493000000000000327e-01 -1.910999999999999938e-03 9.492969999999999464e-01 3.143589999999999995e-01 3.621000000000000087e-03
8.000000000000000000e+00 1.500000000000000000e+01 4.000000000000000000e+00 0.000000000000000000e+00 1.600000000000000089e+00 -5.460000000000000443e-04 -2.269000000000000183e-03 9.999970000000000248e-01 3.129230000000000067e-01 -9.497769999999999824e-01 -1.984000000000000086e-03 9.497780000000000111e-01 3.129210000000000047e-01 1.229000000000000058e-03
1.800000000000000000e+01 1.500000000000000000e+01 4.000000000000000000e+00 0.000000000000000000e+00 1.600000000000000089e+00 -3.409999999999999945e-04 -5.814999999999999857e-03 9.999829999999999552e-01 3.105189999999999895e-01 -9.505519999999999525e-01 -5.421999999999999736e-03 9.505670000000000508e-01 3.105120000000000102e-01 2.128999999999999816e-03
2.500000000000000000e+01 1.500000000000000000e+01 4.000000000000000000e+00 0.000000000000000000e+00 1.600000000000000089e+00 3.177000000000000136e-03 -3.599999999999999901e-03 9.999879999999999880e-01 3.148730000000000140e-01 -9.491239999999999677e-01 -4.416999999999999919e-03 9.491290000000000004e-01 3.148830000000000240e-01 -1.881999999999999992e-03
3.000000000000000000e+01 1.500000000000000000e+01 4.000000000000000000e+00 0.000000000000000000e+00 1.600000000000000089e+00 -2.546999999999999785e-03 2.582999999999999793e-03 9.999930000000000208e-01 3.110370000000000079e-01 -9.503920000000000146e-01 3.248000000000000019e-03 9.503939999999999610e-01 3.110430000000000139e-01 1.616999999999999948e-03
1.400000000000000000e+01 1.600000000000000000e+01 4.000000000000000000e+00 0.000000000000000000e+00 1.600000000000000089e+00 -2.099999999999999870e-03 -5.747000000000000372e-03 9.999810000000000088e-01 3.864090000000000025e-01 -9.223160000000000247e-01 -4.488999999999999935e-03 9.223249999999999504e-01 3.863929999999999865e-01 4.158000000000000237e-03
1.600000000000000000e+01 1.010000000000000000e+02 7.000000000000000000e+00 0.000000000000000000e+00 1.600000000000000089e+00 -8.340000000000000191e-03 2.255400000000000113e-02 9.997110000000000163e-01 8.785079999999999556e-01 4.777150000000000007e-01 -3.448000000000000110e-03 -4.776549999999999963e-01 8.782250000000000334e-01 -2.379799999999999971e-02
2.300000000000000000e+01 1.010000000000000000e+02 7.000000000000000000e+00 0.000000000000000000e+00 1.600000000000000089e+00 3.566999999999999858e-03 -1.789999999999999870e-04 9.999940000000000495e-01 8.762950000000000461e-01 4.817649999999999988e-01 -3.039000000000000035e-03 -4.817620000000000235e-01 8.762999999999999678e-01 1.874999999999999931e-03
1.000000000000000000e+01 2.500000000000000000e+01 8.000000000000000000e+00 0.000000000000000000e+00 1.600000000000000089e+00 2.311999999999999819e-03 -1.240999999999999916e-03 -9.999970000000000248e-01 4.502459999999999796e-01 8.929049999999999487e-01 -6.799999999999999946e-05 8.929019999999999735e-01 -4.502439999999999776e-01 2.622999999999999898e-03
1.400000000000000000e+01 2.500000000000000000e+01 8.000000000000000000e+00 0.000000000000000000e+00 1.600000000000000089e+00 7.979999999999999897e-04 4.543000000000000163e-03 -9.999890000000000168e-01 4.493730000000000224e-01 8.933330000000000437e-01 4.416999999999999919e-03 8.933440000000000270e-01 -4.493719999999999937e-01 -1.327999999999999970e-03
1.700000000000000000e+01 2.500000000000000000e+01 8.000000000000000000e+00 0.000000000000000000e+00 1.600000000000000089e+00 8.679999999999999565e-04 6.491000000000000242e-03 -9.999789999999999512e-01 4.489139999999999797e-01 8.935530000000000417e-01 6.190000000000000190e-03 8.935739999999999794e-01 -4.489099999999999757e-01 -2.138000000000000143e-03
2.700000000000000000e+01 2.500000000000000000e+01 8.000000000000000000e+00 0.000000000000000000e+00 1.600000000000000089e+00 2.132999999999999913e-03 1.496300000000000061e-02 -9.998860000000000525e-01 4.487079999999999957e-01 8.935640000000000249e-01 1.432899999999999972e-02 8.936760000000000259e-01 -4.486870000000000025e-01 -4.807999999999999774e-03
4.000000000000000000e+00 2.400000000000000000e+01 9.000000000000000000e+00 0.000000000000000000e+00 1.600000000000000089e+00 2.341999999999999898e-03 -7.688000000000000389e-03 -9.999679999999999680e-01 4.546419999999999906e-01 8.906549999999999745e-01 -5.781999999999999813e-03 8.906709999999999905e-01 -4.546140000000000181e-01 5.581000000000000023e-03
7.000000000000000000e+00 2.400000000000000000e+01 9.000000000000000000e+00 0.000000000000000000e+00 1.600000000000000089e+00 2.194000000000000204e-03 1.134000000000000025e-03 -9.999970000000000248e-01 4.535629999999999939e-01 8.912219999999999587e-01 2.004999999999999838e-03 8.912219999999999587e-01 -4.535660000000000247e-01 1.441000000000000007e-03
9.000000000000000000e+00 2.400000000000000000e+01 9.000000000000000000e+00 0.000000000000000000e+00 1.600000000000000089e+00 2.299999999999999961e-03 2.100000000000000087e-04 -9.999970000000000248e-01 4.532499999999999862e-01 8.913830000000000364e-01 1.229999999999999974e-03 8.913809999999999789e-01 -4.532510000000000150e-01 1.955000000000000140e-03
1.300000000000000000e+01 2.400000000000000000e+01 9.000000000000000000e+00 0.000000000000000000e+00 1.600000000000000089e+00 1.193000000000000050e-03 3.856000000000000053e-03 -9.999919999999999920e-01 4.525730000000000031e-01 8.917180000000000106e-01 3.977999999999999765e-03 8.917260000000000186e-01 -4.525750000000000051e-01 -6.809999999999999647e-04
1.700000000000000000e+01 2.400000000000000000e+01 9.000000000000000000e+00 0.000000000000000000e+00 1.600000000000000089e+00 6.589999999999999721e-04 7.444000000000000096e-03 -9.999719999999999720e-01 4.513559999999999794e-01 8.923170000000000268e-01 6.939999999999999988e-03 8.923440000000000261e-01 -4.513480000000000270e-01 -2.772000000000000158e-03
2.100000000000000000e+01 2.400000000000000000e+01 9.000000000000000000e+00 0.000000000000000000e+00 1.600000000000000089e+00 2.135999999999999878e-03 -1.010000000000000020e-04 -9.999980000000000535e-01 4.518519999999999759e-01 8.920919999999999961e-01 8.750000000000000182e-04 8.920900000000000496e-01 -4.518530000000000046e-01 1.951000000000000043e-03
2.700000000000000000e+01 2.400000000000000000e+01 9.000000000000000000e+00 0.000000000000000000e+00 1.600000000000000089e+00 2.020000000000000094e-03 1.317100000000000042e-02 -9.999109999999999943e-01 4.519000000000000239e-01 8.919789999999999663e-01 1.266300000000000064e-02 8.920660000000000256e-01 -4.518860000000000099e-01 -4.150000000000000043e-03
1.000000000000000000e+00 4.000000000000000000e+00 1.100000000000000000e+01 0.000000000000000000e+00 1.600000000000000089e+00 4.219999999999999793e-03 5.744300000000000100e-02 -9.983400000000000052e-01 1.794310000000000072e-01 9.821020000000000305e-01 5.726699999999999846e-02 9.837609999999999966e-01 -1.793750000000000067e-01 -6.163000000000000075e-03
2.300000000000000000e+01 3.100000000000000000e+01 1.200000000000000000e+01 0.000000000000000000e+00 1.600000000000000089e+00 6.099999999999999872e-05 -1.729999999999999984e-03 9.999989999999999712e-01 -1.197499999999999953e-02 9.999270000000000103e-01 1.730999999999999900e-03 -9.999280000000000390e-01 -1.197499999999999953e-02 4.000000000000000327e-05
2.800000000000000000e+01 3.100000000000000000e+01 1.200000000000000000e+01 0.000000000000000000e+00 1.600000000000000089e+00 1.690000000000000096e-03 7.438000000000000167e-03 9.999710000000000543e-01 -1.239999999999999956e-02 9.998960000000000070e-01 -7.416999999999999982e-03 -9.999219999999999775e-01 -1.238799999999999971e-02 1.781999999999999947e-03
1.000000000000000000e+00 3.500000000000000000e+01 1.200000000000000000e+01 0.000000000000000000e+00 1.600000000000000089e+00 7.243999999999999571e-03 -4.584000000000000401e-03 -9.999630000000000463e-01 4.801679999999999837e-01 -8.771440000000000348e-01 7.499999999999999722e-03 -8.771470000000000100e-01 -4.802049999999999930e-01 -4.152000000000000308e-03
6.000000000000000000e+00 3.500000000000000000e+01 1.200000000000000000e+01 0.000000000000000000e+00 1.600000000000000089e+00 2.727999999999999956e-03 7.113000000000000399e-03 -9.999710000000000543e-01 5.084509999999999863e-01 -8.610780000000000101e-01 -4.738000000000000024e-03 -8.610860000000000181e-01 -5.084239999999999871e-01 -5.965999999999999949e-03
7.000000000000000000e+00 3.200000000000000000e+01 1.400000000000000000e+01 0.000000000000000000e+00 1.600000000000000089e+00 -1.226000000000000093e-03 6.319999999999999663e-04 -9.999989999999999712e-01 1.105069999999999941e-01 9.938749999999999529e-01 4.929999999999999487e-04 9.938749999999999529e-01 -1.105069999999999941e-01 -1.288000000000000082e-03
1.100000000000000000e+01 3.200000000000000000e+01 1.400000000000000000e+01 0.000000000000000000e+00 1.600000000000000089e+00 3.968000000000000173e-03 -5.858000000000000360e-03 -9.999749999999999472e-01 1.107609999999999983e-01 9.938320000000000487e-01 -5.382999999999999764e-03 9.938390000000000279e-01 -1.107370000000000021e-01 4.591999999999999728e-03
3.000000000000000000e+00 1.160000000000000000e+02 1.600000000000000000e+01 0.000000000000000000e+00 1.600000000000000089e+00 -1.685000000000000083e-03 3.739999999999999835e-04 9.999989999999999712e-01 7.230640000000000400e-01 6.907809999999999784e-01 9.600000000000000243e-04 -6.907790000000000319e-01 7.230640000000000400e-01 -1.433999999999999945e-03
4.000000000000000000e+00 2.000000000000000000e+00 1.900000000000000000e+01 0.000000000000000000e+00 1.600000000000000089e+00 8.335999999999999660e-03 -2.389700000000000157e-02 -9.996800000000000130e-01 1.905239999999999989e-01 -9.813629999999999853e-01 2.504800000000000082e-02 -9.816470000000000473e-01 -1.906720000000000081e-01 -3.628000000000000148e-03
8.000000000000000000e+00 2.000000000000000000e+00 1.900000000000000000e+01 0.000000000000000000e+00 1.600000000000000089e+00 3.857000000000000185e-03 -1.650099999999999831e-02 -9.998559999999999670e-01 1.827880000000000060e-01 -9.830069999999999641e-01 1.692799999999999860e-02 -9.831450000000000466e-01 -1.828269999999999895e-01 -7.749999999999999728e-04
1.500000000000000000e+01 2.000000000000000000e+00 1.900000000000000000e+01 0.000000000000000000e+00 1.600000000000000089e+00 -8.930000000000000221e-04 2.390000000000000089e-04 -1.000000000000000000e+00 1.782590000000000008e-01 -9.839839999999999698e-01 -3.939999999999999817e-04 -9.839830000000000521e-01 -1.782590000000000008e-01 8.369999999999999619e-04
2.200000000000000000e+01 2.000000000000000000e+00 1.900000000000000000e+01 0.000000000000000000e+00 1.600000000000000089e+00 -4.126000000000000327e-03 -4.945999999999999876e-03 -9.999789999999999512e-01 1.801470000000000016e-01 -9.836310000000000331e-01 4.121999999999999796e-03 -9.836310000000000331e-01 -1.801260000000000083e-01 4.949000000000000274e-03
2.900000000000000000e+01 2.000000000000000000e+00 1.900000000000000000e+01 0.000000000000000000e+00 1.600000000000000089e+00 -4.000000000000000192e-04 3.557999999999999965e-03 -9.999940000000000495e-01 1.804900000000000115e-01 -9.835700000000000554e-01 -3.572000000000000088e-03 -9.835770000000000346e-01 -1.804910000000000125e-01 -2.480000000000000108e-04
5.000000000000000000e+00 4.000000000000000000e+00 2.000000000000000000e+01 0.000000000000000000e+00 1.600000000000000089e+00 6.394000000000000378e-03 -1.371999999999999956e-02 -9.998850000000000238e-01 2.641560000000000019e-01 -9.643639999999999990e-01 1.492199999999999950e-02 -9.644589999999999552e-01 -2.642220000000000124e-01 -2.541999999999999989e-03
2.000000000000000000e+00 1.300000000000000000e+01 2.000000000000000000e+01 0.000000000000000000e+00 1.600000000000000089e+00 1.088999999999999907e-03 0.000000000000000000e+00 9.999989999999999712e-01 2.501700000000000035e-01 9.682020000000000071e-01 -2.730000000000000222e-04 -9.682009999999999783e-01 2.501700000000000035e-01 1.054000000000000032e-03
8.000000000000000000e+00 1.300000000000000000e+01 2.000000000000000000e+01 0.000000000000000000e+00 1.600000000000000089e+00 1.794000000000000022e-03 6.424000000000000023e-03 9.999780000000000335e-01 2.505060000000000064e-01 9.680919999999999526e-01 -6.668999999999999581e-03 -9.681130000000000013e-01 2.505129999999999857e-01 1.279999999999999942e-04
1.400000000000000000e+01 1.300000000000000000e+01 2.000000000000000000e+01 0.000000000000000000e+00 1.600000000000000089e+00 5.599999999999999916e-05 -1.392000000000000008e-03 9.999989999999999712e-01 2.511410000000000031e-01 9.679499999999999771e-01 1.333999999999999899e-03 -9.679510000000000058e-01 2.511399999999999744e-01 4.040000000000000080e-04
1.900000000000000000e+01 1.300000000000000000e+01 2.000000000000000000e+01 0.000000000000000000e+00 1.600000000000000089e+00 -5.540000000000000219e-04 1.981000000000000122e-03 9.999980000000000535e-01 2.503110000000000057e-01 9.681640000000000246e-01 -1.779999999999999898e-03 -9.681650000000000533e-01 2.503099999999999770e-01 -1.031999999999999931e-03
2.300000000000000000e+01 1.300000000000000000e+01 2.000000000000000000e+01 0.000000000000000000e+00 1.600000000000000089e+00 -6.173999999999999801e-03 -1.095400000000000020e-02 9.999209999999999487e-01 2.501970000000000027e-01 9.681189999999999518e-01 1.215100000000000034e-02 -9.681750000000000078e-01 2.502519999999999745e-01 -3.236000000000000161e-03
2.900000000000000000e+01 1.300000000000000000e+01 2.000000000000000000e+01 0.000000000000000000e+00 1.600000000000000089e+00 -1.248999999999999893e-03 -4.172999999999999626e-03 9.999909999999999632e-01 2.530709999999999904e-01 9.674380000000000202e-01 4.353000000000000098e-03 -9.674469999999999459e-01 2.530740000000000212e-01 -1.530000000000000056e-04
3.000000000000000000e+00 1.600000000000000000e+01 2.100000000000000000e+01 0.000000000000000000e+00 1.600000000000000089e+00 1.270000000000000078e-03 2.454000000000000018e-03 9.999959999999999960e-01 2.982580000000000231e-01 9.544810000000000239e-01 -2.720999999999999894e-03 -9.544839999999999991e-01 2.982609999999999983e-01 4.800000000000000122e-04
9.000000000000000000e+00 1.600000000000000000e+01 2.100000000000000000e+01 0.000000000000000000e+00 1.600000000000000089e+00 1.600999999999999993e-03 5.216000000000000150e-03 9.999850000000000128e-01 2.978819999999999801e-01 9.545869999999999633e-01 -5.455999999999999912e-03 -9.546010000000000328e-01 2.978870000000000129e-01 -2.500000000000000120e-05
1.800000000000000000e+01 1.600000000000000000e+01 2.100000000000000000e+01 0.000000000000000000e+00 1.600000000000000089e+00 9.000000000000000228e-06 6.340000000000000149e-04 1.000000000000000000e+00 2.966860000000000053e-01 9.549750000000000183e-01 -6.080000000000000335e-04 -9.549750000000000183e-01 2.966860000000000053e-01 -1.800000000000000113e-04
2.300000000000000000e+01 1.600000000000000000e+01 2.100000000000000000e+01 0.000000000000000000e+00 1.600000000000000089e+00 -6.603000000000000362e-03 -1.036499999999999921e-02 9.999240000000000350e-01 2.973979999999999957e-01 9.546799999999999731e-01 1.186000000000000075e-02 -9.547309999999999963e-01 2.974530000000000229e-01 -3.220999999999999905e-03
2.800000000000000000e+01 1.600000000000000000e+01 2.100000000000000000e+01 0.000000000000000000e+00 1.600000000000000089e+00 -1.443999999999999971e-03 -4.395999999999999734e-03 9.999890000000000168e-01 2.988439999999999985e-01 9.542910000000000004e-01 4.627000000000000036e-03 -9.543009999999999549e-01 2.988469999999999738e-01 -6.399999999999999710e-05
1.200000000000000000e+01 3.000000000000000000e+00 2.500000000000000000e+01 0.000000000000000000e+00 1.600000000000000089e+00 -1.900999999999999912e-03 5.105000000000000163e-03 9.999850000000000128e-01 -2.945199999999999901e-02 -9.995530000000000248e-01 5.047000000000000271e-03 9.995640000000000081e-01 -2.944199999999999942e-02 2.050000000000000173e-03
2.500000000000000000e+01 3.000000000000000000e+00 2.500000000000000000e+01 0.000000000000000000e+00 1.600000000000000089e+00 8.829000000000000042e-03 -5.974000000000000143e-03 9.999430000000000263e-01 -3.450399999999999995e-02 -9.993889999999999718e-01 -5.666000000000000029e-03 9.993659999999999766e-01 -3.445200000000000345e-02 -9.029999999999999832e-03
1.500000000000000000e+01 4.600000000000000000e+01 2.700000000000000000e+01 0.000000000000000000e+00 1.600000000000000089e+00 8.099999999999999561e-04 -2.828999999999999918e-03 -9.999959999999999960e-01 6.762089999999999490e-01 7.367080000000000295e-01 -1.536000000000000039e-03 7.367089999999999472e-01 -6.762049999999999450e-01 2.508999999999999946e-03
1.200000000000000000e+01 4.600000000000000000e+01 3.000000000000000000e+01 0.000000000000000000e+00 1.600000000000000089e+00 9.700000000000000505e-04 -9.539999999999999869e-04 -9.999989999999999712e-01 3.424039999999999861e-01 9.395529999999999715e-01 -5.640000000000000482e-04 9.395520000000000538e-01 -3.424030000000000129e-01 1.237999999999999951e-03
2.700000000000000000e+01 4.600000000000000000e+01 3.000000000000000000e+01 0.000000000000000000e+00 1.600000000000000089e+00 8.850000000000000444e-04 -6.570000000000000319e-04 -9.999989999999999712e-01 3.302959999999999785e-01 9.438769999999999660e-01 -3.280000000000000038e-04 9.438769999999999660e-01 -3.302959999999999785e-01 1.051999999999999984e-03
5.000000000000000000e+00 5.800000000000000000e+01 3.100000000000000000e+01 0.000000000000000000e+00 1.600000000000000089e+00 2.456999999999999983e-03 6.909999999999999910e-04 9.999970000000000248e-01 -7.734299999999999509e-01 -6.338770000000000238e-01 2.337999999999999801e-03 6.338770000000000238e-01 -7.734330000000000371e-01 -1.023000000000000038e-03
8.000000000000000000e+00 5.800000000000000000e+01 3.100000000000000000e+01 0.000000000000000000e+00 1.600000000000000089e+00 -5.527999999999999928e-03 -6.405000000000000103e-03 9.999639999999999640e-01 -7.779850000000000376e-01 -6.282269999999999799e-01 -8.325000000000000802e-03 6.282579999999999831e-01 -7.780030000000000001e-01 -1.510000000000000057e-03
1.200000000000000000e+01 5.800000000000000000e+01 3.100000000000000000e+01 0.000000000000000000e+00 1.600000000000000089e+00 -7.621000000000000170e-03 -1.021599999999999939e-02 9.999190000000000023e-01 -7.830819999999999448e-01 -6.217970000000000441e-01 -1.232100000000000035e-02 6.218719999999999803e-01 -7.831120000000000303e-01 -3.261000000000000010e-03
1.600000000000000000e+01 5.800000000000000000e+01 3.100000000000000000e+01 0.000000000000000000e+00 1.600000000000000089e+00 -3.494000000000000144e-03 -3.579999999999999741e-04 9.999940000000000495e-01 -7.877880000000000438e-01 -6.159400000000000430e-01 -2.972999999999999948e-03 6.159369999999999568e-01 -7.877929999999999655e-01 1.869999999999999917e-03
2.600000000000000000e+01 5.800000000000000000e+01 3.100000000000000000e+01 0.000000000000000000e+00 1.600000000000000089e+00 1.440000000000000091e-03 3.776999999999999975e-03 9.999919999999999920e-01 -7.901439999999999575e-01 -6.129120000000000124e-01 3.452999999999999906e-03 6.129200000000000204e-01 -7.901420000000000110e-01 2.102000000000000136e-03
2.900000000000000000e+01 5.800000000000000000e+01 3.100000000000000000e+01 0.000000000000000000e+00 1.600000000000000089e+00 2.350000000000000092e-03 6.735999999999999800e-03 9.999740000000000295e-01 -7.898049999999999793e-01 -6.133290000000000131e-01 5.987000000000000134e-03 6.133539999999999548e-01 -7.897990000000000288e-01 3.879000000000000069e-03
6.000000000000000000e+00 4.600000000000000000e+01 3.500000000000000000e+01 0.000000000000000000e+00 1.600000000000000089e+00 1.293000000000000095e-03 3.331000000000000193e-03 -9.999940000000000495e-01 3.911399999999999877e-01 -9.203270000000000062e-01 -2.559000000000000077e-03 -9.203299999999999814e-01 -3.911350000000000104e-01 -2.492999999999999990e-03
1.100000000000000000e+01 4.600000000000000000e+01 3.500000000000000000e+01 0.000000000000000000e+00 1.600000000000000089e+00 -4.070000000000000267e-04 4.099999999999999912e-04 -1.000000000000000000e+00 3.917109999999999759e-01 -9.200880000000000170e-01 -5.370000000000000424e-04 -9.200880000000000170e-01 -3.917109999999999759e-01 2.130000000000000003e-04
2.000000000000000000e+01 4.600000000000000000e+01 3.500000000000000000e+01 0.000000000000000000e+00 1.600000000000000089e+00 3.000000000000000076e-05 3.052000000000000025e-03 -9.999949999999999672e-01 3.905219999999999803e-01 -9.205889999999999906e-01 -2.798000000000000140e-03 -9.205940000000000234e-01 -3.905199999999999783e-01 -1.219000000000000031e-03
2.400000000000000000e+01 4.600000000000000000e+01 3.500000000000000000e+01 0.000000000000000000e+00 1.600000000000000089e+00 -2.379000000000000038e-03 1.672000000000000092e-03 -9.999959999999999960e-01 3.894929999999999781e-01 -9.210260000000000113e-01 -2.465999999999999876e-03 -9.210260000000000113e-01 -3.894969999999999821e-01 1.539999999999999919e-03
3.000000000000000000e+00 9.500000000000000000e+01 3.600000000000000000e+01 0.000000000000000000e+00 1.600000000000000089e+00 1.350499999999999964e-02 -4.899999999999999842e-04 9.999090000000000478e-01 9.967679999999999874e-01 7.920900000000000163e-02 -1.342400000000000017e-02 -7.919600000000000251e-02 9.968580000000000219e-01 1.559000000000000056e-03
1.400000000000000000e+01 9.500000000000000000e+01 3.600000000000000000e+01 0.000000000000000000e+00 1.600000000000000089e+00 -3.510800000000000032e-02 -4.830700000000000272e-02 9.982149999999999634e-01 9.973309999999999675e-01 6.229099999999999915e-02 3.809099999999999986e-02 -6.401999999999999358e-02 9.968879999999999963e-01 4.599099999999999716e-02
2.400000000000000000e+01 9.500000000000000000e+01 3.600000000000000000e+01 0.000000000000000000e+00 1.600000000000000089e+00 1.648300000000000112e-02 1.537999999999999957e-02 9.997460000000000235e-01 9.981860000000000177e-01 5.765599999999999892e-02 -1.734399999999999831e-02 -5.790800000000000114e-02 9.982180000000000497e-01 -1.440199999999999987e-02
2.000000000000000000e+00 3.000000000000000000e+00 4.300000000000000000e+01 0.000000000000000000e+00 1.600000000000000089e+00 -4.209999999999999875e-04 -4.902000000000000107e-03 -9.999879999999999880e-01 7.406369999999999898e-01 -6.718990000000000240e-01 2.981000000000000143e-03 -6.719049999999999745e-01 -7.406270000000000353e-01 3.912999999999999812e-03
2.600000000000000000e+01 3.000000000000000000e+00 4.300000000000000000e+01 0.000000000000000000e+00 1.600000000000000089e+00 -1.572999999999999962e-03 -1.900000000000000105e-04 -9.999989999999999712e-01 7.421170000000000266e-01 -6.702690000000000037e-01 -1.039999999999999909e-03 -6.702679999999999749e-01 -7.421180000000000554e-01 1.195000000000000099e-03
1.000000000000000000e+00 6.500000000000000000e+01 4.600000000000000000e+01 0.000000000000000000e+00 1.600000000000000089e+00 -1.587000000000000086e-03 -2.671999999999999896e-03 9.999949999999999672e-01 6.805130000000000345e-01 -7.327350000000000252e-01 -8.779999999999999827e-04 7.327339999999999964e-01 6.805080000000000018e-01 2.981000000000000143e-03
1.500000000000000000e+01 6.500000000000000000e+01 4.600000000000000000e+01 0.000000000000000000e+00 1.600000000000000089e+00 1.631999999999999987e-03 1.013000000000000012e-03 9.999980000000000535e-01 6.797720000000000429e-01 -7.334230000000000471e-01 -3.669999999999999760e-04 7.334209999999999896e-01 6.797720000000000429e-01 -1.886000000000000090e-03
2.100000000000000000e+01 6.500000000000000000e+01 4.600000000000000000e+01 0.000000000000000000e+00 1.600000000000000089e+00 3.677999999999999846e-03 -1.209000000000000005e-03 9.999919999999999920e-01 6.798250000000000126e-01 -7.333669999999999911e-01 -3.386999999999999820e-03 7.333650000000000446e-01 6.798319999999999919e-01 -1.876000000000000063e-03
5.000000000000000000e+00 2.100000000000000000e+01 4.800000000000000000e+01 0.000000000000000000e+00 1.600000000000000089e+00 -2.422999999999999807e-03 -3.942000000000000191e-03 -9.999890000000000168e-01 3.042170000000000152e-01 9.525919999999999943e-01 -4.492000000000000333e-03 9.526000000000000023e-01 -3.042250000000000232e-01 -1.108999999999999960e-03
1.900000000000000000e+01 7.000000000000000000e+00 5.200000000000000000e+01 0.000000000000000000e+00 1.600000000000000089e+00 -3.526000000000000054e-03 -6.639999999999999852e-04 -9.999940000000000495e-01 8.307299999999999407e-02 -9.965429999999999566e-01 3.680000000000000003e-04 -9.965370000000000061e-01 -8.307100000000000595e-02 3.569000000000000124e-03
2.200000000000000000e+01 7.000000000000000000e+00 5.200000000000000000e+01 0.000000000000000000e+00 1.600000000000000089e+00 2.484999999999999796e-03 6.139999999999999625e-03 -9.999780000000000335e-01 8.252700000000000313e-02 -9.965709999999999846e-01 -5.913999999999999986e-03 -9.965859999999999719e-01 -8.251100000000000101e-02 -2.982999999999999974e-03
1.600000000000000000e+01 5.800000000000000000e+01 5.200000000000000000e+01 0.000000000000000000e+00 1.600000000000000089e+00 -2.799999999999999958e-05 -4.253999999999999969e-03 9.999909999999999632e-01 -6.253370000000000317e-01 7.803480000000000416e-01 3.302999999999999946e-03 -7.803550000000000209e-01 -6.253309999999999702e-01 -2.681999999999999922e-03
2.000000000000000000e+00 6.300000000000000000e+01 5.400000000000000000e+01 0.000000000000000000e+00 1.600000000000000089e+00 4.388999999999999672e-03 5.585999999999999820e-03 9.999749999999999472e-01 -3.833679999999999866e-01 9.235889999999999933e-01 -3.477000000000000056e-03 -9.235849999999999893e-01 -3.833429999999999893e-01 6.194999999999999986e-03
1.300000000000000000e+01 6.300000000000000000e+01 5.400000000000000000e+01 0.000000000000000000e+00 1.600000000000000089e+00 -3.981000000000000164e-03 -1.269099999999999916e-02 9.999120000000000230e-01 -3.927149999999999808e-01 9.196050000000000058e-01 1.010800000000000066e-02 -9.196509999999999962e-01 -3.926399999999999890e-01 -8.644999999999999907e-03
1.600000000000000000e+01 6.300000000000000000e+01 5.400000000000000000e+01 0.000000000000000000e+00 1.600000000000000089e+00 -3.710000000000000190e-03 -7.226999999999999917e-03 9.999670000000000503e-01 -3.758159999999999834e-01 9.266790000000000305e-01 5.303000000000000422e-03 -9.266870000000000385e-01 -3.757840000000000069e-01 -6.154999999999999881e-03
1.900000000000000000e+01 6.300000000000000000e+01 5.400000000000000000e+01 0.000000000000000000e+00 1.600000000000000089e+00 -1.291000000000000047e-03 2.233999999999999875e-03 9.999970000000000248e-01 -3.667730000000000157e-01 9.303069999999999951e-01 -2.552000000000000015e-03 -9.303099999999999703e-01 -3.667750000000000177e-01 -3.820000000000000153e-04
2.400000000000000000e+01 6.300000000000000000e+01 5.400000000000000000e+01 0.000000000000000000e+00 1.600000000000000089e+00 5.899999999999999754e-05 3.112999999999999882e-03 9.999949999999999672e-01 -3.645700000000000052e-01 9.311719999999999997e-01 -2.876999999999999783e-03 -9.311760000000000037e-01 -3.645680000000000032e-01 1.190000000000000085e-03
2.000000000000000000e+00 2.500000000000000000e+01 5.500000000000000000e+01 0.000000000000000000e+00 1.600000000000000089e+00 -1.060099999999999931e-02 -2.267710000000000004e-01 9.738900000000000334e-01 1.000799999999999954e-02 9.738719999999999599e-01 2.268759999999999943e-01 -9.998939999999999495e-01 1.215199999999999961e-02 -8.054999999999999660e-03
3.000000000000000000e+00 2.600000000000000000e+01 5.500000000000000000e+01 0.000000000000000000e+00 1.600000000000000089e+00 -1.179299999999999966e-02 -2.887779999999999792e-01 9.573230000000000350e-01 -4.427999999999999645e-03 9.573960000000000248e-01 2.887460000000000027e-01 -9.999209999999999487e-01 -8.339999999999999974e-04 -1.256900000000000031e-02
2.200000000000000000e+01 2.600000000000000000e+01 5.500000000000000000e+01 0.000000000000000000e+00 1.600000000000000089e+00 1.449999999999999900e-03 -1.247999999999999977e-03 -9.999980000000000535e-01 -4.309799999999999742e-02 -9.990700000000000136e-01 1.183999999999999940e-03 -9.990700000000000136e-01 4.309700000000000336e-02 -1.502000000000000080e-03
5.000000000000000000e+00 2.100000000000000000e+01 6.000000000000000000e+01 0.000000000000000000e+00 1.600000000000000089e+00 1.075999999999999917e-03 1.905999999999999925e-03 9.999980000000000535e-01 -9.529500000000000470e-02 9.954479999999999995e-01 -1.794999999999999938e-03 -9.954490000000000283e-01 -9.529200000000000170e-02 1.252999999999999991e-03
1.000000000000000000e+01 2.100000000000000000e+01 6.000000000000000000e+01 0.000000000000000000e+00 1.600000000000000089e+00 -3.750000000000000078e-04 4.530000000000000064e-04 1.000000000000000000e+00 -9.313299999999999357e-02 9.956540000000000390e-01 -4.859999999999999954e-04 -9.956540000000000390e-01 -9.313299999999999357e-02 -3.310000000000000225e-04
1.400000000000000000e+01 2.100000000000000000e+01 6.000000000000000000e+01 0.000000000000000000e+00 1.600000000000000089e+00 -3.800000000000000209e-04 2.380000000000000117e-04 1.000000000000000000e+00 -9.413900000000000046e-02 9.955589999999999717e-01 -2.719999999999999979e-04 -9.955589999999999717e-01 -9.413900000000000046e-02 -3.559999999999999797e-04
1.900000000000000000e+01 2.100000000000000000e+01 6.000000000000000000e+01 0.000000000000000000e+00 1.600000000000000089e+00 -6.660000000000000338e-04 -2.236000000000000140e-03 9.999970000000000248e-01 -9.475799999999999501e-02 9.954979999999999940e-01 2.162999999999999992e-03 -9.955000000000000515e-01 -9.475600000000000689e-02 -8.750000000000000182e-04
2.400000000000000000e+01 2.100000000000000000e+01 6.000000000000000000e+01 0.000000000000000000e+00 1.600000000000000089e+00 -7.630000000000000063e-04 -1.297999999999999892e-03 9.999989999999999712e-01 -9.526400000000000146e-02 9.954509999999999748e-01 1.219999999999999947e-03 -9.954520000000000035e-01 -9.526300000000000046e-02 -8.829999999999999958e-04
2.800000000000000000e+01 2.100000000000000000e+01 6.000000000000000000e+01 0.000000000000000000e+00 1.600000000000000089e+00 3.840000000000000097e-04 3.890999999999999927e-03 9.999919999999999920e-01 -9.548500000000000043e-02 9.954229999999999468e-01 -3.837000000000000133e-03 -9.954309999999999548e-01 -9.548299999999999843e-02 7.540000000000000044e-04
2.000000000000000000e+01 6.700000000000000000e+01 6.000000000000000000e+01 0.000000000000000000e+00 1.600000000000000089e+00 -6.909999999999999910e-04 -4.093000000000000284e-03 9.999909999999999632e-01 1.807709999999999873e-01 -9.835180000000000033e-01 -3.899999999999999821e-03 9.835249999999999826e-01 1.807660000000000100e-01 1.418999999999999906e-03
6.000000000000000000e+00 2.700000000000000000e+01 6.300000000000000000e+01 0.000000000000000000e+00 1.600000000000000089e+00 1.262000000000000101e-03 5.253999999999999990e-03 9.999850000000000128e-01 -2.809280000000000110e-01 9.597179999999999600e-01 -4.688000000000000327e-03 -9.597280000000000255e-01 -2.809169999999999723e-01 2.687000000000000152e-03
9.000000000000000000e+00 2.700000000000000000e+01 6.300000000000000000e+01 0.000000000000000000e+00 1.600000000000000089e+00 6.740000000000000114e-04 1.239000000000000084e-03 9.999989999999999712e-01 -2.801199999999999801e-01 9.599649999999999572e-01 -1.000999999999999937e-03 -9.599649999999999572e-01 -2.801190000000000069e-01 9.940000000000000918e-04
2.000000000000000000e+01 2.700000000000000000e+01 6.300000000000000000e+01 0.000000000000000000e+00 1.600000000000000089e+00 -1.515999999999999986e-03 -1.332000000000000068e-03 9.999980000000000535e-01 -2.790679999999999827e-01 9.602709999999999857e-01 8.549999999999999658e-04 -9.602699999999999569e-01 -2.790670000000000095e-01 -1.827999999999999981e-03
2.600000000000000000e+01 2.700000000000000000e+01 6.300000000000000000e+01 0.000000000000000000e+00 1.600000000000000089e+00 5.199999999999999680e-05 1.958999999999999804e-03 9.999980000000000535e-01 -2.801790000000000114e-01 9.599459999999999660e-01 -1.866000000000000037e-03 -9.599480000000000235e-01 -2.801779999999999826e-01 5.990000000000000316e-04
3.000000000000000000e+00 4.400000000000000000e+01 6.300000000000000000e+01 0.000000000000000000e+00 1.600000000000000089e+00 -3.373000000000000130e-03 6.885999999999999760e-03 -9.999710000000000543e-01 -6.409019999999999717e-01 -7.676169999999999938e-01 -3.124000000000000041e-03 -7.676159999999999650e-01 6.408719999999999972e-01 7.002000000000000411e-03
9.000000000000000000e+00 4.400000000000000000e+01 6.300000000000000000e+01 0.000000000000000000e+00 1.600000000000000089e+00 1.974000000000000060e-03 2.442400000000000126e-02 -9.997000000000000330e-01 -6.362219999999999542e-01 -7.712449999999999584e-01 -2.009899999999999881e-02 -7.715039999999999676e-01 6.360700000000000243e-01 1.401699999999999995e-02
1.200000000000000000e+01 4.400000000000000000e+01 6.300000000000000000e+01 0.000000000000000000e+00 1.600000000000000089e+00 4.938999999999999814e-03 1.961399999999999949e-02 -9.997949999999999893e-01 -6.366239999999999677e-01 -7.709580000000000322e-01 -1.827000000000000152e-02 -7.711590000000000389e-01 6.365840000000000387e-01 8.678999999999999215e-03
1.800000000000000000e+01 4.400000000000000000e+01 6.300000000000000000e+01 0.000000000000000000e+00 1.600000000000000089e+00 -7.690000000000000438e-04 1.350000000000000071e-03 -9.999989999999999712e-01 -6.506579999999999586e-01 -7.593710000000000182e-01 -5.249999999999999676e-04 -7.593710000000000182e-01 6.506560000000000121e-01 1.461999999999999975e-03
2.300000000000000000e+01 4.400000000000000000e+01 6.300000000000000000e+01 0.000000000000000000e+00 1.600000000000000089e+00 2.889999999999999774e-04 1.235699999999999993e-02 -9.999240000000000350e-01 -6.599129999999999718e-01 -7.512820000000000054e-01 -9.475000000000000783e-03 -7.513419999999999543e-01 6.598650000000000349e-01 7.938000000000000611e-03
2.900000000000000000e+01 4.400000000000000000e+01 6.300000000000000000e+01 0.000000000000000000e+00 1.600000000000000089e+00 -2.271000000000000015e-03 -6.185000000000000393e-03 -9.999780000000000335e-01 -6.658209999999999962e-01 -7.460860000000000269e-01 6.126999999999999634e-03 -7.461079999999999934e-01 6.658199999999999674e-01 -2.422999999999999807e-03
1.000000000000000000e+00 2.600000000000000000e+01 6.400000000000000000e+01 0.000000000000000000e+00 1.600000000000000089e+00 1.234999999999999987e-03 7.322000000000000383e-03 9.999719999999999720e-01 -3.680680000000000063e-01 9.297769999999999646e-01 -6.353000000000000140e-03 -9.297980000000000134e-01 -3.680499999999999883e-01 3.843000000000000062e-03
5.000000000000000000e+00 2.600000000000000000e+01 6.400000000000000000e+01 0.000000000000000000e+00 1.600000000000000089e+00 2.869999999999999830e-04 4.877000000000000259e-03 9.999879999999999880e-01 -3.675309999999999966e-01 9.300009999999999666e-01 -4.429999999999999910e-03 -9.300110000000000321e-01 -3.675249999999999906e-01 2.059000000000000066e-03
9.000000000000000000e+00 2.600000000000000000e+01 6.400000000000000000e+01 0.000000000000000000e+00 1.600000000000000089e+00 6.920000000000000153e-04 1.235999999999999903e-03 9.999989999999999712e-01 -3.694189999999999974e-01 9.292620000000000324e-01 -8.930000000000000221e-04 -9.292629999999999502e-01 -3.694180000000000241e-01 1.098999999999999934e-03
1.500000000000000000e+01 2.600000000000000000e+01 6.400000000000000000e+01 0.000000000000000000e+00 1.600000000000000089e+00 -7.789999999999999616e-04 -3.311000000000000141e-03 9.999940000000000495e-01 -3.683739999999999792e-01 9.296740000000000004e-01 2.791000000000000078e-03 -9.296769999999999756e-01 -3.683690000000000020e-01 -1.943000000000000066e-03
2.200000000000000000e+01 2.600000000000000000e+01 6.400000000000000000e+01 0.000000000000000000e+00 1.600000000000000089e+00 -2.266999999999999918e-03 -1.662999999999999982e-03 9.999959999999999960e-01 -3.720379999999999798e-01 9.282169999999999588e-01 6.999999999999999929e-04 -9.282150000000000123e-01 -3.720350000000000046e-01 -2.723000000000000160e-03
2.600000000000000000e+01 2.600000000000000000e+01 6.400000000000000000e+01 0.000000000000000000e+00 1.600000000000000089e+00 -7.219999999999999855e-04 3.017999999999999849e-03 9.999949999999999672e-01 -3.737730000000000219e-01 9.275149999999999784e-01 -3.069000000000000113e-03 -9.275200000000000111e-01 -3.737730000000000219e-01 4.580000000000000195e-04
4.000000000000000000e+00 3.100000000000000000e+01 7.100000000000000000e+01 0.000000000000000000e+00 1.600000000000000089e+00 4.950999999999999672e-03 -1.928999999999999942e-03 -9.999860000000000415e-01 -7.299489999999999590e-01 -6.834980000000000500e-01 -2.295999999999999864e-03 -6.834839999999999804e-01 7.299499999999999877e-01 -4.793000000000000385e-03
1.000000000000000000e+00 4.400000000000000000e+01 7.300000000000000000e+01 0.000000000000000000e+00 1.600000000000000089e+00 7.399999999999999623e-05 -1.260999999999999968e-03 9.999989999999999712e-01 5.419100000000000306e-02 -9.985300000000000287e-01 -1.263000000000000017e-03 9.985309999999999464e-01 5.419100000000000306e-02 -5.000000000000000409e-06
7.000000000000000000e+00 4.400000000000000000e+01 7.300000000000000000e+01 0.000000000000000000e+00 1.600000000000000089e+00 1.505999999999999960e-03 5.599999999999999943e-03 9.999829999999999552e-01 5.605500000000000066e-02 -9.984119999999999662e-01 5.505999999999999610e-03 9.984260000000000357e-01 5.604599999999999860e-02 -1.817999999999999955e-03
1.100000000000000000e+01 4.400000000000000000e+01 7.300000000000000000e+01 0.000000000000000000e+00 1.600000000000000089e+00 -3.559999999999999797e-04 1.752000000000000085e-03 9.999980000000000535e-01 5.681300000000000239e-02 -9.983830000000000204e-01 1.768999999999999956e-03 9.983849999999999669e-01 5.681400000000000339e-02 2.550000000000000183e-04
1.700000000000000000e+01 4.400000000000000000e+01 7.300000000000000000e+01 0.000000000000000000e+00 1.600000000000000089e+00 8.149999999999999693e-04 4.085000000000000089e-03 9.999909999999999632e-01 5.778799999999999909e-02 -9.983210000000000139e-01 4.030999999999999861e-03 9.983290000000000219e-01 5.778400000000000203e-02 -1.049999999999999935e-03
2.000000000000000000e+01 4.400000000000000000e+01 7.300000000000000000e+01 0.000000000000000000e+00 1.600000000000000089e+00 1.185999999999999988e-03 4.257999999999999632e-03 9.999900000000000455e-01 5.974999999999999756e-02 -9.982050000000000090e-01 4.179999999999999688e-03 9.982130000000000170e-01 5.974399999999999850e-02 -1.438000000000000042e-03
