1.700000000000000000e+01 1.600000000000000000e+01 4.000000000000000000e+00 0.000000000000000000e+00 1.600000000000000089e+00 -2.491000000000000159e-03 1.428000000000000016e-03 9.999959999999999960e-01 4.564719999999999889e-01 -8.897340000000000249e-01 2.407999999999999984e-03 8.897340000000000249e-01 4.564759999999999929e-01 1.564999999999999985e-03
1.000000000000000000e+01 1.010000000000000000e+02 7.000000000000000000e+00 0.000000000000000000e+00 1.600000000000000089e+00 -3.049999999999999868e-04 -3.628999999999999847e-03 9.999930000000000208e-01 8.856559999999999988e-01 4.643369999999999997e-01 1.955999999999999839e-03 -4.643410000000000037e-01 8.856509999999999661e-01 3.072000000000000078e-03
1.500000000000000000e+01 1.010000000000000000e+02 7.000000000000000000e+00 0.000000000000000000e+00 1.600000000000000089e+00 -1.191999999999999917e-03 -7.145999999999999575e-03 9.999740000000000295e-01 8.858340000000000103e-01 4.639820000000000055e-01 4.372000000000000018e-03 -4.640009999999999968e-01 8.858160000000000478e-01 5.777000000000000017e-03
2.000000000000000000e+00 1.500000000000000000e+01 8.000000000000000000e+00 0.000000000000000000e+00 1.600000000000000089e+00 1.998999999999999909e-03 1.938300000000000092e-02 -9.998099999999999765e-01 -6.140930000000000000e-01 -7.890599999999999836e-01 -1.652500000000000149e-02 -7.892310000000000159e-01 6.140099999999999447e-01 1.032500000000000084e-02
4.000000000000000000e+00 2.500000000000000000e+01 8.000000000000000000e+00 0.000000000000000000e+00 1.600000000000000089e+00 1.000000000000000082e-05 -1.910000000000000022e-03 -9.999980000000000535e-01 4.479279999999999928e-01 8.940679999999999739e-01 -1.703000000000000087e-03 8.940700000000000314e-01 -4.479270000000000196e-01 8.639999999999999677e-04
1.900000000000000000e+01 2.500000000000000000e+01 8.000000000000000000e+00 0.000000000000000000e+00 1.600000000000000089e+00 1.977000000000000025e-03 2.419000000000000143e-03 -9.999949999999999672e-01 4.467969999999999997e-01 8.946300000000000363e-01 3.047999999999999928e-03 8.946330000000000116e-01 -4.468010000000000037e-01 6.880000000000000265e-04
2.300000000000000000e+01 2.500000000000000000e+01 8.000000000000000000e+00 0.000000000000000000e+00 1.600000000000000089e+00 2.743000000000000212e-03 8.234999999999999265e-03 -9.999620000000000175e-01 4.451220000000000176e-01 8.954290000000000305e-01 8.595000000000000209e-03 8.954659999999999842e-01 -4.451280000000000237e-01 -1.209000000000000005e-03
2.800000000000000000e+01 2.500000000000000000e+01 8.000000000000000000e+00 0.000000000000000000e+00 1.600000000000000089e+00 -1.740000000000000010e-04 4.989999999999999861e-04 -1.000000000000000000e+00 4.435200000000000253e-01 8.962639999999999496e-01 3.699999999999999947e-04 8.962639999999999496e-01 -4.435200000000000253e-01 -3.770000000000000022e-04
2.400000000000000000e+01 9.000000000000000000e+00 9.000000000000000000e+00 0.000000000000000000e+00 1.600000000000000089e+00 4.104000000000000009e-03 -7.720000000000000299e-03 -9.999620000000000175e-01 -9.447320000000000162e-01 -3.278400000000000203e-01 -1.345999999999999974e-03 -3.278170000000000250e-01 9.447020000000000417e-01 -8.637999999999999845e-03
3.000000000000000000e+00 2.400000000000000000e+01 9.000000000000000000e+00 0.000000000000000000e+00 1.600000000000000089e+00 1.710000000000000094e-04 -1.781000000000000031e-03 -9.999980000000000535e-01 4.559250000000000247e-01 8.900169999999999471e-01 -1.507000000000000093e-03 8.900179999999999758e-01 -4.559239999999999959e-01 9.650000000000000374e-04
1.100000000000000000e+01 2.400000000000000000e+01 9.000000000000000000e+00 0.000000000000000000e+00 1.600000000000000089e+00 -1.183000000000000024e-03 -3.703000000000000128e-03 -9.999919999999999920e-01 4.545699999999999741e-01 8.907030000000000225e-01 -3.836000000000000000e-03 8.907100000000000017e-01 -4.545710000000000028e-01 6.290000000000000018e-04
1.500000000000000000e+01 2.400000000000000000e+01 9.000000000000000000e+00 0.000000000000000000e+00 1.600000000000000089e+00 -8.009999999999999542e-04 -3.833000000000000036e-03 -9.999919999999999920e-01 4.544210000000000194e-01 8.907789999999999875e-01 -3.778000000000000108e-03 8.907869999999999955e-01 -4.544199999999999906e-01 1.028999999999999967e-03
2.300000000000000000e+01 2.400000000000000000e+01 9.000000000000000000e+00 0.000000000000000000e+00 1.600000000000000089e+00 2.798999999999999839e-03 8.597000000000000475e-03 -9.999590000000000423e-01 4.527180000000000093e-01 8.916089999999999849e-01 8.932000000000000703e-03 8.916490000000000249e-01 -4.527240000000000153e-01 -1.396000000000000105e-03
2.600000000000000000e+01 2.400000000000000000e+01 9.000000000000000000e+00 0.000000000000000000e+00 1.600000000000000089e+00 1.139999999999999954e-03 1.789999999999999925e-03 -9.999980000000000535e-01 4.513130000000000197e-01 8.923630000000000173e-01 2.111000000000000029e-03 8.923649999999999638e-01 -4.513139999999999930e-01 2.090000000000000115e-04
2.000000000000000000e+00 3.500000000000000000e+01 1.200000000000000000e+01 0.000000000000000000e+00 1.600000000000000089e+00 1.021999999999999905e-03 -7.300000000000000065e-03 -9.999730000000000008e-01 4.463340000000000085e-01 -8.948390000000000510e-01 6.988000000000000288e-03 -8.948660000000000503e-01 -4.463300000000000045e-01 2.344000000000000163e-03
7.000000000000000000e+00 3.500000000000000000e+01 1.200000000000000000e+01 0.000000000000000000e+00 1.600000000000000089e+00 -5.450000000000000200e-04 -5.176000000000000045e-03 -9.999860000000000415e-01 4.526560000000000028e-01 -8.916749999999999954e-01 4.368999999999999620e-03 -8.916849999999999499e-01 -4.526470000000000216e-01 2.828999999999999918e-03
1.500000000000000000e+01 3.500000000000000000e+01 1.200000000000000000e+01 0.000000000000000000e+00 1.600000000000000089e+00 8.509999999999999769e-04 -1.503999999999999912e-03 -9.999989999999999712e-01 4.424409999999999732e-01 -8.967960000000000376e-01 1.724999999999999971e-03 -8.967969999999999553e-01 -4.424420000000000019e-01 -9.699999999999999963e-05
1.900000000000000000e+01 3.500000000000000000e+01 1.200000000000000000e+01 0.000000000000000000e+00 1.600000000000000089e+00 -9.979999999999999722e-04 3.880999999999999901e-03 -9.999919999999999920e-01 4.399710000000000010e-01 -8.980040000000000244e-01 -3.924000000000000404e-03 -8.980120000000000324e-01 -4.399710000000000010e-01 -8.109999999999999805e-04
2.600000000000000000e+01 3.500000000000000000e+01 1.200000000000000000e+01 0.000000000000000000e+00 1.600000000000000089e+00 1.448000000000000068e-03 8.599999999999999789e-04 -9.999989999999999712e-01 4.560330000000000217e-01 -8.899629999999999486e-01 -1.050000000000000044e-04 -8.899620000000000308e-01 -4.560319999999999929e-01 -1.680999999999999986e-03
2.900000000000000000e+01 3.500000000000000000e+01 1.200000000000000000e+01 0.000000000000000000e+00 1.600000000000000089e+00 3.719999999999999891e-04 -4.546999999999999827e-03 -9.999900000000000455e-01 4.597510000000000208e-01 -8.880379999999999940e-01 4.209000000000000068e-03 -8.880479999999999485e-01 -4.597479999999999900e-01 1.760000000000000063e-03
1.300000000000000000e+01 3.200000000000000000e+01 1.400000000000000000e+01 0.000000000000000000e+00 1.600000000000000089e+00 -9.409999999999999962e-04 1.126000000000000048e-03 -9.999989999999999712e-01 1.071560000000000012e-01 9.942419999999999591e-01 1.018999999999999941e-03 9.942419999999999591e-01 -1.071550000000000002e-01 -1.056999999999999997e-03
1.800000000000000000e+01 3.200000000000000000e+01 1.400000000000000000e+01 0.000000000000000000e+00 1.600000000000000089e+00 2.579999999999999828e-04 -3.616999999999999989e-03 -9.999930000000000208e-01 1.063759999999999983e-01 9.943199999999999816e-01 -3.569000000000000124e-03 9.943260000000000431e-01 -1.063739999999999963e-01 6.409999999999999682e-04
1.000000000000000000e+01 1.160000000000000000e+02 1.600000000000000000e+01 0.000000000000000000e+00 1.600000000000000089e+00 1.704000000000000003e-03 2.265000000000000086e-03 9.999959999999999960e-01 7.529360000000000497e-01 6.580880000000000063e-01 -2.772999999999999857e-03 -6.580909999999999815e-01 7.529379999999999962e-01 -5.839999999999999922e-04
2.700000000000000000e+01 1.160000000000000000e+02 1.600000000000000000e+01 0.000000000000000000e+00 1.600000000000000089e+00 1.263000000000000017e-03 2.334000000000000137e-03 9.999959999999999960e-01 7.070680000000000298e-01 7.071410000000000196e-01 -2.543999999999999821e-03 -7.071439999999999948e-01 7.070689999999999475e-01 -7.569999999999999689e-04
1.000000000000000000e+00 2.000000000000000000e+00 1.900000000000000000e+01 0.000000000000000000e+00 1.600000000000000089e+00 1.394000000000000057e-03 -4.605999999999999851e-03 -9.999879999999999880e-01 3.361979999999999968e-01 -9.417790000000000328e-01 4.806000000000000376e-03 -9.417900000000000160e-01 -3.362010000000000276e-01 2.349999999999999930e-04
8.000000000000000000e+00 2.000000000000000000e+00 1.900000000000000000e+01 0.000000000000000000e+00 1.600000000000000089e+00 -3.420999999999999996e-03 1.524900000000000040e-02 -9.998780000000000445e-01 3.276279999999999748e-01 -9.446790000000000465e-01 -1.552800000000000014e-02 -9.448010000000000019e-01 -3.276410000000000156e-01 -1.765000000000000076e-03
1.500000000000000000e+01 2.000000000000000000e+00 1.900000000000000000e+01 0.000000000000000000e+00 1.600000000000000089e+00 -8.040000000000000271e-04 1.941400000000000070e-02 -9.998110000000000053e-01 3.284500000000000197e-01 -9.443380000000000107e-01 -1.860099999999999948e-02 -9.445210000000000550e-01 -3.284030000000000005e-01 -5.617999999999999730e-03
2.100000000000000000e+01 2.000000000000000000e+00 1.900000000000000000e+01 0.000000000000000000e+00 1.600000000000000089e+00 4.399999999999999886e-05 4.111000000000000071e-03 -9.999919999999999920e-01 3.264870000000000272e-01 -9.451939999999999786e-01 -3.872000000000000008e-03 -9.452019999999999866e-01 -3.264839999999999964e-01 -1.382999999999999898e-03
2.700000000000000000e+01 2.000000000000000000e+00 1.900000000000000000e+01 0.000000000000000000e+00 1.600000000000000089e+00 1.150999999999999896e-03 6.506999999999999763e-03 -9.999780000000000335e-01 3.255640000000000200e-01 -9.455029999999999824e-01 -5.777000000000000017e-03 -9.455189999999999984e-01 -3.255500000000000060e-01 -3.207000000000000215e-03
3.000000000000000000e+00 3.000000000000000000e+00 1.900000000000000000e+01 0.000000000000000000e+00 1.600000000000000089e+00 3.899999999999999929e-05 2.837999999999999811e-03 -9.999959999999999960e-01 3.059620000000000117e-01 -9.520399999999999974e-01 -2.690000000000000117e-03 -9.520440000000000014e-01 -3.059609999999999830e-01 -9.060000000000000128e-04
1.400000000000000000e+01 3.000000000000000000e+00 1.900000000000000000e+01 0.000000000000000000e+00 1.600000000000000089e+00 -1.345999999999999974e-03 1.847800000000000137e-02 -9.998280000000000500e-01 3.000249999999999861e-01 -9.537609999999999699e-01 -1.803099999999999842e-02 -9.539309999999999734e-01 -2.999970000000000137e-01 -4.259999999999999898e-03
2.000000000000000000e+00 1.300000000000000000e+01 2.000000000000000000e+01 0.000000000000000000e+00 1.600000000000000089e+00 3.339999999999999870e-04 3.640000000000000006e-03 9.999930000000000208e-01 2.589270000000000183e-01 9.658900000000000263e-01 -3.602000000000000167e-03 -9.658970000000000056e-01 2.589259999999999895e-01 -6.199999999999999999e-04
6.000000000000000000e+00 1.300000000000000000e+01 2.000000000000000000e+01 0.000000000000000000e+00 1.600000000000000089e+00 -1.699999999999999987e-05 7.529999999999999801e-04 1.000000000000000000e+00 2.602490000000000081e-01 9.655409999999999826e-01 -7.219999999999999855e-04 -9.655420000000000114e-01 2.602490000000000081e-01 -2.120000000000000031e-04
9.000000000000000000e+00 1.300000000000000000e+01 2.000000000000000000e+01 0.000000000000000000e+00 1.600000000000000089e+00 -6.300000000000000261e-04 -3.212000000000000011e-03 9.999949999999999672e-01 2.604730000000000101e-01 9.654760000000000009e-01 3.265000000000000107e-03 -9.654810000000000336e-01 2.604739999999999833e-01 2.280000000000000126e-04
1.400000000000000000e+01 1.300000000000000000e+01 2.000000000000000000e+01 0.000000000000000000e+00 1.600000000000000089e+00 -1.311000000000000099e-03 -6.669999999999999497e-04 9.999989999999999712e-01 2.622849999999999904e-01 9.649900000000000144e-01 9.870000000000000301e-04 -9.649900000000000144e-01 2.622860000000000191e-01 -1.090999999999999956e-03
2.100000000000000000e+01 1.300000000000000000e+01 2.000000000000000000e+01 0.000000000000000000e+00 1.600000000000000089e+00 5.800000000000000034e-04 2.559999999999999884e-04 1.000000000000000000e+00 2.627519999999999856e-01 9.648630000000000262e-01 -3.989999999999999949e-04 -9.648630000000000262e-01 2.627519999999999856e-01 4.920000000000000328e-04
2.600000000000000000e+01 1.300000000000000000e+01 2.000000000000000000e+01 0.000000000000000000e+00 1.600000000000000089e+00 1.629999999999999939e-03 -3.130000000000000187e-04 9.999989999999999712e-01 2.623570000000000069e-01 9.649710000000000232e-01 -1.250000000000000026e-04 -9.649689999999999657e-01 2.623570000000000069e-01 1.655000000000000004e-03
1.200000000000000000e+01 5.000000000000000000e+01 2.200000000000000000e+01 0.000000000000000000e+00 1.600000000000000089e+00 -7.200000000000000182e-05 1.832999999999999994e-03 -9.999980000000000535e-01 -5.622920000000000140e-01 8.269379999999999509e-01 1.557000000000000007e-03 8.269389999999999796e-01 5.622909999999999853e-01 9.709999999999999664e-04
2.100000000000000000e+01 5.000000000000000000e+01 2.200000000000000000e+01 0.000000000000000000e+00 1.600000000000000089e+00 -2.203000000000000097e-03 2.750000000000000166e-04 -9.999970000000000248e-01 -5.650269999999999460e-01 8.250709999999999988e-01 1.472000000000000001e-03 8.250690000000000524e-01 5.650290000000000035e-01 -1.662999999999999982e-03
2.700000000000000000e+01 5.000000000000000000e+01 2.200000000000000000e+01 0.000000000000000000e+00 1.600000000000000089e+00 2.746999999999999876e-03 5.690999999999999878e-03 -9.999799999999999800e-01 -5.650739999999999652e-01 8.250340000000000451e-01 3.142999999999999960e-03 8.250359999999999916e-01 5.650539999999999452e-01 5.481999999999999894e-03
3.000000000000000000e+00 2.000000000000000000e+00 2.500000000000000000e+01 0.000000000000000000e+00 1.600000000000000089e+00 1.859999999999999945e-04 -9.520000000000000684e-03 9.999550000000000383e-01 6.337500000000000078e-02 -9.979440000000000532e-01 -9.513000000000000622e-03 9.979900000000000437e-01 6.337399999999999978e-02 4.169999999999999987e-04
9.000000000000000000e+00 3.000000000000000000e+00 2.500000000000000000e+01 0.000000000000000000e+00 1.600000000000000089e+00 -4.963999999999999663e-03 1.390699999999999922e-02 9.998909999999999743e-01 -1.382599999999999975e-02 -9.998089999999999478e-01 1.383700000000000034e-02 9.998920000000000030e-01 -1.375600000000000087e-02 5.154999999999999860e-03
1.500000000000000000e+01 3.000000000000000000e+00 2.500000000000000000e+01 0.000000000000000000e+00 1.600000000000000089e+00 -3.340999999999999786e-03 8.887000000000000802e-03 9.999550000000000383e-01 -3.465000000000000198e-03 -9.999550000000000383e-01 8.874999999999999209e-03 9.999879999999999880e-01 -3.435000000000000119e-03 3.371999999999999997e-03
1.900000000000000000e+01 3.000000000000000000e+00 2.500000000000000000e+01 0.000000000000000000e+00 1.600000000000000089e+00 -6.620000000000000450e-04 -4.749999999999999990e-04 1.000000000000000000e+00 -1.466999999999999988e-03 -9.999989999999999712e-01 -4.760000000000000234e-04 9.999989999999999712e-01 -1.466999999999999988e-03 6.620000000000000450e-04
2.400000000000000000e+01 3.000000000000000000e+00 2.500000000000000000e+01 0.000000000000000000e+00 1.600000000000000089e+00 -4.060000000000000241e-03 5.804000000000000131e-03 9.999749999999999472e-01 7.519999999999999558e-04 -9.999829999999999552e-01 5.806999999999999662e-03 9.999909999999999632e-01 7.759999999999999971e-04 4.054999999999999577e-03
2.800000000000000000e+01 3.000000000000000000e+00 2.500000000000000000e+01 0.000000000000000000e+00 1.600000000000000089e+00 -3.412000000000000102e-03 2.377000000000000206e-03 9.999909999999999632e-01 7.082999999999999886e-03 -9.999719999999999720e-01 2.400999999999999922e-03 9.999689999999999968e-01 7.091000000000000081e-03 3.395000000000000014e-03
4.000000000000000000e+00 4.600000000000000000e+01 2.700000000000000000e+01 0.000000000000000000e+00 1.600000000000000089e+00 -5.540000000000000219e-04 -1.807999999999999928e-03 -9.999980000000000535e-01 6.672630000000000505e-01 7.448200000000000376e-01 -1.716000000000000077e-03 7.448219999999999841e-01 -6.672630000000000505e-01 7.940000000000000009e-04
6.000000000000000000e+00 4.600000000000000000e+01 3.000000000000000000e+01 0.000000000000000000e+00 1.600000000000000089e+00 -1.766999999999999908e-03 -2.109000000000000197e-03 -9.999959999999999960e-01 3.317789999999999906e-01 9.433540000000000258e-01 -2.576000000000000165e-03 9.433559999999999723e-01 -3.317820000000000213e-01 -9.680000000000000019e-04
1.300000000000000000e+01 4.600000000000000000e+01 3.000000000000000000e+01 0.000000000000000000e+00 1.600000000000000089e+00 1.099999999999999971e-05 -1.110000000000000011e-04 -1.000000000000000000e+00 3.352350000000000052e-01 9.421349999999999447e-01 -1.010000000000000020e-04 9.421349999999999447e-01 -3.352350000000000052e-01 4.699999999999999724e-05
2.000000000000000000e+00 5.800000000000000000e+01 3.100000000000000000e+01 0.000000000000000000e+00 1.600000000000000089e+00 1.061000000000000094e-03 3.322999999999999999e-03 9.999940000000000495e-01 -7.582569999999999588e-01 -6.519490000000000007e-01 2.971000000000000116e-03 6.519549999999999512e-01 -7.582550000000000123e-01 1.827999999999999981e-03
5.000000000000000000e+00 5.800000000000000000e+01 3.100000000000000000e+01 0.000000000000000000e+00 1.600000000000000089e+00 5.779000000000000282e-03 7.272999999999999951e-03 9.999569999999999848e-01 -7.588190000000000213e-01 -6.512369999999999548e-01 9.122999999999999166e-03 6.512759999999999661e-01 -7.588390000000000413e-01 1.755000000000000050e-03
1.300000000000000000e+01 5.800000000000000000e+01 3.100000000000000000e+01 0.000000000000000000e+00 1.600000000000000089e+00 3.667000000000000121e-03 5.171000000000000249e-03 9.999799999999999800e-01 -7.571759999999999602e-01 -6.531820000000000404e-01 6.153999999999999748e-03 6.532010000000000316e-01 -7.571830000000000505e-01 1.520000000000000084e-03
2.400000000000000000e+01 5.800000000000000000e+01 3.100000000000000000e+01 0.000000000000000000e+00 1.600000000000000089e+00 -8.899999999999999491e-04 2.954000000000000029e-03 9.999949999999999672e-01 -7.532689999999999664e-01 -6.577119999999999633e-01 1.271999999999999910e-03 6.577119999999999633e-01 -7.532640000000000446e-01 2.811000000000000131e-03
2.300000000000000000e+01 2.300000000000000000e+01 3.400000000000000000e+01 0.000000000000000000e+00 1.600000000000000089e+00 6.260000000000000373e-04 -2.289999999999999935e-03 9.999970000000000248e-01 3.965830000000000188e-01 -9.179960000000000342e-01 -2.350000000000000092e-03 9.179990000000000094e-01 3.965839999999999921e-01 3.330000000000000169e-04
7.000000000000000000e+00 4.600000000000000000e+01 3.500000000000000000e+01 0.000000000000000000e+00 1.600000000000000089e+00 4.719999999999999803e-04 1.002000000000000069e-03 -9.999989999999999712e-01 3.938050000000000161e-01 -9.191939999999999555e-01 -7.349999999999999763e-04 -9.191939999999999555e-01 -3.938039999999999874e-01 -8.279999999999999600e-04
1.100000000000000000e+01 4.600000000000000000e+01 3.500000000000000000e+01 0.000000000000000000e+00 1.600000000000000089e+00 5.590000000000000351e-04 -1.590999999999999966e-03 -9.999989999999999712e-01 3.926200000000000245e-01 -9.196990000000000443e-01 1.683000000000000034e-03 -9.197009999999999907e-01 -3.926200000000000245e-01 1.110000000000000011e-04
1.400000000000000000e+01 4.600000000000000000e+01 3.500000000000000000e+01 0.000000000000000000e+00 1.600000000000000089e+00 -1.520000000000000084e-04 -2.429999999999999868e-03 -9.999970000000000248e-01 3.926560000000000050e-01 -9.196830000000000283e-01 2.174999999999999850e-03 -9.196849999999999747e-01 -3.926540000000000030e-01 1.093999999999999920e-03
2.200000000000000000e+01 4.600000000000000000e+01 3.500000000000000000e+01 0.000000000000000000e+00 1.600000000000000089e+00 6.120000000000000223e-04 1.482999999999999943e-03 -9.999989999999999712e-01 3.912470000000000114e-01 -9.202850000000000197e-01 -1.124999999999999915e-03 -9.202860000000000484e-01 -3.912459999999999827e-01 -1.144000000000000052e-03
2.600000000000000000e+01 4.600000000000000000e+01 3.500000000000000000e+01 0.000000000000000000e+00 1.600000000000000089e+00 1.262000000000000101e-03 9.139999999999999904e-04 -9.999989999999999712e-01 3.894779999999999909e-01 -9.210359999999999658e-01 -3.499999999999999964e-04 -9.210350000000000481e-01 -3.894770000000000176e-01 -1.518000000000000035e-03
2.900000000000000000e+01 4.600000000000000000e+01 3.500000000000000000e+01 0.000000000000000000e+00 1.600000000000000089e+00 8.679999999999999565e-04 2.089000000000000145e-03 -9.999970000000000248e-01 3.884980000000000100e-01 -9.214480000000000448e-01 -1.588000000000000002e-03 -9.214489999999999625e-01 -3.884960000000000080e-01 -1.611000000000000019e-03
5.000000000000000000e+00 3.000000000000000000e+00 4.300000000000000000e+01 0.000000000000000000e+00 1.600000000000000089e+00 -3.046000000000000096e-03 -4.501999999999999925e-03 -9.999850000000000128e-01 7.406380000000000186e-01 -6.719039999999999457e-01 7.690000000000000438e-04 -6.718979999999999952e-01 -7.406239999999999490e-01 5.381000000000000366e-03
1.400000000000000000e+01 3.000000000000000000e+00 4.300000000000000000e+01 0.000000000000000000e+00 1.600000000000000089e+00 -6.000000000000000152e-06 -1.037100000000000001e-02 -9.999460000000000015e-01 7.439299999999999802e-01 -6.682219999999999827e-01 6.925999999999999865e-03 -6.682580000000000187e-01 -7.438900000000000512e-01 7.719000000000000167e-03
2.000000000000000000e+01 3.000000000000000000e+00 4.300000000000000000e+01 0.000000000000000000e+00 1.600000000000000089e+00 -4.124000000000000062e-03 -1.051599999999999931e-02 -9.999360000000000470e-01 7.402710000000000123e-01 -6.722960000000000047e-01 4.016999999999999738e-03 -6.722949999999999759e-01 -7.402079999999999771e-01 1.055700000000000041e-02
2.900000000000000000e+01 3.000000000000000000e+00 4.300000000000000000e+01 0.000000000000000000e+00 1.600000000000000089e+00 -1.087999999999999991e-03 7.889999999999999444e-03 -9.999679999999999680e-01 7.330539999999999834e-01 -6.801430000000000531e-01 -6.164000000000000208e-03 -6.801700000000000523e-01 -7.330370000000000497e-01 -5.043999999999999873e-03
1.600000000000000000e+01 8.000000000000000000e+00 4.400000000000000000e+01 0.000000000000000000e+00 1.600000000000000089e+00 -1.820000000000000057e-04 -2.732000000000000053e-03 9.999959999999999960e-01 -7.833440000000000403e-01 -6.215859999999999719e-01 -1.840999999999999972e-03 6.215889999999999471e-01 -7.833409999999999540e-01 -2.027000000000000156e-03
1.000000000000000000e+00 2.900000000000000000e+01 4.400000000000000000e+01 0.000000000000000000e+00 1.600000000000000089e+00 -1.159000000000000091e-03 -5.095999999999999835e-03 -9.999860000000000415e-01 6.584459999999999757e-01 7.526140000000000052e-01 -4.598999999999999790e-03 7.526270000000000460e-01 -6.584419999999999717e-01 2.482999999999999964e-03
5.000000000000000000e+00 2.900000000000000000e+01 4.400000000000000000e+01 0.000000000000000000e+00 1.600000000000000089e+00 -1.131000000000000061e-03 -1.719999999999999958e-03 -9.999980000000000535e-01 6.578730000000000411e-01 7.531259999999999621e-01 -2.040000000000000147e-03 7.531280000000000197e-01 -6.578739999999999588e-01 2.799999999999999755e-04
1.100000000000000000e+01 2.900000000000000000e+01 4.400000000000000000e+01 0.000000000000000000e+00 1.600000000000000089e+00 1.110000000000000011e-04 -1.335000000000000032e-03 -9.999989999999999712e-01 6.583780000000000188e-01 7.526869999999999949e-01 -9.319999999999999942e-04 7.526869999999999949e-01 -6.583780000000000188e-01 9.619999999999999645e-04
1.500000000000000000e+01 2.900000000000000000e+01 4.400000000000000000e+01 0.000000000000000000e+00 1.600000000000000089e+00 7.079999999999999705e-04 -2.550000000000000183e-04 -1.000000000000000000e+00 6.598389999999999533e-01 7.514070000000000471e-01 2.750000000000000166e-04 7.514060000000000183e-01 -6.598399999999999821e-01 6.999999999999999929e-04
2.000000000000000000e+01 2.900000000000000000e+01 4.400000000000000000e+01 0.000000000000000000e+00 1.600000000000000089e+00 2.990000000000000036e-04 3.152999999999999987e-03 -9.999949999999999672e-01 6.559789999999999788e-01 7.547749999999999737e-01 2.576000000000000165e-03 7.547789999999999777e-01 -6.559760000000000035e-01 -1.842000000000000104e-03
2.400000000000000000e+01 2.900000000000000000e+01 4.400000000000000000e+01 0.000000000000000000e+00 1.600000000000000089e+00 7.169999999999999724e-04 1.807999999999999928e-03 -9.999980000000000535e-01 6.565039999999999765e-01 7.543199999999999905e-01 1.833999999999999910e-03 7.543220000000000480e-01 -6.565039999999999765e-01 -6.459999999999999814e-04
2.800000000000000000e+01 2.900000000000000000e+01 4.400000000000000000e+01 0.000000000000000000e+00 1.600000000000000089e+00 1.154000000000000078e-03 2.428000000000000037e-03 -9.999959999999999960e-01 6.577229999999999466e-01 7.532550000000000079e-01 2.588000000000000023e-03 7.532590000000000119e-01 -6.577239999999999753e-01 -7.269999999999999987e-04
5.000000000000000000e+00 6.500000000000000000e+01 4.600000000000000000e+01 0.000000000000000000e+00 1.600000000000000089e+00 1.322000000000000041e-03 -2.101000000000000003e-03 9.999970000000000248e-01 6.775309999999999944e-01 -7.354899999999999771e-01 -2.441000000000000027e-03 7.354929999999999524e-01 6.775320000000000231e-01 4.510000000000000120e-04
1.800000000000000000e+01 7.400000000000000000e+01 4.900000000000000000e+01 0.000000000000000000e+00 1.600000000000000089e+00 1.711000000000000064e-03 -5.334000000000000200e-03 9.999839999999999840e-01 -9.820520000000000360e-01 1.885920000000000096e-01 2.686000000000000019e-03 -1.886029999999999929e-01 -9.820410000000000528e-01 -4.915000000000000098e-03
4.000000000000000000e+00 5.000000000000000000e+00 5.100000000000000000e+01 0.000000000000000000e+00 1.600000000000000089e+00 -2.220999999999999884e-03 -5.580000000000000107e-04 -9.999970000000000248e-01 4.861090000000000133e-01 -8.738979999999999526e-01 -5.919999999999999698e-04 -8.738960000000000061e-01 -4.861090000000000133e-01 2.213000000000000123e-03
7.000000000000000000e+00 5.000000000000000000e+00 5.100000000000000000e+01 0.000000000000000000e+00 1.600000000000000089e+00 -1.809000000000000061e-03 -6.870000000000000022e-04 -9.999980000000000535e-01 4.938060000000000227e-01 -8.695720000000000116e-01 -2.959999999999999849e-04 -8.695699999999999541e-01 -4.938060000000000227e-01 1.912000000000000071e-03
1.000000000000000000e+01 5.000000000000000000e+00 5.100000000000000000e+01 0.000000000000000000e+00 1.600000000000000089e+00 -3.122000000000000209e-03 1.379999999999999933e-04 -9.999949999999999672e-01 4.942289999999999739e-01 -8.693300000000000471e-01 -1.662999999999999982e-03 -8.693260000000000431e-01 -4.942320000000000046e-01 2.645999999999999915e-03
1.500000000000000000e+01 5.000000000000000000e+00 5.100000000000000000e+01 0.000000000000000000e+00 1.600000000000000089e+00 -3.930000000000000117e-04 -2.256000000000000193e-03 -9.999970000000000248e-01 4.901590000000000114e-01 -8.716319999999999624e-01 1.773999999999999969e-03 -8.716329999999999911e-01 -4.901570000000000094e-01 1.448000000000000068e-03
2.300000000000000000e+01 7.000000000000000000e+00 5.200000000000000000e+01 0.000000000000000000e+00 1.600000000000000089e+00 -3.406999999999999872e-03 2.262000000000000122e-03 -9.999919999999999920e-01 1.169229999999999992e-01 -9.931370000000000475e-01 -2.645000000000000216e-03 -9.931349999999999900e-01 -1.169309999999999933e-01 3.118999999999999811e-03
2.000000000000000000e+00 6.300000000000000000e+01 5.400000000000000000e+01 0.000000000000000000e+00 1.600000000000000089e+00 -3.060000000000000111e-04 2.958999999999999825e-03 9.999959999999999960e-01 -3.404469999999999996e-01 9.402589999999999559e-01 -2.886000000000000110e-03 -9.402639999999999887e-01 -3.404460000000000264e-01 7.200000000000000453e-04
1.000000000000000000e+01 6.300000000000000000e+01 5.400000000000000000e+01 0.000000000000000000e+00 1.600000000000000089e+00 2.952000000000000197e-03 5.259999999999999919e-03 9.999820000000000375e-01 -3.379369999999999874e-01 9.411599999999999966e-01 -3.952999999999999917e-03 -9.411640000000000006e-01 -3.379190000000000249e-01 4.556000000000000154e-03
1.700000000000000000e+01 6.300000000000000000e+01 5.400000000000000000e+01 0.000000000000000000e+00 1.600000000000000089e+00 -6.130000000000000466e-04 -4.956999999999999601e-03 9.999879999999999880e-01 -3.452729999999999966e-01 9.384919999999999929e-01 4.440999999999999635e-03 -9.385019999999999474e-01 -3.452660000000000173e-01 -2.286999999999999970e-03
2.100000000000000000e+01 6.300000000000000000e+01 5.400000000000000000e+01 0.000000000000000000e+00 1.600000000000000089e+00 -9.439999999999999607e-04 -7.366000000000000152e-03 9.999719999999999720e-01 -3.440949999999999842e-01 9.389119999999999688e-01 6.591999999999999769e-03 -9.389340000000000463e-01 -3.440799999999999970e-01 -3.420999999999999996e-03
2.500000000000000000e+01 6.300000000000000000e+01 5.400000000000000000e+01 0.000000000000000000e+00 1.600000000000000089e+00 -8.299999999999999815e-05 -3.601000000000000034e-03 9.999940000000000495e-01 -3.399050000000000127e-01 9.404540000000000122e-01 3.357999999999999874e-03 -9.404599999999999627e-01 -3.399030000000000107e-01 -1.301999999999999989e-03
2.700000000000000000e+01 6.300000000000000000e+01 5.400000000000000000e+01 0.000000000000000000e+00 1.600000000000000089e+00 2.349999999999999930e-04 -4.780000000000000178e-04 1.000000000000000000e+00 -3.410000000000000253e-01 9.400629999999999820e-01 5.289999999999999564e-04 -9.400629999999999820e-01 -3.410000000000000253e-01 5.800000000000000034e-05
8.000000000000000000e+00 2.500000000000000000e+01 5.500000000000000000e+01 0.000000000000000000e+00 1.600000000000000089e+00 -2.066000000000000128e-03 -1.871000000000000050e-03 -9.999959999999999960e-01 -1.338699999999999959e-02 -9.999090000000000478e-01 1.897999999999999948e-03 -9.999080000000000190e-01 1.339100000000000013e-02 2.040000000000000147e-03
1.200000000000000000e+01 2.500000000000000000e+01 5.500000000000000000e+01 0.000000000000000000e+00 1.600000000000000089e+00 1.126000000000000048e-03 1.575000000000000011e-03 -9.999980000000000535e-01 -1.203300000000000029e-02 -9.999259999999999815e-01 -1.588999999999999918e-03 -9.999270000000000103e-01 1.203399999999999956e-02 -1.106999999999999911e-03
1.800000000000000000e+01 2.500000000000000000e+01 5.500000000000000000e+01 0.000000000000000000e+00 1.600000000000000089e+00 6.250000000000000130e-04 1.069000000000000072e-03 -9.999989999999999712e-01 -1.090799999999999929e-02 -9.999400000000000510e-01 -1.075999999999999917e-03 -9.999400000000000510e-01 1.090900000000000029e-02 -6.130000000000000466e-04
2.200000000000000000e+01 2.500000000000000000e+01 5.500000000000000000e+01 0.000000000000000000e+00 1.600000000000000089e+00 -1.230000000000000082e-04 -7.540000000000000044e-04 -1.000000000000000000e+00 -1.085799999999999960e-02 -9.999409999999999688e-01 7.550000000000000287e-04 -9.999409999999999688e-01 1.085799999999999960e-02 1.150000000000000035e-04
2.700000000000000000e+01 2.500000000000000000e+01 5.500000000000000000e+01 0.000000000000000000e+00 1.600000000000000089e+00 -1.077000000000000049e-03 -4.159999999999999744e-04 -9.999989999999999712e-01 -1.023300000000000078e-02 -9.999479999999999480e-01 4.270000000000000249e-04 -9.999470000000000303e-01 1.023400000000000004e-02 1.072999999999999952e-03
7.000000000000000000e+00 2.100000000000000000e+01 6.000000000000000000e+01 0.000000000000000000e+00 1.600000000000000089e+00 4.970000000000000459e-04 -6.499999999999999431e-05 1.000000000000000000e+00 -9.330600000000000005e-02 9.956369999999999942e-01 1.110000000000000011e-04 -9.956369999999999942e-01 -9.330600000000000005e-02 4.879999999999999898e-04
1.200000000000000000e+01 2.100000000000000000e+01 6.000000000000000000e+01 0.000000000000000000e+00 1.600000000000000089e+00 -1.691000000000000012e-03 4.119000000000000265e-03 9.999900000000000455e-01 -9.517699999999999771e-02 9.954509999999999748e-01 -4.261000000000000031e-03 -9.954589999999999828e-01 -9.518300000000000372e-02 -1.291000000000000047e-03
1.900000000000000000e+01 2.100000000000000000e+01 6.000000000000000000e+01 0.000000000000000000e+00 1.600000000000000089e+00 -6.970000000000000284e-04 4.300000000000000165e-05 1.000000000000000000e+00 -9.201499999999999957e-02 9.957580000000000320e-01 -1.069999999999999988e-04 -9.957570000000000032e-01 -9.201600000000000057e-02 -6.899999999999999667e-04
2.300000000000000000e+01 2.100000000000000000e+01 6.000000000000000000e+01 0.000000000000000000e+00 1.600000000000000089e+00 1.039999999999999936e-04 -7.799999999999999859e-05 1.000000000000000000e+00 -9.312600000000000044e-02 9.956540000000000390e-01 8.700000000000000051e-05 -9.956540000000000390e-01 -9.312600000000000044e-02 9.600000000000000243e-05
1.500000000000000000e+01 6.700000000000000000e+01 6.000000000000000000e+01 0.000000000000000000e+00 1.600000000000000089e+00 1.770000000000000089e-03 8.300000000000000086e-04 9.999980000000000535e-01 1.736929999999999863e-01 -9.848000000000000087e-01 5.100000000000000366e-04 9.847979999999999512e-01 1.736920000000000130e-01 -1.887000000000000005e-03
6.000000000000000000e+00 3.000000000000000000e+00 6.300000000000000000e+01 0.000000000000000000e+00 1.600000000000000089e+00 -9.280000000000000054e-04 3.513000000000000064e-03 9.999930000000000208e-01 -6.107650000000000023e-01 7.918039999999999523e-01 -3.348999999999999980e-03 -7.918110000000000426e-01 -6.107650000000000023e-01 1.410000000000000012e-03
2.400000000000000000e+01 3.000000000000000000e+00 6.300000000000000000e+01 0.000000000000000000e+00 1.600000000000000089e+00 -5.890000000000000053e-04 3.780000000000000265e-04 1.000000000000000000e+00 -6.185509999999999620e-01 7.857439999999999980e-01 -6.610000000000000207e-04 -7.857439999999999980e-01 -6.185509999999999620e-01 -2.290000000000000098e-04
3.000000000000000000e+00 2.700000000000000000e+01 6.300000000000000000e+01 0.000000000000000000e+00 1.600000000000000089e+00 2.475999999999999902e-03 -5.720000000000000258e-03 9.999810000000000088e-01 -2.803610000000000269e-01 9.598750000000000338e-01 6.185000000000000393e-03 -9.598910000000000498e-01 -2.803709999999999813e-01 7.730000000000000326e-04
1.000000000000000000e+01 2.700000000000000000e+01 6.300000000000000000e+01 0.000000000000000000e+00 1.600000000000000089e+00 -1.177000000000000095e-03 -6.660000000000000338e-04 9.999989999999999712e-01 -2.820570000000000022e-01 9.593979999999999730e-01 3.069999999999999812e-04 -9.593970000000000553e-01 -2.820559999999999734e-01 -1.317000000000000028e-03
2.100000000000000000e+01 2.700000000000000000e+01 6.300000000000000000e+01 0.000000000000000000e+00 1.600000000000000089e+00 -9.840000000000000656e-04 -4.346000000000000037e-03 9.999900000000000455e-01 -2.774570000000000092e-01 9.607299999999999729e-01 3.902000000000000086e-03 -9.607379999999999809e-01 -2.774499999999999744e-01 -2.151000000000000134e-03
2.800000000000000000e+01 2.700000000000000000e+01 6.300000000000000000e+01 0.000000000000000000e+00 1.600000000000000089e+00 2.148000000000000170e-03 4.899999999999999842e-04 9.999980000000000535e-01 -2.771410000000000262e-01 9.608290000000000441e-01 1.240000000000000054e-04 -9.608269999999999866e-01 -2.771399999999999975e-01 2.200000000000000133e-03
5.000000000000000000e+00 2.600000000000000000e+01 6.400000000000000000e+01 0.000000000000000000e+00 1.600000000000000089e+00 4.026000000000000065e-03 -6.504000000000000233e-03 9.999710000000000543e-01 -3.723099999999999743e-01 9.280779999999999585e-01 7.535000000000000031e-03 -9.281000000000000361e-01 -3.723299999999999943e-01 1.314999999999999980e-03
9.000000000000000000e+00 2.600000000000000000e+01 6.400000000000000000e+01 0.000000000000000000e+00 1.600000000000000089e+00 -7.699999999999999597e-04 -3.220000000000000206e-03 9.999949999999999672e-01 -3.729310000000000125e-01 9.278549999999999853e-01 2.700999999999999842e-03 -9.278589999999999893e-01 -3.729270000000000085e-01 -1.915999999999999951e-03
1.300000000000000000e+01 2.600000000000000000e+01 6.400000000000000000e+01 0.000000000000000000e+00 1.600000000000000089e+00 -2.889999999999999774e-04 -3.004999999999999859e-03 9.999949999999999672e-01 -3.681369999999999920e-01 9.297680000000000389e-01 2.687000000000000152e-03 -9.297710000000000141e-01 -3.681349999999999900e-01 -1.374999999999999920e-03
2.200000000000000000e+01 2.600000000000000000e+01 6.400000000000000000e+01 0.000000000000000000e+00 1.600000000000000089e+00 -5.779999999999999548e-04 -4.166000000000000432e-03 9.999909999999999632e-01 -3.702880000000000060e-01 9.289100000000000135e-01 3.655999999999999962e-03 -9.289169999999999927e-01 -3.702820000000000000e-01 -2.079000000000000119e-03
2.600000000000000000e+01 2.600000000000000000e+01 6.400000000000000000e+01 0.000000000000000000e+00 1.600000000000000089e+00 1.097000000000000102e-03 -1.975000000000000193e-03 9.999970000000000248e-01 -3.698080000000000256e-01 9.291059999999999874e-01 2.240999999999999936e-03 -9.291080000000000449e-01 -3.698089999999999988e-01 2.880000000000000073e-04
2.900000000000000000e+01 2.600000000000000000e+01 6.400000000000000000e+01 0.000000000000000000e+00 1.600000000000000089e+00 2.569999999999999802e-03 1.634000000000000036e-03 9.999949999999999672e-01 -3.678310000000000191e-01 9.298929999999999696e-01 -5.739999999999999660e-04 -9.298889999999999656e-01 -3.678270000000000151e-01 2.991000000000000169e-03
5.000000000000000000e+00 6.900000000000000000e+01 6.600000000000000000e+01 0.000000000000000000e+00 1.600000000000000089e+00 -4.428999999999999777e-03 4.447000000000000432e-03 9.999799999999999800e-01 -9.493340000000000112e-01 3.142179999999999973e-01 -5.602000000000000209e-03 -3.142360000000000153e-01 -9.493409999999999904e-01 2.830000000000000050e-03
1.200000000000000000e+01 6.900000000000000000e+01 6.600000000000000000e+01 0.000000000000000000e+00 1.600000000000000089e+00 -5.069999999999999637e-04 -5.370999999999999906e-03 9.999850000000000128e-01 -9.512720000000000065e-01 3.083489999999999842e-01 1.173999999999999913e-03 -3.083509999999999862e-01 -9.512580000000000480e-01 -5.265999999999999848e-03
1.900000000000000000e+01 6.900000000000000000e+01 6.600000000000000000e+01 0.000000000000000000e+00 1.600000000000000089e+00 6.048999999999999690e-03 1.003999999999999901e-03 9.999810000000000088e-01 -9.485740000000000283e-01 3.165100000000000136e-01 5.420000000000000338e-03 -3.164989999999999748e-01 -9.485890000000000155e-01 2.867000000000000191e-03
1.600000000000000000e+01 3.100000000000000000e+01 7.100000000000000000e+01 0.000000000000000000e+00 1.600000000000000089e+00 6.250000000000000130e-04 1.327000000000000055e-03 -9.999989999999999712e-01 -7.287249999999999561e-01 -6.848049999999999971e-01 -1.363999999999999978e-03 -6.848070000000000546e-01 7.287249999999999561e-01 5.389999999999999826e-04
3.000000000000000000e+00 2.500000000000000000e+01 7.300000000000000000e+01 0.000000000000000000e+00 1.600000000000000089e+00 -8.019999999999999785e-04 8.668000000000000357e-03 9.999620000000000175e-01 7.532710000000000239e-01 -6.576800000000000423e-01 6.304999999999999841e-03 6.577089999999999881e-01 7.532480000000000286e-01 -6.002000000000000390e-03
