2.300000000000000000e+01 2.500000000000000000e+01 1.000000000000000000e+00 0.000000000000000000e+00 1.600000000000000089e+00 1.574000000000000095e-03 1.971000000000000096e-03 -9.999970000000000248e-01 -5.212360000000000326e-01 -8.534089999999999732e-01 -2.503000000000000017e-03 -8.534110000000000307e-01 5.212390000000000079e-01 -3.159999999999999832e-04
3.000000000000000000e+01 2.500000000000000000e+01 1.000000000000000000e+00 0.000000000000000000e+00 1.600000000000000089e+00 -1.240999999999999916e-03 3.052000000000000025e-03 -9.999949999999999672e-01 -5.231080000000000174e-01 -8.522640000000000216e-01 -1.951999999999999959e-03 -8.522650000000000503e-01 5.231029999999999847e-01 2.654000000000000109e-03
1.600000000000000000e+01 1.900000000000000000e+01 5.000000000000000000e+00 0.000000000000000000e+00 1.600000000000000089e+00 -1.781999999999999947e-03 -1.492999999999999969e-03 -9.999970000000000248e-01 -6.935320000000000373e-01 -7.204220000000000068e-01 2.311999999999999819e-03 -7.204230000000000356e-01 6.935339999999999838e-01 2.480000000000000108e-04
3.000000000000000000e+00 1.010000000000000000e+02 7.000000000000000000e+00 0.000000000000000000e+00 1.600000000000000089e+00 6.470000000000000057e-04 -3.200000000000000153e-03 9.999949999999999672e-01 8.816869999999999985e-01 4.718339999999999756e-01 9.389999999999999476e-04 -4.718339999999999756e-01 8.816819999999999657e-01 3.127000000000000005e-03
8.000000000000000000e+00 1.010000000000000000e+02 7.000000000000000000e+00 0.000000000000000000e+00 1.600000000000000089e+00 2.838999999999999944e-03 -2.541799999999999962e-02 9.996730000000000338e-01 8.837829999999999853e-01 4.678019999999999956e-01 9.384999999999999246e-03 -4.678880000000000261e-01 8.834680000000000311e-01 2.379200000000000065e-02
1.500000000000000000e+01 1.010000000000000000e+02 7.000000000000000000e+00 0.000000000000000000e+00 1.600000000000000089e+00 9.699999999999999963e-05 1.463000000000000108e-03 9.999989999999999712e-01 8.867129999999999734e-01 4.623200000000000087e-01 -7.619999999999999820e-04 -4.623200000000000087e-01 8.867119999999999447e-01 -1.252000000000000075e-03
1.800000000000000000e+01 1.010000000000000000e+02 7.000000000000000000e+00 0.000000000000000000e+00 1.600000000000000089e+00 -3.039000000000000035e-03 7.505999999999999651e-03 9.999670000000000503e-01 8.868239999999999457e-01 4.621060000000000167e-01 -7.730000000000000326e-04 -4.620969999999999800e-01 8.867930000000000534e-01 -8.061000000000000457e-03
2.400000000000000000e+01 1.010000000000000000e+02 7.000000000000000000e+00 0.000000000000000000e+00 1.600000000000000089e+00 -2.583999999999999925e-03 4.096999999999999947e-03 9.999879999999999880e-01 8.851949999999999541e-01 4.652200000000000224e-01 3.809999999999999910e-04 -4.652129999999999876e-01 8.851849999999999996e-01 -4.828999999999999959e-03
2.700000000000000000e+01 1.010000000000000000e+02 7.000000000000000000e+00 0.000000000000000000e+00 1.600000000000000089e+00 -1.499999999999999869e-04 2.066999999999999827e-03 9.999980000000000535e-01 8.836439999999999850e-01 4.681580000000000186e-01 -8.350000000000000217e-04 -4.681589999999999918e-01 8.836420000000000385e-01 -1.897000000000000032e-03
3.000000000000000000e+00 2.500000000000000000e+01 8.000000000000000000e+00 0.000000000000000000e+00 1.600000000000000089e+00 -1.649999999999999991e-04 4.947000000000000008e-03 -9.999879999999999880e-01 4.458389999999999853e-01 8.951029999999999820e-01 4.355000000000000364e-03 8.951130000000000475e-01 -4.458320000000000061e-01 -2.354000000000000190e-03
1.000000000000000000e+01 2.500000000000000000e+01 8.000000000000000000e+00 0.000000000000000000e+00 1.600000000000000089e+00 1.418999999999999906e-03 1.320000000000000101e-04 -9.999989999999999712e-01 4.449940000000000007e-01 8.955330000000000235e-01 7.500000000000000156e-04 8.955319999999999947e-01 -4.449940000000000007e-01 1.211999999999999970e-03
1.500000000000000000e+01 2.500000000000000000e+01 8.000000000000000000e+00 0.000000000000000000e+00 1.600000000000000089e+00 2.282000000000000174e-03 7.060000000000000303e-03 -9.999719999999999720e-01 4.422840000000000105e-01 8.968450000000000033e-01 7.341000000000000303e-03 8.968720000000000026e-01 -4.422889999999999877e-01 -1.075999999999999917e-03
1.800000000000000000e+01 2.500000000000000000e+01 8.000000000000000000e+00 0.000000000000000000e+00 1.600000000000000089e+00 3.629999999999999872e-04 5.641000000000000181e-03 -9.999839999999999840e-01 4.414959999999999996e-01 8.972480000000000455e-01 5.222000000000000079e-03 8.972630000000000328e-01 -4.414910000000000223e-01 -2.164000000000000125e-03
2.200000000000000000e+01 2.500000000000000000e+01 8.000000000000000000e+00 0.000000000000000000e+00 1.600000000000000089e+00 -1.363000000000000062e-03 -7.496000000000000059e-03 -9.999710000000000543e-01 4.430910000000000126e-01 8.964469999999999938e-01 -7.323999999999999781e-03 8.964750000000000218e-01 -4.430890000000000106e-01 2.099999999999999870e-03
2.800000000000000000e+01 2.500000000000000000e+01 8.000000000000000000e+00 0.000000000000000000e+00 1.600000000000000089e+00 1.180999999999999975e-03 1.859999999999999945e-04 -9.999989999999999712e-01 4.438679999999999848e-01 8.960919999999999996e-01 6.909999999999999910e-04 8.960909999999999709e-01 -4.438690000000000135e-01 9.759999999999999796e-04
2.000000000000000000e+00 2.400000000000000000e+01 9.000000000000000000e+00 0.000000000000000000e+00 1.600000000000000089e+00 -1.018000000000000025e-03 7.727000000000000361e-03 -9.999700000000000255e-01 4.535710000000000020e-01 8.911970000000000169e-01 6.425000000000000155e-03 8.912189999999999834e-01 -4.535509999999999819e-01 -4.412000000000000123e-03
7.000000000000000000e+00 2.400000000000000000e+01 9.000000000000000000e+00 0.000000000000000000e+00 1.600000000000000089e+00 1.810999999999999893e-03 1.688999999999999963e-03 -9.999970000000000248e-01 4.542619999999999991e-01 8.908650000000000180e-01 2.328000000000000208e-03 8.908660000000000467e-01 -4.542649999999999744e-01 8.459999999999999638e-04
1.000000000000000000e+01 2.400000000000000000e+01 9.000000000000000000e+00 0.000000000000000000e+00 1.600000000000000089e+00 1.930999999999999991e-03 4.009999999999999893e-04 -9.999980000000000535e-01 4.526999999999999913e-01 8.916619999999999546e-01 1.231000000000000106e-03 8.916610000000000369e-01 -4.527019999999999933e-01 1.541000000000000052e-03
1.400000000000000000e+01 2.400000000000000000e+01 9.000000000000000000e+00 0.000000000000000000e+00 1.600000000000000089e+00 2.203999999999999796e-03 4.629000000000000302e-03 -9.999869999999999592e-01 4.507249999999999868e-01 8.926479999999999970e-01 5.125000000000000215e-03 8.926600000000000090e-01 -4.507309999999999928e-01 -1.190000000000000058e-04
1.800000000000000000e+01 2.400000000000000000e+01 9.000000000000000000e+00 0.000000000000000000e+00 1.600000000000000089e+00 3.579999999999999741e-04 6.224000000000000365e-03 -9.999810000000000088e-01 4.490179999999999727e-01 8.935049999999999937e-01 5.721999999999999656e-03 8.935229999999999562e-01 -4.490109999999999935e-01 -2.475000000000000203e-03
2.200000000000000000e+01 2.400000000000000000e+01 9.000000000000000000e+00 0.000000000000000000e+00 1.600000000000000089e+00 -1.603000000000000041e-03 -6.738000000000000066e-03 -9.999759999999999760e-01 4.504059999999999730e-01 8.927990000000000093e-01 -6.738000000000000066e-03 8.928230000000000333e-01 -4.504059999999999730e-01 1.603000000000000041e-03
2.800000000000000000e+01 2.400000000000000000e+01 9.000000000000000000e+00 0.000000000000000000e+00 1.600000000000000089e+00 1.142999999999999919e-03 -4.789999999999999879e-04 -9.999989999999999712e-01 4.512820000000000165e-01 8.923820000000000086e-01 8.799999999999999771e-05 8.923809999999999798e-01 -4.512809999999999877e-01 1.237000000000000035e-03
2.700000000000000000e+01 3.100000000000000000e+01 1.200000000000000000e+01 0.000000000000000000e+00 1.600000000000000089e+00 1.410000000000000012e-03 -9.790000000000000525e-04 9.999989999999999712e-01 -1.244600000000000047e-02 9.999219999999999775e-01 9.970000000000000563e-04 -9.999219999999999775e-01 -1.244800000000000073e-02 1.397999999999999937e-03
4.000000000000000000e+00 3.500000000000000000e+01 1.200000000000000000e+01 0.000000000000000000e+00 1.600000000000000089e+00 5.310999999999999749e-03 -5.446999999999999585e-03 -9.999710000000000543e-01 4.746340000000000003e-01 -8.801529999999999632e-01 7.315000000000000321e-03 -8.801670000000000327e-01 -4.746589999999999976e-01 -2.089000000000000145e-03
8.000000000000000000e+00 3.500000000000000000e+01 1.200000000000000000e+01 0.000000000000000000e+00 1.600000000000000089e+00 1.186999999999999904e-03 -6.124000000000000103e-03 -9.999810000000000088e-01 4.814689999999999803e-01 -8.764429999999999721e-01 5.938999999999999835e-03 -8.764619999999999633e-01 -4.814669999999999783e-01 1.907999999999999974e-03
1.200000000000000000e+01 3.500000000000000000e+01 1.200000000000000000e+01 0.000000000000000000e+00 1.600000000000000089e+00 -9.500000000000000523e-05 -4.166999999999999697e-03 -9.999909999999999632e-01 4.761549999999999949e-01 -8.793539999999999690e-01 3.618999999999999821e-03 -8.793619999999999770e-01 -4.761500000000000177e-01 2.067999999999999960e-03
1.700000000000000000e+01 3.500000000000000000e+01 1.200000000000000000e+01 0.000000000000000000e+00 1.600000000000000089e+00 -1.369999999999999961e-04 2.412000000000000081e-03 -9.999970000000000248e-01 4.737629999999999897e-01 -8.806500000000000439e-01 -2.188999999999999974e-03 -8.806530000000000191e-01 -4.737609999999999877e-01 -1.023000000000000038e-03
2.300000000000000000e+01 3.500000000000000000e+01 1.200000000000000000e+01 0.000000000000000000e+00 1.600000000000000089e+00 -3.654999999999999829e-03 1.106099999999999965e-02 -9.999320000000000430e-01 5.077000000000000401e-01 -8.614589999999999748e-01 -1.138499999999999929e-02 -8.615260000000000140e-01 -5.077070000000000194e-01 -2.467000000000000009e-03
1.200000000000000000e+01 3.200000000000000000e+01 1.400000000000000000e+01 0.000000000000000000e+00 1.600000000000000089e+00 1.716000000000000077e-03 -9.300000000000000541e-04 -9.999980000000000535e-01 1.019270000000000037e-01 9.947920000000000096e-01 -7.500000000000000156e-04 9.947899999999999521e-01 -1.019250000000000017e-01 1.801999999999999999e-03
1.900000000000000000e+01 1.200000000000000000e+01 1.600000000000000000e+01 0.000000000000000000e+00 1.600000000000000089e+00 -2.432999999999999833e-03 2.126300000000000065e-02 9.997709999999999653e-01 2.069000000000000006e-01 -9.781300000000000550e-01 2.130599999999999855e-02 9.783589999999999787e-01 2.069040000000000046e-01 -2.020000000000000094e-03
2.400000000000000000e+01 1.200000000000000000e+01 1.600000000000000000e+01 0.000000000000000000e+00 1.600000000000000089e+00 2.820000000000000241e-04 -2.094100000000000128e-02 9.997810000000000308e-01 2.059080000000000077e-01 -9.783549999999999747e-01 -2.055099999999999982e-02 9.785709999999999686e-01 2.058689999999999964e-01 4.035999999999999657e-03
3.000000000000000000e+00 1.160000000000000000e+02 1.600000000000000000e+01 0.000000000000000000e+00 1.600000000000000089e+00 1.340000000000000045e-03 -1.949999999999999910e-03 9.999970000000000248e-01 7.662550000000000194e-01 6.425359999999999960e-01 2.259999999999999910e-04 -6.425349999999999673e-01 7.662529999999999619e-01 2.356000000000000021e-03
1.600000000000000000e+01 1.160000000000000000e+02 1.600000000000000000e+01 0.000000000000000000e+00 1.600000000000000089e+00 3.171000000000000207e-03 9.430000000000000448e-04 9.999949999999999672e-01 7.586380000000000345e-01 6.515050000000000008e-01 -3.020000000000000115e-03 -6.515050000000000008e-01 7.586429999999999563e-01 1.350000000000000071e-03
2.700000000000000000e+01 1.160000000000000000e+02 1.600000000000000000e+01 0.000000000000000000e+00 1.600000000000000089e+00 2.246000000000000166e-03 7.219999999999999855e-04 9.999970000000000248e-01 7.710000000000000187e-01 6.368310000000000359e-01 -2.190999999999999805e-03 -6.368310000000000359e-01 7.710029999999999939e-01 8.739999999999999939e-04
2.000000000000000000e+00 2.000000000000000000e+00 1.900000000000000000e+01 0.000000000000000000e+00 1.600000000000000089e+00 -1.257000000000000088e-03 -1.523999999999999964e-03 -9.999980000000000535e-01 3.430989999999999873e-01 -9.392989999999999950e-01 1.000000000000000021e-03 -9.392979999999999663e-01 -3.430969999999999853e-01 1.704000000000000003e-03
1.000000000000000000e+01 2.000000000000000000e+00 1.900000000000000000e+01 0.000000000000000000e+00 1.600000000000000089e+00 -4.533999999999999836e-03 1.431400000000000033e-02 -9.998869999999999703e-01 3.329630000000000090e-01 -9.428199999999999914e-01 -1.500699999999999951e-02 -9.429290000000000171e-01 -3.329940000000000122e-01 -4.910000000000000085e-04
1.600000000000000000e+01 2.000000000000000000e+00 1.900000000000000000e+01 0.000000000000000000e+00 1.600000000000000089e+00 -5.858999999999999625e-03 1.545299999999999972e-02 -9.998629999999999463e-01 3.307499999999999885e-01 -9.435740000000000238e-01 -1.652100000000000096e-02 -9.436999999999999833e-01 -3.308019999999999849e-01 4.169999999999999987e-04
3.000000000000000000e+01 2.000000000000000000e+00 1.900000000000000000e+01 0.000000000000000000e+00 1.600000000000000089e+00 7.315999999999999587e-03 -3.021700000000000080e-02 -9.995169999999999888e-01 3.334030000000000049e-01 -9.422770000000000312e-01 3.092699999999999963e-02 -9.427560000000000384e-01 -3.334679999999999866e-01 3.180000000000000101e-03
2.200000000000000000e+01 3.000000000000000000e+00 1.900000000000000000e+01 0.000000000000000000e+00 1.600000000000000089e+00 -2.100000000000000087e-04 1.778199999999999920e-02 -9.998420000000000085e-01 3.142030000000000101e-01 -9.492040000000000477e-01 -1.694700000000000026e-02 -9.493559999999999777e-01 -3.141570000000000196e-01 -5.387000000000000295e-03
2.200000000000000000e+01 4.000000000000000000e+00 2.000000000000000000e+01 0.000000000000000000e+00 1.600000000000000089e+00 3.809999999999999910e-04 1.931499999999999884e-02 -9.998129999999999518e-01 3.798059999999999770e-01 -9.248960000000000514e-01 -1.772299999999999917e-02 -9.250660000000000549e-01 -3.797280000000000100e-01 -7.688000000000000389e-03
2.600000000000000000e+01 4.000000000000000000e+00 2.000000000000000000e+01 0.000000000000000000e+00 1.600000000000000089e+00 4.087000000000000355e-03 -8.904000000000000456e-03 -9.999519999999999520e-01 3.798270000000000257e-01 -9.250059999999999949e-01 9.789000000000000826e-03 -9.250479999999999814e-01 -3.798489999999999922e-01 -3.989999999999999949e-04
1.100000000000000000e+01 1.300000000000000000e+01 2.000000000000000000e+01 0.000000000000000000e+00 1.600000000000000089e+00 6.229999999999999644e-04 -6.809999999999999647e-04 1.000000000000000000e+00 2.686749999999999972e-01 9.632309999999999484e-01 4.889999999999999599e-04 -9.632309999999999484e-01 2.686749999999999972e-01 7.829999999999999504e-04
1.300000000000000000e+01 1.300000000000000000e+01 2.000000000000000000e+01 0.000000000000000000e+00 1.600000000000000089e+00 5.119999999999999768e-04 -5.673000000000000091e-03 9.999839999999999840e-01 2.691450000000000231e-01 9.630849999999999689e-01 5.326000000000000005e-03 -9.630999999999999561e-01 2.691379999999999884e-01 2.020000000000000094e-03
1.800000000000000000e+01 1.300000000000000000e+01 2.000000000000000000e+01 0.000000000000000000e+00 1.600000000000000089e+00 5.050000000000000235e-04 -5.699999999999999772e-04 1.000000000000000000e+00 2.715009999999999923e-01 9.624380000000000157e-01 4.110000000000000155e-04 -9.624380000000000157e-01 2.715000000000000191e-01 6.409999999999999682e-04
2.100000000000000000e+01 1.300000000000000000e+01 2.000000000000000000e+01 0.000000000000000000e+00 1.600000000000000089e+00 8.210000000000000067e-04 2.184999999999999876e-03 9.999970000000000248e-01 2.733010000000000161e-01 9.619259999999999478e-01 -2.325999999999999943e-03 -9.619280000000000053e-01 2.733019999999999894e-01 1.930000000000000021e-04
2.600000000000000000e+01 1.300000000000000000e+01 2.000000000000000000e+01 0.000000000000000000e+00 1.600000000000000089e+00 7.240000000000000342e-04 -4.889999999999999599e-04 1.000000000000000000e+00 2.694819999999999993e-01 9.630049999999999999e-01 2.759999999999999867e-04 -9.630049999999999999e-01 2.694819999999999993e-01 8.289999999999999843e-04
3.000000000000000000e+01 1.300000000000000000e+01 2.000000000000000000e+01 0.000000000000000000e+00 1.600000000000000089e+00 -1.459999999999999981e-04 3.159999999999999832e-04 1.000000000000000000e+00 2.647909999999999986e-01 9.643059999999999965e-01 -2.660000000000000146e-04 -9.643059999999999965e-01 2.647900000000000253e-01 -2.239999999999999966e-04
1.200000000000000000e+01 3.000000000000000000e+00 2.500000000000000000e+01 0.000000000000000000e+00 1.600000000000000089e+00 -3.369000000000000033e-03 1.348099999999999993e-02 9.999029999999999863e-01 5.589000000000000218e-03 -9.998930000000000318e-01 1.349999999999999985e-02 9.999789999999999512e-01 5.634000000000000119e-03 3.292999999999999920e-03
2.200000000000000000e+01 3.000000000000000000e+00 2.500000000000000000e+01 0.000000000000000000e+00 1.600000000000000089e+00 -2.480000000000000000e-03 2.042899999999999924e-02 9.997880000000000100e-01 -3.590700000000000142e-02 -9.991480000000000361e-01 2.032700000000000132e-02 9.993520000000000181e-01 -3.584899999999999892e-02 3.212000000000000011e-03
2.700000000000000000e+01 3.000000000000000000e+00 2.500000000000000000e+01 0.000000000000000000e+00 1.600000000000000089e+00 8.300000000000000086e-04 -1.249399999999999990e-02 9.999219999999999775e-01 -2.145199999999999885e-02 -9.996920000000000250e-01 -1.247400000000000071e-02 9.997700000000000475e-01 -2.144000000000000072e-02 -1.098000000000000018e-03
2.000000000000000000e+00 4.600000000000000000e+01 2.700000000000000000e+01 0.000000000000000000e+00 1.600000000000000089e+00 9.430000000000000448e-04 7.709999999999999840e-04 -9.999989999999999712e-01 6.648840000000000305e-01 7.469459999999999988e-01 1.203000000000000076e-03 7.469459999999999988e-01 -6.648849999999999483e-01 1.910000000000000077e-04
1.900000000000000000e+01 4.600000000000000000e+01 3.000000000000000000e+01 0.000000000000000000e+00 1.600000000000000089e+00 -4.889999999999999599e-04 -1.659000000000000101e-03 -9.999989999999999712e-01 3.258199999999999985e-01 9.454299999999999926e-01 -1.727999999999999935e-03 9.454320000000000501e-01 -3.258199999999999985e-01 7.799999999999999859e-05
3.000000000000000000e+00 5.800000000000000000e+01 3.100000000000000000e+01 0.000000000000000000e+00 1.600000000000000089e+00 -1.345999999999999974e-03 5.218999999999999681e-03 9.999850000000000128e-01 -7.634140000000000370e-01 -6.459049999999999514e-01 2.343000000000000031e-03 6.459080000000000377e-01 -7.633999999999999675e-01 4.853999999999999808e-03
6.000000000000000000e+00 5.800000000000000000e+01 3.100000000000000000e+01 0.000000000000000000e+00 1.600000000000000089e+00 -1.101999999999999898e-03 2.678999999999999958e-03 9.999959999999999960e-01 -7.659880000000000022e-01 -6.428549999999999542e-01 8.779999999999999827e-04 6.428540000000000365e-01 -7.659829999999999695e-01 2.760999999999999999e-03
1.000000000000000000e+01 5.800000000000000000e+01 3.100000000000000000e+01 0.000000000000000000e+00 1.600000000000000089e+00 5.099999999999999960e-05 -3.569000000000000124e-03 9.999940000000000495e-01 -7.668329999999999869e-01 -6.418430000000000524e-01 -2.252000000000000095e-03 6.418469999999999454e-01 -7.668279999999999541e-01 -2.769999999999999893e-03
2.100000000000000000e+01 5.800000000000000000e+01 3.100000000000000000e+01 0.000000000000000000e+00 1.600000000000000089e+00 -6.727000000000000340e-03 -3.278999999999999797e-03 9.999719999999999720e-01 -7.621369999999999534e-01 -6.473750000000000338e-01 -7.250000000000000368e-03 6.473809999999999842e-01 -7.621639999999999526e-01 1.856000000000000011e-03
2.500000000000000000e+01 5.800000000000000000e+01 3.100000000000000000e+01 0.000000000000000000e+00 1.600000000000000089e+00 -4.766000000000000271e-03 -5.888000000000000005e-03 9.999710000000000543e-01 -7.628099999999999881e-01 -6.465800000000000436e-01 -7.442999999999999963e-03 6.466049999999999853e-01 -7.628230000000000288e-01 -1.410000000000000012e-03
8.000000000000000000e+00 4.600000000000000000e+01 3.500000000000000000e+01 0.000000000000000000e+00 1.600000000000000089e+00 -4.699999999999999859e-04 -6.819999999999999890e-04 -1.000000000000000000e+00 3.911780000000000257e-01 -9.203149999999999942e-01 4.429999999999999802e-04 -9.203149999999999942e-01 -3.911769999999999969e-01 6.989999999999999686e-04
1.200000000000000000e+01 4.600000000000000000e+01 3.500000000000000000e+01 0.000000000000000000e+00 1.600000000000000089e+00 7.240000000000000342e-04 -2.919999999999999961e-04 -1.000000000000000000e+00 3.917430000000000079e-01 -9.200739999999999474e-01 5.519999999999999733e-04 -9.200739999999999474e-01 -3.917439999999999811e-01 -5.519999999999999733e-04
2.000000000000000000e+01 4.600000000000000000e+01 3.500000000000000000e+01 0.000000000000000000e+00 1.600000000000000089e+00 -4.629999999999999784e-04 4.180000000000000230e-04 -1.000000000000000000e+00 3.918749999999999734e-01 -9.200180000000000025e-01 -5.659999999999999884e-04 -9.200180000000000025e-01 -3.918760000000000021e-01 2.629999999999999959e-04
2.400000000000000000e+01 4.600000000000000000e+01 3.500000000000000000e+01 0.000000000000000000e+00 1.600000000000000089e+00 5.519999999999999733e-04 2.981999999999999842e-03 -9.999949999999999672e-01 3.907840000000000202e-01 -9.204790000000000472e-01 -2.528999999999999998e-03 -9.204820000000000224e-01 -3.907809999999999895e-01 -1.673999999999999924e-03
7.000000000000000000e+00 2.900000000000000000e+01 4.400000000000000000e+01 0.000000000000000000e+00 1.600000000000000089e+00 -5.640000000000000482e-04 3.014000000000000186e-03 -9.999949999999999672e-01 6.636520000000000197e-01 7.480390000000000095e-01 1.879999999999999944e-03 7.480419999999999847e-01 -6.636469999999999869e-01 -2.422000000000000108e-03
1.300000000000000000e+01 2.900000000000000000e+01 4.400000000000000000e+01 0.000000000000000000e+00 1.600000000000000089e+00 5.280000000000000405e-04 8.000000000000000383e-04 -1.000000000000000000e+00 6.548110000000000319e-01 7.557920000000000194e-01 9.499999999999999981e-04 7.557930000000000481e-01 -6.548110000000000319e-01 -1.250000000000000026e-04
1.900000000000000000e+01 2.900000000000000000e+01 4.400000000000000000e+01 0.000000000000000000e+00 1.600000000000000089e+00 2.809999999999999998e-04 -1.732000000000000033e-03 -9.999980000000000535e-01 6.502759999999999652e-01 7.596969999999999557e-01 -1.132999999999999893e-03 7.596979999999999844e-01 -6.502750000000000474e-01 1.340000000000000045e-03
2.300000000000000000e+01 2.900000000000000000e+01 4.400000000000000000e+01 0.000000000000000000e+00 1.600000000000000089e+00 -1.776000000000000018e-03 -4.375999999999999682e-03 -9.999890000000000168e-01 6.539909999999999890e-01 7.564889999999999670e-01 -4.472000000000000280e-03 7.565009999999999790e-01 -6.539909999999999890e-01 1.518000000000000035e-03
2.800000000000000000e+01 2.900000000000000000e+01 4.400000000000000000e+01 0.000000000000000000e+00 1.600000000000000089e+00 -9.120000000000000502e-04 -5.026000000000000086e-03 -9.999869999999999592e-01 6.568850000000000522e-01 7.539780000000000371e-01 -4.388999999999999672e-03 7.539900000000000491e-01 -6.568810000000000482e-01 2.614000000000000004e-03
1.800000000000000000e+01 6.500000000000000000e+01 4.600000000000000000e+01 0.000000000000000000e+00 1.600000000000000089e+00 -3.553999999999999868e-03 2.364000000000000216e-03 9.999909999999999632e-01 6.828109999999999458e-01 -7.305829999999999824e-01 4.154999999999999839e-03 7.305859999999999577e-01 6.828199999999999825e-01 9.820000000000000170e-04
4.000000000000000000e+00 7.000000000000000000e+01 4.700000000000000000e+01 0.000000000000000000e+00 1.600000000000000089e+00 6.181999999999999995e-03 -1.701999999999999954e-03 -9.999789999999999512e-01 -8.456650000000000000e-01 -5.336959999999999482e-01 -4.318999999999999923e-03 -5.336779999999999857e-01 8.456740000000000368e-01 -4.738000000000000024e-03
1.700000000000000000e+01 7.000000000000000000e+01 4.700000000000000000e+01 0.000000000000000000e+00 1.600000000000000089e+00 3.998999999999999951e-03 1.724999999999999971e-03 -9.999900000000000455e-01 -8.481250000000000178e-01 -5.297779999999999712e-01 -4.304999999999999799e-03 -5.297809999999999464e-01 8.481349999999999723e-01 -6.560000000000000076e-04
6.000000000000000000e+00 5.000000000000000000e+00 5.100000000000000000e+01 0.000000000000000000e+00 1.600000000000000089e+00 1.619999999999999912e-03 5.921000000000000048e-03 -9.999810000000000088e-01 4.799880000000000257e-01 -8.772640000000000438e-01 -4.416999999999999919e-03 -8.772739999999999982e-01 -4.799720000000000097e-01 -4.263000000000000296e-03
2.100000000000000000e+01 5.000000000000000000e+00 5.100000000000000000e+01 0.000000000000000000e+00 1.600000000000000089e+00 -5.760000000000000146e-04 6.278999999999999859e-03 -9.999799999999999800e-01 4.889200000000000212e-01 -8.723090000000000011e-01 -5.759000000000000230e-03 -8.723279999999999923e-01 -4.889140000000000152e-01 -2.567999999999999970e-03
2.900000000000000000e+01 5.000000000000000000e+00 5.100000000000000000e+01 0.000000000000000000e+00 1.600000000000000089e+00 1.165999999999999936e-03 -4.829999999999999767e-04 -9.999989999999999712e-01 4.858600000000000141e-01 -8.740360000000000351e-01 9.890000000000000787e-04 -8.740360000000000351e-01 -4.858609999999999873e-01 -7.849999999999999990e-04
2.500000000000000000e+01 7.000000000000000000e+00 5.200000000000000000e+01 0.000000000000000000e+00 1.600000000000000089e+00 1.020999999999999989e-03 -2.980000000000000010e-03 -9.999949999999999672e-01 1.246020000000000044e-01 -9.922020000000000284e-01 3.083999999999999936e-03 -9.922060000000000324e-01 -1.246040000000000064e-01 -6.409999999999999682e-04
4.000000000000000000e+00 6.300000000000000000e+01 5.400000000000000000e+01 0.000000000000000000e+00 1.600000000000000089e+00 -2.014000000000000165e-03 4.319999999999999838e-04 9.999980000000000535e-01 -3.419829999999999814e-01 9.397050000000000125e-01 -1.095000000000000053e-03 -9.397039999999999837e-01 -3.419840000000000102e-01 -1.745000000000000023e-03
9.000000000000000000e+00 6.300000000000000000e+01 5.400000000000000000e+01 0.000000000000000000e+00 1.600000000000000089e+00 1.079999999999999960e-04 6.909999999999999910e-04 1.000000000000000000e+00 -3.443720000000000114e-01 9.388330000000000286e-01 -6.109999999999999980e-04 -9.388330000000000286e-01 -3.443720000000000114e-01 3.390000000000000001e-04
1.400000000000000000e+01 6.300000000000000000e+01 5.400000000000000000e+01 0.000000000000000000e+00 1.600000000000000089e+00 7.619999999999999820e-04 -2.106999999999999932e-03 9.999970000000000248e-01 -3.458140000000000103e-01 9.383000000000000229e-01 2.239999999999999804e-03 -9.383029999999999982e-01 -3.458149999999999835e-01 -1.399999999999999979e-05
2.100000000000000000e+01 2.000000000000000000e+01 6.000000000000000000e+01 0.000000000000000000e+00 1.600000000000000089e+00 -1.090000000000000067e-04 3.700999999999999863e-03 9.999930000000000208e-01 -6.230299999999999727e-02 9.980499999999999927e-01 -3.700000000000000164e-03 -9.980569999999999720e-01 -6.230299999999999727e-02 1.219999999999999974e-04
2.000000000000000000e+00 2.100000000000000000e+01 6.000000000000000000e+01 0.000000000000000000e+00 1.600000000000000089e+00 1.273999999999999959e-03 4.678999999999999999e-03 9.999879999999999880e-01 -9.322700000000000431e-02 9.956350000000000477e-01 -4.539999999999999765e-03 -9.956439999999999735e-01 -9.321999999999999731e-02 1.704000000000000003e-03
8.000000000000000000e+00 2.100000000000000000e+01 6.000000000000000000e+01 0.000000000000000000e+00 1.600000000000000089e+00 8.080000000000000160e-04 1.244000000000000097e-03 9.999989999999999712e-01 -9.557400000000000617e-02 9.954220000000000290e-01 -1.160999999999999923e-03 -9.954220000000000290e-01 -9.557300000000000517e-02 9.240000000000000166e-04
1.300000000000000000e+01 2.100000000000000000e+01 6.000000000000000000e+01 0.000000000000000000e+00 1.600000000000000089e+00 -1.387999999999999911e-03 -9.029000000000000567e-03 9.999580000000000135e-01 -9.233099999999999641e-02 9.956890000000000462e-01 8.862000000000000086e-03 -9.957270000000000287e-01 -9.231499999999999428e-02 -2.216000000000000088e-03
2.000000000000000000e+01 2.100000000000000000e+01 6.000000000000000000e+01 0.000000000000000000e+00 1.600000000000000089e+00 1.219999999999999974e-04 4.129999999999999991e-03 9.999909999999999632e-01 -9.445399999999999630e-02 9.955209999999999892e-01 -4.100000000000000346e-03 -9.955289999999999973e-01 -9.445299999999999530e-02 5.119999999999999768e-04
2.500000000000000000e+01 2.100000000000000000e+01 6.000000000000000000e+01 0.000000000000000000e+00 1.600000000000000089e+00 -7.950000000000000252e-04 2.755000000000000070e-03 9.999959999999999960e-01 -9.449399999999999467e-02 9.955209999999999892e-01 -2.818000000000000192e-03 -9.955249999999999932e-01 -9.449599999999999667e-02 -5.310000000000000050e-04
1.200000000000000000e+01 6.000000000000000000e+00 6.100000000000000000e+01 0.000000000000000000e+00 1.600000000000000089e+00 2.219000000000000052e-03 -3.851999999999999955e-03 9.999900000000000455e-01 5.653960000000000097e-01 -8.248079999999999856e-01 -4.432000000000000176e-03 8.248170000000000224e-01 5.654000000000000137e-01 3.480000000000000020e-04
8.000000000000000000e+00 2.700000000000000000e+01 6.300000000000000000e+01 0.000000000000000000e+00 1.600000000000000089e+00 1.317000000000000028e-03 -5.126999999999999613e-03 9.999860000000000415e-01 -2.719429999999999903e-01 9.622990000000000155e-01 5.291999999999999829e-03 -9.623119999999999452e-01 -2.719469999999999943e-01 -1.259999999999999998e-04
1.800000000000000000e+01 2.700000000000000000e+01 6.300000000000000000e+01 0.000000000000000000e+00 1.600000000000000089e+00 -2.300000000000000070e-04 -5.040000000000000209e-03 9.999869999999999592e-01 -2.734480000000000244e-01 9.618750000000000355e-01 4.785000000000000191e-03 -9.618870000000000475e-01 -2.734429999999999916e-01 -1.598999999999999944e-03
2.400000000000000000e+01 2.700000000000000000e+01 6.300000000000000000e+01 0.000000000000000000e+00 1.600000000000000089e+00 -1.759999999999999954e-04 -4.510000000000000120e-04 1.000000000000000000e+00 -2.752959999999999852e-01 9.613599999999999923e-01 3.849999999999999798e-04 -9.613599999999999923e-01 -2.752959999999999852e-01 -2.930000000000000204e-04
9.000000000000000000e+00 2.600000000000000000e+01 6.400000000000000000e+01 0.000000000000000000e+00 1.600000000000000089e+00 2.216000000000000088e-03 -4.760999999999999607e-03 9.999860000000000415e-01 -3.639859999999999762e-01 9.313900000000000512e-01 5.240999999999999999e-03 -9.314019999999999522e-01 -3.639919999999999822e-01 3.310000000000000225e-04
2.000000000000000000e+01 2.600000000000000000e+01 6.400000000000000000e+01 0.000000000000000000e+00 1.600000000000000089e+00 1.500000000000000031e-03 -4.466999999999999617e-03 9.999890000000000168e-01 -3.638370000000000215e-01 9.314510000000000289e-01 4.706000000000000114e-03 -9.314609999999999834e-01 -3.638399999999999967e-01 -2.280000000000000126e-04
2.500000000000000000e+01 2.600000000000000000e+01 6.400000000000000000e+01 0.000000000000000000e+00 1.600000000000000089e+00 -8.570000000000000144e-04 -1.309999999999999967e-03 9.999989999999999712e-01 -3.643669999999999964e-01 9.312550000000000550e-01 9.079999999999999530e-04 -9.312550000000000550e-01 -3.643660000000000232e-01 -1.275000000000000092e-03
9.000000000000000000e+00 6.900000000000000000e+01 6.600000000000000000e+01 0.000000000000000000e+00 1.600000000000000089e+00 3.295999999999999885e-03 -2.446999999999999956e-03 9.999919999999999920e-01 -9.517630000000000257e-01 3.068089999999999984e-01 3.887999999999999963e-03 -3.068159999999999776e-01 -9.517679999999999474e-01 -1.317999999999999944e-03
1.300000000000000000e+01 6.900000000000000000e+01 6.600000000000000000e+01 0.000000000000000000e+00 1.600000000000000089e+00 2.746000000000000177e-03 -1.010000000000000020e-04 9.999959999999999960e-01 -9.527259999999999618e-01 3.038179999999999770e-01 2.647000000000000047e-03 -3.038170000000000037e-01 -9.527299999999999658e-01 7.380000000000000492e-04
3.000000000000000000e+00 2.500000000000000000e+01 7.300000000000000000e+01 0.000000000000000000e+00 1.600000000000000089e+00 9.300000000000000541e-04 -5.599999999999999509e-04 9.999989999999999712e-01 7.568439999999999612e-01 -6.535940000000000083e-01 -1.069999999999999988e-03 6.535950000000000371e-01 7.568449999999999900e-01 -1.840000000000000001e-04
7.000000000000000000e+00 2.500000000000000000e+01 7.300000000000000000e+01 0.000000000000000000e+00 1.600000000000000089e+00 -1.038999999999999993e-03 3.589999999999999984e-04 9.999989999999999712e-01 7.542959999999999665e-01 -6.565339999999999510e-01 1.018999999999999941e-03 6.565339999999999510e-01 7.542959999999999665e-01 4.110000000000000155e-04
1.300000000000000000e+01 2.500000000000000000e+01 7.300000000000000000e+01 0.000000000000000000e+00 1.600000000000000089e+00 1.982999999999999954e-03 2.854000000000000200e-03 9.999940000000000495e-01 7.561660000000000048e-01 -6.543799999999999617e-01 3.680000000000000003e-04 6.543769999999999865e-01 7.561600000000000543e-01 -3.455000000000000172e-03
1.600000000000000000e+01 2.500000000000000000e+01 7.300000000000000000e+01 0.000000000000000000e+00 1.600000000000000089e+00 1.025000000000000086e-03 1.172000000000000082e-03 9.999989999999999712e-01 7.560090000000000421e-01 -6.545609999999999484e-01 -7.999999999999999638e-06 6.545609999999999484e-01 7.560080000000000133e-01 -1.557000000000000007e-03
2.200000000000000000e+01 2.500000000000000000e+01 7.300000000000000000e+01 0.000000000000000000e+00 1.600000000000000089e+00 -1.745999999999999939e-03 -3.325999999999999963e-03 9.999930000000000208e-01 7.515540000000000553e-01 -6.596699999999999786e-01 -8.819999999999999715e-04 6.596689999999999499e-01 7.515479999999999938e-01 3.651999999999999864e-03
2.500000000000000000e+01 2.500000000000000000e+01 7.300000000000000000e+01 0.000000000000000000e+00 1.600000000000000089e+00 -4.929999999999999487e-04 -4.695000000000000388e-03 9.999890000000000168e-01 7.534279999999999866e-01 -6.575250000000000261e-01 -2.716000000000000098e-03 6.575299999999999478e-01 7.534189999999999499e-01 3.861999999999999982e-03
1.000000000000000000e+00 4.400000000000000000e+01 7.300000000000000000e+01 0.000000000000000000e+00 1.600000000000000089e+00 4.200000000000000174e-04 1.988999999999999883e-03 9.999980000000000535e-01 5.267499999999999960e-02 -9.986099999999999977e-01 1.964000000000000034e-03 9.986120000000000552e-01 5.267399999999999860e-02 -5.240000000000000517e-04
4.000000000000000000e+00 4.400000000000000000e+01 7.300000000000000000e+01 0.000000000000000000e+00 1.600000000000000089e+00 1.366999999999999943e-03 4.150000000000000043e-04 9.999989999999999712e-01 5.384699999999999903e-02 -9.985490000000000199e-01 3.409999999999999945e-04 9.985479999999999912e-01 5.384599999999999803e-02 -1.386999999999999995e-03
1.000000000000000000e+01 4.400000000000000000e+01 7.300000000000000000e+01 0.000000000000000000e+00 1.600000000000000089e+00 9.060000000000000128e-04 6.880000000000000265e-04 9.999989999999999712e-01 5.263999999999999929e-02 -9.986129999999999729e-01 6.390000000000000280e-04 9.986129999999999729e-01 5.263999999999999929e-02 -9.409999999999999962e-04
1.500000000000000000e+01 4.400000000000000000e+01 7.300000000000000000e+01 0.000000000000000000e+00 1.600000000000000089e+00 -4.510000000000000120e-04 -1.791000000000000057e-03 9.999980000000000535e-01 5.234400000000000164e-02 -9.986279999999999601e-01 -1.765000000000000076e-03 9.986289999999999889e-01 5.234300000000000064e-02 5.439999999999999957e-04
2.200000000000000000e+01 4.400000000000000000e+01 7.300000000000000000e+01 0.000000000000000000e+00 1.600000000000000089e+00 8.080000000000000160e-04 3.602000000000000167e-03 9.999930000000000208e-01 5.304199999999999887e-02 -9.985859999999999737e-01 3.553999999999999868e-03 9.985920000000000352e-01 5.303800000000000181e-02 -9.979999999999999722e-04
2.800000000000000000e+01 4.400000000000000000e+01 7.300000000000000000e+01 0.000000000000000000e+00 1.600000000000000089e+00 1.603000000000000041e-03 3.213000000000000144e-03 9.999940000000000495e-01 5.695999999999999674e-02 -9.983720000000000372e-01 3.115999999999999846e-03 9.983750000000000124e-01 5.695499999999999868e-02 -1.783999999999999996e-03
9.000000000000000000e+00 9.100000000000000000e+01 7.600000000000000000e+01 0.000000000000000000e+00 1.600000000000000089e+00 8.809999999999999472e-04 8.600000000000000331e-05 1.000000000000000000e+00 3.036449999999999982e-01 -9.527849999999999930e-01 -1.849999999999999973e-04 9.527849999999999930e-01 3.036449999999999982e-01 -8.649999999999999920e-04
1.300000000000000000e+01 9.100000000000000000e+01 7.600000000000000000e+01 0.000000000000000000e+00 1.600000000000000089e+00 2.959999999999999849e-04 7.489999999999999913e-04 1.000000000000000000e+00 3.242269999999999874e-01 -9.459790000000000143e-01 6.120000000000000223e-04 9.459790000000000143e-01 3.242269999999999874e-01 -5.230000000000000274e-04
1.600000000000000000e+01 9.100000000000000000e+01 7.600000000000000000e+01 0.000000000000000000e+00 1.600000000000000089e+00 -7.990000000000000140e-04 -9.100000000000000287e-05 1.000000000000000000e+00 3.276209999999999956e-01 -9.448090000000000099e-01 1.759999999999999954e-04 9.448090000000000099e-01 3.276209999999999956e-01 7.839999999999999747e-04
2.000000000000000000e+01 9.100000000000000000e+01 7.600000000000000000e+01 0.000000000000000000e+00 1.600000000000000089e+00 2.860000000000000129e-04 7.550000000000000287e-04 1.000000000000000000e+00 3.174239999999999839e-01 -9.482840000000000158e-01 6.250000000000000130e-04 9.482840000000000158e-01 3.174239999999999839e-01 -5.109999999999999525e-04
2.300000000000000000e+01 9.100000000000000000e+01 7.600000000000000000e+01 0.000000000000000000e+00 1.600000000000000089e+00 3.930000000000000117e-04 1.235999999999999903e-03 9.999989999999999712e-01 3.229739999999999833e-01 -9.464069999999999983e-01 1.043000000000000090e-03 9.464080000000000270e-01 3.229730000000000101e-01 -7.709999999999999840e-04
2.700000000000000000e+01 9.100000000000000000e+01 7.600000000000000000e+01 0.000000000000000000e+00 1.600000000000000089e+00 -6.430000000000000169e-04 -3.150000000000000131e-04 1.000000000000000000e+00 3.218500000000000250e-01 -9.467910000000000492e-01 -9.200000000000000007e-05 9.467910000000000492e-01 3.218500000000000250e-01 7.100000000000000191e-04
7.000000000000000000e+00 6.300000000000000000e+01 8.100000000000000000e+01 0.000000000000000000e+00 1.600000000000000089e+00 4.580000000000000195e-04 1.528000000000000061e-03 9.999989999999999712e-01 1.707300000000000137e-02 -9.998529999999999918e-01 1.520000000000000084e-03 9.998540000000000205e-01 1.707200000000000037e-02 -4.840000000000000010e-04
7.000000000000000000e+00 4.400000000000000000e+01 8.300000000000000000e+01 0.000000000000000000e+00 1.600000000000000089e+00 -3.049999999999999868e-04 2.243999999999999901e-03 9.999970000000000248e-01 5.855299999999999949e-01 -8.106480000000000352e-01 1.998000000000000210e-03 8.106510000000000105e-01 5.855289999999999662e-01 -1.067000000000000023e-03
1.100000000000000000e+01 4.400000000000000000e+01 8.300000000000000000e+01 0.000000000000000000e+00 1.600000000000000089e+00 -6.840000000000000377e-04 4.608000000000000117e-03 9.999890000000000168e-01 5.847930000000000073e-01 -8.111720000000000041e-01 4.138000000000000185e-03 8.111819999999999586e-01 5.847890000000000033e-01 -2.139999999999999975e-03
