4.000000000000000000e+00 1.500000000000000000e+01 4.000000000000000000e+00 0.000000000000000000e+00 1.600000000000000089e+00 -1.188999999999999953e-03 -4.871999999999999595e-03 9.999869999999999592e-01 3.115700000000000136e-01 -9.502140000000000031e-01 -4.258999999999999765e-03 9.502230000000000398e-01 3.115609999999999769e-01 2.648000000000000180e-03
1.100000000000000000e+01 1.500000000000000000e+01 4.000000000000000000e+00 0.000000000000000000e+00 1.600000000000000089e+00 -6.780999999999999701e-03 -1.375499999999999987e-02 9.998820000000000485e-01 2.990760000000000085e-01 -9.541650000000000409e-01 -1.109800000000000023e-02 9.542049999999999699e-01 2.989649999999999808e-01 1.058300000000000039e-02
1.600000000000000000e+01 1.500000000000000000e+01 4.000000000000000000e+00 0.000000000000000000e+00 1.600000000000000089e+00 -4.910000000000000085e-04 -1.258000000000000004e-03 9.999989999999999712e-01 2.961119999999999863e-01 -9.551530000000000298e-01 -1.056000000000000081e-03 9.551530000000000298e-01 2.961119999999999863e-01 8.419999999999999750e-04
2.500000000000000000e+01 1.500000000000000000e+01 4.000000000000000000e+00 0.000000000000000000e+00 1.600000000000000089e+00 -2.837999999999999811e-03 -1.255999999999999955e-03 9.999949999999999672e-01 3.055209999999999870e-01 -9.521849999999999481e-01 -3.289999999999999739e-04 9.521810000000000551e-01 3.055180000000000118e-01 3.086000000000000201e-03
1.700000000000000000e+01 4.000000000000000000e+00 5.000000000000000000e+00 0.000000000000000000e+00 1.600000000000000089e+00 -6.670999999999999847e-03 -2.230199999999999891e-02 9.997289999999999788e-01 2.280469999999999997e-01 -9.734410000000000007e-01 -2.019400000000000014e-02 9.736270000000000202e-01 2.278499999999999970e-01 1.158000000000000002e-02
9.000000000000000000e+00 1.010000000000000000e+02 7.000000000000000000e+00 0.000000000000000000e+00 1.600000000000000089e+00 -7.479000000000000405e-03 -4.459999999999999989e-04 9.999719999999999720e-01 8.792600000000000415e-01 4.762930000000000219e-01 6.788999999999999896e-03 -4.762830000000000119e-01 8.792860000000000120e-01 -3.170000000000000075e-03
1.600000000000000000e+01 1.010000000000000000e+02 7.000000000000000000e+00 0.000000000000000000e+00 1.600000000000000089e+00 4.248000000000000040e-03 -9.664999999999999980e-03 9.999440000000000550e-01 8.787329999999999863e-01 4.773129999999999873e-01 8.800000000000000313e-04 -4.772950000000000248e-01 8.786800000000000166e-01 1.052100000000000084e-02
3.000000000000000000e+01 1.010000000000000000e+02 7.000000000000000000e+00 0.000000000000000000e+00 1.600000000000000089e+00 -1.904000000000000093e-03 -1.445699999999999937e-02 9.998939999999999495e-01 8.845990000000000242e-01 4.662760000000000238e-01 8.425999999999999462e-03 -4.663490000000000135e-01 8.845210000000000017e-01 1.190100000000000012e-02
4.000000000000000000e+00 2.500000000000000000e+01 8.000000000000000000e+00 0.000000000000000000e+00 1.600000000000000089e+00 2.174999999999999850e-03 1.054000000000000032e-03 -9.999970000000000248e-01 4.451490000000000169e-01 8.954539999999999722e-01 1.912000000000000071e-03 8.954539999999999722e-01 -4.451519999999999921e-01 1.477999999999999930e-03
9.000000000000000000e+00 2.500000000000000000e+01 8.000000000000000000e+00 0.000000000000000000e+00 1.600000000000000089e+00 1.113999999999999973e-03 3.031999999999999973e-03 -9.999949999999999672e-01 4.439270000000000160e-01 8.960569999999999924e-01 3.210999999999999879e-03 8.960620000000000251e-01 -4.439279999999999893e-01 -3.469999999999999777e-04
1.300000000000000000e+01 2.500000000000000000e+01 8.000000000000000000e+00 0.000000000000000000e+00 1.600000000000000089e+00 -1.121000000000000035e-03 2.239999999999999804e-03 -9.999970000000000248e-01 4.433250000000000246e-01 8.963600000000000456e-01 1.510999999999999973e-03 8.963600000000000456e-01 -4.433219999999999938e-01 -1.998000000000000210e-03
2.000000000000000000e+01 2.500000000000000000e+01 8.000000000000000000e+00 0.000000000000000000e+00 1.600000000000000089e+00 3.499999999999999964e-04 -1.376999999999999969e-03 -9.999989999999999712e-01 4.425620000000000109e-01 8.967370000000000063e-01 -1.080000000000000014e-03 8.967380000000000351e-01 -4.425620000000000109e-01 9.240000000000000166e-04
2.500000000000000000e+01 2.500000000000000000e+01 8.000000000000000000e+00 0.000000000000000000e+00 1.600000000000000089e+00 2.426000000000000205e-03 6.220000000000000485e-04 -9.999970000000000248e-01 4.418190000000000173e-01 8.971029999999999838e-01 1.629999999999999939e-03 8.971010000000000373e-01 -4.418219999999999925e-01 1.900999999999999912e-03
3.000000000000000000e+01 2.500000000000000000e+01 8.000000000000000000e+00 0.000000000000000000e+00 1.600000000000000089e+00 2.867000000000000191e-03 3.275000000000000133e-03 -9.999909999999999632e-01 4.429159999999999764e-01 8.965530000000000443e-01 4.205999999999999669e-03 8.965589999999999948e-01 -4.429239999999999844e-01 1.119999999999999902e-03
4.000000000000000000e+00 2.400000000000000000e+01 9.000000000000000000e+00 0.000000000000000000e+00 1.600000000000000089e+00 1.977000000000000025e-03 2.577999999999999996e-03 -9.999949999999999672e-01 4.471829999999999972e-01 8.944370000000000376e-01 3.190000000000000127e-03 8.944400000000000128e-01 -4.471870000000000012e-01 6.160000000000000111e-04
9.000000000000000000e+00 2.400000000000000000e+01 9.000000000000000000e+00 0.000000000000000000e+00 1.600000000000000089e+00 1.319000000000000077e-03 2.948000000000000100e-03 -9.999949999999999672e-01 4.466269999999999962e-01 8.947140000000000093e-01 3.226999999999999834e-03 8.947190000000000420e-01 -4.466289999999999982e-01 -1.369999999999999961e-04
1.300000000000000000e+01 2.400000000000000000e+01 9.000000000000000000e+00 0.000000000000000000e+00 1.600000000000000089e+00 -8.890000000000000333e-04 3.060999999999999919e-03 -9.999949999999999672e-01 4.456499999999999906e-01 8.952039999999999997e-01 2.344000000000000163e-03 8.952069999999999750e-01 -4.456450000000000133e-01 -2.160000000000000028e-03
2.000000000000000000e+01 2.400000000000000000e+01 9.000000000000000000e+00 0.000000000000000000e+00 1.600000000000000089e+00 3.759999999999999779e-04 -2.811999999999999830e-03 -9.999959999999999960e-01 4.446760000000000157e-01 8.956880000000000397e-01 -2.350999999999999791e-03 8.956910000000000149e-01 -4.446740000000000137e-01 1.588000000000000002e-03
2.900000000000000000e+01 2.400000000000000000e+01 9.000000000000000000e+00 0.000000000000000000e+00 1.600000000000000089e+00 2.579000000000000129e-03 5.742999999999999841e-03 -9.999799999999999800e-01 4.442260000000000097e-01 8.958930000000000504e-01 6.290999999999999717e-03 8.959110000000000129e-01 -4.442340000000000177e-01 -2.410000000000000033e-04
3.000000000000000000e+01 3.100000000000000000e+01 1.200000000000000000e+01 0.000000000000000000e+00 1.600000000000000089e+00 -4.760000000000000234e-04 -4.389999999999999805e-03 9.999900000000000455e-01 9.122999999999999166e-03 9.999489999999999768e-01 4.394000000000000336e-03 -9.999580000000000135e-01 9.124999999999999431e-03 -4.350000000000000026e-04
1.000000000000000000e+01 1.160000000000000000e+02 1.600000000000000000e+01 0.000000000000000000e+00 1.600000000000000089e+00 7.759999999999999971e-04 -1.469000000000000037e-03 9.999989999999999712e-01 7.035740000000000327e-01 7.106219999999999759e-01 4.979999999999999618e-04 -7.106219999999999759e-01 7.035730000000000040e-01 1.585000000000000037e-03
1.700000000000000000e+01 1.160000000000000000e+02 1.600000000000000000e+01 0.000000000000000000e+00 1.600000000000000089e+00 -1.232000000000000022e-03 -4.440000000000000045e-04 9.999989999999999712e-01 6.937919999999999643e-01 7.201739999999999808e-01 1.175000000000000046e-03 -7.201739999999999808e-01 6.937929999999999930e-01 -5.789999999999999791e-04
3.000000000000000000e+01 1.160000000000000000e+02 1.600000000000000000e+01 0.000000000000000000e+00 1.600000000000000089e+00 -1.098999999999999934e-03 3.490000000000000263e-04 9.999989999999999712e-01 6.567070000000000407e-01 7.541449999999999543e-01 4.580000000000000195e-04 -7.541449999999999543e-01 6.567070000000000407e-01 -1.057999999999999913e-03
1.000000000000000000e+00 2.000000000000000000e+00 1.900000000000000000e+01 0.000000000000000000e+00 1.600000000000000089e+00 3.766999999999999949e-03 -3.049999999999999868e-04 -9.999930000000000208e-01 1.835160000000000124e-01 -9.830160000000000009e-01 9.909999999999999105e-04 -9.830100000000000504e-01 -1.835179999999999867e-01 -3.647000000000000068e-03
8.000000000000000000e+00 2.000000000000000000e+00 1.900000000000000000e+01 0.000000000000000000e+00 1.600000000000000089e+00 -1.832000000000000078e-03 8.595999999999999475e-03 -9.999609999999999888e-01 1.856190000000000062e-01 -9.825819999999999554e-01 -8.786999999999999672e-03 -9.826200000000000490e-01 -1.856279999999999875e-01 2.039999999999999984e-04
1.300000000000000000e+01 2.000000000000000000e+00 1.900000000000000000e+01 0.000000000000000000e+00 1.600000000000000089e+00 9.200000000000000007e-05 9.627000000000000141e-03 -9.999540000000000095e-01 1.904740000000000044e-01 -9.816470000000000473e-01 -9.433000000000000412e-03 -9.816920000000000091e-01 -1.904639999999999944e-01 -1.923999999999999929e-03
1.700000000000000000e+01 2.000000000000000000e+00 1.900000000000000000e+01 0.000000000000000000e+00 1.600000000000000089e+00 3.298999999999999849e-03 -1.045500000000000075e-02 -9.999400000000000510e-01 1.931249999999999911e-01 -9.811140000000000416e-01 1.089599999999999944e-02 -9.811689999999999579e-01 -1.931489999999999874e-01 -1.217999999999999899e-03
2.700000000000000000e+01 2.000000000000000000e+00 1.900000000000000000e+01 0.000000000000000000e+00 1.600000000000000089e+00 -1.002000000000000069e-03 -1.141000000000000087e-03 -9.999989999999999712e-01 1.910550000000000026e-01 -9.815789999999999793e-01 9.290000000000000297e-04 -9.815789999999999793e-01 -1.910540000000000016e-01 1.201999999999999943e-03
1.000000000000000000e+00 1.300000000000000000e+01 2.000000000000000000e+01 0.000000000000000000e+00 1.600000000000000089e+00 2.959999999999999958e-03 8.699999999999999400e-03 9.999580000000000135e-01 2.480189999999999895e-01 9.687120000000000175e-01 -9.162000000000000005e-03 -9.687510000000000288e-01 2.480360000000000065e-01 7.089999999999999948e-04
8.000000000000000000e+00 1.300000000000000000e+01 2.000000000000000000e+01 0.000000000000000000e+00 1.600000000000000089e+00 -1.363999999999999978e-03 -2.665999999999999967e-03 9.999949999999999672e-01 2.497640000000000138e-01 9.683019999999999960e-01 2.922000000000000118e-03 -9.683060000000000000e-01 2.497669999999999890e-01 -6.549999999999999833e-04
1.200000000000000000e+01 1.300000000000000000e+01 2.000000000000000000e+01 0.000000000000000000e+00 1.600000000000000089e+00 -2.580999999999999961e-03 -1.137799999999999923e-02 9.999320000000000430e-01 2.510240000000000249e-01 9.679109999999999658e-01 1.166099999999999949e-02 -9.679769999999999763e-01 2.510370000000000101e-01 3.579999999999999741e-04
2.500000000000000000e+01 1.300000000000000000e+01 2.000000000000000000e+01 0.000000000000000000e+00 1.600000000000000089e+00 -1.606999999999999922e-03 -4.628000000000000169e-03 9.999879999999999880e-01 2.476909999999999945e-01 9.688269999999999937e-01 4.882000000000000055e-03 -9.688379999999999770e-01 2.476959999999999995e-01 -4.110000000000000155e-04
2.000000000000000000e+00 1.600000000000000000e+01 2.100000000000000000e+01 0.000000000000000000e+00 1.600000000000000089e+00 4.080000000000000293e-03 1.217400000000000079e-02 9.999179999999999735e-01 2.968569999999999820e-01 9.548360000000000181e-01 -1.283600000000000019e-02 -9.549130000000000118e-01 2.968839999999999812e-01 2.820000000000000241e-04
1.300000000000000000e+01 1.600000000000000000e+01 2.100000000000000000e+01 0.000000000000000000e+00 1.600000000000000089e+00 -1.105000000000000079e-03 -9.658999999999999184e-03 9.999529999999999808e-01 2.966170000000000195e-01 9.549490000000000478e-01 9.551999999999999727e-03 -9.549959999999999560e-01 2.966139999999999888e-01 1.809000000000000061e-03
1.700000000000000000e+01 1.600000000000000000e+01 2.100000000000000000e+01 0.000000000000000000e+00 1.600000000000000089e+00 7.955999999999999531e-03 2.052999999999999964e-02 9.997580000000000355e-01 2.956679999999999864e-01 9.550380000000000535e-01 -2.196499999999999841e-02 -9.552580000000000515e-01 2.957710000000000061e-01 1.528000000000000061e-03
7.000000000000000000e+00 3.000000000000000000e+00 2.500000000000000000e+01 0.000000000000000000e+00 1.600000000000000089e+00 3.768000000000000082e-03 1.034999999999999896e-03 9.999919999999999920e-01 -5.596700000000000286e-02 -9.984319999999999862e-01 1.245000000000000013e-03 9.984260000000000357e-01 -5.597099999999999992e-02 -3.703999999999999827e-03
1.000000000000000000e+01 3.000000000000000000e+00 2.500000000000000000e+01 0.000000000000000000e+00 1.600000000000000089e+00 4.649000000000000354e-03 1.502000000000000036e-02 9.998759999999999870e-01 -5.224899999999999683e-02 -9.985180000000000167e-01 1.524200000000000034e-02 9.986230000000000384e-01 -5.231299999999999839e-02 -3.857999999999999884e-03
1.400000000000000000e+01 3.000000000000000000e+00 2.500000000000000000e+01 0.000000000000000000e+00 1.600000000000000089e+00 -1.730999999999999900e-03 7.695999999999999716e-03 9.999689999999999968e-01 -4.954000000000000070e-02 -9.987430000000000474e-01 7.601000000000000117e-03 9.987709999999999644e-01 -4.952600000000000058e-02 2.109999999999999896e-03
2.100000000000000000e+01 3.000000000000000000e+00 2.500000000000000000e+01 0.000000000000000000e+00 1.600000000000000089e+00 1.289999999999999914e-04 -1.822999999999999968e-03 9.999980000000000535e-01 -5.716600000000000154e-02 -9.983630000000000004e-01 -1.812000000000000026e-03 9.983649999999999469e-01 -5.716600000000000154e-02 -2.329999999999999986e-04
2.600000000000000000e+01 3.000000000000000000e+00 2.500000000000000000e+01 0.000000000000000000e+00 1.600000000000000089e+00 4.858999999999999604e-03 -4.473000000000000413e-03 9.999780000000000335e-01 -6.544500000000000317e-02 -9.978479999999999572e-01 -4.146000000000000379e-03 9.978439999999999532e-01 -6.542299999999999505e-02 -5.140999999999999737e-03
3.000000000000000000e+01 3.000000000000000000e+00 2.500000000000000000e+01 0.000000000000000000e+00 1.600000000000000089e+00 1.008799999999999975e-02 -5.628000000000000190e-03 9.999329999999999607e-01 -6.572899999999999576e-02 -9.978249999999999620e-01 -4.952999999999999937e-03 9.977869999999999795e-01 -6.567399999999999627e-02 -1.043600000000000083e-02
1.100000000000000000e+01 4.600000000000000000e+01 2.700000000000000000e+01 0.000000000000000000e+00 1.600000000000000089e+00 -5.379999999999999583e-04 -3.395000000000000014e-03 -9.999940000000000495e-01 6.625039999999999818e-01 7.490529999999999688e-01 -2.899999999999999800e-03 7.490590000000000304e-01 -6.625010000000000066e-01 1.846999999999999901e-03
2.300000000000000000e+01 4.600000000000000000e+01 2.700000000000000000e+01 0.000000000000000000e+00 1.600000000000000089e+00 -1.240999999999999916e-03 -3.890000000000000228e-04 -9.999989999999999712e-01 6.597119999999999651e-01 7.515169999999999906e-01 -1.111000000000000008e-03 7.515169999999999906e-01 -6.597129999999999939e-01 -6.759999999999999516e-04
2.800000000000000000e+01 4.600000000000000000e+01 2.700000000000000000e+01 0.000000000000000000e+00 1.600000000000000089e+00 -2.220000000000000022e-04 -2.031999999999999952e-03 -9.999980000000000535e-01 6.532729999999999926e-01 7.571210000000000440e-01 -1.683999999999999950e-03 7.571229999999999905e-01 -6.532719999999999638e-01 1.160000000000000007e-03
2.400000000000000000e+01 4.600000000000000000e+01 3.000000000000000000e+01 0.000000000000000000e+00 1.600000000000000089e+00 -7.190000000000000210e-04 6.890000000000000508e-04 -1.000000000000000000e+00 3.325230000000000130e-01 9.430950000000000166e-01 4.110000000000000155e-04 9.430950000000000166e-01 -3.325219999999999843e-01 -9.070000000000000371e-04
2.400000000000000000e+01 2.300000000000000000e+01 3.400000000000000000e+01 0.000000000000000000e+00 1.600000000000000089e+00 -6.430000000000000169e-04 2.671999999999999896e-03 9.999959999999999960e-01 4.007430000000000159e-01 -9.161869999999999736e-01 2.706000000000000072e-03 9.161899999999999489e-01 4.007430000000000159e-01 -4.820000000000000066e-04
2.400000000000000000e+01 4.200000000000000000e+01 3.400000000000000000e+01 0.000000000000000000e+00 1.600000000000000089e+00 5.940000000000000184e-04 -2.126999999999999984e-03 -9.999980000000000535e-01 -2.918430000000000191e-01 9.564639999999999809e-01 -2.207000000000000194e-03 9.564660000000000384e-01 2.918430000000000191e-01 -5.300000000000000078e-05
2.800000000000000000e+01 4.200000000000000000e+01 3.400000000000000000e+01 0.000000000000000000e+00 1.600000000000000089e+00 4.452000000000000228e-03 -4.840999999999999817e-03 -9.999780000000000335e-01 -2.900220000000000020e-01 9.570020000000000193e-01 -5.924999999999999711e-03 9.570100000000000273e-01 2.900420000000000220e-01 2.856000000000000032e-03
1.000000000000000000e+00 4.600000000000000000e+01 3.500000000000000000e+01 0.000000000000000000e+00 1.600000000000000089e+00 1.077999999999999965e-03 -7.165000000000000362e-03 -9.999740000000000295e-01 3.891740000000000199e-01 -9.211380000000000123e-01 7.020000000000000198e-03 -9.211639999999999828e-01 -3.891709999999999892e-01 1.796000000000000070e-03
4.000000000000000000e+00 4.600000000000000000e+01 3.500000000000000000e+01 0.000000000000000000e+00 1.600000000000000089e+00 -2.199999999999999943e-05 -5.200999999999999894e-03 -9.999869999999999592e-01 3.885029999999999872e-01 -9.214350000000000041e-01 4.784000000000000058e-03 -9.214480000000000448e-01 -3.884969999999999812e-01 2.040000000000000147e-03
1.100000000000000000e+01 4.600000000000000000e+01 3.500000000000000000e+01 0.000000000000000000e+00 1.600000000000000089e+00 -2.082000000000000083e-03 1.590000000000000050e-03 -9.999970000000000248e-01 3.908929999999999905e-01 -9.204329999999999457e-01 -2.276999999999999944e-03 -9.204339999999999744e-01 -3.908969999999999945e-01 1.294999999999999927e-03
1.700000000000000000e+01 4.600000000000000000e+01 3.500000000000000000e+01 0.000000000000000000e+00 1.600000000000000089e+00 5.372000000000000039e-03 -5.363999999999999845e-03 -9.999710000000000543e-01 3.872209999999999819e-01 -9.219600000000000017e-01 7.024999999999999994e-03 -9.219709999999999850e-01 -3.872470000000000079e-01 -2.874999999999999951e-03
2.000000000000000000e+01 4.600000000000000000e+01 3.500000000000000000e+01 0.000000000000000000e+00 1.600000000000000089e+00 3.531999999999999983e-03 -3.848999999999999991e-03 -9.999860000000000415e-01 3.847700000000000009e-01 -9.229990000000000139e-01 4.911999999999999700e-03 -9.230059999999999931e-01 -3.847820000000000129e-01 -1.778999999999999982e-03
2.500000000000000000e+01 4.600000000000000000e+01 3.500000000000000000e+01 0.000000000000000000e+00 1.600000000000000089e+00 -3.069999999999999812e-04 -1.900000000000000105e-05 -1.000000000000000000e+00 3.838199999999999945e-01 -9.234080000000000066e-01 -1.000000000000000048e-04 -9.234080000000000066e-01 -3.838199999999999945e-01 2.910000000000000260e-04
1.200000000000000000e+01 9.500000000000000000e+01 3.600000000000000000e+01 0.000000000000000000e+00 1.600000000000000089e+00 -7.440999999999999698e-03 -1.290499999999999980e-02 9.998890000000000278e-01 9.979479999999999462e-01 6.349299999999999389e-02 8.245999999999999858e-03 -6.359299999999999675e-02 9.978989999999999805e-01 1.240600000000000036e-02
2.200000000000000000e+01 9.500000000000000000e+01 3.600000000000000000e+01 0.000000000000000000e+00 1.600000000000000089e+00 1.544099999999999986e-02 2.341700000000000031e-02 9.996070000000000233e-01 9.973710000000000075e-01 7.043399999999999661e-02 -1.705699999999999925e-02 -7.080599999999999394e-02 9.972419999999999618e-01 -2.226799999999999960e-02
2.700000000000000000e+01 9.500000000000000000e+01 3.600000000000000000e+01 0.000000000000000000e+00 1.600000000000000089e+00 2.599999999999999840e-05 1.610000000000000103e-04 1.000000000000000000e+00 9.976460000000000328e-01 6.857699999999999907e-02 -3.699999999999999811e-05 -6.857699999999999907e-02 9.976460000000000328e-01 -1.579999999999999916e-04
2.600000000000000000e+01 9.500000000000000000e+01 3.700000000000000000e+01 0.000000000000000000e+00 1.600000000000000089e+00 4.010999999999999809e-03 2.900000000000000017e-04 9.999919999999999920e-01 9.959179999999999700e-01 9.017699999999999327e-02 -4.021000000000000268e-03 -9.017699999999999327e-02 9.959259999999999780e-01 7.200000000000000182e-05
2.000000000000000000e+00 2.900000000000000000e+01 4.400000000000000000e+01 0.000000000000000000e+00 1.600000000000000089e+00 -4.015999999999999605e-03 -7.105000000000000204e-03 -9.999670000000000503e-01 6.988950000000000440e-01 7.151800000000000379e-01 -7.887999999999999179e-03 7.152129999999999876e-01 -6.989039999999999697e-01 2.093999999999999941e-03
5.000000000000000000e+00 2.900000000000000000e+01 4.400000000000000000e+01 0.000000000000000000e+00 1.600000000000000089e+00 -5.240000000000000517e-04 -1.317399999999999995e-02 -9.999130000000000518e-01 6.721829999999999750e-01 7.403159999999999741e-01 -1.010600000000000040e-02 7.403849999999999598e-01 -6.721300000000000052e-01 8.467000000000000567e-03
1.500000000000000000e+01 2.900000000000000000e+01 4.400000000000000000e+01 0.000000000000000000e+00 1.600000000000000089e+00 3.226000000000000135e-03 5.636999999999999650e-03 -9.999789999999999512e-01 6.404900000000000038e-01 7.679399999999999560e-01 6.394999999999999643e-03 7.679599999999999760e-01 -6.404969999999999830e-01 -1.132999999999999893e-03
2.300000000000000000e+01 2.900000000000000000e+01 4.400000000000000000e+01 0.000000000000000000e+00 1.600000000000000089e+00 -5.400000000000000069e-04 -4.029999999999999837e-04 -1.000000000000000000e+00 6.441480000000000539e-01 7.649010000000000531e-01 -6.560000000000000076e-04 7.649010000000000531e-01 -6.441480000000000539e-01 -1.530000000000000056e-04
2.900000000000000000e+01 2.900000000000000000e+01 4.400000000000000000e+01 0.000000000000000000e+00 1.600000000000000089e+00 3.300000000000000253e-05 -5.190000000000000386e-04 -1.000000000000000000e+00 6.505199999999999871e-01 7.594889999999999697e-01 -3.730000000000000134e-04 7.594889999999999697e-01 -6.505199999999999871e-01 3.629999999999999872e-04
2.200000000000000000e+01 6.500000000000000000e+01 4.600000000000000000e+01 0.000000000000000000e+00 1.600000000000000089e+00 -0.000000000000000000e+00 -1.379000000000000017e-03 9.999989999999999712e-01 6.798499999999999543e-01 -7.333509999999999751e-01 -1.010999999999999963e-03 7.333520000000000039e-01 6.798490000000000366e-01 9.380000000000000317e-04
3.000000000000000000e+00 2.900000000000000000e+01 4.800000000000000000e+01 0.000000000000000000e+00 1.600000000000000089e+00 -4.202000000000000006e-03 -5.833599999999999897e-02 9.982879999999999532e-01 3.808219999999999938e-01 9.229789999999999939e-01 5.553799999999999709e-02 -9.246389999999999887e-01 3.804040000000000199e-01 1.833699999999999913e-02
1.100000000000000000e+01 5.000000000000000000e+00 5.100000000000000000e+01 0.000000000000000000e+00 1.600000000000000089e+00 1.219000000000000031e-03 -8.340999999999999456e-03 -9.999639999999999640e-01 4.879000000000000004e-01 -8.728639999999999732e-01 7.875000000000000056e-03 -8.728989999999999805e-01 -4.878919999999999924e-01 3.005999999999999991e-03
1.700000000000000000e+01 5.000000000000000000e+00 5.100000000000000000e+01 0.000000000000000000e+00 1.600000000000000089e+00 -2.703999999999999806e-03 3.999999999999999819e-06 -9.999959999999999960e-01 4.876460000000000239e-01 -8.730400000000000382e-01 -1.322000000000000041e-03 -8.730369999999999520e-01 -4.876480000000000259e-01 2.358999999999999986e-03
1.000000000000000000e+01 3.900000000000000000e+01 5.100000000000000000e+01 0.000000000000000000e+00 1.600000000000000089e+00 -1.027800000000000068e-02 -3.279420000000000113e-01 9.446419999999999817e-01 3.330290000000000195e-01 8.896370000000000111e-01 3.124700000000000255e-01 -9.428600000000000314e-01 3.178050000000000042e-01 1.000709999999999933e-01
4.000000000000000000e+00 1.150000000000000000e+02 5.100000000000000000e+01 0.000000000000000000e+00 1.600000000000000089e+00 1.636000000000000084e-03 1.357300000000000000e-02 9.999069999999999903e-01 8.454930000000000501e-01 -5.339540000000000397e-01 5.865000000000000421e-03 5.339829999999999854e-01 8.454049999999999621e-01 -1.234900000000000060e-02
9.000000000000000000e+00 7.000000000000000000e+00 5.200000000000000000e+01 0.000000000000000000e+00 1.600000000000000089e+00 -2.684999999999999887e-03 -6.509000000000000029e-03 -9.999749999999999472e-01 1.068749999999999978e-01 -9.942530000000000534e-01 6.185000000000000393e-03 -9.942689999999999584e-01 -1.068560000000000065e-01 3.364999999999999936e-03
1.100000000000000000e+01 4.000000000000000000e+01 5.200000000000000000e+01 0.000000000000000000e+00 1.600000000000000089e+00 2.435000000000000098e-03 -2.116449999999999998e-01 9.773429999999999618e-01 1.693580000000000085e-01 9.633150000000000324e-01 2.081860000000000099e-01 -9.855519999999999836e-01 1.650139999999999940e-01 3.819000000000000172e-02
1.800000000000000000e+01 4.200000000000000000e+01 5.200000000000000000e+01 0.000000000000000000e+00 1.600000000000000089e+00 3.333499999999999658e-02 -6.811120000000000507e-01 7.314199999999999591e-01 8.296499999999999708e-02 7.311860000000000026e-01 6.771139999999999937e-01 -9.959949999999999637e-01 3.811099999999999904e-02 8.088299999999999657e-02
2.400000000000000000e+01 4.400000000000000000e+01 5.300000000000000000e+01 0.000000000000000000e+00 1.600000000000000089e+00 5.482100000000000167e-02 -4.633140000000000036e-01 -8.844969999999999777e-01 8.636299999999999533e-02 -8.803090000000000082e-01 4.664730000000000265e-01 -9.947540000000000271e-01 -1.019599999999999951e-01 -8.245999999999999858e-03
2.000000000000000000e+00 4.500000000000000000e+01 5.300000000000000000e+01 0.000000000000000000e+00 1.600000000000000089e+00 3.019080000000000097e-01 -3.695099999999999774e-02 9.526210000000000511e-01 -8.213000000000000300e-01 4.972949999999999871e-01 2.795790000000000219e-01 -4.840639999999999943e-01 -8.667949999999999822e-01 1.197899999999999937e-01
2.300000000000000000e+01 4.500000000000000000e+01 5.300000000000000000e+01 0.000000000000000000e+00 1.600000000000000089e+00 7.833800000000000485e-02 -6.609059999999999935e-01 -7.463689999999999491e-01 8.175499999999999434e-02 -7.418890000000000207e-01 6.655200000000000005e-01 -9.935690000000000355e-01 -1.131550000000000056e-01 -4.086000000000000222e-03
2.200000000000000000e+01 4.600000000000000000e+01 5.300000000000000000e+01 0.000000000000000000e+00 1.600000000000000089e+00 1.022750000000000048e-01 -7.293849999999999500e-01 -6.764149999999999885e-01 1.062260000000000010e-01 -6.680840000000000112e-01 7.364640000000000075e-01 -9.890679999999999472e-01 -1.471739999999999993e-01 9.150999999999999412e-03
2.000000000000000000e+00 6.300000000000000000e+01 5.400000000000000000e+01 0.000000000000000000e+00 1.600000000000000089e+00 -2.820000000000000241e-04 -7.093999999999999612e-03 9.999749999999999472e-01 -3.703620000000000245e-01 9.288650000000000517e-01 6.485000000000000313e-03 -9.288880000000000470e-01 -3.703509999999999858e-01 -2.889000000000000075e-03
8.000000000000000000e+00 6.300000000000000000e+01 5.400000000000000000e+01 0.000000000000000000e+00 1.600000000000000089e+00 -1.060000000000000016e-04 -6.499999999999999431e-05 1.000000000000000000e+00 -3.636090000000000155e-01 9.315510000000000179e-01 2.199999999999999943e-05 -9.315510000000000179e-01 -3.636090000000000155e-01 -1.230000000000000082e-04
1.100000000000000000e+01 6.300000000000000000e+01 5.400000000000000000e+01 0.000000000000000000e+00 1.600000000000000089e+00 -6.329999999999999906e-04 1.275000000000000092e-03 9.999989999999999712e-01 -3.637199999999999878e-01 9.315069999999999739e-01 -1.417999999999999990e-03 -9.315080000000000027e-01 -3.637199999999999878e-01 -1.259999999999999998e-04
1.500000000000000000e+01 6.300000000000000000e+01 5.400000000000000000e+01 0.000000000000000000e+00 1.600000000000000089e+00 -4.040000000000000080e-04 2.187000000000000142e-03 9.999980000000000535e-01 -3.621670000000000167e-01 9.321110000000000229e-01 -2.184999999999999876e-03 -9.321129999999999693e-01 -3.621670000000000167e-01 4.159999999999999744e-04
1.900000000000000000e+01 6.300000000000000000e+01 5.400000000000000000e+01 0.000000000000000000e+00 1.600000000000000089e+00 -7.990000000000000140e-04 4.427000000000000379e-03 9.999900000000000455e-01 -3.602719999999999811e-01 9.328370000000000273e-01 -4.418000000000000052e-03 -9.328469999999999818e-01 -3.602719999999999811e-01 8.490000000000000368e-04
2.600000000000000000e+01 6.300000000000000000e+01 5.400000000000000000e+01 0.000000000000000000e+00 1.600000000000000089e+00 1.459999999999999981e-04 7.879999999999999635e-04 1.000000000000000000e+00 -3.492689999999999961e-01 9.370220000000000216e-01 -6.870000000000000022e-04 -9.370230000000000503e-01 -3.492689999999999961e-01 4.119999999999999856e-04
1.600000000000000000e+01 2.500000000000000000e+01 5.500000000000000000e+01 0.000000000000000000e+00 1.600000000000000089e+00 3.209999999999999963e-04 -4.262000000000000163e-03 -9.999909999999999632e-01 -1.220000000000000077e-02 -9.999160000000000270e-01 4.257999999999999632e-03 -9.999259999999999815e-01 1.219800000000000051e-02 -3.730000000000000134e-04
2.100000000000000000e+01 2.500000000000000000e+01 5.500000000000000000e+01 0.000000000000000000e+00 1.600000000000000089e+00 -4.569999999999999952e-04 -2.958999999999999825e-03 -9.999959999999999960e-01 -1.130800000000000034e-02 -9.999320000000000430e-01 2.964000000000000055e-03 -9.999360000000000470e-01 1.131000000000000061e-02 4.229999999999999819e-04
2.900000000000000000e+01 2.600000000000000000e+01 5.500000000000000000e+01 0.000000000000000000e+00 1.600000000000000089e+00 3.088000000000000033e-03 2.521699999999999983e-02 -9.996770000000000378e-01 -3.300199999999999662e-02 -9.991349999999999953e-01 -2.530500000000000110e-02 -9.994509999999999783e-01 3.307000000000000217e-02 -2.252999999999999794e-03
1.300000000000000000e+01 7.600000000000000000e+01 5.600000000000000000e+01 0.000000000000000000e+00 1.600000000000000089e+00 1.330000000000000019e-03 -2.831999999999999882e-03 -9.999949999999999672e-01 -1.389890000000000014e-01 9.902889999999999748e-01 -2.988999999999999903e-03 9.902929999999999788e-01 1.389920000000000044e-01 9.229999999999999923e-04
1.800000000000000000e+01 4.600000000000000000e+01 5.700000000000000000e+01 0.000000000000000000e+00 1.600000000000000089e+00 3.769999999999999914e-03 -5.572740000000000471e-01 -8.303199999999999470e-01 -1.910900000000000098e-01 -8.154270000000000129e-01 5.464099999999999513e-01 -9.815650000000000208e-01 1.566059999999999952e-01 -1.095629999999999937e-01
1.900000000000000000e+01 6.800000000000000000e+01 5.700000000000000000e+01 0.000000000000000000e+00 1.600000000000000089e+00 1.479000000000000063e-03 2.102999999999999835e-03 -9.999970000000000248e-01 -2.506829999999999892e-01 -9.680659999999999821e-01 -2.406000000000000152e-03 -9.680680000000000396e-01 2.506860000000000199e-01 -9.049999999999999885e-04
2.600000000000000000e+01 6.800000000000000000e+01 5.700000000000000000e+01 0.000000000000000000e+00 1.600000000000000089e+00 -6.319999999999999663e-04 -1.135899999999999931e-02 -9.999350000000000183e-01 -2.498370000000000035e-01 -9.682239999999999736e-01 1.115599999999999925e-02 -9.682880000000000376e-01 2.498279999999999945e-01 -2.226000000000000114e-03
2.800000000000000000e+01 4.000000000000000000e+01 5.800000000000000000e+01 0.000000000000000000e+00 1.600000000000000089e+00 3.058100000000000054e-02 4.968500000000000000e-02 -9.982969999999999899e-01 -6.893660000000000343e-01 -7.221629999999999994e-01 -5.705899999999999861e-02 -7.237670000000000492e-01 6.899370000000000225e-01 1.216700000000000073e-02
5.000000000000000000e+00 2.100000000000000000e+01 6.000000000000000000e+01 0.000000000000000000e+00 1.600000000000000089e+00 7.609999999999999577e-04 -8.009999999999999542e-04 9.999989999999999712e-01 -9.625599999999999434e-02 9.953560000000000185e-01 8.700000000000000051e-04 -9.953560000000000185e-01 -9.625699999999999534e-02 6.809999999999999647e-04
8.000000000000000000e+00 2.100000000000000000e+01 6.000000000000000000e+01 0.000000000000000000e+00 1.600000000000000089e+00 9.009999999999999997e-04 -3.521999999999999957e-03 9.999930000000000208e-01 -9.804300000000000515e-02 9.951759999999999495e-01 3.593999999999999972e-03 -9.951820000000000110e-01 -9.804599999999999427e-02 5.519999999999999733e-04
1.400000000000000000e+01 2.100000000000000000e+01 6.000000000000000000e+01 0.000000000000000000e+00 1.600000000000000089e+00 -7.110000000000000434e-04 4.891999999999999647e-03 9.999879999999999880e-01 -9.944100000000000161e-02 9.950309999999999988e-01 -4.937999999999999681e-03 -9.950430000000000108e-01 -9.944400000000000461e-02 -2.210000000000000050e-04
1.800000000000000000e+01 2.100000000000000000e+01 6.000000000000000000e+01 0.000000000000000000e+00 1.600000000000000089e+00 -1.797999999999999902e-03 -7.690000000000000438e-04 9.999980000000000535e-01 -9.942600000000000049e-02 9.950449999999999573e-01 5.869999999999999567e-04 -9.950430000000000108e-01 -9.942499999999999949e-02 -1.864999999999999904e-03
2.400000000000000000e+01 2.100000000000000000e+01 6.000000000000000000e+01 0.000000000000000000e+00 1.600000000000000089e+00 2.939000000000000206e-03 3.252999999999999815e-03 9.999900000000000455e-01 -9.822000000000000175e-02 9.951600000000000446e-01 -2.948999999999999799e-03 -9.951600000000000446e-01 -9.821000000000000563e-02 3.243999999999999922e-03
2.700000000000000000e+01 2.100000000000000000e+01 6.000000000000000000e+01 0.000000000000000000e+00 1.600000000000000089e+00 2.443999999999999992e-03 8.689999999999999808e-04 9.999970000000000248e-01 -9.848200000000000010e-02 9.951389999999999958e-01 -6.239999999999999887e-04 -9.951360000000000205e-01 -9.848099999999999909e-02 2.517000000000000140e-03
2.700000000000000000e+01 3.000000000000000000e+00 6.300000000000000000e+01 0.000000000000000000e+00 1.600000000000000089e+00 5.860000000000000408e-04 5.355000000000000385e-03 9.999860000000000415e-01 -6.138609999999999900e-01 7.894050000000000233e-01 -3.867000000000000211e-03 -7.894139999999999491e-01 -6.138500000000000068e-01 3.749999999999999861e-03
6.000000000000000000e+00 2.700000000000000000e+01 6.300000000000000000e+01 0.000000000000000000e+00 1.600000000000000089e+00 -1.209999999999999921e-03 -2.827999999999999785e-03 9.999949999999999672e-01 -2.794429999999999970e-01 9.601589999999999847e-01 2.377999999999999906e-03 -9.601619999999999600e-01 -2.794389999999999930e-01 -1.951999999999999959e-03
9.000000000000000000e+00 2.700000000000000000e+01 6.300000000000000000e+01 0.000000000000000000e+00 1.600000000000000089e+00 1.118000000000000070e-03 -2.519999999999999996e-04 9.999989999999999712e-01 -2.789940000000000198e-01 9.602929999999999522e-01 5.529999999999999976e-04 -9.602920000000000345e-01 -2.789940000000000198e-01 1.002999999999999985e-03
1.300000000000000000e+01 2.700000000000000000e+01 6.300000000000000000e+01 0.000000000000000000e+00 1.600000000000000089e+00 3.039000000000000035e-03 1.832999999999999994e-03 9.999940000000000495e-01 -2.750040000000000262e-01 9.614430000000000476e-01 -9.259999999999999568e-04 -9.614380000000000148e-01 -2.749989999999999934e-01 3.425999999999999792e-03
1.900000000000000000e+01 2.700000000000000000e+01 6.300000000000000000e+01 0.000000000000000000e+00 1.600000000000000089e+00 1.740000000000000010e-04 6.649000000000000396e-03 9.999780000000000335e-01 -2.728180000000000049e-01 9.620450000000000390e-01 -6.349999999999999742e-03 -9.620659999999999767e-01 -2.728110000000000257e-01 1.981000000000000122e-03
2.600000000000000000e+01 2.700000000000000000e+01 6.300000000000000000e+01 0.000000000000000000e+00 1.600000000000000089e+00 2.567999999999999970e-03 -2.376000000000000074e-03 9.999940000000000495e-01 -2.695489999999999831e-01 9.629820000000000046e-01 2.980000000000000010e-03 -9.629830000000000334e-01 -2.695549999999999891e-01 1.832000000000000078e-03
5.000000000000000000e+00 4.400000000000000000e+01 6.300000000000000000e+01 0.000000000000000000e+00 1.600000000000000089e+00 8.980999999999999400e-03 -3.096300000000000094e-02 -9.994800000000000351e-01 -7.174260000000000081e-01 -6.964700000000000335e-01 1.512900000000000009e-02 -6.965770000000000017e-01 7.169170000000000265e-01 -2.846900000000000125e-02
6.000000000000000000e+00 2.600000000000000000e+01 6.400000000000000000e+01 0.000000000000000000e+00 1.600000000000000089e+00 -9.470000000000000336e-04 -2.661000000000000171e-03 9.999959999999999960e-01 -3.692579999999999751e-01 9.293249999999999567e-01 2.124000000000000020e-03 -9.293270000000000142e-01 -3.692540000000000266e-01 -1.861999999999999940e-03
9.000000000000000000e+00 2.600000000000000000e+01 6.400000000000000000e+01 0.000000000000000000e+00 1.600000000000000089e+00 7.100000000000000191e-04 7.190000000000000210e-04 9.999989999999999712e-01 -3.692460000000000186e-01 9.293310000000000182e-01 -4.060000000000000024e-04 -9.293310000000000182e-01 -3.692460000000000186e-01 9.250000000000000409e-04
1.300000000000000000e+01 2.600000000000000000e+01 6.400000000000000000e+01 0.000000000000000000e+00 1.600000000000000089e+00 2.407999999999999984e-03 2.128999999999999816e-03 9.999949999999999672e-01 -3.634129999999999860e-01 9.316269999999999829e-01 -1.108000000000000044e-03 -9.316250000000000364e-01 -3.634089999999999820e-01 3.017000000000000150e-03
1.900000000000000000e+01 2.600000000000000000e+01 6.400000000000000000e+01 0.000000000000000000e+00 1.600000000000000089e+00 -4.380000000000000213e-04 1.141000000000000087e-03 9.999989999999999712e-01 -3.600720000000000032e-01 9.329239999999999755e-01 -1.222999999999999912e-03 -9.329250000000000043e-01 -3.600720000000000032e-01 1.999999999999999909e-06
2.500000000000000000e+01 2.600000000000000000e+01 6.400000000000000000e+01 0.000000000000000000e+00 1.600000000000000089e+00 2.805999999999999901e-03 5.470000000000000036e-03 9.999810000000000088e-01 -3.571819999999999995e-01 9.340260000000000229e-01 -4.107000000000000407e-03 -9.340309999999999446e-01 -3.571639999999999815e-01 4.575000000000000074e-03
8.000000000000000000e+00 5.600000000000000000e+01 6.400000000000000000e+01 0.000000000000000000e+00 1.600000000000000089e+00 -1.450410000000000033e-01 2.620649999999999924e-01 -9.540889999999999649e-01 1.318599999999999980e-02 9.647120000000000140e-01 2.629779999999999895e-01 9.893380000000000507e-01 2.556299999999999892e-02 -1.433790000000000064e-01
2.400000000000000000e+01 4.800000000000000000e+01 6.500000000000000000e+01 0.000000000000000000e+00 1.600000000000000089e+00 -1.678999999999999937e-01 2.263070000000000082e-01 -9.594759999999999955e-01 -9.925799999999999901e-02 9.644660000000000455e-01 2.448529999999999873e-01 9.807940000000000547e-01 1.363459999999999950e-01 -1.394710000000000116e-01
2.500000000000000000e+01 4.900000000000000000e+01 6.600000000000000000e+01 0.000000000000000000e+00 1.600000000000000089e+00 -1.776659999999999906e-01 2.489760000000000029e-01 -9.520739999999999759e-01 -2.066590000000000094e-01 9.364529999999999799e-01 2.834550000000000125e-01 9.621469999999999745e-01 2.471150000000000013e-01 -1.149229999999999974e-01
1.800000000000000000e+01 5.100000000000000000e+01 6.600000000000000000e+01 0.000000000000000000e+00 1.600000000000000089e+00 2.218650000000000067e-01 9.705800000000000538e-02 9.702349999999999586e-01 4.330049999999999732e-01 8.817340000000000177e-01 -1.872209999999999985e-01 -8.736610000000000209e-01 4.616540000000000088e-01 1.535990000000000133e-01
