1.100000000000000000e+01 2.500000000000000000e+01 1.000000000000000000e+00 0.000000000000000000e+00 1.600000000000000089e+00 5.399999999999999798e-05 -7.922000000000000222e-03 -9.999689999999999968e-01 -5.280319999999999458e-01 -8.491980000000000084e-01 6.699000000000000093e-03 -8.492239999999999789e-01 5.280150000000000121e-01 -4.229000000000000120e-03
2.000000000000000000e+00 1.500000000000000000e+01 4.000000000000000000e+00 0.000000000000000000e+00 1.600000000000000089e+00 -3.029999999999999924e-04 -3.761000000000000020e-03 9.999930000000000208e-01 3.154939999999999967e-01 -9.489210000000000145e-01 -3.472999999999999959e-03 9.489269999999999650e-01 3.154910000000000214e-01 1.474000000000000050e-03
9.000000000000000000e+00 1.500000000000000000e+01 4.000000000000000000e+00 0.000000000000000000e+00 1.600000000000000089e+00 -2.203999999999999796e-03 -7.584999999999999729e-03 9.999689999999999968e-01 3.106389999999999985e-01 -9.505059999999999620e-01 -6.525000000000000418e-03 9.505249999999999533e-01 3.106149999999999745e-01 4.451000000000000095e-03
1.400000000000000000e+01 1.500000000000000000e+01 4.000000000000000000e+00 0.000000000000000000e+00 1.600000000000000089e+00 1.679999999999999907e-04 -4.232999999999999784e-03 9.999909999999999632e-01 3.137469999999999981e-01 -9.494979999999999531e-01 -4.072000000000000099e-03 9.495059999999999611e-01 3.137449999999999961e-01 1.167999999999999984e-03
2.000000000000000000e+01 1.500000000000000000e+01 4.000000000000000000e+00 0.000000000000000000e+00 1.600000000000000089e+00 -4.255000000000000102e-03 -6.019999999999999961e-04 9.999909999999999632e-01 3.154939999999999967e-01 -9.489269999999999650e-01 7.709999999999999840e-04 9.489180000000000392e-01 3.154939999999999967e-01 4.227999999999999987e-03
2.700000000000000000e+01 1.500000000000000000e+01 4.000000000000000000e+00 0.000000000000000000e+00 1.600000000000000089e+00 -1.250000000000000026e-03 1.675999999999999972e-03 9.999980000000000535e-01 3.147130000000000205e-01 -9.491849999999999454e-01 1.984000000000000086e-03 9.491859999999999742e-01 3.147139999999999938e-01 6.589999999999999721e-04
2.800000000000000000e+01 1.010000000000000000e+02 7.000000000000000000e+00 0.000000000000000000e+00 1.600000000000000089e+00 -1.183000000000000024e-03 -1.323700000000000050e-02 9.999120000000000230e-01 8.894950000000000356e-01 4.568889999999999896e-01 7.100999999999999673e-03 -4.569429999999999881e-01 8.894250000000000211e-01 1.123299999999999993e-02
2.000000000000000000e+00 2.500000000000000000e+01 8.000000000000000000e+00 0.000000000000000000e+00 1.600000000000000089e+00 3.880999999999999901e-03 1.454800000000000017e-02 -9.998869999999999703e-01 4.468130000000000157e-01 8.945060000000000233e-01 1.474899999999999996e-02 8.946190000000000531e-01 -4.468199999999999950e-01 -3.029000000000000008e-03
8.000000000000000000e+00 2.500000000000000000e+01 8.000000000000000000e+00 0.000000000000000000e+00 1.600000000000000089e+00 -6.750000000000000357e-04 7.211999999999999661e-03 -9.999740000000000295e-01 4.450049999999999839e-01 8.955070000000000530e-01 6.158000000000000279e-03 8.955279999999999907e-01 -4.449890000000000234e-01 -3.814000000000000116e-03
1.400000000000000000e+01 2.500000000000000000e+01 8.000000000000000000e+00 0.000000000000000000e+00 1.600000000000000089e+00 1.598999999999999944e-03 5.440999999999999656e-03 -9.999839999999999840e-01 4.463429999999999898e-01 8.948450000000000015e-01 5.582000000000000156e-03 8.948610000000000175e-01 -4.463449999999999918e-01 -9.979999999999999722e-04
2.100000000000000000e+01 2.500000000000000000e+01 8.000000000000000000e+00 0.000000000000000000e+00 1.600000000000000089e+00 1.090000000000000067e-04 -4.870000000000000197e-04 -1.000000000000000000e+00 4.443320000000000047e-01 8.958620000000000472e-01 -3.879999999999999985e-04 8.958620000000000472e-01 -4.443320000000000047e-01 3.150000000000000131e-04
2.900000000000000000e+01 2.500000000000000000e+01 8.000000000000000000e+00 0.000000000000000000e+00 1.600000000000000089e+00 -2.773999999999999990e-03 -2.129999999999999949e-03 -9.999940000000000495e-01 4.453440000000000176e-01 8.953539999999999832e-01 -3.142999999999999960e-03 8.953550000000000120e-01 -4.453500000000000236e-01 -1.534999999999999906e-03
2.000000000000000000e+00 2.400000000000000000e+01 9.000000000000000000e+00 0.000000000000000000e+00 1.600000000000000089e+00 4.433999999999999574e-03 1.518000000000000078e-02 -9.998749999999999583e-01 4.503220000000000001e-01 8.927310000000000523e-01 1.555100000000000059e-02 8.928549999999999542e-01 -4.503349999999999853e-01 -2.876999999999999783e-03
8.000000000000000000e+00 2.400000000000000000e+01 9.000000000000000000e+00 0.000000000000000000e+00 1.600000000000000089e+00 -9.979999999999999722e-04 7.736999999999999954e-03 -9.999689999999999968e-01 4.489989999999999815e-01 8.935089999999999977e-01 6.465000000000000260e-03 8.935319999999999929e-01 -4.489790000000000170e-01 -4.366000000000000089e-03
1.400000000000000000e+01 2.400000000000000000e+01 9.000000000000000000e+00 0.000000000000000000e+00 1.600000000000000089e+00 1.111000000000000008e-03 4.355999999999999629e-03 -9.999900000000000455e-01 4.509920000000000040e-01 8.925170000000000048e-01 4.388999999999999672e-03 8.925269999999999593e-01 -4.509929999999999772e-01 -9.730000000000000151e-04
2.200000000000000000e+01 2.400000000000000000e+01 9.000000000000000000e+00 0.000000000000000000e+00 1.600000000000000089e+00 -6.629999999999999609e-04 -4.401000000000000398e-03 -9.999900000000000455e-01 4.506310000000000038e-01 8.927000000000000490e-01 -4.227999999999999987e-03 8.927100000000000035e-01 -4.506299999999999750e-01 1.391000000000000092e-03
3.000000000000000000e+01 2.400000000000000000e+01 9.000000000000000000e+00 0.000000000000000000e+00 1.600000000000000089e+00 -2.213999999999999822e-03 -2.399000000000000091e-03 -9.999949999999999672e-01 4.505080000000000195e-01 8.927669999999999773e-01 -3.138999999999999863e-03 8.927699999999999525e-01 -4.505120000000000235e-01 -8.959999999999999866e-04
2.000000000000000000e+00 4.000000000000000000e+00 1.100000000000000000e+01 0.000000000000000000e+00 1.600000000000000089e+00 -7.623999999999999701e-03 -4.117200000000000026e-02 -9.991229999999999833e-01 2.392559999999999965e-01 9.700560000000000294e-01 -4.179999999999999688e-02 9.709269999999999845e-01 -2.393639999999999934e-01 2.455000000000000151e-03
1.400000000000000000e+01 5.000000000000000000e+00 1.200000000000000000e+01 0.000000000000000000e+00 1.600000000000000089e+00 1.290499999999999980e-02 -1.192140000000000005e-01 9.927850000000000286e-01 -2.325889999999999902e-01 9.652760000000000229e-01 1.189339999999999981e-01 -9.724890000000000478e-01 -2.324460000000000137e-01 -1.527099999999999985e-02
4.000000000000000000e+00 3.100000000000000000e+01 1.200000000000000000e+01 0.000000000000000000e+00 1.600000000000000089e+00 4.699999999999999724e-05 5.584999999999999687e-03 9.999839999999999840e-01 6.054999999999999619e-03 9.999660000000000215e-01 -5.584999999999999687e-03 -9.999820000000000375e-01 6.054999999999999619e-03 1.299999999999999920e-05
9.000000000000000000e+00 3.100000000000000000e+01 1.200000000000000000e+01 0.000000000000000000e+00 1.600000000000000089e+00 2.353000000000000057e-03 -7.839999999999999747e-03 9.999670000000000503e-01 4.709999999999999777e-03 9.999580000000000135e-01 7.827999999999999889e-03 -9.999860000000000415e-01 4.691999999999999990e-03 2.390000000000000197e-03
1.500000000000000000e+01 3.100000000000000000e+01 1.200000000000000000e+01 0.000000000000000000e+00 1.600000000000000089e+00 7.010000000000000172e-04 7.299999999999999903e-05 1.000000000000000000e+00 8.570000000000000144e-04 1.000000000000000000e+00 -7.299999999999999903e-05 -9.999989999999999712e-01 8.570000000000000144e-04 7.010000000000000172e-04
2.300000000000000000e+01 3.100000000000000000e+01 1.200000000000000000e+01 0.000000000000000000e+00 1.600000000000000089e+00 -1.209999999999999921e-03 -1.337000000000000081e-03 9.999980000000000535e-01 2.530000000000000239e-04 9.999989999999999712e-01 1.337000000000000081e-03 -9.999989999999999712e-01 2.550000000000000183e-04 -1.209999999999999921e-03
1.800000000000000000e+01 3.200000000000000000e+01 1.400000000000000000e+01 0.000000000000000000e+00 1.600000000000000089e+00 1.216999999999999983e-03 2.072000000000000057e-03 -9.999970000000000248e-01 1.033560000000000034e-01 9.946420000000000261e-01 2.187000000000000142e-03 9.946439999999999726e-01 -1.033590000000000064e-01 9.959999999999999236e-04
2.700000000000000000e+01 3.200000000000000000e+01 1.400000000000000000e+01 0.000000000000000000e+00 1.600000000000000089e+00 -2.722000000000000027e-03 -8.649999999999999703e-03 -9.999590000000000423e-01 1.037020000000000025e-01 9.945690000000000364e-01 -8.885999999999999802e-03 9.946049999999999613e-01 -1.037219999999999948e-01 -1.809999999999999977e-03
3.000000000000000000e+00 1.200000000000000000e+01 1.500000000000000000e+01 0.000000000000000000e+00 1.600000000000000089e+00 5.800000000000000034e-05 2.302999999999999926e-03 -9.999970000000000248e-01 -4.685289999999999733e-01 -8.834459999999999535e-01 -2.062000000000000031e-03 -8.834480000000000111e-01 4.685270000000000268e-01 1.026999999999999918e-03
6.000000000000000000e+00 1.200000000000000000e+01 1.500000000000000000e+01 0.000000000000000000e+00 1.600000000000000089e+00 7.839999999999999747e-04 5.565999999999999767e-03 -9.999839999999999840e-01 -4.690590000000000037e-01 -8.831510000000000193e-01 -5.283000000000000369e-03 -8.831670000000000353e-01 4.690549999999999997e-01 1.918000000000000000e-03
1.200000000000000000e+01 1.200000000000000000e+01 1.500000000000000000e+01 0.000000000000000000e+00 1.600000000000000089e+00 8.909999999999999734e-04 1.845999999999999985e-03 -9.999980000000000535e-01 -4.726079999999999726e-01 -8.812699999999999978e-01 -2.047999999999999907e-03 -8.812720000000000553e-01 4.726090000000000013e-01 8.700000000000000051e-05
1.900000000000000000e+01 1.200000000000000000e+01 1.500000000000000000e+01 0.000000000000000000e+00 1.600000000000000089e+00 1.860000000000000108e-03 3.717999999999999951e-03 -9.999909999999999632e-01 -4.695889999999999787e-01 -8.828749999999999654e-01 -4.157000000000000105e-03 -8.828829999999999734e-01 4.695929999999999827e-01 1.039999999999999936e-04
2.500000000000000000e+01 1.200000000000000000e+01 1.500000000000000000e+01 0.000000000000000000e+00 1.600000000000000089e+00 9.250000000000000409e-04 4.392000000000000071e-03 -9.999900000000000455e-01 -4.694610000000000172e-01 -8.829430000000000334e-01 -4.312999999999999994e-03 -8.829529999999999879e-01 4.694599999999999884e-01 1.245000000000000013e-03
2.800000000000000000e+01 1.200000000000000000e+01 1.500000000000000000e+01 0.000000000000000000e+00 1.600000000000000089e+00 -7.389999999999999651e-04 8.014000000000000290e-03 -9.999679999999999680e-01 -4.661609999999999920e-01 -8.846739999999999604e-01 -6.745000000000000127e-03 -8.846990000000000132e-01 4.661410000000000275e-01 4.388999999999999672e-03
1.900000000000000000e+01 1.160000000000000000e+02 1.600000000000000000e+01 0.000000000000000000e+00 1.600000000000000089e+00 -2.722000000000000027e-03 -1.961000000000000069e-03 9.999940000000000495e-01 8.063470000000000359e-01 5.914329999999999865e-01 3.354999999999999909e-03 -5.914359999999999618e-01 8.063519999999999577e-01 -2.799999999999999958e-05
2.600000000000000000e+01 1.160000000000000000e+02 1.600000000000000000e+01 0.000000000000000000e+00 1.600000000000000089e+00 8.600000000000000331e-05 -1.000000000000000082e-05 1.000000000000000000e+00 7.464800000000000324e-01 6.654079999999999995e-01 -5.800000000000000034e-05 -6.654079999999999995e-01 7.464800000000000324e-01 6.499999999999999431e-05
3.000000000000000000e+00 2.000000000000000000e+00 1.900000000000000000e+01 0.000000000000000000e+00 1.600000000000000089e+00 -2.776999999999999955e-03 2.392000000000000029e-03 -9.999930000000000208e-01 2.154449999999999976e-01 -9.765120000000000466e-01 -2.933999999999999976e-03 -9.765120000000000466e-01 -2.154510000000000036e-01 2.197000000000000168e-03
1.200000000000000000e+01 2.000000000000000000e+00 1.900000000000000000e+01 0.000000000000000000e+00 1.600000000000000089e+00 -8.479000000000000425e-03 4.372000000000000018e-03 -9.999540000000000095e-01 2.186220000000000108e-01 -9.757900000000000462e-01 -6.119999999999999572e-03 -9.757730000000000015e-01 -2.186639999999999973e-01 7.317999999999999852e-03
1.800000000000000000e+01 2.000000000000000000e+00 1.900000000000000000e+01 0.000000000000000000e+00 1.600000000000000089e+00 -1.218299999999999939e-02 1.034400000000000076e-02 -9.998719999999999830e-01 2.356689999999999896e-01 -9.717470000000000274e-01 -1.292500000000000072e-02 -9.717569999999999819e-01 -2.357960000000000056e-01 9.400999999999999635e-03
2.200000000000000000e+01 2.000000000000000000e+00 1.900000000000000000e+01 0.000000000000000000e+00 1.600000000000000089e+00 -5.802999999999999999e-03 2.588299999999999976e-02 -9.996479999999999810e-01 2.404169999999999918e-01 -9.703070000000000306e-01 -2.651799999999999990e-02 -9.706519999999999593e-01 -2.404870000000000063e-01 -5.919999999999999698e-04
7.000000000000000000e+00 4.000000000000000000e+00 2.000000000000000000e+01 0.000000000000000000e+00 1.600000000000000089e+00 1.502000000000000080e-03 -2.833000000000000015e-03 -9.999949999999999672e-01 3.389530000000000043e-01 -9.407980000000000231e-01 3.174999999999999871e-03 -9.408020000000000271e-01 -3.389559999999999795e-01 -4.530000000000000064e-04
1.000000000000000000e+01 1.300000000000000000e+01 2.000000000000000000e+01 0.000000000000000000e+00 1.600000000000000089e+00 -1.528999999999999977e-03 -1.806000000000000097e-03 9.999970000000000248e-01 2.634690000000000087e-01 9.646649999999999947e-01 2.145000000000000205e-03 -9.646670000000000522e-01 2.634719999999999840e-01 -9.990000000000001049e-04
1.600000000000000000e+01 1.300000000000000000e+01 2.000000000000000000e+01 0.000000000000000000e+00 1.600000000000000089e+00 1.814999999999999990e-03 -1.770000000000000089e-03 9.999970000000000248e-01 2.640839999999999854e-01 9.644989999999999952e-01 1.227000000000000009e-03 -9.644979999999999665e-01 2.640810000000000102e-01 2.217999999999999920e-03
2.200000000000000000e+01 1.300000000000000000e+01 2.000000000000000000e+01 0.000000000000000000e+00 1.600000000000000089e+00 -8.189999999999999581e-04 -3.164000000000000146e-03 9.999949999999999672e-01 2.659210000000000185e-01 9.639889999999999848e-01 3.266999999999999939e-03 -9.639940000000000175e-01 2.659230000000000205e-01 5.199999999999999680e-05
4.000000000000000000e+00 3.000000000000000000e+00 2.500000000000000000e+01 0.000000000000000000e+00 1.600000000000000089e+00 -1.253999999999999906e-03 -3.086000000000000201e-03 9.999940000000000495e-01 -2.003500000000000072e-02 -9.997939999999999605e-01 -3.109999999999999917e-03 9.997979999999999645e-01 -2.003900000000000126e-02 1.191999999999999917e-03
1.200000000000000000e+01 3.000000000000000000e+00 2.500000000000000000e+01 0.000000000000000000e+00 1.600000000000000089e+00 -2.765999999999999796e-03 -3.817000000000000080e-03 9.999890000000000168e-01 -2.226799999999999960e-02 -9.997449999999999948e-01 -3.877999999999999937e-03 9.997479999999999700e-01 -2.227900000000000019e-02 2.680999999999999790e-03
1.800000000000000000e+01 3.000000000000000000e+00 2.500000000000000000e+01 0.000000000000000000e+00 1.600000000000000089e+00 -2.811000000000000131e-03 3.495999999999999976e-03 9.999900000000000455e-01 -1.741499999999999992e-02 -9.998420000000000085e-01 3.446999999999999977e-03 9.998439999999999550e-01 -1.740500000000000033e-02 2.870999999999999854e-03
2.200000000000000000e+01 3.000000000000000000e+00 2.500000000000000000e+01 0.000000000000000000e+00 1.600000000000000089e+00 2.752999999999999805e-03 8.873000000000000678e-03 9.999569999999999848e-01 -2.018100000000000102e-02 -9.997559999999999780e-01 8.926999999999999172e-03 9.997930000000000428e-01 -2.020500000000000074e-02 -2.573000000000000200e-03
1.100000000000000000e+01 4.600000000000000000e+01 2.700000000000000000e+01 0.000000000000000000e+00 1.600000000000000089e+00 -3.079999999999999839e-03 1.168999999999999900e-03 -9.999949999999999672e-01 6.668530000000000291e-01 7.451879999999999615e-01 -1.182000000000000108e-03 7.451830000000000398e-01 -6.668530000000000291e-01 -3.075000000000000042e-03
2.100000000000000000e+01 4.600000000000000000e+01 2.700000000000000000e+01 0.000000000000000000e+00 1.600000000000000089e+00 1.262000000000000101e-03 6.009999999999999717e-04 -9.999989999999999712e-01 6.718039999999999567e-01 7.407280000000000530e-01 1.293000000000000095e-03 7.407280000000000530e-01 -6.718049999999999855e-01 5.310000000000000050e-04
5.000000000000000000e+00 4.600000000000000000e+01 3.000000000000000000e+01 0.000000000000000000e+00 1.600000000000000089e+00 5.630000000000000239e-04 -4.800000000000000122e-05 -1.000000000000000000e+00 3.143000000000000238e-01 9.493239999999999457e-01 1.310000000000000129e-04 9.493239999999999457e-01 -3.143000000000000238e-01 5.490000000000000088e-04
1.000000000000000000e+01 4.600000000000000000e+01 3.000000000000000000e+01 0.000000000000000000e+00 1.600000000000000089e+00 -3.024999999999999911e-03 -1.149999999999999981e-03 -9.999949999999999672e-01 3.162909999999999888e-01 9.486599999999999477e-01 -2.047999999999999907e-03 9.486580000000000013e-01 -3.162949999999999928e-01 -2.505999999999999981e-03
1.400000000000000000e+01 4.600000000000000000e+01 3.000000000000000000e+01 0.000000000000000000e+00 1.600000000000000089e+00 -2.158999999999999895e-03 3.589999999999999984e-04 -9.999980000000000535e-01 3.160290000000000044e-01 9.487489999999999535e-01 -3.409999999999999945e-04 9.487470000000000070e-01 -3.160290000000000044e-01 -2.161999999999999859e-03
9.000000000000000000e+00 5.800000000000000000e+01 3.100000000000000000e+01 0.000000000000000000e+00 1.600000000000000089e+00 -4.840000000000000010e-04 3.400000000000000244e-04 1.000000000000000000e+00 -7.897509999999999808e-01 -6.134269999999999445e-01 -1.730000000000000038e-04 6.134269999999999445e-01 -7.897509999999999808e-01 5.649999999999999641e-04
1.400000000000000000e+01 5.800000000000000000e+01 3.100000000000000000e+01 0.000000000000000000e+00 1.600000000000000089e+00 1.448999999999999984e-03 1.794999999999999938e-03 9.999970000000000248e-01 -7.897420000000000551e-01 -6.134349999999999525e-01 2.245000000000000034e-03 6.134370000000000100e-01 -7.897429999999999728e-01 5.289999999999999564e-04
2.000000000000000000e+01 5.800000000000000000e+01 3.100000000000000000e+01 0.000000000000000000e+00 1.600000000000000089e+00 1.428000000000000016e-03 4.226999999999999855e-03 9.999900000000000455e-01 -7.872810000000000086e-01 -6.165829999999999922e-01 3.730999999999999941e-03 6.165920000000000289e-01 -7.872789999999999511e-01 2.446999999999999956e-03
2.600000000000000000e+01 5.800000000000000000e+01 3.100000000000000000e+01 0.000000000000000000e+00 1.600000000000000089e+00 4.360000000000000269e-04 -1.052999999999999900e-03 9.999989999999999712e-01 -7.820850000000000302e-01 -6.231710000000000305e-01 -3.150000000000000131e-04 6.231710000000000305e-01 -7.820850000000000302e-01 -1.095999999999999969e-03
7.000000000000000000e+00 4.600000000000000000e+01 3.500000000000000000e+01 0.000000000000000000e+00 1.600000000000000089e+00 -1.508000000000000009e-03 -3.669999999999999760e-04 -9.999989999999999712e-01 3.903479999999999728e-01 -9.206680000000000419e-01 -2.500000000000000052e-04 -9.206659999999999844e-01 -3.903469999999999995e-01 1.531999999999999942e-03
9.000000000000000000e+00 4.600000000000000000e+01 3.500000000000000000e+01 0.000000000000000000e+00 1.600000000000000089e+00 -1.378000000000000102e-03 2.530999999999999830e-03 -9.999959999999999960e-01 3.899299999999999988e-01 -9.208399999999999919e-01 -2.867999999999999890e-03 -9.208439999999999959e-01 -3.899320000000000008e-01 2.809999999999999998e-04
1.900000000000000000e+01 4.600000000000000000e+01 3.500000000000000000e+01 0.000000000000000000e+00 1.600000000000000089e+00 -3.770000000000000022e-04 2.255000000000000060e-03 -9.999970000000000248e-01 3.907880000000000242e-01 -9.204780000000000184e-01 -2.223000000000000149e-03 -9.204809999999999937e-01 -3.907869999999999955e-01 -5.339999999999999695e-04
2.200000000000000000e+01 4.600000000000000000e+01 3.500000000000000000e+01 0.000000000000000000e+00 1.600000000000000089e+00 -4.449999999999999746e-04 -1.479000000000000063e-03 -9.999989999999999712e-01 3.908300000000000107e-01 -9.204620000000000024e-01 1.188000000000000037e-03 -9.204630000000000312e-01 -3.908289999999999820e-01 9.879999999999999460e-04
2.700000000000000000e+01 4.600000000000000000e+01 3.500000000000000000e+01 0.000000000000000000e+00 1.600000000000000089e+00 8.720000000000000537e-04 -1.200000000000000030e-04 -1.000000000000000000e+00 3.903599999999999848e-01 -9.206619999999999804e-01 4.510000000000000120e-04 -9.206619999999999804e-01 -3.903599999999999848e-01 -7.560000000000000530e-04
3.000000000000000000e+01 4.600000000000000000e+01 3.500000000000000000e+01 0.000000000000000000e+00 1.600000000000000089e+00 6.930000000000000396e-04 2.714999999999999965e-03 -9.999959999999999960e-01 3.909030000000000005e-01 -9.204290000000000527e-01 -2.227999999999999946e-03 -9.204320000000000279e-01 -3.909000000000000252e-01 -1.698999999999999989e-03
6.000000000000000000e+00 3.000000000000000000e+00 4.300000000000000000e+01 0.000000000000000000e+00 1.600000000000000089e+00 -5.079000000000000181e-03 -6.746000000000000260e-03 -9.999639999999999640e-01 7.375829999999999886e-01 -6.752559999999999674e-01 8.090000000000000403e-04 -6.752369999999999761e-01 -7.375530000000000141e-01 8.404999999999999277e-03
2.000000000000000000e+01 3.000000000000000000e+00 4.300000000000000000e+01 0.000000000000000000e+00 1.600000000000000089e+00 -1.210000000000000002e-04 -9.742000000000000659e-03 -9.999529999999999808e-01 7.408460000000000045e-01 -6.716440000000000188e-01 6.453999999999999668e-03 -6.716750000000000220e-01 -7.408099999999999685e-01 7.297999999999999800e-03
2.600000000000000000e+01 3.000000000000000000e+00 4.300000000000000000e+01 0.000000000000000000e+00 1.600000000000000089e+00 -1.173800000000000017e-02 -2.644099999999999923e-02 -9.995810000000000528e-01 7.363220000000000320e-01 -6.765689999999999760e-01 9.249000000000000277e-03 -6.765299999999999647e-01 -7.359050000000000313e-01 2.741100000000000134e-02
7.000000000000000000e+00 8.000000000000000000e+00 4.400000000000000000e+01 0.000000000000000000e+00 1.600000000000000089e+00 7.190000000000000210e-04 -4.098000000000000080e-03 9.999909999999999632e-01 -7.845180000000000486e-01 -6.201029999999999598e-01 -1.977000000000000025e-03 6.201060000000000461e-01 -7.845100000000000406e-01 -3.661000000000000192e-03
3.000000000000000000e+00 2.900000000000000000e+01 4.400000000000000000e+01 0.000000000000000000e+00 1.600000000000000089e+00 1.106999999999999911e-03 1.541000000000000052e-03 -9.999980000000000535e-01 6.558509999999999618e-01 7.548880000000000035e-01 1.889000000000000054e-03 7.548899999999999499e-01 -6.558519999999999905e-01 -1.749999999999999982e-04
8.000000000000000000e+00 2.900000000000000000e+01 4.400000000000000000e+01 0.000000000000000000e+00 1.600000000000000089e+00 1.359999999999999989e-04 8.159999999999999936e-04 -1.000000000000000000e+00 6.635229999999999739e-01 7.481550000000000145e-01 7.010000000000000172e-04 7.481560000000000432e-01 -6.635229999999999739e-01 -4.389999999999999914e-04
1.300000000000000000e+01 2.900000000000000000e+01 4.400000000000000000e+01 0.000000000000000000e+00 1.600000000000000089e+00 1.010000000000000047e-03 -3.809999999999999910e-04 -9.999989999999999712e-01 6.581839999999999913e-01 7.528569999999999984e-01 3.780000000000000265e-04 7.528559999999999697e-01 -6.581839999999999913e-01 1.012000000000000096e-03
1.800000000000000000e+01 2.900000000000000000e+01 4.400000000000000000e+01 0.000000000000000000e+00 1.600000000000000089e+00 6.880000000000000265e-04 -1.562999999999999936e-03 -9.999989999999999712e-01 6.513139999999999485e-01 7.588080000000000380e-01 -7.380000000000000492e-04 7.588080000000000380e-01 -6.513130000000000308e-01 1.539999999999999919e-03
2.500000000000000000e+01 2.900000000000000000e+01 4.400000000000000000e+01 0.000000000000000000e+00 1.600000000000000089e+00 -1.610000000000000103e-04 1.828999999999999897e-03 -9.999980000000000535e-01 6.476210000000000022e-01 7.619620000000000282e-01 1.288999999999999998e-03 7.619629999999999459e-01 -6.476189999999999447e-01 -1.307000000000000002e-03
1.300000000000000000e+01 6.500000000000000000e+01 4.600000000000000000e+01 0.000000000000000000e+00 1.600000000000000089e+00 -5.950000000000000427e-04 -2.150000000000000001e-03 9.999970000000000248e-01 6.807229999999999670e-01 -7.325399999999999689e-01 -1.168999999999999900e-03 7.325409999999999977e-01 6.807199999999999918e-01 1.899000000000000080e-03
2.300000000000000000e+01 6.500000000000000000e+01 4.600000000000000000e+01 0.000000000000000000e+00 1.600000000000000089e+00 8.689999999999999808e-04 -4.210000000000000200e-03 9.999909999999999632e-01 6.820349999999999469e-01 -7.313100000000000156e-01 -3.671999999999999917e-03 7.313190000000000524e-01 6.820319999999999716e-01 2.236000000000000140e-03
2.100000000000000000e+01 7.000000000000000000e+01 4.700000000000000000e+01 0.000000000000000000e+00 1.600000000000000089e+00 -5.320000000000000293e-04 5.339999999999999695e-04 -1.000000000000000000e+00 -8.428330000000000544e-01 -5.381749999999999590e-01 1.610000000000000103e-04 -5.381749999999999590e-01 8.428330000000000544e-01 7.360000000000000006e-04
1.100000000000000000e+01 5.000000000000000000e+00 5.100000000000000000e+01 0.000000000000000000e+00 1.600000000000000089e+00 2.820000000000000241e-04 -2.090999999999999977e-03 -9.999980000000000535e-01 4.787449999999999761e-01 -8.779519999999999547e-01 1.971000000000000096e-03 -8.779540000000000122e-01 -4.787449999999999761e-01 7.529999999999999801e-04
1.400000000000000000e+01 5.000000000000000000e+00 5.100000000000000000e+01 0.000000000000000000e+00 1.600000000000000089e+00 7.389999999999999651e-04 6.068999999999999742e-03 -9.999810000000000088e-01 4.794269999999999921e-01 -8.775680000000000147e-01 -4.971999999999999857e-03 -8.775810000000000555e-01 -4.794149999999999801e-01 -3.557999999999999965e-03
2.200000000000000000e+01 5.000000000000000000e+00 5.100000000000000000e+01 0.000000000000000000e+00 1.600000000000000089e+00 7.039999999999999817e-04 -3.178999999999999968e-03 -9.999949999999999672e-01 4.724249999999999838e-01 -8.813649999999999540e-01 3.134000000000000067e-03 -8.813699999999999868e-01 -4.724249999999999838e-01 8.819999999999999715e-04
2.800000000000000000e+01 5.000000000000000000e+00 5.100000000000000000e+01 0.000000000000000000e+00 1.600000000000000089e+00 -4.270999999999999623e-03 -1.175000000000000003e-02 -9.999219999999999775e-01 4.821509999999999962e-01 -8.760489999999999666e-01 8.234999999999999265e-03 -8.760780000000000234e-01 -4.820780000000000065e-01 9.407000000000000431e-03
6.000000000000000000e+00 1.150000000000000000e+02 5.100000000000000000e+01 0.000000000000000000e+00 1.600000000000000089e+00 1.704000000000000003e-03 6.750000000000000357e-04 9.999980000000000535e-01 8.447900000000000409e-01 -5.350970000000000448e-01 -1.077999999999999965e-03 5.350949999999999873e-01 8.447900000000000409e-01 -1.482000000000000027e-03
1.400000000000000000e+01 7.000000000000000000e+00 5.200000000000000000e+01 0.000000000000000000e+00 1.600000000000000089e+00 1.018000000000000025e-03 1.941000000000000017e-03 -9.999980000000000535e-01 1.179499999999999993e-01 -9.930179999999999563e-01 -1.807000000000000012e-03 -9.930189999999999850e-01 -1.179479999999999973e-01 -1.240000000000000000e-03
1.900000000000000000e+01 7.000000000000000000e+00 5.200000000000000000e+01 0.000000000000000000e+00 1.600000000000000089e+00 -6.080000000000000335e-04 3.000000000000000076e-05 -1.000000000000000000e+00 9.956199999999999772e-02 -9.950309999999999988e-01 -9.000000000000000567e-05 -9.950309999999999988e-01 -9.956199999999999772e-02 6.019999999999999961e-04
2.000000000000000000e+00 6.300000000000000000e+01 5.400000000000000000e+01 0.000000000000000000e+00 1.600000000000000089e+00 -3.739999999999999835e-04 -5.858999999999999625e-03 9.999829999999999552e-01 -3.527799999999999825e-01 9.356910000000000505e-01 5.349999999999999721e-03 -9.357060000000000377e-01 -3.527719999999999745e-01 -2.416999999999999878e-03
6.000000000000000000e+00 6.300000000000000000e+01 5.400000000000000000e+01 0.000000000000000000e+00 1.600000000000000089e+00 1.281000000000000021e-03 -1.069999999999999988e-03 9.999989999999999712e-01 -3.515679999999999916e-01 9.361610000000000209e-01 1.451999999999999949e-03 -9.361620000000000497e-01 -3.515690000000000204e-01 8.229999999999999469e-04
1.100000000000000000e+01 6.300000000000000000e+01 5.400000000000000000e+01 0.000000000000000000e+00 1.600000000000000089e+00 -8.790000000000000070e-04 -5.969999999999999829e-04 9.999989999999999712e-01 -3.450940000000000119e-01 9.385679999999999579e-01 2.570000000000000127e-04 -9.385679999999999579e-01 -3.450940000000000119e-01 -1.031000000000000015e-03
1.500000000000000000e+01 6.300000000000000000e+01 5.400000000000000000e+01 0.000000000000000000e+00 1.600000000000000089e+00 -1.103999999999999947e-03 2.900000000000000017e-04 9.999989999999999712e-01 -3.418829999999999925e-01 9.397419999999999662e-01 -6.499999999999999702e-04 -9.397419999999999662e-01 -3.418840000000000212e-01 -9.389999999999999476e-04
2.500000000000000000e+01 6.300000000000000000e+01 5.400000000000000000e+01 0.000000000000000000e+00 1.600000000000000089e+00 1.482999999999999943e-03 2.399000000000000091e-03 9.999959999999999960e-01 -3.320540000000000158e-01 9.432589999999999586e-01 -1.771000000000000005e-03 -9.432589999999999586e-01 -3.320500000000000118e-01 2.194999999999999903e-03
1.000000000000000000e+01 2.500000000000000000e+01 5.500000000000000000e+01 0.000000000000000000e+00 1.600000000000000089e+00 -9.870000000000000301e-04 -2.883000000000000146e-03 -9.999949999999999672e-01 -1.151399999999999993e-02 -9.999299999999999855e-01 2.893999999999999871e-03 -9.999329999999999607e-01 1.151699999999999946e-02 9.539999999999999869e-04
1.800000000000000000e+01 2.500000000000000000e+01 5.500000000000000000e+01 0.000000000000000000e+00 1.600000000000000089e+00 1.814999999999999990e-03 8.614000000000000129e-03 -9.999609999999999888e-01 -1.111799999999999941e-02 -9.999010000000000398e-01 -8.633000000000000049e-03 -9.999369999999999647e-01 1.113300000000000053e-02 -1.719999999999999958e-03
2.000000000000000000e+00 2.100000000000000000e+01 6.000000000000000000e+01 0.000000000000000000e+00 1.600000000000000089e+00 -1.200000000000000030e-04 -1.036499999999999921e-02 9.999460000000000015e-01 -9.386200000000000099e-02 9.955319999999999725e-01 1.030799999999999945e-02 -9.955850000000000533e-01 -9.385599999999999499e-02 -1.092000000000000089e-03
1.600000000000000000e+01 2.100000000000000000e+01 6.000000000000000000e+01 0.000000000000000000e+00 1.600000000000000089e+00 2.232000000000000043e-03 -1.621799999999999978e-02 9.998660000000000325e-01 -9.389400000000000523e-02 9.954479999999999995e-01 1.635599999999999901e-02 -9.955800000000000205e-01 -9.391800000000000148e-02 6.999999999999999929e-04
2.000000000000000000e+01 2.100000000000000000e+01 6.000000000000000000e+01 0.000000000000000000e+00 1.600000000000000089e+00 -2.530000000000000239e-04 -9.039999999999999425e-03 9.999590000000000423e-01 -9.060899999999999510e-02 9.958460000000000090e-01 8.980000000000000135e-03 -9.958869999999999667e-01 -9.060300000000000298e-02 -1.072000000000000036e-03
2.400000000000000000e+01 2.100000000000000000e+01 6.000000000000000000e+01 0.000000000000000000e+00 1.600000000000000089e+00 -1.701999999999999954e-03 -4.960000000000000216e-04 9.999980000000000535e-01 -8.934699999999999587e-02 9.960010000000000252e-01 3.420000000000000188e-04 -9.959989999999999677e-01 -8.934599999999999487e-02 -1.740000000000000010e-03
3.000000000000000000e+01 2.100000000000000000e+01 6.000000000000000000e+01 0.000000000000000000e+00 1.600000000000000089e+00 -3.367999999999999900e-03 8.521000000000000796e-03 9.999580000000000135e-01 -8.990599999999999981e-02 9.959109999999999907e-01 -8.788999999999999937e-03 -9.959449999999999692e-01 -8.993199999999999805e-02 -2.588000000000000023e-03
2.000000000000000000e+00 6.700000000000000000e+01 6.000000000000000000e+01 0.000000000000000000e+00 1.600000000000000089e+00 -6.400000000000000524e-04 3.402000000000000076e-03 9.999940000000000495e-01 1.791810000000000069e-01 -9.838099999999999623e-01 3.461000000000000101e-03 9.838160000000000238e-01 1.791820000000000079e-01 2.000000000000000164e-05
8.000000000000000000e+00 6.700000000000000000e+01 6.000000000000000000e+01 0.000000000000000000e+00 1.600000000000000089e+00 1.711999999999999980e-03 2.540999999999999856e-03 9.999949999999999672e-01 1.742839999999999945e-01 -9.846930000000000405e-01 2.203000000000000097e-03 9.846939999999999582e-01 1.742789999999999895e-01 -2.128999999999999816e-03
1.100000000000000000e+01 1.200000000000000000e+01 6.300000000000000000e+01 0.000000000000000000e+00 1.600000000000000089e+00 7.945000000000000673e-03 3.330000000000000169e-04 -9.999679999999999680e-01 -1.545980000000000132e-01 -9.879759999999999653e-01 -1.557999999999999923e-03 -9.879459999999999908e-01 1.546049999999999924e-01 -7.798000000000000244e-03
3.000000000000000000e+00 2.700000000000000000e+01 6.300000000000000000e+01 0.000000000000000000e+00 1.600000000000000089e+00 1.369999999999999961e-04 -5.326000000000000005e-03 9.999860000000000415e-01 -2.726629999999999887e-01 9.620959999999999512e-01 5.161999999999999922e-03 -9.621100000000000207e-01 -2.726600000000000135e-01 -1.319999999999999993e-03
7.000000000000000000e+00 2.700000000000000000e+01 6.300000000000000000e+01 0.000000000000000000e+00 1.600000000000000089e+00 -4.789999999999999879e-04 -3.260000000000000094e-04 1.000000000000000000e+00 -2.743950000000000000e-01 9.616170000000000551e-01 1.820000000000000057e-04 -9.616170000000000551e-01 -2.743950000000000000e-01 -5.500000000000000331e-04
1.100000000000000000e+01 2.700000000000000000e+01 6.300000000000000000e+01 0.000000000000000000e+00 1.600000000000000089e+00 1.949999999999999965e-04 7.550000000000000287e-04 1.000000000000000000e+00 -2.729400000000000159e-01 9.620309999999999695e-01 -6.729999999999999871e-04 -9.620309999999999695e-01 -2.729400000000000159e-01 3.939999999999999817e-04
1.400000000000000000e+01 2.700000000000000000e+01 6.300000000000000000e+01 0.000000000000000000e+00 1.600000000000000089e+00 1.407000000000000048e-03 -8.599999999999999789e-04 9.999989999999999712e-01 -2.716759999999999731e-01 9.623880000000000212e-01 1.209999999999999921e-03 -9.623880000000000212e-01 -2.716770000000000018e-01 1.119999999999999902e-03
2.000000000000000000e+01 2.700000000000000000e+01 6.300000000000000000e+01 0.000000000000000000e+00 1.600000000000000089e+00 3.105999999999999820e-03 8.963000000000000481e-03 9.999550000000000383e-01 -2.679699999999999860e-01 9.633960000000000301e-01 -7.803000000000000040e-03 -9.634220000000000006e-01 -2.679340000000000055e-01 5.394000000000000357e-03
2.400000000000000000e+01 2.700000000000000000e+01 6.300000000000000000e+01 0.000000000000000000e+00 1.600000000000000089e+00 -2.331000000000000173e-03 -6.148999999999999952e-03 9.999780000000000335e-01 -2.658829999999999805e-01 9.639910000000000423e-01 5.308000000000000218e-03 -9.640030000000000543e-01 -2.658650000000000180e-01 -3.882000000000000034e-03
3.000000000000000000e+01 2.700000000000000000e+01 6.300000000000000000e+01 0.000000000000000000e+00 1.600000000000000089e+00 -6.509999999999999945e-04 -1.083699999999999941e-02 9.999409999999999688e-01 -2.727240000000000220e-01 9.620379999999999487e-01 1.024899999999999943e-02 -9.620919999999999472e-01 -2.727020000000000000e-01 -3.582000000000000114e-03
2.000000000000000000e+00 2.600000000000000000e+01 6.400000000000000000e+01 0.000000000000000000e+00 1.600000000000000089e+00 1.521999999999999915e-03 -4.569000000000000145e-03 9.999879999999999880e-01 -3.524729999999999808e-01 9.358100000000000307e-01 4.812000000000000305e-03 -9.358210000000000139e-01 -3.524760000000000115e-01 -1.869999999999999917e-04
7.000000000000000000e+00 2.600000000000000000e+01 6.400000000000000000e+01 0.000000000000000000e+00 1.600000000000000089e+00 -3.460000000000000076e-04 -6.639999999999999852e-04 1.000000000000000000e+00 -3.538720000000000199e-01 9.352939999999999587e-01 4.979999999999999618e-04 -9.352939999999999587e-01 -3.538720000000000199e-01 -5.590000000000000351e-04
1.100000000000000000e+01 2.600000000000000000e+01 6.400000000000000000e+01 0.000000000000000000e+00 1.600000000000000089e+00 9.899999999999999404e-05 3.390000000000000001e-04 1.000000000000000000e+00 -3.530369999999999897e-01 9.356090000000000240e-01 -2.820000000000000241e-04 -9.356090000000000240e-01 -3.530369999999999897e-01 2.120000000000000031e-04
1.500000000000000000e+01 2.600000000000000000e+01 6.400000000000000000e+01 0.000000000000000000e+00 1.600000000000000089e+00 1.843999999999999936e-03 4.200000000000000174e-04 9.999980000000000535e-01 -3.514459999999999806e-01 9.362080000000000402e-01 2.550000000000000183e-04 -9.362059999999999826e-01 -3.514459999999999806e-01 1.874000000000000015e-03
1.900000000000000000e+01 2.600000000000000000e+01 6.400000000000000000e+01 0.000000000000000000e+00 1.600000000000000089e+00 1.451000000000000033e-03 6.433000000000000350e-03 9.999780000000000335e-01 -3.490570000000000062e-01 9.370849999999999458e-01 -5.520999999999999866e-03 -9.371000000000000441e-01 -3.490420000000000189e-01 3.605000000000000131e-03
2.300000000000000000e+01 2.600000000000000000e+01 6.400000000000000000e+01 0.000000000000000000e+00 1.600000000000000089e+00 -3.499999999999999964e-04 -4.700000000000000185e-03 9.999890000000000168e-01 -3.468870000000000009e-01 9.378969999999999807e-01 4.287000000000000012e-03 -9.379070000000000462e-01 -3.468820000000000237e-01 -1.958000000000000105e-03
2.800000000000000000e+01 2.600000000000000000e+01 6.400000000000000000e+01 0.000000000000000000e+00 1.600000000000000089e+00 1.050000000000000044e-04 -1.483600000000000023e-02 9.998899999999999455e-01 -3.534530000000000172e-01 9.353489999999999860e-01 1.391500000000000029e-02 -9.354519999999999502e-01 -3.534149999999999792e-01 -5.146000000000000400e-03
2.000000000000000000e+00 6.900000000000000000e+01 6.600000000000000000e+01 0.000000000000000000e+00 1.600000000000000089e+00 5.812999999999999591e-03 -7.047000000000000312e-03 9.999580000000000135e-01 -9.495780000000000332e-01 3.134350000000000191e-01 7.728999999999999759e-03 -3.134759999999999769e-01 -9.495839999999999836e-01 -4.869000000000000064e-03
1.300000000000000000e+01 6.900000000000000000e+01 6.600000000000000000e+01 0.000000000000000000e+00 1.600000000000000089e+00 2.765999999999999796e-03 -4.001000000000000216e-03 9.999879999999999880e-01 -9.497409999999999464e-01 3.130140000000000144e-01 3.879000000000000069e-03 -3.130249999999999977e-01 -9.497400000000000286e-01 -2.933999999999999976e-03
2.000000000000000000e+00 2.500000000000000000e+01 7.300000000000000000e+01 0.000000000000000000e+00 1.600000000000000089e+00 1.569000000000000082e-03 -3.007000000000000124e-03 9.999940000000000495e-01 7.481299999999999617e-01 -6.635440000000000227e-01 -3.168999999999999942e-03 6.635499999999999732e-01 7.481309999999999905e-01 1.209000000000000005e-03
1.300000000000000000e+01 2.500000000000000000e+01 7.300000000000000000e+01 0.000000000000000000e+00 1.600000000000000089e+00 -2.011999999999999900e-03 -3.082999999999999803e-03 9.999930000000000208e-01 7.452379999999999560e-01 -6.667990000000000306e-01 -5.569999999999999864e-04 6.667960000000000553e-01 7.452309999999999768e-01 3.638999999999999874e-03
