7.000000000000000000e+00 2.500000000000000000e+01 1.000000000000000000e+00 0.000000000000000000e+00 1.600000000000000089e+00 2.820000000000000024e-03 4.831000000000000225e-03 -9.999839999999999840e-01 -5.249740000000000517e-01 -8.510999999999999677e-01 -5.591999999999999749e-03 -8.511140000000000372e-01 5.249810000000000310e-01 1.359999999999999989e-04
8.000000000000000000e+00 1.500000000000000000e+01 4.000000000000000000e+00 0.000000000000000000e+00 1.600000000000000089e+00 -8.132000000000000339e-03 -3.364999999999999936e-03 9.999609999999999888e-01 2.994569999999999732e-01 -9.541100000000000136e-01 -7.749999999999999728e-04 9.540750000000000064e-01 2.994390000000000107e-01 8.765999999999999487e-03
1.200000000000000000e+01 1.500000000000000000e+01 4.000000000000000000e+00 0.000000000000000000e+00 1.600000000000000089e+00 -5.112000000000000224e-03 -2.716999999999999797e-03 9.999829999999999552e-01 2.966289999999999760e-01 -9.549919999999999520e-01 -1.079000000000000098e-03 9.549790000000000223e-01 2.966190000000000215e-01 5.688000000000000347e-03
2.300000000000000000e+01 1.500000000000000000e+01 4.000000000000000000e+00 0.000000000000000000e+00 1.600000000000000089e+00 2.667999999999999799e-03 1.311999999999999972e-02 9.999099999999999655e-01 2.946759999999999935e-01 -9.555249999999999577e-01 1.175099999999999929e-02 9.555930000000000257e-01 2.946190000000000198e-01 -6.415999999999999828e-03
1.900000000000000000e+01 1.600000000000000000e+01 4.000000000000000000e+00 0.000000000000000000e+00 1.600000000000000089e+00 -2.320000000000000014e-04 1.004299999999999984e-02 9.999500000000000055e-01 3.698259999999999881e-01 -9.290530000000000177e-01 9.417000000000000023e-03 9.291009999999999547e-01 3.698089999999999988e-01 -3.498999999999999940e-03
1.100000000000000000e+01 1.010000000000000000e+02 7.000000000000000000e+00 0.000000000000000000e+00 1.600000000000000089e+00 -3.620000000000000171e-04 1.500699999999999951e-02 9.998869999999999703e-01 8.844929999999999737e-01 4.665059999999999762e-01 -6.681999999999999572e-03 -4.665540000000000243e-01 8.843910000000000382e-01 -1.344300000000000009e-02
1.700000000000000000e+01 1.010000000000000000e+02 7.000000000000000000e+00 0.000000000000000000e+00 1.600000000000000089e+00 -8.980000000000000352e-04 1.094400000000000060e-02 9.999400000000000510e-01 8.837789999999999813e-01 4.678849999999999953e-01 -4.327000000000000117e-03 -4.679039999999999866e-01 8.837220000000000075e-01 -1.009200000000000028e-02
2.200000000000000000e+01 1.010000000000000000e+02 7.000000000000000000e+00 0.000000000000000000e+00 1.600000000000000089e+00 2.716000000000000098e-03 -1.889999999999999970e-03 9.999949999999999672e-01 8.830829999999999513e-01 4.692140000000000200e-01 -1.512000000000000106e-03 -4.692089999999999872e-01 8.830820000000000336e-01 2.942999999999999870e-03
2.600000000000000000e+01 1.500000000000000000e+01 8.000000000000000000e+00 0.000000000000000000e+00 1.600000000000000089e+00 9.840000000000000656e-04 1.141600000000000080e-02 -9.999339999999999895e-01 -5.919079999999999897e-01 -8.059460000000000512e-01 -9.783999999999999295e-03 -8.060049999999999715e-01 5.918790000000000440e-01 5.963999999999999684e-03
3.000000000000000000e+01 1.500000000000000000e+01 8.000000000000000000e+00 0.000000000000000000e+00 1.600000000000000089e+00 3.820000000000000153e-04 1.043900000000000036e-02 -9.999449999999999728e-01 -5.909929999999999906e-01 -8.066299999999999581e-01 -8.647000000000000172e-03 -8.066759999999999486e-01 5.909640000000000448e-01 5.860999999999999890e-03
5.000000000000000000e+00 2.400000000000000000e+01 9.000000000000000000e+00 0.000000000000000000e+00 1.600000000000000089e+00 -1.991999999999999847e-03 -7.445000000000000229e-03 -9.999700000000000255e-01 4.519110000000000071e-01 8.920310000000000183e-01 -7.542000000000000093e-03 8.920609999999999928e-01 -4.519119999999999804e-01 1.587000000000000086e-03
8.000000000000000000e+00 2.400000000000000000e+01 9.000000000000000000e+00 0.000000000000000000e+00 1.600000000000000089e+00 -2.622999999999999898e-03 -5.943000000000000366e-03 -9.999789999999999512e-01 4.524610000000000021e-01 8.917610000000000259e-01 -6.486999999999999711e-03 8.917800000000000171e-01 -4.524690000000000101e-01 3.499999999999999964e-04
1.400000000000000000e+01 2.400000000000000000e+01 9.000000000000000000e+00 0.000000000000000000e+00 1.600000000000000089e+00 -1.268000000000000030e-03 -1.098999999999999934e-03 -9.999989999999999712e-01 4.533110000000000195e-01 8.913510000000000044e-01 -1.554000000000000043e-03 8.913510000000000044e-01 -4.533130000000000215e-01 -6.319999999999999663e-04
2.300000000000000000e+01 2.400000000000000000e+01 9.000000000000000000e+00 0.000000000000000000e+00 1.600000000000000089e+00 -8.720000000000000537e-04 -5.525000000000000397e-03 -9.999839999999999840e-01 4.538320000000000132e-01 8.910709999999999464e-01 -5.318999999999999943e-03 8.910869999999999624e-01 -4.538289999999999824e-01 1.729999999999999984e-03
2.900000000000000000e+01 2.400000000000000000e+01 9.000000000000000000e+00 0.000000000000000000e+00 1.600000000000000089e+00 -8.509999999999999769e-04 -3.253999999999999948e-03 -9.999940000000000495e-01 4.539279999999999982e-01 8.910320000000000462e-01 -3.285999999999999859e-03 8.910379999999999967e-01 -4.539279999999999982e-01 7.190000000000000210e-04
1.500000000000000000e+01 3.100000000000000000e+01 1.200000000000000000e+01 0.000000000000000000e+00 1.600000000000000089e+00 1.366999999999999943e-03 -2.069999999999999792e-03 9.999970000000000248e-01 4.590000000000000330e-03 9.999869999999999592e-01 2.063000000000000164e-03 -9.999890000000000168e-01 4.586999999999999932e-03 1.376000000000000053e-03
2.900000000000000000e+01 3.100000000000000000e+01 1.200000000000000000e+01 0.000000000000000000e+00 1.600000000000000089e+00 -1.177000000000000095e-03 -5.021000000000000289e-03 9.999869999999999592e-01 7.517000000000000244e-03 9.999590000000000423e-01 5.029999999999999749e-03 -9.999710000000000543e-01 7.523000000000000173e-03 -1.139000000000000038e-03
2.000000000000000000e+00 3.200000000000000000e+01 1.400000000000000000e+01 0.000000000000000000e+00 1.600000000000000089e+00 5.280000000000000405e-04 -2.100000000000000087e-04 -1.000000000000000000e+00 1.040530000000000066e-01 9.945720000000000116e-01 -1.540000000000000028e-04 9.945720000000000116e-01 -1.040530000000000066e-01 5.469999999999999602e-04
2.400000000000000000e+01 3.200000000000000000e+01 1.400000000000000000e+01 0.000000000000000000e+00 1.600000000000000089e+00 7.050000000000000060e-04 2.400000000000000061e-04 -1.000000000000000000e+00 1.007839999999999986e-01 9.949080000000000146e-01 3.099999999999999999e-04 9.949080000000000146e-01 -1.007839999999999986e-01 6.769999999999999759e-04
9.000000000000000000e+00 1.200000000000000000e+01 1.500000000000000000e+01 0.000000000000000000e+00 1.600000000000000089e+00 2.733000000000000186e-03 4.438000000000000105e-03 -9.999860000000000415e-01 -4.695750000000000202e-01 -8.828770000000000229e-01 -5.202000000000000027e-03 -8.828890000000000349e-01 4.695819999999999994e-01 -3.280000000000000038e-04
1.600000000000000000e+01 1.200000000000000000e+01 1.500000000000000000e+01 0.000000000000000000e+00 1.600000000000000089e+00 4.622000000000000240e-03 4.290999999999999676e-03 -9.999799999999999800e-01 -4.695139999999999869e-01 -8.829050000000000509e-01 -5.957999999999999755e-03 -8.829129999999999479e-01 4.695320000000000049e-01 -2.066000000000000128e-03
2.100000000000000000e+01 1.200000000000000000e+01 1.500000000000000000e+01 0.000000000000000000e+00 1.600000000000000089e+00 2.349999999999999930e-04 3.050000000000000194e-03 -9.999949999999999672e-01 -4.710360000000000102e-01 -8.821099999999999497e-01 -2.801999999999999803e-03 -8.821139999999999537e-01 4.710340000000000082e-01 1.229000000000000058e-03
2.900000000000000000e+01 1.200000000000000000e+01 1.500000000000000000e+01 0.000000000000000000e+00 1.600000000000000089e+00 -1.100000000000000066e-03 -2.576000000000000165e-03 -9.999959999999999960e-01 -4.669139999999999957e-01 -8.842989999999999462e-01 2.791000000000000078e-03 -8.843020000000000325e-01 4.669150000000000245e-01 -2.300000000000000070e-04
5.000000000000000000e+00 1.100000000000000000e+01 1.600000000000000000e+01 0.000000000000000000e+00 1.600000000000000089e+00 1.146000000000000100e-03 1.116000000000000021e-03 -9.999989999999999712e-01 -4.161860000000000004e-01 -9.092780000000000307e-01 -1.492000000000000054e-03 -9.092789999999999484e-01 4.161869999999999736e-01 -5.770000000000000389e-04
1.700000000000000000e+01 1.100000000000000000e+01 1.600000000000000000e+01 0.000000000000000000e+00 1.600000000000000089e+00 3.627000000000000016e-03 4.537000000000000234e-03 -9.999829999999999552e-01 -4.173479999999999968e-01 -9.087290000000000090e-01 -5.636999999999999650e-03 -9.087389999999999635e-01 4.173620000000000108e-01 -1.402999999999999950e-03
2.500000000000000000e+01 1.100000000000000000e+01 1.600000000000000000e+01 0.000000000000000000e+00 1.600000000000000089e+00 -9.049999999999999885e-04 -2.439999999999999895e-03 -9.999970000000000248e-01 -4.161929999999999796e-01 -9.092729999999999979e-01 2.595000000000000084e-03 -9.092759999999999732e-01 4.161940000000000084e-01 -1.920000000000000049e-04
2.800000000000000000e+01 1.100000000000000000e+01 1.600000000000000000e+01 0.000000000000000000e+00 1.600000000000000089e+00 -1.242000000000000048e-03 -1.928000000000000026e-03 -9.999970000000000248e-01 -4.150090000000000168e-01 -9.098140000000000116e-01 2.269000000000000183e-03 -9.098159999999999581e-01 4.150110000000000188e-01 3.299999999999999982e-04
3.000000000000000000e+00 1.160000000000000000e+02 1.600000000000000000e+01 0.000000000000000000e+00 1.600000000000000089e+00 -9.929999999999999591e-04 1.551000000000000078e-03 9.999980000000000535e-01 7.027849999999999930e-01 7.114030000000000076e-01 -4.060000000000000024e-04 -7.114019999999999788e-01 7.027830000000000465e-01 -1.796000000000000070e-03
8.000000000000000000e+00 1.160000000000000000e+02 1.600000000000000000e+01 0.000000000000000000e+00 1.600000000000000089e+00 1.595999999999999979e-03 -1.598000000000000028e-03 9.999970000000000248e-01 6.768979999999999997e-01 7.360759999999999525e-01 9.500000000000000523e-05 -7.360750000000000348e-01 6.768969999999999709e-01 2.256000000000000193e-03
1.600000000000000000e+01 1.160000000000000000e+02 1.600000000000000000e+01 0.000000000000000000e+00 1.600000000000000089e+00 -5.820000000000000520e-04 2.589999999999999854e-03 9.999959999999999960e-01 7.150729999999999587e-01 6.990480000000000027e-01 -1.394000000000000057e-03 -6.990499999999999492e-01 7.150699999999999834e-01 -2.259000000000000157e-03
3.000000000000000000e+01 1.160000000000000000e+02 1.600000000000000000e+01 0.000000000000000000e+00 1.600000000000000089e+00 1.876999999999999979e-03 -1.892999999999999934e-03 9.999959999999999960e-01 7.020340000000000469e-01 7.121429999999999705e-01 3.100000000000000135e-05 -7.121410000000000240e-01 7.020319999999999894e-01 2.665999999999999967e-03
4.000000000000000000e+00 2.000000000000000000e+00 1.900000000000000000e+01 0.000000000000000000e+00 1.600000000000000089e+00 3.020000000000000223e-04 -4.407999999999999592e-03 -9.999900000000000455e-01 1.926720000000000099e-01 -9.812530000000000419e-01 4.383999999999999876e-03 -9.812629999999999963e-01 -1.926710000000000089e-01 5.529999999999999976e-04
9.000000000000000000e+00 2.000000000000000000e+00 1.900000000000000000e+01 0.000000000000000000e+00 1.600000000000000089e+00 5.349999999999999938e-04 -4.800000000000000122e-05 -1.000000000000000000e+00 1.966539999999999955e-01 -9.804730000000000389e-01 1.530000000000000056e-04 -9.804730000000000389e-01 -1.966539999999999955e-01 -5.150000000000000498e-04
1.700000000000000000e+01 2.000000000000000000e+00 1.900000000000000000e+01 0.000000000000000000e+00 1.600000000000000089e+00 2.782999999999999884e-03 5.660000000000000100e-03 -9.999799999999999800e-01 1.915530000000000010e-01 -9.814699999999999536e-01 -5.022000000000000422e-03 -9.814779999999999616e-01 -1.915350000000000108e-01 -3.815999999999999948e-03
2.100000000000000000e+01 2.000000000000000000e+00 1.900000000000000000e+01 0.000000000000000000e+00 1.600000000000000089e+00 1.981999999999999821e-03 -1.632999999999999903e-03 -9.999970000000000248e-01 1.894230000000000080e-01 -9.818940000000000445e-01 1.978999999999999856e-03 -9.818940000000000445e-01 -1.894270000000000120e-01 -1.637000000000000000e-03
2.500000000000000000e+01 2.000000000000000000e+00 1.900000000000000000e+01 0.000000000000000000e+00 1.600000000000000089e+00 -1.711999999999999980e-03 8.570000000000000144e-04 -9.999980000000000535e-01 1.857600000000000084e-01 -9.825939999999999674e-01 -1.160999999999999923e-03 -9.825939999999999674e-01 -1.857610000000000094e-01 1.523000000000000048e-03
2.900000000000000000e+01 2.000000000000000000e+00 1.900000000000000000e+01 0.000000000000000000e+00 1.600000000000000089e+00 -2.582000000000000094e-03 5.089999999999999906e-03 -9.999839999999999840e-01 1.826770000000000060e-01 -9.831579999999999764e-01 -5.475999999999999965e-03 -9.831699999999999884e-01 -1.826879999999999893e-01 1.608999999999999970e-03
7.000000000000000000e+00 4.000000000000000000e+00 2.000000000000000000e+01 0.000000000000000000e+00 1.600000000000000089e+00 7.770000000000000214e-04 -2.467000000000000009e-03 -9.999970000000000248e-01 2.928339999999999832e-01 -9.561600000000000099e-01 2.586999999999999890e-03 -9.561629999999999852e-01 -2.928350000000000120e-01 -2.000000000000000164e-05
1.300000000000000000e+01 4.000000000000000000e+00 2.000000000000000000e+01 0.000000000000000000e+00 1.600000000000000089e+00 1.250999999999999942e-03 8.311999999999999944e-03 -9.999649999999999928e-01 2.929140000000000077e-01 -9.561089999999999867e-01 -7.581000000000000065e-03 -9.561380000000000434e-01 -2.928939999999999877e-01 -3.631000000000000113e-03
2.300000000000000000e+01 4.000000000000000000e+00 2.000000000000000000e+01 0.000000000000000000e+00 1.600000000000000089e+00 2.181000000000000213e-03 1.440000000000000036e-04 -9.999980000000000535e-01 2.841520000000000157e-01 -9.587790000000000479e-01 4.820000000000000066e-04 -9.587769999999999904e-01 -2.841520000000000157e-01 -2.132000000000000214e-03
3.000000000000000000e+01 4.000000000000000000e+00 2.000000000000000000e+01 0.000000000000000000e+00 1.600000000000000089e+00 -5.229000000000000141e-03 7.950999999999999734e-03 -9.999550000000000383e-01 2.703229999999999800e-01 -9.627269999999999994e-01 -9.067999999999999672e-03 -9.627559999999999452e-01 -2.703579999999999872e-01 2.884999999999999978e-03
3.000000000000000000e+00 1.300000000000000000e+01 2.000000000000000000e+01 0.000000000000000000e+00 1.600000000000000089e+00 1.077000000000000049e-03 -7.079999999999999705e-04 9.999989999999999712e-01 2.553369999999999806e-01 9.668520000000000447e-01 4.090000000000000211e-04 -9.668510000000000160e-01 2.553369999999999806e-01 1.221999999999999996e-03
7.000000000000000000e+00 1.300000000000000000e+01 2.000000000000000000e+01 0.000000000000000000e+00 1.600000000000000089e+00 1.621999999999999961e-03 1.147000000000000016e-03 9.999980000000000535e-01 2.554540000000000144e-01 9.668200000000000127e-01 -1.523999999999999964e-03 -9.668200000000000127e-01 2.554560000000000164e-01 1.275000000000000092e-03
1.300000000000000000e+01 1.300000000000000000e+01 2.000000000000000000e+01 0.000000000000000000e+00 1.600000000000000089e+00 9.030000000000000483e-04 7.900000000000000121e-04 9.999989999999999712e-01 2.544950000000000268e-01 9.670729999999999604e-01 -9.929999999999999591e-04 -9.670739999999999892e-01 2.544960000000000000e-01 6.719999999999999628e-04
1.800000000000000000e+01 1.300000000000000000e+01 2.000000000000000000e+01 0.000000000000000000e+00 1.600000000000000089e+00 1.147999999999999932e-03 -3.678999999999999979e-03 9.999930000000000208e-01 2.552249999999999797e-01 9.668759999999999577e-01 3.263999999999999974e-03 -9.668809999999999905e-01 2.552189999999999737e-01 2.049000000000000040e-03
2.300000000000000000e+01 1.300000000000000000e+01 2.000000000000000000e+01 0.000000000000000000e+00 1.600000000000000089e+00 -1.217999999999999899e-03 1.523000000000000048e-03 9.999980000000000535e-01 2.560660000000000158e-01 9.666590000000000460e-01 -1.160000000000000007e-03 -9.666590000000000460e-01 2.560640000000000138e-01 -1.567999999999999949e-03
7.000000000000000000e+00 1.600000000000000000e+01 2.100000000000000000e+01 0.000000000000000000e+00 1.600000000000000089e+00 1.384999999999999946e-03 1.485999999999999908e-03 9.999980000000000535e-01 2.994339999999999780e-01 9.541150000000000464e-01 -1.832999999999999994e-03 -9.541159999999999641e-01 2.994359999999999800e-01 8.769999999999999584e-04
1.000000000000000000e+01 1.600000000000000000e+01 2.100000000000000000e+01 0.000000000000000000e+00 1.600000000000000089e+00 3.699999999999999947e-04 5.209000000000000088e-03 9.999860000000000415e-01 2.988430000000000253e-01 9.542890000000000539e-01 -5.081999999999999712e-03 -9.543019999999999836e-01 2.988410000000000233e-01 -1.203000000000000076e-03
1.400000000000000000e+01 1.600000000000000000e+01 2.100000000000000000e+01 0.000000000000000000e+00 1.600000000000000089e+00 1.319000000000000077e-03 3.225000000000000002e-03 9.999940000000000495e-01 2.974649999999999794e-01 9.547259999999999636e-01 -3.471999999999999826e-03 -9.547320000000000251e-01 2.974680000000000102e-01 2.999999999999999737e-04
2.200000000000000000e+01 1.600000000000000000e+01 2.100000000000000000e+01 0.000000000000000000e+00 1.600000000000000089e+00 -1.428999999999999932e-03 -1.704999999999999918e-03 9.999980000000000535e-01 2.977929999999999744e-01 9.546280000000000321e-01 2.053000000000000137e-03 -9.546289999999999498e-01 2.977960000000000051e-01 -8.570000000000000144e-04
2.600000000000000000e+01 1.600000000000000000e+01 2.100000000000000000e+01 0.000000000000000000e+00 1.600000000000000089e+00 -1.185000000000000072e-03 4.327000000000000117e-03 9.999900000000000455e-01 2.976759999999999962e-01 9.546599999999999531e-01 -3.778000000000000108e-03 -9.546660000000000146e-01 2.976679999999999882e-01 -2.419000000000000143e-03
1.100000000000000000e+01 3.000000000000000000e+00 2.500000000000000000e+01 0.000000000000000000e+00 1.600000000000000089e+00 -2.284000000000000006e-03 3.778000000000000108e-03 9.999900000000000455e-01 -6.289500000000000646e-02 -9.980139999999999567e-01 3.627000000000000016e-03 9.980179999999999607e-01 -6.288599999999999746e-02 2.517000000000000140e-03
2.100000000000000000e+01 3.000000000000000000e+00 2.500000000000000000e+01 0.000000000000000000e+00 1.600000000000000089e+00 -9.550000000000000112e-04 -8.549999999999999658e-04 9.999989999999999712e-01 -4.388700000000000240e-02 -9.990360000000000351e-01 -8.959999999999999866e-04 9.990360000000000351e-01 -4.388700000000000240e-02 9.160000000000000390e-04
2.500000000000000000e+01 3.000000000000000000e+00 2.500000000000000000e+01 0.000000000000000000e+00 1.600000000000000089e+00 -3.501000000000000206e-03 8.040000000000000271e-04 9.999940000000000495e-01 -3.794000000000000150e-02 -9.992799999999999461e-01 6.710000000000000469e-04 9.992739999999999956e-01 -3.793699999999999850e-02 3.529000000000000019e-03
6.000000000000000000e+00 4.600000000000000000e+01 2.700000000000000000e+01 0.000000000000000000e+00 1.600000000000000089e+00 -1.113000000000000057e-03 2.373999999999999808e-03 -9.999970000000000248e-01 6.546600000000000197e-01 7.559219999999999828e-01 1.066000000000000107e-03 7.559219999999999828e-01 -6.546570000000000444e-01 -2.396000000000000126e-03
2.000000000000000000e+01 4.600000000000000000e+01 2.700000000000000000e+01 0.000000000000000000e+00 1.600000000000000089e+00 2.575000000000000032e-03 2.543999999999999821e-03 -9.999930000000000208e-01 6.597809999999999508e-01 7.514490000000000336e-01 3.611000000000000060e-03 7.514539999999999553e-01 -6.597859999999999836e-01 2.559999999999999884e-04
2.000000000000000000e+00 5.800000000000000000e+01 3.100000000000000000e+01 0.000000000000000000e+00 1.600000000000000089e+00 6.560000000000000076e-04 -8.239999999999999712e-04 9.999989999999999712e-01 -8.012280000000000513e-01 -5.983589999999999742e-01 3.300000000000000253e-05 5.983589999999999742e-01 -8.012270000000000225e-01 -1.052999999999999900e-03
7.000000000000000000e+00 5.800000000000000000e+01 3.100000000000000000e+01 0.000000000000000000e+00 1.600000000000000089e+00 1.129999999999999955e-04 -5.026000000000000086e-03 9.999869999999999592e-01 -8.009290000000000020e-01 -5.987529999999999797e-01 -2.919000000000000154e-03 5.987599999999999589e-01 -8.009180000000000188e-01 -4.093000000000000284e-03
1.100000000000000000e+01 5.800000000000000000e+01 3.100000000000000000e+01 0.000000000000000000e+00 1.600000000000000089e+00 3.056999999999999822e-03 -3.448000000000000110e-03 9.999890000000000168e-01 -7.968520000000000048e-01 -6.041750000000000176e-01 3.530000000000000152e-04 6.041670000000000096e-01 -7.968439999999999968e-01 -4.595000000000000126e-03
2.400000000000000000e+01 5.800000000000000000e+01 3.100000000000000000e+01 0.000000000000000000e+00 1.600000000000000089e+00 -2.152999999999999966e-03 3.642999999999999971e-03 9.999909999999999632e-01 -7.948460000000000525e-01 -6.068109999999999893e-01 4.989999999999999861e-04 6.068069999999999853e-01 -7.948380000000000445e-01 4.202000000000000006e-03
1.500000000000000000e+01 5.900000000000000000e+01 3.200000000000000000e+01 0.000000000000000000e+00 1.600000000000000089e+00 2.308000000000000156e-03 4.948000000000000141e-03 9.999850000000000128e-01 -6.931150000000000366e-01 -7.208080000000000043e-01 5.166999999999999718e-03 7.208229999999999915e-01 -6.931169999999999831e-01 1.765999999999999992e-03
5.000000000000000000e+00 4.600000000000000000e+01 3.500000000000000000e+01 0.000000000000000000e+00 1.600000000000000089e+00 8.319999999999999488e-04 -4.199999999999999768e-05 -1.000000000000000000e+00 3.846109999999999807e-01 -9.230789999999999829e-01 3.589999999999999984e-04 -9.230779999999999541e-01 -3.846109999999999807e-01 -7.519999999999999558e-04
1.100000000000000000e+01 4.600000000000000000e+01 3.500000000000000000e+01 0.000000000000000000e+00 1.600000000000000089e+00 -3.780000000000000265e-04 -1.691999999999999928e-03 -9.999989999999999712e-01 3.852430000000000021e-01 -9.228140000000000231e-01 1.415999999999999941e-03 -9.228150000000000519e-01 -3.852419999999999733e-01 1.000000000000000021e-03
1.500000000000000000e+01 4.600000000000000000e+01 3.500000000000000000e+01 0.000000000000000000e+00 1.600000000000000089e+00 6.149999999999999868e-04 -4.429999999999999802e-04 -1.000000000000000000e+00 3.849360000000000004e-01 -9.229429999999999579e-01 6.449999999999999570e-04 -9.229429999999999579e-01 -3.849360000000000004e-01 -3.970000000000000005e-04
1.900000000000000000e+01 4.600000000000000000e+01 3.500000000000000000e+01 0.000000000000000000e+00 1.600000000000000089e+00 -9.699999999999999963e-05 -2.130000000000000003e-04 -1.000000000000000000e+00 3.844119999999999759e-01 -9.231610000000000094e-01 1.589999999999999888e-04 -9.231610000000000094e-01 -3.844119999999999759e-01 1.710000000000000094e-04
2.500000000000000000e+01 4.600000000000000000e+01 3.500000000000000000e+01 0.000000000000000000e+00 1.600000000000000089e+00 1.056999999999999997e-03 -3.069999999999999812e-04 -9.999989999999999712e-01 3.842119999999999980e-01 -9.232449999999999823e-01 6.890000000000000508e-04 -9.232439999999999536e-01 -3.842130000000000267e-01 -8.580000000000000387e-04
7.000000000000000000e+00 9.500000000000000000e+01 3.600000000000000000e+01 0.000000000000000000e+00 1.600000000000000089e+00 -2.396999999999999825e-03 2.044999999999999943e-03 9.999949999999999672e-01 9.967449999999999921e-01 8.058899999999999397e-02 2.224999999999999981e-03 -8.058400000000000285e-02 9.967449999999999921e-01 -2.232000000000000043e-03
1.200000000000000000e+01 9.500000000000000000e+01 3.600000000000000000e+01 0.000000000000000000e+00 1.600000000000000089e+00 -2.625999999999999862e-03 7.481999999999999935e-03 9.999689999999999968e-01 9.971929999999999961e-01 7.484599999999999587e-02 2.057999999999999934e-03 -7.482800000000000562e-02 9.971670000000000256e-01 -7.656999999999999744e-03
1.700000000000000000e+01 9.500000000000000000e+01 3.600000000000000000e+01 0.000000000000000000e+00 1.600000000000000089e+00 -3.043999999999999831e-03 1.663600000000000148e-02 9.998569999999999958e-01 9.972710000000000186e-01 7.380499999999999561e-02 1.807999999999999928e-03 -7.376399999999999624e-02 9.971339999999999648e-01 -1.681500000000000009e-02
2.200000000000000000e+01 9.500000000000000000e+01 3.600000000000000000e+01 0.000000000000000000e+00 1.600000000000000089e+00 1.091899999999999989e-02 1.655399999999999927e-02 9.998029999999999973e-01 9.966679999999999984e-01 8.064699999999999647e-02 -1.221999999999999996e-02 -8.083400000000000307e-02 9.966049999999999631e-01 -1.561799999999999994e-02
2.700000000000000000e+01 9.500000000000000000e+01 3.600000000000000000e+01 0.000000000000000000e+00 1.600000000000000089e+00 1.087600000000000025e-02 2.436999999999999930e-03 9.999379999999999935e-01 9.964669999999999916e-01 8.325299999999999367e-02 -1.104100000000000047e-02 -8.327400000000000080e-02 9.965249999999999941e-01 -1.523000000000000048e-03
5.000000000000000000e+00 3.000000000000000000e+00 4.300000000000000000e+01 0.000000000000000000e+00 1.600000000000000089e+00 1.797999999999999902e-03 3.312999999999999973e-03 -9.999930000000000208e-01 7.367280000000000495e-01 -6.761880000000000113e-01 -9.150000000000000147e-04 -6.761869999999999825e-01 -7.367209999999999592e-01 -3.655999999999999962e-03
1.200000000000000000e+01 3.000000000000000000e+00 4.300000000000000000e+01 0.000000000000000000e+00 1.600000000000000089e+00 1.217999999999999899e-03 -2.151399999999999840e-02 -9.997679999999999900e-01 7.339599999999999458e-01 -6.790159999999999529e-01 1.550600000000000069e-02 -6.791920000000000179e-01 -7.338080000000000158e-01 1.496300000000000061e-02
2.000000000000000000e+01 3.000000000000000000e+00 4.300000000000000000e+01 0.000000000000000000e+00 1.600000000000000089e+00 4.388999999999999672e-03 2.691400000000000042e-02 -9.996279999999999610e-01 7.404269999999999463e-01 -6.719730000000000425e-01 -1.484100000000000003e-02 -6.721230000000000260e-01 -7.400860000000000216e-01 -2.287700000000000150e-02
2.800000000000000000e+01 3.000000000000000000e+00 4.300000000000000000e+01 0.000000000000000000e+00 1.600000000000000089e+00 -6.125000000000000236e-03 -3.512699999999999850e-02 -9.993640000000000301e-01 7.379980000000000429e-01 -6.745299999999999629e-01 1.918600000000000166e-02 -6.747750000000000137e-01 -7.374119999999999564e-01 3.005499999999999838e-02
2.000000000000000000e+00 2.900000000000000000e+01 4.400000000000000000e+01 0.000000000000000000e+00 1.600000000000000089e+00 3.011999999999999920e-03 2.869999999999999830e-04 -9.999949999999999672e-01 6.870129999999999848e-01 7.266409999999999814e-01 2.278000000000000077e-03 7.266380000000000061e-01 -6.870169999999999888e-01 1.991000000000000148e-03
7.000000000000000000e+00 2.900000000000000000e+01 4.400000000000000000e+01 0.000000000000000000e+00 1.600000000000000089e+00 -3.289999999999999739e-04 4.609999999999999840e-04 -1.000000000000000000e+00 6.867630000000000123e-01 7.268820000000000281e-01 1.090000000000000067e-04 7.268820000000000281e-01 -6.867630000000000123e-01 -5.559999999999999621e-04
1.300000000000000000e+01 2.900000000000000000e+01 4.400000000000000000e+01 0.000000000000000000e+00 1.600000000000000089e+00 -2.567999999999999970e-03 1.683000000000000034e-03 -9.999949999999999672e-01 6.846980000000000288e-01 7.288270000000000026e-01 -5.310000000000000050e-04 7.288229999999999986e-01 -6.846959999999999713e-01 -3.024000000000000212e-03
1.900000000000000000e+01 2.900000000000000000e+01 4.400000000000000000e+01 0.000000000000000000e+00 1.600000000000000089e+00 -2.896999999999999836e-03 3.752000000000000127e-03 -9.999890000000000168e-01 6.719100000000000072e-01 7.406319999999999570e-01 8.319999999999999488e-04 7.406270000000000353e-01 -6.719000000000000528e-01 -4.667000000000000141e-03
2.700000000000000000e+01 2.900000000000000000e+01 4.400000000000000000e+01 0.000000000000000000e+00 1.600000000000000089e+00 -6.229999999999999644e-04 2.340000000000000066e-03 -9.999970000000000248e-01 6.606649999999999467e-01 7.506800000000000139e-01 1.343999999999999926e-03 7.506810000000000427e-01 -6.606619999999999715e-01 -2.014000000000000165e-03
1.200000000000000000e+01 5.400000000000000000e+01 4.600000000000000000e+01 0.000000000000000000e+00 1.600000000000000089e+00 -2.069000000000000093e-03 1.080000000000000014e-03 9.999970000000000248e-01 3.112199999999999966e-01 -9.503359999999999586e-01 1.670999999999999959e-03 9.503359999999999586e-01 3.112230000000000274e-01 1.629999999999999939e-03
2.100000000000000000e+01 5.400000000000000000e+01 4.600000000000000000e+01 0.000000000000000000e+00 1.600000000000000089e+00 9.590000000000000000e-04 -8.392000000000000154e-03 9.999639999999999640e-01 3.076200000000000045e-01 -9.514730000000000132e-01 -8.279999999999999166e-03 9.515090000000000492e-01 3.076169999999999738e-01 1.668999999999999911e-03
1.400000000000000000e+01 6.500000000000000000e+01 4.600000000000000000e+01 0.000000000000000000e+00 1.600000000000000089e+00 1.544999999999999932e-03 -8.419999999999999750e-04 9.999980000000000535e-01 6.802359999999999518e-01 -7.329909999999999481e-01 -1.667999999999999995e-03 7.329919999999999769e-01 6.802369999999999806e-01 -5.599999999999999509e-04
9.000000000000000000e+00 7.000000000000000000e+00 5.200000000000000000e+01 0.000000000000000000e+00 1.600000000000000089e+00 -4.845999999999999613e-03 -7.797000000000000111e-03 -9.999580000000000135e-01 1.056070000000000064e-01 -9.943819999999999881e-01 7.241000000000000041e-03 -9.943959999999999466e-01 -1.055669999999999942e-01 5.642000000000000313e-03
1.100000000000000000e+01 7.000000000000000000e+00 5.200000000000000000e+01 0.000000000000000000e+00 1.600000000000000089e+00 -3.954000000000000049e-03 -4.349999999999999700e-03 -9.999829999999999552e-01 1.056689999999999990e-01 -9.943940000000000001e-01 3.908000000000000015e-03 -9.943929999999999714e-01 -1.056519999999999959e-01 4.390999999999999938e-03
3.000000000000000000e+00 6.300000000000000000e+01 5.400000000000000000e+01 0.000000000000000000e+00 1.600000000000000089e+00 -3.350000000000000113e-04 -4.094999999999999682e-03 9.999919999999999920e-01 -3.528560000000000030e-01 9.356700000000000017e-01 3.713999999999999854e-03 -9.356769999999999810e-01 -3.528519999999999990e-01 -1.758000000000000014e-03
1.200000000000000000e+01 6.300000000000000000e+01 5.400000000000000000e+01 0.000000000000000000e+00 1.600000000000000089e+00 1.433999999999999945e-03 1.232999999999999938e-03 9.999980000000000535e-01 -3.592940000000000023e-01 9.332240000000000535e-01 -6.350000000000000392e-04 -9.332230000000000247e-01 -3.592929999999999735e-01 1.781000000000000031e-03
1.500000000000000000e+01 6.300000000000000000e+01 5.400000000000000000e+01 0.000000000000000000e+00 1.600000000000000089e+00 6.719999999999999628e-04 2.402000000000000055e-03 9.999970000000000248e-01 -3.608529999999999793e-01 9.326210000000000333e-01 -1.998000000000000210e-03 -9.326229999999999798e-01 -3.608500000000000041e-01 1.492999999999999969e-03
1.900000000000000000e+01 6.300000000000000000e+01 5.400000000000000000e+01 0.000000000000000000e+00 1.600000000000000089e+00 -1.330000000000000073e-04 2.285000000000000139e-03 9.999970000000000248e-01 -3.626840000000000064e-01 9.319100000000000161e-01 -2.177999999999999815e-03 -9.319119999999999626e-01 -3.626829999999999776e-01 7.050000000000000060e-04
2.400000000000000000e+01 6.300000000000000000e+01 5.400000000000000000e+01 0.000000000000000000e+00 1.600000000000000089e+00 -1.895999999999999899e-03 1.868000000000000086e-03 9.999959999999999960e-01 -3.533370000000000122e-01 9.354930000000000190e-01 -2.418000000000000010e-03 -9.354940000000000477e-01 -3.533399999999999874e-01 -1.113999999999999973e-03
2.800000000000000000e+01 6.300000000000000000e+01 5.400000000000000000e+01 0.000000000000000000e+00 1.600000000000000089e+00 5.399999999999999798e-05 3.851999999999999955e-03 9.999930000000000208e-01 -3.510519999999999752e-01 9.363489999999999869e-01 -3.588000000000000043e-03 -9.363559999999999661e-01 -3.510489999999999999e-01 1.402999999999999950e-03
6.000000000000000000e+00 2.500000000000000000e+01 5.500000000000000000e+01 0.000000000000000000e+00 1.600000000000000089e+00 3.510000000000000208e-04 1.445000000000000104e-03 -9.999989999999999712e-01 -1.470400000000000006e-02 -9.998909999999999743e-01 -1.449999999999999900e-03 -9.998920000000000030e-01 1.470499999999999932e-02 -3.299999999999999982e-04
1.600000000000000000e+01 2.500000000000000000e+01 5.500000000000000000e+01 0.000000000000000000e+00 1.600000000000000089e+00 -3.550000000000000096e-04 -6.210000000000000242e-04 -1.000000000000000000e+00 -1.115700000000000025e-02 -9.999379999999999935e-01 6.239999999999999887e-04 -9.999379999999999935e-01 1.115799999999999952e-02 3.480000000000000020e-04
2.000000000000000000e+01 2.500000000000000000e+01 5.500000000000000000e+01 0.000000000000000000e+00 1.600000000000000089e+00 4.199999999999999768e-05 -4.699999999999999724e-05 -1.000000000000000000e+00 -1.032100000000000031e-02 -9.999470000000000303e-01 4.699999999999999724e-05 -9.999470000000000303e-01 1.032100000000000031e-02 -4.300000000000000165e-05
2.300000000000000000e+01 2.500000000000000000e+01 5.500000000000000000e+01 0.000000000000000000e+00 1.600000000000000089e+00 -7.499999999999999343e-05 -1.771000000000000005e-03 -9.999980000000000535e-01 -1.025000000000000043e-02 -9.999460000000000015e-01 1.771999999999999921e-03 -9.999470000000000303e-01 1.025000000000000043e-02 5.700000000000000314e-05
5.000000000000000000e+00 6.800000000000000000e+01 5.700000000000000000e+01 0.000000000000000000e+00 1.600000000000000089e+00 -4.620000000000000083e-04 -1.265000000000000065e-03 -9.999989999999999712e-01 -2.442219999999999946e-01 -9.697179999999999689e-01 1.338999999999999913e-03 -9.697189999999999976e-01 2.442219999999999946e-01 1.399999999999999877e-04
2.100000000000000000e+01 6.800000000000000000e+01 5.700000000000000000e+01 0.000000000000000000e+00 1.600000000000000089e+00 1.319000000000000077e-03 2.733999999999999885e-03 -9.999949999999999672e-01 -2.458950000000000025e-01 -9.692920000000000424e-01 -2.974000000000000081e-03 -9.692960000000000464e-01 2.458980000000000055e-01 -6.070000000000000092e-04
1.200000000000000000e+01 2.100000000000000000e+01 6.000000000000000000e+01 0.000000000000000000e+00 1.600000000000000089e+00 -1.289999999999999914e-04 -9.719999999999999474e-03 9.999529999999999808e-01 -9.301299999999999846e-02 9.956180000000000030e-01 9.665999999999999245e-03 -9.956650000000000222e-01 -9.300799999999999346e-02 -1.031999999999999931e-03
1.500000000000000000e+01 2.100000000000000000e+01 6.000000000000000000e+01 0.000000000000000000e+00 1.600000000000000089e+00 -1.701999999999999954e-03 2.259000000000000157e-03 9.999959999999999960e-01 -9.394600000000000173e-02 9.955739999999999590e-01 -2.409000000000000117e-03 -9.955760000000000165e-01 -9.395000000000000573e-02 -1.482999999999999943e-03
2.300000000000000000e+01 2.100000000000000000e+01 6.000000000000000000e+01 0.000000000000000000e+00 1.600000000000000089e+00 -9.799999999999999684e-05 8.462000000000000771e-03 9.999639999999999640e-01 -9.549699999999999855e-02 9.953940000000000010e-01 -8.432000000000000259e-03 -9.954300000000000370e-01 -9.549499999999999655e-02 7.100000000000000191e-04
2.700000000000000000e+01 2.100000000000000000e+01 6.000000000000000000e+01 0.000000000000000000e+00 1.600000000000000089e+00 -1.206000000000000041e-03 4.274000000000000021e-03 9.999900000000000455e-01 -9.434199999999999531e-02 9.955300000000000260e-01 -4.368999999999999620e-03 -9.955389999999999517e-01 -9.434599999999999931e-02 -7.969999999999999654e-04
2.700000000000000000e+01 3.000000000000000000e+00 6.300000000000000000e+01 0.000000000000000000e+00 1.600000000000000089e+00 -3.319999999999999926e-04 -3.989999999999999949e-04 1.000000000000000000e+00 -6.129999999999999893e-01 7.900829999999999798e-01 1.110000000000000011e-04 -7.900829999999999798e-01 -6.129999999999999893e-01 -5.069999999999999637e-04
2.000000000000000000e+00 2.700000000000000000e+01 6.300000000000000000e+01 0.000000000000000000e+00 1.600000000000000089e+00 -6.080000000000000335e-04 -1.716999999999999993e-03 9.999980000000000535e-01 -2.763760000000000105e-01 9.610480000000000134e-01 1.482000000000000027e-03 -9.610490000000000421e-01 -2.763749999999999818e-01 -1.059000000000000045e-03
7.000000000000000000e+00 2.700000000000000000e+01 6.300000000000000000e+01 0.000000000000000000e+00 1.600000000000000089e+00 -9.200000000000000278e-04 -2.978000000000000178e-03 9.999949999999999672e-01 -2.776339999999999919e-01 9.606829999999999536e-01 2.605000000000000111e-03 -9.606860000000000399e-01 -2.776310000000000167e-01 -1.709999999999999932e-03
1.400000000000000000e+01 2.700000000000000000e+01 6.300000000000000000e+01 0.000000000000000000e+00 1.600000000000000089e+00 -2.158999999999999895e-03 -1.032199999999999958e-02 9.999440000000000550e-01 -2.777549999999999741e-01 9.606069999999999887e-01 9.315999999999999628e-03 -9.606500000000000039e-01 -2.777189999999999936e-01 -4.939999999999999947e-03
1.700000000000000000e+01 2.700000000000000000e+01 6.300000000000000000e+01 0.000000000000000000e+00 1.600000000000000089e+00 -1.020000000000000073e-03 -4.903000000000000240e-03 9.999869999999999592e-01 -2.770710000000000117e-01 9.608389999999999986e-01 4.427999999999999645e-03 -9.608489999999999531e-01 -2.770630000000000037e-01 -2.337999999999999801e-03
2.200000000000000000e+01 2.700000000000000000e+01 6.300000000000000000e+01 0.000000000000000000e+00 1.600000000000000089e+00 7.470000000000000511e-04 2.625000000000000163e-03 9.999959999999999960e-01 -2.800090000000000079e-01 9.599950000000000427e-01 -2.309999999999999987e-03 -9.599969999999999892e-01 -2.800059999999999771e-01 1.451999999999999949e-03
2.700000000000000000e+01 2.700000000000000000e+01 6.300000000000000000e+01 0.000000000000000000e+00 1.600000000000000089e+00 5.330000000000000536e-04 -6.000000000000000152e-05 1.000000000000000000e+00 -2.822729999999999961e-01 9.593340000000000201e-01 2.079999999999999872e-04 -9.593340000000000201e-01 -2.822729999999999961e-01 4.939999999999999730e-04
1.000000000000000000e+00 2.600000000000000000e+01 6.400000000000000000e+01 0.000000000000000000e+00 1.600000000000000089e+00 -1.015000000000000060e-03 -7.499999999999999343e-05 9.999989999999999712e-01 -3.533100000000000129e-01 9.355059999999999487e-01 -2.889999999999999774e-04 -9.355059999999999487e-01 -3.533109999999999862e-01 -9.759999999999999796e-04
9.000000000000000000e+00 2.600000000000000000e+01 6.400000000000000000e+01 0.000000000000000000e+00 1.600000000000000089e+00 -7.330000000000000361e-04 -3.196000000000000056e-03 9.999949999999999672e-01 -3.590240000000000098e-01 9.333249999999999602e-01 2.719000000000000063e-03 -9.333280000000000465e-01 -3.590200000000000058e-01 -1.830999999999999945e-03
1.500000000000000000e+01 2.600000000000000000e+01 6.400000000000000000e+01 0.000000000000000000e+00 1.600000000000000089e+00 -1.971000000000000096e-03 -9.554999999999999258e-03 9.999519999999999520e-01 -3.618799999999999795e-01 9.321890000000000454e-01 8.193999999999999895e-03 -9.322230000000000238e-01 -3.618469999999999742e-01 -5.295000000000000227e-03
2.200000000000000000e+01 2.600000000000000000e+01 6.400000000000000000e+01 0.000000000000000000e+00 1.600000000000000089e+00 1.211999999999999970e-03 2.910999999999999959e-03 9.999949999999999672e-01 -3.647900000000000031e-01 9.310869999999999980e-01 -2.268000000000000051e-03 -9.310890000000000555e-01 -3.647850000000000259e-01 2.190000000000000106e-03
