2.000000000000000000e+00 1.600000000000000000e+01 4.000000000000000000e+00 0.000000000000000000e+00 1.600000000000000089e+00 5.969999999999999829e-04 -5.252999999999999857e-03 9.999860000000000415e-01 3.217990000000000017e-01 -9.467940000000000245e-01 -5.165999999999999585e-03 9.468079999999999830e-01 3.217969999999999997e-01 1.124999999999999915e-03
6.000000000000000000e+00 1.600000000000000000e+01 4.000000000000000000e+00 0.000000000000000000e+00 1.600000000000000089e+00 7.680000000000000195e-04 -1.299400000000000034e-02 9.999149999999999983e-01 3.186820000000000208e-01 -9.477790000000000381e-01 -1.256099999999999925e-02 9.478609999999999536e-01 3.186640000000000028e-01 3.412999999999999801e-03
1.000000000000000000e+01 1.600000000000000000e+01 4.000000000000000000e+00 0.000000000000000000e+00 1.600000000000000089e+00 1.630000000000000047e-04 -1.217799999999999959e-02 9.999259999999999815e-01 3.160729999999999928e-01 -9.486639999999999517e-01 -1.160500000000000073e-02 9.487349999999999950e-01 3.160519999999999996e-01 3.694999999999999934e-03
2.200000000000000000e+01 1.600000000000000000e+01 4.000000000000000000e+00 0.000000000000000000e+00 1.600000000000000089e+00 -1.938999999999999968e-03 -1.175900000000000035e-02 9.999289999999999567e-01 3.150510000000000255e-01 -9.490159999999999707e-01 -1.055000000000000035e-02 9.490730000000000555e-01 3.150089999999999835e-01 5.544999999999999582e-03
2.700000000000000000e+01 1.600000000000000000e+01 4.000000000000000000e+00 0.000000000000000000e+00 1.600000000000000089e+00 3.275999999999999832e-03 -1.269099999999999916e-02 9.999139999999999695e-01 3.148549999999999960e-01 -9.490499999999999492e-01 -1.307600000000000082e-02 9.491340000000000332e-01 3.148710000000000120e-01 8.869999999999999846e-04
1.800000000000000000e+01 1.010000000000000000e+02 7.000000000000000000e+00 0.000000000000000000e+00 1.600000000000000089e+00 -1.069999999999999988e-04 -9.518999999999999684e-03 9.999550000000000383e-01 8.865389999999999660e-01 4.626319999999999877e-01 4.498000000000000262e-03 -4.626540000000000097e-01 8.864990000000000370e-01 8.389000000000000623e-03
2.300000000000000000e+01 1.010000000000000000e+02 7.000000000000000000e+00 0.000000000000000000e+00 1.600000000000000089e+00 2.873999999999999819e-03 4.015000000000000339e-03 9.999879999999999880e-01 8.856880000000000308e-01 4.642600000000000060e-01 -4.408999999999999725e-03 -4.642720000000000180e-01 8.856899999999999773e-01 -2.222000000000000017e-03
2.000000000000000000e+01 1.500000000000000000e+01 8.000000000000000000e+00 0.000000000000000000e+00 1.600000000000000089e+00 -3.536000000000000081e-03 -1.027100000000000062e-02 -9.999409999999999688e-01 -5.663939999999999531e-01 -8.240680000000000227e-01 1.046700000000000061e-02 -8.241270000000000540e-01 5.663979999999999571e-01 -2.903999999999999897e-03
2.400000000000000000e+01 1.500000000000000000e+01 8.000000000000000000e+00 0.000000000000000000e+00 1.600000000000000089e+00 -4.473999999999999679e-03 -9.169000000000000067e-03 -9.999479999999999480e-01 -5.655320000000000347e-01 -8.246649999999999814e-01 1.009200000000000028e-02 -8.247139999999999471e-01 5.655480000000000507e-01 -1.495999999999999934e-03
2.700000000000000000e+01 1.500000000000000000e+01 8.000000000000000000e+00 0.000000000000000000e+00 1.600000000000000089e+00 -7.525999999999999704e-03 -9.176999999999999394e-03 -9.999299999999999855e-01 -5.653439999999999577e-01 -8.247700000000000031e-01 1.182399999999999944e-02 -8.248210000000000264e-01 5.653939999999999522e-01 1.018999999999999941e-03
1.000000000000000000e+00 2.600000000000000000e+01 8.000000000000000000e+00 0.000000000000000000e+00 1.600000000000000089e+00 -6.390000000000000280e-04 1.531599999999999975e-02 -9.998829999999999663e-01 4.238700000000000245e-01 9.056210000000000093e-01 1.360100000000000024e-02 9.057229999999999448e-01 -4.238109999999999933e-01 -7.071000000000000028e-03
6.000000000000000000e+00 2.600000000000000000e+01 8.000000000000000000e+00 0.000000000000000000e+00 1.600000000000000089e+00 -1.998000000000000210e-03 1.502700000000000043e-02 -9.998850000000000238e-01 4.250760000000000094e-01 9.050679999999999836e-01 1.275300000000000045e-02 9.051550000000000429e-01 -4.250019999999999909e-01 -8.196000000000000160e-03
1.100000000000000000e+01 2.600000000000000000e+01 8.000000000000000000e+00 0.000000000000000000e+00 1.600000000000000089e+00 4.353000000000000098e-03 -1.047999999999999973e-02 -9.999360000000000470e-01 4.271949999999999914e-01 9.041280000000000427e-01 -7.616000000000000374e-03 9.041489999999999805e-01 -4.271340000000000137e-01 8.413000000000000339e-03
1.700000000000000000e+01 2.600000000000000000e+01 8.000000000000000000e+00 0.000000000000000000e+00 1.600000000000000089e+00 2.099000000000000171e-03 4.224999999999999589e-03 -9.999890000000000168e-01 4.252940000000000054e-01 9.050430000000000419e-01 4.715999999999999706e-03 9.050529999999999964e-01 -4.252989999999999826e-01 1.029999999999999964e-04
2.400000000000000000e+01 2.600000000000000000e+01 8.000000000000000000e+00 0.000000000000000000e+00 1.600000000000000089e+00 1.827999999999999981e-03 8.033999999999999475e-03 -9.999660000000000215e-01 4.236880000000000090e-01 9.057730000000000503e-01 8.052000000000000129e-03 9.058070000000000288e-01 -4.236880000000000090e-01 -1.747999999999999988e-03
2.900000000000000000e+01 2.600000000000000000e+01 8.000000000000000000e+00 0.000000000000000000e+00 1.600000000000000089e+00 3.717999999999999951e-03 2.277600000000000111e-02 -9.997340000000000115e-01 4.218120000000000203e-01 9.064109999999999667e-01 2.221800000000000164e-02 9.066760000000000375e-01 -4.217830000000000190e-01 -6.237000000000000356e-03
4.000000000000000000e+00 1.400000000000000000e+01 9.000000000000000000e+00 0.000000000000000000e+00 1.600000000000000089e+00 -3.000000000000000076e-05 -1.397000000000000021e-03 -9.999989999999999712e-01 -5.562340000000000062e-01 -8.310250000000000137e-01 1.178000000000000011e-03 -8.310260000000000424e-01 5.562329999999999774e-01 -7.519999999999999558e-04
1.000000000000000000e+01 1.400000000000000000e+01 9.000000000000000000e+00 0.000000000000000000e+00 1.600000000000000089e+00 -3.063999999999999883e-03 -1.236399999999999999e-02 -9.999190000000000023e-01 -5.586609999999999632e-01 -8.293099999999999916e-01 1.196599999999999921e-02 -8.293899999999999606e-01 5.586529999999999552e-01 -4.366000000000000089e-03
1.800000000000000000e+01 1.400000000000000000e+01 9.000000000000000000e+00 0.000000000000000000e+00 1.600000000000000089e+00 -2.922000000000000118e-03 -5.667000000000000162e-03 -9.999799999999999800e-01 -5.607779999999999987e-01 -8.279419999999999558e-01 6.330999999999999822e-03 -8.279609999999999470e-01 5.607849999999999779e-01 -7.590000000000000175e-04
2.400000000000000000e+01 1.400000000000000000e+01 9.000000000000000000e+00 0.000000000000000000e+00 1.600000000000000089e+00 -5.072000000000000119e-03 -1.114799999999999992e-02 -9.999249999999999527e-01 -5.615839999999999721e-01 -8.273319999999999563e-01 1.207199999999999940e-02 -8.274049999999999461e-01 5.616029999999999633e-01 -2.064999999999999995e-03
5.000000000000000000e+00 1.040000000000000000e+02 1.100000000000000000e+01 0.000000000000000000e+00 1.600000000000000089e+00 -2.026000000000000023e-03 -5.460000000000000443e-04 9.999980000000000535e-01 -9.731509999999999883e-01 -2.301580000000000015e-01 -2.096999999999999906e-03 2.301580000000000015e-01 -9.731530000000000458e-01 -6.499999999999999431e-05
2.800000000000000000e+01 3.100000000000000000e+01 1.200000000000000000e+01 0.000000000000000000e+00 1.600000000000000089e+00 1.801000000000000083e-03 3.092999999999999829e-03 9.999940000000000495e-01 -1.498400000000000079e-02 9.998829999999999663e-01 -3.066000000000000149e-03 -9.998860000000000525e-01 -1.497899999999999926e-02 1.846999999999999901e-03
5.000000000000000000e+00 3.200000000000000000e+01 1.400000000000000000e+01 0.000000000000000000e+00 1.600000000000000089e+00 -1.834200000000000066e-02 5.062300000000000133e-02 -9.985490000000000199e-01 9.096600000000000519e-02 9.946599999999999886e-01 4.875499999999999973e-02 9.956850000000000422e-01 -8.994000000000000605e-02 -2.284900000000000125e-02
9.000000000000000000e+00 3.200000000000000000e+01 1.400000000000000000e+01 0.000000000000000000e+00 1.600000000000000089e+00 1.870000000000000134e-02 -4.055700000000000277e-02 -9.990019999999999456e-01 9.216900000000000093e-02 9.949919999999999876e-01 -3.866900000000000198e-02 9.955680000000000085e-01 -9.135400000000000464e-02 2.234399999999999928e-02
2.000000000000000000e+01 1.200000000000000000e+01 1.500000000000000000e+01 0.000000000000000000e+00 1.600000000000000089e+00 -8.419999999999999750e-04 -5.118000000000000153e-03 -9.999869999999999592e-01 -4.653510000000000146e-01 -8.851130000000000386e-01 4.922000000000000160e-03 -8.851259999999999684e-01 4.653490000000000126e-01 -1.637000000000000000e-03
2.600000000000000000e+01 1.200000000000000000e+01 1.500000000000000000e+01 0.000000000000000000e+00 1.600000000000000089e+00 -4.142999999999999981e-03 -6.651999999999999927e-03 -9.999689999999999968e-01 -4.683189999999999853e-01 -8.835250000000000048e-01 7.818000000000000296e-03 -8.835499999999999465e-01 4.683370000000000033e-01 5.460000000000000443e-04
6.000000000000000000e+00 2.000000000000000000e+00 1.900000000000000000e+01 0.000000000000000000e+00 1.600000000000000089e+00 -1.319000000000000077e-03 4.137000000000000052e-03 -9.999909999999999632e-01 1.323989999999999889e-01 -9.911870000000000402e-01 -4.276000000000000287e-03 -9.911959999999999660e-01 -1.324029999999999929e-01 7.590000000000000175e-04
9.000000000000000000e+00 2.000000000000000000e+00 1.900000000000000000e+01 0.000000000000000000e+00 1.600000000000000089e+00 -7.200000000000000453e-04 5.072000000000000119e-03 -9.999869999999999592e-01 1.331789999999999918e-01 -9.910790000000000433e-01 -5.122999999999999950e-03 -9.910919999999999730e-01 -1.331809999999999938e-01 3.800000000000000209e-05
1.800000000000000000e+01 2.000000000000000000e+00 1.900000000000000000e+01 0.000000000000000000e+00 1.600000000000000089e+00 -1.060000000000000016e-04 -1.301999999999999989e-03 -9.999989999999999712e-01 1.375339999999999896e-01 -9.904960000000000431e-01 1.275000000000000092e-03 -9.904969999999999608e-01 -1.375329999999999886e-01 2.840000000000000185e-04
2.000000000000000000e+01 2.000000000000000000e+00 1.900000000000000000e+01 0.000000000000000000e+00 1.600000000000000089e+00 -6.059999999999999849e-04 -1.765000000000000076e-03 -9.999980000000000535e-01 1.415379999999999971e-01 -9.899310000000000054e-01 1.660999999999999933e-03 -9.899329999999999519e-01 -1.415369999999999961e-01 8.499999999999999526e-04
2.300000000000000000e+01 2.000000000000000000e+00 1.900000000000000000e+01 0.000000000000000000e+00 1.600000000000000089e+00 -1.417000000000000074e-03 -1.170000000000000033e-03 -9.999980000000000535e-01 1.458329999999999904e-01 -9.893089999999999939e-01 9.499999999999999981e-04 -9.893079999999999652e-01 -1.458309999999999884e-01 1.572000000000000047e-03
3.000000000000000000e+00 1.300000000000000000e+01 2.000000000000000000e+01 0.000000000000000000e+00 1.600000000000000089e+00 -9.500000000000000523e-05 4.263000000000000296e-03 9.999909999999999632e-01 2.485429999999999862e-01 9.686120000000000285e-01 -4.105000000000000142e-03 -9.686209999999999543e-01 2.485400000000000109e-01 -1.152000000000000029e-03
1.500000000000000000e+01 1.300000000000000000e+01 2.000000000000000000e+01 0.000000000000000000e+00 1.600000000000000089e+00 -1.984000000000000086e-03 -3.836000000000000000e-03 9.999909999999999632e-01 2.519199999999999773e-01 9.677390000000000159e-01 4.211999999999999598e-03 -9.677459999999999951e-01 2.519259999999999833e-01 -9.539999999999999869e-04
2.100000000000000000e+01 1.300000000000000000e+01 2.000000000000000000e+01 0.000000000000000000e+00 1.600000000000000089e+00 4.449999999999999746e-04 -1.335999999999999948e-03 9.999989999999999712e-01 2.518659999999999788e-01 9.677620000000000111e-01 1.180999999999999975e-03 -9.677620000000000111e-01 2.518650000000000055e-01 7.669999999999999951e-04
2.700000000000000000e+01 1.300000000000000000e+01 2.000000000000000000e+01 0.000000000000000000e+00 1.600000000000000089e+00 1.142000000000000003e-03 5.341000000000000261e-03 9.999850000000000128e-01 2.526950000000000029e-01 9.675310000000000299e-01 -5.455999999999999912e-03 -9.675449999999999884e-01 2.526979999999999782e-01 -2.439999999999999949e-04
1.800000000000000000e+01 1.600000000000000000e+01 2.100000000000000000e+01 0.000000000000000000e+00 1.600000000000000089e+00 -5.289999999999999564e-04 -5.368000000000000375e-03 9.999850000000000128e-01 2.998930000000000207e-01 9.539579999999999727e-01 5.278999999999999838e-03 -9.539729999999999599e-01 2.998919999999999919e-01 1.105000000000000079e-03
2.000000000000000000e+00 4.600000000000000000e+01 2.700000000000000000e+01 0.000000000000000000e+00 1.600000000000000089e+00 -2.073999999999999889e-03 -3.060000000000000111e-04 -9.999980000000000535e-01 6.674099999999999477e-01 7.446880000000000166e-01 -1.613000000000000067e-03 7.446869999999999878e-01 -6.674120000000000053e-01 -1.340000000000000045e-03
2.200000000000000000e+01 4.600000000000000000e+01 2.700000000000000000e+01 0.000000000000000000e+00 1.600000000000000089e+00 1.802999999999999915e-03 4.960000000000000216e-04 -9.999980000000000535e-01 6.654679999999999485e-01 7.464250000000000052e-01 1.569999999999999998e-03 7.464250000000000052e-01 -6.654689999999999772e-01 1.015999999999999976e-03
7.000000000000000000e+00 4.600000000000000000e+01 3.000000000000000000e+01 0.000000000000000000e+00 1.600000000000000089e+00 1.802999999999999915e-03 1.242000000000000048e-03 -9.999980000000000535e-01 3.272869999999999946e-01 9.449229999999999574e-01 1.763999999999999943e-03 9.449229999999999574e-01 -3.272889999999999966e-01 1.296999999999999976e-03
1.400000000000000000e+01 4.600000000000000000e+01 3.000000000000000000e+01 0.000000000000000000e+00 1.600000000000000089e+00 -8.289999999999999843e-04 -1.461000000000000059e-03 -9.999989999999999712e-01 3.233759999999999968e-01 9.462690000000000268e-01 -1.650999999999999907e-03 9.462699999999999445e-01 -3.233770000000000255e-01 -3.119999999999999944e-04
2.400000000000000000e+01 4.600000000000000000e+01 3.000000000000000000e+01 0.000000000000000000e+00 1.600000000000000089e+00 7.839999999999999747e-04 1.200000000000000030e-04 -1.000000000000000000e+00 3.238739999999999952e-01 9.461000000000000520e-01 3.669999999999999760e-04 9.461000000000000520e-01 -3.238739999999999952e-01 7.029999999999999574e-04
2.800000000000000000e+01 4.600000000000000000e+01 3.000000000000000000e+01 0.000000000000000000e+00 1.600000000000000089e+00 -1.064999999999999974e-03 5.990000000000000316e-04 -9.999989999999999712e-01 3.286290000000000044e-01 9.444590000000000485e-01 2.159999999999999919e-04 9.444590000000000485e-01 -3.286279999999999757e-01 -1.203000000000000076e-03
3.000000000000000000e+00 5.800000000000000000e+01 3.100000000000000000e+01 0.000000000000000000e+00 1.600000000000000089e+00 4.979999999999999618e-04 -2.168999999999999921e-03 9.999970000000000248e-01 -7.587949999999999973e-01 -6.513290000000000468e-01 -1.034999999999999896e-03 6.513299999999999645e-01 -7.587920000000000220e-01 -1.969999999999999963e-03
1.100000000000000000e+01 5.800000000000000000e+01 3.100000000000000000e+01 0.000000000000000000e+00 1.600000000000000089e+00 -3.618999999999999821e-03 -4.954000000000000070e-03 9.999810000000000088e-01 -7.700960000000000027e-01 -6.379010000000000513e-01 -5.947000000000000029e-03 6.379179999999999851e-01 -7.701029999999999820e-01 -1.507000000000000093e-03
1.400000000000000000e+01 5.800000000000000000e+01 3.100000000000000000e+01 0.000000000000000000e+00 1.600000000000000089e+00 -3.893999999999999892e-03 -4.837000000000000154e-03 9.999810000000000088e-01 -7.709120000000000417e-01 -6.369120000000000337e-01 -6.082999999999999866e-03 6.369289999999999674e-01 -7.709209999999999674e-01 -1.248999999999999893e-03
1.700000000000000000e+01 5.800000000000000000e+01 3.100000000000000000e+01 0.000000000000000000e+00 1.600000000000000089e+00 -5.525999999999999662e-03 -4.354000000000000231e-03 9.999749999999999472e-01 -7.698169999999999735e-01 -6.382250000000000423e-01 -7.033000000000000189e-03 6.382400000000000295e-01 -7.698369999999999935e-01 1.749999999999999982e-04
2.100000000000000000e+01 5.800000000000000000e+01 3.100000000000000000e+01 0.000000000000000000e+00 1.600000000000000089e+00 -4.584000000000000401e-03 -5.416999999999999940e-03 9.999749999999999472e-01 -7.713309999999999889e-01 -6.363959999999999617e-01 -6.983999999999999757e-03 6.364180000000000392e-01 -7.713440000000000296e-01 -1.260999999999999968e-03
2.400000000000000000e+01 5.800000000000000000e+01 3.100000000000000000e+01 0.000000000000000000e+00 1.600000000000000089e+00 -2.210000000000000159e-03 -5.041999999999999607e-03 9.999850000000000128e-01 -7.725840000000000485e-01 -6.348939999999999584e-01 -4.909000000000000169e-03 6.349089999999999456e-01 -7.725830000000000197e-01 -2.491999999999999858e-03
2.000000000000000000e+00 6.000000000000000000e+00 3.200000000000000000e+01 0.000000000000000000e+00 1.600000000000000089e+00 -1.489999999999999897e-04 -1.866000000000000037e-03 -9.999980000000000535e-01 2.413369999999999960e-01 9.704399999999999693e-01 -1.846999999999999901e-03 9.704409999999999981e-01 -2.413369999999999960e-01 3.060000000000000111e-04
1.700000000000000000e+01 6.000000000000000000e+00 3.200000000000000000e+01 0.000000000000000000e+00 1.600000000000000089e+00 1.551000000000000078e-03 1.948999999999999995e-03 -9.999970000000000248e-01 2.298250000000000015e-01 9.732290000000000108e-01 2.253999999999999927e-03 9.732309999999999572e-01 -2.298280000000000045e-01 1.062000000000000010e-03
2.700000000000000000e+01 6.000000000000000000e+00 3.200000000000000000e+01 0.000000000000000000e+00 1.600000000000000089e+00 -1.848000000000000033e-03 3.346000000000000016e-03 -9.999930000000000208e-01 1.959289999999999921e-01 9.806139999999999857e-01 2.919000000000000154e-03 9.806160000000000432e-01 -1.959220000000000128e-01 -2.468000000000000142e-03
3.000000000000000000e+00 2.200000000000000000e+01 3.400000000000000000e+01 0.000000000000000000e+00 1.600000000000000089e+00 6.089999999999999494e-04 -2.207999999999999893e-03 9.999970000000000248e-01 3.796619999999999995e-01 -9.251219999999999999e-01 -2.273999999999999980e-03 9.251249999999999751e-01 3.796629999999999727e-01 2.739999999999999923e-04
2.000000000000000000e+00 4.600000000000000000e+01 3.500000000000000000e+01 0.000000000000000000e+00 1.600000000000000089e+00 -3.033999999999999805e-03 8.361000000000000376e-03 -9.999599999999999600e-01 3.856720000000000148e-01 -9.225929999999999964e-01 -8.885000000000000536e-03 -9.226309999999999789e-01 -3.856829999999999981e-01 -4.249999999999999763e-04
9.000000000000000000e+00 4.600000000000000000e+01 3.500000000000000000e+01 0.000000000000000000e+00 1.600000000000000089e+00 -8.720000000000000537e-04 -1.010000000000000020e-04 -1.000000000000000000e+00 3.871859999999999746e-01 -9.220009999999999595e-01 -2.449999999999999921e-04 -9.220009999999999595e-01 -3.871859999999999746e-01 8.429999999999999993e-04
1.400000000000000000e+01 4.600000000000000000e+01 3.500000000000000000e+01 0.000000000000000000e+00 1.600000000000000089e+00 -1.700000000000000122e-04 -5.178999999999999576e-03 -9.999869999999999592e-01 3.853269999999999751e-01 -9.227680000000000327e-01 4.714000000000000308e-03 -9.227800000000000447e-01 -3.853210000000000246e-01 2.152999999999999966e-03
1.900000000000000000e+01 4.600000000000000000e+01 3.500000000000000000e+01 0.000000000000000000e+00 1.600000000000000089e+00 -7.720000000000000083e-04 7.960000000000000495e-04 -9.999989999999999712e-01 3.854830000000000201e-01 -9.227140000000000342e-01 -1.031999999999999931e-03 -9.227149999999999519e-01 -3.854830000000000201e-01 4.060000000000000024e-04
2.200000000000000000e+01 4.600000000000000000e+01 3.500000000000000000e+01 0.000000000000000000e+00 1.600000000000000089e+00 6.070000000000000092e-04 -2.122000000000000188e-03 -9.999980000000000535e-01 3.869179999999999842e-01 -9.221120000000000427e-01 2.191999999999999938e-03 -9.221139999999999892e-01 -3.869179999999999842e-01 2.620000000000000258e-04
2.900000000000000000e+01 4.600000000000000000e+01 3.500000000000000000e+01 0.000000000000000000e+00 1.600000000000000089e+00 1.345000000000000058e-03 3.707999999999999925e-03 -9.999919999999999920e-01 3.865750000000000020e-01 -9.222540000000000182e-01 -2.899999999999999800e-03 -9.222569999999999935e-01 -3.865680000000000227e-01 -2.673000000000000029e-03
2.000000000000000000e+00 9.500000000000000000e+01 3.600000000000000000e+01 0.000000000000000000e+00 1.600000000000000089e+00 -7.144000000000000176e-03 1.640000000000000019e-04 9.999740000000000295e-01 9.959999999999999964e-01 8.907500000000000140e-02 7.100999999999999673e-03 -8.907099999999999740e-02 9.960250000000000492e-01 -8.000000000000000383e-04
1.100000000000000000e+01 9.500000000000000000e+01 3.600000000000000000e+01 0.000000000000000000e+00 1.600000000000000089e+00 -3.648000000000000201e-03 -7.522000000000000040e-03 9.999649999999999928e-01 9.963199999999999834e-01 8.560600000000000154e-02 4.278999999999999818e-03 -8.563500000000000278e-02 9.963009999999999922e-01 7.182000000000000016e-03
1.600000000000000000e+01 9.500000000000000000e+01 3.600000000000000000e+01 0.000000000000000000e+00 1.600000000000000089e+00 -9.049999999999999885e-04 -2.827999999999999785e-03 9.999959999999999960e-01 9.963490000000000402e-01 8.536599999999999744e-02 1.142999999999999919e-03 -8.536900000000000044e-02 9.963459999999999539e-01 2.739999999999999814e-03
1.900000000000000000e+01 9.500000000000000000e+01 3.600000000000000000e+01 0.000000000000000000e+00 1.600000000000000089e+00 -1.510000000000000112e-04 -7.830999999999999420e-03 9.999689999999999968e-01 9.961830000000000407e-01 8.728400000000000047e-02 8.339999999999999974e-04 -8.728800000000000447e-02 9.961529999999999552e-01 7.787999999999999784e-03
2.600000000000000000e+01 9.500000000000000000e+01 3.600000000000000000e+01 0.000000000000000000e+00 1.600000000000000089e+00 5.660000000000000100e-03 1.061499999999999944e-02 9.999280000000000390e-01 9.965500000000000469e-01 8.273700000000000498e-02 -6.518999999999999621e-03 -8.279999999999999860e-02 9.965150000000000396e-01 -1.010999999999999920e-02
2.900000000000000000e+01 9.500000000000000000e+01 3.600000000000000000e+01 0.000000000000000000e+00 1.600000000000000089e+00 1.817999999999999955e-03 3.716999999999999818e-03 9.999909999999999632e-01 9.961219999999999519e-01 8.795999999999999652e-02 -2.138000000000000143e-03 -8.796700000000000352e-02 9.961170000000000302e-01 -3.543000000000000142e-03
1.000000000000000000e+00 3.000000000000000000e+00 4.300000000000000000e+01 0.000000000000000000e+00 1.600000000000000089e+00 -6.043999999999999893e-03 -4.675999999999999601e-03 -9.999710000000000543e-01 7.395720000000000072e-01 -6.730770000000000364e-01 -1.322000000000000041e-03 -6.730509999999999549e-01 -7.395580000000000487e-01 7.525999999999999704e-03
6.000000000000000000e+00 3.000000000000000000e+00 4.300000000000000000e+01 0.000000000000000000e+00 1.600000000000000089e+00 4.710000000000000102e-04 1.059099999999999972e-02 -9.999440000000000550e-01 7.386679999999999913e-01 -6.740350000000000508e-01 -6.792000000000000294e-03 -6.740690000000000293e-01 -7.386239999999999473e-01 -8.141000000000000666e-03
1.300000000000000000e+01 3.000000000000000000e+00 4.300000000000000000e+01 0.000000000000000000e+00 1.600000000000000089e+00 -1.389999999999999905e-04 -1.557000000000000007e-03 -9.999989999999999712e-01 7.358660000000000201e-01 -6.771270000000000344e-01 9.520000000000000467e-04 -6.771270000000000344e-01 -7.358649999999999913e-01 1.240000000000000000e-03
2.100000000000000000e+01 3.000000000000000000e+00 4.300000000000000000e+01 0.000000000000000000e+00 1.600000000000000089e+00 2.149999999999999947e-04 1.146100000000000070e-02 -9.999339999999999895e-01 7.372229999999999617e-01 -6.756060000000000398e-01 -7.585999999999999861e-03 -6.756490000000000551e-01 -7.371729999999999672e-01 -8.595000000000000209e-03
2.800000000000000000e+01 3.000000000000000000e+00 4.300000000000000000e+01 0.000000000000000000e+00 1.600000000000000089e+00 5.779000000000000282e-03 2.066899999999999987e-02 -9.997700000000000475e-01 7.292990000000000306e-01 -6.841230000000000366e-01 -9.927000000000000060e-03 -6.841699999999999449e-01 -7.290739999999999998e-01 -1.902699999999999877e-02
2.000000000000000000e+00 8.000000000000000000e+00 4.400000000000000000e+01 0.000000000000000000e+00 1.600000000000000089e+00 1.569999999999999998e-03 3.118000000000000112e-03 9.999940000000000495e-01 -7.725849999999999662e-01 -6.349029999999999951e-01 3.193000000000000092e-03 6.349099999999999744e-01 -7.725849999999999662e-01 1.412000000000000061e-03
2.100000000000000000e+01 8.000000000000000000e+00 4.400000000000000000e+01 0.000000000000000000e+00 1.600000000000000089e+00 8.869999999999999846e-04 4.742999999999999820e-03 9.999879999999999880e-01 -7.684010000000000007e-01 -6.399580000000000268e-01 3.716999999999999818e-03 6.399690000000000101e-01 -7.683950000000000502e-01 3.076999999999999874e-03
2.000000000000000000e+00 2.900000000000000000e+01 4.400000000000000000e+01 0.000000000000000000e+00 1.600000000000000089e+00 -2.308999999999999855e-03 -1.590999999999999966e-03 -9.999959999999999960e-01 6.549000000000000377e-01 7.557110000000000216e-01 -2.714999999999999965e-03 7.557120000000000504e-01 -6.549030000000000129e-01 -7.029999999999999574e-04
5.000000000000000000e+00 2.900000000000000000e+01 4.400000000000000000e+01 0.000000000000000000e+00 1.600000000000000089e+00 -1.438999999999999958e-03 -2.547999999999999918e-03 -9.999959999999999960e-01 6.569559999999999844e-01 7.539240000000000386e-01 -2.867000000000000191e-03 7.539280000000000426e-01 -6.569570000000000132e-01 5.890000000000000053e-04
1.300000000000000000e+01 2.900000000000000000e+01 4.400000000000000000e+01 0.000000000000000000e+00 1.600000000000000089e+00 -1.210000000000000002e-04 -4.255000000000000102e-03 -9.999909999999999632e-01 6.598840000000000261e-01 7.513600000000000279e-01 -3.276999999999999965e-03 7.513670000000000071e-01 -6.598789999999999933e-01 2.716999999999999797e-03
1.600000000000000000e+01 2.900000000000000000e+01 4.400000000000000000e+01 0.000000000000000000e+00 1.600000000000000089e+00 -1.286999999999999950e-03 -7.275000000000000216e-03 -9.999730000000000008e-01 6.596509999999999874e-01 7.515460000000000473e-01 -6.316999999999999699e-03 7.515709999999999891e-01 -6.596410000000000329e-01 3.831999999999999903e-03
2.000000000000000000e+01 2.900000000000000000e+01 4.400000000000000000e+01 0.000000000000000000e+00 1.600000000000000089e+00 -9.600000000000000243e-05 -4.872999999999999728e-03 -9.999879999999999880e-01 6.597239999999999771e-01 7.514990000000000281e-01 -3.725000000000000012e-03 7.515079999999999538e-01 -6.597169999999999979e-01 3.142999999999999960e-03
3.000000000000000000e+01 2.900000000000000000e+01 4.400000000000000000e+01 0.000000000000000000e+00 1.600000000000000089e+00 3.174999999999999871e-03 8.279999999999999600e-04 -9.999949999999999672e-01 6.717090000000000005e-01 7.408099999999999685e-01 2.746999999999999876e-03 7.408080000000000220e-01 -6.717149999999999510e-01 1.796000000000000070e-03
3.000000000000000000e+00 6.500000000000000000e+01 4.600000000000000000e+01 0.000000000000000000e+00 1.600000000000000089e+00 -2.392000000000000029e-03 3.539000000000000045e-03 9.999909999999999632e-01 6.813399999999999457e-01 -7.319550000000000223e-01 4.219999999999999793e-03 7.319630000000000303e-01 6.813439999999999497e-01 -6.599999999999999964e-04
1.600000000000000000e+01 7.000000000000000000e+01 4.700000000000000000e+01 0.000000000000000000e+00 1.600000000000000089e+00 -1.969999999999999909e-04 1.173999999999999913e-03 -9.999989999999999712e-01 -8.429210000000000313e-01 -5.380369999999999875e-01 -4.659999999999999971e-04 -5.380369999999999875e-01 8.429200000000000026e-01 1.095000000000000053e-03
2.400000000000000000e+01 5.000000000000000000e+00 5.100000000000000000e+01 0.000000000000000000e+00 1.600000000000000089e+00 4.159999999999999744e-04 6.954000000000000112e-03 -9.999759999999999760e-01 4.736339999999999995e-01 -8.807019999999999849e-01 -5.926999999999999977e-03 -8.807220000000000049e-01 -4.736199999999999855e-01 -3.660000000000000059e-03
1.400000000000000000e+01 1.500000000000000000e+01 5.300000000000000000e+01 0.000000000000000000e+00 1.600000000000000089e+00 2.260999999999999989e-03 3.899999999999999821e-03 -9.999900000000000455e-01 6.755710000000000326e-01 7.372819999999999929e-01 4.402999999999999796e-03 7.372910000000000297e-01 -6.755740000000000078e-01 -9.680000000000000019e-04
2.000000000000000000e+00 6.300000000000000000e+01 5.400000000000000000e+01 0.000000000000000000e+00 1.600000000000000089e+00 2.779999999999999811e-04 -7.249999999999999500e-04 1.000000000000000000e+00 -3.446690000000000031e-01 9.387240000000000029e-01 7.770000000000000214e-04 -9.387240000000000029e-01 -3.446690000000000031e-01 1.099999999999999971e-05
1.300000000000000000e+01 6.300000000000000000e+01 5.400000000000000000e+01 0.000000000000000000e+00 1.600000000000000089e+00 1.108000000000000044e-03 -1.361999999999999929e-03 9.999989999999999712e-01 -3.572949999999999737e-01 9.339899999999999869e-01 1.668999999999999911e-03 -9.339910000000000156e-01 -3.572960000000000025e-01 5.479999999999999845e-04
1.900000000000000000e+01 6.300000000000000000e+01 5.400000000000000000e+01 0.000000000000000000e+00 1.600000000000000089e+00 -1.417999999999999990e-03 -2.614000000000000004e-03 9.999959999999999960e-01 -3.521989999999999843e-01 9.359229999999999494e-01 1.946999999999999946e-03 -9.359239999999999782e-01 -3.521949999999999803e-01 -2.247999999999999998e-03
2.400000000000000000e+01 6.300000000000000000e+01 5.400000000000000000e+01 0.000000000000000000e+00 1.600000000000000089e+00 -3.080000000000000055e-04 9.999999999999999547e-07 1.000000000000000000e+00 -3.527629999999999932e-01 9.357130000000000170e-01 -1.090000000000000067e-04 -9.357130000000000170e-01 -3.527629999999999932e-01 -2.880000000000000073e-04
2.800000000000000000e+01 6.300000000000000000e+01 5.400000000000000000e+01 0.000000000000000000e+00 1.600000000000000089e+00 -1.667999999999999995e-03 -3.499999999999999693e-05 9.999989999999999712e-01 -3.540470000000000006e-01 9.352279999999999482e-01 -5.580000000000000107e-04 -9.352260000000000018e-01 -3.540470000000000006e-01 -1.572999999999999962e-03
4.000000000000000000e+00 2.500000000000000000e+01 5.500000000000000000e+01 0.000000000000000000e+00 1.600000000000000089e+00 8.249999999999999955e-04 2.773999999999999990e-03 -9.999959999999999960e-01 -9.950000000000000511e-03 -9.999470000000000303e-01 -2.782999999999999884e-03 -9.999500000000000055e-01 9.953000000000000042e-03 -7.979999999999999897e-04
8.000000000000000000e+00 2.500000000000000000e+01 5.500000000000000000e+01 0.000000000000000000e+00 1.600000000000000089e+00 -2.649999999999999903e-04 9.799999999999999684e-05 -1.000000000000000000e+00 -1.072999999999999995e-02 -9.999419999999999975e-01 -9.500000000000000523e-05 -9.999419999999999975e-01 1.072999999999999995e-02 2.660000000000000146e-04
1.500000000000000000e+01 2.500000000000000000e+01 5.500000000000000000e+01 0.000000000000000000e+00 1.600000000000000089e+00 9.899999999999999404e-05 2.436999999999999930e-03 -9.999970000000000248e-01 -9.440999999999999739e-03 -9.999519999999999520e-01 -2.436999999999999930e-03 -9.999550000000000383e-01 9.440999999999999739e-03 -7.600000000000000418e-05
2.200000000000000000e+01 2.500000000000000000e+01 5.500000000000000000e+01 0.000000000000000000e+00 1.600000000000000089e+00 -3.510000000000000208e-04 -4.000000000000000083e-03 -9.999919999999999920e-01 -1.111099999999999935e-02 -9.999299999999999855e-01 4.003999999999999747e-03 -9.999379999999999935e-01 1.111200000000000035e-02 3.069999999999999812e-04
2.600000000000000000e+01 2.500000000000000000e+01 5.500000000000000000e+01 0.000000000000000000e+00 1.600000000000000089e+00 -2.380000000000000117e-04 3.722000000000000048e-03 -9.999930000000000208e-01 -1.188499999999999973e-02 -9.999219999999999775e-01 -3.719000000000000083e-03 -9.999289999999999567e-01 1.188400000000000047e-02 2.820000000000000241e-04
3.000000000000000000e+01 2.500000000000000000e+01 5.500000000000000000e+01 0.000000000000000000e+00 1.600000000000000089e+00 5.370000000000000424e-04 2.866000000000000058e-03 -9.999959999999999960e-01 -1.256600000000000078e-02 -9.999169999999999447e-01 -2.873000000000000120e-03 -9.999209999999999487e-01 1.256700000000000005e-02 -5.010000000000000347e-04
3.000000000000000000e+00 7.000000000000000000e+00 6.000000000000000000e+01 0.000000000000000000e+00 1.600000000000000089e+00 1.471000000000000085e-03 6.976999999999999695e-03 9.999749999999999472e-01 5.663329999999999753e-01 -8.241619999999999502e-01 4.917000000000000363e-03 8.241749999999999909e-01 5.663110000000000088e-01 -5.163000000000000055e-03
9.000000000000000000e+00 7.000000000000000000e+00 6.000000000000000000e+01 0.000000000000000000e+00 1.600000000000000089e+00 1.749999999999999982e-04 5.569000000000000165e-03 9.999850000000000128e-01 5.655240000000000267e-01 -8.247189999999999799e-01 4.493999999999999731e-03 8.247320000000000206e-01 5.655149999999999899e-01 -3.294000000000000053e-03
1.300000000000000000e+01 7.000000000000000000e+00 6.000000000000000000e+01 0.000000000000000000e+00 1.600000000000000089e+00 4.065000000000000037e-03 3.818000000000000213e-03 9.999839999999999840e-01 5.622580000000000355e-01 -8.269609999999999461e-01 8.720000000000000537e-04 8.269520000000000204e-01 5.622460000000000235e-01 -5.507999999999999875e-03
1.100000000000000000e+01 2.100000000000000000e+01 6.000000000000000000e+01 0.000000000000000000e+00 1.600000000000000089e+00 -7.150000000000000322e-04 8.989999999999999511e-04 9.999989999999999712e-01 -9.750100000000000433e-02 9.952349999999999808e-01 -9.640000000000000131e-04 -9.952349999999999808e-01 -9.750200000000000533e-02 -6.239999999999999887e-04
1.500000000000000000e+01 2.100000000000000000e+01 6.000000000000000000e+01 0.000000000000000000e+00 1.600000000000000089e+00 -2.359999999999999902e-04 2.376000000000000074e-03 9.999970000000000248e-01 -9.704400000000000526e-02 9.952769999999999673e-01 -2.386999999999999799e-03 -9.952800000000000535e-01 -9.704400000000000526e-02 -5.000000000000000409e-06
2.000000000000000000e+00 6.000000000000000000e+00 6.100000000000000000e+01 0.000000000000000000e+00 1.600000000000000089e+00 2.000000000000000096e-04 2.471000000000000106e-03 9.999970000000000248e-01 5.591490000000000071e-01 -8.290650000000000519e-01 1.936999999999999920e-03 8.290669999999999984e-01 5.591469999999999496e-01 -1.547999999999999897e-03
9.000000000000000000e+00 4.000000000000000000e+00 6.200000000000000000e+01 0.000000000000000000e+00 1.600000000000000089e+00 -1.378000000000000102e-03 -5.689999999999999529e-04 9.999989999999999712e-01 -6.175749999999999851e-01 7.865119999999999889e-01 -4.029999999999999837e-04 -7.865109999999999602e-01 -6.175749999999999851e-01 -1.435000000000000078e-03
2.000000000000000000e+01 4.000000000000000000e+00 6.200000000000000000e+01 0.000000000000000000e+00 1.600000000000000089e+00 -2.990000000000000036e-04 8.108000000000000623e-03 9.999670000000000503e-01 -6.168029999999999902e-01 7.870899999999999563e-01 -6.565999999999999788e-03 -7.871179999999999843e-01 -6.167850000000000277e-01 4.766000000000000271e-03
4.000000000000000000e+00 2.700000000000000000e+01 6.300000000000000000e+01 0.000000000000000000e+00 1.600000000000000089e+00 6.669999999999999497e-04 3.969999999999999571e-03 9.999919999999999920e-01 -2.797450000000000214e-01 9.600670000000000037e-01 -3.625000000000000184e-03 -9.600739999999999830e-01 -2.797399999999999887e-01 1.750999999999999952e-03
9.000000000000000000e+00 2.700000000000000000e+01 6.300000000000000000e+01 0.000000000000000000e+00 1.600000000000000089e+00 -2.020000000000000094e-03 1.041000000000000042e-03 9.999970000000000248e-01 -2.772160000000000180e-01 9.608060000000000489e-01 -1.559999999999999972e-03 -9.608060000000000489e-01 -2.772180000000000200e-01 -1.652999999999999955e-03
1.500000000000000000e+01 2.700000000000000000e+01 6.300000000000000000e+01 0.000000000000000000e+00 1.600000000000000089e+00 2.214999999999999955e-03 -1.438000000000000042e-03 9.999959999999999960e-01 -2.713220000000000076e-01 9.624869999999999814e-01 1.984999999999999785e-03 -9.624859999999999527e-01 -2.713260000000000116e-01 1.740999999999999926e-03
2.100000000000000000e+01 2.700000000000000000e+01 6.300000000000000000e+01 0.000000000000000000e+00 1.600000000000000089e+00 1.781000000000000031e-03 -8.063000000000000722e-03 9.999660000000000215e-01 -2.766710000000000003e-01 9.609290000000000331e-01 8.241000000000000061e-03 -9.609630000000000116e-01 -2.766759999999999775e-01 -5.199999999999999544e-04
2.600000000000000000e+01 2.700000000000000000e+01 6.300000000000000000e+01 0.000000000000000000e+00 1.600000000000000089e+00 3.899999999999999929e-05 2.389000000000000064e-03 9.999970000000000248e-01 -2.747129999999999850e-01 9.615240000000000453e-01 -2.285999999999999838e-03 -9.615259999999999918e-01 -2.747120000000000117e-01 6.939999999999999555e-04
5.000000000000000000e+00 2.600000000000000000e+01 6.400000000000000000e+01 0.000000000000000000e+00 1.600000000000000089e+00 3.759999999999999779e-04 2.837999999999999811e-03 9.999959999999999960e-01 -3.472640000000000171e-01 9.377640000000000420e-01 -2.530999999999999830e-03 -9.377670000000000172e-01 -3.472620000000000151e-01 1.337999999999999997e-03
9.000000000000000000e+00 2.600000000000000000e+01 6.400000000000000000e+01 0.000000000000000000e+00 1.600000000000000089e+00 -2.805999999999999901e-03 5.159999999999999656e-04 9.999959999999999960e-01 -3.438709999999999822e-01 9.390159999999999618e-01 -1.449999999999999900e-03 -9.390129999999999866e-01 -3.438740000000000130e-01 -2.458000000000000115e-03
1.500000000000000000e+01 2.600000000000000000e+01 6.400000000000000000e+01 0.000000000000000000e+00 1.600000000000000089e+00 1.940000000000000101e-03 -3.641999999999999838e-03 9.999909999999999632e-01 -3.405750000000000166e-01 9.402080000000000437e-01 4.085000000000000089e-03 -9.402150000000000230e-01 -3.405799999999999939e-01 5.839999999999999922e-04
2.000000000000000000e+01 2.600000000000000000e+01 6.400000000000000000e+01 0.000000000000000000e+00 1.600000000000000089e+00 3.550000000000000204e-03 -1.019899999999999973e-02 9.999419999999999975e-01 -3.442040000000000100e-01 9.388330000000000286e-01 1.079800000000000031e-02 -9.388879999999999448e-01 -3.442219999999999724e-01 -1.779999999999999898e-04
2.700000000000000000e+01 2.600000000000000000e+01 6.400000000000000000e+01 0.000000000000000000e+00 1.600000000000000089e+00 -1.206000000000000041e-03 2.194999999999999903e-03 9.999970000000000248e-01 -3.441000000000000170e-01 9.389300000000000423e-01 -2.475999999999999902e-03 -9.389319999999999888e-01 -3.441020000000000190e-01 -3.770000000000000022e-04
7.000000000000000000e+00 6.900000000000000000e+01 6.600000000000000000e+01 0.000000000000000000e+00 1.600000000000000089e+00 -9.740000000000000394e-04 3.924000000000000404e-03 9.999919999999999920e-01 -9.516069999999999807e-01 3.073100000000000276e-01 -2.132999999999999913e-03 -3.073159999999999781e-01 -9.516010000000000302e-01 3.435000000000000119e-03
1.400000000000000000e+01 2.500000000000000000e+01 7.300000000000000000e+01 0.000000000000000000e+00 1.600000000000000089e+00 5.956999999999999622e-03 -1.856000000000000011e-03 9.999799999999999800e-01 7.410940000000000305e-01 -6.713780000000000303e-01 -5.661000000000000233e-03 6.713750000000000551e-01 7.411130000000000217e-01 -2.624000000000000030e-03
