3.000000000000000000e+00 1.700000000000000000e+01 3.000000000000000000e+00 0.000000000000000000e+00 1.600000000000000089e+00 -2.501499999999999904e-02 -1.558900000000000043e-02 -9.995650000000000368e-01 -7.054190000000000182e-01 -7.082100000000000062e-01 2.869899999999999882e-02 -7.083490000000000064e-01 7.058299999999999574e-01 6.719000000000000146e-03
2.900000000000000000e+01 1.000000000000000000e+00 6.000000000000000000e+00 0.000000000000000000e+00 1.600000000000000089e+00 1.505599999999999994e-02 -1.062779999999999975e-01 -9.942220000000000502e-01 -1.830569999999999975e-01 -9.778219999999999690e-01 1.017519999999999952e-01 -9.829870000000000552e-01 1.804679999999999895e-01 -3.417699999999999905e-02
1.800000000000000000e+01 1.010000000000000000e+02 7.000000000000000000e+00 0.000000000000000000e+00 1.600000000000000089e+00 -2.471000000000000106e-03 5.069999999999999637e-04 9.999970000000000248e-01 8.883210000000000273e-01 4.592189999999999883e-01 1.962999999999999901e-03 -4.592160000000000131e-01 8.883229999999999738e-01 -1.585000000000000037e-03
2.900000000000000000e+01 1.010000000000000000e+02 7.000000000000000000e+00 0.000000000000000000e+00 1.600000000000000089e+00 5.180000000000000143e-04 -3.105700000000000127e-02 9.995180000000000176e-01 8.860310000000000130e-01 4.634170000000000234e-01 1.393999999999999927e-02 -4.636259999999999826e-01 8.855960000000000498e-01 2.775700000000000042e-02
4.000000000000000000e+00 2.500000000000000000e+01 8.000000000000000000e+00 0.000000000000000000e+00 1.600000000000000089e+00 3.609999999999999928e-04 1.425000000000000051e-03 -9.999989999999999712e-01 4.372300000000000075e-01 8.993489999999999540e-01 1.440000000000000091e-03 8.993499999999999828e-01 -4.372300000000000075e-01 -2.990000000000000036e-04
1.200000000000000000e+01 2.500000000000000000e+01 8.000000000000000000e+00 0.000000000000000000e+00 1.600000000000000089e+00 -9.600000000000000243e-05 2.635000000000000189e-03 -9.999970000000000248e-01 4.378799999999999915e-01 8.990299999999999958e-01 2.327000000000000075e-03 8.990329999999999711e-01 -4.378779999999999895e-01 -1.240000000000000000e-03
1.600000000000000000e+01 2.500000000000000000e+01 8.000000000000000000e+00 0.000000000000000000e+00 1.600000000000000089e+00 8.499999999999999526e-04 4.441999999999999768e-03 -9.999900000000000455e-01 4.395930000000000115e-01 8.981869999999999576e-01 4.362999999999999691e-03 8.981970000000000232e-01 -4.395919999999999828e-01 -1.188999999999999953e-03
2.000000000000000000e+01 2.500000000000000000e+01 8.000000000000000000e+00 0.000000000000000000e+00 1.600000000000000089e+00 5.379999999999999583e-04 -1.788000000000000093e-03 -9.999980000000000535e-01 4.405299999999999772e-01 8.977370000000000072e-01 -1.368000000000000075e-03 8.977380000000000360e-01 -4.405290000000000039e-01 1.270000000000000078e-03
2.400000000000000000e+01 2.500000000000000000e+01 8.000000000000000000e+00 0.000000000000000000e+00 1.600000000000000089e+00 8.229999999999999469e-04 -5.599999999999999509e-04 -1.000000000000000000e+00 4.402769999999999739e-01 8.978620000000000489e-01 -1.399999999999999877e-04 8.978620000000000489e-01 -4.402760000000000007e-01 9.859999999999998974e-04
2.700000000000000000e+01 2.500000000000000000e+01 8.000000000000000000e+00 0.000000000000000000e+00 1.600000000000000089e+00 9.749999999999999552e-04 3.160000000000000048e-03 -9.999940000000000495e-01 4.396930000000000005e-01 8.981419999999999959e-01 3.266999999999999939e-03 8.981470000000000287e-01 -4.396939999999999737e-01 -5.140000000000000254e-04
5.000000000000000000e+00 2.400000000000000000e+01 9.000000000000000000e+00 0.000000000000000000e+00 1.600000000000000089e+00 2.779999999999999811e-04 9.299999999999999727e-05 -1.000000000000000000e+00 4.440749999999999975e-01 8.959899999999999531e-01 2.069999999999999900e-04 8.959899999999999531e-01 -4.440749999999999975e-01 2.069999999999999900e-04
1.100000000000000000e+01 2.400000000000000000e+01 9.000000000000000000e+00 0.000000000000000000e+00 1.600000000000000089e+00 -2.590000000000000071e-04 4.000000000000000192e-04 -1.000000000000000000e+00 4.442869999999999875e-01 8.958850000000000424e-01 2.429999999999999977e-04 8.958850000000000424e-01 -4.442869999999999875e-01 -4.090000000000000211e-04
1.500000000000000000e+01 2.400000000000000000e+01 9.000000000000000000e+00 0.000000000000000000e+00 1.600000000000000089e+00 -3.609999999999999928e-04 5.645999999999999977e-03 -9.999839999999999840e-01 4.457050000000000178e-01 8.951670000000000460e-01 4.892999999999999780e-03 8.951799999999999757e-01 -4.456959999999999811e-01 -2.838999999999999944e-03
1.900000000000000000e+01 2.400000000000000000e+01 9.000000000000000000e+00 0.000000000000000000e+00 1.600000000000000089e+00 7.389999999999999651e-04 3.899999999999999929e-05 -1.000000000000000000e+00 4.479179999999999828e-01 8.940740000000000354e-01 3.660000000000000059e-04 8.940740000000000354e-01 -4.479179999999999828e-01 6.440000000000000412e-04
2.300000000000000000e+01 2.400000000000000000e+01 9.000000000000000000e+00 0.000000000000000000e+00 1.600000000000000089e+00 6.859999999999999779e-04 -2.550000000000000183e-03 -9.999959999999999960e-01 4.478670000000000151e-01 8.940979999999999484e-01 -1.971999999999999795e-03 8.941000000000000059e-01 -4.478639999999999843e-01 1.755999999999999965e-03
2.800000000000000000e+01 2.400000000000000000e+01 9.000000000000000000e+00 0.000000000000000000e+00 1.600000000000000089e+00 4.609999999999999840e-04 3.575000000000000053e-03 -9.999940000000000495e-01 4.461629999999999763e-01 8.949449999999999905e-01 3.405000000000000041e-03 8.949519999999999698e-01 -4.461609999999999743e-01 -1.182000000000000108e-03
2.100000000000000000e+01 7.000000000000000000e+00 1.000000000000000000e+01 0.000000000000000000e+00 1.600000000000000089e+00 -1.375490000000000046e-01 -7.334400000000000641e-02 -9.877759999999999874e-01 -9.509090000000000042e-01 -2.693380000000000218e-01 1.524139999999999939e-01 -2.772240000000000260e-01 9.602490000000000192e-01 -3.269600000000000284e-02
1.200000000000000000e+01 8.000000000000000000e+00 1.000000000000000000e+01 0.000000000000000000e+00 1.600000000000000089e+00 -1.194080000000000003e-01 -4.020699999999999968e-02 -9.920309999999999961e-01 -9.869360000000000355e-01 -1.040500000000000036e-01 1.230119999999999963e-01 -1.081659999999999983e-01 9.937589999999999479e-01 -2.725800000000000098e-02
2.800000000000000000e+01 2.000000000000000000e+00 1.100000000000000000e+01 0.000000000000000000e+00 1.600000000000000089e+00 8.881999999999999271e-03 -1.800339999999999996e-01 9.836200000000000498e-01 1.233839999999999937e-01 -9.759449999999999514e-01 -1.797430000000000139e-01 9.923189999999999511e-01 1.229589999999999989e-01 1.354499999999999975e-02
2.100000000000000000e+01 3.000000000000000000e+00 1.100000000000000000e+01 0.000000000000000000e+00 1.600000000000000089e+00 1.486200000000000021e-02 -1.501969999999999972e-01 9.885439999999999783e-01 1.965909999999999880e-01 -9.689170000000000282e-01 -1.501709999999999989e-01 9.803730000000000500e-01 1.965709999999999957e-01 1.512699999999999982e-02
1.800000000000000000e+01 3.100000000000000000e+01 1.200000000000000000e+01 0.000000000000000000e+00 1.600000000000000089e+00 -5.659999999999999884e-04 4.815999999999999968e-03 9.999879999999999880e-01 -3.063799999999999857e-02 9.995190000000000463e-01 -4.831000000000000225e-03 -9.995300000000000296e-01 -3.064000000000000057e-02 -4.180000000000000230e-04
3.000000000000000000e+00 3.500000000000000000e+01 1.200000000000000000e+01 0.000000000000000000e+00 1.600000000000000089e+00 5.800000000000000034e-05 -1.312999999999999931e-03 -9.999989999999999712e-01 4.244490000000000207e-01 -9.054510000000000058e-01 1.214000000000000018e-03 -9.054520000000000346e-01 -4.244490000000000207e-01 5.050000000000000235e-04
9.000000000000000000e+00 3.500000000000000000e+01 1.200000000000000000e+01 0.000000000000000000e+00 1.600000000000000089e+00 -1.451999999999999949e-03 4.376999999999999814e-03 -9.999890000000000168e-01 4.564380000000000104e-01 -8.897439999999999793e-01 -4.557000000000000287e-03 -8.897540000000000449e-01 -4.564400000000000124e-01 -7.060000000000000303e-04
1.200000000000000000e+01 3.500000000000000000e+01 1.200000000000000000e+01 0.000000000000000000e+00 1.600000000000000089e+00 -2.537999999999999892e-03 4.557000000000000287e-03 -9.999860000000000415e-01 4.603079999999999949e-01 -8.877439999999999776e-01 -5.213999999999999885e-03 -8.877549999999999608e-01 -4.603149999999999742e-01 1.550000000000000000e-04
3.000000000000000000e+01 3.200000000000000000e+01 1.400000000000000000e+01 0.000000000000000000e+00 1.600000000000000089e+00 4.270000000000000249e-04 -5.790000000000000008e-03 -9.999829999999999552e-01 1.319960000000000022e-01 9.912339999999999485e-01 -5.682999999999999684e-03 9.912499999999999645e-01 -1.319919999999999982e-01 1.186999999999999904e-03
2.700000000000000000e+01 1.200000000000000000e+01 1.500000000000000000e+01 0.000000000000000000e+00 1.600000000000000089e+00 1.236399999999999999e-02 1.916800000000000101e-02 -9.997399999999999620e-01 -3.992959999999999843e-01 -9.165459999999999718e-01 -2.251099999999999976e-02 -9.167389999999999706e-01 3.994710000000000205e-01 -3.678999999999999979e-03
4.000000000000000000e+00 1.200000000000000000e+01 1.600000000000000000e+01 0.000000000000000000e+00 1.600000000000000089e+00 1.116999999999999937e-03 -9.297199999999999909e-02 9.956679999999999975e-01 2.064199999999999924e-01 -9.742039999999999589e-01 -9.120000000000000329e-02 9.784629999999999717e-01 2.056280000000000052e-01 1.810399999999999857e-02
4.000000000000000000e+00 1.160000000000000000e+02 1.600000000000000000e+01 0.000000000000000000e+00 1.600000000000000089e+00 5.198999999999999629e-03 1.623000000000000094e-03 9.999850000000000128e-01 6.742129999999999512e-01 7.385220000000000118e-01 -4.703999999999999848e-03 -7.385190000000000365e-01 6.742270000000000207e-01 2.745000000000000044e-03
2.500000000000000000e+01 1.160000000000000000e+02 1.600000000000000000e+01 0.000000000000000000e+00 1.600000000000000089e+00 8.750000000000000182e-04 1.412000000000000061e-03 9.999989999999999712e-01 7.032559999999999922e-01 7.109349999999999836e-01 -1.618999999999999996e-03 -7.109360000000000124e-01 7.032570000000000210e-01 -3.710000000000000190e-04
5.000000000000000000e+00 2.000000000000000000e+00 1.900000000000000000e+01 0.000000000000000000e+00 1.600000000000000089e+00 1.196099999999999941e-02 -5.140900000000000331e-02 -9.986059999999999937e-01 3.316089999999999871e-01 -9.419570000000000443e-01 5.246399999999999675e-02 -9.433409999999999851e-01 -3.317749999999999866e-01 5.780999999999999681e-03
1.300000000000000000e+01 2.000000000000000000e+00 1.900000000000000000e+01 0.000000000000000000e+00 1.600000000000000089e+00 1.285700000000000037e-02 -6.807499999999999662e-02 -9.975969999999999560e-01 3.630740000000000078e-01 -9.292690000000000117e-01 6.809199999999999975e-02 -9.316719999999999446e-01 -3.630769999999999831e-01 1.276900000000000084e-02
1.700000000000000000e+01 2.000000000000000000e+00 1.900000000000000000e+01 0.000000000000000000e+00 1.600000000000000089e+00 1.416700000000000077e-02 -5.645200000000000218e-02 -9.983049999999999979e-01 3.667030000000000012e-01 -9.285470000000000113e-01 5.771099999999999841e-02 -9.302300000000000013e-01 -3.668989999999999752e-01 7.545999999999999756e-03
2.300000000000000000e+01 2.000000000000000000e+00 1.900000000000000000e+01 0.000000000000000000e+00 1.600000000000000089e+00 6.184000000000000261e-03 -4.435499999999999859e-02 -9.989970000000000239e-01 3.544050000000000256e-01 -9.340720000000000134e-01 4.366600000000000342e-02 -9.350720000000000143e-01 -3.543200000000000238e-01 9.943000000000000449e-03
2.600000000000000000e+01 2.000000000000000000e+00 1.900000000000000000e+01 0.000000000000000000e+00 1.600000000000000089e+00 -2.799999999999999755e-04 -6.566099999999999715e-02 -9.978420000000000067e-01 3.412760000000000238e-01 -9.379410000000000247e-01 6.162399999999999822e-02 -9.399629999999999930e-01 -3.405230000000000201e-01 2.267100000000000018e-02
1.000000000000000000e+00 3.000000000000000000e+00 1.900000000000000000e+01 0.000000000000000000e+00 1.600000000000000089e+00 1.080799999999999990e-02 -3.388000000000000039e-02 -9.993670000000000053e-01 3.334659999999999846e-01 -9.420920000000000405e-01 3.554500000000000021e-02 -9.426999999999999824e-01 -3.336390000000000189e-01 1.115000000000000106e-03
7.000000000000000000e+00 3.000000000000000000e+00 1.900000000000000000e+01 0.000000000000000000e+00 1.600000000000000089e+00 1.339800000000000019e-02 -5.621400000000000008e-02 -9.983290000000000219e-01 3.421609999999999929e-01 -9.378859999999999975e-01 5.740300000000000263e-02 -9.395459999999999923e-01 -3.423590000000000244e-01 6.668000000000000316e-03
2.000000000000000000e+01 3.000000000000000000e+00 1.900000000000000000e+01 0.000000000000000000e+00 1.600000000000000089e+00 1.234000000000000027e-02 -3.087399999999999867e-02 -9.994469999999999743e-01 3.336359999999999881e-01 -9.421169999999999822e-01 3.322200000000000153e-02 -9.426210000000000422e-01 -3.338610000000000189e-01 -1.325999999999999922e-03
2.500000000000000000e+01 3.000000000000000000e+00 1.900000000000000000e+01 0.000000000000000000e+00 1.600000000000000089e+00 -3.460000000000000076e-04 -4.875499999999999973e-02 -9.988110000000000044e-01 3.207369999999999943e-01 -9.460469999999999713e-01 4.606799999999999784e-02 -9.471680000000000099e-01 -3.203389999999999849e-01 1.596399999999999902e-02
1.000000000000000000e+00 4.000000000000000000e+00 2.000000000000000000e+01 0.000000000000000000e+00 1.600000000000000089e+00 7.693000000000000185e-03 -3.210199999999999859e-02 -9.994549999999999823e-01 4.239789999999999948e-01 -9.050939999999999541e-01 3.233400000000000163e-02 -9.056389999999999718e-01 -4.239970000000000128e-01 6.648000000000000263e-03
8.000000000000000000e+00 4.000000000000000000e+00 2.000000000000000000e+01 0.000000000000000000e+00 1.600000000000000089e+00 9.433000000000000412e-03 -5.470900000000000069e-02 -9.984579999999999567e-01 4.097149999999999959e-01 -9.106269999999999643e-01 5.376700000000000229e-02 -9.121650000000000036e-01 -4.095909999999999829e-01 1.382500000000000048e-02
2.600000000000000000e+01 4.000000000000000000e+00 2.000000000000000000e+01 0.000000000000000000e+00 1.600000000000000089e+00 -3.469999999999999777e-04 -2.785599999999999882e-02 -9.996119999999999450e-01 3.367720000000000158e-01 -9.412239999999999496e-01 2.611199999999999979e-02 -9.415860000000000340e-01 -3.366319999999999868e-01 9.707999999999999616e-03
5.000000000000000000e+00 1.300000000000000000e+01 2.000000000000000000e+01 0.000000000000000000e+00 1.600000000000000089e+00 4.464000000000000086e-03 -9.655000000000000387e-03 9.999430000000000263e-01 2.754360000000000142e-01 9.612859999999999738e-01 8.052000000000000129e-03 -9.613089999999999691e-01 2.753840000000000177e-01 6.949999999999999581e-03
1.000000000000000000e+01 1.300000000000000000e+01 2.000000000000000000e+01 0.000000000000000000e+00 1.600000000000000089e+00 5.959999999999999586e-04 6.920000000000000153e-04 1.000000000000000000e+00 2.627240000000000131e-01 9.648710000000000342e-01 -8.239999999999999712e-04 -9.648710000000000342e-01 2.627240000000000131e-01 3.930000000000000117e-04
1.400000000000000000e+01 1.300000000000000000e+01 2.000000000000000000e+01 0.000000000000000000e+00 1.600000000000000089e+00 -7.600000000000000418e-05 3.837000000000000133e-03 9.999930000000000208e-01 2.604330000000000256e-01 9.654850000000000376e-01 -3.684999999999999908e-03 -9.654920000000000169e-01 2.604310000000000236e-01 -1.072000000000000036e-03
1.900000000000000000e+01 1.300000000000000000e+01 2.000000000000000000e+01 0.000000000000000000e+00 1.600000000000000089e+00 -6.840000000000000377e-04 -2.648000000000000180e-03 9.999959999999999960e-01 2.595930000000000182e-01 9.657139999999999613e-01 2.733999999999999885e-03 -9.657179999999999653e-01 2.595939999999999914e-01 2.699999999999999899e-05
2.300000000000000000e+01 1.300000000000000000e+01 2.000000000000000000e+01 0.000000000000000000e+00 1.600000000000000089e+00 -1.804000000000000048e-03 -7.922999999999999488e-03 9.999670000000000503e-01 2.622929999999999984e-01 9.649539999999999784e-01 8.118999999999999481e-03 -9.649870000000000392e-01 2.622990000000000044e-01 3.379999999999999758e-04
2.800000000000000000e+01 1.300000000000000000e+01 2.000000000000000000e+01 0.000000000000000000e+00 1.600000000000000089e+00 2.190000000000000106e-04 -4.271999999999999756e-03 9.999909999999999632e-01 2.640979999999999994e-01 9.644869999999999832e-01 4.062999999999999771e-03 -9.644960000000000200e-01 2.640939999999999954e-01 1.338999999999999913e-03
2.000000000000000000e+00 3.000000000000000000e+00 2.500000000000000000e+01 0.000000000000000000e+00 1.600000000000000089e+00 7.590000000000000392e-03 -3.540100000000000191e-02 9.993440000000000101e-01 -3.422000000000000128e-03 -9.993680000000000341e-01 -3.537599999999999772e-02 9.999649999999999928e-01 -3.151000000000000155e-03 -7.706000000000000176e-03
1.600000000000000000e+01 3.000000000000000000e+00 2.500000000000000000e+01 0.000000000000000000e+00 1.600000000000000089e+00 1.474800000000000069e-02 -3.979400000000000298e-02 9.990989999999999593e-01 -2.716999999999999797e-03 -9.992060000000000386e-01 -3.975900000000000267e-02 9.998879999999999990e-01 -2.128000000000000117e-03 -1.484500000000000056e-02
2.200000000000000000e+01 3.000000000000000000e+00 2.500000000000000000e+01 0.000000000000000000e+00 1.600000000000000089e+00 -3.883000000000000167e-03 5.189000000000000036e-03 9.999789999999999512e-01 -3.858899999999999830e-02 -9.992419999999999636e-01 5.035000000000000413e-03 9.992480000000000251e-01 -3.856899999999999912e-02 4.080000000000000293e-03
1.100000000000000000e+01 4.600000000000000000e+01 2.700000000000000000e+01 0.000000000000000000e+00 1.600000000000000089e+00 1.092000000000000089e-03 9.160000000000000390e-04 -9.999989999999999712e-01 6.777440000000000131e-01 7.352959999999999496e-01 1.413999999999999892e-03 7.352969999999999784e-01 -6.777450000000000419e-01 1.820000000000000057e-04
2.300000000000000000e+01 4.600000000000000000e+01 2.700000000000000000e+01 0.000000000000000000e+00 1.600000000000000089e+00 -4.319999999999999838e-04 -2.854999999999999899e-03 -9.999959999999999960e-01 6.807180000000000453e-01 7.325409999999999977e-01 -2.384999999999999967e-03 7.325450000000000017e-01 -6.807159999999999878e-01 1.626999999999999974e-03
8.000000000000000000e+00 4.600000000000000000e+01 3.000000000000000000e+01 0.000000000000000000e+00 1.600000000000000089e+00 5.330000000000000536e-04 7.699999999999999597e-04 -1.000000000000000000e+00 3.303209999999999757e-01 9.438680000000000403e-01 9.030000000000000483e-04 9.438680000000000403e-01 -3.303209999999999757e-01 2.489999999999999809e-04
7.000000000000000000e+00 5.800000000000000000e+01 3.100000000000000000e+01 0.000000000000000000e+00 1.600000000000000089e+00 1.320999999999999909e-03 -1.039999999999999936e-04 9.999989999999999712e-01 -8.046860000000000124e-01 -5.937000000000000055e-01 1.000999999999999937e-03 5.937000000000000055e-01 -8.046860000000000124e-01 -8.679999999999999565e-04
1.200000000000000000e+01 5.800000000000000000e+01 3.100000000000000000e+01 0.000000000000000000e+00 1.600000000000000089e+00 -1.832999999999999994e-03 -1.466000000000000072e-03 9.999970000000000248e-01 -8.078689999999999483e-01 -5.893580000000000485e-01 -2.344999999999999862e-03 5.893589999999999662e-01 -8.078710000000000058e-01 -1.039999999999999936e-04
1.700000000000000000e+01 5.800000000000000000e+01 3.100000000000000000e+01 0.000000000000000000e+00 1.600000000000000089e+00 -5.126000000000000348e-03 -3.949000000000000253e-03 9.999789999999999512e-01 -8.117760000000000531e-01 -5.839330000000000354e-01 -6.466999999999999658e-03 5.839459999999999651e-01 -8.117929999999999868e-01 -2.130000000000000003e-04
2.100000000000000000e+01 5.800000000000000000e+01 3.100000000000000000e+01 0.000000000000000000e+00 1.600000000000000089e+00 2.269999999999999882e-04 1.338999999999999913e-03 9.999989999999999712e-01 -8.120979999999999865e-01 -5.835200000000000387e-01 9.650000000000000374e-04 5.835200000000000387e-01 -8.120979999999999865e-01 9.550000000000000112e-04
2.500000000000000000e+01 5.800000000000000000e+01 3.100000000000000000e+01 0.000000000000000000e+00 1.600000000000000089e+00 3.918999999999999741e-03 4.368999999999999620e-03 9.999829999999999552e-01 -8.088920000000000554e-01 -5.879290000000000349e-01 5.739000000000000178e-03 5.879440000000000222e-01 -8.089009999999999811e-01 1.229999999999999974e-03
4.000000000000000000e+00 4.600000000000000000e+01 3.500000000000000000e+01 0.000000000000000000e+00 1.600000000000000089e+00 1.866999999999999953e-03 1.729000000000000068e-03 -9.999970000000000248e-01 3.905170000000000030e-01 -9.205950000000000522e-01 -8.630000000000000518e-04 -9.205940000000000234e-01 -3.905139999999999723e-01 -2.394999999999999993e-03
9.000000000000000000e+00 4.600000000000000000e+01 3.500000000000000000e+01 0.000000000000000000e+00 1.600000000000000089e+00 -6.660000000000000338e-04 -2.288999999999999802e-03 -9.999970000000000248e-01 3.907959999999999767e-01 -9.204750000000000432e-01 1.845999999999999985e-03 -9.204769999999999897e-01 -3.907939999999999747e-01 1.507000000000000093e-03
1.300000000000000000e+01 4.600000000000000000e+01 3.500000000000000000e+01 0.000000000000000000e+00 1.600000000000000089e+00 -5.370000000000000424e-04 -2.418000000000000010e-03 -9.999970000000000248e-01 3.912720000000000087e-01 -9.202730000000000077e-01 2.014999999999999864e-03 -9.202749999999999542e-01 -3.912700000000000067e-01 1.441000000000000007e-03
2.000000000000000000e+01 4.600000000000000000e+01 3.500000000000000000e+01 0.000000000000000000e+00 1.600000000000000089e+00 3.699999999999999947e-04 -3.789999999999999966e-04 -1.000000000000000000e+00 3.921029999999999793e-01 -9.199209999999999887e-01 4.939999999999999730e-04 -9.199209999999999887e-01 -3.921040000000000081e-01 -1.920000000000000049e-04
2.200000000000000000e+01 4.600000000000000000e+01 3.500000000000000000e+01 0.000000000000000000e+00 1.600000000000000089e+00 2.700000000000000035e-04 1.087999999999999991e-03 -9.999989999999999712e-01 3.914380000000000082e-01 -9.202040000000000219e-01 -8.949999999999999623e-04 -9.202050000000000507e-01 -3.914369999999999794e-01 -6.740000000000000114e-04
2.700000000000000000e+01 9.500000000000000000e+01 3.600000000000000000e+01 0.000000000000000000e+00 1.600000000000000089e+00 3.300000000000000253e-05 1.109599999999999996e-02 9.999379999999999935e-01 9.966930000000000511e-01 8.125200000000000478e-02 -9.349999999999999587e-04 -8.125699999999999590e-02 9.966319999999999624e-01 -1.105599999999999986e-02
1.800000000000000000e+01 3.000000000000000000e+00 4.300000000000000000e+01 0.000000000000000000e+00 1.600000000000000089e+00 5.450000000000000200e-04 -8.356999999999999845e-03 -9.999649999999999928e-01 7.427390000000000381e-01 -6.695539999999999825e-01 6.000000000000000125e-03 -6.695809999999999818e-01 -7.427160000000000428e-01 5.841999999999999971e-03
6.000000000000000000e+00 2.900000000000000000e+01 4.400000000000000000e+01 0.000000000000000000e+00 1.600000000000000089e+00 2.730000000000000222e-04 -3.674000000000000182e-03 -9.999930000000000208e-01 6.631930000000000325e-01 7.484439999999999982e-01 -2.569000000000000103e-03 7.484490000000000309e-01 -6.631869999999999710e-01 2.641000000000000118e-03
1.400000000000000000e+01 2.900000000000000000e+01 4.400000000000000000e+01 0.000000000000000000e+00 1.600000000000000089e+00 3.923000000000000272e-03 6.729999999999999871e-04 -9.999919999999999920e-01 6.650620000000000420e-01 7.467819999999999458e-01 3.112000000000000183e-03 7.467780000000000529e-01 -6.650690000000000213e-01 2.481999999999999831e-03
2.300000000000000000e+01 2.900000000000000000e+01 4.400000000000000000e+01 0.000000000000000000e+00 1.600000000000000089e+00 -1.216000000000000067e-03 4.126999999999999592e-03 -9.999909999999999632e-01 6.644679999999999476e-01 7.473130000000000051e-01 2.276999999999999944e-03 7.473159999999999803e-01 -6.644590000000000218e-01 -3.651000000000000165e-03
2.900000000000000000e+01 5.400000000000000000e+01 4.600000000000000000e+01 0.000000000000000000e+00 1.600000000000000089e+00 -3.970000000000000005e-04 8.193000000000000629e-03 9.999660000000000215e-01 2.905909999999999882e-01 -9.568140000000000533e-01 7.953999999999999265e-03 9.568470000000000031e-01 2.905840000000000090e-01 -2.001000000000000174e-03
1.500000000000000000e+01 5.000000000000000000e+00 5.100000000000000000e+01 0.000000000000000000e+00 1.600000000000000089e+00 1.240000000000000000e-03 -1.489500000000000025e-02 -9.998879999999999990e-01 4.828089999999999882e-01 -8.756190000000000362e-01 1.364300000000000061e-02 -8.757249999999999757e-01 -4.827719999999999789e-01 6.106000000000000316e-03
2.600000000000000000e+01 5.000000000000000000e+00 5.100000000000000000e+01 0.000000000000000000e+00 1.600000000000000089e+00 -2.534999999999999927e-03 3.062000000000000052e-03 -9.999919999999999920e-01 4.824280000000000235e-01 -8.759270000000000111e-01 -3.905000000000000051e-03 -8.759320000000000439e-01 -4.824339999999999740e-01 7.429999999999999539e-04
1.500000000000000000e+01 1.150000000000000000e+02 5.100000000000000000e+01 0.000000000000000000e+00 1.600000000000000089e+00 -2.295000000000000165e-03 3.380000000000000192e-03 9.999919999999999920e-01 8.457729999999999970e-01 -5.335299999999999487e-01 3.743999999999999932e-03 5.335379999999999567e-01 8.457740000000000258e-01 -1.634999999999999952e-03
3.000000000000000000e+00 6.300000000000000000e+01 5.400000000000000000e+01 0.000000000000000000e+00 1.600000000000000089e+00 -1.593000000000000015e-03 -4.449999999999999746e-04 9.999989999999999712e-01 -3.515659999999999896e-01 9.361629999999999674e-01 -1.440000000000000036e-04 -9.361620000000000497e-01 -3.515650000000000164e-01 -1.647999999999999942e-03
8.000000000000000000e+00 6.300000000000000000e+01 5.400000000000000000e+01 0.000000000000000000e+00 1.600000000000000089e+00 1.917000000000000084e-03 7.799999999999999859e-04 9.999980000000000535e-01 -3.502439999999999998e-01 9.366579999999999906e-01 -5.899999999999999754e-05 -9.366560000000000441e-01 -3.502439999999999998e-01 2.067999999999999960e-03
1.300000000000000000e+01 6.300000000000000000e+01 5.400000000000000000e+01 0.000000000000000000e+00 1.600000000000000089e+00 -1.224000000000000045e-03 -3.504000000000000170e-03 9.999930000000000208e-01 -3.529900000000000260e-01 9.356229999999999825e-01 2.847000000000000138e-03 -9.356259999999999577e-01 -3.529840000000000200e-01 -2.382000000000000003e-03
1.800000000000000000e+01 6.300000000000000000e+01 5.400000000000000000e+01 0.000000000000000000e+00 1.600000000000000089e+00 -1.441000000000000007e-03 -1.521999999999999915e-03 9.999980000000000535e-01 -3.496619999999999728e-01 9.368750000000000133e-01 9.219999999999999680e-04 -9.368750000000000133e-01 -3.496600000000000263e-01 -1.881999999999999992e-03
3.000000000000000000e+01 6.300000000000000000e+01 5.400000000000000000e+01 0.000000000000000000e+00 1.600000000000000089e+00 -1.325000000000000006e-03 -2.798999999999999839e-03 9.999949999999999672e-01 -3.571280000000000010e-01 9.340530000000000221e-01 2.141000000000000108e-03 -9.340540000000000509e-01 -3.571239999999999970e-01 -2.236999999999999839e-03
4.000000000000000000e+00 2.500000000000000000e+01 5.500000000000000000e+01 0.000000000000000000e+00 1.600000000000000089e+00 1.461999999999999975e-03 -3.785999999999999869e-03 -9.999919999999999920e-01 -1.314300000000000017e-02 -9.999069999999999903e-01 3.765999999999999816e-03 -9.999130000000000518e-01 1.313699999999999937e-02 -1.510999999999999973e-03
7.000000000000000000e+00 2.500000000000000000e+01 5.500000000000000000e+01 0.000000000000000000e+00 1.600000000000000089e+00 2.886000000000000110e-03 -5.840999999999999838e-03 -9.999789999999999512e-01 -1.438900000000000075e-02 -9.998799999999999910e-01 5.799000000000000335e-03 -9.998920000000000030e-01 1.437100000000000009e-02 -2.969999999999999984e-03
2.000000000000000000e+01 2.500000000000000000e+01 5.500000000000000000e+01 0.000000000000000000e+00 1.600000000000000089e+00 -3.449999999999999833e-04 -3.147000000000000058e-03 -9.999949999999999672e-01 -1.488399999999999966e-02 -9.998839999999999950e-01 3.151999999999999854e-03 -9.998890000000000278e-01 1.488500000000000066e-02 2.979999999999999793e-04
2.300000000000000000e+01 2.500000000000000000e+01 5.500000000000000000e+01 0.000000000000000000e+00 1.600000000000000089e+00 4.009999999999999893e-04 3.161999999999999880e-03 -9.999949999999999672e-01 -1.502200000000000063e-02 -9.998820000000000485e-01 -3.167999999999999809e-03 -9.998869999999999703e-01 1.502299999999999990e-02 -3.539999999999999853e-04
2.800000000000000000e+01 2.500000000000000000e+01 5.500000000000000000e+01 0.000000000000000000e+00 1.600000000000000089e+00 -8.549999999999999658e-04 2.554999999999999979e-03 -9.999959999999999960e-01 -1.418400000000000043e-02 -9.998960000000000070e-01 -2.543000000000000121e-03 -9.998989999999999823e-01 1.418200000000000016e-02 8.909999999999999734e-04
1.700000000000000000e+01 5.800000000000000000e+01 5.900000000000000000e+01 0.000000000000000000e+00 1.600000000000000089e+00 -3.130000000000000187e-04 -4.217000000000000262e-03 -9.999909999999999632e-01 3.944670000000000121e-01 9.189009999999999678e-01 -3.998999999999999951e-03 9.189100000000000046e-01 -3.944650000000000101e-01 1.376000000000000053e-03
2.100000000000000000e+01 2.100000000000000000e+01 6.000000000000000000e+01 0.000000000000000000e+00 1.600000000000000089e+00 4.109999999999999938e-03 -9.000000000000000228e-06 9.999919999999999920e-01 -9.709800000000000375e-02 9.952750000000000208e-01 4.079999999999999968e-04 -9.952659999999999840e-01 -9.709900000000000475e-02 4.088999999999999753e-03
2.500000000000000000e+01 2.100000000000000000e+01 6.000000000000000000e+01 0.000000000000000000e+00 1.600000000000000089e+00 4.346000000000000037e-03 -1.771299999999999958e-02 9.998340000000000005e-01 -1.011999999999999983e-01 9.947019999999999751e-01 1.806200000000000166e-02 -9.948569999999999913e-01 -1.012620000000000048e-01 2.530999999999999830e-03
1.000000000000000000e+01 6.000000000000000000e+00 6.100000000000000000e+01 0.000000000000000000e+00 1.600000000000000089e+00 1.043000000000000090e-03 2.386000000000000100e-03 9.999970000000000248e-01 5.666010000000000213e-01 -8.239910000000000290e-01 1.374999999999999920e-03 8.239919999999999467e-01 5.665980000000000461e-01 -2.211999999999999991e-03
6.000000000000000000e+00 2.700000000000000000e+01 6.300000000000000000e+01 0.000000000000000000e+00 1.600000000000000089e+00 1.889999999999999970e-03 1.113800000000000033e-02 9.999360000000000470e-01 -2.659929999999999795e-01 9.639210000000000278e-01 -1.023400000000000004e-02 -9.639729999999999688e-01 -2.659569999999999990e-01 4.784000000000000058e-03
1.100000000000000000e+01 2.700000000000000000e+01 6.300000000000000000e+01 0.000000000000000000e+00 1.600000000000000089e+00 -6.560000000000000076e-04 5.931999999999999773e-03 9.999820000000000375e-01 -2.663409999999999944e-01 9.638609999999999678e-01 -5.891999999999999668e-03 -9.638790000000000413e-01 -2.663400000000000212e-01 9.470000000000000336e-04
2.100000000000000000e+01 2.700000000000000000e+01 6.300000000000000000e+01 0.000000000000000000e+00 1.600000000000000089e+00 4.070000000000000267e-04 -6.446999999999999606e-03 9.999789999999999512e-01 -2.731910000000000172e-01 9.619389999999999885e-01 6.313000000000000035e-03 -9.619600000000000373e-01 -2.731870000000000132e-01 -1.369999999999999907e-03
2.900000000000000000e+01 2.700000000000000000e+01 6.300000000000000000e+01 0.000000000000000000e+00 1.600000000000000089e+00 3.837000000000000133e-03 9.495999999999999233e-03 9.999470000000000303e-01 -2.731819999999999804e-01 9.619280000000000053e-01 -8.087000000000000438e-03 -9.619550000000000045e-01 -2.731370000000000187e-01 6.285999999999999921e-03
1.000000000000000000e+00 2.600000000000000000e+01 6.400000000000000000e+01 0.000000000000000000e+00 1.600000000000000089e+00 1.015000000000000060e-03 7.131000000000000186e-03 9.999740000000000295e-01 -3.500800000000000023e-01 9.366980000000000306e-01 -6.323999999999999760e-03 -9.367189999999999683e-01 -3.500650000000000150e-01 3.446999999999999977e-03
6.000000000000000000e+00 2.600000000000000000e+01 6.400000000000000000e+01 0.000000000000000000e+00 1.600000000000000089e+00 2.203000000000000097e-03 1.043099999999999930e-02 9.999430000000000263e-01 -3.478820000000000245e-01 9.374949999999999672e-01 -9.013000000000000178e-03 -9.375360000000000360e-01 -3.478419999999999845e-01 5.694000000000000276e-03
1.100000000000000000e+01 2.600000000000000000e+01 6.400000000000000000e+01 0.000000000000000000e+00 1.600000000000000089e+00 -1.471000000000000085e-03 8.352999999999999314e-03 9.999639999999999640e-01 -3.444240000000000079e-01 9.387769999999999726e-01 -8.347999999999999518e-03 -9.388130000000000086e-01 -3.444240000000000079e-01 1.495999999999999934e-03
2.200000000000000000e+01 2.600000000000000000e+01 6.400000000000000000e+01 0.000000000000000000e+00 1.600000000000000089e+00 1.955999999999999839e-03 -3.451000000000000074e-03 9.999919999999999920e-01 -3.552270000000000150e-01 9.347720000000000473e-01 3.921000000000000006e-03 -9.347779999999999978e-01 -3.552319999999999922e-01 6.019999999999999961e-04
2.500000000000000000e+01 2.600000000000000000e+01 6.400000000000000000e+01 0.000000000000000000e+00 1.600000000000000089e+00 4.014000000000000207e-03 4.020000000000000136e-03 9.999839999999999840e-01 -3.565130000000000243e-01 9.342869999999999786e-01 -2.324999999999999810e-03 -9.342819999999999458e-01 -3.564979999999999816e-01 5.183000000000000107e-03
3.000000000000000000e+01 2.600000000000000000e+01 6.400000000000000000e+01 0.000000000000000000e+00 1.600000000000000089e+00 3.112000000000000183e-03 8.292000000000000759e-03 9.999609999999999888e-01 -3.560180000000000011e-01 9.344550000000000356e-01 -6.641000000000000202e-03 -9.344740000000000268e-01 -3.559840000000000226e-01 5.859999999999999758e-03
2.700000000000000000e+01 6.900000000000000000e+01 6.600000000000000000e+01 0.000000000000000000e+00 1.600000000000000089e+00 5.829999999999999679e-04 -2.991000000000000169e-03 9.999949999999999672e-01 -9.477109999999999701e-01 3.191269999999999940e-01 1.507000000000000093e-03 -3.191300000000000248e-01 -9.477069999999999661e-01 -2.648000000000000180e-03
7.000000000000000000e+00 2.500000000000000000e+01 7.300000000000000000e+01 0.000000000000000000e+00 1.600000000000000089e+00 -4.679999999999999915e-04 2.582000000000000094e-03 9.999970000000000248e-01 7.470470000000000166e-01 -6.647680000000000256e-01 2.066000000000000128e-03 6.647710000000000008e-01 7.470459999999999878e-01 -1.618000000000000081e-03
1.000000000000000000e+01 2.500000000000000000e+01 7.300000000000000000e+01 0.000000000000000000e+00 1.600000000000000089e+00 -1.791000000000000057e-03 2.158999999999999895e-03 9.999959999999999960e-01 7.466749999999999776e-01 -6.651829999999999687e-01 2.773999999999999990e-03 6.651860000000000550e-01 7.466770000000000351e-01 -4.209999999999999875e-04
1.600000000000000000e+01 2.500000000000000000e+01 7.300000000000000000e+01 0.000000000000000000e+00 1.600000000000000089e+00 1.108999999999999960e-03 1.453000000000000081e-03 9.999980000000000535e-01 7.547110000000000207e-01 -6.560570000000000013e-01 1.169999999999999979e-04 6.560570000000000013e-01 7.547099999999999920e-01 -1.824000000000000100e-03
1.000000000000000000e+01 4.400000000000000000e+01 7.300000000000000000e+01 0.000000000000000000e+00 1.600000000000000089e+00 -1.931999999999999907e-03 6.315000000000000301e-03 9.999780000000000335e-01 5.803599999999999731e-02 -9.982940000000000147e-01 6.416999999999999961e-03 9.983130000000000059e-01 5.804700000000000137e-02 1.562000000000000020e-03
1.400000000000000000e+01 4.400000000000000000e+01 7.300000000000000000e+01 0.000000000000000000e+00 1.600000000000000089e+00 -1.502999999999999996e-03 -3.997999999999999818e-03 9.999909999999999632e-01 5.639600000000000168e-02 -9.984009999999999829e-01 -3.906999999999999883e-03 9.984070000000000444e-01 5.639000000000000262e-02 1.726000000000000104e-03
2.100000000000000000e+01 4.400000000000000000e+01 7.300000000000000000e+01 0.000000000000000000e+00 1.600000000000000089e+00 -4.081000000000000426e-03 -1.625800000000000162e-02 9.998590000000000533e-01 5.334300000000000153e-02 -9.984480000000000022e-01 -1.601699999999999999e-02 9.985680000000000112e-01 5.326999999999999791e-02 4.942000000000000212e-03
1.700000000000000000e+01 5.100000000000000000e+01 7.600000000000000000e+01 0.000000000000000000e+00 1.600000000000000089e+00 -9.370000000000000074e-04 -5.386000000000000162e-03 -9.999850000000000128e-01 -3.925770000000000093e-01 -9.197039999999999660e-01 5.322000000000000342e-03 -9.197189999999999532e-01 3.925759999999999805e-01 -1.252999999999999991e-03
7.000000000000000000e+00 9.100000000000000000e+01 7.600000000000000000e+01 0.000000000000000000e+00 1.600000000000000089e+00 -3.240000000000000150e-04 3.449999999999999833e-04 1.000000000000000000e+00 3.820740000000000247e-01 -9.241319999999999535e-01 4.420000000000000101e-04 9.241319999999999535e-01 3.820740000000000247e-01 1.669999999999999935e-04
1.100000000000000000e+01 9.100000000000000000e+01 7.600000000000000000e+01 0.000000000000000000e+00 1.600000000000000089e+00 -3.119999999999999944e-04 -2.590000000000000071e-04 1.000000000000000000e+00 3.772240000000000038e-01 -9.261220000000000008e-01 -1.219999999999999974e-04 9.261220000000000008e-01 3.772240000000000038e-01 3.860000000000000041e-04
1.400000000000000000e+01 9.100000000000000000e+01 7.600000000000000000e+01 0.000000000000000000e+00 1.600000000000000089e+00 -1.297999999999999892e-03 -1.147999999999999932e-03 9.999989999999999712e-01 3.738130000000000064e-01 -9.275039999999999951e-01 -5.789999999999999791e-04 9.275029999999999664e-01 3.738119999999999776e-01 1.632999999999999903e-03
2.200000000000000000e+01 9.100000000000000000e+01 7.600000000000000000e+01 0.000000000000000000e+00 1.600000000000000089e+00 -1.469999999999999953e-04 1.044000000000000006e-03 9.999989999999999712e-01 3.900669999999999971e-01 -9.207859999999999934e-01 1.018000000000000025e-03 9.207870000000000221e-01 3.900669999999999971e-01 -2.719999999999999979e-04
2.500000000000000000e+01 9.100000000000000000e+01 7.600000000000000000e+01 0.000000000000000000e+00 1.600000000000000089e+00 -5.339999999999999695e-04 -1.838000000000000007e-03 9.999980000000000535e-01 3.854699999999999793e-01 -9.227189999999999559e-01 -1.490000000000000005e-03 9.227199999999999847e-01 3.854679999999999773e-01 1.201999999999999943e-03
1.500000000000000000e+01 6.300000000000000000e+01 8.100000000000000000e+01 0.000000000000000000e+00 1.600000000000000089e+00 -5.699000000000000073e-03 -2.556000000000000112e-03 9.999810000000000088e-01 1.398600000000000017e-02 -9.998989999999999823e-01 -2.475999999999999902e-03 9.998860000000000525e-01 1.397100000000000078e-02 5.734000000000000381e-03
1.300000000000000000e+01 4.400000000000000000e+01 8.300000000000000000e+01 0.000000000000000000e+00 1.600000000000000089e+00 -9.589999999999999566e-03 1.046500000000000069e-01 9.944629999999999859e-01 4.703649999999999776e-01 -8.771419999999999773e-01 9.683999999999999553e-02 8.824199999999999822e-01 4.686890000000000223e-01 -4.081200000000000105e-02
2.500000000000000000e+01 4.400000000000000000e+01 8.300000000000000000e+01 0.000000000000000000e+00 1.600000000000000089e+00 3.849999999999999798e-04 4.976900000000000074e-02 9.987610000000000099e-01 5.177540000000000475e-01 -8.544789999999999885e-01 4.238000000000000100e-02 8.555300000000000127e-01 5.170960000000000001e-01 -2.609699999999999867e-02
