2.000000000000000000e+00 2.500000000000000000e+01 1.000000000000000000e+00 0.000000000000000000e+00 1.600000000000000089e+00 2.077999999999999986e-03 3.380999999999999891e-03 -9.999919999999999920e-01 -5.374320000000000208e-01 -8.432979999999999920e-01 -3.969000000000000306e-03 -8.433049999999999713e-01 5.374360000000000248e-01 6.499999999999999431e-05
9.000000000000000000e+00 2.500000000000000000e+01 1.000000000000000000e+00 0.000000000000000000e+00 1.600000000000000089e+00 -1.281999999999999936e-03 -1.557999999999999923e-03 -9.999980000000000535e-01 -5.350470000000000503e-01 -8.448200000000000154e-01 2.001999999999999873e-03 -8.448219999999999619e-01 5.350479999999999681e-01 2.500000000000000052e-04
1.500000000000000000e+01 2.500000000000000000e+01 1.000000000000000000e+00 0.000000000000000000e+00 1.600000000000000089e+00 -9.210000000000000521e-04 -1.513000000000000022e-03 -9.999980000000000535e-01 -5.301270000000000149e-01 -8.479170000000000318e-01 1.771000000000000005e-03 -8.479179999999999495e-01 5.301270000000000149e-01 -2.099999999999999884e-05
2.200000000000000000e+01 2.500000000000000000e+01 1.000000000000000000e+00 0.000000000000000000e+00 1.600000000000000089e+00 -1.800000000000000046e-05 -1.539000000000000003e-03 -9.999989999999999712e-01 -5.300829999999999709e-01 -8.479449999999999488e-01 1.314999999999999980e-03 -8.479459999999999775e-01 5.300829999999999709e-01 -8.009999999999999542e-04
2.900000000000000000e+01 2.500000000000000000e+01 1.000000000000000000e+00 0.000000000000000000e+00 1.600000000000000089e+00 2.509999999999999753e-04 1.289999999999999914e-04 -1.000000000000000000e+00 -5.300460000000000171e-01 -8.479689999999999728e-01 -2.429999999999999977e-04 -8.479689999999999728e-01 5.300460000000000171e-01 -1.440000000000000036e-04
2.600000000000000000e+01 3.000000000000000000e+00 4.000000000000000000e+00 0.000000000000000000e+00 1.600000000000000089e+00 -1.183290000000000036e-01 -3.185700000000000337e-02 -9.924629999999999841e-01 -8.363840000000000163e-01 -5.355320000000000080e-01 1.169100000000000000e-01 -5.352200000000000291e-01 8.439140000000000530e-01 3.672399999999999970e-02
1.000000000000000000e+00 1.500000000000000000e+01 4.000000000000000000e+00 0.000000000000000000e+00 1.600000000000000089e+00 1.412999999999999977e-03 3.667000000000000121e-03 9.999919999999999920e-01 3.245779999999999776e-01 -9.458539999999999726e-01 3.010000000000000089e-03 9.458579999999999766e-01 3.245709999999999984e-01 -2.526000000000000034e-03
7.000000000000000000e+00 1.500000000000000000e+01 4.000000000000000000e+00 0.000000000000000000e+00 1.600000000000000089e+00 2.518999999999999972e-03 7.125000000000000257e-03 9.999710000000000543e-01 3.215680000000000205e-01 -9.468680000000000430e-01 5.936000000000000304e-03 9.468830000000000302e-01 3.215439999999999965e-01 -4.675999999999999601e-03
1.500000000000000000e+01 1.500000000000000000e+01 4.000000000000000000e+00 0.000000000000000000e+00 1.600000000000000089e+00 -4.270999999999999623e-03 -9.627000000000000141e-03 9.999449999999999728e-01 3.200790000000000024e-01 -9.473589999999999511e-01 -7.753999999999999608e-03 9.473810000000000286e-01 3.200290000000000079e-01 7.127999999999999788e-03
2.000000000000000000e+01 1.500000000000000000e+01 4.000000000000000000e+00 0.000000000000000000e+00 1.600000000000000089e+00 2.030000000000000012e-04 -1.015600000000000010e-02 9.999479999999999480e-01 3.156129999999999769e-01 -9.488379999999999592e-01 -9.700999999999999554e-03 9.488879999999999537e-01 3.155990000000000184e-01 3.013000000000000053e-03
2.800000000000000000e+01 1.500000000000000000e+01 4.000000000000000000e+00 0.000000000000000000e+00 1.600000000000000089e+00 2.276999999999999944e-03 6.695000000000000430e-03 9.999749999999999472e-01 3.233719999999999928e-01 -9.462549999999999573e-01 5.598999999999999810e-03 9.462690000000000268e-01 3.233519999999999728e-01 -4.318999999999999923e-03
6.000000000000000000e+00 1.600000000000000000e+01 4.000000000000000000e+00 0.000000000000000000e+00 1.600000000000000089e+00 1.528000000000000061e-03 6.074999999999999671e-03 9.999799999999999800e-01 3.948139999999999983e-01 -9.187469999999999803e-01 4.977999999999999786e-03 9.187600000000000211e-01 3.947990000000000110e-01 -3.802999999999999957e-03
2.500000000000000000e+01 1.600000000000000000e+01 4.000000000000000000e+00 0.000000000000000000e+00 1.600000000000000089e+00 3.765000000000000117e-03 -2.093999999999999941e-03 9.999909999999999632e-01 3.963309999999999889e-01 -9.181009999999999449e-01 -3.415000000000000067e-03 9.181000000000000272e-01 3.963400000000000256e-01 -2.625999999999999862e-03
5.000000000000000000e+00 1.010000000000000000e+02 7.000000000000000000e+00 0.000000000000000000e+00 1.600000000000000089e+00 2.566000000000000138e-03 -1.580499999999999960e-02 9.998719999999999830e-01 8.863459999999999672e-01 4.629960000000000186e-01 5.043999999999999873e-03 -4.630170000000000119e-01 8.862189999999999790e-01 1.519700000000000044e-02
1.100000000000000000e+01 1.010000000000000000e+02 7.000000000000000000e+00 0.000000000000000000e+00 1.600000000000000089e+00 -6.170000000000000354e-04 -1.479899999999999965e-02 9.998899999999999455e-01 8.894440000000000124e-01 4.569860000000000033e-01 7.313000000000000056e-03 -4.570449999999999791e-01 8.893510000000000026e-01 1.288100000000000009e-02
1.500000000000000000e+01 1.010000000000000000e+02 7.000000000000000000e+00 0.000000000000000000e+00 1.600000000000000089e+00 1.134000000000000025e-03 -1.461299999999999925e-02 9.998930000000000318e-01 8.890400000000000524e-01 4.577950000000000075e-01 5.682000000000000418e-03 -4.578280000000000127e-01 8.889380000000000059e-01 1.350999999999999944e-02
3.000000000000000000e+01 1.010000000000000000e+02 7.000000000000000000e+00 0.000000000000000000e+00 1.600000000000000089e+00 1.039999999999999909e-03 1.606000000000000136e-02 9.998700000000000365e-01 8.891959999999999864e-01 4.574520000000000253e-01 -8.271999999999999839e-03 -4.575259999999999883e-01 8.890890000000000182e-01 -1.380499999999999956e-02
7.000000000000000000e+00 2.500000000000000000e+01 8.000000000000000000e+00 0.000000000000000000e+00 1.600000000000000089e+00 2.910000000000000260e-04 1.479000000000000063e-03 -9.999989999999999712e-01 4.498900000000000121e-01 8.930829999999999602e-01 1.451999999999999949e-03 8.930839999999999890e-01 -4.498900000000000121e-01 -4.060000000000000024e-04
1.200000000000000000e+01 2.500000000000000000e+01 8.000000000000000000e+00 0.000000000000000000e+00 1.600000000000000089e+00 2.760999999999999999e-03 1.108000000000000044e-03 -9.999959999999999960e-01 4.499750000000000139e-01 8.930390000000000272e-01 2.232000000000000043e-03 8.930369999999999697e-01 -4.499790000000000179e-01 1.966999999999999998e-03
1.800000000000000000e+01 2.500000000000000000e+01 8.000000000000000000e+00 0.000000000000000000e+00 1.600000000000000089e+00 -4.499999999999999877e-04 5.671999999999999958e-03 -9.999839999999999840e-01 4.445569999999999800e-01 8.957370000000000054e-01 4.880999999999999922e-03 8.957500000000000462e-01 -4.445479999999999987e-01 -2.923999999999999950e-03
2.500000000000000000e+01 2.500000000000000000e+01 8.000000000000000000e+00 0.000000000000000000e+00 1.600000000000000089e+00 1.106999999999999911e-03 -2.069999999999999792e-03 -9.999970000000000248e-01 4.447710000000000274e-01 8.956429999999999669e-01 -1.361999999999999929e-03 8.956429999999999669e-01 -4.447690000000000254e-01 1.912000000000000071e-03
2.700000000000000000e+01 2.500000000000000000e+01 8.000000000000000000e+00 0.000000000000000000e+00 1.600000000000000089e+00 6.610000000000000207e-04 -1.098000000000000018e-03 -9.999989999999999712e-01 4.449910000000000254e-01 8.955349999999999699e-01 -6.890000000000000508e-04 8.955349999999999699e-01 -4.449910000000000254e-01 1.080000000000000014e-03
7.000000000000000000e+00 2.400000000000000000e+01 9.000000000000000000e+00 0.000000000000000000e+00 1.600000000000000089e+00 3.110000000000000243e-04 5.860000000000000408e-04 -1.000000000000000000e+00 4.547709999999999808e-01 8.906079999999999552e-01 6.629999999999999609e-04 8.906079999999999552e-01 -4.547709999999999808e-01 1.000000000000000082e-05
1.000000000000000000e+01 2.400000000000000000e+01 9.000000000000000000e+00 0.000000000000000000e+00 1.600000000000000089e+00 1.201000000000000028e-03 1.925000000000000062e-03 -9.999970000000000248e-01 4.554279999999999995e-01 8.902700000000000058e-01 2.259999999999999856e-03 8.902719999999999523e-01 -4.554300000000000015e-01 1.920000000000000049e-04
1.300000000000000000e+01 2.400000000000000000e+01 9.000000000000000000e+00 0.000000000000000000e+00 1.600000000000000089e+00 2.736000000000000151e-03 4.899999999999999842e-04 -9.999959999999999960e-01 4.550150000000000028e-01 8.904819999999999958e-01 1.681999999999999901e-03 8.904790000000000205e-01 -4.550179999999999780e-01 2.213999999999999822e-03
1.900000000000000000e+01 2.400000000000000000e+01 9.000000000000000000e+00 0.000000000000000000e+00 1.600000000000000089e+00 -1.129999999999999955e-04 6.821999999999999939e-03 -9.999770000000000048e-01 4.498360000000000136e-01 8.930909999999999682e-01 6.041999999999999628e-03 8.931109999999999882e-01 -4.498249999999999749e-01 -3.170000000000000075e-03
2.400000000000000000e+01 2.400000000000000000e+01 9.000000000000000000e+00 0.000000000000000000e+00 1.600000000000000089e+00 9.100000000000000016e-04 -3.334999999999999857e-03 -9.999940000000000495e-01 4.509150000000000102e-01 8.925629999999999953e-01 -2.566000000000000138e-03 8.925659999999999705e-01 -4.509099999999999775e-01 2.315999999999999916e-03
2.800000000000000000e+01 2.400000000000000000e+01 9.000000000000000000e+00 0.000000000000000000e+00 1.600000000000000089e+00 3.620000000000000171e-04 -5.910000000000000539e-04 -1.000000000000000000e+00 4.513630000000000142e-01 8.923400000000000221e-01 -3.640000000000000115e-04 8.923400000000000221e-01 -4.513630000000000142e-01 5.900000000000000296e-04
4.000000000000000000e+00 3.100000000000000000e+01 1.200000000000000000e+01 0.000000000000000000e+00 1.600000000000000089e+00 5.130000000000000011e-04 -3.150000000000000131e-04 1.000000000000000000e+00 -1.074999999999999914e-02 9.999419999999999975e-01 3.209999999999999963e-04 -9.999419999999999975e-01 -1.074999999999999914e-02 5.100000000000000366e-04
2.100000000000000000e+01 3.100000000000000000e+01 1.200000000000000000e+01 0.000000000000000000e+00 1.600000000000000089e+00 2.347000000000000128e-03 -3.197999999999999888e-03 9.999919999999999920e-01 -5.801999999999999866e-03 9.999780000000000335e-01 3.212000000000000011e-03 -9.999799999999999800e-01 -5.808999999999999928e-03 2.328999999999999907e-03
3.000000000000000000e+00 3.500000000000000000e+01 1.200000000000000000e+01 0.000000000000000000e+00 1.600000000000000089e+00 -1.479999999999999925e-04 -2.655999999999999941e-03 -9.999959999999999960e-01 4.961519999999999819e-01 -8.682330000000000325e-01 2.233000000000000176e-03 -8.682360000000000078e-01 -4.961499999999999799e-01 1.446999999999999936e-03
7.000000000000000000e+00 3.500000000000000000e+01 1.200000000000000000e+01 0.000000000000000000e+00 1.600000000000000089e+00 6.085000000000000131e-03 -4.814999999999999836e-03 -9.999700000000000255e-01 4.965729999999999866e-01 -8.679649999999999865e-01 7.202000000000000068e-03 -8.679740000000000233e-01 -4.966019999999999879e-01 -2.890999999999999907e-03
1.200000000000000000e+01 3.500000000000000000e+01 1.200000000000000000e+01 0.000000000000000000e+00 1.600000000000000089e+00 6.650000000000000095e-04 -1.810000000000000085e-04 -1.000000000000000000e+00 5.104239999999999888e-01 -8.599229999999999929e-01 4.949999999999999973e-04 -8.599229999999999929e-01 -5.104239999999999888e-01 -4.789999999999999879e-04
1.600000000000000000e+01 3.500000000000000000e+01 1.200000000000000000e+01 0.000000000000000000e+00 1.600000000000000089e+00 -1.851999999999999914e-03 -3.699999999999999947e-04 -9.999980000000000535e-01 5.262790000000000523e-01 -8.503119999999999568e-01 -6.599999999999999964e-04 -8.503100000000000103e-01 -5.262799999999999701e-01 1.768999999999999956e-03
2.300000000000000000e+01 3.500000000000000000e+01 1.200000000000000000e+01 0.000000000000000000e+00 1.600000000000000089e+00 2.285999999999999838e-03 6.389999999999999847e-03 -9.999770000000000048e-01 5.385600000000000387e-01 -8.425770000000000204e-01 -4.152000000000000308e-03 -8.425839999999999996e-01 -5.385379999999999612e-01 -5.368000000000000375e-03
2.600000000000000000e+01 3.500000000000000000e+01 1.200000000000000000e+01 0.000000000000000000e+00 1.600000000000000089e+00 1.203999999999999992e-03 4.412000000000000123e-03 -9.999900000000000455e-01 5.441099999999999826e-01 -8.390090000000000048e-01 -3.046999999999999795e-03 -8.390130000000000088e-01 -5.441000000000000281e-01 -3.410999999999999970e-03
2.600000000000000000e+01 3.200000000000000000e+01 1.400000000000000000e+01 0.000000000000000000e+00 1.600000000000000089e+00 -1.487000000000000040e-03 2.658999999999999905e-03 -9.999949999999999672e-01 9.930700000000000638e-02 9.950539999999999941e-01 2.498999999999999919e-03 9.950560000000000516e-01 -9.930300000000000238e-02 -1.744000000000000107e-03
5.000000000000000000e+00 1.200000000000000000e+01 1.500000000000000000e+01 0.000000000000000000e+00 1.600000000000000089e+00 5.789999999999999791e-04 1.946000000000000030e-03 -9.999980000000000535e-01 -4.681529999999999858e-01 -8.836450000000000138e-01 -1.990000000000000015e-03 -8.836469999999999603e-01 4.681529999999999858e-01 3.989999999999999949e-04
1.100000000000000000e+01 1.200000000000000000e+01 1.500000000000000000e+01 0.000000000000000000e+00 1.600000000000000089e+00 3.440000000000000132e-04 -4.670999999999999805e-03 -9.999890000000000168e-01 -4.679099999999999926e-01 -8.837669999999999693e-01 3.967000000000000040e-03 -8.837760000000000060e-01 4.679030000000000133e-01 -2.488999999999999893e-03
1.600000000000000000e+01 1.200000000000000000e+01 1.500000000000000000e+01 0.000000000000000000e+00 1.600000000000000089e+00 -9.070000000000000371e-04 -2.779999999999999919e-03 -9.999959999999999960e-01 -4.666609999999999925e-01 -8.844309999999999672e-01 2.882000000000000013e-03 -8.844359999999999999e-01 4.666620000000000212e-01 -4.949999999999999973e-04
2.200000000000000000e+01 1.200000000000000000e+01 1.500000000000000000e+01 0.000000000000000000e+00 1.600000000000000089e+00 1.304000000000000038e-03 -1.678999999999999937e-03 -9.999980000000000535e-01 -4.669499999999999762e-01 -8.842839999999999590e-01 8.750000000000000182e-04 -8.842830000000000412e-01 4.669470000000000010e-01 -1.936999999999999920e-03
1.600000000000000000e+01 1.100000000000000000e+01 1.600000000000000000e+01 0.000000000000000000e+00 1.600000000000000089e+00 -4.220000000000000118e-04 -3.487000000000000082e-03 -9.999940000000000495e-01 -4.082799999999999763e-01 -9.128500000000000503e-01 3.356000000000000042e-03 -9.128570000000000295e-01 4.082790000000000030e-01 -1.038000000000000077e-03
2.000000000000000000e+01 1.100000000000000000e+01 1.600000000000000000e+01 0.000000000000000000e+00 1.600000000000000089e+00 1.201000000000000028e-03 -4.794999999999999783e-03 -9.999879999999999880e-01 -4.086759999999999837e-01 -9.126710000000000100e-01 3.884999999999999998e-03 -9.126790000000000180e-01 4.086659999999999737e-01 -3.056000000000000123e-03
2.600000000000000000e+01 1.100000000000000000e+01 1.600000000000000000e+01 0.000000000000000000e+00 1.600000000000000089e+00 1.729999999999999984e-03 4.342999999999999639e-03 -9.999890000000000168e-01 -4.114309999999999912e-01 -9.114290000000000447e-01 -4.669999999999999672e-03 -9.114389999999999992e-01 4.114349999999999952e-01 2.110000000000000059e-04
5.000000000000000000e+00 1.160000000000000000e+02 1.600000000000000000e+01 0.000000000000000000e+00 1.600000000000000089e+00 -1.660999999999999933e-03 -4.290000000000000193e-04 9.999989999999999712e-01 7.072239999999999638e-01 7.069879999999999498e-01 1.477999999999999930e-03 -7.069879999999999498e-01 7.072249999999999925e-01 -8.710000000000000294e-04
1.600000000000000000e+01 1.160000000000000000e+02 1.600000000000000000e+01 0.000000000000000000e+00 1.600000000000000089e+00 -2.820000000000000241e-04 4.939999999999999730e-04 1.000000000000000000e+00 7.600949999999999651e-01 6.498129999999999740e-01 -1.060000000000000016e-04 -6.498119999999999452e-01 7.600940000000000474e-01 -5.590000000000000351e-04
2.000000000000000000e+01 1.160000000000000000e+02 1.600000000000000000e+01 0.000000000000000000e+00 1.600000000000000089e+00 3.029999999999999924e-04 -1.016999999999999892e-03 9.999989999999999712e-01 7.617329999999999934e-01 6.478909999999999947e-01 4.279999999999999950e-04 -6.478909999999999947e-01 7.617319999999999647e-01 9.709999999999999664e-04
8.000000000000000000e+00 2.000000000000000000e+00 1.900000000000000000e+01 0.000000000000000000e+00 1.600000000000000089e+00 5.381000000000000366e-03 1.603399999999999964e-02 -9.998569999999999958e-01 2.537610000000000143e-01 -9.671629999999999949e-01 -1.414400000000000032e-02 -9.672520000000000007e-01 -2.536490000000000133e-01 -9.272999999999999993e-03
1.600000000000000000e+01 2.000000000000000000e+00 1.900000000000000000e+01 0.000000000000000000e+00 1.600000000000000089e+00 -6.415999999999999828e-03 -2.566799999999999984e-02 -9.996500000000000385e-01 2.713169999999999749e-01 -9.622159999999999602e-01 2.296600000000000030e-02 -9.624690000000000190e-01 -2.710739999999999816e-01 1.313800000000000037e-02
2.400000000000000000e+01 2.000000000000000000e+00 1.900000000000000000e+01 0.000000000000000000e+00 1.600000000000000089e+00 7.721000000000000432e-03 -2.967600000000000099e-02 -9.995300000000000296e-01 2.608679999999999888e-01 -9.648870000000000502e-01 3.066299999999999928e-02 -9.653439999999999799e-01 -2.609819999999999918e-01 2.910000000000000260e-04
2.000000000000000000e+00 4.000000000000000000e+00 2.000000000000000000e+01 0.000000000000000000e+00 1.600000000000000089e+00 -7.759999999999999971e-04 1.117499999999999917e-02 -9.999369999999999647e-01 4.536769999999999969e-01 -8.911069999999999824e-01 -1.031100000000000072e-02 -8.911660000000000137e-01 -4.536560000000000037e-01 -4.377999999999999947e-03
5.000000000000000000e+00 1.300000000000000000e+01 2.000000000000000000e+01 0.000000000000000000e+00 1.600000000000000089e+00 -4.020000000000000136e-04 -2.445999999999999824e-03 9.999970000000000248e-01 2.616729999999999889e-01 9.651530000000000387e-01 2.465999999999999876e-03 -9.651560000000000139e-01 2.616729999999999889e-01 2.519999999999999996e-04
1.200000000000000000e+01 1.300000000000000000e+01 2.000000000000000000e+01 0.000000000000000000e+00 1.600000000000000089e+00 5.699999999999999772e-04 -4.910000000000000085e-04 1.000000000000000000e+00 2.590439999999999965e-01 9.658649999999999736e-01 3.269999999999999795e-04 -9.658649999999999736e-01 2.590439999999999965e-01 6.780000000000000002e-04
1.700000000000000000e+01 1.300000000000000000e+01 2.000000000000000000e+01 0.000000000000000000e+00 1.600000000000000089e+00 7.900000000000000121e-04 1.312999999999999931e-03 9.999989999999999712e-01 2.597249999999999837e-01 9.656820000000000404e-01 -1.472999999999999917e-03 -9.656820000000000404e-01 2.597260000000000124e-01 4.220000000000000118e-04
2.300000000000000000e+01 1.300000000000000000e+01 2.000000000000000000e+01 0.000000000000000000e+00 1.600000000000000089e+00 -6.849999999999999535e-04 -2.031999999999999952e-03 9.999980000000000535e-01 2.591840000000000255e-01 9.658250000000000446e-01 2.139999999999999975e-03 -9.658280000000000198e-01 2.591849999999999987e-01 -1.340000000000000045e-04
2.700000000000000000e+01 1.300000000000000000e+01 2.000000000000000000e+01 0.000000000000000000e+00 1.600000000000000089e+00 -2.750000000000000166e-04 -3.314999999999999804e-03 9.999940000000000495e-01 2.605950000000000211e-01 9.654430000000000511e-01 3.272000000000000169e-03 -9.654479999999999729e-01 2.605939999999999923e-01 5.980000000000000072e-04
5.000000000000000000e+00 3.000000000000000000e+00 2.500000000000000000e+01 0.000000000000000000e+00 1.600000000000000089e+00 -1.009900000000000034e-02 -1.476000000000000098e-03 9.999479999999999480e-01 -3.688199999999999812e-02 -9.993180000000000396e-01 -1.846999999999999901e-03 9.992689999999999628e-01 -3.689900000000000124e-02 1.003800000000000005e-02
1.100000000000000000e+01 3.000000000000000000e+00 2.500000000000000000e+01 0.000000000000000000e+00 1.600000000000000089e+00 -2.380000000000000117e-04 6.616000000000000353e-03 9.999780000000000335e-01 -3.330500000000000127e-02 -9.994229999999999503e-01 6.603999999999999627e-03 9.994450000000000278e-01 -3.330299999999999927e-02 4.580000000000000195e-04
2.100000000000000000e+01 3.000000000000000000e+00 2.500000000000000000e+01 0.000000000000000000e+00 1.600000000000000089e+00 -9.060000000000000128e-04 -4.937999999999999681e-03 9.999869999999999592e-01 -4.791299999999999726e-02 -9.988390000000000324e-01 -4.976000000000000388e-03 9.988510000000000444e-01 -4.791700000000000126e-02 6.689999999999999983e-04
2.700000000000000000e+01 3.000000000000000000e+00 2.500000000000000000e+01 0.000000000000000000e+00 1.600000000000000089e+00 -2.420000000000000005e-04 -1.461000000000000059e-03 9.999989999999999712e-01 -3.359100000000000280e-02 -9.994349999999999623e-01 -1.467999999999999904e-03 9.994359999999999911e-01 -3.359100000000000280e-02 1.930000000000000021e-04
3.000000000000000000e+01 3.000000000000000000e+00 2.500000000000000000e+01 0.000000000000000000e+00 1.600000000000000089e+00 -2.229999999999999994e-04 7.799999999999999859e-04 1.000000000000000000e+00 -2.917799999999999908e-02 -9.995739999999999625e-01 7.730000000000000326e-04 9.995739999999999625e-01 -2.917799999999999908e-02 2.460000000000000164e-04
1.500000000000000000e+01 4.600000000000000000e+01 3.000000000000000000e+01 0.000000000000000000e+00 1.600000000000000089e+00 -9.349999999999999587e-04 -1.054999999999999948e-03 -9.999989999999999712e-01 3.285179999999999767e-01 9.444970000000000310e-01 -1.302999999999999905e-03 9.444970000000000310e-01 -3.285190000000000055e-01 -5.360000000000000181e-04
2.100000000000000000e+01 4.600000000000000000e+01 3.000000000000000000e+01 0.000000000000000000e+00 1.600000000000000089e+00 2.171000000000000187e-03 1.355000000000000085e-03 -9.999970000000000248e-01 3.303780000000000050e-01 9.438469999999999915e-01 1.997000000000000077e-03 9.438459999999999628e-01 -3.303809999999999802e-01 1.601999999999999908e-03
8.000000000000000000e+00 5.800000000000000000e+01 3.100000000000000000e+01 0.000000000000000000e+00 1.600000000000000089e+00 4.240000000000000062e-04 4.924999999999999691e-03 9.999879999999999880e-01 -7.706340000000000412e-01 -6.372689999999999744e-01 3.465000000000000198e-03 6.372780000000000111e-01 -7.706260000000000332e-01 3.524999999999999922e-03
1.600000000000000000e+01 5.800000000000000000e+01 3.100000000000000000e+01 0.000000000000000000e+00 1.600000000000000089e+00 -1.536999999999999955e-03 -3.278999999999999797e-03 9.999930000000000208e-01 -7.669399999999999551e-01 -6.417100000000000026e-01 -3.282999999999999894e-03 6.417169999999999819e-01 -7.669399999999999551e-01 -1.528000000000000061e-03
2.000000000000000000e+01 5.800000000000000000e+01 3.100000000000000000e+01 0.000000000000000000e+00 1.600000000000000089e+00 -1.613999999999999983e-03 -3.883999999999999866e-03 9.999909999999999632e-01 -7.688880000000000159e-01 -6.393729999999999691e-01 -3.723999999999999880e-03 6.393820000000000059e-01 -7.688869999999999871e-01 -1.955000000000000140e-03
2.200000000000000000e+01 5.800000000000000000e+01 3.100000000000000000e+01 0.000000000000000000e+00 1.600000000000000089e+00 -1.237000000000000035e-03 -3.811000000000000151e-03 9.999919999999999920e-01 -7.693630000000000191e-01 -6.388030000000000097e-01 -3.386000000000000121e-03 6.388110000000000177e-01 -7.693609999999999616e-01 -2.141000000000000108e-03
2.000000000000000000e+00 4.600000000000000000e+01 3.500000000000000000e+01 0.000000000000000000e+00 1.600000000000000089e+00 9.569999999999999514e-04 -3.510000000000000099e-03 -9.999930000000000208e-01 3.921649999999999858e-01 -9.198880000000000390e-01 3.603999999999999999e-03 -9.198939999999999895e-01 -3.921660000000000146e-01 4.960000000000000216e-04
8.000000000000000000e+00 4.600000000000000000e+01 3.500000000000000000e+01 0.000000000000000000e+00 1.600000000000000089e+00 1.827999999999999981e-03 -1.231000000000000106e-03 -9.999980000000000535e-01 3.933530000000000082e-01 -9.193860000000000365e-01 1.850000000000000082e-03 -9.193860000000000365e-01 -3.933559999999999834e-01 -1.196000000000000014e-03
1.600000000000000000e+01 4.600000000000000000e+01 3.500000000000000000e+01 0.000000000000000000e+00 1.600000000000000089e+00 3.750000000000000078e-04 -1.041999999999999958e-03 -9.999989999999999712e-01 3.926950000000000163e-01 -9.196680000000000410e-01 1.105999999999999995e-03 -9.196689999999999587e-01 -3.926950000000000163e-01 6.499999999999999431e-05
2.000000000000000000e+01 4.600000000000000000e+01 3.500000000000000000e+01 0.000000000000000000e+00 1.600000000000000089e+00 -1.659999999999999963e-04 -1.041000000000000042e-03 -9.999989999999999712e-01 3.912479999999999847e-01 -9.202850000000000197e-01 8.930000000000000221e-04 -9.202850000000000197e-01 -3.912479999999999847e-01 5.599999999999999509e-04
2.700000000000000000e+01 4.600000000000000000e+01 3.500000000000000000e+01 0.000000000000000000e+00 1.600000000000000089e+00 1.700000000000000122e-04 -2.340000000000000066e-03 -9.999970000000000248e-01 3.894779999999999909e-01 -9.210329999999999906e-01 2.220999999999999884e-03 -9.210359999999999658e-01 -3.894770000000000176e-01 7.550000000000000287e-04
6.000000000000000000e+00 3.000000000000000000e+00 4.300000000000000000e+01 0.000000000000000000e+00 1.600000000000000089e+00 -3.319999999999999926e-04 -3.217099999999999821e-02 -9.994819999999999816e-01 7.444039999999999546e-01 -6.673919999999999852e-01 2.123399999999999940e-02 -6.677290000000000170e-01 -7.440120000000000067e-01 2.417000000000000051e-02
8.000000000000000000e+00 3.000000000000000000e+00 4.300000000000000000e+01 0.000000000000000000e+00 1.600000000000000089e+00 -4.054000000000000312e-03 -2.846900000000000125e-02 -9.995859999999999745e-01 7.481179999999999497e-01 -6.633759999999999657e-01 1.585999999999999910e-02 -6.635529999999999484e-01 -7.477449999999999930e-01 2.398799999999999891e-02
1.500000000000000000e+01 3.000000000000000000e+00 4.300000000000000000e+01 0.000000000000000000e+00 1.600000000000000089e+00 -9.990000000000001049e-04 2.320099999999999940e-02 -9.997300000000000075e-01 7.539280000000000426e-01 -6.567619999999999569e-01 -1.599599999999999980e-02 -6.569559999999999844e-01 -7.537409999999999943e-01 -1.683600000000000027e-02
2.200000000000000000e+01 3.000000000000000000e+00 4.300000000000000000e+01 0.000000000000000000e+00 1.600000000000000089e+00 -4.899999999999999842e-04 6.594000000000000035e-03 -9.999780000000000335e-01 7.408869999999999623e-01 -6.716130000000000155e-01 -4.791000000000000120e-03 -6.716299999999999493e-01 -7.408730000000000038e-01 -4.556000000000000154e-03
8.000000000000000000e+00 8.000000000000000000e+00 4.400000000000000000e+01 0.000000000000000000e+00 1.600000000000000089e+00 -4.974000000000000123e-03 -1.159600000000000040e-02 9.999200000000000310e-01 -7.839829999999999854e-01 -6.206829999999999847e-01 -1.109800000000000023e-02 6.207620000000000360e-01 -7.839760000000000062e-01 -6.002999999999999656e-03
1.500000000000000000e+01 8.000000000000000000e+00 4.400000000000000000e+01 0.000000000000000000e+00 1.600000000000000089e+00 2.344999999999999862e-03 5.292999999999999962e-03 9.999829999999999552e-01 -7.894039999999999946e-01 -6.138529999999999820e-01 5.100000000000000366e-03 6.138700000000000268e-01 -7.894029999999999658e-01 2.737999999999999982e-03
1.900000000000000000e+01 8.000000000000000000e+00 4.400000000000000000e+01 0.000000000000000000e+00 1.600000000000000089e+00 3.896000000000000157e-03 5.126999999999999613e-03 9.999789999999999512e-01 -7.897830000000000128e-01 -6.133539999999999548e-01 6.222000000000000100e-03 6.133739999999999748e-01 -7.897910000000000208e-01 1.660000000000000017e-03
2.300000000000000000e+01 8.000000000000000000e+00 4.400000000000000000e+01 0.000000000000000000e+00 1.600000000000000089e+00 2.138999999999999842e-03 3.838999999999999965e-03 9.999900000000000455e-01 -7.904330000000000522e-01 -6.125350000000000517e-01 4.042999999999999719e-03 6.125450000000000061e-01 -7.904339999999999700e-01 1.724000000000000055e-03
4.000000000000000000e+00 2.900000000000000000e+01 4.400000000000000000e+01 0.000000000000000000e+00 1.600000000000000089e+00 -2.557999999999999944e-03 8.429999999999999993e-04 -9.999959999999999960e-01 6.468669999999999698e-01 7.626020000000000021e-01 -1.012000000000000096e-03 7.625979999999999981e-01 -6.468679999999999986e-01 -2.495999999999999955e-03
9.000000000000000000e+00 2.900000000000000000e+01 4.400000000000000000e+01 0.000000000000000000e+00 1.600000000000000089e+00 1.056999999999999997e-03 -4.470000000000000232e-04 -9.999989999999999712e-01 6.517049999999999788e-01 7.584720000000000351e-01 3.499999999999999964e-04 7.584720000000000351e-01 -6.517049999999999788e-01 1.093000000000000005e-03
1.800000000000000000e+01 2.900000000000000000e+01 4.400000000000000000e+01 0.000000000000000000e+00 1.600000000000000089e+00 8.549999999999999658e-04 5.580000000000000107e-04 -1.000000000000000000e+00 6.568950000000000067e-01 7.539810000000000123e-01 9.820000000000000170e-04 7.539820000000000411e-01 -6.568960000000000354e-01 2.779999999999999811e-04
2.200000000000000000e+01 2.900000000000000000e+01 4.400000000000000000e+01 0.000000000000000000e+00 1.600000000000000089e+00 4.500000000000000283e-05 -9.139999999999999904e-04 -1.000000000000000000e+00 6.562170000000000503e-01 7.545720000000000205e-01 -6.599999999999999964e-04 7.545720000000000205e-01 -6.562170000000000503e-01 6.340000000000000149e-04
2.500000000000000000e+01 2.900000000000000000e+01 4.400000000000000000e+01 0.000000000000000000e+00 1.600000000000000089e+00 -1.180000000000000059e-03 -2.178999999999999947e-03 -9.999970000000000248e-01 6.544969999999999954e-01 7.560609999999999831e-01 -2.419999999999999842e-03 7.560639999999999583e-01 -6.544980000000000242e-01 5.349999999999999938e-04
2.800000000000000000e+01 6.500000000000000000e+01 4.600000000000000000e+01 0.000000000000000000e+00 1.600000000000000089e+00 2.441000000000000027e-03 -2.439999999999999895e-03 9.999940000000000495e-01 6.807210000000000205e-01 -7.325350000000000472e-01 -3.448999999999999809e-03 7.325390000000000512e-01 6.807250000000000245e-01 -1.269999999999999970e-04
1.100000000000000000e+01 7.000000000000000000e+01 4.700000000000000000e+01 0.000000000000000000e+00 1.600000000000000089e+00 1.843999999999999936e-03 -5.932999999999999906e-03 -9.999810000000000088e-01 -8.427639999999999576e-01 -5.382810000000000095e-01 1.639999999999999965e-03 -5.382799999999999807e-01 8.427449999999999664e-01 -5.993000000000000063e-03
2.000000000000000000e+00 5.000000000000000000e+00 5.100000000000000000e+01 0.000000000000000000e+00 1.600000000000000089e+00 -6.149999999999999868e-04 -8.610000000000000032e-04 -9.999989999999999712e-01 4.782910000000000217e-01 -8.782020000000000381e-01 4.620000000000000083e-04 -8.782010000000000094e-01 -4.782899999999999929e-01 9.520000000000000467e-04
6.000000000000000000e+00 5.000000000000000000e+00 5.100000000000000000e+01 0.000000000000000000e+00 1.600000000000000089e+00 -2.942000000000000171e-03 -1.455500000000000023e-02 -9.998899999999999455e-01 4.787259999999999849e-01 -8.778909999999999769e-01 1.136999999999999990e-02 -8.779599999999999627e-01 -4.786400000000000099e-01 9.549999999999999462e-03
1.200000000000000000e+01 5.000000000000000000e+00 5.100000000000000000e+01 0.000000000000000000e+00 1.600000000000000089e+00 1.925999999999999978e-03 5.086000000000000243e-03 -9.999850000000000128e-01 4.727899999999999880e-01 -8.811679999999999513e-01 -3.570999999999999956e-03 -8.811729999999999841e-01 -4.727759999999999740e-01 -4.101999999999999744e-03
2.300000000000000000e+01 5.000000000000000000e+00 5.100000000000000000e+01 0.000000000000000000e+00 1.600000000000000089e+00 6.729999999999999871e-04 8.529000000000000123e-03 -9.999630000000000463e-01 4.668419999999999792e-01 -8.843109999999999582e-01 -7.228000000000000050e-03 -8.843400000000000150e-01 -4.668200000000000127e-01 -4.577000000000000339e-03
1.400000000000000000e+01 1.150000000000000000e+02 5.100000000000000000e+01 0.000000000000000000e+00 1.600000000000000089e+00 6.560000000000000076e-04 2.320000000000000014e-04 1.000000000000000000e+00 8.484099999999999975e-01 -5.293400000000000327e-01 -4.339999999999999782e-04 5.293390000000000040e-01 8.484099999999999975e-01 -5.450000000000000200e-04
3.000000000000000000e+01 7.000000000000000000e+00 5.200000000000000000e+01 0.000000000000000000e+00 1.600000000000000089e+00 -1.477999999999999930e-03 5.749999999999999903e-03 -9.999820000000000375e-01 4.734800000000000120e-02 -9.988620000000000276e-01 -5.812999999999999591e-03 -9.988770000000000149e-01 -4.735500000000000126e-02 1.203999999999999992e-03
7.000000000000000000e+00 6.300000000000000000e+01 5.400000000000000000e+01 0.000000000000000000e+00 1.600000000000000089e+00 9.909999999999999105e-04 -5.270000000000000162e-04 9.999989999999999712e-01 -3.355259999999999909e-01 9.420309999999999517e-01 8.289999999999999843e-04 -9.420300000000000340e-01 -3.355259999999999909e-01 7.569999999999999689e-04
1.200000000000000000e+01 6.300000000000000000e+01 5.400000000000000000e+01 0.000000000000000000e+00 1.600000000000000089e+00 1.698000000000000074e-03 -9.049999999999999885e-04 9.999980000000000535e-01 -3.400460000000000149e-01 9.404080000000000217e-01 1.428999999999999932e-03 -9.404069999999999929e-01 -3.400480000000000169e-01 1.288999999999999998e-03
1.700000000000000000e+01 6.300000000000000000e+01 5.400000000000000000e+01 0.000000000000000000e+00 1.600000000000000089e+00 1.776000000000000018e-03 1.044999999999999922e-03 9.999980000000000535e-01 -3.463109999999999800e-01 9.381199999999999539e-01 -3.660000000000000059e-04 -9.381180000000000074e-01 -3.463089999999999780e-01 2.027999999999999855e-03
2.600000000000000000e+01 6.300000000000000000e+01 5.400000000000000000e+01 0.000000000000000000e+00 1.600000000000000089e+00 -7.370000000000000249e-04 -5.569999999999999864e-04 1.000000000000000000e+00 -3.484189999999999787e-01 9.373390000000000333e-01 2.649999999999999903e-04 -9.373380000000000045e-01 -3.484189999999999787e-01 -8.850000000000000444e-04
2.000000000000000000e+00 2.500000000000000000e+01 5.500000000000000000e+01 0.000000000000000000e+00 1.600000000000000089e+00 2.125999999999999852e-03 -3.095000000000000095e-03 -9.999930000000000208e-01 -1.218200000000000012e-02 -9.999209999999999487e-01 3.069000000000000113e-03 -9.999240000000000350e-01 1.217599999999999932e-02 -2.164000000000000125e-03
5.000000000000000000e+00 2.500000000000000000e+01 5.500000000000000000e+01 0.000000000000000000e+00 1.600000000000000089e+00 1.654000000000000088e-03 7.460000000000000268e-04 -9.999980000000000535e-01 -1.259700000000000056e-02 -9.999200000000000310e-01 -7.669999999999999951e-04 -9.999190000000000023e-01 1.259900000000000082e-02 -1.644000000000000062e-03
1.100000000000000000e+01 2.500000000000000000e+01 5.500000000000000000e+01 0.000000000000000000e+00 1.600000000000000089e+00 9.950000000000000077e-04 4.457000000000000024e-03 -9.999900000000000455e-01 -9.990999999999999881e-03 -9.999400000000000510e-01 -4.466999999999999617e-03 -9.999500000000000055e-01 9.995000000000000412e-03 -9.510000000000000224e-04
3.000000000000000000e+01 2.500000000000000000e+01 5.500000000000000000e+01 0.000000000000000000e+00 1.600000000000000089e+00 2.040999999999999846e-03 -3.661999999999999891e-03 -9.999909999999999632e-01 -2.065799999999999928e-02 -9.997800000000000020e-01 3.618999999999999821e-03 -9.997850000000000348e-01 2.065000000000000169e-02 -2.115999999999999825e-03
9.000000000000000000e+00 2.100000000000000000e+01 6.000000000000000000e+01 0.000000000000000000e+00 1.600000000000000089e+00 1.930000000000000021e-04 -1.624999999999999925e-03 9.999989999999999712e-01 -9.524100000000000621e-02 9.954530000000000323e-01 1.636000000000000084e-03 -9.954539999999999500e-01 -9.524100000000000621e-02 3.800000000000000209e-05
1.300000000000000000e+01 2.100000000000000000e+01 6.000000000000000000e+01 0.000000000000000000e+00 1.600000000000000089e+00 -7.730000000000000326e-04 -5.749999999999999903e-04 1.000000000000000000e+00 -9.469500000000000139e-02 9.955060000000000020e-01 4.989999999999999861e-04 -9.955060000000000020e-01 -9.469400000000000039e-02 -8.239999999999999712e-04
1.600000000000000000e+01 2.100000000000000000e+01 6.000000000000000000e+01 0.000000000000000000e+00 1.600000000000000089e+00 -1.739000000000000094e-03 -3.642999999999999971e-03 9.999919999999999920e-01 -9.550200000000000355e-02 9.954229999999999468e-01 3.459999999999999968e-03 -9.954279999999999795e-01 -9.549499999999999655e-02 -2.079000000000000119e-03
2.000000000000000000e+01 2.100000000000000000e+01 6.000000000000000000e+01 0.000000000000000000e+00 1.600000000000000089e+00 -3.420000000000000188e-04 2.150000000000000001e-03 9.999980000000000535e-01 -9.551900000000000668e-02 9.954250000000000043e-01 -2.173000000000000018e-03 -9.954279999999999795e-01 -9.551900000000000668e-02 -1.350000000000000017e-04
2.200000000000000000e+01 2.100000000000000000e+01 6.000000000000000000e+01 0.000000000000000000e+00 1.600000000000000089e+00 7.910000000000000364e-04 5.046000000000000138e-03 9.999869999999999592e-01 -9.461799999999999378e-02 9.955009999999999692e-01 -4.948000000000000141e-03 -9.955129999999999812e-01 -9.461300000000000265e-02 1.265000000000000065e-03
5.000000000000000000e+00 6.700000000000000000e+01 6.000000000000000000e+01 0.000000000000000000e+00 1.600000000000000089e+00 -1.464000000000000024e-03 -3.664999999999999855e-03 9.999919999999999920e-01 1.748899999999999899e-01 -9.845819999999999572e-01 -3.353000000000000078e-03 9.845869999999999900e-01 1.748840000000000117e-01 2.082000000000000083e-03
2.800000000000000000e+01 6.700000000000000000e+01 6.000000000000000000e+01 0.000000000000000000e+00 1.600000000000000089e+00 -1.779999999999999898e-03 -2.905000000000000030e-03 9.999940000000000495e-01 1.752080000000000026e-01 -9.845279999999999587e-01 -2.547999999999999918e-03 9.845300000000000162e-01 1.752019999999999966e-01 2.262000000000000122e-03
1.000000000000000000e+01 6.000000000000000000e+00 6.100000000000000000e+01 0.000000000000000000e+00 1.600000000000000089e+00 1.634999999999999952e-03 -9.499999999999999764e-03 9.999540000000000095e-01 5.661869999999999958e-01 -8.242300000000000182e-01 -8.756999999999999160e-03 8.242749999999999799e-01 5.661749999999999838e-01 4.030999999999999861e-03
2.400000000000000000e+01 6.000000000000000000e+00 6.100000000000000000e+01 0.000000000000000000e+00 1.600000000000000089e+00 -1.384999999999999946e-03 1.314300000000000017e-02 9.999130000000000518e-01 5.704960000000000031e-01 -8.212190000000000323e-01 1.158400000000000055e-02 8.212990000000000013e-01 5.704620000000000246e-01 -6.360000000000000202e-03
2.900000000000000000e+01 6.000000000000000000e+00 6.100000000000000000e+01 0.000000000000000000e+00 1.600000000000000089e+00 -5.225999999999999743e-03 -2.798000000000000140e-03 9.999820000000000375e-01 5.696769999999999889e-01 -8.218680000000000430e-01 6.780000000000000002e-04 8.218520000000000270e-01 5.696710000000000385e-01 5.889000000000000137e-03
6.000000000000000000e+00 2.700000000000000000e+01 6.300000000000000000e+01 0.000000000000000000e+00 1.600000000000000089e+00 -5.689999999999999529e-04 3.400000000000000244e-04 1.000000000000000000e+00 -2.788379999999999748e-01 9.603380000000000249e-01 -4.850000000000000253e-04 -9.603380000000000249e-01 -2.788379999999999748e-01 -4.519999999999999821e-04
