1.700000000000000000e+01 2.500000000000000000e+01 1.000000000000000000e+00 0.000000000000000000e+00 1.600000000000000089e+00 3.591000000000000008e-03 3.348999999999999980e-03 -9.999879999999999880e-01 -5.434870000000000534e-01 -8.394040000000000390e-01 -4.762999999999999873e-03 -8.394099999999999895e-01 5.434970000000000079e-01 -1.193999999999999966e-03
1.300000000000000000e+01 1.500000000000000000e+01 4.000000000000000000e+00 0.000000000000000000e+00 1.600000000000000089e+00 -8.689999999999999808e-04 3.599000000000000202e-03 9.999930000000000208e-01 2.862569999999999837e-01 -9.581460000000000532e-01 3.697000000000000199e-03 9.581530000000000324e-01 2.862580000000000124e-01 -1.969999999999999909e-04
2.500000000000000000e+01 1.500000000000000000e+01 4.000000000000000000e+00 0.000000000000000000e+00 1.600000000000000089e+00 2.115000000000000126e-03 4.499999999999999660e-03 9.999879999999999880e-01 2.912879999999999914e-01 -9.566280000000000339e-01 3.689000000000000005e-03 9.566329999999999556e-01 2.912759999999999794e-01 -3.334000000000000158e-03
1.000000000000000000e+01 1.600000000000000000e+01 4.000000000000000000e+00 0.000000000000000000e+00 1.600000000000000089e+00 -5.045000000000000005e-03 -7.870000000000000476e-04 9.999869999999999592e-01 3.550949999999999940e-01 -9.348300000000000498e-01 1.054999999999999948e-03 9.348170000000000091e-01 3.550960000000000227e-01 4.995000000000000308e-03
1.500000000000000000e+01 1.600000000000000000e+01 4.000000000000000000e+00 0.000000000000000000e+00 1.600000000000000089e+00 -4.840000000000000010e-04 5.616000000000000332e-03 9.999839999999999840e-01 3.520690000000000208e-01 -9.359589999999999854e-01 5.427000000000000400e-03 9.359739999999999727e-01 3.520659999999999901e-01 -1.523999999999999964e-03
1.900000000000000000e+01 1.600000000000000000e+01 4.000000000000000000e+00 0.000000000000000000e+00 1.600000000000000089e+00 -8.059999999999999673e-04 4.466000000000000351e-03 9.999900000000000455e-01 3.529519999999999880e-01 -9.356309999999999905e-01 4.462999999999999953e-03 9.356409999999999449e-01 3.529519999999999880e-01 -8.220000000000000310e-04
2.800000000000000000e+01 1.600000000000000000e+01 4.000000000000000000e+00 0.000000000000000000e+00 1.600000000000000089e+00 2.210000000000000050e-04 8.857000000000000289e-03 9.999609999999999888e-01 3.582290000000000196e-01 -9.335980000000000389e-01 8.189999999999999364e-03 9.336339999999999639e-01 3.582130000000000036e-01 -3.379000000000000059e-03
4.000000000000000000e+00 1.010000000000000000e+02 7.000000000000000000e+00 0.000000000000000000e+00 1.600000000000000089e+00 -1.103000000000000031e-03 -2.541999999999999989e-03 9.999959999999999960e-01 8.830909999999999593e-01 4.691960000000000020e-01 2.165999999999999957e-03 -4.692000000000000060e-01 8.830900000000000416e-01 1.727999999999999935e-03
1.100000000000000000e+01 1.010000000000000000e+02 7.000000000000000000e+00 0.000000000000000000e+00 1.600000000000000089e+00 7.590000000000000175e-04 -8.040999999999999537e-03 9.999670000000000503e-01 8.874410000000000354e-01 4.609110000000000151e-01 3.033000000000000106e-03 -4.609199999999999964e-01 8.874100000000000321e-01 7.485000000000000334e-03
1.600000000000000000e+01 1.010000000000000000e+02 7.000000000000000000e+00 0.000000000000000000e+00 1.600000000000000089e+00 -8.069999999999999916e-04 7.237000000000000377e-03 9.999740000000000295e-01 8.881470000000000198e-01 4.595520000000000160e-01 -2.609000000000000208e-03 -4.595580000000000220e-01 8.881219999999999670e-01 -6.798000000000000223e-03
2.100000000000000000e+01 1.010000000000000000e+02 7.000000000000000000e+00 0.000000000000000000e+00 1.600000000000000089e+00 -2.073999999999999889e-03 -5.165999999999999585e-03 9.999850000000000128e-01 8.890519999999999534e-01 4.577869999999999995e-01 4.209000000000000068e-03 -4.578019999999999867e-01 8.890470000000000317e-01 3.642999999999999971e-03
2.600000000000000000e+01 1.010000000000000000e+02 7.000000000000000000e+00 0.000000000000000000e+00 1.600000000000000089e+00 1.737000000000000046e-03 -8.463000000000000037e-03 9.999630000000000463e-01 8.862160000000000037e-01 4.632660000000000111e-01 2.380999999999999870e-03 -4.632689999999999864e-01 8.861790000000000500e-01 8.304999999999999882e-03
7.000000000000000000e+00 1.500000000000000000e+01 8.000000000000000000e+00 0.000000000000000000e+00 1.600000000000000089e+00 2.858999999999999996e-03 -3.004999999999999859e-03 -9.999909999999999632e-01 -5.874810000000000310e-01 -8.092380000000000129e-01 7.519999999999999558e-04 -8.092329999999999801e-01 5.874730000000000230e-01 -4.079000000000000160e-03
1.300000000000000000e+01 1.500000000000000000e+01 8.000000000000000000e+00 0.000000000000000000e+00 1.600000000000000089e+00 2.583999999999999925e-03 7.147999999999999840e-03 -9.999710000000000543e-01 -5.839480000000000226e-01 -8.117579999999999796e-01 -7.311999999999999923e-03 -8.117870000000000363e-01 5.839499999999999691e-01 2.076999999999999853e-03
2.000000000000000000e+01 1.500000000000000000e+01 8.000000000000000000e+00 0.000000000000000000e+00 1.600000000000000089e+00 1.886000000000000090e-03 2.756999999999999902e-03 -9.999940000000000495e-01 -5.842509999999999648e-01 -8.115660000000000096e-01 -3.338999999999999954e-03 -8.115710000000000424e-01 5.842540000000000511e-01 8.000000000000000654e-05
2.300000000000000000e+01 1.500000000000000000e+01 8.000000000000000000e+00 0.000000000000000000e+00 1.600000000000000089e+00 -5.730000000000000501e-04 1.732000000000000033e-03 -9.999980000000000535e-01 -5.849499999999999700e-01 -8.110680000000000112e-01 -1.069000000000000072e-03 -8.110690000000000399e-01 5.849490000000000522e-01 1.477999999999999930e-03
2.800000000000000000e+01 1.500000000000000000e+01 8.000000000000000000e+00 0.000000000000000000e+00 1.600000000000000089e+00 2.573000000000000200e-03 8.439999999999999586e-03 -9.999609999999999888e-01 -5.856860000000000399e-01 -8.104949999999999655e-01 -8.347999999999999518e-03 -8.105339999999999767e-01 5.856850000000000112e-01 2.857999999999999863e-03
1.400000000000000000e+01 2.600000000000000000e+01 8.000000000000000000e+00 0.000000000000000000e+00 1.600000000000000089e+00 -3.833000000000000036e-03 -1.408099999999999977e-02 -9.998930000000000318e-01 4.076159999999999783e-01 9.130399999999999627e-01 -1.442000000000000053e-02 9.131460000000000132e-01 -4.076279999999999903e-01 2.239999999999999804e-03
1.800000000000000000e+01 2.600000000000000000e+01 8.000000000000000000e+00 0.000000000000000000e+00 1.600000000000000089e+00 -2.164000000000000125e-03 -6.991999999999999951e-03 -9.999730000000000008e-01 4.087939999999999907e-01 9.125980000000000203e-01 -7.265999999999999889e-03 9.126239999999999908e-01 -4.087979999999999947e-01 8.829999999999999958e-04
2.400000000000000000e+01 2.600000000000000000e+01 8.000000000000000000e+00 0.000000000000000000e+00 1.600000000000000089e+00 -8.339999999999999974e-04 3.275000000000000133e-03 -9.999940000000000495e-01 4.090300000000000047e-01 9.125170000000000226e-01 2.647000000000000047e-03 9.125199999999999978e-01 -4.090260000000000007e-01 -2.099999999999999870e-03
5.000000000000000000e+00 2.400000000000000000e+01 9.000000000000000000e+00 0.000000000000000000e+00 1.600000000000000089e+00 -1.799000000000000035e-03 1.301999999999999989e-03 -9.999980000000000535e-01 4.595460000000000100e-01 8.881539999999999990e-01 3.289999999999999739e-04 8.881520000000000525e-01 -4.595440000000000080e-01 -2.196000000000000035e-03
8.000000000000000000e+00 2.400000000000000000e+01 9.000000000000000000e+00 0.000000000000000000e+00 1.600000000000000089e+00 -2.222000000000000017e-03 -3.118000000000000112e-03 -9.999930000000000208e-01 4.594829999999999748e-01 8.881780000000000230e-01 -3.789999999999999966e-03 8.881839999999999735e-01 -4.594880000000000075e-01 -5.410000000000000312e-04
1.300000000000000000e+01 2.400000000000000000e+01 9.000000000000000000e+00 0.000000000000000000e+00 1.600000000000000089e+00 -4.176000000000000024e-03 -1.633000000000000076e-02 -9.998580000000000245e-01 4.590239999999999876e-01 8.882719999999999505e-01 -1.642400000000000110e-02 8.884140000000000370e-01 -4.590270000000000183e-01 3.787000000000000002e-03
2.000000000000000000e+01 2.400000000000000000e+01 9.000000000000000000e+00 0.000000000000000000e+00 1.600000000000000089e+00 -1.855000000000000095e-03 -2.651000000000000145e-03 -9.999949999999999672e-01 4.619779999999999998e-01 8.868859999999999522e-01 -3.207999999999999914e-03 8.868890000000000384e-01 -4.619820000000000038e-01 -4.200000000000000174e-04
2.900000000000000000e+01 2.400000000000000000e+01 9.000000000000000000e+00 0.000000000000000000e+00 1.600000000000000089e+00 -1.758999999999999930e-03 -1.183999999999999940e-03 -9.999980000000000535e-01 4.634530000000000038e-01 8.861189999999999900e-01 -1.863999999999999988e-03 8.861200000000000188e-01 -4.634559999999999791e-01 -1.010000000000000047e-03
2.700000000000000000e+01 5.000000000000000000e+00 1.200000000000000000e+01 0.000000000000000000e+00 1.600000000000000089e+00 2.198500000000000107e-02 -1.867860000000000076e-01 9.821550000000000002e-01 -2.372620000000000007e-01 9.533519999999999772e-01 1.866190000000000071e-01 -9.711969999999999770e-01 -2.371300000000000074e-01 -2.335800000000000029e-02
1.700000000000000000e+01 3.100000000000000000e+01 1.200000000000000000e+01 0.000000000000000000e+00 1.600000000000000089e+00 -8.400000000000000348e-04 -1.851999999999999914e-03 9.999980000000000535e-01 -2.348700000000000093e-02 9.997219999999999995e-01 1.832000000000000078e-03 -9.997239999999999460e-01 -2.348599999999999993e-02 -8.829999999999999958e-04
2.200000000000000000e+01 3.500000000000000000e+01 1.200000000000000000e+01 0.000000000000000000e+00 1.600000000000000089e+00 1.299999999999999940e-03 -5.223000000000000212e-03 -9.999850000000000128e-01 4.695489999999999942e-01 -8.828909999999999814e-01 5.222000000000000079e-03 -8.829050000000000509e-01 -4.695489999999999942e-01 1.304999999999999953e-03
2.800000000000000000e+01 3.500000000000000000e+01 1.200000000000000000e+01 0.000000000000000000e+00 1.600000000000000089e+00 6.880000000000000265e-04 -6.080999999999999600e-03 -9.999810000000000088e-01 4.479830000000000201e-01 -8.940230000000000121e-01 5.745000000000000107e-03 -8.940420000000000034e-01 -4.479790000000000161e-01 2.109000000000000197e-03
2.500000000000000000e+01 4.000000000000000000e+00 1.300000000000000000e+01 0.000000000000000000e+00 1.600000000000000089e+00 6.279999999999999775e-04 -2.191200000000000092e-01 9.756979999999999542e-01 -1.026429999999999981e-01 9.705300000000000038e-01 2.180249999999999966e-01 -9.947179999999999911e-01 -1.002860000000000001e-01 -2.188199999999999867e-02
3.000000000000000000e+00 3.200000000000000000e+01 1.400000000000000000e+01 0.000000000000000000e+00 1.600000000000000089e+00 1.670999999999999959e-03 2.795000000000000175e-03 -9.999949999999999672e-01 1.123139999999999972e-01 9.936679999999999957e-01 2.965000000000000187e-03 9.936709999999999710e-01 -1.123190000000000022e-01 1.345999999999999974e-03
1.000000000000000000e+01 3.200000000000000000e+01 1.400000000000000000e+01 0.000000000000000000e+00 1.600000000000000089e+00 -2.418000000000000010e-03 -4.886999999999999851e-03 -9.999850000000000128e-01 1.121739999999999959e-01 9.936749999999999750e-01 -5.126999999999999613e-03 9.936859999999999582e-01 -1.121840000000000059e-01 -1.855000000000000095e-03
1.000000000000000000e+00 1.200000000000000000e+01 1.500000000000000000e+01 0.000000000000000000e+00 1.600000000000000089e+00 3.157000000000000084e-03 2.370999999999999844e-03 -9.999919999999999920e-01 -4.695630000000000082e-01 -8.828920000000000101e-01 -3.576000000000000185e-03 -8.828930000000000389e-01 4.695710000000000162e-01 -1.673999999999999924e-03
7.000000000000000000e+00 1.200000000000000000e+01 1.500000000000000000e+01 0.000000000000000000e+00 1.600000000000000089e+00 2.770000000000000110e-04 -1.691999999999999928e-03 -9.999989999999999712e-01 -4.688220000000000165e-01 -8.832910000000000483e-01 1.364999999999999894e-03 -8.832919999999999661e-01 4.688209999999999877e-01 -1.038000000000000077e-03
1.100000000000000000e+01 1.200000000000000000e+01 1.500000000000000000e+01 0.000000000000000000e+00 1.600000000000000089e+00 3.559999999999999797e-04 -1.459999999999999981e-04 -1.000000000000000000e+00 -4.679220000000000046e-01 -8.837699999999999445e-01 -3.800000000000000209e-05 -8.837699999999999445e-01 4.679220000000000046e-01 -3.829999999999999854e-04
1.800000000000000000e+01 1.200000000000000000e+01 1.500000000000000000e+01 0.000000000000000000e+00 1.600000000000000089e+00 2.712000000000000001e-03 -9.060000000000000128e-04 -9.999959999999999960e-01 -4.677020000000000066e-01 -8.838859999999999495e-01 -4.679999999999999915e-04 -8.838819999999999455e-01 4.677009999999999779e-01 -2.821000000000000157e-03
2.100000000000000000e+01 1.200000000000000000e+01 1.500000000000000000e+01 0.000000000000000000e+00 1.600000000000000089e+00 2.475999999999999902e-03 -4.260000000000000006e-04 -9.999970000000000248e-01 -4.680219999999999936e-01 -8.837169999999999748e-01 -7.820000000000000345e-04 -8.837129999999999708e-01 4.680219999999999936e-01 -2.387999999999999932e-03
2.300000000000000000e+01 1.200000000000000000e+01 1.500000000000000000e+01 0.000000000000000000e+00 1.600000000000000089e+00 1.498999999999999898e-03 -4.470000000000000232e-04 -9.999989999999999712e-01 -4.682499999999999996e-01 -8.835960000000000480e-01 -3.069999999999999812e-04 -8.835950000000000193e-01 4.682499999999999996e-01 -1.533999999999999990e-03
3.000000000000000000e+01 1.200000000000000000e+01 1.500000000000000000e+01 0.000000000000000000e+00 1.600000000000000089e+00 1.258000000000000004e-03 8.880000000000000089e-04 -9.999989999999999712e-01 -4.675110000000000099e-01 -8.839860000000000495e-01 -1.373000000000000088e-03 -8.839860000000000495e-01 4.675119999999999831e-01 -6.960000000000000041e-04
7.000000000000000000e+00 1.100000000000000000e+01 1.600000000000000000e+01 0.000000000000000000e+00 1.600000000000000089e+00 -1.479999999999999925e-04 -3.890000000000000228e-04 -1.000000000000000000e+00 -4.212409999999999766e-01 -9.069490000000000052e-01 4.150000000000000043e-04 -9.069490000000000052e-01 4.212409999999999766e-01 -3.000000000000000076e-05
1.100000000000000000e+01 1.100000000000000000e+01 1.600000000000000000e+01 0.000000000000000000e+00 1.600000000000000089e+00 9.600000000000000243e-05 4.189999999999999931e-04 -1.000000000000000000e+00 -4.202779999999999849e-01 -9.073949999999999516e-01 -4.200000000000000174e-04 -9.073949999999999516e-01 4.202779999999999849e-01 8.899999999999999491e-05
1.400000000000000000e+01 1.100000000000000000e+01 1.600000000000000000e+01 0.000000000000000000e+00 1.600000000000000089e+00 1.642999999999999929e-03 -1.659999999999999963e-04 -9.999989999999999712e-01 -4.194330000000000003e-01 -9.077859999999999818e-01 -5.379999999999999583e-04 -9.077849999999999531e-01 4.194330000000000003e-01 -1.561000000000000104e-03
2.000000000000000000e+01 1.100000000000000000e+01 1.600000000000000000e+01 0.000000000000000000e+00 1.600000000000000089e+00 2.284000000000000006e-03 5.630000000000000239e-04 -9.999970000000000248e-01 -4.203509999999999747e-01 -9.073600000000000554e-01 -1.471000000000000085e-03 -9.073590000000000266e-01 4.203529999999999767e-01 -1.835999999999999958e-03
4.000000000000000000e+00 1.160000000000000000e+02 1.600000000000000000e+01 0.000000000000000000e+00 1.600000000000000089e+00 1.427000000000000100e-03 7.240000000000000342e-04 9.999989999999999712e-01 7.094740000000000490e-01 7.047299999999999676e-01 -1.523000000000000048e-03 -7.047299999999999676e-01 7.094749999999999668e-01 4.910000000000000085e-04
8.000000000000000000e+00 1.160000000000000000e+02 1.600000000000000000e+01 0.000000000000000000e+00 1.600000000000000089e+00 -1.722999999999999922e-03 -1.877999999999999895e-03 9.999970000000000248e-01 6.967860000000000165e-01 7.172749999999999959e-01 2.547999999999999918e-03 -7.172770000000000534e-01 6.967879999999999630e-01 7.299999999999999903e-05
1.700000000000000000e+01 1.160000000000000000e+02 1.600000000000000000e+01 0.000000000000000000e+00 1.600000000000000089e+00 9.810000000000001011e-04 1.525000000000000097e-03 9.999980000000000535e-01 7.343460000000000543e-01 6.787729999999999597e-01 -1.755999999999999965e-03 -6.787739999999999885e-01 7.343469999999999720e-01 -4.539999999999999765e-04
2.900000000000000000e+01 1.160000000000000000e+02 1.600000000000000000e+01 0.000000000000000000e+00 1.600000000000000089e+00 -4.846999999999999746e-03 -5.505000000000000344e-03 9.999730000000000008e-01 7.051220000000000265e-01 7.090480000000000116e-01 7.322000000000000383e-03 -7.090689999999999493e-01 7.051389999999999603e-01 4.449999999999999746e-04
2.000000000000000000e+00 2.000000000000000000e+00 1.900000000000000000e+01 0.000000000000000000e+00 1.600000000000000089e+00 1.681999999999999901e-03 -9.426999999999999616e-03 -9.999540000000000095e-01 1.840100000000000069e-01 -9.828780000000000294e-01 9.575000000000000178e-03 -9.829229999999999912e-01 -1.840179999999999871e-01 8.200000000000000095e-05
6.000000000000000000e+00 2.000000000000000000e+00 1.900000000000000000e+01 0.000000000000000000e+00 1.600000000000000089e+00 -1.884999999999999957e-03 4.296000000000000339e-03 -9.999890000000000168e-01 1.794040000000000079e-01 -9.837650000000000006e-01 -4.564000000000000348e-03 -9.837740000000000373e-01 -1.794099999999999862e-01 1.083999999999999894e-03
1.000000000000000000e+01 2.000000000000000000e+00 1.900000000000000000e+01 0.000000000000000000e+00 1.600000000000000089e+00 -2.906000000000000163e-03 4.338999999999999975e-03 -9.999860000000000415e-01 1.735540000000000138e-01 -9.848130000000000495e-01 -4.776999999999999996e-03 -9.848200000000000287e-01 -1.735659999999999981e-01 2.109000000000000197e-03
1.600000000000000000e+01 2.000000000000000000e+00 1.900000000000000000e+01 0.000000000000000000e+00 1.600000000000000089e+00 -1.959999999999999937e-03 9.190000000000000252e-03 -9.999559999999999560e-01 1.750960000000000016e-01 -9.845070000000000210e-01 -9.391000000000000042e-03 -9.845490000000000075e-01 -1.751070000000000126e-01 3.200000000000000262e-04
2.100000000000000000e+01 2.000000000000000000e+00 1.900000000000000000e+01 0.000000000000000000e+00 1.600000000000000089e+00 -8.633000000000000049e-03 2.396600000000000119e-02 -9.996760000000000090e-01 1.850580000000000003e-01 -9.824060000000000015e-01 -2.514999999999999875e-02 -9.826899999999999524e-01 -1.852149999999999908e-01 4.047000000000000250e-03
5.000000000000000000e+00 4.000000000000000000e+00 2.000000000000000000e+01 0.000000000000000000e+00 1.600000000000000089e+00 -1.603999999999999957e-03 -7.560000000000000530e-04 -9.999980000000000535e-01 2.716330000000000133e-01 -9.624009999999999510e-01 2.919999999999999961e-04 -9.624000000000000332e-01 -2.716319999999999846e-01 1.748999999999999904e-03
9.000000000000000000e+00 4.000000000000000000e+00 2.000000000000000000e+01 0.000000000000000000e+00 1.600000000000000089e+00 -2.952999999999999896e-03 4.644999999999999823e-03 -9.999850000000000128e-01 2.615410000000000235e-01 -9.651779999999999804e-01 -5.256000000000000255e-03 -9.651880000000000459e-01 -2.615520000000000067e-01 1.634999999999999952e-03
1.300000000000000000e+01 4.000000000000000000e+00 2.000000000000000000e+01 0.000000000000000000e+00 1.600000000000000089e+00 5.349999999999999938e-04 1.669999999999999935e-04 -1.000000000000000000e+00 2.533929999999999794e-01 -9.673629999999999729e-01 -2.599999999999999840e-05 -9.673629999999999729e-01 -2.533929999999999794e-01 -5.599999999999999509e-04
3.000000000000000000e+00 1.300000000000000000e+01 2.000000000000000000e+01 0.000000000000000000e+00 1.600000000000000089e+00 6.989999999999999686e-04 1.064000000000000059e-03 9.999989999999999712e-01 2.535680000000000156e-01 9.673169999999999824e-01 -1.206000000000000041e-03 -9.673169999999999824e-01 2.535689999999999888e-01 4.060000000000000024e-04
6.000000000000000000e+00 1.300000000000000000e+01 2.000000000000000000e+01 0.000000000000000000e+00 1.600000000000000089e+00 -4.600000000000000004e-05 -1.165000000000000020e-03 9.999989999999999712e-01 2.522849999999999815e-01 9.676519999999999566e-01 1.139000000000000038e-03 -9.676529999999999854e-01 2.522849999999999815e-01 2.500000000000000052e-04
1.000000000000000000e+01 1.300000000000000000e+01 2.000000000000000000e+01 0.000000000000000000e+00 1.600000000000000089e+00 -2.039999999999999984e-04 -1.835999999999999958e-03 9.999980000000000535e-01 2.531120000000000037e-01 9.674350000000000449e-01 1.827999999999999981e-03 -9.674369999999999914e-01 2.531120000000000037e-01 2.680000000000000090e-04
1.400000000000000000e+01 1.300000000000000000e+01 2.000000000000000000e+01 0.000000000000000000e+00 1.600000000000000089e+00 -2.840000000000000185e-04 -3.118999999999999811e-03 9.999949999999999672e-01 2.536849999999999938e-01 9.672819999999999752e-01 3.089000000000000166e-03 -9.672870000000000079e-01 2.536840000000000206e-01 5.159999999999999656e-04
2.000000000000000000e+01 1.300000000000000000e+01 2.000000000000000000e+01 0.000000000000000000e+00 1.600000000000000089e+00 -6.200000000000000270e-05 -6.093999999999999591e-03 9.999810000000000088e-01 2.506419999999999759e-01 9.680619999999999781e-01 5.915000000000000119e-03 -9.680800000000000516e-01 2.506380000000000274e-01 1.466999999999999988e-03
2.600000000000000000e+01 1.300000000000000000e+01 2.000000000000000000e+01 0.000000000000000000e+00 1.600000000000000089e+00 -5.029999999999999749e-04 -4.891000000000000382e-03 9.999879999999999880e-01 2.476540000000000130e-01 9.688360000000000305e-01 4.863000000000000135e-03 -9.688480000000000425e-01 2.476530000000000120e-01 7.240000000000000342e-04
2.000000000000000000e+00 1.600000000000000000e+01 2.100000000000000000e+01 0.000000000000000000e+00 1.600000000000000089e+00 -1.359999999999999989e-04 4.978999999999999919e-03 9.999879999999999880e-01 2.985949999999999993e-01 9.543679999999999941e-01 -4.710999999999999910e-03 -9.543800000000000061e-01 2.985909999999999953e-01 -1.616999999999999948e-03
1.100000000000000000e+01 1.600000000000000000e+01 2.100000000000000000e+01 0.000000000000000000e+00 1.600000000000000089e+00 4.229999999999999819e-04 6.629999999999999609e-04 1.000000000000000000e+00 3.003520000000000079e-01 9.538280000000000092e-01 -7.590000000000000175e-04 -9.538280000000000092e-01 3.003529999999999811e-01 2.049999999999999956e-04
1.700000000000000000e+01 1.600000000000000000e+01 2.100000000000000000e+01 0.000000000000000000e+00 1.600000000000000089e+00 -4.800000000000000122e-04 -4.015999999999999605e-03 9.999919999999999920e-01 2.993739999999999735e-01 9.541269999999999474e-01 3.976000000000000367e-03 -9.541359999999999841e-01 2.993739999999999735e-01 7.450000000000000025e-04
2.000000000000000000e+01 1.600000000000000000e+01 2.100000000000000000e+01 0.000000000000000000e+00 1.600000000000000089e+00 -6.139999999999999625e-04 -9.192000000000000517e-03 9.999580000000000135e-01 2.994390000000000107e-01 9.540739999999999776e-01 8.954000000000000153e-03 -9.541150000000000464e-01 2.994310000000000027e-01 2.167000000000000089e-03
2.500000000000000000e+01 1.600000000000000000e+01 2.100000000000000000e+01 0.000000000000000000e+00 1.600000000000000089e+00 -1.224999999999999960e-03 -6.408999999999999767e-03 9.999789999999999512e-01 2.987029999999999963e-01 9.543239999999999501e-01 6.481999999999999915e-03 -9.543449999999999989e-01 2.987049999999999983e-01 7.450000000000000025e-04
2.300000000000000000e+01 5.000000000000000000e+01 2.200000000000000000e+01 0.000000000000000000e+00 1.600000000000000089e+00 -3.739999999999999835e-04 -3.194999999999999923e-03 -9.999949999999999672e-01 -5.800170000000000048e-01 8.146010000000000195e-01 -2.386000000000000100e-03 8.146039999999999948e-01 5.800130000000000008e-01 -2.158000000000000196e-03
2.000000000000000000e+00 3.000000000000000000e+00 2.500000000000000000e+01 0.000000000000000000e+00 1.600000000000000089e+00 3.654999999999999829e-03 -4.334000000000000179e-03 9.999839999999999840e-01 -2.523399999999999949e-02 -9.996730000000000338e-01 -4.239999999999999845e-03 9.996749999999999803e-01 -2.521800000000000083e-02 -3.762999999999999852e-03
5.000000000000000000e+00 3.000000000000000000e+00 2.500000000000000000e+01 0.000000000000000000e+00 1.600000000000000089e+00 2.501000000000000185e-03 5.395999999999999755e-03 9.999820000000000375e-01 -2.136100000000000151e-02 -9.997570000000000068e-01 5.447999999999999718e-03 9.997690000000000188e-01 -2.137500000000000164e-02 -2.384999999999999967e-03
4.000000000000000000e+00 4.600000000000000000e+01 2.700000000000000000e+01 0.000000000000000000e+00 1.600000000000000089e+00 1.484000000000000076e-03 2.120000000000000031e-04 -9.999989999999999712e-01 6.615750000000000242e-01 7.498780000000000445e-01 1.141000000000000087e-03 7.498780000000000445e-01 -6.615760000000000529e-01 9.730000000000000151e-04
1.200000000000000000e+01 4.600000000000000000e+01 2.700000000000000000e+01 0.000000000000000000e+00 1.600000000000000089e+00 -1.413999999999999892e-03 -2.709999999999999735e-04 -9.999989999999999712e-01 6.632890000000000175e-01 7.483619999999999717e-01 -1.141000000000000087e-03 7.483619999999999717e-01 -6.632900000000000462e-01 -8.779999999999999827e-04
1.800000000000000000e+01 4.600000000000000000e+01 2.700000000000000000e+01 0.000000000000000000e+00 1.600000000000000089e+00 1.464000000000000024e-03 -2.579999999999999828e-04 -9.999989999999999712e-01 6.589159999999999462e-01 7.522159999999999958e-01 7.709999999999999840e-04 7.522149999999999670e-01 -6.589159999999999462e-01 1.270999999999999994e-03
2.200000000000000000e+01 4.600000000000000000e+01 2.700000000000000000e+01 0.000000000000000000e+00 1.600000000000000089e+00 -1.132999999999999893e-03 -1.044999999999999922e-03 -9.999989999999999712e-01 6.617189999999999461e-01 7.497500000000000275e-01 -1.533000000000000074e-03 7.497509999999999453e-01 -6.617199999999999749e-01 -1.579999999999999916e-04
2.900000000000000000e+01 4.600000000000000000e+01 2.700000000000000000e+01 0.000000000000000000e+00 1.600000000000000089e+00 -2.043999999999999810e-03 -2.064999999999999995e-03 -9.999959999999999960e-01 6.577600000000000113e-01 7.532219999999999471e-01 -2.899000000000000101e-03 7.532250000000000334e-01 -6.577629999999999866e-01 -1.810000000000000085e-04
5.000000000000000000e+00 5.800000000000000000e+01 3.100000000000000000e+01 0.000000000000000000e+00 1.600000000000000089e+00 6.582000000000000177e-03 1.051000000000000068e-03 9.999780000000000335e-01 -7.825560000000000294e-01 -6.225530000000000230e-01 5.806000000000000397e-03 6.225450000000000150e-01 -7.825769999999999671e-01 -3.275999999999999832e-03
1.300000000000000000e+01 5.800000000000000000e+01 3.100000000000000000e+01 0.000000000000000000e+00 1.600000000000000089e+00 1.554999999999999959e-03 3.354000000000000210e-03 9.999930000000000208e-01 -7.760629999999999473e-01 -6.306469999999999576e-01 3.321999999999999866e-03 6.306540000000000479e-01 -7.760629999999999473e-01 1.621999999999999961e-03
1.800000000000000000e+01 5.800000000000000000e+01 3.100000000000000000e+01 0.000000000000000000e+00 1.600000000000000089e+00 2.769000000000000194e-03 5.091000000000000039e-03 9.999829999999999552e-01 -7.699850000000000305e-01 -6.380400000000000515e-01 5.380000000000000233e-03 6.380559999999999565e-01 -7.699869999999999770e-01 2.152999999999999966e-03
2.300000000000000000e+01 5.800000000000000000e+01 3.100000000000000000e+01 0.000000000000000000e+00 1.600000000000000089e+00 1.507000000000000093e-03 2.311000000000000120e-03 9.999959999999999960e-01 -7.672889999999999988e-01 -6.412959999999999772e-01 2.638000000000000154e-03 6.412999999999999812e-01 -7.672900000000000276e-01 8.059999999999999673e-04
2.600000000000000000e+01 5.800000000000000000e+01 3.100000000000000000e+01 0.000000000000000000e+00 1.600000000000000089e+00 1.413999999999999892e-03 1.533999999999999990e-03 9.999980000000000535e-01 -7.628449999999999953e-01 -6.465779999999999861e-01 2.069999999999999792e-03 6.465800000000000436e-01 -7.628460000000000241e-01 2.559999999999999884e-04
5.000000000000000000e+00 6.000000000000000000e+00 3.200000000000000000e+01 0.000000000000000000e+00 1.600000000000000089e+00 1.569999999999999944e-04 -5.211999999999999619e-03 -9.999860000000000415e-01 1.531299999999999883e-01 9.881929999999999881e-01 -5.126000000000000348e-03 9.882060000000000288e-01 -1.531270000000000131e-01 9.529999999999999626e-04
3.000000000000000000e+00 4.600000000000000000e+01 3.500000000000000000e+01 0.000000000000000000e+00 1.600000000000000089e+00 1.585999999999999953e-03 -1.745999999999999939e-03 -9.999970000000000248e-01 3.850640000000000174e-01 -9.228870000000000129e-01 2.222000000000000017e-03 -9.228880000000000416e-01 -3.850669999999999926e-01 -7.910000000000000364e-04
6.000000000000000000e+00 4.600000000000000000e+01 3.500000000000000000e+01 0.000000000000000000e+00 1.600000000000000089e+00 -9.479999999999999495e-04 -2.505999999999999981e-03 -9.999959999999999960e-01 3.862680000000000002e-01 -9.223850000000000104e-01 1.946000000000000030e-03 -9.223860000000000392e-01 -3.862639999999999962e-01 1.843000000000000020e-03
1.000000000000000000e+01 4.600000000000000000e+01 3.500000000000000000e+01 0.000000000000000000e+00 1.600000000000000089e+00 -1.534999999999999906e-03 2.990000000000000036e-04 -9.999989999999999712e-01 3.858539999999999748e-01 -9.225590000000000179e-01 -8.679999999999999565e-04 -9.225579999999999892e-01 -3.858550000000000035e-01 1.301000000000000073e-03
1.600000000000000000e+01 4.600000000000000000e+01 3.500000000000000000e+01 0.000000000000000000e+00 1.600000000000000089e+00 4.640000000000000027e-04 -3.896000000000000157e-03 -9.999919999999999920e-01 3.865669999999999940e-01 -9.222540000000000182e-01 3.772999999999999878e-03 -9.222609999999999975e-01 -3.865660000000000207e-01 1.077999999999999965e-03
2.000000000000000000e+01 4.600000000000000000e+01 3.500000000000000000e+01 0.000000000000000000e+00 1.600000000000000089e+00 2.950000000000000148e-04 5.860000000000000408e-04 -1.000000000000000000e+00 3.865999999999999992e-01 -9.222470000000000390e-01 -4.270000000000000249e-04 -9.222470000000000390e-01 -3.865999999999999992e-01 -4.989999999999999861e-04
2.900000000000000000e+01 4.600000000000000000e+01 3.500000000000000000e+01 0.000000000000000000e+00 1.600000000000000089e+00 -2.990000000000000036e-04 8.890000000000000333e-04 -1.000000000000000000e+00 3.851019999999999999e-01 -9.228730000000000544e-01 -9.359999999999999831e-04 -9.228739999999999721e-01 -3.851019999999999999e-01 -6.600000000000000506e-05
4.000000000000000000e+00 9.500000000000000000e+01 3.600000000000000000e+01 0.000000000000000000e+00 1.600000000000000089e+00 1.461000000000000059e-03 2.149300000000000169e-02 9.997679999999999900e-01 9.966340000000000199e-01 8.191299999999999970e-02 -3.217999999999999940e-03 -8.196299999999999419e-02 9.964079999999999604e-01 -2.130100000000000049e-02
1.000000000000000000e+01 9.500000000000000000e+01 3.600000000000000000e+01 0.000000000000000000e+00 1.600000000000000089e+00 3.996000000000000420e-03 -5.295000000000000227e-03 9.999780000000000335e-01 9.970630000000000326e-01 7.650700000000000556e-02 -3.579000000000000150e-03 -7.648599999999999843e-02 9.970550000000000246e-01 5.584999999999999687e-03
1.900000000000000000e+01 9.500000000000000000e+01 3.600000000000000000e+01 0.000000000000000000e+00 1.600000000000000089e+00 -4.119999999999999856e-04 9.074000000000000468e-03 9.999590000000000423e-01 9.966009999999999591e-01 8.238199999999999690e-02 -3.370000000000000057e-04 -8.238199999999999690e-02 9.965600000000000014e-01 -9.076999999999999999e-03
2.200000000000000000e+01 9.500000000000000000e+01 3.600000000000000000e+01 0.000000000000000000e+00 1.600000000000000089e+00 -9.089999999999999773e-04 1.563000000000000153e-02 9.998770000000000158e-01 9.970379999999999798e-01 7.691599999999999826e-02 -2.959999999999999849e-04 -7.691099999999999326e-02 9.969149999999999956e-01 -1.565300000000000025e-02
2.000000000000000000e+00 3.000000000000000000e+00 4.300000000000000000e+01 0.000000000000000000e+00 1.600000000000000089e+00 9.089999999999999773e-04 1.966199999999999892e-02 -9.998059999999999725e-01 7.428099999999999703e-01 -6.693860000000000365e-01 -1.248900000000000010e-02 -6.695020000000000415e-01 -7.426540000000000363e-01 -1.521400000000000009e-02
1.000000000000000000e+01 3.000000000000000000e+00 4.300000000000000000e+01 0.000000000000000000e+00 1.600000000000000089e+00 8.100000000000000375e-05 1.417700000000000037e-02 -9.999000000000000110e-01 7.397049999999999459e-01 -6.728650000000000464e-01 -9.480000000000000579e-03 -6.729319999999999746e-01 -7.396300000000000097e-01 -1.054100000000000002e-02
2.700000000000000000e+01 3.000000000000000000e+00 4.300000000000000000e+01 0.000000000000000000e+00 1.600000000000000089e+00 6.769999999999999759e-04 7.021999999999999596e-03 -9.999749999999999472e-01 7.391950000000000465e-01 -6.734780000000000211e-01 -4.229000000000000120e-03 -6.734909999999999508e-01 -7.391739999999999977e-01 -5.647000000000000110e-03
7.000000000000000000e+00 8.000000000000000000e+00 4.400000000000000000e+01 0.000000000000000000e+00 1.600000000000000089e+00 4.236000000000000182e-03 1.480099999999999992e-02 9.998820000000000485e-01 -7.747270000000000545e-01 -6.321700000000000097e-01 1.264000000000000019e-02 6.322820000000000107e-01 -7.746889999999999610e-01 8.788999999999999937e-03
1.400000000000000000e+01 8.000000000000000000e+00 4.400000000000000000e+01 0.000000000000000000e+00 1.600000000000000089e+00 3.510000000000000208e-04 5.654000000000000171e-03 9.999839999999999840e-01 -7.793379999999999752e-01 -6.265920000000000378e-01 3.815999999999999948e-03 6.266040000000000498e-01 -7.793269999999999920e-01 4.185999999999999617e-03
2.100000000000000000e+01 8.000000000000000000e+00 4.400000000000000000e+01 0.000000000000000000e+00 1.600000000000000089e+00 3.499999999999999693e-05 -1.610000000000000103e-03 9.999989999999999712e-01 -7.819920000000000204e-01 -6.232879999999999532e-01 -9.759999999999999796e-04 6.232889999999999819e-01 -7.819909999999999917e-01 -1.281000000000000021e-03
2.500000000000000000e+01 8.000000000000000000e+00 4.400000000000000000e+01 0.000000000000000000e+00 1.600000000000000089e+00 9.650000000000000374e-04 2.222000000000000017e-03 9.999970000000000248e-01 -7.816300000000000470e-01 -6.237390000000000434e-01 2.139999999999999975e-03 6.237420000000000186e-01 -7.816290000000000182e-01 1.134999999999999941e-03
2.900000000000000000e+01 8.000000000000000000e+00 4.400000000000000000e+01 0.000000000000000000e+00 1.600000000000000089e+00 2.588000000000000023e-03 2.269999999999999882e-03 9.999940000000000495e-01 -7.826509999999999856e-01 -6.224509999999999765e-01 3.438000000000000084e-03 6.224549999999999805e-01 -7.826549999999999896e-01 1.659999999999999963e-04
1.000000000000000000e+00 2.900000000000000000e+01 4.400000000000000000e+01 0.000000000000000000e+00 1.600000000000000089e+00 1.507000000000000093e-03 3.631000000000000113e-03 -9.999919999999999920e-01 6.796759999999999469e-01 7.335030000000000161e-01 3.687000000000000173e-03 7.335110000000000241e-01 -6.796759999999999469e-01 -1.363000000000000062e-03
6.000000000000000000e+00 2.900000000000000000e+01 4.400000000000000000e+01 0.000000000000000000e+00 1.600000000000000089e+00 -1.889999999999999970e-03 4.251999999999999703e-03 -9.999890000000000168e-01 6.757210000000000161e-01 7.371560000000000334e-01 1.856999999999999927e-03 7.371550000000000047e-01 -6.757100000000000328e-01 -4.265999999999999827e-03
1.400000000000000000e+01 2.900000000000000000e+01 4.400000000000000000e+01 0.000000000000000000e+00 1.600000000000000089e+00 -4.099999999999999912e-04 2.517999999999999839e-03 -9.999970000000000248e-01 6.742369999999999752e-01 7.385140000000000038e-01 1.582999999999999989e-03 7.385150000000000325e-01 -6.742340000000000000e-01 -2.001000000000000174e-03
1.900000000000000000e+01 2.900000000000000000e+01 4.400000000000000000e+01 0.000000000000000000e+00 1.600000000000000089e+00 -7.370000000000000249e-04 2.075000000000000022e-03 -9.999980000000000535e-01 6.703729999999999967e-01 7.420240000000000169e-01 1.046000000000000055e-03 7.420240000000000169e-01 -6.703700000000000214e-01 -1.938000000000000052e-03
2.400000000000000000e+01 2.900000000000000000e+01 4.400000000000000000e+01 0.000000000000000000e+00 1.600000000000000089e+00 -2.999999999999999737e-04 -5.869999999999999567e-04 -1.000000000000000000e+00 6.727189999999999559e-01 7.398979999999999446e-01 -6.359999999999999551e-04 7.398979999999999446e-01 -6.727189999999999559e-01 1.730000000000000038e-04
3.000000000000000000e+01 2.900000000000000000e+01 4.400000000000000000e+01 0.000000000000000000e+00 1.600000000000000089e+00 1.557000000000000007e-03 -2.782999999999999884e-03 -9.999949999999999672e-01 6.728260000000000352e-01 7.398000000000000131e-01 -1.010999999999999963e-03 7.397989999999999844e-01 -6.728210000000000024e-01 3.024000000000000212e-03
1.900000000000000000e+01 5.400000000000000000e+01 4.600000000000000000e+01 0.000000000000000000e+00 1.600000000000000089e+00 -1.650999999999999907e-03 7.709999999999999840e-04 9.999980000000000535e-01 3.291040000000000076e-01 -9.442930000000000490e-01 1.270999999999999994e-03 9.442920000000000202e-01 3.291060000000000096e-01 1.304999999999999953e-03
5.000000000000000000e+00 6.500000000000000000e+01 4.600000000000000000e+01 0.000000000000000000e+00 1.600000000000000089e+00 1.974000000000000060e-03 -1.160000000000000007e-03 9.999970000000000248e-01 6.804419999999999913e-01 -7.327989999999999782e-01 -2.193000000000000071e-03 7.327989999999999782e-01 6.804449999999999665e-01 -6.570000000000000319e-04
5.000000000000000000e+00 6.000000000000000000e+00 5.100000000000000000e+01 0.000000000000000000e+00 1.600000000000000089e+00 2.896000000000000137e-03 7.355999999999999692e-03 -9.999689999999999968e-01 3.257260000000000155e-01 -9.454449999999999799e-01 -6.010999999999999850e-03 -9.454599999999999671e-01 -3.256979999999999875e-01 -5.133999999999999675e-03
9.000000000000000000e+00 6.000000000000000000e+00 5.100000000000000000e+01 0.000000000000000000e+00 1.600000000000000089e+00 4.989999999999999644e-03 8.063999999999999987e-03 -9.999550000000000383e-01 3.235080000000000178e-01 -9.462059999999999915e-01 -6.015999999999999646e-03 -9.462120000000000530e-01 -3.234639999999999738e-01 -7.329999999999999710e-03
2.300000000000000000e+01 6.000000000000000000e+00 5.100000000000000000e+01 0.000000000000000000e+00 1.600000000000000089e+00 -3.150000000000000131e-04 -3.820000000000000153e-04 -1.000000000000000000e+00 3.301720000000000210e-01 -9.439210000000000100e-01 2.570000000000000127e-04 -9.439210000000000100e-01 -3.301720000000000210e-01 4.240000000000000062e-04
4.000000000000000000e+00 1.150000000000000000e+02 5.100000000000000000e+01 0.000000000000000000e+00 1.600000000000000089e+00 1.198000000000000063e-03 -1.623000000000000094e-03 9.999980000000000535e-01 8.464650000000000230e-01 -5.324410000000000531e-01 -1.879000000000000028e-03 5.324429999999999996e-01 8.464660000000000517e-01 7.360000000000000006e-04
5.000000000000000000e+00 7.000000000000000000e+00 5.200000000000000000e+01 0.000000000000000000e+00 1.600000000000000089e+00 4.401000000000000398e-03 5.961000000000000153e-03 -9.999730000000000008e-01 1.176939999999999931e-01 -9.930350000000000010e-01 -5.401999999999999684e-03 -9.930400000000000338e-01 -1.176669999999999938e-01 -5.070999999999999987e-03
8.000000000000000000e+00 6.300000000000000000e+01 5.400000000000000000e+01 0.000000000000000000e+00 1.600000000000000089e+00 -2.599999999999999840e-05 6.679999999999999740e-04 1.000000000000000000e+00 -3.523450000000000193e-01 9.358699999999999797e-01 -6.340000000000000149e-04 -9.358699999999999797e-01 -3.523450000000000193e-01 2.110000000000000059e-04
