2.000000000000000000e+00 2.500000000000000000e+01 1.000000000000000000e+00 0.000000000000000000e+00 1.600000000000000089e+00 -3.490000000000000047e-03 4.150000000000000043e-04 -9.999940000000000495e-01 -5.232419999999999849e-01 -8.521830000000000238e-01 1.472000000000000001e-03 -8.521769999999999623e-01 5.232440000000000424e-01 3.190999999999999826e-03
9.000000000000000000e+00 2.500000000000000000e+01 1.000000000000000000e+00 0.000000000000000000e+00 1.600000000000000089e+00 -1.469999999999999953e-04 -3.236999999999999860e-03 -9.999949999999999672e-01 -5.225070000000000547e-01 -8.526299999999999990e-01 2.837000000000000112e-03 -8.526350000000000318e-01 5.225049999999999972e-01 -1.565999999999999901e-03
5.000000000000000000e+00 1.500000000000000000e+01 4.000000000000000000e+00 0.000000000000000000e+00 1.600000000000000089e+00 -2.052000000000000005e-03 -7.577999999999999667e-03 9.999689999999999968e-01 3.118589999999999973e-01 -9.501060000000000061e-01 -6.559999999999999859e-03 9.501260000000000261e-01 3.118360000000000021e-01 4.312999999999999994e-03
1.100000000000000000e+01 1.500000000000000000e+01 4.000000000000000000e+00 0.000000000000000000e+00 1.600000000000000089e+00 5.209999999999999788e-04 1.606999999999999922e-03 9.999989999999999712e-01 3.071510000000000074e-01 -9.516599999999999504e-01 1.369999999999999907e-03 9.516609999999999792e-01 3.071490000000000054e-01 -9.899999999999999946e-04
1.500000000000000000e+01 1.500000000000000000e+01 4.000000000000000000e+00 0.000000000000000000e+00 1.600000000000000089e+00 -7.640000000000000306e-04 -1.445000000000000104e-03 9.999989999999999712e-01 3.091369999999999951e-01 -9.510170000000000012e-01 -1.137999999999999906e-03 9.510170000000000012e-01 3.091360000000000219e-01 1.172999999999999998e-03
2.200000000000000000e+01 1.500000000000000000e+01 4.000000000000000000e+00 0.000000000000000000e+00 1.600000000000000089e+00 -6.785000000000000232e-03 -1.376199999999999993e-02 9.998820000000000485e-01 2.990749999999999797e-01 -9.541650000000000409e-01 -1.110300000000000002e-02 9.542049999999999699e-01 2.989649999999999808e-01 1.059000000000000045e-02
2.700000000000000000e+01 1.500000000000000000e+01 4.000000000000000000e+00 0.000000000000000000e+00 1.600000000000000089e+00 -1.587000000000000086e-03 -3.559999999999999797e-03 9.999919999999999920e-01 2.973939999999999917e-01 -9.547499999999999876e-01 -2.926999999999999914e-03 9.547529999999999628e-01 2.973870000000000124e-01 2.573999999999999899e-03
2.800000000000000000e+01 4.000000000000000000e+00 5.000000000000000000e+00 0.000000000000000000e+00 1.600000000000000089e+00 -5.967000000000000082e-03 -2.635699999999999849e-02 9.996350000000000513e-01 2.245489999999999986e-01 -9.741589999999999971e-01 -2.434499999999999859e-02 9.744439999999999769e-01 2.243219999999999936e-01 1.173199999999999937e-02
2.000000000000000000e+01 1.010000000000000000e+02 7.000000000000000000e+00 0.000000000000000000e+00 1.600000000000000089e+00 -7.477000000000000139e-03 -4.479999999999999933e-04 9.999719999999999720e-01 8.792600000000000415e-01 4.762930000000000219e-01 6.787999999999999763e-03 -4.762830000000000119e-01 8.792860000000000120e-01 -3.167999999999999809e-03
2.700000000000000000e+01 1.010000000000000000e+02 7.000000000000000000e+00 0.000000000000000000e+00 1.600000000000000089e+00 3.468999999999999861e-03 -4.211999999999999598e-03 9.999850000000000128e-01 8.781480000000000397e-01 4.783890000000000087e-01 -1.031000000000000015e-03 -4.783769999999999967e-01 8.781379999999999741e-01 5.357999999999999916e-03
3.000000000000000000e+00 2.500000000000000000e+01 8.000000000000000000e+00 0.000000000000000000e+00 1.600000000000000089e+00 2.625000000000000163e-03 5.519999999999999733e-03 -9.999810000000000088e-01 4.472960000000000269e-01 8.943649999999999656e-01 6.111000000000000112e-03 8.943820000000000103e-01 -4.473039999999999794e-01 -1.219999999999999974e-04
1.000000000000000000e+01 2.500000000000000000e+01 8.000000000000000000e+00 0.000000000000000000e+00 1.600000000000000089e+00 7.969999999999999654e-04 4.844000000000000215e-03 -9.999879999999999880e-01 4.444629999999999970e-01 8.957850000000000534e-01 4.693000000000000123e-03 8.957969999999999544e-01 -4.444609999999999950e-01 -1.438999999999999958e-03
1.500000000000000000e+01 2.500000000000000000e+01 8.000000000000000000e+00 0.000000000000000000e+00 1.600000000000000089e+00 1.822999999999999968e-03 1.229999999999999974e-03 -9.999980000000000535e-01 4.452400000000000246e-01 8.954090000000000105e-01 1.912999999999999987e-03 8.954090000000000105e-01 -4.452429999999999999e-01 1.083999999999999894e-03
2.000000000000000000e+01 2.500000000000000000e+01 8.000000000000000000e+00 0.000000000000000000e+00 1.600000000000000089e+00 1.113999999999999973e-03 3.030000000000000141e-03 -9.999949999999999672e-01 4.439270000000000160e-01 8.960569999999999924e-01 3.210000000000000180e-03 8.960620000000000251e-01 -4.439279999999999893e-01 -3.469999999999999777e-04
2.400000000000000000e+01 2.500000000000000000e+01 8.000000000000000000e+00 0.000000000000000000e+00 1.600000000000000089e+00 -1.149000000000000065e-03 2.128999999999999816e-03 -9.999970000000000248e-01 4.432800000000000074e-01 8.963820000000000121e-01 1.399000000000000070e-03 8.963830000000000409e-01 -4.432769999999999766e-01 -1.974000000000000060e-03
2.000000000000000000e+00 2.400000000000000000e+01 9.000000000000000000e+00 0.000000000000000000e+00 1.600000000000000089e+00 2.817000000000000060e-03 4.601000000000000055e-03 -9.999850000000000128e-01 4.513519999999999754e-01 8.923299999999999566e-01 5.376999999999999835e-03 8.923419999999999686e-01 -4.513599999999999834e-01 4.380000000000000213e-04
1.000000000000000000e+01 2.400000000000000000e+01 9.000000000000000000e+00 0.000000000000000000e+00 1.600000000000000089e+00 5.500000000000000331e-04 5.383999999999999897e-03 -9.999850000000000128e-01 4.467050000000000187e-01 8.946669999999999900e-01 5.061999999999999660e-03 8.946809999999999485e-01 -4.467010000000000147e-01 -1.912999999999999987e-03
1.500000000000000000e+01 2.400000000000000000e+01 9.000000000000000000e+00 0.000000000000000000e+00 1.600000000000000089e+00 1.575000000000000011e-03 2.776999999999999955e-03 -9.999949999999999672e-01 4.472709999999999742e-01 8.943929999999999936e-01 3.187999999999999862e-03 8.943969999999999976e-01 -4.472740000000000049e-01 1.659999999999999963e-04
2.000000000000000000e+01 2.400000000000000000e+01 9.000000000000000000e+00 0.000000000000000000e+00 1.600000000000000089e+00 1.317999999999999944e-03 2.948000000000000100e-03 -9.999949999999999672e-01 4.466269999999999962e-01 8.947140000000000093e-01 3.226999999999999834e-03 8.947190000000000420e-01 -4.466289999999999982e-01 -1.369999999999999961e-04
2.400000000000000000e+01 2.400000000000000000e+01 9.000000000000000000e+00 0.000000000000000000e+00 1.600000000000000089e+00 -9.139999999999999904e-04 2.971000000000000116e-03 -9.999949999999999672e-01 4.456080000000000041e-01 8.952259999999999662e-01 2.252000000000000095e-03 8.952280000000000237e-01 -4.456030000000000268e-01 -2.141999999999999807e-03
3.000000000000000000e+00 3.100000000000000000e+01 1.200000000000000000e+01 0.000000000000000000e+00 1.600000000000000089e+00 2.141999999999999807e-03 1.013999999999999971e-02 9.999460000000000015e-01 -1.197999999999999933e-02 9.998770000000000158e-01 -1.011399999999999973e-02 -9.999259999999999815e-01 -1.195700000000000061e-02 2.262999999999999821e-03
8.000000000000000000e+00 3.100000000000000000e+01 1.200000000000000000e+01 0.000000000000000000e+00 1.600000000000000089e+00 3.526000000000000054e-03 6.742999999999999862e-03 9.999710000000000543e-01 -6.041000000000000363e-03 9.999590000000000423e-01 -6.721000000000000411e-03 -9.999759999999999760e-01 -6.016999999999999779e-03 3.566999999999999858e-03
1.000000000000000000e+01 1.160000000000000000e+02 1.600000000000000000e+01 0.000000000000000000e+00 1.600000000000000089e+00 1.088999999999999907e-03 2.566999999999999837e-03 9.999959999999999960e-01 6.880749999999999922e-01 7.256350000000000300e-01 -2.612000000000000172e-03 -7.256390000000000340e-01 6.880749999999999922e-01 -9.759999999999999796e-04
2.100000000000000000e+01 1.160000000000000000e+02 1.600000000000000000e+01 0.000000000000000000e+00 1.600000000000000089e+00 7.759999999999999971e-04 -1.467999999999999904e-03 9.999989999999999712e-01 7.035740000000000327e-01 7.106219999999999759e-01 4.979999999999999618e-04 -7.106219999999999759e-01 7.035730000000000040e-01 1.583999999999999905e-03
2.800000000000000000e+01 1.160000000000000000e+02 1.600000000000000000e+01 0.000000000000000000e+00 1.600000000000000089e+00 -1.193000000000000050e-03 4.279999999999999950e-04 9.999989999999999712e-01 6.973070000000000102e-01 7.167719999999999647e-01 5.259999999999999919e-04 -7.167710000000000470e-01 6.973070000000000102e-01 -1.154000000000000078e-03
4.000000000000000000e+00 2.000000000000000000e+00 1.900000000000000000e+01 0.000000000000000000e+00 1.600000000000000089e+00 1.030000000000000100e-03 6.106000000000000316e-03 -9.999810000000000088e-01 1.803319999999999923e-01 -9.835890000000000466e-01 -5.819999999999999653e-03 -9.836049999999999516e-01 -1.803230000000000111e-01 -2.113999999999999994e-03
1.200000000000000000e+01 2.000000000000000000e+00 1.900000000000000000e+01 0.000000000000000000e+00 1.600000000000000089e+00 2.520000000000000104e-03 -2.186000000000000009e-03 -9.999940000000000495e-01 1.814679999999999904e-01 -9.833929999999999616e-01 2.606999999999999942e-03 -9.833939999999999904e-01 -1.814729999999999954e-01 -2.082000000000000083e-03
1.900000000000000000e+01 2.000000000000000000e+00 1.900000000000000000e+01 0.000000000000000000e+00 1.600000000000000089e+00 -1.832000000000000078e-03 8.576999999999999555e-03 -9.999620000000000175e-01 1.856180000000000052e-01 -9.825829999999999842e-01 -8.767999999999999752e-03 -9.826200000000000490e-01 -1.856269999999999865e-01 2.079999999999999872e-04
2.400000000000000000e+01 2.000000000000000000e+00 1.900000000000000000e+01 0.000000000000000000e+00 1.600000000000000089e+00 1.090000000000000067e-04 9.613999999999999282e-03 -9.999540000000000095e-01 1.904230000000000089e-01 -9.816570000000000018e-01 -9.417000000000000023e-03 -9.817019999999999635e-01 -1.904129999999999989e-01 -1.938000000000000052e-03
2.800000000000000000e+01 2.000000000000000000e+00 1.900000000000000000e+01 0.000000000000000000e+00 1.600000000000000089e+00 4.144000000000000114e-03 -1.241399999999999969e-02 -9.999139999999999695e-01 1.923269999999999980e-01 -9.812450000000000339e-01 1.297899999999999922e-02 -9.813220000000000276e-01 -1.923650000000000082e-01 -1.678999999999999937e-03
4.000000000000000000e+00 1.300000000000000000e+01 2.000000000000000000e+01 0.000000000000000000e+00 1.600000000000000089e+00 8.760000000000000425e-04 5.693000000000000144e-03 9.999829999999999552e-01 2.536370000000000013e-01 9.672830000000000039e-01 -5.728999999999999718e-03 -9.672990000000000199e-01 2.536370000000000013e-01 -5.959999999999999586e-04
1.900000000000000000e+01 1.300000000000000000e+01 2.000000000000000000e+01 0.000000000000000000e+00 1.600000000000000089e+00 -1.358000000000000049e-03 -2.661000000000000171e-03 9.999959999999999960e-01 2.497640000000000138e-01 9.683019999999999960e-01 2.915000000000000056e-03 -9.683060000000000000e-01 2.497669999999999890e-01 -6.509999999999999945e-04
2.300000000000000000e+01 1.300000000000000000e+01 2.000000000000000000e+01 0.000000000000000000e+00 1.600000000000000089e+00 -2.582000000000000094e-03 -1.137400000000000043e-02 9.999320000000000430e-01 2.510240000000000249e-01 9.679109999999999658e-01 1.165799999999999996e-02 -9.679769999999999763e-01 2.510370000000000101e-01 3.559999999999999797e-04
3.000000000000000000e+00 1.600000000000000000e+01 2.100000000000000000e+01 0.000000000000000000e+00 1.600000000000000089e+00 1.167000000000000069e-03 4.226999999999999855e-03 9.999900000000000455e-01 2.991989999999999927e-01 9.541809999999999459e-01 -4.382999999999999743e-03 -9.541899999999999826e-01 2.992020000000000235e-01 -1.520000000000000084e-04
9.000000000000000000e+00 1.600000000000000000e+01 2.100000000000000000e+01 0.000000000000000000e+00 1.600000000000000089e+00 5.819000000000000387e-03 1.177800000000000027e-02 9.999139999999999695e-01 2.991409999999999902e-01 9.541209999999999969e-01 -1.297899999999999922e-02 -9.541910000000000114e-01 2.991909999999999847e-01 2.027999999999999855e-03
1.300000000000000000e+01 1.600000000000000000e+01 2.100000000000000000e+01 0.000000000000000000e+00 1.600000000000000089e+00 5.283000000000000369e-03 1.250800000000000002e-02 9.999080000000000190e-01 2.974700000000000122e-01 9.546350000000000113e-01 -1.351399999999999997e-02 -9.547160000000000091e-01 2.975140000000000007e-01 1.322999999999999957e-03
2.400000000000000000e+01 1.600000000000000000e+01 2.100000000000000000e+01 0.000000000000000000e+00 1.600000000000000089e+00 -1.097000000000000102e-03 -9.639999999999999264e-03 9.999529999999999808e-01 2.965650000000000230e-01 9.549649999999999528e-01 9.532000000000000542e-03 -9.550119999999999720e-01 2.965610000000000190e-01 1.810999999999999893e-03
2.800000000000000000e+01 1.600000000000000000e+01 2.100000000000000000e+01 0.000000000000000000e+00 1.600000000000000089e+00 1.001299999999999933e-02 2.546400000000000052e-02 9.996260000000000145e-01 2.957089999999999996e-01 9.548879999999999590e-01 -2.728699999999999876e-02 -9.552249999999999908e-01 2.958720000000000239e-01 2.030999999999999819e-03
1.800000000000000000e+01 3.000000000000000000e+00 2.500000000000000000e+01 0.000000000000000000e+00 1.600000000000000089e+00 3.706999999999999792e-03 1.142999999999999919e-03 9.999919999999999920e-01 -5.600200000000000317e-02 -9.984300000000000397e-01 1.348999999999999939e-03 9.984239999999999782e-01 -5.600700000000000123e-02 -3.638000000000000175e-03
2.100000000000000000e+01 3.000000000000000000e+00 2.500000000000000000e+01 0.000000000000000000e+00 1.600000000000000089e+00 4.649000000000000354e-03 1.502099999999999963e-02 9.998759999999999870e-01 -5.224899999999999683e-02 -9.985180000000000167e-01 1.524400000000000061e-02 9.986230000000000384e-01 -5.231299999999999839e-02 -3.857000000000000185e-03
2.500000000000000000e+01 3.000000000000000000e+00 2.500000000000000000e+01 0.000000000000000000e+00 1.600000000000000089e+00 -1.838999999999999923e-03 8.146000000000000463e-03 9.999649999999999928e-01 -4.963299999999999657e-02 -9.987350000000000394e-01 8.045000000000000068e-03 9.987660000000000426e-01 -4.961700000000000138e-02 2.240999999999999936e-03
2.200000000000000000e+01 4.600000000000000000e+01 2.700000000000000000e+01 0.000000000000000000e+00 1.600000000000000089e+00 -5.370000000000000424e-04 -3.395000000000000014e-03 -9.999940000000000495e-01 6.625039999999999818e-01 7.490529999999999688e-01 -2.897999999999999968e-03 7.490580000000000016e-01 -6.625020000000000353e-01 1.846999999999999901e-03
2.000000000000000000e+00 4.600000000000000000e+01 3.000000000000000000e+01 0.000000000000000000e+00 1.600000000000000089e+00 -8.700000000000000051e-05 6.610000000000000207e-04 -1.000000000000000000e+00 3.303090000000000193e-01 9.438729999999999620e-01 5.959999999999999586e-04 9.438729999999999620e-01 -3.303079999999999905e-01 -3.009999999999999980e-04
7.000000000000000000e+00 4.600000000000000000e+01 3.000000000000000000e+01 0.000000000000000000e+00 1.600000000000000089e+00 -6.049999999999999606e-04 3.588000000000000043e-03 -9.999930000000000208e-01 3.338869999999999894e-01 9.426080000000000014e-01 3.180000000000000101e-03 9.426130000000000342e-01 -3.338829999999999854e-01 -1.768000000000000040e-03
1.000000000000000000e+00 4.600000000000000000e+01 3.500000000000000000e+01 0.000000000000000000e+00 1.600000000000000089e+00 -1.720000000000000066e-04 1.874000000000000015e-03 -9.999980000000000535e-01 3.897280000000000189e-01 -9.209279999999999688e-01 -1.793000000000000106e-03 -9.209300000000000264e-01 -3.897269999999999901e-01 -5.720000000000000258e-04
9.000000000000000000e+00 4.600000000000000000e+01 3.500000000000000000e+01 0.000000000000000000e+00 1.600000000000000089e+00 2.037000000000000182e-03 -2.397999999999999958e-03 -9.999949999999999672e-01 3.887630000000000252e-01 -9.213329999999999576e-01 3.001000000000000195e-03 -9.213360000000000438e-01 -3.887669999999999737e-01 -9.439999999999999607e-04
1.200000000000000000e+01 4.600000000000000000e+01 3.500000000000000000e+01 0.000000000000000000e+00 1.600000000000000089e+00 7.770000000000000214e-04 -3.445000000000000145e-03 -9.999940000000000495e-01 3.891649999999999832e-01 -9.211610000000000076e-01 3.475999999999999923e-03 -9.211679999999999868e-01 -3.891660000000000119e-01 6.250000000000000130e-04
1.500000000000000000e+01 4.600000000000000000e+01 3.500000000000000000e+01 0.000000000000000000e+00 1.600000000000000089e+00 -1.820000000000000057e-04 -4.444000000000000034e-03 -9.999900000000000455e-01 3.892590000000000217e-01 -9.211200000000000498e-01 4.022999999999999667e-03 -9.211289999999999756e-01 -3.892539999999999889e-01 1.897999999999999948e-03
2.200000000000000000e+01 4.600000000000000000e+01 3.500000000000000000e+01 0.000000000000000000e+00 1.600000000000000089e+00 -2.082000000000000083e-03 1.593999999999999931e-03 -9.999970000000000248e-01 3.908929999999999905e-01 -9.204329999999999457e-01 -2.281000000000000041e-03 -9.204339999999999744e-01 -3.908969999999999945e-01 1.293000000000000095e-03
2.800000000000000000e+01 4.600000000000000000e+01 3.500000000000000000e+01 0.000000000000000000e+00 1.600000000000000089e+00 5.877000000000000279e-03 -4.603000000000000320e-03 -9.999719999999999720e-01 3.869179999999999842e-01 -9.220909999999999940e-01 6.518000000000000356e-03 -9.220949999999999980e-01 -3.869449999999999834e-01 -3.638000000000000175e-03
7.000000000000000000e+00 9.500000000000000000e+01 3.600000000000000000e+01 0.000000000000000000e+00 1.600000000000000089e+00 1.726099999999999857e-02 4.057700000000000196e-02 9.990269999999999984e-01 9.966399999999999704e-01 7.931499999999999662e-02 -2.044100000000000084e-02 -8.006699999999999928e-02 9.960229999999999917e-01 -3.907200000000000256e-02
2.300000000000000000e+01 9.500000000000000000e+01 3.600000000000000000e+01 0.000000000000000000e+00 1.600000000000000089e+00 -7.465000000000000281e-03 -1.298200000000000048e-02 9.998879999999999990e-01 9.979479999999999462e-01 6.348700000000000176e-02 8.274999999999999370e-03 -6.358800000000000563e-02 9.978979999999999517e-01 1.248200000000000004e-02
1.600000000000000000e+01 2.900000000000000000e+01 4.400000000000000000e+01 0.000000000000000000e+00 1.600000000000000089e+00 -5.559999999999999621e-04 -1.539300000000000043e-02 -9.998810000000000198e-01 6.756619999999999848e-01 7.371180000000000510e-01 -1.172300000000000078e-02 7.372109999999999497e-01 -6.755879999999999663e-01 9.990000000000000616e-03
2.600000000000000000e+01 2.900000000000000000e+01 4.400000000000000000e+01 0.000000000000000000e+00 1.600000000000000089e+00 3.226999999999999834e-03 5.529000000000000060e-03 -9.999789999999999512e-01 6.396920000000000384e-01 7.686049999999999827e-01 6.313000000000000035e-03 7.686239999999999739e-01 -6.397000000000000464e-01 -1.056999999999999997e-03
9.000000000000000000e+00 2.600000000000000000e+01 4.800000000000000000e+01 0.000000000000000000e+00 1.600000000000000089e+00 -2.959999999999999958e-03 -8.604499999999999649e-02 -9.962870000000000337e-01 -8.409400000000000208e-02 9.927839999999999998e-01 -8.549299999999999955e-02 9.964530000000000332e-01 8.352900000000000602e-02 -1.017400000000000075e-02
1.400000000000000000e+01 2.900000000000000000e+01 4.800000000000000000e+01 0.000000000000000000e+00 1.600000000000000089e+00 -9.780000000000000498e-03 -8.643599999999999894e-02 9.962090000000000112e-01 3.780930000000000124e-01 9.219749999999999890e-01 8.370700000000000363e-02 -9.257159999999999833e-01 3.774790000000000090e-01 2.366400000000000101e-02
2.200000000000000000e+01 5.000000000000000000e+00 5.100000000000000000e+01 0.000000000000000000e+00 1.600000000000000089e+00 1.219000000000000031e-03 -8.340000000000000191e-03 -9.999639999999999640e-01 4.879000000000000004e-01 -8.728639999999999732e-01 7.875000000000000056e-03 -8.728989999999999805e-01 -4.878919999999999924e-01 3.004999999999999859e-03
2.800000000000000000e+01 5.000000000000000000e+00 5.100000000000000000e+01 0.000000000000000000e+00 1.600000000000000089e+00 -1.740000000000000010e-03 1.020000000000000073e-03 -9.999980000000000535e-01 4.870929999999999982e-01 -8.733480000000000132e-01 -1.739000000000000094e-03 -8.733480000000000132e-01 -4.870959999999999734e-01 1.023000000000000038e-03
2.100000000000000000e+01 3.900000000000000000e+01 5.100000000000000000e+01 0.000000000000000000e+00 1.600000000000000089e+00 -1.027800000000000068e-02 -3.279400000000000093e-01 9.446430000000000105e-01 3.330290000000000195e-01 8.896380000000000399e-01 3.124680000000000235e-01 -9.428600000000000314e-01 3.178050000000000042e-01 1.000700000000000062e-01
3.000000000000000000e+01 3.900000000000000000e+01 5.100000000000000000e+01 0.000000000000000000e+00 1.600000000000000089e+00 -4.120599999999999957e-02 -9.195429999999999993e-01 3.908229999999999760e-01 2.780549999999999966e-01 3.651499999999999746e-01 8.884539999999999660e-01 -9.596810000000000063e-01 1.452799999999999925e-01 2.406379999999999908e-01
1.500000000000000000e+01 1.150000000000000000e+02 5.100000000000000000e+01 0.000000000000000000e+00 1.600000000000000089e+00 2.128999999999999816e-03 1.449499999999999920e-02 9.998930000000000318e-01 8.455899999999999528e-01 -5.337990000000000235e-01 5.937999999999999702e-03 5.338279999999999692e-01 8.454869999999999886e-01 -1.339300000000000039e-02
2.000000000000000000e+01 7.000000000000000000e+00 5.200000000000000000e+01 0.000000000000000000e+00 1.600000000000000089e+00 -2.680999999999999790e-03 -6.507999999999999896e-03 -9.999749999999999472e-01 1.068759999999999988e-01 -9.942530000000000534e-01 6.184000000000000261e-03 -9.942689999999999584e-01 -1.068569999999999937e-01 3.360999999999999838e-03
2.200000000000000000e+01 4.000000000000000000e+01 5.200000000000000000e+01 0.000000000000000000e+00 1.600000000000000089e+00 2.426000000000000205e-03 -2.116000000000000103e-01 9.773530000000000273e-01 1.693590000000000095e-01 9.633249999999999869e-01 2.081419999999999937e-01 -9.855509999999999549e-01 1.650189999999999990e-01 3.817299999999999860e-02
3.000000000000000000e+01 4.200000000000000000e+01 5.200000000000000000e+01 0.000000000000000000e+00 1.600000000000000089e+00 1.806699999999999973e-02 -6.580979999999999608e-01 7.527150000000000230e-01 8.342399999999999816e-02 7.512050000000000116e-01 6.547760000000000247e-01 -9.963499999999999579e-01 5.096500000000000336e-02 6.847300000000000608e-02
5.000000000000000000e+00 6.300000000000000000e+01 5.400000000000000000e+01 0.000000000000000000e+00 1.600000000000000089e+00 -9.579999999999999757e-04 1.278000000000000056e-03 9.999989999999999712e-01 -3.646889999999999854e-01 9.311279999999999557e-01 -1.539999999999999919e-03 -9.311289999999999845e-01 -3.646900000000000142e-01 -4.260000000000000006e-04
8.000000000000000000e+00 6.300000000000000000e+01 5.400000000000000000e+01 0.000000000000000000e+00 1.600000000000000089e+00 3.800000000000000209e-04 1.386999999999999995e-03 9.999989999999999712e-01 -3.673600000000000199e-01 9.300779999999999603e-01 -1.149999999999999981e-03 -9.300789999999999891e-01 -3.673589999999999911e-01 8.620000000000000275e-04
1.300000000000000000e+01 6.300000000000000000e+01 5.400000000000000000e+01 0.000000000000000000e+00 1.600000000000000089e+00 4.009999999999999893e-04 -4.543000000000000163e-03 9.999900000000000455e-01 -3.691030000000000144e-01 9.293780000000000374e-01 4.369999999999999753e-03 -9.293879999999999919e-01 -3.691010000000000124e-01 -1.304000000000000038e-03
1.900000000000000000e+01 6.300000000000000000e+01 5.400000000000000000e+01 0.000000000000000000e+00 1.600000000000000089e+00 -1.000000000000000048e-04 -5.199999999999999680e-05 1.000000000000000000e+00 -3.636110000000000175e-01 9.315510000000000179e-01 1.200000000000000030e-05 -9.315510000000000179e-01 -3.636110000000000175e-01 -1.119999999999999983e-04
2.200000000000000000e+01 6.300000000000000000e+01 5.400000000000000000e+01 0.000000000000000000e+00 1.600000000000000089e+00 -6.319999999999999663e-04 1.275000000000000092e-03 9.999989999999999712e-01 -3.637199999999999878e-01 9.315069999999999739e-01 -1.417000000000000074e-03 -9.315080000000000027e-01 -3.637199999999999878e-01 -1.250000000000000026e-04
2.600000000000000000e+01 6.300000000000000000e+01 5.400000000000000000e+01 0.000000000000000000e+00 1.600000000000000089e+00 -1.420000000000000092e-04 2.011000000000000201e-03 9.999980000000000535e-01 -3.635369999999999990e-01 9.315780000000000172e-01 -1.925000000000000062e-03 -9.315799999999999637e-01 -3.635360000000000258e-01 5.980000000000000072e-04
2.700000000000000000e+01 2.500000000000000000e+01 5.500000000000000000e+01 0.000000000000000000e+00 1.600000000000000089e+00 3.379999999999999758e-04 -5.292999999999999962e-03 -9.999860000000000415e-01 -1.225399999999999927e-02 -9.999109999999999943e-01 5.288000000000000166e-03 -9.999249999999999527e-01 1.225200000000000074e-02 -4.029999999999999837e-04
2.400000000000000000e+01 7.600000000000000000e+01 5.600000000000000000e+01 0.000000000000000000e+00 1.600000000000000089e+00 1.413999999999999892e-03 -2.834000000000000147e-03 -9.999949999999999672e-01 -1.390720000000000012e-01 9.902779999999999916e-01 -3.003000000000000027e-03 9.902809999999999668e-01 1.390750000000000042e-01 1.005999999999999950e-03
3.000000000000000000e+01 6.800000000000000000e+01 5.700000000000000000e+01 0.000000000000000000e+00 1.600000000000000089e+00 1.480999999999999895e-03 -6.903000000000000282e-03 -9.999749999999999472e-01 -2.499059999999999893e-01 -9.682500000000000551e-01 6.314000000000000168e-03 -9.682690000000000463e-01 2.498900000000000010e-01 -3.158999999999999916e-03
3.000000000000000000e+00 2.100000000000000000e+01 6.000000000000000000e+01 0.000000000000000000e+00 1.600000000000000089e+00 -5.349999999999999938e-04 7.752000000000000210e-03 9.999700000000000255e-01 -9.542000000000000481e-02 9.954070000000000418e-01 -7.766999999999999599e-03 -9.954370000000000163e-01 -9.542200000000000681e-02 2.069999999999999900e-04
9.000000000000000000e+00 2.100000000000000000e+01 6.000000000000000000e+01 0.000000000000000000e+00 1.600000000000000089e+00 1.052999999999999900e-03 7.565999999999999809e-03 9.999710000000000543e-01 -9.464599999999999402e-02 9.954830000000000068e-01 -7.432000000000000238e-03 -9.955100000000000060e-01 -9.463499999999999690e-02 1.765000000000000076e-03
1.600000000000000000e+01 2.100000000000000000e+01 6.000000000000000000e+01 0.000000000000000000e+00 1.600000000000000089e+00 5.910000000000000539e-04 -6.049999999999999606e-04 1.000000000000000000e+00 -9.644300000000000095e-02 9.953379999999999450e-01 6.589999999999999721e-04 -9.953379999999999450e-01 -9.644300000000000095e-02 5.299999999999999807e-04
1.900000000000000000e+01 2.100000000000000000e+01 6.000000000000000000e+01 0.000000000000000000e+00 1.600000000000000089e+00 8.970000000000000109e-04 -3.518999999999999993e-03 9.999930000000000208e-01 -9.804300000000000515e-02 9.951759999999999495e-01 3.589999999999999875e-03 -9.951820000000000110e-01 -9.804499999999999327e-02 5.479999999999999845e-04
2.500000000000000000e+01 2.100000000000000000e+01 6.000000000000000000e+01 0.000000000000000000e+00 1.600000000000000089e+00 -7.479999999999999670e-04 5.336999999999999730e-03 9.999850000000000128e-01 -9.929999999999999938e-02 9.950430000000000108e-01 -5.385000000000000030e-03 -9.950569999999999693e-01 -9.930200000000000138e-02 -2.149999999999999947e-04
2.900000000000000000e+01 2.100000000000000000e+01 6.000000000000000000e+01 0.000000000000000000e+00 1.600000000000000089e+00 -2.942999999999999870e-03 4.070999999999999966e-03 9.999869999999999592e-01 -9.933699999999999475e-02 9.950440000000000396e-01 -4.342999999999999639e-03 -9.950489999999999613e-01 -9.934900000000000675e-02 -2.524000000000000202e-03
1.100000000000000000e+01 2.700000000000000000e+01 6.300000000000000000e+01 0.000000000000000000e+00 1.600000000000000089e+00 -1.196000000000000014e-03 -2.262000000000000122e-03 9.999970000000000248e-01 -2.737220000000000208e-01 9.618069999999999675e-01 1.848000000000000033e-03 -9.618079999999999963e-01 -2.737180000000000168e-01 -1.770000000000000089e-03
1.700000000000000000e+01 2.700000000000000000e+01 6.300000000000000000e+01 0.000000000000000000e+00 1.600000000000000089e+00 -1.270000000000000078e-03 -2.949999999999999931e-03 9.999949999999999672e-01 -2.794380000000000197e-01 9.601600000000000135e-01 2.478000000000000168e-03 -9.601629999999999887e-01 -2.794340000000000157e-01 -2.043999999999999810e-03
2.000000000000000000e+01 2.700000000000000000e+01 6.300000000000000000e+01 0.000000000000000000e+00 1.600000000000000089e+00 1.116999999999999937e-03 -2.539999999999999940e-04 9.999989999999999712e-01 -2.789940000000000198e-01 9.602929999999999522e-01 5.550000000000000462e-04 -9.602920000000000345e-01 -2.789940000000000198e-01 1.002000000000000069e-03
2.400000000000000000e+01 2.700000000000000000e+01 6.300000000000000000e+01 0.000000000000000000e+00 1.600000000000000089e+00 3.033000000000000106e-03 1.770000000000000089e-03 9.999940000000000495e-01 -2.750409999999999799e-01 9.614319999999999533e-01 -8.670000000000000406e-04 -9.614279999999999493e-01 -2.750369999999999759e-01 3.403000000000000209e-03
4.000000000000000000e+00 4.400000000000000000e+01 6.300000000000000000e+01 0.000000000000000000e+00 1.600000000000000089e+00 6.880000000000000265e-04 3.448000000000000110e-03 -9.999940000000000495e-01 -6.680960000000000232e-01 -7.440689999999999804e-01 -3.024999999999999911e-03 -7.440750000000000419e-01 6.680939999999999657e-01 1.791999999999999973e-03
8.000000000000000000e+00 4.400000000000000000e+01 6.300000000000000000e+01 0.000000000000000000e+00 1.600000000000000089e+00 9.131000000000000227e-03 2.209600000000000106e-02 -9.997139999999999915e-01 -6.748290000000000122e-01 -7.376319999999999544e-01 -2.246700000000000086e-02 -7.379170000000000451e-01 6.748420000000000529e-01 8.174999999999999975e-03
1.600000000000000000e+01 4.400000000000000000e+01 6.300000000000000000e+01 0.000000000000000000e+00 1.600000000000000089e+00 9.809999999999999276e-03 -2.874799999999999925e-02 -9.995389999999999553e-01 -7.163709999999999800e-01 -6.975980000000000514e-01 1.303299999999999945e-02 -6.976510000000000211e-01 7.159130000000000216e-01 -2.743800000000000058e-02
5.000000000000000000e+00 2.600000000000000000e+01 6.400000000000000000e+01 0.000000000000000000e+00 1.600000000000000089e+00 1.309999999999999967e-03 6.067999999999999609e-03 9.999810000000000088e-01 -3.678609999999999935e-01 9.298659999999999703e-01 -5.159999999999999656e-03 -9.298800000000000399e-01 -3.678480000000000083e-01 3.451000000000000074e-03
1.100000000000000000e+01 2.600000000000000000e+01 6.400000000000000000e+01 0.000000000000000000e+00 1.600000000000000089e+00 -7.640000000000000306e-04 -1.721000000000000090e-03 9.999980000000000535e-01 -3.626389999999999891e-01 9.319290000000000074e-01 1.327000000000000055e-03 -9.319290000000000074e-01 -3.626380000000000159e-01 -1.337000000000000081e-03
1.700000000000000000e+01 2.600000000000000000e+01 6.400000000000000000e+01 0.000000000000000000e+00 1.600000000000000089e+00 -1.020999999999999989e-03 -2.729000000000000089e-03 9.999959999999999960e-01 -3.693850000000000189e-01 9.292740000000000444e-01 2.158999999999999895e-03 -9.292759999999999909e-01 -3.693810000000000149e-01 -1.956999999999999972e-03
2.000000000000000000e+01 2.600000000000000000e+01 6.400000000000000000e+01 0.000000000000000000e+00 1.600000000000000089e+00 7.100000000000000191e-04 7.179999999999999967e-04 9.999989999999999712e-01 -3.692460000000000186e-01 9.293310000000000182e-01 -4.049999999999999781e-04 -9.293310000000000182e-01 -3.692460000000000186e-01 9.250000000000000409e-04
2.400000000000000000e+01 2.600000000000000000e+01 6.400000000000000000e+01 0.000000000000000000e+00 1.600000000000000089e+00 2.399000000000000091e-03 2.082000000000000083e-03 9.999949999999999672e-01 -3.633460000000000023e-01 9.316539999999999822e-01 -1.067999999999999939e-03 -9.316510000000000069e-01 -3.633419999999999983e-01 2.991000000000000169e-03
2.900000000000000000e+01 2.600000000000000000e+01 6.400000000000000000e+01 0.000000000000000000e+00 1.600000000000000089e+00 -9.430000000000000448e-04 -8.181000000000000771e-03 9.999660000000000215e-01 -3.602850000000000219e-01 9.328140000000000320e-01 7.291999999999999871e-03 -9.328419999999999490e-01 -3.602659999999999751e-01 -3.827999999999999806e-03
1.900000000000000000e+01 5.600000000000000000e+01 6.400000000000000000e+01 0.000000000000000000e+00 1.600000000000000089e+00 -1.450450000000000073e-01 2.622380000000000266e-01 -9.540410000000000279e-01 1.317499999999999921e-02 9.646639999999999660e-01 2.631549999999999723e-01 9.893370000000000219e-01 2.559900000000000023e-02 -1.433740000000000014e-01
2.900000000000000000e+01 5.100000000000000000e+01 6.600000000000000000e+01 0.000000000000000000e+00 1.600000000000000089e+00 1.923179999999999890e-01 9.181300000000000572e-02 9.770280000000000076e-01 4.643439999999999790e-01 8.685890000000000555e-01 -1.730240000000000111e-01 -8.645220000000000127e-01 4.869519999999999960e-01 1.244119999999999948e-01
2.500000000000000000e+01 5.300000000000000000e+01 6.600000000000000000e+01 0.000000000000000000e+00 1.600000000000000089e+00 2.314360000000000028e-01 4.345099999999999657e-02 9.718790000000000484e-01 5.433219999999999716e-01 8.229140000000000343e-01 -1.661739999999999884e-01 -8.069939999999999891e-01 5.665019999999999500e-01 1.668439999999999923e-01
1.200000000000000000e+01 4.300000000000000000e+01 7.300000000000000000e+01 0.000000000000000000e+00 1.600000000000000089e+00 -4.793200000000000238e-02 -1.119730000000000031e-01 9.925549999999999651e-01 5.148400000000000198e-02 -9.926530000000000076e-01 -1.094969999999999971e-01 9.975230000000000485e-01 4.585199999999999693e-02 5.334400000000000253e-02
2.000000000000000000e+00 4.400000000000000000e+01 7.300000000000000000e+01 0.000000000000000000e+00 1.600000000000000089e+00 -1.922000000000000097e-03 -5.140999999999999737e-03 9.999850000000000128e-01 5.653600000000000292e-02 -9.983880000000000532e-01 -5.023999999999999820e-03 9.983990000000000364e-01 5.652499999999999886e-02 2.210000000000000159e-03
9.000000000000000000e+00 4.400000000000000000e+01 7.300000000000000000e+01 0.000000000000000000e+00 1.600000000000000089e+00 -3.650400000000000172e-02 -1.116260000000000030e-01 9.930799999999999628e-01 2.171199999999999866e-02 -9.935960000000000347e-01 -1.108859999999999985e-01 9.990980000000000416e-01 1.751399999999999832e-02 3.869299999999999823e-02
4.000000000000000000e+00 2.500000000000000000e+01 7.400000000000000000e+01 0.000000000000000000e+00 1.600000000000000089e+00 -6.070000000000000092e-04 3.710000000000000190e-04 1.000000000000000000e+00 8.234479999999999578e-01 -5.673920000000000075e-01 7.100000000000000191e-04 5.673920000000000075e-01 8.234479999999999578e-01 3.899999999999999929e-05
1.200000000000000000e+01 2.500000000000000000e+01 7.400000000000000000e+01 0.000000000000000000e+00 1.600000000000000089e+00 9.610000000000000486e-04 -5.529999999999999976e-04 9.999989999999999712e-01 8.279320000000000013e-01 -5.608279999999999932e-01 -1.105999999999999995e-03 5.608279999999999932e-01 8.279320000000000013e-01 -8.100000000000000375e-05
1.700000000000000000e+01 2.500000000000000000e+01 7.400000000000000000e+01 0.000000000000000000e+00 1.600000000000000089e+00 -3.445999999999999844e-03 -9.105000000000000246e-03 9.999529999999999808e-01 8.202129999999999699e-01 -5.720530000000000337e-01 -2.383000000000000135e-03 5.720480000000000009e-01 8.201659999999999506e-01 9.438999999999999474e-03
2.400000000000000000e+01 2.500000000000000000e+01 7.400000000000000000e+01 0.000000000000000000e+00 1.600000000000000089e+00 -2.900000000000000017e-04 2.577999999999999996e-03 9.999970000000000248e-01 8.212199999999999500e-01 -5.706080000000000041e-01 1.709999999999999932e-03 5.706109999999999793e-01 8.212180000000000035e-01 -1.951999999999999959e-03
2.800000000000000000e+01 2.500000000000000000e+01 7.400000000000000000e+01 0.000000000000000000e+00 1.600000000000000089e+00 -1.340000000000000045e-04 2.137000000000000011e-03 9.999980000000000535e-01 8.246670000000000389e-01 -5.656170000000000364e-01 1.319999999999999993e-03 5.656189999999999829e-01 8.246649999999999814e-01 -1.685999999999999999e-03
3.000000000000000000e+00 9.100000000000000000e+01 7.600000000000000000e+01 0.000000000000000000e+00 1.600000000000000089e+00 1.327999999999999970e-03 -3.710000000000000190e-04 9.999989999999999712e-01 4.016120000000000245e-01 -9.158089999999999842e-01 -8.729999999999999696e-04 9.158089999999999842e-01 4.016129999999999978e-01 -1.067000000000000023e-03
1.100000000000000000e+01 9.100000000000000000e+01 7.600000000000000000e+01 0.000000000000000000e+00 1.600000000000000089e+00 1.250999999999999942e-03 1.260999999999999968e-03 9.999980000000000535e-01 3.956450000000000244e-01 -9.184029999999999694e-01 6.629999999999999609e-04 9.184029999999999694e-01 3.956439999999999957e-01 -1.647999999999999942e-03
1.700000000000000000e+01 9.100000000000000000e+01 7.600000000000000000e+01 0.000000000000000000e+00 1.600000000000000089e+00 -1.479999999999999979e-03 -2.374999999999999941e-03 9.999959999999999960e-01 3.958130000000000259e-01 -9.183299999999999796e-01 -1.595999999999999979e-03 9.183299999999999796e-01 3.958099999999999952e-01 2.298999999999999828e-03
2.200000000000000000e+01 9.100000000000000000e+01 7.600000000000000000e+01 0.000000000000000000e+00 1.600000000000000089e+00 -5.976000000000000409e-03 2.079999999999999872e-04 9.999820000000000375e-01 3.892439999999999789e-01 -9.211310000000000331e-01 2.517999999999999839e-03 9.211150000000000171e-01 3.892530000000000157e-01 5.422999999999999869e-03
3.000000000000000000e+01 1.000000000000000000e+02 7.600000000000000000e+01 0.000000000000000000e+00 1.600000000000000089e+00 1.006199999999999976e-02 -7.308299999999999519e-02 -9.972750000000000226e-01 -9.067060000000000120e-01 4.198709999999999942e-01 -3.991700000000000109e-02 4.216440000000000188e-01 9.046370000000000244e-01 -6.203999999999999793e-02
1.400000000000000000e+01 9.000000000000000000e+00 8.200000000000000000e+01 0.000000000000000000e+00 1.600000000000000089e+00 -2.979999999999999793e-04 4.500999999999999793e-03 -9.999900000000000455e-01 5.708710000000000173e-01 8.210319999999999840e-01 3.524999999999999922e-03 8.210399999999999920e-01 -5.708640000000000381e-01 -2.814999999999999794e-03
2.500000000000000000e+01 9.000000000000000000e+00 8.200000000000000000e+01 0.000000000000000000e+00 1.600000000000000089e+00 3.119999999999999944e-04 -5.973000000000000011e-03 -9.999820000000000375e-01 5.718309999999999782e-01 8.203580000000000316e-01 -4.721999999999999635e-03 8.203709999999999614e-01 -5.718189999999999662e-01 3.671999999999999917e-03
7.000000000000000000e+00 1.010000000000000000e+02 8.300000000000000000e+01 0.000000000000000000e+00 1.600000000000000089e+00 -8.199999999999999824e-04 -1.137999999999999906e-03 9.999989999999999712e-01 9.951379999999999670e-01 9.848999999999999422e-02 9.280000000000000054e-04 -9.849099999999999522e-02 9.951370000000000493e-01 1.051000000000000068e-03
1.900000000000000000e+01 4.800000000000000000e+01 8.400000000000000000e+01 0.000000000000000000e+00 1.600000000000000089e+00 -4.747999999999999617e-03 -4.061000000000000373e-03 -9.999799999999999800e-01 -9.465750000000000552e-01 -3.224330000000000251e-01 5.804000000000000131e-03 -3.224500000000000144e-01 9.465839999999999810e-01 -2.312999999999999952e-03
