1.500000000000000000e+01 1.500000000000000000e+01 4.000000000000000000e+00 0.000000000000000000e+00 1.600000000000000089e+00 3.072000000000000078e-03 7.577999999999999667e-03 9.999670000000000503e-01 2.688570000000000126e-01 -9.631579999999999586e-01 6.472999999999999587e-03 9.631750000000000034e-01 2.688280000000000114e-01 -4.995999999999999573e-03
1.900000000000000000e+01 1.500000000000000000e+01 4.000000000000000000e+00 0.000000000000000000e+00 1.600000000000000089e+00 -1.717999999999999909e-03 6.641000000000000202e-03 9.999759999999999760e-01 2.723369999999999957e-01 -9.621769999999999490e-01 6.858000000000000380e-03 9.622000000000000552e-01 2.723430000000000017e-01 -1.559999999999999972e-04
3.000000000000000000e+00 1.600000000000000000e+01 4.000000000000000000e+00 0.000000000000000000e+00 1.600000000000000089e+00 4.362000000000000426e-03 -1.718899999999999942e-02 9.998430000000000373e-01 3.245600000000000152e-01 -9.456999999999999851e-01 -1.767399999999999874e-02 9.458550000000000013e-01 3.245859999999999856e-01 1.453999999999999997e-03
1.300000000000000000e+01 1.600000000000000000e+01 4.000000000000000000e+00 0.000000000000000000e+00 1.600000000000000089e+00 2.962999999999999922e-03 -6.930000000000000396e-04 9.999949999999999672e-01 3.294650000000000079e-01 -9.441659999999999497e-01 -1.629999999999999939e-03 9.441629999999999745e-01 3.294679999999999831e-01 -2.569000000000000103e-03
9.000000000000000000e+00 1.010000000000000000e+02 7.000000000000000000e+00 0.000000000000000000e+00 1.600000000000000089e+00 -7.100000000000000462e-05 7.899999999999999579e-05 1.000000000000000000e+00 8.848620000000000374e-01 4.658530000000000171e-01 2.599999999999999840e-05 -4.658530000000000171e-01 8.848620000000000374e-01 -1.029999999999999964e-04
1.200000000000000000e+01 1.010000000000000000e+02 7.000000000000000000e+00 0.000000000000000000e+00 1.600000000000000089e+00 9.250000000000000409e-04 2.482999999999999964e-03 9.999959999999999960e-01 8.844840000000000479e-01 4.665670000000000095e-01 -1.977000000000000025e-03 -4.665699999999999847e-01 8.844830000000000192e-01 -1.765000000000000076e-03
2.800000000000000000e+01 1.010000000000000000e+02 7.000000000000000000e+00 0.000000000000000000e+00 1.600000000000000089e+00 9.870000000000000301e-04 2.743000000000000212e-03 9.999959999999999960e-01 8.835190000000000543e-01 4.683899999999999730e-01 -2.157000000000000063e-03 -4.683939999999999770e-01 8.835180000000000256e-01 -1.961000000000000069e-03
3.000000000000000000e+00 1.500000000000000000e+01 8.000000000000000000e+00 0.000000000000000000e+00 1.600000000000000089e+00 -7.445000000000000229e-03 -1.881000000000000033e-02 -9.997949999999999893e-01 -5.720509999999999762e-01 -8.199819999999999887e-01 1.968699999999999964e-02 -8.201850000000000529e-01 5.720800000000000329e-01 -4.655000000000000283e-03
6.000000000000000000e+00 1.500000000000000000e+01 8.000000000000000000e+00 0.000000000000000000e+00 1.600000000000000089e+00 -7.034000000000000322e-03 -2.079299999999999898e-02 -9.997589999999999533e-01 -5.750560000000000116e-01 -8.178429999999999866e-01 2.105599999999999833e-02 -8.180840000000000334e-01 5.750650000000000484e-01 -6.204000000000000313e-03
1.100000000000000000e+01 1.500000000000000000e+01 8.000000000000000000e+00 0.000000000000000000e+00 1.600000000000000089e+00 -2.827000000000000086e-03 -5.483000000000000027e-03 -9.999810000000000088e-01 -5.790520000000000111e-01 -8.152679999999999927e-01 6.106999999999999582e-03 -8.152859999999999552e-01 5.790579999999999616e-01 -8.700000000000000051e-04
1.500000000000000000e+01 1.500000000000000000e+01 8.000000000000000000e+00 0.000000000000000000e+00 1.600000000000000089e+00 -3.669999999999999760e-04 6.924999999999999732e-03 -9.999759999999999760e-01 -5.799490000000000478e-01 -8.146349999999999980e-01 -5.427999999999999665e-03 -8.146529999999999605e-01 5.799330000000000318e-01 4.315000000000000259e-03
1.800000000000000000e+01 1.500000000000000000e+01 8.000000000000000000e+00 0.000000000000000000e+00 1.600000000000000089e+00 1.494000000000000102e-03 6.056999999999999884e-03 -9.999810000000000088e-01 -5.793509999999999494e-01 -8.150570000000000315e-01 -5.801999999999999866e-03 -8.150770000000000515e-01 5.793490000000000029e-01 2.291000000000000068e-03
2.200000000000000000e+01 1.500000000000000000e+01 8.000000000000000000e+00 0.000000000000000000e+00 1.600000000000000089e+00 9.759999999999999796e-04 -4.954000000000000070e-03 -9.999869999999999592e-01 -5.776780000000000248e-01 -8.162570000000000103e-01 3.480000000000000020e-03 -8.162639999999999896e-01 5.776670000000000416e-01 -3.658999999999999926e-03
2.500000000000000000e+01 1.500000000000000000e+01 8.000000000000000000e+00 0.000000000000000000e+00 1.600000000000000089e+00 -2.739999999999999814e-03 -9.513999999999999888e-03 -9.999510000000000343e-01 -5.778309999999999835e-01 -8.161030000000000229e-01 9.348000000000000406e-03 -8.161519999999999886e-01 5.778280000000000083e-01 -3.261000000000000010e-03
6.000000000000000000e+00 2.600000000000000000e+01 8.000000000000000000e+00 0.000000000000000000e+00 1.600000000000000089e+00 6.649999999999999661e-03 2.261300000000000116e-02 -9.997219999999999995e-01 4.124610000000000221e-01 9.106760000000000410e-01 2.334200000000000164e-02 9.109509999999999552e-01 -4.125010000000000066e-01 -3.271000000000000036e-03
1.400000000000000000e+01 2.600000000000000000e+01 8.000000000000000000e+00 0.000000000000000000e+00 1.600000000000000089e+00 7.119999999999999593e-04 -1.443999999999999971e-03 -9.999989999999999712e-01 4.094769999999999799e-01 9.123200000000000198e-01 -1.026000000000000002e-03 9.123200000000000198e-01 -4.094760000000000066e-01 1.240000000000000000e-03
2.200000000000000000e+01 2.600000000000000000e+01 8.000000000000000000e+00 0.000000000000000000e+00 1.600000000000000089e+00 5.169999999999999899e-04 6.279999999999999775e-04 -1.000000000000000000e+00 4.106110000000000038e-01 9.118100000000000094e-01 7.849999999999999990e-04 9.118100000000000094e-01 -4.106119999999999770e-01 2.130000000000000003e-04
3.000000000000000000e+01 2.600000000000000000e+01 8.000000000000000000e+00 0.000000000000000000e+00 1.600000000000000089e+00 4.913999999999999965e-03 1.164100000000000031e-02 -9.999200000000000310e-01 4.084329999999999905e-01 9.127009999999999845e-01 1.263300000000000013e-02 9.127750000000000030e-01 -4.084619999999999918e-01 -2.700000000000000035e-04
7.000000000000000000e+00 2.400000000000000000e+01 9.000000000000000000e+00 0.000000000000000000e+00 1.600000000000000089e+00 7.296000000000000402e-03 2.421500000000000041e-02 -9.996800000000000130e-01 4.667089999999999850e-01 8.840630000000000432e-01 2.482099999999999931e-02 8.843809999999999727e-01 -4.667410000000000170e-01 -4.852000000000000410e-03
1.100000000000000000e+01 2.400000000000000000e+01 9.000000000000000000e+00 0.000000000000000000e+00 1.600000000000000089e+00 4.545999999999999694e-03 1.332500000000000004e-02 -9.999010000000000398e-01 4.636440000000000006e-01 8.859120000000000328e-01 1.391399999999999929e-02 8.860099999999999643e-01 -4.636609999999999898e-01 -2.151000000000000134e-03
1.900000000000000000e+01 2.400000000000000000e+01 9.000000000000000000e+00 0.000000000000000000e+00 1.600000000000000089e+00 -5.150000000000000498e-04 -3.681999999999999943e-03 -9.999930000000000208e-01 4.623920000000000252e-01 8.866690000000000405e-01 -3.503000000000000037e-03 8.866749999999999909e-01 -4.623909999999999965e-01 1.245999999999999929e-03
2.200000000000000000e+01 2.400000000000000000e+01 9.000000000000000000e+00 0.000000000000000000e+00 1.600000000000000089e+00 5.130000000000000011e-04 2.001000000000000174e-03 -9.999980000000000535e-01 4.626720000000000277e-01 8.865269999999999539e-01 2.011999999999999900e-03 8.865290000000000115e-01 -4.626720000000000277e-01 -4.710000000000000102e-04
2.800000000000000000e+01 2.400000000000000000e+01 9.000000000000000000e+00 0.000000000000000000e+00 1.600000000000000089e+00 5.279999999999999971e-03 8.918000000000000579e-03 -9.999460000000000015e-01 4.601950000000000207e-01 8.877580000000000471e-01 1.034799999999999956e-02 8.878019999999999801e-01 -4.602249999999999952e-01 5.829999999999999679e-04
2.200000000000000000e+01 1.040000000000000000e+02 1.100000000000000000e+01 0.000000000000000000e+00 1.600000000000000089e+00 2.730000000000000222e-04 -4.000000000000000083e-03 9.999919999999999920e-01 -9.725530000000000008e-01 -2.326789999999999969e-01 -6.660000000000000338e-04 2.326799999999999979e-01 -9.725449999999999928e-01 -3.954000000000000049e-03
1.000000000000000000e+00 3.100000000000000000e+01 1.200000000000000000e+01 0.000000000000000000e+00 1.600000000000000089e+00 1.817000000000000039e-03 1.975999999999999892e-03 9.999959999999999960e-01 -1.299200000000000008e-02 9.999139999999999695e-01 -1.951999999999999959e-03 -9.999139999999999695e-01 -1.298900000000000055e-02 1.842000000000000104e-03
9.000000000000000000e+00 3.100000000000000000e+01 1.200000000000000000e+01 0.000000000000000000e+00 1.600000000000000089e+00 -4.949999999999999973e-04 5.237000000000000335e-03 9.999860000000000415e-01 -8.942000000000000295e-03 9.999460000000000015e-01 -5.240999999999999999e-03 -9.999599999999999600e-01 -8.944999999999999826e-03 -4.479999999999999933e-04
1.500000000000000000e+01 3.100000000000000000e+01 1.200000000000000000e+01 0.000000000000000000e+00 1.600000000000000089e+00 -2.970000000000000092e-04 8.130000000000000291e-04 1.000000000000000000e+00 -5.667000000000000162e-03 9.999839999999999840e-01 -8.149999999999999693e-04 -9.999839999999999840e-01 -5.667000000000000162e-03 -2.919999999999999961e-04
1.900000000000000000e+01 3.100000000000000000e+01 1.200000000000000000e+01 0.000000000000000000e+00 1.600000000000000089e+00 1.910000000000000077e-04 2.657000000000000074e-03 9.999959999999999960e-01 -9.089999999999999773e-04 9.999959999999999960e-01 -2.657000000000000074e-03 -1.000000000000000000e+00 -9.079999999999999530e-04 1.939999999999999993e-04
2.600000000000000000e+01 3.100000000000000000e+01 1.200000000000000000e+01 0.000000000000000000e+00 1.600000000000000089e+00 -9.959999999999999236e-04 5.427000000000000400e-03 9.999850000000000128e-01 3.945999999999999855e-03 9.999780000000000335e-01 -5.422999999999999869e-03 -9.999919999999999920e-01 3.939999999999999926e-03 -1.016999999999999892e-03
4.000000000000000000e+00 1.200000000000000000e+01 1.500000000000000000e+01 0.000000000000000000e+00 1.600000000000000089e+00 -3.981000000000000164e-03 -6.648000000000000263e-03 -9.999700000000000255e-01 -4.726170000000000093e-01 -8.812339999999999618e-01 7.740000000000000352e-03 -8.812590000000000146e-01 4.726339999999999986e-01 3.660000000000000059e-04
9.000000000000000000e+00 1.200000000000000000e+01 1.500000000000000000e+01 0.000000000000000000e+00 1.600000000000000089e+00 -2.101000000000000003e-03 -4.229000000000000120e-03 -9.999890000000000168e-01 -4.733319999999999750e-01 -8.808709999999999596e-01 4.720000000000000237e-03 -8.808810000000000251e-01 4.733370000000000077e-01 -1.510000000000000112e-04
1.400000000000000000e+01 1.200000000000000000e+01 1.500000000000000000e+01 0.000000000000000000e+00 1.600000000000000089e+00 -8.210000000000000067e-04 3.105999999999999820e-03 -9.999949999999999672e-01 -4.745139999999999914e-01 -8.802450000000000552e-01 -2.344000000000000163e-03 -8.802470000000000017e-01 4.745099999999999874e-01 2.197000000000000168e-03
2.000000000000000000e+01 1.200000000000000000e+01 1.500000000000000000e+01 0.000000000000000000e+00 1.600000000000000089e+00 1.289999999999999914e-03 4.089999999999999886e-03 -9.999909999999999632e-01 -4.739229999999999832e-01 -8.805560000000000054e-01 -4.212999999999999731e-03 -8.805650000000000421e-01 4.739240000000000119e-01 8.019999999999999785e-04
2.500000000000000000e+01 1.200000000000000000e+01 1.500000000000000000e+01 0.000000000000000000e+00 1.600000000000000089e+00 -2.053999999999999836e-03 -3.317000000000000070e-03 -9.999919999999999920e-01 -4.710969999999999880e-01 -8.820729999999999960e-01 3.893000000000000193e-03 -8.820789999999999464e-01 4.711009999999999920e-01 2.489999999999999809e-04
2.900000000000000000e+01 1.200000000000000000e+01 1.500000000000000000e+01 0.000000000000000000e+00 1.600000000000000089e+00 -4.263000000000000296e-03 -1.644000000000000062e-03 -9.999900000000000455e-01 -4.678660000000000041e-01 -8.837930000000000508e-01 3.446999999999999977e-03 -8.837890000000000468e-01 4.678760000000000141e-01 2.998999999999999930e-03
5.000000000000000000e+00 2.000000000000000000e+00 1.900000000000000000e+01 0.000000000000000000e+00 1.600000000000000089e+00 2.684000000000000188e-03 -1.107200000000000024e-02 -9.999350000000000183e-01 1.601130000000000053e-01 -9.870330000000000492e-01 1.135899999999999931e-02 -9.870949999999999447e-01 -1.601329999999999976e-01 -8.769999999999999584e-04
8.000000000000000000e+00 2.000000000000000000e+00 1.900000000000000000e+01 0.000000000000000000e+00 1.600000000000000089e+00 3.158999999999999916e-03 -4.976999999999999653e-03 -9.999829999999999552e-01 1.642520000000000091e-01 -9.864039999999999475e-01 5.428999999999999798e-03 -9.864129999999999843e-01 -1.642659999999999954e-01 -2.298000000000000129e-03
1.300000000000000000e+01 2.000000000000000000e+00 1.900000000000000000e+01 0.000000000000000000e+00 1.600000000000000089e+00 -5.280000000000000405e-04 9.412000000000000227e-03 -9.999559999999999560e-01 1.663310000000000066e-01 -9.860250000000000403e-01 -9.369000000000000591e-03 -9.860700000000000021e-01 -1.663290000000000046e-01 -1.044999999999999922e-03
1.700000000000000000e+01 2.000000000000000000e+00 1.900000000000000000e+01 0.000000000000000000e+00 1.600000000000000089e+00 1.373000000000000088e-03 4.936000000000000283e-03 -9.999869999999999592e-01 1.657480000000000064e-01 -9.861569999999999503e-01 -4.640000000000000027e-03 -9.861670000000000158e-01 -1.657399999999999984e-01 -2.171999999999999886e-03
2.000000000000000000e+01 2.000000000000000000e+00 1.900000000000000000e+01 0.000000000000000000e+00 1.600000000000000089e+00 2.575000000000000032e-03 -7.039999999999999817e-04 -9.999959999999999960e-01 1.648439999999999905e-01 -9.863189999999999458e-01 1.118999999999999986e-03 -9.863159999999999705e-01 -1.648459999999999925e-01 -2.423999999999999939e-03
2.200000000000000000e+01 2.000000000000000000e+00 1.900000000000000000e+01 0.000000000000000000e+00 1.600000000000000089e+00 1.193000000000000050e-03 -1.041000000000000042e-03 -9.999989999999999712e-01 1.652480000000000060e-01 -9.862509999999999888e-01 1.224000000000000045e-03 -9.862509999999999888e-01 -1.652490000000000070e-01 -1.005000000000000034e-03
2.600000000000000000e+01 2.000000000000000000e+00 1.900000000000000000e+01 0.000000000000000000e+00 1.600000000000000089e+00 -2.056000000000000102e-03 -3.031999999999999973e-03 -9.999930000000000208e-01 1.687839999999999896e-01 -9.856500000000000261e-01 2.641000000000000118e-03 -9.856510000000000549e-01 -1.687770000000000103e-01 2.537999999999999892e-03
8.000000000000000000e+00 4.000000000000000000e+00 2.000000000000000000e+01 0.000000000000000000e+00 1.600000000000000089e+00 4.523000000000000111e-03 -5.467999999999999770e-03 -9.999749999999999472e-01 2.569810000000000150e-01 -9.663950000000000040e-01 6.446999999999999606e-03 -9.664059999999999873e-01 -2.570040000000000102e-01 -2.965999999999999887e-03
1.600000000000000000e+01 4.000000000000000000e+00 2.000000000000000000e+01 0.000000000000000000e+00 1.600000000000000089e+00 1.859999999999999945e-04 5.648000000000000242e-03 -9.999839999999999840e-01 2.552780000000000049e-01 -9.668520000000000447e-01 -5.414000000000000409e-03 -9.668679999999999497e-01 -2.552730000000000277e-01 -1.621999999999999961e-03
2.100000000000000000e+01 4.000000000000000000e+00 2.000000000000000000e+01 0.000000000000000000e+00 1.600000000000000089e+00 2.625000000000000163e-03 1.887000000000000005e-03 -9.999949999999999672e-01 2.567590000000000150e-01 -9.664749999999999730e-01 -1.149999999999999981e-03 -9.664719999999999978e-01 -2.567550000000000110e-01 -3.021999999999999947e-03
2.800000000000000000e+01 4.000000000000000000e+00 2.000000000000000000e+01 0.000000000000000000e+00 1.600000000000000089e+00 -1.090000000000000067e-04 -8.470999999999999364e-03 -9.999639999999999640e-01 2.656660000000000132e-01 -9.640309999999999713e-01 8.137000000000000136e-03 -9.640649999999999498e-01 -2.656560000000000032e-01 2.354999999999999889e-03
3.000000000000000000e+01 4.000000000000000000e+00 2.000000000000000000e+01 0.000000000000000000e+00 1.600000000000000089e+00 4.169999999999999987e-04 -8.285000000000000697e-03 -9.999660000000000215e-01 2.689650000000000096e-01 -9.631159999999999721e-01 8.092000000000000234e-03 -9.631499999999999506e-01 -2.689590000000000036e-01 1.825999999999999932e-03
1.000000000000000000e+00 1.300000000000000000e+01 2.000000000000000000e+01 0.000000000000000000e+00 1.600000000000000089e+00 -1.894000000000000067e-03 -5.120000000000000419e-03 9.999850000000000128e-01 2.517780000000000018e-01 9.677700000000000191e-01 5.432000000000000196e-03 -9.677829999999999488e-01 2.517840000000000078e-01 -5.439999999999999957e-04
8.000000000000000000e+00 1.300000000000000000e+01 2.000000000000000000e+01 0.000000000000000000e+00 1.600000000000000089e+00 -8.670000000000000406e-04 7.690000000000000438e-04 9.999989999999999712e-01 2.557590000000000141e-01 9.667400000000000437e-01 -5.220000000000000031e-04 -9.667400000000000437e-01 2.557579999999999854e-01 -1.034999999999999896e-03
1.100000000000000000e+01 1.300000000000000000e+01 2.000000000000000000e+01 0.000000000000000000e+00 1.600000000000000089e+00 -1.178999999999999927e-03 -5.749999999999999903e-04 9.999989999999999712e-01 2.569270000000000165e-01 9.664300000000000113e-01 8.589999999999999546e-04 -9.664300000000000113e-01 2.569279999999999897e-01 -9.909999999999999105e-04
1.900000000000000000e+01 1.300000000000000000e+01 2.000000000000000000e+01 0.000000000000000000e+00 1.600000000000000089e+00 3.020000000000000223e-04 7.630000000000000063e-04 1.000000000000000000e+00 2.559339999999999948e-01 9.666940000000000532e-01 -8.149999999999999693e-04 -9.666940000000000532e-01 2.559339999999999948e-01 9.600000000000000243e-05
2.700000000000000000e+01 1.300000000000000000e+01 2.000000000000000000e+01 0.000000000000000000e+00 1.600000000000000089e+00 -8.100000000000000375e-05 6.030999999999999903e-03 9.999820000000000375e-01 2.585480000000000000e-01 9.659809999999999786e-01 -5.806000000000000397e-03 -9.659980000000000233e-01 2.585430000000000228e-01 -1.637000000000000000e-03
1.300000000000000000e+01 1.600000000000000000e+01 2.100000000000000000e+01 0.000000000000000000e+00 1.600000000000000089e+00 -1.838000000000000007e-03 -6.239999999999999887e-04 9.999980000000000535e-01 2.997980000000000089e-01 9.540020000000000167e-01 1.146000000000000100e-03 -9.540009999999999879e-01 2.997989999999999822e-01 -1.565999999999999901e-03
1.900000000000000000e+01 1.600000000000000000e+01 2.100000000000000000e+01 0.000000000000000000e+00 1.600000000000000089e+00 -1.150000000000000035e-04 2.338999999999999933e-03 9.999970000000000248e-01 2.976170000000000204e-01 9.546829999999999483e-01 -2.199000000000000000e-03 -9.546850000000000058e-01 2.976159999999999917e-01 -8.059999999999999673e-04
2.800000000000000000e+01 1.600000000000000000e+01 2.100000000000000000e+01 0.000000000000000000e+00 1.600000000000000089e+00 3.379999999999999758e-04 5.060000000000000261e-03 9.999869999999999592e-01 2.978350000000000164e-01 9.546050000000000368e-01 -4.930999999999999620e-03 -9.546170000000000488e-01 2.978319999999999856e-01 -1.185000000000000072e-03
4.000000000000000000e+00 4.600000000000000000e+01 2.700000000000000000e+01 0.000000000000000000e+00 1.600000000000000089e+00 1.941999999999999933e-03 1.090000000000000067e-04 -9.999980000000000535e-01 6.830450000000000133e-01 7.303749999999999964e-01 1.405999999999999915e-03 7.303739999999999677e-01 -6.830460000000000420e-01 1.343999999999999926e-03
3.000000000000000000e+00 4.600000000000000000e+01 3.000000000000000000e+01 0.000000000000000000e+00 1.600000000000000089e+00 2.129999999999999949e-03 1.420000000000000038e-03 -9.999970000000000248e-01 3.354719999999999924e-01 9.420479999999999965e-01 2.052000000000000005e-03 9.420479999999999965e-01 -3.354750000000000232e-01 1.529999999999999893e-03
7.000000000000000000e+00 4.600000000000000000e+01 3.000000000000000000e+01 0.000000000000000000e+00 1.600000000000000089e+00 -4.519999999999999821e-04 3.999999999999999819e-06 -1.000000000000000000e+00 3.347660000000000080e-01 9.423010000000000552e-01 -1.479999999999999925e-04 9.423010000000000552e-01 -3.347660000000000080e-01 -4.270000000000000249e-04
3.000000000000000000e+01 4.600000000000000000e+01 3.000000000000000000e+01 0.000000000000000000e+00 1.600000000000000089e+00 4.150000000000000043e-03 1.320999999999999909e-03 -9.999909999999999632e-01 3.347580000000000000e-01 9.423000000000000265e-01 2.634000000000000057e-03 9.422949999999999937e-01 -3.347660000000000080e-01 3.468000000000000162e-03
6.000000000000000000e+00 5.800000000000000000e+01 3.100000000000000000e+01 0.000000000000000000e+00 1.600000000000000089e+00 -8.620000000000000275e-04 1.748999999999999904e-03 9.999980000000000535e-01 -7.840690000000000159e-01 -6.206730000000000302e-01 4.099999999999999912e-04 6.206730000000000302e-01 -7.840669999999999584e-01 1.905999999999999925e-03
1.100000000000000000e+01 5.800000000000000000e+01 3.100000000000000000e+01 0.000000000000000000e+00 1.600000000000000089e+00 -2.396999999999999825e-03 -2.351999999999999924e-03 9.999940000000000495e-01 -7.875020000000000353e-01 -6.163020000000000165e-01 -3.337000000000000122e-03 6.163070000000000492e-01 -7.875060000000000393e-01 -3.750000000000000078e-04
1.700000000000000000e+01 5.800000000000000000e+01 3.100000000000000000e+01 0.000000000000000000e+00 1.600000000000000089e+00 -2.358999999999999986e-03 2.220000000000000022e-04 9.999970000000000248e-01 -7.919340000000000268e-01 -6.106040000000000356e-01 -1.732999999999999948e-03 6.106019999999999781e-01 -7.919359999999999733e-01 1.616000000000000032e-03
2.100000000000000000e+01 5.800000000000000000e+01 3.100000000000000000e+01 0.000000000000000000e+00 1.600000000000000089e+00 2.069999999999999900e-04 -2.177000000000000116e-03 9.999980000000000535e-01 -7.926729999999999610e-01 -6.096460000000000212e-01 -1.162999999999999971e-03 6.096470000000000500e-01 -7.926710000000000145e-01 -1.851999999999999914e-03
2.500000000000000000e+01 5.800000000000000000e+01 3.100000000000000000e+01 0.000000000000000000e+00 1.600000000000000089e+00 -7.410000000000000137e-04 1.845999999999999985e-03 9.999980000000000535e-01 -7.953010000000000357e-01 -6.062140000000000306e-01 5.299999999999999807e-04 6.062140000000000306e-01 -7.953000000000000069e-01 1.918000000000000000e-03
2.900000000000000000e+01 5.800000000000000000e+01 3.100000000000000000e+01 0.000000000000000000e+00 1.600000000000000089e+00 -1.072000000000000036e-03 -1.631000000000000071e-03 9.999980000000000535e-01 -7.975090000000000234e-01 -6.033039999999999514e-01 -1.838999999999999923e-03 6.033049999999999802e-01 -7.975100000000000522e-01 -6.539999999999999590e-04
2.300000000000000000e+01 6.000000000000000000e+00 3.200000000000000000e+01 0.000000000000000000e+00 1.600000000000000089e+00 1.721000000000000090e-03 5.636000000000000384e-03 -9.999829999999999552e-01 1.816339999999999899e-01 9.833490000000000286e-01 5.854999999999999961e-03 9.833650000000000446e-01 -1.816409999999999969e-01 6.689999999999999983e-04
2.800000000000000000e+01 6.000000000000000000e+00 3.200000000000000000e+01 0.000000000000000000e+00 1.600000000000000089e+00 1.137999999999999906e-03 5.039999999999999992e-04 -9.999989999999999712e-01 1.720760000000000067e-01 9.850830000000000419e-01 6.930000000000000396e-04 9.850830000000000419e-01 -1.720770000000000077e-01 1.033999999999999980e-03
1.600000000000000000e+01 2.200000000000000000e+01 3.400000000000000000e+01 0.000000000000000000e+00 1.600000000000000089e+00 1.093999999999999920e-03 1.868000000000000086e-03 9.999980000000000535e-01 3.794699999999999740e-01 -9.252029999999999976e-01 1.312999999999999931e-03 9.252029999999999976e-01 3.794680000000000275e-01 -1.722000000000000006e-03
1.600000000000000000e+01 4.300000000000000000e+01 3.400000000000000000e+01 0.000000000000000000e+00 1.600000000000000089e+00 1.175000000000000046e-03 -3.082000000000000104e-03 -9.999949999999999672e-01 -3.319520000000000248e-01 9.432909999999999906e-01 -3.297000000000000017e-03 9.432960000000000234e-01 3.319540000000000268e-01 8.500000000000000611e-05
2.000000000000000000e+00 4.600000000000000000e+01 3.500000000000000000e+01 0.000000000000000000e+00 1.600000000000000089e+00 3.269999999999999795e-04 -3.556000000000000133e-03 -9.999940000000000495e-01 3.866470000000000184e-01 -9.222219999999999862e-01 3.406000000000000173e-03 -9.222280000000000477e-01 -3.866450000000000164e-01 1.074000000000000085e-03
7.000000000000000000e+00 4.600000000000000000e+01 3.500000000000000000e+01 0.000000000000000000e+00 1.600000000000000089e+00 1.240000000000000054e-04 -1.069999999999999988e-04 -1.000000000000000000e+00 3.877639999999999976e-01 -9.217589999999999950e-01 1.459999999999999981e-04 -9.217589999999999950e-01 -3.877639999999999976e-01 -7.299999999999999903e-05
1.200000000000000000e+01 4.600000000000000000e+01 3.500000000000000000e+01 0.000000000000000000e+00 1.600000000000000089e+00 4.169999999999999987e-04 1.793000000000000106e-03 -9.999980000000000535e-01 3.875899999999999901e-01 -9.218300000000000383e-01 -1.490999999999999921e-03 -9.218319999999999848e-01 -3.875890000000000168e-01 -1.079000000000000098e-03
1.800000000000000000e+01 4.600000000000000000e+01 3.500000000000000000e+01 0.000000000000000000e+00 1.600000000000000089e+00 -1.208000000000000089e-03 -1.649999999999999991e-04 -9.999989999999999712e-01 3.889380000000000059e-01 -9.212639999999999718e-01 -3.179999999999999776e-04 -9.212630000000000541e-01 -3.889380000000000059e-01 1.178000000000000011e-03
2.200000000000000000e+01 4.600000000000000000e+01 3.500000000000000000e+01 0.000000000000000000e+00 1.600000000000000089e+00 1.137999999999999906e-03 -3.399000000000000112e-03 -9.999940000000000495e-01 3.883610000000000118e-01 -9.214999999999999858e-01 3.573999999999999920e-03 -9.215069999999999650e-01 -3.883619999999999850e-01 2.709999999999999735e-04
2.600000000000000000e+01 4.600000000000000000e+01 3.500000000000000000e+01 0.000000000000000000e+00 1.600000000000000089e+00 -3.919999999999999873e-04 -1.216000000000000067e-03 -9.999989999999999712e-01 3.877050000000000218e-01 -9.217830000000000190e-01 9.690000000000000262e-04 -9.217840000000000478e-01 -3.877039999999999931e-01 8.319999999999999488e-04
2.900000000000000000e+01 4.600000000000000000e+01 3.500000000000000000e+01 0.000000000000000000e+00 1.600000000000000089e+00 -1.758000000000000014e-03 -1.314000000000000064e-03 -9.999980000000000535e-01 3.873130000000000184e-01 -9.219479999999999897e-01 5.299999999999999807e-04 -9.219469999999999610e-01 -3.873110000000000164e-01 2.129999999999999949e-03
2.000000000000000000e+00 9.500000000000000000e+01 3.600000000000000000e+01 0.000000000000000000e+00 1.600000000000000089e+00 -3.880999999999999901e-03 -1.342100000000000064e-02 9.999019999999999575e-01 9.960560000000000525e-01 8.858299999999999508e-02 5.054999999999999598e-03 -8.864199999999999857e-02 9.959780000000000300e-01 1.302500000000000012e-02
1.000000000000000000e+01 9.500000000000000000e+01 3.600000000000000000e+01 0.000000000000000000e+00 1.600000000000000089e+00 -2.184000000000000177e-03 1.889999999999999970e-03 9.999959999999999960e-01 9.964129999999999932e-01 8.459999999999999465e-02 2.017000000000000130e-03 -8.459600000000000453e-02 9.964129999999999932e-01 -2.067999999999999960e-03
1.400000000000000000e+01 9.500000000000000000e+01 3.600000000000000000e+01 0.000000000000000000e+00 1.600000000000000089e+00 -8.798000000000000265e-03 -1.718899999999999942e-02 9.998139999999999805e-01 9.967190000000000216e-01 8.030700000000000338e-02 1.015100000000000030e-02 -8.046599999999999586e-02 9.966220000000000079e-01 1.642599999999999963e-02
2.300000000000000000e+01 9.500000000000000000e+01 3.600000000000000000e+01 0.000000000000000000e+00 1.600000000000000089e+00 4.346000000000000037e-03 -1.433300000000000025e-02 9.998879999999999990e-01 9.967719999999999914e-01 8.021799999999999764e-02 -3.181999999999999933e-03 -8.016299999999999815e-02 9.966739999999999489e-01 1.463599999999999970e-02
4.000000000000000000e+00 2.900000000000000000e+01 4.400000000000000000e+01 0.000000000000000000e+00 1.600000000000000089e+00 5.860000000000000408e-04 5.198999999999999629e-03 -9.999860000000000415e-01 6.749450000000000172e-01 7.378559999999999564e-01 4.231000000000000386e-03 7.378679999999999684e-01 -6.749380000000000379e-01 -3.076000000000000175e-03
1.000000000000000000e+01 2.900000000000000000e+01 4.400000000000000000e+01 0.000000000000000000e+00 1.600000000000000089e+00 -2.394999999999999993e-03 2.610000000000000015e-04 -9.999970000000000248e-01 6.813719999999999777e-01 7.319360000000000310e-01 -1.441000000000000007e-03 7.319339999999999735e-01 -6.813730000000000064e-01 -1.930999999999999991e-03
1.400000000000000000e+01 2.900000000000000000e+01 4.400000000000000000e+01 0.000000000000000000e+00 1.600000000000000089e+00 -6.710000000000000469e-04 2.462999999999999912e-03 -9.999970000000000248e-01 6.794440000000000479e-01 7.337259999999999893e-01 1.350999999999999987e-03 7.337270000000000181e-01 -6.794409999999999616e-01 -2.165999999999999957e-03
1.800000000000000000e+01 2.900000000000000000e+01 4.400000000000000000e+01 0.000000000000000000e+00 1.600000000000000089e+00 1.245000000000000013e-03 2.893999999999999871e-03 -9.999949999999999672e-01 6.739929999999999533e-01 7.387320000000000553e-01 2.978000000000000178e-03 7.387369999999999770e-01 -6.739939999999999820e-01 -1.031000000000000015e-03
2.200000000000000000e+01 2.900000000000000000e+01 4.400000000000000000e+01 0.000000000000000000e+00 1.600000000000000089e+00 -8.660000000000000163e-04 9.579999999999999757e-04 -9.999989999999999712e-01 6.757859999999999978e-01 7.370980000000000310e-01 1.200000000000000030e-04 7.370980000000000310e-01 -6.757849999999999691e-01 -1.286000000000000034e-03
2.500000000000000000e+01 2.900000000000000000e+01 4.400000000000000000e+01 0.000000000000000000e+00 1.600000000000000089e+00 -1.838999999999999923e-03 8.180000000000000422e-04 -9.999980000000000535e-01 6.834989999999999677e-01 7.299510000000000165e-01 -6.599999999999999964e-04 7.299489999999999590e-01 -6.834989999999999677e-01 -1.902000000000000045e-03
2.900000000000000000e+01 2.900000000000000000e+01 4.400000000000000000e+01 0.000000000000000000e+00 1.600000000000000089e+00 -1.766999999999999908e-03 -3.484000000000000118e-03 -9.999919999999999920e-01 6.896210000000000395e-01 7.241610000000000547e-01 -3.740999999999999968e-03 7.241689999999999516e-01 -6.896219999999999573e-01 1.123000000000000083e-03
1.000000000000000000e+00 6.500000000000000000e+01 4.600000000000000000e+01 0.000000000000000000e+00 1.600000000000000089e+00 -2.370000000000000145e-03 6.777000000000000038e-03 9.999740000000000295e-01 6.843069999999999986e-01 -7.291649999999999521e-01 6.564000000000000390e-03 7.291900000000000048e-01 6.843050000000000521e-01 -2.909000000000000127e-03
2.500000000000000000e+01 6.500000000000000000e+01 4.600000000000000000e+01 0.000000000000000000e+00 1.600000000000000089e+00 1.779999999999999898e-04 -1.361999999999999929e-03 9.999989999999999712e-01 6.821930000000000494e-01 -7.311720000000000441e-01 -1.116999999999999937e-03 7.311720000000000441e-01 6.821920000000000206e-01 7.990000000000000140e-04
1.900000000000000000e+01 7.000000000000000000e+01 4.700000000000000000e+01 0.000000000000000000e+00 1.600000000000000089e+00 -3.959999999999999762e-04 8.200000000000000095e-05 -1.000000000000000000e+00 -8.375230000000000175e-01 -5.464010000000000256e-01 2.869999999999999830e-04 -5.464010000000000256e-01 8.375240000000000462e-01 2.849999999999999886e-04
2.000000000000000000e+00 5.000000000000000000e+00 5.100000000000000000e+01 0.000000000000000000e+00 1.600000000000000089e+00 -1.582999999999999989e-03 9.214999999999999233e-03 -9.999559999999999560e-01 4.784880000000000244e-01 -8.780489999999999684e-01 -8.850000000000000228e-03 -8.780930000000000124e-01 -4.784809999999999897e-01 -3.018999999999999982e-03
1.200000000000000000e+01 5.000000000000000000e+00 5.100000000000000000e+01 0.000000000000000000e+00 1.600000000000000089e+00 1.789999999999999925e-03 2.050999999999999872e-03 -9.999959999999999960e-01 4.893919999999999937e-01 -8.720639999999999503e-01 -9.120000000000000502e-04 -8.720620000000000038e-01 -4.893879999999999897e-01 -2.563999999999999873e-03
2.100000000000000000e+01 5.000000000000000000e+00 5.100000000000000000e+01 0.000000000000000000e+00 1.600000000000000089e+00 -1.172000000000000082e-03 2.067999999999999960e-03 -9.999970000000000248e-01 4.798609999999999820e-01 -8.773410000000000375e-01 -2.377000000000000206e-03 -8.773440000000000127e-01 -4.798629999999999840e-01 3.600000000000000091e-05
2.400000000000000000e+01 5.000000000000000000e+00 5.100000000000000000e+01 0.000000000000000000e+00 1.600000000000000089e+00 1.188999999999999953e-03 -1.095999999999999969e-03 -9.999989999999999712e-01 4.818839999999999790e-01 -8.762339999999999574e-01 1.533000000000000074e-03 -8.762339999999999574e-01 -4.818850000000000078e-01 -5.130000000000000011e-04
2.100000000000000000e+01 7.000000000000000000e+00 5.200000000000000000e+01 0.000000000000000000e+00 1.600000000000000089e+00 -1.484999999999999992e-03 2.407999999999999984e-03 -9.999959999999999960e-01 7.095700000000000618e-02 -9.974760000000000293e-01 -2.507999999999999813e-03 -9.974779999999999758e-01 -7.096099999999999630e-02 1.309999999999999967e-03
7.000000000000000000e+00 6.300000000000000000e+01 5.400000000000000000e+01 0.000000000000000000e+00 1.600000000000000089e+00 1.198999999999999979e-03 -1.464000000000000024e-03 9.999980000000000535e-01 -3.437330000000000108e-01 9.390659999999999563e-01 1.786999999999999960e-03 -9.390669999999999851e-01 -3.437350000000000128e-01 6.229999999999999644e-04
1.100000000000000000e+01 6.300000000000000000e+01 5.400000000000000000e+01 0.000000000000000000e+00 1.600000000000000089e+00 -2.870000000000000155e-03 -8.799999999999999771e-05 9.999959999999999960e-01 -3.451089999999999991e-01 9.385620000000000074e-01 -9.079999999999999530e-04 -9.385580000000000034e-01 -3.451110000000000011e-01 -2.724999999999999992e-03
1.700000000000000000e+01 6.300000000000000000e+01 5.400000000000000000e+01 0.000000000000000000e+00 1.600000000000000089e+00 9.139999999999999904e-04 1.985999999999999918e-03 9.999980000000000535e-01 -3.502279999999999838e-01 9.366630000000000233e-01 -1.539999999999999919e-03 -9.366640000000000521e-01 -3.502259999999999818e-01 1.551999999999999994e-03
2.000000000000000000e+01 6.300000000000000000e+01 5.400000000000000000e+01 0.000000000000000000e+00 1.600000000000000089e+00 -1.559000000000000056e-03 1.699999999999999987e-05 9.999989999999999712e-01 -3.504419999999999757e-01 9.365839999999999721e-01 -5.619999999999999996e-04 -9.365830000000000544e-01 -3.504430000000000045e-01 -1.453999999999999997e-03
2.500000000000000000e+01 6.300000000000000000e+01 5.400000000000000000e+01 0.000000000000000000e+00 1.600000000000000089e+00 5.739999999999999660e-04 -3.849999999999999798e-04 1.000000000000000000e+00 -3.521960000000000091e-01 9.359260000000000357e-01 5.619999999999999996e-04 -9.359260000000000357e-01 -3.521960000000000091e-01 4.009999999999999893e-04
2.900000000000000000e+01 6.300000000000000000e+01 5.400000000000000000e+01 0.000000000000000000e+00 1.600000000000000089e+00 1.242000000000000048e-03 -1.012000000000000096e-03 9.999989999999999712e-01 -3.524930000000000008e-01 9.358130000000000059e-01 1.384999999999999946e-03 -9.358140000000000347e-01 -3.524939999999999740e-01 8.050000000000000515e-04
3.000000000000000000e+00 2.500000000000000000e+01 5.500000000000000000e+01 0.000000000000000000e+00 1.600000000000000089e+00 1.892999999999999934e-03 9.000000000000000228e-06 -9.999980000000000535e-01 -1.075899999999999947e-02 -9.999419999999999975e-01 -2.900000000000000017e-05 -9.999400000000000510e-01 1.075899999999999947e-02 -1.892999999999999934e-03
1.000000000000000000e+01 2.500000000000000000e+01 5.500000000000000000e+01 0.000000000000000000e+00 1.600000000000000089e+00 1.029999999999999964e-04 -5.270000000000000162e-04 -1.000000000000000000e+00 -9.955000000000000307e-03 -9.999500000000000055e-01 5.259999999999999919e-04 -9.999500000000000055e-01 9.955000000000000307e-03 -1.090000000000000067e-04
1.200000000000000000e+01 2.500000000000000000e+01 5.500000000000000000e+01 0.000000000000000000e+00 1.600000000000000089e+00 2.689999999999999791e-04 -3.399999999999999973e-05 -1.000000000000000000e+00 -1.028199999999999947e-02 -9.999470000000000303e-01 3.100000000000000135e-05 -9.999470000000000303e-01 1.028199999999999947e-02 -2.689999999999999791e-04
2.500000000000000000e+01 2.500000000000000000e+01 5.500000000000000000e+01 0.000000000000000000e+00 1.600000000000000089e+00 -1.800000000000000113e-04 5.684999999999999949e-03 -9.999839999999999840e-01 -1.218100000000000085e-02 -9.999099999999999655e-01 -5.682999999999999684e-03 -9.999259999999999815e-01 1.217900000000000059e-02 2.500000000000000052e-04
2.900000000000000000e+01 6.800000000000000000e+01 5.700000000000000000e+01 0.000000000000000000e+00 1.600000000000000089e+00 1.353000000000000036e-03 -3.864999999999999946e-03 -9.999919999999999920e-01 -2.447209999999999941e-01 -9.695869999999999767e-01 3.416000000000000199e-03 -9.695930000000000382e-01 2.447149999999999881e-01 -2.258000000000000024e-03
4.000000000000000000e+00 5.800000000000000000e+01 5.900000000000000000e+01 0.000000000000000000e+00 1.600000000000000089e+00 1.711000000000000064e-03 7.999999999999999638e-06 -9.999989999999999712e-01 3.875179999999999736e-01 9.218619999999999592e-01 6.700000000000000226e-04 9.218600000000000128e-01 -3.875190000000000023e-01 1.574000000000000095e-03
5.000000000000000000e+00 2.100000000000000000e+01 6.000000000000000000e+01 0.000000000000000000e+00 1.600000000000000089e+00 4.429999999999999802e-04 8.059999999999999457e-03 9.999670000000000503e-01 -9.489799999999999625e-02 9.954549999999999788e-01 -7.981999999999999512e-03 -9.954870000000000108e-01 -9.489100000000000312e-02 1.206000000000000041e-03
1.000000000000000000e+01 2.100000000000000000e+01 6.000000000000000000e+01 0.000000000000000000e+00 1.600000000000000089e+00 3.190000000000000019e-04 -3.837999999999999832e-03 9.999930000000000208e-01 -9.685599999999999765e-02 9.952910000000000368e-01 3.850999999999999823e-03 -9.952980000000000160e-01 -9.685599999999999765e-02 -5.399999999999999798e-05
2.900000000000000000e+01 2.100000000000000000e+01 6.000000000000000000e+01 0.000000000000000000e+00 1.600000000000000089e+00 -1.268000000000000030e-03 8.736999999999999975e-03 9.999609999999999888e-01 -9.519299999999999984e-02 9.954199999999999715e-01 -8.817999999999999450e-03 -9.954579999999999540e-01 -9.520000000000000684e-02 -4.299999999999999894e-04
1.600000000000000000e+01 3.000000000000000000e+00 6.300000000000000000e+01 0.000000000000000000e+00 1.600000000000000089e+00 1.162999999999999971e-03 -6.257999999999999674e-03 9.999799999999999800e-01 -6.158329999999999638e-01 7.878560000000000008e-01 5.647000000000000110e-03 -7.878760000000000208e-01 -6.158270000000000133e-01 -2.938000000000000073e-03
2.300000000000000000e+01 3.000000000000000000e+00 6.300000000000000000e+01 0.000000000000000000e+00 1.600000000000000089e+00 1.353000000000000036e-03 -1.196999999999999930e-03 9.999980000000000535e-01 -6.142389999999999795e-01 7.891179999999999861e-01 1.776000000000000018e-03 -7.891190000000000149e-01 -6.142400000000000082e-01 3.319999999999999926e-04
