3.000000000000000000e+00 2.500000000000000000e+01 1.000000000000000000e+00 0.000000000000000000e+00 1.600000000000000089e+00 -2.429999999999999977e-04 5.001000000000000237e-03 -9.999869999999999592e-01 -5.219810000000000283e-01 -8.529470000000000107e-01 -4.139000000000000318e-03 -8.529569999999999652e-01 5.219730000000000203e-01 2.818000000000000192e-03
4.000000000000000000e+00 1.500000000000000000e+01 4.000000000000000000e+00 0.000000000000000000e+00 1.600000000000000089e+00 3.899999999999999929e-04 8.790000000000000070e-04 1.000000000000000000e+00 3.280259999999999843e-01 -9.446679999999999522e-01 7.020000000000000415e-04 9.446689999999999809e-01 3.280259999999999843e-01 -6.560000000000000076e-04
8.000000000000000000e+00 1.500000000000000000e+01 4.000000000000000000e+00 0.000000000000000000e+00 1.600000000000000089e+00 -2.602000000000000146e-03 -4.903000000000000240e-03 9.999850000000000128e-01 3.251609999999999778e-01 -9.456510000000000193e-01 -3.791000000000000099e-03 9.456550000000000233e-01 3.251470000000000193e-01 4.054000000000000312e-03
1.100000000000000000e+01 1.500000000000000000e+01 4.000000000000000000e+00 0.000000000000000000e+00 1.600000000000000089e+00 -2.807000000000000033e-03 -4.161999999999999901e-03 9.999869999999999592e-01 3.233340000000000103e-01 -9.462800000000000100e-01 -3.030999999999999840e-03 9.462810000000000388e-01 3.233210000000000250e-01 4.002000000000000349e-03
2.000000000000000000e+01 1.500000000000000000e+01 4.000000000000000000e+00 0.000000000000000000e+00 1.600000000000000089e+00 -5.730000000000000501e-04 -3.621000000000000087e-03 9.999930000000000208e-01 3.239929999999999755e-01 -9.460539999999999505e-01 -3.240999999999999957e-03 9.460589999999999833e-01 3.239890000000000270e-01 1.714999999999999945e-03
2.200000000000000000e+01 1.500000000000000000e+01 4.000000000000000000e+00 0.000000000000000000e+00 1.600000000000000089e+00 1.634999999999999952e-03 2.339999999999999958e-04 9.999989999999999712e-01 3.244290000000000229e-01 -9.459100000000000286e-01 -3.089999999999999756e-04 9.459089999999999998e-01 3.244290000000000229e-01 -1.623000000000000094e-03
3.000000000000000000e+00 1.010000000000000000e+02 7.000000000000000000e+00 0.000000000000000000e+00 1.600000000000000089e+00 -6.669999999999999497e-04 8.480000000000000124e-04 9.999989999999999712e-01 8.869350000000000289e-01 4.618950000000000000e-01 2.000000000000000096e-04 -4.618940000000000268e-01 8.869340000000000002e-01 -1.061000000000000094e-03
1.600000000000000000e+01 1.010000000000000000e+02 7.000000000000000000e+00 0.000000000000000000e+00 1.600000000000000089e+00 -3.926999999999999935e-03 -8.200000000000000095e-05 9.999919999999999920e-01 8.833229999999999693e-01 4.687520000000000020e-01 3.507999999999999834e-03 -4.687490000000000268e-01 8.833299999999999486e-01 -1.768000000000000040e-03
2.000000000000000000e+01 1.010000000000000000e+02 7.000000000000000000e+00 0.000000000000000000e+00 1.600000000000000089e+00 -4.483000000000000006e-03 -1.324999999999999963e-02 9.999019999999999575e-01 8.822830000000000394e-01 4.706080000000000263e-01 1.019100000000000041e-02 -4.706969999999999765e-01 8.822429999999999994e-01 9.579999999999999974e-03
7.000000000000000000e+00 2.500000000000000000e+01 8.000000000000000000e+00 0.000000000000000000e+00 1.600000000000000089e+00 1.226000000000000093e-03 3.543000000000000142e-03 -9.999930000000000208e-01 4.472119999999999984e-01 8.944199999999999928e-01 3.716999999999999818e-03 8.944269999999999721e-01 -4.472140000000000004e-01 -4.879999999999999898e-04
1.100000000000000000e+01 2.500000000000000000e+01 8.000000000000000000e+00 0.000000000000000000e+00 1.600000000000000089e+00 5.739999999999999660e-04 2.075000000000000022e-03 -9.999980000000000535e-01 4.480419999999999958e-01 8.940099999999999714e-01 2.112999999999999861e-03 8.940120000000000289e-01 -4.480419999999999958e-01 -4.159999999999999744e-04
1.900000000000000000e+01 2.500000000000000000e+01 8.000000000000000000e+00 0.000000000000000000e+00 1.600000000000000089e+00 1.600000000000000131e-04 -7.359000000000000090e-03 -9.999730000000000008e-01 4.483219999999999983e-01 8.938490000000000046e-01 -6.505999999999999631e-03 8.938719999999999999e-01 -4.483090000000000130e-01 3.442999999999999880e-03
2.600000000000000000e+01 2.500000000000000000e+01 8.000000000000000000e+00 0.000000000000000000e+00 1.600000000000000089e+00 9.219999999999999680e-04 6.367000000000000264e-03 -9.999789999999999512e-01 4.473159999999999914e-01 8.943550000000000111e-01 6.106999999999999582e-03 8.943750000000000311e-01 -4.473130000000000162e-01 -2.024000000000000191e-03
3.000000000000000000e+01 2.500000000000000000e+01 8.000000000000000000e+00 0.000000000000000000e+00 1.600000000000000089e+00 1.749999999999999982e-04 6.054000000000000353e-03 -9.999820000000000375e-01 4.473989999999999911e-01 8.943170000000000286e-01 5.492999999999999619e-03 8.943339999999999623e-01 -4.473920000000000119e-01 -2.552000000000000015e-03
4.000000000000000000e+00 2.400000000000000000e+01 9.000000000000000000e+00 0.000000000000000000e+00 1.600000000000000089e+00 7.990000000000000140e-04 -3.397999999999999979e-03 -9.999940000000000495e-01 4.475859999999999839e-01 8.942369999999999486e-01 -2.681999999999999922e-03 8.942409999999999526e-01 -4.475810000000000066e-01 2.235000000000000007e-03
1.000000000000000000e+01 2.400000000000000000e+01 9.000000000000000000e+00 0.000000000000000000e+00 1.600000000000000089e+00 6.849999999999999535e-04 6.923999999999999599e-03 -9.999759999999999760e-01 4.509159999999999835e-01 8.925429999999999753e-01 6.488999999999999976e-03 8.925659999999999705e-01 -4.509090000000000042e-01 -2.511000000000000211e-03
1.800000000000000000e+01 2.400000000000000000e+01 9.000000000000000000e+00 0.000000000000000000e+00 1.600000000000000089e+00 2.369999999999999874e-04 -8.094000000000000500e-03 -9.999670000000000503e-01 4.515190000000000037e-01 8.922330000000000538e-01 -7.114999999999999797e-03 8.922609999999999708e-01 -4.515029999999999877e-01 3.866000000000000079e-03
2.500000000000000000e+01 2.400000000000000000e+01 9.000000000000000000e+00 0.000000000000000000e+00 1.600000000000000089e+00 8.679999999999999565e-04 5.035999999999999678e-03 -9.999869999999999592e-01 4.503210000000000268e-01 8.928540000000000365e-01 4.886999999999999851e-03 8.928660000000000485e-01 -4.503190000000000248e-01 -1.492000000000000054e-03
2.300000000000000000e+01 1.020000000000000000e+02 9.000000000000000000e+00 0.000000000000000000e+00 1.600000000000000089e+00 6.419999999999999925e-04 -9.539999999999999869e-04 9.999989999999999712e-01 9.200610000000000177e-01 3.917749999999999844e-01 -2.169999999999999891e-04 -3.917740000000000111e-01 9.200610000000000177e-01 1.129000000000000012e-03
1.000000000000000000e+01 1.200000000000000000e+01 1.000000000000000000e+01 0.000000000000000000e+00 1.600000000000000089e+00 1.500999999999999947e-03 1.982999999999999954e-03 -9.999970000000000248e-01 -5.535470000000000113e-01 -8.328140000000000542e-01 -2.482999999999999964e-03 -8.328160000000000007e-01 5.535489999999999577e-01 -1.520000000000000084e-04
1.500000000000000000e+01 1.200000000000000000e+01 1.000000000000000000e+01 0.000000000000000000e+00 1.600000000000000089e+00 -1.828999999999999897e-03 -8.918000000000000579e-03 -9.999590000000000423e-01 -5.519100000000000117e-01 -8.338609999999999634e-01 8.446000000000000382e-03 -8.339020000000000321e-01 5.519030000000000324e-01 -3.396999999999999846e-03
2.400000000000000000e+01 1.200000000000000000e+01 1.000000000000000000e+01 0.000000000000000000e+00 1.600000000000000089e+00 3.559999999999999797e-04 4.904000000000000373e-03 -9.999879999999999880e-01 -5.505440000000000333e-01 -8.347949999999999537e-01 -4.290000000000000410e-03 -8.348060000000000480e-01 5.505390000000000006e-01 2.402000000000000055e-03
1.500000000000000000e+01 3.100000000000000000e+01 1.200000000000000000e+01 0.000000000000000000e+00 1.600000000000000089e+00 5.330000000000000536e-04 2.180000000000000134e-04 1.000000000000000000e+00 3.625999999999999883e-03 9.999930000000000208e-01 -2.200000000000000078e-04 -9.999930000000000208e-01 3.625999999999999883e-03 5.320000000000000293e-04
2.800000000000000000e+01 3.100000000000000000e+01 1.200000000000000000e+01 0.000000000000000000e+00 1.600000000000000089e+00 -1.572999999999999962e-03 1.879000000000000028e-03 9.999970000000000248e-01 -3.989000000000000358e-03 9.999900000000000455e-01 -1.884999999999999957e-03 -9.999909999999999632e-01 -3.991999999999999889e-03 -1.565999999999999901e-03
7.000000000000000000e+00 3.200000000000000000e+01 1.400000000000000000e+01 0.000000000000000000e+00 1.600000000000000089e+00 2.818000000000000192e-03 -5.529999999999999976e-04 -9.999959999999999960e-01 9.631699999999999984e-02 9.953509999999999858e-01 -2.790000000000000054e-04 9.953469999999999818e-01 -9.631499999999999784e-02 2.857999999999999863e-03
1.300000000000000000e+01 3.200000000000000000e+01 1.400000000000000000e+01 0.000000000000000000e+00 1.600000000000000089e+00 2.311000000000000120e-03 6.499999999999999431e-05 -9.999970000000000248e-01 9.928499999999999825e-02 9.950590000000000268e-01 2.939999999999999905e-04 9.950560000000000516e-01 -9.928499999999999825e-02 2.292999999999999899e-03
1.800000000000000000e+01 1.160000000000000000e+02 1.600000000000000000e+01 0.000000000000000000e+00 1.600000000000000089e+00 -7.829999999999999504e-04 -6.000000000000000152e-06 1.000000000000000000e+00 6.557640000000000136e-01 7.549660000000000259e-01 5.180000000000000143e-04 -7.549660000000000259e-01 6.557640000000000136e-01 -5.869999999999999567e-04
1.000000000000000000e+00 2.000000000000000000e+00 1.900000000000000000e+01 0.000000000000000000e+00 1.600000000000000089e+00 -1.547999999999999897e-03 9.030000000000000483e-04 -9.999980000000000535e-01 1.913690000000000113e-01 -9.815169999999999728e-01 -1.182000000000000108e-03 -9.815169999999999728e-01 -1.913710000000000133e-01 1.347000000000000107e-03
5.000000000000000000e+00 2.000000000000000000e+00 1.900000000000000000e+01 0.000000000000000000e+00 1.600000000000000089e+00 5.259999999999999919e-04 -7.410000000000000137e-04 -1.000000000000000000e+00 1.877900000000000125e-01 -9.822089999999999987e-01 8.270000000000000441e-04 -9.822089999999999987e-01 -1.877910000000000135e-01 -3.780000000000000265e-04
9.000000000000000000e+00 2.000000000000000000e+00 1.900000000000000000e+01 0.000000000000000000e+00 1.600000000000000089e+00 -4.079999999999999968e-04 1.820999999999999919e-03 -9.999980000000000535e-01 1.887820000000000054e-01 -9.820170000000000288e-01 -1.866000000000000037e-03 -9.820189999999999753e-01 -1.887830000000000064e-01 5.700000000000000314e-05
1.700000000000000000e+01 2.000000000000000000e+00 1.900000000000000000e+01 0.000000000000000000e+00 1.600000000000000089e+00 -6.948000000000000183e-03 -1.425700000000000058e-02 -9.998740000000000405e-01 1.847880000000000078e-01 -9.826960000000000139e-01 1.272799999999999973e-02 -9.827540000000000164e-01 -1.846760000000000068e-01 9.461999999999999925e-03
2.400000000000000000e+01 2.000000000000000000e+00 1.900000000000000000e+01 0.000000000000000000e+00 1.600000000000000089e+00 7.759999999999999971e-04 -1.507999999999999965e-02 -9.998860000000000525e-01 1.835160000000000124e-01 -9.829029999999999712e-01 1.496600000000000014e-02 -9.830160000000000009e-01 -1.835070000000000034e-01 2.004999999999999838e-03
1.400000000000000000e+01 4.000000000000000000e+00 2.000000000000000000e+01 0.000000000000000000e+00 1.600000000000000089e+00 -5.054999999999999598e-03 -4.521999999999999978e-03 -9.999770000000000048e-01 2.778379999999999739e-01 -9.606230000000000047e-01 2.939999999999999905e-03 -9.606149999999999967e-01 -2.778169999999999806e-01 6.112000000000000245e-03
6.000000000000000000e+00 1.300000000000000000e+01 2.000000000000000000e+01 0.000000000000000000e+00 1.600000000000000089e+00 6.740000000000000114e-04 -1.010000000000000020e-04 1.000000000000000000e+00 2.560089999999999866e-01 9.666749999999999510e-01 -7.499999999999999343e-05 -9.666740000000000332e-01 2.560089999999999866e-01 6.769999999999999759e-04
9.000000000000000000e+00 1.300000000000000000e+01 2.000000000000000000e+01 0.000000000000000000e+00 1.600000000000000089e+00 6.099999999999999737e-04 -8.570000000000000144e-04 9.999989999999999712e-01 2.549779999999999824e-01 9.669470000000000010e-01 6.729999999999999871e-04 -9.669470000000000010e-01 2.549770000000000092e-01 8.090000000000000403e-04
1.300000000000000000e+01 1.300000000000000000e+01 2.000000000000000000e+01 0.000000000000000000e+00 1.600000000000000089e+00 -1.562000000000000020e-03 2.394999999999999993e-03 9.999959999999999960e-01 2.527190000000000270e-01 9.675380000000000091e-01 -1.922000000000000097e-03 -9.675390000000000379e-01 2.527150000000000230e-01 -2.115999999999999825e-03
2.100000000000000000e+01 1.300000000000000000e+01 2.000000000000000000e+01 0.000000000000000000e+00 1.600000000000000089e+00 -2.768000000000000061e-03 -7.481999999999999935e-03 9.999679999999999680e-01 2.552050000000000152e-01 9.668539999999999912e-01 7.941000000000000142e-03 -9.668830000000000480e-01 2.552189999999999737e-01 -7.669999999999999951e-04
2.700000000000000000e+01 1.300000000000000000e+01 2.000000000000000000e+01 0.000000000000000000e+00 1.600000000000000089e+00 -8.399999999999999535e-05 -2.936999999999999941e-03 9.999959999999999960e-01 2.572599999999999887e-01 9.663380000000000303e-01 2.858999999999999996e-03 -9.663420000000000343e-01 2.572590000000000154e-01 6.740000000000000114e-04
1.000000000000000000e+00 3.000000000000000000e+00 2.500000000000000000e+01 0.000000000000000000e+00 1.600000000000000089e+00 2.782999999999999884e-03 6.970999999999999766e-03 9.999719999999999720e-01 -8.088299999999999657e-02 -9.966979999999999729e-01 7.172999999999999689e-03 9.967200000000000504e-01 -8.089999999999999969e-02 -2.210000000000000159e-03
9.000000000000000000e+00 3.000000000000000000e+00 2.500000000000000000e+01 0.000000000000000000e+00 1.600000000000000089e+00 5.580000000000000107e-04 -5.760000000000000146e-04 1.000000000000000000e+00 -7.522299999999999820e-02 -9.971670000000000256e-01 -5.330000000000000536e-04 9.971670000000000256e-01 -7.522299999999999820e-02 -5.999999999999999474e-04
1.500000000000000000e+01 3.000000000000000000e+00 2.500000000000000000e+01 0.000000000000000000e+00 1.600000000000000089e+00 -2.435000000000000098e-03 -9.726999999999999535e-03 9.999500000000000055e-01 -7.056300000000000072e-02 -9.974579999999999558e-01 -9.874000000000000832e-03 9.975039999999999463e-01 -7.058300000000000685e-02 1.742000000000000059e-03
2.500000000000000000e+01 3.000000000000000000e+00 2.500000000000000000e+01 0.000000000000000000e+00 1.600000000000000089e+00 -6.009999999999999717e-04 -1.295499999999999950e-02 9.999160000000000270e-01 -6.597000000000000086e-02 -9.977369999999999850e-01 -1.296600000000000009e-02 9.978209999999999580e-01 -6.597200000000000286e-02 -2.550000000000000183e-04
8.000000000000000000e+00 4.600000000000000000e+01 2.700000000000000000e+01 0.000000000000000000e+00 1.600000000000000089e+00 -2.500000000000000120e-05 5.010000000000000347e-04 -1.000000000000000000e+00 6.717300000000000493e-01 7.407960000000000100e-01 3.539999999999999853e-04 7.407970000000000388e-01 -6.717290000000000205e-01 -3.550000000000000096e-04
1.500000000000000000e+01 4.600000000000000000e+01 2.700000000000000000e+01 0.000000000000000000e+00 1.600000000000000089e+00 -1.330999999999999935e-03 3.209999999999999963e-04 -9.999989999999999712e-01 6.719760000000000177e-01 7.405730000000000368e-01 -6.570000000000000319e-04 7.405720000000000081e-01 -6.719760000000000177e-01 -1.201999999999999943e-03
2.100000000000000000e+01 4.600000000000000000e+01 2.700000000000000000e+01 0.000000000000000000e+00 1.600000000000000089e+00 -2.719999999999999979e-04 -1.090999999999999956e-03 -9.999989999999999712e-01 6.718370000000000175e-01 7.406979999999999675e-01 -9.909999999999999105e-04 7.406989999999999963e-01 -6.718370000000000175e-01 5.320000000000000293e-04
1.100000000000000000e+01 4.600000000000000000e+01 3.000000000000000000e+01 0.000000000000000000e+00 1.600000000000000089e+00 1.057999999999999913e-03 -3.589999999999999984e-04 -9.999989999999999712e-01 3.300919999999999965e-01 9.439490000000000380e-01 1.099999999999999971e-05 9.439480000000000093e-01 -3.300910000000000233e-01 1.116999999999999937e-03
2.900000000000000000e+01 4.600000000000000000e+01 3.000000000000000000e+01 0.000000000000000000e+00 1.600000000000000089e+00 -3.930000000000000117e-04 -9.060000000000000128e-04 -1.000000000000000000e+00 3.317120000000000068e-01 9.433799999999999963e-01 -9.849999999999999815e-04 9.433810000000000251e-01 -3.317120000000000068e-01 -7.100000000000000462e-05
1.000000000000000000e+00 5.800000000000000000e+01 3.100000000000000000e+01 0.000000000000000000e+00 1.600000000000000089e+00 4.486000000000000404e-03 3.984999999999999827e-03 9.999820000000000375e-01 -8.056520000000000348e-01 -5.923589999999999689e-01 5.975000000000000276e-03 5.923730000000000384e-01 -8.056640000000000468e-01 5.529999999999999976e-04
7.000000000000000000e+00 5.800000000000000000e+01 3.100000000000000000e+01 0.000000000000000000e+00 1.600000000000000089e+00 4.219999999999999793e-03 2.848999999999999970e-03 9.999869999999999592e-01 -8.000209999999999821e-01 -5.999510000000000121e-01 5.085000000000000110e-03 5.999579999999999913e-01 -8.000319999999999654e-01 -2.530000000000000239e-04
1.100000000000000000e+01 5.800000000000000000e+01 3.100000000000000000e+01 0.000000000000000000e+00 1.600000000000000089e+00 4.600000000000000004e-05 2.390000000000000089e-04 1.000000000000000000e+00 -7.965069999999999650e-01 -6.046289999999999720e-01 1.810000000000000085e-04 6.046300000000000008e-01 -7.965069999999999650e-01 1.630000000000000047e-04
1.500000000000000000e+01 5.800000000000000000e+01 3.100000000000000000e+01 0.000000000000000000e+00 1.600000000000000089e+00 -2.132999999999999913e-03 -4.847999999999999879e-03 9.999860000000000415e-01 -7.960970000000000546e-01 -6.051509999999999945e-01 -4.631999999999999833e-03 6.051649999999999530e-01 -7.960960000000000258e-01 -2.569000000000000103e-03
1.800000000000000000e+01 5.800000000000000000e+01 3.100000000000000000e+01 0.000000000000000000e+00 1.600000000000000089e+00 -3.795999999999999895e-03 -4.531000000000000305e-03 9.999829999999999552e-01 -7.968330000000000135e-01 -6.041720000000000423e-01 -5.761999999999999761e-03 6.041879999999999473e-01 -7.968410000000000215e-01 -1.317000000000000028e-03
2.300000000000000000e+01 5.800000000000000000e+01 3.100000000000000000e+01 0.000000000000000000e+00 1.600000000000000089e+00 -5.047000000000000271e-03 -2.376000000000000074e-03 9.999839999999999840e-01 -8.009699999999999598e-01 -5.986789999999999612e-01 -5.465000000000000240e-03 5.986829999999999652e-01 -8.009849999999999470e-01 1.118000000000000070e-03
4.000000000000000000e+00 2.300000000000000000e+01 3.400000000000000000e+01 0.000000000000000000e+00 1.600000000000000089e+00 -1.057999999999999913e-03 -1.598000000000000028e-03 9.999980000000000535e-01 4.004050000000000109e-01 -9.163379999999999859e-01 -1.041000000000000042e-03 9.163369999999999571e-01 4.004030000000000089e-01 1.608999999999999970e-03
6.000000000000000000e+00 2.300000000000000000e+01 3.400000000000000000e+01 0.000000000000000000e+00 1.600000000000000089e+00 -2.820000000000000241e-04 -5.264999999999999715e-03 9.999860000000000415e-01 4.004829999999999779e-01 -9.162919999999999954e-01 -4.710999999999999910e-03 9.163040000000000074e-01 4.004759999999999986e-01 2.367000000000000180e-03
1.300000000000000000e+01 2.300000000000000000e+01 3.400000000000000000e+01 0.000000000000000000e+00 1.600000000000000089e+00 1.502999999999999996e-03 2.874999999999999951e-03 9.999949999999999672e-01 4.081299999999999928e-01 -9.129209999999999825e-01 2.011000000000000201e-03 9.129230000000000400e-01 4.081250000000000155e-01 -2.546000000000000086e-03
4.000000000000000000e+00 4.600000000000000000e+01 3.500000000000000000e+01 0.000000000000000000e+00 1.600000000000000089e+00 2.900000000000000017e-05 -1.129999999999999955e-04 -1.000000000000000000e+00 3.916109999999999869e-01 -9.201310000000000322e-01 1.150000000000000035e-04 -9.201310000000000322e-01 -3.916109999999999869e-01 1.800000000000000046e-05
8.000000000000000000e+00 4.600000000000000000e+01 3.500000000000000000e+01 0.000000000000000000e+00 1.600000000000000089e+00 -7.579999999999999932e-04 -8.599999999999999789e-04 -9.999989999999999712e-01 3.917140000000000066e-01 -9.200869999999999882e-01 4.939999999999999730e-04 -9.200869999999999882e-01 -3.917129999999999779e-01 1.033999999999999980e-03
1.500000000000000000e+01 4.600000000000000000e+01 3.500000000000000000e+01 0.000000000000000000e+00 1.600000000000000089e+00 -3.710000000000000190e-04 3.569000000000000124e-03 -9.999940000000000495e-01 3.942689999999999806e-01 -9.189889999999999448e-01 -3.425999999999999792e-03 -9.189950000000000063e-01 -3.942680000000000073e-01 -1.066000000000000107e-03
2.000000000000000000e+01 4.600000000000000000e+01 3.500000000000000000e+01 0.000000000000000000e+00 1.600000000000000089e+00 1.546000000000000065e-03 4.995000000000000308e-03 -9.999860000000000415e-01 3.957350000000000034e-01 -9.183559999999999501e-01 -3.975000000000000235e-03 -9.183630000000000404e-01 -3.957240000000000202e-01 -3.396999999999999846e-03
2.600000000000000000e+01 4.600000000000000000e+01 3.500000000000000000e+01 0.000000000000000000e+00 1.600000000000000089e+00 -2.325999999999999943e-03 -1.026999999999999918e-03 -9.999970000000000248e-01 3.951160000000000228e-01 -9.186309999999999754e-01 2.400000000000000061e-05 -9.186280000000000001e-01 -3.951149999999999940e-01 2.541999999999999989e-03
2.000000000000000000e+00 9.500000000000000000e+01 3.600000000000000000e+01 0.000000000000000000e+00 1.600000000000000089e+00 -4.687000000000000194e-03 1.163199999999999998e-02 9.999209999999999487e-01 9.975789999999999935e-01 6.944000000000000172e-02 3.867999999999999911e-03 -6.938900000000000623e-02 9.975180000000000158e-01 -1.192999999999999963e-02
7.000000000000000000e+00 9.500000000000000000e+01 3.600000000000000000e+01 0.000000000000000000e+00 1.600000000000000089e+00 -7.212999999999999794e-03 -9.032000000000000098e-03 9.999329999999999607e-01 9.975659999999999528e-01 6.928700000000000137e-02 7.822000000000000827e-03 -6.935299999999999798e-02 9.975559999999999983e-01 8.510000000000000203e-03
1.300000000000000000e+01 9.500000000000000000e+01 3.600000000000000000e+01 0.000000000000000000e+00 1.600000000000000089e+00 -1.350799999999999917e-02 -6.596000000000000300e-03 9.998869999999999703e-01 9.980970000000000120e-01 6.007900000000000046e-02 1.387999999999999998e-02 -6.016400000000000220e-02 9.981719999999999482e-01 5.772000000000000221e-03
1.900000000000000000e+01 9.500000000000000000e+01 3.600000000000000000e+01 0.000000000000000000e+00 1.600000000000000089e+00 8.267000000000000043e-03 2.033599999999999991e-02 9.997589999999999533e-01 9.983699999999999797e-01 5.629900000000000182e-02 -9.400000000000000369e-03 -5.647699999999999942e-02 9.982069999999999554e-01 -1.983700000000000047e-02
2.500000000000000000e+01 9.500000000000000000e+01 3.600000000000000000e+01 0.000000000000000000e+00 1.600000000000000089e+00 7.366000000000000152e-03 1.085000000000000027e-02 9.999139999999999695e-01 9.981280000000000152e-01 6.063700000000000340e-02 -8.011000000000000759e-03 -6.071800000000000114e-02 9.981010000000000160e-01 -1.038299999999999987e-02
2.800000000000000000e+01 9.500000000000000000e+01 3.600000000000000000e+01 0.000000000000000000e+00 1.600000000000000089e+00 6.777000000000000038e-03 3.843000000000000062e-03 9.999700000000000255e-01 9.977009999999999490e-01 6.740000000000000158e-02 -7.021000000000000331e-03 -6.742499999999999882e-02 9.977190000000000225e-01 -3.377999999999999926e-03
1.000000000000000000e+00 2.900000000000000000e+01 4.400000000000000000e+01 0.000000000000000000e+00 1.600000000000000089e+00 1.518999999999999951e-03 -1.054999999999999948e-03 -9.999980000000000535e-01 6.704499999999999904e-01 7.419550000000000312e-01 2.359999999999999902e-04 7.419529999999999736e-01 -6.704489999999999617e-01 1.835000000000000043e-03
5.000000000000000000e+00 2.900000000000000000e+01 4.400000000000000000e+01 0.000000000000000000e+00 1.600000000000000089e+00 2.864999999999999925e-03 3.284000000000000027e-03 -9.999900000000000455e-01 6.685569999999999569e-01 7.436479999999999757e-01 4.357999999999999895e-03 7.436559999999999837e-01 -6.685630000000000184e-01 -6.399999999999999710e-05
1.500000000000000000e+01 2.900000000000000000e+01 4.400000000000000000e+01 0.000000000000000000e+00 1.600000000000000089e+00 -9.009999999999999997e-04 -5.360000000000000181e-04 -9.999989999999999712e-01 6.576570000000000471e-01 7.533170000000000144e-01 -9.959999999999999236e-04 7.533170000000000144e-01 -6.576579999999999648e-01 -3.260000000000000094e-04
1.900000000000000000e+01 2.900000000000000000e+01 4.400000000000000000e+01 0.000000000000000000e+00 1.600000000000000089e+00 -1.779999999999999898e-04 2.988000000000000204e-03 -9.999959999999999960e-01 6.530510000000000481e-01 7.573109999999999564e-01 2.145999999999999904e-03 7.573140000000000427e-01 -6.530479999999999619e-01 -2.086000000000000180e-03
2.200000000000000000e+01 2.900000000000000000e+01 4.400000000000000000e+01 0.000000000000000000e+00 1.600000000000000089e+00 -1.734000000000000081e-03 3.179999999999999776e-04 -9.999980000000000535e-01 6.554100000000000481e-01 7.552729999999999722e-01 -8.959999999999999866e-04 7.552710000000000257e-01 -6.554109999999999658e-01 -1.518000000000000035e-03
2.600000000000000000e+01 2.900000000000000000e+01 4.400000000000000000e+01 0.000000000000000000e+00 1.600000000000000089e+00 -3.579000000000000150e-03 -2.092000000000000109e-03 -9.999909999999999632e-01 6.600749999999999673e-01 7.511900000000000244e-01 -3.933999999999999997e-03 7.511919999999999709e-01 -6.600829999999999753e-01 -1.307999999999999918e-03
2.900000000000000000e+01 2.900000000000000000e+01 4.400000000000000000e+01 0.000000000000000000e+00 1.600000000000000089e+00 -3.031999999999999973e-03 -1.554000000000000043e-03 -9.999940000000000495e-01 6.636100000000000332e-01 7.480719999999999592e-01 -3.174999999999999871e-03 7.480729999999999880e-01 -6.636149999999999549e-01 -1.237000000000000035e-03
2.500000000000000000e+01 7.000000000000000000e+01 4.700000000000000000e+01 0.000000000000000000e+00 1.600000000000000089e+00 2.132000000000000214e-03 -1.562000000000000020e-03 -9.999970000000000248e-01 -8.451940000000000008e-01 -5.344600000000000461e-01 -9.669999999999999776e-04 -5.344560000000000421e-01 8.451929999999999721e-01 -2.458999999999999814e-03
3.000000000000000000e+00 5.000000000000000000e+00 5.100000000000000000e+01 0.000000000000000000e+00 1.600000000000000089e+00 2.445000000000000125e-03 -4.954000000000000070e-03 -9.999850000000000128e-01 4.884339999999999793e-01 -8.725840000000000263e-01 5.517000000000000202e-03 -8.725979999999999848e-01 -4.884399999999999853e-01 2.860000000000000129e-04
7.000000000000000000e+00 5.000000000000000000e+00 5.100000000000000000e+01 0.000000000000000000e+00 1.600000000000000089e+00 9.250000000000000409e-04 -8.833000000000000573e-03 -9.999609999999999888e-01 4.885369999999999990e-01 -8.725049999999999750e-01 8.158999999999999586e-03 -8.725429999999999575e-01 -4.885249999999999870e-01 3.508999999999999966e-03
1.000000000000000000e+01 5.000000000000000000e+00 5.100000000000000000e+01 0.000000000000000000e+00 1.600000000000000089e+00 1.570999999999999914e-03 -5.511000000000000273e-03 -9.999839999999999840e-01 4.873319999999999874e-01 -8.731989999999999474e-01 5.577999999999999625e-03 -8.732159999999999922e-01 -4.873319999999999874e-01 1.314000000000000064e-03
1.400000000000000000e+01 5.000000000000000000e+00 5.100000000000000000e+01 0.000000000000000000e+00 1.600000000000000089e+00 8.239999999999999712e-04 -3.867000000000000211e-03 -9.999919999999999920e-01 4.820949999999999958e-01 -8.761109999999999731e-01 3.785999999999999869e-03 -8.761189999999999811e-01 -4.820940000000000225e-01 1.142000000000000003e-03
2.000000000000000000e+01 5.000000000000000000e+00 5.100000000000000000e+01 0.000000000000000000e+00 1.600000000000000089e+00 -4.695000000000000388e-03 -1.484399999999999956e-02 -9.998789999999999623e-01 4.847049999999999970e-01 -8.746119999999999450e-01 1.070899999999999977e-02 -8.746650000000000258e-01 -4.845960000000000267e-01 1.130100000000000028e-02
2.300000000000000000e+01 6.000000000000000000e+00 5.100000000000000000e+01 0.000000000000000000e+00 1.600000000000000089e+00 -4.284999999999999747e-03 -1.626599999999999921e-02 -9.998590000000000533e-01 3.162630000000000163e-01 -9.485670000000000490e-01 1.407599999999999997e-02 -9.486620000000000053e-01 -3.161579999999999946e-01 9.209000000000000172e-03
2.600000000000000000e+01 6.000000000000000000e+00 5.100000000000000000e+01 0.000000000000000000e+00 1.600000000000000089e+00 -4.852999999999999675e-03 -1.675000000000000100e-02 -9.998479999999999590e-01 3.143170000000000130e-01 -9.492089999999999694e-01 1.437599999999999989e-02 -9.493059999999999832e-01 -3.141990000000000061e-01 9.870999999999999566e-03
2.800000000000000000e+01 1.150000000000000000e+02 5.100000000000000000e+01 0.000000000000000000e+00 1.600000000000000089e+00 -5.869000000000000085e-03 -1.566899999999999890e-02 9.998599999999999710e-01 8.443319999999999714e-01 -5.358100000000000085e-01 -3.441000000000000048e-03 5.357889999999999597e-01 8.441929999999999712e-01 1.637399999999999967e-02
2.900000000000000000e+01 7.000000000000000000e+00 5.200000000000000000e+01 0.000000000000000000e+00 1.600000000000000089e+00 -6.897000000000000353e-03 -1.207300000000000040e-02 -9.999029999999999863e-01 1.155169999999999947e-01 -9.932419999999999582e-01 1.119599999999999936e-02 -9.932819999999999983e-01 -1.154280000000000028e-01 8.245000000000000592e-03
1.000000000000000000e+00 6.300000000000000000e+01 5.400000000000000000e+01 0.000000000000000000e+00 1.600000000000000089e+00 5.289999999999999564e-04 -3.135999999999999899e-03 9.999949999999999672e-01 -3.500719999999999943e-01 9.367180000000000506e-01 3.122999999999999908e-03 -9.367229999999999723e-01 -3.500719999999999943e-01 -6.030000000000000204e-04
5.000000000000000000e+00 6.300000000000000000e+01 5.400000000000000000e+01 0.000000000000000000e+00 1.600000000000000089e+00 1.531999999999999942e-03 3.596999999999999937e-03 9.999919999999999920e-01 -3.502020000000000133e-01 9.366700000000000026e-01 -2.831999999999999882e-03 -9.366729999999999778e-01 -3.501949999999999785e-01 2.694999999999999913e-03
9.000000000000000000e+00 6.300000000000000000e+01 5.400000000000000000e+01 0.000000000000000000e+00 1.600000000000000089e+00 2.039999999999999984e-04 1.224999999999999960e-03 9.999989999999999712e-01 -3.530249999999999777e-01 9.356130000000000280e-01 -1.075000000000000001e-03 -9.356139999999999457e-01 -3.530240000000000045e-01 6.229999999999999644e-04
1.200000000000000000e+01 6.300000000000000000e+01 5.400000000000000000e+01 0.000000000000000000e+00 1.600000000000000089e+00 -4.389999999999999914e-04 -2.129999999999999949e-03 9.999980000000000535e-01 -3.536380000000000079e-01 9.353799999999999892e-01 1.837000000000000091e-03 -9.353820000000000467e-01 -3.536369999999999791e-01 -1.164000000000000104e-03
1.700000000000000000e+01 6.300000000000000000e+01 5.400000000000000000e+01 0.000000000000000000e+00 1.600000000000000089e+00 -1.075000000000000001e-03 2.109000000000000197e-03 9.999970000000000248e-01 -3.515789999999999749e-01 9.361549999999999594e-01 -2.351999999999999924e-03 -9.361580000000000457e-01 -3.515809999999999769e-01 -2.649999999999999903e-04
2.800000000000000000e+01 6.300000000000000000e+01 5.400000000000000000e+01 0.000000000000000000e+00 1.600000000000000089e+00 -2.142999999999999940e-03 -3.389999999999999784e-03 9.999919999999999920e-01 -3.417520000000000002e-01 9.397870000000000390e-01 2.454000000000000018e-03 -9.397879999999999567e-01 -3.417439999999999922e-01 -3.173000000000000039e-03
7.000000000000000000e+00 2.500000000000000000e+01 5.500000000000000000e+01 0.000000000000000000e+00 1.600000000000000089e+00 -6.199999999999999999e-04 1.369999999999999961e-04 -1.000000000000000000e+00 -1.219699999999999951e-02 -9.999259999999999815e-01 -1.289999999999999914e-04 -9.999249999999999527e-01 1.219699999999999951e-02 6.220000000000000485e-04
2.700000000000000000e+01 2.000000000000000000e+01 6.000000000000000000e+01 0.000000000000000000e+00 1.600000000000000089e+00 1.039999999999999936e-04 -1.243700000000000014e-02 9.999230000000000063e-01 -6.191599999999999882e-02 9.980040000000000022e-01 1.242000000000000048e-02 -9.980809999999999960e-01 -6.191300000000000275e-02 -6.660000000000000338e-04
1.700000000000000000e+01 2.100000000000000000e+01 6.000000000000000000e+01 0.000000000000000000e+00 1.600000000000000089e+00 -5.789999999999999791e-04 -4.506999999999999722e-03 9.999900000000000455e-01 -9.913199999999999790e-02 9.950639999999999485e-01 4.427999999999999645e-03 -9.950740000000000141e-01 -9.912899999999999490e-02 -1.023000000000000038e-03
2.300000000000000000e+01 2.100000000000000000e+01 6.000000000000000000e+01 0.000000000000000000e+00 1.600000000000000089e+00 -8.130000000000000291e-04 -7.762999999999999935e-03 9.999700000000000255e-01 -9.763499999999999956e-02 9.951929999999999943e-01 7.646000000000000019e-03 -9.952220000000000510e-01 -9.762600000000000444e-02 -1.567000000000000033e-03
2.000000000000000000e+00 2.700000000000000000e+01 6.300000000000000000e+01 0.000000000000000000e+00 1.600000000000000089e+00 3.566000000000000159e-03 1.619999999999999912e-03 9.999919999999999920e-01 -2.668909999999999894e-01 9.637270000000000003e-01 -6.089999999999999494e-04 -9.637200000000000211e-01 -2.668869999999999854e-01 3.869000000000000043e-03
6.000000000000000000e+00 2.700000000000000000e+01 6.300000000000000000e+01 0.000000000000000000e+00 1.600000000000000089e+00 2.560000000000000209e-03 6.059999999999999849e-04 9.999970000000000248e-01 -2.682689999999999797e-01 9.633439999999999781e-01 1.029999999999999964e-04 -9.633410000000000029e-01 -2.682680000000000065e-01 2.628999999999999827e-03
1.100000000000000000e+01 2.700000000000000000e+01 6.300000000000000000e+01 0.000000000000000000e+00 1.600000000000000089e+00 -1.994000000000000113e-03 7.807999999999999836e-03 9.999679999999999680e-01 -2.701609999999999845e-01 9.627809999999999979e-01 -8.056999999999999926e-03 -9.628130000000000299e-01 -2.701689999999999925e-01 1.900000000000000105e-04
1.600000000000000000e+01 2.700000000000000000e+01 6.300000000000000000e+01 0.000000000000000000e+00 1.600000000000000089e+00 5.209999999999999788e-04 -9.820000000000000170e-04 9.999989999999999712e-01 -2.741709999999999980e-01 9.616799999999999793e-01 1.087000000000000076e-03 -9.616810000000000080e-01 -2.741709999999999980e-01 2.320000000000000014e-04
2.100000000000000000e+01 2.700000000000000000e+01 6.300000000000000000e+01 0.000000000000000000e+00 1.600000000000000089e+00 -3.380999999999999891e-03 -4.272999999999999889e-03 9.999850000000000128e-01 -2.739840000000000053e-01 9.617289999999999450e-01 3.183000000000000065e-03 -9.617280000000000273e-01 -2.739690000000000181e-01 -4.421999999999999716e-03
2.800000000000000000e+01 2.700000000000000000e+01 6.300000000000000000e+01 0.000000000000000000e+00 1.600000000000000089e+00 4.690000000000000158e-04 -1.629000000000000023e-03 9.999989999999999712e-01 -2.781049999999999911e-01 9.605489999999999862e-01 1.694999999999999892e-03 -9.605510000000000437e-01 -2.781049999999999911e-01 -3.000000000000000076e-06
2.000000000000000000e+00 2.600000000000000000e+01 6.400000000000000000e+01 0.000000000000000000e+00 1.600000000000000089e+00 3.527999999999999886e-03 3.239000000000000126e-03 9.999890000000000168e-01 -3.483169999999999877e-01 9.373749999999999583e-01 -1.807000000000000012e-03 -9.373700000000000365e-01 -3.483069999999999777e-01 4.435999999999999839e-03
7.000000000000000000e+00 2.600000000000000000e+01 6.400000000000000000e+01 0.000000000000000000e+00 1.600000000000000089e+00 1.592000000000000099e-03 1.396000000000000105e-03 9.999980000000000535e-01 -3.492600000000000149e-01 9.370249999999999968e-01 -7.529999999999999801e-04 -9.370239999999999680e-01 -3.492580000000000129e-01 1.978999999999999856e-03
1.000000000000000000e+01 2.600000000000000000e+01 6.400000000000000000e+01 0.000000000000000000e+00 1.600000000000000089e+00 -1.562999999999999936e-03 5.916000000000000252e-03 9.999810000000000088e-01 -3.520820000000000061e-01 9.359490000000000309e-01 -6.087000000000000396e-03 -9.359680000000000222e-01 -3.520849999999999813e-01 6.199999999999999999e-04
1.500000000000000000e+01 2.600000000000000000e+01 6.400000000000000000e+01 0.000000000000000000e+00 1.600000000000000089e+00 5.039999999999999992e-04 2.624000000000000030e-03 9.999959999999999960e-01 -3.573979999999999935e-01 9.339490000000000292e-01 -2.271000000000000015e-03 -9.339520000000000044e-01 -3.573959999999999915e-01 1.407999999999999963e-03
2.000000000000000000e+01 2.600000000000000000e+01 6.400000000000000000e+01 0.000000000000000000e+00 1.600000000000000089e+00 -2.105000000000000100e-03 -2.956999999999999993e-03 9.999930000000000208e-01 -3.554919999999999747e-01 9.346769999999999801e-01 2.014999999999999864e-03 -9.346769999999999801e-01 -3.554849999999999954e-01 -3.017999999999999849e-03
4.000000000000000000e+00 2.500000000000000000e+01 7.300000000000000000e+01 0.000000000000000000e+00 1.600000000000000089e+00 2.060000000000000199e-03 2.394999999999999993e-03 9.999949999999999672e-01 7.421219999999999484e-01 -6.702649999999999997e-01 7.600000000000000418e-05 6.702620000000000244e-01 7.421180000000000554e-01 -3.158000000000000217e-03
1.100000000000000000e+01 2.500000000000000000e+01 7.300000000000000000e+01 0.000000000000000000e+00 1.600000000000000089e+00 -1.294000000000000011e-03 5.339999999999999695e-04 9.999989999999999712e-01 7.438730000000000064e-01 -6.683200000000000252e-01 1.319999999999999993e-03 6.683200000000000252e-01 7.438740000000000352e-01 4.679999999999999915e-04
1.700000000000000000e+01 2.500000000000000000e+01 7.300000000000000000e+01 0.000000000000000000e+00 1.600000000000000089e+00 9.009999999999999997e-04 1.704000000000000003e-03 9.999980000000000535e-01 7.456850000000000422e-01 -6.662989999999999746e-01 4.640000000000000027e-04 6.662979999999999459e-01 7.456829999999999847e-01 -1.871000000000000050e-03
2.200000000000000000e+01 2.500000000000000000e+01 7.300000000000000000e+01 0.000000000000000000e+00 1.600000000000000089e+00 8.299999999999999815e-05 -6.070000000000000092e-04 1.000000000000000000e+00 7.499200000000000310e-01 -6.615280000000000049e-01 -4.640000000000000027e-04 6.615280000000000049e-01 7.499200000000000310e-01 4.009999999999999893e-04
2.800000000000000000e+01 2.500000000000000000e+01 7.300000000000000000e+01 0.000000000000000000e+00 1.600000000000000089e+00 1.766999999999999908e-03 3.034999999999999937e-03 9.999940000000000495e-01 7.488399999999999501e-01 -6.627499999999999503e-01 6.880000000000000265e-04 6.627480000000000038e-01 7.488339999999999996e-01 -3.444000000000000013e-03
5.000000000000000000e+00 4.400000000000000000e+01 7.300000000000000000e+01 0.000000000000000000e+00 1.600000000000000089e+00 -1.920000000000000049e-04 -1.490000000000000005e-03 9.999989999999999712e-01 4.365000000000000130e-02 -9.990459999999999896e-01 -1.479999999999999979e-03 9.990470000000000184e-01 4.365000000000000130e-02 2.570000000000000127e-04
1.000000000000000000e+01 4.400000000000000000e+01 7.300000000000000000e+01 0.000000000000000000e+00 1.600000000000000089e+00 3.009999999999999980e-04 -6.980000000000000527e-04 1.000000000000000000e+00 4.619700000000000195e-02 -9.989320000000000421e-01 -7.110000000000000434e-04 9.989320000000000421e-01 4.619700000000000195e-02 -2.689999999999999791e-04
