6.000000000000000000e+00 2.500000000000000000e+01 1.000000000000000000e+00 0.000000000000000000e+00 1.600000000000000089e+00 2.645999999999999915e-03 -7.029999999999999791e-03 -9.999719999999999720e-01 -5.351150000000000073e-01 -8.447670000000000456e-01 4.523000000000000111e-03 -8.447750000000000536e-01 5.350880000000000081e-01 -5.996999999999999727e-03
1.000000000000000000e+01 2.500000000000000000e+01 1.000000000000000000e+00 0.000000000000000000e+00 1.600000000000000089e+00 2.948999999999999799e-03 -1.804999999999999964e-03 -9.999940000000000495e-01 -5.371569999999999956e-01 -8.434819999999999540e-01 -6.099999999999999872e-05 -8.434770000000000323e-01 5.371540000000000203e-01 -3.457000000000000003e-03
1.200000000000000000e+01 1.500000000000000000e+01 4.000000000000000000e+00 0.000000000000000000e+00 1.600000000000000089e+00 -1.090000000000000067e-04 1.474899999999999996e-02 9.998909999999999743e-01 2.921940000000000093e-01 -9.562549999999999661e-01 1.413700000000000026e-02 9.563589999999999591e-01 2.921630000000000060e-01 -4.205000000000000404e-03
1.500000000000000000e+01 1.500000000000000000e+01 4.000000000000000000e+00 0.000000000000000000e+00 1.600000000000000089e+00 -1.582999999999999989e-03 1.398100000000000037e-02 9.999010000000000398e-01 2.933749999999999969e-01 -9.558980000000000254e-01 1.383000000000000028e-02 9.559959999999999569e-01 2.933669999999999889e-01 -2.588000000000000023e-03
2.800000000000000000e+01 1.500000000000000000e+01 4.000000000000000000e+00 0.000000000000000000e+00 1.600000000000000089e+00 -1.953000000000000092e-03 6.819999999999999890e-04 9.999980000000000535e-01 2.882910000000000195e-01 -9.575420000000000043e-01 1.216000000000000067e-03 9.575409999999999755e-01 2.882930000000000215e-01 1.673999999999999924e-03
2.500000000000000000e+01 1.600000000000000000e+01 4.000000000000000000e+00 0.000000000000000000e+00 1.600000000000000089e+00 -5.236000000000000203e-03 -1.443000000000000055e-03 9.999850000000000128e-01 3.563640000000000141e-01 -9.343470000000000386e-01 5.180000000000000143e-04 9.343329999999999691e-01 3.563609999999999833e-01 5.407000000000000348e-03
2.000000000000000000e+00 1.010000000000000000e+02 7.000000000000000000e+00 0.000000000000000000e+00 1.600000000000000089e+00 -2.785999999999999848e-03 1.173399999999999964e-02 9.999270000000000103e-01 8.890649999999999942e-01 4.577720000000000122e-01 -2.893999999999999871e-03 -4.577729999999999855e-01 8.889920000000000044e-01 -1.170700000000000039e-02
1.300000000000000000e+01 1.010000000000000000e+02 7.000000000000000000e+00 0.000000000000000000e+00 1.600000000000000089e+00 8.850000000000000444e-04 2.406999999999999851e-03 9.999970000000000248e-01 8.834950000000000303e-01 4.684360000000000190e-01 -1.910000000000000022e-03 -4.684389999999999943e-01 8.834940000000000015e-01 -1.711999999999999980e-03
1.900000000000000000e+01 1.010000000000000000e+02 7.000000000000000000e+00 0.000000000000000000e+00 1.600000000000000089e+00 -1.312999999999999931e-03 -1.765000000000000076e-03 9.999980000000000535e-01 8.834910000000000263e-01 4.684440000000000270e-01 1.985999999999999918e-03 -4.684470000000000023e-01 8.834910000000000263e-01 9.439999999999999607e-04
2.600000000000000000e+01 1.010000000000000000e+02 7.000000000000000000e+00 0.000000000000000000e+00 1.600000000000000089e+00 8.779999999999999827e-04 -9.834000000000000727e-03 9.999510000000000343e-01 8.870789999999999509e-01 4.616029999999999855e-01 3.761000000000000020e-03 -4.616169999999999995e-01 8.870320000000000427e-01 9.128000000000000697e-03
1.300000000000000000e+01 1.500000000000000000e+01 8.000000000000000000e+00 0.000000000000000000e+00 1.600000000000000089e+00 4.640000000000000027e-03 1.342499999999999943e-02 -9.998989999999999823e-01 -5.906029999999999891e-01 -8.068480000000000096e-01 -1.357399999999999926e-02 -8.069490000000000274e-01 5.906059999999999643e-01 4.185000000000000352e-03
1.600000000000000000e+01 1.500000000000000000e+01 8.000000000000000000e+00 0.000000000000000000e+00 1.600000000000000089e+00 4.126999999999999592e-03 9.511000000000000357e-03 -9.999460000000000015e-01 -5.885789999999999633e-01 -8.083770000000000122e-01 -1.011800000000000026e-02 -8.084289999999999532e-01 5.885890000000000288e-01 2.262000000000000122e-03
2.200000000000000000e+01 1.500000000000000000e+01 8.000000000000000000e+00 0.000000000000000000e+00 1.600000000000000089e+00 2.912999999999999791e-03 -2.887999999999999942e-03 -9.999919999999999920e-01 -5.875240000000000462e-01 -8.092059999999999809e-01 6.250000000000000130e-04 -8.092009999999999481e-01 5.875169999999999559e-01 -4.054000000000000312e-03
2.800000000000000000e+01 1.500000000000000000e+01 8.000000000000000000e+00 0.000000000000000000e+00 1.600000000000000089e+00 3.011999999999999920e-03 6.569000000000000186e-03 -9.999740000000000295e-01 -5.838710000000000289e-01 -8.118149999999999533e-01 -7.091000000000000081e-03 -8.118410000000000348e-01 5.838769999999999794e-01 1.389999999999999960e-03
2.900000000000000000e+01 2.600000000000000000e+01 8.000000000000000000e+00 0.000000000000000000e+00 1.600000000000000089e+00 -4.114999999999999734e-03 -1.277000000000000010e-02 -9.999099999999999655e-01 4.070810000000000262e-01 9.132940000000000502e-01 -1.333900000000000016e-02 9.133829999999999449e-01 -4.071000000000000174e-01 1.440000000000000091e-03
1.000000000000000000e+00 2.400000000000000000e+01 9.000000000000000000e+00 0.000000000000000000e+00 1.600000000000000089e+00 -1.557999999999999923e-03 -1.725700000000000151e-02 -9.998500000000000165e-01 4.552499999999999880e-01 8.902189999999999825e-01 -1.607400000000000148e-02 8.903619999999999868e-01 -4.552069999999999728e-01 6.470000000000000057e-03
1.000000000000000000e+01 2.400000000000000000e+01 9.000000000000000000e+00 0.000000000000000000e+00 1.600000000000000089e+00 -3.657000000000000094e-03 -7.068999999999999763e-03 -9.999679999999999680e-01 4.598539999999999850e-01 8.879590000000000538e-01 -7.959000000000000796e-03 8.879869999999999708e-01 -4.598690000000000278e-01 3.999999999999999819e-06
2.000000000000000000e+01 2.400000000000000000e+01 9.000000000000000000e+00 0.000000000000000000e+00 1.600000000000000089e+00 -1.641000000000000097e-03 1.090000000000000040e-03 -9.999980000000000535e-01 4.597550000000000248e-01 8.880460000000000020e-01 2.130000000000000003e-04 8.880439999999999445e-01 -4.597530000000000228e-01 -1.958000000000000105e-03
2.300000000000000000e+01 2.400000000000000000e+01 9.000000000000000000e+00 0.000000000000000000e+00 1.600000000000000089e+00 -2.213000000000000123e-03 -3.093999999999999962e-03 -9.999930000000000208e-01 4.594829999999999748e-01 8.881790000000000518e-01 -3.765000000000000117e-03 8.881839999999999735e-01 -4.594880000000000075e-01 -5.439999999999999957e-04
2.800000000000000000e+01 2.400000000000000000e+01 9.000000000000000000e+00 0.000000000000000000e+00 1.600000000000000089e+00 -4.048000000000000383e-03 -1.448299999999999935e-02 -9.998869999999999703e-01 4.583639999999999937e-01 8.886429999999999607e-01 -1.472700000000000051e-02 8.887559999999999905e-01 -4.583709999999999729e-01 3.040999999999999866e-03
9.000000000000000000e+00 1.040000000000000000e+02 1.100000000000000000e+01 0.000000000000000000e+00 1.600000000000000089e+00 2.197000000000000168e-03 -1.078999999999999924e-02 9.999390000000000223e-01 -9.746979999999999533e-01 -2.235240000000000005e-01 -2.700000000000000035e-04 2.235139999999999905e-01 -9.746390000000000331e-01 -1.100800000000000042e-02
2.000000000000000000e+00 3.100000000000000000e+01 1.200000000000000000e+01 0.000000000000000000e+00 1.600000000000000089e+00 -1.550000000000000000e-04 -3.975000000000000235e-03 9.999919999999999920e-01 2.925000000000000083e-03 9.999879999999999880e-01 3.976000000000000367e-03 -9.999959999999999960e-01 2.926000000000000215e-03 -1.430000000000000064e-04
8.000000000000000000e+00 3.100000000000000000e+01 1.200000000000000000e+01 0.000000000000000000e+00 1.600000000000000089e+00 -5.450000000000000200e-04 -6.127999999999999767e-03 9.999810000000000088e-01 2.282999999999999873e-03 9.999789999999999512e-01 6.128999999999999899e-03 -9.999970000000000248e-01 2.285999999999999838e-03 -5.310000000000000050e-04
2.500000000000000000e+01 3.200000000000000000e+01 1.400000000000000000e+01 0.000000000000000000e+00 1.600000000000000089e+00 -2.455999999999999850e-03 -4.410999999999999990e-03 -9.999869999999999592e-01 1.118579999999999991e-01 9.937129999999999574e-01 -4.657999999999999814e-03 9.937209999999999654e-01 -1.118679999999999952e-01 -1.946999999999999946e-03
5.000000000000000000e+00 1.200000000000000000e+01 1.500000000000000000e+01 0.000000000000000000e+00 1.600000000000000089e+00 5.100000000000000366e-04 -4.199999999999999768e-05 -1.000000000000000000e+00 -4.670520000000000227e-01 -8.842299999999999605e-01 -2.010000000000000068e-04 -8.842299999999999605e-01 4.670520000000000227e-01 -4.710000000000000102e-04
1.400000000000000000e+01 1.200000000000000000e+01 1.500000000000000000e+01 0.000000000000000000e+00 1.600000000000000089e+00 1.918000000000000000e-03 2.285999999999999838e-03 -9.999959999999999960e-01 -4.675079999999999791e-01 -8.839839999999999920e-01 -2.918000000000000021e-03 -8.839869999999999672e-01 4.675119999999999831e-01 -6.260000000000000373e-04
2.200000000000000000e+01 1.200000000000000000e+01 1.500000000000000000e+01 0.000000000000000000e+00 1.600000000000000089e+00 2.959999999999999849e-04 -1.631000000000000071e-03 -9.999989999999999712e-01 -4.688610000000000277e-01 -8.832710000000000283e-01 1.301999999999999989e-03 -8.832719999999999461e-01 4.688590000000000257e-01 -1.026000000000000002e-03
2.600000000000000000e+01 1.200000000000000000e+01 1.500000000000000000e+01 0.000000000000000000e+00 1.600000000000000089e+00 4.110000000000000155e-04 2.290000000000000098e-04 -1.000000000000000000e+00 -4.674130000000000229e-01 -8.840390000000000192e-01 -3.950000000000000061e-04 -8.840390000000000192e-01 4.674130000000000229e-01 -2.559999999999999884e-04
2.200000000000000000e+01 1.100000000000000000e+01 1.600000000000000000e+01 0.000000000000000000e+00 1.600000000000000089e+00 -1.259999999999999998e-04 -3.440000000000000132e-04 -1.000000000000000000e+00 -4.212310000000000221e-01 -9.069530000000000092e-01 3.649999999999999816e-04 -9.069530000000000092e-01 4.212310000000000221e-01 -3.100000000000000135e-05
2.600000000000000000e+01 1.100000000000000000e+01 1.600000000000000000e+01 0.000000000000000000e+00 1.600000000000000089e+00 3.300000000000000253e-05 7.209999999999999612e-04 -1.000000000000000000e+00 -4.194709999999999828e-01 -9.077690000000000481e-01 -6.679999999999999740e-04 -9.077690000000000481e-01 4.194709999999999828e-01 2.730000000000000222e-04
2.900000000000000000e+01 1.100000000000000000e+01 1.600000000000000000e+01 0.000000000000000000e+00 1.600000000000000089e+00 1.201999999999999943e-03 1.286000000000000034e-03 -9.999980000000000535e-01 -4.179590000000000249e-01 -9.084640000000000493e-01 -1.670999999999999959e-03 -9.084649999999999670e-01 4.179599999999999982e-01 -5.540000000000000219e-04
9.000000000000000000e+00 1.160000000000000000e+02 1.600000000000000000e+01 0.000000000000000000e+00 1.600000000000000089e+00 -1.668999999999999911e-03 -1.100000000000000066e-03 9.999980000000000535e-01 7.044719999999999871e-01 7.097290000000000543e-01 1.956999999999999972e-03 -7.097299999999999720e-01 7.044740000000000446e-01 -4.090000000000000211e-04
1.400000000000000000e+01 1.160000000000000000e+02 1.600000000000000000e+01 0.000000000000000000e+00 1.600000000000000089e+00 4.760000000000000234e-04 -2.229999999999999994e-04 1.000000000000000000e+00 7.087689999999999824e-01 7.054409999999999847e-01 -1.800000000000000113e-04 -7.054399999999999560e-01 7.087689999999999824e-01 4.939999999999999730e-04
1.900000000000000000e+01 1.160000000000000000e+02 1.600000000000000000e+01 0.000000000000000000e+00 1.600000000000000089e+00 1.770000000000000089e-03 6.710000000000000469e-04 9.999980000000000535e-01 7.036299999999999777e-01 7.105650000000000022e-01 -1.722999999999999922e-03 -7.105650000000000022e-01 7.036320000000000352e-01 7.860000000000000233e-04
2.300000000000000000e+01 1.160000000000000000e+02 1.600000000000000000e+01 0.000000000000000000e+00 1.600000000000000089e+00 -1.722000000000000006e-03 -1.871999999999999966e-03 9.999970000000000248e-01 6.967649999999999677e-01 7.172950000000000159e-01 2.541999999999999989e-03 -7.172979999999999912e-01 6.967670000000000252e-01 6.899999999999999667e-05
1.700000000000000000e+01 2.000000000000000000e+00 1.900000000000000000e+01 0.000000000000000000e+00 1.600000000000000089e+00 6.930000000000000396e-04 -4.976000000000000388e-03 -9.999869999999999592e-01 1.841170000000000029e-01 -9.828919999999999879e-01 5.017999999999999891e-03 -9.829039999999999999e-01 -1.841180000000000039e-01 2.349999999999999930e-04
2.100000000000000000e+01 2.000000000000000000e+00 1.900000000000000000e+01 0.000000000000000000e+00 1.600000000000000089e+00 -1.815999999999999906e-03 4.291999999999999808e-03 -9.999890000000000168e-01 1.798790000000000111e-01 -9.836780000000000523e-01 -4.549000000000000092e-03 -9.836869999999999781e-01 -1.798849999999999894e-01 1.013999999999999927e-03
2.500000000000000000e+01 2.000000000000000000e+00 1.900000000000000000e+01 0.000000000000000000e+00 1.600000000000000089e+00 -2.798999999999999839e-03 4.294000000000000074e-03 -9.999869999999999592e-01 1.730309999999999904e-01 -9.849050000000000304e-01 -4.714000000000000308e-03 -9.849120000000000097e-01 -1.730420000000000014e-01 2.014000000000000165e-03
2.900000000000000000e+01 2.000000000000000000e+00 1.900000000000000000e+01 0.000000000000000000e+00 1.600000000000000089e+00 -6.599999999999999964e-04 -1.691999999999999928e-03 -9.999980000000000535e-01 1.689289999999999958e-01 -9.856270000000000309e-01 1.556000000000000091e-03 -9.856279999999999486e-01 -1.689269999999999938e-01 9.370000000000000074e-04
2.000000000000000000e+01 4.000000000000000000e+00 2.000000000000000000e+01 0.000000000000000000e+00 1.600000000000000089e+00 -1.505000000000000044e-03 -2.759999999999999867e-04 -9.999989999999999712e-01 2.731669999999999932e-01 -9.619670000000000165e-01 -1.459999999999999981e-04 -9.619649999999999590e-01 -2.731669999999999932e-01 1.523000000000000048e-03
2.400000000000000000e+01 4.000000000000000000e+00 2.000000000000000000e+01 0.000000000000000000e+00 1.600000000000000089e+00 -2.961999999999999789e-03 4.615000000000000178e-03 -9.999850000000000128e-01 2.613579999999999792e-01 -9.652279999999999749e-01 -5.229000000000000141e-03 -9.652370000000000116e-01 -2.613690000000000180e-01 1.652999999999999955e-03
2.800000000000000000e+01 4.000000000000000000e+00 2.000000000000000000e+01 0.000000000000000000e+00 1.600000000000000089e+00 1.219999999999999974e-04 -1.271999999999999910e-03 -9.999989999999999712e-01 2.505209999999999937e-01 -9.681100000000000261e-01 1.262000000000000101e-03 -9.681110000000000548e-01 -2.505200000000000204e-01 2.000000000000000096e-04
3.000000000000000000e+00 1.300000000000000000e+01 2.000000000000000000e+01 0.000000000000000000e+00 1.600000000000000089e+00 2.169999999999999891e-04 -6.125000000000000236e-03 9.999810000000000088e-01 2.549190000000000067e-01 9.669450000000000545e-01 5.866999999999999819e-03 -9.669619999999999882e-01 2.549130000000000007e-01 1.771000000000000005e-03
8.000000000000000000e+00 1.300000000000000000e+01 2.000000000000000000e+01 0.000000000000000000e+00 1.600000000000000089e+00 -6.019999999999999961e-04 -2.802999999999999936e-03 9.999959999999999960e-01 2.573369999999999824e-01 9.663169999999999815e-01 2.863999999999999792e-03 -9.663220000000000143e-01 2.573380000000000112e-01 1.389999999999999905e-04
1.400000000000000000e+01 1.300000000000000000e+01 2.000000000000000000e+01 0.000000000000000000e+00 1.600000000000000089e+00 7.159999999999999481e-04 2.680000000000000090e-04 1.000000000000000000e+00 2.572519999999999807e-01 9.663439999999999808e-01 -4.429999999999999802e-04 -9.663439999999999808e-01 2.572530000000000094e-01 6.229999999999999644e-04
1.800000000000000000e+01 1.300000000000000000e+01 2.000000000000000000e+01 0.000000000000000000e+00 1.600000000000000089e+00 8.329999999999999731e-04 1.279999999999999942e-04 1.000000000000000000e+00 2.544790000000000108e-01 9.670779999999999932e-01 -3.359999999999999814e-04 -9.670779999999999932e-01 2.544799999999999840e-01 7.730000000000000326e-04
2.100000000000000000e+01 1.300000000000000000e+01 2.000000000000000000e+01 0.000000000000000000e+00 1.600000000000000089e+00 -2.400000000000000061e-05 -1.255000000000000039e-03 9.999989999999999712e-01 2.524609999999999910e-01 9.676059999999999661e-01 1.219999999999999947e-03 -9.676069999999999949e-01 2.524609999999999910e-01 2.930000000000000204e-04
2.500000000000000000e+01 1.300000000000000000e+01 2.000000000000000000e+01 0.000000000000000000e+00 1.600000000000000089e+00 -2.649999999999999903e-04 -1.923000000000000013e-03 9.999980000000000535e-01 2.529839999999999867e-01 9.674690000000000234e-01 1.926999999999999894e-03 -9.674700000000000522e-01 2.529839999999999867e-01 2.300000000000000070e-04
2.900000000000000000e+01 1.300000000000000000e+01 2.000000000000000000e+01 0.000000000000000000e+00 1.600000000000000089e+00 -1.203999999999999992e-03 -3.677999999999999846e-03 9.999930000000000208e-01 2.540149999999999908e-01 9.671929999999999694e-01 3.863999999999999813e-03 -9.671999999999999487e-01 2.540180000000000216e-01 -2.300000000000000070e-04
4.000000000000000000e+00 1.600000000000000000e+01 2.100000000000000000e+01 0.000000000000000000e+00 1.600000000000000089e+00 -1.779999999999999898e-04 -7.238999999999999775e-03 9.999740000000000295e-01 2.966079999999999828e-01 9.549739999999999895e-01 6.965999999999999970e-03 -9.549990000000000423e-01 2.966019999999999768e-01 1.977000000000000025e-03
8.000000000000000000e+00 1.600000000000000000e+01 2.100000000000000000e+01 0.000000000000000000e+00 1.600000000000000089e+00 -3.339999999999999870e-04 -4.328000000000000250e-03 9.999909999999999632e-01 2.971050000000000080e-01 9.548349999999999893e-01 4.231999999999999651e-03 -9.548450000000000548e-01 2.971039999999999792e-01 9.669999999999999776e-04
1.100000000000000000e+01 1.600000000000000000e+01 2.100000000000000000e+01 0.000000000000000000e+00 1.600000000000000089e+00 -1.600000000000000131e-04 3.179999999999999776e-04 1.000000000000000000e+00 2.974180000000000157e-01 9.547470000000000123e-01 -2.559999999999999884e-04 -9.547470000000000123e-01 2.974180000000000157e-01 -2.480000000000000108e-04
1.700000000000000000e+01 1.600000000000000000e+01 2.100000000000000000e+01 0.000000000000000000e+00 1.600000000000000089e+00 5.379999999999999583e-04 4.473000000000000413e-03 9.999900000000000455e-01 2.987319999999999975e-01 9.543270000000000364e-01 -4.428999999999999777e-03 -9.543369999999999909e-01 2.987310000000000243e-01 -8.220000000000000310e-04
2.600000000000000000e+01 1.600000000000000000e+01 2.100000000000000000e+01 0.000000000000000000e+00 1.600000000000000089e+00 3.350000000000000113e-04 3.800000000000000209e-04 1.000000000000000000e+00 2.999839999999999729e-01 9.539440000000000142e-01 -4.629999999999999784e-04 -9.539440000000000142e-01 2.999839999999999729e-01 2.049999999999999956e-04
8.000000000000000000e+00 3.000000000000000000e+00 2.500000000000000000e+01 0.000000000000000000e+00 1.600000000000000089e+00 -7.741999999999999750e-03 -1.679999999999999907e-04 9.999700000000000255e-01 -2.956100000000000047e-02 -9.995629999999999793e-01 -3.970000000000000005e-04 9.995330000000000048e-01 -2.956299999999999900e-02 7.734000000000000423e-03
1.700000000000000000e+01 3.000000000000000000e+00 2.500000000000000000e+01 0.000000000000000000e+00 1.600000000000000089e+00 -2.039999999999999984e-04 1.463000000000000108e-03 9.999989999999999712e-01 -2.563500000000000154e-02 -9.996699999999999475e-01 1.456999999999999962e-03 9.996709999999999763e-01 -2.563500000000000154e-02 2.410000000000000033e-04
2.000000000000000000e+01 3.000000000000000000e+00 2.500000000000000000e+01 0.000000000000000000e+00 1.600000000000000089e+00 1.711999999999999980e-03 5.998999999999999992e-03 9.999810000000000088e-01 -2.154500000000000165e-02 -9.997500000000000275e-01 6.035000000000000434e-03 9.997660000000000435e-01 -2.155500000000000124e-02 -1.582999999999999989e-03
5.000000000000000000e+00 4.600000000000000000e+01 2.700000000000000000e+01 0.000000000000000000e+00 1.600000000000000089e+00 -2.370999999999999844e-03 -3.216000000000000109e-03 -9.999919999999999920e-01 6.598889999999999478e-01 7.513530000000000486e-01 -3.981000000000000164e-03 7.513600000000000279e-01 -6.598929999999999518e-01 3.409999999999999945e-04
1.400000000000000000e+01 4.600000000000000000e+01 2.700000000000000000e+01 0.000000000000000000e+00 1.600000000000000089e+00 -5.540000000000000219e-04 1.910000000000000077e-04 -1.000000000000000000e+00 6.649810000000000443e-01 7.468609999999999971e-01 -2.259999999999999910e-04 7.468599999999999683e-01 -6.649810000000000443e-01 -5.400000000000000069e-04
1.900000000000000000e+01 4.600000000000000000e+01 2.700000000000000000e+01 0.000000000000000000e+00 1.600000000000000089e+00 1.804000000000000048e-03 3.020000000000000223e-04 -9.999980000000000535e-01 6.631359999999999477e-01 7.484969999999999679e-01 1.423000000000000003e-03 7.484960000000000502e-01 -6.631380000000000052e-01 1.149999999999999981e-03
2.700000000000000000e+01 4.600000000000000000e+01 2.700000000000000000e+01 0.000000000000000000e+00 1.600000000000000089e+00 -2.089000000000000145e-03 2.509999999999999753e-04 -9.999980000000000535e-01 6.621529999999999916e-01 7.493680000000000341e-01 -1.195000000000000099e-03 7.493659999999999766e-01 -6.621540000000000203e-01 -1.732000000000000033e-03
6.000000000000000000e+00 5.800000000000000000e+01 3.100000000000000000e+01 0.000000000000000000e+00 1.600000000000000089e+00 -6.089999999999999494e-04 4.339999999999999782e-04 1.000000000000000000e+00 -7.920120000000000493e-01 -6.105059999999999931e-01 -2.169999999999999891e-04 6.105059999999999931e-01 -7.920110000000000205e-01 7.159999999999999481e-04
1.300000000000000000e+01 5.800000000000000000e+01 3.100000000000000000e+01 0.000000000000000000e+00 1.600000000000000089e+00 4.939999999999999730e-04 -4.186999999999999750e-03 9.999909999999999632e-01 -7.912700000000000289e-01 -6.114629999999999788e-01 -2.168999999999999921e-03 6.114669999999999828e-01 -7.912620000000000209e-01 -3.615999999999999857e-03
2.000000000000000000e+01 5.800000000000000000e+01 3.100000000000000000e+01 0.000000000000000000e+00 1.600000000000000089e+00 6.774999999999999772e-03 1.136999999999999990e-03 9.999759999999999760e-01 -7.841730000000000089e-01 -6.205129999999999812e-01 6.019000000000000045e-03 6.205060000000000020e-01 -7.841949999999999754e-01 -3.311999999999999840e-03
2.800000000000000000e+01 5.800000000000000000e+01 3.100000000000000000e+01 0.000000000000000000e+00 1.600000000000000089e+00 9.280000000000000054e-04 3.784000000000000037e-03 9.999919999999999920e-01 -7.751639999999999642e-01 -6.317519999999999802e-01 3.109999999999999917e-03 6.317589999999999595e-01 -7.751609999999999889e-01 2.347000000000000128e-03
5.000000000000000000e+00 6.000000000000000000e+00 3.200000000000000000e+01 0.000000000000000000e+00 1.600000000000000089e+00 -3.883999999999999866e-03 -3.060999999999999919e-03 -9.999879999999999880e-01 1.398949999999999916e-01 9.901600000000000401e-01 -3.573999999999999920e-03 9.901590000000000114e-01 -1.399070000000000036e-01 -3.416999999999999899e-03
2.000000000000000000e+01 6.000000000000000000e+00 3.200000000000000000e+01 0.000000000000000000e+00 1.600000000000000089e+00 -2.779999999999999811e-04 -5.512999999999999672e-03 -9.999850000000000128e-01 1.547169999999999934e-01 9.879440000000000444e-01 -5.490000000000000088e-03 9.879590000000000316e-01 -1.547159999999999924e-01 5.789999999999999791e-04
4.000000000000000000e+00 4.600000000000000000e+01 3.500000000000000000e+01 0.000000000000000000e+00 1.600000000000000089e+00 -1.224999999999999960e-03 6.999999999999999895e-06 -9.999989999999999712e-01 3.812450000000000006e-01 -9.244740000000000180e-01 -4.739999999999999747e-04 -9.244729999999999892e-01 -3.812450000000000006e-01 1.129000000000000012e-03
9.000000000000000000e+00 4.600000000000000000e+01 3.500000000000000000e+01 0.000000000000000000e+00 1.600000000000000089e+00 3.170000000000000075e-04 1.167999999999999984e-03 -9.999989999999999712e-01 3.820379999999999887e-01 -9.241460000000000230e-01 -9.579999999999999757e-04 -9.241470000000000518e-01 -3.820370000000000155e-01 -7.389999999999999651e-04
1.400000000000000000e+01 4.600000000000000000e+01 3.500000000000000000e+01 0.000000000000000000e+00 1.600000000000000089e+00 -1.381999999999999982e-03 4.707000000000000246e-03 -9.999879999999999880e-01 3.836289999999999978e-01 -9.234740000000000171e-01 -4.877000000000000259e-03 -9.234860000000000291e-01 -3.836309999999999998e-01 -5.299999999999999807e-04
1.800000000000000000e+01 4.600000000000000000e+01 3.500000000000000000e+01 0.000000000000000000e+00 1.600000000000000089e+00 1.242999999999999964e-03 3.789999999999999966e-04 -9.999989999999999712e-01 3.857349999999999945e-01 -9.226100000000000412e-01 1.299999999999999886e-04 -9.226090000000000124e-01 -3.857349999999999945e-01 -1.293000000000000095e-03
2.100000000000000000e+01 4.600000000000000000e+01 3.500000000000000000e+01 0.000000000000000000e+00 1.600000000000000089e+00 -9.089999999999999773e-04 -2.282999999999999873e-03 -9.999970000000000248e-01 3.863929999999999865e-01 -9.223329999999999584e-01 1.755000000000000050e-03 -9.223339999999999872e-01 -3.863900000000000112e-01 1.719999999999999958e-03
2.500000000000000000e+01 4.600000000000000000e+01 3.500000000000000000e+01 0.000000000000000000e+00 1.600000000000000089e+00 -1.523999999999999964e-03 2.599999999999999772e-04 -9.999989999999999712e-01 3.857200000000000073e-01 -9.226149999999999629e-01 -8.279999999999999600e-04 -9.226149999999999629e-01 -3.857209999999999805e-01 1.306000000000000086e-03
4.000000000000000000e+00 9.500000000000000000e+01 3.600000000000000000e+01 0.000000000000000000e+00 1.600000000000000089e+00 -2.639999999999999986e-03 -2.037200000000000122e-02 9.997890000000000388e-01 9.960689999999999822e-01 8.846999999999999309e-02 4.433000000000000308e-03 -8.854199999999999571e-02 9.958709999999999507e-01 2.005799999999999944e-02
9.000000000000000000e+00 9.500000000000000000e+01 3.600000000000000000e+01 0.000000000000000000e+00 1.600000000000000089e+00 -4.470000000000000015e-03 -8.580000000000000387e-04 9.999900000000000455e-01 9.957810000000000272e-01 9.164600000000000524e-02 4.530000000000000172e-03 -9.164899999999999436e-02 9.957909999999999817e-01 4.440000000000000045e-04
1.300000000000000000e+01 9.500000000000000000e+01 3.600000000000000000e+01 0.000000000000000000e+00 1.600000000000000089e+00 -1.093999999999999920e-03 -9.569999999999999514e-04 9.999989999999999712e-01 9.959770000000000012e-01 8.960500000000000409e-02 1.175999999999999962e-03 -8.960600000000000509e-02 9.959770000000000012e-01 8.549999999999999658e-04
1.900000000000000000e+01 9.500000000000000000e+01 3.600000000000000000e+01 0.000000000000000000e+00 1.600000000000000089e+00 1.268999999999999946e-03 1.896000000000000116e-02 9.998190000000000133e-01 9.966110000000000246e-01 8.220600000000000129e-02 -2.824000000000000121e-03 -8.224399999999999766e-02 9.964349999999999596e-01 -1.879099999999999868e-02
2.500000000000000000e+01 9.500000000000000000e+01 3.600000000000000000e+01 0.000000000000000000e+00 1.600000000000000089e+00 4.092000000000000151e-03 -5.082999999999999845e-03 9.999789999999999512e-01 9.970679999999999543e-01 7.643700000000000494e-02 -3.691999999999999969e-03 -7.641699999999999882e-02 9.970609999999999751e-01 5.380000000000000233e-03
1.000000000000000000e+00 3.000000000000000000e+00 4.300000000000000000e+01 0.000000000000000000e+00 1.600000000000000089e+00 -1.419300000000000075e-02 -5.265399999999999942e-02 -9.985119999999999552e-01 7.441929999999999934e-01 -6.675109999999999655e-01 2.462100000000000052e-02 -6.678140000000000187e-01 -7.427359999999999518e-01 4.865900000000000086e-02
6.000000000000000000e+00 3.000000000000000000e+00 4.300000000000000000e+01 0.000000000000000000e+00 1.600000000000000089e+00 -7.974999999999999450e-03 -2.886100000000000124e-02 -9.995519999999999960e-01 7.464819999999999789e-01 -6.652740000000000320e-01 1.325400000000000016e-02 -6.653580000000000050e-01 -7.460409999999999542e-01 2.684999999999999887e-02
1.000000000000000000e+01 3.000000000000000000e+00 4.300000000000000000e+01 0.000000000000000000e+00 1.600000000000000089e+00 -5.701999999999999603e-03 -5.926999999999999977e-03 -9.999660000000000215e-01 7.469099999999999628e-01 -6.649249999999999883e-01 -3.179999999999999776e-04 -6.649009999999999643e-01 -7.468869999999999676e-01 8.219000000000000611e-03
1.700000000000000000e+01 3.000000000000000000e+00 4.300000000000000000e+01 0.000000000000000000e+00 1.600000000000000089e+00 2.900000000000000017e-04 2.286900000000000044e-02 -9.997380000000000155e-01 7.424770000000000536e-01 -6.697009999999999907e-01 -1.510399999999999937e-02 -6.698709999999999942e-01 -7.422790000000000221e-01 -1.717399999999999829e-02
2.500000000000000000e+01 3.000000000000000000e+00 4.300000000000000000e+01 0.000000000000000000e+00 1.600000000000000089e+00 -2.469999999999999865e-04 1.429099999999999988e-02 -9.998979999999999535e-01 7.398470000000000324e-01 -6.727039999999999687e-01 -9.797000000000000153e-03 -6.727750000000000119e-01 -7.397740000000000427e-01 -1.040699999999999958e-02
1.000000000000000000e+01 8.000000000000000000e+00 4.400000000000000000e+01 0.000000000000000000e+00 1.600000000000000089e+00 3.020000000000000223e-04 -2.043999999999999810e-03 9.999980000000000535e-01 -7.687749999999999861e-01 -6.395180000000000309e-01 -1.075000000000000001e-03 6.395189999999999486e-01 -7.687730000000000397e-01 -1.765000000000000076e-03
1.400000000000000000e+01 8.000000000000000000e+00 4.400000000000000000e+01 0.000000000000000000e+00 1.600000000000000089e+00 3.579000000000000150e-03 5.582000000000000156e-03 9.999780000000000335e-01 -7.694900000000000073e-01 -6.386279999999999735e-01 6.318999999999999964e-03 6.386490000000000222e-01 -7.694950000000000401e-01 2.008999999999999935e-03
2.200000000000000000e+01 8.000000000000000000e+00 4.400000000000000000e+01 0.000000000000000000e+00 1.600000000000000089e+00 4.274000000000000021e-03 1.484700000000000082e-02 9.998810000000000198e-01 -7.747939999999999827e-01 -6.320869999999999544e-01 1.269799999999999922e-02 6.321999999999999842e-01 -7.747549999999999715e-01 8.802000000000000796e-03
2.900000000000000000e+01 8.000000000000000000e+00 4.400000000000000000e+01 0.000000000000000000e+00 1.600000000000000089e+00 7.020000000000000415e-04 3.423999999999999960e-03 9.999940000000000495e-01 -7.750989999999999824e-01 -6.318340000000000067e-01 2.707000000000000205e-03 6.318399999999999572e-01 -7.750960000000000072e-01 2.210000000000000159e-03
3.000000000000000000e+00 2.900000000000000000e+01 4.400000000000000000e+01 0.000000000000000000e+00 1.600000000000000089e+00 1.374999999999999920e-03 -3.320000000000000034e-03 -9.999940000000000495e-01 6.530799999999999939e-01 7.572870000000000434e-01 -1.616000000000000032e-03 7.572879999999999612e-01 -6.530730000000000146e-01 3.210000000000000180e-03
6.000000000000000000e+00 2.900000000000000000e+01 4.400000000000000000e+01 0.000000000000000000e+00 1.600000000000000089e+00 1.379999999999999933e-03 -3.941000000000000059e-03 -9.999909999999999632e-01 6.562069999999999848e-01 7.545779999999999710e-01 -2.069000000000000093e-03 7.545800000000000285e-01 -6.561989999999999768e-01 3.627000000000000016e-03
1.300000000000000000e+01 2.900000000000000000e+01 4.400000000000000000e+01 0.000000000000000000e+00 1.600000000000000089e+00 2.066999999999999827e-03 -5.513999999999999804e-03 -9.999829999999999552e-01 6.721500000000000252e-01 7.404100000000000126e-01 -2.693000000000000081e-03 7.404119999999999591e-01 -6.721329999999999805e-01 5.237000000000000335e-03
1.600000000000000000e+01 2.900000000000000000e+01 4.400000000000000000e+01 0.000000000000000000e+00 1.600000000000000089e+00 1.066000000000000107e-03 -1.018000000000000025e-03 -9.999989999999999712e-01 6.781319999999999570e-01 7.349400000000000377e-01 -2.500000000000000120e-05 7.349390000000000089e-01 -6.781310000000000393e-01 1.474000000000000050e-03
2.100000000000000000e+01 2.900000000000000000e+01 4.400000000000000000e+01 0.000000000000000000e+00 1.600000000000000089e+00 -1.860000000000000108e-03 4.192999999999999679e-03 -9.999900000000000455e-01 6.763719999999999732e-01 7.365580000000000460e-01 1.830999999999999945e-03 7.365580000000000460e-01 -6.763620000000000188e-01 -4.205999999999999669e-03
3.000000000000000000e+01 2.900000000000000000e+01 4.400000000000000000e+01 0.000000000000000000e+00 1.600000000000000089e+00 1.399999999999999877e-04 2.135999999999999878e-03 -9.999980000000000535e-01 6.747910000000000297e-01 7.380069999999999686e-01 1.670999999999999959e-03 7.380090000000000261e-01 -6.747889999999999722e-01 -1.337999999999999997e-03
1.000000000000000000e+00 6.500000000000000000e+01 4.600000000000000000e+01 0.000000000000000000e+00 1.600000000000000089e+00 -3.272000000000000169e-03 2.651999999999999844e-03 9.999909999999999632e-01 6.805250000000000465e-01 -7.327129999999999477e-01 4.170000000000000095e-03 7.327179999999999804e-01 6.805320000000000258e-01 5.929999999999999941e-04
2.000000000000000000e+01 6.500000000000000000e+01 4.600000000000000000e+01 0.000000000000000000e+00 1.600000000000000089e+00 1.595999999999999979e-03 -9.269999999999999811e-04 9.999980000000000535e-01 6.809089999999999865e-01 -7.323659999999999615e-01 -1.765999999999999992e-03 7.323659999999999615e-01 6.809110000000000440e-01 -5.379999999999999583e-04
2.000000000000000000e+01 6.000000000000000000e+00 5.100000000000000000e+01 0.000000000000000000e+00 1.600000000000000089e+00 3.082000000000000104e-03 7.304999999999999861e-03 -9.999689999999999968e-01 3.257220000000000115e-01 -9.454470000000000374e-01 -5.903000000000000261e-03 -9.454609999999999959e-01 -3.256930000000000103e-01 -5.292999999999999962e-03
2.400000000000000000e+01 6.000000000000000000e+00 5.100000000000000000e+01 0.000000000000000000e+00 1.600000000000000089e+00 5.009999999999999697e-03 8.096000000000000765e-03 -9.999550000000000383e-01 3.236709999999999865e-01 -9.461509999999999643e-01 -6.039000000000000097e-03 -9.461570000000000258e-01 -3.236260000000000248e-01 -7.361000000000000355e-03
1.500000000000000000e+01 7.000000000000000000e+00 5.200000000000000000e+01 0.000000000000000000e+00 1.600000000000000089e+00 7.579999999999999932e-04 -2.354000000000000190e-03 -9.999970000000000248e-01 1.182279999999999998e-01 -9.929839999999999778e-01 2.426999999999999904e-03 -9.929860000000000353e-01 -1.182290000000000008e-01 -4.739999999999999747e-04
2.000000000000000000e+01 7.000000000000000000e+00 5.200000000000000000e+01 0.000000000000000000e+00 1.600000000000000089e+00 4.458000000000000157e-03 5.955000000000000224e-03 -9.999719999999999720e-01 1.181880000000000014e-01 -9.929769999999999985e-01 -5.387000000000000295e-03 -9.929810000000000025e-01 -1.181610000000000021e-01 -5.131000000000000144e-03
9.000000000000000000e+00 6.300000000000000000e+01 5.400000000000000000e+01 0.000000000000000000e+00 1.600000000000000089e+00 1.773000000000000053e-03 -1.270000000000000078e-03 9.999980000000000535e-01 -3.563200000000000256e-01 9.343620000000000259e-01 1.819000000000000087e-03 -9.343620000000000259e-01 -3.563220000000000276e-01 1.203999999999999992e-03
1.300000000000000000e+01 6.300000000000000000e+01 5.400000000000000000e+01 0.000000000000000000e+00 1.600000000000000089e+00 1.779999999999999898e-04 -1.160000000000000007e-04 1.000000000000000000e+00 -3.595380000000000242e-01 9.331300000000000150e-01 1.720000000000000066e-04 -9.331300000000000150e-01 -3.595380000000000242e-01 1.240000000000000054e-04
1.600000000000000000e+01 6.300000000000000000e+01 5.400000000000000000e+01 0.000000000000000000e+00 1.600000000000000089e+00 -1.263999999999999933e-03 -1.101999999999999898e-03 9.999989999999999712e-01 -3.574879999999999725e-01 9.339180000000000259e-01 5.770000000000000389e-04 -9.339169999999999972e-01 -3.574860000000000260e-01 -1.575000000000000011e-03
2.300000000000000000e+01 6.300000000000000000e+01 5.400000000000000000e+01 0.000000000000000000e+00 1.600000000000000089e+00 -3.199999999999999855e-05 6.440000000000000412e-04 1.000000000000000000e+00 -3.523390000000000133e-01 9.358720000000000372e-01 -6.139999999999999625e-04 -9.358720000000000372e-01 -3.523390000000000133e-01 1.969999999999999909e-04
2.700000000000000000e+01 6.300000000000000000e+01 5.400000000000000000e+01 0.000000000000000000e+00 1.600000000000000089e+00 -3.989999999999999949e-04 -4.009999999999999893e-04 1.000000000000000000e+00 -3.497029999999999861e-01 9.368610000000000548e-01 2.359999999999999902e-04 -9.368610000000000548e-01 -3.497029999999999861e-01 -5.140000000000000254e-04
3.000000000000000000e+00 2.500000000000000000e+01 5.500000000000000000e+01 0.000000000000000000e+00 1.600000000000000089e+00 1.020999999999999989e-03 -2.145999999999999904e-03 -9.999970000000000248e-01 -1.210899999999999997e-02 -9.999240000000000350e-01 2.132999999999999913e-03 -9.999259999999999815e-01 1.210699999999999971e-02 -1.046999999999999971e-03
7.000000000000000000e+00 2.500000000000000000e+01 5.500000000000000000e+01 0.000000000000000000e+00 1.600000000000000089e+00 5.169999999999999899e-04 1.899999999999999996e-03 -9.999980000000000535e-01 -1.295999999999999930e-02 -9.999139999999999695e-01 -1.907000000000000058e-03 -9.999160000000000270e-01 1.296100000000000030e-02 -4.920000000000000328e-04
1.700000000000000000e+01 2.500000000000000000e+01 5.500000000000000000e+01 0.000000000000000000e+00 1.600000000000000089e+00 1.219999999999999947e-03 -1.907999999999999974e-03 -9.999970000000000248e-01 -1.181500000000000085e-02 -9.999280000000000390e-01 1.894000000000000067e-03 -9.999289999999999567e-01 1.181300000000000058e-02 -1.242999999999999964e-03
2.400000000000000000e+01 2.500000000000000000e+01 5.500000000000000000e+01 0.000000000000000000e+00 1.600000000000000089e+00 -6.790000000000000245e-04 4.659999999999999971e-04 -1.000000000000000000e+00 -1.135700000000000078e-02 -9.999350000000000183e-01 -4.580000000000000195e-04 -9.999350000000000183e-01 1.135700000000000078e-02 6.840000000000000377e-04
2.800000000000000000e+01 2.500000000000000000e+01 5.500000000000000000e+01 0.000000000000000000e+00 1.600000000000000089e+00 -1.129999999999999955e-04 7.088999999999999815e-03 -9.999749999999999472e-01 -1.241599999999999995e-02 -9.998979999999999535e-01 -7.087000000000000417e-03 -9.999230000000000063e-01 1.241500000000000069e-02 2.010000000000000068e-04
6.000000000000000000e+00 2.100000000000000000e+01 6.000000000000000000e+01 0.000000000000000000e+00 1.600000000000000089e+00 -2.314000000000000085e-03 -6.948000000000000183e-03 9.999730000000000008e-01 -9.727299999999999836e-02 9.952349999999999808e-01 6.689999999999999766e-03 -9.952550000000000008e-01 -9.725499999999999423e-02 -2.978999999999999877e-03
1.300000000000000000e+01 2.100000000000000000e+01 6.000000000000000000e+01 0.000000000000000000e+00 1.600000000000000089e+00 -7.470000000000000511e-04 1.506500000000000027e-02 9.998860000000000525e-01 -9.581599999999999839e-02 9.952849999999999753e-01 -1.506700000000000053e-02 -9.953990000000000338e-01 -9.581699999999999939e-02 6.999999999999999929e-04
1.900000000000000000e+01 2.100000000000000000e+01 6.000000000000000000e+01 0.000000000000000000e+00 1.600000000000000089e+00 1.431999999999999896e-03 -5.767000000000000424e-03 9.999820000000000375e-01 -9.486600000000000588e-02 9.954730000000000523e-01 5.876000000000000147e-03 -9.954889999999999572e-01 -9.487299999999999900e-02 8.779999999999999827e-04
