9.000000000000000000e+00 1.500000000000000000e+01 4.000000000000000000e+00 0.000000000000000000e+00 1.600000000000000089e+00 -1.034999999999999896e-03 2.953199999999999922e-02 9.995629999999999793e-01 3.826629999999999754e-01 -9.234729999999999883e-01 2.767999999999999974e-02 9.238880000000000425e-01 3.825239999999999752e-01 -1.034400000000000076e-02
2.500000000000000000e+01 1.600000000000000000e+01 4.000000000000000000e+00 0.000000000000000000e+00 1.600000000000000089e+00 -2.501999999999999884e-03 1.538000000000000088e-03 9.999959999999999960e-01 4.579659999999999842e-01 -8.889660000000000339e-01 2.513000000000000043e-03 8.889660000000000339e-01 4.579710000000000170e-01 1.520000000000000084e-03
2.000000000000000000e+00 1.010000000000000000e+02 7.000000000000000000e+00 0.000000000000000000e+00 1.600000000000000089e+00 -1.085000000000000027e-03 -9.079999999999999530e-03 9.999580000000000135e-01 8.874840000000000506e-01 4.608090000000000241e-01 5.146999999999999666e-03 -4.608369999999999966e-01 8.874530000000000474e-01 7.557999999999999614e-03
7.000000000000000000e+00 1.010000000000000000e+02 7.000000000000000000e+00 0.000000000000000000e+00 1.600000000000000089e+00 -8.689999999999999808e-04 1.187399999999999914e-02 9.999289999999999567e-01 8.861489999999999645e-01 4.633769999999999833e-01 -4.732000000000000095e-03 -4.633999999999999786e-01 8.860820000000000363e-01 -1.092500000000000068e-02
1.800000000000000000e+01 1.010000000000000000e+02 7.000000000000000000e+00 0.000000000000000000e+00 1.600000000000000089e+00 -3.049999999999999868e-04 -3.628999999999999847e-03 9.999930000000000208e-01 8.856559999999999988e-01 4.643369999999999997e-01 1.955999999999999839e-03 -4.643410000000000037e-01 8.856509999999999661e-01 3.072000000000000078e-03
2.300000000000000000e+01 1.010000000000000000e+02 7.000000000000000000e+00 0.000000000000000000e+00 1.600000000000000089e+00 -1.211999999999999970e-03 -7.217999999999999590e-03 9.999730000000000008e-01 8.858350000000000390e-01 4.639789999999999748e-01 4.422999999999999848e-03 -4.639989999999999948e-01 8.858169999999999655e-01 5.832000000000000378e-03
1.000000000000000000e+01 1.500000000000000000e+01 8.000000000000000000e+00 0.000000000000000000e+00 1.600000000000000089e+00 9.929999999999999591e-04 1.798599999999999852e-02 -9.998380000000000045e-01 -6.145059999999999967e-01 -7.887729999999999464e-01 -1.479899999999999965e-02 -7.889110000000000289e-01 6.144209999999999949e-01 1.026900000000000035e-02
4.000000000000000000e+00 2.500000000000000000e+01 8.000000000000000000e+00 0.000000000000000000e+00 1.600000000000000089e+00 -1.371999999999999956e-03 5.544999999999999582e-03 -9.999839999999999840e-01 4.471729999999999872e-01 8.944370000000000376e-01 4.346000000000000037e-03 8.944459999999999633e-01 -4.471600000000000019e-01 -3.706999999999999792e-03
9.000000000000000000e+00 2.500000000000000000e+01 8.000000000000000000e+00 0.000000000000000000e+00 1.600000000000000089e+00 -6.579999999999999478e-04 -1.118000000000000070e-03 -9.999989999999999712e-01 4.486809999999999965e-01 8.936910000000000132e-01 -1.294000000000000011e-03 8.936920000000000419e-01 -4.486820000000000253e-01 -8.600000000000000331e-05
1.100000000000000000e+01 2.500000000000000000e+01 8.000000000000000000e+00 0.000000000000000000e+00 1.600000000000000089e+00 -5.000000000000000240e-05 -1.724999999999999971e-03 -9.999980000000000535e-01 4.485379999999999923e-01 8.937619999999999454e-01 -1.564000000000000069e-03 8.937640000000000029e-01 -4.485370000000000190e-01 7.290000000000000473e-04
2.700000000000000000e+01 2.500000000000000000e+01 8.000000000000000000e+00 0.000000000000000000e+00 1.600000000000000089e+00 1.663999999999999898e-03 2.590999999999999987e-03 -9.999949999999999672e-01 4.467200000000000060e-01 8.946690000000000476e-01 3.060999999999999919e-03 8.946720000000000228e-01 -4.467229999999999812e-01 3.310000000000000225e-04
4.000000000000000000e+00 2.400000000000000000e+01 9.000000000000000000e+00 0.000000000000000000e+00 1.600000000000000089e+00 -1.832999999999999994e-03 5.174999999999999913e-03 -9.999850000000000128e-01 4.545159999999999756e-01 8.907300000000000217e-01 3.775999999999999843e-03 8.907370000000000010e-01 -4.545020000000000171e-01 -3.984999999999999827e-03
1.100000000000000000e+01 2.400000000000000000e+01 9.000000000000000000e+00 0.000000000000000000e+00 1.600000000000000089e+00 -8.299999999999999815e-05 -2.988999999999999903e-03 -9.999959999999999960e-01 4.561000000000000054e-01 8.899249999999999661e-01 -2.697000000000000178e-03 8.899289999999999701e-01 -4.560980000000000034e-01 1.288999999999999998e-03
1.900000000000000000e+01 2.400000000000000000e+01 9.000000000000000000e+00 0.000000000000000000e+00 1.600000000000000089e+00 -1.183000000000000024e-03 -3.703000000000000128e-03 -9.999919999999999920e-01 4.545699999999999741e-01 8.907030000000000225e-01 -3.836000000000000000e-03 8.907100000000000017e-01 -4.545710000000000028e-01 6.290000000000000018e-04
2.300000000000000000e+01 2.400000000000000000e+01 9.000000000000000000e+00 0.000000000000000000e+00 1.600000000000000089e+00 -8.099999999999999561e-04 -3.824999999999999841e-03 -9.999919999999999920e-01 4.544219999999999926e-01 8.907789999999999875e-01 -3.775000000000000144e-03 8.907859999999999667e-01 -4.544210000000000194e-01 1.015999999999999976e-03
3.000000000000000000e+00 7.000000000000000000e+00 1.000000000000000000e+01 0.000000000000000000e+00 1.600000000000000089e+00 9.618300000000000460e-02 8.870999999999999719e-02 -9.914030000000000342e-01 -9.353040000000000243e-01 -3.326910000000000145e-01 -1.205090000000000050e-01 -3.405219999999999914e-01 9.388539999999999663e-01 5.097200000000000342e-02
6.000000000000000000e+00 3.500000000000000000e+01 1.200000000000000000e+01 0.000000000000000000e+00 1.600000000000000089e+00 1.160999999999999923e-03 -4.828999999999999959e-03 -9.999879999999999880e-01 4.632850000000000024e-01 -8.861959999999999837e-01 4.817000000000000101e-03 -8.862079999999999957e-01 -4.632850000000000024e-01 1.209000000000000005e-03
1.000000000000000000e+01 3.500000000000000000e+01 1.200000000000000000e+01 0.000000000000000000e+00 1.600000000000000089e+00 4.510000000000000120e-04 -5.353000000000000119e-03 -9.999860000000000415e-01 4.530390000000000250e-01 -8.914769999999999639e-01 4.976999999999999653e-03 -8.914910000000000334e-01 -4.530350000000000210e-01 2.023000000000000059e-03
1.500000000000000000e+01 3.500000000000000000e+01 1.200000000000000000e+01 0.000000000000000000e+00 1.600000000000000089e+00 -5.500000000000000331e-04 -5.192999999999999700e-03 -9.999860000000000415e-01 4.529449999999999865e-01 -8.915279999999999871e-01 4.381000000000000345e-03 -8.915380000000000527e-01 -4.529369999999999785e-01 2.843000000000000041e-03
2.300000000000000000e+01 3.500000000000000000e+01 1.200000000000000000e+01 0.000000000000000000e+00 1.600000000000000089e+00 8.450000000000000479e-04 -1.490999999999999921e-03 -9.999989999999999712e-01 4.424339999999999939e-01 -8.967990000000000128e-01 1.711000000000000064e-03 -8.968009999999999593e-01 -4.424350000000000227e-01 -9.799999999999999684e-05
2.700000000000000000e+01 3.500000000000000000e+01 1.200000000000000000e+01 0.000000000000000000e+00 1.600000000000000089e+00 -1.677000000000000105e-03 4.427000000000000379e-03 -9.999890000000000168e-01 4.339950000000000196e-01 -9.009030000000000094e-01 -4.715999999999999706e-03 -9.009139999999999926e-01 -4.339979999999999949e-01 -4.110000000000000155e-04
2.000000000000000000e+00 3.200000000000000000e+01 1.400000000000000000e+01 0.000000000000000000e+00 1.600000000000000089e+00 5.159999999999999656e-04 3.315999999999999937e-03 -9.999940000000000495e-01 9.254800000000000526e-02 9.957030000000000047e-01 3.350000000000000113e-03 9.957080000000000375e-01 -9.254900000000000626e-02 2.069999999999999900e-04
2.100000000000000000e+01 3.200000000000000000e+01 1.400000000000000000e+01 0.000000000000000000e+00 1.600000000000000089e+00 -9.409999999999999962e-04 1.126000000000000048e-03 -9.999989999999999712e-01 1.071560000000000012e-01 9.942419999999999591e-01 1.018999999999999941e-03 9.942419999999999591e-01 -1.071550000000000002e-01 -1.056999999999999997e-03
2.600000000000000000e+01 3.200000000000000000e+01 1.400000000000000000e+01 0.000000000000000000e+00 1.600000000000000089e+00 4.009999999999999893e-04 -4.094999999999999682e-03 -9.999919999999999920e-01 1.060989999999999989e-01 9.943469999999999809e-01 -4.028999999999999596e-03 9.943560000000000176e-01 -1.060959999999999959e-01 8.329999999999999731e-04
1.800000000000000000e+01 1.160000000000000000e+02 1.600000000000000000e+01 0.000000000000000000e+00 1.600000000000000089e+00 1.704000000000000003e-03 2.265000000000000086e-03 9.999959999999999960e-01 7.529360000000000497e-01 6.580880000000000063e-01 -2.772999999999999857e-03 -6.580909999999999815e-01 7.529379999999999962e-01 -5.839999999999999922e-04
6.000000000000000000e+00 2.000000000000000000e+00 1.900000000000000000e+01 0.000000000000000000e+00 1.600000000000000089e+00 3.158999999999999916e-03 2.020100000000000021e-02 -9.997909999999999853e-01 3.460409999999999875e-01 -9.380490000000000217e-01 -1.786000000000000087e-02 -9.382139999999999924e-01 -3.459119999999999973e-01 -9.953000000000000042e-03
9.000000000000000000e+00 2.000000000000000000e+00 1.900000000000000000e+01 0.000000000000000000e+00 1.600000000000000089e+00 3.155999999999999951e-03 3.161000000000000181e-03 -9.999900000000000455e-01 3.401159999999999739e-01 -9.403820000000000512e-01 -1.899000000000000080e-03 -9.403780000000000472e-01 -3.401060000000000194e-01 -4.041999999999999586e-03
1.600000000000000000e+01 2.000000000000000000e+00 1.900000000000000000e+01 0.000000000000000000e+00 1.600000000000000089e+00 -3.419999999999999863e-03 1.525699999999999973e-02 -9.998780000000000445e-01 3.276270000000000016e-01 -9.446790000000000465e-01 -1.553599999999999946e-02 -9.448010000000000019e-01 -3.276399999999999868e-01 -1.768000000000000040e-03
2.300000000000000000e+01 2.000000000000000000e+00 1.900000000000000000e+01 0.000000000000000000e+00 1.600000000000000089e+00 -7.960000000000000495e-04 1.940700000000000064e-02 -9.998110000000000053e-01 3.284500000000000197e-01 -9.443380000000000107e-01 -1.859099999999999989e-02 -9.445210000000000550e-01 -3.284030000000000005e-01 -5.622000000000000261e-03
2.800000000000000000e+01 2.000000000000000000e+00 1.900000000000000000e+01 0.000000000000000000e+00 1.600000000000000089e+00 1.265000000000000065e-03 3.976999999999999633e-03 -9.999909999999999632e-01 3.260669999999999957e-01 -9.453409999999999869e-01 -3.347000000000000149e-03 -9.453460000000000196e-01 -3.260600000000000165e-01 -2.491999999999999858e-03
1.100000000000000000e+01 3.000000000000000000e+00 1.900000000000000000e+01 0.000000000000000000e+00 1.600000000000000089e+00 6.880000000000000265e-04 4.478000000000000209e-03 -9.999900000000000455e-01 3.084549999999999792e-01 -9.512300000000000200e-01 -4.048000000000000383e-03 -9.512389999999999457e-01 -3.084489999999999732e-01 -2.036000000000000049e-03
2.200000000000000000e+01 3.000000000000000000e+00 1.900000000000000000e+01 0.000000000000000000e+00 1.600000000000000089e+00 -1.345000000000000058e-03 1.847700000000000037e-02 -9.998280000000000500e-01 3.000249999999999861e-01 -9.537609999999999699e-01 -1.802899999999999989e-02 -9.539309999999999734e-01 -2.999970000000000137e-01 -4.259999999999999898e-03
3.000000000000000000e+00 1.300000000000000000e+01 2.000000000000000000e+01 0.000000000000000000e+00 1.600000000000000089e+00 1.569999999999999998e-03 5.296999999999999625e-03 9.999850000000000128e-01 2.591189999999999882e-01 9.658299999999999663e-01 -5.523000000000000131e-03 -9.658440000000000358e-01 2.591240000000000210e-01 1.440000000000000036e-04
6.000000000000000000e+00 1.300000000000000000e+01 2.000000000000000000e+01 0.000000000000000000e+00 1.600000000000000089e+00 1.611000000000000019e-03 -6.989999999999999686e-04 9.999980000000000535e-01 2.585649999999999893e-01 9.659940000000000193e-01 2.579999999999999828e-04 -9.659919999999999618e-01 2.585640000000000160e-01 1.737000000000000046e-03
1.000000000000000000e+01 1.300000000000000000e+01 2.000000000000000000e+01 0.000000000000000000e+00 1.600000000000000089e+00 4.350000000000000026e-04 8.360000000000000460e-04 1.000000000000000000e+00 2.589730000000000087e-01 9.658839999999999648e-01 -9.210000000000000521e-04 -9.658839999999999648e-01 2.589730000000000087e-01 2.039999999999999984e-04
1.400000000000000000e+01 1.300000000000000000e+01 2.000000000000000000e+01 0.000000000000000000e+00 1.600000000000000089e+00 -4.000000000000000327e-05 6.340000000000000149e-04 1.000000000000000000e+00 2.603489999999999971e-01 9.655139999999999834e-01 -6.019999999999999961e-04 -9.655150000000000121e-01 2.603489999999999971e-01 -2.030000000000000012e-04
1.700000000000000000e+01 1.300000000000000000e+01 2.000000000000000000e+01 0.000000000000000000e+00 1.600000000000000089e+00 -6.310000000000000504e-04 -3.213999999999999843e-03 9.999949999999999672e-01 2.604730000000000101e-01 9.654760000000000009e-01 3.266999999999999939e-03 -9.654810000000000336e-01 2.604739999999999833e-01 2.280000000000000126e-04
2.200000000000000000e+01 1.300000000000000000e+01 2.000000000000000000e+01 0.000000000000000000e+00 1.600000000000000089e+00 -1.311000000000000099e-03 -6.669999999999999497e-04 9.999989999999999712e-01 2.622849999999999904e-01 9.649900000000000144e-01 9.870000000000000301e-04 -9.649900000000000144e-01 2.622860000000000191e-01 -1.090999999999999956e-03
2.900000000000000000e+01 1.300000000000000000e+01 2.000000000000000000e+01 0.000000000000000000e+00 1.600000000000000089e+00 -3.730000000000000134e-04 1.580999999999999940e-03 9.999989999999999712e-01 2.622650000000000259e-01 9.649950000000000472e-01 -1.427000000000000100e-03 -9.649959999999999649e-01 2.622639999999999971e-01 -7.739999999999999485e-04
2.000000000000000000e+01 5.000000000000000000e+01 2.200000000000000000e+01 0.000000000000000000e+00 1.600000000000000089e+00 -7.200000000000000182e-05 1.832999999999999994e-03 -9.999980000000000535e-01 -5.622920000000000140e-01 8.269379999999999509e-01 1.557000000000000007e-03 8.269389999999999796e-01 5.622909999999999853e-01 9.709999999999999664e-04
2.900000000000000000e+01 5.000000000000000000e+01 2.200000000000000000e+01 0.000000000000000000e+00 1.600000000000000089e+00 -2.919999999999999853e-03 -1.247000000000000062e-03 -9.999949999999999672e-01 -5.670129999999999892e-01 8.237090000000000245e-01 6.290000000000000018e-04 8.237039999999999917e-01 5.670119999999999605e-01 -3.112999999999999882e-03
7.000000000000000000e+00 2.000000000000000000e+00 2.500000000000000000e+01 0.000000000000000000e+00 1.600000000000000089e+00 -9.619999999999999645e-04 -2.429999999999999977e-04 1.000000000000000000e+00 7.938000000000000611e-02 -9.968439999999999523e-01 -1.659999999999999963e-04 9.968439999999999523e-01 7.938000000000000611e-02 9.779999999999999197e-04
1.100000000000000000e+01 2.000000000000000000e+00 2.500000000000000000e+01 0.000000000000000000e+00 1.600000000000000089e+00 -5.509999999999999490e-04 -6.800999999999999754e-03 9.999770000000000048e-01 6.750200000000000644e-02 -9.976960000000000273e-01 -6.748999999999999791e-03 9.977190000000000225e-01 6.749700000000000144e-02 1.008999999999999914e-03
2.000000000000000000e+00 3.000000000000000000e+00 2.500000000000000000e+01 0.000000000000000000e+00 1.600000000000000089e+00 -2.211999999999999991e-03 1.664600000000000107e-02 9.998590000000000533e-01 -1.613600000000000104e-02 -9.997319999999999540e-01 1.660800000000000123e-02 9.998669999999999503e-01 -1.609700000000000020e-02 2.480000000000000000e-03
1.200000000000000000e+01 3.000000000000000000e+00 2.500000000000000000e+01 0.000000000000000000e+00 1.600000000000000089e+00 -1.159000000000000091e-03 -3.778999999999999807e-03 9.999919999999999920e-01 -1.711000000000000021e-02 -9.998460000000000125e-01 -3.798000000000000161e-03 9.998529999999999918e-01 -1.711400000000000074e-02 1.093999999999999920e-03
1.700000000000000000e+01 3.000000000000000000e+00 2.500000000000000000e+01 0.000000000000000000e+00 1.600000000000000089e+00 -4.964999999999999795e-03 1.391200000000000075e-02 9.998909999999999743e-01 -1.382599999999999975e-02 -9.998089999999999478e-01 1.384299999999999940e-02 9.998920000000000030e-01 -1.375600000000000087e-02 5.157000000000000126e-03
2.300000000000000000e+01 3.000000000000000000e+00 2.500000000000000000e+01 0.000000000000000000e+00 1.600000000000000089e+00 -3.344999999999999883e-03 8.904000000000000456e-03 9.999550000000000383e-01 -3.465999999999999897e-03 -9.999540000000000095e-01 8.892000000000000598e-03 9.999879999999999880e-01 -3.435999999999999818e-03 3.374999999999999962e-03
2.700000000000000000e+01 3.000000000000000000e+00 2.500000000000000000e+01 0.000000000000000000e+00 1.600000000000000089e+00 -2.889999999999999774e-04 -6.220000000000000485e-04 1.000000000000000000e+00 -1.974000000000000060e-03 -9.999980000000000535e-01 -6.220000000000000485e-04 9.999980000000000535e-01 -1.975000000000000193e-03 2.880000000000000073e-04
2.900000000000000000e+01 4.600000000000000000e+01 2.700000000000000000e+01 0.000000000000000000e+00 1.600000000000000089e+00 -2.570000000000000127e-04 2.010000000000000068e-03 -9.999980000000000535e-01 6.635090000000000154e-01 7.481670000000000265e-01 1.333999999999999899e-03 7.481689999999999729e-01 -6.635069999999999579e-01 -1.526000000000000013e-03
1.400000000000000000e+01 4.600000000000000000e+01 3.000000000000000000e+01 0.000000000000000000e+00 1.600000000000000089e+00 -1.765999999999999992e-03 -2.252999999999999794e-03 -9.999959999999999960e-01 3.324909999999999810e-01 9.431019999999999959e-01 -2.712000000000000001e-03 9.431049999999999711e-01 -3.324949999999999850e-01 -9.169999999999999549e-04
2.100000000000000000e+01 4.600000000000000000e+01 3.000000000000000000e+01 0.000000000000000000e+00 1.600000000000000089e+00 1.099999999999999971e-05 -1.110000000000000011e-04 -1.000000000000000000e+00 3.352350000000000052e-01 9.421349999999999447e-01 -1.010000000000000020e-04 9.421349999999999447e-01 -3.352350000000000052e-01 4.699999999999999724e-05
4.000000000000000000e+00 5.800000000000000000e+01 3.100000000000000000e+01 0.000000000000000000e+00 1.600000000000000089e+00 -1.157999999999999958e-03 -1.610000000000000103e-03 9.999980000000000535e-01 -7.599359999999999449e-01 -6.499949999999999894e-01 -1.926999999999999894e-03 6.499970000000000470e-01 -7.599369999999999736e-01 -4.710000000000000102e-04
1.000000000000000000e+01 5.800000000000000000e+01 3.100000000000000000e+01 0.000000000000000000e+00 1.600000000000000089e+00 -4.360000000000000269e-04 1.845000000000000069e-03 9.999980000000000535e-01 -7.596640000000000059e-01 -6.503160000000000052e-01 8.679999999999999565e-04 6.503160000000000052e-01 -7.596619999999999484e-01 1.685000000000000083e-03
1.300000000000000000e+01 5.800000000000000000e+01 3.100000000000000000e+01 0.000000000000000000e+00 1.600000000000000089e+00 5.452000000000000249e-03 7.002999999999999677e-03 9.999609999999999888e-01 -7.600949999999999651e-01 -6.497540000000000537e-01 8.694999999999999604e-03 6.497889999999999500e-01 -7.601120000000000099e-01 1.781000000000000031e-03
2.100000000000000000e+01 5.800000000000000000e+01 3.100000000000000000e+01 0.000000000000000000e+00 1.600000000000000089e+00 3.667000000000000121e-03 5.171000000000000249e-03 9.999799999999999800e-01 -7.571759999999999602e-01 -6.531820000000000404e-01 6.154999999999999881e-03 6.532010000000000316e-01 -7.571830000000000505e-01 1.520000000000000084e-03
7.000000000000000000e+00 4.600000000000000000e+01 3.500000000000000000e+01 0.000000000000000000e+00 1.600000000000000089e+00 4.640000000000000027e-04 -5.131000000000000144e-03 -9.999869999999999592e-01 3.895939999999999959e-01 -9.209739999999999593e-01 4.906999999999999904e-03 -9.209870000000000001e-01 -3.895910000000000206e-01 1.572000000000000047e-03
1.500000000000000000e+01 4.600000000000000000e+01 3.500000000000000000e+01 0.000000000000000000e+00 1.600000000000000089e+00 4.589999999999999896e-04 9.849999999999999815e-04 -9.999989999999999712e-01 3.937820000000000209e-01 -9.192040000000000211e-01 -7.240000000000000342e-04 -9.192040000000000211e-01 -3.937809999999999921e-01 -8.099999999999999561e-04
1.900000000000000000e+01 4.600000000000000000e+01 3.500000000000000000e+01 0.000000000000000000e+00 1.600000000000000089e+00 5.590000000000000351e-04 -1.590999999999999966e-03 -9.999989999999999712e-01 3.926200000000000245e-01 -9.196990000000000443e-01 1.683000000000000034e-03 -9.197009999999999907e-01 -3.926200000000000245e-01 1.110000000000000011e-04
2.200000000000000000e+01 4.600000000000000000e+01 3.500000000000000000e+01 0.000000000000000000e+00 1.600000000000000089e+00 -1.540000000000000028e-04 -2.436999999999999930e-03 -9.999970000000000248e-01 3.926560000000000050e-01 -9.196830000000000283e-01 2.181000000000000213e-03 -9.196849999999999747e-01 -3.926540000000000030e-01 1.098999999999999934e-03
3.000000000000000000e+01 4.600000000000000000e+01 3.500000000000000000e+01 0.000000000000000000e+00 1.600000000000000089e+00 -1.379999999999999933e-03 -2.322999999999999978e-03 -9.999959999999999960e-01 3.921890000000000098e-01 -9.198830000000000062e-01 1.595000000000000064e-03 -9.198840000000000350e-01 -3.921850000000000058e-01 2.180000000000000080e-03
1.000000000000000000e+00 3.000000000000000000e+00 4.300000000000000000e+01 0.000000000000000000e+00 1.600000000000000089e+00 3.605999999999999830e-03 -1.235299999999999940e-02 -9.999169999999999447e-01 7.368639999999999635e-01 -6.759509999999999685e-01 1.100800000000000042e-02 -6.760310000000000485e-01 -7.368430000000000257e-01 6.664999999999999918e-03
5.000000000000000000e+00 3.000000000000000000e+00 4.300000000000000000e+01 0.000000000000000000e+00 1.600000000000000089e+00 1.340000000000000045e-03 5.510000000000000141e-03 -9.999839999999999840e-01 7.402199999999999891e-01 -6.723590000000000400e-01 -2.713000000000000134e-03 -6.723630000000000440e-01 -7.402039999999999731e-01 -4.980000000000000052e-03
1.300000000000000000e+01 3.000000000000000000e+00 4.300000000000000000e+01 0.000000000000000000e+00 1.600000000000000089e+00 -2.877999999999999916e-03 -4.649999999999999620e-03 -9.999850000000000128e-01 7.406760000000000010e-01 -6.718610000000000415e-01 9.920000000000000432e-04 -6.718560000000000088e-01 -7.406620000000000426e-01 5.377999999999999968e-03
2.200000000000000000e+01 3.000000000000000000e+00 4.300000000000000000e+01 0.000000000000000000e+00 1.600000000000000089e+00 -7.999999999999999638e-06 -1.037300000000000028e-02 -9.999460000000000015e-01 7.439299999999999802e-01 -6.682219999999999827e-01 6.924999999999999732e-03 -6.682580000000000187e-01 -7.438900000000000512e-01 7.721999999999999698e-03
2.800000000000000000e+01 3.000000000000000000e+00 4.300000000000000000e+01 0.000000000000000000e+00 1.600000000000000089e+00 -6.212999999999999773e-03 -1.573499999999999899e-02 -9.998569999999999958e-01 7.409829999999999472e-01 -6.714970000000000105e-01 5.963999999999999684e-03 -6.714949999999999530e-01 -7.408400000000000540e-01 1.583100000000000132e-02
5.000000000000000000e+00 8.000000000000000000e+00 4.400000000000000000e+01 0.000000000000000000e+00 1.600000000000000089e+00 2.910000000000000260e-04 -1.276000000000000007e-03 9.999989999999999712e-01 -7.862649999999999917e-01 -6.178900000000000503e-01 -5.590000000000000351e-04 6.178900000000000503e-01 -7.862639999999999629e-01 -1.183000000000000024e-03
9.000000000000000000e+00 8.000000000000000000e+00 4.400000000000000000e+01 0.000000000000000000e+00 1.600000000000000089e+00 4.409999999999999858e-04 2.335999999999999969e-03 9.999970000000000248e-01 -7.891460000000000141e-01 -6.142030000000000545e-01 1.783000000000000080e-03 6.142060000000000297e-01 -7.891449999999999854e-01 1.572999999999999962e-03
2.400000000000000000e+01 8.000000000000000000e+00 4.400000000000000000e+01 0.000000000000000000e+00 1.600000000000000089e+00 -1.869999999999999917e-04 -2.748000000000000009e-03 9.999959999999999960e-01 -7.832740000000000258e-01 -6.216739999999999489e-01 -1.855000000000000095e-03 6.216770000000000351e-01 -7.832710000000000505e-01 -2.036000000000000049e-03
1.000000000000000000e+00 2.900000000000000000e+01 4.400000000000000000e+01 0.000000000000000000e+00 1.600000000000000089e+00 -1.438000000000000042e-03 -3.464000000000000065e-03 -9.999930000000000208e-01 6.586130000000000040e-01 7.524739999999999762e-01 -3.553999999999999868e-03 7.524809999999999555e-01 -6.586130000000000040e-01 1.198999999999999979e-03
6.000000000000000000e+00 2.900000000000000000e+01 4.400000000000000000e+01 0.000000000000000000e+00 1.600000000000000089e+00 6.239999999999999887e-04 -1.992999999999999980e-03 -9.999980000000000535e-01 6.601120000000000321e-01 7.511660000000000004e-01 -1.085000000000000027e-03 7.511670000000000291e-01 -6.601099999999999746e-01 1.783999999999999996e-03
9.000000000000000000e+00 2.900000000000000000e+01 4.400000000000000000e+01 0.000000000000000000e+00 1.600000000000000089e+00 -1.200000000000000030e-05 -3.524999999999999922e-03 -9.999940000000000495e-01 6.602050000000000418e-01 7.510809999999999986e-01 -2.654999999999999808e-03 7.510860000000000314e-01 -6.602010000000000378e-01 2.318000000000000182e-03
1.300000000000000000e+01 2.900000000000000000e+01 4.400000000000000000e+01 0.000000000000000000e+00 1.600000000000000089e+00 -9.619999999999999645e-04 -1.596999999999999895e-03 -9.999980000000000535e-01 6.589599999999999902e-01 7.521759999999999557e-01 -1.835000000000000043e-03 7.521769999999999845e-01 -6.589610000000000190e-01 3.289999999999999739e-04
1.900000000000000000e+01 2.900000000000000000e+01 4.400000000000000000e+01 0.000000000000000000e+00 1.600000000000000089e+00 1.110000000000000011e-04 -1.335000000000000032e-03 -9.999989999999999712e-01 6.583780000000000188e-01 7.526869999999999949e-01 -9.319999999999999942e-04 7.526869999999999949e-01 -6.583780000000000188e-01 9.619999999999999645e-04
2.300000000000000000e+01 2.900000000000000000e+01 4.400000000000000000e+01 0.000000000000000000e+00 1.600000000000000089e+00 7.020000000000000415e-04 -2.649999999999999903e-04 -1.000000000000000000e+00 6.598380000000000356e-01 7.514079999999999648e-01 2.640000000000000202e-04 7.514070000000000471e-01 -6.598380000000000356e-01 7.020000000000000415e-04
2.800000000000000000e+01 2.900000000000000000e+01 4.400000000000000000e+01 0.000000000000000000e+00 1.600000000000000089e+00 -5.569999999999999864e-04 2.733999999999999885e-03 -9.999959999999999960e-01 6.545450000000000434e-01 7.560210000000000541e-01 1.701999999999999954e-03 7.560230000000000006e-01 -6.545410000000000394e-01 -2.210999999999999858e-03
1.300000000000000000e+01 6.500000000000000000e+01 4.600000000000000000e+01 0.000000000000000000e+00 1.600000000000000089e+00 1.449999999999999900e-03 -1.981999999999999821e-03 9.999970000000000248e-01 6.779669999999999863e-01 -7.350879999999999637e-01 -2.439999999999999895e-03 7.350910000000000499e-01 6.779690000000000438e-01 2.779999999999999811e-04
8.000000000000000000e+00 7.000000000000000000e+01 4.700000000000000000e+01 0.000000000000000000e+00 1.600000000000000089e+00 -8.099999999999999561e-04 -1.448000000000000068e-03 -9.999989999999999712e-01 -8.421469999999999789e-01 -5.392460000000000031e-01 1.463000000000000108e-03 -5.392470000000000319e-01 8.421469999999999789e-01 -7.820000000000000345e-04
2.600000000000000000e+01 7.400000000000000000e+01 4.900000000000000000e+01 0.000000000000000000e+00 1.600000000000000089e+00 2.275000000000000112e-03 -4.762999999999999873e-03 9.999860000000000415e-01 -9.820440000000000280e-01 1.886240000000000139e-01 3.131999999999999802e-03 -1.886359999999999981e-01 -9.820379999999999665e-01 -4.249000000000000173e-03
1.200000000000000000e+01 5.000000000000000000e+00 5.100000000000000000e+01 0.000000000000000000e+00 1.600000000000000089e+00 -1.268999999999999946e-03 -1.255999999999999955e-03 -9.999980000000000535e-01 4.857690000000000063e-01 -8.740869999999999473e-01 4.820000000000000066e-04 -8.740860000000000296e-01 -4.857670000000000043e-01 1.719000000000000042e-03
1.500000000000000000e+01 5.000000000000000000e+00 5.100000000000000000e+01 0.000000000000000000e+00 1.600000000000000089e+00 -1.768000000000000040e-03 -7.450000000000000025e-04 -9.999980000000000535e-01 4.937150000000000150e-01 -8.696239999999999526e-01 -2.239999999999999966e-04 -8.696220000000000061e-01 -4.937150000000000150e-01 1.905000000000000009e-03
1.800000000000000000e+01 5.000000000000000000e+00 5.100000000000000000e+01 0.000000000000000000e+00 1.600000000000000089e+00 -3.122000000000000209e-03 1.379999999999999933e-04 -9.999949999999999672e-01 4.942300000000000026e-01 -8.693300000000000471e-01 -1.662999999999999982e-03 -8.693260000000000431e-01 -4.942320000000000046e-01 2.645999999999999915e-03
2.300000000000000000e+01 5.000000000000000000e+00 5.100000000000000000e+01 0.000000000000000000e+00 1.600000000000000089e+00 -4.070000000000000267e-04 -2.239000000000000105e-03 -9.999970000000000248e-01 4.901599999999999846e-01 -8.716300000000000159e-01 1.752000000000000085e-03 -8.716319999999999624e-01 -4.901579999999999826e-01 1.453000000000000081e-03
3.000000000000000000e+00 7.000000000000000000e+00 5.200000000000000000e+01 0.000000000000000000e+00 1.600000000000000089e+00 8.710000000000000294e-04 -3.849999999999999798e-04 -1.000000000000000000e+00 9.537700000000000344e-02 -9.954410000000000203e-01 4.659999999999999971e-04 -9.954410000000000203e-01 -9.537700000000000344e-02 -8.300000000000000086e-04
1.000000000000000000e+00 6.300000000000000000e+01 5.400000000000000000e+01 0.000000000000000000e+00 1.600000000000000089e+00 7.399999999999999623e-05 1.759999999999999954e-04 1.000000000000000000e+00 -3.490659999999999874e-01 9.370979999999999865e-01 -1.389999999999999905e-04 -9.370979999999999865e-01 -3.490659999999999874e-01 1.299999999999999886e-04
6.000000000000000000e+00 6.300000000000000000e+01 5.400000000000000000e+01 0.000000000000000000e+00 1.600000000000000089e+00 -1.142999999999999919e-03 1.503999999999999912e-03 9.999980000000000535e-01 -3.415389999999999815e-01 9.398659999999999792e-01 -1.804000000000000048e-03 -9.398670000000000080e-01 -3.415409999999999835e-01 -5.609999999999999752e-04
1.100000000000000000e+01 6.300000000000000000e+01 5.400000000000000000e+01 0.000000000000000000e+00 1.600000000000000089e+00 -1.097000000000000102e-03 1.505999999999999960e-03 9.999980000000000535e-01 -3.381759999999999766e-01 9.410809999999999453e-01 -1.788000000000000093e-03 -9.410819999999999741e-01 -3.381779999999999786e-01 -5.240000000000000517e-04
1.800000000000000000e+01 6.300000000000000000e+01 5.400000000000000000e+01 0.000000000000000000e+00 1.600000000000000089e+00 2.952000000000000197e-03 5.259999999999999919e-03 9.999820000000000375e-01 -3.379369999999999874e-01 9.411599999999999966e-01 -3.952999999999999917e-03 -9.411640000000000006e-01 -3.379190000000000249e-01 4.556000000000000154e-03
2.500000000000000000e+01 6.300000000000000000e+01 5.400000000000000000e+01 0.000000000000000000e+00 1.600000000000000089e+00 -6.689999999999999983e-04 -4.776999999999999996e-03 9.999879999999999880e-01 -3.463470000000000160e-01 9.380969999999999587e-01 4.249000000000000173e-03 -9.381059999999999954e-01 -3.463399999999999812e-01 -2.282000000000000174e-03
2.900000000000000000e+01 6.300000000000000000e+01 5.400000000000000000e+01 0.000000000000000000e+00 1.600000000000000089e+00 -1.779999999999999898e-03 -5.838000000000000307e-03 9.999810000000000088e-01 -3.475480000000000236e-01 9.376499999999999835e-01 4.854999999999999941e-03 -9.376609999999999667e-01 -3.475329999999999808e-01 -3.699000000000000031e-03
1.000000000000000000e+00 2.500000000000000000e+01 5.500000000000000000e+01 0.000000000000000000e+00 1.600000000000000089e+00 -9.539999999999999869e-04 -2.729999999999999788e-03 -9.999959999999999960e-01 -1.486299999999999948e-02 -9.998860000000000525e-01 2.743999999999999911e-03 -9.998890000000000278e-01 1.486600000000000074e-02 9.139999999999999904e-04
8.000000000000000000e+00 2.500000000000000000e+01 5.500000000000000000e+01 0.000000000000000000e+00 1.600000000000000089e+00 9.460000000000000093e-04 3.188999999999999994e-03 -9.999940000000000495e-01 -1.306000000000000043e-02 -9.999099999999999655e-01 -3.200999999999999852e-03 -9.999139999999999695e-01 1.306299999999999996e-02 -9.039999999999999642e-04
1.600000000000000000e+01 2.500000000000000000e+01 5.500000000000000000e+01 0.000000000000000000e+00 1.600000000000000089e+00 -2.056000000000000102e-03 -1.861999999999999940e-03 -9.999959999999999960e-01 -1.338699999999999959e-02 -9.999090000000000478e-01 1.889000000000000054e-03 -9.999080000000000190e-01 1.339100000000000013e-02 2.030999999999999819e-03
2.000000000000000000e+01 2.500000000000000000e+01 5.500000000000000000e+01 0.000000000000000000e+00 1.600000000000000089e+00 1.126000000000000048e-03 1.575000000000000011e-03 -9.999980000000000535e-01 -1.203300000000000029e-02 -9.999259999999999815e-01 -1.588999999999999918e-03 -9.999270000000000103e-01 1.203399999999999956e-02 -1.106999999999999911e-03
2.600000000000000000e+01 2.500000000000000000e+01 5.500000000000000000e+01 0.000000000000000000e+00 1.600000000000000089e+00 4.029999999999999837e-04 1.165000000000000020e-03 -9.999989999999999712e-01 -1.074199999999999981e-02 -9.999419999999999975e-01 -1.168999999999999900e-03 -9.999419999999999975e-01 1.074199999999999981e-02 -3.910000000000000172e-04
6.000000000000000000e+00 2.100000000000000000e+01 6.000000000000000000e+01 0.000000000000000000e+00 1.600000000000000089e+00 -1.244000000000000097e-03 3.700999999999999863e-03 9.999919999999999920e-01 -9.398399999999999810e-02 9.955659999999999510e-01 -3.801000000000000125e-03 -9.955730000000000413e-01 -9.398800000000000210e-02 -8.909999999999999734e-04
1.500000000000000000e+01 2.100000000000000000e+01 6.000000000000000000e+01 0.000000000000000000e+00 1.600000000000000089e+00 5.240000000000000517e-04 -2.750000000000000166e-04 1.000000000000000000e+00 -9.332300000000000317e-02 9.956359999999999655e-01 3.229999999999999907e-04 -9.956359999999999655e-01 -9.332300000000000317e-02 4.960000000000000216e-04
2.000000000000000000e+01 2.100000000000000000e+01 6.000000000000000000e+01 0.000000000000000000e+00 1.600000000000000089e+00 -1.691000000000000012e-03 4.119000000000000265e-03 9.999900000000000455e-01 -9.517699999999999771e-02 9.954509999999999748e-01 -4.261000000000000031e-03 -9.954589999999999828e-01 -9.518300000000000372e-02 -1.291000000000000047e-03
2.700000000000000000e+01 2.100000000000000000e+01 6.000000000000000000e+01 0.000000000000000000e+00 1.600000000000000089e+00 -8.140000000000000534e-04 4.369999999999999970e-04 1.000000000000000000e+00 -9.158900000000000374e-02 9.957970000000000432e-01 -5.100000000000000366e-04 -9.957970000000000432e-01 -9.159000000000000474e-02 -7.709999999999999840e-04
2.300000000000000000e+01 6.700000000000000000e+01 6.000000000000000000e+01 0.000000000000000000e+00 1.600000000000000089e+00 1.771999999999999921e-03 7.519999999999999558e-04 9.999980000000000535e-01 1.736929999999999863e-01 -9.848000000000000087e-01 4.319999999999999838e-04 9.847979999999999512e-01 1.736920000000000130e-01 -1.876000000000000063e-03
1.400000000000000000e+01 3.000000000000000000e+00 6.300000000000000000e+01 0.000000000000000000e+00 1.600000000000000089e+00 -1.020000000000000073e-03 3.723000000000000181e-03 9.999930000000000208e-01 -6.113250000000000073e-01 7.913719999999999644e-01 -3.569999999999999823e-03 -7.913790000000000546e-01 -6.113239999999999785e-01 1.469000000000000037e-03
7.000000000000000000e+00 2.700000000000000000e+01 6.300000000000000000e+01 0.000000000000000000e+00 1.600000000000000089e+00 -2.331999999999999872e-03 -2.099999999999999870e-03 9.999949999999999672e-01 -2.779400000000000204e-01 9.605970000000000342e-01 1.368999999999999991e-03 -9.605960000000000054e-01 -2.779360000000000164e-01 -2.824000000000000121e-03
1.100000000000000000e+01 2.700000000000000000e+01 6.300000000000000000e+01 0.000000000000000000e+00 1.600000000000000089e+00 1.049999999999999935e-03 -5.883000000000000208e-03 9.999820000000000375e-01 -2.804459999999999731e-01 9.598520000000000385e-01 5.941000000000000100e-03 -9.598689999999999722e-01 -2.804470000000000018e-01 -6.419999999999999925e-04
1.800000000000000000e+01 2.700000000000000000e+01 6.300000000000000000e+01 0.000000000000000000e+00 1.600000000000000089e+00 -1.177000000000000095e-03 -6.660000000000000338e-04 9.999989999999999712e-01 -2.820570000000000022e-01 9.593979999999999730e-01 3.069999999999999812e-04 -9.593970000000000553e-01 -2.820559999999999734e-01 -1.317000000000000028e-03
2.900000000000000000e+01 2.700000000000000000e+01 6.300000000000000000e+01 0.000000000000000000e+00 1.600000000000000089e+00 -2.449999999999999921e-04 -3.712000000000000022e-03 9.999930000000000208e-01 -2.765020000000000255e-01 9.610069999999999446e-01 3.498999999999999940e-03 -9.610130000000000061e-01 -2.764989999999999948e-01 -1.262000000000000101e-03
5.000000000000000000e+00 2.600000000000000000e+01 6.400000000000000000e+01 0.000000000000000000e+00 1.600000000000000089e+00 -6.239999999999999887e-04 -6.459999999999999814e-04 1.000000000000000000e+00 -3.645639999999999992e-01 9.311779999999999502e-01 3.739999999999999835e-04 -9.311779999999999502e-01 -3.645639999999999992e-01 -8.159999999999999936e-04
1.300000000000000000e+01 2.600000000000000000e+01 6.400000000000000000e+01 0.000000000000000000e+00 1.600000000000000089e+00 3.668999999999999952e-03 -6.462999999999999995e-03 9.999719999999999720e-01 -3.725640000000000063e-01 9.279770000000000518e-01 7.365000000000000019e-03 -9.279990000000000183e-01 -3.725809999999999955e-01 9.970000000000000563e-04
1.700000000000000000e+01 2.600000000000000000e+01 6.400000000000000000e+01 0.000000000000000000e+00 1.600000000000000089e+00 -7.709999999999999840e-04 -3.220000000000000206e-03 9.999949999999999672e-01 -3.729310000000000125e-01 9.278549999999999853e-01 2.700000000000000143e-03 -9.278589999999999893e-01 -3.729270000000000085e-01 -1.915999999999999951e-03
2.100000000000000000e+01 2.600000000000000000e+01 6.400000000000000000e+01 0.000000000000000000e+00 1.600000000000000089e+00 -2.889999999999999774e-04 -3.004999999999999859e-03 9.999949999999999672e-01 -3.681369999999999920e-01 9.297680000000000389e-01 2.687000000000000152e-03 -9.297710000000000141e-01 -3.681349999999999900e-01 -1.374999999999999920e-03
8.000000000000000000e+00 6.900000000000000000e+01 6.600000000000000000e+01 0.000000000000000000e+00 1.600000000000000089e+00 -2.033000000000000085e-03 2.003000000000000006e-03 9.999959999999999960e-01 -9.488229999999999720e-01 3.157980000000000231e-01 -2.560999999999999908e-03 -3.158020000000000271e-01 -9.488240000000000007e-01 1.258000000000000004e-03
1.300000000000000000e+01 6.900000000000000000e+01 6.600000000000000000e+01 0.000000000000000000e+00 1.600000000000000089e+00 -4.087999999999999620e-03 4.481999999999999873e-03 9.999820000000000375e-01 -9.500330000000000163e-01 3.121059999999999945e-01 -5.283000000000000369e-03 -3.121229999999999838e-01 -9.500370000000000203e-01 2.981999999999999842e-03
2.000000000000000000e+01 6.900000000000000000e+01 6.600000000000000000e+01 0.000000000000000000e+00 1.600000000000000089e+00 -5.069999999999999637e-04 -5.370999999999999906e-03 9.999850000000000128e-01 -9.512720000000000065e-01 3.083489999999999842e-01 1.173999999999999913e-03 -3.083509999999999862e-01 -9.512580000000000480e-01 -5.265999999999999848e-03
2.700000000000000000e+01 6.900000000000000000e+01 6.600000000000000000e+01 0.000000000000000000e+00 1.600000000000000089e+00 3.634000000000000077e-03 -4.159999999999999744e-04 9.999930000000000208e-01 -9.482390000000000541e-01 3.175379999999999869e-01 3.578000000000000017e-03 -3.175379999999999869e-01 -9.482450000000000045e-01 7.600000000000000418e-04
