1.000000000000000000e+01 1.600000000000000000e+01 4.000000000000000000e+00 0.000000000000000000e+00 1.600000000000000089e+00 -2.491000000000000159e-03 1.428000000000000016e-03 9.999959999999999960e-01 4.564719999999999889e-01 -8.897340000000000249e-01 2.407999999999999984e-03 8.897340000000000249e-01 4.564759999999999929e-01 1.564999999999999985e-03
3.000000000000000000e+00 1.010000000000000000e+02 7.000000000000000000e+00 0.000000000000000000e+00 1.600000000000000089e+00 2.699999999999999899e-05 -7.974000000000000185e-03 9.999679999999999680e-01 8.855220000000000313e-01 4.645830000000000237e-01 3.680999999999999810e-03 -4.645969999999999822e-01 8.854940000000000033e-01 7.074000000000000427e-03
8.000000000000000000e+00 1.010000000000000000e+02 7.000000000000000000e+00 0.000000000000000000e+00 1.600000000000000089e+00 -1.186999999999999904e-03 -7.148999999999999973e-03 9.999740000000000295e-01 8.858340000000000103e-01 4.639809999999999768e-01 4.368999999999999620e-03 -4.640000000000000235e-01 8.858160000000000478e-01 5.782999999999999946e-03
2.600000000000000000e+01 1.010000000000000000e+02 7.000000000000000000e+00 0.000000000000000000e+00 1.600000000000000089e+00 -1.255000000000000039e-03 -4.081999999999999691e-03 9.999909999999999632e-01 8.853320000000000078e-01 4.649499999999999744e-01 3.008999999999999956e-03 -4.649579999999999824e-01 8.853280000000000038e-01 3.030999999999999840e-03
1.200000000000000000e+01 2.500000000000000000e+01 8.000000000000000000e+00 0.000000000000000000e+00 1.600000000000000089e+00 1.977000000000000025e-03 2.419000000000000143e-03 -9.999949999999999672e-01 4.467969999999999997e-01 8.946300000000000363e-01 3.047999999999999928e-03 8.946330000000000116e-01 -4.468010000000000037e-01 6.880000000000000265e-04
1.600000000000000000e+01 2.500000000000000000e+01 8.000000000000000000e+00 0.000000000000000000e+00 1.600000000000000089e+00 2.750999999999999973e-03 8.259000000000000716e-03 -9.999620000000000175e-01 4.451209999999999889e-01 8.954290000000000305e-01 8.619999999999999191e-03 8.954659999999999842e-01 -4.451280000000000237e-01 -1.213000000000000102e-03
2.100000000000000000e+01 2.500000000000000000e+01 8.000000000000000000e+00 0.000000000000000000e+00 1.600000000000000089e+00 2.599999999999999840e-05 7.690000000000000438e-04 -1.000000000000000000e+00 4.440310000000000090e-01 8.960110000000000019e-01 6.999999999999999929e-04 8.960110000000000019e-01 -4.440310000000000090e-01 -3.179999999999999776e-04
2.500000000000000000e+01 2.500000000000000000e+01 8.000000000000000000e+00 0.000000000000000000e+00 1.600000000000000089e+00 -1.018000000000000025e-03 -1.642999999999999929e-03 -9.999980000000000535e-01 4.455629999999999868e-01 8.952480000000000437e-01 -1.923999999999999929e-03 8.952499999999999902e-01 -4.455640000000000156e-01 -1.789999999999999870e-04
2.800000000000000000e+01 2.500000000000000000e+01 8.000000000000000000e+00 0.000000000000000000e+00 1.600000000000000089e+00 -4.229999999999999819e-04 -3.618000000000000122e-03 -9.999930000000000208e-01 4.466399999999999815e-01 8.947070000000000300e-01 -3.425999999999999792e-03 8.947140000000000093e-01 -4.466390000000000082e-01 1.237999999999999951e-03
1.700000000000000000e+01 9.000000000000000000e+00 9.000000000000000000e+00 0.000000000000000000e+00 1.600000000000000089e+00 3.989000000000000358e-03 -7.854999999999999136e-03 -9.999609999999999888e-01 -9.447510000000000074e-01 -3.277880000000000238e-01 -1.193999999999999966e-03 -3.277660000000000018e-01 9.447189999999999754e-01 -8.727999999999999647e-03
2.400000000000000000e+01 9.000000000000000000e+00 9.000000000000000000e+00 0.000000000000000000e+00 1.600000000000000089e+00 -2.064099999999999963e-02 -2.296499999999999930e-02 -9.995230000000000503e-01 -9.462209999999999788e-01 -3.223980000000000179e-01 2.694799999999999973e-02 -3.228630000000000111e-01 9.463260000000000005e-01 -1.507499999999999986e-02
4.000000000000000000e+00 2.400000000000000000e+01 9.000000000000000000e+00 0.000000000000000000e+00 1.600000000000000089e+00 -1.057999999999999913e-03 -4.013000000000000074e-03 -9.999909999999999632e-01 4.543130000000000224e-01 8.908329999999999860e-01 -4.054999999999999577e-03 8.908409999999999940e-01 -4.543139999999999956e-01 8.800000000000000313e-04
8.000000000000000000e+00 2.400000000000000000e+01 9.000000000000000000e+00 0.000000000000000000e+00 1.600000000000000089e+00 -7.969999999999999654e-04 -3.836000000000000000e-03 -9.999919999999999920e-01 4.544210000000000194e-01 8.907789999999999875e-01 -3.778999999999999807e-03 8.907869999999999955e-01 -4.544199999999999906e-01 1.033000000000000064e-03
1.600000000000000000e+01 2.400000000000000000e+01 9.000000000000000000e+00 0.000000000000000000e+00 1.600000000000000089e+00 2.805999999999999901e-03 8.614000000000000129e-03 -9.999590000000000423e-01 4.527180000000000093e-01 8.916089999999999849e-01 8.951000000000000623e-03 8.916490000000000249e-01 -4.527240000000000153e-01 -1.397999999999999937e-03
1.900000000000000000e+01 2.400000000000000000e+01 9.000000000000000000e+00 0.000000000000000000e+00 1.600000000000000089e+00 1.221999999999999996e-03 1.873000000000000099e-03 -9.999970000000000248e-01 4.515370000000000217e-01 8.922489999999999588e-01 2.223000000000000149e-03 8.922510000000000163e-01 -4.515390000000000237e-01 2.449999999999999921e-04
2.500000000000000000e+01 2.400000000000000000e+01 9.000000000000000000e+00 0.000000000000000000e+00 1.600000000000000089e+00 -1.340999999999999961e-03 -1.709999999999999932e-03 -9.999980000000000535e-01 4.533499999999999752e-01 8.913299999999999557e-01 -2.132000000000000214e-03 8.913320000000000132e-01 -4.533519999999999772e-01 -4.200000000000000174e-04
2.800000000000000000e+01 2.400000000000000000e+01 9.000000000000000000e+00 0.000000000000000000e+00 1.600000000000000089e+00 -9.680000000000000019e-04 -2.501000000000000185e-03 -9.999959999999999960e-01 4.545219999999999816e-01 8.907319999999999682e-01 -2.667000000000000100e-03 8.907350000000000545e-01 -4.545230000000000103e-01 2.750000000000000166e-04
8.000000000000000000e+00 3.500000000000000000e+01 1.200000000000000000e+01 0.000000000000000000e+00 1.600000000000000089e+00 8.459999999999999638e-04 -1.494000000000000102e-03 -9.999989999999999712e-01 4.424399999999999999e-01 -8.967960000000000376e-01 1.714000000000000029e-03 -8.967979999999999841e-01 -4.424409999999999732e-01 -9.699999999999999963e-05
1.200000000000000000e+01 3.500000000000000000e+01 1.200000000000000000e+01 0.000000000000000000e+00 1.600000000000000089e+00 -9.979999999999999722e-04 3.880999999999999901e-03 -9.999919999999999920e-01 4.399710000000000010e-01 -8.980040000000000244e-01 -3.924000000000000404e-03 -8.980120000000000324e-01 -4.399710000000000010e-01 -8.109999999999999805e-04
1.900000000000000000e+01 3.500000000000000000e+01 1.200000000000000000e+01 0.000000000000000000e+00 1.600000000000000089e+00 1.544000000000000017e-03 7.669999999999999951e-04 -9.999989999999999712e-01 4.600850000000000217e-01 -8.878749999999999698e-01 2.900000000000000017e-05 -8.878740000000000521e-01 -4.600839999999999930e-01 -1.724000000000000055e-03
2.200000000000000000e+01 3.500000000000000000e+01 1.200000000000000000e+01 0.000000000000000000e+00 1.600000000000000089e+00 1.016999999999999892e-03 -3.592999999999999840e-03 -9.999930000000000208e-01 4.676290000000000169e-01 -8.839169999999999527e-01 3.651999999999999864e-03 -8.839240000000000430e-01 -4.676290000000000169e-01 7.820000000000000345e-04
2.500000000000000000e+01 3.500000000000000000e+01 1.200000000000000000e+01 0.000000000000000000e+00 1.600000000000000089e+00 1.020999999999999989e-03 -1.208000000000000089e-03 -9.999989999999999712e-01 4.702850000000000086e-01 -8.825140000000000207e-01 1.546999999999999981e-03 -8.825140000000000207e-01 -4.702859999999999818e-01 -3.330000000000000169e-04
2.900000000000000000e+01 3.500000000000000000e+01 1.200000000000000000e+01 0.000000000000000000e+00 1.600000000000000089e+00 -6.220000000000000485e-04 1.123000000000000083e-03 -9.999989999999999712e-01 4.699340000000000184e-01 -8.827009999999999579e-01 -1.283000000000000069e-03 -8.827009999999999579e-01 -4.699340000000000184e-01 2.099999999999999884e-05
6.000000000000000000e+00 3.200000000000000000e+01 1.400000000000000000e+01 0.000000000000000000e+00 1.600000000000000089e+00 -9.779999999999999197e-04 9.859999999999998974e-04 -9.999989999999999712e-01 1.068790000000000018e-01 9.942720000000000447e-01 8.760000000000000425e-04 9.942720000000000447e-01 -1.068780000000000008e-01 -1.077999999999999965e-03
1.100000000000000000e+01 3.200000000000000000e+01 1.400000000000000000e+01 0.000000000000000000e+00 1.600000000000000089e+00 2.579999999999999828e-04 -3.616999999999999989e-03 -9.999930000000000208e-01 1.063759999999999983e-01 9.943199999999999816e-01 -3.569000000000000124e-03 9.943260000000000431e-01 -1.063739999999999963e-01 6.409999999999999682e-04
2.300000000000000000e+01 3.200000000000000000e+01 1.400000000000000000e+01 0.000000000000000000e+00 1.600000000000000089e+00 -1.699999999999999987e-05 2.193000000000000071e-03 -9.999980000000000535e-01 1.032789999999999958e-01 9.946500000000000341e-01 2.180000000000000080e-03 9.946519999999999806e-01 -1.032789999999999958e-01 -2.439999999999999949e-04
3.000000000000000000e+01 3.200000000000000000e+01 1.400000000000000000e+01 0.000000000000000000e+00 1.600000000000000089e+00 -2.429999999999999977e-04 -3.691999999999999969e-03 -9.999930000000000208e-01 1.033349999999999963e-01 9.946399999999999686e-01 -3.697000000000000199e-03 9.946469999999999478e-01 -1.033349999999999963e-01 1.389999999999999905e-04
1.000000000000000000e+00 1.160000000000000000e+02 1.600000000000000000e+01 0.000000000000000000e+00 1.600000000000000089e+00 1.480999999999999895e-03 3.103999999999999988e-03 9.999940000000000495e-01 7.586829999999999963e-01 6.514529999999999488e-01 -3.145999999999999925e-03 -6.514590000000000103e-01 7.586829999999999963e-01 -1.389999999999999960e-03
2.000000000000000000e+01 1.160000000000000000e+02 1.600000000000000000e+01 0.000000000000000000e+00 1.600000000000000089e+00 7.060000000000000303e-04 1.121999999999999950e-03 9.999989999999999712e-01 7.051910000000000123e-01 7.090159999999999796e-01 -1.294000000000000011e-03 -7.090170000000000083e-01 7.051910000000000123e-01 -2.910000000000000260e-04
2.800000000000000000e+01 1.160000000000000000e+02 1.600000000000000000e+01 0.000000000000000000e+00 1.600000000000000089e+00 -9.600000000000000243e-04 6.059999999999999849e-04 9.999989999999999712e-01 7.607490000000000085e-01 6.490460000000000118e-01 3.370000000000000057e-04 -6.490460000000000118e-01 7.607490000000000085e-01 -1.085000000000000027e-03
8.000000000000000000e+00 2.000000000000000000e+00 1.900000000000000000e+01 0.000000000000000000e+00 1.600000000000000089e+00 -8.030000000000000028e-04 1.941800000000000123e-02 -9.998110000000000053e-01 3.284500000000000197e-01 -9.443380000000000107e-01 -1.860500000000000001e-02 -9.445210000000000550e-01 -3.284030000000000005e-01 -5.619999999999999996e-03
1.400000000000000000e+01 2.000000000000000000e+00 1.900000000000000000e+01 0.000000000000000000e+00 1.600000000000000089e+00 4.300000000000000165e-05 4.111000000000000071e-03 -9.999919999999999920e-01 3.264870000000000272e-01 -9.451939999999999786e-01 -3.872000000000000008e-03 -9.452019999999999866e-01 -3.264839999999999964e-01 -1.382999999999999898e-03
2.000000000000000000e+01 2.000000000000000000e+00 1.900000000000000000e+01 0.000000000000000000e+00 1.600000000000000089e+00 1.005999999999999950e-03 5.982000000000000338e-03 -9.999820000000000375e-01 3.266160000000000174e-01 -9.451420000000000377e-01 -5.324999999999999872e-03 -9.451570000000000249e-01 -3.266049999999999787e-01 -2.905000000000000030e-03
2.500000000000000000e+01 2.000000000000000000e+00 1.900000000000000000e+01 0.000000000000000000e+00 1.600000000000000089e+00 -2.149999999999999947e-04 -5.111000000000000092e-03 -9.999869999999999592e-01 3.290020000000000167e-01 -9.443169999999999620e-01 4.754999999999999678e-03 -9.443289999999999740e-01 -3.289969999999999839e-01 1.884999999999999957e-03
7.000000000000000000e+00 3.000000000000000000e+00 1.900000000000000000e+01 0.000000000000000000e+00 1.600000000000000089e+00 -1.335000000000000032e-03 1.849299999999999902e-02 -9.998280000000000500e-01 2.999820000000000264e-01 -9.537740000000000107e-01 -1.804199999999999901e-02 -9.539440000000000142e-01 -2.999550000000000272e-01 -4.275000000000000154e-03
2.000000000000000000e+00 1.300000000000000000e+01 2.000000000000000000e+01 0.000000000000000000e+00 1.600000000000000089e+00 -4.539999999999999765e-04 -4.459000000000000290e-03 9.999900000000000455e-01 2.601660000000000084e-01 9.655540000000000234e-01 4.422999999999999848e-03 -9.655639999999999779e-01 2.601649999999999796e-01 7.219999999999999855e-04
7.000000000000000000e+00 1.300000000000000000e+01 2.000000000000000000e+01 0.000000000000000000e+00 1.600000000000000089e+00 -1.296000000000000060e-03 -6.480000000000000300e-04 9.999989999999999712e-01 2.621979999999999866e-01 9.650140000000000384e-01 9.650000000000000374e-04 -9.650130000000000097e-01 2.621990000000000154e-01 -1.080999999999999930e-03
1.400000000000000000e+01 1.300000000000000000e+01 2.000000000000000000e+01 0.000000000000000000e+00 1.600000000000000089e+00 5.800000000000000034e-04 2.570000000000000127e-04 1.000000000000000000e+00 2.627519999999999856e-01 9.648630000000000262e-01 -4.000000000000000192e-04 -9.648630000000000262e-01 2.627519999999999856e-01 4.920000000000000328e-04
1.900000000000000000e+01 1.300000000000000000e+01 2.000000000000000000e+01 0.000000000000000000e+00 1.600000000000000089e+00 1.624999999999999925e-03 -2.489999999999999809e-04 9.999989999999999712e-01 2.626390000000000113e-01 9.648940000000000294e-01 -1.859999999999999945e-04 -9.648930000000000007e-01 2.626390000000000113e-01 1.632999999999999903e-03
2.400000000000000000e+01 1.300000000000000000e+01 2.000000000000000000e+01 0.000000000000000000e+00 1.600000000000000089e+00 -8.620000000000000275e-04 3.499999999999999964e-04 1.000000000000000000e+00 2.641629999999999812e-01 9.644779999999999465e-01 -1.090000000000000067e-04 -9.644779999999999465e-01 2.641629999999999812e-01 -9.240000000000000166e-04
2.700000000000000000e+01 1.300000000000000000e+01 2.000000000000000000e+01 0.000000000000000000e+00 1.600000000000000089e+00 -1.838000000000000007e-03 1.327999999999999970e-03 9.999970000000000248e-01 2.649619999999999753e-01 9.642579999999999485e-01 -7.929999999999999766e-04 -9.642570000000000308e-01 2.649599999999999733e-01 -2.124000000000000020e-03
5.000000000000000000e+00 5.000000000000000000e+01 2.200000000000000000e+01 0.000000000000000000e+00 1.600000000000000089e+00 -2.610000000000000015e-04 2.161000000000000160e-03 -9.999980000000000535e-01 -5.638520000000000199e-01 8.258729999999999682e-01 1.931999999999999907e-03 8.258760000000000545e-01 5.638509999999999911e-01 1.002999999999999985e-03
1.400000000000000000e+01 5.000000000000000000e+01 2.200000000000000000e+01 0.000000000000000000e+00 1.600000000000000089e+00 -2.203999999999999796e-03 2.750000000000000166e-04 -9.999970000000000248e-01 -5.650269999999999460e-01 8.250709999999999988e-01 1.472000000000000001e-03 8.250690000000000524e-01 5.650290000000000035e-01 -1.662999999999999982e-03
2.000000000000000000e+01 5.000000000000000000e+01 2.200000000000000000e+01 0.000000000000000000e+00 1.600000000000000089e+00 9.330000000000000186e-04 3.795000000000000196e-03 -9.999919999999999920e-01 -5.633939999999999504e-01 8.261840000000000295e-01 2.609000000000000208e-03 8.261880000000000335e-01 5.633879999999999999e-01 2.909000000000000127e-03
2.000000000000000000e+00 3.000000000000000000e+00 2.500000000000000000e+01 0.000000000000000000e+00 1.600000000000000089e+00 -5.503000000000000079e-03 1.653800000000000062e-02 9.998479999999999590e-01 -1.287499999999999929e-02 -9.997819999999999485e-01 1.646600000000000147e-02 9.999019999999999575e-01 -1.278299999999999922e-02 5.714999999999999594e-03
8.000000000000000000e+00 3.000000000000000000e+00 2.500000000000000000e+01 0.000000000000000000e+00 1.600000000000000089e+00 -3.335999999999999990e-03 8.881999999999999271e-03 9.999550000000000383e-01 -3.464000000000000065e-03 -9.999550000000000383e-01 8.869999999999999413e-03 9.999879999999999880e-01 -3.435000000000000119e-03 3.367000000000000201e-03
1.200000000000000000e+01 3.000000000000000000e+00 2.500000000000000000e+01 0.000000000000000000e+00 1.600000000000000089e+00 -6.620000000000000450e-04 -4.749999999999999990e-04 1.000000000000000000e+00 -1.466999999999999988e-03 -9.999989999999999712e-01 -4.760000000000000234e-04 9.999989999999999712e-01 -1.466999999999999988e-03 6.620000000000000450e-04
1.700000000000000000e+01 3.000000000000000000e+00 2.500000000000000000e+01 0.000000000000000000e+00 1.600000000000000089e+00 -4.104000000000000009e-03 5.780000000000000415e-03 9.999749999999999472e-01 8.189999999999999581e-04 -9.999829999999999552e-01 5.782999999999999946e-03 9.999909999999999632e-01 8.429999999999999993e-04 4.099000000000000213e-03
2.100000000000000000e+01 3.000000000000000000e+00 2.500000000000000000e+01 0.000000000000000000e+00 1.600000000000000089e+00 -3.769999999999999914e-03 8.339999999999999974e-04 9.999919999999999920e-01 9.039000000000000160e-03 -9.999590000000000423e-01 8.679999999999999565e-04 9.999519999999999520e-01 9.041999999999999690e-03 3.762000000000000153e-03
6.000000000000000000e+00 4.600000000000000000e+01 3.000000000000000000e+01 0.000000000000000000e+00 1.600000000000000089e+00 1.499999999999999869e-04 9.600000000000000243e-05 -1.000000000000000000e+00 3.345629999999999993e-01 9.423740000000000450e-01 1.410000000000000120e-04 9.423740000000000450e-01 -3.345629999999999993e-01 1.090000000000000067e-04
6.000000000000000000e+00 5.800000000000000000e+01 3.100000000000000000e+01 0.000000000000000000e+00 1.600000000000000089e+00 3.350000000000000113e-03 4.908000000000000036e-03 9.999820000000000375e-01 -7.563280000000000003e-01 -6.541670000000000540e-01 5.743999999999999974e-03 6.541839999999999877e-01 -7.563339999999999508e-01 1.521000000000000000e-03
1.700000000000000000e+01 5.800000000000000000e+01 3.100000000000000000e+01 0.000000000000000000e+00 1.600000000000000089e+00 -1.021999999999999905e-03 2.851999999999999934e-03 9.999949999999999672e-01 -7.533769999999999634e-01 -6.575870000000000326e-01 1.105999999999999995e-03 6.575870000000000326e-01 -7.533729999999999594e-01 2.821000000000000157e-03
2.700000000000000000e+01 5.800000000000000000e+01 3.100000000000000000e+01 0.000000000000000000e+00 1.600000000000000089e+00 -6.399000000000000174e-03 -1.558999999999999969e-02 9.998580000000000245e-01 -7.579770000000000119e-01 -6.521080000000000210e-01 -1.501899999999999936e-02 6.522499999999999964e-01 -7.579660000000000286e-01 -7.643999999999999753e-03
1.600000000000000000e+01 2.300000000000000000e+01 3.400000000000000000e+01 0.000000000000000000e+00 1.600000000000000089e+00 6.300000000000000261e-04 -2.288999999999999802e-03 9.999970000000000248e-01 3.965810000000000168e-01 -9.179969999999999519e-01 -2.350999999999999791e-03 9.180000000000000382e-01 3.965810000000000168e-01 3.289999999999999739e-04
4.000000000000000000e+00 4.600000000000000000e+01 3.500000000000000000e+01 0.000000000000000000e+00 1.600000000000000089e+00 5.850000000000000165e-04 -2.255000000000000060e-03 -9.999970000000000248e-01 3.916350000000000109e-01 -9.201179999999999914e-01 2.304000000000000058e-03 -9.201209999999999667e-01 -3.916350000000000109e-01 3.449999999999999833e-04
7.000000000000000000e+00 4.600000000000000000e+01 3.500000000000000000e+01 0.000000000000000000e+00 1.600000000000000089e+00 -1.479999999999999925e-04 -2.461000000000000080e-03 -9.999970000000000248e-01 3.926680000000000170e-01 -9.196779999999999955e-01 2.204999999999999929e-03 -9.196800000000000530e-01 -3.926660000000000150e-01 1.103000000000000031e-03
1.500000000000000000e+01 4.600000000000000000e+01 3.500000000000000000e+01 0.000000000000000000e+00 1.600000000000000089e+00 6.120000000000000223e-04 1.482000000000000027e-03 -9.999989999999999712e-01 3.912470000000000114e-01 -9.202850000000000197e-01 -1.124999999999999915e-03 -9.202860000000000484e-01 -3.912450000000000094e-01 -1.142999999999999919e-03
1.900000000000000000e+01 4.600000000000000000e+01 3.500000000000000000e+01 0.000000000000000000e+00 1.600000000000000089e+00 1.034999999999999896e-03 8.050000000000000515e-04 -9.999989999999999712e-01 3.898510000000000031e-01 -9.208779999999999744e-01 -3.379999999999999758e-04 -9.208769999999999456e-01 -3.898499999999999743e-01 -1.266999999999999897e-03
2.200000000000000000e+01 4.600000000000000000e+01 3.500000000000000000e+01 0.000000000000000000e+00 1.600000000000000089e+00 -3.159999999999999832e-04 9.079999999999999530e-04 -1.000000000000000000e+00 3.896959999999999869e-01 -9.209429999999999561e-01 -9.590000000000000000e-04 -9.209439999999999849e-01 -3.896959999999999869e-01 -6.299999999999999990e-05
2.700000000000000000e+01 4.600000000000000000e+01 3.500000000000000000e+01 0.000000000000000000e+00 1.600000000000000089e+00 -1.469999999999999953e-04 -1.882999999999999908e-03 -9.999980000000000535e-01 3.899580000000000268e-01 -9.208309999999999551e-01 1.675999999999999972e-03 -9.208330000000000126e-01 -3.899569999999999981e-01 8.700000000000000051e-04
7.000000000000000000e+00 3.000000000000000000e+00 4.300000000000000000e+01 0.000000000000000000e+00 1.600000000000000089e+00 8.399999999999999535e-05 -1.026799999999999935e-02 -9.999470000000000303e-01 7.439780000000000282e-01 -6.681679999999999842e-01 6.923999999999999599e-03 -6.682040000000000202e-01 -7.439400000000000457e-01 7.583999999999999596e-03
1.300000000000000000e+01 3.000000000000000000e+00 4.300000000000000000e+01 0.000000000000000000e+00 1.600000000000000089e+00 -4.124000000000000062e-03 -1.051599999999999931e-02 -9.999360000000000470e-01 7.402710000000000123e-01 -6.722960000000000047e-01 4.016999999999999738e-03 -6.722949999999999759e-01 -7.402079999999999771e-01 1.055700000000000041e-02
2.200000000000000000e+01 3.000000000000000000e+00 4.300000000000000000e+01 0.000000000000000000e+00 1.600000000000000089e+00 3.620000000000000171e-04 2.294000000000000032e-03 -9.999970000000000248e-01 7.356690000000000174e-01 -6.773400000000000531e-01 -1.288000000000000082e-03 -6.773409999999999709e-01 -7.356669999999999598e-01 -1.931999999999999907e-03
2.800000000000000000e+01 3.000000000000000000e+00 4.300000000000000000e+01 0.000000000000000000e+00 1.600000000000000089e+00 -1.732000000000000033e-03 -1.030000000000000013e-02 -9.999449999999999728e-01 7.402419999999999556e-01 -6.723170000000000535e-01 5.642999999999999579e-03 -6.723379999999999912e-01 -7.401919999999999611e-01 8.788999999999999937e-03
9.000000000000000000e+00 8.000000000000000000e+00 4.400000000000000000e+01 0.000000000000000000e+00 1.600000000000000089e+00 -1.810000000000000085e-04 -2.729999999999999788e-03 9.999959999999999960e-01 -7.833440000000000403e-01 -6.215859999999999719e-01 -1.838999999999999923e-03 6.215889999999999471e-01 -7.833409999999999540e-01 -2.026000000000000023e-03
4.000000000000000000e+00 2.900000000000000000e+01 4.400000000000000000e+01 0.000000000000000000e+00 1.600000000000000089e+00 -9.399999999999999448e-05 -1.587000000000000086e-03 -9.999989999999999712e-01 6.567079999999999584e-01 7.541440000000000365e-01 -1.258999999999999920e-03 7.541449999999999543e-01 -6.567079999999999584e-01 9.719999999999999907e-04
8.000000000000000000e+00 2.900000000000000000e+01 4.400000000000000000e+01 0.000000000000000000e+00 1.600000000000000089e+00 7.050000000000000060e-04 -2.570000000000000127e-04 -1.000000000000000000e+00 6.598370000000000068e-01 7.514079999999999648e-01 2.719999999999999979e-04 7.514079999999999648e-01 -6.598370000000000068e-01 6.989999999999999686e-04
1.300000000000000000e+01 2.900000000000000000e+01 4.400000000000000000e+01 0.000000000000000000e+00 1.600000000000000089e+00 2.990000000000000036e-04 3.152999999999999987e-03 -9.999949999999999672e-01 6.559789999999999788e-01 7.547749999999999737e-01 2.576000000000000165e-03 7.547789999999999777e-01 -6.559760000000000035e-01 -1.842000000000000104e-03
1.700000000000000000e+01 2.900000000000000000e+01 4.400000000000000000e+01 0.000000000000000000e+00 1.600000000000000089e+00 6.800000000000000488e-04 1.761999999999999894e-03 -9.999980000000000535e-01 6.567619999999999569e-01 7.540959999999999885e-01 1.776000000000000018e-03 7.540980000000000461e-01 -6.567619999999999569e-01 -6.449999999999999570e-04
2.100000000000000000e+01 2.900000000000000000e+01 4.400000000000000000e+01 0.000000000000000000e+00 1.600000000000000089e+00 1.219999999999999974e-04 1.118999999999999986e-03 -9.999989999999999712e-01 6.598319999999999741e-01 7.514129999999999976e-01 9.210000000000000521e-04 7.514129999999999976e-01 -6.598319999999999741e-01 -6.470000000000000057e-04
2.800000000000000000e+01 2.900000000000000000e+01 4.400000000000000000e+01 0.000000000000000000e+00 1.600000000000000089e+00 3.380999999999999891e-03 -5.789999999999999791e-04 -9.999940000000000495e-01 6.612409999999999677e-01 7.501710000000000322e-01 1.801000000000000083e-03 7.501659999999999995e-01 -6.612430000000000252e-01 2.919000000000000154e-03
1.100000000000000000e+01 7.400000000000000000e+01 4.900000000000000000e+01 0.000000000000000000e+00 1.600000000000000089e+00 1.711000000000000064e-03 -5.334000000000000200e-03 9.999839999999999840e-01 -9.820520000000000360e-01 1.885920000000000096e-01 2.686000000000000019e-03 -1.886029999999999929e-01 -9.820410000000000528e-01 -4.915000000000000098e-03
3.000000000000000000e+00 5.000000000000000000e+00 5.100000000000000000e+01 0.000000000000000000e+00 1.600000000000000089e+00 -3.158999999999999916e-03 -1.196000000000000014e-03 -9.999940000000000495e-01 4.939769999999999994e-01 -8.694749999999999979e-01 -5.209999999999999788e-04 -8.694690000000000474e-01 -4.939760000000000262e-01 3.337999999999999821e-03
8.000000000000000000e+00 5.000000000000000000e+00 5.100000000000000000e+01 0.000000000000000000e+00 1.600000000000000089e+00 -3.910000000000000172e-04 -2.268000000000000051e-03 -9.999970000000000248e-01 4.901590000000000114e-01 -8.716310000000000446e-01 1.784999999999999911e-03 -8.716329999999999911e-01 -4.901570000000000094e-01 1.453000000000000081e-03
2.600000000000000000e+01 1.150000000000000000e+02 5.100000000000000000e+01 0.000000000000000000e+00 1.600000000000000089e+00 -1.569000000000000082e-03 -3.703999999999999827e-03 9.999919999999999920e-01 8.462699999999999667e-01 -5.327539999999999498e-01 -6.449999999999999570e-04 5.327520000000000033e-01 8.462619999999999587e-01 3.970999999999999704e-03
1.600000000000000000e+01 7.000000000000000000e+00 5.200000000000000000e+01 0.000000000000000000e+00 1.600000000000000089e+00 -3.403000000000000209e-03 2.237999999999999972e-03 -9.999919999999999920e-01 1.169110000000000010e-01 -9.931389999999999940e-01 -2.621000000000000066e-03 -9.931370000000000475e-01 -1.169189999999999952e-01 3.118000000000000112e-03
3.000000000000000000e+00 6.300000000000000000e+01 5.400000000000000000e+01 0.000000000000000000e+00 1.600000000000000089e+00 3.322999999999999999e-03 5.011999999999999962e-03 9.999820000000000375e-01 -3.400980000000000114e-01 9.403829999999999689e-01 -3.582999999999999814e-03 -9.403839999999999977e-01 -3.400799999999999934e-01 4.828999999999999959e-03
1.000000000000000000e+01 6.300000000000000000e+01 5.400000000000000000e+01 0.000000000000000000e+00 1.600000000000000089e+00 -6.130000000000000466e-04 -4.956999999999999601e-03 9.999879999999999880e-01 -3.452729999999999966e-01 9.384919999999999929e-01 4.440999999999999635e-03 -9.385019999999999474e-01 -3.452660000000000173e-01 -2.286999999999999970e-03
1.400000000000000000e+01 6.300000000000000000e+01 5.400000000000000000e+01 0.000000000000000000e+00 1.600000000000000089e+00 -9.439999999999999607e-04 -7.367000000000000284e-03 9.999719999999999720e-01 -3.440949999999999842e-01 9.389119999999999688e-01 6.591999999999999769e-03 -9.389340000000000463e-01 -3.440799999999999970e-01 -3.420999999999999996e-03
1.800000000000000000e+01 6.300000000000000000e+01 5.400000000000000000e+01 0.000000000000000000e+00 1.600000000000000089e+00 -4.100000000000000047e-05 -3.592999999999999840e-03 9.999940000000000495e-01 -3.388220000000000121e-01 9.408440000000000136e-01 3.367000000000000201e-03 -9.408499999999999641e-01 -3.388200000000000101e-01 -1.255999999999999955e-03
2.000000000000000000e+01 6.300000000000000000e+01 5.400000000000000000e+01 0.000000000000000000e+00 1.600000000000000089e+00 3.959999999999999762e-04 -6.019999999999999961e-04 1.000000000000000000e+00 -3.390679999999999805e-01 9.407619999999999871e-01 6.999999999999999929e-04 -9.407619999999999871e-01 -3.390679999999999805e-01 1.689999999999999879e-04
2.500000000000000000e+01 6.300000000000000000e+01 5.400000000000000000e+01 0.000000000000000000e+00 1.600000000000000089e+00 3.460000000000000076e-04 1.237999999999999951e-03 9.999989999999999712e-01 -3.424389999999999934e-01 9.395390000000000130e-01 -1.044000000000000006e-03 -9.395400000000000418e-01 -3.424389999999999934e-01 7.489999999999999913e-04
1.000000000000000000e+00 2.500000000000000000e+01 5.500000000000000000e+01 0.000000000000000000e+00 1.600000000000000089e+00 -5.900000000000000296e-04 -1.371999999999999956e-03 -9.999989999999999712e-01 -1.368600000000000025e-02 -9.999050000000000438e-01 1.379999999999999933e-03 -9.999059999999999615e-01 1.368699999999999951e-02 5.710000000000000015e-04
5.000000000000000000e+00 2.500000000000000000e+01 5.500000000000000000e+01 0.000000000000000000e+00 1.600000000000000089e+00 1.263000000000000017e-03 1.603999999999999957e-03 -9.999980000000000535e-01 -1.186899999999999934e-02 -9.999280000000000390e-01 -1.618000000000000081e-03 -9.999289999999999567e-01 1.187099999999999961e-02 -1.244000000000000097e-03
1.100000000000000000e+01 2.500000000000000000e+01 5.500000000000000000e+01 0.000000000000000000e+00 1.600000000000000089e+00 6.250000000000000130e-04 1.069000000000000072e-03 -9.999989999999999712e-01 -1.090799999999999929e-02 -9.999400000000000510e-01 -1.075999999999999917e-03 -9.999400000000000510e-01 1.090900000000000029e-02 -6.130000000000000466e-04
1.500000000000000000e+01 2.500000000000000000e+01 5.500000000000000000e+01 0.000000000000000000e+00 1.600000000000000089e+00 -1.240000000000000054e-04 -7.519999999999999558e-04 -1.000000000000000000e+00 -1.085799999999999960e-02 -9.999409999999999688e-01 7.529999999999999801e-04 -9.999409999999999688e-01 1.085799999999999960e-02 1.160000000000000007e-04
2.000000000000000000e+01 2.500000000000000000e+01 5.500000000000000000e+01 0.000000000000000000e+00 1.600000000000000089e+00 -9.829999999999999329e-04 5.779999999999999548e-04 -9.999989999999999712e-01 -1.032800000000000037e-02 -9.999460000000000015e-01 -5.680000000000000370e-04 -9.999460000000000015e-01 1.032800000000000037e-02 9.890000000000000787e-04
5.000000000000000000e+00 2.100000000000000000e+01 6.000000000000000000e+01 0.000000000000000000e+00 1.600000000000000089e+00 -1.742000000000000059e-03 5.098000000000000101e-03 9.999860000000000415e-01 -9.502900000000000236e-02 9.954610000000000403e-01 -5.240999999999999999e-03 -9.954730000000000523e-01 -9.503699999999999648e-02 -1.250000000000000026e-03
1.200000000000000000e+01 2.100000000000000000e+01 6.000000000000000000e+01 0.000000000000000000e+00 1.600000000000000089e+00 -6.970000000000000284e-04 4.300000000000000165e-05 1.000000000000000000e+00 -9.201499999999999957e-02 9.957580000000000320e-01 -1.069999999999999988e-04 -9.957570000000000032e-01 -9.201600000000000057e-02 -6.899999999999999667e-04
1.600000000000000000e+01 2.100000000000000000e+01 6.000000000000000000e+01 0.000000000000000000e+00 1.600000000000000089e+00 9.600000000000000243e-05 -1.669999999999999935e-04 1.000000000000000000e+00 -9.312600000000000044e-02 9.956540000000000390e-01 1.749999999999999982e-04 -9.956540000000000390e-01 -9.312600000000000044e-02 8.100000000000000375e-05
2.300000000000000000e+01 2.100000000000000000e+01 6.000000000000000000e+01 0.000000000000000000e+00 1.600000000000000089e+00 2.579999999999999828e-04 -7.741999999999999750e-03 9.999700000000000255e-01 -9.352800000000000002e-02 9.955869999999999997e-01 7.732000000000000157e-03 -9.956169999999999742e-01 -9.352699999999999902e-02 -4.670000000000000214e-04
8.000000000000000000e+00 6.700000000000000000e+01 6.000000000000000000e+01 0.000000000000000000e+00 1.600000000000000089e+00 1.760000000000000063e-03 8.159999999999999936e-04 9.999980000000000535e-01 1.736939999999999873e-01 -9.847989999999999799e-01 4.979999999999999618e-04 9.847979999999999512e-01 1.736929999999999863e-01 -1.874999999999999931e-03
3.000000000000000000e+01 6.700000000000000000e+01 6.000000000000000000e+01 0.000000000000000000e+00 1.600000000000000089e+00 -3.570000000000000040e-04 8.694000000000000339e-03 9.999620000000000175e-01 1.825400000000000078e-01 -9.831609999999999516e-01 8.613000000000000864e-03 9.831980000000000164e-01 1.825360000000000038e-01 -1.235999999999999903e-03
1.700000000000000000e+01 3.000000000000000000e+00 6.300000000000000000e+01 0.000000000000000000e+00 1.600000000000000089e+00 -5.810000000000000277e-04 3.699999999999999947e-04 1.000000000000000000e+00 -6.186270000000000380e-01 7.856840000000000490e-01 -6.499999999999999702e-04 -7.856849999999999667e-01 -6.186270000000000380e-01 -2.280000000000000126e-04
3.000000000000000000e+00 2.700000000000000000e+01 6.300000000000000000e+01 0.000000000000000000e+00 1.600000000000000089e+00 -1.982999999999999954e-03 2.374999999999999941e-03 9.999949999999999672e-01 -2.816400000000000015e-01 9.595160000000000355e-01 -2.837000000000000112e-03 -9.595179999999999820e-01 -2.816440000000000055e-01 -1.234000000000000071e-03
1.400000000000000000e+01 2.700000000000000000e+01 6.300000000000000000e+01 0.000000000000000000e+00 1.600000000000000089e+00 -9.840000000000000656e-04 -4.344999999999999904e-03 9.999900000000000455e-01 -2.774570000000000092e-01 9.607299999999999729e-01 3.900999999999999954e-03 -9.607379999999999809e-01 -2.774499999999999744e-01 -2.151000000000000134e-03
2.100000000000000000e+01 2.700000000000000000e+01 6.300000000000000000e+01 0.000000000000000000e+00 1.600000000000000089e+00 1.824000000000000100e-03 2.975000000000000214e-03 9.999940000000000495e-01 -2.770619999999999750e-01 9.608489999999999531e-01 -2.353000000000000057e-03 -9.608499999999999819e-01 -2.770560000000000245e-01 2.576999999999999864e-03
2.900000000000000000e+01 2.700000000000000000e+01 6.300000000000000000e+01 0.000000000000000000e+00 1.600000000000000089e+00 -6.359999999999999551e-04 4.964999999999999795e-03 9.999869999999999592e-01 -2.720190000000000108e-01 9.622789999999999955e-01 -4.950999999999999672e-03 -9.622920000000000362e-01 -2.720190000000000108e-01 7.389999999999999651e-04
2.000000000000000000e+00 2.600000000000000000e+01 6.400000000000000000e+01 0.000000000000000000e+00 1.600000000000000089e+00 -3.409000000000000138e-03 7.960000000000000495e-04 9.999940000000000495e-01 -3.719189999999999996e-01 9.282629999999999493e-01 -2.007000000000000103e-03 -9.282589999999999453e-01 -3.719230000000000036e-01 -2.869000000000000022e-03
6.000000000000000000e+00 2.600000000000000000e+01 6.400000000000000000e+01 0.000000000000000000e+00 1.600000000000000089e+00 -3.550000000000000096e-04 -2.769000000000000194e-03 9.999959999999999960e-01 -3.678960000000000008e-01 9.298640000000000239e-01 2.445000000000000125e-03 -9.298669999999999991e-01 -3.678930000000000256e-01 -1.348000000000000023e-03
1.500000000000000000e+01 2.600000000000000000e+01 6.400000000000000000e+01 0.000000000000000000e+00 1.600000000000000089e+00 -5.770000000000000389e-04 -4.160999999999999768e-03 9.999909999999999632e-01 -3.702880000000000060e-01 9.289100000000000135e-01 3.651999999999999864e-03 -9.289169999999999927e-01 -3.702820000000000000e-01 -2.076999999999999853e-03
1.900000000000000000e+01 2.600000000000000000e+01 6.400000000000000000e+01 0.000000000000000000e+00 1.600000000000000089e+00 1.033999999999999980e-03 -1.131999999999999977e-03 9.999989999999999712e-01 -3.699999999999999956e-01 9.290310000000000512e-01 1.433999999999999945e-03 -9.290310000000000512e-01 -3.700010000000000243e-01 5.419999999999999471e-04
2.200000000000000000e+01 2.600000000000000000e+01 6.400000000000000000e+01 0.000000000000000000e+00 1.600000000000000089e+00 1.549999999999999946e-03 5.052000000000000067e-03 9.999860000000000415e-01 -3.675709999999999811e-01 9.299859999999999793e-01 -4.128999999999999858e-03 -9.299939999999999873e-01 -3.675590000000000246e-01 3.298000000000000150e-03
5.000000000000000000e+00 6.900000000000000000e+01 6.600000000000000000e+01 0.000000000000000000e+00 1.600000000000000089e+00 -2.269999999999999882e-04 -5.611999999999999801e-03 9.999839999999999840e-01 -9.505540000000000100e-01 3.105559999999999987e-01 1.526999999999999929e-03 -3.105600000000000027e-01 -9.505390000000000228e-01 -5.405000000000000082e-03
1.200000000000000000e+01 6.900000000000000000e+01 6.600000000000000000e+01 0.000000000000000000e+00 1.600000000000000089e+00 6.048999999999999690e-03 1.003999999999999901e-03 9.999810000000000088e-01 -9.485740000000000283e-01 3.165100000000000136e-01 5.420000000000000338e-03 -3.164989999999999748e-01 -9.485890000000000155e-01 2.867000000000000191e-03
9.000000000000000000e+00 3.100000000000000000e+01 7.100000000000000000e+01 0.000000000000000000e+00 1.600000000000000089e+00 6.229999999999999644e-04 1.325000000000000006e-03 -9.999989999999999712e-01 -7.287249999999999561e-01 -6.848049999999999971e-01 -1.361000000000000014e-03 -6.848060000000000258e-01 7.287249999999999561e-01 5.389999999999999826e-04
6.000000000000000000e+00 2.500000000000000000e+01 7.300000000000000000e+01 0.000000000000000000e+00 1.600000000000000089e+00 -4.589999999999999896e-04 -3.226999999999999834e-03 9.999949999999999672e-01 7.537920000000000176e-01 -6.571099999999999719e-01 -1.775000000000000102e-03 6.571129999999999471e-01 7.537869999999999848e-01 2.733999999999999885e-03
1.900000000000000000e+01 2.500000000000000000e+01 7.300000000000000000e+01 0.000000000000000000e+00 1.600000000000000089e+00 -1.137999999999999906e-03 2.926999999999999914e-03 9.999949999999999672e-01 7.494269999999999543e-01 -6.620810000000000306e-01 2.791000000000000078e-03 6.620859999999999523e-01 7.494260000000000366e-01 -1.440000000000000091e-03
2.200000000000000000e+01 2.500000000000000000e+01 7.300000000000000000e+01 0.000000000000000000e+00 1.600000000000000089e+00 -2.178999999999999947e-03 -2.824999999999999820e-03 9.999940000000000495e-01 7.510829999999999451e-01 -6.602080000000000171e-01 -2.280000000000000126e-04 6.602040000000000131e-01 7.510780000000000234e-01 3.559999999999999797e-03
2.500000000000000000e+01 2.500000000000000000e+01 7.300000000000000000e+01 0.000000000000000000e+00 1.600000000000000089e+00 -3.361999999999999971e-03 -7.130000000000000053e-03 9.999689999999999968e-01 7.525460000000000482e-01 -6.585370000000000390e-01 -2.164999999999999824e-03 6.585320000000000062e-01 7.525150000000000450e-01 7.579999999999999932e-03
3.000000000000000000e+01 2.500000000000000000e+01 7.300000000000000000e+01 0.000000000000000000e+00 1.600000000000000089e+00 -8.360000000000000460e-04 6.970000000000000284e-04 9.999989999999999712e-01 7.556230000000000446e-01 -6.550059999999999771e-01 1.087999999999999991e-03 6.550059999999999771e-01 7.556239999999999624e-01 2.099999999999999884e-05
3.000000000000000000e+00 4.400000000000000000e+01 7.300000000000000000e+01 0.000000000000000000e+00 1.600000000000000089e+00 2.592000000000000120e-03 3.924999999999999670e-03 9.999890000000000168e-01 5.075699999999999656e-02 -9.987040000000000362e-01 3.788999999999999833e-03 9.987080000000000402e-01 5.074599999999999944e-02 -2.788000000000000114e-03
