5.000000000000000000e+00 2.500000000000000000e+01 1.000000000000000000e+00 0.000000000000000000e+00 1.600000000000000089e+00 1.489000000000000089e-03 2.240999999999999936e-03 -9.999959999999999960e-01 -5.207030000000000269e-01 -8.537339999999999929e-01 -2.688999999999999984e-03 -8.537369999999999681e-01 5.207049999999999734e-01 -1.039999999999999936e-04
1.200000000000000000e+01 2.500000000000000000e+01 1.000000000000000000e+00 0.000000000000000000e+00 1.600000000000000089e+00 -1.463000000000000108e-03 2.492999999999999990e-03 -9.999959999999999960e-01 -5.246549999999999825e-01 -8.513140000000000152e-01 -1.355000000000000085e-03 -8.513140000000000152e-01 5.246499999999999497e-01 2.553000000000000148e-03
2.000000000000000000e+01 1.500000000000000000e+01 4.000000000000000000e+00 0.000000000000000000e+00 1.600000000000000089e+00 7.269999999999999987e-04 -1.382800000000000001e-02 9.999040000000000150e-01 3.803599999999999759e-01 -9.247459999999999569e-01 -1.306500000000000022e-02 9.248380000000000489e-01 3.803329999999999766e-01 4.588000000000000064e-03
2.900000000000000000e+01 1.500000000000000000e+01 4.000000000000000000e+00 0.000000000000000000e+00 1.600000000000000089e+00 -5.967000000000000082e-03 3.643500000000000211e-02 9.993180000000000396e-01 4.153990000000000182e-01 -9.089409999999999989e-01 3.562099999999999989e-02 9.096199999999999841e-01 4.153290000000000037e-01 -9.712000000000000147e-03
6.000000000000000000e+00 1.010000000000000000e+02 7.000000000000000000e+00 0.000000000000000000e+00 1.600000000000000089e+00 -2.626999999999999995e-03 3.644999999999999803e-03 9.999900000000000455e-01 8.850270000000000081e-01 4.655389999999999806e-01 6.279999999999999775e-04 -4.655320000000000014e-01 8.850200000000000289e-01 -4.448999999999999830e-03
9.000000000000000000e+00 1.010000000000000000e+02 7.000000000000000000e+00 0.000000000000000000e+00 1.600000000000000089e+00 -5.299999999999999807e-04 1.319000000000000077e-03 9.999989999999999712e-01 8.839759999999999840e-01 4.675320000000000031e-01 -1.479999999999999925e-04 -4.675320000000000031e-01 8.839749999999999552e-01 -1.413999999999999892e-03
2.400000000000000000e+01 1.010000000000000000e+02 7.000000000000000000e+00 0.000000000000000000e+00 1.600000000000000089e+00 2.406999999999999851e-03 -1.004799999999999964e-02 9.999470000000000303e-01 8.864300000000000512e-01 4.628559999999999897e-01 2.517000000000000140e-03 -4.628559999999999897e-01 8.863769999999999705e-01 1.002100000000000039e-02
1.700000000000000000e+01 1.500000000000000000e+01 8.000000000000000000e+00 0.000000000000000000e+00 1.600000000000000089e+00 -4.220000000000000118e-04 -2.432899999999999993e-02 -9.997040000000000370e-01 -6.186439999999999717e-01 -7.854330000000000478e-01 1.937600000000000086e-02 -7.856720000000000370e-01 6.184690000000000465e-01 -1.471899999999999945e-02
4.000000000000000000e+00 2.500000000000000000e+01 8.000000000000000000e+00 0.000000000000000000e+00 1.600000000000000089e+00 -1.634999999999999952e-03 -9.967999999999999430e-03 -9.999489999999999768e-01 4.429600000000000204e-01 8.964900000000000091e-01 -9.660999999999999449e-03 8.965400000000000036e-01 -4.429529999999999856e-01 2.949999999999999931e-03
1.000000000000000000e+01 2.500000000000000000e+01 8.000000000000000000e+00 0.000000000000000000e+00 1.600000000000000089e+00 9.979999999999999722e-04 2.942000000000000171e-03 -9.999949999999999672e-01 4.439939999999999998e-01 8.960249999999999604e-01 3.079999999999999839e-03 8.960289999999999644e-01 -4.439939999999999998e-01 -4.119999999999999856e-04
1.400000000000000000e+01 2.500000000000000000e+01 8.000000000000000000e+00 0.000000000000000000e+00 1.600000000000000089e+00 1.822999999999999968e-03 5.982000000000000338e-03 -9.999799999999999800e-01 4.429199999999999804e-01 8.965400000000000036e-01 6.171000000000000270e-03 8.965589999999999948e-01 -4.429230000000000111e-01 -1.015000000000000060e-03
1.800000000000000000e+01 2.500000000000000000e+01 8.000000000000000000e+00 0.000000000000000000e+00 1.600000000000000089e+00 1.479000000000000063e-03 -2.180000000000000134e-04 -9.999989999999999712e-01 4.415410000000000168e-01 8.972409999999999553e-01 4.580000000000000195e-04 8.972400000000000375e-01 -4.415419999999999900e-01 1.423000000000000003e-03
2.200000000000000000e+01 2.500000000000000000e+01 8.000000000000000000e+00 0.000000000000000000e+00 1.600000000000000089e+00 -5.230000000000000274e-04 -2.480000000000000108e-04 -1.000000000000000000e+00 4.404390000000000249e-01 8.977819999999999689e-01 -4.530000000000000064e-04 8.977819999999999689e-01 -4.404390000000000249e-01 -3.609999999999999928e-04
2.700000000000000000e+01 2.500000000000000000e+01 8.000000000000000000e+00 0.000000000000000000e+00 1.600000000000000089e+00 2.478000000000000168e-03 6.756999999999999985e-03 -9.999740000000000295e-01 4.384460000000000024e-01 8.987290000000000001e-01 7.159999999999999698e-03 8.987540000000000529e-01 -4.384520000000000084e-01 -7.349999999999999763e-04
4.000000000000000000e+00 2.400000000000000000e+01 9.000000000000000000e+00 0.000000000000000000e+00 1.600000000000000089e+00 -2.027000000000000156e-03 -9.065999999999999406e-03 -9.999569999999999848e-01 4.502399999999999736e-01 8.928620000000000445e-01 -9.006999999999999382e-03 8.929049999999999487e-01 -4.502390000000000003e-01 2.272000000000000148e-03
1.000000000000000000e+01 2.400000000000000000e+01 9.000000000000000000e+00 0.000000000000000000e+00 1.600000000000000089e+00 9.529999999999999626e-04 2.406999999999999851e-03 -9.999970000000000248e-01 4.512399999999999745e-01 8.923990000000000533e-01 2.577999999999999996e-03 8.924020000000000286e-01 -4.512410000000000032e-01 -2.359999999999999902e-04
1.600000000000000000e+01 2.400000000000000000e+01 9.000000000000000000e+00 0.000000000000000000e+00 1.600000000000000089e+00 2.138000000000000143e-03 4.658999999999999947e-03 -9.999869999999999592e-01 4.487459999999999782e-01 8.936439999999999939e-01 5.122999999999999950e-03 8.936570000000000347e-01 -4.487510000000000110e-01 -1.800000000000000113e-04
2.200000000000000000e+01 2.400000000000000000e+01 9.000000000000000000e+00 0.000000000000000000e+00 1.600000000000000089e+00 -2.020000000000000040e-04 -4.870000000000000197e-04 -1.000000000000000000e+00 4.468360000000000110e-01 8.946159999999999668e-01 -5.259999999999999919e-04 8.946159999999999668e-01 -4.468360000000000110e-01 3.699999999999999811e-05
2.800000000000000000e+01 2.400000000000000000e+01 9.000000000000000000e+00 0.000000000000000000e+00 1.600000000000000089e+00 2.811000000000000131e-03 4.899999999999999842e-03 -9.999839999999999840e-01 4.445020000000000082e-01 8.957600000000000007e-01 5.638999999999999915e-03 8.957730000000000414e-01 -4.445109999999999895e-01 3.390000000000000001e-04
2.800000000000000000e+01 7.000000000000000000e+00 1.000000000000000000e+01 0.000000000000000000e+00 1.600000000000000089e+00 4.027599999999999930e-02 1.572099999999999886e-02 -9.990649999999999809e-01 -9.728369999999999518e-01 -2.274980000000000058e-01 -4.279899999999999677e-02 -2.279589999999999950e-01 9.736519999999999619e-01 6.131000000000000165e-03
1.400000000000000000e+01 8.000000000000000000e+00 1.000000000000000000e+01 0.000000000000000000e+00 1.600000000000000089e+00 -1.583400000000000085e-01 -1.133269999999999972e-01 -9.808599999999999541e-01 -9.489229999999999610e-01 -2.570919999999999872e-01 1.828889999999999960e-01 -2.728979999999999739e-01 9.597189999999999888e-01 -6.683100000000000152e-02
9.000000000000000000e+00 3.100000000000000000e+01 1.200000000000000000e+01 0.000000000000000000e+00 1.600000000000000089e+00 1.453000000000000081e-03 -2.229999999999999994e-04 9.999989999999999712e-01 -1.181699999999999938e-02 9.999299999999999855e-01 2.400000000000000061e-04 -9.999289999999999567e-01 -1.181699999999999938e-02 1.449999999999999900e-03
2.000000000000000000e+01 3.100000000000000000e+01 1.200000000000000000e+01 0.000000000000000000e+00 1.600000000000000089e+00 -8.159999999999999936e-04 6.159999999999999677e-03 9.999810000000000088e-01 -4.562000000000000083e-03 9.999710000000000543e-01 -6.163000000000000075e-03 -9.999890000000000168e-01 -4.566999999999999879e-03 -7.879999999999999635e-04
5.000000000000000000e+00 3.500000000000000000e+01 1.200000000000000000e+01 0.000000000000000000e+00 1.600000000000000089e+00 -3.853999999999999787e-03 1.187000000000000034e-02 -9.999219999999999775e-01 5.049719999999999764e-01 -8.630499999999999838e-01 -1.219100000000000045e-02 -8.631269999999999776e-01 -5.049799999999999844e-01 -2.667999999999999799e-03
1.200000000000000000e+01 3.500000000000000000e+01 1.200000000000000000e+01 0.000000000000000000e+00 1.600000000000000089e+00 -4.734999999999999626e-03 1.720999999999999960e-02 -9.998409999999999798e-01 5.617339999999999556e-01 -8.271450000000000191e-01 -1.689799999999999983e-02 -8.273040000000000393e-01 -5.617250000000000298e-01 -5.751000000000000036e-03
2.000000000000000000e+00 3.200000000000000000e+01 1.400000000000000000e+01 0.000000000000000000e+00 1.600000000000000089e+00 -2.014000000000000165e-03 2.088000000000000012e-03 -9.999959999999999960e-01 1.020770000000000011e-01 9.947749999999999648e-01 1.871000000000000050e-03 9.947740000000000471e-01 -1.020729999999999971e-01 -2.216999999999999787e-03
6.000000000000000000e+00 1.200000000000000000e+01 1.600000000000000000e+01 0.000000000000000000e+00 1.600000000000000089e+00 4.360000000000000269e-04 -2.206199999999999828e-02 9.997570000000000068e-01 2.052259999999999918e-01 -9.784739999999999549e-01 -2.168199999999999988e-02 9.787139999999999729e-01 2.051860000000000073e-01 4.100999999999999611e-03
9.000000000000000000e+00 1.160000000000000000e+02 1.600000000000000000e+01 0.000000000000000000e+00 1.600000000000000089e+00 2.079999999999999818e-03 -4.000000000000000327e-05 9.999980000000000535e-01 7.679080000000000350e-01 6.405579999999999607e-01 -1.572000000000000047e-03 -6.405560000000000143e-01 7.679099999999999815e-01 1.363000000000000062e-03
1.900000000000000000e+01 1.160000000000000000e+02 1.600000000000000000e+01 0.000000000000000000e+00 1.600000000000000089e+00 3.899999999999999929e-04 4.929999999999999487e-04 1.000000000000000000e+00 7.620310000000000139e-01 6.475410000000000332e-01 -6.170000000000000354e-04 -6.475410000000000332e-01 7.620310000000000139e-01 -1.230000000000000082e-04
2.400000000000000000e+01 1.160000000000000000e+02 1.600000000000000000e+01 0.000000000000000000e+00 1.600000000000000089e+00 8.000000000000000654e-05 2.390000000000000089e-04 1.000000000000000000e+00 7.521050000000000235e-01 6.590430000000000454e-01 -2.180000000000000134e-04 -6.590430000000000454e-01 7.521050000000000235e-01 -1.269999999999999970e-04
2.800000000000000000e+01 1.160000000000000000e+02 1.600000000000000000e+01 0.000000000000000000e+00 1.600000000000000089e+00 -4.550000000000000008e-04 -3.314999999999999804e-03 9.999940000000000495e-01 7.561120000000000063e-01 6.544379999999999642e-01 2.514000000000000175e-03 -6.544419999999999682e-01 7.561090000000000311e-01 2.209000000000000026e-03
1.200000000000000000e+01 2.000000000000000000e+00 1.900000000000000000e+01 0.000000000000000000e+00 1.600000000000000089e+00 7.407000000000000389e-03 -5.866299999999999987e-02 -9.982499999999999707e-01 3.411069999999999935e-01 -9.382540000000000324e-01 5.766899999999999804e-02 -9.399950000000000250e-01 -3.409369999999999901e-01 1.306099999999999969e-02
1.900000000000000000e+01 2.000000000000000000e+00 1.900000000000000000e+01 0.000000000000000000e+00 1.600000000000000089e+00 7.212999999999999794e-03 -6.456900000000000139e-02 -9.978869999999999685e-01 3.677000000000000268e-01 -9.278290000000000148e-01 6.269299999999999873e-02 -9.299169999999999936e-01 -3.673750000000000071e-01 1.704900000000000165e-02
2.600000000000000000e+01 2.000000000000000000e+00 1.900000000000000000e+01 0.000000000000000000e+00 1.600000000000000089e+00 3.119999999999999944e-04 9.561999999999999320e-03 -9.999540000000000095e-01 3.636460000000000248e-01 -9.314959999999999907e-01 -8.793999999999999734e-03 -9.315369999999999484e-01 -3.636260000000000048e-01 -3.768000000000000082e-03
4.000000000000000000e+00 3.000000000000000000e+00 1.900000000000000000e+01 0.000000000000000000e+00 1.600000000000000089e+00 3.199999999999999855e-05 1.645200000000000135e-02 -9.998650000000000038e-01 3.135209999999999941e-01 -9.494529999999999914e-01 -1.561199999999999914e-02 -9.495810000000000084e-01 -3.134779999999999789e-01 -5.189000000000000036e-03
4.000000000000000000e+00 4.000000000000000000e+00 2.000000000000000000e+01 0.000000000000000000e+00 1.600000000000000089e+00 4.159999999999999744e-04 1.767499999999999974e-02 -9.998439999999999550e-01 3.792139999999999955e-01 -9.251669999999999616e-01 -1.619699999999999959e-02 -9.253090000000000481e-01 -3.791479999999999850e-01 -7.087000000000000417e-03
8.000000000000000000e+00 4.000000000000000000e+00 2.000000000000000000e+01 0.000000000000000000e+00 1.600000000000000089e+00 4.422999999999999848e-03 -1.142499999999999939e-02 -9.999249999999999527e-01 3.804660000000000264e-01 -9.247140000000000359e-01 1.224899999999999947e-02 -9.247840000000000504e-01 -3.804919999999999969e-01 2.570000000000000127e-04
3.000000000000000000e+00 1.300000000000000000e+01 2.000000000000000000e+01 0.000000000000000000e+00 1.600000000000000089e+00 3.299999999999999982e-04 2.330000000000000040e-03 9.999970000000000248e-01 2.735909999999999731e-01 9.618430000000000035e-01 -2.331000000000000173e-03 -9.618459999999999788e-01 2.735909999999999731e-01 -3.200000000000000262e-04
8.000000000000000000e+00 1.300000000000000000e+01 2.000000000000000000e+01 0.000000000000000000e+00 1.600000000000000089e+00 6.700000000000000226e-04 -3.600000000000000091e-05 1.000000000000000000e+00 2.694179999999999908e-01 9.630229999999999624e-01 -1.459999999999999981e-04 -9.630229999999999624e-01 2.694179999999999908e-01 6.549999999999999833e-04
1.400000000000000000e+01 1.300000000000000000e+01 2.000000000000000000e+01 0.000000000000000000e+00 1.600000000000000089e+00 4.229999999999999819e-04 1.157999999999999958e-03 9.999989999999999712e-01 2.594940000000000024e-01 9.657440000000000468e-01 -1.227999999999999925e-03 -9.657440000000000468e-01 2.594949999999999757e-01 1.079999999999999960e-04
2.200000000000000000e+01 1.300000000000000000e+01 2.000000000000000000e+01 0.000000000000000000e+00 1.600000000000000089e+00 6.009999999999999717e-04 8.243999999999999592e-03 9.999660000000000215e-01 2.610689999999999955e-01 9.652859999999999774e-01 -8.115000000000000685e-03 -9.653199999999999559e-01 2.610649999999999915e-01 -1.572000000000000047e-03
2.600000000000000000e+01 1.300000000000000000e+01 2.000000000000000000e+01 0.000000000000000000e+00 1.600000000000000089e+00 -6.099999999999999737e-04 -2.985999999999999939e-03 9.999949999999999672e-01 2.612380000000000257e-01 9.652699999999999614e-01 3.040999999999999866e-03 -9.652739999999999654e-01 2.612380000000000257e-01 1.920000000000000049e-04
2.600000000000000000e+01 1.600000000000000000e+01 2.100000000000000000e+01 0.000000000000000000e+00 1.600000000000000089e+00 -1.670999999999999959e-03 -5.328000000000000271e-03 9.999839999999999840e-01 2.986030000000000073e-01 9.543610000000000149e-01 5.584000000000000422e-03 -9.543760000000000021e-01 2.986079999999999846e-01 -3.999999999999999819e-06
2.300000000000000000e+01 2.000000000000000000e+00 2.500000000000000000e+01 0.000000000000000000e+00 1.600000000000000089e+00 2.331000000000000173e-03 -9.202000000000000110e-03 9.999550000000000383e-01 6.820400000000000074e-02 -9.976279999999999593e-01 -9.339999999999999344e-03 9.976690000000000280e-01 6.822300000000000586e-02 -1.698000000000000074e-03
4.000000000000000000e+00 3.000000000000000000e+00 2.500000000000000000e+01 0.000000000000000000e+00 1.600000000000000089e+00 -2.235000000000000007e-03 2.001800000000000107e-02 9.997970000000000468e-01 -3.724100000000000327e-02 -9.991079999999999961e-01 1.992100000000000121e-02 9.993039999999999701e-01 -3.718899999999999983e-02 2.978000000000000178e-03
9.000000000000000000e+00 3.000000000000000000e+00 2.500000000000000000e+01 0.000000000000000000e+00 1.600000000000000089e+00 1.520000000000000084e-03 -1.804599999999999954e-02 9.998359999999999470e-01 -1.711800000000000127e-02 -9.996909999999999963e-01 -1.801699999999999829e-02 9.998519999999999630e-01 -1.708799999999999902e-02 -1.827999999999999981e-03
1.400000000000000000e+01 3.000000000000000000e+00 2.500000000000000000e+01 0.000000000000000000e+00 1.600000000000000089e+00 9.114999999999999838e-03 -4.975399999999999961e-02 9.987200000000000522e-01 2.706899999999999931e-02 -9.983830000000000204e-01 -4.998400000000000065e-02 9.995920000000000361e-01 2.749000000000000055e-02 -7.753000000000000343e-03
2.200000000000000000e+01 3.000000000000000000e+00 2.500000000000000000e+01 0.000000000000000000e+00 1.600000000000000089e+00 1.955999999999999839e-03 -1.299600000000000061e-02 9.999139999999999695e-01 -1.321400000000000005e-02 -9.998289999999999678e-01 -1.296899999999999963e-02 9.999109999999999943e-01 -1.318700000000000080e-02 -2.126999999999999984e-03
2.800000000000000000e+01 3.000000000000000000e+00 2.500000000000000000e+01 0.000000000000000000e+00 1.600000000000000089e+00 4.159999999999999744e-04 6.356999999999999804e-03 9.999799999999999800e-01 -2.269099999999999936e-02 -9.997219999999999995e-01 6.364999999999999998e-03 9.997420000000000195e-01 -2.269300000000000136e-02 -2.709999999999999735e-04
1.700000000000000000e+01 4.600000000000000000e+01 2.700000000000000000e+01 0.000000000000000000e+00 1.600000000000000089e+00 3.400000000000000244e-04 2.497000000000000088e-03 -9.999970000000000248e-01 6.728929999999999634e-01 7.397369999999999779e-01 2.076000000000000154e-03 7.397399999999999531e-01 -6.728920000000000456e-01 -1.428000000000000016e-03
2.600000000000000000e+01 4.600000000000000000e+01 2.700000000000000000e+01 0.000000000000000000e+00 1.600000000000000089e+00 -3.400000000000000244e-04 -2.629999999999999959e-04 -1.000000000000000000e+00 6.787800000000000500e-01 7.343410000000000215e-01 -4.240000000000000062e-04 7.343420000000000503e-01 -6.787800000000000500e-01 -7.100000000000000462e-05
3.000000000000000000e+00 5.800000000000000000e+01 3.100000000000000000e+01 0.000000000000000000e+00 1.600000000000000089e+00 -6.368000000000000396e-03 -2.485999999999999929e-03 9.999770000000000048e-01 -7.603039999999999798e-01 -6.495360000000000023e-01 -6.457000000000000066e-03 6.495360000000000023e-01 -7.603269999999999751e-01 2.246000000000000166e-03
7.000000000000000000e+00 5.800000000000000000e+01 3.100000000000000000e+01 0.000000000000000000e+00 1.600000000000000089e+00 -4.473000000000000413e-03 -5.474999999999999832e-03 9.999749999999999472e-01 -7.635579999999999590e-01 -6.457019999999999982e-01 -6.950999999999999714e-03 6.457239999999999647e-01 -7.635699999999999710e-01 -1.291999999999999963e-03
2.500000000000000000e+01 5.800000000000000000e+01 3.100000000000000000e+01 0.000000000000000000e+00 1.600000000000000089e+00 -4.044999999999999984e-03 -8.874999999999999209e-03 9.999519999999999520e-01 -7.963120000000000198e-01 -6.048249999999999460e-01 -8.590000000000000413e-03 6.048729999999999940e-01 -7.963090000000000446e-01 -4.621000000000000107e-03
1.400000000000000000e+01 2.300000000000000000e+01 3.400000000000000000e+01 0.000000000000000000e+00 1.600000000000000089e+00 -1.216000000000000067e-03 6.246999999999999949e-03 9.999799999999999800e-01 4.069749999999999757e-01 -9.134179999999999522e-01 6.200999999999999915e-03 9.134379999999999722e-01 4.069740000000000024e-01 -1.431999999999999896e-03
2.000000000000000000e+00 4.600000000000000000e+01 3.500000000000000000e+01 0.000000000000000000e+00 1.600000000000000089e+00 -9.169999999999999549e-04 5.165000000000000320e-03 -9.999860000000000415e-01 3.904980000000000118e-01 -9.205900000000000194e-01 -5.113000000000000357e-03 -9.206029999999999491e-01 -3.904969999999999830e-01 -1.172000000000000082e-03
6.000000000000000000e+00 4.600000000000000000e+01 3.500000000000000000e+01 0.000000000000000000e+00 1.600000000000000089e+00 4.939999999999999730e-04 3.223999999999999869e-03 -9.999949999999999672e-01 3.906390000000000140e-01 -9.205400000000000249e-01 -2.775000000000000123e-03 -9.205440000000000289e-01 -3.906350000000000100e-01 -1.714999999999999945e-03
1.300000000000000000e+01 4.600000000000000000e+01 3.500000000000000000e+01 0.000000000000000000e+00 1.600000000000000089e+00 2.999999999999999737e-04 1.090999999999999956e-03 -9.999989999999999712e-01 3.901950000000000141e-01 -9.207319999999999949e-01 -8.869999999999999846e-04 -9.207319999999999949e-01 -3.901950000000000141e-01 -7.020000000000000415e-04
1.900000000000000000e+01 4.600000000000000000e+01 3.500000000000000000e+01 0.000000000000000000e+00 1.600000000000000089e+00 2.018999999999999961e-03 2.935000000000000109e-03 -9.999940000000000495e-01 3.894299999999999984e-01 -9.210540000000000393e-01 -1.917000000000000084e-03 -9.210540000000000393e-01 -3.894230000000000191e-01 -3.003000000000000027e-03
2.400000000000000000e+01 4.600000000000000000e+01 3.500000000000000000e+01 0.000000000000000000e+00 1.600000000000000089e+00 -1.255999999999999955e-03 -2.062000000000000031e-03 -9.999970000000000248e-01 3.898499999999999743e-01 -9.208779999999999744e-01 1.410000000000000012e-03 -9.208779999999999744e-01 -3.898469999999999991e-01 1.959999999999999937e-03
2.800000000000000000e+01 4.600000000000000000e+01 3.500000000000000000e+01 0.000000000000000000e+00 1.600000000000000089e+00 -5.500000000000000331e-04 4.279999999999999950e-04 -1.000000000000000000e+00 3.891359999999999819e-01 -9.211799999999999988e-01 -6.080000000000000335e-04 -9.211799999999999988e-01 -3.891359999999999819e-01 3.400000000000000244e-04
5.000000000000000000e+00 2.900000000000000000e+01 4.400000000000000000e+01 0.000000000000000000e+00 1.600000000000000089e+00 -2.188999999999999974e-03 -4.715999999999999706e-03 -9.999860000000000415e-01 6.531010000000000426e-01 7.572539999999999827e-01 -5.001000000000000237e-03 7.572680000000000522e-01 -6.531029999999999891e-01 1.422000000000000087e-03
1.000000000000000000e+01 2.900000000000000000e+01 4.400000000000000000e+01 0.000000000000000000e+00 1.600000000000000089e+00 -7.190000000000000210e-04 -3.689000000000000005e-03 -9.999930000000000208e-01 6.576579999999999648e-01 7.533100000000000351e-01 -3.252000000000000116e-03 7.533159999999999856e-01 -6.576560000000000183e-01 1.884999999999999957e-03
1.500000000000000000e+01 2.900000000000000000e+01 4.400000000000000000e+01 0.000000000000000000e+00 1.600000000000000089e+00 4.730000000000000046e-04 5.090000000000000123e-04 -1.000000000000000000e+00 6.561320000000000485e-01 7.546460000000000390e-01 6.949999999999999798e-04 7.546460000000000390e-01 -6.561320000000000485e-01 2.300000000000000002e-05
2.100000000000000000e+01 2.900000000000000000e+01 4.400000000000000000e+01 0.000000000000000000e+00 1.600000000000000089e+00 4.972999999999999990e-03 4.549000000000000092e-03 -9.999770000000000048e-01 6.603919999999999790e-01 7.508920000000000039e-01 6.700000000000000226e-03 7.509050000000000447e-01 -6.604100000000000525e-01 7.299999999999999632e-04
2.600000000000000000e+01 2.900000000000000000e+01 4.400000000000000000e+01 0.000000000000000000e+00 1.600000000000000089e+00 -1.943999999999999981e-03 3.030999999999999840e-03 -9.999940000000000495e-01 6.575119999999999854e-01 7.534440000000000026e-01 1.005999999999999950e-03 7.534419999999999451e-01 -6.575050000000000061e-01 -3.458000000000000136e-03
3.000000000000000000e+00 5.000000000000000000e+00 5.100000000000000000e+01 0.000000000000000000e+00 1.600000000000000089e+00 -1.232999999999999938e-03 1.107299999999999951e-02 -9.999379999999999935e-01 4.878339999999999899e-01 -8.728759999999999852e-01 -1.026799999999999935e-02 -8.729360000000000452e-01 -4.878160000000000274e-01 -4.325999999999999984e-03
1.000000000000000000e+01 5.000000000000000000e+00 5.100000000000000000e+01 0.000000000000000000e+00 1.600000000000000089e+00 1.216000000000000067e-03 -2.043999999999999810e-03 -9.999970000000000248e-01 4.865849999999999898e-01 -8.736300000000000177e-01 2.377000000000000206e-03 -8.736329999999999929e-01 -4.865860000000000185e-01 -6.799999999999999946e-05
1.800000000000000000e+01 1.150000000000000000e+02 5.100000000000000000e+01 0.000000000000000000e+00 1.600000000000000089e+00 -2.919999999999999961e-04 -4.356999999999999762e-03 9.999900000000000455e-01 8.443789999999999907e-01 -5.357420000000000515e-01 -2.086999999999999880e-03 5.357460000000000555e-01 8.443709999999999827e-01 3.836000000000000000e-03
7.000000000000000000e+00 7.000000000000000000e+00 5.200000000000000000e+01 0.000000000000000000e+00 1.600000000000000089e+00 1.198000000000000063e-03 -2.814000000000000095e-03 -9.999949999999999672e-01 1.248439999999999966e-01 -9.921720000000000539e-01 2.942000000000000171e-03 -9.921759999999999469e-01 -1.248469999999999996e-01 -8.369999999999999619e-04
1.200000000000000000e+01 6.300000000000000000e+01 5.400000000000000000e+01 0.000000000000000000e+00 1.600000000000000089e+00 -2.590000000000000071e-04 -1.485999999999999908e-03 9.999989999999999712e-01 -3.484459999999999780e-01 9.373280000000000500e-01 1.302999999999999905e-03 -9.373289999999999678e-01 -3.484450000000000047e-01 -7.609999999999999577e-04
1.600000000000000000e+01 6.300000000000000000e+01 5.400000000000000000e+01 0.000000000000000000e+00 1.600000000000000089e+00 -1.227000000000000009e-03 1.789999999999999870e-04 9.999989999999999712e-01 -3.497520000000000073e-01 9.368419999999999526e-01 -5.969999999999999829e-04 -9.368419999999999526e-01 -3.497520000000000073e-01 -1.087000000000000076e-03
2.100000000000000000e+01 6.300000000000000000e+01 5.400000000000000000e+01 0.000000000000000000e+00 1.600000000000000089e+00 1.320000000000000101e-04 2.785999999999999848e-03 9.999959999999999960e-01 -3.496770000000000156e-01 9.368670000000000053e-01 -2.565000000000000006e-03 -9.368699999999999806e-01 -3.496750000000000136e-01 1.098000000000000018e-03
2.700000000000000000e+01 6.300000000000000000e+01 5.400000000000000000e+01 0.000000000000000000e+00 1.600000000000000089e+00 1.579000000000000108e-03 3.989999999999999949e-04 9.999989999999999712e-01 -3.546880000000000033e-01 9.349849999999999550e-01 1.869999999999999917e-04 -9.349840000000000373e-01 -3.546869999999999745e-01 1.618000000000000081e-03
1.400000000000000000e+01 2.500000000000000000e+01 5.500000000000000000e+01 0.000000000000000000e+00 1.600000000000000089e+00 -3.860000000000000041e-04 1.399999999999999986e-03 -9.999989999999999712e-01 -1.188099999999999920e-02 -9.999280000000000390e-01 -1.394999999999999973e-03 -9.999289999999999567e-01 1.188099999999999920e-02 4.029999999999999837e-04
2.900000000000000000e+01 2.500000000000000000e+01 5.500000000000000000e+01 0.000000000000000000e+00 1.600000000000000089e+00 -7.370000000000000249e-04 8.989999999999999511e-04 -9.999989999999999712e-01 -1.366900000000000059e-02 -9.999059999999999615e-01 -8.890000000000000333e-04 -9.999059999999999615e-01 1.366799999999999959e-02 7.489999999999999913e-04
2.000000000000000000e+01 6.800000000000000000e+01 5.700000000000000000e+01 0.000000000000000000e+00 1.600000000000000089e+00 2.420000000000000005e-04 -4.954000000000000070e-03 -9.999879999999999880e-01 -2.416850000000000109e-01 -9.703429999999999556e-01 4.748999999999999749e-03 -9.703549999999999676e-01 2.416800000000000059e-01 -1.431999999999999896e-03
3.000000000000000000e+00 2.000000000000000000e+01 6.000000000000000000e+01 0.000000000000000000e+00 1.600000000000000089e+00 -9.409999999999999962e-04 7.445000000000000229e-03 9.999719999999999720e-01 -6.226299999999999890e-02 9.980320000000000302e-01 -7.488999999999999997e-03 -9.980590000000000295e-01 -6.226799999999999696e-02 -4.749999999999999990e-04
1.400000000000000000e+01 2.000000000000000000e+01 6.000000000000000000e+01 0.000000000000000000e+00 1.600000000000000089e+00 4.290000000000000193e-04 -8.772000000000000283e-03 9.999609999999999888e-01 -6.330500000000000016e-02 9.979559999999999542e-01 8.781999999999999876e-03 -9.979940000000000477e-01 -6.330600000000000116e-02 -1.269999999999999970e-04
2.000000000000000000e+00 2.100000000000000000e+01 6.000000000000000000e+01 0.000000000000000000e+00 1.600000000000000089e+00 -8.120000000000000048e-04 1.048200000000000000e-02 9.999449999999999728e-01 -9.437099999999999655e-02 9.954819999999999780e-01 -1.051200000000000051e-02 -9.955370000000000053e-01 -9.437500000000000056e-02 1.810000000000000085e-04
7.000000000000000000e+00 2.100000000000000000e+01 6.000000000000000000e+01 0.000000000000000000e+00 1.600000000000000089e+00 -7.659999999999999708e-04 3.439999999999999915e-03 9.999940000000000495e-01 -9.460699999999999665e-02 9.955089999999999772e-01 -3.497000000000000108e-03 -9.955140000000000100e-01 -9.460899999999999865e-02 -4.369999999999999970e-04
2.100000000000000000e+01 2.100000000000000000e+01 6.000000000000000000e+01 0.000000000000000000e+00 1.600000000000000089e+00 -7.200000000000000453e-04 5.506999999999999743e-03 9.999850000000000128e-01 -9.526300000000000046e-02 9.954370000000000163e-01 -5.550000000000000246e-03 -9.954520000000000035e-01 -9.526600000000000346e-02 -1.930000000000000021e-04
2.700000000000000000e+01 2.100000000000000000e+01 6.000000000000000000e+01 0.000000000000000000e+00 1.600000000000000089e+00 7.799999999999999859e-04 -8.276000000000000370e-03 9.999649999999999928e-01 -9.632799999999999696e-02 9.953149999999999498e-01 8.312999999999999209e-03 -9.953490000000000393e-01 -9.633099999999999996e-02 -2.099999999999999884e-05
1.400000000000000000e+01 6.700000000000000000e+01 6.000000000000000000e+01 0.000000000000000000e+00 1.600000000000000089e+00 -8.130000000000000291e-04 -3.946999999999999988e-03 9.999919999999999920e-01 1.733260000000000078e-01 -9.848569999999999824e-01 -3.746000000000000198e-03 9.848639999999999617e-01 1.733220000000000038e-01 1.484999999999999992e-03
2.200000000000000000e+01 6.700000000000000000e+01 6.000000000000000000e+01 0.000000000000000000e+00 1.600000000000000089e+00 -1.360000000000000098e-03 -3.190999999999999826e-03 9.999940000000000495e-01 1.749729999999999897e-01 -9.845690000000000275e-01 -2.903999999999999897e-03 9.845720000000000027e-01 1.749670000000000114e-01 1.897999999999999948e-03
6.000000000000000000e+00 2.700000000000000000e+01 6.300000000000000000e+01 0.000000000000000000e+00 1.600000000000000089e+00 -1.740000000000000010e-04 -1.659999999999999963e-04 1.000000000000000000e+00 -2.752459999999999907e-01 9.613739999999999508e-01 1.119999999999999983e-04 -9.613739999999999508e-01 -2.752459999999999907e-01 -2.130000000000000003e-04
1.600000000000000000e+01 2.700000000000000000e+01 6.300000000000000000e+01 0.000000000000000000e+00 1.600000000000000089e+00 -4.040000000000000080e-04 -7.470000000000000511e-04 1.000000000000000000e+00 -2.746290000000000120e-01 9.615500000000000158e-01 6.080000000000000335e-04 -9.615500000000000158e-01 -2.746290000000000120e-01 -5.940000000000000184e-04
2.100000000000000000e+01 2.700000000000000000e+01 6.300000000000000000e+01 0.000000000000000000e+00 1.600000000000000089e+00 -1.064999999999999974e-03 -2.098000000000000038e-03 9.999970000000000248e-01 -2.755279999999999951e-01 9.612920000000000353e-01 1.722999999999999922e-03 -9.612929999999999531e-01 -2.755250000000000199e-01 -1.601999999999999908e-03
1.000000000000000000e+00 2.600000000000000000e+01 6.400000000000000000e+01 0.000000000000000000e+00 1.600000000000000089e+00 3.249999999999999851e-03 -4.301000000000000136e-03 9.999850000000000128e-01 -3.630120000000000013e-01 9.317699999999999871e-01 5.186999999999999771e-03 -9.317790000000000239e-01 -3.630229999999999846e-01 1.466999999999999988e-03
7.000000000000000000e+00 2.600000000000000000e+01 6.400000000000000000e+01 0.000000000000000000e+00 1.600000000000000089e+00 -7.849999999999999990e-04 -1.061000000000000094e-03 9.999989999999999712e-01 -3.645070000000000254e-01 9.312009999999999454e-01 7.020000000000000415e-04 -9.312000000000000277e-01 -3.645059999999999967e-01 -1.118000000000000070e-03
1.300000000000000000e+01 2.600000000000000000e+01 6.400000000000000000e+01 0.000000000000000000e+00 1.600000000000000089e+00 -1.069999999999999988e-04 -8.319999999999999488e-04 1.000000000000000000e+00 -3.650660000000000016e-01 9.309819999999999762e-01 7.360000000000000006e-04 -9.309819999999999762e-01 -3.650649999999999729e-01 -4.029999999999999837e-04
1.700000000000000000e+01 2.600000000000000000e+01 6.400000000000000000e+01 0.000000000000000000e+00 1.600000000000000089e+00 6.299999999999999990e-05 -1.361000000000000014e-03 9.999989999999999712e-01 -3.683660000000000267e-01 9.296799999999999509e-01 1.288999999999999998e-03 -9.296809999999999796e-01 -3.683660000000000267e-01 -4.429999999999999802e-04
2.100000000000000000e+01 2.600000000000000000e+01 6.400000000000000000e+01 0.000000000000000000e+00 1.600000000000000089e+00 -1.062000000000000010e-03 -1.582999999999999989e-03 9.999980000000000535e-01 -3.682849999999999735e-01 9.297119999999999829e-01 1.080000000000000014e-03 -9.297130000000000116e-01 -3.682830000000000270e-01 -1.570999999999999914e-03
1.200000000000000000e+01 6.900000000000000000e+01 6.600000000000000000e+01 0.000000000000000000e+00 1.600000000000000089e+00 -1.005999999999999950e-03 -1.497000000000000067e-03 9.999980000000000535e-01 -9.556360000000000410e-01 2.945510000000000073e-01 -5.209999999999999788e-04 -2.945499999999999785e-01 -9.556350000000000122e-01 -1.727000000000000019e-03
2.500000000000000000e+01 6.900000000000000000e+01 6.600000000000000000e+01 0.000000000000000000e+00 1.600000000000000089e+00 1.873000000000000099e-03 1.332000000000000068e-03 9.999970000000000248e-01 -9.532979999999999787e-01 3.020289999999999919e-01 1.384000000000000031e-03 -3.020260000000000167e-01 -9.532979999999999787e-01 1.835000000000000043e-03
4.000000000000000000e+00 2.500000000000000000e+01 7.300000000000000000e+01 0.000000000000000000e+00 1.600000000000000089e+00 -1.958000000000000105e-03 -4.534999999999999969e-03 9.999879999999999880e-01 7.517749999999999710e-01 -6.594179999999999486e-01 -1.518999999999999951e-03 6.594170000000000309e-01 7.517629999999999590e-01 4.701000000000000317e-03
7.000000000000000000e+00 2.500000000000000000e+01 7.300000000000000000e+01 0.000000000000000000e+00 1.600000000000000089e+00 -4.910000000000000085e-04 -4.819000000000000367e-03 9.999879999999999880e-01 7.532100000000000461e-01 -6.577739999999999698e-01 -2.798999999999999839e-03 6.577800000000000313e-01 7.531999999999999806e-01 3.952999999999999917e-03
1.200000000000000000e+01 2.500000000000000000e+01 7.300000000000000000e+01 0.000000000000000000e+00 1.600000000000000089e+00 5.240000000000000517e-04 -6.780000000000000002e-04 1.000000000000000000e+00 7.545049999999999812e-01 -6.562940000000000440e-01 -8.409999999999999507e-04 6.562940000000000440e-01 7.545049999999999812e-01 1.669999999999999935e-04
1.900000000000000000e+01 2.500000000000000000e+01 7.300000000000000000e+01 0.000000000000000000e+00 1.600000000000000089e+00 -7.150000000000000322e-04 1.123999999999999999e-03 9.999989999999999712e-01 7.572269999999999834e-01 -6.531500000000000083e-01 1.275000000000000092e-03 6.531510000000000371e-01 7.572269999999999834e-01 -3.840000000000000097e-04
2.400000000000000000e+01 2.500000000000000000e+01 7.300000000000000000e+01 0.000000000000000000e+00 1.600000000000000089e+00 1.779999999999999898e-03 1.337999999999999997e-03 9.999970000000000248e-01 7.574419999999999487e-01 -6.529019999999999824e-01 -4.739999999999999747e-04 6.529000000000000359e-01 7.574410000000000309e-01 -2.174999999999999850e-03
2.800000000000000000e+01 2.500000000000000000e+01 7.300000000000000000e+01 0.000000000000000000e+00 1.600000000000000089e+00 3.269999999999999903e-03 3.282000000000000195e-03 9.999890000000000168e-01 7.596019999999999994e-01 -6.503879999999999661e-01 -3.490000000000000263e-04 6.503799999999999581e-01 7.595950000000000202e-01 -4.619999999999999975e-03
4.000000000000000000e+00 4.400000000000000000e+01 7.300000000000000000e+01 0.000000000000000000e+00 1.600000000000000089e+00 1.438000000000000042e-03 4.508999999999999987e-03 9.999890000000000168e-01 5.371499999999999886e-02 -9.985460000000000447e-01 4.425000000000000114e-03 9.985549999999999704e-01 5.370799999999999880e-02 -1.678000000000000021e-03
1.000000000000000000e+01 4.400000000000000000e+01 7.300000000000000000e+01 0.000000000000000000e+00 1.600000000000000089e+00 1.062000000000000010e-03 2.720000000000000195e-03 9.999959999999999960e-01 5.622400000000000314e-02 -9.984150000000000524e-01 2.655999999999999941e-03 9.984180000000000277e-01 5.622100000000000014e-02 -1.213000000000000102e-03
1.700000000000000000e+01 4.400000000000000000e+01 7.300000000000000000e+01 0.000000000000000000e+00 1.600000000000000089e+00 -6.199999999999999999e-04 -3.288999999999999823e-03 9.999940000000000495e-01 5.412200000000000344e-02 -9.985289999999999999e-01 -3.249999999999999851e-03 9.985340000000000327e-01 5.411900000000000044e-02 7.969999999999999654e-04
2.100000000000000000e+01 4.400000000000000000e+01 7.300000000000000000e+01 0.000000000000000000e+00 1.600000000000000089e+00 6.930000000000000396e-04 -2.618000000000000101e-03 9.999959999999999960e-01 5.392099999999999671e-02 -9.985420000000000407e-01 -2.651999999999999844e-03 9.985450000000000159e-01 5.392299999999999871e-02 -5.500000000000000331e-04
2.600000000000000000e+01 4.400000000000000000e+01 7.300000000000000000e+01 0.000000000000000000e+00 1.600000000000000089e+00 4.629999999999999784e-04 1.459999999999999981e-04 1.000000000000000000e+00 5.811299999999999799e-02 -9.983100000000000307e-01 1.179999999999999951e-04 9.983100000000000307e-01 5.811299999999999799e-02 -4.699999999999999859e-04
2.000000000000000000e+00 9.100000000000000000e+01 7.600000000000000000e+01 0.000000000000000000e+00 1.600000000000000089e+00 1.415999999999999941e-03 2.236999999999999839e-03 9.999959999999999960e-01 3.179210000000000091e-01 -9.481159999999999588e-01 1.670999999999999959e-03 9.481159999999999588e-01 3.179170000000000051e-01 -2.053999999999999836e-03
5.000000000000000000e+00 9.100000000000000000e+01 7.600000000000000000e+01 0.000000000000000000e+00 1.600000000000000089e+00 4.829999999999999767e-04 1.402000000000000034e-03 9.999989999999999712e-01 3.241820000000000257e-01 -9.459940000000000015e-01 1.168999999999999900e-03 9.459950000000000303e-01 3.241809999999999969e-01 -9.120000000000000502e-04
9.000000000000000000e+00 9.100000000000000000e+01 7.600000000000000000e+01 0.000000000000000000e+00 1.600000000000000089e+00 -6.089999999999999494e-04 -8.630000000000000518e-04 9.999989999999999712e-01 3.205700000000000216e-01 -9.472249999999999837e-01 -6.220000000000000485e-04 9.472249999999999837e-01 3.205689999999999928e-01 8.540000000000000499e-04
1.200000000000000000e+01 9.100000000000000000e+01 7.600000000000000000e+01 0.000000000000000000e+00 1.600000000000000089e+00 1.500000000000000038e-05 -2.113999999999999994e-03 9.999980000000000535e-01 3.155020000000000047e-01 -9.489229999999999610e-01 -2.011000000000000201e-03 9.489250000000000185e-01 3.155020000000000047e-01 6.520000000000000188e-04
1.900000000000000000e+01 9.100000000000000000e+01 7.600000000000000000e+01 0.000000000000000000e+00 1.600000000000000089e+00 -2.118999999999999790e-03 1.291999999999999963e-03 9.999970000000000248e-01 3.114129999999999954e-01 -9.502730000000000343e-01 1.887999999999999921e-03 9.502720000000000056e-01 3.114160000000000261e-01 1.611999999999999935e-03
2.300000000000000000e+01 9.100000000000000000e+01 7.600000000000000000e+01 0.000000000000000000e+00 1.600000000000000089e+00 -2.709999999999999735e-04 -1.601999999999999908e-03 9.999989999999999712e-01 3.203320000000000056e-01 -9.473040000000000349e-01 -1.430999999999999980e-03 9.473049999999999526e-01 3.203309999999999769e-01 7.699999999999999597e-04
