1.100000000000000000e+01 1.900000000000000000e+01 5.000000000000000000e+00 0.000000000000000000e+00 1.600000000000000089e+00 2.849999999999999886e-04 -1.789999999999999870e-04 -1.000000000000000000e+00 -7.075190000000000090e-01 -7.066940000000000444e-01 -7.499999999999999343e-05 -7.066940000000000444e-01 7.075190000000000090e-01 -3.280000000000000038e-04
3.000000000000000000e+00 1.010000000000000000e+02 7.000000000000000000e+00 0.000000000000000000e+00 1.600000000000000089e+00 -5.540000000000000219e-04 -1.278100000000000069e-02 9.999179999999999735e-01 8.894370000000000331e-01 4.570139999999999758e-01 6.335000000000000353e-03 -4.570569999999999911e-01 8.893680000000000474e-01 1.111499999999999988e-02
1.400000000000000000e+01 1.010000000000000000e+02 7.000000000000000000e+00 0.000000000000000000e+00 1.600000000000000089e+00 6.989999999999999686e-04 -7.131000000000000186e-03 9.999740000000000295e-01 8.886469999999999647e-01 4.585850000000000204e-01 2.648999999999999879e-03 -4.585919999999999996e-01 8.886220000000000230e-01 6.657999999999999856e-03
2.100000000000000000e+01 1.010000000000000000e+02 7.000000000000000000e+00 0.000000000000000000e+00 1.600000000000000089e+00 1.242000000000000048e-03 9.641000000000000264e-03 9.999529999999999808e-01 8.891430000000000167e-01 4.575949999999999740e-01 -5.516000000000000070e-03 -4.576270000000000060e-01 8.891080000000000094e-01 -8.004000000000000697e-03
2.000000000000000000e+00 2.500000000000000000e+01 8.000000000000000000e+00 0.000000000000000000e+00 1.600000000000000089e+00 -1.469999999999999953e-04 -2.050999999999999872e-03 -9.999980000000000535e-01 4.366309999999999913e-01 8.996389999999999665e-01 -1.909000000000000107e-03 8.996410000000000240e-01 -4.366300000000000181e-01 7.630000000000000063e-04
1.100000000000000000e+01 2.500000000000000000e+01 8.000000000000000000e+00 0.000000000000000000e+00 1.600000000000000089e+00 -1.909000000000000107e-03 8.385000000000000092e-03 -9.999630000000000463e-01 4.364080000000000181e-01 8.997239999999999682e-01 6.712000000000000084e-03 8.997469999999999635e-01 -4.363790000000000169e-01 -5.376999999999999835e-03
1.700000000000000000e+01 2.500000000000000000e+01 8.000000000000000000e+00 0.000000000000000000e+00 1.600000000000000089e+00 -6.530000000000000431e-04 3.274000000000000000e-03 -9.999940000000000495e-01 4.366780000000000106e-01 8.996140000000000247e-01 2.660000000000000038e-03 8.996170000000000000e-01 -4.366740000000000066e-01 -2.017000000000000130e-03
2.000000000000000000e+01 2.500000000000000000e+01 8.000000000000000000e+00 0.000000000000000000e+00 1.600000000000000089e+00 -3.759999999999999779e-04 -1.194699999999999929e-02 -9.999289999999999567e-01 4.374120000000000230e-01 8.991949999999999665e-01 -1.090799999999999929e-02 8.992609999999999770e-01 -4.373850000000000238e-01 4.886999999999999851e-03
2.800000000000000000e+01 2.500000000000000000e+01 8.000000000000000000e+00 0.000000000000000000e+00 1.600000000000000089e+00 2.276999999999999944e-03 1.085999999999999943e-03 -9.999970000000000248e-01 4.376490000000000102e-01 8.991440000000000543e-01 1.972999999999999927e-03 8.991430000000000256e-01 -4.376519999999999855e-01 1.572999999999999962e-03
5.000000000000000000e+00 9.000000000000000000e+00 9.000000000000000000e+00 0.000000000000000000e+00 1.600000000000000089e+00 1.567599999999999896e-02 7.220999999999999988e-03 -9.998510000000000453e-01 -9.698600000000000554e-01 -2.430720000000000103e-01 -1.696100000000000038e-02 -2.431580000000000130e-01 9.699809999999999821e-01 3.193000000000000092e-03
1.100000000000000000e+01 9.000000000000000000e+00 9.000000000000000000e+00 0.000000000000000000e+00 1.600000000000000089e+00 2.599200000000000121e-02 1.519900000000000070e-02 -9.995469999999999633e-01 -9.741260000000000474e-01 -2.241700000000000081e-01 -2.873900000000000066e-02 -2.245050000000000101e-01 9.744310000000000471e-01 8.978999999999999135e-03
1.600000000000000000e+01 9.000000000000000000e+00 9.000000000000000000e+00 0.000000000000000000e+00 1.600000000000000089e+00 2.815300000000000094e-02 7.020000000000000198e-03 -9.995789999999999953e-01 -9.868529999999999802e-01 -1.590110000000000134e-01 -2.891099999999999920e-02 -1.591470000000000107e-01 9.872520000000000184e-01 2.451000000000000054e-03
2.000000000000000000e+00 2.400000000000000000e+01 9.000000000000000000e+00 0.000000000000000000e+00 1.600000000000000089e+00 -3.220000000000000206e-04 -1.698000000000000074e-03 -9.999989999999999712e-01 4.432710000000000261e-01 8.963860000000000161e-01 -1.663999999999999898e-03 8.963870000000000449e-01 -4.432710000000000261e-01 4.640000000000000027e-04
8.000000000000000000e+00 2.400000000000000000e+01 9.000000000000000000e+00 0.000000000000000000e+00 1.600000000000000089e+00 -1.487999999999999956e-03 1.227999999999999925e-03 -9.999980000000000535e-01 4.438920000000000088e-01 8.960799999999999876e-01 4.400000000000000157e-04 8.960789999999999589e-01 -4.438900000000000068e-01 -1.877999999999999895e-03
1.100000000000000000e+01 2.400000000000000000e+01 9.000000000000000000e+00 0.000000000000000000e+00 1.600000000000000089e+00 -1.025000000000000086e-03 2.462000000000000213e-03 -9.999959999999999960e-01 4.426470000000000127e-01 8.966939999999999911e-01 1.753999999999999917e-03 8.966950000000000198e-01 -4.426439999999999819e-01 -2.008999999999999935e-03
1.700000000000000000e+01 2.400000000000000000e+01 9.000000000000000000e+00 0.000000000000000000e+00 1.600000000000000089e+00 -6.909999999999999910e-04 2.752000000000000106e-03 -9.999959999999999960e-01 4.416930000000000023e-01 8.971639999999999615e-01 2.164000000000000125e-03 8.971660000000000190e-01 -4.416900000000000270e-01 -1.835000000000000043e-03
2.000000000000000000e+01 2.400000000000000000e+01 9.000000000000000000e+00 0.000000000000000000e+00 1.600000000000000089e+00 -8.009999999999999542e-04 -9.005000000000000851e-03 -9.999590000000000423e-01 4.425780000000000269e-01 8.966910000000000158e-01 -8.429000000000000728e-03 8.967300000000000271e-01 -4.425660000000000149e-01 3.266999999999999939e-03
2.400000000000000000e+01 2.400000000000000000e+01 9.000000000000000000e+00 0.000000000000000000e+00 1.600000000000000089e+00 6.509999999999999945e-04 -6.784000000000000100e-03 -9.999770000000000048e-01 4.442829999999999835e-01 8.958679999999999977e-01 -5.788999999999999875e-03 8.958859999999999602e-01 -4.442690000000000250e-01 3.598000000000000070e-03
2.700000000000000000e+01 2.400000000000000000e+01 9.000000000000000000e+00 0.000000000000000000e+00 1.600000000000000089e+00 1.895999999999999899e-03 1.991000000000000148e-03 -9.999959999999999960e-01 4.438909999999999800e-01 8.960770000000000124e-01 2.625999999999999862e-03 8.960789999999999589e-01 -4.438940000000000108e-01 8.159999999999999936e-04
3.000000000000000000e+00 4.000000000000000000e+00 1.100000000000000000e+01 0.000000000000000000e+00 1.600000000000000089e+00 -3.475999999999999923e-03 1.196799999999999947e-02 9.999219999999999775e-01 1.335220000000000018e-01 -9.909689999999999888e-01 1.232499999999999915e-02 9.910400000000000320e-01 1.335550000000000070e-01 1.845999999999999985e-03
6.000000000000000000e+00 4.000000000000000000e+00 1.100000000000000000e+01 0.000000000000000000e+00 1.600000000000000089e+00 -3.384999999999999988e-03 1.374099999999999974e-02 9.999000000000000110e-01 1.356110000000000093e-01 -9.906620000000000426e-01 1.407300000000000044e-02 9.907559999999999700e-01 1.356449999999999878e-01 1.490000000000000005e-03
1.700000000000000000e+01 2.800000000000000000e+01 1.300000000000000000e+01 0.000000000000000000e+00 1.600000000000000089e+00 -7.810000000000000102e-04 3.531900000000000317e-02 9.993760000000000421e-01 -4.768700000000000022e-02 9.982379999999999587e-01 -3.531600000000000017e-02 -9.988620000000000276e-01 -4.768499999999999822e-02 9.039999999999999642e-04
1.900000000000000000e+01 2.800000000000000000e+01 1.300000000000000000e+01 0.000000000000000000e+00 1.600000000000000089e+00 -4.853999999999999808e-03 -5.755699999999999705e-02 9.983300000000000507e-01 -6.081600000000000200e-02 9.965110000000000356e-01 5.715599999999999847e-02 -9.981370000000000520e-01 -6.043699999999999767e-02 -8.337000000000000660e-03
1.100000000000000000e+01 2.900000000000000000e+01 1.300000000000000000e+01 0.000000000000000000e+00 1.600000000000000089e+00 1.799699999999999911e-02 2.696839999999999793e-01 9.627809999999999979e-01 -1.621500000000000025e-02 9.628889999999999949e-01 -2.694110000000000116e-01 -9.997070000000000123e-01 -1.076300000000000000e-02 2.170199999999999907e-02
1.700000000000000000e+01 1.200000000000000000e+01 1.600000000000000000e+01 0.000000000000000000e+00 1.600000000000000089e+00 -3.784000000000000037e-03 2.594000000000000125e-02 9.996559999999999890e-01 2.826670000000000016e-01 -9.588670000000000249e-01 2.595199999999999937e-02 9.592110000000000358e-01 2.826679999999999748e-01 -3.703999999999999827e-03
2.300000000000000000e+01 1.200000000000000000e+01 1.600000000000000000e+01 0.000000000000000000e+00 1.600000000000000089e+00 -5.969999999999999829e-04 -4.310000000000000137e-04 1.000000000000000000e+00 2.733619999999999939e-01 -9.619109999999999605e-01 -2.509999999999999753e-04 9.619109999999999605e-01 2.733619999999999939e-01 6.920000000000000153e-04
2.700000000000000000e+01 1.200000000000000000e+01 1.600000000000000000e+01 0.000000000000000000e+00 1.600000000000000089e+00 3.125000000000000173e-03 -1.157000000000000042e-02 9.999280000000000390e-01 2.678050000000000153e-01 -9.633990000000000054e-01 -1.198399999999999986e-02 9.634679999999999911e-01 2.678229999999999777e-01 8.799999999999999771e-05
1.300000000000000000e+01 1.160000000000000000e+02 1.600000000000000000e+01 0.000000000000000000e+00 1.600000000000000089e+00 8.409999999999999507e-04 2.843000000000000041e-03 9.999959999999999960e-01 7.743430000000000035e-01 6.327620000000000466e-01 -2.449999999999999921e-03 -6.327660000000000506e-01 7.743409999999999460e-01 -1.668999999999999911e-03
2.300000000000000000e+01 1.160000000000000000e+02 1.600000000000000000e+01 0.000000000000000000e+00 1.600000000000000089e+00 1.206999999999999957e-03 1.849999999999999973e-04 9.999989999999999712e-01 7.659650000000000070e-01 6.428810000000000358e-01 -1.044000000000000006e-03 -6.428810000000000358e-01 7.659660000000000357e-01 6.340000000000000149e-04
2.700000000000000000e+01 1.160000000000000000e+02 1.600000000000000000e+01 0.000000000000000000e+00 1.600000000000000089e+00 3.452999999999999906e-03 3.507999999999999834e-03 9.999879999999999880e-01 7.711919999999999886e-01 6.365840000000000387e-01 -4.896000000000000178e-03 -6.365939999999999932e-01 7.711989999999999679e-01 -5.079999999999999880e-04
2.700000000000000000e+01 3.400000000000000000e+01 1.800000000000000000e+01 0.000000000000000000e+00 1.600000000000000089e+00 9.522400000000000309e-02 2.109280000000000044e-01 9.728520000000000501e-01 -9.942990000000000439e-01 -2.695200000000000026e-02 1.031669999999999948e-01 4.798100000000000281e-02 -9.771300000000000541e-01 2.071590000000000098e-01
1.600000000000000000e+01 2.000000000000000000e+00 1.900000000000000000e+01 0.000000000000000000e+00 1.600000000000000089e+00 -3.093999999999999962e-03 2.865799999999999945e-02 -9.995840000000000281e-01 3.474740000000000051e-01 -9.372730000000000228e-01 -2.794699999999999962e-02 -9.376849999999999907e-01 -3.474160000000000026e-01 -7.058000000000000038e-03
2.500000000000000000e+01 2.000000000000000000e+00 1.900000000000000000e+01 0.000000000000000000e+00 1.600000000000000089e+00 -4.090000000000000211e-04 2.216999999999999787e-03 -9.999970000000000248e-01 3.382979999999999876e-01 -9.410370000000000124e-01 -2.223999999999999849e-03 -9.410389999999999588e-01 -3.382979999999999876e-01 -3.649999999999999816e-04
5.000000000000000000e+00 3.000000000000000000e+00 1.900000000000000000e+01 0.000000000000000000e+00 1.600000000000000089e+00 -1.933000000000000039e-03 1.516999999999999946e-02 -9.998829999999999663e-01 3.449030000000000151e-01 -9.385200000000000209e-01 -1.490600000000000085e-02 -9.386360000000000259e-01 -3.448919999999999764e-01 -3.418000000000000031e-03
1.000000000000000000e+01 3.000000000000000000e+00 1.900000000000000000e+01 0.000000000000000000e+00 1.600000000000000089e+00 -3.648999999999999900e-03 1.714500000000000052e-02 -9.998460000000000125e-01 3.443780000000000174e-01 -9.386710000000000331e-01 -1.735300000000000037e-02 -9.388239999999999919e-01 -3.443880000000000274e-01 -2.478999999999999867e-03
1.300000000000000000e+01 3.000000000000000000e+00 1.900000000000000000e+01 0.000000000000000000e+00 1.600000000000000089e+00 -4.186999999999999750e-03 2.256800000000000125e-02 -9.997369999999999868e-01 3.420790000000000219e-01 -9.393979999999999553e-01 -2.263899999999999940e-02 -9.396619999999999973e-01 -3.420839999999999992e-01 -3.787000000000000002e-03
1.800000000000000000e+01 3.000000000000000000e+00 1.900000000000000000e+01 0.000000000000000000e+00 1.600000000000000089e+00 -1.760000000000000063e-03 2.304900000000000004e-02 -9.997329999999999828e-01 3.368050000000000210e-01 -9.413099999999999801e-01 -2.229499999999999885e-02 -9.415729999999999933e-01 -3.367539999999999978e-01 -6.106000000000000316e-03
6.000000000000000000e+00 4.000000000000000000e+00 2.000000000000000000e+01 0.000000000000000000e+00 1.600000000000000089e+00 -1.160000000000000007e-03 1.351800000000000050e-02 -9.999080000000000190e-01 3.789879999999999916e-01 -9.253109999999999946e-01 -1.294900000000000044e-02 -9.254010000000000291e-01 -3.789680000000000271e-01 -4.049999999999999781e-03
1.200000000000000000e+01 4.000000000000000000e+00 2.000000000000000000e+01 0.000000000000000000e+00 1.600000000000000089e+00 -3.432999999999999854e-03 1.894399999999999903e-02 -9.998150000000000093e-01 3.849230000000000151e-01 -9.227570000000000494e-01 -1.880599999999999980e-02 -9.229420000000000401e-01 -3.849170000000000091e-01 -4.124000000000000062e-03
1.900000000000000000e+01 4.000000000000000000e+00 2.000000000000000000e+01 0.000000000000000000e+00 1.600000000000000089e+00 -1.002000000000000069e-03 2.142300000000000107e-02 -9.997700000000000475e-01 3.872590000000000199e-01 -9.217509999999999870e-01 -2.014000000000000165e-02 -9.219699999999999562e-01 -3.871899999999999786e-01 -7.373000000000000213e-03
2.300000000000000000e+01 4.000000000000000000e+00 2.000000000000000000e+01 0.000000000000000000e+00 1.600000000000000089e+00 -1.820000000000000057e-04 1.018299999999999934e-02 -9.999479999999999480e-01 3.877280000000000171e-01 -9.217250000000000165e-01 -9.457000000000000128e-03 -9.217739999999999823e-01 -3.877090000000000258e-01 -3.779999999999999940e-03
4.000000000000000000e+00 1.300000000000000000e+01 2.000000000000000000e+01 0.000000000000000000e+00 1.600000000000000089e+00 -1.649999999999999991e-04 -2.707999999999999904e-03 9.999959999999999960e-01 2.605339999999999878e-01 9.654610000000000136e-01 2.658000000000000206e-03 -9.654650000000000176e-01 2.605330000000000146e-01 5.460000000000000443e-04
8.000000000000000000e+00 1.300000000000000000e+01 2.000000000000000000e+01 0.000000000000000000e+00 1.600000000000000089e+00 1.180999999999999975e-03 -4.297999999999999737e-03 9.999900000000000455e-01 2.607809999999999850e-01 9.653899999999999704e-01 3.840999999999999796e-03 -9.653969999999999496e-01 2.607740000000000058e-01 2.260999999999999989e-03
1.200000000000000000e+01 1.300000000000000000e+01 2.000000000000000000e+01 0.000000000000000000e+00 1.600000000000000089e+00 1.815999999999999906e-03 -1.384999999999999946e-03 9.999970000000000248e-01 2.601280000000000259e-01 9.655740000000000434e-01 8.649999999999999920e-04 -9.655719999999999859e-01 2.601260000000000239e-01 2.112999999999999861e-03
1.800000000000000000e+01 1.300000000000000000e+01 2.000000000000000000e+01 0.000000000000000000e+00 1.600000000000000089e+00 1.240000000000000054e-04 1.510999999999999973e-03 9.999989999999999712e-01 2.623050000000000104e-01 9.649839999999999529e-01 -1.490000000000000005e-03 -9.649849999999999817e-01 2.623050000000000104e-01 -2.759999999999999867e-04
2.500000000000000000e+01 1.300000000000000000e+01 2.000000000000000000e+01 0.000000000000000000e+00 1.600000000000000089e+00 -6.409999999999999682e-04 6.440000000000000412e-04 1.000000000000000000e+00 2.636020000000000030e-01 9.646310000000000162e-01 -4.519999999999999821e-04 -9.646310000000000162e-01 2.636020000000000030e-01 -7.879999999999999635e-04
4.000000000000000000e+00 1.600000000000000000e+01 2.100000000000000000e+01 0.000000000000000000e+00 1.600000000000000089e+00 -2.759999999999999867e-04 -3.531999999999999983e-03 9.999940000000000495e-01 2.972099999999999742e-01 9.548060000000000436e-01 3.454000000000000039e-03 -9.548119999999999941e-01 2.972090000000000010e-01 7.870000000000000476e-04
2.800000000000000000e+01 1.600000000000000000e+01 2.100000000000000000e+01 0.000000000000000000e+00 1.600000000000000089e+00 -3.879999999999999985e-04 3.983999999999999694e-03 9.999919999999999920e-01 2.952830000000000177e-01 9.554030000000000022e-01 -3.691999999999999969e-03 -9.554099999999999815e-01 2.952799999999999869e-01 -1.547999999999999897e-03
2.000000000000000000e+00 2.000000000000000000e+00 2.500000000000000000e+01 0.000000000000000000e+00 1.600000000000000089e+00 -8.999999999999999320e-03 1.734199999999999978e-02 9.998089999999999478e-01 8.073500000000000121e-02 -9.965730000000000421e-01 1.801300000000000123e-02 9.966949999999999976e-01 8.088199999999999557e-02 7.569000000000000207e-03
5.000000000000000000e+00 2.000000000000000000e+00 2.500000000000000000e+01 0.000000000000000000e+00 1.600000000000000089e+00 -7.492999999999999661e-03 1.568699999999999956e-02 9.998489999999999878e-01 8.436699999999999755e-02 -9.963020000000000209e-01 1.626299999999999968e-02 9.964070000000000427e-01 8.447599999999999554e-02 6.141999999999999890e-03
1.200000000000000000e+01 3.000000000000000000e+00 2.500000000000000000e+01 0.000000000000000000e+00 1.600000000000000089e+00 -5.069999999999999854e-03 1.709099999999999855e-02 9.998409999999999798e-01 1.021700000000000039e-02 -9.998010000000000508e-01 1.714200000000000099e-02 9.999350000000000183e-01 1.030200000000000039e-02 4.893999999999999913e-03
1.600000000000000000e+01 3.000000000000000000e+00 2.500000000000000000e+01 0.000000000000000000e+00 1.600000000000000089e+00 -6.093999999999999591e-03 2.290299999999999975e-02 9.997190000000000243e-01 1.580700000000000160e-02 -9.996110000000000273e-01 2.299700000000000008e-02 9.998559999999999670e-01 1.594299999999999884e-02 5.729999999999999850e-03
2.300000000000000000e+01 3.000000000000000000e+00 2.500000000000000000e+01 0.000000000000000000e+00 1.600000000000000089e+00 -3.606999999999999963e-03 6.336999999999999751e-03 9.999730000000000008e-01 2.033499999999999891e-02 -9.997730000000000228e-01 6.408999999999999767e-03 9.997869999999999813e-01 2.035800000000000110e-02 3.478000000000000189e-03
2.700000000000000000e+01 3.000000000000000000e+00 2.500000000000000000e+01 0.000000000000000000e+00 1.600000000000000089e+00 3.555000000000000000e-03 -4.470000000000000015e-03 9.999839999999999840e-01 3.332800000000000346e-02 -9.994340000000000446e-01 -4.585999999999999799e-03 9.994380000000000486e-01 3.334299999999999764e-02 -3.403999999999999908e-03
1.800000000000000000e+01 3.000000000000000000e+01 2.500000000000000000e+01 0.000000000000000000e+00 1.600000000000000089e+00 -2.234800000000000120e-01 -8.220999999999999142e-03 9.746740000000000403e-01 -9.741570000000000507e-01 -3.174300000000000038e-02 -2.236289999999999945e-01 3.277700000000000058e-02 -9.994619999999999616e-01 -9.150000000000000147e-04
1.600000000000000000e+01 3.100000000000000000e+01 2.500000000000000000e+01 0.000000000000000000e+00 1.600000000000000089e+00 -3.081280000000000130e-01 5.639299999999999868e-02 9.496719999999999606e-01 -9.476639999999999509e-01 6.953800000000000259e-02 -3.116050000000000209e-01 -8.361100000000000476e-02 -9.959839999999999804e-01 3.201500000000000179e-02
2.700000000000000000e+01 2.900000000000000000e+01 2.600000000000000000e+01 0.000000000000000000e+00 1.600000000000000089e+00 2.964000000000000055e-03 2.518799999999999858e-02 -9.996779999999999555e-01 1.426659999999999873e-01 -9.894680000000000142e-01 -2.450799999999999854e-02 -9.897669999999999524e-01 -1.425470000000000070e-01 -6.525999999999999683e-03
1.100000000000000000e+01 4.600000000000000000e+01 2.700000000000000000e+01 0.000000000000000000e+00 1.600000000000000089e+00 -4.676999999999999734e-03 -2.500000000000000052e-03 -9.999860000000000415e-01 6.788910000000000222e-01 7.342220000000000413e-01 -5.009999999999999697e-03 7.342239999999999878e-01 -6.789049999999999807e-01 -1.735999999999999913e-03
3.000000000000000000e+00 4.600000000000000000e+01 3.000000000000000000e+01 0.000000000000000000e+00 1.600000000000000089e+00 -2.119999999999999923e-03 -1.701999999999999954e-03 -9.999959999999999960e-01 3.324590000000000045e-01 9.431150000000000366e-01 -2.309999999999999987e-03 9.431150000000000366e-01 -3.324630000000000085e-01 -1.433999999999999945e-03
2.800000000000000000e+01 4.700000000000000000e+01 3.100000000000000000e+01 0.000000000000000000e+00 1.600000000000000089e+00 2.259000000000000157e-03 -1.703310000000000102e-01 9.853840000000000376e-01 2.149069999999999869e-01 9.624449999999999950e-01 1.658739999999999937e-01 -9.766319999999999446e-01 2.113909999999999956e-01 3.877900000000000097e-02
2.000000000000000000e+00 5.800000000000000000e+01 3.100000000000000000e+01 0.000000000000000000e+00 1.600000000000000089e+00 -7.529999999999999801e-04 -5.753999999999999566e-03 9.999829999999999552e-01 -8.115179999999999616e-01 -5.843140000000000001e-01 -3.972999999999999969e-03 5.843270000000000408e-01 -8.115069999999999784e-01 -4.230000000000000253e-03
6.000000000000000000e+00 5.800000000000000000e+01 3.100000000000000000e+01 0.000000000000000000e+00 1.600000000000000089e+00 5.179999999999999709e-03 3.043999999999999831e-03 9.999820000000000375e-01 -8.114460000000000006e-01 -5.843970000000000553e-01 5.982000000000000338e-03 5.844040000000000346e-01 -8.114620000000000166e-01 -5.580000000000000107e-04
2.500000000000000000e+01 3.200000000000000000e+01 3.300000000000000000e+01 0.000000000000000000e+00 1.600000000000000089e+00 8.037800000000000500e-02 -8.772800000000000042e-02 -9.928960000000000008e-01 1.397980000000000056e-01 -9.852809999999999624e-01 9.837200000000000111e-02 -9.869120000000000115e-01 -1.467120000000000091e-01 -6.693000000000000338e-02
9.000000000000000000e+00 4.300000000000000000e+01 3.400000000000000000e+01 0.000000000000000000e+00 1.600000000000000089e+00 -1.129999999999999955e-04 -1.895999999999999899e-03 -9.999980000000000535e-01 -3.259279999999999955e-01 9.453930000000000389e-01 -1.755999999999999965e-03 9.453949999999999854e-01 3.259270000000000223e-01 -7.249999999999999500e-04
7.000000000000000000e+00 4.600000000000000000e+01 3.500000000000000000e+01 0.000000000000000000e+00 1.600000000000000089e+00 3.179999999999999776e-04 7.440999999999999698e-03 -9.999719999999999720e-01 3.897019999999999929e-01 -9.209159999999999568e-01 -6.728999999999999738e-03 -9.209410000000000096e-01 -3.896890000000000076e-01 -3.193000000000000092e-03
1.200000000000000000e+01 4.600000000000000000e+01 3.500000000000000000e+01 0.000000000000000000e+00 1.600000000000000089e+00 -1.118000000000000070e-03 -2.959999999999999958e-03 -9.999949999999999672e-01 3.908820000000000072e-01 -9.204379999999999784e-01 2.288000000000000103e-03 -9.204400000000000359e-01 -3.908780000000000032e-01 2.186000000000000009e-03
1.500000000000000000e+01 4.600000000000000000e+01 3.500000000000000000e+01 0.000000000000000000e+00 1.600000000000000089e+00 -1.810000000000000085e-04 -4.512000000000000385e-03 -9.999900000000000455e-01 3.919690000000000119e-01 -9.199690000000000367e-01 4.080000000000000293e-03 -9.199779999999999625e-01 -3.919639999999999791e-01 1.935000000000000088e-03
2.100000000000000000e+01 4.600000000000000000e+01 3.500000000000000000e+01 0.000000000000000000e+00 1.600000000000000089e+00 4.360000000000000269e-04 6.628399999999999570e-02 -9.978010000000000490e-01 3.951569999999999805e-01 -9.166050000000000031e-01 -6.071800000000000114e-02 -9.186130000000000129e-01 -3.942620000000000013e-01 -2.659299999999999858e-02
1.900000000000000000e+01 9.500000000000000000e+01 3.600000000000000000e+01 0.000000000000000000e+00 1.600000000000000089e+00 3.409000000000000138e-03 7.842999999999999278e-03 9.999630000000000463e-01 9.970830000000000526e-01 7.622299999999999909e-02 -3.996999999999999685e-03 -7.625200000000000033e-02 9.970599999999999463e-01 -7.559999999999999880e-03
1.100000000000000000e+01 2.000000000000000000e+00 4.200000000000000000e+01 0.000000000000000000e+00 1.600000000000000089e+00 3.713999999999999854e-03 -4.135999999999999920e-03 -9.999850000000000128e-01 7.349719999999999587e-01 -6.780749999999999833e-01 5.533999999999999857e-03 -6.780869999999999953e-01 -7.349809999999999954e-01 5.220000000000000031e-04
9.000000000000000000e+00 3.000000000000000000e+00 4.300000000000000000e+01 0.000000000000000000e+00 1.600000000000000089e+00 4.392000000000000071e-03 1.572399999999999839e-02 -9.998669999999999503e-01 7.336340000000000083e-01 -6.795039999999999969e-01 -7.463000000000000016e-03 -6.795299999999999674e-01 -7.335040000000000449e-01 -1.451999999999999992e-02
1.200000000000000000e+01 3.000000000000000000e+00 4.300000000000000000e+01 0.000000000000000000e+00 1.600000000000000089e+00 1.098999999999999934e-03 -5.793000000000000406e-03 -9.999829999999999552e-01 7.332079999999999709e-01 -6.799880000000000368e-01 4.745000000000000086e-03 -6.800040000000000529e-01 -7.331999999999999629e-01 3.500000000000000073e-03
1.800000000000000000e+01 3.000000000000000000e+00 4.300000000000000000e+01 0.000000000000000000e+00 1.600000000000000089e+00 -5.897000000000000332e-03 -9.017999999999999974e-03 -9.999419999999999975e-01 7.347129999999999495e-01 -6.783759999999999790e-01 1.784999999999999911e-03 -6.783529999999999838e-01 -7.346589999999999510e-01 1.062600000000000003e-02
2.700000000000000000e+01 3.000000000000000000e+00 4.300000000000000000e+01 0.000000000000000000e+00 1.600000000000000089e+00 -1.291000000000000047e-03 -6.781999999999999834e-03 -9.999759999999999760e-01 7.320659999999999945e-01 -6.812240000000000517e-01 3.674999999999999881e-03 -6.812329999999999774e-01 -7.320429999999999993e-01 5.844000000000000236e-03
2.000000000000000000e+00 2.900000000000000000e+01 4.400000000000000000e+01 0.000000000000000000e+00 1.600000000000000089e+00 -3.144000000000000093e-03 -4.151000000000000176e-03 -9.999860000000000415e-01 6.539040000000000408e-01 7.565600000000000103e-01 -5.196000000000000098e-03 7.565709999999999935e-01 -6.539110000000000200e-01 3.350000000000000113e-04
8.000000000000000000e+00 2.900000000000000000e+01 4.400000000000000000e+01 0.000000000000000000e+00 1.600000000000000089e+00 -2.340000000000000066e-03 1.044999999999999922e-03 -9.999970000000000248e-01 6.591690000000000049e-01 7.519949999999999690e-01 -7.560000000000000530e-04 7.519919999999999938e-01 -6.591679999999999762e-01 -2.448999999999999788e-03
1.000000000000000000e+01 2.900000000000000000e+01 4.400000000000000000e+01 0.000000000000000000e+00 1.600000000000000089e+00 -1.115000000000000106e-03 8.869999999999999846e-04 -9.999989999999999712e-01 6.598490000000000189e-01 7.513980000000000103e-01 -6.899999999999999667e-05 7.513969999999999816e-01 -6.598479999999999901e-01 -1.423000000000000003e-03
1.600000000000000000e+01 2.900000000000000000e+01 4.400000000000000000e+01 0.000000000000000000e+00 1.600000000000000089e+00 2.322999999999999978e-03 4.101999999999999744e-03 -9.999890000000000168e-01 6.491350000000000176e-01 7.606589999999999741e-01 4.629000000000000302e-03 7.606699999999999573e-01 -6.491390000000000216e-01 -8.949999999999999623e-04
2.000000000000000000e+01 2.900000000000000000e+01 4.400000000000000000e+01 0.000000000000000000e+00 1.600000000000000089e+00 -4.823000000000000030e-03 7.200000000000000453e-04 -9.999879999999999880e-01 6.384640000000000315e-01 7.696469999999999700e-01 -2.524999999999999901e-03 7.696370000000000156e-01 -6.384689999999999532e-01 -4.171000000000000228e-03
1.600000000000000000e+01 6.000000000000000000e+00 5.100000000000000000e+01 0.000000000000000000e+00 1.600000000000000089e+00 3.936000000000000262e-03 2.994000000000000133e-03 -9.999879999999999880e-01 3.150760000000000227e-01 -9.490650000000000475e-01 -1.601999999999999908e-03 -9.490579999999999572e-01 -3.150660000000000127e-01 -4.678999999999999999e-03
1.000000000000000000e+01 1.150000000000000000e+02 5.100000000000000000e+01 0.000000000000000000e+00 1.600000000000000089e+00 -9.259999999999999568e-04 2.559999999999999884e-04 1.000000000000000000e+00 8.467550000000000354e-01 -5.319829999999999837e-01 9.200000000000000278e-04 5.319829999999999837e-01 8.467550000000000354e-01 2.759999999999999867e-04
1.500000000000000000e+01 1.150000000000000000e+02 5.100000000000000000e+01 0.000000000000000000e+00 1.600000000000000089e+00 2.449999999999999921e-04 1.297999999999999892e-03 9.999989999999999712e-01 8.475819999999999466e-01 -5.306640000000000246e-01 4.809999999999999823e-04 5.306640000000000246e-01 8.475810000000000288e-01 -1.229999999999999974e-03
1.000000000000000000e+01 7.000000000000000000e+00 5.200000000000000000e+01 0.000000000000000000e+00 1.600000000000000089e+00 -6.260000000000000373e-04 -8.369999999999999619e-04 -9.999989999999999712e-01 8.552700000000000580e-02 -9.963359999999999994e-01 7.810000000000000102e-04 -9.963359999999999994e-01 -8.552600000000000480e-02 6.949999999999999798e-04
1.900000000000000000e+01 7.000000000000000000e+00 5.200000000000000000e+01 0.000000000000000000e+00 1.600000000000000089e+00 5.505999999999999610e-03 -2.103999999999999967e-03 -9.999829999999999552e-01 9.636200000000000321e-02 -9.953429999999999778e-01 2.625000000000000163e-03 -9.953309999999999658e-01 -9.637500000000000233e-02 -5.277999999999999706e-03
3.000000000000000000e+01 7.000000000000000000e+00 5.200000000000000000e+01 0.000000000000000000e+00 1.600000000000000089e+00 2.690000000000000117e-03 -2.945999999999999834e-03 -9.999919999999999920e-01 1.189390000000000031e-01 -9.928960000000000008e-01 3.246000000000000187e-03 -9.928979999999999473e-01 -1.189459999999999962e-01 -2.320000000000000014e-03
3.000000000000000000e+00 1.600000000000000000e+01 5.200000000000000000e+01 0.000000000000000000e+00 1.600000000000000089e+00 -2.975000000000000214e-03 -1.307000000000000002e-03 -9.999949999999999672e-01 7.746279999999999832e-01 6.324100000000000277e-01 -3.131000000000000102e-03 6.324100000000000277e-01 -7.746330000000000160e-01 -8.689999999999999808e-04
4.000000000000000000e+00 6.300000000000000000e+01 5.400000000000000000e+01 0.000000000000000000e+00 1.600000000000000089e+00 1.396000000000000105e-03 -5.694000000000000276e-03 9.999829999999999552e-01 -3.553769999999999984e-01 9.347050000000000081e-01 5.819000000000000387e-03 -9.347220000000000528e-01 -3.553790000000000004e-01 -7.190000000000000210e-04
8.000000000000000000e+00 6.300000000000000000e+01 5.400000000000000000e+01 0.000000000000000000e+00 1.600000000000000089e+00 3.379999999999999758e-04 -1.115000000000000106e-03 9.999989999999999712e-01 -3.542120000000000268e-01 9.351639999999999953e-01 1.162999999999999971e-03 -9.351650000000000240e-01 -3.542120000000000268e-01 -7.899999999999999579e-05
1.200000000000000000e+01 6.300000000000000000e+01 5.400000000000000000e+01 0.000000000000000000e+00 1.600000000000000089e+00 -2.480000000000000000e-03 6.220000000000000485e-04 9.999970000000000248e-01 -3.520929999999999893e-01 9.359640000000000182e-01 -1.454999999999999913e-03 -9.359619999999999607e-01 -3.520949999999999913e-01 -2.102000000000000136e-03
2.100000000000000000e+01 6.300000000000000000e+01 5.400000000000000000e+01 0.000000000000000000e+00 1.600000000000000089e+00 -4.040000000000000080e-04 2.622999999999999898e-03 9.999959999999999960e-01 -3.461980000000000057e-01 9.381580000000000474e-01 -2.601000000000000013e-03 -9.381610000000000227e-01 -3.461980000000000057e-01 5.289999999999999564e-04
2.300000000000000000e+01 6.300000000000000000e+01 5.400000000000000000e+01 0.000000000000000000e+00 1.600000000000000089e+00 7.269999999999999987e-04 3.989999999999999623e-03 9.999919999999999920e-01 -3.493680000000000119e-01 9.369790000000000063e-01 -3.484000000000000118e-03 -9.369849999999999568e-01 -3.493629999999999791e-01 2.075000000000000022e-03
3.000000000000000000e+00 2.500000000000000000e+01 5.500000000000000000e+01 0.000000000000000000e+00 1.600000000000000089e+00 8.300000000000000086e-04 -1.599999999999999928e-05 -1.000000000000000000e+00 -1.262800000000000034e-02 -9.999200000000000310e-01 6.000000000000000152e-06 -9.999200000000000310e-01 1.262800000000000034e-02 -8.310000000000000329e-04
1.600000000000000000e+01 2.500000000000000000e+01 5.500000000000000000e+01 0.000000000000000000e+00 1.600000000000000089e+00 -2.069999999999999900e-04 2.412000000000000081e-03 -9.999970000000000248e-01 -1.138899999999999982e-02 -9.999320000000000430e-01 -2.409000000000000117e-03 -9.999350000000000183e-01 1.138899999999999982e-02 2.339999999999999958e-04
4.000000000000000000e+00 2.100000000000000000e+01 6.000000000000000000e+01 0.000000000000000000e+00 1.600000000000000089e+00 -1.013999999999999927e-03 2.237999999999999972e-03 9.999970000000000248e-01 -9.582499999999999352e-02 9.953959999999999475e-01 -2.324999999999999810e-03 -9.953980000000000050e-01 -9.582699999999999552e-02 -7.950000000000000252e-04
8.000000000000000000e+00 2.100000000000000000e+01 6.000000000000000000e+01 0.000000000000000000e+00 1.600000000000000089e+00 -5.569999999999999864e-04 2.601000000000000013e-03 9.999959999999999960e-01 -9.379099999999999937e-02 9.955880000000000285e-01 -2.641000000000000118e-03 -9.955920000000000325e-01 -9.379300000000000137e-02 -3.110000000000000243e-04
1.600000000000000000e+01 2.100000000000000000e+01 6.000000000000000000e+01 0.000000000000000000e+00 1.600000000000000089e+00 1.423000000000000003e-03 -8.954000000000000153e-03 9.999590000000000423e-01 -9.824600000000000000e-02 9.951210000000000333e-01 9.050000000000000752e-03 -9.951609999999999623e-01 -9.825499999999999512e-02 5.360000000000000181e-04
2.200000000000000000e+01 2.100000000000000000e+01 6.000000000000000000e+01 0.000000000000000000e+00 1.600000000000000089e+00 -8.130000000000000291e-04 5.786000000000000344e-03 9.999829999999999552e-01 -9.819999999999999563e-02 9.951499999999999790e-01 -5.838000000000000307e-03 -9.951659999999999950e-01 -9.820399999999999963e-02 -2.410000000000000033e-04
2.900000000000000000e+01 2.100000000000000000e+01 6.000000000000000000e+01 0.000000000000000000e+00 1.600000000000000089e+00 -1.144000000000000052e-03 -5.354000000000000252e-03 9.999850000000000128e-01 -9.595199999999999563e-02 9.953720000000000345e-01 5.218999999999999681e-03 -9.953849999999999643e-01 -9.594400000000000150e-02 -1.652000000000000040e-03
2.100000000000000000e+01 6.700000000000000000e+01 6.000000000000000000e+01 0.000000000000000000e+00 1.600000000000000089e+00 2.739999999999999814e-03 5.080999999999999579e-03 9.999829999999999552e-01 1.795549999999999924e-01 -9.837380000000000013e-01 4.505999999999999589e-03 9.837439999999999518e-01 1.795400000000000051e-01 -3.608000000000000096e-03
3.000000000000000000e+00 3.000000000000000000e+00 6.300000000000000000e+01 0.000000000000000000e+00 1.600000000000000089e+00 -2.393999999999999861e-03 -6.352000000000000007e-03 9.999770000000000048e-01 -6.141210000000000280e-01 7.892040000000000166e-01 3.543000000000000142e-03 -7.892080000000000206e-01 -6.140989999999999505e-01 -5.790000000000000008e-03
1.100000000000000000e+01 3.000000000000000000e+00 6.300000000000000000e+01 0.000000000000000000e+00 1.600000000000000089e+00 2.317000000000000049e-03 -5.271999999999999777e-03 9.999829999999999552e-01 -6.154079999999999551e-01 7.881890000000000285e-01 5.581000000000000023e-03 -7.882050000000000445e-01 -6.154110000000000413e-01 -1.417999999999999990e-03
1.000000000000000000e+00 2.700000000000000000e+01 6.300000000000000000e+01 0.000000000000000000e+00 1.600000000000000089e+00 8.570000000000000144e-04 -1.679999999999999907e-04 1.000000000000000000e+00 -2.736950000000000216e-01 9.618160000000000043e-01 3.959999999999999762e-04 -9.618160000000000043e-01 -2.736959999999999948e-01 7.780000000000000457e-04
6.000000000000000000e+00 2.700000000000000000e+01 6.300000000000000000e+01 0.000000000000000000e+00 1.600000000000000089e+00 1.167000000000000069e-03 1.711000000000000064e-03 9.999980000000000535e-01 -2.748140000000000027e-01 9.614960000000000173e-01 -1.324000000000000090e-03 -9.614970000000000461e-01 -2.748120000000000007e-01 1.593000000000000015e-03
1.100000000000000000e+01 2.700000000000000000e+01 6.300000000000000000e+01 0.000000000000000000e+00 1.600000000000000089e+00 9.849999999999999815e-04 5.186999999999999771e-03 9.999860000000000415e-01 -2.747800000000000242e-01 9.614960000000000173e-01 -4.716999999999999839e-03 -9.615070000000000006e-01 -2.747709999999999875e-01 2.371999999999999977e-03
1.500000000000000000e+01 2.700000000000000000e+01 6.300000000000000000e+01 0.000000000000000000e+00 1.600000000000000089e+00 -1.461000000000000059e-03 -3.367999999999999900e-03 9.999930000000000208e-01 -2.706089999999999884e-01 9.626850000000000129e-01 2.847000000000000138e-03 -9.626879999999999882e-01 -2.706029999999999824e-01 -2.318000000000000182e-03
2.800000000000000000e+01 2.700000000000000000e+01 6.300000000000000000e+01 0.000000000000000000e+00 1.600000000000000089e+00 2.709000000000000036e-03 -7.113999999999999664e-03 9.999710000000000543e-01 -2.745420000000000083e-01 9.615449999999999831e-01 7.583999999999999596e-03 -9.615709999999999535e-01 -2.745549999999999935e-01 6.520000000000000188e-04
3.000000000000000000e+00 2.600000000000000000e+01 6.400000000000000000e+01 0.000000000000000000e+00 1.600000000000000089e+00 1.093999999999999920e-03 -2.139999999999999975e-03 9.999970000000000248e-01 -3.678370000000000251e-01 9.298870000000000191e-01 2.392000000000000029e-03 -9.298889999999999656e-01 -3.678390000000000271e-01 2.300000000000000070e-04
1.000000000000000000e+01 2.600000000000000000e+01 6.400000000000000000e+01 0.000000000000000000e+00 1.600000000000000089e+00 1.283999999999999985e-03 6.701000000000000359e-03 9.999770000000000048e-01 -3.662759999999999905e-01 9.304879999999999818e-01 -5.765000000000000159e-03 -9.305050000000000265e-01 -3.662599999999999745e-01 3.648999999999999900e-03
1.800000000000000000e+01 2.600000000000000000e+01 6.400000000000000000e+01 0.000000000000000000e+00 1.600000000000000089e+00 -8.289999999999999843e-04 -4.317999999999999790e-03 9.999900000000000455e-01 -3.646829999999999794e-01 9.311239999999999517e-01 3.717999999999999951e-03 -9.311310000000000420e-01 -3.646760000000000002e-01 -2.347000000000000128e-03
2.900000000000000000e+01 2.600000000000000000e+01 6.400000000000000000e+01 0.000000000000000000e+00 1.600000000000000089e+00 3.827999999999999806e-03 -4.577000000000000339e-03 9.999820000000000375e-01 -3.675189999999999846e-01 9.299990000000000201e-01 5.662999999999999631e-03 -9.300079999999999458e-01 -3.675340000000000273e-01 1.877999999999999895e-03
1.000000000000000000e+01 6.900000000000000000e+01 6.600000000000000000e+01 0.000000000000000000e+00 1.600000000000000089e+00 -5.190000000000000169e-03 3.163000000000000013e-03 9.999820000000000375e-01 -9.489560000000000217e-01 3.153520000000000212e-01 -5.923000000000000313e-03 -3.153650000000000064e-01 -9.489699999999999802e-01 1.364999999999999894e-03
1.400000000000000000e+01 6.900000000000000000e+01 6.600000000000000000e+01 0.000000000000000000e+00 1.600000000000000089e+00 -4.433000000000000308e-03 4.310000000000000137e-04 9.999900000000000455e-01 -9.496750000000000469e-01 3.132070000000000132e-01 -4.344999999999999904e-03 -3.132059999999999844e-01 -9.496850000000000014e-01 -9.790000000000000525e-04
