1.000000000000000000e+00 2.500000000000000000e+01 1.000000000000000000e+00 0.000000000000000000e+00 1.600000000000000089e+00 5.951999999999999826e-03 2.963599999999999915e-02 -9.995429999999999593e-01 -5.290869999999999740e-01 -8.480959999999999610e-01 -2.829600000000000171e-02 -8.485470000000000512e-01 5.290129999999999555e-01 1.063099999999999982e-02
1.700000000000000000e+01 2.500000000000000000e+01 1.000000000000000000e+00 0.000000000000000000e+00 1.600000000000000089e+00 1.075000000000000001e-03 -1.123999999999999999e-03 -9.999989999999999712e-01 -5.272860000000000325e-01 -8.496879999999999988e-01 3.879999999999999985e-04 -8.496869999999999701e-01 5.272850000000000037e-01 -1.505999999999999960e-03
3.000000000000000000e+00 1.500000000000000000e+01 4.000000000000000000e+00 0.000000000000000000e+00 1.600000000000000089e+00 5.249000000000000193e-03 8.408999999999999808e-03 9.999510000000000343e-01 3.260449999999999737e-01 -9.453329999999999789e-01 6.237999999999999622e-03 9.453399999999999581e-01 3.259969999999999812e-01 -7.702999999999999778e-03
1.200000000000000000e+01 1.500000000000000000e+01 4.000000000000000000e+00 0.000000000000000000e+00 1.600000000000000089e+00 -1.000999999999999937e-03 4.375999999999999682e-03 9.999900000000000455e-01 3.279110000000000080e-01 -9.446980000000000377e-01 4.461999999999999821e-03 9.447079999999999922e-01 3.279119999999999813e-01 -4.899999999999999842e-04
1.800000000000000000e+01 1.500000000000000000e+01 4.000000000000000000e+00 0.000000000000000000e+00 1.600000000000000089e+00 6.269999999999999532e-04 1.100000000000000039e-04 1.000000000000000000e+00 3.283079999999999887e-01 -9.445710000000000495e-01 -1.019999999999999992e-04 9.445710000000000495e-01 3.283079999999999887e-01 -6.290000000000000018e-04
2.100000000000000000e+01 1.500000000000000000e+01 4.000000000000000000e+00 0.000000000000000000e+00 1.600000000000000089e+00 -6.319999999999999663e-04 3.429000000000000190e-03 9.999940000000000495e-01 3.286180000000000212e-01 -9.444569999999999910e-01 3.445999999999999844e-03 9.444630000000000525e-01 3.286180000000000212e-01 -5.299999999999999807e-04
2.700000000000000000e+01 1.500000000000000000e+01 4.000000000000000000e+00 0.000000000000000000e+00 1.600000000000000089e+00 -9.250000000000000409e-04 -9.489999999999999738e-04 9.999989999999999712e-01 3.257050000000000223e-01 -9.454709999999999503e-01 -5.959999999999999586e-04 9.454709999999999503e-01 3.257050000000000223e-01 1.183999999999999940e-03
5.000000000000000000e+00 1.010000000000000000e+02 7.000000000000000000e+00 0.000000000000000000e+00 1.600000000000000089e+00 -2.062500000000000097e-02 4.334199999999999858e-02 9.988470000000000404e-01 8.753950000000000342e-01 4.833999999999999964e-01 -2.899999999999999800e-03 -4.829689999999999817e-01 8.743260000000000476e-01 -4.791100000000000220e-02
1.400000000000000000e+01 1.010000000000000000e+02 7.000000000000000000e+00 0.000000000000000000e+00 1.600000000000000089e+00 2.497600000000000167e-02 -6.767900000000000305e-02 9.973940000000000028e-01 8.806610000000000271e-01 4.736389999999999767e-01 1.008700000000000048e-02 -4.730880000000000085e-01 8.781149999999999789e-01 7.143199999999999550e-02
5.000000000000000000e+00 2.500000000000000000e+01 8.000000000000000000e+00 0.000000000000000000e+00 1.600000000000000089e+00 -3.099999999999999999e-04 6.788999999999999896e-03 -9.999770000000000048e-01 4.523179999999999978e-01 8.918369999999999909e-01 5.913999999999999986e-03 8.918570000000000109e-01 -4.523059999999999858e-01 -3.347000000000000149e-03
1.000000000000000000e+01 2.500000000000000000e+01 8.000000000000000000e+00 0.000000000000000000e+00 1.600000000000000089e+00 1.800000000000000046e-05 -3.069000000000000113e-03 -9.999949999999999672e-01 4.519469999999999876e-01 8.920409999999999728e-01 -2.729999999999999788e-03 8.920449999999999768e-01 -4.519440000000000124e-01 1.402999999999999950e-03
1.300000000000000000e+01 2.500000000000000000e+01 8.000000000000000000e+00 0.000000000000000000e+00 1.600000000000000089e+00 -2.820000000000000241e-04 -3.377999999999999926e-03 -9.999940000000000495e-01 4.530710000000000015e-01 8.914689999999999559e-01 -3.138999999999999863e-03 8.914739999999999887e-01 -4.530689999999999995e-01 1.278999999999999972e-03
1.600000000000000000e+01 2.500000000000000000e+01 8.000000000000000000e+00 0.000000000000000000e+00 1.600000000000000089e+00 -5.569999999999999864e-04 -3.753999999999999958e-03 -9.999930000000000208e-01 4.532939999999999747e-01 8.913539999999999797e-01 -3.598000000000000070e-03 8.913609999999999589e-01 -4.532930000000000015e-01 1.204999999999999908e-03
2.500000000000000000e+01 2.500000000000000000e+01 8.000000000000000000e+00 0.000000000000000000e+00 1.600000000000000089e+00 -2.210999999999999858e-03 4.583000000000000268e-03 -9.999869999999999592e-01 4.515529999999999822e-01 8.922390000000000043e-01 3.090999999999999998e-03 8.922419999999999796e-01 -4.515399999999999969e-01 -4.041999999999999586e-03
3.000000000000000000e+01 2.500000000000000000e+01 8.000000000000000000e+00 0.000000000000000000e+00 1.600000000000000089e+00 -5.723999999999999921e-03 5.795999999999999937e-03 -9.999670000000000503e-01 4.479639999999999733e-01 8.940479999999999539e-01 2.618000000000000101e-03 8.940329999999999666e-01 -4.479339999999999988e-01 -7.714000000000000370e-03
6.000000000000000000e+00 2.400000000000000000e+01 9.000000000000000000e+00 0.000000000000000000e+00 1.600000000000000089e+00 2.900000000000000017e-05 4.651999999999999885e-03 -9.999890000000000168e-01 4.546580000000000066e-01 8.906560000000000032e-01 4.157000000000000105e-03 8.906659999999999577e-01 -4.546540000000000026e-01 -2.089999999999999844e-03
1.000000000000000000e+01 2.400000000000000000e+01 9.000000000000000000e+00 0.000000000000000000e+00 1.600000000000000089e+00 -1.069999999999999988e-04 -4.210000000000000200e-03 -9.999909999999999632e-01 4.542479999999999851e-01 8.908669999999999645e-01 -3.798999999999999860e-03 8.908749999999999725e-01 -4.542450000000000099e-01 1.817000000000000039e-03
1.300000000000000000e+01 2.400000000000000000e+01 9.000000000000000000e+00 0.000000000000000000e+00 1.600000000000000089e+00 -4.889999999999999599e-04 -3.408000000000000005e-03 -9.999940000000000495e-01 4.550509999999999833e-01 8.904600000000000293e-01 -3.256999999999999913e-03 8.904649999999999510e-01 -4.550500000000000100e-01 1.115000000000000106e-03
1.700000000000000000e+01 2.400000000000000000e+01 9.000000000000000000e+00 0.000000000000000000e+00 1.600000000000000089e+00 -7.029999999999999574e-04 -3.883999999999999866e-03 -9.999919999999999920e-01 4.559099999999999819e-01 8.900179999999999758e-01 -3.776999999999999975e-03 8.900259999999999838e-01 -4.559090000000000087e-01 1.144999999999999967e-03
2.400000000000000000e+01 2.400000000000000000e+01 9.000000000000000000e+00 0.000000000000000000e+00 1.600000000000000089e+00 -1.453999999999999997e-03 4.440999999999999635e-03 -9.999890000000000168e-01 4.567350000000000021e-01 8.895969999999999711e-01 3.285999999999999859e-03 8.896020000000000039e-01 -4.567249999999999921e-01 -3.321999999999999866e-03
3.000000000000000000e+00 1.200000000000000000e+01 1.000000000000000000e+01 0.000000000000000000e+00 1.600000000000000089e+00 1.770000000000000089e-03 7.088999999999999815e-03 -9.999730000000000008e-01 -5.532639999999999780e-01 -8.329769999999999675e-01 -6.884999999999999627e-03 -8.330039999999999667e-01 5.532620000000000315e-01 2.448000000000000089e-03
2.000000000000000000e+00 4.000000000000000000e+00 1.100000000000000000e+01 0.000000000000000000e+00 1.600000000000000089e+00 2.348700000000000093e-02 -1.335089999999999888e-01 -9.907690000000000108e-01 1.223709999999999937e-01 9.839740000000000153e-01 -1.296920000000000017e-01 9.922060000000000324e-01 -1.181949999999999945e-01 3.944799999999999696e-02
1.000000000000000000e+01 4.000000000000000000e+00 1.100000000000000000e+01 0.000000000000000000e+00 1.600000000000000089e+00 3.339600000000000207e-02 -2.200469999999999926e-01 -9.749170000000000336e-01 1.241889999999999938e-01 9.688149999999999817e-01 -2.144159999999999955e-01 9.916960000000000219e-01 -1.139130000000000004e-01 5.968099999999999794e-02
2.900000000000000000e+01 4.000000000000000000e+00 1.100000000000000000e+01 0.000000000000000000e+00 1.600000000000000089e+00 1.677999999999999978e-02 -1.778909999999999936e-01 -9.839069999999999760e-01 1.229610000000000009e-01 9.769430000000000058e-01 -1.745349999999999957e-01 9.922699999999999854e-01 -1.180530000000000052e-01 3.826700000000000240e-02
4.000000000000000000e+00 3.100000000000000000e+01 1.200000000000000000e+01 0.000000000000000000e+00 1.600000000000000089e+00 4.600000000000000004e-05 -1.437399999999999962e-02 9.998970000000000358e-01 -2.697400000000000145e-02 9.995330000000000048e-01 1.437000000000000083e-02 -9.996359999999999690e-01 -2.697199999999999945e-02 -3.409999999999999945e-04
1.100000000000000000e+01 3.100000000000000000e+01 1.200000000000000000e+01 0.000000000000000000e+00 1.600000000000000089e+00 1.067999999999999939e-03 9.717999999999999208e-03 9.999519999999999520e-01 -1.948599999999999985e-02 9.997629999999999573e-01 -9.695000000000000492e-03 -9.998099999999999765e-01 -1.947499999999999926e-02 1.257000000000000088e-03
2.000000000000000000e+01 3.100000000000000000e+01 1.200000000000000000e+01 0.000000000000000000e+00 1.600000000000000089e+00 2.590999999999999987e-03 5.513999999999999804e-03 9.999810000000000088e-01 -7.209000000000000130e-03 9.999590000000000423e-01 -5.494999999999999885e-03 -9.999710000000000543e-01 -7.193999999999999874e-03 2.631000000000000092e-03
1.500000000000000000e+01 3.500000000000000000e+01 1.200000000000000000e+01 0.000000000000000000e+00 1.600000000000000089e+00 1.052499999999999963e-02 -1.248699999999999984e-02 -9.998669999999999503e-01 4.849649999999999794e-01 -8.743870000000000253e-01 1.602500000000000105e-02 -8.744699999999999696e-01 -4.850689999999999724e-01 -3.147000000000000058e-03
2.000000000000000000e+01 3.500000000000000000e+01 1.200000000000000000e+01 0.000000000000000000e+00 1.600000000000000089e+00 5.637999999999999783e-03 -1.474999999999999966e-03 -9.999829999999999552e-01 5.124109999999999498e-01 -8.587299999999999933e-01 4.155999999999999972e-03 -8.587219999999999853e-01 -5.124260000000000481e-01 -4.086000000000000222e-03
2.600000000000000000e+01 3.500000000000000000e+01 1.200000000000000000e+01 0.000000000000000000e+00 1.600000000000000089e+00 -6.513999999999999825e-03 4.580000000000000195e-04 -9.999789999999999512e-01 4.899299999999999766e-01 -8.717549999999999466e-01 -3.591000000000000008e-03 -8.717380000000000129e-01 -4.899430000000000174e-01 5.453999999999999647e-03
1.400000000000000000e+01 1.200000000000000000e+01 1.500000000000000000e+01 0.000000000000000000e+00 1.600000000000000089e+00 1.440199999999999987e-02 -2.497900000000000120e-02 -9.995840000000000281e-01 -4.934649999999999870e-01 -8.696430000000000549e-01 1.462199999999999958e-02 -8.696460000000000301e-01 4.930490000000000150e-01 -2.485000000000000056e-02
2.300000000000000000e+01 1.200000000000000000e+01 1.500000000000000000e+01 0.000000000000000000e+00 1.600000000000000089e+00 -8.639999999999999677e-04 -1.252900000000000021e-02 -9.999209999999999487e-01 -4.775150000000000228e-01 -8.785490000000000244e-01 1.141999999999999960e-02 -8.786230000000000429e-01 4.774880000000000235e-01 -5.224000000000000345e-03
6.000000000000000000e+00 4.000000000000000000e+00 2.000000000000000000e+01 0.000000000000000000e+00 1.600000000000000089e+00 -1.273999999999999959e-02 3.676399999999999807e-02 -9.992429999999999923e-01 2.450779999999999903e-01 -9.687280000000000335e-01 -3.876600000000000185e-02 -9.694199999999999484e-01 -2.453869999999999940e-01 3.331999999999999892e-03
1.300000000000000000e+01 4.000000000000000000e+00 2.000000000000000000e+01 0.000000000000000000e+00 1.600000000000000089e+00 -6.099000000000000254e-03 9.809000000000000011e-03 -9.999329999999999607e-01 2.403160000000000018e-01 -9.706320000000000503e-01 -1.098700000000000024e-02 -9.706749999999999545e-01 -2.403669999999999973e-01 3.562000000000000062e-03
2.000000000000000000e+01 4.000000000000000000e+00 2.000000000000000000e+01 0.000000000000000000e+00 1.600000000000000089e+00 5.390999999999999959e-03 -1.734499999999999931e-02 -9.998350000000000293e-01 1.791739999999999999e-01 -9.836519999999999708e-01 1.803000000000000089e-02 -9.838029999999999831e-01 -1.792410000000000114e-01 -2.194999999999999903e-03
4.000000000000000000e+00 1.300000000000000000e+01 2.000000000000000000e+01 0.000000000000000000e+00 1.600000000000000089e+00 -9.870000000000000301e-03 -2.422699999999999854e-02 9.996580000000000465e-01 2.562309999999999865e-01 9.662669999999999870e-01 2.594700000000000131e-02 -9.665650000000000075e-01 2.563989999999999880e-01 -3.330000000000000061e-03
7.000000000000000000e+00 1.300000000000000000e+01 2.000000000000000000e+01 0.000000000000000000e+00 1.600000000000000089e+00 -2.679199999999999984e-02 -6.175100000000000033e-02 9.977319999999999522e-01 2.779039999999999844e-01 9.582859999999999712e-01 6.677199999999999802e-02 -9.602349999999999497e-01 2.790619999999999767e-01 -8.514000000000000734e-03
2.300000000000000000e+01 1.300000000000000000e+01 2.000000000000000000e+01 0.000000000000000000e+00 1.600000000000000089e+00 2.920100000000000126e-02 8.681999999999999440e-02 9.957960000000000145e-01 2.629799999999999915e-01 9.604580000000000339e-01 -9.145000000000000351e-02 -9.643589999999999662e-01 2.645440000000000014e-01 5.215000000000000017e-03
8.000000000000000000e+00 1.400000000000000000e+01 2.000000000000000000e+01 0.000000000000000000e+00 1.600000000000000089e+00 -2.696000000000000132e-02 -7.838000000000000522e-02 9.965589999999999726e-01 2.609949999999999770e-01 9.617909999999999515e-01 8.270600000000000174e-02 -9.649630000000000152e-01 2.623269999999999769e-01 -5.472999999999999567e-03
1.700000000000000000e+01 1.400000000000000000e+01 2.000000000000000000e+01 0.000000000000000000e+00 1.600000000000000089e+00 7.034000000000000322e-03 -1.234200000000000054e-02 9.998989999999999823e-01 2.718579999999999885e-01 9.622859999999999747e-01 9.964999999999999900e-03 -9.623119999999999452e-01 2.717609999999999748e-01 1.012399999999999932e-02
4.000000000000000000e+00 1.600000000000000000e+01 2.100000000000000000e+01 0.000000000000000000e+00 1.600000000000000089e+00 -4.826999999999999694e-03 -1.449399999999999994e-02 9.998829999999999663e-01 3.001710000000000211e-01 9.537630000000000274e-01 1.527500000000000038e-02 -9.538729999999999709e-01 3.002090000000000036e-01 -2.530000000000000239e-04
1.000000000000000000e+01 1.600000000000000000e+01 2.100000000000000000e+01 0.000000000000000000e+00 1.600000000000000089e+00 -2.629599999999999993e-02 -1.108549999999999952e-01 9.934889999999999555e-01 3.326270000000000060e-01 9.362310000000000354e-01 1.132699999999999957e-01 -9.426919999999999744e-01 3.334389999999999854e-01 1.225399999999999927e-02
1.800000000000000000e+01 1.600000000000000000e+01 2.100000000000000000e+01 0.000000000000000000e+00 1.600000000000000089e+00 1.302599999999999938e-02 3.193000000000000092e-03 9.999099999999999655e-01 3.367800000000000238e-01 9.415540000000000020e-01 -7.394000000000000399e-03 -9.414930000000000243e-01 3.368459999999999788e-01 1.118899999999999929e-02
2.500000000000000000e+01 1.600000000000000000e+01 2.100000000000000000e+01 0.000000000000000000e+00 1.600000000000000089e+00 1.195300000000000008e-02 3.899099999999999788e-02 9.991679999999999451e-01 3.035329999999999973e-01 9.519480000000000164e-01 -4.077999999999999681e-02 -9.527459999999999818e-01 3.037679999999999825e-01 -4.560000000000000251e-04
2.900000000000000000e+01 1.600000000000000000e+01 2.100000000000000000e+01 0.000000000000000000e+00 1.600000000000000089e+00 1.601999999999999908e-03 6.144000000000000156e-03 9.999799999999999800e-01 2.981460000000000221e-01 9.544989999999999863e-01 -6.342000000000000415e-03 -9.545190000000000063e-01 2.981500000000000261e-01 -3.020000000000000223e-04
2.000000000000000000e+01 4.600000000000000000e+01 2.700000000000000000e+01 0.000000000000000000e+00 1.600000000000000089e+00 -2.722000000000000027e-03 1.600999999999999993e-03 -9.999949999999999672e-01 6.743449999999999722e-01 7.384159999999999613e-01 -6.539999999999999590e-04 7.384110000000000396e-01 -6.743430000000000257e-01 -3.089999999999999865e-03
2.900000000000000000e+01 4.600000000000000000e+01 2.700000000000000000e+01 0.000000000000000000e+00 1.600000000000000089e+00 -1.962000000000000202e-03 -3.422000000000000128e-03 -9.999919999999999920e-01 6.696109999999999562e-01 7.427019999999999733e-01 -3.856000000000000053e-03 7.427089999999999526e-01 -6.696140000000000425e-01 8.350000000000000217e-04
1.000000000000000000e+00 4.600000000000000000e+01 3.000000000000000000e+01 0.000000000000000000e+00 1.600000000000000089e+00 -1.371000000000000040e-03 -3.921000000000000006e-03 -9.999909999999999632e-01 3.254500000000000171e-01 9.455500000000000016e-01 -4.153999999999999707e-03 9.455580000000000096e-01 -3.254529999999999923e-01 -2.000000000000000164e-05
2.600000000000000000e+01 1.600000000000000000e+01 3.100000000000000000e+01 0.000000000000000000e+00 1.600000000000000089e+00 8.578299999999999814e-02 -5.462500000000000133e-01 -8.332180000000000142e-01 -4.768819999999999726e-01 7.117670000000000385e-01 -5.157249999999999890e-01 8.747709999999999653e-01 4.415870000000000073e-01 -1.994390000000000052e-01
6.000000000000000000e+00 5.800000000000000000e+01 3.100000000000000000e+01 0.000000000000000000e+00 1.600000000000000089e+00 -6.780000000000000002e-04 -3.870999999999999875e-03 9.999919999999999920e-01 -7.745570000000000510e-01 -6.324969999999999759e-01 -2.972999999999999948e-03 6.325039999999999552e-01 -7.745530000000000470e-01 -2.569999999999999802e-03
1.100000000000000000e+01 5.800000000000000000e+01 3.100000000000000000e+01 0.000000000000000000e+00 1.600000000000000089e+00 5.107999999999999693e-03 6.226999999999999896e-03 9.999679999999999680e-01 -7.773280000000000189e-01 -6.290459999999999940e-01 7.887999999999999179e-03 6.290750000000000508e-01 -7.773430000000000062e-01 1.628000000000000107e-03
1.500000000000000000e+01 5.800000000000000000e+01 3.100000000000000000e+01 0.000000000000000000e+00 1.600000000000000089e+00 8.196000000000000160e-03 9.426000000000000351e-03 9.999219999999999775e-01 -7.783010000000000206e-01 -6.277709999999999679e-01 1.229700000000000064e-02 6.278380000000000072e-01 -7.783409999999999496e-01 2.190999999999999805e-03
1.900000000000000000e+01 5.800000000000000000e+01 3.100000000000000000e+01 0.000000000000000000e+00 1.600000000000000089e+00 3.880000000000000202e-03 1.281000000000000021e-03 9.999919999999999920e-01 -7.785109999999999530e-01 -6.276190000000000380e-01 3.824000000000000142e-03 6.276190000000000380e-01 -7.785189999999999610e-01 -1.438000000000000042e-03
2.100000000000000000e+01 5.800000000000000000e+01 3.100000000000000000e+01 0.000000000000000000e+00 1.600000000000000089e+00 1.794999999999999938e-03 -4.389999999999999914e-04 9.999980000000000535e-01 -7.765520000000000200e-01 -6.300519999999999454e-01 1.118000000000000070e-03 6.300499999999999989e-01 -7.765530000000000488e-01 -1.472000000000000001e-03
2.500000000000000000e+01 5.800000000000000000e+01 3.100000000000000000e+01 0.000000000000000000e+00 1.600000000000000089e+00 -4.429999999999999910e-03 -6.786999999999999630e-03 9.999670000000000503e-01 -7.693529999999999536e-01 -6.387760000000000105e-01 -7.744000000000000015e-03 6.388080000000000425e-01 -7.693619999999999903e-01 -2.392000000000000029e-03
3.000000000000000000e+01 5.800000000000000000e+01 3.100000000000000000e+01 0.000000000000000000e+00 1.600000000000000089e+00 -1.061899999999999997e-02 -1.754199999999999857e-02 9.997899999999999565e-01 -7.665990000000000304e-01 -6.418329999999999869e-01 -1.940400000000000111e-02 6.420379999999999976e-01 -7.666439999999999921e-01 -6.631999999999999874e-03
1.800000000000000000e+01 5.000000000000000000e+00 3.200000000000000000e+01 0.000000000000000000e+00 1.600000000000000089e+00 1.612570000000000114e-01 -8.793250000000000233e-01 -4.480890000000000151e-01 -6.811399999999999677e-01 2.293949999999999878e-01 -6.952890000000000459e-01 7.141739999999999755e-01 4.173310000000000075e-01 -5.619520000000000071e-01
1.600000000000000000e+01 5.000000000000000000e+00 3.300000000000000000e+01 0.000000000000000000e+00 1.600000000000000089e+00 1.148710000000000009e-01 -9.729280000000000150e-01 -2.005399999999999960e-01 -6.941720000000000113e-01 6.578699999999999826e-02 -7.167970000000000175e-01 7.105850000000000222e-01 2.215479999999999949e-01 -6.678220000000000267e-01
2.000000000000000000e+01 8.000000000000000000e+00 3.400000000000000000e+01 0.000000000000000000e+00 1.600000000000000089e+00 2.075420000000000043e-01 -9.109479999999999800e-01 -3.565119999999999956e-01 -7.100020000000000220e-01 1.104289999999999994e-01 -6.954869999999999663e-01 6.729209999999999914e-01 3.974670000000000147e-01 -6.238559999999999661e-01
2.300000000000000000e+01 9.000000000000000000e+00 3.400000000000000000e+01 0.000000000000000000e+00 1.600000000000000089e+00 2.434969999999999912e-01 -8.337329999999999464e-01 -4.955800000000000205e-01 -7.266690000000000094e-01 1.815990000000000104e-01 -6.625510000000000010e-01 6.423870000000000413e-01 5.214520000000000266e-01 -5.616290000000000449e-01
2.200000000000000000e+01 2.600000000000000000e+01 3.500000000000000000e+01 0.000000000000000000e+00 1.600000000000000089e+00 3.122920000000000140e-01 5.628140000000000365e-01 7.653200000000000003e-01 -6.790199999999999569e-01 -4.311699999999999977e-01 5.941579999999999639e-01 6.643829999999999458e-01 -7.052180000000000115e-01 2.475120000000000098e-01
4.000000000000000000e+00 4.600000000000000000e+01 3.500000000000000000e+01 0.000000000000000000e+00 1.600000000000000089e+00 -4.820000000000000066e-04 7.323999999999999781e-03 -9.999730000000000008e-01 3.910449999999999759e-01 -9.203449999999999687e-01 -6.929000000000000263e-03 -9.203710000000000502e-01 -3.910379999999999967e-01 -2.419999999999999842e-03
1.100000000000000000e+01 4.600000000000000000e+01 3.500000000000000000e+01 0.000000000000000000e+00 1.600000000000000089e+00 3.350000000000000113e-04 1.933000000000000039e-03 -9.999980000000000535e-01 3.915159999999999751e-01 -9.201700000000000434e-01 -1.647999999999999942e-03 -9.201709999999999612e-01 -3.915139999999999731e-01 -1.064999999999999974e-03
1.600000000000000000e+01 4.600000000000000000e+01 3.500000000000000000e+01 0.000000000000000000e+00 1.600000000000000089e+00 2.024000000000000191e-03 -7.934999999999999346e-03 -9.999670000000000503e-01 3.899219999999999908e-01 -9.208119999999999639e-01 8.096000000000000765e-03 -9.208460000000000534e-01 -3.899250000000000216e-01 1.229999999999999974e-03
2.000000000000000000e+01 4.600000000000000000e+01 3.500000000000000000e+01 0.000000000000000000e+00 1.600000000000000089e+00 1.025000000000000086e-03 -1.127099999999999977e-02 -9.999360000000000470e-01 3.900589999999999891e-01 -9.207269999999999621e-01 1.077799999999999939e-02 -9.207889999999999686e-01 -3.900449999999999751e-01 3.452999999999999906e-03
2.500000000000000000e+01 4.600000000000000000e+01 3.500000000000000000e+01 0.000000000000000000e+00 1.600000000000000089e+00 -1.080000000000000014e-03 -7.986999999999999308e-03 -9.999679999999999680e-01 3.892160000000000064e-01 -9.211209999999999676e-01 6.936000000000000325e-03 -9.211460000000000203e-01 -3.891950000000000132e-01 4.102999999999999876e-03
2.300000000000000000e+01 1.100000000000000000e+01 3.600000000000000000e+01 0.000000000000000000e+00 1.600000000000000089e+00 2.099219999999999975e-01 -9.144360000000000266e-01 -3.460340000000000082e-01 -7.260710000000000219e-01 9.122299999999999853e-02 -6.815409999999999524e-01 6.547920000000000407e-01 3.943150000000000266e-01 -6.447960000000000358e-01
2.200000000000000000e+01 2.700000000000000000e+01 3.600000000000000000e+01 0.000000000000000000e+00 1.600000000000000089e+00 3.497040000000000148e-01 3.832180000000000031e-01 8.548989999999999645e-01 -6.968870000000000342e-01 -5.034690000000000554e-01 5.107530000000000125e-01 6.261440000000000339e-01 -7.743799999999999573e-01 9.099400000000000543e-02
2.000000000000000000e+00 9.500000000000000000e+01 3.600000000000000000e+01 0.000000000000000000e+00 1.600000000000000089e+00 -7.910799999999999776e-02 8.227700000000000291e-02 9.934650000000000425e-01 9.967869999999999786e-01 -6.060000000000000282e-03 7.987400000000000055e-02 1.259200000000000076e-02 9.965910000000000046e-01 -8.153299999999999437e-02
2.100000000000000000e+01 1.100000000000000000e+01 3.700000000000000000e+01 0.000000000000000000e+00 1.600000000000000089e+00 1.725230000000000097e-01 -9.385440000000000449e-01 -2.989499999999999935e-01 -7.146919999999999940e-01 8.958000000000000684e-02 -6.936790000000000456e-01 6.778279999999999861e-01 3.333320000000000172e-01 -6.553160000000000096e-01
2.400000000000000000e+01 1.200000000000000000e+01 3.700000000000000000e+01 0.000000000000000000e+00 1.600000000000000089e+00 1.844999999999999973e-01 -9.308370000000000255e-01 -3.154390000000000249e-01 -7.370240000000000125e-01 8.128799999999999915e-02 -6.709600000000000009e-01 6.501959999999999962e-01 3.562790000000000123e-01 -6.710509999999999531e-01
1.500000000000000000e+01 2.200000000000000000e+01 3.700000000000000000e+01 0.000000000000000000e+00 1.600000000000000089e+00 7.681240000000000290e-01 -3.303019999999999845e-01 5.485309999999999908e-01 -6.308420000000000138e-01 -2.436830000000000107e-01 7.366519999999999735e-01 -1.096499999999999975e-01 -9.118770000000000486e-01 -3.955469999999999819e-01
2.600000000000000000e+01 3.600000000000000000e+01 3.800000000000000000e+01 0.000000000000000000e+00 1.600000000000000089e+00 -3.627500000000000169e-01 9.030699999999999839e-02 9.274999999999999911e-01 9.126119999999999788e-01 2.358099999999999918e-01 3.339670000000000138e-01 -1.885539999999999994e-01 9.675939999999999541e-01 -1.679549999999999932e-01
2.800000000000000000e+01 3.700000000000000000e+01 3.800000000000000000e+01 0.000000000000000000e+00 1.600000000000000089e+00 -3.016090000000000160e-01 -9.059599999999999598e-02 9.491180000000000172e-01 8.120650000000000368e-01 4.972030000000000061e-01 3.055160000000000098e-01 -4.995829999999999993e-01 8.628909999999999636e-01 -7.639100000000000057e-02
2.300000000000000000e+01 1.400000000000000000e+01 3.900000000000000000e+01 0.000000000000000000e+00 1.600000000000000089e+00 1.401660000000000128e-01 -8.561689999999999579e-01 -4.973219999999999863e-01 -7.142469999999999652e-01 2.604239999999999888e-01 -6.496389999999999665e-01 6.857149999999999634e-01 4.462679999999999980e-01 -5.750129999999999963e-01
1.700000000000000000e+01 3.000000000000000000e+00 4.300000000000000000e+01 0.000000000000000000e+00 1.600000000000000089e+00 5.827999999999999847e-03 -3.563000000000000195e-03 -9.999770000000000048e-01 7.434680000000000177e-01 -6.687380000000000546e-01 6.715999999999999748e-03 -6.687459999999999516e-01 -7.434899999999999842e-01 -1.248999999999999893e-03
2.500000000000000000e+01 3.000000000000000000e+00 4.300000000000000000e+01 0.000000000000000000e+00 1.600000000000000089e+00 9.055000000000000548e-03 2.708299999999999944e-02 -9.995920000000000361e-01 7.369499999999999940e-01 -6.758480000000000043e-01 -1.163499999999999951e-02 -6.758870000000000156e-01 -7.365439999999999765e-01 -2.607800000000000049e-02
1.200000000000000000e+01 2.500000000000000000e+01 4.300000000000000000e+01 0.000000000000000000e+00 1.600000000000000089e+00 1.488300000000000040e-02 -1.226499999999999986e-02 -9.998139999999999805e-01 8.416270000000000140e-01 5.400270000000000348e-01 5.903000000000000261e-03 5.398539999999999450e-01 -8.415580000000000283e-01 1.836000000000000132e-02
1.200000000000000000e+01 2.400000000000000000e+01 4.400000000000000000e+01 0.000000000000000000e+00 1.600000000000000089e+00 1.861900000000000013e-02 1.591100000000000153e-02 -9.997000000000000330e-01 7.839810000000000390e-01 6.203020000000000200e-01 2.447399999999999923e-02 6.205049999999999732e-01 -7.842019999999999547e-01 -9.250000000000000409e-04
3.000000000000000000e+00 2.900000000000000000e+01 4.400000000000000000e+01 0.000000000000000000e+00 1.600000000000000089e+00 1.589999999999999888e-04 -8.980000000000000352e-04 -1.000000000000000000e+00 6.593930000000000069e-01 7.517989999999999950e-01 -5.699999999999999772e-04 7.517989999999999950e-01 -6.593919999999999781e-01 7.119999999999999593e-04
6.000000000000000000e+00 2.900000000000000000e+01 4.400000000000000000e+01 0.000000000000000000e+00 1.600000000000000089e+00 -8.329999999999999731e-04 -2.919999999999999853e-03 -9.999949999999999672e-01 6.611350000000000282e-01 7.502619999999999845e-01 -2.742000000000000080e-03 7.502670000000000172e-01 -6.611339999999999995e-01 1.306000000000000086e-03
1.200000000000000000e+01 2.900000000000000000e+01 4.400000000000000000e+01 0.000000000000000000e+00 1.600000000000000089e+00 -3.507999999999999834e-03 -4.645599999999999730e-02 -9.989139999999999686e-01 6.345229999999999482e-01 7.719629999999999548e-01 -3.812900000000000317e-02 7.728960000000000274e-01 -6.339679999999999760e-01 2.676999999999999866e-02
1.400000000000000000e+01 2.900000000000000000e+01 4.400000000000000000e+01 0.000000000000000000e+00 1.600000000000000089e+00 -4.630700000000000094e-02 -1.822169999999999901e-01 -9.821670000000000122e-01 6.560850000000000293e-01 7.358740000000000281e-01 -1.674559999999999937e-01 7.532649999999999624e-01 -6.521400000000000530e-01 8.547399999999999443e-02
5.000000000000000000e+00 7.100000000000000000e+01 4.600000000000000000e+01 0.000000000000000000e+00 1.600000000000000089e+00 7.150530000000000497e-01 -6.101550000000000029e-01 -3.411879999999999913e-01 -6.197840000000000016e-01 -7.790829999999999700e-01 9.432799999999999518e-02 -3.233679999999999888e-01 1.440130000000000021e-01 -9.352500000000000258e-01
1.000000000000000000e+00 6.800000000000000000e+01 4.800000000000000000e+01 0.000000000000000000e+00 1.600000000000000089e+00 -2.479900000000000160e-02 -1.770789999999999864e-01 -9.838839999999999808e-01 -9.499720000000000386e-01 -3.023460000000000036e-01 7.835999999999999910e-02 -3.113489999999999869e-01 9.366050000000000209e-01 -1.607230000000000047e-01
5.000000000000000000e+00 6.100000000000000000e+01 4.900000000000000000e+01 0.000000000000000000e+00 1.600000000000000089e+00 -9.098999999999999450e-03 2.044400000000000037e-02 9.997500000000000275e-01 -6.434499999999999664e-01 7.651860000000000328e-01 -2.150399999999999881e-02 -7.654339999999999478e-01 -6.434849999999999737e-01 6.191999999999999588e-03
6.000000000000000000e+00 7.100000000000000000e+01 4.900000000000000000e+01 0.000000000000000000e+00 1.600000000000000089e+00 -3.961109999999999909e-01 8.799040000000000195e-01 2.624219999999999886e-01 -9.048079999999999457e-01 -3.254119999999999790e-01 -2.746449999999999725e-01 -1.562659999999999882e-01 -3.462310000000000110e-01 9.250429999999999486e-01
2.000000000000000000e+00 5.000000000000000000e+00 5.100000000000000000e+01 0.000000000000000000e+00 1.600000000000000089e+00 -3.193000000000000092e-03 -8.203000000000000222e-03 -9.999609999999999888e-01 4.880209999999999826e-01 -8.728139999999999787e-01 5.602000000000000209e-03 -8.728259999999999907e-01 -4.879839999999999733e-01 6.791000000000000161e-03
1.500000000000000000e+01 6.000000000000000000e+00 5.100000000000000000e+01 0.000000000000000000e+00 1.600000000000000089e+00 -6.871999999999999637e-03 -5.542000000000000051e-03 -9.999609999999999888e-01 3.316600000000000104e-01 -9.433939999999999548e-01 2.948999999999999799e-03 -9.433740000000000459e-01 -3.316270000000000051e-01 8.321000000000000271e-03
4.000000000000000000e+00 6.300000000000000000e+01 5.400000000000000000e+01 0.000000000000000000e+00 1.600000000000000089e+00 4.632999999999999965e-03 2.100899999999999990e-02 9.997679999999999900e-01 -1.968030000000000057e-01 9.802450000000000330e-01 -1.968699999999999964e-02 -9.804319999999999702e-01 -1.966660000000000075e-01 8.675999999999999684e-03
6.000000000000000000e+00 6.300000000000000000e+01 5.400000000000000000e+01 0.000000000000000000e+00 1.600000000000000089e+00 4.126999999999999592e-03 3.574900000000000300e-02 9.993520000000000181e-01 -2.010510000000000075e-01 9.789839999999999653e-01 -3.418999999999999817e-02 -9.795719999999999983e-01 -2.007799999999999863e-01 1.122800000000000013e-02
1.300000000000000000e+01 6.300000000000000000e+01 5.400000000000000000e+01 0.000000000000000000e+00 1.600000000000000089e+00 -6.185000000000000393e-03 2.300000000000000002e-05 9.999810000000000088e-01 -3.454929999999999946e-01 9.384190000000000031e-01 -2.158000000000000196e-03 -9.384010000000000407e-01 -3.454990000000000006e-01 -5.797000000000000069e-03
1.600000000000000000e+01 6.300000000000000000e+01 5.400000000000000000e+01 0.000000000000000000e+00 1.600000000000000089e+00 1.907000000000000015e-02 3.312999999999999973e-02 9.992689999999999628e-01 -3.320989999999999776e-01 9.429149999999999476e-01 -2.492400000000000171e-02 -9.430520000000000014e-01 -3.313809999999999811e-01 2.898399999999999935e-02
2.200000000000000000e+01 6.300000000000000000e+01 5.400000000000000000e+01 0.000000000000000000e+00 1.600000000000000089e+00 2.411500000000000032e-01 4.652479999999999949e-01 -8.516989999999999839e-01 8.389480000000000270e-01 3.412330000000000085e-01 4.239419999999999855e-01 4.878660000000000219e-01 -8.167640000000000455e-01 -3.080300000000000260e-01
6.000000000000000000e+00 7.500000000000000000e+01 5.400000000000000000e+01 0.000000000000000000e+00 1.600000000000000089e+00 -5.201080000000000148e-01 -1.614420000000000022e-01 8.387040000000000051e-01 -8.366999999999999993e-01 -1.008959999999999996e-01 -5.382869999999999600e-01 1.715240000000000098e-01 -9.817110000000000003e-01 -8.260199999999999487e-02
2.000000000000000000e+00 2.500000000000000000e+01 5.500000000000000000e+01 0.000000000000000000e+00 1.600000000000000089e+00 -6.530000000000000431e-04 -6.087999999999999662e-03 -9.999810000000000088e-01 -9.941999999999999449e-03 -9.999320000000000430e-01 6.093999999999999591e-03 -9.999500000000000055e-01 9.945999999999999980e-03 5.929999999999999941e-04
9.000000000000000000e+00 2.500000000000000000e+01 5.500000000000000000e+01 0.000000000000000000e+00 1.600000000000000089e+00 1.193000000000000050e-03 9.479999999999999495e-04 -9.999989999999999712e-01 -1.256900000000000031e-02 -9.999209999999999487e-01 -9.629999999999999888e-04 -9.999200000000000310e-01 1.256999999999999958e-02 -1.180999999999999975e-03
1.300000000000000000e+01 2.500000000000000000e+01 5.500000000000000000e+01 0.000000000000000000e+00 1.600000000000000089e+00 -8.739999999999999939e-04 -7.950000000000000252e-04 -9.999989999999999712e-01 -1.096899999999999958e-02 -9.999400000000000510e-01 8.050000000000000515e-04 -9.999390000000000223e-01 1.097000000000000058e-02 8.649999999999999920e-04
2.000000000000000000e+01 2.500000000000000000e+01 5.500000000000000000e+01 0.000000000000000000e+00 1.600000000000000089e+00 -2.145999999999999904e-03 -4.463400000000000006e-02 -9.990010000000000279e-01 -1.176100000000000062e-02 -9.989329999999999599e-01 4.465600000000000125e-02 -9.999289999999999567e-01 1.184499999999999963e-02 1.618999999999999996e-03
2.100000000000000000e+01 8.000000000000000000e+01 5.500000000000000000e+01 0.000000000000000000e+00 1.600000000000000089e+00 -1.355089999999999906e-01 -6.121109999999999607e-01 -7.790749999999999620e-01 -1.047830000000000011e-01 -7.730639999999999734e-01 6.256129999999999747e-01 -9.852199999999999847e-01 1.664100000000000024e-01 4.061800000000000133e-02
6.000000000000000000e+00 2.100000000000000000e+01 6.000000000000000000e+01 0.000000000000000000e+00 1.600000000000000089e+00 2.933999999999999976e-03 -1.918000000000000000e-03 9.999940000000000495e-01 -9.451299999999999979e-02 9.955209999999999892e-01 2.187000000000000142e-03 -9.955190000000000428e-01 -9.451900000000000579e-02 2.739999999999999814e-03
1.700000000000000000e+01 2.100000000000000000e+01 6.000000000000000000e+01 0.000000000000000000e+00 1.600000000000000089e+00 -1.330000000000000073e-04 -7.861999999999999197e-03 9.999689999999999968e-01 -9.814399999999999513e-02 9.951419999999999710e-01 7.811000000000000235e-03 -9.951719999999999455e-01 -9.814000000000000501e-02 -9.039999999999999642e-04
2.400000000000000000e+01 2.100000000000000000e+01 6.000000000000000000e+01 0.000000000000000000e+00 1.600000000000000089e+00 2.967000000000000019e-03 -1.433999999999999945e-03 9.999949999999999672e-01 -9.880200000000000093e-02 9.951060000000000461e-01 1.721000000000000090e-03 -9.951029999999999598e-01 -9.880700000000000593e-02 2.811000000000000131e-03
2.000000000000000000e+01 6.000000000000000000e+00 6.100000000000000000e+01 0.000000000000000000e+00 1.600000000000000089e+00 -1.131000000000000061e-03 3.596999999999999937e-03 9.999930000000000208e-01 5.759360000000000035e-01 -8.174869999999999637e-01 3.592000000000000141e-03 8.174940000000000540e-01 5.759360000000000035e-01 -1.147999999999999932e-03
2.900000000000000000e+01 6.000000000000000000e+00 6.100000000000000000e+01 0.000000000000000000e+00 1.600000000000000089e+00 -1.142000000000000003e-03 -4.808999999999999907e-03 9.999879999999999880e-01 5.728469999999999951e-01 -8.196560000000000512e-01 -3.288000000000000124e-03 8.196620000000000017e-01 5.728360000000000118e-01 3.690999999999999837e-03
1.900000000000000000e+01 8.900000000000000000e+01 6.200000000000000000e+01 0.000000000000000000e+00 1.600000000000000089e+00 -1.228110000000000035e-01 4.774579999999999935e-01 8.700290000000000523e-01 8.192930000000000490e-01 5.435140000000000526e-01 -1.826230000000000075e-01 -5.600680000000000103e-01 6.903810000000000224e-01 -4.579280000000000017e-01
1.000000000000000000e+00 3.000000000000000000e+00 6.300000000000000000e+01 0.000000000000000000e+00 1.600000000000000089e+00 9.629999999999999888e-04 -2.900000000000000017e-04 1.000000000000000000e+00 -6.142659999999999787e-01 7.890979999999999661e-01 8.199999999999999824e-04 -7.890979999999999661e-01 -6.142670000000000075e-01 5.820000000000000520e-04
2.300000000000000000e+01 3.000000000000000000e+00 6.300000000000000000e+01 0.000000000000000000e+00 1.600000000000000089e+00 -1.923999999999999929e-03 -2.566000000000000138e-03 9.999949999999999672e-01 -6.193619999999999681e-01 7.851050000000000528e-01 8.229999999999999469e-04 -7.851029999999999953e-01 -6.193570000000000464e-01 -3.099000000000000192e-03
2.900000000000000000e+01 3.000000000000000000e+00 6.300000000000000000e+01 0.000000000000000000e+00 1.600000000000000089e+00 6.679999999999999740e-04 -1.742000000000000059e-03 9.999980000000000535e-01 -6.153859999999999886e-01 7.882240000000000357e-01 1.783999999999999996e-03 -7.882259999999999822e-01 -6.153859999999999886e-01 -5.460000000000000443e-04
2.000000000000000000e+00 2.700000000000000000e+01 6.300000000000000000e+01 0.000000000000000000e+00 1.600000000000000089e+00 -1.350000000000000017e-04 2.295000000000000165e-03 9.999970000000000248e-01 -2.676060000000000105e-01 9.635259999999999936e-01 -2.246999999999999865e-03 -9.635280000000000511e-01 -2.676060000000000105e-01 4.840000000000000010e-04
8.000000000000000000e+00 2.700000000000000000e+01 6.300000000000000000e+01 0.000000000000000000e+00 1.600000000000000089e+00 -2.429999999999999977e-04 -4.984999999999999848e-03 9.999879999999999880e-01 -2.706479999999999997e-01 9.626670000000000504e-01 4.733000000000000228e-03 -9.626780000000000337e-01 -2.706430000000000224e-01 -1.582999999999999989e-03
2.600000000000000000e+01 2.700000000000000000e+01 6.300000000000000000e+01 0.000000000000000000e+00 1.600000000000000089e+00 -5.940000000000000184e-04 -6.127999999999999767e-03 9.999810000000000088e-01 -2.748800000000000132e-01 9.614610000000000101e-01 5.727999999999999585e-03 -9.614780000000000548e-01 -2.748720000000000052e-01 -2.256000000000000193e-03
