2.000000000000000000e+01 2.500000000000000000e+01 1.000000000000000000e+00 0.000000000000000000e+00 1.600000000000000089e+00 -5.438500000000000278e-02 -1.110599999999999955e-02 -9.984579999999999567e-01 -5.388870000000000049e-01 -8.414880000000000138e-01 3.871299999999999741e-02 -8.406200000000000339e-01 5.401620000000000310e-01 3.977900000000000186e-02
2.600000000000000000e+01 1.500000000000000000e+01 4.000000000000000000e+00 0.000000000000000000e+00 1.600000000000000089e+00 4.539999999999999765e-04 6.539999999999999807e-03 9.999780000000000335e-01 3.261020000000000030e-01 -9.453150000000000164e-01 6.034000000000000301e-03 9.453340000000000076e-01 3.260919999999999930e-01 -2.562000000000000041e-03
8.000000000000000000e+00 1.600000000000000000e+01 4.000000000000000000e+00 0.000000000000000000e+00 1.600000000000000089e+00 -2.275000000000000112e-03 5.459999999999999576e-03 9.999829999999999552e-01 3.230979999999999963e-01 -9.463470000000000493e-01 5.902000000000000128e-03 9.463629999999999542e-01 3.231060000000000043e-01 3.890000000000000228e-04
1.200000000000000000e+01 1.600000000000000000e+01 4.000000000000000000e+00 0.000000000000000000e+00 1.600000000000000089e+00 2.397999999999999958e-03 6.346000000000000078e-03 9.999770000000000048e-01 3.248019999999999796e-01 -9.457680000000000531e-01 5.223000000000000212e-03 9.457790000000000363e-01 3.247820000000000151e-01 -4.329000000000000382e-03
1.700000000000000000e+01 1.600000000000000000e+01 4.000000000000000000e+00 0.000000000000000000e+00 1.600000000000000089e+00 3.370800000000000185e-02 -1.019420000000000048e-01 9.942189999999999639e-01 3.396339999999999915e-01 -9.344139999999999668e-01 -1.073250000000000037e-01 9.399530000000000385e-01 3.412890000000000090e-01 3.125999999999999873e-03
1.400000000000000000e+01 1.010000000000000000e+02 7.000000000000000000e+00 0.000000000000000000e+00 1.600000000000000089e+00 2.824999999999999820e-03 1.237100000000000005e-02 9.999190000000000023e-01 8.902919999999999723e-01 4.553170000000000273e-01 -8.148999999999999994e-03 -4.553820000000000090e-01 8.902430000000000065e-01 -9.726999999999999535e-03
1.900000000000000000e+01 1.010000000000000000e+02 7.000000000000000000e+00 0.000000000000000000e+00 1.600000000000000089e+00 -9.699999999999999963e-05 4.066399999999999876e-02 9.991729999999999778e-01 8.876760000000000206e-01 4.600910000000000277e-01 -1.863899999999999932e-02 -4.604679999999999884e-01 8.869399999999999507e-01 -3.613999999999999851e-02
2.400000000000000000e+01 1.010000000000000000e+02 7.000000000000000000e+00 0.000000000000000000e+00 1.600000000000000089e+00 3.664000000000000156e-03 6.310999999999999770e-03 9.999730000000000008e-01 8.852240000000000109e-01 4.651250000000000107e-01 -6.178999999999999597e-03 -4.651509999999999811e-01 8.852229999999999821e-01 -3.882000000000000034e-03
2.000000000000000000e+01 2.500000000000000000e+01 8.000000000000000000e+00 0.000000000000000000e+00 1.600000000000000089e+00 5.369399999999999867e-02 1.744860000000000022e-01 -9.831950000000000411e-01 4.555170000000000052e-01 8.719189999999999996e-01 1.796149999999999969e-01 8.886060000000000070e-01 -4.575060000000000238e-01 -3.266399999999999859e-02
2.500000000000000000e+01 2.500000000000000000e+01 8.000000000000000000e+00 0.000000000000000000e+00 1.600000000000000089e+00 2.043999999999999810e-03 5.130000000000000011e-03 -9.999850000000000128e-01 4.480729999999999991e-01 8.939799999999999969e-01 5.501999999999999946e-03 8.939939999999999554e-01 -4.480779999999999763e-01 -4.710000000000000102e-04
2.900000000000000000e+01 2.500000000000000000e+01 8.000000000000000000e+00 0.000000000000000000e+00 1.600000000000000089e+00 -3.440000000000000132e-04 -1.679999999999999907e-04 -1.000000000000000000e+00 4.478179999999999938e-01 8.941249999999999476e-01 -3.049999999999999868e-04 8.941249999999999476e-01 -4.478179999999999938e-01 -2.329999999999999986e-04
2.000000000000000000e+00 2.600000000000000000e+01 8.000000000000000000e+00 0.000000000000000000e+00 1.600000000000000089e+00 -2.387999999999999932e-03 -2.588100000000000123e-02 -9.996620000000000505e-01 4.265300000000000202e-01 9.041439999999999477e-01 -2.442700000000000080e-02 9.044699999999999962e-01 -4.264439999999999897e-01 8.880000000000000740e-03
6.000000000000000000e+00 2.600000000000000000e+01 8.000000000000000000e+00 0.000000000000000000e+00 1.600000000000000089e+00 -3.122999999999999908e-03 -1.564499999999999919e-02 -9.998730000000000118e-01 4.271570000000000089e-01 9.040449999999999875e-01 -1.548000000000000070e-02 9.041719999999999757e-01 -4.271510000000000029e-01 3.860000000000000150e-03
1.200000000000000000e+01 2.600000000000000000e+01 8.000000000000000000e+00 0.000000000000000000e+00 1.600000000000000089e+00 7.240000000000000342e-04 1.275000000000000092e-03 -9.999989999999999712e-01 4.289109999999999867e-01 9.033449999999999536e-01 1.463000000000000108e-03 9.033459999999999823e-01 -4.289120000000000155e-01 1.069999999999999988e-04
2.000000000000000000e+00 1.400000000000000000e+01 9.000000000000000000e+00 0.000000000000000000e+00 1.600000000000000089e+00 7.879999999999999635e-04 3.229000000000000099e-03 -9.999949999999999672e-01 -5.553240000000000398e-01 -8.316280000000000339e-01 -3.122999999999999908e-03 -8.316339999999999844e-01 5.553240000000000398e-01 1.137999999999999906e-03
2.000000000000000000e+01 2.400000000000000000e+01 9.000000000000000000e+00 0.000000000000000000e+00 1.600000000000000089e+00 4.907799999999999663e-02 1.827219999999999955e-01 -9.819390000000000063e-01 4.607879999999999754e-01 8.681060000000000443e-01 1.845700000000000118e-01 8.861520000000000508e-01 -4.615239999999999898e-01 -4.159100000000000297e-02
2.900000000000000000e+01 2.400000000000000000e+01 9.000000000000000000e+00 0.000000000000000000e+00 1.600000000000000089e+00 -7.680000000000000195e-04 -1.260000000000000052e-03 -9.999989999999999712e-01 4.538900000000000157e-01 8.910569999999999879e-01 -1.471000000000000085e-03 8.910580000000000167e-01 -4.538900000000000157e-01 -1.119999999999999983e-04
2.400000000000000000e+01 1.020000000000000000e+02 9.000000000000000000e+00 0.000000000000000000e+00 1.600000000000000089e+00 3.138000000000000164e-03 4.991999999999999910e-03 9.999829999999999552e-01 9.229690000000000394e-01 3.848449999999999926e-01 -4.818000000000000234e-03 -3.848619999999999819e-01 9.229680000000000106e-01 -3.399999999999999811e-03
1.700000000000000000e+01 4.000000000000000000e+00 1.100000000000000000e+01 0.000000000000000000e+00 1.600000000000000089e+00 -6.205399999999999805e-02 -6.637410000000000254e-01 -7.453840000000000465e-01 1.730820000000000136e-01 7.283509999999999707e-01 -6.629829999999999890e-01 9.829510000000000192e-01 -1.701529999999999987e-01 6.968499999999999694e-02
9.000000000000000000e+00 3.100000000000000000e+01 1.200000000000000000e+01 0.000000000000000000e+00 1.600000000000000089e+00 2.799999999999999755e-04 -4.100000000000000047e-05 1.000000000000000000e+00 1.740399999999999933e-02 9.998489999999999878e-01 3.699999999999999811e-05 -9.998479999999999590e-01 1.740399999999999933e-02 2.799999999999999755e-04
1.700000000000000000e+01 3.100000000000000000e+01 1.200000000000000000e+01 0.000000000000000000e+00 1.600000000000000089e+00 2.490000000000000026e-03 3.706000000000000093e-03 9.999900000000000455e-01 1.062800000000000029e-02 9.999369999999999647e-01 -3.732000000000000074e-03 -9.999400000000000510e-01 1.063700000000000062e-02 2.449999999999999921e-03
2.500000000000000000e+01 3.100000000000000000e+01 1.200000000000000000e+01 0.000000000000000000e+00 1.600000000000000089e+00 -8.520000000000000013e-04 8.170000000000000179e-04 9.999989999999999712e-01 -7.842999999999999278e-03 9.999689999999999968e-01 -8.239999999999999712e-04 -9.999689999999999968e-01 -7.844000000000000278e-03 -8.450000000000000479e-04
2.200000000000000000e+01 3.500000000000000000e+01 1.200000000000000000e+01 0.000000000000000000e+00 1.600000000000000089e+00 7.280000000000000013e-03 -2.641200000000000145e-02 -9.996249999999999858e-01 5.373559999999999448e-01 -8.429489999999999483e-01 2.618600000000000094e-02 -8.433239999999999625e-01 -5.373449999999999616e-01 8.056000000000000660e-03
2.800000000000000000e+01 3.500000000000000000e+01 1.200000000000000000e+01 0.000000000000000000e+00 1.600000000000000089e+00 1.095999999999999969e-03 1.589999999999999888e-04 -9.999989999999999712e-01 5.128399999999999626e-01 -8.584840000000000249e-01 4.249999999999999763e-04 -8.584829999999999961e-01 -5.128399999999999626e-01 -1.021999999999999905e-03
1.200000000000000000e+01 3.200000000000000000e+01 1.400000000000000000e+01 0.000000000000000000e+00 1.600000000000000089e+00 1.670999999999999959e-03 1.936999999999999920e-03 -9.999970000000000248e-01 1.270380000000000120e-01 9.918959999999999999e-01 2.134000000000000046e-03 9.918959999999999999e-01 -1.270409999999999873e-01 1.410999999999999928e-03
2.000000000000000000e+01 1.200000000000000000e+01 1.500000000000000000e+01 0.000000000000000000e+00 1.600000000000000089e+00 -4.142799999999999955e-02 -5.866500000000000187e-02 -9.974180000000000268e-01 -4.641739999999999755e-01 -8.828770000000000229e-01 7.120700000000000640e-02 -8.847749999999999782e-01 4.659249999999999781e-01 9.344999999999999141e-03
2.800000000000000000e+01 1.200000000000000000e+01 1.500000000000000000e+01 0.000000000000000000e+00 1.600000000000000089e+00 3.080000000000000055e-04 4.198999999999999608e-03 -9.999909999999999632e-01 -4.690259999999999985e-01 -8.831759999999999611e-01 -3.853000000000000088e-03 -8.831839999999999691e-01 4.690230000000000232e-01 1.698000000000000074e-03
2.700000000000000000e+01 1.100000000000000000e+01 1.600000000000000000e+01 0.000000000000000000e+00 1.600000000000000089e+00 4.829999999999999767e-04 3.821999999999999877e-03 -9.999930000000000208e-01 -4.114689999999999737e-01 -9.114160000000000039e-01 -3.683000000000000076e-03 -9.114240000000000119e-01 4.114680000000000004e-01 1.131999999999999977e-03
3.000000000000000000e+00 1.160000000000000000e+02 1.600000000000000000e+01 0.000000000000000000e+00 1.600000000000000089e+00 -3.669999999999999760e-04 -1.412000000000000061e-03 9.999989999999999712e-01 6.824639999999999596e-01 7.309179999999999566e-01 1.281999999999999936e-03 -7.309189999999999854e-01 6.824639999999999596e-01 6.960000000000000041e-04
6.000000000000000000e+00 1.160000000000000000e+02 1.600000000000000000e+01 0.000000000000000000e+00 1.600000000000000089e+00 8.030000000000000028e-04 7.460000000000000268e-04 9.999989999999999712e-01 6.732449999999999823e-01 7.394190000000000484e-01 -1.092000000000000089e-03 -7.394190000000000484e-01 6.732449999999999823e-01 9.200000000000000007e-05
1.400000000000000000e+01 1.160000000000000000e+02 1.600000000000000000e+01 0.000000000000000000e+00 1.600000000000000089e+00 5.369999999999999774e-03 6.231999999999999693e-03 9.999660000000000215e-01 6.857410000000000450e-01 7.277989999999999737e-01 -8.219000000000000611e-03 -7.278259999999999730e-01 6.857619999999999827e-01 -3.660000000000000059e-04
1.700000000000000000e+01 1.160000000000000000e+02 1.600000000000000000e+01 0.000000000000000000e+00 1.600000000000000089e+00 1.553500000000000020e-02 2.568399999999999850e-02 9.995490000000000208e-01 7.016250000000000542e-01 7.119480000000000253e-01 -2.919899999999999926e-02 -7.123770000000000380e-01 7.017619999999999969e-01 -6.961000000000000174e-03
2.300000000000000000e+01 1.160000000000000000e+02 1.600000000000000000e+01 0.000000000000000000e+00 1.600000000000000089e+00 2.782999999999999884e-03 4.312999999999999994e-03 9.999869999999999592e-01 7.565049999999999830e-01 6.539690000000000225e-01 -4.925999999999999823e-03 -6.539810000000000345e-01 7.565089999999999870e-01 -1.443000000000000055e-03
2.800000000000000000e+01 1.160000000000000000e+02 1.600000000000000000e+01 0.000000000000000000e+00 1.600000000000000089e+00 -1.463000000000000108e-03 -2.805000000000000202e-03 9.999949999999999672e-01 7.608500000000000263e-01 6.489209999999999701e-01 2.932999999999999843e-03 -6.489260000000000028e-01 7.608510000000000550e-01 1.183999999999999940e-03
1.000000000000000000e+00 2.000000000000000000e+00 1.900000000000000000e+01 0.000000000000000000e+00 1.600000000000000089e+00 5.336999999999999730e-03 -2.384999999999999967e-03 -9.999829999999999552e-01 1.621160000000000101e-01 -9.867660000000000320e-01 3.219000000000000073e-03 -9.867569999999999952e-01 -1.621309999999999973e-01 -4.879999999999999789e-03
5.000000000000000000e+00 2.000000000000000000e+00 1.900000000000000000e+01 0.000000000000000000e+00 1.600000000000000089e+00 3.052000000000000025e-03 -1.722000000000000006e-03 -9.999940000000000495e-01 1.608330000000000037e-01 -9.869790000000000507e-01 2.190999999999999805e-03 -9.869769999999999932e-01 -1.608380000000000087e-01 -2.736000000000000151e-03
1.000000000000000000e+01 2.000000000000000000e+00 1.900000000000000000e+01 0.000000000000000000e+00 1.600000000000000089e+00 -7.110000000000000434e-04 -8.769000000000000752e-03 -9.999609999999999888e-01 1.622190000000000021e-01 -9.867179999999999840e-01 8.538000000000000450e-03 -9.867550000000000487e-01 -1.622069999999999901e-01 2.124000000000000020e-03
1.700000000000000000e+01 2.000000000000000000e+00 1.900000000000000000e+01 0.000000000000000000e+00 1.600000000000000089e+00 -1.354999999999999954e-02 3.486800000000000316e-02 -9.992999999999999661e-01 1.820460000000000134e-01 -9.826030000000000042e-01 -3.675400000000000195e-02 -9.831969999999999876e-01 -1.824159999999999948e-01 6.967000000000000103e-03
2.600000000000000000e+01 2.000000000000000000e+00 1.900000000000000000e+01 0.000000000000000000e+00 1.600000000000000089e+00 -6.139999999999999625e-04 1.497899999999999926e-02 -9.998879999999999990e-01 2.583659999999999846e-01 -9.659360000000000168e-01 -1.462899999999999964e-02 -9.660469999999999891e-01 -2.583460000000000201e-01 -3.276999999999999965e-03
2.900000000000000000e+01 2.000000000000000000e+00 1.900000000000000000e+01 0.000000000000000000e+00 1.600000000000000089e+00 4.695000000000000388e-03 1.187799999999999967e-02 -9.999179999999999735e-01 2.556829999999999936e-01 -9.667059999999999542e-01 -1.028300000000000047e-02 -9.667489999999999695e-01 -2.556140000000000079e-01 -7.576000000000000269e-03
4.000000000000000000e+00 1.300000000000000000e+01 2.000000000000000000e+01 0.000000000000000000e+00 1.600000000000000089e+00 1.288000000000000082e-03 -1.673000000000000008e-03 9.999980000000000535e-01 2.616539999999999977e-01 9.651610000000000467e-01 1.278000000000000056e-03 -9.651610000000000467e-01 2.616510000000000224e-01 1.680999999999999986e-03
9.000000000000000000e+00 1.300000000000000000e+01 2.000000000000000000e+01 0.000000000000000000e+00 1.600000000000000089e+00 9.759999999999999796e-04 9.370000000000000074e-04 9.999989999999999712e-01 2.622289999999999899e-01 9.650050000000000017e-01 -1.160000000000000007e-03 -9.650050000000000017e-01 2.622300000000000186e-01 6.960000000000000041e-04
1.300000000000000000e+01 1.300000000000000000e+01 2.000000000000000000e+01 0.000000000000000000e+00 1.600000000000000089e+00 1.129999999999999928e-03 1.087399999999999999e-02 9.999400000000000510e-01 2.614699999999999802e-01 9.651509999999999811e-01 -1.079100000000000024e-02 -9.652110000000000412e-01 2.614670000000000050e-01 -1.752000000000000085e-03
2.000000000000000000e+01 1.300000000000000000e+01 2.000000000000000000e+01 0.000000000000000000e+00 1.600000000000000089e+00 3.899999999999999821e-03 5.888899999999999690e-02 9.982569999999999499e-01 2.602260000000000129e-01 9.638120000000000021e-01 -5.787400000000000183e-02 -9.655399999999999539e-01 2.599980000000000069e-01 -1.156599999999999989e-02
2.600000000000000000e+01 1.300000000000000000e+01 2.000000000000000000e+01 0.000000000000000000e+00 1.600000000000000089e+00 6.999999999999999929e-04 1.595000000000000064e-03 9.999980000000000535e-01 2.573199999999999932e-01 9.663249999999999895e-01 -1.722000000000000006e-03 -9.663260000000000183e-01 2.573199999999999932e-01 2.660000000000000146e-04
6.000000000000000000e+00 1.600000000000000000e+01 2.100000000000000000e+01 0.000000000000000000e+00 1.600000000000000089e+00 6.120000000000000223e-04 -1.271999999999999910e-03 9.999989999999999712e-01 2.975510000000000099e-01 9.547050000000000258e-01 1.031999999999999931e-03 -9.547060000000000546e-01 2.975499999999999812e-01 9.629999999999999888e-04
1.000000000000000000e+01 1.600000000000000000e+01 2.100000000000000000e+01 0.000000000000000000e+00 1.600000000000000089e+00 2.030000000000000012e-04 2.027999999999999855e-03 9.999980000000000535e-01 2.956239999999999979e-01 9.553019999999999845e-01 -1.997000000000000077e-03 -9.553040000000000420e-01 2.956230000000000246e-01 -4.049999999999999781e-04
1.300000000000000000e+01 1.600000000000000000e+01 2.100000000000000000e+01 0.000000000000000000e+00 1.600000000000000089e+00 1.137999999999999906e-03 1.013099999999999938e-02 9.999479999999999480e-01 2.948620000000000130e-01 9.554869999999999752e-01 -1.001600000000000060e-02 -9.555390000000000272e-01 2.948580000000000090e-01 -1.899999999999999996e-03
2.000000000000000000e+01 1.600000000000000000e+01 2.100000000000000000e+01 0.000000000000000000e+00 1.600000000000000089e+00 6.801999999999999887e-03 6.342299999999999327e-02 9.979630000000000445e-01 2.979419999999999846e-01 9.525310000000000166e-01 -6.256699999999999762e-02 -9.545599999999999641e-01 2.977609999999999979e-01 -1.241699999999999922e-02
2.500000000000000000e+01 1.600000000000000000e+01 2.100000000000000000e+01 0.000000000000000000e+00 1.600000000000000089e+00 4.150000000000000043e-04 3.749000000000000162e-03 9.999930000000000208e-01 2.994879999999999765e-01 9.540929999999999689e-01 -3.700999999999999863e-03 -9.540999999999999481e-01 2.994879999999999765e-01 -7.269999999999999987e-04
2.600000000000000000e+01 3.000000000000000000e+00 2.500000000000000000e+01 0.000000000000000000e+00 1.600000000000000089e+00 3.620000000000000171e-04 6.670999999999999847e-03 9.999780000000000335e-01 -3.069699999999999859e-02 -9.995060000000000056e-01 6.679000000000000041e-03 9.995290000000000008e-01 -3.069900000000000059e-02 -1.569999999999999944e-04
1.000000000000000000e+01 4.600000000000000000e+01 2.700000000000000000e+01 0.000000000000000000e+00 1.600000000000000089e+00 1.152999999999999945e-03 1.619999999999999912e-03 -9.999980000000000535e-01 6.885750000000000481e-01 7.251630000000000020e-01 1.968999999999999830e-03 7.251640000000000308e-01 -6.885759999999999659e-01 -2.790000000000000054e-04
7.000000000000000000e+00 5.800000000000000000e+01 3.100000000000000000e+01 0.000000000000000000e+00 1.600000000000000089e+00 -9.709999999999999664e-04 -6.200000000000000270e-05 1.000000000000000000e+00 -7.979690000000000394e-01 -6.026979999999999560e-01 -8.120000000000000048e-04 6.026970000000000383e-01 -7.979699999999999571e-01 5.360000000000000181e-04
1.200000000000000000e+01 5.800000000000000000e+01 3.100000000000000000e+01 0.000000000000000000e+00 1.600000000000000089e+00 9.150000000000000147e-04 -1.502999999999999996e-03 9.999980000000000535e-01 -7.980570000000000164e-01 -6.025819999999999510e-01 -1.749999999999999982e-04 6.025810000000000333e-01 -7.980549999999999589e-01 -1.750000000000000036e-03
1.700000000000000000e+01 5.800000000000000000e+01 3.100000000000000000e+01 0.000000000000000000e+00 1.600000000000000089e+00 2.007099999999999856e-02 3.830900000000000277e-02 9.990639999999999521e-01 -7.895799999999999486e-01 -6.123859999999999859e-01 3.934399999999999703e-02 6.133199999999999763e-01 -7.896300000000000541e-01 1.795700000000000074e-02
2.300000000000000000e+01 5.800000000000000000e+01 3.100000000000000000e+01 0.000000000000000000e+00 1.600000000000000089e+00 2.948000000000000100e-03 9.225000000000000561e-03 9.999529999999999808e-01 -7.707089999999999774e-01 -6.371360000000000356e-01 8.151000000000000259e-03 6.371809999999999974e-01 -7.706960000000000477e-01 5.231000000000000406e-03
2.800000000000000000e+01 5.800000000000000000e+01 3.100000000000000000e+01 0.000000000000000000e+00 1.600000000000000089e+00 -5.098000000000000101e-03 1.540000000000000028e-04 9.999869999999999592e-01 -7.684790000000000232e-01 -6.398639999999999883e-01 -3.818999999999999912e-03 6.398549999999999516e-01 -7.684879999999999489e-01 3.380999999999999891e-03
4.000000000000000000e+00 4.600000000000000000e+01 3.500000000000000000e+01 0.000000000000000000e+00 1.600000000000000089e+00 1.214000000000000018e-03 -7.643999999999999753e-03 -9.999700000000000255e-01 3.892630000000000257e-01 -9.210960000000000258e-01 7.513999999999999846e-03 -9.211260000000000003e-01 -3.892610000000000237e-01 1.856999999999999927e-03
8.000000000000000000e+00 4.600000000000000000e+01 3.500000000000000000e+01 0.000000000000000000e+00 1.600000000000000089e+00 2.310000000000000042e-04 -6.880000000000000265e-04 -1.000000000000000000e+00 3.893880000000000119e-01 -9.210730000000000306e-01 7.240000000000000342e-04 -9.210739999999999483e-01 -3.893880000000000119e-01 5.500000000000000196e-05
1.700000000000000000e+01 4.600000000000000000e+01 3.500000000000000000e+01 0.000000000000000000e+00 1.600000000000000089e+00 -8.890000000000000333e-04 2.607599999999999849e-02 -9.996599999999999930e-01 3.899659999999999793e-01 -9.205069999999999641e-01 -2.435899999999999871e-02 -9.208290000000000086e-01 -3.898550000000000071e-01 -9.350999999999999937e-03
2.200000000000000000e+01 4.600000000000000000e+01 3.500000000000000000e+01 0.000000000000000000e+00 1.600000000000000089e+00 -8.000000000000000383e-04 1.406400000000000011e-02 -9.999010000000000398e-01 3.948940000000000228e-01 -9.186309999999999754e-01 -1.323700000000000050e-02 -9.187269999999999603e-01 -3.948650000000000215e-01 -4.818000000000000234e-03
2.500000000000000000e+01 4.600000000000000000e+01 3.500000000000000000e+01 0.000000000000000000e+00 1.600000000000000089e+00 -7.320000000000000118e-04 1.155999999999999910e-03 -9.999989999999999712e-01 3.947220000000000173e-01 -9.187999999999999501e-01 -1.350999999999999987e-03 -9.187999999999999501e-01 -3.947220000000000173e-01 2.159999999999999919e-04
2.900000000000000000e+01 4.600000000000000000e+01 3.500000000000000000e+01 0.000000000000000000e+00 1.600000000000000089e+00 -6.840000000000000377e-04 -5.829999999999999679e-04 -1.000000000000000000e+00 3.920969999999999733e-01 -9.199239999999999640e-01 2.680000000000000090e-04 -9.199230000000000462e-01 -3.920969999999999733e-01 8.570000000000000144e-04
5.000000000000000000e+00 9.500000000000000000e+01 3.600000000000000000e+01 0.000000000000000000e+00 1.600000000000000089e+00 -1.500000000000000031e-03 4.747000000000000351e-03 9.999879999999999880e-01 9.970130000000000381e-01 7.722099999999999798e-02 1.129000000000000012e-03 -7.721500000000000585e-02 9.970029999999999726e-01 -4.849000000000000012e-03
8.000000000000000000e+00 9.500000000000000000e+01 3.600000000000000000e+01 0.000000000000000000e+00 1.600000000000000089e+00 -2.599999999999999840e-05 6.617999999999999751e-03 9.999780000000000335e-01 9.968390000000000306e-01 7.945299999999999585e-02 -4.989999999999999861e-04 -7.945399999999999685e-02 9.968169999999999531e-01 -6.598999999999999831e-03
2.300000000000000000e+01 9.500000000000000000e+01 3.600000000000000000e+01 0.000000000000000000e+00 1.600000000000000089e+00 6.649000000000000396e-03 5.574300000000000088e-02 9.984229999999999494e-01 9.971130000000000271e-01 7.514899999999999358e-02 -1.083600000000000015e-02 -7.563499999999999390e-02 9.956129999999999702e-01 -5.508199999999999902e-02
2.000000000000000000e+01 3.000000000000000000e+00 4.300000000000000000e+01 0.000000000000000000e+00 1.600000000000000089e+00 3.157100000000000184e-02 1.759189999999999920e-01 -9.838980000000000503e-01 7.315450000000000008e-01 -6.748309999999999587e-01 -9.718400000000000649e-02 -6.810610000000000275e-01 -7.166979999999999462e-01 -1.499979999999999924e-01
8.000000000000000000e+00 2.900000000000000000e+01 4.400000000000000000e+01 0.000000000000000000e+00 1.600000000000000089e+00 -1.825999999999999932e-03 3.710000000000000190e-04 -9.999980000000000535e-01 6.561099999999999710e-01 7.546640000000000015e-01 -9.179999999999999792e-04 7.546629999999999727e-01 -6.561109999999999998e-01 -1.621999999999999961e-03
1.400000000000000000e+01 2.900000000000000000e+01 4.400000000000000000e+01 0.000000000000000000e+00 1.600000000000000089e+00 2.439999999999999949e-04 4.508999999999999987e-03 -9.999900000000000455e-01 6.544889999999999874e-01 7.560630000000000406e-01 3.569000000000000124e-03 7.560719999999999663e-01 -6.544830000000000370e-01 -2.766999999999999928e-03
2.000000000000000000e+01 2.900000000000000000e+01 4.400000000000000000e+01 0.000000000000000000e+00 1.600000000000000089e+00 1.546499999999999958e-02 2.557900000000000104e-02 -9.995530000000000248e-01 6.495419999999999527e-01 7.597540000000000404e-01 2.949200000000000085e-02 7.601689999999999836e-01 -6.497079999999999522e-01 -4.865000000000000401e-03
2.600000000000000000e+01 2.900000000000000000e+01 4.400000000000000000e+01 0.000000000000000000e+00 1.600000000000000089e+00 2.458999999999999814e-03 2.544999999999999953e-03 -9.999940000000000495e-01 6.496549999999999825e-01 7.602210000000000356e-01 3.531999999999999983e-03 7.602250000000000396e-01 -6.496600000000000152e-01 2.159999999999999919e-04
2.800000000000000000e+01 2.900000000000000000e+01 4.400000000000000000e+01 0.000000000000000000e+00 1.600000000000000089e+00 1.946999999999999946e-03 2.285000000000000139e-03 -9.999949999999999672e-01 6.494280000000000053e-01 7.604170000000000096e-01 3.001999999999999894e-03 7.604199999999999848e-01 -6.494309999999999805e-01 -3.000000000000000076e-06
2.700000000000000000e+01 6.500000000000000000e+01 4.600000000000000000e+01 0.000000000000000000e+00 1.600000000000000089e+00 -5.399999999999999798e-05 -1.342000000000000094e-03 9.999989999999999712e-01 6.816219999999999501e-01 -7.317040000000000211e-01 -9.449999999999999850e-04 7.317050000000000498e-01 6.816210000000000324e-01 9.550000000000000112e-04
2.300000000000000000e+01 5.000000000000000000e+00 5.100000000000000000e+01 0.000000000000000000e+00 1.600000000000000089e+00 2.900999999999999933e-03 1.607199999999999948e-02 -9.998669999999999503e-01 4.833649999999999891e-01 -8.753269999999999662e-01 -1.266800000000000044e-02 -8.754140000000000255e-01 -4.832640000000000269e-01 -1.030700000000000019e-02
2.000000000000000000e+00 6.000000000000000000e+00 5.100000000000000000e+01 0.000000000000000000e+00 1.600000000000000089e+00 1.649999999999999991e-03 -3.870999999999999875e-03 -9.999909999999999632e-01 3.242570000000000174e-01 -9.459600000000000231e-01 4.197000000000000210e-03 -9.459670000000000023e-01 -3.242610000000000214e-01 -3.060000000000000111e-04
5.000000000000000000e+00 7.000000000000000000e+00 5.200000000000000000e+01 0.000000000000000000e+00 1.600000000000000089e+00 4.183000000000000086e-03 -3.517999999999999860e-03 -9.999850000000000128e-01 8.827899999999999636e-02 -9.960879999999999734e-01 3.873999999999999840e-03 -9.960869999999999447e-01 -8.829399999999999749e-02 -3.856000000000000053e-03
1.000000000000000000e+00 6.300000000000000000e+01 5.400000000000000000e+01 0.000000000000000000e+00 1.600000000000000089e+00 -2.651999999999999844e-03 2.680000000000000090e-04 9.999959999999999960e-01 -3.548629999999999840e-01 9.349180000000000268e-01 -1.191000000000000001e-03 -9.349150000000000515e-01 -3.548649999999999860e-01 -2.383999999999999835e-03
8.000000000000000000e+00 6.300000000000000000e+01 5.400000000000000000e+01 0.000000000000000000e+00 1.600000000000000089e+00 4.739999999999999747e-04 3.936000000000000262e-03 9.999919999999999920e-01 -3.556400000000000117e-01 9.346160000000000023e-01 -3.510000000000000099e-03 -9.346229999999999816e-01 -3.556360000000000077e-01 1.843000000000000020e-03
1.100000000000000000e+01 6.300000000000000000e+01 5.400000000000000000e+01 0.000000000000000000e+00 1.600000000000000089e+00 -5.569999999999999864e-04 2.693000000000000081e-03 9.999959999999999960e-01 -3.553669999999999884e-01 9.347229999999999706e-01 -2.716000000000000098e-03 -9.347269999999999746e-01 -3.553680000000000172e-01 4.369999999999999970e-04
1.300000000000000000e+01 6.300000000000000000e+01 5.400000000000000000e+01 0.000000000000000000e+00 1.600000000000000089e+00 3.499999999999999693e-05 3.109999999999999917e-03 9.999949999999999672e-01 -3.548839999999999772e-01 9.349060000000000148e-01 -2.896000000000000137e-03 -9.349100000000000188e-01 -3.548819999999999752e-01 1.136000000000000074e-03
2.000000000000000000e+01 6.300000000000000000e+01 5.400000000000000000e+01 0.000000000000000000e+00 1.600000000000000089e+00 4.819999999999999632e-03 2.526199999999999973e-02 9.996690000000000298e-01 -3.510079999999999867e-01 9.361150000000000304e-01 -2.196400000000000088e-02 -9.363599999999999701e-01 -3.507859999999999867e-01 1.337900000000000027e-02
2.400000000000000000e+01 6.300000000000000000e+01 5.400000000000000000e+01 0.000000000000000000e+00 1.600000000000000089e+00 6.089999999999999494e-04 8.799999999999999771e-05 1.000000000000000000e+00 -3.479079999999999950e-01 9.375289999999999457e-01 1.299999999999999886e-04 -9.375289999999999457e-01 -3.479079999999999950e-01 6.019999999999999961e-04
3.000000000000000000e+00 2.500000000000000000e+01 5.500000000000000000e+01 0.000000000000000000e+00 1.600000000000000089e+00 -2.820000000000000241e-04 -2.850999999999999802e-03 -9.999959999999999960e-01 -1.190300000000000039e-02 -9.999249999999999527e-01 2.854999999999999899e-03 -9.999289999999999567e-01 1.190399999999999965e-02 2.480000000000000108e-04
6.000000000000000000e+00 2.500000000000000000e+01 5.500000000000000000e+01 0.000000000000000000e+00 1.600000000000000089e+00 1.484999999999999992e-03 -3.860000000000000041e-04 -9.999989999999999712e-01 -1.225599999999999953e-02 -9.999249999999999527e-01 3.680000000000000003e-04 -9.999240000000000350e-01 1.225599999999999953e-02 -1.489000000000000089e-03
1.200000000000000000e+01 2.500000000000000000e+01 5.500000000000000000e+01 0.000000000000000000e+00 1.600000000000000089e+00 -3.370000000000000057e-04 -2.500000000000000120e-05 -1.000000000000000000e+00 -1.221399999999999916e-02 -9.999249999999999527e-01 3.000000000000000076e-05 -9.999249999999999527e-01 1.221399999999999916e-02 3.359999999999999814e-04
1.800000000000000000e+01 2.500000000000000000e+01 5.500000000000000000e+01 0.000000000000000000e+00 1.600000000000000089e+00 9.849999999999999815e-04 8.725999999999999382e-03 -9.999609999999999888e-01 -1.247000000000000018e-02 -9.998839999999999950e-01 -8.736999999999999975e-03 -9.999219999999999775e-01 1.247799999999999951e-02 -8.760000000000000425e-04
2.100000000000000000e+01 2.500000000000000000e+01 5.500000000000000000e+01 0.000000000000000000e+00 1.600000000000000089e+00 2.125999999999999852e-03 6.205999999999999711e-03 -9.999780000000000335e-01 -1.290999999999999960e-02 -9.998970000000000358e-01 -6.232999999999999825e-03 -9.999139999999999695e-01 1.292300000000000046e-02 -2.044999999999999943e-03
2.800000000000000000e+01 2.500000000000000000e+01 5.500000000000000000e+01 0.000000000000000000e+00 1.600000000000000089e+00 -4.099999999999999912e-04 2.103999999999999967e-03 -9.999980000000000535e-01 -1.196099999999999941e-02 -9.999259999999999815e-01 -2.099000000000000171e-03 -9.999280000000000390e-01 1.196000000000000014e-02 4.350000000000000026e-04
2.100000000000000000e+01 2.100000000000000000e+01 6.000000000000000000e+01 0.000000000000000000e+00 1.600000000000000089e+00 -3.011999999999999920e-03 3.575699999999999712e-02 9.993560000000000221e-01 -9.366700000000000026e-02 9.949569999999999803e-01 -3.588199999999999723e-02 -9.955990000000000117e-01 -9.371500000000000663e-02 3.530000000000000152e-04
3.000000000000000000e+01 2.100000000000000000e+01 6.000000000000000000e+01 0.000000000000000000e+00 1.600000000000000089e+00 -4.459999999999999989e-04 5.354000000000000252e-03 9.999860000000000415e-01 -9.478799999999999726e-02 9.954830000000000068e-01 -5.372000000000000039e-03 -9.954969999999999652e-01 -9.478899999999999826e-02 6.399999999999999710e-05
2.300000000000000000e+01 3.000000000000000000e+00 6.300000000000000000e+01 0.000000000000000000e+00 1.600000000000000089e+00 9.449999999999999850e-04 2.379799999999999971e-02 9.997160000000000490e-01 -6.175530000000000186e-01 7.863200000000000189e-01 -1.813499999999999834e-02 -7.865290000000000337e-01 -6.173610000000000486e-01 1.544000000000000060e-02
7.000000000000000000e+00 2.700000000000000000e+01 6.300000000000000000e+01 0.000000000000000000e+00 1.600000000000000089e+00 1.794000000000000022e-03 -7.349999999999999763e-04 9.999980000000000535e-01 -2.877149999999999985e-01 9.577149999999999830e-01 1.219999999999999947e-03 -9.577139999999999542e-01 -2.877170000000000005e-01 1.507000000000000093e-03
1.100000000000000000e+01 2.700000000000000000e+01 6.300000000000000000e+01 0.000000000000000000e+00 1.600000000000000089e+00 -5.919999999999999698e-04 5.930000000000000375e-03 9.999820000000000375e-01 -2.908129999999999882e-01 9.567620000000000013e-01 -5.845999999999999634e-03 -9.567799999999999638e-01 -2.908109999999999862e-01 1.157999999999999958e-03
1.600000000000000000e+01 2.700000000000000000e+01 6.300000000000000000e+01 0.000000000000000000e+00 1.600000000000000089e+00 -3.148000000000000190e-03 2.619700000000000153e-02 9.996519999999999850e-01 -2.862330000000000152e-01 9.578069999999999640e-01 -2.600200000000000081e-02 -9.581549999999999789e-01 -2.862149999999999972e-01 4.483000000000000006e-03
2.200000000000000000e+01 2.700000000000000000e+01 6.300000000000000000e+01 0.000000000000000000e+00 1.600000000000000089e+00 -1.637000000000000000e-03 1.368300000000000072e-02 9.999050000000000438e-01 -2.801679999999999726e-01 9.598550000000000137e-01 -1.359400000000000018e-02 -9.599499999999999700e-01 -2.801640000000000241e-01 2.262999999999999821e-03
2.600000000000000000e+01 2.700000000000000000e+01 6.300000000000000000e+01 0.000000000000000000e+00 1.600000000000000089e+00 2.756000000000000203e-03 2.589999999999999854e-03 9.999930000000000208e-01 -2.773370000000000002e-01 9.607710000000000417e-01 -1.724000000000000055e-03 -9.607689999999999841e-01 -2.773300000000000209e-01 3.367000000000000201e-03
7.000000000000000000e+00 2.600000000000000000e+01 6.400000000000000000e+01 0.000000000000000000e+00 1.600000000000000089e+00 3.704999999999999960e-03 1.275000000000000092e-03 9.999919999999999920e-01 -3.708480000000000110e-01 9.286940000000000195e-01 1.900000000000000105e-04 -9.286860000000000115e-01 -3.708460000000000090e-01 3.913999999999999944e-03
1.100000000000000000e+01 2.600000000000000000e+01 6.400000000000000000e+01 0.000000000000000000e+00 1.600000000000000089e+00 -9.139999999999999904e-04 8.439000000000000321e-03 9.999639999999999640e-01 -3.719259999999999788e-01 9.282270000000000243e-01 -8.174000000000000710e-03 -9.282620000000000315e-01 -3.719199999999999728e-01 2.289999999999999935e-03
1.500000000000000000e+01 2.600000000000000000e+01 6.400000000000000000e+01 0.000000000000000000e+00 1.600000000000000089e+00 -5.392000000000000091e-03 2.335900000000000129e-02 9.997129999999999628e-01 -3.685919999999999752e-01 9.292890000000000317e-01 -2.370200000000000085e-02 -9.295759999999999579e-01 -3.686139999999999972e-01 3.599999999999999901e-03
2.700000000000000000e+01 2.600000000000000000e+01 6.400000000000000000e+01 0.000000000000000000e+00 1.600000000000000089e+00 2.974000000000000081e-03 5.497000000000000150e-03 9.999799999999999800e-01 -3.655059999999999976e-01 9.307999999999999607e-01 -4.029999999999999728e-03 -9.308039999999999647e-01 -3.654870000000000063e-01 4.776999999999999996e-03
2.500000000000000000e+01 6.900000000000000000e+01 6.600000000000000000e+01 0.000000000000000000e+00 1.600000000000000089e+00 1.412999999999999977e-03 3.654999999999999829e-03 9.999919999999999920e-01 -9.513040000000000385e-01 3.082539999999999725e-01 2.169999999999999891e-04 -3.082509999999999972e-01 -9.512969999999999482e-01 3.911999999999999679e-03
3.000000000000000000e+01 6.900000000000000000e+01 6.600000000000000000e+01 0.000000000000000000e+00 1.600000000000000089e+00 1.086699999999999992e-02 1.474999999999999966e-03 9.999400000000000510e-01 -9.522610000000000241e-01 3.051249999999999796e-01 9.898999999999999813e-03 -3.050919999999999743e-01 -9.523110000000000186e-01 4.721000000000000370e-03
2.000000000000000000e+00 2.500000000000000000e+01 7.300000000000000000e+01 0.000000000000000000e+00 1.600000000000000089e+00 -3.638000000000000175e-03 -2.175999999999999983e-03 9.999909999999999632e-01 7.536180000000000101e-01 -6.573109999999999786e-01 1.311000000000000099e-03 6.573020000000000529e-01 7.536159999999999526e-01 4.030999999999999861e-03
1.400000000000000000e+01 2.500000000000000000e+01 7.300000000000000000e+01 0.000000000000000000e+00 1.600000000000000089e+00 6.749999999999999924e-03 6.891000000000000424e-03 9.999540000000000095e-01 7.571670000000000345e-01 -6.532210000000000516e-01 -6.089999999999999494e-04 6.531860000000000444e-01 7.571360000000000312e-01 -9.627000000000000141e-03
2.000000000000000000e+01 2.500000000000000000e+01 7.300000000000000000e+01 0.000000000000000000e+00 1.600000000000000089e+00 1.155600000000000030e-02 1.028399999999999974e-02 9.998799999999999910e-01 7.484790000000000054e-01 -6.631559999999999677e-01 -1.828999999999999897e-03 6.630580000000000362e-01 7.484100000000000197e-01 -1.536099999999999965e-02
2.700000000000000000e+01 2.500000000000000000e+01 7.300000000000000000e+01 0.000000000000000000e+00 1.600000000000000089e+00 -3.027000000000000177e-03 -2.040000000000000147e-03 9.999930000000000208e-01 7.457470000000000487e-01 -6.662289999999999601e-01 8.989999999999999511e-04 6.662230000000000096e-01 7.457439999999999625e-01 3.537999999999999912e-03
1.000000000000000000e+00 4.400000000000000000e+01 7.300000000000000000e+01 0.000000000000000000e+00 1.600000000000000089e+00 3.040000000000000167e-04 -1.874000000000000015e-03 9.999980000000000535e-01 5.581099999999999950e-02 -9.984399999999999942e-01 -1.887999999999999921e-03 9.984410000000000229e-01 5.581099999999999950e-02 -1.990000000000000124e-04
8.000000000000000000e+00 4.400000000000000000e+01 7.300000000000000000e+01 0.000000000000000000e+00 1.600000000000000089e+00 8.339999999999999974e-04 2.504000000000000149e-03 9.999959999999999960e-01 5.483799999999999786e-02 -9.984920000000000462e-01 2.454000000000000018e-03 9.984950000000000214e-01 5.483500000000000180e-02 -9.700000000000000505e-04
1.200000000000000000e+01 4.400000000000000000e+01 7.300000000000000000e+01 0.000000000000000000e+00 1.600000000000000089e+00 -2.351999999999999924e-03 -7.399999999999999894e-04 9.999970000000000248e-01 5.357499999999999762e-02 -9.985640000000000072e-01 -6.130000000000000466e-04 9.985610000000000319e-01 5.357300000000000256e-02 2.387999999999999932e-03
2.100000000000000000e+01 4.400000000000000000e+01 7.300000000000000000e+01 0.000000000000000000e+00 1.600000000000000089e+00 -4.714999999999999573e-03 -2.668999999999999932e-03 9.999850000000000128e-01 4.659499999999999753e-02 -9.989109999999999934e-01 -2.446999999999999956e-03 9.989029999999999854e-01 4.658299999999999941e-02 4.833999999999999755e-03
2.600000000000000000e+01 4.400000000000000000e+01 7.300000000000000000e+01 0.000000000000000000e+00 1.600000000000000089e+00 -1.337000000000000081e-03 7.789999999999999616e-04 9.999989999999999712e-01 4.642899999999999805e-02 -9.989209999999999479e-01 8.400000000000000348e-04 9.989209999999999479e-01 4.642999999999999905e-02 1.299000000000000024e-03
3.000000000000000000e+01 4.400000000000000000e+01 7.300000000000000000e+01 0.000000000000000000e+00 1.600000000000000089e+00 9.370000000000000074e-04 3.995000000000000287e-03 9.999919999999999920e-01 4.590799999999999742e-02 -9.989379999999999926e-01 3.948000000000000120e-03 9.989449999999999719e-01 4.590400000000000036e-02 -1.119999999999999902e-03
