1.600000000000000000e+01 1.600000000000000000e+01 4.000000000000000000e+00 0.000000000000000000e+00 1.600000000000000089e+00 -2.491000000000000159e-03 1.428000000000000016e-03 9.999959999999999960e-01 4.564719999999999889e-01 -8.897340000000000249e-01 2.407999999999999984e-03 8.897340000000000249e-01 4.564759999999999929e-01 1.564999999999999985e-03
9.000000000000000000e+00 1.010000000000000000e+02 7.000000000000000000e+00 0.000000000000000000e+00 1.600000000000000089e+00 -3.069999999999999812e-04 -3.628000000000000148e-03 9.999930000000000208e-01 8.856559999999999988e-01 4.643369999999999997e-01 1.955999999999999839e-03 -4.643410000000000037e-01 8.856509999999999661e-01 3.070999999999999945e-03
1.400000000000000000e+01 1.010000000000000000e+02 7.000000000000000000e+00 0.000000000000000000e+00 1.600000000000000089e+00 -1.191999999999999917e-03 -7.145999999999999575e-03 9.999740000000000295e-01 8.858340000000000103e-01 4.639820000000000055e-01 4.372000000000000018e-03 -4.640009999999999968e-01 8.858160000000000478e-01 5.777000000000000017e-03
2.000000000000000000e+00 2.500000000000000000e+01 8.000000000000000000e+00 0.000000000000000000e+00 1.600000000000000089e+00 6.960000000000000041e-04 2.020000000000000040e-04 -1.000000000000000000e+00 4.482679999999999998e-01 8.938989999999999991e-01 4.920000000000000328e-04 8.938989999999999991e-01 -4.482679999999999998e-01 5.320000000000000293e-04
1.800000000000000000e+01 2.500000000000000000e+01 8.000000000000000000e+00 0.000000000000000000e+00 1.600000000000000089e+00 1.977000000000000025e-03 2.419000000000000143e-03 -9.999949999999999672e-01 4.467969999999999997e-01 8.946300000000000363e-01 3.047999999999999928e-03 8.946330000000000116e-01 -4.468010000000000037e-01 6.880000000000000265e-04
2.200000000000000000e+01 2.500000000000000000e+01 8.000000000000000000e+00 0.000000000000000000e+00 1.600000000000000089e+00 2.750999999999999973e-03 8.255999999999999450e-03 -9.999620000000000175e-01 4.451209999999999889e-01 8.954290000000000305e-01 8.618000000000000660e-03 8.954659999999999842e-01 -4.451280000000000237e-01 -1.211999999999999970e-03
2.700000000000000000e+01 2.500000000000000000e+01 8.000000000000000000e+00 0.000000000000000000e+00 1.600000000000000089e+00 2.550000000000000183e-04 1.804000000000000048e-03 -9.999980000000000535e-01 4.436390000000000056e-01 8.962040000000000006e-01 1.729999999999999984e-03 8.962050000000000294e-01 -4.436390000000000056e-01 -5.710000000000000015e-04
2.300000000000000000e+01 9.000000000000000000e+00 9.000000000000000000e+00 0.000000000000000000e+00 1.600000000000000089e+00 4.013000000000000074e-03 -7.830999999999999420e-03 -9.999609999999999888e-01 -9.447520000000000362e-01 -3.277849999999999930e-01 -1.224000000000000045e-03 -3.277630000000000265e-01 9.447200000000000042e-01 -8.713999999999999524e-03
3.000000000000000000e+01 9.000000000000000000e+00 9.000000000000000000e+00 0.000000000000000000e+00 1.600000000000000089e+00 -1.270100000000000048e-02 -1.939600000000000005e-02 -9.997310000000000363e-01 -9.452000000000000401e-01 -3.259779999999999900e-01 1.833299999999999860e-02 -3.262459999999999805e-01 9.451779999999999626e-01 -1.419199999999999975e-02
2.000000000000000000e+00 2.400000000000000000e+01 9.000000000000000000e+00 0.000000000000000000e+00 1.600000000000000089e+00 5.159999999999999656e-04 -7.089999999999999948e-04 -1.000000000000000000e+00 4.559070000000000067e-01 8.900280000000000413e-01 -3.959999999999999762e-04 8.900270000000000126e-01 -4.559059999999999779e-01 7.820000000000000345e-04
1.000000000000000000e+01 2.400000000000000000e+01 9.000000000000000000e+00 0.000000000000000000e+00 1.600000000000000089e+00 -1.183000000000000024e-03 -3.703000000000000128e-03 -9.999919999999999920e-01 4.545699999999999741e-01 8.907030000000000225e-01 -3.836000000000000000e-03 8.907100000000000017e-01 -4.545710000000000028e-01 6.290000000000000018e-04
1.400000000000000000e+01 2.400000000000000000e+01 9.000000000000000000e+00 0.000000000000000000e+00 1.600000000000000089e+00 -8.009999999999999542e-04 -3.833000000000000036e-03 -9.999919999999999920e-01 4.544210000000000194e-01 8.907789999999999875e-01 -3.778000000000000108e-03 8.907869999999999955e-01 -4.544199999999999906e-01 1.028999999999999967e-03
2.200000000000000000e+01 2.400000000000000000e+01 9.000000000000000000e+00 0.000000000000000000e+00 1.600000000000000089e+00 2.805999999999999901e-03 8.609000000000000333e-03 -9.999590000000000423e-01 4.527180000000000093e-01 8.916089999999999849e-01 8.946000000000000826e-03 8.916490000000000249e-01 -4.527240000000000153e-01 -1.396000000000000105e-03
2.500000000000000000e+01 2.400000000000000000e+01 9.000000000000000000e+00 0.000000000000000000e+00 1.600000000000000089e+00 1.242999999999999964e-03 1.984000000000000086e-03 -9.999970000000000248e-01 4.513820000000000054e-01 8.923280000000000101e-01 2.331999999999999872e-03 8.923299999999999566e-01 -4.513829999999999787e-01 2.139999999999999975e-04
6.000000000000000000e+00 3.500000000000000000e+01 1.200000000000000000e+01 0.000000000000000000e+00 1.600000000000000089e+00 -7.110000000000000434e-04 -5.127999999999999746e-03 -9.999869999999999592e-01 4.508010000000000073e-01 -8.926140000000000185e-01 4.257000000000000367e-03 -8.926239999999999730e-01 -4.507920000000000260e-01 2.946999999999999967e-03
1.400000000000000000e+01 3.500000000000000000e+01 1.200000000000000000e+01 0.000000000000000000e+00 1.600000000000000089e+00 8.509999999999999769e-04 -1.503999999999999912e-03 -9.999989999999999712e-01 4.424409999999999732e-01 -8.967960000000000376e-01 1.724999999999999971e-03 -8.967969999999999553e-01 -4.424420000000000019e-01 -9.699999999999999963e-05
1.800000000000000000e+01 3.500000000000000000e+01 1.200000000000000000e+01 0.000000000000000000e+00 1.600000000000000089e+00 -9.979999999999999722e-04 3.880999999999999901e-03 -9.999919999999999920e-01 4.399710000000000010e-01 -8.980040000000000244e-01 -3.924000000000000404e-03 -8.980120000000000324e-01 -4.399710000000000010e-01 -8.109999999999999805e-04
2.500000000000000000e+01 3.500000000000000000e+01 1.200000000000000000e+01 0.000000000000000000e+00 1.600000000000000089e+00 1.479999999999999979e-03 7.669999999999999951e-04 -9.999989999999999712e-01 4.577689999999999815e-01 -8.890709999999999447e-01 -5.000000000000000409e-06 -8.890700000000000269e-01 -4.577689999999999815e-01 -1.667000000000000079e-03
2.800000000000000000e+01 3.500000000000000000e+01 1.200000000000000000e+01 0.000000000000000000e+00 1.600000000000000089e+00 5.980000000000000072e-04 -4.447999999999999697e-03 -9.999900000000000455e-01 4.615070000000000006e-01 -8.871269999999999989e-01 4.222000000000000058e-03 -8.871369999999999534e-01 -4.615040000000000253e-01 1.521999999999999915e-03
1.200000000000000000e+01 3.200000000000000000e+01 1.400000000000000000e+01 0.000000000000000000e+00 1.600000000000000089e+00 -9.409999999999999962e-04 1.126000000000000048e-03 -9.999989999999999712e-01 1.071560000000000012e-01 9.942419999999999591e-01 1.018999999999999941e-03 9.942419999999999591e-01 -1.071550000000000002e-01 -1.056999999999999997e-03
1.700000000000000000e+01 3.200000000000000000e+01 1.400000000000000000e+01 0.000000000000000000e+00 1.600000000000000089e+00 2.579999999999999828e-04 -3.616999999999999989e-03 -9.999930000000000208e-01 1.063759999999999983e-01 9.943199999999999816e-01 -3.569000000000000124e-03 9.943260000000000431e-01 -1.063739999999999963e-01 6.409999999999999682e-04
9.000000000000000000e+00 1.160000000000000000e+02 1.600000000000000000e+01 0.000000000000000000e+00 1.600000000000000089e+00 1.703000000000000087e-03 2.265000000000000086e-03 9.999959999999999960e-01 7.529369999999999674e-01 6.580869999999999775e-01 -2.772999999999999857e-03 -6.580899999999999528e-01 7.529390000000000249e-01 -5.850000000000000165e-04
2.600000000000000000e+01 1.160000000000000000e+02 1.600000000000000000e+01 0.000000000000000000e+00 1.600000000000000089e+00 5.950000000000000427e-04 1.544999999999999932e-03 9.999989999999999712e-01 7.063479999999999759e-01 7.078630000000000200e-01 -1.513999999999999938e-03 -7.078640000000000487e-01 7.063479999999999759e-01 -6.700000000000000226e-04
7.000000000000000000e+00 2.000000000000000000e+00 1.900000000000000000e+01 0.000000000000000000e+00 1.600000000000000089e+00 -3.435000000000000119e-03 1.532200000000000055e-02 -9.998770000000000158e-01 3.275759999999999783e-01 -9.446959999999999802e-01 -1.560100000000000028e-02 -9.448189999999999644e-01 -3.275890000000000191e-01 -1.773999999999999969e-03
1.400000000000000000e+01 2.000000000000000000e+00 1.900000000000000000e+01 0.000000000000000000e+00 1.600000000000000089e+00 -8.040000000000000271e-04 1.941400000000000070e-02 -9.998110000000000053e-01 3.284500000000000197e-01 -9.443380000000000107e-01 -1.860099999999999948e-02 -9.445210000000000550e-01 -3.284030000000000005e-01 -5.617999999999999730e-03
2.000000000000000000e+01 2.000000000000000000e+00 1.900000000000000000e+01 0.000000000000000000e+00 1.600000000000000089e+00 4.300000000000000165e-05 4.111000000000000071e-03 -9.999919999999999920e-01 3.264870000000000272e-01 -9.451939999999999786e-01 -3.872000000000000008e-03 -9.452019999999999866e-01 -3.264839999999999964e-01 -1.382999999999999898e-03
2.600000000000000000e+01 2.000000000000000000e+00 1.900000000000000000e+01 0.000000000000000000e+00 1.600000000000000089e+00 8.989999999999999511e-04 6.944999999999999785e-03 -9.999749999999999472e-01 3.255440000000000000e-01 -9.455059999999999576e-01 -6.274000000000000063e-03 -9.455270000000000064e-01 -3.255299999999999860e-01 -3.111000000000000050e-03
2.000000000000000000e+00 3.000000000000000000e+00 1.900000000000000000e+01 0.000000000000000000e+00 1.600000000000000089e+00 -1.310000000000000129e-04 4.708999999999999644e-03 -9.999890000000000168e-01 3.042679999999999829e-01 -9.525759999999999783e-01 -4.525000000000000376e-03 -9.525860000000000438e-01 -3.042650000000000077e-01 -1.307999999999999918e-03
1.300000000000000000e+01 3.000000000000000000e+00 1.900000000000000000e+01 0.000000000000000000e+00 1.600000000000000089e+00 -1.345999999999999974e-03 1.847800000000000137e-02 -9.998280000000000500e-01 3.000249999999999861e-01 -9.537609999999999699e-01 -1.803099999999999842e-02 -9.539309999999999734e-01 -2.999970000000000137e-01 -4.259999999999999898e-03
1.000000000000000000e+00 1.300000000000000000e+01 2.000000000000000000e+01 0.000000000000000000e+00 1.600000000000000089e+00 7.680000000000000195e-04 1.753000000000000001e-03 9.999980000000000535e-01 2.594480000000000119e-01 9.657550000000000301e-01 -1.892000000000000019e-03 -9.657569999999999766e-01 2.594489999999999852e-01 2.869999999999999830e-04
5.000000000000000000e+00 1.300000000000000000e+01 2.000000000000000000e+01 0.000000000000000000e+00 1.600000000000000089e+00 3.800000000000000209e-05 4.400000000000000157e-04 1.000000000000000000e+00 2.602269999999999861e-01 9.655479999999999619e-01 -4.350000000000000026e-04 -9.655479999999999619e-01 2.602269999999999861e-01 -7.700000000000000139e-05
8.000000000000000000e+00 1.300000000000000000e+01 2.000000000000000000e+01 0.000000000000000000e+00 1.600000000000000089e+00 -6.279999999999999775e-04 -3.222000000000000038e-03 9.999949999999999672e-01 2.604730000000000101e-01 9.654760000000000009e-01 3.275000000000000133e-03 -9.654810000000000336e-01 2.604730000000000101e-01 2.329999999999999986e-04
1.300000000000000000e+01 1.300000000000000000e+01 2.000000000000000000e+01 0.000000000000000000e+00 1.600000000000000089e+00 -1.311000000000000099e-03 -6.669999999999999497e-04 9.999989999999999712e-01 2.622849999999999904e-01 9.649900000000000144e-01 9.870000000000000301e-04 -9.649900000000000144e-01 2.622860000000000191e-01 -1.090999999999999956e-03
2.000000000000000000e+01 1.300000000000000000e+01 2.000000000000000000e+01 0.000000000000000000e+00 1.600000000000000089e+00 5.800000000000000034e-04 2.570000000000000127e-04 1.000000000000000000e+00 2.627519999999999856e-01 9.648630000000000262e-01 -4.000000000000000192e-04 -9.648630000000000262e-01 2.627519999999999856e-01 4.920000000000000328e-04
2.500000000000000000e+01 1.300000000000000000e+01 2.000000000000000000e+01 0.000000000000000000e+00 1.600000000000000089e+00 1.649999999999999991e-03 5.580000000000000107e-04 9.999980000000000535e-01 2.624969999999999803e-01 9.649320000000000119e-01 -9.719999999999999907e-04 -9.649309999999999832e-01 2.624980000000000091e-01 1.446000000000000020e-03
3.000000000000000000e+01 1.300000000000000000e+01 2.000000000000000000e+01 0.000000000000000000e+00 1.600000000000000089e+00 -3.449999999999999833e-04 1.028899999999999954e-02 9.999470000000000303e-01 2.629429999999999823e-01 9.647609999999999797e-01 -9.835999999999999258e-03 -9.648109999999999742e-01 2.629250000000000198e-01 -3.037999999999999902e-03
1.100000000000000000e+01 5.000000000000000000e+01 2.200000000000000000e+01 0.000000000000000000e+00 1.600000000000000089e+00 -7.200000000000000182e-05 1.832999999999999994e-03 -9.999980000000000535e-01 -5.622920000000000140e-01 8.269379999999999509e-01 1.557000000000000007e-03 8.269389999999999796e-01 5.622909999999999853e-01 9.709999999999999664e-04
2.000000000000000000e+01 5.000000000000000000e+01 2.200000000000000000e+01 0.000000000000000000e+00 1.600000000000000089e+00 -2.203999999999999796e-03 2.750000000000000166e-04 -9.999970000000000248e-01 -5.650269999999999460e-01 8.250709999999999988e-01 1.472000000000000001e-03 8.250690000000000524e-01 5.650290000000000035e-01 -1.662999999999999982e-03
2.600000000000000000e+01 5.000000000000000000e+01 2.200000000000000000e+01 0.000000000000000000e+00 1.600000000000000089e+00 1.618999999999999996e-03 4.565999999999999746e-03 -9.999879999999999880e-01 -5.649729999999999475e-01 8.251039999999999486e-01 2.853000000000000067e-03 8.251079999999999526e-01 5.649619999999999642e-01 3.916000000000000210e-03
3.000000000000000000e+00 3.000000000000000000e+00 2.500000000000000000e+01 0.000000000000000000e+00 1.600000000000000089e+00 -8.369999999999999619e-04 -2.180000000000000080e-03 9.999970000000000248e-01 -1.964899999999999980e-02 -9.998050000000000548e-01 -2.196000000000000035e-03 9.998070000000000013e-01 -1.965099999999999833e-02 7.940000000000000009e-04
8.000000000000000000e+00 3.000000000000000000e+00 2.500000000000000000e+01 0.000000000000000000e+00 1.600000000000000089e+00 -4.963999999999999663e-03 1.392299999999999961e-02 9.998909999999999743e-01 -1.383000000000000028e-02 -9.998080000000000300e-01 1.385300000000000073e-02 9.998920000000000030e-01 -1.375999999999999966e-02 5.154999999999999860e-03
1.400000000000000000e+01 3.000000000000000000e+00 2.500000000000000000e+01 0.000000000000000000e+00 1.600000000000000089e+00 -3.340999999999999786e-03 8.887000000000000802e-03 9.999550000000000383e-01 -3.465000000000000198e-03 -9.999550000000000383e-01 8.874999999999999209e-03 9.999879999999999880e-01 -3.435000000000000119e-03 3.371999999999999997e-03
1.800000000000000000e+01 3.000000000000000000e+00 2.500000000000000000e+01 0.000000000000000000e+00 1.600000000000000089e+00 -6.620000000000000450e-04 -4.749999999999999990e-04 1.000000000000000000e+00 -1.466999999999999988e-03 -9.999989999999999712e-01 -4.760000000000000234e-04 9.999989999999999712e-01 -1.466999999999999988e-03 6.620000000000000450e-04
2.300000000000000000e+01 3.000000000000000000e+00 2.500000000000000000e+01 0.000000000000000000e+00 1.600000000000000089e+00 -4.100000000000000346e-03 5.782999999999999946e-03 9.999749999999999472e-01 8.239999999999999712e-04 -9.999829999999999552e-01 5.786999999999999610e-03 9.999909999999999632e-01 8.480000000000000124e-04 4.094999999999999682e-03
2.700000000000000000e+01 3.000000000000000000e+00 2.500000000000000000e+01 0.000000000000000000e+00 1.600000000000000089e+00 -3.729000000000000110e-03 1.773999999999999969e-03 9.999909999999999632e-01 8.444000000000000117e-03 -9.999630000000000463e-01 1.806000000000000097e-03 9.999569999999999848e-01 8.449999999999999178e-03 3.713999999999999854e-03
2.000000000000000000e+00 4.600000000000000000e+01 2.700000000000000000e+01 0.000000000000000000e+00 1.600000000000000089e+00 -6.189999999999999756e-04 -3.325999999999999963e-03 -9.999940000000000495e-01 6.667779999999999818e-01 7.452509999999999968e-01 -2.890999999999999907e-03 7.452560000000000295e-01 -6.667760000000000353e-01 1.757000000000000098e-03
5.000000000000000000e+00 4.600000000000000000e+01 3.000000000000000000e+01 0.000000000000000000e+00 1.600000000000000089e+00 -1.936999999999999920e-03 -2.394999999999999993e-03 -9.999949999999999672e-01 3.313940000000000219e-01 9.434879999999999933e-01 -2.902000000000000066e-03 9.434909999999999686e-01 -3.313980000000000259e-01 -1.033999999999999980e-03
1.200000000000000000e+01 4.600000000000000000e+01 3.000000000000000000e+01 0.000000000000000000e+00 1.600000000000000089e+00 1.099999999999999971e-05 -1.110000000000000011e-04 -1.000000000000000000e+00 3.352350000000000052e-01 9.421349999999999447e-01 -1.010000000000000020e-04 9.421349999999999447e-01 -3.352350000000000052e-01 4.699999999999999724e-05
1.000000000000000000e+00 5.800000000000000000e+01 3.100000000000000000e+01 0.000000000000000000e+00 1.600000000000000089e+00 1.106999999999999911e-03 1.895999999999999899e-03 9.999980000000000535e-01 -7.592879999999999630e-01 -6.507509999999999684e-01 2.073999999999999889e-03 6.507540000000000546e-01 -7.592879999999999630e-01 7.190000000000000210e-04
4.000000000000000000e+00 5.800000000000000000e+01 3.100000000000000000e+01 0.000000000000000000e+00 1.600000000000000089e+00 5.925999999999999844e-03 6.962000000000000306e-03 9.999580000000000135e-01 -7.584980000000000055e-01 -6.516129999999999978e-01 9.031000000000000832e-03 6.516490000000000338e-01 -7.585199999999999720e-01 1.418999999999999906e-03
1.200000000000000000e+01 5.800000000000000000e+01 3.100000000000000000e+01 0.000000000000000000e+00 1.600000000000000089e+00 3.667000000000000121e-03 5.171000000000000249e-03 9.999799999999999800e-01 -7.571759999999999602e-01 -6.531820000000000404e-01 6.153999999999999748e-03 6.532010000000000316e-01 -7.571830000000000505e-01 1.520000000000000084e-03
2.300000000000000000e+01 5.800000000000000000e+01 3.100000000000000000e+01 0.000000000000000000e+00 1.600000000000000089e+00 -1.010999999999999963e-03 2.850999999999999802e-03 9.999949999999999672e-01 -7.533769999999999634e-01 -6.575879999999999503e-01 1.113000000000000057e-03 6.575879999999999503e-01 -7.533720000000000416e-01 2.811999999999999830e-03
2.200000000000000000e+01 2.300000000000000000e+01 3.400000000000000000e+01 0.000000000000000000e+00 1.600000000000000089e+00 6.290000000000000018e-04 -2.288000000000000103e-03 9.999970000000000248e-01 3.965810000000000168e-01 -9.179969999999999519e-01 -2.350000000000000092e-03 9.179990000000000094e-01 3.965819999999999901e-01 3.289999999999999739e-04
6.000000000000000000e+00 4.600000000000000000e+01 3.500000000000000000e+01 0.000000000000000000e+00 1.600000000000000089e+00 4.070000000000000267e-04 8.159999999999999936e-04 -1.000000000000000000e+00 3.936959999999999904e-01 -9.192409999999999748e-01 -5.900000000000000296e-04 -9.192409999999999748e-01 -3.936950000000000172e-01 -6.949999999999999798e-04
1.000000000000000000e+01 4.600000000000000000e+01 3.500000000000000000e+01 0.000000000000000000e+00 1.600000000000000089e+00 5.590000000000000351e-04 -1.590999999999999966e-03 -9.999989999999999712e-01 3.926200000000000245e-01 -9.196990000000000443e-01 1.683000000000000034e-03 -9.197009999999999907e-01 -3.926200000000000245e-01 1.110000000000000011e-04
1.300000000000000000e+01 4.600000000000000000e+01 3.500000000000000000e+01 0.000000000000000000e+00 1.600000000000000089e+00 -1.520000000000000084e-04 -2.429999999999999868e-03 -9.999970000000000248e-01 3.926560000000000050e-01 -9.196830000000000283e-01 2.174999999999999850e-03 -9.196849999999999747e-01 -3.926540000000000030e-01 1.093999999999999920e-03
2.100000000000000000e+01 4.600000000000000000e+01 3.500000000000000000e+01 0.000000000000000000e+00 1.600000000000000089e+00 6.120000000000000223e-04 1.482999999999999943e-03 -9.999989999999999712e-01 3.912470000000000114e-01 -9.202850000000000197e-01 -1.124999999999999915e-03 -9.202860000000000484e-01 -3.912450000000000094e-01 -1.142999999999999919e-03
2.500000000000000000e+01 4.600000000000000000e+01 3.500000000000000000e+01 0.000000000000000000e+00 1.600000000000000089e+00 1.103999999999999947e-03 1.041999999999999958e-03 -9.999989999999999712e-01 3.897249999999999881e-01 -9.209310000000000551e-01 -5.299999999999999807e-04 -9.209310000000000551e-01 -3.897240000000000149e-01 -1.423000000000000003e-03
2.800000000000000000e+01 4.600000000000000000e+01 3.500000000000000000e+01 0.000000000000000000e+00 1.600000000000000089e+00 2.090000000000000115e-04 2.686000000000000019e-03 -9.999959999999999960e-01 3.885759999999999770e-01 -9.214139999999999553e-01 -2.393999999999999861e-03 -9.214170000000000416e-01 -3.885739999999999750e-01 -1.235999999999999903e-03
4.000000000000000000e+00 3.000000000000000000e+00 4.300000000000000000e+01 0.000000000000000000e+00 1.600000000000000089e+00 -3.063000000000000184e-03 -5.198000000000000363e-03 -9.999820000000000375e-01 7.402450000000000419e-01 -6.723360000000000447e-01 1.227000000000000009e-03 -6.723299999999999832e-01 -7.402279999999999971e-01 5.906999999999999924e-03
1.300000000000000000e+01 3.000000000000000000e+00 4.300000000000000000e+01 0.000000000000000000e+00 1.600000000000000089e+00 -6.000000000000000152e-06 -1.037100000000000001e-02 -9.999460000000000015e-01 7.439299999999999802e-01 -6.682219999999999827e-01 6.925999999999999865e-03 -6.682580000000000187e-01 -7.438900000000000512e-01 7.719000000000000167e-03
1.900000000000000000e+01 3.000000000000000000e+00 4.300000000000000000e+01 0.000000000000000000e+00 1.600000000000000089e+00 -4.124000000000000062e-03 -1.051599999999999931e-02 -9.999360000000000470e-01 7.402710000000000123e-01 -6.722960000000000047e-01 4.016999999999999738e-03 -6.722949999999999759e-01 -7.402079999999999771e-01 1.055700000000000041e-02
2.800000000000000000e+01 3.000000000000000000e+00 4.300000000000000000e+01 0.000000000000000000e+00 1.600000000000000089e+00 -1.689999999999999879e-04 9.499999999999999981e-04 -1.000000000000000000e+00 7.346160000000000467e-01 -6.784829999999999472e-01 -7.690000000000000438e-04 -6.784839999999999760e-01 -7.346150000000000180e-01 -5.829999999999999679e-04
1.500000000000000000e+01 8.000000000000000000e+00 4.400000000000000000e+01 0.000000000000000000e+00 1.600000000000000089e+00 -1.820000000000000057e-04 -2.732000000000000053e-03 9.999959999999999960e-01 -7.833440000000000403e-01 -6.215859999999999719e-01 -1.840999999999999972e-03 6.215889999999999471e-01 -7.833409999999999540e-01 -2.027000000000000156e-03
4.000000000000000000e+00 2.900000000000000000e+01 4.400000000000000000e+01 0.000000000000000000e+00 1.600000000000000089e+00 -1.487999999999999956e-03 -1.832000000000000078e-03 -9.999970000000000248e-01 6.573130000000000361e-01 7.536140000000000061e-01 -2.358999999999999986e-03 7.536159999999999526e-01 -6.573149999999999826e-01 8.299999999999999815e-05
1.000000000000000000e+01 2.900000000000000000e+01 4.400000000000000000e+01 0.000000000000000000e+00 1.600000000000000089e+00 1.110000000000000011e-04 -1.335000000000000032e-03 -9.999989999999999712e-01 6.583780000000000188e-01 7.526869999999999949e-01 -9.319999999999999942e-04 7.526869999999999949e-01 -6.583780000000000188e-01 9.619999999999999645e-04
1.400000000000000000e+01 2.900000000000000000e+01 4.400000000000000000e+01 0.000000000000000000e+00 1.600000000000000089e+00 7.079999999999999705e-04 -2.550000000000000183e-04 -1.000000000000000000e+00 6.598389999999999533e-01 7.514070000000000471e-01 2.750000000000000166e-04 7.514060000000000183e-01 -6.598399999999999821e-01 6.999999999999999929e-04
1.900000000000000000e+01 2.900000000000000000e+01 4.400000000000000000e+01 0.000000000000000000e+00 1.600000000000000089e+00 2.990000000000000036e-04 3.152999999999999987e-03 -9.999949999999999672e-01 6.559789999999999788e-01 7.547749999999999737e-01 2.576000000000000165e-03 7.547789999999999777e-01 -6.559760000000000035e-01 -1.842000000000000104e-03
2.300000000000000000e+01 2.900000000000000000e+01 4.400000000000000000e+01 0.000000000000000000e+00 1.600000000000000089e+00 6.819999999999999890e-04 1.755000000000000050e-03 -9.999980000000000535e-01 6.567640000000000144e-01 7.540940000000000420e-01 1.771999999999999921e-03 7.540959999999999885e-01 -6.567640000000000144e-01 -6.380000000000000037e-04
2.700000000000000000e+01 2.900000000000000000e+01 4.400000000000000000e+01 0.000000000000000000e+00 1.600000000000000089e+00 3.809999999999999910e-04 1.322999999999999957e-03 -9.999989999999999712e-01 6.583499999999999908e-01 7.527110000000000190e-01 1.247000000000000062e-03 7.527120000000000477e-01 -6.583499999999999908e-01 -5.839999999999999922e-04
4.000000000000000000e+00 6.500000000000000000e+01 4.600000000000000000e+01 0.000000000000000000e+00 1.600000000000000089e+00 1.342000000000000094e-03 -1.968000000000000131e-03 9.999970000000000248e-01 6.774909999999999544e-01 -7.355270000000000419e-01 -2.357000000000000154e-03 7.355300000000000171e-01 6.774930000000000119e-01 3.460000000000000076e-04
1.700000000000000000e+01 7.400000000000000000e+01 4.900000000000000000e+01 0.000000000000000000e+00 1.600000000000000089e+00 1.711000000000000064e-03 -5.334000000000000200e-03 9.999839999999999840e-01 -9.820520000000000360e-01 1.885920000000000096e-01 2.686000000000000019e-03 -1.886029999999999929e-01 -9.820410000000000528e-01 -4.915000000000000098e-03
3.000000000000000000e+00 5.000000000000000000e+00 5.100000000000000000e+01 0.000000000000000000e+00 1.600000000000000089e+00 -3.459999999999999968e-03 -4.098000000000000080e-03 -9.999860000000000415e-01 4.867719999999999825e-01 -8.735270000000000534e-01 1.894999999999999983e-03 -8.735220000000000207e-01 -4.867580000000000240e-01 5.016999999999999758e-03
6.000000000000000000e+00 5.000000000000000000e+00 5.100000000000000000e+01 0.000000000000000000e+00 1.600000000000000089e+00 -1.956999999999999972e-03 -1.142000000000000003e-03 -9.999970000000000248e-01 4.940019999999999967e-01 -8.694610000000000394e-01 2.699999999999999899e-05 -8.694579999999999531e-01 -4.940010000000000234e-01 2.265999999999999785e-03
9.000000000000000000e+00 5.000000000000000000e+00 5.100000000000000000e+01 0.000000000000000000e+00 1.600000000000000089e+00 -3.124000000000000041e-03 1.310000000000000129e-04 -9.999949999999999672e-01 4.942289999999999739e-01 -8.693300000000000471e-01 -1.657999999999999969e-03 -8.693260000000000431e-01 -4.942320000000000046e-01 2.651000000000000145e-03
1.400000000000000000e+01 5.000000000000000000e+00 5.100000000000000000e+01 0.000000000000000000e+00 1.600000000000000089e+00 -3.930000000000000117e-04 -2.256000000000000193e-03 -9.999970000000000248e-01 4.901590000000000114e-01 -8.716319999999999624e-01 1.773999999999999969e-03 -8.716329999999999911e-01 -4.901570000000000094e-01 1.448000000000000068e-03
2.200000000000000000e+01 7.000000000000000000e+00 5.200000000000000000e+01 0.000000000000000000e+00 1.600000000000000089e+00 -3.410999999999999970e-03 2.239000000000000105e-03 -9.999919999999999920e-01 1.169110000000000010e-01 -9.931389999999999940e-01 -2.622999999999999898e-03 -9.931370000000000475e-01 -1.169189999999999952e-01 3.125000000000000173e-03
1.000000000000000000e+00 6.300000000000000000e+01 5.400000000000000000e+01 0.000000000000000000e+00 1.600000000000000089e+00 -1.761999999999999894e-03 5.019999999999999506e-04 9.999980000000000535e-01 -3.392319999999999780e-01 9.407020000000000381e-01 -1.069999999999999988e-03 -9.407010000000000094e-01 -3.392330000000000068e-01 -1.487000000000000040e-03
9.000000000000000000e+00 6.300000000000000000e+01 5.400000000000000000e+01 0.000000000000000000e+00 1.600000000000000089e+00 2.951000000000000064e-03 5.257999999999999653e-03 9.999820000000000375e-01 -3.379369999999999874e-01 9.411599999999999966e-01 -3.950999999999999651e-03 -9.411640000000000006e-01 -3.379190000000000249e-01 4.553999999999999888e-03
1.600000000000000000e+01 6.300000000000000000e+01 5.400000000000000000e+01 0.000000000000000000e+00 1.600000000000000089e+00 -6.130000000000000466e-04 -4.956999999999999601e-03 9.999879999999999880e-01 -3.452729999999999966e-01 9.384919999999999929e-01 4.440999999999999635e-03 -9.385019999999999474e-01 -3.452660000000000173e-01 -2.286999999999999970e-03
2.000000000000000000e+01 6.300000000000000000e+01 5.400000000000000000e+01 0.000000000000000000e+00 1.600000000000000089e+00 -9.439999999999999607e-04 -7.367000000000000284e-03 9.999719999999999720e-01 -3.440949999999999842e-01 9.389119999999999688e-01 6.591999999999999769e-03 -9.389340000000000463e-01 -3.440799999999999970e-01 -3.420999999999999996e-03
2.400000000000000000e+01 6.300000000000000000e+01 5.400000000000000000e+01 0.000000000000000000e+00 1.600000000000000089e+00 -3.600000000000000091e-05 -3.602000000000000167e-03 9.999940000000000495e-01 -3.391529999999999823e-01 9.407250000000000334e-01 3.376000000000000095e-03 -9.407309999999999839e-01 -3.391509999999999803e-01 -1.255000000000000039e-03
2.600000000000000000e+01 6.300000000000000000e+01 5.400000000000000000e+01 0.000000000000000000e+00 1.600000000000000089e+00 4.600000000000000139e-04 -5.890000000000000053e-04 1.000000000000000000e+00 -3.404920000000000169e-01 9.402470000000000550e-01 7.100000000000000191e-04 -9.402470000000000550e-01 -3.404929999999999901e-01 2.320000000000000014e-04
7.000000000000000000e+00 2.500000000000000000e+01 5.500000000000000000e+01 0.000000000000000000e+00 1.600000000000000089e+00 -2.095000000000000074e-03 -2.008999999999999935e-03 -9.999959999999999960e-01 -1.338600000000000033e-02 -9.999080000000000190e-01 2.037000000000000182e-03 -9.999080000000000190e-01 1.339000000000000086e-02 2.067999999999999960e-03
1.100000000000000000e+01 2.500000000000000000e+01 5.500000000000000000e+01 0.000000000000000000e+00 1.600000000000000089e+00 1.126000000000000048e-03 1.575000000000000011e-03 -9.999980000000000535e-01 -1.203300000000000029e-02 -9.999259999999999815e-01 -1.588999999999999918e-03 -9.999270000000000103e-01 1.203399999999999956e-02 -1.106999999999999911e-03
1.700000000000000000e+01 2.500000000000000000e+01 5.500000000000000000e+01 0.000000000000000000e+00 1.600000000000000089e+00 6.250000000000000130e-04 1.069000000000000072e-03 -9.999989999999999712e-01 -1.090799999999999929e-02 -9.999400000000000510e-01 -1.075999999999999917e-03 -9.999400000000000510e-01 1.090900000000000029e-02 -6.130000000000000466e-04
2.100000000000000000e+01 2.500000000000000000e+01 5.500000000000000000e+01 0.000000000000000000e+00 1.600000000000000089e+00 -1.240000000000000054e-04 -7.519999999999999558e-04 -1.000000000000000000e+00 -1.085799999999999960e-02 -9.999409999999999688e-01 7.529999999999999801e-04 -9.999409999999999688e-01 1.085799999999999960e-02 1.160000000000000007e-04
2.600000000000000000e+01 2.500000000000000000e+01 5.500000000000000000e+01 0.000000000000000000e+00 1.600000000000000089e+00 -1.121000000000000035e-03 4.299999999999999894e-04 -9.999989999999999712e-01 -1.016199999999999916e-02 -9.999479999999999480e-01 -4.189999999999999931e-04 -9.999479999999999480e-01 1.016199999999999916e-02 1.126000000000000048e-03
6.000000000000000000e+00 2.100000000000000000e+01 6.000000000000000000e+01 0.000000000000000000e+00 1.600000000000000089e+00 4.400000000000000157e-04 3.220000000000000206e-04 1.000000000000000000e+00 -9.317100000000000382e-02 9.956500000000000350e-01 -2.799999999999999755e-04 -9.956500000000000350e-01 -9.317100000000000382e-02 4.679999999999999915e-04
1.100000000000000000e+01 2.100000000000000000e+01 6.000000000000000000e+01 0.000000000000000000e+00 1.600000000000000089e+00 -1.691000000000000012e-03 4.119000000000000265e-03 9.999900000000000455e-01 -9.517699999999999771e-02 9.954509999999999748e-01 -4.261000000000000031e-03 -9.954589999999999828e-01 -9.518300000000000372e-02 -1.291000000000000047e-03
1.800000000000000000e+01 2.100000000000000000e+01 6.000000000000000000e+01 0.000000000000000000e+00 1.600000000000000089e+00 -6.970000000000000284e-04 4.300000000000000165e-05 1.000000000000000000e+00 -9.201499999999999957e-02 9.957580000000000320e-01 -1.069999999999999988e-04 -9.957570000000000032e-01 -9.201600000000000057e-02 -6.899999999999999667e-04
2.200000000000000000e+01 2.100000000000000000e+01 6.000000000000000000e+01 0.000000000000000000e+00 1.600000000000000089e+00 9.600000000000000243e-05 -1.589999999999999888e-04 1.000000000000000000e+00 -9.312499999999999944e-02 9.956540000000000390e-01 1.679999999999999907e-04 -9.956540000000000390e-01 -9.312499999999999944e-02 8.100000000000000375e-05
2.900000000000000000e+01 2.100000000000000000e+01 6.000000000000000000e+01 0.000000000000000000e+00 1.600000000000000089e+00 -7.140000000000000079e-04 -8.753999999999999629e-03 9.999609999999999888e-01 -9.332400000000000417e-02 9.955979999999999830e-01 8.649999999999999703e-03 -9.956359999999999655e-01 -9.331399999999999417e-02 -1.528000000000000061e-03
1.400000000000000000e+01 6.700000000000000000e+01 6.000000000000000000e+01 0.000000000000000000e+00 1.600000000000000089e+00 1.770000000000000089e-03 8.300000000000000086e-04 9.999980000000000535e-01 1.736929999999999863e-01 -9.848000000000000087e-01 5.100000000000000366e-04 9.847979999999999512e-01 1.736920000000000130e-01 -1.887000000000000005e-03
5.000000000000000000e+00 3.000000000000000000e+00 6.300000000000000000e+01 0.000000000000000000e+00 1.600000000000000089e+00 -1.234999999999999987e-03 3.976000000000000367e-03 9.999909999999999632e-01 -6.103699999999999681e-01 7.921070000000000055e-01 -3.903999999999999918e-03 -7.921160000000000423e-01 -6.103690000000000504e-01 1.448000000000000068e-03
2.300000000000000000e+01 3.000000000000000000e+00 6.300000000000000000e+01 0.000000000000000000e+00 1.600000000000000089e+00 -5.910000000000000539e-04 3.660000000000000059e-04 1.000000000000000000e+00 -6.186270000000000380e-01 7.856840000000000490e-01 -6.530000000000000431e-04 -7.856840000000000490e-01 -6.186279999999999557e-01 -2.380000000000000117e-04
2.000000000000000000e+00 2.700000000000000000e+01 6.300000000000000000e+01 0.000000000000000000e+00 1.600000000000000089e+00 2.926000000000000215e-03 -7.153999999999999769e-03 9.999700000000000255e-01 -2.807359999999999856e-01 9.597539999999999960e-01 7.688000000000000389e-03 -9.597809999999999953e-01 -2.807499999999999996e-01 8.000000000000000383e-04
9.000000000000000000e+00 2.700000000000000000e+01 6.300000000000000000e+01 0.000000000000000000e+00 1.600000000000000089e+00 -1.177000000000000095e-03 -6.669999999999999497e-04 9.999989999999999712e-01 -2.820570000000000022e-01 9.593979999999999730e-01 3.080000000000000055e-04 -9.593970000000000553e-01 -2.820559999999999734e-01 -1.317000000000000028e-03
2.000000000000000000e+01 2.700000000000000000e+01 6.300000000000000000e+01 0.000000000000000000e+00 1.600000000000000089e+00 -9.840000000000000656e-04 -4.344999999999999904e-03 9.999900000000000455e-01 -2.774570000000000092e-01 9.607299999999999729e-01 3.900999999999999954e-03 -9.607379999999999809e-01 -2.774499999999999744e-01 -2.151000000000000134e-03
2.700000000000000000e+01 2.700000000000000000e+01 6.300000000000000000e+01 0.000000000000000000e+00 1.600000000000000089e+00 2.173000000000000018e-03 2.756000000000000203e-03 9.999940000000000495e-01 -2.769229999999999747e-01 9.608900000000000219e-01 -2.046000000000000076e-03 -9.608900000000000219e-01 -2.769170000000000242e-01 2.851999999999999934e-03
4.000000000000000000e+00 2.600000000000000000e+01 6.400000000000000000e+01 0.000000000000000000e+00 1.600000000000000089e+00 4.312999999999999994e-03 -7.102999999999999939e-03 9.999649999999999928e-01 -3.722059999999999813e-01 9.281139999999999946e-01 8.198000000000000426e-03 -9.281399999999999650e-01 -3.722289999999999766e-01 1.358999999999999965e-03
8.000000000000000000e+00 2.600000000000000000e+01 6.400000000000000000e+01 0.000000000000000000e+00 1.600000000000000089e+00 -7.669999999999999951e-04 -3.229999999999999798e-03 9.999949999999999672e-01 -3.729310000000000125e-01 9.278549999999999853e-01 2.710999999999999868e-03 -9.278589999999999893e-01 -3.729259999999999797e-01 -1.915999999999999951e-03
1.200000000000000000e+01 2.600000000000000000e+01 6.400000000000000000e+01 0.000000000000000000e+00 1.600000000000000089e+00 -2.889999999999999774e-04 -3.004999999999999859e-03 9.999949999999999672e-01 -3.681369999999999920e-01 9.297680000000000389e-01 2.687000000000000152e-03 -9.297710000000000141e-01 -3.681349999999999900e-01 -1.374999999999999920e-03
2.100000000000000000e+01 2.600000000000000000e+01 6.400000000000000000e+01 0.000000000000000000e+00 1.600000000000000089e+00 -5.770000000000000389e-04 -4.161999999999999901e-03 9.999909999999999632e-01 -3.702880000000000060e-01 9.289100000000000135e-01 3.651999999999999864e-03 -9.289169999999999927e-01 -3.702820000000000000e-01 -2.076999999999999853e-03
2.500000000000000000e+01 2.600000000000000000e+01 6.400000000000000000e+01 0.000000000000000000e+00 1.600000000000000089e+00 1.064000000000000059e-03 -1.276000000000000007e-03 9.999989999999999712e-01 -3.698640000000000261e-01 9.290850000000000497e-01 1.579000000000000108e-03 -9.290850000000000497e-01 -3.698649999999999993e-01 5.169999999999999899e-04
2.800000000000000000e+01 2.600000000000000000e+01 6.400000000000000000e+01 0.000000000000000000e+00 1.600000000000000089e+00 2.119999999999999923e-03 4.474999999999999811e-03 9.999879999999999880e-01 -3.675089999999999746e-01 9.300140000000000073e-01 -3.383000000000000156e-03 -9.300169999999999826e-01 -3.674979999999999913e-01 3.616999999999999989e-03
4.000000000000000000e+00 6.900000000000000000e+01 6.600000000000000000e+01 0.000000000000000000e+00 1.600000000000000089e+00 -4.891999999999999647e-03 4.439000000000000237e-03 9.999780000000000335e-01 -9.492530000000000134e-01 3.144540000000000113e-01 -6.040000000000000230e-03 -3.144739999999999758e-01 -9.492620000000000502e-01 2.675999999999999993e-03
1.100000000000000000e+01 6.900000000000000000e+01 6.600000000000000000e+01 0.000000000000000000e+00 1.600000000000000089e+00 -5.069999999999999637e-04 -5.370999999999999906e-03 9.999850000000000128e-01 -9.512720000000000065e-01 3.083489999999999842e-01 1.173999999999999913e-03 -3.083509999999999862e-01 -9.512580000000000480e-01 -5.265999999999999848e-03
1.800000000000000000e+01 6.900000000000000000e+01 6.600000000000000000e+01 0.000000000000000000e+00 1.600000000000000089e+00 6.048999999999999690e-03 1.003999999999999901e-03 9.999810000000000088e-01 -9.485740000000000283e-01 3.165100000000000136e-01 5.420000000000000338e-03 -3.164989999999999748e-01 -9.485890000000000155e-01 2.867000000000000191e-03
1.500000000000000000e+01 3.100000000000000000e+01 7.100000000000000000e+01 0.000000000000000000e+00 1.600000000000000089e+00 6.250000000000000130e-04 1.327000000000000055e-03 -9.999989999999999712e-01 -7.287249999999999561e-01 -6.848049999999999971e-01 -1.363999999999999978e-03 -6.848070000000000546e-01 7.287249999999999561e-01 5.389999999999999826e-04
2.000000000000000000e+00 2.500000000000000000e+01 7.300000000000000000e+01 0.000000000000000000e+00 1.600000000000000089e+00 -1.219999999999999947e-03 1.109800000000000023e-02 9.999379999999999935e-01 7.537340000000000151e-01 -6.571280000000000454e-01 8.212999999999999814e-03 6.571780000000000399e-01 7.536969999999999503e-01 -7.563000000000000278e-03
6.000000000000000000e+00 2.500000000000000000e+01 7.300000000000000000e+01 0.000000000000000000e+00 1.600000000000000089e+00 3.370000000000000057e-04 5.223000000000000212e-03 9.999860000000000415e-01 7.574239999999999862e-01 -6.529160000000000519e-01 3.155999999999999951e-03 6.529239999999999489e-01 7.574119999999999742e-01 -4.176000000000000024e-03
