1.900000000000000000e+01 2.500000000000000000e+01 1.000000000000000000e+00 0.000000000000000000e+00 1.600000000000000089e+00 3.926999999999999935e-03 -4.477000000000000077e-03 -9.999820000000000375e-01 -5.219979999999999620e-01 -8.529449999999999532e-01 1.768999999999999956e-03 -8.529379999999999740e-01 5.219810000000000283e-01 -5.687000000000000215e-03
2.700000000000000000e+01 2.500000000000000000e+01 1.000000000000000000e+00 0.000000000000000000e+00 1.600000000000000089e+00 2.543000000000000121e-03 8.281000000000000166e-03 -9.999630000000000463e-01 -5.248260000000000147e-01 -8.511680000000000357e-01 -8.384000000000000827e-03 -8.512060000000000182e-01 5.248279999999999612e-01 2.181999999999999912e-03
1.300000000000000000e+01 4.200000000000000000e+01 2.000000000000000000e+00 0.000000000000000000e+00 1.600000000000000089e+00 6.590999999999999637e-03 -1.327500000000000034e-02 -9.998899999999999455e-01 9.829879999999999729e-01 -1.834510000000000030e-01 8.914999999999999314e-03 -1.835489999999999899e-01 -9.829390000000000072e-01 1.183999999999999983e-02
6.000000000000000000e+00 1.500000000000000000e+01 4.000000000000000000e+00 0.000000000000000000e+00 1.600000000000000089e+00 -2.413000000000000214e-03 -4.619999999999999975e-03 9.999860000000000415e-01 3.102110000000000145e-01 -9.506609999999999783e-01 -3.644000000000000104e-03 9.506649999999999823e-01 3.101979999999999738e-01 3.726999999999999844e-03
9.000000000000000000e+00 1.500000000000000000e+01 4.000000000000000000e+00 0.000000000000000000e+00 1.600000000000000089e+00 -3.118000000000000112e-03 -2.626999999999999995e-03 9.999919999999999920e-01 3.089919999999999889e-01 -9.510629999999999917e-01 -1.534999999999999906e-03 9.510600000000000165e-01 3.089850000000000096e-01 3.776999999999999975e-03
1.800000000000000000e+01 1.500000000000000000e+01 4.000000000000000000e+00 0.000000000000000000e+00 1.600000000000000089e+00 1.985999999999999918e-03 3.278000000000000098e-03 9.999930000000000208e-01 3.055999999999999828e-01 -9.521570000000000311e-01 2.514000000000000175e-03 9.521579999999999488e-01 3.055930000000000035e-01 -2.893000000000000172e-03
2.800000000000000000e+01 1.500000000000000000e+01 4.000000000000000000e+00 0.000000000000000000e+00 1.600000000000000089e+00 -6.204999999999999578e-03 2.339999999999999958e-04 9.999810000000000088e-01 3.024519999999999986e-01 -9.531619999999999537e-01 2.099999999999999870e-03 9.531439999999999912e-01 3.024589999999999779e-01 5.844000000000000236e-03
5.000000000000000000e+00 1.010000000000000000e+02 7.000000000000000000e+00 0.000000000000000000e+00 1.600000000000000089e+00 -1.809999999999999977e-03 -8.625999999999999987e-03 9.999609999999999888e-01 8.808489999999999931e-01 4.733629999999999782e-01 5.676999999999999755e-03 -4.733930000000000082e-01 8.808249999999999691e-01 6.740999999999999596e-03
1.000000000000000000e+01 1.500000000000000000e+01 8.000000000000000000e+00 0.000000000000000000e+00 1.600000000000000089e+00 1.209000000000000005e-03 5.850000000000000165e-04 -9.999989999999999712e-01 -5.990450000000000497e-01 -8.007140000000000368e-01 -1.193000000000000050e-03 -8.007140000000000368e-01 5.990459999999999674e-01 -6.170000000000000354e-04
7.000000000000000000e+00 2.500000000000000000e+01 8.000000000000000000e+00 0.000000000000000000e+00 1.600000000000000089e+00 -4.299999999999999894e-04 2.668999999999999932e-03 -9.999959999999999960e-01 4.448750000000000204e-01 8.955899999999999972e-01 2.199000000000000000e-03 8.955929999999999724e-01 -4.448719999999999897e-01 -1.572000000000000047e-03
1.000000000000000000e+01 2.500000000000000000e+01 8.000000000000000000e+00 0.000000000000000000e+00 1.600000000000000089e+00 -1.897000000000000032e-03 -1.255999999999999955e-03 -9.999970000000000248e-01 4.435230000000000006e-01 8.962609999999999744e-01 -1.966999999999999998e-03 8.962609999999999744e-01 -4.435259999999999758e-01 -1.142999999999999919e-03
1.300000000000000000e+01 2.500000000000000000e+01 8.000000000000000000e+00 0.000000000000000000e+00 1.600000000000000089e+00 -1.007999999999999998e-03 -7.298999999999999932e-03 -9.999730000000000008e-01 4.445470000000000255e-01 8.957279999999999687e-01 -6.986000000000000022e-03 8.957549999999999679e-01 -4.445419999999999927e-01 2.341999999999999898e-03
1.700000000000000000e+01 2.500000000000000000e+01 8.000000000000000000e+00 0.000000000000000000e+00 1.600000000000000089e+00 -1.603999999999999957e-03 -5.899999999999999863e-03 -9.999810000000000088e-01 4.471700000000000119e-01 8.944290000000000296e-01 -5.995000000000000329e-03 8.944469999999999921e-01 -4.471720000000000139e-01 1.203999999999999992e-03
2.000000000000000000e+01 2.500000000000000000e+01 8.000000000000000000e+00 0.000000000000000000e+00 1.600000000000000089e+00 -3.350999999999999812e-03 -4.682999999999999663e-03 -9.999829999999999552e-01 4.487349999999999950e-01 8.936469999999999692e-01 -5.688000000000000347e-03 8.936579999999999524e-01 -4.487470000000000070e-01 -8.930000000000000221e-04
4.000000000000000000e+00 2.400000000000000000e+01 9.000000000000000000e+00 0.000000000000000000e+00 1.600000000000000089e+00 -4.539999999999999765e-04 -4.545000000000000429e-03 -9.999900000000000455e-01 4.495460000000000012e-01 8.932470000000000132e-01 -4.264000000000000429e-03 8.932569999999999677e-01 -4.495430000000000259e-01 1.637999999999999916e-03
1.000000000000000000e+01 2.400000000000000000e+01 9.000000000000000000e+00 0.000000000000000000e+00 1.600000000000000089e+00 -1.345000000000000058e-03 -1.387999999999999911e-03 -9.999980000000000535e-01 4.471189999999999887e-01 8.944720000000000448e-01 -1.843000000000000020e-03 8.944729999999999626e-01 -4.471209999999999907e-01 -5.829999999999999679e-04
1.400000000000000000e+01 2.400000000000000000e+01 9.000000000000000000e+00 0.000000000000000000e+00 1.600000000000000089e+00 -9.870000000000000301e-04 -6.320000000000000097e-03 -9.999799999999999800e-01 4.480999999999999983e-01 8.939629999999999521e-01 -6.092000000000000193e-03 8.939829999999999721e-01 -4.480970000000000231e-01 1.949999999999999910e-03
2.100000000000000000e+01 2.400000000000000000e+01 9.000000000000000000e+00 0.000000000000000000e+00 1.600000000000000089e+00 -3.072000000000000078e-03 -1.763000000000000027e-03 -9.999940000000000495e-01 4.510199999999999765e-01 8.925089999999999968e-01 -2.958999999999999825e-03 8.925079999999999680e-01 -4.510270000000000112e-01 -1.946999999999999946e-03
2.500000000000000000e+01 2.400000000000000000e+01 9.000000000000000000e+00 0.000000000000000000e+00 1.600000000000000089e+00 -2.083999999999999915e-03 -6.453999999999999668e-03 -9.999770000000000048e-01 4.518769999999999731e-01 8.920550000000000423e-01 -6.700000000000000226e-03 8.920780000000000376e-01 -4.518809999999999771e-01 1.056999999999999997e-03
2.800000000000000000e+01 2.400000000000000000e+01 9.000000000000000000e+00 0.000000000000000000e+00 1.600000000000000089e+00 -1.985999999999999918e-03 -5.668000000000000295e-03 -9.999820000000000375e-01 4.521709999999999896e-01 8.919120000000000381e-01 -5.954000000000000091e-03 8.919289999999999718e-01 -4.521740000000000204e-01 7.919999999999999523e-04
2.200000000000000000e+01 3.200000000000000000e+01 1.400000000000000000e+01 0.000000000000000000e+00 1.600000000000000089e+00 3.589999999999999984e-04 6.440000000000000412e-04 -1.000000000000000000e+00 1.064260000000000067e-01 9.943199999999999816e-01 6.790000000000000245e-04 9.943210000000000104e-01 -1.064269999999999938e-01 2.889999999999999774e-04
2.900000000000000000e+01 1.200000000000000000e+01 1.500000000000000000e+01 0.000000000000000000e+00 1.600000000000000089e+00 2.199000000000000000e-03 5.940000000000000184e-04 -9.999970000000000248e-01 -4.689220000000000055e-01 -8.832379999999999676e-01 -1.556000000000000091e-03 -8.832370000000000498e-01 4.689240000000000075e-01 -1.663999999999999898e-03
2.500000000000000000e+01 1.100000000000000000e+01 1.600000000000000000e+01 0.000000000000000000e+00 1.600000000000000089e+00 9.629999999999999888e-04 5.789999999999999791e-04 -9.999989999999999712e-01 -4.165499999999999758e-01 -9.091120000000000312e-01 -9.269999999999999811e-04 -9.091120000000000312e-01 4.165499999999999758e-01 -6.340000000000000149e-04
7.000000000000000000e+00 1.160000000000000000e+02 1.600000000000000000e+01 0.000000000000000000e+00 1.600000000000000089e+00 4.209999999999999875e-04 -1.340000000000000045e-03 9.999989999999999712e-01 6.876700000000000035e-01 7.260229999999999739e-01 6.840000000000000377e-04 -7.260229999999999739e-01 6.876689999999999747e-01 1.227999999999999925e-03
1.800000000000000000e+01 1.160000000000000000e+02 1.600000000000000000e+01 0.000000000000000000e+00 1.600000000000000089e+00 2.026000000000000023e-03 9.619999999999999645e-04 9.999970000000000248e-01 6.791369999999999907e-01 7.340090000000000225e-01 -2.082000000000000083e-03 -7.340090000000000225e-01 6.791390000000000482e-01 8.339999999999999974e-04
2.300000000000000000e+01 1.160000000000000000e+02 1.600000000000000000e+01 0.000000000000000000e+00 1.600000000000000089e+00 -1.679999999999999907e-04 1.721000000000000090e-03 9.999980000000000535e-01 6.959070000000000533e-01 7.181309999999999638e-01 -1.118999999999999986e-03 -7.181319999999999926e-01 6.959060000000000246e-01 -1.319000000000000077e-03
2.800000000000000000e+01 1.160000000000000000e+02 1.600000000000000000e+01 0.000000000000000000e+00 1.600000000000000089e+00 1.080999999999999930e-03 -3.892000000000000060e-03 9.999919999999999920e-01 6.839389999999999636e-01 7.295359999999999623e-01 2.099999999999999870e-03 -7.295380000000000198e-01 6.839309999999999556e-01 3.451000000000000074e-03
3.000000000000000000e+00 2.000000000000000000e+00 1.900000000000000000e+01 0.000000000000000000e+00 1.600000000000000089e+00 -6.610000000000000207e-04 -3.260000000000000094e-04 -1.000000000000000000e+00 1.950429999999999942e-01 -9.807949999999999724e-01 1.910000000000000077e-04 -9.807940000000000547e-01 -1.950429999999999942e-01 7.119999999999999593e-04
6.000000000000000000e+00 2.000000000000000000e+00 1.900000000000000000e+01 0.000000000000000000e+00 1.600000000000000089e+00 -2.478999999999999867e-03 -2.167000000000000089e-03 -9.999949999999999672e-01 1.963709999999999900e-01 -9.805279999999999552e-01 1.637999999999999916e-03 -9.805270000000000374e-01 -1.963660000000000128e-01 2.857000000000000164e-03
1.100000000000000000e+01 2.000000000000000000e+00 1.900000000000000000e+01 0.000000000000000000e+00 1.600000000000000089e+00 -1.557999999999999923e-03 5.263000000000000317e-03 -9.999850000000000128e-01 1.979960000000000053e-01 -9.801870000000000305e-01 -5.466999999999999638e-03 -9.802009999999999890e-01 -1.980020000000000113e-01 4.850000000000000253e-04
1.500000000000000000e+01 2.000000000000000000e+00 1.900000000000000000e+01 0.000000000000000000e+00 1.600000000000000089e+00 -3.941000000000000059e-03 6.295000000000000248e-03 -9.999719999999999720e-01 1.980959999999999943e-01 -9.801579999999999737e-01 -6.950999999999999714e-03 -9.801750000000000185e-01 -1.981179999999999886e-01 2.615000000000000137e-03
1.800000000000000000e+01 2.000000000000000000e+00 1.900000000000000000e+01 0.000000000000000000e+00 1.600000000000000089e+00 -2.295000000000000165e-03 7.709999999999999840e-04 -9.999970000000000248e-01 1.966189999999999882e-01 -9.804789999999999894e-01 -1.206999999999999957e-03 -9.804770000000000429e-01 -1.966209999999999902e-01 2.099000000000000171e-03
2.400000000000000000e+01 2.000000000000000000e+00 1.900000000000000000e+01 0.000000000000000000e+00 1.600000000000000089e+00 4.360000000000000269e-04 -5.132000000000000277e-03 -9.999869999999999592e-01 1.934379999999999988e-01 -9.810990000000000544e-01 5.120000000000000419e-03 -9.811119999999999841e-01 -1.934369999999999978e-01 5.649999999999999641e-04
2.900000000000000000e+01 2.000000000000000000e+00 1.900000000000000000e+01 0.000000000000000000e+00 1.600000000000000089e+00 4.760000000000000234e-04 -2.174999999999999850e-03 -9.999980000000000535e-01 1.957470000000000043e-01 -9.806519999999999682e-01 2.226000000000000114e-03 -9.806540000000000257e-01 -1.957470000000000043e-01 -4.100000000000000047e-05
7.000000000000000000e+00 4.000000000000000000e+00 2.000000000000000000e+01 0.000000000000000000e+00 1.600000000000000089e+00 -1.106999999999999911e-03 -2.066999999999999827e-03 -9.999970000000000248e-01 2.915429999999999966e-01 -9.565559999999999619e-01 1.654000000000000088e-03 -9.565569999999999906e-01 -2.915400000000000214e-01 1.660999999999999933e-03
1.800000000000000000e+01 4.000000000000000000e+00 2.000000000000000000e+01 0.000000000000000000e+00 1.600000000000000089e+00 -4.335999999999999577e-03 -1.994999999999999812e-03 -9.999890000000000168e-01 2.908359999999999834e-01 -9.567729999999999846e-01 6.470000000000000057e-04 -9.567630000000000301e-01 -2.908299999999999774e-01 4.728999999999999697e-03
2.100000000000000000e+01 4.000000000000000000e+00 2.000000000000000000e+01 0.000000000000000000e+00 1.600000000000000089e+00 -4.539999999999999765e-04 -3.318999999999999902e-03 -9.999940000000000495e-01 2.881150000000000100e-01 -9.575909999999999700e-01 3.046999999999999795e-03 -9.575960000000000027e-01 -2.881119999999999792e-01 1.391000000000000092e-03
2.700000000000000000e+01 4.000000000000000000e+00 2.000000000000000000e+01 0.000000000000000000e+00 1.600000000000000089e+00 7.470000000000000511e-04 -3.229999999999999798e-03 -9.999940000000000495e-01 2.904459999999999820e-01 -9.568860000000000143e-01 3.308000000000000176e-03 -9.568910000000000471e-01 -2.904470000000000107e-01 2.239999999999999966e-04
3.000000000000000000e+00 1.300000000000000000e+01 2.000000000000000000e+01 0.000000000000000000e+00 1.600000000000000089e+00 3.300000000000000253e-05 -4.809999999999999823e-04 1.000000000000000000e+00 2.526990000000000069e-01 9.675449999999999884e-01 4.569999999999999952e-04 -9.675449999999999884e-01 2.526990000000000069e-01 1.530000000000000056e-04
1.000000000000000000e+01 1.300000000000000000e+01 2.000000000000000000e+01 0.000000000000000000e+00 1.600000000000000089e+00 -7.320000000000000118e-04 -5.509999999999999490e-04 1.000000000000000000e+00 2.540799999999999725e-01 9.671830000000000149e-01 7.190000000000000210e-04 -9.671830000000000149e-01 2.540799999999999725e-01 -5.680000000000000370e-04
1.500000000000000000e+01 1.300000000000000000e+01 2.000000000000000000e+01 0.000000000000000000e+00 1.600000000000000089e+00 -2.484999999999999796e-03 -6.591999999999999769e-03 9.999749999999999472e-01 2.566499999999999893e-01 9.664789999999999770e-01 7.008999999999999606e-03 -9.665010000000000545e-01 2.566609999999999725e-01 -7.100000000000000191e-04
2.000000000000000000e+01 1.300000000000000000e+01 2.000000000000000000e+01 0.000000000000000000e+00 1.600000000000000089e+00 -1.129999999999999955e-04 -6.089999999999999494e-04 1.000000000000000000e+00 2.568989999999999885e-01 9.664380000000000193e-01 6.179999999999999513e-04 -9.664380000000000193e-01 2.568989999999999885e-01 4.699999999999999724e-05
2.200000000000000000e+01 1.300000000000000000e+01 2.000000000000000000e+01 0.000000000000000000e+00 1.600000000000000089e+00 4.360000000000000269e-04 9.000000000000000567e-05 1.000000000000000000e+00 2.562329999999999885e-01 9.666150000000000020e-01 -1.979999999999999881e-04 -9.666150000000000020e-01 2.562329999999999885e-01 3.980000000000000248e-04
2.700000000000000000e+01 1.300000000000000000e+01 2.000000000000000000e+01 0.000000000000000000e+00 1.600000000000000089e+00 1.951000000000000043e-03 8.360000000000000460e-04 9.999980000000000535e-01 2.551149999999999807e-01 9.669100000000000472e-01 -1.306000000000000086e-03 -9.669090000000000185e-01 2.551169999999999827e-01 1.673999999999999924e-03
2.000000000000000000e+00 1.600000000000000000e+01 2.100000000000000000e+01 0.000000000000000000e+00 1.600000000000000089e+00 -2.730000000000000222e-04 2.157000000000000063e-03 9.999980000000000535e-01 2.971829999999999750e-01 9.548189999999999733e-01 -1.978999999999999856e-03 -9.548210000000000308e-01 2.971820000000000017e-01 -9.020000000000000240e-04
7.000000000000000000e+00 1.600000000000000000e+01 2.100000000000000000e+01 0.000000000000000000e+00 1.600000000000000089e+00 4.719999999999999803e-04 5.784000000000000079e-03 9.999829999999999552e-01 2.968450000000000255e-01 9.549090000000000078e-01 -5.662999999999999631e-03 -9.549250000000000238e-01 2.968430000000000235e-01 -1.265999999999999981e-03
1.000000000000000000e+01 1.600000000000000000e+01 2.100000000000000000e+01 0.000000000000000000e+00 1.600000000000000089e+00 -4.949999999999999973e-04 -7.730000000000000326e-04 1.000000000000000000e+00 2.967839999999999923e-01 9.549440000000000150e-01 8.850000000000000444e-04 -9.549440000000000150e-01 2.967850000000000210e-01 -2.429999999999999977e-04
1.500000000000000000e+01 1.600000000000000000e+01 2.100000000000000000e+01 0.000000000000000000e+00 1.600000000000000089e+00 -2.070999999999999924e-03 -6.773000000000000374e-03 9.999749999999999472e-01 2.986289999999999778e-01 9.543430000000000524e-01 7.082999999999999886e-03 -9.543669999999999654e-01 2.986360000000000126e-01 4.699999999999999724e-05
2.700000000000000000e+01 1.600000000000000000e+01 2.100000000000000000e+01 0.000000000000000000e+00 1.600000000000000089e+00 1.394000000000000057e-03 3.280000000000000038e-04 9.999989999999999712e-01 2.990820000000000145e-01 9.542270000000000474e-01 -7.299999999999999632e-04 -9.542260000000000186e-01 2.990829999999999878e-01 1.232000000000000022e-03
5.000000000000000000e+00 3.000000000000000000e+00 2.500000000000000000e+01 0.000000000000000000e+00 1.600000000000000089e+00 -8.170000000000000179e-04 2.460000000000000164e-04 1.000000000000000000e+00 -5.684000000000000163e-02 -9.983830000000000204e-01 1.990000000000000124e-04 9.983830000000000204e-01 -5.684000000000000163e-02 8.289999999999999843e-04
1.400000000000000000e+01 3.000000000000000000e+00 2.500000000000000000e+01 0.000000000000000000e+00 1.600000000000000089e+00 5.866999999999999819e-03 6.708000000000000421e-03 9.999599999999999600e-01 -5.480499999999999955e-02 -9.984720000000000262e-01 7.020000000000000198e-03 9.984800000000000342e-01 -5.484399999999999692e-02 -5.490000000000000088e-03
1.900000000000000000e+01 3.000000000000000000e+00 2.500000000000000000e+01 0.000000000000000000e+00 1.600000000000000089e+00 2.092000000000000109e-03 -4.030999999999999861e-03 9.999900000000000455e-01 -5.534700000000000036e-02 -9.984600000000000142e-01 -3.909000000000000148e-03 9.984650000000000469e-01 -5.533799999999999830e-02 -2.311999999999999819e-03
7.000000000000000000e+00 4.600000000000000000e+01 2.700000000000000000e+01 0.000000000000000000e+00 1.600000000000000089e+00 -1.513999999999999938e-03 3.310000000000000225e-04 -9.999989999999999712e-01 6.426359999999999850e-01 7.661710000000000464e-01 -7.190000000000000210e-04 7.661700000000000177e-01 -6.426359999999999850e-01 -1.373000000000000088e-03
1.300000000000000000e+01 4.600000000000000000e+01 2.700000000000000000e+01 0.000000000000000000e+00 1.600000000000000089e+00 1.132999999999999893e-03 -2.079999999999999872e-04 -9.999989999999999712e-01 6.442400000000000349e-01 7.648230000000000306e-01 5.699999999999999772e-04 7.648230000000000306e-01 -6.442400000000000349e-01 1.000000000000000021e-03
1.600000000000000000e+01 4.600000000000000000e+01 2.700000000000000000e+01 0.000000000000000000e+00 1.600000000000000089e+00 3.187999999999999862e-03 -5.969999999999999829e-04 -9.999949999999999672e-01 6.457720000000000127e-01 7.635290000000000132e-01 1.603000000000000041e-03 7.635239999999999805e-01 -6.457730000000000414e-01 2.818999999999999891e-03
2.600000000000000000e+01 4.600000000000000000e+01 2.700000000000000000e+01 0.000000000000000000e+00 1.600000000000000089e+00 -1.363999999999999978e-03 2.311000000000000120e-03 -9.999959999999999960e-01 6.541059999999999652e-01 7.564020000000000188e-01 8.549999999999999658e-04 7.564009999999999900e-01 -6.541029999999999900e-01 -2.543000000000000121e-03
3.000000000000000000e+01 4.600000000000000000e+01 2.700000000000000000e+01 0.000000000000000000e+00 1.600000000000000089e+00 -3.746999999999999897e-03 4.180000000000000230e-04 -9.999930000000000208e-01 6.570009999999999462e-01 7.538869999999999738e-01 -2.147000000000000037e-03 7.538810000000000233e-01 -6.570040000000000324e-01 -3.099000000000000192e-03
1.900000000000000000e+01 4.600000000000000000e+01 3.000000000000000000e+01 0.000000000000000000e+00 1.600000000000000089e+00 1.539999999999999919e-03 1.853999999999999962e-03 -9.999970000000000248e-01 3.261560000000000015e-01 9.453129999999999589e-01 2.255000000000000060e-03 9.453150000000000164e-01 -3.261589999999999767e-01 8.509999999999999769e-04
1.000000000000000000e+00 5.800000000000000000e+01 3.100000000000000000e+01 0.000000000000000000e+00 1.600000000000000089e+00 -2.301999999999999793e-03 -8.699999999999999400e-03 9.999590000000000423e-01 -7.997360000000000024e-01 -6.003110000000000390e-01 -7.063999999999999967e-03 6.003479999999999928e-01 -7.997199999999999864e-01 -5.576000000000000227e-03
9.000000000000000000e+00 5.800000000000000000e+01 3.100000000000000000e+01 0.000000000000000000e+00 1.600000000000000089e+00 -3.680000000000000003e-04 -2.001000000000000174e-03 9.999980000000000535e-01 -8.017239999999999922e-01 -5.976920000000000011e-01 -1.490999999999999921e-03 5.976939999999999475e-01 -8.017229999999999634e-01 -1.384000000000000031e-03
2.200000000000000000e+01 5.800000000000000000e+01 3.100000000000000000e+01 0.000000000000000000e+00 1.600000000000000089e+00 -7.600000000000000418e-04 -1.965000000000000167e-03 9.999980000000000535e-01 -8.028300000000000436e-01 -5.962049999999999850e-01 -1.781999999999999947e-03 5.962070000000000425e-01 -8.028300000000000436e-01 -1.124999999999999915e-03
2.700000000000000000e+01 5.800000000000000000e+01 3.100000000000000000e+01 0.000000000000000000e+00 1.600000000000000089e+00 -2.700000000000000035e-04 -3.936000000000000262e-03 9.999919999999999920e-01 -7.998260000000000369e-01 -6.002260000000000373e-01 -2.577999999999999996e-03 6.002319999999999878e-01 -7.998210000000000042e-01 -2.985999999999999939e-03
1.700000000000000000e+01 6.000000000000000000e+00 3.200000000000000000e+01 0.000000000000000000e+00 1.600000000000000089e+00 3.549000000000000071e-03 2.870999999999999854e-03 -9.999900000000000455e-01 9.382200000000000262e-02 9.955840000000000245e-01 3.190999999999999826e-03 9.955829999999999957e-01 -9.383299999999999974e-02 3.263999999999999974e-03
3.000000000000000000e+00 4.600000000000000000e+01 3.500000000000000000e+01 0.000000000000000000e+00 1.600000000000000089e+00 -8.670000000000000406e-04 -1.776000000000000018e-03 -9.999980000000000535e-01 3.853050000000000086e-01 -9.227880000000000527e-01 1.304999999999999953e-03 -9.227889999999999704e-01 -3.853030000000000066e-01 1.484000000000000076e-03
9.000000000000000000e+00 4.600000000000000000e+01 3.500000000000000000e+01 0.000000000000000000e+00 1.600000000000000089e+00 3.559999999999999797e-04 1.755000000000000050e-03 -9.999980000000000535e-01 3.848070000000000102e-01 -9.229960000000000386e-01 -1.482999999999999943e-03 -9.229969999999999564e-01 -3.848059999999999814e-01 -1.003999999999999901e-03
1.400000000000000000e+01 4.600000000000000000e+01 3.500000000000000000e+01 0.000000000000000000e+00 1.600000000000000089e+00 -1.320000000000000101e-04 3.286999999999999991e-03 -9.999949999999999672e-01 3.856200000000000183e-01 -9.226529999999999454e-01 -3.083999999999999936e-03 -9.226579999999999782e-01 -3.856180000000000163e-01 -1.146000000000000100e-03
2.000000000000000000e+01 4.600000000000000000e+01 3.500000000000000000e+01 0.000000000000000000e+00 1.600000000000000089e+00 2.979999999999999793e-04 -1.827000000000000065e-03 -9.999980000000000535e-01 3.849890000000000256e-01 -9.229190000000000449e-01 1.799999999999999951e-03 -9.229209999999999914e-01 -3.849890000000000256e-01 4.290000000000000193e-04
2.500000000000000000e+01 4.600000000000000000e+01 3.500000000000000000e+01 0.000000000000000000e+00 1.600000000000000089e+00 8.779999999999999827e-04 -4.500000000000000283e-05 -1.000000000000000000e+00 3.848550000000000026e-01 -9.229770000000000474e-01 3.789999999999999966e-04 -9.229770000000000474e-01 -3.848550000000000026e-01 -7.929999999999999766e-04
1.000000000000000000e+01 9.500000000000000000e+01 3.600000000000000000e+01 0.000000000000000000e+00 1.600000000000000089e+00 1.379999999999999933e-03 3.020000000000000115e-03 9.999940000000000495e-01 9.982670000000000154e-01 5.882099999999999829e-02 -1.554999999999999959e-03 -5.882500000000000229e-02 9.982640000000000402e-01 -2.933999999999999976e-03
1.500000000000000000e+01 9.500000000000000000e+01 3.600000000000000000e+01 0.000000000000000000e+00 1.600000000000000089e+00 8.071000000000000049e-03 9.339999999999999344e-03 9.999240000000000350e-01 9.976110000000000255e-01 6.852900000000000658e-02 -8.692999999999999339e-03 -6.860499999999999932e-02 9.976049999999999640e-01 -8.763999999999999221e-03
1.900000000000000000e+01 9.500000000000000000e+01 3.600000000000000000e+01 0.000000000000000000e+00 1.600000000000000089e+00 7.962000000000000327e-03 1.105300000000000032e-02 9.999069999999999903e-01 9.975730000000000430e-01 6.908699999999999564e-02 -8.706999999999999462e-03 -6.917700000000000238e-02 9.975490000000000190e-01 -1.047599999999999920e-02
2.700000000000000000e+01 9.500000000000000000e+01 3.600000000000000000e+01 0.000000000000000000e+00 1.600000000000000089e+00 -2.817000000000000060e-03 2.059999999999999928e-04 9.999959999999999960e-01 9.966829999999999856e-01 8.133300000000000252e-02 2.791000000000000078e-03 -8.133200000000000152e-02 9.966869999999999896e-01 -4.339999999999999782e-04
4.000000000000000000e+00 3.000000000000000000e+00 4.300000000000000000e+01 0.000000000000000000e+00 1.600000000000000089e+00 -1.000000000000000082e-05 -8.541999999999999246e-03 -9.999639999999999640e-01 7.410989999999999522e-01 -6.713710000000000511e-01 5.727999999999999585e-03 -6.713949999999999640e-01 -7.410719999999999530e-01 6.336999999999999751e-03
1.100000000000000000e+01 3.000000000000000000e+00 4.300000000000000000e+01 0.000000000000000000e+00 1.600000000000000089e+00 2.043999999999999810e-03 -2.345999999999999995e-03 -9.999949999999999672e-01 7.380320000000000213e-01 -6.747579999999999689e-01 3.092000000000000130e-03 -6.747619999999999729e-01 -7.380349999999999966e-01 3.519999999999999908e-04
1.800000000000000000e+01 3.000000000000000000e+00 4.300000000000000000e+01 0.000000000000000000e+00 1.600000000000000089e+00 -4.429999999999999802e-04 2.339700000000000113e-02 -9.997260000000000035e-01 7.396540000000000337e-01 -6.727950000000000319e-01 -1.607300000000000048e-02 -6.729870000000000019e-01 -7.394589999999999774e-01 -1.700799999999999881e-02
2.500000000000000000e+01 3.000000000000000000e+00 4.300000000000000000e+01 0.000000000000000000e+00 1.600000000000000089e+00 1.694999999999999892e-03 4.710999999999999910e-03 -9.999869999999999592e-01 7.368639999999999635e-01 -6.760380000000000278e-01 -1.936000000000000004e-03 -6.760389999999999455e-01 -7.368519999999999515e-01 -4.616999999999999577e-03
7.000000000000000000e+00 8.000000000000000000e+00 4.400000000000000000e+01 0.000000000000000000e+00 1.600000000000000089e+00 -3.209999999999999963e-04 -6.245999999999999816e-03 9.999799999999999800e-01 -7.830179999999999918e-01 -6.219860000000000388e-01 -4.135999999999999920e-03 6.219989999999999686e-01 -7.830040000000000333e-01 -4.690999999999999857e-03
1.100000000000000000e+01 8.000000000000000000e+00 4.400000000000000000e+01 0.000000000000000000e+00 1.600000000000000089e+00 -9.110000000000000259e-04 4.575000000000000074e-03 9.999890000000000168e-01 -7.828720000000000123e-01 -6.221790000000000376e-01 2.132999999999999913e-03 6.221820000000000128e-01 -7.828610000000000291e-01 4.148999999999999910e-03
2.100000000000000000e+01 8.000000000000000000e+00 4.400000000000000000e+01 0.000000000000000000e+00 1.600000000000000089e+00 1.337999999999999997e-03 2.889000000000000075e-03 9.999949999999999672e-01 -7.852510000000000323e-01 -6.191710000000000269e-01 2.840000000000000076e-03 6.191759999999999486e-01 -7.852510000000000323e-01 1.440000000000000091e-03
6.000000000000000000e+00 2.900000000000000000e+01 4.400000000000000000e+01 0.000000000000000000e+00 1.600000000000000089e+00 2.162999999999999992e-03 -4.141999999999999849e-03 -9.999890000000000168e-01 6.703750000000000542e-01 7.420210000000000417e-01 -1.623000000000000094e-03 7.420200000000000129e-01 -6.703639999999999599e-01 4.381000000000000345e-03
1.100000000000000000e+01 2.900000000000000000e+01 4.400000000000000000e+01 0.000000000000000000e+00 1.600000000000000089e+00 1.438000000000000042e-03 -3.465000000000000198e-03 -9.999930000000000208e-01 6.772099999999999786e-01 7.357879999999999976e-01 -1.575000000000000011e-03 7.357879999999999976e-01 -6.772029999999999994e-01 3.403999999999999908e-03
1.900000000000000000e+01 2.900000000000000000e+01 4.400000000000000000e+01 0.000000000000000000e+00 1.600000000000000089e+00 1.974000000000000060e-03 -5.659999999999999884e-04 -9.999980000000000535e-01 6.843900000000000539e-01 7.291149999999999576e-01 9.389999999999999476e-04 7.291130000000000111e-01 -6.843909999999999716e-01 1.827000000000000065e-03
2.300000000000000000e+01 2.900000000000000000e+01 4.400000000000000000e+01 0.000000000000000000e+00 1.600000000000000089e+00 1.337000000000000081e-03 -1.461000000000000059e-03 -9.999980000000000535e-01 6.873219999999999885e-01 7.263530000000000264e-01 -1.430000000000000064e-04 7.263519999999999976e-01 -6.873200000000000420e-01 1.975000000000000193e-03
2.700000000000000000e+01 2.900000000000000000e+01 4.400000000000000000e+01 0.000000000000000000e+00 1.600000000000000089e+00 -3.609999999999999928e-04 1.600000000000000131e-04 -1.000000000000000000e+00 6.855379999999999807e-01 7.280370000000000452e-01 -1.310000000000000129e-04 7.280370000000000452e-01 -6.855379999999999807e-01 -3.719999999999999891e-04
1.000000000000000000e+00 5.000000000000000000e+00 5.100000000000000000e+01 0.000000000000000000e+00 1.600000000000000089e+00 2.239999999999999804e-03 7.361000000000000355e-03 -9.999700000000000255e-01 4.901300000000000101e-01 -8.716329999999999911e-01 -5.317999999999999811e-03 -8.716469999999999496e-01 -4.901030000000000109e-01 -5.559999999999999838e-03
8.000000000000000000e+00 5.000000000000000000e+00 5.100000000000000000e+01 0.000000000000000000e+00 1.600000000000000089e+00 -2.334999999999999836e-03 1.681999999999999901e-03 -9.999959999999999960e-01 4.906130000000000213e-01 -8.713739999999999819e-01 -2.611000000000000040e-03 -8.713739999999999819e-01 -4.906170000000000253e-01 1.209000000000000005e-03
1.100000000000000000e+01 5.000000000000000000e+00 5.100000000000000000e+01 0.000000000000000000e+00 1.600000000000000089e+00 -2.624000000000000030e-03 3.284000000000000027e-03 -9.999909999999999632e-01 4.920220000000000149e-01 -8.705730000000000413e-01 -4.150000000000000043e-03 -8.705789999999999917e-01 -4.920280000000000209e-01 6.679999999999999740e-04
3.000000000000000000e+01 5.000000000000000000e+00 5.100000000000000000e+01 0.000000000000000000e+00 1.600000000000000089e+00 -2.693000000000000081e-03 -2.009899999999999881e-02 -9.997939999999999605e-01 4.889330000000000065e-01 -8.721710000000000296e-01 1.621699999999999878e-02 -8.723170000000000091e-01 -4.887880000000000003e-01 1.217599999999999932e-02
1.300000000000000000e+01 6.000000000000000000e+00 5.100000000000000000e+01 0.000000000000000000e+00 1.600000000000000089e+00 -2.719999999999999979e-04 1.379999999999999933e-03 -9.999989999999999712e-01 3.276189999999999936e-01 -9.448090000000000099e-01 -1.392999999999999924e-03 -9.448100000000000387e-01 -3.276189999999999936e-01 -1.949999999999999965e-04
9.000000000000000000e+00 7.000000000000000000e+00 5.200000000000000000e+01 0.000000000000000000e+00 1.600000000000000089e+00 -8.549999999999999658e-04 4.741000000000000422e-03 -9.999879999999999880e-01 1.094310000000000005e-01 -9.939829999999999499e-01 -4.806000000000000376e-03 -9.939940000000000442e-01 -1.094340000000000035e-01 3.310000000000000225e-04
2.900000000000000000e+01 7.000000000000000000e+00 5.200000000000000000e+01 0.000000000000000000e+00 1.600000000000000089e+00 -6.347000000000000211e-03 -9.960999999999999369e-03 -9.999299999999999855e-01 1.038759999999999961e-01 -9.945469999999999589e-01 9.247999999999999277e-03 -9.945699999999999541e-01 -1.038099999999999995e-01 7.347000000000000232e-03
3.000000000000000000e+01 1.500000000000000000e+01 5.300000000000000000e+01 0.000000000000000000e+00 1.600000000000000089e+00 2.000000000000000042e-03 -1.985200000000000159e-02 -9.998010000000000508e-01 6.924339999999999939e-01 7.213650000000000340e-01 -1.293799999999999985e-02 7.214779999999999527e-01 -6.922700000000000520e-01 1.518800000000000011e-02
4.000000000000000000e+00 6.300000000000000000e+01 5.400000000000000000e+01 0.000000000000000000e+00 1.600000000000000089e+00 -5.109999999999999525e-04 2.814000000000000095e-03 9.999959999999999960e-01 -3.507410000000000250e-01 9.364679999999999671e-01 -2.814000000000000095e-03 -9.364719999999999711e-01 -3.507410000000000250e-01 5.090000000000000123e-04
9.000000000000000000e+00 6.300000000000000000e+01 5.400000000000000000e+01 0.000000000000000000e+00 1.600000000000000089e+00 -3.910000000000000172e-04 -4.550000000000000008e-04 1.000000000000000000e+00 -3.584260000000000224e-01 9.335579999999999989e-01 2.849999999999999886e-04 -9.335579999999999989e-01 -3.584260000000000224e-01 -5.289999999999999564e-04
1.400000000000000000e+01 6.300000000000000000e+01 5.400000000000000000e+01 0.000000000000000000e+00 1.600000000000000089e+00 6.800000000000000488e-04 -1.453000000000000081e-03 9.999989999999999712e-01 -3.525079999999999880e-01 9.358070000000000555e-01 1.598999999999999944e-03 -9.358090000000000019e-01 -3.525090000000000168e-01 1.250000000000000026e-04
2.300000000000000000e+01 6.300000000000000000e+01 5.400000000000000000e+01 0.000000000000000000e+00 1.600000000000000089e+00 1.079999999999999960e-04 -3.209000000000000047e-03 9.999949999999999672e-01 -3.502210000000000045e-01 9.366619999999999946e-01 3.043999999999999831e-03 -9.366670000000000273e-01 -3.502199999999999758e-01 -1.023000000000000038e-03
1.700000000000000000e+01 2.500000000000000000e+01 5.500000000000000000e+01 0.000000000000000000e+00 1.600000000000000089e+00 9.810000000000001011e-04 -1.350000000000000071e-03 -9.999989999999999712e-01 -1.351600000000000024e-02 -9.999080000000000190e-01 1.337000000000000081e-03 -9.999080000000000190e-01 1.351499999999999924e-02 -1.000000000000000021e-03
2.600000000000000000e+01 2.500000000000000000e+01 5.500000000000000000e+01 0.000000000000000000e+00 1.600000000000000089e+00 3.669999999999999760e-04 8.760000000000000425e-04 -1.000000000000000000e+00 -1.480799999999999998e-02 -9.998899999999999455e-01 -8.809999999999999472e-04 -9.998899999999999455e-01 1.480799999999999998e-02 -3.539999999999999853e-04
7.000000000000000000e+00 6.800000000000000000e+01 5.700000000000000000e+01 0.000000000000000000e+00 1.600000000000000089e+00 -1.789999999999999870e-04 -8.585999999999999882e-03 -9.999630000000000463e-01 -2.456879999999999897e-01 -9.693129999999999802e-01 8.366999999999999438e-03 -9.693490000000000162e-01 2.456810000000000105e-01 -1.936000000000000004e-03
2.000000000000000000e+01 6.800000000000000000e+01 5.700000000000000000e+01 0.000000000000000000e+00 1.600000000000000089e+00 -2.005999999999999971e-03 6.595000000000000168e-03 -9.999759999999999760e-01 -2.455120000000000080e-01 -9.693760000000000154e-01 -5.899999999999999863e-03 -9.693920000000000314e-01 2.454939999999999900e-01 3.563999999999999894e-03
2.500000000000000000e+01 6.800000000000000000e+01 5.700000000000000000e+01 0.000000000000000000e+00 1.600000000000000089e+00 -5.349999999999999938e-04 -1.677000000000000105e-03 -9.999980000000000535e-01 -2.442699999999999871e-01 -9.697059999999999569e-01 1.757000000000000098e-03 -9.697069999999999856e-01 2.442709999999999881e-01 1.090000000000000067e-04
5.000000000000000000e+00 2.100000000000000000e+01 6.000000000000000000e+01 0.000000000000000000e+00 1.600000000000000089e+00 2.772999999999999857e-03 5.292999999999999962e-03 9.999820000000000375e-01 -9.094499999999999806e-02 9.958430000000000337e-01 -5.019000000000000024e-03 -9.958519999999999595e-01 -9.092999999999999694e-02 3.242999999999999789e-03
1.400000000000000000e+01 2.100000000000000000e+01 6.000000000000000000e+01 0.000000000000000000e+00 1.600000000000000089e+00 7.619999999999999820e-04 -2.818999999999999891e-03 9.999959999999999960e-01 -9.009499999999999453e-02 9.959289999999999532e-01 2.876000000000000084e-03 -9.959329999999999572e-01 -9.009699999999999653e-02 5.050000000000000235e-04
9.000000000000000000e+00 3.000000000000000000e+00 6.300000000000000000e+01 0.000000000000000000e+00 1.600000000000000089e+00 1.327999999999999970e-03 -2.416999999999999878e-03 9.999959999999999960e-01 -6.147350000000000314e-01 7.887290000000000134e-01 2.723000000000000160e-03 -7.887319999999999887e-01 -6.147369999999999779e-01 -4.380000000000000213e-04
5.000000000000000000e+00 2.700000000000000000e+01 6.300000000000000000e+01 0.000000000000000000e+00 1.600000000000000089e+00 -2.290000000000000098e-04 4.623999999999999638e-03 9.999890000000000168e-01 -2.695910000000000251e-01 9.629640000000000422e-01 -4.514999999999999916e-03 -9.629750000000000254e-01 -2.695890000000000231e-01 1.026000000000000002e-03
1.000000000000000000e+01 2.700000000000000000e+01 6.300000000000000000e+01 0.000000000000000000e+00 1.600000000000000089e+00 2.592999999999999819e-03 6.710999999999999951e-03 9.999740000000000295e-01 -2.753329999999999944e-01 9.613319999999999643e-01 -5.738000000000000045e-03 -9.613450000000000051e-01 -2.753109999999999724e-01 4.341000000000000240e-03
1.600000000000000000e+01 2.700000000000000000e+01 6.300000000000000000e+01 0.000000000000000000e+00 1.600000000000000089e+00 1.310000000000000129e-04 -1.789000000000000009e-03 9.999980000000000535e-01 -2.788789999999999880e-01 9.603249999999999842e-01 1.753999999999999917e-03 -9.603260000000000129e-01 -2.788789999999999880e-01 -3.730000000000000134e-04
2.200000000000000000e+01 2.700000000000000000e+01 6.300000000000000000e+01 0.000000000000000000e+00 1.600000000000000089e+00 -1.971999999999999795e-03 -1.714999999999999945e-03 9.999970000000000248e-01 -2.769789999999999752e-01 9.608750000000000346e-01 1.101999999999999898e-03 -9.608740000000000059e-01 -2.769750000000000267e-01 -2.370000000000000145e-03
2.700000000000000000e+01 2.700000000000000000e+01 6.300000000000000000e+01 0.000000000000000000e+00 1.600000000000000089e+00 -8.819999999999999715e-04 -2.748000000000000009e-03 9.999959999999999960e-01 -2.772819999999999729e-01 9.607860000000000289e-01 2.394999999999999993e-03 -9.607879999999999754e-01 -2.772789999999999977e-01 -1.610000000000000103e-03
8.000000000000000000e+00 2.600000000000000000e+01 6.400000000000000000e+01 0.000000000000000000e+00 1.600000000000000089e+00 2.343000000000000031e-03 3.968000000000000173e-03 9.999890000000000168e-01 -3.513390000000000124e-01 9.362439999999999651e-01 -2.892000000000000039e-03 -9.362449999999999939e-01 -3.513290000000000024e-01 3.588000000000000043e-03
2.100000000000000000e+01 2.600000000000000000e+01 6.400000000000000000e+01 0.000000000000000000e+00 1.600000000000000089e+00 -2.956999999999999993e-03 -3.060000000000000111e-04 9.999959999999999960e-01 -3.538979999999999904e-01 9.352840000000000042e-01 -7.600000000000000418e-04 -9.352789999999999715e-01 -3.538990000000000191e-01 -2.873999999999999819e-03
2.900000000000000000e+01 2.600000000000000000e+01 6.400000000000000000e+01 0.000000000000000000e+00 1.600000000000000089e+00 -6.179999999999999513e-04 -7.280000000000000230e-04 1.000000000000000000e+00 -3.580990000000000006e-01 9.336830000000000407e-01 4.580000000000000195e-04 -9.336830000000000407e-01 -3.580990000000000006e-01 -8.379999999999999862e-04
