2.000000000000000000e+00 1.500000000000000000e+01 4.000000000000000000e+00 0.000000000000000000e+00 1.600000000000000089e+00 -2.840000000000000185e-04 1.719999999999999958e-03 9.999989999999999712e-01 3.144580000000000153e-01 -9.492699999999999472e-01 1.722000000000000006e-03 9.492709999999999759e-01 3.144589999999999885e-01 -2.709999999999999735e-04
7.000000000000000000e+00 1.500000000000000000e+01 4.000000000000000000e+00 0.000000000000000000e+00 1.600000000000000089e+00 -2.429000000000000169e-03 1.348000000000000066e-02 9.999059999999999615e-01 3.147760000000000002e-01 -9.490690000000000515e-01 1.355899999999999987e-02 9.491629999999999789e-01 3.147789999999999755e-01 -1.938000000000000052e-03
1.600000000000000000e+01 1.500000000000000000e+01 4.000000000000000000e+00 0.000000000000000000e+00 1.600000000000000089e+00 -2.642999999999999950e-03 2.818500000000000172e-02 9.995990000000000153e-01 3.230489999999999751e-01 -9.459819999999999895e-01 2.752699999999999939e-02 9.463789999999999702e-01 3.229920000000000013e-01 -6.604999999999999760e-03
2.000000000000000000e+01 1.300000000000000000e+01 5.000000000000000000e+00 0.000000000000000000e+00 1.600000000000000089e+00 -6.285999999999999921e-03 6.377599999999999936e-02 9.979440000000000532e-01 3.310119999999999729e-01 -9.415710000000000468e-01 6.225900000000000184e-02 9.436059999999999448e-01 3.307229999999999892e-01 -1.519200000000000064e-02
2.600000000000000000e+01 1.000000000000000000e+00 6.000000000000000000e+00 0.000000000000000000e+00 1.600000000000000089e+00 -1.755299999999999916e-02 1.127810000000000062e-01 -9.934650000000000425e-01 -1.800619999999999998e-01 -9.777289999999999592e-01 -1.078130000000000061e-01 -9.834990000000000121e-01 1.769930000000000114e-01 3.747000000000000330e-02
2.000000000000000000e+00 1.010000000000000000e+02 7.000000000000000000e+00 0.000000000000000000e+00 1.600000000000000089e+00 -1.118000000000000070e-03 -1.817500000000000018e-02 9.998340000000000005e-01 8.891729999999999912e-01 4.574759999999999938e-01 9.310000000000000567e-03 -4.575699999999999767e-01 8.890360000000000484e-01 1.564899999999999972e-02
1.500000000000000000e+01 1.010000000000000000e+02 7.000000000000000000e+00 0.000000000000000000e+00 1.600000000000000089e+00 -1.033000000000000064e-03 -5.264999999999999715e-03 9.999860000000000415e-01 8.881310000000000038e-01 4.595779999999999865e-01 3.337000000000000122e-03 -4.595890000000000253e-01 8.881219999999999670e-01 4.200999999999999873e-03
2.200000000000000000e+01 1.010000000000000000e+02 7.000000000000000000e+00 0.000000000000000000e+00 1.600000000000000089e+00 2.010000000000000068e-04 1.672900000000000081e-02 9.998599999999999710e-01 8.893760000000000554e-01 4.571089999999999876e-01 -7.827000000000000624e-03 -4.571760000000000268e-01 8.892529999999999601e-01 -1.478699999999999980e-02
4.000000000000000000e+00 2.500000000000000000e+01 8.000000000000000000e+00 0.000000000000000000e+00 1.600000000000000089e+00 -2.040000000000000147e-03 -2.194999999999999903e-03 -9.999949999999999672e-01 4.449380000000000002e-01 8.955570000000000475e-01 -2.873999999999999819e-03 8.955589999999999939e-01 -4.449420000000000042e-01 -8.509999999999999769e-04
7.000000000000000000e+00 2.500000000000000000e+01 8.000000000000000000e+00 0.000000000000000000e+00 1.600000000000000089e+00 -1.590999999999999966e-03 -4.144000000000000114e-03 -9.999900000000000455e-01 4.444210000000000105e-01 8.958070000000000199e-01 -4.420000000000000318e-03 8.958159999999999457e-01 -4.444239999999999857e-01 4.169999999999999987e-04
1.300000000000000000e+01 2.500000000000000000e+01 8.000000000000000000e+00 0.000000000000000000e+00 1.600000000000000089e+00 -1.448999999999999984e-03 -5.926999999999999977e-03 -9.999810000000000088e-01 4.459779999999999855e-01 8.950240000000000418e-01 -5.950999999999999693e-03 8.950430000000000330e-01 -4.459779999999999855e-01 1.347000000000000107e-03
2.300000000000000000e+01 2.500000000000000000e+01 8.000000000000000000e+00 0.000000000000000000e+00 1.600000000000000089e+00 -1.801999999999999999e-03 -2.416999999999999878e-03 -9.999949999999999672e-01 4.468269999999999742e-01 8.946159999999999668e-01 -2.967000000000000019e-03 8.946190000000000531e-01 -4.468300000000000050e-01 -5.320000000000000293e-04
3.000000000000000000e+01 2.500000000000000000e+01 8.000000000000000000e+00 0.000000000000000000e+00 1.600000000000000089e+00 -1.259999999999999998e-04 -6.059000000000000150e-03 -9.999820000000000375e-01 4.467840000000000145e-01 8.946250000000000036e-01 -5.477000000000000098e-03 8.946420000000000483e-01 -4.467760000000000065e-01 2.595000000000000084e-03
6.000000000000000000e+00 2.400000000000000000e+01 9.000000000000000000e+00 0.000000000000000000e+00 1.600000000000000089e+00 -1.397000000000000021e-03 -4.710999999999999910e-03 -9.999879999999999880e-01 4.500210000000000043e-01 8.930050000000000487e-01 -4.836000000000000021e-03 8.930169999999999497e-01 -4.500219999999999776e-01 8.729999999999999696e-04
1.400000000000000000e+01 2.400000000000000000e+01 9.000000000000000000e+00 0.000000000000000000e+00 1.600000000000000089e+00 -1.698000000000000074e-03 -8.111999999999999419e-03 -9.999660000000000215e-01 4.513730000000000242e-01 8.922989999999999533e-01 -8.004999999999999963e-03 8.923339999999999606e-01 -4.513719999999999954e-01 2.145999999999999904e-03
1.800000000000000000e+01 2.400000000000000000e+01 9.000000000000000000e+00 0.000000000000000000e+00 1.600000000000000089e+00 -1.796000000000000070e-03 -4.641000000000000160e-03 -9.999879999999999880e-01 4.518289999999999806e-01 8.920909999999999673e-01 -4.951999999999999805e-03 8.921029999999999793e-01 -4.518329999999999846e-01 4.949999999999999973e-04
2.300000000000000000e+01 2.400000000000000000e+01 9.000000000000000000e+00 0.000000000000000000e+00 1.600000000000000089e+00 -9.970000000000000563e-04 -1.020999999999999989e-03 -9.999989999999999712e-01 4.529719999999999858e-01 8.915239999999999831e-01 -1.361999999999999929e-03 8.915239999999999831e-01 -4.529730000000000145e-01 -4.260000000000000006e-04
2.700000000000000000e+01 2.400000000000000000e+01 9.000000000000000000e+00 0.000000000000000000e+00 1.600000000000000089e+00 -4.760000000000000234e-04 -6.884999999999999627e-03 -9.999759999999999760e-01 4.518679999999999919e-01 8.920620000000000216e-01 -6.356999999999999804e-03 8.920850000000000168e-01 -4.518599999999999839e-01 2.687000000000000152e-03
8.000000000000000000e+00 3.100000000000000000e+01 1.200000000000000000e+01 0.000000000000000000e+00 1.600000000000000089e+00 8.769999999999999584e-04 -2.849999999999999886e-04 1.000000000000000000e+00 -1.856000000000000011e-03 9.999980000000000535e-01 2.869999999999999830e-04 -9.999980000000000535e-01 -1.856000000000000011e-03 8.769999999999999584e-04
1.500000000000000000e+01 3.100000000000000000e+01 1.200000000000000000e+01 0.000000000000000000e+00 1.600000000000000089e+00 2.500000000000000120e-05 -3.661000000000000192e-03 9.999930000000000208e-01 -3.322999999999999999e-03 9.999879999999999880e-01 3.661000000000000192e-03 -9.999940000000000495e-01 -3.322999999999999999e-03 1.299999999999999920e-05
9.000000000000000000e+00 3.500000000000000000e+01 1.200000000000000000e+01 0.000000000000000000e+00 1.600000000000000089e+00 3.459999999999999968e-03 -4.137000000000000052e-03 -9.999860000000000415e-01 5.726590000000000291e-01 -8.197759999999999492e-01 5.373000000000000172e-03 -8.197870000000000434e-01 -5.726689999999999836e-01 -4.670000000000000214e-04
1.400000000000000000e+01 3.500000000000000000e+01 1.200000000000000000e+01 0.000000000000000000e+00 1.600000000000000089e+00 5.800000000000000034e-04 -4.549000000000000092e-03 -9.999900000000000455e-01 5.539589999999999792e-01 -8.325339999999999963e-01 4.108999999999999805e-03 -8.325439999999999507e-01 -5.539549999999999752e-01 2.037000000000000182e-03
2.000000000000000000e+01 3.500000000000000000e+01 1.200000000000000000e+01 0.000000000000000000e+00 1.600000000000000089e+00 1.902000000000000045e-03 -7.387999999999999602e-03 -9.999710000000000543e-01 5.328869999999999996e-01 -8.461549999999999905e-01 7.264999999999999757e-03 -8.461840000000000472e-01 -5.328850000000000531e-01 2.327000000000000075e-03
2.400000000000000000e+01 3.500000000000000000e+01 1.200000000000000000e+01 0.000000000000000000e+00 1.600000000000000089e+00 -9.680000000000000019e-04 -6.477000000000000118e-03 -9.999789999999999512e-01 5.144389999999999796e-01 -8.575120000000000520e-01 5.056999999999999863e-03 -8.575260000000000105e-01 -5.144229999999999636e-01 4.161999999999999901e-03
2.900000000000000000e+01 3.500000000000000000e+01 1.200000000000000000e+01 0.000000000000000000e+00 1.600000000000000089e+00 -1.240000000000000000e-03 -3.926999999999999935e-03 -9.999919999999999920e-01 4.969000000000000083e-01 -8.678029999999999911e-01 2.792000000000000211e-03 -8.678069999999999951e-01 -4.968920000000000003e-01 3.027999999999999876e-03
3.000000000000000000e+00 3.200000000000000000e+01 1.400000000000000000e+01 0.000000000000000000e+00 1.600000000000000089e+00 1.520000000000000084e-04 -5.282000000000000237e-03 -9.999860000000000415e-01 1.012949999999999962e-01 9.948430000000000328e-01 -5.238999999999999733e-03 9.948559999999999626e-01 -1.012929999999999942e-01 6.859999999999999779e-04
3.000000000000000000e+00 1.200000000000000000e+01 1.500000000000000000e+01 0.000000000000000000e+00 1.600000000000000089e+00 -1.791000000000000057e-03 7.389999999999999868e-03 -9.999710000000000543e-01 -4.639139999999999930e-01 -8.858620000000000383e-01 -5.715999999999999727e-03 -8.858789999999999720e-01 4.638900000000000245e-01 5.014000000000000228e-03
8.000000000000000000e+00 1.200000000000000000e+01 1.500000000000000000e+01 0.000000000000000000e+00 1.600000000000000089e+00 8.620000000000000275e-04 7.933000000000000815e-03 -9.999679999999999680e-01 -4.596210000000000018e-01 -8.880839999999999845e-01 -7.441999999999999831e-03 -8.881149999999999878e-01 4.596129999999999938e-01 2.880999999999999880e-03
1.300000000000000000e+01 1.200000000000000000e+01 1.500000000000000000e+01 0.000000000000000000e+00 1.600000000000000089e+00 -7.439999999999999782e-04 1.123099999999999966e-02 -9.999369999999999647e-01 -4.517559999999999909e-01 -8.920890000000000208e-01 -9.683999999999999900e-03 -8.921409999999999618e-01 4.517200000000000104e-01 5.738000000000000045e-03
1.900000000000000000e+01 1.200000000000000000e+01 1.500000000000000000e+01 0.000000000000000000e+00 1.600000000000000089e+00 -6.400000000000000307e-03 5.849000000000000032e-03 -9.999620000000000175e-01 -4.260249999999999870e-01 -9.047079999999999567e-01 -2.565000000000000006e-03 -9.046889999999999654e-01 4.259930000000000105e-01 8.281999999999999432e-03
1.000000000000000000e+00 1.160000000000000000e+02 1.600000000000000000e+01 0.000000000000000000e+00 1.600000000000000089e+00 -1.201000000000000028e-03 -8.890000000000000333e-04 9.999989999999999712e-01 7.322309999999999652e-01 6.810549999999999660e-01 1.484999999999999992e-03 -6.810549999999999660e-01 7.322319999999999940e-01 -1.669999999999999935e-04
6.000000000000000000e+00 1.160000000000000000e+02 1.600000000000000000e+01 0.000000000000000000e+00 1.600000000000000089e+00 -4.339999999999999782e-04 2.426000000000000205e-03 9.999970000000000248e-01 7.496390000000000553e-01 6.618450000000000166e-01 -1.280000000000000105e-03 -6.618469999999999631e-01 7.496359999999999690e-01 -2.105999999999999799e-03
2.200000000000000000e+01 1.160000000000000000e+02 1.600000000000000000e+01 0.000000000000000000e+00 1.600000000000000089e+00 1.031999999999999931e-03 -5.619999999999999996e-04 9.999989999999999712e-01 7.561679999999999513e-01 6.543769999999999865e-01 -4.130000000000000099e-04 -6.543759999999999577e-01 7.561679999999999513e-01 1.100999999999999982e-03
6.000000000000000000e+00 2.000000000000000000e+00 1.900000000000000000e+01 0.000000000000000000e+00 1.600000000000000089e+00 2.726500000000000104e-02 6.219000000000000222e-02 -9.976920000000000233e-01 2.346969999999999890e-01 -9.705629999999999535e-01 -5.408500000000000113e-02 -9.716860000000000497e-01 -2.326799999999999979e-01 -4.105899999999999828e-02
1.200000000000000000e+01 2.000000000000000000e+00 1.900000000000000000e+01 0.000000000000000000e+00 1.600000000000000089e+00 2.920700000000000032e-02 7.661900000000000654e-02 -9.966329999999999911e-01 2.897689999999999988e-01 -9.548919999999999630e-01 -6.491800000000000348e-02 -9.566510000000000291e-01 -2.868970000000000131e-01 -5.009099999999999664e-02
1.700000000000000000e+01 2.000000000000000000e+00 1.900000000000000000e+01 0.000000000000000000e+00 1.600000000000000089e+00 2.322300000000000059e-02 5.635099999999999831e-02 -9.981409999999999449e-01 3.257979999999999765e-01 -9.443329999999999780e-01 -4.573300000000000282e-02 -9.451540000000000497e-01 -3.241310000000000024e-01 -4.028899999999999842e-02
2.900000000000000000e+01 2.000000000000000000e+00 1.900000000000000000e+01 0.000000000000000000e+00 1.600000000000000089e+00 3.929000000000000201e-03 4.030700000000000255e-02 -9.991799999999999571e-01 3.477870000000000128e-01 -9.368659999999999766e-01 -3.642499999999999905e-02 -9.375660000000000105e-01 -3.473580000000000001e-01 -1.769899999999999946e-02
2.600000000000000000e+01 3.000000000000000000e+00 1.900000000000000000e+01 0.000000000000000000e+00 1.600000000000000089e+00 -4.375999999999999682e-03 3.005599999999999938e-02 -9.995389999999999553e-01 3.316230000000000011e-01 -9.429410000000000291e-01 -2.980599999999999916e-02 -9.434019999999999628e-01 -3.316009999999999791e-01 -5.840999999999999838e-03
8.000000000000000000e+00 4.000000000000000000e+00 2.000000000000000000e+01 0.000000000000000000e+00 1.600000000000000089e+00 1.872499999999999859e-02 4.667700000000000321e-02 -9.987350000000000394e-01 4.009869999999999823e-01 -9.154050000000000242e-01 -3.526399999999999674e-02 -9.158920000000000394e-01 -3.998200000000000087e-01 -3.585699999999999998e-02
1.500000000000000000e+01 4.000000000000000000e+00 2.000000000000000000e+01 0.000000000000000000e+00 1.600000000000000089e+00 2.512999999999999956e-02 2.353399999999999936e-02 -9.994070000000000453e-01 3.664160000000000195e-01 -9.303649999999999975e-01 -1.269499999999999969e-02 -9.301120000000000498e-01 -3.658799999999999830e-01 -3.200299999999999673e-02
1.800000000000000000e+01 4.000000000000000000e+00 2.000000000000000000e+01 0.000000000000000000e+00 1.600000000000000089e+00 2.091200000000000003e-02 1.898899999999999894e-02 -9.996009999999999618e-01 3.587509999999999866e-01 -9.333770000000000122e-01 -1.022600000000000071e-02 -9.331990000000000007e-01 -3.583939999999999904e-01 -2.633100000000000024e-02
2.100000000000000000e+01 4.000000000000000000e+00 2.000000000000000000e+01 0.000000000000000000e+00 1.600000000000000089e+00 5.807999999999999795e-03 1.026099999999999929e-02 -9.999310000000000143e-01 3.574120000000000075e-01 -9.339169999999999972e-01 -7.507999999999999917e-03 -9.339290000000000092e-01 -3.573439999999999950e-01 -9.091999999999999388e-03
6.000000000000000000e+00 1.300000000000000000e+01 2.000000000000000000e+01 0.000000000000000000e+00 1.600000000000000089e+00 1.979999999999999881e-04 1.497999999999999983e-03 9.999989999999999712e-01 2.645830000000000126e-01 9.643620000000000525e-01 -1.497000000000000067e-03 -9.643629999999999702e-01 2.645830000000000126e-01 -2.049999999999999956e-04
1.200000000000000000e+01 1.300000000000000000e+01 2.000000000000000000e+01 0.000000000000000000e+00 1.600000000000000089e+00 3.130000000000000187e-04 5.230000000000000274e-04 1.000000000000000000e+00 2.626649999999999818e-01 9.648870000000000502e-01 -5.869999999999999567e-04 -9.648870000000000502e-01 2.626649999999999818e-01 1.649999999999999991e-04
1.700000000000000000e+01 1.300000000000000000e+01 2.000000000000000000e+01 0.000000000000000000e+00 1.600000000000000089e+00 2.259999999999999910e-04 1.206000000000000041e-03 9.999989999999999712e-01 2.612949999999999995e-01 9.652579999999999494e-01 -1.224000000000000045e-03 -9.652589999999999781e-01 2.612949999999999995e-01 -9.699999999999999963e-05
2.200000000000000000e+01 1.300000000000000000e+01 2.000000000000000000e+01 0.000000000000000000e+00 1.600000000000000089e+00 -5.410000000000000312e-04 -2.723999999999999859e-03 9.999959999999999960e-01 2.640159999999999729e-01 9.645139999999999825e-01 2.769999999999999893e-03 -9.645179999999999865e-01 2.640170000000000017e-01 1.979999999999999881e-04
2.800000000000000000e+01 1.300000000000000000e+01 2.000000000000000000e+01 0.000000000000000000e+00 1.600000000000000089e+00 -7.240000000000000342e-04 -3.409999999999999945e-04 1.000000000000000000e+00 2.641789999999999972e-01 9.644730000000000247e-01 5.199999999999999544e-04 -9.644730000000000247e-01 2.641800000000000259e-01 -6.089999999999999494e-04
2.800000000000000000e+01 1.600000000000000000e+01 2.100000000000000000e+01 0.000000000000000000e+00 1.600000000000000089e+00 -1.028000000000000051e-03 -1.502999999999999996e-03 9.999980000000000535e-01 2.998640000000000194e-01 9.539809999999999679e-01 1.742000000000000059e-03 -9.539819999999999967e-01 2.998649999999999927e-01 -5.299999999999999807e-04
1.200000000000000000e+01 3.000000000000000000e+00 2.500000000000000000e+01 0.000000000000000000e+00 1.600000000000000089e+00 -1.230000000000000082e-04 1.344200000000000082e-02 9.999099999999999655e-01 -3.264800000000000341e-02 -9.993769999999999598e-01 1.342999999999999923e-02 9.994669999999999943e-01 -3.264399999999999941e-02 5.619999999999999996e-04
2.000000000000000000e+01 3.000000000000000000e+00 2.500000000000000000e+01 0.000000000000000000e+00 1.600000000000000089e+00 3.335999999999999990e-03 -3.720000000000000216e-03 9.999879999999999880e-01 -4.912400000000000100e-02 -9.987859999999999516e-01 -3.552000000000000036e-03 9.987869999999999804e-01 -4.911100000000000187e-02 -3.514000000000000196e-03
2.600000000000000000e+01 3.000000000000000000e+00 2.500000000000000000e+01 0.000000000000000000e+00 1.600000000000000089e+00 2.899999999999999800e-03 1.080000000000000014e-03 9.999949999999999672e-01 -4.452699999999999714e-02 -9.990069999999999784e-01 1.208000000000000089e-03 9.990040000000000031e-01 -4.453000000000000014e-02 -2.848999999999999970e-03
1.700000000000000000e+01 4.600000000000000000e+01 2.700000000000000000e+01 0.000000000000000000e+00 1.600000000000000089e+00 -1.605000000000000090e-03 -1.430000000000000064e-04 -9.999989999999999712e-01 6.699540000000000495e-01 7.424020000000000064e-01 -1.180999999999999975e-03 7.424009999999999776e-01 -6.699549999999999672e-01 -1.095999999999999969e-03
2.400000000000000000e+01 4.600000000000000000e+01 2.700000000000000000e+01 0.000000000000000000e+00 1.600000000000000089e+00 -1.175999999999999962e-03 -1.918000000000000000e-03 -9.999970000000000248e-01 6.644910000000000538e-01 7.472929999999999851e-01 -2.214999999999999955e-03 7.472950000000000426e-01 -6.644919999999999716e-01 3.950000000000000061e-04
2.800000000000000000e+01 4.600000000000000000e+01 2.700000000000000000e+01 0.000000000000000000e+00 1.600000000000000089e+00 -2.684999999999999887e-03 -7.499999999999999343e-05 -9.999959999999999960e-01 6.587849999999999540e-01 7.523290000000000255e-01 -1.825000000000000016e-03 7.523260000000000502e-01 -6.587880000000000402e-01 -1.971000000000000096e-03
1.400000000000000000e+01 4.600000000000000000e+01 3.000000000000000000e+01 0.000000000000000000e+00 1.600000000000000089e+00 -1.379999999999999933e-03 -1.758999999999999930e-03 -9.999970000000000248e-01 3.252430000000000043e-01 9.456280000000000241e-01 -2.112000000000000162e-03 9.456290000000000529e-01 -3.252450000000000063e-01 -7.330000000000000361e-04
2.700000000000000000e+01 4.600000000000000000e+01 3.000000000000000000e+01 0.000000000000000000e+00 1.600000000000000089e+00 -2.021999999999999926e-03 -1.704000000000000003e-03 -9.999959999999999960e-01 3.234449999999999825e-01 9.462439999999999740e-01 -2.265999999999999785e-03 9.462450000000000028e-01 -3.234480000000000133e-01 -1.361999999999999929e-03
1.000000000000000000e+00 5.800000000000000000e+01 3.100000000000000000e+01 0.000000000000000000e+00 1.600000000000000089e+00 1.812000000000000026e-03 4.135999999999999920e-03 9.999900000000000455e-01 -7.823039999999999994e-01 -6.228839999999999932e-01 3.994000000000000154e-03 6.228939999999999477e-01 -7.823039999999999994e-01 2.106999999999999932e-03
8.000000000000000000e+00 5.800000000000000000e+01 3.100000000000000000e+01 0.000000000000000000e+00 1.600000000000000089e+00 3.799999999999999992e-03 4.654000000000000151e-03 9.999820000000000375e-01 -7.781400000000000539e-01 -6.280639999999999556e-01 5.879999999999999810e-03 6.280799999999999716e-01 -7.781479999999999508e-01 1.234999999999999987e-03
1.800000000000000000e+01 5.800000000000000000e+01 3.100000000000000000e+01 0.000000000000000000e+00 1.600000000000000089e+00 -3.569999999999999823e-03 -1.722999999999999922e-03 9.999919999999999920e-01 -7.719510000000000538e-01 -6.356709999999999861e-01 -3.850999999999999823e-03 6.356720000000000148e-01 -7.719580000000000330e-01 9.389999999999999476e-04
2.200000000000000000e+01 5.800000000000000000e+01 3.100000000000000000e+01 0.000000000000000000e+00 1.600000000000000089e+00 6.080000000000000335e-04 -6.350000000000000392e-04 1.000000000000000000e+00 -7.693929999999999936e-01 -6.387749999999999817e-01 6.299999999999999990e-05 6.387749999999999817e-01 -7.693929999999999936e-01 -8.769999999999999584e-04
2.800000000000000000e+01 5.800000000000000000e+01 3.100000000000000000e+01 0.000000000000000000e+00 1.600000000000000089e+00 -2.347999999999999827e-03 1.364999999999999894e-03 9.999959999999999960e-01 -7.662719999999999532e-01 -6.425149999999999473e-01 -9.219999999999999680e-04 6.425119999999999720e-01 -7.662719999999999532e-01 2.554999999999999979e-03
1.000000000000000000e+00 2.300000000000000000e+01 3.400000000000000000e+01 0.000000000000000000e+00 1.600000000000000089e+00 -1.997000000000000077e-03 -3.255000000000000081e-03 9.999930000000000208e-01 4.010679999999999801e-01 -9.160460000000000269e-01 -2.181000000000000213e-03 9.160460000000000269e-01 4.010610000000000008e-01 3.135000000000000200e-03
2.000000000000000000e+00 4.600000000000000000e+01 3.500000000000000000e+01 0.000000000000000000e+00 1.600000000000000089e+00 2.000000000000000096e-04 3.661999999999999891e-03 -9.999930000000000208e-01 3.903309999999999835e-01 -9.206689999999999596e-01 -3.292999999999999920e-03 -9.206750000000000211e-01 -3.903280000000000083e-01 -1.613000000000000067e-03
5.000000000000000000e+00 4.600000000000000000e+01 3.500000000000000000e+01 0.000000000000000000e+00 1.600000000000000089e+00 -2.649999999999999903e-04 3.173000000000000039e-03 -9.999949999999999672e-01 3.911939999999999862e-01 -9.203029999999999822e-01 -3.023000000000000079e-03 -9.203080000000000149e-01 -3.911930000000000129e-01 -9.970000000000000563e-04
9.000000000000000000e+00 4.600000000000000000e+01 3.500000000000000000e+01 0.000000000000000000e+00 1.600000000000000089e+00 -3.390000000000000001e-04 -2.500000000000000120e-05 -1.000000000000000000e+00 3.921350000000000113e-01 -9.199079999999999480e-01 -1.100000000000000039e-04 -9.199079999999999480e-01 -3.921350000000000113e-01 3.209999999999999963e-04
1.400000000000000000e+01 4.600000000000000000e+01 3.500000000000000000e+01 0.000000000000000000e+00 1.600000000000000089e+00 1.160000000000000007e-04 6.139999999999999625e-04 -1.000000000000000000e+00 3.938479999999999759e-01 -9.191759999999999931e-01 -5.190000000000000386e-04 -9.191759999999999931e-01 -3.938470000000000026e-01 -3.480000000000000020e-04
1.700000000000000000e+01 4.600000000000000000e+01 3.500000000000000000e+01 0.000000000000000000e+00 1.600000000000000089e+00 7.050000000000000060e-04 9.000000000000000228e-06 -1.000000000000000000e+00 3.945100000000000273e-01 -9.188920000000000421e-01 2.700000000000000035e-04 -9.188910000000000133e-01 -3.945100000000000273e-01 -6.520000000000000188e-04
2.300000000000000000e+01 4.600000000000000000e+01 3.500000000000000000e+01 0.000000000000000000e+00 1.600000000000000089e+00 4.000000000000000192e-04 -5.119999999999999768e-04 -1.000000000000000000e+00 3.944739999999999913e-01 -9.189070000000000293e-01 6.290000000000000018e-04 -9.189070000000000293e-01 -3.944739999999999913e-01 -1.649999999999999991e-04
2.600000000000000000e+01 4.600000000000000000e+01 3.500000000000000000e+01 0.000000000000000000e+00 1.600000000000000089e+00 2.280000000000000126e-04 2.187000000000000142e-03 -9.999980000000000535e-01 3.932919999999999749e-01 -9.194120000000000070e-01 -1.920999999999999965e-03 -9.194139999999999535e-01 -3.932899999999999729e-01 -1.069999999999999988e-03
5.000000000000000000e+00 3.000000000000000000e+00 4.300000000000000000e+01 0.000000000000000000e+00 1.600000000000000089e+00 3.379999999999999758e-04 -3.570099999999999663e-02 -9.993619999999999726e-01 7.338289999999999536e-01 -6.788929999999999687e-01 2.450099999999999847e-02 -6.793350000000000222e-01 -7.333690000000000486e-01 2.596899999999999903e-02
1.100000000000000000e+01 3.000000000000000000e+00 4.300000000000000000e+01 0.000000000000000000e+00 1.600000000000000089e+00 -2.965999999999999887e-03 -3.588000000000000043e-03 -9.999890000000000168e-01 7.370400000000000285e-01 -6.758490000000000331e-01 2.390000000000000089e-04 -6.758429999999999715e-01 -7.370309999999999917e-01 4.649000000000000354e-03
1.600000000000000000e+01 3.000000000000000000e+00 4.300000000000000000e+01 0.000000000000000000e+00 1.600000000000000089e+00 1.247999999999999977e-03 5.709999999999999798e-03 -9.999829999999999552e-01 7.357829999999999648e-01 -6.772110000000000074e-01 -2.948000000000000100e-03 -6.772169999999999579e-01 -7.357660000000000311e-01 -5.046000000000000138e-03
2.100000000000000000e+01 3.000000000000000000e+00 4.300000000000000000e+01 0.000000000000000000e+00 1.600000000000000089e+00 2.464000000000000044e-03 3.268999999999999684e-02 -9.994619999999999616e-01 7.350809999999999844e-01 -6.776739999999999986e-01 -2.035299999999999956e-02 -6.779749999999999943e-01 -7.346359999999999557e-01 -2.570000000000000062e-02
2.700000000000000000e+01 3.000000000000000000e+00 4.300000000000000000e+01 0.000000000000000000e+00 1.600000000000000089e+00 2.338999999999999933e-03 1.140599999999999947e-02 -9.999320000000000430e-01 7.339090000000000336e-01 -6.792209999999999637e-01 -6.030999999999999903e-03 -6.792430000000000412e-01 -7.338449999999999696e-01 -9.959000000000000838e-03
8.000000000000000000e+00 2.900000000000000000e+01 4.400000000000000000e+01 0.000000000000000000e+00 1.600000000000000089e+00 -2.348999999999999960e-03 1.655999999999999920e-03 -9.999959999999999960e-01 6.506979999999999986e-01 7.593370000000000397e-01 -2.709999999999999735e-04 7.593330000000000357e-01 -6.506960000000000521e-01 -2.860999999999999828e-03
1.400000000000000000e+01 2.900000000000000000e+01 4.400000000000000000e+01 0.000000000000000000e+00 1.600000000000000089e+00 -1.765999999999999992e-03 2.223999999999999849e-03 -9.999959999999999960e-01 6.596889999999999699e-01 7.515389999999999571e-01 5.060000000000000478e-04 7.515370000000000106e-01 -6.596849999999999659e-01 -2.794000000000000043e-03
1.900000000000000000e+01 2.900000000000000000e+01 4.400000000000000000e+01 0.000000000000000000e+00 1.600000000000000089e+00 1.588000000000000002e-03 -1.224999999999999960e-03 -9.999980000000000535e-01 6.583719999999999573e-01 7.526920000000000277e-01 1.240000000000000054e-04 7.526909999999999989e-01 -6.583710000000000395e-01 2.001999999999999873e-03
2.300000000000000000e+01 2.900000000000000000e+01 4.400000000000000000e+01 0.000000000000000000e+00 1.600000000000000089e+00 9.940000000000000918e-04 -3.815999999999999948e-03 -9.999919999999999920e-01 6.538359999999999728e-01 7.566330000000000000e-01 -2.236999999999999839e-03 7.566359999999999753e-01 -6.538279999999999648e-01 3.248000000000000019e-03
2.100000000000000000e+01 6.500000000000000000e+01 4.600000000000000000e+01 0.000000000000000000e+00 1.600000000000000089e+00 -1.685999999999999999e-03 2.700999999999999842e-03 9.999949999999999672e-01 6.782439999999999580e-01 -7.348299999999999832e-01 3.128999999999999837e-03 7.348339999999999872e-01 6.782460000000000155e-01 -5.929999999999999941e-04
8.000000000000000000e+00 7.000000000000000000e+01 4.700000000000000000e+01 0.000000000000000000e+00 1.600000000000000089e+00 -8.480000000000000124e-04 -2.550999999999999882e-03 -9.999959999999999960e-01 -8.437249999999999472e-01 -5.367709999999999981e-01 2.085000000000000048e-03 -5.367739999999999734e-01 8.437240000000000295e-01 -1.698000000000000074e-03
3.000000000000000000e+00 5.000000000000000000e+00 5.100000000000000000e+01 0.000000000000000000e+00 1.600000000000000089e+00 -7.119999999999999593e-03 -1.301800000000000006e-02 -9.998899999999999455e-01 4.839220000000000188e-01 -8.750750000000000473e-01 7.946999999999999204e-03 -8.750820000000000265e-01 -4.838120000000000198e-01 1.252999999999999947e-02
8.000000000000000000e+00 5.000000000000000000e+00 5.100000000000000000e+01 0.000000000000000000e+00 1.600000000000000089e+00 -2.490000000000000026e-03 -2.686000000000000019e-03 -9.999930000000000208e-01 4.858270000000000088e-01 -8.740539999999999976e-01 1.137999999999999906e-03 -8.740520000000000511e-01 -4.858210000000000028e-01 3.481000000000000153e-03
1.200000000000000000e+01 5.000000000000000000e+00 5.100000000000000000e+01 0.000000000000000000e+00 1.600000000000000089e+00 -6.030000000000000204e-04 3.660000000000000059e-03 -9.999930000000000208e-01 4.896699999999999942e-01 -8.719010000000000371e-01 -3.485999999999999949e-03 -8.719080000000000163e-01 -4.896690000000000209e-01 -1.265999999999999981e-03
2.100000000000000000e+01 5.000000000000000000e+00 5.100000000000000000e+01 0.000000000000000000e+00 1.600000000000000089e+00 2.593999999999999952e-03 1.709400000000000155e-02 -9.998510000000000453e-01 4.828270000000000062e-01 -8.756080000000000529e-01 -1.371799999999999929e-02 -8.757120000000000459e-01 -4.827199999999999824e-01 -1.052499999999999963e-02
2.600000000000000000e+01 5.000000000000000000e+00 5.100000000000000000e+01 0.000000000000000000e+00 1.600000000000000089e+00 -1.374000000000000004e-03 1.143800000000000025e-02 -9.999339999999999895e-01 4.816840000000000011e-01 -8.762799999999999478e-01 -1.068500000000000005e-02 -8.763440000000000119e-01 -4.816670000000000118e-01 -4.304999999999999799e-03
1.800000000000000000e+01 1.150000000000000000e+02 5.100000000000000000e+01 0.000000000000000000e+00 1.600000000000000089e+00 8.229999999999999469e-04 6.409999999999999682e-04 9.999989999999999712e-01 8.472260000000000346e-01 -5.312320000000000375e-01 -3.570000000000000040e-04 5.312320000000000375e-01 8.472260000000000346e-01 -9.810000000000001011e-04
8.000000000000000000e+00 7.000000000000000000e+00 5.200000000000000000e+01 0.000000000000000000e+00 1.600000000000000089e+00 -2.772999999999999857e-03 -8.520000000000000013e-04 -9.999959999999999960e-01 1.148909999999999931e-01 -9.933779999999999832e-01 5.280000000000000405e-04 -9.933739999999999792e-01 -1.148890000000000050e-01 2.851999999999999934e-03
6.000000000000000000e+00 6.300000000000000000e+01 5.400000000000000000e+01 0.000000000000000000e+00 1.600000000000000089e+00 -2.039000000000000014e-03 -5.940000000000000184e-04 9.999980000000000535e-01 -3.363670000000000271e-01 9.417309999999999848e-01 -1.259999999999999998e-04 -9.417290000000000383e-01 -3.363670000000000271e-01 -2.119999999999999923e-03
1.100000000000000000e+01 6.300000000000000000e+01 5.400000000000000000e+01 0.000000000000000000e+00 1.600000000000000089e+00 -1.418999999999999906e-03 -3.413999999999999934e-03 9.999930000000000208e-01 -3.448530000000000206e-01 9.386529999999999596e-01 2.714999999999999965e-03 -9.386550000000000171e-01 -3.448470000000000146e-01 -2.508999999999999946e-03
2.100000000000000000e+01 6.300000000000000000e+01 5.400000000000000000e+01 0.000000000000000000e+00 1.600000000000000089e+00 1.513999999999999938e-03 6.099999999999999737e-04 9.999989999999999712e-01 -3.325429999999999775e-01 9.430880000000000374e-01 -7.100000000000000462e-05 -9.430870000000000086e-01 -3.325429999999999775e-01 1.629999999999999939e-03
2.600000000000000000e+01 6.300000000000000000e+01 5.400000000000000000e+01 0.000000000000000000e+00 1.600000000000000089e+00 3.078000000000000007e-03 -1.448999999999999984e-03 9.999940000000000495e-01 -3.478970000000000118e-01 9.375299999999999745e-01 2.429000000000000169e-03 -9.375280000000000280e-01 -3.479019999999999890e-01 2.380999999999999870e-03
3.000000000000000000e+00 2.500000000000000000e+01 5.500000000000000000e+01 0.000000000000000000e+00 1.600000000000000089e+00 -1.565999999999999901e-03 -4.421999999999999716e-03 -9.999890000000000168e-01 -9.655000000000000387e-03 -9.999440000000000550e-01 4.436999999999999972e-03 -9.999519999999999520e-01 9.662000000000000449e-03 1.523999999999999964e-03
1.500000000000000000e+01 2.600000000000000000e+01 5.500000000000000000e+01 0.000000000000000000e+00 1.600000000000000089e+00 -9.959999999999999236e-04 6.750000000000000357e-04 -9.999989999999999712e-01 -2.614599999999999910e-02 -9.996580000000000465e-01 -6.489999999999999459e-04 -9.996580000000000465e-01 2.614599999999999910e-02 1.013000000000000012e-03
1.600000000000000000e+01 6.800000000000000000e+01 5.700000000000000000e+01 0.000000000000000000e+00 1.600000000000000089e+00 -3.899999999999999929e-04 5.610000000000000403e-03 -9.999839999999999840e-01 -2.418170000000000042e-01 -9.703070000000000306e-01 -5.348999999999999588e-03 -9.703220000000000178e-01 2.418109999999999982e-01 1.735999999999999913e-03
5.000000000000000000e+00 2.100000000000000000e+01 6.000000000000000000e+01 0.000000000000000000e+00 1.600000000000000089e+00 1.773999999999999969e-03 1.324200000000000030e-02 9.999109999999999943e-01 -8.959399999999999309e-02 9.958930000000000282e-01 -1.302900000000000065e-02 -9.959770000000000012e-01 -8.956300000000000372e-02 2.952999999999999896e-03
9.000000000000000000e+00 2.100000000000000000e+01 6.000000000000000000e+01 0.000000000000000000e+00 1.600000000000000089e+00 8.014999999999999555e-03 -6.713000000000000217e-03 9.999449999999999728e-01 -9.233099999999999641e-02 9.957009999999999472e-01 7.424000000000000044e-03 -9.956960000000000255e-01 -9.238599999999999590e-02 7.361000000000000355e-03
1.600000000000000000e+01 2.100000000000000000e+01 6.000000000000000000e+01 0.000000000000000000e+00 1.600000000000000089e+00 -4.799000000000000314e-03 3.651999999999999864e-03 9.999820000000000375e-01 -9.464599999999999402e-02 9.955030000000000268e-01 -4.089999999999999886e-03 -9.954990000000000228e-01 -9.466399999999999815e-02 -4.432000000000000176e-03
2.400000000000000000e+01 2.100000000000000000e+01 6.000000000000000000e+01 0.000000000000000000e+00 1.600000000000000089e+00 1.211000000000000054e-03 2.243999999999999901e-03 9.999970000000000248e-01 -9.574499999999999678e-02 9.954039999999999555e-01 -2.118000000000000091e-03 -9.954049999999999843e-01 -9.574199999999999378e-02 1.420000000000000038e-03
2.700000000000000000e+01 2.100000000000000000e+01 6.000000000000000000e+01 0.000000000000000000e+00 1.600000000000000089e+00 1.650999999999999907e-03 -8.141000000000000666e-03 9.999649999999999928e-01 -9.586699999999999389e-02 9.953600000000000225e-01 8.262000000000000247e-03 -9.953929999999999723e-01 -9.587700000000000389e-02 8.630000000000000518e-04
3.000000000000000000e+00 3.000000000000000000e+00 6.300000000000000000e+01 0.000000000000000000e+00 1.600000000000000089e+00 1.971999999999999795e-03 -1.614499999999999963e-02 9.998679999999999790e-01 -6.131579999999999808e-01 7.898370000000000113e-01 1.396299999999999972e-02 -7.899570000000000203e-01 -6.131050000000000111e-01 -8.342000000000000456e-03
7.000000000000000000e+00 2.700000000000000000e+01 6.300000000000000000e+01 0.000000000000000000e+00 1.600000000000000089e+00 1.263000000000000017e-03 -4.258999999999999765e-03 9.999900000000000455e-01 -2.736919999999999908e-01 9.618069999999999675e-01 4.441999999999999768e-03 -9.618160000000000043e-01 -2.736950000000000216e-01 4.899999999999999842e-05
1.200000000000000000e+01 2.700000000000000000e+01 6.300000000000000000e+01 0.000000000000000000e+00 1.600000000000000089e+00 -1.386000000000000079e-03 -1.185000000000000072e-03 9.999980000000000535e-01 -2.825650000000000106e-01 9.592479999999999896e-01 7.450000000000000025e-04 -9.592469999999999608e-01 -2.825630000000000086e-01 -1.665000000000000030e-03
1.800000000000000000e+01 2.700000000000000000e+01 6.300000000000000000e+01 0.000000000000000000e+00 1.600000000000000089e+00 3.879999999999999985e-04 -4.272999999999999889e-03 9.999909999999999632e-01 -2.760310000000000263e-01 9.611389999999999656e-01 4.213999999999999864e-03 -9.611490000000000311e-01 -2.760310000000000263e-01 -8.059999999999999673e-04
2.100000000000000000e+01 2.700000000000000000e+01 6.300000000000000000e+01 0.000000000000000000e+00 1.600000000000000089e+00 -1.890000000000000133e-04 -4.426000000000000247e-03 9.999900000000000455e-01 -2.735810000000000186e-01 9.618400000000000283e-01 4.205000000000000404e-03 -9.618489999999999540e-01 -2.735770000000000146e-01 -1.392000000000000008e-03
2.800000000000000000e+01 2.700000000000000000e+01 6.300000000000000000e+01 0.000000000000000000e+00 1.600000000000000089e+00 1.051999999999999984e-03 5.670000000000000127e-04 9.999989999999999712e-01 -2.777760000000000229e-01 9.606459999999999999e-01 -2.519999999999999996e-04 -9.606449999999999712e-01 -2.777760000000000229e-01 1.167999999999999984e-03
3.000000000000000000e+00 2.600000000000000000e+01 6.400000000000000000e+01 0.000000000000000000e+00 1.600000000000000089e+00 1.565999999999999901e-03 -1.120299999999999942e-02 9.999360000000000470e-01 -3.542950000000000266e-01 9.350690000000000390e-01 1.103099999999999914e-02 -9.351319999999999633e-01 -3.542899999999999938e-01 -2.504999999999999848e-03
1.200000000000000000e+01 2.600000000000000000e+01 6.400000000000000000e+01 0.000000000000000000e+00 1.600000000000000089e+00 -9.179999999999999792e-04 8.159999999999999936e-04 9.999989999999999712e-01 -3.670959999999999779e-01 9.301829999999999821e-01 -1.095999999999999969e-03 -9.301829999999999821e-01 -3.670959999999999779e-01 -5.540000000000000219e-04
1.700000000000000000e+01 2.600000000000000000e+01 6.400000000000000000e+01 0.000000000000000000e+00 1.600000000000000089e+00 -8.319999999999999488e-04 -6.904000000000000414e-03 9.999759999999999760e-01 -3.614359999999999795e-01 9.323770000000000113e-01 6.137000000000000094e-03 -9.323970000000000313e-01 -3.614220000000000210e-01 -3.271000000000000036e-03
2.500000000000000000e+01 2.600000000000000000e+01 6.400000000000000000e+01 0.000000000000000000e+00 1.600000000000000089e+00 -4.360000000000000269e-04 -2.912999999999999791e-03 9.999959999999999960e-01 -3.642610000000000015e-01 9.312930000000000375e-01 2.553999999999999847e-03 -9.312970000000000415e-01 -3.642580000000000262e-01 -1.466999999999999988e-03
2.800000000000000000e+01 2.600000000000000000e+01 6.400000000000000000e+01 0.000000000000000000e+00 1.600000000000000089e+00 1.325999999999999922e-03 4.099999999999999912e-04 9.999989999999999712e-01 -3.668069999999999942e-01 9.302970000000000406e-01 1.050000000000000044e-04 -9.302960000000000118e-01 -3.668069999999999942e-01 1.384000000000000031e-03
1.800000000000000000e+01 6.900000000000000000e+01 6.600000000000000000e+01 0.000000000000000000e+00 1.600000000000000089e+00 7.172000000000000423e-03 -2.137000000000000011e-03 9.999719999999999720e-01 -9.443759999999999932e-01 3.287829999999999919e-01 7.476000000000000006e-03 -3.287900000000000267e-01 -9.444029999999999925e-01 3.400000000000000244e-04
2.500000000000000000e+01 6.900000000000000000e+01 6.600000000000000000e+01 0.000000000000000000e+00 1.600000000000000089e+00 6.290000000000000018e-04 -1.978999999999999856e-03 9.999980000000000535e-01 -9.484209999999999585e-01 3.170120000000000160e-01 1.224000000000000045e-03 -3.170140000000000180e-01 -9.484190000000000120e-01 -1.677000000000000105e-03
