1.700000000000000000e+01 2.500000000000000000e+01 1.000000000000000000e+00 0.000000000000000000e+00 1.600000000000000089e+00 7.853000000000000605e-03 2.243900000000000061e-02 -9.997169999999999668e-01 -5.168340000000000156e-01 -8.557690000000000019e-01 -2.326800000000000049e-02 -8.560499999999999776e-01 5.168709999999999694e-01 4.877000000000000259e-03
1.300000000000000000e+01 1.700000000000000000e+01 3.000000000000000000e+00 0.000000000000000000e+00 1.600000000000000089e+00 2.466499999999999942e-02 2.242399999999999949e-02 -9.994439999999999991e-01 -7.069079999999999808e-01 -7.065209999999999546e-01 -3.329800000000000121e-02 -7.068750000000000311e-01 7.073369999999999935e-01 -1.574000000000000095e-03
2.700000000000000000e+01 1.800000000000000000e+01 3.000000000000000000e+00 0.000000000000000000e+00 1.600000000000000089e+00 9.429999999999999147e-03 9.341000000000000345e-03 -9.999120000000000230e-01 -7.751090000000000479e-01 -6.316889999999999450e-01 -1.321100000000000052e-02 -6.317570000000000130e-01 7.751649999999999929e-01 1.283000000000000069e-03
1.100000000000000000e+01 4.200000000000000000e+01 3.000000000000000000e+00 0.000000000000000000e+00 1.600000000000000089e+00 -5.518009999999999859e-01 -5.978869999999999463e-01 5.814179999999999904e-01 -7.233629999999999782e-01 6.900810000000000555e-01 2.311200000000000060e-02 -4.150440000000000240e-01 -4.078229999999999911e-01 -8.132770000000000277e-01
6.000000000000000000e+00 1.900000000000000000e+01 5.000000000000000000e+00 0.000000000000000000e+00 1.600000000000000089e+00 -1.528000000000000061e-03 -4.198000000000000342e-03 -9.999900000000000455e-01 -7.024329999999999741e-01 -7.117390000000000105e-01 4.061000000000000373e-03 -7.117489999999999650e-01 7.024319999999999453e-01 -1.861999999999999940e-03
4.000000000000000000e+00 1.010000000000000000e+02 7.000000000000000000e+00 0.000000000000000000e+00 1.600000000000000089e+00 3.184000000000000198e-03 -1.193499999999999943e-02 9.999240000000000350e-01 8.860510000000000330e-01 4.635810000000000208e-01 2.712000000000000001e-03 -4.635779999999999901e-01 8.859740000000000393e-01 1.205099999999999921e-02
5.000000000000000000e+00 2.500000000000000000e+01 8.000000000000000000e+00 0.000000000000000000e+00 1.600000000000000089e+00 1.361000000000000014e-03 4.098000000000000080e-03 -9.999909999999999632e-01 4.391749999999999821e-01 8.983910000000000506e-01 4.279999999999999950e-03 8.983999999999999764e-01 -4.391769999999999841e-01 -5.770000000000000389e-04
9.000000000000000000e+00 2.500000000000000000e+01 8.000000000000000000e+00 0.000000000000000000e+00 1.600000000000000089e+00 2.220000000000000185e-03 3.771000000000000046e-03 -9.999900000000000455e-01 4.390720000000000178e-01 8.984410000000000451e-01 4.362999999999999691e-03 8.984490000000000531e-01 -4.390780000000000238e-01 3.390000000000000001e-04
1.500000000000000000e+01 2.500000000000000000e+01 8.000000000000000000e+00 0.000000000000000000e+00 1.600000000000000089e+00 -1.397999999999999937e-03 4.734999999999999626e-03 -9.999879999999999880e-01 4.381349999999999967e-01 8.989019999999999788e-01 3.644000000000000104e-03 8.989080000000000403e-01 -4.381240000000000134e-01 -3.331000000000000193e-03
1.900000000000000000e+01 2.500000000000000000e+01 8.000000000000000000e+00 0.000000000000000000e+00 1.600000000000000089e+00 -5.785000000000000211e-03 1.375099999999999933e-02 -9.998890000000000278e-01 4.390780000000000238e-01 8.983950000000000546e-01 9.815000000000000807e-03 8.984299999999999509e-01 -4.389719999999999733e-01 -1.123500000000000019e-02
2.400000000000000000e+01 2.500000000000000000e+01 8.000000000000000000e+00 0.000000000000000000e+00 1.600000000000000089e+00 3.906000000000000184e-03 -2.011399999999999993e-02 -9.997899999999999565e-01 4.416769999999999863e-01 8.970259999999999900e-01 -1.632099999999999870e-02 8.971660000000000190e-01 -4.415200000000000236e-01 1.238799999999999971e-02
2.800000000000000000e+01 2.500000000000000000e+01 8.000000000000000000e+00 0.000000000000000000e+00 1.600000000000000089e+00 1.425999999999999967e-03 -2.059300000000000019e-02 -9.997869999999999813e-01 4.399819999999999842e-01 8.978289999999999882e-01 -1.786599999999999994e-02 8.980059999999999709e-01 -4.398630000000000040e-01 1.034099999999999950e-02
6.000000000000000000e+00 2.400000000000000000e+01 9.000000000000000000e+00 0.000000000000000000e+00 1.600000000000000089e+00 1.221999999999999996e-03 5.211000000000000354e-03 -9.999860000000000415e-01 4.457070000000000198e-01 8.951639999999999597e-01 5.209000000000000088e-03 8.951780000000000292e-01 -4.457070000000000198e-01 -1.229000000000000058e-03
1.000000000000000000e+01 2.400000000000000000e+01 9.000000000000000000e+00 0.000000000000000000e+00 1.600000000000000089e+00 1.994999999999999812e-03 6.037999999999999964e-03 -9.999799999999999800e-01 4.452249999999999819e-01 8.953959999999999697e-01 6.295000000000000248e-03 8.954159999999999897e-01 -4.452289999999999859e-01 -9.020000000000000240e-04
1.500000000000000000e+01 2.400000000000000000e+01 9.000000000000000000e+00 0.000000000000000000e+00 1.600000000000000089e+00 -7.230000000000000098e-04 3.788000000000000134e-03 -9.999930000000000208e-01 4.452610000000000179e-01 8.953959999999999697e-01 3.069999999999999812e-03 8.954010000000000025e-01 -4.452559999999999851e-01 -2.334000000000000137e-03
1.900000000000000000e+01 2.400000000000000000e+01 9.000000000000000000e+00 0.000000000000000000e+00 1.600000000000000089e+00 -3.338999999999999954e-03 3.595999999999999804e-03 -9.999879999999999880e-01 4.446160000000000112e-01 8.957199999999999607e-01 1.737000000000000046e-03 8.957150000000000389e-01 -4.446049999999999724e-01 -4.590000000000000330e-03
2.300000000000000000e+01 2.400000000000000000e+01 9.000000000000000000e+00 0.000000000000000000e+00 1.600000000000000089e+00 1.196999999999999930e-03 -4.834999999999999888e-03 -9.999879999999999880e-01 4.448799999999999977e-01 8.955819999999999892e-01 -3.797000000000000028e-03 8.955889999999999684e-01 -4.448699999999999877e-01 3.223000000000000170e-03
2.900000000000000000e+01 2.400000000000000000e+01 9.000000000000000000e+00 0.000000000000000000e+00 1.600000000000000089e+00 5.000000000000000104e-04 -1.185300000000000069e-02 -9.999299999999999855e-01 4.448230000000000239e-01 8.955579999999999652e-01 -1.039299999999999946e-02 8.956180000000000252e-01 -4.447860000000000147e-01 5.720000000000000258e-03
3.000000000000000000e+00 8.000000000000000000e+00 1.000000000000000000e+01 0.000000000000000000e+00 1.600000000000000089e+00 5.963399999999999951e-02 2.319699999999999887e-02 -9.979510000000000325e-01 -9.897960000000000091e-01 -1.282379999999999909e-01 -6.212700000000000167e-02 -1.294160000000000033e-01 9.914720000000000200e-01 1.531300000000000022e-02
8.000000000000000000e+00 8.000000000000000000e+00 1.000000000000000000e+01 0.000000000000000000e+00 1.600000000000000089e+00 6.296100000000000307e-02 9.731999999999999332e-03 -9.979689999999999950e-01 -9.971010000000000151e-01 -4.218800000000000328e-02 -6.331699999999999828e-02 -4.271799999999999903e-02 9.990620000000000056e-01 7.047999999999999578e-03
1.400000000000000000e+01 4.900000000000000000e+01 1.000000000000000000e+01 0.000000000000000000e+00 1.600000000000000089e+00 8.165599999999999525e-01 -2.567519999999999802e-01 5.170179999999999776e-01 -4.229060000000000041e-01 -8.756920000000000259e-01 2.330530000000000102e-01 3.929119999999999835e-01 -4.089519999999999822e-01 -8.236369999999999525e-01
9.000000000000000000e+00 4.000000000000000000e+00 1.100000000000000000e+01 0.000000000000000000e+00 1.600000000000000089e+00 -2.663000000000000003e-03 5.858000000000000013e-02 9.982790000000000274e-01 1.735210000000000086e-01 -9.831119999999999859e-01 5.815300000000000330e-02 9.848270000000000080e-01 1.733770000000000033e-01 -7.546999999999999889e-03
1.300000000000000000e+01 4.000000000000000000e+00 1.100000000000000000e+01 0.000000000000000000e+00 1.600000000000000089e+00 -6.790000000000000245e-04 6.322500000000000342e-02 9.979989999999999695e-01 1.646420000000000106e-01 -9.843730000000000535e-01 6.247300000000000075e-02 9.863530000000000353e-01 1.643550000000000011e-01 -9.740999999999999659e-03
1.800000000000000000e+01 3.200000000000000000e+01 1.300000000000000000e+01 0.000000000000000000e+00 1.600000000000000089e+00 1.803700000000000095e-02 1.129359999999999947e-01 9.934380000000000432e-01 6.099999999999999737e-04 9.935990000000000100e-01 -1.129649999999999960e-01 -9.998369999999999758e-01 2.644000000000000083e-03 1.785300000000000081e-02
1.200000000000000000e+01 4.800000000000000000e+01 1.300000000000000000e+01 0.000000000000000000e+00 1.600000000000000089e+00 8.632410000000000361e-01 -1.230910000000000060e-01 4.895539999999999892e-01 -2.380929999999999991e-01 -9.544449999999999878e-01 1.798530000000000129e-01 4.451140000000000096e-01 -2.718149999999999733e-01 -8.532229999999999537e-01
8.000000000000000000e+00 3.200000000000000000e+01 1.400000000000000000e+01 0.000000000000000000e+00 1.600000000000000089e+00 -1.690000000000000096e-03 7.591999999999999790e-03 -9.999700000000000255e-01 1.156819999999999932e-01 9.932590000000000030e-01 7.346000000000000099e-03 9.932849999999999735e-01 -1.156660000000000049e-01 -2.556999999999999811e-03
1.100000000000000000e+01 4.800000000000000000e+01 1.500000000000000000e+01 0.000000000000000000e+00 1.600000000000000089e+00 8.488019999999999454e-01 -2.177439999999999931e-01 4.817899999999999960e-01 -3.224029999999999951e-01 -9.353920000000000012e-01 1.452489999999999892e-01 4.190360000000000196e-01 -2.786190000000000055e-01 -8.641649999999999610e-01
1.500000000000000000e+01 1.200000000000000000e+01 1.600000000000000000e+01 0.000000000000000000e+00 1.600000000000000089e+00 -1.022799999999999924e-02 7.122699999999999865e-02 9.974079999999999613e-01 2.356520000000000004e-01 -9.691940000000000000e-01 7.162899999999999823e-02 9.717839999999999812e-01 2.357740000000000113e-01 -6.871999999999999637e-03
2.100000000000000000e+01 1.300000000000000000e+01 1.600000000000000000e+01 0.000000000000000000e+00 1.600000000000000089e+00 -3.252999999999999815e-03 7.283100000000000684e-02 9.973389999999999755e-01 1.560529999999999973e-01 -9.850879999999999637e-01 7.244499999999999551e-02 9.877430000000000376e-01 1.558740000000000125e-01 -8.160999999999999852e-03
2.600000000000000000e+01 1.300000000000000000e+01 1.600000000000000000e+01 0.000000000000000000e+00 1.600000000000000089e+00 9.250000000000000409e-04 5.284599999999999714e-02 9.986019999999999897e-01 1.215220000000000050e-01 -9.912079999999999780e-01 5.234199999999999964e-02 9.925880000000000258e-01 1.213039999999999952e-01 -7.339000000000000037e-03
1.700000000000000000e+01 4.800000000000000000e+01 1.600000000000000000e+01 0.000000000000000000e+00 1.600000000000000089e+00 -4.244330000000000047e-01 -7.804809999999999803e-01 -4.590279999999999916e-01 9.054069999999999618e-01 -3.712909999999999822e-01 -2.058669999999999944e-01 -9.757999999999999313e-03 -5.029839999999999867e-01 8.642410000000000370e-01
1.100000000000000000e+01 1.160000000000000000e+02 1.600000000000000000e+01 0.000000000000000000e+00 1.600000000000000089e+00 -2.413000000000000214e-03 1.085999999999999943e-03 9.999970000000000248e-01 8.290939999999999976e-01 5.591070000000000206e-01 1.394000000000000057e-03 -5.591030000000000166e-01 8.290950000000000264e-01 -2.249999999999999830e-03
1.100000000000000000e+01 3.500000000000000000e+01 1.700000000000000000e+01 0.000000000000000000e+00 1.600000000000000089e+00 -3.371770000000000045e-01 -1.870360000000000078e-01 -9.226750000000000229e-01 -8.598989999999999689e-01 -3.377950000000000119e-01 3.827119999999999966e-01 -3.832559999999999856e-01 9.224489999999999634e-01 -4.693499999999999756e-02
9.000000000000000000e+00 3.600000000000000000e+01 1.800000000000000000e+01 0.000000000000000000e+00 1.600000000000000089e+00 -4.486680000000000113e-01 2.647100000000000147e-02 -8.933060000000000445e-01 -8.836669999999999803e-01 -1.624839999999999895e-01 4.390120000000000133e-01 -1.335270000000000068e-01 9.863560000000000105e-01 9.629300000000000359e-02
1.000000000000000000e+00 2.000000000000000000e+00 1.900000000000000000e+01 0.000000000000000000e+00 1.600000000000000089e+00 -1.028500000000000074e-02 3.004799999999999832e-02 -9.994960000000000511e-01 3.540030000000000121e-01 -9.347050000000000081e-01 -3.174400000000000138e-02 -9.351880000000000193e-01 -3.541509999999999936e-01 -1.023000000000000038e-03
2.000000000000000000e+01 2.000000000000000000e+00 1.900000000000000000e+01 0.000000000000000000e+00 1.600000000000000089e+00 -9.438999999999999474e-03 3.899099999999999788e-02 -9.991950000000000554e-01 3.151590000000000225e-01 -9.481960000000000388e-01 -3.997799999999999965e-02 -9.489919999999999467e-01 -3.152829999999999799e-01 -3.338999999999999954e-03
2.000000000000000000e+00 3.000000000000000000e+00 1.900000000000000000e+01 0.000000000000000000e+00 1.600000000000000089e+00 -8.925999999999999907e-03 3.159100000000000102e-02 -9.994610000000000438e-01 3.264059999999999739e-01 -9.446609999999999729e-01 -3.277399999999999758e-02 -9.451869999999999994e-01 -3.265230000000000077e-01 -1.879999999999999944e-03
9.000000000000000000e+00 3.000000000000000000e+00 1.900000000000000000e+01 0.000000000000000000e+00 1.600000000000000089e+00 -9.065000000000000141e-03 4.166700000000000265e-02 -9.990900000000000336e-01 3.347539999999999960e-01 -9.413559999999999706e-01 -4.229600000000000026e-02 -9.422620000000000440e-01 -3.348329999999999917e-01 -5.414999999999999675e-03
1.600000000000000000e+01 3.000000000000000000e+00 1.900000000000000000e+01 0.000000000000000000e+00 1.600000000000000089e+00 -1.195500000000000035e-02 4.592000000000000248e-02 -9.988740000000000396e-01 3.322330000000000005e-01 -9.420110000000000428e-01 -4.728299999999999864e-02 -9.431220000000000159e-01 -3.324239999999999973e-01 -3.994000000000000154e-03
1.900000000000000000e+01 3.000000000000000000e+00 1.900000000000000000e+01 0.000000000000000000e+00 1.600000000000000089e+00 -1.045699999999999928e-02 3.953500000000000070e-02 -9.991630000000000233e-01 3.281470000000000220e-01 -9.437459999999999738e-01 -4.077599999999999975e-02 -9.445689999999999920e-01 -3.282990000000000075e-01 -3.105000000000000121e-03
2.400000000000000000e+01 3.000000000000000000e+00 1.900000000000000000e+01 0.000000000000000000e+00 1.600000000000000089e+00 -7.499999999999999722e-03 2.439500000000000002e-02 -9.996739999999999515e-01 3.205149999999999944e-01 -9.468999999999999639e-01 -2.551199999999999996e-02 -9.472140000000000004e-01 -3.206019999999999981e-01 -7.169999999999999724e-04
2.700000000000000000e+01 3.000000000000000000e+00 1.900000000000000000e+01 0.000000000000000000e+00 1.600000000000000089e+00 -3.810000000000000019e-03 2.043999999999999984e-02 -9.997840000000000060e-01 3.134430000000000271e-01 -9.493840000000000057e-01 -2.060400000000000079e-02 -9.495999999999999996e-01 -3.134529999999999816e-01 -2.789999999999999945e-03
5.000000000000000000e+00 4.000000000000000000e+00 2.000000000000000000e+01 0.000000000000000000e+00 1.600000000000000089e+00 -4.283000000000000348e-03 3.059800000000000020e-02 -9.995230000000000503e-01 3.645649999999999724e-01 -9.306929999999999925e-01 -3.005299999999999985e-02 -9.311679999999999957e-01 -3.645200000000000107e-01 -7.169000000000000025e-03
1.000000000000000000e+01 4.000000000000000000e+00 2.000000000000000000e+01 0.000000000000000000e+00 1.600000000000000089e+00 -5.963000000000000418e-03 3.752400000000000180e-02 -9.992779999999999996e-01 3.869139999999999802e-01 -9.213770000000000016e-01 -3.690700000000000230e-02 -9.220960000000000267e-01 -3.868550000000000044e-01 -9.024000000000000771e-03
1.300000000000000000e+01 4.000000000000000000e+00 2.000000000000000000e+01 0.000000000000000000e+00 1.600000000000000089e+00 -8.295999999999999555e-03 3.952900000000000164e-02 -9.991839999999999611e-01 3.981810000000000072e-01 -9.164529999999999621e-01 -3.956199999999999994e-02 -9.172690000000000010e-01 -3.981839999999999824e-01 -8.137000000000000136e-03
1.600000000000000000e+01 4.000000000000000000e+00 2.000000000000000000e+01 0.000000000000000000e+00 1.600000000000000089e+00 -9.088999999999999857e-03 4.287699999999999845e-02 -9.990390000000000104e-01 4.091549999999999909e-01 -9.114579999999999904e-01 -4.284000000000000308e-02 -9.124189999999999801e-01 -4.091520000000000157e-01 -9.258999999999999869e-03
2.500000000000000000e+01 4.000000000000000000e+00 2.000000000000000000e+01 0.000000000000000000e+00 1.600000000000000089e+00 -6.119000000000000307e-03 2.219700000000000145e-02 -9.997350000000000403e-01 4.248790000000000067e-01 -9.049660000000000482e-01 -2.269300000000000136e-02 -9.052299999999999791e-01 -4.249049999999999772e-01 -3.893000000000000193e-03
2.800000000000000000e+01 4.000000000000000000e+00 2.000000000000000000e+01 0.000000000000000000e+00 1.600000000000000089e+00 -3.740999999999999968e-03 1.886799999999999936e-02 -9.998150000000000093e-01 4.237029999999999963e-01 -9.056089999999999973e-01 -1.867600000000000163e-02 -9.057929999999999593e-01 -4.236949999999999883e-01 -4.605999999999999851e-03
1.000000000000000000e+00 1.300000000000000000e+01 2.000000000000000000e+01 0.000000000000000000e+00 1.600000000000000089e+00 -2.079999999999999818e-03 -6.867999999999999973e-03 9.999740000000000295e-01 2.602780000000000094e-01 9.655070000000000041e-01 7.172999999999999689e-03 -9.655319999999999458e-01 2.602860000000000174e-01 -2.200000000000000078e-04
7.000000000000000000e+00 1.300000000000000000e+01 2.000000000000000000e+01 0.000000000000000000e+00 1.600000000000000089e+00 4.449999999999999746e-04 -4.119999999999999856e-04 1.000000000000000000e+00 2.613119999999999887e-01 9.652539999999999454e-01 2.820000000000000241e-04 -9.652539999999999454e-01 2.613119999999999887e-01 5.370000000000000424e-04
1.300000000000000000e+01 1.300000000000000000e+01 2.000000000000000000e+01 0.000000000000000000e+00 1.600000000000000089e+00 1.499999999999999869e-04 -3.229000000000000099e-03 9.999949999999999672e-01 2.670310000000000183e-01 9.636829999999999563e-01 3.070999999999999945e-03 -9.636879999999999891e-01 2.670290000000000163e-01 1.007000000000000083e-03
1.900000000000000000e+01 1.300000000000000000e+01 2.000000000000000000e+01 0.000000000000000000e+00 1.600000000000000089e+00 -2.431000000000000001e-03 -3.860000000000000150e-03 9.999900000000000455e-01 2.827850000000000086e-01 9.591730000000000533e-01 4.389999999999999805e-03 -9.591800000000000326e-01 2.827930000000000166e-01 -1.240999999999999916e-03
2.300000000000000000e+01 1.300000000000000000e+01 2.000000000000000000e+01 0.000000000000000000e+00 1.600000000000000089e+00 -1.647000000000000026e-03 -4.256000000000000234e-03 9.999900000000000455e-01 2.953189999999999982e-01 9.553880000000000150e-01 4.552999999999999756e-03 -9.553970000000000518e-01 2.953239999999999754e-01 -3.170000000000000075e-04
2.700000000000000000e+01 1.300000000000000000e+01 2.000000000000000000e+01 0.000000000000000000e+00 1.600000000000000089e+00 -1.028999999999999967e-03 3.913999999999999944e-03 9.999919999999999920e-01 3.036289999999999822e-01 9.527839999999999643e-01 -3.416999999999999899e-03 -9.527900000000000258e-01 3.036229999999999762e-01 -2.168999999999999921e-03
1.000000000000000000e+01 3.900000000000000000e+01 2.300000000000000000e+01 0.000000000000000000e+00 1.600000000000000089e+00 -4.626540000000000097e-01 -8.103059999999999707e-01 3.596599999999999797e-01 -8.286019999999999497e-01 5.394879999999999676e-01 1.495700000000000085e-01 -3.152300000000000102e-01 -2.288159999999999916e-01 -9.210180000000000033e-01
2.100000000000000000e+01 4.200000000000000000e+01 2.300000000000000000e+01 0.000000000000000000e+00 1.600000000000000089e+00 -9.786989999999999856e-01 -1.833130000000000037e-01 9.243400000000000227e-02 -1.507149999999999879e-01 9.472620000000000484e-01 2.828049999999999731e-01 -1.394009999999999971e-01 2.628499999999999726e-01 -9.547130000000000338e-01
6.000000000000000000e+00 3.000000000000000000e+00 2.500000000000000000e+01 0.000000000000000000e+00 1.600000000000000089e+00 -9.235000000000000153e-03 2.874200000000000019e-02 9.995439999999999880e-01 2.752299999999999885e-02 -9.992010000000000058e-01 2.898600000000000135e-02 9.995779999999999665e-01 2.777900000000000161e-02 8.437000000000000055e-03
1.200000000000000000e+01 3.000000000000000000e+00 2.500000000000000000e+01 0.000000000000000000e+00 1.600000000000000089e+00 -1.161399999999999932e-02 3.404999999999999694e-02 9.993530000000000468e-01 3.290900000000000075e-02 -9.988660000000000316e-01 3.441500000000000115e-02 9.993910000000000293e-01 3.328799999999999815e-02 1.047999999999999973e-02
1.500000000000000000e+01 3.000000000000000000e+00 2.500000000000000000e+01 0.000000000000000000e+00 1.600000000000000089e+00 -8.959999999999999215e-03 3.976199999999999873e-02 9.991689999999999738e-01 2.266699999999999965e-02 -9.989440000000000541e-01 3.995599999999999846e-02 9.997030000000000083e-01 2.300699999999999967e-02 8.049999999999999864e-03
2.300000000000000000e+01 3.000000000000000000e+00 2.500000000000000000e+01 0.000000000000000000e+00 1.600000000000000089e+00 -6.194999999999999986e-03 2.616999999999999882e-02 9.996380000000000265e-01 -1.188299999999999947e-02 -9.995889999999999498e-01 2.609500000000000014e-02 9.999099999999999655e-01 -1.171699999999999998e-02 6.503000000000000100e-03
9.000000000000000000e+00 3.800000000000000000e+01 2.900000000000000000e+01 0.000000000000000000e+00 1.600000000000000089e+00 3.407089999999999841e-01 3.125060000000000060e-01 -8.867119999999999447e-01 8.636810000000000320e-01 2.685859999999999914e-01 4.265180000000000082e-01 3.714480000000000004e-01 -9.111540000000000195e-01 -1.783949999999999980e-01
1.000000000000000000e+00 3.900000000000000000e+01 2.900000000000000000e+01 0.000000000000000000e+00 1.600000000000000089e+00 2.308389999999999886e-01 9.176999999999999602e-01 -3.233260000000000023e-01 5.325910000000000366e-01 1.589230000000000087e-01 8.313180000000000014e-01 8.142850000000000366e-01 -3.641010000000000080e-01 -4.520730000000000026e-01
5.000000000000000000e+00 4.400000000000000000e+01 3.100000000000000000e+01 0.000000000000000000e+00 1.600000000000000089e+00 9.109479999999999800e-01 -2.044110000000000094e-01 -3.583149999999999946e-01 2.229929999999999968e-01 9.747599999999999598e-01 1.083699999999999941e-02 3.470559999999999756e-01 -8.977400000000000657e-02 9.335379999999999789e-01
7.000000000000000000e+00 5.800000000000000000e+01 3.100000000000000000e+01 0.000000000000000000e+00 1.600000000000000089e+00 1.105000000000000079e-03 -1.586100000000000010e-02 9.998740000000000405e-01 -7.978340000000000432e-01 -6.028139999999999610e-01 -8.680000000000000215e-03 6.028759999999999675e-01 -7.977239999999999887e-01 -1.332099999999999951e-02
1.200000000000000000e+01 5.800000000000000000e+01 3.100000000000000000e+01 0.000000000000000000e+00 1.600000000000000089e+00 1.495999999999999934e-03 1.765800000000000008e-02 9.998430000000000373e-01 -7.915520000000000334e-01 -6.109839999999999716e-01 1.197499999999999953e-02 6.110999999999999766e-01 -7.914459999999999829e-01 1.306299999999999996e-02
2.500000000000000000e+01 5.800000000000000000e+01 3.100000000000000000e+01 0.000000000000000000e+00 1.600000000000000089e+00 7.241000000000000041e-03 8.921000000000000110e-03 9.999339999999999895e-01 -7.962280000000000468e-01 -6.048940000000000428e-01 1.116200000000000005e-02 6.049529999999999630e-01 -7.962559999999999638e-01 2.723000000000000160e-03
2.600000000000000000e+01 2.300000000000000000e+01 3.400000000000000000e+01 0.000000000000000000e+00 1.600000000000000089e+00 7.110000000000000434e-04 9.119999999999999635e-03 9.999580000000000135e-01 3.977919999999999789e-01 -9.174400000000000333e-01 8.085000000000000173e-03 9.174759999999999582e-01 3.977689999999999837e-01 -4.279999999999999950e-03
3.000000000000000000e+01 2.300000000000000000e+01 3.400000000000000000e+01 0.000000000000000000e+00 1.600000000000000089e+00 2.899999999999999800e-03 1.149999999999999981e-03 9.999949999999999672e-01 3.909900000000000042e-01 -9.203949999999999632e-01 -7.499999999999999343e-05 9.203900000000000414e-01 3.909880000000000022e-01 -3.118999999999999811e-03
7.000000000000000000e+00 3.800000000000000000e+01 3.400000000000000000e+01 0.000000000000000000e+00 1.600000000000000089e+00 4.848169999999999980e-01 -8.561729999999999619e-01 -1.786600000000000132e-01 8.548149999999999915e-01 5.070700000000000207e-01 -1.103240000000000054e-01 1.850499999999999923e-01 -9.923500000000000376e-02 9.777059999999999640e-01
1.100000000000000000e+01 2.900000000000000000e+01 3.600000000000000000e+01 0.000000000000000000e+00 1.600000000000000089e+00 5.163410000000000499e-01 5.296520000000000117e-01 -6.729490000000000194e-01 7.841580000000000217e-01 2.344100000000000003e-02 6.201189999999999758e-01 3.442219999999999724e-01 -8.478909999999999503e-01 -4.032270000000000021e-01
9.000000000000000000e+00 3.000000000000000000e+01 3.600000000000000000e+01 0.000000000000000000e+00 1.600000000000000089e+00 3.514039999999999941e-01 4.430919999999999859e-01 -8.247339999999999671e-01 8.187480000000000313e-01 2.817910000000000137e-01 5.002459999999999685e-01 4.540569999999999884e-01 -8.510370000000000434e-01 -2.637579999999999925e-01
1.800000000000000000e+01 5.000000000000000000e+01 3.600000000000000000e+01 0.000000000000000000e+00 1.600000000000000089e+00 -9.993999999999999412e-03 -1.760539999999999883e-01 -9.843300000000000383e-01 1.764459999999999917e-01 -9.692429999999999657e-01 1.715649999999999953e-01 -9.842600000000000238e-01 -1.719670000000000087e-01 4.075100000000000250e-02
2.600000000000000000e+01 9.500000000000000000e+01 3.600000000000000000e+01 0.000000000000000000e+00 1.600000000000000089e+00 -3.004999999999999859e-03 -4.588300000000000017e-02 9.989419999999999966e-01 9.984410000000000229e-01 5.554200000000000109e-02 5.555000000000000042e-03 -5.573800000000000282e-02 9.974020000000000108e-01 4.564499999999999807e-02
2.100000000000000000e+01 3.100000000000000000e+01 3.700000000000000000e+01 0.000000000000000000e+00 1.600000000000000089e+00 1.764620000000000077e-01 -9.746500000000000163e-01 -1.375439999999999996e-01 6.615520000000000289e-01 2.209059999999999913e-01 -7.166230000000000100e-01 7.288409999999999611e-01 3.546400000000000247e-02 6.837630000000000097e-01
2.700000000000000000e+01 9.500000000000000000e+01 3.700000000000000000e+01 0.000000000000000000e+00 1.600000000000000089e+00 -3.730000000000000134e-04 -2.527400000000000133e-02 9.996800000000000130e-01 9.973189999999999555e-01 7.313799999999999468e-02 2.220999999999999884e-03 -7.317099999999999993e-02 9.970020000000000548e-01 2.517899999999999999e-02
1.500000000000000000e+01 5.000000000000000000e+01 3.800000000000000000e+01 0.000000000000000000e+00 1.600000000000000089e+00 -1.906000000000000055e-02 -3.334849999999999759e-01 9.425630000000000397e-01 -3.292450000000000099e-01 -8.880580000000000140e-01 -3.208590000000000053e-01 9.440520000000000023e-01 -3.164500000000000091e-01 -9.287099999999999522e-02
1.100000000000000000e+01 2.000000000000000000e+01 3.900000000000000000e+01 0.000000000000000000e+00 1.600000000000000089e+00 9.088000000000000592e-03 -1.462399999999999985e-02 9.998519999999999630e-01 -4.799269999999999925e-01 8.771400000000000308e-01 1.719100000000000142e-02 -8.772609999999999575e-01 -4.800119999999999942e-01 9.529999999999999626e-04
2.000000000000000000e+01 2.800000000000000000e+01 4.000000000000000000e+01 0.000000000000000000e+00 1.600000000000000089e+00 -4.974800000000000055e-02 -8.643279999999999852e-01 -5.004619999999999624e-01 7.548270000000000257e-01 2.955949999999999966e-01 -5.855430000000000357e-01 6.540350000000000330e-01 -4.068919999999999759e-01 6.377119999999999456e-01
3.000000000000000000e+00 3.400000000000000000e+01 4.000000000000000000e+01 0.000000000000000000e+00 1.600000000000000089e+00 1.148959999999999981e-01 -7.076550000000000340e-01 6.971540000000000514e-01 7.624429999999999819e-01 -3.870460000000000012e-01 -5.185319999999999929e-01 6.367730000000000334e-01 5.911180000000000323e-01 4.950760000000000161e-01
5.000000000000000000e+00 3.800000000000000000e+01 4.000000000000000000e+01 0.000000000000000000e+00 1.600000000000000089e+00 -5.609110000000000484e-01 -6.821230000000000349e-01 -4.691350000000000242e-01 -8.164759999999999796e-01 3.620800000000000129e-01 4.497380000000000266e-01 -1.369120000000000059e-01 6.352999999999999758e-01 -7.600320000000000409e-01
1.800000000000000000e+01 2.400000000000000000e+01 4.100000000000000000e+01 0.000000000000000000e+00 1.600000000000000089e+00 -2.597000000000000003e-02 -5.360970000000000457e-01 8.437569999999999792e-01 -6.972599999999999909e-01 6.145450000000000079e-01 3.690019999999999967e-01 -7.163469999999999560e-01 -5.787349999999999994e-01 -3.897590000000000221e-01
2.000000000000000000e+01 2.700000000000000000e+01 4.100000000000000000e+01 0.000000000000000000e+00 1.600000000000000089e+00 -4.505800000000000083e-02 -6.286260000000000181e-01 -7.764010000000000078e-01 7.892940000000000511e-01 4.540020000000000167e-01 -4.133959999999999857e-01 6.123600000000000154e-01 -6.314359999999999973e-01 4.757149999999999990e-01
1.500000000000000000e+01 4.700000000000000000e+01 4.100000000000000000e+01 0.000000000000000000e+00 1.600000000000000089e+00 -1.392819999999999891e-01 6.513139999999999485e-01 -7.459160000000000235e-01 -5.861499999999999488e-01 5.528980000000000006e-01 5.922260000000000302e-01 7.981399999999999606e-01 5.197049999999999725e-01 3.047590000000000021e-01
1.900000000000000000e+01 2.600000000000000000e+01 4.200000000000000000e+01 0.000000000000000000e+00 1.600000000000000089e+00 -6.747300000000000519e-02 -4.118640000000000079e-01 -9.087439999999999962e-01 8.455209999999999670e-01 4.599239999999999995e-01 -2.712269999999999959e-01 5.296610000000000484e-01 -7.866630000000000011e-01 3.172070000000000167e-01
2.600000000000000000e+01 5.000000000000000000e+01 4.200000000000000000e+01 0.000000000000000000e+00 1.600000000000000089e+00 -4.344700000000000228e-01 8.349750000000000227e-01 -3.377180000000000182e-01 -5.368290000000000006e-01 6.101700000000000179e-02 8.414819999999999522e-01 7.232229999999999492e-01 5.468950000000000200e-01 4.217279999999999918e-01
9.000000000000000000e+00 2.500000000000000000e+01 4.300000000000000000e+01 0.000000000000000000e+00 1.600000000000000089e+00 1.110140000000000016e-01 1.759040000000000048e-01 -9.781279999999999974e-01 8.170290000000000052e-01 5.441850000000000298e-01 1.905949999999999867e-01 5.658090000000000064e-01 -8.203169999999999629e-01 -8.330700000000000605e-02
1.800000000000000000e+01 2.500000000000000000e+01 4.300000000000000000e+01 0.000000000000000000e+00 1.600000000000000089e+00 -8.930899999999999950e-02 -2.938370000000000148e-01 -9.516740000000000199e-01 8.844750000000000112e-01 4.159349999999999992e-01 -2.114260000000000028e-01 4.579599999999999782e-01 -8.606150000000000189e-01 2.227449999999999986e-01
8.000000000000000000e+00 5.100000000000000000e+01 4.300000000000000000e+01 0.000000000000000000e+00 1.600000000000000089e+00 -1.161810000000000065e-01 4.347820000000000018e-01 -8.930099999999999705e-01 -6.146779999999999466e-01 6.747619999999999729e-01 4.084929999999999950e-01 7.801749999999999519e-01 5.963730000000000420e-01 1.888559999999999961e-01
2.600000000000000000e+01 5.100000000000000000e+01 4.300000000000000000e+01 0.000000000000000000e+00 1.600000000000000089e+00 -3.190370000000000150e-01 8.390389999999999793e-01 -4.407139999999999946e-01 -5.067779999999999507e-01 2.419219999999999982e-01 8.274359999999999493e-01 8.008690000000000531e-01 4.873270000000000102e-01 3.480240000000000000e-01
7.000000000000000000e+00 5.200000000000000000e+01 4.300000000000000000e+01 0.000000000000000000e+00 1.600000000000000089e+00 -6.605500000000000260e-02 4.185610000000000164e-01 -9.057830000000000048e-01 -5.076070000000000304e-01 7.674299999999999455e-01 3.916459999999999941e-01 8.590529999999999555e-01 4.856530000000000014e-01 1.617719999999999991e-01
2.100000000000000000e+01 2.900000000000000000e+01 4.400000000000000000e+01 0.000000000000000000e+00 1.600000000000000089e+00 -4.750700000000000062e-02 -1.840999999999999972e-03 -9.988690000000000069e-01 7.656519999999999992e-01 6.421559999999999491e-01 -3.759799999999999948e-02 6.414990000000000414e-01 -7.665720000000000312e-01 -2.909799999999999887e-02
2.600000000000000000e+01 5.000000000000000000e+01 4.500000000000000000e+01 0.000000000000000000e+00 1.600000000000000089e+00 8.757770000000000277e-01 -4.262449999999999850e-01 2.265620000000000134e-01 4.288080000000000225e-01 9.024940000000000184e-01 4.035799999999999804e-02 -2.216730000000000089e-01 6.180700000000000083e-02 9.731600000000000250e-01
6.000000000000000000e+00 6.500000000000000000e+01 4.600000000000000000e+01 0.000000000000000000e+00 1.600000000000000089e+00 -3.105999999999999820e-03 2.527999999999999865e-03 9.999919999999999920e-01 6.787779999999999925e-01 -7.343330000000000135e-01 3.964999999999999775e-03 7.343370000000000175e-01 6.787849999999999717e-01 5.649999999999999641e-04
2.100000000000000000e+01 6.500000000000000000e+01 4.600000000000000000e+01 0.000000000000000000e+00 1.600000000000000089e+00 6.960000000000000041e-04 3.116999999999999979e-03 9.999949999999999672e-01 6.789129999999999887e-01 -7.342170000000000085e-01 1.815999999999999906e-03 7.342189999999999550e-01 6.789079999999999560e-01 -2.626999999999999995e-03
6.000000000000000000e+00 2.900000000000000000e+01 4.800000000000000000e+01 0.000000000000000000e+00 1.600000000000000089e+00 9.306000000000000036e-03 3.190600000000000103e-01 9.476890000000000036e-01 3.988349999999999951e-01 8.678979999999999473e-01 -2.961130000000000151e-01 -9.169749999999999845e-01 3.807280000000000109e-01 -1.191760000000000042e-01
2.400000000000000000e+01 2.900000000000000000e+01 4.800000000000000000e+01 0.000000000000000000e+00 1.600000000000000089e+00 1.197900000000000006e-02 5.538099999999999967e-02 9.983929999999999749e-01 3.552350000000000230e-01 9.330969999999999542e-01 -5.602100000000000135e-02 -9.346999999999999753e-01 3.553350000000000120e-01 -8.496000000000000080e-03
2.900000000000000000e+01 2.900000000000000000e+01 4.800000000000000000e+01 0.000000000000000000e+00 1.600000000000000089e+00 -3.499999999999999693e-05 1.840000000000000056e-03 9.999980000000000535e-01 3.674450000000000216e-01 9.300439999999999818e-01 -1.698000000000000074e-03 -9.300450000000000106e-01 3.674439999999999928e-01 -7.089999999999999948e-04
2.100000000000000000e+01 4.800000000000000000e+01 4.900000000000000000e+01 0.000000000000000000e+00 1.600000000000000089e+00 6.906189999999999829e-01 -4.656049999999999911e-01 5.534059999999999535e-01 2.069269999999999998e-01 8.604220000000000201e-01 4.656779999999999808e-01 -6.929840000000000444e-01 -2.070909999999999973e-01 6.905700000000000172e-01
1.000000000000000000e+01 6.000000000000000000e+00 5.100000000000000000e+01 0.000000000000000000e+00 1.600000000000000089e+00 -9.020000000000000240e-04 -5.191000000000000301e-03 -9.999860000000000415e-01 2.972659999999999747e-01 -9.547830000000000483e-01 4.688000000000000327e-03 -9.547940000000000316e-01 -2.972569999999999935e-01 2.403999999999999887e-03
3.000000000000000000e+00 1.150000000000000000e+02 5.100000000000000000e+01 0.000000000000000000e+00 1.600000000000000089e+00 -4.120999999999999663e-03 -2.389000000000000151e-02 9.997059999999999835e-01 8.384700000000000486e-01 -5.448640000000000150e-01 -9.563999999999999585e-03 5.449330000000000007e-01 8.381840000000000401e-01 2.227600000000000066e-02
8.000000000000000000e+00 1.150000000000000000e+02 5.100000000000000000e+01 0.000000000000000000e+00 1.600000000000000089e+00 -6.843000000000000124e-03 -1.240999999999999916e-02 9.999000000000000110e-01 8.439729999999999732e-01 -5.363839999999999719e-01 -8.809999999999999472e-04 5.363409999999999567e-01 8.438830000000000497e-01 1.414499999999999959e-02
1.400000000000000000e+01 1.150000000000000000e+02 5.100000000000000000e+01 0.000000000000000000e+00 1.600000000000000089e+00 -6.267000000000000001e-03 1.118800000000000003e-02 9.999179999999999735e-01 8.537679999999999714e-01 -5.205340000000000522e-01 1.117499999999999917e-02 5.206169999999999964e-01 8.537670000000000536e-01 -6.289999999999999584e-03
2.000000000000000000e+01 1.150000000000000000e+02 5.100000000000000000e+01 0.000000000000000000e+00 1.600000000000000089e+00 -2.750999999999999973e-03 1.765900000000000108e-02 9.998399999999999510e-01 8.579090000000000327e-01 -5.136749999999999927e-01 1.143300000000000045e-02 5.137950000000000017e-01 8.578029999999999822e-01 -1.373699999999999921e-02
1.800000000000000000e+01 7.000000000000000000e+00 5.200000000000000000e+01 0.000000000000000000e+00 1.600000000000000089e+00 7.494999999999999926e-03 4.832000000000000357e-03 -9.999599999999999600e-01 6.671699999999999853e-02 -9.977629999999999555e-01 -4.321000000000000188e-03 -9.977439999999999642e-01 -6.668200000000000516e-02 -7.800999999999999775e-03
2.600000000000000000e+01 7.000000000000000000e+00 5.200000000000000000e+01 0.000000000000000000e+00 1.600000000000000089e+00 4.499999999999999877e-04 -3.573999999999999920e-03 -9.999940000000000495e-01 7.425800000000000456e-02 -9.972330000000000361e-01 3.598000000000000070e-03 -9.972389999999999866e-01 -7.425900000000000556e-02 -1.840000000000000001e-04
1.500000000000000000e+01 4.400000000000000000e+01 5.300000000000000000e+01 0.000000000000000000e+00 1.600000000000000089e+00 -2.779490000000000016e-01 -9.091439999999999522e-01 3.101630000000000220e-01 -8.572079999999999700e-01 3.804679999999999729e-01 3.470440000000000191e-01 -4.335200000000000164e-01 -1.694140000000000090e-01 -8.850759999999999739e-01
5.000000000000000000e+00 6.300000000000000000e+01 5.400000000000000000e+01 0.000000000000000000e+00 1.600000000000000089e+00 6.539999999999999590e-04 1.191999999999999917e-03 9.999989999999999712e-01 -3.734089999999999909e-01 9.276670000000000194e-01 -8.610000000000000032e-04 -9.276670000000000194e-01 -3.734080000000000177e-01 1.051999999999999984e-03
9.000000000000000000e+00 6.300000000000000000e+01 5.400000000000000000e+01 0.000000000000000000e+00 1.600000000000000089e+00 8.109999999999999805e-04 5.081999999999999712e-03 9.999869999999999592e-01 -3.640939999999999732e-01 9.313519999999999577e-01 -4.438000000000000105e-03 -9.313620000000000232e-01 -3.640860000000000207e-01 2.605000000000000111e-03
1.300000000000000000e+01 6.300000000000000000e+01 5.400000000000000000e+01 0.000000000000000000e+00 1.600000000000000089e+00 8.580000000000000387e-04 3.524999999999999922e-03 9.999930000000000208e-01 -3.584890000000000021e-01 9.335290000000000532e-01 -2.982999999999999974e-03 -9.335329999999999462e-01 -3.584840000000000249e-01 2.064999999999999995e-03
1.900000000000000000e+01 6.300000000000000000e+01 5.400000000000000000e+01 0.000000000000000000e+00 1.600000000000000089e+00 1.319000000000000077e-03 2.955999999999999860e-03 9.999949999999999672e-01 -3.655660000000000021e-01 9.307830000000000270e-01 -2.269000000000000183e-03 -9.307839999999999447e-01 -3.655610000000000248e-01 2.308000000000000156e-03
2.400000000000000000e+01 6.300000000000000000e+01 5.400000000000000000e+01 0.000000000000000000e+00 1.600000000000000089e+00 -1.369999999999999907e-03 -2.011000000000000201e-03 9.999970000000000248e-01 -3.654490000000000238e-01 9.308300000000000463e-01 1.371000000000000040e-03 -9.308300000000000463e-01 -3.654459999999999931e-01 -2.010000000000000068e-03
2.900000000000000000e+01 6.300000000000000000e+01 5.400000000000000000e+01 0.000000000000000000e+00 1.600000000000000089e+00 -5.980000000000000072e-04 -1.155999999999999910e-03 9.999989999999999712e-01 -3.596929999999999850e-01 9.330699999999999550e-01 8.630000000000000518e-04 -9.330699999999999550e-01 -3.596920000000000117e-01 -9.740000000000000394e-04
