1.200000000000000000e+01 1.600000000000000000e+01 4.000000000000000000e+00 0.000000000000000000e+00 1.600000000000000089e+00 -2.491000000000000159e-03 1.428000000000000016e-03 9.999959999999999960e-01 4.564719999999999889e-01 -8.897340000000000249e-01 2.407999999999999984e-03 8.897340000000000249e-01 4.564759999999999929e-01 1.564999999999999985e-03
5.000000000000000000e+00 1.010000000000000000e+02 7.000000000000000000e+00 0.000000000000000000e+00 1.600000000000000089e+00 -4.899999999999999842e-04 -3.363000000000000104e-03 9.999940000000000495e-01 8.853550000000000031e-01 4.649110000000000187e-01 1.997000000000000077e-03 -4.649150000000000227e-01 8.853509999999999991e-01 2.749000000000000141e-03
1.000000000000000000e+01 1.010000000000000000e+02 7.000000000000000000e+00 0.000000000000000000e+00 1.600000000000000089e+00 -1.191999999999999917e-03 -7.145999999999999575e-03 9.999740000000000295e-01 8.858340000000000103e-01 4.639820000000000055e-01 4.372000000000000018e-03 -4.640009999999999968e-01 8.858160000000000478e-01 5.777000000000000017e-03
2.800000000000000000e+01 1.010000000000000000e+02 7.000000000000000000e+00 0.000000000000000000e+00 1.600000000000000089e+00 -1.968999999999999830e-03 4.941000000000000079e-03 9.999860000000000415e-01 8.855039999999999578e-01 4.646310000000000162e-01 -5.519999999999999733e-04 -4.646270000000000122e-01 8.854899999999999993e-01 -5.290000000000000431e-03
1.400000000000000000e+01 2.500000000000000000e+01 8.000000000000000000e+00 0.000000000000000000e+00 1.600000000000000089e+00 1.977000000000000025e-03 2.419000000000000143e-03 -9.999949999999999672e-01 4.467969999999999997e-01 8.946300000000000363e-01 3.047999999999999928e-03 8.946330000000000116e-01 -4.468010000000000037e-01 6.880000000000000265e-04
1.800000000000000000e+01 2.500000000000000000e+01 8.000000000000000000e+00 0.000000000000000000e+00 1.600000000000000089e+00 2.750999999999999973e-03 8.259000000000000716e-03 -9.999620000000000175e-01 4.451209999999999889e-01 8.954290000000000305e-01 8.619999999999999191e-03 8.954659999999999842e-01 -4.451280000000000237e-01 -1.213000000000000102e-03
2.300000000000000000e+01 2.500000000000000000e+01 8.000000000000000000e+00 0.000000000000000000e+00 1.600000000000000089e+00 2.500000000000000120e-05 7.770000000000000214e-04 -1.000000000000000000e+00 4.440319999999999823e-01 8.960110000000000019e-01 7.069999999999999462e-04 8.960110000000000019e-01 -4.440319999999999823e-01 -3.220000000000000206e-04
2.700000000000000000e+01 2.500000000000000000e+01 8.000000000000000000e+00 0.000000000000000000e+00 1.600000000000000089e+00 -1.165999999999999936e-03 -1.121999999999999950e-03 -9.999989999999999712e-01 4.454060000000000241e-01 8.953269999999999840e-01 -1.523999999999999964e-03 8.953280000000000127e-01 -4.454080000000000261e-01 -5.439999999999999957e-04
1.900000000000000000e+01 9.000000000000000000e+00 9.000000000000000000e+00 0.000000000000000000e+00 1.600000000000000089e+00 3.989000000000000358e-03 -7.854999999999999136e-03 -9.999609999999999888e-01 -9.447510000000000074e-01 -3.277880000000000238e-01 -1.193999999999999966e-03 -3.277660000000000018e-01 9.447189999999999754e-01 -8.727999999999999647e-03
2.600000000000000000e+01 9.000000000000000000e+00 9.000000000000000000e+00 0.000000000000000000e+00 1.600000000000000089e+00 -2.052199999999999858e-02 -2.247700000000000045e-02 -9.995370000000000088e-01 -9.450119999999999632e-01 -3.259409999999999807e-01 2.673199999999999882e-02 -3.263909999999999867e-01 9.451230000000000464e-01 -1.455200000000000070e-02
6.000000000000000000e+00 2.400000000000000000e+01 9.000000000000000000e+00 0.000000000000000000e+00 1.600000000000000089e+00 -1.221000000000000080e-03 -3.605999999999999830e-03 -9.999930000000000208e-01 4.543960000000000221e-01 8.907920000000000282e-01 -3.766999999999999949e-03 8.907990000000000075e-01 -4.543980000000000241e-01 5.509999999999999490e-04
1.000000000000000000e+01 2.400000000000000000e+01 9.000000000000000000e+00 0.000000000000000000e+00 1.600000000000000089e+00 -8.009999999999999542e-04 -3.833000000000000036e-03 -9.999919999999999920e-01 4.544210000000000194e-01 8.907789999999999875e-01 -3.778000000000000108e-03 8.907869999999999955e-01 -4.544199999999999906e-01 1.028999999999999967e-03
1.800000000000000000e+01 2.400000000000000000e+01 9.000000000000000000e+00 0.000000000000000000e+00 1.600000000000000089e+00 2.805999999999999901e-03 8.614000000000000129e-03 -9.999590000000000423e-01 4.527180000000000093e-01 8.916089999999999849e-01 8.951000000000000623e-03 8.916490000000000249e-01 -4.527240000000000153e-01 -1.397999999999999937e-03
2.100000000000000000e+01 2.400000000000000000e+01 9.000000000000000000e+00 0.000000000000000000e+00 1.600000000000000089e+00 1.221999999999999996e-03 1.873000000000000099e-03 -9.999970000000000248e-01 4.515370000000000217e-01 8.922489999999999588e-01 2.223000000000000149e-03 8.922510000000000163e-01 -4.515390000000000237e-01 2.449999999999999921e-04
2.700000000000000000e+01 2.400000000000000000e+01 9.000000000000000000e+00 0.000000000000000000e+00 1.600000000000000089e+00 -1.495000000000000018e-03 -1.495999999999999934e-03 -9.999980000000000535e-01 4.531169999999999920e-01 8.914490000000000469e-01 -2.011000000000000201e-03 8.914499999999999647e-01 -4.531189999999999940e-01 -6.549999999999999833e-04
2.000000000000000000e+00 3.500000000000000000e+01 1.200000000000000000e+01 0.000000000000000000e+00 1.600000000000000089e+00 -7.529999999999999801e-04 -3.324999999999999831e-03 -9.999940000000000495e-01 4.499009999999999954e-01 -8.930749999999999522e-01 2.631000000000000092e-03 -8.930780000000000385e-01 -4.498960000000000181e-01 2.167999999999999788e-03
1.000000000000000000e+01 3.500000000000000000e+01 1.200000000000000000e+01 0.000000000000000000e+00 1.600000000000000089e+00 8.509999999999999769e-04 -1.503999999999999912e-03 -9.999989999999999712e-01 4.424409999999999732e-01 -8.967960000000000376e-01 1.724999999999999971e-03 -8.967969999999999553e-01 -4.424420000000000019e-01 -9.699999999999999963e-05
1.400000000000000000e+01 3.500000000000000000e+01 1.200000000000000000e+01 0.000000000000000000e+00 1.600000000000000089e+00 -9.979999999999999722e-04 3.880999999999999901e-03 -9.999919999999999920e-01 4.399710000000000010e-01 -8.980040000000000244e-01 -3.924000000000000404e-03 -8.980120000000000324e-01 -4.399710000000000010e-01 -8.109999999999999805e-04
2.100000000000000000e+01 3.500000000000000000e+01 1.200000000000000000e+01 0.000000000000000000e+00 1.600000000000000089e+00 1.544000000000000017e-03 7.669999999999999951e-04 -9.999980000000000535e-01 4.600850000000000217e-01 -8.878749999999999698e-01 2.900000000000000017e-05 -8.878740000000000521e-01 -4.600839999999999930e-01 -1.724000000000000055e-03
2.400000000000000000e+01 3.500000000000000000e+01 1.200000000000000000e+01 0.000000000000000000e+00 1.600000000000000089e+00 1.023999999999999954e-03 -3.603999999999999999e-03 -9.999930000000000208e-01 4.673240000000000172e-01 -8.840780000000000305e-01 3.664999999999999855e-03 -8.840850000000000097e-01 -4.673249999999999904e-01 7.789999999999999616e-04
2.700000000000000000e+01 3.500000000000000000e+01 1.200000000000000000e+01 0.000000000000000000e+00 1.600000000000000089e+00 1.280000000000000105e-03 -1.379000000000000017e-03 -9.999980000000000535e-01 4.670460000000000167e-01 -8.842309999999999892e-01 1.817000000000000039e-03 -8.842320000000000180e-01 -4.670469999999999899e-01 -4.879999999999999898e-04
8.000000000000000000e+00 3.200000000000000000e+01 1.400000000000000000e+01 0.000000000000000000e+00 1.600000000000000089e+00 -9.359999999999999831e-04 1.139000000000000038e-03 -9.999989999999999712e-01 1.071550000000000002e-01 9.942419999999999591e-01 1.031999999999999931e-03 9.942419999999999591e-01 -1.071539999999999992e-01 -1.051999999999999984e-03
1.300000000000000000e+01 3.200000000000000000e+01 1.400000000000000000e+01 0.000000000000000000e+00 1.600000000000000089e+00 2.579999999999999828e-04 -3.616999999999999989e-03 -9.999930000000000208e-01 1.063759999999999983e-01 9.943199999999999816e-01 -3.569000000000000124e-03 9.943260000000000431e-01 -1.063739999999999963e-01 6.409999999999999682e-04
2.500000000000000000e+01 3.200000000000000000e+01 1.400000000000000000e+01 0.000000000000000000e+00 1.600000000000000089e+00 -1.399999999999999979e-05 2.360000000000000119e-03 -9.999970000000000248e-01 1.029780000000000001e-01 9.946810000000000374e-01 2.345999999999999995e-03 9.946840000000000126e-01 -1.029780000000000001e-01 -2.570000000000000127e-04
5.000000000000000000e+00 1.160000000000000000e+02 1.600000000000000000e+01 0.000000000000000000e+00 1.600000000000000089e+00 1.783000000000000080e-03 2.188999999999999974e-03 9.999959999999999960e-01 7.567669999999999675e-01 6.536790000000000100e-01 -2.781000000000000052e-03 -6.536819999999999853e-01 7.567690000000000250e-01 -4.910000000000000085e-04
2.200000000000000000e+01 1.160000000000000000e+02 1.600000000000000000e+01 0.000000000000000000e+00 1.600000000000000089e+00 7.069999999999999462e-04 1.118000000000000070e-03 9.999989999999999712e-01 7.051929999999999588e-01 7.090140000000000331e-01 -1.291000000000000047e-03 -7.090149999999999508e-01 7.051929999999999588e-01 -2.869999999999999830e-04
3.000000000000000000e+00 2.000000000000000000e+00 1.900000000000000000e+01 0.000000000000000000e+00 1.600000000000000089e+00 -4.784000000000000058e-03 1.821899999999999908e-02 -9.998230000000000173e-01 3.263220000000000010e-01 -9.450720000000000232e-01 -1.878300000000000108e-02 -9.452469999999999484e-01 -3.263539999999999774e-01 -1.423999999999999919e-03
1.000000000000000000e+01 2.000000000000000000e+00 1.900000000000000000e+01 0.000000000000000000e+00 1.600000000000000089e+00 -8.040000000000000271e-04 1.941400000000000070e-02 -9.998110000000000053e-01 3.284500000000000197e-01 -9.443380000000000107e-01 -1.860099999999999948e-02 -9.445210000000000550e-01 -3.284030000000000005e-01 -5.617999999999999730e-03
1.600000000000000000e+01 2.000000000000000000e+00 1.900000000000000000e+01 0.000000000000000000e+00 1.600000000000000089e+00 4.300000000000000165e-05 4.111000000000000071e-03 -9.999919999999999920e-01 3.264870000000000272e-01 -9.451939999999999786e-01 -3.872000000000000008e-03 -9.452019999999999866e-01 -3.264839999999999964e-01 -1.382999999999999898e-03
2.200000000000000000e+01 2.000000000000000000e+00 1.900000000000000000e+01 0.000000000000000000e+00 1.600000000000000089e+00 1.007999999999999998e-03 5.981000000000000205e-03 -9.999820000000000375e-01 3.266160000000000174e-01 -9.451420000000000377e-01 -5.323999999999999740e-03 -9.451570000000000249e-01 -3.266049999999999787e-01 -2.906000000000000163e-03
2.700000000000000000e+01 2.000000000000000000e+00 1.900000000000000000e+01 0.000000000000000000e+00 1.600000000000000089e+00 1.350000000000000017e-04 -6.891000000000000424e-03 -9.999759999999999760e-01 3.285759999999999792e-01 -9.444550000000000445e-01 6.552999999999999797e-03 -9.444770000000000110e-01 -3.285690000000000000e-01 2.137000000000000011e-03
9.000000000000000000e+00 3.000000000000000000e+00 1.900000000000000000e+01 0.000000000000000000e+00 1.600000000000000089e+00 -1.347000000000000107e-03 1.847899999999999890e-02 -9.998280000000000500e-01 3.000240000000000129e-01 -9.537609999999999699e-01 -1.803199999999999942e-02 -9.539309999999999734e-01 -2.999970000000000137e-01 -4.258999999999999765e-03
1.000000000000000000e+00 1.300000000000000000e+01 2.000000000000000000e+01 0.000000000000000000e+00 1.600000000000000089e+00 -1.106999999999999911e-03 -2.468000000000000142e-03 9.999959999999999960e-01 2.604049999999999976e-01 9.654960000000000209e-01 2.671000000000000197e-03 -9.654989999999999961e-01 2.604069999999999996e-01 -4.260000000000000006e-04
4.000000000000000000e+00 1.300000000000000000e+01 2.000000000000000000e+01 0.000000000000000000e+00 1.600000000000000089e+00 -9.179999999999999792e-04 -4.292999999999999941e-03 9.999900000000000455e-01 2.601849999999999996e-01 9.655489999999999906e-01 4.383999999999999876e-03 -9.655580000000000274e-01 2.601870000000000016e-01 2.310000000000000042e-04
9.000000000000000000e+00 1.300000000000000000e+01 2.000000000000000000e+01 0.000000000000000000e+00 1.600000000000000089e+00 -1.312000000000000015e-03 -6.710000000000000469e-04 9.999989999999999712e-01 2.622840000000000171e-01 9.649900000000000144e-01 9.909999999999999105e-04 -9.649900000000000144e-01 2.622860000000000191e-01 -1.090000000000000040e-03
1.600000000000000000e+01 1.300000000000000000e+01 2.000000000000000000e+01 0.000000000000000000e+00 1.600000000000000089e+00 5.800000000000000034e-04 2.570000000000000127e-04 1.000000000000000000e+00 2.627519999999999856e-01 9.648630000000000262e-01 -4.000000000000000192e-04 -9.648630000000000262e-01 2.627519999999999856e-01 4.920000000000000328e-04
2.100000000000000000e+01 1.300000000000000000e+01 2.000000000000000000e+01 0.000000000000000000e+00 1.600000000000000089e+00 1.624999999999999925e-03 -2.500000000000000052e-04 9.999989999999999712e-01 2.626390000000000113e-01 9.648940000000000294e-01 -1.859999999999999945e-04 -9.648930000000000007e-01 2.626390000000000113e-01 1.632999999999999903e-03
2.600000000000000000e+01 1.300000000000000000e+01 2.000000000000000000e+01 0.000000000000000000e+00 1.600000000000000089e+00 -8.339999999999999974e-04 2.599999999999999840e-05 1.000000000000000000e+00 2.640219999999999789e-01 9.645169999999999577e-01 1.949999999999999965e-04 -9.645160000000000400e-01 2.640219999999999789e-01 -8.109999999999999805e-04
2.900000000000000000e+01 1.300000000000000000e+01 2.000000000000000000e+01 0.000000000000000000e+00 1.600000000000000089e+00 -2.108000000000000065e-03 -2.849999999999999886e-04 9.999980000000000535e-01 2.648710000000000231e-01 9.642840000000000300e-01 8.339999999999999974e-04 -9.642819999999999725e-01 2.648719999999999963e-01 -1.956999999999999972e-03
7.000000000000000000e+00 5.000000000000000000e+01 2.200000000000000000e+01 0.000000000000000000e+00 1.600000000000000089e+00 -9.799999999999999684e-05 1.814000000000000074e-03 -9.999980000000000535e-01 -5.624259999999999815e-01 8.268459999999999699e-01 1.554999999999999959e-03 8.268469999999999986e-01 5.624249999999999527e-01 9.389999999999999476e-04
1.600000000000000000e+01 5.000000000000000000e+01 2.200000000000000000e+01 0.000000000000000000e+00 1.600000000000000089e+00 -2.203999999999999796e-03 2.750000000000000166e-04 -9.999970000000000248e-01 -5.650269999999999460e-01 8.250709999999999988e-01 1.472000000000000001e-03 8.250690000000000524e-01 5.650290000000000035e-01 -1.662999999999999982e-03
2.200000000000000000e+01 5.000000000000000000e+01 2.200000000000000000e+01 0.000000000000000000e+00 1.600000000000000089e+00 9.330000000000000186e-04 3.795000000000000196e-03 -9.999919999999999920e-01 -5.633939999999999504e-01 8.261840000000000295e-01 2.609999999999999907e-03 8.261880000000000335e-01 5.633879999999999999e-01 2.909000000000000127e-03
4.000000000000000000e+00 3.000000000000000000e+00 2.500000000000000000e+01 0.000000000000000000e+00 1.600000000000000089e+00 -5.664999999999999897e-03 1.526100000000000026e-02 9.998669999999999503e-01 -1.406699999999999964e-02 -9.997859999999999525e-01 1.518000000000000078e-02 9.998850000000000238e-01 -1.397900000000000011e-02 5.878999999999999677e-03
1.000000000000000000e+01 3.000000000000000000e+00 2.500000000000000000e+01 0.000000000000000000e+00 1.600000000000000089e+00 -3.340999999999999786e-03 8.887000000000000802e-03 9.999550000000000383e-01 -3.465000000000000198e-03 -9.999550000000000383e-01 8.876000000000000209e-03 9.999879999999999880e-01 -3.435000000000000119e-03 3.371999999999999997e-03
1.400000000000000000e+01 3.000000000000000000e+00 2.500000000000000000e+01 0.000000000000000000e+00 1.600000000000000089e+00 -6.620000000000000450e-04 -4.749999999999999990e-04 1.000000000000000000e+00 -1.466999999999999988e-03 -9.999989999999999712e-01 -4.760000000000000234e-04 9.999989999999999712e-01 -1.466999999999999988e-03 6.620000000000000450e-04
1.900000000000000000e+01 3.000000000000000000e+00 2.500000000000000000e+01 0.000000000000000000e+00 1.600000000000000089e+00 -4.104000000000000009e-03 5.780000000000000415e-03 9.999749999999999472e-01 8.189999999999999581e-04 -9.999829999999999552e-01 5.782999999999999946e-03 9.999909999999999632e-01 8.429999999999999993e-04 4.099000000000000213e-03
2.300000000000000000e+01 3.000000000000000000e+00 2.500000000000000000e+01 0.000000000000000000e+00 1.600000000000000089e+00 -3.752000000000000127e-03 8.149999999999999693e-04 9.999930000000000208e-01 9.036000000000000629e-03 -9.999590000000000423e-01 8.490000000000000368e-04 9.999519999999999520e-01 9.039000000000000160e-03 3.743999999999999932e-03
1.000000000000000000e+00 4.600000000000000000e+01 3.000000000000000000e+01 0.000000000000000000e+00 1.600000000000000089e+00 -3.860000000000000150e-03 -4.218999999999999660e-03 -9.999839999999999840e-01 3.329050000000000065e-01 9.429459999999999509e-01 -5.263000000000000317e-03 9.429520000000000124e-01 -3.329199999999999937e-01 -2.235000000000000007e-03
8.000000000000000000e+00 4.600000000000000000e+01 3.000000000000000000e+01 0.000000000000000000e+00 1.600000000000000089e+00 9.000000000000000228e-06 -1.179999999999999951e-04 -1.000000000000000000e+00 3.352359999999999784e-01 9.421340000000000270e-01 -1.079999999999999960e-04 9.421340000000000270e-01 -3.352359999999999784e-01 4.800000000000000122e-05
8.000000000000000000e+00 5.800000000000000000e+01 3.100000000000000000e+01 0.000000000000000000e+00 1.600000000000000089e+00 3.665999999999999988e-03 5.171000000000000249e-03 9.999799999999999800e-01 -7.571769999999999889e-01 -6.531810000000000116e-01 6.153999999999999748e-03 6.532000000000000028e-01 -7.571839999999999682e-01 1.520000000000000084e-03
1.900000000000000000e+01 5.800000000000000000e+01 3.100000000000000000e+01 0.000000000000000000e+00 1.600000000000000089e+00 -1.021999999999999905e-03 2.851999999999999934e-03 9.999949999999999672e-01 -7.533769999999999634e-01 -6.575870000000000326e-01 1.105999999999999995e-03 6.575870000000000326e-01 -7.533729999999999594e-01 2.821000000000000157e-03
3.000000000000000000e+01 5.800000000000000000e+01 3.100000000000000000e+01 0.000000000000000000e+00 1.600000000000000089e+00 -7.480999999999999803e-03 -2.004200000000000079e-02 9.997709999999999653e-01 -7.594729999999999537e-01 -6.502700000000000147e-01 -1.871799999999999853e-02 6.504959999999999631e-01 -7.594389999999999752e-01 -1.035600000000000062e-02
1.800000000000000000e+01 2.300000000000000000e+01 3.400000000000000000e+01 0.000000000000000000e+00 1.600000000000000089e+00 6.300000000000000261e-04 -2.288999999999999802e-03 9.999970000000000248e-01 3.965810000000000168e-01 -9.179969999999999519e-01 -2.350999999999999791e-03 9.180000000000000382e-01 3.965810000000000168e-01 3.289999999999999739e-04
1.000000000000000000e+00 4.600000000000000000e+01 3.500000000000000000e+01 0.000000000000000000e+00 1.600000000000000089e+00 1.165000000000000020e-03 2.425000000000000072e-03 -9.999959999999999960e-01 3.938740000000000019e-01 -9.191629999999999523e-01 -1.770000000000000089e-03 -9.191639999999999810e-01 -3.938710000000000266e-01 -2.026000000000000023e-03
6.000000000000000000e+00 4.600000000000000000e+01 3.500000000000000000e+01 0.000000000000000000e+00 1.600000000000000089e+00 6.059999999999999849e-04 -1.526999999999999929e-03 -9.999989999999999712e-01 3.924929999999999808e-01 -9.197539999999999605e-01 1.642999999999999929e-03 -9.197549999999999892e-01 -3.924929999999999808e-01 4.199999999999999768e-05
9.000000000000000000e+00 4.600000000000000000e+01 3.500000000000000000e+01 0.000000000000000000e+00 1.600000000000000089e+00 -1.520000000000000084e-04 -2.428000000000000037e-03 -9.999970000000000248e-01 3.926560000000000050e-01 -9.196830000000000283e-01 2.173000000000000018e-03 -9.196849999999999747e-01 -3.926540000000000030e-01 1.093000000000000005e-03
1.700000000000000000e+01 4.600000000000000000e+01 3.500000000000000000e+01 0.000000000000000000e+00 1.600000000000000089e+00 6.120000000000000223e-04 1.482000000000000027e-03 -9.999989999999999712e-01 3.912470000000000114e-01 -9.202850000000000197e-01 -1.124999999999999915e-03 -9.202860000000000484e-01 -3.912450000000000094e-01 -1.142999999999999919e-03
2.100000000000000000e+01 4.600000000000000000e+01 3.500000000000000000e+01 0.000000000000000000e+00 1.600000000000000089e+00 1.034999999999999896e-03 8.050000000000000515e-04 -9.999989999999999712e-01 3.898510000000000031e-01 -9.208779999999999744e-01 -3.379999999999999758e-04 -9.208769999999999456e-01 -3.898499999999999743e-01 -1.266999999999999897e-03
2.400000000000000000e+01 4.600000000000000000e+01 3.500000000000000000e+01 0.000000000000000000e+00 1.600000000000000089e+00 -3.629999999999999872e-04 9.550000000000000112e-04 -9.999989999999999712e-01 3.897120000000000029e-01 -9.209359999999999769e-01 -1.020999999999999989e-03 -9.209370000000000056e-01 -3.897120000000000029e-01 -3.800000000000000209e-05
3.000000000000000000e+01 4.600000000000000000e+01 3.500000000000000000e+01 0.000000000000000000e+00 1.600000000000000089e+00 -2.005999999999999971e-03 -9.619999999999999645e-04 -9.999970000000000248e-01 3.907919999999999727e-01 -9.204790000000000472e-01 1.010000000000000020e-04 -9.204769999999999897e-01 -3.907900000000000262e-01 2.222000000000000017e-03
9.000000000000000000e+00 3.000000000000000000e+00 4.300000000000000000e+01 0.000000000000000000e+00 1.600000000000000089e+00 -3.999999999999999819e-06 -1.037100000000000001e-02 -9.999460000000000015e-01 7.439299999999999802e-01 -6.682219999999999827e-01 6.926999999999999998e-03 -6.682580000000000187e-01 -7.438900000000000512e-01 7.718000000000000034e-03
1.500000000000000000e+01 3.000000000000000000e+00 4.300000000000000000e+01 0.000000000000000000e+00 1.600000000000000089e+00 -4.124000000000000062e-03 -1.051599999999999931e-02 -9.999360000000000470e-01 7.402710000000000123e-01 -6.722960000000000047e-01 4.016999999999999738e-03 -6.722949999999999759e-01 -7.402079999999999771e-01 1.055700000000000041e-02
2.400000000000000000e+01 3.000000000000000000e+00 4.300000000000000000e+01 0.000000000000000000e+00 1.600000000000000089e+00 4.040000000000000080e-04 2.487000000000000061e-03 -9.999970000000000248e-01 7.357329999999999703e-01 -6.772700000000000387e-01 -1.386999999999999995e-03 -6.772709999999999564e-01 -7.357299999999999951e-01 -2.102999999999999835e-03
1.100000000000000000e+01 8.000000000000000000e+00 4.400000000000000000e+01 0.000000000000000000e+00 1.600000000000000089e+00 -1.820000000000000057e-04 -2.732000000000000053e-03 9.999959999999999960e-01 -7.833440000000000403e-01 -6.215859999999999719e-01 -1.840999999999999972e-03 6.215889999999999471e-01 -7.833409999999999540e-01 -2.027000000000000156e-03
6.000000000000000000e+00 2.900000000000000000e+01 4.400000000000000000e+01 0.000000000000000000e+00 1.600000000000000089e+00 2.000000000000000096e-04 -1.255999999999999955e-03 -9.999989999999999712e-01 6.577899999999999858e-01 7.532010000000000094e-01 -8.140000000000000534e-04 7.532020000000000381e-01 -6.577889999999999571e-01 9.759999999999999796e-04
1.000000000000000000e+01 2.900000000000000000e+01 4.400000000000000000e+01 0.000000000000000000e+00 1.600000000000000089e+00 7.079999999999999705e-04 -2.550000000000000183e-04 -1.000000000000000000e+00 6.598389999999999533e-01 7.514070000000000471e-01 2.750000000000000166e-04 7.514060000000000183e-01 -6.598399999999999821e-01 6.999999999999999929e-04
1.500000000000000000e+01 2.900000000000000000e+01 4.400000000000000000e+01 0.000000000000000000e+00 1.600000000000000089e+00 2.990000000000000036e-04 3.152999999999999987e-03 -9.999949999999999672e-01 6.559789999999999788e-01 7.547749999999999737e-01 2.576000000000000165e-03 7.547789999999999777e-01 -6.559760000000000035e-01 -1.842000000000000104e-03
1.900000000000000000e+01 2.900000000000000000e+01 4.400000000000000000e+01 0.000000000000000000e+00 1.600000000000000089e+00 6.800000000000000488e-04 1.761999999999999894e-03 -9.999980000000000535e-01 6.567619999999999569e-01 7.540959999999999885e-01 1.776000000000000018e-03 7.540980000000000461e-01 -6.567619999999999569e-01 -6.449999999999999570e-04
2.300000000000000000e+01 2.900000000000000000e+01 4.400000000000000000e+01 0.000000000000000000e+00 1.600000000000000089e+00 1.110000000000000011e-04 1.108000000000000044e-03 -9.999989999999999712e-01 6.598319999999999741e-01 7.514119999999999688e-01 9.060000000000000128e-04 7.514129999999999976e-01 -6.598319999999999741e-01 -6.480000000000000300e-04
3.000000000000000000e+01 2.900000000000000000e+01 4.400000000000000000e+01 0.000000000000000000e+00 1.600000000000000089e+00 2.320000000000000014e-04 -2.742000000000000080e-03 -9.999959999999999960e-01 6.619399999999999729e-01 7.495540000000000536e-01 -1.902000000000000045e-03 7.495570000000000288e-01 -6.619369999999999976e-01 1.988999999999999883e-03
1.300000000000000000e+01 7.400000000000000000e+01 4.900000000000000000e+01 0.000000000000000000e+00 1.600000000000000089e+00 1.711000000000000064e-03 -5.334000000000000200e-03 9.999839999999999840e-01 -9.820520000000000360e-01 1.885920000000000096e-01 2.686000000000000019e-03 -1.886029999999999929e-01 -9.820410000000000528e-01 -4.915000000000000098e-03
2.000000000000000000e+00 5.000000000000000000e+00 5.100000000000000000e+01 0.000000000000000000e+00 1.600000000000000089e+00 -9.399999999999999719e-04 3.141000000000000129e-03 -9.999949999999999672e-01 4.966749999999999776e-01 -8.679310000000000080e-01 -3.193000000000000092e-03 -8.679360000000000408e-01 -4.966760000000000064e-01 -7.439999999999999782e-04
5.000000000000000000e+00 5.000000000000000000e+00 5.100000000000000000e+01 0.000000000000000000e+00 1.600000000000000089e+00 -3.079000000000000140e-03 8.040000000000000271e-04 -9.999949999999999672e-01 4.946329999999999893e-01 -8.690989999999999549e-01 -2.222000000000000017e-03 -8.690959999999999797e-01 -4.946380000000000221e-01 2.278000000000000077e-03
1.000000000000000000e+01 5.000000000000000000e+00 5.100000000000000000e+01 0.000000000000000000e+00 1.600000000000000089e+00 -3.930000000000000117e-04 -2.256000000000000193e-03 -9.999970000000000248e-01 4.901590000000000114e-01 -8.716319999999999624e-01 1.773999999999999969e-03 -8.716329999999999911e-01 -4.901570000000000094e-01 1.448000000000000068e-03
2.800000000000000000e+01 1.150000000000000000e+02 5.100000000000000000e+01 0.000000000000000000e+00 1.600000000000000089e+00 -2.537999999999999892e-03 -5.040000000000000209e-03 9.999839999999999840e-01 8.463990000000000125e-01 -5.325490000000000501e-01 -5.360000000000000181e-04 5.325429999999999886e-01 8.463840000000000252e-01 5.617999999999999730e-03
1.800000000000000000e+01 7.000000000000000000e+00 5.200000000000000000e+01 0.000000000000000000e+00 1.600000000000000089e+00 -3.403000000000000209e-03 2.237999999999999972e-03 -9.999919999999999920e-01 1.169110000000000010e-01 -9.931389999999999940e-01 -2.621000000000000066e-03 -9.931370000000000475e-01 -1.169189999999999952e-01 3.118000000000000112e-03
5.000000000000000000e+00 6.300000000000000000e+01 5.400000000000000000e+01 0.000000000000000000e+00 1.600000000000000089e+00 3.429000000000000190e-03 5.601000000000000076e-03 9.999780000000000335e-01 -3.394710000000000227e-01 9.406079999999999997e-01 -4.105000000000000142e-03 -9.406099999999999461e-01 -3.394499999999999740e-01 5.126999999999999613e-03
1.200000000000000000e+01 6.300000000000000000e+01 5.400000000000000000e+01 0.000000000000000000e+00 1.600000000000000089e+00 -6.130000000000000466e-04 -4.956999999999999601e-03 9.999879999999999880e-01 -3.452729999999999966e-01 9.384919999999999929e-01 4.440999999999999635e-03 -9.385019999999999474e-01 -3.452660000000000173e-01 -2.286999999999999970e-03
1.600000000000000000e+01 6.300000000000000000e+01 5.400000000000000000e+01 0.000000000000000000e+00 1.600000000000000089e+00 -9.439999999999999607e-04 -7.367000000000000284e-03 9.999719999999999720e-01 -3.440949999999999842e-01 9.389119999999999688e-01 6.591999999999999769e-03 -9.389340000000000463e-01 -3.440799999999999970e-01 -3.420999999999999996e-03
2.000000000000000000e+01 6.300000000000000000e+01 5.400000000000000000e+01 0.000000000000000000e+00 1.600000000000000089e+00 -4.100000000000000047e-05 -3.592999999999999840e-03 9.999940000000000495e-01 -3.388220000000000121e-01 9.408440000000000136e-01 3.367000000000000201e-03 -9.408499999999999641e-01 -3.388200000000000101e-01 -1.255999999999999955e-03
2.200000000000000000e+01 6.300000000000000000e+01 5.400000000000000000e+01 0.000000000000000000e+00 1.600000000000000089e+00 3.939999999999999817e-04 -6.070000000000000092e-04 1.000000000000000000e+00 -3.390679999999999805e-01 9.407619999999999871e-01 7.050000000000000060e-04 -9.407619999999999871e-01 -3.390679999999999805e-01 1.649999999999999991e-04
2.700000000000000000e+01 6.300000000000000000e+01 5.400000000000000000e+01 0.000000000000000000e+00 1.600000000000000089e+00 -1.060000000000000016e-04 -2.739999999999999923e-04 1.000000000000000000e+00 -3.441620000000000235e-01 9.389100000000000223e-01 2.210000000000000050e-04 -9.389100000000000223e-01 -3.441620000000000235e-01 -1.939999999999999993e-04
3.000000000000000000e+00 2.500000000000000000e+01 5.500000000000000000e+01 0.000000000000000000e+00 1.600000000000000089e+00 -1.080000000000000014e-03 -1.492000000000000054e-03 -9.999980000000000535e-01 -1.343800000000000029e-02 -9.999090000000000478e-01 1.505999999999999960e-03 -9.999090000000000478e-01 1.343899999999999956e-02 1.059999999999999961e-03
7.000000000000000000e+00 2.500000000000000000e+01 5.500000000000000000e+01 0.000000000000000000e+00 1.600000000000000089e+00 1.164000000000000104e-03 1.562999999999999936e-03 -9.999980000000000535e-01 -1.203100000000000003e-02 -9.999259999999999815e-01 -1.577000000000000060e-03 -9.999270000000000103e-01 1.203300000000000029e-02 -1.144999999999999967e-03
1.300000000000000000e+01 2.500000000000000000e+01 5.500000000000000000e+01 0.000000000000000000e+00 1.600000000000000089e+00 6.250000000000000130e-04 1.069000000000000072e-03 -9.999989999999999712e-01 -1.090799999999999929e-02 -9.999400000000000510e-01 -1.075999999999999917e-03 -9.999400000000000510e-01 1.090900000000000029e-02 -6.130000000000000466e-04
1.700000000000000000e+01 2.500000000000000000e+01 5.500000000000000000e+01 0.000000000000000000e+00 1.600000000000000089e+00 -1.240000000000000054e-04 -7.519999999999999558e-04 -1.000000000000000000e+00 -1.085799999999999960e-02 -9.999409999999999688e-01 7.529999999999999801e-04 -9.999409999999999688e-01 1.085799999999999960e-02 1.160000000000000007e-04
2.200000000000000000e+01 2.500000000000000000e+01 5.500000000000000000e+01 0.000000000000000000e+00 1.600000000000000089e+00 -9.829999999999999329e-04 5.810000000000000277e-04 -9.999989999999999712e-01 -1.032800000000000037e-02 -9.999460000000000015e-01 -5.710000000000000015e-04 -9.999460000000000015e-01 1.032800000000000037e-02 9.890000000000000787e-04
2.000000000000000000e+00 2.100000000000000000e+01 6.000000000000000000e+01 0.000000000000000000e+00 1.600000000000000089e+00 -8.120000000000000048e-04 -1.319999999999999993e-03 9.999989999999999712e-01 -9.303400000000000558e-02 9.956620000000000470e-01 1.237999999999999951e-03 -9.956629999999999647e-01 -9.303300000000000458e-02 -9.319999999999999942e-04
7.000000000000000000e+00 2.100000000000000000e+01 6.000000000000000000e+01 0.000000000000000000e+00 1.600000000000000089e+00 -1.714000000000000029e-03 4.099000000000000213e-03 9.999900000000000455e-01 -9.516600000000000059e-02 9.954520000000000035e-01 -4.243000000000000244e-03 -9.954600000000000115e-01 -9.517299999999999371e-02 -1.317000000000000028e-03
1.400000000000000000e+01 2.100000000000000000e+01 6.000000000000000000e+01 0.000000000000000000e+00 1.600000000000000089e+00 -6.970000000000000284e-04 4.300000000000000165e-05 1.000000000000000000e+00 -9.201499999999999957e-02 9.957580000000000320e-01 -1.069999999999999988e-04 -9.957570000000000032e-01 -9.201600000000000057e-02 -6.899999999999999667e-04
1.800000000000000000e+01 2.100000000000000000e+01 6.000000000000000000e+01 0.000000000000000000e+00 1.600000000000000089e+00 9.600000000000000243e-05 -1.669999999999999935e-04 1.000000000000000000e+00 -9.312600000000000044e-02 9.956540000000000390e-01 1.749999999999999982e-04 -9.956540000000000390e-01 -9.312600000000000044e-02 8.100000000000000375e-05
2.500000000000000000e+01 2.100000000000000000e+01 6.000000000000000000e+01 0.000000000000000000e+00 1.600000000000000089e+00 3.260000000000000094e-04 -7.908999999999999364e-03 9.999689999999999968e-01 -9.337099999999999567e-02 9.956000000000000405e-01 7.905000000000000568e-03 -9.956310000000000437e-01 -9.337099999999999567e-02 -4.139999999999999800e-04
2.900000000000000000e+01 2.100000000000000000e+01 6.000000000000000000e+01 0.000000000000000000e+00 1.600000000000000089e+00 1.655999999999999920e-03 -5.466999999999999638e-03 9.999839999999999840e-01 -9.268700000000000550e-02 9.956789999999999807e-01 5.597000000000000412e-03 -9.956939999999999680e-01 -9.269499999999999962e-02 1.142000000000000003e-03
1.000000000000000000e+01 6.700000000000000000e+01 6.000000000000000000e+01 0.000000000000000000e+00 1.600000000000000089e+00 1.770000000000000089e-03 8.300000000000000086e-04 9.999980000000000535e-01 1.736929999999999863e-01 -9.848000000000000087e-01 5.100000000000000366e-04 9.847979999999999512e-01 1.736920000000000130e-01 -1.887000000000000005e-03
1.900000000000000000e+01 3.000000000000000000e+00 6.300000000000000000e+01 0.000000000000000000e+00 1.600000000000000089e+00 -5.810000000000000277e-04 3.699999999999999947e-04 1.000000000000000000e+00 -6.186270000000000380e-01 7.856840000000000490e-01 -6.499999999999999702e-04 -7.856849999999999667e-01 -6.186270000000000380e-01 -2.280000000000000126e-04
5.000000000000000000e+00 2.700000000000000000e+01 6.300000000000000000e+01 0.000000000000000000e+00 1.600000000000000089e+00 -1.579000000000000108e-03 -5.130000000000000011e-04 9.999989999999999712e-01 -2.818559999999999954e-01 9.594570000000000043e-01 4.800000000000000122e-05 -9.594549999999999468e-01 -2.818550000000000222e-01 -1.660000000000000017e-03
1.600000000000000000e+01 2.700000000000000000e+01 6.300000000000000000e+01 0.000000000000000000e+00 1.600000000000000089e+00 -9.840000000000000656e-04 -4.344999999999999904e-03 9.999900000000000455e-01 -2.774570000000000092e-01 9.607299999999999729e-01 3.900999999999999954e-03 -9.607379999999999809e-01 -2.774499999999999744e-01 -2.151000000000000134e-03
2.300000000000000000e+01 2.700000000000000000e+01 6.300000000000000000e+01 0.000000000000000000e+00 1.600000000000000089e+00 1.819000000000000087e-03 2.955999999999999860e-03 9.999940000000000495e-01 -2.770639999999999770e-01 9.608489999999999531e-01 -2.335999999999999969e-03 -9.608499999999999819e-01 -2.770580000000000265e-01 2.566999999999999837e-03
4.000000000000000000e+00 2.600000000000000000e+01 6.400000000000000000e+01 0.000000000000000000e+00 1.600000000000000089e+00 -1.791000000000000057e-03 -2.910999999999999959e-03 9.999940000000000495e-01 -3.723040000000000238e-01 9.281080000000000441e-01 2.034999999999999917e-03 -9.281089999999999618e-01 -3.722989999999999911e-01 -2.746000000000000177e-03
8.000000000000000000e+00 2.600000000000000000e+01 6.400000000000000000e+01 0.000000000000000000e+00 1.600000000000000089e+00 -2.979999999999999793e-04 -3.000000000000000062e-03 9.999949999999999672e-01 -3.681360000000000188e-01 9.297680000000000389e-01 2.678999999999999958e-03 -9.297720000000000429e-01 -3.681340000000000168e-01 -1.381000000000000066e-03
1.700000000000000000e+01 2.600000000000000000e+01 6.400000000000000000e+01 0.000000000000000000e+00 1.600000000000000089e+00 -5.770000000000000389e-04 -4.160999999999999768e-03 9.999909999999999632e-01 -3.702880000000000060e-01 9.289100000000000135e-01 3.651999999999999864e-03 -9.289169999999999927e-01 -3.702820000000000000e-01 -2.076999999999999853e-03
2.100000000000000000e+01 2.600000000000000000e+01 6.400000000000000000e+01 0.000000000000000000e+00 1.600000000000000089e+00 1.033999999999999980e-03 -1.131999999999999977e-03 9.999989999999999712e-01 -3.699999999999999956e-01 9.290310000000000512e-01 1.433999999999999945e-03 -9.290310000000000512e-01 -3.700010000000000243e-01 5.419999999999999471e-04
2.400000000000000000e+01 2.600000000000000000e+01 6.400000000000000000e+01 0.000000000000000000e+00 1.600000000000000089e+00 1.572000000000000047e-03 4.959999999999999999e-03 9.999860000000000415e-01 -3.674930000000000141e-01 9.300169999999999826e-01 -4.035000000000000392e-03 -9.300249999999999906e-01 -3.674819999999999753e-01 3.285000000000000159e-03
7.000000000000000000e+00 6.900000000000000000e+01 6.600000000000000000e+01 0.000000000000000000e+00 1.600000000000000089e+00 -4.079999999999999968e-04 -5.446999999999999585e-03 9.999850000000000128e-01 -9.512220000000000120e-01 3.085049999999999737e-01 1.291999999999999963e-03 -3.085080000000000044e-01 -9.512070000000000247e-01 -5.308000000000000218e-03
1.400000000000000000e+01 6.900000000000000000e+01 6.600000000000000000e+01 0.000000000000000000e+00 1.600000000000000089e+00 6.048999999999999690e-03 1.003999999999999901e-03 9.999810000000000088e-01 -9.485740000000000283e-01 3.165100000000000136e-01 5.420000000000000338e-03 -3.164989999999999748e-01 -9.485890000000000155e-01 2.867000000000000191e-03
1.100000000000000000e+01 3.100000000000000000e+01 7.100000000000000000e+01 0.000000000000000000e+00 1.600000000000000089e+00 6.250000000000000130e-04 1.327000000000000055e-03 -9.999989999999999712e-01 -7.287249999999999561e-01 -6.848049999999999971e-01 -1.363999999999999978e-03 -6.848070000000000546e-01 7.287249999999999561e-01 5.389999999999999826e-04
2.000000000000000000e+00 2.500000000000000000e+01 7.300000000000000000e+01 0.000000000000000000e+00 1.600000000000000089e+00 1.422000000000000087e-03 1.276000000000000007e-03 9.999980000000000535e-01 7.587960000000000260e-01 -6.513280000000000181e-01 -2.480000000000000108e-04 6.513259999999999605e-01 7.587949999999999973e-01 -1.894000000000000067e-03
8.000000000000000000e+00 2.500000000000000000e+01 7.300000000000000000e+01 0.000000000000000000e+00 1.600000000000000089e+00 -3.820000000000000153e-04 -3.181999999999999933e-03 9.999949999999999672e-01 7.535439999999999916e-01 -6.573949999999999516e-01 -1.804000000000000048e-03 6.573970000000000091e-01 7.535399999999999876e-01 2.648999999999999879e-03
2.100000000000000000e+01 2.500000000000000000e+01 7.300000000000000000e+01 0.000000000000000000e+00 1.600000000000000089e+00 -1.137999999999999906e-03 2.926000000000000215e-03 9.999949999999999672e-01 7.494269999999999543e-01 -6.620810000000000306e-01 2.789999999999999945e-03 6.620859999999999523e-01 7.494260000000000366e-01 -1.440000000000000091e-03
2.400000000000000000e+01 2.500000000000000000e+01 7.300000000000000000e+01 0.000000000000000000e+00 1.600000000000000089e+00 -2.173000000000000018e-03 -2.909999999999999826e-03 9.999930000000000208e-01 7.511560000000000459e-01 -6.601249999999999618e-01 -2.889999999999999774e-04 6.601209999999999578e-01 7.511499999999999844e-01 3.621000000000000087e-03
2.700000000000000000e+01 2.500000000000000000e+01 7.300000000000000000e+01 0.000000000000000000e+00 1.600000000000000089e+00 -3.619999999999999954e-03 -8.479999999999999691e-03 9.999580000000000135e-01 7.524060000000000192e-01 -6.586940000000000017e-01 -2.861999999999999961e-03 6.586899999999999977e-01 7.523630000000000040e-01 8.765000000000000221e-03
2.000000000000000000e+00 4.400000000000000000e+01 7.300000000000000000e+01 0.000000000000000000e+00 1.600000000000000089e+00 1.837000000000000091e-03 -1.897999999999999948e-03 9.999959999999999960e-01 5.224299999999999777e-02 -9.986319999999999641e-01 -1.991000000000000148e-03 9.986329999999999929e-01 5.224600000000000077e-02 -1.734999999999999997e-03
