4.000000000000000000e+00 2.500000000000000000e+01 1.000000000000000000e+00 0.000000000000000000e+00 1.600000000000000089e+00 -2.380000000000000171e-03 -7.600000000000000418e-05 -9.999970000000000248e-01 -5.323069999999999746e-01 -8.465500000000000247e-01 1.330999999999999935e-03 -8.465479999999999672e-01 5.323090000000000321e-01 1.974000000000000060e-03
8.000000000000000000e+00 2.500000000000000000e+01 1.000000000000000000e+00 0.000000000000000000e+00 1.600000000000000089e+00 -1.636000000000000084e-03 3.778999999999999807e-03 -9.999919999999999920e-01 -5.307570000000000343e-01 -8.475209999999999688e-01 -2.334000000000000137e-03 -8.475230000000000263e-01 5.307479999999999976e-01 3.393000000000000183e-03
1.500000000000000000e+01 2.500000000000000000e+01 1.000000000000000000e+00 0.000000000000000000e+00 1.600000000000000089e+00 -3.770000000000000022e-04 4.035999999999999657e-03 -9.999919999999999920e-01 -5.266699999999999715e-01 -8.500640000000000418e-01 -3.232000000000000064e-03 -8.500699999999999923e-01 5.266650000000000498e-01 2.445999999999999824e-03
2.600000000000000000e+01 2.500000000000000000e+01 1.000000000000000000e+00 0.000000000000000000e+00 1.600000000000000089e+00 -3.714999999999999986e-03 -5.647000000000000110e-03 -9.999770000000000048e-01 -5.230259999999999909e-01 -8.522899999999999920e-01 6.755999999999999853e-03 -8.523089999999999833e-01 5.230390000000000317e-01 2.130000000000000003e-04
1.000000000000000000e+00 1.500000000000000000e+01 4.000000000000000000e+00 0.000000000000000000e+00 1.600000000000000089e+00 -3.697000000000000199e-03 -5.105000000000000163e-03 9.999799999999999800e-01 3.138230000000000186e-01 -9.494740000000000402e-01 -3.687000000000000173e-03 9.494740000000000402e-01 3.138029999999999986e-01 5.112000000000000224e-03
4.000000000000000000e+00 1.500000000000000000e+01 4.000000000000000000e+00 0.000000000000000000e+00 1.600000000000000089e+00 -2.856000000000000032e-03 -3.663000000000000023e-03 9.999890000000000168e-01 3.150189999999999935e-01 -9.490819999999999812e-01 -2.576999999999999864e-03 9.490809999999999524e-01 3.150080000000000102e-01 3.864999999999999946e-03
7.000000000000000000e+00 1.500000000000000000e+01 4.000000000000000000e+00 0.000000000000000000e+00 1.600000000000000089e+00 -5.349999999999999938e-04 -2.289999999999999935e-03 9.999970000000000248e-01 3.130620000000000069e-01 -9.497309999999999919e-01 -2.007000000000000103e-03 9.497330000000000494e-01 3.130600000000000049e-01 1.224999999999999960e-03
1.700000000000000000e+01 1.500000000000000000e+01 4.000000000000000000e+00 0.000000000000000000e+00 1.600000000000000089e+00 -3.409999999999999945e-04 -5.814999999999999857e-03 9.999829999999999552e-01 3.105189999999999895e-01 -9.505519999999999525e-01 -5.421999999999999736e-03 9.505670000000000508e-01 3.105120000000000102e-01 2.128999999999999816e-03
2.400000000000000000e+01 1.500000000000000000e+01 4.000000000000000000e+00 0.000000000000000000e+00 1.600000000000000089e+00 3.083999999999999936e-03 -3.874999999999999972e-03 9.999879999999999880e-01 3.138529999999999931e-01 -9.494599999999999707e-01 -4.647000000000000089e-03 9.494669999999999499e-01 3.138639999999999763e-01 -1.711999999999999980e-03
2.900000000000000000e+01 1.500000000000000000e+01 4.000000000000000000e+00 0.000000000000000000e+00 1.600000000000000089e+00 -3.203000000000000118e-03 -1.232999999999999938e-03 9.999940000000000495e-01 3.121450000000000058e-01 -9.500340000000000451e-01 -1.710000000000000094e-04 9.500290000000000123e-01 3.121430000000000038e-01 3.426999999999999925e-03
1.300000000000000000e+01 1.600000000000000000e+01 4.000000000000000000e+00 0.000000000000000000e+00 1.600000000000000089e+00 -2.099999999999999870e-03 -5.747000000000000372e-03 9.999810000000000088e-01 3.864090000000000025e-01 -9.223160000000000247e-01 -4.488999999999999935e-03 9.223249999999999504e-01 3.863929999999999865e-01 4.158000000000000237e-03
1.500000000000000000e+01 1.010000000000000000e+02 7.000000000000000000e+00 0.000000000000000000e+00 1.600000000000000089e+00 -8.340000000000000191e-03 2.255400000000000113e-02 9.997110000000000163e-01 8.785079999999999556e-01 4.777150000000000007e-01 -3.448000000000000110e-03 -4.776549999999999963e-01 8.782250000000000334e-01 -2.379799999999999971e-02
2.200000000000000000e+01 1.010000000000000000e+02 7.000000000000000000e+00 0.000000000000000000e+00 1.600000000000000089e+00 3.572000000000000088e-03 -1.779999999999999898e-04 9.999940000000000495e-01 8.762940000000000174e-01 4.817670000000000008e-01 -3.043999999999999831e-03 -4.817640000000000255e-01 8.762990000000000501e-01 1.876999999999999979e-03
9.000000000000000000e+00 2.500000000000000000e+01 8.000000000000000000e+00 0.000000000000000000e+00 1.600000000000000089e+00 2.311999999999999819e-03 -1.242999999999999964e-03 -9.999970000000000248e-01 4.502459999999999796e-01 8.929049999999999487e-01 -6.899999999999999667e-05 8.929019999999999735e-01 -4.502439999999999776e-01 2.624000000000000030e-03
1.300000000000000000e+01 2.500000000000000000e+01 8.000000000000000000e+00 0.000000000000000000e+00 1.600000000000000089e+00 7.979999999999999897e-04 4.543000000000000163e-03 -9.999890000000000168e-01 4.493730000000000224e-01 8.933330000000000437e-01 4.416999999999999919e-03 8.933440000000000270e-01 -4.493719999999999937e-01 -1.327999999999999970e-03
1.600000000000000000e+01 2.500000000000000000e+01 8.000000000000000000e+00 0.000000000000000000e+00 1.600000000000000089e+00 8.679999999999999565e-04 6.491000000000000242e-03 -9.999789999999999512e-01 4.489139999999999797e-01 8.935530000000000417e-01 6.190000000000000190e-03 8.935739999999999794e-01 -4.489099999999999757e-01 -2.138000000000000143e-03
2.600000000000000000e+01 2.500000000000000000e+01 8.000000000000000000e+00 0.000000000000000000e+00 1.600000000000000089e+00 2.137000000000000011e-03 1.497899999999999926e-02 -9.998860000000000525e-01 4.485759999999999748e-01 8.936290000000000067e-01 1.434599999999999938e-02 8.937420000000000364e-01 -4.485560000000000103e-01 -4.810000000000000039e-03
3.000000000000000000e+00 2.400000000000000000e+01 9.000000000000000000e+00 0.000000000000000000e+00 1.600000000000000089e+00 2.861999999999999961e-03 -7.813000000000000500e-03 -9.999649999999999928e-01 4.543599999999999861e-01 8.908000000000000362e-01 -5.660000000000000100e-03 8.908129999999999660e-01 -4.543280000000000096e-01 6.099000000000000254e-03
6.000000000000000000e+00 2.400000000000000000e+01 9.000000000000000000e+00 0.000000000000000000e+00 1.600000000000000089e+00 2.249999999999999830e-03 1.134999999999999941e-03 -9.999970000000000248e-01 4.534569999999999990e-01 8.912759999999999572e-01 2.031999999999999952e-03 8.912759999999999572e-01 -4.534599999999999742e-01 1.490999999999999921e-03
8.000000000000000000e+00 2.400000000000000000e+01 9.000000000000000000e+00 0.000000000000000000e+00 1.600000000000000089e+00 2.302999999999999926e-03 2.030000000000000012e-04 -9.999970000000000248e-01 4.532490000000000130e-01 8.913830000000000364e-01 1.224999999999999960e-03 8.913809999999999789e-01 -4.532510000000000150e-01 1.961000000000000069e-03
1.200000000000000000e+01 2.400000000000000000e+01 9.000000000000000000e+00 0.000000000000000000e+00 1.600000000000000089e+00 1.193000000000000050e-03 3.856000000000000053e-03 -9.999919999999999920e-01 4.525730000000000031e-01 8.917180000000000106e-01 3.977999999999999765e-03 8.917260000000000186e-01 -4.525750000000000051e-01 -6.809999999999999647e-04
1.600000000000000000e+01 2.400000000000000000e+01 9.000000000000000000e+00 0.000000000000000000e+00 1.600000000000000089e+00 6.589999999999999721e-04 7.444000000000000096e-03 -9.999719999999999720e-01 4.513559999999999794e-01 8.923170000000000268e-01 6.939999999999999988e-03 8.923440000000000261e-01 -4.513480000000000270e-01 -2.772000000000000158e-03
2.000000000000000000e+01 2.400000000000000000e+01 9.000000000000000000e+00 0.000000000000000000e+00 1.600000000000000089e+00 2.135999999999999878e-03 -1.010000000000000020e-04 -9.999980000000000535e-01 4.518519999999999759e-01 8.920919999999999961e-01 8.750000000000000182e-04 8.920900000000000496e-01 -4.518530000000000046e-01 1.951000000000000043e-03
2.600000000000000000e+01 2.400000000000000000e+01 9.000000000000000000e+00 0.000000000000000000e+00 1.600000000000000089e+00 2.089000000000000145e-03 1.298999999999999981e-02 -9.999130000000000518e-01 4.517889999999999961e-01 8.920369999999999688e-01 1.253199999999999974e-02 8.921229999999999993e-01 -4.517760000000000109e-01 -4.004999999999999880e-03
2.200000000000000000e+01 3.100000000000000000e+01 1.200000000000000000e+01 0.000000000000000000e+00 1.600000000000000089e+00 6.099999999999999872e-05 -1.704000000000000003e-03 9.999989999999999712e-01 -1.197400000000000027e-02 9.999270000000000103e-01 1.704999999999999918e-03 -9.999280000000000390e-01 -1.197400000000000027e-02 4.000000000000000327e-05
2.700000000000000000e+01 3.100000000000000000e+01 1.200000000000000000e+01 0.000000000000000000e+00 1.600000000000000089e+00 1.815999999999999906e-03 8.621999999999999456e-03 9.999609999999999888e-01 -1.223199999999999982e-02 9.998879999999999990e-01 -8.599000000000000740e-03 -9.999240000000000350e-01 -1.221599999999999943e-02 1.920999999999999965e-03
3.000000000000000000e+01 3.100000000000000000e+01 1.200000000000000000e+01 0.000000000000000000e+00 1.600000000000000089e+00 2.531999999999999963e-03 1.133299999999999932e-02 9.999329999999999607e-01 -1.086999999999999945e-02 9.998770000000000158e-01 -1.130500000000000081e-02 -9.999379999999999935e-01 -1.084099999999999994e-02 2.654000000000000109e-03
5.000000000000000000e+00 3.500000000000000000e+01 1.200000000000000000e+01 0.000000000000000000e+00 1.600000000000000089e+00 2.435000000000000098e-03 7.222000000000000121e-03 -9.999710000000000543e-01 5.079129999999999479e-01 -8.613939999999999930e-01 -4.983999999999999715e-03 -8.614049999999999763e-01 -5.078859999999999486e-01 -5.765000000000000159e-03
6.000000000000000000e+00 3.200000000000000000e+01 1.400000000000000000e+01 0.000000000000000000e+00 1.600000000000000089e+00 -1.222999999999999912e-03 2.649999999999999903e-04 -9.999989999999999712e-01 1.103640000000000038e-01 9.938909999999999689e-01 1.279999999999999942e-04 9.938900000000000512e-01 -1.103640000000000038e-01 -1.244000000000000097e-03
1.000000000000000000e+01 3.200000000000000000e+01 1.400000000000000000e+01 0.000000000000000000e+00 1.600000000000000089e+00 3.968000000000000173e-03 -5.858999999999999625e-03 -9.999749999999999472e-01 1.107609999999999983e-01 9.938320000000000487e-01 -5.382999999999999764e-03 9.938390000000000279e-01 -1.107370000000000021e-01 4.591999999999999728e-03
1.000000000000000000e+00 1.160000000000000000e+02 1.600000000000000000e+01 0.000000000000000000e+00 1.600000000000000089e+00 -1.110000000000000092e-03 -9.190000000000000035e-04 9.999989999999999712e-01 7.113850000000000451e-01 7.028010000000000090e-01 1.435000000000000078e-03 -7.028020000000000378e-01 7.113859999999999628e-01 -1.269999999999999970e-04
3.000000000000000000e+00 2.000000000000000000e+00 1.900000000000000000e+01 0.000000000000000000e+00 1.600000000000000089e+00 7.879000000000000586e-03 -2.425300000000000025e-02 -9.996749999999999803e-01 1.901380000000000015e-01 -9.814310000000000533e-01 2.530900000000000163e-02 -9.817259999999999875e-01 -1.902749999999999997e-01 -3.121000000000000076e-03
7.000000000000000000e+00 2.000000000000000000e+00 1.900000000000000000e+01 0.000000000000000000e+00 1.600000000000000089e+00 3.836000000000000000e-03 -1.643000000000000016e-02 -9.998580000000000245e-01 1.827249999999999985e-01 -9.830200000000000049e-01 1.685499999999999846e-02 -9.831569999999999476e-01 -1.827640000000000098e-01 -7.690000000000000438e-04
1.400000000000000000e+01 2.000000000000000000e+00 1.900000000000000000e+01 0.000000000000000000e+00 1.600000000000000089e+00 -8.930000000000000221e-04 2.390000000000000089e-04 -1.000000000000000000e+00 1.782590000000000008e-01 -9.839839999999999698e-01 -3.939999999999999817e-04 -9.839830000000000521e-01 -1.782590000000000008e-01 8.369999999999999619e-04
2.100000000000000000e+01 2.000000000000000000e+00 1.900000000000000000e+01 0.000000000000000000e+00 1.600000000000000089e+00 -4.126999999999999592e-03 -4.942000000000000212e-03 -9.999789999999999512e-01 1.801470000000000016e-01 -9.836310000000000331e-01 4.118000000000000133e-03 -9.836310000000000331e-01 -1.801260000000000083e-01 4.950000000000000407e-03
2.800000000000000000e+01 2.000000000000000000e+00 1.900000000000000000e+01 0.000000000000000000e+00 1.600000000000000089e+00 -6.620000000000000450e-04 6.048999999999999690e-03 -9.999820000000000375e-01 1.802570000000000006e-01 -9.836009999999999476e-01 -6.068999999999999742e-03 -9.836190000000000211e-01 -1.802570000000000006e-01 -4.389999999999999914e-04
4.000000000000000000e+00 4.000000000000000000e+00 2.000000000000000000e+01 0.000000000000000000e+00 1.600000000000000089e+00 6.081999999999999733e-03 -1.364199999999999961e-02 -9.998879999999999990e-01 2.636040000000000050e-01 -9.645179999999999865e-01 1.476300000000000008e-02 -9.646120000000000250e-01 -2.636640000000000095e-01 -2.269999999999999882e-03
7.000000000000000000e+00 1.300000000000000000e+01 2.000000000000000000e+01 0.000000000000000000e+00 1.600000000000000089e+00 1.786000000000000044e-03 6.407999999999999634e-03 9.999780000000000335e-01 2.504100000000000215e-01 9.681170000000000053e-01 -6.650999999999999794e-03 -9.681380000000000541e-01 2.504170000000000007e-01 1.240000000000000054e-04
1.300000000000000000e+01 1.300000000000000000e+01 2.000000000000000000e+01 0.000000000000000000e+00 1.600000000000000089e+00 5.599999999999999916e-05 -1.392000000000000008e-03 9.999989999999999712e-01 2.511410000000000031e-01 9.679499999999999771e-01 1.333999999999999899e-03 -9.679510000000000058e-01 2.511399999999999744e-01 4.040000000000000080e-04
1.800000000000000000e+01 1.300000000000000000e+01 2.000000000000000000e+01 0.000000000000000000e+00 1.600000000000000089e+00 -5.540000000000000219e-04 1.981000000000000122e-03 9.999980000000000535e-01 2.503110000000000057e-01 9.681640000000000246e-01 -1.779999999999999898e-03 -9.681650000000000533e-01 2.503099999999999770e-01 -1.031999999999999931e-03
2.200000000000000000e+01 1.300000000000000000e+01 2.000000000000000000e+01 0.000000000000000000e+00 1.600000000000000089e+00 -6.177000000000000199e-03 -1.093599999999999954e-02 9.999209999999999487e-01 2.501970000000000027e-01 9.681189999999999518e-01 1.213400000000000069e-02 -9.681750000000000078e-01 2.502519999999999745e-01 -3.242999999999999789e-03
2.800000000000000000e+01 1.300000000000000000e+01 2.000000000000000000e+01 0.000000000000000000e+00 1.600000000000000089e+00 -1.415999999999999941e-03 -1.286999999999999950e-03 9.999980000000000535e-01 2.531780000000000141e-01 9.674180000000000001e-01 1.603999999999999957e-03 -9.674190000000000289e-01 2.531800000000000161e-01 -1.044000000000000006e-03
2.000000000000000000e+00 1.600000000000000000e+01 2.100000000000000000e+01 0.000000000000000000e+00 1.600000000000000089e+00 1.567999999999999949e-03 2.108000000000000065e-03 9.999970000000000248e-01 2.983709999999999973e-01 9.544470000000000454e-01 -2.478999999999999867e-03 -9.544489999999999919e-01 2.983739999999999726e-01 8.670000000000000406e-04
8.000000000000000000e+00 1.600000000000000000e+01 2.100000000000000000e+01 0.000000000000000000e+00 1.600000000000000089e+00 1.603000000000000041e-03 5.207999999999999956e-03 9.999850000000000128e-01 2.978819999999999801e-01 9.545869999999999633e-01 -5.448999999999999851e-03 -9.546010000000000328e-01 2.978870000000000129e-01 -2.099999999999999884e-05
1.700000000000000000e+01 1.600000000000000000e+01 2.100000000000000000e+01 0.000000000000000000e+00 1.600000000000000089e+00 9.000000000000000228e-06 6.340000000000000149e-04 1.000000000000000000e+00 2.966860000000000053e-01 9.549750000000000183e-01 -6.080000000000000335e-04 -9.549750000000000183e-01 2.966860000000000053e-01 -1.800000000000000113e-04
2.200000000000000000e+01 1.600000000000000000e+01 2.100000000000000000e+01 0.000000000000000000e+00 1.600000000000000089e+00 -6.603999999999999627e-03 -1.035400000000000036e-02 9.999249999999999527e-01 2.973979999999999957e-01 9.546799999999999731e-01 1.184900000000000016e-02 -9.547309999999999963e-01 2.974539999999999962e-01 -3.225000000000000002e-03
2.700000000000000000e+01 1.600000000000000000e+01 2.100000000000000000e+01 0.000000000000000000e+00 1.600000000000000089e+00 -1.480999999999999895e-03 -2.739000000000000115e-03 9.999949999999999672e-01 2.989169999999999883e-01 9.542739999999999556e-01 3.056000000000000123e-03 -9.542779999999999596e-01 2.989200000000000190e-01 -5.950000000000000427e-04
1.100000000000000000e+01 3.000000000000000000e+00 2.500000000000000000e+01 0.000000000000000000e+00 1.600000000000000089e+00 -1.900999999999999912e-03 5.105000000000000163e-03 9.999850000000000128e-01 -2.945199999999999901e-02 -9.995530000000000248e-01 5.047000000000000271e-03 9.995640000000000081e-01 -2.944199999999999942e-02 2.050000000000000173e-03
2.400000000000000000e+01 3.000000000000000000e+00 2.500000000000000000e+01 0.000000000000000000e+00 1.600000000000000089e+00 8.881999999999999271e-03 -5.758000000000000097e-03 9.999440000000000550e-01 -3.445600000000000052e-02 -9.993910000000000293e-01 -5.448999999999999851e-03 9.993670000000000053e-01 -3.440599999999999908e-02 -9.074999999999999734e-03
1.400000000000000000e+01 4.600000000000000000e+01 2.700000000000000000e+01 0.000000000000000000e+00 1.600000000000000089e+00 8.099999999999999561e-04 -2.828999999999999918e-03 -9.999959999999999960e-01 6.762089999999999490e-01 7.367080000000000295e-01 -1.536000000000000039e-03 7.367089999999999472e-01 -6.762049999999999450e-01 2.508999999999999946e-03
1.100000000000000000e+01 4.600000000000000000e+01 3.000000000000000000e+01 0.000000000000000000e+00 1.600000000000000089e+00 9.700000000000000505e-04 -9.539999999999999869e-04 -9.999989999999999712e-01 3.424039999999999861e-01 9.395529999999999715e-01 -5.640000000000000482e-04 9.395520000000000538e-01 -3.424030000000000129e-01 1.237999999999999951e-03
2.600000000000000000e+01 4.600000000000000000e+01 3.000000000000000000e+01 0.000000000000000000e+00 1.600000000000000089e+00 8.140000000000000534e-04 -3.759999999999999779e-04 -1.000000000000000000e+00 3.308510000000000062e-01 9.436830000000000496e-01 -8.500000000000000611e-05 9.436830000000000496e-01 -3.308510000000000062e-01 8.919999999999999978e-04
4.000000000000000000e+00 5.800000000000000000e+01 3.100000000000000000e+01 0.000000000000000000e+00 1.600000000000000089e+00 2.386000000000000100e-03 2.259999999999999910e-04 9.999970000000000248e-01 -7.730409999999999782e-01 -6.343520000000000270e-01 1.988000000000000184e-03 6.343509999999999982e-01 -7.730439999999999534e-01 -1.338999999999999913e-03
7.000000000000000000e+00 5.800000000000000000e+01 3.100000000000000000e+01 0.000000000000000000e+00 1.600000000000000089e+00 -5.539999999999999786e-03 -6.451000000000000137e-03 9.999639999999999640e-01 -7.778770000000000406e-01 -6.283609999999999474e-01 -8.363000000000000642e-03 6.283919999999999506e-01 -7.778950000000000031e-01 -1.536999999999999955e-03
1.100000000000000000e+01 5.800000000000000000e+01 3.100000000000000000e+01 0.000000000000000000e+00 1.600000000000000089e+00 -7.622000000000000303e-03 -1.021599999999999939e-02 9.999190000000000023e-01 -7.830819999999999448e-01 -6.217970000000000441e-01 -1.232100000000000035e-02 6.218719999999999803e-01 -7.831120000000000303e-01 -3.261000000000000010e-03
1.500000000000000000e+01 5.800000000000000000e+01 3.100000000000000000e+01 0.000000000000000000e+00 1.600000000000000089e+00 -3.494000000000000144e-03 -3.579999999999999741e-04 9.999940000000000495e-01 -7.877880000000000438e-01 -6.159400000000000430e-01 -2.972999999999999948e-03 6.159369999999999568e-01 -7.877929999999999655e-01 1.869999999999999917e-03
2.500000000000000000e+01 5.800000000000000000e+01 3.100000000000000000e+01 0.000000000000000000e+00 1.600000000000000089e+00 1.608000000000000054e-03 3.446999999999999977e-03 9.999930000000000208e-01 -7.906109999999999527e-01 -6.123100000000000209e-01 3.382000000000000024e-03 6.123170000000000002e-01 -7.906100000000000350e-01 1.740999999999999926e-03
2.800000000000000000e+01 5.800000000000000000e+01 3.100000000000000000e+01 0.000000000000000000e+00 1.600000000000000089e+00 2.959999999999999958e-03 4.601000000000000055e-03 9.999850000000000128e-01 -7.890150000000000219e-01 -6.143530000000000380e-01 5.161999999999999922e-03 6.143669999999999964e-01 -7.890179999999999971e-01 1.812000000000000026e-03
5.000000000000000000e+00 4.600000000000000000e+01 3.500000000000000000e+01 0.000000000000000000e+00 1.600000000000000089e+00 1.203999999999999992e-03 3.040000000000000167e-03 -9.999949999999999672e-01 3.909179999999999877e-01 -9.204219999999999624e-01 -2.328000000000000208e-03 -9.204250000000000487e-01 -3.909130000000000105e-01 -2.296999999999999997e-03
1.000000000000000000e+01 4.600000000000000000e+01 3.500000000000000000e+01 0.000000000000000000e+00 1.600000000000000089e+00 -4.070000000000000267e-04 4.099999999999999912e-04 -1.000000000000000000e+00 3.917109999999999759e-01 -9.200880000000000170e-01 -5.370000000000000424e-04 -9.200880000000000170e-01 -3.917109999999999759e-01 2.139999999999999975e-04
1.900000000000000000e+01 4.600000000000000000e+01 3.500000000000000000e+01 0.000000000000000000e+00 1.600000000000000089e+00 3.000000000000000076e-05 3.052000000000000025e-03 -9.999949999999999672e-01 3.905219999999999803e-01 -9.205889999999999906e-01 -2.798000000000000140e-03 -9.205940000000000234e-01 -3.905199999999999783e-01 -1.219000000000000031e-03
2.300000000000000000e+01 4.600000000000000000e+01 3.500000000000000000e+01 0.000000000000000000e+00 1.600000000000000089e+00 -2.357000000000000154e-03 1.541000000000000052e-03 -9.999959999999999960e-01 3.894759999999999889e-01 -9.210340000000000193e-01 -2.337000000000000102e-03 -9.210340000000000193e-01 -3.894799999999999929e-01 1.570999999999999914e-03
2.000000000000000000e+00 9.500000000000000000e+01 3.600000000000000000e+01 0.000000000000000000e+00 1.600000000000000089e+00 1.225399999999999927e-02 -1.158099999999999928e-02 9.998580000000000245e-01 9.967209999999999681e-01 8.012900000000000578e-02 -1.128799999999999942e-02 -7.998700000000000254e-02 9.967169999999999641e-01 1.252499999999999968e-02
1.300000000000000000e+01 9.500000000000000000e+01 3.600000000000000000e+01 0.000000000000000000e+00 1.600000000000000089e+00 -3.510800000000000032e-02 -4.830700000000000272e-02 9.982149999999999634e-01 9.973309999999999675e-01 6.229099999999999915e-02 3.809099999999999986e-02 -6.401999999999999358e-02 9.968879999999999963e-01 4.599099999999999716e-02
2.300000000000000000e+01 9.500000000000000000e+01 3.600000000000000000e+01 0.000000000000000000e+00 1.600000000000000089e+00 1.663500000000000048e-02 1.563799999999999912e-02 9.997390000000000443e-01 9.981799999999999562e-01 5.770100000000000229e-02 -1.751199999999999979e-02 -5.795999999999999763e-02 9.982109999999999594e-01 -1.464900000000000056e-02
1.000000000000000000e+00 3.100000000000000000e+01 4.200000000000000000e+01 0.000000000000000000e+00 1.600000000000000089e+00 4.780000000000000178e-04 5.856200000000000294e-02 -9.982839999999999492e-01 5.905420000000000114e-01 8.056050000000000155e-01 4.754200000000000093e-02 8.070070000000000299e-01 -5.895510000000000472e-01 -3.419799999999999923e-02
5.000000000000000000e+00 3.000000000000000000e+00 4.300000000000000000e+01 0.000000000000000000e+00 1.600000000000000089e+00 -2.500000000000000052e-04 -9.242999999999999480e-03 -9.999569999999999848e-01 7.391499999999999737e-01 -6.735130000000000283e-01 6.041000000000000363e-03 -6.735400000000000276e-01 -7.391170000000000240e-01 7.000000000000000146e-03
8.000000000000000000e+00 3.000000000000000000e+00 4.300000000000000000e+01 0.000000000000000000e+00 1.600000000000000089e+00 -1.417999999999999990e-03 -7.452000000000000290e-03 -9.999710000000000543e-01 7.382980000000000098e-01 -6.744630000000000347e-01 3.980000000000000031e-03 -6.744729999999999892e-01 -7.382710000000000106e-01 6.459000000000000331e-03
2.500000000000000000e+01 3.000000000000000000e+00 4.300000000000000000e+01 0.000000000000000000e+00 1.600000000000000089e+00 -1.909000000000000107e-03 2.500000000000000052e-04 -9.999980000000000535e-01 7.421750000000000291e-01 -6.702040000000000219e-01 -1.583999999999999905e-03 -6.702040000000000219e-01 -7.421769999999999756e-01 1.093999999999999920e-03
1.400000000000000000e+01 6.500000000000000000e+01 4.600000000000000000e+01 0.000000000000000000e+00 1.600000000000000089e+00 1.631999999999999987e-03 1.013000000000000012e-03 9.999980000000000535e-01 6.797720000000000429e-01 -7.334230000000000471e-01 -3.669999999999999760e-04 7.334209999999999896e-01 6.797720000000000429e-01 -1.886000000000000090e-03
2.000000000000000000e+01 6.500000000000000000e+01 4.600000000000000000e+01 0.000000000000000000e+00 1.600000000000000089e+00 3.678999999999999979e-03 -1.209000000000000005e-03 9.999930000000000208e-01 6.798250000000000126e-01 -7.333669999999999911e-01 -3.386999999999999820e-03 7.333650000000000446e-01 6.798319999999999919e-01 -1.876000000000000063e-03
4.000000000000000000e+00 2.100000000000000000e+01 4.800000000000000000e+01 0.000000000000000000e+00 1.600000000000000089e+00 -1.820000000000000003e-03 -4.972999999999999990e-03 -9.999860000000000415e-01 3.019979999999999887e-01 9.532939999999999747e-01 -5.290000000000000431e-03 9.533070000000000155e-01 -3.020039999999999947e-01 -2.329999999999999986e-04
1.800000000000000000e+01 7.000000000000000000e+00 5.200000000000000000e+01 0.000000000000000000e+00 1.600000000000000089e+00 -3.526000000000000054e-03 -6.639999999999999852e-04 -9.999940000000000495e-01 8.307299999999999407e-02 -9.965429999999999566e-01 3.680000000000000003e-04 -9.965370000000000061e-01 -8.307100000000000595e-02 3.569000000000000124e-03
2.100000000000000000e+01 7.000000000000000000e+00 5.200000000000000000e+01 0.000000000000000000e+00 1.600000000000000089e+00 2.481999999999999831e-03 6.139999999999999625e-03 -9.999780000000000335e-01 8.252700000000000313e-02 -9.965709999999999846e-01 -5.915000000000000119e-03 -9.965859999999999719e-01 -8.251000000000000001e-02 -2.980000000000000010e-03
1.500000000000000000e+01 5.800000000000000000e+01 5.200000000000000000e+01 0.000000000000000000e+00 1.600000000000000089e+00 -2.799999999999999958e-05 -4.253999999999999969e-03 9.999909999999999632e-01 -6.253370000000000317e-01 7.803480000000000416e-01 3.302999999999999946e-03 -7.803550000000000209e-01 -6.253309999999999702e-01 -2.681999999999999922e-03
1.000000000000000000e+00 6.300000000000000000e+01 5.400000000000000000e+01 0.000000000000000000e+00 1.600000000000000089e+00 3.625999999999999883e-03 6.013000000000000116e-03 9.999749999999999472e-01 -3.839110000000000023e-01 9.233609999999999873e-01 -4.159999999999999636e-03 -9.233630000000000448e-01 -3.838869999999999783e-01 5.656999999999999702e-03
1.200000000000000000e+01 6.300000000000000000e+01 5.400000000000000000e+01 0.000000000000000000e+00 1.600000000000000089e+00 -3.981000000000000164e-03 -1.269099999999999916e-02 9.999120000000000230e-01 -3.927149999999999808e-01 9.196050000000000058e-01 1.010800000000000066e-02 -9.196509999999999962e-01 -3.926399999999999890e-01 -8.644999999999999907e-03
1.500000000000000000e+01 6.300000000000000000e+01 5.400000000000000000e+01 0.000000000000000000e+00 1.600000000000000089e+00 -3.710000000000000190e-03 -7.226999999999999917e-03 9.999670000000000503e-01 -3.758159999999999834e-01 9.266790000000000305e-01 5.303000000000000422e-03 -9.266870000000000385e-01 -3.757840000000000069e-01 -6.154999999999999881e-03
1.800000000000000000e+01 6.300000000000000000e+01 5.400000000000000000e+01 0.000000000000000000e+00 1.600000000000000089e+00 -1.291000000000000047e-03 2.233999999999999875e-03 9.999970000000000248e-01 -3.667730000000000157e-01 9.303069999999999951e-01 -2.552000000000000015e-03 -9.303099999999999703e-01 -3.667750000000000177e-01 -3.820000000000000153e-04
2.300000000000000000e+01 6.300000000000000000e+01 5.400000000000000000e+01 0.000000000000000000e+00 1.600000000000000089e+00 7.299999999999999903e-05 3.151999999999999854e-03 9.999949999999999672e-01 -3.642480000000000162e-01 9.312970000000000415e-01 -2.907999999999999995e-03 -9.313019999999999632e-01 -3.642460000000000142e-01 1.216000000000000067e-03
3.000000000000000000e+01 6.300000000000000000e+01 5.400000000000000000e+01 0.000000000000000000e+00 1.600000000000000089e+00 -1.474999999999999966e-03 5.300000000000000078e-05 9.999989999999999712e-01 -3.615740000000000065e-01 9.323430000000000328e-01 -5.820000000000000520e-04 -9.323420000000000041e-01 -3.615740000000000065e-01 -1.356000000000000000e-03
3.000000000000000000e+00 2.600000000000000000e+01 5.500000000000000000e+01 0.000000000000000000e+00 1.600000000000000089e+00 -5.343999999999999792e-03 -2.834659999999999958e-01 9.589670000000000138e-01 -2.323800000000000171e-02 9.587569999999999704e-01 2.832749999999999990e-01 -9.997160000000000490e-01 -2.077000000000000027e-02 -1.170999999999999992e-02
2.100000000000000000e+01 2.600000000000000000e+01 5.500000000000000000e+01 0.000000000000000000e+00 1.600000000000000089e+00 1.449999999999999900e-03 -1.248999999999999893e-03 -9.999980000000000535e-01 -4.309799999999999742e-02 -9.990700000000000136e-01 1.185000000000000072e-03 -9.990700000000000136e-01 4.309700000000000336e-02 -1.502999999999999996e-03
4.000000000000000000e+00 2.100000000000000000e+01 6.000000000000000000e+01 0.000000000000000000e+00 1.600000000000000089e+00 1.123999999999999999e-03 5.190000000000000386e-04 9.999989999999999712e-01 -9.501199999999999923e-02 9.954760000000000275e-01 -4.090000000000000211e-04 -9.954749999999999988e-01 -9.501099999999999823e-02 1.167999999999999984e-03
9.000000000000000000e+00 2.100000000000000000e+01 6.000000000000000000e+01 0.000000000000000000e+00 1.600000000000000089e+00 -3.750000000000000078e-04 4.490000000000000176e-04 1.000000000000000000e+00 -9.313299999999999357e-02 9.956540000000000390e-01 -4.820000000000000066e-04 -9.956540000000000390e-01 -9.313299999999999357e-02 -3.310000000000000225e-04
1.300000000000000000e+01 2.100000000000000000e+01 6.000000000000000000e+01 0.000000000000000000e+00 1.600000000000000089e+00 -3.800000000000000209e-04 2.380000000000000117e-04 1.000000000000000000e+00 -9.413900000000000046e-02 9.955589999999999717e-01 -2.719999999999999979e-04 -9.955589999999999717e-01 -9.413900000000000046e-02 -3.559999999999999797e-04
1.800000000000000000e+01 2.100000000000000000e+01 6.000000000000000000e+01 0.000000000000000000e+00 1.600000000000000089e+00 -6.660000000000000338e-04 -2.236000000000000140e-03 9.999970000000000248e-01 -9.475799999999999501e-02 9.954979999999999940e-01 2.162999999999999992e-03 -9.955000000000000515e-01 -9.475600000000000689e-02 -8.750000000000000182e-04
2.300000000000000000e+01 2.100000000000000000e+01 6.000000000000000000e+01 0.000000000000000000e+00 1.600000000000000089e+00 -7.950000000000000252e-04 -1.415999999999999941e-03 9.999989999999999712e-01 -9.528300000000000658e-02 9.954490000000000283e-01 1.333999999999999899e-03 -9.954499999999999460e-01 -9.528100000000000458e-02 -9.259999999999999568e-04
2.800000000000000000e+01 2.100000000000000000e+01 6.000000000000000000e+01 0.000000000000000000e+00 1.600000000000000089e+00 -5.760000000000000146e-04 1.293000000000000095e-03 9.999989999999999712e-01 -9.565099999999999991e-02 9.954140000000000210e-01 -1.342000000000000094e-03 -9.954150000000000498e-01 -9.565200000000000091e-02 -4.490000000000000176e-04
1.900000000000000000e+01 6.700000000000000000e+01 6.000000000000000000e+01 0.000000000000000000e+00 1.600000000000000089e+00 -6.909999999999999910e-04 -4.093000000000000284e-03 9.999909999999999632e-01 1.807709999999999873e-01 -9.835180000000000033e-01 -3.899999999999999821e-03 9.835249999999999826e-01 1.807660000000000100e-01 1.418999999999999906e-03
5.000000000000000000e+00 2.700000000000000000e+01 6.300000000000000000e+01 0.000000000000000000e+00 1.600000000000000089e+00 1.144999999999999967e-03 5.250999999999999591e-03 9.999860000000000415e-01 -2.807640000000000136e-01 9.597649999999999793e-01 -4.717999999999999972e-03 -9.597759999999999625e-01 -2.807549999999999768e-01 2.573000000000000200e-03
8.000000000000000000e+00 2.700000000000000000e+01 6.300000000000000000e+01 0.000000000000000000e+00 1.600000000000000089e+00 6.689999999999999983e-04 1.234000000000000071e-03 9.999989999999999712e-01 -2.801199999999999801e-01 9.599649999999999572e-01 -9.970000000000000563e-04 -9.599649999999999572e-01 -2.801190000000000069e-01 9.879999999999999460e-04
1.900000000000000000e+01 2.700000000000000000e+01 6.300000000000000000e+01 0.000000000000000000e+00 1.600000000000000089e+00 -1.516999999999999902e-03 -1.332000000000000068e-03 9.999980000000000535e-01 -2.790679999999999827e-01 9.602709999999999857e-01 8.549999999999999658e-04 -9.602699999999999569e-01 -2.790670000000000095e-01 -1.827999999999999981e-03
2.500000000000000000e+01 2.700000000000000000e+01 6.300000000000000000e+01 0.000000000000000000e+00 1.600000000000000089e+00 -2.550000000000000183e-04 2.011999999999999900e-03 9.999980000000000535e-01 -2.801540000000000141e-01 9.599529999999999452e-01 -2.001999999999999873e-03 -9.599550000000000027e-01 -2.801540000000000141e-01 3.190000000000000019e-04
8.000000000000000000e+00 4.400000000000000000e+01 6.300000000000000000e+01 0.000000000000000000e+00 1.600000000000000089e+00 2.003000000000000006e-03 2.439200000000000049e-02 -9.997000000000000330e-01 -6.362189999999999790e-01 -7.712470000000000159e-01 -2.009199999999999875e-02 -7.715060000000000251e-01 6.360679999999999668e-01 1.397400000000000031e-02
1.100000000000000000e+01 4.400000000000000000e+01 6.300000000000000000e+01 0.000000000000000000e+00 1.600000000000000089e+00 4.938999999999999814e-03 1.961399999999999949e-02 -9.997949999999999893e-01 -6.366239999999999677e-01 -7.709580000000000322e-01 -1.827000000000000152e-02 -7.711590000000000389e-01 6.365840000000000387e-01 8.678999999999999215e-03
1.700000000000000000e+01 4.400000000000000000e+01 6.300000000000000000e+01 0.000000000000000000e+00 1.600000000000000089e+00 -7.690000000000000438e-04 1.350000000000000071e-03 -9.999989999999999712e-01 -6.506579999999999586e-01 -7.593710000000000182e-01 -5.249999999999999676e-04 -7.593710000000000182e-01 6.506560000000000121e-01 1.461999999999999975e-03
2.200000000000000000e+01 4.400000000000000000e+01 6.300000000000000000e+01 0.000000000000000000e+00 1.600000000000000089e+00 3.089999999999999756e-04 1.238200000000000064e-02 -9.999230000000000063e-01 -6.599169999999999758e-01 -7.512790000000000301e-01 -9.506999999999999826e-03 -7.513389999999999791e-01 6.598690000000000389e-01 7.938999999999999876e-03
2.800000000000000000e+01 4.400000000000000000e+01 6.300000000000000000e+01 0.000000000000000000e+00 1.600000000000000089e+00 -2.610000000000000015e-04 -1.521000000000000000e-03 -9.999989999999999712e-01 -6.667999999999999483e-01 -7.452360000000000095e-01 1.307999999999999918e-03 -7.452370000000000383e-01 6.667990000000000306e-01 -8.199999999999999824e-04
4.000000000000000000e+00 2.600000000000000000e+01 6.400000000000000000e+01 0.000000000000000000e+00 1.600000000000000089e+00 8.500000000000000611e-05 5.271999999999999777e-03 9.999860000000000415e-01 -3.671960000000000224e-01 9.301310000000000411e-01 -4.871999999999999595e-03 -9.301430000000000531e-01 -3.671909999999999896e-01 2.014999999999999864e-03
8.000000000000000000e+00 2.600000000000000000e+01 6.400000000000000000e+01 0.000000000000000000e+00 1.600000000000000089e+00 6.870000000000000022e-04 1.242000000000000048e-03 9.999989999999999712e-01 -3.694189999999999974e-01 9.292629999999999502e-01 -8.999999999999999754e-04 -9.292629999999999502e-01 -3.694180000000000241e-01 1.097000000000000102e-03
1.400000000000000000e+01 2.600000000000000000e+01 6.400000000000000000e+01 0.000000000000000000e+00 1.600000000000000089e+00 -7.789999999999999616e-04 -3.311000000000000141e-03 9.999940000000000495e-01 -3.683739999999999792e-01 9.296740000000000004e-01 2.791000000000000078e-03 -9.296769999999999756e-01 -3.683690000000000020e-01 -1.943000000000000066e-03
2.100000000000000000e+01 2.600000000000000000e+01 6.400000000000000000e+01 0.000000000000000000e+00 1.600000000000000089e+00 -2.269999999999999882e-03 -1.662000000000000066e-03 9.999959999999999960e-01 -3.720379999999999798e-01 9.282169999999999588e-01 6.980000000000000527e-04 -9.282150000000000123e-01 -3.720350000000000046e-01 -2.724999999999999992e-03
2.500000000000000000e+01 2.600000000000000000e+01 6.400000000000000000e+01 0.000000000000000000e+00 1.600000000000000089e+00 -1.105000000000000079e-03 3.054999999999999990e-03 9.999949999999999672e-01 -3.737820000000000031e-01 9.275109999999999744e-01 -3.246999999999999886e-03 -9.275160000000000071e-01 -3.737840000000000051e-01 1.169999999999999979e-04
2.900000000000000000e+01 2.600000000000000000e+01 6.400000000000000000e+01 0.000000000000000000e+00 1.600000000000000089e+00 -1.645999999999999894e-03 4.913999999999999965e-03 9.999869999999999592e-01 -3.699180000000000246e-01 9.290500000000000425e-01 -5.173999999999999780e-03 -9.290629999999999722e-01 -3.699219999999999731e-01 2.880000000000000073e-04
3.000000000000000000e+00 3.100000000000000000e+01 7.100000000000000000e+01 0.000000000000000000e+00 1.600000000000000089e+00 4.839999999999999684e-03 -3.873000000000000140e-03 -9.999810000000000088e-01 -7.296740000000000448e-01 -6.837950000000000417e-01 -8.829999999999999958e-04 -6.837779999999999969e-01 7.296639999999999793e-01 -6.135999999999999961e-03
6.000000000000000000e+00 4.400000000000000000e+01 7.300000000000000000e+01 0.000000000000000000e+00 1.600000000000000089e+00 1.508000000000000009e-03 5.440000000000000391e-03 9.999839999999999840e-01 5.636100000000000138e-02 -9.983959999999999502e-01 5.346000000000000058e-03 9.984089999999999909e-01 5.635199999999999931e-02 -1.812000000000000026e-03
1.000000000000000000e+01 4.400000000000000000e+01 7.300000000000000000e+01 0.000000000000000000e+00 1.600000000000000089e+00 -3.559999999999999797e-04 1.752000000000000085e-03 9.999980000000000535e-01 5.681300000000000239e-02 -9.983830000000000204e-01 1.768999999999999956e-03 9.983849999999999669e-01 5.681400000000000339e-02 2.559999999999999884e-04
1.600000000000000000e+01 4.400000000000000000e+01 7.300000000000000000e+01 0.000000000000000000e+00 1.600000000000000089e+00 8.149999999999999693e-04 4.085000000000000089e-03 9.999909999999999632e-01 5.778799999999999909e-02 -9.983210000000000139e-01 4.030999999999999861e-03 9.983290000000000219e-01 5.778400000000000203e-02 -1.049999999999999935e-03
1.900000000000000000e+01 4.400000000000000000e+01 7.300000000000000000e+01 0.000000000000000000e+00 1.600000000000000089e+00 1.185999999999999988e-03 4.257999999999999632e-03 9.999900000000000455e-01 5.974999999999999756e-02 -9.982050000000000090e-01 4.179999999999999688e-03 9.982130000000000170e-01 5.974399999999999850e-02 -1.438000000000000042e-03
2.600000000000000000e+01 4.400000000000000000e+01 7.300000000000000000e+01 0.000000000000000000e+00 1.600000000000000089e+00 -3.699999999999999811e-05 5.599999999999999916e-05 1.000000000000000000e+00 5.739600000000000257e-02 -9.983520000000000172e-01 5.800000000000000034e-05 9.983520000000000172e-01 5.739600000000000257e-02 3.300000000000000253e-05
2.000000000000000000e+00 2.500000000000000000e+01 7.400000000000000000e+01 0.000000000000000000e+00 1.600000000000000089e+00 -1.528000000000000061e-03 3.600000000000000091e-05 9.999989999999999712e-01 8.243399999999999617e-01 -5.660929999999999573e-01 1.280000000000000105e-03 5.660920000000000396e-01 8.243409999999999904e-01 8.360000000000000460e-04
