5.000000000000000000e+00 2.500000000000000000e+01 1.000000000000000000e+00 0.000000000000000000e+00 1.600000000000000089e+00 -1.172000000000000082e-03 -1.090000000000000040e-03 -9.999989999999999712e-01 -5.344430000000000014e-01 -8.452030000000000376e-01 1.547999999999999897e-03 -8.452039999999999553e-01 5.344440000000000301e-01 4.079999999999999968e-04
1.100000000000000000e+01 2.500000000000000000e+01 1.000000000000000000e+00 0.000000000000000000e+00 1.600000000000000089e+00 -9.210000000000000521e-04 -1.513000000000000022e-03 -9.999980000000000535e-01 -5.301270000000000149e-01 -8.479170000000000318e-01 1.771000000000000005e-03 -8.479179999999999495e-01 5.301270000000000149e-01 -2.099999999999999884e-05
1.800000000000000000e+01 2.500000000000000000e+01 1.000000000000000000e+00 0.000000000000000000e+00 1.600000000000000089e+00 -1.699999999999999987e-05 -1.536000000000000039e-03 -9.999989999999999712e-01 -5.300829999999999709e-01 -8.479449999999999488e-01 1.312000000000000015e-03 -8.479459999999999775e-01 5.300829999999999709e-01 -8.000000000000000383e-04
2.500000000000000000e+01 2.500000000000000000e+01 1.000000000000000000e+00 0.000000000000000000e+00 1.600000000000000089e+00 -6.899999999999999667e-05 -1.235999999999999903e-03 -9.999989999999999712e-01 -5.301900000000000501e-01 -8.478780000000000205e-01 1.085000000000000027e-03 -8.478790000000000493e-01 5.301900000000000501e-01 -5.969999999999999829e-04
2.800000000000000000e+01 3.000000000000000000e+00 3.000000000000000000e+00 0.000000000000000000e+00 1.600000000000000089e+00 -1.125840000000000035e-01 -8.362300000000000288e-02 -9.901170000000000249e-01 -7.777899999999999814e-01 -6.126909999999999856e-01 1.401870000000000061e-01 -6.183589999999999920e-01 7.858859999999999735e-01 3.937999999999999660e-03
2.200000000000000000e+01 3.000000000000000000e+00 4.000000000000000000e+00 0.000000000000000000e+00 1.600000000000000089e+00 -1.215529999999999944e-01 -3.327800000000000202e-02 -9.920269999999999921e-01 -8.339870000000000339e-01 -5.385210000000000274e-01 1.202539999999999998e-01 -5.382289999999999575e-01 8.419550000000000090e-01 3.770600000000000340e-02
3.000000000000000000e+00 1.500000000000000000e+01 4.000000000000000000e+00 0.000000000000000000e+00 1.600000000000000089e+00 3.523000000000000090e-03 1.219399999999999998e-02 9.999190000000000023e-01 3.224790000000000156e-01 -9.465189999999999992e-01 1.040600000000000032e-02 9.465700000000000225e-01 3.224170000000000091e-01 -7.267000000000000022e-03
1.100000000000000000e+01 1.500000000000000000e+01 4.000000000000000000e+00 0.000000000000000000e+00 1.600000000000000089e+00 -4.270999999999999623e-03 -9.627000000000000141e-03 9.999449999999999728e-01 3.200790000000000024e-01 -9.473589999999999511e-01 -7.753999999999999608e-03 9.473810000000000286e-01 3.200290000000000079e-01 7.127999999999999788e-03
1.600000000000000000e+01 1.500000000000000000e+01 4.000000000000000000e+00 0.000000000000000000e+00 1.600000000000000089e+00 2.030000000000000012e-04 -1.015600000000000010e-02 9.999479999999999480e-01 3.156129999999999769e-01 -9.488379999999999592e-01 -9.700999999999999554e-03 9.488879999999999537e-01 3.155990000000000184e-01 3.013000000000000053e-03
2.800000000000000000e+01 1.500000000000000000e+01 4.000000000000000000e+00 0.000000000000000000e+00 1.600000000000000089e+00 1.183000000000000024e-03 1.012000000000000052e-02 9.999479999999999480e-01 3.233630000000000115e-01 -9.462300000000000155e-01 9.194000000000000783e-03 9.462739999999999485e-01 3.233360000000000123e-01 -4.392000000000000071e-03
2.000000000000000000e+00 1.600000000000000000e+01 4.000000000000000000e+00 0.000000000000000000e+00 1.600000000000000089e+00 2.723000000000000160e-03 1.415199999999999965e-02 9.998960000000000070e-01 3.932229999999999892e-01 -9.193660000000000165e-01 1.194199999999999949e-02 9.194390000000000063e-01 3.931490000000000262e-01 -8.068000000000000518e-03
2.100000000000000000e+01 1.600000000000000000e+01 4.000000000000000000e+00 0.000000000000000000e+00 1.600000000000000089e+00 3.572999999999999787e-03 -2.494000000000000123e-03 9.999909999999999632e-01 3.951709999999999945e-01 -9.185999999999999721e-01 -3.703000000000000128e-03 9.186010000000000009e-01 3.951799999999999757e-01 -2.296999999999999997e-03
7.000000000000000000e+00 1.010000000000000000e+02 7.000000000000000000e+00 0.000000000000000000e+00 1.600000000000000089e+00 -6.359999999999999551e-04 -1.478600000000000053e-02 9.998899999999999455e-01 8.894170000000000131e-01 4.570379999999999998e-01 7.323999999999999781e-03 -4.570960000000000023e-01 8.893240000000000034e-01 1.285999999999999990e-02
1.100000000000000000e+01 1.010000000000000000e+02 7.000000000000000000e+00 0.000000000000000000e+00 1.600000000000000089e+00 1.134000000000000025e-03 -1.461299999999999925e-02 9.998930000000000318e-01 8.890400000000000524e-01 4.577950000000000075e-01 5.682000000000000418e-03 -4.578280000000000127e-01 8.889380000000000059e-01 1.350999999999999944e-02
2.600000000000000000e+01 1.010000000000000000e+02 7.000000000000000000e+00 0.000000000000000000e+00 1.600000000000000089e+00 -6.719999999999999628e-04 3.945999999999999855e-03 9.999919999999999920e-01 8.893119999999999914e-01 4.572999999999999843e-01 -1.206999999999999957e-03 -4.573010000000000130e-01 8.893039999999999834e-01 -3.817000000000000080e-03
3.000000000000000000e+00 2.500000000000000000e+01 8.000000000000000000e+00 0.000000000000000000e+00 1.600000000000000089e+00 7.439999999999999782e-04 4.492000000000000333e-03 -9.999900000000000455e-01 4.496580000000000021e-01 8.931900000000000395e-01 4.347000000000000169e-03 8.931999999999999940e-01 -4.496569999999999734e-01 -1.356000000000000000e-03
8.000000000000000000e+00 2.500000000000000000e+01 8.000000000000000000e+00 0.000000000000000000e+00 1.600000000000000089e+00 2.762999999999999831e-03 1.134000000000000025e-03 -9.999959999999999960e-01 4.499750000000000139e-01 8.930379999999999985e-01 2.256000000000000193e-03 8.930369999999999697e-01 -4.499790000000000179e-01 1.956999999999999972e-03
1.400000000000000000e+01 2.500000000000000000e+01 8.000000000000000000e+00 0.000000000000000000e+00 1.600000000000000089e+00 -4.499999999999999877e-04 5.671999999999999958e-03 -9.999839999999999840e-01 4.445569999999999800e-01 8.957370000000000054e-01 4.880999999999999922e-03 8.957500000000000462e-01 -4.445479999999999987e-01 -2.923999999999999950e-03
2.100000000000000000e+01 2.500000000000000000e+01 8.000000000000000000e+00 0.000000000000000000e+00 1.600000000000000089e+00 1.049999999999999935e-03 -1.819000000000000087e-03 -9.999980000000000535e-01 4.449250000000000149e-01 8.955670000000000019e-01 -1.162000000000000055e-03 8.955670000000000019e-01 -4.449230000000000129e-01 1.750000000000000036e-03
2.300000000000000000e+01 2.500000000000000000e+01 8.000000000000000000e+00 0.000000000000000000e+00 1.600000000000000089e+00 3.530000000000000152e-04 1.999999999999999909e-06 -1.000000000000000000e+00 4.451109999999999789e-01 8.954750000000000210e-01 1.589999999999999888e-04 8.954750000000000210e-01 -4.451109999999999789e-01 3.159999999999999832e-04
3.000000000000000000e+00 2.400000000000000000e+01 9.000000000000000000e+00 0.000000000000000000e+00 1.600000000000000089e+00 7.550000000000000287e-04 3.680000000000000111e-03 -9.999930000000000208e-01 4.544920000000000071e-01 8.907439999999999802e-01 3.621000000000000087e-03 8.907509999999999595e-01 -4.544909999999999783e-01 -1.000000000000000021e-03
6.000000000000000000e+00 2.400000000000000000e+01 9.000000000000000000e+00 0.000000000000000000e+00 1.600000000000000089e+00 1.224000000000000045e-03 2.284000000000000006e-03 -9.999970000000000248e-01 4.552950000000000053e-01 8.903370000000000450e-01 2.590999999999999987e-03 8.903400000000000203e-01 -4.552970000000000073e-01 4.899999999999999842e-05
9.000000000000000000e+00 2.400000000000000000e+01 9.000000000000000000e+00 0.000000000000000000e+00 1.600000000000000089e+00 2.736000000000000151e-03 4.960000000000000216e-04 -9.999959999999999960e-01 4.550150000000000028e-01 8.904819999999999958e-01 1.686999999999999915e-03 8.904790000000000205e-01 -4.550179999999999780e-01 2.210999999999999858e-03
1.500000000000000000e+01 2.400000000000000000e+01 9.000000000000000000e+00 0.000000000000000000e+00 1.600000000000000089e+00 -1.129999999999999955e-04 6.821999999999999939e-03 -9.999770000000000048e-01 4.498360000000000136e-01 8.930909999999999682e-01 6.041999999999999628e-03 8.931109999999999882e-01 -4.498249999999999749e-01 -3.170000000000000075e-03
2.000000000000000000e+01 2.400000000000000000e+01 9.000000000000000000e+00 0.000000000000000000e+00 1.600000000000000089e+00 9.110000000000000259e-04 -3.272000000000000169e-03 -9.999940000000000495e-01 4.509560000000000235e-01 8.925429999999999753e-01 -2.508999999999999946e-03 8.925459999999999505e-01 -4.509509999999999907e-01 2.288000000000000103e-03
2.400000000000000000e+01 2.400000000000000000e+01 9.000000000000000000e+00 0.000000000000000000e+00 1.600000000000000089e+00 -1.179999999999999951e-04 7.479999999999999670e-04 -1.000000000000000000e+00 4.511299999999999755e-01 8.924579999999999735e-01 6.139999999999999625e-04 8.924579999999999735e-01 -4.511299999999999755e-01 -4.429999999999999802e-04
1.700000000000000000e+01 3.100000000000000000e+01 1.200000000000000000e+01 0.000000000000000000e+00 1.600000000000000089e+00 2.347000000000000128e-03 -3.199000000000000021e-03 9.999919999999999920e-01 -5.801999999999999866e-03 9.999780000000000335e-01 3.212000000000000011e-03 -9.999799999999999800e-01 -5.808999999999999928e-03 2.328999999999999907e-03
2.700000000000000000e+01 3.100000000000000000e+01 1.200000000000000000e+01 0.000000000000000000e+00 1.600000000000000089e+00 -7.349999999999999763e-04 -1.294999999999999927e-03 9.999989999999999712e-01 2.469999999999999865e-04 9.999989999999999712e-01 1.294999999999999927e-03 -1.000000000000000000e+00 2.480000000000000108e-04 -7.349999999999999763e-04
3.000000000000000000e+00 3.500000000000000000e+01 1.200000000000000000e+01 0.000000000000000000e+00 1.600000000000000089e+00 7.400000000000000328e-03 -4.653000000000000018e-03 -9.999620000000000175e-01 4.911220000000000030e-01 -8.710569999999999702e-01 7.688000000000000389e-03 -8.710590000000000277e-01 -4.911599999999999855e-01 -4.160999999999999768e-03
8.000000000000000000e+00 3.500000000000000000e+01 1.200000000000000000e+01 0.000000000000000000e+00 1.600000000000000089e+00 6.660000000000000338e-04 -1.720000000000000066e-04 -1.000000000000000000e+00 5.104210000000000136e-01 -8.599240000000000217e-01 4.879999999999999898e-04 -8.599240000000000217e-01 -5.104210000000000136e-01 -4.850000000000000253e-04
1.200000000000000000e+01 3.500000000000000000e+01 1.200000000000000000e+01 0.000000000000000000e+00 1.600000000000000089e+00 -1.851999999999999914e-03 -3.699999999999999947e-04 -9.999980000000000535e-01 5.262790000000000523e-01 -8.503119999999999568e-01 -6.599999999999999964e-04 -8.503100000000000103e-01 -5.262799999999999701e-01 1.768999999999999956e-03
1.900000000000000000e+01 3.500000000000000000e+01 1.200000000000000000e+01 0.000000000000000000e+00 1.600000000000000089e+00 2.272999999999999847e-03 6.405000000000000103e-03 -9.999770000000000048e-01 5.385590000000000099e-01 -8.425780000000000491e-01 -4.172999999999999626e-03 -8.425850000000000284e-01 -5.385370000000000434e-01 -5.364999999999999977e-03
2.200000000000000000e+01 3.500000000000000000e+01 1.200000000000000000e+01 0.000000000000000000e+00 1.600000000000000089e+00 7.439999999999999782e-04 4.715999999999999706e-03 -9.999890000000000168e-01 5.482970000000000343e-01 -8.362760000000000193e-01 -3.536000000000000081e-03 -8.362829999999999986e-01 -5.482879999999999976e-01 -3.207999999999999914e-03
2.600000000000000000e+01 3.500000000000000000e+01 1.200000000000000000e+01 0.000000000000000000e+00 1.600000000000000089e+00 -4.344999999999999904e-03 4.440999999999999635e-03 -9.999810000000000088e-01 5.551869999999999861e-01 -8.317029999999999701e-01 -6.106000000000000316e-03 -8.317139999999999533e-01 -5.552030000000000021e-01 1.147999999999999932e-03
2.200000000000000000e+01 3.200000000000000000e+01 1.400000000000000000e+01 0.000000000000000000e+00 1.600000000000000089e+00 -1.286000000000000034e-03 2.448999999999999788e-03 -9.999959999999999960e-01 9.983200000000000407e-02 9.950020000000000531e-01 2.308999999999999855e-03 9.950029999999999708e-01 -9.982900000000000107e-02 -1.523999999999999964e-03
2.900000000000000000e+01 3.200000000000000000e+01 1.400000000000000000e+01 0.000000000000000000e+00 1.600000000000000089e+00 3.343000000000000051e-03 -8.159999999999999936e-04 -9.999940000000000495e-01 1.032740000000000047e-01 9.946530000000000094e-01 -4.659999999999999971e-04 9.946469999999999478e-01 -1.032720000000000027e-01 3.409000000000000138e-03
7.000000000000000000e+00 1.200000000000000000e+01 1.500000000000000000e+01 0.000000000000000000e+00 1.600000000000000089e+00 3.449999999999999833e-04 -4.715999999999999706e-03 -9.999890000000000168e-01 -4.678550000000000209e-01 -8.837960000000000260e-01 4.006000000000000012e-03 -8.838049999999999518e-01 4.678479999999999861e-01 -2.511000000000000211e-03
1.200000000000000000e+01 1.200000000000000000e+01 1.500000000000000000e+01 0.000000000000000000e+00 1.600000000000000089e+00 -9.070000000000000371e-04 -2.779999999999999919e-03 -9.999959999999999960e-01 -4.666609999999999925e-01 -8.844309999999999672e-01 2.882000000000000013e-03 -8.844359999999999999e-01 4.666620000000000212e-01 -4.949999999999999973e-04
1.800000000000000000e+01 1.200000000000000000e+01 1.500000000000000000e+01 0.000000000000000000e+00 1.600000000000000089e+00 1.304000000000000038e-03 -1.685999999999999999e-03 -9.999980000000000535e-01 -4.669499999999999762e-01 -8.842839999999999590e-01 8.819999999999999715e-04 -8.842830000000000412e-01 4.669470000000000010e-01 -1.941000000000000017e-03
2.700000000000000000e+01 1.200000000000000000e+01 1.500000000000000000e+01 0.000000000000000000e+00 1.600000000000000089e+00 -7.499999999999999343e-05 -8.222000000000000142e-03 -9.999660000000000215e-01 -4.722669999999999924e-01 -8.814260000000000428e-01 7.283000000000000411e-03 -8.814560000000000173e-01 4.722509999999999764e-01 -3.817000000000000080e-03
1.200000000000000000e+01 1.100000000000000000e+01 1.600000000000000000e+01 0.000000000000000000e+00 1.600000000000000089e+00 -4.220000000000000118e-04 -3.487000000000000082e-03 -9.999940000000000495e-01 -4.082799999999999763e-01 -9.128500000000000503e-01 3.356000000000000042e-03 -9.128570000000000295e-01 4.082790000000000030e-01 -1.038000000000000077e-03
1.600000000000000000e+01 1.100000000000000000e+01 1.600000000000000000e+01 0.000000000000000000e+00 1.600000000000000089e+00 1.201000000000000028e-03 -4.794999999999999783e-03 -9.999879999999999880e-01 -4.086759999999999837e-01 -9.126710000000000100e-01 3.884999999999999998e-03 -9.126790000000000180e-01 4.086659999999999737e-01 -3.056000000000000123e-03
2.200000000000000000e+01 1.100000000000000000e+01 1.600000000000000000e+01 0.000000000000000000e+00 1.600000000000000089e+00 1.701000000000000038e-03 2.997000000000000098e-03 -9.999940000000000495e-01 -4.125130000000000186e-01 -9.109450000000000047e-01 -3.432000000000000155e-03 -9.109500000000000375e-01 4.125170000000000226e-01 -3.130000000000000187e-04
2.800000000000000000e+01 1.100000000000000000e+01 1.600000000000000000e+01 0.000000000000000000e+00 1.600000000000000089e+00 3.009999999999999980e-04 -8.137999999999999401e-03 -9.999670000000000503e-01 -4.141299999999999981e-01 -9.101879999999999971e-01 7.283000000000000411e-03 -9.102179999999999715e-01 4.141139999999999821e-01 -3.644000000000000104e-03
1.200000000000000000e+01 1.160000000000000000e+02 1.600000000000000000e+01 0.000000000000000000e+00 1.600000000000000089e+00 -2.820000000000000241e-04 4.939999999999999730e-04 1.000000000000000000e+00 7.600949999999999651e-01 6.498129999999999740e-01 -1.060000000000000016e-04 -6.498119999999999452e-01 7.600940000000000474e-01 -5.590000000000000351e-04
1.600000000000000000e+01 1.160000000000000000e+02 1.600000000000000000e+01 0.000000000000000000e+00 1.600000000000000089e+00 3.029999999999999924e-04 -1.016999999999999892e-03 9.999989999999999712e-01 7.617329999999999934e-01 6.478909999999999947e-01 4.279999999999999950e-04 -6.478909999999999947e-01 7.617319999999999647e-01 9.709999999999999664e-04
4.000000000000000000e+00 2.000000000000000000e+00 1.900000000000000000e+01 0.000000000000000000e+00 1.600000000000000089e+00 5.158000000000000258e-03 1.561199999999999914e-02 -9.998650000000000038e-01 2.544330000000000203e-01 -9.669919999999999627e-01 -1.378599999999999964e-02 -9.670769999999999644e-01 -2.543270000000000253e-01 -8.959999999999999215e-03
1.200000000000000000e+01 2.000000000000000000e+00 1.900000000000000000e+01 0.000000000000000000e+00 1.600000000000000089e+00 -6.415999999999999828e-03 -2.566799999999999984e-02 -9.996500000000000385e-01 2.713169999999999749e-01 -9.622159999999999602e-01 2.296600000000000030e-02 -9.624690000000000190e-01 -2.710739999999999816e-01 1.313800000000000037e-02
2.000000000000000000e+01 2.000000000000000000e+00 1.900000000000000000e+01 0.000000000000000000e+00 1.600000000000000089e+00 7.759000000000000272e-03 -2.960799999999999890e-02 -9.995319999999999760e-01 2.609460000000000113e-01 -9.648679999999999479e-01 3.060699999999999879e-02 -9.653220000000000134e-01 -2.610609999999999875e-01 2.390000000000000089e-04
2.300000000000000000e+01 2.000000000000000000e+00 1.900000000000000000e+01 0.000000000000000000e+00 1.600000000000000089e+00 1.368399999999999998e-02 -1.987099999999999977e-02 -9.997089999999999588e-01 2.544660000000000255e-01 -9.668149999999999800e-01 2.270000000000000143e-02 -9.669849999999999834e-01 -2.547019999999999840e-01 -8.172999999999999710e-03
2.700000000000000000e+01 2.000000000000000000e+00 1.900000000000000000e+01 0.000000000000000000e+00 1.600000000000000089e+00 1.463899999999999924e-02 3.565000000000000027e-03 -9.998860000000000525e-01 2.452209999999999945e-01 -9.694669999999999677e-01 1.330000000000000073e-04 -9.693570000000000242e-01 -2.451949999999999963e-01 -1.506599999999999953e-02
2.800000000000000000e+01 3.000000000000000000e+00 1.900000000000000000e+01 0.000000000000000000e+00 1.600000000000000089e+00 1.590899999999999953e-02 7.544999999999999624e-03 -9.998449999999999838e-01 2.600390000000000201e-01 -9.655930000000000346e-01 -3.148999999999999889e-03 -9.654669999999999641e-01 -2.599489999999999856e-01 -1.732399999999999912e-02
2.700000000000000000e+01 4.000000000000000000e+00 2.000000000000000000e+01 0.000000000000000000e+00 1.600000000000000089e+00 8.958999999999999950e-03 1.046500000000000034e-02 -9.999050000000000438e-01 3.901350000000000096e-01 -9.207370000000000276e-01 -6.140999999999999757e-03 -9.207140000000000324e-01 -3.900429999999999731e-01 -1.233199999999999921e-02
8.000000000000000000e+00 1.300000000000000000e+01 2.000000000000000000e+01 0.000000000000000000e+00 1.600000000000000089e+00 5.689999999999999529e-04 -5.259999999999999919e-04 1.000000000000000000e+00 2.590430000000000232e-01 9.658660000000000023e-01 3.600000000000000227e-04 -9.658660000000000023e-01 2.590430000000000232e-01 6.859999999999999779e-04
1.300000000000000000e+01 1.300000000000000000e+01 2.000000000000000000e+01 0.000000000000000000e+00 1.600000000000000089e+00 7.900000000000000121e-04 1.312999999999999931e-03 9.999989999999999712e-01 2.597249999999999837e-01 9.656820000000000404e-01 -1.472999999999999917e-03 -9.656820000000000404e-01 2.597260000000000124e-01 4.220000000000000118e-04
1.900000000000000000e+01 1.300000000000000000e+01 2.000000000000000000e+01 0.000000000000000000e+00 1.600000000000000089e+00 -6.800000000000000488e-04 -2.021999999999999926e-03 9.999980000000000535e-01 2.591840000000000255e-01 9.658259999999999623e-01 2.128999999999999816e-03 -9.658280000000000198e-01 2.591849999999999987e-01 -1.320000000000000101e-04
2.300000000000000000e+01 1.300000000000000000e+01 2.000000000000000000e+01 0.000000000000000000e+00 1.600000000000000089e+00 2.990000000000000036e-04 -2.121000000000000055e-03 9.999980000000000535e-01 2.608969999999999900e-01 9.653650000000000286e-01 1.968999999999999830e-03 -9.653669999999999751e-01 2.608960000000000168e-01 8.419999999999999750e-04
2.900000000000000000e+01 1.300000000000000000e+01 2.000000000000000000e+01 0.000000000000000000e+00 1.600000000000000089e+00 2.504000000000000149e-03 6.530000000000000431e-04 9.999970000000000248e-01 2.593880000000000075e-01 9.657719999999999638e-01 -1.280000000000000105e-03 -9.657700000000000173e-01 2.593900000000000095e-01 2.249000000000000131e-03
2.600000000000000000e+01 5.000000000000000000e+01 2.200000000000000000e+01 0.000000000000000000e+00 1.600000000000000089e+00 4.405000000000000061e-03 4.108999999999999805e-03 -9.999820000000000375e-01 -5.780720000000000303e-01 8.159849999999999604e-01 8.069999999999999916e-04 8.159739999999999771e-01 5.780579999999999607e-01 5.969999999999999613e-03
7.000000000000000000e+00 3.000000000000000000e+00 2.500000000000000000e+01 0.000000000000000000e+00 1.600000000000000089e+00 -1.710000000000000094e-04 6.614000000000000087e-03 9.999780000000000335e-01 -3.329399999999999721e-02 -9.994239999999999791e-01 6.603999999999999627e-03 9.994459999999999456e-01 -3.329200000000000215e-02 3.919999999999999873e-04
1.700000000000000000e+01 3.000000000000000000e+00 2.500000000000000000e+01 0.000000000000000000e+00 1.600000000000000089e+00 -9.060000000000000128e-04 -4.937999999999999681e-03 9.999869999999999592e-01 -4.791299999999999726e-02 -9.988390000000000324e-01 -4.976000000000000388e-03 9.988510000000000444e-01 -4.791700000000000126e-02 6.689999999999999983e-04
2.300000000000000000e+01 3.000000000000000000e+00 2.500000000000000000e+01 0.000000000000000000e+00 1.600000000000000089e+00 5.929999999999999941e-04 -1.690000000000000096e-03 9.999980000000000535e-01 -3.358599999999999780e-02 -9.994340000000000446e-01 -1.670000000000000043e-03 9.994359999999999911e-01 -3.358499999999999680e-02 -6.499999999999999702e-04
2.500000000000000000e+01 3.000000000000000000e+00 2.500000000000000000e+01 0.000000000000000000e+00 1.600000000000000089e+00 1.637000000000000000e-03 -1.099999999999999971e-05 9.999989999999999712e-01 -3.096099999999999894e-02 -9.995209999999999928e-01 4.000000000000000327e-05 9.995190000000000463e-01 -3.096099999999999894e-02 -1.636000000000000084e-03
1.100000000000000000e+01 4.600000000000000000e+01 3.000000000000000000e+01 0.000000000000000000e+00 1.600000000000000089e+00 -9.349999999999999587e-04 -1.054999999999999948e-03 -9.999989999999999712e-01 3.285179999999999767e-01 9.444970000000000310e-01 -1.302999999999999905e-03 9.444970000000000310e-01 -3.285190000000000055e-01 -5.360000000000000181e-04
1.700000000000000000e+01 4.600000000000000000e+01 3.000000000000000000e+01 0.000000000000000000e+00 1.600000000000000089e+00 2.171000000000000187e-03 1.355000000000000085e-03 -9.999970000000000248e-01 3.303780000000000050e-01 9.438469999999999915e-01 1.997000000000000077e-03 9.438459999999999628e-01 -3.303809999999999802e-01 1.601999999999999908e-03
4.000000000000000000e+00 5.800000000000000000e+01 3.100000000000000000e+01 0.000000000000000000e+00 1.600000000000000089e+00 9.730000000000000151e-04 5.564999999999999634e-03 9.999839999999999840e-01 -7.687340000000000284e-01 -6.395539999999999559e-01 4.307000000000000065e-03 6.395680000000000254e-01 -7.687260000000000204e-01 3.655999999999999962e-03
1.200000000000000000e+01 5.800000000000000000e+01 3.100000000000000000e+01 0.000000000000000000e+00 1.600000000000000089e+00 -1.536999999999999955e-03 -3.278999999999999797e-03 9.999930000000000208e-01 -7.669399999999999551e-01 -6.417100000000000026e-01 -3.282999999999999894e-03 6.417169999999999819e-01 -7.669399999999999551e-01 -1.528000000000000061e-03
1.600000000000000000e+01 5.800000000000000000e+01 3.100000000000000000e+01 0.000000000000000000e+00 1.600000000000000089e+00 -1.613999999999999983e-03 -3.883999999999999866e-03 9.999909999999999632e-01 -7.688880000000000159e-01 -6.393729999999999691e-01 -3.723999999999999880e-03 6.393820000000000059e-01 -7.688869999999999871e-01 -1.955000000000000140e-03
1.800000000000000000e+01 5.800000000000000000e+01 3.100000000000000000e+01 0.000000000000000000e+00 1.600000000000000089e+00 -1.235999999999999903e-03 -3.808000000000000187e-03 9.999919999999999920e-01 -7.693630000000000191e-01 -6.388030000000000097e-01 -3.383000000000000156e-03 6.388110000000000177e-01 -7.693609999999999616e-01 -2.139999999999999975e-03
2.600000000000000000e+01 5.800000000000000000e+01 3.100000000000000000e+01 0.000000000000000000e+00 1.600000000000000089e+00 1.647000000000000026e-03 -1.160999999999999923e-03 9.999980000000000535e-01 -7.734959999999999614e-01 -6.338009999999999478e-01 5.379999999999999583e-04 6.337990000000000013e-01 -7.734950000000000436e-01 -1.941999999999999933e-03
4.000000000000000000e+00 4.600000000000000000e+01 3.500000000000000000e+01 0.000000000000000000e+00 1.600000000000000089e+00 1.994000000000000113e-03 -1.356000000000000000e-03 -9.999970000000000248e-01 3.926490000000000258e-01 -9.196860000000000035e-01 2.030999999999999819e-03 -9.196860000000000035e-01 -3.926520000000000010e-01 -1.301999999999999989e-03
1.200000000000000000e+01 4.600000000000000000e+01 3.500000000000000000e+01 0.000000000000000000e+00 1.600000000000000089e+00 3.750000000000000078e-04 -1.041999999999999958e-03 -9.999989999999999712e-01 3.926950000000000163e-01 -9.196680000000000410e-01 1.105999999999999995e-03 -9.196689999999999587e-01 -3.926950000000000163e-01 6.499999999999999431e-05
1.600000000000000000e+01 4.600000000000000000e+01 3.500000000000000000e+01 0.000000000000000000e+00 1.600000000000000089e+00 -1.659999999999999963e-04 -1.041000000000000042e-03 -9.999989999999999712e-01 3.912479999999999847e-01 -9.202850000000000197e-01 8.930000000000000221e-04 -9.202850000000000197e-01 -3.912479999999999847e-01 5.599999999999999509e-04
2.300000000000000000e+01 4.600000000000000000e+01 3.500000000000000000e+01 0.000000000000000000e+00 1.600000000000000089e+00 -4.029999999999999837e-04 -2.396999999999999825e-03 -9.999970000000000248e-01 3.903030000000000110e-01 -9.206839999999999469e-01 2.049000000000000040e-03 -9.206860000000000044e-01 -3.903010000000000090e-01 1.307000000000000002e-03
2.900000000000000000e+01 4.600000000000000000e+01 3.500000000000000000e+01 0.000000000000000000e+00 1.600000000000000089e+00 -9.560000000000000355e-04 -6.199999999999999999e-04 -9.999989999999999712e-01 3.899759999999999893e-01 -9.208250000000000046e-01 1.979999999999999881e-04 -9.208250000000000046e-01 -3.899750000000000161e-01 1.121999999999999950e-03
2.000000000000000000e+00 3.000000000000000000e+00 4.300000000000000000e+01 0.000000000000000000e+00 1.600000000000000089e+00 -1.820999999999999919e-03 -3.579500000000000043e-02 -9.993570000000000508e-01 7.463370000000000282e-01 -6.651890000000000303e-01 2.246599999999999986e-02 -6.655659999999999910e-01 -7.458160000000000345e-01 2.792599999999999943e-02
4.000000000000000000e+00 3.000000000000000000e+00 4.300000000000000000e+01 0.000000000000000000e+00 1.600000000000000089e+00 -4.812999999999999570e-03 -2.835199999999999873e-02 -9.995859999999999745e-01 7.487110000000000154e-01 -6.627229999999999510e-01 1.519200000000000064e-02 -6.628800000000000248e-01 -7.483279999999999932e-01 2.441700000000000120e-02
1.100000000000000000e+01 3.000000000000000000e+00 4.300000000000000000e+01 0.000000000000000000e+00 1.600000000000000089e+00 -9.990000000000001049e-04 2.320099999999999940e-02 -9.997300000000000075e-01 7.539280000000000426e-01 -6.567619999999999569e-01 -1.599599999999999980e-02 -6.569559999999999844e-01 -7.537409999999999943e-01 -1.683600000000000027e-02
1.800000000000000000e+01 3.000000000000000000e+00 4.300000000000000000e+01 0.000000000000000000e+00 1.600000000000000089e+00 -4.840000000000000010e-04 6.575000000000000115e-03 -9.999780000000000335e-01 7.408869999999999623e-01 -6.716119999999999868e-01 -4.774999999999999731e-03 -6.716290000000000315e-01 -7.408740000000000325e-01 -4.545999999999999694e-03
4.000000000000000000e+00 8.000000000000000000e+00 4.400000000000000000e+01 0.000000000000000000e+00 1.600000000000000089e+00 -5.746000000000000239e-03 -1.070100000000000044e-02 9.999259999999999815e-01 -7.825039999999999774e-01 -6.225460000000000438e-01 -1.115900000000000052e-02 6.226190000000000335e-01 -7.825100000000000389e-01 -4.797000000000000049e-03
1.100000000000000000e+01 8.000000000000000000e+00 4.400000000000000000e+01 0.000000000000000000e+00 1.600000000000000089e+00 2.344999999999999862e-03 5.292999999999999962e-03 9.999829999999999552e-01 -7.894039999999999946e-01 -6.138529999999999820e-01 5.100000000000000366e-03 6.138700000000000268e-01 -7.894029999999999658e-01 2.737999999999999982e-03
1.500000000000000000e+01 8.000000000000000000e+00 4.400000000000000000e+01 0.000000000000000000e+00 1.600000000000000089e+00 3.896000000000000157e-03 5.126999999999999613e-03 9.999789999999999512e-01 -7.897830000000000128e-01 -6.133539999999999548e-01 6.222000000000000100e-03 6.133739999999999748e-01 -7.897910000000000208e-01 1.660000000000000017e-03
1.900000000000000000e+01 8.000000000000000000e+00 4.400000000000000000e+01 0.000000000000000000e+00 1.600000000000000089e+00 2.116999999999999958e-03 3.811000000000000151e-03 9.999909999999999632e-01 -7.904290000000000482e-01 -6.125399999999999734e-01 4.008000000000000278e-03 6.125500000000000389e-01 -7.904299999999999660e-01 1.716000000000000077e-03
5.000000000000000000e+00 2.900000000000000000e+01 4.400000000000000000e+01 0.000000000000000000e+00 1.600000000000000089e+00 1.325000000000000006e-03 -7.770000000000000214e-04 -9.999989999999999712e-01 6.508180000000000076e-01 7.592330000000000467e-01 2.719999999999999979e-04 7.592320000000000180e-01 -6.508180000000000076e-01 1.512000000000000106e-03
1.400000000000000000e+01 2.900000000000000000e+01 4.400000000000000000e+01 0.000000000000000000e+00 1.600000000000000089e+00 8.549999999999999658e-04 5.580000000000000107e-04 -1.000000000000000000e+00 6.568950000000000067e-01 7.539810000000000123e-01 9.820000000000000170e-04 7.539820000000000411e-01 -6.568960000000000354e-01 2.779999999999999811e-04
1.800000000000000000e+01 2.900000000000000000e+01 4.400000000000000000e+01 0.000000000000000000e+00 1.600000000000000089e+00 4.600000000000000004e-05 -9.129999999999999661e-04 -1.000000000000000000e+00 6.562170000000000503e-01 7.545720000000000205e-01 -6.589999999999999721e-04 7.545720000000000205e-01 -6.562170000000000503e-01 6.340000000000000149e-04
2.100000000000000000e+01 2.900000000000000000e+01 4.400000000000000000e+01 0.000000000000000000e+00 1.600000000000000089e+00 -1.101999999999999898e-03 -2.052000000000000005e-03 -9.999970000000000248e-01 6.550249999999999684e-01 7.556040000000000534e-01 -2.272999999999999847e-03 7.556070000000000286e-01 -6.550249999999999684e-01 5.119999999999999768e-04
2.700000000000000000e+01 2.900000000000000000e+01 4.400000000000000000e+01 0.000000000000000000e+00 1.600000000000000089e+00 2.494999999999999822e-03 1.820000000000000003e-03 -9.999949999999999672e-01 6.511479999999999491e-01 7.589449999999999807e-01 3.004999999999999859e-03 7.589470000000000383e-01 -6.511519999999999531e-01 7.079999999999999705e-04
2.400000000000000000e+01 6.500000000000000000e+01 4.600000000000000000e+01 0.000000000000000000e+00 1.600000000000000089e+00 3.219000000000000073e-03 -1.730999999999999900e-03 9.999930000000000208e-01 6.810220000000000162e-01 -7.322549999999999892e-01 -3.458999999999999835e-03 7.322560000000000180e-01 6.810279999999999667e-01 -1.178000000000000011e-03
7.000000000000000000e+00 7.000000000000000000e+01 4.700000000000000000e+01 0.000000000000000000e+00 1.600000000000000089e+00 1.832000000000000078e-03 -5.923000000000000313e-03 -9.999810000000000088e-01 -8.427489999999999704e-01 -5.383040000000000047e-01 1.644000000000000062e-03 -5.383040000000000047e-01 8.427299999999999791e-01 -5.977999999999999807e-03
2.000000000000000000e+00 5.000000000000000000e+00 5.100000000000000000e+01 0.000000000000000000e+00 1.600000000000000089e+00 -3.758000000000000056e-03 -1.930499999999999924e-02 -9.998070000000000013e-01 4.782069999999999932e-01 -8.781160000000000077e-01 1.515799999999999960e-02 -8.782389999999999919e-01 -4.780579999999999830e-01 1.253100000000000047e-02
8.000000000000000000e+00 5.000000000000000000e+00 5.100000000000000000e+01 0.000000000000000000e+00 1.600000000000000089e+00 1.925999999999999978e-03 5.086000000000000243e-03 -9.999850000000000128e-01 4.727870000000000128e-01 -8.811689999999999801e-01 -3.570999999999999956e-03 -8.811740000000000128e-01 -4.727740000000000276e-01 -4.101999999999999744e-03
1.900000000000000000e+01 5.000000000000000000e+00 5.100000000000000000e+01 0.000000000000000000e+00 1.600000000000000089e+00 6.710000000000000469e-04 8.592999999999999944e-03 -9.999630000000000463e-01 4.668459999999999832e-01 -8.843090000000000117e-01 -7.285999999999999942e-03 -8.843379999999999574e-01 -4.668240000000000167e-01 -4.604999999999999719e-03
2.600000000000000000e+01 6.000000000000000000e+00 5.100000000000000000e+01 0.000000000000000000e+00 1.600000000000000089e+00 -2.899000000000000101e-03 9.511999999999999622e-03 -9.999510000000000343e-01 2.867379999999999929e-01 -9.579569999999999474e-01 -9.943999999999999714e-03 -9.580049999999999955e-01 -2.867529999999999801e-01 4.899999999999999842e-05
1.000000000000000000e+01 1.150000000000000000e+02 5.100000000000000000e+01 0.000000000000000000e+00 1.600000000000000089e+00 6.560000000000000076e-04 2.320000000000000014e-04 1.000000000000000000e+00 8.484099999999999975e-01 -5.293400000000000327e-01 -4.339999999999999782e-04 5.293390000000000040e-01 8.484099999999999975e-01 -5.450000000000000200e-04
2.600000000000000000e+01 7.000000000000000000e+00 5.200000000000000000e+01 0.000000000000000000e+00 1.600000000000000089e+00 -1.335000000000000032e-03 7.799000000000000377e-03 -9.999689999999999968e-01 3.792899999999999744e-02 -9.992499999999999716e-01 -7.844000000000000278e-03 -9.992790000000000283e-01 -3.793900000000000050e-02 1.038000000000000077e-03
3.000000000000000000e+00 6.300000000000000000e+01 5.400000000000000000e+01 0.000000000000000000e+00 1.600000000000000089e+00 1.701000000000000038e-03 -1.043000000000000090e-03 9.999980000000000535e-01 -3.375009999999999954e-01 9.413240000000000496e-01 1.556000000000000091e-03 -9.413230000000000208e-01 -3.375029999999999974e-01 1.248999999999999893e-03
8.000000000000000000e+00 6.300000000000000000e+01 5.400000000000000000e+01 0.000000000000000000e+00 1.600000000000000089e+00 1.701000000000000038e-03 -9.060000000000000128e-04 9.999980000000000535e-01 -3.400469999999999882e-01 9.404069999999999929e-01 1.430999999999999980e-03 -9.404069999999999929e-01 -3.400489999999999902e-01 1.291000000000000047e-03
1.300000000000000000e+01 6.300000000000000000e+01 5.400000000000000000e+01 0.000000000000000000e+00 1.600000000000000089e+00 1.776000000000000018e-03 1.044999999999999922e-03 9.999980000000000535e-01 -3.463109999999999800e-01 9.381199999999999539e-01 -3.660000000000000059e-04 -9.381180000000000074e-01 -3.463089999999999780e-01 2.027999999999999855e-03
2.200000000000000000e+01 6.300000000000000000e+01 5.400000000000000000e+01 0.000000000000000000e+00 1.600000000000000089e+00 -8.880000000000000089e-04 -5.410000000000000312e-04 9.999989999999999712e-01 -3.469920000000000226e-01 9.378680000000000350e-01 1.990000000000000124e-04 -9.378680000000000350e-01 -3.469909999999999939e-01 -1.020999999999999989e-03
2.700000000000000000e+01 6.300000000000000000e+01 5.400000000000000000e+01 0.000000000000000000e+00 1.600000000000000089e+00 1.230000000000000082e-04 2.528999999999999998e-03 9.999970000000000248e-01 -3.502660000000000218e-01 9.366470000000000073e-01 -2.325999999999999943e-03 -9.366499999999999826e-01 -3.502640000000000198e-01 1.000999999999999937e-03
3.000000000000000000e+01 6.300000000000000000e+01 5.400000000000000000e+01 0.000000000000000000e+00 1.600000000000000089e+00 7.209999999999999612e-04 6.949000000000000316e-03 9.999759999999999760e-01 -3.530840000000000090e-01 9.355710000000000415e-01 -6.245999999999999816e-03 -9.355909999999999505e-01 -3.530710000000000237e-01 3.128000000000000138e-03
1.000000000000000000e+00 2.500000000000000000e+01 5.500000000000000000e+01 0.000000000000000000e+00 1.600000000000000089e+00 -5.810000000000000277e-04 -6.369999999999999794e-04 -1.000000000000000000e+00 -1.322500000000000064e-02 -9.999120000000000230e-01 6.449999999999999570e-04 -9.999120000000000230e-01 1.322500000000000064e-02 5.730000000000000501e-04
7.000000000000000000e+00 2.500000000000000000e+01 5.500000000000000000e+01 0.000000000000000000e+00 1.600000000000000089e+00 9.539999999999999869e-04 4.395999999999999734e-03 -9.999900000000000455e-01 -9.991999999999999146e-03 -9.999400000000000510e-01 -4.405000000000000061e-03 -9.999500000000000055e-01 9.995999999999999677e-03 -9.100000000000000016e-04
2.600000000000000000e+01 2.500000000000000000e+01 5.500000000000000000e+01 0.000000000000000000e+00 1.600000000000000089e+00 1.660000000000000017e-03 4.865000000000000401e-03 -9.999869999999999592e-01 -1.922000000000000097e-02 -9.998029999999999973e-01 -4.896000000000000178e-03 -9.998139999999999805e-01 1.922799999999999856e-02 -1.565999999999999901e-03
5.000000000000000000e+00 2.100000000000000000e+01 6.000000000000000000e+01 0.000000000000000000e+00 1.600000000000000089e+00 3.300000000000000253e-05 -2.321999999999999845e-03 9.999970000000000248e-01 -9.502800000000000136e-02 9.954720000000000235e-01 2.314999999999999784e-03 -9.954749999999999988e-01 -9.502800000000000136e-02 -1.879999999999999890e-04
9.000000000000000000e+00 2.100000000000000000e+01 6.000000000000000000e+01 0.000000000000000000e+00 1.600000000000000089e+00 -7.730000000000000326e-04 -5.779999999999999548e-04 1.000000000000000000e+00 -9.469500000000000139e-02 9.955060000000000020e-01 5.019999999999999506e-04 -9.955060000000000020e-01 -9.469400000000000039e-02 -8.239999999999999712e-04
1.200000000000000000e+01 2.100000000000000000e+01 6.000000000000000000e+01 0.000000000000000000e+00 1.600000000000000089e+00 -1.739000000000000094e-03 -3.642999999999999971e-03 9.999919999999999920e-01 -9.550200000000000355e-02 9.954229999999999468e-01 3.459999999999999968e-03 -9.954279999999999795e-01 -9.549499999999999655e-02 -2.079000000000000119e-03
1.600000000000000000e+01 2.100000000000000000e+01 6.000000000000000000e+01 0.000000000000000000e+00 1.600000000000000089e+00 -3.420000000000000188e-04 2.150000000000000001e-03 9.999980000000000535e-01 -9.551900000000000668e-02 9.954250000000000043e-01 -2.173000000000000018e-03 -9.954279999999999795e-01 -9.551900000000000668e-02 -1.350000000000000017e-04
1.800000000000000000e+01 2.100000000000000000e+01 6.000000000000000000e+01 0.000000000000000000e+00 1.600000000000000089e+00 7.919999999999999523e-04 5.047000000000000271e-03 9.999869999999999592e-01 -9.461799999999999378e-02 9.955009999999999692e-01 -4.949000000000000274e-03 -9.955129999999999812e-01 -9.461300000000000265e-02 1.265999999999999981e-03
3.000000000000000000e+01 2.100000000000000000e+01 6.000000000000000000e+01 0.000000000000000000e+00 1.600000000000000089e+00 -2.700000000000000035e-04 -4.275000000000000154e-03 9.999909999999999632e-01 -9.430499999999999994e-02 9.955340000000000300e-01 4.230000000000000253e-03 -9.955429999999999557e-01 -9.430299999999999794e-02 -6.719999999999999628e-04
1.000000000000000000e+00 6.700000000000000000e+01 6.000000000000000000e+01 0.000000000000000000e+00 1.600000000000000089e+00 -2.579999999999999828e-04 -4.219999999999999793e-03 9.999909999999999632e-01 1.742340000000000000e-01 -9.846960000000000157e-01 -4.109999999999999938e-03 9.847040000000000237e-01 1.742319999999999980e-01 9.890000000000000787e-04
