1.200000000000000000e+01 2.500000000000000000e+01 1.000000000000000000e+00 0.000000000000000000e+00 1.600000000000000089e+00 7.853000000000000605e-03 2.243900000000000061e-02 -9.997169999999999668e-01 -5.168340000000000156e-01 -8.557690000000000019e-01 -2.326800000000000049e-02 -8.560499999999999776e-01 5.168709999999999694e-01 4.877000000000000259e-03
8.000000000000000000e+00 1.700000000000000000e+01 3.000000000000000000e+00 0.000000000000000000e+00 1.600000000000000089e+00 2.464799999999999977e-02 2.238400000000000112e-02 -9.994459999999999456e-01 -7.069119999999999848e-01 -7.065190000000000081e-01 -3.325700000000000184e-02 -7.068719999999999448e-01 7.073390000000000510e-01 -1.590000000000000050e-03
2.200000000000000000e+01 1.800000000000000000e+01 3.000000000000000000e+00 0.000000000000000000e+00 1.600000000000000089e+00 9.284000000000000585e-03 7.986999999999999308e-03 -9.999249999999999527e-01 -7.769580000000000375e-01 -6.294340000000000490e-01 -1.224199999999999941e-02 -6.294840000000000435e-01 7.770129999999999537e-01 3.609999999999999928e-04
6.000000000000000000e+00 4.200000000000000000e+01 3.000000000000000000e+00 0.000000000000000000e+00 1.600000000000000089e+00 -5.534499999999999975e-01 -5.969109999999999694e-01 5.808529999999999527e-01 -7.211880000000000512e-01 6.923129999999999562e-01 2.428900000000000156e-02 -4.166300000000000003e-01 -4.054610000000000158e-01 -8.136459999999999804e-01
2.600000000000000000e+01 2.100000000000000000e+01 4.000000000000000000e+00 0.000000000000000000e+00 1.600000000000000089e+00 -7.219999999999999855e-04 6.399999999999999710e-05 -1.000000000000000000e+00 -6.562379999999999880e-01 -7.545539999999999470e-01 4.260000000000000006e-04 -7.545539999999999470e-01 6.562379999999999880e-01 5.860000000000000408e-04
3.000000000000000000e+01 2.100000000000000000e+01 4.000000000000000000e+00 0.000000000000000000e+00 1.600000000000000089e+00 -7.089999999999999948e-04 7.197000000000000272e-03 -9.999740000000000295e-01 -6.572149999999999936e-01 -7.536869999999999958e-01 -4.958999999999999866e-03 -7.537030000000000118e-01 6.571949999999999736e-01 5.263999999999999582e-03
2.500000000000000000e+01 1.010000000000000000e+02 7.000000000000000000e+00 0.000000000000000000e+00 1.600000000000000089e+00 6.163000000000000075e-03 2.890200000000000061e-02 9.995629999999999793e-01 8.852060000000000484e-01 4.648160000000000069e-01 -1.889800000000000160e-02 -4.651589999999999892e-01 8.849359999999999449e-01 -2.272000000000000061e-02
4.000000000000000000e+00 2.500000000000000000e+01 8.000000000000000000e+00 0.000000000000000000e+00 1.600000000000000089e+00 2.095000000000000074e-03 3.301000000000000115e-03 -9.999919999999999920e-01 4.387980000000000214e-01 8.985769999999999591e-01 3.884999999999999998e-03 8.985830000000000206e-01 -4.388029999999999986e-01 4.339999999999999782e-04
1.000000000000000000e+01 2.500000000000000000e+01 8.000000000000000000e+00 0.000000000000000000e+00 1.600000000000000089e+00 -1.397999999999999937e-03 4.734999999999999626e-03 -9.999879999999999880e-01 4.381349999999999967e-01 8.989019999999999788e-01 3.644000000000000104e-03 8.989080000000000403e-01 -4.381240000000000134e-01 -3.331000000000000193e-03
1.400000000000000000e+01 2.500000000000000000e+01 8.000000000000000000e+00 0.000000000000000000e+00 1.600000000000000089e+00 -5.785000000000000211e-03 1.375099999999999933e-02 -9.998890000000000278e-01 4.390780000000000238e-01 8.983950000000000546e-01 9.815000000000000807e-03 8.984299999999999509e-01 -4.389719999999999733e-01 -1.123500000000000019e-02
1.900000000000000000e+01 2.500000000000000000e+01 8.000000000000000000e+00 0.000000000000000000e+00 1.600000000000000089e+00 3.916000000000000210e-03 -2.024099999999999858e-02 -9.997869999999999813e-01 4.417460000000000275e-01 8.969899999999999540e-01 -1.643000000000000016e-02 8.971320000000000405e-01 -4.415870000000000073e-01 1.245399999999999979e-02
2.300000000000000000e+01 2.500000000000000000e+01 8.000000000000000000e+00 0.000000000000000000e+00 1.600000000000000089e+00 1.598999999999999944e-03 -2.085499999999999854e-02 -9.997810000000000308e-01 4.407070000000000154e-01 8.974699999999999900e-01 -1.801600000000000076e-02 8.976499999999999480e-01 -4.405819999999999736e-01 1.062600000000000003e-02
5.000000000000000000e+00 2.400000000000000000e+01 9.000000000000000000e+00 0.000000000000000000e+00 1.600000000000000089e+00 1.984000000000000086e-03 5.774999999999999752e-03 -9.999810000000000088e-01 4.450410000000000199e-01 8.954900000000000082e-01 6.054000000000000353e-03 8.955079999999999707e-01 -4.450450000000000239e-01 -7.940000000000000009e-04
1.000000000000000000e+01 2.400000000000000000e+01 9.000000000000000000e+00 0.000000000000000000e+00 1.600000000000000089e+00 -7.230000000000000098e-04 3.788000000000000134e-03 -9.999930000000000208e-01 4.452610000000000179e-01 8.953959999999999697e-01 3.069999999999999812e-03 8.954010000000000025e-01 -4.452559999999999851e-01 -2.334000000000000137e-03
1.400000000000000000e+01 2.400000000000000000e+01 9.000000000000000000e+00 0.000000000000000000e+00 1.600000000000000089e+00 -3.338999999999999954e-03 3.595999999999999804e-03 -9.999879999999999880e-01 4.446160000000000112e-01 8.957199999999999607e-01 1.737000000000000046e-03 8.957150000000000389e-01 -4.446049999999999724e-01 -4.590000000000000330e-03
1.800000000000000000e+01 2.400000000000000000e+01 9.000000000000000000e+00 0.000000000000000000e+00 1.600000000000000089e+00 1.195000000000000099e-03 -4.859999999999999737e-03 -9.999869999999999592e-01 4.448799999999999977e-01 8.955819999999999892e-01 -3.821000000000000178e-03 8.955889999999999684e-01 -4.448699999999999877e-01 3.233000000000000197e-03
2.400000000000000000e+01 2.400000000000000000e+01 9.000000000000000000e+00 0.000000000000000000e+00 1.600000000000000089e+00 6.560000000000000076e-04 -1.376299999999999919e-02 -9.999050000000000438e-01 4.458940000000000126e-01 8.950050000000000505e-01 -1.202600000000000023e-02 8.950860000000000483e-01 -4.458440000000000181e-01 6.723999999999999942e-03
3.000000000000000000e+00 8.000000000000000000e+00 1.000000000000000000e+01 0.000000000000000000e+00 1.600000000000000089e+00 5.995799999999999741e-02 8.510999999999999469e-03 -9.981649999999999689e-01 -9.975410000000000110e-01 -3.585300000000000292e-02 -6.022600000000000176e-02 -3.629899999999999793e-02 9.993210000000000148e-01 6.340000000000000149e-03
9.000000000000000000e+00 4.900000000000000000e+01 1.000000000000000000e+01 0.000000000000000000e+00 1.600000000000000089e+00 8.165599999999999525e-01 -2.567539999999999822e-01 5.170179999999999776e-01 -4.229080000000000061e-01 -8.756909999999999972e-01 2.330530000000000102e-01 3.929110000000000102e-01 -4.089530000000000109e-01 -8.236369999999999525e-01
4.000000000000000000e+00 4.000000000000000000e+00 1.100000000000000000e+01 0.000000000000000000e+00 1.600000000000000089e+00 -2.602999999999999845e-03 5.637000000000000344e-02 9.984070000000000444e-01 1.727779999999999871e-01 -9.833690000000000486e-01 5.597099999999999992e-02 9.849569999999999714e-01 1.726489999999999969e-01 -7.178999999999999618e-03
8.000000000000000000e+00 4.000000000000000000e+00 1.100000000000000000e+01 0.000000000000000000e+00 1.600000000000000089e+00 -6.740000000000000114e-04 6.317000000000000393e-02 9.980029999999999735e-01 1.646420000000000106e-01 -9.843760000000000288e-01 6.241900000000000226e-02 9.863530000000000353e-01 1.643550000000000011e-01 -9.737000000000000863e-03
1.300000000000000000e+01 3.200000000000000000e+01 1.300000000000000000e+01 0.000000000000000000e+00 1.600000000000000089e+00 1.803700000000000095e-02 1.129359999999999947e-01 9.934380000000000432e-01 6.099999999999999737e-04 9.935990000000000100e-01 -1.129649999999999960e-01 -9.998369999999999758e-01 2.644000000000000083e-03 1.785300000000000081e-02
7.000000000000000000e+00 4.800000000000000000e+01 1.300000000000000000e+01 0.000000000000000000e+00 1.600000000000000089e+00 8.632330000000000281e-01 -1.231229999999999963e-01 4.895599999999999952e-01 -2.381389999999999896e-01 -9.544300000000000006e-01 1.798690000000000011e-01 4.451049999999999729e-01 -2.718519999999999825e-01 -8.532159999999999744e-01
3.000000000000000000e+00 3.200000000000000000e+01 1.400000000000000000e+01 0.000000000000000000e+00 1.600000000000000089e+00 -2.321000000000000146e-03 9.476999999999999313e-03 -9.999519999999999520e-01 1.144929999999999976e-01 9.933819999999999872e-01 9.148999999999999147e-03 9.934209999999999985e-01 -1.144669999999999993e-01 -3.390999999999999917e-03
6.000000000000000000e+00 4.800000000000000000e+01 1.500000000000000000e+01 0.000000000000000000e+00 1.600000000000000089e+00 8.490929999999999866e-01 -2.169089999999999907e-01 4.816559999999999730e-01 -3.214819999999999900e-01 -9.356940000000000257e-01 1.453480000000000050e-01 4.191549999999999998e-01 -2.782569999999999766e-01 -8.642229999999999634e-01
1.000000000000000000e+01 1.200000000000000000e+01 1.600000000000000000e+01 0.000000000000000000e+00 1.600000000000000089e+00 -1.022799999999999924e-02 7.122699999999999865e-02 9.974079999999999613e-01 2.356520000000000004e-01 -9.691940000000000000e-01 7.162899999999999823e-02 9.717839999999999812e-01 2.357740000000000113e-01 -6.871999999999999637e-03
1.600000000000000000e+01 1.300000000000000000e+01 1.600000000000000000e+01 0.000000000000000000e+00 1.600000000000000089e+00 -3.252999999999999815e-03 7.283199999999999397e-02 9.973389999999999755e-01 1.560529999999999973e-01 -9.850879999999999637e-01 7.244599999999999651e-02 9.877430000000000376e-01 1.558740000000000125e-01 -8.160999999999999852e-03
2.100000000000000000e+01 1.300000000000000000e+01 1.600000000000000000e+01 0.000000000000000000e+00 1.600000000000000089e+00 7.470000000000000511e-04 5.346599999999999964e-02 9.985690000000000399e-01 1.223329999999999973e-01 -9.910740000000000105e-01 5.297299999999999925e-02 9.924889999999999546e-01 1.221190000000000053e-01 -7.281000000000000145e-03
2.500000000000000000e+01 1.300000000000000000e+01 1.600000000000000000e+01 0.000000000000000000e+00 1.600000000000000089e+00 8.859999999999999603e-04 3.763199999999999878e-02 9.992910000000000403e-01 1.110479999999999939e-01 -9.931149999999999700e-01 3.730100000000000082e-02 9.938150000000000039e-01 1.109360000000000068e-01 -5.059000000000000129e-03
1.200000000000000000e+01 4.800000000000000000e+01 1.600000000000000000e+01 0.000000000000000000e+00 1.600000000000000089e+00 -4.244330000000000047e-01 -7.804809999999999803e-01 -4.590279999999999916e-01 9.054069999999999618e-01 -3.712909999999999822e-01 -2.058669999999999944e-01 -9.757999999999999313e-03 -5.029839999999999867e-01 8.642410000000000370e-01
6.000000000000000000e+00 1.160000000000000000e+02 1.600000000000000000e+01 0.000000000000000000e+00 1.600000000000000089e+00 -2.406999999999999851e-03 1.386999999999999995e-03 9.999959999999999960e-01 8.294439999999999591e-01 5.585890000000000022e-01 1.221999999999999996e-03 -5.585849999999999982e-01 8.294430000000000414e-01 -2.494999999999999822e-03
3.000000000000000000e+01 1.160000000000000000e+02 1.600000000000000000e+01 0.000000000000000000e+00 1.600000000000000089e+00 2.938000000000000073e-03 5.427999999999999665e-03 9.999810000000000088e-01 6.558349999999999458e-01 7.548810000000000242e-01 -6.024999999999999974e-03 -7.548989999999999867e-01 6.558399999999999785e-01 -1.342000000000000094e-03
6.000000000000000000e+00 3.500000000000000000e+01 1.700000000000000000e+01 0.000000000000000000e+00 1.600000000000000089e+00 -3.377490000000000214e-01 -1.880880000000000052e-01 -9.222519999999999607e-01 -8.600069999999999659e-01 -3.365259999999999918e-01 3.835859999999999825e-01 -3.825100000000000167e-01 9.226990000000000469e-01 -4.809599999999999986e-02
4.000000000000000000e+00 3.600000000000000000e+01 1.800000000000000000e+01 0.000000000000000000e+00 1.600000000000000089e+00 -4.568320000000000158e-01 4.165000000000000299e-03 -8.895429999999999726e-01 -8.764990000000000281e-01 -1.727950000000000041e-01 4.493240000000000012e-01 -1.518369999999999997e-01 9.849489999999999634e-01 8.258799999999999475e-02
1.500000000000000000e+01 2.000000000000000000e+00 1.900000000000000000e+01 0.000000000000000000e+00 1.600000000000000089e+00 -9.438999999999999474e-03 3.899099999999999788e-02 -9.991950000000000554e-01 3.151590000000000225e-01 -9.481960000000000388e-01 -3.997799999999999965e-02 -9.489919999999999467e-01 -3.152829999999999799e-01 -3.338999999999999954e-03
2.700000000000000000e+01 2.000000000000000000e+00 1.900000000000000000e+01 0.000000000000000000e+00 1.600000000000000089e+00 -5.793999999999999671e-03 5.882000000000000076e-03 -9.999660000000000215e-01 2.833160000000000123e-01 -9.589990000000000459e-01 -7.283000000000000411e-03 -9.590090000000000003e-01 -2.833479999999999888e-01 3.889000000000000096e-03
4.000000000000000000e+00 3.000000000000000000e+00 1.900000000000000000e+01 0.000000000000000000e+00 1.600000000000000089e+00 -7.863000000000000198e-03 3.984000000000000041e-02 -9.991750000000000353e-01 3.345259999999999900e-01 -9.415299999999999780e-01 -4.017400000000000138e-02 -9.423540000000000250e-01 -3.345659999999999745e-01 -5.924999999999999711e-03
1.100000000000000000e+01 3.000000000000000000e+00 1.900000000000000000e+01 0.000000000000000000e+00 1.600000000000000089e+00 -1.195500000000000035e-02 4.592000000000000248e-02 -9.988740000000000396e-01 3.322330000000000005e-01 -9.420110000000000428e-01 -4.728299999999999864e-02 -9.431220000000000159e-01 -3.324239999999999973e-01 -3.994000000000000154e-03
1.400000000000000000e+01 3.000000000000000000e+00 1.900000000000000000e+01 0.000000000000000000e+00 1.600000000000000089e+00 -1.045699999999999928e-02 3.953500000000000070e-02 -9.991630000000000233e-01 3.281470000000000220e-01 -9.437459999999999738e-01 -4.077599999999999975e-02 -9.445689999999999920e-01 -3.282990000000000075e-01 -3.105000000000000121e-03
1.900000000000000000e+01 3.000000000000000000e+00 1.900000000000000000e+01 0.000000000000000000e+00 1.600000000000000089e+00 -7.512999999999999713e-03 2.442300000000000026e-02 -9.996730000000000338e-01 3.205359999999999876e-01 -9.468919999999999559e-01 -2.554299999999999973e-02 -9.472070000000000212e-01 -3.206229999999999913e-01 -7.150000000000000322e-04
2.200000000000000000e+01 3.000000000000000000e+00 1.900000000000000000e+01 0.000000000000000000e+00 1.600000000000000089e+00 -4.322000000000000321e-03 1.999899999999999942e-02 -9.997909999999999853e-01 3.133360000000000034e-01 -9.494240000000000457e-01 -2.034599999999999950e-02 -9.496329999999999494e-01 -3.133580000000000254e-01 -2.162999999999999992e-03
5.000000000000000000e+00 4.000000000000000000e+00 2.000000000000000000e+01 0.000000000000000000e+00 1.600000000000000089e+00 -5.533999999999999857e-03 3.659699999999999759e-02 -9.993149999999999533e-01 3.869420000000000082e-01 -9.214050000000000296e-01 -3.588700000000000223e-02 -9.220869999999999900e-01 -3.868759999999999977e-01 -9.062000000000000610e-03
8.000000000000000000e+00 4.000000000000000000e+00 2.000000000000000000e+01 0.000000000000000000e+00 1.600000000000000089e+00 -8.281000000000000166e-03 3.948800000000000227e-02 -9.991860000000000186e-01 3.981830000000000092e-01 -9.164539999999999909e-01 -3.951899999999999857e-02 -9.172690000000000010e-01 -3.981859999999999844e-01 -8.134000000000000605e-03
1.100000000000000000e+01 4.000000000000000000e+00 2.000000000000000000e+01 0.000000000000000000e+00 1.600000000000000089e+00 -9.088999999999999857e-03 4.287699999999999845e-02 -9.990390000000000104e-01 4.091549999999999909e-01 -9.114579999999999904e-01 -4.284000000000000308e-02 -9.124189999999999801e-01 -4.091520000000000157e-01 -9.258999999999999869e-03
2.000000000000000000e+01 4.000000000000000000e+00 2.000000000000000000e+01 0.000000000000000000e+00 1.600000000000000089e+00 -6.164000000000000208e-03 2.223199999999999829e-02 -9.997340000000000115e-01 4.255860000000000198e-01 -9.046319999999999917e-01 -2.274100000000000080e-02 -9.048969999999999514e-01 -4.256130000000000191e-01 -3.886000000000000131e-03
2.300000000000000000e+01 4.000000000000000000e+00 2.000000000000000000e+01 0.000000000000000000e+00 1.600000000000000089e+00 -4.536000000000000101e-03 1.822400000000000062e-02 -9.998240000000000460e-01 4.246050000000000102e-01 -9.051909999999999679e-01 -1.842500000000000041e-02 -9.053679999999999506e-01 -4.246130000000000182e-01 -3.631999999999999812e-03
3.000000000000000000e+01 4.000000000000000000e+00 2.000000000000000000e+01 0.000000000000000000e+00 1.600000000000000089e+00 -4.290999999999999676e-03 6.956999999999999643e-03 -9.999670000000000503e-01 4.216869999999999785e-01 -9.067049999999999832e-01 -8.118000000000000216e-03 -9.067309999999999537e-01 -4.217080000000000273e-01 9.560000000000000355e-04
2.000000000000000000e+00 1.300000000000000000e+01 2.000000000000000000e+01 0.000000000000000000e+00 1.600000000000000089e+00 1.876999999999999979e-03 1.665000000000000030e-03 9.999970000000000248e-01 2.609710000000000085e-01 9.653439999999999799e-01 -2.098000000000000038e-03 -9.653450000000000086e-01 2.609739999999999838e-01 1.378000000000000102e-03
8.000000000000000000e+00 1.300000000000000000e+01 2.000000000000000000e+01 0.000000000000000000e+00 1.600000000000000089e+00 1.550000000000000000e-04 -3.216999999999999808e-03 9.999949999999999672e-01 2.670310000000000183e-01 9.636829999999999563e-01 3.059000000000000087e-03 -9.636879999999999891e-01 2.670290000000000163e-01 1.008999999999999914e-03
1.400000000000000000e+01 1.300000000000000000e+01 2.000000000000000000e+01 0.000000000000000000e+00 1.600000000000000089e+00 -2.431000000000000001e-03 -3.860000000000000150e-03 9.999900000000000455e-01 2.827850000000000086e-01 9.591730000000000533e-01 4.389999999999999805e-03 -9.591800000000000326e-01 2.827930000000000166e-01 -1.240999999999999916e-03
1.800000000000000000e+01 1.300000000000000000e+01 2.000000000000000000e+01 0.000000000000000000e+00 1.600000000000000089e+00 -1.644999999999999978e-03 -4.289000000000000278e-03 9.999890000000000168e-01 2.953200000000000269e-01 9.553869999999999862e-01 4.584000000000000401e-03 -9.553970000000000518e-01 2.953250000000000042e-01 -3.049999999999999868e-04
2.200000000000000000e+01 1.300000000000000000e+01 2.000000000000000000e+01 0.000000000000000000e+00 1.600000000000000089e+00 -9.829999999999999329e-04 2.126999999999999984e-03 9.999970000000000248e-01 3.042610000000000037e-01 9.525869999999999616e-01 -1.727000000000000019e-03 -9.525879999999999903e-01 3.042579999999999729e-01 -1.583999999999999905e-03
2.600000000000000000e+01 1.400000000000000000e+01 2.000000000000000000e+01 0.000000000000000000e+00 1.600000000000000089e+00 -1.999999999999999909e-06 1.142000000000000003e-03 9.999989999999999712e-01 2.670529999999999848e-01 9.636810000000000098e-01 -1.100000000000000066e-03 -9.636820000000000386e-01 2.670520000000000116e-01 -3.069999999999999812e-04
2.600000000000000000e+01 1.600000000000000000e+01 2.100000000000000000e+01 0.000000000000000000e+00 1.600000000000000089e+00 4.809999999999999823e-04 6.772000000000000242e-03 9.999770000000000048e-01 3.032560000000000255e-01 9.528860000000000108e-01 -6.598999999999999831e-03 -9.529090000000000060e-01 3.032520000000000215e-01 -1.595000000000000064e-03
5.000000000000000000e+00 3.900000000000000000e+01 2.300000000000000000e+01 0.000000000000000000e+00 1.600000000000000089e+00 -4.723910000000000053e-01 -7.838410000000000100e-01 4.030389999999999806e-01 -8.262110000000000287e-01 5.530620000000000536e-01 1.072300000000000059e-01 -3.069569999999999799e-01 -2.823399999999999799e-01 -9.088789999999999925e-01
1.600000000000000000e+01 4.200000000000000000e+01 2.300000000000000000e+01 0.000000000000000000e+00 1.600000000000000089e+00 -9.786989999999999856e-01 -1.833130000000000037e-01 9.243400000000000227e-02 -1.507149999999999879e-01 9.472620000000000484e-01 2.828049999999999731e-01 -1.394009999999999971e-01 2.628499999999999726e-01 -9.547130000000000338e-01
7.000000000000000000e+00 3.000000000000000000e+00 2.500000000000000000e+01 0.000000000000000000e+00 1.600000000000000089e+00 -1.157799999999999975e-02 3.386299999999999727e-02 9.993589999999999973e-01 3.294799999999999812e-02 -9.988709999999999534e-01 3.422800000000000148e-02 9.993900000000000006e-01 3.332299999999999846e-02 1.044899999999999995e-02
1.000000000000000000e+01 3.000000000000000000e+00 2.500000000000000000e+01 0.000000000000000000e+00 1.600000000000000089e+00 -8.959999999999999215e-03 3.976199999999999873e-02 9.991689999999999738e-01 2.266699999999999965e-02 -9.989440000000000541e-01 3.995599999999999846e-02 9.997030000000000083e-01 2.300699999999999967e-02 8.049000000000000599e-03
1.800000000000000000e+01 3.000000000000000000e+00 2.500000000000000000e+01 0.000000000000000000e+00 1.600000000000000089e+00 -6.190000000000000190e-03 2.615900000000000170e-02 9.996390000000000553e-01 -1.188400000000000047e-02 -9.995889999999999498e-01 2.608500000000000055e-02 9.999099999999999655e-01 -1.171900000000000025e-02 6.498000000000000304e-03
2.500000000000000000e+01 4.200000000000000000e+01 2.500000000000000000e+01 0.000000000000000000e+00 1.600000000000000089e+00 1.439799999999999934e-02 -6.759709999999999885e-01 7.367879999999999985e-01 -4.500609999999999888e-01 6.536189999999999500e-01 6.084629999999999761e-01 -8.928819999999999535e-01 -3.403599999999999959e-01 -2.948169999999999957e-01
2.600000000000000000e+01 3.900000000000000000e+01 2.900000000000000000e+01 0.000000000000000000e+00 1.600000000000000089e+00 -1.692909999999999970e-01 -9.316170000000000284e-01 3.216060000000000030e-01 5.378579999999999472e-01 -3.607699999999999796e-01 -7.619409999999999794e-01 8.258630000000000138e-01 4.398900000000000032e-02 5.621519999999999850e-01
3.000000000000000000e+01 4.600000000000000000e+01 3.000000000000000000e+01 0.000000000000000000e+00 1.600000000000000089e+00 -9.360999999999999530e-03 -4.712000000000000043e-03 -9.999449999999999728e-01 3.235750000000000015e-01 9.461730000000000418e-01 -7.487999999999999864e-03 9.461559999999999970e-01 -3.236269999999999980e-01 -7.331999999999999976e-03
2.000000000000000000e+00 5.800000000000000000e+01 3.100000000000000000e+01 0.000000000000000000e+00 1.600000000000000089e+00 1.910000000000000077e-04 -1.753199999999999897e-02 9.998460000000000125e-01 -7.949239999999999640e-01 -6.066179999999999906e-01 -1.048499999999999953e-02 6.067090000000000538e-01 -7.947999999999999510e-01 -1.405299999999999952e-02
7.000000000000000000e+00 5.800000000000000000e+01 3.100000000000000000e+01 0.000000000000000000e+00 1.600000000000000089e+00 1.516999999999999902e-03 1.767399999999999874e-02 9.998430000000000373e-01 -7.914440000000000364e-01 -6.111240000000000006e-01 1.200299999999999978e-02 6.112400000000000055e-01 -7.913369999999999571e-01 1.306000000000000043e-02
2.000000000000000000e+01 5.800000000000000000e+01 3.100000000000000000e+01 0.000000000000000000e+00 1.600000000000000089e+00 7.190000000000000210e-03 8.887000000000000802e-03 9.999350000000000183e-01 -7.970709999999999740e-01 -6.037839999999999874e-01 1.109800000000000023e-02 6.038430000000000186e-01 -7.970979999999999732e-01 2.743000000000000212e-03
2.700000000000000000e+01 5.800000000000000000e+01 3.100000000000000000e+01 0.000000000000000000e+00 1.600000000000000089e+00 2.799999999999999755e-04 9.946999999999999245e-03 9.999500000000000055e-01 -8.001859999999999529e-01 -5.997200000000000308e-01 6.190000000000000190e-03 5.997519999999999518e-01 -8.001479999999999704e-01 7.792000000000000315e-03
3.000000000000000000e+00 1.800000000000000000e+01 3.400000000000000000e+01 0.000000000000000000e+00 1.600000000000000089e+00 4.330000000000000081e-04 -1.994999999999999812e-03 -9.999980000000000535e-01 -3.107779999999999987e-01 -9.504810000000000203e-01 1.761999999999999894e-03 -9.504829999999999668e-01 3.107759999999999967e-01 -1.031999999999999931e-03
2.100000000000000000e+01 2.300000000000000000e+01 3.400000000000000000e+01 0.000000000000000000e+00 1.600000000000000089e+00 7.269999999999999987e-04 8.678999999999999215e-03 9.999620000000000175e-01 3.968670000000000253e-01 -9.178439999999999932e-01 7.677999999999999929e-03 9.178760000000000252e-01 3.968470000000000053e-01 -4.111000000000000071e-03
2.500000000000000000e+01 2.300000000000000000e+01 3.400000000000000000e+01 0.000000000000000000e+00 1.600000000000000089e+00 3.507000000000000135e-03 1.877999999999999895e-03 9.999919999999999920e-01 3.988010000000000166e-01 -9.170380000000000198e-01 3.240000000000000150e-04 9.170310000000000406e-01 3.987959999999999838e-01 -3.964999999999999775e-03
2.700000000000000000e+01 4.600000000000000000e+01 3.500000000000000000e+01 0.000000000000000000e+00 1.600000000000000089e+00 -7.113000000000000399e-03 -1.717539999999999900e-01 -9.851140000000000452e-01 3.819770000000000110e-01 -9.109000000000000430e-01 1.560570000000000013e-01 -9.241439999999999655e-01 -3.751809999999999867e-01 7.208599999999999730e-02
6.000000000000000000e+00 2.900000000000000000e+01 3.600000000000000000e+01 0.000000000000000000e+00 1.600000000000000089e+00 5.190209999999999546e-01 5.273489999999999567e-01 -6.726959999999999607e-01 7.841519999999999602e-01 1.944999999999999854e-02 6.202640000000000375e-01 3.401799999999999824e-01 -8.494260000000000144e-01 -4.034269999999999801e-01
4.000000000000000000e+00 3.000000000000000000e+01 3.600000000000000000e+01 0.000000000000000000e+00 1.600000000000000089e+00 3.942260000000000209e-01 3.960589999999999944e-01 -8.292910000000000004e-01 8.330279999999999907e-01 2.271070000000000033e-01 5.044659999999999700e-01 3.881359999999999810e-01 -8.896960000000000424e-01 -2.403969999999999996e-01
1.300000000000000000e+01 5.000000000000000000e+01 3.600000000000000000e+01 0.000000000000000000e+00 1.600000000000000089e+00 -9.993999999999999412e-03 -1.760539999999999883e-01 -9.843300000000000383e-01 1.764459999999999917e-01 -9.692429999999999657e-01 1.715649999999999953e-01 -9.842600000000000238e-01 -1.719670000000000087e-01 4.075100000000000250e-02
2.100000000000000000e+01 9.500000000000000000e+01 3.600000000000000000e+01 0.000000000000000000e+00 1.600000000000000089e+00 -2.286999999999999970e-03 -4.595599999999999685e-02 9.989409999999999679e-01 9.984380000000000477e-01 5.565599999999999714e-02 4.845999999999999613e-03 -5.581900000000000056e-02 9.973919999999999453e-01 4.575699999999999906e-02
1.600000000000000000e+01 3.100000000000000000e+01 3.700000000000000000e+01 0.000000000000000000e+00 1.600000000000000089e+00 1.764259999999999995e-01 -9.746540000000000203e-01 -1.375599999999999878e-01 6.615560000000000329e-01 2.208930000000000060e-01 -7.166240000000000387e-01 7.288459999999999939e-01 3.542800000000000116e-02 6.837600000000000344e-01
2.200000000000000000e+01 9.500000000000000000e+01 3.700000000000000000e+01 0.000000000000000000e+00 1.600000000000000089e+00 9.770000000000000039e-04 -2.521400000000000030e-02 9.996819999999999595e-01 9.972670000000000146e-01 7.387100000000000610e-02 8.880000000000000089e-04 -7.386900000000000410e-02 9.969489999999999741e-01 2.521699999999999983e-02
1.000000000000000000e+01 5.000000000000000000e+01 3.800000000000000000e+01 0.000000000000000000e+00 1.600000000000000089e+00 -1.906000000000000055e-02 -3.334840000000000027e-01 9.425630000000000397e-01 -3.292450000000000099e-01 -8.880590000000000428e-01 -3.208579999999999766e-01 9.440520000000000023e-01 -3.164500000000000091e-01 -9.287099999999999522e-02
6.000000000000000000e+00 2.000000000000000000e+01 3.900000000000000000e+01 0.000000000000000000e+00 1.600000000000000089e+00 9.017000000000000709e-03 -1.506000000000000047e-02 9.998460000000000125e-01 -4.798129999999999895e-01 8.771959999999999757e-01 1.754000000000000004e-02 -8.773250000000000215e-01 -4.798970000000000180e-01 6.840000000000000377e-04
1.500000000000000000e+01 2.800000000000000000e+01 4.000000000000000000e+01 0.000000000000000000e+00 1.600000000000000089e+00 -4.974800000000000055e-02 -8.643279999999999852e-01 -5.004619999999999624e-01 7.548270000000000257e-01 2.955940000000000234e-01 -5.855430000000000357e-01 6.540350000000000330e-01 -4.068919999999999759e-01 6.377119999999999456e-01
1.300000000000000000e+01 2.400000000000000000e+01 4.100000000000000000e+01 0.000000000000000000e+00 1.600000000000000089e+00 -2.597000000000000003e-02 -5.360970000000000457e-01 8.437569999999999792e-01 -6.972599999999999909e-01 6.145450000000000079e-01 3.690019999999999967e-01 -7.163469999999999560e-01 -5.787349999999999994e-01 -3.897590000000000221e-01
1.500000000000000000e+01 2.700000000000000000e+01 4.100000000000000000e+01 0.000000000000000000e+00 1.600000000000000089e+00 -4.505800000000000083e-02 -6.286260000000000181e-01 -7.764010000000000078e-01 7.892940000000000511e-01 4.540020000000000167e-01 -4.133970000000000145e-01 6.123600000000000154e-01 -6.314359999999999973e-01 4.757149999999999990e-01
1.000000000000000000e+01 4.700000000000000000e+01 4.100000000000000000e+01 0.000000000000000000e+00 1.600000000000000089e+00 -1.392829999999999901e-01 6.513160000000000061e-01 -7.459139999999999660e-01 -5.861499999999999488e-01 5.528960000000000541e-01 5.922269999999999479e-01 7.981399999999999606e-01 5.197049999999999725e-01 3.047599999999999754e-01
1.400000000000000000e+01 2.600000000000000000e+01 4.200000000000000000e+01 0.000000000000000000e+00 1.600000000000000089e+00 -6.747300000000000519e-02 -4.118640000000000079e-01 -9.087439999999999962e-01 8.455209999999999670e-01 4.599239999999999995e-01 -2.712269999999999959e-01 5.296610000000000484e-01 -7.866630000000000011e-01 3.172070000000000167e-01
2.100000000000000000e+01 5.000000000000000000e+01 4.200000000000000000e+01 0.000000000000000000e+00 1.600000000000000089e+00 -3.983990000000000031e-01 8.527789999999999537e-01 -3.377069999999999794e-01 -5.363580000000000014e-01 8.206900000000000306e-02 8.399910000000000432e-01 7.440419999999999812e-01 5.157829999999999915e-01 4.246989999999999932e-01
4.000000000000000000e+00 2.500000000000000000e+01 4.300000000000000000e+01 0.000000000000000000e+00 1.600000000000000089e+00 1.223680000000000045e-01 2.166879999999999917e-01 -9.685409999999999853e-01 8.147950000000000470e-01 5.352710000000000523e-01 2.226980000000000071e-01 5.666879999999999695e-01 -8.164139999999999731e-01 -1.110560000000000019e-01
1.300000000000000000e+01 2.500000000000000000e+01 4.300000000000000000e+01 0.000000000000000000e+00 1.600000000000000089e+00 -8.930899999999999950e-02 -2.938370000000000148e-01 -9.516740000000000199e-01 8.844750000000000112e-01 4.159349999999999992e-01 -2.114260000000000028e-01 4.579599999999999782e-01 -8.606150000000000189e-01 2.227449999999999986e-01
3.000000000000000000e+00 5.100000000000000000e+01 4.300000000000000000e+01 0.000000000000000000e+00 1.600000000000000089e+00 -1.110310000000000047e-01 4.224680000000000102e-01 -8.995509999999999895e-01 -6.098599999999999577e-01 6.857189999999999674e-01 3.973169999999999757e-01 7.846929999999999739e-01 5.927139999999999631e-01 1.815110000000000057e-01
2.100000000000000000e+01 5.100000000000000000e+01 4.300000000000000000e+01 0.000000000000000000e+00 1.600000000000000089e+00 -2.997949999999999782e-01 8.436000000000000165e-01 -4.454899999999999971e-01 -5.033670000000000089e-01 2.567999999999999727e-01 8.250309999999999588e-01 8.103979999999999517e-01 4.715849999999999764e-01 3.476529999999999898e-01
1.600000000000000000e+01 2.900000000000000000e+01 4.400000000000000000e+01 0.000000000000000000e+00 1.600000000000000089e+00 -4.750900000000000262e-02 -1.842000000000000104e-03 -9.988690000000000069e-01 7.656519999999999992e-01 6.421559999999999491e-01 -3.760000000000000148e-02 6.414990000000000414e-01 -7.665720000000000312e-01 -2.909799999999999887e-02
2.900000000000000000e+01 2.900000000000000000e+01 4.400000000000000000e+01 0.000000000000000000e+00 1.600000000000000089e+00 8.075000000000000580e-03 1.194699999999999929e-02 -9.998960000000000070e-01 7.071070000000000411e-01 7.069649999999999546e-01 1.415800000000000045e-02 7.070600000000000218e-01 -7.071479999999999988e-01 -2.739999999999999814e-03
1.600000000000000000e+01 6.500000000000000000e+01 4.600000000000000000e+01 0.000000000000000000e+00 1.600000000000000089e+00 6.960000000000000041e-04 3.116999999999999979e-03 9.999949999999999672e-01 6.789129999999999887e-01 -7.342170000000000085e-01 1.815999999999999906e-03 7.342189999999999550e-01 6.789079999999999560e-01 -2.626999999999999995e-03
1.900000000000000000e+01 2.900000000000000000e+01 4.800000000000000000e+01 0.000000000000000000e+00 1.600000000000000089e+00 1.222700000000000002e-02 5.530600000000000099e-02 9.983950000000000324e-01 3.553560000000000052e-01 9.330500000000000460e-01 -5.603799999999999754e-02 -9.346510000000000096e-01 3.554709999999999814e-01 -8.245000000000000592e-03
2.400000000000000000e+01 2.900000000000000000e+01 4.800000000000000000e+01 0.000000000000000000e+00 1.600000000000000089e+00 3.284000000000000027e-03 -5.759000000000000230e-03 9.999780000000000335e-01 3.748940000000000050e-01 9.270580000000000487e-01 4.107999999999999673e-03 -9.270620000000000527e-01 3.748730000000000118e-01 5.203000000000000159e-03
2.900000000000000000e+01 2.900000000000000000e+01 4.800000000000000000e+01 0.000000000000000000e+00 1.600000000000000089e+00 -3.827999999999999806e-03 6.475999999999999986e-03 9.999719999999999720e-01 3.646300000000000097e-01 9.311409999999999965e-01 -4.635000000000000231e-03 -9.311450000000000005e-01 3.646019999999999817e-01 -5.925999999999999844e-03
1.600000000000000000e+01 4.800000000000000000e+01 4.900000000000000000e+01 0.000000000000000000e+00 1.600000000000000089e+00 6.906189999999999829e-01 -4.656040000000000179e-01 5.534059999999999535e-01 2.069269999999999998e-01 8.604220000000000201e-01 4.656770000000000076e-01 -6.929840000000000444e-01 -2.070909999999999973e-01 6.905689999999999884e-01
5.000000000000000000e+00 6.000000000000000000e+00 5.100000000000000000e+01 0.000000000000000000e+00 1.600000000000000089e+00 -1.019999999999999992e-04 -5.426000000000000267e-03 -9.999850000000000128e-01 2.972520000000000162e-01 -9.547849999999999948e-01 5.150000000000000064e-03 -9.547989999999999533e-01 -2.972469999999999835e-01 1.709999999999999932e-03
3.000000000000000000e+00 1.150000000000000000e+02 5.100000000000000000e+01 0.000000000000000000e+00 1.600000000000000089e+00 -6.701999999999999624e-03 -8.935999999999999499e-03 9.999379999999999935e-01 8.450119999999999854e-01 -5.347460000000000546e-01 8.850000000000000444e-04 5.347049999999999859e-01 8.449659999999999949e-01 1.113399999999999980e-02
9.000000000000000000e+00 1.150000000000000000e+02 5.100000000000000000e+01 0.000000000000000000e+00 1.600000000000000089e+00 -6.267000000000000001e-03 1.119099999999999956e-02 9.999179999999999735e-01 8.537679999999999714e-01 -5.205349999999999699e-01 1.117600000000000017e-02 5.206169999999999964e-01 8.537670000000000536e-01 -6.291999999999999850e-03
1.500000000000000000e+01 1.150000000000000000e+02 5.100000000000000000e+01 0.000000000000000000e+00 1.600000000000000089e+00 -2.750999999999999973e-03 1.765900000000000108e-02 9.998399999999999510e-01 8.579090000000000327e-01 -5.136749999999999927e-01 1.143300000000000045e-02 5.137950000000000017e-01 8.578029999999999822e-01 -1.373699999999999921e-02
1.300000000000000000e+01 7.000000000000000000e+00 5.200000000000000000e+01 0.000000000000000000e+00 1.600000000000000089e+00 7.494999999999999926e-03 4.832000000000000357e-03 -9.999599999999999600e-01 6.671699999999999853e-02 -9.977629999999999555e-01 -4.321000000000000188e-03 -9.977439999999999642e-01 -6.668200000000000516e-02 -7.800999999999999775e-03
2.100000000000000000e+01 7.000000000000000000e+00 5.200000000000000000e+01 0.000000000000000000e+00 1.600000000000000089e+00 6.499999999999999702e-04 -3.942000000000000191e-03 -9.999919999999999920e-01 7.401199999999999446e-02 -9.972490000000000521e-01 3.978999999999999898e-03 -9.972569999999999490e-01 -7.401399999999999646e-02 -3.570000000000000040e-04
1.000000000000000000e+01 4.400000000000000000e+01 5.300000000000000000e+01 0.000000000000000000e+00 1.600000000000000089e+00 -2.779619999999999869e-01 -9.091430000000000344e-01 3.101539999999999853e-01 -8.572039999999999660e-01 3.804759999999999809e-01 3.470440000000000191e-01 -4.335189999999999877e-01 -1.693999999999999950e-01 -8.850789999999999491e-01
2.900000000000000000e+01 4.400000000000000000e+01 5.300000000000000000e+01 0.000000000000000000e+00 1.600000000000000089e+00 -1.668129999999999891e-01 -8.733760000000000412e-01 4.575890000000000235e-01 1.892989999999999950e-01 4.270900000000000252e-01 8.841719999999999580e-01 -9.676460000000000061e-01 2.341119999999999868e-01 9.408500000000000196e-02
4.000000000000000000e+00 6.300000000000000000e+01 5.400000000000000000e+01 0.000000000000000000e+00 1.600000000000000089e+00 8.050000000000000515e-04 4.336999999999999710e-03 9.999900000000000455e-01 -3.653239999999999821e-01 9.308729999999999505e-01 -3.742999999999999799e-03 -9.308800000000000407e-01 -3.653170000000000028e-01 2.334000000000000137e-03
8.000000000000000000e+00 6.300000000000000000e+01 5.400000000000000000e+01 0.000000000000000000e+00 1.600000000000000089e+00 8.570000000000000144e-04 3.503000000000000037e-03 9.999940000000000495e-01 -3.584899999999999753e-01 9.335290000000000532e-01 -2.961999999999999789e-03 -9.335329999999999462e-01 -3.584849999999999981e-01 2.056000000000000102e-03
1.400000000000000000e+01 6.300000000000000000e+01 5.400000000000000000e+01 0.000000000000000000e+00 1.600000000000000089e+00 1.319000000000000077e-03 2.955999999999999860e-03 9.999949999999999672e-01 -3.655660000000000021e-01 9.307830000000000270e-01 -2.269000000000000183e-03 -9.307839999999999447e-01 -3.655610000000000248e-01 2.308000000000000156e-03
1.900000000000000000e+01 6.300000000000000000e+01 5.400000000000000000e+01 0.000000000000000000e+00 1.600000000000000089e+00 -1.394999999999999973e-03 -1.886000000000000090e-03 9.999970000000000248e-01 -3.651039999999999841e-01 9.309659999999999602e-01 1.247000000000000062e-03 -9.309659999999999602e-01 -3.651010000000000089e-01 -1.987000000000000051e-03
2.300000000000000000e+01 6.300000000000000000e+01 5.400000000000000000e+01 0.000000000000000000e+00 1.600000000000000089e+00 -1.059000000000000045e-03 2.530999999999999830e-03 9.999959999999999960e-01 -3.570030000000000148e-01 9.340990000000000126e-01 -2.742000000000000080e-03 -9.341019999999999879e-01 -3.570050000000000168e-01 -8.600000000000000331e-05
5.000000000000000000e+00 2.500000000000000000e+01 5.500000000000000000e+01 0.000000000000000000e+00 1.600000000000000089e+00 -2.469999999999999973e-03 -6.096900000000000236e-02 9.981370000000000520e-01 8.774000000000000549e-03 9.980999999999999872e-01 6.098800000000000054e-02 -9.999580000000000135e-01 8.907999999999999252e-03 -1.930000000000000075e-03
1.100000000000000000e+01 2.500000000000000000e+01 5.500000000000000000e+01 0.000000000000000000e+00 1.600000000000000089e+00 1.655299999999999827e-02 5.886799999999999811e-01 8.081960000000000255e-01 2.632200000000000165e-02 8.077710000000000168e-01 -5.889090000000000158e-01 -9.995159999999999600e-01 3.102099999999999996e-02 -2.124000000000000020e-03
1.000000000000000000e+01 2.600000000000000000e+01 5.500000000000000000e+01 0.000000000000000000e+00 1.600000000000000089e+00 1.494599999999999922e-02 5.918799999999999617e-01 8.058870000000000200e-01 -3.749999999999999861e-03 8.060049999999999715e-01 -5.918970000000000065e-01 -9.998810000000000198e-01 5.825000000000000316e-03 1.426599999999999917e-02
1.000000000000000000e+01 4.300000000000000000e+01 5.500000000000000000e+01 0.000000000000000000e+00 1.600000000000000089e+00 -9.635499999999999621e-02 -8.772400000000000198e-01 4.702819999999999778e-01 -9.637040000000000051e-01 2.004090000000000038e-01 1.763830000000000120e-01 -2.489790000000000059e-01 -4.362170000000000214e-01 -8.647099999999999786e-01
