2.600000000000000000e+01 1.500000000000000000e+01 4.000000000000000000e+00 0.000000000000000000e+00 1.600000000000000089e+00 3.164999999999999845e-03 7.543000000000000226e-03 9.999670000000000503e-01 2.703389999999999960e-01 -9.627440000000000442e-01 6.407000000000000368e-03 9.627599999999999492e-01 2.703099999999999947e-01 -5.086000000000000243e-03
3.000000000000000000e+01 1.500000000000000000e+01 4.000000000000000000e+00 0.000000000000000000e+00 1.600000000000000089e+00 1.299000000000000024e-03 1.175099999999999929e-02 9.999299999999999855e-01 2.714599999999999791e-01 -9.623869999999999925e-01 1.095699999999999973e-02 9.624489999999999990e-01 2.714269999999999738e-01 -4.440000000000000370e-03
1.000000000000000000e+00 1.600000000000000000e+01 4.000000000000000000e+00 0.000000000000000000e+00 1.600000000000000089e+00 7.799999999999999859e-04 -3.549000000000000071e-03 9.999930000000000208e-01 3.129799999999999804e-01 -9.497529999999999584e-01 -3.615000000000000158e-03 9.497590000000000199e-01 3.129810000000000092e-01 3.699999999999999947e-04
6.000000000000000000e+00 1.600000000000000000e+01 4.000000000000000000e+00 0.000000000000000000e+00 1.600000000000000089e+00 3.020000000000000115e-03 -1.348399999999999946e-02 9.999050000000000438e-01 3.141689999999999761e-01 -9.492669999999999719e-01 -1.375000000000000007e-02 9.493620000000000392e-01 3.141809999999999881e-01 1.369999999999999907e-03
9.000000000000000000e+00 1.600000000000000000e+01 4.000000000000000000e+00 0.000000000000000000e+00 1.600000000000000089e+00 2.573000000000000200e-03 -1.940899999999999917e-02 9.998080000000000300e-01 3.147380000000000178e-01 -9.489840000000000497e-01 -1.923199999999999910e-02 9.491749999999999909e-01 3.147269999999999790e-01 3.667000000000000121e-03
1.400000000000000000e+01 1.600000000000000000e+01 4.000000000000000000e+00 0.000000000000000000e+00 1.600000000000000089e+00 3.003000000000000027e-03 -2.052000000000000005e-02 9.997850000000000348e-01 3.214969999999999772e-01 -9.466909999999999492e-01 -2.039600000000000093e-02 9.469060000000000255e-01 3.214890000000000247e-01 3.753999999999999958e-03
2.400000000000000000e+01 1.600000000000000000e+01 4.000000000000000000e+00 0.000000000000000000e+00 1.600000000000000089e+00 2.945000000000000135e-03 -7.249999999999999500e-04 9.999949999999999672e-01 3.296299999999999786e-01 -9.441089999999999760e-01 -1.655000000000000004e-03 9.441049999999999720e-01 3.296339999999999826e-01 -2.540999999999999856e-03
2.000000000000000000e+01 1.010000000000000000e+02 7.000000000000000000e+00 0.000000000000000000e+00 1.600000000000000089e+00 -7.100000000000000462e-05 7.499999999999999343e-05 1.000000000000000000e+00 8.848620000000000374e-01 4.658530000000000171e-01 2.799999999999999958e-05 -4.658530000000000171e-01 8.848620000000000374e-01 -1.000000000000000048e-04
2.300000000000000000e+01 1.010000000000000000e+02 7.000000000000000000e+00 0.000000000000000000e+00 1.600000000000000089e+00 9.349999999999999587e-04 2.503000000000000017e-03 9.999959999999999960e-01 8.844840000000000479e-01 4.665659999999999807e-01 -1.994999999999999812e-03 -4.665690000000000115e-01 8.844830000000000192e-01 -1.778000000000000067e-03
6.000000000000000000e+00 1.500000000000000000e+01 8.000000000000000000e+00 0.000000000000000000e+00 1.600000000000000089e+00 -7.575000000000000136e-03 -1.126300000000000044e-02 -9.999080000000000190e-01 -5.655930000000000124e-01 -8.245730000000000004e-01 1.357200000000000073e-02 -8.246499999999999941e-01 5.656430000000000069e-01 -1.240000000000000054e-04
1.000000000000000000e+01 1.500000000000000000e+01 8.000000000000000000e+00 0.000000000000000000e+00 1.600000000000000089e+00 -7.979999999999999247e-03 -1.845000000000000112e-02 -9.997979999999999645e-01 -5.680720000000000214e-01 -8.227430000000000021e-01 1.971699999999999842e-02 -8.229400000000000048e-01 5.681150000000000366e-01 -3.915000000000000077e-03
1.400000000000000000e+01 1.500000000000000000e+01 8.000000000000000000e+00 0.000000000000000000e+00 1.600000000000000089e+00 -7.542000000000000093e-03 -2.197999999999999954e-02 -9.997300000000000075e-01 -5.715820000000000345e-01 -8.202409999999999979e-01 2.234600000000000128e-02 -8.205099999999999616e-01 5.715959999999999930e-01 -6.377999999999999989e-03
1.700000000000000000e+01 1.500000000000000000e+01 8.000000000000000000e+00 0.000000000000000000e+00 1.600000000000000089e+00 -7.078000000000000090e-03 -2.132300000000000167e-02 -9.997479999999999700e-01 -5.750530000000000364e-01 -8.178339999999999499e-01 2.151399999999999840e-02 -8.180859999999999799e-01 5.750600000000000156e-01 -6.472999999999999587e-03
2.200000000000000000e+01 1.500000000000000000e+01 8.000000000000000000e+00 0.000000000000000000e+00 1.600000000000000089e+00 -2.827000000000000086e-03 -5.481999999999999894e-03 -9.999810000000000088e-01 -5.790520000000000111e-01 -8.152679999999999927e-01 6.106000000000000316e-03 -8.152859999999999552e-01 5.790579999999999616e-01 -8.700000000000000051e-04
2.600000000000000000e+01 1.500000000000000000e+01 8.000000000000000000e+00 0.000000000000000000e+00 1.600000000000000089e+00 -4.440000000000000045e-04 6.980000000000000093e-03 -9.999759999999999760e-01 -5.798600000000000421e-01 -8.146980000000000333e-01 -5.428999999999999798e-03 -8.147159999999999958e-01 5.798429999999999973e-01 4.408999999999999725e-03
2.900000000000000000e+01 1.500000000000000000e+01 8.000000000000000000e+00 0.000000000000000000e+00 1.600000000000000089e+00 1.012000000000000096e-03 8.517999999999999530e-03 -9.999630000000000463e-01 -5.794040000000000301e-01 -8.150060000000000082e-01 -7.529000000000000102e-03 -8.150399999999999867e-01 5.793899999999999606e-01 4.111000000000000071e-03
3.000000000000000000e+00 2.600000000000000000e+01 8.000000000000000000e+00 0.000000000000000000e+00 1.600000000000000089e+00 1.732999999999999948e-03 9.821999999999999134e-03 -9.999500000000000055e-01 4.235519999999999841e-01 9.058209999999999873e-01 9.631999999999999937e-03 9.058699999999999530e-01 -4.235479999999999801e-01 -2.590999999999999987e-03
8.000000000000000000e+00 2.600000000000000000e+01 8.000000000000000000e+00 0.000000000000000000e+00 1.600000000000000089e+00 5.779000000000000282e-03 2.560899999999999982e-02 -9.996549999999999603e-01 4.206389999999999851e-01 9.068650000000000322e-01 2.566399999999999931e-02 9.072099999999999609e-01 -4.206420000000000159e-01 -5.531999999999999591e-03
1.100000000000000000e+01 2.600000000000000000e+01 8.000000000000000000e+00 0.000000000000000000e+00 1.600000000000000089e+00 6.945999999999999917e-03 2.131200000000000108e-02 -9.997489999999999988e-01 4.174390000000000045e-01 9.084320000000000173e-01 2.226600000000000107e-02 9.086779999999999857e-01 -4.174889999999999990e-01 -2.586999999999999890e-03
1.700000000000000000e+01 2.600000000000000000e+01 8.000000000000000000e+00 0.000000000000000000e+00 1.600000000000000089e+00 6.747999999999999658e-03 2.270600000000000049e-02 -9.997190000000000243e-01 4.125889999999999835e-01 9.106149999999999523e-01 2.346699999999999828e-02 9.108920000000000350e-01 -4.126319999999999988e-01 -3.223000000000000170e-03
2.500000000000000000e+01 2.600000000000000000e+01 8.000000000000000000e+00 0.000000000000000000e+00 1.600000000000000089e+00 7.200000000000000453e-04 -1.162000000000000055e-03 -9.999989999999999712e-01 4.093769999999999909e-01 9.123649999999999816e-01 -7.649999999999999465e-04 9.123649999999999816e-01 -4.093760000000000177e-01 1.131999999999999977e-03
1.800000000000000000e+01 2.400000000000000000e+01 9.000000000000000000e+00 0.000000000000000000e+00 1.600000000000000089e+00 7.335000000000000374e-03 2.423499999999999960e-02 -9.996789999999999843e-01 4.667979999999999907e-01 8.840139999999999665e-01 2.485599999999999962e-02 8.843330000000000357e-01 -4.668309999999999960e-01 -4.828999999999999959e-03
2.200000000000000000e+01 2.400000000000000000e+01 9.000000000000000000e+00 0.000000000000000000e+00 1.600000000000000089e+00 4.546999999999999827e-03 1.333200000000000010e-02 -9.999010000000000398e-01 4.636440000000000006e-01 8.859120000000000328e-01 1.392000000000000008e-02 8.860099999999999643e-01 -4.636609999999999898e-01 -2.152999999999999966e-03
3.000000000000000000e+01 2.400000000000000000e+01 9.000000000000000000e+00 0.000000000000000000e+00 1.600000000000000089e+00 2.790000000000000054e-04 -8.040000000000000271e-03 -9.999679999999999680e-01 4.617069999999999785e-01 8.870050000000000434e-01 -7.002999999999999677e-03 8.870329999999999604e-01 -4.616899999999999893e-01 3.959999999999999978e-03
7.000000000000000000e+00 3.100000000000000000e+01 1.200000000000000000e+01 0.000000000000000000e+00 1.600000000000000089e+00 1.637000000000000000e-03 2.015999999999999997e-03 9.999970000000000248e-01 -1.494999999999999975e-02 9.998860000000000525e-01 -1.991000000000000148e-03 -9.998869999999999703e-01 -1.494700000000000022e-02 1.667000000000000079e-03
1.300000000000000000e+01 3.100000000000000000e+01 1.200000000000000000e+01 0.000000000000000000e+00 1.600000000000000089e+00 1.028999999999999967e-03 1.374000000000000004e-03 9.999989999999999712e-01 -1.338499999999999933e-02 9.999090000000000478e-01 -1.360000000000000098e-03 -9.999099999999999655e-01 -1.338400000000000006e-02 1.048000000000000103e-03
2.000000000000000000e+01 3.100000000000000000e+01 1.200000000000000000e+01 0.000000000000000000e+00 1.600000000000000089e+00 -4.949999999999999973e-04 5.237000000000000335e-03 9.999860000000000415e-01 -8.942000000000000295e-03 9.999460000000000015e-01 -5.240999999999999999e-03 -9.999599999999999600e-01 -8.944999999999999826e-03 -4.490000000000000176e-04
2.600000000000000000e+01 3.100000000000000000e+01 1.200000000000000000e+01 0.000000000000000000e+00 1.600000000000000089e+00 -2.809999999999999998e-04 2.519999999999999996e-04 1.000000000000000000e+00 -6.377999999999999989e-03 9.999799999999999800e-01 -2.530000000000000239e-04 -9.999799999999999800e-01 -6.379000000000000122e-03 -2.799999999999999755e-04
5.000000000000000000e+00 1.200000000000000000e+01 1.500000000000000000e+01 0.000000000000000000e+00 1.600000000000000089e+00 -4.015999999999999605e-03 -6.347000000000000211e-03 -9.999719999999999720e-01 -4.686279999999999890e-01 -8.833640000000000381e-01 7.488999999999999997e-03 -8.833860000000000046e-01 4.686449999999999783e-01 5.730000000000000501e-04
1.500000000000000000e+01 1.200000000000000000e+01 1.500000000000000000e+01 0.000000000000000000e+00 1.600000000000000089e+00 -4.276000000000000287e-03 -6.048000000000000424e-03 -9.999730000000000008e-01 -4.737439999999999984e-01 -8.806319999999999704e-01 7.352000000000000028e-03 -8.806519999999999904e-01 4.737629999999999897e-01 8.999999999999999754e-04
2.000000000000000000e+01 1.200000000000000000e+01 1.500000000000000000e+01 0.000000000000000000e+00 1.600000000000000089e+00 -2.102000000000000136e-03 -4.225999999999999722e-03 -9.999890000000000168e-01 -4.733319999999999750e-01 -8.808709999999999596e-01 4.717999999999999972e-03 -8.808810000000000251e-01 4.733370000000000077e-01 -1.489999999999999897e-04
2.500000000000000000e+01 1.200000000000000000e+01 1.500000000000000000e+01 0.000000000000000000e+00 1.600000000000000089e+00 -8.829999999999999958e-04 2.788000000000000114e-03 -9.999959999999999960e-01 -4.742419999999999969e-01 -8.803919999999999524e-01 -2.036000000000000049e-03 -8.803940000000000099e-01 4.742379999999999929e-01 2.099999999999999870e-03
2.000000000000000000e+00 2.000000000000000000e+00 1.900000000000000000e+01 0.000000000000000000e+00 1.600000000000000089e+00 -1.559000000000000056e-03 -1.755000000000000050e-03 -9.999970000000000248e-01 1.465370000000000006e-01 -9.892039999999999722e-01 1.507000000000000093e-03 -9.892039999999999722e-01 -1.465339999999999976e-01 1.799000000000000035e-03
1.200000000000000000e+01 2.000000000000000000e+00 1.900000000000000000e+01 0.000000000000000000e+00 1.600000000000000089e+00 2.286999999999999970e-03 -3.569999999999999823e-03 -9.999909999999999632e-01 1.546269999999999867e-01 -9.879649999999999821e-01 3.880999999999999901e-03 -9.879700000000000149e-01 -1.546349999999999947e-01 -1.706999999999999967e-03
1.600000000000000000e+01 2.000000000000000000e+00 1.900000000000000000e+01 0.000000000000000000e+00 1.600000000000000089e+00 2.968999999999999851e-03 -1.206699999999999960e-02 -9.999230000000000063e-01 1.606539999999999913e-01 -9.869329999999999492e-01 1.238700000000000044e-02 -9.870060000000000500e-01 -1.606779999999999875e-01 -9.920000000000000432e-04
1.900000000000000000e+01 2.000000000000000000e+00 1.900000000000000000e+01 0.000000000000000000e+00 1.600000000000000089e+00 3.173000000000000039e-03 -5.028999999999999616e-03 -9.999820000000000375e-01 1.642510000000000081e-01 -9.864030000000000298e-01 5.481999999999999894e-03 -9.864129999999999843e-01 -1.642659999999999954e-01 -2.304000000000000058e-03
2.400000000000000000e+01 2.000000000000000000e+00 1.900000000000000000e+01 0.000000000000000000e+00 1.600000000000000089e+00 -5.559999999999999621e-04 9.513000000000000622e-03 -9.999550000000000383e-01 1.662589999999999901e-01 -9.860370000000000523e-01 -9.473000000000000517e-03 -9.860820000000000141e-01 -1.662569999999999881e-01 -1.033000000000000064e-03
1.900000000000000000e+01 4.000000000000000000e+00 2.000000000000000000e+01 0.000000000000000000e+00 1.600000000000000089e+00 4.542000000000000030e-03 -5.499000000000000415e-03 -9.999749999999999472e-01 2.569790000000000130e-01 -9.663950000000000040e-01 6.480999999999999782e-03 -9.664059999999999873e-01 -2.570020000000000082e-01 -2.975999999999999913e-03
2.700000000000000000e+01 4.000000000000000000e+00 2.000000000000000000e+01 0.000000000000000000e+00 1.600000000000000089e+00 -1.869999999999999917e-04 7.100999999999999673e-03 -9.999749999999999472e-01 2.526610000000000245e-01 -9.675300000000000011e-01 -6.917999999999999670e-03 -9.675550000000000539e-01 -2.526559999999999917e-01 -1.613000000000000067e-03
6.000000000000000000e+00 1.300000000000000000e+01 2.000000000000000000e+01 0.000000000000000000e+00 1.600000000000000089e+00 1.193000000000000050e-03 5.363999999999999845e-03 9.999850000000000128e-01 2.529620000000000202e-01 9.674610000000000154e-01 -5.492000000000000354e-03 -9.674749999999999739e-01 2.529649999999999954e-01 -2.020000000000000040e-04
1.200000000000000000e+01 1.300000000000000000e+01 2.000000000000000000e+01 0.000000000000000000e+00 1.600000000000000089e+00 2.699999999999999899e-05 3.602000000000000167e-03 9.999940000000000495e-01 2.521510000000000140e-01 9.676820000000000421e-01 -3.493000000000000011e-03 -9.676879999999999926e-01 2.521490000000000120e-01 -8.819999999999999715e-04
1.900000000000000000e+01 1.300000000000000000e+01 2.000000000000000000e+01 0.000000000000000000e+00 1.600000000000000089e+00 -8.570000000000000144e-04 8.379999999999999862e-04 9.999989999999999712e-01 2.557590000000000141e-01 9.667400000000000437e-01 -5.910000000000000539e-04 -9.667400000000000437e-01 2.557579999999999854e-01 -1.043000000000000090e-03
2.200000000000000000e+01 1.300000000000000000e+01 2.000000000000000000e+01 0.000000000000000000e+00 1.600000000000000089e+00 -1.175999999999999962e-03 -5.720000000000000258e-04 9.999989999999999712e-01 2.569270000000000165e-01 9.664300000000000113e-01 8.549999999999999658e-04 -9.664300000000000113e-01 2.569279999999999897e-01 -9.899999999999999946e-04
1.200000000000000000e+01 1.600000000000000000e+01 2.100000000000000000e+01 0.000000000000000000e+00 1.600000000000000089e+00 -5.789999999999999791e-04 -1.126999999999999964e-03 9.999989999999999712e-01 2.979430000000000134e-01 9.545829999999999593e-01 1.247999999999999977e-03 -9.545829999999999593e-01 2.979439999999999866e-01 -2.169999999999999891e-04
2.400000000000000000e+01 1.600000000000000000e+01 2.100000000000000000e+01 0.000000000000000000e+00 1.600000000000000089e+00 -1.804999999999999964e-03 -5.619999999999999996e-04 9.999980000000000535e-01 2.997319999999999984e-01 9.540229999999999544e-01 1.077000000000000049e-03 -9.540220000000000367e-01 2.997330000000000272e-01 -1.554000000000000043e-03
3.000000000000000000e+01 1.600000000000000000e+01 2.100000000000000000e+01 0.000000000000000000e+00 1.600000000000000089e+00 1.882999999999999908e-03 1.142199999999999986e-02 9.999329999999999607e-01 2.975579999999999892e-01 9.546350000000000113e-01 -1.146499999999999950e-02 -9.547020000000000506e-01 2.975590000000000179e-01 -1.600999999999999993e-03
8.000000000000000000e+00 4.600000000000000000e+01 2.700000000000000000e+01 0.000000000000000000e+00 1.600000000000000089e+00 1.221000000000000080e-03 2.139999999999999975e-03 -9.999970000000000248e-01 6.776309999999999834e-01 7.353979999999999961e-01 2.402000000000000055e-03 7.354009999999999714e-01 -6.776320000000000121e-01 -5.519999999999999733e-04
1.200000000000000000e+01 4.600000000000000000e+01 2.700000000000000000e+01 0.000000000000000000e+00 1.600000000000000089e+00 1.905000000000000009e-03 1.309000000000000051e-03 -9.999970000000000248e-01 6.852190000000000225e-01 7.283340000000000369e-01 2.259000000000000157e-03 7.283349999999999547e-01 -6.852209999999999690e-01 4.899999999999999842e-04
1.500000000000000000e+01 4.600000000000000000e+01 2.700000000000000000e+01 0.000000000000000000e+00 1.600000000000000089e+00 1.763000000000000027e-03 3.119999999999999944e-04 -9.999980000000000535e-01 6.846179999999999488e-01 7.289010000000000211e-01 1.435000000000000078e-03 7.288999999999999924e-01 -6.846189999999999776e-01 1.072000000000000036e-03
3.000000000000000000e+00 4.600000000000000000e+01 3.000000000000000000e+01 0.000000000000000000e+00 1.600000000000000089e+00 9.529999999999999626e-04 -1.474000000000000050e-03 -9.999980000000000535e-01 3.228480000000000238e-01 9.464500000000000135e-01 -1.087000000000000076e-03 9.464500000000000135e-01 -3.228460000000000218e-01 1.378000000000000102e-03
7.000000000000000000e+00 4.600000000000000000e+01 3.000000000000000000e+01 0.000000000000000000e+00 1.600000000000000089e+00 -6.009999999999999717e-04 5.999999999999999474e-04 -1.000000000000000000e+00 3.312689999999999801e-01 9.435360000000000413e-01 3.680000000000000003e-04 9.435360000000000413e-01 -3.312689999999999801e-01 -7.659999999999999708e-04
1.400000000000000000e+01 4.600000000000000000e+01 3.000000000000000000e+01 0.000000000000000000e+00 1.600000000000000089e+00 1.735999999999999913e-03 1.572999999999999962e-03 -9.999970000000000248e-01 3.372680000000000122e-01 9.414059999999999651e-01 2.066000000000000128e-03 9.414069999999999938e-01 -3.372709999999999875e-01 1.103999999999999947e-03
1.800000000000000000e+01 4.600000000000000000e+01 3.000000000000000000e+01 0.000000000000000000e+00 1.600000000000000089e+00 -4.650000000000000270e-04 2.599999999999999840e-05 -1.000000000000000000e+00 3.349869999999999792e-01 9.422230000000000327e-01 -1.310000000000000129e-04 9.422230000000000327e-01 -3.349869999999999792e-01 -4.470000000000000232e-04
3.000000000000000000e+00 5.800000000000000000e+01 3.100000000000000000e+01 0.000000000000000000e+00 1.600000000000000089e+00 -1.253999999999999906e-03 -3.674999999999999881e-03 9.999919999999999920e-01 -7.710059999999999691e-01 -6.368200000000000527e-01 -3.307000000000000044e-03 6.368270000000000319e-01 -7.710040000000000227e-01 -2.034999999999999917e-03
1.100000000000000000e+01 5.800000000000000000e+01 3.100000000000000000e+01 0.000000000000000000e+00 1.600000000000000089e+00 -2.467000000000000009e-03 -5.320000000000000293e-04 9.999970000000000248e-01 -7.780679999999999819e-01 -6.281759999999999566e-01 -2.252999999999999794e-03 6.281750000000000389e-01 -7.780709999999999571e-01 1.136000000000000074e-03
1.700000000000000000e+01 5.800000000000000000e+01 3.100000000000000000e+01 0.000000000000000000e+00 1.600000000000000089e+00 -9.730000000000000151e-04 1.706000000000000051e-03 9.999980000000000535e-01 -7.848789999999999933e-01 -6.196490000000000054e-01 2.939999999999999905e-04 6.196479999999999766e-01 -7.848779999999999646e-01 1.941999999999999933e-03
2.200000000000000000e+01 5.800000000000000000e+01 3.100000000000000000e+01 0.000000000000000000e+00 1.600000000000000089e+00 -2.396000000000000126e-03 -2.348999999999999960e-03 9.999940000000000495e-01 -7.875029999999999530e-01 -6.163020000000000165e-01 -3.334000000000000158e-03 6.163070000000000492e-01 -7.875060000000000393e-01 -3.730000000000000134e-04
2.800000000000000000e+01 5.800000000000000000e+01 3.100000000000000000e+01 0.000000000000000000e+00 1.600000000000000089e+00 -3.044999999999999964e-03 2.706000000000000072e-03 9.999919999999999920e-01 -7.902230000000000087e-01 -6.128190000000000026e-01 -7.479999999999999670e-04 6.128120000000000234e-01 -7.902190000000000047e-01 4.003999999999999747e-03
6.000000000000000000e+00 6.000000000000000000e+00 3.200000000000000000e+01 0.000000000000000000e+00 1.600000000000000089e+00 -3.809999999999999910e-04 3.951999999999999784e-03 -9.999919999999999920e-01 1.984059999999999990e-01 9.801119999999999832e-01 3.798000000000000161e-03 9.801199999999999912e-01 -1.984029999999999960e-01 -1.157000000000000042e-03
2.700000000000000000e+01 2.200000000000000000e+01 3.400000000000000000e+01 0.000000000000000000e+00 1.600000000000000089e+00 1.884000000000000041e-03 2.736999999999999850e-03 9.999949999999999672e-01 3.795490000000000252e-01 -9.251700000000000479e-01 1.817000000000000039e-03 9.251700000000000479e-01 3.795430000000000192e-01 -2.781000000000000052e-03
2.700000000000000000e+01 4.300000000000000000e+01 3.400000000000000000e+01 0.000000000000000000e+00 1.600000000000000089e+00 1.855000000000000095e-03 -4.240999999999999978e-03 -9.999890000000000168e-01 -3.310020000000000184e-01 9.436189999999999856e-01 -4.616000000000000311e-03 9.436280000000000223e-01 3.310069999999999957e-01 3.460000000000000076e-04
1.000000000000000000e+00 4.600000000000000000e+01 3.500000000000000000e+01 0.000000000000000000e+00 1.600000000000000089e+00 5.999999999999999474e-04 -1.445000000000000104e-03 -9.999989999999999712e-01 3.867510000000000114e-01 -9.221829999999999750e-01 1.564000000000000069e-03 -9.221840000000000037e-01 -3.867519999999999847e-01 6.000000000000000152e-06
8.000000000000000000e+00 4.600000000000000000e+01 3.500000000000000000e+01 0.000000000000000000e+00 1.600000000000000089e+00 -1.859999999999999945e-04 5.158000000000000258e-03 -9.999869999999999592e-01 3.875549999999999828e-01 -9.218340000000000423e-01 -4.826999999999999694e-03 -9.218469999999999720e-01 -3.875509999999999788e-01 -1.827999999999999981e-03
1.300000000000000000e+01 4.600000000000000000e+01 3.500000000000000000e+01 0.000000000000000000e+00 1.600000000000000089e+00 -6.790000000000000245e-04 -6.220000000000000485e-04 -1.000000000000000000e+00 3.876749999999999918e-01 -9.217959999999999487e-01 3.099999999999999999e-04 -9.217959999999999487e-01 -3.876749999999999918e-01 8.670000000000000406e-04
1.800000000000000000e+01 4.600000000000000000e+01 3.500000000000000000e+01 0.000000000000000000e+00 1.600000000000000089e+00 1.150000000000000035e-04 -1.100000000000000039e-04 -1.000000000000000000e+00 3.877519999999999856e-01 -9.217640000000000278e-01 1.459999999999999981e-04 -9.217640000000000278e-01 -3.877519999999999856e-01 -6.299999999999999990e-05
2.300000000000000000e+01 4.600000000000000000e+01 3.500000000000000000e+01 0.000000000000000000e+00 1.600000000000000089e+00 4.139999999999999800e-04 1.799999999999999951e-03 -9.999980000000000535e-01 3.875910000000000188e-01 -9.218300000000000383e-01 -1.498999999999999898e-03 -9.218309999999999560e-01 -3.875899999999999901e-01 -1.079000000000000098e-03
3.000000000000000000e+01 4.600000000000000000e+01 3.500000000000000000e+01 0.000000000000000000e+00 1.600000000000000089e+00 -2.771000000000000026e-03 3.866000000000000079e-03 -9.999890000000000168e-01 3.891859999999999764e-01 -9.211479999999999668e-01 -4.638999999999999894e-03 -9.211549999999999461e-01 -3.891939999999999844e-01 1.048000000000000103e-03
5.000000000000000000e+00 9.500000000000000000e+01 3.600000000000000000e+01 0.000000000000000000e+00 1.600000000000000089e+00 5.741999999999999708e-03 1.079699999999999931e-02 9.999249999999999527e-01 9.965629999999999766e-01 8.257899999999999963e-02 -6.615000000000000220e-03 -8.264399999999999524e-02 9.965260000000000229e-01 -1.028500000000000074e-02
8.000000000000000000e+00 9.500000000000000000e+01 3.600000000000000000e+01 0.000000000000000000e+00 1.600000000000000089e+00 3.540999999999999877e-03 2.804000000000000069e-03 9.999900000000000455e-01 9.961170000000000302e-01 8.795500000000000540e-02 -3.774000000000000011e-03 -8.796500000000000152e-02 9.961210000000000342e-01 -2.481999999999999831e-03
1.300000000000000000e+01 9.500000000000000000e+01 3.600000000000000000e+01 0.000000000000000000e+00 1.600000000000000089e+00 -2.491999999999999858e-03 -4.974000000000000123e-03 9.999850000000000128e-01 9.960550000000000237e-01 8.869199999999999307e-02 2.922999999999999817e-03 -8.870500000000000607e-02 9.960470000000000157e-01 4.734000000000000360e-03
2.100000000000000000e+01 9.500000000000000000e+01 3.600000000000000000e+01 0.000000000000000000e+00 1.600000000000000089e+00 -2.184999999999999876e-03 1.889999999999999970e-03 9.999959999999999960e-01 9.964129999999999932e-01 8.459999999999999465e-02 2.017000000000000130e-03 -8.459600000000000453e-02 9.964129999999999932e-01 -2.067999999999999960e-03
2.500000000000000000e+01 9.500000000000000000e+01 3.600000000000000000e+01 0.000000000000000000e+00 1.600000000000000089e+00 -9.173999999999999863e-03 -1.762199999999999878e-02 9.998029999999999973e-01 9.967030000000000056e-01 8.044700000000000462e-02 1.056400000000000047e-02 -8.061699999999999422e-02 9.966030000000000166e-01 1.682600000000000068e-02
2.000000000000000000e+00 3.000000000000000000e+00 4.300000000000000000e+01 0.000000000000000000e+00 1.600000000000000089e+00 -3.419999999999999863e-03 1.678999999999999937e-02 -9.998529999999999918e-01 7.364549999999999708e-01 -6.763439999999999452e-01 -1.387700000000000045e-02 -6.764769999999999950e-01 -7.363950000000000218e-01 -1.005200000000000017e-02
7.000000000000000000e+00 3.000000000000000000e+00 4.300000000000000000e+01 0.000000000000000000e+00 1.600000000000000089e+00 3.817000000000000080e-03 1.363900000000000008e-02 -9.999000000000000110e-01 7.298980000000000468e-01 -6.835240000000000204e-01 -6.537000000000000276e-03 -6.835449999999999582e-01 -7.298000000000000043e-01 -1.256400000000000051e-02
1.000000000000000000e+01 3.000000000000000000e+00 4.300000000000000000e+01 0.000000000000000000e+00 1.600000000000000089e+00 -1.858000000000000059e-03 -7.440000000000000432e-03 -9.999710000000000543e-01 7.302939999999999987e-01 -6.831230000000000357e-01 3.725000000000000012e-03 -6.831300000000000150e-01 -7.302659999999999707e-01 6.702999999999999757e-03
2.300000000000000000e+01 3.000000000000000000e+00 4.300000000000000000e+01 0.000000000000000000e+00 1.600000000000000089e+00 2.047000000000000208e-03 1.167100000000000082e-02 -9.999299999999999855e-01 7.327620000000000244e-01 -6.804550000000000320e-01 -6.441999999999999810e-03 -6.804820000000000313e-01 -7.326970000000000427e-01 -9.945000000000000714e-03
9.000000000000000000e+00 2.900000000000000000e+01 4.400000000000000000e+01 0.000000000000000000e+00 1.600000000000000089e+00 3.860999999999999849e-03 3.572999999999999787e-03 -9.999860000000000415e-01 6.714409999999999545e-01 7.410390000000000033e-01 5.239999999999999866e-03 7.410480000000000400e-01 -6.714520000000000488e-01 4.620000000000000083e-04
1.500000000000000000e+01 2.900000000000000000e+01 4.400000000000000000e+01 0.000000000000000000e+00 1.600000000000000089e+00 8.099999999999999561e-04 5.394000000000000357e-03 -9.999850000000000128e-01 6.758950000000000236e-01 7.369839999999999725e-01 4.523000000000000111e-03 7.369970000000000132e-01 -6.758889999999999620e-01 -3.049000000000000061e-03
2.100000000000000000e+01 2.900000000000000000e+01 4.400000000000000000e+01 0.000000000000000000e+00 1.600000000000000089e+00 -2.394999999999999993e-03 2.610000000000000015e-04 -9.999970000000000248e-01 6.813719999999999777e-01 7.319360000000000310e-01 -1.441000000000000007e-03 7.319329999999999448e-01 -6.813740000000000352e-01 -1.930999999999999991e-03
2.500000000000000000e+01 2.900000000000000000e+01 4.400000000000000000e+01 0.000000000000000000e+00 1.600000000000000089e+00 -6.539999999999999590e-04 2.399999999999999790e-03 -9.999970000000000248e-01 6.789359999999999840e-01 7.341959999999999598e-01 1.317999999999999944e-03 7.341969999999999885e-01 -6.789330000000000087e-01 -2.109999999999999896e-03
2.900000000000000000e+01 2.900000000000000000e+01 4.400000000000000000e+01 0.000000000000000000e+00 1.600000000000000089e+00 2.279999999999999909e-03 2.863000000000000093e-03 -9.999930000000000208e-01 6.743209999999999482e-01 7.384290000000000020e-01 3.651000000000000165e-03 7.384349999999999525e-01 -6.743249999999999522e-01 -2.469999999999999865e-04
1.200000000000000000e+01 6.500000000000000000e+01 4.600000000000000000e+01 0.000000000000000000e+00 1.600000000000000089e+00 -2.407999999999999984e-03 1.788000000000000093e-03 9.999959999999999960e-01 6.843069999999999986e-01 -7.291879999999999473e-01 2.952000000000000197e-03 7.291900000000000048e-01 6.843110000000000026e-01 5.320000000000000293e-04
3.000000000000000000e+00 5.000000000000000000e+00 5.100000000000000000e+01 0.000000000000000000e+00 1.600000000000000089e+00 -3.519999999999999908e-04 7.758000000000000139e-03 -9.999700000000000255e-01 4.730909999999999838e-01 -8.809860000000000468e-01 -7.002000000000000411e-03 -8.810139999999999638e-01 -4.730790000000000273e-01 -3.360999999999999838e-03
1.300000000000000000e+01 5.000000000000000000e+00 5.100000000000000000e+01 0.000000000000000000e+00 1.600000000000000089e+00 -2.171999999999999886e-03 8.838999999999999635e-03 -9.999590000000000423e-01 4.771730000000000138e-01 -8.787650000000000183e-01 -8.803999999999999326e-03 -8.788059999999999761e-01 -4.771730000000000138e-01 -2.308999999999999855e-03
2.300000000000000000e+01 5.000000000000000000e+00 5.100000000000000000e+01 0.000000000000000000e+00 1.600000000000000089e+00 1.807000000000000012e-03 2.090999999999999977e-03 -9.999959999999999960e-01 4.893890000000000184e-01 -8.720649999999999791e-01 -9.389999999999999476e-04 -8.720639999999999503e-01 -4.893850000000000144e-01 -2.599000000000000182e-03
3.000000000000000000e+00 6.300000000000000000e+01 5.400000000000000000e+01 0.000000000000000000e+00 1.600000000000000089e+00 -1.200000000000000030e-05 9.959999999999999236e-04 1.000000000000000000e+00 -3.550619999999999887e-01 9.348419999999999508e-01 -9.349999999999999587e-04 -9.348429999999999795e-01 -3.550619999999999887e-01 3.429999999999999889e-04
7.000000000000000000e+00 6.300000000000000000e+01 5.400000000000000000e+01 0.000000000000000000e+00 1.600000000000000089e+00 -6.949999999999999798e-04 1.041999999999999958e-03 9.999989999999999712e-01 -3.519939999999999736e-01 9.360020000000000007e-01 -1.219999999999999947e-03 -9.360020000000000007e-01 -3.519939999999999736e-01 -2.840000000000000185e-04
1.200000000000000000e+01 6.300000000000000000e+01 5.400000000000000000e+01 0.000000000000000000e+00 1.600000000000000089e+00 2.359999999999999902e-04 -1.567999999999999949e-03 9.999989999999999712e-01 -3.490800000000000014e-01 9.370920000000000361e-01 1.551999999999999994e-03 -9.370929999999999538e-01 -3.490800000000000014e-01 -3.260000000000000094e-04
1.800000000000000000e+01 6.300000000000000000e+01 5.400000000000000000e+01 0.000000000000000000e+00 1.600000000000000089e+00 1.242999999999999964e-03 -1.404999999999999999e-03 9.999980000000000535e-01 -3.433740000000000125e-01 9.391969999999999485e-01 1.745999999999999939e-03 -9.391979999999999773e-01 -3.433749999999999858e-01 6.859999999999999779e-04
2.200000000000000000e+01 6.300000000000000000e+01 5.400000000000000000e+01 0.000000000000000000e+00 1.600000000000000089e+00 -2.870999999999999854e-03 -8.500000000000000611e-05 9.999959999999999960e-01 -3.451089999999999991e-01 9.385620000000000074e-01 -9.110000000000000259e-04 -9.385580000000000034e-01 -3.451110000000000011e-01 -2.723999999999999859e-03
2.800000000000000000e+01 6.300000000000000000e+01 5.400000000000000000e+01 0.000000000000000000e+00 1.600000000000000089e+00 1.923999999999999929e-03 3.746000000000000198e-03 9.999909999999999632e-01 -3.520940000000000181e-01 9.359600000000000142e-01 -2.828999999999999918e-03 -9.359629999999999894e-01 -3.520849999999999813e-01 3.119999999999999944e-03
5.000000000000000000e+00 2.500000000000000000e+01 5.500000000000000000e+01 0.000000000000000000e+00 1.600000000000000089e+00 -4.040000000000000080e-04 4.159000000000000370e-03 -9.999909999999999632e-01 -1.186899999999999934e-02 -9.999209999999999487e-01 -4.153999999999999707e-03 -9.999289999999999567e-01 1.186700000000000081e-02 4.530000000000000064e-04
8.000000000000000000e+00 2.500000000000000000e+01 5.500000000000000000e+01 0.000000000000000000e+00 1.600000000000000089e+00 -3.739999999999999835e-04 3.249000000000000152e-03 -9.999949999999999672e-01 -1.213499999999999995e-02 -9.999209999999999487e-01 -3.243999999999999922e-03 -9.999259999999999815e-01 1.213400000000000069e-02 4.139999999999999800e-04
1.400000000000000000e+01 2.500000000000000000e+01 5.500000000000000000e+01 0.000000000000000000e+00 1.600000000000000089e+00 1.415000000000000025e-03 -4.100000000000000047e-05 -9.999989999999999712e-01 -1.081499999999999996e-02 -9.999419999999999975e-01 2.500000000000000120e-05 -9.999409999999999688e-01 1.081499999999999996e-02 -1.415000000000000025e-03
2.100000000000000000e+01 2.500000000000000000e+01 5.500000000000000000e+01 0.000000000000000000e+00 1.600000000000000089e+00 1.039999999999999936e-04 -5.270000000000000162e-04 -1.000000000000000000e+00 -9.955000000000000307e-03 -9.999500000000000055e-01 5.259999999999999919e-04 -9.999500000000000055e-01 9.955000000000000307e-03 -1.090000000000000067e-04
2.300000000000000000e+01 2.500000000000000000e+01 5.500000000000000000e+01 0.000000000000000000e+00 1.600000000000000089e+00 2.730000000000000222e-04 -3.899999999999999929e-05 -1.000000000000000000e+00 -1.028199999999999947e-02 -9.999470000000000303e-01 3.600000000000000091e-05 -9.999470000000000303e-01 1.028199999999999947e-02 -2.730000000000000222e-04
1.500000000000000000e+01 5.800000000000000000e+01 5.900000000000000000e+01 0.000000000000000000e+00 1.600000000000000089e+00 1.008999999999999914e-03 4.989999999999999861e-04 -9.999989999999999712e-01 3.878469999999999973e-01 9.217229999999999590e-01 8.520000000000000013e-04 9.217229999999999590e-01 -3.878480000000000261e-01 7.370000000000000249e-04
1.100000000000000000e+01 7.000000000000000000e+00 6.000000000000000000e+01 0.000000000000000000e+00 1.600000000000000089e+00 -3.870999999999999875e-03 3.442000000000000181e-03 9.999869999999999592e-01 5.659560000000000146e-01 -8.244200000000000417e-01 5.028999999999999616e-03 8.244270000000000209e-01 5.659680000000000266e-01 1.242999999999999964e-03
1.000000000000000000e+01 2.100000000000000000e+01 6.000000000000000000e+01 0.000000000000000000e+00 1.600000000000000089e+00 -1.918000000000000000e-03 -1.477700000000000020e-02 9.998890000000000278e-01 -9.442300000000000693e-02 9.954260000000000330e-01 1.452999999999999951e-02 -9.955300000000000260e-01 -9.438499999999999668e-02 -3.304000000000000079e-03
1.600000000000000000e+01 2.100000000000000000e+01 6.000000000000000000e+01 0.000000000000000000e+00 1.600000000000000089e+00 4.270000000000000249e-04 6.464000000000000128e-03 9.999789999999999512e-01 -9.513900000000000134e-02 9.954429999999999668e-01 -6.394000000000000378e-03 -9.954640000000000155e-01 -9.513399999999999634e-02 1.039999999999999909e-03
2.100000000000000000e+01 2.100000000000000000e+01 6.000000000000000000e+01 0.000000000000000000e+00 1.600000000000000089e+00 3.190000000000000019e-04 -3.837999999999999832e-03 9.999930000000000208e-01 -9.685599999999999765e-02 9.952910000000000368e-01 3.850999999999999823e-03 -9.952980000000000160e-01 -9.685599999999999765e-02 -5.399999999999999798e-05
2.700000000000000000e+01 3.000000000000000000e+00 6.300000000000000000e+01 0.000000000000000000e+00 1.600000000000000089e+00 1.564000000000000069e-03 -6.275000000000000196e-03 9.999789999999999512e-01 -6.146970000000000489e-01 7.887410000000000254e-01 5.910999999999999588e-03 -7.887610000000000454e-01 -6.146939999999999626e-01 -2.624000000000000030e-03
5.000000000000000000e+00 2.700000000000000000e+01 6.300000000000000000e+01 0.000000000000000000e+00 1.600000000000000089e+00 -1.520000000000000084e-04 2.745000000000000044e-03 9.999959999999999960e-01 -2.745520000000000183e-01 9.615690000000000071e-01 -2.680999999999999790e-03 -9.615719999999999823e-01 -2.745509999999999895e-01 6.080000000000000335e-04
1.100000000000000000e+01 2.700000000000000000e+01 6.300000000000000000e+01 0.000000000000000000e+00 1.600000000000000089e+00 -1.273000000000000043e-03 -8.238000000000000531e-03 9.999649999999999928e-01 -2.717849999999999988e-01 9.623279999999999612e-01 7.582000000000000198e-03 -9.623570000000000180e-01 -2.717660000000000076e-01 -3.464000000000000065e-03
1.500000000000000000e+01 2.700000000000000000e+01 6.300000000000000000e+01 0.000000000000000000e+00 1.600000000000000089e+00 4.500000000000000283e-05 -8.184000000000000302e-03 9.999670000000000503e-01 -2.711939999999999906e-01 9.624920000000000142e-01 7.889000000000000179e-03 -9.625249999999999639e-01 -2.711859999999999826e-01 -2.175999999999999983e-03
1.900000000000000000e+01 2.700000000000000000e+01 6.300000000000000000e+01 0.000000000000000000e+00 1.600000000000000089e+00 -1.268999999999999946e-03 -3.543999999999999841e-03 9.999930000000000208e-01 -2.733999999999999764e-01 9.618959999999999733e-01 3.062000000000000052e-03 -9.618999999999999773e-01 -2.733940000000000259e-01 -2.190000000000000106e-03
2.400000000000000000e+01 2.700000000000000000e+01 6.300000000000000000e+01 0.000000000000000000e+00 1.600000000000000089e+00 -4.189999999999999931e-04 -5.383999999999999897e-03 9.999850000000000128e-01 -2.776649999999999952e-01 9.606649999999999912e-01 5.055999999999999731e-03 -9.606780000000000319e-01 -2.776589999999999892e-01 -1.897000000000000032e-03
2.900000000000000000e+01 2.700000000000000000e+01 6.300000000000000000e+01 0.000000000000000000e+00 1.600000000000000089e+00 3.950000000000000061e-04 -1.968000000000000131e-03 9.999980000000000535e-01 -2.809050000000000158e-01 9.597339999999999760e-01 2.000000000000000042e-03 -9.597360000000000335e-01 -2.809050000000000158e-01 -1.730000000000000038e-04
6.000000000000000000e+00 2.600000000000000000e+01 6.400000000000000000e+01 0.000000000000000000e+00 1.600000000000000089e+00 -1.526999999999999929e-03 1.350000000000000071e-03 9.999980000000000535e-01 -3.445639999999999814e-01 9.387609999999999566e-01 -1.793000000000000106e-03 -9.387609999999999566e-01 -3.445670000000000122e-01 -9.690000000000000262e-04
1.500000000000000000e+01 2.600000000000000000e+01 6.400000000000000000e+01 0.000000000000000000e+00 1.600000000000000089e+00 1.088999999999999907e-03 -1.251500000000000008e-02 9.999209999999999487e-01 -3.499459999999999793e-01 9.366919999999999691e-01 1.210499999999999944e-02 -9.367689999999999628e-01 -3.499320000000000208e-01 -3.360000000000000139e-03
1.900000000000000000e+01 2.600000000000000000e+01 6.400000000000000000e+01 0.000000000000000000e+00 1.600000000000000089e+00 -6.999999999999999387e-05 -6.562000000000000124e-03 9.999789999999999512e-01 -3.544590000000000241e-01 9.350519999999999943e-01 6.111000000000000112e-03 -9.350720000000000143e-01 -3.544510000000000161e-01 -2.390999999999999896e-03
2.400000000000000000e+01 2.600000000000000000e+01 6.400000000000000000e+01 0.000000000000000000e+00 1.600000000000000089e+00 6.939999999999999555e-04 -6.354000000000000273e-03 9.999799999999999800e-01 -3.602330000000000254e-01 9.328419999999999490e-01 6.178000000000000332e-03 -9.328619999999999690e-01 -3.602299999999999947e-01 -1.641000000000000097e-03
