2.200000000000000000e+01 1.900000000000000000e+01 5.000000000000000000e+00 0.000000000000000000e+00 1.600000000000000089e+00 2.849999999999999886e-04 -1.759999999999999954e-04 -1.000000000000000000e+00 -7.075190000000000090e-01 -7.066940000000000444e-01 -7.700000000000000139e-05 -7.066940000000000444e-01 7.075190000000000090e-01 -3.260000000000000094e-04
2.000000000000000000e+00 1.010000000000000000e+02 7.000000000000000000e+00 0.000000000000000000e+00 1.600000000000000089e+00 -2.053000000000000137e-03 -1.216599999999999973e-02 9.999240000000000350e-01 8.878129999999999633e-01 4.601439999999999975e-01 7.420999999999999645e-03 -4.601990000000000247e-01 8.877610000000000223e-01 9.856000000000000177e-03
5.000000000000000000e+00 1.010000000000000000e+02 7.000000000000000000e+00 0.000000000000000000e+00 1.600000000000000089e+00 -2.848999999999999970e-03 -1.791699999999999890e-02 9.998350000000000293e-01 8.888230000000000297e-01 4.581259999999999777e-01 1.074199999999999981e-02 -4.582430000000000114e-01 8.887070000000000247e-01 1.461999999999999932e-02
9.000000000000000000e+00 1.010000000000000000e+02 7.000000000000000000e+00 0.000000000000000000e+00 1.600000000000000089e+00 -3.652999999999999997e-03 -1.360500000000000077e-02 9.999010000000000398e-01 8.908150000000000235e-01 4.542680000000000051e-01 9.435000000000000678e-03 -4.543510000000000049e-01 8.907610000000000250e-01 1.046000000000000055e-02
1.400000000000000000e+01 1.010000000000000000e+02 7.000000000000000000e+00 0.000000000000000000e+00 1.600000000000000089e+00 -2.745000000000000044e-03 -1.602599999999999858e-02 9.998679999999999790e-01 8.899040000000000283e-01 4.560429999999999762e-01 9.752999999999999517e-03 -4.561390000000000167e-01 8.898139999999999938e-01 1.300899999999999973e-02
2.500000000000000000e+01 1.010000000000000000e+02 7.000000000000000000e+00 0.000000000000000000e+00 1.600000000000000089e+00 6.620000000000000450e-04 -7.383999999999999939e-03 9.999730000000000008e-01 8.884549999999999947e-01 4.589550000000000018e-01 2.801000000000000104e-03 -4.589639999999999831e-01 8.884290000000000243e-01 6.864000000000000309e-03
4.000000000000000000e+00 2.500000000000000000e+01 8.000000000000000000e+00 0.000000000000000000e+00 1.600000000000000089e+00 3.950000000000000061e-04 1.061000000000000094e-03 -9.999989999999999712e-01 4.354930000000000190e-01 9.001919999999999922e-01 1.126999999999999964e-03 9.001919999999999922e-01 -4.354930000000000190e-01 -1.060000000000000016e-04
9.000000000000000000e+00 2.500000000000000000e+01 8.000000000000000000e+00 0.000000000000000000e+00 1.600000000000000089e+00 -2.850000000000000103e-03 -1.111999999999999924e-03 -9.999949999999999672e-01 4.365200000000000191e-01 8.996920000000000472e-01 -2.245000000000000034e-03 8.996899999999999897e-01 -4.365240000000000231e-01 -2.079000000000000119e-03
1.300000000000000000e+01 2.500000000000000000e+01 8.000000000000000000e+00 0.000000000000000000e+00 1.600000000000000089e+00 -8.620000000000000275e-04 -1.415999999999999941e-03 -9.999989999999999712e-01 4.371459999999999790e-01 8.993889999999999940e-01 -1.649999999999999991e-03 8.993900000000000228e-01 -4.371470000000000078e-01 -1.559999999999999972e-04
2.200000000000000000e+01 2.500000000000000000e+01 8.000000000000000000e+00 0.000000000000000000e+00 1.600000000000000089e+00 -1.907999999999999974e-03 8.387999999999999623e-03 -9.999630000000000463e-01 4.364080000000000181e-01 8.997239999999999682e-01 6.714999999999999615e-03 8.997469999999999635e-01 -4.363790000000000169e-01 -5.376999999999999835e-03
2.800000000000000000e+01 2.500000000000000000e+01 8.000000000000000000e+00 0.000000000000000000e+00 1.600000000000000089e+00 -3.159999999999999832e-04 8.708999999999999728e-03 -9.999620000000000175e-01 4.362590000000000079e-01 8.997880000000000322e-01 7.699000000000000114e-03 8.998209999999999820e-01 -4.362400000000000166e-01 -4.082999999999999824e-03
1.600000000000000000e+01 9.000000000000000000e+00 9.000000000000000000e+00 0.000000000000000000e+00 1.600000000000000089e+00 1.611599999999999838e-02 6.760000000000000384e-03 -9.998470000000000413e-01 -9.714359999999999662e-01 -2.366729999999999945e-01 -1.725900000000000004e-02 -2.367529999999999912e-01 9.715660000000000407e-01 2.752999999999999805e-03
2.200000000000000000e+01 9.000000000000000000e+00 9.000000000000000000e+00 0.000000000000000000e+00 1.600000000000000089e+00 2.598900000000000168e-02 1.519900000000000070e-02 -9.995469999999999633e-01 -9.741260000000000474e-01 -2.241720000000000101e-01 -2.873699999999999866e-02 -2.245070000000000121e-01 9.744310000000000471e-01 8.978999999999999135e-03
2.700000000000000000e+01 9.000000000000000000e+00 9.000000000000000000e+00 0.000000000000000000e+00 1.600000000000000089e+00 2.886199999999999877e-02 8.333999999999999395e-03 -9.995490000000000208e-01 -9.838050000000000406e-01 -1.767320000000000002e-01 -2.988100000000000131e-02 -1.769010000000000027e-01 9.842239999999999878e-01 3.098000000000000059e-03
9.000000000000000000e+00 2.400000000000000000e+01 9.000000000000000000e+00 0.000000000000000000e+00 1.600000000000000089e+00 -2.907999999999999995e-03 -1.456000000000000046e-03 -9.999949999999999672e-01 4.430870000000000086e-01 8.964750000000000218e-01 -2.593999999999999952e-03 8.964739999999999931e-01 -4.430919999999999859e-01 -1.962000000000000202e-03
1.300000000000000000e+01 2.400000000000000000e+01 9.000000000000000000e+00 0.000000000000000000e+00 1.600000000000000089e+00 -1.038000000000000077e-03 -9.150000000000000147e-04 -9.999989999999999712e-01 4.437769999999999770e-01 8.961360000000000436e-01 -1.280000000000000105e-03 8.961369999999999614e-01 -4.437780000000000058e-01 -5.240000000000000517e-04
1.900000000000000000e+01 2.400000000000000000e+01 9.000000000000000000e+00 0.000000000000000000e+00 1.600000000000000089e+00 -1.489000000000000089e-03 1.232999999999999938e-03 -9.999980000000000535e-01 4.438920000000000088e-01 8.960799999999999876e-01 4.440000000000000045e-04 8.960789999999999589e-01 -4.438900000000000068e-01 -1.881999999999999992e-03
2.200000000000000000e+01 2.400000000000000000e+01 9.000000000000000000e+00 0.000000000000000000e+00 1.600000000000000089e+00 -1.023999999999999954e-03 2.464000000000000044e-03 -9.999959999999999960e-01 4.426470000000000127e-01 8.966939999999999911e-01 1.757000000000000098e-03 8.966950000000000198e-01 -4.426439999999999819e-01 -2.008999999999999935e-03
2.800000000000000000e+01 2.400000000000000000e+01 9.000000000000000000e+00 0.000000000000000000e+00 1.600000000000000089e+00 -1.359999999999999989e-04 7.159000000000000433e-03 -9.999740000000000295e-01 4.411280000000000201e-01 8.974220000000000530e-01 6.363999999999999865e-03 8.974440000000000195e-01 -4.411160000000000081e-01 -3.279999999999999930e-03
1.200000000000000000e+01 8.000000000000000000e+00 1.000000000000000000e+01 0.000000000000000000e+00 1.600000000000000089e+00 1.534199999999999973e-02 -3.802999999999999957e-03 -9.998749999999999583e-01 -9.943440000000000056e-01 -1.051639999999999936e-01 -1.485700000000000041e-02 -1.050949999999999940e-01 9.944479999999999986e-01 -5.394999999999999622e-03
7.000000000000000000e+00 4.000000000000000000e+00 1.100000000000000000e+01 0.000000000000000000e+00 1.600000000000000089e+00 2.301999999999999793e-03 -1.213400000000000069e-02 9.999240000000000350e-01 1.774159999999999904e-01 -9.840579999999999883e-01 -1.234999999999999987e-02 9.841330000000000355e-01 1.774310000000000054e-01 -1.119999999999999983e-04
1.300000000000000000e+01 4.000000000000000000e+00 1.100000000000000000e+01 0.000000000000000000e+00 1.600000000000000089e+00 -3.359000000000000007e-03 1.393600000000000047e-02 9.998970000000000358e-01 1.402569999999999928e-01 -9.900120000000000031e-01 1.426900000000000043e-02 9.901090000000000169e-01 1.402909999999999990e-01 1.371000000000000040e-03
1.700000000000000000e+01 4.000000000000000000e+00 1.100000000000000000e+01 0.000000000000000000e+00 1.600000000000000089e+00 -3.464000000000000065e-03 1.403300000000000033e-02 9.998960000000000070e-01 1.360510000000000053e-01 -9.905979999999999785e-01 1.437399999999999962e-02 9.906960000000000210e-01 1.360870000000000135e-01 1.521999999999999915e-03
2.200000000000000000e+01 2.900000000000000000e+01 1.300000000000000000e+01 0.000000000000000000e+00 1.600000000000000089e+00 1.800200000000000064e-02 2.697220000000000173e-01 9.627700000000000147e-01 -1.621300000000000172e-02 9.628780000000000117e-01 -2.694500000000000228e-01 -9.997070000000000123e-01 -1.075899999999999947e-02 2.170599999999999960e-02
3.000000000000000000e+00 3.200000000000000000e+01 1.400000000000000000e+01 0.000000000000000000e+00 1.600000000000000089e+00 -4.970000000000000459e-04 5.344999999999999925e-03 -9.999860000000000415e-01 1.215040000000000009e-01 9.925770000000000426e-01 5.244999999999999662e-03 9.925910000000000011e-01 -1.214999999999999969e-01 -1.142999999999999919e-03
2.800000000000000000e+01 1.200000000000000000e+01 1.600000000000000000e+01 0.000000000000000000e+00 1.600000000000000089e+00 -3.209000000000000047e-03 2.661300000000000124e-02 9.996410000000000018e-01 2.822879999999999834e-01 -9.589649999999999563e-01 2.643600000000000116e-02 9.593239999999999545e-01 2.822709999999999941e-01 -4.434999999999999706e-03
3.000000000000000000e+00 1.160000000000000000e+02 1.600000000000000000e+01 0.000000000000000000e+00 1.600000000000000089e+00 2.175999999999999983e-03 1.949999999999999965e-04 9.999980000000000535e-01 7.015460000000000029e-01 7.126219999999999777e-01 -1.665999999999999946e-03 -7.126209999999999489e-01 7.015479999999999494e-01 1.412999999999999977e-03
2.400000000000000000e+01 1.160000000000000000e+02 1.600000000000000000e+01 0.000000000000000000e+00 1.600000000000000089e+00 8.469999999999999881e-04 2.851999999999999934e-03 9.999959999999999960e-01 7.737260000000000248e-01 6.335159999999999680e-01 -2.462000000000000213e-03 -6.335199999999999720e-01 7.737239999999999673e-01 -1.668999999999999911e-03
2.700000000000000000e+01 2.000000000000000000e+00 1.900000000000000000e+01 0.000000000000000000e+00 1.600000000000000089e+00 -3.301000000000000115e-03 2.819400000000000031e-02 -9.995969999999999578e-01 3.471009999999999929e-01 -9.374219999999999775e-01 -2.758599999999999941e-02 -9.378220000000000445e-01 -3.470520000000000271e-01 -6.692000000000000032e-03
4.000000000000000000e+00 3.000000000000000000e+00 1.900000000000000000e+01 0.000000000000000000e+00 1.600000000000000089e+00 4.100000000000000047e-05 -1.016999999999999892e-03 -9.999989999999999712e-01 3.324219999999999953e-01 -9.431300000000000239e-01 9.730000000000000151e-04 -9.431310000000000526e-01 -3.324219999999999953e-01 2.990000000000000036e-04
8.000000000000000000e+00 3.000000000000000000e+00 1.900000000000000000e+01 0.000000000000000000e+00 1.600000000000000089e+00 -4.361000000000000293e-03 1.934200000000000155e-02 -9.998029999999999973e-01 3.387720000000000176e-01 -9.406630000000000269e-01 -1.967599999999999905e-02 -9.408579999999999721e-01 -3.387910000000000088e-01 -2.449999999999999921e-03
1.100000000000000000e+01 3.000000000000000000e+00 1.900000000000000000e+01 0.000000000000000000e+00 1.600000000000000089e+00 -7.028000000000000393e-03 2.473399999999999904e-02 -9.996690000000000298e-01 3.427769999999999984e-01 -9.390669999999999851e-01 -2.564500000000000113e-02 -9.393909999999999760e-01 -3.428430000000000089e-01 -1.879000000000000028e-03
1.600000000000000000e+01 3.000000000000000000e+00 1.900000000000000000e+01 0.000000000000000000e+00 1.600000000000000089e+00 -2.409000000000000117e-03 1.596300000000000149e-02 -9.998700000000000365e-01 3.456650000000000000e-01 -9.382249999999999757e-01 -1.581099999999999867e-02 -9.383550000000000502e-01 -3.456580000000000208e-01 -3.258000000000000045e-03
2.100000000000000000e+01 3.000000000000000000e+00 1.900000000000000000e+01 0.000000000000000000e+00 1.600000000000000089e+00 -3.650000000000000033e-03 1.714500000000000052e-02 -9.998460000000000125e-01 3.443780000000000174e-01 -9.386710000000000331e-01 -1.735300000000000037e-02 -9.388239999999999919e-01 -3.443880000000000274e-01 -2.478000000000000168e-03
2.400000000000000000e+01 3.000000000000000000e+00 1.900000000000000000e+01 0.000000000000000000e+00 1.600000000000000089e+00 -4.205000000000000404e-03 2.250399999999999970e-02 -9.997380000000000155e-01 3.420449999999999879e-01 -9.394120000000000248e-01 -2.258500000000000091e-02 -9.396740000000000093e-01 -3.420500000000000207e-01 -3.748000000000000029e-03
2.900000000000000000e+01 3.000000000000000000e+00 1.900000000000000000e+01 0.000000000000000000e+00 1.600000000000000089e+00 -1.948000000000000079e-03 2.419899999999999829e-02 -9.997049999999999548e-01 3.373869999999999925e-01 -9.410739999999999661e-01 -2.343800000000000050e-02 -9.413639999999999786e-01 -3.373329999999999940e-01 -6.330999999999999822e-03
1.700000000000000000e+01 4.000000000000000000e+00 2.000000000000000000e+01 0.000000000000000000e+00 1.600000000000000089e+00 -1.311000000000000099e-03 1.375600000000000087e-02 -9.999050000000000438e-01 3.792510000000000048e-01 -9.251989999999999936e-01 -1.322500000000000064e-02 -9.252930000000000321e-01 -3.792320000000000135e-01 -4.003999999999999747e-03
2.300000000000000000e+01 4.000000000000000000e+00 2.000000000000000000e+01 0.000000000000000000e+00 1.600000000000000089e+00 -3.438000000000000084e-03 1.892200000000000132e-02 -9.998150000000000093e-01 3.849250000000000171e-01 -9.227570000000000494e-01 -1.878700000000000161e-02 -9.229410000000000114e-01 -3.849190000000000111e-01 -4.111000000000000071e-03
2.000000000000000000e+00 1.300000000000000000e+01 2.000000000000000000e+01 0.000000000000000000e+00 1.600000000000000089e+00 3.370000000000000057e-04 -1.299999999999999940e-03 9.999989999999999712e-01 2.593650000000000122e-01 9.657790000000000541e-01 1.167999999999999984e-03 -9.657790000000000541e-01 2.593639999999999834e-01 6.629999999999999609e-04
6.000000000000000000e+00 1.300000000000000000e+01 2.000000000000000000e+01 0.000000000000000000e+00 1.600000000000000089e+00 8.429999999999999993e-04 -1.340999999999999961e-03 9.999989999999999712e-01 2.584629999999999983e-01 9.660210000000000186e-01 1.077999999999999965e-03 -9.660210000000000186e-01 2.584620000000000251e-01 1.160999999999999923e-03
1.200000000000000000e+01 1.300000000000000000e+01 2.000000000000000000e+01 0.000000000000000000e+00 1.600000000000000089e+00 -7.100000000000000462e-05 -1.879999999999999944e-03 9.999980000000000535e-01 2.597289999999999877e-01 9.656799999999999828e-01 1.833999999999999910e-03 -9.656810000000000116e-01 2.597289999999999877e-01 4.189999999999999931e-04
1.500000000000000000e+01 1.300000000000000000e+01 2.000000000000000000e+01 0.000000000000000000e+00 1.600000000000000089e+00 -1.520000000000000084e-04 -3.092000000000000130e-03 9.999949999999999672e-01 2.608190000000000230e-01 9.653829999999999911e-01 3.024000000000000212e-03 -9.653880000000000239e-01 2.608179999999999943e-01 6.589999999999999721e-04
1.900000000000000000e+01 1.300000000000000000e+01 2.000000000000000000e+01 0.000000000000000000e+00 1.600000000000000089e+00 1.185000000000000072e-03 -4.298999999999999870e-03 9.999900000000000455e-01 2.607809999999999850e-01 9.653899999999999704e-01 3.841999999999999929e-03 -9.653969999999999496e-01 2.607740000000000058e-01 2.265000000000000086e-03
2.300000000000000000e+01 1.300000000000000000e+01 2.000000000000000000e+01 0.000000000000000000e+00 1.600000000000000089e+00 1.820999999999999919e-03 -1.381000000000000066e-03 9.999970000000000248e-01 2.601280000000000259e-01 9.655740000000000434e-01 8.599999999999999789e-04 -9.655719999999999859e-01 2.601260000000000239e-01 2.118000000000000091e-03
2.900000000000000000e+01 1.300000000000000000e+01 2.000000000000000000e+01 0.000000000000000000e+00 1.600000000000000089e+00 8.200000000000000095e-05 4.980000000000000052e-03 9.999879999999999880e-01 2.615040000000000142e-01 9.651899999999999924e-01 -4.827999999999999826e-03 -9.652030000000000332e-01 2.615009999999999835e-01 -1.222999999999999912e-03
1.500000000000000000e+01 1.600000000000000000e+01 2.100000000000000000e+01 0.000000000000000000e+00 1.600000000000000089e+00 -6.359999999999999551e-04 -4.523000000000000111e-03 9.999900000000000455e-01 2.978740000000000276e-01 9.545940000000000536e-01 4.506999999999999722e-03 -9.546050000000000368e-01 2.978740000000000276e-01 7.399999999999999894e-04
1.300000000000000000e+01 2.000000000000000000e+00 2.500000000000000000e+01 0.000000000000000000e+00 1.600000000000000089e+00 -9.360999999999999530e-03 1.998199999999999976e-02 9.997570000000000068e-01 7.649400000000000643e-02 -9.968559999999999643e-01 2.064099999999999963e-02 9.970259999999999678e-01 7.666900000000000104e-02 7.803000000000000040e-03
1.600000000000000000e+01 2.000000000000000000e+00 2.500000000000000000e+01 0.000000000000000000e+00 1.600000000000000089e+00 -7.936000000000000346e-03 1.622399999999999884e-02 9.998369999999999758e-01 8.452600000000000391e-02 -9.962790000000000257e-01 1.683700000000000127e-02 9.963899999999999979e-01 8.464599999999999902e-02 6.535000000000000010e-03
5.000000000000000000e+00 3.000000000000000000e+00 2.500000000000000000e+01 0.000000000000000000e+00 1.600000000000000089e+00 -1.691000000000000012e-03 1.095000000000000053e-03 9.999980000000000535e-01 -3.398500000000000132e-02 -9.994220000000000326e-01 1.036999999999999944e-03 9.994210000000000038e-01 -3.398299999999999932e-02 1.727999999999999935e-03
2.300000000000000000e+01 3.000000000000000000e+00 2.500000000000000000e+01 0.000000000000000000e+00 1.600000000000000089e+00 -5.048999999999999669e-03 1.709000000000000102e-02 9.998409999999999798e-01 1.021700000000000039e-02 -9.998010000000000508e-01 1.713999999999999899e-02 9.999350000000000183e-01 1.030200000000000039e-02 4.872999999999999728e-03
2.700000000000000000e+01 3.000000000000000000e+00 2.500000000000000000e+01 0.000000000000000000e+00 1.600000000000000089e+00 -5.278999999999999838e-03 2.352399999999999977e-02 9.997089999999999588e-01 1.562400000000000073e-02 -9.995990000000000153e-01 2.360399999999999998e-02 9.998639999999999750e-01 1.574400000000000105e-02 4.910000000000000302e-03
2.700000000000000000e+01 3.100000000000000000e+01 2.500000000000000000e+01 0.000000000000000000e+00 1.600000000000000089e+00 -3.154399999999999982e-01 5.790599999999999914e-02 9.471770000000000467e-01 -9.450450000000000239e-01 7.123599999999999377e-02 -3.190850000000000075e-01 -8.594999999999999862e-02 -9.957770000000000232e-01 3.225299999999999695e-02
2.000000000000000000e+00 4.600000000000000000e+01 2.700000000000000000e+01 0.000000000000000000e+00 1.600000000000000089e+00 8.080000000000000160e-04 9.300000000000000541e-04 -9.999989999999999712e-01 6.757579999999999698e-01 7.371229999999999727e-01 1.231000000000000106e-03 7.371229999999999727e-01 -6.757579999999999698e-01 -3.300000000000000253e-05
5.000000000000000000e+00 4.600000000000000000e+01 2.700000000000000000e+01 0.000000000000000000e+00 1.600000000000000089e+00 -1.356000000000000000e-03 -1.100000000000000039e-04 -9.999989999999999712e-01 6.755269999999999886e-01 7.373349999999999627e-01 -9.970000000000000563e-04 7.373340000000000449e-01 -6.755280000000000173e-01 -9.259999999999999568e-04
2.200000000000000000e+01 4.600000000000000000e+01 2.700000000000000000e+01 0.000000000000000000e+00 1.600000000000000089e+00 -4.682999999999999663e-03 -2.503000000000000017e-03 -9.999860000000000415e-01 6.788910000000000222e-01 7.342220000000000413e-01 -5.016999999999999758e-03 7.342239999999999878e-01 -6.789049999999999807e-01 -1.739000000000000094e-03
2.800000000000000000e+01 4.600000000000000000e+01 2.700000000000000000e+01 0.000000000000000000e+00 1.600000000000000089e+00 5.823000000000000051e-03 4.479000000000000342e-03 -9.999730000000000008e-01 6.647779999999999800e-01 7.470059999999999478e-01 7.217000000000000325e-03 7.470179999999999598e-01 -6.648020000000000040e-01 1.371999999999999956e-03
1.400000000000000000e+01 4.600000000000000000e+01 3.000000000000000000e+01 0.000000000000000000e+00 1.600000000000000089e+00 -1.381000000000000066e-03 -1.899000000000000080e-03 -9.999970000000000248e-01 3.336700000000000221e-01 9.426870000000000527e-01 -2.250999999999999963e-03 9.426889999999999992e-01 -3.336720000000000241e-01 -6.679999999999999740e-04
4.000000000000000000e+00 5.800000000000000000e+01 3.100000000000000000e+01 0.000000000000000000e+00 1.600000000000000089e+00 3.269999999999999795e-04 2.390000000000000197e-03 9.999970000000000248e-01 -8.104470000000000285e-01 -5.858100000000000529e-01 1.665000000000000030e-03 5.858119999999999994e-01 -8.104449999999999710e-01 1.745000000000000023e-03
2.700000000000000000e+01 5.800000000000000000e+01 3.100000000000000000e+01 0.000000000000000000e+00 1.600000000000000089e+00 -7.619999999999999820e-04 -3.727999999999999977e-03 9.999930000000000208e-01 -8.128309999999999702e-01 -5.824930000000000385e-01 -2.791000000000000078e-03 5.824989999999999890e-01 -8.128269999999999662e-01 -2.586000000000000191e-03
2.000000000000000000e+01 4.300000000000000000e+01 3.400000000000000000e+01 0.000000000000000000e+00 1.600000000000000089e+00 -1.129999999999999955e-04 -1.895999999999999899e-03 -9.999980000000000535e-01 -3.259279999999999955e-01 9.453930000000000389e-01 -1.755000000000000050e-03 9.453949999999999854e-01 3.259270000000000223e-01 -7.249999999999999500e-04
5.000000000000000000e+00 4.600000000000000000e+01 3.500000000000000000e+01 0.000000000000000000e+00 1.600000000000000089e+00 -1.448999999999999984e-03 -3.499999999999999964e-04 -9.999989999999999712e-01 3.903280000000000083e-01 -9.206760000000000499e-01 -2.439999999999999949e-04 -9.206750000000000211e-01 -3.903280000000000083e-01 1.471000000000000085e-03
1.200000000000000000e+01 4.600000000000000000e+01 3.500000000000000000e+01 0.000000000000000000e+00 1.600000000000000089e+00 -7.299999999999999903e-05 -2.150000000000000001e-03 -9.999980000000000535e-01 3.895569999999999866e-01 -9.210000000000000409e-01 1.951000000000000043e-03 -9.210019999999999873e-01 -3.895560000000000134e-01 9.049999999999999885e-04
1.800000000000000000e+01 4.600000000000000000e+01 3.500000000000000000e+01 0.000000000000000000e+00 1.600000000000000089e+00 2.910000000000000260e-04 7.421999999999999778e-03 -9.999719999999999720e-01 3.896890000000000076e-01 -9.209220000000000184e-01 -6.721999999999999677e-03 -9.209460000000000424e-01 -3.896760000000000224e-01 -3.160000000000000048e-03
2.300000000000000000e+01 4.600000000000000000e+01 3.500000000000000000e+01 0.000000000000000000e+00 1.600000000000000089e+00 -1.121999999999999950e-03 -2.932999999999999843e-03 -9.999949999999999672e-01 3.908820000000000072e-01 -9.204379999999999784e-01 2.260999999999999989e-03 -9.204400000000000359e-01 -3.908769999999999745e-01 2.178999999999999947e-03
2.600000000000000000e+01 4.600000000000000000e+01 3.500000000000000000e+01 0.000000000000000000e+00 1.600000000000000089e+00 -2.999999999999999737e-04 -4.859999999999999737e-03 -9.999879999999999880e-01 3.915500000000000091e-01 -9.201460000000000194e-01 4.355000000000000364e-03 -9.201570000000000027e-01 -3.915440000000000031e-01 2.178999999999999947e-03
1.700000000000000000e+01 9.500000000000000000e+01 3.600000000000000000e+01 0.000000000000000000e+00 1.600000000000000089e+00 2.566999999999999837e-03 2.416599999999999998e-02 9.997049999999999548e-01 9.969599999999999573e-01 7.779200000000000004e-02 -4.440999999999999635e-03 -7.787600000000000078e-02 9.966770000000000351e-01 -2.389300000000000104e-02
5.000000000000000000e+00 2.900000000000000000e+01 4.400000000000000000e+01 0.000000000000000000e+00 1.600000000000000089e+00 -7.499999999999999343e-05 1.832999999999999994e-03 -9.999980000000000535e-01 6.605699999999999905e-01 7.507629999999999582e-01 1.327000000000000055e-03 7.507650000000000157e-01 -6.605689999999999618e-01 -1.266999999999999897e-03
9.000000000000000000e+00 2.900000000000000000e+01 4.400000000000000000e+01 0.000000000000000000e+00 1.600000000000000089e+00 -1.294999999999999927e-03 3.014999999999999885e-03 -9.999949999999999672e-01 6.455689999999999484e-01 7.637000000000000455e-01 1.466000000000000072e-03 7.637000000000000455e-01 -6.455640000000000267e-01 -2.935999999999999808e-03
1.300000000000000000e+01 2.900000000000000000e+01 4.400000000000000000e+01 0.000000000000000000e+00 1.600000000000000089e+00 -2.749000000000000141e-03 -1.484000000000000076e-03 -9.999949999999999672e-01 6.504320000000000102e-01 7.595589999999999842e-01 -2.915000000000000056e-03 7.595589999999999842e-01 -6.504370000000000429e-01 -1.123000000000000083e-03
1.900000000000000000e+01 2.900000000000000000e+01 4.400000000000000000e+01 0.000000000000000000e+00 1.600000000000000089e+00 -2.338999999999999933e-03 1.054999999999999948e-03 -9.999970000000000248e-01 6.591669999999999474e-01 7.519959999999999978e-01 -7.489999999999999913e-04 7.519930000000000225e-01 -6.591660000000000297e-01 -2.454000000000000018e-03
2.100000000000000000e+01 2.900000000000000000e+01 4.400000000000000000e+01 0.000000000000000000e+00 1.600000000000000089e+00 -1.115000000000000106e-03 8.880000000000000089e-04 -9.999989999999999712e-01 6.598490000000000189e-01 7.513980000000000103e-01 -6.899999999999999667e-05 7.513969999999999816e-01 -6.598479999999999901e-01 -1.423000000000000003e-03
2.700000000000000000e+01 2.900000000000000000e+01 4.400000000000000000e+01 0.000000000000000000e+00 1.600000000000000089e+00 3.014999999999999885e-03 4.872999999999999728e-03 -9.999839999999999840e-01 6.479200000000000514e-01 7.616870000000000029e-01 5.664999999999999897e-03 7.617019999999999902e-01 -6.479260000000000019e-01 -8.610000000000000032e-04
3.000000000000000000e+00 6.000000000000000000e+00 5.100000000000000000e+01 0.000000000000000000e+00 1.600000000000000089e+00 -7.600000000000000418e-04 2.516000000000000007e-03 -9.999970000000000248e-01 3.139560000000000128e-01 -9.494340000000000002e-01 -2.628000000000000128e-03 -9.494369999999999754e-01 -3.139569999999999861e-01 -6.799999999999999946e-05
2.700000000000000000e+01 6.000000000000000000e+00 5.100000000000000000e+01 0.000000000000000000e+00 1.600000000000000089e+00 3.227999999999999967e-03 4.259999999999999898e-03 -9.999860000000000415e-01 3.148659999999999792e-01 -9.491309999999999469e-01 -3.027000000000000177e-03 -9.491309999999999469e-01 -3.148509999999999920e-01 -4.405000000000000061e-03
2.100000000000000000e+01 1.150000000000000000e+02 5.100000000000000000e+01 0.000000000000000000e+00 1.600000000000000089e+00 -9.259999999999999568e-04 2.550000000000000183e-04 1.000000000000000000e+00 8.467550000000000354e-01 -5.319829999999999837e-01 9.200000000000000278e-04 5.319829999999999837e-01 8.467550000000000354e-01 2.770000000000000110e-04
2.600000000000000000e+01 1.150000000000000000e+02 5.100000000000000000e+01 0.000000000000000000e+00 1.600000000000000089e+00 1.640000000000000019e-04 6.210000000000000242e-04 1.000000000000000000e+00 8.476470000000000393e-01 -5.305609999999999493e-01 1.900000000000000105e-04 5.305609999999999493e-01 8.476460000000000106e-01 -6.130000000000000466e-04
2.100000000000000000e+01 7.000000000000000000e+00 5.200000000000000000e+01 0.000000000000000000e+00 1.600000000000000089e+00 -6.260000000000000373e-04 -8.369999999999999619e-04 -9.999989999999999712e-01 8.552700000000000580e-02 -9.963359999999999994e-01 7.810000000000000102e-04 -9.963359999999999994e-01 -8.552700000000000580e-02 6.960000000000000041e-04
1.400000000000000000e+01 1.600000000000000000e+01 5.200000000000000000e+01 0.000000000000000000e+00 1.600000000000000089e+00 -2.423999999999999939e-03 -5.330000000000000536e-04 -9.999970000000000248e-01 7.769340000000000135e-01 6.295779999999999710e-01 -2.219000000000000052e-03 6.295770000000000532e-01 -7.769369999999999887e-01 -1.111999999999999924e-03
1.000000000000000000e+01 5.800000000000000000e+01 5.200000000000000000e+01 0.000000000000000000e+00 1.600000000000000089e+00 6.939999999999999555e-04 -8.078999999999999376e-03 9.999670000000000503e-01 -6.309719999999999773e-01 7.757770000000000499e-01 6.705000000000000022e-03 -7.758059999999999956e-01 -6.309550000000000436e-01 -4.558999999999999685e-03
4.000000000000000000e+00 6.300000000000000000e+01 5.400000000000000000e+01 0.000000000000000000e+00 1.600000000000000089e+00 2.500000000000000120e-05 3.256999999999999913e-03 9.999949999999999672e-01 -3.482509999999999772e-01 9.373960000000000070e-01 -3.044999999999999964e-03 -9.374010000000000398e-01 -3.482489999999999752e-01 1.157999999999999958e-03
1.500000000000000000e+01 6.300000000000000000e+01 5.400000000000000000e+01 0.000000000000000000e+00 1.600000000000000089e+00 9.590000000000000000e-04 -5.983999999999999736e-03 9.999820000000000375e-01 -3.538100000000000134e-01 9.352979999999999627e-01 5.936999999999999569e-03 -9.353169999999999540e-01 -3.538100000000000134e-01 -1.219999999999999947e-03
1.900000000000000000e+01 6.300000000000000000e+01 5.400000000000000000e+01 0.000000000000000000e+00 1.600000000000000089e+00 3.350000000000000113e-04 -1.118999999999999986e-03 9.999989999999999712e-01 -3.542130000000000001e-01 9.351639999999999953e-01 1.165000000000000020e-03 -9.351650000000000240e-01 -3.542130000000000001e-01 -8.299999999999999815e-05
2.300000000000000000e+01 6.300000000000000000e+01 5.400000000000000000e+01 0.000000000000000000e+00 1.600000000000000089e+00 -2.488000000000000194e-03 6.199999999999999999e-04 9.999970000000000248e-01 -3.520920000000000161e-01 9.359640000000000182e-01 -1.456000000000000046e-03 -9.359619999999999607e-01 -3.520940000000000181e-01 -2.109999999999999896e-03
1.000000000000000000e+00 2.500000000000000000e+01 5.500000000000000000e+01 0.000000000000000000e+00 1.600000000000000089e+00 -7.079999999999999705e-04 1.969999999999999963e-03 -9.999980000000000535e-01 -1.274699999999999965e-02 -9.999169999999999447e-01 -1.961000000000000069e-03 -9.999190000000000023e-01 1.274600000000000039e-02 7.330000000000000361e-04
6.000000000000000000e+00 2.500000000000000000e+01 5.500000000000000000e+01 0.000000000000000000e+00 1.600000000000000089e+00 -2.310000000000000042e-04 1.508999999999999925e-03 -9.999989999999999712e-01 -1.128400000000000063e-02 -9.999350000000000183e-01 -1.505999999999999960e-03 -9.999360000000000470e-01 1.128400000000000063e-02 2.480000000000000108e-04
1.400000000000000000e+01 2.500000000000000000e+01 5.500000000000000000e+01 0.000000000000000000e+00 1.600000000000000089e+00 8.069999999999999916e-04 7.579999999999999932e-04 -9.999989999999999712e-01 -1.232699999999999942e-02 -9.999240000000000350e-01 -7.680000000000000195e-04 -9.999240000000000350e-01 1.232800000000000042e-02 -7.979999999999999897e-04
2.700000000000000000e+01 2.500000000000000000e+01 5.500000000000000000e+01 0.000000000000000000e+00 1.600000000000000089e+00 -2.709999999999999735e-04 1.440000000000000091e-03 -9.999989999999999712e-01 -1.146999999999999929e-02 -9.999329999999999607e-01 -1.436999999999999909e-03 -9.999339999999999895e-01 1.146999999999999929e-02 2.869999999999999830e-04
3.000000000000000000e+00 2.000000000000000000e+01 6.000000000000000000e+01 0.000000000000000000e+00 1.600000000000000089e+00 -1.198000000000000063e-03 -5.969999999999999829e-04 9.999989999999999712e-01 -6.213199999999999973e-02 9.980679999999999552e-01 5.220000000000000031e-04 -9.980670000000000375e-01 -6.213199999999999973e-02 -1.232999999999999938e-03
8.000000000000000000e+00 2.000000000000000000e+01 6.000000000000000000e+01 0.000000000000000000e+00 1.600000000000000089e+00 1.652000000000000040e-03 2.356000000000000021e-03 9.999959999999999960e-01 -6.156799999999999773e-02 9.980999999999999872e-01 -2.249999999999999830e-03 -9.981020000000000447e-01 -6.156400000000000067e-02 1.794000000000000022e-03
2.000000000000000000e+00 2.100000000000000000e+01 6.000000000000000000e+01 0.000000000000000000e+00 1.600000000000000089e+00 -1.654000000000000088e-03 -1.113000000000000057e-03 9.999980000000000535e-01 -9.382799999999999474e-02 9.955880000000000285e-01 9.529999999999999626e-04 -9.955869999999999997e-01 -9.382699999999999374e-02 -1.752000000000000085e-03
1.100000000000000000e+01 2.100000000000000000e+01 6.000000000000000000e+01 0.000000000000000000e+00 1.600000000000000089e+00 6.620000000000000450e-04 -4.650000000000000270e-04 1.000000000000000000e+00 -9.585200000000000664e-02 9.953950000000000298e-01 5.259999999999999919e-04 -9.953950000000000298e-01 -9.585299999999999376e-02 6.139999999999999625e-04
1.500000000000000000e+01 2.100000000000000000e+01 6.000000000000000000e+01 0.000000000000000000e+00 1.600000000000000089e+00 -1.196999999999999930e-03 1.430000000000000064e-03 9.999980000000000535e-01 -9.606800000000000062e-02 9.953739999999999810e-01 -1.538000000000000088e-03 -9.953739999999999810e-01 -9.607000000000000262e-02 -1.054000000000000032e-03
1.900000000000000000e+01 2.100000000000000000e+01 6.000000000000000000e+01 0.000000000000000000e+00 1.600000000000000089e+00 -5.640000000000000482e-04 2.580999999999999961e-03 9.999959999999999960e-01 -9.379099999999999937e-02 9.955880000000000285e-01 -2.622999999999999898e-03 -9.955920000000000325e-01 -9.379200000000000037e-02 -3.200000000000000262e-04
2.700000000000000000e+01 2.100000000000000000e+01 6.000000000000000000e+01 0.000000000000000000e+00 1.600000000000000089e+00 1.565999999999999901e-03 -1.214499999999999955e-02 9.999249999999999527e-01 -9.795800000000000340e-02 9.951149999999999718e-01 1.223999999999999914e-02 -9.951889999999999903e-01 -9.797000000000000153e-02 3.690000000000000246e-04
6.000000000000000000e+00 6.700000000000000000e+01 6.000000000000000000e+01 0.000000000000000000e+00 1.600000000000000089e+00 -6.570000000000000319e-04 -3.886000000000000131e-03 9.999919999999999920e-01 1.732680000000000053e-01 -9.848679999999999657e-01 -3.713000000000000154e-03 9.848740000000000272e-01 1.732650000000000023e-01 1.320999999999999909e-03
1.400000000000000000e+01 3.000000000000000000e+00 6.300000000000000000e+01 0.000000000000000000e+00 1.600000000000000089e+00 -1.286000000000000034e-03 -7.531000000000000368e-03 9.999710000000000543e-01 -6.154020000000000046e-01 7.881970000000000365e-01 5.144000000000000135e-03 -7.882130000000000525e-01 -6.153769999999999518e-01 -5.648000000000000242e-03
2.200000000000000000e+01 3.000000000000000000e+00 6.300000000000000000e+01 0.000000000000000000e+00 1.600000000000000089e+00 2.317000000000000049e-03 -5.269000000000000246e-03 9.999829999999999552e-01 -6.154079999999999551e-01 7.881890000000000285e-01 5.578999999999999758e-03 -7.882050000000000445e-01 -6.154110000000000413e-01 -1.415999999999999941e-03
4.000000000000000000e+00 2.700000000000000000e+01 6.300000000000000000e+01 0.000000000000000000e+00 1.600000000000000089e+00 2.020000000000000040e-04 -2.190999999999999805e-03 9.999980000000000535e-01 -2.714559999999999751e-01 9.624479999999999702e-01 2.162999999999999992e-03 -9.624509999999999454e-01 -2.714559999999999751e-01 -4.000000000000000192e-04
1.200000000000000000e+01 2.700000000000000000e+01 6.300000000000000000e+01 0.000000000000000000e+00 1.600000000000000089e+00 1.310000000000000129e-04 -4.597000000000000391e-03 9.999890000000000168e-01 -2.750119999999999787e-01 9.614300000000000068e-01 4.455999999999999892e-03 -9.614409999999999901e-01 -2.750099999999999767e-01 -1.137999999999999906e-03
1.700000000000000000e+01 2.700000000000000000e+01 6.300000000000000000e+01 0.000000000000000000e+00 1.600000000000000089e+00 1.129999999999999928e-03 1.361000000000000014e-03 9.999980000000000535e-01 -2.748709999999999765e-01 9.614800000000000013e-01 -9.979999999999999722e-04 -9.614800000000000013e-01 -2.748700000000000032e-01 1.459999999999999926e-03
2.200000000000000000e+01 2.700000000000000000e+01 6.300000000000000000e+01 0.000000000000000000e+00 1.600000000000000089e+00 9.829999999999999329e-04 5.177000000000000178e-03 9.999860000000000415e-01 -2.747800000000000242e-01 9.614960000000000173e-01 -4.707000000000000246e-03 -9.615070000000000006e-01 -2.747709999999999875e-01 2.367000000000000180e-03
2.600000000000000000e+01 2.700000000000000000e+01 6.300000000000000000e+01 0.000000000000000000e+00 1.600000000000000089e+00 -1.624000000000000010e-03 -4.755999999999999811e-03 9.999869999999999592e-01 -2.703880000000000172e-01 9.627430000000000154e-01 4.139999999999999583e-03 -9.627499999999999947e-01 -2.703780000000000072e-01 -2.848999999999999970e-03
5.000000000000000000e+00 2.600000000000000000e+01 6.400000000000000000e+01 0.000000000000000000e+00 1.600000000000000089e+00 8.779999999999999827e-04 -4.129999999999999991e-03 9.999909999999999632e-01 -3.644129999999999869e-01 9.312279999999999447e-01 4.165000000000000299e-03 -9.312369999999999814e-01 -3.644129999999999869e-01 -6.880000000000000265e-04
1.000000000000000000e+01 2.600000000000000000e+01 6.400000000000000000e+01 0.000000000000000000e+00 1.600000000000000089e+00 5.590000000000000351e-04 -3.788000000000000134e-03 9.999930000000000208e-01 -3.685930000000000040e-01 9.295830000000000481e-01 3.726999999999999844e-03 -9.295909999999999451e-01 -3.685930000000000040e-01 -8.769999999999999584e-04
1.400000000000000000e+01 2.600000000000000000e+01 6.400000000000000000e+01 0.000000000000000000e+00 1.600000000000000089e+00 8.149999999999999693e-04 -3.706999999999999792e-03 9.999930000000000208e-01 -3.690120000000000067e-01 9.294170000000000487e-01 3.746000000000000198e-03 -9.294240000000000279e-01 -3.690129999999999799e-01 -6.109999999999999980e-04
2.100000000000000000e+01 2.600000000000000000e+01 6.400000000000000000e+01 0.000000000000000000e+00 1.600000000000000089e+00 1.283999999999999985e-03 6.700000000000000226e-03 9.999770000000000048e-01 -3.662759999999999905e-01 9.304879999999999818e-01 -5.764000000000000026e-03 -9.305050000000000265e-01 -3.662599999999999745e-01 3.648999999999999900e-03
2.900000000000000000e+01 2.600000000000000000e+01 6.400000000000000000e+01 0.000000000000000000e+00 1.600000000000000089e+00 -4.400000000000000157e-04 -1.189199999999999979e-02 9.999289999999999567e-01 -3.620340000000000225e-01 9.321009999999999573e-01 1.092599999999999995e-02 -9.321650000000000214e-01 -3.620039999999999925e-01 -4.714999999999999573e-03
1.000000000000000000e+00 6.900000000000000000e+01 6.600000000000000000e+01 0.000000000000000000e+00 1.600000000000000089e+00 2.834000000000000147e-03 -2.275000000000000112e-03 9.999930000000000208e-01 -9.457750000000000323e-01 3.248039999999999816e-01 3.419000000000000164e-03 -3.248090000000000144e-01 -9.457790000000000363e-01 -1.231000000000000106e-03
1.000000000000000000e+01 6.900000000000000000e+01 6.600000000000000000e+01 0.000000000000000000e+00 1.600000000000000089e+00 -1.922000000000000097e-03 -6.296999999999999646e-03 9.999780000000000335e-01 -9.487630000000000230e-01 3.159890000000000199e-01 1.669999999999999935e-04 -3.159830000000000139e-01 -9.487419999999999742e-01 -6.582000000000000177e-03
2.100000000000000000e+01 6.900000000000000000e+01 6.600000000000000000e+01 0.000000000000000000e+00 1.600000000000000089e+00 -5.190000000000000169e-03 3.163000000000000013e-03 9.999820000000000375e-01 -9.489560000000000217e-01 3.153520000000000212e-01 -5.923000000000000313e-03 -3.153650000000000064e-01 -9.489699999999999802e-01 1.364999999999999894e-03
2.500000000000000000e+01 6.900000000000000000e+01 6.600000000000000000e+01 0.000000000000000000e+00 1.600000000000000089e+00 -4.284999999999999747e-03 2.139999999999999975e-04 9.999909999999999632e-01 -9.491789999999999949e-01 3.147079999999999878e-01 -4.134999999999999787e-03 -3.147059999999999858e-01 -9.491880000000000317e-01 -1.144999999999999967e-03
4.000000000000000000e+00 2.500000000000000000e+01 7.300000000000000000e+01 0.000000000000000000e+00 1.600000000000000089e+00 -1.335999999999999948e-03 -3.007999999999999823e-03 9.999949999999999672e-01 7.558019999999999738e-01 -6.548000000000000487e-01 -9.600000000000000243e-04 6.547990000000000199e-01 7.557960000000000234e-01 3.148999999999999889e-03
