2.600000000000000000e+01 2.500000000000000000e+01 1.000000000000000000e+00 0.000000000000000000e+00 1.600000000000000089e+00 1.848000000000000033e-03 8.599999999999999789e-04 -9.999980000000000535e-01 -5.206370000000000164e-01 -8.537759999999999794e-01 -1.696999999999999941e-03 -8.537759999999999794e-01 5.206389999999999629e-01 -1.129999999999999928e-03
1.900000000000000000e+01 1.900000000000000000e+01 5.000000000000000000e+00 0.000000000000000000e+00 1.600000000000000089e+00 -1.781999999999999947e-03 -1.492999999999999969e-03 -9.999970000000000248e-01 -6.935320000000000373e-01 -7.204220000000000068e-01 2.311999999999999819e-03 -7.204230000000000356e-01 6.935339999999999838e-01 2.480000000000000108e-04
6.000000000000000000e+00 1.010000000000000000e+02 7.000000000000000000e+00 0.000000000000000000e+00 1.600000000000000089e+00 2.217999999999999920e-03 -2.709999999999999735e-04 9.999970000000000248e-01 8.815840000000000343e-01 4.720239999999999991e-01 -1.827000000000000065e-03 -4.720219999999999971e-01 8.815859999999999808e-01 1.286000000000000034e-03
1.100000000000000000e+01 1.010000000000000000e+02 7.000000000000000000e+00 0.000000000000000000e+00 1.600000000000000089e+00 2.854999999999999899e-03 -2.538800000000000084e-02 9.996739999999999515e-01 8.837829999999999853e-01 4.678030000000000244e-01 9.355999999999999733e-03 -4.678869999999999973e-01 8.834680000000000311e-01 2.377299999999999899e-02
1.800000000000000000e+01 1.010000000000000000e+02 7.000000000000000000e+00 0.000000000000000000e+00 1.600000000000000089e+00 9.699999999999999963e-05 1.463000000000000108e-03 9.999989999999999712e-01 8.867129999999999734e-01 4.623200000000000087e-01 -7.619999999999999820e-04 -4.623200000000000087e-01 8.867119999999999447e-01 -1.252000000000000075e-03
2.100000000000000000e+01 1.010000000000000000e+02 7.000000000000000000e+00 0.000000000000000000e+00 1.600000000000000089e+00 -3.039000000000000035e-03 7.506999999999999784e-03 9.999670000000000503e-01 8.868239999999999457e-01 4.621060000000000167e-01 -7.739999999999999485e-04 -4.620969999999999800e-01 8.867930000000000534e-01 -8.061999999999999722e-03
2.700000000000000000e+01 1.010000000000000000e+02 7.000000000000000000e+00 0.000000000000000000e+00 1.600000000000000089e+00 -2.854000000000000200e-03 5.253999999999999990e-03 9.999820000000000375e-01 8.849930000000000296e-01 4.656040000000000179e-01 8.000000000000000654e-05 -4.655949999999999811e-01 8.849780000000000424e-01 -5.978999999999999940e-03
3.000000000000000000e+00 1.500000000000000000e+01 8.000000000000000000e+00 0.000000000000000000e+00 1.600000000000000089e+00 -9.100000000000000287e-05 1.497599999999999973e-02 -9.998879999999999990e-01 -6.289099999999999691e-01 -7.773919999999999719e-01 -1.158600000000000081e-02 -7.774780000000000024e-01 6.288390000000000368e-01 9.490000000000000172e-03
6.000000000000000000e+00 2.500000000000000000e+01 8.000000000000000000e+00 0.000000000000000000e+00 1.600000000000000089e+00 2.049999999999999956e-04 3.827999999999999806e-03 -9.999930000000000208e-01 4.457650000000000223e-01 8.951430000000000220e-01 3.517000000000000161e-03 8.951500000000000012e-01 -4.457630000000000203e-01 -1.523000000000000048e-03
1.300000000000000000e+01 2.500000000000000000e+01 8.000000000000000000e+00 0.000000000000000000e+00 1.600000000000000089e+00 1.418999999999999906e-03 1.320000000000000101e-04 -9.999989999999999712e-01 4.449940000000000007e-01 8.955330000000000235e-01 7.500000000000000156e-04 8.955319999999999947e-01 -4.449940000000000007e-01 1.211999999999999970e-03
1.800000000000000000e+01 2.500000000000000000e+01 8.000000000000000000e+00 0.000000000000000000e+00 1.600000000000000089e+00 2.282000000000000174e-03 7.060000000000000303e-03 -9.999719999999999720e-01 4.422840000000000105e-01 8.968450000000000033e-01 7.341000000000000303e-03 8.968720000000000026e-01 -4.422889999999999877e-01 -1.075999999999999917e-03
2.100000000000000000e+01 2.500000000000000000e+01 8.000000000000000000e+00 0.000000000000000000e+00 1.600000000000000089e+00 3.629999999999999872e-04 5.641000000000000181e-03 -9.999839999999999840e-01 4.414959999999999996e-01 8.972480000000000455e-01 5.222000000000000079e-03 8.972630000000000328e-01 -4.414910000000000223e-01 -2.164000000000000125e-03
2.500000000000000000e+01 2.500000000000000000e+01 8.000000000000000000e+00 0.000000000000000000e+00 1.600000000000000089e+00 -1.521999999999999915e-03 -7.608000000000000179e-03 -9.999700000000000255e-01 4.428750000000000187e-01 8.965520000000000156e-01 -7.494999999999999926e-03 8.965819999999999901e-01 -4.428739999999999899e-01 2.004999999999999838e-03
5.000000000000000000e+00 2.400000000000000000e+01 9.000000000000000000e+00 0.000000000000000000e+00 1.600000000000000089e+00 -2.139999999999999975e-04 5.198999999999999629e-03 -9.999869999999999592e-01 4.536000000000000032e-01 8.911940000000000417e-01 4.536000000000000101e-03 8.912060000000000537e-01 -4.535919999999999952e-01 -2.547999999999999918e-03
1.000000000000000000e+01 2.400000000000000000e+01 9.000000000000000000e+00 0.000000000000000000e+00 1.600000000000000089e+00 1.807000000000000012e-03 1.704000000000000003e-03 -9.999970000000000248e-01 4.543179999999999996e-01 8.908359999999999612e-01 2.338999999999999933e-03 8.908380000000000187e-01 -4.543209999999999749e-01 8.360000000000000460e-04
1.300000000000000000e+01 2.400000000000000000e+01 9.000000000000000000e+00 0.000000000000000000e+00 1.600000000000000089e+00 1.930999999999999991e-03 4.000000000000000192e-04 -9.999980000000000535e-01 4.526999999999999913e-01 8.916619999999999546e-01 1.231000000000000106e-03 8.916610000000000369e-01 -4.527019999999999933e-01 1.541000000000000052e-03
1.700000000000000000e+01 2.400000000000000000e+01 9.000000000000000000e+00 0.000000000000000000e+00 1.600000000000000089e+00 2.203999999999999796e-03 4.629000000000000302e-03 -9.999869999999999592e-01 4.507249999999999868e-01 8.926479999999999970e-01 5.125000000000000215e-03 8.926600000000000090e-01 -4.507309999999999928e-01 -1.190000000000000058e-04
2.100000000000000000e+01 2.400000000000000000e+01 9.000000000000000000e+00 0.000000000000000000e+00 1.600000000000000089e+00 3.579999999999999741e-04 6.224000000000000365e-03 -9.999810000000000088e-01 4.490179999999999727e-01 8.935049999999999937e-01 5.721999999999999656e-03 8.935229999999999562e-01 -4.490109999999999935e-01 -2.475000000000000203e-03
2.500000000000000000e+01 2.400000000000000000e+01 9.000000000000000000e+00 0.000000000000000000e+00 1.600000000000000089e+00 -1.732000000000000033e-03 -6.799999999999999621e-03 -9.999749999999999472e-01 4.502470000000000083e-01 8.928779999999999495e-01 -6.851000000000000319e-03 8.929019999999999735e-01 -4.502479999999999816e-01 1.515000000000000071e-03
2.000000000000000000e+00 3.500000000000000000e+01 1.200000000000000000e+01 0.000000000000000000e+00 1.600000000000000089e+00 -2.612000000000000172e-03 -1.340999999999999961e-03 -9.999959999999999960e-01 4.698950000000000071e-01 -8.827220000000000066e-01 -4.300000000000000165e-05 -8.827180000000000026e-01 -4.698930000000000051e-01 2.935999999999999808e-03
7.000000000000000000e+00 3.500000000000000000e+01 1.200000000000000000e+01 0.000000000000000000e+00 1.600000000000000089e+00 3.963000000000000377e-03 -5.557999999999999573e-03 -9.999770000000000048e-01 4.789430000000000076e-01 -8.778200000000000447e-01 6.777000000000000038e-03 -8.778369999999999784e-01 -4.789579999999999949e-01 -8.170000000000000179e-04
1.100000000000000000e+01 3.500000000000000000e+01 1.200000000000000000e+01 0.000000000000000000e+00 1.600000000000000089e+00 1.172000000000000082e-03 -6.134999999999999828e-03 -9.999810000000000088e-01 4.814760000000000151e-01 -8.764389999999999681e-01 5.941000000000000100e-03 -8.764589999999999881e-01 -4.814729999999999843e-01 1.926999999999999894e-03
1.500000000000000000e+01 3.500000000000000000e+01 1.200000000000000000e+01 0.000000000000000000e+00 1.600000000000000089e+00 -9.500000000000000523e-05 -4.166999999999999697e-03 -9.999909999999999632e-01 4.761549999999999949e-01 -8.793539999999999690e-01 3.618999999999999821e-03 -8.793619999999999770e-01 -4.761500000000000177e-01 2.067999999999999960e-03
2.000000000000000000e+01 3.500000000000000000e+01 1.200000000000000000e+01 0.000000000000000000e+00 1.600000000000000089e+00 -1.369999999999999961e-04 2.412000000000000081e-03 -9.999970000000000248e-01 4.737629999999999897e-01 -8.806500000000000439e-01 -2.188999999999999974e-03 -8.806530000000000191e-01 -4.737609999999999877e-01 -1.023000000000000038e-03
2.600000000000000000e+01 3.500000000000000000e+01 1.200000000000000000e+01 0.000000000000000000e+00 1.600000000000000089e+00 -3.543000000000000142e-03 9.544999999999999665e-03 -9.999479999999999480e-01 5.026080000000000547e-01 -8.644560000000000022e-01 -1.003199999999999925e-02 -8.645070000000000254e-01 -5.026180000000000092e-01 -1.734000000000000081e-03
1.500000000000000000e+01 3.200000000000000000e+01 1.400000000000000000e+01 0.000000000000000000e+00 1.600000000000000089e+00 1.716000000000000077e-03 -9.300000000000000541e-04 -9.999980000000000535e-01 1.019270000000000037e-01 9.947920000000000096e-01 -7.500000000000000156e-04 9.947899999999999521e-01 -1.019250000000000017e-01 1.801999999999999999e-03
2.200000000000000000e+01 1.200000000000000000e+01 1.600000000000000000e+01 0.000000000000000000e+00 1.600000000000000089e+00 -2.433999999999999966e-03 2.128199999999999883e-02 9.997709999999999653e-01 2.069000000000000006e-01 -9.781300000000000550e-01 2.132500000000000021e-02 9.783589999999999787e-01 2.069050000000000056e-01 -2.021999999999999926e-03
2.800000000000000000e+01 1.200000000000000000e+01 1.600000000000000000e+01 0.000000000000000000e+00 1.600000000000000089e+00 -3.910000000000000172e-04 -2.028999999999999901e-02 9.997939999999999605e-01 2.050549999999999873e-01 -9.785509999999999486e-01 -1.977800000000000044e-02 9.787500000000000089e-01 2.050049999999999928e-01 4.543000000000000163e-03
6.000000000000000000e+00 1.160000000000000000e+02 1.600000000000000000e+01 0.000000000000000000e+00 1.600000000000000089e+00 1.237999999999999951e-03 -1.791000000000000057e-03 9.999980000000000535e-01 7.581489999999999618e-01 6.520810000000000217e-01 2.290000000000000098e-04 -6.520799999999999930e-01 7.581470000000000153e-01 2.164999999999999824e-03
1.900000000000000000e+01 1.160000000000000000e+02 1.600000000000000000e+01 0.000000000000000000e+00 1.600000000000000089e+00 3.171000000000000207e-03 9.430000000000000448e-04 9.999949999999999672e-01 7.586380000000000345e-01 6.515050000000000008e-01 -3.020000000000000115e-03 -6.515050000000000008e-01 7.586429999999999563e-01 1.350000000000000071e-03
5.000000000000000000e+00 2.000000000000000000e+00 1.900000000000000000e+01 0.000000000000000000e+00 1.600000000000000089e+00 1.075000000000000001e-03 -5.316999999999999678e-03 -9.999850000000000128e-01 3.432180000000000231e-01 -9.392399999999999638e-01 5.362999999999999712e-03 -9.392549999999999510e-01 -3.432189999999999963e-01 8.149999999999999693e-04
1.300000000000000000e+01 2.000000000000000000e+00 1.900000000000000000e+01 0.000000000000000000e+00 1.600000000000000089e+00 -4.533999999999999836e-03 1.431400000000000033e-02 -9.998869999999999703e-01 3.329630000000000090e-01 -9.428199999999999914e-01 -1.500699999999999951e-02 -9.429290000000000171e-01 -3.329940000000000122e-01 -4.910000000000000085e-04
1.900000000000000000e+01 2.000000000000000000e+00 1.900000000000000000e+01 0.000000000000000000e+00 1.600000000000000089e+00 -5.858999999999999625e-03 1.545299999999999972e-02 -9.998629999999999463e-01 3.307499999999999885e-01 -9.435740000000000238e-01 -1.652100000000000096e-02 -9.436999999999999833e-01 -3.308019999999999849e-01 4.169999999999999987e-04
3.000000000000000000e+01 2.000000000000000000e+00 1.900000000000000000e+01 0.000000000000000000e+00 1.600000000000000089e+00 2.442999999999999859e-03 -1.669999999999999935e-04 -9.999970000000000248e-01 3.249319999999999986e-01 -9.457370000000000498e-01 9.520000000000000467e-04 -9.457339999999999636e-01 -3.249330000000000274e-01 -2.256000000000000193e-03
2.500000000000000000e+01 3.000000000000000000e+00 1.900000000000000000e+01 0.000000000000000000e+00 1.600000000000000089e+00 -4.270000000000000249e-04 1.855700000000000058e-02 -9.998280000000000500e-01 3.135330000000000061e-01 -9.494110000000000049e-01 -1.775499999999999995e-02 -9.495770000000000044e-01 -3.134870000000000156e-01 -5.413000000000000277e-03
2.500000000000000000e+01 4.000000000000000000e+00 2.000000000000000000e+01 0.000000000000000000e+00 1.600000000000000089e+00 2.090000000000000115e-04 2.027299999999999935e-02 -9.997939999999999605e-01 3.792670000000000208e-01 -9.250990000000000046e-01 -1.867900000000000116e-02 -9.252869999999999706e-01 -3.791849999999999943e-01 -7.882000000000000117e-03
2.900000000000000000e+01 4.000000000000000000e+00 2.000000000000000000e+01 0.000000000000000000e+00 1.600000000000000089e+00 1.799000000000000035e-03 4.889000000000000117e-03 -9.999860000000000415e-01 3.795789999999999997e-01 -9.251509999999999456e-01 -3.840000000000000097e-03 -9.251580000000000359e-01 -3.795669999999999877e-01 -3.520000000000000125e-03
1.400000000000000000e+01 1.300000000000000000e+01 2.000000000000000000e+01 0.000000000000000000e+00 1.600000000000000089e+00 6.229999999999999644e-04 -6.809999999999999647e-04 1.000000000000000000e+00 2.686749999999999972e-01 9.632309999999999484e-01 4.889999999999999599e-04 -9.632309999999999484e-01 2.686749999999999972e-01 7.829999999999999504e-04
1.600000000000000000e+01 1.300000000000000000e+01 2.000000000000000000e+01 0.000000000000000000e+00 1.600000000000000089e+00 5.119999999999999768e-04 -5.673000000000000091e-03 9.999839999999999840e-01 2.691450000000000231e-01 9.630849999999999689e-01 5.326000000000000005e-03 -9.630999999999999561e-01 2.691379999999999884e-01 2.020000000000000094e-03
2.100000000000000000e+01 1.300000000000000000e+01 2.000000000000000000e+01 0.000000000000000000e+00 1.600000000000000089e+00 5.050000000000000235e-04 -5.699999999999999772e-04 1.000000000000000000e+00 2.715009999999999923e-01 9.624380000000000157e-01 4.110000000000000155e-04 -9.624380000000000157e-01 2.715000000000000191e-01 6.409999999999999682e-04
2.400000000000000000e+01 1.300000000000000000e+01 2.000000000000000000e+01 0.000000000000000000e+00 1.600000000000000089e+00 8.260000000000000198e-04 2.219000000000000052e-03 9.999970000000000248e-01 2.732260000000000244e-01 9.619469999999999965e-01 -2.360000000000000119e-03 -9.619499999999999718e-01 2.732269999999999976e-01 1.890000000000000133e-04
2.900000000000000000e+01 1.300000000000000000e+01 2.000000000000000000e+01 0.000000000000000000e+00 1.600000000000000089e+00 1.180000000000000059e-03 -1.105999999999999995e-03 9.999989999999999712e-01 2.712269999999999959e-01 9.625150000000000095e-01 7.439999999999999782e-04 -9.625150000000000095e-01 2.712260000000000226e-01 1.435999999999999993e-03
1.500000000000000000e+01 3.000000000000000000e+00 2.500000000000000000e+01 0.000000000000000000e+00 1.600000000000000089e+00 -3.369000000000000033e-03 1.348099999999999993e-02 9.999029999999999863e-01 5.589000000000000218e-03 -9.998930000000000318e-01 1.349999999999999985e-02 9.999789999999999512e-01 5.634000000000000119e-03 3.292999999999999920e-03
2.500000000000000000e+01 3.000000000000000000e+00 2.500000000000000000e+01 0.000000000000000000e+00 1.600000000000000089e+00 -2.524999999999999901e-03 2.147699999999999956e-02 9.997660000000000435e-01 -3.657799999999999940e-02 -9.991020000000000456e-01 2.137000000000000011e-02 9.993279999999999941e-01 -3.651499999999999885e-02 3.308000000000000176e-03
2.000000000000000000e+00 4.600000000000000000e+01 3.000000000000000000e+01 0.000000000000000000e+00 1.600000000000000089e+00 -1.101999999999999898e-03 1.049999999999999935e-03 -9.999989999999999712e-01 3.267639999999999989e-01 9.451060000000000016e-01 6.319999999999999663e-04 9.451049999999999729e-01 -3.267630000000000257e-01 -1.384999999999999946e-03
2.200000000000000000e+01 4.600000000000000000e+01 3.000000000000000000e+01 0.000000000000000000e+00 1.600000000000000089e+00 -4.910000000000000085e-04 -1.657999999999999969e-03 -9.999989999999999712e-01 3.258199999999999985e-01 9.454299999999999926e-01 -1.727999999999999935e-03 9.454320000000000501e-01 -3.258199999999999985e-01 7.600000000000000418e-05
9.000000000000000000e+00 5.800000000000000000e+01 3.100000000000000000e+01 0.000000000000000000e+00 1.600000000000000089e+00 -1.021999999999999905e-03 2.737999999999999982e-03 9.999959999999999960e-01 -7.667540000000000466e-01 -6.419399999999999551e-01 9.740000000000000394e-04 6.419399999999999551e-01 -7.667500000000000426e-01 2.755000000000000070e-03
1.300000000000000000e+01 5.800000000000000000e+01 3.100000000000000000e+01 0.000000000000000000e+00 1.600000000000000089e+00 5.099999999999999960e-05 -3.569000000000000124e-03 9.999940000000000495e-01 -7.668329999999999869e-01 -6.418430000000000524e-01 -2.252000000000000095e-03 6.418469999999999454e-01 -7.668279999999999541e-01 -2.769999999999999893e-03
2.400000000000000000e+01 5.800000000000000000e+01 3.100000000000000000e+01 0.000000000000000000e+00 1.600000000000000089e+00 -6.779999999999999569e-03 -3.367000000000000201e-03 9.999710000000000543e-01 -7.620529999999999804e-01 -6.474720000000000475e-01 -7.347000000000000232e-03 6.474790000000000267e-01 -7.620810000000000084e-01 1.824000000000000100e-03
2.800000000000000000e+01 5.800000000000000000e+01 3.100000000000000000e+01 0.000000000000000000e+00 1.600000000000000089e+00 -7.209000000000000130e-03 -8.720999999999999586e-03 9.999360000000000470e-01 -7.616619999999999502e-01 -6.478789999999999827e-01 -1.114200000000000086e-02 6.479340000000000099e-01 -7.616939999999999822e-01 -1.971999999999999795e-03
2.000000000000000000e+00 4.600000000000000000e+01 3.500000000000000000e+01 0.000000000000000000e+00 1.600000000000000089e+00 1.490999999999999921e-03 4.318999999999999923e-03 -9.999900000000000455e-01 3.899960000000000093e-01 -9.208100000000000174e-01 -3.396000000000000147e-03 -9.208150000000000501e-01 -3.899869999999999726e-01 -3.056999999999999822e-03
1.100000000000000000e+01 4.600000000000000000e+01 3.500000000000000000e+01 0.000000000000000000e+00 1.600000000000000089e+00 -4.659999999999999971e-04 -6.719999999999999628e-04 -1.000000000000000000e+00 3.911780000000000257e-01 -9.203149999999999942e-01 4.360000000000000269e-04 -9.203149999999999942e-01 -3.911780000000000257e-01 6.920000000000000153e-04
1.500000000000000000e+01 4.600000000000000000e+01 3.500000000000000000e+01 0.000000000000000000e+00 1.600000000000000089e+00 7.240000000000000342e-04 -2.919999999999999961e-04 -1.000000000000000000e+00 3.917430000000000079e-01 -9.200739999999999474e-01 5.519999999999999733e-04 -9.200739999999999474e-01 -3.917439999999999811e-01 -5.519999999999999733e-04
2.300000000000000000e+01 4.600000000000000000e+01 3.500000000000000000e+01 0.000000000000000000e+00 1.600000000000000089e+00 -4.580000000000000195e-04 4.249999999999999763e-04 -1.000000000000000000e+00 3.918749999999999734e-01 -9.200180000000000025e-01 -5.710000000000000015e-04 -9.200180000000000025e-01 -3.918749999999999734e-01 2.550000000000000183e-04
2.700000000000000000e+01 4.600000000000000000e+01 3.500000000000000000e+01 0.000000000000000000e+00 1.600000000000000089e+00 8.329999999999999731e-04 3.736999999999999870e-03 -9.999930000000000208e-01 3.900009999999999866e-01 -9.208089999999999886e-01 -3.115999999999999846e-03 -9.208140000000000214e-01 -3.899960000000000093e-01 -2.224999999999999981e-03
2.000000000000000000e+00 2.900000000000000000e+01 4.400000000000000000e+01 0.000000000000000000e+00 1.600000000000000089e+00 6.669999999999999497e-04 -1.056700000000000000e-02 -9.999440000000000550e-01 6.692420000000000035e-01 7.430080000000000018e-01 -7.405000000000000124e-03 7.430440000000000378e-01 -6.692000000000000171e-01 7.566999999999999942e-03
1.000000000000000000e+01 2.900000000000000000e+01 4.400000000000000000e+01 0.000000000000000000e+00 1.600000000000000089e+00 -5.550000000000000462e-04 2.951000000000000064e-03 -9.999949999999999672e-01 6.639169999999999794e-01 7.478040000000000243e-01 1.838999999999999923e-03 7.478059999999999707e-01 -6.639119999999999466e-01 -2.374999999999999941e-03
1.600000000000000000e+01 2.900000000000000000e+01 4.400000000000000000e+01 0.000000000000000000e+00 1.600000000000000089e+00 5.280000000000000405e-04 8.000000000000000383e-04 -1.000000000000000000e+00 6.548110000000000319e-01 7.557920000000000194e-01 9.499999999999999981e-04 7.557930000000000481e-01 -6.548110000000000319e-01 -1.250000000000000026e-04
2.200000000000000000e+01 2.900000000000000000e+01 4.400000000000000000e+01 0.000000000000000000e+00 1.600000000000000089e+00 2.799999999999999755e-04 -1.729000000000000068e-03 -9.999980000000000535e-01 6.502769999999999939e-01 7.596969999999999557e-01 -1.131000000000000061e-03 7.596969999999999557e-01 -6.502750000000000474e-01 1.337000000000000081e-03
2.600000000000000000e+01 2.900000000000000000e+01 4.400000000000000000e+01 0.000000000000000000e+00 1.600000000000000089e+00 -2.000000000000000042e-03 -3.756999999999999923e-03 -9.999909999999999632e-01 6.529329999999999856e-01 7.574039999999999662e-01 -4.152000000000000308e-03 7.574130000000000029e-01 -6.529359999999999609e-01 9.380000000000000317e-04
2.100000000000000000e+01 6.500000000000000000e+01 4.600000000000000000e+01 0.000000000000000000e+00 1.600000000000000089e+00 -3.555000000000000000e-03 2.364999999999999915e-03 9.999909999999999632e-01 6.828109999999999458e-01 -7.305829999999999824e-01 4.154999999999999839e-03 7.305859999999999577e-01 6.828199999999999825e-01 9.820000000000000170e-04
7.000000000000000000e+00 7.000000000000000000e+01 4.700000000000000000e+01 0.000000000000000000e+00 1.600000000000000089e+00 4.769999999999999934e-03 4.369999999999999970e-04 -9.999890000000000168e-01 -8.464530000000000109e-01 -5.324459999999999749e-01 -4.270000000000000358e-03 -5.324419999999999709e-01 8.464639999999999942e-01 -2.170000000000000054e-03
2.000000000000000000e+01 7.000000000000000000e+01 4.700000000000000000e+01 0.000000000000000000e+00 1.600000000000000089e+00 3.998999999999999951e-03 1.724000000000000055e-03 -9.999900000000000455e-01 -8.481250000000000178e-01 -5.297779999999999712e-01 -4.304999999999999799e-03 -5.297809999999999464e-01 8.481349999999999723e-01 -6.560000000000000076e-04
2.000000000000000000e+00 5.000000000000000000e+00 5.100000000000000000e+01 0.000000000000000000e+00 1.600000000000000089e+00 7.386000000000000204e-03 -1.569000000000000082e-03 -9.999719999999999720e-01 4.858830000000000093e-01 -8.740099999999999536e-01 4.959999999999999999e-03 -8.739919999999999911e-01 -4.859060000000000046e-01 -5.693000000000000144e-03
9.000000000000000000e+00 5.000000000000000000e+00 5.100000000000000000e+01 0.000000000000000000e+00 1.600000000000000089e+00 1.892999999999999934e-03 5.751000000000000036e-03 -9.999820000000000375e-01 4.798649999999999860e-01 -8.773320000000000007e-01 -4.138000000000000185e-03 -8.773400000000000087e-01 -4.798490000000000255e-01 -4.420000000000000318e-03
2.400000000000000000e+01 5.000000000000000000e+00 5.100000000000000000e+01 0.000000000000000000e+00 1.600000000000000089e+00 -5.990000000000000316e-04 6.395999999999999776e-03 -9.999789999999999512e-01 4.890010000000000190e-01 -8.722630000000000106e-01 -5.872999999999999748e-03 -8.722830000000000306e-01 -4.889950000000000130e-01 -2.605000000000000111e-03
2.800000000000000000e+01 7.000000000000000000e+00 5.200000000000000000e+01 0.000000000000000000e+00 1.600000000000000089e+00 4.200000000000000174e-04 -2.654999999999999808e-03 -9.999959999999999960e-01 1.252570000000000072e-01 -9.921210000000000306e-01 2.687000000000000152e-03 -9.921240000000000059e-01 -1.252570000000000072e-01 -8.500000000000000611e-05
2.000000000000000000e+00 6.300000000000000000e+01 5.400000000000000000e+01 0.000000000000000000e+00 1.600000000000000089e+00 -1.569999999999999944e-04 -3.879999999999999985e-04 1.000000000000000000e+00 -3.469280000000000141e-01 9.378919999999999479e-01 3.089999999999999756e-04 -9.378919999999999479e-01 -3.469280000000000141e-01 -2.820000000000000241e-04
7.000000000000000000e+00 6.300000000000000000e+01 5.400000000000000000e+01 0.000000000000000000e+00 1.600000000000000089e+00 -1.801000000000000083e-03 2.439999999999999949e-04 9.999980000000000535e-01 -3.409329999999999861e-01 9.400870000000000060e-01 -8.429999999999999993e-04 -9.400859999999999772e-01 -3.409340000000000148e-01 -1.610000000000000103e-03
1.200000000000000000e+01 6.300000000000000000e+01 5.400000000000000000e+01 0.000000000000000000e+00 1.600000000000000089e+00 1.079999999999999960e-04 6.899999999999999667e-04 1.000000000000000000e+00 -3.443729999999999847e-01 9.388330000000000286e-01 -6.099999999999999737e-04 -9.388330000000000286e-01 -3.443720000000000114e-01 3.390000000000000001e-04
1.700000000000000000e+01 6.300000000000000000e+01 5.400000000000000000e+01 0.000000000000000000e+00 1.600000000000000089e+00 7.619999999999999820e-04 -2.106999999999999932e-03 9.999970000000000248e-01 -3.458140000000000103e-01 9.383000000000000229e-01 2.239999999999999804e-03 -9.383029999999999982e-01 -3.458149999999999835e-01 -1.399999999999999979e-05
2.400000000000000000e+01 2.000000000000000000e+01 6.000000000000000000e+01 0.000000000000000000e+00 1.600000000000000089e+00 -8.500000000000000611e-05 3.596999999999999937e-03 9.999940000000000495e-01 -6.229699999999999821e-02 9.980510000000000215e-01 -3.595000000000000105e-03 -9.980580000000000007e-01 -6.229699999999999821e-02 1.389999999999999905e-04
3.000000000000000000e+00 2.100000000000000000e+01 6.000000000000000000e+01 0.000000000000000000e+00 1.600000000000000089e+00 1.474000000000000050e-03 3.950000000000000386e-03 9.999909999999999632e-01 -9.365800000000000514e-02 9.955969999999999542e-01 -3.794000000000000063e-03 -9.956030000000000157e-01 -9.365099999999999814e-02 1.838000000000000007e-03
1.100000000000000000e+01 2.100000000000000000e+01 6.000000000000000000e+01 0.000000000000000000e+00 1.600000000000000089e+00 8.099999999999999561e-04 1.248999999999999893e-03 9.999989999999999712e-01 -9.557400000000000617e-02 9.954220000000000290e-01 -1.165999999999999936e-03 -9.954220000000000290e-01 -9.557300000000000517e-02 9.259999999999999568e-04
1.600000000000000000e+01 2.100000000000000000e+01 6.000000000000000000e+01 0.000000000000000000e+00 1.600000000000000089e+00 -1.387999999999999911e-03 -9.029000000000000567e-03 9.999580000000000135e-01 -9.233099999999999641e-02 9.956890000000000462e-01 8.862000000000000086e-03 -9.957270000000000287e-01 -9.231499999999999428e-02 -2.216000000000000088e-03
2.300000000000000000e+01 2.100000000000000000e+01 6.000000000000000000e+01 0.000000000000000000e+00 1.600000000000000089e+00 1.269999999999999970e-04 4.120999999999999663e-03 9.999919999999999920e-01 -9.445499999999999730e-02 9.955209999999999892e-01 -4.091000000000000018e-03 -9.955289999999999973e-01 -9.445299999999999530e-02 5.159999999999999656e-04
2.700000000000000000e+01 2.100000000000000000e+01 6.000000000000000000e+01 0.000000000000000000e+00 1.600000000000000089e+00 -4.440000000000000045e-04 3.975000000000000235e-03 9.999919999999999920e-01 -9.455800000000000316e-02 9.955110000000000348e-01 -3.998999999999999951e-03 -9.955190000000000428e-01 -9.455900000000000416e-02 -6.600000000000000506e-05
1.500000000000000000e+01 6.000000000000000000e+00 6.100000000000000000e+01 0.000000000000000000e+00 1.600000000000000089e+00 2.219000000000000052e-03 -3.851999999999999955e-03 9.999900000000000455e-01 5.653960000000000097e-01 -8.248079999999999856e-01 -4.432000000000000176e-03 8.248170000000000224e-01 5.654000000000000137e-01 3.480000000000000020e-04
3.000000000000000000e+00 2.700000000000000000e+01 6.300000000000000000e+01 0.000000000000000000e+00 1.600000000000000089e+00 3.605999999999999830e-03 5.913999999999999986e-03 9.999759999999999760e-01 -2.709429999999999894e-01 9.625839999999999952e-01 -4.715999999999999706e-03 -9.625890000000000279e-01 -2.709199999999999942e-01 5.073000000000000252e-03
1.100000000000000000e+01 2.700000000000000000e+01 6.300000000000000000e+01 0.000000000000000000e+00 1.600000000000000089e+00 1.330000000000000019e-03 -5.133000000000000410e-03 9.999860000000000415e-01 -2.719449999999999923e-01 9.622979999999999867e-01 5.301000000000000156e-03 -9.623119999999999452e-01 -2.719480000000000230e-01 -1.160000000000000007e-04
2.100000000000000000e+01 2.700000000000000000e+01 6.300000000000000000e+01 0.000000000000000000e+00 1.600000000000000089e+00 -2.300000000000000070e-04 -5.041000000000000342e-03 9.999869999999999592e-01 -2.734480000000000244e-01 9.618750000000000355e-01 4.786000000000000323e-03 -9.618870000000000475e-01 -2.734429999999999916e-01 -1.600000000000000077e-03
2.700000000000000000e+01 2.700000000000000000e+01 6.300000000000000000e+01 0.000000000000000000e+00 1.600000000000000089e+00 -1.200000000000000030e-04 1.720000000000000066e-04 1.000000000000000000e+00 -2.752510000000000234e-01 9.613720000000000043e-01 -1.979999999999999881e-04 -9.613720000000000043e-01 -2.752510000000000234e-01 -6.799999999999999946e-05
3.000000000000000000e+00 2.600000000000000000e+01 6.400000000000000000e+01 0.000000000000000000e+00 1.600000000000000089e+00 3.412999999999999801e-03 5.759000000000000230e-03 9.999780000000000335e-01 -3.596489999999999965e-01 9.330779999999999630e-01 -4.146000000000000379e-03 -9.330810000000000493e-01 -3.596269999999999745e-01 5.256000000000000255e-03
1.200000000000000000e+01 2.600000000000000000e+01 6.400000000000000000e+01 0.000000000000000000e+00 1.600000000000000089e+00 2.216999999999999787e-03 -4.762999999999999873e-03 9.999860000000000415e-01 -3.639859999999999762e-01 9.313900000000000512e-01 5.243000000000000264e-03 -9.314019999999999522e-01 -3.639919999999999822e-01 3.310000000000000225e-04
2.300000000000000000e+01 2.600000000000000000e+01 6.400000000000000000e+01 0.000000000000000000e+00 1.600000000000000089e+00 1.500999999999999947e-03 -4.467999999999999750e-03 9.999890000000000168e-01 -3.638370000000000215e-01 9.314510000000000289e-01 4.708000000000000379e-03 -9.314609999999999834e-01 -3.638399999999999967e-01 -2.269999999999999882e-04
2.800000000000000000e+01 2.600000000000000000e+01 6.400000000000000000e+01 0.000000000000000000e+00 1.600000000000000089e+00 -9.890000000000000787e-04 -8.299999999999999815e-05 1.000000000000000000e+00 -3.643620000000000192e-01 9.312570000000000014e-01 -2.829999999999999942e-04 -9.312570000000000014e-01 -3.643620000000000192e-01 -9.510000000000000224e-04
1.200000000000000000e+01 6.900000000000000000e+01 6.600000000000000000e+01 0.000000000000000000e+00 1.600000000000000089e+00 3.297000000000000017e-03 -2.446999999999999956e-03 9.999919999999999920e-01 -9.517630000000000257e-01 3.068089999999999984e-01 3.889000000000000096e-03 -3.068150000000000044e-01 -9.517679999999999474e-01 -1.317000000000000028e-03
1.600000000000000000e+01 6.900000000000000000e+01 6.600000000000000000e+01 0.000000000000000000e+00 1.600000000000000089e+00 2.746000000000000177e-03 -1.010000000000000020e-04 9.999959999999999960e-01 -9.527259999999999618e-01 3.038179999999999770e-01 2.647000000000000047e-03 -3.038170000000000037e-01 -9.527299999999999658e-01 7.380000000000000492e-04
6.000000000000000000e+00 2.500000000000000000e+01 7.300000000000000000e+01 0.000000000000000000e+00 1.600000000000000089e+00 1.389999999999999905e-04 -8.829999999999999958e-04 1.000000000000000000e+00 7.559890000000000221e-01 -6.545840000000000547e-01 -6.840000000000000377e-04 6.545840000000000547e-01 7.559890000000000221e-01 5.770000000000000389e-04
1.000000000000000000e+01 2.500000000000000000e+01 7.300000000000000000e+01 0.000000000000000000e+00 1.600000000000000089e+00 -1.052999999999999900e-03 3.570000000000000040e-04 9.999989999999999712e-01 7.542100000000000470e-01 -6.566330000000000222e-01 1.028999999999999967e-03 6.566330000000000222e-01 7.542100000000000470e-01 4.220000000000000118e-04
1.600000000000000000e+01 2.500000000000000000e+01 7.300000000000000000e+01 0.000000000000000000e+00 1.600000000000000089e+00 1.982999999999999954e-03 2.854000000000000200e-03 9.999940000000000495e-01 7.561660000000000048e-01 -6.543799999999999617e-01 3.680000000000000003e-04 6.543769999999999865e-01 7.561600000000000543e-01 -3.455000000000000172e-03
1.900000000000000000e+01 2.500000000000000000e+01 7.300000000000000000e+01 0.000000000000000000e+00 1.600000000000000089e+00 1.025000000000000086e-03 1.172000000000000082e-03 9.999989999999999712e-01 7.560090000000000421e-01 -6.545609999999999484e-01 -7.999999999999999638e-06 6.545609999999999484e-01 7.560080000000000133e-01 -1.557000000000000007e-03
2.500000000000000000e+01 2.500000000000000000e+01 7.300000000000000000e+01 0.000000000000000000e+00 1.600000000000000089e+00 -1.719999999999999958e-03 -3.472999999999999959e-03 9.999919999999999920e-01 7.518299999999999983e-01 -6.593560000000000532e-01 -9.970000000000000563e-04 6.593550000000000244e-01 7.518230000000000190e-01 3.746000000000000198e-03
2.800000000000000000e+01 2.500000000000000000e+01 7.300000000000000000e+01 0.000000000000000000e+00 1.600000000000000089e+00 -4.139999999999999800e-04 -6.002999999999999656e-03 9.999820000000000375e-01 7.534939999999999971e-01 -6.574449999999999461e-01 -3.635000000000000210e-03 6.574550000000000116e-01 7.534790000000000099e-01 4.794999999999999783e-03
7.000000000000000000e+00 4.400000000000000000e+01 7.300000000000000000e+01 0.000000000000000000e+00 1.600000000000000089e+00 1.369999999999999907e-03 1.028999999999999967e-03 9.999989999999999712e-01 5.313899999999999874e-02 -9.985870000000000024e-01 9.550000000000000112e-04 9.985859999999999737e-01 5.313699999999999674e-02 -1.423000000000000003e-03
1.300000000000000000e+01 4.400000000000000000e+01 7.300000000000000000e+01 0.000000000000000000e+00 1.600000000000000089e+00 9.060000000000000128e-04 6.880000000000000265e-04 9.999989999999999712e-01 5.263999999999999929e-02 -9.986129999999999729e-01 6.390000000000000280e-04 9.986129999999999729e-01 5.263999999999999929e-02 -9.409999999999999962e-04
1.800000000000000000e+01 4.400000000000000000e+01 7.300000000000000000e+01 0.000000000000000000e+00 1.600000000000000089e+00 -4.510000000000000120e-04 -1.791000000000000057e-03 9.999980000000000535e-01 5.234400000000000164e-02 -9.986279999999999601e-01 -1.765000000000000076e-03 9.986289999999999889e-01 5.234300000000000064e-02 5.439999999999999957e-04
2.500000000000000000e+01 4.400000000000000000e+01 7.300000000000000000e+01 0.000000000000000000e+00 1.600000000000000089e+00 8.130000000000000291e-04 3.524999999999999922e-03 9.999930000000000208e-01 5.338500000000000190e-02 -9.985680000000000112e-01 3.477000000000000056e-03 9.985739999999999617e-01 5.338199999999999890e-02 -1.000000000000000021e-03
4.000000000000000000e+00 5.100000000000000000e+01 7.600000000000000000e+01 0.000000000000000000e+00 1.600000000000000089e+00 1.569999999999999998e-03 -3.092999999999999829e-03 -9.999940000000000495e-01 -4.015730000000000133e-01 -9.158239999999999714e-01 2.201999999999999964e-03 -9.158250000000000002e-01 4.015679999999999805e-01 -2.680000000000000090e-03
5.000000000000000000e+00 9.100000000000000000e+01 7.600000000000000000e+01 0.000000000000000000e+00 1.600000000000000089e+00 -1.881000000000000076e-03 -1.268999999999999946e-03 9.999970000000000248e-01 3.091550000000000131e-01 -9.510119999999999685e-01 -6.250000000000000130e-04 9.510100000000000220e-01 3.091530000000000111e-01 2.181000000000000213e-03
1.200000000000000000e+01 9.100000000000000000e+01 7.600000000000000000e+01 0.000000000000000000e+00 1.600000000000000089e+00 8.800000000000000313e-04 8.600000000000000331e-05 1.000000000000000000e+00 3.036449999999999982e-01 -9.527849999999999930e-01 -1.849999999999999973e-04 9.527849999999999930e-01 3.036449999999999982e-01 -8.649999999999999920e-04
1.600000000000000000e+01 9.100000000000000000e+01 7.600000000000000000e+01 0.000000000000000000e+00 1.600000000000000089e+00 2.959999999999999849e-04 7.489999999999999913e-04 1.000000000000000000e+00 3.242269999999999874e-01 -9.459790000000000143e-01 6.120000000000000223e-04 9.459790000000000143e-01 3.242269999999999874e-01 -5.230000000000000274e-04
1.900000000000000000e+01 9.100000000000000000e+01 7.600000000000000000e+01 0.000000000000000000e+00 1.600000000000000089e+00 -7.990000000000000140e-04 -9.100000000000000287e-05 1.000000000000000000e+00 3.276209999999999956e-01 -9.448090000000000099e-01 1.759999999999999954e-04 9.448090000000000099e-01 3.276209999999999956e-01 7.839999999999999747e-04
2.300000000000000000e+01 9.100000000000000000e+01 7.600000000000000000e+01 0.000000000000000000e+00 1.600000000000000089e+00 3.040000000000000167e-04 7.550000000000000287e-04 1.000000000000000000e+00 3.174270000000000147e-01 -9.482819999999999583e-01 6.189999999999999756e-04 9.482829999999999870e-01 3.174270000000000147e-01 -5.280000000000000405e-04
2.600000000000000000e+01 9.100000000000000000e+01 7.600000000000000000e+01 0.000000000000000000e+00 1.600000000000000089e+00 8.099999999999999561e-04 1.237000000000000035e-03 9.999989999999999712e-01 3.242180000000000062e-01 -9.459819999999999895e-01 9.070000000000000371e-04 9.459819999999999895e-01 3.242169999999999774e-01 -1.167000000000000069e-03
1.000000000000000000e+01 6.300000000000000000e+01 8.100000000000000000e+01 0.000000000000000000e+00 1.600000000000000089e+00 4.420000000000000101e-04 1.606999999999999922e-03 9.999989999999999712e-01 1.656799999999999939e-02 -9.998609999999999998e-01 1.598999999999999944e-03 9.998629999999999463e-01 1.656699999999999839e-02 -4.679999999999999915e-04
1.000000000000000000e+01 4.400000000000000000e+01 8.300000000000000000e+01 0.000000000000000000e+00 1.600000000000000089e+00 -3.269999999999999795e-04 2.220999999999999884e-03 9.999970000000000248e-01 5.852289999999999992e-01 -8.108649999999999469e-01 1.991999999999999847e-03 8.108680000000000332e-01 5.852289999999999992e-01 -1.034999999999999896e-03
1.400000000000000000e+01 4.400000000000000000e+01 8.300000000000000000e+01 0.000000000000000000e+00 1.600000000000000089e+00 -6.840000000000000377e-04 4.608000000000000117e-03 9.999890000000000168e-01 5.847930000000000073e-01 -8.111720000000000041e-01 4.138000000000000185e-03 8.111819999999999586e-01 5.847890000000000033e-01 -2.139999999999999975e-03
2.300000000000000000e+01 4.400000000000000000e+01 8.300000000000000000e+01 0.000000000000000000e+00 1.600000000000000089e+00 -9.139999999999999904e-04 7.700000000000000139e-05 1.000000000000000000e+00 5.758210000000000273e-01 -8.175759999999999694e-01 5.890000000000000053e-04 8.175750000000000517e-01 5.758210000000000273e-01 7.029999999999999574e-04
1.300000000000000000e+01 1.010000000000000000e+02 8.300000000000000000e+01 0.000000000000000000e+00 1.600000000000000089e+00 -1.965000000000000167e-03 -5.290999999999999696e-03 9.999839999999999840e-01 9.938240000000000407e-01 1.109379999999999949e-01 2.540000000000000157e-03 -1.109490000000000059e-01 9.938129999999999464e-01 5.040000000000000209e-03
3.000000000000000000e+00 4.800000000000000000e+01 8.400000000000000000e+01 0.000000000000000000e+00 1.600000000000000089e+00 -8.840000000000000201e-04 -5.019999999999999506e-04 -9.999989999999999712e-01 -9.460790000000000033e-01 -3.239349999999999730e-01 9.990000000000001049e-04 -3.239360000000000017e-01 9.460790000000000033e-01 -1.879999999999999890e-04
7.000000000000000000e+00 4.800000000000000000e+01 8.400000000000000000e+01 0.000000000000000000e+00 1.600000000000000089e+00 7.870000000000000476e-04 -6.449999999999999570e-04 -9.999989999999999712e-01 -9.464639999999999720e-01 -3.228079999999999838e-01 -5.370000000000000424e-04 -3.228079999999999838e-01 9.464639999999999720e-01 -8.639999999999999677e-04
