1.500000000000000000e+01 2.500000000000000000e+01 1.000000000000000000e+00 0.000000000000000000e+00 1.600000000000000089e+00 3.926999999999999935e-03 -4.477000000000000077e-03 -9.999820000000000375e-01 -5.219979999999999620e-01 -8.529449999999999532e-01 1.768999999999999956e-03 -8.529379999999999740e-01 5.219810000000000283e-01 -5.687000000000000215e-03
2.300000000000000000e+01 2.500000000000000000e+01 1.000000000000000000e+00 0.000000000000000000e+00 1.600000000000000089e+00 2.801000000000000104e-03 4.628000000000000169e-03 -9.999850000000000128e-01 -5.249620000000000397e-01 -8.511079999999999757e-01 -5.408999999999999746e-03 -8.511210000000000164e-01 5.249700000000000477e-01 4.600000000000000004e-05
9.000000000000000000e+00 4.200000000000000000e+01 2.000000000000000000e+00 0.000000000000000000e+00 1.600000000000000089e+00 6.589000000000000239e-03 -1.328099999999999940e-02 -9.998899999999999455e-01 9.829879999999999729e-01 -1.834510000000000030e-01 8.914000000000000049e-03 -1.835489999999999899e-01 -9.829390000000000072e-01 1.184699999999999989e-02
2.000000000000000000e+00 1.500000000000000000e+01 4.000000000000000000e+00 0.000000000000000000e+00 1.600000000000000089e+00 -4.059000000000000108e-03 -3.422999999999999828e-03 9.999860000000000415e-01 3.111160000000000037e-01 -9.503700000000000481e-01 -1.991000000000000148e-03 9.503629999999999578e-01 3.111030000000000184e-01 4.923000000000000292e-03
5.000000000000000000e+00 1.500000000000000000e+01 4.000000000000000000e+00 0.000000000000000000e+00 1.600000000000000089e+00 -3.216999999999999808e-03 -2.207000000000000194e-03 9.999919999999999920e-01 3.106630000000000225e-01 -9.505200000000000315e-01 -1.098000000000000018e-03 9.505149999999999988e-01 3.106570000000000165e-01 3.743999999999999932e-03
1.400000000000000000e+01 1.500000000000000000e+01 4.000000000000000000e+00 0.000000000000000000e+00 1.600000000000000089e+00 1.985999999999999918e-03 3.278000000000000098e-03 9.999930000000000208e-01 3.055999999999999828e-01 -9.521570000000000311e-01 2.514000000000000175e-03 9.521579999999999488e-01 3.055930000000000035e-01 -2.893000000000000172e-03
2.400000000000000000e+01 1.500000000000000000e+01 4.000000000000000000e+00 0.000000000000000000e+00 1.600000000000000089e+00 -8.165000000000000382e-03 -3.403000000000000209e-03 9.999609999999999888e-01 2.995670000000000277e-01 -9.540750000000000064e-01 -8.000000000000000383e-04 9.540399999999999991e-01 2.995490000000000097e-01 8.809000000000000857e-03
2.800000000000000000e+01 1.500000000000000000e+01 4.000000000000000000e+00 0.000000000000000000e+00 1.600000000000000089e+00 -6.562000000000000124e-03 -5.807999999999999795e-03 9.999620000000000175e-01 2.982879999999999976e-01 -9.544690000000000119e-01 -3.586000000000000212e-03 9.544529999999999959e-01 2.982529999999999903e-01 7.995000000000000370e-03
1.000000000000000000e+00 1.010000000000000000e+02 7.000000000000000000e+00 0.000000000000000000e+00 1.600000000000000089e+00 -2.840000000000000076e-03 3.374999999999999962e-03 9.999900000000000455e-01 8.810599999999999543e-01 4.730030000000000068e-01 9.060000000000000128e-04 -4.729960000000000275e-01 8.810540000000000038e-01 -4.316999999999999657e-03
2.700000000000000000e+01 1.010000000000000000e+02 7.000000000000000000e+00 0.000000000000000000e+00 1.600000000000000089e+00 -9.100000000000000287e-05 1.690099999999999936e-02 9.998569999999999958e-01 8.840660000000000185e-01 4.672959999999999892e-01 -7.818999999999999562e-03 -4.673619999999999997e-01 8.839390000000000303e-01 -1.498400000000000079e-02
6.000000000000000000e+00 1.500000000000000000e+01 8.000000000000000000e+00 0.000000000000000000e+00 1.600000000000000089e+00 1.229999999999999974e-03 6.570000000000000319e-04 -9.999989999999999712e-01 -5.989039999999999919e-01 -8.008189999999999475e-01 -1.263000000000000017e-03 -8.008199999999999763e-01 5.989050000000000207e-01 -5.919999999999999698e-04
3.000000000000000000e+00 2.500000000000000000e+01 8.000000000000000000e+00 0.000000000000000000e+00 1.600000000000000089e+00 -6.049999999999999606e-04 5.215000000000000017e-03 -9.999860000000000415e-01 4.444159999999999777e-01 8.958099999999999952e-01 4.402999999999999796e-03 8.958199999999999497e-01 -4.444069999999999965e-01 -2.858999999999999996e-03
6.000000000000000000e+00 2.500000000000000000e+01 8.000000000000000000e+00 0.000000000000000000e+00 1.600000000000000089e+00 -1.953000000000000092e-03 -1.033000000000000064e-03 -9.999980000000000535e-01 4.433380000000000098e-01 8.963529999999999553e-01 -1.791999999999999973e-03 8.963529999999999553e-01 -4.433400000000000118e-01 -1.293000000000000095e-03
9.000000000000000000e+00 2.500000000000000000e+01 8.000000000000000000e+00 0.000000000000000000e+00 1.600000000000000089e+00 -1.007999999999999998e-03 -7.297999999999999800e-03 -9.999730000000000008e-01 4.445470000000000255e-01 8.957279999999999687e-01 -6.984999999999999890e-03 8.957549999999999679e-01 -4.445419999999999927e-01 2.341000000000000199e-03
1.300000000000000000e+01 2.500000000000000000e+01 8.000000000000000000e+00 0.000000000000000000e+00 1.600000000000000089e+00 -1.603999999999999957e-03 -5.899999999999999863e-03 -9.999810000000000088e-01 4.471700000000000119e-01 8.944290000000000296e-01 -5.995000000000000329e-03 8.944469999999999921e-01 -4.471720000000000139e-01 1.203999999999999992e-03
1.600000000000000000e+01 2.500000000000000000e+01 8.000000000000000000e+00 0.000000000000000000e+00 1.600000000000000089e+00 -3.350999999999999812e-03 -4.682999999999999663e-03 -9.999829999999999552e-01 4.487349999999999950e-01 8.936469999999999692e-01 -5.688999999999999613e-03 8.936579999999999524e-01 -4.487470000000000070e-01 -8.930000000000000221e-04
6.000000000000000000e+00 2.400000000000000000e+01 9.000000000000000000e+00 0.000000000000000000e+00 1.600000000000000089e+00 -1.412999999999999977e-03 -1.026000000000000002e-03 -9.999980000000000535e-01 4.469650000000000012e-01 8.945499999999999563e-01 -1.549999999999999946e-03 8.945509999999999851e-01 -4.469659999999999744e-01 -8.050000000000000515e-04
1.000000000000000000e+01 2.400000000000000000e+01 9.000000000000000000e+00 0.000000000000000000e+00 1.600000000000000089e+00 -9.870000000000000301e-04 -6.320000000000000097e-03 -9.999799999999999800e-01 4.480999999999999983e-01 8.939629999999999521e-01 -6.092000000000000193e-03 8.939829999999999721e-01 -4.480970000000000231e-01 1.949999999999999910e-03
1.700000000000000000e+01 2.400000000000000000e+01 9.000000000000000000e+00 0.000000000000000000e+00 1.600000000000000089e+00 -3.072000000000000078e-03 -1.763999999999999943e-03 -9.999940000000000495e-01 4.510199999999999765e-01 8.925089999999999968e-01 -2.959999999999999958e-03 8.925079999999999680e-01 -4.510270000000000112e-01 -1.946000000000000030e-03
2.100000000000000000e+01 2.400000000000000000e+01 9.000000000000000000e+00 0.000000000000000000e+00 1.600000000000000089e+00 -2.187000000000000142e-03 -6.696999999999999828e-03 -9.999749999999999472e-01 4.519960000000000089e-01 8.919930000000000359e-01 -6.962000000000000306e-03 8.920169999999999488e-01 -4.520000000000000129e-01 1.077000000000000049e-03
2.400000000000000000e+01 2.400000000000000000e+01 9.000000000000000000e+00 0.000000000000000000e+00 1.600000000000000089e+00 -2.606999999999999942e-03 -5.802999999999999999e-03 -9.999799999999999800e-01 4.524170000000000136e-01 8.917840000000000211e-01 -6.355000000000000406e-03 8.918019999999999836e-01 -4.524250000000000216e-01 3.009999999999999980e-04
1.800000000000000000e+01 3.200000000000000000e+01 1.400000000000000000e+01 0.000000000000000000e+00 1.600000000000000089e+00 3.589999999999999984e-04 6.409999999999999682e-04 -1.000000000000000000e+00 1.064260000000000067e-01 9.943199999999999816e-01 6.759999999999999516e-04 9.943210000000000104e-01 -1.064269999999999938e-01 2.889999999999999774e-04
2.500000000000000000e+01 1.200000000000000000e+01 1.500000000000000000e+01 0.000000000000000000e+00 1.600000000000000089e+00 2.445000000000000125e-03 4.841999999999999950e-03 -9.999850000000000128e-01 -4.693680000000000074e-01 -8.829860000000000486e-01 -5.424000000000000002e-03 -8.829989999999999783e-01 4.693749999999999867e-01 1.140000000000000063e-04
2.100000000000000000e+01 1.100000000000000000e+01 1.600000000000000000e+01 0.000000000000000000e+00 1.600000000000000089e+00 1.028000000000000051e-03 8.509999999999999769e-04 -9.999989999999999712e-01 -4.169689999999999785e-01 -9.089199999999999502e-01 -1.201999999999999943e-03 -9.089199999999999502e-01 4.169700000000000073e-01 -5.800000000000000034e-04
3.000000000000000000e+00 1.160000000000000000e+02 1.600000000000000000e+01 0.000000000000000000e+00 1.600000000000000089e+00 1.935000000000000088e-03 -5.609999999999999752e-04 9.999980000000000535e-01 6.970570000000000377e-01 7.170149999999999579e-01 -9.470000000000000336e-04 -7.170130000000000114e-01 6.970579999999999554e-01 1.778999999999999982e-03
1.400000000000000000e+01 1.160000000000000000e+02 1.600000000000000000e+01 0.000000000000000000e+00 1.600000000000000089e+00 2.026000000000000023e-03 9.619999999999999645e-04 9.999970000000000248e-01 6.791369999999999907e-01 7.340090000000000225e-01 -2.082000000000000083e-03 -7.340090000000000225e-01 6.791390000000000482e-01 8.339999999999999974e-04
1.900000000000000000e+01 1.160000000000000000e+02 1.600000000000000000e+01 0.000000000000000000e+00 1.600000000000000089e+00 -1.730000000000000038e-04 1.740000000000000010e-03 9.999980000000000535e-01 6.958950000000000413e-01 7.181429999999999758e-01 -1.129000000000000012e-03 -7.181440000000000046e-01 6.958929999999999838e-01 -1.335000000000000032e-03
2.400000000000000000e+01 1.160000000000000000e+02 1.600000000000000000e+01 0.000000000000000000e+00 1.600000000000000089e+00 1.660999999999999933e-03 -1.595999999999999979e-03 9.999970000000000248e-01 6.766269999999999785e-01 7.363260000000000360e-01 5.099999999999999960e-05 -7.363239999999999785e-01 6.766250000000000320e-01 2.302999999999999926e-03
2.000000000000000000e+00 2.000000000000000000e+00 1.900000000000000000e+01 0.000000000000000000e+00 1.600000000000000089e+00 -2.096999999999999906e-03 -4.590999999999999595e-03 -9.999869999999999592e-01 1.969120000000000037e-01 -9.804129999999999789e-01 4.088999999999999753e-03 -9.804190000000000405e-01 -1.969009999999999927e-01 2.959999999999999958e-03
7.000000000000000000e+00 2.000000000000000000e+00 1.900000000000000000e+01 0.000000000000000000e+00 1.600000000000000089e+00 -1.516999999999999902e-03 5.206999999999999823e-03 -9.999850000000000128e-01 1.979360000000000008e-01 -9.801999999999999602e-01 -5.403999999999999949e-03 -9.802140000000000297e-01 -1.979410000000000058e-01 4.560000000000000251e-04
1.100000000000000000e+01 2.000000000000000000e+00 1.900000000000000000e+01 0.000000000000000000e+00 1.600000000000000089e+00 -3.941000000000000059e-03 6.295000000000000248e-03 -9.999719999999999720e-01 1.980959999999999943e-01 -9.801579999999999737e-01 -6.950999999999999714e-03 -9.801750000000000185e-01 -1.981179999999999886e-01 2.615000000000000137e-03
1.400000000000000000e+01 2.000000000000000000e+00 1.900000000000000000e+01 0.000000000000000000e+00 1.600000000000000089e+00 -2.295000000000000165e-03 7.709999999999999840e-04 -9.999970000000000248e-01 1.966189999999999882e-01 -9.804789999999999894e-01 -1.206999999999999957e-03 -9.804770000000000429e-01 -1.966209999999999902e-01 2.099000000000000171e-03
2.000000000000000000e+01 2.000000000000000000e+00 1.900000000000000000e+01 0.000000000000000000e+00 1.600000000000000089e+00 4.169999999999999987e-04 -5.150000000000000064e-03 -9.999869999999999592e-01 1.935060000000000113e-01 -9.810860000000000136e-01 5.133999999999999675e-03 -9.810990000000000544e-01 -1.935060000000000113e-01 5.869999999999999567e-04
2.500000000000000000e+01 2.000000000000000000e+00 1.900000000000000000e+01 0.000000000000000000e+00 1.600000000000000089e+00 6.890000000000000508e-04 -4.110000000000000155e-04 -1.000000000000000000e+00 1.961910000000000043e-01 -9.805660000000000487e-01 5.379999999999999583e-04 -9.805650000000000199e-01 -1.961910000000000043e-01 -5.950000000000000427e-04
4.000000000000000000e+00 4.000000000000000000e+00 2.000000000000000000e+01 0.000000000000000000e+00 1.600000000000000089e+00 -1.540000000000000028e-04 -1.105999999999999995e-03 -9.999989999999999712e-01 2.910019999999999829e-01 -9.567219999999999613e-01 1.013000000000000012e-03 -9.567219999999999613e-01 -2.910019999999999829e-01 4.699999999999999859e-04
1.400000000000000000e+01 4.000000000000000000e+00 2.000000000000000000e+01 0.000000000000000000e+00 1.600000000000000089e+00 -4.335999999999999577e-03 -1.994999999999999812e-03 -9.999890000000000168e-01 2.908359999999999834e-01 -9.567729999999999846e-01 6.470000000000000057e-04 -9.567630000000000301e-01 -2.908299999999999774e-01 4.728999999999999697e-03
1.700000000000000000e+01 4.000000000000000000e+00 2.000000000000000000e+01 0.000000000000000000e+00 1.600000000000000089e+00 -4.539999999999999765e-04 -3.318999999999999902e-03 -9.999940000000000495e-01 2.881150000000000100e-01 -9.575909999999999700e-01 3.047999999999999928e-03 -9.575960000000000027e-01 -2.881119999999999792e-01 1.391000000000000092e-03
2.300000000000000000e+01 4.000000000000000000e+00 2.000000000000000000e+01 0.000000000000000000e+00 1.600000000000000089e+00 8.000000000000000383e-04 -2.590999999999999987e-03 -9.999959999999999960e-01 2.929620000000000002e-01 -9.561199999999999699e-01 2.712000000000000001e-03 -9.561239999999999739e-01 -2.929629999999999734e-01 -6.000000000000000152e-06
2.900000000000000000e+01 4.000000000000000000e+00 2.000000000000000000e+01 0.000000000000000000e+00 1.600000000000000089e+00 1.943000000000000066e-03 6.027000000000000239e-03 -9.999799999999999800e-01 2.916630000000000056e-01 -9.565069999999999961e-01 -5.198000000000000363e-03 -9.565190000000000081e-01 -2.916469999999999896e-01 -3.615999999999999857e-03
6.000000000000000000e+00 1.300000000000000000e+01 2.000000000000000000e+01 0.000000000000000000e+00 1.600000000000000089e+00 -6.859999999999999779e-04 -2.750000000000000166e-04 1.000000000000000000e+00 2.539790000000000103e-01 9.672100000000000142e-01 4.409999999999999858e-04 -9.672089999999999854e-01 2.539799999999999836e-01 -5.940000000000000184e-04
1.100000000000000000e+01 1.300000000000000000e+01 2.000000000000000000e+01 0.000000000000000000e+00 1.600000000000000089e+00 -2.484999999999999796e-03 -6.591999999999999769e-03 9.999749999999999472e-01 2.566499999999999893e-01 9.664789999999999770e-01 7.008999999999999606e-03 -9.665010000000000545e-01 2.566609999999999725e-01 -7.100000000000000191e-04
1.600000000000000000e+01 1.300000000000000000e+01 2.000000000000000000e+01 0.000000000000000000e+00 1.600000000000000089e+00 -1.129999999999999955e-04 -6.089999999999999494e-04 1.000000000000000000e+00 2.568989999999999885e-01 9.664380000000000193e-01 6.179999999999999513e-04 -9.664380000000000193e-01 2.568989999999999885e-01 4.699999999999999724e-05
1.800000000000000000e+01 1.300000000000000000e+01 2.000000000000000000e+01 0.000000000000000000e+00 1.600000000000000089e+00 4.350000000000000026e-04 8.899999999999999491e-05 1.000000000000000000e+00 2.562329999999999885e-01 9.666150000000000020e-01 -1.979999999999999881e-04 -9.666150000000000020e-01 2.562329999999999885e-01 3.980000000000000248e-04
2.300000000000000000e+01 1.300000000000000000e+01 2.000000000000000000e+01 0.000000000000000000e+00 1.600000000000000089e+00 1.593000000000000015e-03 1.262000000000000101e-03 9.999980000000000535e-01 2.555509999999999726e-01 9.667940000000000422e-01 -1.628000000000000107e-03 -9.667940000000000422e-01 2.555529999999999746e-01 1.216999999999999983e-03
2.900000000000000000e+01 1.300000000000000000e+01 2.000000000000000000e+01 0.000000000000000000e+00 1.600000000000000089e+00 -2.490000000000000026e-03 8.137999999999999401e-03 9.999639999999999640e-01 2.545250000000000012e-01 9.670389999999999819e-01 -7.236000000000000244e-03 -9.670630000000000059e-01 2.544980000000000020e-01 -4.479000000000000342e-03
3.000000000000000000e+00 1.600000000000000000e+01 2.100000000000000000e+01 0.000000000000000000e+00 1.600000000000000089e+00 1.245000000000000013e-03 9.232999999999999888e-03 9.999569999999999848e-01 2.964479999999999893e-01 9.550049999999999928e-01 -9.187000000000000721e-03 -9.550480000000000080e-01 2.964459999999999873e-01 -1.547999999999999897e-03
6.000000000000000000e+00 1.600000000000000000e+01 2.100000000000000000e+01 0.000000000000000000e+00 1.600000000000000089e+00 -4.099999999999999912e-04 -4.699999999999999859e-04 1.000000000000000000e+00 2.964930000000000065e-01 9.550349999999999673e-01 5.699999999999999772e-04 -9.550349999999999673e-01 2.964939999999999798e-01 -2.519999999999999996e-04
1.100000000000000000e+01 1.600000000000000000e+01 2.100000000000000000e+01 0.000000000000000000e+00 1.600000000000000089e+00 -2.070999999999999924e-03 -6.773000000000000374e-03 9.999749999999999472e-01 2.986289999999999778e-01 9.543430000000000524e-01 7.082999999999999886e-03 -9.543669999999999654e-01 2.986360000000000126e-01 4.699999999999999724e-05
2.300000000000000000e+01 1.600000000000000000e+01 2.100000000000000000e+01 0.000000000000000000e+00 1.600000000000000089e+00 1.360000000000000098e-03 1.652000000000000040e-03 9.999980000000000535e-01 2.994899999999999785e-01 9.540969999999999729e-01 -1.984000000000000086e-03 -9.540990000000000304e-01 2.994919999999999805e-01 8.030000000000000028e-04
2.600000000000000000e+01 1.600000000000000000e+01 2.100000000000000000e+01 0.000000000000000000e+00 1.600000000000000089e+00 -1.160000000000000007e-04 9.114000000000000573e-03 9.999580000000000135e-01 2.985099999999999976e-01 9.543669999999999654e-01 -8.663999999999999826e-03 -9.544059999999999766e-01 2.984970000000000123e-01 -2.831000000000000183e-03
1.000000000000000000e+00 3.000000000000000000e+00 2.500000000000000000e+01 0.000000000000000000e+00 1.600000000000000089e+00 -2.785999999999999848e-03 1.497999999999999983e-03 9.999949999999999672e-01 -5.506699999999999789e-02 -9.984819999999999807e-01 1.343000000000000010e-03 9.984790000000000054e-01 -5.506300000000000083e-02 2.864999999999999925e-03
1.000000000000000000e+01 3.000000000000000000e+00 2.500000000000000000e+01 0.000000000000000000e+00 1.600000000000000089e+00 5.866999999999999819e-03 6.708000000000000421e-03 9.999599999999999600e-01 -5.480499999999999955e-02 -9.984720000000000262e-01 7.020000000000000198e-03 9.984800000000000342e-01 -5.484399999999999692e-02 -5.491000000000000221e-03
1.500000000000000000e+01 3.000000000000000000e+00 2.500000000000000000e+01 0.000000000000000000e+00 1.600000000000000089e+00 2.092000000000000109e-03 -4.030999999999999861e-03 9.999900000000000455e-01 -5.534700000000000036e-02 -9.984600000000000142e-01 -3.909000000000000148e-03 9.984650000000000469e-01 -5.533799999999999830e-02 -2.311999999999999819e-03
2.700000000000000000e+01 3.000000000000000000e+00 2.500000000000000000e+01 0.000000000000000000e+00 1.600000000000000089e+00 -3.200999999999999852e-03 2.837000000000000112e-03 9.999909999999999632e-01 -6.324299999999999367e-02 -9.979949999999999655e-01 2.628000000000000128e-03 9.979930000000000190e-01 -6.323399999999999854e-02 3.373999999999999829e-03
3.000000000000000000e+00 4.600000000000000000e+01 2.700000000000000000e+01 0.000000000000000000e+00 1.600000000000000089e+00 -3.220999999999999905e-03 1.013999999999999927e-03 -9.999940000000000495e-01 6.412020000000000497e-01 7.673710000000000253e-01 -1.286999999999999950e-03 7.673649999999999638e-01 -6.412029999999999674e-01 -3.122000000000000209e-03
9.000000000000000000e+00 4.600000000000000000e+01 2.700000000000000000e+01 0.000000000000000000e+00 1.600000000000000089e+00 1.131000000000000061e-03 -2.079999999999999872e-04 -9.999989999999999712e-01 6.442400000000000349e-01 7.648230000000000306e-01 5.699999999999999772e-04 7.648220000000000018e-01 -6.442400000000000349e-01 9.990000000000001049e-04
1.200000000000000000e+01 4.600000000000000000e+01 2.700000000000000000e+01 0.000000000000000000e+00 1.600000000000000089e+00 3.187999999999999862e-03 -5.969999999999999829e-04 -9.999949999999999672e-01 6.457720000000000127e-01 7.635290000000000132e-01 1.603000000000000041e-03 7.635239999999999805e-01 -6.457730000000000414e-01 2.818999999999999891e-03
2.200000000000000000e+01 4.600000000000000000e+01 2.700000000000000000e+01 0.000000000000000000e+00 1.600000000000000089e+00 -1.129999999999999928e-03 2.353000000000000057e-03 -9.999970000000000248e-01 6.550080000000000346e-01 7.556209999999999871e-01 1.036999999999999944e-03 7.556209999999999871e-01 -6.550049999999999484e-01 -2.394999999999999993e-03
1.500000000000000000e+01 4.600000000000000000e+01 3.000000000000000000e+01 0.000000000000000000e+00 1.600000000000000089e+00 1.539999999999999919e-03 1.853999999999999962e-03 -9.999970000000000248e-01 3.261560000000000015e-01 9.453129999999999589e-01 2.255000000000000060e-03 9.453150000000000164e-01 -3.261589999999999767e-01 8.509999999999999769e-04
5.000000000000000000e+00 5.800000000000000000e+01 3.100000000000000000e+01 0.000000000000000000e+00 1.600000000000000089e+00 -7.100000000000000191e-04 -2.141000000000000108e-03 9.999970000000000248e-01 -8.004269999999999996e-01 -5.994279999999999609e-01 -1.850999999999999998e-03 5.994300000000000184e-01 -8.004259999999999708e-01 -1.288000000000000082e-03
1.800000000000000000e+01 5.800000000000000000e+01 3.100000000000000000e+01 0.000000000000000000e+00 1.600000000000000089e+00 -7.619999999999999820e-04 -1.969999999999999963e-03 9.999980000000000535e-01 -8.028300000000000436e-01 -5.962060000000000137e-01 -1.786000000000000044e-03 5.962079999999999602e-01 -8.028290000000000148e-01 -1.128000000000000096e-03
2.300000000000000000e+01 5.800000000000000000e+01 3.100000000000000000e+01 0.000000000000000000e+00 1.600000000000000089e+00 6.399999999999999710e-05 -5.059000000000000129e-03 9.999869999999999592e-01 -8.010469999999999535e-01 -5.985949999999999882e-01 -2.977000000000000045e-03 5.986019999999999675e-01 -8.010359999999999703e-01 -4.091000000000000018e-03
2.700000000000000000e+01 5.800000000000000000e+01 3.100000000000000000e+01 0.000000000000000000e+00 1.600000000000000089e+00 3.602999999999999866e-03 -2.517999999999999839e-03 9.999900000000000455e-01 -7.952979999999999494e-01 -6.062170000000000059e-01 1.338999999999999913e-03 6.062079999999999691e-01 -7.952949999999999742e-01 -4.186999999999999750e-03
1.300000000000000000e+01 6.000000000000000000e+00 3.200000000000000000e+01 0.000000000000000000e+00 1.600000000000000089e+00 3.549000000000000071e-03 2.870999999999999854e-03 -9.999900000000000455e-01 9.382200000000000262e-02 9.955840000000000245e-01 3.190999999999999826e-03 9.955829999999999957e-01 -9.383299999999999974e-02 3.263999999999999974e-03
5.000000000000000000e+00 4.600000000000000000e+01 3.500000000000000000e+01 0.000000000000000000e+00 1.600000000000000089e+00 3.390000000000000001e-04 1.873000000000000099e-03 -9.999980000000000535e-01 3.843860000000000054e-01 -9.231709999999999638e-01 -1.598999999999999944e-03 -9.231719999999999926e-01 -3.843849999999999767e-01 -1.033000000000000064e-03
1.000000000000000000e+01 4.600000000000000000e+01 3.500000000000000000e+01 0.000000000000000000e+00 1.600000000000000089e+00 -1.320000000000000101e-04 3.286999999999999991e-03 -9.999949999999999672e-01 3.856200000000000183e-01 -9.226529999999999454e-01 -3.083999999999999936e-03 -9.226579999999999782e-01 -3.856180000000000163e-01 -1.146000000000000100e-03
1.600000000000000000e+01 4.600000000000000000e+01 3.500000000000000000e+01 0.000000000000000000e+00 1.600000000000000089e+00 2.979999999999999793e-04 -1.827000000000000065e-03 -9.999980000000000535e-01 3.849890000000000256e-01 -9.229190000000000449e-01 1.801000000000000083e-03 -9.229209999999999914e-01 -3.849890000000000256e-01 4.290000000000000193e-04
2.100000000000000000e+01 4.600000000000000000e+01 3.500000000000000000e+01 0.000000000000000000e+00 1.600000000000000089e+00 8.429999999999999993e-04 -1.310000000000000129e-04 -1.000000000000000000e+00 3.849969999999999781e-01 -9.229180000000000161e-01 4.459999999999999989e-04 -9.229169999999999874e-01 -3.849980000000000069e-01 -7.280000000000000230e-04
2.700000000000000000e+01 4.600000000000000000e+01 3.500000000000000000e+01 0.000000000000000000e+00 1.600000000000000089e+00 -3.040000000000000167e-04 -2.435999999999999797e-03 -9.999970000000000248e-01 3.845509999999999762e-01 -9.231009999999999494e-01 2.132000000000000214e-03 -9.231040000000000356e-01 -3.845489999999999742e-01 1.217999999999999899e-03
6.000000000000000000e+00 9.500000000000000000e+01 3.600000000000000000e+01 0.000000000000000000e+00 1.600000000000000089e+00 1.526999999999999929e-03 2.880999999999999880e-03 9.999949999999999672e-01 9.982689999999999619e-01 5.878599999999999798e-02 -1.693000000000000060e-03 -5.879100000000000298e-02 9.982659999999999867e-01 -2.786999999999999981e-03
1.100000000000000000e+01 9.500000000000000000e+01 3.600000000000000000e+01 0.000000000000000000e+00 1.600000000000000089e+00 8.071000000000000049e-03 9.339999999999999344e-03 9.999240000000000350e-01 9.976110000000000255e-01 6.852900000000000658e-02 -8.692999999999999339e-03 -6.860499999999999932e-02 9.976049999999999640e-01 -8.763999999999999221e-03
1.500000000000000000e+01 9.500000000000000000e+01 3.600000000000000000e+01 0.000000000000000000e+00 1.600000000000000089e+00 7.962000000000000327e-03 1.105300000000000032e-02 9.999069999999999903e-01 9.975730000000000430e-01 6.908699999999999564e-02 -8.706999999999999462e-03 -6.917700000000000238e-02 9.975490000000000190e-01 -1.047599999999999920e-02
2.300000000000000000e+01 9.500000000000000000e+01 3.600000000000000000e+01 0.000000000000000000e+00 1.600000000000000089e+00 -2.357000000000000154e-03 2.043000000000000111e-03 9.999949999999999672e-01 9.967449999999999921e-01 8.058800000000000685e-02 2.184000000000000177e-03 -8.058300000000000185e-02 9.967449999999999921e-01 -2.226000000000000114e-03
7.000000000000000000e+00 3.000000000000000000e+00 4.300000000000000000e+01 0.000000000000000000e+00 1.600000000000000089e+00 1.984000000000000086e-03 -2.330000000000000040e-03 -9.999949999999999672e-01 7.380989999999999496e-01 -6.746849999999999792e-01 3.036000000000000070e-03 -6.746889999999999832e-01 -7.381020000000000358e-01 3.809999999999999910e-04
1.400000000000000000e+01 3.000000000000000000e+00 4.300000000000000000e+01 0.000000000000000000e+00 1.600000000000000089e+00 -4.429999999999999802e-04 2.339700000000000113e-02 -9.997260000000000035e-01 7.396540000000000337e-01 -6.727950000000000319e-01 -1.607300000000000048e-02 -6.729870000000000019e-01 -7.394589999999999774e-01 -1.700799999999999881e-02
2.100000000000000000e+01 3.000000000000000000e+00 4.300000000000000000e+01 0.000000000000000000e+00 1.600000000000000089e+00 1.613999999999999983e-03 4.399000000000000132e-03 -9.999890000000000168e-01 7.366570000000000062e-01 -6.762639999999999763e-01 -1.786000000000000044e-03 -6.762639999999999763e-01 -7.366460000000000230e-01 -4.331999999999999913e-03
2.800000000000000000e+01 3.000000000000000000e+00 4.300000000000000000e+01 0.000000000000000000e+00 1.600000000000000089e+00 1.710000000000000094e-04 -2.503299999999999970e-02 -9.996869999999999923e-01 7.327829999999999622e-01 -6.802460000000000173e-01 1.715900000000000064e-02 -6.804630000000000400e-01 -7.325559999999999850e-01 1.822700000000000015e-02
3.000000000000000000e+00 8.000000000000000000e+00 4.400000000000000000e+01 0.000000000000000000e+00 1.600000000000000089e+00 -9.409999999999999962e-04 -8.727000000000000382e-03 9.999609999999999888e-01 -7.816199999999999815e-01 -6.237249999999999739e-01 -6.178999999999999597e-03 6.237540000000000306e-01 -7.815959999999999575e-01 -6.233999999999999958e-03
7.000000000000000000e+00 8.000000000000000000e+00 4.400000000000000000e+01 0.000000000000000000e+00 1.600000000000000089e+00 -9.280000000000000054e-04 4.512999999999999651e-03 9.999890000000000168e-01 -7.828100000000000058e-01 -6.222569999999999490e-01 2.082000000000000083e-03 6.222600000000000353e-01 -7.828000000000000513e-01 4.109999999999999938e-03
1.700000000000000000e+01 8.000000000000000000e+00 4.400000000000000000e+01 0.000000000000000000e+00 1.600000000000000089e+00 1.337999999999999997e-03 2.889000000000000075e-03 9.999949999999999672e-01 -7.852510000000000323e-01 -6.191710000000000269e-01 2.840000000000000076e-03 6.191759999999999486e-01 -7.852510000000000323e-01 1.440000000000000091e-03
2.000000000000000000e+00 2.900000000000000000e+01 4.400000000000000000e+01 0.000000000000000000e+00 1.600000000000000089e+00 1.113000000000000057e-03 -3.376000000000000095e-03 -9.999940000000000495e-01 6.698389999999999622e-01 7.425040000000000529e-01 -1.760999999999999979e-03 7.425049999999999706e-01 -6.698330000000000117e-01 3.086999999999999900e-03
7.000000000000000000e+00 2.900000000000000000e+01 4.400000000000000000e+01 0.000000000000000000e+00 1.600000000000000089e+00 1.423999999999999919e-03 -3.412999999999999801e-03 -9.999930000000000208e-01 6.769690000000000429e-01 7.360100000000000531e-01 -1.547999999999999897e-03 7.360100000000000531e-01 -6.769619999999999527e-01 3.359000000000000007e-03
1.500000000000000000e+01 2.900000000000000000e+01 4.400000000000000000e+01 0.000000000000000000e+00 1.600000000000000089e+00 1.974000000000000060e-03 -5.659999999999999884e-04 -9.999980000000000535e-01 6.843900000000000539e-01 7.291149999999999576e-01 9.389999999999999476e-04 7.291130000000000111e-01 -6.843909999999999716e-01 1.827000000000000065e-03
1.900000000000000000e+01 2.900000000000000000e+01 4.400000000000000000e+01 0.000000000000000000e+00 1.600000000000000089e+00 1.337999999999999997e-03 -1.464999999999999939e-03 -9.999980000000000535e-01 6.873209999999999598e-01 7.263540000000000552e-01 -1.440000000000000036e-04 7.263530000000000264e-01 -6.873190000000000133e-01 1.978999999999999856e-03
2.300000000000000000e+01 2.900000000000000000e+01 4.400000000000000000e+01 0.000000000000000000e+00 1.600000000000000089e+00 -3.539999999999999853e-04 3.649999999999999816e-04 -1.000000000000000000e+00 6.870169999999999888e-01 7.266420000000000101e-01 2.199999999999999943e-05 7.266420000000000101e-01 -6.870169999999999888e-01 -5.079999999999999880e-04
2.900000000000000000e+01 2.900000000000000000e+01 4.400000000000000000e+01 0.000000000000000000e+00 1.600000000000000089e+00 -2.370999999999999844e-03 1.482999999999999943e-03 -9.999959999999999960e-01 6.859720000000000262e-01 7.276270000000000238e-01 -5.479999999999999845e-04 7.276240000000000485e-01 -6.859709999999999974e-01 -2.742000000000000080e-03
2.800000000000000000e+01 5.400000000000000000e+01 4.600000000000000000e+01 0.000000000000000000e+00 1.600000000000000089e+00 -2.443999999999999992e-03 -3.014000000000000186e-03 9.999919999999999920e-01 3.123469999999999858e-01 -9.499659999999999771e-01 -2.099000000000000171e-03 9.499649999999999483e-01 3.123389999999999778e-01 3.262999999999999842e-03
3.000000000000000000e+01 6.500000000000000000e+01 4.600000000000000000e+01 0.000000000000000000e+00 1.600000000000000089e+00 1.962999999999999901e-03 -3.950000000000000061e-04 9.999980000000000535e-01 6.792169999999999597e-01 -7.339350000000000041e-01 -1.624000000000000010e-03 7.339350000000000041e-01 6.792190000000000172e-01 -1.172000000000000082e-03
4.000000000000000000e+00 5.000000000000000000e+00 5.100000000000000000e+01 0.000000000000000000e+00 1.600000000000000089e+00 -2.967000000000000019e-03 1.946000000000000030e-03 -9.999940000000000495e-01 4.906469999999999998e-01 -8.713530000000000442e-01 -3.151000000000000155e-03 -8.713530000000000442e-01 -4.906539999999999790e-01 1.629999999999999939e-03
7.000000000000000000e+00 5.000000000000000000e+00 5.100000000000000000e+01 0.000000000000000000e+00 1.600000000000000089e+00 -2.650000000000000012e-03 3.314999999999999804e-03 -9.999909999999999632e-01 4.921150000000000246e-01 -8.705199999999999605e-01 -4.190000000000000148e-03 -8.705260000000000220e-01 -4.921220000000000039e-01 6.750000000000000357e-04
9.000000000000000000e+00 6.000000000000000000e+00 5.100000000000000000e+01 0.000000000000000000e+00 1.600000000000000089e+00 -2.730000000000000222e-04 1.381999999999999982e-03 -9.999989999999999712e-01 3.276189999999999936e-01 -9.448090000000000099e-01 -1.394999999999999973e-03 -9.448100000000000387e-01 -3.276189999999999936e-01 -1.949999999999999965e-04
5.000000000000000000e+00 7.000000000000000000e+00 5.200000000000000000e+01 0.000000000000000000e+00 1.600000000000000089e+00 -9.640000000000000131e-04 5.062999999999999792e-03 -9.999869999999999592e-01 1.090010000000000007e-01 -9.940280000000000227e-01 -5.138000000000000206e-03 -9.940409999999999524e-01 -1.090050000000000047e-01 4.070000000000000267e-04
2.500000000000000000e+01 7.000000000000000000e+00 5.200000000000000000e+01 0.000000000000000000e+00 1.600000000000000089e+00 -4.839999999999999684e-03 -7.922000000000000222e-03 -9.999569999999999848e-01 1.052420000000000022e-01 -9.944190000000000529e-01 7.368999999999999682e-03 -9.944349999999999579e-01 -1.052020000000000038e-01 5.647000000000000110e-03
2.700000000000000000e+01 7.000000000000000000e+00 5.200000000000000000e+01 0.000000000000000000e+00 1.600000000000000089e+00 -4.100000000000000346e-03 -5.477000000000000098e-03 -9.999770000000000048e-01 1.049210000000000004e-01 -9.944680000000000186e-01 5.015999999999999626e-03 -9.944720000000000226e-01 -1.048980000000000051e-01 4.651999999999999885e-03
5.000000000000000000e+00 6.300000000000000000e+01 5.400000000000000000e+01 0.000000000000000000e+00 1.600000000000000089e+00 -2.049999999999999956e-04 -5.739999999999999660e-04 1.000000000000000000e+00 -3.601489999999999969e-01 9.328950000000000298e-01 4.620000000000000083e-04 -9.328950000000000298e-01 -3.601489999999999969e-01 -3.980000000000000248e-04
1.000000000000000000e+01 6.300000000000000000e+01 5.400000000000000000e+01 0.000000000000000000e+00 1.600000000000000089e+00 6.809999999999999647e-04 -1.453000000000000081e-03 9.999989999999999712e-01 -3.525079999999999880e-01 9.358070000000000555e-01 1.600000000000000077e-03 -9.358090000000000019e-01 -3.525090000000000168e-01 1.250000000000000026e-04
1.900000000000000000e+01 6.300000000000000000e+01 5.400000000000000000e+01 0.000000000000000000e+00 1.600000000000000089e+00 1.200000000000000030e-04 -3.190999999999999826e-03 9.999949999999999672e-01 -3.502190000000000025e-01 9.366630000000000233e-01 3.030999999999999840e-03 -9.366679999999999451e-01 -3.502179999999999738e-01 -1.005000000000000034e-03
2.800000000000000000e+01 6.300000000000000000e+01 5.400000000000000000e+01 0.000000000000000000e+00 1.600000000000000089e+00 1.765000000000000076e-03 8.050000000000000515e-04 9.999980000000000535e-01 -3.612549999999999928e-01 9.324670000000000458e-01 -1.129999999999999955e-04 -9.324649999999999883e-01 -3.612540000000000195e-01 1.936999999999999920e-03
1.300000000000000000e+01 2.500000000000000000e+01 5.500000000000000000e+01 0.000000000000000000e+00 1.600000000000000089e+00 9.810000000000001011e-04 -1.350000000000000071e-03 -9.999989999999999712e-01 -1.351600000000000024e-02 -9.999080000000000190e-01 1.337000000000000081e-03 -9.999080000000000190e-01 1.351499999999999924e-02 -1.000000000000000021e-03
2.200000000000000000e+01 2.500000000000000000e+01 5.500000000000000000e+01 0.000000000000000000e+00 1.600000000000000089e+00 2.790000000000000054e-04 1.492999999999999969e-03 -9.999989999999999712e-01 -1.484399999999999956e-02 -9.998890000000000278e-01 -1.497000000000000067e-03 -9.998899999999999455e-01 1.484500000000000056e-02 -2.570000000000000127e-04
3.000000000000000000e+01 2.500000000000000000e+01 5.500000000000000000e+01 0.000000000000000000e+00 1.600000000000000089e+00 -8.670000000000000406e-04 2.455999999999999850e-03 -9.999970000000000248e-01 -1.139100000000000008e-02 -9.999320000000000430e-01 -2.445999999999999824e-03 -9.999350000000000183e-01 1.138899999999999982e-02 8.949999999999999623e-04
3.000000000000000000e+00 6.800000000000000000e+01 5.700000000000000000e+01 0.000000000000000000e+00 1.600000000000000089e+00 -1.072000000000000036e-03 -8.696999999999999870e-03 -9.999620000000000175e-01 -2.459850000000000092e-01 -9.692349999999999577e-01 8.694000000000000339e-03 -9.692730000000000512e-01 2.459850000000000092e-01 -1.100000000000000066e-03
1.600000000000000000e+01 6.800000000000000000e+01 5.700000000000000000e+01 0.000000000000000000e+00 1.600000000000000089e+00 -2.005999999999999971e-03 6.595000000000000168e-03 -9.999759999999999760e-01 -2.455120000000000080e-01 -9.693760000000000154e-01 -5.899999999999999863e-03 -9.693920000000000314e-01 2.454939999999999900e-01 3.563999999999999894e-03
2.100000000000000000e+01 6.800000000000000000e+01 5.700000000000000000e+01 0.000000000000000000e+00 1.600000000000000089e+00 -4.580000000000000195e-04 -1.203000000000000076e-03 -9.999989999999999712e-01 -2.440730000000000122e-01 -9.697559999999999514e-01 1.278000000000000056e-03 -9.697569999999999801e-01 2.440740000000000132e-01 1.510000000000000112e-04
1.000000000000000000e+01 2.100000000000000000e+01 6.000000000000000000e+01 0.000000000000000000e+00 1.600000000000000089e+00 7.619999999999999820e-04 -2.820000000000000024e-03 9.999959999999999960e-01 -9.009499999999999453e-02 9.959289999999999532e-01 2.876999999999999783e-03 -9.959329999999999572e-01 -9.009699999999999653e-02 5.050000000000000235e-04
2.800000000000000000e+01 2.100000000000000000e+01 6.000000000000000000e+01 0.000000000000000000e+00 1.600000000000000089e+00 3.049999999999999868e-04 -1.363100000000000075e-02 9.999069999999999903e-01 -9.244600000000000040e-02 9.956249999999999822e-01 1.360100000000000024e-02 -9.957179999999999920e-01 -9.244099999999999540e-02 -9.569999999999999514e-04
5.000000000000000000e+00 3.000000000000000000e+00 6.300000000000000000e+01 0.000000000000000000e+00 1.600000000000000089e+00 1.708000000000000100e-03 -1.881000000000000076e-03 9.999970000000000248e-01 -6.138620000000000188e-01 7.894099999999999451e-01 2.533000000000000095e-03 -7.894120000000000026e-01 -6.138639999999999652e-01 1.930000000000000021e-04
6.000000000000000000e+00 2.700000000000000000e+01 6.300000000000000000e+01 0.000000000000000000e+00 1.600000000000000089e+00 2.673000000000000029e-03 6.604999999999999760e-03 9.999749999999999472e-01 -2.753390000000000004e-01 9.613310000000000466e-01 -5.614000000000000067e-03 -9.613429999999999476e-01 -2.753169999999999784e-01 4.388000000000000407e-03
1.200000000000000000e+01 2.700000000000000000e+01 6.300000000000000000e+01 0.000000000000000000e+00 1.600000000000000089e+00 1.310000000000000129e-04 -1.789000000000000009e-03 9.999980000000000535e-01 -2.788789999999999880e-01 9.603249999999999842e-01 1.753999999999999917e-03 -9.603260000000000129e-01 -2.788789999999999880e-01 -3.730000000000000134e-04
1.800000000000000000e+01 2.700000000000000000e+01 6.300000000000000000e+01 0.000000000000000000e+00 1.600000000000000089e+00 -1.971999999999999795e-03 -1.709999999999999932e-03 9.999970000000000248e-01 -2.769789999999999752e-01 9.608750000000000346e-01 1.097000000000000102e-03 -9.608740000000000059e-01 -2.769750000000000267e-01 -2.369000000000000012e-03
2.300000000000000000e+01 2.700000000000000000e+01 6.300000000000000000e+01 0.000000000000000000e+00 1.600000000000000089e+00 -9.430000000000000448e-04 -2.991000000000000169e-03 9.999949999999999672e-01 -2.776060000000000194e-01 9.606909999999999616e-01 2.612000000000000172e-03 -9.606949999999999656e-01 -2.776020000000000154e-01 -1.735999999999999913e-03
3.000000000000000000e+01 2.700000000000000000e+01 6.300000000000000000e+01 0.000000000000000000e+00 1.600000000000000089e+00 -1.392999999999999924e-03 -1.174099999999999970e-02 9.999299999999999855e-01 -2.778990000000000071e-01 9.605489999999999862e-01 1.089200000000000064e-02 -9.606090000000000462e-01 -2.778639999999999999e-01 -4.601000000000000055e-03
