1.000000000000000000e+01 2.500000000000000000e+01 1.000000000000000000e+00 0.000000000000000000e+00 1.600000000000000089e+00 -2.266999999999999918e-03 4.571000000000000410e-03 -9.999869999999999592e-01 -5.345189999999999664e-01 -8.451520000000000143e-01 -2.651000000000000145e-03 -8.451530000000000431e-01 5.345060000000000366e-01 4.359000000000000027e-03
1.600000000000000000e+01 2.500000000000000000e+01 1.000000000000000000e+00 0.000000000000000000e+00 1.600000000000000089e+00 -1.358999999999999965e-03 -2.694999999999999913e-03 -9.999949999999999672e-01 -5.345600000000000351e-01 -8.451250000000000151e-01 3.004000000000000160e-03 -8.451290000000000191e-01 5.345619999999999816e-01 -2.919999999999999961e-04
2.300000000000000000e+01 2.500000000000000000e+01 1.000000000000000000e+00 0.000000000000000000e+00 1.600000000000000089e+00 -1.920000000000000049e-04 -1.194300000000000049e-02 -9.999289999999999567e-01 -5.359709999999999752e-01 -8.441750000000000087e-01 1.018499999999999961e-02 -8.442359999999999864e-01 5.359350000000000502e-01 -6.238999999999999754e-03
2.600000000000000000e+01 2.500000000000000000e+01 1.000000000000000000e+00 0.000000000000000000e+00 1.600000000000000089e+00 -1.347000000000000107e-03 4.109999999999999938e-03 -9.999909999999999632e-01 -5.354910000000000503e-01 -8.445369999999999822e-01 -2.749999999999999840e-03 -8.445399999999999574e-01 5.354820000000000135e-01 3.337999999999999821e-03
8.000000000000000000e+00 1.500000000000000000e+01 4.000000000000000000e+00 0.000000000000000000e+00 1.600000000000000089e+00 -2.994999999999999832e-03 -1.295699999999999977e-02 9.999120000000000230e-01 3.248619999999999841e-01 -9.456940000000000346e-01 -1.128099999999999936e-02 9.457569999999999588e-01 3.247999999999999776e-01 7.041999999999999649e-03
1.100000000000000000e+01 1.500000000000000000e+01 4.000000000000000000e+00 0.000000000000000000e+00 1.600000000000000089e+00 8.999999999999999754e-04 -4.039000000000000055e-03 9.999909999999999632e-01 3.256600000000000050e-01 -9.454780000000000406e-01 -4.112000000000000204e-03 9.454869999999999663e-01 3.256609999999999783e-01 4.650000000000000270e-04
1.500000000000000000e+01 1.500000000000000000e+01 4.000000000000000000e+00 0.000000000000000000e+00 1.600000000000000089e+00 1.191999999999999917e-03 -6.019999999999999961e-04 9.999989999999999712e-01 3.270270000000000121e-01 -9.450150000000000494e-01 -9.590000000000000000e-04 9.450140000000000207e-01 3.270279999999999854e-01 -9.290000000000000297e-04
1.900000000000000000e+01 1.500000000000000000e+01 4.000000000000000000e+00 0.000000000000000000e+00 1.600000000000000089e+00 3.820000000000000153e-04 -9.160000000000000390e-04 1.000000000000000000e+00 3.249810000000000199e-01 -9.457200000000000051e-01 -9.899999999999999946e-04 9.457210000000000338e-01 3.249810000000000199e-01 -6.399999999999999710e-05
2.500000000000000000e+01 1.500000000000000000e+01 4.000000000000000000e+00 0.000000000000000000e+00 1.600000000000000089e+00 1.810000000000000085e-04 2.603999999999999978e-03 9.999970000000000248e-01 3.208659999999999846e-01 -9.471220000000000194e-01 2.409000000000000117e-03 9.471249999999999947e-01 3.208639999999999826e-01 -1.007000000000000083e-03
2.900000000000000000e+01 1.500000000000000000e+01 4.000000000000000000e+00 0.000000000000000000e+00 1.600000000000000089e+00 5.410000000000000312e-04 3.118999999999999811e-03 9.999949999999999672e-01 3.212599999999999900e-01 -9.469870000000000232e-01 2.779999999999999919e-03 9.469910000000000272e-01 3.212570000000000148e-01 -1.515000000000000071e-03
2.000000000000000000e+01 9.000000000000000000e+01 4.000000000000000000e+00 0.000000000000000000e+00 1.600000000000000089e+00 2.115710000000000091e-01 5.847050000000000303e-01 -7.831709999999999505e-01 -3.055479999999999863e-01 8.007159999999999833e-01 5.152609999999999690e-01 9.283740000000000325e-01 1.302820000000000089e-01 3.480630000000000113e-01
1.000000000000000000e+01 8.700000000000000000e+01 6.000000000000000000e+00 0.000000000000000000e+00 1.600000000000000089e+00 -6.835660000000000069e-01 -6.258759999999999879e-01 -3.755220000000000224e-01 -7.280780000000000030e-01 6.209240000000000315e-01 2.904410000000000047e-01 5.138999999999999818e-02 4.719450000000000034e-01 -8.801290000000000502e-01
1.100000000000000000e+01 8.600000000000000000e+01 7.000000000000000000e+00 0.000000000000000000e+00 1.600000000000000089e+00 -6.872030000000000083e-01 -6.648570000000000313e-01 -2.927750000000000075e-01 -7.263669999999999849e-01 6.354720000000000368e-01 2.618510000000000004e-01 1.195700000000000061e-02 3.926060000000000105e-01 -9.196290000000000298e-01
4.000000000000000000e+00 2.500000000000000000e+01 8.000000000000000000e+00 0.000000000000000000e+00 1.600000000000000089e+00 1.201000000000000028e-03 -3.098000000000000059e-03 -9.999949999999999672e-01 4.524630000000000041e-01 8.917800000000000171e-01 -2.219000000000000052e-03 8.917819999999999636e-01 -4.524580000000000268e-01 2.472999999999999938e-03
7.000000000000000000e+00 2.500000000000000000e+01 8.000000000000000000e+00 0.000000000000000000e+00 1.600000000000000089e+00 1.036999999999999944e-03 2.903000000000000198e-03 -9.999949999999999672e-01 4.518829999999999791e-01 8.920719999999999761e-01 3.059000000000000087e-03 8.920759999999999801e-01 -4.518840000000000079e-01 -3.869999999999999742e-04
1.200000000000000000e+01 2.500000000000000000e+01 8.000000000000000000e+00 0.000000000000000000e+00 1.600000000000000089e+00 2.369999999999999874e-04 -2.400000000000000061e-04 -1.000000000000000000e+00 4.532169999999999810e-01 8.913999999999999702e-01 -1.060000000000000016e-04 8.913999999999999702e-01 -4.532169999999999810e-01 3.200000000000000262e-04
2.100000000000000000e+01 2.500000000000000000e+01 8.000000000000000000e+00 0.000000000000000000e+00 1.600000000000000089e+00 1.273000000000000043e-03 5.692000000000000011e-03 -9.999829999999999552e-01 4.528070000000000150e-01 8.915910000000000224e-01 5.650999999999999773e-03 8.916079999999999561e-01 -4.528059999999999863e-01 -1.443000000000000055e-03
2.300000000000000000e+01 2.500000000000000000e+01 8.000000000000000000e+00 0.000000000000000000e+00 1.600000000000000089e+00 1.827000000000000065e-03 3.638999999999999874e-03 -9.999919999999999920e-01 4.511530000000000262e-01 8.924370000000000358e-01 4.072000000000000099e-03 8.924450000000000438e-01 -4.511569999999999747e-01 -1.200000000000000030e-05
2.800000000000000000e+01 2.500000000000000000e+01 8.000000000000000000e+00 0.000000000000000000e+00 1.600000000000000089e+00 2.334999999999999836e-03 1.987000000000000051e-03 -9.999949999999999672e-01 4.498739999999999961e-01 8.930879999999999930e-01 2.824999999999999820e-03 8.930890000000000217e-01 -4.498780000000000001e-01 1.191000000000000001e-03
2.000000000000000000e+00 2.400000000000000000e+01 9.000000000000000000e+00 0.000000000000000000e+00 1.600000000000000089e+00 9.870000000000000301e-04 -4.725000000000000033e-03 -9.999879999999999880e-01 4.559969999999999857e-01 8.899730000000000141e-01 -3.755000000000000091e-03 8.899810000000000221e-01 -4.559880000000000044e-01 3.033999999999999805e-03
1.100000000000000000e+01 2.400000000000000000e+01 9.000000000000000000e+00 0.000000000000000000e+00 1.600000000000000089e+00 -1.100000000000000039e-04 1.262000000000000101e-03 -9.999989999999999712e-01 4.554830000000000267e-01 8.902440000000000353e-01 1.074000000000000085e-03 8.902440000000000353e-01 -4.554830000000000267e-01 -6.729999999999999871e-04
1.500000000000000000e+01 2.400000000000000000e+01 9.000000000000000000e+00 0.000000000000000000e+00 1.600000000000000089e+00 -6.049999999999999606e-04 2.175999999999999983e-03 -9.999970000000000248e-01 4.568720000000000003e-01 8.895309999999999606e-01 1.659000000000000101e-03 8.895319999999999894e-01 -4.568699999999999983e-01 -1.533000000000000074e-03
1.900000000000000000e+01 2.400000000000000000e+01 9.000000000000000000e+00 0.000000000000000000e+00 1.600000000000000089e+00 6.260000000000000373e-04 4.903000000000000240e-03 -9.999879999999999880e-01 4.559309999999999752e-01 8.900029999999999886e-01 4.649000000000000354e-03 8.900150000000000006e-01 -4.559279999999999999e-01 -1.678000000000000021e-03
2.300000000000000000e+01 2.400000000000000000e+01 9.000000000000000000e+00 0.000000000000000000e+00 1.600000000000000089e+00 2.066999999999999827e-03 3.080999999999999971e-03 -9.999930000000000208e-01 4.538670000000000204e-01 8.910620000000000207e-01 3.684000000000000209e-03 8.910670000000000535e-01 -4.538719999999999977e-01 4.440000000000000045e-04
2.800000000000000000e+01 2.400000000000000000e+01 9.000000000000000000e+00 0.000000000000000000e+00 1.600000000000000089e+00 1.396000000000000105e-03 5.407000000000000348e-03 -9.999839999999999840e-01 4.525830000000000131e-01 8.917059999999999986e-01 5.453000000000000382e-03 8.917209999999999859e-01 -4.525839999999999863e-01 -1.201999999999999943e-03
9.000000000000000000e+00 8.900000000000000000e+01 9.000000000000000000e+00 0.000000000000000000e+00 1.600000000000000089e+00 -9.305160000000000098e-01 1.293000000000000095e-03 -3.662500000000000200e-01 -1.044059999999999988e-01 9.575649999999999995e-01 2.686419999999999919e-01 3.510559999999999792e-01 2.882140000000000257e-01 -8.908939999999999637e-01
1.300000000000000000e+01 1.200000000000000000e+01 1.000000000000000000e+01 0.000000000000000000e+00 1.600000000000000089e+00 -2.651000000000000145e-03 7.500000000000000156e-04 -9.999959999999999960e-01 -5.520479999999999832e-01 -8.338119999999999976e-01 8.379999999999999862e-04 -8.338079999999999936e-01 5.520490000000000119e-01 2.624000000000000030e-03
2.800000000000000000e+01 3.100000000000000000e+01 1.200000000000000000e+01 0.000000000000000000e+00 1.600000000000000089e+00 -3.559999999999999797e-03 -1.929399999999999865e-02 9.998080000000000300e-01 -1.455099999999999970e-02 9.997089999999999588e-01 1.924100000000000116e-02 -9.998879999999999990e-01 -1.447999999999999982e-02 -3.840000000000000097e-03
5.000000000000000000e+00 3.500000000000000000e+01 1.200000000000000000e+01 0.000000000000000000e+00 1.600000000000000089e+00 -6.897999999999999618e-03 7.706000000000000176e-03 -9.999460000000000015e-01 4.403670000000000084e-01 -8.977629999999999777e-01 -9.957000000000000572e-03 -8.977910000000000057e-01 -4.404120000000000257e-01 2.799999999999999972e-03
2.700000000000000000e+01 3.500000000000000000e+01 1.200000000000000000e+01 0.000000000000000000e+00 1.600000000000000089e+00 -8.104999999999999358e-03 1.292500000000000072e-02 -9.998839999999999950e-01 4.990539999999999976e-01 -8.664370000000000127e-01 -1.524499999999999987e-02 -8.665329999999999977e-01 -4.991200000000000081e-01 5.730000000000000501e-04
1.200000000000000000e+01 8.400000000000000000e+01 1.200000000000000000e+01 0.000000000000000000e+00 1.600000000000000089e+00 -7.831310000000000215e-01 -5.940290000000000292e-01 -1.839419999999999944e-01 -6.218399999999999483e-01 7.458970000000000322e-01 2.386490000000000000e-01 -4.563000000000000216e-03 3.012759999999999883e-01 -9.535259999999999847e-01
1.700000000000000000e+01 9.600000000000000000e+01 1.200000000000000000e+01 0.000000000000000000e+00 1.600000000000000089e+00 -1.380100000000000077e-02 8.394599999999999840e-01 -5.432460000000000067e-01 -9.146009999999999973e-01 2.089820000000000011e-01 3.461679999999999757e-01 4.041230000000000100e-01 5.016310000000000491e-01 7.648859999999999548e-01
6.000000000000000000e+00 1.160000000000000000e+02 1.600000000000000000e+01 0.000000000000000000e+00 1.600000000000000089e+00 -1.750000000000000036e-03 -6.850000000000000186e-03 9.999749999999999472e-01 6.599789999999999823e-01 7.512579999999999814e-01 6.301000000000000177e-03 -7.512820000000000054e-01 6.599730000000000318e-01 3.206000000000000082e-03
1.400000000000000000e+01 1.160000000000000000e+02 1.600000000000000000e+01 0.000000000000000000e+00 1.600000000000000089e+00 -8.602999999999999536e-03 -8.474999999999999895e-03 9.999270000000000103e-01 7.502220000000000555e-01 6.610759999999999970e-01 1.205799999999999927e-02 -6.611299999999999955e-01 7.502710000000000212e-01 6.710000000000000469e-04
2.000000000000000000e+00 2.000000000000000000e+00 1.900000000000000000e+01 0.000000000000000000e+00 1.600000000000000089e+00 2.386000000000000100e-03 1.235600000000000066e-02 -9.999209999999999487e-01 1.592459999999999987e-01 -9.871680000000000454e-01 -1.181899999999999964e-02 -9.872360000000000024e-01 -1.592050000000000132e-01 -4.322999999999999586e-03
5.000000000000000000e+00 2.000000000000000000e+00 1.900000000000000000e+01 0.000000000000000000e+00 1.600000000000000089e+00 2.028999999999999988e-03 1.276399999999999930e-02 -9.999169999999999447e-01 1.585429999999999895e-01 -9.872760000000000424e-01 -1.228100000000000025e-02 -9.873499999999999499e-01 -1.585050000000000070e-01 -4.027000000000000197e-03
7.000000000000000000e+00 2.000000000000000000e+00 1.900000000000000000e+01 0.000000000000000000e+00 1.600000000000000089e+00 1.799000000000000035e-03 7.656999999999999744e-03 -9.999689999999999968e-01 1.567010000000000070e-01 -9.876190000000000246e-01 -7.281000000000000145e-03 -9.876439999999999664e-01 -1.566829999999999889e-01 -2.975999999999999913e-03
1.300000000000000000e+01 2.000000000000000000e+00 1.900000000000000000e+01 0.000000000000000000e+00 1.600000000000000089e+00 1.843999999999999936e-03 2.768000000000000061e-03 -9.999940000000000495e-01 1.527429999999999899e-01 -9.882630000000000026e-01 -2.454000000000000018e-03 -9.882640000000000313e-01 -1.527380000000000126e-01 -2.245000000000000034e-03
1.600000000000000000e+01 2.000000000000000000e+00 1.900000000000000000e+01 0.000000000000000000e+00 1.600000000000000089e+00 2.439000000000000196e-03 -7.079999999999999705e-04 -9.999970000000000248e-01 1.573219999999999896e-01 -9.875469999999999526e-01 1.082999999999999978e-03 -9.875439999999999774e-01 -1.573239999999999916e-01 -2.296999999999999997e-03
2.200000000000000000e+01 2.000000000000000000e+00 1.900000000000000000e+01 0.000000000000000000e+00 1.600000000000000089e+00 4.291999999999999808e-03 -2.679300000000000084e-02 -9.996319999999999650e-01 1.531500000000000083e-01 -9.878299999999999859e-01 2.713399999999999840e-02 -9.881940000000000168e-01 -1.532110000000000138e-01 -1.359999999999999989e-04
4.000000000000000000e+00 1.300000000000000000e+01 2.000000000000000000e+01 0.000000000000000000e+00 1.600000000000000089e+00 -1.440000000000000036e-04 2.400999999999999922e-03 9.999970000000000248e-01 2.478859999999999952e-01 9.687860000000000360e-01 -2.289999999999999935e-03 -9.687890000000000112e-01 2.478849999999999942e-01 -7.349999999999999763e-04
1.000000000000000000e+01 1.300000000000000000e+01 2.000000000000000000e+01 0.000000000000000000e+00 1.600000000000000089e+00 -2.608000000000000075e-03 -8.085000000000000173e-03 9.999639999999999640e-01 2.491210000000000091e-01 9.684350000000000458e-01 8.479999999999999691e-03 -9.684690000000000243e-01 2.491339999999999943e-01 -5.119999999999999768e-04
1.200000000000000000e+01 1.300000000000000000e+01 2.000000000000000000e+01 0.000000000000000000e+00 1.600000000000000089e+00 -1.505999999999999960e-03 -8.791999999999999468e-03 9.999599999999999600e-01 2.493630000000000013e-01 9.683690000000000353e-01 8.890000000000000333e-03 -9.684089999999999643e-01 2.493670000000000053e-01 7.339999999999999520e-04
1.800000000000000000e+01 1.300000000000000000e+01 2.000000000000000000e+01 0.000000000000000000e+00 1.600000000000000089e+00 4.995000000000000308e-03 7.198999999999999670e-03 9.999620000000000175e-01 2.478160000000000085e-01 9.687719999999999665e-01 -8.212999999999999814e-03 -9.687940000000000440e-01 2.478480000000000127e-01 3.054999999999999990e-03
2.300000000000000000e+01 1.300000000000000000e+01 2.000000000000000000e+01 0.000000000000000000e+00 1.600000000000000089e+00 -1.260000000000000052e-03 -6.620000000000000450e-04 9.999989999999999712e-01 2.459989999999999954e-01 9.692699999999999649e-01 9.520000000000000467e-04 -9.692690000000000472e-01 2.459999999999999964e-01 -1.059000000000000045e-03
2.700000000000000000e+01 1.300000000000000000e+01 2.000000000000000000e+01 0.000000000000000000e+00 1.600000000000000089e+00 -2.111000000000000029e-03 -4.531000000000000305e-03 9.999869999999999592e-01 2.462469999999999937e-01 9.691950000000000287e-01 4.910999999999999567e-03 -9.692049999999999832e-01 2.462540000000000007e-01 -9.300000000000000541e-04
8.000000000000000000e+00 1.600000000000000000e+01 2.100000000000000000e+01 0.000000000000000000e+00 1.600000000000000089e+00 -2.693000000000000081e-03 -5.805000000000000264e-03 9.999789999999999512e-01 2.978000000000000091e-01 9.546069999999999833e-01 6.342999999999999680e-03 -9.546249999999999458e-01 2.978109999999999924e-01 -8.419999999999999750e-04
1.300000000000000000e+01 1.600000000000000000e+01 2.100000000000000000e+01 0.000000000000000000e+00 1.600000000000000089e+00 -6.819999999999999890e-04 -5.897999999999999597e-03 9.999820000000000375e-01 2.991659999999999875e-01 9.541830000000000034e-01 5.832000000000000378e-03 -9.542009999999999659e-01 2.991639999999999855e-01 1.113999999999999973e-03
1.600000000000000000e+01 1.600000000000000000e+01 2.100000000000000000e+01 0.000000000000000000e+00 1.600000000000000089e+00 4.871000000000000330e-03 5.806000000000000397e-03 9.999710000000000543e-01 2.984479999999999911e-01 9.544000000000000261e-01 -6.995000000000000349e-03 -9.544129999999999558e-01 2.984740000000000171e-01 2.916000000000000189e-03
2.100000000000000000e+01 4.600000000000000000e+01 2.700000000000000000e+01 0.000000000000000000e+00 1.600000000000000089e+00 1.127099999999999977e-02 1.722800000000000026e-02 -9.997880000000000100e-01 6.349690000000000056e-01 7.722670000000000368e-01 2.046600000000000155e-02 7.724560000000000315e-01 -6.350649999999999906e-01 -2.235000000000000007e-03
2.700000000000000000e+01 4.600000000000000000e+01 2.700000000000000000e+01 0.000000000000000000e+00 1.600000000000000089e+00 -1.198999999999999979e-03 -7.803000000000000040e-03 -9.999689999999999968e-01 6.779110000000000413e-01 7.351149999999999629e-01 -6.549000000000000134e-03 7.351429999999999909e-01 -6.778980000000000006e-01 4.407999999999999592e-03
3.000000000000000000e+00 4.900000000000000000e+01 2.900000000000000000e+01 0.000000000000000000e+00 1.600000000000000089e+00 -3.840000000000000097e-04 1.167350000000000054e-01 -9.931630000000000180e-01 6.643400000000000416e-01 -7.422910000000000341e-01 -8.750499999999999945e-02 -7.474309999999999565e-01 -6.598309999999999453e-01 -7.726700000000000235e-02
4.000000000000000000e+00 5.000000000000000000e+01 3.000000000000000000e+01 0.000000000000000000e+00 1.600000000000000089e+00 -2.383000000000000135e-03 1.727920000000000011e-01 -9.849550000000000249e-01 6.584820000000000118e-01 -7.410029999999999673e-01 -1.315880000000000105e-01 -7.525929999999999565e-01 -6.488890000000000491e-01 -1.120150000000000035e-01
9.000000000000000000e+00 5.000000000000000000e+01 3.000000000000000000e+01 0.000000000000000000e+00 1.600000000000000089e+00 -9.374999999999999653e-03 2.726729999999999987e-01 -9.620610000000000550e-01 6.371240000000000236e-01 -7.399010000000000309e-01 -2.159149999999999958e-01 -7.707039999999999447e-01 -6.149759999999999671e-01 -1.667899999999999938e-01
1.500000000000000000e+01 8.000000000000000000e+01 3.000000000000000000e+01 0.000000000000000000e+00 1.600000000000000089e+00 -9.172949999999999715e-01 -3.903530000000000055e-01 -7.870399999999999618e-02 -3.982029999999999736e-01 8.981710000000000527e-01 1.863400000000000056e-01 -2.049000000000000040e-03 2.022690000000000043e-01 -9.793279999999999763e-01
1.600000000000000000e+01 9.000000000000000000e+01 3.000000000000000000e+01 0.000000000000000000e+00 1.600000000000000089e+00 -9.294360000000000399e-01 3.247800000000000131e-01 -1.751209999999999989e-01 2.585520000000000040e-01 9.118490000000000206e-01 3.188770000000000215e-01 2.632479999999999820e-01 2.510970000000000146e-01 -9.314780000000000282e-01
1.300000000000000000e+01 5.100000000000000000e+01 3.100000000000000000e+01 0.000000000000000000e+00 1.600000000000000089e+00 2.522900000000000142e-02 3.988579999999999903e-01 -9.166649999999999521e-01 5.482639999999999736e-01 -7.722719999999999585e-01 -3.209400000000000031e-01 -8.359250000000000291e-01 -4.944779999999999731e-01 -2.381630000000000136e-01
1.300000000000000000e+01 5.200000000000000000e+01 3.200000000000000000e+01 0.000000000000000000e+00 1.600000000000000089e+00 3.796700000000000075e-02 4.218109999999999915e-01 -9.058890000000000553e-01 5.385940000000000172e-01 -7.722339999999999760e-01 -3.370029999999999970e-01 -8.417090000000000405e-01 -4.751119999999999788e-01 -2.565040000000000098e-01
2.400000000000000000e+01 5.600000000000000000e+01 3.300000000000000000e+01 0.000000000000000000e+00 1.600000000000000089e+00 1.294909999999999950e-01 1.753230000000000066e-01 -9.759579999999999922e-01 2.829019999999999868e-01 -9.498689999999999634e-01 -1.330999999999999961e-01 -9.503679999999999906e-01 -2.588650000000000118e-01 -1.725980000000000014e-01
2.200000000000000000e+01 4.600000000000000000e+01 3.500000000000000000e+01 0.000000000000000000e+00 1.600000000000000089e+00 1.273400000000000053e-02 8.002599999999999991e-02 -9.967110000000000136e-01 3.803420000000000134e-01 -9.222540000000000182e-01 -6.918900000000000050e-02 -9.247579999999999689e-01 -3.782099999999999906e-01 -4.218100000000000321e-02
2.800000000000000000e+01 4.600000000000000000e+01 3.500000000000000000e+01 0.000000000000000000e+00 1.600000000000000089e+00 8.850000000000000444e-04 8.715000000000000524e-03 -9.999620000000000175e-01 3.891470000000000207e-01 -9.211439999999999628e-01 -7.683999999999999858e-03 -9.211749999999999661e-01 -3.891249999999999987e-01 -4.206999999999999802e-03
1.600000000000000000e+01 7.900000000000000000e+01 3.500000000000000000e+01 0.000000000000000000e+00 1.600000000000000089e+00 -9.399699999999999722e-01 -3.375090000000000034e-01 -5.044799999999999979e-02 -3.411580000000000168e-01 9.257950000000000346e-01 1.628340000000000065e-01 -8.253999999999999185e-03 1.702700000000000047e-01 -9.853629999999999889e-01
1.700000000000000000e+01 8.900000000000000000e+01 3.500000000000000000e+01 0.000000000000000000e+00 1.600000000000000089e+00 -6.058599999999999541e-01 7.671729999999999938e-01 -2.106649999999999912e-01 7.195120000000000404e-01 6.413649999999999629e-01 2.663699999999999957e-01 3.394650000000000167e-01 9.806999999999999745e-03 -9.405679999999999596e-01
2.300000000000000000e+01 7.400000000000000000e+01 3.600000000000000000e+01 0.000000000000000000e+00 1.600000000000000089e+00 -4.299540000000000028e-01 8.559099999999999486e-01 2.873269999999999991e-01 -8.944870000000000321e-01 -3.606090000000000129e-01 -2.642979999999999774e-01 -1.226030000000000036e-01 -3.706470000000000042e-01 9.206459999999999644e-01
1.700000000000000000e+01 7.800000000000000000e+01 3.600000000000000000e+01 0.000000000000000000e+00 1.600000000000000089e+00 -7.865799999999999459e-01 -6.135739999999999528e-01 -6.941500000000000448e-02 -6.158099999999999685e-01 7.711890000000000134e-01 1.613880000000000037e-01 -4.549199999999999772e-02 1.696900000000000075e-01 -9.844469999999999610e-01
4.000000000000000000e+00 9.500000000000000000e+01 3.600000000000000000e+01 0.000000000000000000e+00 1.600000000000000089e+00 -1.557099999999999977e-02 -6.571100000000000552e-02 9.977169999999999650e-01 9.973670000000000035e-01 6.966500000000000470e-02 2.015300000000000077e-02 -7.083000000000000407e-02 9.954039999999999555e-01 6.445299999999999641e-02
4.000000000000000000e+00 2.900000000000000000e+01 4.400000000000000000e+01 0.000000000000000000e+00 1.600000000000000089e+00 -1.183000000000000024e-03 1.211999999999999970e-03 -9.999989999999999712e-01 6.541559999999999597e-01 7.563590000000000035e-01 1.420000000000000092e-04 7.563590000000000035e-01 -6.541550000000000420e-01 -1.688000000000000047e-03
9.000000000000000000e+00 2.900000000000000000e+01 4.400000000000000000e+01 0.000000000000000000e+00 1.600000000000000089e+00 9.299999999999999727e-05 -1.663999999999999898e-03 -9.999989999999999712e-01 6.553099999999999481e-01 7.553590000000000027e-01 -1.196000000000000014e-03 7.553600000000000314e-01 -6.553090000000000304e-01 1.160999999999999923e-03
1.200000000000000000e+01 2.900000000000000000e+01 4.400000000000000000e+01 0.000000000000000000e+00 1.600000000000000089e+00 8.649999999999999920e-04 -1.559000000000000056e-03 -9.999980000000000535e-01 6.569650000000000212e-01 7.539200000000000346e-01 -6.070000000000000092e-04 7.539200000000000346e-01 -6.569639999999999924e-01 1.677000000000000105e-03
2.300000000000000000e+01 2.900000000000000000e+01 4.400000000000000000e+01 0.000000000000000000e+00 1.600000000000000089e+00 -1.683000000000000034e-03 4.134999999999999787e-03 -9.999900000000000455e-01 6.575969999999999871e-01 7.533670000000000089e-01 2.008999999999999935e-03 7.533680000000000376e-01 -6.575870000000000326e-01 -3.987000000000000093e-03
2.600000000000000000e+01 2.900000000000000000e+01 4.400000000000000000e+01 0.000000000000000000e+00 1.600000000000000089e+00 -1.920999999999999965e-03 4.631999999999999833e-03 -9.999869999999999592e-01 6.593200000000000172e-01 7.518590000000000551e-01 2.216000000000000088e-03 7.518599999999999728e-01 -6.593069999999999764e-01 -4.498000000000000262e-03
1.000000000000000000e+00 6.500000000000000000e+01 4.600000000000000000e+01 0.000000000000000000e+00 1.600000000000000089e+00 -8.123000000000000012e-03 1.792120000000000102e-01 9.837770000000000126e-01 6.844970000000000221e-01 -7.161950000000000260e-01 1.361189999999999900e-01 7.289700000000000069e-01 6.744980000000000420e-01 -1.168529999999999985e-01
2.700000000000000000e+01 6.900000000000000000e+01 4.700000000000000000e+01 0.000000000000000000e+00 1.600000000000000089e+00 -9.591199999999999726e-02 -1.402849999999999930e-01 -9.854549999999999699e-01 -9.924340000000000384e-01 -6.276600000000000235e-02 1.055269999999999958e-01 -7.665700000000000292e-02 9.881199999999999983e-01 -1.332039999999999891e-01
1.600000000000000000e+01 5.900000000000000000e+01 4.800000000000000000e+01 0.000000000000000000e+00 1.600000000000000089e+00 4.849370000000000069e-01 3.321700000000000208e-01 -8.090110000000000356e-01 -8.352410000000000112e-01 4.501290000000000013e-01 -3.158429999999999849e-01 2.592459999999999765e-01 8.288830000000000364e-01 4.957260000000000000e-01
1.600000000000000000e+01 7.400000000000000000e+01 4.900000000000000000e+01 0.000000000000000000e+00 1.600000000000000089e+00 4.305300000000000099e-02 5.813289999999999846e-01 8.125289999999999457e-01 -9.658830000000000471e-01 2.321030000000000038e-01 -1.148799999999999960e-01 -2.553739999999999899e-01 -7.798620000000000552e-01 5.714879999999999960e-01
2.000000000000000000e+00 5.000000000000000000e+00 5.100000000000000000e+01 0.000000000000000000e+00 1.600000000000000089e+00 -1.587000000000000086e-03 -6.532999999999999745e-03 -9.999770000000000048e-01 4.893719999999999737e-01 -8.720609999999999751e-01 4.921000000000000027e-03 -8.720740000000000158e-01 -4.893529999999999824e-01 4.582000000000000135e-03
1.100000000000000000e+01 5.000000000000000000e+00 5.100000000000000000e+01 0.000000000000000000e+00 1.600000000000000089e+00 1.472999999999999917e-03 -3.041999999999999999e-03 -9.999940000000000495e-01 4.892790000000000195e-01 -8.721210000000000351e-01 3.373999999999999829e-03 -8.721259999999999568e-01 -4.892810000000000215e-01 2.039999999999999984e-04
1.800000000000000000e+01 5.000000000000000000e+00 5.100000000000000000e+01 0.000000000000000000e+00 1.600000000000000089e+00 2.311000000000000120e-03 9.000000000000000228e-06 -9.999970000000000248e-01 4.846440000000000192e-01 -8.747110000000000163e-01 1.111999999999999924e-03 -8.747080000000000410e-01 -4.846449999999999925e-01 -2.026000000000000023e-03
2.700000000000000000e+01 5.000000000000000000e+00 5.100000000000000000e+01 0.000000000000000000e+00 1.600000000000000089e+00 -1.396000000000000105e-03 1.559999999999999972e-04 -9.999989999999999712e-01 4.824890000000000012e-01 -8.759019999999999584e-01 -8.099999999999999561e-04 -8.759010000000000407e-01 -4.824890000000000012e-01 1.147999999999999932e-03
3.000000000000000000e+00 5.000000000000000000e+01 5.100000000000000000e+01 0.000000000000000000e+00 1.600000000000000089e+00 3.923170000000000268e-01 1.180569999999999953e-01 9.122230000000000061e-01 -7.901669999999999527e-01 -4.644269999999999787e-01 3.999289999999999790e-01 4.708749999999999880e-01 -8.777070000000000149e-01 -8.891799999999999704e-02
5.000000000000000000e+00 5.100000000000000000e+01 5.100000000000000000e+01 0.000000000000000000e+00 1.600000000000000089e+00 4.052029999999999799e-01 8.649199999999999944e-02 9.101259999999999906e-01 -7.935759999999999481e-01 -4.610090000000000021e-01 3.971239999999999770e-01 4.539250000000000229e-01 -8.831700000000000106e-01 -1.181640000000000051e-01
1.700000000000000000e+01 6.400000000000000000e+01 5.100000000000000000e+01 0.000000000000000000e+00 1.600000000000000089e+00 1.269609999999999905e-01 -3.708859999999999935e-01 -9.199589999999999712e-01 5.311160000000000325e-01 8.087250000000000272e-01 -2.527440000000000242e-01 8.377329999999999499e-01 -4.565170000000000061e-01 2.996599999999999819e-01
7.000000000000000000e+00 1.150000000000000000e+02 5.100000000000000000e+01 0.000000000000000000e+00 1.600000000000000089e+00 -1.458000000000000095e-03 1.843200000000000047e-02 9.998289999999999678e-01 8.441999999999999504e-01 -5.359129999999999727e-01 1.111099999999999935e-02 5.360260000000000025e-01 8.440720000000000445e-01 -1.477900000000000047e-02
2.300000000000000000e+01 1.150000000000000000e+02 5.100000000000000000e+01 0.000000000000000000e+00 1.600000000000000089e+00 -1.018999999999999941e-02 7.834000000000000685e-03 9.999169999999999447e-01 8.509780000000000122e-01 -5.250449999999999839e-01 1.278600000000000049e-02 5.251019999999999577e-01 8.510389999999999899e-01 -1.315999999999999896e-03
8.000000000000000000e+00 7.000000000000000000e+00 5.200000000000000000e+01 0.000000000000000000e+00 1.600000000000000089e+00 9.340000000000000429e-04 -7.561000000000000013e-03 -9.999710000000000543e-01 1.109330000000000038e-01 -9.937989999999999879e-01 7.617999999999999772e-03 -9.938270000000000159e-01 -1.109369999999999939e-01 -8.899999999999999491e-05
4.000000000000000000e+00 5.100000000000000000e+01 5.200000000000000000e+01 0.000000000000000000e+00 1.600000000000000089e+00 4.058510000000000173e-01 -6.297999999999999779e-03 9.139180000000000081e-01 -8.046459999999999724e-01 -4.766560000000000241e-01 3.540409999999999946e-01 4.333940000000000015e-01 -8.790679999999999605e-01 -1.985190000000000010e-01
1.400000000000000000e+01 8.000000000000000000e+01 5.200000000000000000e+01 0.000000000000000000e+00 1.600000000000000089e+00 5.966099999999999876e-02 -1.797519999999999951e-01 9.819010000000000238e-01 1.069910000000000028e-01 9.791379999999999528e-01 1.727460000000000107e-01 -9.924680000000000168e-01 9.474799999999999889e-02 7.764799999999999480e-02
5.000000000000000000e+00 2.500000000000000000e+01 5.500000000000000000e+01 0.000000000000000000e+00 1.600000000000000089e+00 -5.869999999999999567e-04 2.120000000000000031e-04 -1.000000000000000000e+00 -1.018100000000000081e-02 -9.999479999999999480e-01 -2.059999999999999928e-04 -9.999479999999999480e-01 1.018100000000000081e-02 5.900000000000000296e-04
1.100000000000000000e+01 2.500000000000000000e+01 5.500000000000000000e+01 0.000000000000000000e+00 1.600000000000000089e+00 -7.649999999999999465e-04 -3.699999999999999811e-05 -1.000000000000000000e+00 -1.058199999999999939e-02 -9.999440000000000550e-01 4.500000000000000283e-05 -9.999440000000000550e-01 1.058199999999999939e-02 7.640000000000000306e-04
1.600000000000000000e+01 2.500000000000000000e+01 5.500000000000000000e+01 0.000000000000000000e+00 1.600000000000000089e+00 -1.255000000000000039e-03 4.131000000000000123e-03 -9.999909999999999632e-01 -8.803000000000000061e-03 -9.999529999999999808e-01 -4.120000000000000398e-03 -9.999599999999999600e-01 8.796999999999999265e-03 1.291000000000000047e-03
2.000000000000000000e+01 2.500000000000000000e+01 5.500000000000000000e+01 0.000000000000000000e+00 1.600000000000000089e+00 -8.239999999999999712e-04 2.347999999999999827e-03 -9.999970000000000248e-01 -7.668999999999999602e-03 -9.999679999999999680e-01 -2.341999999999999898e-03 -9.999700000000000255e-01 7.667000000000000204e-03 8.419999999999999750e-04
2.400000000000000000e+01 2.500000000000000000e+01 5.500000000000000000e+01 0.000000000000000000e+00 1.600000000000000089e+00 2.090000000000000115e-04 9.579999999999999757e-04 -1.000000000000000000e+00 -7.392000000000000133e-03 -9.999719999999999720e-01 -9.600000000000000243e-04 -9.999730000000000008e-01 7.393000000000000266e-03 -2.010000000000000068e-04
2.600000000000000000e+01 2.500000000000000000e+01 5.500000000000000000e+01 0.000000000000000000e+00 1.600000000000000089e+00 9.309999999999999699e-04 3.910000000000000172e-04 -1.000000000000000000e+00 -6.949000000000000316e-03 -9.999759999999999760e-01 -3.970000000000000005e-04 -9.999749999999999472e-01 6.949000000000000316e-03 -9.280000000000000054e-04
1.600000000000000000e+01 5.800000000000000000e+01 5.500000000000000000e+01 0.000000000000000000e+00 1.600000000000000089e+00 -8.557399999999999729e-02 -3.062960000000000127e-01 9.480819999999999803e-01 -1.588420000000000110e-01 9.435959999999999903e-01 2.905090000000000172e-01 -9.835880000000000178e-01 -1.257359999999999867e-01 -1.293999999999999873e-01
5.000000000000000000e+00 6.000000000000000000e+01 5.500000000000000000e+01 0.000000000000000000e+00 1.600000000000000089e+00 -1.701899999999999941e-02 -1.022610000000000047e-01 9.946120000000000516e-01 8.373700000000000587e-02 9.911159999999999970e-01 1.033339999999999953e-01 -9.963429999999999787e-01 8.504399999999999460e-02 -8.304999999999999882e-03
2.800000000000000000e+01 8.500000000000000000e+01 5.500000000000000000e+01 0.000000000000000000e+00 1.600000000000000089e+00 9.290299999999999947e-02 -4.435760000000000258e-01 -8.914090000000000069e-01 8.381030000000000424e-01 -4.485029999999999850e-01 3.105280000000000262e-01 -5.375429999999999930e-01 -7.759420000000000206e-01 3.300950000000000273e-01
2.600000000000000000e+01 6.600000000000000000e+01 5.700000000000000000e+01 0.000000000000000000e+00 1.600000000000000089e+00 -1.187900000000000067e-02 5.262010000000000298e-01 8.502769999999999495e-01 -2.207929999999999893e-01 8.279680000000000373e-01 -5.154800000000000493e-01 -9.752480000000000038e-01 -1.938590000000000035e-01 1.063459999999999961e-01
8.000000000000000000e+00 6.800000000000000000e+01 5.700000000000000000e+01 0.000000000000000000e+00 1.600000000000000089e+00 -1.513999999999999938e-03 -4.317999999999999790e-03 -9.999900000000000455e-01 -2.497459999999999958e-01 -9.683009999999999673e-01 4.558999999999999685e-03 -9.683100000000000041e-01 2.497499999999999998e-01 3.869999999999999742e-04
1.400000000000000000e+01 5.800000000000000000e+01 5.900000000000000000e+01 0.000000000000000000e+00 1.600000000000000089e+00 -6.412299999999999944e-02 -1.772950000000000081e-01 -9.820670000000000233e-01 1.940900000000000125e-01 9.630840000000000511e-01 -1.865410000000000124e-01 9.788860000000000339e-01 -2.025710000000000011e-01 -2.734500000000000125e-02
2.000000000000000000e+00 2.100000000000000000e+01 6.000000000000000000e+01 0.000000000000000000e+00 1.600000000000000089e+00 -3.860000000000000041e-04 1.665000000000000030e-03 9.999989999999999712e-01 -9.648199999999999832e-02 9.953330000000000233e-01 -1.694999999999999892e-03 -9.953349999999999698e-01 -9.648199999999999832e-02 -2.239999999999999966e-04
7.000000000000000000e+00 2.100000000000000000e+01 6.000000000000000000e+01 0.000000000000000000e+00 1.600000000000000089e+00 -8.520000000000000013e-04 1.605000000000000090e-03 9.999980000000000535e-01 -9.582200000000000439e-02 9.953969999999999763e-01 -1.678999999999999937e-03 -9.953980000000000050e-01 -9.582300000000000539e-02 -6.939999999999999555e-04
1.300000000000000000e+01 2.100000000000000000e+01 6.000000000000000000e+01 0.000000000000000000e+00 1.600000000000000089e+00 1.889999999999999970e-03 -2.149999999999999947e-04 9.999980000000000535e-01 -9.468999999999999639e-02 9.955070000000000308e-01 3.930000000000000117e-04 -9.955049999999999732e-01 -9.468999999999999639e-02 1.861000000000000024e-03
2.100000000000000000e+01 2.100000000000000000e+01 6.000000000000000000e+01 0.000000000000000000e+00 1.600000000000000089e+00 -2.475000000000000203e-03 -5.434999999999999727e-03 9.999820000000000375e-01 -9.717599999999999849e-02 9.952539999999999720e-01 5.167999999999999851e-03 -9.952640000000000375e-01 -9.716199999999999837e-02 -2.991000000000000169e-03
2.600000000000000000e+01 2.100000000000000000e+01 6.000000000000000000e+01 0.000000000000000000e+00 1.600000000000000089e+00 -6.870000000000000022e-04 -4.852999999999999675e-03 9.999879999999999880e-01 -9.683500000000000441e-02 9.952889999999999793e-01 4.762999999999999873e-03 -9.952999999999999625e-01 -9.683100000000000041e-02 -1.152999999999999945e-03
1.200000000000000000e+01 6.000000000000000000e+00 6.100000000000000000e+01 0.000000000000000000e+00 1.600000000000000089e+00 -5.191999999999999567e-03 -1.015300000000000057e-02 9.999350000000000183e-01 5.706809999999999938e-01 -8.211540000000000505e-01 -5.374000000000000304e-03 8.211549999999999683e-01 5.706160000000000121e-01 1.005799999999999923e-02
3.000000000000000000e+00 3.000000000000000000e+00 6.300000000000000000e+01 0.000000000000000000e+00 1.600000000000000089e+00 3.379999999999999758e-04 -2.825999999999999953e-03 9.999959999999999960e-01 -6.162680000000000380e-01 7.875330000000000386e-01 2.433999999999999966e-03 -7.875370000000000426e-01 -6.162659999999999805e-01 -1.476000000000000098e-03
2.700000000000000000e+01 3.000000000000000000e+00 6.300000000000000000e+01 0.000000000000000000e+00 1.600000000000000089e+00 8.909999999999999734e-04 -1.589999999999999888e-04 1.000000000000000000e+00 -6.130799999999999583e-01 7.900199999999999445e-01 6.719999999999999628e-04 -7.900199999999999445e-01 -6.130809999999999871e-01 6.059999999999999849e-04
2.000000000000000000e+00 2.700000000000000000e+01 6.300000000000000000e+01 0.000000000000000000e+00 1.600000000000000089e+00 -1.010000000000000020e-04 9.653000000000000122e-03 9.999529999999999808e-01 -2.683400000000000230e-01 9.632789999999999964e-01 -9.327000000000000221e-03 -9.633239999999999581e-01 -2.683280000000000109e-01 2.492999999999999990e-03
8.000000000000000000e+00 2.700000000000000000e+01 6.300000000000000000e+01 0.000000000000000000e+00 1.600000000000000089e+00 -5.000000000000000104e-04 3.298999999999999849e-03 9.999940000000000495e-01 -2.695710000000000051e-01 9.629750000000000254e-01 -3.311999999999999840e-03 -9.629799999999999471e-01 -2.695710000000000051e-01 4.079999999999999968e-04
1.200000000000000000e+01 2.700000000000000000e+01 6.300000000000000000e+01 0.000000000000000000e+00 1.600000000000000089e+00 6.319999999999999663e-04 2.781000000000000052e-03 9.999959999999999960e-01 -2.679509999999999947e-01 9.634289999999999798e-01 -2.510000000000000078e-03 -9.634319999999999551e-01 -2.679489999999999927e-01 1.353999999999999952e-03
2.300000000000000000e+01 2.700000000000000000e+01 6.300000000000000000e+01 0.000000000000000000e+00 1.600000000000000089e+00 -2.776999999999999955e-03 -2.553000000000000148e-03 9.999930000000000208e-01 -2.690020000000000189e-01 9.631380000000000496e-01 1.711999999999999980e-03 -9.631359999999999921e-01 -2.689949999999999841e-01 -3.360999999999999838e-03
2.700000000000000000e+01 2.700000000000000000e+01 6.300000000000000000e+01 0.000000000000000000e+00 1.600000000000000089e+00 -1.232999999999999938e-03 -3.501999999999999905e-03 9.999930000000000208e-01 -2.701009999999999800e-01 9.628269999999999884e-01 3.039000000000000035e-03 -9.628309999999999924e-01 -2.700949999999999740e-01 -2.132999999999999913e-03
