6.000000000000000000e+00 1.900000000000000000e+01 5.000000000000000000e+00 0.000000000000000000e+00 1.600000000000000089e+00 2.200000000000000078e-04 -5.580000000000000107e-04 -1.000000000000000000e+00 -7.073319999999999608e-01 -7.068809999999999816e-01 2.390000000000000089e-04 -7.068809999999999816e-01 7.073319999999999608e-01 -5.500000000000000331e-04
9.000000000000000000e+00 1.010000000000000000e+02 7.000000000000000000e+00 0.000000000000000000e+00 1.600000000000000089e+00 6.989999999999999686e-04 -7.133999999999999717e-03 9.999740000000000295e-01 8.886469999999999647e-01 4.585850000000000204e-01 2.651000000000000145e-03 -4.585919999999999996e-01 8.886220000000000230e-01 6.660000000000000121e-03
1.600000000000000000e+01 1.010000000000000000e+02 7.000000000000000000e+00 0.000000000000000000e+00 1.600000000000000089e+00 1.240999999999999916e-03 9.641000000000000264e-03 9.999529999999999808e-01 8.891430000000000167e-01 4.575949999999999740e-01 -5.514999999999999937e-03 -4.576270000000000060e-01 8.891080000000000094e-01 -8.004000000000000697e-03
2.500000000000000000e+01 1.010000000000000000e+02 7.000000000000000000e+00 0.000000000000000000e+00 1.600000000000000089e+00 -4.339999999999999782e-04 -7.276000000000000349e-03 9.999730000000000008e-01 8.893579999999999819e-01 4.571959999999999913e-01 3.712000000000000022e-03 -4.572109999999999785e-01 8.893360000000000154e-01 6.271999999999999797e-03
1.000000000000000000e+00 2.500000000000000000e+01 8.000000000000000000e+00 0.000000000000000000e+00 1.600000000000000089e+00 -2.622999999999999898e-03 8.354999999999999580e-03 -9.999620000000000175e-01 4.375950000000000117e-01 8.991500000000000048e-01 6.364999999999999998e-03 8.991679999999999673e-01 -4.375609999999999777e-01 -6.015000000000000381e-03
6.000000000000000000e+00 2.500000000000000000e+01 8.000000000000000000e+00 0.000000000000000000e+00 1.600000000000000089e+00 -1.899999999999999996e-03 8.777000000000000079e-03 -9.999599999999999600e-01 4.361789999999999834e-01 8.998319999999999652e-01 7.068999999999999763e-03 8.998580000000000467e-01 -4.361479999999999801e-01 -5.538000000000000388e-03
1.200000000000000000e+01 2.500000000000000000e+01 8.000000000000000000e+00 0.000000000000000000e+00 1.600000000000000089e+00 -6.530000000000000431e-04 3.274000000000000000e-03 -9.999940000000000495e-01 4.366780000000000106e-01 8.996140000000000247e-01 2.660000000000000038e-03 8.996170000000000000e-01 -4.366740000000000066e-01 -2.017000000000000130e-03
1.500000000000000000e+01 2.500000000000000000e+01 8.000000000000000000e+00 0.000000000000000000e+00 1.600000000000000089e+00 -3.759999999999999779e-04 -1.194699999999999929e-02 -9.999289999999999567e-01 4.374120000000000230e-01 8.991949999999999665e-01 -1.090799999999999929e-02 8.992609999999999770e-01 -4.373850000000000238e-01 4.886999999999999851e-03
2.300000000000000000e+01 2.500000000000000000e+01 8.000000000000000000e+00 0.000000000000000000e+00 1.600000000000000089e+00 2.167000000000000089e-03 2.794000000000000043e-03 -9.999940000000000495e-01 4.380100000000000104e-01 8.989629999999999566e-01 3.461000000000000101e-03 8.989669999999999606e-01 -4.380149999999999877e-01 7.240000000000000342e-04
2.600000000000000000e+01 2.500000000000000000e+01 8.000000000000000000e+00 0.000000000000000000e+00 1.600000000000000089e+00 1.036000000000000029e-03 2.726999999999999823e-03 -9.999959999999999960e-01 4.377030000000000087e-01 8.991149999999999975e-01 2.905000000000000030e-03 8.991190000000000015e-01 -4.377039999999999820e-01 -2.620000000000000258e-04
6.000000000000000000e+00 9.000000000000000000e+00 9.000000000000000000e+00 0.000000000000000000e+00 1.600000000000000089e+00 2.582100000000000020e-02 1.517199999999999972e-02 -9.995509999999999673e-01 -9.731009999999999938e-01 -2.285939999999999916e-01 -2.860700000000000048e-02 -2.289259999999999906e-01 9.734040000000000470e-01 8.862000000000000086e-03
1.100000000000000000e+01 9.000000000000000000e+00 9.000000000000000000e+00 0.000000000000000000e+00 1.600000000000000089e+00 2.815300000000000094e-02 7.020000000000000198e-03 -9.995789999999999953e-01 -9.868529999999999802e-01 -1.590110000000000134e-01 -2.891099999999999920e-02 -1.591470000000000107e-01 9.872520000000000184e-01 2.451000000000000054e-03
2.700000000000000000e+01 9.000000000000000000e+00 9.000000000000000000e+00 0.000000000000000000e+00 1.600000000000000089e+00 -2.918300000000000061e-02 -1.077099999999999932e-02 -9.995159999999999600e-01 -9.763889999999999514e-01 -2.138089999999999991e-01 3.081100000000000158e-02 -2.140380000000000060e-01 9.768160000000000176e-01 -4.277000000000000419e-03
3.000000000000000000e+00 2.400000000000000000e+01 9.000000000000000000e+00 0.000000000000000000e+00 1.600000000000000089e+00 -1.263000000000000017e-03 4.526999999999999774e-03 -9.999890000000000168e-01 4.436010000000000231e-01 8.962179999999999591e-01 3.497000000000000108e-03 8.962240000000000206e-01 -4.435910000000000131e-01 -3.139999999999999996e-03
6.000000000000000000e+00 2.400000000000000000e+01 9.000000000000000000e+00 0.000000000000000000e+00 1.600000000000000089e+00 -9.920000000000000432e-04 2.814999999999999794e-03 -9.999959999999999960e-01 4.424810000000000132e-01 8.967749999999999888e-01 2.086000000000000180e-03 8.967770000000000463e-01 -4.424770000000000092e-01 -2.135999999999999878e-03
1.200000000000000000e+01 2.400000000000000000e+01 9.000000000000000000e+00 0.000000000000000000e+00 1.600000000000000089e+00 -6.909999999999999910e-04 2.752000000000000106e-03 -9.999959999999999960e-01 4.416930000000000023e-01 8.971639999999999615e-01 2.164000000000000125e-03 8.971660000000000190e-01 -4.416900000000000270e-01 -1.835000000000000043e-03
1.500000000000000000e+01 2.400000000000000000e+01 9.000000000000000000e+00 0.000000000000000000e+00 1.600000000000000089e+00 -8.009999999999999542e-04 -9.003999999999999851e-03 -9.999590000000000423e-01 4.425780000000000269e-01 8.966910000000000158e-01 -8.429000000000000728e-03 8.967300000000000271e-01 -4.425660000000000149e-01 3.266999999999999939e-03
1.900000000000000000e+01 2.400000000000000000e+01 9.000000000000000000e+00 0.000000000000000000e+00 1.600000000000000089e+00 6.579999999999999478e-04 -6.623000000000000415e-03 -9.999780000000000335e-01 4.443409999999999860e-01 8.958399999999999697e-01 -5.641000000000000181e-03 8.958580000000000432e-01 -4.443270000000000275e-01 3.533000000000000116e-03
2.200000000000000000e+01 2.400000000000000000e+01 9.000000000000000000e+00 0.000000000000000000e+00 1.600000000000000089e+00 1.824000000000000100e-03 3.387999999999999953e-03 -9.999930000000000208e-01 4.442619999999999902e-01 8.958890000000000464e-01 3.846000000000000026e-03 8.958949999999999969e-01 -4.442659999999999942e-01 1.289999999999999914e-04
2.600000000000000000e+01 2.400000000000000000e+01 9.000000000000000000e+00 0.000000000000000000e+00 1.600000000000000089e+00 6.989999999999999686e-04 4.588000000000000064e-03 -9.999890000000000168e-01 4.443810000000000260e-01 8.958270000000000399e-01 4.420999999999999583e-03 8.958380000000000232e-01 -4.443790000000000240e-01 -1.412000000000000061e-03
1.000000000000000000e+00 4.000000000000000000e+00 1.100000000000000000e+01 0.000000000000000000e+00 1.600000000000000089e+00 -1.954000000000000008e-03 1.436400000000000003e-02 9.998949999999999783e-01 1.400750000000000051e-01 -9.900349999999999984e-01 1.449600000000000020e-02 9.901389999999999914e-01 1.400879999999999903e-01 -7.799999999999999859e-05
2.400000000000000000e+01 3.000000000000000000e+01 1.200000000000000000e+01 0.000000000000000000e+00 1.600000000000000089e+00 -8.009999999999999759e-03 -1.241239999999999982e-01 9.922339999999999494e-01 -2.165600000000000164e-02 9.920550000000000201e-01 1.239269999999999955e-01 -9.997329999999999828e-01 -2.049499999999999933e-02 -1.063500000000000036e-02
2.900000000000000000e+01 3.100000000000000000e+01 1.200000000000000000e+01 0.000000000000000000e+00 1.600000000000000089e+00 3.050000000000000194e-03 -2.198599999999999999e-01 9.755270000000000330e-01 -7.992100000000000593e-02 9.723570000000000269e-01 2.193950000000000067e-01 -9.967970000000000441e-01 -7.863399999999999557e-02 -1.460499999999999993e-02
1.200000000000000000e+01 2.800000000000000000e+01 1.300000000000000000e+01 0.000000000000000000e+00 1.600000000000000089e+00 -7.810000000000000102e-04 3.531900000000000317e-02 9.993760000000000421e-01 -4.768700000000000022e-02 9.982379999999999587e-01 -3.531600000000000017e-02 -9.988620000000000276e-01 -4.768499999999999822e-02 9.039999999999999642e-04
1.400000000000000000e+01 2.800000000000000000e+01 1.300000000000000000e+01 0.000000000000000000e+00 1.600000000000000089e+00 -4.853999999999999808e-03 -5.755699999999999705e-02 9.983300000000000507e-01 -6.081600000000000200e-02 9.965110000000000356e-01 5.715599999999999847e-02 -9.981370000000000520e-01 -6.043699999999999767e-02 -8.337000000000000660e-03
6.000000000000000000e+00 2.900000000000000000e+01 1.300000000000000000e+01 0.000000000000000000e+00 1.600000000000000089e+00 1.783600000000000116e-02 2.680299999999999905e-01 9.632460000000000466e-01 -1.541499999999999988e-02 9.633580000000000476e-01 -2.677760000000000140e-01 -9.997219999999999995e-01 -1.007199999999999936e-02 2.131399999999999961e-02
1.200000000000000000e+01 1.200000000000000000e+01 1.600000000000000000e+01 0.000000000000000000e+00 1.600000000000000089e+00 -3.784000000000000037e-03 2.594000000000000125e-02 9.996559999999999890e-01 2.826670000000000016e-01 -9.588670000000000249e-01 2.595199999999999937e-02 9.592110000000000358e-01 2.826679999999999748e-01 -3.703999999999999827e-03
1.800000000000000000e+01 1.200000000000000000e+01 1.600000000000000000e+01 0.000000000000000000e+00 1.600000000000000089e+00 -5.749999999999999903e-04 -4.600000000000000139e-04 1.000000000000000000e+00 2.733610000000000206e-01 -9.619119999999999893e-01 -2.849999999999999886e-04 9.619109999999999605e-01 2.733599999999999919e-01 6.790000000000000245e-04
2.200000000000000000e+01 1.200000000000000000e+01 1.600000000000000000e+01 0.000000000000000000e+00 1.600000000000000089e+00 4.472000000000000280e-03 -1.382099999999999995e-02 9.998939999999999495e-01 2.695670000000000011e-01 -9.628719999999999501e-01 -1.451400000000000086e-02 9.629710000000000214e-01 2.696029999999999816e-01 -5.800000000000000034e-04
2.500000000000000000e+01 1.200000000000000000e+01 1.600000000000000000e+01 0.000000000000000000e+00 1.600000000000000089e+00 7.307000000000000127e-03 -2.011100000000000040e-02 9.997709999999999653e-01 2.697399999999999798e-01 -9.626970000000000249e-01 -2.133699999999999833e-02 9.629060000000000397e-01 2.698340000000000183e-01 -1.608999999999999970e-03
8.000000000000000000e+00 1.160000000000000000e+02 1.600000000000000000e+01 0.000000000000000000e+00 1.600000000000000089e+00 8.450000000000000479e-04 2.840000000000000076e-03 9.999959999999999960e-01 7.743259999999999588e-01 6.327819999999999556e-01 -2.451000000000000054e-03 -6.327859999999999596e-01 7.743250000000000410e-01 -1.665000000000000030e-03
1.800000000000000000e+01 1.160000000000000000e+02 1.600000000000000000e+01 0.000000000000000000e+00 1.600000000000000089e+00 1.188999999999999953e-03 1.769999999999999926e-04 9.999989999999999712e-01 7.659740000000000437e-01 6.428700000000000525e-01 -1.023999999999999954e-03 -6.428700000000000525e-01 7.659749999999999615e-01 6.290000000000000018e-04
2.200000000000000000e+01 1.160000000000000000e+02 1.600000000000000000e+01 0.000000000000000000e+00 1.600000000000000089e+00 2.426999999999999904e-03 2.680999999999999790e-03 9.999930000000000208e-01 7.668139999999999956e-01 6.418599999999999861e-01 -3.582000000000000114e-03 -6.418650000000000189e-01 7.668169999999999709e-01 -4.979999999999999618e-04
2.300000000000000000e+01 3.400000000000000000e+01 1.800000000000000000e+01 0.000000000000000000e+00 1.600000000000000089e+00 2.074890000000000068e-01 2.782720000000000193e-01 9.378239999999999910e-01 -9.684420000000000250e-01 1.937580000000000136e-01 1.567709999999999937e-01 -1.380859999999999865e-01 -9.407560000000000366e-01 3.096929999999999961e-01
1.100000000000000000e+01 2.000000000000000000e+00 1.900000000000000000e+01 0.000000000000000000e+00 1.600000000000000089e+00 -3.093999999999999962e-03 2.865799999999999945e-02 -9.995840000000000281e-01 3.474740000000000051e-01 -9.372730000000000228e-01 -2.794699999999999962e-02 -9.376849999999999907e-01 -3.474160000000000026e-01 -7.058000000000000038e-03
2.000000000000000000e+01 2.000000000000000000e+00 1.900000000000000000e+01 0.000000000000000000e+00 1.600000000000000089e+00 -3.589999999999999984e-04 1.909000000000000107e-03 -9.999980000000000535e-01 3.389179999999999970e-01 -9.408140000000000391e-01 -1.917000000000000084e-03 -9.408159999999999856e-01 -3.389179999999999970e-01 -3.089999999999999756e-04
5.000000000000000000e+00 3.000000000000000000e+00 1.900000000000000000e+01 0.000000000000000000e+00 1.600000000000000089e+00 -3.804999999999999789e-03 1.720400000000000054e-02 -9.998449999999999838e-01 3.434719999999999995e-01 -9.389999999999999458e-01 -1.746400000000000036e-02 -9.391549999999999621e-01 -3.434860000000000135e-01 -2.335999999999999969e-03
8.000000000000000000e+00 3.000000000000000000e+00 1.900000000000000000e+01 0.000000000000000000e+00 1.600000000000000089e+00 -4.189000000000000015e-03 2.256299999999999972e-02 -9.997369999999999868e-01 3.420790000000000219e-01 -9.393989999999999840e-01 -2.263499999999999887e-02 -9.396619999999999973e-01 -3.420839999999999992e-01 -3.782999999999999904e-03
1.300000000000000000e+01 3.000000000000000000e+00 1.900000000000000000e+01 0.000000000000000000e+00 1.600000000000000089e+00 -1.760000000000000063e-03 2.304900000000000004e-02 -9.997329999999999828e-01 3.368050000000000210e-01 -9.413099999999999801e-01 -2.229499999999999885e-02 -9.415729999999999933e-01 -3.367539999999999978e-01 -6.106000000000000316e-03
1.000000000000000000e+00 4.000000000000000000e+00 2.000000000000000000e+01 0.000000000000000000e+00 1.600000000000000089e+00 -2.382000000000000003e-03 1.250700000000000076e-02 -9.999190000000000023e-01 3.811680000000000068e-01 -9.244219999999999660e-01 -1.247099999999999945e-02 -9.245029999999999637e-01 -3.811669999999999781e-01 -2.565000000000000006e-03
7.000000000000000000e+00 4.000000000000000000e+00 2.000000000000000000e+01 0.000000000000000000e+00 1.600000000000000089e+00 -3.439000000000000216e-03 1.893699999999999897e-02 -9.998150000000000093e-01 3.848619999999999819e-01 -9.227819999999999911e-01 -1.880199999999999927e-02 -9.229669999999999819e-01 -3.848559999999999759e-01 -4.113999999999999602e-03
1.400000000000000000e+01 4.000000000000000000e+00 2.000000000000000000e+01 0.000000000000000000e+00 1.600000000000000089e+00 -1.002000000000000069e-03 2.142300000000000107e-02 -9.997700000000000475e-01 3.872590000000000199e-01 -9.217509999999999870e-01 -2.014000000000000165e-02 -9.219699999999999562e-01 -3.871899999999999786e-01 -7.373000000000000213e-03
1.800000000000000000e+01 4.000000000000000000e+00 2.000000000000000000e+01 0.000000000000000000e+00 1.600000000000000089e+00 -1.820000000000000057e-04 1.016700000000000069e-02 -9.999479999999999480e-01 3.877280000000000171e-01 -9.217260000000000453e-01 -9.442000000000000740e-03 -9.217739999999999823e-01 -3.877090000000000258e-01 -3.774000000000000011e-03
2.900000000000000000e+01 4.000000000000000000e+00 2.000000000000000000e+01 0.000000000000000000e+00 1.600000000000000089e+00 1.940000000000000101e-03 -2.579100000000000142e-02 -9.996650000000000258e-01 3.811890000000000001e-01 -9.241700000000000470e-01 2.458300000000000068e-02 -9.244949999999999557e-01 -3.811089999999999756e-01 8.038999999999999271e-03
3.000000000000000000e+00 1.300000000000000000e+01 2.000000000000000000e+01 0.000000000000000000e+00 1.600000000000000089e+00 2.039000000000000014e-03 -1.902999999999999961e-03 9.999959999999999960e-01 2.603710000000000191e-01 9.655080000000000329e-01 1.307000000000000002e-03 -9.655059999999999754e-01 2.603670000000000151e-01 2.464000000000000044e-03
7.000000000000000000e+00 1.300000000000000000e+01 2.000000000000000000e+01 0.000000000000000000e+00 1.600000000000000089e+00 1.860000000000000108e-03 -1.231000000000000106e-03 9.999970000000000248e-01 2.600459999999999994e-01 9.655960000000000099e-01 7.050000000000000060e-04 -9.655949999999999811e-01 2.600439999999999974e-01 2.115999999999999825e-03
1.300000000000000000e+01 1.300000000000000000e+01 2.000000000000000000e+01 0.000000000000000000e+00 1.600000000000000089e+00 1.240000000000000054e-04 1.510999999999999973e-03 9.999989999999999712e-01 2.623050000000000104e-01 9.649839999999999529e-01 -1.490000000000000005e-03 -9.649849999999999817e-01 2.623050000000000104e-01 -2.759999999999999867e-04
2.000000000000000000e+01 1.300000000000000000e+01 2.000000000000000000e+01 0.000000000000000000e+00 1.600000000000000089e+00 -6.080000000000000335e-04 1.030000000000000100e-03 9.999989999999999712e-01 2.636970000000000147e-01 9.646050000000000457e-01 -8.329999999999999731e-04 -9.646059999999999635e-01 2.636959999999999860e-01 -8.580000000000000387e-04
2.600000000000000000e+01 1.300000000000000000e+01 2.000000000000000000e+01 0.000000000000000000e+00 1.600000000000000089e+00 -1.570999999999999914e-03 5.191000000000000301e-03 9.999850000000000128e-01 2.624000000000000221e-01 9.649480000000000279e-01 -4.597000000000000391e-03 -9.649579999999999824e-01 2.623889999999999834e-01 -2.877999999999999916e-03
2.300000000000000000e+01 1.600000000000000000e+01 2.100000000000000000e+01 0.000000000000000000e+00 1.600000000000000089e+00 -5.460000000000000443e-04 4.107000000000000407e-03 9.999909999999999632e-01 2.956570000000000031e-01 9.552869999999999973e-01 -3.762000000000000153e-03 -9.552939999999999765e-01 2.956520000000000259e-01 -1.735999999999999913e-03
7.000000000000000000e+00 3.000000000000000000e+00 2.500000000000000000e+01 0.000000000000000000e+00 1.600000000000000089e+00 -5.082999999999999845e-03 1.704500000000000112e-02 9.998420000000000085e-01 1.022099999999999918e-02 -9.998019999999999685e-01 1.709600000000000009e-02 9.999350000000000183e-01 1.030700000000000019e-02 4.908000000000000036e-03
1.100000000000000000e+01 3.000000000000000000e+00 2.500000000000000000e+01 0.000000000000000000e+00 1.600000000000000089e+00 -6.093999999999999591e-03 2.290299999999999975e-02 9.997190000000000243e-01 1.580700000000000160e-02 -9.996110000000000273e-01 2.299700000000000008e-02 9.998559999999999670e-01 1.594299999999999884e-02 5.729999999999999850e-03
1.800000000000000000e+01 3.000000000000000000e+00 2.500000000000000000e+01 0.000000000000000000e+00 1.600000000000000089e+00 -3.599000000000000202e-03 6.331999999999999955e-03 9.999740000000000295e-01 2.033099999999999838e-02 -9.997730000000000228e-01 6.403999999999999970e-03 9.997869999999999813e-01 2.035299999999999956e-02 3.468999999999999861e-03
2.200000000000000000e+01 3.000000000000000000e+00 2.500000000000000000e+01 0.000000000000000000e+00 1.600000000000000089e+00 4.171000000000000228e-03 -5.324999999999999872e-03 9.999770000000000048e-01 3.289999999999999869e-02 -9.994439999999999991e-01 -5.459000000000000311e-03 9.994499999999999496e-01 3.292199999999999988e-02 -3.994000000000000154e-03
2.900000000000000000e+01 3.000000000000000000e+00 2.500000000000000000e+01 0.000000000000000000e+00 1.600000000000000089e+00 3.501000000000000206e-03 -1.307999999999999961e-02 9.999080000000000190e-01 1.649300000000000072e-02 -9.997779999999999445e-01 -1.313600000000000011e-02 9.998580000000000245e-01 1.653699999999999962e-02 -3.284000000000000027e-03
1.300000000000000000e+01 3.000000000000000000e+01 2.500000000000000000e+01 0.000000000000000000e+00 1.600000000000000089e+00 -2.234800000000000120e-01 -8.220999999999999142e-03 9.746740000000000403e-01 -9.741570000000000507e-01 -3.174300000000000038e-02 -2.236289999999999945e-01 3.277700000000000058e-02 -9.994619999999999616e-01 -9.150000000000000147e-04
1.100000000000000000e+01 3.100000000000000000e+01 2.500000000000000000e+01 0.000000000000000000e+00 1.600000000000000089e+00 -3.081280000000000130e-01 5.639299999999999868e-02 9.496719999999999606e-01 -9.476639999999999509e-01 6.953800000000000259e-02 -3.116050000000000209e-01 -8.361100000000000476e-02 -9.959839999999999804e-01 3.201500000000000179e-02
2.200000000000000000e+01 2.900000000000000000e+01 2.600000000000000000e+01 0.000000000000000000e+00 1.600000000000000089e+00 5.359000000000000048e-03 3.860800000000000343e-02 -9.992400000000000171e-01 1.294960000000000000e-01 -9.908670000000000533e-01 -3.758999999999999841e-02 -9.915650000000000297e-01 -1.291960000000000053e-01 -1.030900000000000045e-02
6.000000000000000000e+00 4.600000000000000000e+01 2.700000000000000000e+01 0.000000000000000000e+00 1.600000000000000089e+00 -4.568000000000000012e-03 -2.547999999999999918e-03 -9.999860000000000415e-01 6.783970000000000278e-01 7.346789999999999710e-01 -4.970999999999999724e-03 7.346810000000000285e-01 -6.784099999999999575e-01 -1.628000000000000107e-03
6.000000000000000000e+00 5.800000000000000000e+01 3.100000000000000000e+01 0.000000000000000000e+00 1.600000000000000089e+00 -9.079999999999999530e-04 -1.201999999999999943e-03 9.999989999999999712e-01 -8.123690000000000078e-01 -5.831420000000000492e-01 -1.438000000000000042e-03 5.831429999999999669e-01 -8.123690000000000078e-01 -4.470000000000000232e-04
2.000000000000000000e+01 3.200000000000000000e+01 3.300000000000000000e+01 0.000000000000000000e+00 1.600000000000000089e+00 8.078599999999999670e-02 -8.635800000000000420e-02 -9.929829999999999490e-01 1.396100000000000119e-01 -9.854380000000000361e-01 9.705999999999999350e-02 -9.869059999999999500e-01 -1.464709999999999901e-01 -6.755300000000000193e-02
4.000000000000000000e+00 4.300000000000000000e+01 3.400000000000000000e+01 0.000000000000000000e+00 1.600000000000000089e+00 -5.860000000000000408e-04 -1.497999999999999983e-03 -9.999989999999999712e-01 -3.249000000000000221e-01 9.457480000000000331e-01 -1.226000000000000093e-03 9.457480000000000331e-01 3.248989999999999934e-01 -1.041000000000000042e-03
1.000000000000000000e+00 4.600000000000000000e+01 3.500000000000000000e+01 0.000000000000000000e+00 1.600000000000000089e+00 1.168999999999999900e-03 1.194199999999999949e-02 -9.999280000000000390e-01 3.898760000000000003e-01 -9.208070000000000421e-01 -1.054199999999999929e-02 -9.208669999999999911e-01 -3.898349999999999871e-01 -5.732000000000000116e-03
7.000000000000000000e+00 4.600000000000000000e+01 3.500000000000000000e+01 0.000000000000000000e+00 1.600000000000000089e+00 -1.100999999999999982e-03 -2.896999999999999836e-03 -9.999949999999999672e-01 3.909039999999999737e-01 -9.204290000000000527e-01 2.236000000000000140e-03 -9.204309999999999992e-01 -3.908989999999999965e-01 2.145999999999999904e-03
1.000000000000000000e+01 4.600000000000000000e+01 3.500000000000000000e+01 0.000000000000000000e+00 1.600000000000000089e+00 -1.810000000000000085e-04 -4.512000000000000385e-03 -9.999900000000000455e-01 3.919690000000000119e-01 -9.199690000000000367e-01 4.080000000000000293e-03 -9.199779999999999625e-01 -3.919639999999999791e-01 1.935000000000000088e-03
1.600000000000000000e+01 4.600000000000000000e+01 3.500000000000000000e+01 0.000000000000000000e+00 1.600000000000000089e+00 4.360000000000000269e-04 6.628499999999999670e-02 -9.978010000000000490e-01 3.951569999999999805e-01 -9.166050000000000031e-01 -6.071900000000000214e-02 -9.186130000000000129e-01 -3.942620000000000013e-01 -2.659299999999999858e-02
1.000000000000000000e+00 9.500000000000000000e+01 3.600000000000000000e+01 0.000000000000000000e+00 1.600000000000000089e+00 8.937000000000000499e-03 2.754200000000000051e-02 9.995810000000000528e-01 9.971830000000000416e-01 7.420100000000000307e-02 -1.095999999999999926e-02 -7.447199999999999653e-02 9.968630000000000546e-01 -2.680199999999999944e-02
1.400000000000000000e+01 9.500000000000000000e+01 3.600000000000000000e+01 0.000000000000000000e+00 1.600000000000000089e+00 3.409000000000000138e-03 7.842999999999999278e-03 9.999630000000000463e-01 9.970830000000000526e-01 7.622299999999999909e-02 -3.996999999999999685e-03 -7.625200000000000033e-02 9.970599999999999463e-01 -7.559999999999999880e-03
2.800000000000000000e+01 9.500000000000000000e+01 3.700000000000000000e+01 0.000000000000000000e+00 1.600000000000000089e+00 -2.489999999999999809e-04 8.151000000000000259e-03 9.999670000000000503e-01 9.945070000000000299e-01 1.046710000000000002e-01 -6.059999999999999849e-04 -1.046720000000000012e-01 9.944739999999999691e-01 -8.132000000000000339e-03
6.000000000000000000e+00 2.000000000000000000e+00 4.200000000000000000e+01 0.000000000000000000e+00 1.600000000000000089e+00 3.976000000000000367e-03 -4.359000000000000027e-03 -9.999829999999999552e-01 7.354990000000000139e-01 -6.775010000000000199e-01 5.878000000000000412e-03 -6.775139999999999496e-01 -7.355089999999999684e-01 5.119999999999999768e-04
4.000000000000000000e+00 3.000000000000000000e+00 4.300000000000000000e+01 0.000000000000000000e+00 1.600000000000000089e+00 5.799000000000000335e-03 1.451599999999999939e-02 -9.998780000000000445e-01 7.332330000000000236e-01 -6.799549999999999761e-01 -5.618999999999999863e-03 -6.799530000000000296e-01 -7.331100000000000394e-01 -1.458699999999999927e-02
7.000000000000000000e+00 3.000000000000000000e+00 4.300000000000000000e+01 0.000000000000000000e+00 1.600000000000000089e+00 1.178999999999999927e-03 -5.911999999999999721e-03 -9.999820000000000375e-01 7.332629999999999981e-01 -6.799269999999999481e-01 4.884000000000000320e-03 -6.799439999999999928e-01 -7.332560000000000189e-01 3.533999999999999815e-03
1.300000000000000000e+01 3.000000000000000000e+00 4.300000000000000000e+01 0.000000000000000000e+00 1.600000000000000089e+00 -5.897000000000000332e-03 -9.017999999999999974e-03 -9.999419999999999975e-01 7.347129999999999495e-01 -6.783759999999999790e-01 1.784999999999999911e-03 -6.783529999999999838e-01 -7.346589999999999510e-01 1.062600000000000003e-02
2.200000000000000000e+01 3.000000000000000000e+00 4.300000000000000000e+01 0.000000000000000000e+00 1.600000000000000089e+00 -1.459999999999999926e-03 -3.065000000000000016e-03 -9.999940000000000495e-01 7.318729999999999958e-01 -6.814400000000000457e-01 1.020000000000000073e-03 -6.814400000000000457e-01 -7.318670000000000453e-01 3.237999999999999993e-03
2.600000000000000000e+01 3.000000000000000000e+00 4.300000000000000000e+01 0.000000000000000000e+00 1.600000000000000089e+00 -4.073000000000000231e-03 2.364999999999999915e-03 -9.999890000000000168e-01 7.299360000000000293e-01 -6.834999999999999964e-01 -4.589000000000000197e-03 -6.835029999999999717e-01 -7.299470000000000125e-01 1.057999999999999913e-03
3.000000000000000000e+00 2.900000000000000000e+01 4.400000000000000000e+01 0.000000000000000000e+00 1.600000000000000089e+00 -1.554000000000000043e-03 2.331000000000000173e-03 -9.999959999999999960e-01 6.575760000000000494e-01 7.533879999999999466e-01 7.339999999999999520e-04 7.533860000000000001e-01 -6.575720000000000454e-01 -2.703999999999999806e-03
5.000000000000000000e+00 2.900000000000000000e+01 4.400000000000000000e+01 0.000000000000000000e+00 1.600000000000000089e+00 -8.809999999999999472e-04 1.155999999999999910e-03 -9.999989999999999712e-01 6.588760000000000172e-01 7.522510000000000030e-01 2.889999999999999774e-04 7.522510000000000030e-01 -6.588749999999999885e-01 -1.423999999999999919e-03
1.100000000000000000e+01 2.900000000000000000e+01 4.400000000000000000e+01 0.000000000000000000e+00 1.600000000000000089e+00 2.322999999999999978e-03 4.101999999999999744e-03 -9.999890000000000168e-01 6.491350000000000176e-01 7.606589999999999741e-01 4.629000000000000302e-03 7.606699999999999573e-01 -6.491390000000000216e-01 -8.949999999999999623e-04
1.500000000000000000e+01 2.900000000000000000e+01 4.400000000000000000e+01 0.000000000000000000e+00 1.600000000000000089e+00 -4.823000000000000030e-03 7.200000000000000453e-04 -9.999879999999999880e-01 6.384640000000000315e-01 7.696469999999999700e-01 -2.524999999999999901e-03 7.696370000000000156e-01 -6.384689999999999532e-01 -4.171000000000000228e-03
2.500000000000000000e+01 3.500000000000000000e+01 4.400000000000000000e+01 0.000000000000000000e+00 1.600000000000000089e+00 -2.889149999999999774e-01 -5.626229999999999842e-01 -7.745859999999999967e-01 -8.949989999999999890e-01 4.459589999999999943e-01 9.903999999999999609e-03 3.398610000000000242e-01 6.961150000000000393e-01 -6.323910000000000364e-01
1.100000000000000000e+01 6.000000000000000000e+00 5.100000000000000000e+01 0.000000000000000000e+00 1.600000000000000089e+00 3.936000000000000262e-03 2.994000000000000133e-03 -9.999879999999999880e-01 3.150760000000000227e-01 -9.490650000000000475e-01 -1.601999999999999908e-03 -9.490579999999999572e-01 -3.150660000000000127e-01 -4.678999999999999999e-03
5.000000000000000000e+00 1.150000000000000000e+02 5.100000000000000000e+01 0.000000000000000000e+00 1.600000000000000089e+00 -6.800000000000000488e-04 7.950000000000000252e-04 9.999989999999999712e-01 8.468759999999999621e-01 -5.317889999999999562e-01 9.990000000000001049e-04 5.317889999999999562e-01 8.468769999999999909e-01 -3.119999999999999944e-04
1.000000000000000000e+01 1.150000000000000000e+02 5.100000000000000000e+01 0.000000000000000000e+00 1.600000000000000089e+00 2.449999999999999921e-04 1.297999999999999892e-03 9.999989999999999712e-01 8.475819999999999466e-01 -5.306640000000000246e-01 4.809999999999999823e-04 5.306640000000000246e-01 8.475810000000000288e-01 -1.229999999999999974e-03
5.000000000000000000e+00 7.000000000000000000e+00 5.200000000000000000e+01 0.000000000000000000e+00 1.600000000000000089e+00 -4.389999999999999914e-04 -1.275000000000000092e-03 -9.999989999999999712e-01 8.470300000000000051e-02 -9.964049999999999851e-01 1.232999999999999938e-03 -9.964060000000000139e-01 -8.470199999999999951e-02 5.460000000000000443e-04
1.400000000000000000e+01 7.000000000000000000e+00 5.200000000000000000e+01 0.000000000000000000e+00 1.600000000000000089e+00 5.505999999999999610e-03 -2.103999999999999967e-03 -9.999829999999999552e-01 9.636200000000000321e-02 -9.953429999999999778e-01 2.625000000000000163e-03 -9.953309999999999658e-01 -9.637500000000000233e-02 -5.277999999999999706e-03
3.000000000000000000e+00 6.300000000000000000e+01 5.400000000000000000e+01 0.000000000000000000e+00 1.600000000000000089e+00 4.829999999999999767e-04 -4.470000000000000232e-04 1.000000000000000000e+00 -3.560989999999999989e-01 9.344479999999999453e-01 5.900000000000000296e-04 -9.344479999999999453e-01 -3.560989999999999989e-01 2.930000000000000204e-04
7.000000000000000000e+00 6.300000000000000000e+01 5.400000000000000000e+01 0.000000000000000000e+00 1.600000000000000089e+00 -2.465999999999999876e-03 6.160000000000000111e-04 9.999970000000000248e-01 -3.524160000000000070e-01 9.358419999999999517e-01 -1.446000000000000020e-03 -9.358400000000000052e-01 -3.524189999999999823e-01 -2.090999999999999977e-03
1.600000000000000000e+01 6.300000000000000000e+01 5.400000000000000000e+01 0.000000000000000000e+00 1.600000000000000089e+00 -4.040000000000000080e-04 2.622999999999999898e-03 9.999959999999999960e-01 -3.461980000000000057e-01 9.381580000000000474e-01 -2.601000000000000013e-03 -9.381610000000000227e-01 -3.461969999999999770e-01 5.289999999999999564e-04
1.800000000000000000e+01 6.300000000000000000e+01 5.400000000000000000e+01 0.000000000000000000e+00 1.600000000000000089e+00 7.169999999999999724e-04 3.964999999999999775e-03 9.999919999999999920e-01 -3.493649999999999811e-01 9.369800000000000351e-01 -3.465000000000000198e-03 -9.369870000000000143e-01 -3.493600000000000039e-01 2.056999999999999801e-03
1.100000000000000000e+01 2.500000000000000000e+01 5.500000000000000000e+01 0.000000000000000000e+00 1.600000000000000089e+00 -2.069999999999999900e-04 2.412000000000000081e-03 -9.999970000000000248e-01 -1.138899999999999982e-02 -9.999320000000000430e-01 -2.409000000000000117e-03 -9.999350000000000183e-01 1.138899999999999982e-02 2.339999999999999958e-04
2.800000000000000000e+01 2.500000000000000000e+01 5.500000000000000000e+01 0.000000000000000000e+00 1.600000000000000089e+00 7.550000000000000287e-04 -3.640000000000000115e-04 -1.000000000000000000e+00 -1.123099999999999966e-02 -9.999369999999999647e-01 3.559999999999999797e-04 -9.999369999999999647e-01 1.123099999999999966e-02 -7.590000000000000175e-04
2.000000000000000000e+00 2.100000000000000000e+01 6.000000000000000000e+01 0.000000000000000000e+00 1.600000000000000089e+00 -1.150000000000000035e-04 6.924999999999999732e-03 9.999759999999999760e-01 -9.327699999999999880e-02 9.956159999999999455e-01 -6.904999999999999680e-03 -9.956399999999999695e-01 -9.327599999999999780e-02 5.310000000000000050e-04
1.100000000000000000e+01 2.100000000000000000e+01 6.000000000000000000e+01 0.000000000000000000e+00 1.600000000000000089e+00 1.423000000000000003e-03 -8.954000000000000153e-03 9.999590000000000423e-01 -9.824600000000000000e-02 9.951210000000000333e-01 9.050000000000000752e-03 -9.951609999999999623e-01 -9.825499999999999512e-02 5.360000000000000181e-04
1.700000000000000000e+01 2.100000000000000000e+01 6.000000000000000000e+01 0.000000000000000000e+00 1.600000000000000089e+00 -8.120000000000000048e-04 5.780999999999999681e-03 9.999829999999999552e-01 -9.819999999999999563e-02 9.951499999999999790e-01 -5.832999999999999644e-03 -9.951659999999999950e-01 -9.820399999999999963e-02 -2.410000000000000033e-04
2.400000000000000000e+01 2.100000000000000000e+01 6.000000000000000000e+01 0.000000000000000000e+00 1.600000000000000089e+00 -6.199999999999999999e-04 -6.615000000000000220e-03 9.999780000000000335e-01 -9.600300000000000500e-02 9.953600000000000225e-01 6.525000000000000418e-03 -9.953809999999999603e-01 -9.599699999999999900e-02 -1.252999999999999991e-03
2.900000000000000000e+01 2.100000000000000000e+01 6.000000000000000000e+01 0.000000000000000000e+00 1.600000000000000089e+00 1.110000000000000011e-04 -7.938000000000000611e-03 9.999689999999999968e-01 -9.332799999999999430e-02 9.956040000000000445e-01 7.913999999999999160e-03 -9.956350000000000477e-01 -9.332600000000000617e-02 -6.300000000000000261e-04
1.600000000000000000e+01 6.700000000000000000e+01 6.000000000000000000e+01 0.000000000000000000e+00 1.600000000000000089e+00 2.739999999999999814e-03 5.080000000000000314e-03 9.999829999999999552e-01 1.795549999999999924e-01 -9.837380000000000013e-01 4.505999999999999589e-03 9.837439999999999518e-01 1.795390000000000041e-01 -3.608000000000000096e-03
6.000000000000000000e+00 3.000000000000000000e+00 6.300000000000000000e+01 0.000000000000000000e+00 1.600000000000000089e+00 2.184000000000000177e-03 -5.405000000000000082e-03 9.999829999999999552e-01 -6.148810000000000109e-01 7.885999999999999677e-01 5.604999999999999739e-03 -7.886170000000000124e-01 -6.148820000000000396e-01 -1.600999999999999993e-03
1.000000000000000000e+00 2.700000000000000000e+01 6.300000000000000000e+01 0.000000000000000000e+00 1.600000000000000089e+00 2.429999999999999868e-03 7.047000000000000312e-03 9.999719999999999720e-01 -2.751230000000000064e-01 9.613899999999999668e-01 -6.106000000000000316e-03 -9.614059999999999828e-01 -2.751009999999999844e-01 4.275000000000000154e-03
6.000000000000000000e+00 2.700000000000000000e+01 6.300000000000000000e+01 0.000000000000000000e+00 1.600000000000000089e+00 1.013999999999999927e-03 5.382999999999999764e-03 9.999850000000000128e-01 -2.747580000000000022e-01 9.615010000000000501e-01 -4.897000000000000311e-03 -9.615129999999999511e-01 -2.747490000000000210e-01 2.452999999999999885e-03
1.000000000000000000e+01 2.700000000000000000e+01 6.300000000000000000e+01 0.000000000000000000e+00 1.600000000000000089e+00 -1.461000000000000059e-03 -3.367999999999999900e-03 9.999930000000000208e-01 -2.706089999999999884e-01 9.626850000000000129e-01 2.847000000000000138e-03 -9.626879999999999882e-01 -2.706029999999999824e-01 -2.318000000000000182e-03
2.300000000000000000e+01 2.700000000000000000e+01 6.300000000000000000e+01 0.000000000000000000e+00 1.600000000000000089e+00 2.008999999999999935e-03 -6.827999999999999868e-03 9.999749999999999472e-01 -2.749190000000000245e-01 9.614409999999999901e-01 7.118000000000000195e-03 -9.614650000000000141e-01 -2.749260000000000037e-01 5.500000000000000196e-05
2.700000000000000000e+01 2.700000000000000000e+01 6.300000000000000000e+01 0.000000000000000000e+00 1.600000000000000089e+00 2.207999999999999893e-03 -4.079999999999999968e-04 9.999970000000000248e-01 -2.742990000000000150e-01 9.616440000000000543e-01 9.990000000000001049e-04 -9.616419999999999968e-01 -2.743010000000000170e-01 2.011999999999999900e-03
3.000000000000000000e+01 2.700000000000000000e+01 6.300000000000000000e+01 0.000000000000000000e+00 1.600000000000000089e+00 2.926999999999999914e-03 -1.155999999999999910e-03 9.999949999999999672e-01 -2.743749999999999800e-01 9.616209999999999480e-01 1.915000000000000036e-03 -9.616179999999999728e-01 -2.743800000000000128e-01 2.497000000000000088e-03
5.000000000000000000e+00 2.600000000000000000e+01 6.400000000000000000e+01 0.000000000000000000e+00 1.600000000000000089e+00 1.327999999999999970e-03 7.206999999999999865e-03 9.999730000000000008e-01 -3.658239999999999825e-01 9.306630000000000180e-01 -6.222000000000000100e-03 -9.306830000000000380e-01 -3.658060000000000200e-01 3.872000000000000008e-03
1.300000000000000000e+01 2.600000000000000000e+01 6.400000000000000000e+01 0.000000000000000000e+00 1.600000000000000089e+00 -8.289999999999999843e-04 -4.317999999999999790e-03 9.999900000000000455e-01 -3.646829999999999794e-01 9.311239999999999517e-01 3.717999999999999951e-03 -9.311310000000000420e-01 -3.646760000000000002e-01 -2.347000000000000128e-03
2.400000000000000000e+01 2.600000000000000000e+01 6.400000000000000000e+01 0.000000000000000000e+00 1.600000000000000089e+00 2.811000000000000131e-03 -4.455999999999999892e-03 9.999860000000000415e-01 -3.676579999999999848e-01 9.299469999999999681e-01 5.178000000000000311e-03 -9.299570000000000336e-01 -3.676670000000000216e-01 9.759999999999999796e-04
5.000000000000000000e+00 6.900000000000000000e+01 6.600000000000000000e+01 0.000000000000000000e+00 1.600000000000000089e+00 -5.359000000000000048e-03 4.305999999999999932e-03 9.999759999999999760e-01 -9.481370000000000076e-01 3.177960000000000229e-01 -6.448999999999999871e-03 -3.178170000000000162e-01 -9.481490000000000196e-01 2.380000000000000171e-03
9.000000000000000000e+00 6.900000000000000000e+01 6.600000000000000000e+01 0.000000000000000000e+00 1.600000000000000089e+00 -4.433000000000000308e-03 4.330000000000000081e-04 9.999900000000000455e-01 -9.496750000000000469e-01 3.132070000000000132e-01 -4.344999999999999904e-03 -3.132059999999999844e-01 -9.496850000000000014e-01 -9.770000000000000039e-04
7.000000000000000000e+00 2.500000000000000000e+01 7.300000000000000000e+01 0.000000000000000000e+00 1.600000000000000089e+00 2.285999999999999838e-03 1.830999999999999945e-03 9.999959999999999960e-01 7.550890000000000102e-01 -6.556220000000000381e-01 -5.259999999999999919e-04 6.556180000000000341e-01 7.550869999999999527e-01 -2.880999999999999880e-03
1.400000000000000000e+01 2.500000000000000000e+01 7.300000000000000000e+01 0.000000000000000000e+00 1.600000000000000089e+00 -2.628999999999999827e-03 -1.992999999999999980e-03 9.999949999999999672e-01 7.572499999999999787e-01 -6.531240000000000379e-01 6.899999999999999667e-04 6.531190000000000051e-01 7.572480000000000322e-01 3.226000000000000135e-03
2.200000000000000000e+01 2.500000000000000000e+01 7.300000000000000000e+01 0.000000000000000000e+00 1.600000000000000089e+00 1.899000000000000080e-03 3.203999999999999817e-03 9.999930000000000208e-01 7.598179999999999934e-01 -6.501350000000000184e-01 6.400000000000000524e-04 6.501329999999999609e-01 7.598120000000000429e-01 -3.670000000000000085e-03
