2.200000000000000000e+01 2.500000000000000000e+01 1.000000000000000000e+00 0.000000000000000000e+00 1.600000000000000089e+00 3.592999999999999840e-03 3.344999999999999883e-03 -9.999879999999999880e-01 -5.434870000000000534e-01 -8.394040000000000390e-01 -4.760999999999999607e-03 -8.394099999999999895e-01 5.434970000000000079e-01 -1.198000000000000063e-03
2.000000000000000000e+00 1.500000000000000000e+01 4.000000000000000000e+00 0.000000000000000000e+00 1.600000000000000089e+00 -7.929999999999999766e-04 1.698300000000000157e-02 9.998550000000000493e-01 2.939880000000000271e-01 -9.556670000000000442e-01 1.646600000000000147e-02 9.558090000000000197e-01 2.939579999999999971e-01 -4.235000000000000049e-03
5.000000000000000000e+00 1.500000000000000000e+01 4.000000000000000000e+00 0.000000000000000000e+00 1.600000000000000089e+00 -1.810999999999999893e-03 1.392900000000000041e-02 9.999010000000000398e-01 2.950599999999999890e-01 -9.553779999999999495e-01 1.384299999999999940e-02 9.554770000000000207e-01 2.950559999999999850e-01 -2.379000000000000038e-03
1.800000000000000000e+01 1.500000000000000000e+01 4.000000000000000000e+00 0.000000000000000000e+00 1.600000000000000089e+00 -8.689999999999999808e-04 3.599000000000000202e-03 9.999930000000000208e-01 2.862569999999999837e-01 -9.581460000000000532e-01 3.697000000000000199e-03 9.581530000000000324e-01 2.862580000000000124e-01 -1.969999999999999909e-04
1.500000000000000000e+01 1.600000000000000000e+01 4.000000000000000000e+00 0.000000000000000000e+00 1.600000000000000089e+00 -5.045000000000000005e-03 -7.870000000000000476e-04 9.999869999999999592e-01 3.550949999999999940e-01 -9.348300000000000498e-01 1.056000000000000081e-03 9.348170000000000091e-01 3.550960000000000227e-01 4.995000000000000308e-03
2.000000000000000000e+01 1.600000000000000000e+01 4.000000000000000000e+00 0.000000000000000000e+00 1.600000000000000089e+00 -4.840000000000000010e-04 5.616000000000000332e-03 9.999839999999999840e-01 3.520690000000000208e-01 -9.359589999999999854e-01 5.427000000000000400e-03 9.359739999999999727e-01 3.520659999999999901e-01 -1.523999999999999964e-03
2.400000000000000000e+01 1.600000000000000000e+01 4.000000000000000000e+00 0.000000000000000000e+00 1.600000000000000089e+00 -7.979999999999999897e-04 4.534999999999999969e-03 9.999890000000000168e-01 3.531309999999999727e-01 -9.355630000000000335e-01 4.525000000000000376e-03 9.355729999999999880e-01 3.531309999999999727e-01 -8.549999999999999658e-04
3.000000000000000000e+00 1.010000000000000000e+02 7.000000000000000000e+00 0.000000000000000000e+00 1.600000000000000089e+00 2.514000000000000175e-03 1.136999999999999990e-03 9.999959999999999960e-01 8.826429999999999554e-01 4.700349999999999806e-01 -2.753999999999999938e-03 -4.700369999999999826e-01 8.826469999999999594e-01 1.779999999999999898e-04
9.000000000000000000e+00 1.010000000000000000e+02 7.000000000000000000e+00 0.000000000000000000e+00 1.600000000000000089e+00 -1.311000000000000099e-03 -1.765999999999999992e-03 9.999980000000000535e-01 8.834910000000000263e-01 4.684440000000000270e-01 1.985999999999999918e-03 -4.684470000000000023e-01 8.834910000000000263e-01 9.460000000000000093e-04
1.600000000000000000e+01 1.010000000000000000e+02 7.000000000000000000e+00 0.000000000000000000e+00 1.600000000000000089e+00 7.590000000000000175e-04 -8.040999999999999537e-03 9.999670000000000503e-01 8.874410000000000354e-01 4.609110000000000151e-01 3.033000000000000106e-03 -4.609199999999999964e-01 8.874100000000000321e-01 7.485000000000000334e-03
2.100000000000000000e+01 1.010000000000000000e+02 7.000000000000000000e+00 0.000000000000000000e+00 1.600000000000000089e+00 -8.080000000000000160e-04 7.236000000000000244e-03 9.999740000000000295e-01 8.881470000000000198e-01 4.595520000000000160e-01 -2.608000000000000075e-03 -4.595580000000000220e-01 8.881219999999999670e-01 -6.798000000000000223e-03
2.600000000000000000e+01 1.010000000000000000e+02 7.000000000000000000e+00 0.000000000000000000e+00 1.600000000000000089e+00 -2.514000000000000175e-03 -4.545000000000000429e-03 9.999860000000000415e-01 8.888040000000000385e-01 4.582669999999999799e-01 4.316999999999999657e-03 -4.582800000000000207e-01 8.888030000000000097e-01 2.886999999999999809e-03
3.000000000000000000e+00 1.500000000000000000e+01 8.000000000000000000e+00 0.000000000000000000e+00 1.600000000000000089e+00 5.167999999999999851e-03 1.408700000000000056e-02 -9.998869999999999703e-01 -5.902929999999999566e-01 -8.070599999999999996e-01 -1.442099999999999979e-02 -8.071720000000000006e-01 5.903009999999999646e-01 4.145000000000000247e-03
6.000000000000000000e+00 1.500000000000000000e+01 8.000000000000000000e+00 0.000000000000000000e+00 1.600000000000000089e+00 4.163000000000000034e-03 9.445999999999999536e-03 -9.999470000000000303e-01 -5.884559999999999791e-01 -8.084660000000000180e-01 -1.008700000000000048e-02 -8.085189999999999877e-01 5.884660000000000446e-01 2.193000000000000071e-03
1.200000000000000000e+01 1.500000000000000000e+01 8.000000000000000000e+00 0.000000000000000000e+00 1.600000000000000089e+00 2.912999999999999791e-03 -2.882000000000000013e-03 -9.999919999999999920e-01 -5.875240000000000462e-01 -8.092059999999999809e-01 6.210000000000000242e-04 -8.092009999999999481e-01 5.875169999999999559e-01 -4.050999999999999913e-03
1.800000000000000000e+01 1.500000000000000000e+01 8.000000000000000000e+00 0.000000000000000000e+00 1.600000000000000089e+00 2.583999999999999925e-03 7.147999999999999840e-03 -9.999710000000000543e-01 -5.839480000000000226e-01 -8.117579999999999796e-01 -7.311999999999999923e-03 -8.117870000000000363e-01 5.839499999999999691e-01 2.076999999999999853e-03
2.500000000000000000e+01 1.500000000000000000e+01 8.000000000000000000e+00 0.000000000000000000e+00 1.600000000000000089e+00 1.827999999999999981e-03 2.958999999999999825e-03 -9.999940000000000495e-01 -5.841389999999999638e-01 -8.116459999999999786e-01 -3.469999999999999994e-03 -8.116520000000000401e-01 5.841410000000000213e-01 2.449999999999999921e-04
2.800000000000000000e+01 1.500000000000000000e+01 8.000000000000000000e+00 0.000000000000000000e+00 1.600000000000000089e+00 -1.541000000000000052e-03 2.047000000000000208e-03 -9.999970000000000248e-01 -5.844380000000000130e-01 -8.114379999999999926e-01 -7.609999999999999577e-04 -8.114369999999999639e-01 5.844350000000000378e-01 2.446999999999999956e-03
1.900000000000000000e+01 2.600000000000000000e+01 8.000000000000000000e+00 0.000000000000000000e+00 1.600000000000000089e+00 -3.833000000000000036e-03 -1.408099999999999977e-02 -9.998930000000000318e-01 4.076159999999999783e-01 9.130399999999999627e-01 -1.442000000000000053e-02 9.131460000000000132e-01 -4.076279999999999903e-01 2.239999999999999804e-03
2.300000000000000000e+01 2.600000000000000000e+01 8.000000000000000000e+00 0.000000000000000000e+00 1.600000000000000089e+00 -2.160000000000000028e-03 -6.989000000000000420e-03 -9.999730000000000008e-01 4.087939999999999907e-01 9.125980000000000203e-01 -7.262000000000000226e-03 9.126239999999999908e-01 -4.087979999999999947e-01 8.859999999999999603e-04
2.900000000000000000e+01 2.600000000000000000e+01 8.000000000000000000e+00 0.000000000000000000e+00 1.600000000000000089e+00 3.000000000000000076e-05 4.026000000000000065e-03 -9.999919999999999920e-01 4.091350000000000264e-01 9.124659999999999993e-01 3.686000000000000040e-03 9.124740000000000073e-01 -4.091319999999999957e-01 -1.619999999999999912e-03
1.000000000000000000e+01 2.400000000000000000e+01 9.000000000000000000e+00 0.000000000000000000e+00 1.600000000000000089e+00 -1.641000000000000097e-03 1.090000000000000040e-03 -9.999980000000000535e-01 4.597550000000000248e-01 8.880460000000000020e-01 2.130000000000000003e-04 8.880439999999999445e-01 -4.597530000000000228e-01 -1.958000000000000105e-03
1.300000000000000000e+01 2.400000000000000000e+01 9.000000000000000000e+00 0.000000000000000000e+00 1.600000000000000089e+00 -2.217999999999999920e-03 -3.129999999999999970e-03 -9.999930000000000208e-01 4.594840000000000035e-01 8.881780000000000230e-01 -3.799999999999999992e-03 8.881829999999999448e-01 -4.594889999999999808e-01 -5.310000000000000050e-04
1.800000000000000000e+01 2.400000000000000000e+01 9.000000000000000000e+00 0.000000000000000000e+00 1.600000000000000089e+00 -4.176000000000000024e-03 -1.633000000000000076e-02 -9.998580000000000245e-01 4.590239999999999876e-01 8.882719999999999505e-01 -1.642400000000000110e-02 8.884140000000000370e-01 -4.590270000000000183e-01 3.787000000000000002e-03
2.500000000000000000e+01 2.400000000000000000e+01 9.000000000000000000e+00 0.000000000000000000e+00 1.600000000000000089e+00 -1.855000000000000095e-03 -2.959999999999999958e-03 -9.999940000000000495e-01 4.618200000000000083e-01 8.869669999999999499e-01 -3.481999999999999852e-03 8.869719999999999827e-01 -4.618240000000000123e-01 -2.790000000000000054e-04
2.200000000000000000e+01 3.100000000000000000e+01 1.200000000000000000e+01 0.000000000000000000e+00 1.600000000000000089e+00 -8.400000000000000348e-04 -1.853000000000000046e-03 9.999980000000000535e-01 -2.348700000000000093e-02 9.997219999999999995e-01 1.832999999999999994e-03 -9.997239999999999460e-01 -2.348599999999999993e-02 -8.829999999999999958e-04
2.700000000000000000e+01 3.500000000000000000e+01 1.200000000000000000e+01 0.000000000000000000e+00 1.600000000000000089e+00 1.464999999999999939e-03 -4.673000000000000070e-03 -9.999879999999999880e-01 4.661989999999999745e-01 -8.846669999999999812e-01 4.817000000000000101e-03 -8.846789999999999932e-01 -4.662000000000000033e-01 8.819999999999999715e-04
1.500000000000000000e+01 3.200000000000000000e+01 1.400000000000000000e+01 0.000000000000000000e+00 1.600000000000000089e+00 -2.418000000000000010e-03 -4.886999999999999851e-03 -9.999850000000000128e-01 1.121739999999999959e-01 9.936749999999999750e-01 -5.126999999999999613e-03 9.936859999999999582e-01 -1.121840000000000059e-01 -1.855000000000000095e-03
4.000000000000000000e+00 1.200000000000000000e+01 1.500000000000000000e+01 0.000000000000000000e+00 1.600000000000000089e+00 2.007999999999999802e-03 2.063999999999999863e-03 -9.999959999999999960e-01 -4.665569999999999995e-01 -8.844870000000000232e-01 -2.762000000000000132e-03 -8.844889999999999697e-01 4.665610000000000035e-01 -8.130000000000000291e-04
1.200000000000000000e+01 1.200000000000000000e+01 1.500000000000000000e+01 0.000000000000000000e+00 1.600000000000000089e+00 2.950000000000000148e-04 -1.634999999999999952e-03 -9.999989999999999712e-01 -4.688610000000000277e-01 -8.832710000000000283e-01 1.304999999999999953e-03 -8.832719999999999461e-01 4.688599999999999990e-01 -1.026999999999999918e-03
1.600000000000000000e+01 1.200000000000000000e+01 1.500000000000000000e+01 0.000000000000000000e+00 1.600000000000000089e+00 3.559999999999999797e-04 -1.459999999999999981e-04 -1.000000000000000000e+00 -4.679220000000000046e-01 -8.837699999999999445e-01 -3.800000000000000209e-05 -8.837699999999999445e-01 4.679220000000000046e-01 -3.820000000000000153e-04
2.300000000000000000e+01 1.200000000000000000e+01 1.500000000000000000e+01 0.000000000000000000e+00 1.600000000000000089e+00 2.713999999999999833e-03 -9.009999999999999997e-04 -9.999959999999999960e-01 -4.677029999999999799e-01 -8.838859999999999495e-01 -4.730000000000000046e-04 -8.838819999999999455e-01 4.677020000000000066e-01 -2.821000000000000157e-03
2.600000000000000000e+01 1.200000000000000000e+01 1.500000000000000000e+01 0.000000000000000000e+00 1.600000000000000089e+00 2.533999999999999794e-03 -4.979999999999999618e-04 -9.999970000000000248e-01 -4.675070000000000059e-01 -8.839890000000000247e-01 -7.439999999999999782e-04 -8.839860000000000495e-01 4.675079999999999791e-01 -2.472999999999999938e-03
2.800000000000000000e+01 1.200000000000000000e+01 1.500000000000000000e+01 0.000000000000000000e+00 1.600000000000000089e+00 1.595999999999999979e-03 -1.216000000000000067e-03 -9.999980000000000535e-01 -4.671150000000000024e-01 -8.841970000000000107e-01 3.289999999999999739e-04 -8.841949999999999532e-01 4.671139999999999737e-01 -1.978999999999999856e-03
1.200000000000000000e+01 1.100000000000000000e+01 1.600000000000000000e+01 0.000000000000000000e+00 1.600000000000000089e+00 -1.259999999999999998e-04 -3.460000000000000076e-04 -1.000000000000000000e+00 -4.212310000000000221e-01 -9.069530000000000092e-01 3.669999999999999760e-04 -9.069530000000000092e-01 4.212310000000000221e-01 -3.199999999999999855e-05
1.600000000000000000e+01 1.100000000000000000e+01 1.600000000000000000e+01 0.000000000000000000e+00 1.600000000000000089e+00 9.600000000000000243e-05 4.189999999999999931e-04 -1.000000000000000000e+00 -4.202779999999999849e-01 -9.073949999999999516e-01 -4.200000000000000174e-04 -9.073949999999999516e-01 4.202779999999999849e-01 8.899999999999999491e-05
1.900000000000000000e+01 1.100000000000000000e+01 1.600000000000000000e+01 0.000000000000000000e+00 1.600000000000000089e+00 1.642999999999999929e-03 -1.659999999999999963e-04 -9.999989999999999712e-01 -4.194330000000000003e-01 -9.077859999999999818e-01 -5.379999999999999583e-04 -9.077849999999999531e-01 4.194330000000000003e-01 -1.561000000000000104e-03
2.500000000000000000e+01 1.100000000000000000e+01 1.600000000000000000e+01 0.000000000000000000e+00 1.600000000000000089e+00 2.301000000000000094e-03 5.039999999999999992e-04 -9.999970000000000248e-01 -4.199459999999999860e-01 -9.075480000000000214e-01 -1.423000000000000003e-03 -9.075459999999999638e-01 4.199479999999999880e-01 -1.876000000000000063e-03
4.000000000000000000e+00 1.160000000000000000e+02 1.600000000000000000e+01 0.000000000000000000e+00 1.600000000000000089e+00 -1.099999999999999971e-05 8.799999999999999771e-05 1.000000000000000000e+00 7.167630000000000390e-01 6.973169999999999646e-01 -5.399999999999999798e-05 -6.973169999999999646e-01 7.167630000000000390e-01 -7.100000000000000462e-05
9.000000000000000000e+00 1.160000000000000000e+02 1.600000000000000000e+01 0.000000000000000000e+00 1.600000000000000089e+00 1.768999999999999956e-03 6.710000000000000469e-04 9.999980000000000535e-01 7.036299999999999777e-01 7.105639999999999734e-01 -1.721000000000000090e-03 -7.105639999999999734e-01 7.036320000000000352e-01 7.849999999999999990e-04
1.300000000000000000e+01 1.160000000000000000e+02 1.600000000000000000e+01 0.000000000000000000e+00 1.600000000000000089e+00 -1.716000000000000077e-03 -1.877999999999999895e-03 9.999970000000000248e-01 6.967820000000000125e-01 7.172789999999999999e-01 2.543000000000000121e-03 -7.172809999999999464e-01 6.967839999999999590e-01 7.700000000000000139e-05
2.200000000000000000e+01 1.160000000000000000e+02 1.600000000000000000e+01 0.000000000000000000e+00 1.600000000000000089e+00 9.790000000000000525e-04 1.523999999999999964e-03 9.999980000000000535e-01 7.343429999999999680e-01 6.787760000000000460e-01 -1.753000000000000001e-03 -6.787769999999999637e-01 7.343439999999999968e-01 -4.550000000000000008e-04
7.000000000000000000e+00 2.000000000000000000e+00 1.900000000000000000e+01 0.000000000000000000e+00 1.600000000000000089e+00 6.539999999999999590e-04 -4.838000000000000286e-03 -9.999879999999999880e-01 1.840630000000000044e-01 -9.829020000000000534e-01 4.876000000000000126e-03 -9.829139999999999544e-01 -1.840640000000000054e-01 2.480000000000000108e-04
1.100000000000000000e+01 2.000000000000000000e+00 1.900000000000000000e+01 0.000000000000000000e+00 1.600000000000000089e+00 -1.815999999999999906e-03 4.291999999999999808e-03 -9.999890000000000168e-01 1.798790000000000111e-01 -9.836780000000000523e-01 -4.547999999999999959e-03 -9.836869999999999781e-01 -1.798849999999999894e-01 1.013999999999999927e-03
1.500000000000000000e+01 2.000000000000000000e+00 1.900000000000000000e+01 0.000000000000000000e+00 1.600000000000000089e+00 -2.906000000000000163e-03 4.337999999999999842e-03 -9.999860000000000415e-01 1.735540000000000138e-01 -9.848130000000000495e-01 -4.776999999999999996e-03 -9.848200000000000287e-01 -1.735659999999999981e-01 2.109000000000000197e-03
2.100000000000000000e+01 2.000000000000000000e+00 1.900000000000000000e+01 0.000000000000000000e+00 1.600000000000000089e+00 -1.959999999999999937e-03 9.190000000000000252e-03 -9.999559999999999560e-01 1.750960000000000016e-01 -9.845070000000000210e-01 -9.391000000000000042e-03 -9.845490000000000075e-01 -1.751070000000000126e-01 3.200000000000000262e-04
2.600000000000000000e+01 2.000000000000000000e+00 1.900000000000000000e+01 0.000000000000000000e+00 1.600000000000000089e+00 -7.822000000000000827e-03 2.315800000000000150e-02 -9.997009999999999508e-01 1.840370000000000061e-01 -9.826209999999999667e-01 -2.420299999999999882e-02 -9.828879999999999839e-01 -1.841710000000000014e-01 3.423999999999999960e-03
1.000000000000000000e+01 4.000000000000000000e+00 2.000000000000000000e+01 0.000000000000000000e+00 1.600000000000000089e+00 -1.505000000000000044e-03 -2.759999999999999867e-04 -9.999989999999999712e-01 2.731669999999999932e-01 -9.619670000000000165e-01 -1.459999999999999981e-04 -9.619649999999999590e-01 -2.731669999999999932e-01 1.523000000000000048e-03
1.400000000000000000e+01 4.000000000000000000e+00 2.000000000000000000e+01 0.000000000000000000e+00 1.600000000000000089e+00 -2.952999999999999896e-03 4.645999999999999956e-03 -9.999850000000000128e-01 2.615410000000000235e-01 -9.651779999999999804e-01 -5.256000000000000255e-03 -9.651880000000000459e-01 -2.615520000000000067e-01 1.634999999999999952e-03
1.800000000000000000e+01 4.000000000000000000e+00 2.000000000000000000e+01 0.000000000000000000e+00 1.600000000000000089e+00 5.349999999999999938e-04 1.669999999999999935e-04 -1.000000000000000000e+00 2.533929999999999794e-01 -9.673629999999999729e-01 -2.599999999999999840e-05 -9.673629999999999729e-01 -2.533929999999999794e-01 -5.599999999999999509e-04
4.000000000000000000e+00 1.300000000000000000e+01 2.000000000000000000e+01 0.000000000000000000e+00 1.600000000000000089e+00 1.172000000000000082e-03 2.500000000000000120e-05 9.999989999999999712e-01 2.567409999999999970e-01 9.664800000000000058e-01 -3.249999999999999851e-04 -9.664789999999999770e-01 2.567409999999999970e-01 1.126000000000000048e-03
8.000000000000000000e+00 1.300000000000000000e+01 2.000000000000000000e+01 0.000000000000000000e+00 1.600000000000000089e+00 8.390000000000000105e-04 1.200000000000000030e-04 1.000000000000000000e+00 2.544799999999999840e-01 9.670779999999999932e-01 -3.299999999999999982e-04 -9.670779999999999932e-01 2.544799999999999840e-01 7.810000000000000102e-04
1.100000000000000000e+01 1.300000000000000000e+01 2.000000000000000000e+01 0.000000000000000000e+00 1.600000000000000089e+00 -2.400000000000000061e-05 -1.255000000000000039e-03 9.999989999999999712e-01 2.524609999999999910e-01 9.676059999999999661e-01 1.219999999999999947e-03 -9.676069999999999949e-01 2.524609999999999910e-01 2.930000000000000204e-04
1.500000000000000000e+01 1.300000000000000000e+01 2.000000000000000000e+01 0.000000000000000000e+00 1.600000000000000089e+00 -2.039999999999999984e-04 -1.835999999999999958e-03 9.999980000000000535e-01 2.531120000000000037e-01 9.674350000000000449e-01 1.827999999999999981e-03 -9.674369999999999914e-01 2.531120000000000037e-01 2.680000000000000090e-04
1.900000000000000000e+01 1.300000000000000000e+01 2.000000000000000000e+01 0.000000000000000000e+00 1.600000000000000089e+00 -2.840000000000000185e-04 -3.118999999999999811e-03 9.999949999999999672e-01 2.536849999999999938e-01 9.672819999999999752e-01 3.089000000000000166e-03 -9.672870000000000079e-01 2.536840000000000206e-01 5.159999999999999656e-04
2.500000000000000000e+01 1.300000000000000000e+01 2.000000000000000000e+01 0.000000000000000000e+00 1.600000000000000089e+00 -3.999999999999999819e-06 -5.834999999999999909e-03 9.999829999999999552e-01 2.505080000000000084e-01 9.680980000000000141e-01 5.649999999999999641e-03 -9.681149999999999478e-01 2.505029999999999757e-01 1.458000000000000095e-03
7.000000000000000000e+00 1.600000000000000000e+01 2.100000000000000000e+01 0.000000000000000000e+00 1.600000000000000089e+00 5.619999999999999996e-04 4.492000000000000333e-03 9.999900000000000455e-01 2.986759999999999970e-01 9.543439999999999701e-01 -4.454999999999999759e-03 -9.543549999999999534e-01 2.986750000000000238e-01 -8.050000000000000515e-04
1.600000000000000000e+01 1.600000000000000000e+01 2.100000000000000000e+01 0.000000000000000000e+00 1.600000000000000089e+00 4.229999999999999819e-04 6.629999999999999609e-04 1.000000000000000000e+00 3.003520000000000079e-01 9.538280000000000092e-01 -7.590000000000000175e-04 -9.538280000000000092e-01 3.003529999999999811e-01 2.049999999999999956e-04
2.200000000000000000e+01 1.600000000000000000e+01 2.100000000000000000e+01 0.000000000000000000e+00 1.600000000000000089e+00 -4.789999999999999879e-04 -4.014000000000000207e-03 9.999919999999999920e-01 2.993739999999999735e-01 9.541269999999999474e-01 3.974000000000000102e-03 -9.541359999999999841e-01 2.993739999999999735e-01 7.439999999999999782e-04
2.500000000000000000e+01 1.600000000000000000e+01 2.100000000000000000e+01 0.000000000000000000e+00 1.600000000000000089e+00 -5.879999999999999810e-04 -9.015000000000000444e-03 9.999590000000000423e-01 2.991440000000000210e-01 9.541680000000000161e-01 8.777999999999999345e-03 -9.542079999999999451e-01 2.991360000000000130e-01 2.135000000000000179e-03
2.800000000000000000e+01 5.000000000000000000e+01 2.200000000000000000e+01 0.000000000000000000e+00 1.600000000000000089e+00 6.769999999999999759e-04 -7.140000000000000079e-04 -1.000000000000000000e+00 -5.810140000000000304e-01 8.138929999999999776e-01 -9.749999999999999552e-04 8.138929999999999776e-01 5.810149999999999482e-01 1.359999999999999989e-04
7.000000000000000000e+00 3.000000000000000000e+00 2.500000000000000000e+01 0.000000000000000000e+00 1.600000000000000089e+00 -2.069999999999999900e-04 1.487999999999999956e-03 9.999989999999999712e-01 -2.563800000000000107e-02 -9.996699999999999475e-01 1.482999999999999943e-03 9.996709999999999763e-01 -2.563700000000000007e-02 2.449999999999999921e-04
1.000000000000000000e+01 3.000000000000000000e+00 2.500000000000000000e+01 0.000000000000000000e+00 1.600000000000000089e+00 1.711999999999999980e-03 5.998999999999999992e-03 9.999810000000000088e-01 -2.154500000000000165e-02 -9.997500000000000275e-01 6.035000000000000434e-03 9.997660000000000435e-01 -2.155500000000000124e-02 -1.582999999999999989e-03
4.000000000000000000e+00 4.600000000000000000e+01 2.700000000000000000e+01 0.000000000000000000e+00 1.600000000000000089e+00 -5.289999999999999564e-04 2.030000000000000012e-04 -1.000000000000000000e+00 6.639070000000000249e-01 7.478150000000000075e-01 -1.990000000000000124e-04 7.478150000000000075e-01 -6.639070000000000249e-01 -5.310000000000000050e-04
9.000000000000000000e+00 4.600000000000000000e+01 2.700000000000000000e+01 0.000000000000000000e+00 1.600000000000000089e+00 1.804000000000000048e-03 3.020000000000000223e-04 -9.999980000000000535e-01 6.631369999999999765e-01 7.484969999999999679e-01 1.423000000000000003e-03 7.484960000000000502e-01 -6.631380000000000052e-01 1.149999999999999981e-03
1.700000000000000000e+01 4.600000000000000000e+01 2.700000000000000000e+01 0.000000000000000000e+00 1.600000000000000089e+00 -1.413999999999999892e-03 -2.709999999999999735e-04 -9.999989999999999712e-01 6.632890000000000175e-01 7.483619999999999717e-01 -1.141000000000000087e-03 7.483619999999999717e-01 -6.632900000000000462e-01 -8.779999999999999827e-04
2.300000000000000000e+01 4.600000000000000000e+01 2.700000000000000000e+01 0.000000000000000000e+00 1.600000000000000089e+00 1.471000000000000085e-03 -2.539999999999999940e-04 -9.999989999999999712e-01 6.589180000000000037e-01 7.522140000000000493e-01 7.789999999999999616e-04 7.522130000000000205e-01 -6.589180000000000037e-01 1.273999999999999959e-03
2.700000000000000000e+01 4.600000000000000000e+01 2.700000000000000000e+01 0.000000000000000000e+00 1.600000000000000089e+00 -7.299999999999999632e-04 -8.170000000000000179e-04 -9.999989999999999712e-01 6.602360000000000451e-01 7.510569999999999746e-01 -1.095000000000000053e-03 7.510580000000000034e-01 -6.602360000000000451e-01 -9.000000000000000228e-06
3.000000000000000000e+00 5.800000000000000000e+01 3.100000000000000000e+01 0.000000000000000000e+00 1.600000000000000089e+00 9.899999999999999946e-04 -4.185999999999999617e-03 9.999909999999999632e-01 -7.893599999999999506e-01 -6.139289999999999470e-01 -1.788000000000000093e-03 6.139299999999999757e-01 -7.893499999999999961e-01 -3.911999999999999679e-03
1.000000000000000000e+01 5.800000000000000000e+01 3.100000000000000000e+01 0.000000000000000000e+00 1.600000000000000089e+00 6.774999999999999772e-03 1.136999999999999990e-03 9.999759999999999760e-01 -7.841730000000000089e-01 -6.205129999999999812e-01 6.019000000000000045e-03 6.205060000000000020e-01 -7.841949999999999754e-01 -3.311999999999999840e-03
1.800000000000000000e+01 5.800000000000000000e+01 3.100000000000000000e+01 0.000000000000000000e+00 1.600000000000000089e+00 1.554999999999999959e-03 3.354000000000000210e-03 9.999930000000000208e-01 -7.760629999999999473e-01 -6.306469999999999576e-01 3.321999999999999866e-03 6.306540000000000479e-01 -7.760629999999999473e-01 1.621999999999999961e-03
2.300000000000000000e+01 5.800000000000000000e+01 3.100000000000000000e+01 0.000000000000000000e+00 1.600000000000000089e+00 2.798000000000000140e-03 5.130000000000000011e-03 9.999829999999999552e-01 -7.699880000000000058e-01 -6.380360000000000475e-01 5.427999999999999665e-03 6.380529999999999813e-01 -7.699899999999999523e-01 2.164999999999999824e-03
2.800000000000000000e+01 5.800000000000000000e+01 3.100000000000000000e+01 0.000000000000000000e+00 1.600000000000000089e+00 2.723999999999999859e-03 4.377999999999999947e-03 9.999869999999999592e-01 -7.662419999999999787e-01 -6.425340000000000495e-01 4.899999999999999842e-03 6.425469999999999793e-01 -7.662449999999999539e-01 1.603999999999999957e-03
1.000000000000000000e+01 6.000000000000000000e+00 3.200000000000000000e+01 0.000000000000000000e+00 1.600000000000000089e+00 -2.779999999999999811e-04 -5.512999999999999672e-03 -9.999850000000000128e-01 1.547169999999999934e-01 9.879440000000000444e-01 -5.490000000000000088e-03 9.879590000000000316e-01 -1.547159999999999924e-01 5.789999999999999791e-04
4.000000000000000000e+00 4.600000000000000000e+01 3.500000000000000000e+01 0.000000000000000000e+00 1.600000000000000089e+00 -1.827999999999999981e-03 4.682000000000000398e-03 -9.999869999999999592e-01 3.829239999999999866e-01 -9.237659999999999760e-01 -5.024999999999999953e-03 -9.237779999999999880e-01 -3.829290000000000194e-01 -1.039999999999999936e-04
8.000000000000000000e+00 4.600000000000000000e+01 3.500000000000000000e+01 0.000000000000000000e+00 1.600000000000000089e+00 1.239000000000000084e-03 3.669999999999999760e-04 -9.999989999999999712e-01 3.857349999999999945e-01 -9.226100000000000412e-01 1.389999999999999905e-04 -9.226090000000000124e-01 -3.857349999999999945e-01 -1.283999999999999985e-03
1.100000000000000000e+01 4.600000000000000000e+01 3.500000000000000000e+01 0.000000000000000000e+00 1.600000000000000089e+00 -9.089999999999999773e-04 -2.282999999999999873e-03 -9.999970000000000248e-01 3.863929999999999865e-01 -9.223329999999999584e-01 1.755000000000000050e-03 -9.223339999999999872e-01 -3.863900000000000112e-01 1.719999999999999958e-03
1.500000000000000000e+01 4.600000000000000000e+01 3.500000000000000000e+01 0.000000000000000000e+00 1.600000000000000089e+00 -1.534999999999999906e-03 2.990000000000000036e-04 -9.999989999999999712e-01 3.858539999999999748e-01 -9.225590000000000179e-01 -8.679999999999999565e-04 -9.225579999999999892e-01 -3.858550000000000035e-01 1.301000000000000073e-03
2.100000000000000000e+01 4.600000000000000000e+01 3.500000000000000000e+01 0.000000000000000000e+00 1.600000000000000089e+00 4.640000000000000027e-04 -3.896000000000000157e-03 -9.999919999999999920e-01 3.865669999999999940e-01 -9.222540000000000182e-01 3.772999999999999878e-03 -9.222609999999999975e-01 -3.865660000000000207e-01 1.079000000000000098e-03
2.500000000000000000e+01 4.600000000000000000e+01 3.500000000000000000e+01 0.000000000000000000e+00 1.600000000000000089e+00 3.330000000000000169e-04 5.310000000000000050e-04 -1.000000000000000000e+00 3.864819999999999922e-01 -9.222970000000000335e-01 -3.609999999999999928e-04 -9.222970000000000335e-01 -3.864819999999999922e-01 -5.119999999999999768e-04
3.000000000000000000e+00 9.500000000000000000e+01 3.600000000000000000e+01 0.000000000000000000e+00 1.600000000000000089e+00 1.700000000000000122e-04 -3.122999999999999908e-03 9.999949999999999672e-01 9.960130000000000372e-01 8.920300000000000451e-02 1.090000000000000067e-04 -8.920300000000000451e-02 9.960090000000000332e-01 3.125999999999999873e-03
9.000000000000000000e+00 9.500000000000000000e+01 3.600000000000000000e+01 0.000000000000000000e+00 1.600000000000000089e+00 1.270999999999999994e-03 1.896400000000000169e-02 9.998190000000000133e-01 9.966110000000000246e-01 8.220600000000000129e-02 -2.827000000000000086e-03 -8.224399999999999766e-02 9.964349999999999596e-01 -1.879499999999999921e-02
1.500000000000000000e+01 9.500000000000000000e+01 3.600000000000000000e+01 0.000000000000000000e+00 1.600000000000000089e+00 3.996000000000000420e-03 -5.296000000000000360e-03 9.999780000000000335e-01 9.970630000000000326e-01 7.650700000000000556e-02 -3.579000000000000150e-03 -7.648599999999999843e-02 9.970550000000000246e-01 5.585999999999999820e-03
2.400000000000000000e+01 9.500000000000000000e+01 3.600000000000000000e+01 0.000000000000000000e+00 1.600000000000000089e+00 -3.179999999999999776e-04 8.949999999999999623e-03 9.999599999999999600e-01 9.966030000000000166e-01 8.235199999999999465e-02 -4.200000000000000174e-04 -8.235299999999999565e-02 9.965629999999999766e-01 -8.946000000000000826e-03
2.700000000000000000e+01 9.500000000000000000e+01 3.600000000000000000e+01 0.000000000000000000e+00 1.600000000000000089e+00 1.289999999999999914e-04 1.601599999999999899e-02 9.998719999999999830e-01 9.970059999999999478e-01 7.731799999999999784e-02 -1.366999999999999943e-03 -7.732999999999999596e-02 9.968780000000000419e-01 -1.595799999999999996e-02
7.000000000000000000e+00 3.000000000000000000e+00 4.300000000000000000e+01 0.000000000000000000e+00 1.600000000000000089e+00 3.530000000000000152e-04 2.282700000000000007e-02 -9.997390000000000443e-01 7.425300000000000233e-01 -6.696440000000000170e-01 -1.502799999999999969e-02 -6.698129999999999917e-01 -7.423309999999999631e-01 -1.718599999999999989e-02
1.500000000000000000e+01 3.000000000000000000e+00 4.300000000000000000e+01 0.000000000000000000e+00 1.600000000000000089e+00 8.100000000000000375e-05 1.417700000000000037e-02 -9.999000000000000110e-01 7.397049999999999459e-01 -6.728650000000000464e-01 -9.480000000000000579e-03 -6.729319999999999746e-01 -7.396300000000000097e-01 -1.054199999999999929e-02
4.000000000000000000e+00 8.000000000000000000e+00 4.400000000000000000e+01 0.000000000000000000e+00 1.600000000000000089e+00 3.746000000000000198e-03 6.121999999999999838e-03 9.999740000000000295e-01 -7.679209999999999647e-01 -6.405079999999999663e-01 6.798000000000000223e-03 6.405330000000000190e-01 -7.679270000000000262e-01 2.301999999999999793e-03
1.200000000000000000e+01 8.000000000000000000e+00 4.400000000000000000e+01 0.000000000000000000e+00 1.600000000000000089e+00 4.275000000000000154e-03 1.484700000000000082e-02 9.998810000000000198e-01 -7.747939999999999827e-01 -6.320869999999999544e-01 1.269799999999999922e-02 6.321999999999999842e-01 -7.747549999999999715e-01 8.800999999999999795e-03
1.900000000000000000e+01 8.000000000000000000e+00 4.400000000000000000e+01 0.000000000000000000e+00 1.600000000000000089e+00 3.510000000000000208e-04 5.654000000000000171e-03 9.999839999999999840e-01 -7.793379999999999752e-01 -6.265920000000000378e-01 3.815999999999999948e-03 6.266040000000000498e-01 -7.793269999999999920e-01 4.185999999999999617e-03
2.600000000000000000e+01 8.000000000000000000e+00 4.400000000000000000e+01 0.000000000000000000e+00 1.600000000000000089e+00 -1.700000000000000122e-04 -2.187000000000000142e-03 9.999980000000000535e-01 -7.812249999999999472e-01 -6.242480000000000251e-01 -1.497999999999999983e-03 6.242499999999999716e-01 -7.812230000000000008e-01 -1.601999999999999908e-03
3.000000000000000000e+00 2.900000000000000000e+01 4.400000000000000000e+01 0.000000000000000000e+00 1.600000000000000089e+00 1.918999999999999916e-03 -5.594000000000000014e-03 -9.999829999999999552e-01 6.726469999999999949e-01 7.399580000000000046e-01 -2.847999999999999837e-03 7.399620000000000086e-01 -6.726290000000000324e-01 5.183000000000000107e-03
6.000000000000000000e+00 2.900000000000000000e+01 4.400000000000000000e+01 0.000000000000000000e+00 1.600000000000000089e+00 1.048000000000000103e-03 -9.640000000000000131e-04 -9.999989999999999712e-01 6.776750000000000274e-01 7.353610000000000424e-01 9.999999999999999547e-07 7.353600000000000136e-01 -6.776750000000000274e-01 1.423999999999999919e-03
1.100000000000000000e+01 2.900000000000000000e+01 4.400000000000000000e+01 0.000000000000000000e+00 1.600000000000000089e+00 -1.860000000000000108e-03 4.192999999999999679e-03 -9.999900000000000455e-01 6.763719999999999732e-01 7.365580000000000460e-01 1.830000000000000029e-03 7.365580000000000460e-01 -6.763620000000000188e-01 -4.205999999999999669e-03
1.900000000000000000e+01 2.900000000000000000e+01 4.400000000000000000e+01 0.000000000000000000e+00 1.600000000000000089e+00 -4.099999999999999912e-04 2.517999999999999839e-03 -9.999970000000000248e-01 6.742369999999999752e-01 7.385140000000000038e-01 1.582999999999999989e-03 7.385150000000000325e-01 -6.742340000000000000e-01 -2.001000000000000174e-03
2.400000000000000000e+01 2.900000000000000000e+01 4.400000000000000000e+01 0.000000000000000000e+00 1.600000000000000089e+00 -7.060000000000000303e-04 2.085000000000000048e-03 -9.999980000000000535e-01 6.701019999999999754e-01 7.422680000000000389e-01 1.075000000000000001e-03 7.422680000000000389e-01 -6.701000000000000290e-01 -1.920999999999999965e-03
2.900000000000000000e+01 2.900000000000000000e+01 4.400000000000000000e+01 0.000000000000000000e+00 1.600000000000000089e+00 7.259999999999999743e-04 -1.499999999999999869e-04 -1.000000000000000000e+00 6.710810000000000386e-01 7.413840000000000430e-01 3.770000000000000022e-04 7.413840000000000430e-01 -6.710810000000000386e-01 6.390000000000000280e-04
2.400000000000000000e+01 5.400000000000000000e+01 4.600000000000000000e+01 0.000000000000000000e+00 1.600000000000000089e+00 -1.601999999999999908e-03 7.240000000000000342e-04 9.999980000000000535e-01 3.290270000000000139e-01 -9.443200000000000482e-01 1.211000000000000054e-03 9.443190000000000195e-01 3.290279999999999871e-01 1.275000000000000092e-03
1.000000000000000000e+01 6.500000000000000000e+01 4.600000000000000000e+01 0.000000000000000000e+00 1.600000000000000089e+00 1.595999999999999979e-03 -9.269999999999999811e-04 9.999980000000000535e-01 6.809089999999999865e-01 -7.323659999999999615e-01 -1.765000000000000076e-03 7.323659999999999615e-01 6.809110000000000440e-01 -5.379999999999999583e-04
1.000000000000000000e+01 6.000000000000000000e+00 5.100000000000000000e+01 0.000000000000000000e+00 1.600000000000000089e+00 3.082000000000000104e-03 7.304999999999999861e-03 -9.999689999999999968e-01 3.257220000000000115e-01 -9.454470000000000374e-01 -5.903000000000000261e-03 -9.454609999999999959e-01 -3.256930000000000103e-01 -5.292999999999999962e-03
1.400000000000000000e+01 6.000000000000000000e+00 5.100000000000000000e+01 0.000000000000000000e+00 1.600000000000000089e+00 4.990999999999999777e-03 8.063000000000000722e-03 -9.999550000000000383e-01 3.235089999999999910e-01 -9.462059999999999915e-01 -6.015000000000000381e-03 -9.462120000000000530e-01 -3.234639999999999738e-01 -7.330999999999999843e-03
2.800000000000000000e+01 6.000000000000000000e+00 5.100000000000000000e+01 0.000000000000000000e+00 1.600000000000000089e+00 -2.579999999999999828e-04 -1.007999999999999998e-03 -9.999989999999999712e-01 3.299659999999999815e-01 -9.439920000000000533e-01 8.670000000000000406e-04 -9.439929999999999710e-01 -3.299659999999999815e-01 5.760000000000000146e-04
5.000000000000000000e+00 7.000000000000000000e+00 5.200000000000000000e+01 0.000000000000000000e+00 1.600000000000000089e+00 1.105000000000000079e-03 -3.184999999999999897e-03 -9.999940000000000495e-01 1.179670000000000024e-01 -9.930120000000000058e-01 3.292999999999999920e-03 -9.930170000000000385e-01 -1.179700000000000054e-01 -7.219999999999999855e-04
1.000000000000000000e+01 7.000000000000000000e+00 5.200000000000000000e+01 0.000000000000000000e+00 1.600000000000000089e+00 4.459000000000000290e-03 5.955000000000000224e-03 -9.999719999999999720e-01 1.181880000000000014e-01 -9.929769999999999985e-01 -5.387000000000000295e-03 -9.929810000000000025e-01 -1.181610000000000021e-01 -5.131000000000000144e-03
3.000000000000000000e+00 6.300000000000000000e+01 5.400000000000000000e+01 0.000000000000000000e+00 1.600000000000000089e+00 2.059999999999999928e-04 9.879999999999999460e-04 1.000000000000000000e+00 -3.621429999999999927e-01 9.321220000000000061e-01 -8.459999999999999638e-04 -9.321230000000000349e-01 -3.621420000000000194e-01 5.500000000000000331e-04
6.000000000000000000e+00 6.300000000000000000e+01 5.400000000000000000e+01 0.000000000000000000e+00 1.600000000000000089e+00 -1.237000000000000035e-03 -9.650000000000000374e-04 9.999989999999999712e-01 -3.585300000000000153e-01 9.335179999999999589e-01 4.569999999999999952e-04 -9.335179999999999589e-01 -3.585289999999999866e-01 -1.500999999999999947e-03
1.300000000000000000e+01 6.300000000000000000e+01 5.400000000000000000e+01 0.000000000000000000e+00 1.600000000000000089e+00 -2.599999999999999840e-05 6.790000000000000245e-04 1.000000000000000000e+00 -3.523450000000000193e-01 9.358699999999999797e-01 -6.449999999999999570e-04 -9.358699999999999797e-01 -3.523450000000000193e-01 2.149999999999999947e-04
1.700000000000000000e+01 6.300000000000000000e+01 5.400000000000000000e+01 0.000000000000000000e+00 1.600000000000000089e+00 -2.420000000000000005e-04 1.046999999999999971e-03 9.999989999999999712e-01 -3.482660000000000200e-01 9.373949999999999783e-01 -1.064999999999999974e-03 -9.373960000000000070e-01 -3.482660000000000200e-01 1.379999999999999933e-04
2.200000000000000000e+01 6.300000000000000000e+01 5.400000000000000000e+01 0.000000000000000000e+00 1.600000000000000089e+00 -1.119999999999999983e-04 1.356999999999999916e-03 9.999989999999999712e-01 -3.531779999999999919e-01 9.355550000000000255e-01 -1.309000000000000051e-03 -9.355560000000000542e-01 -3.531770000000000187e-01 3.739999999999999835e-04
2.800000000000000000e+01 6.300000000000000000e+01 5.400000000000000000e+01 0.000000000000000000e+00 1.600000000000000089e+00 4.699999999999999724e-05 -5.410000000000000312e-04 1.000000000000000000e+00 -3.517149999999999999e-01 9.361070000000000224e-01 5.230000000000000274e-04 -9.361070000000000224e-01 -3.517149999999999999e-01 -1.459999999999999981e-04
7.000000000000000000e+00 2.500000000000000000e+01 5.500000000000000000e+01 0.000000000000000000e+00 1.600000000000000089e+00 1.214999999999999934e-03 -1.974000000000000060e-03 -9.999970000000000248e-01 -1.181600000000000011e-02 -9.999280000000000390e-01 1.958999999999999804e-03 -9.999289999999999567e-01 1.181399999999999985e-02 -1.239000000000000084e-03
1.400000000000000000e+01 2.500000000000000000e+01 5.500000000000000000e+01 0.000000000000000000e+00 1.600000000000000089e+00 -6.650000000000000095e-04 4.510000000000000120e-04 -1.000000000000000000e+00 -1.134899999999999971e-02 -9.999360000000000470e-01 -4.429999999999999802e-04 -9.999350000000000183e-01 1.134899999999999971e-02 6.700000000000000226e-04
