1.400000000000000000e+01 2.500000000000000000e+01 1.000000000000000000e+00 0.000000000000000000e+00 1.600000000000000089e+00 -5.438500000000000278e-02 -1.110599999999999955e-02 -9.984579999999999567e-01 -5.388870000000000049e-01 -8.414880000000000138e-01 3.871299999999999741e-02 -8.406200000000000339e-01 5.401620000000000310e-01 3.977900000000000186e-02
2.600000000000000000e+01 2.500000000000000000e+01 1.000000000000000000e+00 0.000000000000000000e+00 1.600000000000000089e+00 2.207000000000000194e-03 7.169999999999999724e-04 -9.999970000000000248e-01 -5.363339999999999774e-01 -8.440039999999999765e-01 -1.789000000000000009e-03 -8.440029999999999477e-01 5.363369999999999527e-01 -1.477999999999999930e-03
2.000000000000000000e+01 1.500000000000000000e+01 4.000000000000000000e+00 0.000000000000000000e+00 1.600000000000000089e+00 2.460000000000000164e-04 6.929000000000000263e-03 9.999759999999999760e-01 3.243969999999999909e-01 -9.458990000000000453e-01 6.473999999999999720e-03 9.459210000000000118e-01 3.243880000000000097e-01 -2.481000000000000132e-03
2.500000000000000000e+01 1.500000000000000000e+01 4.000000000000000000e+00 0.000000000000000000e+00 1.600000000000000089e+00 -2.867000000000000191e-03 -3.328999999999999928e-03 9.999900000000000455e-01 3.238260000000000027e-01 -9.461140000000000105e-01 -2.222000000000000017e-03 9.461119999999999530e-01 3.238170000000000215e-01 3.789999999999999966e-03
2.000000000000000000e+00 1.600000000000000000e+01 4.000000000000000000e+00 0.000000000000000000e+00 1.600000000000000089e+00 -5.879999999999999810e-04 1.297700000000000069e-02 9.999160000000000270e-01 3.241629999999999789e-01 -9.459189999999999543e-01 1.246700000000000065e-02 9.460009999999999808e-01 3.241430000000000144e-01 -3.651000000000000165e-03
6.000000000000000000e+00 1.600000000000000000e+01 4.000000000000000000e+00 0.000000000000000000e+00 1.600000000000000089e+00 2.580999999999999961e-03 6.884999999999999627e-03 9.999730000000000008e-01 3.258389999999999898e-01 -9.454080000000000261e-01 5.669000000000000428e-03 9.454219999999999846e-01 3.258159999999999945e-01 -4.683999999999999796e-03
1.100000000000000000e+01 1.600000000000000000e+01 4.000000000000000000e+00 0.000000000000000000e+00 1.600000000000000089e+00 3.370800000000000185e-02 -1.019420000000000048e-01 9.942189999999999639e-01 3.396339999999999915e-01 -9.344139999999999668e-01 -1.073250000000000037e-01 9.399530000000000385e-01 3.412890000000000090e-01 3.125999999999999873e-03
2.400000000000000000e+01 1.600000000000000000e+01 4.000000000000000000e+00 0.000000000000000000e+00 1.600000000000000089e+00 -2.657000000000000074e-03 -3.178999999999999968e-03 9.999909999999999632e-01 3.962669999999999804e-01 -9.181329999999999769e-01 -1.866000000000000037e-03 9.181310000000000304e-01 3.962589999999999724e-01 3.699000000000000031e-03
8.000000000000000000e+00 1.010000000000000000e+02 7.000000000000000000e+00 0.000000000000000000e+00 1.600000000000000089e+00 2.830000000000000050e-03 1.239999999999999956e-02 9.999190000000000023e-01 8.902919999999999723e-01 4.553170000000000273e-01 -8.167000000000000648e-03 -4.553820000000000090e-01 8.902430000000000065e-01 -9.750999999999999251e-03
1.300000000000000000e+01 1.010000000000000000e+02 7.000000000000000000e+00 0.000000000000000000e+00 1.600000000000000089e+00 -9.699999999999999963e-05 4.066299999999999776e-02 9.991729999999999778e-01 8.876760000000000206e-01 4.600910000000000277e-01 -1.863899999999999932e-02 -4.604679999999999884e-01 8.869399999999999507e-01 -3.613999999999999851e-02
1.800000000000000000e+01 1.010000000000000000e+02 7.000000000000000000e+00 0.000000000000000000e+00 1.600000000000000089e+00 3.645999999999999935e-03 6.196000000000000119e-03 9.999740000000000295e-01 8.852539999999999853e-01 4.650679999999999814e-01 -6.109999999999999980e-03 -4.650940000000000074e-01 8.852529999999999566e-01 -3.788999999999999833e-03
2.400000000000000000e+01 1.010000000000000000e+02 7.000000000000000000e+00 0.000000000000000000e+00 1.600000000000000089e+00 2.191999999999999938e-03 1.263999999999999933e-03 9.999970000000000248e-01 8.861580000000000013e-01 4.633760000000000101e-01 -2.527999999999999865e-03 -4.633780000000000121e-01 8.861609999999999765e-01 -1.039999999999999936e-04
2.900000000000000000e+01 1.010000000000000000e+02 7.000000000000000000e+00 0.000000000000000000e+00 1.600000000000000089e+00 3.484999999999999817e-03 -8.531000000000000388e-03 9.999580000000000135e-01 8.858789999999999720e-01 4.639150000000000218e-01 8.710000000000000294e-04 -4.639030000000000098e-01 8.858390000000000430e-01 9.173999999999999863e-03
1.400000000000000000e+01 2.500000000000000000e+01 8.000000000000000000e+00 0.000000000000000000e+00 1.600000000000000089e+00 5.369399999999999867e-02 1.744860000000000022e-01 -9.831940000000000124e-01 4.555170000000000052e-01 8.719189999999999996e-01 1.796149999999999969e-01 8.886060000000000070e-01 -4.575060000000000238e-01 -3.266399999999999859e-02
1.900000000000000000e+01 2.500000000000000000e+01 8.000000000000000000e+00 0.000000000000000000e+00 1.600000000000000089e+00 1.974000000000000060e-03 4.643999999999999691e-03 -9.999869999999999592e-01 4.482630000000000225e-01 8.938880000000000159e-01 5.035999999999999678e-03 8.939000000000000279e-01 -4.482670000000000265e-01 -3.170000000000000075e-04
2.300000000000000000e+01 2.500000000000000000e+01 8.000000000000000000e+00 0.000000000000000000e+00 1.600000000000000089e+00 -1.201000000000000028e-03 -5.115999999999999888e-03 -9.999860000000000415e-01 4.485339999999999883e-01 8.937509999999999621e-01 -5.111000000000000092e-03 8.937650000000000317e-01 -4.485339999999999883e-01 1.221000000000000080e-03
6.000000000000000000e+00 2.600000000000000000e+01 8.000000000000000000e+00 0.000000000000000000e+00 1.600000000000000089e+00 7.929999999999999766e-04 1.381999999999999982e-03 -9.999989999999999712e-01 4.288040000000000185e-01 9.033959999999999768e-01 1.588000000000000002e-03 9.033970000000000056e-01 -4.288049999999999917e-01 1.240000000000000054e-04
1.400000000000000000e+01 2.400000000000000000e+01 9.000000000000000000e+00 0.000000000000000000e+00 1.600000000000000089e+00 4.907799999999999663e-02 1.827219999999999955e-01 -9.819390000000000063e-01 4.607879999999999754e-01 8.681060000000000443e-01 1.845700000000000118e-01 8.861520000000000508e-01 -4.615239999999999898e-01 -4.159100000000000297e-02
2.300000000000000000e+01 2.400000000000000000e+01 9.000000000000000000e+00 0.000000000000000000e+00 1.600000000000000089e+00 -1.164000000000000104e-03 -5.852999999999999696e-03 -9.999820000000000375e-01 4.544849999999999723e-01 8.907359999999999722e-01 -5.741999999999999708e-03 8.907540000000000457e-01 -4.544830000000000259e-01 1.623000000000000094e-03
1.800000000000000000e+01 1.020000000000000000e+02 9.000000000000000000e+00 0.000000000000000000e+00 1.600000000000000089e+00 3.152999999999999987e-03 4.964999999999999795e-03 9.999829999999999552e-01 9.230009999999999604e-01 3.847670000000000257e-01 -4.820999999999999765e-03 -3.847840000000000149e-01 9.230009999999999604e-01 -3.370000000000000166e-03
1.100000000000000000e+01 4.000000000000000000e+00 1.100000000000000000e+01 0.000000000000000000e+00 1.600000000000000089e+00 -6.205399999999999805e-02 -6.637410000000000254e-01 -7.453840000000000465e-01 1.730820000000000136e-01 7.283509999999999707e-01 -6.629829999999999890e-01 9.829510000000000192e-01 -1.701529999999999987e-01 6.968499999999999694e-02
3.000000000000000000e+00 3.100000000000000000e+01 1.200000000000000000e+01 0.000000000000000000e+00 1.600000000000000089e+00 2.439999999999999949e-04 -1.557999999999999923e-03 9.999989999999999712e-01 1.665900000000000020e-02 9.998599999999999710e-01 1.552999999999999910e-03 -9.998609999999999998e-01 1.665799999999999920e-02 2.700000000000000035e-04
1.100000000000000000e+01 3.100000000000000000e+01 1.200000000000000000e+01 0.000000000000000000e+00 1.600000000000000089e+00 2.490000000000000026e-03 3.706000000000000093e-03 9.999900000000000455e-01 1.062800000000000029e-02 9.999369999999999647e-01 -3.732000000000000074e-03 -9.999400000000000510e-01 1.063700000000000062e-02 2.449999999999999921e-03
1.900000000000000000e+01 3.100000000000000000e+01 1.200000000000000000e+01 0.000000000000000000e+00 1.600000000000000089e+00 -9.460000000000000093e-04 8.329999999999999731e-04 9.999989999999999712e-01 -7.500999999999999855e-03 9.999719999999999720e-01 -8.400000000000000348e-04 -9.999710000000000543e-01 -7.501999999999999988e-03 -9.389999999999999476e-04
2.800000000000000000e+01 3.100000000000000000e+01 1.200000000000000000e+01 0.000000000000000000e+00 1.600000000000000089e+00 -1.203999999999999992e-03 -2.647000000000000047e-03 9.999959999999999960e-01 -1.104499999999999926e-02 9.999360000000000470e-01 2.634000000000000057e-03 -9.999379999999999935e-01 -1.104199999999999973e-02 -1.232999999999999938e-03
1.600000000000000000e+01 3.500000000000000000e+01 1.200000000000000000e+01 0.000000000000000000e+00 1.600000000000000089e+00 7.277999999999999747e-03 -2.641399999999999998e-02 -9.996249999999999858e-01 5.373559999999999448e-01 -8.429489999999999483e-01 2.618600000000000094e-02 -8.433239999999999625e-01 -5.373440000000000438e-01 8.057999999999999191e-03
2.300000000000000000e+01 3.500000000000000000e+01 1.200000000000000000e+01 0.000000000000000000e+00 1.600000000000000089e+00 -8.930000000000000221e-04 8.390000000000000105e-04 -9.999989999999999712e-01 5.147680000000000033e-01 -8.573290000000000077e-01 -1.178999999999999927e-03 -8.573290000000000077e-01 -5.147680000000000033e-01 3.339999999999999870e-04
2.700000000000000000e+01 3.500000000000000000e+01 1.200000000000000000e+01 0.000000000000000000e+00 1.600000000000000089e+00 -1.479000000000000063e-03 -1.580000000000000024e-03 -9.999980000000000535e-01 4.994569999999999843e-01 -8.663389999999999702e-01 6.300000000000000261e-04 -8.663380000000000525e-01 -4.994549999999999823e-01 2.070999999999999924e-03
6.000000000000000000e+00 3.200000000000000000e+01 1.400000000000000000e+01 0.000000000000000000e+00 1.600000000000000089e+00 1.724000000000000055e-03 1.807999999999999928e-03 -9.999970000000000248e-01 1.266180000000000083e-01 9.919499999999999984e-01 2.011999999999999900e-03 9.919499999999999984e-01 -1.266210000000000113e-01 1.480999999999999895e-03
1.400000000000000000e+01 1.200000000000000000e+01 1.500000000000000000e+01 0.000000000000000000e+00 1.600000000000000089e+00 -4.142799999999999955e-02 -5.866500000000000187e-02 -9.974180000000000268e-01 -4.641730000000000023e-01 -8.828770000000000229e-01 7.120700000000000640e-02 -8.847749999999999782e-01 4.659249999999999781e-01 9.344999999999999141e-03
2.200000000000000000e+01 1.200000000000000000e+01 1.500000000000000000e+01 0.000000000000000000e+00 1.600000000000000089e+00 -1.749999999999999982e-04 6.936000000000000325e-03 -9.999759999999999760e-01 -4.700179999999999914e-01 -8.826359999999999761e-01 -6.040000000000000230e-03 -8.826570000000000249e-01 4.700059999999999794e-01 3.413999999999999934e-03
2.900000000000000000e+01 1.200000000000000000e+01 1.500000000000000000e+01 0.000000000000000000e+00 1.600000000000000089e+00 1.955999999999999839e-03 9.284999999999999851e-03 -9.999550000000000383e-01 -4.670509999999999939e-01 -8.841830000000000522e-01 -9.124000000000000166e-03 -8.842280000000000140e-01 4.670480000000000187e-01 2.608000000000000075e-03
2.100000000000000000e+01 1.100000000000000000e+01 1.600000000000000000e+01 0.000000000000000000e+00 1.600000000000000089e+00 -4.899999999999999842e-05 4.749999999999999882e-03 -9.999890000000000168e-01 -4.126639999999999753e-01 -9.108730000000000437e-01 -4.305999999999999932e-03 -9.108829999999999982e-01 4.126589999999999980e-01 2.004999999999999838e-03
8.000000000000000000e+00 1.160000000000000000e+02 1.600000000000000000e+01 0.000000000000000000e+00 1.600000000000000089e+00 5.385000000000000030e-03 6.236000000000000223e-03 9.999660000000000215e-01 6.857330000000000370e-01 7.278069999999999817e-01 -8.231999999999999734e-03 -7.278339999999999810e-01 6.857539999999999747e-01 -3.570000000000000040e-04
1.100000000000000000e+01 1.160000000000000000e+02 1.600000000000000000e+01 0.000000000000000000e+00 1.600000000000000089e+00 1.553500000000000020e-02 2.568399999999999850e-02 9.995490000000000208e-01 7.016250000000000542e-01 7.119480000000000253e-01 -2.919899999999999926e-02 -7.123770000000000380e-01 7.017619999999999969e-01 -6.961000000000000174e-03
1.700000000000000000e+01 1.160000000000000000e+02 1.600000000000000000e+01 0.000000000000000000e+00 1.600000000000000089e+00 2.786999999999999981e-03 4.320000000000000055e-03 9.999869999999999592e-01 7.565100000000000158e-01 6.539629999999999610e-01 -4.932999999999999885e-03 -6.539760000000000018e-01 7.565140000000000198e-01 -1.445000000000000104e-03
2.200000000000000000e+01 1.160000000000000000e+02 1.600000000000000000e+01 0.000000000000000000e+00 1.600000000000000089e+00 -8.599999999999999789e-04 -2.128999999999999816e-03 9.999970000000000248e-01 7.523239999999999927e-01 6.587899999999999867e-01 2.050000000000000173e-03 -6.587929999999999620e-01 7.523239999999999927e-01 1.036000000000000029e-03
2.900000000000000000e+01 1.160000000000000000e+02 1.600000000000000000e+01 0.000000000000000000e+00 1.600000000000000089e+00 -3.442999999999999880e-03 -2.809999999999999998e-04 9.999940000000000495e-01 7.019879999999999454e-01 7.121840000000000392e-01 2.616999999999999969e-03 -7.121800000000000352e-01 7.019929999999999781e-01 -2.255000000000000060e-03
3.000000000000000000e+00 2.000000000000000000e+00 1.900000000000000000e+01 0.000000000000000000e+00 1.600000000000000089e+00 6.689999999999999983e-04 -1.069299999999999938e-02 -9.999430000000000263e-01 1.614240000000000119e-01 -9.868280000000000385e-01 1.066100000000000034e-02 -9.868850000000000122e-01 -1.614210000000000089e-01 1.066000000000000107e-03
1.100000000000000000e+01 2.000000000000000000e+00 1.900000000000000000e+01 0.000000000000000000e+00 1.600000000000000089e+00 -1.354999999999999954e-02 3.486800000000000316e-02 -9.992999999999999661e-01 1.820460000000000134e-01 -9.826030000000000042e-01 -3.675400000000000195e-02 -9.831969999999999876e-01 -1.824159999999999948e-01 6.967000000000000103e-03
2.000000000000000000e+01 2.000000000000000000e+00 1.900000000000000000e+01 0.000000000000000000e+00 1.600000000000000089e+00 -5.249999999999999676e-04 1.609000000000000014e-02 -9.998700000000000365e-01 2.582550000000000123e-01 -9.659499999999999753e-01 -1.567999999999999949e-02 -9.660769999999999635e-01 -2.582300000000000151e-01 -3.648000000000000201e-03
2.300000000000000000e+01 2.000000000000000000e+00 1.900000000000000000e+01 0.000000000000000000e+00 1.600000000000000089e+00 3.905000000000000051e-03 1.803400000000000142e-02 -9.998299999999999965e-01 2.533969999999999834e-01 -9.672230000000000549e-01 -1.645599999999999841e-02 -9.673549999999999649e-01 -2.532889999999999864e-01 -8.347000000000000253e-03
2.900000000000000000e+01 2.000000000000000000e+00 1.900000000000000000e+01 0.000000000000000000e+00 1.600000000000000089e+00 4.245999999999999774e-03 1.466899999999999975e-02 -9.998829999999999663e-01 2.505470000000000197e-01 -9.680149999999999588e-01 -1.313800000000000037e-02 -9.680950000000000388e-01 -2.504620000000000180e-01 -7.786000000000000386e-03
2.600000000000000000e+01 4.000000000000000000e+00 2.000000000000000000e+01 0.000000000000000000e+00 1.600000000000000089e+00 6.400000000000000524e-04 5.786999999999999610e-03 -9.999829999999999552e-01 4.532010000000000205e-01 -8.913950000000000484e-01 -4.869000000000000064e-03 -8.914079999999999782e-01 -4.531899999999999817e-01 -3.193999999999999791e-03
3.000000000000000000e+00 1.300000000000000000e+01 2.000000000000000000e+01 0.000000000000000000e+00 1.600000000000000089e+00 8.890000000000000333e-04 4.877000000000000259e-03 9.999879999999999880e-01 2.618079999999999852e-01 9.651070000000000482e-01 -4.939999999999999947e-03 -9.651199999999999779e-01 2.618090000000000139e-01 -4.189999999999999931e-04
7.000000000000000000e+00 1.300000000000000000e+01 2.000000000000000000e+01 0.000000000000000000e+00 1.600000000000000089e+00 1.131999999999999977e-03 1.101300000000000022e-02 9.999390000000000223e-01 2.613739999999999952e-01 9.651760000000000339e-01 -1.092699999999999921e-02 -9.652370000000000116e-01 2.613710000000000200e-01 -1.786000000000000044e-03
1.400000000000000000e+01 1.300000000000000000e+01 2.000000000000000000e+01 0.000000000000000000e+00 1.600000000000000089e+00 3.899999999999999821e-03 5.888899999999999690e-02 9.982569999999999499e-01 2.602260000000000129e-01 9.638120000000000021e-01 -5.787400000000000183e-02 -9.655399999999999539e-01 2.599989999999999801e-01 -1.156599999999999989e-02
2.000000000000000000e+01 1.300000000000000000e+01 2.000000000000000000e+01 0.000000000000000000e+00 1.600000000000000089e+00 5.060000000000000478e-04 1.895999999999999899e-03 9.999980000000000535e-01 2.575830000000000064e-01 9.662539999999999463e-01 -1.962999999999999901e-03 -9.662560000000000038e-01 2.575830000000000064e-01 9.999999999999999547e-07
2.500000000000000000e+01 1.300000000000000000e+01 2.000000000000000000e+01 0.000000000000000000e+00 1.600000000000000089e+00 -6.179999999999999513e-04 5.583000000000000289e-03 9.999839999999999840e-01 2.587599999999999900e-01 9.659269999999999801e-01 -5.232999999999999804e-03 -9.659410000000000496e-01 2.587530000000000108e-01 -2.041999999999999978e-03
2.900000000000000000e+01 1.300000000000000000e+01 2.000000000000000000e+01 0.000000000000000000e+00 1.600000000000000089e+00 -1.269999999999999970e-04 2.125000000000000153e-03 9.999980000000000535e-01 2.618050000000000099e-01 9.651189999999999491e-01 -2.017999999999999829e-03 -9.651210000000000067e-01 2.618039999999999812e-01 -6.780000000000000002e-04
4.000000000000000000e+00 1.600000000000000000e+01 2.100000000000000000e+01 0.000000000000000000e+00 1.600000000000000089e+00 5.199999999999999680e-05 3.697999999999999898e-03 9.999930000000000208e-01 2.950829999999999842e-01 9.554650000000000087e-01 -3.547999999999999939e-03 -9.554719999999999880e-01 2.950809999999999822e-01 -1.041000000000000042e-03
7.000000000000000000e+00 1.600000000000000000e+01 2.100000000000000000e+01 0.000000000000000000e+00 1.600000000000000089e+00 1.129000000000000012e-03 1.022900000000000025e-02 9.999470000000000303e-01 2.948020000000000085e-01 9.555050000000000487e-01 -1.010699999999999966e-02 -9.555580000000000185e-01 2.947969999999999757e-01 -1.936999999999999920e-03
1.400000000000000000e+01 1.600000000000000000e+01 2.100000000000000000e+01 0.000000000000000000e+00 1.600000000000000089e+00 6.801999999999999887e-03 6.342299999999999327e-02 9.979630000000000445e-01 2.979419999999999846e-01 9.525310000000000166e-01 -6.256699999999999762e-02 -9.545599999999999641e-01 2.977609999999999979e-01 -1.241699999999999922e-02
1.900000000000000000e+01 1.600000000000000000e+01 2.100000000000000000e+01 0.000000000000000000e+00 1.600000000000000089e+00 3.620000000000000171e-04 3.745000000000000065e-03 9.999930000000000208e-01 2.997830000000000217e-01 9.539999999999999591e-01 -3.680999999999999810e-03 -9.540079999999999671e-01 2.997819999999999929e-01 -7.770000000000000214e-04
2.000000000000000000e+01 3.000000000000000000e+00 2.500000000000000000e+01 0.000000000000000000e+00 1.600000000000000089e+00 -2.500000000000000120e-05 4.760999999999999607e-03 9.999890000000000168e-01 -3.108299999999999952e-02 -9.995049999999999768e-01 4.758000000000000076e-03 9.995169999999999888e-01 -3.108199999999999852e-02 1.730000000000000038e-04
2.900000000000000000e+01 3.000000000000000000e+00 2.500000000000000000e+01 0.000000000000000000e+00 1.600000000000000089e+00 -8.963000000000000481e-03 -4.495999999999999996e-03 9.999500000000000055e-01 -3.856500000000000206e-02 -9.992440000000000211e-01 -4.838000000000000286e-03 9.992159999999999931e-01 -3.860700000000000243e-02 8.782999999999999141e-03
4.000000000000000000e+00 4.600000000000000000e+01 2.700000000000000000e+01 0.000000000000000000e+00 1.600000000000000089e+00 9.610000000000000486e-04 1.505999999999999960e-03 -9.999980000000000535e-01 6.874120000000000230e-01 7.262659999999999672e-01 1.755000000000000050e-03 7.262669999999999959e-01 -6.874130000000000518e-01 -3.370000000000000057e-04
6.000000000000000000e+00 5.800000000000000000e+01 3.100000000000000000e+01 0.000000000000000000e+00 1.600000000000000089e+00 9.680000000000000019e-04 -1.420999999999999954e-03 9.999989999999999712e-01 -7.972700000000000342e-01 -6.036230000000000206e-01 -8.600000000000000331e-05 6.036219999999999919e-01 -7.972690000000000055e-01 -1.716999999999999993e-03
1.100000000000000000e+01 5.800000000000000000e+01 3.100000000000000000e+01 0.000000000000000000e+00 1.600000000000000089e+00 2.007099999999999856e-02 3.830900000000000277e-02 9.990639999999999521e-01 -7.895799999999999486e-01 -6.123859999999999859e-01 3.934399999999999703e-02 6.133199999999999763e-01 -7.896300000000000541e-01 1.795700000000000074e-02
1.700000000000000000e+01 5.800000000000000000e+01 3.100000000000000000e+01 0.000000000000000000e+00 1.600000000000000089e+00 2.961999999999999789e-03 9.223000000000000295e-03 9.999529999999999808e-01 -7.707079999999999487e-01 -6.371369999999999534e-01 8.158999999999999586e-03 6.371820000000000261e-01 -7.706960000000000477e-01 5.220999999999999946e-03
2.200000000000000000e+01 5.800000000000000000e+01 3.100000000000000000e+01 0.000000000000000000e+00 1.600000000000000089e+00 -3.887999999999999963e-03 -1.897000000000000032e-03 9.999909999999999632e-01 -7.698859999999999593e-01 -6.381679999999999575e-01 -4.204000000000000271e-03 6.381700000000000150e-01 -7.698949999999999960e-01 1.020999999999999989e-03
2.000000000000000000e+00 4.600000000000000000e+01 3.500000000000000000e+01 0.000000000000000000e+00 1.600000000000000089e+00 6.899999999999999667e-04 1.242000000000000048e-03 -9.999989999999999712e-01 3.882599999999999940e-01 -9.215499999999999803e-01 -8.769999999999999584e-04 -9.215499999999999803e-01 -3.882579999999999920e-01 -1.118000000000000070e-03
1.100000000000000000e+01 4.600000000000000000e+01 3.500000000000000000e+01 0.000000000000000000e+00 1.600000000000000089e+00 -8.890000000000000333e-04 2.607599999999999849e-02 -9.996599999999999930e-01 3.899659999999999793e-01 -9.205069999999999641e-01 -2.435899999999999871e-02 -9.208290000000000086e-01 -3.898550000000000071e-01 -9.350999999999999937e-03
1.600000000000000000e+01 4.600000000000000000e+01 3.500000000000000000e+01 0.000000000000000000e+00 1.600000000000000089e+00 -8.009999999999999542e-04 1.406400000000000011e-02 -9.999010000000000398e-01 3.948940000000000228e-01 -9.186309999999999754e-01 -1.323700000000000050e-02 -9.187269999999999603e-01 -3.948650000000000215e-01 -4.818000000000000234e-03
1.900000000000000000e+01 4.600000000000000000e+01 3.500000000000000000e+01 0.000000000000000000e+00 1.600000000000000089e+00 -7.370000000000000249e-04 1.074000000000000085e-03 -9.999989999999999712e-01 3.948240000000000083e-01 -9.187560000000000171e-01 -1.278000000000000056e-03 -9.187560000000000171e-01 -3.948249999999999815e-01 2.530000000000000239e-04
2.300000000000000000e+01 4.600000000000000000e+01 3.500000000000000000e+01 0.000000000000000000e+00 1.600000000000000089e+00 -4.139999999999999800e-04 -1.505000000000000044e-03 -9.999989999999999712e-01 3.929250000000000242e-01 -9.195699999999999985e-01 1.221000000000000080e-03 -9.195710000000000273e-01 -3.929239999999999955e-01 9.719999999999999907e-04
2.600000000000000000e+01 4.600000000000000000e+01 3.500000000000000000e+01 0.000000000000000000e+00 1.600000000000000089e+00 8.399999999999999535e-05 -2.795000000000000175e-03 -9.999959999999999960e-01 3.924500000000000210e-01 -9.197689999999999477e-01 2.603999999999999978e-03 -9.197729999999999517e-01 -3.924489999999999923e-01 1.020000000000000073e-03
2.000000000000000000e+00 9.500000000000000000e+01 3.600000000000000000e+01 0.000000000000000000e+00 1.600000000000000089e+00 2.060000000000000199e-03 1.214100000000000075e-02 9.999240000000000350e-01 9.967549999999999466e-01 8.043200000000000349e-02 -3.030000000000000141e-03 -8.046300000000000674e-02 9.966859999999999609e-01 -1.193600000000000043e-02
1.700000000000000000e+01 9.500000000000000000e+01 3.600000000000000000e+01 0.000000000000000000e+00 1.600000000000000089e+00 6.666000000000000050e-03 5.559399999999999759e-02 9.984309999999999574e-01 9.971130000000000271e-01 7.514999999999999458e-02 -1.084199999999999921e-02 -7.563400000000000678e-02 9.956209999999999782e-01 -5.493200000000000166e-02
2.400000000000000000e+01 9.500000000000000000e+01 3.600000000000000000e+01 0.000000000000000000e+00 1.600000000000000089e+00 9.619999999999999645e-04 -7.422999999999999911e-03 9.999719999999999720e-01 9.971689999999999721e-01 7.519800000000000095e-02 -4.009999999999999893e-04 -7.519299999999999595e-02 9.971410000000000551e-01 7.474999999999999874e-03
1.400000000000000000e+01 3.000000000000000000e+00 4.300000000000000000e+01 0.000000000000000000e+00 1.600000000000000089e+00 3.157100000000000184e-02 1.759179999999999910e-01 -9.838980000000000503e-01 7.315450000000000008e-01 -6.748309999999999587e-01 -9.718400000000000649e-02 -6.810610000000000275e-01 -7.166979999999999462e-01 -1.499979999999999924e-01
2.000000000000000000e+00 2.900000000000000000e+01 4.400000000000000000e+01 0.000000000000000000e+00 1.600000000000000089e+00 -3.399999999999999811e-03 -3.668999999999999952e-03 -9.999869999999999592e-01 6.539690000000000225e-01 7.565049999999999830e-01 -4.998999999999999971e-03 7.565140000000000198e-01 -6.539779999999999482e-01 -1.730000000000000038e-04
8.000000000000000000e+00 2.900000000000000000e+01 4.400000000000000000e+01 0.000000000000000000e+00 1.600000000000000089e+00 2.410000000000000033e-04 4.494999999999999864e-03 -9.999900000000000455e-01 6.544900000000000162e-01 7.560620000000000118e-01 3.556000000000000133e-03 7.560710000000000486e-01 -6.544839999999999547e-01 -2.759999999999999867e-03
1.400000000000000000e+01 2.900000000000000000e+01 4.400000000000000000e+01 0.000000000000000000e+00 1.600000000000000089e+00 1.546499999999999958e-02 2.557900000000000104e-02 -9.995530000000000248e-01 6.495419999999999527e-01 7.597540000000000404e-01 2.949200000000000085e-02 7.601689999999999836e-01 -6.497079999999999522e-01 -4.865000000000000401e-03
2.000000000000000000e+01 2.900000000000000000e+01 4.400000000000000000e+01 0.000000000000000000e+00 1.600000000000000089e+00 2.298999999999999828e-03 2.209000000000000026e-03 -9.999949999999999672e-01 6.505549999999999944e-01 7.594530000000000447e-01 3.173000000000000039e-03 7.594560000000000199e-01 -6.505589999999999984e-01 3.089999999999999756e-04
2.200000000000000000e+01 2.900000000000000000e+01 4.400000000000000000e+01 0.000000000000000000e+00 1.600000000000000089e+00 1.139999999999999954e-03 1.660000000000000017e-03 -9.999980000000000535e-01 6.505300000000000527e-01 7.594779999999999864e-01 2.001999999999999873e-03 7.594790000000000152e-01 -6.505309999999999704e-01 -2.139999999999999975e-04
2.800000000000000000e+01 2.900000000000000000e+01 4.400000000000000000e+01 0.000000000000000000e+00 1.600000000000000089e+00 -3.902000000000000086e-03 -7.489999999999999913e-04 -9.999919999999999920e-01 6.466549999999999798e-01 7.627760000000000096e-01 -3.093999999999999962e-03 7.627730000000000343e-01 -6.466619999999999591e-01 -2.491999999999999858e-03
2.100000000000000000e+01 6.500000000000000000e+01 4.600000000000000000e+01 0.000000000000000000e+00 1.600000000000000089e+00 -2.509999999999999753e-04 -5.910000000000000539e-04 1.000000000000000000e+00 6.815830000000000499e-01 -7.317399999999999460e-01 -2.610000000000000015e-04 7.317399999999999460e-01 6.815830000000000499e-01 5.869999999999999567e-04
1.700000000000000000e+01 5.000000000000000000e+00 5.100000000000000000e+01 0.000000000000000000e+00 1.600000000000000089e+00 2.920999999999999985e-03 1.607499999999999901e-02 -9.998660000000000325e-01 4.833640000000000159e-01 -8.753279999999999950e-01 -1.266100000000000038e-02 -8.754140000000000255e-01 -4.832629999999999981e-01 -1.032699999999999937e-02
2.600000000000000000e+01 5.000000000000000000e+00 5.100000000000000000e+01 0.000000000000000000e+00 1.600000000000000089e+00 4.096999999999999947e-03 -2.252000000000000095e-03 -9.999890000000000168e-01 4.795679999999999943e-01 -8.774960000000000537e-01 3.941000000000000059e-03 -8.774950000000000250e-01 -4.795789999999999775e-01 -2.514999999999999875e-03
2.000000000000000000e+00 6.300000000000000000e+01 5.400000000000000000e+01 0.000000000000000000e+00 1.600000000000000089e+00 -7.699999999999999597e-04 4.289000000000000278e-03 9.999909999999999632e-01 -3.577139999999999764e-01 9.338210000000000122e-01 -4.281000000000000083e-03 -9.338309999999999667e-01 -3.577139999999999764e-01 8.149999999999999693e-04
5.000000000000000000e+00 6.300000000000000000e+01 5.400000000000000000e+01 0.000000000000000000e+00 1.600000000000000089e+00 -7.960000000000000495e-04 2.628000000000000128e-03 9.999959999999999960e-01 -3.568250000000000033e-01 9.341669999999999696e-01 -2.739000000000000115e-03 -9.341709999999999736e-01 -3.568250000000000033e-01 1.939999999999999993e-04
7.000000000000000000e+00 6.300000000000000000e+01 5.400000000000000000e+01 0.000000000000000000e+00 1.600000000000000089e+00 3.999999999999999819e-06 3.098000000000000059e-03 9.999949999999999672e-01 -3.552130000000000010e-01 9.347809999999999730e-01 -2.893999999999999871e-03 -9.347860000000000058e-01 -3.552109999999999990e-01 1.103999999999999947e-03
1.400000000000000000e+01 6.300000000000000000e+01 5.400000000000000000e+01 0.000000000000000000e+00 1.600000000000000089e+00 4.819999999999999632e-03 2.526199999999999973e-02 9.996690000000000298e-01 -3.510079999999999867e-01 9.361150000000000304e-01 -2.196400000000000088e-02 -9.363599999999999701e-01 -3.507859999999999867e-01 1.337900000000000027e-02
1.800000000000000000e+01 6.300000000000000000e+01 5.400000000000000000e+01 0.000000000000000000e+00 1.600000000000000089e+00 6.070000000000000092e-04 9.200000000000000007e-05 1.000000000000000000e+00 -3.475730000000000208e-01 9.376529999999999587e-01 1.240000000000000054e-04 -9.376529999999999587e-01 -3.475730000000000208e-01 6.009999999999999717e-04
2.400000000000000000e+01 6.300000000000000000e+01 5.400000000000000000e+01 0.000000000000000000e+00 1.600000000000000089e+00 -1.201999999999999943e-03 4.200999999999999873e-03 9.999900000000000455e-01 -3.412279999999999758e-01 9.399699999999999722e-01 -4.359000000000000027e-03 -9.399800000000000377e-01 -3.412299999999999778e-01 3.029999999999999924e-04
6.000000000000000000e+00 2.500000000000000000e+01 5.500000000000000000e+01 0.000000000000000000e+00 1.600000000000000089e+00 -4.189999999999999931e-04 2.199999999999999943e-05 -1.000000000000000000e+00 -1.207800000000000019e-02 -9.999270000000000103e-01 -1.699999999999999987e-05 -9.999270000000000103e-01 1.207800000000000019e-02 4.189999999999999931e-04
1.200000000000000000e+01 2.500000000000000000e+01 5.500000000000000000e+01 0.000000000000000000e+00 1.600000000000000089e+00 9.849999999999999815e-04 8.725999999999999382e-03 -9.999609999999999888e-01 -1.247000000000000018e-02 -9.998839999999999950e-01 -8.737999999999999240e-03 -9.999219999999999775e-01 1.247799999999999951e-02 -8.760000000000000425e-04
1.500000000000000000e+01 2.500000000000000000e+01 5.500000000000000000e+01 0.000000000000000000e+00 1.600000000000000089e+00 2.125999999999999852e-03 6.205999999999999711e-03 -9.999780000000000335e-01 -1.290999999999999960e-02 -9.998970000000000358e-01 -6.232999999999999825e-03 -9.999139999999999695e-01 1.292300000000000046e-02 -2.044999999999999943e-03
2.200000000000000000e+01 2.500000000000000000e+01 5.500000000000000000e+01 0.000000000000000000e+00 1.600000000000000089e+00 -3.240000000000000150e-04 1.060000000000000016e-04 -1.000000000000000000e+00 -1.187900000000000067e-02 -9.999289999999999567e-01 -1.019999999999999992e-04 -9.999289999999999567e-01 1.187900000000000067e-02 3.260000000000000094e-04
2.600000000000000000e+01 2.500000000000000000e+01 5.500000000000000000e+01 0.000000000000000000e+00 1.600000000000000089e+00 1.758000000000000014e-03 -2.260999999999999989e-03 -9.999959999999999960e-01 -1.175600000000000082e-02 -9.999280000000000390e-01 2.239999999999999804e-03 -9.999289999999999567e-01 1.175200000000000029e-02 -1.784999999999999911e-03
3.000000000000000000e+01 2.500000000000000000e+01 5.500000000000000000e+01 0.000000000000000000e+00 1.600000000000000089e+00 2.938000000000000073e-03 -2.194000000000000204e-03 -9.999930000000000208e-01 -1.297199999999999916e-02 -9.999139999999999695e-01 2.154999999999999798e-03 -9.999120000000000230e-01 1.296500000000000083e-02 -2.965999999999999887e-03
1.500000000000000000e+01 2.100000000000000000e+01 6.000000000000000000e+01 0.000000000000000000e+00 1.600000000000000089e+00 -3.011999999999999920e-03 3.575600000000000306e-02 9.993560000000000221e-01 -9.366800000000000126e-02 9.949569999999999803e-01 -3.588100000000000317e-02 -9.955990000000000117e-01 -9.371500000000000663e-02 3.530000000000000152e-04
2.400000000000000000e+01 2.100000000000000000e+01 6.000000000000000000e+01 0.000000000000000000e+00 1.600000000000000089e+00 9.330000000000000186e-04 -7.644999999999999886e-03 9.999700000000000255e-01 -9.450300000000000367e-02 9.954950000000000188e-01 7.699000000000000114e-03 -9.955239999999999645e-01 -9.450699999999999379e-02 2.059999999999999928e-04
2.900000000000000000e+01 6.700000000000000000e+01 6.000000000000000000e+01 0.000000000000000000e+00 1.600000000000000089e+00 -1.374999999999999920e-03 -1.766999999999999908e-03 9.999970000000000248e-01 1.747960000000000069e-01 -9.846030000000000060e-01 -1.500000000000000031e-03 9.846040000000000347e-01 1.747940000000000049e-01 1.662999999999999982e-03
1.700000000000000000e+01 3.000000000000000000e+00 6.300000000000000000e+01 0.000000000000000000e+00 1.600000000000000089e+00 9.439999999999999607e-04 2.377500000000000099e-02 9.997169999999999668e-01 -6.175530000000000186e-01 7.863210000000000477e-01 -1.811700000000000116e-02 -7.865290000000000337e-01 -6.173610000000000486e-01 1.542499999999999948e-02
2.100000000000000000e+01 3.000000000000000000e+00 6.300000000000000000e+01 0.000000000000000000e+00 1.600000000000000089e+00 9.359999999999999831e-04 4.683999999999999796e-03 9.999890000000000168e-01 -6.154910000000000103e-01 7.881380000000000052e-01 -3.115000000000000147e-03 -7.881430000000000380e-01 -6.154809999999999448e-01 3.619999999999999954e-03
5.000000000000000000e+00 2.700000000000000000e+01 6.300000000000000000e+01 0.000000000000000000e+00 1.600000000000000089e+00 -7.069999999999999462e-04 6.849000000000000053e-03 9.999759999999999760e-01 -2.908109999999999862e-01 9.567569999999999686e-01 -6.758000000000000118e-03 -9.567799999999999638e-01 -2.908089999999999842e-01 1.314999999999999980e-03
1.000000000000000000e+01 2.700000000000000000e+01 6.300000000000000000e+01 0.000000000000000000e+00 1.600000000000000089e+00 -3.148000000000000190e-03 2.619799999999999907e-02 9.996519999999999850e-01 -2.862319999999999864e-01 9.578069999999999640e-01 -2.600299999999999834e-02 -9.581549999999999789e-01 -2.862149999999999972e-01 4.483000000000000006e-03
1.600000000000000000e+01 2.700000000000000000e+01 6.300000000000000000e+01 0.000000000000000000e+00 1.600000000000000089e+00 -1.637999999999999916e-03 1.368300000000000072e-02 9.999050000000000438e-01 -2.801679999999999726e-01 9.598550000000000137e-01 -1.359400000000000018e-02 -9.599499999999999700e-01 -2.801640000000000241e-01 2.260999999999999989e-03
2.000000000000000000e+01 2.700000000000000000e+01 6.300000000000000000e+01 0.000000000000000000e+00 1.600000000000000089e+00 2.468000000000000142e-03 2.485999999999999929e-03 9.999940000000000495e-01 -2.774960000000000204e-01 9.607250000000000512e-01 -1.703000000000000087e-03 -9.607240000000000224e-01 -2.774900000000000144e-01 3.060999999999999919e-03
2.500000000000000000e+01 2.700000000000000000e+01 6.300000000000000000e+01 0.000000000000000000e+00 1.600000000000000089e+00 -6.499999999999999702e-04 6.920000000000000153e-04 1.000000000000000000e+00 -2.749429999999999930e-01 9.614599999999999813e-01 -8.440000000000000236e-04 -9.614599999999999813e-01 -2.749440000000000217e-01 -4.350000000000000026e-04
5.000000000000000000e+00 2.600000000000000000e+01 6.400000000000000000e+01 0.000000000000000000e+00 1.600000000000000089e+00 -1.160999999999999923e-03 9.221999999999999295e-03 9.999569999999999848e-01 -3.716960000000000264e-01 9.283109999999999973e-01 -8.992999999999999258e-03 -9.283540000000000125e-01 -3.716909999999999936e-01 2.350000000000000092e-03
9.000000000000000000e+00 2.600000000000000000e+01 6.400000000000000000e+01 0.000000000000000000e+00 1.600000000000000089e+00 -5.392000000000000091e-03 2.336399999999999935e-02 9.997120000000000450e-01 -3.685919999999999752e-01 9.292890000000000317e-01 -2.370600000000000138e-02 -9.295759999999999579e-01 -3.686139999999999972e-01 3.601000000000000034e-03
2.100000000000000000e+01 2.600000000000000000e+01 6.400000000000000000e+01 0.000000000000000000e+00 1.600000000000000089e+00 2.513000000000000043e-03 4.785000000000000191e-03 9.999850000000000128e-01 -3.659689999999999888e-01 9.306200000000000028e-01 -3.533000000000000116e-03 -9.306240000000000068e-01 -3.659549999999999748e-01 4.089999999999999886e-03
2.500000000000000000e+01 2.600000000000000000e+01 6.400000000000000000e+01 0.000000000000000000e+00 1.600000000000000089e+00 -3.480000000000000020e-04 1.235999999999999903e-03 9.999989999999999712e-01 -3.633589999999999876e-01 9.316480000000000317e-01 -1.278000000000000056e-03 -9.316489999999999494e-01 -3.633589999999999876e-01 1.250000000000000026e-04
2.800000000000000000e+01 2.600000000000000000e+01 6.400000000000000000e+01 0.000000000000000000e+00 1.600000000000000089e+00 -1.926999999999999894e-03 1.420000000000000092e-04 9.999980000000000535e-01 -3.652469999999999883e-01 9.309100000000000152e-01 -8.369999999999999619e-04 -9.309089999999999865e-01 -3.652480000000000171e-01 -1.742000000000000059e-03
1.900000000000000000e+01 6.900000000000000000e+01 6.600000000000000000e+01 0.000000000000000000e+00 1.600000000000000089e+00 1.020000000000000073e-03 3.972999999999999969e-03 9.999919999999999920e-01 -9.517189999999999817e-01 3.069709999999999939e-01 -2.489999999999999809e-04 -3.069689999999999919e-01 -9.517109999999999737e-01 4.094000000000000417e-03
2.400000000000000000e+01 6.900000000000000000e+01 6.600000000000000000e+01 0.000000000000000000e+00 1.600000000000000089e+00 1.185999999999999988e-03 5.213999999999999885e-03 9.999860000000000415e-01 -9.510260000000000380e-01 3.091099999999999959e-01 -4.840000000000000010e-04 -3.091079999999999939e-01 -9.510119999999999685e-01 5.324999999999999872e-03
8.000000000000000000e+00 2.500000000000000000e+01 7.300000000000000000e+01 0.000000000000000000e+00 1.600000000000000089e+00 6.747999999999999658e-03 6.909000000000000211e-03 9.999529999999999808e-01 7.571660000000000057e-01 -6.532219999999999693e-01 -5.969999999999999829e-04 6.531869999999999621e-01 7.571350000000000025e-01 -9.638999999999999999e-03
1.400000000000000000e+01 2.500000000000000000e+01 7.300000000000000000e+01 0.000000000000000000e+00 1.600000000000000089e+00 1.155600000000000030e-02 1.028500000000000074e-02 9.998799999999999910e-01 7.484790000000000054e-01 -6.631559999999999677e-01 -1.828999999999999897e-03 6.630580000000000362e-01 7.484100000000000197e-01 -1.536099999999999965e-02
2.100000000000000000e+01 2.500000000000000000e+01 7.300000000000000000e+01 0.000000000000000000e+00 1.600000000000000089e+00 -2.582999999999999793e-03 -6.449999999999999570e-04 9.999959999999999960e-01 7.449649999999999883e-01 -6.671010000000000550e-01 1.494000000000000102e-03 6.670979999999999688e-01 7.449670000000000458e-01 2.203999999999999796e-03
