1.900000000000000000e+01 2.500000000000000000e+01 1.000000000000000000e+00 0.000000000000000000e+00 1.600000000000000089e+00 1.621000000000000045e-03 -2.100000000000000087e-04 -9.999989999999999712e-01 -5.172020000000000506e-01 -8.558630000000000404e-01 -6.589999999999999721e-04 -8.558620000000000116e-01 5.172020000000000506e-01 -1.495999999999999934e-03
6.000000000000000000e+00 1.500000000000000000e+01 4.000000000000000000e+00 0.000000000000000000e+00 1.600000000000000089e+00 7.069999999999999462e-04 -3.469999999999999777e-04 1.000000000000000000e+00 3.105780000000000207e-01 -9.505479999999999485e-01 -5.500000000000000331e-04 9.505479999999999485e-01 3.105780000000000207e-01 -5.649999999999999641e-04
1.300000000000000000e+01 1.500000000000000000e+01 4.000000000000000000e+00 0.000000000000000000e+00 1.600000000000000089e+00 2.007999999999999802e-03 -4.500999999999999793e-03 9.999879999999999880e-01 3.109439999999999982e-01 -9.504160000000000386e-01 -4.902000000000000107e-03 9.504259999999999931e-01 3.109500000000000042e-01 -5.090000000000000123e-04
1.700000000000000000e+01 1.500000000000000000e+01 4.000000000000000000e+00 0.000000000000000000e+00 1.600000000000000089e+00 1.214999999999999934e-03 -1.039999999999999936e-04 9.999989999999999712e-01 3.106320000000000192e-01 -9.505299999999999860e-01 -4.760000000000000234e-04 9.505299999999999860e-01 3.106320000000000192e-01 -1.121999999999999950e-03
2.400000000000000000e+01 1.500000000000000000e+01 4.000000000000000000e+00 0.000000000000000000e+00 1.600000000000000089e+00 -3.150000000000000131e-04 6.131000000000000165e-03 9.999810000000000088e-01 3.135020000000000029e-01 -9.495689999999999964e-01 5.921000000000000048e-03 9.495879999999999876e-01 3.134979999999999989e-01 -1.623000000000000094e-03
5.000000000000000000e+00 1.010000000000000000e+02 7.000000000000000000e+00 0.000000000000000000e+00 1.600000000000000089e+00 -1.126000000000000048e-03 -3.324999999999999831e-03 9.999940000000000495e-01 8.913210000000000299e-01 4.533659999999999912e-01 2.511000000000000211e-03 -4.533719999999999972e-01 8.913180000000000547e-01 2.452999999999999885e-03
2.300000000000000000e+01 1.010000000000000000e+02 7.000000000000000000e+00 0.000000000000000000e+00 1.600000000000000089e+00 4.360000000000000269e-04 -2.390000000000000089e-04 1.000000000000000000e+00 8.863199999999999967e-01 4.630730000000000124e-01 -2.759999999999999867e-04 -4.630730000000000124e-01 8.863199999999999967e-01 4.139999999999999800e-04
2.700000000000000000e+01 1.010000000000000000e+02 7.000000000000000000e+00 0.000000000000000000e+00 1.600000000000000089e+00 3.494999999999999843e-03 9.820000000000000603e-03 9.999460000000000015e-01 8.872659999999999991e-01 4.611950000000000216e-01 -7.629999999999999630e-03 -4.612450000000000161e-01 8.872449999999999504e-01 -7.101999999999999806e-03
1.000000000000000000e+00 2.500000000000000000e+01 8.000000000000000000e+00 0.000000000000000000e+00 1.600000000000000089e+00 -1.033999999999999980e-03 3.420000000000000188e-04 -9.999989999999999712e-01 4.438469999999999915e-01 8.961029999999999829e-01 -1.520000000000000084e-04 8.961019999999999541e-01 -4.438469999999999915e-01 -1.077999999999999965e-03
5.000000000000000000e+00 2.500000000000000000e+01 8.000000000000000000e+00 0.000000000000000000e+00 1.600000000000000089e+00 -4.500000000000000283e-05 3.780000000000000265e-04 -1.000000000000000000e+00 4.434159999999999768e-01 8.963160000000000016e-01 3.190000000000000019e-04 8.963160000000000016e-01 -4.434150000000000036e-01 -2.079999999999999872e-04
1.200000000000000000e+01 2.500000000000000000e+01 8.000000000000000000e+00 0.000000000000000000e+00 1.600000000000000089e+00 1.789999999999999870e-04 -2.226999999999999813e-03 -9.999980000000000535e-01 4.451669999999999794e-01 8.954450000000000465e-01 -1.915000000000000036e-03 8.954469999999999930e-01 -4.451660000000000061e-01 1.152000000000000029e-03
1.500000000000000000e+01 2.500000000000000000e+01 8.000000000000000000e+00 0.000000000000000000e+00 1.600000000000000089e+00 -4.859999999999999954e-04 -7.476000000000000006e-03 -9.999719999999999720e-01 4.471640000000000059e-01 8.944260000000000543e-01 -6.904999999999999680e-03 8.944520000000000248e-01 -4.471539999999999959e-01 2.907999999999999995e-03
1.900000000000000000e+01 2.500000000000000000e+01 8.000000000000000000e+00 0.000000000000000000e+00 1.600000000000000089e+00 -2.099999999999999870e-03 -5.506999999999999743e-03 -9.999829999999999552e-01 4.481550000000000256e-01 8.939369999999999816e-01 -5.864000000000000289e-03 8.939540000000000264e-01 -4.481589999999999741e-01 5.910000000000000539e-04
2.300000000000000000e+01 2.500000000000000000e+01 8.000000000000000000e+00 0.000000000000000000e+00 1.600000000000000089e+00 -1.503999999999999912e-03 -6.650000000000000095e-04 -9.999989999999999712e-01 4.490890000000000160e-01 8.934860000000000024e-01 -1.270000000000000078e-03 8.934860000000000024e-01 -4.490899999999999892e-01 -1.044999999999999922e-03
2.000000000000000000e+00 2.400000000000000000e+01 9.000000000000000000e+00 0.000000000000000000e+00 1.600000000000000089e+00 -1.679999999999999907e-04 1.095000000000000053e-03 -9.999989999999999712e-01 4.492479999999999807e-01 8.934069999999999512e-01 9.020000000000000240e-04 8.934069999999999512e-01 -4.492479999999999807e-01 -6.419999999999999925e-04
8.000000000000000000e+00 2.400000000000000000e+01 9.000000000000000000e+00 0.000000000000000000e+00 1.600000000000000089e+00 1.240000000000000054e-04 2.126999999999999984e-03 -9.999980000000000535e-01 4.490569999999999840e-01 8.935009999999999897e-01 1.955999999999999839e-03 8.935030000000000472e-01 -4.490560000000000107e-01 -8.450000000000000479e-04
1.200000000000000000e+01 2.400000000000000000e+01 9.000000000000000000e+00 0.000000000000000000e+00 1.600000000000000089e+00 -2.439999999999999949e-04 -2.870999999999999854e-03 -9.999959999999999960e-01 4.507669999999999733e-01 8.926370000000000138e-01 -2.671999999999999896e-03 8.926410000000000178e-01 -4.507660000000000000e-01 1.075999999999999917e-03
1.500000000000000000e+01 2.400000000000000000e+01 9.000000000000000000e+00 0.000000000000000000e+00 1.600000000000000089e+00 -6.999999999999999929e-04 -7.706000000000000176e-03 -9.999700000000000255e-01 4.526160000000000183e-01 8.916770000000000529e-01 -7.189000000000000078e-03 8.917049999999999699e-01 -4.526069999999999816e-01 2.863999999999999792e-03
1.900000000000000000e+01 2.400000000000000000e+01 9.000000000000000000e+00 0.000000000000000000e+00 1.600000000000000089e+00 -1.760000000000000063e-03 -4.196000000000000077e-03 -9.999900000000000455e-01 4.536410000000000164e-01 8.911729999999999929e-01 -4.538000000000000367e-03 8.911829999999999474e-01 -4.536439999999999917e-01 3.350000000000000113e-04
2.400000000000000000e+01 2.400000000000000000e+01 9.000000000000000000e+00 0.000000000000000000e+00 1.600000000000000089e+00 -1.307999999999999918e-03 3.373999999999999829e-03 -9.999930000000000208e-01 4.547680000000000056e-01 8.906070000000000375e-01 2.409999999999999816e-03 8.906089999999999840e-01 -4.547610000000000263e-01 -2.699000000000000010e-03
2.100000000000000000e+01 3.100000000000000000e+01 1.200000000000000000e+01 0.000000000000000000e+00 1.600000000000000089e+00 1.910000000000000077e-04 -2.651000000000000145e-03 9.999959999999999960e-01 -7.050000000000000060e-04 9.999959999999999960e-01 2.651000000000000145e-03 -1.000000000000000000e+00 -7.060000000000000303e-04 1.890000000000000133e-04
6.000000000000000000e+00 3.000000000000000000e+00 1.300000000000000000e+01 0.000000000000000000e+00 1.600000000000000089e+00 2.637000000000000021e-03 1.344150000000000067e-01 9.909219999999999695e-01 -2.227799999999999919e-02 9.906869999999999843e-01 -1.343239999999999990e-01 -9.997479999999999700e-01 -2.172100000000000072e-02 5.607000000000000005e-03
1.600000000000000000e+01 3.200000000000000000e+01 1.400000000000000000e+01 0.000000000000000000e+00 1.600000000000000089e+00 1.990000000000000124e-04 -3.499999999999999693e-05 -1.000000000000000000e+00 1.084350000000000036e-01 9.941029999999999589e-01 -1.299999999999999920e-05 9.941029999999999589e-01 -1.084350000000000036e-01 2.020000000000000040e-04
2.700000000000000000e+01 3.200000000000000000e+01 1.400000000000000000e+01 0.000000000000000000e+00 1.600000000000000089e+00 1.910000000000000077e-04 5.150000000000000064e-03 -9.999869999999999592e-01 1.057529999999999998e-01 9.943790000000000129e-01 5.140999999999999737e-03 9.943920000000000536e-01 -1.057529999999999998e-01 -3.550000000000000096e-04
5.000000000000000000e+00 1.200000000000000000e+01 1.500000000000000000e+01 0.000000000000000000e+00 1.600000000000000089e+00 -3.579000000000000150e-03 -2.020999999999999793e-03 -9.999919999999999920e-01 -4.670520000000000227e-01 -8.842229999999999812e-01 3.458999999999999835e-03 -8.842229999999999812e-01 4.670599999999999752e-01 2.220000000000000185e-03
9.000000000000000000e+00 1.200000000000000000e+01 1.500000000000000000e+01 0.000000000000000000e+00 1.600000000000000089e+00 -1.227999999999999925e-03 -8.564999999999999697e-03 -9.999630000000000463e-01 -4.662899999999999823e-01 -8.845939999999999914e-01 8.149999999999999259e-03 -8.846309999999999452e-01 4.662830000000000030e-01 -2.907999999999999995e-03
1.300000000000000000e+01 1.200000000000000000e+01 1.500000000000000000e+01 0.000000000000000000e+00 1.600000000000000089e+00 -2.079999999999999818e-03 -5.834999999999999909e-03 -9.999810000000000088e-01 -4.671529999999999849e-01 -8.841550000000000242e-01 6.131000000000000165e-03 -8.841740000000000155e-01 4.671560000000000157e-01 -8.869999999999999846e-04
1.600000000000000000e+01 1.200000000000000000e+01 1.500000000000000000e+01 0.000000000000000000e+00 1.600000000000000089e+00 -1.203999999999999992e-03 3.280000000000000038e-04 -9.999989999999999712e-01 -4.707540000000000058e-01 -8.822649999999999659e-01 2.770000000000000110e-04 -8.822640000000000482e-01 4.707540000000000058e-01 1.216000000000000067e-03
2.000000000000000000e+01 1.200000000000000000e+01 1.500000000000000000e+01 0.000000000000000000e+00 1.600000000000000089e+00 -6.819999999999999890e-04 -2.455000000000000151e-03 -9.999970000000000248e-01 -4.724160000000000026e-01 -8.813720000000000443e-01 2.485999999999999929e-03 -8.813760000000000483e-01 4.724160000000000026e-01 -5.590000000000000351e-04
2.000000000000000000e+00 1.160000000000000000e+02 1.600000000000000000e+01 0.000000000000000000e+00 1.600000000000000089e+00 5.060000000000000478e-04 -2.468000000000000142e-03 9.999970000000000248e-01 7.252030000000000420e-01 6.885339999999999794e-01 1.332999999999999984e-03 -6.885350000000000081e-01 7.251999999999999558e-01 2.138000000000000143e-03
5.000000000000000000e+00 1.160000000000000000e+02 1.600000000000000000e+01 0.000000000000000000e+00 1.600000000000000089e+00 -6.660000000000000338e-04 -7.100000000000000191e-04 1.000000000000000000e+00 6.973190000000000222e-01 7.167609999999999815e-01 9.730000000000000151e-04 -7.167609999999999815e-01 6.973190000000000222e-01 1.800000000000000046e-05
2.200000000000000000e+01 1.160000000000000000e+02 1.600000000000000000e+01 0.000000000000000000e+00 1.600000000000000089e+00 4.889999999999999599e-04 2.416000000000000179e-03 9.999970000000000248e-01 6.948509999999999964e-01 7.191509999999999847e-01 -2.076999999999999853e-03 -7.191539999999999599e-01 6.948499999999999677e-01 -1.327000000000000055e-03
2.000000000000000000e+00 2.000000000000000000e+00 1.900000000000000000e+01 0.000000000000000000e+00 1.600000000000000089e+00 5.104000000000000030e-03 -1.232199999999999962e-02 -9.999109999999999943e-01 2.228060000000000040e-01 -9.747740000000000293e-01 1.314899999999999923e-02 -9.748489999999999656e-01 -2.228529999999999955e-01 -2.229000000000000078e-03
1.700000000000000000e+01 2.000000000000000000e+00 1.900000000000000000e+01 0.000000000000000000e+00 1.600000000000000089e+00 7.439999999999999782e-04 1.933999999999999955e-03 -9.999980000000000535e-01 1.901919999999999999e-01 -9.817449999999999788e-01 -1.757000000000000098e-03 -9.817470000000000363e-01 -1.901899999999999979e-01 -1.098000000000000018e-03
2.400000000000000000e+01 2.000000000000000000e+00 1.900000000000000000e+01 0.000000000000000000e+00 1.600000000000000089e+00 2.037000000000000182e-03 5.130000000000000011e-04 -9.999980000000000535e-01 1.910020000000000051e-01 -9.815899999999999626e-01 -1.140000000000000063e-04 -9.815880000000000161e-01 -1.910020000000000051e-01 -2.096999999999999906e-03
2.800000000000000000e+01 2.000000000000000000e+00 1.900000000000000000e+01 0.000000000000000000e+00 1.600000000000000089e+00 7.910000000000000364e-04 -4.034000000000000259e-03 -9.999919999999999920e-01 1.913009999999999988e-01 -9.815230000000000343e-01 4.111000000000000071e-03 -9.815310000000000423e-01 -1.913019999999999998e-01 -5.000000000000000409e-06
5.000000000000000000e+00 1.300000000000000000e+01 2.000000000000000000e+01 0.000000000000000000e+00 1.600000000000000089e+00 -1.097000000000000102e-03 3.818999999999999912e-03 9.999919999999999920e-01 2.630089999999999928e-01 9.647869999999999502e-01 -3.396000000000000147e-03 -9.647930000000000117e-01 2.630029999999999868e-01 -2.063000000000000164e-03
1.200000000000000000e+01 1.300000000000000000e+01 2.000000000000000000e+01 0.000000000000000000e+00 1.600000000000000089e+00 -1.269999999999999970e-04 -2.988000000000000204e-03 9.999959999999999960e-01 2.600390000000000201e-01 9.655939999999999523e-01 2.919000000000000154e-03 -9.655979999999999563e-01 2.600379999999999914e-01 6.539999999999999590e-04
1.800000000000000000e+01 1.300000000000000000e+01 2.000000000000000000e+01 0.000000000000000000e+00 1.600000000000000089e+00 -5.419999999999999471e-04 -3.527999999999999886e-03 9.999940000000000495e-01 2.609239999999999893e-01 9.653530000000000166e-01 3.546999999999999806e-03 -9.653589999999999671e-01 2.609250000000000180e-01 3.970000000000000005e-04
2.000000000000000000e+01 1.300000000000000000e+01 2.000000000000000000e+01 0.000000000000000000e+00 1.600000000000000089e+00 2.220000000000000022e-04 -1.098999999999999934e-03 9.999989999999999712e-01 2.608210000000000250e-01 9.653869999999999951e-01 1.002999999999999985e-03 -9.653869999999999951e-01 2.608210000000000250e-01 5.010000000000000347e-04
2.500000000000000000e+01 1.300000000000000000e+01 2.000000000000000000e+01 0.000000000000000000e+00 1.600000000000000089e+00 3.490000000000000263e-04 9.280000000000000054e-04 1.000000000000000000e+00 2.595439999999999969e-01 9.657310000000000061e-01 -9.870000000000000301e-04 -9.657310000000000061e-01 2.595439999999999969e-01 9.600000000000000243e-05
6.000000000000000000e+00 3.000000000000000000e+00 2.500000000000000000e+01 0.000000000000000000e+00 1.600000000000000089e+00 3.024000000000000212e-03 -3.370000000000000057e-04 9.999949999999999672e-01 -4.548300000000000259e-02 -9.989649999999999919e-01 -1.990000000000000124e-04 9.989609999999999879e-01 -4.548200000000000159e-02 -3.036000000000000070e-03
9.000000000000000000e+00 3.000000000000000000e+00 2.500000000000000000e+01 0.000000000000000000e+00 1.600000000000000089e+00 3.164000000000000146e-03 -2.829999999999999942e-04 9.999949999999999672e-01 -4.896500000000000158e-02 -9.988010000000000499e-01 -1.279999999999999942e-04 9.987960000000000171e-01 -4.896400000000000058e-02 -3.174000000000000172e-03
1.300000000000000000e+01 3.000000000000000000e+00 2.500000000000000000e+01 0.000000000000000000e+00 1.600000000000000089e+00 4.490000000000000176e-04 -4.243000000000000244e-03 9.999909999999999632e-01 -5.465300000000000019e-02 -9.984960000000000502e-01 -4.211999999999999598e-03 9.985049999999999759e-01 -5.465099999999999819e-02 -6.809999999999999647e-04
1.700000000000000000e+01 3.000000000000000000e+00 2.500000000000000000e+01 0.000000000000000000e+00 1.600000000000000089e+00 -8.850000000000000444e-04 2.639999999999999986e-03 9.999959999999999960e-01 -5.757999999999999924e-02 -9.983379999999999477e-01 2.583999999999999925e-03 9.983400000000000052e-01 -5.757700000000000318e-02 1.034999999999999896e-03
2.200000000000000000e+01 3.000000000000000000e+00 2.500000000000000000e+01 0.000000000000000000e+00 1.600000000000000089e+00 1.052999999999999900e-03 5.467999999999999770e-03 9.999850000000000128e-01 -5.866299999999999987e-02 -9.982630000000000114e-01 5.519999999999999733e-03 9.982769999999999699e-01 -5.866799999999999793e-02 -7.299999999999999632e-04
3.000000000000000000e+01 3.000000000000000000e+00 2.500000000000000000e+01 0.000000000000000000e+00 1.600000000000000089e+00 1.054000000000000032e-03 -8.748000000000000567e-03 9.999609999999999888e-01 -6.979899999999999993e-02 -9.975239999999999663e-01 -8.652999999999999234e-03 9.975610000000000310e-01 -6.978700000000000181e-02 -1.662000000000000066e-03
2.000000000000000000e+00 4.600000000000000000e+01 2.700000000000000000e+01 0.000000000000000000e+00 1.600000000000000089e+00 -8.030000000000000028e-04 2.358999999999999986e-03 -9.999970000000000248e-01 6.821420000000000261e-01 7.312189999999999523e-01 1.177000000000000095e-03 7.312189999999999523e-01 -6.821390000000000509e-01 -2.197000000000000168e-03
7.000000000000000000e+00 4.600000000000000000e+01 2.700000000000000000e+01 0.000000000000000000e+00 1.600000000000000089e+00 -1.140000000000000063e-04 -8.429999999999999993e-04 -1.000000000000000000e+00 6.794829999999999481e-01 7.336909999999999821e-01 -6.960000000000000041e-04 7.336909999999999821e-01 -6.794829999999999481e-01 4.889999999999999599e-04
1.700000000000000000e+01 4.600000000000000000e+01 2.700000000000000000e+01 0.000000000000000000e+00 1.600000000000000089e+00 -4.369999999999999970e-04 -5.100000000000000366e-04 -1.000000000000000000e+00 6.787549999999999972e-01 7.343640000000000168e-01 -6.710000000000000469e-04 7.343640000000000168e-01 -6.787560000000000260e-01 2.500000000000000120e-05
2.100000000000000000e+01 4.600000000000000000e+01 2.700000000000000000e+01 0.000000000000000000e+00 1.600000000000000089e+00 8.149999999999999693e-04 4.000000000000000327e-05 -1.000000000000000000e+00 6.782040000000000290e-01 7.348740000000000272e-01 5.829999999999999679e-04 7.348729999999999984e-01 -6.782040000000000290e-01 5.720000000000000258e-04
2.500000000000000000e+01 4.600000000000000000e+01 2.700000000000000000e+01 0.000000000000000000e+00 1.600000000000000089e+00 1.301000000000000073e-03 -6.040000000000000447e-04 -9.999989999999999712e-01 6.780420000000000336e-01 7.350229999999999819e-01 4.380000000000000213e-04 7.350219999999999532e-01 -6.780410000000000048e-01 1.366000000000000027e-03
2.000000000000000000e+00 4.600000000000000000e+01 3.000000000000000000e+01 0.000000000000000000e+00 1.600000000000000089e+00 -6.970000000000000284e-04 -9.539999999999999869e-04 -9.999989999999999712e-01 3.311560000000000059e-01 9.435750000000000526e-01 -1.131000000000000061e-03 9.435759999999999703e-01 -3.311560000000000059e-01 -3.420000000000000188e-04
1.100000000000000000e+01 4.600000000000000000e+01 3.000000000000000000e+01 0.000000000000000000e+00 1.600000000000000089e+00 1.320000000000000101e-04 -9.399999999999999719e-04 -1.000000000000000000e+00 3.317330000000000001e-01 9.433730000000000171e-01 -8.419999999999999750e-04 9.433730000000000171e-01 -3.317330000000000001e-01 4.360000000000000269e-04
1.000000000000000000e+00 5.800000000000000000e+01 3.100000000000000000e+01 0.000000000000000000e+00 1.600000000000000089e+00 2.148999999999999869e-03 -6.499999999999999431e-05 9.999980000000000535e-01 -8.153399999999999537e-01 -5.789800000000000502e-01 1.714999999999999945e-03 5.789779999999999927e-01 -8.153420000000000112e-01 -1.297999999999999892e-03
6.000000000000000000e+00 5.800000000000000000e+01 3.100000000000000000e+01 0.000000000000000000e+00 1.600000000000000089e+00 4.499999999999999877e-04 -5.666000000000000029e-03 9.999839999999999840e-01 -8.111559999999999881e-01 -5.848219999999999530e-01 -2.948999999999999799e-03 5.848290000000000433e-01 -8.111420000000000297e-01 -4.859999999999999737e-03
1.100000000000000000e+01 5.800000000000000000e+01 3.100000000000000000e+01 0.000000000000000000e+00 1.600000000000000089e+00 -2.526000000000000034e-03 -1.170000000000000033e-03 9.999959999999999960e-01 -8.092510000000000536e-01 -5.874559999999999782e-01 -2.730999999999999921e-03 5.874570000000000070e-01 -8.092549999999999466e-01 5.379999999999999583e-04
1.500000000000000000e+01 5.800000000000000000e+01 3.100000000000000000e+01 0.000000000000000000e+00 1.600000000000000089e+00 -2.638000000000000154e-03 -8.289999999999999843e-04 9.999959999999999960e-01 -8.102209999999999690e-01 -5.861189999999999456e-01 -2.622999999999999898e-03 5.861189999999999456e-01 -8.102249999999999730e-01 8.739999999999999939e-04
1.900000000000000000e+01 5.800000000000000000e+01 3.100000000000000000e+01 0.000000000000000000e+00 1.600000000000000089e+00 6.380000000000000037e-04 -3.039000000000000035e-03 9.999949999999999672e-01 -8.102190000000000225e-01 -5.861269999999999536e-01 -1.263999999999999933e-03 5.861279999999999824e-01 -8.102139999999999898e-01 -2.835999999999999979e-03
2.300000000000000000e+01 5.800000000000000000e+01 3.100000000000000000e+01 0.000000000000000000e+00 1.600000000000000089e+00 -2.040000000000000147e-03 -4.600000000000000139e-04 9.999980000000000535e-01 -8.101800000000000113e-01 -5.861779999999999768e-01 -1.923000000000000013e-03 5.861769999999999481e-01 -8.101829999999999865e-01 8.229999999999999469e-04
7.000000000000000000e+00 6.000000000000000000e+00 3.200000000000000000e+01 0.000000000000000000e+00 1.600000000000000089e+00 -1.659999999999999963e-04 -4.585999999999999799e-03 -9.999890000000000168e-01 9.998200000000000143e-02 9.949789999999999468e-01 -4.578999999999999737e-03 9.949890000000000123e-01 -9.998200000000000143e-02 2.930000000000000204e-04
2.000000000000000000e+00 5.900000000000000000e+01 3.200000000000000000e+01 0.000000000000000000e+00 1.600000000000000089e+00 2.848999999999999970e-03 -1.599999999999999928e-05 9.999959999999999960e-01 -7.245620000000000394e-01 -6.892070000000000141e-01 2.053000000000000137e-03 6.892040000000000388e-01 -7.245650000000000146e-01 -1.975000000000000193e-03
4.000000000000000000e+00 4.600000000000000000e+01 3.500000000000000000e+01 0.000000000000000000e+00 1.600000000000000089e+00 -1.312000000000000015e-03 4.259999999999999898e-03 -9.999900000000000455e-01 3.896519999999999984e-01 -9.209509999999999641e-01 -4.433999999999999574e-03 -9.209610000000000296e-01 -3.896540000000000004e-01 -4.519999999999999821e-04
1.200000000000000000e+01 4.600000000000000000e+01 3.500000000000000000e+01 0.000000000000000000e+00 1.600000000000000089e+00 -4.870000000000000197e-04 -2.455000000000000151e-03 -9.999970000000000248e-01 3.902470000000000105e-01 -9.207079999999999709e-01 2.069999999999999792e-03 -9.207100000000000284e-01 -3.902450000000000085e-01 1.405999999999999915e-03
1.800000000000000000e+01 4.600000000000000000e+01 3.500000000000000000e+01 0.000000000000000000e+00 1.600000000000000089e+00 1.369999999999999961e-04 1.958000000000000105e-03 -9.999980000000000535e-01 3.922539999999999916e-01 -9.198549999999999782e-01 -1.747999999999999988e-03 -9.198570000000000357e-01 -3.922530000000000183e-01 -8.940000000000000464e-04
2.400000000000000000e+01 4.600000000000000000e+01 3.500000000000000000e+01 0.000000000000000000e+00 1.600000000000000089e+00 -5.140000000000000254e-04 -9.970000000000000563e-04 -9.999989999999999712e-01 3.923630000000000173e-01 -9.198100000000000165e-01 7.150000000000000322e-04 -9.198100000000000165e-01 -3.923619999999999886e-01 8.639999999999999677e-04
3.000000000000000000e+01 4.600000000000000000e+01 3.500000000000000000e+01 0.000000000000000000e+00 1.600000000000000089e+00 7.089999999999999948e-04 -3.442999999999999880e-03 -9.999940000000000495e-01 3.911450000000000204e-01 -9.203219999999999734e-01 3.445999999999999844e-03 -9.203289999999999527e-01 -3.911450000000000204e-01 6.939999999999999555e-04
1.900000000000000000e+01 9.500000000000000000e+01 3.600000000000000000e+01 0.000000000000000000e+00 1.600000000000000089e+00 -8.109999999999999154e-03 -1.446000000000000020e-03 9.999660000000000215e-01 9.970750000000000446e-01 7.599499999999999311e-02 8.196000000000000160e-03 -7.600400000000000211e-02 9.971069999999999656e-01 8.249999999999999955e-04
2.500000000000000000e+01 9.500000000000000000e+01 3.600000000000000000e+01 0.000000000000000000e+00 1.600000000000000089e+00 1.899999999999999996e-03 -2.035000000000000003e-02 9.997909999999999853e-01 9.969810000000000061e-01 7.764799999999999480e-02 -3.139999999999999888e-04 -7.762499999999999956e-02 9.967730000000000201e-01 2.043700000000000030e-02
6.000000000000000000e+00 3.000000000000000000e+00 4.300000000000000000e+01 0.000000000000000000e+00 1.600000000000000089e+00 -2.275999999999999811e-03 2.582000000000000094e-03 -9.999940000000000495e-01 7.345220000000000082e-01 -6.785769999999999857e-01 -3.423999999999999960e-03 -6.785820000000000185e-01 -7.345249999999999835e-01 -3.519999999999999908e-04
1.200000000000000000e+01 3.000000000000000000e+00 4.300000000000000000e+01 0.000000000000000000e+00 1.600000000000000089e+00 2.481000000000000132e-03 -1.527500000000000038e-02 -9.998799999999999910e-01 7.319470000000000143e-01 -6.812519999999999687e-01 1.222400000000000049e-02 -6.813580000000000192e-01 -7.318890000000000118e-01 9.490999999999999437e-03
1.500000000000000000e+01 3.000000000000000000e+00 4.300000000000000000e+01 0.000000000000000000e+00 1.600000000000000089e+00 4.600000000000000004e-05 -8.038000000000000006e-03 -9.999679999999999680e-01 7.353990000000000249e-01 -6.776119999999999921e-01 5.480999999999999761e-03 -6.776339999999999586e-01 -7.353750000000000009e-01 5.879999999999999810e-03
1.900000000000000000e+01 3.000000000000000000e+00 4.300000000000000000e+01 0.000000000000000000e+00 1.600000000000000089e+00 -1.861000000000000024e-03 1.104499999999999926e-02 -9.999369999999999647e-01 7.352520000000000167e-01 -6.777360000000000051e-01 -8.854000000000000759e-03 -6.777910000000000323e-01 -7.352220000000000422e-01 -6.858999999999999646e-03
2.100000000000000000e+01 3.000000000000000000e+00 4.300000000000000000e+01 0.000000000000000000e+00 1.600000000000000089e+00 -4.260000000000000006e-04 7.657999999999999877e-03 -9.999710000000000543e-01 7.364319999999999755e-01 -6.764890000000000070e-01 -5.493999999999999752e-03 -6.765109999999999735e-01 -7.364129999999999843e-01 -5.351999999999999987e-03
2.600000000000000000e+01 3.000000000000000000e+00 4.300000000000000000e+01 0.000000000000000000e+00 1.600000000000000089e+00 1.968999999999999830e-03 7.079999999999999705e-04 -9.999980000000000535e-01 7.398630000000000484e-01 -6.727570000000000494e-01 9.810000000000001011e-04 -6.727549999999999919e-01 -7.398630000000000484e-01 -1.848000000000000033e-03
2.900000000000000000e+01 3.000000000000000000e+00 4.300000000000000000e+01 0.000000000000000000e+00 1.600000000000000089e+00 3.433999999999999986e-03 -9.535000000000000073e-03 -9.999489999999999768e-01 7.410229999999999873e-01 -6.714210000000000456e-01 8.946000000000000826e-03 -6.714710000000000401e-01 -7.410149999999999793e-01 4.760000000000000342e-03
3.000000000000000000e+00 8.000000000000000000e+00 4.400000000000000000e+01 0.000000000000000000e+00 1.600000000000000089e+00 -2.252999999999999794e-03 -3.853999999999999787e-03 9.999900000000000455e-01 -7.854700000000000015e-01 -6.188860000000000472e-01 -4.154999999999999839e-03 6.188960000000000017e-01 -7.854710000000000303e-01 -1.632999999999999903e-03
1.000000000000000000e+00 2.900000000000000000e+01 4.400000000000000000e+01 0.000000000000000000e+00 1.600000000000000089e+00 -1.293000000000000095e-03 2.337000000000000102e-03 -9.999959999999999960e-01 6.655649999999999622e-01 7.463389999999999747e-01 8.829999999999999958e-04 7.463379999999999459e-01 -6.655619999999999870e-01 -2.520999999999999804e-03
1.200000000000000000e+01 2.900000000000000000e+01 4.400000000000000000e+01 0.000000000000000000e+00 1.600000000000000089e+00 -2.629999999999999959e-04 -3.950000000000000061e-04 -1.000000000000000000e+00 6.678290000000000060e-01 7.443140000000000311e-01 -4.699999999999999859e-04 7.443149999999999489e-01 -6.678290000000000060e-01 6.799999999999999946e-05
1.800000000000000000e+01 2.900000000000000000e+01 4.400000000000000000e+01 0.000000000000000000e+00 1.600000000000000089e+00 2.484999999999999796e-03 -2.753999999999999938e-03 -9.999930000000000208e-01 6.752820000000000489e-01 7.375589999999999646e-01 -3.530000000000000152e-04 7.375549999999999606e-01 -6.752770000000000161e-01 3.693000000000000102e-03
2.100000000000000000e+01 2.900000000000000000e+01 4.400000000000000000e+01 0.000000000000000000e+00 1.600000000000000089e+00 1.252999999999999991e-03 -3.937999999999999660e-03 -9.999909999999999632e-01 6.719019999999999992e-01 7.406369999999999898e-01 -2.075000000000000022e-03 7.406390000000000473e-01 -6.718939999999999912e-01 3.573999999999999920e-03
2.700000000000000000e+01 2.900000000000000000e+01 4.400000000000000000e+01 0.000000000000000000e+00 1.600000000000000089e+00 -6.400000000000000524e-04 -4.825000000000000296e-03 -9.999879999999999880e-01 6.651679999999999815e-01 7.466819999999999569e-01 -4.028999999999999596e-03 7.466930000000000511e-01 -6.651629999999999487e-01 2.730999999999999921e-03
5.000000000000000000e+00 5.000000000000000000e+00 5.100000000000000000e+01 0.000000000000000000e+00 1.600000000000000089e+00 -4.739999999999999747e-04 -1.930000000000000021e-04 -1.000000000000000000e+00 4.863939999999999930e-01 -8.737399999999999611e-01 -6.099999999999999872e-05 -8.737399999999999611e-01 -4.863939999999999930e-01 5.079999999999999880e-04
1.500000000000000000e+01 5.000000000000000000e+00 5.100000000000000000e+01 0.000000000000000000e+00 1.600000000000000089e+00 -1.108999999999999960e-03 -2.533999999999999794e-03 -9.999959999999999960e-01 4.835820000000000118e-01 -8.752980000000000205e-01 1.681999999999999901e-03 -8.752980000000000205e-01 -4.835780000000000078e-01 2.196000000000000035e-03
2.300000000000000000e+01 5.000000000000000000e+00 5.100000000000000000e+01 0.000000000000000000e+00 1.600000000000000089e+00 7.560000000000000530e-04 1.110000000000000092e-03 -9.999989999999999712e-01 4.862810000000000188e-01 -8.738019999999999676e-01 -6.019999999999999961e-04 -8.738019999999999676e-01 -4.862799999999999900e-01 -1.199999999999999895e-03
2.800000000000000000e+01 5.000000000000000000e+00 5.100000000000000000e+01 0.000000000000000000e+00 1.600000000000000089e+00 -7.050000000000000060e-04 -1.670999999999999959e-03 -9.999980000000000535e-01 4.833720000000000239e-01 -8.754140000000000255e-01 1.121999999999999950e-03 -8.754150000000000542e-01 -4.833700000000000219e-01 1.425999999999999967e-03
8.000000000000000000e+00 6.000000000000000000e+00 5.100000000000000000e+01 0.000000000000000000e+00 1.600000000000000089e+00 5.580000000000000107e-04 -2.620000000000000258e-04 -1.000000000000000000e+00 3.198520000000000252e-01 -9.474669999999999481e-01 4.260000000000000006e-04 -9.474669999999999481e-01 -3.198529999999999984e-01 -4.449999999999999746e-04
1.000000000000000000e+01 1.600000000000000000e+01 5.200000000000000000e+01 0.000000000000000000e+00 1.600000000000000089e+00 -1.640799999999999897e-02 -1.592700000000000018e-02 -9.997380000000000155e-01 7.812700000000000200e-01 6.237780000000000546e-01 -2.276099999999999998e-02 6.239770000000000039e-01 -7.814389999999999947e-01 2.207999999999999893e-03
1.200000000000000000e+01 1.600000000000000000e+01 5.200000000000000000e+01 0.000000000000000000e+00 1.600000000000000089e+00 -1.545799999999999952e-02 -2.322899999999999965e-02 -9.996110000000000273e-01 7.902949999999999697e-01 6.121560000000000334e-01 -2.644699999999999829e-02 6.125319999999999654e-01 -7.903959999999999875e-01 8.895000000000000129e-03
1.100000000000000000e+01 6.300000000000000000e+01 5.400000000000000000e+01 0.000000000000000000e+00 1.600000000000000089e+00 -4.949999999999999973e-04 -1.778000000000000067e-03 9.999980000000000535e-01 -3.475880000000000081e-01 9.376459999999999795e-01 1.495000000000000018e-03 -9.376470000000000082e-01 -3.475860000000000061e-01 -1.082000000000000062e-03
1.600000000000000000e+01 6.300000000000000000e+01 5.400000000000000000e+01 0.000000000000000000e+00 1.600000000000000089e+00 1.123000000000000083e-03 -4.510000000000000120e-04 9.999989999999999712e-01 -3.416620000000000212e-01 9.398229999999999640e-01 8.080000000000000160e-04 -9.398220000000000462e-01 -3.416620000000000212e-01 9.009999999999999997e-04
2.100000000000000000e+01 6.300000000000000000e+01 5.400000000000000000e+01 0.000000000000000000e+00 1.600000000000000089e+00 2.349999999999999930e-04 4.829999999999999767e-04 1.000000000000000000e+00 -3.456830000000000180e-01 9.383510000000000462e-01 -3.719999999999999891e-04 -9.383510000000000462e-01 -3.456830000000000180e-01 3.869999999999999742e-04
2.600000000000000000e+01 6.300000000000000000e+01 5.400000000000000000e+01 0.000000000000000000e+00 1.600000000000000089e+00 -3.240000000000000150e-04 1.758000000000000014e-03 9.999980000000000535e-01 -3.499920000000000253e-01 9.367510000000000003e-01 -1.760000000000000063e-03 -9.367529999999999468e-01 -3.499920000000000253e-01 3.119999999999999944e-04
3.000000000000000000e+00 2.500000000000000000e+01 5.500000000000000000e+01 0.000000000000000000e+00 1.600000000000000089e+00 1.652999999999999955e-03 3.598000000000000070e-03 -9.999919999999999920e-01 -1.178300000000000007e-02 -9.999240000000000350e-01 -3.618000000000000122e-03 -9.999289999999999567e-01 1.178900000000000087e-02 -1.610000000000000103e-03
1.900000000000000000e+01 2.500000000000000000e+01 5.500000000000000000e+01 0.000000000000000000e+00 1.600000000000000089e+00 1.240999999999999916e-03 2.066999999999999827e-03 -9.999970000000000248e-01 -8.661000000000000296e-03 -9.999599999999999600e-01 -2.077999999999999986e-03 -9.999620000000000175e-01 8.663999999999999826e-03 -1.222999999999999912e-03
1.700000000000000000e+01 6.800000000000000000e+01 5.700000000000000000e+01 0.000000000000000000e+00 1.600000000000000089e+00 6.040000000000000447e-04 3.627000000000000016e-03 -9.999930000000000208e-01 -2.426560000000000106e-01 -9.701060000000000239e-01 -3.664999999999999855e-03 -9.701119999999999743e-01 2.426560000000000106e-01 2.939999999999999905e-04
2.300000000000000000e+01 2.000000000000000000e+01 6.000000000000000000e+01 0.000000000000000000e+00 1.600000000000000089e+00 8.732999999999999444e-03 -1.757900000000000088e-02 9.998070000000000013e-01 -6.167600000000000166e-02 9.979320000000000412e-01 1.808500000000000038e-02 -9.980580000000000007e-01 -6.182200000000000195e-02 7.630999999999999762e-03
5.000000000000000000e+00 2.100000000000000000e+01 6.000000000000000000e+01 0.000000000000000000e+00 1.600000000000000089e+00 -8.570000000000000144e-04 5.509999999999999490e-04 9.999989999999999712e-01 -9.765500000000000569e-02 9.952199999999999935e-01 -6.319999999999999663e-04 -9.952199999999999935e-01 -9.765600000000000669e-02 -7.990000000000000140e-04
1.000000000000000000e+01 2.100000000000000000e+01 6.000000000000000000e+01 0.000000000000000000e+00 1.600000000000000089e+00 -2.935000000000000109e-03 -2.073000000000000190e-03 9.999940000000000495e-01 -9.673099999999999754e-02 9.953089999999999993e-01 1.779999999999999898e-03 -9.953060000000000240e-01 -9.672500000000000542e-02 -3.122000000000000209e-03
1.000000000000000000e+00 6.000000000000000000e+00 6.100000000000000000e+01 0.000000000000000000e+00 1.600000000000000089e+00 1.075000000000000001e-03 5.643999999999999712e-03 9.999839999999999840e-01 5.688590000000000035e-01 -8.224249999999999616e-01 4.029999999999999728e-03 8.224339999999999984e-01 5.688450000000000450e-01 -4.094999999999999682e-03
1.500000000000000000e+01 6.000000000000000000e+00 6.100000000000000000e+01 0.000000000000000000e+00 1.600000000000000089e+00 2.877999999999999916e-03 -6.568000000000000053e-03 9.999740000000000295e-01 5.688739999999999908e-01 -8.223949999999999871e-01 -7.039000000000000118e-03 8.224200000000000399e-01 5.688790000000000235e-01 1.368999999999999991e-03
3.000000000000000000e+00 3.000000000000000000e+00 6.300000000000000000e+01 0.000000000000000000e+00 1.600000000000000089e+00 -2.183000000000000045e-03 2.177999999999999815e-03 9.999949999999999672e-01 -6.136350000000000415e-01 7.895839999999999526e-01 -3.059000000000000087e-03 -7.895870000000000388e-01 -6.136390000000000455e-01 -3.869999999999999742e-04
2.300000000000000000e+01 3.000000000000000000e+00 6.300000000000000000e+01 0.000000000000000000e+00 1.600000000000000089e+00 1.278999999999999972e-03 -2.039000000000000014e-03 9.999970000000000248e-01 -6.167559999999999709e-01 7.871510000000000451e-01 2.393999999999999861e-03 -7.871529999999999916e-01 -6.167580000000000284e-01 -2.500000000000000052e-04
5.000000000000000000e+00 2.700000000000000000e+01 6.300000000000000000e+01 0.000000000000000000e+00 1.600000000000000089e+00 -1.154999999999999994e-03 4.690000000000000158e-04 9.999989999999999712e-01 -2.699219999999999953e-01 9.628820000000000157e-01 -7.640000000000000306e-04 -9.628820000000000157e-01 -2.699219999999999953e-01 -9.849999999999999815e-04
1.000000000000000000e+01 2.700000000000000000e+01 6.300000000000000000e+01 0.000000000000000000e+00 1.600000000000000089e+00 -2.478000000000000168e-03 -4.185000000000000352e-03 9.999879999999999880e-01 -2.708740000000000037e-01 9.626090000000000479e-01 3.357000000000000175e-03 -9.626120000000000232e-01 -2.708619999999999917e-01 -3.518999999999999993e-03
1.400000000000000000e+01 2.700000000000000000e+01 6.300000000000000000e+01 0.000000000000000000e+00 1.600000000000000089e+00 -3.229999999999999907e-04 -5.869999999999999567e-04 1.000000000000000000e+00 -2.737169999999999881e-01 9.618100000000000538e-01 4.769999999999999934e-04 -9.618100000000000538e-01 -2.737169999999999881e-01 -4.719999999999999803e-04
2.000000000000000000e+01 2.700000000000000000e+01 6.300000000000000000e+01 0.000000000000000000e+00 1.600000000000000089e+00 -3.759999999999999779e-04 7.086000000000000285e-03 9.999749999999999472e-01 -2.704239999999999977e-01 9.627170000000000449e-01 -6.923999999999999599e-03 -9.627409999999999579e-01 -2.704190000000000205e-01 1.554000000000000043e-03
2.700000000000000000e+01 2.700000000000000000e+01 6.300000000000000000e+01 0.000000000000000000e+00 1.600000000000000089e+00 6.095999999999999856e-03 7.339999999999999520e-04 9.999810000000000088e-01 -2.838829999999999965e-01 9.588579999999999881e-01 1.026999999999999918e-03 -9.588400000000000256e-01 -2.838840000000000252e-01 6.054000000000000353e-03
3.000000000000000000e+01 2.700000000000000000e+01 6.300000000000000000e+01 0.000000000000000000e+00 1.600000000000000089e+00 7.908999999999999364e-03 1.013000000000000012e-03 9.999679999999999680e-01 -2.897609999999999908e-01 9.570980000000000043e-01 1.322000000000000041e-03 -9.570659999999999723e-01 -2.897629999999999928e-01 7.863000000000000198e-03
2.000000000000000000e+00 2.600000000000000000e+01 6.400000000000000000e+01 0.000000000000000000e+00 1.600000000000000089e+00 -1.700000000000000122e-04 -1.984000000000000086e-03 9.999980000000000535e-01 -3.545599999999999863e-01 9.350309999999999455e-01 1.794999999999999938e-03 -9.350330000000000030e-01 -3.545590000000000130e-01 -8.630000000000000518e-04
1.000000000000000000e+01 2.600000000000000000e+01 6.400000000000000000e+01 0.000000000000000000e+00 1.600000000000000089e+00 -1.918000000000000000e-03 -3.400999999999999943e-03 9.999919999999999920e-01 -3.549990000000000090e-01 9.348629999999999995e-01 2.498999999999999919e-03 -9.348649999999999460e-01 -3.549910000000000010e-01 -3.000000000000000062e-03
1.500000000000000000e+01 2.600000000000000000e+01 6.400000000000000000e+01 0.000000000000000000e+00 1.600000000000000089e+00 3.750000000000000078e-04 1.003999999999999901e-03 9.999989999999999712e-01 -3.573549999999999782e-01 9.339680000000000204e-01 -8.040000000000000271e-04 -9.339690000000000492e-01 -3.573540000000000050e-01 7.089999999999999948e-04
