9.000000000000000000e+00 2.500000000000000000e+01 1.000000000000000000e+00 0.000000000000000000e+00 1.600000000000000089e+00 1.075999999999999917e-03 -1.129000000000000012e-03 -9.999989999999999712e-01 -5.272860000000000325e-01 -8.496879999999999988e-01 3.919999999999999873e-04 -8.496869999999999701e-01 5.272850000000000037e-01 -1.510000000000000057e-03
2.800000000000000000e+01 2.500000000000000000e+01 1.000000000000000000e+00 0.000000000000000000e+00 1.600000000000000089e+00 2.599999999999999772e-04 -1.772999999999999923e-02 -9.998430000000000373e-01 -5.263600000000000501e-01 -8.501300000000000523e-01 1.493799999999999989e-02 -8.502619999999999623e-01 5.262729999999999908e-01 -9.553000000000000727e-03
4.000000000000000000e+00 1.500000000000000000e+01 4.000000000000000000e+00 0.000000000000000000e+00 1.600000000000000089e+00 -6.700000000000000226e-04 3.223999999999999869e-03 9.999949999999999672e-01 3.298010000000000108e-01 -9.440450000000000230e-01 3.265000000000000107e-03 9.440499999999999448e-01 3.298010000000000108e-01 -4.310000000000000137e-04
1.000000000000000000e+01 1.500000000000000000e+01 4.000000000000000000e+00 0.000000000000000000e+00 1.600000000000000089e+00 6.269999999999999532e-04 1.100000000000000039e-04 1.000000000000000000e+00 3.283079999999999887e-01 -9.445710000000000495e-01 -1.019999999999999992e-04 9.445710000000000495e-01 3.283079999999999887e-01 -6.290000000000000018e-04
1.300000000000000000e+01 1.500000000000000000e+01 4.000000000000000000e+00 0.000000000000000000e+00 1.600000000000000089e+00 -6.319999999999999663e-04 3.429000000000000190e-03 9.999940000000000495e-01 3.286180000000000212e-01 -9.444569999999999910e-01 3.445999999999999844e-03 9.444630000000000525e-01 3.286180000000000212e-01 -5.299999999999999807e-04
1.900000000000000000e+01 1.500000000000000000e+01 4.000000000000000000e+00 0.000000000000000000e+00 1.600000000000000089e+00 -8.520000000000000013e-04 4.939999999999999730e-04 1.000000000000000000e+00 3.234870000000000245e-01 -9.462319999999999620e-01 7.429999999999999539e-04 9.462319999999999620e-01 3.234879999999999978e-01 6.470000000000000057e-04
2.400000000000000000e+01 1.500000000000000000e+01 4.000000000000000000e+00 0.000000000000000000e+00 1.600000000000000089e+00 -2.429999999999999977e-04 4.624999999999999771e-03 9.999890000000000168e-01 3.232570000000000165e-01 -9.463009999999999478e-01 4.454999999999999759e-03 9.463110000000000133e-01 3.232539999999999858e-01 -1.265000000000000065e-03
2.900000000000000000e+01 1.500000000000000000e+01 4.000000000000000000e+00 0.000000000000000000e+00 1.600000000000000089e+00 -7.020000000000000415e-04 2.995999999999999965e-03 9.999949999999999672e-01 3.215609999999999857e-01 -9.468839999999999479e-01 3.063000000000000184e-03 9.468889999999999807e-01 3.215620000000000145e-01 -2.990000000000000036e-04
6.000000000000000000e+00 1.010000000000000000e+02 7.000000000000000000e+00 0.000000000000000000e+00 1.600000000000000089e+00 2.513599999999999862e-02 -6.839599999999999846e-02 9.973419999999999508e-01 8.804750000000000076e-01 4.739800000000000124e-01 1.031400000000000025e-02 -4.734249999999999847e-01 8.778749999999999609e-01 7.213500000000000467e-02
2.200000000000000000e+01 1.010000000000000000e+02 7.000000000000000000e+00 0.000000000000000000e+00 1.600000000000000089e+00 1.724000000000000055e-03 -8.220000000000000310e-04 9.999980000000000535e-01 8.858070000000000110e-01 4.640529999999999933e-01 -1.144999999999999967e-03 -4.640509999999999913e-01 8.858070000000000110e-01 1.528000000000000061e-03
2.600000000000000000e+01 1.010000000000000000e+02 7.000000000000000000e+00 0.000000000000000000e+00 1.600000000000000089e+00 6.122999999999999970e-03 -1.556800000000000024e-02 9.998599999999999710e-01 8.904290000000000260e-01 4.551180000000000225e-01 1.632999999999999903e-03 -4.550799999999999845e-01 8.902949999999999475e-01 1.664900000000000060e-02
2.000000000000000000e+00 2.500000000000000000e+01 8.000000000000000000e+00 0.000000000000000000e+00 1.600000000000000089e+00 4.889999999999999599e-04 -5.373000000000000172e-03 -9.999850000000000128e-01 4.519270000000000231e-01 8.920430000000000303e-01 -4.571999999999999675e-03 8.920550000000000423e-01 -4.519179999999999864e-01 2.864999999999999925e-03
5.000000000000000000e+00 2.500000000000000000e+01 8.000000000000000000e+00 0.000000000000000000e+00 1.600000000000000089e+00 -2.349999999999999930e-04 -3.550000000000000204e-03 -9.999940000000000495e-01 4.528949999999999920e-01 8.915579999999999616e-01 -3.271000000000000036e-03 8.915640000000000231e-01 -4.528929999999999900e-01 1.397999999999999937e-03
8.000000000000000000e+00 2.500000000000000000e+01 8.000000000000000000e+00 0.000000000000000000e+00 1.600000000000000089e+00 -5.559999999999999621e-04 -3.758000000000000056e-03 -9.999930000000000208e-01 4.532939999999999747e-01 8.913539999999999797e-01 -3.602000000000000167e-03 8.913609999999999589e-01 -4.532930000000000015e-01 1.208000000000000089e-03
1.700000000000000000e+01 2.500000000000000000e+01 8.000000000000000000e+00 0.000000000000000000e+00 1.600000000000000089e+00 -2.072000000000000057e-03 4.493999999999999731e-03 -9.999879999999999880e-01 4.517149999999999777e-01 8.921569999999999778e-01 3.073999999999999910e-03 8.921599999999999531e-01 -4.517030000000000212e-01 -3.877999999999999937e-03
2.100000000000000000e+01 2.500000000000000000e+01 8.000000000000000000e+00 0.000000000000000000e+00 1.600000000000000089e+00 -2.942000000000000171e-03 2.451000000000000054e-03 -9.999930000000000208e-01 4.490430000000000255e-01 8.935100000000000264e-01 8.689999999999999808e-04 8.935049999999999937e-01 -4.490370000000000195e-01 -3.729999999999999809e-03
2.500000000000000000e+01 2.500000000000000000e+01 8.000000000000000000e+00 0.000000000000000000e+00 1.600000000000000089e+00 -1.443999999999999971e-03 -5.252999999999999857e-03 -9.999850000000000128e-01 4.482590000000000185e-01 8.938880000000000159e-01 -5.342999999999999659e-03 8.939019999999999744e-01 -4.482599999999999918e-01 1.064000000000000059e-03
2.000000000000000000e+00 2.400000000000000000e+01 9.000000000000000000e+00 0.000000000000000000e+00 1.600000000000000089e+00 1.700000000000000122e-04 -6.910999999999999609e-03 -9.999759999999999760e-01 4.539630000000000054e-01 8.910000000000000142e-01 -6.080999999999999600e-03 8.910209999999999519e-01 -4.539509999999999934e-01 3.288999999999999823e-03
5.000000000000000000e+00 2.400000000000000000e+01 9.000000000000000000e+00 0.000000000000000000e+00 1.600000000000000089e+00 -4.569999999999999952e-04 -3.654999999999999829e-03 -9.999930000000000208e-01 4.549170000000000158e-01 8.905269999999999575e-01 -3.462999999999999932e-03 8.905340000000000478e-01 -4.549150000000000138e-01 1.255000000000000039e-03
9.000000000000000000e+00 2.400000000000000000e+01 9.000000000000000000e+00 0.000000000000000000e+00 1.600000000000000089e+00 -7.029999999999999574e-04 -3.884999999999999998e-03 -9.999919999999999920e-01 4.559099999999999819e-01 8.900179999999999758e-01 -3.778000000000000108e-03 8.900259999999999838e-01 -4.559090000000000087e-01 1.144999999999999967e-03
1.600000000000000000e+01 2.400000000000000000e+01 9.000000000000000000e+00 0.000000000000000000e+00 1.600000000000000089e+00 -1.435999999999999993e-03 4.503000000000000058e-03 -9.999890000000000168e-01 4.567840000000000233e-01 8.895710000000000006e-01 3.350000000000000113e-03 8.895760000000000334e-01 -4.567740000000000133e-01 -3.334000000000000158e-03
2.300000000000000000e+01 2.400000000000000000e+01 9.000000000000000000e+00 0.000000000000000000e+00 1.600000000000000089e+00 -1.319000000000000077e-03 -1.466999999999999988e-03 -9.999980000000000535e-01 4.525330000000000186e-01 8.917460000000000386e-01 -1.905000000000000009e-03 8.917469999999999564e-01 -4.525339999999999918e-01 -5.130000000000000011e-04
2.500000000000000000e+01 2.400000000000000000e+01 9.000000000000000000e+00 0.000000000000000000e+00 1.600000000000000089e+00 -1.526000000000000013e-03 -6.760999999999999649e-03 -9.999759999999999760e-01 4.523499999999999743e-01 8.918150000000000244e-01 -6.720000000000000279e-03 8.918390000000000484e-01 -4.523490000000000011e-01 1.698000000000000074e-03
3.000000000000000000e+01 2.400000000000000000e+01 9.000000000000000000e+00 0.000000000000000000e+00 1.600000000000000089e+00 -1.182000000000000108e-03 -4.734000000000000360e-03 -9.999879999999999880e-01 4.536089999999999844e-01 8.911879999999999802e-01 -4.754999999999999678e-03 8.911999999999999922e-01 -4.536089999999999844e-01 1.093999999999999920e-03
2.000000000000000000e+00 4.000000000000000000e+00 1.100000000000000000e+01 0.000000000000000000e+00 1.600000000000000089e+00 5.737699999999999745e-02 -3.575929999999999942e-01 -9.321129999999999693e-01 1.159239999999999993e-01 9.297220000000000484e-01 -3.495400000000000174e-01 9.915990000000000082e-01 -8.799899999999999389e-02 9.479799999999999338e-02
2.200000000000000000e+01 4.000000000000000000e+00 1.100000000000000000e+01 0.000000000000000000e+00 1.600000000000000089e+00 3.548099999999999865e-02 -2.319249999999999923e-01 -9.720860000000000056e-01 8.176400000000000334e-02 9.701119999999999743e-01 -2.284700000000000064e-01 9.960200000000000164e-01 -7.137499999999999400e-02 5.338299999999999990e-02
2.000000000000000000e+00 3.100000000000000000e+01 1.200000000000000000e+01 0.000000000000000000e+00 1.600000000000000089e+00 3.429999999999999889e-04 7.616000000000000374e-03 9.999710000000000543e-01 -1.961900000000000102e-02 9.997789999999999733e-01 -7.608000000000000179e-03 -9.998070000000000013e-01 -1.961600000000000149e-02 4.929999999999999487e-04
1.200000000000000000e+01 3.100000000000000000e+01 1.200000000000000000e+01 0.000000000000000000e+00 1.600000000000000089e+00 2.590999999999999987e-03 5.513999999999999804e-03 9.999810000000000088e-01 -7.209000000000000130e-03 9.999590000000000423e-01 -5.494999999999999885e-03 -9.999710000000000543e-01 -7.193999999999999874e-03 2.631000000000000092e-03
7.000000000000000000e+00 3.500000000000000000e+01 1.200000000000000000e+01 0.000000000000000000e+00 1.600000000000000089e+00 1.049600000000000012e-02 -1.247400000000000071e-02 -9.998669999999999503e-01 4.846280000000000032e-01 -8.745739999999999625e-01 1.599799999999999833e-02 -8.746570000000000178e-01 -4.847310000000000230e-01 -3.135000000000000200e-03
1.200000000000000000e+01 3.500000000000000000e+01 1.200000000000000000e+01 0.000000000000000000e+00 1.600000000000000089e+00 5.637999999999999783e-03 -1.474999999999999966e-03 -9.999829999999999552e-01 5.124109999999999498e-01 -8.587299999999999933e-01 4.155999999999999972e-03 -8.587219999999999853e-01 -5.124260000000000481e-01 -4.086000000000000222e-03
1.800000000000000000e+01 3.500000000000000000e+01 1.200000000000000000e+01 0.000000000000000000e+00 1.600000000000000089e+00 -6.315000000000000301e-03 4.690000000000000158e-04 -9.999799999999999800e-01 4.929439999999999933e-01 -8.700539999999999941e-01 -3.520999999999999824e-03 -8.700379999999999781e-01 -4.929560000000000053e-01 5.263999999999999582e-03
2.800000000000000000e+01 3.500000000000000000e+01 1.200000000000000000e+01 0.000000000000000000e+00 1.600000000000000089e+00 8.633000000000000049e-03 -9.971000000000000696e-03 -9.999130000000000518e-01 4.956670000000000242e-01 -8.684159999999999657e-01 1.293900000000000085e-02 -8.684699999999999642e-01 -4.957349999999999812e-01 -2.554999999999999979e-03
2.500000000000000000e+01 3.200000000000000000e+01 1.400000000000000000e+01 0.000000000000000000e+00 1.600000000000000089e+00 5.019999999999999506e-04 3.160000000000000309e-02 -9.995000000000000551e-01 1.042119999999999991e-01 9.940569999999999684e-01 3.148100000000000204e-02 9.945549999999999669e-01 -1.041760000000000047e-01 -2.794000000000000043e-03
6.000000000000000000e+00 1.200000000000000000e+01 1.500000000000000000e+01 0.000000000000000000e+00 1.600000000000000089e+00 1.510200000000000084e-02 -2.756199999999999969e-02 -9.995060000000000056e-01 -4.934450000000000225e-01 -8.696199999999999486e-01 1.652400000000000049e-02 -8.696460000000000301e-01 4.929520000000000013e-01 -2.673299999999999982e-02
1.500000000000000000e+01 1.200000000000000000e+01 1.500000000000000000e+01 0.000000000000000000e+00 1.600000000000000089e+00 -8.660000000000000163e-04 -1.251500000000000008e-02 -9.999209999999999487e-01 -4.775150000000000228e-01 -8.785490000000000244e-01 1.140900000000000074e-02 -8.786230000000000429e-01 4.774880000000000235e-01 -5.215000000000000017e-03
2.900000000000000000e+01 3.000000000000000000e+00 1.900000000000000000e+01 0.000000000000000000e+00 1.600000000000000089e+00 4.150399999999999923e-02 3.080099999999999852e-02 -9.986639999999999961e-01 2.656080000000000108e-01 -9.638999999999999790e-01 -1.868999999999999828e-02 -9.631870000000000154e-01 -2.644779999999999909e-01 -4.818700000000000067e-02
5.000000000000000000e+00 4.000000000000000000e+00 2.000000000000000000e+01 0.000000000000000000e+00 1.600000000000000089e+00 -1.554999999999999959e-03 9.476000000000000048e-03 -9.999540000000000095e-01 2.394950000000000134e-01 -9.708499999999999908e-01 -9.572999999999999912e-03 -9.708959999999999813e-01 -2.394989999999999897e-01 -7.600000000000000418e-04
1.200000000000000000e+01 4.000000000000000000e+00 2.000000000000000000e+01 0.000000000000000000e+00 1.600000000000000089e+00 5.390999999999999959e-03 -1.734499999999999931e-02 -9.998350000000000293e-01 1.791739999999999999e-01 -9.836519999999999708e-01 1.803000000000000089e-02 -9.838029999999999831e-01 -1.792410000000000114e-01 -2.194999999999999903e-03
2.400000000000000000e+01 4.000000000000000000e+00 2.000000000000000000e+01 0.000000000000000000e+00 1.600000000000000089e+00 1.278000000000000056e-03 1.900800000000000059e-02 -9.998179999999999845e-01 3.010249999999999870e-01 -9.534510000000000485e-01 -1.774200000000000083e-02 -9.536149999999999904e-01 -3.009479999999999933e-01 -6.939999999999999988e-03
3.000000000000000000e+01 4.000000000000000000e+00 2.000000000000000000e+01 0.000000000000000000e+00 1.600000000000000089e+00 2.121599999999999875e-02 2.295099999999999918e-02 -9.995110000000000383e-01 3.185529999999999751e-01 -9.477860000000000174e-01 -1.500100000000000044e-02 -9.476670000000000371e-01 -3.180799999999999739e-01 -2.741899999999999893e-02
1.500000000000000000e+01 1.300000000000000000e+01 2.000000000000000000e+01 0.000000000000000000e+00 1.600000000000000089e+00 2.920499999999999832e-02 8.684200000000000252e-02 9.957939999999999570e-01 2.629779999999999895e-01 9.604559999999999764e-01 -9.147299999999999875e-02 -9.643599999999999950e-01 2.645429999999999726e-01 5.212999999999999752e-03
2.400000000000000000e+01 1.300000000000000000e+01 2.000000000000000000e+01 0.000000000000000000e+00 1.600000000000000089e+00 6.459999999999999814e-04 -8.700000000000000051e-04 9.999989999999999712e-01 2.518540000000000223e-01 9.677649999999999864e-01 6.790000000000000245e-04 -9.677649999999999864e-01 2.518529999999999935e-01 8.440000000000000236e-04
9.000000000000000000e+00 1.400000000000000000e+01 2.000000000000000000e+01 0.000000000000000000e+00 1.600000000000000089e+00 7.037999999999999985e-03 -1.233700000000000074e-02 9.998989999999999823e-01 2.718590000000000173e-01 9.622859999999999747e-01 9.959000000000000838e-03 -9.623110000000000275e-01 2.717609999999999748e-01 1.012599999999999958e-02
1.000000000000000000e+00 1.600000000000000000e+01 2.100000000000000000e+01 0.000000000000000000e+00 1.600000000000000089e+00 -3.183899999999999925e-02 -1.380740000000000023e-01 9.899099999999999566e-01 3.412390000000000145e-01 9.294000000000000039e-01 1.406100000000000128e-01 -9.394369999999999665e-01 3.422720000000000207e-01 1.752499999999999891e-02
1.000000000000000000e+01 1.600000000000000000e+01 2.100000000000000000e+01 0.000000000000000000e+00 1.600000000000000089e+00 1.302599999999999938e-02 3.193000000000000092e-03 9.999099999999999655e-01 3.367800000000000238e-01 9.415540000000000020e-01 -7.394000000000000399e-03 -9.414930000000000243e-01 3.368459999999999788e-01 1.118899999999999929e-02
1.700000000000000000e+01 1.600000000000000000e+01 2.100000000000000000e+01 0.000000000000000000e+00 1.600000000000000089e+00 1.185199999999999969e-02 3.903000000000000219e-02 9.991679999999999451e-01 3.037839999999999985e-01 9.518680000000000474e-01 -4.078600000000000281e-02 -9.526670000000000416e-01 3.040140000000000065e-01 -5.760000000000000146e-04
2.100000000000000000e+01 1.600000000000000000e+01 2.100000000000000000e+01 0.000000000000000000e+00 1.600000000000000089e+00 9.389999999999999476e-04 6.748999999999999791e-03 9.999770000000000048e-01 2.981820000000000026e-01 9.544850000000000279e-01 -6.721999999999999677e-03 -9.545090000000000519e-01 2.981809999999999738e-01 -1.116000000000000021e-03
2.500000000000000000e+01 1.600000000000000000e+01 2.100000000000000000e+01 0.000000000000000000e+00 1.600000000000000089e+00 6.790000000000000245e-04 4.850000000000000253e-04 1.000000000000000000e+00 2.977489999999999859e-01 9.546440000000000481e-01 -6.660000000000000338e-04 -9.546440000000000481e-01 2.977489999999999859e-01 5.039999999999999992e-04
2.600000000000000000e+01 4.000000000000000000e+00 2.500000000000000000e+01 0.000000000000000000e+00 1.600000000000000089e+00 5.528099999999999681e-02 4.513400000000000051e-02 9.974499999999999478e-01 -5.958510000000000195e-01 -8.001059999999999839e-01 6.922799999999999787e-02 8.011899999999999578e-01 -5.981589999999999963e-01 -1.733799999999999925e-02
1.200000000000000000e+01 4.600000000000000000e+01 2.700000000000000000e+01 0.000000000000000000e+00 1.600000000000000089e+00 -2.722000000000000027e-03 1.600999999999999993e-03 -9.999949999999999672e-01 6.743449999999999722e-01 7.384159999999999613e-01 -6.539999999999999590e-04 7.384110000000000396e-01 -6.743430000000000257e-01 -3.089999999999999865e-03
2.100000000000000000e+01 4.600000000000000000e+01 2.700000000000000000e+01 0.000000000000000000e+00 1.600000000000000089e+00 -4.500000000000000283e-05 -1.791000000000000057e-03 -9.999980000000000535e-01 6.714069999999999760e-01 7.410879999999999690e-01 -1.358000000000000049e-03 7.410889999999999977e-01 -6.714059999999999473e-01 1.168999999999999900e-03
1.000000000000000000e+00 4.600000000000000000e+01 3.000000000000000000e+01 0.000000000000000000e+00 1.600000000000000089e+00 -1.270999999999999994e-03 1.849999999999999973e-04 -9.999989999999999712e-01 3.374300000000000077e-01 9.413510000000000488e-01 -2.550000000000000183e-04 9.413500000000000201e-01 -3.374300000000000077e-01 -1.258999999999999920e-03
2.600000000000000000e+01 4.600000000000000000e+01 3.000000000000000000e+01 0.000000000000000000e+00 1.600000000000000089e+00 1.683000000000000034e-03 7.144000000000000176e-03 -9.999730000000000008e-01 3.242820000000000147e-01 9.459319999999999951e-01 7.303999999999999729e-03 9.459589999999999943e-01 -3.242849999999999899e-01 -7.249999999999999500e-04
3.000000000000000000e+00 5.800000000000000000e+01 3.100000000000000000e+01 0.000000000000000000e+00 1.600000000000000089e+00 4.444000000000000034e-03 5.054999999999999598e-03 9.999770000000000048e-01 -7.755020000000000246e-01 -6.313100000000000378e-01 6.636999999999999671e-03 6.313290000000000290e-01 -7.755140000000000366e-01 1.115000000000000106e-03
7.000000000000000000e+00 5.800000000000000000e+01 3.100000000000000000e+01 0.000000000000000000e+00 1.600000000000000089e+00 8.165000000000000382e-03 9.339000000000000079e-03 9.999230000000000063e-01 -7.781909999999999661e-01 -6.279090000000000504e-01 1.221900000000000069e-02 6.279749999999999499e-01 -7.782310000000000061e-01 2.139999999999999975e-03
1.100000000000000000e+01 5.800000000000000000e+01 3.100000000000000000e+01 0.000000000000000000e+00 1.600000000000000089e+00 3.880000000000000202e-03 1.281000000000000021e-03 9.999919999999999920e-01 -7.785109999999999530e-01 -6.276190000000000380e-01 3.824000000000000142e-03 6.276190000000000380e-01 -7.785189999999999610e-01 -1.438000000000000042e-03
1.300000000000000000e+01 5.800000000000000000e+01 3.100000000000000000e+01 0.000000000000000000e+00 1.600000000000000089e+00 1.796000000000000070e-03 -4.380000000000000213e-04 9.999980000000000535e-01 -7.765520000000000200e-01 -6.300519999999999454e-01 1.118000000000000070e-03 6.300499999999999989e-01 -7.765530000000000488e-01 -1.472000000000000001e-03
1.700000000000000000e+01 5.800000000000000000e+01 3.100000000000000000e+01 0.000000000000000000e+00 1.600000000000000089e+00 -4.322000000000000321e-03 -6.854999999999999982e-03 9.999670000000000503e-01 -7.703839999999999577e-01 -6.375330000000000163e-01 -7.700000000000000247e-03 6.375650000000000484e-01 -7.703919999999999657e-01 -2.524999999999999901e-03
2.100000000000000000e+01 5.800000000000000000e+01 3.100000000000000000e+01 0.000000000000000000e+00 1.600000000000000089e+00 -5.967000000000000082e-03 -1.544000000000000060e-02 9.998629999999999463e-01 -7.703200000000000047e-01 -6.374940000000000051e-01 -1.444100000000000071e-02 6.376300000000000301e-01 -7.703010000000000135e-01 -8.089000000000000704e-03
2.500000000000000000e+01 5.800000000000000000e+01 3.100000000000000000e+01 0.000000000000000000e+00 1.600000000000000089e+00 5.484000000000000159e-03 7.649000000000000417e-03 9.999559999999999560e-01 -7.759270000000000334e-01 -6.307570000000000121e-01 9.079999999999999530e-03 6.307989999999999986e-01 -7.759430000000000494e-01 2.475000000000000203e-03
3.000000000000000000e+01 5.800000000000000000e+01 3.100000000000000000e+01 0.000000000000000000e+00 1.600000000000000089e+00 1.018200000000000008e-02 2.730499999999999941e-02 9.995749999999999913e-01 -7.751320000000000432e-01 -6.312980000000000258e-01 2.514100000000000015e-02 6.317169999999999730e-01 -7.750590000000000535e-01 1.473799999999999936e-02
1.000000000000000000e+01 5.000000000000000000e+00 3.200000000000000000e+01 0.000000000000000000e+00 1.600000000000000089e+00 1.612570000000000114e-01 -8.793239999999999945e-01 -4.480910000000000171e-01 -6.811399999999999677e-01 2.293969999999999898e-01 -6.952880000000000171e-01 7.141739999999999755e-01 4.173330000000000095e-01 -5.619499999999999496e-01
8.000000000000000000e+00 5.000000000000000000e+00 3.300000000000000000e+01 0.000000000000000000e+00 1.600000000000000089e+00 1.150019999999999931e-01 -9.727590000000000403e-01 -2.012819999999999887e-01 -6.941629999999999745e-01 6.624499999999999833e-02 -7.167630000000000390e-01 7.105719999999999814e-01 2.221519999999999884e-01 -6.676349999999999785e-01
1.200000000000000000e+01 8.000000000000000000e+00 3.400000000000000000e+01 0.000000000000000000e+00 1.600000000000000089e+00 2.075420000000000043e-01 -9.109469999999999512e-01 -3.565119999999999956e-01 -7.100020000000000220e-01 1.104279999999999984e-01 -6.954869999999999663e-01 6.729209999999999914e-01 3.974679999999999880e-01 -6.238559999999999661e-01
1.500000000000000000e+01 9.000000000000000000e+00 3.400000000000000000e+01 0.000000000000000000e+00 1.600000000000000089e+00 2.442269999999999996e-01 -8.339050000000000074e-01 -4.949299999999999811e-01 -7.265570000000000084e-01 1.806659999999999933e-01 -6.629279999999999617e-01 6.422369999999999468e-01 5.214999999999999636e-01 -5.617560000000000331e-01
2.700000000000000000e+01 4.200000000000000000e+01 3.400000000000000000e+01 0.000000000000000000e+00 1.600000000000000089e+00 -5.287000000000000033e-03 -2.477000000000000035e-03 -9.999829999999999552e-01 -3.010010000000000185e-01 9.536229999999999984e-01 -7.709999999999999840e-04 9.536090000000000400e-01 3.009919999999999818e-01 -5.786999999999999610e-03
1.400000000000000000e+01 2.600000000000000000e+01 3.500000000000000000e+01 0.000000000000000000e+00 1.600000000000000089e+00 3.122719999999999940e-01 5.628630000000000022e-01 7.652919999999999723e-01 -6.790239999999999609e-01 -4.311440000000000272e-01 5.941720000000000335e-01 6.643890000000000073e-01 -7.051950000000000163e-01 2.475630000000000053e-01
3.000000000000000000e+00 4.600000000000000000e+01 3.500000000000000000e+01 0.000000000000000000e+00 1.600000000000000089e+00 8.869999999999999846e-04 6.080000000000000335e-04 -9.999989999999999712e-01 3.905950000000000255e-01 -9.205630000000000202e-01 -2.130000000000000003e-04 -9.205619999999999914e-01 -3.905950000000000255e-01 -1.054000000000000032e-03
8.000000000000000000e+00 4.600000000000000000e+01 3.500000000000000000e+01 0.000000000000000000e+00 1.600000000000000089e+00 2.027999999999999855e-03 -7.948999999999999469e-03 -9.999660000000000215e-01 3.899219999999999908e-01 -9.208119999999999639e-01 8.109999999999999154e-03 -9.208460000000000534e-01 -3.899250000000000216e-01 1.232999999999999938e-03
1.200000000000000000e+01 4.600000000000000000e+01 3.500000000000000000e+01 0.000000000000000000e+00 1.600000000000000089e+00 1.025000000000000086e-03 -1.127099999999999977e-02 -9.999360000000000470e-01 3.900589999999999891e-01 -9.207269999999999621e-01 1.077799999999999939e-02 -9.207889999999999686e-01 -3.900449999999999751e-01 3.452999999999999906e-03
1.700000000000000000e+01 4.600000000000000000e+01 3.500000000000000000e+01 0.000000000000000000e+00 1.600000000000000089e+00 -1.111999999999999924e-03 -8.097000000000000031e-03 -9.999670000000000503e-01 3.893340000000000134e-01 -9.210700000000000554e-01 7.026000000000000127e-03 -9.210960000000000258e-01 -3.893139999999999934e-01 4.176000000000000024e-03
2.200000000000000000e+01 4.600000000000000000e+01 3.500000000000000000e+01 0.000000000000000000e+00 1.600000000000000089e+00 4.979999999999999618e-04 -4.605999999999999851e-03 -9.999890000000000168e-01 3.898960000000000203e-01 -9.208479999999999999e-01 4.435999999999999839e-03 -9.208589999999999831e-01 -3.898940000000000183e-01 1.337999999999999997e-03
2.700000000000000000e+01 4.600000000000000000e+01 3.500000000000000000e+01 0.000000000000000000e+00 1.600000000000000089e+00 4.446000000000000299e-03 3.834000000000000168e-03 -9.999829999999999552e-01 3.879690000000000083e-01 -9.216710000000000180e-01 -1.807999999999999928e-03 -9.216619999999999813e-01 -3.879540000000000211e-01 -5.584999999999999687e-03
1.500000000000000000e+01 1.100000000000000000e+01 3.600000000000000000e+01 0.000000000000000000e+00 1.600000000000000089e+00 2.104489999999999972e-01 -9.139730000000000354e-01 -3.469360000000000221e-01 -7.260280000000000067e-01 9.153500000000000525e-02 -6.815449999999999564e-01 6.546710000000000029e-01 3.953160000000000007e-01 -6.443069999999999631e-01
2.400000000000000000e+01 2.200000000000000000e+01 3.600000000000000000e+01 0.000000000000000000e+00 1.600000000000000089e+00 -1.944309999999999927e-01 -7.402499999999999636e-01 6.436039999999999539e-01 7.282260000000000399e-01 3.306499999999999995e-01 6.002969999999999695e-01 -6.571780000000000399e-01 5.854059999999999819e-01 4.747810000000000086e-01
1.400000000000000000e+01 2.700000000000000000e+01 3.600000000000000000e+01 0.000000000000000000e+00 1.600000000000000089e+00 3.496719999999999828e-01 3.832479999999999776e-01 8.548980000000000468e-01 -6.968889999999999807e-01 -5.034710000000000019e-01 5.107479999999999798e-01 6.261590000000000211e-01 -7.743630000000000235e-01 9.103200000000000180e-02
1.300000000000000000e+01 1.100000000000000000e+01 3.700000000000000000e+01 0.000000000000000000e+00 1.600000000000000089e+00 1.725299999999999889e-01 -9.385360000000000369e-01 -2.989700000000000135e-01 -7.146919999999999940e-01 8.959000000000000297e-02 -6.936780000000000168e-01 6.778269999999999573e-01 3.333519999999999817e-01 -6.553069999999999729e-01
1.600000000000000000e+01 1.200000000000000000e+01 3.700000000000000000e+01 0.000000000000000000e+00 1.600000000000000089e+00 1.861389999999999989e-01 -9.283489999999999798e-01 -3.217470000000000052e-01 -7.370830000000000437e-01 8.458799999999999653e-02 -6.704879999999999729e-01 6.496619999999999617e-01 3.619580000000000020e-01 -6.685250000000000359e-01
7.000000000000000000e+00 2.200000000000000000e+01 3.700000000000000000e+01 0.000000000000000000e+00 1.600000000000000089e+00 7.688869999999999871e-01 -3.300690000000000013e-01 5.476020000000000332e-01 -6.302309999999999857e-01 -2.468339999999999979e-01 7.361259999999999470e-01 -1.078059999999999991e-01 -9.111129999999999507e-01 -3.978070000000000217e-01
2.500000000000000000e+01 2.300000000000000000e+01 3.700000000000000000e+01 0.000000000000000000e+00 1.600000000000000089e+00 -1.885819999999999996e-01 -7.517139999999999933e-01 6.319519999999999582e-01 7.256089999999999485e-01 3.269679999999999809e-01 6.054619999999999447e-01 -6.617619999999999614e-01 5.727290000000000436e-01 4.837899999999999978e-01
2.300000000000000000e+01 1.500000000000000000e+01 3.800000000000000000e+01 0.000000000000000000e+00 1.600000000000000089e+00 2.072120000000000073e-01 3.877749999999999808e-01 8.981609999999999872e-01 -7.853869999999999463e-01 -4.814559999999999951e-01 3.890589999999999882e-01 5.832929999999999504e-01 -7.860219999999999985e-01 2.047899999999999998e-01
1.800000000000000000e+01 3.600000000000000000e+01 3.800000000000000000e+01 0.000000000000000000e+00 1.600000000000000089e+00 -3.642139999999999822e-01 8.114000000000000379e-02 9.277739999999999876e-01 9.084189999999999765e-01 2.504870000000000152e-01 3.347100000000000075e-01 -2.052370000000000028e-01 9.647139999999999604e-01 -1.649400000000000033e-01
2.000000000000000000e+01 3.700000000000000000e+01 3.800000000000000000e+01 0.000000000000000000e+00 1.600000000000000089e+00 -2.916449999999999876e-01 -1.117409999999999931e-01 9.499779999999999891e-01 7.984109999999999818e-01 5.184999999999999609e-01 3.061019999999999852e-01 -5.267669999999999852e-01 8.477449999999999708e-01 -6.200300000000000256e-02
2.400000000000000000e+01 3.800000000000000000e+01 3.800000000000000000e+01 0.000000000000000000e+00 1.600000000000000089e+00 -1.329629999999999979e-01 -1.729469999999999896e-01 9.759149999999999769e-01 6.914050000000000473e-01 6.893110000000000070e-01 2.163569999999999938e-01 -7.101269999999999527e-01 7.035200000000000342e-01 2.792299999999999990e-02
1.500000000000000000e+01 1.400000000000000000e+01 3.900000000000000000e+01 0.000000000000000000e+00 1.600000000000000089e+00 1.403300000000000103e-01 -8.558559999999999501e-01 -4.978139999999999787e-01 -7.142420000000000435e-01 2.606959999999999833e-01 -6.495349999999999735e-01 6.856870000000000465e-01 4.467079999999999940e-01 -5.747039999999999926e-01
2.800000000000000000e+01 2.600000000000000000e+01 3.900000000000000000e+01 0.000000000000000000e+00 1.600000000000000089e+00 -1.515340000000000020e-01 -7.343039999999999567e-01 6.616910000000000291e-01 7.140570000000000528e-01 3.815669999999999895e-01 5.869659999999999878e-01 -6.834909999999999597e-01 5.614310000000000134e-01 4.665150000000000130e-01
2.100000000000000000e+01 3.800000000000000000e+01 3.900000000000000000e+01 0.000000000000000000e+00 1.600000000000000089e+00 -2.787060000000000093e-01 -1.915330000000000088e-01 9.410840000000000316e-01 7.806030000000000468e-01 5.256480000000000041e-01 3.381609999999999894e-01 -5.594479999999999453e-01 8.288600000000000412e-01 3.010000000000000089e-03
2.400000000000000000e+01 3.900000000000000000e+01 3.900000000000000000e+01 0.000000000000000000e+00 1.600000000000000089e+00 -1.721830000000000027e-01 -2.637329999999999952e-01 9.491039999999999477e-01 7.238599999999999479e-01 6.196110000000000229e-01 3.034950000000000148e-01 -6.681169999999999609e-01 7.392750000000000155e-01 8.421900000000000219e-02
2.900000000000000000e+01 2.700000000000000000e+01 4.000000000000000000e+01 0.000000000000000000e+00 1.600000000000000089e+00 -1.331710000000000116e-01 -7.389609999999999790e-01 6.604550000000000143e-01 7.129560000000000342e-01 3.914699999999999847e-01 5.817600000000000549e-01 -6.884470000000000312e-01 5.483489999999999753e-01 4.747149999999999981e-01
2.100000000000000000e+01 6.100000000000000000e+01 4.000000000000000000e+01 0.000000000000000000e+00 1.600000000000000089e+00 2.664800000000000155e-02 -5.425900000000000167e-01 -8.395749999999999602e-01 3.524829999999999908e-01 -7.808279999999999665e-01 5.158129999999999660e-01 -9.354390000000000205e-01 -3.096809999999999841e-01 1.704459999999999864e-01
2.800000000000000000e+01 2.000000000000000000e+01 4.200000000000000000e+01 0.000000000000000000e+00 1.600000000000000089e+00 -2.067420000000000091e-01 -1.168349999999999944e-01 9.713950000000000085e-01 6.932859999999999578e-01 6.830720000000000125e-01 2.297089999999999965e-01 -6.903709999999999569e-01 7.209449999999999470e-01 -6.022000000000000269e-02
6.000000000000000000e+00 3.000000000000000000e+00 4.300000000000000000e+01 0.000000000000000000e+00 1.600000000000000089e+00 2.890999999999999907e-03 -7.277999999999999747e-03 -9.999689999999999968e-01 7.412990000000000412e-01 -6.711380000000000123e-01 7.028000000000000393e-03 -6.711679999999999868e-01 -7.412969999999999837e-01 3.455000000000000172e-03
9.000000000000000000e+00 3.000000000000000000e+00 4.300000000000000000e+01 0.000000000000000000e+00 1.600000000000000089e+00 5.828999999999999980e-03 -3.556000000000000133e-03 -9.999770000000000048e-01 7.434680000000000177e-01 -6.687380000000000546e-01 6.712000000000000084e-03 -6.687459999999999516e-01 -7.434899999999999842e-01 -1.255000000000000039e-03
1.700000000000000000e+01 3.000000000000000000e+00 4.300000000000000000e+01 0.000000000000000000e+00 1.600000000000000089e+00 8.888999999999999332e-03 2.753600000000000145e-02 -9.995810000000000528e-01 7.369860000000000300e-01 -6.758009999999999851e-01 -1.206300000000000081e-02 -6.758499999999999508e-01 -7.365699999999999470e-01 -2.630000000000000046e-02
2.800000000000000000e+01 3.000000000000000000e+00 4.300000000000000000e+01 0.000000000000000000e+00 1.600000000000000089e+00 -1.962999999999999901e-03 3.412199999999999955e-02 -9.994159999999999711e-01 7.506350000000000522e-01 -6.602810000000000068e-01 -2.401800000000000115e-02 -6.607140000000000235e-01 -7.502429999999999932e-01 -2.431699999999999834e-02
4.000000000000000000e+00 2.400000000000000000e+01 4.400000000000000000e+01 0.000000000000000000e+00 1.600000000000000089e+00 1.955199999999999994e-02 1.793200000000000002e-02 -9.996479999999999810e-01 7.818100000000000049e-01 6.229550000000000365e-01 2.646599999999999994e-02 6.232100000000000417e-01 -7.820519999999999694e-01 -1.840000000000000056e-03
4.000000000000000000e+00 2.900000000000000000e+01 4.400000000000000000e+01 0.000000000000000000e+00 1.600000000000000089e+00 -3.964999999999999775e-03 -4.932799999999999685e-02 -9.987749999999999684e-01 6.304990000000000316e-01 7.751179999999999737e-01 -4.078500000000000181e-02 7.761799999999999811e-01 -6.298880000000000035e-01 2.802800000000000083e-02
6.000000000000000000e+00 2.900000000000000000e+01 4.400000000000000000e+01 0.000000000000000000e+00 1.600000000000000089e+00 -4.672899999999999970e-02 -1.837260000000000004e-01 -9.818660000000000165e-01 6.551369999999999694e-01 7.363730000000000553e-01 -1.689690000000000081e-01 7.540630000000000388e-01 -6.511529999999999818e-01 8.595600000000000462e-02
2.500000000000000000e+01 2.200000000000000000e+01 4.500000000000000000e+01 0.000000000000000000e+00 1.600000000000000089e+00 1.452859999999999985e-01 -7.620399999999999396e-02 -9.864509999999999668e-01 -4.676310000000000189e-01 8.733459999999999557e-01 -1.363399999999999890e-01 8.719019999999999548e-01 4.811030000000000029e-01 9.124999999999999778e-02
2.100000000000000000e+01 2.200000000000000000e+01 4.600000000000000000e+01 0.000000000000000000e+00 1.600000000000000089e+00 6.908899999999999764e-02 -1.821899999999999908e-02 -9.974439999999999973e-01 -2.188319999999999987e-01 9.752049999999999885e-01 -3.297100000000000031e-02 9.733140000000000125e-01 2.205499999999999960e-01 6.338900000000000090e-02
2.900000000000000000e+01 6.500000000000000000e+01 4.600000000000000000e+01 0.000000000000000000e+00 1.600000000000000089e+00 -4.107000000000000234e-02 -3.004390000000000116e-01 9.529159999999999853e-01 6.492050000000000320e-01 -7.329909999999999481e-01 -2.031199999999999950e-01 7.595039999999999569e-01 6.102950000000000319e-01 2.251509999999999900e-01
2.300000000000000000e+01 5.300000000000000000e+01 4.900000000000000000e+01 0.000000000000000000e+00 1.600000000000000089e+00 -4.821770000000000223e-01 2.441270000000000107e-01 8.413720000000000088e-01 -8.669879999999999809e-01 4.982999999999999582e-03 -4.983040000000000247e-01 -1.258420000000000094e-01 -9.697299999999999809e-01 2.092519999999999936e-01
7.000000000000000000e+00 6.000000000000000000e+00 5.100000000000000000e+01 0.000000000000000000e+00 1.600000000000000089e+00 -6.878000000000000433e-03 -5.434999999999999727e-03 -9.999620000000000175e-01 3.318340000000000178e-01 -9.433329999999999771e-01 2.844999999999999873e-03 -9.433129999999999571e-01 -3.318019999999999858e-01 8.290999999999999759e-03
2.300000000000000000e+01 7.000000000000000000e+00 5.200000000000000000e+01 0.000000000000000000e+00 1.600000000000000089e+00 7.179999999999999750e-03 4.787999999999999722e-03 -9.999630000000000463e-01 8.687200000000000477e-02 -9.962109999999999577e-01 -4.146999999999999645e-03 -9.961940000000000239e-01 -8.683899999999999952e-02 -7.569000000000000207e-03
2.700000000000000000e+01 7.000000000000000000e+00 5.200000000000000000e+01 0.000000000000000000e+00 1.600000000000000089e+00 4.856000000000000073e-03 9.334000000000000283e-03 -9.999449999999999728e-01 6.992500000000000104e-02 -9.975119999999999543e-01 -8.972000000000000808e-03 -9.975399999999999823e-01 -6.987699999999999467e-02 -5.497000000000000150e-03
3.000000000000000000e+01 6.300000000000000000e+01 5.200000000000000000e+01 0.000000000000000000e+00 1.600000000000000089e+00 -1.137159999999999976e-01 7.240539999999999754e-01 -6.803050000000000486e-01 4.268759999999999777e-01 6.539270000000000360e-01 6.246249999999999858e-01 8.971320000000000405e-01 -2.193759999999999877e-01 -3.834429999999999783e-01
2.700000000000000000e+01 1.400000000000000000e+01 5.400000000000000000e+01 0.000000000000000000e+00 1.600000000000000089e+00 -5.733000000000000249e-03 -6.390000000000000280e-04 -9.999829999999999552e-01 5.805000000000000160e-01 8.142509999999999470e-01 -3.847999999999999858e-03 8.142399999999999638e-01 -5.805129999999999457e-01 -4.296999999999999605e-03
5.000000000000000000e+00 6.300000000000000000e+01 5.400000000000000000e+01 0.000000000000000000e+00 1.600000000000000089e+00 -6.026000000000000106e-03 -1.373000000000000088e-03 9.999810000000000088e-01 -3.491699999999999804e-01 9.370589999999999753e-01 -8.180000000000000422e-04 -9.370399999999999840e-01 -3.491679999999999784e-01 -6.126999999999999634e-03
8.000000000000000000e+00 6.300000000000000000e+01 5.400000000000000000e+01 0.000000000000000000e+00 1.600000000000000089e+00 1.910299999999999845e-02 3.323500000000000065e-02 9.992649999999999588e-01 -3.321049999999999836e-01 9.429110000000000547e-01 -2.501099999999999851e-02 -9.430490000000000261e-01 -3.313829999999999831e-01 2.904999999999999943e-02
1.400000000000000000e+01 6.300000000000000000e+01 5.400000000000000000e+01 0.000000000000000000e+00 1.600000000000000089e+00 2.409769999999999968e-01 4.652569999999999761e-01 -8.517430000000000279e-01 8.389349999999999863e-01 3.413950000000000040e-01 4.238370000000000193e-01 4.879740000000000189e-01 -8.166919999999999735e-01 -3.080519999999999925e-01
1.000000000000000000e+00 2.500000000000000000e+01 5.500000000000000000e+01 0.000000000000000000e+00 1.600000000000000089e+00 1.093999999999999920e-03 -2.020000000000000040e-04 -9.999989999999999712e-01 -1.217799999999999959e-02 -9.999259999999999815e-01 1.890000000000000133e-04 -9.999249999999999527e-01 1.217700000000000032e-02 -1.095999999999999969e-03
5.000000000000000000e+00 2.500000000000000000e+01 5.500000000000000000e+01 0.000000000000000000e+00 1.600000000000000089e+00 -9.229999999999999923e-04 -1.160999999999999923e-03 -9.999989999999999712e-01 -1.073299999999999949e-02 -9.999419999999999975e-01 1.170000000000000033e-03 -9.999419999999999975e-01 1.073400000000000049e-02 9.110000000000000259e-04
