1.600000000000000000e+01 2.500000000000000000e+01 1.000000000000000000e+00 0.000000000000000000e+00 1.600000000000000089e+00 1.810999999999999893e-03 4.912999999999999833e-03 -9.999860000000000415e-01 -5.301059999999999661e-01 -8.479160000000000030e-01 -5.126000000000000348e-03 -8.479299999999999615e-01 5.301080000000000236e-01 1.069000000000000072e-03
2.300000000000000000e+01 2.500000000000000000e+01 1.000000000000000000e+00 0.000000000000000000e+00 1.600000000000000089e+00 2.680999999999999790e-03 -6.721999999999999677e-03 -9.999740000000000295e-01 -5.352350000000000163e-01 -8.446930000000000271e-01 4.243000000000000244e-03 -8.446989999999999776e-01 5.352099999999999635e-01 -5.862000000000000023e-03
2.700000000000000000e+01 2.500000000000000000e+01 1.000000000000000000e+00 0.000000000000000000e+00 1.600000000000000089e+00 2.677999999999999825e-03 -1.103000000000000031e-03 -9.999959999999999960e-01 -5.371000000000000218e-01 -8.435179999999999900e-01 -5.079999999999999880e-04 -8.435139999999999860e-01 5.370989999999999931e-01 -2.851999999999999934e-03
6.000000000000000000e+00 1.500000000000000000e+01 4.000000000000000000e+00 0.000000000000000000e+00 1.600000000000000089e+00 2.835999999999999979e-03 1.317800000000000048e-02 9.999090000000000478e-01 2.957759999999999834e-01 -9.551849999999999508e-01 1.174900000000000076e-02 9.552530000000000188e-01 2.957159999999999789e-01 -6.605999999999999893e-03
1.400000000000000000e+01 1.500000000000000000e+01 4.000000000000000000e+00 0.000000000000000000e+00 1.600000000000000089e+00 1.730999999999999900e-03 2.348999999999999960e-03 9.999959999999999960e-01 3.013040000000000163e-01 -9.535270000000000135e-01 1.719000000000000042e-03 9.535259999999999847e-01 3.013000000000000123e-01 -2.357999999999999853e-03
2.900000000000000000e+01 1.500000000000000000e+01 4.000000000000000000e+00 0.000000000000000000e+00 1.600000000000000089e+00 2.439000000000000196e-03 1.642199999999999910e-02 9.998620000000000285e-01 2.940720000000000001e-01 -9.556660000000000155e-01 1.497899999999999926e-02 9.557799999999999629e-01 2.939950000000000063e-01 -7.160999999999999831e-03
2.000000000000000000e+00 1.600000000000000000e+01 4.000000000000000000e+00 0.000000000000000000e+00 1.600000000000000089e+00 2.237999999999999972e-03 1.105700000000000086e-02 9.999360000000000470e-01 3.695229999999999904e-01 -9.291730000000000267e-01 9.447999999999999801e-03 9.292190000000000172e-01 3.694790000000000019e-01 -6.165000000000000341e-03
5.000000000000000000e+00 1.010000000000000000e+02 7.000000000000000000e+00 0.000000000000000000e+00 1.600000000000000089e+00 2.758000000000000035e-03 -3.739999999999999835e-03 9.999890000000000168e-01 8.827190000000000314e-01 4.699010000000000131e-01 -6.769999999999999759e-04 -4.698930000000000051e-01 8.827110000000000234e-01 4.597999999999999657e-03
1.500000000000000000e+01 1.010000000000000000e+02 7.000000000000000000e+00 0.000000000000000000e+00 1.600000000000000089e+00 -5.100000000000000366e-04 -9.065999999999999406e-03 9.999590000000000423e-01 8.876190000000000468e-01 4.605549999999999922e-01 4.628000000000000169e-03 -4.605779999999999874e-01 8.875849999999999573e-01 7.812000000000000367e-03
1.900000000000000000e+01 1.010000000000000000e+02 7.000000000000000000e+00 0.000000000000000000e+00 1.600000000000000089e+00 -2.632999999999999924e-03 -2.089999999999999844e-03 9.999940000000000495e-01 8.888369999999999882e-01 4.582109999999999794e-01 3.298000000000000150e-03 -4.582160000000000122e-01 8.888409999999999922e-01 6.509999999999999945e-04
3.000000000000000000e+01 1.010000000000000000e+02 7.000000000000000000e+00 0.000000000000000000e+00 1.600000000000000089e+00 2.335999999999999969e-03 -1.446999999999999936e-03 9.999959999999999960e-01 8.838359999999999550e-01 4.677959999999999896e-01 -1.386999999999999995e-03 -4.677919999999999856e-01 8.838359999999999550e-01 2.370999999999999844e-03
9.000000000000000000e+00 1.500000000000000000e+01 8.000000000000000000e+00 0.000000000000000000e+00 1.600000000000000089e+00 8.289999999999999843e-04 1.101000000000000069e-02 -9.999390000000000223e-01 -5.920020000000000282e-01 -8.058819999999999872e-01 -9.364000000000000795e-03 -8.059359999999999857e-01 5.919729999999999714e-01 5.850000000000000165e-03
3.000000000000000000e+01 1.500000000000000000e+01 8.000000000000000000e+00 0.000000000000000000e+00 1.600000000000000089e+00 4.160999999999999768e-03 1.486799999999999927e-02 -9.998810000000000198e-01 -5.919379999999999642e-01 -8.058539999999999592e-01 -1.444600000000000051e-02 -8.059720000000000217e-01 5.919280000000000097e-01 5.447999999999999718e-03
2.000000000000000000e+00 2.400000000000000000e+01 9.000000000000000000e+00 0.000000000000000000e+00 1.600000000000000089e+00 -8.180000000000000422e-04 3.402000000000000076e-03 -9.999940000000000495e-01 4.539710000000000134e-01 8.910120000000000262e-01 2.660000000000000038e-03 8.910160000000000302e-01 -4.539659999999999807e-01 -2.273999999999999980e-03
6.000000000000000000e+00 2.400000000000000000e+01 9.000000000000000000e+00 0.000000000000000000e+00 1.600000000000000089e+00 -8.610000000000000032e-04 -5.212999999999999752e-03 -9.999860000000000415e-01 4.537260000000000182e-01 8.911270000000000024e-01 -5.036999999999999811e-03 8.911409999999999609e-01 -4.537240000000000162e-01 1.598000000000000028e-03
1.200000000000000000e+01 2.400000000000000000e+01 9.000000000000000000e+00 0.000000000000000000e+00 1.600000000000000089e+00 -1.757000000000000098e-03 -8.330999999999999864e-03 -9.999639999999999640e-01 4.546200000000000241e-01 8.906479999999999952e-01 -8.219000000000000611e-03 8.906840000000000312e-01 -4.546180000000000221e-01 2.222000000000000017e-03
1.800000000000000000e+01 2.400000000000000000e+01 9.000000000000000000e+00 0.000000000000000000e+00 1.600000000000000089e+00 -2.240999999999999936e-03 -9.286000000000000851e-03 -9.999540000000000095e-01 4.556479999999999975e-01 8.901109999999999856e-01 -9.287000000000000116e-03 8.901569999999999760e-01 -4.556479999999999975e-01 2.236000000000000140e-03
2.700000000000000000e+01 2.400000000000000000e+01 9.000000000000000000e+00 0.000000000000000000e+00 1.600000000000000089e+00 -4.190000000000000148e-03 -8.276999999999999635e-03 -9.999569999999999848e-01 4.595279999999999920e-01 8.881149999999999878e-01 -9.275999999999999523e-03 8.881539999999999990e-01 -4.595469999999999833e-01 8.200000000000000095e-05
2.600000000000000000e+01 1.040000000000000000e+02 1.100000000000000000e+01 0.000000000000000000e+00 1.600000000000000089e+00 2.183000000000000045e-03 -1.153000000000000032e-02 9.999310000000000143e-01 -9.745770000000000266e-01 -2.240510000000000002e-01 -4.560000000000000251e-04 2.240399999999999892e-01 -9.745089999999999586e-01 -1.172600000000000031e-02
1.200000000000000000e+01 3.100000000000000000e+01 1.200000000000000000e+01 0.000000000000000000e+00 1.600000000000000089e+00 3.829999999999999854e-04 -4.186999999999999750e-03 9.999909999999999632e-01 7.936000000000000346e-03 9.999599999999999600e-01 4.184000000000000219e-03 -9.999679999999999680e-01 7.934000000000000080e-03 4.159999999999999744e-04
1.900000000000000000e+01 3.100000000000000000e+01 1.200000000000000000e+01 0.000000000000000000e+00 1.600000000000000089e+00 1.087000000000000076e-03 -4.199999999999999740e-03 9.999909999999999632e-01 4.677999999999999867e-03 9.999799999999999800e-01 4.194999999999999944e-03 -9.999879999999999880e-01 4.673000000000000070e-03 1.106999999999999911e-03
2.500000000000000000e+01 3.100000000000000000e+01 1.200000000000000000e+01 0.000000000000000000e+00 1.600000000000000089e+00 -5.289999999999999564e-04 -6.093999999999999591e-03 9.999810000000000088e-01 1.912999999999999987e-03 9.999799999999999800e-01 6.094999999999999724e-03 -9.999980000000000535e-01 1.915999999999999951e-03 -5.180000000000000143e-04
7.000000000000000000e+00 3.200000000000000000e+01 1.400000000000000000e+01 0.000000000000000000e+00 1.600000000000000089e+00 7.849999999999999990e-04 3.980000000000000248e-04 -1.000000000000000000e+00 1.007900000000000046e-01 9.949080000000000146e-01 4.749999999999999990e-04 9.949069999999999858e-01 -1.007910000000000056e-01 7.399999999999999894e-04
3.000000000000000000e+00 1.200000000000000000e+01 1.500000000000000000e+01 0.000000000000000000e+00 1.600000000000000089e+00 -1.487000000000000040e-03 1.422000000000000087e-03 -9.999980000000000535e-01 -4.702899999999999858e-01 -8.825119999999999632e-01 -5.550000000000000462e-04 -8.825110000000000454e-01 4.702879999999999838e-01 1.981000000000000122e-03
1.200000000000000000e+01 1.200000000000000000e+01 1.500000000000000000e+01 0.000000000000000000e+00 1.600000000000000089e+00 -9.790000000000000525e-04 2.480000000000000108e-04 -1.000000000000000000e+00 -4.687009999999999788e-01 -8.833569999999999478e-01 2.400000000000000061e-04 -8.833560000000000301e-01 4.687009999999999788e-01 9.810000000000001011e-04
2.200000000000000000e+01 1.200000000000000000e+01 1.500000000000000000e+01 0.000000000000000000e+00 1.600000000000000089e+00 3.539999999999999853e-04 4.699999999999999859e-04 -1.000000000000000000e+00 -4.676660000000000261e-01 -8.839050000000000518e-01 -5.810000000000000277e-04 -8.839050000000000518e-01 4.676660000000000261e-01 -9.299999999999999727e-05
8.000000000000000000e+00 1.100000000000000000e+01 1.600000000000000000e+01 0.000000000000000000e+00 1.600000000000000089e+00 -8.660000000000000163e-04 -2.386000000000000100e-03 -9.999970000000000248e-01 -4.166839999999999988e-01 -9.090479999999999672e-01 2.530000000000000131e-03 -9.090510000000000534e-01 4.166839999999999988e-01 -2.069999999999999900e-04
1.100000000000000000e+01 1.100000000000000000e+01 1.600000000000000000e+01 0.000000000000000000e+00 1.600000000000000089e+00 -1.036999999999999944e-03 -5.879999999999999810e-04 -9.999989999999999712e-01 -4.169820000000000193e-01 -9.089139999999999997e-01 9.669999999999999776e-04 -9.089139999999999997e-01 4.169829999999999925e-01 6.970000000000000284e-04
1.500000000000000000e+01 1.100000000000000000e+01 1.600000000000000000e+01 0.000000000000000000e+00 1.600000000000000089e+00 -1.093000000000000005e-03 3.722000000000000048e-03 -9.999919999999999920e-01 -4.185479999999999756e-01 -9.081900000000000528e-01 -2.922999999999999817e-03 -9.081939999999999458e-01 4.185420000000000251e-01 2.550999999999999882e-03
1.300000000000000000e+01 1.160000000000000000e+02 1.600000000000000000e+01 0.000000000000000000e+00 1.600000000000000089e+00 1.559999999999999972e-03 1.887999999999999921e-03 9.999970000000000248e-01 6.942939999999999667e-01 7.196879999999999944e-01 -2.442000000000000160e-03 -7.196900000000000519e-01 6.942949999999999955e-01 -1.879999999999999890e-04
2.600000000000000000e+01 1.160000000000000000e+02 1.600000000000000000e+01 0.000000000000000000e+00 1.600000000000000089e+00 -1.832000000000000078e-03 -9.280000000000000054e-04 9.999980000000000535e-01 7.077970000000000095e-01 7.064129999999999576e-01 1.951999999999999959e-03 -7.064129999999999576e-01 7.077989999999999560e-01 -6.369999999999999794e-04
3.000000000000000000e+01 1.160000000000000000e+02 1.600000000000000000e+01 0.000000000000000000e+00 1.600000000000000089e+00 -4.232999999999999784e-03 -1.533000000000000074e-03 9.999900000000000455e-01 7.183420000000000361e-01 6.956780000000000186e-01 4.107000000000000407e-03 -6.956780000000000186e-01 7.183519999999999905e-01 -1.843999999999999936e-03
4.000000000000000000e+00 2.000000000000000000e+00 1.900000000000000000e+01 0.000000000000000000e+00 1.600000000000000089e+00 1.632999999999999903e-03 -2.922999999999999817e-03 -9.999940000000000495e-01 1.885380000000000111e-01 -9.820609999999999618e-01 3.177999999999999835e-03 -9.820649999999999658e-01 -1.885419999999999874e-01 -1.052999999999999900e-03
8.000000000000000000e+00 2.000000000000000000e+00 1.900000000000000000e+01 0.000000000000000000e+00 1.600000000000000089e+00 -1.948000000000000079e-03 9.030000000000000483e-04 -9.999980000000000535e-01 1.862429999999999919e-01 -9.825030000000000152e-01 -1.250999999999999942e-03 -9.825019999999999865e-01 -1.862449999999999939e-01 1.745999999999999939e-03
1.200000000000000000e+01 2.000000000000000000e+00 1.900000000000000000e+01 0.000000000000000000e+00 1.600000000000000089e+00 -3.798999999999999860e-03 7.979999999999999897e-04 -9.999919999999999920e-01 1.835330000000000017e-01 -9.830119999999999969e-01 -1.482000000000000027e-03 -9.830060000000000464e-01 -1.835370000000000057e-01 3.588000000000000043e-03
1.700000000000000000e+01 2.000000000000000000e+00 1.900000000000000000e+01 0.000000000000000000e+00 1.600000000000000089e+00 3.950000000000000061e-04 -7.576000000000000269e-03 -9.999710000000000543e-01 1.791669999999999929e-01 -9.837900000000000533e-01 7.524999999999999571e-03 -9.838189999999999991e-01 -1.791649999999999909e-01 9.690000000000000262e-04
6.000000000000000000e+00 4.000000000000000000e+00 2.000000000000000000e+01 0.000000000000000000e+00 1.600000000000000089e+00 2.095000000000000074e-03 -5.599999999999999916e-05 -9.999980000000000535e-01 2.831679999999999753e-01 -9.590699999999999781e-01 6.470000000000000057e-04 -9.590680000000000316e-01 -2.831690000000000040e-01 -1.992999999999999980e-03
1.200000000000000000e+01 4.000000000000000000e+00 2.000000000000000000e+01 0.000000000000000000e+00 1.600000000000000089e+00 -5.786999999999999610e-03 3.246999999999999886e-03 -9.999780000000000335e-01 2.758700000000000041e-01 -9.611830000000000096e-01 -4.717999999999999972e-03 -9.611779999999999768e-01 -2.758909999999999973e-01 4.667000000000000141e-03
1.600000000000000000e+01 4.000000000000000000e+00 2.000000000000000000e+01 0.000000000000000000e+00 1.600000000000000089e+00 -2.272000000000000148e-03 -9.372000000000000122e-03 -9.999529999999999808e-01 2.809940000000000215e-01 -9.596729999999999983e-01 8.356000000000000580e-03 -9.597069999999999768e-01 -2.809619999999999895e-01 4.813999999999999703e-03
1.000000000000000000e+00 1.300000000000000000e+01 2.000000000000000000e+01 0.000000000000000000e+00 1.600000000000000089e+00 -3.209000000000000047e-03 -9.263999999999999665e-03 9.999519999999999520e-01 2.569750000000000090e-01 9.663690000000000335e-01 9.776999999999999233e-03 -9.664129999999999665e-01 2.569940000000000002e-01 -7.200000000000000453e-04
6.000000000000000000e+00 1.300000000000000000e+01 2.000000000000000000e+01 0.000000000000000000e+00 1.600000000000000089e+00 -1.376999999999999969e-03 1.123999999999999999e-03 9.999980000000000535e-01 2.559799999999999853e-01 9.666820000000000412e-01 -7.349999999999999763e-04 -9.666810000000000125e-01 2.559790000000000121e-01 -1.618000000000000081e-03
1.300000000000000000e+01 1.300000000000000000e+01 2.000000000000000000e+01 0.000000000000000000e+00 1.600000000000000089e+00 -4.629999999999999784e-04 -8.100000000000000375e-05 1.000000000000000000e+00 2.526720000000000077e-01 9.675519999999999676e-01 1.959999999999999937e-04 -9.675519999999999676e-01 2.526720000000000077e-01 -4.270000000000000249e-04
2.000000000000000000e+01 1.300000000000000000e+01 2.000000000000000000e+01 0.000000000000000000e+00 1.600000000000000089e+00 -4.739999999999999747e-04 -3.497999999999999807e-03 9.999940000000000495e-01 2.551080000000000014e-01 9.669060000000000432e-01 3.503000000000000037e-03 -9.669130000000000225e-01 2.551080000000000014e-01 4.339999999999999782e-04
2.500000000000000000e+01 1.300000000000000000e+01 2.000000000000000000e+01 0.000000000000000000e+00 1.600000000000000089e+00 -5.950000000000000427e-04 -2.745000000000000044e-03 9.999959999999999960e-01 2.571880000000000277e-01 9.663570000000000215e-01 2.805000000000000202e-03 -9.663610000000000255e-01 2.571880000000000277e-01 1.310000000000000129e-04
5.000000000000000000e+00 1.600000000000000000e+01 2.100000000000000000e+01 0.000000000000000000e+00 1.600000000000000089e+00 -2.001999999999999873e-03 -3.562000000000000062e-03 9.999919999999999920e-01 2.974640000000000062e-01 9.547250000000000458e-01 3.996000000000000420e-03 -9.547309999999999963e-01 2.974689999999999834e-01 -8.520000000000000013e-04
9.000000000000000000e+00 1.600000000000000000e+01 2.100000000000000000e+01 0.000000000000000000e+00 1.600000000000000089e+00 -1.123000000000000083e-03 3.987000000000000093e-03 9.999909999999999632e-01 2.980240000000000111e-01 9.545519999999999561e-01 -3.471000000000000127e-03 -9.545580000000000176e-01 2.980180000000000051e-01 -2.260999999999999989e-03
1.300000000000000000e+01 1.600000000000000000e+01 2.100000000000000000e+01 0.000000000000000000e+00 1.600000000000000089e+00 -5.890000000000000053e-04 2.148999999999999869e-03 9.999970000000000248e-01 2.966539999999999733e-01 9.549830000000000263e-01 -1.876999999999999979e-03 -9.549849999999999728e-01 2.966520000000000268e-01 -1.199999999999999895e-03
2.100000000000000000e+01 1.600000000000000000e+01 2.100000000000000000e+01 0.000000000000000000e+00 1.600000000000000089e+00 -4.699999999999999859e-04 -5.825999999999999582e-03 9.999829999999999552e-01 2.970200000000000062e-01 9.548539999999999806e-01 5.702999999999999736e-03 -9.548710000000000253e-01 2.970180000000000042e-01 1.281999999999999936e-03
2.500000000000000000e+01 1.600000000000000000e+01 2.100000000000000000e+01 0.000000000000000000e+00 1.600000000000000089e+00 -3.950000000000000061e-04 -4.360000000000000160e-03 9.999900000000000455e-01 2.968069999999999875e-01 9.549279999999999990e-01 4.281000000000000083e-03 -9.549370000000000358e-01 2.968060000000000143e-01 9.169999999999999549e-04
2.800000000000000000e+01 1.600000000000000000e+01 2.100000000000000000e+01 0.000000000000000000e+00 1.600000000000000089e+00 -7.550000000000000287e-04 -2.000000000000000096e-04 1.000000000000000000e+00 2.967969999999999775e-01 9.549400000000000110e-01 4.150000000000000043e-04 -9.549400000000000110e-01 2.967980000000000063e-01 -6.610000000000000207e-04
4.000000000000000000e+00 3.000000000000000000e+00 2.500000000000000000e+01 0.000000000000000000e+00 1.600000000000000089e+00 -7.849999999999999990e-04 -2.099000000000000171e-03 9.999970000000000248e-01 -4.290900000000000269e-02 -9.990769999999999929e-01 -2.129999999999999949e-03 9.990790000000000504e-01 -4.290999999999999676e-02 6.939999999999999555e-04
8.000000000000000000e+00 3.000000000000000000e+00 2.500000000000000000e+01 0.000000000000000000e+00 1.600000000000000089e+00 -3.474999999999999790e-03 1.286000000000000034e-03 9.999930000000000208e-01 -3.785999999999999782e-02 -9.992820000000000036e-01 1.152999999999999945e-03 9.992769999999999708e-01 -3.785499999999999976e-02 3.520999999999999824e-03
1.500000000000000000e+01 3.000000000000000000e+00 2.500000000000000000e+01 0.000000000000000000e+00 1.600000000000000089e+00 2.272000000000000148e-03 3.191999999999999959e-03 9.999919999999999920e-01 -3.919500000000000067e-02 -9.992259999999999476e-01 3.278000000000000098e-03 9.992290000000000338e-01 -3.920200000000000073e-02 -2.145000000000000205e-03
2.500000000000000000e+01 3.000000000000000000e+00 2.500000000000000000e+01 0.000000000000000000e+00 1.600000000000000089e+00 -7.689999999999999787e-03 -7.200000000000000453e-04 9.999700000000000255e-01 -2.966999999999999846e-02 -9.995589999999999753e-01 -9.479999999999999495e-04 9.995300000000000296e-01 -2.967699999999999852e-02 7.664999999999999938e-03
3.000000000000000000e+00 4.600000000000000000e+01 2.700000000000000000e+01 0.000000000000000000e+00 1.600000000000000089e+00 2.860999999999999828e-03 2.014999999999999864e-03 -9.999940000000000495e-01 6.589939999999999687e-01 7.521409999999999485e-01 3.400999999999999943e-03 7.521430000000000060e-01 -6.590000000000000302e-01 8.239999999999999712e-04
1.400000000000000000e+01 4.600000000000000000e+01 2.700000000000000000e+01 0.000000000000000000e+00 1.600000000000000089e+00 2.113999999999999994e-03 1.815999999999999906e-03 -9.999959999999999960e-01 6.629270000000000440e-01 7.486789999999999834e-01 2.760999999999999999e-03 7.486810000000000409e-01 -6.629300000000000193e-01 3.789999999999999966e-04
2.200000000000000000e+01 4.600000000000000000e+01 2.700000000000000000e+01 0.000000000000000000e+00 1.600000000000000089e+00 -2.155999999999999930e-03 -3.034999999999999937e-03 -9.999930000000000208e-01 6.610129999999999617e-01 7.503659999999999775e-01 -3.703000000000000128e-03 7.503720000000000390e-01 -6.610160000000000480e-01 3.890000000000000228e-04
2.700000000000000000e+01 4.600000000000000000e+01 3.000000000000000000e+01 0.000000000000000000e+00 1.600000000000000089e+00 -1.505000000000000044e-03 -1.016999999999999892e-03 -9.999980000000000535e-01 3.239819999999999922e-01 9.460619999999999585e-01 -1.448999999999999984e-03 9.460619999999999585e-01 -3.239839999999999942e-01 -1.093999999999999920e-03
7.000000000000000000e+00 5.800000000000000000e+01 3.100000000000000000e+01 0.000000000000000000e+00 1.600000000000000089e+00 -2.086000000000000180e-03 3.596999999999999937e-03 9.999909999999999632e-01 -7.948290000000000077e-01 -6.068329999999999558e-01 5.249999999999999676e-04 6.068299999999999805e-01 -7.948209999999999997e-01 4.125000000000000194e-03
1.300000000000000000e+01 5.800000000000000000e+01 3.100000000000000000e+01 0.000000000000000000e+00 1.600000000000000089e+00 7.820000000000000345e-04 3.609999999999999928e-04 1.000000000000000000e+00 -7.947560000000000180e-01 -6.069280000000000230e-01 8.400000000000000348e-04 6.069280000000000230e-01 -7.947570000000000467e-01 -1.879999999999999890e-04
1.700000000000000000e+01 5.800000000000000000e+01 3.100000000000000000e+01 0.000000000000000000e+00 1.600000000000000089e+00 1.479999999999999979e-03 5.119999999999999768e-04 9.999989999999999712e-01 -7.951820000000000555e-01 -6.063690000000000468e-01 1.487999999999999956e-03 6.063690000000000468e-01 -7.951829999999999732e-01 -4.899999999999999842e-04
2.300000000000000000e+01 5.800000000000000000e+01 3.100000000000000000e+01 0.000000000000000000e+00 1.600000000000000089e+00 -5.069999999999999637e-04 5.119999999999999768e-04 1.000000000000000000e+00 -7.929079999999999462e-01 -6.093410000000000215e-01 -9.000000000000000567e-05 6.093410000000000215e-01 -7.929079999999999462e-01 7.150000000000000322e-04
1.700000000000000000e+01 6.000000000000000000e+00 3.200000000000000000e+01 0.000000000000000000e+00 1.600000000000000089e+00 -2.199000000000000000e-03 -6.059000000000000150e-03 -9.999789999999999512e-01 1.379019999999999968e-01 9.904260000000000286e-01 -6.304999999999999841e-03 9.904429999999999623e-01 -1.379130000000000078e-01 -1.343000000000000010e-03
2.200000000000000000e+01 6.000000000000000000e+00 3.200000000000000000e+01 0.000000000000000000e+00 1.600000000000000089e+00 -3.694999999999999934e-03 -3.338999999999999954e-03 -9.999879999999999880e-01 1.414070000000000049e-01 9.899440000000000461e-01 -3.827999999999999806e-03 9.899449999999999639e-01 -1.414189999999999892e-01 -3.186000000000000030e-03
2.000000000000000000e+00 4.600000000000000000e+01 3.500000000000000000e+01 0.000000000000000000e+00 1.600000000000000089e+00 -1.317000000000000028e-03 1.630000000000000047e-04 -9.999989999999999712e-01 3.834770000000000123e-01 -9.235499999999999821e-01 -6.560000000000000076e-04 -9.235499999999999821e-01 -3.834770000000000123e-01 1.154000000000000078e-03
8.000000000000000000e+00 4.600000000000000000e+01 3.500000000000000000e+01 0.000000000000000000e+00 1.600000000000000089e+00 1.005000000000000034e-03 -2.509999999999999753e-04 -1.000000000000000000e+00 3.843440000000000190e-01 -9.231899999999999551e-01 6.179999999999999513e-04 -9.231890000000000374e-01 -3.843440000000000190e-01 -8.310000000000000329e-04
1.300000000000000000e+01 4.600000000000000000e+01 3.500000000000000000e+01 0.000000000000000000e+00 1.600000000000000089e+00 -1.310000000000000129e-04 -1.789999999999999870e-04 -1.000000000000000000e+00 3.846229999999999927e-01 -9.230739999999999501e-01 1.150000000000000035e-04 -9.230739999999999501e-01 -3.846229999999999927e-01 1.890000000000000133e-04
2.100000000000000000e+01 4.600000000000000000e+01 3.500000000000000000e+01 0.000000000000000000e+00 1.600000000000000089e+00 -1.079000000000000098e-03 5.479999999999999845e-04 -9.999989999999999712e-01 3.822420000000000262e-01 -9.240620000000000500e-01 -9.190000000000000035e-04 -9.240620000000000500e-01 -3.822429999999999994e-01 7.879999999999999635e-04
2.600000000000000000e+01 4.600000000000000000e+01 3.500000000000000000e+01 0.000000000000000000e+00 1.600000000000000089e+00 5.379999999999999583e-04 5.640000000000000482e-04 -1.000000000000000000e+00 3.815749999999999975e-01 -9.243379999999999930e-01 -3.159999999999999832e-04 -9.243379999999999930e-01 -3.815749999999999975e-01 -7.129999999999999836e-04
5.000000000000000000e+00 9.500000000000000000e+01 3.600000000000000000e+01 0.000000000000000000e+00 1.600000000000000089e+00 1.171799999999999925e-02 1.561700000000000067e-02 9.998089999999999478e-01 9.966270000000000406e-01 8.103499999999999592e-02 -1.294599999999999917e-02 -8.122100000000000153e-02 9.965889999999999471e-01 -1.461400000000000025e-02
1.000000000000000000e+01 9.500000000000000000e+01 3.600000000000000000e+01 0.000000000000000000e+00 1.600000000000000089e+00 1.034099999999999950e-02 5.179999999999999709e-03 9.999329999999999607e-01 9.965159999999999574e-01 8.270399999999999974e-02 -1.073400000000000049e-02 -8.275399999999999423e-02 9.965610000000000301e-01 -4.307000000000000065e-03
1.500000000000000000e+01 9.500000000000000000e+01 3.600000000000000000e+01 0.000000000000000000e+00 1.600000000000000089e+00 2.671000000000000197e-03 1.896799999999999875e-02 9.998169999999999558e-01 9.966599999999999904e-01 8.155199999999999949e-02 -4.209000000000000068e-03 -8.161699999999999511e-02 9.964889999999999581e-01 -1.868699999999999875e-02
2.100000000000000000e+01 9.500000000000000000e+01 3.600000000000000000e+01 0.000000000000000000e+00 1.600000000000000089e+00 -2.944000000000000002e-03 -1.493000000000000056e-02 9.998839999999999950e-01 9.961269999999999847e-01 8.781799999999999329e-02 4.244000000000000376e-03 -8.787100000000000466e-02 9.960250000000000492e-01 1.461400000000000025e-02
2.600000000000000000e+01 9.500000000000000000e+01 3.600000000000000000e+01 0.000000000000000000e+00 1.600000000000000089e+00 -4.415999999999999787e-03 -6.250000000000000130e-04 9.999900000000000455e-01 9.957660000000000400e-01 9.181100000000000372e-02 4.453999999999999626e-03 -9.181300000000000572e-02 9.957759999999999945e-01 2.169999999999999891e-04
3.000000000000000000e+01 9.500000000000000000e+01 3.600000000000000000e+01 0.000000000000000000e+00 1.600000000000000089e+00 -7.979999999999999897e-04 -1.276999999999999923e-03 9.999989999999999712e-01 9.958550000000000457e-01 9.094700000000000006e-02 9.110000000000000259e-04 -9.094800000000000106e-02 9.958550000000000457e-01 1.198999999999999979e-03
3.000000000000000000e+00 3.000000000000000000e+00 4.300000000000000000e+01 0.000000000000000000e+00 1.600000000000000089e+00 2.099999999999999870e-03 1.994399999999999992e-02 -9.997989999999999933e-01 7.401349999999999874e-01 -6.723540000000000072e-01 -1.185800000000000048e-02 -6.724550000000000249e-01 -7.399609999999999799e-01 -1.617299999999999988e-02
1.100000000000000000e+01 3.000000000000000000e+00 4.300000000000000000e+01 0.000000000000000000e+00 1.600000000000000089e+00 -4.194999999999999944e-03 -4.240399999999999725e-02 -9.990919999999999801e-01 7.389219999999999677e-01 -6.733090000000000463e-01 2.547400000000000012e-02 -6.737779999999999880e-01 -7.381440000000000223e-01 3.415800000000000086e-02
1.800000000000000000e+01 3.000000000000000000e+00 4.300000000000000000e+01 0.000000000000000000e+00 1.600000000000000089e+00 -7.506999999999999784e-03 -5.754800000000000193e-02 -9.983140000000000347e-01 7.438730000000000064e-01 -6.675109999999999655e-01 3.288499999999999757e-02 -6.682789999999999564e-01 -7.423729999999999496e-01 4.781900000000000039e-02
2.300000000000000000e+01 3.000000000000000000e+00 4.300000000000000000e+01 0.000000000000000000e+00 1.600000000000000089e+00 -7.846999999999999809e-03 -2.945899999999999908e-02 -9.995349999999999513e-01 7.463100000000000289e-01 -6.654569999999999652e-01 1.375400000000000060e-02 -6.655529999999999502e-01 -7.458550000000000457e-01 2.720699999999999855e-02
2.700000000000000000e+01 3.000000000000000000e+00 4.300000000000000000e+01 0.000000000000000000e+00 1.600000000000000089e+00 -6.297999999999999779e-03 -1.198800000000000039e-02 -9.999080000000000190e-01 7.474180000000000268e-01 -6.643459999999999921e-01 3.258000000000000045e-03 -6.643240000000000256e-01 -7.473290000000000211e-01 1.314399999999999943e-02
3.000000000000000000e+00 8.000000000000000000e+00 4.400000000000000000e+01 0.000000000000000000e+00 1.600000000000000089e+00 8.220000000000000310e-04 1.362000000000000016e-02 9.999069999999999903e-01 -7.817060000000000120e-01 -6.235800000000000232e-01 9.136000000000000024e-03 6.236460000000000337e-01 -7.816410000000000302e-01 1.013400000000000065e-02
2.700000000000000000e+01 8.000000000000000000e+00 4.400000000000000000e+01 0.000000000000000000e+00 1.600000000000000089e+00 -3.930000000000000117e-04 -3.328999999999999928e-03 9.999940000000000495e-01 -7.671860000000000346e-01 -6.414199999999999902e-01 -2.435999999999999797e-03 6.414239999999999942e-01 -7.671829999999999483e-01 -2.301999999999999793e-03
2.000000000000000000e+00 2.900000000000000000e+01 4.400000000000000000e+01 0.000000000000000000e+00 1.600000000000000089e+00 -3.007000000000000124e-03 3.559999999999999797e-03 -9.999890000000000168e-01 6.684719999999999551e-01 7.437369999999999814e-01 6.380000000000000037e-04 7.437319999999999487e-01 -6.684620000000000006e-01 -4.616999999999999577e-03
1.000000000000000000e+01 2.900000000000000000e+01 4.400000000000000000e+01 0.000000000000000000e+00 1.600000000000000089e+00 -5.969999999999999829e-04 2.681999999999999922e-03 -9.999959999999999960e-01 6.612590000000000412e-01 7.501560000000000450e-01 1.616999999999999948e-03 7.501569999999999627e-01 -6.612559999999999549e-01 -2.222000000000000017e-03
1.500000000000000000e+01 2.900000000000000000e+01 4.400000000000000000e+01 0.000000000000000000e+00 1.600000000000000089e+00 9.129999999999999661e-04 2.469999999999999973e-03 -9.999970000000000248e-01 6.561860000000000470e-01 7.545950000000000157e-01 2.462999999999999912e-03 7.545979999999999910e-01 -6.561860000000000470e-01 -9.319999999999999942e-04
2.000000000000000000e+01 2.900000000000000000e+01 4.400000000000000000e+01 0.000000000000000000e+00 1.600000000000000089e+00 1.399999999999999986e-03 -2.053999999999999836e-03 -9.999970000000000248e-01 6.550740000000000451e-01 7.555640000000000134e-01 -6.350000000000000392e-04 7.555629999999999846e-01 -6.550709999999999589e-01 2.403000000000000188e-03
2.300000000000000000e+01 2.900000000000000000e+01 4.400000000000000000e+01 0.000000000000000000e+00 1.600000000000000089e+00 1.428000000000000016e-03 -3.794000000000000063e-03 -9.999919999999999920e-01 6.567669999999999897e-01 7.540909999999999558e-01 -1.923000000000000013e-03 7.540919999999999845e-01 -6.567589999999999817e-01 3.569000000000000124e-03
3.000000000000000000e+01 2.900000000000000000e+01 4.400000000000000000e+01 0.000000000000000000e+00 1.600000000000000089e+00 5.120000000000000419e-03 -3.582000000000000114e-03 -9.999799999999999800e-01 6.662529999999999841e-01 7.457249999999999712e-01 7.399999999999999894e-04 7.457080000000000375e-01 -6.662439999999999474e-01 6.204999999999999578e-03
4.000000000000000000e+00 5.400000000000000000e+01 4.600000000000000000e+01 0.000000000000000000e+00 1.600000000000000089e+00 2.380000000000000117e-04 -9.745000000000000190e-03 9.999519999999999520e-01 3.083259999999999890e-01 -9.512350000000000527e-01 -9.343000000000000610e-03 9.512810000000000432e-01 3.083130000000000037e-01 2.778000000000000087e-03
1.400000000000000000e+01 5.400000000000000000e+01 4.600000000000000000e+01 0.000000000000000000e+00 1.600000000000000089e+00 5.410000000000000312e-04 -9.591999999999999832e-03 9.999540000000000095e-01 3.175060000000000104e-01 -9.482110000000000261e-01 -9.266999999999999196e-03 9.482559999999999878e-01 3.174960000000000004e-01 2.531999999999999963e-03
3.000000000000000000e+00 6.300000000000000000e+01 5.400000000000000000e+01 0.000000000000000000e+00 1.600000000000000089e+00 -6.999999999999999929e-04 1.637999999999999916e-03 9.999980000000000535e-01 -3.646369999999999889e-01 9.311479999999999757e-01 -1.781000000000000031e-03 -9.311500000000000332e-01 -3.646369999999999889e-01 -5.399999999999999798e-05
7.000000000000000000e+00 6.300000000000000000e+01 5.400000000000000000e+01 0.000000000000000000e+00 1.600000000000000089e+00 -1.884000000000000041e-03 1.900999999999999912e-03 9.999959999999999960e-01 -3.533459999999999934e-01 9.354890000000000150e-01 -2.443999999999999992e-03 -9.354909999999999615e-01 -3.533499999999999974e-01 -1.090000000000000040e-03
1.100000000000000000e+01 6.300000000000000000e+01 5.400000000000000000e+01 0.000000000000000000e+00 1.600000000000000089e+00 1.800000000000000113e-04 4.318999999999999923e-03 9.999909999999999632e-01 -3.486620000000000275e-01 9.372399999999999620e-01 -3.984999999999999827e-03 -9.372489999999999988e-01 -3.486580000000000235e-01 1.675000000000000057e-03
1.500000000000000000e+01 6.300000000000000000e+01 5.400000000000000000e+01 0.000000000000000000e+00 1.600000000000000089e+00 -2.130000000000000003e-04 4.749999999999999990e-04 1.000000000000000000e+00 -3.477180000000000271e-01 9.375989999999999602e-01 -5.190000000000000386e-04 -9.375989999999999602e-01 -3.477180000000000271e-01 -3.499999999999999693e-05
2.600000000000000000e+01 6.300000000000000000e+01 5.400000000000000000e+01 0.000000000000000000e+00 1.600000000000000089e+00 1.824000000000000100e-03 -1.034999999999999896e-03 9.999980000000000535e-01 -3.577420000000000044e-01 9.338189999999999547e-01 1.618999999999999996e-03 -9.338189999999999547e-01 -3.577449999999999797e-01 1.332999999999999984e-03
3.000000000000000000e+01 6.300000000000000000e+01 5.400000000000000000e+01 0.000000000000000000e+00 1.600000000000000089e+00 7.900000000000000121e-04 1.126000000000000048e-03 9.999989999999999712e-01 -3.614100000000000090e-01 9.324069999999999858e-01 -7.640000000000000306e-04 -9.324069999999999858e-01 -3.614089999999999803e-01 1.144000000000000052e-03
2.000000000000000000e+00 2.500000000000000000e+01 5.500000000000000000e+01 0.000000000000000000e+00 1.600000000000000089e+00 1.669999999999999935e-04 2.004000000000000139e-03 -9.999980000000000535e-01 -1.029399999999999933e-02 -9.999449999999999728e-01 -2.004999999999999838e-03 -9.999470000000000303e-01 1.029500000000000033e-02 -1.469999999999999953e-04
6.000000000000000000e+00 2.500000000000000000e+01 5.500000000000000000e+01 0.000000000000000000e+00 1.600000000000000089e+00 -7.700000000000000139e-05 -1.675999999999999972e-03 -9.999989999999999712e-01 -1.009700000000000007e-02 -9.999479999999999480e-01 1.677000000000000105e-03 -9.999489999999999768e-01 1.009700000000000007e-02 6.000000000000000152e-05
1.400000000000000000e+01 2.500000000000000000e+01 5.500000000000000000e+01 0.000000000000000000e+00 1.600000000000000089e+00 4.569999999999999952e-04 -1.510000000000000112e-04 -1.000000000000000000e+00 -1.076200000000000073e-02 -9.999419999999999975e-01 1.469999999999999953e-04 -9.999419999999999975e-01 1.076200000000000073e-02 -4.589999999999999896e-04
2.000000000000000000e+01 2.500000000000000000e+01 5.500000000000000000e+01 0.000000000000000000e+00 1.600000000000000089e+00 1.056999999999999997e-03 -2.018999999999999961e-03 -9.999970000000000248e-01 -1.214900000000000008e-02 -9.999240000000000350e-01 2.005999999999999971e-03 -9.999259999999999815e-01 1.214699999999999981e-02 -1.080999999999999930e-03
2.400000000000000000e+01 2.500000000000000000e+01 5.500000000000000000e+01 0.000000000000000000e+00 1.600000000000000089e+00 5.280000000000000405e-04 1.910999999999999938e-03 -9.999980000000000535e-01 -1.296500000000000083e-02 -9.999139999999999695e-01 -1.918000000000000000e-03 -9.999160000000000270e-01 1.296600000000000009e-02 -5.039999999999999992e-04
4.000000000000000000e+00 6.800000000000000000e+01 5.700000000000000000e+01 0.000000000000000000e+00 1.600000000000000089e+00 1.510000000000000057e-03 3.438000000000000084e-03 -9.999930000000000208e-01 -2.458480000000000110e-01 -9.693009999999999682e-01 -3.703999999999999827e-03 -9.693070000000000297e-01 2.458509999999999862e-01 -6.189999999999999756e-04
6.000000000000000000e+00 2.100000000000000000e+01 6.000000000000000000e+01 0.000000000000000000e+00 1.600000000000000089e+00 7.999999999999999638e-06 8.089000000000000704e-03 9.999670000000000503e-01 -9.534399999999999820e-02 9.954119999999999635e-01 -8.052000000000000129e-03 -9.954439999999999955e-01 -9.534099999999999520e-02 7.799999999999999859e-04
1.000000000000000000e+01 2.100000000000000000e+01 6.000000000000000000e+01 0.000000000000000000e+00 1.600000000000000089e+00 -8.159999999999999936e-04 2.359999999999999902e-04 1.000000000000000000e+00 -9.449699999999999767e-02 9.955249999999999932e-01 -3.119999999999999944e-04 -9.955249999999999932e-01 -9.449799999999999867e-02 -7.900000000000000121e-04
1.900000000000000000e+01 2.100000000000000000e+01 6.000000000000000000e+01 0.000000000000000000e+00 1.600000000000000089e+00 -9.020000000000000240e-04 -1.276000000000000007e-03 9.999989999999999712e-01 -9.671599999999999642e-02 9.953109999999999458e-01 1.182000000000000108e-03 -9.953119999999999745e-01 -9.671399999999999442e-02 -1.020999999999999989e-03
2.300000000000000000e+01 2.100000000000000000e+01 6.000000000000000000e+01 0.000000000000000000e+00 1.600000000000000089e+00 -2.377000000000000206e-03 -6.949000000000000316e-03 9.999730000000000008e-01 -9.740600000000000647e-02 9.952220000000000510e-01 6.683999999999999837e-03 -9.952419999999999600e-01 -9.738800000000000234e-02 -3.043000000000000132e-03
1.900000000000000000e+01 6.000000000000000000e+00 6.100000000000000000e+01 0.000000000000000000e+00 1.600000000000000089e+00 6.368000000000000396e-03 2.958999999999999825e-03 9.999749999999999472e-01 5.771330000000000071e-01 -8.166489999999999583e-01 -1.258999999999999920e-03 8.166250000000000453e-01 5.771269999999999456e-01 -6.908000000000000078e-03
1.000000000000000000e+01 3.000000000000000000e+00 6.300000000000000000e+01 0.000000000000000000e+00 1.600000000000000089e+00 -6.220000000000000485e-04 -3.359999999999999814e-04 1.000000000000000000e+00 -6.142320000000000002e-01 7.891249999999999654e-01 -1.169999999999999979e-04 -7.891249999999999654e-01 -6.142320000000000002e-01 -6.980000000000000527e-04
1.500000000000000000e+01 3.000000000000000000e+00 6.300000000000000000e+01 0.000000000000000000e+00 1.600000000000000089e+00 -1.012000000000000096e-03 1.136999999999999990e-03 9.999989999999999712e-01 -6.156409999999999938e-01 7.880249999999999755e-01 -1.518999999999999951e-03 -7.880260000000000042e-01 -6.156420000000000226e-01 -9.699999999999999963e-05
5.000000000000000000e+00 2.700000000000000000e+01 6.300000000000000000e+01 0.000000000000000000e+00 1.600000000000000089e+00 8.750000000000000182e-04 3.305999999999999911e-03 9.999940000000000495e-01 -2.799240000000000061e-01 9.600180000000000380e-01 -2.929000000000000180e-03 -9.600220000000000420e-01 -2.799200000000000021e-01 1.765999999999999992e-03
1.100000000000000000e+01 2.700000000000000000e+01 6.300000000000000000e+01 0.000000000000000000e+00 1.600000000000000089e+00 1.263000000000000017e-03 2.286999999999999970e-03 9.999970000000000248e-01 -2.815739999999999910e-01 9.595380000000000020e-01 -1.838999999999999923e-03 -9.595390000000000308e-01 -2.815699999999999870e-01 1.855000000000000095e-03
1.500000000000000000e+01 2.700000000000000000e+01 6.300000000000000000e+01 0.000000000000000000e+00 1.600000000000000089e+00 -2.339999999999999958e-04 3.419999999999999863e-03 9.999940000000000495e-01 -2.780929999999999791e-01 9.605479999999999574e-01 -3.350000000000000113e-03 -9.605540000000000189e-01 -2.780920000000000059e-01 7.259999999999999743e-04
