2.300000000000000000e+01 3.000000000000000000e+00 4.000000000000000000e+00 0.000000000000000000e+00 1.600000000000000089e+00 -2.028929999999999900e-01 -1.009990000000000054e-01 -9.739780000000000104e-01 -8.798049999999999482e-01 -4.178439999999999932e-01 2.266050000000000009e-01 -4.298580000000000179e-01 9.028869999999999951e-01 -4.081999999999999691e-03
1.000000000000000000e+01 6.000000000000000000e+00 4.000000000000000000e+00 0.000000000000000000e+00 1.600000000000000089e+00 -1.227560000000000040e-01 -9.941500000000000337e-02 -9.874450000000000172e-01 -8.549949999999999495e-01 -4.945910000000000029e-01 1.560850000000000015e-01 -5.038989999999999858e-01 8.634209999999999940e-01 -2.428500000000000103e-02
1.700000000000000000e+01 1.500000000000000000e+01 4.000000000000000000e+00 0.000000000000000000e+00 1.600000000000000089e+00 -4.200000000000000174e-04 -2.429200000000000109e-02 9.997049999999999548e-01 3.162860000000000116e-01 -9.483869999999999800e-01 -2.291199999999999834e-02 9.486639999999999517e-01 3.161829999999999918e-01 8.082000000000000642e-03
2.500000000000000000e+01 1.500000000000000000e+01 4.000000000000000000e+00 0.000000000000000000e+00 1.600000000000000089e+00 -5.640000000000000482e-04 -6.048999999999999690e-03 9.999820000000000375e-01 3.110899999999999777e-01 -9.503639999999999866e-01 -5.573999999999999962e-03 9.503800000000000026e-01 3.110820000000000252e-01 2.416999999999999878e-03
2.000000000000000000e+01 1.600000000000000000e+01 4.000000000000000000e+00 0.000000000000000000e+00 1.600000000000000089e+00 -6.700000000000000226e-04 -4.579999999999999870e-03 9.999890000000000168e-01 3.815279999999999783e-01 -9.243489999999999762e-01 -3.977999999999999765e-03 9.243569999999999842e-01 3.815219999999999723e-01 2.367000000000000180e-03
3.000000000000000000e+00 1.300000000000000000e+01 5.000000000000000000e+00 0.000000000000000000e+00 1.600000000000000089e+00 1.793200000000000002e-02 -9.600499999999999312e-02 9.952189999999999648e-01 3.648489999999999789e-01 -9.261129999999999640e-01 -9.591299999999999826e-02 9.308939999999999992e-01 3.648250000000000104e-01 1.841999999999999887e-02
2.000000000000000000e+00 1.000000000000000000e+00 6.000000000000000000e+00 0.000000000000000000e+00 1.600000000000000089e+00 2.190699999999999939e-02 -1.119730000000000031e-01 -9.934699999999999642e-01 -1.653320000000000067e-01 -9.804319999999999702e-01 1.068579999999999947e-01 -9.859949999999999548e-01 1.619109999999999994e-01 -3.999099999999999877e-02
2.000000000000000000e+00 1.010000000000000000e+02 7.000000000000000000e+00 0.000000000000000000e+00 1.600000000000000089e+00 2.700000000000000143e-03 -1.876799999999999996e-02 9.998200000000000420e-01 8.858359999999999568e-01 4.639559999999999795e-01 6.316999999999999699e-03 -4.639909999999999868e-01 8.856600000000000028e-01 1.787800000000000153e-02
1.600000000000000000e+01 1.010000000000000000e+02 7.000000000000000000e+00 0.000000000000000000e+00 1.600000000000000089e+00 -2.631000000000000092e-03 -7.931999999999999815e-03 9.999649999999999928e-01 8.862349999999999950e-01 4.631970000000000254e-01 6.006000000000000054e-03 -4.632290000000000019e-01 8.862200000000000077e-01 5.811000000000000193e-03
2.400000000000000000e+01 1.010000000000000000e+02 7.000000000000000000e+00 0.000000000000000000e+00 1.600000000000000089e+00 3.812999999999999983e-03 2.023000000000000059e-03 9.999909999999999632e-01 8.850580000000000114e-01 4.654599999999999849e-01 -4.316000000000000392e-03 -4.654650000000000176e-01 8.850670000000000481e-01 -1.599999999999999928e-05
3.000000000000000000e+01 1.010000000000000000e+02 7.000000000000000000e+00 0.000000000000000000e+00 1.600000000000000089e+00 7.060000000000000303e-03 -1.489999999999999897e-04 9.999749999999999472e-01 8.896460000000000479e-01 4.566080000000000139e-01 -6.212999999999999773e-03 -4.565960000000000019e-01 8.896680000000000144e-01 3.356000000000000042e-03
6.000000000000000000e+00 2.500000000000000000e+01 8.000000000000000000e+00 0.000000000000000000e+00 1.600000000000000089e+00 1.203999999999999992e-03 4.227999999999999987e-03 -9.999900000000000455e-01 4.391660000000000008e-01 8.983959999999999724e-01 4.327000000000000117e-03 8.984050000000000091e-01 -4.391669999999999741e-01 -7.749999999999999728e-04
1.100000000000000000e+01 2.500000000000000000e+01 8.000000000000000000e+00 0.000000000000000000e+00 1.600000000000000089e+00 6.740000000000000114e-04 -4.422999999999999848e-03 -9.999900000000000455e-01 4.407969999999999944e-01 8.975990000000000357e-01 -3.673000000000000050e-03 8.976060000000000150e-01 -4.407900000000000151e-01 2.553999999999999847e-03
1.700000000000000000e+01 2.500000000000000000e+01 8.000000000000000000e+00 0.000000000000000000e+00 1.600000000000000089e+00 -2.125000000000000153e-03 -1.474999999999999966e-03 -9.999970000000000248e-01 4.406479999999999841e-01 8.976769999999999472e-01 -2.259999999999999856e-03 8.976779999999999760e-01 -4.406510000000000149e-01 -1.258000000000000004e-03
2.400000000000000000e+01 2.500000000000000000e+01 8.000000000000000000e+00 0.000000000000000000e+00 1.600000000000000089e+00 -1.268000000000000030e-03 -6.223000000000000233e-03 -9.999799999999999800e-01 4.437769999999999770e-01 8.961160000000000236e-01 -6.139000000000000359e-03 8.961360000000000436e-01 -4.437760000000000038e-01 1.624999999999999925e-03
7.000000000000000000e+00 2.400000000000000000e+01 9.000000000000000000e+00 0.000000000000000000e+00 1.600000000000000089e+00 9.160000000000000390e-04 3.289999999999999956e-03 -9.999940000000000495e-01 4.460470000000000268e-01 8.950029999999999930e-01 3.353000000000000078e-03 8.950090000000000545e-01 -4.460470000000000268e-01 -6.470000000000000057e-04
1.700000000000000000e+01 2.400000000000000000e+01 9.000000000000000000e+00 0.000000000000000000e+00 1.600000000000000089e+00 -1.497000000000000067e-03 -2.710000000000000169e-03 -9.999949999999999672e-01 4.458969999999999878e-01 8.950789999999999580e-01 -3.093999999999999962e-03 8.950829999999999620e-01 -4.458989999999999898e-01 -1.310000000000000129e-04
2.500000000000000000e+01 2.400000000000000000e+01 9.000000000000000000e+00 0.000000000000000000e+00 1.600000000000000089e+00 -1.407999999999999963e-03 -7.544999999999999624e-03 -9.999710000000000543e-01 4.496640000000000081e-01 8.931670000000000442e-01 -7.372000000000000081e-03 8.931970000000000187e-01 -4.496609999999999774e-01 2.135000000000000179e-03
2.700000000000000000e+01 3.100000000000000000e+01 1.200000000000000000e+01 0.000000000000000000e+00 1.600000000000000089e+00 -1.669999999999999935e-04 2.762000000000000132e-03 9.999959999999999960e-01 -5.598999999999999810e-03 9.999810000000000088e-01 -2.762999999999999831e-03 -9.999839999999999840e-01 -5.599999999999999943e-03 -1.510000000000000112e-04
3.000000000000000000e+00 3.200000000000000000e+01 1.400000000000000000e+01 0.000000000000000000e+00 1.600000000000000089e+00 -8.450000000000000479e-04 -4.866999999999999799e-03 -9.999879999999999880e-01 1.243409999999999932e-01 9.922269999999999701e-01 -4.935000000000000150e-03 9.922389999999999821e-01 -1.243439999999999962e-01 -2.339999999999999958e-04
1.400000000000000000e+01 3.200000000000000000e+01 1.400000000000000000e+01 0.000000000000000000e+00 1.600000000000000089e+00 -1.090000000000000067e-04 1.889999999999999970e-03 -9.999980000000000535e-01 1.160719999999999946e-01 9.932389999999999830e-01 1.864999999999999904e-03 9.932410000000000405e-01 -1.160709999999999936e-01 -3.280000000000000038e-04
1.800000000000000000e+01 3.200000000000000000e+01 1.400000000000000000e+01 0.000000000000000000e+00 1.600000000000000089e+00 -2.959999999999999849e-04 1.396000000000000105e-03 -9.999989999999999712e-01 1.171699999999999964e-01 9.931109999999999660e-01 1.351999999999999903e-03 9.931119999999999948e-01 -1.171699999999999964e-01 -4.569999999999999952e-04
2.400000000000000000e+01 3.200000000000000000e+01 1.400000000000000000e+01 0.000000000000000000e+00 1.600000000000000089e+00 7.510000000000000399e-04 2.536000000000000060e-03 -9.999959999999999960e-01 1.126199999999999979e-01 9.936350000000000460e-01 2.603999999999999978e-03 9.936380000000000212e-01 -1.126219999999999999e-01 4.609999999999999840e-04
7.000000000000000000e+00 1.200000000000000000e+01 1.500000000000000000e+01 0.000000000000000000e+00 1.600000000000000089e+00 1.788000000000000093e-03 -4.410999999999999990e-03 -9.999890000000000168e-01 -4.336430000000000007e-01 -9.010789999999999633e-01 3.199000000000000021e-03 -9.010829999999999673e-01 4.336320000000000174e-01 -3.523999999999999789e-03
1.100000000000000000e+01 1.200000000000000000e+01 1.500000000000000000e+01 0.000000000000000000e+00 1.600000000000000089e+00 3.665999999999999988e-03 -3.235000000000000028e-03 -9.999879999999999880e-01 -4.461370000000000058e-01 -8.949639999999999818e-01 1.260000000000000052e-03 -8.949570000000000025e-01 4.461269999999999958e-01 -4.725000000000000033e-03
2.100000000000000000e+01 1.200000000000000000e+01 1.500000000000000000e+01 0.000000000000000000e+00 1.600000000000000089e+00 -1.010000000000000020e-04 -2.951000000000000064e-03 -9.999959999999999960e-01 -4.612240000000000228e-01 -8.872799999999999576e-01 2.664999999999999834e-03 -8.872839999999999616e-01 4.612229999999999941e-01 -1.270999999999999994e-03
2.700000000000000000e+01 1.200000000000000000e+01 1.500000000000000000e+01 0.000000000000000000e+00 1.600000000000000089e+00 -1.149999999999999981e-03 -3.408000000000000005e-03 -9.999940000000000495e-01 -4.650259999999999949e-01 -8.852900000000000214e-01 3.552000000000000036e-03 -8.852959999999999718e-01 4.650270000000000237e-01 -5.659999999999999884e-04
2.000000000000000000e+01 1.160000000000000000e+02 1.600000000000000000e+01 0.000000000000000000e+00 1.600000000000000089e+00 4.719999999999999803e-04 4.040000000000000080e-04 1.000000000000000000e+00 7.101830000000000087e-01 7.040170000000000039e-01 -6.199999999999999999e-04 -7.040170000000000039e-01 7.101830000000000087e-01 4.500000000000000283e-05
2.400000000000000000e+01 1.160000000000000000e+02 1.600000000000000000e+01 0.000000000000000000e+00 1.600000000000000089e+00 1.547999999999999897e-03 -1.768999999999999956e-03 9.999970000000000248e-01 7.090990000000000348e-01 7.051089999999999858e-01 1.499999999999999869e-04 -7.051070000000000393e-01 7.090969999999999773e-01 2.345999999999999995e-03
2.900000000000000000e+01 1.160000000000000000e+02 1.600000000000000000e+01 0.000000000000000000e+00 1.600000000000000089e+00 3.082000000000000104e-03 3.252999999999999815e-03 9.999900000000000455e-01 7.196150000000000047e-01 6.943589999999999485e-01 -4.477000000000000077e-03 -6.943660000000000387e-01 7.196219999999999839e-01 -2.010000000000000068e-04
7.000000000000000000e+00 2.000000000000000000e+00 1.900000000000000000e+01 0.000000000000000000e+00 1.600000000000000089e+00 -3.809900000000000092e-02 -6.855700000000000682e-02 -9.969189999999999996e-01 2.883999999999999897e-01 -9.559450000000000447e-01 5.471700000000000175e-02 -9.567520000000000469e-01 -2.854269999999999863e-01 5.619299999999999989e-02
1.200000000000000000e+01 2.000000000000000000e+00 1.900000000000000000e+01 0.000000000000000000e+00 1.600000000000000089e+00 -3.869600000000000123e-02 -6.787100000000000077e-02 -9.969430000000000236e-01 2.351850000000000052e-01 -9.702819999999999778e-01 5.692799999999999944e-02 -9.711800000000000432e-01 -2.322629999999999972e-01 5.350800000000000001e-02
1.600000000000000000e+01 2.000000000000000000e+00 1.900000000000000000e+01 0.000000000000000000e+00 1.600000000000000089e+00 -2.624100000000000044e-02 -6.006199999999999734e-02 -9.978500000000000147e-01 2.064090000000000091e-01 -9.770090000000000163e-01 5.337999999999999690e-02 -9.781140000000000390e-01 -2.045649999999999968e-01 3.803499999999999936e-02
2.500000000000000000e+01 2.000000000000000000e+00 1.900000000000000000e+01 0.000000000000000000e+00 1.600000000000000089e+00 1.520099999999999923e-02 -1.756299999999999875e-02 -9.997300000000000075e-01 2.325389999999999957e-01 -9.723690000000000389e-01 2.061800000000000091e-02 -9.724679999999999991e-01 -2.327889999999999959e-01 -1.069699999999999991e-02
2.900000000000000000e+01 2.000000000000000000e+00 1.900000000000000000e+01 0.000000000000000000e+00 1.600000000000000089e+00 1.296500000000000083e-02 -9.849999999999999815e-04 -9.999149999999999983e-01 2.339090000000000058e-01 -9.722499999999999476e-01 3.989999999999999623e-03 -9.721720000000000361e-01 -2.339410000000000101e-01 -1.237500000000000058e-02
3.000000000000000000e+00 3.000000000000000000e+00 1.900000000000000000e+01 0.000000000000000000e+00 1.600000000000000089e+00 -3.468399999999999955e-02 -6.236099999999999977e-02 -9.974509999999999765e-01 2.981199999999999961e-01 -9.532580000000000497e-01 4.923099999999999699e-02 -9.538980000000000237e-01 -2.956529999999999991e-01 5.165399999999999853e-02
1.000000000000000000e+00 1.300000000000000000e+01 2.000000000000000000e+01 0.000000000000000000e+00 1.600000000000000089e+00 -7.630000000000000063e-04 -3.609999999999999928e-03 9.999930000000000208e-01 2.646990000000000176e-01 9.643239999999999590e-01 3.684000000000000209e-03 -9.643310000000000493e-01 2.646999999999999909e-01 2.200000000000000078e-04
6.000000000000000000e+00 1.300000000000000000e+01 2.000000000000000000e+01 0.000000000000000000e+00 1.600000000000000089e+00 6.710000000000000469e-04 2.758000000000000035e-03 9.999959999999999960e-01 2.640810000000000102e-01 9.644960000000000200e-01 -2.837000000000000112e-03 -9.645000000000000240e-01 2.640819999999999834e-01 -8.200000000000000095e-05
9.000000000000000000e+00 1.300000000000000000e+01 2.000000000000000000e+01 0.000000000000000000e+00 1.600000000000000089e+00 3.730000000000000134e-04 -4.409999999999999858e-04 1.000000000000000000e+00 2.629830000000000223e-01 9.647999999999999909e-01 3.280000000000000038e-04 -9.647999999999999909e-01 2.629830000000000223e-01 4.760000000000000234e-04
1.300000000000000000e+01 1.300000000000000000e+01 2.000000000000000000e+01 0.000000000000000000e+00 1.600000000000000089e+00 -1.230000000000000082e-04 -4.807999999999999774e-03 9.999879999999999880e-01 2.646899999999999809e-01 9.643220000000000125e-01 4.669000000000000407e-03 -9.643340000000000245e-01 2.646870000000000056e-01 1.154000000000000078e-03
1.800000000000000000e+01 1.300000000000000000e+01 2.000000000000000000e+01 0.000000000000000000e+00 1.600000000000000089e+00 -9.500000000000000523e-05 3.710000000000000190e-04 1.000000000000000000e+00 2.651379999999999848e-01 9.642100000000000115e-01 -3.330000000000000169e-04 -9.642100000000000115e-01 2.651379999999999848e-01 -1.900000000000000105e-04
2.700000000000000000e+01 1.300000000000000000e+01 2.000000000000000000e+01 0.000000000000000000e+00 1.600000000000000089e+00 1.297999999999999892e-03 1.152999999999999945e-03 9.999989999999999712e-01 2.631359999999999810e-01 9.647580000000000044e-01 -1.453000000000000081e-03 -9.647580000000000044e-01 2.631379999999999830e-01 9.489999999999999738e-04
1.000000000000000000e+01 3.000000000000000000e+00 2.500000000000000000e+01 0.000000000000000000e+00 1.600000000000000089e+00 1.484000000000000076e-03 6.930000000000000396e-04 9.999989999999999712e-01 -4.024599999999999705e-02 -9.991889999999999938e-01 7.519999999999999558e-04 9.991889999999999938e-01 -4.024699999999999805e-02 -1.454999999999999913e-03
1.800000000000000000e+01 3.000000000000000000e+00 2.500000000000000000e+01 0.000000000000000000e+00 1.600000000000000089e+00 -2.027000000000000156e-03 -8.236000000000000265e-03 9.999639999999999640e-01 -4.017199999999999938e-02 -9.991579999999999906e-01 -8.311000000000000679e-03 9.991910000000000514e-01 -4.018800000000000150e-02 1.694999999999999892e-03
2.500000000000000000e+01 3.000000000000000000e+00 2.500000000000000000e+01 0.000000000000000000e+00 1.600000000000000089e+00 -2.860999999999999828e-03 -4.344999999999999904e-03 9.999860000000000415e-01 -3.613999999999999851e-02 -9.993370000000000308e-01 -4.445000000000000166e-03 9.993429999999999813e-01 -3.615199999999999664e-02 2.701999999999999975e-03
2.800000000000000000e+01 3.000000000000000000e+00 2.500000000000000000e+01 0.000000000000000000e+00 1.600000000000000089e+00 -1.051999999999999984e-03 7.610999999999999710e-03 9.999700000000000255e-01 -3.627099999999999769e-02 -9.993130000000000068e-01 7.566999999999999942e-03 9.993410000000000348e-01 -3.626200000000000256e-02 1.327000000000000055e-03
5.000000000000000000e+00 4.600000000000000000e+01 2.700000000000000000e+01 0.000000000000000000e+00 1.600000000000000089e+00 -5.379999999999999583e-04 2.467000000000000009e-03 -9.999970000000000248e-01 6.767450000000000410e-01 7.362159999999999815e-01 1.453000000000000081e-03 7.362170000000000103e-01 -6.767419999999999547e-01 -2.066000000000000128e-03
1.700000000000000000e+01 4.600000000000000000e+01 2.700000000000000000e+01 0.000000000000000000e+00 1.600000000000000089e+00 -1.987000000000000051e-03 -8.599999999999999789e-04 -9.999980000000000535e-01 6.774550000000000294e-01 7.355610000000000204e-01 -1.978999999999999856e-03 7.355610000000000204e-01 -6.774580000000000046e-01 -8.790000000000000070e-04
2.400000000000000000e+01 4.600000000000000000e+01 2.700000000000000000e+01 0.000000000000000000e+00 1.600000000000000089e+00 -2.970000000000000092e-04 1.489000000000000089e-03 -9.999989999999999712e-01 6.733099999999999641e-01 7.393600000000000172e-01 9.009999999999999997e-04 7.393600000000000172e-01 -6.733090000000000463e-01 -1.221999999999999996e-03
7.000000000000000000e+00 4.600000000000000000e+01 3.000000000000000000e+01 0.000000000000000000e+00 1.600000000000000089e+00 -2.869999999999999830e-04 2.138000000000000143e-03 -9.999980000000000535e-01 3.311939999999999884e-01 9.435609999999999831e-01 1.922000000000000097e-03 9.435630000000000406e-01 -3.311930000000000152e-01 -9.779999999999999197e-04
5.000000000000000000e+00 5.800000000000000000e+01 3.100000000000000000e+01 0.000000000000000000e+00 1.600000000000000089e+00 -1.791999999999999973e-03 -4.860999999999999870e-03 9.999869999999999592e-01 -8.135670000000000401e-01 -5.814550000000000551e-01 -4.283999999999999614e-03 5.814679999999999849e-01 -8.135639999999999539e-01 -2.912000000000000092e-03
1.000000000000000000e+01 5.800000000000000000e+01 3.100000000000000000e+01 0.000000000000000000e+00 1.600000000000000089e+00 2.347999999999999827e-03 1.033000000000000064e-03 9.999970000000000248e-01 -8.149290000000000145e-01 -5.795550000000000423e-01 2.511999999999999910e-03 5.795559999999999601e-01 -8.149319999999999897e-01 -5.190000000000000386e-04
1.400000000000000000e+01 5.800000000000000000e+01 3.100000000000000000e+01 0.000000000000000000e+00 1.600000000000000089e+00 -1.129000000000000012e-03 -3.040000000000000167e-03 9.999949999999999672e-01 -8.153559999999999697e-01 -5.789539999999999687e-01 -2.680999999999999790e-03 5.789590000000000014e-01 -8.153550000000000519e-01 -1.825000000000000016e-03
2.100000000000000000e+01 5.800000000000000000e+01 3.100000000000000000e+01 0.000000000000000000e+00 1.600000000000000089e+00 4.558000000000000419e-03 5.714999999999999594e-03 9.999730000000000008e-01 -8.143029999999999990e-01 -5.803979999999999695e-01 7.028999999999999658e-03 5.804219999999999935e-01 -8.143129999999999535e-01 2.008999999999999935e-03
2.500000000000000000e+01 5.800000000000000000e+01 3.100000000000000000e+01 0.000000000000000000e+00 1.600000000000000089e+00 4.859999999999999737e-03 1.304699999999999957e-02 9.999029999999999863e-01 -8.146889999999999965e-01 -5.797830000000000483e-01 1.152500000000000052e-02 5.798769999999999758e-01 -8.146660000000000013e-01 7.811000000000000235e-03
3.000000000000000000e+00 4.600000000000000000e+01 3.500000000000000000e+01 0.000000000000000000e+00 1.600000000000000089e+00 -1.059999999999999961e-03 -4.739999999999999747e-04 -9.999989999999999712e-01 3.903090000000000170e-01 -9.206839999999999469e-01 2.300000000000000002e-05 -9.206830000000000291e-01 -3.903079999999999883e-01 1.160999999999999923e-03
7.000000000000000000e+00 4.600000000000000000e+01 3.500000000000000000e+01 0.000000000000000000e+00 1.600000000000000089e+00 6.539999999999999590e-04 5.082999999999999845e-03 -9.999869999999999592e-01 3.906930000000000125e-01 -9.205100000000000504e-01 -4.422999999999999848e-03 -9.205210000000000337e-01 -3.906850000000000045e-01 -2.588000000000000023e-03
1.500000000000000000e+01 4.600000000000000000e+01 3.500000000000000000e+01 0.000000000000000000e+00 1.600000000000000089e+00 -1.389999999999999905e-04 -1.820000000000000057e-04 -1.000000000000000000e+00 3.926959999999999895e-01 -9.196680000000000410e-01 1.129999999999999955e-04 -9.196680000000000410e-01 -3.926959999999999895e-01 1.990000000000000124e-04
2.100000000000000000e+01 4.600000000000000000e+01 3.500000000000000000e+01 0.000000000000000000e+00 1.600000000000000089e+00 -2.020000000000000040e-04 3.319999999999999926e-04 -1.000000000000000000e+00 3.926499999999999990e-01 -9.196879999999999500e-01 -3.849999999999999798e-04 -9.196879999999999500e-01 -3.926499999999999990e-01 5.599999999999999916e-05
2.500000000000000000e+01 4.600000000000000000e+01 3.500000000000000000e+01 0.000000000000000000e+00 1.600000000000000089e+00 1.598000000000000028e-03 2.915000000000000056e-03 -9.999949999999999672e-01 3.923630000000000173e-01 -9.198079999999999590e-01 -2.053999999999999836e-03 -9.198089999999999877e-01 -3.923579999999999846e-01 -2.612999999999999871e-03
3.000000000000000000e+00 9.500000000000000000e+01 3.600000000000000000e+01 0.000000000000000000e+00 1.600000000000000089e+00 -6.139999999999999625e-04 -1.116200000000000005e-02 9.999369999999999647e-01 9.966990000000000016e-01 8.116600000000000203e-02 1.518000000000000035e-03 -8.117800000000000016e-02 9.966380000000000239e-01 1.107600000000000078e-02
1.100000000000000000e+01 9.500000000000000000e+01 3.600000000000000000e+01 0.000000000000000000e+00 1.600000000000000089e+00 -3.370000000000000166e-03 -1.960900000000000143e-02 9.998019999999999685e-01 9.967380000000000129e-01 8.055800000000000460e-02 4.938999999999999814e-03 -8.063900000000000234e-02 9.965570000000000261e-01 1.927399999999999947e-02
2.100000000000000000e+01 9.500000000000000000e+01 3.600000000000000000e+01 0.000000000000000000e+00 1.600000000000000089e+00 6.368999999999999662e-03 1.936099999999999974e-02 9.997920000000000140e-01 9.968209999999999571e-01 7.927800000000000125e-02 -7.886000000000000648e-03 -7.941399999999999848e-02 9.966650000000000231e-01 -1.879400000000000168e-02
2.600000000000000000e+01 9.500000000000000000e+01 3.700000000000000000e+01 0.000000000000000000e+00 1.600000000000000089e+00 1.026999999999999962e-02 -1.907999999999999974e-03 9.999449999999999728e-01 9.947479999999999656e-01 1.018580000000000041e-01 -1.002199999999999966e-02 -1.018339999999999940e-01 9.947970000000000423e-01 2.944000000000000002e-03
2.000000000000000000e+01 2.900000000000000000e+01 4.400000000000000000e+01 0.000000000000000000e+00 1.600000000000000089e+00 -3.897999999999999989e-03 -3.312999999999999973e-03 -9.999869999999999592e-01 6.796699999999999964e-01 7.335000000000000409e-01 -5.080000000000000314e-03 7.335080000000000489e-01 -6.796809999999999796e-01 -6.070000000000000092e-04
2.700000000000000000e+01 2.900000000000000000e+01 4.400000000000000000e+01 0.000000000000000000e+00 1.600000000000000089e+00 -2.300000000000000002e-05 -1.931999999999999907e-03 -9.999980000000000535e-01 6.750979999999999759e-01 7.377270000000000216e-01 -1.441000000000000007e-03 7.377280000000000504e-01 -6.750969999999999471e-01 1.288000000000000082e-03
3.000000000000000000e+01 2.900000000000000000e+01 4.400000000000000000e+01 0.000000000000000000e+00 1.600000000000000089e+00 4.270000000000000249e-04 2.640000000000000202e-04 -1.000000000000000000e+00 6.738220000000000320e-01 7.388940000000000508e-01 4.829999999999999767e-04 7.388940000000000508e-01 -6.738220000000000320e-01 1.379999999999999933e-04
2.000000000000000000e+00 5.400000000000000000e+01 4.600000000000000000e+01 0.000000000000000000e+00 1.600000000000000089e+00 -1.515000000000000071e-03 9.648000000000000326e-03 9.999519999999999520e-01 2.952489999999999837e-01 -9.553709999999999702e-01 9.664999999999999980e-03 9.554190000000000182e-01 2.952500000000000124e-01 -1.400999999999999902e-03
5.000000000000000000e+00 5.000000000000000000e+00 5.100000000000000000e+01 0.000000000000000000e+00 1.600000000000000089e+00 1.247000000000000062e-03 1.846999999999999901e-03 -9.999970000000000248e-01 4.909250000000000003e-01 -8.712010000000000032e-01 -9.970000000000000563e-04 -8.712010000000000032e-01 -4.909220000000000250e-01 -1.992999999999999980e-03
2.300000000000000000e+01 5.000000000000000000e+00 5.100000000000000000e+01 0.000000000000000000e+00 1.600000000000000089e+00 7.222000000000000121e-03 3.899999999999999929e-04 -9.999740000000000295e-01 4.823270000000000057e-01 -8.759860000000000424e-01 3.141999999999999828e-03 -8.759609999999999896e-01 -4.823370000000000157e-01 -6.514999999999999958e-03
3.000000000000000000e+01 1.150000000000000000e+02 5.100000000000000000e+01 0.000000000000000000e+00 1.600000000000000089e+00 -2.269999999999999882e-03 -1.263799999999999993e-02 9.999179999999999735e-01 8.453110000000000346e-01 -5.342529999999999779e-01 -4.832999999999999623e-03 5.342700000000000227e-01 8.452300000000000368e-01 1.189499999999999932e-02
3.000000000000000000e+00 6.300000000000000000e+01 5.400000000000000000e+01 0.000000000000000000e+00 1.600000000000000089e+00 -1.309000000000000051e-03 -3.141000000000000129e-03 9.999940000000000495e-01 -3.542669999999999986e-01 9.351410000000000000e-01 2.474000000000000071e-03 -9.351429999999999465e-01 -3.542620000000000213e-01 -2.337000000000000102e-03
7.000000000000000000e+00 6.300000000000000000e+01 5.400000000000000000e+01 0.000000000000000000e+00 1.600000000000000089e+00 -1.510000000000000112e-04 -5.209999999999999788e-04 1.000000000000000000e+00 -3.477250000000000063e-01 9.375959999999999850e-01 4.360000000000000269e-04 -9.375959999999999850e-01 -3.477250000000000063e-01 -3.229999999999999907e-04
1.400000000000000000e+01 6.300000000000000000e+01 5.400000000000000000e+01 0.000000000000000000e+00 1.600000000000000089e+00 6.250000000000000130e-04 7.680000000000000195e-04 1.000000000000000000e+00 -3.477450000000000263e-01 9.375890000000000057e-01 -5.029999999999999749e-04 -9.375890000000000057e-01 -3.477450000000000263e-01 8.540000000000000499e-04
2.400000000000000000e+01 6.300000000000000000e+01 5.400000000000000000e+01 0.000000000000000000e+00 1.600000000000000089e+00 1.624999999999999925e-03 3.770000000000000022e-04 9.999989999999999712e-01 -3.404050000000000131e-01 9.402789999999999759e-01 1.979999999999999881e-04 -9.402779999999999472e-01 -3.404050000000000131e-01 1.655999999999999920e-03
9.000000000000000000e+00 2.500000000000000000e+01 5.500000000000000000e+01 0.000000000000000000e+00 1.600000000000000089e+00 4.350000000000000026e-04 -2.713000000000000134e-03 -9.999959999999999960e-01 -1.400500000000000009e-02 -9.998979999999999535e-01 2.706000000000000072e-03 -9.999019999999999575e-01 1.400400000000000082e-02 -4.730000000000000046e-04
1.300000000000000000e+01 2.500000000000000000e+01 5.500000000000000000e+01 0.000000000000000000e+00 1.600000000000000089e+00 -5.940000000000000184e-04 2.115000000000000126e-03 -9.999980000000000535e-01 -1.271500000000000061e-02 -9.999169999999999447e-01 -2.106999999999999932e-03 -9.999190000000000023e-01 1.271399999999999961e-02 6.210000000000000242e-04
2.000000000000000000e+01 2.500000000000000000e+01 5.500000000000000000e+01 0.000000000000000000e+00 1.600000000000000089e+00 1.559999999999999972e-04 2.095000000000000074e-03 -9.999980000000000535e-01 -1.022900000000000025e-02 -9.999449999999999728e-01 -2.096000000000000207e-03 -9.999479999999999480e-01 1.022900000000000025e-02 -1.350000000000000017e-04
2.900000000000000000e+01 2.500000000000000000e+01 5.500000000000000000e+01 0.000000000000000000e+00 1.600000000000000089e+00 5.500000000000000331e-04 -4.620000000000000083e-04 -1.000000000000000000e+00 -1.384799999999999920e-02 -9.999040000000000150e-01 4.550000000000000008e-04 -9.999040000000000150e-01 1.384799999999999920e-02 -5.559999999999999621e-04
4.000000000000000000e+00 2.100000000000000000e+01 6.000000000000000000e+01 0.000000000000000000e+00 1.600000000000000089e+00 -2.707000000000000205e-03 4.019000000000000003e-03 9.999879999999999880e-01 -9.497800000000000686e-02 9.954699999999999660e-01 -4.257999999999999632e-03 -9.954760000000000275e-01 -9.498900000000000399e-02 -2.312999999999999952e-03
2.700000000000000000e+01 2.100000000000000000e+01 6.000000000000000000e+01 0.000000000000000000e+00 1.600000000000000089e+00 9.520000000000000467e-04 1.217599999999999932e-02 9.999249999999999527e-01 -9.608899999999999386e-02 9.952999999999999625e-01 -1.202800000000000050e-02 -9.953720000000000345e-01 -9.607100000000000362e-02 2.116999999999999958e-03
1.100000000000000000e+01 6.000000000000000000e+00 6.100000000000000000e+01 0.000000000000000000e+00 1.600000000000000089e+00 -6.819999999999999890e-04 1.111999999999999924e-03 9.999989999999999712e-01 5.665810000000000013e-01 -8.240049999999999875e-01 1.302999999999999905e-03 8.240060000000000162e-01 5.665810000000000013e-01 -6.799999999999999946e-05
2.000000000000000000e+00 2.700000000000000000e+01 6.300000000000000000e+01 0.000000000000000000e+00 1.600000000000000089e+00 3.036000000000000070e-03 6.414999999999999696e-03 9.999749999999999472e-01 -2.722669999999999813e-01 9.622070000000000345e-01 -5.346000000000000058e-03 -9.622169999999999890e-01 -2.722430000000000128e-01 4.668000000000000274e-03
1.100000000000000000e+01 2.700000000000000000e+01 6.300000000000000000e+01 0.000000000000000000e+00 1.600000000000000089e+00 -3.625999999999999883e-03 -8.207000000000000753e-03 9.999599999999999600e-01 -2.730210000000000137e-01 9.619830000000000325e-01 6.904999999999999680e-03 -9.620009999999999950e-01 -2.729849999999999777e-01 -5.728999999999999718e-03
1.900000000000000000e+01 2.700000000000000000e+01 6.300000000000000000e+01 0.000000000000000000e+00 1.600000000000000089e+00 3.620000000000000171e-04 -3.435999999999999818e-03 9.999940000000000495e-01 -2.718119999999999981e-01 9.623439999999999772e-01 3.403999999999999908e-03 -9.623500000000000387e-01 -2.718119999999999981e-01 -5.860000000000000408e-04
2.300000000000000000e+01 2.700000000000000000e+01 6.300000000000000000e+01 0.000000000000000000e+00 1.600000000000000089e+00 -9.520000000000000467e-04 2.829999999999999942e-04 1.000000000000000000e+00 -2.742870000000000030e-01 9.616479999999999473e-01 -5.339999999999999695e-04 -9.616470000000000296e-01 -2.742879999999999763e-01 -8.379999999999999862e-04
4.000000000000000000e+00 2.600000000000000000e+01 6.400000000000000000e+01 0.000000000000000000e+00 1.600000000000000089e+00 3.248000000000000019e-03 4.794999999999999783e-03 9.999829999999999552e-01 -3.533040000000000069e-01 9.355029999999999735e-01 -3.337999999999999821e-03 -9.355029999999999735e-01 -3.532870000000000177e-01 4.732000000000000095e-03
1.200000000000000000e+01 2.600000000000000000e+01 6.400000000000000000e+01 0.000000000000000000e+00 1.600000000000000089e+00 -4.274000000000000021e-03 -1.082299999999999929e-02 9.999320000000000430e-01 -3.547810000000000130e-01 9.349100000000000188e-01 8.602999999999999536e-03 -9.349399999999999933e-01 -3.547199999999999798e-01 -7.835999999999999216e-03
2.200000000000000000e+01 2.600000000000000000e+01 6.400000000000000000e+01 0.000000000000000000e+00 1.600000000000000089e+00 -2.959999999999999849e-04 1.070999999999999903e-03 9.999989999999999712e-01 -3.602600000000000247e-01 9.328509999999999858e-01 -1.105000000000000079e-03 -9.328520000000000145e-01 -3.602600000000000247e-01 1.100000000000000039e-04
2.700000000000000000e+01 2.600000000000000000e+01 6.400000000000000000e+01 0.000000000000000000e+00 1.600000000000000089e+00 4.920000000000000328e-04 1.108000000000000044e-03 9.999989999999999712e-01 -3.591530000000000000e-01 9.332780000000000520e-01 -8.570000000000000144e-04 -9.332789999999999697e-01 -3.591520000000000268e-01 8.570000000000000144e-04
2.600000000000000000e+01 6.900000000000000000e+01 6.600000000000000000e+01 0.000000000000000000e+00 1.600000000000000089e+00 -7.519999999999999558e-04 2.281000000000000041e-03 9.999970000000000248e-01 -9.510809999999999542e-01 3.089390000000000192e-01 -1.420000000000000038e-03 -3.089410000000000212e-01 -9.510790000000000077e-01 1.936999999999999920e-03
4.000000000000000000e+00 2.500000000000000000e+01 7.300000000000000000e+01 0.000000000000000000e+00 1.600000000000000089e+00 4.119999999999999856e-04 -7.349999999999999763e-04 1.000000000000000000e+00 7.490560000000000551e-01 -6.625060000000000393e-01 -7.960000000000000495e-04 6.625060000000000393e-01 7.490560000000000551e-01 2.770000000000000110e-04
9.000000000000000000e+00 2.500000000000000000e+01 7.300000000000000000e+01 0.000000000000000000e+00 1.600000000000000089e+00 8.720000000000000537e-04 7.577000000000000401e-03 9.999710000000000543e-01 7.533699999999999841e-01 -6.575830000000000286e-01 4.325999999999999984e-03 6.575959999999999583e-01 7.533440000000000136e-01 -6.281000000000000125e-03
2.600000000000000000e+01 2.500000000000000000e+01 7.300000000000000000e+01 0.000000000000000000e+00 1.600000000000000089e+00 -3.115000000000000147e-03 -7.585999999999999861e-03 9.999660000000000215e-01 7.385789999999999855e-01 -6.741610000000000102e-01 -2.814000000000000095e-03 6.741589999999999527e-01 7.385460000000000358e-01 7.701999999999999645e-03
8.000000000000000000e+00 4.400000000000000000e+01 7.300000000000000000e+01 0.000000000000000000e+00 1.600000000000000089e+00 1.045500000000000075e-02 1.440499999999999940e-02 9.998420000000000085e-01 5.200799999999999867e-02 -9.985509999999999664e-01 1.384200000000000014e-02 9.985920000000000352e-01 5.185499999999999832e-02 -1.118899999999999929e-02
1.100000000000000000e+01 4.400000000000000000e+01 7.300000000000000000e+01 0.000000000000000000e+00 1.600000000000000089e+00 2.344000000000000163e-03 3.511999999999999931e-03 9.999909999999999632e-01 5.485899999999999804e-02 -9.984880000000000422e-01 3.377999999999999926e-03 9.984910000000000174e-01 5.485000000000000292e-02 -2.533000000000000095e-03
1.800000000000000000e+01 4.400000000000000000e+01 7.300000000000000000e+01 0.000000000000000000e+00 1.600000000000000089e+00 2.863999999999999792e-03 3.441000000000000048e-03 9.999900000000000455e-01 5.422400000000000136e-02 -9.985230000000000494e-01 3.279999999999999930e-03 9.985249999999999959e-01 5.421499999999999930e-02 -3.046000000000000096e-03
2.100000000000000000e+01 4.400000000000000000e+01 7.300000000000000000e+01 0.000000000000000000e+00 1.600000000000000089e+00 1.665000000000000030e-03 2.507999999999999813e-03 9.999949999999999672e-01 5.442299999999999915e-02 -9.985150000000000414e-01 2.413999999999999913e-03 9.985169999999999879e-01 5.441900000000000209e-02 -1.799000000000000035e-03
2.600000000000000000e+01 4.400000000000000000e+01 7.300000000000000000e+01 0.000000000000000000e+00 1.600000000000000089e+00 -6.390000000000000280e-04 2.161000000000000160e-03 9.999980000000000535e-01 5.393400000000000277e-02 -9.985420000000000407e-01 2.191999999999999938e-03 9.985439999999999872e-01 5.393499999999999683e-02 5.209999999999999788e-04
3.000000000000000000e+01 4.400000000000000000e+01 7.300000000000000000e+01 0.000000000000000000e+00 1.600000000000000089e+00 -2.013000000000000032e-03 5.765000000000000159e-03 9.999810000000000088e-01 5.177999999999999964e-02 -9.986410000000000009e-01 5.860999999999999890e-03 9.986570000000000169e-01 5.179099999999999676e-02 1.711999999999999980e-03
1.800000000000000000e+01 2.500000000000000000e+01 7.400000000000000000e+01 0.000000000000000000e+00 1.600000000000000089e+00 2.039000000000000014e-03 1.340000000000000045e-04 9.999980000000000535e-01 8.346489999999999743e-01 -5.507800000000000473e-01 -1.628000000000000107e-03 5.507790000000000186e-01 8.346500000000000030e-01 -1.234999999999999987e-03
2.300000000000000000e+01 2.500000000000000000e+01 7.400000000000000000e+01 0.000000000000000000e+00 1.600000000000000089e+00 1.484000000000000076e-03 -6.035000000000000434e-03 9.999810000000000088e-01 8.276400000000000423e-01 -5.612399999999999611e-01 -4.615000000000000178e-03 5.612570000000000059e-01 8.276310000000000056e-01 4.161999999999999901e-03
2.700000000000000000e+01 2.500000000000000000e+01 7.400000000000000000e+01 0.000000000000000000e+00 1.600000000000000089e+00 -2.890000000000000208e-03 -7.861999999999999197e-03 9.999649999999999928e-01 8.229910000000000281e-01 -5.680500000000000549e-01 -2.086999999999999880e-03 5.680469999999999686e-01 8.229560000000000208e-01 8.111999999999999419e-03
1.500000000000000000e+01 5.100000000000000000e+01 7.600000000000000000e+01 0.000000000000000000e+00 1.600000000000000089e+00 1.129999999999999928e-03 -2.000000000000000096e-04 -9.999989999999999712e-01 -3.979900000000000104e-01 -9.173900000000000388e-01 -2.660000000000000146e-04 -9.173890000000000100e-01 3.979900000000000104e-01 -1.116000000000000021e-03
2.100000000000000000e+01 5.100000000000000000e+01 7.600000000000000000e+01 0.000000000000000000e+00 1.600000000000000089e+00 -5.220000000000000031e-04 -1.211000000000000054e-03 -9.999989999999999712e-01 -3.999809999999999754e-01 -9.165219999999999478e-01 1.317999999999999944e-03 -9.165229999999999766e-01 3.999820000000000042e-01 -6.000000000000000152e-06
2.000000000000000000e+00 9.100000000000000000e+01 7.600000000000000000e+01 0.000000000000000000e+00 1.600000000000000089e+00 1.002000000000000069e-03 1.136999999999999990e-03 9.999989999999999712e-01 3.629120000000000124e-01 -9.318229999999999569e-01 6.960000000000000041e-04 9.318229999999999569e-01 3.629109999999999836e-01 -1.345999999999999974e-03
7.000000000000000000e+00 9.100000000000000000e+01 7.600000000000000000e+01 0.000000000000000000e+00 1.600000000000000089e+00 3.158999999999999916e-03 8.899999999999999491e-04 9.999949999999999672e-01 3.527600000000000180e-01 -9.357140000000000457e-01 -2.820000000000000241e-04 9.357079999999999842e-01 3.527589999999999892e-01 -3.269999999999999903e-03
1.100000000000000000e+01 9.100000000000000000e+01 7.600000000000000000e+01 0.000000000000000000e+00 1.600000000000000089e+00 1.745999999999999939e-03 1.131000000000000061e-03 9.999980000000000535e-01 3.476299999999999946e-01 -9.376320000000000210e-01 4.530000000000000064e-04 9.376299999999999635e-01 3.476290000000000213e-01 -2.030000000000000120e-03
2.200000000000000000e+01 9.100000000000000000e+01 7.600000000000000000e+01 0.000000000000000000e+00 1.600000000000000089e+00 9.499999999999999981e-04 -8.559999999999999901e-04 9.999989999999999712e-01 3.171309999999999962e-01 -9.483810000000000295e-01 -1.113000000000000057e-03 9.483810000000000295e-01 3.171320000000000250e-01 -6.300000000000000261e-04
2.600000000000000000e+01 9.100000000000000000e+01 7.600000000000000000e+01 0.000000000000000000e+00 1.600000000000000089e+00 1.899000000000000080e-03 2.173000000000000018e-03 9.999959999999999960e-01 3.230640000000000178e-01 -9.463759999999999950e-01 1.443000000000000055e-03 9.463749999999999662e-01 3.230600000000000138e-01 -2.498999999999999919e-03
2.800000000000000000e+01 9.100000000000000000e+01 7.600000000000000000e+01 0.000000000000000000e+00 1.600000000000000089e+00 1.015000000000000060e-03 2.389000000000000064e-03 9.999970000000000248e-01 3.254279999999999951e-01 -9.455649999999999888e-01 1.928000000000000026e-03 9.455660000000000176e-01 3.254250000000000198e-01 -1.737999999999999962e-03
5.000000000000000000e+00 4.400000000000000000e+01 8.300000000000000000e+01 0.000000000000000000e+00 1.600000000000000089e+00 -1.797599999999999892e-02 -3.122499999999999928e-02 9.993509999999999893e-01 5.460620000000000474e-01 -8.375850000000000239e-01 -1.634800000000000142e-02 8.375519999999999632e-01 5.454139999999999544e-01 3.210699999999999665e-02
