5.000000000000000000e+00 2.500000000000000000e+01 1.000000000000000000e+00 0.000000000000000000e+00 1.600000000000000089e+00 -1.299000000000000024e-03 1.041999999999999958e-03 -9.999989999999999712e-01 -5.237110000000000376e-01 -8.518959999999999866e-01 -2.079999999999999872e-04 -8.518949999999999578e-01 5.237100000000000088e-01 1.652000000000000040e-03
9.000000000000000000e+00 2.500000000000000000e+01 1.000000000000000000e+00 0.000000000000000000e+00 1.600000000000000089e+00 -7.529999999999999801e-04 3.330000000000000061e-03 -9.999940000000000495e-01 -5.225940000000000030e-01 -8.525779999999999470e-01 -2.445999999999999824e-03 -8.525819999999999510e-01 5.225889999999999702e-01 2.382000000000000003e-03
6.000000000000000000e+00 1.500000000000000000e+01 4.000000000000000000e+00 0.000000000000000000e+00 1.600000000000000089e+00 1.018999999999999941e-03 -3.432000000000000155e-03 9.999940000000000495e-01 3.264050000000000007e-01 -9.452230000000000354e-01 -3.576000000000000185e-03 9.452289999999999859e-01 3.264070000000000027e-01 1.569999999999999944e-04
1.000000000000000000e+01 1.500000000000000000e+01 4.000000000000000000e+00 0.000000000000000000e+00 1.600000000000000089e+00 6.600000000000000506e-05 2.429999999999999977e-04 1.000000000000000000e+00 3.259969999999999812e-01 -9.453709999999999614e-01 2.079999999999999872e-04 9.453709999999999614e-01 3.259969999999999812e-01 -1.420000000000000092e-04
1.400000000000000000e+01 1.500000000000000000e+01 4.000000000000000000e+00 0.000000000000000000e+00 1.600000000000000089e+00 -2.605000000000000111e-03 -4.906999999999999904e-03 9.999850000000000128e-01 3.251609999999999778e-01 -9.456510000000000193e-01 -3.792999999999999931e-03 9.456550000000000233e-01 3.251459999999999906e-01 4.059000000000000108e-03
1.700000000000000000e+01 1.500000000000000000e+01 4.000000000000000000e+00 0.000000000000000000e+00 1.600000000000000089e+00 -2.807000000000000033e-03 -4.161999999999999901e-03 9.999869999999999592e-01 3.233340000000000103e-01 -9.462800000000000100e-01 -3.030999999999999840e-03 9.462810000000000388e-01 3.233210000000000250e-01 4.002000000000000349e-03
2.600000000000000000e+01 1.500000000000000000e+01 4.000000000000000000e+00 0.000000000000000000e+00 1.600000000000000089e+00 -1.077000000000000049e-03 -4.792000000000000252e-03 9.999879999999999880e-01 3.254259999999999931e-01 -9.455580000000000096e-01 -4.180999999999999821e-03 9.455670000000000464e-01 3.254179999999999851e-01 2.577999999999999996e-03
2.800000000000000000e+01 1.500000000000000000e+01 4.000000000000000000e+00 0.000000000000000000e+00 1.600000000000000089e+00 6.700000000000000226e-05 -4.144000000000000114e-03 9.999909999999999632e-01 3.259199999999999875e-01 -9.453890000000000349e-01 -3.938999999999999793e-03 9.453970000000000429e-01 3.259179999999999855e-01 1.286999999999999950e-03
4.000000000000000000e+00 1.010000000000000000e+02 7.000000000000000000e+00 0.000000000000000000e+00 1.600000000000000089e+00 -3.939999999999999926e-03 -2.310000000000000042e-04 9.999919999999999920e-01 8.882619999999999960e-01 4.593240000000000101e-01 3.605999999999999830e-03 -4.593209999999999793e-01 8.882689999999999753e-01 -1.605000000000000090e-03
2.200000000000000000e+01 1.010000000000000000e+02 7.000000000000000000e+00 0.000000000000000000e+00 1.600000000000000089e+00 -3.929000000000000201e-03 -8.000000000000000654e-05 9.999919999999999920e-01 8.833229999999999693e-01 4.687520000000000020e-01 3.507999999999999834e-03 -4.687490000000000268e-01 8.833299999999999486e-01 -1.771000000000000005e-03
2.600000000000000000e+01 1.010000000000000000e+02 7.000000000000000000e+00 0.000000000000000000e+00 1.600000000000000089e+00 -4.691999999999999990e-03 -1.416300000000000024e-02 9.998890000000000278e-01 8.819259999999999877e-01 4.712629999999999875e-01 1.081299999999999970e-02 -4.713640000000000052e-01 8.818789999999999685e-01 1.027899999999999994e-02
3.000000000000000000e+00 2.500000000000000000e+01 8.000000000000000000e+00 0.000000000000000000e+00 1.600000000000000089e+00 7.450000000000000025e-04 4.017999999999999870e-03 -9.999919999999999920e-01 4.462700000000000000e-01 8.948899999999999633e-01 3.928000000000000068e-03 8.948979999999999713e-01 -4.462700000000000000e-01 -1.126000000000000048e-03
7.000000000000000000e+00 2.500000000000000000e+01 8.000000000000000000e+00 0.000000000000000000e+00 1.600000000000000089e+00 1.350999999999999987e-03 -4.015000000000000339e-03 -9.999909999999999632e-01 4.455919999999999881e-01 8.952309999999999990e-01 -2.993000000000000001e-03 8.952350000000000030e-01 -4.455839999999999801e-01 2.997999999999999797e-03
1.300000000000000000e+01 2.500000000000000000e+01 8.000000000000000000e+00 0.000000000000000000e+00 1.600000000000000089e+00 1.227000000000000009e-03 3.583999999999999946e-03 -9.999930000000000208e-01 4.472650000000000237e-01 8.943940000000000223e-01 3.753999999999999958e-03 8.944010000000000016e-01 -4.472659999999999969e-01 -5.060000000000000478e-04
1.700000000000000000e+01 2.500000000000000000e+01 8.000000000000000000e+00 0.000000000000000000e+00 1.600000000000000089e+00 5.739999999999999660e-04 2.075000000000000022e-03 -9.999980000000000535e-01 4.480419999999999958e-01 8.940099999999999714e-01 2.112999999999999861e-03 8.940120000000000289e-01 -4.480419999999999958e-01 -4.159999999999999744e-04
2.500000000000000000e+01 2.500000000000000000e+01 8.000000000000000000e+00 0.000000000000000000e+00 1.600000000000000089e+00 1.340000000000000045e-04 -7.948999999999999469e-03 -9.999679999999999680e-01 4.481769999999999921e-01 8.939169999999999616e-01 -7.046000000000000180e-03 8.939449999999999896e-01 -4.481620000000000048e-01 3.681999999999999943e-03
2.000000000000000000e+00 2.400000000000000000e+01 9.000000000000000000e+00 0.000000000000000000e+00 1.600000000000000089e+00 1.069999999999999988e-04 6.191999999999999588e-03 -9.999810000000000088e-01 4.479670000000000041e-01 8.940329999999999666e-01 5.584000000000000422e-03 8.940500000000000114e-01 -4.479589999999999961e-01 -2.677999999999999825e-03
6.000000000000000000e+00 2.400000000000000000e+01 9.000000000000000000e+00 0.000000000000000000e+00 1.600000000000000089e+00 1.407999999999999963e-03 -2.511000000000000211e-03 -9.999959999999999960e-01 4.478590000000000071e-01 8.941029999999999811e-01 -1.613999999999999983e-03 8.941029999999999811e-01 -4.478539999999999743e-01 2.383000000000000135e-03
1.000000000000000000e+01 2.400000000000000000e+01 9.000000000000000000e+00 0.000000000000000000e+00 1.600000000000000089e+00 7.910000000000000364e-04 -3.181999999999999933e-03 -9.999949999999999672e-01 4.478090000000000126e-01 8.941259999999999764e-01 -2.491000000000000159e-03 8.941289999999999516e-01 -4.478039999999999798e-01 2.132000000000000214e-03
1.600000000000000000e+01 2.400000000000000000e+01 9.000000000000000000e+00 0.000000000000000000e+00 1.600000000000000089e+00 6.849999999999999535e-04 6.923999999999999599e-03 -9.999759999999999760e-01 4.509159999999999835e-01 8.925429999999999753e-01 6.488999999999999976e-03 8.925659999999999705e-01 -4.509090000000000042e-01 -2.511000000000000211e-03
2.400000000000000000e+01 2.400000000000000000e+01 9.000000000000000000e+00 0.000000000000000000e+00 1.600000000000000089e+00 2.329999999999999986e-04 -8.309000000000000413e-03 -9.999649999999999928e-01 4.514790000000000192e-01 8.922520000000000451e-01 -7.309000000000000392e-03 8.922820000000000196e-01 -4.514619999999999744e-01 3.959999999999999978e-03
2.000000000000000000e+00 1.200000000000000000e+01 1.000000000000000000e+01 0.000000000000000000e+00 1.600000000000000089e+00 -2.570000000000000127e-04 -8.467999999999999833e-03 -9.999639999999999640e-01 -5.535759999999999570e-01 -8.327679999999999527e-01 7.193999999999999874e-03 -8.327989999999999560e-01 5.535579999999999945e-01 -4.473999999999999679e-03
5.000000000000000000e+00 1.200000000000000000e+01 1.000000000000000000e+01 0.000000000000000000e+00 1.600000000000000089e+00 -1.438999999999999958e-03 -1.158000000000000002e-02 -9.999320000000000430e-01 -5.547079999999999789e-01 -8.319800000000000528e-01 1.043400000000000057e-02 -8.320440000000000058e-01 5.546849999999999836e-01 -5.225999999999999743e-03
1.600000000000000000e+01 1.200000000000000000e+01 1.000000000000000000e+01 0.000000000000000000e+00 1.600000000000000089e+00 1.500999999999999947e-03 1.982999999999999954e-03 -9.999970000000000248e-01 -5.535470000000000113e-01 -8.328140000000000542e-01 -2.481999999999999831e-03 -8.328160000000000007e-01 5.535489999999999577e-01 -1.520000000000000084e-04
2.100000000000000000e+01 1.200000000000000000e+01 1.000000000000000000e+01 0.000000000000000000e+00 1.600000000000000089e+00 -1.828999999999999897e-03 -8.918999999999999845e-03 -9.999590000000000423e-01 -5.519100000000000117e-01 -8.338609999999999634e-01 8.446000000000000382e-03 -8.339020000000000321e-01 5.519030000000000324e-01 -3.397999999999999979e-03
2.000000000000000000e+00 3.100000000000000000e+01 1.200000000000000000e+01 0.000000000000000000e+00 1.600000000000000089e+00 5.280000000000000405e-04 3.592000000000000141e-03 9.999930000000000208e-01 2.909000000000000127e-03 9.999890000000000168e-01 -3.593999999999999972e-03 -9.999959999999999960e-01 2.910999999999999959e-03 5.180000000000000143e-04
5.000000000000000000e+00 3.100000000000000000e+01 1.200000000000000000e+01 0.000000000000000000e+00 1.600000000000000089e+00 -7.410000000000000137e-04 1.634999999999999952e-03 9.999980000000000535e-01 3.769000000000000215e-03 9.999919999999999920e-01 -1.631999999999999987e-03 -9.999930000000000208e-01 3.768000000000000082e-03 -7.470000000000000511e-04
2.100000000000000000e+01 3.100000000000000000e+01 1.200000000000000000e+01 0.000000000000000000e+00 1.600000000000000089e+00 5.330000000000000536e-04 2.180000000000000134e-04 1.000000000000000000e+00 3.625999999999999883e-03 9.999930000000000208e-01 -2.200000000000000078e-04 -9.999930000000000208e-01 3.625999999999999883e-03 5.320000000000000293e-04
1.300000000000000000e+01 3.200000000000000000e+01 1.400000000000000000e+01 0.000000000000000000e+00 1.600000000000000089e+00 2.833000000000000015e-03 -5.150000000000000498e-04 -9.999959999999999960e-01 9.648199999999999832e-02 9.953349999999999698e-01 -2.390000000000000089e-04 9.953309999999999658e-01 -9.648099999999999732e-02 2.870000000000000155e-03
1.900000000000000000e+01 3.200000000000000000e+01 1.400000000000000000e+01 0.000000000000000000e+00 1.600000000000000089e+00 2.311000000000000120e-03 6.499999999999999431e-05 -9.999970000000000248e-01 9.928499999999999825e-02 9.950590000000000268e-01 2.939999999999999905e-04 9.950560000000000516e-01 -9.928499999999999825e-02 2.292999999999999899e-03
2.400000000000000000e+01 1.160000000000000000e+02 1.600000000000000000e+01 0.000000000000000000e+00 1.600000000000000089e+00 -7.560000000000000530e-04 3.999999999999999819e-06 1.000000000000000000e+00 6.554870000000000418e-01 7.552069999999999617e-01 4.929999999999999487e-04 -7.552060000000000439e-01 6.554870000000000418e-01 -5.739999999999999660e-04
3.000000000000000000e+01 1.160000000000000000e+02 1.600000000000000000e+01 0.000000000000000000e+00 1.600000000000000089e+00 5.627000000000000057e-03 -1.998999999999999909e-03 9.999820000000000375e-01 6.977139999999999453e-01 7.163720000000000088e-01 -2.494999999999999822e-03 -7.163540000000000463e-01 6.977160000000000029e-01 5.426000000000000267e-03
1.000000000000000000e+00 2.000000000000000000e+00 1.900000000000000000e+01 0.000000000000000000e+00 1.600000000000000089e+00 2.750000000000000166e-04 1.397999999999999937e-03 -9.999989999999999712e-01 1.926589999999999969e-01 -9.812650000000000539e-01 -1.317999999999999944e-03 -9.812659999999999716e-01 -1.926579999999999959e-01 -5.389999999999999826e-04
4.000000000000000000e+00 2.000000000000000000e+00 1.900000000000000000e+01 0.000000000000000000e+00 1.600000000000000089e+00 9.229999999999999923e-04 -9.009999999999999997e-04 -9.999989999999999712e-01 1.924109999999999987e-01 -9.813140000000000196e-01 1.062000000000000010e-03 -9.813140000000000196e-01 -1.924119999999999997e-01 -7.320000000000000118e-04
7.000000000000000000e+00 2.000000000000000000e+00 1.900000000000000000e+01 0.000000000000000000e+00 1.600000000000000089e+00 2.480000000000000108e-04 -3.253999999999999948e-03 -9.999949999999999672e-01 1.923930000000000085e-01 -9.813129999999999908e-01 3.240999999999999957e-03 -9.813180000000000236e-01 -1.923930000000000085e-01 3.829999999999999854e-04
1.100000000000000000e+01 2.000000000000000000e+00 1.900000000000000000e+01 0.000000000000000000e+00 1.600000000000000089e+00 6.520000000000000188e-04 -1.559999999999999972e-03 -9.999989999999999712e-01 1.887520000000000031e-01 -9.820229999999999793e-01 1.655000000000000004e-03 -9.820250000000000368e-01 -1.887530000000000041e-01 -3.460000000000000076e-04
1.500000000000000000e+01 2.000000000000000000e+00 1.900000000000000000e+01 0.000000000000000000e+00 1.600000000000000089e+00 -4.070000000000000267e-04 1.817999999999999955e-03 -9.999980000000000535e-01 1.887830000000000064e-01 -9.820170000000000288e-01 -1.861999999999999940e-03 -9.820189999999999753e-01 -1.887830000000000064e-01 5.700000000000000314e-05
2.300000000000000000e+01 2.000000000000000000e+00 1.900000000000000000e+01 0.000000000000000000e+00 1.600000000000000089e+00 -6.952999999999999979e-03 -1.423199999999999986e-02 -9.998740000000000405e-01 1.847860000000000058e-01 -9.826970000000000427e-01 1.270199999999999975e-02 -9.827540000000000164e-01 -1.846740000000000048e-01 9.461999999999999925e-03
7.000000000000000000e+00 4.000000000000000000e+00 2.000000000000000000e+01 0.000000000000000000e+00 1.600000000000000089e+00 -4.739999999999999747e-04 -2.978999999999999877e-03 -9.999949999999999672e-01 2.889780000000000126e-01 -9.573319999999999608e-01 2.713999999999999833e-03 -9.573350000000000470e-01 -2.889760000000000106e-01 1.314999999999999980e-03
2.000000000000000000e+01 4.000000000000000000e+00 2.000000000000000000e+01 0.000000000000000000e+00 1.600000000000000089e+00 -5.054999999999999598e-03 -4.521999999999999978e-03 -9.999770000000000048e-01 2.778379999999999739e-01 -9.606230000000000047e-01 2.939999999999999905e-03 -9.606149999999999967e-01 -2.778169999999999806e-01 6.112000000000000245e-03
7.000000000000000000e+00 1.300000000000000000e+01 2.000000000000000000e+01 0.000000000000000000e+00 1.600000000000000089e+00 -2.669999999999999847e-04 -4.569999999999999952e-04 1.000000000000000000e+00 2.570470000000000255e-01 9.663990000000000080e-01 5.100000000000000366e-04 -9.663990000000000080e-01 2.570470000000000255e-01 -1.399999999999999877e-04
1.200000000000000000e+01 1.300000000000000000e+01 2.000000000000000000e+01 0.000000000000000000e+00 1.600000000000000089e+00 6.650000000000000095e-04 -1.820000000000000057e-04 1.000000000000000000e+00 2.561660000000000048e-01 9.666329999999999645e-01 5.000000000000000409e-06 -9.666329999999999645e-01 2.561660000000000048e-01 6.890000000000000508e-04
1.500000000000000000e+01 1.300000000000000000e+01 2.000000000000000000e+01 0.000000000000000000e+00 1.600000000000000089e+00 6.099999999999999737e-04 -8.580000000000000387e-04 9.999989999999999712e-01 2.549779999999999824e-01 9.669470000000000010e-01 6.740000000000000114e-04 -9.669470000000000010e-01 2.549770000000000092e-01 8.090000000000000403e-04
1.900000000000000000e+01 1.300000000000000000e+01 2.000000000000000000e+01 0.000000000000000000e+00 1.600000000000000089e+00 -1.562000000000000020e-03 2.394999999999999993e-03 9.999959999999999960e-01 2.527190000000000270e-01 9.675380000000000091e-01 -1.922000000000000097e-03 -9.675390000000000379e-01 2.527150000000000230e-01 -2.115999999999999825e-03
2.800000000000000000e+01 1.300000000000000000e+01 2.000000000000000000e+01 0.000000000000000000e+00 1.600000000000000089e+00 -2.748000000000000009e-03 -7.419000000000000247e-03 9.999689999999999968e-01 2.552530000000000077e-01 9.668419999999999792e-01 7.874000000000000790e-03 -9.668700000000000072e-01 2.552659999999999929e-01 -7.630000000000000063e-04
3.000000000000000000e+01 1.600000000000000000e+01 2.100000000000000000e+01 0.000000000000000000e+00 1.600000000000000089e+00 -1.860000000000000108e-03 -6.173999999999999801e-03 9.999789999999999512e-01 3.011610000000000120e-01 9.535510000000000375e-01 6.447999999999999739e-03 -9.535709999999999464e-01 3.011670000000000180e-01 8.600000000000000331e-05
4.000000000000000000e+00 3.000000000000000000e+00 2.500000000000000000e+01 0.000000000000000000e+00 1.600000000000000089e+00 1.064999999999999974e-03 -4.260000000000000006e-04 9.999989999999999712e-01 -7.611199999999999910e-02 -9.970989999999999576e-01 -3.440000000000000132e-04 9.970989999999999576e-01 -7.611199999999999910e-02 -1.095000000000000053e-03
7.000000000000000000e+00 3.000000000000000000e+00 2.500000000000000000e+01 0.000000000000000000e+00 1.600000000000000089e+00 1.061000000000000094e-03 -2.880000000000000073e-04 9.999989999999999712e-01 -7.986100000000000143e-02 -9.968059999999999699e-01 -2.020000000000000040e-04 9.968050000000000521e-01 -7.986000000000000043e-02 -1.080999999999999930e-03
1.500000000000000000e+01 3.000000000000000000e+00 2.500000000000000000e+01 0.000000000000000000e+00 1.600000000000000089e+00 5.569999999999999864e-04 -5.810000000000000277e-04 1.000000000000000000e+00 -7.522299999999999820e-02 -9.971670000000000256e-01 -5.379999999999999583e-04 9.971670000000000256e-01 -7.522299999999999820e-02 -5.990000000000000316e-04
2.100000000000000000e+01 3.000000000000000000e+00 2.500000000000000000e+01 0.000000000000000000e+00 1.600000000000000089e+00 -2.435000000000000098e-03 -9.726000000000000270e-03 9.999500000000000055e-01 -7.056300000000000072e-02 -9.974579999999999558e-01 -9.874000000000000832e-03 9.975039999999999463e-01 -7.058300000000000685e-02 1.742000000000000059e-03
1.400000000000000000e+01 4.600000000000000000e+01 2.700000000000000000e+01 0.000000000000000000e+00 1.600000000000000089e+00 -2.199999999999999943e-05 4.960000000000000216e-04 -1.000000000000000000e+00 6.717290000000000205e-01 7.407970000000000388e-01 3.530000000000000152e-04 7.407970000000000388e-01 -6.717290000000000205e-01 -3.490000000000000263e-04
2.100000000000000000e+01 4.600000000000000000e+01 2.700000000000000000e+01 0.000000000000000000e+00 1.600000000000000089e+00 -1.332000000000000068e-03 3.209999999999999963e-04 -9.999989999999999712e-01 6.719760000000000177e-01 7.405730000000000368e-01 -6.570000000000000319e-04 7.405720000000000081e-01 -6.719760000000000177e-01 -1.201999999999999943e-03
2.700000000000000000e+01 4.600000000000000000e+01 2.700000000000000000e+01 0.000000000000000000e+00 1.600000000000000089e+00 -3.869999999999999742e-04 -6.859999999999999779e-04 -1.000000000000000000e+00 6.701749999999999652e-01 7.422029999999999461e-01 -7.690000000000000438e-04 7.422029999999999461e-01 -6.701749999999999652e-01 1.720000000000000066e-04
1.700000000000000000e+01 4.600000000000000000e+01 3.000000000000000000e+01 0.000000000000000000e+00 1.600000000000000089e+00 1.057999999999999913e-03 -3.589999999999999984e-04 -9.999989999999999712e-01 3.300919999999999965e-01 9.439490000000000380e-01 1.099999999999999971e-05 9.439480000000000093e-01 -3.300910000000000233e-01 1.116999999999999937e-03
8.000000000000000000e+00 5.800000000000000000e+01 3.100000000000000000e+01 0.000000000000000000e+00 1.600000000000000089e+00 3.910000000000000172e-04 -5.630000000000000239e-04 1.000000000000000000e+00 -8.056250000000000355e-01 -5.924260000000000081e-01 -1.800000000000000046e-05 5.924260000000000081e-01 -8.056250000000000355e-01 -6.859999999999999779e-04
1.300000000000000000e+01 5.800000000000000000e+01 3.100000000000000000e+01 0.000000000000000000e+00 1.600000000000000089e+00 4.141999999999999849e-03 2.749999999999999840e-03 9.999879999999999880e-01 -8.001310000000000366e-01 -5.998050000000000326e-01 4.963000000000000397e-03 5.998109999999999831e-01 -8.001420000000000199e-01 -2.829999999999999942e-04
1.700000000000000000e+01 5.800000000000000000e+01 3.100000000000000000e+01 0.000000000000000000e+00 1.600000000000000089e+00 4.600000000000000004e-05 2.390000000000000089e-04 1.000000000000000000e+00 -7.965069999999999650e-01 -6.046289999999999720e-01 1.810000000000000085e-04 6.046289999999999720e-01 -7.965069999999999650e-01 1.630000000000000047e-04
2.100000000000000000e+01 5.800000000000000000e+01 3.100000000000000000e+01 0.000000000000000000e+00 1.600000000000000089e+00 -2.132999999999999913e-03 -4.849000000000000012e-03 9.999860000000000415e-01 -7.960970000000000546e-01 -6.051509999999999945e-01 -4.631999999999999833e-03 6.051649999999999530e-01 -7.960960000000000258e-01 -2.569000000000000103e-03
2.400000000000000000e+01 5.800000000000000000e+01 3.100000000000000000e+01 0.000000000000000000e+00 1.600000000000000089e+00 -3.812999999999999983e-03 -4.585999999999999799e-03 9.999820000000000375e-01 -7.967269999999999630e-01 -6.043110000000000426e-01 -5.808999999999999928e-03 6.043269999999999476e-01 -7.967349999999999710e-01 -1.350000000000000071e-03
2.900000000000000000e+01 5.800000000000000000e+01 3.100000000000000000e+01 0.000000000000000000e+00 1.600000000000000089e+00 -7.004999999999999942e-03 -1.543000000000000101e-03 9.999740000000000295e-01 -7.996529999999999472e-01 -6.004270000000000440e-01 -6.527999999999999949e-03 6.004209999999999825e-01 -7.996779999999999999e-01 2.971999999999999816e-03
3.000000000000000000e+00 2.200000000000000000e+01 3.400000000000000000e+01 0.000000000000000000e+00 1.600000000000000089e+00 1.119999999999999902e-03 2.335999999999999969e-03 9.999970000000000248e-01 3.788869999999999738e-01 -9.254409999999999581e-01 1.737999999999999962e-03 9.254419999999999868e-01 3.788839999999999986e-01 -1.920999999999999965e-03
5.000000000000000000e+00 2.200000000000000000e+01 3.400000000000000000e+01 0.000000000000000000e+00 1.600000000000000089e+00 -3.440000000000000132e-04 5.045000000000000005e-03 9.999869999999999592e-01 3.785310000000000064e-01 -9.255759999999999543e-01 4.799999999999999580e-03 9.255889999999999951e-01 3.785279999999999756e-01 -1.590999999999999966e-03
1.000000000000000000e+01 2.300000000000000000e+01 3.400000000000000000e+01 0.000000000000000000e+00 1.600000000000000089e+00 -1.431999999999999896e-03 -1.248999999999999893e-03 9.999980000000000535e-01 3.998669999999999725e-01 -9.165729999999999711e-01 -5.720000000000000258e-04 9.165720000000000534e-01 3.998650000000000260e-01 1.812000000000000026e-03
1.200000000000000000e+01 2.300000000000000000e+01 3.400000000000000000e+01 0.000000000000000000e+00 1.600000000000000089e+00 -3.739999999999999835e-04 -5.287000000000000033e-03 9.999860000000000415e-01 3.996600000000000152e-01 -9.166509999999999936e-01 -4.696999999999999786e-03 9.166630000000000056e-01 3.996529999999999805e-01 2.455999999999999850e-03
1.900000000000000000e+01 2.300000000000000000e+01 3.400000000000000000e+01 0.000000000000000000e+00 1.600000000000000089e+00 1.502999999999999996e-03 2.874999999999999951e-03 9.999949999999999672e-01 4.081299999999999928e-01 -9.129209999999999825e-01 2.011000000000000201e-03 9.129230000000000400e-01 4.081250000000000155e-01 -2.546000000000000086e-03
2.000000000000000000e+00 4.600000000000000000e+01 3.500000000000000000e+01 0.000000000000000000e+00 1.600000000000000089e+00 -6.409999999999999682e-04 -2.673000000000000029e-03 -9.999959999999999960e-01 3.921830000000000038e-01 -9.198840000000000350e-01 2.207999999999999893e-03 -9.198870000000000102e-01 -3.921799999999999731e-01 1.637999999999999916e-03
1.000000000000000000e+01 4.600000000000000000e+01 3.500000000000000000e+01 0.000000000000000000e+00 1.600000000000000089e+00 1.659999999999999963e-04 5.599999999999999916e-05 -1.000000000000000000e+00 3.923760000000000026e-01 -9.198049999999999837e-01 1.399999999999999979e-05 -9.198049999999999837e-01 -3.923760000000000026e-01 -1.740000000000000010e-04
1.400000000000000000e+01 4.600000000000000000e+01 3.500000000000000000e+01 0.000000000000000000e+00 1.600000000000000089e+00 -7.569999999999999689e-04 -8.620000000000000275e-04 -9.999989999999999712e-01 3.917129999999999779e-01 -9.200869999999999882e-01 4.970000000000000459e-04 -9.200869999999999882e-01 -3.917120000000000046e-01 1.033999999999999980e-03
2.100000000000000000e+01 4.600000000000000000e+01 3.500000000000000000e+01 0.000000000000000000e+00 1.600000000000000089e+00 -3.710000000000000190e-04 3.569000000000000124e-03 -9.999940000000000495e-01 3.942689999999999806e-01 -9.189889999999999448e-01 -3.425999999999999792e-03 -9.189950000000000063e-01 -3.942680000000000073e-01 -1.066000000000000107e-03
2.600000000000000000e+01 4.600000000000000000e+01 3.500000000000000000e+01 0.000000000000000000e+00 1.600000000000000089e+00 1.904000000000000093e-03 4.917999999999999629e-03 -9.999860000000000415e-01 3.953619999999999912e-01 -9.185179999999999456e-01 -3.765000000000000117e-03 -9.185229999999999784e-01 -3.953499999999999792e-01 -3.693000000000000102e-03
5.000000000000000000e+00 9.500000000000000000e+01 3.600000000000000000e+01 0.000000000000000000e+00 1.600000000000000089e+00 -2.841000000000000209e-03 1.529299999999999930e-02 9.998789999999999623e-01 9.969759999999999733e-01 7.769600000000000117e-02 1.644999999999999978e-03 -7.766199999999999493e-02 9.968599999999999683e-01 -1.546699999999999985e-02
8.000000000000000000e+00 9.500000000000000000e+01 3.600000000000000000e+01 0.000000000000000000e+00 1.600000000000000089e+00 -6.009999999999999717e-03 1.370799999999999970e-02 9.998879999999999990e-01 9.973990000000000355e-01 7.190499999999999670e-02 5.009000000000000431e-03 -7.182800000000000296e-02 9.973170000000000091e-01 -1.410499999999999948e-02
1.300000000000000000e+01 9.500000000000000000e+01 3.600000000000000000e+01 0.000000000000000000e+00 1.600000000000000089e+00 -7.281000000000000145e-03 -9.034999999999999629e-03 9.999329999999999607e-01 9.975629999999999775e-01 6.932399999999999674e-02 7.889999999999999444e-03 -6.939099999999999435e-02 9.975530000000000230e-01 8.507999999999999938e-03
1.900000000000000000e+01 9.500000000000000000e+01 3.600000000000000000e+01 0.000000000000000000e+00 1.600000000000000089e+00 -1.350799999999999917e-02 -6.596000000000000300e-03 9.998869999999999703e-01 9.980970000000000120e-01 6.007900000000000046e-02 1.387999999999999998e-02 -6.016400000000000220e-02 9.981719999999999482e-01 5.772000000000000221e-03
2.500000000000000000e+01 9.500000000000000000e+01 3.600000000000000000e+01 0.000000000000000000e+00 1.600000000000000089e+00 8.075000000000000580e-03 2.056300000000000142e-02 9.997559999999999780e-01 9.983659999999999757e-01 5.638800000000000062e-02 -9.223000000000000295e-03 -5.656400000000000317e-02 9.981970000000000010e-01 -2.007400000000000156e-02
7.000000000000000000e+00 2.900000000000000000e+01 4.400000000000000000e+01 0.000000000000000000e+00 1.600000000000000089e+00 -2.539999999999999940e-04 -1.090000000000000040e-03 -9.999989999999999712e-01 6.711549999999999461e-01 7.413170000000000037e-01 -9.779999999999999197e-04 7.413170000000000037e-01 -6.711549999999999461e-01 5.429999999999999714e-04
1.100000000000000000e+01 2.900000000000000000e+01 4.400000000000000000e+01 0.000000000000000000e+00 1.600000000000000089e+00 2.671000000000000197e-03 3.180999999999999800e-03 -9.999909999999999632e-01 6.696389999999999842e-01 7.426749999999999741e-01 4.151000000000000176e-03 7.426819999999999533e-01 -6.696440000000000170e-01 -1.459999999999999981e-04
2.100000000000000000e+01 2.900000000000000000e+01 4.400000000000000000e+01 0.000000000000000000e+00 1.600000000000000089e+00 -9.009999999999999997e-04 -5.360000000000000181e-04 -9.999989999999999712e-01 6.576570000000000471e-01 7.533170000000000144e-01 -9.959999999999999236e-04 7.533170000000000144e-01 -6.576579999999999648e-01 -3.260000000000000094e-04
2.500000000000000000e+01 2.900000000000000000e+01 4.400000000000000000e+01 0.000000000000000000e+00 1.600000000000000089e+00 -1.779999999999999898e-04 3.037999999999999902e-03 -9.999949999999999672e-01 6.524269999999999792e-01 7.578479999999999661e-01 2.186000000000000009e-03 7.578519999999999701e-01 -6.524240000000000039e-01 -2.116999999999999958e-03
2.800000000000000000e+01 2.900000000000000000e+01 4.400000000000000000e+01 0.000000000000000000e+00 1.600000000000000089e+00 -1.417999999999999990e-03 9.380000000000000317e-04 -9.999989999999999712e-01 6.531620000000000203e-01 7.572179999999999467e-01 -2.159999999999999919e-04 7.572170000000000289e-01 -6.531609999999999916e-01 -1.686999999999999915e-03
9.000000000000000000e+00 5.000000000000000000e+00 5.100000000000000000e+01 0.000000000000000000e+00 1.600000000000000089e+00 3.248000000000000019e-03 1.325999999999999922e-03 -9.999940000000000495e-01 4.890479999999999827e-01 -8.722569999999999490e-01 4.319999999999999838e-04 -8.722509999999999986e-01 -4.890459999999999807e-01 -3.481999999999999852e-03
1.300000000000000000e+01 5.000000000000000000e+00 5.100000000000000000e+01 0.000000000000000000e+00 1.600000000000000089e+00 9.539999999999999869e-04 -8.642000000000000376e-03 -9.999620000000000175e-01 4.884560000000000013e-01 -8.725519999999999943e-01 8.007000000000000228e-03 -8.725880000000000303e-01 -4.884450000000000180e-01 3.389000000000000085e-03
1.600000000000000000e+01 5.000000000000000000e+00 5.100000000000000000e+01 0.000000000000000000e+00 1.600000000000000089e+00 1.570999999999999914e-03 -5.510000000000000141e-03 -9.999839999999999840e-01 4.873319999999999874e-01 -8.731989999999999474e-01 5.577000000000000360e-03 -8.732159999999999922e-01 -4.873319999999999874e-01 1.314000000000000064e-03
2.000000000000000000e+01 5.000000000000000000e+00 5.100000000000000000e+01 0.000000000000000000e+00 1.600000000000000089e+00 8.239999999999999712e-04 -3.867000000000000211e-03 -9.999919999999999920e-01 4.820949999999999958e-01 -8.761109999999999731e-01 3.785999999999999869e-03 -8.761189999999999811e-01 -4.820940000000000225e-01 1.142000000000000003e-03
2.600000000000000000e+01 5.000000000000000000e+00 5.100000000000000000e+01 0.000000000000000000e+00 1.600000000000000089e+00 -5.087000000000000376e-03 -1.415399999999999991e-02 -9.998869999999999703e-01 4.851829999999999754e-01 -8.743570000000000508e-01 9.908999999999999406e-03 -8.743980000000000086e-01 -4.850780000000000092e-01 1.131500000000000040e-02
2.900000000000000000e+01 6.000000000000000000e+00 5.100000000000000000e+01 0.000000000000000000e+00 1.600000000000000089e+00 -4.789999999999999987e-03 -1.242399999999999928e-02 -9.999109999999999943e-01 3.177820000000000089e-01 -9.481079999999999508e-01 1.025799999999999976e-02 -9.481519999999999948e-01 -3.177050000000000152e-01 8.489999999999999283e-03
2.000000000000000000e+00 6.300000000000000000e+01 5.400000000000000000e+01 0.000000000000000000e+00 1.600000000000000089e+00 -1.688999999999999963e-03 1.840000000000000056e-03 9.999970000000000248e-01 -3.554740000000000122e-01 9.346830000000000416e-01 -2.320000000000000014e-03 -9.346849999999999881e-01 -3.554769999999999874e-01 -9.240000000000000166e-04
7.000000000000000000e+00 6.300000000000000000e+01 5.400000000000000000e+01 0.000000000000000000e+00 1.600000000000000089e+00 -6.840000000000000377e-04 -7.339999999999999520e-04 1.000000000000000000e+00 -3.523830000000000018e-01 9.358560000000000212e-01 4.449999999999999746e-04 -9.358560000000000212e-01 -3.523819999999999730e-01 -8.989999999999999511e-04
1.100000000000000000e+01 6.300000000000000000e+01 5.400000000000000000e+01 0.000000000000000000e+00 1.600000000000000089e+00 1.291000000000000047e-03 3.637000000000000042e-03 9.999930000000000208e-01 -3.490119999999999889e-01 9.371140000000000025e-01 -2.956999999999999993e-03 -9.371169999999999778e-01 -3.490059999999999829e-01 2.478999999999999867e-03
1.500000000000000000e+01 6.300000000000000000e+01 5.400000000000000000e+01 0.000000000000000000e+00 1.600000000000000089e+00 2.030000000000000012e-04 1.226000000000000093e-03 9.999989999999999712e-01 -3.530249999999999777e-01 9.356130000000000280e-01 -1.075000000000000001e-03 -9.356139999999999457e-01 -3.530240000000000045e-01 6.229999999999999644e-04
1.800000000000000000e+01 6.300000000000000000e+01 5.400000000000000000e+01 0.000000000000000000e+00 1.600000000000000089e+00 -4.389999999999999914e-04 -2.129999999999999949e-03 9.999980000000000535e-01 -3.536380000000000079e-01 9.353799999999999892e-01 1.837000000000000091e-03 -9.353820000000000467e-01 -3.536369999999999791e-01 -1.164000000000000104e-03
2.300000000000000000e+01 6.300000000000000000e+01 5.400000000000000000e+01 0.000000000000000000e+00 1.600000000000000089e+00 -1.069999999999999988e-03 2.131000000000000082e-03 9.999970000000000248e-01 -3.515789999999999749e-01 9.361549999999999594e-01 -2.370999999999999844e-03 -9.361580000000000457e-01 -3.515809999999999769e-01 -2.519999999999999996e-04
6.000000000000000000e+00 2.500000000000000000e+01 5.500000000000000000e+01 0.000000000000000000e+00 1.600000000000000089e+00 1.284999999999999901e-03 1.877999999999999895e-03 -9.999970000000000248e-01 -1.052900000000000016e-02 -9.999430000000000263e-01 -1.892000000000000019e-03 -9.999440000000000550e-01 1.053100000000000043e-02 -1.265000000000000065e-03
1.300000000000000000e+01 2.500000000000000000e+01 5.500000000000000000e+01 0.000000000000000000e+00 1.600000000000000089e+00 -6.049999999999999606e-04 1.890000000000000133e-04 -1.000000000000000000e+00 -1.219600000000000024e-02 -9.999259999999999815e-01 -1.810000000000000085e-04 -9.999249999999999527e-01 1.219600000000000024e-02 6.070000000000000092e-04
2.300000000000000000e+01 2.100000000000000000e+01 6.000000000000000000e+01 0.000000000000000000e+00 1.600000000000000089e+00 -5.800000000000000034e-04 -4.479000000000000342e-03 9.999900000000000455e-01 -9.913299999999999890e-02 9.950639999999999485e-01 4.400000000000000265e-03 -9.950740000000000141e-01 -9.912999999999999590e-02 -1.020999999999999989e-03
2.900000000000000000e+01 2.100000000000000000e+01 6.000000000000000000e+01 0.000000000000000000e+00 1.600000000000000089e+00 -1.873000000000000099e-03 3.089999999999999756e-04 9.999980000000000535e-01 -9.771900000000000031e-02 9.952140000000000430e-01 -4.910000000000000085e-04 -9.952119999999999855e-01 -9.772000000000000131e-02 -1.833999999999999910e-03
2.000000000000000000e+00 3.000000000000000000e+00 6.300000000000000000e+01 0.000000000000000000e+00 1.600000000000000089e+00 2.586999999999999890e-03 6.160000000000000111e-04 9.999959999999999960e-01 -6.159540000000000015e-01 7.877809999999999535e-01 1.108000000000000044e-03 -7.877779999999999783e-01 -6.159550000000000303e-01 2.418000000000000010e-03
8.000000000000000000e+00 2.700000000000000000e+01 6.300000000000000000e+01 0.000000000000000000e+00 1.600000000000000089e+00 2.112999999999999861e-03 -5.159999999999999656e-04 9.999980000000000535e-01 -2.677740000000000120e-01 9.634810000000000318e-01 1.062999999999999926e-03 -9.634789999999999743e-01 -2.677760000000000140e-01 1.897999999999999948e-03
1.200000000000000000e+01 2.700000000000000000e+01 6.300000000000000000e+01 0.000000000000000000e+00 1.600000000000000089e+00 2.521999999999999936e-03 4.690000000000000158e-04 9.999970000000000248e-01 -2.683459999999999734e-01 9.633230000000000404e-01 2.249999999999999938e-04 -9.633190000000000364e-01 -2.683450000000000002e-01 2.556000000000000112e-03
1.700000000000000000e+01 2.700000000000000000e+01 6.300000000000000000e+01 0.000000000000000000e+00 1.600000000000000089e+00 -1.994000000000000113e-03 7.807999999999999836e-03 9.999679999999999680e-01 -2.701609999999999845e-01 9.627809999999999979e-01 -8.056999999999999926e-03 -9.628130000000000299e-01 -2.701689999999999925e-01 1.900000000000000105e-04
2.200000000000000000e+01 2.700000000000000000e+01 6.300000000000000000e+01 0.000000000000000000e+00 1.600000000000000089e+00 5.220000000000000031e-04 -9.779999999999999197e-04 9.999989999999999712e-01 -2.741709999999999980e-01 9.616799999999999793e-01 1.082999999999999978e-03 -9.616810000000000080e-01 -2.741709999999999980e-01 2.339999999999999958e-04
2.700000000000000000e+01 2.700000000000000000e+01 6.300000000000000000e+01 0.000000000000000000e+00 1.600000000000000089e+00 -3.044999999999999964e-03 -3.435000000000000119e-03 9.999890000000000168e-01 -2.733400000000000274e-01 9.619140000000000468e-01 2.471999999999999805e-03 -9.619130000000000180e-01 -2.733300000000000174e-01 -3.867999999999999911e-03
8.000000000000000000e+00 2.600000000000000000e+01 6.400000000000000000e+01 0.000000000000000000e+00 1.600000000000000089e+00 1.930999999999999991e-03 3.449999999999999833e-04 9.999980000000000535e-01 -3.497819999999999818e-01 9.368309999999999693e-01 3.519999999999999908e-04 -9.368290000000000228e-01 -3.497819999999999818e-01 1.930000000000000075e-03
1.300000000000000000e+01 2.600000000000000000e+01 6.400000000000000000e+01 0.000000000000000000e+00 1.600000000000000089e+00 1.582000000000000073e-03 1.348000000000000023e-03 9.999980000000000535e-01 -3.493479999999999919e-01 9.369929999999999648e-01 -7.100000000000000191e-04 -9.369920000000000471e-01 -3.493459999999999899e-01 1.953000000000000092e-03
1.600000000000000000e+01 2.600000000000000000e+01 6.400000000000000000e+01 0.000000000000000000e+00 1.600000000000000089e+00 -1.562999999999999936e-03 5.915000000000000119e-03 9.999810000000000088e-01 -3.520820000000000061e-01 9.359490000000000309e-01 -6.087000000000000396e-03 -9.359680000000000222e-01 -3.520849999999999813e-01 6.199999999999999999e-04
2.100000000000000000e+01 2.600000000000000000e+01 6.400000000000000000e+01 0.000000000000000000e+00 1.600000000000000089e+00 5.039999999999999992e-04 2.624000000000000030e-03 9.999959999999999960e-01 -3.573979999999999935e-01 9.339490000000000292e-01 -2.271000000000000015e-03 -9.339520000000000044e-01 -3.573959999999999915e-01 1.407999999999999963e-03
2.600000000000000000e+01 2.600000000000000000e+01 6.400000000000000000e+01 0.000000000000000000e+00 1.600000000000000089e+00 -2.005999999999999971e-03 -2.426000000000000205e-03 9.999949999999999672e-01 -3.550570000000000115e-01 9.348429999999999795e-01 1.556000000000000091e-03 -9.348419999999999508e-01 -3.550530000000000075e-01 -2.736000000000000151e-03
5.000000000000000000e+00 2.500000000000000000e+01 7.300000000000000000e+01 0.000000000000000000e+00 1.600000000000000089e+00 -2.080999999999999951e-03 -1.900999999999999912e-03 9.999959999999999960e-01 7.496230000000000393e-01 -6.618650000000000366e-01 3.020000000000000223e-04 6.618619999999999504e-01 7.496199999999999530e-01 2.801999999999999803e-03
1.000000000000000000e+01 2.500000000000000000e+01 7.300000000000000000e+01 0.000000000000000000e+00 1.600000000000000089e+00 1.008999999999999914e-03 3.390000000000000001e-04 1.000000000000000000e+00 7.422159999999999869e-01 -6.701599999999999779e-01 -5.220000000000000031e-04 6.701599999999999779e-01 7.422159999999999869e-01 -9.280000000000000054e-04
1.700000000000000000e+01 2.500000000000000000e+01 7.300000000000000000e+01 0.000000000000000000e+00 1.600000000000000089e+00 -1.294000000000000011e-03 5.339999999999999695e-04 9.999989999999999712e-01 7.438730000000000064e-01 -6.683200000000000252e-01 1.319999999999999993e-03 6.683200000000000252e-01 7.438740000000000352e-01 4.679999999999999915e-04
2.300000000000000000e+01 2.500000000000000000e+01 7.300000000000000000e+01 0.000000000000000000e+00 1.600000000000000089e+00 9.089999999999999773e-04 1.711000000000000064e-03 9.999980000000000535e-01 7.456859999999999600e-01 -6.662979999999999459e-01 4.620000000000000083e-04 6.662970000000000281e-01 7.456840000000000135e-01 -1.881999999999999992e-03
2.800000000000000000e+01 2.500000000000000000e+01 7.300000000000000000e+01 0.000000000000000000e+00 1.600000000000000089e+00 5.209999999999999788e-04 -7.010000000000000172e-04 1.000000000000000000e+00 7.513009999999999966e-01 -6.599589999999999623e-01 -8.540000000000000499e-04 6.599599999999999911e-01 7.513009999999999966e-01 1.830000000000000029e-04
