2.700000000000000000e+01 4.200000000000000000e+01 2.000000000000000000e+00 0.000000000000000000e+00 1.600000000000000089e+00 -4.139999999999999800e-04 -3.404599999999999987e-02 9.994199999999999751e-01 9.899890000000000079e-01 1.410460000000000047e-01 5.215000000000000017e-03 -1.411419999999999897e-01 9.894169999999999909e-01 3.364700000000000329e-02
4.000000000000000000e+00 1.500000000000000000e+01 4.000000000000000000e+00 0.000000000000000000e+00 1.600000000000000089e+00 -5.019000000000000024e-03 -2.040999999999999846e-03 9.999850000000000128e-01 2.912839999999999874e-01 -9.566360000000000419e-01 -4.899999999999999842e-04 9.566230000000000011e-01 2.912779999999999814e-01 5.395999999999999755e-03
1.000000000000000000e+01 1.500000000000000000e+01 4.000000000000000000e+00 0.000000000000000000e+00 1.600000000000000089e+00 -6.807999999999999816e-03 1.134699999999999945e-02 9.999120000000000230e-01 2.867700000000000249e-01 -9.579140000000000432e-01 1.282299999999999933e-02 9.579750000000000210e-01 2.868319999999999759e-01 3.268000000000000071e-03
2.800000000000000000e+01 1.600000000000000000e+01 4.000000000000000000e+00 0.000000000000000000e+00 1.600000000000000089e+00 -5.791000000000000140e-03 1.397100000000000078e-02 9.998860000000000525e-01 3.239270000000000205e-01 -9.459619999999999695e-01 1.509399999999999978e-02 9.460640000000000160e-01 3.239779999999999882e-01 9.520000000000000467e-04
4.000000000000000000e+00 1.010000000000000000e+02 7.000000000000000000e+00 0.000000000000000000e+00 1.600000000000000089e+00 1.242999999999999964e-03 1.217900000000000059e-02 9.999249999999999527e-01 8.850970000000000226e-01 4.653579999999999939e-01 -6.767999999999999711e-03 -4.654050000000000131e-01 8.850390000000000201e-01 -1.020100000000000000e-02
1.600000000000000000e+01 1.010000000000000000e+02 7.000000000000000000e+00 0.000000000000000000e+00 1.600000000000000089e+00 2.598000000000000049e-03 -4.847999999999999879e-03 9.999850000000000128e-01 8.882870000000000488e-01 4.592899999999999761e-01 -8.100000000000000375e-05 -4.592820000000000236e-01 8.882729999999999793e-01 5.499000000000000415e-03
4.000000000000000000e+00 1.500000000000000000e+01 8.000000000000000000e+00 0.000000000000000000e+00 1.600000000000000089e+00 1.955000000000000140e-03 -1.637999999999999916e-03 -9.999970000000000248e-01 -5.818830000000000391e-01 -8.132730000000000237e-01 1.949999999999999965e-04 -8.132700000000000484e-01 5.818809999999999816e-01 -2.543000000000000121e-03
1.000000000000000000e+01 1.500000000000000000e+01 8.000000000000000000e+00 0.000000000000000000e+00 1.600000000000000089e+00 1.012599999999999958e-02 9.494000000000000702e-03 -9.999040000000000150e-01 -5.783420000000000227e-01 -8.156809999999999894e-01 -1.360100000000000024e-02 -8.157320000000000126e-01 5.784240000000000492e-01 -2.769000000000000194e-03
1.500000000000000000e+01 1.500000000000000000e+01 8.000000000000000000e+00 0.000000000000000000e+00 1.600000000000000089e+00 1.138699999999999955e-02 2.253900000000000001e-02 -9.996810000000000418e-01 -5.751509999999999678e-01 -8.176660000000000039e-01 -2.498699999999999879e-02 -8.179680000000000284e-01 5.752519999999999856e-01 3.651999999999999864e-03
2.300000000000000000e+01 1.500000000000000000e+01 8.000000000000000000e+00 0.000000000000000000e+00 1.600000000000000089e+00 6.530000000000000214e-03 2.118300000000000044e-02 -9.997540000000000315e-01 -5.680880000000000374e-01 -8.226959999999999829e-01 -2.114200000000000107e-02 -8.229419999999999513e-01 5.680870000000000086e-01 6.662000000000000387e-03
2.800000000000000000e+01 1.500000000000000000e+01 8.000000000000000000e+00 0.000000000000000000e+00 1.600000000000000089e+00 7.799000000000000377e-03 9.771999999999999437e-03 -9.999219999999999775e-01 -5.650389999999999580e-01 -8.249699999999999811e-01 -1.247000000000000018e-02 -8.250269999999999548e-01 5.650920000000000387e-01 -9.120000000000000502e-04
2.100000000000000000e+01 2.600000000000000000e+01 8.000000000000000000e+00 0.000000000000000000e+00 1.600000000000000089e+00 -7.339000000000000037e-03 -2.073799999999999949e-02 -9.997580000000000355e-01 4.126360000000000028e-01 9.106319999999999970e-01 -2.191799999999999998e-02 9.108659999999999535e-01 -4.126969999999999805e-01 1.874000000000000015e-03
2.700000000000000000e+01 2.600000000000000000e+01 8.000000000000000000e+00 0.000000000000000000e+00 1.600000000000000089e+00 -5.145000000000000268e-03 -1.090600000000000076e-02 -9.999270000000000103e-01 4.171150000000000135e-01 9.087739999999999707e-01 -1.205799999999999927e-02 9.088389999999999525e-01 -4.171460000000000168e-01 -1.269999999999999970e-04
2.000000000000000000e+00 2.400000000000000000e+01 9.000000000000000000e+00 0.000000000000000000e+00 1.600000000000000089e+00 1.672000000000000092e-03 1.090000000000000040e-03 -9.999980000000000535e-01 4.580879999999999952e-01 8.889049999999999452e-01 1.734999999999999997e-03 8.889049999999999452e-01 -4.580899999999999972e-01 9.870000000000000301e-04
6.000000000000000000e+00 2.400000000000000000e+01 9.000000000000000000e+00 0.000000000000000000e+00 1.600000000000000089e+00 -1.819000000000000087e-03 -8.198999999999999691e-03 -9.999649999999999928e-01 4.582180000000000142e-01 8.888030000000000097e-01 -8.120999999999999747e-03 8.888380000000000170e-01 -4.582160000000000122e-01 2.139999999999999975e-03
1.500000000000000000e+01 2.400000000000000000e+01 9.000000000000000000e+00 0.000000000000000000e+00 1.600000000000000089e+00 -9.532000000000000542e-03 -2.488100000000000034e-02 -9.996450000000000058e-01 4.642310000000000048e-01 8.853189999999999671e-01 -2.646199999999999941e-02 8.856629999999999781e-01 -4.643189999999999817e-01 3.112000000000000183e-03
2.000000000000000000e+01 2.400000000000000000e+01 9.000000000000000000e+00 0.000000000000000000e+00 1.600000000000000089e+00 -8.073999999999999580e-03 -2.545599999999999946e-02 -9.996429999999999483e-01 4.661989999999999745e-01 8.842900000000000205e-01 -2.628300000000000081e-02 8.846429999999999572e-01 -4.662439999999999918e-01 4.728000000000000431e-03
3.000000000000000000e+01 2.400000000000000000e+01 9.000000000000000000e+00 0.000000000000000000e+00 1.600000000000000089e+00 -4.505999999999999589e-03 1.953000000000000092e-03 -9.999879999999999880e-01 4.713820000000000232e-01 8.819289999999999630e-01 -4.009999999999999893e-04 8.819179999999999797e-01 -4.713780000000000192e-01 -4.893999999999999913e-03
1.000000000000000000e+01 3.100000000000000000e+01 1.200000000000000000e+01 0.000000000000000000e+00 1.600000000000000089e+00 -6.819999999999999890e-04 9.210000000000000521e-04 9.999989999999999712e-01 1.899599999999999900e-02 9.998190000000000133e-01 -9.079999999999999530e-04 -9.998190000000000133e-01 1.899500000000000147e-02 -6.989999999999999686e-04
2.000000000000000000e+01 3.100000000000000000e+01 1.200000000000000000e+01 0.000000000000000000e+00 1.600000000000000089e+00 9.049999999999999885e-04 -1.381999999999999982e-03 9.999989999999999712e-01 9.676000000000000573e-03 9.999519999999999520e-01 1.373000000000000088e-03 -9.999529999999999808e-01 9.674999999999999573e-03 9.190000000000000035e-04
1.000000000000000000e+00 1.200000000000000000e+01 1.500000000000000000e+01 0.000000000000000000e+00 1.600000000000000089e+00 -5.349999999999999938e-04 4.701999999999999583e-03 -9.999890000000000168e-01 -4.655059999999999754e-01 -8.850360000000000449e-01 -3.911999999999999679e-03 -8.850449999999999706e-01 4.654980000000000229e-01 2.661999999999999870e-03
5.000000000000000000e+00 1.200000000000000000e+01 1.500000000000000000e+01 0.000000000000000000e+00 1.600000000000000089e+00 1.727000000000000019e-03 4.929000000000000221e-03 -9.999860000000000415e-01 -4.650889999999999747e-01 -8.852489999999999526e-01 -5.165999999999999585e-03 -8.852619999999999933e-01 4.650909999999999767e-01 7.630000000000000063e-04
8.000000000000000000e+00 1.200000000000000000e+01 1.500000000000000000e+01 0.000000000000000000e+00 1.600000000000000089e+00 5.974000000000000143e-03 9.133999999999999758e-03 -9.999400000000000510e-01 -4.662519999999999998e-01 -8.845849999999999547e-01 -1.086600000000000066e-02 -8.846319999999999739e-01 4.662899999999999823e-01 -1.026000000000000002e-03
1.600000000000000000e+01 1.200000000000000000e+01 1.500000000000000000e+01 0.000000000000000000e+00 1.600000000000000089e+00 7.656999999999999744e-03 1.235999999999999946e-02 -9.998939999999999495e-01 -4.683249999999999913e-01 -8.834370000000000278e-01 -1.450700000000000080e-02 -8.835229999999999473e-01 4.683860000000000245e-01 -9.759999999999999796e-04
2.800000000000000000e+01 1.200000000000000000e+01 1.500000000000000000e+01 0.000000000000000000e+00 1.600000000000000089e+00 5.028000000000000351e-03 3.023000000000000079e-03 -9.999829999999999552e-01 -4.689389999999999947e-01 -8.832160000000000011e-01 -5.028000000000000351e-03 -8.832160000000000011e-01 4.689570000000000127e-01 -3.024000000000000212e-03
9.000000000000000000e+00 1.160000000000000000e+02 1.600000000000000000e+01 0.000000000000000000e+00 1.600000000000000089e+00 8.249999999999999955e-04 2.567999999999999970e-03 9.999959999999999960e-01 7.019889999999999741e-01 7.121840000000000392e-01 -2.407999999999999984e-03 -7.121870000000000145e-01 7.019889999999999741e-01 -1.214999999999999934e-03
1.400000000000000000e+01 1.160000000000000000e+02 1.600000000000000000e+01 0.000000000000000000e+00 1.600000000000000089e+00 -2.249999999999999938e-04 -2.840000000000000076e-03 9.999959999999999960e-01 7.048750000000000293e-01 7.093279999999999585e-01 2.173000000000000018e-03 -7.093310000000000448e-01 7.048729999999999718e-01 1.842000000000000104e-03
2.300000000000000000e+01 1.160000000000000000e+02 1.600000000000000000e+01 0.000000000000000000e+00 1.600000000000000089e+00 6.049999999999999606e-04 1.907000000000000058e-03 9.999980000000000535e-01 6.692179999999999795e-01 7.430639999999999468e-01 -1.822000000000000052e-03 -7.430660000000000043e-01 6.692169999999999508e-01 -8.270000000000000441e-04
2.700000000000000000e+01 1.160000000000000000e+02 1.600000000000000000e+01 0.000000000000000000e+00 1.600000000000000089e+00 -3.780000000000000265e-04 -6.639999999999999852e-04 1.000000000000000000e+00 6.760169999999999790e-01 7.368860000000000410e-01 7.450000000000000025e-04 -7.368860000000000410e-01 6.760169999999999790e-01 1.710000000000000094e-04
2.000000000000000000e+00 2.000000000000000000e+00 1.900000000000000000e+01 0.000000000000000000e+00 1.600000000000000089e+00 2.374999999999999941e-03 -7.941000000000000142e-03 -9.999660000000000215e-01 1.800470000000000126e-01 -9.836240000000000538e-01 8.238999999999999796e-03 -9.836549999999999461e-01 -1.800599999999999978e-01 -9.060000000000000128e-04
7.000000000000000000e+00 2.000000000000000000e+00 1.900000000000000000e+01 0.000000000000000000e+00 1.600000000000000089e+00 -4.920000000000000328e-04 -2.550000000000000183e-04 -1.000000000000000000e+00 1.774340000000000084e-01 -9.841330000000000355e-01 1.630000000000000047e-04 -9.841320000000000068e-01 -1.774340000000000084e-01 5.289999999999999564e-04
1.700000000000000000e+01 2.000000000000000000e+00 1.900000000000000000e+01 0.000000000000000000e+00 1.600000000000000089e+00 -5.289999999999999564e-04 4.852999999999999675e-03 -9.999879999999999880e-01 1.725520000000000109e-01 -9.849879999999999747e-01 -4.871999999999999595e-03 -9.849999999999999867e-01 -1.725530000000000119e-01 -3.159999999999999832e-04
2.200000000000000000e+01 2.000000000000000000e+00 1.900000000000000000e+01 0.000000000000000000e+00 1.600000000000000089e+00 -1.061000000000000094e-03 8.970000000000000109e-04 -9.999989999999999712e-01 1.685869999999999869e-01 -9.856859999999999511e-01 -1.062999999999999926e-03 -9.856859999999999511e-01 -1.685879999999999879e-01 8.949999999999999623e-04
2.500000000000000000e+01 2.000000000000000000e+00 1.900000000000000000e+01 0.000000000000000000e+00 1.600000000000000089e+00 -2.361999999999999950e-03 4.400000000000000157e-04 -9.999970000000000248e-01 1.665099999999999913e-01 -9.860389999999999988e-01 -8.270000000000000441e-04 -9.860370000000000523e-01 -1.665119999999999933e-01 2.256000000000000193e-03
3.000000000000000000e+01 2.000000000000000000e+00 1.900000000000000000e+01 0.000000000000000000e+00 1.600000000000000089e+00 -3.020000000000000115e-03 -3.338999999999999954e-03 -9.999900000000000455e-01 1.665240000000000054e-01 -9.860330000000000483e-01 2.789999999999999945e-03 -9.860330000000000483e-01 -1.665139999999999953e-01 3.533999999999999815e-03
2.000000000000000000e+00 4.000000000000000000e+00 2.000000000000000000e+01 0.000000000000000000e+00 1.600000000000000089e+00 4.283000000000000348e-03 -8.481000000000000691e-03 -9.999550000000000383e-01 2.721910000000000163e-01 -9.621979999999999977e-01 9.327000000000000221e-03 -9.622340000000000337e-01 -2.722180000000000155e-01 -1.812999999999999941e-03
9.000000000000000000e+00 4.000000000000000000e+00 2.000000000000000000e+01 0.000000000000000000e+00 1.600000000000000089e+00 -3.507999999999999834e-03 2.004999999999999838e-03 -9.999919999999999920e-01 2.746709999999999985e-01 -9.615339999999999998e-01 -2.890999999999999907e-03 -9.615320000000000533e-01 -2.746790000000000065e-01 2.822999999999999989e-03
1.300000000000000000e+01 4.000000000000000000e+00 2.000000000000000000e+01 0.000000000000000000e+00 1.600000000000000089e+00 -1.427000000000000100e-03 2.390000000000000197e-03 -9.999959999999999960e-01 2.781100000000000239e-01 -9.605460000000000109e-01 -2.693000000000000081e-03 -9.605479999999999574e-01 -2.781120000000000259e-01 7.060000000000000303e-04
1.700000000000000000e+01 4.000000000000000000e+00 2.000000000000000000e+01 0.000000000000000000e+00 1.600000000000000089e+00 -1.446999999999999936e-03 6.837000000000000195e-03 -9.999759999999999760e-01 2.727040000000000020e-01 -9.620729999999999560e-01 -6.971999999999999899e-03 -9.620969999999999800e-01 -2.727080000000000060e-01 -4.730000000000000046e-04
4.000000000000000000e+00 1.300000000000000000e+01 2.000000000000000000e+01 0.000000000000000000e+00 1.600000000000000089e+00 -1.012000000000000096e-03 2.478999999999999867e-03 9.999959999999999960e-01 2.573090000000000099e-01 9.663270000000000470e-01 -2.135000000000000179e-03 -9.663289999999999935e-01 2.573059999999999792e-01 -1.616000000000000032e-03
8.000000000000000000e+00 1.300000000000000000e+01 2.000000000000000000e+01 0.000000000000000000e+00 1.600000000000000089e+00 6.290000000000000018e-04 -3.353000000000000078e-03 9.999940000000000495e-01 2.579089999999999994e-01 9.661640000000000228e-01 3.076999999999999874e-03 -9.661689999999999445e-01 2.579049999999999954e-01 1.472000000000000001e-03
1.200000000000000000e+01 1.300000000000000000e+01 2.000000000000000000e+01 0.000000000000000000e+00 1.600000000000000089e+00 1.529999999999999893e-03 -7.643999999999999753e-03 9.999700000000000255e-01 2.589199999999999835e-01 9.658729999999999816e-01 6.987000000000000155e-03 -9.658980000000000343e-01 2.589009999999999923e-01 3.457000000000000003e-03
1.600000000000000000e+01 1.300000000000000000e+01 2.000000000000000000e+01 0.000000000000000000e+00 1.600000000000000089e+00 3.069999999999999812e-04 -1.025799999999999976e-02 9.999470000000000303e-01 2.583239999999999981e-01 9.660079999999999778e-01 9.830000000000000196e-03 -9.660579999999999723e-01 2.583070000000000088e-01 2.945999999999999834e-03
2.100000000000000000e+01 1.300000000000000000e+01 2.000000000000000000e+01 0.000000000000000000e+00 1.600000000000000089e+00 -5.360000000000000181e-04 -1.479999999999999925e-04 1.000000000000000000e+00 2.594130000000000047e-01 9.657660000000000133e-01 2.820000000000000241e-04 -9.657660000000000133e-01 2.594130000000000047e-01 -4.789999999999999879e-04
2.800000000000000000e+01 1.300000000000000000e+01 2.000000000000000000e+01 0.000000000000000000e+00 1.600000000000000089e+00 -3.429999999999999889e-04 -1.045699999999999928e-02 9.999449999999999728e-01 2.589330000000000243e-01 9.658419999999999783e-01 1.018900000000000014e-02 -9.658949999999999481e-01 2.589219999999999855e-01 2.377000000000000206e-03
2.000000000000000000e+00 1.600000000000000000e+01 2.100000000000000000e+01 0.000000000000000000e+00 1.600000000000000089e+00 -2.344000000000000163e-03 1.966999999999999998e-03 9.999949999999999672e-01 2.946550000000000002e-01 9.556029999999999802e-01 -1.188999999999999953e-03 -9.556010000000000337e-01 2.946509999999999962e-01 -2.820000000000000024e-03
1.300000000000000000e+01 1.600000000000000000e+01 2.100000000000000000e+01 0.000000000000000000e+00 1.600000000000000089e+00 1.516999999999999902e-03 -3.850000000000000124e-03 9.999909999999999632e-01 2.954809999999999937e-01 9.553430000000000533e-01 3.229999999999999798e-03 -9.553469999999999462e-01 2.954740000000000144e-01 2.586999999999999890e-03
2.100000000000000000e+01 1.600000000000000000e+01 2.100000000000000000e+01 0.000000000000000000e+00 1.600000000000000089e+00 1.029999999999999964e-04 5.546999999999999847e-03 9.999850000000000128e-01 2.965800000000000103e-01 9.549929999999999808e-01 -5.328000000000000271e-03 -9.550079999999999680e-01 2.965760000000000063e-01 -1.546000000000000065e-03
2.500000000000000000e+01 1.600000000000000000e+01 2.100000000000000000e+01 0.000000000000000000e+00 1.600000000000000089e+00 -7.820000000000000345e-04 -5.205000000000000425e-03 9.999860000000000415e-01 2.962400000000000033e-01 9.550990000000000313e-01 5.203000000000000159e-03 -9.551129999999999898e-01 2.962400000000000033e-01 7.950000000000000252e-04
3.000000000000000000e+01 1.600000000000000000e+01 2.100000000000000000e+01 0.000000000000000000e+00 1.600000000000000089e+00 -1.806000000000000097e-03 -1.304600000000000030e-02 9.999130000000000518e-01 2.962540000000000173e-01 9.550210000000000088e-01 1.299600000000000061e-02 -9.551070000000000393e-01 2.962520000000000153e-01 2.139999999999999975e-03
1.000000000000000000e+00 3.000000000000000000e+00 2.500000000000000000e+01 0.000000000000000000e+00 1.600000000000000089e+00 -8.700000000000000051e-05 -1.219899999999999977e-02 9.999259999999999815e-01 -2.436599999999999877e-02 -9.996289999999999898e-01 -1.219800000000000051e-02 9.997030000000000083e-01 -2.436500000000000124e-02 -2.110000000000000059e-04
1.500000000000000000e+01 3.000000000000000000e+00 2.500000000000000000e+01 0.000000000000000000e+00 1.600000000000000089e+00 -4.804000000000000110e-03 8.137999999999999401e-03 9.999550000000000383e-01 -1.603999999999999870e-02 -9.998390000000000333e-01 8.059999999999999457e-03 9.998599999999999710e-01 -1.600000000000000033e-02 4.934000000000000018e-03
1.200000000000000000e+01 4.600000000000000000e+01 2.700000000000000000e+01 0.000000000000000000e+00 1.600000000000000089e+00 9.300000000000000541e-04 1.577999999999999976e-03 -9.999980000000000535e-01 6.812279999999999447e-01 7.320689999999999698e-01 1.789000000000000009e-03 7.320710000000000273e-01 -6.812279999999999447e-01 -3.939999999999999817e-04
1.800000000000000000e+01 4.600000000000000000e+01 2.700000000000000000e+01 0.000000000000000000e+00 1.600000000000000089e+00 5.969999999999999829e-04 -6.310000000000000504e-04 -1.000000000000000000e+00 6.847670000000000146e-01 7.287620000000000209e-01 -5.099999999999999960e-05 7.287609999999999921e-01 -6.847670000000000146e-01 8.670000000000000406e-04
2.800000000000000000e+01 4.600000000000000000e+01 2.700000000000000000e+01 0.000000000000000000e+00 1.600000000000000089e+00 5.060000000000000478e-04 1.079999999999999960e-04 -1.000000000000000000e+00 6.769560000000000022e-01 7.360229999999999828e-01 4.220000000000000118e-04 7.360229999999999828e-01 -6.769560000000000022e-01 2.990000000000000036e-04
3.000000000000000000e+00 5.800000000000000000e+01 3.100000000000000000e+01 0.000000000000000000e+00 1.600000000000000089e+00 -1.201999999999999943e-03 2.933999999999999976e-03 9.999949999999999672e-01 -7.993999999999999995e-01 -6.007980000000000542e-01 8.019999999999999785e-04 6.007980000000000542e-01 -7.993949999999999667e-01 3.067999999999999981e-03
1.100000000000000000e+01 5.800000000000000000e+01 3.100000000000000000e+01 0.000000000000000000e+00 1.600000000000000089e+00 2.416999999999999878e-03 7.863000000000000198e-03 9.999660000000000215e-01 -8.014740000000000197e-01 -5.979919999999999680e-01 6.638999999999999936e-03 5.980240000000000000e-01 -8.014630000000000365e-01 4.856000000000000073e-03
1.900000000000000000e+01 5.800000000000000000e+01 3.100000000000000000e+01 0.000000000000000000e+00 1.600000000000000089e+00 6.629999999999999609e-04 2.849999999999999886e-04 1.000000000000000000e+00 -8.013710000000000555e-01 -5.981670000000000043e-01 7.010000000000000172e-04 5.981670000000000043e-01 -8.013710000000000555e-01 -1.679999999999999907e-04
2.400000000000000000e+01 5.800000000000000000e+01 3.100000000000000000e+01 0.000000000000000000e+00 1.600000000000000089e+00 2.103999999999999967e-03 4.840999999999999817e-03 9.999860000000000415e-01 -7.989720000000000155e-01 -6.013500000000000512e-01 4.592999999999999861e-03 6.013640000000000096e-01 -7.989709999999999868e-01 2.602999999999999845e-03
6.000000000000000000e+00 4.600000000000000000e+01 3.500000000000000000e+01 0.000000000000000000e+00 1.600000000000000089e+00 -1.087000000000000076e-03 1.142999999999999919e-03 -9.999989999999999712e-01 3.843050000000000077e-01 -9.232050000000000534e-01 -1.472999999999999917e-03 -9.232059999999999711e-01 -3.843059999999999810e-01 5.649999999999999641e-04
1.500000000000000000e+01 4.600000000000000000e+01 3.500000000000000000e+01 0.000000000000000000e+00 1.600000000000000089e+00 -4.389999999999999914e-04 -5.289999999999999564e-04 -1.000000000000000000e+00 3.866160000000000152e-01 -9.222409999999999775e-01 3.179999999999999776e-04 -9.222409999999999775e-01 -3.866149999999999864e-01 6.089999999999999494e-04
1.800000000000000000e+01 4.600000000000000000e+01 3.500000000000000000e+01 0.000000000000000000e+00 1.600000000000000089e+00 -6.679999999999999740e-04 1.360000000000000098e-03 -9.999989999999999712e-01 3.860049999999999870e-01 -9.224949999999999539e-01 -1.512000000000000106e-03 -9.224959999999999827e-01 -3.860060000000000158e-01 9.100000000000000287e-05
2.200000000000000000e+01 4.600000000000000000e+01 3.500000000000000000e+01 0.000000000000000000e+00 1.600000000000000089e+00 -5.320000000000000293e-04 1.546999999999999981e-03 -9.999989999999999712e-01 3.864049999999999985e-01 -9.223280000000000367e-01 -1.632999999999999903e-03 -9.223289999999999544e-01 -3.864049999999999985e-01 -1.069999999999999988e-04
3.000000000000000000e+00 9.500000000000000000e+01 3.600000000000000000e+01 0.000000000000000000e+00 1.600000000000000089e+00 -9.591999999999999832e-03 -2.576499999999999971e-02 9.996220000000000105e-01 9.972109999999999586e-01 7.374200000000000199e-02 1.146999999999999929e-02 -7.401000000000000634e-02 9.969440000000000524e-01 2.498600000000000126e-02
1.000000000000000000e+01 9.500000000000000000e+01 3.600000000000000000e+01 0.000000000000000000e+00 1.600000000000000089e+00 -9.280000000000000054e-04 9.476000000000000048e-03 9.999550000000000383e-01 9.971360000000000223e-01 7.563000000000000278e-02 2.090000000000000115e-04 -7.562499999999999778e-02 9.970909999999999496e-01 -9.518999999999999684e-03
1.600000000000000000e+01 9.500000000000000000e+01 3.600000000000000000e+01 0.000000000000000000e+00 1.600000000000000089e+00 5.487999999999999823e-03 -1.497099999999999993e-02 9.998730000000000118e-01 9.975549999999999695e-01 6.974700000000000344e-02 -4.431000000000000043e-03 -6.967199999999999782e-02 9.974520000000000053e-01 1.531700000000000075e-02
2.500000000000000000e+01 9.500000000000000000e+01 3.600000000000000000e+01 0.000000000000000000e+00 1.600000000000000089e+00 -1.992999999999999980e-03 2.359999999999999902e-04 9.999980000000000535e-01 9.970780000000000198e-01 7.635999999999999732e-02 1.968999999999999830e-03 -7.635999999999999732e-02 9.970799999999999663e-01 -3.879999999999999985e-04
3.000000000000000000e+01 9.500000000000000000e+01 3.600000000000000000e+01 0.000000000000000000e+00 1.600000000000000089e+00 -4.340000000000000108e-03 -2.877299999999999996e-02 9.995770000000000488e-01 9.970189999999999886e-01 7.687800000000000189e-02 6.542000000000000072e-03 -7.703400000000000525e-02 9.966249999999999831e-01 2.835299999999999973e-02
5.000000000000000000e+00 3.000000000000000000e+00 4.300000000000000000e+01 0.000000000000000000e+00 1.600000000000000089e+00 -4.760000000000000234e-04 9.370000000000000074e-04 -9.999989999999999712e-01 7.387869999999999715e-01 -6.739389999999999548e-01 -9.829999999999999329e-04 -6.739389999999999548e-01 -7.387869999999999715e-01 -3.719999999999999891e-04
1.600000000000000000e+01 3.000000000000000000e+00 4.300000000000000000e+01 0.000000000000000000e+00 1.600000000000000089e+00 -1.317999999999999944e-03 -7.322000000000000383e-03 -9.999719999999999720e-01 7.373729999999999452e-01 -6.754750000000000476e-01 3.974000000000000102e-03 -6.754850000000000021e-01 -7.373469999999999747e-01 6.289999999999999584e-03
2.300000000000000000e+01 3.000000000000000000e+00 4.300000000000000000e+01 0.000000000000000000e+00 1.600000000000000089e+00 -4.473999999999999679e-03 -1.112100000000000068e-02 -9.999280000000000390e-01 7.393969999999999709e-01 -6.732559999999999656e-01 4.179999999999999688e-03 -6.732540000000000191e-01 -7.393260000000000387e-01 1.123500000000000019e-02
3.000000000000000000e+00 2.900000000000000000e+01 4.400000000000000000e+01 0.000000000000000000e+00 1.600000000000000089e+00 -4.144000000000000114e-03 -5.000000000000000104e-04 -9.999909999999999632e-01 6.662400000000000544e-01 7.457310000000000327e-01 -3.132999999999999934e-03 7.457260000000000000e-01 -6.662470000000000336e-01 -2.756999999999999902e-03
9.000000000000000000e+00 2.900000000000000000e+01 4.400000000000000000e+01 0.000000000000000000e+00 1.600000000000000089e+00 -2.085000000000000048e-03 8.509999999999999769e-04 -9.999970000000000248e-01 6.668509999999999716e-01 7.451910000000000478e-01 -7.560000000000000530e-04 7.451879999999999615e-01 -6.668509999999999716e-01 -2.121000000000000055e-03
1.300000000000000000e+01 2.900000000000000000e+01 4.400000000000000000e+01 0.000000000000000000e+00 1.600000000000000089e+00 -1.423999999999999919e-03 2.550999999999999882e-03 -9.999959999999999960e-01 6.654660000000000020e-01 7.464269999999999516e-01 9.569999999999999514e-04 7.464260000000000339e-01 -6.654619999999999980e-01 -2.759999999999999867e-03
1.900000000000000000e+01 2.900000000000000000e+01 4.400000000000000000e+01 0.000000000000000000e+00 1.600000000000000089e+00 -6.026000000000000106e-03 -1.902999999999999961e-03 -9.999799999999999800e-01 6.446739999999999693e-01 7.644389999999999796e-01 -5.340000000000000129e-03 7.644339999999999469e-01 -6.446929999999999605e-01 -3.380000000000000192e-03
2.400000000000000000e+01 2.900000000000000000e+01 4.400000000000000000e+01 0.000000000000000000e+00 1.600000000000000089e+00 -1.678999999999999937e-03 -1.701999999999999954e-03 -9.999970000000000248e-01 6.389540000000000219e-01 7.692409999999999526e-01 -2.382000000000000003e-03 7.692430000000000101e-01 -6.389559999999999684e-01 -2.039999999999999984e-04
2.700000000000000000e+01 2.900000000000000000e+01 4.400000000000000000e+01 0.000000000000000000e+00 1.600000000000000089e+00 2.511999999999999910e-03 2.041999999999999978e-03 -9.999949999999999672e-01 6.414879999999999471e-01 7.671259999999999746e-01 3.177999999999999835e-03 7.671289999999999498e-01 -6.414929999999999799e-01 6.170000000000000354e-04
2.700000000000000000e+01 6.000000000000000000e+00 5.100000000000000000e+01 0.000000000000000000e+00 1.600000000000000089e+00 -5.924999999999999711e-03 1.946999999999999946e-03 -9.999810000000000088e-01 3.231620000000000048e-01 -9.463359999999999550e-01 -3.756999999999999923e-03 -9.463249999999999718e-01 -3.231780000000000208e-01 4.977999999999999786e-03
1.400000000000000000e+01 1.500000000000000000e+01 5.300000000000000000e+01 0.000000000000000000e+00 1.600000000000000089e+00 1.170999999999999949e-03 8.299999999999999815e-05 -9.999989999999999712e-01 6.774360000000000381e-01 7.355810000000000404e-01 8.540000000000000499e-04 7.355810000000000404e-01 -6.774369999999999559e-01 8.050000000000000515e-04
4.000000000000000000e+00 6.300000000000000000e+01 5.400000000000000000e+01 0.000000000000000000e+00 1.600000000000000089e+00 -2.369999999999999874e-04 -6.600000000000000506e-05 1.000000000000000000e+00 -3.534329999999999972e-01 9.354599999999999582e-01 -2.199999999999999943e-05 -9.354599999999999582e-01 -3.534329999999999972e-01 -2.449999999999999921e-04
8.000000000000000000e+00 6.300000000000000000e+01 5.400000000000000000e+01 0.000000000000000000e+00 1.600000000000000089e+00 2.970000000000000092e-04 -1.810000000000000085e-04 1.000000000000000000e+00 -3.498939999999999828e-01 9.367889999999999828e-01 2.730000000000000222e-04 -9.367889999999999828e-01 -3.498939999999999828e-01 2.149999999999999947e-04
1.000000000000000000e+01 6.300000000000000000e+01 5.400000000000000000e+01 0.000000000000000000e+00 1.600000000000000089e+00 7.529999999999999801e-04 1.210000000000000002e-04 1.000000000000000000e+00 -3.495969999999999911e-01 9.368999999999999551e-01 1.489999999999999897e-04 -9.368999999999999551e-01 -3.495969999999999911e-01 7.479999999999999670e-04
1.400000000000000000e+01 6.300000000000000000e+01 5.400000000000000000e+01 0.000000000000000000e+00 1.600000000000000089e+00 -5.029999999999999749e-04 4.569999999999999952e-04 1.000000000000000000e+00 -3.487979999999999969e-01 9.371979999999999755e-01 -6.040000000000000447e-04 -9.371979999999999755e-01 -3.487979999999999969e-01 -3.119999999999999944e-04
2.400000000000000000e+01 6.300000000000000000e+01 5.400000000000000000e+01 0.000000000000000000e+00 1.600000000000000089e+00 -5.119999999999999768e-04 2.000000000000000164e-05 1.000000000000000000e+00 -3.523140000000000160e-01 9.358819999999999917e-01 -1.990000000000000124e-04 -9.358819999999999917e-01 -3.523140000000000160e-01 -4.730000000000000046e-04
3.000000000000000000e+01 6.300000000000000000e+01 5.400000000000000000e+01 0.000000000000000000e+00 1.600000000000000089e+00 1.433000000000000029e-03 -1.402999999999999950e-03 9.999980000000000535e-01 -3.514959999999999751e-01 9.361869999999999914e-01 1.817000000000000039e-03 -9.361880000000000202e-01 -3.514979999999999771e-01 8.490000000000000368e-04
6.000000000000000000e+00 2.500000000000000000e+01 5.500000000000000000e+01 0.000000000000000000e+00 1.600000000000000089e+00 -9.240000000000000166e-04 -2.039000000000000014e-03 -9.999970000000000248e-01 -1.096600000000000005e-02 -9.999379999999999935e-01 2.049000000000000040e-03 -9.999390000000000223e-01 1.096699999999999932e-02 9.020000000000000240e-04
1.000000000000000000e+01 2.500000000000000000e+01 5.500000000000000000e+01 0.000000000000000000e+00 1.600000000000000089e+00 7.420000000000000380e-04 4.299999999999999894e-04 -1.000000000000000000e+00 -1.127399999999999930e-02 -9.999360000000000470e-01 -4.380000000000000213e-04 -9.999360000000000470e-01 1.127399999999999930e-02 -7.370000000000000249e-04
1.200000000000000000e+01 2.500000000000000000e+01 5.500000000000000000e+01 0.000000000000000000e+00 1.600000000000000089e+00 1.196999999999999930e-03 2.978000000000000178e-03 -9.999949999999999672e-01 -1.139899999999999941e-02 -9.999310000000000143e-01 -2.991000000000000169e-03 -9.999339999999999895e-01 1.140299999999999994e-02 -1.162999999999999971e-03
2.300000000000000000e+01 2.500000000000000000e+01 5.500000000000000000e+01 0.000000000000000000e+00 1.600000000000000089e+00 1.320999999999999909e-03 -1.977000000000000025e-03 -9.999970000000000248e-01 -1.272099999999999967e-02 -9.999169999999999447e-01 1.959999999999999937e-03 -9.999179999999999735e-01 1.271800000000000014e-02 -1.345999999999999974e-03
2.800000000000000000e+01 2.500000000000000000e+01 5.500000000000000000e+01 0.000000000000000000e+00 1.600000000000000089e+00 -9.280000000000000054e-04 2.154000000000000099e-03 -9.999970000000000248e-01 -1.320699999999999999e-02 -9.999099999999999655e-01 -2.141999999999999807e-03 -9.999120000000000230e-01 1.320499999999999972e-02 9.560000000000000355e-04
1.100000000000000000e+01 5.800000000000000000e+01 5.900000000000000000e+01 0.000000000000000000e+00 1.600000000000000089e+00 -4.341000000000000240e-03 5.394000000000000357e-03 -9.999759999999999760e-01 3.868610000000000104e-01 9.221319999999999517e-01 3.295000000000000186e-03 9.221279999999999477e-01 -3.868369999999999864e-01 -6.088999999999999795e-03
1.800000000000000000e+01 3.000000000000000000e+00 6.300000000000000000e+01 0.000000000000000000e+00 1.600000000000000089e+00 3.477000000000000056e-03 -7.067999999999999630e-03 9.999689999999999968e-01 -6.168209999999999527e-01 7.870650000000000146e-01 7.707999999999999574e-03 -7.870949999999999891e-01 -6.168289999999999607e-01 -1.623000000000000094e-03
2.100000000000000000e+01 3.000000000000000000e+00 6.300000000000000000e+01 0.000000000000000000e+00 1.600000000000000089e+00 9.899999999999999946e-04 -4.890000000000000249e-03 9.999879999999999880e-01 -6.177570000000000006e-01 7.863560000000000549e-01 4.457000000000000024e-03 -7.863679999999999559e-01 -6.177540000000000253e-01 -2.242000000000000069e-03
6.000000000000000000e+00 2.700000000000000000e+01 6.300000000000000000e+01 0.000000000000000000e+00 1.600000000000000089e+00 -1.740000000000000010e-03 -6.127999999999999767e-03 9.999799999999999800e-01 -2.775369999999999782e-01 9.606999999999999984e-01 5.403999999999999949e-03 -9.607130000000000392e-01 -2.775219999999999909e-01 -3.371999999999999997e-03
1.000000000000000000e+01 2.700000000000000000e+01 6.300000000000000000e+01 0.000000000000000000e+00 1.600000000000000089e+00 7.100000000000000462e-05 -9.145999999999999616e-03 9.999580000000000135e-01 -2.796580000000000177e-01 9.600589999999999957e-01 8.800999999999999795e-03 -9.600999999999999535e-01 -2.796469999999999789e-01 -2.490000000000000026e-03
1.800000000000000000e+01 2.700000000000000000e+01 6.300000000000000000e+01 0.000000000000000000e+00 1.600000000000000089e+00 2.300000000000000070e-04 1.208000000000000089e-03 9.999989999999999712e-01 -2.828979999999999828e-01 9.591499999999999471e-01 -1.093999999999999920e-03 -9.591499999999999471e-01 -2.828970000000000096e-01 5.630000000000000239e-04
2.200000000000000000e+01 2.700000000000000000e+01 6.300000000000000000e+01 0.000000000000000000e+00 1.600000000000000089e+00 4.399999999999999886e-05 1.257000000000000088e-03 9.999989999999999712e-01 -2.836400000000000032e-01 9.589299999999999491e-01 -1.193000000000000050e-03 -9.589309999999999778e-01 -2.836400000000000032e-01 3.989999999999999949e-04
2.600000000000000000e+01 2.700000000000000000e+01 6.300000000000000000e+01 0.000000000000000000e+00 1.600000000000000089e+00 -3.319999999999999926e-04 4.635000000000000231e-03 9.999890000000000168e-01 -2.834550000000000125e-01 9.589750000000000218e-01 -4.538999999999999632e-03 -9.589860000000000051e-01 -2.834530000000000105e-01 9.959999999999999236e-04
6.000000000000000000e+00 2.600000000000000000e+01 6.400000000000000000e+01 0.000000000000000000e+00 1.600000000000000089e+00 -8.499999999999999526e-04 -6.152999999999999615e-03 9.999810000000000088e-01 -3.589280000000000248e-01 9.333500000000000130e-01 5.438000000000000125e-03 -9.333650000000000002e-01 -3.589160000000000128e-01 -3.001999999999999894e-03
1.000000000000000000e+01 2.600000000000000000e+01 6.400000000000000000e+01 0.000000000000000000e+00 1.600000000000000089e+00 1.141000000000000087e-03 -8.845000000000000431e-03 9.999599999999999600e-01 -3.601239999999999997e-01 9.328640000000000265e-01 8.661999999999999561e-03 -9.329039999999999555e-01 -3.601190000000000224e-01 -2.121000000000000055e-03
1.500000000000000000e+01 2.600000000000000000e+01 6.400000000000000000e+01 0.000000000000000000e+00 1.600000000000000089e+00 4.000000000000000192e-04 1.761999999999999894e-03 9.999980000000000535e-01 -3.627059999999999729e-01 9.319020000000000081e-01 -1.497000000000000067e-03 -9.319030000000000369e-01 -3.627049999999999996e-01 1.012000000000000096e-03
2.200000000000000000e+01 2.600000000000000000e+01 6.400000000000000000e+01 0.000000000000000000e+00 1.600000000000000089e+00 1.820000000000000057e-04 1.561000000000000104e-03 9.999989999999999712e-01 -3.639490000000000225e-01 9.314179999999999682e-01 -1.386999999999999995e-03 -9.314189999999999969e-01 -3.639479999999999937e-01 7.370000000000000249e-04
2.600000000000000000e+01 2.600000000000000000e+01 6.400000000000000000e+01 0.000000000000000000e+00 1.600000000000000089e+00 -8.660000000000000163e-04 3.982000000000000296e-03 9.999919999999999920e-01 -3.644279999999999742e-01 9.312230000000000230e-01 -4.023999999999999799e-03 -9.312310000000000310e-01 -3.644290000000000029e-01 6.440000000000000412e-04
2.400000000000000000e+01 6.900000000000000000e+01 6.600000000000000000e+01 0.000000000000000000e+00 1.600000000000000089e+00 -1.417999999999999990e-03 -9.680000000000000019e-04 9.999989999999999712e-01 -9.501549999999999718e-01 3.117770000000000263e-01 -1.046000000000000055e-03 -3.117750000000000243e-01 -9.501549999999999718e-01 -1.361999999999999929e-03
8.000000000000000000e+00 2.500000000000000000e+01 7.300000000000000000e+01 0.000000000000000000e+00 1.600000000000000089e+00 1.348000000000000023e-03 2.272999999999999847e-03 9.999970000000000248e-01 7.564549999999999885e-01 -6.540460000000000163e-01 4.670000000000000214e-04 6.540449999999999875e-01 7.564520000000000133e-01 -2.601000000000000013e-03
1.300000000000000000e+01 2.500000000000000000e+01 7.300000000000000000e+01 0.000000000000000000e+00 1.600000000000000089e+00 -1.570999999999999914e-03 -3.250999999999999984e-03 9.999930000000000208e-01 7.560700000000000198e-01 -6.544900000000000162e-01 -9.399999999999999719e-04 6.544889999999999874e-01 7.560630000000000406e-01 3.485999999999999949e-03
1.900000000000000000e+01 2.500000000000000000e+01 7.300000000000000000e+01 0.000000000000000000e+00 1.600000000000000089e+00 1.299999999999999886e-04 8.440000000000000236e-04 1.000000000000000000e+00 7.540540000000000020e-01 -6.568129999999999802e-01 4.560000000000000251e-04 6.568129999999999802e-01 7.540529999999999733e-01 -7.209999999999999612e-04
2.700000000000000000e+01 2.500000000000000000e+01 7.300000000000000000e+01 0.000000000000000000e+00 1.600000000000000089e+00 4.029999999999999837e-04 -1.554000000000000043e-03 9.999989999999999712e-01 7.538280000000000536e-01 -6.570700000000000429e-01 -1.325000000000000006e-03 6.570709999999999607e-01 7.538280000000000536e-01 9.060000000000000128e-04
1.000000000000000000e+01 4.400000000000000000e+01 7.300000000000000000e+01 0.000000000000000000e+00 1.600000000000000089e+00 -1.779999999999999898e-04 -2.344999999999999862e-03 9.999970000000000248e-01 4.848800000000000332e-02 -9.988209999999999589e-01 -2.333000000000000004e-03 9.988240000000000451e-01 4.848700000000000232e-02 2.919999999999999961e-04
1.600000000000000000e+01 4.400000000000000000e+01 7.300000000000000000e+01 0.000000000000000000e+00 1.600000000000000089e+00 5.339999999999999695e-04 2.122000000000000188e-03 9.999980000000000535e-01 5.017400000000000332e-02 -9.987380000000000146e-01 2.092000000000000109e-03 9.987399999999999611e-01 5.017300000000000232e-02 -6.390000000000000280e-04
2.000000000000000000e+01 4.400000000000000000e+01 7.300000000000000000e+01 0.000000000000000000e+00 1.600000000000000089e+00 3.820000000000000153e-04 -1.815999999999999906e-03 9.999980000000000535e-01 5.139200000000000018e-02 -9.986770000000000369e-01 -1.832999999999999994e-03 9.986789999999999834e-01 5.139300000000000118e-02 -2.880000000000000073e-04
2.700000000000000000e+01 4.400000000000000000e+01 7.300000000000000000e+01 0.000000000000000000e+00 1.600000000000000089e+00 -2.570000000000000127e-04 -3.275000000000000133e-03 9.999949999999999672e-01 5.328600000000000003e-02 -9.985739999999999617e-01 -3.256000000000000213e-03 9.985789999999999944e-01 5.328499999999999903e-02 4.310000000000000137e-04
