8.000000000000000000e+00 1.500000000000000000e+01 4.000000000000000000e+00 0.000000000000000000e+00 1.600000000000000089e+00 2.190999999999999805e-03 4.739000000000000157e-03 9.999860000000000415e-01 2.902250000000000107e-01 -9.569509999999999961e-01 3.899000000000000122e-03 9.569560000000000288e-01 2.902120000000000255e-01 -3.471999999999999826e-03
1.400000000000000000e+01 1.500000000000000000e+01 4.000000000000000000e+00 0.000000000000000000e+00 1.600000000000000089e+00 8.260000000000000198e-04 1.026499999999999982e-02 9.999470000000000303e-01 2.929649999999999754e-01 -9.560750000000000082e-01 9.572999999999999912e-03 9.561229999999999452e-01 2.929419999999999802e-01 -3.797000000000000028e-03
2.300000000000000000e+01 1.500000000000000000e+01 4.000000000000000000e+00 0.000000000000000000e+00 1.600000000000000089e+00 1.838999999999999923e-03 5.712000000000000063e-03 9.999820000000000375e-01 2.910300000000000109e-01 -9.567010000000000236e-01 4.930000000000000354e-03 9.567120000000000068e-01 2.910150000000000237e-01 -3.422000000000000128e-03
2.800000000000000000e+01 1.500000000000000000e+01 4.000000000000000000e+00 0.000000000000000000e+00 1.600000000000000089e+00 8.200000000000000095e-05 -9.457000000000000128e-03 9.999550000000000383e-01 2.889090000000000269e-01 -9.573139999999999983e-01 -9.076999999999999999e-03 9.573570000000000135e-01 2.888959999999999861e-01 2.654000000000000109e-03
2.000000000000000000e+00 1.600000000000000000e+01 4.000000000000000000e+00 0.000000000000000000e+00 1.600000000000000089e+00 -1.079000000000000098e-03 4.746000000000000218e-03 9.999879999999999880e-01 3.550539999999999807e-01 -9.348330000000000251e-01 4.819000000000000367e-03 9.348450000000000371e-01 3.550550000000000095e-01 -6.759999999999999516e-04
1.100000000000000000e+01 1.600000000000000000e+01 4.000000000000000000e+00 0.000000000000000000e+00 1.600000000000000089e+00 5.980000000000000072e-04 9.048999999999999752e-03 9.999590000000000423e-01 3.563310000000000088e-01 -9.343240000000000434e-01 8.241999999999999327e-03 9.343599999999999683e-01 3.563109999999999888e-01 -3.782999999999999904e-03
1.800000000000000000e+01 1.600000000000000000e+01 4.000000000000000000e+00 0.000000000000000000e+00 1.600000000000000089e+00 -9.799999999999999684e-04 1.165899999999999923e-02 9.999320000000000430e-01 3.547370000000000245e-01 -9.348990000000000355e-01 1.124900000000000032e-02 9.349659999999999638e-01 3.547230000000000105e-01 -3.220000000000000206e-03
4.000000000000000000e+00 1.010000000000000000e+02 7.000000000000000000e+00 0.000000000000000000e+00 1.600000000000000089e+00 -1.556000000000000091e-03 -4.557000000000000287e-03 9.999879999999999880e-01 8.886749999999999927e-01 4.585239999999999871e-01 3.472999999999999959e-03 -4.585339999999999971e-01 8.886699999999999600e-01 3.337000000000000122e-03
9.000000000000000000e+00 1.010000000000000000e+02 7.000000000000000000e+00 0.000000000000000000e+00 1.600000000000000089e+00 1.314999999999999980e-03 -7.644999999999999886e-03 9.999700000000000255e-01 8.865389999999999660e-01 4.626469999999999749e-01 2.370999999999999844e-03 -4.626509999999999789e-01 8.865100000000000202e-01 7.386000000000000204e-03
2.200000000000000000e+01 1.010000000000000000e+02 7.000000000000000000e+00 0.000000000000000000e+00 1.600000000000000089e+00 2.119999999999999923e-03 7.687000000000000256e-03 9.999679999999999680e-01 8.853750000000000231e-01 4.648459999999999814e-01 -5.449999999999999983e-03 -4.648729999999999807e-01 8.853579999999999783e-01 -5.819999999999999653e-03
2.500000000000000000e+01 1.010000000000000000e+02 7.000000000000000000e+00 0.000000000000000000e+00 1.600000000000000089e+00 1.869999999999999917e-04 -1.192999999999999963e-02 9.999289999999999567e-01 8.843119999999999870e-01 4.668640000000000012e-01 5.405000000000000082e-03 -4.668959999999999777e-01 8.842480000000000340e-01 1.063799999999999989e-02
3.000000000000000000e+00 1.500000000000000000e+01 8.000000000000000000e+00 0.000000000000000000e+00 1.600000000000000089e+00 2.288000000000000103e-03 5.389999999999999826e-03 -9.999829999999999552e-01 -5.841840000000000366e-01 -8.116010000000000169e-01 -5.710999999999999931e-03 -8.116179999999999506e-01 5.841870000000000118e-01 1.291999999999999963e-03
6.000000000000000000e+00 1.500000000000000000e+01 8.000000000000000000e+00 0.000000000000000000e+00 1.600000000000000089e+00 -5.410000000000000312e-04 2.222000000000000017e-03 -9.999970000000000248e-01 -5.848780000000000090e-01 -8.111199999999999521e-01 -1.485999999999999908e-03 -8.111209999999999809e-01 5.848759999999999515e-01 1.739000000000000094e-03
1.100000000000000000e+01 1.500000000000000000e+01 8.000000000000000000e+00 0.000000000000000000e+00 1.600000000000000089e+00 1.807000000000000012e-03 9.211000000000000437e-03 -9.999559999999999560e-01 -5.857419999999999849e-01 -8.104529999999999790e-01 -8.524000000000000327e-03 -8.104959999999999942e-01 5.857310000000000016e-01 3.930999999999999599e-03
1.500000000000000000e+01 1.500000000000000000e+01 8.000000000000000000e+00 0.000000000000000000e+00 1.600000000000000089e+00 1.561000000000000104e-03 9.171999999999999598e-03 -9.999569999999999848e-01 -5.850880000000000525e-01 -8.109269999999999534e-01 -8.351000000000000784e-03 -8.109680000000000222e-01 5.850760000000000405e-01 4.100000000000000346e-03
1.900000000000000000e+01 1.500000000000000000e+01 8.000000000000000000e+00 0.000000000000000000e+00 1.600000000000000089e+00 2.246999999999999865e-03 1.135800000000000004e-02 -9.999329999999999607e-01 -5.828149999999999720e-01 -8.125369999999999537e-01 -1.053899999999999976e-02 -8.126020000000000465e-01 5.827989999999999560e-01 4.793000000000000385e-03
2.300000000000000000e+01 1.500000000000000000e+01 8.000000000000000000e+00 0.000000000000000000e+00 1.600000000000000089e+00 3.629999999999999872e-04 6.441999999999999810e-03 -9.999789999999999512e-01 -5.808670000000000222e-01 -8.139809999999999546e-01 -5.453999999999999647e-03 -8.139990000000000281e-01 5.808560000000000390e-01 3.446999999999999977e-03
7.000000000000000000e+00 2.600000000000000000e+01 8.000000000000000000e+00 0.000000000000000000e+00 1.600000000000000089e+00 -8.189999999999999581e-04 3.288999999999999823e-03 -9.999940000000000495e-01 4.090190000000000214e-01 9.125220000000000553e-01 2.665999999999999967e-03 9.125250000000000306e-01 -4.090150000000000174e-01 -2.092000000000000109e-03
2.300000000000000000e+01 2.600000000000000000e+01 8.000000000000000000e+00 0.000000000000000000e+00 1.600000000000000089e+00 -2.916000000000000189e-03 -9.801000000000000684e-03 -9.999479999999999480e-01 4.075869999999999771e-01 9.131099999999999772e-01 -1.013799999999999944e-02 9.131620000000000292e-01 -4.075960000000000139e-01 1.332000000000000068e-03
2.700000000000000000e+01 2.600000000000000000e+01 8.000000000000000000e+00 0.000000000000000000e+00 1.600000000000000089e+00 -9.430000000000000448e-04 -4.683999999999999796e-03 -9.999890000000000168e-01 4.078959999999999808e-01 9.130160000000000498e-01 -4.661000000000000212e-03 9.130279999999999507e-01 -4.078959999999999808e-01 1.049000000000000019e-03
3.000000000000000000e+00 2.400000000000000000e+01 9.000000000000000000e+00 0.000000000000000000e+00 1.600000000000000089e+00 -1.358999999999999965e-03 7.079999999999999705e-04 -9.999989999999999712e-01 4.618550000000000155e-01 8.869550000000000489e-01 0.000000000000000000e+00 8.869540000000000202e-01 -4.618550000000000155e-01 -1.531999999999999942e-03
1.200000000000000000e+01 2.400000000000000000e+01 9.000000000000000000e+00 0.000000000000000000e+00 1.600000000000000089e+00 -8.189999999999999581e-04 -5.299999999999999807e-04 -1.000000000000000000e+00 4.627839999999999732e-01 8.864710000000000090e-01 -8.490000000000000368e-04 8.864710000000000090e-01 -4.627850000000000019e-01 -4.800000000000000122e-04
1.700000000000000000e+01 2.400000000000000000e+01 9.000000000000000000e+00 0.000000000000000000e+00 1.600000000000000089e+00 -7.429999999999999539e-04 -3.937000000000000395e-03 -9.999919999999999920e-01 4.606069999999999887e-01 8.875960000000000516e-01 -3.837000000000000133e-03 8.876039999999999486e-01 -4.606060000000000154e-01 1.154000000000000078e-03
2.300000000000000000e+01 2.400000000000000000e+01 9.000000000000000000e+00 0.000000000000000000e+00 1.600000000000000089e+00 -3.186000000000000030e-03 -1.197400000000000027e-02 -9.999230000000000063e-01 4.620779999999999887e-01 8.867570000000000174e-01 -1.209099999999999932e-02 8.868340000000000112e-01 -4.620810000000000195e-01 2.707999999999999904e-03
1.400000000000000000e+01 1.020000000000000000e+02 9.000000000000000000e+00 0.000000000000000000e+00 1.600000000000000089e+00 -8.620000000000000275e-04 7.860999999999999932e-03 9.999689999999999968e-01 9.223689999999999944e-01 3.863039999999999807e-01 -2.240999999999999936e-03 -3.863090000000000135e-01 9.223379999999999912e-01 -7.583999999999999596e-03
3.000000000000000000e+00 3.500000000000000000e+01 1.200000000000000000e+01 0.000000000000000000e+00 1.600000000000000089e+00 1.492000000000000054e-03 -3.076999999999999874e-03 -9.999940000000000495e-01 4.713049999999999740e-01 -8.819630000000000525e-01 3.416999999999999899e-03 -8.819690000000000030e-01 -4.713080000000000047e-01 1.350000000000000017e-04
5.000000000000000000e+00 3.500000000000000000e+01 1.200000000000000000e+01 0.000000000000000000e+00 1.600000000000000089e+00 1.420000000000000038e-03 -4.487999999999999802e-03 -9.999890000000000168e-01 4.649079999999999879e-01 -8.853469999999999951e-01 4.634000000000000098e-03 -8.853579999999999783e-01 -4.649090000000000167e-01 8.289999999999999843e-04
1.100000000000000000e+01 3.500000000000000000e+01 1.200000000000000000e+01 0.000000000000000000e+00 1.600000000000000089e+00 1.154999999999999994e-03 -6.727000000000000340e-03 -9.999770000000000048e-01 4.495680000000000232e-01 -8.932219999999999605e-01 6.527999999999999949e-03 -8.932449999999999557e-01 -4.495649999999999924e-01 1.991999999999999847e-03
1.800000000000000000e+01 3.500000000000000000e+01 1.200000000000000000e+01 0.000000000000000000e+00 1.600000000000000089e+00 -1.809999999999999977e-03 1.582000000000000073e-03 -9.999970000000000248e-01 4.409890000000000199e-01 -8.975100000000000300e-01 -2.217999999999999920e-03 -8.975109999999999477e-01 -4.409919999999999951e-01 9.269999999999999811e-04
2.500000000000000000e+01 3.500000000000000000e+01 1.200000000000000000e+01 0.000000000000000000e+00 1.600000000000000089e+00 8.170000000000000179e-04 -6.470000000000000057e-04 -1.000000000000000000e+00 4.508139999999999925e-01 -8.926180000000000225e-01 9.460000000000000093e-04 -8.926180000000000225e-01 -4.508139999999999925e-01 -4.380000000000000213e-04
2.800000000000000000e+01 3.500000000000000000e+01 1.200000000000000000e+01 0.000000000000000000e+00 1.600000000000000089e+00 -8.610000000000000032e-04 -4.919999999999999894e-03 -9.999879999999999880e-01 4.519110000000000071e-01 -8.920540000000000136e-01 4.000000000000000083e-03 -8.920630000000000503e-01 -4.519020000000000259e-01 2.991000000000000169e-03
8.000000000000000000e+00 4.000000000000000000e+00 1.300000000000000000e+01 0.000000000000000000e+00 1.600000000000000089e+00 3.680000000000000003e-04 -2.201990000000000058e-01 9.754549999999999610e-01 -1.021520000000000067e-01 9.703439999999999843e-01 2.190840000000000010e-01 -9.947690000000000143e-01 -9.972499999999999420e-02 -2.213700000000000043e-02
4.000000000000000000e+00 1.200000000000000000e+01 1.500000000000000000e+01 0.000000000000000000e+00 1.600000000000000089e+00 2.243000000000000202e-03 -2.759999999999999867e-04 -9.999970000000000248e-01 -4.671210000000000084e-01 -8.841930000000000067e-01 -8.030000000000000028e-04 -8.841909999999999492e-01 4.671210000000000084e-01 -2.112000000000000162e-03
6.000000000000000000e+00 1.200000000000000000e+01 1.500000000000000000e+01 0.000000000000000000e+00 1.600000000000000089e+00 1.422000000000000087e-03 -4.079999999999999968e-04 -9.999989999999999712e-01 -4.680460000000000176e-01 -8.837040000000000450e-01 -3.049999999999999868e-04 -8.837030000000000163e-01 4.680460000000000176e-01 -1.446999999999999936e-03
1.700000000000000000e+01 1.200000000000000000e+01 1.500000000000000000e+01 0.000000000000000000e+00 1.600000000000000089e+00 1.897999999999999948e-03 2.750999999999999973e-03 -9.999940000000000495e-01 -4.701670000000000016e-01 -8.825709999999999944e-01 -3.320000000000000034e-03 -8.825749999999999984e-01 4.701710000000000056e-01 -3.820000000000000153e-04
2.200000000000000000e+01 1.200000000000000000e+01 1.500000000000000000e+01 0.000000000000000000e+00 1.600000000000000089e+00 2.939999999999999905e-04 8.926999999999999172e-03 -9.999599999999999600e-01 -4.708209999999999895e-01 -8.821919999999999762e-01 -8.014000000000000290e-03 -8.822290000000000409e-01 4.708040000000000003e-01 3.943999999999999589e-03
2.700000000000000000e+01 1.200000000000000000e+01 1.500000000000000000e+01 0.000000000000000000e+00 1.600000000000000089e+00 4.209999999999999875e-04 5.435999999999999860e-03 -9.999850000000000128e-01 -4.703280000000000238e-01 -8.824779999999999847e-01 -4.995000000000000308e-03 -8.824920000000000542e-01 4.703229999999999911e-01 2.186000000000000009e-03
3.000000000000000000e+00 1.100000000000000000e+01 1.600000000000000000e+01 0.000000000000000000e+00 1.600000000000000089e+00 1.735999999999999913e-03 7.770000000000000214e-04 -9.999980000000000535e-01 -4.192429999999999768e-01 -9.078730000000000411e-01 -1.433999999999999945e-03 -9.078720000000000123e-01 4.192449999999999788e-01 -1.250000000000000026e-03
1.200000000000000000e+01 1.160000000000000000e+02 1.600000000000000000e+01 0.000000000000000000e+00 1.600000000000000089e+00 -3.079000000000000140e-03 -3.566000000000000159e-03 9.999890000000000168e-01 6.926139999999999519e-01 7.212929999999999620e-01 4.704999999999999981e-03 -7.213009999999999700e-01 6.926210000000000422e-01 2.489999999999999809e-04
2.600000000000000000e+01 1.160000000000000000e+02 1.600000000000000000e+01 0.000000000000000000e+00 1.600000000000000089e+00 -4.040000000000000080e-04 2.243999999999999901e-03 9.999970000000000248e-01 6.630939999999999612e-01 7.485340000000000327e-01 -1.412000000000000061e-03 -7.485359999999999792e-01 6.630920000000000147e-01 -1.789999999999999925e-03
3.000000000000000000e+00 2.000000000000000000e+00 1.900000000000000000e+01 0.000000000000000000e+00 1.600000000000000089e+00 -7.684999999999999991e-03 2.172899999999999832e-02 -9.997340000000000115e-01 1.827090000000000103e-01 -9.829029999999999712e-01 -2.276800000000000004e-02 -9.831370000000000386e-01 -1.828349999999999975e-01 3.582999999999999814e-03
1.400000000000000000e+01 2.000000000000000000e+00 1.900000000000000000e+01 0.000000000000000000e+00 1.600000000000000089e+00 -8.496000000000000080e-03 1.292699999999999926e-02 -9.998799999999999910e-01 2.094280000000000030e-01 -9.777179999999999760e-01 -1.442000000000000053e-02 -9.777869999999999617e-01 -2.095249999999999890e-01 5.599999999999999943e-03
1.700000000000000000e+01 2.000000000000000000e+00 1.900000000000000000e+01 0.000000000000000000e+00 1.600000000000000089e+00 -1.428999999999999932e-03 5.904000000000000394e-03 -9.999820000000000375e-01 2.076919999999999877e-01 -9.781750000000000167e-01 -6.072000000000000140e-03 -9.781929999999999792e-01 -2.076969999999999927e-01 1.720000000000000066e-04
2.400000000000000000e+01 2.000000000000000000e+00 1.900000000000000000e+01 0.000000000000000000e+00 1.600000000000000089e+00 5.277999999999999706e-03 -5.433000000000000329e-03 -9.999710000000000543e-01 1.965989999999999960e-01 -9.804629999999999734e-01 6.363999999999999865e-03 -9.804699999999999527e-01 -1.966269999999999962e-01 -4.107000000000000407e-03
2.700000000000000000e+01 2.000000000000000000e+00 1.900000000000000000e+01 0.000000000000000000e+00 1.600000000000000089e+00 4.277000000000000419e-03 -4.748999999999999749e-03 -9.999799999999999800e-01 1.971640000000000059e-01 -9.803549999999999764e-01 5.499000000000000415e-03 -9.803610000000000380e-01 -1.971829999999999972e-01 -3.256999999999999913e-03
9.000000000000000000e+00 1.300000000000000000e+01 2.000000000000000000e+01 0.000000000000000000e+00 1.600000000000000089e+00 -7.699999999999999597e-04 -5.331999999999999934e-03 9.999860000000000415e-01 2.479830000000000090e-01 9.687500000000000000e-01 5.356999999999999783e-03 -9.687639999999999585e-01 2.479840000000000100e-01 5.760000000000000146e-04
1.900000000000000000e+01 1.300000000000000000e+01 2.000000000000000000e+01 0.000000000000000000e+00 1.600000000000000089e+00 3.429999999999999889e-04 1.667999999999999995e-03 9.999980000000000535e-01 2.473309999999999953e-01 9.689299999999999580e-01 -1.701000000000000038e-03 -9.689309999999999867e-01 2.473309999999999953e-01 -8.000000000000000654e-05
2.900000000000000000e+01 1.300000000000000000e+01 2.000000000000000000e+01 0.000000000000000000e+00 1.600000000000000089e+00 7.879999999999999635e-04 3.024000000000000212e-03 9.999949999999999672e-01 2.548750000000000182e-01 9.669689999999999674e-01 -3.125000000000000173e-03 -9.669740000000000002e-01 2.548759999999999915e-01 -9.000000000000000228e-06
3.000000000000000000e+00 1.600000000000000000e+01 2.100000000000000000e+01 0.000000000000000000e+00 1.600000000000000089e+00 -6.319999999999999663e-04 -1.063399999999999936e-02 9.999430000000000263e-01 2.990360000000000240e-01 9.541859999999999786e-01 1.033599999999999970e-02 -9.542420000000000346e-01 2.990260000000000140e-01 2.576999999999999864e-03
8.000000000000000000e+00 1.600000000000000000e+01 2.100000000000000000e+01 0.000000000000000000e+00 1.600000000000000089e+00 -1.306000000000000086e-03 -6.440999999999999677e-03 9.999780000000000335e-01 2.989959999999999840e-01 9.542319999999999691e-01 6.536000000000000143e-03 -9.542530000000000179e-01 2.989979999999999860e-01 6.800000000000000488e-04
2.600000000000000000e+01 1.600000000000000000e+01 2.100000000000000000e+01 0.000000000000000000e+00 1.600000000000000089e+00 9.890000000000000787e-04 8.158000000000000321e-03 9.999660000000000215e-01 3.004390000000000116e-01 9.537670000000000314e-01 -8.078000000000000111e-03 -9.538010000000000099e-01 3.004370000000000096e-01 -1.507000000000000093e-03
6.000000000000000000e+00 5.000000000000000000e+01 2.200000000000000000e+01 0.000000000000000000e+00 1.600000000000000089e+00 -3.600000000000000227e-04 -3.233000000000000197e-03 -9.999949999999999672e-01 -5.810929999999999707e-01 8.138339999999999463e-01 -2.420999999999999975e-03 8.138370000000000326e-01 5.810889999999999667e-01 -2.171999999999999886e-03
5.000000000000000000e+00 4.600000000000000000e+01 2.700000000000000000e+01 0.000000000000000000e+00 1.600000000000000089e+00 -1.311000000000000099e-03 -1.044000000000000006e-03 -9.999989999999999712e-01 6.608070000000000332e-01 7.505540000000000544e-01 -1.649999999999999991e-03 7.505549999999999722e-01 -6.608079999999999510e-01 -2.939999999999999905e-04
1.200000000000000000e+01 4.600000000000000000e+01 2.700000000000000000e+01 0.000000000000000000e+00 1.600000000000000089e+00 -2.079999999999999818e-03 -8.869999999999999846e-04 -9.999970000000000248e-01 6.587589999999999835e-01 7.523520000000000207e-01 -2.037000000000000182e-03 7.523509999999999920e-01 -6.587610000000000410e-01 -9.810000000000001011e-04
1.800000000000000000e+01 4.600000000000000000e+01 2.700000000000000000e+01 0.000000000000000000e+00 1.600000000000000089e+00 -4.090000000000000211e-04 8.689999999999999808e-04 -1.000000000000000000e+00 6.575250000000000261e-01 7.534319999999999906e-01 3.860000000000000041e-04 7.534319999999999906e-01 -6.575250000000000261e-01 -8.800000000000000313e-04
2.400000000000000000e+01 4.600000000000000000e+01 2.700000000000000000e+01 0.000000000000000000e+00 1.600000000000000089e+00 -1.242000000000000048e-03 6.610000000000000207e-04 -9.999989999999999712e-01 6.565549999999999997e-01 7.542780000000000040e-01 -3.170000000000000075e-04 7.542769999999999753e-01 -6.565549999999999997e-01 -1.369999999999999907e-03
2.900000000000000000e+01 4.600000000000000000e+01 3.000000000000000000e+01 0.000000000000000000e+00 1.600000000000000089e+00 -1.459999999999999981e-04 1.392999999999999924e-03 -9.999989999999999712e-01 3.279440000000000133e-01 9.446959999999999802e-01 1.268000000000000030e-03 9.446970000000000089e-01 -3.279429999999999845e-01 -5.950000000000000427e-04
6.000000000000000000e+00 5.800000000000000000e+01 3.100000000000000000e+01 0.000000000000000000e+00 1.600000000000000089e+00 1.477999999999999930e-03 2.063000000000000164e-03 9.999970000000000248e-01 -7.663499999999999757e-01 -6.424189999999999623e-01 2.458000000000000115e-03 6.424210000000000198e-01 -7.663510000000000044e-01 6.310000000000000504e-04
9.000000000000000000e+00 5.800000000000000000e+01 3.100000000000000000e+01 0.000000000000000000e+00 1.600000000000000089e+00 6.239999999999999887e-04 4.659999999999999971e-04 1.000000000000000000e+00 -7.642440000000000344e-01 -6.449270000000000280e-01 7.780000000000000457e-04 6.449270000000000280e-01 -7.642440000000000344e-01 -4.699999999999999724e-05
1.500000000000000000e+01 5.800000000000000000e+01 3.100000000000000000e+01 0.000000000000000000e+00 1.600000000000000089e+00 -7.825000000000000358e-03 -2.892000000000000039e-03 9.999649999999999928e-01 -7.614659999999999762e-01 -6.481580000000000119e-01 -7.832999999999999685e-03 6.481580000000000119e-01 -7.615009999999999835e-01 2.870000000000000155e-03
2.000000000000000000e+01 5.800000000000000000e+01 3.100000000000000000e+01 0.000000000000000000e+00 1.600000000000000089e+00 -2.390000000000000089e-04 1.216999999999999983e-03 9.999989999999999712e-01 -7.640449999999999742e-01 -6.451630000000000420e-01 6.030000000000000204e-04 6.451630000000000420e-01 -7.640439999999999454e-01 1.083999999999999894e-03
2.600000000000000000e+01 5.800000000000000000e+01 3.100000000000000000e+01 0.000000000000000000e+00 1.600000000000000089e+00 2.822999999999999989e-03 -3.299999999999999982e-03 9.999909999999999632e-01 -7.640270000000000117e-01 -6.451839999999999797e-01 2.799999999999999958e-05 6.451780000000000292e-01 -7.640200000000000324e-01 -4.342000000000000373e-03
3.000000000000000000e+00 4.600000000000000000e+01 3.500000000000000000e+01 0.000000000000000000e+00 1.600000000000000089e+00 3.550000000000000096e-04 1.575000000000000011e-03 -9.999989999999999712e-01 3.856550000000000256e-01 -9.226419999999999622e-01 -1.315999999999999896e-03 -9.226429999999999909e-01 -3.856539999999999968e-01 -9.340000000000000429e-04
1.200000000000000000e+01 4.600000000000000000e+01 3.500000000000000000e+01 0.000000000000000000e+00 1.600000000000000089e+00 7.119999999999999593e-04 -3.519999999999999908e-04 -1.000000000000000000e+00 3.859090000000000020e-01 -9.225370000000000514e-01 5.999999999999999474e-04 -9.225360000000000227e-01 -3.859099999999999753e-01 -5.209999999999999788e-04
2.000000000000000000e+01 4.600000000000000000e+01 3.500000000000000000e+01 0.000000000000000000e+00 1.600000000000000089e+00 5.240000000000000517e-04 -1.874999999999999931e-03 -9.999980000000000535e-01 3.866080000000000072e-01 -9.222420000000000062e-01 1.931999999999999907e-03 -9.222439999999999527e-01 -3.866080000000000072e-01 2.420000000000000005e-04
2.200000000000000000e+01 4.600000000000000000e+01 3.500000000000000000e+01 0.000000000000000000e+00 1.600000000000000089e+00 3.240000000000000150e-04 1.965000000000000167e-03 -9.999980000000000535e-01 3.863929999999999865e-01 -9.223329999999999584e-01 -1.686999999999999915e-03 -9.223339999999999872e-01 -3.863920000000000132e-01 -1.057999999999999913e-03
2.600000000000000000e+01 4.600000000000000000e+01 3.500000000000000000e+01 0.000000000000000000e+00 1.600000000000000089e+00 5.439999999999999957e-04 -7.929999999999999766e-04 -1.000000000000000000e+00 3.856249999999999956e-01 -9.226550000000000029e-01 9.409999999999999962e-04 -9.226550000000000029e-01 -3.856260000000000243e-01 -1.959999999999999937e-04
2.000000000000000000e+00 9.500000000000000000e+01 3.600000000000000000e+01 0.000000000000000000e+00 1.600000000000000089e+00 6.319999999999999663e-04 1.408900000000000083e-02 9.999010000000000398e-01 9.965709999999999846e-01 8.272799999999999598e-02 -1.794999999999999938e-03 -8.274499999999999911e-02 9.964730000000000532e-01 -1.398800000000000043e-02
5.000000000000000000e+00 9.500000000000000000e+01 3.600000000000000000e+01 0.000000000000000000e+00 1.600000000000000089e+00 -8.019999999999999785e-04 1.635599999999999901e-02 9.998660000000000325e-01 9.970379999999999798e-01 7.690500000000000114e-02 -4.580000000000000195e-04 -7.690299999999999914e-02 9.969040000000000123e-01 -1.636900000000000160e-02
1.300000000000000000e+01 9.500000000000000000e+01 3.600000000000000000e+01 0.000000000000000000e+00 1.600000000000000089e+00 -1.275000000000000092e-03 -2.627600000000000074e-02 9.996540000000000425e-01 9.976089999999999680e-01 6.904399999999999427e-02 3.086999999999999900e-03 -6.910099999999999576e-02 9.972670000000000146e-01 2.612499999999999892e-02
2.300000000000000000e+01 9.500000000000000000e+01 3.600000000000000000e+01 0.000000000000000000e+00 1.600000000000000089e+00 -5.259999999999999919e-04 3.340999999999999786e-03 9.999940000000000495e-01 9.976890000000000480e-01 6.794200000000000239e-02 2.970000000000000092e-04 -6.794000000000000039e-02 9.976840000000000153e-01 -3.369000000000000033e-03
2.600000000000000000e+01 9.500000000000000000e+01 3.600000000000000000e+01 0.000000000000000000e+00 1.600000000000000089e+00 3.762999999999999852e-03 7.341999999999999568e-03 9.999660000000000215e-01 9.974089999999999900e-01 7.181300000000000183e-02 -4.279999999999999950e-03 -7.184200000000000308e-02 9.973910000000000275e-01 -7.053000000000000241e-03
1.000000000000000000e+01 3.000000000000000000e+00 4.300000000000000000e+01 0.000000000000000000e+00 1.600000000000000089e+00 -5.760000000000000146e-04 6.658999999999999989e-03 -9.999780000000000335e-01 7.384920000000000373e-01 -6.742449999999999832e-01 -4.915000000000000098e-03 -6.742620000000000280e-01 -7.384779999999999678e-01 -4.529000000000000040e-03
1.900000000000000000e+01 3.000000000000000000e+00 4.300000000000000000e+01 0.000000000000000000e+00 1.600000000000000089e+00 6.930000000000000396e-04 3.184999999999999897e-03 -9.999949999999999672e-01 7.362520000000000175e-01 -6.767050000000000010e-01 -1.644999999999999978e-03 -6.767069999999999474e-01 -7.362469999999999848e-01 -2.814000000000000095e-03
2.400000000000000000e+01 3.000000000000000000e+00 4.300000000000000000e+01 0.000000000000000000e+00 1.600000000000000089e+00 -1.330000000000000019e-03 -5.786000000000000344e-03 -9.999820000000000375e-01 7.394150000000000444e-01 -6.732430000000000359e-01 2.912000000000000092e-03 -6.732479999999999576e-01 -7.393979999999999997e-01 5.172999999999999647e-03
4.000000000000000000e+00 8.000000000000000000e+00 4.400000000000000000e+01 0.000000000000000000e+00 1.600000000000000089e+00 2.300000000000000002e-05 -3.288999999999999823e-03 9.999949999999999672e-01 -7.803780000000000161e-01 -6.253049999999999997e-01 -2.037999999999999881e-03 6.253079999999999750e-01 -7.803740000000000121e-01 -2.580999999999999961e-03
8.000000000000000000e+00 8.000000000000000000e+00 4.400000000000000000e+01 0.000000000000000000e+00 1.600000000000000089e+00 1.008999999999999914e-03 2.285000000000000139e-03 9.999970000000000248e-01 -7.821289999999999631e-01 -6.231130000000000280e-01 2.213000000000000123e-03 6.231160000000000032e-01 -7.821289999999999631e-01 1.159000000000000091e-03
1.200000000000000000e+01 8.000000000000000000e+00 4.400000000000000000e+01 0.000000000000000000e+00 1.600000000000000089e+00 2.677000000000000126e-03 4.082999999999999824e-03 9.999879999999999880e-01 -7.836980000000000057e-01 -6.211240000000000094e-01 4.634000000000000098e-03 6.211360000000000214e-01 -7.837009999999999810e-01 1.536999999999999955e-03
1.400000000000000000e+01 8.000000000000000000e+00 4.400000000000000000e+01 0.000000000000000000e+00 1.600000000000000089e+00 2.150000000000000001e-03 4.196000000000000077e-03 9.999890000000000168e-01 -7.826300000000000479e-01 -6.224720000000000253e-01 4.295000000000000207e-03 6.224830000000000085e-01 -7.826309999999999656e-01 1.946000000000000030e-03
2.000000000000000000e+00 2.900000000000000000e+01 4.400000000000000000e+01 0.000000000000000000e+00 1.600000000000000089e+00 -1.283999999999999985e-03 5.800000000000000034e-05 -9.999989999999999712e-01 6.683679999999999621e-01 7.438299999999999912e-01 -8.149999999999999693e-04 7.438289999999999624e-01 -6.683689999999999909e-01 -9.940000000000000918e-04
7.000000000000000000e+00 2.900000000000000000e+01 4.400000000000000000e+01 0.000000000000000000e+00 1.600000000000000089e+00 -3.660000000000000059e-04 -6.189999999999999756e-04 -1.000000000000000000e+00 6.727090000000000014e-01 7.399069999999999814e-01 -7.050000000000000060e-04 7.399069999999999814e-01 -6.727090000000000014e-01 1.450000000000000009e-04
1.600000000000000000e+01 2.900000000000000000e+01 4.400000000000000000e+01 0.000000000000000000e+00 1.600000000000000089e+00 7.370000000000000249e-04 -1.410000000000000012e-03 -9.999989999999999712e-01 6.723179999999999712e-01 7.402619999999999756e-01 -5.479999999999999845e-04 7.402619999999999756e-01 -6.723170000000000535e-01 1.494000000000000102e-03
2.200000000000000000e+01 2.900000000000000000e+01 4.400000000000000000e+01 0.000000000000000000e+00 1.600000000000000089e+00 -6.440000000000000412e-04 -1.902999999999999961e-03 -9.999980000000000535e-01 6.733999999999999986e-01 7.392760000000000442e-01 -1.840000000000000056e-03 7.392779999999999907e-01 -6.733999999999999986e-01 8.050000000000000515e-04
2.600000000000000000e+01 2.900000000000000000e+01 4.400000000000000000e+01 0.000000000000000000e+00 1.600000000000000089e+00 -1.869999999999999917e-03 4.000000000000000192e-04 -9.999980000000000535e-01 6.694259999999999655e-01 7.428780000000000383e-01 -9.539999999999999869e-04 7.428759999999999808e-01 -6.694269999999999943e-01 -1.657000000000000053e-03
2.000000000000000000e+00 5.400000000000000000e+01 4.600000000000000000e+01 0.000000000000000000e+00 1.600000000000000089e+00 -1.784999999999999911e-03 -5.159999999999999656e-04 9.999980000000000535e-01 3.298909999999999898e-01 -9.440190000000000525e-01 1.019999999999999992e-04 9.440180000000000238e-01 3.298900000000000166e-01 1.855000000000000095e-03
6.000000000000000000e+00 6.000000000000000000e+00 5.100000000000000000e+01 0.000000000000000000e+00 1.600000000000000089e+00 -1.190000000000000058e-04 -2.840000000000000185e-04 -1.000000000000000000e+00 3.303550000000000098e-01 -9.438569999999999460e-01 2.290000000000000098e-04 -9.438569999999999460e-01 -3.303550000000000098e-01 2.069999999999999900e-04
2.500000000000000000e+01 6.000000000000000000e+00 5.100000000000000000e+01 0.000000000000000000e+00 1.600000000000000089e+00 -5.810000000000000277e-04 4.303999999999999666e-03 -9.999909999999999632e-01 3.193719999999999892e-01 -9.476200000000000179e-01 -4.264000000000000429e-03 -9.476290000000000546e-01 -3.193719999999999892e-01 -8.239999999999999712e-04
2.000000000000000000e+01 7.000000000000000000e+00 5.200000000000000000e+01 0.000000000000000000e+00 1.600000000000000089e+00 4.339999999999999782e-04 -3.831000000000000204e-03 -9.999930000000000208e-01 1.196910000000000057e-01 -9.928040000000000198e-01 3.854999999999999920e-03 -9.928109999999999991e-01 -1.196920000000000067e-01 2.799999999999999958e-05
6.000000000000000000e+00 6.300000000000000000e+01 5.400000000000000000e+01 0.000000000000000000e+00 1.600000000000000089e+00 4.589999999999999896e-04 -5.860000000000000408e-04 1.000000000000000000e+00 -3.501940000000000053e-01 9.366769999999999818e-01 7.100000000000000191e-04 -9.366769999999999818e-01 -3.501940000000000053e-01 2.239999999999999966e-04
8.000000000000000000e+00 6.300000000000000000e+01 5.400000000000000000e+01 0.000000000000000000e+00 1.600000000000000089e+00 1.188000000000000037e-03 -1.569999999999999944e-04 9.999989999999999712e-01 -3.468220000000000192e-01 9.379309999999999592e-01 5.590000000000000351e-04 -9.379300000000000415e-01 -3.468220000000000192e-01 1.059999999999999961e-03
1.200000000000000000e+01 6.300000000000000000e+01 5.400000000000000000e+01 0.000000000000000000e+00 1.600000000000000089e+00 5.879999999999999810e-04 3.110000000000000243e-04 1.000000000000000000e+00 -3.476429999999999798e-01 9.376269999999999882e-01 -8.700000000000000051e-05 -9.376269999999999882e-01 -3.476429999999999798e-01 6.589999999999999721e-04
1.600000000000000000e+01 6.300000000000000000e+01 5.400000000000000000e+01 0.000000000000000000e+00 1.600000000000000089e+00 1.378000000000000102e-03 8.260000000000000198e-04 9.999989999999999712e-01 -3.517930000000000224e-01 9.360779999999999657e-01 -2.880000000000000073e-04 -9.360770000000000479e-01 -3.517919999999999936e-01 1.580000000000000024e-03
2.000000000000000000e+01 6.300000000000000000e+01 5.400000000000000000e+01 0.000000000000000000e+00 1.600000000000000089e+00 9.269999999999999811e-04 -2.961999999999999789e-03 9.999949999999999672e-01 -3.584570000000000256e-01 9.335409999999999542e-01 3.096999999999999927e-03 -9.335459999999999869e-01 -3.584579999999999989e-01 -1.959999999999999937e-04
2.500000000000000000e+01 6.300000000000000000e+01 5.400000000000000000e+01 0.000000000000000000e+00 1.600000000000000089e+00 -2.990000000000000036e-04 1.168999999999999900e-03 9.999989999999999712e-01 -3.605099999999999971e-01 9.327550000000000008e-01 -1.198000000000000063e-03 -9.327550000000000008e-01 -3.605099999999999971e-01 1.430000000000000064e-04
2.800000000000000000e+01 6.300000000000000000e+01 5.400000000000000000e+01 0.000000000000000000e+00 1.600000000000000089e+00 -1.270999999999999994e-03 2.583999999999999925e-03 9.999959999999999960e-01 -3.561190000000000189e-01 9.344360000000000444e-01 -2.867999999999999890e-03 -9.344400000000000484e-01 -3.561210000000000209e-01 -2.669999999999999847e-04
4.000000000000000000e+00 2.500000000000000000e+01 5.500000000000000000e+01 0.000000000000000000e+00 1.600000000000000089e+00 -1.900000000000000105e-05 -3.142999999999999960e-03 -9.999949999999999672e-01 -1.051799999999999957e-02 -9.999400000000000510e-01 3.142999999999999960e-03 -9.999449999999999728e-01 1.051799999999999957e-02 -1.399999999999999979e-05
7.000000000000000000e+00 2.500000000000000000e+01 5.500000000000000000e+01 0.000000000000000000e+00 1.600000000000000089e+00 1.364999999999999894e-03 -4.302000000000000268e-03 -9.999900000000000455e-01 -1.124600000000000079e-02 -9.999280000000000390e-01 4.287000000000000012e-03 -9.999360000000000470e-01 1.123999999999999999e-02 -1.412999999999999977e-03
1.200000000000000000e+01 2.500000000000000000e+01 5.500000000000000000e+01 0.000000000000000000e+00 1.600000000000000089e+00 -6.629999999999999609e-04 3.669999999999999760e-04 -1.000000000000000000e+00 -1.155600000000000030e-02 -9.999329999999999607e-01 -3.600000000000000227e-04 -9.999329999999999607e-01 1.155600000000000030e-02 6.669999999999999497e-04
1.600000000000000000e+01 2.500000000000000000e+01 5.500000000000000000e+01 0.000000000000000000e+00 1.600000000000000089e+00 -9.359999999999999831e-04 4.749999999999999990e-04 -9.999989999999999712e-01 -1.161500000000000032e-02 -9.999320000000000430e-01 -4.640000000000000027e-04 -9.999320000000000430e-01 1.161399999999999932e-02 9.409999999999999962e-04
2.100000000000000000e+01 2.500000000000000000e+01 5.500000000000000000e+01 0.000000000000000000e+00 1.600000000000000089e+00 -4.260000000000000006e-04 9.340000000000000429e-04 -9.999989999999999712e-01 -1.157900000000000075e-02 -9.999329999999999607e-01 -9.290000000000000297e-04 -9.999329999999999607e-01 1.157900000000000075e-02 4.369999999999999970e-04
2.400000000000000000e+01 2.500000000000000000e+01 5.500000000000000000e+01 0.000000000000000000e+00 1.600000000000000089e+00 8.490000000000000368e-04 1.021999999999999905e-03 -9.999989999999999712e-01 -1.222200000000000022e-02 -9.999249999999999527e-01 -1.033000000000000064e-03 -9.999249999999999527e-01 1.222299999999999949e-02 -8.360000000000000460e-04
3.000000000000000000e+01 2.500000000000000000e+01 5.500000000000000000e+01 0.000000000000000000e+00 1.600000000000000089e+00 1.164000000000000104e-03 -4.479000000000000342e-03 -9.999890000000000168e-01 -1.432699999999999946e-02 -9.998869999999999703e-01 4.460999999999999688e-03 -9.998970000000000358e-01 1.432100000000000040e-02 -1.227999999999999925e-03
1.400000000000000000e+01 6.800000000000000000e+01 5.700000000000000000e+01 0.000000000000000000e+00 1.600000000000000089e+00 2.730000000000000222e-04 -2.995999999999999965e-03 -9.999949999999999672e-01 -2.446810000000000096e-01 -9.695989999999999887e-01 2.837999999999999811e-03 -9.696040000000000214e-01 2.446790000000000076e-01 -9.979999999999999722e-04
2.100000000000000000e+01 6.800000000000000000e+01 5.700000000000000000e+01 0.000000000000000000e+00 1.600000000000000089e+00 1.704999999999999918e-03 -4.657999999999999814e-03 -9.999879999999999880e-01 -2.444860000000000089e-01 -9.696439999999999504e-01 4.099000000000000213e-03 -9.696510000000000407e-01 2.444759999999999989e-01 -2.792000000000000211e-03
1.000000000000000000e+00 2.100000000000000000e+01 6.000000000000000000e+01 0.000000000000000000e+00 1.600000000000000089e+00 1.288999999999999998e-03 -1.446999999999999936e-03 9.999980000000000535e-01 -9.487700000000000300e-02 9.954880000000000395e-01 1.562999999999999936e-03 -9.954880000000000395e-01 -9.487900000000000500e-02 1.146000000000000100e-03
7.000000000000000000e+00 2.100000000000000000e+01 6.000000000000000000e+01 0.000000000000000000e+00 1.600000000000000089e+00 -4.119999999999999856e-04 -3.439000000000000216e-03 9.999940000000000495e-01 -9.779699999999999505e-02 9.952010000000000023e-01 3.383000000000000156e-03 -9.952060000000000350e-01 -9.779500000000000692e-02 -7.460000000000000268e-04
1.200000000000000000e+01 2.100000000000000000e+01 6.000000000000000000e+01 0.000000000000000000e+00 1.600000000000000089e+00 -9.200000000000000007e-05 4.649999999999999620e-03 9.999890000000000168e-01 -9.743100000000000371e-02 9.952320000000000055e-01 -4.636999999999999629e-03 -9.952419999999999600e-01 -9.743000000000000271e-02 3.620000000000000171e-04
1.000000000000000000e+01 6.000000000000000000e+00 6.100000000000000000e+01 0.000000000000000000e+00 1.600000000000000089e+00 4.034000000000000259e-03 -3.016000000000000018e-03 9.999869999999999592e-01 5.685470000000000246e-01 -8.226369999999999516e-01 -4.774999999999999731e-03 8.226409999999999556e-01 5.685590000000000366e-01 -1.603999999999999957e-03
5.000000000000000000e+00 3.000000000000000000e+00 6.300000000000000000e+01 0.000000000000000000e+00 1.600000000000000089e+00 -4.020000000000000136e-04 2.460000000000000164e-04 1.000000000000000000e+00 -6.186180000000000012e-01 7.856919999999999460e-01 -4.420000000000000101e-04 -7.856919999999999460e-01 -6.186180000000000012e-01 -1.640000000000000019e-04
1.800000000000000000e+01 3.000000000000000000e+00 6.300000000000000000e+01 0.000000000000000000e+00 1.600000000000000089e+00 2.625999999999999862e-03 -3.374999999999999962e-03 9.999909999999999632e-01 -6.159080000000000110e-01 7.878060000000000063e-01 4.276000000000000287e-03 -7.878140000000000143e-01 -6.159139999999999615e-01 -1.000000000000000082e-05
3.000000000000000000e+00 2.700000000000000000e+01 6.300000000000000000e+01 0.000000000000000000e+00 1.600000000000000089e+00 -8.109999999999999805e-04 -4.523000000000000111e-03 9.999890000000000168e-01 -2.752359999999999807e-01 9.613680000000000003e-01 4.125000000000000194e-03 -9.613760000000000083e-01 -2.752299999999999747e-01 -2.024999999999999890e-03
6.000000000000000000e+00 2.700000000000000000e+01 6.300000000000000000e+01 0.000000000000000000e+00 1.600000000000000089e+00 -2.099999999999999884e-05 -3.516000000000000028e-03 9.999940000000000495e-01 -2.740049999999999986e-01 9.617219999999999658e-01 3.376000000000000095e-03 -9.617280000000000273e-01 -2.740040000000000253e-01 -9.840000000000000656e-04
