1.000000000000000000e+00 1.500000000000000000e+01 4.000000000000000000e+00 0.000000000000000000e+00 1.600000000000000089e+00 -1.067300000000000020e-02 4.289699999999999763e-02 9.990219999999999656e-01 4.396630000000000260e-01 -8.971219999999999750e-01 4.321900000000000047e-02 8.980989999999999807e-01 4.396950000000000025e-01 -9.284999999999999851e-03
1.600000000000000000e+01 1.900000000000000000e+01 5.000000000000000000e+00 0.000000000000000000e+00 1.600000000000000089e+00 5.139999999999999604e-03 4.525999999999999641e-03 -9.999770000000000048e-01 -6.941119999999999512e-01 -7.198339999999999739e-01 -6.825999999999999603e-03 -7.198480000000000434e-01 6.941310000000000535e-01 -5.590000000000000351e-04
2.900000000000000000e+01 1.000000000000000000e+01 7.000000000000000000e+00 0.000000000000000000e+00 1.600000000000000089e+00 3.016900000000000137e-02 -3.187999999999999862e-03 9.995399999999999840e-01 7.949640000000000040e-01 -6.061020000000000296e-01 -2.592699999999999866e-02 6.059059999999999446e-01 7.953799999999999759e-01 -1.575100000000000111e-02
3.000000000000000000e+00 1.010000000000000000e+02 7.000000000000000000e+00 0.000000000000000000e+00 1.600000000000000089e+00 -2.003000000000000006e-03 8.708999999999999728e-03 9.999599999999999600e-01 8.863320000000000087e-01 4.630449999999999844e-01 -2.256999999999999892e-03 -4.630460000000000131e-01 8.862919999999999687e-01 -8.647000000000000172e-03
2.300000000000000000e+01 1.010000000000000000e+02 7.000000000000000000e+00 0.000000000000000000e+00 1.600000000000000089e+00 9.659999999999999533e-04 -1.869999999999999917e-04 1.000000000000000000e+00 8.862269999999999870e-01 4.632510000000000239e-01 -7.690000000000000438e-04 -4.632510000000000239e-01 8.862269999999999870e-01 6.130000000000000466e-04
2.600000000000000000e+01 1.010000000000000000e+02 7.000000000000000000e+00 0.000000000000000000e+00 1.600000000000000089e+00 3.029999999999999924e-04 -1.587000000000000086e-03 9.999989999999999712e-01 8.867230000000000389e-01 4.622999999999999887e-01 4.650000000000000270e-04 -4.622999999999999887e-01 8.867220000000000102e-01 1.546999999999999981e-03
3.000000000000000000e+00 2.500000000000000000e+01 8.000000000000000000e+00 0.000000000000000000e+00 1.600000000000000089e+00 8.689999999999999808e-04 2.824000000000000121e-03 -9.999959999999999960e-01 4.377349999999999852e-01 8.990989999999999815e-01 2.919000000000000154e-03 8.991040000000000143e-01 -4.377360000000000140e-01 -4.550000000000000008e-04
9.000000000000000000e+00 2.500000000000000000e+01 8.000000000000000000e+00 0.000000000000000000e+00 1.600000000000000089e+00 1.768000000000000040e-03 3.432999999999999854e-03 -9.999930000000000208e-01 4.363319999999999976e-01 8.997770000000000490e-01 3.860999999999999849e-03 8.997840000000000282e-01 -4.363360000000000016e-01 9.299999999999999727e-05
1.300000000000000000e+01 2.500000000000000000e+01 8.000000000000000000e+00 0.000000000000000000e+00 1.600000000000000089e+00 2.213000000000000123e-03 1.373000000000000088e-03 -9.999970000000000248e-01 4.360350000000000059e-01 8.999270000000000325e-01 2.200000000000000133e-03 8.999270000000000325e-01 -4.360379999999999812e-01 1.392999999999999924e-03
1.900000000000000000e+01 2.500000000000000000e+01 8.000000000000000000e+00 0.000000000000000000e+00 1.600000000000000089e+00 -1.955000000000000140e-03 1.340000000000000045e-03 -9.999970000000000248e-01 4.321909999999999918e-01 9.017819999999999725e-01 3.629999999999999872e-04 9.017800000000000260e-01 -4.321889999999999898e-01 -2.341999999999999898e-03
2.300000000000000000e+01 2.500000000000000000e+01 8.000000000000000000e+00 0.000000000000000000e+00 1.600000000000000089e+00 -2.030000000000000120e-03 -1.892000000000000019e-03 -9.999959999999999960e-01 4.324319999999999831e-01 9.016629999999999923e-01 -2.583999999999999925e-03 9.016640000000000210e-01 -4.324350000000000138e-01 -1.012000000000000096e-03
2.900000000000000000e+01 2.500000000000000000e+01 8.000000000000000000e+00 0.000000000000000000e+00 1.600000000000000089e+00 1.678000000000000021e-03 -4.014000000000000207e-03 -9.999909999999999632e-01 4.371820000000000150e-01 8.993679999999999453e-01 -2.876999999999999783e-03 8.993719999999999493e-01 -4.371729999999999783e-01 3.263999999999999974e-03
2.000000000000000000e+00 2.400000000000000000e+01 9.000000000000000000e+00 0.000000000000000000e+00 1.600000000000000089e+00 3.939999999999999817e-04 2.635000000000000189e-03 -9.999959999999999960e-01 4.432329999999999881e-01 8.964029999999999498e-01 2.537000000000000192e-03 8.964069999999999538e-01 -4.432320000000000149e-01 -8.140000000000000534e-04
9.000000000000000000e+00 2.400000000000000000e+01 9.000000000000000000e+00 0.000000000000000000e+00 1.600000000000000089e+00 1.495999999999999934e-03 4.303000000000000401e-03 -9.999900000000000455e-01 4.419310000000000183e-01 8.970380000000000020e-01 4.520999999999999845e-03 8.970479999999999565e-01 -4.419330000000000203e-01 -5.590000000000000351e-04
1.400000000000000000e+01 2.400000000000000000e+01 9.000000000000000000e+00 0.000000000000000000e+00 1.600000000000000089e+00 1.539999999999999919e-03 2.606999999999999942e-03 -9.999949999999999672e-01 4.419259999999999855e-01 8.970460000000000100e-01 3.018999999999999982e-03 8.970500000000000140e-01 -4.419290000000000163e-01 2.300000000000000070e-04
1.800000000000000000e+01 2.400000000000000000e+01 9.000000000000000000e+00 0.000000000000000000e+00 1.600000000000000089e+00 -3.519999999999999908e-04 2.334000000000000137e-03 -9.999970000000000248e-01 4.377869999999999817e-01 8.990770000000000151e-01 1.943999999999999981e-03 8.990789999999999615e-01 -4.377849999999999797e-01 -1.337999999999999997e-03
2.600000000000000000e+01 2.400000000000000000e+01 9.000000000000000000e+00 0.000000000000000000e+00 1.600000000000000089e+00 -6.369999999999999794e-04 -3.648999999999999900e-03 -9.999930000000000208e-01 4.407570000000000099e-01 8.976189999999999447e-01 -3.556000000000000133e-03 8.976260000000000350e-01 -4.407559999999999811e-01 1.036000000000000029e-03
2.900000000000000000e+01 2.400000000000000000e+01 9.000000000000000000e+00 0.000000000000000000e+00 1.600000000000000089e+00 1.428999999999999932e-03 -5.531999999999999591e-03 -9.999839999999999840e-01 4.436019999999999963e-01 8.962130000000000374e-01 -4.323999999999999719e-03 8.962229999999999919e-01 -4.435890000000000111e-01 3.735000000000000039e-03
1.400000000000000000e+01 8.000000000000000000e+00 1.000000000000000000e+01 0.000000000000000000e+00 1.600000000000000089e+00 9.020999999999999852e-02 5.180499999999999688e-02 -9.945739999999999581e-01 -9.850039999999999907e-01 -1.428290000000000115e-01 -9.678200000000000691e-02 -1.470670000000000033e-01 9.883910000000000196e-01 3.814399999999999735e-02
3.000000000000000000e+00 3.000000000000000000e+00 1.100000000000000000e+01 0.000000000000000000e+00 1.600000000000000089e+00 -5.276000000000000308e-03 1.098120000000000068e-01 9.939379999999999882e-01 1.289260000000000128e-01 -9.855819999999999581e-01 1.095730000000000037e-01 9.916399999999999659e-01 1.287230000000000041e-01 -8.956999999999999684e-03
1.200000000000000000e+01 4.000000000000000000e+00 1.100000000000000000e+01 0.000000000000000000e+00 1.600000000000000089e+00 -1.191000000000000001e-03 1.156770000000000020e-01 9.932860000000000023e-01 1.541210000000000080e-01 -9.813979999999999926e-01 1.144769999999999954e-01 9.880510000000000126e-01 1.532219999999999971e-01 -1.665900000000000020e-02
2.000000000000000000e+01 1.200000000000000000e+01 1.600000000000000000e+01 0.000000000000000000e+00 1.600000000000000089e+00 1.422000000000000087e-03 -1.930000000000000021e-04 9.999989999999999712e-01 2.640799999999999814e-01 -9.645000000000000240e-01 -5.619999999999999996e-04 9.645000000000000240e-01 2.640810000000000102e-01 -1.319999999999999993e-03
3.000000000000000000e+00 1.160000000000000000e+02 1.600000000000000000e+01 0.000000000000000000e+00 1.600000000000000089e+00 -8.279999999999999600e-04 -1.116999999999999937e-03 9.999989999999999712e-01 7.663729999999999709e-01 6.423950000000000493e-01 1.351999999999999903e-03 -6.423959999999999670e-01 7.663729999999999709e-01 3.240000000000000150e-04
9.000000000000000000e+00 1.160000000000000000e+02 1.600000000000000000e+01 0.000000000000000000e+00 1.600000000000000089e+00 -1.376000000000000053e-03 -9.160000000000000390e-04 9.999989999999999712e-01 7.415070000000000272e-01 6.709429999999999561e-01 1.634999999999999952e-03 -6.709429999999999561e-01 7.415079999999999449e-01 -2.439999999999999949e-04
1.400000000000000000e+01 1.160000000000000000e+02 1.600000000000000000e+01 0.000000000000000000e+00 1.600000000000000089e+00 -2.507999999999999813e-03 -7.280000000000000230e-04 9.999970000000000248e-01 7.501560000000000450e-01 6.612569999999999837e-01 2.363000000000000083e-03 -6.612569999999999837e-01 7.501590000000000202e-01 -1.113000000000000057e-03
1.700000000000000000e+01 1.160000000000000000e+02 1.600000000000000000e+01 0.000000000000000000e+00 1.600000000000000089e+00 -3.954000000000000049e-03 -2.294000000000000032e-03 9.999900000000000455e-01 7.517160000000000508e-01 6.594719999999999471e-01 4.485000000000000271e-03 -6.594750000000000334e-01 7.517260000000000053e-01 -8.829999999999999958e-04
2.000000000000000000e+01 2.000000000000000000e+00 1.900000000000000000e+01 0.000000000000000000e+00 1.600000000000000089e+00 4.500000000000000283e-05 -1.958199999999999871e-02 -9.998080000000000300e-01 3.573830000000000062e-01 -9.337790000000000257e-01 1.830499999999999836e-02 -9.339579999999999549e-01 -3.573149999999999937e-01 6.956000000000000377e-03
2.000000000000000000e+00 3.000000000000000000e+00 1.900000000000000000e+01 0.000000000000000000e+00 1.600000000000000089e+00 4.007000000000000145e-03 3.791100000000000025e-02 -9.992729999999999668e-01 3.419800000000000062e-01 -9.390830000000000011e-01 -3.425600000000000173e-02 -9.396989999999999510e-01 -3.415940000000000087e-01 -1.672799999999999981e-02
6.000000000000000000e+00 3.000000000000000000e+00 1.900000000000000000e+01 0.000000000000000000e+00 1.600000000000000089e+00 5.349999999999999938e-04 5.032899999999999874e-02 -9.987329999999999819e-01 3.479729999999999768e-01 -9.363259999999999916e-01 -4.699799999999999811e-02 -9.375040000000000040e-01 -3.475070000000000103e-01 -1.801399999999999876e-02
1.000000000000000000e+01 3.000000000000000000e+00 1.900000000000000000e+01 0.000000000000000000e+00 1.600000000000000089e+00 -4.081000000000000426e-03 4.698499999999999899e-02 -9.988869999999999694e-01 3.541070000000000051e-01 -9.341030000000000166e-01 -4.538400000000000073e-02 -9.351960000000000273e-01 -3.538979999999999904e-01 -1.282600000000000059e-02
1.400000000000000000e+01 3.000000000000000000e+00 1.900000000000000000e+01 0.000000000000000000e+00 1.600000000000000089e+00 -5.165000000000000320e-03 2.725800000000000098e-02 -9.996150000000000313e-01 3.512910000000000199e-01 -9.358670000000000044e-01 -2.733500000000000166e-02 -9.362519999999999731e-01 -3.512970000000000259e-01 -4.741999999999999688e-03
2.100000000000000000e+01 3.000000000000000000e+00 1.900000000000000000e+01 0.000000000000000000e+00 1.600000000000000089e+00 -6.089999999999999494e-04 -2.151399999999999840e-02 -9.997679999999999900e-01 3.392209999999999948e-01 -9.404930000000000234e-01 2.003200000000000119e-02 -9.407060000000000421e-01 -3.391310000000000158e-01 7.870999999999999525e-03
1.100000000000000000e+01 1.300000000000000000e+01 2.000000000000000000e+01 0.000000000000000000e+00 1.600000000000000089e+00 1.119999999999999983e-04 -3.487000000000000082e-03 9.999940000000000495e-01 2.606740000000000168e-01 9.654209999999999736e-01 3.337000000000000122e-03 -9.654270000000000351e-01 2.606720000000000148e-01 1.016999999999999892e-03
1.800000000000000000e+01 1.300000000000000000e+01 2.000000000000000000e+01 0.000000000000000000e+00 1.600000000000000089e+00 5.240000000000000517e-04 1.582000000000000073e-03 9.999989999999999712e-01 2.633460000000000245e-01 9.647000000000000020e-01 -1.663999999999999898e-03 -9.647010000000000307e-01 2.633460000000000245e-01 8.899999999999999491e-05
2.200000000000000000e+01 1.300000000000000000e+01 2.000000000000000000e+01 0.000000000000000000e+00 1.600000000000000089e+00 7.560000000000000530e-04 4.839999999999999684e-03 9.999879999999999880e-01 2.635689999999999977e-01 9.646280000000000410e-01 -4.867999999999999931e-03 -9.646400000000000530e-01 2.635689999999999977e-01 -5.469999999999999602e-04
2.600000000000000000e+01 1.300000000000000000e+01 2.000000000000000000e+01 0.000000000000000000e+00 1.600000000000000089e+00 7.169999999999999724e-04 1.111000000000000008e-03 9.999989999999999712e-01 2.612400000000000277e-01 9.652730000000000476e-01 -1.258999999999999920e-03 -9.652739999999999654e-01 2.612410000000000010e-01 4.020000000000000136e-04
1.800000000000000000e+01 1.600000000000000000e+01 2.100000000000000000e+01 0.000000000000000000e+00 1.600000000000000089e+00 5.320000000000000293e-04 2.079000000000000119e-03 9.999980000000000535e-01 3.002130000000000076e-01 9.538699999999999957e-01 -2.142999999999999940e-03 -9.538720000000000532e-01 3.002130000000000076e-01 -1.160000000000000007e-04
2.500000000000000000e+01 1.600000000000000000e+01 2.100000000000000000e+01 0.000000000000000000e+00 1.600000000000000089e+00 4.060000000000000024e-04 2.585000000000000058e-03 9.999970000000000248e-01 2.988270000000000093e-01 9.543040000000000411e-01 -2.588000000000000023e-03 -9.543070000000000164e-01 2.988270000000000093e-01 -3.849999999999999798e-04
2.400000000000000000e+01 2.000000000000000000e+00 2.500000000000000000e+01 0.000000000000000000e+00 1.600000000000000089e+00 1.015199999999999957e-02 -3.542000000000000010e-02 9.993210000000000148e-01 8.535099999999999631e-02 -9.956949999999999967e-01 -3.615800000000000264e-02 9.962990000000000457e-01 8.566000000000000003e-02 -7.086000000000000285e-03
1.500000000000000000e+01 3.000000000000000000e+00 2.500000000000000000e+01 0.000000000000000000e+00 1.600000000000000089e+00 -4.640000000000000027e-04 8.942000000000000295e-03 9.999599999999999600e-01 3.563899999999999707e-02 -9.993250000000000188e-01 8.952999999999999153e-03 9.993649999999999478e-01 3.564200000000000007e-02 1.450000000000000009e-04
2.300000000000000000e+01 3.000000000000000000e+00 2.500000000000000000e+01 0.000000000000000000e+00 1.600000000000000089e+00 5.897999999999999597e-03 -3.121799999999999922e-02 9.994950000000000223e-01 4.073000000000000231e-03 -9.995039999999999480e-01 -3.124199999999999894e-02 9.999740000000000295e-01 4.255000000000000102e-03 -5.767999999999999690e-03
2.800000000000000000e+01 4.600000000000000000e+01 2.700000000000000000e+01 0.000000000000000000e+00 1.600000000000000089e+00 -1.884999999999999957e-03 7.550000000000000287e-04 -9.999980000000000535e-01 6.774719999999999631e-01 7.355479999999999796e-01 -7.209999999999999612e-04 7.355460000000000331e-01 -6.774719999999999631e-01 -1.897999999999999948e-03
4.000000000000000000e+00 4.600000000000000000e+01 3.500000000000000000e+01 0.000000000000000000e+00 1.600000000000000089e+00 -8.859999999999999603e-04 -4.121999999999999796e-03 -9.999909999999999632e-01 3.928479999999999750e-01 -9.195969999999999978e-01 3.442000000000000181e-03 -9.196029999999999482e-01 -3.928420000000000245e-01 2.433999999999999966e-03
9.000000000000000000e+00 4.600000000000000000e+01 3.500000000000000000e+01 0.000000000000000000e+00 1.600000000000000089e+00 -9.000000000000000228e-06 1.154000000000000078e-03 -9.999989999999999712e-01 3.936899999999999844e-01 -9.192430000000000323e-01 -1.064000000000000059e-03 -9.192430000000000323e-01 -3.936890000000000112e-01 -4.459999999999999989e-04
1.800000000000000000e+01 4.600000000000000000e+01 3.500000000000000000e+01 0.000000000000000000e+00 1.600000000000000089e+00 -8.630000000000000518e-04 -2.776999999999999955e-03 -9.999959999999999960e-01 3.922399999999999776e-01 -9.198600000000000110e-01 2.216000000000000088e-03 -9.198629999999999862e-01 -3.922359999999999736e-01 1.882999999999999908e-03
2.600000000000000000e+01 4.600000000000000000e+01 3.500000000000000000e+01 0.000000000000000000e+00 1.600000000000000089e+00 -2.159999999999999919e-04 -2.180000000000000134e-04 -1.000000000000000000e+00 3.913429999999999964e-01 -9.202449999999999797e-01 1.160000000000000007e-04 -9.202449999999999797e-01 -3.913429999999999964e-01 2.840000000000000185e-04
1.100000000000000000e+01 9.500000000000000000e+01 3.600000000000000000e+01 0.000000000000000000e+00 1.600000000000000089e+00 -6.322999999999999628e-03 -1.044800000000000069e-02 9.999249999999999527e-01 9.957570000000000032e-01 9.173499999999999710e-02 7.256000000000000297e-03 -9.180399999999999672e-02 9.957289999999999752e-01 9.823000000000000134e-03
2.800000000000000000e+01 9.500000000000000000e+01 3.600000000000000000e+01 0.000000000000000000e+00 1.600000000000000089e+00 1.928999999999999942e-03 1.369999999999999907e-03 9.999970000000000248e-01 9.966859999999999609e-01 8.132499999999999452e-02 -2.033999999999999784e-03 -8.132699999999999652e-02 9.966869999999999896e-01 -1.208000000000000089e-03
2.100000000000000000e+01 9.500000000000000000e+01 3.700000000000000000e+01 0.000000000000000000e+00 1.600000000000000089e+00 -1.626999999999999974e-03 -1.145900000000000044e-02 9.999329999999999607e-01 9.948280000000000456e-01 1.015390000000000043e-01 2.782000000000000185e-03 -1.015640000000000015e-01 9.947660000000000391e-01 1.123399999999999919e-02
1.500000000000000000e+01 6.000000000000000000e+01 3.900000000000000000e+01 0.000000000000000000e+00 1.600000000000000089e+00 -1.340999999999999961e-03 -1.140399999999999921e-02 -9.999339999999999895e-01 2.963149999999999951e-01 -9.550330000000000208e-01 1.049399999999999986e-02 -9.550889999999999658e-01 -2.962810000000000166e-01 4.658999999999999947e-03
2.000000000000000000e+00 2.900000000000000000e+01 4.400000000000000000e+01 0.000000000000000000e+00 1.600000000000000089e+00 -3.340999999999999786e-03 -2.158999999999999895e-03 -9.999919999999999920e-01 6.690509999999999513e-01 7.432069999999999510e-01 -3.840000000000000097e-03 7.432090000000000085e-01 -6.690589999999999593e-01 -1.038999999999999993e-03
9.000000000000000000e+00 2.900000000000000000e+01 4.400000000000000000e+01 0.000000000000000000e+00 1.600000000000000089e+00 -1.729999999999999984e-03 -1.874999999999999931e-03 -9.999970000000000248e-01 6.577979999999999938e-01 7.531900000000000261e-01 -2.550000000000000183e-03 7.531919999999999726e-01 -6.578009999999999691e-01 -6.999999999999999387e-05
1.700000000000000000e+01 2.900000000000000000e+01 4.400000000000000000e+01 0.000000000000000000e+00 1.600000000000000089e+00 -1.590999999999999966e-03 -3.154000000000000119e-03 -9.999940000000000495e-01 6.610430000000000472e-01 7.503400000000000070e-01 -3.419000000000000164e-03 7.503459999999999575e-01 -6.610449999999999937e-01 8.909999999999999734e-04
2.600000000000000000e+01 2.900000000000000000e+01 4.400000000000000000e+01 0.000000000000000000e+00 1.600000000000000089e+00 3.009999999999999980e-04 -6.700000000000000226e-04 -1.000000000000000000e+00 6.601500000000000146e-01 7.511339999999999684e-01 -3.049999999999999868e-04 7.511339999999999684e-01 -6.601489999999999858e-01 6.679999999999999740e-04
1.000000000000000000e+00 6.500000000000000000e+01 4.600000000000000000e+01 0.000000000000000000e+00 1.600000000000000089e+00 -1.280000000000000105e-03 5.671999999999999958e-03 9.999829999999999552e-01 6.806769999999999765e-01 -7.325660000000000505e-01 5.027000000000000218e-03 7.325819999999999554e-01 6.806720000000000548e-01 -2.922999999999999817e-03
1.200000000000000000e+01 4.000000000000000000e+00 5.000000000000000000e+01 0.000000000000000000e+00 1.600000000000000089e+00 1.178999999999999927e-03 -3.275999999999999832e-03 -9.999940000000000495e-01 5.323999999999999844e-01 -8.464859999999999607e-01 3.400999999999999943e-03 -8.464920000000000222e-01 -5.324010000000000131e-01 7.460000000000000268e-04
1.600000000000000000e+01 1.150000000000000000e+02 5.100000000000000000e+01 0.000000000000000000e+00 1.600000000000000089e+00 -2.425000000000000072e-03 -4.471000000000000148e-03 9.999869999999999592e-01 8.471279999999999921e-01 -5.313890000000000002e-01 -3.220000000000000206e-04 5.313839999999999675e-01 8.471159999999999801e-01 5.075999999999999783e-03
2.000000000000000000e+01 1.150000000000000000e+02 5.100000000000000000e+01 0.000000000000000000e+00 1.600000000000000089e+00 5.500000000000000196e-05 4.339999999999999782e-04 1.000000000000000000e+00 8.466879999999999962e-01 -5.320899999999999519e-01 1.840000000000000001e-04 5.320899999999999519e-01 8.466879999999999962e-01 -3.959999999999999762e-04
4.000000000000000000e+00 6.300000000000000000e+01 5.400000000000000000e+01 0.000000000000000000e+00 1.600000000000000089e+00 -8.399999999999999535e-05 -2.932000000000000144e-03 9.999959999999999960e-01 -3.521440000000000126e-01 9.359420000000000517e-01 2.714999999999999965e-03 -9.359459999999999447e-01 -3.521420000000000106e-01 -1.111000000000000008e-03
9.000000000000000000e+00 6.300000000000000000e+01 5.400000000000000000e+01 0.000000000000000000e+00 1.600000000000000089e+00 -1.417000000000000074e-03 -4.224999999999999589e-03 9.999900000000000455e-01 -3.513049999999999784e-01 9.362549999999999484e-01 3.457000000000000003e-03 -9.362599999999999811e-01 -3.512959999999999972e-01 -2.811000000000000131e-03
2.200000000000000000e+01 6.300000000000000000e+01 5.400000000000000000e+01 0.000000000000000000e+00 1.600000000000000089e+00 1.427000000000000100e-03 -2.005999999999999971e-03 9.999970000000000248e-01 -3.462819999999999787e-01 9.381270000000000442e-01 2.376000000000000074e-03 -9.381289999999999907e-01 -3.462850000000000095e-01 6.449999999999999570e-04
2.600000000000000000e+01 6.300000000000000000e+01 5.400000000000000000e+01 0.000000000000000000e+00 1.600000000000000089e+00 -6.520000000000000188e-04 9.070000000000000371e-04 9.999989999999999712e-01 -3.438260000000000205e-01 9.390330000000000066e-01 -1.075999999999999917e-03 -9.390330000000000066e-01 -3.438269999999999937e-01 -2.999999999999999737e-04
5.000000000000000000e+00 2.600000000000000000e+01 5.500000000000000000e+01 0.000000000000000000e+00 1.600000000000000089e+00 1.583999999999999905e-03 5.838999999999999573e-03 -9.999820000000000375e-01 -3.278400000000000064e-02 -9.994450000000000278e-01 -5.888000000000000005e-03 -9.994610000000000438e-01 3.279300000000000270e-02 -1.392000000000000008e-03
3.000000000000000000e+00 2.100000000000000000e+01 6.000000000000000000e+01 0.000000000000000000e+00 1.600000000000000089e+00 1.397000000000000021e-03 1.817000000000000039e-03 9.999970000000000248e-01 -9.694099999999999939e-02 9.952889999999999793e-01 -1.673000000000000008e-03 -9.952889999999999793e-01 -9.693799999999999639e-02 1.567000000000000033e-03
7.000000000000000000e+00 2.100000000000000000e+01 6.000000000000000000e+01 0.000000000000000000e+00 1.600000000000000089e+00 -1.621999999999999961e-03 6.903000000000000282e-03 9.999749999999999472e-01 -9.575599999999999390e-02 9.953800000000000425e-01 -7.027000000000000260e-03 -9.954030000000000378e-01 -9.576500000000000290e-02 -9.539999999999999869e-04
1.200000000000000000e+01 2.100000000000000000e+01 6.000000000000000000e+01 0.000000000000000000e+00 1.600000000000000089e+00 -7.540000000000000044e-04 1.760999999999999979e-03 9.999980000000000535e-01 -9.568899999999999628e-02 9.954100000000000170e-01 -1.825000000000000016e-03 -9.954110000000000458e-01 -9.568999999999999728e-02 -5.820000000000000520e-04
1.900000000000000000e+01 2.100000000000000000e+01 6.000000000000000000e+01 0.000000000000000000e+00 1.600000000000000089e+00 8.589999999999999546e-04 -1.654000000000000088e-03 9.999980000000000535e-01 -9.298099999999999421e-02 9.956660000000000510e-01 1.727000000000000019e-03 -9.956679999999999975e-01 -9.298199999999999521e-02 7.020000000000000415e-04
2.600000000000000000e+01 2.100000000000000000e+01 6.000000000000000000e+01 0.000000000000000000e+00 1.600000000000000089e+00 -6.170000000000000354e-04 8.349000000000000518e-03 9.999649999999999928e-01 -9.685299999999999465e-02 9.952640000000000375e-01 -8.368999999999999703e-03 -9.952990000000000448e-01 -9.685499999999999665e-02 1.939999999999999993e-04
6.000000000000000000e+00 3.000000000000000000e+00 6.300000000000000000e+01 0.000000000000000000e+00 1.600000000000000089e+00 -1.263999999999999933e-03 -4.122999999999999929e-03 9.999909999999999632e-01 -6.127120000000000344e-01 7.903029999999999777e-01 2.484000000000000097e-03 -7.903059999999999530e-01 -6.127029999999999976e-01 -3.524999999999999922e-03
3.000000000000000000e+00 2.700000000000000000e+01 6.300000000000000000e+01 0.000000000000000000e+00 1.600000000000000089e+00 2.641999999999999817e-03 4.300000000000000165e-05 9.999970000000000248e-01 -2.747859999999999747e-01 9.615050000000000541e-01 6.840000000000000377e-04 -9.615019999999999678e-01 -2.747870000000000035e-01 2.552000000000000015e-03
8.000000000000000000e+00 2.700000000000000000e+01 6.300000000000000000e+01 0.000000000000000000e+00 1.600000000000000089e+00 -1.538000000000000088e-03 1.644000000000000062e-03 9.999970000000000248e-01 -2.777229999999999976e-01 9.606590000000000407e-01 -2.005999999999999971e-03 -9.606599999999999584e-01 -2.777249999999999996e-01 -1.020999999999999989e-03
1.100000000000000000e+01 2.700000000000000000e+01 6.300000000000000000e+01 0.000000000000000000e+00 1.600000000000000089e+00 -2.869999999999999830e-04 4.325999999999999984e-03 9.999909999999999632e-01 -2.780309999999999726e-01 9.605629999999999447e-01 -4.235000000000000049e-03 -9.605719999999999814e-01 -2.780299999999999994e-01 9.269999999999999811e-04
1.400000000000000000e+01 2.700000000000000000e+01 6.300000000000000000e+01 0.000000000000000000e+00 1.600000000000000089e+00 2.625999999999999862e-03 6.368000000000000396e-03 9.999759999999999760e-01 -2.765420000000000100e-01 9.609870000000000356e-01 -5.393000000000000224e-03 -9.609980000000000189e-01 -2.765219999999999900e-01 4.284999999999999747e-03
1.900000000000000000e+01 2.700000000000000000e+01 6.300000000000000000e+01 0.000000000000000000e+00 1.600000000000000089e+00 -9.120000000000000502e-04 8.319999999999999271e-03 9.999649999999999928e-01 -2.705469999999999819e-01 9.626710000000000544e-01 -8.255999999999999450e-03 -9.627059999999999507e-01 -2.705449999999999799e-01 1.373000000000000088e-03
2.600000000000000000e+01 2.700000000000000000e+01 6.300000000000000000e+01 0.000000000000000000e+00 1.600000000000000089e+00 6.210000000000000242e-04 -9.537999999999999604e-03 9.999540000000000095e-01 -2.746509999999999785e-01 9.614979999999999638e-01 9.341999999999999610e-03 -9.615439999999999543e-01 -2.746449999999999725e-01 -2.021999999999999926e-03
3.000000000000000000e+00 2.600000000000000000e+01 6.400000000000000000e+01 0.000000000000000000e+00 1.600000000000000089e+00 3.288999999999999823e-03 6.099999999999999737e-04 9.999940000000000495e-01 -3.672190000000000176e-01 9.301340000000000163e-01 6.409999999999999682e-04 -9.301289999999999836e-01 -3.672190000000000176e-01 3.282999999999999894e-03
8.000000000000000000e+00 2.600000000000000000e+01 6.400000000000000000e+01 0.000000000000000000e+00 1.600000000000000089e+00 -1.972999999999999927e-03 2.311000000000000120e-03 9.999949999999999672e-01 -3.711459999999999759e-01 9.285700000000000065e-01 -2.877999999999999916e-03 -9.285719999999999530e-01 -3.711499999999999799e-01 -9.740000000000000394e-04
1.200000000000000000e+01 2.600000000000000000e+01 6.400000000000000000e+01 0.000000000000000000e+00 1.600000000000000089e+00 2.200000000000000078e-04 3.983000000000000429e-03 9.999919999999999920e-01 -3.717520000000000269e-01 9.283249999999999558e-01 -3.615999999999999857e-03 -9.283320000000000460e-01 -3.717489999999999961e-01 1.685000000000000083e-03
1.400000000000000000e+01 2.600000000000000000e+01 6.400000000000000000e+01 0.000000000000000000e+00 1.600000000000000089e+00 2.161000000000000160e-03 4.366000000000000089e-03 9.999879999999999880e-01 -3.702949999999999853e-01 9.289079999999999560e-01 -3.255000000000000081e-03 -9.289119999999999600e-01 -3.702840000000000020e-01 3.624000000000000051e-03
2.000000000000000000e+01 2.600000000000000000e+01 6.400000000000000000e+01 0.000000000000000000e+00 1.600000000000000089e+00 -3.301000000000000115e-03 6.086000000000000264e-03 9.999759999999999760e-01 -3.650200000000000111e-01 9.309739999999999682e-01 -6.871000000000000371e-03 -9.309939999999999882e-01 -3.650340000000000251e-01 -8.509999999999999769e-04
2.700000000000000000e+01 2.600000000000000000e+01 6.400000000000000000e+01 0.000000000000000000e+00 1.600000000000000089e+00 2.975999999999999913e-03 -7.317999999999999852e-03 9.999689999999999968e-01 -3.708799999999999875e-01 9.286470000000000002e-01 7.900000000000000772e-03 -9.286759999999999460e-01 -3.708919999999999995e-01 5.000000000000000240e-05
1.400000000000000000e+01 6.900000000000000000e+01 6.600000000000000000e+01 0.000000000000000000e+00 1.600000000000000089e+00 1.550000000000000000e-04 -4.198000000000000342e-03 9.999909999999999632e-01 -9.493099999999999872e-01 3.143380000000000063e-01 1.466999999999999988e-03 -3.143420000000000103e-01 -9.493019999999999792e-01 -3.937000000000000395e-03
2.700000000000000000e+01 6.900000000000000000e+01 6.600000000000000000e+01 0.000000000000000000e+00 1.600000000000000089e+00 -3.681999999999999943e-03 -3.840999999999999796e-03 9.999860000000000415e-01 -9.456440000000000401e-01 3.251970000000000138e-01 -2.232000000000000043e-03 -3.251839999999999731e-01 -9.456390000000000073e-01 -4.830000000000000092e-03
1.000000000000000000e+00 2.500000000000000000e+01 7.300000000000000000e+01 0.000000000000000000e+00 1.600000000000000089e+00 -3.003000000000000027e-03 -2.606999999999999942e-03 9.999919999999999920e-01 7.591050000000000297e-01 -6.509669999999999623e-01 5.820000000000000520e-04 6.509610000000000118e-01 7.591010000000000257e-01 3.933999999999999997e-03
8.000000000000000000e+00 2.500000000000000000e+01 7.300000000000000000e+01 0.000000000000000000e+00 1.600000000000000089e+00 -4.569999999999999952e-04 1.456999999999999962e-03 9.999989999999999712e-01 7.541719999999999535e-01 -6.566760000000000375e-01 1.301999999999999989e-03 6.566769999999999552e-01 7.541719999999999535e-01 -7.979999999999999897e-04
1.200000000000000000e+01 2.500000000000000000e+01 7.300000000000000000e+01 0.000000000000000000e+00 1.600000000000000089e+00 -9.340000000000000429e-04 -4.539999999999999765e-04 9.999989999999999712e-01 7.565300000000000358e-01 -6.539589999999999570e-01 4.099999999999999912e-04 6.539589999999999570e-01 7.565300000000000358e-01 9.539999999999999869e-04
1.500000000000000000e+01 2.500000000000000000e+01 7.300000000000000000e+01 0.000000000000000000e+00 1.600000000000000089e+00 -1.572999999999999962e-03 -3.896000000000000157e-03 9.999909999999999632e-01 7.555020000000000069e-01 -6.551449999999999774e-01 -1.363999999999999978e-03 6.551439999999999486e-01 7.554929999999999701e-01 3.974000000000000102e-03
2.000000000000000000e+01 2.500000000000000000e+01 7.300000000000000000e+01 0.000000000000000000e+00 1.600000000000000089e+00 3.809999999999999910e-04 -5.739999999999999660e-04 1.000000000000000000e+00 7.538639999999999786e-01 -6.570310000000000317e-01 -6.639999999999999852e-04 6.570310000000000317e-01 7.538639999999999786e-01 1.820000000000000057e-04
2.800000000000000000e+01 2.500000000000000000e+01 7.300000000000000000e+01 0.000000000000000000e+00 1.600000000000000089e+00 1.930000000000000075e-03 -2.949999999999999931e-03 9.999940000000000495e-01 7.611379999999999812e-01 -6.485809999999999631e-01 -3.382000000000000024e-03 6.485870000000000246e-01 7.611400000000000388e-01 9.940000000000000918e-04
4.000000000000000000e+00 4.400000000000000000e+01 7.300000000000000000e+01 0.000000000000000000e+00 1.600000000000000089e+00 -6.400000000000000524e-04 -8.509999999999999769e-04 9.999989999999999712e-01 5.496600000000000097e-02 -9.984880000000000422e-01 -8.149999999999999693e-04 9.984880000000000422e-01 5.496600000000000097e-02 6.859999999999999779e-04
8.000000000000000000e+00 4.400000000000000000e+01 7.300000000000000000e+01 0.000000000000000000e+00 1.600000000000000089e+00 -2.460000000000000164e-04 -8.670000000000000406e-04 1.000000000000000000e+00 5.497200000000000003e-02 -9.984880000000000422e-01 -8.520000000000000013e-04 9.984880000000000422e-01 5.497200000000000003e-02 2.930000000000000204e-04
1.400000000000000000e+01 4.400000000000000000e+01 7.300000000000000000e+01 0.000000000000000000e+00 1.600000000000000089e+00 -6.700000000000000226e-05 -5.000000000000000104e-04 1.000000000000000000e+00 5.351399999999999907e-02 -9.985669999999999824e-01 -4.960000000000000216e-04 9.985669999999999824e-01 5.351399999999999907e-02 9.299999999999999727e-05
1.700000000000000000e+01 4.400000000000000000e+01 7.300000000000000000e+01 0.000000000000000000e+00 1.600000000000000089e+00 5.749999999999999903e-04 -1.598999999999999944e-03 9.999989999999999712e-01 5.311799999999999855e-02 -9.985870000000000024e-01 -1.626999999999999974e-03 9.985880000000000312e-01 5.311899999999999955e-02 -4.889999999999999599e-04
2.200000000000000000e+01 4.400000000000000000e+01 7.300000000000000000e+01 0.000000000000000000e+00 1.600000000000000089e+00 7.999999999999999638e-06 1.361999999999999929e-03 9.999989999999999712e-01 5.492899999999999866e-02 -9.984889999999999599e-01 1.358999999999999965e-03 9.984899999999999887e-01 5.492899999999999866e-02 -8.299999999999999815e-05
2.900000000000000000e+01 4.400000000000000000e+01 7.300000000000000000e+01 0.000000000000000000e+00 1.600000000000000089e+00 -2.530000000000000239e-04 -1.440000000000000091e-03 9.999989999999999712e-01 5.583099999999999868e-02 -9.984389999999999654e-01 -1.423999999999999919e-03 9.984399999999999942e-01 5.583099999999999868e-02 3.330000000000000169e-04
2.400000000000000000e+01 2.500000000000000000e+01 7.400000000000000000e+01 0.000000000000000000e+00 1.600000000000000089e+00 6.650000000000000095e-04 1.895999999999999899e-03 9.999980000000000535e-01 8.307090000000000307e-01 -5.567069999999999519e-01 5.039999999999999992e-04 5.567060000000000342e-01 8.307069999999999732e-01 -1.944999999999999897e-03
2.900000000000000000e+01 9.900000000000000000e+01 7.500000000000000000e+01 0.000000000000000000e+00 1.600000000000000089e+00 -4.002000000000000349e-03 -1.936000000000000004e-03 -9.999900000000000455e-01 -8.843670000000000142e-01 4.667850000000000055e-01 2.635000000000000189e-03 4.667749999999999955e-01 8.843689999999999607e-01 -3.579999999999999849e-03
6.000000000000000000e+00 9.100000000000000000e+01 7.600000000000000000e+01 0.000000000000000000e+00 1.600000000000000089e+00 -2.239999999999999804e-03 -1.505999999999999960e-03 9.999959999999999960e-01 3.013560000000000128e-01 -9.535109999999999975e-01 -7.619999999999999820e-04 9.535090000000000510e-01 3.013540000000000108e-01 2.589999999999999854e-03
1.000000000000000000e+01 9.100000000000000000e+01 7.600000000000000000e+01 0.000000000000000000e+00 1.600000000000000089e+00 -4.099999999999999912e-04 2.930000000000000204e-04 1.000000000000000000e+00 2.920800000000000063e-01 -9.563939999999999664e-01 4.000000000000000192e-04 9.563939999999999664e-01 2.920800000000000063e-01 3.069999999999999812e-04
1.400000000000000000e+01 9.100000000000000000e+01 7.600000000000000000e+01 0.000000000000000000e+00 1.600000000000000089e+00 -8.750000000000000182e-04 2.700000000000000035e-04 1.000000000000000000e+00 2.983600000000000141e-01 -9.544529999999999959e-01 5.190000000000000386e-04 9.544529999999999959e-01 2.983600000000000141e-01 7.550000000000000287e-04
2.200000000000000000e+01 9.100000000000000000e+01 7.600000000000000000e+01 0.000000000000000000e+00 1.600000000000000089e+00 -4.629999999999999784e-04 -1.057999999999999913e-03 9.999989999999999712e-01 3.026130000000000209e-01 -9.531129999999999880e-01 -8.679999999999999565e-04 9.531140000000000168e-01 3.026119999999999921e-01 7.609999999999999577e-04
2.800000000000000000e+01 9.100000000000000000e+01 7.600000000000000000e+01 0.000000000000000000e+00 1.600000000000000089e+00 -1.185999999999999988e-03 -2.857000000000000164e-03 9.999949999999999672e-01 2.973649999999999904e-01 -9.547609999999999708e-01 -2.374999999999999941e-03 9.547630000000000283e-01 2.973600000000000132e-01 1.981999999999999821e-03
8.000000000000000000e+00 6.300000000000000000e+01 8.100000000000000000e+01 0.000000000000000000e+00 1.600000000000000089e+00 -1.299999999999999920e-05 7.024999999999999994e-03 9.999749999999999472e-01 3.079600000000000046e-02 -9.995009999999999728e-01 7.021999999999999596e-03 9.995260000000000256e-01 3.079499999999999946e-02 -2.039999999999999984e-04
2.400000000000000000e+01 6.300000000000000000e+01 8.100000000000000000e+01 0.000000000000000000e+00 1.600000000000000089e+00 -5.555000000000000042e-03 -1.044600000000000042e-02 9.999299999999999855e-01 3.123099999999999835e-02 -9.994589999999999863e-01 -1.026799999999999935e-02 9.994969999999999688e-01 3.117199999999999832e-02 5.878000000000000412e-03
2.000000000000000000e+00 4.400000000000000000e+01 8.300000000000000000e+01 0.000000000000000000e+00 1.600000000000000089e+00 -4.499999999999999877e-04 6.409999999999999899e-03 9.999789999999999512e-01 5.811039999999999539e-01 -8.138109999999999511e-01 5.478000000000000230e-03 8.138290000000000246e-01 5.810939999999999994e-01 -3.359000000000000007e-03
8.000000000000000000e+00 4.400000000000000000e+01 8.300000000000000000e+01 0.000000000000000000e+00 1.600000000000000089e+00 3.099999999999999999e-04 3.661000000000000192e-03 9.999930000000000208e-01 5.772209999999999841e-01 -8.165829999999999478e-01 2.809999999999999998e-03 8.165879999999999805e-01 5.772169999999999801e-01 -2.366000000000000048e-03
1.200000000000000000e+01 4.400000000000000000e+01 8.300000000000000000e+01 0.000000000000000000e+00 1.600000000000000089e+00 -4.879999999999999898e-04 -1.965000000000000167e-03 9.999980000000000535e-01 5.735179999999999723e-01 -8.191920000000000313e-01 -1.330000000000000019e-03 8.191929999999999490e-01 5.735160000000000258e-01 1.526999999999999929e-03
1.500000000000000000e+01 4.400000000000000000e+01 8.300000000000000000e+01 0.000000000000000000e+00 1.600000000000000089e+00 -1.028999999999999967e-03 -2.413000000000000214e-03 9.999970000000000248e-01 5.719899999999999984e-01 -8.202589999999999604e-01 -1.389999999999999960e-03 8.202599999999999891e-01 5.719870000000000232e-01 2.223999999999999849e-03
2.000000000000000000e+01 4.400000000000000000e+01 8.300000000000000000e+01 0.000000000000000000e+00 1.600000000000000089e+00 1.253999999999999906e-03 -3.363000000000000104e-03 9.999940000000000495e-01 5.776999999999999913e-01 -8.162420000000000231e-01 -3.468999999999999861e-03 8.162479999999999736e-01 5.777010000000000201e-01 9.190000000000000035e-04
2.800000000000000000e+01 4.400000000000000000e+01 8.300000000000000000e+01 0.000000000000000000e+00 1.600000000000000089e+00 2.465999999999999876e-03 -3.746999999999999897e-03 9.999900000000000455e-01 5.870079999999999742e-01 -8.095689999999999831e-01 -4.480999999999999740e-03 8.095769999999999911e-01 5.870130000000000070e-01 2.039999999999999984e-04
2.100000000000000000e+01 1.010000000000000000e+02 8.300000000000000000e+01 0.000000000000000000e+00 1.600000000000000089e+00 -2.827000000000000086e-03 -1.009700000000000007e-02 9.999449999999999728e-01 9.933640000000000247e-01 1.149440000000000045e-01 3.969000000000000306e-03 -1.149779999999999969e-01 9.933210000000000095e-01 9.705000000000000085e-03
4.000000000000000000e+00 4.800000000000000000e+01 8.400000000000000000e+01 0.000000000000000000e+00 1.600000000000000089e+00 4.937000000000000416e-03 5.289000000000000298e-03 -9.999740000000000295e-01 -9.473930000000000407e-01 -3.200089999999999879e-01 -6.369999999999999794e-03 -3.200339999999999852e-01 9.474000000000000199e-01 3.431000000000000022e-03
