2.000000000000000000e+00 1.500000000000000000e+01 4.000000000000000000e+00 0.000000000000000000e+00 1.600000000000000089e+00 -1.046999999999999971e-03 -5.566999999999999900e-03 9.999839999999999840e-01 3.179969999999999741e-01 -9.480790000000000051e-01 -4.944999999999999743e-03 9.480910000000000171e-01 3.179859999999999909e-01 2.762999999999999831e-03
8.000000000000000000e+00 1.500000000000000000e+01 4.000000000000000000e+00 0.000000000000000000e+00 1.600000000000000089e+00 -4.259999999999999898e-03 -6.130000000000000466e-04 9.999909999999999632e-01 3.154970000000000274e-01 -9.489260000000000472e-01 7.619999999999999820e-04 9.489170000000000105e-01 3.154970000000000274e-01 4.236000000000000182e-03
1.500000000000000000e+01 1.500000000000000000e+01 4.000000000000000000e+00 0.000000000000000000e+00 1.600000000000000089e+00 -2.252999999999999794e-03 1.275000000000000092e-03 9.999970000000000248e-01 3.125620000000000065e-01 -9.498950000000000449e-01 1.915000000000000036e-03 9.498950000000000449e-01 3.125649999999999817e-01 1.742000000000000059e-03
2.000000000000000000e+01 1.500000000000000000e+01 4.000000000000000000e+00 0.000000000000000000e+00 1.600000000000000089e+00 -2.464000000000000044e-03 1.346900000000000007e-02 9.999059999999999615e-01 3.146619999999999973e-01 -9.491070000000000340e-01 1.355999999999999914e-02 9.492009999999999614e-01 3.146660000000000013e-01 -1.899000000000000080e-03
2.900000000000000000e+01 1.500000000000000000e+01 4.000000000000000000e+00 0.000000000000000000e+00 1.600000000000000089e+00 -5.795999999999999937e-03 1.668299999999999991e-02 9.998439999999999550e-01 3.201789999999999914e-01 -9.471920000000000339e-01 1.765999999999999862e-02 9.473390000000000422e-01 3.202320000000000166e-01 1.479999999999999925e-04
2.800000000000000000e+01 1.010000000000000000e+02 7.000000000000000000e+00 0.000000000000000000e+00 1.600000000000000089e+00 -6.840000000000000377e-04 -1.948999999999999995e-03 9.999980000000000535e-01 8.877209999999999823e-01 4.603789999999999827e-01 1.503999999999999912e-03 -4.603809999999999847e-01 8.877199999999999536e-01 1.415000000000000025e-03
2.000000000000000000e+00 2.500000000000000000e+01 8.000000000000000000e+00 0.000000000000000000e+00 1.600000000000000089e+00 4.102999999999999876e-03 2.475999999999999902e-03 -9.999890000000000168e-01 4.463880000000000070e-01 8.948300000000000143e-01 4.047000000000000250e-03 8.948300000000000143e-01 -4.464000000000000190e-01 2.566000000000000138e-03
9.000000000000000000e+00 2.500000000000000000e+01 8.000000000000000000e+00 0.000000000000000000e+00 1.600000000000000089e+00 1.100000000000000039e-04 -4.870000000000000197e-04 -1.000000000000000000e+00 4.443320000000000047e-01 8.958620000000000472e-01 -3.869999999999999742e-04 8.958620000000000472e-01 -4.443320000000000047e-01 3.150000000000000131e-04
1.700000000000000000e+01 2.500000000000000000e+01 8.000000000000000000e+00 0.000000000000000000e+00 1.600000000000000089e+00 -2.441000000000000027e-03 -4.414999999999999654e-03 -9.999869999999999592e-01 4.452479999999999771e-01 8.953929999999999945e-01 -5.041000000000000342e-03 8.954039999999999777e-01 -4.452539999999999831e-01 -2.200000000000000078e-04
2.000000000000000000e+01 2.500000000000000000e+01 8.000000000000000000e+00 0.000000000000000000e+00 1.600000000000000089e+00 -1.616000000000000032e-03 -4.219999999999999793e-03 -9.999900000000000455e-01 4.444850000000000190e-01 8.957749999999999879e-01 -4.498000000000000262e-03 8.957850000000000534e-01 -4.444879999999999942e-01 4.279999999999999950e-04
2.600000000000000000e+01 2.500000000000000000e+01 8.000000000000000000e+00 0.000000000000000000e+00 1.600000000000000089e+00 -1.364999999999999894e-03 -5.438000000000000125e-03 -9.999839999999999840e-01 4.457099999999999951e-01 8.951609999999999845e-01 -5.475999999999999965e-03 8.951770000000000005e-01 -4.457099999999999951e-01 1.201999999999999943e-03
2.000000000000000000e+00 2.400000000000000000e+01 9.000000000000000000e+00 0.000000000000000000e+00 1.600000000000000089e+00 3.216999999999999808e-03 2.001999999999999873e-03 -9.999930000000000208e-01 4.510040000000000160e-01 8.925159999999999760e-01 3.236999999999999860e-03 8.925159999999999760e-01 -4.510109999999999952e-01 1.968000000000000131e-03
1.000000000000000000e+01 2.400000000000000000e+01 9.000000000000000000e+00 0.000000000000000000e+00 1.600000000000000089e+00 -6.629999999999999609e-04 -4.402999999999999796e-03 -9.999900000000000455e-01 4.506310000000000038e-01 8.927000000000000490e-01 -4.230000000000000253e-03 8.927100000000000035e-01 -4.506299999999999750e-01 1.392999999999999924e-03
1.900000000000000000e+01 2.400000000000000000e+01 9.000000000000000000e+00 0.000000000000000000e+00 1.600000000000000089e+00 -1.466000000000000072e-03 -5.105000000000000163e-03 -9.999860000000000415e-01 4.501660000000000106e-01 8.929300000000000015e-01 -5.218000000000000416e-03 8.929439999999999600e-01 -4.501669999999999838e-01 9.890000000000000787e-04
2.700000000000000000e+01 2.400000000000000000e+01 9.000000000000000000e+00 0.000000000000000000e+00 1.600000000000000089e+00 -1.482000000000000027e-03 -7.248000000000000102e-03 -9.999730000000000008e-01 4.511410000000000142e-01 8.924239999999999950e-01 -7.137000000000000115e-03 8.924509999999999943e-01 -4.511399999999999855e-01 1.946999999999999946e-03
3.000000000000000000e+00 3.100000000000000000e+01 1.200000000000000000e+01 0.000000000000000000e+00 1.600000000000000089e+00 5.700000000000000314e-05 2.082000000000000083e-03 9.999980000000000535e-01 -1.379999999999999933e-04 9.999980000000000535e-01 -2.082000000000000083e-03 -1.000000000000000000e+00 -1.379999999999999933e-04 5.700000000000000314e-05
1.100000000000000000e+01 3.100000000000000000e+01 1.200000000000000000e+01 0.000000000000000000e+00 1.600000000000000089e+00 -1.224000000000000045e-03 -1.342000000000000094e-03 9.999980000000000535e-01 2.509999999999999753e-04 9.999989999999999712e-01 1.342000000000000094e-03 -9.999989999999999712e-01 2.519999999999999996e-04 -1.224000000000000045e-03
2.100000000000000000e+01 3.100000000000000000e+01 1.200000000000000000e+01 0.000000000000000000e+00 1.600000000000000089e+00 8.769999999999999584e-04 -3.089999999999999756e-04 1.000000000000000000e+00 -1.856000000000000011e-03 9.999980000000000535e-01 3.099999999999999999e-04 -9.999980000000000535e-01 -1.856999999999999927e-03 8.760000000000000425e-04
2.800000000000000000e+01 3.100000000000000000e+01 1.200000000000000000e+01 0.000000000000000000e+00 1.600000000000000089e+00 -9.899999999999999946e-04 -4.929000000000000221e-03 9.999869999999999592e-01 -3.347000000000000149e-03 9.999820000000000375e-01 4.925999999999999823e-03 -9.999940000000000495e-01 -3.341999999999999919e-03 -1.005999999999999950e-03
2.200000000000000000e+01 3.500000000000000000e+01 1.200000000000000000e+01 0.000000000000000000e+00 1.600000000000000089e+00 3.458999999999999835e-03 -4.134999999999999787e-03 -9.999850000000000128e-01 5.726580000000000004e-01 -8.197769999999999779e-01 5.369999999999999774e-03 -8.197870000000000434e-01 -5.726679999999999549e-01 -4.670000000000000214e-04
2.700000000000000000e+01 3.500000000000000000e+01 1.200000000000000000e+01 0.000000000000000000e+00 1.600000000000000089e+00 -4.000000000000000327e-05 -4.562000000000000083e-03 -9.999900000000000455e-01 5.498239999999999794e-01 -8.352720000000000145e-01 3.788999999999999833e-03 -8.352800000000000225e-01 -5.498180000000000289e-01 2.541999999999999989e-03
6.000000000000000000e+00 3.200000000000000000e+01 1.400000000000000000e+01 0.000000000000000000e+00 1.600000000000000089e+00 1.208000000000000089e-03 2.226000000000000114e-03 -9.999970000000000248e-01 1.030279999999999946e-01 9.946760000000000046e-01 2.338999999999999933e-03 9.946779999999999511e-01 -1.030299999999999966e-01 9.719999999999999907e-04
1.500000000000000000e+01 3.200000000000000000e+01 1.400000000000000000e+01 0.000000000000000000e+00 1.600000000000000089e+00 -1.691000000000000012e-03 -8.430999999999999259e-03 -9.999630000000000463e-01 1.041959999999999970e-01 9.945199999999999596e-01 -8.560999999999999166e-03 9.945549999999999669e-01 -1.042059999999999931e-01 -8.030000000000000028e-04
7.000000000000000000e+00 1.200000000000000000e+01 1.500000000000000000e+01 0.000000000000000000e+00 1.600000000000000089e+00 1.881000000000000076e-03 3.697000000000000199e-03 -9.999909999999999632e-01 -4.695329999999999782e-01 -8.829050000000000509e-01 -4.146999999999999645e-03 -8.829129999999999479e-01 4.695369999999999822e-01 7.499999999999999343e-05
1.300000000000000000e+01 1.200000000000000000e+01 1.500000000000000000e+01 0.000000000000000000e+00 1.600000000000000089e+00 8.499999999999999526e-04 4.342999999999999639e-03 -9.999900000000000455e-01 -4.696569999999999911e-01 -8.828390000000000404e-01 -4.233999999999999916e-03 -8.828489999999999949e-01 4.696560000000000179e-01 1.288999999999999998e-03
1.600000000000000000e+01 1.200000000000000000e+01 1.500000000000000000e+01 0.000000000000000000e+00 1.600000000000000089e+00 -1.036000000000000029e-03 7.375999999999999744e-03 -9.999719999999999720e-01 -4.661799999999999833e-01 -8.846690000000000387e-01 -6.042999999999999761e-03 -8.846899999999999764e-01 4.661600000000000188e-01 4.355000000000000364e-03
2.100000000000000000e+01 1.200000000000000000e+01 1.500000000000000000e+01 0.000000000000000000e+00 1.600000000000000089e+00 8.670000000000000406e-04 7.945000000000000673e-03 -9.999679999999999680e-01 -4.596210000000000018e-01 -8.880839999999999845e-01 -7.454999999999999821e-03 -8.881149999999999878e-01 4.596129999999999938e-01 2.880999999999999880e-03
2.600000000000000000e+01 1.200000000000000000e+01 1.500000000000000000e+01 0.000000000000000000e+00 1.600000000000000089e+00 -5.050000000000000235e-04 1.179799999999999946e-02 -9.999299999999999855e-01 -4.517970000000000041e-01 -8.920609999999999928e-01 -1.029700000000000060e-02 -8.921200000000000241e-01 4.517610000000000237e-01 5.780999999999999681e-03
7.000000000000000000e+00 1.160000000000000000e+02 1.600000000000000000e+01 0.000000000000000000e+00 1.600000000000000089e+00 -2.723999999999999859e-03 -2.010000000000000068e-03 9.999940000000000495e-01 8.057969999999999855e-01 5.921830000000000149e-01 3.384999999999999988e-03 -5.921859999999999902e-01 8.058009999999999895e-01 6.000000000000000152e-06
1.400000000000000000e+01 1.160000000000000000e+02 1.600000000000000000e+01 0.000000000000000000e+00 1.600000000000000089e+00 -1.289999999999999914e-04 3.150000000000000131e-04 1.000000000000000000e+00 7.435810000000000475e-01 6.686459999999999626e-01 -1.150000000000000035e-04 -6.686459999999999626e-01 7.435810000000000475e-01 -3.209999999999999963e-04
1.900000000000000000e+01 1.160000000000000000e+02 1.600000000000000000e+01 0.000000000000000000e+00 1.600000000000000089e+00 -3.370000000000000057e-04 2.592000000000000120e-03 9.999970000000000248e-01 7.491579999999999906e-01 6.623890000000000056e-01 -1.464000000000000024e-03 -6.623909999999999521e-01 7.491550000000000153e-01 -2.165999999999999957e-03
6.000000000000000000e+00 2.000000000000000000e+00 1.900000000000000000e+01 0.000000000000000000e+00 1.600000000000000089e+00 -1.190800000000000018e-02 1.027899999999999994e-02 -9.998759999999999870e-01 2.350500000000000089e-01 -9.718989999999999574e-01 -1.279100000000000029e-02 -9.719100000000000517e-01 -2.351729999999999932e-01 9.157000000000000209e-03
1.000000000000000000e+01 2.000000000000000000e+00 1.900000000000000000e+01 0.000000000000000000e+00 1.600000000000000089e+00 -5.794999999999999804e-03 2.589100000000000082e-02 -9.996479999999999810e-01 2.404169999999999918e-01 -9.703070000000000306e-01 -2.652499999999999997e-02 -9.706519999999999593e-01 -2.404860000000000053e-01 -6.019999999999999961e-04
1.900000000000000000e+01 2.000000000000000000e+00 1.900000000000000000e+01 0.000000000000000000e+00 1.600000000000000089e+00 2.692699999999999955e-02 6.263699999999999823e-02 -9.976730000000000320e-01 2.352980000000000071e-01 -9.703899999999999748e-01 -5.457399999999999751e-02 -9.715500000000000247e-01 -2.332809999999999884e-01 -4.086800000000000155e-02
2.500000000000000000e+01 2.000000000000000000e+00 1.900000000000000000e+01 0.000000000000000000e+00 1.600000000000000089e+00 2.913999999999999924e-02 7.619900000000000284e-02 -9.966669999999999696e-01 2.886469999999999869e-01 -9.552540000000000475e-01 -6.459299999999999764e-02 -9.569919999999999538e-01 -2.858029999999999737e-01 -4.983100000000000029e-02
3.000000000000000000e+01 2.000000000000000000e+00 1.900000000000000000e+01 0.000000000000000000e+00 1.600000000000000089e+00 2.765300000000000050e-02 4.626799999999999663e-02 -9.985460000000000447e-01 3.179919999999999969e-01 -9.474439999999999529e-01 -3.509400000000000019e-02 -9.476900000000000324e-01 -3.165589999999999793e-01 -4.091199999999999698e-02
2.100000000000000000e+01 4.000000000000000000e+00 2.000000000000000000e+01 0.000000000000000000e+00 1.600000000000000089e+00 1.870899999999999994e-02 4.669899999999999746e-02 -9.987340000000000106e-01 4.009869999999999823e-01 -9.154039999999999955e-01 -3.529100000000000292e-02 -9.158929999999999572e-01 -3.998189999999999800e-01 -3.585200000000000192e-02
2.800000000000000000e+01 4.000000000000000000e+00 2.000000000000000000e+01 0.000000000000000000e+00 1.600000000000000089e+00 2.432099999999999887e-02 2.282400000000000054e-02 -9.994439999999999991e-01 3.688000000000000167e-01 -9.294280000000000319e-01 -1.225099999999999974e-02 -9.291909999999999892e-01 -3.682969999999999855e-01 -3.102200000000000096e-02
4.000000000000000000e+00 1.300000000000000000e+01 2.000000000000000000e+01 0.000000000000000000e+00 1.600000000000000089e+00 2.284000000000000006e-03 -1.469999999999999953e-03 9.999959999999999960e-01 2.636979999999999880e-01 9.646050000000000457e-01 8.159999999999999936e-04 -9.646029999999999882e-01 2.636950000000000127e-01 2.590999999999999987e-03
1.000000000000000000e+01 1.300000000000000000e+01 2.000000000000000000e+01 0.000000000000000000e+00 1.600000000000000089e+00 -8.180000000000000422e-04 -3.158999999999999916e-03 9.999949999999999672e-01 2.659210000000000185e-01 9.639889999999999848e-01 3.262999999999999842e-03 -9.639940000000000175e-01 2.659230000000000205e-01 5.099999999999999960e-05
1.900000000000000000e+01 1.300000000000000000e+01 2.000000000000000000e+01 0.000000000000000000e+00 1.600000000000000089e+00 1.230000000000000082e-04 1.490000000000000005e-03 9.999989999999999712e-01 2.647189999999999821e-01 9.643239999999999590e-01 -1.469000000000000037e-03 -9.643260000000000165e-01 2.647189999999999821e-01 -2.750000000000000166e-04
2.500000000000000000e+01 1.300000000000000000e+01 2.000000000000000000e+01 0.000000000000000000e+00 1.600000000000000089e+00 2.349999999999999930e-04 9.089999999999999773e-04 1.000000000000000000e+00 2.625449999999999728e-01 9.649189999999999712e-01 -9.389999999999999476e-04 -9.649199999999999999e-01 2.625449999999999728e-01 -1.200000000000000030e-05
3.000000000000000000e+01 1.300000000000000000e+01 2.000000000000000000e+01 0.000000000000000000e+00 1.600000000000000089e+00 -1.810000000000000085e-04 8.803000000000000061e-03 9.999609999999999888e-01 2.604480000000000128e-01 9.654509999999999481e-01 -8.451999999999999444e-03 -9.654880000000000129e-01 2.604360000000000008e-01 -2.468000000000000142e-03
6.000000000000000000e+00 3.000000000000000000e+00 2.500000000000000000e+01 0.000000000000000000e+00 1.600000000000000089e+00 -2.932999999999999843e-03 3.680000000000000111e-03 9.999890000000000168e-01 -1.752199999999999938e-02 -9.998399999999999510e-01 3.628000000000000148e-03 9.998420000000000085e-01 -1.751099999999999879e-02 2.997000000000000098e-03
1.000000000000000000e+01 3.000000000000000000e+00 2.500000000000000000e+01 0.000000000000000000e+00 1.600000000000000089e+00 2.750999999999999973e-03 8.869000000000000147e-03 9.999569999999999848e-01 -2.018199999999999855e-02 -9.997570000000000068e-01 8.921999999999999376e-03 9.997930000000000428e-01 -2.020500000000000074e-02 -2.572000000000000067e-03
2.500000000000000000e+01 3.000000000000000000e+00 2.500000000000000000e+01 0.000000000000000000e+00 1.600000000000000089e+00 -2.380000000000000117e-04 1.356500000000000067e-02 9.999080000000000190e-01 -3.266100000000000253e-02 -9.993750000000000133e-01 1.354999999999999954e-02 9.994659999999999656e-01 -3.265500000000000347e-02 6.809999999999999647e-04
9.000000000000000000e+00 4.600000000000000000e+01 2.700000000000000000e+01 0.000000000000000000e+00 1.600000000000000089e+00 1.260999999999999968e-03 5.999999999999999474e-04 -9.999989999999999712e-01 6.718039999999999567e-01 7.407280000000000530e-01 1.291000000000000047e-03 7.407280000000000530e-01 -6.718049999999999855e-01 5.310000000000000050e-04
3.000000000000000000e+01 4.600000000000000000e+01 2.700000000000000000e+01 0.000000000000000000e+00 1.600000000000000089e+00 -5.089999999999999906e-03 -3.484000000000000118e-03 -9.999810000000000088e-01 6.689990000000000103e-01 7.432389999999999830e-01 -5.995000000000000329e-03 7.432459999999999622e-01 -6.690169999999999728e-01 -1.451999999999999949e-03
2.000000000000000000e+00 4.600000000000000000e+01 3.000000000000000000e+01 0.000000000000000000e+00 1.600000000000000089e+00 -2.207000000000000194e-03 3.849999999999999798e-04 -9.999970000000000248e-01 3.145249999999999990e-01 9.492490000000000094e-01 -3.280000000000000038e-04 9.492469999999999519e-01 -3.145249999999999990e-01 -2.216000000000000088e-03
2.700000000000000000e+01 4.600000000000000000e+01 3.000000000000000000e+01 0.000000000000000000e+00 1.600000000000000089e+00 -1.533999999999999990e-03 -2.471999999999999805e-03 -9.999959999999999960e-01 3.236010000000000275e-01 9.461889999999999468e-01 -2.835999999999999979e-03 9.461920000000000330e-01 -3.236040000000000028e-01 -6.509999999999999945e-04
2.000000000000000000e+00 5.800000000000000000e+01 3.100000000000000000e+01 0.000000000000000000e+00 1.600000000000000089e+00 -2.072000000000000057e-03 -1.350000000000000071e-03 9.999970000000000248e-01 -7.879639999999999977e-01 -6.157160000000000410e-01 -2.464000000000000044e-03 6.157179999999999875e-01 -7.879669999999999730e-01 2.120000000000000031e-04
8.000000000000000000e+00 5.800000000000000000e+01 3.100000000000000000e+01 0.000000000000000000e+00 1.600000000000000089e+00 1.413999999999999892e-03 4.219999999999999793e-03 9.999900000000000455e-01 -7.872789999999999511e-01 -6.165850000000000497e-01 3.714999999999999986e-03 6.165950000000000042e-01 -7.872770000000000046e-01 2.451000000000000054e-03
1.400000000000000000e+01 5.800000000000000000e+01 3.100000000000000000e+01 0.000000000000000000e+00 1.600000000000000089e+00 2.110000000000000059e-04 -7.630000000000000063e-04 1.000000000000000000e+00 -7.832459999999999978e-01 -6.217120000000000424e-01 -3.099999999999999999e-04 6.217120000000000424e-01 -7.832449999999999690e-01 -7.290000000000000473e-04
2.100000000000000000e+01 5.800000000000000000e+01 3.100000000000000000e+01 0.000000000000000000e+00 1.600000000000000089e+00 3.782999999999999904e-03 4.621000000000000107e-03 9.999820000000000375e-01 -7.781400000000000539e-01 -6.280630000000000379e-01 5.845999999999999634e-03 6.280790000000000539e-01 -7.781489999999999796e-01 1.219999999999999947e-03
7.000000000000000000e+00 4.600000000000000000e+01 3.500000000000000000e+01 0.000000000000000000e+00 1.600000000000000089e+00 -3.600000000000000227e-04 2.289999999999999935e-03 -9.999970000000000248e-01 3.908019999999999827e-01 -9.204719999999999569e-01 -2.247999999999999998e-03 -9.204750000000000432e-01 -3.908019999999999827e-01 -5.640000000000000482e-04
1.000000000000000000e+01 4.600000000000000000e+01 3.500000000000000000e+01 0.000000000000000000e+00 1.600000000000000089e+00 -4.459999999999999989e-04 -1.472999999999999917e-03 -9.999989999999999712e-01 3.908300000000000107e-01 -9.204620000000000024e-01 1.182000000000000108e-03 -9.204630000000000312e-01 -3.908289999999999820e-01 9.859999999999998974e-04
1.500000000000000000e+01 4.600000000000000000e+01 3.500000000000000000e+01 0.000000000000000000e+00 1.600000000000000089e+00 6.109999999999999980e-04 7.399999999999999894e-04 -1.000000000000000000e+00 3.911800000000000277e-01 -9.203139999999999654e-01 -4.420000000000000101e-04 -9.203139999999999654e-01 -3.911789999999999989e-01 -8.520000000000000013e-04
1.800000000000000000e+01 4.600000000000000000e+01 3.500000000000000000e+01 0.000000000000000000e+00 1.600000000000000089e+00 -1.430000000000000064e-04 2.742000000000000080e-03 -9.999959999999999960e-01 3.915409999999999724e-01 -9.201570000000000027e-01 -2.579000000000000129e-03 -9.201610000000000067e-01 -3.915399999999999991e-01 -9.420000000000000205e-04
2.200000000000000000e+01 4.600000000000000000e+01 3.500000000000000000e+01 0.000000000000000000e+00 1.600000000000000089e+00 -3.400000000000000244e-04 -2.799999999999999958e-05 -1.000000000000000000e+00 3.921350000000000113e-01 -9.199079999999999480e-01 -1.069999999999999988e-04 -9.199079999999999480e-01 -3.921350000000000113e-01 3.240000000000000150e-04
2.700000000000000000e+01 4.600000000000000000e+01 3.500000000000000000e+01 0.000000000000000000e+00 1.600000000000000089e+00 -3.330000000000000169e-04 1.840000000000000001e-04 -1.000000000000000000e+00 3.929389999999999827e-01 -9.195640000000000480e-01 -2.999999999999999737e-04 -9.195640000000000480e-01 -3.929389999999999827e-01 2.339999999999999958e-04
8.000000000000000000e+00 3.000000000000000000e+00 4.300000000000000000e+01 0.000000000000000000e+00 1.600000000000000089e+00 -1.450000000000000009e-04 -9.764999999999999375e-03 -9.999519999999999520e-01 7.408470000000000333e-01 -6.716419999999999613e-01 6.451000000000000137e-03 -6.716729999999999645e-01 -7.408109999999999973e-01 7.331999999999999976e-03
1.400000000000000000e+01 3.000000000000000000e+00 4.300000000000000000e+01 0.000000000000000000e+00 1.600000000000000089e+00 -1.081400000000000070e-02 -2.792299999999999990e-02 -9.995519999999999960e-01 7.361830000000000318e-01 -6.766940000000000177e-01 1.093900000000000081e-02 -6.766959999999999642e-01 -7.357350000000000279e-01 2.787399999999999947e-02
1.800000000000000000e+01 3.000000000000000000e+00 4.300000000000000000e+01 0.000000000000000000e+00 1.600000000000000089e+00 2.059999999999999928e-04 -3.480599999999999666e-02 -9.993940000000000046e-01 7.339379999999999793e-01 -6.787999999999999590e-01 2.379200000000000065e-02 -6.792169999999999597e-01 -7.334979999999999833e-01 2.540500000000000050e-02
2.400000000000000000e+01 3.000000000000000000e+00 4.300000000000000000e+01 0.000000000000000000e+00 1.600000000000000089e+00 -2.956999999999999993e-03 -3.449999999999999942e-03 -9.999900000000000455e-01 7.370929999999999982e-01 -6.757910000000000306e-01 1.520000000000000084e-04 -6.757840000000000513e-01 -7.370849999999999902e-01 4.542000000000000030e-03
2.900000000000000000e+01 3.000000000000000000e+00 4.300000000000000000e+01 0.000000000000000000e+00 1.600000000000000089e+00 1.110000000000000092e-03 7.275000000000000216e-03 -9.999730000000000008e-01 7.351990000000000469e-01 -6.778389999999999693e-01 -4.115999999999999867e-03 -6.778499999999999526e-01 -7.351750000000000229e-01 -6.100999999999999653e-03
1.000000000000000000e+00 2.900000000000000000e+01 4.400000000000000000e+01 0.000000000000000000e+00 1.600000000000000089e+00 7.200000000000000182e-05 -4.568000000000000012e-03 -9.999900000000000455e-01 6.544940000000000202e-01 7.560599999999999543e-01 -3.406999999999999872e-03 7.560670000000000446e-01 -6.544870000000000410e-01 3.043999999999999831e-03
6.000000000000000000e+00 2.900000000000000000e+01 4.400000000000000000e+01 0.000000000000000000e+00 1.600000000000000089e+00 5.670000000000000127e-04 -1.845999999999999985e-03 -9.999980000000000535e-01 6.506610000000000449e-01 7.593680000000000430e-01 -1.033000000000000064e-03 7.593680000000000430e-01 -6.506589999999999874e-01 1.631999999999999987e-03
1.300000000000000000e+01 2.900000000000000000e+01 4.400000000000000000e+01 0.000000000000000000e+00 1.600000000000000089e+00 -2.259999999999999910e-04 1.827000000000000065e-03 -9.999980000000000535e-01 6.481289999999999552e-01 7.615300000000000402e-01 1.245000000000000013e-03 7.615309999999999580e-01 -6.481270000000000087e-01 -1.356000000000000000e-03
2.100000000000000000e+01 2.900000000000000000e+01 4.400000000000000000e+01 0.000000000000000000e+00 1.600000000000000089e+00 -2.348999999999999960e-03 1.655999999999999920e-03 -9.999959999999999960e-01 6.506960000000000521e-01 7.593379999999999574e-01 -2.719999999999999979e-04 7.593339999999999534e-01 -6.506939999999999946e-01 -2.860999999999999828e-03
2.700000000000000000e+01 2.900000000000000000e+01 4.400000000000000000e+01 0.000000000000000000e+00 1.600000000000000089e+00 -2.516000000000000007e-03 2.180000000000000080e-03 -9.999940000000000495e-01 6.583809999999999940e-01 7.526850000000000485e-01 -1.599999999999999928e-05 7.526810000000000445e-01 -6.583769999999999900e-01 -3.328999999999999928e-03
1.100000000000000000e+01 6.500000000000000000e+01 4.600000000000000000e+01 0.000000000000000000e+00 1.600000000000000089e+00 8.670000000000000406e-04 -4.211000000000000333e-03 9.999909999999999632e-01 6.820349999999999469e-01 -7.313100000000000156e-01 -3.670999999999999784e-03 7.313190000000000524e-01 6.820319999999999716e-01 2.237999999999999972e-03
9.000000000000000000e+00 7.000000000000000000e+01 4.700000000000000000e+01 0.000000000000000000e+00 1.600000000000000089e+00 -5.310000000000000050e-04 5.389999999999999826e-04 -1.000000000000000000e+00 -8.428330000000000544e-01 -5.381749999999999590e-01 1.579999999999999916e-04 -5.381749999999999590e-01 8.428330000000000544e-01 7.399999999999999894e-04
2.100000000000000000e+01 7.000000000000000000e+01 4.700000000000000000e+01 0.000000000000000000e+00 1.600000000000000089e+00 -8.499999999999999526e-04 -2.547999999999999918e-03 -9.999959999999999960e-01 -8.437240000000000295e-01 -5.367729999999999446e-01 2.083999999999999915e-03 -5.367760000000000309e-01 8.437230000000000008e-01 -1.693999999999999976e-03
2.000000000000000000e+00 5.000000000000000000e+00 5.100000000000000000e+01 0.000000000000000000e+00 1.600000000000000089e+00 1.193999999999999966e-03 9.792000000000000356e-03 -9.999510000000000343e-01 4.797750000000000070e-01 -8.773549999999999960e-01 -8.018000000000000821e-03 -8.773910000000000320e-01 -4.797429999999999750e-01 -5.745000000000000107e-03
1.000000000000000000e+01 5.000000000000000000e+00 5.100000000000000000e+01 0.000000000000000000e+00 1.600000000000000089e+00 7.010000000000000172e-04 -3.181999999999999933e-03 -9.999949999999999672e-01 4.724249999999999838e-01 -8.813649999999999540e-01 3.135999999999999899e-03 -8.813699999999999868e-01 -4.724249999999999838e-01 8.859999999999999603e-04
1.600000000000000000e+01 5.000000000000000000e+00 5.100000000000000000e+01 0.000000000000000000e+00 1.600000000000000089e+00 -5.683999999999999816e-03 -1.337999999999999953e-02 -9.998939999999999495e-01 4.825760000000000050e-01 -8.758080000000000309e-01 8.977000000000000604e-03 -8.758359999999999479e-01 -4.824740000000000140e-01 1.143500000000000072e-02
2.100000000000000000e+01 5.000000000000000000e+00 5.100000000000000000e+01 0.000000000000000000e+00 1.600000000000000089e+00 -2.487000000000000061e-03 -2.701999999999999975e-03 -9.999930000000000208e-01 4.858279999999999821e-01 -8.740539999999999976e-01 1.154000000000000078e-03 -8.740510000000000224e-01 -4.858219999999999761e-01 3.485999999999999949e-03
2.500000000000000000e+01 5.000000000000000000e+00 5.100000000000000000e+01 0.000000000000000000e+00 1.600000000000000089e+00 -9.060000000000000128e-04 3.795999999999999895e-03 -9.999919999999999920e-01 4.898799999999999821e-01 -8.717819999999999458e-01 -3.752999999999999826e-03 -8.717890000000000361e-01 -4.898799999999999821e-01 -1.069999999999999988e-03
3.000000000000000000e+01 5.000000000000000000e+00 5.100000000000000000e+01 0.000000000000000000e+00 1.600000000000000089e+00 -2.837999999999999811e-03 -3.422000000000000128e-03 -9.999900000000000455e-01 4.952909999999999813e-01 -8.687259999999999982e-01 1.567000000000000033e-03 -8.687219999999999942e-01 -4.952820000000000000e-01 4.160999999999999768e-03
7.000000000000000000e+00 7.000000000000000000e+00 5.200000000000000000e+01 0.000000000000000000e+00 1.600000000000000089e+00 -5.820000000000000520e-04 3.699999999999999811e-05 -1.000000000000000000e+00 9.958699999999999497e-02 -9.950290000000000523e-01 -9.399999999999999448e-05 -9.950290000000000523e-01 -9.958699999999999497e-02 5.749999999999999903e-04
2.100000000000000000e+01 7.000000000000000000e+00 5.200000000000000000e+01 0.000000000000000000e+00 1.600000000000000089e+00 -2.778999999999999786e-03 -8.689999999999999808e-04 -9.999959999999999960e-01 1.148939999999999961e-01 -9.933779999999999832e-01 5.439999999999999957e-04 -9.933739999999999792e-01 -1.148919999999999941e-01 2.860000000000000129e-03
3.000000000000000000e+00 6.300000000000000000e+01 5.400000000000000000e+01 0.000000000000000000e+00 1.600000000000000089e+00 -8.859999999999999603e-04 1.028999999999999967e-03 9.999989999999999712e-01 -3.435650000000000093e-01 9.391279999999999628e-01 -1.270999999999999994e-03 -9.391289999999999916e-01 -3.435659999999999825e-01 -4.789999999999999879e-04
1.300000000000000000e+01 6.300000000000000000e+01 5.400000000000000000e+01 0.000000000000000000e+00 1.600000000000000089e+00 1.420000000000000038e-03 2.456999999999999983e-03 9.999959999999999960e-01 -3.310239999999999849e-01 9.436200000000000143e-01 -1.848000000000000033e-03 -9.436210000000000431e-01 -3.310199999999999809e-01 2.152999999999999966e-03
1.900000000000000000e+01 6.300000000000000000e+01 5.400000000000000000e+01 0.000000000000000000e+00 1.600000000000000089e+00 -1.998999999999999909e-03 -4.769999999999999934e-04 9.999980000000000535e-01 -3.352089999999999792e-01 9.421439999999999815e-01 -2.200000000000000078e-04 -9.421410000000000062e-01 -3.352089999999999792e-01 -2.043000000000000111e-03
2.400000000000000000e+01 6.300000000000000000e+01 5.400000000000000000e+01 0.000000000000000000e+00 1.600000000000000089e+00 -1.443000000000000055e-03 -3.442000000000000181e-03 9.999930000000000208e-01 -3.452089999999999881e-01 9.385219999999999674e-01 2.732000000000000053e-03 -9.385250000000000536e-01 -3.452029999999999821e-01 -2.543000000000000121e-03
6.000000000000000000e+00 2.500000000000000000e+01 5.500000000000000000e+01 0.000000000000000000e+00 1.600000000000000089e+00 1.864999999999999904e-03 8.524000000000000327e-03 -9.999620000000000175e-01 -1.096500000000000079e-02 -9.999029999999999863e-01 -8.543999999999999512e-03 -9.999379999999999935e-01 1.098099999999999944e-02 -1.771000000000000005e-03
1.700000000000000000e+01 2.500000000000000000e+01 5.500000000000000000e+01 0.000000000000000000e+00 1.600000000000000089e+00 -1.118000000000000070e-03 -1.257000000000000088e-03 -9.999989999999999712e-01 -9.409000000000000696e-03 -9.999550000000000383e-01 1.266999999999999897e-03 -9.999550000000000383e-01 9.409999999999999962e-03 1.105999999999999995e-03
2.900000000000000000e+01 6.800000000000000000e+01 5.700000000000000000e+01 0.000000000000000000e+00 1.600000000000000089e+00 -1.201999999999999943e-03 -9.940000000000000918e-04 -9.999989999999999712e-01 -2.429820000000000035e-01 -9.700299999999999478e-01 1.255999999999999955e-03 -9.700299999999999478e-01 2.429830000000000045e-01 9.250000000000000409e-04
4.000000000000000000e+00 2.100000000000000000e+01 6.000000000000000000e+01 0.000000000000000000e+00 1.600000000000000089e+00 2.749999999999999840e-03 -1.781500000000000097e-02 9.998380000000000045e-01 -9.366499999999999826e-02 9.954410000000000203e-01 1.799399999999999958e-02 -9.956000000000000405e-01 -9.369900000000000451e-02 1.069000000000000072e-03
8.000000000000000000e+00 2.100000000000000000e+01 6.000000000000000000e+01 0.000000000000000000e+00 1.600000000000000089e+00 -2.469999999999999865e-04 -9.044999999999999221e-03 9.999590000000000423e-01 -9.060999999999999610e-02 9.958460000000000090e-01 8.984999999999999931e-03 -9.958860000000000490e-01 -9.060400000000000398e-02 -1.064999999999999974e-03
1.200000000000000000e+01 2.100000000000000000e+01 6.000000000000000000e+01 0.000000000000000000e+00 1.600000000000000089e+00 -1.716999999999999993e-03 -3.089999999999999756e-04 9.999989999999999712e-01 -8.935800000000000687e-02 9.959999999999999964e-01 1.540000000000000028e-04 -9.959980000000000500e-01 -8.935800000000000687e-02 -1.737999999999999962e-03
1.800000000000000000e+01 2.100000000000000000e+01 6.000000000000000000e+01 0.000000000000000000e+00 1.600000000000000089e+00 1.400999999999999902e-03 1.099999999999999936e-02 9.999379999999999935e-01 -8.982900000000000607e-02 9.958979999999999499e-01 -1.082999999999999935e-02 -9.959559999999999524e-01 -8.980799999999999894e-02 2.383000000000000135e-03
2.200000000000000000e+01 2.100000000000000000e+01 6.000000000000000000e+01 0.000000000000000000e+00 1.600000000000000089e+00 8.014999999999999555e-03 -6.736999999999999933e-03 9.999449999999999728e-01 -9.233099999999999641e-02 9.957000000000000295e-01 7.447999999999999760e-03 -9.956960000000000255e-01 -9.238599999999999590e-02 7.359000000000000090e-03
2.900000000000000000e+01 2.100000000000000000e+01 6.000000000000000000e+01 0.000000000000000000e+00 1.600000000000000089e+00 -3.733999999999999906e-03 3.001000000000000195e-03 9.999890000000000168e-01 -9.390999999999999348e-02 9.955749999999999877e-01 -3.338999999999999954e-03 -9.955739999999999590e-01 -9.392100000000000448e-02 -3.435000000000000119e-03
1.600000000000000000e+01 3.000000000000000000e+00 6.300000000000000000e+01 0.000000000000000000e+00 1.600000000000000089e+00 -1.188999999999999953e-03 -8.776000000000000814e-03 9.999609999999999888e-01 -6.144190000000000484e-01 7.889559999999999906e-01 6.193999999999999853e-03 -7.889789999999999859e-01 -6.143870000000000164e-01 -6.329999999999999689e-03
3.000000000000000000e+00 2.700000000000000000e+01 6.300000000000000000e+01 0.000000000000000000e+00 1.600000000000000089e+00 2.481999999999999831e-03 1.110000000000000011e-04 9.999970000000000248e-01 -2.707869999999999999e-01 9.626390000000000224e-01 5.649999999999999641e-04 -9.626360000000000472e-01 -2.707869999999999999e-01 2.419000000000000143e-03
8.000000000000000000e+00 2.700000000000000000e+01 6.300000000000000000e+01 0.000000000000000000e+00 1.600000000000000089e+00 3.112000000000000183e-03 8.959999999999999215e-03 9.999550000000000383e-01 -2.679710000000000147e-01 9.633960000000000301e-01 -7.798000000000000244e-03 -9.634220000000000006e-01 -2.679340000000000055e-01 5.399000000000000153e-03
1.200000000000000000e+01 2.700000000000000000e+01 6.300000000000000000e+01 0.000000000000000000e+00 1.600000000000000089e+00 -2.318999999999999881e-03 -6.165999999999999606e-03 9.999780000000000335e-01 -2.658510000000000040e-01 9.639999999999999680e-01 5.327000000000000138e-03 -9.640109999999999513e-01 -2.658320000000000127e-01 -3.874999999999999972e-03
2.000000000000000000e+01 2.700000000000000000e+01 6.300000000000000000e+01 0.000000000000000000e+00 1.600000000000000089e+00 1.224000000000000045e-03 -4.338999999999999975e-03 9.999900000000000455e-01 -2.736520000000000064e-01 9.618179999999999508e-01 4.507999999999999854e-03 -9.618280000000000163e-01 -2.736549999999999816e-01 -1.000000000000000082e-05
2.500000000000000000e+01 2.700000000000000000e+01 6.300000000000000000e+01 0.000000000000000000e+00 1.600000000000000089e+00 -1.374000000000000004e-03 -1.177000000000000095e-03 9.999980000000000535e-01 -2.825559999999999738e-01 9.592509999999999648e-01 7.410000000000000137e-04 -9.592500000000000471e-01 -2.825540000000000274e-01 -1.650999999999999907e-03
3.000000000000000000e+00 2.600000000000000000e+01 6.400000000000000000e+01 0.000000000000000000e+00 1.600000000000000089e+00 2.899999999999999800e-03 3.530000000000000152e-04 9.999959999999999960e-01 -3.503060000000000063e-01 9.366349999999999953e-01 6.849999999999999535e-04 -9.366309999999999913e-01 -3.503069999999999795e-01 2.840000000000000076e-03
7.000000000000000000e+00 2.600000000000000000e+01 6.400000000000000000e+01 0.000000000000000000e+00 1.600000000000000089e+00 1.489000000000000089e-03 6.415999999999999828e-03 9.999780000000000335e-01 -3.489650000000000252e-01 9.371199999999999530e-01 -5.492999999999999619e-03 -9.371350000000000513e-01 -3.489490000000000092e-01 3.634000000000000077e-03
1.100000000000000000e+01 2.600000000000000000e+01 6.400000000000000000e+01 0.000000000000000000e+00 1.600000000000000089e+00 -3.490000000000000263e-04 -4.714000000000000308e-03 9.999890000000000168e-01 -3.468860000000000277e-01 9.378969999999999807e-01 4.300000000000000003e-03 -9.379070000000000462e-01 -3.468809999999999949e-01 -1.962000000000000202e-03
1.600000000000000000e+01 2.600000000000000000e+01 6.400000000000000000e+01 0.000000000000000000e+00 1.600000000000000089e+00 5.710000000000000015e-04 -1.342899999999999996e-02 9.999099999999999655e-01 -3.541119999999999823e-01 9.351159999999999473e-01 1.276099999999999977e-02 -9.352030000000000065e-01 -3.540869999999999851e-01 -4.220999999999999926e-03
2.500000000000000000e+01 2.600000000000000000e+01 6.400000000000000000e+01 0.000000000000000000e+00 1.600000000000000089e+00 -9.020000000000000240e-04 9.840000000000000656e-04 9.999989999999999712e-01 -3.669120000000000159e-01 9.302550000000000541e-01 -1.247000000000000062e-03 -9.302550000000000541e-01 -3.669129999999999892e-01 -4.780000000000000178e-04
1.000000000000000000e+00 2.500000000000000000e+01 7.300000000000000000e+01 0.000000000000000000e+00 1.600000000000000089e+00 -4.148999999999999910e-03 -7.889000000000000179e-03 9.999599999999999600e-01 7.448820000000000441e-01 -6.671930000000000360e-01 -2.173000000000000018e-03 6.671839999999999993e-01 7.448430000000000328e-01 8.644000000000000641e-03
7.000000000000000000e+00 2.500000000000000000e+01 7.300000000000000000e+01 0.000000000000000000e+00 1.600000000000000089e+00 3.961000000000000111e-03 1.480999999999999895e-03 9.999909999999999632e-01 7.504009999999999847e-01 -6.609800000000000120e-01 -1.994000000000000113e-03 6.609709999999999752e-01 7.504020000000000135e-01 -3.729999999999999809e-03
1.300000000000000000e+01 2.500000000000000000e+01 7.300000000000000000e+01 0.000000000000000000e+00 1.600000000000000089e+00 -3.436999999999999951e-03 8.045000000000000068e-03 9.999620000000000175e-01 7.535450000000000204e-01 -6.573489999999999611e-01 7.879000000000000586e-03 6.573870000000000546e-01 7.535439999999999916e-01 -3.802999999999999957e-03
1.800000000000000000e+01 2.500000000000000000e+01 7.300000000000000000e+01 0.000000000000000000e+00 1.600000000000000089e+00 -1.268000000000000030e-03 -7.012000000000000004e-03 9.999749999999999472e-01 7.445800000000000196e-01 -6.675229999999999775e-01 -3.736000000000000171e-03 6.675320000000000142e-01 7.445559999999999956e-01 6.067999999999999609e-03
2.400000000000000000e+01 2.500000000000000000e+01 7.300000000000000000e+01 0.000000000000000000e+00 1.600000000000000089e+00 5.512999999999999672e-03 2.651000000000000145e-03 9.999810000000000088e-01 7.503900000000000015e-01 -6.609909999999999952e-01 -2.383999999999999835e-03 6.609730000000000327e-01 7.503889999999999727e-01 -5.634000000000000119e-03
2.700000000000000000e+01 2.500000000000000000e+01 7.300000000000000000e+01 0.000000000000000000e+00 1.600000000000000089e+00 7.611999999999999843e-03 3.325999999999999963e-03 9.999649999999999928e-01 7.578589999999999494e-01 -6.524079999999999879e-01 -3.599000000000000202e-03 6.523740000000000094e-01 7.578599999999999781e-01 -7.486999999999999732e-03
2.000000000000000000e+00 4.400000000000000000e+01 7.300000000000000000e+01 0.000000000000000000e+00 1.600000000000000089e+00 2.400000000000000061e-05 -5.900000000000000296e-04 1.000000000000000000e+00 4.676700000000000301e-02 -9.989059999999999606e-01 -5.910000000000000539e-04 9.989059999999999606e-01 4.676700000000000301e-02 3.999999999999999819e-06
