2.000000000000000000e+00 1.500000000000000000e+01 4.000000000000000000e+00 0.000000000000000000e+00 1.600000000000000089e+00 -4.410999999999999990e-03 2.149399999999999922e-02 9.997589999999999533e-01 2.881380000000000052e-01 -9.573390000000000510e-01 2.185399999999999843e-02 9.575789999999999580e-01 2.881650000000000045e-01 -1.969999999999999963e-03
1.900000000000000000e+01 1.600000000000000000e+01 4.000000000000000000e+00 0.000000000000000000e+00 1.600000000000000089e+00 -3.177999999999999835e-03 1.933599999999999902e-02 9.998080000000000300e-01 3.220529999999999782e-01 -9.465240000000000320e-01 1.932899999999999896e-02 9.467160000000000020e-01 3.220520000000000049e-01 -3.219000000000000073e-03
2.200000000000000000e+01 1.600000000000000000e+01 4.000000000000000000e+00 0.000000000000000000e+00 1.600000000000000089e+00 3.265000000000000107e-03 2.625699999999999909e-02 9.996500000000000385e-01 3.224139999999999784e-01 -9.463000000000000300e-01 2.380300000000000124e-02 9.465930000000000177e-01 3.222229999999999817e-01 -1.155499999999999930e-02
2.700000000000000000e+01 1.600000000000000000e+01 4.000000000000000000e+00 0.000000000000000000e+00 1.600000000000000089e+00 -1.157000000000000042e-03 1.303900000000000024e-02 9.999139999999999695e-01 3.248340000000000116e-01 -9.456860000000000266e-01 1.270800000000000055e-02 9.457699999999999996e-01 3.248210000000000264e-01 -3.141999999999999828e-03
3.000000000000000000e+01 1.600000000000000000e+01 4.000000000000000000e+00 0.000000000000000000e+00 1.600000000000000089e+00 -3.315999999999999937e-03 6.114999999999999776e-03 9.999759999999999760e-01 3.235600000000000143e-01 -9.461829999999999963e-01 6.858999999999999646e-03 9.462019999999999875e-01 3.235750000000000015e-01 1.160000000000000007e-03
7.000000000000000000e+00 1.010000000000000000e+02 7.000000000000000000e+00 0.000000000000000000e+00 1.600000000000000089e+00 2.615999999999999836e-03 -4.662999999999999610e-03 9.999860000000000415e-01 8.882560000000000455e-01 4.593490000000000073e-01 -1.820000000000000057e-04 -4.593419999999999725e-01 8.882440000000000335e-01 5.342999999999999659e-03
6.000000000000000000e+00 1.500000000000000000e+01 8.000000000000000000e+00 0.000000000000000000e+00 1.600000000000000089e+00 1.126199999999999944e-02 2.263799999999999840e-02 -9.996800000000000130e-01 -5.750429999999999708e-01 -8.177410000000000512e-01 -2.499600000000000086e-02 -8.180460000000000509e-01 5.751410000000000133e-01 3.808000000000000187e-03
1.400000000000000000e+01 1.500000000000000000e+01 8.000000000000000000e+00 0.000000000000000000e+00 1.600000000000000089e+00 6.532999999999999745e-03 2.121899999999999828e-02 -9.997530000000000028e-01 -5.680880000000000374e-01 -8.226949999999999541e-01 -2.117399999999999838e-02 -8.229419999999999513e-01 5.680859999999999799e-01 6.679000000000000041e-03
1.900000000000000000e+01 1.500000000000000000e+01 8.000000000000000000e+00 0.000000000000000000e+00 1.600000000000000089e+00 7.323999999999999781e-03 1.507900000000000039e-02 -9.998590000000000533e-01 -5.648840000000000527e-01 -8.250039999999999596e-01 -1.657899999999999999e-02 -8.251380000000000381e-01 5.649260000000000392e-01 2.475000000000000203e-03
2.400000000000000000e+01 1.500000000000000000e+01 8.000000000000000000e+00 0.000000000000000000e+00 1.600000000000000089e+00 4.748999999999999749e-03 2.124600000000000100e-02 -9.997629999999999573e-01 -5.641530000000000156e-01 -8.254230000000000178e-01 -2.022099999999999939e-02 -8.256569999999999743e-01 5.641150000000000331e-01 8.066000000000000253e-03
1.200000000000000000e+01 2.600000000000000000e+01 8.000000000000000000e+00 0.000000000000000000e+00 1.600000000000000089e+00 -7.340000000000000170e-03 -2.073900000000000049e-02 -9.997580000000000355e-01 4.126360000000000028e-01 9.106319999999999970e-01 -2.191999999999999851e-02 9.108659999999999535e-01 -4.126969999999999805e-01 1.874000000000000015e-03
1.800000000000000000e+01 2.600000000000000000e+01 8.000000000000000000e+00 0.000000000000000000e+00 1.600000000000000089e+00 -5.473999999999999699e-03 -1.444699999999999977e-02 -9.998810000000000198e-01 4.174689999999999790e-01 9.085600000000000342e-01 -1.541299999999999962e-02 9.086739999999999817e-01 -4.175039999999999862e-01 1.057999999999999913e-03
2.500000000000000000e+01 2.600000000000000000e+01 8.000000000000000000e+00 0.000000000000000000e+00 1.600000000000000089e+00 -4.511000000000000253e-03 -1.839199999999999863e-02 -9.998209999999999598e-01 4.214410000000000101e-01 9.066659999999999719e-01 -1.857999999999999929e-02 9.068450000000000122e-01 -4.214490000000000181e-01 3.661000000000000192e-03
2.800000000000000000e+01 2.600000000000000000e+01 8.000000000000000000e+00 0.000000000000000000e+00 1.600000000000000089e+00 -4.564000000000000348e-03 -1.600400000000000086e-02 -9.998620000000000285e-01 4.228259999999999796e-01 9.060620000000000340e-01 -1.643299999999999969e-02 9.061989999999999768e-01 -4.228419999999999956e-01 2.631999999999999791e-03
2.900000000000000000e+01 1.400000000000000000e+01 9.000000000000000000e+00 0.000000000000000000e+00 1.600000000000000089e+00 5.259999999999999919e-03 8.836000000000000104e-03 -9.999470000000000303e-01 -5.581789999999999807e-01 -8.296569999999999778e-01 -1.026799999999999935e-02 -8.297039999999999971e-01 5.582030000000000047e-01 5.680000000000000370e-04
6.000000000000000000e+00 2.400000000000000000e+01 9.000000000000000000e+00 0.000000000000000000e+00 1.600000000000000089e+00 -9.447999999999999801e-03 -2.447399999999999923e-02 -9.996559999999999890e-01 4.641419999999999990e-01 8.853769999999999696e-01 -2.606199999999999836e-02 8.857099999999999973e-01 -4.642290000000000028e-01 2.994000000000000133e-03
1.100000000000000000e+01 2.400000000000000000e+01 9.000000000000000000e+00 0.000000000000000000e+00 1.600000000000000089e+00 -8.073999999999999580e-03 -2.545599999999999946e-02 -9.996429999999999483e-01 4.661989999999999745e-01 8.842900000000000205e-01 -2.628399999999999834e-02 8.846429999999999572e-01 -4.662439999999999918e-01 4.728000000000000431e-03
1.100000000000000000e+01 3.100000000000000000e+01 1.200000000000000000e+01 0.000000000000000000e+00 1.600000000000000089e+00 9.049999999999999885e-04 -1.381999999999999982e-03 9.999989999999999712e-01 9.676000000000000573e-03 9.999519999999999520e-01 1.373000000000000088e-03 -9.999529999999999808e-01 9.674999999999999573e-03 9.190000000000000035e-04
2.300000000000000000e+01 3.100000000000000000e+01 1.200000000000000000e+01 0.000000000000000000e+00 1.600000000000000089e+00 -2.981000000000000143e-03 1.428000000000000016e-03 9.999949999999999672e-01 1.523799999999999981e-02 9.998829999999999663e-01 -1.382999999999999898e-03 -9.998789999999999623e-01 1.523399999999999928e-02 -3.003000000000000027e-03
2.600000000000000000e+01 3.100000000000000000e+01 1.200000000000000000e+01 0.000000000000000000e+00 1.600000000000000089e+00 -1.887000000000000005e-03 1.410000000000000120e-04 9.999980000000000535e-01 1.528700000000000024e-02 9.998829999999999663e-01 -1.119999999999999983e-04 -9.998810000000000198e-01 1.528700000000000024e-02 -1.889000000000000054e-03
2.400000000000000000e+01 3.200000000000000000e+01 1.400000000000000000e+01 0.000000000000000000e+00 1.600000000000000089e+00 3.818000000000000213e-03 3.840000000000000097e-04 -9.999930000000000208e-01 1.217769999999999964e-01 9.925570000000000226e-01 8.459999999999999638e-04 9.925500000000000433e-01 -1.217799999999999994e-01 3.742999999999999799e-03
1.000000000000000000e+00 1.200000000000000000e+01 1.500000000000000000e+01 0.000000000000000000e+00 1.600000000000000089e+00 6.976000000000000430e-03 1.431400000000000033e-02 -9.998730000000000118e-01 -4.649010000000000087e-01 -8.852189999999999781e-01 -1.591599999999999959e-02 -8.853349999999999831e-01 4.649530000000000052e-01 4.789999999999999879e-04
7.000000000000000000e+00 1.200000000000000000e+01 1.500000000000000000e+01 0.000000000000000000e+00 1.600000000000000089e+00 7.581000000000000065e-03 1.236699999999999952e-02 -9.998949999999999783e-01 -4.682609999999999828e-01 -8.834710000000000063e-01 -1.447700000000000028e-02 -8.835579999999999545e-01 4.683220000000000161e-01 -9.070000000000000371e-04
1.900000000000000000e+01 1.200000000000000000e+01 1.500000000000000000e+01 0.000000000000000000e+00 1.600000000000000089e+00 5.481999999999999894e-03 5.483000000000000027e-03 -9.999700000000000255e-01 -4.701199999999999823e-01 -8.825709999999999944e-01 -7.416999999999999982e-03 -8.825849999999999529e-01 4.701469999999999816e-01 -2.260999999999999989e-03
2.200000000000000000e+01 1.200000000000000000e+01 1.500000000000000000e+01 0.000000000000000000e+00 1.600000000000000089e+00 3.961000000000000111e-03 9.457000000000000128e-03 -9.999470000000000303e-01 -4.702319999999999833e-01 -8.824840000000000462e-01 -1.020899999999999933e-02 -8.825340000000000407e-01 4.702479999999999993e-01 9.510000000000000224e-04
5.000000000000000000e+00 1.160000000000000000e+02 1.600000000000000000e+01 0.000000000000000000e+00 1.600000000000000089e+00 -1.569999999999999944e-04 -3.523000000000000090e-03 9.999940000000000495e-01 7.073300000000000143e-01 7.068790000000000351e-01 2.601000000000000013e-03 -7.068830000000000391e-01 7.073260000000000103e-01 2.380999999999999870e-03
1.400000000000000000e+01 1.160000000000000000e+02 1.600000000000000000e+01 0.000000000000000000e+00 1.600000000000000089e+00 6.049999999999999606e-04 1.879999999999999944e-03 9.999980000000000535e-01 6.692219999999999835e-01 7.430600000000000538e-01 -1.801999999999999999e-03 -7.430620000000000003e-01 6.692219999999999835e-01 -8.090000000000000403e-04
1.800000000000000000e+01 1.160000000000000000e+02 1.600000000000000000e+01 0.000000000000000000e+00 1.600000000000000089e+00 -2.599999999999999772e-04 -1.258000000000000004e-03 9.999989999999999712e-01 6.716539999999999733e-01 7.408639999999999670e-01 1.106999999999999911e-03 -7.408649999999999958e-01 6.716529999999999445e-01 6.520000000000000188e-04
1.000000000000000000e+00 2.000000000000000000e+00 1.900000000000000000e+01 0.000000000000000000e+00 1.600000000000000089e+00 -1.296000000000000060e-03 -2.128000000000000117e-03 -9.999970000000000248e-01 1.778980000000000006e-01 -9.840470000000000050e-01 1.863999999999999988e-03 -9.840480000000000338e-01 -1.778949999999999976e-01 1.652999999999999955e-03
8.000000000000000000e+00 2.000000000000000000e+00 1.900000000000000000e+01 0.000000000000000000e+00 1.600000000000000089e+00 -5.230000000000000274e-04 4.850000000000000144e-03 -9.999879999999999880e-01 1.725530000000000119e-01 -9.849879999999999747e-01 -4.866999999999999799e-03 -9.849999999999999867e-01 -1.725530000000000119e-01 -3.209999999999999963e-04
1.300000000000000000e+01 2.000000000000000000e+00 1.900000000000000000e+01 0.000000000000000000e+00 1.600000000000000089e+00 -1.062000000000000010e-03 9.020000000000000240e-04 -9.999989999999999712e-01 1.685869999999999869e-01 -9.856859999999999511e-01 -1.067999999999999939e-03 -9.856859999999999511e-01 -1.685879999999999879e-01 8.949999999999999623e-04
1.600000000000000000e+01 2.000000000000000000e+00 1.900000000000000000e+01 0.000000000000000000e+00 1.600000000000000089e+00 -2.299999999999999961e-03 6.409999999999999682e-04 -9.999970000000000248e-01 1.669619999999999993e-01 -9.859630000000000338e-01 -1.015999999999999976e-03 -9.859609999999999763e-01 -1.669640000000000013e-01 2.161000000000000160e-03
2.000000000000000000e+01 2.000000000000000000e+00 1.900000000000000000e+01 0.000000000000000000e+00 1.600000000000000089e+00 -1.003999999999999901e-03 -2.049999999999999956e-04 -9.999989999999999712e-01 1.672639999999999960e-01 -9.859120000000000106e-01 3.499999999999999693e-05 -9.859120000000000106e-01 -1.672639999999999960e-01 1.023999999999999954e-03
2.500000000000000000e+01 2.000000000000000000e+00 1.900000000000000000e+01 0.000000000000000000e+00 1.600000000000000089e+00 2.064999999999999995e-03 7.132000000000000318e-03 -9.999719999999999720e-01 1.695109999999999950e-01 -9.855059999999999931e-01 -6.679000000000000041e-03 -9.855260000000000131e-01 -1.694930000000000048e-01 -3.243999999999999922e-03
4.000000000000000000e+00 4.000000000000000000e+00 2.000000000000000000e+01 0.000000000000000000e+00 1.600000000000000089e+00 -8.170000000000000179e-04 2.266999999999999918e-03 -9.999970000000000248e-01 2.760920000000000041e-01 -9.611279999999999824e-01 -2.403999999999999887e-03 -9.611309999999999576e-01 -2.760940000000000061e-01 1.589999999999999888e-04
8.000000000000000000e+00 4.000000000000000000e+00 2.000000000000000000e+01 0.000000000000000000e+00 1.600000000000000089e+00 -1.441000000000000007e-03 6.843000000000000124e-03 -9.999759999999999760e-01 2.727060000000000040e-01 -9.620720000000000383e-01 -6.976999999999999695e-03 -9.620959999999999512e-01 -2.727089999999999792e-01 -4.800000000000000122e-04
3.000000000000000000e+00 1.300000000000000000e+01 2.000000000000000000e+01 0.000000000000000000e+00 1.600000000000000089e+00 1.036000000000000029e-03 -5.104000000000000030e-03 9.999860000000000415e-01 2.587320000000000175e-01 9.659379999999999633e-01 4.662000000000000345e-03 -9.659480000000000288e-01 2.587240000000000095e-01 2.321000000000000146e-03
7.000000000000000000e+00 1.300000000000000000e+01 2.000000000000000000e+01 0.000000000000000000e+00 1.600000000000000089e+00 2.719999999999999979e-04 -1.007300000000000036e-02 9.999489999999999768e-01 2.582309999999999883e-01 9.660349999999999770e-01 9.660999999999999449e-03 -9.660830000000000251e-01 2.582160000000000011e-01 2.863999999999999792e-03
1.200000000000000000e+01 1.300000000000000000e+01 2.000000000000000000e+01 0.000000000000000000e+00 1.600000000000000089e+00 -5.360000000000000181e-04 -1.479999999999999925e-04 1.000000000000000000e+00 2.594130000000000047e-01 9.657660000000000133e-01 2.820000000000000241e-04 -9.657660000000000133e-01 2.594130000000000047e-01 -4.789999999999999879e-04
1.900000000000000000e+01 1.300000000000000000e+01 2.000000000000000000e+01 0.000000000000000000e+00 1.600000000000000089e+00 -6.799999999999999946e-05 -7.574000000000000003e-03 9.999710000000000543e-01 2.594770000000000132e-01 9.657219999999999693e-01 7.331999999999999976e-03 -9.657489999999999686e-01 2.594699999999999784e-01 1.899999999999999996e-03
2.300000000000000000e+01 1.300000000000000000e+01 2.000000000000000000e+01 0.000000000000000000e+00 1.600000000000000089e+00 -3.669999999999999760e-04 2.151999999999999833e-03 9.999980000000000535e-01 2.602090000000000236e-01 9.655500000000000194e-01 -1.981999999999999821e-03 -9.655519999999999659e-01 2.602070000000000216e-01 -9.150000000000000147e-04
2.700000000000000000e+01 1.300000000000000000e+01 2.000000000000000000e+01 0.000000000000000000e+00 1.600000000000000089e+00 -1.392999999999999924e-03 2.331999999999999872e-03 9.999959999999999960e-01 2.632630000000000248e-01 9.647219999999999684e-01 -1.882999999999999908e-03 -9.647229999999999972e-01 2.632590000000000208e-01 -1.958000000000000105e-03
4.000000000000000000e+00 1.600000000000000000e+01 2.100000000000000000e+01 0.000000000000000000e+00 1.600000000000000089e+00 1.198999999999999979e-03 -2.717999999999999930e-03 9.999959999999999960e-01 2.952190000000000092e-01 9.554270000000000262e-01 2.243000000000000202e-03 -9.554289999999999727e-01 2.952150000000000052e-01 1.948000000000000079e-03
1.200000000000000000e+01 1.600000000000000000e+01 2.100000000000000000e+01 0.000000000000000000e+00 1.600000000000000089e+00 1.029999999999999964e-04 5.546999999999999847e-03 9.999850000000000128e-01 2.965800000000000103e-01 9.549929999999999808e-01 -5.328000000000000271e-03 -9.550079999999999680e-01 2.965760000000000063e-01 -1.546000000000000065e-03
1.600000000000000000e+01 1.600000000000000000e+01 2.100000000000000000e+01 0.000000000000000000e+00 1.600000000000000089e+00 -6.890000000000000508e-04 -5.002999999999999635e-03 9.999869999999999592e-01 2.965380000000000238e-01 9.550079999999999680e-01 4.982999999999999582e-03 -9.550210000000000088e-01 2.965380000000000238e-01 8.249999999999999955e-04
2.000000000000000000e+01 1.600000000000000000e+01 2.100000000000000000e+01 0.000000000000000000e+00 1.600000000000000089e+00 -5.099999999999999960e-05 -5.361999999999999579e-03 9.999860000000000415e-01 2.967420000000000058e-01 9.549440000000000150e-01 5.135999999999999940e-03 -9.549579999999999735e-01 2.967380000000000018e-01 1.543000000000000101e-03
6.000000000000000000e+00 3.000000000000000000e+00 2.500000000000000000e+01 0.000000000000000000e+00 1.600000000000000089e+00 -4.884999999999999586e-03 7.891999999999999710e-03 9.999569999999999848e-01 -1.620299999999999865e-02 -9.998380000000000045e-01 7.812000000000000367e-03 9.998569999999999958e-01 -1.616499999999999881e-02 5.011999999999999962e-03
3.000000000000000000e+00 4.600000000000000000e+01 2.700000000000000000e+01 0.000000000000000000e+00 1.600000000000000089e+00 1.358000000000000049e-03 2.145000000000000205e-03 -9.999970000000000248e-01 6.801319999999999588e-01 7.330849999999999866e-01 2.495999999999999955e-03 7.330879999999999619e-01 -6.801329999999999876e-01 -4.629999999999999784e-04
9.000000000000000000e+00 4.600000000000000000e+01 2.700000000000000000e+01 0.000000000000000000e+00 1.600000000000000089e+00 5.969999999999999829e-04 -6.300000000000000261e-04 -1.000000000000000000e+00 6.847680000000000433e-01 7.287609999999999921e-01 -5.099999999999999960e-05 7.287609999999999921e-01 -6.847670000000000146e-01 8.670000000000000406e-04
1.900000000000000000e+01 4.600000000000000000e+01 2.700000000000000000e+01 0.000000000000000000e+00 1.600000000000000089e+00 8.229999999999999469e-04 1.203000000000000076e-03 -9.999989999999999712e-01 6.799730000000000496e-01 7.332359999999999989e-01 1.441999999999999922e-03 7.332370000000000276e-01 -6.799730000000000496e-01 -2.149999999999999947e-04
2.100000000000000000e+01 4.600000000000000000e+01 3.000000000000000000e+01 0.000000000000000000e+00 1.600000000000000089e+00 4.189999999999999931e-04 7.999999999999999638e-06 -1.000000000000000000e+00 3.365279999999999938e-01 9.416729999999999823e-01 1.489999999999999897e-04 9.416729999999999823e-01 -3.365279999999999938e-01 3.919999999999999873e-04
2.000000000000000000e+00 5.800000000000000000e+01 3.100000000000000000e+01 0.000000000000000000e+00 1.600000000000000089e+00 3.579000000000000150e-03 8.073000000000000315e-03 9.999609999999999888e-01 -8.001150000000000206e-01 -5.997970000000000246e-01 7.706000000000000176e-03 5.998360000000000358e-01 -8.001110000000000166e-01 4.312999999999999994e-03
1.000000000000000000e+01 5.800000000000000000e+01 3.100000000000000000e+01 0.000000000000000000e+00 1.600000000000000089e+00 6.629999999999999609e-04 2.849999999999999886e-04 1.000000000000000000e+00 -8.013710000000000555e-01 -5.981670000000000043e-01 7.010000000000000172e-04 5.981670000000000043e-01 -8.013710000000000555e-01 -1.679999999999999907e-04
1.500000000000000000e+01 5.800000000000000000e+01 3.100000000000000000e+01 0.000000000000000000e+00 1.600000000000000089e+00 2.132000000000000214e-03 4.789999999999999987e-03 9.999860000000000415e-01 -7.990530000000000133e-01 -6.012429999999999719e-01 4.584000000000000401e-03 6.012570000000000414e-01 -7.990519999999999845e-01 2.546000000000000086e-03
2.100000000000000000e+01 5.800000000000000000e+01 3.100000000000000000e+01 0.000000000000000000e+00 1.600000000000000089e+00 1.050000000000000044e-04 -1.897000000000000032e-03 9.999980000000000535e-01 -7.965130000000000265e-01 -6.046200000000000463e-01 -1.062999999999999926e-03 6.046209999999999640e-01 -7.965119999999999978e-01 -1.574000000000000095e-03
2.600000000000000000e+01 5.800000000000000000e+01 3.100000000000000000e+01 0.000000000000000000e+00 1.600000000000000089e+00 -5.469999999999999602e-04 -7.560000000000000530e-04 1.000000000000000000e+00 -7.972660000000000302e-01 -6.036280000000000534e-01 -8.919999999999999978e-04 6.036289999999999711e-01 -7.972660000000000302e-01 -2.730000000000000222e-04
6.000000000000000000e+00 4.600000000000000000e+01 3.500000000000000000e+01 0.000000000000000000e+00 1.600000000000000089e+00 -4.029999999999999837e-04 -7.410000000000000137e-04 -1.000000000000000000e+00 3.865009999999999835e-01 -9.222890000000000255e-01 5.280000000000000405e-04 -9.222890000000000255e-01 -3.865009999999999835e-01 6.579999999999999478e-04
9.000000000000000000e+00 4.600000000000000000e+01 3.500000000000000000e+01 0.000000000000000000e+00 1.600000000000000089e+00 -6.669999999999999497e-04 1.358000000000000049e-03 -9.999989999999999712e-01 3.860049999999999870e-01 -9.224949999999999539e-01 -1.510999999999999973e-03 -9.224959999999999827e-01 -3.860060000000000158e-01 9.100000000000000287e-05
1.300000000000000000e+01 4.600000000000000000e+01 3.500000000000000000e+01 0.000000000000000000e+00 1.600000000000000089e+00 -5.320000000000000293e-04 1.544999999999999932e-03 -9.999989999999999712e-01 3.864049999999999985e-01 -9.223280000000000367e-01 -1.629999999999999939e-03 -9.223289999999999544e-01 -3.864049999999999985e-01 -1.069999999999999988e-04
2.400000000000000000e+01 4.600000000000000000e+01 3.500000000000000000e+01 0.000000000000000000e+00 1.600000000000000089e+00 -1.827000000000000065e-03 5.165000000000000320e-03 -9.999850000000000128e-01 3.917919999999999736e-01 -9.200380000000000225e-01 -5.466999999999999638e-03 -9.200519999999999810e-01 -3.917959999999999776e-01 -3.429999999999999889e-04
2.700000000000000000e+01 4.600000000000000000e+01 3.500000000000000000e+01 0.000000000000000000e+00 1.600000000000000089e+00 -6.480000000000000300e-04 1.745000000000000023e-03 -9.999980000000000535e-01 3.907780000000000142e-01 -9.204830000000000512e-01 -1.860000000000000108e-03 -9.204849999999999977e-01 -3.907789999999999875e-01 -8.600000000000000331e-05
7.000000000000000000e+00 9.500000000000000000e+01 3.600000000000000000e+01 0.000000000000000000e+00 1.600000000000000089e+00 5.499999999999999681e-03 -1.520600000000000077e-02 9.998690000000000078e-01 9.975570000000000270e-01 6.972000000000000419e-02 -4.427000000000000379e-03 -6.964399999999999757e-02 9.974509999999999765e-01 1.555199999999999985e-02
1.600000000000000000e+01 9.500000000000000000e+01 3.600000000000000000e+01 0.000000000000000000e+00 1.600000000000000089e+00 -2.286999999999999970e-03 3.000000000000000076e-05 9.999970000000000248e-01 9.970729999999999871e-01 7.641699999999999882e-02 2.278000000000000077e-03 -7.641599999999999782e-02 9.970759999999999623e-01 -2.039999999999999984e-04
2.000000000000000000e+01 9.500000000000000000e+01 3.600000000000000000e+01 0.000000000000000000e+00 1.600000000000000089e+00 -4.745000000000000086e-03 -1.810700000000000157e-02 9.998249999999999638e-01 9.968510000000000426e-01 7.905900000000000427e-02 6.163000000000000075e-03 -7.915700000000000514e-02 9.967049999999999521e-01 1.767399999999999874e-02
2.400000000000000000e+01 9.500000000000000000e+01 3.600000000000000000e+01 0.000000000000000000e+00 1.600000000000000089e+00 4.681000000000000265e-03 1.187200000000000061e-02 9.999190000000000023e-01 9.965260000000000229e-01 8.309099999999999819e-02 -5.650999999999999773e-03 -8.315100000000000269e-02 9.964709999999999956e-01 -1.144200000000000078e-02
2.800000000000000000e+01 9.500000000000000000e+01 3.600000000000000000e+01 0.000000000000000000e+00 1.600000000000000089e+00 4.840999999999999817e-03 2.208399999999999946e-02 9.997439999999999660e-01 9.965840000000000254e-01 8.231299999999999728e-02 -6.643999999999999732e-03 -8.243899999999999839e-02 9.963619999999999699e-01 -2.161000000000000074e-02
4.000000000000000000e+00 2.900000000000000000e+01 4.400000000000000000e+01 0.000000000000000000e+00 1.600000000000000089e+00 -1.080000000000000014e-03 2.824999999999999820e-03 -9.999949999999999672e-01 6.641319999999999446e-01 7.476140000000000008e-01 1.394999999999999973e-03 7.476140000000000008e-01 -6.641280000000000516e-01 -2.684000000000000188e-03
1.000000000000000000e+01 2.900000000000000000e+01 4.400000000000000000e+01 0.000000000000000000e+00 1.600000000000000089e+00 -6.026000000000000106e-03 -1.902999999999999961e-03 -9.999799999999999800e-01 6.446739999999999693e-01 7.644389999999999796e-01 -5.340000000000000129e-03 7.644339999999999469e-01 -6.446929999999999605e-01 -3.379000000000000059e-03
1.500000000000000000e+01 2.900000000000000000e+01 4.400000000000000000e+01 0.000000000000000000e+00 1.600000000000000089e+00 -1.616000000000000032e-03 -1.683999999999999950e-03 -9.999970000000000248e-01 6.391850000000000032e-01 7.690489999999999826e-01 -2.328000000000000208e-03 7.690510000000000401e-01 -6.391869999999999497e-01 -1.669999999999999935e-04
2.600000000000000000e+01 2.900000000000000000e+01 4.400000000000000000e+01 0.000000000000000000e+00 1.600000000000000089e+00 4.416999999999999919e-03 7.870000000000000476e-04 -9.999900000000000455e-01 6.701519999999999699e-01 7.422159999999999869e-01 3.543999999999999841e-03 7.422109999999999541e-01 -6.701610000000000067e-01 2.750999999999999973e-03
1.000000000000000000e+00 6.000000000000000000e+00 5.100000000000000000e+01 0.000000000000000000e+00 1.600000000000000089e+00 -3.291000000000000088e-03 8.217000000000000345e-03 -9.999609999999999888e-01 3.146050000000000235e-01 -9.491819999999999702e-01 -8.835000000000000839e-03 -9.492169999999999774e-01 -3.146209999999999840e-01 5.389999999999999826e-04
1.800000000000000000e+01 6.000000000000000000e+00 5.100000000000000000e+01 0.000000000000000000e+00 1.600000000000000089e+00 -5.421999999999999736e-03 2.269000000000000183e-03 -9.999829999999999552e-01 3.232729999999999770e-01 -9.462979999999999725e-01 -3.899999999999999821e-03 -9.462899999999999645e-01 -3.232889999999999930e-01 4.396999999999999867e-03
2.200000000000000000e+01 7.000000000000000000e+00 5.200000000000000000e+01 0.000000000000000000e+00 1.600000000000000089e+00 -2.909000000000000127e-03 1.789000000000000009e-03 -9.999940000000000495e-01 8.887499999999999567e-02 -9.960409999999999542e-01 -2.040000000000000147e-03 -9.960390000000000077e-01 -8.888000000000000067e-02 2.739000000000000115e-03
5.000000000000000000e+00 1.500000000000000000e+01 5.300000000000000000e+01 0.000000000000000000e+00 1.600000000000000089e+00 1.043000000000000090e-03 -2.000000000000000096e-04 -9.999989999999999712e-01 6.771369999999999889e-01 7.358569999999999833e-01 5.590000000000000351e-04 7.358559999999999546e-01 -6.771369999999999889e-01 9.030000000000000483e-04
1.000000000000000000e+00 6.300000000000000000e+01 5.400000000000000000e+01 0.000000000000000000e+00 1.600000000000000089e+00 1.835000000000000043e-03 6.740000000000000114e-04 9.999980000000000535e-01 -3.506810000000000205e-01 9.364949999999999664e-01 1.299999999999999920e-05 -9.364930000000000199e-01 -3.506799999999999917e-01 1.955000000000000140e-03
5.000000000000000000e+00 6.300000000000000000e+01 5.400000000000000000e+01 0.000000000000000000e+00 1.600000000000000089e+00 -4.539999999999999765e-04 5.400000000000000069e-04 1.000000000000000000e+00 -3.502649999999999930e-01 9.366510000000000113e-01 -6.650000000000000095e-04 -9.366510000000000113e-01 -3.502649999999999930e-01 -2.359999999999999902e-04
1.500000000000000000e+01 6.300000000000000000e+01 5.400000000000000000e+01 0.000000000000000000e+00 1.600000000000000089e+00 -5.410000000000000312e-04 2.099999999999999884e-05 1.000000000000000000e+00 -3.519939999999999736e-01 9.360020000000000007e-01 -2.100000000000000087e-04 -9.360020000000000007e-01 -3.519939999999999736e-01 -4.989999999999999861e-04
2.100000000000000000e+01 6.300000000000000000e+01 5.400000000000000000e+01 0.000000000000000000e+00 1.600000000000000089e+00 1.000000000000000021e-03 -1.075000000000000001e-03 9.999989999999999712e-01 -3.528339999999999810e-01 9.356849999999999890e-01 1.358000000000000049e-03 -9.356860000000000177e-01 -3.528350000000000097e-01 5.559999999999999621e-04
2.600000000000000000e+01 6.300000000000000000e+01 5.400000000000000000e+01 0.000000000000000000e+00 1.600000000000000089e+00 -1.543000000000000101e-03 -8.899999999999999491e-05 9.999989999999999712e-01 -3.560699999999999976e-01 9.344590000000000396e-01 -4.670000000000000214e-04 -9.344580000000000108e-01 -3.560710000000000264e-01 -1.472999999999999917e-03
2.900000000000000000e+01 6.300000000000000000e+01 5.400000000000000000e+01 0.000000000000000000e+00 1.600000000000000089e+00 -2.723000000000000160e-03 -2.053000000000000137e-03 9.999940000000000495e-01 -3.555909999999999904e-01 9.346410000000000551e-01 9.499999999999999981e-04 -9.346379999999999688e-01 -3.555860000000000132e-01 -3.275000000000000133e-03
3.000000000000000000e+00 2.500000000000000000e+01 5.500000000000000000e+01 0.000000000000000000e+00 1.600000000000000089e+00 1.307999999999999918e-03 2.449999999999999921e-03 -9.999959999999999960e-01 -1.153799999999999965e-02 -9.999299999999999855e-01 -2.465000000000000177e-03 -9.999329999999999607e-01 1.154099999999999918e-02 -1.278999999999999972e-03
1.400000000000000000e+01 2.500000000000000000e+01 5.500000000000000000e+01 0.000000000000000000e+00 1.600000000000000089e+00 1.314999999999999980e-03 -1.978999999999999856e-03 -9.999970000000000248e-01 -1.272000000000000040e-02 -9.999169999999999447e-01 1.962000000000000202e-03 -9.999179999999999735e-01 1.271800000000000014e-02 -1.340000000000000045e-03
1.900000000000000000e+01 2.500000000000000000e+01 5.500000000000000000e+01 0.000000000000000000e+00 1.600000000000000089e+00 -1.149999999999999981e-03 1.536999999999999955e-03 -9.999980000000000535e-01 -1.270800000000000055e-02 -9.999179999999999735e-01 -1.523000000000000048e-03 -9.999190000000000023e-01 1.270600000000000028e-02 1.168999999999999900e-03
2.400000000000000000e+01 2.500000000000000000e+01 5.500000000000000000e+01 0.000000000000000000e+00 1.600000000000000089e+00 -8.090000000000000403e-04 -4.094999999999999682e-03 -9.999909999999999632e-01 -1.059399999999999925e-02 -9.999350000000000183e-01 4.104000000000000009e-03 -9.999440000000000550e-01 1.059700000000000052e-02 7.659999999999999708e-04
2.000000000000000000e+00 5.800000000000000000e+01 5.900000000000000000e+01 0.000000000000000000e+00 1.600000000000000089e+00 -1.020000000000000073e-02 5.756999999999999965e-03 -9.999310000000000143e-01 3.874079999999999746e-01 9.219070000000000320e-01 1.356000000000000000e-03 9.218520000000000048e-01 -3.873679999999999901e-01 -1.163299999999999924e-02
2.500000000000000000e+01 5.800000000000000000e+01 5.900000000000000000e+01 0.000000000000000000e+00 1.600000000000000089e+00 -2.475999999999999902e-03 -6.222000000000000100e-03 -9.999780000000000335e-01 3.818690000000000140e-01 9.241920000000000135e-01 -6.695999999999999695e-03 9.242129999999999512e-01 -3.818770000000000220e-01 8.799999999999999771e-05
2.800000000000000000e+01 6.000000000000000000e+00 6.100000000000000000e+01 0.000000000000000000e+00 1.600000000000000089e+00 -7.429999999999999539e-04 7.621000000000000170e-03 9.999710000000000543e-01 5.634599999999999609e-01 -8.261159999999999615e-01 6.714999999999999615e-03 8.261429999999999607e-01 5.634489999999999776e-01 -3.680999999999999810e-03
9.000000000000000000e+00 3.000000000000000000e+00 6.300000000000000000e+01 0.000000000000000000e+00 1.600000000000000089e+00 3.475999999999999923e-03 -7.066000000000000232e-03 9.999689999999999968e-01 -6.168209999999999527e-01 7.870660000000000434e-01 7.706000000000000176e-03 -7.870960000000000178e-01 -6.168289999999999607e-01 -1.623000000000000094e-03
1.200000000000000000e+01 3.000000000000000000e+00 6.300000000000000000e+01 0.000000000000000000e+00 1.600000000000000089e+00 9.909999999999999105e-04 -4.890000000000000249e-03 9.999869999999999592e-01 -6.177570000000000006e-01 7.863560000000000549e-01 4.457000000000000024e-03 -7.863679999999999559e-01 -6.177540000000000253e-01 -2.242000000000000069e-03
9.000000000000000000e+00 2.700000000000000000e+01 6.300000000000000000e+01 0.000000000000000000e+00 1.600000000000000089e+00 2.290000000000000098e-04 1.213000000000000102e-03 9.999989999999999712e-01 -2.828970000000000096e-01 9.591499999999999471e-01 -1.098999999999999934e-03 -9.591499999999999471e-01 -2.828970000000000096e-01 5.630000000000000239e-04
1.300000000000000000e+01 2.700000000000000000e+01 6.300000000000000000e+01 0.000000000000000000e+00 1.600000000000000089e+00 4.500000000000000283e-05 1.257000000000000088e-03 9.999989999999999712e-01 -2.836400000000000032e-01 9.589299999999999491e-01 -1.193000000000000050e-03 -9.589309999999999778e-01 -2.836400000000000032e-01 3.989999999999999949e-04
1.700000000000000000e+01 2.700000000000000000e+01 6.300000000000000000e+01 0.000000000000000000e+00 1.600000000000000089e+00 -2.849999999999999886e-04 4.565999999999999746e-03 9.999900000000000455e-01 -2.837120000000000197e-01 9.588989999999999458e-01 -4.460000000000000422e-03 -9.589100000000000401e-01 -2.837100000000000177e-01 1.021999999999999905e-03
2.200000000000000000e+01 2.700000000000000000e+01 6.300000000000000000e+01 0.000000000000000000e+00 1.600000000000000089e+00 -1.760999999999999979e-03 -2.920999999999999985e-03 9.999940000000000495e-01 -2.838890000000000025e-01 9.588550000000000129e-01 2.301000000000000094e-03 -9.588560000000000416e-01 -2.838829999999999965e-01 -2.517999999999999839e-03
2.900000000000000000e+01 2.700000000000000000e+01 6.300000000000000000e+01 0.000000000000000000e+00 1.600000000000000089e+00 -1.510000000000000112e-04 -4.372000000000000018e-03 9.999900000000000455e-01 -2.805889999999999773e-01 9.598189999999999777e-01 4.152999999999999574e-03 -9.598280000000000145e-01 -2.805849999999999733e-01 -1.371999999999999956e-03
6.000000000000000000e+00 2.600000000000000000e+01 6.400000000000000000e+01 0.000000000000000000e+00 1.600000000000000089e+00 2.300000000000000070e-04 2.210000000000000159e-03 9.999980000000000535e-01 -3.625619999999999954e-01 9.319570000000000354e-01 -1.975999999999999892e-03 -9.319600000000000106e-01 -3.625610000000000221e-01 1.015999999999999976e-03
1.300000000000000000e+01 2.600000000000000000e+01 6.400000000000000000e+01 0.000000000000000000e+00 1.600000000000000089e+00 1.820000000000000057e-04 1.562000000000000020e-03 9.999989999999999712e-01 -3.639490000000000225e-01 9.314179999999999682e-01 -1.387999999999999911e-03 -9.314189999999999969e-01 -3.639479999999999937e-01 7.380000000000000492e-04
1.700000000000000000e+01 2.600000000000000000e+01 6.400000000000000000e+01 0.000000000000000000e+00 1.600000000000000089e+00 -8.239999999999999712e-04 3.981000000000000164e-03 9.999919999999999920e-01 -3.649020000000000041e-01 9.310370000000000035e-01 -4.008000000000000278e-03 -9.310460000000000402e-01 -3.649020000000000041e-01 6.849999999999999535e-04
2.100000000000000000e+01 2.600000000000000000e+01 6.400000000000000000e+01 0.000000000000000000e+00 1.600000000000000089e+00 -2.455999999999999850e-03 -1.500000000000000031e-03 9.999959999999999960e-01 -3.669780000000000264e-01 9.302289999999999726e-01 4.939999999999999730e-04 -9.302259999999999973e-01 -3.669760000000000244e-01 -2.834999999999999847e-03
2.900000000000000000e+01 2.600000000000000000e+01 6.400000000000000000e+01 0.000000000000000000e+00 1.600000000000000089e+00 4.070000000000000267e-04 -4.793000000000000385e-03 9.999879999999999880e-01 -3.655379999999999741e-01 9.307849999999999735e-01 4.610000000000000382e-03 -9.307969999999999855e-01 -3.655349999999999988e-01 -1.373000000000000088e-03
1.500000000000000000e+01 6.900000000000000000e+01 6.600000000000000000e+01 0.000000000000000000e+00 1.600000000000000089e+00 -1.330000000000000019e-03 -9.859999999999998974e-04 9.999989999999999712e-01 -9.502059999999999951e-01 3.116209999999999813e-01 -9.569999999999999514e-04 -3.116200000000000081e-01 -9.502059999999999951e-01 -1.351999999999999903e-03
4.000000000000000000e+00 2.500000000000000000e+01 7.300000000000000000e+01 0.000000000000000000e+00 1.600000000000000089e+00 -1.402000000000000034e-03 -3.350000000000000113e-03 9.999930000000000208e-01 7.565220000000000278e-01 -6.539669999999999650e-01 -1.131000000000000061e-03 6.539669999999999650e-01 7.565159999999999663e-01 3.451000000000000074e-03
1.000000000000000000e+01 2.500000000000000000e+01 7.300000000000000000e+01 0.000000000000000000e+00 1.600000000000000089e+00 1.299999999999999886e-04 8.440000000000000236e-04 1.000000000000000000e+00 7.540540000000000020e-01 -6.568119999999999514e-01 4.560000000000000251e-04 6.568129999999999802e-01 7.540529999999999733e-01 -7.219999999999999855e-04
1.800000000000000000e+01 2.500000000000000000e+01 7.300000000000000000e+01 0.000000000000000000e+00 1.600000000000000089e+00 9.340000000000000429e-04 -1.108999999999999960e-03 9.999989999999999712e-01 7.532529999999999504e-01 -6.577290000000000081e-01 -1.433000000000000029e-03 6.577300000000000368e-01 7.532539999999999791e-01 2.210000000000000050e-04
2.500000000000000000e+01 2.500000000000000000e+01 7.300000000000000000e+01 0.000000000000000000e+00 1.600000000000000089e+00 3.110000000000000243e-04 4.342999999999999639e-03 9.999909999999999632e-01 7.543779999999999930e-01 -6.564349999999999907e-01 2.615999999999999836e-03 6.564400000000000235e-01 7.543699999999999850e-01 -3.480000000000000020e-03
7.000000000000000000e+00 4.400000000000000000e+01 7.300000000000000000e+01 0.000000000000000000e+00 1.600000000000000089e+00 4.989999999999999861e-04 2.066999999999999827e-03 9.999980000000000535e-01 5.022100000000000175e-02 -9.987359999999999571e-01 2.039000000000000014e-03 9.987380000000000146e-01 5.022000000000000075e-02 -6.019999999999999961e-04
1.100000000000000000e+01 4.400000000000000000e+01 7.300000000000000000e+01 0.000000000000000000e+00 1.600000000000000089e+00 3.820000000000000153e-04 -1.815999999999999906e-03 9.999980000000000535e-01 5.139200000000000018e-02 -9.986770000000000369e-01 -1.832999999999999994e-03 9.986789999999999834e-01 5.139300000000000118e-02 -2.880000000000000073e-04
1.800000000000000000e+01 4.400000000000000000e+01 7.300000000000000000e+01 0.000000000000000000e+00 1.600000000000000089e+00 -2.059999999999999928e-04 -1.858999999999999975e-03 9.999980000000000535e-01 5.252799999999999830e-02 -9.986180000000000057e-01 -1.845000000000000069e-03 9.986190000000000344e-01 5.252699999999999730e-02 3.040000000000000167e-04
2.500000000000000000e+01 4.400000000000000000e+01 7.300000000000000000e+01 0.000000000000000000e+00 1.600000000000000089e+00 1.098000000000000018e-03 2.423999999999999939e-03 9.999959999999999960e-01 5.165499999999999953e-02 -9.986620000000000497e-01 2.364000000000000216e-03 9.986639999999999961e-01 5.165200000000000347e-02 -1.221999999999999996e-03
2.900000000000000000e+01 4.400000000000000000e+01 7.300000000000000000e+01 0.000000000000000000e+00 1.600000000000000089e+00 1.364999999999999894e-03 1.515999999999999986e-03 9.999980000000000535e-01 5.145199999999999774e-02 -9.986739999999999506e-01 1.443999999999999971e-03 9.986749999999999794e-01 5.144900000000000168e-02 -1.441999999999999922e-03
2.800000000000000000e+01 9.900000000000000000e+01 7.500000000000000000e+01 0.000000000000000000e+00 1.600000000000000089e+00 -1.286999999999999950e-03 4.199999999999999768e-05 -9.999989999999999712e-01 -8.860339999999999883e-01 4.636190000000000033e-01 1.160000000000000007e-03 4.636190000000000033e-01 8.860350000000000170e-01 -5.590000000000000351e-04
3.000000000000000000e+00 5.100000000000000000e+01 7.600000000000000000e+01 0.000000000000000000e+00 1.600000000000000089e+00 7.699999999999999597e-04 -7.360000000000000006e-04 -9.999989999999999712e-01 -4.118280000000000274e-01 -9.112609999999999877e-01 3.539999999999999853e-04 -9.112609999999999877e-01 4.118280000000000274e-01 -1.005000000000000034e-03
6.000000000000000000e+00 9.100000000000000000e+01 7.600000000000000000e+01 0.000000000000000000e+00 1.600000000000000089e+00 -2.034999999999999917e-03 -8.769999999999999584e-04 9.999980000000000535e-01 3.188759999999999928e-01 -9.477970000000000006e-01 -1.830000000000000029e-04 9.477940000000000254e-01 3.188739999999999908e-01 2.209000000000000026e-03
