1.600000000000000000e+01 6.000000000000000000e+00 4.000000000000000000e+00 0.000000000000000000e+00 1.600000000000000089e+00 -1.227570000000000050e-01 -9.941500000000000337e-02 -9.874450000000000172e-01 -8.549949999999999495e-01 -4.945910000000000029e-01 1.560860000000000025e-01 -5.038989999999999858e-01 8.634209999999999940e-01 -2.428500000000000103e-02
2.300000000000000000e+01 1.500000000000000000e+01 4.000000000000000000e+00 0.000000000000000000e+00 1.600000000000000089e+00 -4.110000000000000155e-04 -2.428800000000000056e-02 9.997049999999999548e-01 3.162829999999999808e-01 -9.483880000000000088e-01 -2.291199999999999834e-02 9.486649999999999805e-01 3.161800000000000166e-01 8.071999999999999315e-03
2.600000000000000000e+01 1.600000000000000000e+01 4.000000000000000000e+00 0.000000000000000000e+00 1.600000000000000089e+00 -6.260000000000000373e-04 -5.211000000000000354e-03 9.999860000000000415e-01 3.828190000000000204e-01 -9.238119999999999665e-01 -4.575000000000000074e-03 9.238229999999999498e-01 3.828110000000000124e-01 2.573000000000000200e-03
9.000000000000000000e+00 1.300000000000000000e+01 5.000000000000000000e+00 0.000000000000000000e+00 1.600000000000000089e+00 1.937399999999999886e-02 -1.091499999999999970e-01 9.938360000000000527e-01 3.674319999999999808e-01 -9.236870000000000358e-01 -1.086089999999999972e-01 9.298490000000000366e-01 3.672710000000000141e-01 2.221000000000000058e-02
8.000000000000000000e+00 1.000000000000000000e+00 6.000000000000000000e+00 0.000000000000000000e+00 1.600000000000000089e+00 2.048600000000000074e-02 -1.250680000000000125e-01 -9.919369999999999576e-01 -1.762829999999999953e-01 -9.770529999999999493e-01 1.195510000000000045e-01 -9.841259999999999453e-01 1.724130000000000107e-01 -4.206300000000000316e-02
8.000000000000000000e+00 1.010000000000000000e+02 7.000000000000000000e+00 0.000000000000000000e+00 1.600000000000000089e+00 1.681999999999999901e-03 -1.781399999999999997e-02 9.998399999999999510e-01 8.861769999999999925e-01 4.632979999999999876e-01 6.764000000000000047e-03 -4.633439999999999781e-01 8.860230000000000050e-01 1.656600000000000086e-02
2.200000000000000000e+01 1.010000000000000000e+02 7.000000000000000000e+00 0.000000000000000000e+00 1.600000000000000089e+00 -2.631000000000000092e-03 -7.938000000000000611e-03 9.999649999999999928e-01 8.862349999999999950e-01 4.631970000000000254e-01 6.008999999999999585e-03 -4.632279999999999731e-01 8.862200000000000077e-01 5.815999999999999989e-03
3.000000000000000000e+00 2.500000000000000000e+01 8.000000000000000000e+00 0.000000000000000000e+00 1.600000000000000089e+00 1.394000000000000057e-03 2.795999999999999874e-03 -9.999949999999999672e-01 4.400830000000000020e-01 8.979519999999999724e-01 3.124000000000000041e-03 8.979559999999999764e-01 -4.400850000000000040e-01 2.199999999999999943e-05
6.000000000000000000e+00 2.500000000000000000e+01 8.000000000000000000e+00 0.000000000000000000e+00 1.600000000000000089e+00 1.183999999999999940e-03 4.396999999999999867e-03 -9.999900000000000455e-01 4.397249999999999770e-01 8.981209999999999471e-01 4.470000000000000015e-03 8.981310000000000127e-01 -4.397260000000000058e-01 -8.700000000000000051e-04
1.200000000000000000e+01 2.500000000000000000e+01 8.000000000000000000e+00 0.000000000000000000e+00 1.600000000000000089e+00 1.222999999999999912e-03 4.605999999999999851e-03 -9.999890000000000168e-01 4.393699999999999828e-01 8.982940000000000369e-01 4.675000000000000336e-03 8.983050000000000201e-01 -4.393710000000000115e-01 -9.250000000000000409e-04
1.700000000000000000e+01 2.500000000000000000e+01 8.000000000000000000e+00 0.000000000000000000e+00 1.600000000000000089e+00 6.740000000000000114e-04 -4.422999999999999848e-03 -9.999900000000000455e-01 4.407969999999999944e-01 8.975990000000000357e-01 -3.673000000000000050e-03 8.976060000000000150e-01 -4.407900000000000151e-01 2.553999999999999847e-03
2.300000000000000000e+01 2.500000000000000000e+01 8.000000000000000000e+00 0.000000000000000000e+00 1.600000000000000089e+00 -2.116999999999999958e-03 -1.474999999999999966e-03 -9.999970000000000248e-01 4.406479999999999841e-01 8.976769999999999472e-01 -2.256999999999999892e-03 8.976769999999999472e-01 -4.406519999999999881e-01 -1.250000000000000026e-03
2.000000000000000000e+00 2.400000000000000000e+01 9.000000000000000000e+00 0.000000000000000000e+00 1.600000000000000089e+00 1.074000000000000085e-03 2.366000000000000048e-03 -9.999970000000000248e-01 4.474549999999999916e-01 8.943029999999999591e-01 2.596999999999999916e-03 8.943060000000000453e-01 -4.474560000000000204e-01 -9.799999999999999684e-05
7.000000000000000000e+00 2.400000000000000000e+01 9.000000000000000000e+00 0.000000000000000000e+00 1.600000000000000089e+00 8.459999999999999638e-04 5.414000000000000409e-03 -9.999850000000000128e-01 4.463679999999999870e-01 8.948340000000000183e-01 5.222000000000000079e-03 8.948490000000000055e-01 -4.463659999999999850e-01 -1.659000000000000101e-03
1.300000000000000000e+01 2.400000000000000000e+01 9.000000000000000000e+00 0.000000000000000000e+00 1.600000000000000089e+00 9.229999999999999923e-04 3.418000000000000031e-03 -9.999940000000000495e-01 4.460950000000000193e-01 8.949789999999999690e-01 3.469999999999999994e-03 8.949850000000000305e-01 -4.460950000000000193e-01 -6.989999999999999686e-04
2.300000000000000000e+01 2.400000000000000000e+01 9.000000000000000000e+00 0.000000000000000000e+00 1.600000000000000089e+00 -1.492999999999999969e-03 -2.720000000000000195e-03 -9.999949999999999672e-01 4.458980000000000166e-01 8.950789999999999580e-01 -3.099999999999999891e-03 8.950829999999999620e-01 -4.459000000000000186e-01 -1.230000000000000082e-04
9.000000000000000000e+00 3.200000000000000000e+01 1.400000000000000000e+01 0.000000000000000000e+00 1.600000000000000089e+00 -1.329000000000000103e-03 -4.120999999999999663e-03 -9.999909999999999632e-01 1.263340000000000019e-01 9.919790000000000552e-01 -4.256000000000000234e-03 9.919869999999999521e-01 -1.263380000000000059e-01 -7.979999999999999897e-04
2.000000000000000000e+01 3.200000000000000000e+01 1.400000000000000000e+01 0.000000000000000000e+00 1.600000000000000089e+00 -1.090000000000000067e-04 1.889999999999999970e-03 -9.999980000000000535e-01 1.160719999999999946e-01 9.932389999999999830e-01 1.864999999999999904e-03 9.932410000000000405e-01 -1.160709999999999936e-01 -3.280000000000000038e-04
2.400000000000000000e+01 3.200000000000000000e+01 1.400000000000000000e+01 0.000000000000000000e+00 1.600000000000000089e+00 -3.150000000000000131e-04 1.327999999999999970e-03 -9.999989999999999712e-01 1.170220000000000010e-01 9.931280000000000108e-01 1.281999999999999936e-03 9.931290000000000395e-01 -1.170220000000000010e-01 -4.679999999999999915e-04
6.000000000000000000e+00 1.200000000000000000e+01 1.500000000000000000e+01 0.000000000000000000e+00 1.600000000000000089e+00 1.110000000000000049e-02 1.650799999999999837e-02 -9.998019999999999685e-01 -4.023939999999999739e-01 -9.152569999999999872e-01 -1.958000000000000018e-02 -9.153989999999999627e-01 4.025320000000000009e-01 -3.517000000000000161e-03
1.300000000000000000e+01 1.200000000000000000e+01 1.500000000000000000e+01 0.000000000000000000e+00 1.600000000000000089e+00 1.866999999999999953e-03 -4.279999999999999950e-03 -9.999890000000000168e-01 -4.336849999999999872e-01 -9.010590000000000543e-01 3.046000000000000096e-03 -9.010629999999999473e-01 4.336749999999999772e-01 -3.539000000000000045e-03
1.700000000000000000e+01 1.200000000000000000e+01 1.500000000000000000e+01 0.000000000000000000e+00 1.600000000000000089e+00 3.665999999999999988e-03 -3.235000000000000028e-03 -9.999879999999999880e-01 -4.461370000000000058e-01 -8.949639999999999818e-01 1.260000000000000052e-03 -8.949570000000000025e-01 4.461269999999999958e-01 -4.725000000000000033e-03
2.700000000000000000e+01 1.200000000000000000e+01 1.500000000000000000e+01 0.000000000000000000e+00 1.600000000000000089e+00 -6.700000000000000226e-05 -3.000000000000000062e-03 -9.999949999999999672e-01 -4.597499999999999920e-01 -8.880439999999999445e-01 2.694999999999999913e-03 -8.880479999999999485e-01 4.597479999999999900e-01 -1.319000000000000077e-03
4.000000000000000000e+00 1.160000000000000000e+02 1.600000000000000000e+01 0.000000000000000000e+00 1.600000000000000089e+00 8.149999999999999693e-04 1.856999999999999927e-03 9.999980000000000535e-01 7.083300000000000152e-01 7.058790000000000342e-01 -1.887999999999999921e-03 -7.058809999999999807e-01 7.083300000000000152e-01 -7.399999999999999894e-04
2.600000000000000000e+01 1.160000000000000000e+02 1.600000000000000000e+01 0.000000000000000000e+00 1.600000000000000089e+00 2.210000000000000050e-04 4.369999999999999970e-04 1.000000000000000000e+00 7.128919999999999702e-01 7.012730000000000352e-01 -4.640000000000000027e-04 -7.012730000000000352e-01 7.128919999999999702e-01 -1.559999999999999972e-04
5.000000000000000000e+00 2.000000000000000000e+00 1.900000000000000000e+01 0.000000000000000000e+00 1.600000000000000089e+00 -2.984999999999999806e-03 -6.907900000000000151e-02 -9.976070000000000215e-01 3.394699999999999940e-01 -9.384390000000000231e-01 6.396599999999999508e-02 -9.406120000000000037e-01 -3.384659999999999891e-01 2.625100000000000003e-02
1.000000000000000000e+01 2.000000000000000000e+00 1.900000000000000000e+01 0.000000000000000000e+00 1.600000000000000089e+00 -2.806200000000000014e-02 -6.825299999999999423e-02 -9.972729999999999650e-01 3.122329999999999828e-01 -9.483460000000000223e-01 5.611900000000000222e-02 -9.495909999999999629e-01 -3.098069999999999991e-01 4.792400000000000132e-02
1.300000000000000000e+01 2.000000000000000000e+00 1.900000000000000000e+01 0.000000000000000000e+00 1.600000000000000089e+00 -3.800300000000000206e-02 -6.872999999999999943e-02 -9.969109999999999916e-01 2.884869999999999934e-01 -9.559079999999999799e-01 5.490500000000000241e-02 -9.567290000000000516e-01 -2.855090000000000128e-01 5.615499999999999658e-02
1.800000000000000000e+01 2.000000000000000000e+00 1.900000000000000000e+01 0.000000000000000000e+00 1.600000000000000089e+00 -3.869600000000000123e-02 -6.787100000000000077e-02 -9.969430000000000236e-01 2.351850000000000052e-01 -9.702819999999999778e-01 5.692799999999999944e-02 -9.711800000000000432e-01 -2.322629999999999972e-01 5.350800000000000001e-02
2.200000000000000000e+01 2.000000000000000000e+00 1.900000000000000000e+01 0.000000000000000000e+00 1.600000000000000089e+00 -2.623999999999999944e-02 -6.005699999999999927e-02 -9.978500000000000147e-01 2.064090000000000091e-01 -9.770090000000000163e-01 5.337499999999999883e-02 -9.781140000000000390e-01 -2.045639999999999958e-01 3.803299999999999736e-02
4.000000000000000000e+00 3.000000000000000000e+00 1.900000000000000000e+01 0.000000000000000000e+00 1.600000000000000089e+00 -4.599999999999999922e-03 -5.529099999999999987e-02 -9.984600000000000142e-01 3.192570000000000130e-01 -9.462979999999999725e-01 5.093199999999999811e-02 -9.476569999999999716e-01 -3.185310000000000086e-01 2.200600000000000125e-02
9.000000000000000000e+00 3.000000000000000000e+00 1.900000000000000000e+01 0.000000000000000000e+00 1.600000000000000089e+00 -2.763399999999999884e-02 -6.737899999999999445e-02 -9.973450000000000371e-01 3.022699999999999831e-01 -9.515810000000000102e-01 5.591200000000000336e-02 -9.528219999999999468e-01 -2.999220000000000219e-01 4.666300000000000309e-02
5.000000000000000000e+00 4.000000000000000000e+00 2.000000000000000000e+01 0.000000000000000000e+00 1.600000000000000089e+00 -4.190000000000000148e-03 -3.387500000000000233e-02 -9.994169999999999998e-01 3.361330000000000151e-01 -9.413200000000000456e-01 3.049699999999999980e-02 -9.418050000000000033e-01 -3.358099999999999974e-01 1.533099999999999914e-02
2.000000000000000000e+00 1.300000000000000000e+01 2.000000000000000000e+01 0.000000000000000000e+00 1.600000000000000089e+00 -1.712999999999999896e-03 -2.942000000000000171e-03 9.999940000000000495e-01 2.629960000000000075e-01 9.647909999999999542e-01 3.288999999999999823e-03 -9.647949999999999582e-01 2.630000000000000115e-01 -8.790000000000000070e-04
7.000000000000000000e+00 1.300000000000000000e+01 2.000000000000000000e+01 0.000000000000000000e+00 1.600000000000000089e+00 -1.100000000000000039e-04 -3.073999999999999910e-03 9.999949999999999672e-01 2.646870000000000056e-01 9.643300000000000205e-01 2.994000000000000133e-03 -9.643340000000000245e-01 2.646859999999999769e-01 7.069999999999999462e-04
1.200000000000000000e+01 1.300000000000000000e+01 2.000000000000000000e+01 0.000000000000000000e+00 1.600000000000000089e+00 7.140000000000000079e-04 2.844999999999999873e-03 9.999959999999999960e-01 2.642050000000000232e-01 9.644620000000000415e-01 -2.932999999999999843e-03 -9.644660000000000455e-01 2.642059999999999964e-01 -6.299999999999999990e-05
1.500000000000000000e+01 1.300000000000000000e+01 2.000000000000000000e+01 0.000000000000000000e+00 1.600000000000000089e+00 3.739999999999999835e-04 -4.389999999999999914e-04 1.000000000000000000e+00 2.629830000000000223e-01 9.647999999999999909e-01 3.249999999999999851e-04 -9.647999999999999909e-01 2.629830000000000223e-01 4.760000000000000234e-04
1.900000000000000000e+01 1.300000000000000000e+01 2.000000000000000000e+01 0.000000000000000000e+00 1.600000000000000089e+00 -1.230000000000000082e-04 -4.807999999999999774e-03 9.999879999999999880e-01 2.646899999999999809e-01 9.643220000000000125e-01 4.669000000000000407e-03 -9.643340000000000245e-01 2.646870000000000056e-01 1.154000000000000078e-03
2.400000000000000000e+01 1.300000000000000000e+01 2.000000000000000000e+01 0.000000000000000000e+00 1.600000000000000089e+00 -8.899999999999999491e-05 3.289999999999999739e-04 1.000000000000000000e+00 2.650540000000000118e-01 9.642330000000000068e-01 -2.930000000000000204e-04 -9.642340000000000355e-01 2.650540000000000118e-01 -1.730000000000000038e-04
1.000000000000000000e+00 3.000000000000000000e+00 2.500000000000000000e+01 0.000000000000000000e+00 1.600000000000000089e+00 -8.791000000000000203e-03 1.380400000000000030e-02 9.998660000000000325e-01 -4.712000000000000216e-02 -9.988000000000000211e-01 1.337499999999999974e-02 9.988510000000000444e-01 -4.699600000000000305e-02 9.431000000000000147e-03
1.600000000000000000e+01 3.000000000000000000e+00 2.500000000000000000e+01 0.000000000000000000e+00 1.600000000000000089e+00 1.484000000000000076e-03 6.930000000000000396e-04 9.999989999999999712e-01 -4.024599999999999705e-02 -9.991889999999999938e-01 7.519999999999999558e-04 9.991889999999999938e-01 -4.024699999999999805e-02 -1.454999999999999913e-03
2.400000000000000000e+01 3.000000000000000000e+00 2.500000000000000000e+01 0.000000000000000000e+00 1.600000000000000089e+00 -2.000000000000000042e-03 -8.122000000000000747e-03 9.999649999999999928e-01 -4.015200000000000019e-02 -9.991600000000000481e-01 -8.196000000000000160e-03 9.991919999999999691e-01 -4.016700000000000131e-02 1.672000000000000092e-03
1.100000000000000000e+01 4.600000000000000000e+01 2.700000000000000000e+01 0.000000000000000000e+00 1.600000000000000089e+00 -4.889999999999999599e-04 2.207000000000000194e-03 -9.999970000000000248e-01 6.779669999999999863e-01 7.350919999999999677e-01 1.291000000000000047e-03 7.350929999999999964e-01 -6.779640000000000111e-01 -1.856000000000000011e-03
2.300000000000000000e+01 4.600000000000000000e+01 2.700000000000000000e+01 0.000000000000000000e+00 1.600000000000000089e+00 -1.994000000000000113e-03 -8.580000000000000387e-04 -9.999980000000000535e-01 6.774540000000000006e-01 7.355620000000000491e-01 -1.981999999999999821e-03 7.355620000000000491e-01 -6.774559999999999471e-01 -8.850000000000000444e-04
3.000000000000000000e+01 4.600000000000000000e+01 2.700000000000000000e+01 0.000000000000000000e+00 1.600000000000000089e+00 -3.256999999999999913e-03 2.590000000000000071e-04 -9.999949999999999672e-01 6.711230000000000251e-01 7.413429999999999742e-01 -1.994000000000000113e-03 7.413389999999999702e-01 -6.711260000000000003e-01 -2.589000000000000155e-03
1.300000000000000000e+01 4.600000000000000000e+01 3.000000000000000000e+01 0.000000000000000000e+00 1.600000000000000089e+00 -2.860000000000000129e-04 2.157000000000000063e-03 -9.999980000000000535e-01 3.314199999999999924e-01 9.434820000000000428e-01 1.941000000000000017e-03 9.434829999999999606e-01 -3.314179999999999904e-01 -9.849999999999999815e-04
4.000000000000000000e+00 5.800000000000000000e+01 3.100000000000000000e+01 0.000000000000000000e+00 1.600000000000000089e+00 4.486999999999999669e-03 4.582000000000000135e-03 9.999789999999999512e-01 -8.077839999999999465e-01 -5.894439999999999680e-01 6.324999999999999893e-03 5.894610000000000127e-01 -8.077959999999999585e-01 1.056999999999999997e-03
1.100000000000000000e+01 5.800000000000000000e+01 3.100000000000000000e+01 0.000000000000000000e+00 1.600000000000000089e+00 -2.027999999999999855e-03 -4.793000000000000385e-03 9.999860000000000415e-01 -8.146050000000000235e-01 -5.799990000000000423e-01 -4.432000000000000176e-03 5.800130000000000008e-01 -8.146029999999999660e-01 -2.727999999999999956e-03
1.600000000000000000e+01 5.800000000000000000e+01 3.100000000000000000e+01 0.000000000000000000e+00 1.600000000000000089e+00 2.347999999999999827e-03 1.033000000000000064e-03 9.999970000000000248e-01 -8.149290000000000145e-01 -5.795550000000000423e-01 2.511999999999999910e-03 5.795559999999999601e-01 -8.149330000000000185e-01 -5.180000000000000143e-04
2.000000000000000000e+01 5.800000000000000000e+01 3.100000000000000000e+01 0.000000000000000000e+00 1.600000000000000089e+00 -1.129000000000000012e-03 -3.040000000000000167e-03 9.999949999999999672e-01 -8.153559999999999697e-01 -5.789539999999999687e-01 -2.680999999999999790e-03 5.789590000000000014e-01 -8.153550000000000519e-01 -1.825000000000000016e-03
2.700000000000000000e+01 5.800000000000000000e+01 3.100000000000000000e+01 0.000000000000000000e+00 1.600000000000000089e+00 3.723999999999999880e-03 4.100999999999999611e-03 9.999850000000000128e-01 -8.123970000000000358e-01 -5.830790000000000139e-01 5.416999999999999940e-03 5.830920000000000547e-01 -8.124050000000000438e-01 1.160000000000000007e-03
1.000000000000000000e+00 4.600000000000000000e+01 3.500000000000000000e+01 0.000000000000000000e+00 1.600000000000000089e+00 3.040000000000000167e-04 -8.840000000000000201e-04 -1.000000000000000000e+00 3.904869999999999730e-01 -9.206079999999999819e-01 9.330000000000000186e-04 -9.206079999999999819e-01 -3.904869999999999730e-01 6.499999999999999431e-05
9.000000000000000000e+00 4.600000000000000000e+01 3.500000000000000000e+01 0.000000000000000000e+00 1.600000000000000089e+00 -6.710000000000000469e-04 -9.899999999999999404e-05 -1.000000000000000000e+00 3.912109999999999754e-01 -9.203010000000000357e-01 -1.720000000000000066e-04 -9.203010000000000357e-01 -3.912109999999999754e-01 6.560000000000000076e-04
1.300000000000000000e+01 4.600000000000000000e+01 3.500000000000000000e+01 0.000000000000000000e+00 1.600000000000000089e+00 6.679999999999999740e-04 5.066000000000000190e-03 -9.999869999999999592e-01 3.906789999999999985e-01 -9.205160000000000009e-01 -4.401999999999999663e-03 -9.205269999999999841e-01 -3.906709999999999905e-01 -2.593999999999999952e-03
2.100000000000000000e+01 4.600000000000000000e+01 3.500000000000000000e+01 0.000000000000000000e+00 1.600000000000000089e+00 -1.389999999999999905e-04 -1.820000000000000057e-04 -1.000000000000000000e+00 3.926959999999999895e-01 -9.196680000000000410e-01 1.129999999999999955e-04 -9.196680000000000410e-01 -3.926959999999999895e-01 1.990000000000000124e-04
2.700000000000000000e+01 4.600000000000000000e+01 3.500000000000000000e+01 0.000000000000000000e+00 1.600000000000000089e+00 -6.329999999999999906e-04 7.990000000000000140e-04 -1.000000000000000000e+00 3.918960000000000221e-01 -9.200089999999999657e-01 -9.829999999999999329e-04 -9.200089999999999657e-01 -3.918960000000000221e-01 2.700000000000000035e-04
6.000000000000000000e+00 9.500000000000000000e+01 3.600000000000000000e+01 0.000000000000000000e+00 1.600000000000000089e+00 2.359999999999999902e-04 6.261000000000000072e-03 9.999799999999999800e-01 9.967289999999999761e-01 8.080900000000000583e-02 -7.410000000000000137e-04 -8.081199999999999495e-02 9.967099999999999849e-01 -6.222000000000000100e-03
9.000000000000000000e+00 9.500000000000000000e+01 3.600000000000000000e+01 0.000000000000000000e+00 1.600000000000000089e+00 -2.799999999999999958e-05 -8.519000000000000530e-03 9.999639999999999640e-01 9.967249999999999721e-01 8.086699999999999444e-02 7.169999999999999724e-04 -8.087099999999999844e-02 9.966880000000000184e-01 8.488000000000000753e-03
1.700000000000000000e+01 9.500000000000000000e+01 3.600000000000000000e+01 0.000000000000000000e+00 1.600000000000000089e+00 -3.370000000000000166e-03 -1.960999999999999896e-02 9.998019999999999685e-01 9.967380000000000129e-01 8.055800000000000460e-02 4.938999999999999814e-03 -8.063900000000000234e-02 9.965570000000000261e-01 1.927399999999999947e-02
2.700000000000000000e+01 9.500000000000000000e+01 3.600000000000000000e+01 0.000000000000000000e+00 1.600000000000000089e+00 5.930000000000000375e-03 2.545999999999999999e-02 9.996580000000000465e-01 9.968089999999999451e-01 7.942899999999999960e-02 -7.936000000000000346e-03 -7.960399999999999421e-02 9.965150000000000396e-01 -2.490699999999999859e-02
1.200000000000000000e+01 3.000000000000000000e+00 4.300000000000000000e+01 0.000000000000000000e+00 1.600000000000000089e+00 -1.580000000000000024e-03 -1.991999999999999847e-03 -9.999970000000000248e-01 7.372159999999999824e-01 -6.756569999999999521e-01 1.810000000000000085e-04 -6.756550000000000056e-01 -7.372130000000000072e-01 2.536000000000000060e-03
2.300000000000000000e+01 3.000000000000000000e+00 4.300000000000000000e+01 0.000000000000000000e+00 1.600000000000000089e+00 4.274000000000000021e-03 7.700000000000000139e-05 -9.999909999999999632e-01 7.285409999999999942e-01 -6.849950000000000205e-01 3.059999999999999786e-03 -6.849880000000000413e-01 -7.285479999999999734e-01 -2.984000000000000107e-03
2.600000000000000000e+01 3.000000000000000000e+00 4.300000000000000000e+01 0.000000000000000000e+00 1.600000000000000089e+00 2.442000000000000160e-03 -1.258300000000000043e-02 -9.999179999999999735e-01 7.321839999999999460e-01 -6.810279999999999667e-01 1.035900000000000015e-02 -6.811019999999999852e-01 -7.321490000000000498e-01 7.550000000000000287e-03
2.000000000000000000e+00 2.900000000000000000e+01 4.400000000000000000e+01 0.000000000000000000e+00 1.600000000000000089e+00 -1.435000000000000078e-03 5.376999999999999835e-03 -9.999850000000000128e-01 6.637659999999999672e-01 7.479339999999999877e-01 3.069000000000000113e-03 7.479390000000000205e-01 -6.637520000000000087e-01 -4.642000000000000293e-03
2.600000000000000000e+01 2.900000000000000000e+01 4.400000000000000000e+01 0.000000000000000000e+00 1.600000000000000089e+00 -3.884999999999999998e-03 -2.775999999999999822e-03 -9.999890000000000168e-01 6.788009999999999877e-01 7.343079999999999607e-01 -4.675999999999999601e-03 7.343119999999999647e-01 -6.788110000000000532e-01 -9.690000000000000262e-04
8.000000000000000000e+00 5.400000000000000000e+01 4.600000000000000000e+01 0.000000000000000000e+00 1.600000000000000089e+00 4.479999999999999933e-04 3.184999999999999897e-03 9.999949999999999672e-01 2.896599999999999731e-01 -9.571250000000000036e-01 2.919000000000000154e-03 9.571290000000000076e-01 2.896569999999999978e-01 -1.350999999999999987e-03
5.000000000000000000e+00 5.000000000000000000e+00 5.100000000000000000e+01 0.000000000000000000e+00 1.600000000000000089e+00 -2.691999999999999948e-03 3.053999999999999857e-03 -9.999919999999999920e-01 4.826380000000000114e-01 -8.758110000000000062e-01 -3.974000000000000102e-03 -8.758160000000000389e-01 -4.826440000000000174e-01 8.840000000000000201e-04
1.100000000000000000e+01 5.000000000000000000e+00 5.100000000000000000e+01 0.000000000000000000e+00 1.600000000000000089e+00 1.240999999999999916e-03 1.968999999999999830e-03 -9.999970000000000248e-01 4.905180000000000096e-01 -8.714309999999999556e-01 -1.106999999999999911e-03 -8.714300000000000379e-01 -4.905149999999999788e-01 -2.047999999999999907e-03
2.900000000000000000e+01 5.000000000000000000e+00 5.100000000000000000e+01 0.000000000000000000e+00 1.600000000000000089e+00 7.812000000000000367e-03 -1.072900000000000069e-02 -9.999120000000000230e-01 4.811360000000000081e-01 -8.765469999999999651e-01 1.316400000000000035e-02 -8.766110000000000291e-01 -4.811969999999999859e-01 -1.685999999999999999e-03
9.000000000000000000e+00 6.300000000000000000e+01 5.400000000000000000e+01 0.000000000000000000e+00 1.600000000000000089e+00 -1.283999999999999985e-03 -3.157000000000000084e-03 9.999940000000000495e-01 -3.534649999999999737e-01 9.354440000000000532e-01 2.500000000000000052e-03 -9.354470000000000285e-01 -3.534599999999999964e-01 -2.317000000000000049e-03
1.300000000000000000e+01 6.300000000000000000e+01 5.400000000000000000e+01 0.000000000000000000e+00 1.600000000000000089e+00 -1.649999999999999991e-04 -5.619999999999999996e-04 1.000000000000000000e+00 -3.473990000000000133e-01 9.377170000000000227e-01 4.699999999999999859e-04 -9.377170000000000227e-01 -3.473990000000000133e-01 -3.499999999999999964e-04
2.000000000000000000e+01 6.300000000000000000e+01 5.400000000000000000e+01 0.000000000000000000e+00 1.600000000000000089e+00 6.250000000000000130e-04 7.680000000000000195e-04 1.000000000000000000e+00 -3.477450000000000263e-01 9.375890000000000057e-01 -5.029999999999999749e-04 -9.375890000000000057e-01 -3.477450000000000263e-01 8.540000000000000499e-04
2.000000000000000000e+00 2.500000000000000000e+01 5.500000000000000000e+01 0.000000000000000000e+00 1.600000000000000089e+00 -3.570000000000000040e-04 5.131000000000000144e-03 -9.999869999999999592e-01 -1.481400000000000078e-02 -9.998770000000000158e-01 -5.125000000000000215e-03 -9.998899999999999455e-01 1.481099999999999951e-02 4.330000000000000081e-04
7.000000000000000000e+00 2.500000000000000000e+01 5.500000000000000000e+01 0.000000000000000000e+00 1.600000000000000089e+00 -1.160000000000000007e-03 3.766999999999999949e-03 -9.999919999999999920e-01 -1.377899999999999958e-02 -9.998979999999999535e-01 -3.749999999999999861e-03 -9.999040000000000150e-01 1.377399999999999979e-02 1.211999999999999970e-03
1.500000000000000000e+01 2.500000000000000000e+01 5.500000000000000000e+01 0.000000000000000000e+00 1.600000000000000089e+00 4.350000000000000026e-04 -2.713000000000000134e-03 -9.999959999999999960e-01 -1.400500000000000009e-02 -9.998979999999999535e-01 2.706000000000000072e-03 -9.999019999999999575e-01 1.400400000000000082e-02 -4.730000000000000046e-04
1.900000000000000000e+01 2.500000000000000000e+01 5.500000000000000000e+01 0.000000000000000000e+00 1.600000000000000089e+00 -5.940000000000000184e-04 2.115000000000000126e-03 -9.999980000000000535e-01 -1.271500000000000061e-02 -9.999169999999999447e-01 -2.106999999999999932e-03 -9.999190000000000023e-01 1.271399999999999961e-02 6.210000000000000242e-04
2.600000000000000000e+01 2.500000000000000000e+01 5.500000000000000000e+01 0.000000000000000000e+00 1.600000000000000089e+00 2.669999999999999847e-04 2.371999999999999977e-03 -9.999970000000000248e-01 -1.012900000000000085e-02 -9.999460000000000015e-01 -2.374999999999999941e-03 -9.999489999999999768e-01 1.013000000000000012e-02 -2.429999999999999977e-04
4.000000000000000000e+00 2.100000000000000000e+01 6.000000000000000000e+01 0.000000000000000000e+00 1.600000000000000089e+00 3.935000000000000130e-03 -1.889000000000000054e-02 9.998139999999999805e-01 -1.013229999999999964e-01 9.946679999999999966e-01 1.919200000000000073e-02 -9.948460000000000081e-01 -1.013799999999999979e-01 2.000000000000000042e-03
1.000000000000000000e+01 2.100000000000000000e+01 6.000000000000000000e+01 0.000000000000000000e+00 1.600000000000000089e+00 -2.211999999999999991e-03 2.073999999999999889e-03 9.999949999999999672e-01 -9.581900000000000139e-02 9.953959999999999475e-01 -2.275999999999999811e-03 -9.953959999999999475e-01 -9.582400000000000639e-02 -2.003000000000000006e-03
1.700000000000000000e+01 6.000000000000000000e+00 6.100000000000000000e+01 0.000000000000000000e+00 1.600000000000000089e+00 -6.819999999999999890e-04 1.111999999999999924e-03 9.999989999999999712e-01 5.665799999999999725e-01 -8.240049999999999875e-01 1.302999999999999905e-03 8.240060000000000162e-01 5.665810000000000013e-01 -6.799999999999999946e-05
8.000000000000000000e+00 2.700000000000000000e+01 6.300000000000000000e+01 0.000000000000000000e+00 1.600000000000000089e+00 4.435999999999999839e-03 8.073000000000000315e-03 9.999580000000000135e-01 -2.732319999999999749e-01 9.619259999999999478e-01 -6.553999999999999930e-03 -9.619379999999999598e-01 -2.731910000000000172e-01 6.472999999999999587e-03
1.700000000000000000e+01 2.700000000000000000e+01 6.300000000000000000e+01 0.000000000000000000e+00 1.600000000000000089e+00 -3.625999999999999883e-03 -8.207000000000000753e-03 9.999599999999999600e-01 -2.730210000000000137e-01 9.619830000000000325e-01 6.904999999999999680e-03 -9.620009999999999950e-01 -2.729849999999999777e-01 -5.728999999999999718e-03
2.500000000000000000e+01 2.700000000000000000e+01 6.300000000000000000e+01 0.000000000000000000e+00 1.600000000000000089e+00 4.310000000000000137e-04 -3.549000000000000071e-03 9.999940000000000495e-01 -2.717220000000000191e-01 9.623690000000000300e-01 3.531999999999999983e-03 -9.623760000000000092e-01 -2.717220000000000191e-01 -5.490000000000000088e-04
2.900000000000000000e+01 2.700000000000000000e+01 6.300000000000000000e+01 0.000000000000000000e+00 1.600000000000000089e+00 -1.196999999999999930e-03 -5.000000000000000104e-04 9.999989999999999712e-01 -2.731459999999999999e-01 9.619729999999999670e-01 1.540000000000000028e-04 -9.619720000000000493e-01 -2.731450000000000267e-01 -1.288000000000000082e-03
4.000000000000000000e+00 2.600000000000000000e+01 6.400000000000000000e+01 0.000000000000000000e+00 1.600000000000000089e+00 3.892000000000000060e-03 5.926999999999999977e-03 9.999749999999999472e-01 -3.562850000000000183e-01 9.343679999999999763e-01 -4.152000000000000308e-03 -9.343690000000000051e-01 -3.562600000000000211e-01 5.747999999999999637e-03
1.000000000000000000e+01 2.600000000000000000e+01 6.400000000000000000e+01 0.000000000000000000e+00 1.600000000000000089e+00 3.739000000000000136e-03 5.762999999999999894e-03 9.999759999999999760e-01 -3.541159999999999863e-01 9.351930000000000520e-01 -4.065000000000000037e-03 -9.351939999999999698e-01 -3.540920000000000178e-01 5.537000000000000255e-03
1.800000000000000000e+01 2.600000000000000000e+01 6.400000000000000000e+01 0.000000000000000000e+00 1.600000000000000089e+00 -4.274000000000000021e-03 -1.082299999999999929e-02 9.999320000000000430e-01 -3.547810000000000130e-01 9.349100000000000188e-01 8.602999999999999536e-03 -9.349399999999999933e-01 -3.547199999999999798e-01 -7.835999999999999216e-03
2.800000000000000000e+01 2.600000000000000000e+01 6.400000000000000000e+01 0.000000000000000000e+00 1.600000000000000089e+00 -1.010000000000000020e-04 1.441000000000000007e-03 9.999989999999999712e-01 -3.592179999999999818e-01 9.332529999999999992e-01 -1.381000000000000066e-03 -9.332540000000000280e-01 -3.592179999999999818e-01 4.240000000000000062e-04
6.000000000000000000e+00 6.900000000000000000e+01 6.600000000000000000e+01 0.000000000000000000e+00 1.600000000000000089e+00 1.061000000000000094e-03 -2.262000000000000122e-03 9.999970000000000248e-01 -9.482469999999999510e-01 3.175290000000000057e-01 1.724000000000000055e-03 -3.175319999999999809e-01 -9.482460000000000333e-01 -1.807999999999999928e-03
1.000000000000000000e+01 2.500000000000000000e+01 7.300000000000000000e+01 0.000000000000000000e+00 1.600000000000000089e+00 1.010000000000000020e-04 -1.675999999999999972e-03 9.999989999999999712e-01 7.481959999999999722e-01 -6.634769999999999834e-01 -1.186999999999999904e-03 6.634780000000000122e-01 7.481950000000000545e-01 1.186999999999999904e-03
1.500000000000000000e+01 2.500000000000000000e+01 7.300000000000000000e+01 0.000000000000000000e+00 1.600000000000000089e+00 8.710000000000000294e-04 7.574000000000000003e-03 9.999710000000000543e-01 7.533699999999999841e-01 -6.575830000000000286e-01 4.323999999999999719e-03 6.575959999999999583e-01 7.533440000000000136e-01 -6.277999999999999726e-03
1.400000000000000000e+01 4.400000000000000000e+01 7.300000000000000000e+01 0.000000000000000000e+00 1.600000000000000089e+00 1.042500000000000024e-02 1.431800000000000087e-02 9.998430000000000373e-01 5.200899999999999967e-02 -9.985519999999999952e-01 1.375700000000000013e-02 9.985920000000000352e-01 5.185700000000000032e-02 -1.115400000000000072e-02
1.700000000000000000e+01 4.400000000000000000e+01 7.300000000000000000e+01 0.000000000000000000e+00 1.600000000000000089e+00 2.344000000000000163e-03 3.511999999999999931e-03 9.999909999999999632e-01 5.485899999999999804e-02 -9.984880000000000422e-01 3.377999999999999926e-03 9.984910000000000174e-01 5.485000000000000292e-02 -2.533000000000000095e-03
2.400000000000000000e+01 4.400000000000000000e+01 7.300000000000000000e+01 0.000000000000000000e+00 1.600000000000000089e+00 2.854000000000000200e-03 3.406000000000000173e-03 9.999900000000000455e-01 5.426999999999999880e-02 -9.985209999999999919e-01 3.246000000000000187e-03 9.985220000000000207e-01 5.426099999999999673e-02 -3.034999999999999937e-03
2.700000000000000000e+01 4.400000000000000000e+01 7.300000000000000000e+01 0.000000000000000000e+00 1.600000000000000089e+00 1.688000000000000047e-03 2.337999999999999801e-03 9.999959999999999960e-01 5.501000000000000334e-02 -9.984830000000000094e-01 2.242000000000000069e-03 9.984840000000000382e-01 5.500599999999999934e-02 -1.814000000000000074e-03
2.400000000000000000e+01 2.500000000000000000e+01 7.400000000000000000e+01 0.000000000000000000e+00 1.600000000000000089e+00 2.033000000000000085e-03 1.830000000000000029e-04 9.999980000000000535e-01 8.346209999999999463e-01 -5.508220000000000338e-01 -1.595999999999999979e-03 5.508199999999999763e-01 8.346230000000000038e-01 -1.273000000000000043e-03
2.100000000000000000e+01 5.100000000000000000e+01 7.600000000000000000e+01 0.000000000000000000e+00 1.600000000000000089e+00 1.129999999999999928e-03 -2.000000000000000096e-04 -9.999989999999999712e-01 -3.979900000000000104e-01 -9.173900000000000388e-01 -2.660000000000000146e-04 -9.173890000000000100e-01 3.979900000000000104e-01 -1.116000000000000021e-03
2.700000000000000000e+01 5.100000000000000000e+01 7.600000000000000000e+01 0.000000000000000000e+00 1.600000000000000089e+00 -7.110000000000000434e-04 -1.002999999999999985e-03 -9.999989999999999712e-01 -3.983229999999999826e-01 -9.172439999999999483e-01 1.203000000000000076e-03 -9.172449999999999770e-01 3.983240000000000114e-01 2.519999999999999996e-04
4.000000000000000000e+00 9.100000000000000000e+01 7.600000000000000000e+01 0.000000000000000000e+00 1.600000000000000089e+00 -5.460000000000000443e-04 -2.373999999999999808e-03 9.999970000000000248e-01 3.851029999999999731e-01 -9.228720000000000256e-01 -1.981000000000000122e-03 9.228739999999999721e-01 3.851010000000000266e-01 1.417999999999999990e-03
1.000000000000000000e+01 9.100000000000000000e+01 7.600000000000000000e+01 0.000000000000000000e+00 1.600000000000000089e+00 2.162999999999999992e-03 8.799999999999999771e-05 9.999980000000000535e-01 3.596019999999999772e-01 -9.331049999999999622e-01 -6.960000000000000041e-04 9.331030000000000157e-01 3.596030000000000060e-01 -2.050000000000000173e-03
1.300000000000000000e+01 9.100000000000000000e+01 7.600000000000000000e+01 0.000000000000000000e+00 1.600000000000000089e+00 3.142999999999999960e-03 8.220000000000000310e-04 9.999949999999999672e-01 3.524889999999999968e-01 -9.358159999999999812e-01 -3.390000000000000001e-04 9.358109999999999484e-01 3.524880000000000235e-01 -3.230999999999999931e-03
1.700000000000000000e+01 9.100000000000000000e+01 7.600000000000000000e+01 0.000000000000000000e+00 1.600000000000000089e+00 1.745999999999999939e-03 1.131000000000000061e-03 9.999980000000000535e-01 3.476299999999999946e-01 -9.376320000000000210e-01 4.530000000000000064e-04 9.376299999999999635e-01 3.476279999999999926e-01 -2.030000000000000120e-03
2.800000000000000000e+01 9.100000000000000000e+01 7.600000000000000000e+01 0.000000000000000000e+00 1.600000000000000089e+00 -2.790000000000000054e-04 -1.593000000000000015e-03 9.999989999999999712e-01 3.182070000000000176e-01 -9.480199999999999738e-01 -1.420999999999999954e-03 9.480210000000000026e-01 3.182059999999999889e-01 7.709999999999999840e-04
4.000000000000000000e+00 4.400000000000000000e+01 8.300000000000000000e+01 0.000000000000000000e+00 1.600000000000000089e+00 2.291000000000000068e-03 3.882700000000000040e-02 9.992429999999999923e-01 5.209819999999999451e-01 -8.529689999999999772e-01 3.194899999999999823e-02 8.535639999999999894e-01 5.205149999999999499e-01 -2.218300000000000133e-02
1.100000000000000000e+01 4.400000000000000000e+01 8.300000000000000000e+01 0.000000000000000000e+00 1.600000000000000089e+00 -1.826099999999999945e-02 -3.288499999999999757e-02 9.992919999999999581e-01 5.446109999999999562e-01 -8.385029999999999983e-01 -1.764100000000000043e-02 8.384899999999999576e-01 5.439030000000000253e-01 3.322200000000000153e-02
1.700000000000000000e+01 4.400000000000000000e+01 8.300000000000000000e+01 0.000000000000000000e+00 1.600000000000000089e+00 1.802799999999999889e-02 7.226699999999999791e-02 9.972220000000000528e-01 5.553850000000000176e-01 -8.300819999999999865e-01 5.011399999999999882e-02 8.313979999999999704e-01 5.529389999999999583e-01 -5.510000000000000314e-02
2.800000000000000000e+01 4.400000000000000000e+01 8.300000000000000000e+01 0.000000000000000000e+00 1.600000000000000089e+00 1.330999999999999935e-03 -1.850999999999999998e-03 9.999970000000000248e-01 5.767290000000000472e-01 -8.169319999999999915e-01 -2.279999999999999909e-03 8.169340000000000490e-01 5.767309999999999937e-01 -2.000000000000000164e-05
2.900000000000000000e+01 4.800000000000000000e+01 8.400000000000000000e+01 0.000000000000000000e+00 1.600000000000000089e+00 -3.432000000000000155e-03 -8.549999999999999658e-04 -9.999940000000000495e-01 -9.469009999999999927e-01 -3.215069999999999872e-01 3.524999999999999922e-03 -3.215080000000000160e-01 9.469070000000000542e-01 2.939999999999999905e-04
5.000000000000000000e+00 7.700000000000000000e+01 8.400000000000000000e+01 0.000000000000000000e+00 1.600000000000000089e+00 1.931999999999999907e-03 9.906999999999999140e-03 -9.999489999999999768e-01 9.857409999999999783e-01 -1.682710000000000039e-01 2.380000000000000117e-04 -1.682599999999999929e-01 -9.856909999999999838e-01 -1.009099999999999928e-02
1.000000000000000000e+01 7.700000000000000000e+01 8.400000000000000000e+01 0.000000000000000000e+00 1.600000000000000089e+00 -1.345999999999999974e-02 -1.508999999999999925e-03 -9.999080000000000190e-01 9.872229999999999617e-01 -1.588080000000000047e-01 -1.305000000000000084e-02 -1.587739999999999985e-01 -9.873079999999999634e-01 3.627000000000000016e-03
2.600000000000000000e+01 7.700000000000000000e+01 8.400000000000000000e+01 0.000000000000000000e+00 1.600000000000000089e+00 1.737000000000000046e-03 1.533000000000000074e-03 -9.999970000000000248e-01 9.825399999999999689e-01 -1.860449999999999882e-01 1.422000000000000087e-03 -1.860420000000000129e-01 -9.825399999999999689e-01 -1.830000000000000029e-03
2.100000000000000000e+01 1.400000000000000000e+01 8.600000000000000000e+01 0.000000000000000000e+00 1.600000000000000089e+00 -2.809999999999999998e-04 3.432999999999999854e-03 -9.999940000000000495e-01 1.869329999999999881e-01 9.823669999999999902e-01 3.320000000000000034e-03 9.823730000000000517e-01 -1.869310000000000138e-01 -9.179999999999999792e-04
