2.300000000000000000e+01 1.900000000000000000e+01 5.000000000000000000e+00 0.000000000000000000e+00 1.600000000000000089e+00 -1.789999999999999925e-03 -1.487000000000000040e-03 -9.999970000000000248e-01 -6.935320000000000373e-01 -7.204220000000000068e-01 2.311999999999999819e-03 -7.204239999999999533e-01 6.935339999999999838e-01 2.579999999999999828e-04
4.000000000000000000e+00 1.010000000000000000e+02 7.000000000000000000e+00 0.000000000000000000e+00 1.600000000000000089e+00 -6.579999999999999478e-04 3.429000000000000190e-03 9.999940000000000495e-01 8.819289999999999630e-01 4.713820000000000232e-01 -1.036000000000000029e-03 -4.713820000000000232e-01 8.819230000000000125e-01 -3.334000000000000158e-03
1.000000000000000000e+01 1.010000000000000000e+02 7.000000000000000000e+00 0.000000000000000000e+00 1.600000000000000089e+00 2.230999999999999910e-03 1.079999999999999960e-04 9.999970000000000248e-01 8.817939999999999667e-01 4.716299999999999937e-01 -2.017999999999999829e-03 -4.716290000000000204e-01 8.817970000000000530e-01 9.569999999999999514e-04
1.500000000000000000e+01 1.010000000000000000e+02 7.000000000000000000e+00 0.000000000000000000e+00 1.600000000000000089e+00 2.854999999999999899e-03 -2.538800000000000084e-02 9.996739999999999515e-01 8.837829999999999853e-01 4.678030000000000244e-01 9.355999999999999733e-03 -4.678869999999999973e-01 8.834680000000000311e-01 2.377299999999999899e-02
2.200000000000000000e+01 1.010000000000000000e+02 7.000000000000000000e+00 0.000000000000000000e+00 1.600000000000000089e+00 9.799999999999999684e-05 1.456000000000000046e-03 9.999989999999999712e-01 8.867129999999999734e-01 4.623200000000000087e-01 -7.590000000000000175e-04 -4.623200000000000087e-01 8.867119999999999447e-01 -1.245999999999999929e-03
2.500000000000000000e+01 1.010000000000000000e+02 7.000000000000000000e+00 0.000000000000000000e+00 1.600000000000000089e+00 -2.912000000000000092e-03 7.263999999999999624e-03 9.999689999999999968e-01 8.866230000000000500e-01 4.624920000000000142e-01 -7.780000000000000457e-04 -4.624829999999999774e-01 8.865939999999999932e-01 -7.786999999999999651e-03
2.000000000000000000e+00 1.500000000000000000e+01 8.000000000000000000e+00 0.000000000000000000e+00 1.600000000000000089e+00 -9.479999999999999495e-04 -9.728000000000000536e-03 -9.999519999999999520e-01 -6.275380000000000402e-01 -7.785429999999999851e-01 8.168999999999999179e-03 -7.785849999999999715e-01 6.275159999999999627e-01 -5.367000000000000243e-03
7.000000000000000000e+00 1.500000000000000000e+01 8.000000000000000000e+00 0.000000000000000000e+00 1.600000000000000089e+00 -2.329999999999999986e-04 1.018999999999999941e-02 -9.999479999999999480e-01 -6.287340000000000151e-01 -7.775819999999999954e-01 -7.778000000000000191e-03 -7.776210000000000067e-01 6.286990000000000078e-01 6.588000000000000106e-03
2.000000000000000000e+00 2.500000000000000000e+01 8.000000000000000000e+00 0.000000000000000000e+00 1.600000000000000089e+00 8.200000000000000095e-05 -1.786000000000000044e-03 -9.999980000000000535e-01 4.442289999999999850e-01 8.959120000000000417e-01 -1.562999999999999936e-03 8.959129999999999594e-01 -4.442280000000000117e-01 8.670000000000000406e-04
5.000000000000000000e+00 2.500000000000000000e+01 8.000000000000000000e+00 0.000000000000000000e+00 1.600000000000000089e+00 9.749999999999999552e-04 -5.219999999999999814e-03 -9.999860000000000415e-01 4.442240000000000077e-01 8.959059999999999802e-01 -4.243000000000000244e-03 8.959150000000000169e-01 -4.442139999999999977e-01 3.191999999999999959e-03
1.000000000000000000e+01 2.500000000000000000e+01 8.000000000000000000e+00 0.000000000000000000e+00 1.600000000000000089e+00 1.910000000000000077e-04 3.468999999999999861e-03 -9.999940000000000495e-01 4.459350000000000258e-01 8.950590000000000490e-01 3.190000000000000127e-03 8.950649999999999995e-01 -4.459330000000000238e-01 -1.376000000000000053e-03
1.700000000000000000e+01 2.500000000000000000e+01 8.000000000000000000e+00 0.000000000000000000e+00 1.600000000000000089e+00 1.418999999999999906e-03 1.320000000000000101e-04 -9.999989999999999712e-01 4.449940000000000007e-01 8.955330000000000235e-01 7.500000000000000156e-04 8.955319999999999947e-01 -4.449940000000000007e-01 1.211999999999999970e-03
2.200000000000000000e+01 2.500000000000000000e+01 8.000000000000000000e+00 0.000000000000000000e+00 1.600000000000000089e+00 2.282000000000000174e-03 7.060999999999999568e-03 -9.999719999999999720e-01 4.422840000000000105e-01 8.968450000000000033e-01 7.341999999999999568e-03 8.968720000000000026e-01 -4.422889999999999877e-01 -1.077000000000000049e-03
2.500000000000000000e+01 2.500000000000000000e+01 8.000000000000000000e+00 0.000000000000000000e+00 1.600000000000000089e+00 3.609999999999999928e-04 5.865999999999999687e-03 -9.999829999999999552e-01 4.412820000000000076e-01 8.973520000000000385e-01 5.424000000000000002e-03 8.973680000000000545e-01 -4.412760000000000016e-01 -2.263999999999999953e-03
2.900000000000000000e+01 2.500000000000000000e+01 8.000000000000000000e+00 0.000000000000000000e+00 1.600000000000000089e+00 -1.211000000000000054e-03 -7.981000000000000247e-03 -9.999670000000000503e-01 4.427099999999999924e-01 8.966319999999999846e-01 -7.692000000000000053e-03 8.966640000000000166e-01 -4.427050000000000152e-01 2.446999999999999956e-03
2.000000000000000000e+00 2.400000000000000000e+01 9.000000000000000000e+00 0.000000000000000000e+00 1.600000000000000089e+00 5.259999999999999919e-04 -7.140000000000000079e-04 -1.000000000000000000e+00 4.524469999999999881e-01 8.917910000000000004e-01 -3.989999999999999949e-04 8.917910000000000004e-01 -4.524469999999999881e-01 7.919999999999999523e-04
9.000000000000000000e+00 2.400000000000000000e+01 9.000000000000000000e+00 0.000000000000000000e+00 1.600000000000000089e+00 -2.439999999999999949e-04 4.298999999999999870e-03 -9.999909999999999632e-01 4.537220000000000142e-01 8.911360000000000392e-01 3.720000000000000216e-03 8.911430000000000184e-01 -4.537169999999999814e-01 -2.167999999999999788e-03
1.400000000000000000e+01 2.400000000000000000e+01 9.000000000000000000e+00 0.000000000000000000e+00 1.600000000000000089e+00 1.807000000000000012e-03 1.704000000000000003e-03 -9.999970000000000248e-01 4.543179999999999996e-01 8.908359999999999612e-01 2.338999999999999933e-03 8.908380000000000187e-01 -4.543209999999999749e-01 8.360000000000000460e-04
1.700000000000000000e+01 2.400000000000000000e+01 9.000000000000000000e+00 0.000000000000000000e+00 1.600000000000000089e+00 1.930999999999999991e-03 4.000000000000000192e-04 -9.999980000000000535e-01 4.526999999999999913e-01 8.916619999999999546e-01 1.231000000000000106e-03 8.916610000000000369e-01 -4.527019999999999933e-01 1.541000000000000052e-03
2.100000000000000000e+01 2.400000000000000000e+01 9.000000000000000000e+00 0.000000000000000000e+00 1.600000000000000089e+00 2.203999999999999796e-03 4.629000000000000302e-03 -9.999869999999999592e-01 4.507249999999999868e-01 8.926479999999999970e-01 5.126000000000000348e-03 8.926600000000000090e-01 -4.507309999999999928e-01 -1.190000000000000058e-04
2.500000000000000000e+01 2.400000000000000000e+01 9.000000000000000000e+00 0.000000000000000000e+00 1.600000000000000089e+00 3.600000000000000227e-04 6.375999999999999723e-03 -9.999799999999999800e-01 4.488510000000000000e-01 8.935870000000000202e-01 5.858999999999999625e-03 8.936070000000000402e-01 -4.488440000000000207e-01 -2.540000000000000157e-03
2.900000000000000000e+01 2.400000000000000000e+01 9.000000000000000000e+00 0.000000000000000000e+00 1.600000000000000089e+00 -1.379999999999999933e-03 -7.823000000000000093e-03 -9.999679999999999680e-01 4.495970000000000244e-01 8.931989999999999652e-01 -7.608000000000000179e-03 8.932299999999999685e-01 -4.495930000000000204e-01 2.284000000000000006e-03
6.000000000000000000e+00 3.500000000000000000e+01 1.200000000000000000e+01 0.000000000000000000e+00 1.600000000000000089e+00 -4.220000000000000118e-04 6.489999999999999459e-04 -1.000000000000000000e+00 4.684320000000000150e-01 -8.834990000000000343e-01 -7.709999999999999840e-04 -8.834990000000000343e-01 -4.684329999999999883e-01 6.899999999999999667e-05
1.100000000000000000e+01 3.500000000000000000e+01 1.200000000000000000e+01 0.000000000000000000e+00 1.600000000000000089e+00 4.003999999999999747e-03 -5.525000000000000397e-03 -9.999770000000000048e-01 4.791929999999999801e-01 -8.776829999999999909e-01 6.767999999999999711e-03 -8.777000000000000357e-01 -4.792089999999999961e-01 -8.660000000000000163e-04
1.500000000000000000e+01 3.500000000000000000e+01 1.200000000000000000e+01 0.000000000000000000e+00 1.600000000000000089e+00 1.172000000000000082e-03 -6.134999999999999828e-03 -9.999810000000000088e-01 4.814760000000000151e-01 -8.764389999999999681e-01 5.941000000000000100e-03 -8.764589999999999881e-01 -4.814729999999999843e-01 1.926999999999999894e-03
1.900000000000000000e+01 3.500000000000000000e+01 1.200000000000000000e+01 0.000000000000000000e+00 1.600000000000000089e+00 -9.500000000000000523e-05 -4.166999999999999697e-03 -9.999909999999999632e-01 4.761549999999999949e-01 -8.793539999999999690e-01 3.618999999999999821e-03 -8.793619999999999770e-01 -4.761500000000000177e-01 2.067999999999999960e-03
2.400000000000000000e+01 3.500000000000000000e+01 1.200000000000000000e+01 0.000000000000000000e+00 1.600000000000000089e+00 -9.799999999999999684e-05 2.407999999999999984e-03 -9.999970000000000248e-01 4.734769999999999812e-01 -8.808030000000000026e-01 -2.167000000000000089e-03 -8.808059999999999778e-01 -4.734760000000000080e-01 -1.054000000000000032e-03
5.000000000000000000e+00 3.200000000000000000e+01 1.400000000000000000e+01 0.000000000000000000e+00 1.600000000000000089e+00 1.111999999999999924e-03 1.793000000000000106e-03 -9.999980000000000535e-01 9.605400000000000049e-02 9.953739999999999810e-01 1.891000000000000103e-03 9.953750000000000098e-01 -9.605600000000000249e-02 9.340000000000000429e-04
1.900000000000000000e+01 3.200000000000000000e+01 1.400000000000000000e+01 0.000000000000000000e+00 1.600000000000000089e+00 1.716000000000000077e-03 -9.300000000000000541e-04 -9.999980000000000535e-01 1.019270000000000037e-01 9.947920000000000096e-01 -7.500000000000000156e-04 9.947899999999999521e-01 -1.019250000000000017e-01 1.801999999999999999e-03
2.700000000000000000e+01 3.200000000000000000e+01 1.400000000000000000e+01 0.000000000000000000e+00 1.600000000000000089e+00 -1.711999999999999980e-03 3.408000000000000005e-03 -9.999930000000000208e-01 1.005739999999999967e-01 9.949240000000000306e-01 3.219000000000000073e-03 9.949280000000000346e-01 -1.005680000000000046e-01 -2.046000000000000076e-03
2.600000000000000000e+01 1.200000000000000000e+01 1.600000000000000000e+01 0.000000000000000000e+00 1.600000000000000089e+00 -2.511000000000000211e-03 2.324599999999999930e-02 9.997270000000000323e-01 2.057970000000000077e-01 -9.783180000000000209e-01 2.326500000000000096e-02 9.785909999999999886e-01 2.057990000000000097e-01 -2.327000000000000075e-03
1.000000000000000000e+01 1.160000000000000000e+02 1.600000000000000000e+01 0.000000000000000000e+00 1.600000000000000089e+00 1.273000000000000043e-03 -1.863000000000000073e-03 9.999970000000000248e-01 7.577589999999999604e-01 6.525339999999999474e-01 2.509999999999999753e-04 -6.525330000000000297e-01 7.577570000000000139e-01 2.242000000000000069e-03
2.300000000000000000e+01 1.160000000000000000e+02 1.600000000000000000e+01 0.000000000000000000e+00 1.600000000000000089e+00 3.180999999999999800e-03 9.399999999999999719e-04 9.999949999999999672e-01 7.586410000000000098e-01 6.515020000000000255e-01 -3.026000000000000044e-03 -6.515020000000000255e-01 7.586460000000000425e-01 1.358999999999999965e-03
4.000000000000000000e+00 2.000000000000000000e+00 1.900000000000000000e+01 0.000000000000000000e+00 1.600000000000000089e+00 -1.039999999999999936e-04 3.997999999999999818e-03 -9.999919999999999920e-01 3.425300000000000011e-01 -9.394989999999999730e-01 -3.791999999999999798e-03 -9.395069999999999810e-01 -3.425270000000000259e-01 -1.271999999999999910e-03
9.000000000000000000e+00 2.000000000000000000e+00 1.900000000000000000e+01 0.000000000000000000e+00 1.600000000000000089e+00 7.429999999999999539e-04 -4.610000000000000382e-03 -9.999890000000000168e-01 3.440830000000000277e-01 -9.389279999999999848e-01 4.584000000000000401e-03 -9.389389999999999681e-01 -3.440830000000000277e-01 8.880000000000000089e-04
1.700000000000000000e+01 2.000000000000000000e+00 1.900000000000000000e+01 0.000000000000000000e+00 1.600000000000000089e+00 -4.533999999999999836e-03 1.431400000000000033e-02 -9.998869999999999703e-01 3.329630000000000090e-01 -9.428199999999999914e-01 -1.500699999999999951e-02 -9.429290000000000171e-01 -3.329940000000000122e-01 -4.910000000000000085e-04
2.300000000000000000e+01 2.000000000000000000e+00 1.900000000000000000e+01 0.000000000000000000e+00 1.600000000000000089e+00 -5.865000000000000421e-03 1.543399999999999980e-02 -9.998639999999999750e-01 3.307510000000000172e-01 -9.435740000000000238e-01 -1.650499999999999884e-02 -9.436999999999999833e-01 -3.308030000000000137e-01 4.290000000000000193e-04
2.900000000000000000e+01 3.000000000000000000e+00 1.900000000000000000e+01 0.000000000000000000e+00 1.600000000000000089e+00 -2.095000000000000074e-03 2.075099999999999861e-02 -9.997819999999999485e-01 3.141780000000000128e-01 -9.491460000000000452e-01 -2.035899999999999863e-02 -9.493620000000000392e-01 -3.141519999999999868e-01 -4.531000000000000305e-03
2.900000000000000000e+01 4.000000000000000000e+00 2.000000000000000000e+01 0.000000000000000000e+00 1.600000000000000089e+00 -1.039999999999999909e-03 2.144700000000000079e-02 -9.997690000000000188e-01 3.787470000000000003e-01 -9.252789999999999626e-01 -2.024300000000000058e-02 -9.254999999999999893e-01 -3.786809999999999898e-01 -7.160999999999999831e-03
1.800000000000000000e+01 1.300000000000000000e+01 2.000000000000000000e+01 0.000000000000000000e+00 1.600000000000000089e+00 6.229999999999999644e-04 -6.809999999999999647e-04 1.000000000000000000e+00 2.686749999999999972e-01 9.632309999999999484e-01 4.889999999999999599e-04 -9.632309999999999484e-01 2.686749999999999972e-01 7.829999999999999504e-04
2.000000000000000000e+01 1.300000000000000000e+01 2.000000000000000000e+01 0.000000000000000000e+00 1.600000000000000089e+00 5.119999999999999768e-04 -5.673000000000000091e-03 9.999839999999999840e-01 2.691450000000000231e-01 9.630849999999999689e-01 5.326000000000000005e-03 -9.630999999999999561e-01 2.691379999999999884e-01 2.020000000000000094e-03
2.500000000000000000e+01 1.300000000000000000e+01 2.000000000000000000e+01 0.000000000000000000e+00 1.600000000000000089e+00 5.249999999999999676e-04 -6.250000000000000130e-04 1.000000000000000000e+00 2.713829999999999854e-01 9.624709999999999654e-01 4.589999999999999896e-04 -9.624709999999999654e-01 2.713829999999999854e-01 6.750000000000000357e-04
2.800000000000000000e+01 1.300000000000000000e+01 2.000000000000000000e+01 0.000000000000000000e+00 1.600000000000000089e+00 8.940000000000000464e-04 1.753000000000000001e-03 9.999980000000000535e-01 2.731959999999999944e-01 9.619569999999999510e-01 -1.930000000000000075e-03 -9.619579999999999798e-01 2.731970000000000232e-01 3.809999999999999910e-04
1.900000000000000000e+01 3.000000000000000000e+00 2.500000000000000000e+01 0.000000000000000000e+00 1.600000000000000089e+00 -3.369000000000000033e-03 1.348099999999999993e-02 9.999029999999999863e-01 5.589000000000000218e-03 -9.998930000000000318e-01 1.349999999999999985e-02 9.999789999999999512e-01 5.634000000000000119e-03 3.292999999999999920e-03
2.900000000000000000e+01 3.000000000000000000e+00 2.500000000000000000e+01 0.000000000000000000e+00 1.600000000000000089e+00 1.700000000000000122e-04 2.136899999999999911e-02 9.997719999999999940e-01 -3.595600000000000185e-02 -9.991250000000000409e-01 2.136100000000000151e-02 9.993530000000000468e-01 -3.595199999999999785e-02 5.980000000000000072e-04
6.000000000000000000e+00 4.600000000000000000e+01 2.700000000000000000e+01 0.000000000000000000e+00 1.600000000000000089e+00 -1.649999999999999991e-03 -1.472000000000000001e-03 -9.999980000000000535e-01 6.639249999999999874e-01 7.477960000000000163e-01 -2.196000000000000035e-03 7.477970000000000450e-01 -6.639270000000000449e-01 -2.559999999999999884e-04
6.000000000000000000e+00 4.600000000000000000e+01 3.000000000000000000e+01 0.000000000000000000e+00 1.600000000000000089e+00 -1.286999999999999950e-03 1.900000000000000105e-04 -9.999989999999999712e-01 3.275600000000000178e-01 9.448299999999999477e-01 -2.420000000000000005e-04 9.448290000000000299e-01 -3.275600000000000178e-01 -1.278000000000000056e-03
2.600000000000000000e+01 4.600000000000000000e+01 3.000000000000000000e+01 0.000000000000000000e+00 1.600000000000000089e+00 -5.039999999999999992e-04 -1.988999999999999883e-03 -9.999980000000000535e-01 3.248960000000000181e-01 9.457470000000000043e-01 -2.044999999999999943e-03 9.457499999999999796e-01 -3.248969999999999914e-01 1.689999999999999879e-04
5.000000000000000000e+00 5.800000000000000000e+01 3.100000000000000000e+01 0.000000000000000000e+00 1.600000000000000089e+00 3.976000000000000367e-03 -4.889999999999999599e-04 9.999919999999999920e-01 -7.634699999999999820e-01 -6.458380000000000232e-01 2.720000000000000195e-03 6.458310000000000439e-01 -7.634739999999999860e-01 -2.941000000000000038e-03
1.300000000000000000e+01 5.800000000000000000e+01 3.100000000000000000e+01 0.000000000000000000e+00 1.600000000000000089e+00 -1.020999999999999989e-03 2.739000000000000115e-03 9.999959999999999960e-01 -7.667540000000000466e-01 -6.419399999999999551e-01 9.749999999999999552e-04 6.419399999999999551e-01 -7.667500000000000426e-01 2.756000000000000203e-03
1.700000000000000000e+01 5.800000000000000000e+01 3.100000000000000000e+01 0.000000000000000000e+00 1.600000000000000089e+00 5.099999999999999960e-05 -3.569000000000000124e-03 9.999940000000000495e-01 -7.668329999999999869e-01 -6.418430000000000524e-01 -2.252000000000000095e-03 6.418469999999999454e-01 -7.668279999999999541e-01 -2.769999999999999893e-03
2.800000000000000000e+01 5.800000000000000000e+01 3.100000000000000000e+01 0.000000000000000000e+00 1.600000000000000089e+00 -4.322999999999999586e-03 1.203000000000000076e-03 9.999900000000000455e-01 -7.603370000000000406e-01 -6.495239999999999903e-01 -2.504999999999999848e-03 6.495140000000000358e-01 -7.603400000000000158e-01 3.723000000000000181e-03
2.000000000000000000e+00 4.600000000000000000e+01 3.500000000000000000e+01 0.000000000000000000e+00 1.600000000000000089e+00 7.820000000000000345e-04 -4.124000000000000062e-03 -9.999909999999999632e-01 3.908949999999999925e-01 -9.204259999999999664e-01 4.101999999999999744e-03 -9.204350000000000032e-01 -3.908949999999999925e-01 8.919999999999999978e-04
6.000000000000000000e+00 4.600000000000000000e+01 3.500000000000000000e+01 0.000000000000000000e+00 1.600000000000000089e+00 6.700000000000000226e-04 4.512000000000000385e-03 -9.999900000000000455e-01 3.910279999999999867e-01 -9.203700000000000214e-01 -3.890999999999999927e-03 -9.203780000000000294e-01 -3.910219999999999807e-01 -2.380999999999999870e-03
1.500000000000000000e+01 4.600000000000000000e+01 3.500000000000000000e+01 0.000000000000000000e+00 1.600000000000000089e+00 -4.659999999999999971e-04 -6.719999999999999628e-04 -1.000000000000000000e+00 3.911780000000000257e-01 -9.203149999999999942e-01 4.360000000000000269e-04 -9.203149999999999942e-01 -3.911780000000000257e-01 6.920000000000000153e-04
1.900000000000000000e+01 4.600000000000000000e+01 3.500000000000000000e+01 0.000000000000000000e+00 1.600000000000000089e+00 7.240000000000000342e-04 -2.919999999999999961e-04 -1.000000000000000000e+00 3.917430000000000079e-01 -9.200739999999999474e-01 5.519999999999999733e-04 -9.200739999999999474e-01 -3.917439999999999811e-01 -5.519999999999999733e-04
2.700000000000000000e+01 4.600000000000000000e+01 3.500000000000000000e+01 0.000000000000000000e+00 1.600000000000000089e+00 -8.850000000000000444e-04 6.769999999999999759e-04 -9.999989999999999712e-01 3.912669999999999759e-01 -9.202770000000000117e-01 -9.700000000000000505e-04 -9.202770000000000117e-01 -3.912680000000000047e-01 5.490000000000000088e-04
2.000000000000000000e+00 9.500000000000000000e+01 3.600000000000000000e+01 0.000000000000000000e+00 1.600000000000000089e+00 -5.865999999999999687e-03 -5.859999999999999758e-03 9.999660000000000215e-01 9.977070000000000105e-01 6.739399999999999558e-02 6.248000000000000081e-03 -6.742900000000000282e-02 9.977089999999999570e-01 5.451000000000000116e-03
7.000000000000000000e+00 2.900000000000000000e+01 4.400000000000000000e+01 0.000000000000000000e+00 1.600000000000000089e+00 -7.999999999999999638e-06 -7.089999999999999948e-03 -9.999749999999999472e-01 6.682989999999999764e-01 7.438740000000000352e-01 -5.279999999999999971e-03 7.438919999999999977e-01 -6.682829999999999604e-01 4.732000000000000095e-03
1.400000000000000000e+01 2.900000000000000000e+01 4.400000000000000000e+01 0.000000000000000000e+00 1.600000000000000089e+00 -5.550000000000000462e-04 2.951000000000000064e-03 -9.999949999999999672e-01 6.639169999999999794e-01 7.478040000000000243e-01 1.838999999999999923e-03 7.478059999999999707e-01 -6.639119999999999466e-01 -2.374999999999999941e-03
2.000000000000000000e+01 2.900000000000000000e+01 4.400000000000000000e+01 0.000000000000000000e+00 1.600000000000000089e+00 5.280000000000000405e-04 8.000000000000000383e-04 -1.000000000000000000e+00 6.548110000000000319e-01 7.557920000000000194e-01 9.499999999999999981e-04 7.557930000000000481e-01 -6.548110000000000319e-01 -1.250000000000000026e-04
2.600000000000000000e+01 2.900000000000000000e+01 4.400000000000000000e+01 0.000000000000000000e+00 1.600000000000000089e+00 4.110000000000000155e-04 -1.528000000000000061e-03 -9.999989999999999712e-01 6.491440000000000543e-01 7.606650000000000356e-01 -8.959999999999999866e-04 7.606659999999999533e-01 -6.491419999999999968e-01 1.304999999999999953e-03
3.000000000000000000e+01 2.900000000000000000e+01 4.400000000000000000e+01 0.000000000000000000e+00 1.600000000000000089e+00 -1.672000000000000092e-03 -4.638999999999999894e-03 -9.999879999999999880e-01 6.507039999999999491e-01 7.593180000000000485e-01 -4.610000000000000382e-03 7.593299999999999494e-01 -6.507039999999999491e-01 1.748999999999999904e-03
2.500000000000000000e+01 6.500000000000000000e+01 4.600000000000000000e+01 0.000000000000000000e+00 1.600000000000000089e+00 -3.677000000000000147e-03 2.484999999999999796e-03 9.999900000000000455e-01 6.824630000000000418e-01 -7.309069999999999734e-01 4.325999999999999984e-03 7.309109999999999774e-01 6.824719999999999676e-01 9.920000000000000432e-04
1.100000000000000000e+01 7.000000000000000000e+01 4.700000000000000000e+01 0.000000000000000000e+00 1.600000000000000089e+00 4.817000000000000101e-03 3.040000000000000167e-04 -9.999879999999999880e-01 -8.464580000000000437e-01 -5.324379999999999669e-01 -4.238999999999999713e-03 -5.324330000000000451e-01 8.464690000000000270e-01 -2.307000000000000023e-03
2.400000000000000000e+01 7.000000000000000000e+01 4.700000000000000000e+01 0.000000000000000000e+00 1.600000000000000089e+00 4.050999999999999913e-03 1.650999999999999907e-03 -9.999900000000000455e-01 -8.481119999999999770e-01 -5.297990000000000199e-01 -4.309999999999999595e-03 -5.298009999999999664e-01 8.481220000000000425e-01 -7.450000000000000025e-04
6.000000000000000000e+00 5.000000000000000000e+00 5.100000000000000000e+01 0.000000000000000000e+00 1.600000000000000089e+00 4.367000000000000222e-03 -6.317999999999999831e-03 -9.999710000000000543e-01 4.876570000000000071e-01 -8.730019999999999447e-01 7.644999999999999886e-03 -8.730240000000000222e-01 -4.876759999999999984e-01 -7.320000000000000118e-04
1.300000000000000000e+01 5.000000000000000000e+00 5.100000000000000000e+01 0.000000000000000000e+00 1.600000000000000089e+00 1.892000000000000019e-03 5.746000000000000239e-03 -9.999820000000000375e-01 4.798649999999999860e-01 -8.773320000000000007e-01 -4.133999999999999654e-03 -8.773400000000000087e-01 -4.798490000000000255e-01 -4.416999999999999919e-03
2.800000000000000000e+01 5.000000000000000000e+00 5.100000000000000000e+01 0.000000000000000000e+00 1.600000000000000089e+00 -3.367000000000000201e-03 6.399000000000000174e-03 -9.999740000000000295e-01 4.893859999999999877e-01 -8.720369999999999511e-01 -7.228000000000000050e-03 -8.720609999999999751e-01 -4.893979999999999997e-01 -1.949999999999999965e-04
4.000000000000000000e+00 7.000000000000000000e+00 5.200000000000000000e+01 0.000000000000000000e+00 1.600000000000000089e+00 -2.152999999999999966e-03 -3.963999999999999642e-03 -9.999900000000000455e-01 1.086020000000000041e-01 -9.940780000000000172e-01 3.706999999999999792e-03 -9.940830000000000499e-01 -1.085929999999999951e-01 2.570999999999999935e-03
1.000000000000000000e+00 6.300000000000000000e+01 5.400000000000000000e+01 0.000000000000000000e+00 1.600000000000000089e+00 -2.429000000000000169e-03 2.333000000000000004e-03 9.999940000000000495e-01 -3.517159999999999731e-01 9.361019999999999897e-01 -3.037999999999999902e-03 -9.361040000000000472e-01 -3.517210000000000059e-01 -1.453000000000000081e-03
6.000000000000000000e+00 6.300000000000000000e+01 5.400000000000000000e+01 0.000000000000000000e+00 1.600000000000000089e+00 6.599999999999999964e-04 1.843999999999999936e-03 9.999980000000000535e-01 -3.464240000000000097e-01 9.380770000000000497e-01 -1.500999999999999947e-03 -9.380779999999999674e-01 -3.464220000000000077e-01 1.258000000000000004e-03
1.100000000000000000e+01 6.300000000000000000e+01 5.400000000000000000e+01 0.000000000000000000e+00 1.600000000000000089e+00 -1.748999999999999904e-03 3.159999999999999832e-04 9.999980000000000535e-01 -3.405880000000000019e-01 9.402120000000000477e-01 -8.930000000000000221e-04 -9.402110000000000190e-01 -3.405889999999999751e-01 -1.536999999999999955e-03
1.600000000000000000e+01 6.300000000000000000e+01 5.400000000000000000e+01 0.000000000000000000e+00 1.600000000000000089e+00 1.079999999999999960e-04 6.899999999999999667e-04 1.000000000000000000e+00 -3.443729999999999847e-01 9.388330000000000286e-01 -6.099999999999999737e-04 -9.388330000000000286e-01 -3.443720000000000114e-01 3.390000000000000001e-04
2.100000000000000000e+01 6.300000000000000000e+01 5.400000000000000000e+01 0.000000000000000000e+00 1.600000000000000089e+00 7.619999999999999820e-04 -2.106999999999999932e-03 9.999970000000000248e-01 -3.458140000000000103e-01 9.383000000000000229e-01 2.239999999999999804e-03 -9.383029999999999982e-01 -3.458149999999999835e-01 -1.399999999999999979e-05
2.800000000000000000e+01 2.000000000000000000e+01 6.000000000000000000e+01 0.000000000000000000e+00 1.600000000000000089e+00 4.699999999999999724e-05 3.778999999999999807e-03 9.999930000000000208e-01 -6.210299999999999848e-02 9.980630000000000335e-01 -3.768000000000000082e-03 -9.980700000000000127e-01 -6.210199999999999748e-02 2.809999999999999998e-04
7.000000000000000000e+00 2.100000000000000000e+01 6.000000000000000000e+01 0.000000000000000000e+00 1.600000000000000089e+00 7.200000000000000453e-04 3.563000000000000195e-03 9.999930000000000208e-01 -9.395900000000000085e-02 9.955699999999999550e-01 -3.480000000000000020e-03 -9.955760000000000165e-01 -9.395599999999999785e-02 1.051000000000000068e-03
1.500000000000000000e+01 2.100000000000000000e+01 6.000000000000000000e+01 0.000000000000000000e+00 1.600000000000000089e+00 8.099999999999999561e-04 1.248999999999999893e-03 9.999989999999999712e-01 -9.557400000000000617e-02 9.954220000000000290e-01 -1.165999999999999936e-03 -9.954220000000000290e-01 -9.557300000000000517e-02 9.259999999999999568e-04
2.000000000000000000e+01 2.100000000000000000e+01 6.000000000000000000e+01 0.000000000000000000e+00 1.600000000000000089e+00 -1.387999999999999911e-03 -9.029000000000000567e-03 9.999580000000000135e-01 -9.233099999999999641e-02 9.956890000000000462e-01 8.862000000000000086e-03 -9.957270000000000287e-01 -9.231499999999999428e-02 -2.216000000000000088e-03
2.700000000000000000e+01 2.100000000000000000e+01 6.000000000000000000e+01 0.000000000000000000e+00 1.600000000000000089e+00 1.079999999999999960e-04 3.591000000000000008e-03 9.999940000000000495e-01 -9.411500000000000421e-02 9.955549999999999677e-01 -3.565000000000000027e-03 -9.955610000000000293e-01 -9.411400000000000321e-02 4.459999999999999989e-04
1.000000000000000000e+01 6.000000000000000000e+00 6.100000000000000000e+01 0.000000000000000000e+00 1.600000000000000089e+00 1.284999999999999901e-03 9.259999999999999568e-04 9.999989999999999712e-01 5.657389999999999919e-01 -8.245850000000000124e-01 3.699999999999999811e-05 8.245839999999999836e-01 5.657379999999999631e-01 -1.582999999999999989e-03
1.900000000000000000e+01 6.000000000000000000e+00 6.100000000000000000e+01 0.000000000000000000e+00 1.600000000000000089e+00 2.219000000000000052e-03 -3.851999999999999955e-03 9.999900000000000455e-01 5.653960000000000097e-01 -8.248079999999999856e-01 -4.432000000000000176e-03 8.248170000000000224e-01 5.654000000000000137e-01 3.480000000000000020e-04
7.000000000000000000e+00 2.700000000000000000e+01 6.300000000000000000e+01 0.000000000000000000e+00 1.600000000000000089e+00 1.886000000000000090e-03 5.160999999999999789e-03 9.999850000000000128e-01 -2.714969999999999883e-01 9.624289999999999790e-01 -4.455999999999999892e-03 -9.624369999999999870e-01 -2.714849999999999763e-01 3.216000000000000109e-03
1.500000000000000000e+01 2.700000000000000000e+01 6.300000000000000000e+01 0.000000000000000000e+00 1.600000000000000089e+00 1.330000000000000019e-03 -5.133000000000000410e-03 9.999860000000000415e-01 -2.719449999999999923e-01 9.622979999999999867e-01 5.301000000000000156e-03 -9.623119999999999452e-01 -2.719480000000000230e-01 -1.160000000000000007e-04
2.500000000000000000e+01 2.700000000000000000e+01 6.300000000000000000e+01 0.000000000000000000e+00 1.600000000000000089e+00 -2.210000000000000050e-04 -5.094999999999999703e-03 9.999869999999999592e-01 -2.733559999999999879e-01 9.619010000000000060e-01 4.839999999999999684e-03 -9.619130000000000180e-01 -2.733519999999999839e-01 -1.605000000000000090e-03
4.000000000000000000e+00 2.600000000000000000e+01 6.400000000000000000e+01 0.000000000000000000e+00 1.600000000000000089e+00 -5.419999999999999471e-04 2.635000000000000189e-03 9.999959999999999960e-01 -3.612259999999999915e-01 9.324750000000000538e-01 -2.652999999999999976e-03 -9.324780000000000291e-01 -3.612259999999999915e-01 4.470000000000000232e-04
7.000000000000000000e+00 2.600000000000000000e+01 6.400000000000000000e+01 0.000000000000000000e+00 1.600000000000000089e+00 1.693000000000000060e-03 5.199999999999999761e-03 9.999850000000000128e-01 -3.604609999999999759e-01 9.327649999999999553e-01 -4.239999999999999845e-03 -9.327729999999999633e-01 -3.604479999999999906e-01 3.452999999999999906e-03
1.600000000000000000e+01 2.600000000000000000e+01 6.400000000000000000e+01 0.000000000000000000e+00 1.600000000000000089e+00 2.216999999999999787e-03 -4.762999999999999873e-03 9.999860000000000415e-01 -3.639859999999999762e-01 9.313900000000000512e-01 5.243000000000000264e-03 -9.314019999999999522e-01 -3.639919999999999822e-01 3.310000000000000225e-04
2.700000000000000000e+01 2.600000000000000000e+01 6.400000000000000000e+01 0.000000000000000000e+00 1.600000000000000089e+00 1.768999999999999956e-03 -5.047000000000000271e-03 9.999860000000000415e-01 -3.630019999999999913e-01 9.317729999999999624e-01 5.344999999999999925e-03 -9.317870000000000319e-01 -3.630059999999999953e-01 -1.830000000000000029e-04
1.600000000000000000e+01 6.900000000000000000e+01 6.600000000000000000e+01 0.000000000000000000e+00 1.600000000000000089e+00 3.297000000000000017e-03 -2.446999999999999956e-03 9.999919999999999920e-01 -9.517630000000000257e-01 3.068089999999999984e-01 3.889000000000000096e-03 -3.068150000000000044e-01 -9.517679999999999474e-01 -1.317000000000000028e-03
2.000000000000000000e+01 6.900000000000000000e+01 6.600000000000000000e+01 0.000000000000000000e+00 1.600000000000000089e+00 2.746000000000000177e-03 -1.010000000000000020e-04 9.999959999999999960e-01 -9.527259999999999618e-01 3.038179999999999770e-01 2.647000000000000047e-03 -3.038170000000000037e-01 -9.527299999999999658e-01 7.380000000000000492e-04
4.000000000000000000e+00 2.500000000000000000e+01 7.300000000000000000e+01 0.000000000000000000e+00 1.600000000000000089e+00 -3.119999999999999944e-04 2.815999999999999927e-03 9.999959999999999960e-01 7.515100000000000113e-01 -6.597180000000000266e-01 2.092000000000000109e-03 6.597220000000000306e-01 7.515079999999999538e-01 -1.910000000000000022e-03
1.000000000000000000e+01 2.500000000000000000e+01 7.300000000000000000e+01 0.000000000000000000e+00 1.600000000000000089e+00 1.069999999999999988e-04 -6.710000000000000469e-04 1.000000000000000000e+00 7.556410000000000071e-01 -6.549859999999999571e-01 -5.199999999999999544e-04 6.549859999999999571e-01 7.556410000000000071e-01 4.369999999999999970e-04
1.400000000000000000e+01 2.500000000000000000e+01 7.300000000000000000e+01 0.000000000000000000e+00 1.600000000000000089e+00 -1.052999999999999900e-03 3.570000000000000040e-04 9.999989999999999712e-01 7.542100000000000470e-01 -6.566330000000000222e-01 1.028999999999999967e-03 6.566330000000000222e-01 7.542100000000000470e-01 4.220000000000000118e-04
2.000000000000000000e+01 2.500000000000000000e+01 7.300000000000000000e+01 0.000000000000000000e+00 1.600000000000000089e+00 1.982999999999999954e-03 2.853000000000000067e-03 9.999940000000000495e-01 7.561660000000000048e-01 -6.543799999999999617e-01 3.680000000000000003e-04 6.543769999999999865e-01 7.561600000000000543e-01 -3.455000000000000172e-03
2.300000000000000000e+01 2.500000000000000000e+01 7.300000000000000000e+01 0.000000000000000000e+00 1.600000000000000089e+00 1.026000000000000002e-03 1.152999999999999945e-03 9.999989999999999712e-01 7.560069999999999846e-01 -6.545630000000000059e-01 -2.099999999999999884e-05 6.545630000000000059e-01 7.560059999999999558e-01 -1.543000000000000101e-03
2.900000000000000000e+01 2.500000000000000000e+01 7.300000000000000000e+01 0.000000000000000000e+00 1.600000000000000089e+00 -2.432999999999999833e-03 -4.531000000000000305e-03 9.999869999999999592e-01 7.507660000000000444e-01 -6.605680000000000440e-01 -1.167000000000000069e-03 6.605640000000000400e-01 7.507530000000000037e-01 5.009000000000000431e-03
1.100000000000000000e+01 4.400000000000000000e+01 7.300000000000000000e+01 0.000000000000000000e+00 1.600000000000000089e+00 1.374000000000000004e-03 1.020000000000000073e-03 9.999989999999999712e-01 5.308800000000000324e-02 -9.985889999999999489e-01 9.460000000000000093e-04 9.985889999999999489e-01 5.308700000000000224e-02 -1.425999999999999967e-03
1.700000000000000000e+01 4.400000000000000000e+01 7.300000000000000000e+01 0.000000000000000000e+00 1.600000000000000089e+00 9.060000000000000128e-04 6.880000000000000265e-04 9.999989999999999712e-01 5.263999999999999929e-02 -9.986129999999999729e-01 6.390000000000000280e-04 9.986129999999999729e-01 5.263999999999999929e-02 -9.409999999999999962e-04
2.200000000000000000e+01 4.400000000000000000e+01 7.300000000000000000e+01 0.000000000000000000e+00 1.600000000000000089e+00 -4.499999999999999877e-04 -1.789999999999999925e-03 9.999980000000000535e-01 5.234400000000000164e-02 -9.986279999999999601e-01 -1.763999999999999943e-03 9.986289999999999889e-01 5.234300000000000064e-02 5.429999999999999714e-04
2.900000000000000000e+01 4.400000000000000000e+01 7.300000000000000000e+01 0.000000000000000000e+00 1.600000000000000089e+00 1.420999999999999954e-03 1.984999999999999785e-03 9.999970000000000248e-01 5.301299999999999762e-02 -9.985920000000000352e-01 1.905999999999999925e-03 9.985929999999999529e-01 5.301000000000000156e-02 -1.523999999999999964e-03
4.000000000000000000e+00 9.100000000000000000e+01 7.600000000000000000e+01 0.000000000000000000e+00 1.600000000000000089e+00 6.120000000000000223e-04 -4.100000000000000047e-05 1.000000000000000000e+00 3.152400000000000202e-01 -9.490119999999999667e-01 -2.320000000000000014e-04 9.490119999999999667e-01 3.152400000000000202e-01 -5.680000000000000370e-04
9.000000000000000000e+00 9.100000000000000000e+01 7.600000000000000000e+01 0.000000000000000000e+00 1.600000000000000089e+00 -1.763000000000000027e-03 -1.405999999999999915e-03 9.999970000000000248e-01 3.088310000000000222e-01 -9.511169999999999902e-01 -7.929999999999999766e-04 9.511150000000000437e-01 3.088279999999999914e-01 2.111000000000000029e-03
1.600000000000000000e+01 9.100000000000000000e+01 7.600000000000000000e+01 0.000000000000000000e+00 1.600000000000000089e+00 8.800000000000000313e-04 8.600000000000000331e-05 1.000000000000000000e+00 3.036449999999999982e-01 -9.527849999999999930e-01 -1.849999999999999973e-04 9.527849999999999930e-01 3.036449999999999982e-01 -8.649999999999999920e-04
2.000000000000000000e+01 9.100000000000000000e+01 7.600000000000000000e+01 0.000000000000000000e+00 1.600000000000000089e+00 2.959999999999999849e-04 7.489999999999999913e-04 1.000000000000000000e+00 3.242269999999999874e-01 -9.459790000000000143e-01 6.120000000000000223e-04 9.459790000000000143e-01 3.242269999999999874e-01 -5.230000000000000274e-04
2.300000000000000000e+01 9.100000000000000000e+01 7.600000000000000000e+01 0.000000000000000000e+00 1.600000000000000089e+00 -7.900000000000000121e-04 -8.600000000000000331e-05 1.000000000000000000e+00 3.276209999999999956e-01 -9.448090000000000099e-01 1.769999999999999926e-04 9.448090000000000099e-01 3.276209999999999956e-01 7.749999999999999728e-04
2.700000000000000000e+01 9.100000000000000000e+01 7.600000000000000000e+01 0.000000000000000000e+00 1.600000000000000089e+00 4.719999999999999803e-04 9.240000000000000166e-04 9.999989999999999712e-01 3.178889999999999771e-01 -9.481279999999999708e-01 7.259999999999999743e-04 9.481279999999999708e-01 3.178889999999999771e-01 -7.410000000000000137e-04
1.400000000000000000e+01 6.300000000000000000e+01 8.100000000000000000e+01 0.000000000000000000e+00 1.600000000000000089e+00 4.420000000000000101e-04 1.606999999999999922e-03 9.999989999999999712e-01 1.656799999999999939e-02 -9.998609999999999998e-01 1.600000000000000077e-03 9.998629999999999463e-01 1.656699999999999839e-02 -4.690000000000000158e-04
5.000000000000000000e+00 4.400000000000000000e+01 8.300000000000000000e+01 0.000000000000000000e+00 1.600000000000000089e+00 9.740000000000000394e-04 -1.655999999999999920e-03 9.999980000000000535e-01 5.860889999999999711e-01 -8.102439999999999642e-01 -1.912999999999999987e-03 8.102460000000000218e-01 5.860899999999999999e-01 1.810000000000000085e-04
1.400000000000000000e+01 4.400000000000000000e+01 8.300000000000000000e+01 0.000000000000000000e+00 1.600000000000000089e+00 -3.260000000000000094e-04 2.220999999999999884e-03 9.999970000000000248e-01 5.852289999999999992e-01 -8.108649999999999469e-01 1.991999999999999847e-03 8.108680000000000332e-01 5.852289999999999992e-01 -1.034999999999999896e-03
1.800000000000000000e+01 4.400000000000000000e+01 8.300000000000000000e+01 0.000000000000000000e+00 1.600000000000000089e+00 -6.840000000000000377e-04 4.608000000000000117e-03 9.999890000000000168e-01 5.847930000000000073e-01 -8.111720000000000041e-01 4.138000000000000185e-03 8.111819999999999586e-01 5.847890000000000033e-01 -2.139999999999999975e-03
2.700000000000000000e+01 4.400000000000000000e+01 8.300000000000000000e+01 0.000000000000000000e+00 1.600000000000000089e+00 -1.123999999999999999e-03 -2.229999999999999994e-04 9.999989999999999712e-01 5.771110000000000406e-01 -8.166660000000000030e-01 4.670000000000000214e-04 8.166649999999999743e-01 5.771110000000000406e-01 1.046999999999999971e-03
