7.000000000000000000e+00 2.500000000000000000e+01 1.000000000000000000e+00 0.000000000000000000e+00 1.600000000000000089e+00 1.645999999999999894e-03 -2.169999999999999891e-04 -9.999989999999999712e-01 -5.171930000000000138e-01 -8.558679999999999621e-01 -6.650000000000000095e-04 -8.558670000000000444e-01 5.171930000000000138e-01 -1.521000000000000000e-03
5.000000000000000000e+00 1.500000000000000000e+01 4.000000000000000000e+00 0.000000000000000000e+00 1.600000000000000089e+00 1.505000000000000044e-03 6.629999999999999609e-04 9.999989999999999712e-01 3.122400000000000175e-01 -9.500030000000000419e-01 1.600000000000000131e-04 9.500020000000000131e-01 3.122389999999999888e-01 -1.637000000000000000e-03
1.200000000000000000e+01 1.500000000000000000e+01 4.000000000000000000e+00 0.000000000000000000e+00 1.600000000000000089e+00 -3.099999999999999999e-04 6.151000000000000217e-03 9.999810000000000088e-01 3.133889999999999731e-01 -9.496059999999999501e-01 5.937999999999999702e-03 9.496250000000000524e-01 3.133850000000000247e-01 -1.632999999999999903e-03
1.900000000000000000e+01 1.500000000000000000e+01 4.000000000000000000e+00 0.000000000000000000e+00 1.600000000000000089e+00 -1.240000000000000000e-03 -7.636999999999999691e-03 9.999700000000000255e-01 3.136289999999999911e-01 -9.495209999999999484e-01 -6.863000000000000177e-03 9.495449999999999724e-01 3.136109999999999731e-01 3.572999999999999787e-03
2.100000000000000000e+01 1.500000000000000000e+01 4.000000000000000000e+00 0.000000000000000000e+00 1.600000000000000089e+00 9.319999999999999942e-04 -4.303999999999999666e-03 9.999900000000000455e-01 3.143070000000000030e-01 -9.493110000000000159e-01 -4.379000000000000080e-03 9.493209999999999704e-01 3.143079999999999763e-01 4.679999999999999915e-04
2.500000000000000000e+01 1.500000000000000000e+01 4.000000000000000000e+00 0.000000000000000000e+00 1.600000000000000089e+00 3.670000000000000085e-03 5.074000000000000385e-03 9.999799999999999800e-01 3.154609999999999914e-01 -9.489319999999999977e-01 3.657999999999999793e-03 9.489309999999999690e-01 3.154410000000000269e-01 -5.082999999999999845e-03
2.600000000000000000e+01 4.000000000000000000e+00 5.000000000000000000e+00 0.000000000000000000e+00 1.600000000000000089e+00 -8.482999999999999222e-03 -2.097399999999999959e-02 9.997439999999999660e-01 2.212339999999999862e-01 -9.750440000000000218e-01 -1.857899999999999829e-02 9.751840000000000508e-01 2.210199999999999942e-01 1.291199999999999987e-02
1.100000000000000000e+01 1.010000000000000000e+02 7.000000000000000000e+00 0.000000000000000000e+00 1.600000000000000089e+00 4.479999999999999933e-04 -2.039999999999999984e-04 1.000000000000000000e+00 8.863189999999999680e-01 4.630750000000000144e-01 -3.020000000000000223e-04 -4.630750000000000144e-01 8.863189999999999680e-01 3.879999999999999985e-04
1.500000000000000000e+01 1.010000000000000000e+02 7.000000000000000000e+00 0.000000000000000000e+00 1.600000000000000089e+00 3.569999999999999823e-03 8.730999999999999178e-03 9.999559999999999560e-01 8.876969999999999583e-01 4.603709999999999747e-01 -7.189000000000000078e-03 -4.604130000000000167e-01 8.876840000000000286e-01 -6.106999999999999582e-03
1.900000000000000000e+01 1.010000000000000000e+02 7.000000000000000000e+00 0.000000000000000000e+00 1.600000000000000089e+00 7.759999999999999971e-04 -7.342999999999999701e-03 9.999730000000000008e-01 8.890599999999999614e-01 4.577820000000000222e-01 2.671999999999999896e-03 -4.577890000000000015e-01 8.890339999999999909e-01 6.884000000000000362e-03
2.200000000000000000e+01 1.010000000000000000e+02 7.000000000000000000e+00 0.000000000000000000e+00 1.600000000000000089e+00 -9.349999999999999587e-04 -1.027899999999999994e-02 9.999470000000000303e-01 8.898859999999999548e-01 4.561490000000000267e-01 5.520999999999999866e-03 -4.561810000000000032e-01 8.898439999999999683e-01 8.720000000000000320e-03
3.000000000000000000e+00 2.500000000000000000e+01 8.000000000000000000e+00 0.000000000000000000e+00 1.600000000000000089e+00 -9.579999999999999757e-04 -7.204000000000000334e-03 -9.999740000000000295e-01 4.474739999999999829e-01 8.942710000000000381e-01 -6.871000000000000371e-03 8.942970000000000086e-01 -4.474679999999999769e-01 2.367000000000000180e-03
7.000000000000000000e+00 2.500000000000000000e+01 8.000000000000000000e+00 0.000000000000000000e+00 1.600000000000000089e+00 -2.116999999999999958e-03 -5.400000000000000286e-03 -9.999829999999999552e-01 4.480939999999999923e-01 8.939679999999999849e-01 -5.775999999999999884e-03 8.939840000000000009e-01 -4.480990000000000251e-01 5.270000000000000162e-04
1.100000000000000000e+01 2.500000000000000000e+01 8.000000000000000000e+00 0.000000000000000000e+00 1.600000000000000089e+00 -1.502999999999999996e-03 -6.499999999999999702e-04 -9.999989999999999712e-01 4.490879999999999872e-01 8.934870000000000312e-01 -1.255999999999999955e-03 8.934860000000000024e-01 -4.490890000000000160e-01 -1.051000000000000068e-03
2.000000000000000000e+01 2.500000000000000000e+01 8.000000000000000000e+00 0.000000000000000000e+00 1.600000000000000089e+00 -1.440000000000000036e-04 -4.093000000000000284e-03 -9.999919999999999920e-01 4.490359999999999907e-01 8.935060000000000224e-01 -3.722000000000000048e-03 8.935140000000000304e-01 -4.490330000000000155e-01 1.709000000000000016e-03
2.400000000000000000e+01 2.500000000000000000e+01 8.000000000000000000e+00 0.000000000000000000e+00 1.600000000000000089e+00 5.980000000000000072e-04 -4.632999999999999965e-03 -9.999890000000000168e-01 4.492769999999999819e-01 8.933839999999999559e-01 -3.870000000000000176e-03 8.933919999999999639e-01 -4.492700000000000027e-01 2.615000000000000137e-03
2.800000000000000000e+01 2.500000000000000000e+01 8.000000000000000000e+00 0.000000000000000000e+00 1.600000000000000089e+00 2.041999999999999978e-03 1.595000000000000064e-03 -9.999970000000000248e-01 4.491060000000000052e-01 8.934760000000000479e-01 2.343000000000000031e-03 8.934760000000000479e-01 -4.491089999999999804e-01 1.108000000000000044e-03
3.000000000000000000e+00 2.400000000000000000e+01 9.000000000000000000e+00 0.000000000000000000e+00 1.600000000000000089e+00 -1.075999999999999917e-03 -6.967000000000000103e-03 -9.999749999999999472e-01 4.528130000000000210e-01 8.915800000000000392e-01 -6.699000000000000093e-03 8.916049999999999809e-01 -4.528090000000000170e-01 2.194999999999999903e-03
7.000000000000000000e+00 2.400000000000000000e+01 9.000000000000000000e+00 0.000000000000000000e+00 1.600000000000000089e+00 -1.775000000000000102e-03 -4.047000000000000250e-03 -9.999900000000000455e-01 4.535950000000000260e-01 8.911970000000000169e-01 -4.412000000000000123e-03 8.912060000000000537e-01 -4.535980000000000012e-01 2.539999999999999940e-04
1.200000000000000000e+01 2.400000000000000000e+01 9.000000000000000000e+00 0.000000000000000000e+00 1.600000000000000089e+00 -1.299000000000000024e-03 3.435999999999999818e-03 -9.999930000000000208e-01 4.548139999999999961e-01 8.905830000000000135e-01 2.468999999999999841e-03 8.905849999999999600e-01 -4.548079999999999901e-01 -2.720000000000000195e-03
2.000000000000000000e+01 2.400000000000000000e+01 9.000000000000000000e+00 0.000000000000000000e+00 1.600000000000000089e+00 3.399999999999999973e-05 -4.433000000000000308e-03 -9.999900000000000455e-01 4.534869999999999735e-01 8.912539999999999907e-01 -3.935000000000000130e-03 8.912630000000000274e-01 -4.534819999999999962e-01 2.040000000000000147e-03
2.800000000000000000e+01 2.400000000000000000e+01 9.000000000000000000e+00 0.000000000000000000e+00 1.600000000000000089e+00 1.992999999999999980e-03 3.419999999999999863e-03 -9.999919999999999920e-01 4.534940000000000082e-01 8.912499999999999867e-01 3.950999999999999651e-03 8.912569999999999659e-01 -4.534989999999999855e-01 2.249999999999999938e-04
9.000000000000000000e+00 3.100000000000000000e+01 1.200000000000000000e+01 0.000000000000000000e+00 1.600000000000000089e+00 1.900000000000000105e-04 -2.651000000000000145e-03 9.999959999999999960e-01 -7.050000000000000060e-04 9.999959999999999960e-01 2.651000000000000145e-03 -1.000000000000000000e+00 -7.060000000000000303e-04 1.890000000000000133e-04
2.300000000000000000e+01 3.100000000000000000e+01 1.200000000000000000e+01 0.000000000000000000e+00 1.600000000000000089e+00 -1.505000000000000044e-03 -4.938999999999999814e-03 9.999869999999999592e-01 -2.589000000000000155e-03 9.999839999999999840e-01 4.935000000000000150e-03 -9.999959999999999960e-01 -2.580999999999999961e-03 -1.518000000000000035e-03
2.600000000000000000e+01 3.100000000000000000e+01 1.200000000000000000e+01 0.000000000000000000e+00 1.600000000000000089e+00 -1.337999999999999997e-03 -3.176000000000000004e-03 9.999940000000000495e-01 -3.739999999999999835e-04 9.999949999999999672e-01 3.176000000000000004e-03 -9.999989999999999712e-01 -3.690000000000000246e-04 -1.338999999999999913e-03
2.900000000000000000e+01 3.100000000000000000e+01 1.200000000000000000e+01 0.000000000000000000e+00 1.600000000000000089e+00 -1.941000000000000017e-03 -1.968000000000000131e-03 9.999959999999999960e-01 1.315999999999999896e-03 9.999970000000000248e-01 1.969999999999999963e-03 -9.999970000000000248e-01 1.319999999999999993e-03 -1.938000000000000052e-03
4.000000000000000000e+00 3.200000000000000000e+01 1.400000000000000000e+01 0.000000000000000000e+00 1.600000000000000089e+00 4.040000000000000080e-04 1.330000000000000073e-04 -1.000000000000000000e+00 1.077059999999999962e-01 9.941830000000000389e-01 1.759999999999999954e-04 9.941830000000000389e-01 -1.077059999999999962e-01 3.869999999999999742e-04
1.500000000000000000e+01 3.200000000000000000e+01 1.400000000000000000e+01 0.000000000000000000e+00 1.600000000000000089e+00 1.369999999999999961e-04 4.272999999999999889e-03 -9.999909999999999632e-01 1.063130000000000047e-01 9.943239999999999856e-01 4.263000000000000296e-03 9.943330000000000224e-01 -1.063130000000000047e-01 -3.190000000000000019e-04
4.000000000000000000e+00 1.200000000000000000e+01 1.500000000000000000e+01 0.000000000000000000e+00 1.600000000000000089e+00 -6.949999999999999798e-04 2.052000000000000005e-03 -9.999980000000000535e-01 -4.699579999999999869e-01 -8.826880000000000281e-01 -1.484999999999999992e-03 -8.826889999999999459e-01 4.699550000000000116e-01 1.577000000000000060e-03
8.000000000000000000e+00 1.200000000000000000e+01 1.500000000000000000e+01 0.000000000000000000e+00 1.600000000000000089e+00 -6.750000000000000357e-04 -2.432000000000000134e-03 -9.999970000000000248e-01 -4.724149999999999738e-01 -8.813729999999999620e-01 2.462999999999999912e-03 -8.813760000000000483e-01 4.724149999999999738e-01 -5.540000000000000219e-04
1.000000000000000000e+01 1.160000000000000000e+02 1.600000000000000000e+01 0.000000000000000000e+00 1.600000000000000089e+00 4.879999999999999898e-04 2.416000000000000179e-03 9.999970000000000248e-01 6.948480000000000212e-01 7.191530000000000422e-01 -2.076999999999999853e-03 -7.191560000000000175e-01 6.948469999999999924e-01 -1.327000000000000055e-03
5.000000000000000000e+00 2.000000000000000000e+00 1.900000000000000000e+01 0.000000000000000000e+00 1.600000000000000089e+00 9.330000000000000186e-04 2.135000000000000179e-03 -9.999970000000000248e-01 1.893350000000000033e-01 -9.819109999999999783e-01 -1.920000000000000049e-03 -9.819120000000000070e-01 -1.893330000000000013e-01 -1.320999999999999909e-03
1.200000000000000000e+01 2.000000000000000000e+00 1.900000000000000000e+01 0.000000000000000000e+00 1.600000000000000089e+00 1.988000000000000184e-03 5.550000000000000462e-04 -9.999980000000000535e-01 1.910640000000000116e-01 -9.815779999999999506e-01 -1.649999999999999991e-04 -9.815760000000000041e-01 -1.910630000000000106e-01 -2.057999999999999934e-03
1.600000000000000000e+01 2.000000000000000000e+00 1.900000000000000000e+01 0.000000000000000000e+00 1.600000000000000089e+00 -7.849999999999999990e-04 -1.332000000000000068e-03 -9.999989999999999712e-01 1.927109999999999934e-01 -9.812549999999999883e-01 1.154999999999999994e-03 -9.812549999999999883e-01 -1.927099999999999924e-01 1.026999999999999918e-03
2.200000000000000000e+01 2.000000000000000000e+00 1.900000000000000000e+01 0.000000000000000000e+00 1.600000000000000089e+00 -1.575999999999999927e-03 -2.710999999999999868e-03 -9.999949999999999672e-01 1.957119999999999971e-01 -9.806589999999999474e-01 2.350000000000000092e-03 -9.806599999999999762e-01 -1.957069999999999921e-01 2.076999999999999853e-03
2.800000000000000000e+01 2.000000000000000000e+00 1.900000000000000000e+01 0.000000000000000000e+00 1.600000000000000089e+00 -9.590000000000000000e-04 -1.059099999999999972e-02 -9.999430000000000263e-01 1.942069999999999907e-01 -9.809080000000000021e-01 1.020300000000000026e-02 -9.809600000000000541e-01 -1.941859999999999975e-01 2.997999999999999797e-03
1.800000000000000000e+01 4.000000000000000000e+00 2.000000000000000000e+01 0.000000000000000000e+00 1.600000000000000089e+00 -3.033999999999999805e-03 -2.883999999999999845e-03 -9.999909999999999632e-01 3.068429999999999769e-01 -9.517579999999999929e-01 1.814000000000000074e-03 -9.517550000000000177e-01 -3.068350000000000244e-01 3.772999999999999878e-03
2.500000000000000000e+01 4.000000000000000000e+00 2.000000000000000000e+01 0.000000000000000000e+00 1.600000000000000089e+00 -4.279999999999999950e-04 -5.372000000000000039e-03 -9.999860000000000415e-01 3.053939999999999988e-01 -9.522129999999999761e-01 4.984999999999999848e-03 -9.522260000000000169e-01 -3.053870000000000196e-01 2.047999999999999907e-03
6.000000000000000000e+00 1.300000000000000000e+01 2.000000000000000000e+01 0.000000000000000000e+00 1.600000000000000089e+00 -6.139999999999999625e-04 -3.771000000000000046e-03 9.999930000000000208e-01 2.608269999999999755e-01 9.653779999999999584e-01 3.801000000000000125e-03 -9.653850000000000486e-01 2.608269999999999755e-01 3.910000000000000172e-04
8.000000000000000000e+00 1.300000000000000000e+01 2.000000000000000000e+01 0.000000000000000000e+00 1.600000000000000089e+00 2.149999999999999947e-04 -1.126000000000000048e-03 9.999989999999999712e-01 2.608210000000000250e-01 9.653869999999999951e-01 1.031000000000000015e-03 -9.653869999999999951e-01 2.608210000000000250e-01 5.010000000000000347e-04
1.300000000000000000e+01 1.300000000000000000e+01 2.000000000000000000e+01 0.000000000000000000e+00 1.600000000000000089e+00 3.339999999999999870e-04 5.879999999999999810e-04 1.000000000000000000e+00 2.596609999999999752e-01 9.657000000000000028e-01 -6.539999999999999590e-04 -9.657000000000000028e-01 2.596609999999999752e-01 1.700000000000000122e-04
1.800000000000000000e+01 1.300000000000000000e+01 2.000000000000000000e+01 0.000000000000000000e+00 1.600000000000000089e+00 2.759999999999999867e-04 -1.407000000000000048e-03 9.999989999999999712e-01 2.583770000000000233e-01 9.660429999999999851e-01 1.288000000000000082e-03 -9.660440000000000138e-01 2.583759999999999946e-01 6.310000000000000504e-04
2.100000000000000000e+01 1.300000000000000000e+01 2.000000000000000000e+01 0.000000000000000000e+00 1.600000000000000089e+00 -9.740000000000000394e-04 7.489999999999999913e-04 9.999989999999999712e-01 2.577269999999999839e-01 9.662180000000000213e-01 -4.719999999999999803e-04 -9.662169999999999925e-01 2.577260000000000106e-01 -1.134000000000000025e-03
1.000000000000000000e+00 3.000000000000000000e+00 2.500000000000000000e+01 0.000000000000000000e+00 1.600000000000000089e+00 -3.374999999999999962e-03 -5.108999999999999826e-03 9.999810000000000088e-01 -5.789699999999999708e-02 -9.983079999999999732e-01 -5.296000000000000360e-03 9.983170000000000099e-01 -5.791400000000000020e-02 3.073000000000000211e-03
5.000000000000000000e+00 3.000000000000000000e+00 2.500000000000000000e+01 0.000000000000000000e+00 1.600000000000000089e+00 -1.196999999999999930e-03 3.005999999999999991e-03 9.999949999999999672e-01 -5.775199999999999778e-02 -9.983269999999999644e-01 2.932000000000000144e-03 9.983300000000000507e-01 -5.774900000000000172e-02 1.368999999999999991e-03
1.000000000000000000e+01 3.000000000000000000e+00 2.500000000000000000e+01 0.000000000000000000e+00 1.600000000000000089e+00 1.051999999999999984e-03 5.472000000000000301e-03 9.999850000000000128e-01 -5.866299999999999987e-02 -9.982630000000000114e-01 5.524000000000000264e-03 9.982769999999999699e-01 -5.866799999999999793e-02 -7.290000000000000473e-04
1.800000000000000000e+01 3.000000000000000000e+00 2.500000000000000000e+01 0.000000000000000000e+00 1.600000000000000089e+00 -3.000000000000000076e-05 -2.168999999999999921e-03 9.999980000000000535e-01 -6.919400000000000550e-02 -9.976009999999999600e-01 -2.165999999999999957e-03 9.976030000000000175e-01 -6.919400000000000550e-02 -1.200000000000000030e-04
2.400000000000000000e+01 3.000000000000000000e+00 2.500000000000000000e+01 0.000000000000000000e+00 1.600000000000000089e+00 -4.382999999999999743e-03 -8.167999999999999913e-03 9.999569999999999848e-01 -6.629300000000000470e-02 -9.977639999999999842e-01 -8.439999999999999586e-03 9.977909999999999835e-01 -6.632699999999999707e-02 3.831000000000000204e-03
2.700000000000000000e+01 3.000000000000000000e+00 2.500000000000000000e+01 0.000000000000000000e+00 1.600000000000000089e+00 -4.094000000000000417e-03 -8.883000000000000271e-03 9.999519999999999520e-01 -6.728599999999999859e-02 -9.976920000000000233e-01 -9.138999999999999554e-03 9.977249999999999730e-01 -6.732000000000000484e-02 3.485999999999999949e-03
5.000000000000000000e+00 4.600000000000000000e+01 2.700000000000000000e+01 0.000000000000000000e+00 1.600000000000000089e+00 -3.339999999999999870e-04 -3.840000000000000097e-04 -1.000000000000000000e+00 6.778950000000000253e-01 7.351590000000000069e-01 -5.090000000000000123e-04 7.351590000000000069e-01 -6.778950000000000253e-01 1.399999999999999979e-05
9.000000000000000000e+00 4.600000000000000000e+01 2.700000000000000000e+01 0.000000000000000000e+00 1.600000000000000089e+00 8.159999999999999936e-04 4.100000000000000047e-05 -1.000000000000000000e+00 6.782040000000000290e-01 7.348740000000000272e-01 5.829999999999999679e-04 7.348729999999999984e-01 -6.782040000000000290e-01 5.720000000000000258e-04
1.300000000000000000e+01 4.600000000000000000e+01 2.700000000000000000e+01 0.000000000000000000e+00 1.600000000000000089e+00 1.263000000000000017e-03 -5.450000000000000200e-04 -9.999989999999999712e-01 6.784949999999999593e-01 7.346049999999999525e-01 4.569999999999999952e-04 7.346040000000000347e-01 -6.784949999999999593e-01 1.297999999999999892e-03
3.000000000000000000e+00 5.800000000000000000e+01 3.100000000000000000e+01 0.000000000000000000e+00 1.600000000000000089e+00 -3.651999999999999864e-03 -2.092999999999999809e-03 9.999909999999999632e-01 -8.088189999999999547e-01 -5.880429999999999824e-01 -4.185000000000000352e-03 5.880469999999999864e-01 -8.088269999999999627e-01 4.539999999999999765e-04
7.000000000000000000e+00 5.800000000000000000e+01 3.100000000000000000e+01 0.000000000000000000e+00 1.600000000000000089e+00 5.779999999999999548e-04 -3.115999999999999846e-03 9.999949999999999672e-01 -8.101249999999999840e-01 -5.862549999999999706e-01 -1.358999999999999965e-03 5.862570000000000281e-01 -8.101199999999999513e-01 -2.863999999999999792e-03
1.100000000000000000e+01 5.800000000000000000e+01 3.100000000000000000e+01 0.000000000000000000e+00 1.600000000000000089e+00 -2.015999999999999997e-03 -4.310000000000000137e-04 9.999980000000000535e-01 -8.101800000000000113e-01 -5.861779999999999768e-01 -1.886000000000000090e-03 5.861779999999999768e-01 -8.101819999999999578e-01 8.329999999999999731e-04
1.800000000000000000e+01 5.800000000000000000e+01 3.100000000000000000e+01 0.000000000000000000e+00 1.600000000000000089e+00 -6.319999999999999663e-04 1.427000000000000100e-03 9.999989999999999712e-01 -8.120159999999999600e-01 -5.836360000000000436e-01 3.190000000000000019e-04 5.836350000000000149e-01 -8.120140000000000136e-01 1.526999999999999929e-03
2.200000000000000000e+01 5.800000000000000000e+01 3.100000000000000000e+01 0.000000000000000000e+00 1.600000000000000089e+00 2.089999999999999844e-03 2.782999999999999884e-03 9.999940000000000495e-01 -8.088480000000000114e-01 -5.880079999999999751e-01 3.327000000000000096e-03 5.880140000000000366e-01 -8.088499999999999579e-01 1.021999999999999905e-03
2.700000000000000000e+01 5.800000000000000000e+01 3.100000000000000000e+01 0.000000000000000000e+00 1.600000000000000089e+00 -4.200000000000000174e-04 2.723000000000000160e-03 9.999959999999999960e-01 -8.057199999999999918e-01 -5.922950000000000159e-01 1.273999999999999959e-03 5.922960000000000447e-01 -8.057170000000000165e-01 2.442999999999999859e-03
6.000000000000000000e+00 4.600000000000000000e+01 3.500000000000000000e+01 0.000000000000000000e+00 1.600000000000000089e+00 1.969999999999999909e-04 1.965999999999999866e-03 -9.999980000000000535e-01 3.921629999999999838e-01 -9.198939999999999895e-01 -1.730999999999999900e-03 -9.198960000000000470e-01 -3.921620000000000106e-01 -9.520000000000000467e-04
1.200000000000000000e+01 4.600000000000000000e+01 3.500000000000000000e+01 0.000000000000000000e+00 1.600000000000000089e+00 -5.270000000000000162e-04 -8.980000000000000352e-04 -1.000000000000000000e+00 3.923459999999999726e-01 -9.198180000000000245e-01 6.199999999999999999e-04 -9.198180000000000245e-01 -3.923449999999999993e-01 8.369999999999999619e-04
1.800000000000000000e+01 4.600000000000000000e+01 3.500000000000000000e+01 0.000000000000000000e+00 1.600000000000000089e+00 5.990000000000000316e-04 -6.930000000000000396e-04 -1.000000000000000000e+00 3.915669999999999984e-01 -9.201489999999999947e-01 8.720000000000000537e-04 -9.201489999999999947e-01 -3.915669999999999984e-01 -2.799999999999999755e-04
2.400000000000000000e+01 4.600000000000000000e+01 3.500000000000000000e+01 0.000000000000000000e+00 1.600000000000000089e+00 -6.019999999999999961e-04 -5.611999999999999801e-03 -9.999839999999999840e-01 3.926819999999999755e-01 -9.196609999999999507e-01 4.924000000000000425e-03 -9.196739999999999915e-01 -3.926729999999999943e-01 2.756999999999999902e-03
2.800000000000000000e+01 4.600000000000000000e+01 3.500000000000000000e+01 0.000000000000000000e+00 1.600000000000000089e+00 3.469999999999999777e-04 1.400999999999999902e-03 -9.999989999999999712e-01 3.922209999999999863e-01 -9.198699999999999655e-01 -1.152999999999999945e-03 -9.198709999999999942e-01 -3.922200000000000131e-01 -8.679999999999999565e-04
7.000000000000000000e+00 9.500000000000000000e+01 3.600000000000000000e+01 0.000000000000000000e+00 1.600000000000000089e+00 -8.005999999999999228e-03 -1.520000000000000084e-03 9.999670000000000503e-01 9.970769999999999911e-01 7.596999999999999587e-02 8.097999999999999296e-03 -7.598000000000000587e-02 9.971090000000000231e-01 9.070000000000000371e-04
1.300000000000000000e+01 9.500000000000000000e+01 3.600000000000000000e+01 0.000000000000000000e+00 1.600000000000000089e+00 1.994000000000000113e-03 -2.053500000000000117e-02 9.997869999999999813e-01 9.969799999999999773e-01 7.765800000000000480e-02 -3.930000000000000117e-04 -7.763299999999999368e-02 9.967690000000000161e-01 2.062800000000000050e-02
6.000000000000000000e+00 2.900000000000000000e+01 4.400000000000000000e+01 0.000000000000000000e+00 1.600000000000000089e+00 2.570999999999999935e-03 -2.727999999999999956e-03 -9.999930000000000208e-01 6.747199999999999864e-01 7.380740000000000078e-01 -2.790000000000000054e-04 7.380700000000000038e-01 -6.747140000000000359e-01 3.738000000000000003e-03
9.000000000000000000e+00 2.900000000000000000e+01 4.400000000000000000e+01 0.000000000000000000e+00 1.600000000000000089e+00 1.252999999999999991e-03 -3.937999999999999660e-03 -9.999909999999999632e-01 6.719019999999999992e-01 7.406369999999999898e-01 -2.075000000000000022e-03 7.406390000000000473e-01 -6.718929999999999625e-01 3.573999999999999920e-03
1.500000000000000000e+01 2.900000000000000000e+01 4.400000000000000000e+01 0.000000000000000000e+00 1.600000000000000089e+00 -9.420000000000000205e-04 -5.089999999999999906e-03 -9.999869999999999592e-01 6.665360000000000174e-01 7.454589999999999828e-01 -4.422999999999999848e-03 7.454720000000000235e-01 -6.665320000000000134e-01 2.690000000000000117e-03
1.800000000000000000e+01 2.900000000000000000e+01 4.400000000000000000e+01 0.000000000000000000e+00 1.600000000000000089e+00 -2.730000000000000222e-04 -5.278999999999999838e-03 -9.999860000000000415e-01 6.646980000000000111e-01 7.471010000000000151e-01 -4.126000000000000327e-03 7.471119999999999983e-01 -6.646900000000000031e-01 3.305000000000000212e-03
2.300000000000000000e+01 2.900000000000000000e+01 4.400000000000000000e+01 0.000000000000000000e+00 1.600000000000000089e+00 1.173999999999999913e-03 1.663999999999999898e-03 -9.999980000000000535e-01 6.566929999999999712e-01 7.541550000000000198e-01 2.026000000000000023e-03 7.541569999999999663e-01 -6.566940000000000000e-01 -2.069999999999999900e-04
2.800000000000000000e+01 2.900000000000000000e+01 4.400000000000000000e+01 0.000000000000000000e+00 1.600000000000000089e+00 7.569999999999999689e-04 -1.368000000000000075e-03 -9.999989999999999712e-01 6.574860000000000149e-01 7.534659999999999691e-01 -5.320000000000000293e-04 7.534659999999999691e-01 -6.574849999999999861e-01 1.469999999999999953e-03
3.000000000000000000e+00 5.000000000000000000e+00 5.100000000000000000e+01 0.000000000000000000e+00 1.600000000000000089e+00 -2.605999999999999810e-03 -3.804999999999999789e-03 -9.999890000000000168e-01 4.833529999999999771e-01 -8.754229999999999512e-01 2.070999999999999924e-03 -8.754220000000000335e-01 -4.833430000000000226e-01 4.120999999999999663e-03
1.100000000000000000e+01 5.000000000000000000e+00 5.100000000000000000e+01 0.000000000000000000e+00 1.600000000000000089e+00 7.519999999999999558e-04 1.090000000000000040e-03 -9.999989999999999712e-01 4.862819999999999920e-01 -8.738019999999999676e-01 -5.869999999999999567e-04 -8.738019999999999676e-01 -4.862810000000000188e-01 -1.188000000000000037e-03
1.600000000000000000e+01 5.000000000000000000e+00 5.100000000000000000e+01 0.000000000000000000e+00 1.600000000000000089e+00 -4.290000000000000193e-04 -5.439999999999999957e-04 -1.000000000000000000e+00 4.828580000000000094e-01 -8.756990000000000052e-01 2.689999999999999791e-04 -8.756990000000000052e-01 -4.828580000000000094e-01 6.380000000000000037e-04
2.400000000000000000e+01 5.000000000000000000e+00 5.100000000000000000e+01 0.000000000000000000e+00 1.600000000000000089e+00 -1.410999999999999928e-03 -4.240999999999999978e-03 -9.999900000000000455e-01 4.905240000000000156e-01 -8.714220000000000299e-01 3.003000000000000027e-03 -8.714260000000000339e-01 -4.905149999999999788e-01 3.310000000000000008e-03
4.000000000000000000e+00 6.300000000000000000e+01 5.400000000000000000e+01 0.000000000000000000e+00 1.600000000000000089e+00 1.668999999999999911e-03 1.023999999999999954e-03 9.999980000000000535e-01 -3.430349999999999788e-01 9.393230000000000190e-01 -3.890000000000000228e-04 -9.393209999999999615e-01 -3.430340000000000056e-01 1.918999999999999916e-03
9.000000000000000000e+00 6.300000000000000000e+01 5.400000000000000000e+01 0.000000000000000000e+00 1.600000000000000089e+00 2.359999999999999902e-04 4.859999999999999954e-04 1.000000000000000000e+00 -3.456830000000000180e-01 9.383510000000000462e-01 -3.750000000000000078e-04 -9.383510000000000462e-01 -3.456830000000000180e-01 3.899999999999999929e-04
1.400000000000000000e+01 6.300000000000000000e+01 5.400000000000000000e+01 0.000000000000000000e+00 1.600000000000000089e+00 -4.169999999999999987e-04 1.494000000000000102e-03 9.999989999999999712e-01 -3.486150000000000082e-01 9.372650000000000148e-01 -1.546000000000000065e-03 -9.372660000000000435e-01 -3.486159999999999815e-01 1.299999999999999886e-04
2.300000000000000000e+01 6.300000000000000000e+01 5.400000000000000000e+01 0.000000000000000000e+00 1.600000000000000089e+00 1.680000000000000070e-03 4.523000000000000111e-03 9.999879999999999880e-01 -3.544289999999999941e-01 9.350760000000000183e-01 -3.634000000000000077e-03 -9.350819999999999688e-01 -3.544180000000000108e-01 3.174000000000000172e-03
2.900000000000000000e+01 6.300000000000000000e+01 5.400000000000000000e+01 0.000000000000000000e+00 1.600000000000000089e+00 -1.044000000000000006e-03 -2.863999999999999792e-03 9.999949999999999672e-01 -3.631489999999999996e-01 9.317280000000000006e-01 2.288999999999999802e-03 -9.317309999999999759e-01 -3.631449999999999956e-01 -2.011999999999999900e-03
7.000000000000000000e+00 2.500000000000000000e+01 5.500000000000000000e+01 0.000000000000000000e+00 1.600000000000000089e+00 1.275000000000000092e-03 2.124000000000000020e-03 -9.999970000000000248e-01 -8.673000000000000154e-03 -9.999599999999999600e-01 -2.135000000000000179e-03 -9.999620000000000175e-01 8.675999999999999684e-03 -1.257000000000000088e-03
5.000000000000000000e+00 6.800000000000000000e+01 5.700000000000000000e+01 0.000000000000000000e+00 1.600000000000000089e+00 8.059999999999999673e-04 2.686000000000000019e-03 -9.999959999999999960e-01 -2.428980000000000028e-01 -9.700480000000000214e-01 -2.801999999999999803e-03 -9.700520000000000254e-01 2.428990000000000038e-01 -1.289999999999999914e-04
1.100000000000000000e+01 2.000000000000000000e+01 6.000000000000000000e+01 0.000000000000000000e+00 1.600000000000000089e+00 8.711999999999999258e-03 -1.754199999999999857e-02 9.998080000000000300e-01 -6.167500000000000066e-02 9.979329999999999590e-01 1.804700000000000054e-02 -9.980580000000000007e-01 -6.181999999999999995e-02 7.611999999999999843e-03
2.000000000000000000e+01 2.000000000000000000e+01 6.000000000000000000e+01 0.000000000000000000e+00 1.600000000000000089e+00 -5.863000000000000156e-03 1.248999999999999893e-03 9.999820000000000375e-01 -4.900600000000000095e-02 9.987970000000000459e-01 -1.534999999999999906e-03 -9.987810000000000299e-01 -4.901400000000000201e-02 -5.794999999999999804e-03
2.500000000000000000e+01 2.100000000000000000e+01 6.000000000000000000e+01 0.000000000000000000e+00 1.600000000000000089e+00 -5.918999999999999782e-03 5.713000000000000196e-03 9.999660000000000215e-01 -9.482999999999999763e-02 9.954739999999999700e-01 -6.248000000000000081e-03 -9.954760000000000275e-01 -9.486300000000000288e-02 -5.349999999999999721e-03
3.000000000000000000e+00 6.000000000000000000e+00 6.100000000000000000e+01 0.000000000000000000e+00 1.600000000000000089e+00 3.805999999999999921e-03 -4.719000000000000104e-03 9.999820000000000375e-01 5.681340000000000279e-01 -8.229140000000000343e-01 -6.046000000000000159e-03 8.229269999999999641e-01 5.681460000000000399e-01 -4.510000000000000120e-04
1.100000000000000000e+01 3.000000000000000000e+00 6.300000000000000000e+01 0.000000000000000000e+00 1.600000000000000089e+00 1.270999999999999994e-03 -2.003000000000000006e-03 9.999970000000000248e-01 -6.167550000000000532e-01 7.871519999999999628e-01 2.360999999999999818e-03 -7.871540000000000203e-01 -6.167559999999999709e-01 -2.349999999999999930e-04
2.000000000000000000e+00 2.700000000000000000e+01 6.300000000000000000e+01 0.000000000000000000e+00 1.600000000000000089e+00 1.685999999999999999e-03 9.650000000000000374e-04 9.999980000000000535e-01 -2.744260000000000033e-01 9.616080000000000183e-01 -4.659999999999999971e-04 -9.616069999999999895e-01 -2.744249999999999745e-01 1.886000000000000090e-03
8.000000000000000000e+00 2.700000000000000000e+01 6.300000000000000000e+01 0.000000000000000000e+00 1.600000000000000089e+00 -3.669999999999999760e-04 7.087999999999999683e-03 9.999749999999999472e-01 -2.704250000000000265e-01 9.627160000000000162e-01 -6.923000000000000334e-03 -9.627409999999999579e-01 -2.704199999999999937e-01 1.562999999999999936e-03
1.500000000000000000e+01 2.700000000000000000e+01 6.300000000000000000e+01 0.000000000000000000e+00 1.600000000000000089e+00 6.043999999999999893e-03 1.175000000000000046e-03 9.999810000000000088e-01 -2.846029999999999949e-01 9.586449999999999694e-01 5.940000000000000184e-04 -9.586270000000000069e-01 -2.846009999999999929e-01 6.127999999999999767e-03
1.800000000000000000e+01 2.700000000000000000e+01 6.300000000000000000e+01 0.000000000000000000e+00 1.600000000000000089e+00 3.510000000000000099e-03 3.285000000000000159e-03 9.999879999999999880e-01 -2.886329999999999729e-01 9.574380000000000113e-01 -2.132000000000000214e-03 -9.574340000000000073e-01 -2.886219999999999897e-01 4.309000000000000330e-03
2.500000000000000000e+01 2.700000000000000000e+01 6.300000000000000000e+01 0.000000000000000000e+00 1.600000000000000089e+00 -5.295000000000000227e-03 8.809999999999999472e-04 9.999860000000000415e-01 -2.702550000000000230e-01 9.627860000000000307e-01 -2.279000000000000210e-03 -9.627740000000000187e-01 -2.702629999999999755e-01 -4.859999999999999737e-03
2.900000000000000000e+01 2.700000000000000000e+01 6.300000000000000000e+01 0.000000000000000000e+00 1.600000000000000089e+00 2.588000000000000023e-03 2.220000000000000022e-04 9.999970000000000248e-01 -2.664900000000000047e-01 9.638379999999999725e-01 4.760000000000000234e-04 -9.638339999999999685e-01 -2.664900000000000047e-01 2.553000000000000148e-03
3.000000000000000000e+00 2.600000000000000000e+01 6.400000000000000000e+01 0.000000000000000000e+00 1.600000000000000089e+00 1.301000000000000073e-03 1.925999999999999978e-03 9.999970000000000248e-01 -3.570749999999999758e-01 9.340749999999999886e-01 -1.335000000000000032e-03 -9.340749999999999886e-01 -3.570720000000000005e-01 1.904000000000000093e-03
7.000000000000000000e+00 2.600000000000000000e+01 6.400000000000000000e+01 0.000000000000000000e+00 1.600000000000000089e+00 -7.879999999999999635e-04 6.977999999999999828e-03 9.999749999999999472e-01 -3.532739999999999769e-01 9.354949999999999655e-01 -6.806999999999999683e-03 -9.355200000000000182e-01 -3.532699999999999729e-01 1.727999999999999935e-03
1.800000000000000000e+01 2.600000000000000000e+01 6.400000000000000000e+01 0.000000000000000000e+00 1.600000000000000089e+00 5.559999999999999838e-03 8.245999999999999858e-03 9.999510000000000343e-01 -3.780029999999999779e-01 9.257880000000000553e-01 -5.532999999999999724e-03 -9.257880000000000553e-01 -3.779529999999999834e-01 8.264999999999999777e-03
2.800000000000000000e+01 2.600000000000000000e+01 6.400000000000000000e+01 0.000000000000000000e+00 1.600000000000000089e+00 2.919999999999999961e-04 -1.474999999999999966e-03 9.999989999999999712e-01 -3.432910000000000128e-01 9.392279999999999518e-01 1.485999999999999908e-03 -9.392289999999999806e-01 -3.432910000000000128e-01 -2.320000000000000014e-04
1.800000000000000000e+01 6.900000000000000000e+01 6.600000000000000000e+01 0.000000000000000000e+00 1.600000000000000089e+00 -3.321000000000000167e-03 3.514000000000000196e-03 9.999879999999999880e-01 -9.499220000000000441e-01 3.124589999999999868e-01 -4.252999999999999836e-03 -3.124700000000000255e-01 -9.499250000000000194e-01 2.301000000000000094e-03
2.000000000000000000e+00 2.500000000000000000e+01 7.300000000000000000e+01 0.000000000000000000e+00 1.600000000000000089e+00 -1.449999999999999900e-03 -4.060000000000000024e-04 9.999989999999999712e-01 7.459069999999999867e-01 -6.660490000000000022e-01 8.109999999999999805e-04 6.660479999999999734e-01 7.459080000000000155e-01 1.268000000000000030e-03
6.000000000000000000e+00 2.500000000000000000e+01 7.300000000000000000e+01 0.000000000000000000e+00 1.600000000000000089e+00 -1.062999999999999926e-03 -3.507000000000000135e-03 9.999930000000000208e-01 7.440579999999999972e-01 -6.681129999999999569e-01 -1.551999999999999994e-03 6.681139999999999857e-01 7.440520000000000467e-01 3.318999999999999902e-03
1.600000000000000000e+01 2.500000000000000000e+01 7.300000000000000000e+01 0.000000000000000000e+00 1.600000000000000089e+00 -1.672000000000000092e-03 -4.440000000000000045e-04 9.999989999999999712e-01 7.444460000000000521e-01 -6.676819999999999977e-01 9.489999999999999738e-04 6.676809999999999690e-01 7.444460000000000521e-01 1.446999999999999936e-03
2.000000000000000000e+01 2.500000000000000000e+01 7.300000000000000000e+01 0.000000000000000000e+00 1.600000000000000089e+00 1.230000000000000082e-04 -2.099000000000000171e-03 9.999980000000000535e-01 7.458289999999999642e-01 -6.661359999999999504e-01 -1.490000000000000005e-03 6.661369999999999791e-01 7.458280000000000465e-01 1.484000000000000076e-03
4.000000000000000000e+00 4.400000000000000000e+01 7.300000000000000000e+01 0.000000000000000000e+00 1.600000000000000089e+00 -1.394000000000000057e-03 -2.635000000000000189e-03 9.999959999999999960e-01 5.062599999999999739e-02 -9.987139999999999906e-01 -2.560999999999999908e-03 9.987169999999999659e-01 5.062200000000000033e-02 1.525000000000000097e-03
1.300000000000000000e+01 4.400000000000000000e+01 7.300000000000000000e+01 0.000000000000000000e+00 1.600000000000000089e+00 -1.015999999999999976e-03 -1.217999999999999899e-03 9.999989999999999712e-01 4.971400000000000124e-02 -9.987629999999999564e-01 -1.165999999999999936e-03 9.987629999999999564e-01 4.971300000000000024e-02 1.075999999999999917e-03
1.600000000000000000e+01 4.400000000000000000e+01 7.300000000000000000e+01 0.000000000000000000e+00 1.600000000000000089e+00 -3.959999999999999762e-04 -1.075999999999999917e-03 9.999989999999999712e-01 5.008699999999999958e-02 -9.987439999999999651e-01 -1.054999999999999948e-03 9.987449999999999939e-01 5.008599999999999858e-02 4.499999999999999877e-04
1.900000000000000000e+01 4.400000000000000000e+01 7.300000000000000000e+01 0.000000000000000000e+00 1.600000000000000089e+00 -1.459999999999999926e-03 -1.392000000000000008e-03 9.999980000000000535e-01 5.074100000000000138e-02 -9.987110000000000154e-01 -1.315999999999999896e-03 9.987110000000000154e-01 5.073899999999999938e-02 1.528999999999999977e-03
2.700000000000000000e+01 4.400000000000000000e+01 7.300000000000000000e+01 0.000000000000000000e+00 1.600000000000000089e+00 -4.409999999999999858e-04 -2.866000000000000058e-03 9.999959999999999960e-01 5.166300000000000059e-02 -9.986610000000000209e-01 -2.840000000000000076e-03 9.986639999999999961e-01 5.166099999999999859e-02 5.879999999999999810e-04
9.000000000000000000e+00 2.500000000000000000e+01 7.400000000000000000e+01 0.000000000000000000e+00 1.600000000000000089e+00 1.211000000000000054e-03 -1.727000000000000019e-03 9.999980000000000535e-01 8.204719999999999791e-01 -5.716839999999999700e-01 -1.981000000000000122e-03 5.716860000000000275e-01 8.204719999999999791e-01 7.249999999999999500e-04
2.600000000000000000e+01 2.500000000000000000e+01 7.400000000000000000e+01 0.000000000000000000e+00 1.600000000000000089e+00 1.041100000000000012e-02 1.162599999999999918e-02 9.998780000000000445e-01 8.335320000000000507e-01 -5.524660000000000126e-01 -2.256000000000000193e-03 5.523719999999999741e-01 8.334540000000000282e-01 -1.544200000000000086e-02
8.000000000000000000e+00 5.100000000000000000e+01 7.600000000000000000e+01 0.000000000000000000e+00 1.600000000000000089e+00 1.420000000000000092e-04 7.479999999999999670e-04 -1.000000000000000000e+00 -4.012560000000000016e-01 -9.159659999999999469e-01 -7.420000000000000380e-04 -9.159659999999999469e-01 4.012560000000000016e-01 1.700000000000000122e-04
6.000000000000000000e+00 9.100000000000000000e+01 7.600000000000000000e+01 0.000000000000000000e+00 1.600000000000000089e+00 -9.600000000000000243e-04 1.356000000000000000e-03 9.999989999999999712e-01 3.101559999999999873e-01 -9.506839999999999735e-01 1.587000000000000086e-03 9.506850000000000023e-01 3.101570000000000160e-01 4.929999999999999487e-04
9.000000000000000000e+00 9.100000000000000000e+01 7.600000000000000000e+01 0.000000000000000000e+00 1.600000000000000089e+00 -1.301000000000000073e-03 -5.289999999999999564e-04 9.999989999999999712e-01 3.085149999999999837e-01 -9.512190000000000367e-01 -1.019999999999999992e-04 9.512180000000000080e-01 3.085149999999999837e-01 1.400999999999999902e-03
