7.000000000000000000e+00 2.500000000000000000e+01 1.000000000000000000e+00 0.000000000000000000e+00 1.600000000000000089e+00 -5.436400000000000260e-02 -1.120799999999999921e-02 -9.984579999999999567e-01 -5.388990000000000169e-01 -8.414770000000000305e-01 3.878700000000000203e-02 -8.406150000000000011e-01 5.401770000000000183e-01 3.970599999999999824e-02
1.900000000000000000e+01 2.500000000000000000e+01 1.000000000000000000e+00 0.000000000000000000e+00 1.600000000000000089e+00 2.314000000000000085e-03 7.910000000000000364e-04 -9.999970000000000248e-01 -5.367520000000000069e-01 -8.437379999999999880e-01 -1.910000000000000022e-03 -8.437369999999999592e-01 5.367549999999999821e-01 -1.526999999999999929e-03
2.600000000000000000e+01 2.500000000000000000e+01 1.000000000000000000e+00 0.000000000000000000e+00 1.600000000000000089e+00 -1.193000000000000050e-03 -2.403000000000000188e-03 -9.999959999999999960e-01 -5.346880000000000521e-01 -8.450450000000000461e-01 2.668999999999999932e-03 -8.450490000000000501e-01 5.346889999999999699e-01 -2.770000000000000110e-04
1.300000000000000000e+01 1.500000000000000000e+01 4.000000000000000000e+00 0.000000000000000000e+00 1.600000000000000089e+00 2.460000000000000164e-04 6.929000000000000263e-03 9.999759999999999760e-01 3.243969999999999909e-01 -9.458990000000000453e-01 6.473999999999999720e-03 9.459210000000000118e-01 3.243880000000000097e-01 -2.481000000000000132e-03
1.800000000000000000e+01 1.500000000000000000e+01 4.000000000000000000e+00 0.000000000000000000e+00 1.600000000000000089e+00 -2.621000000000000066e-03 -2.603999999999999978e-03 9.999930000000000208e-01 3.226879999999999749e-01 -9.465040000000000120e-01 -1.618999999999999996e-03 9.465019999999999545e-01 3.226820000000000244e-01 3.321000000000000167e-03
2.400000000000000000e+01 1.500000000000000000e+01 4.000000000000000000e+00 0.000000000000000000e+00 1.600000000000000089e+00 2.472999999999999938e-03 7.037999999999999985e-03 9.999719999999999720e-01 3.215600000000000125e-01 -9.468710000000000182e-01 5.869000000000000085e-03 9.468860000000000054e-01 3.215359999999999885e-01 -4.604999999999999719e-03
4.000000000000000000e+00 1.600000000000000000e+01 4.000000000000000000e+00 0.000000000000000000e+00 1.600000000000000089e+00 3.554000000000000214e-02 -1.099470000000000031e-01 9.933020000000000183e-01 3.428459999999999841e-01 -9.322690000000000143e-01 -1.154580000000000051e-01 9.387189999999999701e-01 3.446529999999999871e-01 4.562000000000000083e-03
1.700000000000000000e+01 1.600000000000000000e+01 4.000000000000000000e+00 0.000000000000000000e+00 1.600000000000000089e+00 -2.598000000000000049e-03 -2.967000000000000019e-03 9.999919999999999920e-01 3.960679999999999756e-01 -9.182200000000000362e-01 -1.696000000000000025e-03 9.182179999999999787e-01 3.960600000000000231e-01 3.560999999999999929e-03
2.300000000000000000e+01 1.600000000000000000e+01 4.000000000000000000e+00 0.000000000000000000e+00 1.600000000000000089e+00 1.315999999999999896e-03 5.736999999999999912e-03 9.999829999999999552e-01 3.936450000000000227e-01 -9.192500000000000115e-01 4.754999999999999678e-03 9.192620000000000235e-01 3.936319999999999819e-01 -3.468000000000000162e-03
2.000000000000000000e+00 1.010000000000000000e+02 7.000000000000000000e+00 0.000000000000000000e+00 1.600000000000000089e+00 1.263000000000000017e-03 1.549999999999999989e-02 9.998789999999999623e-01 8.899319999999999453e-01 4.560190000000000077e-01 -8.193000000000000629e-03 -4.560910000000000242e-01 8.898350000000000426e-01 -1.321800000000000058e-02
6.000000000000000000e+00 1.010000000000000000e+02 7.000000000000000000e+00 0.000000000000000000e+00 1.600000000000000089e+00 -1.459999999999999981e-04 4.042899999999999966e-02 9.991820000000000146e-01 8.874530000000000474e-01 4.605270000000000197e-01 -1.850399999999999961e-02 -4.608990000000000031e-01 8.867239999999999567e-01 -3.594599999999999879e-02
1.100000000000000000e+01 1.010000000000000000e+02 7.000000000000000000e+00 0.000000000000000000e+00 1.600000000000000089e+00 3.645999999999999935e-03 6.196000000000000119e-03 9.999740000000000295e-01 8.852539999999999853e-01 4.650679999999999814e-01 -6.109999999999999980e-03 -4.650940000000000074e-01 8.852529999999999566e-01 -3.788999999999999833e-03
1.700000000000000000e+01 1.010000000000000000e+02 7.000000000000000000e+00 0.000000000000000000e+00 1.600000000000000089e+00 2.138999999999999842e-03 8.899999999999999491e-04 9.999970000000000248e-01 8.861860000000000293e-01 4.633240000000000136e-01 -2.308000000000000156e-03 -4.633240000000000136e-01 8.861890000000000045e-01 2.020000000000000040e-04
2.200000000000000000e+01 1.010000000000000000e+02 7.000000000000000000e+00 0.000000000000000000e+00 1.600000000000000089e+00 2.534999999999999927e-03 -1.532999999999999988e-02 9.998789999999999623e-01 8.866380000000000372e-01 4.624389999999999890e-01 4.841999999999999950e-03 -4.624570000000000070e-01 8.865189999999999459e-01 1.476500000000000035e-02
2.800000000000000000e+01 1.010000000000000000e+02 7.000000000000000000e+00 0.000000000000000000e+00 1.600000000000000089e+00 -2.605999999999999810e-03 -1.795499999999999874e-02 9.998350000000000293e-01 8.893330000000000402e-01 4.571390000000000176e-01 1.052699999999999990e-02 -4.572530000000000205e-01 8.892139999999999489e-01 1.477700000000000020e-02
7.000000000000000000e+00 2.500000000000000000e+01 8.000000000000000000e+00 0.000000000000000000e+00 1.600000000000000089e+00 5.374799999999999717e-02 1.747460000000000124e-01 -9.831459999999999644e-01 4.554289999999999727e-01 8.719120000000000203e-01 1.798730000000000051e-01 8.886479999999999935e-01 -4.574210000000000220e-01 -3.272100000000000009e-02
1.200000000000000000e+01 2.500000000000000000e+01 8.000000000000000000e+00 0.000000000000000000e+00 1.600000000000000089e+00 1.974000000000000060e-03 4.643999999999999691e-03 -9.999869999999999592e-01 4.482630000000000225e-01 8.938880000000000159e-01 5.035999999999999678e-03 8.939000000000000279e-01 -4.482670000000000265e-01 -3.170000000000000075e-04
1.600000000000000000e+01 2.500000000000000000e+01 8.000000000000000000e+00 0.000000000000000000e+00 1.600000000000000089e+00 -1.203999999999999992e-03 -5.121999999999999817e-03 -9.999860000000000415e-01 4.485339999999999883e-01 8.937509999999999621e-01 -5.118000000000000153e-03 8.937650000000000317e-01 -4.485339999999999883e-01 1.221000000000000080e-03
2.400000000000000000e+01 2.500000000000000000e+01 8.000000000000000000e+00 0.000000000000000000e+00 1.600000000000000089e+00 2.280000000000000126e-04 1.409000000000000096e-03 -9.999989999999999712e-01 4.498889999999999834e-01 8.930829999999999602e-01 1.361000000000000014e-03 8.930839999999999890e-01 -4.498889999999999834e-01 -4.299999999999999894e-04
7.000000000000000000e+00 2.400000000000000000e+01 9.000000000000000000e+00 0.000000000000000000e+00 1.600000000000000089e+00 4.911200000000000288e-02 1.830140000000000100e-01 -9.818829999999999503e-01 4.606850000000000112e-01 8.681020000000000403e-01 1.848490000000000133e-01 8.862039999999999917e-01 -4.614170000000000216e-01 -4.167799999999999977e-02
1.600000000000000000e+01 2.400000000000000000e+01 9.000000000000000000e+00 0.000000000000000000e+00 1.600000000000000089e+00 -1.164000000000000104e-03 -5.858000000000000360e-03 -9.999820000000000375e-01 4.544839999999999991e-01 8.907359999999999722e-01 -5.747000000000000372e-03 8.907540000000000457e-01 -4.544819999999999971e-01 1.626000000000000058e-03
2.400000000000000000e+01 2.400000000000000000e+01 9.000000000000000000e+00 0.000000000000000000e+00 1.600000000000000089e+00 2.759999999999999867e-04 4.949999999999999973e-04 -1.000000000000000000e+00 4.547760000000000136e-01 8.906060000000000088e-01 5.659999999999999884e-04 8.906060000000000088e-01 -4.547760000000000136e-01 2.000000000000000164e-05
2.700000000000000000e+01 2.400000000000000000e+01 9.000000000000000000e+00 0.000000000000000000e+00 1.600000000000000089e+00 7.870000000000000476e-04 2.720000000000000195e-03 -9.999959999999999960e-01 4.552490000000000148e-01 8.903600000000000403e-01 2.779999999999999919e-03 8.903640000000000443e-01 -4.552499999999999880e-01 -5.379999999999999583e-04
1.100000000000000000e+01 1.020000000000000000e+02 9.000000000000000000e+00 0.000000000000000000e+00 1.600000000000000089e+00 3.152999999999999987e-03 4.964999999999999795e-03 9.999829999999999552e-01 9.230009999999999604e-01 3.847670000000000257e-01 -4.820999999999999765e-03 -3.847840000000000149e-01 9.230009999999999604e-01 -3.370000000000000166e-03
4.000000000000000000e+00 4.000000000000000000e+00 1.100000000000000000e+01 0.000000000000000000e+00 1.600000000000000089e+00 -6.905999999999999639e-02 -6.816200000000000037e-01 -7.284399999999999764e-01 1.768349999999999922e-01 7.102559999999999985e-01 -6.813709999999999489e-01 9.818149999999999933e-01 -1.758689999999999976e-01 7.148400000000000587e-02
4.000000000000000000e+00 3.100000000000000000e+01 1.200000000000000000e+01 0.000000000000000000e+00 1.600000000000000089e+00 3.007000000000000124e-03 2.491000000000000159e-03 9.999919999999999920e-01 9.521999999999999215e-03 9.999510000000000343e-01 -2.518999999999999972e-03 -9.999500000000000055e-01 9.528999999999999276e-03 2.982999999999999974e-03
1.200000000000000000e+01 3.100000000000000000e+01 1.200000000000000000e+01 0.000000000000000000e+00 1.600000000000000089e+00 -9.460000000000000093e-04 8.329999999999999731e-04 9.999989999999999712e-01 -7.500999999999999855e-03 9.999719999999999720e-01 -8.400000000000000348e-04 -9.999710000000000543e-01 -7.501999999999999988e-03 -9.389999999999999476e-04
2.100000000000000000e+01 3.100000000000000000e+01 1.200000000000000000e+01 0.000000000000000000e+00 1.600000000000000089e+00 4.319999999999999838e-04 -1.010000000000000047e-03 9.999989999999999712e-01 -1.037599999999999981e-02 9.999460000000000015e-01 1.013999999999999927e-03 -9.999460000000000015e-01 -1.037599999999999981e-02 4.220000000000000118e-04
9.000000000000000000e+00 3.500000000000000000e+01 1.200000000000000000e+01 0.000000000000000000e+00 1.600000000000000089e+00 7.276000000000000349e-03 -2.641100000000000045e-02 -9.996249999999999858e-01 5.373550000000000271e-01 -8.429489999999999483e-01 2.618300000000000141e-02 -8.433249999999999913e-01 -5.373440000000000438e-01 8.059000000000000191e-03
1.600000000000000000e+01 3.500000000000000000e+01 1.200000000000000000e+01 0.000000000000000000e+00 1.600000000000000089e+00 -8.829999999999999958e-04 8.350000000000000217e-04 -9.999989999999999712e-01 5.147650000000000281e-01 -8.573309999999999542e-01 -1.170000000000000033e-03 -8.573309999999999542e-01 -5.147650000000000281e-01 3.280000000000000038e-04
2.000000000000000000e+01 3.500000000000000000e+01 1.200000000000000000e+01 0.000000000000000000e+00 1.600000000000000089e+00 -4.420000000000000101e-04 -1.886000000000000090e-03 -9.999980000000000535e-01 5.036739999999999551e-01 -8.638919999999999932e-01 1.405999999999999915e-03 -8.638930000000000220e-01 -5.036730000000000373e-01 1.332000000000000068e-03
2.400000000000000000e+01 3.500000000000000000e+01 1.200000000000000000e+01 0.000000000000000000e+00 1.600000000000000089e+00 6.094999999999999724e-03 -4.884999999999999586e-03 -9.999689999999999968e-01 4.965930000000000066e-01 -8.679529999999999745e-01 7.267000000000000022e-03 -8.679620000000000113e-01 -4.966220000000000079e-01 -2.863999999999999792e-03
2.900000000000000000e+01 3.500000000000000000e+01 1.200000000000000000e+01 0.000000000000000000e+00 1.600000000000000089e+00 2.396000000000000126e-03 -1.410999999999999928e-03 -9.999959999999999960e-01 4.994140000000000246e-01 -8.663600000000000190e-01 2.419000000000000143e-03 -8.663600000000000190e-01 -4.994179999999999731e-01 -1.371999999999999956e-03
7.000000000000000000e+00 1.200000000000000000e+01 1.500000000000000000e+01 0.000000000000000000e+00 1.600000000000000089e+00 -4.146299999999999986e-02 -5.883399999999999741e-02 -9.974060000000000148e-01 -4.640719999999999845e-01 -8.829179999999999806e-01 7.137200000000000488e-02 -8.848270000000000302e-01 4.658269999999999911e-01 9.306000000000000036e-03
1.500000000000000000e+01 1.200000000000000000e+01 1.500000000000000000e+01 0.000000000000000000e+00 1.600000000000000089e+00 -1.769999999999999926e-04 6.932999999999999927e-03 -9.999759999999999760e-01 -4.700179999999999914e-01 -8.826359999999999761e-01 -6.035999999999999699e-03 -8.826570000000000249e-01 4.700059999999999794e-01 3.415000000000000067e-03
2.200000000000000000e+01 1.200000000000000000e+01 1.500000000000000000e+01 0.000000000000000000e+00 1.600000000000000089e+00 3.620000000000000171e-04 2.773999999999999990e-03 -9.999959999999999960e-01 -4.688459999999999850e-01 -8.832759999999999501e-01 -2.619999999999999933e-03 -8.832799999999999541e-01 4.688450000000000117e-01 9.810000000000001011e-04
2.800000000000000000e+01 1.200000000000000000e+01 1.500000000000000000e+01 0.000000000000000000e+00 1.600000000000000089e+00 4.650000000000000270e-04 -5.993000000000000063e-03 -9.999820000000000375e-01 -4.668999999999999817e-01 -8.842959999999999710e-01 5.081999999999999712e-03 -8.843100000000000405e-01 4.668889999999999985e-01 -3.209000000000000047e-03
1.400000000000000000e+01 1.100000000000000000e+01 1.600000000000000000e+01 0.000000000000000000e+00 1.600000000000000089e+00 -5.000000000000000240e-05 4.749999999999999882e-03 -9.999890000000000168e-01 -4.126639999999999753e-01 -9.108730000000000437e-01 -4.305999999999999932e-03 -9.108829999999999982e-01 4.126589999999999980e-01 2.004999999999999838e-03
4.000000000000000000e+00 1.160000000000000000e+02 1.600000000000000000e+01 0.000000000000000000e+00 1.600000000000000089e+00 1.681799999999999962e-02 2.824300000000000074e-02 9.994600000000000151e-01 7.072739999999999583e-01 7.062220000000000164e-01 -3.185799999999999743e-02 -7.067400000000000349e-01 7.074270000000000280e-01 -8.097999999999999296e-03
1.000000000000000000e+01 1.160000000000000000e+02 1.600000000000000000e+01 0.000000000000000000e+00 1.600000000000000089e+00 2.786999999999999981e-03 4.320000000000000055e-03 9.999869999999999592e-01 7.565100000000000158e-01 6.539629999999999610e-01 -4.932999999999999885e-03 -6.539760000000000018e-01 7.565140000000000198e-01 -1.445000000000000104e-03
1.500000000000000000e+01 1.160000000000000000e+02 1.600000000000000000e+01 0.000000000000000000e+00 1.600000000000000089e+00 -8.559999999999999901e-04 -2.126999999999999984e-03 9.999970000000000248e-01 7.523279999999999967e-01 6.587859999999999827e-01 2.044999999999999943e-03 -6.587889999999999580e-01 7.523279999999999967e-01 1.036000000000000029e-03
2.200000000000000000e+01 1.160000000000000000e+02 1.600000000000000000e+01 0.000000000000000000e+00 1.600000000000000089e+00 -2.157000000000000063e-03 -5.820000000000000520e-04 9.999970000000000248e-01 7.059919999999999529e-01 7.082180000000000142e-01 1.935000000000000088e-03 -7.082169999999999854e-01 7.059940000000000104e-01 -1.116999999999999937e-03
4.000000000000000000e+00 2.000000000000000000e+00 1.900000000000000000e+01 0.000000000000000000e+00 1.600000000000000089e+00 -1.438299999999999995e-02 3.693599999999999661e-02 -9.992140000000000466e-01 1.827060000000000073e-01 -9.823960000000000470e-01 -3.894500000000000045e-02 -9.830619999999999914e-01 -1.831230000000000080e-01 7.381000000000000408e-03
1.300000000000000000e+01 2.000000000000000000e+00 1.900000000000000000e+01 0.000000000000000000e+00 1.600000000000000089e+00 -5.249999999999999676e-04 1.609000000000000014e-02 -9.998700000000000365e-01 2.582550000000000123e-01 -9.659499999999999753e-01 -1.567999999999999949e-02 -9.660769999999999635e-01 -2.582300000000000151e-01 -3.648000000000000201e-03
1.600000000000000000e+01 2.000000000000000000e+00 1.900000000000000000e+01 0.000000000000000000e+00 1.600000000000000089e+00 3.938999999999999793e-03 1.806999999999999926e-02 -9.998289999999999678e-01 2.533929999999999794e-01 -9.672230000000000549e-01 -1.648200000000000012e-02 -9.673549999999999649e-01 -2.532849999999999824e-01 -8.387999999999999623e-03
2.500000000000000000e+01 2.000000000000000000e+00 1.900000000000000000e+01 0.000000000000000000e+00 1.600000000000000089e+00 5.530000000000000193e-03 1.621799999999999978e-02 -9.998529999999999918e-01 2.531820000000000181e-01 -9.673129999999999784e-01 -1.428899999999999962e-02 -9.674030000000000129e-01 -2.530660000000000132e-01 -9.454999999999999863e-03
1.900000000000000000e+01 4.000000000000000000e+00 2.000000000000000000e+01 0.000000000000000000e+00 1.600000000000000089e+00 9.759999999999999796e-04 6.118000000000000174e-03 -9.999810000000000088e-01 4.535049999999999915e-01 -8.912400000000000322e-01 -5.009999999999999697e-03 -8.912529999999999619e-01 -4.534909999999999775e-01 -3.644999999999999803e-03
7.000000000000000000e+00 1.300000000000000000e+01 2.000000000000000000e+01 0.000000000000000000e+00 1.600000000000000089e+00 3.889999999999999795e-03 5.884099999999999747e-02 9.982600000000000362e-01 2.601319999999999744e-01 9.638400000000000301e-01 -5.782600000000000240e-02 -9.655650000000000066e-01 2.599049999999999971e-01 -1.155699999999999956e-02
1.300000000000000000e+01 1.300000000000000000e+01 2.000000000000000000e+01 0.000000000000000000e+00 1.600000000000000089e+00 5.060000000000000478e-04 1.895999999999999899e-03 9.999980000000000535e-01 2.575830000000000064e-01 9.662539999999999463e-01 -1.962999999999999901e-03 -9.662560000000000038e-01 2.575830000000000064e-01 9.999999999999999547e-07
1.800000000000000000e+01 1.300000000000000000e+01 2.000000000000000000e+01 0.000000000000000000e+00 1.600000000000000089e+00 -6.819999999999999890e-04 5.354000000000000252e-03 9.999850000000000128e-01 2.589029999999999943e-01 9.658900000000000263e-01 -4.995000000000000308e-03 -9.659029999999999561e-01 2.588960000000000150e-01 -2.044999999999999943e-03
2.200000000000000000e+01 1.300000000000000000e+01 2.000000000000000000e+01 0.000000000000000000e+00 1.600000000000000089e+00 -2.970000000000000092e-04 -1.418999999999999906e-03 9.999989999999999712e-01 2.617650000000000254e-01 9.651309999999999611e-01 1.446999999999999936e-03 -9.651319999999999899e-01 2.617650000000000254e-01 8.500000000000000611e-05
2.900000000000000000e+01 1.300000000000000000e+01 2.000000000000000000e+01 0.000000000000000000e+00 1.600000000000000089e+00 1.397999999999999937e-03 -2.884999999999999978e-03 9.999949999999999672e-01 2.588860000000000050e-01 9.659050000000000136e-01 2.425000000000000072e-03 -9.659069999999999601e-01 2.588809999999999722e-01 2.098000000000000038e-03
7.000000000000000000e+00 1.600000000000000000e+01 2.100000000000000000e+01 0.000000000000000000e+00 1.600000000000000089e+00 6.807999999999999816e-03 6.339100000000000290e-02 9.979660000000000197e-01 2.978850000000000109e-01 9.525510000000000366e-01 -6.253799999999999637e-02 -9.545770000000000088e-01 2.977049999999999974e-01 -1.239799999999999930e-02
1.200000000000000000e+01 1.600000000000000000e+01 2.100000000000000000e+01 0.000000000000000000e+00 1.600000000000000089e+00 3.620000000000000171e-04 3.745000000000000065e-03 9.999930000000000208e-01 2.997830000000000217e-01 9.539999999999999591e-01 -3.680999999999999810e-03 -9.540079999999999671e-01 2.997819999999999929e-01 -7.770000000000000214e-04
1.300000000000000000e+01 3.000000000000000000e+00 2.500000000000000000e+01 0.000000000000000000e+00 1.600000000000000089e+00 -2.500000000000000120e-05 4.760999999999999607e-03 9.999890000000000168e-01 -3.108299999999999952e-02 -9.995049999999999768e-01 4.758000000000000076e-03 9.995169999999999888e-01 -3.108199999999999852e-02 1.730000000000000038e-04
2.200000000000000000e+01 3.000000000000000000e+00 2.500000000000000000e+01 0.000000000000000000e+00 1.600000000000000089e+00 -9.353000000000000203e-03 -2.536000000000000060e-03 9.999529999999999808e-01 -3.682799999999999963e-02 -9.993170000000000108e-01 -2.877999999999999916e-03 9.992779999999999996e-01 -3.685299999999999687e-02 9.253000000000000808e-03
2.800000000000000000e+01 3.000000000000000000e+00 2.500000000000000000e+01 0.000000000000000000e+00 1.600000000000000089e+00 -2.400999999999999922e-03 9.488999999999999171e-03 9.999519999999999520e-01 -3.220499999999999752e-02 -9.994370000000000198e-01 9.405999999999999431e-03 9.994779999999999776e-01 -3.218100000000000127e-02 2.706000000000000072e-03
4.000000000000000000e+00 5.800000000000000000e+01 3.100000000000000000e+01 0.000000000000000000e+00 1.600000000000000089e+00 2.044199999999999837e-02 4.025900000000000312e-02 9.989799999999999791e-01 -7.872780000000000333e-01 -6.152410000000000379e-01 4.090499999999999692e-02 6.162600000000000300e-01 -7.873109999999999831e-01 1.911799999999999958e-02
1.000000000000000000e+01 5.800000000000000000e+01 3.100000000000000000e+01 0.000000000000000000e+00 1.600000000000000089e+00 2.961999999999999789e-03 9.223000000000000295e-03 9.999529999999999808e-01 -7.707079999999999487e-01 -6.371369999999999534e-01 8.158999999999999586e-03 6.371820000000000261e-01 -7.706960000000000477e-01 5.220999999999999946e-03
1.500000000000000000e+01 5.800000000000000000e+01 3.100000000000000000e+01 0.000000000000000000e+00 1.600000000000000089e+00 -3.890999999999999927e-03 -1.899000000000000080e-03 9.999909999999999632e-01 -7.698859999999999593e-01 -6.381679999999999575e-01 -4.206999999999999802e-03 6.381700000000000150e-01 -7.698949999999999960e-01 1.021999999999999905e-03
2.500000000000000000e+01 5.800000000000000000e+01 3.100000000000000000e+01 0.000000000000000000e+00 1.600000000000000089e+00 5.320000000000000293e-04 5.086000000000000243e-03 9.999869999999999592e-01 -7.698350000000000470e-01 -6.382330000000000503e-01 3.655999999999999962e-03 6.382430000000000048e-01 -7.698270000000000390e-01 3.576000000000000185e-03
4.000000000000000000e+00 4.600000000000000000e+01 3.500000000000000000e+01 0.000000000000000000e+00 1.600000000000000089e+00 -1.044999999999999922e-03 2.658800000000000052e-02 -9.996460000000000345e-01 3.893209999999999726e-01 -9.207659999999999734e-01 -2.489699999999999899e-02 -9.211019999999999763e-01 -3.892090000000000272e-01 -9.388999999999999777e-03
9.000000000000000000e+00 4.600000000000000000e+01 3.500000000000000000e+01 0.000000000000000000e+00 1.600000000000000089e+00 -8.009999999999999542e-04 1.406300000000000085e-02 -9.999010000000000398e-01 3.948940000000000228e-01 -9.186320000000000041e-01 -1.323599999999999950e-02 -9.187269999999999603e-01 -3.948650000000000215e-01 -4.817000000000000101e-03
1.200000000000000000e+01 4.600000000000000000e+01 3.500000000000000000e+01 0.000000000000000000e+00 1.600000000000000089e+00 -7.370000000000000249e-04 1.074000000000000085e-03 -9.999989999999999712e-01 3.948240000000000083e-01 -9.187560000000000171e-01 -1.278000000000000056e-03 -9.187560000000000171e-01 -3.948249999999999815e-01 2.530000000000000239e-04
1.600000000000000000e+01 4.600000000000000000e+01 3.500000000000000000e+01 0.000000000000000000e+00 1.600000000000000089e+00 -4.079999999999999968e-04 -1.513000000000000022e-03 -9.999989999999999712e-01 3.929239999999999955e-01 -9.195699999999999985e-01 1.231000000000000106e-03 -9.195710000000000273e-01 -3.929230000000000222e-01 9.690000000000000262e-04
1.900000000000000000e+01 4.600000000000000000e+01 3.500000000000000000e+01 0.000000000000000000e+00 1.600000000000000089e+00 3.099999999999999999e-04 -3.036000000000000070e-03 -9.999949999999999672e-01 3.928400000000000225e-01 -9.196020000000000305e-01 2.913999999999999924e-03 -9.196069999999999522e-01 -3.928389999999999938e-01 9.079999999999999530e-04
2.500000000000000000e+01 4.600000000000000000e+01 3.500000000000000000e+01 0.000000000000000000e+00 1.600000000000000089e+00 1.714000000000000029e-03 -1.387999999999999911e-03 -9.999980000000000535e-01 3.932320000000000260e-01 -9.194369999999999488e-01 1.949999999999999910e-03 -9.194379999999999775e-01 -3.932339999999999725e-01 -1.030000000000000100e-03
1.000000000000000000e+01 9.500000000000000000e+01 3.600000000000000000e+01 0.000000000000000000e+00 1.600000000000000089e+00 6.666000000000000050e-03 5.559399999999999759e-02 9.984309999999999574e-01 9.971130000000000271e-01 7.514999999999999458e-02 -1.084199999999999921e-02 -7.563400000000000678e-02 9.956209999999999782e-01 -5.493200000000000166e-02
1.700000000000000000e+01 9.500000000000000000e+01 3.600000000000000000e+01 0.000000000000000000e+00 1.600000000000000089e+00 8.499999999999999526e-04 -7.464000000000000148e-03 9.999719999999999720e-01 9.971649999999999681e-01 7.524400000000000532e-02 -2.860000000000000129e-04 -7.524000000000000132e-02 9.971370000000000511e-01 7.506999999999999784e-03
7.000000000000000000e+00 3.000000000000000000e+00 4.300000000000000000e+01 0.000000000000000000e+00 1.600000000000000089e+00 3.158099999999999796e-02 1.758480000000000043e-01 -9.839109999999999800e-01 7.315960000000000241e-01 -6.747849999999999682e-01 -9.711799999999999600e-02 -6.810060000000000002e-01 -7.167580000000000062e-01 -1.499610000000000110e-01
1.000000000000000000e+00 2.900000000000000000e+01 4.400000000000000000e+01 0.000000000000000000e+00 1.600000000000000089e+00 5.941000000000000100e-03 1.864100000000000132e-02 -9.998089999999999478e-01 6.528500000000000414e-01 7.572729999999999739e-01 1.799900000000000111e-02 7.574640000000000262e-01 -6.528319999999999679e-01 -7.670999999999999867e-03
7.000000000000000000e+00 2.900000000000000000e+01 4.400000000000000000e+01 0.000000000000000000e+00 1.600000000000000089e+00 1.550400000000000042e-02 2.569199999999999956e-02 -9.995500000000000496e-01 6.493269999999999875e-01 7.599329999999999696e-01 2.960399999999999837e-02 7.603509999999999991e-01 -6.494940000000000158e-01 -4.899999999999999842e-03
1.300000000000000000e+01 2.900000000000000000e+01 4.400000000000000000e+01 0.000000000000000000e+00 1.600000000000000089e+00 2.298999999999999828e-03 2.209000000000000026e-03 -9.999949999999999672e-01 6.505549999999999944e-01 7.594530000000000447e-01 3.173000000000000039e-03 7.594560000000000199e-01 -6.505589999999999984e-01 3.089999999999999756e-04
1.500000000000000000e+01 2.900000000000000000e+01 4.400000000000000000e+01 0.000000000000000000e+00 1.600000000000000089e+00 1.139999999999999954e-03 1.662000000000000066e-03 -9.999980000000000535e-01 6.505300000000000527e-01 7.594769999999999577e-01 2.004000000000000139e-03 7.594790000000000152e-01 -6.505309999999999704e-01 -2.159999999999999919e-04
2.100000000000000000e+01 2.900000000000000000e+01 4.400000000000000000e+01 0.000000000000000000e+00 1.600000000000000089e+00 -2.357000000000000154e-03 3.269999999999999795e-04 -9.999970000000000248e-01 6.486070000000000446e-01 7.611219999999999652e-01 -1.280000000000000105e-03 7.611200000000000188e-01 -6.486079999999999623e-01 -2.005999999999999971e-03
2.600000000000000000e+01 2.900000000000000000e+01 4.400000000000000000e+01 0.000000000000000000e+00 1.600000000000000089e+00 1.095000000000000053e-03 -1.869999999999999917e-04 -9.999989999999999712e-01 6.507089999999999819e-01 7.593269999999999742e-01 5.699999999999999772e-04 7.593259999999999454e-01 -6.507089999999999819e-01 9.529999999999999626e-04
1.400000000000000000e+01 6.500000000000000000e+01 4.600000000000000000e+01 0.000000000000000000e+00 1.600000000000000089e+00 -2.509999999999999753e-04 -5.910000000000000539e-04 1.000000000000000000e+00 6.815830000000000499e-01 -7.317399999999999460e-01 -2.610000000000000015e-04 7.317399999999999460e-01 6.815830000000000499e-01 5.869999999999999567e-04
2.800000000000000000e+01 7.000000000000000000e+01 4.700000000000000000e+01 0.000000000000000000e+00 1.600000000000000089e+00 1.850000000000000082e-03 -7.592999999999999923e-03 -9.999689999999999968e-01 -8.421509999999999829e-01 -5.392350000000000199e-01 2.537000000000000192e-03 -5.392379999999999951e-01 8.421210000000000084e-01 -7.392000000000000133e-03
1.000000000000000000e+01 5.000000000000000000e+00 5.100000000000000000e+01 0.000000000000000000e+00 1.600000000000000089e+00 2.920999999999999985e-03 1.607499999999999901e-02 -9.998660000000000325e-01 4.833640000000000159e-01 -8.753279999999999950e-01 -1.266100000000000038e-02 -8.754140000000000255e-01 -4.832629999999999981e-01 -1.032699999999999937e-02
1.900000000000000000e+01 5.000000000000000000e+00 5.100000000000000000e+01 0.000000000000000000e+00 1.600000000000000089e+00 3.462999999999999932e-03 -2.677999999999999825e-03 -9.999900000000000455e-01 4.794869999999999965e-01 -8.775399999999999867e-01 4.009999999999999676e-03 -8.775420000000000442e-01 -4.794970000000000065e-01 -1.755000000000000050e-03
2.300000000000000000e+01 5.000000000000000000e+00 5.100000000000000000e+01 0.000000000000000000e+00 1.600000000000000089e+00 -2.605999999999999810e-03 -1.467899999999999934e-02 -9.998890000000000278e-01 4.785670000000000202e-01 -8.779740000000000322e-01 1.164199999999999957e-02 -8.780470000000000219e-01 -4.784829999999999917e-01 9.312000000000000832e-03
7.000000000000000000e+00 6.300000000000000000e+01 5.400000000000000000e+01 0.000000000000000000e+00 1.600000000000000089e+00 4.811000000000000172e-03 2.526700000000000126e-02 9.996690000000000298e-01 -3.513439999999999896e-01 9.359889999999999599e-01 -2.196700000000000041e-02 -9.362340000000000106e-01 -3.511219999999999897e-01 1.337999999999999953e-02
1.100000000000000000e+01 6.300000000000000000e+01 5.400000000000000000e+01 0.000000000000000000e+00 1.600000000000000089e+00 6.070000000000000092e-04 9.200000000000000007e-05 1.000000000000000000e+00 -3.475730000000000208e-01 9.376529999999999587e-01 1.240000000000000054e-04 -9.376529999999999587e-01 -3.475730000000000208e-01 6.009999999999999717e-04
1.700000000000000000e+01 6.300000000000000000e+01 5.400000000000000000e+01 0.000000000000000000e+00 1.600000000000000089e+00 -1.191000000000000001e-03 4.213999999999999864e-03 9.999900000000000455e-01 -3.408900000000000263e-01 9.400929999999999565e-01 -4.368000000000000355e-03 -9.401019999999999932e-01 -3.408919999999999728e-01 3.170000000000000075e-04
2.400000000000000000e+01 6.300000000000000000e+01 5.400000000000000000e+01 0.000000000000000000e+00 1.600000000000000089e+00 9.970000000000000563e-04 -3.840000000000000097e-04 9.999989999999999712e-01 -3.355290000000000217e-01 9.420300000000000340e-01 6.960000000000000041e-04 -9.420290000000000052e-01 -3.355299999999999949e-01 8.109999999999999805e-04
3.000000000000000000e+01 6.300000000000000000e+01 5.400000000000000000e+01 0.000000000000000000e+00 1.600000000000000089e+00 1.765999999999999992e-03 2.000000000000000164e-05 9.999980000000000535e-01 -3.406049999999999911e-01 9.402059999999999862e-01 5.820000000000000520e-04 -9.402049999999999574e-01 -3.406049999999999911e-01 1.667000000000000079e-03
5.000000000000000000e+00 2.500000000000000000e+01 5.500000000000000000e+01 0.000000000000000000e+00 1.600000000000000089e+00 1.018999999999999941e-03 9.117000000000000104e-03 -9.999580000000000135e-01 -1.234200000000000054e-02 -9.998820000000000485e-01 -9.128999999999999962e-03 -9.999230000000000063e-01 1.235100000000000087e-02 -9.060000000000000128e-04
8.000000000000000000e+00 2.500000000000000000e+01 5.500000000000000000e+01 0.000000000000000000e+00 1.600000000000000089e+00 2.122999999999999887e-03 6.211999999999999640e-03 -9.999780000000000335e-01 -1.290999999999999960e-02 -9.998970000000000358e-01 -6.237999999999999622e-03 -9.999139999999999695e-01 1.292300000000000046e-02 -2.043000000000000111e-03
1.500000000000000000e+01 2.500000000000000000e+01 5.500000000000000000e+01 0.000000000000000000e+00 1.600000000000000089e+00 -3.260000000000000094e-04 1.060000000000000016e-04 -1.000000000000000000e+00 -1.187900000000000067e-02 -9.999289999999999567e-01 -1.019999999999999992e-04 -9.999289999999999567e-01 1.187900000000000067e-02 3.269999999999999795e-04
1.900000000000000000e+01 2.500000000000000000e+01 5.500000000000000000e+01 0.000000000000000000e+00 1.600000000000000089e+00 1.528999999999999977e-03 -2.101000000000000003e-03 -9.999970000000000248e-01 -1.194600000000000002e-02 -9.999259999999999815e-01 2.083000000000000216e-03 -9.999270000000000103e-01 1.194300000000000049e-02 -1.554000000000000043e-03
2.200000000000000000e+01 2.500000000000000000e+01 5.500000000000000000e+01 0.000000000000000000e+00 1.600000000000000089e+00 1.631999999999999987e-03 6.930000000000000396e-04 -9.999980000000000535e-01 -1.269400000000000042e-02 -9.999190000000000023e-01 -7.140000000000000079e-04 -9.999179999999999735e-01 1.269499999999999969e-02 -1.623000000000000094e-03
2.800000000000000000e+01 2.500000000000000000e+01 5.500000000000000000e+01 0.000000000000000000e+00 1.600000000000000089e+00 1.657000000000000053e-03 4.788999999999999854e-03 -9.999869999999999592e-01 -9.879999999999999893e-03 -9.999400000000000510e-01 -4.806000000000000376e-03 -9.999500000000000055e-01 9.887999999999999221e-03 -1.608999999999999970e-03
8.000000000000000000e+00 2.100000000000000000e+01 6.000000000000000000e+01 0.000000000000000000e+00 1.600000000000000089e+00 -3.014999999999999885e-03 3.578200000000000131e-02 9.993549999999999933e-01 -9.366800000000000126e-02 9.949559999999999516e-01 -3.590700000000000142e-02 -9.955990000000000117e-01 -9.371599999999999375e-02 3.519999999999999908e-04
1.700000000000000000e+01 2.100000000000000000e+01 6.000000000000000000e+01 0.000000000000000000e+00 1.600000000000000089e+00 9.250000000000000409e-04 -7.667000000000000204e-03 9.999700000000000255e-01 -9.451900000000000579e-02 9.954929999999999612e-01 7.720000000000000299e-03 -9.955230000000000468e-01 -9.452299999999999591e-02 1.959999999999999937e-04
2.600000000000000000e+01 2.100000000000000000e+01 6.000000000000000000e+01 0.000000000000000000e+00 1.600000000000000089e+00 2.730000000000000222e-04 -1.270000000000000078e-03 9.999989999999999712e-01 -9.502499999999999836e-02 9.954739999999999700e-01 1.289999999999999914e-03 -9.954749999999999988e-01 -9.502499999999999836e-02 1.510000000000000112e-04
2.200000000000000000e+01 6.700000000000000000e+01 6.000000000000000000e+01 0.000000000000000000e+00 1.600000000000000089e+00 -1.394999999999999973e-03 -3.167999999999999809e-03 9.999940000000000495e-01 1.744650000000000090e-01 -9.846589999999999510e-01 -2.876000000000000084e-03 9.846620000000000372e-01 1.744600000000000040e-01 1.926999999999999894e-03
2.700000000000000000e+01 6.000000000000000000e+00 6.100000000000000000e+01 0.000000000000000000e+00 1.600000000000000089e+00 1.642999999999999929e-03 -1.101399999999999949e-02 9.999379999999999935e-01 5.660519999999999996e-01 -8.243080000000000407e-01 -1.000999999999999980e-02 8.243679999999999897e-01 5.660340000000000371e-01 4.880999999999999922e-03
1.000000000000000000e+01 3.000000000000000000e+00 6.300000000000000000e+01 0.000000000000000000e+00 1.600000000000000089e+00 9.439999999999999607e-04 2.377500000000000099e-02 9.997169999999999668e-01 -6.175530000000000186e-01 7.863210000000000477e-01 -1.811700000000000116e-02 -7.865290000000000337e-01 -6.173610000000000486e-01 1.542499999999999948e-02
1.400000000000000000e+01 3.000000000000000000e+00 6.300000000000000000e+01 0.000000000000000000e+00 1.600000000000000089e+00 9.359999999999999831e-04 4.683999999999999796e-03 9.999890000000000168e-01 -6.154910000000000103e-01 7.881380000000000052e-01 -3.115999999999999846e-03 -7.881430000000000380e-01 -6.154809999999999448e-01 3.619999999999999954e-03
3.000000000000000000e+00 2.700000000000000000e+01 6.300000000000000000e+01 0.000000000000000000e+00 1.600000000000000089e+00 -2.892000000000000039e-03 3.021099999999999827e-02 9.995389999999999553e-01 -2.850119999999999876e-01 9.580610000000000515e-01 -2.978199999999999945e-02 -9.585200000000000387e-01 -2.849670000000000258e-01 5.839999999999999705e-03
9.000000000000000000e+00 2.700000000000000000e+01 6.300000000000000000e+01 0.000000000000000000e+00 1.600000000000000089e+00 -1.637000000000000000e-03 1.368600000000000025e-02 9.999050000000000438e-01 -2.801679999999999726e-01 9.598550000000000137e-01 -1.359699999999999971e-02 -9.599499999999999700e-01 -2.801640000000000241e-01 2.262999999999999821e-03
1.300000000000000000e+01 2.700000000000000000e+01 6.300000000000000000e+01 0.000000000000000000e+00 1.600000000000000089e+00 2.468000000000000142e-03 2.485999999999999929e-03 9.999940000000000495e-01 -2.774960000000000204e-01 9.607250000000000512e-01 -1.703000000000000087e-03 -9.607240000000000224e-01 -2.774900000000000144e-01 3.060999999999999919e-03
1.800000000000000000e+01 2.700000000000000000e+01 6.300000000000000000e+01 0.000000000000000000e+00 1.600000000000000089e+00 -5.890000000000000053e-04 7.209999999999999612e-04 1.000000000000000000e+00 -2.750299999999999967e-01 9.614350000000000396e-01 -8.549999999999999658e-04 -9.614359999999999573e-01 -2.750299999999999967e-01 -3.680000000000000003e-04
2.300000000000000000e+01 2.700000000000000000e+01 6.300000000000000000e+01 0.000000000000000000e+00 1.600000000000000089e+00 -6.120000000000000223e-04 -9.000000000000000228e-06 1.000000000000000000e+00 -2.788399999999999768e-01 9.603369999999999962e-01 -1.620000000000000075e-04 -9.603369999999999962e-01 -2.788399999999999768e-01 -5.900000000000000296e-04
2.700000000000000000e+01 2.700000000000000000e+01 6.300000000000000000e+01 0.000000000000000000e+00 1.600000000000000089e+00 -1.479999999999999925e-04 1.662000000000000066e-03 9.999989999999999712e-01 -2.781790000000000096e-01 9.605280000000000484e-01 -1.637000000000000000e-03 -9.605289999999999662e-01 -2.781790000000000096e-01 3.200000000000000262e-04
2.000000000000000000e+00 2.600000000000000000e+01 6.400000000000000000e+01 0.000000000000000000e+00 1.600000000000000089e+00 -5.327000000000000138e-03 2.819400000000000031e-02 9.995880000000000321e-01 -3.667190000000000172e-01 9.299049999999999816e-01 -2.818299999999999972e-02 -9.303169999999999495e-01 -3.667179999999999884e-01 5.386000000000000162e-03
1.400000000000000000e+01 2.600000000000000000e+01 6.400000000000000000e+01 0.000000000000000000e+00 1.600000000000000089e+00 2.513000000000000043e-03 4.785000000000000191e-03 9.999850000000000128e-01 -3.659689999999999888e-01 9.306200000000000028e-01 -3.533000000000000116e-03 -9.306240000000000068e-01 -3.659549999999999748e-01 4.089999999999999886e-03
1.800000000000000000e+01 2.600000000000000000e+01 6.400000000000000000e+01 0.000000000000000000e+00 1.600000000000000089e+00 -3.209999999999999963e-04 1.231000000000000106e-03 9.999989999999999712e-01 -3.636150000000000215e-01 9.315489999999999604e-01 -1.263999999999999933e-03 -9.315489999999999604e-01 -3.636150000000000215e-01 1.479999999999999925e-04
2.100000000000000000e+01 2.600000000000000000e+01 6.400000000000000000e+01 0.000000000000000000e+00 1.600000000000000089e+00 -1.307999999999999918e-03 2.930000000000000204e-04 9.999989999999999712e-01 -3.661840000000000095e-01 9.305419999999999803e-01 -7.510000000000000399e-04 -9.305419999999999803e-01 -3.661840000000000095e-01 -1.110000000000000092e-03
2.600000000000000000e+01 2.600000000000000000e+01 6.400000000000000000e+01 0.000000000000000000e+00 1.600000000000000089e+00 -5.399999999999999798e-05 3.359000000000000007e-03 9.999940000000000495e-01 -3.647839999999999971e-01 9.310869999999999980e-01 -3.148000000000000190e-03 -9.310920000000000307e-01 -3.647819999999999951e-01 1.175000000000000046e-03
1.200000000000000000e+01 6.900000000000000000e+01 6.600000000000000000e+01 0.000000000000000000e+00 1.600000000000000089e+00 1.020000000000000073e-03 3.972999999999999969e-03 9.999919999999999920e-01 -9.517189999999999817e-01 3.069709999999999939e-01 -2.489999999999999809e-04 -3.069689999999999919e-01 -9.517109999999999737e-01 4.094000000000000417e-03
1.700000000000000000e+01 6.900000000000000000e+01 6.600000000000000000e+01 0.000000000000000000e+00 1.600000000000000089e+00 1.149000000000000065e-03 5.184000000000000240e-03 9.999860000000000415e-01 -9.510870000000000157e-01 3.089219999999999744e-01 -5.079999999999999880e-04 -3.089199999999999724e-01 -9.510729999999999462e-01 5.284999999999999767e-03
