2.900000000000000000e+01 6.000000000000000000e+00 4.000000000000000000e+00 0.000000000000000000e+00 1.600000000000000089e+00 -1.015670000000000045e-01 -8.533499999999999419e-02 -9.911619999999999875e-01 -8.544049999999999701e-01 -5.028629999999999489e-01 1.308479999999999921e-01 -5.095840000000000369e-01 8.601440000000000197e-01 -2.183600000000000124e-02
2.200000000000000000e+01 1.300000000000000000e+01 5.000000000000000000e+00 0.000000000000000000e+00 1.600000000000000089e+00 1.936799999999999980e-02 -1.091670000000000001e-01 9.938350000000000239e-01 3.674330000000000096e-01 -9.236849999999999783e-01 -1.086219999999999963e-01 9.298480000000000079e-01 3.672710000000000141e-01 2.222100000000000117e-02
2.100000000000000000e+01 1.000000000000000000e+00 6.000000000000000000e+00 0.000000000000000000e+00 1.600000000000000089e+00 2.050199999999999939e-02 -1.250880000000000047e-01 -9.919339999999999824e-01 -1.762829999999999953e-01 -9.770510000000000028e-01 1.195670000000000066e-01 -9.841259999999999453e-01 1.724100000000000077e-01 -4.208200000000000135e-02
1.000000000000000000e+01 1.010000000000000000e+02 7.000000000000000000e+00 0.000000000000000000e+00 1.600000000000000089e+00 -2.471999999999999805e-03 5.060000000000000478e-04 9.999970000000000248e-01 8.883210000000000273e-01 4.592189999999999883e-01 1.962999999999999901e-03 -4.592160000000000131e-01 8.883229999999999738e-01 -1.583999999999999905e-03
2.100000000000000000e+01 1.010000000000000000e+02 7.000000000000000000e+00 0.000000000000000000e+00 1.600000000000000089e+00 1.680000000000000070e-03 -1.783200000000000063e-02 9.998399999999999510e-01 8.861759999999999637e-01 4.632979999999999876e-01 6.773999999999999640e-03 -4.633450000000000069e-01 8.860230000000000050e-01 1.658099999999999852e-02
4.000000000000000000e+00 2.500000000000000000e+01 8.000000000000000000e+00 0.000000000000000000e+00 1.600000000000000089e+00 1.700000000000000122e-04 4.040000000000000188e-03 -9.999919999999999920e-01 4.376419999999999755e-01 8.991419999999999968e-01 3.706999999999999792e-03 8.991500000000000048e-01 -4.376390000000000002e-01 -1.614999999999999899e-03
8.000000000000000000e+00 2.500000000000000000e+01 8.000000000000000000e+00 0.000000000000000000e+00 1.600000000000000089e+00 8.540000000000000499e-04 4.460999999999999688e-03 -9.999900000000000455e-01 4.395939999999999848e-01 8.981860000000000399e-01 4.382999999999999743e-03 8.981959999999999944e-01 -4.395930000000000115e-01 -1.193999999999999966e-03
1.200000000000000000e+01 2.500000000000000000e+01 8.000000000000000000e+00 0.000000000000000000e+00 1.600000000000000089e+00 5.379999999999999583e-04 -1.788000000000000093e-03 -9.999980000000000535e-01 4.405299999999999772e-01 8.977370000000000072e-01 -1.368000000000000075e-03 8.977380000000000360e-01 -4.405290000000000039e-01 1.270000000000000078e-03
1.600000000000000000e+01 2.500000000000000000e+01 8.000000000000000000e+00 0.000000000000000000e+00 1.600000000000000089e+00 8.319999999999999488e-04 -5.529999999999999976e-04 -1.000000000000000000e+00 4.403369999999999784e-01 8.978329999999999922e-01 -1.299999999999999886e-04 8.978319999999999634e-01 -4.403369999999999784e-01 9.899999999999999946e-04
1.900000000000000000e+01 2.500000000000000000e+01 8.000000000000000000e+00 0.000000000000000000e+00 1.600000000000000089e+00 1.090999999999999956e-03 3.987000000000000093e-03 -9.999909999999999632e-01 4.399230000000000085e-01 8.980259999999999909e-01 4.060000000000000241e-03 8.980350000000000277e-01 -4.399230000000000085e-01 -7.739999999999999485e-04
2.500000000000000000e+01 2.500000000000000000e+01 8.000000000000000000e+00 0.000000000000000000e+00 1.600000000000000089e+00 1.191000000000000001e-03 4.823000000000000030e-03 -9.999879999999999880e-01 4.391349999999999976e-01 8.984079999999999844e-01 4.856000000000000073e-03 8.984199999999999964e-01 -4.391349999999999976e-01 -1.048000000000000103e-03
3.000000000000000000e+00 2.400000000000000000e+01 9.000000000000000000e+00 0.000000000000000000e+00 1.600000000000000089e+00 2.020000000000000040e-04 3.265000000000000107e-03 -9.999949999999999672e-01 4.439690000000000025e-01 8.960369999999999724e-01 3.014999999999999885e-03 8.960420000000000051e-01 -4.439670000000000005e-01 -1.268000000000000030e-03
7.000000000000000000e+00 2.400000000000000000e+01 9.000000000000000000e+00 0.000000000000000000e+00 1.600000000000000089e+00 -3.390000000000000001e-04 5.779000000000000282e-03 -9.999829999999999552e-01 4.456600000000000006e-01 8.951879999999999837e-01 5.022000000000000422e-03 8.952020000000000532e-01 -4.456499999999999906e-01 -2.879000000000000049e-03
1.100000000000000000e+01 2.400000000000000000e+01 9.000000000000000000e+00 0.000000000000000000e+00 1.600000000000000089e+00 7.389999999999999651e-04 3.899999999999999929e-05 -1.000000000000000000e+00 4.479179999999999828e-01 8.940740000000000354e-01 3.660000000000000059e-04 8.940740000000000354e-01 -4.479179999999999828e-01 6.440000000000000412e-04
1.500000000000000000e+01 2.400000000000000000e+01 9.000000000000000000e+00 0.000000000000000000e+00 1.600000000000000089e+00 6.909999999999999910e-04 -2.549000000000000050e-03 -9.999970000000000248e-01 4.478659999999999863e-01 8.940989999999999771e-01 -1.969999999999999963e-03 8.941000000000000059e-01 -4.478630000000000111e-01 1.758999999999999930e-03
2.000000000000000000e+01 2.400000000000000000e+01 9.000000000000000000e+00 0.000000000000000000e+00 1.600000000000000089e+00 8.229999999999999469e-04 5.265999999999999848e-03 -9.999860000000000415e-01 4.464170000000000083e-01 8.948110000000000230e-01 5.080000000000000314e-03 8.948249999999999815e-01 -4.464150000000000063e-01 -1.613999999999999983e-03
2.600000000000000000e+01 2.400000000000000000e+01 9.000000000000000000e+00 0.000000000000000000e+00 1.600000000000000089e+00 9.610000000000000486e-04 3.759999999999999887e-03 -9.999919999999999920e-01 4.458539999999999726e-01 8.950979999999999492e-01 3.794000000000000063e-03 8.951050000000000395e-01 -4.458539999999999726e-01 -8.159999999999999936e-04
1.300000000000000000e+01 7.000000000000000000e+00 1.000000000000000000e+01 0.000000000000000000e+00 1.600000000000000089e+00 -1.375510000000000066e-01 -7.334300000000000541e-02 -9.877759999999999874e-01 -9.509079999999999755e-01 -2.693380000000000218e-01 1.524159999999999959e-01 -2.772240000000000260e-01 9.602490000000000192e-01 -3.269400000000000084e-02
4.000000000000000000e+00 8.000000000000000000e+00 1.000000000000000000e+01 0.000000000000000000e+00 1.600000000000000089e+00 -1.181969999999999965e-01 -4.474899999999999711e-02 -9.919810000000000016e-01 -9.854960000000000386e-01 -1.172149999999999997e-01 1.227120000000000016e-01 -1.217659999999999992e-01 9.920980000000000354e-01 -3.024599999999999858e-02
1.300000000000000000e+01 3.000000000000000000e+00 1.100000000000000000e+01 0.000000000000000000e+00 1.600000000000000089e+00 1.486200000000000021e-02 -1.502030000000000032e-01 9.885439999999999783e-01 1.965909999999999880e-01 -9.689159999999999995e-01 -1.501760000000000039e-01 9.803730000000000500e-01 1.965709999999999957e-01 1.512900000000000009e-02
1.000000000000000000e+01 3.100000000000000000e+01 1.200000000000000000e+01 0.000000000000000000e+00 1.600000000000000089e+00 -5.659999999999999884e-04 4.815999999999999968e-03 9.999879999999999880e-01 -3.063799999999999857e-02 9.995190000000000463e-01 -4.831000000000000225e-03 -9.995300000000000296e-01 -3.064000000000000057e-02 -4.180000000000000230e-04
1.000000000000000000e+00 3.500000000000000000e+01 1.200000000000000000e+01 0.000000000000000000e+00 1.600000000000000089e+00 -3.304000000000000079e-03 5.715999999999999727e-03 -9.999780000000000335e-01 4.680489999999999928e-01 -8.836779999999999635e-01 -6.597000000000000433e-03 -8.836960000000000370e-01 -4.680599999999999761e-01 2.439999999999999949e-04
4.000000000000000000e+00 3.500000000000000000e+01 1.200000000000000000e+01 0.000000000000000000e+00 1.600000000000000089e+00 -2.857999999999999863e-03 4.839999999999999684e-03 -9.999839999999999840e-01 4.563789999999999791e-01 -8.897680000000000033e-01 -5.610999999999999668e-03 -8.897810000000000441e-01 -4.563880000000000159e-01 3.339999999999999870e-04
2.200000000000000000e+01 3.200000000000000000e+01 1.400000000000000000e+01 0.000000000000000000e+00 1.600000000000000089e+00 -1.325999999999999922e-03 -4.120999999999999663e-03 -9.999909999999999632e-01 1.263340000000000019e-01 9.919790000000000552e-01 -4.256000000000000234e-03 9.919869999999999521e-01 -1.263390000000000069e-01 -7.950000000000000252e-04
1.900000000000000000e+01 1.200000000000000000e+01 1.500000000000000000e+01 0.000000000000000000e+00 1.600000000000000089e+00 1.136999999999999990e-02 1.704900000000000165e-02 -9.997899999999999565e-01 -4.021640000000000215e-01 -9.153449999999999642e-01 -2.018299999999999955e-02 -9.154970000000000052e-01 4.023090000000000277e-01 -3.550999999999999903e-03
2.600000000000000000e+01 1.200000000000000000e+01 1.500000000000000000e+01 0.000000000000000000e+00 1.600000000000000089e+00 1.899999999999999996e-03 -4.322999999999999586e-03 -9.999890000000000168e-01 -4.326110000000000233e-01 -9.015750000000000153e-01 3.076000000000000175e-03 -9.015779999999999905e-01 4.326010000000000133e-01 -3.583999999999999946e-03
1.700000000000000000e+01 1.160000000000000000e+02 1.600000000000000000e+01 0.000000000000000000e+00 1.600000000000000089e+00 9.349999999999999587e-04 1.546000000000000065e-03 9.999980000000000535e-01 7.022230000000000416e-01 7.119550000000000045e-01 -1.757000000000000098e-03 -7.119569999999999510e-01 7.022230000000000416e-01 -4.200000000000000174e-04
5.000000000000000000e+00 2.000000000000000000e+00 1.900000000000000000e+01 0.000000000000000000e+00 1.600000000000000089e+00 1.228399999999999978e-02 -6.685800000000000076e-02 -9.976869999999999905e-01 3.624820000000000264e-01 -9.295970000000000066e-01 6.675799999999999790e-02 -9.319100000000000161e-01 -3.624629999999999797e-01 1.281599999999999927e-02
9.000000000000000000e+00 2.000000000000000000e+00 1.900000000000000000e+01 0.000000000000000000e+00 1.600000000000000089e+00 1.416599999999999977e-02 -5.644899999999999918e-02 -9.983049999999999979e-01 3.667030000000000012e-01 -9.285470000000000113e-01 5.770800000000000235e-02 -9.302300000000000013e-01 -3.668989999999999752e-01 7.545999999999999756e-03
1.500000000000000000e+01 2.000000000000000000e+00 1.900000000000000000e+01 0.000000000000000000e+00 1.600000000000000089e+00 6.163000000000000075e-03 -4.436199999999999866e-02 -9.989959999999999951e-01 3.544019999999999948e-01 -9.340730000000000421e-01 4.366600000000000342e-02 -9.350730000000000430e-01 -3.543160000000000198e-01 9.964999999999999900e-03
1.800000000000000000e+01 2.000000000000000000e+00 1.900000000000000000e+01 0.000000000000000000e+00 1.600000000000000089e+00 -1.618999999999999996e-03 -6.670800000000000340e-02 -9.977709999999999635e-01 3.410579999999999723e-01 -9.379849999999999577e-01 6.215699999999999698e-02 -9.400410000000000155e-01 -3.401970000000000272e-01 2.426899999999999891e-02
2.300000000000000000e+01 2.000000000000000000e+00 1.900000000000000000e+01 0.000000000000000000e+00 1.600000000000000089e+00 -2.803500000000000089e-02 -6.816300000000000137e-02 -9.972800000000000553e-01 3.122360000000000135e-01 -9.483500000000000263e-01 5.604200000000000154e-02 -9.495909999999999629e-01 -3.098159999999999803e-01 4.787000000000000283e-02
2.600000000000000000e+01 2.000000000000000000e+00 1.900000000000000000e+01 0.000000000000000000e+00 1.600000000000000089e+00 -3.718899999999999983e-02 -6.608899999999999497e-02 -9.971200000000000063e-01 2.894530000000000158e-01 -9.557489999999999597e-01 5.255200000000000149e-02 -9.564700000000000424e-01 -2.866650000000000031e-01 5.467299999999999938e-02
1.200000000000000000e+01 3.000000000000000000e+00 1.900000000000000000e+01 0.000000000000000000e+00 1.600000000000000089e+00 1.234000000000000027e-02 -3.087399999999999867e-02 -9.994469999999999743e-01 3.336359999999999881e-01 -9.421169999999999822e-01 3.322200000000000153e-02 -9.426210000000000422e-01 -3.338610000000000189e-01 -1.325999999999999922e-03
1.700000000000000000e+01 3.000000000000000000e+00 1.900000000000000000e+01 0.000000000000000000e+00 1.600000000000000089e+00 -9.719999999999999907e-04 -4.942900000000000071e-02 -9.987770000000000259e-01 3.208799999999999986e-01 -9.459779999999999855e-01 4.650399999999999673e-02 -9.471190000000000442e-01 -3.204420000000000046e-01 1.677999999999999978e-02
2.200000000000000000e+01 3.000000000000000000e+00 1.900000000000000000e+01 0.000000000000000000e+00 1.600000000000000089e+00 -2.762300000000000172e-02 -6.736300000000000621e-02 -9.973459999999999548e-01 3.022699999999999831e-01 -9.515820000000000389e-01 5.589999999999999830e-02 -9.528219999999999468e-01 -2.999229999999999952e-01 4.664700000000000096e-02
1.800000000000000000e+01 4.000000000000000000e+00 2.000000000000000000e+01 0.000000000000000000e+00 1.600000000000000089e+00 -1.928999999999999942e-03 -2.916600000000000095e-02 -9.995730000000000448e-01 3.367829999999999990e-01 -9.412000000000000366e-01 2.681300000000000003e-02 -9.415799999999999725e-01 -3.365870000000000251e-01 1.163900000000000004e-02
2.000000000000000000e+00 1.300000000000000000e+01 2.000000000000000000e+01 0.000000000000000000e+00 1.600000000000000089e+00 4.870000000000000197e-04 7.127999999999999788e-03 9.999740000000000295e-01 2.606410000000000116e-01 9.654099999999999904e-01 -7.008999999999999606e-03 -9.654359999999999609e-01 2.606379999999999808e-01 -1.386999999999999995e-03
6.000000000000000000e+00 1.300000000000000000e+01 2.000000000000000000e+01 0.000000000000000000e+00 1.600000000000000089e+00 -7.100000000000000462e-05 4.133999999999999654e-03 9.999909999999999632e-01 2.602829999999999866e-01 9.655240000000000489e-01 -3.972999999999999969e-03 -9.655319999999999458e-01 2.602809999999999846e-01 -1.144999999999999967e-03
1.100000000000000000e+01 1.300000000000000000e+01 2.000000000000000000e+01 0.000000000000000000e+00 1.600000000000000089e+00 -6.840000000000000377e-04 -2.648000000000000180e-03 9.999959999999999960e-01 2.595930000000000182e-01 9.657139999999999613e-01 2.733999999999999885e-03 -9.657179999999999653e-01 2.595939999999999914e-01 2.699999999999999899e-05
1.500000000000000000e+01 1.300000000000000000e+01 2.000000000000000000e+01 0.000000000000000000e+00 1.600000000000000089e+00 -1.809000000000000061e-03 -7.931000000000000549e-03 9.999670000000000503e-01 2.622929999999999984e-01 9.649539999999999784e-01 8.127999999999999808e-03 -9.649870000000000392e-01 2.622990000000000044e-01 3.350000000000000113e-04
2.000000000000000000e+01 1.300000000000000000e+01 2.000000000000000000e+01 0.000000000000000000e+00 1.600000000000000089e+00 -1.219999999999999974e-04 -3.222000000000000038e-03 9.999949999999999672e-01 2.647700000000000053e-01 9.643070000000000253e-01 3.139999999999999996e-03 -9.643119999999999470e-01 2.647689999999999766e-01 7.349999999999999763e-04
2.500000000000000000e+01 1.300000000000000000e+01 2.000000000000000000e+01 0.000000000000000000e+00 1.600000000000000089e+00 6.880000000000000265e-04 2.671999999999999896e-03 9.999959999999999960e-01 2.640609999999999902e-01 9.645019999999999705e-01 -2.758000000000000035e-03 -9.645059999999999745e-01 2.640620000000000189e-01 -4.199999999999999768e-05
2.800000000000000000e+01 1.300000000000000000e+01 2.000000000000000000e+01 0.000000000000000000e+00 1.600000000000000089e+00 1.640000000000000019e-04 -7.829999999999999504e-04 1.000000000000000000e+00 2.620580000000000132e-01 9.650520000000000209e-01 7.129999999999999836e-04 -9.650520000000000209e-01 2.620580000000000132e-01 3.640000000000000115e-04
8.000000000000000000e+00 3.000000000000000000e+00 2.500000000000000000e+01 0.000000000000000000e+00 1.600000000000000089e+00 1.474400000000000016e-02 -3.971899999999999736e-02 9.991020000000000456e-01 -2.716000000000000098e-03 -9.992090000000000138e-01 -3.968300000000000299e-02 9.998879999999999990e-01 -2.128000000000000117e-03 -1.484100000000000003e-02
1.400000000000000000e+01 3.000000000000000000e+00 2.500000000000000000e+01 0.000000000000000000e+00 1.600000000000000089e+00 -3.886000000000000131e-03 5.189000000000000036e-03 9.999789999999999512e-01 -3.858899999999999830e-02 -9.992419999999999636e-01 5.035000000000000413e-03 9.992480000000000251e-01 -3.856899999999999912e-02 4.082999999999999824e-03
2.900000000000000000e+01 3.000000000000000000e+00 2.500000000000000000e+01 0.000000000000000000e+00 1.600000000000000089e+00 -3.416999999999999899e-03 -6.344999999999999946e-03 9.999740000000000295e-01 -4.162699999999999734e-02 -9.991120000000000001e-01 -6.481999999999999915e-03 9.991269999999999873e-01 -4.164799999999999752e-02 3.150000000000000022e-03
3.000000000000000000e+00 4.600000000000000000e+01 2.700000000000000000e+01 0.000000000000000000e+00 1.600000000000000089e+00 1.165000000000000020e-03 1.861000000000000024e-03 -9.999980000000000535e-01 6.757849999999999691e-01 7.370949999999999447e-01 2.160000000000000028e-03 7.370970000000000022e-01 -6.757859999999999978e-01 -3.989999999999999949e-04
1.500000000000000000e+01 4.600000000000000000e+01 2.700000000000000000e+01 0.000000000000000000e+00 1.600000000000000089e+00 -4.350000000000000026e-04 -2.854999999999999899e-03 -9.999959999999999960e-01 6.807189999999999630e-01 7.325409999999999977e-01 -2.387999999999999932e-03 7.325450000000000017e-01 -6.807170000000000165e-01 1.624000000000000010e-03
2.400000000000000000e+01 4.600000000000000000e+01 2.700000000000000000e+01 0.000000000000000000e+00 1.600000000000000089e+00 -4.820000000000000066e-04 2.256999999999999892e-03 -9.999970000000000248e-01 6.779500000000000526e-01 7.351060000000000372e-01 1.332000000000000068e-03 7.351069999999999549e-01 -6.779479999999999951e-01 -1.884999999999999957e-03
2.600000000000000000e+01 4.600000000000000000e+01 3.000000000000000000e+01 0.000000000000000000e+00 1.600000000000000089e+00 -4.560000000000000251e-04 2.158999999999999895e-03 -9.999980000000000535e-01 3.303159999999999985e-01 9.438680000000000403e-01 1.887000000000000005e-03 9.438699999999999868e-01 -3.303150000000000253e-01 -1.142999999999999919e-03
2.800000000000000000e+01 4.600000000000000000e+01 3.000000000000000000e+01 0.000000000000000000e+00 1.600000000000000089e+00 7.039999999999999817e-04 8.050000000000000515e-04 -9.999989999999999712e-01 3.321910000000000140e-01 9.432120000000000504e-01 9.940000000000000918e-04 9.432120000000000504e-01 -3.321919999999999873e-01 3.970000000000000005e-04
4.000000000000000000e+00 5.800000000000000000e+01 3.100000000000000000e+01 0.000000000000000000e+00 1.600000000000000089e+00 -2.942000000000000171e-03 -1.873000000000000099e-03 9.999940000000000495e-01 -8.064740000000000242e-01 -5.912589999999999790e-01 -3.480000000000000020e-03 5.912619999999999543e-01 -8.064799999999999747e-01 2.290000000000000098e-04
9.000000000000000000e+00 5.800000000000000000e+01 3.100000000000000000e+01 0.000000000000000000e+00 1.600000000000000089e+00 -5.126999999999999613e-03 -3.950000000000000386e-03 9.999789999999999512e-01 -8.117760000000000531e-01 -5.839320000000000066e-01 -6.468999999999999924e-03 5.839459999999999651e-01 -8.117929999999999868e-01 -2.130000000000000003e-04
1.300000000000000000e+01 5.800000000000000000e+01 3.100000000000000000e+01 0.000000000000000000e+00 1.600000000000000089e+00 2.259999999999999910e-04 1.337999999999999997e-03 9.999989999999999712e-01 -8.120979999999999865e-01 -5.835200000000000387e-01 9.640000000000000131e-04 5.835200000000000387e-01 -8.120979999999999865e-01 9.550000000000000112e-04
1.700000000000000000e+01 5.800000000000000000e+01 3.100000000000000000e+01 0.000000000000000000e+00 1.600000000000000089e+00 3.387999999999999953e-03 3.968000000000000173e-03 9.999860000000000415e-01 -8.097499999999999698e-01 -5.867529999999999690e-01 5.072000000000000119e-03 5.867649999999999810e-01 -8.097560000000000313e-01 1.224999999999999960e-03
2.400000000000000000e+01 5.800000000000000000e+01 3.100000000000000000e+01 0.000000000000000000e+00 1.600000000000000089e+00 -2.027000000000000156e-03 -4.782999999999999925e-03 9.999869999999999592e-01 -8.145029999999999770e-01 -5.801429999999999643e-01 -4.426000000000000247e-03 5.801560000000000050e-01 -8.145010000000000305e-01 -2.720000000000000195e-03
2.900000000000000000e+01 5.800000000000000000e+01 3.100000000000000000e+01 0.000000000000000000e+00 1.600000000000000089e+00 4.124000000000000062e-03 5.976000000000000409e-03 9.999740000000000295e-01 -8.133369999999999767e-01 -5.817520000000000469e-01 6.831000000000000266e-03 5.817780000000000173e-01 -8.133439999999999559e-01 2.462000000000000213e-03
1.000000000000000000e+00 4.600000000000000000e+01 3.500000000000000000e+01 0.000000000000000000e+00 1.600000000000000089e+00 -1.288999999999999998e-03 2.132999999999999913e-03 -9.999970000000000248e-01 3.901589999999999780e-01 -9.207440000000000069e-01 -2.467000000000000009e-03 -9.207469999999999821e-01 -3.901609999999999800e-01 3.550000000000000096e-04
5.000000000000000000e+00 4.600000000000000000e+01 3.500000000000000000e+01 0.000000000000000000e+00 1.600000000000000089e+00 -3.750000000000000078e-04 -1.848000000000000033e-03 -9.999980000000000535e-01 3.909050000000000025e-01 -9.204299999999999704e-01 1.554000000000000043e-03 -9.204309999999999992e-01 -3.909039999999999737e-01 1.067999999999999939e-03
1.200000000000000000e+01 4.600000000000000000e+01 3.500000000000000000e+01 0.000000000000000000e+00 1.600000000000000089e+00 3.699999999999999947e-04 -3.789999999999999966e-04 -1.000000000000000000e+00 3.921029999999999793e-01 -9.199209999999999887e-01 4.939999999999999730e-04 -9.199209999999999887e-01 -3.921040000000000081e-01 -1.920000000000000049e-04
1.400000000000000000e+01 4.600000000000000000e+01 3.500000000000000000e+01 0.000000000000000000e+00 1.600000000000000089e+00 2.689999999999999791e-04 1.090999999999999956e-03 -9.999989999999999712e-01 3.914380000000000082e-01 -9.202040000000000219e-01 -8.980000000000000352e-04 -9.202050000000000507e-01 -3.914369999999999794e-01 -6.750000000000000357e-04
2.200000000000000000e+01 4.600000000000000000e+01 3.500000000000000000e+01 0.000000000000000000e+00 1.600000000000000089e+00 -6.700000000000000226e-04 -9.600000000000000243e-05 -1.000000000000000000e+00 3.912109999999999754e-01 -9.203010000000000357e-01 -1.740000000000000010e-04 -9.203010000000000357e-01 -3.912109999999999754e-01 6.539999999999999590e-04
2.600000000000000000e+01 4.600000000000000000e+01 3.500000000000000000e+01 0.000000000000000000e+00 1.600000000000000089e+00 8.670000000000000406e-04 5.732000000000000116e-03 -9.999829999999999552e-01 3.902599999999999958e-01 -9.206910000000000371e-01 -4.938999999999999814e-03 -9.207039999999999669e-01 -3.902490000000000125e-01 -3.034999999999999937e-03
1.900000000000000000e+01 9.500000000000000000e+01 3.600000000000000000e+01 0.000000000000000000e+00 1.600000000000000089e+00 2.910000000000000260e-04 6.164000000000000208e-03 9.999810000000000088e-01 9.967369999999999841e-01 8.071599999999999608e-02 -7.870000000000000476e-04 -8.071899999999999908e-02 9.967179999999999929e-01 -6.120999999999999705e-03
2.200000000000000000e+01 9.500000000000000000e+01 3.600000000000000000e+01 0.000000000000000000e+00 1.600000000000000089e+00 -2.599999999999999840e-05 -8.512000000000000469e-03 9.999639999999999640e-01 9.967249999999999721e-01 8.086799999999999544e-02 7.140000000000000079e-04 -8.087099999999999844e-02 9.966880000000000184e-01 8.481999999999999956e-03
3.000000000000000000e+00 3.000000000000000000e+00 4.300000000000000000e+01 0.000000000000000000e+00 1.600000000000000089e+00 4.093000000000000284e-03 -7.781999999999999855e-03 -9.999609999999999888e-01 7.365939999999999710e-01 -6.762839999999999963e-01 8.278000000000000635e-03 -6.763230000000000075e-01 -7.366000000000000325e-01 2.964000000000000055e-03
1.000000000000000000e+01 3.000000000000000000e+00 4.300000000000000000e+01 0.000000000000000000e+00 1.600000000000000089e+00 5.450000000000000200e-04 -8.356000000000000580e-03 -9.999649999999999928e-01 7.427390000000000381e-01 -6.695539999999999825e-01 6.000000000000000125e-03 -6.695809999999999818e-01 -7.427160000000000428e-01 5.840999999999999838e-03
6.000000000000000000e+00 2.900000000000000000e+01 4.400000000000000000e+01 0.000000000000000000e+00 1.600000000000000089e+00 3.924999999999999670e-03 6.530000000000000431e-04 -9.999919999999999920e-01 6.643909999999999538e-01 7.473790000000000155e-01 3.095999999999999794e-03 7.473750000000000115e-01 -6.643980000000000441e-01 2.500000000000000052e-03
1.500000000000000000e+01 2.900000000000000000e+01 4.400000000000000000e+01 0.000000000000000000e+00 1.600000000000000089e+00 -1.209999999999999921e-03 4.139000000000000318e-03 -9.999909999999999632e-01 6.644670000000000298e-01 7.473140000000000338e-01 2.288999999999999802e-03 7.473170000000000091e-01 -6.644579999999999931e-01 -3.654999999999999829e-03
2.100000000000000000e+01 5.400000000000000000e+01 4.600000000000000000e+01 0.000000000000000000e+00 1.600000000000000089e+00 4.429999999999999802e-04 3.174000000000000172e-03 9.999949999999999672e-01 2.896639999999999771e-01 -9.571239999999999748e-01 2.909000000000000127e-03 9.571279999999999788e-01 2.896610000000000018e-01 -1.343000000000000010e-03
7.000000000000000000e+00 5.000000000000000000e+00 5.100000000000000000e+01 0.000000000000000000e+00 1.600000000000000089e+00 1.139999999999999954e-03 -1.484899999999999935e-02 -9.998890000000000278e-01 4.828810000000000047e-01 -8.755810000000000537e-01 1.355400000000000008e-02 -8.756850000000000467e-01 -4.828430000000000222e-01 6.172000000000000403e-03
1.800000000000000000e+01 5.000000000000000000e+00 5.100000000000000000e+01 0.000000000000000000e+00 1.600000000000000089e+00 -2.093999999999999941e-03 2.857000000000000164e-03 -9.999940000000000495e-01 4.823500000000000010e-01 -8.759719999999999729e-01 -3.513000000000000064e-03 -8.759759999999999769e-01 -4.823540000000000050e-01 4.560000000000000251e-04
2.400000000000000000e+01 5.000000000000000000e+00 5.100000000000000000e+01 0.000000000000000000e+00 1.600000000000000089e+00 1.196999999999999930e-03 1.940000000000000101e-03 -9.999970000000000248e-01 4.906130000000000213e-01 -8.713769999999999571e-01 -1.103000000000000031e-03 -8.713769999999999571e-01 -4.906110000000000193e-01 -1.994999999999999812e-03
7.000000000000000000e+00 1.150000000000000000e+02 5.100000000000000000e+01 0.000000000000000000e+00 1.600000000000000089e+00 -2.315999999999999916e-03 3.359000000000000007e-03 9.999919999999999920e-01 8.457940000000000458e-01 -5.334969999999999990e-01 3.750999999999999994e-03 5.335050000000000070e-01 8.457949999999999635e-01 -1.606000000000000006e-03
5.000000000000000000e+00 6.300000000000000000e+01 5.400000000000000000e+01 0.000000000000000000e+00 1.600000000000000089e+00 -1.621000000000000045e-03 -4.049999999999999781e-03 9.999909999999999632e-01 -3.546199999999999908e-01 9.350049999999999750e-01 3.212000000000000011e-03 -9.350089999999999790e-01 -3.546110000000000095e-01 -2.952000000000000197e-03
1.000000000000000000e+01 6.300000000000000000e+01 5.400000000000000000e+01 0.000000000000000000e+00 1.600000000000000089e+00 -1.441000000000000007e-03 -1.521999999999999915e-03 9.999980000000000535e-01 -3.496619999999999728e-01 9.368750000000000133e-01 9.219999999999999680e-04 -9.368750000000000133e-01 -3.496600000000000263e-01 -1.881999999999999992e-03
2.200000000000000000e+01 6.300000000000000000e+01 5.400000000000000000e+01 0.000000000000000000e+00 1.600000000000000089e+00 -1.283999999999999985e-03 -3.157000000000000084e-03 9.999940000000000495e-01 -3.534649999999999737e-01 9.354440000000000532e-01 2.500000000000000052e-03 -9.354470000000000285e-01 -3.534599999999999964e-01 -2.317000000000000049e-03
2.600000000000000000e+01 6.300000000000000000e+01 5.400000000000000000e+01 0.000000000000000000e+00 1.600000000000000089e+00 -2.069999999999999900e-04 -5.940000000000000184e-04 1.000000000000000000e+00 -3.488370000000000082e-01 9.371829999999999883e-01 4.850000000000000253e-04 -9.371840000000000170e-01 -3.488359999999999794e-01 -4.009999999999999893e-04
1.200000000000000000e+01 2.500000000000000000e+01 5.500000000000000000e+01 0.000000000000000000e+00 1.600000000000000089e+00 -3.449999999999999833e-04 -3.147000000000000058e-03 -9.999949999999999672e-01 -1.488399999999999966e-02 -9.998839999999999950e-01 3.151999999999999854e-03 -9.998890000000000278e-01 1.488500000000000066e-02 2.979999999999999793e-04
1.500000000000000000e+01 2.500000000000000000e+01 5.500000000000000000e+01 0.000000000000000000e+00 1.600000000000000089e+00 3.950000000000000061e-04 3.171999999999999906e-03 -9.999949999999999672e-01 -1.502099999999999963e-02 -9.998820000000000485e-01 -3.177000000000000136e-03 -9.998869999999999703e-01 1.502299999999999990e-02 -3.469999999999999777e-04
2.000000000000000000e+01 2.500000000000000000e+01 5.500000000000000000e+01 0.000000000000000000e+00 1.600000000000000089e+00 -1.128000000000000096e-03 3.792999999999999931e-03 -9.999919999999999920e-01 -1.378099999999999985e-02 -9.998979999999999535e-01 -3.776999999999999975e-03 -9.999040000000000150e-01 1.377600000000000005e-02 1.180000000000000059e-03
9.000000000000000000e+00 5.800000000000000000e+01 5.900000000000000000e+01 0.000000000000000000e+00 1.600000000000000089e+00 -3.119999999999999944e-04 -4.218000000000000395e-03 -9.999909999999999632e-01 3.944670000000000121e-01 9.189009999999999678e-01 -3.997999999999999818e-03 9.189100000000000046e-01 -3.944650000000000101e-01 1.376999999999999969e-03
1.300000000000000000e+01 2.100000000000000000e+01 6.000000000000000000e+01 0.000000000000000000e+00 1.600000000000000089e+00 4.108999999999999805e-03 -7.999999999999999638e-06 9.999919999999999920e-01 -9.709800000000000375e-02 9.952750000000000208e-01 4.070000000000000267e-04 -9.952659999999999840e-01 -9.709900000000000475e-02 4.088999999999999753e-03
1.700000000000000000e+01 2.100000000000000000e+01 6.000000000000000000e+01 0.000000000000000000e+00 1.600000000000000089e+00 4.278999999999999818e-03 -1.746699999999999989e-02 9.998380000000000045e-01 -1.013109999999999983e-01 9.946949999999999958e-01 1.781100000000000044e-02 -9.948460000000000081e-01 -1.013710000000000028e-01 2.487000000000000061e-03
2.300000000000000000e+01 2.100000000000000000e+01 6.000000000000000000e+01 0.000000000000000000e+00 1.600000000000000089e+00 -2.226000000000000114e-03 2.119999999999999923e-03 9.999949999999999672e-01 -9.581800000000000039e-02 9.953959999999999475e-01 -2.322999999999999978e-03 -9.953959999999999475e-01 -9.582300000000000539e-02 -2.013000000000000032e-03
2.000000000000000000e+00 6.000000000000000000e+00 6.100000000000000000e+01 0.000000000000000000e+00 1.600000000000000089e+00 2.657000000000000074e-03 4.099000000000000213e-03 9.999879999999999880e-01 5.653380000000000072e-01 -8.248569999999999514e-01 1.879000000000000028e-03 8.248550000000000049e-01 5.653259999999999952e-01 -4.508999999999999987e-03
3.000000000000000000e+00 2.700000000000000000e+01 6.300000000000000000e+01 0.000000000000000000e+00 1.600000000000000089e+00 -9.190000000000000035e-04 2.912000000000000092e-03 9.999949999999999672e-01 -2.655930000000000235e-01 9.640800000000000480e-01 -3.052000000000000025e-03 -9.640849999999999698e-01 -2.655939999999999968e-01 -1.129999999999999955e-04
1.300000000000000000e+01 2.700000000000000000e+01 6.300000000000000000e+01 0.000000000000000000e+00 1.600000000000000089e+00 4.070000000000000267e-04 -6.447999999999999739e-03 9.999789999999999512e-01 -2.731910000000000172e-01 9.619389999999999885e-01 6.313000000000000035e-03 -9.619600000000000373e-01 -2.731870000000000132e-01 -1.369999999999999907e-03
2.100000000000000000e+01 2.700000000000000000e+01 6.300000000000000000e+01 0.000000000000000000e+00 1.600000000000000089e+00 4.444000000000000034e-03 8.054999999999999660e-03 9.999580000000000135e-01 -2.732310000000000016e-01 9.619259999999999478e-01 -6.535000000000000010e-03 -9.619379999999999598e-01 -2.731910000000000172e-01 6.474999999999999853e-03
3.000000000000000000e+00 2.600000000000000000e+01 6.400000000000000000e+01 0.000000000000000000e+00 1.600000000000000089e+00 -1.968000000000000131e-03 6.569000000000000186e-03 9.999770000000000048e-01 -3.429610000000000158e-01 9.393249999999999655e-01 -6.845000000000000390e-03 -9.393479999999999608e-01 -3.429659999999999931e-01 4.040000000000000080e-04
1.400000000000000000e+01 2.600000000000000000e+01 6.400000000000000000e+01 0.000000000000000000e+00 1.600000000000000089e+00 1.958000000000000105e-03 -3.455000000000000172e-03 9.999919999999999920e-01 -3.552270000000000150e-01 9.347720000000000473e-01 3.924999999999999670e-03 -9.347779999999999978e-01 -3.552319999999999922e-01 6.030000000000000204e-04
1.700000000000000000e+01 2.600000000000000000e+01 6.400000000000000000e+01 0.000000000000000000e+00 1.600000000000000089e+00 4.245999999999999774e-03 3.923000000000000272e-03 9.999829999999999552e-01 -3.566449999999999898e-01 9.342380000000000129e-01 -2.151000000000000134e-03 -9.342300000000000049e-01 -3.566300000000000026e-01 5.366000000000000110e-03
2.300000000000000000e+01 2.600000000000000000e+01 6.400000000000000000e+01 0.000000000000000000e+00 1.600000000000000089e+00 3.738000000000000003e-03 5.784000000000000079e-03 9.999759999999999760e-01 -3.541159999999999863e-01 9.351920000000000233e-01 -4.085000000000000089e-03 -9.351939999999999698e-01 -3.540929999999999911e-01 5.544000000000000317e-03
1.900000000000000000e+01 6.900000000000000000e+01 6.600000000000000000e+01 0.000000000000000000e+00 1.600000000000000089e+00 1.154000000000000078e-03 -2.089000000000000145e-03 9.999970000000000248e-01 -9.487409999999999455e-01 3.160499999999999976e-01 1.755000000000000050e-03 -3.160529999999999728e-01 -9.487400000000000277e-01 -1.618000000000000081e-03
1.000000000000000000e+00 2.500000000000000000e+01 7.300000000000000000e+01 0.000000000000000000e+00 1.600000000000000089e+00 -1.760999999999999979e-03 2.015999999999999997e-03 9.999959999999999960e-01 7.461910000000000487e-01 -6.657260000000000399e-01 2.657000000000000074e-03 6.657290000000000152e-01 7.461929999999999952e-01 -3.319999999999999926e-04
8.000000000000000000e+00 2.500000000000000000e+01 7.300000000000000000e+01 0.000000000000000000e+00 1.600000000000000089e+00 1.118000000000000070e-03 1.467999999999999904e-03 9.999980000000000535e-01 7.547110000000000207e-01 -6.560580000000000300e-01 1.190000000000000058e-04 6.560570000000000013e-01 7.547089999999999632e-01 -1.840999999999999972e-03
2.300000000000000000e+01 2.500000000000000000e+01 7.300000000000000000e+01 0.000000000000000000e+00 1.600000000000000089e+00 8.899999999999999491e-05 -1.691000000000000012e-03 9.999989999999999712e-01 7.481940000000000257e-01 -6.634790000000000409e-01 -1.188999999999999953e-03 6.634799999999999587e-01 7.481929999999999970e-01 1.206000000000000041e-03
2.800000000000000000e+01 2.500000000000000000e+01 7.300000000000000000e+01 0.000000000000000000e+00 1.600000000000000089e+00 -3.710000000000000190e-04 7.074000000000000427e-03 9.999749999999999472e-01 7.529789999999999539e-01 -6.580259999999999998e-01 4.934000000000000018e-03 6.580449999999999910e-01 7.529620000000000202e-01 -5.081999999999999712e-03
2.000000000000000000e+00 4.400000000000000000e+01 7.300000000000000000e+01 0.000000000000000000e+00 1.600000000000000089e+00 -1.487999999999999956e-03 1.775000000000000102e-03 9.999970000000000248e-01 5.830799999999999872e-02 -9.982969999999999899e-01 1.858999999999999975e-03 9.982980000000000187e-01 5.831100000000000172e-02 1.381999999999999982e-03
6.000000000000000000e+00 4.400000000000000000e+01 7.300000000000000000e+01 0.000000000000000000e+00 1.600000000000000089e+00 -1.482000000000000027e-03 -4.179000000000000423e-03 9.999900000000000455e-01 5.674799999999999983e-02 -9.983800000000000452e-01 -4.087999999999999620e-03 9.983870000000000244e-01 5.674099999999999977e-02 1.716999999999999993e-03
1.300000000000000000e+01 4.400000000000000000e+01 7.300000000000000000e+01 0.000000000000000000e+00 1.600000000000000089e+00 -4.081000000000000426e-03 -1.625700000000000062e-02 9.998590000000000533e-01 5.334300000000000153e-02 -9.984480000000000022e-01 -1.601599999999999899e-02 9.985680000000000112e-01 5.326999999999999791e-02 4.941000000000000079e-03
2.700000000000000000e+01 4.400000000000000000e+01 7.300000000000000000e+01 0.000000000000000000e+00 1.600000000000000089e+00 1.128700000000000016e-02 1.552800000000000014e-02 9.998160000000000380e-01 5.229899999999999827e-02 -9.985199999999999632e-01 1.491800000000000070e-02 9.985680000000000112e-01 5.212100000000000066e-02 -1.208200000000000073e-02
9.000000000000000000e+00 5.100000000000000000e+01 7.600000000000000000e+01 0.000000000000000000e+00 1.600000000000000089e+00 -9.399999999999999719e-04 -5.390999999999999959e-03 -9.999850000000000128e-01 -3.925770000000000093e-01 -9.197039999999999660e-01 5.327000000000000138e-03 -9.197189999999999532e-01 3.925759999999999805e-01 -1.252000000000000075e-03
3.000000000000000000e+00 9.100000000000000000e+01 7.600000000000000000e+01 0.000000000000000000e+00 1.600000000000000089e+00 8.729999999999999696e-04 1.142999999999999919e-03 9.999989999999999712e-01 3.782300000000000106e-01 -9.257109999999999506e-01 7.280000000000000230e-04 9.257109999999999506e-01 3.782289999999999819e-01 -1.240999999999999916e-03
6.000000000000000000e+00 9.100000000000000000e+01 7.600000000000000000e+01 0.000000000000000000e+00 1.600000000000000089e+00 -1.142000000000000003e-03 -9.600000000000000243e-04 9.999989999999999712e-01 3.745399999999999840e-01 -9.272110000000000074e-01 -4.629999999999999784e-04 9.272099999999999786e-01 3.745390000000000108e-01 1.417999999999999990e-03
1.400000000000000000e+01 9.100000000000000000e+01 7.600000000000000000e+01 0.000000000000000000e+00 1.600000000000000089e+00 -1.450000000000000009e-04 1.046000000000000055e-03 9.999989999999999712e-01 3.900669999999999971e-01 -9.207859999999999934e-01 1.018999999999999941e-03 9.207859999999999934e-01 3.900669999999999971e-01 -2.739999999999999923e-04
1.700000000000000000e+01 9.100000000000000000e+01 7.600000000000000000e+01 0.000000000000000000e+00 1.600000000000000089e+00 -3.840000000000000097e-04 -1.724999999999999971e-03 9.999980000000000535e-01 3.844980000000000064e-01 -9.231249999999999734e-01 -1.443999999999999971e-03 9.231260000000000021e-01 3.844969999999999777e-01 1.018000000000000025e-03
2.300000000000000000e+01 9.100000000000000000e+01 7.600000000000000000e+01 0.000000000000000000e+00 1.600000000000000089e+00 2.164999999999999824e-03 9.200000000000000007e-05 9.999980000000000535e-01 3.595979999999999732e-01 -9.331070000000000197e-01 -6.930000000000000396e-04 9.331049999999999622e-01 3.595979999999999732e-01 -2.053000000000000137e-03
2.600000000000000000e+01 9.100000000000000000e+01 7.600000000000000000e+01 0.000000000000000000e+00 1.600000000000000089e+00 3.269000000000000204e-03 9.210000000000000521e-04 9.999940000000000495e-01 3.534359999999999724e-01 -9.354590000000000405e-01 -2.939999999999999905e-04 9.354529999999999790e-01 3.534349999999999992e-01 -3.383999999999999855e-03
7.000000000000000000e+00 6.300000000000000000e+01 8.100000000000000000e+01 0.000000000000000000e+00 1.600000000000000089e+00 -5.751000000000000036e-03 -2.500000000000000052e-03 9.999799999999999800e-01 1.443200000000000038e-02 -9.998930000000000318e-01 -2.416999999999999878e-03 9.998789999999999623e-01 1.441800000000000026e-02 5.786000000000000344e-03
5.000000000000000000e+00 4.400000000000000000e+01 8.300000000000000000e+01 0.000000000000000000e+00 1.600000000000000089e+00 -7.986000000000000043e-03 8.838699999999999335e-02 9.960539999999999949e-01 4.719590000000000174e-01 -8.778289999999999704e-01 8.168000000000000260e-02 8.815849999999999520e-01 4.707489999999999730e-01 -3.470499999999999974e-02
