8.000000000000000000e+00 1.500000000000000000e+01 4.000000000000000000e+00 0.000000000000000000e+00 1.600000000000000089e+00 -1.881000000000000076e-03 1.010699999999999966e-02 9.999470000000000303e-01 2.924720000000000097e-01 -9.562199999999999589e-01 1.021599999999999939e-02 9.562720000000000109e-01 2.924749999999999850e-01 -1.157000000000000042e-03
1.400000000000000000e+01 1.500000000000000000e+01 4.000000000000000000e+00 0.000000000000000000e+00 1.600000000000000089e+00 2.461000000000000080e-03 2.421999999999999847e-02 9.997040000000000370e-01 2.904820000000000180e-01 -9.566170000000000506e-01 2.246099999999999833e-02 9.568769999999999776e-01 2.903399999999999870e-01 -9.390000000000000777e-03
1.900000000000000000e+01 1.500000000000000000e+01 4.000000000000000000e+00 0.000000000000000000e+00 1.600000000000000089e+00 4.568000000000000012e-03 3.164100000000000246e-02 9.994889999999999608e-01 2.948589999999999822e-01 -9.551039999999999530e-01 2.888800000000000048e-02 9.555299999999999905e-01 2.945769999999999778e-01 -1.369199999999999931e-02
2.500000000000000000e+01 1.500000000000000000e+01 4.000000000000000000e+00 0.000000000000000000e+00 1.600000000000000089e+00 -5.615000000000000199e-03 8.999000000000000055e-03 9.999440000000000550e-01 2.954289999999999972e-01 -9.553099999999999925e-01 1.025599999999999949e-02 9.553479999999999750e-01 2.954700000000000104e-01 2.704999999999999939e-03
2.800000000000000000e+01 1.500000000000000000e+01 4.000000000000000000e+00 0.000000000000000000e+00 1.600000000000000089e+00 -5.316000000000000413e-03 2.998999999999999930e-03 9.999810000000000088e-01 2.925769999999999760e-01 -9.562319999999999709e-01 4.422999999999999848e-03 9.562270000000000492e-01 2.925949999999999940e-01 4.205999999999999669e-03
4.000000000000000000e+00 1.010000000000000000e+02 7.000000000000000000e+00 0.000000000000000000e+00 1.600000000000000089e+00 -2.247999999999999998e-03 -1.472200000000000071e-02 9.998890000000000278e-01 8.836349999999999483e-01 4.680920000000000081e-01 8.878999999999999740e-03 -4.681710000000000038e-01 8.835570000000000368e-01 1.195599999999999961e-02
1.000000000000000000e+00 1.500000000000000000e+01 8.000000000000000000e+00 0.000000000000000000e+00 1.600000000000000089e+00 -4.164000000000000166e-03 2.523000000000000069e-03 -9.999879999999999880e-01 -5.946749999999999536e-01 -8.039659999999999584e-01 4.479999999999999933e-04 -8.039560000000000040e-01 5.946700000000000319e-01 4.849000000000000012e-03
1.000000000000000000e+01 1.500000000000000000e+01 8.000000000000000000e+00 0.000000000000000000e+00 1.600000000000000089e+00 5.276000000000000308e-03 1.210800000000000071e-02 -9.999130000000000518e-01 -5.937200000000000255e-01 -8.045689999999999786e-01 -1.287600000000000029e-02 -8.046539999999999804e-01 5.937360000000000415e-01 2.944000000000000002e-03
1.400000000000000000e+01 1.500000000000000000e+01 8.000000000000000000e+00 0.000000000000000000e+00 1.600000000000000089e+00 4.022999999999999667e-03 2.272899999999999920e-02 -9.997340000000000115e-01 -5.910800000000000498e-01 -8.063470000000000359e-01 -2.071100000000000024e-02 -8.066029999999999589e-01 5.910060000000000313e-01 1.019100000000000041e-02
1.800000000000000000e+01 1.500000000000000000e+01 8.000000000000000000e+00 0.000000000000000000e+00 1.600000000000000089e+00 3.975000000000000235e-03 3.025699999999999917e-02 -9.995340000000000336e-01 -5.887499999999999956e-01 -8.078710000000000058e-01 -2.679700000000000137e-02 -8.083050000000000512e-01 5.885820000000000496e-01 1.460200000000000040e-02
2.200000000000000000e+01 1.500000000000000000e+01 8.000000000000000000e+00 0.000000000000000000e+00 1.600000000000000089e+00 7.433999999999999636e-03 1.856199999999999864e-02 -9.998000000000000220e-01 -5.862119999999999553e-01 -8.099250000000000060e-01 -1.939600000000000005e-02 -8.101239999999999553e-01 5.862389999999999546e-01 4.860999999999999870e-03
2.700000000000000000e+01 1.500000000000000000e+01 8.000000000000000000e+00 0.000000000000000000e+00 1.600000000000000089e+00 8.713999999999999524e-03 6.922000000000000201e-03 -9.999379999999999935e-01 -5.825409999999999755e-01 -8.127309999999999812e-01 -1.070199999999999971e-02 -8.127550000000000052e-01 5.825979999999999492e-01 -3.050000000000000194e-03
2.800000000000000000e+01 2.600000000000000000e+01 8.000000000000000000e+00 0.000000000000000000e+00 1.600000000000000089e+00 -8.925000000000000641e-03 -1.490400000000000058e-02 -9.998489999999999878e-01 4.039189999999999725e-01 9.146320000000000006e-01 -1.723900000000000085e-02 9.147509999999999808e-01 -4.040119999999999822e-01 -2.142999999999999940e-03
1.400000000000000000e+01 2.400000000000000000e+01 9.000000000000000000e+00 0.000000000000000000e+00 1.600000000000000089e+00 -4.937000000000000416e-03 -8.035000000000000475e-03 -9.999559999999999560e-01 4.536850000000000049e-01 8.911130000000000440e-01 -9.400000000000000369e-03 8.911480000000000512e-01 -4.537109999999999754e-01 -7.540000000000000044e-04
2.200000000000000000e+01 2.400000000000000000e+01 9.000000000000000000e+00 0.000000000000000000e+00 1.600000000000000089e+00 -5.396999999999999888e-03 -1.457400000000000015e-02 -9.998789999999999623e-01 4.573570000000000135e-01 8.891489999999999672e-01 -1.542900000000000001e-02 8.892670000000000297e-01 -4.573849999999999860e-01 1.866999999999999953e-03
9.000000000000000000e+00 4.000000000000000000e+00 1.100000000000000000e+01 0.000000000000000000e+00 1.600000000000000089e+00 3.959999999999999762e-04 -9.294000000000000178e-03 -9.999569999999999848e-01 1.765599999999999947e-01 9.842480000000000118e-01 -9.077999999999999264e-03 9.842899999999999983e-01 -1.765490000000000115e-01 2.030999999999999819e-03
1.500000000000000000e+01 4.000000000000000000e+00 1.100000000000000000e+01 0.000000000000000000e+00 1.600000000000000089e+00 -1.402000000000000034e-03 -2.108900000000000011e-02 -9.997770000000000268e-01 1.821450000000000014e-01 9.830480000000000329e-01 -2.099099999999999924e-02 9.832710000000000061e-01 -1.821339999999999903e-01 2.462999999999999912e-03
2.500000000000000000e+01 4.000000000000000000e+00 1.100000000000000000e+01 0.000000000000000000e+00 1.600000000000000089e+00 -1.830000000000000029e-04 -2.242000000000000069e-03 -9.999970000000000248e-01 1.941900000000000015e-01 9.809609999999999719e-01 -2.235000000000000007e-03 9.809639999999999471e-01 -1.941900000000000015e-01 2.550000000000000183e-04
2.800000000000000000e+01 4.000000000000000000e+00 1.100000000000000000e+01 0.000000000000000000e+00 1.600000000000000089e+00 -7.999999999999999638e-06 -3.499999999999999693e-05 -1.000000000000000000e+00 1.930830000000000046e-01 9.811819999999999986e-01 -3.600000000000000091e-05 9.811819999999999986e-01 -1.930830000000000046e-01 -9.999999999999999547e-07
2.800000000000000000e+01 1.040000000000000000e+02 1.100000000000000000e+01 0.000000000000000000e+00 1.600000000000000089e+00 1.206000000000000041e-03 -3.154999999999999818e-03 9.999940000000000495e-01 -9.748299999999999743e-01 -2.229490000000000083e-01 4.719999999999999803e-04 2.229460000000000053e-01 -9.748250000000000526e-01 -3.344999999999999883e-03
1.400000000000000000e+01 3.100000000000000000e+01 1.200000000000000000e+01 0.000000000000000000e+00 1.600000000000000089e+00 1.859999999999999945e-04 -1.683999999999999950e-03 9.999989999999999712e-01 -2.021200000000000080e-02 9.997939999999999605e-01 1.686999999999999915e-03 -9.997960000000000180e-01 -2.021200000000000080e-02 1.520000000000000084e-04
2.400000000000000000e+01 3.100000000000000000e+01 1.200000000000000000e+01 0.000000000000000000e+00 1.600000000000000089e+00 -3.899999999999999929e-05 -6.830000000000000134e-04 1.000000000000000000e+00 -2.051299999999999998e-02 9.997890000000000388e-01 6.819999999999999890e-04 -9.997899999999999565e-01 -2.051299999999999998e-02 -5.300000000000000078e-05
8.000000000000000000e+00 3.000000000000000000e+00 1.300000000000000000e+01 0.000000000000000000e+00 1.600000000000000089e+00 -6.260000000000000373e-04 -6.202000000000000048e-03 9.999810000000000088e-01 -1.055399999999999915e-02 9.999249999999999527e-01 6.194999999999999986e-03 -9.999440000000000550e-01 -1.055000000000000035e-02 -6.909999999999999910e-04
1.500000000000000000e+01 3.000000000000000000e+00 1.300000000000000000e+01 0.000000000000000000e+00 1.600000000000000089e+00 -1.902999999999999961e-03 -2.257699999999999985e-02 9.997430000000000483e-01 -1.444999999999999930e-02 9.996410000000000018e-01 2.254700000000000107e-02 -9.998939999999999495e-01 -1.440299999999999914e-02 -2.229000000000000078e-03
1.700000000000000000e+01 3.200000000000000000e+01 1.400000000000000000e+01 0.000000000000000000e+00 1.600000000000000089e+00 -1.183999999999999940e-03 -2.825999999999999953e-03 -9.999949999999999672e-01 1.204250000000000043e-01 9.927179999999999893e-01 -2.948000000000000100e-03 9.927219999999999933e-01 -1.204279999999999934e-01 -8.350000000000000217e-04
1.900000000000000000e+01 3.200000000000000000e+01 1.400000000000000000e+01 0.000000000000000000e+00 1.600000000000000089e+00 -8.339999999999999974e-04 -3.252999999999999815e-03 -9.999940000000000495e-01 1.176999999999999991e-01 9.930440000000000378e-01 -3.328999999999999928e-03 9.930489999999999595e-01 -1.177020000000000011e-01 -4.459999999999999989e-04
3.000000000000000000e+01 3.200000000000000000e+01 1.400000000000000000e+01 0.000000000000000000e+00 1.600000000000000089e+00 2.429000000000000169e-03 -3.899999999999999929e-04 -9.999970000000000248e-01 1.135929999999999995e-01 9.935270000000000490e-01 -1.110000000000000011e-04 9.935239999999999627e-01 -1.135919999999999985e-01 2.458000000000000115e-03
8.000000000000000000e+00 1.200000000000000000e+01 1.500000000000000000e+01 0.000000000000000000e+00 1.600000000000000089e+00 8.350000000000000217e-04 3.739999999999999835e-03 -9.999930000000000208e-01 -4.701609999999999956e-01 -8.825730000000000519e-01 -3.693999999999999801e-03 -8.825800000000000312e-01 4.701609999999999956e-01 1.021999999999999905e-03
1.400000000000000000e+01 1.200000000000000000e+01 1.500000000000000000e+01 0.000000000000000000e+00 1.600000000000000089e+00 2.841000000000000209e-03 8.440000000000000236e-04 -9.999959999999999960e-01 -4.690059999999999785e-01 -8.831930000000000058e-01 -2.076999999999999853e-03 -8.831909999999999483e-01 4.690090000000000092e-01 -2.112999999999999861e-03
2.300000000000000000e+01 1.200000000000000000e+01 1.500000000000000000e+01 0.000000000000000000e+00 1.600000000000000089e+00 3.199000000000000021e-03 1.490000000000000005e-03 -9.999940000000000495e-01 -4.705570000000000030e-01 -8.823649999999999549e-01 -2.820000000000000024e-03 -8.823640000000000372e-01 4.705639999999999823e-01 -2.122000000000000188e-03
3.000000000000000000e+01 1.200000000000000000e+01 1.500000000000000000e+01 0.000000000000000000e+00 1.600000000000000089e+00 4.120000000000000398e-03 -6.079000000000000202e-03 -9.999730000000000008e-01 -4.693829999999999947e-01 -8.829879999999999951e-01 3.433999999999999986e-03 -8.829850000000000199e-01 4.693570000000000242e-01 -6.491000000000000242e-03
1.700000000000000000e+01 1.100000000000000000e+01 1.600000000000000000e+01 0.000000000000000000e+00 1.600000000000000089e+00 1.239000000000000084e-03 1.214999999999999934e-03 -9.999989999999999712e-01 -4.152930000000000232e-01 -9.096859999999999946e-01 -1.619999999999999912e-03 -9.096870000000000234e-01 4.152950000000000252e-01 -6.220000000000000485e-04
2.300000000000000000e+01 1.100000000000000000e+01 1.600000000000000000e+01 0.000000000000000000e+00 1.600000000000000089e+00 2.311999999999999819e-03 1.810999999999999893e-03 -9.999959999999999960e-01 -4.198770000000000002e-01 -9.075769999999999671e-01 -2.615000000000000137e-03 -9.075779999999999959e-01 4.198810000000000042e-01 -1.337999999999999997e-03
1.100000000000000000e+01 1.160000000000000000e+02 1.600000000000000000e+01 0.000000000000000000e+00 1.600000000000000089e+00 -6.381000000000000387e-03 -6.568000000000000053e-03 9.999580000000000135e-01 7.001089999999999813e-01 7.139769999999999728e-01 9.157000000000000209e-03 -7.140069999999999473e-01 7.001389999999999558e-01 4.199999999999999768e-05
2.000000000000000000e+00 2.000000000000000000e+00 1.900000000000000000e+01 0.000000000000000000e+00 1.600000000000000089e+00 -1.097000000000000102e-03 8.630000000000000518e-04 -9.999989999999999712e-01 2.107020000000000004e-01 -9.775500000000000300e-01 -1.074000000000000085e-03 -9.775500000000000300e-01 -2.107030000000000014e-01 8.909999999999999734e-04
9.000000000000000000e+00 2.000000000000000000e+00 1.900000000000000000e+01 0.000000000000000000e+00 1.600000000000000089e+00 -1.154000000000000078e-03 -5.203000000000000159e-03 -9.999860000000000415e-01 2.059269999999999989e-01 -9.785549999999999526e-01 4.853999999999999808e-03 -9.785669999999999646e-01 -2.059179999999999899e-01 2.200999999999999832e-03
1.300000000000000000e+01 2.000000000000000000e+00 1.900000000000000000e+01 0.000000000000000000e+00 1.600000000000000089e+00 -1.806000000000000097e-03 7.460000000000000268e-04 -9.999980000000000535e-01 2.074749999999999928e-01 -9.782399999999999984e-01 -1.103999999999999947e-03 -9.782389999999999697e-01 -2.074769999999999948e-01 1.611999999999999935e-03
1.800000000000000000e+01 2.000000000000000000e+00 1.900000000000000000e+01 0.000000000000000000e+00 1.600000000000000089e+00 -4.016999999999999738e-03 8.344000000000000722e-03 -9.999569999999999848e-01 2.064680000000000126e-01 -9.784119999999999484e-01 -8.992999999999999258e-03 -9.784450000000000092e-01 -2.064950000000000119e-01 2.207000000000000194e-03
2.300000000000000000e+01 2.000000000000000000e+00 1.900000000000000000e+01 0.000000000000000000e+00 1.600000000000000089e+00 -3.600000000000000227e-04 3.082999999999999803e-03 -9.999949999999999672e-01 1.981300000000000006e-01 -9.801710000000000145e-01 -3.092999999999999829e-03 -9.801760000000000472e-01 -1.981300000000000006e-01 -2.579999999999999828e-04
2.700000000000000000e+01 2.000000000000000000e+00 1.900000000000000000e+01 0.000000000000000000e+00 1.600000000000000089e+00 3.664000000000000156e-03 -1.554999999999999959e-02 -9.998719999999999830e-01 1.886490000000000111e-01 -9.819149999999999823e-01 1.596200000000000049e-02 -9.820379999999999665e-01 -1.886829999999999896e-01 -6.650000000000000095e-04
6.000000000000000000e+00 4.000000000000000000e+00 2.000000000000000000e+01 0.000000000000000000e+00 1.600000000000000089e+00 -3.739999999999999835e-04 -4.020000000000000136e-03 -9.999919999999999920e-01 2.909030000000000227e-01 -9.567449999999999566e-01 3.736999999999999870e-03 -9.567529999999999646e-01 -2.908990000000000187e-01 1.528000000000000061e-03
1.000000000000000000e+00 1.300000000000000000e+01 2.000000000000000000e+01 0.000000000000000000e+00 1.600000000000000089e+00 -1.270999999999999994e-03 -5.893999999999999934e-03 9.999820000000000375e-01 2.643190000000000262e-01 9.644160000000000510e-01 6.020000000000000177e-03 -9.644340000000000135e-01 2.643220000000000014e-01 3.319999999999999926e-04
7.000000000000000000e+00 1.300000000000000000e+01 2.000000000000000000e+01 0.000000000000000000e+00 1.600000000000000089e+00 -2.660000000000000038e-03 3.589999999999999984e-04 9.999959999999999960e-01 2.637300000000000200e-01 9.645960000000000090e-01 3.559999999999999797e-04 -9.645930000000000337e-01 2.637300000000000200e-01 -2.661000000000000171e-03
1.500000000000000000e+01 1.300000000000000000e+01 2.000000000000000000e+01 0.000000000000000000e+00 1.600000000000000089e+00 2.896999999999999836e-03 1.435999999999999993e-03 9.999949999999999672e-01 2.627059999999999951e-01 9.648729999999999807e-01 -2.147000000000000037e-03 -9.648710000000000342e-01 2.627109999999999723e-01 2.418000000000000010e-03
1.800000000000000000e+01 1.300000000000000000e+01 2.000000000000000000e+01 0.000000000000000000e+00 1.600000000000000089e+00 1.224999999999999960e-03 -4.062999999999999771e-03 9.999909999999999632e-01 2.616319999999999757e-01 9.651610000000000467e-01 3.601000000000000034e-03 -9.651669999999999972e-01 2.616249999999999964e-01 2.246000000000000166e-03
2.300000000000000000e+01 1.300000000000000000e+01 2.000000000000000000e+01 0.000000000000000000e+00 1.600000000000000089e+00 -6.099999999999999872e-05 -5.713000000000000196e-03 9.999839999999999840e-01 2.608519999999999728e-01 9.653629999999999711e-01 5.531000000000000326e-03 -9.653789999999999871e-01 2.608480000000000243e-01 1.430999999999999980e-03
2.700000000000000000e+01 1.300000000000000000e+01 2.000000000000000000e+01 0.000000000000000000e+00 1.600000000000000089e+00 3.031999999999999973e-03 6.520000000000000188e-04 9.999949999999999672e-01 2.576869999999999994e-01 9.662269999999999470e-01 -1.410999999999999928e-03 -9.662239999999999718e-01 2.576899999999999746e-01 2.762000000000000132e-03
2.000000000000000000e+00 1.600000000000000000e+01 2.100000000000000000e+01 0.000000000000000000e+00 1.600000000000000089e+00 -3.710000000000000190e-04 -2.909000000000000127e-03 9.999959999999999960e-01 3.029200000000000226e-01 9.530119999999999703e-01 2.884999999999999978e-03 -9.530159999999999743e-01 3.029189999999999938e-01 5.270000000000000162e-04
1.200000000000000000e+01 4.600000000000000000e+01 2.700000000000000000e+01 0.000000000000000000e+00 1.600000000000000089e+00 -4.369999999999999970e-04 -1.255000000000000039e-03 -9.999989999999999712e-01 6.659239999999999604e-01 7.460189999999999877e-01 -1.227000000000000009e-03 7.460189999999999877e-01 -6.659239999999999604e-01 5.100000000000000366e-04
1.900000000000000000e+01 4.600000000000000000e+01 2.700000000000000000e+01 0.000000000000000000e+00 1.600000000000000089e+00 -1.721000000000000090e-03 -1.110000000000000092e-03 -9.999980000000000535e-01 6.622169999999999446e-01 7.493100000000000316e-01 -1.971999999999999795e-03 7.493100000000000316e-01 -6.622190000000000021e-01 -5.550000000000000462e-04
2.700000000000000000e+01 4.600000000000000000e+01 2.700000000000000000e+01 0.000000000000000000e+00 1.600000000000000089e+00 3.628000000000000148e-03 4.474999999999999811e-03 -9.999829999999999552e-01 6.661449999999999871e-01 7.458000000000000185e-01 5.753999999999999566e-03 7.458139999999999770e-01 -6.661550000000000527e-01 -2.750000000000000166e-04
3.000000000000000000e+00 4.600000000000000000e+01 3.000000000000000000e+01 0.000000000000000000e+00 1.600000000000000089e+00 2.900000000000000017e-04 1.382999999999999898e-03 -9.999989999999999712e-01 3.147849999999999815e-01 9.491619999999999502e-01 1.404000000000000083e-03 9.491629999999999789e-01 -3.147849999999999815e-01 -1.600000000000000131e-04
7.000000000000000000e+00 4.600000000000000000e+01 3.000000000000000000e+01 0.000000000000000000e+00 1.600000000000000089e+00 7.309999999999999875e-04 2.263999999999999953e-03 -9.999970000000000248e-01 3.180370000000000141e-01 9.480750000000000011e-01 2.379000000000000038e-03 9.480779999999999763e-01 -3.180379999999999874e-01 -2.699999999999999899e-05
1.700000000000000000e+01 4.600000000000000000e+01 3.000000000000000000e+01 0.000000000000000000e+00 1.600000000000000089e+00 -1.433000000000000029e-03 -3.969999999999999571e-03 -9.999909999999999632e-01 3.199719999999999787e-01 9.474169999999999536e-01 -4.219999999999999793e-03 9.474259999999999904e-01 -3.199759999999999827e-01 -8.799999999999999771e-05
3.000000000000000000e+00 5.800000000000000000e+01 3.100000000000000000e+01 0.000000000000000000e+00 1.600000000000000089e+00 -2.079000000000000119e-03 -2.958000000000000126e-03 9.999940000000000495e-01 -7.822569999999999801e-01 -6.229470000000000285e-01 -3.468999999999999861e-03 6.229529999999999790e-01 -7.822590000000000376e-01 -1.018999999999999941e-03
1.000000000000000000e+01 5.800000000000000000e+01 3.100000000000000000e+01 0.000000000000000000e+00 1.600000000000000089e+00 4.499999999999999877e-04 1.701999999999999954e-03 9.999980000000000535e-01 -7.816910000000000247e-01 -6.236639999999999961e-01 1.412999999999999977e-03 6.236660000000000537e-01 -7.816899999999999959e-01 1.049999999999999935e-03
1.700000000000000000e+01 5.800000000000000000e+01 3.100000000000000000e+01 0.000000000000000000e+00 1.600000000000000089e+00 -5.127999999999999746e-03 -1.052499999999999963e-02 9.999310000000000143e-01 -7.699669999999999570e-01 -6.379939999999999500e-01 -1.066399999999999987e-02 6.380620000000000180e-01 -7.699690000000000145e-01 -4.832000000000000357e-03
2.800000000000000000e+01 5.800000000000000000e+01 3.100000000000000000e+01 0.000000000000000000e+00 1.600000000000000089e+00 9.202000000000000110e-03 1.759799999999999906e-02 9.998029999999999973e-01 -7.639650000000000052e-01 -6.449949999999999850e-01 1.838400000000000103e-02 6.451919999999999877e-01 -7.639839999999999964e-01 7.509000000000000050e-03
2.900000000000000000e+01 6.000000000000000000e+00 3.200000000000000000e+01 0.000000000000000000e+00 1.600000000000000089e+00 -7.341999999999999568e-03 -1.569000000000000082e-03 -9.999719999999999720e-01 1.749650000000000094e-01 9.845709999999999740e-01 -2.830000000000000050e-03 9.845469999999999500e-01 -1.749809999999999977e-01 -6.954000000000000112e-03
1.200000000000000000e+01 4.200000000000000000e+01 3.400000000000000000e+01 0.000000000000000000e+00 1.600000000000000089e+00 1.912999999999999987e-03 -1.257000000000000088e-03 -9.999970000000000248e-01 -2.926190000000000180e-01 9.562279999999999669e-01 -1.761999999999999894e-03 9.562270000000000492e-01 2.926210000000000200e-01 1.461000000000000059e-03
8.000000000000000000e+00 4.600000000000000000e+01 3.500000000000000000e+01 0.000000000000000000e+00 1.600000000000000089e+00 7.089999999999999948e-04 -3.066000000000000149e-03 -9.999949999999999672e-01 3.842559999999999865e-01 -9.232209999999999583e-01 3.102999999999999856e-03 -9.232259999999999911e-01 -3.842570000000000152e-01 5.230000000000000274e-04
1.300000000000000000e+01 4.600000000000000000e+01 3.500000000000000000e+01 0.000000000000000000e+00 1.600000000000000089e+00 -2.739999999999999923e-04 -1.229000000000000058e-03 -9.999989999999999712e-01 3.856220000000000203e-01 -9.226560000000000317e-01 1.028999999999999967e-03 -9.226569999999999494e-01 -3.856220000000000203e-01 7.269999999999999987e-04
2.000000000000000000e+01 4.600000000000000000e+01 3.500000000000000000e+01 0.000000000000000000e+00 1.600000000000000089e+00 -1.105000000000000079e-03 3.007000000000000124e-03 -9.999949999999999672e-01 3.863039999999999807e-01 -9.223660000000000192e-01 -3.200000000000000153e-03 -9.223710000000000520e-01 -3.863050000000000095e-01 -1.420000000000000092e-04
2.800000000000000000e+01 4.600000000000000000e+01 3.500000000000000000e+01 0.000000000000000000e+00 1.600000000000000089e+00 3.227999999999999967e-03 -7.680000000000000195e-04 -9.999949999999999672e-01 3.860899999999999888e-01 -9.224590000000000289e-01 1.955000000000000140e-03 -9.224550000000000249e-01 -3.860939999999999928e-01 -2.680999999999999790e-03
5.000000000000000000e+00 9.500000000000000000e+01 3.600000000000000000e+01 0.000000000000000000e+00 1.600000000000000089e+00 1.551000000000000078e-03 -1.664399999999999907e-02 9.998599999999999710e-01 9.977099999999999858e-01 6.764299999999999480e-02 -4.220000000000000118e-04 -6.762700000000000655e-02 9.975709999999999855e-01 1.671100000000000016e-02
9.000000000000000000e+00 9.500000000000000000e+01 3.600000000000000000e+01 0.000000000000000000e+00 1.600000000000000089e+00 6.949999999999999798e-04 1.823200000000000168e-02 9.998340000000000005e-01 9.976479999999999793e-01 6.852300000000000058e-02 -1.943000000000000066e-03 -6.854699999999999682e-02 9.974830000000000085e-01 -1.814100000000000087e-02
1.600000000000000000e+01 9.500000000000000000e+01 3.600000000000000000e+01 0.000000000000000000e+00 1.600000000000000089e+00 1.689099999999999976e-02 4.310000000000000137e-04 9.998569999999999958e-01 9.972900000000000098e-01 7.160600000000000298e-02 -1.687800000000000064e-02 -7.160299999999999998e-02 9.974330000000000140e-01 7.789999999999999616e-04
2.200000000000000000e+01 9.500000000000000000e+01 3.600000000000000000e+01 0.000000000000000000e+00 1.600000000000000089e+00 -5.804000000000000131e-03 -2.459599999999999981e-02 9.996810000000000418e-01 9.974469999999999725e-01 7.101699999999999680e-02 7.538000000000000429e-03 -7.117999999999999328e-02 9.971719999999999473e-01 2.412100000000000008e-02
2.800000000000000000e+01 9.500000000000000000e+01 3.600000000000000000e+01 0.000000000000000000e+00 1.600000000000000089e+00 -9.159000000000000474e-03 -5.781100000000000128e-02 9.982860000000000067e-01 9.978770000000000140e-01 6.384399999999999797e-02 1.285299999999999984e-02 -6.447799999999999365e-02 9.962839999999999474e-01 5.710300000000000098e-02
1.900000000000000000e+01 9.500000000000000000e+01 3.700000000000000000e+01 0.000000000000000000e+00 1.600000000000000089e+00 6.931999999999999794e-03 -1.692000000000000101e-02 9.998329999999999718e-01 9.958949999999999747e-01 9.035200000000000176e-02 -5.375999999999999703e-03 -9.024600000000000677e-02 9.957660000000000400e-01 1.747699999999999948e-02
5.000000000000000000e+00 3.000000000000000000e+00 4.300000000000000000e+01 0.000000000000000000e+00 1.600000000000000089e+00 6.369999999999999794e-04 -1.500300000000000071e-02 -9.998869999999999703e-01 7.413889999999999647e-01 -6.709929999999999506e-01 1.054000000000000076e-02 -6.710749999999999771e-01 -7.413119999999999710e-01 1.069600000000000065e-02
8.000000000000000000e+00 3.000000000000000000e+00 4.300000000000000000e+01 0.000000000000000000e+00 1.600000000000000089e+00 7.399999999999999894e-04 -6.348999999999999609e-03 -9.999799999999999800e-01 7.413889999999999647e-01 -6.710589999999999611e-01 4.808999999999999907e-03 -6.710749999999999771e-01 -7.413769999999999527e-01 4.211000000000000333e-03
1.300000000000000000e+01 3.000000000000000000e+00 4.300000000000000000e+01 0.000000000000000000e+00 1.600000000000000089e+00 -1.139999999999999954e-03 -1.274699999999999965e-02 -9.999179999999999735e-01 7.417430000000000412e-01 -6.706400000000000139e-01 7.702999999999999778e-03 -6.706830000000000291e-01 -7.416730000000000267e-01 1.021900000000000065e-02
1.900000000000000000e+01 3.000000000000000000e+00 4.300000000000000000e+01 0.000000000000000000e+00 1.600000000000000089e+00 -2.758000000000000035e-03 -8.016999999999999821e-03 -9.999639999999999640e-01 7.379890000000000061e-01 -6.748039999999999594e-01 3.374999999999999962e-03 -6.748070000000000457e-01 -7.379529999999999701e-01 7.778000000000000191e-03
1.900000000000000000e+01 8.000000000000000000e+00 4.400000000000000000e+01 0.000000000000000000e+00 1.600000000000000089e+00 1.464000000000000024e-03 1.327000000000000055e-03 9.999980000000000535e-01 -7.736439999999999984e-01 -6.336169999999999858e-01 1.972999999999999927e-03 6.336180000000000145e-01 -7.736459999999999448e-01 9.899999999999999404e-05
2.700000000000000000e+01 8.000000000000000000e+00 4.400000000000000000e+01 0.000000000000000000e+00 1.600000000000000089e+00 -5.015000000000000360e-03 -9.700999999999999554e-03 9.999400000000000510e-01 -7.635399999999999965e-01 -6.456819999999999782e-01 -1.009400000000000054e-02 6.457410000000000094e-01 -7.635450000000000292e-01 -4.168999999999999963e-03
7.000000000000000000e+00 2.900000000000000000e+01 4.400000000000000000e+01 0.000000000000000000e+00 1.600000000000000089e+00 3.240000000000000150e-04 2.064999999999999995e-03 -9.999980000000000535e-01 6.811469999999999470e-01 7.321450000000000458e-01 1.732999999999999948e-03 7.321469999999999922e-01 -6.811460000000000292e-01 -1.170000000000000033e-03
1.200000000000000000e+01 2.900000000000000000e+01 4.400000000000000000e+01 0.000000000000000000e+00 1.600000000000000089e+00 1.250000000000000026e-04 1.381000000000000066e-03 -9.999989999999999712e-01 6.783029999999999893e-01 7.347820000000000462e-01 1.100000000000000066e-03 7.347820000000000462e-01 -6.783019999999999605e-01 -8.450000000000000479e-04
1.800000000000000000e+01 2.900000000000000000e+01 4.400000000000000000e+01 0.000000000000000000e+00 1.600000000000000089e+00 -6.019999999999999961e-04 1.221000000000000080e-03 -9.999989999999999712e-01 6.629439999999999777e-01 7.486690000000000289e-01 5.150000000000000498e-04 7.486690000000000289e-01 -6.629429999999999490e-01 -1.260000000000000052e-03
2.900000000000000000e+01 2.900000000000000000e+01 4.400000000000000000e+01 0.000000000000000000e+00 1.600000000000000089e+00 1.330000000000000073e-04 1.943000000000000066e-03 -9.999980000000000535e-01 6.568060000000000009e-01 7.540580000000000060e-01 1.551999999999999994e-03 7.540599999999999525e-01 -6.568049999999999722e-01 -1.175999999999999962e-03
5.000000000000000000e+00 6.000000000000000000e+00 5.100000000000000000e+01 0.000000000000000000e+00 1.600000000000000089e+00 -2.077999999999999986e-03 -4.852999999999999675e-03 -9.999860000000000415e-01 3.256660000000000110e-01 -9.454770000000000119e-01 3.911999999999999679e-03 -9.454829999999999623e-01 -3.256530000000000258e-01 3.544999999999999974e-03
1.400000000000000000e+01 1.150000000000000000e+02 5.100000000000000000e+01 0.000000000000000000e+00 1.600000000000000089e+00 -2.635999999999999888e-03 -7.379000000000000142e-03 9.999689999999999968e-01 8.449759999999999494e-01 -5.348009999999999708e-01 -1.719000000000000042e-03 5.347969999999999668e-01 8.449459999999999749e-01 7.643999999999999753e-03
3.000000000000000000e+00 7.000000000000000000e+00 5.200000000000000000e+01 0.000000000000000000e+00 1.600000000000000089e+00 -8.450000000000000479e-04 -3.131999999999999802e-03 -9.999949999999999672e-01 1.083729999999999971e-01 -9.941060000000000452e-01 3.021999999999999947e-03 -9.941100000000000492e-01 -1.083699999999999941e-01 1.178999999999999927e-03
1.900000000000000000e+01 7.000000000000000000e+00 5.200000000000000000e+01 0.000000000000000000e+00 1.600000000000000089e+00 -2.268000000000000051e-03 -5.903000000000000261e-03 -9.999799999999999800e-01 9.895800000000000429e-02 -9.950759999999999605e-01 5.649999999999999641e-03 -9.950890000000000013e-01 -9.894300000000000317e-02 2.841000000000000209e-03
2.600000000000000000e+01 7.000000000000000000e+00 5.200000000000000000e+01 0.000000000000000000e+00 1.600000000000000089e+00 -5.379999999999999583e-04 -5.657999999999999835e-03 -9.999839999999999840e-01 9.565300000000000191e-02 -9.953990000000000338e-01 5.581000000000000023e-03 -9.954150000000000498e-01 -9.564799999999999691e-02 1.077000000000000049e-03
4.000000000000000000e+00 1.500000000000000000e+01 5.300000000000000000e+01 0.000000000000000000e+00 1.600000000000000089e+00 3.861999999999999982e-03 -8.560999999999999166e-03 -9.999559999999999560e-01 6.835269999999999957e-01 7.299160000000000093e-01 -3.608999999999999795e-03 7.299149999999999805e-01 -6.834829999999999517e-01 8.670000000000000623e-03
9.000000000000000000e+00 1.500000000000000000e+01 5.300000000000000000e+01 0.000000000000000000e+00 1.600000000000000089e+00 -1.941000000000000017e-03 -7.387000000000000337e-03 -9.999710000000000543e-01 6.835900000000000309e-01 7.298350000000000115e-01 -6.718000000000000013e-03 7.298630000000000395e-01 -6.835830000000000517e-01 3.632999999999999945e-03
3.000000000000000000e+00 6.300000000000000000e+01 5.400000000000000000e+01 0.000000000000000000e+00 1.600000000000000089e+00 1.348000000000000023e-03 9.139999999999999904e-04 9.999989999999999712e-01 -3.537029999999999896e-01 9.353580000000000227e-01 -3.780000000000000265e-04 -9.353569999999999940e-01 -3.537029999999999896e-01 1.583999999999999905e-03
6.000000000000000000e+00 6.300000000000000000e+01 5.400000000000000000e+01 0.000000000000000000e+00 1.600000000000000089e+00 1.235999999999999903e-03 -4.650000000000000270e-04 9.999989999999999712e-01 -3.529720000000000080e-01 9.356330000000000480e-01 8.710000000000000294e-04 -9.356330000000000480e-01 -3.529729999999999812e-01 9.920000000000000432e-04
1.200000000000000000e+01 6.300000000000000000e+01 5.400000000000000000e+01 0.000000000000000000e+00 1.600000000000000089e+00 -1.137999999999999906e-03 4.910000000000000085e-04 9.999989999999999712e-01 -3.515320000000000111e-01 9.361760000000000081e-01 -8.589999999999999546e-04 -9.361749999999999794e-01 -3.515320000000000111e-01 -8.919999999999999978e-04
1.800000000000000000e+01 6.300000000000000000e+01 5.400000000000000000e+01 0.000000000000000000e+00 1.600000000000000089e+00 -2.572000000000000067e-03 -1.469000000000000037e-03 9.999959999999999960e-01 -3.556170000000000164e-01 9.346320000000000183e-01 4.580000000000000195e-04 -9.346280000000000143e-01 -3.556150000000000144e-01 -2.926000000000000215e-03
2.600000000000000000e+01 6.300000000000000000e+01 5.400000000000000000e+01 0.000000000000000000e+00 1.600000000000000089e+00 -3.000000000000000076e-05 -3.065000000000000016e-03 9.999949999999999672e-01 -3.525019999999999820e-01 9.358070000000000555e-01 2.857999999999999863e-03 -9.358109999999999484e-01 -3.524999999999999800e-01 -1.108000000000000044e-03
6.000000000000000000e+00 2.500000000000000000e+01 5.500000000000000000e+01 0.000000000000000000e+00 1.600000000000000089e+00 -1.157000000000000042e-03 -1.678999999999999937e-03 -9.999980000000000535e-01 -1.106700000000000045e-02 -9.999369999999999647e-01 1.691000000000000012e-03 -9.999379999999999935e-01 1.106900000000000071e-02 1.137999999999999906e-03
1.000000000000000000e+01 2.500000000000000000e+01 5.500000000000000000e+01 0.000000000000000000e+00 1.600000000000000089e+00 -4.760000000000000234e-04 1.961000000000000069e-03 -9.999980000000000535e-01 -1.084800000000000000e-02 -9.999390000000000223e-01 -1.955999999999999839e-03 -9.999409999999999688e-01 1.084700000000000074e-02 4.979999999999999618e-04
1.400000000000000000e+01 2.500000000000000000e+01 5.500000000000000000e+01 0.000000000000000000e+00 1.600000000000000089e+00 1.701000000000000038e-03 2.115999999999999825e-03 -9.999959999999999960e-01 -1.080000000000000057e-02 -9.999390000000000223e-01 -2.134000000000000046e-03 -9.999400000000000510e-01 1.080399999999999937e-02 -1.678000000000000021e-03
1.900000000000000000e+01 2.500000000000000000e+01 5.500000000000000000e+01 0.000000000000000000e+00 1.600000000000000089e+00 -7.100000000000000462e-05 -1.216000000000000067e-03 -9.999989999999999712e-01 -1.160600000000000000e-02 -9.999320000000000430e-01 1.216999999999999983e-03 -9.999329999999999607e-01 1.160600000000000000e-02 5.700000000000000314e-05
3.000000000000000000e+01 2.500000000000000000e+01 5.500000000000000000e+01 0.000000000000000000e+00 1.600000000000000089e+00 2.680000000000000090e-04 5.928000000000000110e-03 -9.999820000000000375e-01 -1.388799999999999930e-02 -9.998860000000000525e-01 -5.931999999999999773e-03 -9.999040000000000150e-01 1.388999999999999957e-02 -1.859999999999999945e-04
3.000000000000000000e+00 2.100000000000000000e+01 6.000000000000000000e+01 0.000000000000000000e+00 1.600000000000000089e+00 2.970000000000000092e-04 8.304999999999999882e-03 9.999649999999999928e-01 -9.707999999999999963e-02 9.952419999999999600e-01 -8.236999999999999530e-03 -9.952769999999999673e-01 -9.707499999999999463e-02 1.101999999999999898e-03
1.900000000000000000e+01 2.100000000000000000e+01 6.000000000000000000e+01 0.000000000000000000e+00 1.600000000000000089e+00 6.139999999999999625e-04 -3.386000000000000121e-03 9.999940000000000495e-01 -1.001419999999999949e-01 9.949670000000000458e-01 3.431000000000000022e-03 -9.949729999999999963e-01 -1.001439999999999969e-01 2.719999999999999979e-04
2.300000000000000000e+01 2.100000000000000000e+01 6.000000000000000000e+01 0.000000000000000000e+00 1.600000000000000089e+00 5.270000000000000162e-04 3.980000000000000248e-04 1.000000000000000000e+00 -1.009619999999999962e-01 9.948900000000000521e-01 -3.429999999999999889e-04 -9.948900000000000521e-01 -1.009619999999999962e-01 5.649999999999999641e-04
2.200000000000000000e+01 6.000000000000000000e+00 6.100000000000000000e+01 0.000000000000000000e+00 1.600000000000000089e+00 -7.380000000000000492e-04 5.309999999999999616e-03 9.999860000000000415e-01 5.615139999999999576e-01 -8.274529999999999941e-01 4.808999999999999907e-03 8.274669999999999526e-01 5.615099999999999536e-01 -2.370999999999999844e-03
1.000000000000000000e+01 3.000000000000000000e+00 6.300000000000000000e+01 0.000000000000000000e+00 1.600000000000000089e+00 -5.389999999999999826e-04 4.101999999999999744e-03 9.999909999999999632e-01 -6.150529999999999609e-01 7.884780000000000122e-01 -3.566000000000000159e-03 -7.884860000000000202e-01 -6.150489999999999569e-01 2.098000000000000038e-03
1.600000000000000000e+01 3.000000000000000000e+00 6.300000000000000000e+01 0.000000000000000000e+00 1.600000000000000089e+00 -5.199999999999999680e-05 -5.190000000000000386e-04 1.000000000000000000e+00 -6.135169999999999790e-01 7.896809999999999663e-01 3.780000000000000265e-04 -7.896809999999999663e-01 -6.135169999999999790e-01 -3.600000000000000227e-04
5.000000000000000000e+00 2.700000000000000000e+01 6.300000000000000000e+01 0.000000000000000000e+00 1.600000000000000089e+00 6.610000000000000207e-04 -4.741999999999999688e-03 9.999879999999999880e-01 -2.730350000000000277e-01 9.619919999999999582e-01 4.741999999999999688e-03 -9.620039999999999702e-01 -2.730350000000000277e-01 -6.589999999999999721e-04
1.000000000000000000e+01 2.700000000000000000e+01 6.300000000000000000e+01 0.000000000000000000e+00 1.600000000000000089e+00 3.780000000000000265e-04 -9.940000000000000918e-04 9.999989999999999712e-01 -2.735929999999999751e-01 9.618449999999999500e-01 1.059999999999999961e-03 -9.618459999999999788e-01 -2.735929999999999751e-01 9.100000000000000287e-05
1.500000000000000000e+01 2.700000000000000000e+01 6.300000000000000000e+01 0.000000000000000000e+00 1.600000000000000089e+00 -1.245000000000000013e-03 -1.955999999999999839e-03 9.999970000000000248e-01 -2.749489999999999990e-01 9.614570000000000061e-01 1.538000000000000088e-03 -9.614580000000000348e-01 -2.749469999999999970e-01 -1.734999999999999997e-03
1.900000000000000000e+01 2.700000000000000000e+01 6.300000000000000000e+01 0.000000000000000000e+00 1.600000000000000089e+00 -8.710000000000000294e-04 3.999999999999999819e-06 1.000000000000000000e+00 -2.737669999999999826e-01 9.617959999999999843e-01 -2.420000000000000005e-04 -9.617959999999999843e-01 -2.737669999999999826e-01 -8.369999999999999619e-04
2.400000000000000000e+01 2.700000000000000000e+01 6.300000000000000000e+01 0.000000000000000000e+00 1.600000000000000089e+00 1.459999999999999926e-03 4.249999999999999763e-04 9.999989999999999712e-01 -2.724289999999999767e-01 9.621760000000000312e-01 -1.099999999999999971e-05 -9.621750000000000025e-01 -2.724289999999999767e-01 1.521000000000000000e-03
2.900000000000000000e+01 2.700000000000000000e+01 6.300000000000000000e+01 0.000000000000000000e+00 1.600000000000000089e+00 -2.449999999999999921e-04 -6.348000000000000344e-03 9.999799999999999800e-01 -2.662729999999999819e-01 9.638790000000000413e-01 6.053000000000000221e-03 -9.638970000000000038e-01 -2.662669999999999759e-01 -1.926999999999999894e-03
1.000000000000000000e+00 2.600000000000000000e+01 6.400000000000000000e+01 0.000000000000000000e+00 1.600000000000000089e+00 2.054999999999999969e-03 -2.013000000000000032e-03 9.999959999999999960e-01 -3.583979999999999944e-01 9.335649999999999782e-01 2.615000000000000137e-03 -9.335670000000000357e-01 -3.584019999999999984e-01 1.196999999999999930e-03
5.000000000000000000e+00 2.600000000000000000e+01 6.400000000000000000e+01 0.000000000000000000e+00 1.600000000000000089e+00 1.028000000000000051e-03 -2.350000000000000092e-03 9.999970000000000248e-01 -3.568700000000000205e-01 9.341500000000000359e-01 2.562000000000000041e-03 -9.341530000000000111e-01 -3.568720000000000225e-01 1.210000000000000002e-04
1.000000000000000000e+01 2.600000000000000000e+01 6.400000000000000000e+01 0.000000000000000000e+00 1.600000000000000089e+00 8.999999999999999754e-04 -1.599999999999999928e-05 1.000000000000000000e+00 -3.564220000000000166e-01 9.343249999999999611e-01 3.350000000000000113e-04 -9.343249999999999611e-01 -3.564229999999999898e-01 8.350000000000000217e-04
