2.400000000000000000e+01 2.500000000000000000e+01 1.000000000000000000e+00 0.000000000000000000e+00 1.600000000000000089e+00 1.575000000000000011e-03 2.148999999999999869e-03 -9.999959999999999960e-01 -5.212130000000000374e-01 -8.534230000000000427e-01 -2.654999999999999808e-03 -8.534249999999999892e-01 5.212149999999999839e-01 -2.239999999999999966e-04
1.700000000000000000e+01 1.900000000000000000e+01 5.000000000000000000e+00 0.000000000000000000e+00 1.600000000000000089e+00 -1.781999999999999947e-03 -1.492999999999999969e-03 -9.999970000000000248e-01 -6.935320000000000373e-01 -7.204220000000000068e-01 2.311999999999999819e-03 -7.204230000000000356e-01 6.935339999999999838e-01 2.480000000000000108e-04
4.000000000000000000e+00 1.010000000000000000e+02 7.000000000000000000e+00 0.000000000000000000e+00 1.600000000000000089e+00 1.992999999999999980e-03 -8.419999999999999750e-04 9.999980000000000535e-01 8.814600000000000213e-01 4.722569999999999824e-01 -1.358999999999999965e-03 -4.722540000000000071e-01 8.814610000000000500e-01 1.683000000000000034e-03
9.000000000000000000e+00 1.010000000000000000e+02 7.000000000000000000e+00 0.000000000000000000e+00 1.600000000000000089e+00 2.854000000000000200e-03 -2.538699999999999984e-02 9.996739999999999515e-01 8.837829999999999853e-01 4.678030000000000244e-01 9.357000000000000733e-03 -4.678880000000000261e-01 8.834680000000000311e-01 2.377100000000000046e-02
1.600000000000000000e+01 1.010000000000000000e+02 7.000000000000000000e+00 0.000000000000000000e+00 1.600000000000000089e+00 9.699999999999999963e-05 1.463000000000000108e-03 9.999989999999999712e-01 8.867129999999999734e-01 4.623200000000000087e-01 -7.619999999999999820e-04 -4.623200000000000087e-01 8.867119999999999447e-01 -1.252000000000000075e-03
1.900000000000000000e+01 1.010000000000000000e+02 7.000000000000000000e+00 0.000000000000000000e+00 1.600000000000000089e+00 -3.039000000000000035e-03 7.505999999999999651e-03 9.999670000000000503e-01 8.868239999999999457e-01 4.621060000000000167e-01 -7.730000000000000326e-04 -4.620969999999999800e-01 8.867930000000000534e-01 -8.061000000000000457e-03
2.500000000000000000e+01 1.010000000000000000e+02 7.000000000000000000e+00 0.000000000000000000e+00 1.600000000000000089e+00 -2.811999999999999830e-03 3.112000000000000183e-03 9.999909999999999632e-01 8.850390000000000201e-01 4.655159999999999854e-01 1.039999999999999909e-03 -4.655079999999999774e-01 8.850339999999999874e-01 -4.063999999999999904e-03
2.800000000000000000e+01 1.010000000000000000e+02 7.000000000000000000e+00 0.000000000000000000e+00 1.600000000000000089e+00 -1.557999999999999923e-03 -4.742999999999999820e-03 9.999879999999999880e-01 8.837660000000000515e-01 4.679150000000000253e-01 3.595999999999999804e-03 -4.679260000000000086e-01 8.837610000000000188e-01 3.462999999999999932e-03
4.000000000000000000e+00 2.500000000000000000e+01 8.000000000000000000e+00 0.000000000000000000e+00 1.600000000000000089e+00 -1.440000000000000036e-04 5.781999999999999813e-03 -9.999829999999999552e-01 4.457200000000000051e-01 8.951580000000000092e-01 5.112000000000000224e-03 8.951719999999999677e-01 -4.457119999999999971e-01 -2.706000000000000072e-03
1.100000000000000000e+01 2.500000000000000000e+01 8.000000000000000000e+00 0.000000000000000000e+00 1.600000000000000089e+00 1.418999999999999906e-03 1.320000000000000101e-04 -9.999989999999999712e-01 4.449940000000000007e-01 8.955330000000000235e-01 7.500000000000000156e-04 8.955319999999999947e-01 -4.449940000000000007e-01 1.211999999999999970e-03
1.600000000000000000e+01 2.500000000000000000e+01 8.000000000000000000e+00 0.000000000000000000e+00 1.600000000000000089e+00 2.282000000000000174e-03 7.060000000000000303e-03 -9.999719999999999720e-01 4.422840000000000105e-01 8.968450000000000033e-01 7.341000000000000303e-03 8.968720000000000026e-01 -4.422889999999999877e-01 -1.075999999999999917e-03
1.900000000000000000e+01 2.500000000000000000e+01 8.000000000000000000e+00 0.000000000000000000e+00 1.600000000000000089e+00 3.629999999999999872e-04 5.641000000000000181e-03 -9.999839999999999840e-01 4.414959999999999996e-01 8.972480000000000455e-01 5.222000000000000079e-03 8.972630000000000328e-01 -4.414910000000000223e-01 -2.164000000000000125e-03
2.300000000000000000e+01 2.500000000000000000e+01 8.000000000000000000e+00 0.000000000000000000e+00 1.600000000000000089e+00 -1.356999999999999916e-03 -7.472000000000000343e-03 -9.999710000000000543e-01 4.430919999999999859e-01 8.964459999999999651e-01 -7.298999999999999932e-03 8.964750000000000218e-01 -4.430899999999999839e-01 2.095000000000000074e-03
2.900000000000000000e+01 2.500000000000000000e+01 8.000000000000000000e+00 0.000000000000000000e+00 1.600000000000000089e+00 1.665000000000000030e-03 2.360000000000000119e-03 -9.999959999999999960e-01 4.441309999999999980e-01 8.959570000000000034e-01 2.854000000000000200e-03 8.959599999999999786e-01 -4.441339999999999733e-01 4.440000000000000045e-04
3.000000000000000000e+00 2.400000000000000000e+01 9.000000000000000000e+00 0.000000000000000000e+00 1.600000000000000089e+00 -9.139999999999999904e-04 8.722000000000000586e-03 -9.999620000000000175e-01 4.534580000000000277e-01 8.912470000000000114e-01 7.359000000000000090e-03 8.912769999999999859e-01 -4.534340000000000037e-01 -4.768999999999999802e-03
8.000000000000000000e+00 2.400000000000000000e+01 9.000000000000000000e+00 0.000000000000000000e+00 1.600000000000000089e+00 1.802999999999999915e-03 1.719000000000000042e-03 -9.999970000000000248e-01 4.543179999999999996e-01 8.908369999999999900e-01 2.350999999999999791e-03 8.908380000000000187e-01 -4.543209999999999749e-01 8.249999999999999955e-04
1.100000000000000000e+01 2.400000000000000000e+01 9.000000000000000000e+00 0.000000000000000000e+00 1.600000000000000089e+00 1.930999999999999991e-03 4.009999999999999893e-04 -9.999980000000000535e-01 4.526999999999999913e-01 8.916619999999999546e-01 1.231000000000000106e-03 8.916610000000000369e-01 -4.527019999999999933e-01 1.541000000000000052e-03
1.500000000000000000e+01 2.400000000000000000e+01 9.000000000000000000e+00 0.000000000000000000e+00 1.600000000000000089e+00 2.203999999999999796e-03 4.629000000000000302e-03 -9.999869999999999592e-01 4.507249999999999868e-01 8.926479999999999970e-01 5.125000000000000215e-03 8.926600000000000090e-01 -4.507309999999999928e-01 -1.190000000000000058e-04
1.900000000000000000e+01 2.400000000000000000e+01 9.000000000000000000e+00 0.000000000000000000e+00 1.600000000000000089e+00 3.579999999999999741e-04 6.224000000000000365e-03 -9.999810000000000088e-01 4.490179999999999727e-01 8.935049999999999937e-01 5.721999999999999656e-03 8.935229999999999562e-01 -4.490109999999999935e-01 -2.475000000000000203e-03
2.300000000000000000e+01 2.400000000000000000e+01 9.000000000000000000e+00 0.000000000000000000e+00 1.600000000000000089e+00 -1.601999999999999908e-03 -6.719000000000000146e-03 -9.999759999999999760e-01 4.504070000000000018e-01 8.927979999999999805e-01 -6.721000000000000411e-03 8.928220000000000045e-01 -4.504070000000000018e-01 1.596999999999999895e-03
2.900000000000000000e+01 2.400000000000000000e+01 9.000000000000000000e+00 0.000000000000000000e+00 1.600000000000000089e+00 1.307000000000000002e-03 1.201000000000000028e-03 -9.999980000000000535e-01 4.516830000000000012e-01 8.921769999999999978e-01 1.662000000000000066e-03 8.921769999999999978e-01 -4.516850000000000032e-01 6.239999999999999887e-04
2.800000000000000000e+01 3.100000000000000000e+01 1.200000000000000000e+01 0.000000000000000000e+00 1.600000000000000089e+00 9.370000000000000074e-04 -3.039000000000000035e-03 9.999949999999999672e-01 -1.328700000000000020e-02 9.999069999999999903e-01 3.050999999999999893e-03 -9.999109999999999943e-01 -1.328999999999999973e-02 8.970000000000000109e-04
5.000000000000000000e+00 3.500000000000000000e+01 1.200000000000000000e+01 0.000000000000000000e+00 1.600000000000000089e+00 4.393000000000000203e-03 -6.327000000000000159e-03 -9.999700000000000255e-01 4.757500000000000062e-01 -8.795469999999999677e-01 7.655000000000000346e-03 -8.795699999999999630e-01 -4.757689999999999975e-01 -8.540000000000000499e-04
9.000000000000000000e+00 3.500000000000000000e+01 1.200000000000000000e+01 0.000000000000000000e+00 1.600000000000000089e+00 1.172000000000000082e-03 -6.138000000000000227e-03 -9.999810000000000088e-01 4.814760000000000151e-01 -8.764389999999999681e-01 5.943999999999999631e-03 -8.764589999999999881e-01 -4.814740000000000131e-01 1.928000000000000026e-03
1.300000000000000000e+01 3.500000000000000000e+01 1.200000000000000000e+01 0.000000000000000000e+00 1.600000000000000089e+00 -9.500000000000000523e-05 -4.166999999999999697e-03 -9.999909999999999632e-01 4.761549999999999949e-01 -8.793539999999999690e-01 3.618999999999999821e-03 -8.793619999999999770e-01 -4.761500000000000177e-01 2.067999999999999960e-03
1.800000000000000000e+01 3.500000000000000000e+01 1.200000000000000000e+01 0.000000000000000000e+00 1.600000000000000089e+00 -1.369999999999999961e-04 2.412000000000000081e-03 -9.999970000000000248e-01 4.737629999999999897e-01 -8.806500000000000439e-01 -2.188999999999999974e-03 -8.806530000000000191e-01 -4.737609999999999877e-01 -1.023000000000000038e-03
2.400000000000000000e+01 3.500000000000000000e+01 1.200000000000000000e+01 0.000000000000000000e+00 1.600000000000000089e+00 -3.635000000000000210e-03 1.098200000000000044e-02 -9.999329999999999607e-01 5.073750000000000204e-01 -8.616509999999999447e-01 -1.130800000000000034e-02 -8.617179999999999840e-01 -5.073819999999999997e-01 -2.439000000000000196e-03
1.300000000000000000e+01 3.200000000000000000e+01 1.400000000000000000e+01 0.000000000000000000e+00 1.600000000000000089e+00 1.716000000000000077e-03 -9.300000000000000541e-04 -9.999980000000000535e-01 1.019270000000000037e-01 9.947920000000000096e-01 -7.500000000000000156e-04 9.947899999999999521e-01 -1.019250000000000017e-01 1.801999999999999999e-03
2.000000000000000000e+01 1.200000000000000000e+01 1.600000000000000000e+01 0.000000000000000000e+00 1.600000000000000089e+00 -2.432999999999999833e-03 2.126300000000000065e-02 9.997709999999999653e-01 2.069000000000000006e-01 -9.781300000000000550e-01 2.130699999999999955e-02 9.783589999999999787e-01 2.069040000000000046e-01 -2.020000000000000094e-03
2.600000000000000000e+01 1.200000000000000000e+01 1.600000000000000000e+01 0.000000000000000000e+00 1.600000000000000089e+00 1.340000000000000045e-03 -3.057999999999999954e-02 9.995309999999999473e-01 2.073609999999999898e-01 -9.777979999999999450e-01 -3.019300000000000109e-02 9.782640000000000224e-01 2.073039999999999883e-01 5.029999999999999749e-03
4.000000000000000000e+00 1.160000000000000000e+02 1.600000000000000000e+01 0.000000000000000000e+00 1.600000000000000089e+00 6.660000000000000338e-04 -2.070999999999999924e-03 9.999980000000000535e-01 7.632299999999999640e-01 6.461259999999999781e-01 8.300000000000000086e-04 -6.461270000000000069e-01 7.632280000000000175e-01 2.011000000000000201e-03
1.700000000000000000e+01 1.160000000000000000e+02 1.600000000000000000e+01 0.000000000000000000e+00 1.600000000000000089e+00 3.171000000000000207e-03 9.430000000000000448e-04 9.999949999999999672e-01 7.586380000000000345e-01 6.515050000000000008e-01 -3.020000000000000115e-03 -6.515050000000000008e-01 7.586429999999999563e-01 1.350000000000000071e-03
2.800000000000000000e+01 1.160000000000000000e+02 1.600000000000000000e+01 0.000000000000000000e+00 1.600000000000000089e+00 2.651000000000000145e-03 1.637000000000000000e-03 9.999949999999999672e-01 7.760299999999999976e-01 6.306880000000000264e-01 -3.089999999999999865e-03 -6.306899999999999729e-01 7.760350000000000303e-01 4.020000000000000136e-04
3.000000000000000000e+00 2.000000000000000000e+00 1.900000000000000000e+01 0.000000000000000000e+00 1.600000000000000089e+00 -4.139999999999999800e-04 -5.709999999999999798e-03 -9.999839999999999840e-01 3.432049999999999823e-01 -9.392460000000000253e-01 5.220999999999999946e-03 -9.392610000000000126e-01 -3.431969999999999743e-01 2.347999999999999827e-03
1.100000000000000000e+01 2.000000000000000000e+00 1.900000000000000000e+01 0.000000000000000000e+00 1.600000000000000089e+00 -4.533999999999999836e-03 1.431400000000000033e-02 -9.998869999999999703e-01 3.329630000000000090e-01 -9.428199999999999914e-01 -1.500699999999999951e-02 -9.429290000000000171e-01 -3.329940000000000122e-01 -4.910000000000000085e-04
1.700000000000000000e+01 2.000000000000000000e+00 1.900000000000000000e+01 0.000000000000000000e+00 1.600000000000000089e+00 -5.858999999999999625e-03 1.545299999999999972e-02 -9.998629999999999463e-01 3.307499999999999885e-01 -9.435740000000000238e-01 -1.652100000000000096e-02 -9.436999999999999833e-01 -3.308019999999999849e-01 4.169999999999999987e-04
3.000000000000000000e+01 2.000000000000000000e+00 1.900000000000000000e+01 0.000000000000000000e+00 1.600000000000000089e+00 5.964999999999999816e-03 -2.518400000000000152e-02 -9.996650000000000258e-01 3.302080000000000015e-01 -9.435569999999999791e-01 2.574099999999999999e-02 -9.438889999999999780e-01 -3.302510000000000168e-01 2.687000000000000152e-03
2.300000000000000000e+01 3.000000000000000000e+00 1.900000000000000000e+01 0.000000000000000000e+00 1.600000000000000089e+00 -2.249999999999999938e-04 1.779100000000000126e-02 -9.998420000000000085e-01 3.142030000000000101e-01 -9.492040000000000477e-01 -1.695999999999999938e-02 -9.493559999999999777e-01 -3.141570000000000196e-01 -5.375999999999999703e-03
2.300000000000000000e+01 4.000000000000000000e+00 2.000000000000000000e+01 0.000000000000000000e+00 1.600000000000000089e+00 3.699999999999999947e-04 1.931499999999999884e-02 -9.998129999999999518e-01 3.798079999999999790e-01 -9.248950000000000227e-01 -1.772699999999999970e-02 -9.250650000000000261e-01 -3.797309999999999852e-01 -7.677999999999999929e-03
2.700000000000000000e+01 4.000000000000000000e+00 2.000000000000000000e+01 0.000000000000000000e+00 1.600000000000000089e+00 3.585000000000000079e-03 -7.849000000000000074e-03 -9.999630000000000463e-01 3.796619999999999995e-01 -9.250850000000000461e-01 8.621999999999999456e-03 -9.251179999999999959e-01 -3.796789999999999887e-01 -3.359999999999999814e-04
1.200000000000000000e+01 1.300000000000000000e+01 2.000000000000000000e+01 0.000000000000000000e+00 1.600000000000000089e+00 6.229999999999999644e-04 -6.809999999999999647e-04 1.000000000000000000e+00 2.686749999999999972e-01 9.632309999999999484e-01 4.889999999999999599e-04 -9.632309999999999484e-01 2.686749999999999972e-01 7.829999999999999504e-04
1.400000000000000000e+01 1.300000000000000000e+01 2.000000000000000000e+01 0.000000000000000000e+00 1.600000000000000089e+00 5.119999999999999768e-04 -5.673000000000000091e-03 9.999839999999999840e-01 2.691450000000000231e-01 9.630849999999999689e-01 5.326000000000000005e-03 -9.630999999999999561e-01 2.691379999999999884e-01 2.020000000000000094e-03
1.900000000000000000e+01 1.300000000000000000e+01 2.000000000000000000e+01 0.000000000000000000e+00 1.600000000000000089e+00 5.050000000000000235e-04 -5.699999999999999772e-04 1.000000000000000000e+00 2.715009999999999923e-01 9.624380000000000157e-01 4.110000000000000155e-04 -9.624380000000000157e-01 2.715000000000000191e-01 6.409999999999999682e-04
2.200000000000000000e+01 1.300000000000000000e+01 2.000000000000000000e+01 0.000000000000000000e+00 1.600000000000000089e+00 8.210000000000000067e-04 2.187000000000000142e-03 9.999970000000000248e-01 2.733010000000000161e-01 9.619259999999999478e-01 -2.328000000000000208e-03 -9.619280000000000053e-01 2.733019999999999894e-01 1.920000000000000049e-04
2.700000000000000000e+01 1.300000000000000000e+01 2.000000000000000000e+01 0.000000000000000000e+00 1.600000000000000089e+00 7.780000000000000457e-04 -8.339999999999999974e-04 9.999989999999999712e-01 2.697820000000000218e-01 9.629210000000000269e-01 5.929999999999999941e-04 -9.629210000000000269e-01 2.697820000000000218e-01 9.749999999999999552e-04
1.300000000000000000e+01 3.000000000000000000e+00 2.500000000000000000e+01 0.000000000000000000e+00 1.600000000000000089e+00 -3.369000000000000033e-03 1.348099999999999993e-02 9.999029999999999863e-01 5.589000000000000218e-03 -9.998930000000000318e-01 1.349999999999999985e-02 9.999789999999999512e-01 5.634000000000000119e-03 3.292999999999999920e-03
2.300000000000000000e+01 3.000000000000000000e+00 2.500000000000000000e+01 0.000000000000000000e+00 1.600000000000000089e+00 -2.482999999999999964e-03 2.045800000000000049e-02 9.997880000000000100e-01 -3.591099999999999848e-02 -9.991480000000000361e-01 2.035599999999999909e-02 9.993520000000000181e-01 -3.585300000000000292e-02 3.214999999999999976e-03
2.800000000000000000e+01 3.000000000000000000e+00 2.500000000000000000e+01 0.000000000000000000e+00 1.600000000000000089e+00 7.640000000000000306e-04 -1.060400000000000058e-02 9.999430000000000263e-01 -2.540399999999999950e-02 -9.996209999999999818e-01 -1.058100000000000013e-02 9.996770000000000378e-01 -2.539399999999999991e-02 -1.033000000000000064e-03
2.000000000000000000e+01 4.600000000000000000e+01 3.000000000000000000e+01 0.000000000000000000e+00 1.600000000000000089e+00 -4.889999999999999599e-04 -1.659000000000000101e-03 -9.999989999999999712e-01 3.258199999999999985e-01 9.454299999999999926e-01 -1.727999999999999935e-03 9.454320000000000501e-01 -3.258199999999999985e-01 7.799999999999999859e-05
4.000000000000000000e+00 5.800000000000000000e+01 3.100000000000000000e+01 0.000000000000000000e+00 1.600000000000000089e+00 -9.719999999999999907e-04 4.878000000000000391e-03 9.999879999999999880e-01 -7.632200000000000095e-01 -6.461339999999999861e-01 2.409999999999999816e-03 6.461379999999999901e-01 -7.632090000000000263e-01 4.350999999999999833e-03
7.000000000000000000e+00 5.800000000000000000e+01 3.100000000000000000e+01 0.000000000000000000e+00 1.600000000000000089e+00 -1.069000000000000072e-03 2.684000000000000188e-03 9.999959999999999960e-01 -7.666520000000000001e-01 -6.420620000000000216e-01 9.039999999999999642e-04 6.420620000000000216e-01 -7.666479999999999961e-01 2.743999999999999911e-03
1.100000000000000000e+01 5.800000000000000000e+01 3.100000000000000000e+01 0.000000000000000000e+00 1.600000000000000089e+00 5.099999999999999960e-05 -3.569000000000000124e-03 9.999940000000000495e-01 -7.668329999999999869e-01 -6.418430000000000524e-01 -2.252000000000000095e-03 6.418469999999999454e-01 -7.668279999999999541e-01 -2.769999999999999893e-03
2.200000000000000000e+01 5.800000000000000000e+01 3.100000000000000000e+01 0.000000000000000000e+00 1.600000000000000089e+00 -6.732000000000000137e-03 -3.282999999999999894e-03 9.999719999999999720e-01 -7.621369999999999534e-01 -6.473750000000000338e-01 -7.256000000000000297e-03 6.473809999999999842e-01 -7.621639999999999526e-01 1.856999999999999927e-03
2.600000000000000000e+01 5.800000000000000000e+01 3.100000000000000000e+01 0.000000000000000000e+00 1.600000000000000089e+00 -5.488999999999999956e-03 -6.323999999999999760e-03 9.999649999999999928e-01 -7.622520000000000406e-01 -6.472280000000000255e-01 -8.276999999999999635e-03 6.472569999999999713e-01 -7.622700000000000031e-01 -1.268000000000000030e-03
9.000000000000000000e+00 4.600000000000000000e+01 3.500000000000000000e+01 0.000000000000000000e+00 1.600000000000000089e+00 -4.670000000000000214e-04 -6.750000000000000357e-04 -1.000000000000000000e+00 3.911780000000000257e-01 -9.203149999999999942e-01 4.380000000000000213e-04 -9.203149999999999942e-01 -3.911780000000000257e-01 6.939999999999999555e-04
1.300000000000000000e+01 4.600000000000000000e+01 3.500000000000000000e+01 0.000000000000000000e+00 1.600000000000000089e+00 7.240000000000000342e-04 -2.919999999999999961e-04 -1.000000000000000000e+00 3.917430000000000079e-01 -9.200739999999999474e-01 5.519999999999999733e-04 -9.200739999999999474e-01 -3.917439999999999811e-01 -5.519999999999999733e-04
2.100000000000000000e+01 4.600000000000000000e+01 3.500000000000000000e+01 0.000000000000000000e+00 1.600000000000000089e+00 -4.629999999999999784e-04 4.180000000000000230e-04 -1.000000000000000000e+00 3.918749999999999734e-01 -9.200180000000000025e-01 -5.659999999999999884e-04 -9.200180000000000025e-01 -3.918760000000000021e-01 2.620000000000000258e-04
2.500000000000000000e+01 4.600000000000000000e+01 3.500000000000000000e+01 0.000000000000000000e+00 1.600000000000000089e+00 4.829999999999999767e-04 3.102999999999999856e-03 -9.999949999999999672e-01 3.906780000000000252e-01 -9.205240000000000089e-01 -2.667999999999999799e-03 -9.205269999999999841e-01 -3.906749999999999945e-01 -1.657000000000000053e-03
8.000000000000000000e+00 2.900000000000000000e+01 4.400000000000000000e+01 0.000000000000000000e+00 1.600000000000000089e+00 -5.609999999999999752e-04 2.965000000000000187e-03 -9.999949999999999672e-01 6.639140000000000041e-01 7.478069999999999995e-01 1.845000000000000069e-03 7.478089999999999460e-01 -6.639100000000000001e-01 -2.387999999999999932e-03
1.400000000000000000e+01 2.900000000000000000e+01 4.400000000000000000e+01 0.000000000000000000e+00 1.600000000000000089e+00 5.280000000000000405e-04 8.000000000000000383e-04 -1.000000000000000000e+00 6.548110000000000319e-01 7.557920000000000194e-01 9.499999999999999981e-04 7.557930000000000481e-01 -6.548110000000000319e-01 -1.250000000000000026e-04
2.000000000000000000e+01 2.900000000000000000e+01 4.400000000000000000e+01 0.000000000000000000e+00 1.600000000000000089e+00 2.809999999999999998e-04 -1.732000000000000033e-03 -9.999980000000000535e-01 6.502759999999999652e-01 7.596969999999999557e-01 -1.132999999999999893e-03 7.596979999999999844e-01 -6.502750000000000474e-01 1.340000000000000045e-03
2.400000000000000000e+01 2.900000000000000000e+01 4.400000000000000000e+01 0.000000000000000000e+00 1.600000000000000089e+00 -1.714000000000000029e-03 -4.389999999999999805e-03 -9.999890000000000168e-01 6.537239999999999718e-01 7.567199999999999482e-01 -4.441999999999999768e-03 7.567310000000000425e-01 -6.537250000000000005e-01 1.572999999999999962e-03
2.800000000000000000e+01 2.900000000000000000e+01 4.400000000000000000e+01 0.000000000000000000e+00 1.600000000000000089e+00 3.200000000000000262e-04 -4.844000000000000215e-03 -9.999879999999999880e-01 6.563050000000000272e-01 7.544880000000000475e-01 -3.445000000000000145e-03 7.544960000000000555e-01 -6.562959999999999905e-01 3.420999999999999996e-03
1.900000000000000000e+01 6.500000000000000000e+01 4.600000000000000000e+01 0.000000000000000000e+00 1.600000000000000089e+00 -3.553999999999999868e-03 2.364000000000000216e-03 9.999909999999999632e-01 6.828109999999999458e-01 -7.305829999999999824e-01 4.154999999999999839e-03 7.305859999999999577e-01 6.828199999999999825e-01 9.820000000000000170e-04
5.000000000000000000e+00 7.000000000000000000e+01 4.700000000000000000e+01 0.000000000000000000e+00 1.600000000000000089e+00 5.793000000000000406e-03 -5.479999999999999845e-04 -9.999829999999999552e-01 -8.460900000000000087e-01 -5.330200000000000493e-01 -4.610000000000000382e-03 -5.330080000000000373e-01 8.461030000000000495e-01 -3.550999999999999903e-03
1.800000000000000000e+01 7.000000000000000000e+01 4.700000000000000000e+01 0.000000000000000000e+00 1.600000000000000089e+00 3.998999999999999951e-03 1.724999999999999971e-03 -9.999900000000000455e-01 -8.481250000000000178e-01 -5.297779999999999712e-01 -4.304999999999999799e-03 -5.297809999999999464e-01 8.481349999999999723e-01 -6.560000000000000076e-04
1.000000000000000000e+00 5.000000000000000000e+00 5.100000000000000000e+01 0.000000000000000000e+00 1.600000000000000089e+00 2.115000000000000126e-03 -1.531000000000000026e-03 -9.999970000000000248e-01 4.853109999999999924e-01 -8.743379999999999486e-01 2.364999999999999915e-03 -8.743389999999999773e-01 -4.853149999999999964e-01 -1.105999999999999995e-03
7.000000000000000000e+00 5.000000000000000000e+00 5.100000000000000000e+01 0.000000000000000000e+00 1.600000000000000089e+00 1.778999999999999982e-03 5.778000000000000150e-03 -9.999820000000000375e-01 4.799550000000000205e-01 -8.772830000000000350e-01 -4.214999999999999997e-03 -8.772910000000000430e-01 -4.799390000000000045e-01 -4.334000000000000179e-03
2.200000000000000000e+01 5.000000000000000000e+00 5.100000000000000000e+01 0.000000000000000000e+00 1.600000000000000089e+00 -5.760000000000000146e-04 6.272999999999999930e-03 -9.999799999999999800e-01 4.889200000000000212e-01 -8.723100000000000298e-01 -5.753999999999999566e-03 -8.723279999999999923e-01 -4.889140000000000152e-01 -2.565000000000000006e-03
3.000000000000000000e+01 5.000000000000000000e+00 5.100000000000000000e+01 0.000000000000000000e+00 1.600000000000000089e+00 2.239000000000000105e-03 -5.263000000000000317e-03 -9.999839999999999840e-01 4.862830000000000208e-01 -8.737829999999999764e-01 5.687000000000000215e-03 -8.737989999999999924e-01 -4.862879999999999980e-01 6.030000000000000204e-04
2.600000000000000000e+01 7.000000000000000000e+00 5.200000000000000000e+01 0.000000000000000000e+00 1.600000000000000089e+00 9.309999999999999699e-04 -3.723999999999999880e-03 -9.999930000000000208e-01 1.252419999999999922e-01 -9.921189999999999731e-01 3.811000000000000151e-03 -9.921259999999999524e-01 -1.252449999999999952e-01 -4.569999999999999952e-04
5.000000000000000000e+00 6.300000000000000000e+01 5.400000000000000000e+01 0.000000000000000000e+00 1.600000000000000089e+00 -1.966999999999999998e-03 -2.100000000000000087e-04 9.999980000000000535e-01 -3.418530000000000180e-01 9.397529999999999495e-01 -4.749999999999999990e-04 -9.397510000000000030e-01 -3.418539999999999912e-01 -1.920000000000000049e-03
1.000000000000000000e+01 6.300000000000000000e+01 5.400000000000000000e+01 0.000000000000000000e+00 1.600000000000000089e+00 1.079999999999999960e-04 6.899999999999999667e-04 1.000000000000000000e+00 -3.443729999999999847e-01 9.388330000000000286e-01 -6.099999999999999737e-04 -9.388330000000000286e-01 -3.443720000000000114e-01 3.379999999999999758e-04
1.500000000000000000e+01 6.300000000000000000e+01 5.400000000000000000e+01 0.000000000000000000e+00 1.600000000000000089e+00 7.619999999999999820e-04 -2.106999999999999932e-03 9.999970000000000248e-01 -3.458140000000000103e-01 9.383000000000000229e-01 2.239999999999999804e-03 -9.383029999999999982e-01 -3.458149999999999835e-01 -1.399999999999999979e-05
2.200000000000000000e+01 2.000000000000000000e+01 6.000000000000000000e+01 0.000000000000000000e+00 1.600000000000000089e+00 -1.090000000000000067e-04 3.699000000000000031e-03 9.999930000000000208e-01 -6.230299999999999727e-02 9.980499999999999927e-01 -3.699000000000000031e-03 -9.980569999999999720e-01 -6.230299999999999727e-02 1.219999999999999974e-04
9.000000000000000000e+00 2.100000000000000000e+01 6.000000000000000000e+01 0.000000000000000000e+00 1.600000000000000089e+00 8.099999999999999561e-04 1.245000000000000013e-03 9.999989999999999712e-01 -9.557400000000000617e-02 9.954220000000000290e-01 -1.160999999999999923e-03 -9.954220000000000290e-01 -9.557300000000000517e-02 9.259999999999999568e-04
1.400000000000000000e+01 2.100000000000000000e+01 6.000000000000000000e+01 0.000000000000000000e+00 1.600000000000000089e+00 -1.387999999999999911e-03 -9.029000000000000567e-03 9.999580000000000135e-01 -9.233099999999999641e-02 9.956890000000000462e-01 8.862000000000000086e-03 -9.957270000000000287e-01 -9.231499999999999428e-02 -2.216000000000000088e-03
2.100000000000000000e+01 2.100000000000000000e+01 6.000000000000000000e+01 0.000000000000000000e+00 1.600000000000000089e+00 1.219999999999999974e-04 4.129999999999999991e-03 9.999909999999999632e-01 -9.445399999999999630e-02 9.955209999999999892e-01 -4.100000000000000346e-03 -9.955289999999999973e-01 -9.445299999999999530e-02 5.119999999999999768e-04
2.600000000000000000e+01 2.100000000000000000e+01 6.000000000000000000e+01 0.000000000000000000e+00 1.600000000000000089e+00 -8.499999999999999526e-04 2.366000000000000048e-03 9.999970000000000248e-01 -9.442399999999999405e-02 9.955289999999999973e-01 -2.435000000000000098e-03 -9.955319999999999725e-01 -9.442599999999999605e-02 -6.229999999999999644e-04
1.300000000000000000e+01 6.000000000000000000e+00 6.100000000000000000e+01 0.000000000000000000e+00 1.600000000000000089e+00 2.219000000000000052e-03 -3.851999999999999955e-03 9.999900000000000455e-01 5.653960000000000097e-01 -8.248079999999999856e-01 -4.432000000000000176e-03 8.248170000000000224e-01 5.654000000000000137e-01 3.480000000000000020e-04
1.000000000000000000e+00 2.700000000000000000e+01 6.300000000000000000e+01 0.000000000000000000e+00 1.600000000000000089e+00 4.057999999999999975e-03 1.242099999999999975e-02 9.999149999999999983e-01 -2.700980000000000047e-01 9.627710000000000434e-01 -1.086400000000000039e-02 -9.628240000000000132e-01 -2.700310000000000210e-01 7.262000000000000226e-03
9.000000000000000000e+00 2.700000000000000000e+01 6.300000000000000000e+01 0.000000000000000000e+00 1.600000000000000089e+00 1.330000000000000019e-03 -5.130000000000000011e-03 9.999860000000000415e-01 -2.719449999999999923e-01 9.622979999999999867e-01 5.297999999999999758e-03 -9.623119999999999452e-01 -2.719480000000000230e-01 -1.150000000000000035e-04
1.900000000000000000e+01 2.700000000000000000e+01 6.300000000000000000e+01 0.000000000000000000e+00 1.600000000000000089e+00 -2.300000000000000070e-04 -5.040000000000000209e-03 9.999869999999999592e-01 -2.734480000000000244e-01 9.618750000000000355e-01 4.785000000000000191e-03 -9.618870000000000475e-01 -2.734429999999999916e-01 -1.598999999999999944e-03
2.500000000000000000e+01 2.700000000000000000e+01 6.300000000000000000e+01 0.000000000000000000e+00 1.600000000000000089e+00 -2.030000000000000012e-04 -2.400000000000000061e-04 1.000000000000000000e+00 -2.752390000000000114e-01 9.613760000000000083e-01 1.749999999999999982e-04 -9.613760000000000083e-01 -2.752390000000000114e-01 -2.610000000000000015e-04
1.000000000000000000e+00 2.600000000000000000e+01 6.400000000000000000e+01 0.000000000000000000e+00 1.600000000000000089e+00 4.073000000000000231e-03 1.051999999999999984e-02 9.999360000000000470e-01 -3.578959999999999919e-01 9.337239999999999984e-01 -8.366000000000000172e-03 -9.337530000000000552e-01 -3.578390000000000182e-01 7.568000000000000074e-03
1.000000000000000000e+01 2.600000000000000000e+01 6.400000000000000000e+01 0.000000000000000000e+00 1.600000000000000089e+00 2.216999999999999787e-03 -4.762999999999999873e-03 9.999860000000000415e-01 -3.639859999999999762e-01 9.313900000000000512e-01 5.243000000000000264e-03 -9.314019999999999522e-01 -3.639919999999999822e-01 3.310000000000000225e-04
2.100000000000000000e+01 2.600000000000000000e+01 6.400000000000000000e+01 0.000000000000000000e+00 1.600000000000000089e+00 1.500000000000000031e-03 -4.466000000000000351e-03 9.999890000000000168e-01 -3.638370000000000215e-01 9.314510000000000289e-01 4.706000000000000114e-03 -9.314609999999999834e-01 -3.638399999999999967e-01 -2.280000000000000126e-04
2.600000000000000000e+01 2.600000000000000000e+01 6.400000000000000000e+01 0.000000000000000000e+00 1.600000000000000089e+00 -9.799999999999999684e-04 -8.409999999999999507e-04 9.999989999999999712e-01 -3.642270000000000230e-01 9.313099999999999712e-01 4.260000000000000006e-04 -9.313099999999999712e-01 -3.642259999999999942e-01 -1.219000000000000031e-03
1.000000000000000000e+01 6.900000000000000000e+01 6.600000000000000000e+01 0.000000000000000000e+00 1.600000000000000089e+00 3.297000000000000017e-03 -2.446999999999999956e-03 9.999919999999999920e-01 -9.517630000000000257e-01 3.068089999999999984e-01 3.889000000000000096e-03 -3.068150000000000044e-01 -9.517679999999999474e-01 -1.317000000000000028e-03
1.400000000000000000e+01 6.900000000000000000e+01 6.600000000000000000e+01 0.000000000000000000e+00 1.600000000000000089e+00 2.746000000000000177e-03 -1.010000000000000020e-04 9.999959999999999960e-01 -9.527259999999999618e-01 3.038179999999999770e-01 2.647000000000000047e-03 -3.038170000000000037e-01 -9.527299999999999658e-01 7.380000000000000492e-04
4.000000000000000000e+00 2.500000000000000000e+01 7.300000000000000000e+01 0.000000000000000000e+00 1.600000000000000089e+00 6.560000000000000076e-04 -4.670000000000000214e-04 1.000000000000000000e+00 7.565460000000000518e-01 -6.539399999999999658e-01 -8.019999999999999785e-04 6.539399999999999658e-01 7.565460000000000518e-01 -7.600000000000000418e-05
8.000000000000000000e+00 2.500000000000000000e+01 7.300000000000000000e+01 0.000000000000000000e+00 1.600000000000000089e+00 -1.044000000000000006e-03 3.699999999999999947e-04 9.999989999999999712e-01 7.542100000000000470e-01 -6.566330000000000222e-01 1.030000000000000100e-03 6.566330000000000222e-01 7.542100000000000470e-01 4.060000000000000024e-04
1.400000000000000000e+01 2.500000000000000000e+01 7.300000000000000000e+01 0.000000000000000000e+00 1.600000000000000089e+00 1.982999999999999954e-03 2.854000000000000200e-03 9.999940000000000495e-01 7.561660000000000048e-01 -6.543799999999999617e-01 3.680000000000000003e-04 6.543769999999999865e-01 7.561600000000000543e-01 -3.455000000000000172e-03
1.700000000000000000e+01 2.500000000000000000e+01 7.300000000000000000e+01 0.000000000000000000e+00 1.600000000000000089e+00 1.025000000000000086e-03 1.172000000000000082e-03 9.999989999999999712e-01 7.560090000000000421e-01 -6.545609999999999484e-01 -7.999999999999999638e-06 6.545609999999999484e-01 7.560080000000000133e-01 -1.557000000000000007e-03
2.300000000000000000e+01 2.500000000000000000e+01 7.300000000000000000e+01 0.000000000000000000e+00 1.600000000000000089e+00 -1.753999999999999917e-03 -3.338999999999999954e-03 9.999930000000000208e-01 7.515549999999999731e-01 -6.596699999999999786e-01 -8.840000000000000201e-04 6.596680000000000321e-01 7.515479999999999938e-01 3.667000000000000121e-03
2.600000000000000000e+01 2.500000000000000000e+01 7.300000000000000000e+01 0.000000000000000000e+00 1.600000000000000089e+00 -6.740000000000000114e-04 -4.974000000000000123e-03 9.999869999999999592e-01 7.535739999999999661e-01 -6.573569999999999691e-01 -2.760999999999999999e-03 6.573620000000000019e-01 7.535629999999999828e-01 4.191000000000000281e-03
5.000000000000000000e+00 4.400000000000000000e+01 7.300000000000000000e+01 0.000000000000000000e+00 1.600000000000000089e+00 1.399000000000000070e-03 7.950000000000000252e-04 9.999989999999999712e-01 5.362399999999999806e-02 -9.985610000000000319e-01 7.190000000000000210e-04 9.985600000000000032e-01 5.362299999999999706e-02 -1.440000000000000091e-03
1.100000000000000000e+01 4.400000000000000000e+01 7.300000000000000000e+01 0.000000000000000000e+00 1.600000000000000089e+00 9.060000000000000128e-04 6.880000000000000265e-04 9.999989999999999712e-01 5.263999999999999929e-02 -9.986129999999999729e-01 6.390000000000000280e-04 9.986129999999999729e-01 5.263999999999999929e-02 -9.409999999999999962e-04
1.600000000000000000e+01 4.400000000000000000e+01 7.300000000000000000e+01 0.000000000000000000e+00 1.600000000000000089e+00 -4.510000000000000120e-04 -1.791000000000000057e-03 9.999980000000000535e-01 5.234400000000000164e-02 -9.986279999999999601e-01 -1.765000000000000076e-03 9.986289999999999889e-01 5.234300000000000064e-02 5.439999999999999957e-04
2.300000000000000000e+01 4.400000000000000000e+01 7.300000000000000000e+01 0.000000000000000000e+00 1.600000000000000089e+00 7.929999999999999766e-04 3.599000000000000202e-03 9.999930000000000208e-01 5.304099999999999787e-02 -9.985859999999999737e-01 3.552000000000000036e-03 9.985920000000000352e-01 5.303800000000000181e-02 -9.829999999999999329e-04
2.900000000000000000e+01 4.400000000000000000e+01 7.300000000000000000e+01 0.000000000000000000e+00 1.600000000000000089e+00 -1.320000000000000101e-04 4.020000000000000136e-03 9.999919999999999920e-01 5.662400000000000072e-02 -9.983870000000000244e-01 4.021000000000000268e-03 9.983959999999999502e-01 5.662500000000000172e-02 -9.600000000000000243e-05
3.000000000000000000e+00 9.100000000000000000e+01 7.600000000000000000e+01 0.000000000000000000e+00 1.600000000000000089e+00 -2.752000000000000106e-03 -1.619999999999999912e-03 9.999949999999999672e-01 3.107779999999999987e-01 -9.504820000000000491e-01 -6.840000000000000377e-04 9.504789999999999628e-01 3.107750000000000234e-01 3.118999999999999811e-03
1.000000000000000000e+01 9.100000000000000000e+01 7.600000000000000000e+01 0.000000000000000000e+00 1.600000000000000089e+00 8.800000000000000313e-04 8.600000000000000331e-05 1.000000000000000000e+00 3.036449999999999982e-01 -9.527849999999999930e-01 -1.849999999999999973e-04 9.527849999999999930e-01 3.036449999999999982e-01 -8.649999999999999920e-04
1.400000000000000000e+01 9.100000000000000000e+01 7.600000000000000000e+01 0.000000000000000000e+00 1.600000000000000089e+00 2.959999999999999849e-04 7.489999999999999913e-04 1.000000000000000000e+00 3.242269999999999874e-01 -9.459790000000000143e-01 6.120000000000000223e-04 9.459790000000000143e-01 3.242269999999999874e-01 -5.230000000000000274e-04
1.700000000000000000e+01 9.100000000000000000e+01 7.600000000000000000e+01 0.000000000000000000e+00 1.600000000000000089e+00 -7.990000000000000140e-04 -9.100000000000000287e-05 1.000000000000000000e+00 3.276209999999999956e-01 -9.448090000000000099e-01 1.759999999999999954e-04 9.448090000000000099e-01 3.276209999999999956e-01 7.839999999999999747e-04
2.100000000000000000e+01 9.100000000000000000e+01 7.600000000000000000e+01 0.000000000000000000e+00 1.600000000000000089e+00 2.860000000000000129e-04 7.550000000000000287e-04 1.000000000000000000e+00 3.174239999999999839e-01 -9.482840000000000158e-01 6.250000000000000130e-04 9.482840000000000158e-01 3.174239999999999839e-01 -5.109999999999999525e-04
2.400000000000000000e+01 9.100000000000000000e+01 7.600000000000000000e+01 0.000000000000000000e+00 1.600000000000000089e+00 3.550000000000000096e-04 1.224999999999999960e-03 9.999989999999999712e-01 3.232160000000000033e-01 -9.463249999999999718e-01 1.044999999999999922e-03 9.463249999999999718e-01 3.232149999999999745e-01 -7.320000000000000118e-04
2.800000000000000000e+01 9.100000000000000000e+01 7.600000000000000000e+01 0.000000000000000000e+00 1.600000000000000089e+00 -1.363000000000000062e-03 -5.050000000000000235e-04 9.999989999999999712e-01 3.221519999999999939e-01 -9.466879999999999740e-01 -3.899999999999999929e-05 9.466869999999999452e-01 3.221510000000000207e-01 1.453999999999999997e-03
8.000000000000000000e+00 6.300000000000000000e+01 8.100000000000000000e+01 0.000000000000000000e+00 1.600000000000000089e+00 4.550000000000000008e-04 1.621000000000000045e-03 9.999989999999999712e-01 1.656900000000000039e-02 -9.998609999999999998e-01 1.613000000000000067e-03 9.998629999999999463e-01 1.656799999999999939e-02 -4.820000000000000066e-04
8.000000000000000000e+00 4.400000000000000000e+01 8.300000000000000000e+01 0.000000000000000000e+00 1.600000000000000089e+00 -3.240000000000000150e-04 2.223999999999999849e-03 9.999970000000000248e-01 5.852289999999999992e-01 -8.108649999999999469e-01 1.992999999999999980e-03 8.108680000000000332e-01 5.852289999999999992e-01 -1.038999999999999993e-03
1.200000000000000000e+01 4.400000000000000000e+01 8.300000000000000000e+01 0.000000000000000000e+00 1.600000000000000089e+00 -6.840000000000000377e-04 4.608000000000000117e-03 9.999890000000000168e-01 5.847930000000000073e-01 -8.111720000000000041e-01 4.138000000000000185e-03 8.111819999999999586e-01 5.847890000000000033e-01 -2.139999999999999975e-03
2.100000000000000000e+01 4.400000000000000000e+01 8.300000000000000000e+01 0.000000000000000000e+00 1.600000000000000089e+00 -9.150000000000000147e-04 6.999999999999999387e-05 1.000000000000000000e+00 5.758199999999999985e-01 -8.175769999999999982e-01 5.839999999999999922e-04 8.175759999999999694e-01 5.758199999999999985e-01 7.079999999999999705e-04
