5.000000000000000000e+00 2.500000000000000000e+01 1.000000000000000000e+00 0.000000000000000000e+00 1.600000000000000089e+00 1.768999999999999956e-03 -1.482999999999999943e-03 -9.999970000000000248e-01 -5.167570000000000219e-01 -8.561320000000000041e-01 3.550000000000000096e-04 -8.561299999999999466e-01 5.167549999999999644e-01 -2.281000000000000041e-03
2.800000000000000000e+01 2.500000000000000000e+01 1.000000000000000000e+00 0.000000000000000000e+00 1.600000000000000089e+00 -1.869999999999999917e-03 4.623000000000000373e-03 -9.999879999999999880e-01 -5.227260000000000240e-01 -8.524960000000000315e-01 -2.964000000000000055e-03 -8.524990000000000068e-01 5.227140000000000120e-01 4.009999999999999676e-03
3.000000000000000000e+00 1.500000000000000000e+01 4.000000000000000000e+00 0.000000000000000000e+00 1.600000000000000089e+00 -9.399999999999999448e-05 7.540000000000000044e-04 1.000000000000000000e+00 3.122869999999999813e-01 -9.499870000000000259e-01 7.460000000000000268e-04 9.499880000000000546e-01 3.122869999999999813e-01 -1.459999999999999981e-04
1.000000000000000000e+01 1.500000000000000000e+01 4.000000000000000000e+00 0.000000000000000000e+00 1.600000000000000089e+00 -3.110000000000000243e-04 6.150000000000000085e-03 9.999810000000000088e-01 3.133889999999999731e-01 -9.496059999999999501e-01 5.937999999999999702e-03 9.496250000000000524e-01 3.133850000000000247e-01 -1.631999999999999987e-03
1.700000000000000000e+01 1.500000000000000000e+01 4.000000000000000000e+00 0.000000000000000000e+00 1.600000000000000089e+00 -1.240000000000000000e-03 -7.636999999999999691e-03 9.999700000000000255e-01 3.136289999999999911e-01 -9.495209999999999484e-01 -6.863000000000000177e-03 9.495449999999999724e-01 3.136109999999999731e-01 3.572999999999999787e-03
1.900000000000000000e+01 1.500000000000000000e+01 4.000000000000000000e+00 0.000000000000000000e+00 1.600000000000000089e+00 9.319999999999999942e-04 -4.303999999999999666e-03 9.999900000000000455e-01 3.143070000000000030e-01 -9.493110000000000159e-01 -4.379000000000000080e-03 9.493209999999999704e-01 3.143079999999999763e-01 4.679999999999999915e-04
2.300000000000000000e+01 1.500000000000000000e+01 4.000000000000000000e+00 0.000000000000000000e+00 1.600000000000000089e+00 3.670000000000000085e-03 4.701000000000000317e-03 9.999820000000000375e-01 3.144179999999999753e-01 -9.492789999999999839e-01 3.308999999999999875e-03 9.492779999999999552e-01 3.144000000000000128e-01 -4.962000000000000265e-03
2.800000000000000000e+01 1.500000000000000000e+01 4.000000000000000000e+00 0.000000000000000000e+00 1.600000000000000089e+00 2.791000000000000078e-03 -3.531999999999999983e-03 9.999900000000000455e-01 3.196419999999999817e-01 -9.475289999999999546e-01 -4.238999999999999713e-03 9.475339999999999874e-01 3.196499999999999897e-01 -1.515999999999999986e-03
2.400000000000000000e+01 4.000000000000000000e+00 5.000000000000000000e+00 0.000000000000000000e+00 1.600000000000000089e+00 -8.510999999999999469e-03 -2.074499999999999955e-02 9.997489999999999988e-01 2.223580000000000001e-01 -9.747930000000000206e-01 -1.833399999999999960e-02 9.749280000000000168e-01 2.221460000000000101e-01 1.290900000000000034e-02
9.000000000000000000e+00 1.010000000000000000e+02 7.000000000000000000e+00 0.000000000000000000e+00 1.600000000000000089e+00 4.470000000000000232e-04 -2.090000000000000115e-04 1.000000000000000000e+00 8.863189999999999680e-01 4.630750000000000144e-01 -2.999999999999999737e-04 -4.630750000000000144e-01 8.863189999999999680e-01 3.919999999999999873e-04
1.300000000000000000e+01 1.010000000000000000e+02 7.000000000000000000e+00 0.000000000000000000e+00 1.600000000000000089e+00 3.569999999999999823e-03 8.730999999999999178e-03 9.999559999999999560e-01 8.876969999999999583e-01 4.603709999999999747e-01 -7.189000000000000078e-03 -4.604130000000000167e-01 8.876840000000000286e-01 -6.106999999999999582e-03
1.700000000000000000e+01 1.010000000000000000e+02 7.000000000000000000e+00 0.000000000000000000e+00 1.600000000000000089e+00 7.759999999999999971e-04 -7.342999999999999701e-03 9.999730000000000008e-01 8.890599999999999614e-01 4.577820000000000222e-01 2.671999999999999896e-03 -4.577890000000000015e-01 8.890339999999999909e-01 6.884000000000000362e-03
2.000000000000000000e+01 1.010000000000000000e+02 7.000000000000000000e+00 0.000000000000000000e+00 1.600000000000000089e+00 -9.340000000000000429e-04 -1.027299999999999915e-02 9.999470000000000303e-01 8.898859999999999548e-01 4.561490000000000267e-01 5.517000000000000202e-03 -4.561819999999999764e-01 8.898439999999999683e-01 8.715999999999999789e-03
1.000000000000000000e+00 2.500000000000000000e+01 8.000000000000000000e+00 0.000000000000000000e+00 1.600000000000000089e+00 -3.890000000000000228e-04 -1.074899999999999987e-02 -9.999419999999999975e-01 4.481410000000000116e-01 8.939089999999999536e-01 -9.783000000000000029e-03 8.939629999999999521e-01 -4.481189999999999896e-01 4.468999999999999882e-03
5.000000000000000000e+00 2.500000000000000000e+01 8.000000000000000000e+00 0.000000000000000000e+00 1.600000000000000089e+00 -2.099999999999999870e-03 -5.941000000000000100e-03 -9.999799999999999800e-01 4.479299999999999948e-01 8.940470000000000361e-01 -6.251999999999999745e-03 8.940660000000000274e-01 -4.479339999999999988e-01 7.839999999999999747e-04
9.000000000000000000e+00 2.500000000000000000e+01 8.000000000000000000e+00 0.000000000000000000e+00 1.600000000000000089e+00 -1.502999999999999996e-03 -6.549999999999999833e-04 -9.999989999999999712e-01 4.490879999999999872e-01 8.934870000000000312e-01 -1.260000000000000052e-03 8.934860000000000024e-01 -4.490890000000000160e-01 -1.048000000000000103e-03
1.800000000000000000e+01 2.500000000000000000e+01 8.000000000000000000e+00 0.000000000000000000e+00 1.600000000000000089e+00 -1.440000000000000036e-04 -4.093000000000000284e-03 -9.999919999999999920e-01 4.490359999999999907e-01 8.935060000000000224e-01 -3.722000000000000048e-03 8.935140000000000304e-01 -4.490330000000000155e-01 1.709000000000000016e-03
2.200000000000000000e+01 2.500000000000000000e+01 8.000000000000000000e+00 0.000000000000000000e+00 1.600000000000000089e+00 5.980000000000000072e-04 -4.592999999999999861e-03 -9.999890000000000168e-01 4.493289999999999784e-01 8.933579999999999854e-01 -3.834999999999999867e-03 8.933659999999999934e-01 -4.493219999999999992e-01 2.598000000000000049e-03
2.600000000000000000e+01 2.500000000000000000e+01 8.000000000000000000e+00 0.000000000000000000e+00 1.600000000000000089e+00 1.925999999999999978e-03 2.360999999999999818e-03 -9.999949999999999672e-01 4.488789999999999725e-01 8.935870000000000202e-01 2.975000000000000214e-03 8.935899999999999954e-01 -4.488829999999999765e-01 6.620000000000000450e-04
5.000000000000000000e+00 2.400000000000000000e+01 9.000000000000000000e+00 0.000000000000000000e+00 1.600000000000000089e+00 -1.773000000000000053e-03 -4.693000000000000123e-03 -9.999869999999999592e-01 4.534759999999999902e-01 8.912539999999999907e-01 -4.987000000000000113e-03 8.912670000000000314e-01 -4.534790000000000210e-01 5.479999999999999845e-04
1.000000000000000000e+01 2.400000000000000000e+01 9.000000000000000000e+00 0.000000000000000000e+00 1.600000000000000089e+00 -1.299000000000000024e-03 3.435000000000000119e-03 -9.999930000000000208e-01 4.548139999999999961e-01 8.905830000000000135e-01 2.468999999999999841e-03 8.905849999999999600e-01 -4.548079999999999901e-01 -2.719000000000000063e-03
1.800000000000000000e+01 2.400000000000000000e+01 9.000000000000000000e+00 0.000000000000000000e+00 1.600000000000000089e+00 3.399999999999999973e-05 -4.433000000000000308e-03 -9.999900000000000455e-01 4.534869999999999735e-01 8.912539999999999907e-01 -3.935000000000000130e-03 8.912630000000000274e-01 -4.534819999999999962e-01 2.040000000000000147e-03
2.600000000000000000e+01 2.400000000000000000e+01 9.000000000000000000e+00 0.000000000000000000e+00 1.600000000000000089e+00 1.897999999999999948e-03 4.451000000000000095e-03 -9.999879999999999880e-01 4.534159999999999857e-01 8.912860000000000227e-01 4.827999999999999826e-03 8.912970000000000059e-01 -4.534190000000000165e-01 -3.260000000000000094e-04
7.000000000000000000e+00 3.100000000000000000e+01 1.200000000000000000e+01 0.000000000000000000e+00 1.600000000000000089e+00 1.939999999999999993e-04 -2.755000000000000070e-03 9.999959999999999960e-01 -8.369999999999999619e-04 9.999959999999999960e-01 2.755000000000000070e-03 -1.000000000000000000e+00 -8.379999999999999862e-04 1.920000000000000049e-04
2.100000000000000000e+01 3.100000000000000000e+01 1.200000000000000000e+01 0.000000000000000000e+00 1.600000000000000089e+00 -1.497999999999999983e-03 -4.923000000000000292e-03 9.999869999999999592e-01 -2.586999999999999890e-03 9.999850000000000128e-01 4.918999999999999762e-03 -9.999959999999999960e-01 -2.579999999999999828e-03 -1.510000000000000057e-03
2.400000000000000000e+01 3.100000000000000000e+01 1.200000000000000000e+01 0.000000000000000000e+00 1.600000000000000089e+00 -1.121999999999999950e-03 -2.684999999999999887e-03 9.999959999999999960e-01 -6.499999999999999431e-05 9.999959999999999960e-01 2.684999999999999887e-03 -9.999989999999999712e-01 -6.200000000000000270e-05 -1.121999999999999950e-03
2.700000000000000000e+01 3.100000000000000000e+01 1.200000000000000000e+01 0.000000000000000000e+00 1.600000000000000089e+00 -8.130000000000000291e-04 2.400000000000000061e-04 1.000000000000000000e+00 1.116000000000000021e-03 9.999989999999999712e-01 -2.390000000000000089e-04 -9.999989999999999712e-01 1.116000000000000021e-03 -8.130000000000000291e-04
2.000000000000000000e+00 3.200000000000000000e+01 1.400000000000000000e+01 0.000000000000000000e+00 1.600000000000000089e+00 5.249999999999999676e-04 -5.395999999999999755e-03 -9.999850000000000128e-01 1.073120000000000046e-01 9.942109999999999559e-01 -5.308000000000000218e-03 9.942250000000000254e-01 -1.073080000000000006e-01 1.100999999999999982e-03
1.300000000000000000e+01 3.200000000000000000e+01 1.400000000000000000e+01 0.000000000000000000e+00 1.600000000000000089e+00 1.369999999999999961e-04 4.272999999999999889e-03 -9.999909999999999632e-01 1.063130000000000047e-01 9.943239999999999856e-01 4.263000000000000296e-03 9.943330000000000224e-01 -1.063130000000000047e-01 -3.190000000000000019e-04
2.000000000000000000e+00 1.200000000000000000e+01 1.500000000000000000e+01 0.000000000000000000e+00 1.600000000000000089e+00 -3.339999999999999870e-04 1.358999999999999965e-03 -9.999989999999999712e-01 -4.712649999999999895e-01 -8.819909999999999695e-01 -1.041000000000000042e-03 -8.819909999999999695e-01 4.712640000000000162e-01 9.349999999999999587e-04
6.000000000000000000e+00 1.200000000000000000e+01 1.500000000000000000e+01 0.000000000000000000e+00 1.600000000000000089e+00 -6.310000000000000504e-04 -2.518999999999999972e-03 -9.999970000000000248e-01 -4.722129999999999939e-01 -8.814809999999999590e-01 2.517999999999999839e-03 -8.814840000000000453e-01 4.722129999999999939e-01 -6.329999999999999906e-04
8.000000000000000000e+00 1.160000000000000000e+02 1.600000000000000000e+01 0.000000000000000000e+00 1.600000000000000089e+00 4.949999999999999973e-04 2.416000000000000179e-03 9.999970000000000248e-01 6.948469999999999924e-01 7.191549999999999887e-01 -2.080999999999999951e-03 -7.191579999999999639e-01 6.948450000000000459e-01 -1.322999999999999957e-03
3.000000000000000000e+00 2.000000000000000000e+00 1.900000000000000000e+01 0.000000000000000000e+00 1.600000000000000089e+00 1.039999999999999909e-03 6.438000000000000146e-03 -9.999789999999999512e-01 1.894879999999999898e-01 -9.818639999999999590e-01 -6.124000000000000103e-03 -9.818820000000000325e-01 -1.894780000000000075e-01 -2.240999999999999936e-03
1.000000000000000000e+01 2.000000000000000000e+00 1.900000000000000000e+01 0.000000000000000000e+00 1.600000000000000089e+00 1.988000000000000184e-03 5.559999999999999621e-04 -9.999980000000000535e-01 1.910640000000000116e-01 -9.815779999999999506e-01 -1.649999999999999991e-04 -9.815760000000000041e-01 -1.910630000000000106e-01 -2.057999999999999934e-03
1.400000000000000000e+01 2.000000000000000000e+00 1.900000000000000000e+01 0.000000000000000000e+00 1.600000000000000089e+00 -7.849999999999999990e-04 -1.332000000000000068e-03 -9.999989999999999712e-01 1.927109999999999934e-01 -9.812549999999999883e-01 1.154999999999999994e-03 -9.812549999999999883e-01 -1.927099999999999924e-01 1.026999999999999918e-03
2.000000000000000000e+01 2.000000000000000000e+00 1.900000000000000000e+01 0.000000000000000000e+00 1.600000000000000089e+00 -1.575000000000000011e-03 -2.714999999999999965e-03 -9.999949999999999672e-01 1.957119999999999971e-01 -9.806589999999999474e-01 2.354999999999999889e-03 -9.806599999999999762e-01 -1.957079999999999931e-01 2.076000000000000154e-03
2.600000000000000000e+01 2.000000000000000000e+00 1.900000000000000000e+01 0.000000000000000000e+00 1.600000000000000089e+00 -7.979999999999999897e-04 -1.018600000000000061e-02 -9.999479999999999480e-01 1.942689999999999972e-01 -9.808989999999999654e-01 9.837000000000000258e-03 -9.809480000000000421e-01 -1.942510000000000070e-01 2.762000000000000132e-03
1.600000000000000000e+01 4.000000000000000000e+00 2.000000000000000000e+01 0.000000000000000000e+00 1.600000000000000089e+00 -3.033999999999999805e-03 -2.883999999999999845e-03 -9.999909999999999632e-01 3.068429999999999769e-01 -9.517579999999999929e-01 1.814000000000000074e-03 -9.517550000000000177e-01 -3.068350000000000244e-01 3.772999999999999878e-03
2.300000000000000000e+01 4.000000000000000000e+00 2.000000000000000000e+01 0.000000000000000000e+00 1.600000000000000089e+00 -3.939999999999999817e-04 -5.474999999999999832e-03 -9.999850000000000128e-01 3.063239999999999852e-01 -9.519140000000000379e-01 5.091000000000000039e-03 -9.519269999999999676e-01 -3.063170000000000059e-01 2.053000000000000137e-03
3.000000000000000000e+00 1.300000000000000000e+01 2.000000000000000000e+01 0.000000000000000000e+00 1.600000000000000089e+00 -3.179999999999999776e-04 -1.273999999999999959e-03 9.999989999999999712e-01 2.607889999999999930e-01 9.653950000000000031e-01 1.312999999999999931e-03 -9.653960000000000319e-01 2.607889999999999930e-01 2.500000000000000120e-05
6.000000000000000000e+00 1.300000000000000000e+01 2.000000000000000000e+01 0.000000000000000000e+00 1.600000000000000089e+00 3.330000000000000169e-04 -5.959999999999999586e-04 1.000000000000000000e+00 2.607200000000000073e-01 9.654139999999999944e-01 4.879999999999999898e-04 -9.654139999999999944e-01 2.607189999999999785e-01 4.769999999999999934e-04
1.100000000000000000e+01 1.300000000000000000e+01 2.000000000000000000e+01 0.000000000000000000e+00 1.600000000000000089e+00 3.339999999999999870e-04 5.879999999999999810e-04 1.000000000000000000e+00 2.596609999999999752e-01 9.657000000000000028e-01 -6.539999999999999590e-04 -9.657000000000000028e-01 2.596609999999999752e-01 1.700000000000000122e-04
1.600000000000000000e+01 1.300000000000000000e+01 2.000000000000000000e+01 0.000000000000000000e+00 1.600000000000000089e+00 2.759999999999999867e-04 -1.407000000000000048e-03 9.999989999999999712e-01 2.583770000000000233e-01 9.660429999999999851e-01 1.288000000000000082e-03 -9.660440000000000138e-01 2.583759999999999946e-01 6.310000000000000504e-04
1.900000000000000000e+01 1.300000000000000000e+01 2.000000000000000000e+01 0.000000000000000000e+00 1.600000000000000089e+00 -9.740000000000000394e-04 7.479999999999999670e-04 9.999989999999999712e-01 2.577269999999999839e-01 9.662180000000000213e-01 -4.719999999999999803e-04 -9.662169999999999925e-01 2.577260000000000106e-01 -1.134000000000000025e-03
3.000000000000000000e+00 3.000000000000000000e+00 2.500000000000000000e+01 0.000000000000000000e+00 1.600000000000000089e+00 -4.650000000000000270e-04 2.805000000000000202e-03 9.999959999999999960e-01 -5.829999999999999766e-02 -9.982950000000000434e-01 2.772999999999999857e-03 9.982990000000000475e-01 -5.829800000000000260e-02 6.279999999999999775e-04
8.000000000000000000e+00 3.000000000000000000e+00 2.500000000000000000e+01 0.000000000000000000e+00 1.600000000000000089e+00 1.057999999999999913e-03 5.446000000000000320e-03 9.999850000000000128e-01 -5.866500000000000187e-02 -9.982630000000000114e-01 5.499000000000000415e-03 9.982769999999999699e-01 -5.866999999999999993e-02 -7.370000000000000249e-04
1.600000000000000000e+01 3.000000000000000000e+00 2.500000000000000000e+01 0.000000000000000000e+00 1.600000000000000089e+00 -3.000000000000000076e-05 -2.168999999999999921e-03 9.999980000000000535e-01 -6.919400000000000550e-02 -9.976009999999999600e-01 -2.165999999999999957e-03 9.976030000000000175e-01 -6.919400000000000550e-02 -1.200000000000000030e-04
2.200000000000000000e+01 3.000000000000000000e+00 2.500000000000000000e+01 0.000000000000000000e+00 1.600000000000000089e+00 -4.342999999999999639e-03 -8.144999999999999463e-03 9.999569999999999848e-01 -6.634199999999999819e-02 -9.977610000000000090e-01 -8.415999999999999870e-03 9.977869999999999795e-01 -6.637600000000000444e-02 3.791999999999999798e-03
2.500000000000000000e+01 3.000000000000000000e+00 2.500000000000000000e+01 0.000000000000000000e+00 1.600000000000000089e+00 -3.095999999999999794e-03 -8.052999999999999395e-03 9.999630000000000463e-01 -6.831099999999999672e-02 -9.976300000000000168e-01 -8.245999999999999858e-03 9.976589999999999625e-01 -6.833400000000000585e-02 2.539000000000000024e-03
2.800000000000000000e+01 3.000000000000000000e+00 2.500000000000000000e+01 0.000000000000000000e+00 1.600000000000000089e+00 1.539999999999999919e-03 -7.157000000000000167e-03 9.999730000000000008e-01 -7.404299999999999771e-02 -9.972299999999999498e-01 -7.022999999999999729e-03 9.972539999999999738e-01 -7.403099999999999958e-02 -2.066000000000000128e-03
3.000000000000000000e+00 4.600000000000000000e+01 2.700000000000000000e+01 0.000000000000000000e+00 1.600000000000000089e+00 -2.439999999999999949e-04 -4.440000000000000045e-04 -1.000000000000000000e+00 6.775170000000000359e-01 7.355070000000000219e-01 -4.910000000000000085e-04 7.355070000000000219e-01 -6.775170000000000359e-01 1.210000000000000002e-04
7.000000000000000000e+00 4.600000000000000000e+01 2.700000000000000000e+01 0.000000000000000000e+00 1.600000000000000089e+00 8.229999999999999469e-04 2.500000000000000120e-05 -1.000000000000000000e+00 6.781719999999999970e-01 7.349029999999999729e-01 5.760000000000000146e-04 7.349020000000000552e-01 -6.781730000000000258e-01 5.879999999999999810e-04
1.100000000000000000e+01 4.600000000000000000e+01 2.700000000000000000e+01 0.000000000000000000e+00 1.600000000000000089e+00 1.263000000000000017e-03 -5.450000000000000200e-04 -9.999989999999999712e-01 6.784949999999999593e-01 7.346049999999999525e-01 4.569999999999999952e-04 7.346040000000000347e-01 -6.784949999999999593e-01 1.297999999999999892e-03
1.000000000000000000e+00 5.800000000000000000e+01 3.100000000000000000e+01 0.000000000000000000e+00 1.600000000000000089e+00 4.699999999999999724e-05 -4.270999999999999623e-03 9.999909999999999632e-01 -8.109680000000000222e-01 -5.850859999999999950e-01 -2.461000000000000080e-03 5.850910000000000277e-01 -8.109600000000000142e-01 -3.491000000000000179e-03
9.000000000000000000e+00 5.800000000000000000e+01 3.100000000000000000e+01 0.000000000000000000e+00 1.600000000000000089e+00 -2.013000000000000032e-03 -4.290000000000000193e-04 9.999980000000000535e-01 -8.101800000000000113e-01 -5.861779999999999768e-01 -1.881999999999999992e-03 5.861779999999999768e-01 -8.101819999999999578e-01 8.319999999999999488e-04
1.600000000000000000e+01 5.800000000000000000e+01 3.100000000000000000e+01 0.000000000000000000e+00 1.600000000000000089e+00 -6.319999999999999663e-04 1.427000000000000100e-03 9.999989999999999712e-01 -8.120159999999999600e-01 -5.836360000000000436e-01 3.190000000000000019e-04 5.836350000000000149e-01 -8.120140000000000136e-01 1.526999999999999929e-03
2.000000000000000000e+01 5.800000000000000000e+01 3.100000000000000000e+01 0.000000000000000000e+00 1.600000000000000089e+00 2.086000000000000180e-03 2.778000000000000087e-03 9.999940000000000495e-01 -8.088480000000000114e-01 -5.880090000000000039e-01 3.321000000000000167e-03 5.880140000000000366e-01 -8.088499999999999579e-01 1.020999999999999989e-03
2.500000000000000000e+01 5.800000000000000000e+01 3.100000000000000000e+01 0.000000000000000000e+00 1.600000000000000089e+00 -1.570999999999999914e-03 2.076999999999999853e-03 9.999970000000000248e-01 -8.062789999999999679e-01 -5.915350000000000330e-01 -3.800000000000000209e-05 5.915329999999999755e-01 -8.062770000000000215e-01 2.603999999999999978e-03
2.900000000000000000e+01 5.800000000000000000e+01 3.100000000000000000e+01 0.000000000000000000e+00 1.600000000000000089e+00 -8.325000000000000802e-03 -3.379000000000000059e-03 9.999599999999999600e-01 -8.046419999999999684e-01 -5.936970000000000303e-01 -8.704999999999999197e-03 5.937019999999999520e-01 -8.046820000000000084e-01 2.223999999999999849e-03
4.000000000000000000e+00 4.600000000000000000e+01 3.500000000000000000e+01 0.000000000000000000e+00 1.600000000000000089e+00 3.959999999999999762e-04 2.082000000000000083e-03 -9.999980000000000535e-01 3.916629999999999834e-01 -9.201070000000000082e-01 -1.760000000000000063e-03 -9.201089999999999547e-01 -3.916620000000000101e-01 -1.180000000000000059e-03
1.000000000000000000e+01 4.600000000000000000e+01 3.500000000000000000e+01 0.000000000000000000e+00 1.600000000000000089e+00 -5.270000000000000162e-04 -8.980000000000000352e-04 -1.000000000000000000e+00 3.923459999999999726e-01 -9.198180000000000245e-01 6.199999999999999999e-04 -9.198180000000000245e-01 -3.923449999999999993e-01 8.369999999999999619e-04
1.600000000000000000e+01 4.600000000000000000e+01 3.500000000000000000e+01 0.000000000000000000e+00 1.600000000000000089e+00 5.990000000000000316e-04 -6.930000000000000396e-04 -1.000000000000000000e+00 3.915669999999999984e-01 -9.201489999999999947e-01 8.720000000000000537e-04 -9.201489999999999947e-01 -3.915669999999999984e-01 -2.799999999999999755e-04
2.200000000000000000e+01 4.600000000000000000e+01 3.500000000000000000e+01 0.000000000000000000e+00 1.600000000000000089e+00 -6.319999999999999663e-04 -5.629000000000000323e-03 -9.999839999999999840e-01 3.926660000000000150e-01 -9.196680000000000410e-01 4.929000000000000221e-03 -9.196809999999999707e-01 -3.926569999999999783e-01 2.791000000000000078e-03
2.600000000000000000e+01 4.600000000000000000e+01 3.500000000000000000e+01 0.000000000000000000e+00 1.600000000000000089e+00 -3.699999999999999947e-04 2.329999999999999986e-04 -1.000000000000000000e+00 3.925259999999999860e-01 -9.197410000000000307e-01 -3.589999999999999984e-04 -9.197410000000000307e-01 -3.925259999999999860e-01 2.489999999999999809e-04
5.000000000000000000e+00 9.500000000000000000e+01 3.600000000000000000e+01 0.000000000000000000e+00 1.600000000000000089e+00 -7.504000000000000253e-03 -8.459999999999999638e-04 9.999719999999999720e-01 9.971029999999999616e-01 7.568800000000000527e-02 7.545999999999999756e-03 -7.569299999999999640e-02 9.971309999999999896e-01 2.759999999999999867e-04
1.100000000000000000e+01 9.500000000000000000e+01 3.600000000000000000e+01 0.000000000000000000e+00 1.600000000000000089e+00 1.994000000000000113e-03 -2.053500000000000117e-02 9.997869999999999813e-01 9.969799999999999773e-01 7.765800000000000480e-02 -3.930000000000000117e-04 -7.763299999999999368e-02 9.967690000000000161e-01 2.062800000000000050e-02
4.000000000000000000e+00 2.900000000000000000e+01 4.400000000000000000e+01 0.000000000000000000e+00 1.600000000000000089e+00 2.835999999999999979e-03 -2.520000000000000104e-03 -9.999930000000000208e-01 6.746039999999999814e-01 7.381790000000000296e-01 5.300000000000000078e-05 7.381739999999999968e-01 -6.745999999999999774e-01 3.792999999999999931e-03
7.000000000000000000e+00 2.900000000000000000e+01 4.400000000000000000e+01 0.000000000000000000e+00 1.600000000000000089e+00 1.258999999999999920e-03 -3.916000000000000210e-03 -9.999919999999999920e-01 6.716550000000000020e-01 7.408609999999999918e-01 -2.054999999999999969e-03 7.408630000000000493e-01 -6.716469999999999940e-01 3.563000000000000195e-03
1.300000000000000000e+01 2.900000000000000000e+01 4.400000000000000000e+01 0.000000000000000000e+00 1.600000000000000089e+00 -9.420000000000000205e-04 -5.089999999999999906e-03 -9.999869999999999592e-01 6.665360000000000174e-01 7.454589999999999828e-01 -4.422999999999999848e-03 7.454720000000000235e-01 -6.665320000000000134e-01 2.690000000000000117e-03
1.600000000000000000e+01 2.900000000000000000e+01 4.400000000000000000e+01 0.000000000000000000e+00 1.600000000000000089e+00 -2.730000000000000222e-04 -5.278999999999999838e-03 -9.999860000000000415e-01 6.646980000000000111e-01 7.471010000000000151e-01 -4.126000000000000327e-03 7.471119999999999983e-01 -6.646900000000000031e-01 3.305000000000000212e-03
2.100000000000000000e+01 2.900000000000000000e+01 4.400000000000000000e+01 0.000000000000000000e+00 1.600000000000000089e+00 1.173999999999999913e-03 1.683999999999999950e-03 -9.999980000000000535e-01 6.566940000000000000e-01 7.541539999999999910e-01 2.040999999999999846e-03 7.541560000000000485e-01 -6.566950000000000287e-01 -2.210000000000000050e-04
2.600000000000000000e+01 2.900000000000000000e+01 4.400000000000000000e+01 0.000000000000000000e+00 1.600000000000000089e+00 6.329999999999999906e-04 -1.730000000000000038e-04 -1.000000000000000000e+00 6.583769999999999900e-01 7.526890000000000525e-01 2.869999999999999830e-04 7.526880000000000237e-01 -6.583769999999999900e-01 5.910000000000000539e-04
1.000000000000000000e+00 5.000000000000000000e+00 5.100000000000000000e+01 0.000000000000000000e+00 1.600000000000000089e+00 -6.799999999999999946e-05 2.968999999999999851e-03 -9.999959999999999960e-01 4.853740000000000276e-01 -8.743030000000000523e-01 -2.628999999999999827e-03 -8.743069999999999453e-01 -4.853720000000000256e-01 -1.381999999999999982e-03
9.000000000000000000e+00 5.000000000000000000e+00 5.100000000000000000e+01 0.000000000000000000e+00 1.600000000000000089e+00 7.540000000000000044e-04 1.095000000000000053e-03 -9.999989999999999712e-01 4.862819999999999920e-01 -8.738019999999999676e-01 -5.900000000000000296e-04 -8.738019999999999676e-01 -4.862810000000000188e-01 -1.191000000000000001e-03
1.400000000000000000e+01 5.000000000000000000e+00 5.100000000000000000e+01 0.000000000000000000e+00 1.600000000000000089e+00 -4.290000000000000193e-04 -5.439999999999999957e-04 -1.000000000000000000e+00 4.828580000000000094e-01 -8.756990000000000052e-01 2.689999999999999791e-04 -8.756990000000000052e-01 -4.828580000000000094e-01 6.380000000000000037e-04
2.200000000000000000e+01 5.000000000000000000e+00 5.100000000000000000e+01 0.000000000000000000e+00 1.600000000000000089e+00 -1.381000000000000066e-03 -4.330999999999999781e-03 -9.999900000000000455e-01 4.904470000000000218e-01 -8.714659999999999629e-01 3.096999999999999927e-03 -8.714699999999999669e-01 -4.904379999999999851e-01 3.327999999999999795e-03
2.900000000000000000e+01 5.000000000000000000e+00 5.100000000000000000e+01 0.000000000000000000e+00 1.600000000000000089e+00 -1.992999999999999980e-03 -6.512999999999999692e-03 -9.999770000000000048e-01 4.956329999999999902e-01 -8.685199999999999587e-01 4.669000000000000407e-03 -8.685300000000000242e-01 -4.956119999999999970e-01 4.958999999999999866e-03
2.000000000000000000e+00 6.300000000000000000e+01 5.400000000000000000e+01 0.000000000000000000e+00 1.600000000000000089e+00 1.410000000000000012e-03 4.298999999999999870e-03 9.999900000000000455e-01 -3.421080000000000232e-01 9.396539999999999893e-01 -3.556999999999999832e-03 -9.396590000000000220e-01 -3.421000000000000152e-01 2.795000000000000175e-03
7.000000000000000000e+00 6.300000000000000000e+01 5.400000000000000000e+01 0.000000000000000000e+00 1.600000000000000089e+00 2.220000000000000022e-04 5.240000000000000517e-04 1.000000000000000000e+00 -3.460190000000000210e-01 9.382270000000000332e-01 -4.150000000000000043e-04 -9.382270000000000332e-01 -3.460190000000000210e-01 3.899999999999999929e-04
1.200000000000000000e+01 6.300000000000000000e+01 5.400000000000000000e+01 0.000000000000000000e+00 1.600000000000000089e+00 -4.169999999999999987e-04 1.494000000000000102e-03 9.999989999999999712e-01 -3.486150000000000082e-01 9.372650000000000148e-01 -1.546000000000000065e-03 -9.372660000000000435e-01 -3.486159999999999815e-01 1.299999999999999886e-04
2.100000000000000000e+01 6.300000000000000000e+01 5.400000000000000000e+01 0.000000000000000000e+00 1.600000000000000089e+00 1.678000000000000021e-03 4.508999999999999987e-03 9.999879999999999880e-01 -3.544240000000000168e-01 9.350779999999999648e-01 -3.621999999999999786e-03 -9.350829999999999975e-01 -3.544140000000000068e-01 3.167000000000000110e-03
5.000000000000000000e+00 2.500000000000000000e+01 5.500000000000000000e+01 0.000000000000000000e+00 1.600000000000000089e+00 1.654000000000000088e-03 2.723999999999999859e-03 -9.999949999999999672e-01 -8.429999999999999993e-03 -9.999609999999999888e-01 -2.737999999999999982e-03 -9.999630000000000463e-01 8.434000000000000524e-03 -1.629999999999999939e-03
2.900000000000000000e+01 2.500000000000000000e+01 5.500000000000000000e+01 0.000000000000000000e+00 1.600000000000000089e+00 2.454000000000000018e-03 -4.477000000000000077e-03 -9.999869999999999592e-01 -1.439900000000000034e-02 -9.998860000000000525e-01 4.440999999999999635e-03 -9.998930000000000318e-01 1.438799999999999975e-02 -2.518999999999999972e-03
3.000000000000000000e+00 6.800000000000000000e+01 5.700000000000000000e+01 0.000000000000000000e+00 1.600000000000000089e+00 1.849999999999999973e-04 9.650000000000000374e-04 -1.000000000000000000e+00 -2.432010000000000005e-01 -9.699750000000000316e-01 -9.810000000000001011e-04 -9.699759999999999494e-01 2.432010000000000005e-01 5.500000000000000196e-05
9.000000000000000000e+00 2.000000000000000000e+01 6.000000000000000000e+01 0.000000000000000000e+00 1.600000000000000089e+00 8.713000000000000259e-03 -1.754500000000000157e-02 9.998080000000000300e-01 -6.167500000000000066e-02 9.979329999999999590e-01 1.805000000000000007e-02 -9.980580000000000007e-01 -6.182100000000000095e-02 7.612999999999999975e-03
1.800000000000000000e+01 2.000000000000000000e+01 6.000000000000000000e+01 0.000000000000000000e+00 1.600000000000000089e+00 -5.863000000000000156e-03 1.248999999999999893e-03 9.999820000000000375e-01 -4.900600000000000095e-02 9.987970000000000459e-01 -1.534999999999999906e-03 -9.987810000000000299e-01 -4.901400000000000201e-02 -5.794999999999999804e-03
2.300000000000000000e+01 2.100000000000000000e+01 6.000000000000000000e+01 0.000000000000000000e+00 1.600000000000000089e+00 -5.722999999999999789e-03 5.089999999999999906e-03 9.999710000000000543e-01 -9.500699999999999423e-02 9.954610000000000403e-01 -5.610000000000000403e-03 -9.954600000000000115e-01 -9.503599999999999548e-02 -5.213999999999999885e-03
2.900000000000000000e+01 2.100000000000000000e+01 6.000000000000000000e+01 0.000000000000000000e+00 1.600000000000000089e+00 4.126999999999999592e-03 -1.013000000000000012e-03 9.999909999999999632e-01 -9.642499999999999682e-02 9.953389999999999738e-01 1.405999999999999915e-03 -9.953319999999999945e-01 -9.643000000000000183e-02 4.009999999999999676e-03
1.000000000000000000e+00 6.000000000000000000e+00 6.100000000000000000e+01 0.000000000000000000e+00 1.600000000000000089e+00 2.939999999999999905e-03 4.558999999999999685e-03 9.999850000000000128e-01 5.677780000000000049e-01 -8.231789999999999941e-01 2.083999999999999915e-03 8.231770000000000476e-01 5.677630000000000177e-01 -5.009000000000000431e-03
9.000000000000000000e+00 3.000000000000000000e+00 6.300000000000000000e+01 0.000000000000000000e+00 1.600000000000000089e+00 1.270999999999999994e-03 -2.003000000000000006e-03 9.999970000000000248e-01 -6.167550000000000532e-01 7.871519999999999628e-01 2.360000000000000119e-03 -7.871540000000000203e-01 -6.167559999999999709e-01 -2.349999999999999930e-04
6.000000000000000000e+00 2.700000000000000000e+01 6.300000000000000000e+01 0.000000000000000000e+00 1.600000000000000089e+00 -3.680000000000000003e-04 7.198999999999999670e-03 9.999740000000000295e-01 -2.703260000000000107e-01 9.627430000000000154e-01 -7.030999999999999923e-03 -9.627689999999999859e-01 -2.703220000000000067e-01 1.592000000000000099e-03
1.300000000000000000e+01 2.700000000000000000e+01 6.300000000000000000e+01 0.000000000000000000e+00 1.600000000000000089e+00 6.043999999999999893e-03 1.175000000000000046e-03 9.999810000000000088e-01 -2.846029999999999949e-01 9.586449999999999694e-01 5.940000000000000184e-04 -9.586270000000000069e-01 -2.846009999999999929e-01 6.127999999999999767e-03
1.600000000000000000e+01 2.700000000000000000e+01 6.300000000000000000e+01 0.000000000000000000e+00 1.600000000000000089e+00 3.510000000000000099e-03 3.285000000000000159e-03 9.999879999999999880e-01 -2.886329999999999729e-01 9.574380000000000113e-01 -2.132000000000000214e-03 -9.574340000000000073e-01 -2.886219999999999897e-01 4.309000000000000330e-03
2.300000000000000000e+01 2.700000000000000000e+01 6.300000000000000000e+01 0.000000000000000000e+00 1.600000000000000089e+00 -5.303999999999999687e-03 1.090000000000000040e-03 9.999850000000000128e-01 -2.703400000000000247e-01 9.627620000000000067e-01 -2.482999999999999964e-03 -9.627499999999999947e-01 -2.703490000000000060e-01 -4.811000000000000172e-03
2.700000000000000000e+01 2.700000000000000000e+01 6.300000000000000000e+01 0.000000000000000000e+00 1.600000000000000089e+00 1.794999999999999938e-03 2.305000000000000191e-03 9.999959999999999960e-01 -2.675299999999999900e-01 9.635479999999999601e-01 -1.740999999999999926e-03 -9.635479999999999601e-01 -2.675259999999999860e-01 2.345999999999999995e-03
1.000000000000000000e+00 2.600000000000000000e+01 6.400000000000000000e+01 0.000000000000000000e+00 1.600000000000000089e+00 5.190000000000000386e-04 3.892000000000000060e-03 9.999919999999999920e-01 -3.558250000000000024e-01 9.345459999999999878e-01 -3.452999999999999906e-03 -9.345520000000000493e-01 -3.558209999999999984e-01 1.869999999999999917e-03
5.000000000000000000e+00 2.600000000000000000e+01 6.400000000000000000e+01 0.000000000000000000e+00 1.600000000000000089e+00 -9.190000000000000035e-04 7.185999999999999679e-03 9.999740000000000295e-01 -3.527980000000000005e-01 9.356729999999999769e-01 -7.048999999999999710e-03 -9.356989999999999474e-01 -3.527959999999999985e-01 1.675000000000000057e-03
1.600000000000000000e+01 2.600000000000000000e+01 6.400000000000000000e+01 0.000000000000000000e+00 1.600000000000000089e+00 5.559999999999999838e-03 8.245999999999999858e-03 9.999510000000000343e-01 -3.780029999999999779e-01 9.257880000000000553e-01 -5.532999999999999724e-03 -9.257880000000000553e-01 -3.779529999999999834e-01 8.264999999999999777e-03
2.600000000000000000e+01 2.600000000000000000e+01 6.400000000000000000e+01 0.000000000000000000e+00 1.600000000000000089e+00 5.649999999999999641e-04 9.299999999999999727e-05 1.000000000000000000e+00 -3.445340000000000069e-01 9.387739999999999974e-01 1.069999999999999988e-04 -9.387739999999999974e-01 -3.445340000000000069e-01 5.619999999999999996e-04
1.600000000000000000e+01 6.900000000000000000e+01 6.600000000000000000e+01 0.000000000000000000e+00 1.600000000000000089e+00 -3.321000000000000167e-03 3.514000000000000196e-03 9.999879999999999880e-01 -9.499220000000000441e-01 3.124589999999999868e-01 -4.252999999999999836e-03 -3.124700000000000255e-01 -9.499250000000000194e-01 2.301000000000000094e-03
4.000000000000000000e+00 2.500000000000000000e+01 7.300000000000000000e+01 0.000000000000000000e+00 1.600000000000000089e+00 -1.657000000000000053e-03 -4.211000000000000333e-03 9.999900000000000455e-01 7.440539999999999932e-01 -6.681169999999999609e-01 -1.580999999999999940e-03 6.681169999999999609e-01 7.440440000000000387e-01 4.239999999999999845e-03
1.400000000000000000e+01 2.500000000000000000e+01 7.300000000000000000e+01 0.000000000000000000e+00 1.600000000000000089e+00 -1.672000000000000092e-03 -4.440000000000000045e-04 9.999989999999999712e-01 7.444460000000000521e-01 -6.676819999999999977e-01 9.489999999999999738e-04 6.676809999999999690e-01 7.444460000000000521e-01 1.446999999999999936e-03
1.800000000000000000e+01 2.500000000000000000e+01 7.300000000000000000e+01 0.000000000000000000e+00 1.600000000000000089e+00 1.230000000000000082e-04 -2.099000000000000171e-03 9.999980000000000535e-01 7.458289999999999642e-01 -6.661359999999999504e-01 -1.490000000000000005e-03 6.661369999999999791e-01 7.458280000000000465e-01 1.484000000000000076e-03
2.000000000000000000e+00 4.400000000000000000e+01 7.300000000000000000e+01 0.000000000000000000e+00 1.600000000000000089e+00 -1.209000000000000005e-03 7.399999999999999623e-05 9.999989999999999712e-01 4.972100000000000131e-02 -9.987629999999999564e-01 1.340000000000000045e-04 9.987620000000000386e-01 4.972100000000000131e-02 1.203999999999999992e-03
1.100000000000000000e+01 4.400000000000000000e+01 7.300000000000000000e+01 0.000000000000000000e+00 1.600000000000000089e+00 -1.015999999999999976e-03 -1.217999999999999899e-03 9.999989999999999712e-01 4.971400000000000124e-02 -9.987629999999999564e-01 -1.165999999999999936e-03 9.987629999999999564e-01 4.971300000000000024e-02 1.075999999999999917e-03
1.400000000000000000e+01 4.400000000000000000e+01 7.300000000000000000e+01 0.000000000000000000e+00 1.600000000000000089e+00 -3.959999999999999762e-04 -1.075999999999999917e-03 9.999989999999999712e-01 5.008699999999999958e-02 -9.987439999999999651e-01 -1.054999999999999948e-03 9.987449999999999939e-01 5.008599999999999858e-02 4.499999999999999877e-04
1.700000000000000000e+01 4.400000000000000000e+01 7.300000000000000000e+01 0.000000000000000000e+00 1.600000000000000089e+00 -1.459999999999999926e-03 -1.392000000000000008e-03 9.999980000000000535e-01 5.074100000000000138e-02 -9.987110000000000154e-01 -1.315999999999999896e-03 9.987110000000000154e-01 5.073899999999999938e-02 1.528999999999999977e-03
2.500000000000000000e+01 4.400000000000000000e+01 7.300000000000000000e+01 0.000000000000000000e+00 1.600000000000000089e+00 -5.590000000000000351e-04 -2.171999999999999886e-03 9.999970000000000248e-01 5.145999999999999880e-02 -9.986730000000000329e-01 -2.141000000000000108e-03 9.986749999999999794e-01 5.145799999999999680e-02 6.700000000000000226e-04
3.000000000000000000e+01 4.400000000000000000e+01 7.300000000000000000e+01 0.000000000000000000e+00 1.600000000000000089e+00 -2.158999999999999895e-03 -3.209999999999999963e-04 9.999980000000000535e-01 5.261500000000000205e-02 -9.986150000000000304e-01 -2.069999999999999900e-04 9.986129999999999729e-01 5.261500000000000205e-02 2.173000000000000018e-03
7.000000000000000000e+00 2.500000000000000000e+01 7.400000000000000000e+01 0.000000000000000000e+00 1.600000000000000089e+00 1.175000000000000046e-03 -1.753000000000000001e-03 9.999980000000000535e-01 8.204299999999999926e-01 -5.717440000000000300e-01 -1.965999999999999866e-03 5.717459999999999765e-01 8.204299999999999926e-01 7.659999999999999708e-04
2.400000000000000000e+01 2.500000000000000000e+01 7.400000000000000000e+01 0.000000000000000000e+00 1.600000000000000089e+00 1.091100000000000056e-02 1.230700000000000023e-02 9.998650000000000038e-01 8.343979999999999730e-01 -5.511580000000000368e-01 -2.321000000000000146e-03 5.510549999999999615e-01 8.343099999999999961e-01 -1.628299999999999886e-02
6.000000000000000000e+00 5.100000000000000000e+01 7.600000000000000000e+01 0.000000000000000000e+00 1.600000000000000089e+00 9.699999999999999963e-05 7.969999999999999654e-04 -1.000000000000000000e+00 -4.004059999999999842e-01 -9.163369999999999571e-01 -7.699999999999999597e-04 -9.163379999999999859e-01 4.004059999999999842e-01 2.300000000000000070e-04
