1.500000000000000000e+01 2.500000000000000000e+01 1.000000000000000000e+00 0.000000000000000000e+00 1.600000000000000089e+00 -7.010000000000000172e-04 1.874999999999999931e-03 -9.999980000000000535e-01 -5.220059999999999700e-01 -8.529409999999999492e-01 -1.232999999999999938e-03 -8.529419999999999780e-01 5.220040000000000235e-01 1.577000000000000060e-03
8.000000000000000000e+00 1.500000000000000000e+01 4.000000000000000000e+00 0.000000000000000000e+00 1.600000000000000089e+00 7.370000000000000249e-04 -1.377500000000000079e-02 9.999050000000000438e-01 3.803619999999999779e-01 -9.247459999999999569e-01 -1.302000000000000032e-02 9.248370000000000202e-01 3.803349999999999786e-01 4.558000000000000419e-03
1.700000000000000000e+01 1.500000000000000000e+01 4.000000000000000000e+00 0.000000000000000000e+00 1.600000000000000089e+00 -8.838999999999999635e-03 4.364200000000000024e-02 9.990080000000000071e-01 4.240639999999999965e-01 -9.045980000000000132e-01 4.327000000000000290e-02 9.055889999999999773e-01 4.240249999999999853e-01 -1.051099999999999951e-02
1.000000000000000000e+00 1.010000000000000000e+02 7.000000000000000000e+00 0.000000000000000000e+00 1.600000000000000089e+00 -1.853000000000000046e-03 -1.892200000000000132e-02 9.998190000000000133e-01 8.835749999999999993e-01 4.681710000000000038e-01 1.049800000000000039e-02 -4.682850000000000068e-01 8.834349999999999703e-01 1.585100000000000051e-02
1.200000000000000000e+01 1.010000000000000000e+02 7.000000000000000000e+00 0.000000000000000000e+00 1.600000000000000089e+00 2.393999999999999861e-03 -9.771999999999999437e-03 9.999489999999999768e-01 8.864549999999999930e-01 4.628079999999999972e-01 2.399999999999999790e-03 -4.628079999999999972e-01 8.864049999999999985e-01 9.771000000000000171e-03
1.900000000000000000e+01 1.010000000000000000e+02 7.000000000000000000e+00 0.000000000000000000e+00 1.600000000000000089e+00 -1.742000000000000059e-03 7.043999999999999914e-03 9.999740000000000295e-01 8.867070000000000229e-01 4.623280000000000167e-01 -1.712999999999999896e-03 -4.623280000000000167e-01 8.866810000000000525e-01 -7.050999999999999976e-03
1.000000000000000000e+00 1.500000000000000000e+01 8.000000000000000000e+00 0.000000000000000000e+00 1.600000000000000089e+00 -5.619999999999999996e-04 -2.788399999999999906e-02 -9.996110000000000273e-01 -6.185659999999999492e-01 -7.854170000000000318e-01 2.225699999999999901e-02 -7.857319999999999860e-01 6.183380000000000543e-01 -1.680699999999999902e-02
5.000000000000000000e+00 1.500000000000000000e+01 8.000000000000000000e+00 0.000000000000000000e+00 1.600000000000000089e+00 -7.209999999999999612e-04 -2.253600000000000048e-02 -9.997460000000000235e-01 -6.185690000000000355e-01 -7.855210000000000248e-01 1.815299999999999900e-02 -7.857300000000000395e-01 6.184250000000000025e-01 -1.337400000000000047e-02
2.000000000000000000e+00 2.500000000000000000e+01 8.000000000000000000e+00 0.000000000000000000e+00 1.600000000000000089e+00 2.099000000000000171e-03 7.675999999999999664e-03 -9.999679999999999680e-01 4.423199999999999910e-01 8.968230000000000368e-01 7.812000000000000367e-03 8.968549999999999578e-01 -4.423219999999999930e-01 -1.513000000000000022e-03
6.000000000000000000e+00 2.500000000000000000e+01 8.000000000000000000e+00 0.000000000000000000e+00 1.600000000000000089e+00 1.505000000000000044e-03 -2.079999999999999872e-04 -9.999989999999999712e-01 4.413230000000000208e-01 8.973480000000000345e-01 4.780000000000000178e-04 8.973470000000000057e-01 -4.413239999999999941e-01 1.441999999999999922e-03
1.000000000000000000e+01 2.500000000000000000e+01 8.000000000000000000e+00 0.000000000000000000e+00 1.600000000000000089e+00 -5.230000000000000274e-04 -2.460000000000000164e-04 -1.000000000000000000e+00 4.404390000000000249e-01 8.977829999999999977e-01 -4.510000000000000120e-04 8.977819999999999689e-01 -4.404390000000000249e-01 -3.620000000000000171e-04
1.500000000000000000e+01 2.500000000000000000e+01 8.000000000000000000e+00 0.000000000000000000e+00 1.600000000000000089e+00 2.315999999999999916e-03 6.152999999999999615e-03 -9.999780000000000335e-01 4.386889999999999956e-01 8.986150000000000526e-01 6.544999999999999603e-03 8.986359999999999904e-01 -4.386939999999999729e-01 -6.179999999999999513e-04
1.900000000000000000e+01 2.500000000000000000e+01 8.000000000000000000e+00 0.000000000000000000e+00 1.600000000000000089e+00 1.655999999999999920e-03 2.056000000000000102e-03 -9.999970000000000248e-01 4.380539999999999989e-01 8.989449999999999941e-01 2.573000000000000200e-03 8.989470000000000516e-01 -4.380569999999999742e-01 5.879999999999999810e-04
2.500000000000000000e+01 2.500000000000000000e+01 8.000000000000000000e+00 0.000000000000000000e+00 1.600000000000000089e+00 1.747999999999999988e-03 3.285000000000000159e-03 -9.999930000000000208e-01 4.361309999999999909e-01 8.998760000000000092e-01 3.719000000000000083e-03 8.998819999999999597e-01 -4.361340000000000217e-01 1.399999999999999877e-04
2.900000000000000000e+01 2.500000000000000000e+01 8.000000000000000000e+00 0.000000000000000000e+00 1.600000000000000089e+00 2.860000000000000129e-03 -1.350999999999999987e-03 -9.999949999999999672e-01 4.361169999999999769e-01 8.998899999999999677e-01 3.100000000000000135e-05 8.998850000000000460e-01 -4.361149999999999749e-01 3.163000000000000013e-03
4.000000000000000000e+00 2.400000000000000000e+01 9.000000000000000000e+00 0.000000000000000000e+00 1.600000000000000089e+00 2.211999999999999991e-03 4.839000000000000419e-03 -9.999860000000000415e-01 4.483400000000000163e-01 8.938469999999999471e-01 5.316999999999999678e-03 8.938599999999999879e-01 -4.483460000000000223e-01 -1.920000000000000049e-04
1.000000000000000000e+01 2.400000000000000000e+01 9.000000000000000000e+00 0.000000000000000000e+00 1.600000000000000089e+00 -2.020000000000000040e-04 -4.870000000000000197e-04 -1.000000000000000000e+00 4.468360000000000110e-01 8.946159999999999668e-01 -5.259999999999999919e-04 8.946159999999999668e-01 -4.468360000000000110e-01 3.699999999999999811e-05
1.600000000000000000e+01 2.400000000000000000e+01 9.000000000000000000e+00 0.000000000000000000e+00 1.600000000000000089e+00 2.344000000000000163e-03 3.991999999999999889e-03 -9.999890000000000168e-01 4.445819999999999772e-01 8.957260000000000222e-01 4.617999999999999709e-03 8.957349999999999479e-01 -4.445879999999999832e-01 3.249999999999999851e-04
2.500000000000000000e+01 2.400000000000000000e+01 9.000000000000000000e+00 0.000000000000000000e+00 1.600000000000000089e+00 1.456999999999999962e-03 4.197000000000000210e-03 -9.999900000000000455e-01 4.417860000000000120e-01 8.971099999999999630e-01 4.407999999999999592e-03 8.971189999999999998e-01 -4.417880000000000140e-01 -5.469999999999999602e-04
2.000000000000000000e+00 8.000000000000000000e+00 1.000000000000000000e+01 0.000000000000000000e+00 1.600000000000000089e+00 -1.423349999999999893e-01 -1.191070000000000045e-01 -9.826259999999999994e-01 -9.421199999999999575e-01 -2.881549999999999945e-01 1.713949999999999918e-01 -3.035630000000000273e-01 9.501469999999999638e-01 -7.119799999999999740e-02
3.000000000000000000e+01 8.000000000000000000e+00 1.000000000000000000e+01 0.000000000000000000e+00 1.600000000000000089e+00 8.847700000000000009e-02 5.534100000000000130e-02 -9.945399999999999796e-01 -9.823650000000000437e-01 -1.602580000000000116e-01 -9.631099999999999384e-02 -1.647129999999999983e-01 9.855230000000000379e-01 4.018599999999999950e-02
1.900000000000000000e+01 3.000000000000000000e+00 1.100000000000000000e+01 0.000000000000000000e+00 1.600000000000000089e+00 -6.204000000000000313e-03 1.058850000000000069e-01 9.943589999999999929e-01 1.352820000000000134e-01 -9.851480000000000237e-01 1.057489999999999958e-01 9.907880000000000020e-01 1.351749999999999896e-01 -8.212999999999999814e-03
8.000000000000000000e+00 3.100000000000000000e+01 1.200000000000000000e+01 0.000000000000000000e+00 1.600000000000000089e+00 -8.229999999999999469e-04 6.141999999999999890e-03 9.999810000000000088e-01 -4.563000000000000216e-03 9.999710000000000543e-01 -6.146000000000000421e-03 -9.999890000000000168e-01 -4.566999999999999879e-03 -7.950000000000000252e-04
7.000000000000000000e+00 1.160000000000000000e+02 1.600000000000000000e+01 0.000000000000000000e+00 1.600000000000000089e+00 3.980000000000000248e-04 5.749999999999999903e-04 1.000000000000000000e+00 7.615089999999999915e-01 6.481540000000000079e-01 -6.759999999999999516e-04 -6.481540000000000079e-01 7.615089999999999915e-01 -1.789999999999999870e-04
1.200000000000000000e+01 1.160000000000000000e+02 1.600000000000000000e+01 0.000000000000000000e+00 1.600000000000000089e+00 6.700000000000000226e-05 3.249999999999999851e-04 1.000000000000000000e+00 7.525659999999999572e-01 6.585170000000000190e-01 -2.649999999999999903e-04 -6.585170000000000190e-01 7.525659999999999572e-01 -2.000000000000000096e-04
1.600000000000000000e+01 1.160000000000000000e+02 1.600000000000000000e+01 0.000000000000000000e+00 1.600000000000000089e+00 -4.889999999999999599e-04 -1.936000000000000004e-03 9.999980000000000535e-01 7.533480000000000176e-01 6.576199999999999823e-01 1.642000000000000013e-03 -6.576220000000000399e-01 7.533480000000000176e-01 1.136999999999999990e-03
1.900000000000000000e+01 1.160000000000000000e+02 1.600000000000000000e+01 0.000000000000000000e+00 1.600000000000000089e+00 -3.420000000000000188e-04 -2.249000000000000131e-03 9.999970000000000248e-01 7.595600000000000129e-01 6.504349999999999854e-01 1.722999999999999922e-03 -6.504370000000000429e-01 7.595589999999999842e-01 1.485999999999999908e-03
2.500000000000000000e+01 1.160000000000000000e+02 1.600000000000000000e+01 0.000000000000000000e+00 1.600000000000000089e+00 -1.400999999999999902e-03 -9.460000000000000093e-04 9.999989999999999712e-01 7.417300000000000004e-01 6.706969999999999876e-01 1.673999999999999924e-03 -6.706969999999999876e-01 7.417310000000000292e-01 -2.380000000000000117e-04
3.000000000000000000e+01 1.160000000000000000e+02 1.600000000000000000e+01 0.000000000000000000e+00 1.600000000000000089e+00 -1.851999999999999914e-03 -8.800000000000000313e-04 9.999980000000000535e-01 7.479510000000000325e-01 6.637509999999999799e-01 1.968999999999999830e-03 -6.637509999999999799e-01 7.479529999999999790e-01 -5.720000000000000258e-04
7.000000000000000000e+00 2.000000000000000000e+00 1.900000000000000000e+01 0.000000000000000000e+00 1.600000000000000089e+00 7.178999999999999618e-03 -6.451800000000000590e-02 -9.978909999999999725e-01 3.677090000000000081e-01 -9.278290000000000148e-01 6.263399999999999523e-02 -9.299129999999999896e-01 -3.673830000000000151e-01 1.706299999999999831e-02
1.400000000000000000e+01 2.000000000000000000e+00 1.900000000000000000e+01 0.000000000000000000e+00 1.600000000000000089e+00 5.779999999999999548e-04 1.107299999999999951e-02 -9.999390000000000223e-01 3.648210000000000064e-01 -9.310230000000000450e-01 -1.009900000000000034e-02 -9.310779999999999612e-01 -3.647929999999999784e-01 -4.577999999999999604e-03
1.800000000000000000e+01 3.000000000000000000e+00 1.900000000000000000e+01 0.000000000000000000e+00 1.600000000000000089e+00 3.275999999999999832e-03 3.605699999999999877e-02 -9.993440000000000101e-01 3.407919999999999838e-01 -9.395670000000000410e-01 -3.278299999999999964e-02 -9.401329999999999965e-01 -3.404610000000000136e-01 -1.536599999999999945e-02
2.200000000000000000e+01 3.000000000000000000e+00 1.900000000000000000e+01 0.000000000000000000e+00 1.600000000000000089e+00 5.559999999999999621e-04 5.048899999999999916e-02 -9.987239999999999451e-01 3.483939999999999815e-01 -9.361620000000000497e-01 -4.713200000000000028e-02 -9.373479999999999590e-01 -3.479240000000000110e-01 -1.811000000000000110e-02
2.600000000000000000e+01 3.000000000000000000e+00 1.900000000000000000e+01 0.000000000000000000e+00 1.600000000000000089e+00 -4.092000000000000151e-03 4.698700000000000099e-02 -9.988869999999999694e-01 3.534059999999999979e-01 -9.343679999999999763e-01 -4.540000000000000285e-02 -9.354609999999999870e-01 -3.531980000000000119e-01 -1.278199999999999996e-02
3.000000000000000000e+01 3.000000000000000000e+00 1.900000000000000000e+01 0.000000000000000000e+00 1.600000000000000089e+00 -6.317999999999999831e-03 3.650300000000000072e-02 -9.993140000000000356e-01 3.542210000000000081e-01 -9.344540000000000068e-01 -3.637399999999999661e-02 -9.351410000000000000e-01 -3.542069999999999941e-01 -7.027000000000000260e-03
2.000000000000000000e+00 1.300000000000000000e+01 2.000000000000000000e+01 0.000000000000000000e+00 1.600000000000000089e+00 8.310000000000000329e-04 -1.175999999999999962e-03 9.999989999999999712e-01 2.577180000000000026e-01 9.662199999999999678e-01 9.219999999999999680e-04 -9.662199999999999678e-01 2.577169999999999739e-01 1.105999999999999995e-03
1.000000000000000000e+01 1.300000000000000000e+01 2.000000000000000000e+01 0.000000000000000000e+00 1.600000000000000089e+00 6.009999999999999717e-04 8.245999999999999858e-03 9.999660000000000215e-01 2.610689999999999955e-01 9.652859999999999774e-01 -8.116999999999999216e-03 -9.653199999999999559e-01 2.610649999999999915e-01 -1.572999999999999962e-03
1.400000000000000000e+01 1.300000000000000000e+01 2.000000000000000000e+01 0.000000000000000000e+00 1.600000000000000089e+00 -8.450000000000000479e-04 -2.534999999999999927e-03 9.999959999999999960e-01 2.614469999999999850e-01 9.652140000000000164e-01 2.667999999999999799e-03 -9.652180000000000204e-01 2.614480000000000137e-01 -1.530000000000000056e-04
2.700000000000000000e+01 1.300000000000000000e+01 2.000000000000000000e+01 0.000000000000000000e+00 1.600000000000000089e+00 4.199999999999999768e-05 -2.965999999999999887e-03 9.999959999999999960e-01 2.604319999999999968e-01 9.654880000000000129e-01 2.853000000000000067e-03 -9.654920000000000169e-01 2.604310000000000236e-01 8.130000000000000291e-04
1.400000000000000000e+01 1.600000000000000000e+01 2.100000000000000000e+01 0.000000000000000000e+00 1.600000000000000089e+00 -1.822999999999999968e-03 -5.193999999999999832e-03 9.999850000000000128e-01 2.990160000000000040e-01 9.542319999999999691e-01 5.501999999999999946e-03 -9.542460000000000386e-01 2.990220000000000100e-01 -1.869999999999999917e-04
1.100000000000000000e+01 2.000000000000000000e+00 2.500000000000000000e+01 0.000000000000000000e+00 1.600000000000000089e+00 2.337999999999999801e-03 -9.209999999999999437e-03 9.999550000000000383e-01 6.821399999999999686e-02 -9.976270000000000415e-01 -9.348000000000000406e-03 9.976679999999999993e-01 6.823300000000000198e-02 -1.704000000000000003e-03
3.000000000000000000e+00 3.000000000000000000e+00 2.500000000000000000e+01 0.000000000000000000e+00 1.600000000000000089e+00 1.147100000000000029e-02 -5.110699999999999965e-02 9.986270000000000424e-01 3.221999999999999864e-02 -9.981560000000000432e-01 -5.145299999999999874e-02 9.994150000000000533e-01 3.276600000000000346e-02 -9.802999999999999214e-03
1.000000000000000000e+01 3.000000000000000000e+00 2.500000000000000000e+01 0.000000000000000000e+00 1.600000000000000089e+00 1.958000000000000105e-03 -1.299900000000000014e-02 9.999139999999999695e-01 -1.321300000000000079e-02 -9.998289999999999678e-01 -1.297199999999999916e-02 9.999109999999999943e-01 -1.318700000000000080e-02 -2.128999999999999816e-03
1.600000000000000000e+01 3.000000000000000000e+00 2.500000000000000000e+01 0.000000000000000000e+00 1.600000000000000089e+00 1.598000000000000028e-03 5.832999999999999644e-03 9.999820000000000375e-01 -1.788000000000000006e-02 -9.998230000000000173e-01 5.860999999999999890e-03 9.998390000000000333e-01 -1.788899999999999865e-02 -1.494000000000000102e-03
2.000000000000000000e+00 4.600000000000000000e+01 2.700000000000000000e+01 0.000000000000000000e+00 1.600000000000000089e+00 -7.159999999999999481e-04 1.569000000000000082e-03 -9.999980000000000535e-01 6.709979999999999833e-01 7.414589999999999792e-01 6.830000000000000134e-04 7.414589999999999792e-01 -6.709969999999999546e-01 -1.582999999999999989e-03
5.000000000000000000e+00 4.600000000000000000e+01 2.700000000000000000e+01 0.000000000000000000e+00 1.600000000000000089e+00 9.749999999999999552e-04 2.697999999999999877e-03 -9.999959999999999960e-01 6.716280000000000028e-01 7.408839999999999870e-01 2.652999999999999976e-03 7.408879999999999910e-01 -6.716280000000000028e-01 -1.090000000000000040e-03
1.400000000000000000e+01 4.600000000000000000e+01 2.700000000000000000e+01 0.000000000000000000e+00 1.600000000000000089e+00 -1.479999999999999925e-04 -5.090000000000000123e-04 -1.000000000000000000e+00 6.799619999999999553e-01 7.332469999999999821e-01 -4.739999999999999747e-04 7.332480000000000109e-01 -6.799619999999999553e-01 2.380000000000000117e-04
3.000000000000000000e+00 5.800000000000000000e+01 3.100000000000000000e+01 0.000000000000000000e+00 1.600000000000000089e+00 2.869000000000000022e-03 6.074999999999999671e-03 9.999770000000000048e-01 -7.754349999999999854e-01 -6.313980000000000148e-01 6.060000000000000282e-03 6.314210000000000100e-01 -7.754349999999999854e-01 2.899000000000000101e-03
9.000000000000000000e+00 5.800000000000000000e+01 3.100000000000000000e+01 0.000000000000000000e+00 1.600000000000000089e+00 1.451000000000000033e-03 3.299999999999999982e-03 9.999930000000000208e-01 -7.899559999999999915e-01 -6.131550000000000056e-01 3.170000000000000075e-03 6.131619999999999848e-01 -7.899549999999999628e-01 1.716999999999999993e-03
1.300000000000000000e+01 5.800000000000000000e+01 3.100000000000000000e+01 0.000000000000000000e+00 1.600000000000000089e+00 -3.938999999999999793e-03 -8.883000000000000271e-03 9.999529999999999808e-01 -7.971310000000000340e-01 -6.037470000000000336e-01 -8.503999999999999407e-03 6.037940000000000529e-01 -7.971270000000000300e-01 -4.702999999999999715e-03
1.900000000000000000e+01 5.800000000000000000e+01 3.100000000000000000e+01 0.000000000000000000e+00 1.600000000000000089e+00 -9.210000000000000521e-04 -1.793000000000000106e-03 9.999980000000000535e-01 -8.042719999999999869e-01 -5.942579999999999529e-01 -1.807000000000000012e-03 5.942610000000000392e-01 -8.042719999999999869e-01 -8.949999999999999623e-04
2.200000000000000000e+01 5.800000000000000000e+01 3.100000000000000000e+01 0.000000000000000000e+00 1.600000000000000089e+00 -2.488000000000000194e-03 -4.088999999999999753e-03 9.999890000000000168e-01 -8.054310000000000080e-01 -5.926719999999999766e-01 -4.427000000000000379e-03 5.926839999999999886e-01 -8.054329999999999545e-01 -1.819000000000000087e-03
2.700000000000000000e+01 5.800000000000000000e+01 3.100000000000000000e+01 0.000000000000000000e+00 1.600000000000000089e+00 -6.830000000000000134e-04 -4.237999999999999580e-03 9.999909999999999632e-01 -8.074900000000000411e-01 -5.898740000000000094e-01 -3.050999999999999893e-03 5.898809999999999887e-01 -8.074839999999999796e-01 -3.018999999999999982e-03
2.000000000000000000e+00 2.300000000000000000e+01 3.400000000000000000e+01 0.000000000000000000e+00 1.600000000000000089e+00 4.479999999999999933e-04 2.857999999999999863e-03 9.999959999999999960e-01 4.026759999999999784e-01 -9.153390000000000137e-01 2.435999999999999797e-03 9.153419999999999890e-01 4.026730000000000032e-01 -1.561000000000000104e-03
1.000000000000000000e+00 4.600000000000000000e+01 3.500000000000000000e+01 0.000000000000000000e+00 1.600000000000000089e+00 -4.650000000000000270e-04 2.507000000000000114e-03 -9.999970000000000248e-01 3.898130000000000206e-01 -9.208910000000000151e-01 -2.490000000000000026e-03 -9.208939999999999904e-01 -3.898130000000000206e-01 -5.490000000000000088e-04
7.000000000000000000e+00 4.600000000000000000e+01 3.500000000000000000e+01 0.000000000000000000e+00 1.600000000000000089e+00 1.998999999999999909e-03 2.971000000000000116e-03 -9.999940000000000495e-01 3.894440000000000124e-01 -9.210479999999999778e-01 -1.958000000000000105e-03 -9.210479999999999778e-01 -3.894380000000000064e-01 -2.997999999999999797e-03
1.200000000000000000e+01 4.600000000000000000e+01 3.500000000000000000e+01 0.000000000000000000e+00 1.600000000000000089e+00 -1.296999999999999976e-03 -2.158000000000000196e-03 -9.999970000000000248e-01 3.898389999999999911e-01 -9.208819999999999784e-01 1.482000000000000027e-03 -9.208819999999999784e-01 -3.898349999999999871e-01 2.034999999999999917e-03
1.600000000000000000e+01 4.600000000000000000e+01 3.500000000000000000e+01 0.000000000000000000e+00 1.600000000000000089e+00 -1.101999999999999898e-03 -1.528000000000000061e-03 -9.999980000000000535e-01 3.906330000000000080e-01 -9.205459999999999754e-01 9.759999999999999796e-04 -9.205459999999999754e-01 -3.906310000000000060e-01 1.611000000000000019e-03
2.000000000000000000e+01 4.600000000000000000e+01 3.500000000000000000e+01 0.000000000000000000e+00 1.600000000000000089e+00 -8.559999999999999901e-04 -3.681999999999999943e-03 -9.999930000000000208e-01 3.933159999999999989e-01 -9.193980000000000485e-01 3.049000000000000061e-03 -9.194029999999999703e-01 -3.933099999999999929e-01 2.235000000000000007e-03
2.500000000000000000e+01 4.600000000000000000e+01 3.500000000000000000e+01 0.000000000000000000e+00 1.600000000000000089e+00 1.900000000000000105e-05 1.242999999999999964e-03 -9.999989999999999712e-01 3.935919999999999974e-01 -9.192850000000000188e-01 -1.134999999999999941e-03 -9.192850000000000188e-01 -3.935910000000000242e-01 -5.069999999999999637e-04
2.700000000000000000e+01 9.500000000000000000e+01 3.600000000000000000e+01 0.000000000000000000e+00 1.600000000000000089e+00 -7.601000000000000117e-03 -1.045399999999999975e-02 9.999160000000000270e-01 9.957120000000000415e-01 9.211300000000000043e-02 8.531999999999999654e-03 -9.219399999999999817e-02 9.956939999999999680e-01 9.709000000000000616e-03
3.000000000000000000e+00 2.900000000000000000e+01 4.400000000000000000e+01 0.000000000000000000e+00 1.600000000000000089e+00 1.510000000000000057e-03 1.002000000000000069e-03 -9.999980000000000535e-01 6.542949999999999600e-01 7.562370000000000481e-01 1.745999999999999939e-03 7.562379999999999658e-01 -6.542970000000000175e-01 4.859999999999999954e-04
9.000000000000000000e+00 2.900000000000000000e+01 4.400000000000000000e+01 0.000000000000000000e+00 1.600000000000000089e+00 4.974000000000000123e-03 4.546999999999999827e-03 -9.999770000000000048e-01 6.603919999999999790e-01 7.508909999999999751e-01 6.699000000000000093e-03 7.509050000000000447e-01 -6.604100000000000525e-01 7.320000000000000118e-04
1.400000000000000000e+01 2.900000000000000000e+01 4.400000000000000000e+01 0.000000000000000000e+00 1.600000000000000089e+00 -2.273999999999999980e-03 2.458000000000000115e-03 -9.999940000000000495e-01 6.591200000000000392e-01 7.520379999999999843e-01 3.490000000000000263e-04 7.520350000000000090e-01 -6.591150000000000064e-01 -3.330000000000000061e-03
2.500000000000000000e+01 2.900000000000000000e+01 4.400000000000000000e+01 0.000000000000000000e+00 1.600000000000000089e+00 -1.794000000000000022e-03 -1.683999999999999950e-03 -9.999970000000000248e-01 6.571960000000000024e-01 7.537160000000000526e-01 -2.448999999999999788e-03 7.537169999999999703e-01 -6.571989999999999776e-01 -2.460000000000000164e-04
2.900000000000000000e+01 2.900000000000000000e+01 4.400000000000000000e+01 0.000000000000000000e+00 1.600000000000000089e+00 -8.220000000000000310e-04 2.063000000000000164e-03 -9.999970000000000248e-01 6.593179999999999596e-01 7.518629999999999480e-01 1.008999999999999914e-03 7.518639999999999768e-01 -6.593160000000000132e-01 -1.978000000000000157e-03
2.800000000000000000e+01 4.000000000000000000e+00 5.000000000000000000e+01 0.000000000000000000e+00 1.600000000000000089e+00 1.420000000000000038e-03 -1.234999999999999987e-03 -9.999980000000000535e-01 5.327110000000000456e-01 -8.462950000000000195e-01 1.801000000000000083e-03 -8.462960000000000482e-01 -5.327129999999999921e-01 -5.429999999999999714e-04
6.000000000000000000e+00 1.150000000000000000e+02 5.100000000000000000e+01 0.000000000000000000e+00 1.600000000000000089e+00 -2.149999999999999947e-04 -4.380000000000000213e-03 9.999900000000000455e-01 8.443720000000000114e-01 -5.357530000000000348e-01 -2.165999999999999957e-03 5.357570000000000388e-01 8.443629999999999747e-01 3.814000000000000116e-03
4.000000000000000000e+00 6.300000000000000000e+01 5.400000000000000000e+01 0.000000000000000000e+00 1.600000000000000089e+00 -1.570999999999999914e-03 2.200000000000000078e-04 9.999989999999999712e-01 -3.519849999999999923e-01 9.360049999999999759e-01 -7.590000000000000175e-04 -9.360039999999999472e-01 -3.519860000000000211e-01 -1.392999999999999924e-03
9.000000000000000000e+00 6.300000000000000000e+01 5.400000000000000000e+01 0.000000000000000000e+00 1.600000000000000089e+00 1.299999999999999886e-04 2.785000000000000149e-03 9.999959999999999960e-01 -3.496770000000000156e-01 9.368670000000000053e-01 -2.563999999999999873e-03 -9.368699999999999806e-01 -3.496750000000000136e-01 1.095999999999999969e-03
1.500000000000000000e+01 6.300000000000000000e+01 5.400000000000000000e+01 0.000000000000000000e+00 1.600000000000000089e+00 1.505000000000000044e-03 5.550000000000000462e-04 9.999989999999999712e-01 -3.525889999999999858e-01 9.357779999999999987e-01 1.200000000000000030e-05 -9.357769999999999699e-01 -3.525889999999999858e-01 1.603999999999999957e-03
2.000000000000000000e+01 6.300000000000000000e+01 5.400000000000000000e+01 0.000000000000000000e+00 1.600000000000000089e+00 1.310000000000000129e-04 -3.203999999999999817e-03 9.999949999999999672e-01 -3.506650000000000045e-01 9.364959999999999951e-01 3.046999999999999795e-03 -9.365010000000000279e-01 -3.506630000000000025e-01 -1.000999999999999937e-03
2.500000000000000000e+01 6.300000000000000000e+01 5.400000000000000000e+01 0.000000000000000000e+00 1.600000000000000089e+00 -1.400999999999999902e-03 -4.362000000000000426e-03 9.999900000000000455e-01 -3.523470000000000213e-01 9.358630000000000004e-01 3.589000000000000176e-03 -9.358680000000000332e-01 -3.523379999999999845e-01 -2.847999999999999837e-03
2.000000000000000000e+00 2.500000000000000000e+01 5.500000000000000000e+01 0.000000000000000000e+00 1.600000000000000089e+00 3.800000000000000209e-04 9.479999999999999495e-04 -9.999989999999999712e-01 -1.167499999999999961e-02 -9.999310000000000143e-01 -9.529999999999999626e-04 -9.999320000000000430e-01 1.167499999999999961e-02 -3.690000000000000246e-04
1.700000000000000000e+01 2.500000000000000000e+01 5.500000000000000000e+01 0.000000000000000000e+00 1.600000000000000089e+00 -1.689999999999999879e-04 4.699999999999999859e-04 -1.000000000000000000e+00 -1.393199999999999994e-02 -9.999029999999999863e-01 -4.670000000000000214e-04 -9.999029999999999863e-01 1.393199999999999994e-02 1.749999999999999982e-04
2.100000000000000000e+01 2.600000000000000000e+01 5.500000000000000000e+01 0.000000000000000000e+00 1.600000000000000089e+00 1.315999999999999896e-03 5.100999999999999632e-03 -9.999860000000000415e-01 -3.304499999999999799e-02 -9.994410000000000238e-01 -5.141999999999999869e-03 -9.994530000000000358e-01 3.305099999999999705e-02 -1.147000000000000016e-03
8.000000000000000000e+00 6.800000000000000000e+01 5.700000000000000000e+01 0.000000000000000000e+00 1.600000000000000089e+00 2.400000000000000061e-04 -4.959999999999999999e-03 -9.999879999999999880e-01 -2.416850000000000109e-01 -9.703429999999999556e-01 4.754999999999999678e-03 -9.703549999999999676e-01 2.416800000000000059e-01 -1.431999999999999896e-03
2.000000000000000000e+00 2.000000000000000000e+01 6.000000000000000000e+01 0.000000000000000000e+00 1.600000000000000089e+00 2.199999999999999943e-05 -1.949199999999999891e-02 9.998099999999999765e-01 -6.375999999999999723e-02 9.977759999999999962e-01 1.945399999999999907e-02 -9.979649999999999910e-01 -6.374799999999999911e-02 -1.221000000000000080e-03
9.000000000000000000e+00 2.100000000000000000e+01 6.000000000000000000e+01 0.000000000000000000e+00 1.600000000000000089e+00 -7.209999999999999612e-04 5.503000000000000079e-03 9.999850000000000128e-01 -9.526300000000000046e-02 9.954370000000000163e-01 -5.546999999999999847e-03 -9.954520000000000035e-01 -9.526600000000000346e-02 -1.930000000000000021e-04
1.500000000000000000e+01 2.100000000000000000e+01 6.000000000000000000e+01 0.000000000000000000e+00 1.600000000000000089e+00 7.190000000000000210e-04 -7.396999999999999929e-03 9.999719999999999720e-01 -9.669099999999999917e-02 9.952870000000000328e-01 7.432000000000000238e-03 -9.953140000000000320e-01 -9.669300000000000117e-02 0.000000000000000000e+00
1.900000000000000000e+01 2.100000000000000000e+01 6.000000000000000000e+01 0.000000000000000000e+00 1.600000000000000089e+00 1.675999999999999972e-03 -1.180000000000000059e-03 9.999980000000000535e-01 -9.719999999999999474e-02 9.952640000000000375e-01 1.337000000000000081e-03 -9.952640000000000375e-01 -9.720199999999999674e-02 1.554000000000000043e-03
2.300000000000000000e+01 2.100000000000000000e+01 6.000000000000000000e+01 0.000000000000000000e+00 1.600000000000000089e+00 -1.601999999999999908e-03 6.778000000000000171e-03 9.999759999999999760e-01 -9.576900000000000690e-02 9.953800000000000425e-01 -6.899999999999999883e-03 -9.954020000000000090e-01 -9.577800000000000202e-02 -9.449999999999999850e-04
2.800000000000000000e+01 2.100000000000000000e+01 6.000000000000000000e+01 0.000000000000000000e+00 1.600000000000000089e+00 -1.054999999999999948e-03 1.930999999999999991e-03 9.999980000000000535e-01 -9.569700000000000428e-02 9.954079999999999595e-01 -2.023000000000000059e-03 -9.954100000000000170e-01 -9.569900000000000628e-02 -8.649999999999999920e-04
2.000000000000000000e+00 6.700000000000000000e+01 6.000000000000000000e+01 0.000000000000000000e+00 1.600000000000000089e+00 -2.141999999999999807e-03 -4.602000000000000188e-03 9.999869999999999592e-01 1.734600000000000031e-01 -9.848320000000000407e-01 -4.160999999999999768e-03 9.848390000000000200e-01 1.734489999999999921e-01 2.907999999999999995e-03
1.000000000000000000e+01 6.700000000000000000e+01 6.000000000000000000e+01 0.000000000000000000e+00 1.600000000000000089e+00 -1.358000000000000049e-03 -3.184000000000000198e-03 9.999940000000000495e-01 1.749729999999999897e-01 -9.845690000000000275e-01 -2.896999999999999836e-03 9.845720000000000027e-01 1.749680000000000124e-01 1.894999999999999983e-03
2.200000000000000000e+01 3.000000000000000000e+00 6.300000000000000000e+01 0.000000000000000000e+00 1.600000000000000089e+00 -1.121000000000000035e-03 -3.818000000000000213e-03 9.999919999999999920e-01 -6.132250000000000201e-01 7.899049999999999683e-01 2.328999999999999907e-03 -7.899080000000000545e-01 -6.132170000000000121e-01 -3.226999999999999834e-03
4.000000000000000000e+00 2.700000000000000000e+01 6.300000000000000000e+01 0.000000000000000000e+00 1.600000000000000089e+00 -7.259999999999999743e-04 -9.799999999999999684e-05 1.000000000000000000e+00 -2.745299999999999963e-01 9.615780000000000438e-01 -1.060000000000000016e-04 -9.615780000000000438e-01 -2.745299999999999963e-01 -7.249999999999999500e-04
9.000000000000000000e+00 2.700000000000000000e+01 6.300000000000000000e+01 0.000000000000000000e+00 1.600000000000000089e+00 -1.064999999999999974e-03 -2.098000000000000038e-03 9.999970000000000248e-01 -2.755279999999999951e-01 9.612920000000000353e-01 1.724000000000000055e-03 -9.612929999999999531e-01 -2.755250000000000199e-01 -1.601999999999999908e-03
1.900000000000000000e+01 2.700000000000000000e+01 6.300000000000000000e+01 0.000000000000000000e+00 1.600000000000000089e+00 1.768000000000000040e-03 -5.419999999999999471e-04 9.999980000000000535e-01 -2.747550000000000270e-01 9.615139999999999798e-01 1.007000000000000083e-03 -9.615129999999999511e-01 -2.747560000000000002e-01 1.551000000000000078e-03
2.400000000000000000e+01 2.700000000000000000e+01 6.300000000000000000e+01 0.000000000000000000e+00 1.600000000000000089e+00 -1.574000000000000095e-03 1.497999999999999983e-03 9.999980000000000535e-01 -2.777640000000000109e-01 9.606470000000000287e-01 -1.876999999999999979e-03 -9.606479999999999464e-01 -2.777669999999999861e-01 -1.095999999999999969e-03
2.700000000000000000e+01 2.700000000000000000e+01 6.300000000000000000e+01 0.000000000000000000e+00 1.600000000000000089e+00 -8.069999999999999916e-04 2.893000000000000172e-03 9.999949999999999672e-01 -2.780429999999999846e-01 9.605639999999999734e-01 -3.003000000000000027e-03 -9.605679999999999774e-01 -2.780440000000000134e-01 2.900000000000000017e-05
5.000000000000000000e+00 2.600000000000000000e+01 6.400000000000000000e+01 0.000000000000000000e+00 1.600000000000000089e+00 -1.179999999999999951e-04 -1.108999999999999960e-03 9.999989999999999712e-01 -3.682039999999999758e-01 9.297440000000000149e-01 9.879999999999999460e-04 -9.297450000000000436e-01 -3.682039999999999758e-01 -5.180000000000000143e-04
9.000000000000000000e+00 2.600000000000000000e+01 6.400000000000000000e+01 0.000000000000000000e+00 1.600000000000000089e+00 -1.062999999999999926e-03 -1.582000000000000073e-03 9.999980000000000535e-01 -3.682849999999999735e-01 9.297119999999999829e-01 1.080000000000000014e-03 -9.297119999999999829e-01 -3.682830000000000270e-01 -1.570999999999999914e-03
1.900000000000000000e+01 2.600000000000000000e+01 6.400000000000000000e+01 0.000000000000000000e+00 1.600000000000000089e+00 2.350999999999999791e-03 1.890000000000000133e-04 9.999970000000000248e-01 -3.670669999999999766e-01 9.301939999999999653e-01 6.870000000000000022e-04 -9.301920000000000188e-01 -3.670669999999999766e-01 2.256000000000000193e-03
2.400000000000000000e+01 2.600000000000000000e+01 6.400000000000000000e+01 0.000000000000000000e+00 1.600000000000000089e+00 -1.992999999999999980e-03 2.213999999999999822e-03 9.999959999999999960e-01 -3.710800000000000209e-01 9.285970000000000057e-01 -2.795999999999999874e-03 -9.285989999999999522e-01 -3.710840000000000249e-01 -1.028999999999999967e-03
2.700000000000000000e+01 2.600000000000000000e+01 6.400000000000000000e+01 0.000000000000000000e+00 1.600000000000000089e+00 -1.262000000000000101e-03 2.795999999999999874e-03 9.999949999999999672e-01 -3.716090000000000226e-01 9.283839999999999870e-01 -3.065000000000000016e-03 -9.283890000000000198e-01 -3.716110000000000246e-01 -1.330000000000000073e-04
1.300000000000000000e+01 6.900000000000000000e+01 6.600000000000000000e+01 0.000000000000000000e+00 1.600000000000000089e+00 1.598999999999999944e-03 1.330999999999999935e-03 9.999980000000000535e-01 -9.536670000000000424e-01 3.008609999999999896e-01 1.123999999999999999e-03 -3.008589999999999876e-01 -9.536670000000000424e-01 1.750999999999999952e-03
3.000000000000000000e+01 6.900000000000000000e+01 6.600000000000000000e+01 0.000000000000000000e+00 1.600000000000000089e+00 -7.674000000000000266e-03 -4.183000000000000086e-03 9.999620000000000175e-01 -9.507919999999999705e-01 3.097730000000000206e-01 -6.001000000000000258e-03 -3.097360000000000113e-01 -9.508010000000000073e-01 -6.354000000000000273e-03
7.000000000000000000e+00 2.500000000000000000e+01 7.300000000000000000e+01 0.000000000000000000e+00 1.600000000000000089e+00 -7.309999999999999875e-04 1.103999999999999947e-03 9.999989999999999712e-01 7.573029999999999484e-01 -6.530620000000000314e-01 1.273999999999999959e-03 6.530629999999999491e-01 7.573039999999999772e-01 -3.589999999999999984e-04
1.200000000000000000e+01 2.500000000000000000e+01 7.300000000000000000e+01 0.000000000000000000e+00 1.600000000000000089e+00 1.644999999999999978e-03 1.224999999999999960e-03 9.999980000000000535e-01 7.573499999999999677e-01 -6.530089999999999506e-01 -4.459999999999999989e-04 6.530070000000000041e-01 7.573490000000000499e-01 -2.001999999999999873e-03
1.700000000000000000e+01 2.500000000000000000e+01 7.300000000000000000e+01 0.000000000000000000e+00 1.600000000000000089e+00 -3.970000000000000005e-04 4.899999999999999842e-04 1.000000000000000000e+00 7.583509999999999973e-01 -6.518469999999999542e-01 6.199999999999999999e-04 6.518469999999999542e-01 7.583509999999999973e-01 -1.119999999999999983e-04
2.400000000000000000e+01 2.500000000000000000e+01 7.300000000000000000e+01 0.000000000000000000e+00 1.600000000000000089e+00 -4.310000000000000137e-04 1.515000000000000071e-03 9.999989999999999712e-01 7.542489999999999473e-01 -6.565879999999999495e-01 1.319999999999999993e-03 6.565889999999999782e-01 7.542480000000000295e-01 -8.589999999999999546e-04
2.800000000000000000e+01 2.500000000000000000e+01 7.300000000000000000e+01 0.000000000000000000e+00 1.600000000000000089e+00 -4.199999999999999768e-05 2.057999999999999934e-03 9.999980000000000535e-01 7.572609999999999619e-01 -6.531099999999999683e-01 1.374999999999999920e-03 6.531120000000000259e-01 7.572600000000000442e-01 -1.531000000000000026e-03
5.000000000000000000e+00 4.400000000000000000e+01 7.300000000000000000e+01 0.000000000000000000e+00 1.600000000000000089e+00 -9.349999999999999587e-04 -3.216999999999999808e-03 9.999940000000000495e-01 5.458999999999999964e-02 -9.985039999999999472e-01 -3.161999999999999880e-03 9.985079999999999512e-01 5.458699999999999664e-02 1.108999999999999960e-03
9.000000000000000000e+00 4.400000000000000000e+01 7.300000000000000000e+01 0.000000000000000000e+00 1.600000000000000089e+00 6.920000000000000153e-04 -2.618000000000000101e-03 9.999959999999999960e-01 5.392099999999999671e-02 -9.985420000000000407e-01 -2.651000000000000145e-03 9.985450000000000159e-01 5.392299999999999871e-02 -5.490000000000000088e-04
1.400000000000000000e+01 4.400000000000000000e+01 7.300000000000000000e+01 0.000000000000000000e+00 1.600000000000000089e+00 3.490000000000000263e-04 4.949999999999999973e-04 1.000000000000000000e+00 5.748799999999999744e-02 -9.983459999999999557e-01 4.739999999999999747e-04 9.983459999999999557e-01 5.748799999999999744e-02 -3.770000000000000022e-04
2.000000000000000000e+01 4.400000000000000000e+01 7.300000000000000000e+01 0.000000000000000000e+00 1.600000000000000089e+00 -6.459999999999999814e-04 -1.534999999999999906e-03 9.999989999999999712e-01 5.469500000000000056e-02 -9.985020000000000007e-01 -1.497999999999999983e-03 9.985030000000000294e-01 5.469399999999999956e-02 7.290000000000000473e-04
2.400000000000000000e+01 4.400000000000000000e+01 7.300000000000000000e+01 0.000000000000000000e+00 1.600000000000000089e+00 -2.590000000000000071e-04 -8.630000000000000518e-04 1.000000000000000000e+00 5.502499999999999752e-02 -9.984849999999999559e-01 -8.469999999999999881e-04 9.984849999999999559e-01 5.502400000000000346e-02 3.060000000000000111e-04
3.000000000000000000e+01 4.400000000000000000e+01 7.300000000000000000e+01 0.000000000000000000e+00 1.600000000000000089e+00 -1.335000000000000032e-03 -9.259999999999999568e-04 9.999989999999999712e-01 5.473499999999999893e-02 -9.985009999999999719e-01 -8.509999999999999769e-04 9.985000000000000542e-01 5.473299999999999693e-02 1.384000000000000031e-03
2.600000000000000000e+01 5.100000000000000000e+01 7.600000000000000000e+01 0.000000000000000000e+00 1.600000000000000089e+00 -1.729000000000000068e-03 1.820000000000000057e-04 -9.999989999999999712e-01 -4.004889999999999839e-01 -9.163019999999999499e-01 5.249999999999999676e-04 -9.163000000000000034e-01 4.004889999999999839e-01 1.657000000000000053e-03
7.000000000000000000e+00 9.100000000000000000e+01 7.600000000000000000e+01 0.000000000000000000e+00 1.600000000000000089e+00 -2.145000000000000205e-03 1.288000000000000082e-03 9.999970000000000248e-01 3.116720000000000046e-01 -9.501880000000000326e-01 1.892999999999999934e-03 9.501870000000000038e-01 3.116749999999999798e-01 1.636000000000000084e-03
1.100000000000000000e+01 9.100000000000000000e+01 7.600000000000000000e+01 0.000000000000000000e+00 1.600000000000000089e+00 -2.689999999999999791e-04 -1.590999999999999966e-03 9.999989999999999712e-01 3.203309999999999769e-01 -9.473049999999999526e-01 -1.420999999999999954e-03 9.473059999999999814e-01 3.203300000000000036e-01 7.649999999999999465e-04
