1.900000000000000000e+01 6.000000000000000000e+00 4.000000000000000000e+00 0.000000000000000000e+00 1.600000000000000089e+00 -1.227570000000000050e-01 -9.941500000000000337e-02 -9.874450000000000172e-01 -8.549949999999999495e-01 -4.945910000000000029e-01 1.560860000000000025e-01 -5.038989999999999858e-01 8.634209999999999940e-01 -2.428500000000000103e-02
2.000000000000000000e+00 1.500000000000000000e+01 4.000000000000000000e+00 0.000000000000000000e+00 1.600000000000000089e+00 1.040499999999999932e-02 -8.765699999999999881e-02 9.960959999999999814e-01 4.446939999999999782e-01 -8.918169999999999709e-01 -8.312500000000000444e-02 8.956220000000000292e-01 4.438230000000000230e-01 2.970100000000000171e-02
2.600000000000000000e+01 1.500000000000000000e+01 4.000000000000000000e+00 0.000000000000000000e+00 1.600000000000000089e+00 -4.979999999999999618e-04 -2.468000000000000055e-02 9.996950000000000003e-01 3.181229999999999891e-01 -9.477649999999999686e-01 -2.323899999999999924e-02 9.480490000000000306e-01 3.180149999999999921e-01 8.323000000000000537e-03
2.900000000000000000e+01 1.600000000000000000e+01 4.000000000000000000e+00 0.000000000000000000e+00 1.600000000000000089e+00 -1.150999999999999896e-03 -4.529000000000000040e-03 9.999890000000000168e-01 3.834730000000000083e-01 -9.235449999999999493e-01 -3.742000000000000100e-03 9.235510000000000108e-01 3.834650000000000003e-01 2.799999999999999972e-03
1.200000000000000000e+01 1.300000000000000000e+01 5.000000000000000000e+00 0.000000000000000000e+00 1.600000000000000089e+00 1.937300000000000133e-02 -1.091690000000000021e-01 9.938339999999999952e-01 3.674319999999999808e-01 -9.236849999999999783e-01 -1.086260000000000003e-01 9.298480000000000079e-01 3.672710000000000141e-01 2.221800000000000164e-02
1.100000000000000000e+01 1.000000000000000000e+00 6.000000000000000000e+00 0.000000000000000000e+00 1.600000000000000089e+00 2.050300000000000039e-02 -1.250890000000000057e-01 -9.919339999999999824e-01 -1.762829999999999953e-01 -9.770499999999999741e-01 1.195689999999999947e-01 -9.841259999999999453e-01 1.724090000000000067e-01 -4.208300000000000235e-02
1.100000000000000000e+01 1.010000000000000000e+02 7.000000000000000000e+00 0.000000000000000000e+00 1.600000000000000089e+00 1.680000000000000070e-03 -1.783200000000000063e-02 9.998399999999999510e-01 8.861759999999999637e-01 4.632979999999999876e-01 6.773999999999999640e-03 -4.633450000000000069e-01 8.860230000000000050e-01 1.658099999999999852e-02
2.500000000000000000e+01 1.010000000000000000e+02 7.000000000000000000e+00 0.000000000000000000e+00 1.600000000000000089e+00 -2.606999999999999942e-03 -7.187999999999999945e-03 9.999710000000000543e-01 8.860449999999999715e-01 4.635659999999999781e-01 5.642000000000000313e-03 -4.635929999999999773e-01 8.860329999999999595e-01 5.159999999999999656e-03
2.000000000000000000e+00 2.500000000000000000e+01 8.000000000000000000e+00 0.000000000000000000e+00 1.600000000000000089e+00 -8.899999999999999491e-05 -6.786000000000000365e-03 -9.999770000000000048e-01 4.401660000000000017e-01 8.978949999999999987e-01 -6.133000000000000430e-03 8.979160000000000474e-01 -4.401570000000000205e-01 2.906999999999999862e-03
6.000000000000000000e+00 2.500000000000000000e+01 8.000000000000000000e+00 0.000000000000000000e+00 1.600000000000000089e+00 7.900000000000000121e-04 -8.279999999999999600e-04 -9.999989999999999712e-01 4.401200000000000112e-01 8.979390000000000427e-01 -3.959999999999999762e-04 8.979390000000000427e-01 -4.401189999999999825e-01 1.072999999999999952e-03
9.000000000000000000e+00 2.500000000000000000e+01 8.000000000000000000e+00 0.000000000000000000e+00 1.600000000000000089e+00 1.090000000000000040e-03 3.983000000000000429e-03 -9.999919999999999920e-01 4.399230000000000085e-01 8.980259999999999909e-01 4.055999999999999710e-03 8.980350000000000277e-01 -4.399230000000000085e-01 -7.730000000000000326e-04
1.500000000000000000e+01 2.500000000000000000e+01 8.000000000000000000e+00 0.000000000000000000e+00 1.600000000000000089e+00 1.222999999999999912e-03 4.605999999999999851e-03 -9.999890000000000168e-01 4.393699999999999828e-01 8.982940000000000369e-01 4.675000000000000336e-03 8.983050000000000201e-01 -4.393710000000000115e-01 -9.250000000000000409e-04
2.000000000000000000e+01 2.500000000000000000e+01 8.000000000000000000e+00 0.000000000000000000e+00 1.600000000000000089e+00 6.740000000000000114e-04 -4.422999999999999848e-03 -9.999900000000000455e-01 4.407969999999999944e-01 8.975990000000000357e-01 -3.673000000000000050e-03 8.976060000000000150e-01 -4.407900000000000151e-01 2.553999999999999847e-03
2.600000000000000000e+01 2.500000000000000000e+01 8.000000000000000000e+00 0.000000000000000000e+00 1.600000000000000089e+00 -2.135000000000000179e-03 -1.742999999999999975e-03 -9.999959999999999960e-01 4.403079999999999772e-01 8.978429999999999467e-01 -2.504999999999999848e-03 8.978439999999999754e-01 -4.403119999999999812e-01 -1.149000000000000065e-03
1.000000000000000000e+00 2.400000000000000000e+01 9.000000000000000000e+00 0.000000000000000000e+00 1.600000000000000089e+00 6.849999999999999535e-04 -8.066000000000000253e-03 -9.999670000000000503e-01 4.481800000000000228e-01 8.939169999999999616e-01 -6.903000000000000282e-03 8.939430000000000431e-01 -4.481609999999999761e-01 4.226999999999999855e-03
5.000000000000000000e+00 2.400000000000000000e+01 9.000000000000000000e+00 0.000000000000000000e+00 1.600000000000000089e+00 6.070000000000000092e-04 -3.161999999999999880e-03 -9.999949999999999672e-01 4.476559999999999984e-01 8.942020000000000524e-01 -2.556000000000000112e-03 8.942059999999999453e-01 -4.476519999999999944e-01 1.958000000000000105e-03
1.000000000000000000e+01 2.400000000000000000e+01 9.000000000000000000e+00 0.000000000000000000e+00 1.600000000000000089e+00 8.229999999999999469e-04 5.265999999999999848e-03 -9.999860000000000415e-01 4.464170000000000083e-01 8.948110000000000230e-01 5.079000000000000181e-03 8.948249999999999815e-01 -4.464150000000000063e-01 -1.613999999999999983e-03
1.600000000000000000e+01 2.400000000000000000e+01 9.000000000000000000e+00 0.000000000000000000e+00 1.600000000000000089e+00 9.229999999999999923e-04 3.418000000000000031e-03 -9.999940000000000495e-01 4.460950000000000193e-01 8.949789999999999690e-01 3.469999999999999994e-03 8.949850000000000305e-01 -4.460950000000000193e-01 -6.980000000000000527e-04
2.600000000000000000e+01 2.400000000000000000e+01 9.000000000000000000e+00 0.000000000000000000e+00 1.600000000000000089e+00 -1.422000000000000087e-03 -2.825999999999999953e-03 -9.999949999999999672e-01 4.456220000000000181e-01 8.952160000000000117e-01 -3.163000000000000013e-03 8.952200000000000157e-01 -4.456240000000000201e-01 -1.399999999999999979e-05
3.000000000000000000e+00 7.000000000000000000e+00 1.000000000000000000e+01 0.000000000000000000e+00 1.600000000000000089e+00 -1.304899999999999949e-01 -8.030500000000000138e-02 -9.881919999999999593e-01 -9.402800000000000047e-01 -3.060439999999999827e-01 1.490339999999999998e-01 -3.143980000000000108e-01 9.486240000000000228e-01 -3.557300000000000045e-02
1.200000000000000000e+01 3.200000000000000000e+01 1.400000000000000000e+01 0.000000000000000000e+00 1.600000000000000089e+00 -1.327999999999999970e-03 -4.120000000000000398e-03 -9.999909999999999632e-01 1.263340000000000019e-01 9.919790000000000552e-01 -4.255000000000000102e-03 9.919869999999999521e-01 -1.263380000000000059e-01 -7.969999999999999654e-04
2.300000000000000000e+01 3.200000000000000000e+01 1.400000000000000000e+01 0.000000000000000000e+00 1.600000000000000089e+00 -1.039999999999999936e-04 1.892000000000000019e-03 -9.999980000000000535e-01 1.160709999999999936e-01 9.932389999999999830e-01 1.866999999999999953e-03 9.932410000000000405e-01 -1.160709999999999936e-01 -3.229999999999999907e-04
2.700000000000000000e+01 3.200000000000000000e+01 1.400000000000000000e+01 0.000000000000000000e+00 1.600000000000000089e+00 -1.050000000000000044e-04 1.629000000000000023e-03 -9.999989999999999712e-01 1.167060000000000042e-01 9.931649999999999645e-01 1.606000000000000006e-03 9.931670000000000220e-01 -1.167050000000000032e-01 -2.950000000000000148e-04
9.000000000000000000e+00 1.200000000000000000e+01 1.500000000000000000e+01 0.000000000000000000e+00 1.600000000000000089e+00 1.136999999999999990e-02 1.705100000000000018e-02 -9.997899999999999565e-01 -4.021640000000000215e-01 -9.153449999999999642e-01 -2.018500000000000155e-02 -9.154970000000000052e-01 4.023090000000000277e-01 -3.550000000000000204e-03
1.600000000000000000e+01 1.200000000000000000e+01 1.500000000000000000e+01 0.000000000000000000e+00 1.600000000000000089e+00 1.866999999999999953e-03 -4.279999999999999950e-03 -9.999890000000000168e-01 -4.336849999999999872e-01 -9.010590000000000543e-01 3.046000000000000096e-03 -9.010629999999999473e-01 4.336749999999999772e-01 -3.539000000000000045e-03
2.000000000000000000e+01 1.200000000000000000e+01 1.500000000000000000e+01 0.000000000000000000e+00 1.600000000000000089e+00 3.665999999999999988e-03 -3.235000000000000028e-03 -9.999879999999999880e-01 -4.461370000000000058e-01 -8.949639999999999818e-01 1.260000000000000052e-03 -8.949570000000000025e-01 4.461269999999999958e-01 -4.725000000000000033e-03
7.000000000000000000e+00 1.160000000000000000e+02 1.600000000000000000e+01 0.000000000000000000e+00 1.600000000000000089e+00 9.569999999999999514e-04 1.614999999999999899e-03 9.999980000000000535e-01 7.018280000000000074e-01 7.123450000000000060e-01 -1.822000000000000052e-03 -7.123460000000000347e-01 7.018280000000000074e-01 -4.510000000000000120e-04
2.900000000000000000e+01 1.160000000000000000e+02 1.600000000000000000e+01 0.000000000000000000e+00 1.600000000000000089e+00 -4.110000000000000155e-04 3.139999999999999888e-04 1.000000000000000000e+00 7.126670000000000504e-01 7.015019999999999589e-01 7.299999999999999903e-05 -7.015019999999999589e-01 7.126670000000000504e-01 -5.119999999999999768e-04
5.000000000000000000e+00 2.000000000000000000e+00 1.900000000000000000e+01 0.000000000000000000e+00 1.600000000000000089e+00 5.569000000000000165e-03 -4.317000000000000004e-02 -9.990520000000000511e-01 3.529689999999999772e-01 -9.346759999999999513e-01 4.235599999999999782e-02 -9.356179999999999497e-01 -3.528700000000000170e-01 1.003300000000000025e-02
8.000000000000000000e+00 2.000000000000000000e+00 1.900000000000000000e+01 0.000000000000000000e+00 1.600000000000000089e+00 -1.629999999999999939e-03 -6.668699999999999628e-02 -9.977730000000000210e-01 3.410560000000000258e-01 -9.379870000000000152e-01 6.213400000000000173e-02 -9.400420000000000442e-01 -3.401950000000000252e-01 2.427299999999999944e-02
1.300000000000000000e+01 2.000000000000000000e+00 1.900000000000000000e+01 0.000000000000000000e+00 1.600000000000000089e+00 -2.806200000000000014e-02 -6.825299999999999423e-02 -9.972729999999999650e-01 3.122329999999999828e-01 -9.483470000000000510e-01 5.611800000000000122e-02 -9.495909999999999629e-01 -3.098069999999999991e-01 4.792400000000000132e-02
1.600000000000000000e+01 2.000000000000000000e+00 1.900000000000000000e+01 0.000000000000000000e+00 1.600000000000000089e+00 -3.800400000000000306e-02 -6.872899999999999843e-02 -9.969109999999999916e-01 2.884869999999999934e-01 -9.559079999999999799e-01 5.490500000000000241e-02 -9.567290000000000516e-01 -2.855090000000000128e-01 5.615499999999999658e-02
2.100000000000000000e+01 2.000000000000000000e+00 1.900000000000000000e+01 0.000000000000000000e+00 1.600000000000000089e+00 -3.869500000000000023e-02 -6.787200000000000177e-02 -9.969430000000000236e-01 2.351850000000000052e-01 -9.702819999999999778e-01 5.692799999999999944e-02 -9.711800000000000432e-01 -2.322629999999999972e-01 5.350800000000000001e-02
2.500000000000000000e+01 2.000000000000000000e+00 1.900000000000000000e+01 0.000000000000000000e+00 1.600000000000000089e+00 -2.628499999999999934e-02 -5.993600000000000316e-02 -9.978559999999999652e-01 2.057319999999999982e-01 -9.771570000000000533e-01 5.327300000000000091e-02 -9.782549999999999857e-01 -2.038909999999999889e-01 3.801500000000000018e-02
2.000000000000000000e+00 3.000000000000000000e+00 1.900000000000000000e+01 0.000000000000000000e+00 1.600000000000000089e+00 1.241500000000000069e-02 -1.569500000000000062e-02 -9.998000000000000220e-01 3.308650000000000202e-01 -9.434879999999999933e-01 1.891899999999999832e-02 -9.435959999999999903e-01 -3.310339999999999949e-01 -6.519999999999999754e-03
7.000000000000000000e+00 3.000000000000000000e+00 1.900000000000000000e+01 0.000000000000000000e+00 1.600000000000000089e+00 -1.016999999999999892e-03 -4.926200000000000023e-02 -9.987850000000000339e-01 3.208030000000000048e-01 -9.460119999999999640e-01 4.633299999999999919e-02 -9.471450000000000147e-01 -3.203670000000000129e-01 1.676499999999999865e-02
1.200000000000000000e+01 3.000000000000000000e+00 1.900000000000000000e+01 0.000000000000000000e+00 1.600000000000000089e+00 -2.762699999999999878e-02 -6.737200000000000133e-02 -9.973450000000000371e-01 3.022699999999999831e-01 -9.515820000000000389e-01 5.590699999999999836e-02 -9.528219999999999468e-01 -2.999229999999999952e-01 4.665400000000000102e-02
8.000000000000000000e+00 4.000000000000000000e+00 2.000000000000000000e+01 0.000000000000000000e+00 1.600000000000000089e+00 -1.923999999999999929e-03 -2.915900000000000089e-02 -9.995730000000000448e-01 3.367820000000000258e-01 -9.412009999999999543e-01 2.680799999999999850e-02 -9.415810000000000013e-01 -3.365870000000000251e-01 1.163100000000000071e-02
1.000000000000000000e+00 1.300000000000000000e+01 2.000000000000000000e+01 0.000000000000000000e+00 1.600000000000000089e+00 -2.638999999999999853e-03 -1.568500000000000102e-02 9.998740000000000405e-01 2.593329999999999802e-01 9.656580000000000163e-01 1.583299999999999985e-02 -9.657839999999999758e-01 2.593420000000000170e-01 1.518999999999999951e-03
5.000000000000000000e+00 1.300000000000000000e+01 2.000000000000000000e+01 0.000000000000000000e+00 1.600000000000000089e+00 -2.056000000000000102e-03 -9.317000000000000628e-03 9.999540000000000095e-01 2.621600000000000041e-01 9.649769999999999737e-01 9.530000000000000276e-03 -9.650220000000000464e-01 2.621669999999999834e-01 4.580000000000000195e-04
1.000000000000000000e+01 1.300000000000000000e+01 2.000000000000000000e+01 0.000000000000000000e+00 1.600000000000000089e+00 -1.219999999999999974e-04 -3.223000000000000170e-03 9.999949999999999672e-01 2.647700000000000053e-01 9.643070000000000253e-01 3.139999999999999996e-03 -9.643119999999999470e-01 2.647689999999999766e-01 7.349999999999999763e-04
1.500000000000000000e+01 1.300000000000000000e+01 2.000000000000000000e+01 0.000000000000000000e+00 1.600000000000000089e+00 7.140000000000000079e-04 2.844999999999999873e-03 9.999959999999999960e-01 2.642050000000000232e-01 9.644620000000000415e-01 -2.932999999999999843e-03 -9.644660000000000455e-01 2.642059999999999964e-01 -6.299999999999999990e-05
1.800000000000000000e+01 1.300000000000000000e+01 2.000000000000000000e+01 0.000000000000000000e+00 1.600000000000000089e+00 3.739999999999999835e-04 -4.389999999999999914e-04 1.000000000000000000e+00 2.629830000000000223e-01 9.647999999999999909e-01 3.249999999999999851e-04 -9.647999999999999909e-01 2.629830000000000223e-01 4.760000000000000234e-04
2.200000000000000000e+01 1.300000000000000000e+01 2.000000000000000000e+01 0.000000000000000000e+00 1.600000000000000089e+00 -1.230000000000000082e-04 -4.807999999999999774e-03 9.999879999999999880e-01 2.646899999999999809e-01 9.643220000000000125e-01 4.669000000000000407e-03 -9.643340000000000245e-01 2.646870000000000056e-01 1.154000000000000078e-03
2.700000000000000000e+01 1.300000000000000000e+01 2.000000000000000000e+01 0.000000000000000000e+00 1.600000000000000089e+00 -2.400000000000000061e-05 4.090000000000000211e-04 1.000000000000000000e+00 2.646870000000000056e-01 9.643340000000000245e-01 -3.879999999999999985e-04 -9.643340000000000245e-01 2.646870000000000056e-01 -1.320000000000000101e-04
4.000000000000000000e+00 3.000000000000000000e+00 2.500000000000000000e+01 0.000000000000000000e+00 1.600000000000000089e+00 -5.908000000000000057e-03 5.970999999999999745e-03 9.999649999999999928e-01 -4.087400000000000061e-02 -9.991480000000000361e-01 5.723999999999999921e-03 9.991470000000000073e-01 -4.083900000000000030e-02 6.146999999999999686e-03
1.900000000000000000e+01 3.000000000000000000e+00 2.500000000000000000e+01 0.000000000000000000e+00 1.600000000000000089e+00 1.484000000000000076e-03 6.930000000000000396e-04 9.999989999999999712e-01 -4.024599999999999705e-02 -9.991889999999999938e-01 7.519999999999999558e-04 9.991889999999999938e-01 -4.024699999999999805e-02 -1.454999999999999913e-03
2.700000000000000000e+01 3.000000000000000000e+00 2.500000000000000000e+01 0.000000000000000000e+00 1.600000000000000089e+00 -2.317000000000000049e-03 -7.863999999999999463e-03 9.999660000000000215e-01 -4.043499999999999872e-02 -9.991510000000000113e-01 -7.950999999999999734e-03 9.991790000000000393e-01 -4.045200000000000184e-02 1.997000000000000077e-03
5.000000000000000000e+00 4.600000000000000000e+01 2.700000000000000000e+01 0.000000000000000000e+00 1.600000000000000089e+00 -5.890000000000000053e-04 -2.782999999999999884e-03 -9.999959999999999960e-01 6.796259999999999524e-01 7.335540000000000393e-01 -2.442000000000000160e-03 7.335580000000000434e-01 -6.796250000000000346e-01 1.459999999999999926e-03
1.400000000000000000e+01 4.600000000000000000e+01 2.700000000000000000e+01 0.000000000000000000e+00 1.600000000000000089e+00 -4.889999999999999599e-04 2.207000000000000194e-03 -9.999970000000000248e-01 6.779669999999999863e-01 7.350910000000000499e-01 1.291000000000000047e-03 7.350919999999999677e-01 -6.779640000000000111e-01 -1.856000000000000011e-03
2.600000000000000000e+01 4.600000000000000000e+01 2.700000000000000000e+01 0.000000000000000000e+00 1.600000000000000089e+00 -1.748999999999999904e-03 -9.030000000000000483e-04 -9.999980000000000535e-01 6.766440000000000232e-01 7.363079999999999625e-01 -1.848999999999999949e-03 7.363079999999999625e-01 -6.766459999999999697e-01 -6.769999999999999759e-04
1.600000000000000000e+01 4.600000000000000000e+01 3.000000000000000000e+01 0.000000000000000000e+00 1.600000000000000089e+00 -2.860000000000000129e-04 2.157000000000000063e-03 -9.999980000000000535e-01 3.314199999999999924e-01 9.434810000000000141e-01 1.941000000000000017e-03 9.434829999999999606e-01 -3.314179999999999904e-01 -9.849999999999999815e-04
3.000000000000000000e+00 5.800000000000000000e+01 3.100000000000000000e+01 0.000000000000000000e+00 1.600000000000000089e+00 1.412999999999999977e-03 3.263999999999999974e-03 9.999940000000000495e-01 -8.105689999999999840e-01 -5.856350000000000167e-01 3.056999999999999822e-03 5.856409999999999672e-01 -8.105689999999999840e-01 1.817999999999999955e-03
7.000000000000000000e+00 5.800000000000000000e+01 3.100000000000000000e+01 0.000000000000000000e+00 1.600000000000000089e+00 3.413999999999999934e-03 3.995000000000000287e-03 9.999860000000000415e-01 -8.096529999999999561e-01 -5.868860000000000188e-01 5.108999999999999826e-03 5.868980000000000308e-01 -8.096600000000000463e-01 1.229999999999999974e-03
1.400000000000000000e+01 5.800000000000000000e+01 3.100000000000000000e+01 0.000000000000000000e+00 1.600000000000000089e+00 -2.027999999999999855e-03 -4.793000000000000385e-03 9.999869999999999592e-01 -8.146050000000000235e-01 -5.799990000000000423e-01 -4.432000000000000176e-03 5.800130000000000008e-01 -8.146029999999999660e-01 -2.727999999999999956e-03
1.900000000000000000e+01 5.800000000000000000e+01 3.100000000000000000e+01 0.000000000000000000e+00 1.600000000000000089e+00 2.347999999999999827e-03 1.033000000000000064e-03 9.999970000000000248e-01 -8.149290000000000145e-01 -5.795550000000000423e-01 2.511999999999999910e-03 5.795559999999999601e-01 -8.149319999999999897e-01 -5.180000000000000143e-04
2.300000000000000000e+01 5.800000000000000000e+01 3.100000000000000000e+01 0.000000000000000000e+00 1.600000000000000089e+00 -1.144000000000000052e-03 -3.053999999999999857e-03 9.999949999999999672e-01 -8.153559999999999697e-01 -5.789539999999999687e-01 -2.700999999999999842e-03 5.789590000000000014e-01 -8.153550000000000519e-01 -1.827000000000000065e-03
2.900000000000000000e+01 5.800000000000000000e+01 3.100000000000000000e+01 0.000000000000000000e+00 1.600000000000000089e+00 -3.069999999999999812e-04 9.560000000000000355e-04 1.000000000000000000e+00 -8.132700000000000484e-01 -5.818870000000000431e-01 3.069999999999999812e-04 5.818870000000000431e-01 -8.132690000000000197e-01 9.569999999999999514e-04
2.000000000000000000e+00 4.600000000000000000e+01 3.500000000000000000e+01 0.000000000000000000e+00 1.600000000000000089e+00 -5.550000000000000462e-04 3.327999999999999795e-03 -9.999940000000000495e-01 3.907079999999999997e-01 -9.205090000000000217e-01 -3.281000000000000062e-03 -9.205149999999999721e-01 -3.907079999999999997e-01 -7.889999999999999878e-04
4.000000000000000000e+00 4.600000000000000000e+01 3.500000000000000000e+01 0.000000000000000000e+00 1.600000000000000089e+00 -1.340000000000000045e-04 1.964000000000000034e-03 -9.999980000000000535e-01 3.904830000000000245e-01 -9.206079999999999819e-01 -1.861000000000000024e-03 -9.206100000000000394e-01 -3.904819999999999958e-01 -6.440000000000000412e-04
1.200000000000000000e+01 4.600000000000000000e+01 3.500000000000000000e+01 0.000000000000000000e+00 1.600000000000000089e+00 -6.700000000000000226e-04 -9.799999999999999684e-05 -1.000000000000000000e+00 3.912109999999999754e-01 -9.203010000000000357e-01 -1.720000000000000066e-04 -9.203010000000000357e-01 -3.912109999999999754e-01 6.549999999999999833e-04
1.600000000000000000e+01 4.600000000000000000e+01 3.500000000000000000e+01 0.000000000000000000e+00 1.600000000000000089e+00 6.679999999999999740e-04 5.066000000000000190e-03 -9.999869999999999592e-01 3.906789999999999985e-01 -9.205160000000000009e-01 -4.401999999999999663e-03 -9.205269999999999841e-01 -3.906709999999999905e-01 -2.593999999999999952e-03
2.400000000000000000e+01 4.600000000000000000e+01 3.500000000000000000e+01 0.000000000000000000e+00 1.600000000000000089e+00 -1.330000000000000073e-04 -2.559999999999999884e-04 -1.000000000000000000e+00 3.927080000000000015e-01 -9.196630000000000082e-01 1.830000000000000029e-04 -9.196630000000000082e-01 -3.927080000000000015e-01 2.229999999999999994e-04
3.000000000000000000e+01 4.600000000000000000e+01 3.500000000000000000e+01 0.000000000000000000e+00 1.600000000000000089e+00 -1.227999999999999925e-03 -5.475999999999999965e-03 -9.999839999999999840e-01 3.919989999999999863e-01 -9.199540000000000495e-01 4.557000000000000287e-03 -9.199650000000000327e-01 -3.919869999999999743e-01 3.275999999999999832e-03
9.000000000000000000e+00 9.500000000000000000e+01 3.600000000000000000e+01 0.000000000000000000e+00 1.600000000000000089e+00 2.900000000000000017e-04 6.160999999999999810e-03 9.999810000000000088e-01 9.967369999999999841e-01 8.071599999999999608e-02 -7.870000000000000476e-04 -8.071899999999999908e-02 9.967179999999999929e-01 -6.118000000000000174e-03
1.200000000000000000e+01 9.500000000000000000e+01 3.600000000000000000e+01 0.000000000000000000e+00 1.600000000000000089e+00 -2.699999999999999899e-05 -8.522000000000000061e-03 9.999639999999999640e-01 9.967249999999999721e-01 8.086799999999999544e-02 7.159999999999999481e-04 -8.087099999999999844e-02 9.966880000000000184e-01 8.491999999999999549e-03
2.000000000000000000e+01 9.500000000000000000e+01 3.600000000000000000e+01 0.000000000000000000e+00 1.600000000000000089e+00 -3.370000000000000166e-03 -1.960900000000000143e-02 9.998019999999999685e-01 9.967380000000000129e-01 8.055800000000000460e-02 4.938999999999999814e-03 -8.063900000000000234e-02 9.965570000000000261e-01 1.927399999999999947e-02
1.500000000000000000e+01 3.000000000000000000e+00 4.300000000000000000e+01 0.000000000000000000e+00 1.600000000000000089e+00 -1.580000000000000024e-03 -1.991999999999999847e-03 -9.999970000000000248e-01 7.372159999999999824e-01 -6.756569999999999521e-01 1.810000000000000085e-04 -6.756550000000000056e-01 -7.372130000000000072e-01 2.536000000000000060e-03
2.600000000000000000e+01 3.000000000000000000e+00 4.300000000000000000e+01 0.000000000000000000e+00 1.600000000000000089e+00 4.021000000000000268e-03 8.689999999999999808e-04 -9.999909999999999632e-01 7.283089999999999842e-01 -6.852449999999999930e-01 2.333000000000000004e-03 -6.852369999999999850e-01 -7.283119999999999594e-01 -3.387999999999999953e-03
5.000000000000000000e+00 2.900000000000000000e+01 4.400000000000000000e+01 0.000000000000000000e+00 1.600000000000000089e+00 -1.191000000000000001e-03 4.288000000000000145e-03 -9.999900000000000455e-01 6.634809999999999874e-01 7.481889999999999930e-01 2.418000000000000010e-03 7.481919999999999682e-01 -6.634719999999999507e-01 -3.736000000000000171e-03
3.000000000000000000e+01 2.900000000000000000e+01 4.400000000000000000e+01 0.000000000000000000e+00 1.600000000000000089e+00 -5.962000000000000285e-03 -3.735000000000000039e-03 -9.999749999999999472e-01 6.803529999999999855e-01 7.328529999999999767e-01 -6.793999999999999692e-03 7.328609999999999847e-01 -6.803759999999999808e-01 -1.827999999999999981e-03
1.100000000000000000e+01 5.400000000000000000e+01 4.600000000000000000e+01 0.000000000000000000e+00 1.600000000000000089e+00 4.429999999999999802e-04 3.174000000000000172e-03 9.999949999999999672e-01 2.896639999999999771e-01 -9.571239999999999748e-01 2.909000000000000127e-03 9.571279999999999788e-01 2.896610000000000018e-01 -1.343999999999999926e-03
8.000000000000000000e+00 5.000000000000000000e+00 5.100000000000000000e+01 0.000000000000000000e+00 1.600000000000000089e+00 -2.086999999999999880e-03 2.857999999999999863e-03 -9.999940000000000495e-01 4.823500000000000010e-01 -8.759719999999999729e-01 -3.510000000000000099e-03 -8.759759999999999769e-01 -4.823540000000000050e-01 4.490000000000000176e-04
1.400000000000000000e+01 5.000000000000000000e+00 5.100000000000000000e+01 0.000000000000000000e+00 1.600000000000000089e+00 1.240999999999999916e-03 1.969999999999999963e-03 -9.999970000000000248e-01 4.905180000000000096e-01 -8.714309999999999556e-01 -1.106999999999999911e-03 -8.714300000000000379e-01 -4.905149999999999788e-01 -2.047999999999999907e-03
1.000000000000000000e+00 6.000000000000000000e+00 5.100000000000000000e+01 0.000000000000000000e+00 1.600000000000000089e+00 6.620000000000000450e-04 -3.720999999999999915e-03 -9.999930000000000208e-01 3.130260000000000264e-01 -9.497370000000000534e-01 3.740999999999999968e-03 -9.497440000000000326e-01 -3.130260000000000264e-01 5.360000000000000181e-04
1.200000000000000000e+01 6.300000000000000000e+01 5.400000000000000000e+01 0.000000000000000000e+00 1.600000000000000089e+00 -1.283999999999999985e-03 -3.157000000000000084e-03 9.999940000000000495e-01 -3.534649999999999737e-01 9.354440000000000532e-01 2.498999999999999919e-03 -9.354470000000000285e-01 -3.534599999999999964e-01 -2.317000000000000049e-03
1.600000000000000000e+01 6.300000000000000000e+01 5.400000000000000000e+01 0.000000000000000000e+00 1.600000000000000089e+00 -1.649999999999999991e-04 -5.619999999999999996e-04 1.000000000000000000e+00 -3.473990000000000133e-01 9.377170000000000227e-01 4.699999999999999859e-04 -9.377170000000000227e-01 -3.473990000000000133e-01 -3.499999999999999964e-04
2.300000000000000000e+01 6.300000000000000000e+01 5.400000000000000000e+01 0.000000000000000000e+00 1.600000000000000089e+00 6.239999999999999887e-04 7.619999999999999820e-04 1.000000000000000000e+00 -3.477430000000000243e-01 9.375900000000000345e-01 -4.979999999999999618e-04 -9.375900000000000345e-01 -3.477430000000000243e-01 8.509999999999999769e-04
5.000000000000000000e+00 2.500000000000000000e+01 5.500000000000000000e+01 0.000000000000000000e+00 1.600000000000000089e+00 6.059999999999999849e-04 3.795000000000000196e-03 -9.999930000000000208e-01 -1.487400000000000007e-02 -9.998820000000000485e-01 -3.804000000000000090e-03 -9.998890000000000278e-01 1.487600000000000033e-02 -5.490000000000000088e-04
1.000000000000000000e+01 2.500000000000000000e+01 5.500000000000000000e+01 0.000000000000000000e+00 1.600000000000000089e+00 -1.128000000000000096e-03 3.792999999999999931e-03 -9.999919999999999920e-01 -1.378099999999999985e-02 -9.998979999999999535e-01 -3.776999999999999975e-03 -9.999040000000000150e-01 1.377600000000000005e-02 1.180000000000000059e-03
1.800000000000000000e+01 2.500000000000000000e+01 5.500000000000000000e+01 0.000000000000000000e+00 1.600000000000000089e+00 4.350000000000000026e-04 -2.713000000000000134e-03 -9.999959999999999960e-01 -1.400500000000000009e-02 -9.998979999999999535e-01 2.706000000000000072e-03 -9.999019999999999575e-01 1.400400000000000082e-02 -4.730000000000000046e-04
2.200000000000000000e+01 2.500000000000000000e+01 5.500000000000000000e+01 0.000000000000000000e+00 1.600000000000000089e+00 -5.940000000000000184e-04 2.115999999999999825e-03 -9.999980000000000535e-01 -1.271500000000000061e-02 -9.999169999999999447e-01 -2.108000000000000065e-03 -9.999190000000000023e-01 1.271399999999999961e-02 6.210000000000000242e-04
2.900000000000000000e+01 2.500000000000000000e+01 5.500000000000000000e+01 0.000000000000000000e+00 1.600000000000000089e+00 8.700000000000000051e-04 -9.920000000000000432e-04 -9.999989999999999712e-01 -1.031100000000000072e-02 -9.999460000000000015e-01 9.829999999999999329e-04 -9.999460000000000015e-01 1.030999999999999972e-02 -8.800000000000000313e-04
3.000000000000000000e+00 2.100000000000000000e+01 6.000000000000000000e+01 0.000000000000000000e+00 1.600000000000000089e+00 4.562000000000000083e-03 -5.503000000000000079e-03 9.999740000000000295e-01 -9.817900000000000238e-02 9.951510000000000078e-01 5.924999999999999711e-03 -9.951579999999999870e-01 -9.820399999999999963e-02 4.000000000000000083e-03
7.000000000000000000e+00 2.100000000000000000e+01 6.000000000000000000e+01 0.000000000000000000e+00 1.600000000000000089e+00 4.270999999999999623e-03 -1.762000000000000025e-02 9.998359999999999470e-01 -1.013109999999999983e-01 9.946930000000000494e-01 1.796199999999999880e-02 -9.948460000000000081e-01 -1.013710000000000028e-01 2.464000000000000044e-03
1.300000000000000000e+01 2.100000000000000000e+01 6.000000000000000000e+01 0.000000000000000000e+00 1.600000000000000089e+00 -2.211999999999999991e-03 2.073999999999999889e-03 9.999949999999999672e-01 -9.581900000000000139e-02 9.953959999999999475e-01 -2.275999999999999811e-03 -9.953959999999999475e-01 -9.582400000000000639e-02 -2.003000000000000006e-03
2.000000000000000000e+01 6.000000000000000000e+00 6.100000000000000000e+01 0.000000000000000000e+00 1.600000000000000089e+00 -6.819999999999999890e-04 1.111999999999999924e-03 9.999989999999999712e-01 5.665810000000000013e-01 -8.240049999999999875e-01 1.302999999999999905e-03 8.240060000000000162e-01 5.665810000000000013e-01 -6.799999999999999946e-05
2.700000000000000000e+01 3.000000000000000000e+00 6.300000000000000000e+01 0.000000000000000000e+00 1.600000000000000089e+00 2.968999999999999851e-03 -3.655999999999999962e-03 9.999890000000000168e-01 -6.143340000000000467e-01 7.890319999999999556e-01 4.708999999999999644e-03 -7.890409999999999924e-01 -6.143410000000000259e-01 9.699999999999999963e-05
3.000000000000000000e+00 2.700000000000000000e+01 6.300000000000000000e+01 0.000000000000000000e+00 1.600000000000000089e+00 1.894999999999999983e-03 -3.432999999999999854e-03 9.999919999999999920e-01 -2.734280000000000044e-01 9.618849999999999900e-01 3.820000000000000045e-03 -9.618910000000000515e-01 -2.734329999999999816e-01 8.840000000000000201e-04
1.100000000000000000e+01 2.700000000000000000e+01 6.300000000000000000e+01 0.000000000000000000e+00 1.600000000000000089e+00 4.444000000000000034e-03 8.054999999999999660e-03 9.999580000000000135e-01 -2.732310000000000016e-01 9.619259999999999478e-01 -6.535000000000000010e-03 -9.619379999999999598e-01 -2.731910000000000172e-01 6.474999999999999853e-03
2.000000000000000000e+01 2.700000000000000000e+01 6.300000000000000000e+01 0.000000000000000000e+00 1.600000000000000089e+00 -3.625999999999999883e-03 -8.207000000000000753e-03 9.999599999999999600e-01 -2.730210000000000137e-01 9.619830000000000325e-01 6.904999999999999680e-03 -9.620009999999999950e-01 -2.729849999999999777e-01 -5.728999999999999718e-03
4.000000000000000000e+00 2.600000000000000000e+01 6.400000000000000000e+01 0.000000000000000000e+00 1.600000000000000089e+00 2.661000000000000171e-03 -1.613000000000000067e-03 9.999949999999999672e-01 -3.551690000000000125e-01 9.347990000000000466e-01 2.452999999999999885e-03 -9.347980000000000178e-01 -3.551739999999999897e-01 1.913999999999999903e-03
7.000000000000000000e+00 2.600000000000000000e+01 6.400000000000000000e+01 0.000000000000000000e+00 1.600000000000000089e+00 4.287000000000000012e-03 4.041000000000000321e-03 9.999829999999999552e-01 -3.565789999999999793e-01 9.342629999999999546e-01 -2.246000000000000166e-03 -9.342549999999999466e-01 -3.565630000000000188e-01 5.446000000000000320e-03
1.300000000000000000e+01 2.600000000000000000e+01 6.400000000000000000e+01 0.000000000000000000e+00 1.600000000000000089e+00 3.739000000000000136e-03 5.761999999999999761e-03 9.999759999999999760e-01 -3.541159999999999863e-01 9.351930000000000520e-01 -4.065000000000000037e-03 -9.351939999999999698e-01 -3.540929999999999911e-01 5.537000000000000255e-03
2.100000000000000000e+01 2.600000000000000000e+01 6.400000000000000000e+01 0.000000000000000000e+00 1.600000000000000089e+00 -4.274000000000000021e-03 -1.082299999999999929e-02 9.999320000000000430e-01 -3.547810000000000130e-01 9.349100000000000188e-01 8.602999999999999536e-03 -9.349399999999999933e-01 -3.547199999999999798e-01 -7.835999999999999216e-03
9.000000000000000000e+00 6.900000000000000000e+01 6.600000000000000000e+01 0.000000000000000000e+00 1.600000000000000089e+00 1.154000000000000078e-03 -2.089999999999999844e-03 9.999970000000000248e-01 -9.487409999999999455e-01 3.160499999999999976e-01 1.755000000000000050e-03 -3.160519999999999996e-01 -9.487400000000000277e-01 -1.618000000000000081e-03
1.300000000000000000e+01 2.500000000000000000e+01 7.300000000000000000e+01 0.000000000000000000e+00 1.600000000000000089e+00 1.010000000000000020e-04 -1.675999999999999972e-03 9.999989999999999712e-01 7.481959999999999722e-01 -6.634769999999999834e-01 -1.186999999999999904e-03 6.634780000000000122e-01 7.481950000000000545e-01 1.186999999999999904e-03
1.800000000000000000e+01 2.500000000000000000e+01 7.300000000000000000e+01 0.000000000000000000e+00 1.600000000000000089e+00 8.710000000000000294e-04 7.572999999999999871e-03 9.999710000000000543e-01 7.533699999999999841e-01 -6.575830000000000286e-01 4.323999999999999719e-03 6.575959999999999583e-01 7.533440000000000136e-01 -6.277999999999999726e-03
3.000000000000000000e+00 4.400000000000000000e+01 7.300000000000000000e+01 0.000000000000000000e+00 1.600000000000000089e+00 -3.628999999999999847e-03 -1.800200000000000064e-02 9.998310000000000253e-01 5.399299999999999933e-02 -9.983830000000000204e-01 -1.778000000000000067e-02 9.985349999999999504e-01 5.392000000000000265e-02 4.595000000000000126e-03
1.700000000000000000e+01 4.400000000000000000e+01 7.300000000000000000e+01 0.000000000000000000e+00 1.600000000000000089e+00 1.042500000000000024e-02 1.431800000000000087e-02 9.998430000000000373e-01 5.200899999999999967e-02 -9.985519999999999952e-01 1.375700000000000013e-02 9.985920000000000352e-01 5.185700000000000032e-02 -1.115400000000000072e-02
2.000000000000000000e+01 4.400000000000000000e+01 7.300000000000000000e+01 0.000000000000000000e+00 1.600000000000000089e+00 2.344000000000000163e-03 3.511999999999999931e-03 9.999909999999999632e-01 5.485899999999999804e-02 -9.984880000000000422e-01 3.377999999999999926e-03 9.984910000000000174e-01 5.485000000000000292e-02 -2.533000000000000095e-03
2.700000000000000000e+01 4.400000000000000000e+01 7.300000000000000000e+01 0.000000000000000000e+00 1.600000000000000089e+00 3.089999999999999865e-03 3.605999999999999830e-03 9.999890000000000168e-01 5.488900000000000029e-02 -9.984870000000000134e-01 3.431000000000000022e-03 9.984880000000000422e-01 5.487800000000000317e-02 -3.284000000000000027e-03
2.700000000000000000e+01 2.500000000000000000e+01 7.400000000000000000e+01 0.000000000000000000e+00 1.600000000000000089e+00 2.118999999999999790e-03 5.500000000000000196e-05 9.999980000000000535e-01 8.352730000000000432e-01 -5.498330000000000162e-01 -1.740000000000000010e-03 5.498319999999999874e-01 8.352739999999999609e-01 -1.211000000000000054e-03
2.400000000000000000e+01 5.100000000000000000e+01 7.600000000000000000e+01 0.000000000000000000e+00 1.600000000000000089e+00 1.069999999999999988e-03 -2.689999999999999791e-04 -9.999989999999999712e-01 -3.978860000000000174e-01 -9.174350000000000005e-01 -1.789999999999999870e-04 -9.174339999999999717e-01 3.978860000000000174e-01 -1.088999999999999907e-03
4.000000000000000000e+00 9.100000000000000000e+01 7.600000000000000000e+01 0.000000000000000000e+00 1.600000000000000089e+00 -3.620000000000000171e-04 8.859999999999999603e-04 1.000000000000000000e+00 3.929770000000000207e-01 -9.195480000000000320e-01 9.569999999999999514e-04 9.195480000000000320e-01 3.929770000000000207e-01 -1.500000000000000038e-05
7.000000000000000000e+00 9.100000000000000000e+01 7.600000000000000000e+01 0.000000000000000000e+00 1.600000000000000089e+00 -4.060000000000000024e-04 -1.730999999999999900e-03 9.999980000000000535e-01 3.848420000000000174e-01 -9.229819999999999691e-01 -1.441000000000000007e-03 9.229829999999999979e-01 3.848400000000000154e-01 1.041000000000000042e-03
1.300000000000000000e+01 9.100000000000000000e+01 7.600000000000000000e+01 0.000000000000000000e+00 1.600000000000000089e+00 2.162999999999999992e-03 8.799999999999999771e-05 9.999980000000000535e-01 3.596030000000000060e-01 -9.331049999999999622e-01 -6.949999999999999798e-04 9.331030000000000157e-01 3.596030000000000060e-01 -2.050000000000000173e-03
1.600000000000000000e+01 9.100000000000000000e+01 7.600000000000000000e+01 0.000000000000000000e+00 1.600000000000000089e+00 3.142999999999999960e-03 8.220000000000000310e-04 9.999949999999999672e-01 3.524889999999999968e-01 -9.358159999999999812e-01 -3.390000000000000001e-04 9.358109999999999484e-01 3.524889999999999968e-01 -3.230999999999999931e-03
2.000000000000000000e+01 9.100000000000000000e+01 7.600000000000000000e+01 0.000000000000000000e+00 1.600000000000000089e+00 1.745999999999999939e-03 1.131000000000000061e-03 9.999980000000000535e-01 3.476299999999999946e-01 -9.376320000000000210e-01 4.530000000000000064e-04 9.376299999999999635e-01 3.476290000000000213e-01 -2.030000000000000120e-03
1.000000000000000000e+00 4.200000000000000000e+01 7.900000000000000000e+01 0.000000000000000000e+00 1.600000000000000089e+00 -8.332000000000000864e-03 2.204100000000000156e-02 -9.997219999999999995e-01 -3.250600000000000156e-01 -9.455189999999999984e-01 -1.813700000000000034e-02 -9.456569999999999698e-01 3.248190000000000244e-01 1.504199999999999982e-02
7.000000000000000000e+00 4.400000000000000000e+01 8.300000000000000000e+01 0.000000000000000000e+00 1.600000000000000089e+00 3.240000000000000150e-04 5.036399999999999905e-02 9.987310000000000354e-01 5.168490000000000029e-01 -8.549989999999999535e-01 4.294800000000000006e-02 8.560769999999999769e-01 5.161790000000000544e-01 -2.630700000000000052e-02
1.400000000000000000e+01 4.400000000000000000e+01 8.300000000000000000e+01 0.000000000000000000e+00 1.600000000000000089e+00 -1.826099999999999945e-02 -3.288499999999999757e-02 9.992919999999999581e-01 5.446109999999999562e-01 -8.385029999999999983e-01 -1.764100000000000043e-02 8.384899999999999576e-01 5.439030000000000253e-01 3.322200000000000153e-02
