6.000000000000000000e+00 1.900000000000000000e+01 5.000000000000000000e+00 0.000000000000000000e+00 1.600000000000000089e+00 5.189000000000000036e-03 4.754999999999999678e-03 -9.999749999999999472e-01 -6.939300000000000468e-01 -7.200090000000000101e-01 -7.024999999999999994e-03 -7.200239999999999974e-01 6.939490000000000380e-01 -4.360000000000000269e-04
1.900000000000000000e+01 1.000000000000000000e+01 7.000000000000000000e+00 0.000000000000000000e+00 1.600000000000000089e+00 3.272900000000000115e-02 -7.922999999999999488e-03 9.994330000000000158e-01 7.948389999999999622e-01 -6.060370000000000479e-01 -3.083400000000000030e-02 6.059369999999999479e-01 7.953970000000000207e-01 -1.353700000000000042e-02
1.300000000000000000e+01 1.010000000000000000e+02 7.000000000000000000e+00 0.000000000000000000e+00 1.600000000000000089e+00 9.560000000000000355e-04 -2.750000000000000166e-04 9.999989999999999712e-01 8.862269999999999870e-01 4.632510000000000239e-01 -7.200000000000000453e-04 -4.632499999999999951e-01 8.862269999999999870e-01 6.870000000000000022e-04
1.600000000000000000e+01 1.010000000000000000e+02 7.000000000000000000e+00 0.000000000000000000e+00 1.600000000000000089e+00 -1.859999999999999945e-04 -2.834000000000000147e-03 9.999959999999999960e-01 8.870590000000000419e-01 4.616540000000000088e-01 1.472999999999999917e-03 -4.616560000000000108e-01 8.870559999999999556e-01 2.428000000000000037e-03
2.400000000000000000e+01 1.010000000000000000e+02 7.000000000000000000e+00 0.000000000000000000e+00 1.600000000000000089e+00 -3.474999999999999790e-03 -1.520900000000000030e-02 9.998780000000000445e-01 8.882290000000000463e-01 4.592899999999999761e-01 1.007300000000000036e-02 -4.593880000000000186e-01 8.881559999999999455e-01 1.191299999999999998e-02
2.600000000000000000e+01 1.010000000000000000e+02 7.000000000000000000e+00 0.000000000000000000e+00 1.600000000000000089e+00 -2.771000000000000026e-03 -1.602999999999999911e-02 9.998679999999999790e-01 8.887709999999999777e-01 4.582470000000000154e-01 9.809999999999999276e-03 -4.583430000000000004e-01 8.886800000000000255e-01 1.297700000000000069e-02
3.000000000000000000e+00 2.500000000000000000e+01 8.000000000000000000e+00 0.000000000000000000e+00 1.600000000000000089e+00 2.635999999999999888e-03 2.386999999999999799e-03 -9.999940000000000495e-01 4.359089999999999909e-01 8.999850000000000350e-01 3.298000000000000150e-03 8.999869999999999814e-01 -4.359149999999999969e-01 1.332000000000000068e-03
9.000000000000000000e+00 2.500000000000000000e+01 8.000000000000000000e+00 0.000000000000000000e+00 1.600000000000000089e+00 -1.955000000000000140e-03 1.342000000000000094e-03 -9.999970000000000248e-01 4.321909999999999918e-01 9.017819999999999725e-01 3.649999999999999816e-04 9.017800000000000260e-01 -4.321889999999999898e-01 -2.343000000000000031e-03
1.300000000000000000e+01 2.500000000000000000e+01 8.000000000000000000e+00 0.000000000000000000e+00 1.600000000000000089e+00 -2.028999999999999988e-03 -1.860000000000000108e-03 -9.999959999999999960e-01 4.324299999999999811e-01 9.016640000000000210e-01 -2.553999999999999847e-03 9.016650000000000498e-01 -4.324339999999999851e-01 -1.025000000000000086e-03
1.900000000000000000e+01 2.500000000000000000e+01 8.000000000000000000e+00 0.000000000000000000e+00 1.600000000000000089e+00 1.369999999999999907e-03 9.219999999999999680e-04 -9.999989999999999712e-01 4.368139999999999801e-01 8.995509999999999895e-01 1.428000000000000016e-03 8.995509999999999895e-01 -4.368150000000000088e-01 8.300000000000000086e-04
2.500000000000000000e+01 2.500000000000000000e+01 8.000000000000000000e+00 0.000000000000000000e+00 1.600000000000000089e+00 3.310000000000000225e-04 2.520000000000000104e-03 -9.999970000000000248e-01 4.356280000000000152e-01 9.001240000000000352e-01 2.412000000000000081e-03 9.001270000000000104e-01 -4.356269999999999865e-01 -8.000000000000000383e-04
3.000000000000000000e+01 2.500000000000000000e+01 8.000000000000000000e+00 0.000000000000000000e+00 1.600000000000000089e+00 -4.017999999999999870e-03 -3.367000000000000201e-03 -9.999860000000000415e-01 4.353350000000000275e-01 9.002559999999999452e-01 -4.780999999999999660e-03 9.002599999999999492e-01 -4.353480000000000127e-01 -2.151000000000000134e-03
4.000000000000000000e+00 2.400000000000000000e+01 9.000000000000000000e+00 0.000000000000000000e+00 1.600000000000000089e+00 1.809999999999999977e-03 3.318999999999999902e-03 -9.999930000000000208e-01 4.417719999999999980e-01 8.971189999999999998e-01 3.776999999999999975e-03 8.971259999999999790e-01 -4.417760000000000020e-01 1.569999999999999944e-04
8.000000000000000000e+00 2.400000000000000000e+01 9.000000000000000000e+00 0.000000000000000000e+00 1.600000000000000089e+00 -3.490000000000000263e-04 2.351999999999999924e-03 -9.999970000000000248e-01 4.377869999999999817e-01 8.990759999999999863e-01 1.962000000000000202e-03 8.990780000000000438e-01 -4.377849999999999797e-01 -1.343000000000000010e-03
1.600000000000000000e+01 2.400000000000000000e+01 9.000000000000000000e+00 0.000000000000000000e+00 1.600000000000000089e+00 -5.800000000000000034e-04 -2.413999999999999913e-03 -9.999970000000000248e-01 4.409750000000000059e-01 8.975159999999999805e-01 -2.422999999999999807e-03 8.975189999999999557e-01 -4.409750000000000059e-01 5.439999999999999957e-04
1.900000000000000000e+01 2.400000000000000000e+01 9.000000000000000000e+00 0.000000000000000000e+00 1.600000000000000089e+00 1.314000000000000064e-03 6.139999999999999625e-04 -9.999989999999999712e-01 4.435140000000000193e-01 8.962670000000000359e-01 1.132999999999999893e-03 8.962660000000000071e-01 -4.435149999999999926e-01 9.060000000000000128e-04
2.200000000000000000e+01 2.400000000000000000e+01 9.000000000000000000e+00 0.000000000000000000e+00 1.600000000000000089e+00 1.317000000000000028e-03 4.096999999999999947e-03 -9.999909999999999632e-01 4.432110000000000216e-01 8.964069999999999538e-01 4.256000000000000234e-03 8.964170000000000194e-01 -4.432119999999999949e-01 -6.350000000000000392e-04
3.000000000000000000e+01 2.400000000000000000e+01 9.000000000000000000e+00 0.000000000000000000e+00 1.600000000000000089e+00 -3.625999999999999883e-03 -3.379000000000000059e-03 -9.999879999999999880e-01 4.420200000000000240e-01 8.969930000000000403e-01 -4.634000000000000098e-03 8.969979999999999620e-01 -4.420310000000000072e-01 -1.758999999999999930e-03
4.000000000000000000e+00 8.000000000000000000e+00 1.000000000000000000e+01 0.000000000000000000e+00 1.600000000000000089e+00 8.386699999999999711e-02 4.880400000000000016e-02 -9.952809999999999713e-01 -9.853030000000000399e-01 -1.450919999999999987e-01 -9.014099999999999890e-02 -1.488069999999999948e-01 9.882140000000000368e-01 3.591899999999999954e-02
3.000000000000000000e+00 4.000000000000000000e+00 1.100000000000000000e+01 0.000000000000000000e+00 1.600000000000000089e+00 -1.340000000000000045e-03 9.310599999999999432e-02 9.956549999999999567e-01 1.560940000000000105e-01 -9.834319999999999729e-01 9.217300000000000493e-02 9.877409999999999801e-01 1.555400000000000116e-01 -1.321600000000000032e-02
2.200000000000000000e+01 4.000000000000000000e+00 1.100000000000000000e+01 0.000000000000000000e+00 1.600000000000000089e+00 4.970000000000000459e-04 -2.264499999999999846e-02 9.997430000000000483e-01 1.745240000000000125e-01 -9.843979999999999952e-01 -2.238400000000000112e-02 9.846530000000000005e-01 1.744900000000000062e-01 3.461999999999999800e-03
2.800000000000000000e+01 4.000000000000000000e+00 1.100000000000000000e+01 0.000000000000000000e+00 1.600000000000000089e+00 3.475999999999999923e-03 -1.861399999999999860e-02 9.998209999999999598e-01 1.820620000000000016e-01 -9.831050000000000066e-01 -1.893500000000000044e-02 9.832809999999999606e-01 1.820960000000000079e-01 -2.900000000000000017e-05
2.000000000000000000e+01 3.200000000000000000e+01 1.400000000000000000e+01 0.000000000000000000e+00 1.600000000000000089e+00 -5.850000000000000165e-04 6.000000000000000152e-06 -1.000000000000000000e+00 1.217769999999999964e-01 9.925580000000000513e-01 -6.499999999999999431e-05 9.925570000000000226e-01 -1.217769999999999964e-01 -5.820000000000000520e-04
2.400000000000000000e+01 3.200000000000000000e+01 1.400000000000000000e+01 0.000000000000000000e+00 1.600000000000000089e+00 2.339999999999999958e-04 4.420000000000000318e-03 -9.999900000000000455e-01 1.216099999999999959e-01 9.925680000000000058e-01 4.414999999999999654e-03 9.925779999999999603e-01 -1.216089999999999949e-01 -3.049999999999999868e-04
1.000000000000000000e+01 1.200000000000000000e+01 1.600000000000000000e+01 0.000000000000000000e+00 1.600000000000000089e+00 1.422000000000000087e-03 -1.930000000000000021e-04 9.999989999999999712e-01 2.640799999999999814e-01 -9.645000000000000240e-01 -5.619999999999999996e-04 9.645000000000000240e-01 2.640810000000000102e-01 -1.319999999999999993e-03
4.000000000000000000e+00 1.160000000000000000e+02 1.600000000000000000e+01 0.000000000000000000e+00 1.600000000000000089e+00 -2.756000000000000203e-03 -9.940000000000000918e-04 9.999959999999999960e-01 7.554539999999999589e-01 6.551970000000000294e-01 2.733000000000000186e-03 -6.551960000000000006e-01 7.554579999999999629e-01 -1.054000000000000032e-03
7.000000000000000000e+00 1.160000000000000000e+02 1.600000000000000000e+01 0.000000000000000000e+00 1.600000000000000089e+00 -3.963000000000000377e-03 -2.314000000000000085e-03 9.999900000000000455e-01 7.512529999999999486e-01 6.599990000000000023e-01 4.505000000000000324e-03 -6.600019999999999776e-01 7.512630000000000141e-01 -8.769999999999999584e-04
2.400000000000000000e+01 1.160000000000000000e+02 1.600000000000000000e+01 0.000000000000000000e+00 1.600000000000000089e+00 1.662000000000000066e-03 -2.919999999999999961e-04 9.999989999999999712e-01 6.997830000000000439e-01 7.143549999999999622e-01 -9.539999999999999869e-04 -7.143540000000000445e-01 6.997830000000000439e-01 1.392000000000000008e-03
1.000000000000000000e+01 2.000000000000000000e+00 1.900000000000000000e+01 0.000000000000000000e+00 1.600000000000000089e+00 4.500000000000000283e-05 -1.958199999999999871e-02 -9.998080000000000300e-01 3.573830000000000062e-01 -9.337790000000000257e-01 1.830499999999999836e-02 -9.339579999999999549e-01 -3.573149999999999937e-01 6.956000000000000377e-03
2.000000000000000000e+01 2.000000000000000000e+00 1.900000000000000000e+01 0.000000000000000000e+00 1.600000000000000089e+00 6.193999999999999853e-03 -1.756399999999999975e-02 -9.998270000000000213e-01 3.592650000000000010e-01 -9.330500000000000460e-01 1.861600000000000060e-02 -9.332150000000000167e-01 -3.593180000000000263e-01 5.310000000000000050e-04
3.000000000000000000e+01 2.000000000000000000e+00 1.900000000000000000e+01 0.000000000000000000e+00 1.600000000000000089e+00 -3.059000000000000087e-03 1.765100000000000002e-02 -9.998399999999999510e-01 3.646119999999999917e-01 -9.309939999999999882e-01 -1.755100000000000063e-02 -9.311549999999999550e-01 -3.646070000000000144e-01 -3.586999999999999911e-03
4.000000000000000000e+00 3.000000000000000000e+00 1.900000000000000000e+01 0.000000000000000000e+00 1.600000000000000089e+00 -5.003999999999999768e-03 2.400100000000000150e-02 -9.996990000000000043e-01 3.504010000000000180e-01 -9.362859999999999516e-01 -2.423200000000000007e-02 -9.365860000000000296e-01 -3.504169999999999785e-01 -3.725000000000000012e-03
1.100000000000000000e+01 3.000000000000000000e+00 1.900000000000000000e+01 0.000000000000000000e+00 1.600000000000000089e+00 -6.089999999999999494e-04 -2.151399999999999840e-02 -9.997679999999999900e-01 3.392209999999999948e-01 -9.404930000000000234e-01 2.003200000000000119e-02 -9.407060000000000421e-01 -3.391310000000000158e-01 7.870999999999999525e-03
2.100000000000000000e+01 3.000000000000000000e+00 1.900000000000000000e+01 0.000000000000000000e+00 1.600000000000000089e+00 4.721999999999999635e-03 -1.026900000000000035e-02 -9.999360000000000470e-01 3.316649999999999876e-01 -9.433300000000000018e-01 1.125400000000000011e-02 -9.433859999999999468e-01 -3.316970000000000196e-01 -1.049000000000000019e-03
2.500000000000000000e+01 3.000000000000000000e+00 1.900000000000000000e+01 0.000000000000000000e+00 1.600000000000000089e+00 6.059999999999999849e-04 -6.290000000000000018e-04 -1.000000000000000000e+00 3.323530000000000095e-01 -9.431549999999999656e-01 7.940000000000000009e-04 -9.431549999999999656e-01 -3.323539999999999828e-01 -3.620000000000000171e-04
2.900000000000000000e+01 3.000000000000000000e+00 1.900000000000000000e+01 0.000000000000000000e+00 1.600000000000000089e+00 -1.441999999999999922e-03 1.333900000000000016e-02 -9.999099999999999655e-01 3.358300000000000174e-01 -9.418320000000000025e-01 -1.304800000000000057e-02 -9.419210000000000083e-01 -3.358189999999999786e-01 -3.122000000000000209e-03
1.000000000000000000e+00 1.300000000000000000e+01 2.000000000000000000e+01 0.000000000000000000e+00 1.600000000000000089e+00 -1.935000000000000088e-03 -1.318700000000000080e-02 9.999109999999999943e-01 2.599910000000000276e-01 9.655200000000000449e-01 1.323700000000000050e-02 -9.656090000000000506e-01 2.599940000000000029e-01 1.559999999999999972e-03
8.000000000000000000e+00 1.300000000000000000e+01 2.000000000000000000e+01 0.000000000000000000e+00 1.600000000000000089e+00 5.190000000000000386e-04 1.551000000000000078e-03 9.999989999999999712e-01 2.633449999999999958e-01 9.647000000000000020e-01 -1.632999999999999903e-03 -9.647010000000000307e-01 2.633460000000000245e-01 9.200000000000000007e-05
1.200000000000000000e+01 1.300000000000000000e+01 2.000000000000000000e+01 0.000000000000000000e+00 1.600000000000000089e+00 7.560000000000000530e-04 4.840999999999999817e-03 9.999879999999999880e-01 2.635689999999999977e-01 9.646280000000000410e-01 -4.869000000000000064e-03 -9.646400000000000530e-01 2.635689999999999977e-01 -5.469999999999999602e-04
1.600000000000000000e+01 1.300000000000000000e+01 2.000000000000000000e+01 0.000000000000000000e+00 1.600000000000000089e+00 5.770000000000000389e-04 1.105000000000000079e-03 9.999989999999999712e-01 2.614469999999999850e-01 9.652169999999999916e-01 -1.217999999999999899e-03 -9.652180000000000204e-01 2.614480000000000137e-01 2.680000000000000090e-04
2.300000000000000000e+01 1.300000000000000000e+01 2.000000000000000000e+01 0.000000000000000000e+00 1.600000000000000089e+00 -1.399999999999999877e-04 -1.283999999999999985e-03 9.999989999999999712e-01 2.595819999999999794e-01 9.657200000000000228e-01 1.276999999999999923e-03 -9.657210000000000516e-01 2.595819999999999794e-01 1.979999999999999881e-04
2.700000000000000000e+01 1.300000000000000000e+01 2.000000000000000000e+01 0.000000000000000000e+00 1.600000000000000089e+00 8.339999999999999974e-04 -1.258999999999999920e-03 9.999989999999999712e-01 2.580979999999999941e-01 9.661180000000000323e-01 1.000999999999999937e-03 -9.661180000000000323e-01 2.580970000000000208e-01 1.131000000000000061e-03
8.000000000000000000e+00 1.600000000000000000e+01 2.100000000000000000e+01 0.000000000000000000e+00 1.600000000000000089e+00 5.299999999999999807e-04 2.067999999999999960e-03 9.999980000000000535e-01 3.002130000000000076e-01 9.538699999999999957e-01 -2.132000000000000214e-03 -9.538720000000000532e-01 3.002130000000000076e-01 -1.150000000000000035e-04
1.500000000000000000e+01 1.600000000000000000e+01 2.100000000000000000e+01 0.000000000000000000e+00 1.600000000000000089e+00 3.609999999999999928e-04 2.671000000000000197e-03 9.999959999999999960e-01 2.991219999999999990e-01 9.542110000000000314e-01 -2.657000000000000074e-03 -9.542150000000000354e-01 2.991219999999999990e-01 -4.539999999999999765e-04
1.400000000000000000e+01 2.000000000000000000e+00 2.500000000000000000e+01 0.000000000000000000e+00 1.600000000000000089e+00 1.016399999999999942e-02 -3.532400000000000123e-02 9.993239999999999901e-01 8.536199999999999344e-02 -9.956970000000000542e-01 -3.606399999999999884e-02 9.962980000000000169e-01 8.567099999999999715e-02 -7.105000000000000204e-03
5.000000000000000000e+00 3.000000000000000000e+00 2.500000000000000000e+01 0.000000000000000000e+00 1.600000000000000089e+00 2.689999999999999791e-04 8.189000000000000098e-03 9.999660000000000215e-01 3.550999999999999990e-02 -9.993360000000000021e-01 8.174000000000000710e-03 9.993689999999999518e-01 3.550699999999999690e-02 -5.590000000000000351e-04
1.300000000000000000e+01 3.000000000000000000e+00 2.500000000000000000e+01 0.000000000000000000e+00 1.600000000000000089e+00 5.898999999999999730e-03 -3.119699999999999904e-02 9.994960000000000511e-01 4.073000000000000231e-03 -9.995039999999999480e-01 -3.122099999999999875e-02 9.999740000000000295e-01 4.255000000000000102e-03 -5.768999999999999823e-03
2.000000000000000000e+01 3.000000000000000000e+00 2.500000000000000000e+01 0.000000000000000000e+00 1.600000000000000089e+00 3.078000000000000007e-03 -1.056200000000000021e-02 9.999400000000000510e-01 -3.282399999999999901e-02 -9.994060000000000166e-01 -1.045500000000000075e-02 9.994560000000000111e-01 -3.278999999999999970e-02 -3.422999999999999828e-03
2.600000000000000000e+01 3.000000000000000000e+00 2.500000000000000000e+01 0.000000000000000000e+00 1.600000000000000089e+00 -1.567999999999999949e-03 6.870000000000000022e-04 9.999989999999999712e-01 -3.450500000000000095e-02 -9.994039999999999591e-01 6.329999999999999906e-04 9.994030000000000413e-01 -3.450399999999999995e-02 1.590999999999999966e-03
2.600000000000000000e+01 4.600000000000000000e+01 2.700000000000000000e+01 0.000000000000000000e+00 1.600000000000000089e+00 -1.565999999999999901e-03 -2.979999999999999793e-04 -9.999989999999999712e-01 6.753160000000000274e-01 7.375270000000000437e-01 -1.278000000000000056e-03 7.375270000000000437e-01 -6.753169999999999451e-01 -9.539999999999999869e-04
1.000000000000000000e+00 4.600000000000000000e+01 3.000000000000000000e+01 0.000000000000000000e+00 1.600000000000000089e+00 7.569999999999999689e-04 4.239999999999999845e-03 -9.999909999999999632e-01 3.249409999999999799e-01 9.457250000000000378e-01 4.256000000000000234e-03 9.457339999999999636e-01 -3.249409999999999799e-01 -6.620000000000000450e-04
8.000000000000000000e+00 4.600000000000000000e+01 3.500000000000000000e+01 0.000000000000000000e+00 1.600000000000000089e+00 -8.620000000000000275e-04 -2.791000000000000078e-03 -9.999959999999999960e-01 3.922390000000000043e-01 -9.198600000000000110e-01 2.229000000000000078e-03 -9.198629999999999862e-01 -3.922359999999999736e-01 1.887999999999999921e-03
1.600000000000000000e+01 4.600000000000000000e+01 3.500000000000000000e+01 0.000000000000000000e+00 1.600000000000000089e+00 -4.000000000000000327e-05 1.789999999999999870e-04 -1.000000000000000000e+00 3.917209999999999859e-01 -9.200840000000000130e-01 -1.800000000000000113e-04 -9.200840000000000130e-01 -3.917209999999999859e-01 -3.300000000000000253e-05
2.600000000000000000e+01 4.600000000000000000e+01 3.500000000000000000e+01 0.000000000000000000e+00 1.600000000000000089e+00 -1.291000000000000047e-03 1.769999999999999926e-04 -9.999989999999999712e-01 3.903249999999999775e-01 -9.206769999999999676e-01 -6.669999999999999497e-04 -9.206760000000000499e-01 -3.903260000000000063e-01 1.119999999999999902e-03
1.800000000000000000e+01 9.500000000000000000e+01 3.600000000000000000e+01 0.000000000000000000e+00 1.600000000000000089e+00 3.180000000000000101e-03 9.645000000000000795e-03 9.999479999999999480e-01 9.967019999999999769e-01 8.105099999999999805e-02 -3.950999999999999651e-03 -8.108500000000000429e-02 9.966629999999999656e-01 -9.355000000000000468e-03
2.400000000000000000e+01 9.500000000000000000e+01 3.600000000000000000e+01 0.000000000000000000e+00 1.600000000000000089e+00 2.733000000000000186e-03 5.772000000000000221e-03 9.999799999999999800e-01 9.962480000000000224e-01 8.648000000000000131e-02 -3.220999999999999905e-03 -8.649700000000000444e-02 9.962370000000000392e-01 -5.513999999999999804e-03
1.100000000000000000e+01 9.500000000000000000e+01 3.700000000000000000e+01 0.000000000000000000e+00 1.600000000000000089e+00 -1.626999999999999974e-03 -1.145900000000000044e-02 9.999329999999999607e-01 9.948280000000000456e-01 1.015390000000000043e-01 2.782000000000000185e-03 -1.015640000000000015e-01 9.947660000000000391e-01 1.123399999999999919e-02
5.000000000000000000e+00 6.000000000000000000e+01 3.900000000000000000e+01 0.000000000000000000e+00 1.600000000000000089e+00 -1.033000000000000064e-03 -1.200400000000000078e-02 -9.999270000000000103e-01 2.962409999999999766e-01 -9.550480000000000080e-01 1.115900000000000052e-02 -9.551129999999999898e-01 -2.962080000000000268e-01 4.542000000000000030e-03
3.000000000000000000e+00 2.900000000000000000e+01 4.400000000000000000e+01 0.000000000000000000e+00 1.600000000000000089e+00 5.079999999999999880e-04 8.360000000000000460e-04 -1.000000000000000000e+00 6.605659999999999865e-01 7.507669999999999622e-01 9.629999999999999888e-04 7.507679999999999909e-01 -6.605659999999999865e-01 -1.710000000000000094e-04
7.000000000000000000e+00 2.900000000000000000e+01 4.400000000000000000e+01 0.000000000000000000e+00 1.600000000000000089e+00 -1.547999999999999897e-03 -3.112999999999999882e-03 -9.999940000000000495e-01 6.608039999999999470e-01 7.505509999999999682e-01 -3.360000000000000139e-03 7.505570000000000297e-01 -6.608049999999999757e-01 8.959999999999999866e-04
1.600000000000000000e+01 2.900000000000000000e+01 4.400000000000000000e+01 0.000000000000000000e+00 1.600000000000000089e+00 3.060000000000000111e-04 -1.840000000000000001e-04 -1.000000000000000000e+00 6.616060000000000274e-01 7.498510000000000453e-01 6.399999999999999710e-05 7.498510000000000453e-01 -6.616060000000000274e-01 3.510000000000000208e-04
2.600000000000000000e+01 2.900000000000000000e+01 4.400000000000000000e+01 0.000000000000000000e+00 1.600000000000000089e+00 4.800000000000000122e-05 1.866000000000000037e-03 -9.999980000000000535e-01 6.615550000000000042e-01 7.498949999999999783e-01 1.430999999999999980e-03 7.498960000000000070e-01 -6.615539999999999754e-01 -1.198999999999999979e-03
2.000000000000000000e+00 4.000000000000000000e+00 5.000000000000000000e+01 0.000000000000000000e+00 1.600000000000000089e+00 3.510000000000000208e-04 1.400999999999999902e-03 -9.999989999999999712e-01 5.322649999999999881e-01 -8.465770000000000239e-01 -9.990000000000001049e-04 -8.465780000000000527e-01 -5.322639999999999594e-01 -1.043000000000000090e-03
2.100000000000000000e+01 5.000000000000000000e+00 5.100000000000000000e+01 0.000000000000000000e+00 1.600000000000000089e+00 -1.800000000000000113e-04 7.115999999999999930e-03 -9.999749999999999472e-01 4.884569999999999745e-01 -8.725659999999999528e-01 -6.296999999999999646e-03 -8.725880000000000303e-01 -4.884450000000000180e-01 -3.318999999999999902e-03
2.400000000000000000e+01 6.000000000000000000e+00 5.100000000000000000e+01 0.000000000000000000e+00 1.600000000000000089e+00 7.299999999999999903e-05 4.302000000000000268e-03 -9.999909999999999632e-01 3.152730000000000254e-01 -9.489919999999999467e-01 -4.060000000000000241e-03 -9.490009999999999835e-01 -3.152690000000000214e-01 -1.425000000000000051e-03
6.000000000000000000e+00 1.150000000000000000e+02 5.100000000000000000e+01 0.000000000000000000e+00 1.600000000000000089e+00 -2.445000000000000125e-03 -4.408999999999999725e-03 9.999869999999999592e-01 8.471560000000000201e-01 -5.313440000000000385e-01 -2.719999999999999979e-04 5.313379999999999770e-01 8.471450000000000369e-01 5.035000000000000413e-03
1.000000000000000000e+01 1.150000000000000000e+02 5.100000000000000000e+01 0.000000000000000000e+00 1.600000000000000089e+00 5.500000000000000196e-05 4.339999999999999782e-04 1.000000000000000000e+00 8.466879999999999962e-01 -5.320899999999999519e-01 1.840000000000000001e-04 5.320899999999999519e-01 8.466879999999999962e-01 -3.959999999999999762e-04
1.200000000000000000e+01 6.300000000000000000e+01 5.400000000000000000e+01 0.000000000000000000e+00 1.600000000000000089e+00 1.427000000000000100e-03 -2.007000000000000103e-03 9.999970000000000248e-01 -3.462819999999999787e-01 9.381270000000000442e-01 2.377000000000000206e-03 -9.381289999999999907e-01 -3.462850000000000095e-01 6.440000000000000412e-04
1.600000000000000000e+01 6.300000000000000000e+01 5.400000000000000000e+01 0.000000000000000000e+00 1.600000000000000089e+00 -7.500000000000000156e-04 9.070000000000000371e-04 9.999989999999999712e-01 -3.423200000000000132e-01 9.395829999999999460e-01 -1.108999999999999960e-03 -9.395829999999999460e-01 -3.423200000000000132e-01 -3.939999999999999817e-04
2.500000000000000000e+01 6.300000000000000000e+01 5.400000000000000000e+01 0.000000000000000000e+00 1.600000000000000089e+00 -8.700000000000000051e-05 3.102000000000000157e-03 9.999949999999999672e-01 -3.471839999999999926e-01 9.377929999999999877e-01 -2.939000000000000206e-03 -9.377969999999999917e-01 -3.471819999999999906e-01 9.959999999999999236e-04
2.000000000000000000e+01 2.500000000000000000e+01 5.500000000000000000e+01 0.000000000000000000e+00 1.600000000000000089e+00 1.234999999999999987e-03 4.800000000000000122e-05 -9.999989999999999712e-01 -1.157700000000000048e-02 -9.999329999999999607e-01 -6.200000000000000270e-05 -9.999320000000000430e-01 1.157700000000000048e-02 -1.234000000000000071e-03
2.700000000000000000e+01 2.500000000000000000e+01 5.500000000000000000e+01 0.000000000000000000e+00 1.600000000000000089e+00 -1.320000000000000101e-04 8.390000000000000105e-04 -1.000000000000000000e+00 -1.146199999999999997e-02 -9.999339999999999895e-01 -8.369999999999999619e-04 -9.999339999999999895e-01 1.146199999999999997e-02 1.410000000000000120e-04
2.400000000000000000e+01 2.000000000000000000e+01 6.000000000000000000e+01 0.000000000000000000e+00 1.600000000000000089e+00 -7.900000000000000121e-04 -5.490000000000000088e-04 1.000000000000000000e+00 -6.273800000000000210e-02 9.980299999999999727e-01 4.989999999999999861e-04 -9.980299999999999727e-01 -6.273700000000000110e-02 -8.229999999999999469e-04
2.900000000000000000e+01 2.000000000000000000e+01 6.000000000000000000e+01 0.000000000000000000e+00 1.600000000000000089e+00 1.894999999999999983e-03 1.110000000000000011e-04 9.999980000000000535e-01 -6.118400000000000227e-02 9.981269999999999865e-01 5.000000000000000409e-06 -9.981250000000000400e-01 -6.118400000000000227e-02 1.899000000000000080e-03
2.000000000000000000e+00 2.100000000000000000e+01 6.000000000000000000e+01 0.000000000000000000e+00 1.600000000000000089e+00 -3.899999999999999929e-05 -6.623000000000000415e-03 9.999780000000000335e-01 -9.514300000000000535e-02 9.954420000000000490e-01 6.590000000000000371e-03 -9.954640000000000155e-01 -9.514100000000000334e-02 -6.689999999999999983e-04
9.000000000000000000e+00 2.100000000000000000e+01 6.000000000000000000e+01 0.000000000000000000e+00 1.600000000000000089e+00 8.599999999999999789e-04 -1.657000000000000053e-03 9.999980000000000535e-01 -9.297999999999999321e-02 9.956660000000000510e-01 1.729999999999999984e-03 -9.956679999999999975e-01 -9.298199999999999521e-02 7.020000000000000415e-04
1.600000000000000000e+01 2.100000000000000000e+01 6.000000000000000000e+01 0.000000000000000000e+00 1.600000000000000089e+00 -5.240000000000000517e-04 7.232999999999999846e-03 9.999740000000000295e-01 -9.701400000000000301e-02 9.952569999999999473e-01 -7.249000000000000235e-03 -9.952830000000000288e-01 -9.701500000000000401e-02 1.800000000000000113e-04
2.000000000000000000e+01 2.100000000000000000e+01 6.000000000000000000e+01 0.000000000000000000e+00 1.600000000000000089e+00 1.319999999999999993e-03 3.305000000000000212e-03 9.999940000000000495e-01 -9.618899999999999673e-02 9.953579999999999650e-01 -3.163000000000000013e-03 -9.953619999999999690e-01 -9.618400000000000560e-02 1.631999999999999987e-03
2.700000000000000000e+01 6.700000000000000000e+01 6.000000000000000000e+01 0.000000000000000000e+00 1.600000000000000089e+00 -1.626999999999999974e-03 -3.967000000000000040e-03 9.999909999999999632e-01 1.735389999999999988e-01 -9.848200000000000287e-01 -3.625000000000000184e-03 9.848259999999999792e-01 1.735319999999999918e-01 2.291000000000000068e-03
1.700000000000000000e+01 3.000000000000000000e+00 6.300000000000000000e+01 0.000000000000000000e+00 1.600000000000000089e+00 1.304000000000000038e-03 -5.462999999999999974e-03 9.999839999999999840e-01 -6.122499999999999609e-01 7.906480000000000175e-01 5.118000000000000153e-03 -7.906630000000000047e-01 -6.122469999999999857e-01 -2.314000000000000085e-03
3.000000000000000000e+01 3.000000000000000000e+00 6.300000000000000000e+01 0.000000000000000000e+00 1.600000000000000089e+00 -6.459999999999999814e-04 1.454999999999999913e-03 9.999989999999999712e-01 -6.159719999999999640e-01 7.877669999999999950e-01 -1.544000000000000017e-03 -7.877680000000000238e-01 -6.159719999999999640e-01 3.869999999999999742e-04
1.000000000000000000e+00 2.700000000000000000e+01 6.300000000000000000e+01 0.000000000000000000e+00 1.600000000000000089e+00 1.655999999999999920e-03 5.461999999999999841e-03 9.999839999999999840e-01 -2.783570000000000211e-01 9.604660000000000419e-01 -4.785000000000000191e-03 -9.604759999999999964e-01 -2.783450000000000091e-01 3.111000000000000050e-03
4.000000000000000000e+00 2.700000000000000000e+01 6.300000000000000000e+01 0.000000000000000000e+00 1.600000000000000089e+00 3.018999999999999982e-03 6.465000000000000260e-03 9.999749999999999472e-01 -2.761879999999999891e-01 9.610880000000000534e-01 -5.380000000000000233e-03 -9.610990000000000366e-01 -2.761649999999999938e-01 4.687000000000000194e-03
9.000000000000000000e+00 2.700000000000000000e+01 6.300000000000000000e+01 0.000000000000000000e+00 1.600000000000000089e+00 -9.120000000000000502e-04 8.319999999999999271e-03 9.999649999999999928e-01 -2.705469999999999819e-01 9.626710000000000544e-01 -8.255999999999999450e-03 -9.627059999999999507e-01 -2.705449999999999799e-01 1.373000000000000088e-03
1.600000000000000000e+01 2.700000000000000000e+01 6.300000000000000000e+01 0.000000000000000000e+00 1.600000000000000089e+00 6.329999999999999906e-04 -9.282000000000000320e-03 9.999569999999999848e-01 -2.747709999999999875e-01 9.614669999999999606e-01 9.098999999999999450e-03 -9.615099999999999758e-01 -2.747649999999999815e-01 -1.941999999999999933e-03
2.000000000000000000e+01 2.700000000000000000e+01 6.300000000000000000e+01 0.000000000000000000e+00 1.600000000000000089e+00 3.075000000000000042e-03 -4.593999999999999993e-03 9.999850000000000128e-01 -2.733479999999999799e-01 9.619010000000000060e-01 5.258999999999999786e-03 -9.619100000000000428e-01 -2.733599999999999919e-01 1.701999999999999954e-03
2.500000000000000000e+01 2.700000000000000000e+01 6.300000000000000000e+01 0.000000000000000000e+00 1.600000000000000089e+00 3.939999999999999817e-04 -1.801000000000000083e-03 9.999980000000000535e-01 -2.716859999999999831e-01 9.623840000000000172e-01 1.840000000000000056e-03 -9.623859999999999637e-01 -2.716859999999999831e-01 -1.100000000000000039e-04
2.000000000000000000e+00 2.600000000000000000e+01 6.400000000000000000e+01 0.000000000000000000e+00 1.600000000000000089e+00 1.492999999999999969e-03 4.081000000000000426e-03 9.999909999999999632e-01 -3.714169999999999972e-01 9.284609999999999808e-01 -3.233999999999999896e-03 -9.284649999999999848e-01 -3.714080000000000159e-01 2.902000000000000066e-03
4.000000000000000000e+00 2.600000000000000000e+01 6.400000000000000000e+01 0.000000000000000000e+00 1.600000000000000089e+00 2.524999999999999901e-03 4.295000000000000207e-03 9.999879999999999880e-01 -3.696729999999999738e-01 9.291570000000000107e-01 -3.057999999999999954e-03 -9.291589999999999572e-01 -3.696610000000000174e-01 3.933999999999999997e-03
1.000000000000000000e+01 2.600000000000000000e+01 6.400000000000000000e+01 0.000000000000000000e+00 1.600000000000000089e+00 -3.301000000000000115e-03 6.086000000000000264e-03 9.999759999999999760e-01 -3.650200000000000111e-01 9.309739999999999682e-01 -6.871000000000000371e-03 -9.309939999999999882e-01 -3.650340000000000251e-01 -8.509999999999999769e-04
1.700000000000000000e+01 2.600000000000000000e+01 6.400000000000000000e+01 0.000000000000000000e+00 1.600000000000000089e+00 2.871999999999999987e-03 -6.780999999999999701e-03 9.999730000000000008e-01 -3.709669999999999912e-01 9.286170000000000258e-01 7.361999999999999621e-03 -9.286410000000000498e-01 -3.709779999999999744e-01 1.520000000000000084e-04
2.100000000000000000e+01 2.600000000000000000e+01 6.400000000000000000e+01 0.000000000000000000e+00 1.600000000000000089e+00 2.645999999999999915e-03 -2.762000000000000132e-03 9.999930000000000208e-01 -3.657540000000000235e-01 9.307050000000000045e-01 3.537999999999999912e-03 -9.307079999999999798e-01 -3.657599999999999740e-01 1.451999999999999949e-03
2.600000000000000000e+01 2.600000000000000000e+01 6.400000000000000000e+01 0.000000000000000000e+00 1.600000000000000089e+00 7.759999999999999971e-04 -4.086000000000000222e-03 9.999909999999999632e-01 -3.641820000000000057e-01 9.313190000000000079e-01 4.087999999999999620e-03 -9.313270000000000159e-01 -3.641820000000000057e-01 -7.649999999999999465e-04
1.700000000000000000e+01 6.900000000000000000e+01 6.600000000000000000e+01 0.000000000000000000e+00 1.600000000000000089e+00 -4.151000000000000176e-03 -3.449999999999999942e-03 9.999850000000000128e-01 -9.467100000000000515e-01 3.220740000000000269e-01 -2.818999999999999891e-03 -3.220589999999999842e-01 -9.467079999999999940e-01 -4.603000000000000320e-03
2.200000000000000000e+01 6.900000000000000000e+01 6.600000000000000000e+01 0.000000000000000000e+00 1.600000000000000089e+00 9.089999999999999773e-04 -1.422000000000000087e-03 9.999989999999999712e-01 -9.467210000000000347e-01 3.220509999999999762e-01 1.317999999999999944e-03 -3.220529999999999782e-01 -9.467210000000000347e-01 -1.052999999999999900e-03
3.000000000000000000e+01 6.900000000000000000e+01 6.600000000000000000e+01 0.000000000000000000e+00 1.600000000000000089e+00 3.498999999999999940e-03 -9.811000000000000276e-03 9.999460000000000015e-01 -9.469020000000000215e-01 3.214580000000000215e-01 6.466999999999999658e-03 -3.215040000000000120e-01 -9.468729999999999647e-01 -8.165999999999999648e-03
2.000000000000000000e+00 2.500000000000000000e+01 7.300000000000000000e+01 0.000000000000000000e+00 1.600000000000000089e+00 -1.278000000000000056e-03 3.359999999999999814e-04 9.999989999999999712e-01 7.575030000000000374e-01 -6.528310000000000501e-01 1.186999999999999904e-03 6.528310000000000501e-01 7.575039999999999552e-01 5.789999999999999791e-04
5.000000000000000000e+00 2.500000000000000000e+01 7.300000000000000000e+01 0.000000000000000000e+00 1.600000000000000089e+00 -1.623000000000000094e-03 -3.840000000000000097e-03 9.999909999999999632e-01 7.559500000000000108e-01 -6.546279999999999877e-01 -1.286000000000000034e-03 6.546269999999999589e-01 7.559420000000000028e-01 3.964999999999999775e-03
1.000000000000000000e+01 2.500000000000000000e+01 7.300000000000000000e+01 0.000000000000000000e+00 1.600000000000000089e+00 3.809999999999999910e-04 -5.739999999999999660e-04 1.000000000000000000e+00 7.538639999999999786e-01 -6.570310000000000317e-01 -6.639999999999999852e-04 6.570310000000000317e-01 7.538639999999999786e-01 1.820000000000000057e-04
1.800000000000000000e+01 2.500000000000000000e+01 7.300000000000000000e+01 0.000000000000000000e+00 1.600000000000000089e+00 1.951000000000000043e-03 3.199999999999999855e-05 9.999980000000000535e-01 7.600710000000000521e-01 -6.498380000000000267e-01 -1.461999999999999975e-03 6.498369999999999980e-01 7.600729999999999986e-01 -1.291999999999999963e-03
2.500000000000000000e+01 2.500000000000000000e+01 7.300000000000000000e+01 0.000000000000000000e+00 1.600000000000000089e+00 -1.038000000000000077e-03 -1.763999999999999943e-03 9.999980000000000535e-01 7.558249999999999691e-01 -6.547730000000000494e-01 -3.710000000000000190e-04 6.547720000000000207e-01 7.558230000000000226e-01 2.013000000000000032e-03
4.000000000000000000e+00 4.400000000000000000e+01 7.300000000000000000e+01 0.000000000000000000e+00 1.600000000000000089e+00 2.759999999999999867e-04 -4.580000000000000195e-04 1.000000000000000000e+00 5.392600000000000171e-02 -9.985450000000000159e-01 -4.719999999999999803e-04 9.985450000000000159e-01 5.392600000000000171e-02 -2.509999999999999753e-04
7.000000000000000000e+00 4.400000000000000000e+01 7.300000000000000000e+01 0.000000000000000000e+00 1.600000000000000089e+00 5.980000000000000072e-04 -1.575000000000000011e-03 9.999989999999999712e-01 5.316200000000000092e-02 -9.985849999999999449e-01 -1.603999999999999957e-03 9.985859999999999737e-01 5.316300000000000192e-02 -5.140000000000000254e-04
1.200000000000000000e+01 4.400000000000000000e+01 7.300000000000000000e+01 0.000000000000000000e+00 1.600000000000000089e+00 6.999999999999999895e-06 1.360000000000000098e-03 9.999989999999999712e-01 5.492899999999999866e-02 -9.984889999999999599e-01 1.358000000000000049e-03 9.984899999999999887e-01 5.492899999999999866e-02 -8.200000000000000095e-05
1.900000000000000000e+01 4.400000000000000000e+01 7.300000000000000000e+01 0.000000000000000000e+00 1.600000000000000089e+00 -2.959999999999999849e-04 -1.258999999999999920e-03 9.999989999999999712e-01 5.515599999999999670e-02 -9.984769999999999479e-01 -1.240999999999999916e-03 9.984779999999999767e-01 5.515599999999999670e-02 3.649999999999999816e-04
2.500000000000000000e+01 4.400000000000000000e+01 7.300000000000000000e+01 0.000000000000000000e+00 1.600000000000000089e+00 7.579999999999999932e-04 4.699999999999999724e-05 1.000000000000000000e+00 5.715499999999999747e-02 -9.983649999999999469e-01 3.999999999999999819e-06 9.983649999999999469e-01 5.715499999999999747e-02 -7.600000000000000418e-04
1.400000000000000000e+01 2.500000000000000000e+01 7.400000000000000000e+01 0.000000000000000000e+00 1.600000000000000089e+00 6.859999999999999779e-04 1.972999999999999927e-03 9.999980000000000535e-01 8.307350000000000012e-01 -5.566680000000000517e-01 5.289999999999999564e-04 5.566680000000000517e-01 8.307330000000000547e-01 -2.020999999999999793e-03
1.900000000000000000e+01 9.900000000000000000e+01 7.500000000000000000e+01 0.000000000000000000e+00 1.600000000000000089e+00 -3.037000000000000203e-03 -4.793000000000000385e-03 -9.999839999999999840e-01 -8.839709999999999512e-01 4.675409999999999844e-01 4.440000000000000045e-04 4.675320000000000031e-01 8.839580000000000215e-01 -5.656999999999999702e-03
4.000000000000000000e+00 9.100000000000000000e+01 7.600000000000000000e+01 0.000000000000000000e+00 1.600000000000000089e+00 -1.002000000000000069e-03 4.899999999999999842e-05 9.999989999999999712e-01 3.005059999999999953e-01 -9.537799999999999612e-01 3.480000000000000020e-04 9.537790000000000434e-01 3.005059999999999953e-01 9.409999999999999962e-04
1.200000000000000000e+01 9.100000000000000000e+01 7.600000000000000000e+01 0.000000000000000000e+00 1.600000000000000089e+00 -4.640000000000000027e-04 -1.056999999999999997e-03 9.999989999999999712e-01 3.026130000000000209e-01 -9.531129999999999880e-01 -8.670000000000000406e-04 9.531140000000000168e-01 3.026119999999999921e-01 7.619999999999999820e-04
1.800000000000000000e+01 9.100000000000000000e+01 7.600000000000000000e+01 0.000000000000000000e+00 1.600000000000000089e+00 -1.899999999999999996e-03 -2.295999999999999864e-03 9.999959999999999960e-01 2.939860000000000251e-01 -9.558079999999999909e-01 -1.636000000000000084e-03 9.558079999999999909e-01 2.939820000000000211e-01 2.491000000000000159e-03
2.300000000000000000e+01 9.100000000000000000e+01 7.600000000000000000e+01 0.000000000000000000e+00 1.600000000000000089e+00 -8.850000000000000444e-04 -9.899999999999999404e-05 1.000000000000000000e+00 2.858600000000000030e-01 -9.582709999999999839e-01 1.579999999999999916e-04 9.582709999999999839e-01 2.858600000000000030e-01 8.760000000000000425e-04
