1.100000000000000000e+01 2.500000000000000000e+01 1.000000000000000000e+00 0.000000000000000000e+00 1.600000000000000089e+00 1.621000000000000045e-03 -2.090000000000000115e-04 -9.999989999999999712e-01 -5.172020000000000506e-01 -8.558630000000000404e-01 -6.589999999999999721e-04 -8.558620000000000116e-01 5.172020000000000506e-01 -1.495999999999999934e-03
5.000000000000000000e+00 1.500000000000000000e+01 4.000000000000000000e+00 0.000000000000000000e+00 1.600000000000000089e+00 2.030000000000000120e-03 -5.045000000000000005e-03 9.999850000000000128e-01 3.125080000000000080e-01 -9.498999999999999666e-01 -5.426000000000000267e-03 9.499130000000000074e-01 3.125140000000000140e-01 -3.510000000000000208e-04
9.000000000000000000e+00 1.500000000000000000e+01 4.000000000000000000e+00 0.000000000000000000e+00 1.600000000000000089e+00 1.214999999999999934e-03 -1.050000000000000044e-04 9.999989999999999712e-01 3.106320000000000192e-01 -9.505299999999999860e-01 -4.769999999999999934e-04 9.505299999999999860e-01 3.106320000000000192e-01 -1.121999999999999950e-03
1.600000000000000000e+01 1.500000000000000000e+01 4.000000000000000000e+00 0.000000000000000000e+00 1.600000000000000089e+00 -3.099999999999999999e-04 6.151000000000000217e-03 9.999810000000000088e-01 3.133889999999999731e-01 -9.496059999999999501e-01 5.937999999999999702e-03 9.496250000000000524e-01 3.133850000000000247e-01 -1.632999999999999903e-03
2.300000000000000000e+01 1.500000000000000000e+01 4.000000000000000000e+00 0.000000000000000000e+00 1.600000000000000089e+00 -1.260999999999999968e-03 -7.669999999999999735e-03 9.999700000000000255e-01 3.136269999999999891e-01 -9.495209999999999484e-01 -6.888000000000000025e-03 9.495460000000000012e-01 3.136079999999999979e-01 3.602999999999999866e-03
2.500000000000000000e+01 1.500000000000000000e+01 4.000000000000000000e+00 0.000000000000000000e+00 1.600000000000000089e+00 7.039999999999999817e-04 -4.741999999999999688e-03 9.999879999999999880e-01 3.153489999999999904e-01 -9.489640000000000297e-01 -4.721999999999999635e-03 9.489750000000000130e-01 3.153489999999999904e-01 8.279999999999999600e-04
2.900000000000000000e+01 1.500000000000000000e+01 4.000000000000000000e+00 0.000000000000000000e+00 1.600000000000000089e+00 1.840999999999999972e-03 9.359999999999999831e-04 9.999980000000000535e-01 3.146909999999999985e-01 -9.491939999999999822e-01 3.089999999999999756e-04 9.491920000000000357e-01 3.146900000000000253e-01 -2.041999999999999978e-03
1.500000000000000000e+01 1.010000000000000000e+02 7.000000000000000000e+00 0.000000000000000000e+00 1.600000000000000089e+00 4.479999999999999933e-04 -2.039999999999999984e-04 1.000000000000000000e+00 8.863189999999999680e-01 4.630750000000000144e-01 -3.020000000000000223e-04 -4.630750000000000144e-01 8.863189999999999680e-01 3.879999999999999985e-04
1.900000000000000000e+01 1.010000000000000000e+02 7.000000000000000000e+00 0.000000000000000000e+00 1.600000000000000089e+00 3.569999999999999823e-03 8.730999999999999178e-03 9.999559999999999560e-01 8.876969999999999583e-01 4.603709999999999747e-01 -7.189000000000000078e-03 -4.604130000000000167e-01 8.876840000000000286e-01 -6.106999999999999582e-03
2.300000000000000000e+01 1.010000000000000000e+02 7.000000000000000000e+00 0.000000000000000000e+00 1.600000000000000089e+00 7.950000000000000252e-04 -7.244999999999999704e-03 9.999730000000000008e-01 8.890599999999999614e-01 4.577829999999999955e-01 2.609999999999999907e-03 -4.577899999999999747e-01 8.890339999999999909e-01 6.805000000000000285e-03
2.600000000000000000e+01 1.010000000000000000e+02 7.000000000000000000e+00 0.000000000000000000e+00 1.600000000000000089e+00 -5.710000000000000015e-04 -8.467999999999999833e-03 9.999639999999999640e-01 8.895060000000000189e-01 4.569030000000000036e-01 4.376999999999999814e-03 -4.569230000000000236e-01 8.894760000000000444e-01 7.270999999999999686e-03
4.000000000000000000e+00 2.500000000000000000e+01 8.000000000000000000e+00 0.000000000000000000e+00 1.600000000000000089e+00 -6.499999999999999431e-05 -2.468999999999999841e-03 -9.999970000000000248e-01 4.450549999999999784e-01 8.955009999999999915e-01 -2.239999999999999804e-03 8.955030000000000490e-01 -4.450529999999999764e-01 1.041000000000000042e-03
7.000000000000000000e+00 2.500000000000000000e+01 8.000000000000000000e+00 0.000000000000000000e+00 1.600000000000000089e+00 -5.090000000000000123e-04 -7.485000000000000334e-03 -9.999719999999999720e-01 4.471060000000000034e-01 8.944539999999999713e-01 -6.923000000000000334e-03 8.944809999999999706e-01 -4.470970000000000222e-01 2.890999999999999907e-03
1.100000000000000000e+01 2.500000000000000000e+01 8.000000000000000000e+00 0.000000000000000000e+00 1.600000000000000089e+00 -2.099999999999999870e-03 -5.506999999999999743e-03 -9.999829999999999552e-01 4.481550000000000256e-01 8.939369999999999816e-01 -5.864000000000000289e-03 8.939540000000000264e-01 -4.481589999999999741e-01 5.910000000000000539e-04
1.500000000000000000e+01 2.500000000000000000e+01 8.000000000000000000e+00 0.000000000000000000e+00 1.600000000000000089e+00 -1.502999999999999996e-03 -6.499999999999999702e-04 -9.999989999999999712e-01 4.490879999999999872e-01 8.934870000000000312e-01 -1.255999999999999955e-03 8.934860000000000024e-01 -4.490890000000000160e-01 -1.051000000000000068e-03
2.400000000000000000e+01 2.500000000000000000e+01 8.000000000000000000e+00 0.000000000000000000e+00 1.600000000000000089e+00 -1.779999999999999898e-04 -4.152999999999999574e-03 -9.999909999999999632e-01 4.489799999999999902e-01 8.935340000000000504e-01 -3.791000000000000099e-03 8.935419999999999474e-01 -4.489770000000000150e-01 1.704999999999999918e-03
2.800000000000000000e+01 2.500000000000000000e+01 8.000000000000000000e+00 0.000000000000000000e+00 1.600000000000000089e+00 -2.480000000000000108e-04 -5.910000000000000323e-03 -9.999829999999999552e-01 4.491550000000000264e-01 8.934379999999999544e-01 -5.390999999999999959e-03 8.934539999999999704e-01 -4.491479999999999917e-01 2.432999999999999833e-03
4.000000000000000000e+00 2.400000000000000000e+01 9.000000000000000000e+00 0.000000000000000000e+00 1.600000000000000089e+00 -3.570000000000000040e-04 -3.197999999999999888e-03 -9.999949999999999672e-01 4.507149999999999768e-01 8.926629999999999843e-01 -3.014999999999999885e-03 8.926680000000000170e-01 -4.507129999999999748e-01 1.121999999999999950e-03
7.000000000000000000e+00 2.400000000000000000e+01 9.000000000000000000e+00 0.000000000000000000e+00 1.600000000000000089e+00 -7.079999999999999705e-04 -7.713000000000000238e-03 -9.999700000000000255e-01 4.525730000000000031e-01 8.916979999999999906e-01 -7.198999999999999670e-03 8.917270000000000474e-01 -4.525649999999999951e-01 2.858999999999999996e-03
1.100000000000000000e+01 2.400000000000000000e+01 9.000000000000000000e+00 0.000000000000000000e+00 1.600000000000000089e+00 -1.760000000000000063e-03 -4.196000000000000077e-03 -9.999900000000000455e-01 4.536410000000000164e-01 8.911729999999999929e-01 -4.538000000000000367e-03 8.911829999999999474e-01 -4.536439999999999917e-01 3.350000000000000113e-04
1.600000000000000000e+01 2.400000000000000000e+01 9.000000000000000000e+00 0.000000000000000000e+00 1.600000000000000089e+00 -1.299000000000000024e-03 3.435999999999999818e-03 -9.999930000000000208e-01 4.548139999999999961e-01 8.905830000000000135e-01 2.468999999999999841e-03 8.905849999999999600e-01 -4.548079999999999901e-01 -2.720000000000000195e-03
2.400000000000000000e+01 2.400000000000000000e+01 9.000000000000000000e+00 0.000000000000000000e+00 1.600000000000000089e+00 1.999999999999999909e-06 -4.495999999999999996e-03 -9.999900000000000455e-01 4.534400000000000097e-01 8.912780000000000147e-01 -4.006000000000000012e-03 8.912870000000000514e-01 -4.534349999999999770e-01 2.040999999999999846e-03
1.300000000000000000e+01 3.100000000000000000e+01 1.200000000000000000e+01 0.000000000000000000e+00 1.600000000000000089e+00 1.900000000000000105e-04 -2.651999999999999844e-03 9.999959999999999960e-01 -7.050000000000000060e-04 9.999959999999999960e-01 2.651999999999999844e-03 -1.000000000000000000e+00 -7.050000000000000060e-04 1.890000000000000133e-04
2.700000000000000000e+01 3.100000000000000000e+01 1.200000000000000000e+01 0.000000000000000000e+00 1.600000000000000089e+00 -1.412999999999999977e-03 -5.125000000000000215e-03 9.999860000000000415e-01 -3.472999999999999959e-03 9.999810000000000088e-01 5.120000000000000419e-03 -9.999930000000000208e-01 -3.465999999999999897e-03 -1.430999999999999980e-03
8.000000000000000000e+00 3.200000000000000000e+01 1.400000000000000000e+01 0.000000000000000000e+00 1.600000000000000089e+00 1.939999999999999993e-04 -3.000000000000000076e-05 -1.000000000000000000e+00 1.084380000000000066e-01 9.941029999999999589e-01 -9.000000000000000228e-06 9.941029999999999589e-01 -1.084380000000000066e-01 1.959999999999999937e-04
1.900000000000000000e+01 3.200000000000000000e+01 1.400000000000000000e+01 0.000000000000000000e+00 1.600000000000000089e+00 1.369999999999999961e-04 4.272999999999999889e-03 -9.999909999999999632e-01 1.063130000000000047e-01 9.943239999999999856e-01 4.263000000000000296e-03 9.943330000000000224e-01 -1.063130000000000047e-01 -3.190000000000000019e-04
5.000000000000000000e+00 1.200000000000000000e+01 1.500000000000000000e+01 0.000000000000000000e+00 1.600000000000000089e+00 -2.112000000000000162e-03 -4.993000000000000042e-03 -9.999850000000000128e-01 -4.665850000000000275e-01 -8.844600000000000239e-01 5.401999999999999684e-03 -8.844739999999999824e-01 4.665889999999999760e-01 -4.620000000000000083e-04
8.000000000000000000e+00 1.200000000000000000e+01 1.500000000000000000e+01 0.000000000000000000e+00 1.600000000000000089e+00 -1.201999999999999943e-03 3.680000000000000003e-04 -9.999989999999999712e-01 -4.707540000000000058e-01 -8.822649999999999659e-01 2.420000000000000005e-04 -8.822640000000000482e-01 4.707540000000000058e-01 1.234000000000000071e-03
1.200000000000000000e+01 1.200000000000000000e+01 1.500000000000000000e+01 0.000000000000000000e+00 1.600000000000000089e+00 -6.819999999999999890e-04 -2.455000000000000151e-03 -9.999970000000000248e-01 -4.724160000000000026e-01 -8.813720000000000443e-01 2.485999999999999929e-03 -8.813760000000000483e-01 4.724160000000000026e-01 -5.590000000000000351e-04
1.400000000000000000e+01 1.160000000000000000e+02 1.600000000000000000e+01 0.000000000000000000e+00 1.600000000000000089e+00 4.879999999999999898e-04 2.416000000000000179e-03 9.999970000000000248e-01 6.948480000000000212e-01 7.191530000000000422e-01 -2.076999999999999853e-03 -7.191560000000000175e-01 6.948469999999999924e-01 -1.327000000000000055e-03
9.000000000000000000e+00 2.000000000000000000e+00 1.900000000000000000e+01 0.000000000000000000e+00 1.600000000000000089e+00 7.429999999999999539e-04 1.935000000000000088e-03 -9.999980000000000535e-01 1.901919999999999999e-01 -9.817449999999999788e-01 -1.758000000000000014e-03 -9.817470000000000363e-01 -1.901899999999999979e-01 -1.098000000000000018e-03
1.600000000000000000e+01 2.000000000000000000e+00 1.900000000000000000e+01 0.000000000000000000e+00 1.600000000000000089e+00 1.988000000000000184e-03 5.550000000000000462e-04 -9.999980000000000535e-01 1.910640000000000116e-01 -9.815779999999999506e-01 -1.649999999999999991e-04 -9.815760000000000041e-01 -1.910630000000000106e-01 -2.057999999999999934e-03
2.000000000000000000e+01 2.000000000000000000e+00 1.900000000000000000e+01 0.000000000000000000e+00 1.600000000000000089e+00 -7.849999999999999990e-04 -1.332000000000000068e-03 -9.999989999999999712e-01 1.927109999999999934e-01 -9.812549999999999883e-01 1.154999999999999994e-03 -9.812549999999999883e-01 -1.927099999999999924e-01 1.026999999999999918e-03
2.600000000000000000e+01 2.000000000000000000e+00 1.900000000000000000e+01 0.000000000000000000e+00 1.600000000000000089e+00 -1.265000000000000065e-03 -1.820000000000000003e-03 -9.999980000000000535e-01 1.948999999999999899e-01 -9.808219999999999716e-01 1.539000000000000003e-03 -9.808219999999999716e-01 -1.948979999999999879e-01 1.595000000000000064e-03
2.200000000000000000e+01 4.000000000000000000e+00 2.000000000000000000e+01 0.000000000000000000e+00 1.600000000000000089e+00 -3.034999999999999937e-03 -2.883000000000000146e-03 -9.999909999999999632e-01 3.068429999999999769e-01 -9.517579999999999929e-01 1.812000000000000026e-03 -9.517550000000000177e-01 -3.068350000000000244e-01 3.772999999999999878e-03
2.900000000000000000e+01 4.000000000000000000e+00 2.000000000000000000e+01 0.000000000000000000e+00 1.600000000000000089e+00 1.025000000000000086e-03 -3.174000000000000172e-03 -9.999940000000000495e-01 3.054430000000000200e-01 -9.522049999999999681e-01 3.334999999999999857e-03 -9.522100000000000009e-01 -3.054450000000000220e-01 -6.999999999999999895e-06
4.000000000000000000e+00 1.300000000000000000e+01 2.000000000000000000e+01 0.000000000000000000e+00 1.600000000000000089e+00 -1.169999999999999979e-04 -3.197999999999999888e-03 9.999949999999999672e-01 2.593639999999999834e-01 9.657750000000000501e-01 3.118999999999999811e-03 -9.657799999999999718e-01 2.593630000000000102e-01 7.159999999999999481e-04
1.000000000000000000e+01 1.300000000000000000e+01 2.000000000000000000e+01 0.000000000000000000e+00 1.600000000000000089e+00 -5.419999999999999471e-04 -3.527999999999999886e-03 9.999940000000000495e-01 2.609239999999999893e-01 9.653530000000000166e-01 3.546999999999999806e-03 -9.653589999999999671e-01 2.609250000000000180e-01 3.970000000000000005e-04
1.200000000000000000e+01 1.300000000000000000e+01 2.000000000000000000e+01 0.000000000000000000e+00 1.600000000000000089e+00 2.220000000000000022e-04 -1.098999999999999934e-03 9.999989999999999712e-01 2.608210000000000250e-01 9.653869999999999951e-01 1.002999999999999985e-03 -9.653869999999999951e-01 2.608210000000000250e-01 5.010000000000000347e-04
1.700000000000000000e+01 1.300000000000000000e+01 2.000000000000000000e+01 0.000000000000000000e+00 1.600000000000000089e+00 3.339999999999999870e-04 5.879999999999999810e-04 1.000000000000000000e+00 2.596609999999999752e-01 9.657000000000000028e-01 -6.539999999999999590e-04 -9.657000000000000028e-01 2.596609999999999752e-01 1.700000000000000122e-04
2.200000000000000000e+01 1.300000000000000000e+01 2.000000000000000000e+01 0.000000000000000000e+00 1.600000000000000089e+00 2.750000000000000166e-04 -1.399999999999999986e-03 9.999989999999999712e-01 2.583770000000000233e-01 9.660429999999999851e-01 1.281999999999999936e-03 -9.660440000000000138e-01 2.583770000000000233e-01 6.269999999999999532e-04
2.500000000000000000e+01 1.300000000000000000e+01 2.000000000000000000e+01 0.000000000000000000e+00 1.600000000000000089e+00 -1.082999999999999978e-03 1.216999999999999983e-03 9.999989999999999712e-01 2.576180000000000136e-01 9.662460000000000493e-01 -8.970000000000000109e-04 -9.662460000000000493e-01 2.576169999999999849e-01 -1.360000000000000098e-03
5.000000000000000000e+00 3.000000000000000000e+00 2.500000000000000000e+01 0.000000000000000000e+00 1.600000000000000089e+00 5.169999999999999899e-04 -4.015000000000000339e-03 9.999919999999999920e-01 -5.479200000000000043e-02 -9.984899999999999887e-01 -3.981000000000000164e-03 9.984979999999999967e-01 -5.478899999999999743e-02 -7.370000000000000249e-04
9.000000000000000000e+00 3.000000000000000000e+00 2.500000000000000000e+01 0.000000000000000000e+00 1.600000000000000089e+00 -8.840000000000000201e-04 2.642999999999999950e-03 9.999959999999999960e-01 -5.757999999999999924e-02 -9.983379999999999477e-01 2.586999999999999890e-03 9.983400000000000052e-01 -5.757700000000000318e-02 1.034999999999999896e-03
1.400000000000000000e+01 3.000000000000000000e+00 2.500000000000000000e+01 0.000000000000000000e+00 1.600000000000000089e+00 1.051999999999999984e-03 5.472000000000000301e-03 9.999850000000000128e-01 -5.866299999999999987e-02 -9.982630000000000114e-01 5.524000000000000264e-03 9.982769999999999699e-01 -5.866799999999999793e-02 -7.290000000000000473e-04
2.200000000000000000e+01 3.000000000000000000e+00 2.500000000000000000e+01 0.000000000000000000e+00 1.600000000000000089e+00 -2.900000000000000017e-05 -2.164999999999999824e-03 9.999980000000000535e-01 -6.919500000000000650e-02 -9.976009999999999600e-01 -2.161999999999999859e-03 9.976030000000000175e-01 -6.919400000000000550e-02 -1.210000000000000002e-04
2.800000000000000000e+01 3.000000000000000000e+00 2.500000000000000000e+01 0.000000000000000000e+00 1.600000000000000089e+00 -3.889000000000000096e-03 -7.428999999999999840e-03 9.999649999999999928e-01 -6.627299999999999858e-02 -9.977719999999999922e-01 -7.669999999999999735e-03 9.977939999999999587e-01 -6.629999999999999782e-02 3.387999999999999953e-03
2.000000000000000000e+00 4.600000000000000000e+01 2.700000000000000000e+01 0.000000000000000000e+00 1.600000000000000089e+00 -8.109999999999999805e-04 -2.173000000000000018e-03 -9.999970000000000248e-01 6.768910000000000204e-01 7.360799999999999566e-01 -2.148000000000000170e-03 7.360830000000000428e-01 -6.768910000000000204e-01 8.739999999999999939e-04
9.000000000000000000e+00 4.600000000000000000e+01 2.700000000000000000e+01 0.000000000000000000e+00 1.600000000000000089e+00 -4.389999999999999914e-04 -5.100000000000000366e-04 -1.000000000000000000e+00 6.787560000000000260e-01 7.343640000000000168e-01 -6.719999999999999628e-04 7.343640000000000168e-01 -6.787560000000000260e-01 2.400000000000000061e-05
1.300000000000000000e+01 4.600000000000000000e+01 2.700000000000000000e+01 0.000000000000000000e+00 1.600000000000000089e+00 8.149999999999999693e-04 4.000000000000000327e-05 -1.000000000000000000e+00 6.782040000000000290e-01 7.348740000000000272e-01 5.829999999999999679e-04 7.348729999999999984e-01 -6.782040000000000290e-01 5.720000000000000258e-04
1.700000000000000000e+01 4.600000000000000000e+01 2.700000000000000000e+01 0.000000000000000000e+00 1.600000000000000089e+00 1.263000000000000017e-03 -5.450000000000000200e-04 -9.999989999999999712e-01 6.784949999999999593e-01 7.346049999999999525e-01 4.569999999999999952e-04 7.346040000000000347e-01 -6.784949999999999593e-01 1.297999999999999892e-03
3.000000000000000000e+00 4.600000000000000000e+01 3.000000000000000000e+01 0.000000000000000000e+00 1.600000000000000089e+00 -9.699999999999999963e-05 -1.242999999999999964e-03 -9.999989999999999712e-01 3.298499999999999766e-01 9.440330000000000110e-01 -1.204999999999999908e-03 9.440330000000000110e-01 -3.298499999999999766e-01 3.190000000000000019e-04
3.000000000000000000e+00 5.800000000000000000e+01 3.100000000000000000e+01 0.000000000000000000e+00 1.600000000000000089e+00 -3.448000000000000110e-03 -6.949999999999999798e-04 9.999940000000000495e-01 -8.073590000000000488e-01 -5.900520000000000209e-01 -3.193999999999999791e-03 5.900499999999999634e-01 -8.073649999999999993e-01 1.472999999999999917e-03
7.000000000000000000e+00 5.800000000000000000e+01 3.100000000000000000e+01 0.000000000000000000e+00 1.600000000000000089e+00 -2.654999999999999808e-03 -8.199999999999999824e-04 9.999959999999999960e-01 -8.101209999999999800e-01 -5.862559999999999993e-01 -2.631000000000000092e-03 5.862559999999999993e-01 -8.101249999999999840e-01 8.919999999999999978e-04
1.100000000000000000e+01 5.800000000000000000e+01 3.100000000000000000e+01 0.000000000000000000e+00 1.600000000000000089e+00 6.380000000000000037e-04 -3.039000000000000035e-03 9.999949999999999672e-01 -8.102190000000000225e-01 -5.861269999999999536e-01 -1.263999999999999933e-03 5.861279999999999824e-01 -8.102139999999999898e-01 -2.835999999999999979e-03
1.500000000000000000e+01 5.800000000000000000e+01 3.100000000000000000e+01 0.000000000000000000e+00 1.600000000000000089e+00 -2.015999999999999997e-03 -4.310000000000000137e-04 9.999980000000000535e-01 -8.101800000000000113e-01 -5.861779999999999768e-01 -1.886000000000000090e-03 5.861779999999999768e-01 -8.101819999999999578e-01 8.329999999999999731e-04
2.200000000000000000e+01 5.800000000000000000e+01 3.100000000000000000e+01 0.000000000000000000e+00 1.600000000000000089e+00 -6.319999999999999663e-04 1.425999999999999967e-03 9.999989999999999712e-01 -8.120150000000000423e-01 -5.836360000000000436e-01 3.190000000000000019e-04 5.836360000000000436e-01 -8.120140000000000136e-01 1.526999999999999929e-03
2.600000000000000000e+01 5.800000000000000000e+01 3.100000000000000000e+01 0.000000000000000000e+00 1.600000000000000089e+00 1.965999999999999866e-03 2.664000000000000135e-03 9.999949999999999672e-01 -8.076780000000000070e-01 -5.896150000000000002e-01 3.158999999999999916e-03 5.896200000000000330e-01 -8.076799999999999535e-01 9.920000000000000432e-04
4.000000000000000000e+00 4.600000000000000000e+01 3.500000000000000000e+01 0.000000000000000000e+00 1.600000000000000089e+00 -3.469999999999999777e-04 -2.654999999999999808e-03 -9.999959999999999960e-01 3.895600000000000174e-01 -9.209979999999999833e-01 2.309999999999999987e-03 -9.210009999999999586e-01 -3.895580000000000154e-01 1.353000000000000036e-03
1.000000000000000000e+01 4.600000000000000000e+01 3.500000000000000000e+01 0.000000000000000000e+00 1.600000000000000089e+00 1.369999999999999961e-04 1.958000000000000105e-03 -9.999980000000000535e-01 3.922539999999999916e-01 -9.198549999999999782e-01 -1.747000000000000072e-03 -9.198570000000000357e-01 -3.922530000000000183e-01 -8.940000000000000464e-04
1.600000000000000000e+01 4.600000000000000000e+01 3.500000000000000000e+01 0.000000000000000000e+00 1.600000000000000089e+00 -5.270000000000000162e-04 -8.980000000000000352e-04 -1.000000000000000000e+00 3.923459999999999726e-01 -9.198180000000000245e-01 6.199999999999999999e-04 -9.198180000000000245e-01 -3.923449999999999993e-01 8.369999999999999619e-04
2.200000000000000000e+01 4.600000000000000000e+01 3.500000000000000000e+01 0.000000000000000000e+00 1.600000000000000089e+00 5.990000000000000316e-04 -6.930000000000000396e-04 -1.000000000000000000e+00 3.915669999999999984e-01 -9.201489999999999947e-01 8.720000000000000537e-04 -9.201489999999999947e-01 -3.915669999999999984e-01 -2.799999999999999755e-04
2.800000000000000000e+01 4.600000000000000000e+01 3.500000000000000000e+01 0.000000000000000000e+00 1.600000000000000089e+00 -7.450000000000000025e-04 -7.251999999999999766e-03 -9.999730000000000008e-01 3.915580000000000171e-01 -9.201310000000000322e-01 6.381999999999999652e-03 -9.201529999999999987e-01 -3.915429999999999744e-01 3.524999999999999922e-03
1.100000000000000000e+01 9.500000000000000000e+01 3.600000000000000000e+01 0.000000000000000000e+00 1.600000000000000089e+00 -8.109999999999999154e-03 -1.446000000000000020e-03 9.999660000000000215e-01 9.970750000000000446e-01 7.599499999999999311e-02 8.196000000000000160e-03 -7.600400000000000211e-02 9.971069999999999656e-01 8.260000000000000198e-04
1.700000000000000000e+01 9.500000000000000000e+01 3.600000000000000000e+01 0.000000000000000000e+00 1.600000000000000089e+00 1.994000000000000113e-03 -2.053500000000000117e-02 9.997869999999999813e-01 9.969799999999999773e-01 7.765800000000000480e-02 -3.930000000000000117e-04 -7.763299999999999368e-02 9.967690000000000161e-01 2.062800000000000050e-02
4.000000000000000000e+00 2.900000000000000000e+01 4.400000000000000000e+01 0.000000000000000000e+00 1.600000000000000089e+00 -5.680000000000000370e-04 -1.131000000000000061e-03 -9.999989999999999712e-01 6.665929999999999911e-01 7.454210000000000003e-01 -1.221999999999999996e-03 7.454210000000000003e-01 -6.665940000000000198e-01 3.310000000000000225e-04
1.000000000000000000e+01 2.900000000000000000e+01 4.400000000000000000e+01 0.000000000000000000e+00 1.600000000000000089e+00 2.484999999999999796e-03 -2.753999999999999938e-03 -9.999930000000000208e-01 6.752820000000000489e-01 7.375589999999999646e-01 -3.530000000000000152e-04 7.375549999999999606e-01 -6.752770000000000161e-01 3.693000000000000102e-03
1.300000000000000000e+01 2.900000000000000000e+01 4.400000000000000000e+01 0.000000000000000000e+00 1.600000000000000089e+00 1.252999999999999991e-03 -3.938999999999999793e-03 -9.999909999999999632e-01 6.719019999999999992e-01 7.406369999999999898e-01 -2.075000000000000022e-03 7.406390000000000473e-01 -6.718939999999999912e-01 3.573999999999999920e-03
1.900000000000000000e+01 2.900000000000000000e+01 4.400000000000000000e+01 0.000000000000000000e+00 1.600000000000000089e+00 -9.420000000000000205e-04 -5.089999999999999906e-03 -9.999869999999999592e-01 6.665360000000000174e-01 7.454589999999999828e-01 -4.422999999999999848e-03 7.454720000000000235e-01 -6.665320000000000134e-01 2.690000000000000117e-03
2.200000000000000000e+01 2.900000000000000000e+01 4.400000000000000000e+01 0.000000000000000000e+00 1.600000000000000089e+00 -2.739999999999999923e-04 -5.281000000000000104e-03 -9.999860000000000415e-01 6.646980000000000111e-01 7.471010000000000151e-01 -4.127999999999999725e-03 7.471119999999999983e-01 -6.646900000000000031e-01 3.305999999999999911e-03
2.700000000000000000e+01 2.900000000000000000e+01 4.400000000000000000e+01 0.000000000000000000e+00 1.600000000000000089e+00 9.859999999999998974e-04 1.497000000000000067e-03 -9.999980000000000535e-01 6.548760000000000137e-01 7.557350000000000456e-01 1.776999999999999934e-03 7.557359999999999634e-01 -6.548760000000000137e-01 -2.349999999999999930e-04
7.000000000000000000e+00 5.000000000000000000e+00 5.100000000000000000e+01 0.000000000000000000e+00 1.600000000000000089e+00 -1.101999999999999898e-03 -2.553000000000000148e-03 -9.999959999999999960e-01 4.836770000000000236e-01 -8.752450000000000507e-01 1.701999999999999954e-03 -8.752459999999999685e-01 -4.836730000000000196e-01 2.200000000000000133e-03
1.500000000000000000e+01 5.000000000000000000e+00 5.100000000000000000e+01 0.000000000000000000e+00 1.600000000000000089e+00 7.519999999999999558e-04 1.090000000000000040e-03 -9.999989999999999712e-01 4.862819999999999920e-01 -8.738019999999999676e-01 -5.869999999999999567e-04 -8.738019999999999676e-01 -4.862810000000000188e-01 -1.188000000000000037e-03
2.000000000000000000e+01 5.000000000000000000e+00 5.100000000000000000e+01 0.000000000000000000e+00 1.600000000000000089e+00 -4.290000000000000193e-04 -5.439999999999999957e-04 -1.000000000000000000e+00 4.828580000000000094e-01 -8.756990000000000052e-01 2.689999999999999791e-04 -8.756990000000000052e-01 -4.828580000000000094e-01 6.380000000000000037e-04
2.800000000000000000e+01 5.000000000000000000e+00 5.100000000000000000e+01 0.000000000000000000e+00 1.600000000000000089e+00 1.521999999999999915e-03 -3.052000000000000025e-03 -9.999940000000000495e-01 4.895639999999999992e-01 -8.719609999999999861e-01 3.406999999999999872e-03 -8.719660000000000188e-01 -4.895660000000000012e-01 1.669999999999999935e-04
4.000000000000000000e+00 1.600000000000000000e+01 5.200000000000000000e+01 0.000000000000000000e+00 1.600000000000000089e+00 -1.380800000000000083e-02 -2.252200000000000035e-02 -9.996509999999999563e-01 7.898290000000000033e-01 6.128289999999999571e-01 -2.471599999999999839e-02 6.131720000000000503e-01 -7.898950000000000138e-01 9.325999999999999221e-03
3.000000000000000000e+00 6.300000000000000000e+01 5.400000000000000000e+01 0.000000000000000000e+00 1.600000000000000089e+00 -2.950000000000000148e-04 -3.367000000000000201e-03 9.999940000000000495e-01 -3.492759999999999754e-01 9.370150000000000423e-01 3.050999999999999893e-03 -9.370199999999999640e-01 -3.492730000000000001e-01 -1.451999999999999949e-03
8.000000000000000000e+00 6.300000000000000000e+01 5.400000000000000000e+01 0.000000000000000000e+00 1.600000000000000089e+00 1.124999999999999915e-03 -4.550000000000000008e-04 9.999989999999999712e-01 -3.416589999999999905e-01 9.398239999999999927e-01 8.120000000000000048e-04 -9.398229999999999640e-01 -3.416600000000000192e-01 9.020000000000000240e-04
1.300000000000000000e+01 6.300000000000000000e+01 5.400000000000000000e+01 0.000000000000000000e+00 1.600000000000000089e+00 2.349999999999999930e-04 4.820000000000000066e-04 1.000000000000000000e+00 -3.456830000000000180e-01 9.383510000000000462e-01 -3.710000000000000190e-04 -9.383510000000000462e-01 -3.456830000000000180e-01 3.869999999999999742e-04
1.800000000000000000e+01 6.300000000000000000e+01 5.400000000000000000e+01 0.000000000000000000e+00 1.600000000000000089e+00 -4.169999999999999987e-04 1.494000000000000102e-03 9.999989999999999712e-01 -3.486150000000000082e-01 9.372650000000000148e-01 -1.546000000000000065e-03 -9.372660000000000435e-01 -3.486159999999999815e-01 1.299999999999999886e-04
2.700000000000000000e+01 6.300000000000000000e+01 5.400000000000000000e+01 0.000000000000000000e+00 1.600000000000000089e+00 1.835000000000000043e-03 5.845000000000000369e-03 9.999810000000000088e-01 -3.557989999999999764e-01 9.345499999999999918e-01 -4.810000000000000039e-03 -9.345609999999999751e-01 -3.557830000000000159e-01 3.794000000000000063e-03
1.100000000000000000e+01 2.500000000000000000e+01 5.500000000000000000e+01 0.000000000000000000e+00 1.600000000000000089e+00 1.240999999999999916e-03 2.066999999999999827e-03 -9.999970000000000248e-01 -8.661000000000000296e-03 -9.999599999999999600e-01 -2.077999999999999986e-03 -9.999620000000000175e-01 8.663999999999999826e-03 -1.222999999999999912e-03
9.000000000000000000e+00 6.800000000000000000e+01 5.700000000000000000e+01 0.000000000000000000e+00 1.600000000000000089e+00 6.040000000000000447e-04 3.625000000000000184e-03 -9.999930000000000208e-01 -2.426560000000000106e-01 -9.701060000000000239e-01 -3.664000000000000156e-03 -9.701119999999999743e-01 2.426560000000000106e-01 2.930000000000000204e-04
1.500000000000000000e+01 2.000000000000000000e+01 6.000000000000000000e+01 0.000000000000000000e+00 1.600000000000000089e+00 8.711999999999999258e-03 -1.754199999999999857e-02 9.998080000000000300e-01 -6.167500000000000066e-02 9.979329999999999590e-01 1.804700000000000054e-02 -9.980580000000000007e-01 -6.181999999999999995e-02 7.611999999999999843e-03
2.400000000000000000e+01 2.000000000000000000e+01 6.000000000000000000e+01 0.000000000000000000e+00 1.600000000000000089e+00 -5.884999999999999606e-03 1.216999999999999983e-03 9.999820000000000375e-01 -4.897900000000000170e-02 9.987989999999999924e-01 -1.503999999999999912e-03 -9.987829999999999764e-01 -4.898700000000000276e-02 -5.818000000000000255e-03
1.000000000000000000e+00 2.100000000000000000e+01 6.000000000000000000e+01 0.000000000000000000e+00 1.600000000000000089e+00 -3.983999999999999694e-03 -7.110000000000000434e-04 9.999919999999999920e-01 -9.650499999999999357e-02 9.953319999999999945e-01 3.229999999999999907e-04 -9.953239999999999865e-01 -9.650300000000000544e-02 -4.034000000000000259e-03
3.000000000000000000e+01 2.100000000000000000e+01 6.000000000000000000e+01 0.000000000000000000e+00 1.600000000000000089e+00 -8.026999999999999413e-03 5.623999999999999659e-03 9.999519999999999520e-01 -9.478100000000000414e-02 9.954779999999999740e-01 -6.360000000000000202e-03 -9.954659999999999620e-01 -9.482799999999999563e-02 -7.457000000000000087e-03
7.000000000000000000e+00 6.000000000000000000e+00 6.100000000000000000e+01 0.000000000000000000e+00 1.600000000000000089e+00 2.932999999999999843e-03 -6.583000000000000310e-03 9.999740000000000295e-01 5.689349999999999685e-01 -8.223519999999999719e-01 -7.081999999999999754e-03 8.223770000000000246e-01 5.689410000000000300e-01 1.332999999999999984e-03
1.500000000000000000e+01 3.000000000000000000e+00 6.300000000000000000e+01 0.000000000000000000e+00 1.600000000000000089e+00 1.270999999999999994e-03 -2.003000000000000006e-03 9.999970000000000248e-01 -6.167550000000000532e-01 7.871519999999999628e-01 2.360999999999999818e-03 -7.871540000000000203e-01 -6.167559999999999709e-01 -2.349999999999999930e-04
2.000000000000000000e+00 2.700000000000000000e+01 6.300000000000000000e+01 0.000000000000000000e+00 1.600000000000000089e+00 -1.863000000000000073e-03 -4.990999999999999777e-03 9.999860000000000415e-01 -2.716410000000000213e-01 9.623890000000000500e-01 4.296999999999999605e-03 -9.623969999999999470e-01 -2.716290000000000093e-01 -3.148000000000000190e-03
6.000000000000000000e+00 2.700000000000000000e+01 6.300000000000000000e+01 0.000000000000000000e+00 1.600000000000000089e+00 -2.030000000000000012e-04 -3.930000000000000117e-04 1.000000000000000000e+00 -2.737249999999999961e-01 9.618079999999999963e-01 3.229999999999999907e-04 -9.618079999999999963e-01 -2.737249999999999961e-01 -3.029999999999999924e-04
1.200000000000000000e+01 2.700000000000000000e+01 6.300000000000000000e+01 0.000000000000000000e+00 1.600000000000000089e+00 -3.759999999999999779e-04 7.086000000000000285e-03 9.999749999999999472e-01 -2.704239999999999977e-01 9.627170000000000449e-01 -6.923999999999999599e-03 -9.627409999999999579e-01 -2.704190000000000205e-01 1.554000000000000043e-03
1.900000000000000000e+01 2.700000000000000000e+01 6.300000000000000000e+01 0.000000000000000000e+00 1.600000000000000089e+00 6.043999999999999893e-03 1.175000000000000046e-03 9.999810000000000088e-01 -2.846029999999999949e-01 9.586449999999999694e-01 5.940000000000000184e-04 -9.586270000000000069e-01 -2.846009999999999929e-01 6.127999999999999767e-03
2.200000000000000000e+01 2.700000000000000000e+01 6.300000000000000000e+01 0.000000000000000000e+00 1.600000000000000089e+00 3.510000000000000099e-03 3.282999999999999894e-03 9.999879999999999880e-01 -2.886329999999999729e-01 9.574380000000000113e-01 -2.129999999999999949e-03 -9.574329999999999785e-01 -2.886219999999999897e-01 4.308000000000000197e-03
3.000000000000000000e+01 2.700000000000000000e+01 6.300000000000000000e+01 0.000000000000000000e+00 1.600000000000000089e+00 -8.021999999999999617e-03 -3.559999999999999797e-04 9.999679999999999680e-01 -2.699659999999999838e-01 9.628679999999999461e-01 -1.822999999999999968e-03 -9.628360000000000252e-01 -2.699719999999999898e-01 -7.820999999999999827e-03
2.000000000000000000e+00 2.600000000000000000e+01 6.400000000000000000e+01 0.000000000000000000e+00 1.600000000000000089e+00 -8.229999999999999469e-04 -5.126000000000000348e-03 9.999869999999999592e-01 -3.555570000000000119e-01 9.346440000000000303e-01 4.499000000000000395e-03 -9.346539999999999848e-01 -3.555479999999999752e-01 -2.590999999999999987e-03
7.000000000000000000e+00 2.600000000000000000e+01 6.400000000000000000e+01 0.000000000000000000e+00 1.600000000000000089e+00 4.130000000000000099e-04 1.038999999999999993e-03 9.999989999999999712e-01 -3.572940000000000005e-01 9.339920000000000444e-01 -8.229999999999999469e-04 -9.339920000000000444e-01 -3.572930000000000272e-01 7.569999999999999689e-04
1.100000000000000000e+01 2.600000000000000000e+01 6.400000000000000000e+01 0.000000000000000000e+00 1.600000000000000089e+00 -8.180000000000000422e-04 6.963999999999999704e-03 9.999749999999999472e-01 -3.533419999999999894e-01 9.354689999999999950e-01 -6.804000000000000152e-03 -9.354940000000000477e-01 -3.533390000000000142e-01 1.694999999999999892e-03
2.200000000000000000e+01 2.600000000000000000e+01 6.400000000000000000e+01 0.000000000000000000e+00 1.600000000000000089e+00 5.559999999999999838e-03 8.247000000000000858e-03 9.999510000000000343e-01 -3.780020000000000047e-01 9.257880000000000553e-01 -5.532999999999999724e-03 -9.257880000000000553e-01 -3.779529999999999834e-01 8.264999999999999777e-03
2.200000000000000000e+01 6.900000000000000000e+01 6.600000000000000000e+01 0.000000000000000000e+00 1.600000000000000089e+00 -3.321000000000000167e-03 3.516000000000000028e-03 9.999879999999999880e-01 -9.499220000000000441e-01 3.124589999999999868e-01 -4.252999999999999836e-03 -3.124700000000000255e-01 -9.499250000000000194e-01 2.301999999999999793e-03
6.000000000000000000e+00 2.500000000000000000e+01 7.300000000000000000e+01 0.000000000000000000e+00 1.600000000000000089e+00 -8.369999999999999619e-04 3.197000000000000189e-03 9.999949999999999672e-01 7.456220000000000070e-01 -6.663639999999999564e-01 2.755000000000000070e-03 6.663689999999999891e-01 7.456199999999999495e-01 -1.825999999999999932e-03
1.000000000000000000e+01 2.500000000000000000e+01 7.300000000000000000e+01 0.000000000000000000e+00 1.600000000000000089e+00 -1.000000000000000021e-03 -3.200000000000000153e-03 9.999940000000000495e-01 7.437550000000000550e-01 -6.684499999999999886e-01 -1.394999999999999973e-03 6.684510000000000174e-01 7.437500000000000222e-01 3.049000000000000061e-03
2.000000000000000000e+01 2.500000000000000000e+01 7.300000000000000000e+01 0.000000000000000000e+00 1.600000000000000089e+00 -1.672000000000000092e-03 -4.440000000000000045e-04 9.999989999999999712e-01 7.444460000000000521e-01 -6.676819999999999977e-01 9.489999999999999738e-04 6.676809999999999690e-01 7.444460000000000521e-01 1.446999999999999936e-03
2.400000000000000000e+01 2.500000000000000000e+01 7.300000000000000000e+01 0.000000000000000000e+00 1.600000000000000089e+00 2.599999999999999840e-05 -2.135000000000000179e-03 9.999980000000000535e-01 7.458919999999999995e-01 -6.660660000000000469e-01 -1.441000000000000007e-03 6.660669999999999646e-01 7.458900000000000530e-01 1.575000000000000011e-03
3.000000000000000000e+00 4.400000000000000000e+01 7.300000000000000000e+01 0.000000000000000000e+00 1.600000000000000089e+00 6.999999999999999895e-06 1.379999999999999933e-04 1.000000000000000000e+00 5.424299999999999955e-02 -9.985279999999999712e-01 1.369999999999999961e-04 9.985279999999999712e-01 5.424299999999999955e-02 -1.399999999999999979e-05
8.000000000000000000e+00 4.400000000000000000e+01 7.300000000000000000e+01 0.000000000000000000e+00 1.600000000000000089e+00 -1.206999999999999957e-03 -2.014999999999999864e-03 9.999970000000000248e-01 5.032500000000000168e-02 -9.987310000000000354e-01 -1.951000000000000043e-03 9.987319999999999531e-01 5.032299999999999968e-02 1.307000000000000002e-03
1.700000000000000000e+01 4.400000000000000000e+01 7.300000000000000000e+01 0.000000000000000000e+00 1.600000000000000089e+00 -1.015999999999999976e-03 -1.217999999999999899e-03 9.999989999999999712e-01 4.971400000000000124e-02 -9.987629999999999564e-01 -1.165999999999999936e-03 9.987629999999999564e-01 4.971300000000000024e-02 1.075999999999999917e-03
2.000000000000000000e+01 4.400000000000000000e+01 7.300000000000000000e+01 0.000000000000000000e+00 1.600000000000000089e+00 -3.959999999999999762e-04 -1.075999999999999917e-03 9.999989999999999712e-01 5.008699999999999958e-02 -9.987439999999999651e-01 -1.054999999999999948e-03 9.987449999999999939e-01 5.008599999999999858e-02 4.499999999999999877e-04
2.300000000000000000e+01 4.400000000000000000e+01 7.300000000000000000e+01 0.000000000000000000e+00 1.600000000000000089e+00 -1.461000000000000059e-03 -1.379999999999999933e-03 9.999980000000000535e-01 5.074100000000000138e-02 -9.987110000000000154e-01 -1.304000000000000038e-03 9.987110000000000154e-01 5.073899999999999938e-02 1.528999999999999977e-03
1.300000000000000000e+01 2.500000000000000000e+01 7.400000000000000000e+01 0.000000000000000000e+00 1.600000000000000089e+00 1.211000000000000054e-03 -1.724999999999999971e-03 9.999980000000000535e-01 8.204709999999999503e-01 -5.716839999999999700e-01 -1.979999999999999989e-03 5.716860000000000275e-01 8.204719999999999791e-01 7.230000000000000098e-04
3.000000000000000000e+01 2.500000000000000000e+01 7.400000000000000000e+01 0.000000000000000000e+00 1.600000000000000089e+00 5.523000000000000131e-03 6.529000000000000081e-03 9.999630000000000463e-01 8.254439999999999555e-01 -5.644829999999999570e-01 -8.739999999999999939e-04 5.644569999999999865e-01 8.254190000000000138e-01 -8.507000000000000672e-03
1.200000000000000000e+01 5.100000000000000000e+01 7.600000000000000000e+01 0.000000000000000000e+00 1.600000000000000089e+00 1.459999999999999981e-04 7.510000000000000399e-04 -1.000000000000000000e+00 -4.012560000000000016e-01 -9.159650000000000292e-01 -7.470000000000000511e-04 -9.159659999999999469e-01 4.012560000000000016e-01 1.669999999999999935e-04
