1.500000000000000000e+01 1.010000000000000000e+02 7.000000000000000000e+00 0.000000000000000000e+00 1.600000000000000089e+00 -1.250000000000000026e-03 -3.461000000000000101e-03 9.999930000000000208e-01 8.856009999999999716e-01 4.644389999999999907e-01 2.714999999999999965e-03 -4.644460000000000255e-01 8.855979999999999963e-01 2.484000000000000097e-03
2.500000000000000000e+01 1.010000000000000000e+02 7.000000000000000000e+00 0.000000000000000000e+00 1.600000000000000089e+00 -9.600000000000000243e-04 4.307000000000000065e-03 9.999900000000000455e-01 8.822050000000000169e-01 4.708629999999999760e-01 -1.180999999999999975e-03 -4.708640000000000048e-01 8.821959999999999802e-01 -4.251999999999999703e-03
2.300000000000000000e+01 1.500000000000000000e+01 8.000000000000000000e+00 0.000000000000000000e+00 1.600000000000000089e+00 -1.877999999999999895e-03 -1.264499999999999999e-02 -9.999179999999999735e-01 -6.279850000000000154e-01 -7.781479999999999508e-01 1.102000000000000028e-02 -7.782229999999999981e-01 6.279540000000000122e-01 -6.479999999999999649e-03
2.800000000000000000e+01 1.500000000000000000e+01 8.000000000000000000e+00 0.000000000000000000e+00 1.600000000000000089e+00 5.559999999999999621e-04 6.618999999999999884e-03 -9.999780000000000335e-01 -6.285899999999999821e-01 -7.777169999999999916e-01 -5.497000000000000150e-03 -7.777359999999999829e-01 6.285800000000000276e-01 3.729000000000000110e-03
1.000000000000000000e+00 2.500000000000000000e+01 8.000000000000000000e+00 0.000000000000000000e+00 1.600000000000000089e+00 1.830999999999999945e-03 1.757099999999999981e-02 -9.998439999999999550e-01 4.463139999999999885e-01 8.947239999999999638e-01 1.654100000000000015e-02 8.948749999999999760e-01 -4.462749999999999773e-01 -6.203000000000000180e-03
5.000000000000000000e+00 2.500000000000000000e+01 8.000000000000000000e+00 0.000000000000000000e+00 1.600000000000000089e+00 2.537999999999999892e-03 9.599999999999999159e-03 -9.999510000000000343e-01 4.447729999999999739e-01 8.955899999999999972e-01 9.726999999999999535e-03 8.956399999999999917e-01 -4.447760000000000047e-01 -1.997000000000000077e-03
1.000000000000000000e+01 2.500000000000000000e+01 8.000000000000000000e+00 0.000000000000000000e+00 1.600000000000000089e+00 2.599999999999999840e-05 7.690000000000000438e-04 -1.000000000000000000e+00 4.440310000000000090e-01 8.960110000000000019e-01 7.010000000000000172e-04 8.960110000000000019e-01 -4.440310000000000090e-01 -3.179999999999999776e-04
1.400000000000000000e+01 2.500000000000000000e+01 8.000000000000000000e+00 0.000000000000000000e+00 1.600000000000000089e+00 -9.139999999999999904e-04 -1.629000000000000023e-03 -9.999980000000000535e-01 4.457559999999999856e-01 8.951529999999999765e-01 -1.866000000000000037e-03 8.951540000000000052e-01 -4.457570000000000143e-01 -9.200000000000000007e-05
1.700000000000000000e+01 2.500000000000000000e+01 8.000000000000000000e+00 0.000000000000000000e+00 1.600000000000000089e+00 2.919999999999999961e-04 -2.798000000000000140e-03 -9.999959999999999960e-01 4.467220000000000080e-01 8.946690000000000476e-01 -2.371999999999999977e-03 8.946730000000000516e-01 -4.467200000000000060e-01 1.510999999999999973e-03
2.200000000000000000e+01 2.500000000000000000e+01 8.000000000000000000e+00 0.000000000000000000e+00 1.600000000000000089e+00 8.769999999999999584e-04 6.210000000000000242e-04 -9.999989999999999712e-01 4.452940000000000231e-01 8.953839999999999577e-01 9.470000000000000336e-04 8.953839999999999577e-01 -4.452949999999999964e-01 5.090000000000000123e-04
2.600000000000000000e+01 2.500000000000000000e+01 8.000000000000000000e+00 0.000000000000000000e+00 1.600000000000000089e+00 1.301000000000000073e-03 -4.425000000000000114e-03 -9.999890000000000168e-01 4.441999999999999837e-01 8.959209999999999674e-01 -3.386999999999999820e-03 8.959260000000000002e-01 -4.441910000000000025e-01 3.131999999999999802e-03
6.000000000000000000e+00 9.000000000000000000e+00 9.000000000000000000e+00 0.000000000000000000e+00 1.600000000000000089e+00 3.634000000000000077e-03 -7.887999999999999179e-03 -9.999620000000000175e-01 -9.440269999999999495e-01 -3.298659999999999926e-01 -8.279999999999999600e-04 -3.298470000000000013e-01 9.439950000000000285e-01 -8.644999999999999907e-03
1.300000000000000000e+01 9.000000000000000000e+00 9.000000000000000000e+00 0.000000000000000000e+00 1.600000000000000089e+00 -2.072299999999999837e-02 -2.302999999999999839e-02 -9.995199999999999640e-01 -9.462080000000000490e-01 -3.224270000000000191e-01 2.704700000000000160e-02 -3.228949999999999876e-01 9.463139999999999885e-01 -1.511000000000000017e-02
5.000000000000000000e+00 2.400000000000000000e+01 9.000000000000000000e+00 0.000000000000000000e+00 1.600000000000000089e+00 2.599999999999999881e-03 1.014900000000000004e-02 -9.999449999999999728e-01 4.525020000000000153e-01 8.917049999999999699e-01 1.022699999999999998e-02 8.917589999999999684e-01 -4.525040000000000173e-01 -2.273999999999999980e-03
8.000000000000000000e+00 2.400000000000000000e+01 9.000000000000000000e+00 0.000000000000000000e+00 1.600000000000000089e+00 1.214000000000000018e-03 1.907999999999999974e-03 -9.999970000000000248e-01 4.515370000000000217e-01 8.922489999999999588e-01 2.249999999999999830e-03 8.922510000000000163e-01 -4.515390000000000237e-01 2.210000000000000050e-04
1.400000000000000000e+01 2.400000000000000000e+01 9.000000000000000000e+00 0.000000000000000000e+00 1.600000000000000089e+00 -1.221000000000000080e-03 -1.843999999999999936e-03 -9.999980000000000535e-01 4.534949999999999815e-01 8.912560000000000482e-01 -2.197000000000000168e-03 8.912579999999999947e-01 -4.534969999999999835e-01 -2.519999999999999996e-04
1.700000000000000000e+01 2.400000000000000000e+01 9.000000000000000000e+00 0.000000000000000000e+00 1.600000000000000089e+00 -6.200000000000000270e-05 -2.867000000000000191e-03 -9.999959999999999960e-01 4.547010000000000218e-01 8.906399999999999872e-01 -2.580999999999999961e-03 8.906439999999999912e-01 -4.546999999999999931e-01 1.247999999999999977e-03
2.300000000000000000e+01 2.400000000000000000e+01 9.000000000000000000e+00 0.000000000000000000e+00 1.600000000000000089e+00 1.038000000000000077e-03 -1.445000000000000104e-03 -9.999980000000000535e-01 4.532450000000000090e-01 8.913849999999999829e-01 -8.170000000000000179e-04 8.913849999999999829e-01 -4.532439999999999802e-01 1.580000000000000024e-03
8.000000000000000000e+00 3.500000000000000000e+01 1.200000000000000000e+01 0.000000000000000000e+00 1.600000000000000089e+00 1.536000000000000039e-03 7.669999999999999951e-04 -9.999989999999999712e-01 4.600899999999999990e-01 -8.878719999999999946e-01 2.599999999999999840e-05 -8.878709999999999658e-01 -4.600890000000000257e-01 -1.716000000000000077e-03
1.100000000000000000e+01 3.500000000000000000e+01 1.200000000000000000e+01 0.000000000000000000e+00 1.600000000000000089e+00 1.013999999999999927e-03 -3.592000000000000141e-03 -9.999930000000000208e-01 4.676279999999999881e-01 -8.839179999999999815e-01 3.648999999999999900e-03 -8.839249999999999607e-01 -4.676290000000000169e-01 7.829999999999999504e-04
1.400000000000000000e+01 3.500000000000000000e+01 1.200000000000000000e+01 0.000000000000000000e+00 1.600000000000000089e+00 8.429999999999999993e-04 -1.080000000000000014e-03 -9.999989999999999712e-01 4.724599999999999911e-01 -8.813509999999999955e-01 1.350000000000000071e-03 -8.813520000000000243e-01 -4.724599999999999911e-01 -2.329999999999999986e-04
1.800000000000000000e+01 3.500000000000000000e+01 1.200000000000000000e+01 0.000000000000000000e+00 1.600000000000000089e+00 -2.445999999999999824e-03 1.734000000000000081e-03 -9.999959999999999960e-01 4.710340000000000082e-01 -8.821109999999999784e-01 -2.681999999999999922e-03 -8.821109999999999784e-01 -4.710389999999999855e-01 1.340999999999999961e-03
2.700000000000000000e+01 3.500000000000000000e+01 1.200000000000000000e+01 0.000000000000000000e+00 1.600000000000000089e+00 -1.998999999999999909e-03 1.864999999999999904e-03 -9.999959999999999960e-01 4.655110000000000081e-01 -8.850390000000000201e-01 -2.580999999999999961e-03 -8.850400000000000489e-01 -4.655139999999999834e-01 9.009999999999999997e-04
1.200000000000000000e+01 3.200000000000000000e+01 1.400000000000000000e+01 0.000000000000000000e+00 1.600000000000000089e+00 -1.900000000000000105e-05 2.164999999999999824e-03 -9.999980000000000535e-01 1.032799999999999968e-01 9.946500000000000341e-01 2.151999999999999833e-03 9.946519999999999806e-01 -1.032789999999999958e-01 -2.420000000000000005e-04
1.900000000000000000e+01 3.200000000000000000e+01 1.400000000000000000e+01 0.000000000000000000e+00 1.600000000000000089e+00 8.880000000000000089e-04 -6.102999999999999918e-03 -9.999810000000000088e-01 1.034869999999999957e-01 9.946129999999999693e-01 -5.977999999999999807e-03 9.946300000000000141e-01 -1.034800000000000025e-01 1.515000000000000071e-03
2.600000000000000000e+01 3.200000000000000000e+01 1.400000000000000000e+01 0.000000000000000000e+00 1.600000000000000089e+00 1.381999999999999982e-03 2.649999999999999903e-04 -9.999989999999999712e-01 9.615899999999999448e-02 9.953659999999999730e-01 3.970000000000000005e-04 9.953650000000000553e-01 -9.615999999999999548e-02 1.350000000000000071e-03
9.000000000000000000e+00 1.160000000000000000e+02 1.600000000000000000e+01 0.000000000000000000e+00 1.600000000000000089e+00 7.060000000000000303e-04 1.123000000000000083e-03 9.999989999999999712e-01 7.051910000000000123e-01 7.090159999999999796e-01 -1.294000000000000011e-03 -7.090170000000000083e-01 7.051910000000000123e-01 -2.910000000000000260e-04
1.700000000000000000e+01 1.160000000000000000e+02 1.600000000000000000e+01 0.000000000000000000e+00 1.600000000000000089e+00 -1.435999999999999993e-03 4.479999999999999933e-04 9.999989999999999712e-01 7.577869999999999884e-01 6.525020000000000264e-01 7.960000000000000495e-04 -6.525009999999999977e-01 7.577869999999999884e-01 -1.276000000000000007e-03
9.000000000000000000e+00 2.000000000000000000e+00 1.900000000000000000e+01 0.000000000000000000e+00 1.600000000000000089e+00 1.005999999999999950e-03 5.982000000000000338e-03 -9.999820000000000375e-01 3.266160000000000174e-01 -9.451420000000000377e-01 -5.324999999999999872e-03 -9.451570000000000249e-01 -3.266049999999999787e-01 -2.905000000000000030e-03
1.400000000000000000e+01 2.000000000000000000e+00 1.900000000000000000e+01 0.000000000000000000e+00 1.600000000000000089e+00 -3.119999999999999944e-04 -4.904000000000000373e-03 -9.999879999999999880e-01 3.297260000000000191e-01 -9.440659999999999608e-01 4.526999999999999774e-03 -9.440770000000000550e-01 -3.297200000000000131e-01 1.912000000000000071e-03
2.000000000000000000e+01 2.000000000000000000e+00 1.900000000000000000e+01 0.000000000000000000e+00 1.600000000000000089e+00 -6.419999999999999925e-04 6.578999999999999779e-03 -9.999780000000000335e-01 3.351790000000000047e-01 -9.421329999999999982e-01 -6.413000000000000297e-03 -9.421540000000000470e-01 -3.351759999999999740e-01 -1.600000000000000077e-03
2.500000000000000000e+01 2.000000000000000000e+00 1.900000000000000000e+01 0.000000000000000000e+00 1.600000000000000089e+00 4.090000000000000211e-04 4.008000000000000278e-03 -9.999919999999999920e-01 3.423269999999999924e-01 -9.395740000000000203e-01 -3.625999999999999883e-03 -9.395809999999999995e-01 -3.423229999999999884e-01 -1.757000000000000098e-03
3.000000000000000000e+01 2.000000000000000000e+00 1.900000000000000000e+01 0.000000000000000000e+00 1.600000000000000089e+00 3.540000000000000178e-03 -6.139999999999999625e-03 -9.999749999999999472e-01 3.470659999999999856e-01 -9.378149999999999542e-01 6.987000000000000155e-03 -9.378339999999999455e-01 -3.470820000000000016e-01 -1.188999999999999953e-03
3.000000000000000000e+00 1.300000000000000000e+01 2.000000000000000000e+01 0.000000000000000000e+00 1.600000000000000089e+00 2.229999999999999994e-04 2.015999999999999997e-03 9.999980000000000535e-01 2.620649999999999924e-01 9.650480000000000169e-01 -2.004000000000000139e-03 -9.650499999999999634e-01 2.620649999999999924e-01 -3.130000000000000187e-04
8.000000000000000000e+00 1.300000000000000000e+01 2.000000000000000000e+01 0.000000000000000000e+00 1.600000000000000089e+00 1.623000000000000094e-03 -2.220000000000000022e-04 9.999989999999999712e-01 2.626379999999999826e-01 9.648940000000000294e-01 -2.120000000000000031e-04 -9.648930000000000007e-01 2.626379999999999826e-01 1.624999999999999925e-03
1.300000000000000000e+01 1.300000000000000000e+01 2.000000000000000000e+01 0.000000000000000000e+00 1.600000000000000089e+00 -8.570000000000000144e-04 3.879999999999999985e-04 1.000000000000000000e+00 2.642450000000000077e-01 9.644559999999999800e-01 -1.479999999999999925e-04 -9.644549999999999512e-01 2.642439999999999789e-01 -9.290000000000000297e-04
1.600000000000000000e+01 1.300000000000000000e+01 2.000000000000000000e+01 0.000000000000000000e+00 1.600000000000000089e+00 -1.590000000000000050e-03 9.439999999999999607e-04 9.999980000000000535e-01 2.649590000000000001e-01 9.642600000000000060e-01 -4.889999999999999599e-04 -9.642579999999999485e-01 2.649569999999999981e-01 -1.783999999999999996e-03
2.100000000000000000e+01 1.300000000000000000e+01 2.000000000000000000e+01 0.000000000000000000e+00 1.600000000000000089e+00 1.185999999999999988e-03 -4.107999999999999673e-03 9.999909999999999632e-01 2.623989999999999934e-01 9.649529999999999497e-01 3.651999999999999864e-03 -9.649590000000000112e-01 2.623920000000000141e-01 2.222000000000000017e-03
2.400000000000000000e+01 1.300000000000000000e+01 2.000000000000000000e+01 0.000000000000000000e+00 1.600000000000000089e+00 2.079000000000000119e-03 -2.406000000000000152e-03 9.999949999999999672e-01 2.608759999999999968e-01 9.653709999999999791e-01 1.779999999999999898e-03 -9.653699999999999504e-01 2.608710000000000195e-01 2.635000000000000189e-03
1.000000000000000000e+00 2.000000000000000000e+00 2.500000000000000000e+01 0.000000000000000000e+00 1.600000000000000089e+00 -9.179999999999999792e-04 7.720000000000000083e-04 9.999989999999999712e-01 7.039099999999999524e-02 -9.975190000000000445e-01 8.350000000000000217e-04 9.975190000000000445e-01 7.039199999999999624e-02 8.610000000000000032e-04
6.000000000000000000e+00 3.000000000000000000e+00 2.500000000000000000e+01 0.000000000000000000e+00 1.600000000000000089e+00 -4.150000000000000043e-03 6.033000000000000168e-03 9.999730000000000008e-01 5.050000000000000235e-04 -9.999820000000000375e-01 6.035000000000000434e-03 9.999909999999999632e-01 5.299999999999999807e-04 4.146999999999999645e-03
1.000000000000000000e+01 3.000000000000000000e+00 2.500000000000000000e+01 0.000000000000000000e+00 1.600000000000000089e+00 -3.769999999999999914e-03 8.350000000000000217e-04 9.999919999999999920e-01 9.039000000000000160e-03 -9.999590000000000423e-01 8.689999999999999808e-04 9.999519999999999520e-01 9.041999999999999690e-03 3.762000000000000153e-03
3.000000000000000000e+00 4.600000000000000000e+01 2.700000000000000000e+01 0.000000000000000000e+00 1.600000000000000089e+00 9.290000000000000297e-04 3.782000000000000205e-03 -9.999919999999999920e-01 6.662270000000000136e-01 7.457409999999999872e-01 3.439999999999999915e-03 7.457479999999999665e-01 -6.662249999999999561e-01 -1.827000000000000065e-03
2.700000000000000000e+01 4.600000000000000000e+01 3.000000000000000000e+01 0.000000000000000000e+00 1.600000000000000089e+00 -1.737000000000000046e-03 3.429999999999999889e-04 -9.999980000000000535e-01 3.267019999999999924e-01 9.451270000000000504e-01 -2.429999999999999977e-04 9.451260000000000217e-01 -3.267019999999999924e-01 -1.753999999999999917e-03
6.000000000000000000e+00 5.800000000000000000e+01 3.100000000000000000e+01 0.000000000000000000e+00 1.600000000000000089e+00 -9.820000000000000170e-04 3.128999999999999837e-03 9.999949999999999672e-01 -7.525519999999999987e-01 -6.585309999999999775e-01 1.322000000000000041e-03 6.585320000000000062e-01 -7.525469999999999660e-01 3.001000000000000195e-03
1.600000000000000000e+01 5.800000000000000000e+01 3.100000000000000000e+01 0.000000000000000000e+00 1.600000000000000089e+00 -7.386000000000000204e-03 -1.535599999999999986e-02 9.998550000000000493e-01 -7.597589999999999621e-01 -6.500179999999999847e-01 -1.559499999999999949e-02 6.501630000000000464e-01 -7.597639999999999949e-01 -6.865999999999999708e-03
2.600000000000000000e+01 5.800000000000000000e+01 3.100000000000000000e+01 0.000000000000000000e+00 1.600000000000000089e+00 3.880999999999999901e-03 -3.950000000000000061e-04 9.999919999999999920e-01 -7.633440000000000225e-01 -6.459859999999999491e-01 2.707999999999999904e-03 6.459799999999999986e-01 -7.633490000000000553e-01 -2.808999999999999865e-03
5.000000000000000000e+00 2.300000000000000000e+01 3.400000000000000000e+01 0.000000000000000000e+00 1.600000000000000089e+00 6.310000000000000504e-04 -2.415000000000000046e-03 9.999970000000000248e-01 3.975239999999999885e-01 -9.175879999999999592e-01 -2.467000000000000009e-03 9.175919999999999632e-01 3.975239999999999885e-01 3.809999999999999910e-04
4.000000000000000000e+00 4.600000000000000000e+01 3.500000000000000000e+01 0.000000000000000000e+00 1.600000000000000089e+00 5.360000000000000181e-04 1.108999999999999960e-03 -9.999989999999999712e-01 3.902950000000000030e-01 -9.206889999999999796e-01 -8.109999999999999805e-04 -9.206900000000000084e-01 -3.902950000000000030e-01 -9.269999999999999811e-04
8.000000000000000000e+00 4.600000000000000000e+01 3.500000000000000000e+01 0.000000000000000000e+00 1.600000000000000089e+00 1.033999999999999980e-03 7.929999999999999766e-04 -9.999989999999999712e-01 3.898499999999999743e-01 -9.208779999999999744e-01 -3.280000000000000038e-04 -9.208779999999999744e-01 -3.898499999999999743e-01 -1.260999999999999968e-03
1.100000000000000000e+01 4.600000000000000000e+01 3.500000000000000000e+01 0.000000000000000000e+00 1.600000000000000089e+00 -3.170000000000000075e-04 9.060000000000000128e-04 -1.000000000000000000e+00 3.896959999999999869e-01 -9.209429999999999561e-01 -9.579999999999999757e-04 -9.209439999999999849e-01 -3.896959999999999869e-01 -6.099999999999999872e-05
1.600000000000000000e+01 4.600000000000000000e+01 3.500000000000000000e+01 0.000000000000000000e+00 1.600000000000000089e+00 -5.469999999999999602e-04 -2.386999999999999799e-03 -9.999970000000000248e-01 3.907640000000000002e-01 -9.204890000000000017e-01 1.982999999999999954e-03 -9.204909999999999481e-01 -3.907619999999999982e-01 1.435999999999999993e-03
2.300000000000000000e+01 4.600000000000000000e+01 3.500000000000000000e+01 0.000000000000000000e+00 1.600000000000000089e+00 1.029999999999999964e-04 -3.494999999999999843e-03 -9.999940000000000495e-01 3.914409999999999834e-01 -9.201970000000000427e-01 3.256000000000000213e-03 -9.202029999999999932e-01 -3.914389999999999814e-01 1.273999999999999959e-03
2.700000000000000000e+01 4.600000000000000000e+01 3.500000000000000000e+01 0.000000000000000000e+00 1.600000000000000089e+00 6.679999999999999740e-04 5.412000000000000144e-03 -9.999850000000000128e-01 3.902999999999999803e-01 -9.206760000000000499e-01 -4.721999999999999635e-03 -9.206879999999999509e-01 -3.902909999999999990e-01 -2.726999999999999823e-03
2.000000000000000000e+00 2.900000000000000000e+01 4.400000000000000000e+01 0.000000000000000000e+00 1.600000000000000089e+00 -7.339999999999999520e-04 6.689999999999999983e-04 -1.000000000000000000e+00 6.535699999999999843e-01 7.568660000000000387e-01 2.699999999999999899e-05 7.568660000000000387e-01 -6.535689999999999555e-01 -9.929999999999999591e-04
6.000000000000000000e+00 2.900000000000000000e+01 4.400000000000000000e+01 0.000000000000000000e+00 1.600000000000000089e+00 5.810000000000000277e-04 1.534999999999999906e-03 -9.999989999999999712e-01 6.561690000000000023e-01 7.546119999999999495e-01 1.539000000000000003e-03 7.546129999999999782e-01 -6.561690000000000023e-01 -5.680000000000000370e-04
1.000000000000000000e+01 2.900000000000000000e+01 4.400000000000000000e+01 0.000000000000000000e+00 1.600000000000000089e+00 1.219999999999999974e-04 1.118999999999999986e-03 -9.999989999999999712e-01 6.598319999999999741e-01 7.514129999999999976e-01 9.210000000000000521e-04 7.514129999999999976e-01 -6.598319999999999741e-01 -6.470000000000000057e-04
1.600000000000000000e+01 2.900000000000000000e+01 4.400000000000000000e+01 0.000000000000000000e+00 1.600000000000000089e+00 2.037000000000000182e-03 -7.360000000000000006e-04 -9.999980000000000535e-01 6.621179999999999843e-01 7.493990000000000373e-01 7.969999999999999654e-04 7.493969999999999798e-01 -6.621179999999999843e-01 2.014000000000000165e-03
2.100000000000000000e+01 2.900000000000000000e+01 4.400000000000000000e+01 0.000000000000000000e+00 1.600000000000000089e+00 -1.753000000000000001e-03 4.530000000000000172e-03 -9.999879999999999880e-01 6.572820000000000329e-01 7.536410000000000053e-01 2.262000000000000122e-03 7.536429999999999518e-01 -6.572700000000000209e-01 -4.298999999999999870e-03
2.800000000000000000e+01 2.900000000000000000e+01 4.400000000000000000e+01 0.000000000000000000e+00 1.600000000000000089e+00 -1.608999999999999970e-03 -9.209000000000000172e-03 -9.999559999999999560e-01 6.663580000000000059e-01 7.455889999999999462e-01 -7.938999999999999876e-03 7.456300000000000150e-01 -6.663419999999999899e-01 4.937000000000000416e-03
2.000000000000000000e+01 5.000000000000000000e+00 5.100000000000000000e+01 0.000000000000000000e+00 1.600000000000000089e+00 -3.327000000000000096e-03 -3.033000000000000106e-03 -9.999900000000000455e-01 4.926740000000000008e-01 -8.702140000000000430e-01 1.000000000000000021e-03 -8.702079999999999815e-01 -4.926650000000000196e-01 4.388999999999999672e-03
2.700000000000000000e+01 5.000000000000000000e+00 5.100000000000000000e+01 0.000000000000000000e+00 1.600000000000000089e+00 4.616000000000000311e-03 -5.588000000000000085e-03 -9.999740000000000295e-01 4.879740000000000189e-01 -8.728289999999999660e-01 7.130000000000000053e-03 -8.728460000000000107e-01 -4.879939999999999833e-01 -1.301999999999999989e-03
1.500000000000000000e+01 1.150000000000000000e+02 5.100000000000000000e+01 0.000000000000000000e+00 1.600000000000000089e+00 -1.515999999999999986e-03 -3.363000000000000104e-03 9.999930000000000208e-01 8.461600000000000232e-01 -5.329279999999999573e-01 -5.100000000000000366e-04 5.329260000000000108e-01 8.461539999999999617e-01 3.652999999999999997e-03
5.000000000000000000e+00 7.000000000000000000e+00 5.200000000000000000e+01 0.000000000000000000e+00 1.600000000000000089e+00 -3.423999999999999960e-03 2.168999999999999921e-03 -9.999919999999999920e-01 1.168529999999999985e-01 -9.931459999999999733e-01 -2.554999999999999979e-03 -9.931429999999999980e-01 -1.168610000000000065e-01 3.147000000000000058e-03
2.500000000000000000e+01 7.000000000000000000e+00 5.200000000000000000e+01 0.000000000000000000e+00 1.600000000000000089e+00 -1.699999999999999905e-03 -3.448999999999999809e-03 -9.999930000000000208e-01 1.085060000000000052e-01 -9.940900000000000292e-01 3.243999999999999922e-03 -9.940940000000000332e-01 -1.084999999999999992e-01 2.063999999999999863e-03
3.000000000000000000e+00 6.300000000000000000e+01 5.400000000000000000e+01 0.000000000000000000e+00 1.600000000000000089e+00 -2.400000000000000061e-05 -6.733000000000000269e-03 9.999770000000000048e-01 -3.446049999999999947e-01 9.387269999999999781e-01 6.311999999999999902e-03 -9.387480000000000269e-01 -3.445969999999999867e-01 -2.343000000000000031e-03
7.000000000000000000e+00 6.300000000000000000e+01 5.400000000000000000e+01 0.000000000000000000e+00 1.600000000000000089e+00 1.699999999999999987e-05 -3.549000000000000071e-03 9.999940000000000495e-01 -3.391330000000000178e-01 9.407320000000000126e-01 3.344999999999999883e-03 -9.407379999999999631e-01 -3.391310000000000158e-01 -1.186999999999999904e-03
9.000000000000000000e+00 6.300000000000000000e+01 5.400000000000000000e+01 0.000000000000000000e+00 1.600000000000000089e+00 3.980000000000000248e-04 -5.999999999999999474e-04 1.000000000000000000e+00 -3.390679999999999805e-01 9.407619999999999871e-01 6.989999999999999686e-04 -9.407619999999999871e-01 -3.390679999999999805e-01 1.710000000000000094e-04
1.400000000000000000e+01 6.300000000000000000e+01 5.400000000000000000e+01 0.000000000000000000e+00 1.600000000000000089e+00 3.750000000000000078e-04 1.126999999999999964e-03 9.999989999999999712e-01 -3.413649999999999740e-01 9.399300000000000432e-01 -9.309999999999999699e-04 -9.399309999999999610e-01 -3.413640000000000008e-01 7.370000000000000249e-04
2.000000000000000000e+01 6.300000000000000000e+01 5.400000000000000000e+01 0.000000000000000000e+00 1.600000000000000089e+00 -2.919999999999999961e-04 1.520000000000000084e-04 1.000000000000000000e+00 -3.407800000000000273e-01 9.401429999999999509e-01 -2.420000000000000005e-04 -9.401429999999999509e-01 -3.407810000000000006e-01 -2.229999999999999994e-04
2.700000000000000000e+01 6.300000000000000000e+01 5.400000000000000000e+01 0.000000000000000000e+00 1.600000000000000089e+00 1.083999999999999894e-03 1.851999999999999914e-03 9.999980000000000535e-01 -3.477660000000000196e-01 9.375799999999999690e-01 -1.360000000000000098e-03 -9.375809999999999977e-01 -3.477629999999999888e-01 1.660000000000000017e-03
4.000000000000000000e+00 2.500000000000000000e+01 5.500000000000000000e+01 0.000000000000000000e+00 1.600000000000000089e+00 -2.079999999999999872e-04 -2.405000000000000020e-03 -9.999970000000000248e-01 -1.065999999999999934e-02 -9.999400000000000510e-01 2.406999999999999851e-03 -9.999430000000000263e-01 1.066100000000000034e-02 1.830000000000000029e-04
9.000000000000000000e+00 2.500000000000000000e+01 5.500000000000000000e+01 0.000000000000000000e+00 1.600000000000000089e+00 -9.829999999999999329e-04 5.770000000000000389e-04 -9.999989999999999712e-01 -1.032800000000000037e-02 -9.999460000000000015e-01 -5.659999999999999884e-04 -9.999460000000000015e-01 1.032800000000000037e-02 9.890000000000000787e-04
2.000000000000000000e+01 2.500000000000000000e+01 5.500000000000000000e+01 0.000000000000000000e+00 1.600000000000000089e+00 1.356999999999999916e-03 -4.270000000000000358e-03 -9.999900000000000455e-01 -1.266100000000000038e-02 -9.999109999999999943e-01 4.251999999999999703e-03 -9.999190000000000023e-01 1.265600000000000058e-02 -1.410999999999999928e-03
1.000000000000000000e+00 2.100000000000000000e+01 6.000000000000000000e+01 0.000000000000000000e+00 1.600000000000000089e+00 -7.470000000000000511e-04 -3.635000000000000210e-03 9.999930000000000208e-01 -9.178100000000000147e-02 9.957730000000000192e-01 3.550999999999999903e-03 -9.957789999999999697e-01 -9.177699999999999747e-02 -1.077999999999999965e-03
5.000000000000000000e+00 2.100000000000000000e+01 6.000000000000000000e+01 0.000000000000000000e+00 1.600000000000000089e+00 9.600000000000000243e-05 -6.780000000000000002e-04 1.000000000000000000e+00 -9.293300000000000172e-02 9.956720000000000015e-01 6.840000000000000377e-04 -9.956720000000000015e-01 -9.293300000000000172e-02 3.300000000000000253e-05
1.200000000000000000e+01 2.100000000000000000e+01 6.000000000000000000e+01 0.000000000000000000e+00 1.600000000000000089e+00 2.530000000000000239e-04 -7.740999999999999617e-03 9.999700000000000255e-01 -9.352900000000000102e-02 9.955869999999999997e-01 7.731000000000000025e-03 -9.956169999999999742e-01 -9.352800000000000002e-02 -4.719999999999999803e-04
1.900000000000000000e+01 2.100000000000000000e+01 6.000000000000000000e+01 0.000000000000000000e+00 1.600000000000000089e+00 -1.074000000000000085e-03 -2.180000000000000134e-04 9.999989999999999712e-01 -9.421499999999999320e-02 9.955519999999999925e-01 1.150000000000000035e-04 -9.955509999999999637e-01 -9.421499999999999320e-02 -1.090000000000000040e-03
2.800000000000000000e+01 2.100000000000000000e+01 6.000000000000000000e+01 0.000000000000000000e+00 1.600000000000000089e+00 1.002999999999999985e-03 1.810000000000000085e-04 9.999989999999999712e-01 -9.350500000000000478e-02 9.956190000000000317e-01 -8.600000000000000331e-05 -9.956180000000000030e-01 -9.350500000000000478e-02 1.015999999999999976e-03
6.000000000000000000e+00 3.000000000000000000e+00 6.300000000000000000e+01 0.000000000000000000e+00 1.600000000000000089e+00 -5.060000000000000478e-04 5.490000000000000088e-04 1.000000000000000000e+00 -6.181240000000000068e-01 7.860800000000000010e-01 -7.450000000000000025e-04 -7.860800000000000010e-01 -6.181250000000000355e-01 -5.800000000000000034e-05
3.000000000000000000e+00 2.700000000000000000e+01 6.300000000000000000e+01 0.000000000000000000e+00 1.600000000000000089e+00 -4.659999999999999971e-04 -5.218000000000000416e-03 9.999860000000000415e-01 -2.771109999999999962e-01 9.608259999999999579e-01 4.884000000000000320e-03 -9.608379999999999699e-01 -2.771049999999999902e-01 -1.894000000000000067e-03
1.000000000000000000e+01 2.700000000000000000e+01 6.300000000000000000e+01 0.000000000000000000e+00 1.600000000000000089e+00 1.824000000000000100e-03 2.974000000000000081e-03 9.999940000000000495e-01 -2.770619999999999750e-01 9.608489999999999531e-01 -2.353000000000000057e-03 -9.608499999999999819e-01 -2.770560000000000245e-01 2.576999999999999864e-03
1.700000000000000000e+01 2.700000000000000000e+01 6.300000000000000000e+01 0.000000000000000000e+00 1.600000000000000089e+00 -9.560000000000000355e-04 1.758999999999999930e-03 9.999980000000000535e-01 -2.729570000000000052e-01 9.620239999999999903e-01 -1.953000000000000092e-03 -9.620260000000000478e-01 -2.729590000000000072e-01 -4.400000000000000157e-04
2.200000000000000000e+01 2.700000000000000000e+01 6.300000000000000000e+01 0.000000000000000000e+00 1.600000000000000089e+00 8.339999999999999974e-04 -3.575000000000000053e-03 9.999930000000000208e-01 -2.720040000000000235e-01 9.622889999999999500e-01 3.667000000000000121e-03 -9.622960000000000402e-01 -2.720060000000000255e-01 -1.700000000000000122e-04
2.800000000000000000e+01 2.700000000000000000e+01 6.300000000000000000e+01 0.000000000000000000e+00 1.600000000000000089e+00 3.684000000000000209e-03 4.308000000000000197e-03 9.999839999999999840e-01 -2.710480000000000111e-01 9.625609999999999999e-01 -3.148000000000000190e-03 -9.625590000000000535e-01 -2.710319999999999951e-01 4.714000000000000308e-03
4.000000000000000000e+00 2.600000000000000000e+01 6.400000000000000000e+01 0.000000000000000000e+00 1.600000000000000089e+00 -3.009999999999999980e-04 -4.751000000000000015e-03 9.999890000000000168e-01 -3.697889999999999788e-01 9.291059999999999874e-01 4.303000000000000401e-03 -9.291160000000000529e-01 -3.697829999999999728e-01 -2.037000000000000182e-03
8.000000000000000000e+00 2.600000000000000000e+01 6.400000000000000000e+01 0.000000000000000000e+00 1.600000000000000089e+00 1.036000000000000029e-03 -1.139000000000000038e-03 9.999989999999999712e-01 -3.700010000000000243e-01 9.290300000000000225e-01 1.441999999999999922e-03 -9.290310000000000512e-01 -3.700019999999999976e-01 5.410000000000000312e-04
1.100000000000000000e+01 2.600000000000000000e+01 6.400000000000000000e+01 0.000000000000000000e+00 1.600000000000000089e+00 1.549000000000000030e-03 5.047000000000000271e-03 9.999860000000000415e-01 -3.675709999999999811e-01 9.299859999999999793e-01 -4.124000000000000062e-03 -9.299939999999999873e-01 -3.675590000000000246e-01 3.295999999999999885e-03
2.200000000000000000e+01 2.600000000000000000e+01 6.400000000000000000e+01 0.000000000000000000e+00 1.600000000000000089e+00 1.010000000000000047e-03 -4.107999999999999673e-03 9.999909999999999632e-01 -3.611759999999999970e-01 9.324879999999999836e-01 4.196000000000000077e-03 -9.324970000000000203e-01 -3.611770000000000258e-01 -5.419999999999999471e-04
2.500000000000000000e+01 2.600000000000000000e+01 6.400000000000000000e+01 0.000000000000000000e+00 1.600000000000000089e+00 7.399999999999999623e-05 3.269999999999999795e-04 1.000000000000000000e+00 -3.616980000000000195e-01 9.322949999999999848e-01 -2.779999999999999811e-04 -9.322949999999999848e-01 -3.616980000000000195e-01 1.869999999999999917e-04
2.800000000000000000e+01 2.600000000000000000e+01 6.400000000000000000e+01 0.000000000000000000e+00 1.600000000000000089e+00 2.991000000000000169e-03 4.220999999999999926e-03 9.999869999999999592e-01 -3.599399999999999822e-01 9.329709999999999948e-01 -2.861999999999999961e-03 -9.329709999999999948e-01 -3.599269999999999969e-01 4.309999999999999595e-03
1.000000000000000000e+00 6.900000000000000000e+01 6.600000000000000000e+01 0.000000000000000000e+00 1.600000000000000089e+00 8.413000000000000339e-03 4.057999999999999975e-03 9.999559999999999560e-01 -9.473690000000000166e-01 3.200740000000000252e-01 6.670999999999999847e-03 -3.200330000000000119e-01 -9.473840000000000039e-01 6.537000000000000276e-03
8.000000000000000000e+00 2.500000000000000000e+01 7.300000000000000000e+01 0.000000000000000000e+00 1.600000000000000089e+00 -1.144000000000000052e-03 2.920999999999999985e-03 9.999949999999999672e-01 7.494269999999999543e-01 -6.620819999999999483e-01 2.791000000000000078e-03 6.620859999999999523e-01 7.494260000000000366e-01 -1.431999999999999896e-03
1.100000000000000000e+01 2.500000000000000000e+01 7.300000000000000000e+01 0.000000000000000000e+00 1.600000000000000089e+00 -2.180000000000000080e-03 -2.831000000000000183e-03 9.999940000000000495e-01 7.510829999999999451e-01 -6.602080000000000171e-01 -2.320000000000000014e-04 6.602040000000000131e-01 7.510780000000000234e-01 3.566000000000000159e-03
1.400000000000000000e+01 2.500000000000000000e+01 7.300000000000000000e+01 0.000000000000000000e+00 1.600000000000000089e+00 -3.374999999999999962e-03 -7.428999999999999840e-03 9.999670000000000503e-01 7.522299999999999542e-01 -6.588960000000000372e-01 -2.356000000000000021e-03 6.588920000000000332e-01 7.521970000000000045e-01 7.812000000000000367e-03
1.900000000000000000e+01 2.500000000000000000e+01 7.300000000000000000e+01 0.000000000000000000e+00 1.600000000000000089e+00 -1.642999999999999929e-03 -2.438000000000000063e-03 9.999959999999999960e-01 7.542649999999999633e-01 -6.565699999999999870e-01 -3.620000000000000171e-04 6.565680000000000405e-01 7.542609999999999593e-01 2.918000000000000021e-03
2.500000000000000000e+01 2.500000000000000000e+01 7.300000000000000000e+01 0.000000000000000000e+00 1.600000000000000089e+00 -1.159000000000000091e-03 2.328999999999999907e-03 9.999970000000000248e-01 7.514520000000000088e-01 -6.597840000000000371e-01 2.407999999999999984e-03 6.597870000000000124e-01 7.514520000000000088e-01 -9.849999999999999815e-04
1.000000000000000000e+00 4.400000000000000000e+01 7.300000000000000000e+01 0.000000000000000000e+00 1.600000000000000089e+00 -2.799999999999999755e-04 -2.778999999999999786e-03 9.999959999999999960e-01 5.273800000000000016e-02 -9.986049999999999649e-01 -2.760999999999999999e-03 9.986080000000000512e-01 5.273699999999999916e-02 4.260000000000000006e-04
6.000000000000000000e+00 4.400000000000000000e+01 7.300000000000000000e+01 0.000000000000000000e+00 1.600000000000000089e+00 -2.730000000000000222e-04 1.910000000000000077e-04 1.000000000000000000e+00 5.118500000000000133e-02 -9.986890000000000489e-01 2.049999999999999956e-04 9.986890000000000489e-01 5.118500000000000133e-02 2.629999999999999959e-04
1.100000000000000000e+01 4.400000000000000000e+01 7.300000000000000000e+01 0.000000000000000000e+00 1.600000000000000089e+00 -9.730000000000000151e-04 -1.399000000000000070e-03 9.999989999999999712e-01 5.067300000000000276e-02 -9.987139999999999906e-01 -1.348000000000000023e-03 9.987150000000000194e-01 5.067200000000000176e-02 1.043000000000000090e-03
2.000000000000000000e+01 4.400000000000000000e+01 7.300000000000000000e+01 0.000000000000000000e+00 1.600000000000000089e+00 -1.030000000000000100e-03 -1.302999999999999905e-03 9.999989999999999712e-01 5.339800000000000102e-02 -9.985730000000000439e-01 -1.245999999999999929e-03 9.985730000000000439e-01 5.339700000000000002e-02 1.098000000000000018e-03
3.000000000000000000e+01 4.400000000000000000e+01 7.300000000000000000e+01 0.000000000000000000e+00 1.600000000000000089e+00 -7.789999999999999616e-04 3.129999999999999970e-03 9.999949999999999672e-01 5.184199999999999919e-02 -9.986500000000000377e-01 3.165999999999999977e-03 9.986549999999999594e-01 5.184400000000000119e-02 6.160000000000000111e-04
4.000000000000000000e+00 9.100000000000000000e+01 7.600000000000000000e+01 0.000000000000000000e+00 1.600000000000000089e+00 5.770000000000000389e-04 3.959999999999999762e-04 1.000000000000000000e+00 3.022949999999999804e-01 -9.532140000000000057e-01 2.030000000000000012e-04 9.532140000000000057e-01 3.022949999999999804e-01 -6.700000000000000226e-04
9.000000000000000000e+00 9.100000000000000000e+01 7.600000000000000000e+01 0.000000000000000000e+00 1.600000000000000089e+00 -5.399999999999999798e-05 7.950000000000000252e-04 1.000000000000000000e+00 3.122519999999999740e-01 -9.499990000000000379e-01 7.720000000000000083e-04 9.499990000000000379e-01 3.122519999999999740e-01 -1.969999999999999909e-04
1.400000000000000000e+01 9.100000000000000000e+01 7.600000000000000000e+01 0.000000000000000000e+00 1.600000000000000089e+00 -3.939999999999999817e-04 -1.851999999999999914e-03 9.999980000000000535e-01 3.270649999999999946e-01 -9.450009999999999799e-01 -1.621999999999999961e-03 9.450020000000000087e-01 3.270629999999999926e-01 9.779999999999999197e-04
1.800000000000000000e+01 9.100000000000000000e+01 7.600000000000000000e+01 0.000000000000000000e+00 1.600000000000000089e+00 -2.090000000000000115e-04 -7.739999999999999485e-04 1.000000000000000000e+00 3.191039999999999988e-01 -9.477200000000000069e-01 -6.660000000000000338e-04 9.477200000000000069e-01 3.191039999999999988e-01 4.449999999999999746e-04
2.100000000000000000e+01 9.100000000000000000e+01 7.600000000000000000e+01 0.000000000000000000e+00 1.600000000000000089e+00 3.669999999999999760e-04 6.189999999999999756e-04 1.000000000000000000e+00 3.151129999999999765e-01 -9.490539999999999532e-01 4.710000000000000102e-04 9.490539999999999532e-01 3.151129999999999765e-01 -5.429999999999999714e-04
2.500000000000000000e+01 9.100000000000000000e+01 7.600000000000000000e+01 0.000000000000000000e+00 1.600000000000000089e+00 1.113999999999999973e-03 1.679999999999999907e-04 9.999989999999999712e-01 3.139910000000000201e-01 -9.494259999999999922e-01 -1.900000000000000105e-04 9.494249999999999634e-01 3.139910000000000201e-01 -1.111000000000000008e-03
2.900000000000000000e+01 9.100000000000000000e+01 7.600000000000000000e+01 0.000000000000000000e+00 1.600000000000000089e+00 6.870000000000000022e-04 -9.420000000000000205e-04 9.999989999999999712e-01 3.114089999999999914e-01 -9.502749999999999808e-01 -1.108999999999999960e-03 9.502760000000000096e-01 3.114089999999999914e-01 -3.600000000000000227e-04
8.000000000000000000e+00 9.000000000000000000e+00 8.200000000000000000e+01 0.000000000000000000e+00 1.600000000000000089e+00 -8.919999999999999978e-04 1.048699999999999979e-02 -9.999449999999999728e-01 5.659570000000000434e-01 8.243949999999999889e-01 8.141000000000000666e-03 8.244340000000000002e-01 -5.659180000000000321e-01 -6.670999999999999847e-03
2.000000000000000000e+00 4.400000000000000000e+01 8.300000000000000000e+01 0.000000000000000000e+00 1.600000000000000089e+00 6.799999999999999946e-05 2.321999999999999845e-03 9.999970000000000248e-01 5.794679999999999831e-01 -8.149929999999999675e-01 1.853000000000000046e-03 8.149950000000000250e-01 5.794669999999999543e-01 -1.400999999999999902e-03
1.000000000000000000e+01 4.400000000000000000e+01 8.300000000000000000e+01 0.000000000000000000e+00 1.600000000000000089e+00 -2.041999999999999978e-03 2.629999999999999959e-04 9.999980000000000535e-01 5.718140000000000445e-01 -8.203819999999999446e-01 1.384000000000000031e-03 8.203810000000000269e-01 5.718149999999999622e-01 1.525000000000000097e-03
