1.700000000000000000e+01 2.500000000000000000e+01 1.000000000000000000e+00 0.000000000000000000e+00 1.600000000000000089e+00 -2.266999999999999918e-03 4.571000000000000410e-03 -9.999869999999999592e-01 -5.345189999999999664e-01 -8.451520000000000143e-01 -2.651000000000000145e-03 -8.451530000000000431e-01 5.345060000000000366e-01 4.359000000000000027e-03
2.300000000000000000e+01 2.500000000000000000e+01 1.000000000000000000e+00 0.000000000000000000e+00 1.600000000000000089e+00 -1.351999999999999903e-03 -2.670000000000000064e-03 -9.999959999999999960e-01 -5.345590000000000064e-01 -8.451260000000000439e-01 2.978999999999999877e-03 -8.451300000000000479e-01 5.345609999999999529e-01 -2.849999999999999886e-04
3.000000000000000000e+00 1.500000000000000000e+01 4.000000000000000000e+00 0.000000000000000000e+00 1.600000000000000089e+00 -3.693999999999999801e-03 -1.562099999999999947e-02 9.998709999999999543e-01 3.207130000000000258e-01 -9.470790000000000042e-01 -1.361099999999999983e-02 9.471690000000000387e-01 3.206209999999999893e-01 8.507999999999999938e-03
6.000000000000000000e+00 1.500000000000000000e+01 4.000000000000000000e+00 0.000000000000000000e+00 1.600000000000000089e+00 9.560000000000000355e-04 -9.456000000000000863e-03 9.999550000000000383e-01 3.213820000000000010e-01 -9.469039999999999679e-01 -9.261999999999999400e-03 9.469490000000000407e-01 3.213759999999999950e-01 2.134000000000000046e-03
1.500000000000000000e+01 1.500000000000000000e+01 4.000000000000000000e+00 0.000000000000000000e+00 1.600000000000000089e+00 -2.993000000000000001e-03 -1.296199999999999956e-02 9.999120000000000230e-01 3.248619999999999841e-01 -9.456940000000000346e-01 -1.128700000000000016e-02 9.457569999999999588e-01 3.247990000000000044e-01 7.041999999999999649e-03
1.800000000000000000e+01 1.500000000000000000e+01 4.000000000000000000e+00 0.000000000000000000e+00 1.600000000000000089e+00 8.999999999999999754e-04 -4.039000000000000055e-03 9.999909999999999632e-01 3.256600000000000050e-01 -9.454780000000000406e-01 -4.112000000000000204e-03 9.454869999999999663e-01 3.256609999999999783e-01 4.650000000000000270e-04
2.200000000000000000e+01 1.500000000000000000e+01 4.000000000000000000e+00 0.000000000000000000e+00 1.600000000000000089e+00 1.193999999999999966e-03 -6.009999999999999717e-04 9.999989999999999712e-01 3.270270000000000121e-01 -9.450150000000000494e-01 -9.579999999999999757e-04 9.450140000000000207e-01 3.270279999999999854e-01 -9.319999999999999942e-04
2.600000000000000000e+01 1.500000000000000000e+01 4.000000000000000000e+00 0.000000000000000000e+00 1.600000000000000089e+00 6.859999999999999779e-04 -1.088999999999999907e-03 9.999989999999999712e-01 3.267220000000000124e-01 -9.451199999999999601e-01 -1.252999999999999991e-03 9.451199999999999601e-01 3.267220000000000124e-01 -2.930000000000000204e-04
2.700000000000000000e+01 9.000000000000000000e+01 4.000000000000000000e+00 0.000000000000000000e+00 1.600000000000000089e+00 2.498299999999999965e-01 5.880880000000000551e-01 -7.692449999999999566e-01 -2.775960000000000094e-01 8.045889999999999986e-01 5.249540000000000317e-01 9.276450000000000529e-01 8.239000000000000490e-02 3.642610000000000015e-01
1.700000000000000000e+01 8.700000000000000000e+01 6.000000000000000000e+00 0.000000000000000000e+00 1.600000000000000089e+00 -6.835660000000000069e-01 -6.258759999999999879e-01 -3.755220000000000224e-01 -7.280769999999999742e-01 6.209240000000000315e-01 2.904419999999999780e-01 5.138999999999999818e-02 4.719450000000000034e-01 -8.801290000000000502e-01
1.800000000000000000e+01 8.600000000000000000e+01 7.000000000000000000e+00 0.000000000000000000e+00 1.600000000000000089e+00 -6.872030000000000083e-01 -6.648570000000000313e-01 -2.927750000000000075e-01 -7.263669999999999849e-01 6.354720000000000368e-01 2.618510000000000004e-01 1.195700000000000061e-02 3.926060000000000105e-01 -9.196290000000000298e-01
2.000000000000000000e+00 2.500000000000000000e+01 8.000000000000000000e+00 0.000000000000000000e+00 1.600000000000000089e+00 7.029999999999999574e-04 -4.497000000000000129e-03 -9.999900000000000455e-01 4.522610000000000241e-01 8.918779999999999486e-01 -3.693000000000000102e-03 8.918850000000000389e-01 -4.522539999999999893e-01 2.661000000000000171e-03
1.000000000000000000e+01 2.500000000000000000e+01 8.000000000000000000e+00 0.000000000000000000e+00 1.600000000000000089e+00 1.569000000000000082e-03 3.999999999999999819e-06 -9.999989999999999712e-01 4.528429999999999955e-01 8.915899999999999936e-01 7.140000000000000079e-04 8.915889999999999649e-01 -4.528440000000000243e-01 1.396000000000000105e-03
1.400000000000000000e+01 2.500000000000000000e+01 8.000000000000000000e+00 0.000000000000000000e+00 1.600000000000000089e+00 1.056000000000000081e-03 3.014000000000000186e-03 -9.999949999999999672e-01 4.519420000000000104e-01 8.920420000000000016e-01 3.165999999999999977e-03 8.920470000000000343e-01 -4.519429999999999836e-01 -4.200000000000000174e-04
1.900000000000000000e+01 2.500000000000000000e+01 8.000000000000000000e+00 0.000000000000000000e+00 1.600000000000000089e+00 2.369999999999999874e-04 -2.400000000000000061e-04 -1.000000000000000000e+00 4.532169999999999810e-01 8.913999999999999702e-01 -1.060000000000000016e-04 8.913999999999999702e-01 -4.532169999999999810e-01 3.200000000000000262e-04
2.800000000000000000e+01 2.500000000000000000e+01 8.000000000000000000e+00 0.000000000000000000e+00 1.600000000000000089e+00 1.101999999999999898e-03 9.105000000000000246e-03 -9.999580000000000135e-01 4.531870000000000065e-01 8.913739999999999997e-01 8.614999999999999394e-03 8.914149999999999574e-01 -4.531780000000000252e-01 -3.144000000000000093e-03
3.000000000000000000e+00 2.400000000000000000e+01 9.000000000000000000e+00 0.000000000000000000e+00 1.600000000000000089e+00 8.019999999999999785e-04 -2.135000000000000179e-03 -9.999970000000000248e-01 4.565250000000000141e-01 8.897089999999999721e-01 -1.533000000000000074e-03 8.897100000000000009e-01 -4.565230000000000121e-01 1.688000000000000047e-03
9.000000000000000000e+00 2.400000000000000000e+01 9.000000000000000000e+00 0.000000000000000000e+00 1.600000000000000089e+00 1.624000000000000010e-03 2.112000000000000162e-03 -9.999959999999999960e-01 4.564289999999999736e-01 8.897559999999999913e-01 2.619999999999999933e-03 8.897580000000000489e-01 -4.564320000000000044e-01 4.809999999999999823e-04
1.800000000000000000e+01 2.400000000000000000e+01 9.000000000000000000e+00 0.000000000000000000e+00 1.600000000000000089e+00 -1.100000000000000039e-04 1.262000000000000101e-03 -9.999989999999999712e-01 4.554830000000000267e-01 8.902440000000000353e-01 1.074000000000000085e-03 8.902440000000000353e-01 -4.554830000000000267e-01 -6.729999999999999871e-04
2.200000000000000000e+01 2.400000000000000000e+01 9.000000000000000000e+00 0.000000000000000000e+00 1.600000000000000089e+00 -6.049999999999999606e-04 2.186000000000000009e-03 -9.999970000000000248e-01 4.568720000000000003e-01 8.895309999999999606e-01 1.667999999999999995e-03 8.895319999999999894e-01 -4.568699999999999983e-01 -1.536999999999999955e-03
2.600000000000000000e+01 2.400000000000000000e+01 9.000000000000000000e+00 0.000000000000000000e+00 1.600000000000000089e+00 4.789999999999999879e-04 5.879999999999999810e-03 -9.999829999999999552e-01 4.558519999999999794e-01 8.900390000000000246e-01 5.452000000000000249e-03 8.900550000000000406e-01 -4.558470000000000022e-01 -2.253999999999999927e-03
1.600000000000000000e+01 8.900000000000000000e+01 9.000000000000000000e+00 0.000000000000000000e+00 1.600000000000000089e+00 -9.305149999999999810e-01 1.296000000000000060e-03 -3.662520000000000220e-01 -1.044029999999999958e-01 9.575660000000000283e-01 2.686379999999999879e-01 3.510579999999999812e-01 2.882100000000000217e-01 -8.908949999999999925e-01
2.000000000000000000e+01 1.200000000000000000e+01 1.000000000000000000e+01 0.000000000000000000e+00 1.600000000000000089e+00 -2.651000000000000145e-03 7.500000000000000156e-04 -9.999959999999999960e-01 -5.520479999999999832e-01 -8.338119999999999976e-01 8.379999999999999862e-04 -8.338079999999999936e-01 5.520490000000000119e-01 2.624000000000000030e-03
1.200000000000000000e+01 3.500000000000000000e+01 1.200000000000000000e+01 0.000000000000000000e+00 1.600000000000000089e+00 -6.908000000000000078e-03 7.637999999999999824e-03 -9.999470000000000303e-01 4.442280000000000117e-01 -8.958589999999999609e-01 -9.912000000000000671e-03 -8.958869999999999889e-01 -4.442729999999999735e-01 2.795999999999999874e-03
1.900000000000000000e+01 8.400000000000000000e+01 1.200000000000000000e+01 0.000000000000000000e+00 1.600000000000000089e+00 -7.831310000000000215e-01 -5.940290000000000292e-01 -1.839419999999999944e-01 -6.218399999999999483e-01 7.458970000000000322e-01 2.386490000000000000e-01 -4.563000000000000216e-03 3.012759999999999883e-01 -9.535259999999999847e-01
2.400000000000000000e+01 9.600000000000000000e+01 1.200000000000000000e+01 0.000000000000000000e+00 1.600000000000000089e+00 -1.498500000000000006e-02 8.394730000000000247e-01 -5.431949999999999834e-01 -9.146480000000000166e-01 2.079769999999999952e-01 3.466469999999999829e-01 4.039730000000000265e-01 5.020270000000000010e-01 7.647059999999999969e-01
7.000000000000000000e+00 3.200000000000000000e+01 1.400000000000000000e+01 0.000000000000000000e+00 1.600000000000000089e+00 -4.040000000000000080e-04 -4.858000000000000339e-03 -9.999879999999999880e-01 1.054049999999999987e-01 9.944169999999999954e-01 -4.873999999999999860e-03 9.944290000000000074e-01 -1.054059999999999997e-01 1.100000000000000039e-04
7.000000000000000000e+00 1.160000000000000000e+02 1.600000000000000000e+01 0.000000000000000000e+00 1.600000000000000089e+00 -4.150000000000000043e-03 -9.360000000000000264e-03 9.999479999999999480e-01 7.593469999999999942e-01 6.506210000000000049e-01 9.240999999999999215e-03 -6.506729999999999459e-01 7.593450000000000477e-01 4.407999999999999592e-03
1.300000000000000000e+01 1.160000000000000000e+02 1.600000000000000000e+01 0.000000000000000000e+00 1.600000000000000089e+00 -1.941000000000000017e-03 -6.903000000000000282e-03 9.999740000000000295e-01 6.598180000000000156e-01 7.513980000000000103e-01 6.467999999999999791e-03 -7.514229999999999521e-01 6.598129999999999828e-01 3.095999999999999794e-03
2.100000000000000000e+01 1.160000000000000000e+02 1.600000000000000000e+01 0.000000000000000000e+00 1.600000000000000089e+00 -8.602999999999999536e-03 -8.475999999999999160e-03 9.999270000000000103e-01 7.502220000000000555e-01 6.610759999999999970e-01 1.205799999999999927e-02 -6.611299999999999955e-01 7.502710000000000212e-01 6.710000000000000469e-04
9.000000000000000000e+00 2.000000000000000000e+00 1.900000000000000000e+01 0.000000000000000000e+00 1.600000000000000089e+00 3.409999999999999945e-04 7.896000000000000241e-03 -9.999689999999999968e-01 1.586720000000000075e-01 -9.873009999999999842e-01 -7.741999999999999750e-03 -9.873309999999999587e-01 -1.586650000000000005e-01 -1.590000000000000050e-03
1.200000000000000000e+01 2.000000000000000000e+00 1.900000000000000000e+01 0.000000000000000000e+00 1.600000000000000089e+00 1.760999999999999979e-03 1.236300000000000072e-02 -9.999219999999999775e-01 1.592749999999999999e-01 -9.871619999999999839e-01 -1.192400000000000057e-02 -9.872330000000000272e-01 -1.592419999999999947e-01 -3.706999999999999792e-03
1.400000000000000000e+01 2.000000000000000000e+00 1.900000000000000000e+01 0.000000000000000000e+00 1.600000000000000089e+00 1.776000000000000018e-03 7.668000000000000337e-03 -9.999689999999999968e-01 1.567709999999999937e-01 -9.876080000000000414e-01 -7.295000000000000269e-03 -9.876329999999999831e-01 -1.567530000000000034e-01 -2.955999999999999860e-03
2.000000000000000000e+01 2.000000000000000000e+00 1.900000000000000000e+01 0.000000000000000000e+00 1.600000000000000089e+00 1.843999999999999936e-03 2.768000000000000061e-03 -9.999940000000000495e-01 1.527429999999999899e-01 -9.882630000000000026e-01 -2.454000000000000018e-03 -9.882640000000000313e-01 -1.527380000000000126e-01 -2.245000000000000034e-03
2.300000000000000000e+01 2.000000000000000000e+00 1.900000000000000000e+01 0.000000000000000000e+00 1.600000000000000089e+00 2.431000000000000001e-03 -6.310000000000000504e-04 -9.999970000000000248e-01 1.573269999999999946e-01 -9.875460000000000349e-01 1.005999999999999950e-03 -9.875439999999999774e-01 -1.573289999999999966e-01 -2.301000000000000094e-03
3.000000000000000000e+01 2.000000000000000000e+00 1.900000000000000000e+01 0.000000000000000000e+00 1.600000000000000089e+00 3.799999999999999992e-03 -1.283499999999999919e-02 -9.999099999999999655e-01 1.558660000000000045e-01 -9.876890000000000391e-01 1.327099999999999981e-02 -9.877709999999999546e-01 -1.559030000000000138e-01 -1.752000000000000085e-03
2.000000000000000000e+00 1.300000000000000000e+01 2.000000000000000000e+01 0.000000000000000000e+00 1.600000000000000089e+00 1.492000000000000054e-03 -6.016999999999999779e-03 9.999810000000000088e-01 2.449659999999999893e-01 9.695160000000000444e-01 5.468999999999999903e-03 -9.695300000000000029e-01 2.449530000000000041e-01 2.919999999999999853e-03
1.100000000000000000e+01 1.300000000000000000e+01 2.000000000000000000e+01 0.000000000000000000e+00 1.600000000000000089e+00 -4.679999999999999915e-04 2.472999999999999938e-03 9.999970000000000248e-01 2.481530000000000125e-01 9.687179999999999680e-01 -2.279999999999999909e-03 -9.687210000000000543e-01 2.481520000000000115e-01 -1.067000000000000023e-03
1.700000000000000000e+01 1.300000000000000000e+01 2.000000000000000000e+01 0.000000000000000000e+00 1.600000000000000089e+00 -2.608000000000000075e-03 -8.085000000000000173e-03 9.999639999999999640e-01 2.491210000000000091e-01 9.684350000000000458e-01 8.479999999999999691e-03 -9.684690000000000243e-01 2.491339999999999943e-01 -5.119999999999999768e-04
1.900000000000000000e+01 1.300000000000000000e+01 2.000000000000000000e+01 0.000000000000000000e+00 1.600000000000000089e+00 -1.505999999999999960e-03 -8.791999999999999468e-03 9.999599999999999600e-01 2.493630000000000013e-01 9.683690000000000353e-01 8.890000000000000333e-03 -9.684089999999999643e-01 2.493670000000000053e-01 7.339999999999999520e-04
2.500000000000000000e+01 1.300000000000000000e+01 2.000000000000000000e+01 0.000000000000000000e+00 1.600000000000000089e+00 5.160999999999999789e-03 7.590000000000000392e-03 9.999580000000000135e-01 2.476899999999999935e-01 9.688010000000000232e-01 -8.632000000000000783e-03 -9.688259999999999650e-01 2.477250000000000008e-01 3.119999999999999944e-03
1.500000000000000000e+01 1.600000000000000000e+01 2.100000000000000000e+01 0.000000000000000000e+00 1.600000000000000089e+00 -2.694000000000000214e-03 -5.781999999999999813e-03 9.999799999999999800e-01 2.978000000000000091e-01 9.546069999999999833e-01 6.322000000000000362e-03 -9.546249999999999458e-01 2.978109999999999924e-01 -8.499999999999999526e-04
2.000000000000000000e+01 1.600000000000000000e+01 2.100000000000000000e+01 0.000000000000000000e+00 1.600000000000000089e+00 -6.819999999999999890e-04 -5.897999999999999597e-03 9.999820000000000375e-01 2.991659999999999875e-01 9.541830000000000034e-01 5.832000000000000378e-03 -9.542009999999999659e-01 2.991639999999999855e-01 1.113999999999999973e-03
2.300000000000000000e+01 1.600000000000000000e+01 2.100000000000000000e+01 0.000000000000000000e+00 1.600000000000000089e+00 4.884999999999999586e-03 5.840999999999999838e-03 9.999710000000000543e-01 2.984479999999999911e-01 9.544000000000000261e-01 -7.033000000000000189e-03 -9.544129999999999558e-01 2.984740000000000171e-01 2.919000000000000154e-03
3.000000000000000000e+00 4.900000000000000000e+01 2.500000000000000000e+01 0.000000000000000000e+00 1.600000000000000089e+00 1.607799999999999854e-02 6.846399999999999708e-02 9.975239999999999663e-01 6.662919999999999954e-01 7.431309999999999860e-01 -6.174299999999999927e-02 -7.455180000000000140e-01 6.656349999999999767e-01 -3.366899999999999754e-02
2.800000000000000000e+01 4.600000000000000000e+01 2.700000000000000000e+01 0.000000000000000000e+00 1.600000000000000089e+00 1.217200000000000053e-02 1.914799999999999836e-02 -9.997430000000000483e-01 6.239360000000000461e-01 7.811500000000000110e-01 2.255800000000000166e-02 7.813809999999999922e-01 -6.240499999999999936e-01 -2.439000000000000196e-03
1.000000000000000000e+01 4.900000000000000000e+01 2.900000000000000000e+01 0.000000000000000000e+00 1.600000000000000089e+00 -2.605999999999999810e-03 9.782699999999999729e-02 -9.951999999999999735e-01 6.663320000000000354e-01 -7.419069999999999832e-01 -7.467300000000000326e-02 -7.456509999999999527e-01 -6.633280000000000287e-01 -6.325200000000000267e-02
1.100000000000000000e+01 5.000000000000000000e+01 3.000000000000000000e+01 0.000000000000000000e+00 1.600000000000000089e+00 -4.363999999999999824e-03 1.637790000000000079e-01 -9.864870000000000028e-01 6.597129999999999939e-01 -7.408919999999999950e-01 -1.259230000000000071e-01 -7.515049999999999786e-01 -6.513489999999999558e-01 -1.048140000000000044e-01
1.600000000000000000e+01 5.000000000000000000e+01 3.000000000000000000e+01 0.000000000000000000e+00 1.600000000000000089e+00 -9.379000000000000184e-03 2.726750000000000007e-01 -9.620610000000000550e-01 6.371250000000000524e-01 -7.398989999999999734e-01 -2.159200000000000008e-01 -7.707039999999999447e-01 -6.149780000000000246e-01 -1.667879999999999918e-01
2.200000000000000000e+01 8.000000000000000000e+01 3.000000000000000000e+01 0.000000000000000000e+00 1.600000000000000089e+00 -9.173040000000000083e-01 -3.903320000000000123e-01 -7.870499999999999718e-02 -3.981830000000000092e-01 8.981810000000000072e-01 1.863360000000000016e-01 -2.040999999999999846e-03 2.022660000000000013e-01 -9.793279999999999763e-01
2.300000000000000000e+01 9.000000000000000000e+01 3.000000000000000000e+01 0.000000000000000000e+00 1.600000000000000089e+00 -9.292880000000000029e-01 3.251870000000000038e-01 -1.751469999999999971e-01 2.589580000000000215e-01 9.117490000000000316e-01 3.188320000000000043e-01 2.633699999999999930e-01 2.509319999999999884e-01 -9.314879999999999827e-01
2.000000000000000000e+01 5.100000000000000000e+01 3.100000000000000000e+01 0.000000000000000000e+00 1.600000000000000089e+00 2.522900000000000142e-02 3.988579999999999903e-01 -9.166659999999999808e-01 5.482639999999999736e-01 -7.722719999999999585e-01 -3.209400000000000031e-01 -8.359250000000000291e-01 -4.944779999999999731e-01 -2.381630000000000136e-01
2.000000000000000000e+01 5.200000000000000000e+01 3.200000000000000000e+01 0.000000000000000000e+00 1.600000000000000089e+00 3.796700000000000075e-02 4.218100000000000183e-01 -9.058890000000000553e-01 5.385940000000000172e-01 -7.722339999999999760e-01 -3.370029999999999970e-01 -8.417090000000000405e-01 -4.751119999999999788e-01 -2.565040000000000098e-01
2.900000000000000000e+01 4.600000000000000000e+01 3.500000000000000000e+01 0.000000000000000000e+00 1.600000000000000089e+00 1.654699999999999921e-02 9.129700000000000315e-02 -9.956859999999999600e-01 3.760080000000000089e-01 -9.232930000000000303e-01 -7.840999999999999359e-02 -9.264689999999999870e-01 -3.730890000000000040e-01 -4.960599999999999732e-02
2.300000000000000000e+01 7.900000000000000000e+01 3.500000000000000000e+01 0.000000000000000000e+00 1.600000000000000089e+00 -9.400340000000000362e-01 -3.373220000000000107e-01 -5.049200000000000216e-02 -3.409820000000000073e-01 9.258589999999999876e-01 1.628380000000000105e-01 -8.179999999999999771e-03 1.702909999999999979e-01 -9.853600000000000136e-01
2.400000000000000000e+01 8.900000000000000000e+01 3.500000000000000000e+01 0.000000000000000000e+00 1.600000000000000089e+00 -6.041480000000000183e-01 7.684649999999999537e-01 -2.108700000000000019e-01 7.209619999999999918e-01 6.398319999999999563e-01 2.661379999999999857e-01 3.394400000000000195e-01 8.758000000000000160e-03 -9.405869999999999509e-01
3.000000000000000000e+01 7.400000000000000000e+01 3.600000000000000000e+01 0.000000000000000000e+00 1.600000000000000089e+00 -4.237099999999999755e-01 8.575869999999999882e-01 2.915719999999999978e-01 -8.983820000000000139e-01 -3.567690000000000028e-01 -2.561740000000000128e-01 -1.156670000000000059e-01 -3.704870000000000108e-01 9.216079999999999828e-01
2.400000000000000000e+01 7.800000000000000000e+01 3.600000000000000000e+01 0.000000000000000000e+00 1.600000000000000089e+00 -7.866030000000000522e-01 -6.135359999999999703e-01 -6.948500000000000509e-02 -6.157920000000000060e-01 7.712339999999999751e-01 1.612389999999999934e-01 -4.533700000000000230e-02 1.696199999999999930e-01 -9.844659999999999522e-01
1.100000000000000000e+01 9.500000000000000000e+01 3.600000000000000000e+01 0.000000000000000000e+00 1.600000000000000089e+00 -1.570500000000000021e-02 -5.879199999999999704e-02 9.981470000000000065e-01 9.973889999999999700e-01 6.945300000000000085e-02 1.978399999999999950e-02 -7.048699999999999410e-02 9.958510000000000417e-01 5.754700000000000093e-02
4.000000000000000000e+00 2.900000000000000000e+01 4.400000000000000000e+01 0.000000000000000000e+00 1.600000000000000089e+00 2.799999999999999958e-05 -1.766999999999999908e-03 -9.999989999999999712e-01 6.600899999999999546e-01 7.511860000000000204e-01 -1.309000000000000051e-03 7.511870000000000491e-01 -6.600890000000000368e-01 1.186999999999999904e-03
1.100000000000000000e+01 2.900000000000000000e+01 4.400000000000000000e+01 0.000000000000000000e+00 1.600000000000000089e+00 -8.199999999999999824e-04 1.208000000000000089e-03 -9.999989999999999712e-01 6.557699999999999640e-01 7.549609999999999932e-01 3.739999999999999835e-04 7.549609999999999932e-01 -6.557690000000000463e-01 -1.412000000000000061e-03
1.600000000000000000e+01 2.900000000000000000e+01 4.400000000000000000e+01 0.000000000000000000e+00 1.600000000000000089e+00 9.399999999999999448e-05 -1.662999999999999982e-03 -9.999989999999999712e-01 6.553099999999999481e-01 7.553590000000000027e-01 -1.193999999999999966e-03 7.553600000000000314e-01 -6.553090000000000304e-01 1.160000000000000007e-03
1.900000000000000000e+01 2.900000000000000000e+01 4.400000000000000000e+01 0.000000000000000000e+00 1.600000000000000089e+00 8.649999999999999920e-04 -1.559000000000000056e-03 -9.999980000000000535e-01 6.569650000000000212e-01 7.539200000000000346e-01 -6.070000000000000092e-04 7.539200000000000346e-01 -6.569639999999999924e-01 1.677000000000000105e-03
2.500000000000000000e+01 9.400000000000000000e+01 4.400000000000000000e+01 0.000000000000000000e+00 1.600000000000000089e+00 -1.698429999999999940e-01 -9.218640000000000168e-01 -3.483089999999999797e-01 -9.794329999999999981e-01 1.188430000000000042e-01 1.630530000000000035e-01 -1.089190000000000019e-01 3.688389999999999724e-01 -9.230899999999999661e-01
8.000000000000000000e+00 6.500000000000000000e+01 4.600000000000000000e+01 0.000000000000000000e+00 1.600000000000000089e+00 1.746299999999999936e-02 1.599220000000000086e-01 9.869750000000000467e-01 6.483109999999999706e-01 -7.533009999999999984e-01 1.105890000000000067e-01 7.611750000000000460e-01 6.379359999999999475e-01 -1.168339999999999934e-01
3.000000000000000000e+01 5.800000000000000000e+01 4.800000000000000000e+01 0.000000000000000000e+00 1.600000000000000089e+00 5.409810000000000452e-01 2.449469999999999981e-01 8.045740000000000114e-01 -4.656480000000000063e-01 -7.094080000000000386e-01 5.290679999999999827e-01 7.003650000000000153e-01 -6.608640000000000070e-01 -2.697169999999999845e-01
2.300000000000000000e+01 5.900000000000000000e+01 4.800000000000000000e+01 0.000000000000000000e+00 1.600000000000000089e+00 4.846520000000000272e-01 3.317060000000000008e-01 -8.093730000000000091e-01 -8.354150000000000187e-01 4.497470000000000079e-01 -3.159259999999999846e-01 2.592180000000000040e-01 8.292760000000000131e-01 4.950829999999999953e-01
2.300000000000000000e+01 7.400000000000000000e+01 4.900000000000000000e+01 0.000000000000000000e+00 1.600000000000000089e+00 4.308800000000000130e-02 5.818630000000000191e-01 8.121450000000000058e-01 -9.658980000000000343e-01 2.319970000000000088e-01 -1.149700000000000027e-01 -2.553119999999999834e-01 -7.794959999999999667e-01 5.720159999999999689e-01
9.000000000000000000e+00 4.900000000000000000e+01 5.000000000000000000e+01 0.000000000000000000e+00 1.600000000000000089e+00 4.083160000000000123e-01 9.236199999999999966e-02 9.081559999999999633e-01 -8.106879999999999642e-01 -4.206130000000000146e-01 4.072709999999999941e-01 4.195989999999999998e-01 -9.025260000000000504e-01 -9.686599999999999377e-02
4.000000000000000000e+00 5.000000000000000000e+00 5.100000000000000000e+01 0.000000000000000000e+00 1.600000000000000089e+00 2.844000000000000174e-03 6.995999999999999615e-03 -9.999719999999999720e-01 4.848689999999999944e-01 -8.745739999999999625e-01 -4.740000000000000289e-03 -8.745819999999999705e-01 -4.848410000000000220e-01 -5.878999999999999677e-03
7.000000000000000000e+00 5.000000000000000000e+00 5.100000000000000000e+01 0.000000000000000000e+00 1.600000000000000089e+00 -5.263999999999999582e-03 -1.500000000000000031e-03 -9.999850000000000128e-01 4.888529999999999820e-01 -8.723649999999999460e-01 -1.265000000000000065e-03 -8.723499999999999588e-01 -4.888529999999999820e-01 5.326000000000000005e-03
1.800000000000000000e+01 5.000000000000000000e+00 5.100000000000000000e+01 0.000000000000000000e+00 1.600000000000000089e+00 1.472999999999999917e-03 -3.041999999999999999e-03 -9.999940000000000495e-01 4.892790000000000195e-01 -8.721210000000000351e-01 3.373999999999999829e-03 -8.721259999999999568e-01 -4.892810000000000215e-01 2.039999999999999984e-04
2.500000000000000000e+01 5.000000000000000000e+00 5.100000000000000000e+01 0.000000000000000000e+00 1.600000000000000089e+00 2.413000000000000214e-03 6.089999999999999494e-04 -9.999970000000000248e-01 4.848489999999999744e-01 -8.745979999999999865e-01 6.380000000000000037e-04 -8.745950000000000113e-01 -4.848489999999999744e-01 -2.406000000000000152e-03
1.200000000000000000e+01 5.100000000000000000e+01 5.100000000000000000e+01 0.000000000000000000e+00 1.600000000000000089e+00 4.185690000000000244e-01 9.236600000000000366e-02 9.034759999999999458e-01 -7.902019999999999600e-01 -4.532979999999999787e-01 4.124329999999999941e-01 4.476390000000000091e-01 -8.865600000000000147e-01 -1.167490000000000056e-01
2.400000000000000000e+01 6.400000000000000000e+01 5.100000000000000000e+01 0.000000000000000000e+00 1.600000000000000089e+00 1.270489999999999953e-01 -3.703130000000000033e-01 -9.201780000000000515e-01 5.310669999999999558e-01 8.089220000000000299e-01 -2.522150000000000225e-01 8.377510000000000234e-01 -4.566319999999999824e-01 2.994339999999999780e-01
1.400000000000000000e+01 1.150000000000000000e+02 5.100000000000000000e+01 0.000000000000000000e+00 1.600000000000000089e+00 -1.456999999999999962e-03 1.849800000000000055e-02 9.998280000000000500e-01 8.441830000000000167e-01 -5.359390000000000542e-01 1.114599999999999966e-02 5.360530000000000017e-01 8.440539999999999710e-01 -1.483499999999999923e-02
1.500000000000000000e+01 7.000000000000000000e+00 5.200000000000000000e+01 0.000000000000000000e+00 1.600000000000000089e+00 9.039999999999999642e-04 -7.526999999999999837e-03 -9.999710000000000543e-01 1.109269999999999978e-01 -9.938000000000000167e-01 7.581000000000000065e-03 -9.938280000000000447e-01 -1.109300000000000008e-01 -6.299999999999999990e-05
9.000000000000000000e+00 5.000000000000000000e+01 5.200000000000000000e+01 0.000000000000000000e+00 1.600000000000000089e+00 4.348639999999999728e-01 8.923300000000000676e-02 8.960639999999999716e-01 -8.012920000000000043e-01 -4.156929999999999792e-01 4.302670000000000106e-01 4.108809999999999962e-01 -9.051169999999999494e-01 -1.092680000000000040e-01
1.100000000000000000e+01 5.100000000000000000e+01 5.200000000000000000e+01 0.000000000000000000e+00 1.600000000000000089e+00 4.304749999999999965e-01 6.294000000000000115e-03 9.025800000000000489e-01 -7.981439999999999646e-01 -4.643100000000000005e-01 3.839029999999999943e-01 4.214939999999999798e-01 -8.856500000000000483e-01 -1.948499999999999954e-01
2.100000000000000000e+01 8.000000000000000000e+01 5.200000000000000000e+01 0.000000000000000000e+00 1.600000000000000089e+00 5.966300000000000076e-02 -1.797519999999999951e-01 9.819010000000000238e-01 1.069910000000000028e-01 9.791379999999999528e-01 1.727450000000000097e-01 -9.924680000000000168e-01 9.474799999999999889e-02 7.764999999999999680e-02
6.000000000000000000e+00 2.500000000000000000e+01 5.500000000000000000e+01 0.000000000000000000e+00 1.600000000000000089e+00 -2.040000000000000147e-03 2.099999999999999884e-05 -9.999980000000000535e-01 -1.356699999999999920e-02 -9.999080000000000190e-01 6.999999999999999895e-06 -9.999059999999999615e-01 1.356699999999999920e-02 2.040000000000000147e-03
1.200000000000000000e+01 2.500000000000000000e+01 5.500000000000000000e+01 0.000000000000000000e+00 1.600000000000000089e+00 -6.070000000000000092e-04 4.620000000000000083e-04 -1.000000000000000000e+00 -1.043200000000000030e-02 -9.999449999999999728e-01 -4.550000000000000008e-04 -9.999449999999999728e-01 1.043099999999999930e-02 6.109999999999999980e-04
1.800000000000000000e+01 2.500000000000000000e+01 5.500000000000000000e+01 0.000000000000000000e+00 1.600000000000000089e+00 -7.649999999999999465e-04 -3.699999999999999811e-05 -1.000000000000000000e+00 -1.058199999999999939e-02 -9.999440000000000550e-01 4.500000000000000283e-05 -9.999440000000000550e-01 1.058199999999999939e-02 7.640000000000000306e-04
2.300000000000000000e+01 2.500000000000000000e+01 5.500000000000000000e+01 0.000000000000000000e+00 1.600000000000000089e+00 -1.255999999999999955e-03 4.132000000000000256e-03 -9.999909999999999632e-01 -8.803000000000000061e-03 -9.999529999999999808e-01 -4.120999999999999663e-03 -9.999599999999999600e-01 8.796999999999999265e-03 1.291999999999999963e-03
2.700000000000000000e+01 2.500000000000000000e+01 5.500000000000000000e+01 0.000000000000000000e+00 1.600000000000000089e+00 -9.089999999999999773e-04 2.246999999999999865e-03 -9.999970000000000248e-01 -7.628000000000000232e-03 -9.999679999999999680e-01 -2.239999999999999804e-03 -9.999700000000000255e-01 7.625999999999999966e-03 9.259999999999999568e-04
2.300000000000000000e+01 5.800000000000000000e+01 5.500000000000000000e+01 0.000000000000000000e+00 1.600000000000000089e+00 -8.551799999999999680e-02 -3.056920000000000193e-01 9.482819999999999583e-01 -1.588600000000000012e-01 9.437759999999999483e-01 2.899129999999999763e-01 -9.835899999999999643e-01 -1.258509999999999907e-01 -1.292719999999999980e-01
8.000000000000000000e+00 6.000000000000000000e+01 5.500000000000000000e+01 0.000000000000000000e+00 1.600000000000000089e+00 -4.559099999999999958e-02 -9.345000000000000528e-02 9.945800000000000196e-01 -3.065400000000000069e-02 9.952769999999999673e-01 9.210999999999999743e-02 -9.984899999999999887e-01 -2.628899999999999987e-02 -4.823999999999999816e-02
1.200000000000000000e+01 6.000000000000000000e+01 5.500000000000000000e+01 0.000000000000000000e+00 1.600000000000000089e+00 -2.038799999999999987e-02 -1.038170000000000065e-01 9.943880000000000496e-01 8.119800000000000628e-02 9.911370000000000458e-01 1.051419999999999993e-01 -9.964889999999999581e-01 8.288600000000000134e-02 -1.177699999999999927e-02
8.000000000000000000e+00 5.100000000000000000e+01 5.600000000000000000e+01 0.000000000000000000e+00 1.600000000000000089e+00 4.190269999999999828e-01 -1.610149999999999915e-01 8.935830000000000162e-01 -8.834100000000000286e-01 -2.996659999999999879e-01 3.602600000000000247e-01 2.097690000000000110e-01 -9.403589999999999449e-01 -2.678099999999999925e-01
1.500000000000000000e+01 6.800000000000000000e+01 5.700000000000000000e+01 0.000000000000000000e+00 1.600000000000000089e+00 -1.515999999999999986e-03 -4.308000000000000197e-03 -9.999900000000000455e-01 -2.497469999999999968e-01 -9.683000000000000496e-01 4.550000000000000225e-03 -9.683100000000000041e-01 2.497510000000000008e-01 3.919999999999999873e-04
2.100000000000000000e+01 5.800000000000000000e+01 5.900000000000000000e+01 0.000000000000000000e+00 1.600000000000000089e+00 -6.412299999999999944e-02 -1.772940000000000071e-01 -9.820670000000000233e-01 1.940900000000000125e-01 9.630840000000000511e-01 -1.865410000000000124e-01 9.788860000000000339e-01 -2.025710000000000011e-01 -2.734500000000000125e-02
1.000000000000000000e+00 2.100000000000000000e+01 6.000000000000000000e+01 0.000000000000000000e+00 1.600000000000000089e+00 9.799999999999999684e-05 -1.498700000000000032e-02 9.998879999999999990e-01 -9.872200000000000419e-02 9.950029999999999708e-01 1.492399999999999977e-02 -9.951149999999999718e-01 -9.871199999999999419e-02 -1.381999999999999982e-03
9.000000000000000000e+00 2.100000000000000000e+01 6.000000000000000000e+01 0.000000000000000000e+00 1.600000000000000089e+00 -5.950000000000000427e-04 4.622000000000000240e-03 9.999890000000000168e-01 -9.721200000000000674e-02 9.952530000000000543e-01 -4.657999999999999814e-03 -9.952630000000000088e-01 -9.721399999999999486e-02 -1.430000000000000064e-04
1.400000000000000000e+01 2.100000000000000000e+01 6.000000000000000000e+01 0.000000000000000000e+00 1.600000000000000089e+00 -8.649999999999999920e-04 1.740999999999999926e-03 9.999980000000000535e-01 -9.583800000000000652e-02 9.953950000000000298e-01 -1.815999999999999906e-03 -9.953969999999999763e-01 -9.583899999999999364e-02 -6.949999999999999798e-04
2.000000000000000000e+01 2.100000000000000000e+01 6.000000000000000000e+01 0.000000000000000000e+00 1.600000000000000089e+00 1.889999999999999970e-03 -2.149999999999999947e-04 9.999980000000000535e-01 -9.468999999999999639e-02 9.955070000000000308e-01 3.930000000000000117e-04 -9.955049999999999732e-01 -9.468999999999999639e-02 1.861000000000000024e-03
2.800000000000000000e+01 2.100000000000000000e+01 6.000000000000000000e+01 0.000000000000000000e+00 1.600000000000000089e+00 -2.566000000000000138e-03 -9.449999999999999850e-04 9.999959999999999960e-01 -9.686899999999999678e-02 9.952969999999999873e-01 6.920000000000000153e-04 -9.952940000000000120e-01 -9.686699999999999477e-02 -2.645000000000000216e-03
1.900000000000000000e+01 6.000000000000000000e+00 6.100000000000000000e+01 0.000000000000000000e+00 1.600000000000000089e+00 -5.191999999999999567e-03 -1.015300000000000057e-02 9.999350000000000183e-01 5.706809999999999938e-01 -8.211540000000000505e-01 -5.374000000000000304e-03 8.211549999999999683e-01 5.706160000000000121e-01 1.005799999999999923e-02
1.000000000000000000e+01 3.000000000000000000e+00 6.300000000000000000e+01 0.000000000000000000e+00 1.600000000000000089e+00 4.300000000000000165e-05 -2.309999999999999987e-03 9.999970000000000248e-01 -6.172180000000000444e-01 7.867899999999999894e-01 1.843999999999999936e-03 -7.867920000000000469e-01 -6.172159999999999869e-01 -1.392999999999999924e-03
4.000000000000000000e+00 2.700000000000000000e+01 6.300000000000000000e+01 0.000000000000000000e+00 1.600000000000000089e+00 7.619999999999999820e-04 -2.448999999999999788e-03 9.999970000000000248e-01 -2.651229999999999976e-01 9.642110000000000403e-01 2.563000000000000174e-03 -9.642140000000000155e-01 -2.651240000000000263e-01 8.600000000000000331e-05
9.000000000000000000e+00 2.700000000000000000e+01 6.300000000000000000e+01 0.000000000000000000e+00 1.600000000000000089e+00 3.879999999999999985e-04 7.549000000000000155e-03 9.999710000000000543e-01 -2.677919999999999745e-01 9.634500000000000286e-01 -7.170000000000000158e-03 -9.634770000000000278e-01 -2.677820000000000200e-01 2.394999999999999993e-03
1.500000000000000000e+01 2.700000000000000000e+01 6.300000000000000000e+01 0.000000000000000000e+00 1.600000000000000089e+00 -5.019999999999999506e-04 3.298999999999999849e-03 9.999940000000000495e-01 -2.695710000000000051e-01 9.629750000000000254e-01 -3.311999999999999840e-03 -9.629799999999999471e-01 -2.695710000000000051e-01 4.049999999999999781e-04
1.900000000000000000e+01 2.700000000000000000e+01 6.300000000000000000e+01 0.000000000000000000e+00 1.600000000000000089e+00 6.319999999999999663e-04 2.781000000000000052e-03 9.999959999999999960e-01 -2.679509999999999947e-01 9.634289999999999798e-01 -2.510000000000000078e-03 -9.634319999999999551e-01 -2.679489999999999927e-01 1.353999999999999952e-03
3.000000000000000000e+01 2.700000000000000000e+01 6.300000000000000000e+01 0.000000000000000000e+00 1.600000000000000089e+00 -1.745000000000000023e-03 -2.781000000000000052e-03 9.999949999999999672e-01 -2.691279999999999784e-01 9.631020000000000136e-01 2.209000000000000026e-03 -9.631030000000000424e-01 -2.691219999999999724e-01 -2.429000000000000169e-03
1.000000000000000000e+00 2.600000000000000000e+01 6.400000000000000000e+01 0.000000000000000000e+00 1.600000000000000089e+00 -2.919999999999999961e-04 -7.322000000000000383e-03 9.999730000000000008e-01 -3.432720000000000216e-01 9.392120000000000468e-01 6.777000000000000038e-03 -9.392359999999999598e-01 -3.432609999999999828e-01 -2.786999999999999981e-03
7.000000000000000000e+00 2.600000000000000000e+01 6.400000000000000000e+01 0.000000000000000000e+00 1.600000000000000089e+00 5.310000000000000050e-04 4.338999999999999975e-03 9.999900000000000455e-01 -3.464090000000000225e-01 9.380760000000000209e-01 -3.886999999999999830e-03 -9.380840000000000289e-01 -3.464030000000000165e-01 2.001999999999999873e-03
1.100000000000000000e+01 2.600000000000000000e+01 6.400000000000000000e+01 0.000000000000000000e+00 1.600000000000000089e+00 -1.520000000000000084e-04 6.866999999999999840e-03 9.999759999999999760e-01 -3.517060000000000186e-01 9.360880000000000312e-01 -6.481999999999999915e-03 -9.361110000000000264e-01 -3.516980000000000106e-01 2.272999999999999847e-03
1.500000000000000000e+01 2.600000000000000000e+01 6.400000000000000000e+01 0.000000000000000000e+00 1.600000000000000089e+00 -1.297999999999999892e-03 3.713999999999999854e-03 9.999919999999999920e-01 -3.517540000000000111e-01 9.360840000000000272e-01 -3.932999999999999864e-03 -9.360910000000000064e-01 -3.517569999999999864e-01 9.100000000000000287e-05
1.900000000000000000e+01 2.600000000000000000e+01 6.400000000000000000e+01 0.000000000000000000e+00 1.600000000000000089e+00 3.600000000000000091e-05 2.975999999999999913e-03 9.999959999999999960e-01 -3.468470000000000164e-01 9.379180000000000295e-01 -2.778999999999999786e-03 -9.379220000000000335e-01 -3.468450000000000144e-01 1.066000000000000107e-03
2.400000000000000000e+01 2.600000000000000000e+01 6.400000000000000000e+01 0.000000000000000000e+00 1.600000000000000089e+00 1.853000000000000046e-03 1.641000000000000097e-03 9.999970000000000248e-01 -3.469389999999999974e-01 9.378870000000000262e-01 -8.959999999999999866e-04 -9.378859999999999975e-01 -3.469360000000000221e-01 2.308000000000000156e-03
6.000000000000000000e+00 5.000000000000000000e+01 6.500000000000000000e+01 0.000000000000000000e+00 1.600000000000000089e+00 -1.783250000000000113e-01 -2.471899999999999931e-01 -9.524169999999999581e-01 3.029830000000000023e-01 9.071080000000000254e-01 -2.921590000000000020e-01 9.361629999999999674e-01 -3.406649999999999956e-01 -8.686499999999999777e-02
1.900000000000000000e+01 6.900000000000000000e+01 6.600000000000000000e+01 0.000000000000000000e+00 1.600000000000000089e+00 6.176000000000000066e-03 -2.057999999999999934e-03 9.999789999999999512e-01 -9.502450000000000063e-01 3.114359999999999906e-01 6.509000000000000029e-03 -3.114430000000000254e-01 -9.502650000000000263e-01 -3.199999999999999855e-05
2.600000000000000000e+01 8.300000000000000000e+01 7.200000000000000000e+01 0.000000000000000000e+00 1.600000000000000089e+00 8.297139999999999516e-01 4.907960000000000100e-01 -2.658820000000000072e-01 -3.434050000000000158e-01 7.330299999999999316e-02 -9.363230000000000164e-01 -4.400540000000000007e-01 8.681849999999999845e-01 2.293620000000000103e-01
