3.000000000000000000e+00 2.500000000000000000e+01 1.000000000000000000e+00 0.000000000000000000e+00 1.600000000000000089e+00 -1.492000000000000054e-03 -9.330000000000000186e-04 -9.999980000000000535e-01 -5.344440000000000301e-01 -8.452020000000000088e-01 1.585999999999999953e-03 -8.452030000000000376e-01 5.344459999999999766e-01 7.630000000000000063e-04
9.000000000000000000e+00 2.500000000000000000e+01 1.000000000000000000e+00 0.000000000000000000e+00 1.600000000000000089e+00 -9.229999999999999923e-04 -1.513999999999999938e-03 -9.999980000000000535e-01 -5.301270000000000149e-01 -8.479170000000000318e-01 1.771999999999999921e-03 -8.479179999999999495e-01 5.301270000000000149e-01 -2.000000000000000164e-05
1.600000000000000000e+01 2.500000000000000000e+01 1.000000000000000000e+00 0.000000000000000000e+00 1.600000000000000089e+00 -1.699999999999999987e-05 -1.536000000000000039e-03 -9.999989999999999712e-01 -5.300829999999999709e-01 -8.479449999999999488e-01 1.312000000000000015e-03 -8.479459999999999775e-01 5.300829999999999709e-01 -8.000000000000000383e-04
2.300000000000000000e+01 2.500000000000000000e+01 1.000000000000000000e+00 0.000000000000000000e+00 1.600000000000000089e+00 -3.100000000000000135e-05 -1.186999999999999904e-03 -9.999989999999999712e-01 -5.304060000000000441e-01 -8.477430000000000243e-01 1.021999999999999905e-03 -8.477440000000000531e-01 5.304060000000000441e-01 -6.030000000000000204e-04
2.000000000000000000e+01 3.000000000000000000e+00 4.000000000000000000e+00 0.000000000000000000e+00 1.600000000000000089e+00 -1.215640000000000054e-01 -3.328699999999999715e-02 -9.920250000000000457e-01 -8.339860000000000051e-01 -5.385199999999999987e-01 1.202669999999999989e-01 -5.382280000000000397e-01 8.419550000000000090e-01 3.770400000000000140e-02
9.000000000000000000e+00 1.500000000000000000e+01 4.000000000000000000e+00 0.000000000000000000e+00 1.600000000000000089e+00 -4.270999999999999623e-03 -9.627999999999999406e-03 9.999449999999999728e-01 3.200790000000000024e-01 -9.473589999999999511e-01 -7.753999999999999608e-03 9.473810000000000286e-01 3.200290000000000079e-01 7.127999999999999788e-03
1.400000000000000000e+01 1.500000000000000000e+01 4.000000000000000000e+00 0.000000000000000000e+00 1.600000000000000089e+00 2.030000000000000012e-04 -1.015600000000000010e-02 9.999479999999999480e-01 3.156129999999999769e-01 -9.488379999999999592e-01 -9.700999999999999554e-03 9.488879999999999537e-01 3.155990000000000184e-01 3.013000000000000053e-03
2.600000000000000000e+01 1.500000000000000000e+01 4.000000000000000000e+00 0.000000000000000000e+00 1.600000000000000089e+00 -1.749999999999999982e-04 5.752000000000000168e-03 9.999829999999999552e-01 3.227249999999999841e-01 -9.464770000000000127e-01 5.500999999999999814e-03 9.464930000000000287e-01 3.227200000000000069e-01 -1.690000000000000096e-03
1.900000000000000000e+01 1.600000000000000000e+01 4.000000000000000000e+00 0.000000000000000000e+00 1.600000000000000089e+00 3.572999999999999787e-03 -2.494000000000000123e-03 9.999909999999999632e-01 3.951709999999999945e-01 -9.185999999999999721e-01 -3.703000000000000128e-03 9.186010000000000009e-01 3.951799999999999757e-01 -2.295999999999999864e-03
5.000000000000000000e+00 1.010000000000000000e+02 7.000000000000000000e+00 0.000000000000000000e+00 1.600000000000000089e+00 -5.529999999999999976e-04 -1.385800000000000053e-02 9.999040000000000150e-01 8.892269999999999897e-01 4.574150000000000160e-01 6.831000000000000266e-03 -4.574650000000000105e-01 8.891459999999999919e-01 1.207100000000000013e-02
9.000000000000000000e+00 1.010000000000000000e+02 7.000000000000000000e+00 0.000000000000000000e+00 1.600000000000000089e+00 1.134999999999999941e-03 -1.460900000000000046e-02 9.998930000000000318e-01 8.890400000000000524e-01 4.577950000000000075e-01 5.680000000000000153e-03 -4.578280000000000127e-01 8.889380000000000059e-01 1.350699999999999991e-02
2.400000000000000000e+01 1.010000000000000000e+02 7.000000000000000000e+00 0.000000000000000000e+00 1.600000000000000089e+00 -5.649999999999999641e-04 4.288000000000000145e-03 9.999909999999999632e-01 8.895610000000000461e-01 4.568130000000000246e-01 -1.456000000000000046e-03 -4.568150000000000266e-01 8.895520000000000094e-01 -4.072000000000000099e-03
2.800000000000000000e+01 1.010000000000000000e+02 7.000000000000000000e+00 0.000000000000000000e+00 1.600000000000000089e+00 5.720000000000000258e-04 7.564999999999999676e-03 9.999710000000000543e-01 8.890759999999999774e-01 4.577430000000000110e-01 -3.971999999999999836e-03 -4.577600000000000002e-01 8.890519999999999534e-01 -6.464000000000000128e-03
6.000000000000000000e+00 2.500000000000000000e+01 8.000000000000000000e+00 0.000000000000000000e+00 1.600000000000000089e+00 2.785000000000000149e-03 8.360000000000000460e-04 -9.999959999999999960e-01 4.497979999999999756e-01 8.931280000000000330e-01 1.998999999999999909e-03 8.931259999999999755e-01 -4.498019999999999796e-01 2.112000000000000162e-03
1.200000000000000000e+01 2.500000000000000000e+01 8.000000000000000000e+00 0.000000000000000000e+00 1.600000000000000089e+00 -4.499999999999999877e-04 5.671999999999999958e-03 -9.999839999999999840e-01 4.445569999999999800e-01 8.957370000000000054e-01 4.880999999999999922e-03 8.957500000000000462e-01 -4.445479999999999987e-01 -2.923999999999999950e-03
1.900000000000000000e+01 2.500000000000000000e+01 8.000000000000000000e+00 0.000000000000000000e+00 1.600000000000000089e+00 1.049999999999999935e-03 -1.819000000000000087e-03 -9.999980000000000535e-01 4.449250000000000149e-01 8.955670000000000019e-01 -1.162000000000000055e-03 8.955670000000000019e-01 -4.449230000000000129e-01 1.750000000000000036e-03
2.100000000000000000e+01 2.500000000000000000e+01 8.000000000000000000e+00 0.000000000000000000e+00 1.600000000000000089e+00 3.559999999999999797e-04 1.299999999999999920e-05 -1.000000000000000000e+00 4.451109999999999789e-01 8.954760000000000497e-01 1.700000000000000122e-04 8.954750000000000210e-01 -4.451109999999999789e-01 3.130000000000000187e-04
4.000000000000000000e+00 2.400000000000000000e+01 9.000000000000000000e+00 0.000000000000000000e+00 1.600000000000000089e+00 1.278000000000000056e-03 8.750000000000000182e-04 -9.999989999999999712e-01 4.552080000000000015e-01 8.903839999999999533e-01 1.361000000000000014e-03 8.903839999999999533e-01 -4.552089999999999748e-01 7.399999999999999894e-04
7.000000000000000000e+00 2.400000000000000000e+01 9.000000000000000000e+00 0.000000000000000000e+00 1.600000000000000089e+00 2.745000000000000044e-03 3.820000000000000153e-04 -9.999959999999999960e-01 4.549610000000000043e-01 8.905100000000000238e-01 1.588999999999999918e-03 8.905070000000000485e-01 -4.549639999999999795e-01 2.269999999999999882e-03
1.300000000000000000e+01 2.400000000000000000e+01 9.000000000000000000e+00 0.000000000000000000e+00 1.600000000000000089e+00 -1.129999999999999955e-04 6.821999999999999939e-03 -9.999770000000000048e-01 4.498360000000000136e-01 8.930909999999999682e-01 6.041999999999999628e-03 8.931109999999999882e-01 -4.498249999999999749e-01 -3.170000000000000075e-03
1.800000000000000000e+01 2.400000000000000000e+01 9.000000000000000000e+00 0.000000000000000000e+00 1.600000000000000089e+00 9.110000000000000259e-04 -3.272000000000000169e-03 -9.999940000000000495e-01 4.509560000000000235e-01 8.925429999999999753e-01 -2.508999999999999946e-03 8.925459999999999505e-01 -4.509509999999999907e-01 2.288000000000000103e-03
2.200000000000000000e+01 2.400000000000000000e+01 9.000000000000000000e+00 0.000000000000000000e+00 1.600000000000000089e+00 -1.039999999999999936e-04 7.749999999999999728e-04 -1.000000000000000000e+00 4.511800000000000255e-01 8.924330000000000318e-01 6.440000000000000412e-04 8.924330000000000318e-01 -4.511800000000000255e-01 -4.429999999999999802e-04
2.900000000000000000e+01 2.400000000000000000e+01 9.000000000000000000e+00 0.000000000000000000e+00 1.600000000000000089e+00 -5.460000000000000443e-04 4.030999999999999861e-03 -9.999919999999999920e-01 4.509850000000000247e-01 8.925250000000000128e-01 3.350999999999999812e-03 8.925309999999999633e-01 -4.509799999999999920e-01 -2.305000000000000191e-03
1.500000000000000000e+01 3.100000000000000000e+01 1.200000000000000000e+01 0.000000000000000000e+00 1.600000000000000089e+00 2.347000000000000128e-03 -3.199000000000000021e-03 9.999919999999999920e-01 -5.801999999999999866e-03 9.999780000000000335e-01 3.212000000000000011e-03 -9.999799999999999800e-01 -5.808999999999999928e-03 2.328999999999999907e-03
2.500000000000000000e+01 3.100000000000000000e+01 1.200000000000000000e+01 0.000000000000000000e+00 1.600000000000000089e+00 -7.860000000000000233e-04 -1.928000000000000026e-03 9.999980000000000535e-01 1.530000000000000056e-04 9.999980000000000535e-01 1.928999999999999942e-03 -1.000000000000000000e+00 1.540000000000000028e-04 -7.860000000000000233e-04
6.000000000000000000e+00 3.500000000000000000e+01 1.200000000000000000e+01 0.000000000000000000e+00 1.600000000000000089e+00 4.850000000000000253e-04 -8.200000000000000095e-05 -1.000000000000000000e+00 5.081259999999999666e-01 -8.612830000000000208e-01 3.170000000000000075e-04 -8.612830000000000208e-01 -5.081259999999999666e-01 -3.759999999999999779e-04
1.000000000000000000e+01 3.500000000000000000e+01 1.200000000000000000e+01 0.000000000000000000e+00 1.600000000000000089e+00 -1.851999999999999914e-03 -3.699999999999999947e-04 -9.999980000000000535e-01 5.262790000000000523e-01 -8.503119999999999568e-01 -6.599999999999999964e-04 -8.503100000000000103e-01 -5.262799999999999701e-01 1.768999999999999956e-03
1.700000000000000000e+01 3.500000000000000000e+01 1.200000000000000000e+01 0.000000000000000000e+00 1.600000000000000089e+00 2.272999999999999847e-03 6.405000000000000103e-03 -9.999770000000000048e-01 5.385590000000000099e-01 -8.425780000000000491e-01 -4.172999999999999626e-03 -8.425850000000000284e-01 -5.385370000000000434e-01 -5.364999999999999977e-03
2.000000000000000000e+01 3.500000000000000000e+01 1.200000000000000000e+01 0.000000000000000000e+00 1.600000000000000089e+00 7.420000000000000380e-04 4.720000000000000237e-03 -9.999890000000000168e-01 5.482970000000000343e-01 -8.362760000000000193e-01 -3.540000000000000178e-03 -8.362829999999999986e-01 -5.482879999999999976e-01 -3.207999999999999914e-03
2.400000000000000000e+01 3.500000000000000000e+01 1.200000000000000000e+01 0.000000000000000000e+00 1.600000000000000089e+00 -4.316000000000000392e-03 4.812999999999999570e-03 -9.999789999999999512e-01 5.587950000000000417e-01 -8.292810000000000459e-01 -6.402999999999999838e-03 -8.292950000000000044e-01 -5.588109999999999467e-01 8.899999999999999491e-04
2.000000000000000000e+01 3.200000000000000000e+01 1.400000000000000000e+01 0.000000000000000000e+00 1.600000000000000089e+00 -1.286000000000000034e-03 2.445000000000000125e-03 -9.999959999999999960e-01 9.983200000000000407e-02 9.950020000000000531e-01 2.304000000000000058e-03 9.950029999999999708e-01 -9.982900000000000107e-02 -1.523999999999999964e-03
2.600000000000000000e+01 3.200000000000000000e+01 1.400000000000000000e+01 0.000000000000000000e+00 1.600000000000000089e+00 2.240999999999999936e-03 -1.642000000000000013e-03 -9.999959999999999960e-01 1.024230000000000002e-01 9.947399999999999576e-01 -1.402999999999999950e-03 9.947380000000000111e-01 -1.024199999999999972e-01 2.396999999999999825e-03
5.000000000000000000e+00 1.200000000000000000e+01 1.500000000000000000e+01 0.000000000000000000e+00 1.600000000000000089e+00 2.059999999999999928e-04 -4.651999999999999885e-03 -9.999890000000000168e-01 -4.673570000000000224e-01 -8.840599999999999570e-01 4.016999999999999738e-03 -8.840689999999999937e-01 4.673510000000000164e-01 -2.356000000000000021e-03
1.000000000000000000e+01 1.200000000000000000e+01 1.500000000000000000e+01 0.000000000000000000e+00 1.600000000000000089e+00 -9.079999999999999530e-04 -2.779999999999999919e-03 -9.999959999999999960e-01 -4.666609999999999925e-01 -8.844309999999999672e-01 2.882000000000000013e-03 -8.844359999999999999e-01 4.666620000000000212e-01 -4.949999999999999973e-04
1.600000000000000000e+01 1.200000000000000000e+01 1.500000000000000000e+01 0.000000000000000000e+00 1.600000000000000089e+00 1.304000000000000038e-03 -1.685999999999999999e-03 -9.999980000000000535e-01 -4.669499999999999762e-01 -8.842839999999999590e-01 8.819999999999999715e-04 -8.842830000000000412e-01 4.669470000000000010e-01 -1.941000000000000017e-03
2.500000000000000000e+01 1.200000000000000000e+01 1.500000000000000000e+01 0.000000000000000000e+00 1.600000000000000089e+00 3.179999999999999776e-04 -6.930999999999999661e-03 -9.999759999999999760e-01 -4.730079999999999840e-01 -8.810379999999999878e-01 5.956000000000000356e-03 -8.810580000000000078e-01 4.729949999999999988e-01 -3.557999999999999965e-03
1.000000000000000000e+01 1.100000000000000000e+01 1.600000000000000000e+01 0.000000000000000000e+00 1.600000000000000089e+00 -4.220000000000000118e-04 -3.487000000000000082e-03 -9.999940000000000495e-01 -4.082799999999999763e-01 -9.128500000000000503e-01 3.356000000000000042e-03 -9.128570000000000295e-01 4.082790000000000030e-01 -1.038000000000000077e-03
1.400000000000000000e+01 1.100000000000000000e+01 1.600000000000000000e+01 0.000000000000000000e+00 1.600000000000000089e+00 1.201000000000000028e-03 -4.794999999999999783e-03 -9.999879999999999880e-01 -4.086759999999999837e-01 -9.126710000000000100e-01 3.884999999999999998e-03 -9.126790000000000180e-01 4.086659999999999737e-01 -3.056000000000000123e-03
2.000000000000000000e+01 1.100000000000000000e+01 1.600000000000000000e+01 0.000000000000000000e+00 1.600000000000000089e+00 1.701000000000000038e-03 2.997999999999999797e-03 -9.999940000000000495e-01 -4.125130000000000186e-01 -9.109450000000000047e-01 -3.432999999999999854e-03 -9.109500000000000375e-01 4.125170000000000226e-01 -3.130000000000000187e-04
2.600000000000000000e+01 1.100000000000000000e+01 1.600000000000000000e+01 0.000000000000000000e+00 1.600000000000000089e+00 4.099999999999999912e-04 -6.249000000000000214e-03 -9.999799999999999800e-01 -4.148359999999999825e-01 -9.098789999999999933e-01 5.516000000000000070e-03 -9.098960000000000381e-01 4.148259999999999725e-01 -2.965999999999999887e-03
1.000000000000000000e+01 1.160000000000000000e+02 1.600000000000000000e+01 0.000000000000000000e+00 1.600000000000000089e+00 -2.829999999999999942e-04 4.929999999999999487e-04 1.000000000000000000e+00 7.600949999999999651e-01 6.498119999999999452e-01 -1.060000000000000016e-04 -6.498119999999999452e-01 7.600940000000000474e-01 -5.590000000000000351e-04
1.400000000000000000e+01 1.160000000000000000e+02 1.600000000000000000e+01 0.000000000000000000e+00 1.600000000000000089e+00 3.029999999999999924e-04 -1.016999999999999892e-03 9.999989999999999712e-01 7.617329999999999934e-01 6.478909999999999947e-01 4.279999999999999950e-04 -6.478909999999999947e-01 7.617319999999999647e-01 9.709999999999999664e-04
2.900000000000000000e+01 1.160000000000000000e+02 1.600000000000000000e+01 0.000000000000000000e+00 1.600000000000000089e+00 1.268000000000000030e-03 2.420999999999999975e-03 9.999959999999999960e-01 7.970570000000000155e-01 6.038989999999999636e-01 -2.471999999999999805e-03 -6.039029999999999676e-01 7.970570000000000155e-01 -1.164000000000000104e-03
2.000000000000000000e+00 2.000000000000000000e+00 1.900000000000000000e+01 0.000000000000000000e+00 1.600000000000000089e+00 2.549000000000000050e-03 1.443999999999999971e-02 -9.998920000000000030e-01 2.556010000000000226e-01 -9.666909999999999670e-01 -1.330899999999999965e-02 -9.667790000000000550e-01 -2.555399999999999894e-01 -6.154999999999999881e-03
1.000000000000000000e+01 2.000000000000000000e+00 1.900000000000000000e+01 0.000000000000000000e+00 1.600000000000000089e+00 -6.415999999999999828e-03 -2.566799999999999984e-02 -9.996500000000000385e-01 2.713169999999999749e-01 -9.622159999999999602e-01 2.296600000000000030e-02 -9.624690000000000190e-01 -2.710739999999999816e-01 1.313800000000000037e-02
1.800000000000000000e+01 2.000000000000000000e+00 1.900000000000000000e+01 0.000000000000000000e+00 1.600000000000000089e+00 7.759000000000000272e-03 -2.960799999999999890e-02 -9.995319999999999760e-01 2.609460000000000113e-01 -9.648679999999999479e-01 3.060699999999999879e-02 -9.653220000000000134e-01 -2.610609999999999875e-01 2.390000000000000089e-04
2.100000000000000000e+01 2.000000000000000000e+00 1.900000000000000000e+01 0.000000000000000000e+00 1.600000000000000089e+00 1.367900000000000019e-02 -1.987600000000000131e-02 -9.997089999999999588e-01 2.544680000000000275e-01 -9.668149999999999800e-01 2.270399999999999849e-02 -9.669839999999999547e-01 -2.547039999999999860e-01 -8.167000000000000648e-03
2.500000000000000000e+01 2.000000000000000000e+00 1.900000000000000000e+01 0.000000000000000000e+00 1.600000000000000089e+00 1.410900000000000001e-02 3.776999999999999975e-03 -9.998930000000000318e-01 2.445299999999999974e-01 -9.696420000000000039e-01 -2.130000000000000003e-04 -9.695390000000000397e-01 -2.445009999999999961e-01 -1.460400000000000066e-02
2.600000000000000000e+01 3.000000000000000000e+00 1.900000000000000000e+01 0.000000000000000000e+00 1.600000000000000089e+00 1.474499999999999943e-02 7.285999999999999942e-03 -9.998650000000000038e-01 2.557269999999999821e-01 -9.667430000000000190e-01 -3.274000000000000000e-03 -9.666369999999999685e-01 -2.556439999999999824e-01 -1.611699999999999938e-02
2.800000000000000000e+01 3.000000000000000000e+00 1.900000000000000000e+01 0.000000000000000000e+00 1.600000000000000089e+00 9.516999999999999418e-03 9.247000000000000011e-03 -9.999120000000000230e-01 2.459949999999999914e-01 -9.692479999999999984e-01 -6.622000000000000282e-03 -9.692239999999999744e-01 -2.459109999999999907e-01 -1.149900000000000054e-02
2.500000000000000000e+01 4.000000000000000000e+00 2.000000000000000000e+01 0.000000000000000000e+00 1.600000000000000089e+00 7.839999999999999747e-03 1.022499999999999971e-02 -9.999169999999999447e-01 3.887590000000000212e-01 -9.213170000000000526e-01 -6.373000000000000193e-03 -9.213059999999999583e-01 -3.886769999999999947e-01 -1.119799999999999962e-02
2.800000000000000000e+01 4.000000000000000000e+00 2.000000000000000000e+01 0.000000000000000000e+00 1.600000000000000089e+00 1.178999999999999927e-03 1.291899999999999993e-02 -9.999160000000000270e-01 3.681729999999999725e-01 -9.296849999999999836e-01 -1.157700000000000048e-02 -9.297560000000000269e-01 -3.681289999999999840e-01 -5.852999999999999696e-03
6.000000000000000000e+00 1.300000000000000000e+01 2.000000000000000000e+01 0.000000000000000000e+00 1.600000000000000089e+00 5.670000000000000127e-04 -1.620000000000000075e-04 1.000000000000000000e+00 2.588880000000000070e-01 9.659069999999999601e-01 9.000000000000000228e-06 -9.659069999999999601e-01 2.588869999999999783e-01 5.900000000000000296e-04
1.100000000000000000e+01 1.300000000000000000e+01 2.000000000000000000e+01 0.000000000000000000e+00 1.600000000000000089e+00 7.900000000000000121e-04 1.312999999999999931e-03 9.999989999999999712e-01 2.597249999999999837e-01 9.656820000000000404e-01 -1.472999999999999917e-03 -9.656820000000000404e-01 2.597260000000000124e-01 4.220000000000000118e-04
1.700000000000000000e+01 1.300000000000000000e+01 2.000000000000000000e+01 0.000000000000000000e+00 1.600000000000000089e+00 -6.800000000000000488e-04 -2.021999999999999926e-03 9.999980000000000535e-01 2.591840000000000255e-01 9.658259999999999623e-01 2.128999999999999816e-03 -9.658280000000000198e-01 2.591849999999999987e-01 -1.320000000000000101e-04
2.100000000000000000e+01 1.300000000000000000e+01 2.000000000000000000e+01 0.000000000000000000e+00 1.600000000000000089e+00 3.009999999999999980e-04 -2.096000000000000207e-03 9.999980000000000535e-01 2.608969999999999900e-01 9.653650000000000286e-01 1.944999999999999897e-03 -9.653669999999999751e-01 2.608960000000000168e-01 8.379999999999999862e-04
2.700000000000000000e+01 1.300000000000000000e+01 2.000000000000000000e+01 0.000000000000000000e+00 1.600000000000000089e+00 2.050000000000000173e-03 2.939000000000000206e-03 9.999940000000000495e-01 2.593219999999999970e-01 9.657850000000000046e-01 -3.370000000000000166e-03 -9.657890000000000086e-01 2.593269999999999742e-01 1.217999999999999899e-03
2.400000000000000000e+01 5.000000000000000000e+01 2.200000000000000000e+01 0.000000000000000000e+00 1.600000000000000089e+00 3.895000000000000025e-03 3.298000000000000150e-03 -9.999869999999999592e-01 -5.767670000000000297e-01 8.169089999999999963e-01 4.470000000000000232e-04 8.168999999999999595e-01 5.767569999999999641e-01 5.083999999999999977e-03
5.000000000000000000e+00 3.000000000000000000e+00 2.500000000000000000e+01 0.000000000000000000e+00 1.600000000000000089e+00 -2.130000000000000003e-04 6.826999999999999735e-03 9.999770000000000048e-01 -3.322300000000000253e-02 -9.994250000000000078e-01 6.816000000000000010e-03 9.994480000000000031e-01 -3.322100000000000053e-02 4.389999999999999914e-04
1.500000000000000000e+01 3.000000000000000000e+00 2.500000000000000000e+01 0.000000000000000000e+00 1.600000000000000089e+00 -9.060000000000000128e-04 -4.937999999999999681e-03 9.999869999999999592e-01 -4.791299999999999726e-02 -9.988390000000000324e-01 -4.976000000000000388e-03 9.988510000000000444e-01 -4.791700000000000126e-02 6.689999999999999983e-04
2.100000000000000000e+01 3.000000000000000000e+00 2.500000000000000000e+01 0.000000000000000000e+00 1.600000000000000089e+00 6.040000000000000447e-04 -1.706000000000000051e-03 9.999980000000000535e-01 -3.358799999999999980e-02 -9.994340000000000446e-01 -1.685000000000000083e-03 9.994359999999999911e-01 -3.358699999999999880e-02 -6.610000000000000207e-04
2.300000000000000000e+01 3.000000000000000000e+00 2.500000000000000000e+01 0.000000000000000000e+00 1.600000000000000089e+00 1.703000000000000087e-03 -1.669999999999999935e-04 9.999989999999999712e-01 -3.077399999999999927e-02 -9.995260000000000256e-01 -1.150000000000000035e-04 9.995249999999999968e-01 -3.077299999999999827e-02 -1.706999999999999967e-03
2.800000000000000000e+01 3.000000000000000000e+00 2.500000000000000000e+01 0.000000000000000000e+00 1.600000000000000089e+00 1.002999999999999985e-03 1.090000000000000067e-04 9.999989999999999712e-01 -2.563100000000000100e-02 -9.996709999999999763e-01 1.350000000000000017e-04 9.996709999999999763e-01 -2.563100000000000100e-02 -1.000000000000000021e-03
2.900000000000000000e+01 4.600000000000000000e+01 2.700000000000000000e+01 0.000000000000000000e+00 1.600000000000000089e+00 -1.665999999999999946e-03 1.330000000000000073e-04 -9.999989999999999712e-01 6.763329999999999620e-01 7.365960000000000285e-01 -1.028999999999999967e-03 7.365939999999999710e-01 -6.763339999999999907e-01 -1.317000000000000028e-03
9.000000000000000000e+00 4.600000000000000000e+01 3.000000000000000000e+01 0.000000000000000000e+00 1.600000000000000089e+00 -9.349999999999999587e-04 -1.054999999999999948e-03 -9.999989999999999712e-01 3.285179999999999767e-01 9.444970000000000310e-01 -1.302999999999999905e-03 9.444970000000000310e-01 -3.285190000000000055e-01 -5.370000000000000424e-04
1.500000000000000000e+01 4.600000000000000000e+01 3.000000000000000000e+01 0.000000000000000000e+00 1.600000000000000089e+00 2.171000000000000187e-03 1.355000000000000085e-03 -9.999970000000000248e-01 3.303780000000000050e-01 9.438469999999999915e-01 1.997000000000000077e-03 9.438459999999999628e-01 -3.303809999999999802e-01 1.601999999999999908e-03
2.000000000000000000e+00 5.800000000000000000e+01 3.100000000000000000e+01 0.000000000000000000e+00 1.600000000000000089e+00 4.250000000000000305e-03 6.298999999999999912e-03 9.999710000000000543e-01 -7.683799999999999519e-01 -6.399529999999999941e-01 7.296999999999999667e-03 6.399799999999999933e-01 -7.683879999999999599e-01 2.121000000000000055e-03
1.000000000000000000e+01 5.800000000000000000e+01 3.100000000000000000e+01 0.000000000000000000e+00 1.600000000000000089e+00 -1.536999999999999955e-03 -3.278999999999999797e-03 9.999930000000000208e-01 -7.669399999999999551e-01 -6.417100000000000026e-01 -3.282999999999999894e-03 6.417169999999999819e-01 -7.669399999999999551e-01 -1.528000000000000061e-03
1.400000000000000000e+01 5.800000000000000000e+01 3.100000000000000000e+01 0.000000000000000000e+00 1.600000000000000089e+00 -1.613999999999999983e-03 -3.883999999999999866e-03 9.999909999999999632e-01 -7.688880000000000159e-01 -6.393729999999999691e-01 -3.723999999999999880e-03 6.393820000000000059e-01 -7.688869999999999871e-01 -1.955000000000000140e-03
1.600000000000000000e+01 5.800000000000000000e+01 3.100000000000000000e+01 0.000000000000000000e+00 1.600000000000000089e+00 -1.235999999999999903e-03 -3.808000000000000187e-03 9.999919999999999920e-01 -7.693630000000000191e-01 -6.388030000000000097e-01 -3.383000000000000156e-03 6.388110000000000177e-01 -7.693609999999999616e-01 -2.139999999999999975e-03
2.400000000000000000e+01 5.800000000000000000e+01 3.100000000000000000e+01 0.000000000000000000e+00 1.600000000000000089e+00 1.307000000000000002e-03 -1.258000000000000004e-03 9.999980000000000535e-01 -7.747739999999999627e-01 -6.322379999999999667e-01 2.169999999999999891e-04 6.322370000000000489e-01 -7.747730000000000450e-01 -1.801999999999999999e-03
2.000000000000000000e+00 4.600000000000000000e+01 3.500000000000000000e+01 0.000000000000000000e+00 1.600000000000000089e+00 1.293000000000000095e-03 3.301000000000000115e-03 -9.999940000000000495e-01 3.921649999999999858e-01 -9.198910000000000142e-01 -2.528999999999999998e-03 -9.198939999999999895e-01 -3.921600000000000086e-01 -2.484000000000000097e-03
1.000000000000000000e+01 4.600000000000000000e+01 3.500000000000000000e+01 0.000000000000000000e+00 1.600000000000000089e+00 3.739999999999999835e-04 -1.041999999999999958e-03 -9.999989999999999712e-01 3.926950000000000163e-01 -9.196680000000000410e-01 1.105999999999999995e-03 -9.196689999999999587e-01 -3.926950000000000163e-01 6.499999999999999431e-05
1.400000000000000000e+01 4.600000000000000000e+01 3.500000000000000000e+01 0.000000000000000000e+00 1.600000000000000089e+00 -1.659999999999999963e-04 -1.041000000000000042e-03 -9.999989999999999712e-01 3.912479999999999847e-01 -9.202850000000000197e-01 8.930000000000000221e-04 -9.202850000000000197e-01 -3.912479999999999847e-01 5.599999999999999509e-04
2.100000000000000000e+01 4.600000000000000000e+01 3.500000000000000000e+01 0.000000000000000000e+00 1.600000000000000089e+00 -3.959999999999999762e-04 -2.438000000000000063e-03 -9.999970000000000248e-01 3.903030000000000110e-01 -9.206839999999999469e-01 2.089999999999999844e-03 -9.206860000000000044e-01 -3.903010000000000090e-01 1.315999999999999896e-03
2.700000000000000000e+01 4.600000000000000000e+01 3.500000000000000000e+01 0.000000000000000000e+00 1.600000000000000089e+00 8.500000000000000611e-05 -3.043999999999999831e-03 -9.999949999999999672e-01 3.900000000000000133e-01 -9.208100000000000174e-01 2.835999999999999979e-03 -9.208150000000000501e-01 -3.899989999999999846e-01 1.108999999999999960e-03
3.000000000000000000e+01 4.600000000000000000e+01 3.500000000000000000e+01 0.000000000000000000e+00 1.600000000000000089e+00 1.242999999999999964e-03 -4.303000000000000401e-03 -9.999900000000000455e-01 3.902459999999999818e-01 -9.206999999999999629e-01 4.447000000000000432e-03 -9.207100000000000284e-01 -3.902479999999999838e-01 5.349999999999999938e-04
2.000000000000000000e+00 3.000000000000000000e+00 4.300000000000000000e+01 0.000000000000000000e+00 1.600000000000000089e+00 -6.525000000000000418e-03 -1.568599999999999856e-02 -9.998559999999999670e-01 7.501900000000000235e-01 -6.612000000000000099e-01 5.477000000000000098e-03 -6.611900000000000555e-01 -7.500459999999999905e-01 1.608199999999999907e-02
9.000000000000000000e+00 3.000000000000000000e+00 4.300000000000000000e+01 0.000000000000000000e+00 1.600000000000000089e+00 -9.979999999999999722e-04 2.321099999999999899e-02 -9.997300000000000075e-01 7.539280000000000426e-01 -6.567619999999999569e-01 -1.600100000000000133e-02 -6.569559999999999844e-01 -7.537409999999999943e-01 -1.684400000000000133e-02
1.600000000000000000e+01 3.000000000000000000e+00 4.300000000000000000e+01 0.000000000000000000e+00 1.600000000000000089e+00 -4.840000000000000010e-04 6.575000000000000115e-03 -9.999780000000000335e-01 7.408869999999999623e-01 -6.716119999999999868e-01 -4.774999999999999731e-03 -6.716290000000000315e-01 -7.408740000000000325e-01 -4.545999999999999694e-03
3.000000000000000000e+00 8.000000000000000000e+00 4.400000000000000000e+01 0.000000000000000000e+00 1.600000000000000089e+00 -2.491000000000000159e-03 -3.484000000000000118e-03 9.999909999999999632e-01 -7.837140000000000217e-01 -6.211090000000000222e-01 -4.115999999999999867e-03 6.211170000000000302e-01 -7.837169999999999970e-01 -1.183000000000000024e-03
9.000000000000000000e+00 8.000000000000000000e+00 4.400000000000000000e+01 0.000000000000000000e+00 1.600000000000000089e+00 2.348999999999999960e-03 5.296999999999999625e-03 9.999829999999999552e-01 -7.894039999999999946e-01 -6.138529999999999820e-01 5.106000000000000295e-03 6.138700000000000268e-01 -7.894020000000000481e-01 2.739000000000000115e-03
1.300000000000000000e+01 8.000000000000000000e+00 4.400000000000000000e+01 0.000000000000000000e+00 1.600000000000000089e+00 3.896000000000000157e-03 5.126999999999999613e-03 9.999789999999999512e-01 -7.897830000000000128e-01 -6.133539999999999548e-01 6.222000000000000100e-03 6.133739999999999748e-01 -7.897910000000000208e-01 1.660000000000000017e-03
1.700000000000000000e+01 8.000000000000000000e+00 4.400000000000000000e+01 0.000000000000000000e+00 1.600000000000000089e+00 2.116999999999999958e-03 3.811000000000000151e-03 9.999909999999999632e-01 -7.904290000000000482e-01 -6.125399999999999734e-01 4.008000000000000278e-03 6.125500000000000389e-01 -7.904299999999999660e-01 1.716000000000000077e-03
3.000000000000000000e+00 2.900000000000000000e+01 4.400000000000000000e+01 0.000000000000000000e+00 1.600000000000000089e+00 2.141999999999999807e-03 1.353000000000000036e-03 -9.999970000000000248e-01 6.508329999999999949e-01 7.592170000000000307e-01 2.420999999999999975e-03 7.592179999999999485e-01 -6.508359999999999701e-01 7.460000000000000268e-04
1.200000000000000000e+01 2.900000000000000000e+01 4.400000000000000000e+01 0.000000000000000000e+00 1.600000000000000089e+00 8.549999999999999658e-04 5.580000000000000107e-04 -1.000000000000000000e+00 6.568950000000000067e-01 7.539810000000000123e-01 9.820000000000000170e-04 7.539820000000000411e-01 -6.568960000000000354e-01 2.779999999999999811e-04
1.600000000000000000e+01 2.900000000000000000e+01 4.400000000000000000e+01 0.000000000000000000e+00 1.600000000000000089e+00 4.600000000000000004e-05 -9.129999999999999661e-04 -1.000000000000000000e+00 6.562170000000000503e-01 7.545720000000000205e-01 -6.589999999999999721e-04 7.545720000000000205e-01 -6.562170000000000503e-01 6.340000000000000149e-04
1.900000000000000000e+01 2.900000000000000000e+01 4.400000000000000000e+01 0.000000000000000000e+00 1.600000000000000089e+00 -1.101999999999999898e-03 -2.053000000000000137e-03 -9.999970000000000248e-01 6.550249999999999684e-01 7.556040000000000534e-01 -2.272999999999999847e-03 7.556070000000000286e-01 -6.550249999999999684e-01 5.119999999999999768e-04
2.500000000000000000e+01 2.900000000000000000e+01 4.400000000000000000e+01 0.000000000000000000e+00 1.600000000000000089e+00 1.595000000000000064e-03 8.120000000000000048e-04 -9.999980000000000535e-01 6.522179999999999644e-01 7.580289999999999528e-01 1.655999999999999920e-03 7.580289999999999528e-01 -6.522200000000000220e-01 6.800000000000000488e-04
2.800000000000000000e+01 2.900000000000000000e+01 4.400000000000000000e+01 0.000000000000000000e+00 1.600000000000000089e+00 -5.190000000000000386e-04 -2.180000000000000080e-03 -9.999970000000000248e-01 6.526720000000000299e-01 7.576380000000000337e-01 -1.990000000000000015e-03 7.576399999999999801e-01 -6.526720000000000299e-01 1.028999999999999967e-03
2.200000000000000000e+01 6.500000000000000000e+01 4.600000000000000000e+01 0.000000000000000000e+00 1.600000000000000089e+00 3.210999999999999879e-03 -1.724999999999999971e-03 9.999930000000000208e-01 6.810599999999999987e-01 -7.322199999999999820e-01 -3.449999999999999942e-03 7.322210000000000107e-01 6.810659999999999492e-01 -1.177000000000000095e-03
5.000000000000000000e+00 7.000000000000000000e+01 4.700000000000000000e+01 0.000000000000000000e+00 1.600000000000000089e+00 2.298000000000000129e-03 -6.883000000000000229e-03 -9.999740000000000295e-01 -8.424859999999999571e-01 -5.387150000000000549e-01 1.771999999999999921e-03 -5.387129999999999974e-01 8.424599999999999866e-01 -7.036999999999999852e-03
6.000000000000000000e+00 5.000000000000000000e+00 5.100000000000000000e+01 0.000000000000000000e+00 1.600000000000000089e+00 2.128000000000000117e-03 5.650999999999999773e-03 -9.999820000000000375e-01 4.729999999999999760e-01 -8.810540000000000038e-01 -3.972999999999999969e-03 -8.810599999999999543e-01 -4.729829999999999868e-01 -4.547999999999999959e-03
1.700000000000000000e+01 5.000000000000000000e+00 5.100000000000000000e+01 0.000000000000000000e+00 1.600000000000000089e+00 6.710000000000000469e-04 8.592999999999999944e-03 -9.999630000000000463e-01 4.668459999999999832e-01 -8.843090000000000117e-01 -7.285999999999999942e-03 -8.843379999999999574e-01 -4.668240000000000167e-01 -4.604999999999999719e-03
2.400000000000000000e+01 6.000000000000000000e+00 5.100000000000000000e+01 0.000000000000000000e+00 1.600000000000000089e+00 -3.076000000000000175e-03 1.016199999999999916e-02 -9.999440000000000550e-01 2.875980000000000203e-01 -9.576919999999999877e-01 -1.061699999999999970e-02 -9.577459999999999862e-01 -2.876139999999999808e-01 2.400000000000000061e-05
8.000000000000000000e+00 1.150000000000000000e+02 5.100000000000000000e+01 0.000000000000000000e+00 1.600000000000000089e+00 6.489999999999999459e-04 2.380000000000000117e-04 1.000000000000000000e+00 8.484099999999999975e-01 -5.293400000000000327e-01 -4.240000000000000062e-04 5.293400000000000327e-01 8.484099999999999975e-01 -5.460000000000000443e-04
2.400000000000000000e+01 7.000000000000000000e+00 5.200000000000000000e+01 0.000000000000000000e+00 1.600000000000000089e+00 -1.242999999999999964e-03 8.836999999999999370e-03 -9.999599999999999600e-01 3.949199999999999933e-02 -9.991799999999999571e-01 -8.878999999999999740e-03 -9.992189999999999683e-01 -3.950200000000000239e-02 8.930000000000000221e-04
1.000000000000000000e+00 6.300000000000000000e+01 5.400000000000000000e+01 0.000000000000000000e+00 1.600000000000000089e+00 -5.339999999999999695e-04 -6.211999999999999640e-03 9.999810000000000088e-01 -3.368630000000000235e-01 9.415369999999999573e-01 5.669000000000000428e-03 -9.415540000000000020e-01 -3.368530000000000135e-01 -2.595000000000000084e-03
6.000000000000000000e+00 6.300000000000000000e+01 5.400000000000000000e+01 0.000000000000000000e+00 1.600000000000000089e+00 1.577999999999999976e-03 -1.123999999999999999e-03 9.999980000000000535e-01 -3.411410000000000275e-01 9.400110000000000410e-01 1.593999999999999931e-03 -9.400110000000000410e-01 -3.411429999999999740e-01 1.100000000000000066e-03
1.100000000000000000e+01 6.300000000000000000e+01 5.400000000000000000e+01 0.000000000000000000e+00 1.600000000000000089e+00 1.776000000000000018e-03 1.044999999999999922e-03 9.999980000000000535e-01 -3.463109999999999800e-01 9.381199999999999539e-01 -3.660000000000000059e-04 -9.381180000000000074e-01 -3.463089999999999780e-01 2.027999999999999855e-03
2.000000000000000000e+01 6.300000000000000000e+01 5.400000000000000000e+01 0.000000000000000000e+00 1.600000000000000089e+00 -8.880000000000000089e-04 -5.400000000000000069e-04 9.999989999999999712e-01 -3.469920000000000226e-01 9.378680000000000350e-01 1.979999999999999881e-04 -9.378680000000000350e-01 -3.469920000000000226e-01 -1.020999999999999989e-03
2.500000000000000000e+01 6.300000000000000000e+01 5.400000000000000000e+01 0.000000000000000000e+00 1.600000000000000089e+00 1.559999999999999972e-04 2.837000000000000112e-03 9.999959999999999960e-01 -3.495510000000000006e-01 9.369140000000000246e-01 -2.602999999999999845e-03 -9.369169999999999998e-01 -3.495489999999999986e-01 1.137999999999999906e-03
2.800000000000000000e+01 6.300000000000000000e+01 5.400000000000000000e+01 0.000000000000000000e+00 1.600000000000000089e+00 5.980000000000000072e-04 6.165000000000000341e-03 9.999810000000000088e-01 -3.541529999999999956e-01 9.351709999999999745e-01 -5.553999999999999909e-03 -9.351869999999999905e-01 -3.541429999999999856e-01 2.743000000000000212e-03
5.000000000000000000e+00 2.500000000000000000e+01 5.500000000000000000e+01 0.000000000000000000e+00 1.600000000000000089e+00 1.054000000000000032e-03 4.969999999999999592e-03 -9.999869999999999592e-01 -9.757000000000000048e-03 -9.999400000000000510e-01 -4.980000000000000052e-03 -9.999519999999999520e-01 9.761999999999999844e-03 -1.005000000000000034e-03
2.400000000000000000e+01 2.500000000000000000e+01 5.500000000000000000e+01 0.000000000000000000e+00 1.600000000000000089e+00 1.463000000000000108e-03 5.858000000000000360e-03 -9.999820000000000375e-01 -1.922899999999999957e-02 -9.997979999999999645e-01 -5.884999999999999606e-03 -9.998139999999999805e-01 1.923700000000000063e-02 -1.350000000000000071e-03
3.000000000000000000e+00 2.100000000000000000e+01 6.000000000000000000e+01 0.000000000000000000e+00 1.600000000000000089e+00 3.800000000000000209e-05 -1.580000000000000024e-03 9.999989999999999712e-01 -9.475699999999999401e-02 9.954990000000000228e-01 1.575999999999999927e-03 -9.955000000000000515e-01 -9.475699999999999401e-02 -1.119999999999999983e-04
7.000000000000000000e+00 2.100000000000000000e+01 6.000000000000000000e+01 0.000000000000000000e+00 1.600000000000000089e+00 -7.839999999999999747e-04 -5.450000000000000200e-04 1.000000000000000000e+00 -9.467699999999999727e-02 9.955079999999999485e-01 4.679999999999999915e-04 -9.955079999999999485e-01 -9.467699999999999727e-02 -8.319999999999999488e-04
1.000000000000000000e+01 2.100000000000000000e+01 6.000000000000000000e+01 0.000000000000000000e+00 1.600000000000000089e+00 -1.739000000000000094e-03 -3.642999999999999971e-03 9.999919999999999920e-01 -9.550200000000000355e-02 9.954229999999999468e-01 3.459999999999999968e-03 -9.954279999999999795e-01 -9.549499999999999655e-02 -2.079000000000000119e-03
1.400000000000000000e+01 2.100000000000000000e+01 6.000000000000000000e+01 0.000000000000000000e+00 1.600000000000000089e+00 -3.420000000000000188e-04 2.150000000000000001e-03 9.999980000000000535e-01 -9.551900000000000668e-02 9.954250000000000043e-01 -2.173000000000000018e-03 -9.954279999999999795e-01 -9.551900000000000668e-02 -1.350000000000000017e-04
1.600000000000000000e+01 2.100000000000000000e+01 6.000000000000000000e+01 0.000000000000000000e+00 1.600000000000000089e+00 7.919999999999999523e-04 5.047000000000000271e-03 9.999869999999999592e-01 -9.461799999999999378e-02 9.955009999999999692e-01 -4.949000000000000274e-03 -9.955129999999999812e-01 -9.461300000000000265e-02 1.265999999999999981e-03
2.800000000000000000e+01 2.100000000000000000e+01 6.000000000000000000e+01 0.000000000000000000e+00 1.600000000000000089e+00 -2.750000000000000166e-04 4.968000000000000194e-03 9.999879999999999880e-01 -9.441199999999999593e-02 9.955209999999999892e-01 -4.971999999999999857e-03 -9.955330000000000013e-01 -9.441199999999999593e-02 1.949999999999999965e-04
2.200000000000000000e+01 6.700000000000000000e+01 6.000000000000000000e+01 0.000000000000000000e+00 1.600000000000000089e+00 -1.077000000000000049e-03 -2.639999999999999986e-03 9.999959999999999960e-01 1.749610000000000054e-01 -9.845720000000000027e-01 -2.410999999999999949e-03 9.845749999999999780e-01 1.749580000000000024e-01 1.521999999999999915e-03
