6.000000000000000000e+00 2.500000000000000000e+01 1.000000000000000000e+00 0.000000000000000000e+00 1.600000000000000089e+00 3.654000000000000130e-03 3.436999999999999951e-03 -9.999869999999999592e-01 -5.433670000000000444e-01 -8.394810000000000327e-01 -4.871000000000000330e-03 -8.394869999999999832e-01 5.433780000000000276e-01 -1.199999999999999895e-03
2.000000000000000000e+00 1.500000000000000000e+01 4.000000000000000000e+00 0.000000000000000000e+00 1.600000000000000089e+00 4.920000000000000328e-04 3.870000000000000176e-03 9.999919999999999920e-01 2.869940000000000269e-01 -9.579260000000000552e-01 3.566000000000000159e-03 9.579320000000000057e-01 2.869900000000000229e-01 -1.582000000000000073e-03
1.400000000000000000e+01 1.500000000000000000e+01 4.000000000000000000e+00 0.000000000000000000e+00 1.600000000000000089e+00 2.187999999999999841e-03 4.723999999999999901e-03 9.999860000000000415e-01 2.902239999999999820e-01 -9.569509999999999961e-01 3.886000000000000131e-03 9.569560000000000288e-01 2.902120000000000255e-01 -3.465000000000000198e-03
2.000000000000000000e+01 1.500000000000000000e+01 4.000000000000000000e+00 0.000000000000000000e+00 1.600000000000000089e+00 8.260000000000000198e-04 1.026499999999999982e-02 9.999470000000000303e-01 2.929649999999999754e-01 -9.560750000000000082e-01 9.572999999999999912e-03 9.561229999999999452e-01 2.929419999999999802e-01 -3.797000000000000028e-03
2.900000000000000000e+01 1.500000000000000000e+01 4.000000000000000000e+00 0.000000000000000000e+00 1.600000000000000089e+00 2.664000000000000135e-03 1.311200000000000039e-02 9.999099999999999655e-01 2.927969999999999740e-01 -9.561020000000000074e-01 1.175700000000000009e-02 9.561709999999999932e-01 2.927390000000000270e-01 -6.386000000000000183e-03
4.000000000000000000e+00 1.600000000000000000e+01 4.000000000000000000e+00 0.000000000000000000e+00 1.600000000000000089e+00 -2.509999999999999753e-04 5.819999999999999653e-03 9.999829999999999552e-01 3.539889999999999981e-01 -9.352329999999999810e-01 5.531999999999999591e-03 9.352500000000000258e-01 3.539840000000000209e-01 -1.825000000000000016e-03
8.000000000000000000e+00 1.600000000000000000e+01 4.000000000000000000e+00 0.000000000000000000e+00 1.600000000000000089e+00 -8.059999999999999673e-04 4.466999999999999617e-03 9.999900000000000455e-01 3.529530000000000167e-01 -9.356299999999999617e-01 4.464000000000000086e-03 9.356409999999999449e-01 3.529530000000000167e-01 -8.220000000000000310e-04
1.700000000000000000e+01 1.600000000000000000e+01 4.000000000000000000e+00 0.000000000000000000e+00 1.600000000000000089e+00 5.980000000000000072e-04 9.048999999999999752e-03 9.999590000000000423e-01 3.563310000000000088e-01 -9.343240000000000434e-01 8.241999999999999327e-03 9.343599999999999683e-01 3.563109999999999888e-01 -3.782999999999999904e-03
2.400000000000000000e+01 1.600000000000000000e+01 4.000000000000000000e+00 0.000000000000000000e+00 1.600000000000000089e+00 -9.740000000000000394e-04 1.172499999999999931e-02 9.999310000000000143e-01 3.549229999999999885e-01 -9.348269999999999635e-01 1.130699999999999934e-02 9.348950000000000315e-01 3.549100000000000033e-01 -3.250999999999999984e-03
5.000000000000000000e+00 1.010000000000000000e+02 7.000000000000000000e+00 0.000000000000000000e+00 1.600000000000000089e+00 -8.289999999999999843e-04 7.609000000000000312e-03 9.999710000000000543e-01 8.878179999999999961e-01 4.601870000000000127e-01 -2.765999999999999796e-03 -4.601950000000000207e-01 8.877890000000000503e-01 -7.137000000000000115e-03
1.000000000000000000e+01 1.010000000000000000e+02 7.000000000000000000e+00 0.000000000000000000e+00 1.600000000000000089e+00 -2.073999999999999889e-03 -5.165000000000000320e-03 9.999850000000000128e-01 8.890519999999999534e-01 4.577869999999999995e-01 4.209000000000000068e-03 -4.578019999999999867e-01 8.890470000000000317e-01 3.642999999999999971e-03
1.500000000000000000e+01 1.010000000000000000e+02 7.000000000000000000e+00 0.000000000000000000e+00 1.600000000000000089e+00 1.312999999999999931e-03 -7.651999999999999948e-03 9.999700000000000255e-01 8.865389999999999660e-01 4.626469999999999749e-01 2.376000000000000074e-03 -4.626509999999999789e-01 8.865100000000000202e-01 7.392000000000000133e-03
2.800000000000000000e+01 1.010000000000000000e+02 7.000000000000000000e+00 0.000000000000000000e+00 1.600000000000000089e+00 3.171000000000000207e-03 1.285200000000000058e-02 9.999120000000000230e-01 8.851790000000000491e-01 4.651680000000000259e-01 -8.786000000000000407e-03 -4.652399999999999869e-01 8.851290000000000546e-01 -9.901000000000000079e-03
2.000000000000000000e+00 1.500000000000000000e+01 8.000000000000000000e+00 0.000000000000000000e+00 1.600000000000000089e+00 2.203999999999999796e-03 5.839999999999999705e-03 -9.999799999999999800e-01 -5.837059999999999471e-01 -8.119420000000000526e-01 -6.028000000000000372e-03 -8.119619999999999616e-01 5.837080000000000046e-01 1.619999999999999912e-03
9.000000000000000000e+00 1.500000000000000000e+01 8.000000000000000000e+00 0.000000000000000000e+00 1.600000000000000089e+00 1.884999999999999957e-03 2.752999999999999805e-03 -9.999940000000000495e-01 -5.842509999999999648e-01 -8.115660000000000096e-01 -3.334999999999999857e-03 -8.115710000000000424e-01 5.842540000000000511e-01 7.899999999999999579e-05
1.200000000000000000e+01 1.500000000000000000e+01 8.000000000000000000e+00 0.000000000000000000e+00 1.600000000000000089e+00 -5.760000000000000146e-04 1.760999999999999979e-03 -9.999980000000000535e-01 -5.849499999999999700e-01 -8.110680000000000112e-01 -1.092000000000000089e-03 -8.110690000000000399e-01 5.849490000000000522e-01 1.497000000000000067e-03
1.700000000000000000e+01 1.500000000000000000e+01 8.000000000000000000e+00 0.000000000000000000e+00 1.600000000000000089e+00 1.807000000000000012e-03 9.211000000000000437e-03 -9.999559999999999560e-01 -5.857419999999999849e-01 -8.104529999999999790e-01 -8.524000000000000327e-03 -8.104959999999999942e-01 5.857310000000000016e-01 3.930999999999999599e-03
2.100000000000000000e+01 1.500000000000000000e+01 8.000000000000000000e+00 0.000000000000000000e+00 1.600000000000000089e+00 1.562000000000000020e-03 9.171999999999999598e-03 -9.999569999999999848e-01 -5.850880000000000525e-01 -8.109269999999999534e-01 -8.352000000000000049e-03 -8.109680000000000222e-01 5.850760000000000405e-01 4.100000000000000346e-03
2.500000000000000000e+01 1.500000000000000000e+01 8.000000000000000000e+00 0.000000000000000000e+00 1.600000000000000089e+00 2.312999999999999952e-03 1.151800000000000046e-02 -9.999310000000000143e-01 -5.827499999999999902e-01 -8.125809999999999977e-01 -1.070800000000000050e-02 -8.126480000000000370e-01 5.827339999999999742e-01 4.832999999999999623e-03
2.900000000000000000e+01 1.500000000000000000e+01 8.000000000000000000e+00 0.000000000000000000e+00 1.600000000000000089e+00 9.820000000000000170e-04 1.038299999999999987e-02 -9.999460000000000015e-01 -5.805709999999999482e-01 -8.141599999999999948e-01 -9.024000000000000771e-03 -8.142089999999999606e-01 5.805479999999999530e-01 5.229000000000000141e-03
3.000000000000000000e+00 2.600000000000000000e+01 8.000000000000000000e+00 0.000000000000000000e+00 1.600000000000000089e+00 -3.043999999999999831e-03 -1.467500000000000054e-02 -9.998879999999999990e-01 4.078030000000000266e-01 9.129530000000000145e-01 -1.464000000000000024e-02 9.130650000000000155e-01 -4.078010000000000246e-01 3.206000000000000082e-03
7.000000000000000000e+00 2.600000000000000000e+01 8.000000000000000000e+00 0.000000000000000000e+00 1.600000000000000089e+00 -2.125999999999999852e-03 -6.967000000000000103e-03 -9.999740000000000295e-01 4.087620000000000142e-01 9.126119999999999788e-01 -7.228000000000000050e-03 9.126379999999999493e-01 -4.087669999999999915e-01 9.070000000000000371e-04
1.300000000000000000e+01 2.600000000000000000e+01 8.000000000000000000e+00 0.000000000000000000e+00 1.600000000000000089e+00 -8.300000000000000086e-04 3.278999999999999797e-03 -9.999940000000000495e-01 4.090550000000000019e-01 9.125060000000000393e-01 2.651999999999999844e-03 9.125090000000000146e-01 -4.090500000000000247e-01 -2.099000000000000171e-03
2.900000000000000000e+01 2.600000000000000000e+01 8.000000000000000000e+00 0.000000000000000000e+00 1.600000000000000089e+00 -2.096000000000000207e-03 -9.100999999999999715e-03 -9.999559999999999560e-01 4.071870000000000211e-01 9.132989999999999720e-01 -9.164999999999999536e-03 9.133430000000000160e-01 -4.071879999999999944e-01 1.791999999999999973e-03
2.000000000000000000e+00 2.400000000000000000e+01 9.000000000000000000e+00 0.000000000000000000e+00 1.600000000000000089e+00 -3.602000000000000167e-03 -1.851999999999999827e-02 -9.998219999999999885e-01 4.591410000000000213e-01 8.881790000000000518e-01 -1.810600000000000057e-02 8.883560000000000345e-01 -4.591250000000000053e-01 5.303999999999999687e-03
9.000000000000000000e+00 2.400000000000000000e+01 9.000000000000000000e+00 0.000000000000000000e+00 1.600000000000000089e+00 -1.853999999999999962e-03 -2.650000000000000012e-03 -9.999949999999999672e-01 4.619779999999999998e-01 8.868859999999999522e-01 -3.206000000000000082e-03 8.868890000000000384e-01 -4.619820000000000038e-01 -4.200000000000000174e-04
1.800000000000000000e+01 2.400000000000000000e+01 9.000000000000000000e+00 0.000000000000000000e+00 1.600000000000000089e+00 -8.189999999999999581e-04 -5.299999999999999807e-04 -1.000000000000000000e+00 4.627839999999999732e-01 8.864710000000000090e-01 -8.480000000000000124e-04 8.864710000000000090e-01 -4.627850000000000019e-01 -4.800000000000000122e-04
2.300000000000000000e+01 2.400000000000000000e+01 9.000000000000000000e+00 0.000000000000000000e+00 1.600000000000000089e+00 -7.360000000000000006e-04 -3.922000000000000139e-03 -9.999919999999999920e-01 4.606060000000000154e-01 8.875960000000000516e-01 -3.820000000000000045e-03 8.876039999999999486e-01 -4.606060000000000154e-01 1.152999999999999945e-03
2.900000000000000000e+01 2.400000000000000000e+01 9.000000000000000000e+00 0.000000000000000000e+00 1.600000000000000089e+00 -2.833000000000000015e-03 -1.603200000000000111e-02 -9.998669999999999503e-01 4.613990000000000036e-01 8.870569999999999844e-01 -1.553000000000000040e-02 8.871879999999999766e-01 -4.613820000000000143e-01 4.884000000000000320e-03
2.000000000000000000e+01 1.020000000000000000e+02 9.000000000000000000e+00 0.000000000000000000e+00 1.600000000000000089e+00 -8.620000000000000275e-04 7.860999999999999932e-03 9.999689999999999968e-01 9.223689999999999944e-01 3.863039999999999807e-01 -2.240999999999999936e-03 -3.863090000000000135e-01 9.223379999999999912e-01 -7.583999999999999596e-03
2.900000000000000000e+01 1.040000000000000000e+02 1.100000000000000000e+01 0.000000000000000000e+00 1.600000000000000089e+00 -1.330000000000000019e-03 -2.669999999999999847e-04 9.999989999999999712e-01 -9.701349999999999696e-01 -2.425619999999999998e-01 -1.355000000000000085e-03 2.425619999999999998e-01 -9.701359999999999983e-01 6.399999999999999710e-05
6.000000000000000000e+00 3.100000000000000000e+01 1.200000000000000000e+01 0.000000000000000000e+00 1.600000000000000089e+00 -8.930000000000000221e-04 -1.559000000000000056e-03 9.999980000000000535e-01 -2.394200000000000148e-02 9.997120000000000450e-01 1.536999999999999955e-03 -9.997129999999999628e-01 -2.394100000000000047e-02 -9.300000000000000541e-04
2.600000000000000000e+01 3.100000000000000000e+01 1.200000000000000000e+01 0.000000000000000000e+00 1.600000000000000089e+00 -2.950000000000000148e-04 -6.799999999999999621e-03 9.999770000000000048e-01 -2.846699999999999925e-02 9.995720000000000161e-01 6.788999999999999896e-03 -9.995950000000000113e-01 -2.846500000000000072e-02 -4.889999999999999599e-04
1.100000000000000000e+01 3.500000000000000000e+01 1.200000000000000000e+01 0.000000000000000000e+00 1.600000000000000089e+00 1.299000000000000024e-03 -5.224999999999999610e-03 -9.999850000000000128e-01 4.695489999999999942e-01 -8.828909999999999814e-01 5.224000000000000345e-03 -8.829059999999999686e-01 -4.695489999999999942e-01 1.306000000000000086e-03
1.700000000000000000e+01 3.500000000000000000e+01 1.200000000000000000e+01 0.000000000000000000e+00 1.600000000000000089e+00 1.154999999999999994e-03 -6.727000000000000340e-03 -9.999770000000000048e-01 4.495680000000000232e-01 -8.932219999999999605e-01 6.527999999999999949e-03 -8.932449999999999557e-01 -4.495649999999999924e-01 1.991999999999999847e-03
2.400000000000000000e+01 3.500000000000000000e+01 1.200000000000000000e+01 0.000000000000000000e+00 1.600000000000000089e+00 -1.828999999999999897e-03 1.544999999999999932e-03 -9.999970000000000248e-01 4.406640000000000001e-01 -8.976690000000000502e-01 -2.191999999999999938e-03 -8.976699999999999680e-01 -4.406669999999999754e-01 9.610000000000000486e-04
1.400000000000000000e+01 4.000000000000000000e+00 1.300000000000000000e+01 0.000000000000000000e+00 1.600000000000000089e+00 3.759999999999999779e-04 -2.202459999999999973e-01 9.754439999999999777e-01 -1.021539999999999948e-01 9.703330000000000011e-01 2.191309999999999925e-01 -9.947690000000000143e-01 -9.972799999999999720e-02 -2.213400000000000090e-02
7.000000000000000000e+00 1.200000000000000000e+01 1.500000000000000000e+01 0.000000000000000000e+00 1.600000000000000089e+00 2.712000000000000001e-03 -9.049999999999999885e-04 -9.999959999999999960e-01 -4.676589999999999914e-01 -8.839089999999999447e-01 -4.690000000000000158e-04 -8.839050000000000518e-01 4.676580000000000181e-01 -2.820000000000000024e-03
1.000000000000000000e+01 1.200000000000000000e+01 1.500000000000000000e+01 0.000000000000000000e+00 1.600000000000000089e+00 2.475999999999999902e-03 -4.260000000000000006e-04 -9.999970000000000248e-01 -4.680219999999999936e-01 -8.837169999999999748e-01 -7.829999999999999504e-04 -8.837129999999999708e-01 4.680219999999999936e-01 -2.386999999999999799e-03
1.200000000000000000e+01 1.200000000000000000e+01 1.500000000000000000e+01 0.000000000000000000e+00 1.600000000000000089e+00 1.497999999999999983e-03 -4.299999999999999894e-04 -9.999989999999999712e-01 -4.682520000000000016e-01 -8.835950000000000193e-01 -3.220000000000000206e-04 -8.835939999999999905e-01 4.682509999999999728e-01 -1.523999999999999964e-03
2.300000000000000000e+01 1.200000000000000000e+01 1.500000000000000000e+01 0.000000000000000000e+00 1.600000000000000089e+00 1.909000000000000107e-03 2.723999999999999859e-03 -9.999949999999999672e-01 -4.701670000000000016e-01 -8.825709999999999944e-01 -3.301999999999999814e-03 -8.825749999999999984e-01 4.701710000000000056e-01 -4.040000000000000080e-04
2.800000000000000000e+01 1.200000000000000000e+01 1.500000000000000000e+01 0.000000000000000000e+00 1.600000000000000089e+00 1.191999999999999917e-03 7.476000000000000006e-03 -9.999710000000000543e-01 -4.695150000000000157e-01 -8.828949999999999854e-01 -7.159999999999999698e-03 -8.829240000000000421e-01 4.695099999999999829e-01 2.458000000000000115e-03
3.000000000000000000e+00 1.100000000000000000e+01 1.600000000000000000e+01 0.000000000000000000e+00 1.600000000000000089e+00 1.981999999999999821e-03 -8.099999999999999561e-04 -9.999980000000000535e-01 -4.179180000000000117e-01 -9.084849999999999870e-01 -9.299999999999999727e-05 -9.084820000000000118e-01 4.179180000000000117e-01 -2.138999999999999842e-03
9.000000000000000000e+00 1.100000000000000000e+01 1.600000000000000000e+01 0.000000000000000000e+00 1.600000000000000089e+00 2.284000000000000006e-03 5.630000000000000239e-04 -9.999970000000000248e-01 -4.203509999999999747e-01 -9.073600000000000554e-01 -1.471000000000000085e-03 -9.073590000000000266e-01 4.203529999999999767e-01 -1.835999999999999958e-03
1.000000000000000000e+00 1.160000000000000000e+02 1.600000000000000000e+01 0.000000000000000000e+00 1.600000000000000089e+00 2.480000000000000000e-03 -4.040000000000000080e-04 9.999970000000000248e-01 6.859659999999999647e-01 7.276319999999999455e-01 -1.407000000000000048e-03 -7.276299999999999990e-01 6.859669999999999934e-01 2.082000000000000083e-03
6.000000000000000000e+00 1.160000000000000000e+02 1.600000000000000000e+01 0.000000000000000000e+00 1.600000000000000089e+00 1.150999999999999896e-03 1.642000000000000013e-03 9.999980000000000535e-01 7.353100000000000191e-01 6.777279999999999971e-01 -1.958999999999999804e-03 -6.777300000000000546e-01 7.353110000000000479e-01 -4.270000000000000249e-04
1.800000000000000000e+01 1.160000000000000000e+02 1.600000000000000000e+01 0.000000000000000000e+00 1.600000000000000089e+00 -3.079000000000000140e-03 -3.566000000000000159e-03 9.999890000000000168e-01 6.926139999999999519e-01 7.212929999999999620e-01 4.704999999999999981e-03 -7.213019999999999987e-01 6.926210000000000422e-01 2.489999999999999809e-04
5.000000000000000000e+00 2.000000000000000000e+00 1.900000000000000000e+01 0.000000000000000000e+00 1.600000000000000089e+00 -1.964000000000000034e-03 9.627000000000000141e-03 -9.999519999999999520e-01 1.743039999999999867e-01 -9.846430000000000460e-01 -9.821999999999999134e-03 -9.846899999999999542e-01 -1.743149999999999977e-01 2.559999999999999884e-04
1.000000000000000000e+01 2.000000000000000000e+00 1.900000000000000000e+01 0.000000000000000000e+00 1.600000000000000089e+00 -8.633999999999999314e-03 2.396600000000000119e-02 -9.996760000000000090e-01 1.850580000000000003e-01 -9.824060000000000015e-01 -2.514999999999999875e-02 -9.826899999999999524e-01 -1.852149999999999908e-01 4.047000000000000250e-03
2.000000000000000000e+01 2.000000000000000000e+00 1.900000000000000000e+01 0.000000000000000000e+00 1.600000000000000089e+00 -8.496000000000000080e-03 1.292699999999999926e-02 -9.998799999999999910e-01 2.094280000000000030e-01 -9.777179999999999760e-01 -1.442000000000000053e-02 -9.777869999999999617e-01 -2.095249999999999890e-01 5.599999999999999943e-03
2.300000000000000000e+01 2.000000000000000000e+00 1.900000000000000000e+01 0.000000000000000000e+00 1.600000000000000089e+00 -1.413999999999999892e-03 5.889000000000000137e-03 -9.999820000000000375e-01 2.076900000000000135e-01 -9.781760000000000455e-01 -6.054000000000000353e-03 -9.781940000000000079e-01 -2.076949999999999907e-01 1.600000000000000131e-04
3.000000000000000000e+01 2.000000000000000000e+00 1.900000000000000000e+01 0.000000000000000000e+00 1.600000000000000089e+00 7.284999999999999809e-03 -6.873999999999999902e-03 -9.999500000000000055e-01 1.966799999999999937e-01 -9.804340000000000277e-01 8.172999999999999710e-03 -9.804410000000000069e-01 -1.967299999999999882e-01 -5.791000000000000140e-03
2.000000000000000000e+00 4.000000000000000000e+00 2.000000000000000000e+01 0.000000000000000000e+00 1.600000000000000089e+00 1.698999999999999989e-03 -4.989999999999999861e-04 -9.999989999999999712e-01 2.501269999999999882e-01 -9.682129999999999903e-01 9.079999999999999530e-04 -9.682119999999999616e-01 -2.501280000000000170e-01 -1.521000000000000000e-03
3.000000000000000000e+00 1.300000000000000000e+01 2.000000000000000000e+01 0.000000000000000000e+00 1.600000000000000089e+00 -2.910000000000000260e-04 -2.912999999999999791e-03 9.999959999999999960e-01 2.533679999999999821e-01 9.673659999999999481e-01 2.890999999999999907e-03 -9.673699999999999521e-01 2.533679999999999821e-01 4.569999999999999952e-04
9.000000000000000000e+00 1.300000000000000000e+01 2.000000000000000000e+01 0.000000000000000000e+00 1.600000000000000089e+00 -6.200000000000000270e-05 -6.092000000000000193e-03 9.999810000000000088e-01 2.506419999999999759e-01 9.680619999999999781e-01 5.912999999999999853e-03 -9.680800000000000516e-01 2.506380000000000274e-01 1.466999999999999988e-03
1.500000000000000000e+01 1.300000000000000000e+01 2.000000000000000000e+01 0.000000000000000000e+00 1.600000000000000089e+00 -7.699999999999999597e-04 -5.334000000000000200e-03 9.999850000000000128e-01 2.479830000000000090e-01 9.687489999999999712e-01 5.357999999999999916e-03 -9.687639999999999585e-01 2.479840000000000100e-01 5.760000000000000146e-04
2.500000000000000000e+01 1.300000000000000000e+01 2.000000000000000000e+01 0.000000000000000000e+00 1.600000000000000089e+00 3.680000000000000003e-04 1.170999999999999949e-03 9.999989999999999712e-01 2.471230000000000093e-01 9.689830000000000387e-01 -1.226000000000000093e-03 -9.689839999999999565e-01 2.471230000000000093e-01 6.700000000000000226e-05
6.000000000000000000e+00 1.600000000000000000e+01 2.100000000000000000e+01 0.000000000000000000e+00 1.600000000000000089e+00 -5.410000000000000312e-04 -4.230000000000000253e-03 9.999909999999999632e-01 2.990820000000000145e-01 9.542180000000000106e-01 4.198999999999999608e-03 -9.542270000000000474e-01 2.990809999999999858e-01 7.489999999999999913e-04
9.000000000000000000e+00 1.600000000000000000e+01 2.100000000000000000e+01 0.000000000000000000e+00 1.600000000000000089e+00 -6.149999999999999868e-04 -9.194000000000000783e-03 9.999580000000000135e-01 2.994390000000000107e-01 9.540739999999999776e-01 8.956000000000000419e-03 -9.541150000000000464e-01 2.994310000000000027e-01 2.167000000000000089e-03
1.400000000000000000e+01 1.600000000000000000e+01 2.100000000000000000e+01 0.000000000000000000e+00 1.600000000000000089e+00 -1.306000000000000086e-03 -6.445000000000000208e-03 9.999780000000000335e-01 2.989959999999999840e-01 9.542319999999999691e-01 6.540999999999999939e-03 -9.542530000000000179e-01 2.989979999999999860e-01 6.800000000000000488e-04
1.200000000000000000e+01 5.000000000000000000e+01 2.200000000000000000e+01 0.000000000000000000e+00 1.600000000000000089e+00 -4.000000000000000192e-04 -3.203000000000000118e-03 -9.999949999999999672e-01 -5.800149999999999473e-01 8.146020000000000483e-01 -2.377000000000000206e-03 8.146060000000000523e-01 5.800110000000000543e-01 -2.184000000000000177e-03
7.000000000000000000e+00 4.600000000000000000e+01 2.700000000000000000e+01 0.000000000000000000e+00 1.600000000000000089e+00 1.495000000000000018e-03 -2.570000000000000127e-04 -9.999989999999999712e-01 6.588699999999999557e-01 7.522569999999999535e-01 7.919999999999999523e-04 7.522560000000000358e-01 -6.588699999999999557e-01 1.294000000000000011e-03
1.100000000000000000e+01 4.600000000000000000e+01 2.700000000000000000e+01 0.000000000000000000e+00 1.600000000000000089e+00 -1.132999999999999893e-03 -1.041999999999999958e-03 -9.999989999999999712e-01 6.617199999999999749e-01 7.497500000000000275e-01 -1.531000000000000026e-03 7.497500000000000275e-01 -6.617210000000000036e-01 -1.589999999999999888e-04
1.800000000000000000e+01 4.600000000000000000e+01 2.700000000000000000e+01 0.000000000000000000e+00 1.600000000000000089e+00 -2.079999999999999818e-03 -8.869999999999999846e-04 -9.999970000000000248e-01 6.587589999999999835e-01 7.523520000000000207e-01 -2.037000000000000182e-03 7.523520000000000207e-01 -6.587610000000000410e-01 -9.810000000000001011e-04
2.400000000000000000e+01 4.600000000000000000e+01 2.700000000000000000e+01 0.000000000000000000e+00 1.600000000000000089e+00 -4.479999999999999933e-04 9.100000000000000016e-04 -1.000000000000000000e+00 6.574790000000000356e-01 7.534729999999999484e-01 3.910000000000000172e-04 7.534729999999999484e-01 -6.574780000000000069e-01 -9.359999999999999831e-04
2.000000000000000000e+00 5.800000000000000000e+01 3.100000000000000000e+01 0.000000000000000000e+00 1.600000000000000089e+00 2.663000000000000003e-03 7.256000000000000297e-03 9.999700000000000255e-01 -7.739690000000000181e-01 -6.331879999999999731e-01 6.655999999999999590e-03 6.332179999999999476e-01 -7.739639999999999853e-01 3.930000000000000333e-03
7.000000000000000000e+00 5.800000000000000000e+01 3.100000000000000000e+01 0.000000000000000000e+00 1.600000000000000089e+00 2.811000000000000131e-03 5.164000000000000187e-03 9.999829999999999552e-01 -7.698629999999999640e-01 -6.381860000000000310e-01 5.459999999999999576e-03 6.382039999999999935e-01 -7.698650000000000215e-01 2.181999999999999912e-03
1.200000000000000000e+01 5.800000000000000000e+01 3.100000000000000000e+01 0.000000000000000000e+00 1.600000000000000089e+00 1.485999999999999908e-03 2.285999999999999838e-03 9.999959999999999960e-01 -7.672900000000000276e-01 -6.412949999999999484e-01 2.605999999999999810e-03 6.412980000000000347e-01 -7.672909999999999453e-01 8.019999999999999785e-04
1.500000000000000000e+01 5.800000000000000000e+01 3.100000000000000000e+01 0.000000000000000000e+00 1.600000000000000089e+00 6.239999999999999887e-04 4.670000000000000214e-04 1.000000000000000000e+00 -7.642440000000000344e-01 -6.449270000000000280e-01 7.780000000000000457e-04 6.449270000000000280e-01 -7.642440000000000344e-01 -4.600000000000000004e-05
2.100000000000000000e+01 5.800000000000000000e+01 3.100000000000000000e+01 0.000000000000000000e+00 1.600000000000000089e+00 -7.825000000000000358e-03 -2.890999999999999907e-03 9.999649999999999928e-01 -7.614659999999999762e-01 -6.481580000000000119e-01 -7.832999999999999685e-03 6.481580000000000119e-01 -7.615009999999999835e-01 2.870000000000000155e-03
2.600000000000000000e+01 5.800000000000000000e+01 3.100000000000000000e+01 0.000000000000000000e+00 1.600000000000000089e+00 -2.380000000000000117e-04 2.037999999999999881e-03 9.999980000000000535e-01 -7.625300000000000411e-01 -6.469519999999999715e-01 1.136999999999999990e-03 6.469530000000000003e-01 -7.625279999999999836e-01 1.709000000000000016e-03
5.000000000000000000e+00 4.600000000000000000e+01 3.500000000000000000e+01 0.000000000000000000e+00 1.600000000000000089e+00 6.019999999999999961e-04 -4.080000000000000293e-03 -9.999919999999999920e-01 3.861899999999999777e-01 -9.224109999999999809e-01 3.996000000000000420e-03 -9.224189999999999889e-01 -3.861890000000000045e-01 1.020000000000000073e-03
9.000000000000000000e+00 4.600000000000000000e+01 3.500000000000000000e+01 0.000000000000000000e+00 1.600000000000000089e+00 2.950000000000000148e-04 5.850000000000000165e-04 -1.000000000000000000e+00 3.865999999999999992e-01 -9.222470000000000390e-01 -4.260000000000000006e-04 -9.222470000000000390e-01 -3.865999999999999992e-01 -4.989999999999999861e-04
1.800000000000000000e+01 4.600000000000000000e+01 3.500000000000000000e+01 0.000000000000000000e+00 1.600000000000000089e+00 7.119999999999999593e-04 -3.519999999999999908e-04 -1.000000000000000000e+00 3.859090000000000020e-01 -9.225370000000000514e-01 5.999999999999999474e-04 -9.225360000000000227e-01 -3.859099999999999753e-01 -5.209999999999999788e-04
2.600000000000000000e+01 4.600000000000000000e+01 3.500000000000000000e+01 0.000000000000000000e+00 1.600000000000000089e+00 7.010000000000000172e-04 -1.693000000000000060e-03 -9.999980000000000535e-01 3.862450000000000050e-01 -9.223949999999999649e-01 1.832000000000000078e-03 -9.223959999999999937e-01 -3.862450000000000050e-01 7.999999999999999638e-06
2.800000000000000000e+01 4.600000000000000000e+01 3.500000000000000000e+01 0.000000000000000000e+00 1.600000000000000089e+00 8.890000000000000333e-04 3.180000000000000101e-03 -9.999949999999999672e-01 3.855299999999999838e-01 -9.226919999999999566e-01 -2.592000000000000120e-03 -9.226950000000000429e-01 -3.855259999999999798e-01 -2.046000000000000076e-03
2.000000000000000000e+00 9.500000000000000000e+01 3.600000000000000000e+01 0.000000000000000000e+00 1.600000000000000089e+00 6.226999999999999896e-03 8.203999999999999487e-03 9.999470000000000303e-01 9.968989999999999796e-01 7.839000000000000135e-02 -6.851000000000000319e-03 -7.844199999999999784e-02 9.968890000000000251e-01 -7.690999999999999920e-03
8.000000000000000000e+00 9.500000000000000000e+01 3.600000000000000000e+01 0.000000000000000000e+00 1.600000000000000089e+00 -3.959999999999999762e-04 9.157000000000000209e-03 9.999580000000000135e-01 9.966009999999999591e-01 8.238099999999999590e-02 -3.589999999999999984e-04 -8.238099999999999590e-02 9.965589999999999726e-01 -9.157999999999999474e-03
1.100000000000000000e+01 9.500000000000000000e+01 3.600000000000000000e+01 0.000000000000000000e+00 1.600000000000000089e+00 -9.079999999999999530e-04 1.562699999999999853e-02 9.998770000000000158e-01 9.970379999999999798e-01 7.691599999999999826e-02 -2.970000000000000092e-04 -7.691099999999999326e-02 9.969149999999999956e-01 -1.565100000000000172e-02
1.900000000000000000e+01 9.500000000000000000e+01 3.600000000000000000e+01 0.000000000000000000e+00 1.600000000000000089e+00 -1.275000000000000092e-03 -2.627600000000000074e-02 9.996540000000000425e-01 9.976089999999999680e-01 6.904399999999999427e-02 3.086999999999999900e-03 -6.910099999999999576e-02 9.972670000000000146e-01 2.612499999999999892e-02
2.900000000000000000e+01 9.500000000000000000e+01 3.600000000000000000e+01 0.000000000000000000e+00 1.600000000000000089e+00 -5.715999999999999727e-03 -4.624999999999999771e-03 9.999730000000000008e-01 9.978439999999999532e-01 6.535199999999999343e-02 6.006000000000000054e-03 -6.537900000000000655e-02 9.978519999999999612e-01 4.240999999999999978e-03
1.600000000000000000e+01 3.000000000000000000e+00 4.300000000000000000e+01 0.000000000000000000e+00 1.600000000000000089e+00 -5.770000000000000389e-04 6.658999999999999989e-03 -9.999780000000000335e-01 7.384920000000000373e-01 -6.742449999999999832e-01 -4.915000000000000098e-03 -6.742620000000000280e-01 -7.384779999999999678e-01 -4.529000000000000040e-03
2.500000000000000000e+01 3.000000000000000000e+00 4.300000000000000000e+01 0.000000000000000000e+00 1.600000000000000089e+00 8.350000000000000217e-04 3.570999999999999956e-03 -9.999930000000000208e-01 7.364230000000000498e-01 -6.765189999999999815e-01 -1.801000000000000083e-03 -6.765210000000000390e-01 -7.364159999999999595e-01 -3.194999999999999923e-03
3.000000000000000000e+00 8.000000000000000000e+00 4.400000000000000000e+01 0.000000000000000000e+00 1.600000000000000089e+00 -1.271999999999999910e-03 5.949000000000000295e-03 9.999820000000000375e-01 -7.782670000000000421e-01 -6.279280000000000417e-01 2.745000000000000044e-03 6.279329999999999634e-01 -7.782489999999999686e-01 5.428999999999999798e-03
1.000000000000000000e+01 8.000000000000000000e+00 4.400000000000000000e+01 0.000000000000000000e+00 1.600000000000000089e+00 3.600000000000000091e-05 -1.610000000000000103e-03 9.999989999999999712e-01 -7.819920000000000204e-01 -6.232879999999999532e-01 -9.759999999999999796e-04 6.232889999999999819e-01 -7.819909999999999917e-01 -1.281000000000000021e-03
1.400000000000000000e+01 8.000000000000000000e+00 4.400000000000000000e+01 0.000000000000000000e+00 1.600000000000000089e+00 1.010999999999999963e-03 2.298999999999999828e-03 9.999970000000000248e-01 -7.821270000000000167e-01 -6.231160000000000032e-01 2.223000000000000149e-03 6.231189999999999785e-01 -7.821259999999999879e-01 1.167999999999999984e-03
1.800000000000000000e+01 8.000000000000000000e+00 4.400000000000000000e+01 0.000000000000000000e+00 1.600000000000000089e+00 2.677000000000000126e-03 4.082999999999999824e-03 9.999879999999999880e-01 -7.836980000000000057e-01 -6.211250000000000382e-01 4.634000000000000098e-03 6.211360000000000214e-01 -7.837009999999999810e-01 1.536999999999999955e-03
2.000000000000000000e+01 8.000000000000000000e+00 4.400000000000000000e+01 0.000000000000000000e+00 1.600000000000000089e+00 2.150000000000000001e-03 4.197000000000000210e-03 9.999890000000000168e-01 -7.826300000000000479e-01 -6.224720000000000253e-01 4.295000000000000207e-03 6.224830000000000085e-01 -7.826309999999999656e-01 1.946000000000000030e-03
3.000000000000000000e+00 2.900000000000000000e+01 4.400000000000000000e+01 0.000000000000000000e+00 1.600000000000000089e+00 1.200000000000000030e-04 2.749000000000000141e-03 -9.999959999999999960e-01 6.726910000000000389e-01 7.399200000000000221e-01 2.115000000000000126e-03 7.399229999999999974e-01 -6.726889999999999814e-01 -1.760000000000000063e-03
8.000000000000000000e+00 2.900000000000000000e+01 4.400000000000000000e+01 0.000000000000000000e+00 1.600000000000000089e+00 -7.360000000000000006e-04 2.077999999999999986e-03 -9.999980000000000535e-01 6.703729999999999967e-01 7.420240000000000169e-01 1.049000000000000019e-03 7.420240000000000169e-01 -6.703700000000000214e-01 -1.938999999999999968e-03
1.300000000000000000e+01 2.900000000000000000e+01 4.400000000000000000e+01 0.000000000000000000e+00 1.600000000000000089e+00 -3.400000000000000244e-04 -5.450000000000000200e-04 -1.000000000000000000e+00 6.729779999999999651e-01 7.396620000000000417e-01 -6.319999999999999663e-04 7.396629999999999594e-01 -6.729779999999999651e-01 1.150000000000000035e-04
2.200000000000000000e+01 2.900000000000000000e+01 4.400000000000000000e+01 0.000000000000000000e+00 1.600000000000000089e+00 7.360000000000000006e-04 -1.412999999999999977e-03 -9.999989999999999712e-01 6.723179999999999712e-01 7.402619999999999756e-01 -5.509999999999999490e-04 7.402619999999999756e-01 -6.723170000000000535e-01 1.495000000000000018e-03
2.800000000000000000e+01 2.900000000000000000e+01 4.400000000000000000e+01 0.000000000000000000e+00 1.600000000000000089e+00 -3.299999999999999982e-04 -2.873999999999999819e-03 -9.999959999999999960e-01 6.727889999999999704e-01 7.398299999999999876e-01 -2.347999999999999827e-03 7.398339999999999916e-01 -6.727870000000000239e-01 1.690000000000000096e-03
8.000000000000000000e+00 5.400000000000000000e+01 4.600000000000000000e+01 0.000000000000000000e+00 1.600000000000000089e+00 -1.647999999999999942e-03 7.699999999999999597e-04 9.999980000000000535e-01 3.291040000000000076e-01 -9.442930000000000490e-01 1.268999999999999946e-03 9.442920000000000202e-01 3.291060000000000096e-01 1.302999999999999905e-03
1.200000000000000000e+01 6.000000000000000000e+00 5.100000000000000000e+01 0.000000000000000000e+00 1.600000000000000089e+00 -3.119999999999999944e-04 -4.000000000000000192e-04 -1.000000000000000000e+00 3.301709999999999923e-01 -9.439210000000000100e-01 2.739999999999999923e-04 -9.439210000000000100e-01 -3.301709999999999923e-01 4.270000000000000249e-04
2.600000000000000000e+01 7.000000000000000000e+00 5.200000000000000000e+01 0.000000000000000000e+00 1.600000000000000089e+00 7.780000000000000457e-04 -4.839999999999999684e-03 -9.999879999999999880e-01 1.196490000000000054e-01 -9.928040000000000198e-01 4.897999999999999576e-03 -9.928160000000000318e-01 -1.196509999999999935e-01 -1.930000000000000021e-04
6.000000000000000000e+00 6.300000000000000000e+01 5.400000000000000000e+01 0.000000000000000000e+00 1.600000000000000089e+00 -2.180000000000000134e-04 1.214999999999999934e-03 9.999989999999999712e-01 -3.542560000000000153e-01 9.351479999999999793e-01 -1.213000000000000102e-03 -9.351479999999999793e-01 -3.542560000000000153e-01 2.269999999999999882e-04
1.200000000000000000e+01 6.300000000000000000e+01 5.400000000000000000e+01 0.000000000000000000e+00 1.600000000000000089e+00 4.859999999999999954e-04 -4.279999999999999950e-04 1.000000000000000000e+00 -3.491630000000000011e-01 9.370619999999999505e-01 5.699999999999999772e-04 -9.370619999999999505e-01 -3.491630000000000011e-01 3.060000000000000111e-04
1.400000000000000000e+01 6.300000000000000000e+01 5.400000000000000000e+01 0.000000000000000000e+00 1.600000000000000089e+00 1.190000000000000085e-03 -1.430000000000000064e-04 9.999989999999999712e-01 -3.468200000000000172e-01 9.379309999999999592e-01 5.469999999999999602e-04 -9.379309999999999592e-01 -3.468209999999999904e-01 1.067000000000000023e-03
1.800000000000000000e+01 6.300000000000000000e+01 5.400000000000000000e+01 0.000000000000000000e+00 1.600000000000000089e+00 5.879999999999999810e-04 3.110000000000000243e-04 1.000000000000000000e+00 -3.476429999999999798e-01 9.376269999999999882e-01 -8.700000000000000051e-05 -9.376269999999999882e-01 -3.476429999999999798e-01 6.589999999999999721e-04
2.200000000000000000e+01 6.300000000000000000e+01 5.400000000000000000e+01 0.000000000000000000e+00 1.600000000000000089e+00 1.378000000000000102e-03 8.279999999999999600e-04 9.999989999999999712e-01 -3.517939999999999956e-01 9.360779999999999657e-01 -2.900000000000000017e-04 -9.360770000000000479e-01 -3.517930000000000224e-01 1.580999999999999940e-03
2.600000000000000000e+01 6.300000000000000000e+01 5.400000000000000000e+01 0.000000000000000000e+00 1.600000000000000089e+00 9.899999999999999946e-04 -2.906000000000000163e-03 9.999949999999999672e-01 -3.598140000000000227e-01 9.330190000000000428e-01 3.066999999999999848e-03 -9.330239999999999645e-01 -3.598149999999999959e-01 -1.219999999999999974e-04
1.000000000000000000e+00 2.500000000000000000e+01 5.500000000000000000e+01 0.000000000000000000e+00 1.600000000000000089e+00 7.100000000000000191e-04 9.176999999999999394e-03 -9.999580000000000135e-01 -1.281799999999999953e-02 -9.998759999999999870e-01 -9.185999999999999721e-03 -9.999179999999999735e-01 1.282400000000000033e-02 -5.929999999999999941e-04
1.300000000000000000e+01 2.500000000000000000e+01 5.500000000000000000e+01 0.000000000000000000e+00 1.600000000000000089e+00 1.382999999999999898e-03 -4.279999999999999950e-03 -9.999900000000000455e-01 -1.124299999999999952e-02 -9.999280000000000390e-01 4.264000000000000429e-03 -9.999360000000000470e-01 1.123700000000000046e-02 -1.430999999999999980e-03
1.800000000000000000e+01 2.500000000000000000e+01 5.500000000000000000e+01 0.000000000000000000e+00 1.600000000000000089e+00 -6.629999999999999609e-04 3.669999999999999760e-04 -1.000000000000000000e+00 -1.155600000000000030e-02 -9.999329999999999607e-01 -3.600000000000000227e-04 -9.999329999999999607e-01 1.155600000000000030e-02 6.669999999999999497e-04
2.200000000000000000e+01 2.500000000000000000e+01 5.500000000000000000e+01 0.000000000000000000e+00 1.600000000000000089e+00 -9.359999999999999831e-04 4.719999999999999803e-04 -9.999989999999999712e-01 -1.161500000000000032e-02 -9.999320000000000430e-01 -4.609999999999999840e-04 -9.999320000000000430e-01 1.161500000000000032e-02 9.409999999999999962e-04
2.700000000000000000e+01 2.500000000000000000e+01 5.500000000000000000e+01 0.000000000000000000e+00 1.600000000000000089e+00 -5.670000000000000127e-04 -1.730000000000000038e-04 -1.000000000000000000e+00 -1.152399999999999952e-02 -9.999339999999999895e-01 1.789999999999999870e-04 -9.999329999999999607e-01 1.152399999999999952e-02 5.649999999999999641e-04
2.000000000000000000e+01 6.800000000000000000e+01 5.700000000000000000e+01 0.000000000000000000e+00 1.600000000000000089e+00 2.730000000000000222e-04 -2.995999999999999965e-03 -9.999949999999999672e-01 -2.446810000000000096e-01 -9.695989999999999887e-01 2.837999999999999811e-03 -9.696040000000000214e-01 2.446790000000000076e-01 -9.979999999999999722e-04
2.700000000000000000e+01 6.800000000000000000e+01 5.700000000000000000e+01 0.000000000000000000e+00 1.600000000000000089e+00 1.319000000000000077e-03 -5.011999999999999962e-03 -9.999869999999999592e-01 -2.444999999999999951e-01 -9.696390000000000287e-01 4.538000000000000367e-03 -9.696479999999999544e-01 2.444910000000000139e-01 -2.504999999999999848e-03
7.000000000000000000e+00 2.100000000000000000e+01 6.000000000000000000e+01 0.000000000000000000e+00 1.600000000000000089e+00 4.850000000000000253e-04 -1.544999999999999932e-03 9.999989999999999712e-01 -9.477499999999999813e-02 9.954969999999999652e-01 1.583999999999999905e-03 -9.954990000000000228e-01 -9.477499999999999813e-02 3.359999999999999814e-04
1.300000000000000000e+01 2.100000000000000000e+01 6.000000000000000000e+01 0.000000000000000000e+00 1.600000000000000089e+00 -4.249999999999999763e-04 -3.390999999999999917e-03 9.999940000000000495e-01 -9.781600000000000017e-02 9.951989999999999448e-01 3.333000000000000025e-03 -9.952039999999999775e-01 -9.781399999999999817e-02 -7.550000000000000287e-04
1.800000000000000000e+01 2.100000000000000000e+01 6.000000000000000000e+01 0.000000000000000000e+00 1.600000000000000089e+00 -9.200000000000000007e-05 4.649999999999999620e-03 9.999890000000000168e-01 -9.743100000000000371e-02 9.952320000000000055e-01 -4.636999999999999629e-03 -9.952419999999999600e-01 -9.743000000000000271e-02 3.620000000000000171e-04
