6.000000000000000000e+00 2.500000000000000000e+01 1.000000000000000000e+00 0.000000000000000000e+00 1.600000000000000089e+00 -9.799999999999999684e-05 -1.241399999999999969e-02 -9.999230000000000063e-01 -5.358429999999999582e-01 -8.442520000000000024e-01 1.053399999999999996e-02 -8.443180000000000129e-01 5.358030000000000292e-01 -6.569000000000000186e-03
9.000000000000000000e+00 2.500000000000000000e+01 1.000000000000000000e+00 0.000000000000000000e+00 1.600000000000000089e+00 -8.769999999999999584e-04 6.309999999999999637e-03 -9.999799999999999800e-01 -5.356220000000000425e-01 -8.444439999999999724e-01 -4.858999999999999604e-03 -8.444570000000000132e-01 5.356070000000000553e-01 4.120000000000000398e-03
1.300000000000000000e+01 2.500000000000000000e+01 1.000000000000000000e+00 0.000000000000000000e+00 1.600000000000000089e+00 1.881999999999999992e-03 2.707700000000000037e-02 -9.996319999999999650e-01 -5.314389999999999947e-01 -8.467580000000000107e-01 -2.393699999999999994e-02 -8.470950000000000424e-01 5.312879999999999825e-01 1.279600000000000008e-02
2.900000000000000000e+01 2.500000000000000000e+01 1.000000000000000000e+00 0.000000000000000000e+00 1.600000000000000089e+00 -3.400000000000000244e-04 -1.704999999999999918e-03 -9.999989999999999712e-01 -5.272869999999999502e-01 -8.496860000000000523e-01 1.628000000000000107e-03 -8.496869999999999701e-01 5.272869999999999502e-01 -6.099999999999999737e-04
2.000000000000000000e+00 1.500000000000000000e+01 4.000000000000000000e+00 0.000000000000000000e+00 1.600000000000000089e+00 1.299999999999999920e-05 6.600000000000000506e-05 1.000000000000000000e+00 3.262999999999999790e-01 -9.452660000000000506e-01 5.800000000000000034e-05 9.452660000000000506e-01 3.262999999999999790e-01 -3.300000000000000253e-05
8.000000000000000000e+00 1.500000000000000000e+01 4.000000000000000000e+00 0.000000000000000000e+00 1.600000000000000089e+00 1.900000000000000105e-04 2.569999999999999802e-03 9.999970000000000248e-01 3.197559999999999847e-01 -9.474970000000000336e-01 2.373999999999999808e-03 9.475000000000000089e-01 3.197539999999999827e-01 -1.002000000000000069e-03
1.200000000000000000e+01 1.500000000000000000e+01 4.000000000000000000e+00 0.000000000000000000e+00 1.600000000000000089e+00 1.634999999999999952e-03 3.759999999999999887e-03 9.999919999999999920e-01 3.202110000000000234e-01 -9.473409999999999886e-01 3.037999999999999902e-03 9.473449999999999926e-01 3.202030000000000154e-01 -2.752999999999999805e-03
1.600000000000000000e+01 1.500000000000000000e+01 4.000000000000000000e+00 0.000000000000000000e+00 1.600000000000000089e+00 4.597000000000000391e-03 9.346999999999999406e-03 9.999460000000000015e-01 3.246569999999999734e-01 -9.458029999999999493e-01 7.348000000000000365e-03 9.458210000000000228e-01 3.246060000000000056e-01 -7.381999999999999673e-03
2.400000000000000000e+01 1.500000000000000000e+01 4.000000000000000000e+00 0.000000000000000000e+00 1.600000000000000089e+00 -9.539999999999999869e-04 4.512999999999999651e-03 9.999890000000000168e-01 3.280370000000000230e-01 -9.446539999999999937e-01 4.576000000000000206e-03 9.446639999999999482e-01 3.280379999999999963e-01 -5.789999999999999791e-04
3.000000000000000000e+01 1.500000000000000000e+01 4.000000000000000000e+00 0.000000000000000000e+00 1.600000000000000089e+00 3.501000000000000206e-03 4.696999999999999786e-03 9.999829999999999552e-01 3.282079999999999997e-01 -9.445999999999999952e-01 3.286999999999999991e-03 9.445989999999999664e-01 3.281899999999999817e-01 -4.847999999999999879e-03
3.000000000000000000e+00 9.000000000000000000e+01 4.000000000000000000e+00 0.000000000000000000e+00 1.600000000000000089e+00 1.425690000000000013e-01 4.803450000000000220e-01 -8.654150000000000453e-01 -3.390329999999999733e-01 8.451530000000000431e-01 4.132460000000000022e-01 9.299089999999999856e-01 2.344880000000000020e-01 2.833450000000000135e-01
1.700000000000000000e+01 1.010000000000000000e+02 7.000000000000000000e+00 0.000000000000000000e+00 1.600000000000000089e+00 -2.072999999999999843e-02 4.560199999999999670e-02 9.987449999999999939e-01 8.763079999999999758e-01 4.817370000000000263e-01 -3.807000000000000054e-03 -4.813049999999999828e-01 8.751290000000000457e-01 -4.994699999999999834e-02
2.600000000000000000e+01 1.010000000000000000e+02 7.000000000000000000e+00 0.000000000000000000e+00 1.600000000000000089e+00 2.570400000000000115e-02 -6.674599999999999977e-02 9.974389999999999645e-01 8.799209999999999532e-01 4.750320000000000098e-01 9.112999999999999573e-03 -4.744229999999999836e-01 8.774340000000000472e-01 7.094200000000000506e-02
1.000000000000000000e+00 2.500000000000000000e+01 8.000000000000000000e+00 0.000000000000000000e+00 1.600000000000000089e+00 2.139999999999999975e-04 6.457000000000000066e-03 -9.999789999999999512e-01 4.542240000000000166e-01 8.908679999999999932e-01 5.850000000000000165e-03 8.908880000000000132e-01 -4.542149999999999799e-01 -2.742000000000000080e-03
4.000000000000000000e+00 2.500000000000000000e+01 8.000000000000000000e+00 0.000000000000000000e+00 1.600000000000000089e+00 1.423999999999999919e-03 5.830000000000000113e-03 -9.999820000000000375e-01 4.523829999999999796e-01 8.918040000000000411e-01 5.844000000000000236e-03 8.918220000000000036e-01 -4.523829999999999796e-01 -1.368000000000000075e-03
6.000000000000000000e+00 2.500000000000000000e+01 8.000000000000000000e+00 0.000000000000000000e+00 1.600000000000000089e+00 1.846999999999999901e-03 3.634000000000000077e-03 -9.999919999999999920e-01 4.509520000000000195e-01 8.925389999999999713e-01 4.076999999999999895e-03 8.925459999999999505e-01 -4.509560000000000235e-01 1.000000000000000082e-05
1.100000000000000000e+01 2.500000000000000000e+01 8.000000000000000000e+00 0.000000000000000000e+00 1.600000000000000089e+00 1.569999999999999998e-03 2.458999999999999814e-03 -9.999959999999999960e-01 4.506470000000000198e-01 8.926969999999999628e-01 2.903000000000000198e-03 8.927009999999999668e-01 -4.506499999999999950e-01 2.930000000000000204e-04
1.700000000000000000e+01 2.500000000000000000e+01 8.000000000000000000e+00 0.000000000000000000e+00 1.600000000000000089e+00 -9.299999999999999727e-05 6.813999999999999745e-03 -9.999770000000000048e-01 4.524639999999999773e-01 8.917620000000000546e-01 6.035000000000000434e-03 8.917829999999999924e-01 -4.524529999999999941e-01 -3.165999999999999977e-03
2.200000000000000000e+01 2.500000000000000000e+01 8.000000000000000000e+00 0.000000000000000000e+00 1.600000000000000089e+00 1.800000000000000046e-05 -3.065000000000000016e-03 -9.999949999999999672e-01 4.519469999999999876e-01 8.920409999999999728e-01 -2.726000000000000124e-03 8.920449999999999768e-01 -4.519440000000000124e-01 1.402000000000000034e-03
2.500000000000000000e+01 2.500000000000000000e+01 8.000000000000000000e+00 0.000000000000000000e+00 1.600000000000000089e+00 -2.669999999999999847e-04 -3.115999999999999846e-03 -9.999949999999999672e-01 4.529090000000000060e-01 8.915520000000000111e-01 -2.899000000000000101e-03 8.915570000000000439e-01 -4.529070000000000040e-01 1.172999999999999998e-03
2.000000000000000000e+00 2.400000000000000000e+01 9.000000000000000000e+00 0.000000000000000000e+00 1.600000000000000089e+00 1.067000000000000023e-03 4.523000000000000111e-03 -9.999890000000000168e-01 4.552010000000000223e-01 8.903769999999999740e-01 4.512999999999999651e-03 8.903879999999999573e-01 -4.552010000000000223e-01 -1.108000000000000044e-03
6.000000000000000000e+00 2.400000000000000000e+01 9.000000000000000000e+00 0.000000000000000000e+00 1.600000000000000089e+00 2.079999999999999818e-03 3.003000000000000027e-03 -9.999930000000000208e-01 4.537180000000000102e-01 8.911379999999999857e-01 3.619999999999999954e-03 8.911430000000000184e-01 -4.537229999999999874e-01 4.910000000000000085e-04
1.100000000000000000e+01 2.400000000000000000e+01 9.000000000000000000e+00 0.000000000000000000e+00 1.600000000000000089e+00 6.999999999999999929e-04 5.739000000000000178e-03 -9.999829999999999552e-01 4.533980000000000232e-01 8.912919999999999732e-01 5.433000000000000329e-03 8.913079999999999892e-01 -4.533940000000000192e-01 -1.978000000000000157e-03
1.800000000000000000e+01 2.400000000000000000e+01 9.000000000000000000e+00 0.000000000000000000e+00 1.600000000000000089e+00 6.700000000000000226e-05 4.827999999999999826e-03 -9.999879999999999880e-01 4.547689999999999788e-01 8.905990000000000295e-01 4.330999999999999781e-03 8.906089999999999840e-01 -4.547640000000000016e-01 -2.135999999999999878e-03
2.200000000000000000e+01 2.400000000000000000e+01 9.000000000000000000e+00 0.000000000000000000e+00 1.600000000000000089e+00 -1.069999999999999988e-04 -4.205000000000000404e-03 -9.999909999999999632e-01 4.542479999999999851e-01 8.908669999999999645e-01 -3.795000000000000196e-03 8.908749999999999725e-01 -4.542450000000000099e-01 1.814999999999999990e-03
2.500000000000000000e+01 2.400000000000000000e+01 9.000000000000000000e+00 0.000000000000000000e+00 1.600000000000000089e+00 -4.749999999999999990e-04 -3.178999999999999968e-03 -9.999949999999999672e-01 4.549130000000000118e-01 8.905300000000000438e-01 -3.046999999999999795e-03 8.905359999999999943e-01 -4.549119999999999830e-01 1.023000000000000038e-03
1.500000000000000000e+01 1.200000000000000000e+01 1.000000000000000000e+01 0.000000000000000000e+00 1.600000000000000089e+00 1.825000000000000016e-03 6.128999999999999899e-03 -9.999799999999999800e-01 -5.535139999999999505e-01 -8.328170000000000295e-01 -6.114999999999999776e-03 -8.328379999999999672e-01 5.535139999999999505e-01 1.873000000000000099e-03
1.400000000000000000e+01 4.000000000000000000e+00 1.100000000000000000e+01 0.000000000000000000e+00 1.600000000000000089e+00 1.776399999999999854e-02 -1.244979999999999976e-01 -9.920609999999999706e-01 1.298169999999999880e-01 9.841060000000000363e-01 -1.211760000000000059e-01 9.913790000000000102e-01 -1.266339999999999966e-01 3.364299999999999929e-02
2.200000000000000000e+01 4.000000000000000000e+00 1.100000000000000000e+01 0.000000000000000000e+00 1.600000000000000089e+00 3.339600000000000207e-02 -2.200419999999999876e-01 -9.749189999999999801e-01 1.241880000000000067e-01 9.688160000000000105e-01 -2.144109999999999905e-01 9.916970000000000507e-01 -1.139130000000000004e-01 5.968099999999999794e-02
1.100000000000000000e+01 3.100000000000000000e+01 1.200000000000000000e+01 0.000000000000000000e+00 1.600000000000000089e+00 -5.132000000000000277e-03 -2.469500000000000167e-02 9.996819999999999595e-01 -1.611500000000000085e-02 9.995669999999999833e-01 2.460999999999999993e-02 -9.998569999999999958e-01 -1.598400000000000168e-02 -5.527999999999999928e-03
1.600000000000000000e+01 3.100000000000000000e+01 1.200000000000000000e+01 0.000000000000000000e+00 1.600000000000000089e+00 -3.770000000000000022e-04 -1.822100000000000108e-02 9.998340000000000005e-01 -2.586899999999999963e-02 9.995000000000000551e-01 1.820499999999999896e-02 -9.996650000000000258e-01 -2.585799999999999904e-02 -8.480000000000000124e-04
2.300000000000000000e+01 3.100000000000000000e+01 1.200000000000000000e+01 0.000000000000000000e+00 1.600000000000000089e+00 1.064999999999999974e-03 9.688999999999999696e-03 9.999519999999999520e-01 -1.948799999999999838e-02 9.997629999999999573e-01 -9.665999999999999245e-03 -9.998099999999999765e-01 -1.947700000000000126e-02 1.253999999999999906e-03
1.000000000000000000e+01 3.500000000000000000e+01 1.200000000000000000e+01 0.000000000000000000e+00 1.600000000000000089e+00 -1.126500000000000071e-02 1.445500000000000083e-02 -9.998320000000000540e-01 5.002520000000000300e-01 -8.656899999999999595e-01 -1.815100000000000047e-02 -8.658069999999999933e-01 -5.003729999999999567e-01 2.520999999999999804e-03
2.700000000000000000e+01 3.500000000000000000e+01 1.200000000000000000e+01 0.000000000000000000e+00 1.600000000000000089e+00 9.771000000000000171e-03 -1.272299999999999993e-02 -9.998709999999999543e-01 4.780449999999999977e-01 -8.781919999999999726e-01 1.584599999999999898e-02 -8.782809999999999784e-01 -4.781389999999999807e-01 -2.498999999999999919e-03
1.000000000000000000e+00 8.000000000000000000e+01 1.300000000000000000e+01 0.000000000000000000e+00 1.600000000000000089e+00 -9.680099999999999816e-02 9.760529999999999484e-01 1.948060000000000069e-01 -9.388840000000000519e-01 -2.458700000000000122e-02 -3.433539999999999925e-01 -3.303420000000000245e-01 -2.161369999999999958e-01 9.187809999999999588e-01
2.600000000000000000e+01 1.200000000000000000e+01 1.500000000000000000e+01 0.000000000000000000e+00 1.600000000000000089e+00 1.520299999999999950e-02 -2.445699999999999957e-02 -9.995849999999999458e-01 -4.926220000000000043e-01 -8.701339999999999630e-01 1.379700000000000024e-02 -8.701100000000000501e-01 4.922079999999999789e-01 -2.527700000000000086e-02
5.000000000000000000e+00 2.000000000000000000e+00 1.900000000000000000e+01 0.000000000000000000e+00 1.600000000000000089e+00 4.252999999999999836e-03 -2.736999999999999850e-02 -9.996159999999999490e-01 1.521409999999999985e-01 -9.879710000000000436e-01 2.769800000000000040e-02 -9.883499999999999508e-01 -1.522010000000000030e-01 -3.800000000000000209e-05
1.000000000000000000e+01 4.000000000000000000e+00 2.000000000000000000e+01 0.000000000000000000e+00 1.600000000000000089e+00 1.486200000000000021e-02 -3.579999999999999849e-03 -9.998829999999999663e-01 2.063760000000000039e-01 -9.784509999999999597e-01 6.570000000000000319e-03 -9.783600000000000074e-01 -2.064489999999999936e-01 -1.380299999999999930e-02
1.800000000000000000e+01 4.000000000000000000e+00 2.000000000000000000e+01 0.000000000000000000e+00 1.600000000000000089e+00 -1.243499999999999987e-02 3.678700000000000025e-02 -9.992459999999999676e-01 2.456260000000000110e-01 -9.685909999999999798e-01 -3.871499999999999941e-02 -9.692849999999999522e-01 -2.459220000000000017e-01 3.007999999999999823e-03
2.500000000000000000e+01 4.000000000000000000e+00 2.000000000000000000e+01 0.000000000000000000e+00 1.600000000000000089e+00 -6.343999999999999813e-03 1.021900000000000065e-02 -9.999280000000000390e-01 2.395770000000000122e-01 -9.708099999999999508e-01 -1.144099999999999978e-02 -9.708569999999999700e-01 -2.396330000000000127e-01 3.710000000000000190e-03
1.000000000000000000e+00 1.300000000000000000e+01 2.000000000000000000e+01 0.000000000000000000e+00 1.600000000000000089e+00 1.729000000000000068e-03 7.703999999999999911e-03 9.999689999999999968e-01 2.463569999999999927e-01 9.691469999999999807e-01 -7.891999999999999710e-03 -9.691779999999999839e-01 2.463629999999999987e-01 -2.220000000000000022e-04
6.000000000000000000e+00 1.300000000000000000e+01 2.000000000000000000e+01 0.000000000000000000e+00 1.600000000000000089e+00 -1.507000000000000093e-03 -8.249999999999999955e-04 9.999989999999999712e-01 2.458239999999999870e-01 9.693140000000000089e-01 1.170000000000000033e-03 -9.693129999999999802e-01 2.458249999999999880e-01 -1.257000000000000088e-03
1.000000000000000000e+01 1.300000000000000000e+01 2.000000000000000000e+01 0.000000000000000000e+00 1.600000000000000089e+00 -2.348999999999999960e-03 -3.911000000000000414e-03 9.999900000000000455e-01 2.468289999999999929e-01 9.690490000000000492e-01 4.369999999999999753e-03 -9.690560000000000285e-01 2.468370000000000009e-01 -1.311000000000000099e-03
1.600000000000000000e+01 1.300000000000000000e+01 2.000000000000000000e+01 0.000000000000000000e+00 1.600000000000000089e+00 -9.230999999999999622e-03 -2.327500000000000055e-02 9.996859999999999635e-01 2.559770000000000101e-01 9.663629999999999720e-01 2.486299999999999968e-02 -9.666390000000000260e-01 2.561260000000000203e-01 -2.961999999999999789e-03
1.900000000000000000e+01 1.300000000000000000e+01 2.000000000000000000e+01 0.000000000000000000e+00 1.600000000000000089e+00 -2.676600000000000160e-02 -6.175200000000000133e-02 9.977329999999999810e-01 2.779889999999999861e-01 9.582610000000000294e-01 6.676600000000000590e-02 -9.602110000000000367e-01 2.791460000000000052e-01 -8.482999999999999222e-03
2.000000000000000000e+01 1.400000000000000000e+01 2.000000000000000000e+01 0.000000000000000000e+00 1.600000000000000089e+00 -2.695600000000000079e-02 -7.838499999999999635e-02 9.965589999999999726e-01 2.609949999999999770e-01 9.617900000000000338e-01 8.271000000000000574e-02 -9.649640000000000439e-01 2.623269999999999769e-01 -5.467999999999999770e-03
2.900000000000000000e+01 1.400000000000000000e+01 2.000000000000000000e+01 0.000000000000000000e+00 1.600000000000000089e+00 7.849000000000000074e-03 -4.161499999999999921e-02 9.991029999999999633e-01 2.648780000000000023e-01 9.635310000000000263e-01 3.805299999999999655e-02 -9.642500000000000515e-01 2.643409999999999926e-01 1.858500000000000082e-02
2.000000000000000000e+00 7.800000000000000000e+01 2.000000000000000000e+01 0.000000000000000000e+00 1.600000000000000089e+00 -2.032730000000000092e-01 9.426459999999999839e-01 2.647619999999999973e-01 -9.383449999999999847e-01 -1.103250000000000064e-01 -3.276240000000000263e-01 -2.796239999999999837e-01 -3.150350000000000095e-01 9.069530000000000092e-01
1.600000000000000000e+01 1.600000000000000000e+01 2.100000000000000000e+01 0.000000000000000000e+00 1.600000000000000089e+00 -4.407999999999999592e-03 -1.327500000000000034e-02 9.999019999999999575e-01 3.003839999999999844e-01 9.537160000000000082e-01 1.398600000000000017e-02 -9.538079999999999892e-01 3.004169999999999896e-01 -2.159999999999999919e-04
2.200000000000000000e+01 1.600000000000000000e+01 2.100000000000000000e+01 0.000000000000000000e+00 1.600000000000000089e+00 -2.628899999999999987e-02 -1.108409999999999951e-01 9.934899999999999842e-01 3.326250000000000040e-01 9.362340000000000106e-01 1.132549999999999946e-01 -9.426930000000000032e-01 3.334369999999999834e-01 1.225599999999999953e-02
1.000000000000000000e+00 7.800000000000000000e+01 2.400000000000000000e+01 0.000000000000000000e+00 1.600000000000000089e+00 -3.618460000000000010e-01 9.209810000000000496e-01 1.444340000000000068e-01 -9.193970000000000198e-01 -3.269270000000000231e-01 -2.186950000000000005e-01 -1.541949999999999987e-01 -2.119260000000000033e-01 9.650450000000000417e-01
4.000000000000000000e+00 4.600000000000000000e+01 2.700000000000000000e+01 0.000000000000000000e+00 1.600000000000000089e+00 1.129600000000000048e-02 1.918699999999999919e-02 -9.997519999999999740e-01 6.400759999999999783e-01 7.679979999999999585e-01 2.197100000000000095e-02 7.682290000000000507e-01 -6.401649999999999840e-01 -3.605999999999999830e-03
1.000000000000000000e+01 4.600000000000000000e+01 2.700000000000000000e+01 0.000000000000000000e+00 1.600000000000000089e+00 -2.089999999999999844e-03 -9.459999999999999659e-03 -9.999529999999999808e-01 6.784259999999999735e-01 7.346209999999999685e-01 -8.368000000000000438e-03 7.346660000000000412e-01 -6.784120000000000150e-01 4.882000000000000055e-03
3.000000000000000000e+01 4.600000000000000000e+01 2.700000000000000000e+01 0.000000000000000000e+00 1.600000000000000089e+00 2.099999999999999884e-05 3.749999999999999861e-03 -9.999930000000000208e-01 6.723219999999999752e-01 7.402539999999999676e-01 2.791000000000000078e-03 7.402590000000000003e-01 -6.723170000000000535e-01 -2.505999999999999981e-03
2.000000000000000000e+00 7.700000000000000000e+01 2.800000000000000000e+01 0.000000000000000000e+00 1.600000000000000089e+00 -4.379069999999999907e-01 8.876810000000000533e-01 1.423389999999999933e-01 -8.896199999999999664e-01 -4.050270000000000259e-01 -2.110209999999999864e-01 -1.296690000000000065e-01 -2.190350000000000075e-01 9.670619999999999772e-01
1.300000000000000000e+01 4.600000000000000000e+01 3.000000000000000000e+01 0.000000000000000000e+00 1.600000000000000089e+00 -2.469999999999999865e-04 -4.484000000000000138e-03 -9.999900000000000455e-01 3.250020000000000131e-01 9.457039999999999891e-01 -4.321000000000000188e-03 9.457130000000000258e-01 -3.250000000000000111e-01 1.224000000000000045e-03
1.000000000000000000e+01 5.800000000000000000e+01 3.100000000000000000e+01 0.000000000000000000e+00 1.600000000000000089e+00 -1.305899999999999943e-02 9.974900000000000433e-02 9.949270000000000058e-01 -7.675149999999999473e-01 -6.387549999999999617e-01 5.396600000000000008e-02 6.408970000000000500e-01 -7.629169999999999563e-01 8.490100000000000424e-02
1.800000000000000000e+01 5.800000000000000000e+01 3.100000000000000000e+01 0.000000000000000000e+00 1.600000000000000089e+00 -7.780000000000000457e-04 -4.164000000000000166e-03 9.999909999999999632e-01 -7.754349999999999854e-01 -6.314199999999999813e-01 -3.232000000000000064e-03 6.314269999999999605e-01 -7.754299999999999526e-01 -2.737999999999999982e-03
2.300000000000000000e+01 5.800000000000000000e+01 3.100000000000000000e+01 0.000000000000000000e+00 1.600000000000000089e+00 5.095999999999999835e-03 6.217000000000000304e-03 9.999679999999999680e-01 -7.773290000000000477e-01 -6.290440000000000476e-01 7.872999999999999790e-03 6.290729999999999933e-01 -7.773440000000000349e-01 1.626999999999999974e-03
2.700000000000000000e+01 5.800000000000000000e+01 3.100000000000000000e+01 0.000000000000000000e+00 1.600000000000000089e+00 8.321000000000000271e-03 9.747999999999999721e-03 9.999179999999999735e-01 -7.763700000000000045e-01 -6.301510000000000167e-01 1.260400000000000062e-02 6.302219999999999489e-01 -7.764109999999999623e-01 2.324999999999999810e-03
5.000000000000000000e+00 7.500000000000000000e+01 3.100000000000000000e+01 0.000000000000000000e+00 1.600000000000000089e+00 -3.813500000000000223e-01 8.942090000000000316e-01 2.344400000000000095e-01 -9.075159999999999894e-01 -3.138420000000000099e-01 -2.791370000000000240e-01 -1.760299999999999920e-01 -3.192070000000000185e-01 9.311930000000000485e-01
3.000000000000000000e+00 7.600000000000000000e+01 3.200000000000000000e+01 0.000000000000000000e+00 1.600000000000000089e+00 -4.838169999999999971e-01 8.452079999999999593e-01 2.270349999999999868e-01 -8.645580000000000487e-01 -4.213140000000000218e-01 -2.739240000000000008e-01 -1.358689999999999898e-01 -3.288139999999999952e-01 9.345700000000000118e-01
4.000000000000000000e+00 9.500000000000000000e+01 3.200000000000000000e+01 0.000000000000000000e+00 1.600000000000000089e+00 1.973509999999999986e-01 9.263759999999999772e-01 -3.207490000000000063e-01 -9.803309999999999524e-01 1.859030000000000127e-01 -6.626200000000000145e-02 -1.755000000000000050e-03 3.275170000000000026e-01 9.448440000000000172e-01
2.800000000000000000e+01 5.000000000000000000e+00 3.300000000000000000e+01 0.000000000000000000e+00 1.600000000000000089e+00 1.114060000000000050e-01 -9.813899999999999846e-01 -1.564029999999999865e-01 -6.978870000000000351e-01 3.478300000000000142e-02 -7.153629999999999711e-01 7.074899999999999523e-01 1.888479999999999881e-01 -6.810239999999999627e-01
7.000000000000000000e+00 5.600000000000000000e+01 3.300000000000000000e+01 0.000000000000000000e+00 1.600000000000000089e+00 1.289770000000000083e-01 1.738770000000000038e-01 -9.762840000000000407e-01 2.823390000000000066e-01 -9.501990000000000158e-01 -1.319319999999999937e-01 -9.506050000000000333e-01 -2.586269999999999958e-01 -1.716469999999999940e-01
5.000000000000000000e+00 4.600000000000000000e+01 3.500000000000000000e+01 0.000000000000000000e+00 1.600000000000000089e+00 1.151199999999999966e-02 7.289099999999999746e-02 -9.972739999999999938e-01 3.809339999999999948e-01 -9.224520000000000497e-01 -6.302499999999999769e-02 -9.245309999999999917e-01 -3.791700000000000070e-01 -3.838600000000000345e-02
1.100000000000000000e+01 4.600000000000000000e+01 3.500000000000000000e+01 0.000000000000000000e+00 1.600000000000000089e+00 7.169999999999999724e-04 8.333999999999999395e-03 -9.999649999999999928e-01 3.902680000000000038e-01 -9.206720000000000459e-01 -7.393000000000000266e-03 -9.207009999999999916e-01 -3.902490000000000125e-01 -3.912999999999999812e-03
1.600000000000000000e+01 4.600000000000000000e+01 3.500000000000000000e+01 0.000000000000000000e+00 1.600000000000000089e+00 -2.020000000000000040e-04 7.849999999999999339e-03 -9.999689999999999968e-01 3.916859999999999786e-01 -9.200700000000000545e-01 -7.302000000000000331e-03 -9.200990000000000002e-01 -3.916760000000000241e-01 -2.889000000000000075e-03
2.300000000000000000e+01 4.600000000000000000e+01 3.500000000000000000e+01 0.000000000000000000e+00 1.600000000000000089e+00 3.310000000000000225e-04 1.978000000000000157e-03 -9.999980000000000535e-01 3.915150000000000019e-01 -9.201700000000000434e-01 -1.691000000000000012e-03 -9.201719999999999899e-01 -3.915139999999999731e-01 -1.079000000000000098e-03
2.800000000000000000e+01 4.600000000000000000e+01 3.500000000000000000e+01 0.000000000000000000e+00 1.600000000000000089e+00 1.623000000000000094e-03 -4.805000000000000243e-03 -9.999869999999999592e-01 3.889239999999999919e-01 -9.212559999999999638e-01 5.057999999999999996e-03 -9.212679999999999758e-01 -3.889279999999999959e-01 3.739999999999999835e-04
2.600000000000000000e+01 2.100000000000000000e+01 3.600000000000000000e+01 0.000000000000000000e+00 1.600000000000000089e+00 -7.391950000000000465e-01 -4.135659999999999892e-01 -5.315569999999999462e-01 6.253250000000000197e-01 -1.283390000000000086e-01 -7.697389999999999510e-01 2.501189999999999802e-01 -9.013830000000000453e-01 3.534809999999999897e-01
6.000000000000000000e+00 7.400000000000000000e+01 3.600000000000000000e+01 0.000000000000000000e+00 1.600000000000000089e+00 -4.260709999999999775e-01 8.583990000000000231e-01 2.856819999999999915e-01 -8.963149999999999729e-01 -3.576599999999999779e-01 -2.621049999999999769e-01 -1.228140000000000065e-01 -3.677369999999999806e-01 9.217840000000000478e-01
4.000000000000000000e+00 7.500000000000000000e+01 3.700000000000000000e+01 0.000000000000000000e+00 1.600000000000000089e+00 -5.298049999999999704e-01 8.067149999999999599e-01 2.617559999999999887e-01 -8.458219999999999628e-01 -4.798749999999999960e-01 -2.330339999999999911e-01 -6.238199999999999995e-02 -3.448620000000000019e-01 9.365780000000000216e-01
2.900000000000000000e+01 3.000000000000000000e+00 4.300000000000000000e+01 0.000000000000000000e+00 1.600000000000000089e+00 3.990999999999999756e-03 -6.917000000000000405e-03 -9.999679999999999680e-01 7.419019999999999504e-01 -6.704649999999999777e-01 7.598999999999999852e-03 -6.704959999999999809e-01 -7.419090000000000407e-01 2.455999999999999850e-03
2.400000000000000000e+01 2.500000000000000000e+01 4.300000000000000000e+01 0.000000000000000000e+00 1.600000000000000089e+00 1.511799999999999949e-02 -1.198199999999999960e-02 -9.998139999999999805e-01 8.416730000000000045e-01 5.399509999999999588e-01 6.256000000000000276e-03 5.397760000000000336e-01 -8.416109999999999980e-01 1.824800000000000033e-02
1.200000000000000000e+01 6.700000000000000000e+01 4.300000000000000000e+01 0.000000000000000000e+00 1.600000000000000089e+00 -3.020000000000000223e-04 2.408799999999999830e-02 -9.997099999999999875e-01 -4.521870000000000056e-01 8.916610000000000369e-01 2.162100000000000133e-02 8.919230000000000214e-01 4.520620000000000194e-01 1.062300000000000050e-02
2.400000000000000000e+01 2.400000000000000000e+01 4.400000000000000000e+01 0.000000000000000000e+00 1.600000000000000089e+00 1.865699999999999997e-02 1.597600000000000062e-02 -9.996979999999999755e-01 7.840390000000000414e-01 6.202260000000000550e-01 2.454399999999999984e-02 6.204309999999999548e-01 -7.842599999999999572e-01 -9.539999999999999869e-04
6.000000000000000000e+00 2.900000000000000000e+01 4.400000000000000000e+01 0.000000000000000000e+00 1.600000000000000089e+00 -1.776000000000000018e-03 4.284999999999999747e-03 -9.999890000000000168e-01 6.569859999999999589e-01 7.539000000000000146e-01 2.063000000000000164e-03 7.539000000000000146e-01 -6.569760000000000044e-01 -4.153999999999999707e-03
9.000000000000000000e+00 2.900000000000000000e+01 4.400000000000000000e+01 0.000000000000000000e+00 1.600000000000000089e+00 -1.814000000000000074e-03 4.791000000000000120e-03 -9.999869999999999592e-01 6.602209999999999468e-01 7.510679999999999579e-01 2.400999999999999922e-03 7.510700000000000154e-01 -6.602080000000000171e-01 -4.525999999999999641e-03
1.500000000000000000e+01 2.900000000000000000e+01 4.400000000000000000e+01 0.000000000000000000e+00 1.600000000000000089e+00 -6.310000000000000504e-04 -1.413999999999999892e-03 -9.999989999999999712e-01 6.610709999999999642e-01 7.503220000000000445e-01 -1.477999999999999930e-03 7.503229999999999622e-01 -6.610709999999999642e-01 4.609999999999999840e-04
1.800000000000000000e+01 2.900000000000000000e+01 4.400000000000000000e+01 0.000000000000000000e+00 1.600000000000000089e+00 -9.100000000000000016e-04 -3.027000000000000177e-03 -9.999949999999999672e-01 6.617210000000000036e-01 7.497449999999999948e-01 -2.871999999999999987e-03 7.497500000000000275e-01 -6.617199999999999749e-01 1.320999999999999909e-03
2.400000000000000000e+01 2.900000000000000000e+01 4.400000000000000000e+01 0.000000000000000000e+00 1.600000000000000089e+00 -2.527999999999999865e-03 -4.296200000000000019e-02 -9.990740000000000176e-01 6.345330000000000137e-01 7.721120000000000205e-01 -3.480799999999999866e-02 7.728920000000000234e-01 -6.340329999999999577e-01 2.530900000000000163e-02
2.600000000000000000e+01 2.900000000000000000e+01 4.400000000000000000e+01 0.000000000000000000e+00 1.600000000000000089e+00 -3.361299999999999705e-02 -1.500319999999999987e-01 -9.881100000000000438e-01 6.441970000000000196e-01 7.526359999999999717e-01 -1.361920000000000075e-01 7.641200000000000214e-01 -6.411149999999999904e-01 7.135199999999999876e-02
2.000000000000000000e+00 9.400000000000000000e+01 4.400000000000000000e+01 0.000000000000000000e+00 1.600000000000000089e+00 1.416650000000000131e-01 9.398279999999999967e-01 3.108929999999999749e-01 -9.682030000000000358e-01 1.969629999999999992e-01 -1.542370000000000130e-01 -2.061900000000000122e-01 -2.791580000000000172e-01 9.378469999999999862e-01
1.000000000000000000e+01 6.900000000000000000e+01 4.700000000000000000e+01 0.000000000000000000e+00 1.600000000000000089e+00 -9.622400000000000397e-02 -1.784080000000000110e-01 -9.792399999999999993e-01 -9.918169999999999487e-01 -6.574299999999999589e-02 1.094370000000000065e-01 -8.390200000000000435e-02 9.817580000000000195e-01 -1.706219999999999959e-01
1.300000000000000000e+01 6.800000000000000000e+01 4.800000000000000000e+01 0.000000000000000000e+00 1.600000000000000089e+00 -2.905299999999999896e-02 -1.578019999999999978e-01 -9.870430000000000037e-01 -9.688909999999999467e-01 -2.383510000000000073e-01 6.662400000000000266e-02 -2.457759999999999945e-01 9.582730000000000414e-01 -1.459679999999999866e-01
1.700000000000000000e+01 6.100000000000000000e+01 4.900000000000000000e+01 0.000000000000000000e+00 1.600000000000000089e+00 -1.216700000000000073e-02 -2.590000000000000071e-04 9.999259999999999815e-01 -6.426520000000000010e-01 7.661200000000000232e-01 -7.621000000000000170e-03 -7.660609999999999919e-01 -6.426969999999999628e-01 -9.487999999999999906e-03
1.800000000000000000e+01 7.100000000000000000e+01 4.900000000000000000e+01 0.000000000000000000e+00 1.600000000000000089e+00 -3.946470000000000256e-01 8.801130000000000342e-01 2.639230000000000187e-01 -9.058669999999999778e-01 -3.245979999999999976e-01 -2.721049999999999858e-01 -1.538140000000000063e-01 -3.464639999999999942e-01 9.253670000000000506e-01
1.000000000000000000e+01 5.000000000000000000e+00 5.100000000000000000e+01 0.000000000000000000e+00 1.600000000000000089e+00 -1.108000000000000044e-03 -2.759999999999999867e-04 -9.999989999999999712e-01 4.829229999999999912e-01 -8.756629999999999692e-01 -2.939999999999999905e-04 -8.756620000000000514e-01 -4.829229999999999912e-01 1.103000000000000031e-03
1.400000000000000000e+01 5.000000000000000000e+00 5.100000000000000000e+01 0.000000000000000000e+00 1.600000000000000089e+00 -4.581000000000000003e-03 -2.602999999999999845e-03 -9.999860000000000415e-01 4.865010000000000168e-01 -8.736800000000000122e-01 4.500000000000000283e-05 -8.736680000000000001e-01 -4.864939999999999820e-01 5.268000000000000113e-03
2.700000000000000000e+01 6.000000000000000000e+00 5.100000000000000000e+01 0.000000000000000000e+00 1.600000000000000089e+00 -8.245999999999999858e-03 -7.694999999999999583e-03 -9.999360000000000470e-01 3.315919999999999979e-01 -9.434120000000000283e-01 4.525999999999999641e-03 -9.433869999999999756e-01 -3.315330000000000221e-01 1.033099999999999991e-02
6.000000000000000000e+00 1.150000000000000000e+02 5.100000000000000000e+01 0.000000000000000000e+00 1.600000000000000089e+00 -9.939999999999999183e-03 9.768999999999999906e-03 9.999029999999999863e-01 8.510410000000000474e-01 -5.249230000000000285e-01 1.358799999999999938e-02 5.250050000000000550e-01 8.510940000000000172e-01 -3.095999999999999794e-03
1.600000000000000000e+01 6.300000000000000000e+01 5.400000000000000000e+01 0.000000000000000000e+00 1.600000000000000089e+00 1.064900000000000048e-02 3.572499999999999981e-02 9.993049999999999988e-01 -1.843200000000000116e-01 9.823070000000000412e-01 -3.315300000000000191e-02 -9.828090000000000437e-01 -1.838390000000000024e-01 1.704599999999999865e-02
1.800000000000000000e+01 6.300000000000000000e+01 5.400000000000000000e+01 0.000000000000000000e+00 1.600000000000000089e+00 5.584000000000000422e-03 3.908199999999999869e-02 9.992199999999999971e-01 -1.986189999999999900e-01 9.793709999999999916e-01 -3.719599999999999990e-02 -9.800609999999999600e-01 -1.982559999999999878e-01 1.323099999999999971e-02
2.500000000000000000e+01 6.300000000000000000e+01 5.400000000000000000e+01 0.000000000000000000e+00 1.600000000000000089e+00 -8.772999999999999549e-03 -1.415999999999999941e-03 9.999609999999999888e-01 -3.472810000000000064e-01 9.377590000000000092e-01 -1.719000000000000042e-03 -9.377199999999999980e-01 -3.472830000000000084e-01 -8.718999999999999320e-03
2.800000000000000000e+01 6.300000000000000000e+01 5.400000000000000000e+01 0.000000000000000000e+00 1.600000000000000089e+00 -1.033000000000000064e-03 -3.782999999999999904e-03 9.999919999999999920e-01 -3.352299999999999724e-01 9.421310000000000517e-01 3.216999999999999808e-03 -9.421359999999999735e-01 -3.352240000000000220e-01 -2.240999999999999936e-03
1.100000000000000000e+01 7.100000000000000000e+01 5.400000000000000000e+01 0.000000000000000000e+00 1.600000000000000089e+00 -2.283030000000000059e-01 6.248070000000000013e-01 7.466549999999999576e-01 -9.621760000000000312e-01 -2.770600000000000146e-02 -2.710170000000000079e-01 -1.486470000000000014e-01 -7.802869999999999528e-01 6.075000000000000400e-01
1.800000000000000000e+01 7.500000000000000000e+01 5.400000000000000000e+01 0.000000000000000000e+00 1.600000000000000089e+00 -5.237359999999999793e-01 -1.601269999999999916e-01 8.366959999999999953e-01 -8.347999999999999865e-01 -9.922100000000000364e-02 -5.415379999999999638e-01 1.697329999999999950e-01 -9.820969999999999978e-01 -8.170800000000000285e-02
3.000000000000000000e+00 2.500000000000000000e+01 5.500000000000000000e+01 0.000000000000000000e+00 1.600000000000000089e+00 -4.199999999999999768e-05 1.198000000000000063e-03 -9.999989999999999712e-01 -7.479000000000000405e-03 -9.999710000000000543e-01 -1.196999999999999930e-03 -9.999719999999999720e-01 7.479000000000000405e-03 5.099999999999999960e-05
7.000000000000000000e+00 2.500000000000000000e+01 5.500000000000000000e+01 0.000000000000000000e+00 1.600000000000000089e+00 2.149999999999999947e-04 8.400000000000000348e-04 -1.000000000000000000e+00 -7.389999999999999868e-03 -9.999719999999999720e-01 -8.419999999999999750e-04 -9.999730000000000008e-01 7.389999999999999868e-03 -2.090000000000000115e-04
9.000000000000000000e+00 2.500000000000000000e+01 5.500000000000000000e+01 0.000000000000000000e+00 1.600000000000000089e+00 6.989999999999999686e-04 -3.060000000000000111e-04 -1.000000000000000000e+00 -7.131000000000000186e-03 -9.999749999999999472e-01 3.009999999999999980e-04 -9.999740000000000295e-01 7.131000000000000186e-03 -7.020000000000000415e-04
1.300000000000000000e+01 2.500000000000000000e+01 5.500000000000000000e+01 0.000000000000000000e+00 1.600000000000000089e+00 1.800000000000000046e-05 -4.054999999999999577e-03 -9.999919999999999920e-01 -8.118000000000000216e-03 -9.999590000000000423e-01 4.054999999999999577e-03 -9.999670000000000503e-01 8.118000000000000216e-03 -5.099999999999999960e-05
2.100000000000000000e+01 2.500000000000000000e+01 5.500000000000000000e+01 0.000000000000000000e+00 1.600000000000000089e+00 1.193000000000000050e-03 9.479999999999999495e-04 -9.999989999999999712e-01 -1.256900000000000031e-02 -9.999209999999999487e-01 -9.629999999999999888e-04 -9.999200000000000310e-01 1.256999999999999958e-02 -1.180999999999999975e-03
2.500000000000000000e+01 2.500000000000000000e+01 5.500000000000000000e+01 0.000000000000000000e+00 1.600000000000000089e+00 -8.109999999999999805e-04 -7.089999999999999948e-04 -9.999989999999999712e-01 -1.082800000000000082e-02 -9.999409999999999688e-01 7.179999999999999967e-04 -9.999409999999999688e-01 1.082800000000000082e-02 8.030000000000000028e-04
1.100000000000000000e+01 8.500000000000000000e+01 5.500000000000000000e+01 0.000000000000000000e+00 1.600000000000000089e+00 8.204999999999999793e-02 -3.963329999999999909e-01 -9.144330000000000513e-01 8.177440000000000264e-01 -4.977139999999999898e-01 2.890929999999999889e-01 -5.697029999999999594e-01 -7.714929999999999843e-01 2.832609999999999850e-01
9.000000000000000000e+00 6.600000000000000000e+01 5.700000000000000000e+01 0.000000000000000000e+00 1.600000000000000089e+00 -8.455000000000000709e-03 5.154959999999999543e-01 8.568510000000000293e-01 -2.198670000000000069e-01 8.349529999999999452e-01 -5.044910000000000228e-01 -9.754930000000000545e-01 -1.926589999999999969e-01 1.062810000000000005e-01
4.000000000000000000e+00 2.100000000000000000e+01 6.000000000000000000e+01 0.000000000000000000e+00 1.600000000000000089e+00 -3.295999999999999885e-03 -6.113999999999999643e-03 9.999759999999999760e-01 -9.684500000000000053e-02 9.952830000000000288e-01 5.766000000000000292e-03 -9.952940000000000120e-01 -9.682399999999999340e-02 -3.873000000000000140e-03
9.000000000000000000e+00 2.100000000000000000e+01 6.000000000000000000e+01 0.000000000000000000e+00 1.600000000000000089e+00 -8.829999999999999958e-04 -3.969999999999999571e-03 9.999919999999999920e-01 -9.703599999999999726e-02 9.952729999999999633e-01 3.864999999999999946e-03 -9.952800000000000535e-01 -9.703199999999999326e-02 -1.263999999999999933e-03
1.800000000000000000e+01 2.100000000000000000e+01 6.000000000000000000e+01 0.000000000000000000e+00 1.600000000000000089e+00 2.925000000000000083e-03 -1.757000000000000098e-03 9.999940000000000495e-01 -9.468400000000000427e-02 9.955049999999999732e-01 2.026000000000000023e-03 -9.955030000000000268e-01 -9.468899999999999539e-02 2.745000000000000044e-03
2.900000000000000000e+01 2.100000000000000000e+01 6.000000000000000000e+01 0.000000000000000000e+00 1.600000000000000089e+00 -4.780000000000000178e-04 -3.625999999999999883e-03 9.999930000000000208e-01 -9.669400000000000217e-02 9.953079999999999705e-01 3.563000000000000195e-03 -9.953140000000000320e-01 -9.669200000000000017e-02 -8.260000000000000198e-04
9.000000000000000000e+00 6.800000000000000000e+01 6.000000000000000000e+01 0.000000000000000000e+00 1.600000000000000089e+00 1.368520000000000014e-01 -3.558029999999999804e-01 9.244869999999999477e-01 4.684840000000000115e-01 -7.990530000000000133e-01 -3.768770000000000175e-01 8.728080000000000283e-01 4.846829999999999750e-01 5.733599999999999808e-02
1.000000000000000000e+01 3.000000000000000000e+00 6.300000000000000000e+01 0.000000000000000000e+00 1.600000000000000089e+00 1.121999999999999950e-03 1.949999999999999965e-04 9.999989999999999712e-01 -6.142940000000000067e-01 7.890770000000000284e-01 5.349999999999999938e-04 -7.890759999999999996e-01 -6.142940000000000067e-01 1.005000000000000034e-03
