1.000000000000000000e+01 2.500000000000000000e+01 1.000000000000000000e+00 0.000000000000000000e+00 1.600000000000000089e+00 5.399999999999999798e-05 -7.922000000000000222e-03 -9.999689999999999968e-01 -5.280319999999999458e-01 -8.491980000000000084e-01 6.699000000000000093e-03 -8.492239999999999789e-01 5.280150000000000121e-01 -4.229000000000000120e-03
8.000000000000000000e+00 1.500000000000000000e+01 4.000000000000000000e+00 0.000000000000000000e+00 1.600000000000000089e+00 -2.191999999999999938e-03 -7.555000000000000084e-03 9.999689999999999968e-01 3.106369999999999965e-01 -9.505059999999999620e-01 -6.499999999999999702e-03 9.505259999999999820e-01 3.106129999999999725e-01 4.429999999999999910e-03
1.300000000000000000e+01 1.500000000000000000e+01 4.000000000000000000e+00 0.000000000000000000e+00 1.600000000000000089e+00 1.679999999999999907e-04 -4.232999999999999784e-03 9.999909999999999632e-01 3.137469999999999981e-01 -9.494979999999999531e-01 -4.072000000000000099e-03 9.495059999999999611e-01 3.137449999999999961e-01 1.167999999999999984e-03
1.900000000000000000e+01 1.500000000000000000e+01 4.000000000000000000e+00 0.000000000000000000e+00 1.600000000000000089e+00 -4.255000000000000102e-03 -6.019999999999999961e-04 9.999909999999999632e-01 3.154939999999999967e-01 -9.489269999999999650e-01 7.709999999999999840e-04 9.489180000000000392e-01 3.154939999999999967e-01 4.227999999999999987e-03
2.600000000000000000e+01 1.500000000000000000e+01 4.000000000000000000e+00 0.000000000000000000e+00 1.600000000000000089e+00 -2.003000000000000006e-03 1.164000000000000104e-03 9.999970000000000248e-01 3.141709999999999781e-01 -9.493650000000000144e-01 1.734000000000000081e-03 9.493639999999999857e-01 3.141729999999999801e-01 1.536000000000000039e-03
1.000000000000000000e+00 2.500000000000000000e+01 8.000000000000000000e+00 0.000000000000000000e+00 1.600000000000000089e+00 3.569999999999999823e-03 1.512499999999999956e-02 -9.998789999999999623e-01 4.458230000000000248e-01 8.949930000000000385e-01 1.512999999999999935e-02 8.951139999999999652e-01 -4.458230000000000248e-01 -3.547999999999999939e-03
7.000000000000000000e+00 2.500000000000000000e+01 8.000000000000000000e+00 0.000000000000000000e+00 1.600000000000000089e+00 -6.930000000000000396e-04 7.172999999999999689e-03 -9.999740000000000295e-01 4.449389999999999734e-01 8.955400000000000027e-01 6.115999999999999909e-03 8.955610000000000515e-01 -4.449230000000000129e-01 -3.811999999999999850e-03
1.300000000000000000e+01 2.500000000000000000e+01 8.000000000000000000e+00 0.000000000000000000e+00 1.600000000000000089e+00 1.598999999999999944e-03 5.440999999999999656e-03 -9.999839999999999840e-01 4.463429999999999898e-01 8.948450000000000015e-01 5.582000000000000156e-03 8.948610000000000175e-01 -4.463449999999999918e-01 -9.979999999999999722e-04
2.000000000000000000e+01 2.500000000000000000e+01 8.000000000000000000e+00 0.000000000000000000e+00 1.600000000000000089e+00 1.090000000000000067e-04 -4.879999999999999898e-04 -1.000000000000000000e+00 4.443320000000000047e-01 8.958620000000000472e-01 -3.879999999999999985e-04 8.958620000000000472e-01 -4.443320000000000047e-01 3.150000000000000131e-04
2.800000000000000000e+01 2.500000000000000000e+01 8.000000000000000000e+00 0.000000000000000000e+00 1.600000000000000089e+00 -2.239999999999999804e-03 -5.388999999999999693e-03 -9.999829999999999552e-01 4.451800000000000201e-01 8.954220000000000512e-01 -5.823000000000000051e-03 8.954379999999999562e-01 -4.451849999999999974e-01 3.930000000000000117e-04
7.000000000000000000e+00 2.400000000000000000e+01 9.000000000000000000e+00 0.000000000000000000e+00 1.600000000000000089e+00 -1.018999999999999941e-03 7.735999999999999821e-03 -9.999700000000000255e-01 4.489400000000000057e-01 8.935389999999999722e-01 6.454999999999999800e-03 8.935619999999999674e-01 -4.489190000000000125e-01 -4.383999999999999876e-03
1.300000000000000000e+01 2.400000000000000000e+01 9.000000000000000000e+00 0.000000000000000000e+00 1.600000000000000089e+00 1.111000000000000008e-03 4.355999999999999629e-03 -9.999900000000000455e-01 4.509920000000000040e-01 8.925170000000000048e-01 4.388999999999999672e-03 8.925269999999999593e-01 -4.509929999999999772e-01 -9.730000000000000151e-04
2.100000000000000000e+01 2.400000000000000000e+01 9.000000000000000000e+00 0.000000000000000000e+00 1.600000000000000089e+00 -6.629999999999999609e-04 -4.402999999999999796e-03 -9.999900000000000455e-01 4.506310000000000038e-01 8.927000000000000490e-01 -4.230000000000000253e-03 8.927100000000000035e-01 -4.506299999999999750e-01 1.392999999999999924e-03
1.300000000000000000e+01 5.000000000000000000e+00 1.200000000000000000e+01 0.000000000000000000e+00 1.600000000000000089e+00 1.290499999999999980e-02 -1.192140000000000005e-01 9.927850000000000286e-01 -2.325889999999999902e-01 9.652760000000000229e-01 1.189339999999999981e-01 -9.724890000000000478e-01 -2.324460000000000137e-01 -1.527099999999999985e-02
2.000000000000000000e+00 3.100000000000000000e+01 1.200000000000000000e+01 0.000000000000000000e+00 1.600000000000000089e+00 -1.745999999999999939e-03 8.528000000000000858e-03 9.999620000000000175e-01 6.442999999999999942e-03 9.999430000000000263e-01 -8.517000000000000265e-03 -9.999780000000000335e-01 6.427999999999999686e-03 -1.801000000000000083e-03
8.000000000000000000e+00 3.100000000000000000e+01 1.200000000000000000e+01 0.000000000000000000e+00 1.600000000000000089e+00 2.335999999999999969e-03 -7.837999999999999481e-03 9.999670000000000503e-01 4.709999999999999777e-03 9.999580000000000135e-01 7.827000000000000624e-03 -9.999860000000000415e-01 4.691999999999999990e-03 2.373000000000000109e-03
1.400000000000000000e+01 3.100000000000000000e+01 1.200000000000000000e+01 0.000000000000000000e+00 1.600000000000000089e+00 7.010000000000000172e-04 7.299999999999999903e-05 1.000000000000000000e+00 8.570000000000000144e-04 1.000000000000000000e+00 -7.299999999999999903e-05 -9.999989999999999712e-01 8.570000000000000144e-04 7.010000000000000172e-04
2.200000000000000000e+01 3.100000000000000000e+01 1.200000000000000000e+01 0.000000000000000000e+00 1.600000000000000089e+00 -1.222999999999999912e-03 -1.337000000000000081e-03 9.999980000000000535e-01 2.509999999999999753e-04 9.999989999999999712e-01 1.337999999999999997e-03 -9.999989999999999712e-01 2.519999999999999996e-04 -1.222999999999999912e-03
1.700000000000000000e+01 3.200000000000000000e+01 1.400000000000000000e+01 0.000000000000000000e+00 1.600000000000000089e+00 1.216999999999999983e-03 2.072000000000000057e-03 -9.999970000000000248e-01 1.033560000000000034e-01 9.946420000000000261e-01 2.187000000000000142e-03 9.946439999999999726e-01 -1.033590000000000064e-01 9.959999999999999236e-04
2.600000000000000000e+01 3.200000000000000000e+01 1.400000000000000000e+01 0.000000000000000000e+00 1.600000000000000089e+00 -1.961000000000000069e-03 -8.203000000000000222e-03 -9.999639999999999640e-01 1.037679999999999991e-01 9.945659999999999501e-01 -8.363000000000000642e-03 9.946000000000000396e-01 -1.037809999999999983e-01 -1.098999999999999934e-03
2.000000000000000000e+00 1.200000000000000000e+01 1.500000000000000000e+01 0.000000000000000000e+00 1.600000000000000089e+00 -7.150000000000000322e-04 1.240999999999999916e-03 -9.999989999999999712e-01 -4.682279999999999776e-01 -8.836070000000000313e-01 -7.619999999999999820e-04 -8.836070000000000313e-01 4.682270000000000043e-01 1.213000000000000102e-03
5.000000000000000000e+00 1.200000000000000000e+01 1.500000000000000000e+01 0.000000000000000000e+00 1.600000000000000089e+00 6.419999999999999925e-04 5.363999999999999845e-03 -9.999850000000000128e-01 -4.686770000000000103e-01 -8.833550000000000013e-01 -5.039000000000000076e-03 -8.833699999999999886e-01 4.686730000000000063e-01 1.946999999999999946e-03
1.100000000000000000e+01 1.200000000000000000e+01 1.500000000000000000e+01 0.000000000000000000e+00 1.600000000000000089e+00 8.909999999999999734e-04 1.845999999999999985e-03 -9.999980000000000535e-01 -4.726079999999999726e-01 -8.812699999999999978e-01 -2.047999999999999907e-03 -8.812720000000000553e-01 4.726090000000000013e-01 8.700000000000000051e-05
1.800000000000000000e+01 1.200000000000000000e+01 1.500000000000000000e+01 0.000000000000000000e+00 1.600000000000000089e+00 1.860000000000000108e-03 3.717999999999999951e-03 -9.999909999999999632e-01 -4.695889999999999787e-01 -8.828749999999999654e-01 -4.157000000000000105e-03 -8.828829999999999734e-01 4.695929999999999827e-01 1.039999999999999936e-04
2.400000000000000000e+01 1.200000000000000000e+01 1.500000000000000000e+01 0.000000000000000000e+00 1.600000000000000089e+00 8.459999999999999638e-04 4.447999999999999697e-03 -9.999900000000000455e-01 -4.695969999999999867e-01 -8.828700000000000436e-01 -4.323999999999999719e-03 -8.828799999999999981e-01 4.695960000000000134e-01 1.342000000000000094e-03
2.700000000000000000e+01 1.200000000000000000e+01 1.500000000000000000e+01 0.000000000000000000e+00 1.600000000000000089e+00 -1.211000000000000054e-03 8.333000000000000129e-03 -9.999649999999999928e-01 -4.654940000000000189e-01 -8.850249999999999506e-01 -6.812000000000000347e-03 -8.850500000000000034e-01 4.654690000000000216e-01 4.950000000000000407e-03
1.800000000000000000e+01 1.160000000000000000e+02 1.600000000000000000e+01 0.000000000000000000e+00 1.600000000000000089e+00 -2.722000000000000027e-03 -1.961000000000000069e-03 9.999940000000000495e-01 8.063470000000000359e-01 5.914329999999999865e-01 3.354999999999999909e-03 -5.914359999999999618e-01 8.063519999999999577e-01 -2.799999999999999958e-05
2.500000000000000000e+01 1.160000000000000000e+02 1.600000000000000000e+01 0.000000000000000000e+00 1.600000000000000089e+00 -2.500000000000000052e-04 1.469999999999999953e-04 1.000000000000000000e+00 7.438900000000000512e-01 6.683019999999999516e-01 8.799999999999999771e-05 -6.683019999999999516e-01 7.438900000000000512e-01 -2.759999999999999867e-04
3.000000000000000000e+01 1.160000000000000000e+02 1.600000000000000000e+01 0.000000000000000000e+00 1.600000000000000089e+00 -3.240999999999999957e-03 1.279999999999999942e-04 9.999949999999999672e-01 7.422199999999999909e-01 6.701519999999999699e-01 2.320000000000000014e-03 -6.701479999999999659e-01 7.422239999999999949e-01 -2.266999999999999918e-03
2.000000000000000000e+00 2.000000000000000000e+00 1.900000000000000000e+01 0.000000000000000000e+00 1.600000000000000089e+00 -3.193999999999999791e-03 3.824000000000000142e-03 -9.999879999999999880e-01 2.159929999999999906e-01 -9.763849999999999474e-01 -4.423999999999999981e-03 -9.763899999999999801e-01 -2.160050000000000026e-01 2.292999999999999899e-03
1.100000000000000000e+01 2.000000000000000000e+00 1.900000000000000000e+01 0.000000000000000000e+00 1.600000000000000089e+00 -8.479000000000000425e-03 4.372000000000000018e-03 -9.999540000000000095e-01 2.186220000000000108e-01 -9.757900000000000462e-01 -6.119999999999999572e-03 -9.757730000000000015e-01 -2.186639999999999973e-01 7.317999999999999852e-03
1.700000000000000000e+01 2.000000000000000000e+00 1.900000000000000000e+01 0.000000000000000000e+00 1.600000000000000089e+00 -1.218299999999999939e-02 1.034400000000000076e-02 -9.998719999999999830e-01 2.356689999999999896e-01 -9.717470000000000274e-01 -1.292500000000000072e-02 -9.717569999999999819e-01 -2.357960000000000056e-01 9.400999999999999635e-03
2.100000000000000000e+01 2.000000000000000000e+00 1.900000000000000000e+01 0.000000000000000000e+00 1.600000000000000089e+00 -5.794999999999999804e-03 2.588999999999999982e-02 -9.996479999999999810e-01 2.404169999999999918e-01 -9.703070000000000306e-01 -2.652399999999999897e-02 -9.706519999999999593e-01 -2.404860000000000053e-01 -6.019999999999999961e-04
6.000000000000000000e+00 4.000000000000000000e+00 2.000000000000000000e+01 0.000000000000000000e+00 1.600000000000000089e+00 1.505999999999999960e-03 -2.812999999999999962e-03 -9.999949999999999672e-01 3.381399999999999961e-01 -9.410899999999999821e-01 3.155999999999999951e-03 -9.410950000000000149e-01 -3.381430000000000269e-01 -4.659999999999999971e-04
4.000000000000000000e+00 1.300000000000000000e+01 2.000000000000000000e+01 0.000000000000000000e+00 1.600000000000000089e+00 -3.099999999999999999e-04 4.524000000000000243e-03 9.999900000000000455e-01 2.596700000000000119e-01 9.656879999999999908e-01 -4.288000000000000145e-03 -9.656970000000000276e-01 2.596660000000000079e-01 -1.474000000000000050e-03
9.000000000000000000e+00 1.300000000000000000e+01 2.000000000000000000e+01 0.000000000000000000e+00 1.600000000000000089e+00 -1.526999999999999929e-03 -1.802999999999999915e-03 9.999970000000000248e-01 2.634690000000000087e-01 9.646649999999999947e-01 2.141999999999999807e-03 -9.646670000000000522e-01 2.634719999999999840e-01 -9.979999999999999722e-04
1.500000000000000000e+01 1.300000000000000000e+01 2.000000000000000000e+01 0.000000000000000000e+00 1.600000000000000089e+00 1.814999999999999990e-03 -1.770000000000000089e-03 9.999970000000000248e-01 2.640839999999999854e-01 9.644989999999999952e-01 1.227000000000000009e-03 -9.644979999999999665e-01 2.640810000000000102e-01 2.217999999999999920e-03
2.100000000000000000e+01 1.300000000000000000e+01 2.000000000000000000e+01 0.000000000000000000e+00 1.600000000000000089e+00 -8.180000000000000422e-04 -3.158999999999999916e-03 9.999949999999999672e-01 2.659210000000000185e-01 9.639889999999999848e-01 3.262000000000000142e-03 -9.639940000000000175e-01 2.659230000000000205e-01 5.099999999999999960e-05
2.600000000000000000e+01 1.300000000000000000e+01 2.000000000000000000e+01 0.000000000000000000e+00 1.600000000000000089e+00 -1.345000000000000058e-03 3.020999999999999814e-03 9.999949999999999672e-01 2.648559999999999803e-01 9.642849999999999477e-01 -2.556999999999999811e-03 -9.642870000000000053e-01 2.648510000000000031e-01 -2.096999999999999906e-03
3.000000000000000000e+00 3.000000000000000000e+00 2.500000000000000000e+01 0.000000000000000000e+00 1.600000000000000089e+00 -5.249999999999999676e-04 -1.513999999999999938e-03 9.999989999999999712e-01 -2.026299999999999976e-02 -9.997939999999999605e-01 -1.523999999999999964e-03 9.997949999999999893e-01 -2.026400000000000076e-02 4.939999999999999730e-04
1.100000000000000000e+01 3.000000000000000000e+00 2.500000000000000000e+01 0.000000000000000000e+00 1.600000000000000089e+00 -2.765999999999999796e-03 -3.817000000000000080e-03 9.999890000000000168e-01 -2.226799999999999960e-02 -9.997449999999999948e-01 -3.877999999999999937e-03 9.997479999999999700e-01 -2.227900000000000019e-02 2.680999999999999790e-03
1.700000000000000000e+01 3.000000000000000000e+00 2.500000000000000000e+01 0.000000000000000000e+00 1.600000000000000089e+00 -2.811000000000000131e-03 3.495999999999999976e-03 9.999900000000000455e-01 -1.741499999999999992e-02 -9.998420000000000085e-01 3.446999999999999977e-03 9.998439999999999550e-01 -1.740500000000000033e-02 2.870999999999999854e-03
2.100000000000000000e+01 3.000000000000000000e+00 2.500000000000000000e+01 0.000000000000000000e+00 1.600000000000000089e+00 2.750999999999999973e-03 8.869000000000000147e-03 9.999569999999999848e-01 -2.018199999999999855e-02 -9.997570000000000068e-01 8.921999999999999376e-03 9.997930000000000428e-01 -2.020500000000000074e-02 -2.572000000000000067e-03
1.000000000000000000e+01 4.600000000000000000e+01 2.700000000000000000e+01 0.000000000000000000e+00 1.600000000000000089e+00 -3.079999999999999839e-03 1.170000000000000033e-03 -9.999949999999999672e-01 6.668530000000000291e-01 7.451879999999999615e-01 -1.182000000000000108e-03 7.451830000000000398e-01 -6.668530000000000291e-01 -3.075000000000000042e-03
2.000000000000000000e+01 4.600000000000000000e+01 2.700000000000000000e+01 0.000000000000000000e+00 1.600000000000000089e+00 1.262000000000000101e-03 6.009999999999999717e-04 -9.999989999999999712e-01 6.718039999999999567e-01 7.407280000000000530e-01 1.293000000000000095e-03 7.407280000000000530e-01 -6.718049999999999855e-01 5.310000000000000050e-04
4.000000000000000000e+00 4.600000000000000000e+01 3.000000000000000000e+01 0.000000000000000000e+00 1.600000000000000089e+00 4.049999999999999781e-04 -8.299999999999999815e-05 -1.000000000000000000e+00 3.140769999999999951e-01 9.493970000000000464e-01 4.800000000000000122e-05 9.493970000000000464e-01 -3.140769999999999951e-01 4.099999999999999912e-04
9.000000000000000000e+00 4.600000000000000000e+01 3.000000000000000000e+01 0.000000000000000000e+00 1.600000000000000089e+00 -3.026000000000000044e-03 -1.150999999999999896e-03 -9.999949999999999672e-01 3.162909999999999888e-01 9.486599999999999477e-01 -2.049000000000000040e-03 9.486580000000000013e-01 -3.162949999999999928e-01 -2.505999999999999981e-03
1.300000000000000000e+01 4.600000000000000000e+01 3.000000000000000000e+01 0.000000000000000000e+00 1.600000000000000089e+00 -2.158999999999999895e-03 3.589999999999999984e-04 -9.999980000000000535e-01 3.160290000000000044e-01 9.487489999999999535e-01 -3.409999999999999945e-04 9.487470000000000070e-01 -3.160290000000000044e-01 -2.161999999999999859e-03
8.000000000000000000e+00 5.800000000000000000e+01 3.100000000000000000e+01 0.000000000000000000e+00 1.600000000000000089e+00 -4.970000000000000459e-04 3.260000000000000094e-04 1.000000000000000000e+00 -7.897509999999999808e-01 -6.134269999999999445e-01 -1.920000000000000049e-04 6.134269999999999445e-01 -7.897509999999999808e-01 5.619999999999999996e-04
1.300000000000000000e+01 5.800000000000000000e+01 3.100000000000000000e+01 0.000000000000000000e+00 1.600000000000000089e+00 1.448999999999999984e-03 1.794999999999999938e-03 9.999970000000000248e-01 -7.897420000000000551e-01 -6.134349999999999525e-01 2.245000000000000034e-03 6.134370000000000100e-01 -7.897429999999999728e-01 5.289999999999999564e-04
1.900000000000000000e+01 5.800000000000000000e+01 3.100000000000000000e+01 0.000000000000000000e+00 1.600000000000000089e+00 1.428000000000000016e-03 4.226999999999999855e-03 9.999900000000000455e-01 -7.872810000000000086e-01 -6.165829999999999922e-01 3.730999999999999941e-03 6.165920000000000289e-01 -7.872789999999999511e-01 2.446999999999999956e-03
2.500000000000000000e+01 5.800000000000000000e+01 3.100000000000000000e+01 0.000000000000000000e+00 1.600000000000000089e+00 2.310000000000000042e-04 -9.049999999999999885e-04 1.000000000000000000e+00 -7.824600000000000444e-01 -6.227009999999999490e-01 -3.820000000000000153e-04 6.227009999999999490e-01 -7.824600000000000444e-01 -8.520000000000000013e-04
3.000000000000000000e+01 2.300000000000000000e+01 3.400000000000000000e+01 0.000000000000000000e+00 1.600000000000000089e+00 -6.340000000000000149e-04 -3.144999999999999792e-03 9.999949999999999672e-01 4.022149999999999892e-01 -9.155410000000000492e-01 -2.624000000000000030e-03 9.155450000000000532e-01 4.022120000000000140e-01 1.845000000000000069e-03
6.000000000000000000e+00 4.600000000000000000e+01 3.500000000000000000e+01 0.000000000000000000e+00 1.600000000000000089e+00 -1.588999999999999918e-03 -3.829999999999999854e-04 -9.999989999999999712e-01 3.902260000000000173e-01 -9.207189999999999541e-01 -2.680000000000000090e-04 -9.207180000000000364e-01 -3.902260000000000173e-01 1.613000000000000067e-03
8.000000000000000000e+00 4.600000000000000000e+01 3.500000000000000000e+01 0.000000000000000000e+00 1.600000000000000089e+00 -1.384000000000000031e-03 2.524999999999999901e-03 -9.999959999999999960e-01 3.899299999999999988e-01 -9.208399999999999919e-01 -2.864999999999999925e-03 -9.208439999999999959e-01 -3.899320000000000008e-01 2.889999999999999774e-04
1.800000000000000000e+01 4.600000000000000000e+01 3.500000000000000000e+01 0.000000000000000000e+00 1.600000000000000089e+00 -3.770000000000000022e-04 2.255000000000000060e-03 -9.999970000000000248e-01 3.907880000000000242e-01 -9.204780000000000184e-01 -2.223000000000000149e-03 -9.204809999999999937e-01 -3.907869999999999955e-01 -5.339999999999999695e-04
2.100000000000000000e+01 4.600000000000000000e+01 3.500000000000000000e+01 0.000000000000000000e+00 1.600000000000000089e+00 -4.459999999999999989e-04 -1.472999999999999917e-03 -9.999989999999999712e-01 3.908300000000000107e-01 -9.204620000000000024e-01 1.182000000000000108e-03 -9.204630000000000312e-01 -3.908289999999999820e-01 9.859999999999998974e-04
2.600000000000000000e+01 4.600000000000000000e+01 3.500000000000000000e+01 0.000000000000000000e+00 1.600000000000000089e+00 6.170000000000000354e-04 1.252999999999999991e-03 -9.999989999999999712e-01 3.908130000000000215e-01 -9.204700000000000104e-01 -9.120000000000000502e-04 -9.204700000000000104e-01 -3.908119999999999927e-01 -1.056999999999999997e-03
2.900000000000000000e+01 4.600000000000000000e+01 3.500000000000000000e+01 0.000000000000000000e+00 1.600000000000000089e+00 -1.530000000000000056e-04 6.426000000000000288e-03 -9.999789999999999512e-01 3.905730000000000035e-01 -9.205529999999999546e-01 -5.976000000000000409e-03 -9.205719999999999459e-01 -3.905660000000000243e-01 -2.369000000000000012e-03
5.000000000000000000e+00 3.000000000000000000e+00 4.300000000000000000e+01 0.000000000000000000e+00 1.600000000000000089e+00 -5.394000000000000357e-03 -7.361999999999999621e-03 -9.999580000000000135e-01 7.375049999999999661e-01 -6.753409999999999691e-01 9.929999999999999591e-04 -6.753200000000000314e-01 -7.374690000000000412e-01 9.072000000000000203e-03
1.900000000000000000e+01 3.000000000000000000e+00 4.300000000000000000e+01 0.000000000000000000e+00 1.600000000000000089e+00 -1.210000000000000002e-04 -9.742000000000000659e-03 -9.999529999999999808e-01 7.408460000000000045e-01 -6.716440000000000188e-01 6.453999999999999668e-03 -6.716750000000000220e-01 -7.408099999999999685e-01 7.297999999999999800e-03
2.500000000000000000e+01 3.000000000000000000e+00 4.300000000000000000e+01 0.000000000000000000e+00 1.600000000000000089e+00 -1.093700000000000054e-02 -2.699000000000000010e-02 -9.995760000000000201e-01 7.363009999999999833e-01 -6.765769999999999840e-01 1.021200000000000059e-02 -6.765660000000000007e-01 -7.358770000000000033e-01 2.727299999999999863e-02
2.900000000000000000e+01 3.000000000000000000e+00 4.300000000000000000e+01 0.000000000000000000e+00 1.600000000000000089e+00 -1.579999999999999916e-04 -3.256599999999999773e-02 -9.994699999999999696e-01 7.326989999999999892e-01 -6.801949999999999941e-01 2.204800000000000162e-02 -6.805520000000000458e-01 -7.323070000000000412e-01 2.396799999999999972e-02
6.000000000000000000e+00 8.000000000000000000e+00 4.400000000000000000e+01 0.000000000000000000e+00 1.600000000000000089e+00 5.969999999999999829e-04 -4.007000000000000145e-03 9.999919999999999920e-01 -7.840939999999999577e-01 -6.206380000000000230e-01 -2.018999999999999961e-03 6.206409999999999982e-01 -7.840869999999999784e-01 -3.511999999999999931e-03
2.000000000000000000e+00 2.900000000000000000e+01 4.400000000000000000e+01 0.000000000000000000e+00 1.600000000000000089e+00 6.120000000000000223e-04 8.059999999999999673e-04 -1.000000000000000000e+00 6.567169999999999952e-01 7.541360000000000285e-01 1.010000000000000047e-03 7.541369999999999463e-01 -6.567169999999999952e-01 -6.799999999999999946e-05
7.000000000000000000e+00 2.900000000000000000e+01 4.400000000000000000e+01 0.000000000000000000e+00 1.600000000000000089e+00 1.210000000000000002e-04 7.990000000000000140e-04 -1.000000000000000000e+00 6.632940000000000502e-01 7.483589999999999964e-01 6.780000000000000002e-04 7.483589999999999964e-01 -6.632940000000000502e-01 -4.389999999999999914e-04
1.200000000000000000e+01 2.900000000000000000e+01 4.400000000000000000e+01 0.000000000000000000e+00 1.600000000000000089e+00 1.010000000000000047e-03 -3.809999999999999910e-04 -9.999989999999999712e-01 6.581839999999999913e-01 7.528569999999999984e-01 3.780000000000000265e-04 7.528559999999999697e-01 -6.581839999999999913e-01 1.012000000000000096e-03
1.700000000000000000e+01 2.900000000000000000e+01 4.400000000000000000e+01 0.000000000000000000e+00 1.600000000000000089e+00 6.880000000000000265e-04 -1.562999999999999936e-03 -9.999989999999999712e-01 6.513139999999999485e-01 7.588080000000000380e-01 -7.380000000000000492e-04 7.588080000000000380e-01 -6.513130000000000308e-01 1.539999999999999919e-03
2.400000000000000000e+01 2.900000000000000000e+01 4.400000000000000000e+01 0.000000000000000000e+00 1.600000000000000089e+00 -2.139999999999999975e-04 1.783000000000000080e-03 -9.999980000000000535e-01 6.478990000000000027e-01 7.617249999999999854e-01 1.219000000000000031e-03 7.617260000000000142e-01 -6.478969999999999452e-01 -1.317999999999999944e-03
1.200000000000000000e+01 6.500000000000000000e+01 4.600000000000000000e+01 0.000000000000000000e+00 1.600000000000000089e+00 -5.950000000000000427e-04 -2.150000000000000001e-03 9.999970000000000248e-01 6.807229999999999670e-01 -7.325399999999999689e-01 -1.168999999999999900e-03 7.325409999999999977e-01 6.807199999999999918e-01 1.899000000000000080e-03
2.200000000000000000e+01 6.500000000000000000e+01 4.600000000000000000e+01 0.000000000000000000e+00 1.600000000000000089e+00 8.670000000000000406e-04 -4.212999999999999731e-03 9.999909999999999632e-01 6.820349999999999469e-01 -7.313100000000000156e-01 -3.671999999999999917e-03 7.313190000000000524e-01 6.820319999999999716e-01 2.239999999999999804e-03
2.000000000000000000e+01 7.000000000000000000e+01 4.700000000000000000e+01 0.000000000000000000e+00 1.600000000000000089e+00 -5.320000000000000293e-04 5.339999999999999695e-04 -1.000000000000000000e+00 -8.428330000000000544e-01 -5.381749999999999590e-01 1.610000000000000103e-04 -5.381749999999999590e-01 8.428330000000000544e-01 7.360000000000000006e-04
1.000000000000000000e+00 5.000000000000000000e+00 5.100000000000000000e+01 0.000000000000000000e+00 1.600000000000000089e+00 -2.690999999999999816e-03 -2.945999999999999834e-03 -9.999919999999999920e-01 4.827230000000000132e-01 -8.757719999999999949e-01 1.281000000000000021e-03 -8.757690000000000197e-01 -4.827159999999999784e-01 3.778999999999999807e-03
1.000000000000000000e+01 5.000000000000000000e+00 5.100000000000000000e+01 0.000000000000000000e+00 1.600000000000000089e+00 2.820000000000000241e-04 -2.090999999999999977e-03 -9.999980000000000535e-01 4.787449999999999761e-01 -8.779519999999999547e-01 1.971000000000000096e-03 -8.779540000000000122e-01 -4.787449999999999761e-01 7.529999999999999801e-04
1.300000000000000000e+01 5.000000000000000000e+00 5.100000000000000000e+01 0.000000000000000000e+00 1.600000000000000089e+00 7.389999999999999651e-04 6.068999999999999742e-03 -9.999810000000000088e-01 4.794269999999999921e-01 -8.775680000000000147e-01 -4.971999999999999857e-03 -8.775810000000000555e-01 -4.794149999999999801e-01 -3.557999999999999965e-03
2.100000000000000000e+01 5.000000000000000000e+00 5.100000000000000000e+01 0.000000000000000000e+00 1.600000000000000089e+00 7.010000000000000172e-04 -3.181999999999999933e-03 -9.999949999999999672e-01 4.724249999999999838e-01 -8.813649999999999540e-01 3.135999999999999899e-03 -8.813710000000000155e-01 -4.724249999999999838e-01 8.850000000000000444e-04
2.700000000000000000e+01 5.000000000000000000e+00 5.100000000000000000e+01 0.000000000000000000e+00 1.600000000000000089e+00 -4.717999999999999972e-03 -1.231699999999999982e-02 -9.999130000000000518e-01 4.826079999999999814e-01 -8.757949999999999902e-01 8.510999999999999469e-03 -8.758240000000000469e-01 -4.825249999999999817e-01 1.007599999999999989e-02
5.000000000000000000e+00 1.150000000000000000e+02 5.100000000000000000e+01 0.000000000000000000e+00 1.600000000000000089e+00 1.593000000000000015e-03 6.059999999999999849e-04 9.999989999999999712e-01 8.448250000000000481e-01 -5.350420000000000176e-01 -1.021999999999999905e-03 5.350399999999999601e-01 8.448250000000000481e-01 -1.363999999999999978e-03
1.300000000000000000e+01 7.000000000000000000e+00 5.200000000000000000e+01 0.000000000000000000e+00 1.600000000000000089e+00 1.018000000000000025e-03 1.941000000000000017e-03 -9.999980000000000535e-01 1.179499999999999993e-01 -9.930179999999999563e-01 -1.807000000000000012e-03 -9.930189999999999850e-01 -1.179479999999999973e-01 -1.240000000000000000e-03
1.800000000000000000e+01 7.000000000000000000e+00 5.200000000000000000e+01 0.000000000000000000e+00 1.600000000000000089e+00 -6.080000000000000335e-04 3.000000000000000076e-05 -1.000000000000000000e+00 9.956199999999999772e-02 -9.950309999999999988e-01 -9.000000000000000567e-05 -9.950309999999999988e-01 -9.956199999999999772e-02 6.019999999999999961e-04
5.000000000000000000e+00 6.300000000000000000e+01 5.400000000000000000e+01 0.000000000000000000e+00 1.600000000000000089e+00 1.164000000000000104e-03 -7.230000000000000098e-04 9.999989999999999712e-01 -3.520730000000000248e-01 9.359720000000000262e-01 1.085999999999999943e-03 -9.359720000000000262e-01 -3.520739999999999981e-01 8.350000000000000217e-04
1.000000000000000000e+01 6.300000000000000000e+01 5.400000000000000000e+01 0.000000000000000000e+00 1.600000000000000089e+00 -8.790000000000000070e-04 -5.969999999999999829e-04 9.999989999999999712e-01 -3.450940000000000119e-01 9.385679999999999579e-01 2.570000000000000127e-04 -9.385679999999999579e-01 -3.450940000000000119e-01 -1.031999999999999931e-03
1.400000000000000000e+01 6.300000000000000000e+01 5.400000000000000000e+01 0.000000000000000000e+00 1.600000000000000089e+00 -1.103999999999999947e-03 2.900000000000000017e-04 9.999989999999999712e-01 -3.418829999999999925e-01 9.397419999999999662e-01 -6.499999999999999702e-04 -9.397419999999999662e-01 -3.418840000000000212e-01 -9.389999999999999476e-04
2.400000000000000000e+01 6.300000000000000000e+01 5.400000000000000000e+01 0.000000000000000000e+00 1.600000000000000089e+00 1.487000000000000040e-03 2.605999999999999810e-03 9.999949999999999672e-01 -3.313650000000000206e-01 9.435010000000000341e-01 -1.965999999999999866e-03 -9.435010000000000341e-01 -3.313610000000000166e-01 2.266999999999999918e-03
9.000000000000000000e+00 2.500000000000000000e+01 5.500000000000000000e+01 0.000000000000000000e+00 1.600000000000000089e+00 -9.870000000000000301e-04 -2.882000000000000013e-03 -9.999949999999999672e-01 -1.151399999999999993e-02 -9.999299999999999855e-01 2.893000000000000172e-03 -9.999329999999999607e-01 1.151699999999999946e-02 9.539999999999999869e-04
1.700000000000000000e+01 2.500000000000000000e+01 5.500000000000000000e+01 0.000000000000000000e+00 1.600000000000000089e+00 1.814999999999999990e-03 8.614000000000000129e-03 -9.999609999999999888e-01 -1.111799999999999941e-02 -9.999010000000000398e-01 -8.633000000000000049e-03 -9.999369999999999647e-01 1.113300000000000053e-02 -1.719999999999999958e-03
2.700000000000000000e+01 2.500000000000000000e+01 5.500000000000000000e+01 0.000000000000000000e+00 1.600000000000000089e+00 -1.667000000000000079e-03 -4.530000000000000172e-03 -9.999879999999999880e-01 -9.681999999999999634e-03 -9.999430000000000263e-01 4.545999999999999694e-03 -9.999519999999999520e-01 9.688999999999999696e-03 1.623000000000000094e-03
1.000000000000000000e+00 2.100000000000000000e+01 6.000000000000000000e+01 0.000000000000000000e+00 1.600000000000000089e+00 5.640000000000000482e-04 -1.245100000000000026e-02 9.999219999999999775e-01 -9.410999999999999921e-02 9.954840000000000355e-01 1.244800000000000073e-02 -9.955619999999999470e-01 -9.410899999999999821e-02 -6.109999999999999980e-04
1.500000000000000000e+01 2.100000000000000000e+01 6.000000000000000000e+01 0.000000000000000000e+00 1.600000000000000089e+00 2.232000000000000043e-03 -1.621799999999999978e-02 9.998660000000000325e-01 -9.389400000000000523e-02 9.954479999999999995e-01 1.635599999999999901e-02 -9.955800000000000205e-01 -9.391800000000000148e-02 6.999999999999999929e-04
1.900000000000000000e+01 2.100000000000000000e+01 6.000000000000000000e+01 0.000000000000000000e+00 1.600000000000000089e+00 -2.530000000000000239e-04 -9.039999999999999425e-03 9.999590000000000423e-01 -9.060899999999999510e-02 9.958460000000000090e-01 8.980000000000000135e-03 -9.958869999999999667e-01 -9.060300000000000298e-02 -1.072000000000000036e-03
2.300000000000000000e+01 2.100000000000000000e+01 6.000000000000000000e+01 0.000000000000000000e+00 1.600000000000000089e+00 -1.724000000000000055e-03 -3.600000000000000227e-04 9.999980000000000535e-01 -8.935800000000000687e-02 9.959999999999999964e-01 2.049999999999999956e-04 -9.959980000000000500e-01 -8.935800000000000687e-02 -1.750000000000000036e-03
2.900000000000000000e+01 2.100000000000000000e+01 6.000000000000000000e+01 0.000000000000000000e+00 1.600000000000000089e+00 -3.572999999999999787e-03 1.203399999999999956e-02 9.999209999999999487e-01 -8.924200000000000188e-02 9.959339999999999860e-01 -1.230499999999999997e-02 -9.960040000000000004e-01 -8.927899999999999725e-02 -2.484999999999999796e-03
7.000000000000000000e+00 6.700000000000000000e+01 6.000000000000000000e+01 0.000000000000000000e+00 1.600000000000000089e+00 1.655999999999999920e-03 2.318999999999999881e-03 9.999959999999999960e-01 1.744870000000000032e-01 -9.846580000000000332e-01 1.994000000000000113e-03 9.846580000000000332e-01 1.744829999999999992e-01 -2.034999999999999917e-03
1.000000000000000000e+01 1.200000000000000000e+01 6.300000000000000000e+01 0.000000000000000000e+00 1.600000000000000089e+00 7.945999999999999938e-03 3.339999999999999870e-04 -9.999679999999999680e-01 -1.545980000000000132e-01 -9.879759999999999653e-01 -1.557999999999999923e-03 -9.879459999999999908e-01 1.546049999999999924e-01 -7.798000000000000244e-03
2.000000000000000000e+00 2.700000000000000000e+01 6.300000000000000000e+01 0.000000000000000000e+00 1.600000000000000089e+00 -4.699999999999999859e-04 -4.840999999999999817e-03 9.999879999999999880e-01 -2.731660000000000199e-01 9.619560000000000333e-01 4.527999999999999907e-03 -9.619670000000000165e-01 -2.731609999999999872e-01 -1.775000000000000102e-03
6.000000000000000000e+00 2.700000000000000000e+01 6.300000000000000000e+01 0.000000000000000000e+00 1.600000000000000089e+00 -5.389999999999999826e-04 -2.329999999999999986e-04 1.000000000000000000e+00 -2.743280000000000163e-01 9.616360000000000463e-01 7.600000000000000418e-05 -9.616360000000000463e-01 -2.743280000000000163e-01 -5.820000000000000520e-04
1.000000000000000000e+01 2.700000000000000000e+01 6.300000000000000000e+01 0.000000000000000000e+00 1.600000000000000089e+00 1.949999999999999965e-04 7.550000000000000287e-04 1.000000000000000000e+00 -2.729400000000000159e-01 9.620309999999999695e-01 -6.729999999999999871e-04 -9.620309999999999695e-01 -2.729400000000000159e-01 3.939999999999999817e-04
1.300000000000000000e+01 2.700000000000000000e+01 6.300000000000000000e+01 0.000000000000000000e+00 1.600000000000000089e+00 1.407000000000000048e-03 -8.599999999999999789e-04 9.999989999999999712e-01 -2.716759999999999731e-01 9.623880000000000212e-01 1.209999999999999921e-03 -9.623880000000000212e-01 -2.716770000000000018e-01 1.119999999999999902e-03
1.900000000000000000e+01 2.700000000000000000e+01 6.300000000000000000e+01 0.000000000000000000e+00 1.600000000000000089e+00 3.105999999999999820e-03 8.963000000000000481e-03 9.999550000000000383e-01 -2.679699999999999860e-01 9.633960000000000301e-01 -7.803000000000000040e-03 -9.634220000000000006e-01 -2.679340000000000055e-01 5.394000000000000357e-03
2.300000000000000000e+01 2.700000000000000000e+01 6.300000000000000000e+01 0.000000000000000000e+00 1.600000000000000089e+00 -2.322999999999999978e-03 -6.152999999999999615e-03 9.999780000000000335e-01 -2.658499999999999752e-01 9.639999999999999680e-01 5.314000000000000147e-03 -9.640119999999999800e-01 -2.658320000000000127e-01 -3.874999999999999972e-03
1.000000000000000000e+00 2.600000000000000000e+01 6.400000000000000000e+01 0.000000000000000000e+00 1.600000000000000089e+00 8.369999999999999619e-04 -3.853000000000000088e-03 9.999919999999999920e-01 -3.531039999999999734e-01 9.355759999999999632e-01 3.900999999999999954e-03 -9.355839999999999712e-01 -3.531050000000000022e-01 -5.770000000000000389e-04
6.000000000000000000e+00 2.600000000000000000e+01 6.400000000000000000e+01 0.000000000000000000e+00 1.600000000000000089e+00 -4.159999999999999744e-04 -5.720000000000000258e-04 1.000000000000000000e+00 -3.537339999999999929e-01 9.353460000000000107e-01 3.879999999999999985e-04 -9.353460000000000107e-01 -3.537339999999999929e-01 -5.910000000000000539e-04
1.000000000000000000e+01 2.600000000000000000e+01 6.400000000000000000e+01 0.000000000000000000e+00 1.600000000000000089e+00 9.899999999999999404e-05 3.390000000000000001e-04 1.000000000000000000e+00 -3.530369999999999897e-01 9.356090000000000240e-01 -2.820000000000000241e-04 -9.356090000000000240e-01 -3.530369999999999897e-01 2.120000000000000031e-04
1.400000000000000000e+01 2.600000000000000000e+01 6.400000000000000000e+01 0.000000000000000000e+00 1.600000000000000089e+00 1.843999999999999936e-03 4.200000000000000174e-04 9.999980000000000535e-01 -3.514459999999999806e-01 9.362080000000000402e-01 2.550000000000000183e-04 -9.362059999999999826e-01 -3.514459999999999806e-01 1.874000000000000015e-03
1.800000000000000000e+01 2.600000000000000000e+01 6.400000000000000000e+01 0.000000000000000000e+00 1.600000000000000089e+00 1.451000000000000033e-03 6.433000000000000350e-03 9.999780000000000335e-01 -3.490570000000000062e-01 9.370849999999999458e-01 -5.520999999999999866e-03 -9.371000000000000441e-01 -3.490420000000000189e-01 3.605000000000000131e-03
2.200000000000000000e+01 2.600000000000000000e+01 6.400000000000000000e+01 0.000000000000000000e+00 1.600000000000000089e+00 -3.490000000000000263e-04 -4.712000000000000043e-03 9.999890000000000168e-01 -3.468860000000000277e-01 9.378980000000000095e-01 4.297999999999999737e-03 -9.379070000000000462e-01 -3.468800000000000217e-01 -1.962000000000000202e-03
2.700000000000000000e+01 2.600000000000000000e+01 6.400000000000000000e+01 0.000000000000000000e+00 1.600000000000000089e+00 2.079999999999999872e-04 -1.450000000000000074e-02 9.998949999999999783e-01 -3.535349999999999882e-01 9.353219999999999867e-01 1.363699999999999982e-02 -9.354209999999999470e-01 -3.535010000000000097e-01 -4.930999999999999620e-03
1.000000000000000000e+00 6.900000000000000000e+01 6.600000000000000000e+01 0.000000000000000000e+00 1.600000000000000089e+00 6.133000000000000430e-03 -4.776999999999999996e-03 9.999700000000000255e-01 -9.503439999999999666e-01 3.111140000000000017e-01 7.315000000000000321e-03 -3.111400000000000277e-01 -9.503599999999999826e-01 -2.631999999999999791e-03
1.200000000000000000e+01 6.900000000000000000e+01 6.600000000000000000e+01 0.000000000000000000e+00 1.600000000000000089e+00 2.765999999999999796e-03 -4.001000000000000216e-03 9.999879999999999880e-01 -9.497409999999999464e-01 3.130140000000000144e-01 3.879000000000000069e-03 -3.130249999999999977e-01 -9.497400000000000286e-01 -2.933999999999999976e-03
1.000000000000000000e+00 2.500000000000000000e+01 7.300000000000000000e+01 0.000000000000000000e+00 1.600000000000000089e+00 3.069999999999999812e-04 -2.030000000000000012e-04 1.000000000000000000e+00 7.476599999999999913e-01 -6.640819999999999501e-01 -3.640000000000000115e-04 6.640819999999999501e-01 7.476599999999999913e-01 -5.199999999999999680e-05
1.200000000000000000e+01 2.500000000000000000e+01 7.300000000000000000e+01 0.000000000000000000e+00 1.600000000000000089e+00 -2.011999999999999900e-03 -3.082999999999999803e-03 9.999930000000000208e-01 7.452379999999999560e-01 -6.667990000000000306e-01 -5.569999999999999864e-04 6.667960000000000553e-01 7.452309999999999768e-01 3.638999999999999874e-03
1.800000000000000000e+01 2.500000000000000000e+01 7.300000000000000000e+01 0.000000000000000000e+00 1.600000000000000089e+00 3.951999999999999784e-03 1.508000000000000009e-03 9.999909999999999632e-01 7.503140000000000365e-01 -6.610789999999999722e-01 -1.968000000000000131e-03 6.610700000000000465e-01 7.503149999999999542e-01 -3.745000000000000065e-03
