2.000000000000000000e+00 2.500000000000000000e+01 1.000000000000000000e+00 0.000000000000000000e+00 1.600000000000000089e+00 1.802999999999999915e-03 -5.130000000000000011e-03 -9.999850000000000128e-01 -5.249059999999999837e-01 -8.511530000000000484e-01 3.419999999999999863e-03 -8.511579999999999702e-01 5.248920000000000252e-01 -4.227999999999999987e-03
3.000000000000000000e+00 1.500000000000000000e+01 4.000000000000000000e+00 0.000000000000000000e+00 1.600000000000000089e+00 -7.029999999999999574e-04 -4.028999999999999596e-03 9.999919999999999920e-01 2.825610000000000066e-01 -9.592420000000000391e-01 -3.665999999999999988e-03 9.592490000000000183e-01 2.825559999999999738e-01 1.812999999999999941e-03
1.200000000000000000e+01 1.500000000000000000e+01 4.000000000000000000e+00 0.000000000000000000e+00 1.600000000000000089e+00 -1.879999999999999944e-03 1.010800000000000066e-02 9.999470000000000303e-01 2.924729999999999830e-01 -9.562190000000000412e-01 1.021599999999999939e-02 9.562720000000000109e-01 2.924769999999999870e-01 -1.159000000000000091e-03
1.800000000000000000e+01 1.500000000000000000e+01 4.000000000000000000e+00 0.000000000000000000e+00 1.600000000000000089e+00 2.461000000000000080e-03 2.421999999999999847e-02 9.997040000000000370e-01 2.904820000000000180e-01 -9.566170000000000506e-01 2.246099999999999833e-02 9.568769999999999776e-01 2.903399999999999870e-01 -9.390000000000000777e-03
2.300000000000000000e+01 1.500000000000000000e+01 4.000000000000000000e+00 0.000000000000000000e+00 1.600000000000000089e+00 4.577999999999999604e-03 3.165099999999999858e-02 9.994889999999999608e-01 2.948600000000000110e-01 -9.551039999999999530e-01 2.889500000000000055e-02 9.555299999999999905e-01 2.945769999999999778e-01 -1.370500000000000017e-02
2.900000000000000000e+01 1.500000000000000000e+01 4.000000000000000000e+00 0.000000000000000000e+00 1.600000000000000089e+00 -4.740000000000000289e-03 1.272700000000000047e-02 9.999080000000000190e-01 2.977580000000000227e-01 -9.545449999999999768e-01 1.356100000000000014e-02 9.546299999999999786e-01 2.977949999999999764e-01 7.349999999999999763e-04
5.000000000000000000e+00 1.010000000000000000e+02 7.000000000000000000e+00 0.000000000000000000e+00 1.600000000000000089e+00 -1.962000000000000202e-03 -3.491999999999999878e-03 9.999919999999999920e-01 8.838409999999999878e-01 4.677749999999999964e-01 3.367000000000000201e-03 -4.677830000000000044e-01 8.838409999999999878e-01 2.167999999999999788e-03
5.000000000000000000e+00 1.500000000000000000e+01 8.000000000000000000e+00 0.000000000000000000e+00 1.600000000000000089e+00 -3.824999999999999841e-03 -1.904000000000000093e-03 -9.999909999999999632e-01 -5.942039999999999544e-01 -8.043050000000000477e-01 3.804000000000000090e-03 -8.043050000000000477e-01 5.942129999999999912e-01 1.944999999999999897e-03
1.400000000000000000e+01 1.500000000000000000e+01 8.000000000000000000e+00 0.000000000000000000e+00 1.600000000000000089e+00 5.276000000000000308e-03 1.210800000000000071e-02 -9.999130000000000518e-01 -5.937200000000000255e-01 -8.045689999999999786e-01 -1.287600000000000029e-02 -8.046539999999999804e-01 5.937360000000000415e-01 2.944000000000000002e-03
1.800000000000000000e+01 1.500000000000000000e+01 8.000000000000000000e+00 0.000000000000000000e+00 1.600000000000000089e+00 4.022999999999999667e-03 2.272899999999999920e-02 -9.997340000000000115e-01 -5.910800000000000498e-01 -8.063470000000000359e-01 -2.071100000000000024e-02 -8.066029999999999589e-01 5.910060000000000313e-01 1.019100000000000041e-02
2.200000000000000000e+01 1.500000000000000000e+01 8.000000000000000000e+00 0.000000000000000000e+00 1.600000000000000089e+00 3.972999999999999969e-03 3.025600000000000164e-02 -9.995340000000000336e-01 -5.887499999999999956e-01 -8.078710000000000058e-01 -2.679399999999999837e-02 -8.083050000000000512e-01 5.885820000000000496e-01 1.460299999999999966e-02
2.600000000000000000e+01 1.500000000000000000e+01 8.000000000000000000e+00 0.000000000000000000e+00 1.600000000000000089e+00 7.108999999999999868e-03 1.888199999999999948e-02 -9.997960000000000180e-01 -5.862300000000000288e-01 -8.099110000000000475e-01 -1.946399999999999866e-02 -8.101140000000000008e-01 5.862490000000000201e-01 5.311999999999999882e-03
3.000000000000000000e+01 1.500000000000000000e+01 8.000000000000000000e+00 0.000000000000000000e+00 1.600000000000000089e+00 7.872999999999999790e-03 9.580999999999999239e-03 -9.999230000000000063e-01 -5.840480000000000116e-01 -8.116250000000000409e-01 -1.237599999999999985e-02 -8.116809999999999858e-01 5.840999999999999526e-01 -7.940000000000000009e-04
4.000000000000000000e+00 2.400000000000000000e+01 9.000000000000000000e+00 0.000000000000000000e+00 1.600000000000000089e+00 -3.040000000000000167e-04 -1.526000000000000013e-03 -9.999989999999999712e-01 4.538300000000000112e-01 8.910869999999999624e-01 -1.497999999999999983e-03 8.910879999999999912e-01 -4.538300000000000112e-01 4.220000000000000118e-04
1.800000000000000000e+01 2.400000000000000000e+01 9.000000000000000000e+00 0.000000000000000000e+00 1.600000000000000089e+00 -4.937000000000000416e-03 -8.035000000000000475e-03 -9.999559999999999560e-01 4.536850000000000049e-01 8.911130000000000440e-01 -9.400000000000000369e-03 8.911480000000000512e-01 -4.537109999999999754e-01 -7.540000000000000044e-04
2.600000000000000000e+01 2.400000000000000000e+01 9.000000000000000000e+00 0.000000000000000000e+00 1.600000000000000089e+00 -5.082999999999999845e-03 -1.425099999999999978e-02 -9.998860000000000525e-01 4.571009999999999796e-01 8.892879999999999674e-01 -1.499799999999999918e-02 8.893999999999999684e-01 -4.571250000000000036e-01 1.994000000000000113e-03
1.300000000000000000e+01 4.000000000000000000e+00 1.100000000000000000e+01 0.000000000000000000e+00 1.600000000000000089e+00 3.959999999999999762e-04 -9.294000000000000178e-03 -9.999569999999999848e-01 1.765599999999999947e-01 9.842480000000000118e-01 -9.077999999999999264e-03 9.842899999999999983e-01 -1.765490000000000115e-01 2.030999999999999819e-03
1.900000000000000000e+01 4.000000000000000000e+00 1.100000000000000000e+01 0.000000000000000000e+00 1.600000000000000089e+00 -1.402000000000000034e-03 -2.108900000000000011e-02 -9.997770000000000268e-01 1.821450000000000014e-01 9.830480000000000329e-01 -2.099099999999999924e-02 9.832710000000000061e-01 -1.821339999999999903e-01 2.462999999999999912e-03
2.900000000000000000e+01 4.000000000000000000e+00 1.100000000000000000e+01 0.000000000000000000e+00 1.600000000000000089e+00 -4.899999999999999842e-04 -2.275999999999999811e-03 -9.999970000000000248e-01 1.950870000000000104e-01 9.807829999999999604e-01 -2.328000000000000208e-03 9.807860000000000467e-01 -1.950870000000000104e-01 -3.699999999999999811e-05
1.800000000000000000e+01 3.100000000000000000e+01 1.200000000000000000e+01 0.000000000000000000e+00 1.600000000000000089e+00 1.859999999999999945e-04 -1.683999999999999950e-03 9.999989999999999712e-01 -2.021200000000000080e-02 9.997939999999999605e-01 1.686999999999999915e-03 -9.997960000000000180e-01 -2.021200000000000080e-02 1.520000000000000084e-04
2.800000000000000000e+01 3.100000000000000000e+01 1.200000000000000000e+01 0.000000000000000000e+00 1.600000000000000089e+00 -1.534999999999999906e-03 2.379000000000000038e-03 9.999959999999999960e-01 -2.008599999999999969e-02 9.997949999999999893e-01 -2.409999999999999816e-03 -9.997970000000000468e-01 -2.009000000000000022e-02 -1.487000000000000040e-03
3.000000000000000000e+00 3.000000000000000000e+00 1.300000000000000000e+01 0.000000000000000000e+00 1.600000000000000089e+00 -5.869999999999999567e-04 3.425999999999999792e-03 9.999940000000000495e-01 -2.199000000000000000e-03 9.999919999999999920e-01 -3.428000000000000057e-03 -9.999970000000000248e-01 -2.200999999999999832e-03 -5.800000000000000034e-04
1.200000000000000000e+01 3.000000000000000000e+00 1.300000000000000000e+01 0.000000000000000000e+00 1.600000000000000089e+00 -6.250000000000000130e-04 -6.209000000000000109e-03 9.999810000000000088e-01 -1.055500000000000015e-02 9.999249999999999527e-01 6.202000000000000048e-03 -9.999440000000000550e-01 -1.055099999999999962e-02 -6.899999999999999667e-04
1.900000000000000000e+01 3.000000000000000000e+00 1.300000000000000000e+01 0.000000000000000000e+00 1.600000000000000089e+00 -1.902999999999999961e-03 -2.257699999999999985e-02 9.997430000000000483e-01 -1.444999999999999930e-02 9.996410000000000018e-01 2.254700000000000107e-02 -9.998939999999999495e-01 -1.440299999999999914e-02 -2.229000000000000078e-03
2.100000000000000000e+01 3.200000000000000000e+01 1.400000000000000000e+01 0.000000000000000000e+00 1.600000000000000089e+00 -1.183999999999999940e-03 -2.824999999999999820e-03 -9.999949999999999672e-01 1.204250000000000043e-01 9.927179999999999893e-01 -2.946999999999999967e-03 9.927219999999999933e-01 -1.204279999999999934e-01 -8.350000000000000217e-04
2.300000000000000000e+01 3.200000000000000000e+01 1.400000000000000000e+01 0.000000000000000000e+00 1.600000000000000089e+00 -8.270000000000000441e-04 -3.210000000000000180e-03 -9.999949999999999672e-01 1.176999999999999991e-01 9.930440000000000378e-01 -3.285000000000000159e-03 9.930489999999999595e-01 -1.177020000000000011e-01 -4.429999999999999802e-04
4.000000000000000000e+00 1.200000000000000000e+01 1.500000000000000000e+01 0.000000000000000000e+00 1.600000000000000089e+00 -3.807000000000000054e-03 -2.491000000000000159e-03 -9.999900000000000455e-01 -4.678470000000000129e-01 -8.838009999999999478e-01 3.983000000000000429e-03 -8.838009999999999478e-01 4.678570000000000229e-01 2.199000000000000000e-03
1.200000000000000000e+01 1.200000000000000000e+01 1.500000000000000000e+01 0.000000000000000000e+00 1.600000000000000089e+00 8.310000000000000329e-04 3.739999999999999835e-03 -9.999930000000000208e-01 -4.701609999999999956e-01 -8.825730000000000519e-01 -3.690999999999999837e-03 -8.825800000000000312e-01 4.701609999999999956e-01 1.023999999999999954e-03
1.800000000000000000e+01 1.200000000000000000e+01 1.500000000000000000e+01 0.000000000000000000e+00 1.600000000000000089e+00 2.841000000000000209e-03 8.440000000000000236e-04 -9.999959999999999960e-01 -4.690059999999999785e-01 -8.831930000000000058e-01 -2.076999999999999853e-03 -8.831909999999999483e-01 4.690090000000000092e-01 -2.112999999999999861e-03
2.700000000000000000e+01 1.200000000000000000e+01 1.500000000000000000e+01 0.000000000000000000e+00 1.600000000000000089e+00 2.742000000000000080e-03 2.148999999999999869e-03 -9.999940000000000495e-01 -4.695679999999999854e-01 -8.828909999999999814e-01 -3.184000000000000198e-03 -8.828920000000000101e-01 4.695739999999999914e-01 -1.412000000000000061e-03
2.100000000000000000e+01 1.100000000000000000e+01 1.600000000000000000e+01 0.000000000000000000e+00 1.600000000000000089e+00 1.239000000000000084e-03 1.216000000000000067e-03 -9.999989999999999712e-01 -4.152930000000000232e-01 -9.096859999999999946e-01 -1.619999999999999912e-03 -9.096870000000000234e-01 4.152950000000000252e-01 -6.220000000000000485e-04
2.700000000000000000e+01 1.100000000000000000e+01 1.600000000000000000e+01 0.000000000000000000e+00 1.600000000000000089e+00 1.948999999999999995e-03 2.566000000000000138e-03 -9.999949999999999672e-01 -4.185090000000000199e-01 -9.082069999999999865e-01 -3.145999999999999925e-03 -9.082109999999999905e-01 4.185130000000000239e-01 -6.970000000000000284e-04
1.500000000000000000e+01 1.160000000000000000e+02 1.600000000000000000e+01 0.000000000000000000e+00 1.600000000000000089e+00 -6.381000000000000387e-03 -6.568000000000000053e-03 9.999580000000000135e-01 7.001089999999999813e-01 7.139769999999999728e-01 9.157000000000000209e-03 -7.140069999999999473e-01 7.001389999999999558e-01 4.199999999999999768e-05
2.000000000000000000e+00 2.000000000000000000e+00 1.900000000000000000e+01 0.000000000000000000e+00 1.600000000000000089e+00 8.800000000000000313e-04 -1.064299999999999968e-02 -9.999430000000000263e-01 2.134500000000000008e-01 -9.768970000000000153e-01 1.058599999999999992e-02 -9.769539999999999891e-01 -2.134469999999999978e-01 1.412000000000000061e-03
6.000000000000000000e+00 2.000000000000000000e+00 1.900000000000000000e+01 0.000000000000000000e+00 1.600000000000000089e+00 -1.789999999999999870e-04 -3.379000000000000059e-03 -9.999940000000000495e-01 2.109920000000000129e-01 -9.774819999999999620e-01 3.265000000000000107e-03 -9.774880000000000235e-01 -2.109910000000000119e-01 8.880000000000000089e-04
1.300000000000000000e+01 2.000000000000000000e+00 1.900000000000000000e+01 0.000000000000000000e+00 1.600000000000000089e+00 -1.154000000000000078e-03 -5.204000000000000292e-03 -9.999860000000000415e-01 2.059269999999999989e-01 -9.785549999999999526e-01 4.854999999999999941e-03 -9.785669999999999646e-01 -2.059179999999999899e-01 2.200999999999999832e-03
1.700000000000000000e+01 2.000000000000000000e+00 1.900000000000000000e+01 0.000000000000000000e+00 1.600000000000000089e+00 -1.806000000000000097e-03 7.460000000000000268e-04 -9.999980000000000535e-01 2.074749999999999928e-01 -9.782399999999999984e-01 -1.103999999999999947e-03 -9.782389999999999697e-01 -2.074769999999999948e-01 1.611999999999999935e-03
2.200000000000000000e+01 2.000000000000000000e+00 1.900000000000000000e+01 0.000000000000000000e+00 1.600000000000000089e+00 -4.019000000000000003e-03 8.345999999999999253e-03 -9.999569999999999848e-01 2.064680000000000126e-01 -9.784119999999999484e-01 -8.996000000000000524e-03 -9.784450000000000092e-01 -2.064960000000000129e-01 2.209000000000000026e-03
2.700000000000000000e+01 2.000000000000000000e+00 1.900000000000000000e+01 0.000000000000000000e+00 1.600000000000000089e+00 -1.366999999999999943e-03 5.661000000000000233e-03 -9.999829999999999552e-01 1.984740000000000115e-01 -9.800889999999999880e-01 -5.819999999999999653e-03 -9.801050000000000040e-01 -1.984779999999999878e-01 2.169999999999999891e-04
1.000000000000000000e+01 4.000000000000000000e+00 2.000000000000000000e+01 0.000000000000000000e+00 1.600000000000000089e+00 -3.640000000000000115e-04 -4.108999999999999805e-03 -9.999909999999999632e-01 2.917719999999999758e-01 -9.564799999999999969e-01 3.824000000000000142e-03 -9.564880000000000049e-01 -2.917680000000000273e-01 1.546999999999999981e-03
5.000000000000000000e+00 1.300000000000000000e+01 2.000000000000000000e+01 0.000000000000000000e+00 1.600000000000000089e+00 -2.599999999999999772e-04 8.189999999999999581e-04 1.000000000000000000e+00 2.637229999999999852e-01 9.645979999999999555e-01 -7.209999999999999612e-04 -9.645979999999999555e-01 2.637229999999999852e-01 -4.670000000000000214e-04
1.100000000000000000e+01 1.300000000000000000e+01 2.000000000000000000e+01 0.000000000000000000e+00 1.600000000000000089e+00 -2.635999999999999888e-03 4.629999999999999784e-04 9.999959999999999960e-01 2.638229999999999742e-01 9.645709999999999562e-01 2.489999999999999809e-04 -9.645669999999999522e-01 2.638229999999999742e-01 -2.664000000000000135e-03
1.900000000000000000e+01 1.300000000000000000e+01 2.000000000000000000e+01 0.000000000000000000e+00 1.600000000000000089e+00 2.896999999999999836e-03 1.435999999999999993e-03 9.999949999999999672e-01 2.627059999999999951e-01 9.648729999999999807e-01 -2.147000000000000037e-03 -9.648710000000000342e-01 2.627109999999999723e-01 2.418000000000000010e-03
2.200000000000000000e+01 1.300000000000000000e+01 2.000000000000000000e+01 0.000000000000000000e+00 1.600000000000000089e+00 1.224000000000000045e-03 -4.067000000000000302e-03 9.999909999999999632e-01 2.616319999999999757e-01 9.651610000000000467e-01 3.605000000000000131e-03 -9.651669999999999972e-01 2.616249999999999964e-01 2.246000000000000166e-03
2.700000000000000000e+01 1.300000000000000000e+01 2.000000000000000000e+01 0.000000000000000000e+00 1.600000000000000089e+00 -5.439999999999999957e-04 -6.479999999999999649e-03 9.999789999999999512e-01 2.606970000000000121e-01 9.653990000000000071e-01 6.398000000000000041e-03 -9.654199999999999449e-01 2.606950000000000101e-01 1.164000000000000104e-03
6.000000000000000000e+00 1.600000000000000000e+01 2.100000000000000000e+01 0.000000000000000000e+00 1.600000000000000089e+00 -9.299999999999999727e-05 2.952000000000000197e-03 9.999959999999999960e-01 3.027380000000000071e-01 9.530699999999999728e-01 -2.785000000000000149e-03 -9.530739999999999768e-01 3.027369999999999783e-01 -9.820000000000000170e-04
1.600000000000000000e+01 4.600000000000000000e+01 2.700000000000000000e+01 0.000000000000000000e+00 1.600000000000000089e+00 -4.369999999999999970e-04 -1.255000000000000039e-03 -9.999989999999999712e-01 6.659239999999999604e-01 7.460189999999999877e-01 -1.227000000000000009e-03 7.460189999999999877e-01 -6.659239999999999604e-01 5.100000000000000366e-04
2.300000000000000000e+01 4.600000000000000000e+01 2.700000000000000000e+01 0.000000000000000000e+00 1.600000000000000089e+00 -1.724000000000000055e-03 -1.113000000000000057e-03 -9.999980000000000535e-01 6.622160000000000268e-01 7.493100000000000316e-01 -1.975999999999999892e-03 7.493109999999999493e-01 -6.622179999999999733e-01 -5.550000000000000462e-04
7.000000000000000000e+00 4.600000000000000000e+01 3.000000000000000000e+01 0.000000000000000000e+00 1.600000000000000089e+00 -6.600000000000000506e-05 2.200000000000000078e-04 -1.000000000000000000e+00 3.169130000000000003e-01 9.484550000000000480e-01 1.879999999999999890e-04 9.484550000000000480e-01 -3.169130000000000003e-01 -1.330000000000000073e-04
1.100000000000000000e+01 4.600000000000000000e+01 3.000000000000000000e+01 0.000000000000000000e+00 1.600000000000000089e+00 7.309999999999999875e-04 2.240999999999999936e-03 -9.999970000000000248e-01 3.182599999999999874e-01 9.480009999999999826e-01 2.357000000000000154e-03 9.480030000000000401e-01 -3.182610000000000161e-01 -2.099999999999999884e-05
2.100000000000000000e+01 4.600000000000000000e+01 3.000000000000000000e+01 0.000000000000000000e+00 1.600000000000000089e+00 -1.433000000000000029e-03 -3.969999999999999571e-03 -9.999909999999999632e-01 3.199719999999999787e-01 9.474169999999999536e-01 -4.219999999999999793e-03 9.474259999999999904e-01 -3.199759999999999827e-01 -8.799999999999999771e-05
3.000000000000000000e+00 5.800000000000000000e+01 3.100000000000000000e+01 0.000000000000000000e+00 1.600000000000000089e+00 5.500000000000000196e-05 -2.696000000000000046e-03 9.999959999999999960e-01 -7.821200000000000374e-01 -6.231250000000000400e-01 -1.637000000000000000e-03 6.231269999999999865e-01 -7.821169999999999511e-01 -2.142999999999999940e-03
7.000000000000000000e+00 5.800000000000000000e+01 3.100000000000000000e+01 0.000000000000000000e+00 1.600000000000000089e+00 -1.598999999999999944e-03 -2.053000000000000137e-03 9.999970000000000248e-01 -7.840369999999999839e-01 -6.207089999999999552e-01 -2.527999999999999865e-03 6.207120000000000415e-01 -7.840390000000000414e-01 -6.170000000000000354e-04
1.400000000000000000e+01 5.800000000000000000e+01 3.100000000000000000e+01 0.000000000000000000e+00 1.600000000000000089e+00 4.499999999999999877e-04 1.701999999999999954e-03 9.999980000000000535e-01 -7.816910000000000247e-01 -6.236639999999999961e-01 1.412999999999999977e-03 6.236660000000000537e-01 -7.816899999999999959e-01 1.049999999999999935e-03
2.100000000000000000e+01 5.800000000000000000e+01 3.100000000000000000e+01 0.000000000000000000e+00 1.600000000000000089e+00 -5.128999999999999879e-03 -1.052499999999999963e-02 9.999310000000000143e-01 -7.699669999999999570e-01 -6.379939999999999500e-01 -1.066499999999999913e-02 6.380620000000000180e-01 -7.699690000000000145e-01 -4.832000000000000357e-03
1.600000000000000000e+01 4.200000000000000000e+01 3.400000000000000000e+01 0.000000000000000000e+00 1.600000000000000089e+00 1.912999999999999987e-03 -1.257000000000000088e-03 -9.999970000000000248e-01 -2.926190000000000180e-01 9.562279999999999669e-01 -1.761999999999999894e-03 9.562270000000000492e-01 2.926210000000000200e-01 1.461000000000000059e-03
5.000000000000000000e+00 4.600000000000000000e+01 3.500000000000000000e+01 0.000000000000000000e+00 1.600000000000000089e+00 1.110000000000000011e-04 -1.373000000000000088e-03 -9.999989999999999712e-01 3.857709999999999750e-01 -9.225940000000000252e-01 1.309999999999999967e-03 -9.225940000000000252e-01 -3.857709999999999750e-01 4.270000000000000249e-04
1.200000000000000000e+01 4.600000000000000000e+01 3.500000000000000000e+01 0.000000000000000000e+00 1.600000000000000089e+00 7.050000000000000060e-04 -3.079999999999999839e-03 -9.999949999999999672e-01 3.842570000000000152e-01 -9.232209999999999583e-01 3.115000000000000147e-03 -9.232259999999999911e-01 -3.842570000000000152e-01 5.320000000000000293e-04
1.700000000000000000e+01 4.600000000000000000e+01 3.500000000000000000e+01 0.000000000000000000e+00 1.600000000000000089e+00 -2.739999999999999923e-04 -1.229000000000000058e-03 -9.999989999999999712e-01 3.856220000000000203e-01 -9.226560000000000317e-01 1.028999999999999967e-03 -9.226569999999999494e-01 -3.856220000000000203e-01 7.269999999999999987e-04
2.400000000000000000e+01 4.600000000000000000e+01 3.500000000000000000e+01 0.000000000000000000e+00 1.600000000000000089e+00 -1.098000000000000018e-03 2.977000000000000045e-03 -9.999949999999999672e-01 3.863150000000000195e-01 -9.223620000000000152e-01 -3.170000000000000075e-03 -9.223660000000000192e-01 -3.863159999999999927e-01 -1.369999999999999961e-04
3.000000000000000000e+01 4.600000000000000000e+01 3.500000000000000000e+01 0.000000000000000000e+00 1.600000000000000089e+00 9.160000000000000390e-04 2.670000000000000064e-03 -9.999959999999999960e-01 3.853460000000000218e-01 -9.227699999999999791e-01 -2.111000000000000029e-03 -9.227720000000000367e-01 -3.853420000000000178e-01 -1.874000000000000015e-03
2.000000000000000000e+00 9.500000000000000000e+01 3.600000000000000000e+01 0.000000000000000000e+00 1.600000000000000089e+00 -9.849999999999999815e-04 -6.688999999999999634e-03 9.999770000000000048e-01 9.976340000000000208e-01 6.873600000000000543e-02 1.441999999999999922e-03 -6.874399999999999955e-02 9.976120000000000543e-01 6.604999999999999760e-03
9.000000000000000000e+00 9.500000000000000000e+01 3.600000000000000000e+01 0.000000000000000000e+00 1.600000000000000089e+00 1.276999999999999923e-03 -1.545999999999999978e-02 9.998799999999999910e-01 9.977169999999999650e-01 6.752600000000000269e-02 -2.300000000000000070e-04 -6.751500000000000556e-02 9.975979999999999848e-01 1.551100000000000048e-02
1.300000000000000000e+01 9.500000000000000000e+01 3.600000000000000000e+01 0.000000000000000000e+00 1.600000000000000089e+00 6.939999999999999555e-04 1.823200000000000168e-02 9.998340000000000005e-01 9.976479999999999793e-01 6.852300000000000058e-02 -1.941999999999999933e-03 -6.854699999999999682e-02 9.974830000000000085e-01 -1.814199999999999841e-02
2.000000000000000000e+01 9.500000000000000000e+01 3.600000000000000000e+01 0.000000000000000000e+00 1.600000000000000089e+00 1.689099999999999976e-02 4.310000000000000137e-04 9.998569999999999958e-01 9.972900000000000098e-01 7.160600000000000298e-02 -1.687800000000000064e-02 -7.160299999999999998e-02 9.974330000000000140e-01 7.789999999999999616e-04
2.600000000000000000e+01 9.500000000000000000e+01 3.600000000000000000e+01 0.000000000000000000e+00 1.600000000000000089e+00 -5.465000000000000240e-03 -2.331099999999999839e-02 9.997129999999999628e-01 9.974340000000000428e-01 7.123500000000000665e-02 7.113999999999999664e-03 -7.138100000000000001e-02 9.971870000000000456e-01 2.286200000000000038e-02
2.300000000000000000e+01 9.500000000000000000e+01 3.700000000000000000e+01 0.000000000000000000e+00 1.600000000000000089e+00 6.945999999999999917e-03 -1.692000000000000101e-02 9.998329999999999718e-01 9.958949999999999747e-01 9.035300000000000276e-02 -5.389999999999999826e-03 -9.024600000000000677e-02 9.957660000000000400e-01 1.747800000000000048e-02
9.000000000000000000e+00 3.000000000000000000e+00 4.300000000000000000e+01 0.000000000000000000e+00 1.600000000000000089e+00 5.389999999999999826e-04 -1.435099999999999917e-02 -9.998970000000000358e-01 7.412539999999999685e-01 -6.711500000000000243e-01 1.003300000000000025e-02 -6.712249999999999606e-01 -7.411830000000000362e-01 1.027600000000000041e-02
1.200000000000000000e+01 3.000000000000000000e+00 4.300000000000000000e+01 0.000000000000000000e+00 1.600000000000000089e+00 7.410000000000000137e-04 -6.361999999999999600e-03 -9.999789999999999512e-01 7.413889999999999647e-01 -6.710580000000000434e-01 4.819000000000000367e-03 -6.710749999999999771e-01 -7.413769999999999527e-01 4.218999999999999660e-03
1.700000000000000000e+01 3.000000000000000000e+00 4.300000000000000000e+01 0.000000000000000000e+00 1.600000000000000089e+00 -1.139999999999999954e-03 -1.274699999999999965e-02 -9.999179999999999735e-01 7.417430000000000412e-01 -6.706400000000000139e-01 7.702999999999999778e-03 -6.706830000000000291e-01 -7.416730000000000267e-01 1.021900000000000065e-02
2.300000000000000000e+01 3.000000000000000000e+00 4.300000000000000000e+01 0.000000000000000000e+00 1.600000000000000089e+00 -2.756000000000000203e-03 -7.879999999999999852e-03 -9.999649999999999928e-01 7.379850000000000021e-01 -6.748089999999999922e-01 3.282999999999999894e-03 -6.748110000000000497e-01 -7.379510000000000236e-01 7.675000000000000398e-03
2.300000000000000000e+01 8.000000000000000000e+00 4.400000000000000000e+01 0.000000000000000000e+00 1.600000000000000089e+00 1.476000000000000098e-03 1.342000000000000094e-03 9.999980000000000535e-01 -7.736429999999999696e-01 -6.336190000000000433e-01 1.991999999999999847e-03 6.336199999999999610e-01 -7.736439999999999984e-01 1.029999999999999964e-04
1.000000000000000000e+00 2.900000000000000000e+01 4.400000000000000000e+01 0.000000000000000000e+00 1.600000000000000089e+00 -8.890000000000000333e-04 -4.556000000000000154e-03 -9.999890000000000168e-01 6.759309999999999485e-01 7.369550000000000267e-01 -3.957999999999999713e-03 7.369649999999999812e-01 -6.759269999999999445e-01 2.423999999999999939e-03
1.100000000000000000e+01 2.900000000000000000e+01 4.400000000000000000e+01 0.000000000000000000e+00 1.600000000000000089e+00 3.159999999999999832e-04 2.066000000000000128e-03 -9.999980000000000535e-01 6.814139999999999642e-01 7.318970000000000198e-01 1.727999999999999935e-03 7.318989999999999663e-01 -6.814130000000000464e-01 -1.177000000000000095e-03
1.600000000000000000e+01 2.900000000000000000e+01 4.400000000000000000e+01 0.000000000000000000e+00 1.600000000000000089e+00 1.250000000000000026e-04 1.381000000000000066e-03 -9.999989999999999712e-01 6.783029999999999893e-01 7.347820000000000462e-01 1.100000000000000066e-03 7.347820000000000462e-01 -6.783019999999999605e-01 -8.450000000000000479e-04
2.200000000000000000e+01 2.900000000000000000e+01 4.400000000000000000e+01 0.000000000000000000e+00 1.600000000000000089e+00 -6.030000000000000204e-04 1.219000000000000031e-03 -9.999989999999999712e-01 6.629439999999999777e-01 7.486690000000000289e-01 5.130000000000000011e-04 7.486690000000000289e-01 -6.629429999999999490e-01 -1.260000000000000052e-03
4.000000000000000000e+00 6.000000000000000000e+00 5.100000000000000000e+01 0.000000000000000000e+00 1.600000000000000089e+00 1.459000000000000010e-03 -1.433000000000000029e-03 -9.999980000000000535e-01 3.308880000000000154e-01 -9.436679999999999513e-01 1.835000000000000043e-03 -9.436689999999999801e-01 -3.308900000000000174e-01 -9.030000000000000483e-04
9.000000000000000000e+00 6.000000000000000000e+00 5.100000000000000000e+01 0.000000000000000000e+00 1.600000000000000089e+00 -1.920999999999999965e-03 -4.760000000000000342e-03 -9.999869999999999592e-01 3.258050000000000113e-01 -9.454289999999999639e-01 3.874999999999999972e-03 -9.454350000000000254e-01 -3.257929999999999993e-01 3.367000000000000201e-03
1.800000000000000000e+01 1.150000000000000000e+02 5.100000000000000000e+01 0.000000000000000000e+00 1.600000000000000089e+00 -2.635999999999999888e-03 -7.379000000000000142e-03 9.999689999999999968e-01 8.449759999999999494e-01 -5.348009999999999708e-01 -1.719000000000000042e-03 5.347969999999999668e-01 8.449459999999999749e-01 7.643999999999999753e-03
7.000000000000000000e+00 7.000000000000000000e+00 5.200000000000000000e+01 0.000000000000000000e+00 1.600000000000000089e+00 -1.890000000000000133e-04 -2.952999999999999896e-03 -9.999959999999999960e-01 1.121970000000000051e-01 -9.936819999999999542e-01 2.912999999999999791e-03 -9.936859999999999582e-01 -1.121950000000000031e-01 5.190000000000000386e-04
2.300000000000000000e+01 7.000000000000000000e+00 5.200000000000000000e+01 0.000000000000000000e+00 1.600000000000000089e+00 -2.273999999999999980e-03 -5.921000000000000048e-03 -9.999799999999999800e-01 9.896099999999999342e-02 -9.950750000000000428e-01 5.667000000000000162e-03 -9.950890000000000013e-01 -9.894600000000000617e-02 2.848999999999999970e-03
3.000000000000000000e+01 7.000000000000000000e+00 5.200000000000000000e+01 0.000000000000000000e+00 1.600000000000000089e+00 -4.994000000000000175e-03 -6.623000000000000415e-03 -9.999660000000000215e-01 9.481900000000000051e-02 -9.954760000000000275e-01 6.119000000000000307e-03 -9.954819999999999780e-01 -9.478599999999999526e-02 5.598999999999999810e-03
2.000000000000000000e+00 1.600000000000000000e+01 5.200000000000000000e+01 0.000000000000000000e+00 1.600000000000000089e+00 7.943999999999999673e-03 1.351199999999999971e-02 -9.998770000000000158e-01 7.743090000000000250e-01 6.326370000000000049e-01 1.470100000000000053e-02 6.327580000000000426e-01 -7.743299999999999628e-01 -5.436999999999999993e-03
8.000000000000000000e+00 1.500000000000000000e+01 5.300000000000000000e+01 0.000000000000000000e+00 1.600000000000000089e+00 4.270999999999999623e-03 -5.684999999999999949e-03 -9.999749999999999472e-01 6.838739999999999819e-01 7.296000000000000263e-01 -1.227000000000000009e-03 7.295880000000000143e-01 -6.838509999999999867e-01 7.003999999999999809e-03
1.300000000000000000e+01 1.500000000000000000e+01 5.300000000000000000e+01 0.000000000000000000e+00 1.600000000000000089e+00 -1.940000000000000101e-03 -7.383999999999999939e-03 -9.999710000000000543e-01 6.835900000000000309e-01 7.298350000000000115e-01 -6.714999999999999615e-03 7.298639999999999572e-01 -6.835830000000000517e-01 3.631999999999999812e-03
1.000000000000000000e+00 6.300000000000000000e+01 5.400000000000000000e+01 0.000000000000000000e+00 1.600000000000000089e+00 -2.103999999999999967e-03 4.546999999999999827e-03 9.999869999999999592e-01 -3.466879999999999962e-01 9.379669999999999952e-01 -4.994000000000000175e-03 -9.379779999999999784e-01 -3.466940000000000022e-01 -3.970000000000000005e-04
7.000000000000000000e+00 6.300000000000000000e+01 5.400000000000000000e+01 0.000000000000000000e+00 1.600000000000000089e+00 8.630000000000000518e-04 1.510999999999999973e-03 9.999989999999999712e-01 -3.510639999999999872e-01 9.363510000000000444e-01 -1.111999999999999924e-03 -9.363510000000000444e-01 -3.510619999999999852e-01 1.337999999999999997e-03
1.000000000000000000e+01 6.300000000000000000e+01 5.400000000000000000e+01 0.000000000000000000e+00 1.600000000000000089e+00 1.242000000000000048e-03 -4.099999999999999912e-04 9.999989999999999712e-01 -3.519129999999999758e-01 9.360319999999999752e-01 8.199999999999999824e-04 -9.360319999999999752e-01 -3.519140000000000046e-01 1.018000000000000025e-03
1.600000000000000000e+01 6.300000000000000000e+01 5.400000000000000000e+01 0.000000000000000000e+00 1.600000000000000089e+00 -1.137999999999999906e-03 4.910000000000000085e-04 9.999989999999999712e-01 -3.515320000000000111e-01 9.361760000000000081e-01 -8.589999999999999546e-04 -9.361749999999999794e-01 -3.515320000000000111e-01 -8.919999999999999978e-04
2.200000000000000000e+01 6.300000000000000000e+01 5.400000000000000000e+01 0.000000000000000000e+00 1.600000000000000089e+00 -2.570999999999999935e-03 -1.467999999999999904e-03 9.999959999999999960e-01 -3.556179999999999897e-01 9.346309999999999896e-01 4.580000000000000195e-04 -9.346280000000000143e-01 -3.556150000000000144e-01 -2.925000000000000083e-03
1.000000000000000000e+01 2.500000000000000000e+01 5.500000000000000000e+01 0.000000000000000000e+00 1.600000000000000089e+00 -1.150999999999999896e-03 -1.642999999999999929e-03 -9.999980000000000535e-01 -1.122199999999999934e-02 -9.999360000000000470e-01 1.655999999999999920e-03 -9.999360000000000470e-01 1.122399999999999960e-02 1.131999999999999977e-03
1.400000000000000000e+01 2.500000000000000000e+01 5.500000000000000000e+01 0.000000000000000000e+00 1.600000000000000089e+00 -4.760000000000000234e-04 1.961000000000000069e-03 -9.999980000000000535e-01 -1.084800000000000000e-02 -9.999390000000000223e-01 -1.955999999999999839e-03 -9.999409999999999688e-01 1.084700000000000074e-02 4.979999999999999618e-04
1.800000000000000000e+01 2.500000000000000000e+01 5.500000000000000000e+01 0.000000000000000000e+00 1.600000000000000089e+00 1.701000000000000038e-03 2.115999999999999825e-03 -9.999959999999999960e-01 -1.080000000000000057e-02 -9.999390000000000223e-01 -2.134000000000000046e-03 -9.999400000000000510e-01 1.080399999999999937e-02 -1.678000000000000021e-03
2.300000000000000000e+01 2.500000000000000000e+01 5.500000000000000000e+01 0.000000000000000000e+00 1.600000000000000089e+00 -6.799999999999999946e-05 -1.204999999999999908e-03 -9.999989999999999712e-01 -1.160600000000000000e-02 -9.999320000000000430e-01 1.206000000000000041e-03 -9.999329999999999607e-01 1.160600000000000000e-02 5.399999999999999798e-05
5.000000000000000000e+00 6.800000000000000000e+01 5.700000000000000000e+01 0.000000000000000000e+00 1.600000000000000089e+00 5.000000000000000240e-05 -3.922000000000000139e-03 -9.999919999999999920e-01 -2.406429999999999958e-01 -9.706059999999999688e-01 3.795000000000000196e-03 -9.706139999999999768e-01 2.406399999999999928e-01 -9.929999999999999591e-04
2.000000000000000000e+00 2.100000000000000000e+01 6.000000000000000000e+01 0.000000000000000000e+00 1.600000000000000089e+00 -5.130000000000000011e-04 -3.259000000000000178e-03 9.999949999999999672e-01 -9.756499999999999895e-02 9.952239999999999975e-01 3.193999999999999791e-03 -9.952290000000000303e-01 -9.756299999999999695e-02 -8.279999999999999600e-04
7.000000000000000000e+00 2.100000000000000000e+01 6.000000000000000000e+01 0.000000000000000000e+00 1.600000000000000089e+00 -4.229999999999999819e-04 7.087999999999999683e-03 9.999749999999999472e-01 -9.753799999999999970e-02 9.952069999999999528e-01 -7.094999999999999744e-03 -9.952320000000000055e-01 -9.753799999999999970e-02 2.700000000000000035e-04
2.300000000000000000e+01 2.100000000000000000e+01 6.000000000000000000e+01 0.000000000000000000e+00 1.600000000000000089e+00 6.109999999999999980e-04 -3.510000000000000099e-03 9.999940000000000495e-01 -1.001429999999999959e-01 9.949670000000000458e-01 3.553999999999999868e-03 -9.949729999999999963e-01 -1.001449999999999979e-01 2.559999999999999884e-04
2.800000000000000000e+01 2.100000000000000000e+01 6.000000000000000000e+01 0.000000000000000000e+00 1.600000000000000089e+00 7.680000000000000195e-04 9.300000000000000541e-04 9.999989999999999712e-01 -1.006910000000000027e-01 9.949170000000000513e-01 -8.480000000000000124e-04 -9.949179999999999691e-01 -1.006900000000000017e-01 8.580000000000000387e-04
2.600000000000000000e+01 6.000000000000000000e+00 6.100000000000000000e+01 0.000000000000000000e+00 1.600000000000000089e+00 -8.589999999999999546e-04 5.465000000000000240e-03 9.999850000000000128e-01 5.613390000000000324e-01 -8.275700000000000278e-01 5.003999999999999768e-03 8.275850000000000151e-01 5.613350000000000284e-01 -2.357000000000000154e-03
1.400000000000000000e+01 3.000000000000000000e+00 6.300000000000000000e+01 0.000000000000000000e+00 1.600000000000000089e+00 -5.389999999999999826e-04 4.101999999999999744e-03 9.999909999999999632e-01 -6.150529999999999609e-01 7.884780000000000122e-01 -3.566000000000000159e-03 -7.884860000000000202e-01 -6.150489999999999569e-01 2.098000000000000038e-03
2.000000000000000000e+01 3.000000000000000000e+00 6.300000000000000000e+01 0.000000000000000000e+00 1.600000000000000089e+00 -5.199999999999999680e-05 -5.190000000000000386e-04 1.000000000000000000e+00 -6.135169999999999790e-01 7.896809999999999663e-01 3.780000000000000265e-04 -7.896809999999999663e-01 -6.135169999999999790e-01 -3.600000000000000227e-04
5.000000000000000000e+00 2.700000000000000000e+01 6.300000000000000000e+01 0.000000000000000000e+00 1.600000000000000089e+00 -1.157999999999999958e-03 -2.008999999999999935e-03 9.999970000000000248e-01 -2.733300000000000174e-01 9.619189999999999685e-01 1.616000000000000032e-03 -9.619199999999999973e-01 -2.733269999999999866e-01 -1.662999999999999982e-03
9.000000000000000000e+00 2.700000000000000000e+01 6.300000000000000000e+01 0.000000000000000000e+00 1.600000000000000089e+00 2.290000000000000098e-04 -4.836000000000000021e-03 9.999879999999999880e-01 -2.732859999999999734e-01 9.619210000000000260e-01 4.714000000000000308e-03 -9.619330000000000380e-01 -2.732840000000000269e-01 -1.101999999999999898e-03
1.400000000000000000e+01 2.700000000000000000e+01 6.300000000000000000e+01 0.000000000000000000e+00 1.600000000000000089e+00 3.780000000000000265e-04 -9.940000000000000918e-04 9.999989999999999712e-01 -2.735929999999999751e-01 9.618449999999999500e-01 1.059999999999999961e-03 -9.618459999999999788e-01 -2.735929999999999751e-01 9.100000000000000287e-05
1.900000000000000000e+01 2.700000000000000000e+01 6.300000000000000000e+01 0.000000000000000000e+00 1.600000000000000089e+00 -1.245000000000000013e-03 -1.955999999999999839e-03 9.999970000000000248e-01 -2.749489999999999990e-01 9.614570000000000061e-01 1.538000000000000088e-03 -9.614580000000000348e-01 -2.749469999999999970e-01 -1.734999999999999997e-03
2.300000000000000000e+01 2.700000000000000000e+01 6.300000000000000000e+01 0.000000000000000000e+00 1.600000000000000089e+00 -8.800000000000000313e-04 1.000000000000000082e-05 1.000000000000000000e+00 -2.737669999999999826e-01 9.617959999999999843e-01 -2.509999999999999753e-04 -9.617959999999999843e-01 -2.737669999999999826e-01 -8.440000000000000236e-04
2.800000000000000000e+01 2.700000000000000000e+01 6.300000000000000000e+01 0.000000000000000000e+00 1.600000000000000089e+00 1.311000000000000099e-03 2.333000000000000004e-03 9.999959999999999960e-01 -2.729409999999999892e-01 9.620290000000000230e-01 -1.887000000000000005e-03 -9.620300000000000518e-01 -2.729369999999999852e-01 1.897999999999999948e-03
1.000000000000000000e+00 2.600000000000000000e+01 6.400000000000000000e+01 0.000000000000000000e+00 1.600000000000000089e+00 -2.089000000000000145e-03 6.790000000000000245e-04 9.999980000000000535e-01 -3.571759999999999935e-01 9.340359999999999774e-01 -1.381000000000000066e-03 -9.340349999999999486e-01 -3.571779999999999955e-01 -1.709000000000000016e-03
5.000000000000000000e+00 2.600000000000000000e+01 6.400000000000000000e+01 0.000000000000000000e+00 1.600000000000000089e+00 -1.407999999999999963e-03 -2.103999999999999967e-03 9.999970000000000248e-01 -3.582940000000000014e-01 9.336079999999999934e-01 1.459999999999999926e-03 -9.336079999999999934e-01 -3.582910000000000261e-01 -2.069000000000000093e-03
9.000000000000000000e+00 2.600000000000000000e+01 6.400000000000000000e+01 0.000000000000000000e+00 1.600000000000000089e+00 5.450000000000000200e-04 -2.701999999999999975e-03 9.999959999999999960e-01 -3.572529999999999872e-01 9.340039999999999454e-01 2.719000000000000063e-03 -9.340079999999999494e-01 -3.572529999999999872e-01 -4.560000000000000251e-04
1.400000000000000000e+01 2.600000000000000000e+01 6.400000000000000000e+01 0.000000000000000000e+00 1.600000000000000089e+00 8.989999999999999511e-04 -1.599999999999999928e-05 1.000000000000000000e+00 -3.564220000000000166e-01 9.343249999999999611e-01 3.350000000000000113e-04 -9.343249999999999611e-01 -3.564229999999999898e-01 8.350000000000000217e-04
