5.000000000000000000e+00 2.500000000000000000e+01 1.000000000000000000e+00 0.000000000000000000e+00 1.600000000000000089e+00 2.059999999999999928e-04 -5.000000000000000240e-05 -1.000000000000000000e+00 -5.296539999999999582e-01 -8.482140000000000235e-01 -6.600000000000000506e-05 -8.482140000000000235e-01 5.296539999999999582e-01 -2.010000000000000068e-04
1.200000000000000000e+01 2.500000000000000000e+01 1.000000000000000000e+00 0.000000000000000000e+00 1.600000000000000089e+00 -3.399999999999999973e-05 -1.201999999999999943e-03 -9.999989999999999712e-01 -5.304079999999999906e-01 -8.477419999999999956e-01 1.036999999999999944e-03 -8.477430000000000243e-01 5.304079999999999906e-01 -6.089999999999999494e-04
9.000000000000000000e+00 3.000000000000000000e+00 4.000000000000000000e+00 0.000000000000000000e+00 1.600000000000000089e+00 -1.215490000000000043e-01 -3.327100000000000196e-02 -9.920280000000000209e-01 -8.339860000000000051e-01 -5.385240000000000027e-01 1.202460000000000057e-01 -5.382310000000000150e-01 8.419529999999999514e-01 3.771000000000000046e-02
3.000000000000000000e+00 1.500000000000000000e+01 4.000000000000000000e+00 0.000000000000000000e+00 1.600000000000000089e+00 1.230000000000000082e-04 -1.140099999999999968e-02 9.999350000000000183e-01 3.169290000000000163e-01 -9.483869999999999800e-01 -1.085200000000000053e-02 9.484489999999999865e-01 3.169100000000000250e-01 3.497000000000000108e-03
1.500000000000000000e+01 1.500000000000000000e+01 4.000000000000000000e+00 0.000000000000000000e+00 1.600000000000000089e+00 -3.429999999999999889e-04 5.321000000000000209e-03 9.999860000000000415e-01 3.210089999999999888e-01 -9.470619999999999594e-01 5.148999999999999931e-03 9.470760000000000289e-01 3.210060000000000136e-01 -1.382999999999999898e-03
2.000000000000000000e+01 1.500000000000000000e+01 4.000000000000000000e+00 0.000000000000000000e+00 1.600000000000000089e+00 -3.480000000000000020e-03 -4.714000000000000308e-03 9.999829999999999552e-01 3.181669999999999776e-01 -9.480290000000000106e-01 -3.361999999999999971e-03 9.480279999999999818e-01 3.181499999999999884e-01 4.799000000000000314e-03
2.400000000000000000e+01 1.500000000000000000e+01 4.000000000000000000e+00 0.000000000000000000e+00 1.600000000000000089e+00 9.129999999999999661e-04 3.350000000000000113e-03 9.999940000000000495e-01 3.190879999999999828e-01 -9.477210000000000356e-01 2.883999999999999845e-03 9.477250000000000396e-01 3.190830000000000055e-01 -1.933999999999999955e-03
8.000000000000000000e+00 1.600000000000000000e+01 4.000000000000000000e+00 0.000000000000000000e+00 1.600000000000000089e+00 3.566000000000000159e-03 -2.514999999999999875e-03 9.999909999999999632e-01 3.951689999999999925e-01 -9.186010000000000009e-01 -3.720000000000000216e-03 9.186020000000000296e-01 3.951779999999999737e-01 -2.282000000000000174e-03
1.300000000000000000e+01 1.010000000000000000e+02 7.000000000000000000e+00 0.000000000000000000e+00 1.600000000000000089e+00 -6.139999999999999625e-04 4.112000000000000204e-03 9.999909999999999632e-01 8.895880000000000454e-01 4.567629999999999746e-01 -1.332000000000000068e-03 -4.567640000000000033e-01 8.895790000000000086e-01 -3.937999999999999660e-03
1.700000000000000000e+01 1.010000000000000000e+02 7.000000000000000000e+00 0.000000000000000000e+00 1.600000000000000089e+00 -1.890000000000000133e-04 4.477000000000000077e-03 9.999900000000000455e-01 8.894130000000000091e-01 4.571000000000000063e-01 -1.877999999999999895e-03 -4.571040000000000103e-01 8.894039999999999724e-01 -4.067999999999999568e-03
2.300000000000000000e+01 1.010000000000000000e+02 7.000000000000000000e+00 0.000000000000000000e+00 1.600000000000000089e+00 -2.259999999999999910e-04 2.047000000000000208e-03 9.999980000000000535e-01 8.900219999999999798e-01 4.559159999999999879e-01 -7.320000000000000118e-04 -4.559170000000000167e-01 8.900200000000000333e-01 -1.925000000000000062e-03
8.000000000000000000e+00 2.500000000000000000e+01 8.000000000000000000e+00 0.000000000000000000e+00 1.600000000000000089e+00 1.048000000000000103e-03 -1.827000000000000065e-03 -9.999980000000000535e-01 4.449239999999999862e-01 8.955680000000000307e-01 -1.170000000000000033e-03 8.955680000000000307e-01 -4.449219999999999842e-01 1.750999999999999952e-03
1.000000000000000000e+01 2.500000000000000000e+01 8.000000000000000000e+00 0.000000000000000000e+00 1.600000000000000089e+00 3.559999999999999797e-04 1.299999999999999920e-05 -1.000000000000000000e+00 4.451109999999999789e-01 8.954760000000000497e-01 1.700000000000000122e-04 8.954750000000000210e-01 -4.451109999999999789e-01 3.130000000000000187e-04
2.100000000000000000e+01 2.500000000000000000e+01 8.000000000000000000e+00 0.000000000000000000e+00 1.600000000000000089e+00 6.570000000000000319e-04 -1.810000000000000085e-04 -1.000000000000000000e+00 4.480480000000000018e-01 8.940090000000000536e-01 1.330000000000000073e-04 8.940090000000000536e-01 -4.480480000000000018e-01 6.689999999999999983e-04
2.600000000000000000e+01 2.500000000000000000e+01 8.000000000000000000e+00 0.000000000000000000e+00 1.600000000000000089e+00 -4.889999999999999599e-04 -4.181999999999999953e-03 -9.999909999999999632e-01 4.480959999999999943e-01 8.939770000000000216e-01 -3.957999999999999713e-03 8.939850000000000296e-01 -4.480939999999999923e-01 1.436999999999999909e-03
2.000000000000000000e+00 2.400000000000000000e+01 9.000000000000000000e+00 0.000000000000000000e+00 1.600000000000000089e+00 -1.726000000000000104e-03 6.420000000000000359e-03 -9.999780000000000335e-01 4.483240000000000003e-01 8.938570000000000126e-01 4.964999999999999795e-03 8.938690000000000246e-01 -4.483059999999999823e-01 -4.420999999999999583e-03
7.000000000000000000e+00 2.400000000000000000e+01 9.000000000000000000e+00 0.000000000000000000e+00 1.600000000000000089e+00 8.850000000000000444e-04 -3.340999999999999786e-03 -9.999940000000000495e-01 4.508989999999999942e-01 8.925710000000000033e-01 -2.582999999999999793e-03 8.925750000000000073e-01 -4.508940000000000170e-01 2.296999999999999997e-03
1.100000000000000000e+01 2.400000000000000000e+01 9.000000000000000000e+00 0.000000000000000000e+00 1.600000000000000089e+00 -1.039999999999999936e-04 7.690000000000000438e-04 -1.000000000000000000e+00 4.511800000000000255e-01 8.924330000000000318e-01 6.400000000000000524e-04 8.924330000000000318e-01 -4.511800000000000255e-01 -4.400000000000000157e-04
1.800000000000000000e+01 2.400000000000000000e+01 9.000000000000000000e+00 0.000000000000000000e+00 1.600000000000000089e+00 -2.210000000000000050e-04 8.859999999999999603e-04 -1.000000000000000000e+00 4.521049999999999791e-01 8.919650000000000079e-01 6.899999999999999667e-04 8.919650000000000079e-01 -4.521040000000000059e-01 -5.969999999999999829e-04
2.300000000000000000e+01 2.400000000000000000e+01 9.000000000000000000e+00 0.000000000000000000e+00 1.600000000000000089e+00 1.710000000000000094e-04 2.959999999999999849e-04 -1.000000000000000000e+00 4.536229999999999984e-01 8.911940000000000417e-01 3.409999999999999945e-04 8.911940000000000417e-01 -4.536229999999999984e-01 1.800000000000000046e-05
2.500000000000000000e+01 2.400000000000000000e+01 9.000000000000000000e+00 0.000000000000000000e+00 1.600000000000000089e+00 -2.449999999999999921e-04 -2.539000000000000024e-03 -9.999970000000000248e-01 4.535669999999999980e-01 8.912189999999999834e-01 -2.373999999999999808e-03 8.912219999999999587e-01 -4.535660000000000247e-01 9.330000000000000186e-04
3.000000000000000000e+01 4.000000000000000000e+00 1.100000000000000000e+01 0.000000000000000000e+00 1.600000000000000089e+00 2.255000000000000060e-03 3.249900000000000011e-02 -9.994690000000000518e-01 2.349420000000000119e-01 9.714789999999999814e-01 3.211900000000000172e-02 9.720069999999999544e-01 -2.348899999999999877e-01 -5.445000000000000187e-03
4.000000000000000000e+00 3.100000000000000000e+01 1.200000000000000000e+01 0.000000000000000000e+00 1.600000000000000089e+00 3.053000000000000158e-03 -4.950000000000000407e-03 9.999829999999999552e-01 -6.224000000000000365e-03 9.999679999999999680e-01 4.969000000000000326e-03 -9.999759999999999760e-01 -6.238999999999999754e-03 3.021999999999999947e-03
1.400000000000000000e+01 3.100000000000000000e+01 1.200000000000000000e+01 0.000000000000000000e+00 1.600000000000000089e+00 -8.589999999999999546e-04 -1.955999999999999839e-03 9.999980000000000535e-01 5.730000000000000501e-04 9.999980000000000535e-01 1.955999999999999839e-03 -9.999989999999999712e-01 5.749999999999999903e-04 -8.580000000000000387e-04
2.100000000000000000e+01 3.100000000000000000e+01 1.200000000000000000e+01 0.000000000000000000e+00 1.600000000000000089e+00 6.030000000000000204e-04 2.223999999999999849e-03 9.999970000000000248e-01 8.400000000000000348e-04 9.999970000000000248e-01 -2.223999999999999849e-03 -9.999989999999999712e-01 8.419999999999999750e-04 6.009999999999999717e-04
2.500000000000000000e+01 3.100000000000000000e+01 1.200000000000000000e+01 0.000000000000000000e+00 1.600000000000000089e+00 6.819999999999999890e-04 3.521999999999999957e-03 9.999940000000000495e-01 3.746000000000000198e-03 9.999869999999999592e-01 -3.523999999999999789e-03 -9.999930000000000208e-01 3.748000000000000029e-03 6.679999999999999740e-04
6.000000000000000000e+00 3.500000000000000000e+01 1.200000000000000000e+01 0.000000000000000000e+00 1.600000000000000089e+00 2.311000000000000120e-03 6.753000000000000322e-03 -9.999740000000000295e-01 5.362430000000000252e-01 -8.440520000000000245e-01 -4.460999999999999688e-03 -8.440600000000000325e-01 -5.362190000000000012e-01 -5.571999999999999696e-03
9.000000000000000000e+00 3.500000000000000000e+01 1.200000000000000000e+01 0.000000000000000000e+00 1.600000000000000089e+00 7.420000000000000380e-04 4.722999999999999768e-03 -9.999890000000000168e-01 5.482970000000000343e-01 -8.362770000000000481e-01 -3.543000000000000142e-03 -8.362840000000000273e-01 -5.482879999999999976e-01 -3.210000000000000180e-03
1.300000000000000000e+01 3.500000000000000000e+01 1.200000000000000000e+01 0.000000000000000000e+00 1.600000000000000089e+00 -4.335999999999999577e-03 4.873999999999999860e-03 -9.999789999999999512e-01 5.591089999999999671e-01 -8.290689999999999449e-01 -6.465000000000000260e-03 -8.290830000000000144e-01 -5.591249999999999831e-01 8.689999999999999808e-04
2.000000000000000000e+01 3.500000000000000000e+01 1.200000000000000000e+01 0.000000000000000000e+00 1.600000000000000089e+00 -9.790000000000000525e-04 6.546999999999999868e-03 -9.999780000000000335e-01 5.795219999999999816e-01 -8.149349999999999650e-01 -5.903000000000000261e-03 -8.149560000000000137e-01 -5.795150000000000023e-01 -2.997000000000000098e-03
2.400000000000000000e+01 3.500000000000000000e+01 1.200000000000000000e+01 0.000000000000000000e+00 1.600000000000000089e+00 6.920000000000000153e-04 4.129999999999999991e-03 -9.999909999999999632e-01 5.929320000000000146e-01 -8.052479999999999638e-01 -2.916000000000000189e-03 -8.052529999999999966e-01 -5.929240000000000066e-01 -3.005999999999999991e-03
3.000000000000000000e+01 3.500000000000000000e+01 1.200000000000000000e+01 0.000000000000000000e+00 1.600000000000000089e+00 -3.155999999999999951e-03 1.533000000000000074e-03 -9.999940000000000495e-01 5.953239999999999643e-01 -8.034799999999999720e-01 -3.109999999999999917e-03 -8.034799999999999720e-01 -5.953300000000000258e-01 1.624000000000000010e-03
9.000000000000000000e+00 3.200000000000000000e+01 1.400000000000000000e+01 0.000000000000000000e+00 1.600000000000000089e+00 -1.289999999999999914e-03 2.439000000000000196e-03 -9.999959999999999960e-01 9.983200000000000407e-02 9.950020000000000531e-01 2.298000000000000129e-03 9.950029999999999708e-01 -9.982900000000000107e-02 -1.526999999999999929e-03
1.500000000000000000e+01 3.200000000000000000e+01 1.400000000000000000e+01 0.000000000000000000e+00 1.600000000000000089e+00 2.135999999999999878e-03 -1.693999999999999976e-03 -9.999959999999999960e-01 1.027669999999999972e-01 9.947040000000000326e-01 -1.464999999999999939e-03 9.947030000000000038e-01 -1.027629999999999932e-01 2.298999999999999828e-03
2.700000000000000000e+01 3.200000000000000000e+01 1.400000000000000000e+01 0.000000000000000000e+00 1.600000000000000089e+00 -1.740000000000000010e-04 1.260999999999999968e-03 -9.999989999999999712e-01 9.805800000000000627e-02 9.951799999999999535e-01 1.237999999999999951e-03 9.951809999999999823e-01 -9.805800000000000627e-02 -2.970000000000000092e-04
5.000000000000000000e+00 1.200000000000000000e+01 1.500000000000000000e+01 0.000000000000000000e+00 1.600000000000000089e+00 1.381000000000000066e-03 -1.835999999999999958e-03 -9.999970000000000248e-01 -4.663399999999999768e-01 -8.846049999999999747e-01 9.799999999999999684e-04 -8.846039999999999459e-01 4.663379999999999748e-01 -2.077999999999999986e-03
1.400000000000000000e+01 1.200000000000000000e+01 1.500000000000000000e+01 0.000000000000000000e+00 1.600000000000000089e+00 3.420000000000000188e-04 -6.860999999999999911e-03 -9.999759999999999760e-01 -4.732450000000000268e-01 -8.809109999999999996e-01 5.882000000000000076e-03 -8.809310000000000196e-01 4.732319999999999860e-01 -3.547999999999999939e-03
2.000000000000000000e+01 1.200000000000000000e+01 1.500000000000000000e+01 0.000000000000000000e+00 1.600000000000000089e+00 1.124999999999999915e-03 3.572999999999999787e-03 -9.999930000000000208e-01 -4.718019999999999992e-01 -8.816969999999999530e-01 -3.680999999999999810e-03 -8.817040000000000433e-01 4.718029999999999724e-01 6.939999999999999555e-04
2.600000000000000000e+01 1.200000000000000000e+01 1.500000000000000000e+01 0.000000000000000000e+00 1.600000000000000089e+00 4.310000000000000137e-04 1.665999999999999946e-03 -9.999980000000000535e-01 -4.711929999999999730e-01 -8.820280000000000342e-01 -1.672000000000000092e-03 -8.820299999999999807e-01 4.711929999999999730e-01 4.049999999999999781e-04
3.000000000000000000e+00 1.100000000000000000e+01 1.600000000000000000e+01 0.000000000000000000e+00 1.600000000000000089e+00 1.645999999999999894e-03 -5.277999999999999706e-03 -9.999850000000000128e-01 -4.070840000000000014e-01 -9.133809999999999985e-01 4.151000000000000176e-03 -9.133890000000000065e-01 4.070710000000000162e-01 -3.651999999999999864e-03
9.000000000000000000e+00 1.100000000000000000e+01 1.600000000000000000e+01 0.000000000000000000e+00 1.600000000000000089e+00 1.701000000000000038e-03 2.995999999999999965e-03 -9.999940000000000495e-01 -4.125130000000000186e-01 -9.109450000000000047e-01 -3.431000000000000022e-03 -9.109500000000000375e-01 4.125159999999999938e-01 -3.139999999999999888e-04
1.500000000000000000e+01 1.100000000000000000e+01 1.600000000000000000e+01 0.000000000000000000e+00 1.600000000000000089e+00 4.730000000000000046e-04 -6.086000000000000264e-03 -9.999810000000000088e-01 -4.158729999999999927e-01 -9.094069999999999654e-01 5.337999999999999863e-03 -9.094229999999999814e-01 4.158629999999999827e-01 -2.961999999999999789e-03
2.100000000000000000e+01 1.100000000000000000e+01 1.600000000000000000e+01 0.000000000000000000e+00 1.600000000000000089e+00 5.249999999999999676e-04 2.549000000000000050e-03 -9.999970000000000248e-01 -4.174579999999999957e-01 -9.086929999999999730e-01 -2.534999999999999927e-03 -9.086959999999999482e-01 4.174579999999999957e-01 5.869999999999999567e-04
3.000000000000000000e+00 1.160000000000000000e+02 1.600000000000000000e+01 0.000000000000000000e+00 1.600000000000000089e+00 -5.019999999999999506e-04 -2.729000000000000089e-03 9.999959999999999960e-01 7.702550000000000230e-01 6.377329999999999943e-01 2.128000000000000117e-03 -6.377359999999999696e-01 7.702529999999999655e-01 1.781999999999999947e-03
1.800000000000000000e+01 1.160000000000000000e+02 1.600000000000000000e+01 0.000000000000000000e+00 1.600000000000000089e+00 1.750000000000000036e-03 1.098999999999999934e-03 9.999980000000000535e-01 7.890949999999999909e-01 6.142670000000000075e-01 -2.056000000000000102e-03 -6.142680000000000362e-01 7.890970000000000484e-01 2.069999999999999900e-04
2.000000000000000000e+01 1.160000000000000000e+02 1.600000000000000000e+01 0.000000000000000000e+00 1.600000000000000089e+00 1.595000000000000064e-03 4.640000000000000027e-04 9.999989999999999712e-01 7.854879999999999640e-01 6.188749999999999529e-01 -1.539999999999999919e-03 -6.188749999999999529e-01 7.854900000000000215e-01 6.229999999999999644e-04
1.000000000000000000e+00 2.000000000000000000e+00 1.900000000000000000e+01 0.000000000000000000e+00 1.600000000000000089e+00 -4.939999999999999947e-03 -1.941100000000000117e-02 -9.997989999999999933e-01 2.691459999999999964e-01 -9.629429999999999934e-01 1.736499999999999849e-02 -9.630870000000000264e-01 -2.690060000000000229e-01 9.981000000000000288e-03
7.000000000000000000e+00 2.000000000000000000e+00 1.900000000000000000e+01 0.000000000000000000e+00 1.600000000000000089e+00 7.785000000000000253e-03 -2.940500000000000058e-02 -9.995370000000000088e-01 2.608880000000000088e-01 -9.648900000000000254e-01 3.041800000000000059e-02 -9.653380000000000294e-01 -2.610040000000000138e-01 1.589999999999999888e-04
1.000000000000000000e+01 2.000000000000000000e+00 1.900000000000000000e+01 0.000000000000000000e+00 1.600000000000000089e+00 1.367799999999999919e-02 -1.987500000000000031e-02 -9.997089999999999588e-01 2.544680000000000275e-01 -9.668149999999999800e-01 2.270300000000000096e-02 -9.669839999999999547e-01 -2.547039999999999860e-01 -8.167000000000000648e-03
1.400000000000000000e+01 2.000000000000000000e+00 1.900000000000000000e+01 0.000000000000000000e+00 1.600000000000000089e+00 1.396200000000000045e-02 4.325999999999999984e-03 -9.998930000000000318e-01 2.451389999999999958e-01 -9.694880000000000164e-01 -7.720000000000000083e-04 -9.693869999999999987e-01 -2.451019999999999865e-01 -1.459700000000000060e-02
2.300000000000000000e+01 2.000000000000000000e+00 1.900000000000000000e+01 0.000000000000000000e+00 1.600000000000000089e+00 9.069999999999999937e-03 -1.321600000000000032e-02 -9.998719999999999830e-01 2.290169999999999983e-01 -9.733079999999999510e-01 1.494200000000000042e-02 -9.733800000000000230e-01 -2.291229999999999933e-01 -5.800999999999999733e-03
2.800000000000000000e+01 2.000000000000000000e+00 1.900000000000000000e+01 0.000000000000000000e+00 1.600000000000000089e+00 5.949000000000000295e-03 -1.735400000000000137e-02 -9.998320000000000540e-01 2.248269999999999991e-01 -9.742279999999999829e-01 1.824699999999999933e-02 -9.743800000000000239e-01 -2.248979999999999868e-01 -1.894000000000000067e-03
1.500000000000000000e+01 3.000000000000000000e+00 1.900000000000000000e+01 0.000000000000000000e+00 1.600000000000000089e+00 1.442399999999999932e-02 8.370999999999999969e-03 -9.998609999999999998e-01 2.558570000000000011e-01 -9.667050000000000365e-01 -4.402999999999999796e-03 -9.666069999999999940e-01 -2.557579999999999854e-01 -1.608499999999999860e-02
1.700000000000000000e+01 3.000000000000000000e+00 1.900000000000000000e+01 0.000000000000000000e+00 1.600000000000000089e+00 9.383000000000000715e-03 1.131300000000000014e-02 -9.998920000000000030e-01 2.427970000000000128e-01 -9.700379999999999558e-01 -8.696999999999999870e-03 -9.700320000000000054e-01 -2.426889999999999881e-01 -1.184900000000000016e-02
1.400000000000000000e+01 4.000000000000000000e+00 2.000000000000000000e+01 0.000000000000000000e+00 1.600000000000000089e+00 7.577000000000000401e-03 1.073299999999999949e-02 -9.999139999999999695e-01 3.895649999999999946e-01 -9.209730000000000416e-01 -6.934000000000000059e-03 -9.209680000000000089e-01 -3.894790000000000196e-01 -1.115999999999999978e-02
1.700000000000000000e+01 4.000000000000000000e+00 2.000000000000000000e+01 0.000000000000000000e+00 1.600000000000000089e+00 1.044000000000000006e-03 1.561099999999999988e-02 -9.998780000000000445e-01 3.657630000000000048e-01 -9.306010000000000115e-01 -1.414699999999999985e-02 -9.307069999999999510e-01 -3.657030000000000003e-01 -6.681000000000000306e-03
6.000000000000000000e+00 1.300000000000000000e+01 2.000000000000000000e+01 0.000000000000000000e+00 1.600000000000000089e+00 -7.510000000000000399e-04 -2.043000000000000111e-03 9.999980000000000535e-01 2.590450000000000252e-01 9.658630000000000271e-01 2.167999999999999788e-03 -9.658649999999999736e-01 2.590459999999999985e-01 -1.959999999999999937e-04
1.000000000000000000e+01 1.300000000000000000e+01 2.000000000000000000e+01 0.000000000000000000e+00 1.600000000000000089e+00 3.009999999999999980e-04 -2.096000000000000207e-03 9.999980000000000535e-01 2.608969999999999900e-01 9.653650000000000286e-01 1.943999999999999981e-03 -9.653669999999999751e-01 2.608960000000000168e-01 8.379999999999999862e-04
1.600000000000000000e+01 1.300000000000000000e+01 2.000000000000000000e+01 0.000000000000000000e+00 1.600000000000000089e+00 2.109000000000000197e-03 2.972999999999999948e-03 9.999930000000000208e-01 2.596169999999999867e-01 9.657059999999999533e-01 -3.418000000000000031e-03 -9.657090000000000396e-01 2.596229999999999927e-01 1.265000000000000065e-03
2.000000000000000000e+01 1.300000000000000000e+01 2.000000000000000000e+01 0.000000000000000000e+00 1.600000000000000089e+00 6.639999999999999852e-04 2.144000000000000072e-03 9.999970000000000248e-01 2.586740000000000150e-01 9.659619999999999873e-01 -2.243000000000000202e-03 -9.659640000000000448e-01 2.586749999999999883e-01 8.700000000000000051e-05
1.300000000000000000e+01 5.000000000000000000e+01 2.200000000000000000e+01 0.000000000000000000e+00 1.600000000000000089e+00 3.941000000000000059e-03 3.386000000000000121e-03 -9.999869999999999592e-01 -5.766289999999999472e-01 8.170060000000000100e-01 4.939999999999999730e-04 8.169960000000000555e-01 5.766200000000000214e-01 5.172000000000000382e-03
4.000000000000000000e+00 3.000000000000000000e+00 2.500000000000000000e+01 0.000000000000000000e+00 1.600000000000000089e+00 -2.043000000000000111e-03 -3.989999999999999623e-03 9.999900000000000455e-01 -4.819500000000000173e-02 -9.988299999999999956e-01 -4.083999999999999957e-03 9.988359999999999461e-01 -4.820300000000000279e-02 1.848999999999999949e-03
1.000000000000000000e+01 3.000000000000000000e+00 2.500000000000000000e+01 0.000000000000000000e+00 1.600000000000000089e+00 6.040000000000000447e-04 -1.706000000000000051e-03 9.999980000000000535e-01 -3.358799999999999980e-02 -9.994340000000000446e-01 -1.683999999999999950e-03 9.994359999999999911e-01 -3.358699999999999880e-02 -6.610000000000000207e-04
1.200000000000000000e+01 3.000000000000000000e+00 2.500000000000000000e+01 0.000000000000000000e+00 1.600000000000000089e+00 1.686999999999999915e-03 -1.289999999999999914e-04 9.999989999999999712e-01 -3.076999999999999874e-02 -9.995270000000000543e-01 -7.700000000000000139e-05 9.995249999999999968e-01 -3.076999999999999874e-02 -1.690000000000000096e-03
1.700000000000000000e+01 3.000000000000000000e+00 2.500000000000000000e+01 0.000000000000000000e+00 1.600000000000000089e+00 -1.154999999999999994e-03 7.178999999999999618e-03 9.999740000000000295e-01 -2.346399999999999875e-02 -9.996990000000000043e-01 7.148999999999999973e-03 9.997239999999999460e-01 -2.345500000000000015e-02 1.322999999999999957e-03
2.000000000000000000e+01 3.000000000000000000e+00 2.500000000000000000e+01 0.000000000000000000e+00 1.600000000000000089e+00 -5.707000000000000267e-03 1.988699999999999843e-02 9.997859999999999525e-01 -1.938600000000000045e-02 -9.996169999999999778e-01 1.977299999999999891e-02 9.997960000000000180e-01 -1.926900000000000140e-02 6.089999999999999927e-03
3.000000000000000000e+01 3.000000000000000000e+00 2.500000000000000000e+01 0.000000000000000000e+00 1.600000000000000089e+00 8.980999999999999400e-03 -2.236899999999999999e-02 9.997089999999999588e-01 -3.516199999999999881e-02 -9.991389999999999993e-01 -2.204000000000000056e-02 9.993410000000000348e-01 -3.495399999999999896e-02 -9.759999999999999579e-03
4.000000000000000000e+00 4.600000000000000000e+01 3.000000000000000000e+01 0.000000000000000000e+00 1.600000000000000089e+00 2.644000000000000083e-03 2.168999999999999921e-03 -9.999940000000000495e-01 3.287109999999999754e-01 9.444259999999999877e-01 2.916999999999999888e-03 9.444270000000000165e-01 -3.287169999999999814e-01 1.784999999999999911e-03
2.700000000000000000e+01 4.600000000000000000e+01 3.000000000000000000e+01 0.000000000000000000e+00 1.600000000000000089e+00 2.027000000000000156e-03 2.171999999999999886e-03 -9.999959999999999960e-01 3.178799999999999959e-01 9.481270000000000531e-01 2.703999999999999806e-03 9.481289999999999996e-01 -3.178839999999999999e-01 1.231000000000000106e-03
3.000000000000000000e+00 5.800000000000000000e+01 3.100000000000000000e+01 0.000000000000000000e+00 1.600000000000000089e+00 -1.892000000000000019e-03 -3.749000000000000162e-03 9.999909999999999632e-01 -7.673889999999999878e-01 -6.411700000000000177e-01 -3.856000000000000053e-03 6.411790000000000544e-01 -7.673889999999999878e-01 -1.663999999999999898e-03
5.000000000000000000e+00 5.800000000000000000e+01 3.100000000000000000e+01 0.000000000000000000e+00 1.600000000000000089e+00 -1.288000000000000082e-03 -3.876000000000000105e-03 9.999919999999999920e-01 -7.680879999999999930e-01 -6.403349999999999875e-01 -3.471999999999999826e-03 6.403429999999999955e-01 -7.680860000000000465e-01 -2.151999999999999833e-03
1.300000000000000000e+01 5.800000000000000000e+01 3.100000000000000000e+01 0.000000000000000000e+00 1.600000000000000089e+00 1.262000000000000101e-03 -1.301999999999999989e-03 9.999980000000000535e-01 -7.748850000000000460e-01 -6.321020000000000527e-01 1.550000000000000000e-04 6.321010000000000240e-01 -7.748840000000000172e-01 -1.806000000000000097e-03
2.100000000000000000e+01 5.800000000000000000e+01 3.100000000000000000e+01 0.000000000000000000e+00 1.600000000000000089e+00 -3.170000000000000075e-03 -4.879999999999999898e-04 9.999949999999999672e-01 -7.773970000000000047e-01 -6.290040000000000076e-01 -2.771000000000000026e-03 6.290019999999999500e-01 -7.774020000000000374e-01 1.613999999999999983e-03
2.600000000000000000e+01 5.800000000000000000e+01 3.100000000000000000e+01 0.000000000000000000e+00 1.600000000000000089e+00 -1.685000000000000083e-03 -6.485999999999999578e-03 9.999780000000000335e-01 -7.804959999999999676e-01 -6.251379999999999715e-01 -5.368999999999999641e-03 6.251590000000000202e-01 -7.804870000000000418e-01 -4.009000000000000410e-03
3.000000000000000000e+00 4.600000000000000000e+01 3.500000000000000000e+01 0.000000000000000000e+00 1.600000000000000089e+00 -3.400000000000000244e-04 -8.249999999999999955e-04 -1.000000000000000000e+00 3.901299999999999768e-01 -9.207600000000000229e-01 6.269999999999999532e-04 -9.207600000000000229e-01 -3.901299999999999768e-01 6.350000000000000392e-04
1.000000000000000000e+01 4.600000000000000000e+01 3.500000000000000000e+01 0.000000000000000000e+00 1.600000000000000089e+00 -3.959999999999999762e-04 -2.436999999999999930e-03 -9.999970000000000248e-01 3.903030000000000110e-01 -9.206839999999999469e-01 2.089000000000000145e-03 -9.206860000000000044e-01 -3.903010000000000090e-01 1.315999999999999896e-03
1.600000000000000000e+01 4.600000000000000000e+01 3.500000000000000000e+01 0.000000000000000000e+00 1.600000000000000089e+00 -2.649999999999999903e-04 -7.749999999999999728e-04 -1.000000000000000000e+00 3.908570000000000100e-01 -9.204510000000000192e-01 6.099999999999999737e-04 -9.204510000000000192e-01 -3.908570000000000100e-01 5.469999999999999602e-04
1.900000000000000000e+01 4.600000000000000000e+01 3.500000000000000000e+01 0.000000000000000000e+00 1.600000000000000089e+00 -3.009999999999999980e-04 3.052000000000000025e-03 -9.999949999999999672e-01 3.913760000000000017e-01 -9.202259999999999884e-01 -2.926000000000000215e-03 -9.202310000000000212e-01 -3.913749999999999729e-01 -9.179999999999999792e-04
2.400000000000000000e+01 4.600000000000000000e+01 3.500000000000000000e+01 0.000000000000000000e+00 1.600000000000000089e+00 -3.249999999999999851e-04 -3.040000000000000167e-04 -1.000000000000000000e+00 3.926600000000000090e-01 -9.196839999999999460e-01 1.520000000000000084e-04 -9.196830000000000283e-01 -3.926600000000000090e-01 4.189999999999999931e-04
2.800000000000000000e+01 4.600000000000000000e+01 3.500000000000000000e+01 0.000000000000000000e+00 1.600000000000000089e+00 5.159999999999999656e-04 1.320999999999999909e-03 -9.999989999999999712e-01 3.909329999999999750e-01 -9.204189999999999872e-01 -1.013999999999999927e-03 -9.204189999999999872e-01 -3.909320000000000017e-01 -9.909999999999999105e-04
5.000000000000000000e+00 3.000000000000000000e+00 4.300000000000000000e+01 0.000000000000000000e+00 1.600000000000000089e+00 -3.809999999999999910e-04 5.849000000000000032e-03 -9.999829999999999552e-01 7.406319999999999570e-01 -6.718969999999999665e-01 -4.211999999999999598e-03 -6.719100000000000072e-01 -7.406209999999999738e-01 -4.075999999999999762e-03
2.800000000000000000e+01 3.000000000000000000e+00 4.300000000000000000e+01 0.000000000000000000e+00 1.600000000000000089e+00 -4.068999999999999700e-03 -9.820999999999999869e-03 -9.999430000000000263e-01 7.369440000000000435e-01 -6.759439999999999893e-01 3.640000000000000006e-03 -6.759410000000000140e-01 -7.368879999999999875e-01 9.988000000000000350e-03
2.000000000000000000e+00 8.000000000000000000e+00 4.400000000000000000e+01 0.000000000000000000e+00 1.600000000000000089e+00 3.989000000000000358e-03 2.801999999999999803e-03 9.999879999999999880e-01 -7.886419999999999542e-01 -6.148329999999999629e-01 4.869000000000000064e-03 6.148390000000000244e-01 -7.886520000000000197e-01 -2.429999999999999977e-04
6.000000000000000000e+00 8.000000000000000000e+00 4.400000000000000000e+01 0.000000000000000000e+00 1.600000000000000089e+00 2.080999999999999951e-03 3.628999999999999847e-03 9.999909999999999632e-01 -7.899760000000000115e-01 -6.131250000000000311e-01 3.869000000000000043e-03 6.131339999999999568e-01 -7.899779999999999580e-01 1.590999999999999966e-03
1.000000000000000000e+00 2.900000000000000000e+01 4.400000000000000000e+01 0.000000000000000000e+00 1.600000000000000089e+00 6.449999999999999570e-04 3.000000000000000076e-06 -1.000000000000000000e+00 6.567549999999999777e-01 7.541039999999999965e-01 4.260000000000000006e-04 7.541039999999999965e-01 -6.567549999999999777e-01 4.840000000000000010e-04
5.000000000000000000e+00 2.900000000000000000e+01 4.400000000000000000e+01 0.000000000000000000e+00 1.600000000000000089e+00 -6.399999999999999710e-05 -1.245999999999999929e-03 -9.999989999999999712e-01 6.551709999999999479e-01 7.554800000000000404e-01 -9.829999999999999329e-04 7.554809999999999581e-01 -6.551709999999999479e-01 7.680000000000000195e-04
8.000000000000000000e+00 2.900000000000000000e+01 4.400000000000000000e+01 0.000000000000000000e+00 1.600000000000000089e+00 -1.106999999999999911e-03 -2.064999999999999995e-03 -9.999970000000000248e-01 6.550240000000000506e-01 7.556049999999999711e-01 -2.285000000000000139e-03 7.556070000000000286e-01 -6.550249999999999684e-01 5.159999999999999656e-04
1.400000000000000000e+01 2.900000000000000000e+01 4.400000000000000000e+01 0.000000000000000000e+00 1.600000000000000089e+00 1.502999999999999996e-03 8.859999999999999603e-04 -9.999989999999999712e-01 6.528549999999999631e-01 7.574809999999999599e-01 1.652000000000000040e-03 7.574809999999999599e-01 -6.528570000000000206e-01 5.599999999999999509e-04
1.700000000000000000e+01 2.900000000000000000e+01 4.400000000000000000e+01 0.000000000000000000e+00 1.600000000000000089e+00 -1.139000000000000038e-03 -1.265999999999999981e-03 -9.999989999999999712e-01 6.549500000000000322e-01 7.556699999999999529e-01 -1.703000000000000087e-03 7.556709999999999816e-01 -6.549509999999999499e-01 -3.199999999999999855e-05
2.100000000000000000e+01 2.900000000000000000e+01 4.400000000000000000e+01 0.000000000000000000e+00 1.600000000000000089e+00 -1.755999999999999965e-03 1.054000000000000032e-03 -9.999980000000000535e-01 6.586509999999999865e-01 7.524490000000000345e-01 -3.640000000000000115e-04 7.524469999999999770e-01 -6.586499999999999577e-01 -2.015999999999999997e-03
2.600000000000000000e+01 2.900000000000000000e+01 4.400000000000000000e+01 0.000000000000000000e+00 1.600000000000000089e+00 9.000000000000000228e-06 1.072999999999999952e-03 -9.999989999999999712e-01 6.543909999999999449e-01 7.561560000000000503e-01 8.180000000000000422e-04 7.561569999999999681e-01 -6.543900000000000272e-01 -6.960000000000000041e-04
1.100000000000000000e+01 6.500000000000000000e+01 4.600000000000000000e+01 0.000000000000000000e+00 1.600000000000000089e+00 3.213000000000000144e-03 -1.724999999999999971e-03 9.999930000000000208e-01 6.810589999999999700e-01 -7.322199999999999820e-01 -3.451000000000000074e-03 7.322210000000000107e-01 6.810659999999999492e-01 -1.177000000000000095e-03
1.000000000000000000e+00 7.000000000000000000e+01 4.700000000000000000e+01 0.000000000000000000e+00 1.600000000000000089e+00 2.079000000000000119e-03 -2.349999999999999930e-04 -9.999980000000000535e-01 -8.402290000000000036e-01 -5.422289999999999610e-01 -1.619999999999999912e-03 -5.422280000000000433e-01 8.402300000000000324e-01 -1.325000000000000006e-03
6.000000000000000000e+00 5.000000000000000000e+00 5.100000000000000000e+01 0.000000000000000000e+00 1.600000000000000089e+00 6.549999999999999833e-04 8.630000000000000518e-03 -9.999630000000000463e-01 4.670860000000000012e-01 -8.841820000000000235e-01 -7.323999999999999781e-03 -8.842119999999999980e-01 -4.670630000000000059e-01 -4.610000000000000382e-03
2.200000000000000000e+01 5.000000000000000000e+00 5.100000000000000000e+01 0.000000000000000000e+00 1.600000000000000089e+00 1.014600000000000050e-02 -1.177199999999999948e-02 -9.998789999999999623e-01 4.674860000000000126e-01 -8.838700000000000445e-01 1.515000000000000027e-02 -8.839420000000000055e-01 -4.675839999999999996e-01 -3.465000000000000198e-03
2.700000000000000000e+01 5.000000000000000000e+00 5.100000000000000000e+01 0.000000000000000000e+00 1.600000000000000089e+00 1.830000000000000029e-03 -7.183000000000000149e-03 -9.999719999999999720e-01 4.800619999999999887e-01 -8.772050000000000125e-01 7.179999999999999750e-03 -8.772330000000000405e-01 -4.800619999999999887e-01 1.843000000000000020e-03
1.300000000000000000e+01 6.000000000000000000e+00 5.100000000000000000e+01 0.000000000000000000e+00 1.600000000000000089e+00 -2.982999999999999974e-03 1.000999999999999980e-02 -9.999449999999999728e-01 2.874439999999999773e-01 -9.577400000000000357e-01 -1.044499999999999942e-02 -9.577930000000000055e-01 -2.874599999999999933e-01 -2.099999999999999884e-05
1.300000000000000000e+01 7.000000000000000000e+00 5.200000000000000000e+01 0.000000000000000000e+00 1.600000000000000089e+00 -1.221000000000000080e-03 8.706000000000000197e-03 -9.999609999999999888e-01 3.952800000000000064e-02 -9.991799999999999571e-01 -8.746999999999999567e-03 -9.992180000000000506e-01 -3.953700000000000270e-02 8.760000000000000425e-04
9.000000000000000000e+00 6.300000000000000000e+01 5.400000000000000000e+01 0.000000000000000000e+00 1.600000000000000089e+00 -8.890000000000000333e-04 -5.379999999999999583e-04 9.999989999999999712e-01 -3.469920000000000226e-01 9.378680000000000350e-01 1.959999999999999937e-04 -9.378680000000000350e-01 -3.469920000000000226e-01 -1.020000000000000073e-03
1.400000000000000000e+01 6.300000000000000000e+01 5.400000000000000000e+01 0.000000000000000000e+00 1.600000000000000089e+00 1.299999999999999886e-04 2.605000000000000111e-03 9.999970000000000248e-01 -3.486029999999999962e-01 9.372669999999999613e-01 -2.396000000000000126e-03 -9.372700000000000475e-01 -3.486020000000000230e-01 1.030000000000000100e-03
1.700000000000000000e+01 6.300000000000000000e+01 5.400000000000000000e+01 0.000000000000000000e+00 1.600000000000000089e+00 1.710000000000000094e-04 4.059000000000000108e-03 9.999919999999999920e-01 -3.527500000000000080e-01 9.357100000000000417e-01 -3.738000000000000003e-03 -9.357180000000000497e-01 -3.527460000000000040e-01 1.592000000000000099e-03
2.200000000000000000e+01 6.300000000000000000e+01 5.400000000000000000e+01 0.000000000000000000e+00 1.600000000000000089e+00 -1.990000000000000015e-03 -3.194999999999999923e-03 9.999930000000000208e-01 -3.515150000000000219e-01 9.361789999999999834e-01 2.292000000000000200e-03 -9.361800000000000122e-01 -3.515079999999999871e-01 -2.985999999999999939e-03
2.700000000000000000e+01 6.300000000000000000e+01 5.400000000000000000e+01 0.000000000000000000e+00 1.600000000000000089e+00 -1.147000000000000016e-03 9.000000000000000228e-06 9.999989999999999712e-01 -3.457109999999999905e-01 9.383409999999999807e-01 -4.049999999999999781e-04 -9.383399999999999519e-01 -3.457109999999999905e-01 -1.072999999999999952e-03
1.300000000000000000e+01 2.500000000000000000e+01 5.500000000000000000e+01 0.000000000000000000e+00 1.600000000000000089e+00 1.435999999999999993e-03 5.839999999999999705e-03 -9.999820000000000375e-01 -1.923199999999999910e-02 -9.997979999999999645e-01 -5.866999999999999819e-03 -9.998139999999999805e-01 1.924000000000000016e-02 -1.322999999999999957e-03
3.000000000000000000e+00 2.100000000000000000e+01 6.000000000000000000e+01 0.000000000000000000e+00 1.600000000000000089e+00 3.390000000000000001e-04 7.100000000000000408e-03 9.999749999999999472e-01 -9.507200000000000373e-02 9.954460000000000530e-01 -7.034999999999999587e-03 -9.954699999999999660e-01 -9.506699999999999873e-02 1.012000000000000096e-03
5.000000000000000000e+00 2.100000000000000000e+01 6.000000000000000000e+01 0.000000000000000000e+00 1.600000000000000089e+00 9.849999999999999815e-04 6.485000000000000313e-03 9.999780000000000335e-01 -9.433099999999999818e-02 9.955209999999999892e-01 -6.362999999999999733e-03 -9.955399999999999805e-01 -9.432200000000000306e-02 1.592000000000000099e-03
1.700000000000000000e+01 2.100000000000000000e+01 6.000000000000000000e+01 0.000000000000000000e+00 1.600000000000000089e+00 -9.899999999999999404e-05 5.383999999999999897e-03 9.999860000000000415e-01 -9.533200000000000007e-02 9.954309999999999548e-01 -5.368999999999999641e-03 -9.954450000000000243e-01 -9.533099999999999907e-02 4.139999999999999800e-04
2.100000000000000000e+01 2.100000000000000000e+01 6.000000000000000000e+01 0.000000000000000000e+00 1.600000000000000089e+00 7.039999999999999817e-04 5.270000000000000379e-03 9.999860000000000415e-01 -9.735499999999999710e-02 9.952360000000000095e-01 -5.177000000000000178e-03 -9.952490000000000503e-01 -9.735000000000000597e-02 1.214000000000000018e-03
2.600000000000000000e+01 2.100000000000000000e+01 6.000000000000000000e+01 0.000000000000000000e+00 1.600000000000000089e+00 -8.429999999999999993e-04 -6.433000000000000350e-03 9.999789999999999512e-01 -9.619099999999999873e-02 9.953429999999999778e-01 6.322000000000000362e-03 -9.953629999999999978e-01 -9.618400000000000560e-02 -1.458000000000000095e-03
1.000000000000000000e+00 6.700000000000000000e+01 6.000000000000000000e+01 0.000000000000000000e+00 1.600000000000000089e+00 -1.985999999999999918e-03 2.540999999999999856e-03 9.999949999999999672e-01 1.720109999999999972e-01 -9.850910000000000499e-01 2.844999999999999873e-03 9.850929999999999964e-01 1.720160000000000022e-01 1.518999999999999951e-03
1.100000000000000000e+01 6.700000000000000000e+01 6.000000000000000000e+01 0.000000000000000000e+00 1.600000000000000089e+00 -1.077999999999999965e-03 -2.635000000000000189e-03 9.999959999999999960e-01 1.749610000000000054e-01 -9.845720000000000027e-01 -2.406000000000000152e-03 9.845749999999999780e-01 1.749580000000000024e-01 1.521999999999999915e-03
1.700000000000000000e+01 6.700000000000000000e+01 6.000000000000000000e+01 0.000000000000000000e+00 1.600000000000000089e+00 1.789999999999999870e-04 1.628000000000000107e-03 9.999989999999999712e-01 1.757940000000000058e-01 -9.844260000000000232e-01 1.570999999999999914e-03 9.844270000000000520e-01 1.757930000000000048e-01 -4.620000000000000083e-04
