3.000000000000000000e+00 1.500000000000000000e+01 4.000000000000000000e+00 0.000000000000000000e+00 1.600000000000000089e+00 -5.070999999999999987e-03 1.714800000000000005e-02 9.998399999999999510e-01 2.886469999999999869e-01 -9.572690000000000365e-01 1.788100000000000106e-02 9.574219999999999953e-01 2.886909999999999754e-01 -9.500000000000000523e-05
2.000000000000000000e+01 1.600000000000000000e+01 4.000000000000000000e+00 0.000000000000000000e+00 1.600000000000000089e+00 -3.177999999999999835e-03 1.933599999999999902e-02 9.998080000000000300e-01 3.220529999999999782e-01 -9.465240000000000320e-01 1.932899999999999896e-02 9.467160000000000020e-01 3.220520000000000049e-01 -3.219000000000000073e-03
2.300000000000000000e+01 1.600000000000000000e+01 4.000000000000000000e+00 0.000000000000000000e+00 1.600000000000000089e+00 3.275999999999999832e-03 2.626300000000000162e-02 9.996500000000000385e-01 3.224150000000000071e-01 -9.462990000000000013e-01 2.380499999999999977e-02 9.465930000000000177e-01 3.222240000000000104e-01 -1.156800000000000016e-02
2.800000000000000000e+01 1.600000000000000000e+01 4.000000000000000000e+00 0.000000000000000000e+00 1.600000000000000089e+00 -4.009999999999999893e-04 1.412399999999999940e-02 9.999000000000000110e-01 3.249000000000000221e-01 -9.456520000000000481e-01 1.348799999999999999e-02 9.457480000000000331e-01 3.248730000000000229e-01 -4.210000000000000200e-03
8.000000000000000000e+00 1.010000000000000000e+02 7.000000000000000000e+00 0.000000000000000000e+00 1.600000000000000089e+00 2.583999999999999925e-03 -4.932999999999999885e-03 9.999850000000000128e-01 8.882860000000000200e-01 4.592899999999999761e-01 -2.900000000000000017e-05 -4.592829999999999968e-01 8.882729999999999793e-01 5.569000000000000165e-03
2.000000000000000000e+00 1.500000000000000000e+01 8.000000000000000000e+00 0.000000000000000000e+00 1.600000000000000089e+00 1.038099999999999960e-02 1.299499999999999961e-02 -9.998620000000000285e-01 -5.778079999999999883e-01 -8.160039999999999516e-01 -1.660500000000000170e-02 -8.161070000000000269e-01 5.778999999999999693e-01 -9.619999999999999645e-04
7.000000000000000000e+00 1.500000000000000000e+01 8.000000000000000000e+00 0.000000000000000000e+00 1.600000000000000089e+00 1.134300000000000065e-02 2.253600000000000048e-02 -9.996819999999999595e-01 -5.751180000000000181e-01 -8.176900000000000279e-01 -2.495800000000000102e-02 -8.179920000000000524e-01 5.752180000000000071e-01 3.686000000000000040e-03
1.500000000000000000e+01 1.500000000000000000e+01 8.000000000000000000e+00 0.000000000000000000e+00 1.600000000000000089e+00 6.532999999999999745e-03 2.121899999999999828e-02 -9.997530000000000028e-01 -5.680880000000000374e-01 -8.226949999999999541e-01 -2.117399999999999838e-02 -8.229419999999999513e-01 5.680859999999999799e-01 6.679000000000000041e-03
2.000000000000000000e+01 1.500000000000000000e+01 8.000000000000000000e+00 0.000000000000000000e+00 1.600000000000000089e+00 7.323999999999999781e-03 1.507900000000000039e-02 -9.998590000000000533e-01 -5.648840000000000527e-01 -8.250039999999999596e-01 -1.657899999999999999e-02 -8.251380000000000381e-01 5.649260000000000392e-01 2.475000000000000203e-03
2.500000000000000000e+01 1.500000000000000000e+01 8.000000000000000000e+00 0.000000000000000000e+00 1.600000000000000089e+00 4.741999999999999688e-03 2.141300000000000148e-02 -9.997589999999999533e-01 -5.641399999999999748e-01 -8.254280000000000506e-01 -2.035500000000000156e-02 -8.256660000000000110e-01 5.641009999999999636e-01 8.165000000000000382e-03
1.300000000000000000e+01 2.600000000000000000e+01 8.000000000000000000e+00 0.000000000000000000e+00 1.600000000000000089e+00 -7.340000000000000170e-03 -2.073900000000000049e-02 -9.997580000000000355e-01 4.126360000000000028e-01 9.106319999999999970e-01 -2.191999999999999851e-02 9.108659999999999535e-01 -4.126969999999999805e-01 1.874000000000000015e-03
1.900000000000000000e+01 2.600000000000000000e+01 8.000000000000000000e+00 0.000000000000000000e+00 1.600000000000000089e+00 -5.473999999999999699e-03 -1.444699999999999977e-02 -9.998810000000000198e-01 4.174689999999999790e-01 9.085600000000000342e-01 -1.541299999999999962e-02 9.086739999999999817e-01 -4.175039999999999862e-01 1.057999999999999913e-03
2.600000000000000000e+01 2.600000000000000000e+01 8.000000000000000000e+00 0.000000000000000000e+00 1.600000000000000089e+00 -4.399000000000000132e-03 -1.846100000000000171e-02 -9.998200000000000420e-01 4.213549999999999796e-01 9.067049999999999832e-01 -1.859600000000000142e-02 9.068850000000000522e-01 -4.213609999999999856e-01 3.789999999999999966e-03
3.000000000000000000e+01 1.400000000000000000e+01 9.000000000000000000e+00 0.000000000000000000e+00 1.600000000000000089e+00 6.498999999999999569e-03 1.530699999999999943e-02 -9.998620000000000285e-01 -5.585040000000000004e-01 -8.293409999999999949e-01 -1.632600000000000023e-02 -8.294759999999999911e-01 5.585329999999999462e-01 3.158999999999999916e-03
7.000000000000000000e+00 2.400000000000000000e+01 9.000000000000000000e+00 0.000000000000000000e+00 1.600000000000000089e+00 -9.528000000000000011e-03 -2.477100000000000135e-02 -9.996479999999999810e-01 4.641710000000000003e-01 8.853529999999999456e-01 -2.636300000000000102e-02 8.856939999999999813e-01 -4.642589999999999772e-01 3.063000000000000184e-03
1.200000000000000000e+01 2.400000000000000000e+01 9.000000000000000000e+00 0.000000000000000000e+00 1.600000000000000089e+00 -8.073999999999999580e-03 -2.545599999999999946e-02 -9.996429999999999483e-01 4.661989999999999745e-01 8.842900000000000205e-01 -2.628399999999999834e-02 8.846429999999999572e-01 -4.662439999999999918e-01 4.728000000000000431e-03
2.000000000000000000e+00 3.100000000000000000e+01 1.200000000000000000e+01 0.000000000000000000e+00 1.600000000000000089e+00 -1.359999999999999989e-04 1.858999999999999975e-03 9.999980000000000535e-01 1.977399999999999991e-02 9.998029999999999973e-01 -1.856000000000000011e-03 -9.998040000000000260e-01 1.977299999999999891e-02 -1.720000000000000066e-04
1.200000000000000000e+01 3.100000000000000000e+01 1.200000000000000000e+01 0.000000000000000000e+00 1.600000000000000089e+00 9.049999999999999885e-04 -1.381999999999999982e-03 9.999989999999999712e-01 9.676000000000000573e-03 9.999519999999999520e-01 1.373000000000000088e-03 -9.999529999999999808e-01 9.674999999999999573e-03 9.190000000000000035e-04
2.400000000000000000e+01 3.100000000000000000e+01 1.200000000000000000e+01 0.000000000000000000e+00 1.600000000000000089e+00 -2.997999999999999797e-03 1.366999999999999943e-03 9.999949999999999672e-01 1.509300000000000051e-02 9.998850000000000238e-01 -1.322000000000000041e-03 -9.998820000000000485e-01 1.508899999999999998e-02 -3.018999999999999982e-03
2.700000000000000000e+01 3.100000000000000000e+01 1.200000000000000000e+01 0.000000000000000000e+00 1.600000000000000089e+00 -2.105000000000000100e-03 -5.460000000000000443e-04 9.999980000000000535e-01 1.507400000000000059e-02 9.998860000000000525e-01 5.779999999999999548e-04 -9.998839999999999950e-01 1.507499999999999986e-02 -2.096000000000000207e-03
2.500000000000000000e+01 3.200000000000000000e+01 1.400000000000000000e+01 0.000000000000000000e+00 1.600000000000000089e+00 3.739000000000000136e-03 2.200000000000000078e-04 -9.999930000000000208e-01 1.216300000000000020e-01 9.925749999999999851e-01 6.729999999999999871e-04 9.925690000000000346e-01 -1.216310000000000030e-01 3.684999999999999908e-03
8.000000000000000000e+00 1.200000000000000000e+01 1.500000000000000000e+01 0.000000000000000000e+00 1.600000000000000089e+00 7.653000000000000080e-03 1.234799999999999960e-02 -9.998939999999999495e-01 -4.683249999999999913e-01 -8.834379999999999455e-01 -1.449399999999999994e-02 -8.835229999999999473e-01 4.683860000000000245e-01 -9.790000000000000525e-04
2.000000000000000000e+01 1.200000000000000000e+01 1.500000000000000000e+01 0.000000000000000000e+00 1.600000000000000089e+00 5.481999999999999894e-03 5.483000000000000027e-03 -9.999700000000000255e-01 -4.701199999999999823e-01 -8.825709999999999944e-01 -7.416999999999999982e-03 -8.825849999999999529e-01 4.701469999999999816e-01 -2.260999999999999989e-03
2.300000000000000000e+01 1.200000000000000000e+01 1.500000000000000000e+01 0.000000000000000000e+00 1.600000000000000089e+00 3.965999999999999907e-03 9.490999999999999437e-03 -9.999470000000000303e-01 -4.702339999999999853e-01 -8.824830000000000174e-01 -1.024100000000000010e-02 -8.825330000000000119e-01 4.702489999999999726e-01 9.629999999999999888e-04
6.000000000000000000e+00 1.160000000000000000e+02 1.600000000000000000e+01 0.000000000000000000e+00 1.600000000000000089e+00 -2.449999999999999921e-04 -2.792000000000000211e-03 9.999959999999999960e-01 7.055900000000000505e-01 7.086170000000000524e-01 2.151000000000000134e-03 -7.086200000000000276e-01 7.055879999999999930e-01 1.796000000000000070e-03
1.500000000000000000e+01 1.160000000000000000e+02 1.600000000000000000e+01 0.000000000000000000e+00 1.600000000000000089e+00 6.049999999999999606e-04 1.879999999999999944e-03 9.999980000000000535e-01 6.692219999999999835e-01 7.430600000000000538e-01 -1.801999999999999999e-03 -7.430620000000000003e-01 6.692219999999999835e-01 -8.090000000000000403e-04
1.900000000000000000e+01 1.160000000000000000e+02 1.600000000000000000e+01 0.000000000000000000e+00 1.600000000000000089e+00 -2.599999999999999772e-04 -1.258000000000000004e-03 9.999989999999999712e-01 6.716539999999999733e-01 7.408639999999999670e-01 1.106999999999999911e-03 -7.408649999999999958e-01 6.716529999999999445e-01 6.520000000000000188e-04
9.000000000000000000e+00 2.000000000000000000e+00 1.900000000000000000e+01 0.000000000000000000e+00 1.600000000000000089e+00 -5.289999999999999564e-04 4.850000000000000144e-03 -9.999879999999999880e-01 1.725520000000000109e-01 -9.849879999999999747e-01 -4.869000000000000064e-03 -9.849999999999999867e-01 -1.725530000000000119e-01 -3.159999999999999832e-04
1.400000000000000000e+01 2.000000000000000000e+00 1.900000000000000000e+01 0.000000000000000000e+00 1.600000000000000089e+00 -1.062000000000000010e-03 9.020000000000000240e-04 -9.999989999999999712e-01 1.685869999999999869e-01 -9.856859999999999511e-01 -1.067999999999999939e-03 -9.856859999999999511e-01 -1.685879999999999879e-01 8.949999999999999623e-04
1.700000000000000000e+01 2.000000000000000000e+00 1.900000000000000000e+01 0.000000000000000000e+00 1.600000000000000089e+00 -2.299999999999999961e-03 6.409999999999999682e-04 -9.999970000000000248e-01 1.669619999999999993e-01 -9.859630000000000338e-01 -1.015999999999999976e-03 -9.859609999999999763e-01 -1.669640000000000013e-01 2.161000000000000160e-03
2.100000000000000000e+01 2.000000000000000000e+00 1.900000000000000000e+01 0.000000000000000000e+00 1.600000000000000089e+00 -1.003999999999999901e-03 -2.049999999999999956e-04 -9.999989999999999712e-01 1.672639999999999960e-01 -9.859120000000000106e-01 3.399999999999999973e-05 -9.859120000000000106e-01 -1.672639999999999960e-01 1.023999999999999954e-03
2.600000000000000000e+01 2.000000000000000000e+00 1.900000000000000000e+01 0.000000000000000000e+00 1.600000000000000089e+00 2.331999999999999872e-03 6.976000000000000430e-03 -9.999730000000000008e-01 1.692140000000000033e-01 -9.855580000000000451e-01 -6.479999999999999649e-03 -9.855770000000000364e-01 -1.691940000000000111e-01 -3.478999999999999888e-03
5.000000000000000000e+00 4.000000000000000000e+00 2.000000000000000000e+01 0.000000000000000000e+00 1.600000000000000089e+00 -1.224000000000000045e-03 2.148999999999999869e-03 -9.999970000000000248e-01 2.767430000000000168e-01 -9.609410000000000451e-01 -2.403999999999999887e-03 -9.609429999999999916e-01 -2.767450000000000188e-01 5.810000000000000277e-04
9.000000000000000000e+00 4.000000000000000000e+00 2.000000000000000000e+01 0.000000000000000000e+00 1.600000000000000089e+00 -1.446000000000000020e-03 6.836000000000000063e-03 -9.999759999999999760e-01 2.727040000000000020e-01 -9.620729999999999560e-01 -6.970999999999999766e-03 -9.620969999999999800e-01 -2.727080000000000060e-01 -4.730000000000000046e-04
4.000000000000000000e+00 1.300000000000000000e+01 2.000000000000000000e+01 0.000000000000000000e+00 1.600000000000000089e+00 1.590999999999999966e-03 -8.611999999999999864e-03 9.999620000000000175e-01 2.586379999999999790e-01 9.659419999999999673e-01 7.908000000000000099e-03 -9.659729999999999706e-01 2.586160000000000125e-01 3.763999999999999985e-03
8.000000000000000000e+00 1.300000000000000000e+01 2.000000000000000000e+01 0.000000000000000000e+00 1.600000000000000089e+00 3.040000000000000167e-04 -1.026999999999999962e-02 9.999470000000000303e-01 2.583239999999999981e-01 9.660079999999999778e-01 9.842999999999999319e-03 -9.660579999999999723e-01 2.583070000000000088e-01 2.946999999999999967e-03
1.300000000000000000e+01 1.300000000000000000e+01 2.000000000000000000e+01 0.000000000000000000e+00 1.600000000000000089e+00 -5.360000000000000181e-04 -1.479999999999999925e-04 1.000000000000000000e+00 2.594130000000000047e-01 9.657660000000000133e-01 2.820000000000000241e-04 -9.657660000000000133e-01 2.594130000000000047e-01 -4.789999999999999879e-04
2.000000000000000000e+01 1.300000000000000000e+01 2.000000000000000000e+01 0.000000000000000000e+00 1.600000000000000089e+00 -6.799999999999999946e-05 -7.574000000000000003e-03 9.999710000000000543e-01 2.594770000000000132e-01 9.657219999999999693e-01 7.331999999999999976e-03 -9.657489999999999686e-01 2.594699999999999784e-01 1.899999999999999996e-03
2.400000000000000000e+01 1.300000000000000000e+01 2.000000000000000000e+01 0.000000000000000000e+00 1.600000000000000089e+00 -3.780000000000000265e-04 2.226000000000000114e-03 9.999970000000000248e-01 2.601169999999999871e-01 9.655749999999999611e-01 -2.050999999999999872e-03 -9.655770000000000186e-01 2.601160000000000139e-01 -9.439999999999999607e-04
2.800000000000000000e+01 1.300000000000000000e+01 2.000000000000000000e+01 0.000000000000000000e+00 1.600000000000000089e+00 -1.740999999999999926e-03 3.983000000000000429e-03 9.999909999999999632e-01 2.631760000000000210e-01 9.647419999999999884e-01 -3.383999999999999855e-03 -9.647459999999999924e-01 2.631680000000000130e-01 -2.727999999999999956e-03
5.000000000000000000e+00 1.600000000000000000e+01 2.100000000000000000e+01 0.000000000000000000e+00 1.600000000000000089e+00 1.480999999999999895e-03 -4.305999999999999932e-03 9.999900000000000455e-01 2.951650000000000107e-01 9.554390000000000382e-01 3.676000000000000014e-03 -9.554449999999999887e-01 2.951559999999999739e-01 2.686000000000000019e-03
1.300000000000000000e+01 1.600000000000000000e+01 2.100000000000000000e+01 0.000000000000000000e+00 1.600000000000000089e+00 1.029999999999999964e-04 5.546999999999999847e-03 9.999850000000000128e-01 2.965800000000000103e-01 9.549929999999999808e-01 -5.328000000000000271e-03 -9.550079999999999680e-01 2.965760000000000063e-01 -1.546000000000000065e-03
1.700000000000000000e+01 1.600000000000000000e+01 2.100000000000000000e+01 0.000000000000000000e+00 1.600000000000000089e+00 -6.890000000000000508e-04 -5.002999999999999635e-03 9.999869999999999592e-01 2.965380000000000238e-01 9.550079999999999680e-01 4.982999999999999582e-03 -9.550210000000000088e-01 2.965380000000000238e-01 8.249999999999999955e-04
2.100000000000000000e+01 1.600000000000000000e+01 2.100000000000000000e+01 0.000000000000000000e+00 1.600000000000000089e+00 -5.099999999999999960e-05 -5.361999999999999579e-03 9.999860000000000415e-01 2.967420000000000058e-01 9.549440000000000150e-01 5.135999999999999940e-03 -9.549579999999999735e-01 2.967380000000000018e-01 1.543000000000000101e-03
7.000000000000000000e+00 3.000000000000000000e+00 2.500000000000000000e+01 0.000000000000000000e+00 1.600000000000000089e+00 -4.823000000000000030e-03 7.966000000000000858e-03 9.999569999999999848e-01 -1.602800000000000058e-02 -9.998399999999999510e-01 7.887999999999999179e-03 9.998599999999999710e-01 -1.598899999999999974e-02 4.950000000000000407e-03
4.000000000000000000e+00 4.600000000000000000e+01 2.700000000000000000e+01 0.000000000000000000e+00 1.600000000000000089e+00 1.160000000000000007e-03 1.897999999999999948e-03 -9.999970000000000248e-01 6.799260000000000304e-01 7.332769999999999566e-01 2.181000000000000213e-03 7.332800000000000429e-01 -6.799269999999999481e-01 -4.400000000000000157e-04
1.000000000000000000e+01 4.600000000000000000e+01 2.700000000000000000e+01 0.000000000000000000e+00 1.600000000000000089e+00 5.969999999999999829e-04 -6.310000000000000504e-04 -1.000000000000000000e+00 6.847670000000000146e-01 7.287620000000000209e-01 -5.099999999999999960e-05 7.287609999999999921e-01 -6.847670000000000146e-01 8.670000000000000406e-04
2.000000000000000000e+01 4.600000000000000000e+01 2.700000000000000000e+01 0.000000000000000000e+00 1.600000000000000089e+00 8.229999999999999469e-04 1.203000000000000076e-03 -9.999989999999999712e-01 6.799730000000000496e-01 7.332359999999999989e-01 1.441999999999999922e-03 7.332370000000000276e-01 -6.799730000000000496e-01 -2.149999999999999947e-04
2.200000000000000000e+01 4.600000000000000000e+01 3.000000000000000000e+01 0.000000000000000000e+00 1.600000000000000089e+00 4.180000000000000230e-04 9.000000000000000228e-06 -1.000000000000000000e+00 3.365290000000000226e-01 9.416729999999999823e-01 1.489999999999999897e-04 9.416729999999999823e-01 -3.365290000000000226e-01 3.910000000000000172e-04
3.000000000000000000e+00 5.800000000000000000e+01 3.100000000000000000e+01 0.000000000000000000e+00 1.600000000000000089e+00 2.442000000000000160e-03 7.631999999999999895e-03 9.999679999999999680e-01 -7.996220000000000550e-01 -6.004680000000000017e-01 6.535000000000000010e-03 6.004990000000000050e-01 -7.996119999999999894e-01 4.636000000000000364e-03
1.100000000000000000e+01 5.800000000000000000e+01 3.100000000000000000e+01 0.000000000000000000e+00 1.600000000000000089e+00 6.629999999999999609e-04 2.849999999999999886e-04 1.000000000000000000e+00 -8.013710000000000555e-01 -5.981670000000000043e-01 7.010000000000000172e-04 5.981670000000000043e-01 -8.013710000000000555e-01 -1.679999999999999907e-04
1.600000000000000000e+01 5.800000000000000000e+01 3.100000000000000000e+01 0.000000000000000000e+00 1.600000000000000089e+00 2.132000000000000214e-03 4.789999999999999987e-03 9.999860000000000415e-01 -7.990530000000000133e-01 -6.012429999999999719e-01 4.584000000000000401e-03 6.012570000000000414e-01 -7.990519999999999845e-01 2.546000000000000086e-03
2.700000000000000000e+01 5.800000000000000000e+01 3.100000000000000000e+01 0.000000000000000000e+00 1.600000000000000089e+00 -1.041000000000000042e-03 -9.650000000000000374e-04 9.999989999999999712e-01 -7.967539999999999623e-01 -6.043020000000000058e-01 -1.412000000000000061e-03 6.043020000000000058e-01 -7.967549999999999910e-01 -1.399999999999999877e-04
7.000000000000000000e+00 4.600000000000000000e+01 3.500000000000000000e+01 0.000000000000000000e+00 1.600000000000000089e+00 -4.539999999999999765e-04 -6.189999999999999756e-04 -1.000000000000000000e+00 3.866330000000000044e-01 -9.222329999999999695e-01 3.959999999999999762e-04 -9.222329999999999695e-01 -3.866330000000000044e-01 6.579999999999999478e-04
1.000000000000000000e+01 4.600000000000000000e+01 3.500000000000000000e+01 0.000000000000000000e+00 1.600000000000000089e+00 -6.679999999999999740e-04 1.358999999999999965e-03 -9.999989999999999712e-01 3.860049999999999870e-01 -9.224949999999999539e-01 -1.512000000000000106e-03 -9.224959999999999827e-01 -3.860060000000000158e-01 9.100000000000000287e-05
1.400000000000000000e+01 4.600000000000000000e+01 3.500000000000000000e+01 0.000000000000000000e+00 1.600000000000000089e+00 -5.320000000000000293e-04 1.544999999999999932e-03 -9.999989999999999712e-01 3.864049999999999985e-01 -9.223280000000000367e-01 -1.629999999999999939e-03 -9.223289999999999544e-01 -3.864049999999999985e-01 -1.069999999999999988e-04
2.500000000000000000e+01 4.600000000000000000e+01 3.500000000000000000e+01 0.000000000000000000e+00 1.600000000000000089e+00 -1.786000000000000044e-03 5.315000000000000280e-03 -9.999839999999999840e-01 3.916589999999999794e-01 -9.200930000000000497e-01 -5.590000000000000351e-03 -9.201089999999999547e-01 -3.916629999999999834e-01 -4.380000000000000213e-04
2.900000000000000000e+01 4.600000000000000000e+01 3.500000000000000000e+01 0.000000000000000000e+00 1.600000000000000089e+00 5.500000000000000196e-05 1.294999999999999927e-03 -9.999989999999999712e-01 3.904380000000000073e-01 -9.206280000000000019e-01 -1.170999999999999949e-03 -9.206290000000000306e-01 -3.904380000000000073e-01 -5.559999999999999621e-04
2.000000000000000000e+00 9.500000000000000000e+01 3.600000000000000000e+01 0.000000000000000000e+00 1.600000000000000089e+00 -5.632999999999999986e-03 -9.513000000000000622e-03 9.999390000000000223e-01 9.970390000000000086e-01 7.663000000000000367e-02 6.346000000000000078e-03 -7.668600000000000416e-02 9.970139999999999558e-01 9.053999999999999548e-03
8.000000000000000000e+00 9.500000000000000000e+01 3.600000000000000000e+01 0.000000000000000000e+00 1.600000000000000089e+00 5.483000000000000027e-03 -1.507299999999999959e-02 9.998709999999999543e-01 9.975549999999999695e-01 6.974900000000000544e-02 -4.419000000000000185e-03 -6.967299999999999882e-02 9.974509999999999765e-01 1.541900000000000041e-02
1.700000000000000000e+01 9.500000000000000000e+01 3.600000000000000000e+01 0.000000000000000000e+00 1.600000000000000089e+00 -2.286999999999999970e-03 3.000000000000000076e-05 9.999970000000000248e-01 9.970729999999999871e-01 7.641699999999999882e-02 2.278000000000000077e-03 -7.641599999999999782e-02 9.970759999999999623e-01 -2.039999999999999984e-04
2.100000000000000000e+01 9.500000000000000000e+01 3.600000000000000000e+01 0.000000000000000000e+00 1.600000000000000089e+00 -4.745000000000000086e-03 -1.810700000000000157e-02 9.998249999999999638e-01 9.968510000000000426e-01 7.905900000000000427e-02 6.163000000000000075e-03 -7.915700000000000514e-02 9.967049999999999521e-01 1.767399999999999874e-02
2.500000000000000000e+01 9.500000000000000000e+01 3.600000000000000000e+01 0.000000000000000000e+00 1.600000000000000089e+00 4.890000000000000249e-03 1.139599999999999988e-02 9.999230000000000063e-01 9.965150000000000396e-01 8.321599999999999830e-02 -5.821999999999999918e-03 -8.327600000000000280e-02 9.964659999999999629e-01 -1.094999999999999966e-02
2.900000000000000000e+01 9.500000000000000000e+01 3.600000000000000000e+01 0.000000000000000000e+00 1.600000000000000089e+00 7.464000000000000148e-03 1.808799999999999991e-02 9.998089999999999478e-01 9.964769999999999461e-01 8.339000000000000579e-02 -8.947999999999999357e-03 -8.353599999999999914e-02 9.963530000000000442e-01 -1.740200000000000080e-02
5.000000000000000000e+00 2.900000000000000000e+01 4.400000000000000000e+01 0.000000000000000000e+00 1.600000000000000089e+00 -1.508000000000000009e-03 2.428000000000000037e-03 -9.999959999999999960e-01 6.645060000000000411e-01 7.472830000000000306e-01 8.130000000000000291e-04 7.472820000000000018e-01 -6.645020000000000371e-01 -2.739999999999999814e-03
1.100000000000000000e+01 2.900000000000000000e+01 4.400000000000000000e+01 0.000000000000000000e+00 1.600000000000000089e+00 -6.026000000000000106e-03 -1.902999999999999961e-03 -9.999799999999999800e-01 6.446739999999999693e-01 7.644389999999999796e-01 -5.340000000000000129e-03 7.644339999999999469e-01 -6.446929999999999605e-01 -3.379000000000000059e-03
1.600000000000000000e+01 2.900000000000000000e+01 4.400000000000000000e+01 0.000000000000000000e+00 1.600000000000000089e+00 -1.616000000000000032e-03 -1.683999999999999950e-03 -9.999970000000000248e-01 6.391850000000000032e-01 7.690489999999999826e-01 -2.328000000000000208e-03 7.690510000000000401e-01 -6.391869999999999497e-01 -1.669999999999999935e-04
2.700000000000000000e+01 2.900000000000000000e+01 4.400000000000000000e+01 0.000000000000000000e+00 1.600000000000000089e+00 4.141999999999999849e-03 6.489999999999999459e-04 -9.999909999999999632e-01 6.698389999999999622e-01 7.424990000000000201e-01 3.256000000000000213e-03 7.424939999999999873e-01 -6.698469999999999702e-01 2.641000000000000118e-03
1.900000000000000000e+01 6.000000000000000000e+00 5.100000000000000000e+01 0.000000000000000000e+00 1.600000000000000089e+00 -5.421999999999999736e-03 2.269000000000000183e-03 -9.999829999999999552e-01 3.232729999999999770e-01 -9.462979999999999725e-01 -3.899999999999999821e-03 -9.462899999999999645e-01 -3.232889999999999930e-01 4.396999999999999867e-03
2.300000000000000000e+01 7.000000000000000000e+00 5.200000000000000000e+01 0.000000000000000000e+00 1.600000000000000089e+00 -2.892000000000000039e-03 1.776000000000000018e-03 -9.999940000000000495e-01 8.887599999999999667e-02 -9.960409999999999542e-01 -2.026000000000000023e-03 -9.960379999999999789e-01 -8.888200000000000267e-02 2.722000000000000027e-03
6.000000000000000000e+00 1.500000000000000000e+01 5.300000000000000000e+01 0.000000000000000000e+00 1.600000000000000089e+00 1.061000000000000094e-03 1.259999999999999998e-04 -9.999989999999999712e-01 6.774879999999999791e-01 7.355340000000000211e-01 8.109999999999999805e-04 7.355329999999999924e-01 -6.774879999999999791e-01 6.949999999999999798e-04
2.000000000000000000e+00 6.300000000000000000e+01 5.400000000000000000e+01 0.000000000000000000e+00 1.600000000000000089e+00 1.353999999999999952e-03 1.110000000000000011e-04 9.999989999999999712e-01 -3.512430000000000274e-01 9.362840000000000051e-01 3.719999999999999891e-04 -9.362840000000000051e-01 -3.512430000000000274e-01 1.307000000000000002e-03
6.000000000000000000e+00 6.300000000000000000e+01 5.400000000000000000e+01 0.000000000000000000e+00 1.600000000000000089e+00 -4.939999999999999730e-04 4.499999999999999877e-04 1.000000000000000000e+00 -3.498149999999999871e-01 9.368189999999999573e-01 -5.940000000000000184e-04 -9.368189999999999573e-01 -3.498149999999999871e-01 -3.049999999999999868e-04
1.600000000000000000e+01 6.300000000000000000e+01 5.400000000000000000e+01 0.000000000000000000e+00 1.600000000000000089e+00 -5.410000000000000312e-04 2.099999999999999884e-05 1.000000000000000000e+00 -3.519939999999999736e-01 9.360020000000000007e-01 -2.100000000000000087e-04 -9.360020000000000007e-01 -3.519939999999999736e-01 -4.989999999999999861e-04
2.200000000000000000e+01 6.300000000000000000e+01 5.400000000000000000e+01 0.000000000000000000e+00 1.600000000000000089e+00 1.000999999999999937e-03 -1.072000000000000036e-03 9.999989999999999712e-01 -3.528330000000000077e-01 9.356849999999999890e-01 1.356999999999999916e-03 -9.356860000000000177e-01 -3.528339999999999810e-01 5.580000000000000107e-04
2.700000000000000000e+01 6.300000000000000000e+01 5.400000000000000000e+01 0.000000000000000000e+00 1.600000000000000089e+00 -1.325000000000000006e-03 5.429999999999999714e-04 9.999989999999999712e-01 -3.564660000000000051e-01 9.343080000000000274e-01 -9.799999999999999684e-04 -9.343069999999999986e-01 -3.564669999999999783e-01 -1.044000000000000006e-03
2.000000000000000000e+00 2.500000000000000000e+01 5.500000000000000000e+01 0.000000000000000000e+00 1.600000000000000089e+00 9.810000000000001011e-04 1.028000000000000051e-03 -9.999989999999999712e-01 -1.165500000000000043e-02 -9.999320000000000430e-01 -1.039999999999999909e-03 -9.999320000000000430e-01 1.165599999999999969e-02 -9.690000000000000262e-04
4.000000000000000000e+00 2.500000000000000000e+01 5.500000000000000000e+01 0.000000000000000000e+00 1.600000000000000089e+00 1.186999999999999904e-03 3.007999999999999823e-03 -9.999949999999999672e-01 -1.144399999999999931e-02 -9.999299999999999855e-01 -3.020999999999999814e-03 -9.999339999999999895e-01 1.144799999999999984e-02 -1.152000000000000029e-03
1.500000000000000000e+01 2.500000000000000000e+01 5.500000000000000000e+01 0.000000000000000000e+00 1.600000000000000089e+00 1.314999999999999980e-03 -1.978999999999999856e-03 -9.999970000000000248e-01 -1.272000000000000040e-02 -9.999169999999999447e-01 1.962000000000000202e-03 -9.999179999999999735e-01 1.271800000000000014e-02 -1.340000000000000045e-03
2.000000000000000000e+01 2.500000000000000000e+01 5.500000000000000000e+01 0.000000000000000000e+00 1.600000000000000089e+00 -1.149999999999999981e-03 1.536999999999999955e-03 -9.999980000000000535e-01 -1.270800000000000055e-02 -9.999179999999999735e-01 -1.523000000000000048e-03 -9.999190000000000023e-01 1.270600000000000028e-02 1.168999999999999900e-03
2.500000000000000000e+01 2.500000000000000000e+01 5.500000000000000000e+01 0.000000000000000000e+00 1.600000000000000089e+00 -8.409999999999999507e-04 -4.024999999999999932e-03 -9.999919999999999920e-01 -1.046399999999999934e-02 -9.999369999999999647e-01 4.033000000000000126e-03 -9.999449999999999728e-01 1.046700000000000061e-02 7.990000000000000140e-04
3.000000000000000000e+00 5.800000000000000000e+01 5.900000000000000000e+01 0.000000000000000000e+00 1.600000000000000089e+00 -8.061999999999999722e-03 5.370999999999999906e-03 -9.999529999999999808e-01 3.871609999999999774e-01 9.220099999999999962e-01 1.830999999999999945e-03 9.219770000000000465e-01 -3.871280000000000276e-01 -9.511999999999999622e-03
2.600000000000000000e+01 5.800000000000000000e+01 5.900000000000000000e+01 0.000000000000000000e+00 1.600000000000000089e+00 -2.631000000000000092e-03 -6.014000000000000248e-03 -9.999780000000000335e-01 3.817599999999999882e-01 9.242380000000000040e-01 -6.563000000000000257e-03 9.242580000000000240e-01 -3.817690000000000250e-01 -1.359999999999999989e-04
2.900000000000000000e+01 6.000000000000000000e+00 6.100000000000000000e+01 0.000000000000000000e+00 1.600000000000000089e+00 -2.664000000000000135e-03 5.852999999999999696e-03 9.999789999999999512e-01 5.648170000000000135e-01 -8.251920000000000366e-01 6.334000000000000220e-03 8.252119999999999456e-01 5.648229999999999640e-01 -1.106999999999999911e-03
1.000000000000000000e+01 3.000000000000000000e+00 6.300000000000000000e+01 0.000000000000000000e+00 1.600000000000000089e+00 3.477000000000000056e-03 -7.067999999999999630e-03 9.999689999999999968e-01 -6.168209999999999527e-01 7.870650000000000146e-01 7.707000000000000309e-03 -7.870949999999999891e-01 -6.168289999999999607e-01 -1.623000000000000094e-03
1.300000000000000000e+01 3.000000000000000000e+00 6.300000000000000000e+01 0.000000000000000000e+00 1.600000000000000089e+00 9.909999999999999105e-04 -4.890000000000000249e-03 9.999869999999999592e-01 -6.177570000000000006e-01 7.863560000000000549e-01 4.457000000000000024e-03 -7.863679999999999559e-01 -6.177540000000000253e-01 -2.242000000000000069e-03
2.000000000000000000e+00 2.700000000000000000e+01 6.300000000000000000e+01 0.000000000000000000e+00 1.600000000000000089e+00 -1.402999999999999950e-03 -6.727999999999999606e-03 9.999759999999999760e-01 -2.789449999999999985e-01 9.602880000000000305e-01 6.069999999999999875e-03 -9.603059999999999929e-01 -2.789289999999999825e-01 -3.223999999999999869e-03
1.000000000000000000e+01 2.700000000000000000e+01 6.300000000000000000e+01 0.000000000000000000e+00 1.600000000000000089e+00 2.300000000000000070e-04 1.208000000000000089e-03 9.999989999999999712e-01 -2.828979999999999828e-01 9.591490000000000293e-01 -1.093999999999999920e-03 -9.591499999999999471e-01 -2.828970000000000096e-01 5.630000000000000239e-04
1.400000000000000000e+01 2.700000000000000000e+01 6.300000000000000000e+01 0.000000000000000000e+00 1.600000000000000089e+00 4.500000000000000283e-05 1.257000000000000088e-03 9.999989999999999712e-01 -2.836400000000000032e-01 9.589299999999999491e-01 -1.193000000000000050e-03 -9.589309999999999778e-01 -2.836400000000000032e-01 3.989999999999999949e-04
1.800000000000000000e+01 2.700000000000000000e+01 6.300000000000000000e+01 0.000000000000000000e+00 1.600000000000000089e+00 -2.849999999999999886e-04 4.565999999999999746e-03 9.999900000000000455e-01 -2.837120000000000197e-01 9.588989999999999458e-01 -4.460000000000000422e-03 -9.589100000000000401e-01 -2.837100000000000177e-01 1.021999999999999905e-03
2.300000000000000000e+01 2.700000000000000000e+01 6.300000000000000000e+01 0.000000000000000000e+00 1.600000000000000089e+00 -1.755999999999999965e-03 -2.962999999999999922e-03 9.999940000000000495e-01 -2.838860000000000272e-01 9.588550000000000129e-01 2.343000000000000031e-03 -9.588560000000000416e-01 -2.838809999999999945e-01 -2.524999999999999901e-03
3.000000000000000000e+01 2.700000000000000000e+01 6.300000000000000000e+01 0.000000000000000000e+00 1.600000000000000089e+00 3.959999999999999762e-04 -1.141700000000000007e-02 9.999350000000000183e-01 -2.801339999999999941e-01 9.598970000000000002e-01 1.106999999999999998e-02 -9.599609999999999532e-01 -2.801199999999999801e-01 -2.818000000000000192e-03
2.000000000000000000e+00 2.600000000000000000e+01 6.400000000000000000e+01 0.000000000000000000e+00 1.600000000000000089e+00 -2.719999999999999979e-04 -6.383999999999999918e-03 9.999799999999999800e-01 -3.587319999999999953e-01 9.334219999999999740e-01 5.860999999999999890e-03 -9.334409999999999652e-01 -3.587230000000000141e-01 -2.543999999999999821e-03
7.000000000000000000e+00 2.600000000000000000e+01 6.400000000000000000e+01 0.000000000000000000e+00 1.600000000000000089e+00 3.690000000000000246e-04 1.876000000000000063e-03 9.999980000000000535e-01 -3.626300000000000079e-01 9.319319999999999826e-01 -1.613999999999999983e-03 -9.319330000000000114e-01 -3.626280000000000059e-01 1.023999999999999954e-03
1.400000000000000000e+01 2.600000000000000000e+01 6.400000000000000000e+01 0.000000000000000000e+00 1.600000000000000089e+00 1.820000000000000057e-04 1.562000000000000020e-03 9.999989999999999712e-01 -3.639490000000000225e-01 9.314179999999999682e-01 -1.387999999999999911e-03 -9.314189999999999969e-01 -3.639479999999999937e-01 7.380000000000000492e-04
1.800000000000000000e+01 2.600000000000000000e+01 6.400000000000000000e+01 0.000000000000000000e+00 1.600000000000000089e+00 -8.239999999999999712e-04 3.981000000000000164e-03 9.999919999999999920e-01 -3.649020000000000041e-01 9.310370000000000035e-01 -4.008000000000000278e-03 -9.310460000000000402e-01 -3.649020000000000041e-01 6.849999999999999535e-04
2.200000000000000000e+01 2.600000000000000000e+01 6.400000000000000000e+01 0.000000000000000000e+00 1.600000000000000089e+00 -2.455000000000000151e-03 -1.508000000000000009e-03 9.999959999999999960e-01 -3.669780000000000264e-01 9.302289999999999726e-01 5.019999999999999506e-04 -9.302259999999999973e-01 -3.669760000000000244e-01 -2.837000000000000112e-03
3.000000000000000000e+01 2.600000000000000000e+01 6.400000000000000000e+01 0.000000000000000000e+00 1.600000000000000089e+00 8.919999999999999978e-04 -1.079899999999999957e-02 9.999409999999999688e-01 -3.656260000000000066e-01 9.307039999999999758e-01 1.037700000000000081e-02 -9.307609999999999495e-01 -3.656139999999999946e-01 -3.118000000000000112e-03
1.600000000000000000e+01 6.900000000000000000e+01 6.600000000000000000e+01 0.000000000000000000e+00 1.600000000000000089e+00 -1.330000000000000019e-03 -9.859999999999998974e-04 9.999989999999999712e-01 -9.502059999999999951e-01 3.116209999999999813e-01 -9.569999999999999514e-04 -3.116200000000000081e-01 -9.502059999999999951e-01 -1.351999999999999903e-03
5.000000000000000000e+00 2.500000000000000000e+01 7.300000000000000000e+01 0.000000000000000000e+00 1.600000000000000089e+00 -1.639999999999999965e-03 -3.994000000000000154e-03 9.999909999999999632e-01 7.564760000000000373e-01 -6.540190000000000170e-01 -1.371999999999999956e-03 6.540190000000000170e-01 7.564670000000000005e-01 4.093000000000000284e-03
1.100000000000000000e+01 2.500000000000000000e+01 7.300000000000000000e+01 0.000000000000000000e+00 1.600000000000000089e+00 1.299999999999999886e-04 8.440000000000000236e-04 1.000000000000000000e+00 7.540540000000000020e-01 -6.568119999999999514e-01 4.560000000000000251e-04 6.568129999999999802e-01 7.540529999999999733e-01 -7.209999999999999612e-04
1.900000000000000000e+01 2.500000000000000000e+01 7.300000000000000000e+01 0.000000000000000000e+00 1.600000000000000089e+00 9.340000000000000429e-04 -1.108999999999999960e-03 9.999989999999999712e-01 7.532529999999999504e-01 -6.577290000000000081e-01 -1.433000000000000029e-03 6.577300000000000368e-01 7.532539999999999791e-01 2.210000000000000050e-04
2.600000000000000000e+01 2.500000000000000000e+01 7.300000000000000000e+01 0.000000000000000000e+00 1.600000000000000089e+00 9.699999999999999963e-05 4.178000000000000290e-03 9.999909999999999632e-01 7.544459999999999500e-01 -6.563569999999999682e-01 2.668999999999999932e-03 6.563620000000000010e-01 7.544389999999999707e-01 -3.216000000000000109e-03
2.000000000000000000e+00 4.400000000000000000e+01 7.300000000000000000e+01 0.000000000000000000e+00 1.600000000000000089e+00 -2.327000000000000075e-03 -3.256000000000000213e-03 9.999919999999999920e-01 4.936000000000000110e-02 -9.987759999999999971e-01 -3.137000000000000031e-03 9.987780000000000546e-01 4.935300000000000104e-02 2.484999999999999796e-03
8.000000000000000000e+00 4.400000000000000000e+01 7.300000000000000000e+01 0.000000000000000000e+00 1.600000000000000089e+00 5.249999999999999676e-04 2.115999999999999825e-03 9.999980000000000535e-01 5.017499999999999738e-02 -9.987380000000000146e-01 2.086000000000000180e-03 9.987399999999999611e-01 5.017400000000000332e-02 -6.310000000000000504e-04
1.200000000000000000e+01 4.400000000000000000e+01 7.300000000000000000e+01 0.000000000000000000e+00 1.600000000000000089e+00 3.820000000000000153e-04 -1.815999999999999906e-03 9.999980000000000535e-01 5.139200000000000018e-02 -9.986770000000000369e-01 -1.832999999999999994e-03 9.986789999999999834e-01 5.139300000000000118e-02 -2.880000000000000073e-04
1.900000000000000000e+01 4.400000000000000000e+01 7.300000000000000000e+01 0.000000000000000000e+00 1.600000000000000089e+00 -2.059999999999999928e-04 -1.858999999999999975e-03 9.999980000000000535e-01 5.252799999999999830e-02 -9.986180000000000057e-01 -1.845000000000000069e-03 9.986190000000000344e-01 5.252699999999999730e-02 3.040000000000000167e-04
2.600000000000000000e+01 4.400000000000000000e+01 7.300000000000000000e+01 0.000000000000000000e+00 1.600000000000000089e+00 1.062000000000000010e-03 2.511999999999999910e-03 9.999959999999999960e-01 5.181899999999999701e-02 -9.986530000000000129e-01 2.452999999999999885e-03 9.986559999999999881e-01 5.181600000000000095e-02 -1.191000000000000001e-03
2.900000000000000000e+01 9.900000000000000000e+01 7.500000000000000000e+01 0.000000000000000000e+00 1.600000000000000089e+00 2.290000000000000098e-04 -4.079999999999999968e-04 -1.000000000000000000e+00 -8.860810000000000075e-01 4.635299999999999976e-01 -3.919999999999999873e-04 4.635299999999999976e-01 8.860810000000000075e-01 -2.559999999999999884e-04
4.000000000000000000e+00 5.100000000000000000e+01 7.600000000000000000e+01 0.000000000000000000e+00 1.600000000000000089e+00 -5.119999999999999768e-04 -1.232000000000000022e-03 -9.999989999999999712e-01 -4.117830000000000101e-01 -9.112810000000000077e-01 1.332999999999999984e-03 -9.112820000000000364e-01 4.117830000000000101e-01 -4.100000000000000047e-05
7.000000000000000000e+00 9.100000000000000000e+01 7.600000000000000000e+01 0.000000000000000000e+00 1.600000000000000089e+00 -2.005999999999999971e-03 -7.360000000000000006e-04 9.999980000000000535e-01 3.185890000000000111e-01 -9.478929999999999856e-01 -5.899999999999999754e-05 9.478910000000000391e-01 3.185879999999999823e-01 2.135999999999999878e-03
1.700000000000000000e+01 9.100000000000000000e+01 7.600000000000000000e+01 0.000000000000000000e+00 1.600000000000000089e+00 -1.485999999999999908e-03 2.199999999999999943e-05 9.999989999999999712e-01 3.037059999999999760e-01 -9.527660000000000018e-01 4.730000000000000046e-04 9.527649999999999730e-01 3.037059999999999760e-01 1.409000000000000096e-03
