2.100000000000000000e+01 2.500000000000000000e+01 1.000000000000000000e+00 0.000000000000000000e+00 1.600000000000000089e+00 -4.063999999999999904e-03 -4.662000000000000345e-03 -9.999810000000000088e-01 -5.310570000000000013e-01 -8.473140000000000116e-01 6.107999999999999714e-03 -8.473270000000000524e-01 5.310709999999999598e-01 9.680000000000000019e-04
5.000000000000000000e+00 1.500000000000000000e+01 4.000000000000000000e+00 0.000000000000000000e+00 1.600000000000000089e+00 2.459999999999999947e-03 3.010000000000000089e-03 9.999919999999999920e-01 2.833060000000000023e-01 -9.590269999999999628e-01 2.188999999999999974e-03 9.590260000000000451e-01 2.832979999999999943e-01 -3.212000000000000011e-03
9.000000000000000000e+00 1.500000000000000000e+01 4.000000000000000000e+00 0.000000000000000000e+00 1.600000000000000089e+00 -9.420000000000000205e-04 2.935999999999999808e-03 9.999949999999999672e-01 2.913009999999999766e-01 -9.566259999999999764e-01 3.082999999999999803e-03 9.566310000000000091e-01 2.913029999999999786e-01 4.600000000000000004e-05
1.500000000000000000e+01 1.500000000000000000e+01 4.000000000000000000e+00 0.000000000000000000e+00 1.600000000000000089e+00 4.110000000000000155e-04 -2.746000000000000177e-03 9.999959999999999960e-01 2.939590000000000258e-01 -9.558140000000000525e-01 -2.745000000000000044e-03 9.558179999999999454e-01 2.939590000000000258e-01 4.150000000000000043e-04
2.100000000000000000e+01 1.500000000000000000e+01 4.000000000000000000e+00 0.000000000000000000e+00 1.600000000000000089e+00 2.750000000000000166e-04 -1.964600000000000027e-02 9.998070000000000013e-01 2.903589999999999782e-01 -9.567320000000000269e-01 -1.888000000000000095e-02 9.569180000000000463e-01 2.903080000000000105e-01 5.440999999999999656e-03
5.000000000000000000e+00 1.010000000000000000e+02 7.000000000000000000e+00 0.000000000000000000e+00 1.600000000000000089e+00 -1.136000000000000074e-03 -5.257999999999999653e-03 9.999860000000000415e-01 8.852879999999999638e-01 4.650310000000000277e-01 3.451000000000000074e-03 -4.650429999999999842e-01 8.852790000000000381e-01 4.126999999999999592e-03
9.000000000000000000e+00 1.010000000000000000e+02 7.000000000000000000e+00 0.000000000000000000e+00 1.600000000000000089e+00 2.056999999999999801e-03 1.659000000000000101e-03 9.999959999999999960e-01 8.849759999999999849e-01 4.656299999999999883e-01 -2.592999999999999819e-03 -4.656330000000000191e-01 8.849780000000000424e-01 -5.109999999999999525e-04
1.700000000000000000e+01 1.010000000000000000e+02 7.000000000000000000e+00 0.000000000000000000e+00 1.600000000000000089e+00 -2.063999999999999863e-03 -1.562699999999999853e-02 9.998759999999999870e-01 8.867660000000000542e-01 4.621299999999999852e-01 9.053000000000000283e-03 -4.622140000000000137e-01 8.866749999999999909e-01 1.290400000000000054e-02
2.700000000000000000e+01 1.010000000000000000e+02 7.000000000000000000e+00 0.000000000000000000e+00 1.600000000000000089e+00 -1.180999999999999975e-03 -5.416999999999999940e-03 9.999850000000000128e-01 8.856100000000000083e-01 4.644170000000000242e-01 3.560999999999999929e-03 -4.644289999999999807e-01 8.856000000000000538e-01 4.248000000000000040e-03
2.000000000000000000e+00 1.500000000000000000e+01 8.000000000000000000e+00 0.000000000000000000e+00 1.600000000000000089e+00 -2.694000000000000214e-03 -3.497000000000000108e-03 -9.999900000000000455e-01 -5.902990000000000181e-01 -8.071730000000000294e-01 4.413000000000000256e-03 -8.071800000000000086e-01 5.903049999999999686e-01 1.100000000000000039e-04
8.000000000000000000e+00 1.500000000000000000e+01 8.000000000000000000e+00 0.000000000000000000e+00 1.600000000000000089e+00 -2.155999999999999930e-03 -2.033000000000000085e-03 -9.999959999999999960e-01 -5.918309999999999960e-01 -8.060570000000000235e-01 2.915000000000000056e-03 -8.060589999999999700e-01 5.918339999999999712e-01 5.349999999999999938e-04
1.900000000000000000e+01 1.500000000000000000e+01 8.000000000000000000e+00 0.000000000000000000e+00 1.600000000000000089e+00 -2.096999999999999906e-03 -6.573999999999999982e-03 -9.999759999999999760e-01 -5.911969999999999725e-01 -8.065010000000000234e-01 6.542000000000000072e-03 -8.065250000000000474e-01 5.911969999999999725e-01 -2.196000000000000035e-03
2.300000000000000000e+01 1.500000000000000000e+01 8.000000000000000000e+00 0.000000000000000000e+00 1.600000000000000089e+00 -3.108999999999999785e-03 -2.009899999999999881e-02 -9.997930000000000428e-01 -5.937989999999999657e-01 -8.044120000000000159e-01 1.801799999999999929e-02 -8.046079999999999899e-01 5.937320000000000375e-01 -9.433999999999999678e-03
3.000000000000000000e+00 2.400000000000000000e+01 9.000000000000000000e+00 0.000000000000000000e+00 1.600000000000000089e+00 2.060000000000000199e-03 3.889000000000000096e-03 -9.999900000000000455e-01 4.590130000000000043e-01 8.884189999999999587e-01 4.400000000000000265e-03 8.884269999999999667e-01 -4.590179999999999816e-01 4.500000000000000283e-05
8.000000000000000000e+00 2.400000000000000000e+01 9.000000000000000000e+00 0.000000000000000000e+00 1.600000000000000089e+00 2.481000000000000132e-03 9.575000000000000178e-03 -9.999510000000000343e-01 4.595199999999999840e-01 8.881149999999999878e-01 9.643999999999999795e-03 8.881639999999999535e-01 -4.595219999999999860e-01 -2.196000000000000035e-03
1.300000000000000000e+01 2.400000000000000000e+01 9.000000000000000000e+00 0.000000000000000000e+00 1.600000000000000089e+00 1.147999999999999932e-03 3.909000000000000148e-03 -9.999919999999999920e-01 4.598070000000000213e-01 8.880099999999999660e-01 3.998999999999999951e-03 8.880179999999999740e-01 -4.598070000000000213e-01 -7.780000000000000457e-04
1.800000000000000000e+01 2.400000000000000000e+01 9.000000000000000000e+00 0.000000000000000000e+00 1.600000000000000089e+00 2.370999999999999844e-03 8.448000000000000648e-03 -9.999609999999999888e-01 4.585879999999999956e-01 8.886070000000000357e-01 8.593999999999999209e-03 8.886460000000000470e-01 -4.585910000000000264e-01 -1.766999999999999908e-03
2.300000000000000000e+01 2.400000000000000000e+01 9.000000000000000000e+00 0.000000000000000000e+00 1.600000000000000089e+00 4.264999999999999694e-03 1.060499999999999984e-02 -9.999350000000000183e-01 4.581999999999999962e-01 8.887760000000000105e-01 1.137999999999999949e-02 8.888390000000000457e-01 -4.582180000000000142e-01 -1.069000000000000072e-03
2.500000000000000000e+01 2.400000000000000000e+01 9.000000000000000000e+00 0.000000000000000000e+00 1.600000000000000089e+00 4.545000000000000429e-03 1.021200000000000059e-02 -9.999369999999999647e-01 4.573479999999999768e-01 8.892179999999999529e-01 1.115999999999999978e-02 8.892759999999999554e-01 -4.573699999999999988e-01 -6.290000000000000018e-04
2.800000000000000000e+01 2.400000000000000000e+01 9.000000000000000000e+00 0.000000000000000000e+00 1.600000000000000089e+00 4.377999999999999947e-03 6.787999999999999763e-03 -9.999670000000000503e-01 4.562350000000000017e-01 8.898230000000000306e-01 8.038000000000000006e-03 8.898490000000000011e-01 -4.562550000000000217e-01 7.990000000000000140e-04
1.100000000000000000e+01 4.000000000000000000e+00 1.100000000000000000e+01 0.000000000000000000e+00 1.600000000000000089e+00 2.004999999999999838e-03 1.476399999999999935e-02 -9.998890000000000278e-01 2.084789999999999976e-01 9.779139999999999500e-01 1.485700000000000041e-02 9.780250000000000332e-01 -2.084860000000000047e-01 -1.116999999999999937e-03
1.500000000000000000e+01 4.000000000000000000e+00 1.100000000000000000e+01 0.000000000000000000e+00 1.600000000000000089e+00 3.106999999999999953e-03 2.109700000000000117e-02 -9.997730000000000228e-01 2.019509999999999916e-01 9.791640000000000343e-01 2.128999999999999990e-02 9.793910000000000116e-01 -2.019710000000000116e-01 -1.217999999999999899e-03
2.500000000000000000e+01 4.000000000000000000e+00 1.100000000000000000e+01 0.000000000000000000e+00 1.600000000000000089e+00 9.300000000000000541e-04 2.229499999999999885e-02 -9.997509999999999453e-01 1.749739999999999907e-01 9.843250000000000055e-01 2.211400000000000171e-02 9.845730000000000315e-01 -1.749509999999999954e-01 -2.985999999999999939e-03
5.000000000000000000e+00 3.100000000000000000e+01 1.200000000000000000e+01 0.000000000000000000e+00 1.600000000000000089e+00 -5.550000000000000462e-04 9.950000000000000077e-04 9.999989999999999712e-01 -2.175799999999999956e-02 9.997629999999999573e-01 -1.005999999999999950e-03 -9.997629999999999573e-01 -2.175900000000000056e-02 -5.330000000000000536e-04
1.200000000000000000e+01 3.100000000000000000e+01 1.200000000000000000e+01 0.000000000000000000e+00 1.600000000000000089e+00 -2.599999999999999772e-04 5.019999999999999506e-04 1.000000000000000000e+00 -1.630099999999999952e-02 9.998669999999999503e-01 -5.060000000000000478e-04 -9.998669999999999503e-01 -1.630099999999999952e-02 -2.519999999999999996e-04
1.600000000000000000e+01 3.100000000000000000e+01 1.200000000000000000e+01 0.000000000000000000e+00 1.600000000000000089e+00 2.359999999999999902e-04 2.200000000000000133e-03 9.999980000000000535e-01 -1.652700000000000002e-02 9.998609999999999998e-01 -2.194999999999999903e-03 -9.998629999999999463e-01 -1.652700000000000002e-02 2.719999999999999979e-04
2.500000000000000000e+01 3.000000000000000000e+00 1.300000000000000000e+01 0.000000000000000000e+00 1.600000000000000089e+00 6.549999999999999833e-04 2.247800000000000145e-02 9.997470000000000523e-01 -3.377999999999999926e-03 9.997420000000000195e-01 -2.247599999999999945e-02 -9.999940000000000495e-01 -3.361999999999999971e-03 7.309999999999999875e-04
2.700000000000000000e+01 3.000000000000000000e+00 1.300000000000000000e+01 0.000000000000000000e+00 1.600000000000000089e+00 5.320000000000000293e-04 1.787100000000000147e-02 9.998399999999999510e-01 -2.298999999999999828e-03 9.998380000000000045e-01 -1.787000000000000047e-02 -9.999970000000000248e-01 -2.288999999999999802e-03 5.730000000000000501e-04
3.000000000000000000e+00 1.200000000000000000e+01 1.500000000000000000e+01 0.000000000000000000e+00 1.600000000000000089e+00 -1.789000000000000009e-03 -3.723000000000000181e-03 -9.999909999999999632e-01 -4.726890000000000258e-01 -8.812200000000000033e-01 4.126000000000000327e-03 -8.812280000000000113e-01 4.726920000000000011e-01 -1.830000000000000029e-04
7.000000000000000000e+00 1.200000000000000000e+01 1.500000000000000000e+01 0.000000000000000000e+00 1.600000000000000089e+00 -2.190000000000000106e-04 2.259999999999999910e-04 -1.000000000000000000e+00 -4.741460000000000119e-01 -8.804459999999999509e-01 -9.500000000000000523e-05 -8.804459999999999509e-01 4.741460000000000119e-01 2.999999999999999737e-04
2.000000000000000000e+01 1.200000000000000000e+01 1.500000000000000000e+01 0.000000000000000000e+00 1.600000000000000089e+00 -1.008999999999999914e-03 -2.772000000000000158e-03 -9.999959999999999960e-01 -4.731009999999999938e-01 -8.810040000000000093e-01 2.919999999999999853e-03 -8.810080000000000133e-01 4.731009999999999938e-01 -4.229999999999999819e-04
2.700000000000000000e+01 1.200000000000000000e+01 1.500000000000000000e+01 0.000000000000000000e+00 1.600000000000000089e+00 -9.449999999999999850e-04 -9.530000000000000276e-03 -9.999540000000000095e-01 -4.702200000000000268e-01 -8.825049999999999839e-01 8.855000000000000024e-03 -8.825490000000000279e-01 4.702060000000000128e-01 -3.647000000000000068e-03
3.000000000000000000e+00 1.100000000000000000e+01 1.600000000000000000e+01 0.000000000000000000e+00 1.600000000000000089e+00 -1.182000000000000108e-03 -3.521999999999999957e-03 -9.999930000000000208e-01 -4.204910000000000037e-01 -9.072890000000000121e-01 3.691999999999999969e-03 -9.072959999999999914e-01 4.204930000000000057e-01 -4.079999999999999968e-04
1.000000000000000000e+00 1.160000000000000000e+02 1.600000000000000000e+01 0.000000000000000000e+00 1.600000000000000089e+00 -1.637999999999999916e-03 -3.180999999999999800e-03 9.999940000000000495e-01 6.514879999999999560e-01 7.586509999999999643e-01 3.480000000000000020e-03 -7.586570000000000258e-01 6.514900000000000135e-01 8.300000000000000086e-04
8.000000000000000000e+00 1.160000000000000000e+02 1.600000000000000000e+01 0.000000000000000000e+00 1.600000000000000089e+00 1.056000000000000081e-03 1.804999999999999964e-03 9.999980000000000535e-01 6.910490000000000244e-01 7.228050000000000308e-01 -2.033999999999999784e-03 -7.228069999999999773e-01 6.910500000000000531e-01 -4.840000000000000010e-04
1.600000000000000000e+01 1.160000000000000000e+02 1.600000000000000000e+01 0.000000000000000000e+00 1.600000000000000089e+00 -1.472000000000000001e-03 -1.873000000000000099e-03 9.999970000000000248e-01 6.680230000000000334e-01 7.441370000000000484e-01 2.377000000000000206e-03 -7.441389999999999949e-01 6.680249999999999799e-01 1.559999999999999972e-04
4.000000000000000000e+00 2.000000000000000000e+00 1.900000000000000000e+01 0.000000000000000000e+00 1.600000000000000089e+00 7.590000000000000175e-04 -1.296199999999999956e-02 -9.999160000000000270e-01 2.195999999999999897e-01 -9.755059999999999842e-01 1.281200000000000047e-02 -9.755899999999999572e-01 -2.195910000000000084e-01 2.105999999999999799e-03
7.000000000000000000e+00 2.000000000000000000e+00 1.900000000000000000e+01 0.000000000000000000e+00 1.600000000000000089e+00 -8.109999999999999805e-04 -9.915000000000000202e-03 -9.999510000000000343e-01 2.207129999999999925e-01 -9.752929999999999655e-01 9.492000000000000437e-03 -9.753389999999999560e-01 -2.206940000000000013e-01 2.980000000000000010e-03
1.700000000000000000e+01 2.000000000000000000e+00 1.900000000000000000e+01 0.000000000000000000e+00 1.600000000000000089e+00 4.017999999999999870e-03 4.133999999999999654e-03 -9.999829999999999552e-01 2.149429999999999952e-01 -9.766209999999999614e-01 -3.173000000000000039e-03 -9.766179999999999861e-01 -2.149270000000000069e-01 -4.812000000000000305e-03
2.400000000000000000e+01 2.000000000000000000e+00 1.900000000000000000e+01 0.000000000000000000e+00 1.600000000000000089e+00 -6.160000000000000111e-04 -6.127999999999999767e-03 -9.999810000000000088e-01 2.099880000000000080e-01 -9.776860000000000550e-01 5.862000000000000023e-03 -9.777040000000000175e-01 -2.099810000000000010e-01 1.889000000000000054e-03
3.000000000000000000e+01 2.000000000000000000e+00 1.900000000000000000e+01 0.000000000000000000e+00 1.600000000000000089e+00 1.507000000000000093e-03 -1.421099999999999967e-02 -9.998979999999999535e-01 2.153899999999999981e-01 -9.764249999999999874e-01 1.420300000000000035e-02 -9.765270000000000339e-01 -2.153899999999999981e-01 1.588999999999999918e-03
2.600000000000000000e+01 4.000000000000000000e+00 2.000000000000000000e+01 0.000000000000000000e+00 1.600000000000000089e+00 9.370000000000000074e-04 -6.734000000000000402e-03 -9.999770000000000048e-01 2.968779999999999752e-01 -9.548919999999999630e-01 6.708000000000000421e-03 -9.549149999999999583e-01 -2.968779999999999752e-01 1.103999999999999947e-03
5.000000000000000000e+00 1.300000000000000000e+01 2.000000000000000000e+01 0.000000000000000000e+00 1.600000000000000089e+00 -5.529999999999999976e-04 2.086000000000000180e-03 9.999980000000000535e-01 2.604920000000000013e-01 9.654740000000000544e-01 -1.869999999999999917e-03 -9.654760000000000009e-01 2.604909999999999726e-01 -1.077000000000000049e-03
8.000000000000000000e+00 1.300000000000000000e+01 2.000000000000000000e+01 0.000000000000000000e+00 1.600000000000000089e+00 -3.179999999999999776e-04 1.340999999999999961e-03 9.999989999999999712e-01 2.606220000000000203e-01 9.654399999999999649e-01 -1.211999999999999970e-03 -9.654409999999999936e-01 2.606209999999999916e-01 -6.560000000000000076e-04
1.700000000000000000e+01 1.300000000000000000e+01 2.000000000000000000e+01 0.000000000000000000e+00 1.600000000000000089e+00 -2.359999999999999902e-04 1.175000000000000046e-03 9.999989999999999712e-01 2.618320000000000092e-01 9.651129999999999987e-01 -1.072000000000000036e-03 -9.651129999999999987e-01 2.618320000000000092e-01 -5.360000000000000181e-04
2.000000000000000000e+01 1.300000000000000000e+01 2.000000000000000000e+01 0.000000000000000000e+00 1.600000000000000089e+00 -9.129999999999999661e-04 -6.173999999999999801e-03 9.999810000000000088e-01 2.623610000000000109e-01 9.649499999999999744e-01 6.198000000000000384e-03 -9.649689999999999657e-01 2.623610000000000109e-01 7.380000000000000492e-04
5.000000000000000000e+00 1.600000000000000000e+01 2.100000000000000000e+01 0.000000000000000000e+00 1.600000000000000089e+00 -1.100000000000000066e-03 1.366999999999999943e-03 9.999980000000000535e-01 3.017569999999999975e-01 9.533840000000000092e-01 -9.709999999999999664e-04 -9.533840000000000092e-01 3.017549999999999955e-01 -1.461999999999999975e-03
1.100000000000000000e+01 1.600000000000000000e+01 2.100000000000000000e+01 0.000000000000000000e+00 1.600000000000000089e+00 3.890000000000000228e-04 3.393000000000000183e-03 9.999940000000000495e-01 3.023680000000000256e-01 9.531849999999999490e-01 -3.350999999999999812e-03 -9.531910000000000105e-01 3.023680000000000256e-01 -6.549999999999999833e-04
1.700000000000000000e+01 1.600000000000000000e+01 2.100000000000000000e+01 0.000000000000000000e+00 1.600000000000000089e+00 -3.699999999999999947e-04 3.311999999999999840e-03 9.999949999999999672e-01 2.998500000000000054e-01 9.539809999999999679e-01 -3.047999999999999928e-03 -9.539860000000000007e-01 2.998469999999999747e-01 -1.345999999999999974e-03
2.000000000000000000e+01 1.600000000000000000e+01 2.100000000000000000e+01 0.000000000000000000e+00 1.600000000000000089e+00 -2.149999999999999947e-04 -8.184000000000000302e-03 9.999670000000000503e-01 3.005329999999999946e-01 9.537390000000000034e-01 7.870000000000000259e-03 -9.537710000000000354e-01 3.005249999999999866e-01 2.255000000000000060e-03
2.400000000000000000e+01 1.600000000000000000e+01 2.100000000000000000e+01 0.000000000000000000e+00 1.600000000000000089e+00 1.275000000000000092e-03 -7.808999999999999969e-03 9.999689999999999968e-01 3.033500000000000085e-01 9.528529999999999500e-01 7.054000000000000374e-03 -9.528780000000000028e-01 3.033310000000000173e-01 3.582999999999999814e-03
2.800000000000000000e+01 1.600000000000000000e+01 2.100000000000000000e+01 0.000000000000000000e+00 1.600000000000000089e+00 -5.980000000000000072e-04 -5.760000000000000363e-03 9.999829999999999552e-01 3.027270000000000238e-01 9.530610000000000470e-01 5.670999999999999826e-03 -9.530769999999999520e-01 3.027250000000000218e-01 1.172999999999999998e-03
4.000000000000000000e+00 4.600000000000000000e+01 2.700000000000000000e+01 0.000000000000000000e+00 1.600000000000000089e+00 -5.076999999999999916e-03 -2.972999999999999948e-03 -9.999829999999999552e-01 6.570740000000000469e-01 7.538049999999999473e-01 -5.577000000000000360e-03 7.538089999999999513e-01 -6.570909999999999807e-01 -1.874000000000000015e-03
9.000000000000000000e+00 4.600000000000000000e+01 2.700000000000000000e+01 0.000000000000000000e+00 1.600000000000000089e+00 6.939999999999999555e-04 1.479999999999999979e-03 -9.999989999999999712e-01 6.579239999999999533e-01 7.530829999999999469e-01 1.570999999999999914e-03 7.530839999999999756e-01 -6.579239999999999533e-01 -4.510000000000000120e-04
2.800000000000000000e+01 4.600000000000000000e+01 2.700000000000000000e+01 0.000000000000000000e+00 1.600000000000000089e+00 1.679999999999999907e-04 4.979999999999999618e-04 -1.000000000000000000e+00 6.672879999999999923e-01 7.448000000000000176e-01 4.829999999999999767e-04 7.448000000000000176e-01 -6.672879999999999923e-01 -2.069999999999999900e-04
2.000000000000000000e+00 4.600000000000000000e+01 3.000000000000000000e+01 0.000000000000000000e+00 1.600000000000000089e+00 -3.498999999999999940e-03 -6.674000000000000245e-03 -9.999719999999999720e-01 3.154759999999999787e-01 9.489039999999999697e-01 -7.437000000000000034e-03 9.489269999999999650e-01 -3.154930000000000234e-01 -1.214000000000000018e-03
8.000000000000000000e+00 4.600000000000000000e+01 3.000000000000000000e+01 0.000000000000000000e+00 1.600000000000000089e+00 -1.969999999999999909e-04 8.099999999999999561e-04 -1.000000000000000000e+00 3.187849999999999850e-01 9.478269999999999751e-01 7.050000000000000060e-04 9.478269999999999751e-01 -3.187849999999999850e-01 -4.459999999999999989e-04
1.200000000000000000e+01 4.600000000000000000e+01 3.000000000000000000e+01 0.000000000000000000e+00 1.600000000000000089e+00 1.350000000000000071e-03 -1.090000000000000067e-04 -9.999989999999999712e-01 3.241780000000000217e-01 9.459959999999999480e-01 3.350000000000000113e-04 9.459950000000000303e-01 -3.241780000000000217e-01 1.312000000000000015e-03
2.000000000000000000e+01 4.600000000000000000e+01 3.000000000000000000e+01 0.000000000000000000e+00 1.600000000000000089e+00 1.183999999999999940e-03 2.079000000000000119e-03 -9.999970000000000248e-01 3.256339999999999790e-01 9.454930000000000279e-01 2.350999999999999791e-03 9.454949999999999743e-01 -3.256359999999999810e-01 4.420000000000000101e-04
2.500000000000000000e+01 4.600000000000000000e+01 3.000000000000000000e+01 0.000000000000000000e+00 1.600000000000000089e+00 -2.059999999999999928e-04 -1.490000000000000005e-03 -9.999989999999999712e-01 3.231559999999999988e-01 9.463449999999999918e-01 -1.477000000000000014e-03 9.463460000000000205e-01 -3.231559999999999988e-01 2.869999999999999830e-04
4.000000000000000000e+00 5.800000000000000000e+01 3.100000000000000000e+01 0.000000000000000000e+00 1.600000000000000089e+00 -1.407999999999999963e-03 -2.096000000000000207e-03 9.999970000000000248e-01 -7.772799999999999709e-01 -6.291499999999999870e-01 -2.413000000000000214e-03 6.291529999999999623e-01 -7.772809999999999997e-01 -7.429999999999999539e-04
1.000000000000000000e+01 5.800000000000000000e+01 3.100000000000000000e+01 0.000000000000000000e+00 1.600000000000000089e+00 -2.175999999999999983e-03 -2.124000000000000020e-03 9.999949999999999672e-01 -7.793029999999999680e-01 -6.266399999999999748e-01 -3.027000000000000177e-03 6.266429999999999501e-01 -7.793060000000000542e-01 -2.919999999999999961e-04
1.200000000000000000e+01 5.800000000000000000e+01 3.100000000000000000e+01 0.000000000000000000e+00 1.600000000000000089e+00 -1.288000000000000082e-03 -1.869999999999999917e-03 9.999970000000000248e-01 -7.809829999999999828e-01 -6.245479999999999920e-01 -2.174000000000000151e-03 6.245509999999999673e-01 -7.809840000000000115e-01 -6.560000000000000076e-04
2.400000000000000000e+01 5.800000000000000000e+01 3.100000000000000000e+01 0.000000000000000000e+00 1.600000000000000089e+00 -2.305000000000000191e-03 -4.049999999999999781e-03 9.999890000000000168e-01 -7.857210000000000027e-01 -6.185659999999999492e-01 -4.316000000000000392e-03 6.185760000000000147e-01 -7.857229999999999492e-01 -1.755999999999999965e-03
2.700000000000000000e+01 5.800000000000000000e+01 3.100000000000000000e+01 0.000000000000000000e+00 1.600000000000000089e+00 1.513999999999999938e-03 -4.693000000000000123e-03 9.999879999999999880e-01 -7.823620000000000019e-01 -6.228219999999999867e-01 -1.737999999999999962e-03 6.228230000000000155e-01 -7.823489999999999611e-01 -4.614000000000000046e-03
2.000000000000000000e+00 4.600000000000000000e+01 3.500000000000000000e+01 0.000000000000000000e+00 1.600000000000000089e+00 -3.460000000000000076e-04 -2.489999999999999809e-04 -1.000000000000000000e+00 3.841069999999999762e-01 -9.232890000000000263e-01 9.699999999999999963e-05 -9.232890000000000263e-01 -3.841069999999999762e-01 4.150000000000000043e-04
8.000000000000000000e+00 4.600000000000000000e+01 3.500000000000000000e+01 0.000000000000000000e+00 1.600000000000000089e+00 -1.640000000000000019e-04 -1.689999999999999879e-04 -1.000000000000000000e+00 3.858969999999999900e-01 -9.225419999999999732e-01 9.299999999999999727e-05 -9.225419999999999732e-01 -3.858969999999999900e-01 2.159999999999999919e-04
1.200000000000000000e+01 4.600000000000000000e+01 3.500000000000000000e+01 0.000000000000000000e+00 1.600000000000000089e+00 -1.626000000000000058e-03 5.990000000000000316e-04 -9.999980000000000535e-01 3.852829999999999866e-01 -9.227980000000000071e-01 -1.178999999999999927e-03 -9.227969999999999784e-01 -3.852840000000000154e-01 1.268999999999999946e-03
1.700000000000000000e+01 4.600000000000000000e+01 3.500000000000000000e+01 0.000000000000000000e+00 1.600000000000000089e+00 -1.162000000000000055e-03 3.371999999999999997e-03 -9.999940000000000495e-01 3.860040000000000138e-01 -9.224900000000000322e-01 -3.559000000000000098e-03 -9.224959999999999827e-01 -3.860060000000000158e-01 -2.290000000000000098e-04
2.300000000000000000e+01 4.600000000000000000e+01 3.500000000000000000e+01 0.000000000000000000e+00 1.600000000000000089e+00 -6.999999999999999387e-05 -2.477000000000000035e-03 -9.999970000000000248e-01 3.860850000000000115e-01 -9.224609999999999754e-01 2.258000000000000024e-03 -9.224630000000000329e-01 -3.860830000000000095e-01 1.020999999999999989e-03
2.700000000000000000e+01 4.600000000000000000e+01 3.500000000000000000e+01 0.000000000000000000e+00 1.600000000000000089e+00 -1.090000000000000067e-04 2.750000000000000166e-04 -1.000000000000000000e+00 3.861640000000000073e-01 -9.224299999999999722e-01 -2.959999999999999849e-04 -9.224299999999999722e-01 -3.861640000000000073e-01 -5.000000000000000409e-06
2.000000000000000000e+00 9.500000000000000000e+01 3.600000000000000000e+01 0.000000000000000000e+00 1.600000000000000089e+00 -1.556000000000000091e-03 -9.296999999999999709e-03 9.999559999999999560e-01 9.975559999999999983e-01 6.983200000000000518e-02 2.201999999999999964e-03 -6.984899999999999443e-02 9.975150000000000405e-01 9.164999999999999536e-03
7.000000000000000000e+00 9.500000000000000000e+01 3.600000000000000000e+01 0.000000000000000000e+00 1.600000000000000089e+00 3.161999999999999880e-03 -1.830899999999999889e-02 9.998270000000000213e-01 9.973959999999999493e-01 7.210199999999999942e-02 -1.833999999999999910e-03 -7.205599999999999505e-02 9.972290000000000321e-01 1.848899999999999849e-02
1.200000000000000000e+01 9.500000000000000000e+01 3.600000000000000000e+01 0.000000000000000000e+00 1.600000000000000089e+00 3.356000000000000042e-03 2.451000000000000054e-03 9.999909999999999632e-01 9.967979999999999619e-01 7.987700000000000355e-02 -3.542000000000000010e-03 -7.988499999999999768e-02 9.968019999999999659e-01 -2.174999999999999850e-03
1.700000000000000000e+01 9.500000000000000000e+01 3.600000000000000000e+01 0.000000000000000000e+00 1.600000000000000089e+00 -2.707000000000000205e-03 -3.196000000000000056e-03 9.999909999999999632e-01 9.965730000000000421e-01 8.266800000000000537e-02 2.961999999999999789e-03 -8.267700000000000049e-02 9.965720000000000134e-01 2.961000000000000090e-03
2.500000000000000000e+01 9.500000000000000000e+01 3.600000000000000000e+01 0.000000000000000000e+00 1.600000000000000089e+00 -4.330999999999999781e-03 -2.375599999999999934e-02 9.997080000000000410e-01 9.972560000000000313e-01 7.378600000000000436e-02 6.074000000000000406e-03 -7.390800000000000147e-02 9.969909999999999606e-01 2.337099999999999941e-02
2.000000000000000000e+00 3.000000000000000000e+00 4.300000000000000000e+01 0.000000000000000000e+00 1.600000000000000089e+00 -5.527999999999999928e-03 -1.461100000000000072e-02 -9.998780000000000445e-01 7.391379999999999617e-01 -6.735299999999999621e-01 5.755999999999999832e-03 -6.735320000000000196e-01 -7.390160000000000062e-01 1.452200000000000019e-02
4.000000000000000000e+00 3.000000000000000000e+00 4.300000000000000000e+01 0.000000000000000000e+00 1.600000000000000089e+00 -4.172999999999999626e-03 -2.261000000000000162e-02 -9.997359999999999580e-01 7.391729999999999690e-01 -6.734059999999999491e-01 1.214400000000000028e-02 -6.735020000000000451e-01 -7.389270000000000005e-01 1.952299999999999869e-02
1.100000000000000000e+01 3.000000000000000000e+00 4.300000000000000000e+01 0.000000000000000000e+00 1.600000000000000089e+00 -1.783000000000000080e-03 -7.437000000000000034e-03 -9.999710000000000543e-01 7.416540000000000354e-01 -6.707729999999999526e-01 3.665999999999999988e-03 -6.707800000000000429e-01 -7.416260000000000074e-01 6.712000000000000084e-03
1.500000000000000000e+01 3.000000000000000000e+00 4.300000000000000000e+01 0.000000000000000000e+00 1.600000000000000089e+00 -6.629999999999999609e-04 1.149200000000000048e-02 -9.999339999999999895e-01 7.409909999999999553e-01 -6.714649999999999785e-01 -8.208999999999999284e-03 -6.715149999999999730e-01 -7.409470000000000223e-01 -8.071000000000000049e-03
2.100000000000000000e+01 3.000000000000000000e+00 4.300000000000000000e+01 0.000000000000000000e+00 1.600000000000000089e+00 -1.722999999999999922e-03 3.200999999999999852e-03 -9.999930000000000208e-01 7.382830000000000226e-01 -6.744830000000000547e-01 -3.431000000000000022e-03 -6.744890000000000052e-01 -7.382840000000000513e-01 -1.201000000000000028e-03
2.400000000000000000e+01 3.000000000000000000e+00 4.300000000000000000e+01 0.000000000000000000e+00 1.600000000000000089e+00 3.958999999999999846e-03 -7.557999999999999614e-03 -9.999639999999999640e-01 7.379480000000000484e-01 -6.748100000000000209e-01 8.021999999999999617e-03 -6.748459999999999459e-01 -7.379529999999999701e-01 2.906000000000000163e-03
4.000000000000000000e+00 8.000000000000000000e+00 4.400000000000000000e+01 0.000000000000000000e+00 1.600000000000000089e+00 -3.412999999999999801e-03 -7.262000000000000226e-03 9.999679999999999680e-01 -7.742689999999999850e-01 -6.328150000000000164e-01 -7.237999999999999642e-03 6.328470000000000484e-01 -7.742689999999999850e-01 -3.461999999999999800e-03
8.000000000000000000e+00 2.900000000000000000e+01 4.400000000000000000e+01 0.000000000000000000e+00 1.600000000000000089e+00 -3.321999999999999866e-03 1.044000000000000006e-03 -9.999940000000000495e-01 6.648119999999999585e-01 7.470090000000000341e-01 -1.428000000000000016e-03 7.470029999999999726e-01 -6.648129999999999873e-01 -3.176000000000000004e-03
2.300000000000000000e+01 2.900000000000000000e+01 4.400000000000000000e+01 0.000000000000000000e+00 1.600000000000000089e+00 2.096999999999999906e-03 -4.350000000000000026e-04 -9.999980000000000535e-01 6.626309999999999700e-01 7.489460000000000006e-01 1.064000000000000059e-03 7.489430000000000254e-01 -6.626309999999999700e-01 1.858999999999999975e-03
2.700000000000000000e+01 2.900000000000000000e+01 4.400000000000000000e+01 0.000000000000000000e+00 1.600000000000000089e+00 -6.899999999999999667e-05 4.260000000000000006e-04 -1.000000000000000000e+00 6.696779999999999955e-01 7.426509999999999501e-01 2.700000000000000035e-04 7.426509999999999501e-01 -6.696779999999999955e-01 -3.359999999999999814e-04
1.000000000000000000e+00 5.400000000000000000e+01 4.600000000000000000e+01 0.000000000000000000e+00 1.600000000000000089e+00 -3.099999999999999999e-04 -6.237000000000000356e-03 9.999810000000000088e-01 3.245259999999999811e-01 -9.458590000000000053e-01 -5.799000000000000335e-03 9.458769999999999678e-01 3.245179999999999731e-01 2.318000000000000182e-03
2.400000000000000000e+01 7.000000000000000000e+00 5.200000000000000000e+01 0.000000000000000000e+00 1.600000000000000089e+00 -5.603000000000000341e-03 -3.701999999999999996e-03 -9.999770000000000048e-01 1.233130000000000059e-01 -9.923629999999999951e-01 2.982999999999999974e-03 -9.923520000000000119e-01 -1.232929999999999998e-01 6.015999999999999646e-03
2.000000000000000000e+00 6.300000000000000000e+01 5.400000000000000000e+01 0.000000000000000000e+00 1.600000000000000089e+00 -3.939999999999999817e-04 1.825000000000000016e-03 9.999980000000000535e-01 -3.546929999999999805e-01 9.349809999999999510e-01 -1.845999999999999985e-03 -9.349830000000000085e-01 -3.546929999999999805e-01 2.790000000000000054e-04
6.000000000000000000e+00 6.300000000000000000e+01 5.400000000000000000e+01 0.000000000000000000e+00 1.600000000000000089e+00 -1.610000000000000103e-03 1.389000000000000044e-03 9.999980000000000535e-01 -3.510559999999999792e-01 9.363529999999999909e-01 -1.866000000000000037e-03 -9.363529999999999909e-01 -3.510579999999999812e-01 -1.020000000000000073e-03
1.400000000000000000e+01 6.300000000000000000e+01 5.400000000000000000e+01 0.000000000000000000e+00 1.600000000000000089e+00 2.489999999999999809e-04 -1.592000000000000099e-03 9.999989999999999712e-01 -3.477999999999999980e-01 9.375679999999999570e-01 1.579000000000000108e-03 -9.375689999999999857e-01 -3.477999999999999980e-01 -3.200000000000000262e-04
1.800000000000000000e+01 6.300000000000000000e+01 5.400000000000000000e+01 0.000000000000000000e+00 1.600000000000000089e+00 8.090000000000000403e-04 7.720000000000000083e-04 9.999989999999999712e-01 -3.529599999999999960e-01 9.356379999999999697e-01 -4.360000000000000269e-04 -9.356379999999999697e-01 -3.529599999999999960e-01 1.028999999999999967e-03
2.200000000000000000e+01 6.300000000000000000e+01 5.400000000000000000e+01 0.000000000000000000e+00 1.600000000000000089e+00 6.989999999999999686e-04 2.197999999999999867e-03 9.999970000000000248e-01 -3.552130000000000010e-01 9.347839999999999483e-01 -1.806000000000000097e-03 -9.347849999999999770e-01 -3.552109999999999990e-01 1.433999999999999945e-03
2.600000000000000000e+01 6.300000000000000000e+01 5.400000000000000000e+01 0.000000000000000000e+00 1.600000000000000089e+00 1.407999999999999963e-03 -3.906999999999999883e-03 9.999909999999999632e-01 -3.570380000000000220e-01 9.340810000000000501e-01 4.152000000000000308e-03 -9.340889999999999471e-01 -3.570409999999999973e-01 -7.899999999999999579e-05
3.000000000000000000e+01 6.300000000000000000e+01 5.400000000000000000e+01 0.000000000000000000e+00 1.600000000000000089e+00 3.400000000000000244e-04 -3.811000000000000151e-03 9.999930000000000208e-01 -3.508769999999999945e-01 9.364139999999999686e-01 3.687999999999999872e-03 -9.364219999999999766e-01 -3.508749999999999925e-01 -1.018999999999999941e-03
8.000000000000000000e+00 2.500000000000000000e+01 5.500000000000000000e+01 0.000000000000000000e+00 1.600000000000000089e+00 1.165999999999999936e-03 1.103000000000000031e-03 -9.999989999999999712e-01 -1.082200000000000002e-02 -9.999409999999999688e-01 -1.116000000000000021e-03 -9.999409999999999688e-01 1.082400000000000029e-02 -1.154000000000000078e-03
1.600000000000000000e+01 2.500000000000000000e+01 5.500000000000000000e+01 0.000000000000000000e+00 1.600000000000000089e+00 -1.363999999999999978e-03 -9.359999999999999831e-04 -9.999989999999999712e-01 -9.534000000000000807e-03 -9.999540000000000095e-01 9.489999999999999738e-04 -9.999540000000000095e-01 9.535000000000000073e-03 1.355000000000000085e-03
2.200000000000000000e+01 2.500000000000000000e+01 5.500000000000000000e+01 0.000000000000000000e+00 1.600000000000000089e+00 1.430000000000000064e-04 -5.969999999999999829e-04 -1.000000000000000000e+00 -1.068599999999999932e-02 -9.999430000000000263e-01 5.950000000000000427e-04 -9.999430000000000263e-01 1.068599999999999932e-02 -1.489999999999999897e-04
2.500000000000000000e+01 2.500000000000000000e+01 5.500000000000000000e+01 0.000000000000000000e+00 1.600000000000000089e+00 1.552999999999999910e-03 1.420999999999999954e-03 -9.999980000000000535e-01 -1.159400000000000014e-02 -9.999320000000000430e-01 -1.438999999999999958e-03 -9.999320000000000430e-01 1.159600000000000040e-02 -1.536999999999999955e-03
2.800000000000000000e+01 2.500000000000000000e+01 5.500000000000000000e+01 0.000000000000000000e+00 1.600000000000000089e+00 8.559999999999999901e-04 -1.564999999999999985e-03 -9.999980000000000535e-01 -1.181899999999999964e-02 -9.999289999999999567e-01 1.554000000000000043e-03 -9.999299999999999855e-01 1.181800000000000038e-02 -8.750000000000000182e-04
2.000000000000000000e+00 2.100000000000000000e+01 6.000000000000000000e+01 0.000000000000000000e+00 1.600000000000000089e+00 -8.580000000000000387e-04 -9.287999999999999381e-03 9.999559999999999560e-01 -9.546399999999999331e-02 9.953910000000000258e-01 9.162999999999999270e-03 -9.954319999999999835e-01 -9.545199999999999518e-02 -1.740999999999999926e-03
9.000000000000000000e+00 2.100000000000000000e+01 6.000000000000000000e+01 0.000000000000000000e+00 1.600000000000000089e+00 -1.800000000000000046e-05 1.693999999999999976e-03 9.999989999999999712e-01 -9.661699999999999455e-02 9.953199999999999825e-01 -1.686999999999999915e-03 -9.953220000000000400e-01 -9.661699999999999455e-02 1.459999999999999981e-04
1.200000000000000000e+01 2.100000000000000000e+01 6.000000000000000000e+01 0.000000000000000000e+00 1.600000000000000089e+00 6.759999999999999516e-04 -5.402999999999999817e-03 9.999850000000000128e-01 -9.713900000000000312e-02 9.952560000000000295e-01 5.442999999999999922e-03 -9.952710000000000168e-01 -9.714100000000000512e-02 1.479999999999999925e-04
1.900000000000000000e+01 2.100000000000000000e+01 6.000000000000000000e+01 0.000000000000000000e+00 1.600000000000000089e+00 -1.930000000000000021e-04 -2.929999999999999879e-03 9.999959999999999960e-01 -9.734199999999999797e-02 9.952469999999999928e-01 2.896999999999999836e-03 -9.952509999999999968e-01 -9.734099999999999697e-02 -4.769999999999999934e-04
2.400000000000000000e+01 2.100000000000000000e+01 6.000000000000000000e+01 0.000000000000000000e+00 1.600000000000000089e+00 9.879999999999999460e-04 -1.441000000000000007e-03 9.999980000000000535e-01 -9.679400000000000504e-02 9.953030000000000488e-01 1.528999999999999977e-03 -9.953039999999999665e-01 -9.679599999999999316e-02 8.440000000000000236e-04
4.000000000000000000e+00 6.000000000000000000e+00 6.100000000000000000e+01 0.000000000000000000e+00 1.600000000000000089e+00 1.871000000000000050e-03 4.141999999999999849e-03 9.999900000000000455e-01 5.591319999999999624e-01 -8.290750000000000064e-01 2.387999999999999932e-03 8.290769999999999529e-01 5.591209999999999791e-01 -3.867000000000000211e-03
1.700000000000000000e+01 3.000000000000000000e+00 6.300000000000000000e+01 0.000000000000000000e+00 1.600000000000000089e+00 6.989999999999999686e-04 4.301000000000000136e-03 9.999909999999999632e-01 -6.123739999999999739e-01 7.905630000000000157e-01 -2.971999999999999816e-03 -7.905680000000000485e-01 -6.123659999999999659e-01 3.187000000000000163e-03
2.000000000000000000e+00 2.700000000000000000e+01 6.300000000000000000e+01 0.000000000000000000e+00 1.600000000000000089e+00 -3.710000000000000190e-04 5.710000000000000015e-04 1.000000000000000000e+00 -2.769139999999999935e-01 9.608950000000000546e-01 -6.509999999999999945e-04 -9.608950000000000546e-01 -2.769139999999999935e-01 -1.979999999999999881e-04
6.000000000000000000e+00 2.700000000000000000e+01 6.300000000000000000e+01 0.000000000000000000e+00 1.600000000000000089e+00 -7.839999999999999747e-04 5.800000000000000034e-04 9.999989999999999712e-01 -2.754320000000000102e-01 9.613199999999999523e-01 -7.730000000000000326e-04 -9.613199999999999523e-01 -2.754329999999999834e-01 -5.940000000000000184e-04
1.000000000000000000e+01 2.700000000000000000e+01 6.300000000000000000e+01 0.000000000000000000e+00 1.600000000000000089e+00 4.300000000000000165e-05 1.100000000000000039e-04 1.000000000000000000e+00 -2.757830000000000004e-01 9.612199999999999633e-01 -9.299999999999999727e-05 -9.612199999999999633e-01 -2.757830000000000004e-01 7.200000000000000182e-05
1.300000000000000000e+01 2.700000000000000000e+01 6.300000000000000000e+01 0.000000000000000000e+00 1.600000000000000089e+00 -2.610000000000000015e-04 -5.169999999999999899e-04 1.000000000000000000e+00 -2.770580000000000265e-01 9.608529999999999571e-01 4.240000000000000062e-04 -9.608529999999999571e-01 -2.770580000000000265e-01 -3.939999999999999817e-04
1.800000000000000000e+01 2.700000000000000000e+01 6.300000000000000000e+01 0.000000000000000000e+00 1.600000000000000089e+00 4.400000000000000157e-04 2.625999999999999862e-03 9.999959999999999960e-01 -2.755750000000000144e-01 9.612770000000000481e-01 -2.403000000000000188e-03 -9.612800000000000233e-01 -2.755730000000000124e-01 1.147000000000000016e-03
