1.800000000000000000e+01 1.700000000000000000e+01 3.000000000000000000e+00 0.000000000000000000e+00 1.600000000000000089e+00 -2.818400000000000072e-02 -1.768899999999999986e-02 -9.994459999999999456e-01 -7.128360000000000252e-01 -7.005770000000000053e-01 3.250100000000000211e-02 -7.007640000000000535e-01 7.133570000000000189e-01 7.135999999999999982e-03
2.000000000000000000e+00 2.100000000000000000e+01 4.000000000000000000e+00 0.000000000000000000e+00 1.600000000000000089e+00 -9.219999999999999680e-04 4.440000000000000370e-03 -9.999900000000000455e-01 -6.563579999999999970e-01 -7.544440000000000035e-01 -2.745000000000000044e-03 -7.544490000000000363e-01 6.563489999999999602e-01 3.609999999999999928e-03
2.000000000000000000e+00 1.010000000000000000e+02 7.000000000000000000e+00 0.000000000000000000e+00 1.600000000000000089e+00 -8.210000000000000067e-04 9.251000000000000542e-03 9.999569999999999848e-01 8.903879999999999573e-01 4.551879999999999815e-01 -3.480000000000000020e-03 -4.552010000000000223e-01 8.903469999999999995e-01 -8.611000000000000598e-03
1.200000000000000000e+01 1.010000000000000000e+02 7.000000000000000000e+00 0.000000000000000000e+00 1.600000000000000089e+00 4.119999999999999856e-04 2.187499999999999861e-02 9.997610000000000108e-01 8.880590000000000428e-01 4.596109999999999918e-01 -1.042200000000000071e-02 -4.597289999999999988e-01 8.878509999999999458e-01 -1.923700000000000063e-02
3.000000000000000000e+00 2.500000000000000000e+01 8.000000000000000000e+00 0.000000000000000000e+00 1.600000000000000089e+00 -2.066999999999999827e-03 1.909299999999999886e-02 -9.998160000000000380e-01 4.416010000000000213e-01 8.970650000000000013e-01 1.621799999999999978e-02 8.972090000000000343e-01 -4.414859999999999896e-01 -1.028600000000000000e-02
8.000000000000000000e+00 2.500000000000000000e+01 8.000000000000000000e+00 0.000000000000000000e+00 1.600000000000000089e+00 -4.580000000000000195e-04 5.363999999999999845e-03 -9.999860000000000415e-01 4.421889999999999987e-01 8.969099999999999850e-01 4.609000000000000249e-03 8.969219999999999970e-01 -4.421809999999999907e-01 -2.782000000000000185e-03
1.300000000000000000e+01 2.500000000000000000e+01 8.000000000000000000e+00 0.000000000000000000e+00 1.600000000000000089e+00 1.724999999999999971e-03 4.472000000000000280e-03 -9.999879999999999880e-01 4.397780000000000022e-01 8.980939999999999479e-01 4.774999999999999731e-03 8.981050000000000422e-01 -4.397809999999999775e-01 -4.180000000000000230e-04
1.600000000000000000e+01 2.500000000000000000e+01 8.000000000000000000e+00 0.000000000000000000e+00 1.600000000000000089e+00 6.679999999999999740e-04 8.533000000000000654e-03 -9.999630000000000463e-01 4.381530000000000147e-01 8.988650000000000251e-01 7.962999999999999592e-03 8.989000000000000323e-01 -4.381430000000000047e-01 -3.138000000000000164e-03
1.900000000000000000e+01 2.500000000000000000e+01 8.000000000000000000e+00 0.000000000000000000e+00 1.600000000000000089e+00 2.590000000000000071e-04 3.014000000000000186e-03 -9.999949999999999672e-01 4.375580000000000025e-01 8.991860000000000408e-01 2.824000000000000121e-03 8.991900000000000448e-01 -4.375569999999999737e-01 -1.085999999999999943e-03
2.700000000000000000e+01 2.500000000000000000e+01 8.000000000000000000e+00 0.000000000000000000e+00 1.600000000000000089e+00 -2.329999999999999986e-04 2.520000000000000104e-03 -9.999970000000000248e-01 4.373600000000000265e-01 8.992839999999999723e-01 2.164000000000000125e-03 8.992869999999999475e-01 -4.373580000000000245e-01 -1.311000000000000099e-03
5.000000000000000000e+00 2.400000000000000000e+01 9.000000000000000000e+00 0.000000000000000000e+00 1.600000000000000089e+00 -2.749000000000000141e-03 2.025800000000000170e-02 -9.997909999999999853e-01 4.486209999999999920e-01 8.935629999999999962e-01 1.687200000000000158e-02 8.937180000000000124e-01 -4.484810000000000185e-01 -1.154400000000000044e-02
1.300000000000000000e+01 2.400000000000000000e+01 9.000000000000000000e+00 0.000000000000000000e+00 1.600000000000000089e+00 2.112000000000000162e-03 5.368000000000000375e-03 -9.999829999999999552e-01 4.462470000000000048e-01 8.948909999999999920e-01 5.746000000000000239e-03 8.949070000000000080e-01 -4.462519999999999820e-01 -5.060000000000000478e-04
2.000000000000000000e+01 2.400000000000000000e+01 9.000000000000000000e+00 0.000000000000000000e+00 1.600000000000000089e+00 2.059999999999999928e-04 9.330000000000000186e-04 -1.000000000000000000e+00 4.442639999999999922e-01 8.958960000000000257e-01 9.280000000000000054e-04 8.958960000000000257e-01 -4.442639999999999922e-01 -2.300000000000000070e-04
2.600000000000000000e+01 2.400000000000000000e+01 9.000000000000000000e+00 0.000000000000000000e+00 1.600000000000000089e+00 -1.910000000000000077e-04 1.389999999999999905e-04 -1.000000000000000000e+00 4.440129999999999910e-01 8.960200000000000387e-01 4.000000000000000327e-05 8.960200000000000387e-01 -4.440129999999999910e-01 -2.329999999999999986e-04
2.700000000000000000e+01 8.000000000000000000e+00 1.000000000000000000e+01 0.000000000000000000e+00 1.600000000000000089e+00 -1.170970000000000066e-01 -4.050200000000000328e-02 -9.922940000000000094e-01 -9.878599999999999604e-01 -9.795800000000000340e-02 1.205719999999999986e-01 -1.020869999999999972e-01 9.943659999999999721e-01 -2.853999999999999940e-02
1.000000000000000000e+00 3.500000000000000000e+01 1.200000000000000000e+01 0.000000000000000000e+00 1.600000000000000089e+00 -1.075000000000000001e-03 2.775999999999999822e-03 -9.999959999999999960e-01 4.010659999999999781e-01 -9.160439999999999694e-01 -2.974000000000000081e-03 -9.160479999999999734e-01 -4.010679999999999801e-01 -1.279999999999999942e-04
7.000000000000000000e+00 3.500000000000000000e+01 1.200000000000000000e+01 0.000000000000000000e+00 1.600000000000000089e+00 1.041999999999999958e-03 4.935000000000000150e-03 -9.999869999999999592e-01 4.026620000000000199e-01 -9.153400000000000425e-01 -4.098000000000000080e-03 -9.153480000000000505e-01 -4.026520000000000099e-01 -2.941000000000000038e-03
1.000000000000000000e+01 3.500000000000000000e+01 1.200000000000000000e+01 0.000000000000000000e+00 1.600000000000000089e+00 -1.926999999999999894e-03 3.697000000000000199e-03 -9.999909999999999632e-01 4.109740000000000060e-01 -9.116379999999999484e-01 -4.161999999999999901e-03 -9.116450000000000387e-01 -4.109780000000000100e-01 2.369999999999999874e-04
1.500000000000000000e+01 3.500000000000000000e+01 1.200000000000000000e+01 0.000000000000000000e+00 1.600000000000000089e+00 -2.356000000000000021e-03 3.624000000000000051e-03 -9.999909999999999632e-01 4.254700000000000149e-01 -9.049620000000000442e-01 -4.283000000000000348e-03 -9.049690000000000234e-01 -4.254760000000000209e-01 5.900000000000000296e-04
2.400000000000000000e+01 3.500000000000000000e+01 1.200000000000000000e+01 0.000000000000000000e+00 1.600000000000000089e+00 -1.498999999999999898e-03 4.325999999999999984e-03 -9.999900000000000455e-01 4.560819999999999874e-01 -8.899259999999999948e-01 -4.533999999999999836e-03 -8.899369999999999781e-01 -4.560839999999999894e-01 -6.390000000000000280e-04
2.700000000000000000e+01 3.500000000000000000e+01 1.200000000000000000e+01 0.000000000000000000e+00 1.600000000000000089e+00 -3.433999999999999986e-03 3.759000000000000188e-03 -9.999869999999999592e-01 4.547629999999999728e-01 -8.905990000000000295e-01 -4.910000000000000302e-03 -8.906060000000000088e-01 -4.547740000000000116e-01 1.348999999999999939e-03
1.200000000000000000e+01 3.200000000000000000e+01 1.400000000000000000e+01 0.000000000000000000e+00 1.600000000000000089e+00 5.779999999999999548e-04 9.600000000000000243e-05 -1.000000000000000000e+00 1.238439999999999958e-01 9.923020000000000174e-01 1.669999999999999935e-04 9.923009999999999886e-01 -1.238439999999999958e-01 5.619999999999999996e-04
1.900000000000000000e+01 1.200000000000000000e+01 1.600000000000000000e+01 0.000000000000000000e+00 1.600000000000000089e+00 2.527999999999999865e-03 -9.495800000000000074e-02 9.954779999999999740e-01 2.060790000000000122e-01 -9.740640000000000409e-01 -9.343899999999999428e-02 9.785319999999999574e-01 2.053830000000000100e-01 1.710599999999999968e-02
5.000000000000000000e+00 1.300000000000000000e+01 1.600000000000000000e+01 0.000000000000000000e+00 1.600000000000000089e+00 2.122000000000000188e-03 -2.127300000000000024e-02 9.997709999999999653e-01 1.163819999999999993e-01 -9.929740000000000233e-01 -2.137500000000000164e-02 9.932020000000000293e-01 1.164010000000000045e-01 3.690000000000000246e-04
1.200000000000000000e+01 1.300000000000000000e+01 1.600000000000000000e+01 0.000000000000000000e+00 1.600000000000000089e+00 6.087000000000000396e-03 -5.912400000000000294e-02 9.982320000000000082e-01 1.403979999999999950e-01 -9.883119999999999683e-01 -5.939200000000000035e-02 9.900759999999999561e-01 1.405109999999999970e-01 2.285000000000000139e-03
1.900000000000000000e+01 1.160000000000000000e+02 1.600000000000000000e+01 0.000000000000000000e+00 1.600000000000000089e+00 4.810000000000000039e-03 1.023999999999999954e-03 9.999879999999999880e-01 6.674080000000000013e-01 7.446810000000000374e-01 -3.972999999999999969e-03 -7.446760000000000046e-01 6.674189999999999845e-01 2.897999999999999968e-03
7.000000000000000000e+00 2.000000000000000000e+00 1.900000000000000000e+01 0.000000000000000000e+00 1.600000000000000089e+00 2.220999999999999884e-03 -9.107999999999999777e-03 -9.999559999999999560e-01 2.906659999999999799e-01 -9.567790000000000461e-01 9.360000000000000264e-03 -9.568219999999999503e-01 -2.906750000000000167e-01 5.220000000000000031e-04
2.000000000000000000e+01 2.000000000000000000e+00 1.900000000000000000e+01 0.000000000000000000e+00 1.600000000000000089e+00 1.214299999999999928e-02 -5.182799999999999907e-02 -9.985819999999999697e-01 3.320159999999999778e-01 -9.417879999999999585e-01 5.291799999999999976e-02 -9.431960000000000344e-01 -3.321879999999999833e-01 5.772000000000000221e-03
2.800000000000000000e+01 2.000000000000000000e+00 1.900000000000000000e+01 0.000000000000000000e+00 1.600000000000000089e+00 1.175099999999999929e-02 -6.294500000000000095e-02 -9.979479999999999462e-01 3.612879999999999980e-01 -9.303280000000000438e-01 6.293400000000000383e-02 -9.323799999999999866e-01 -3.612859999999999960e-01 1.180900000000000005e-02
2.000000000000000000e+00 3.000000000000000000e+00 1.900000000000000000e+01 0.000000000000000000e+00 1.600000000000000089e+00 5.999999999999999474e-04 -7.290000000000000473e-04 -1.000000000000000000e+00 3.041449999999999987e-01 -9.526250000000000551e-01 8.769999999999999584e-04 -9.526250000000000551e-01 -3.041460000000000274e-01 -3.499999999999999964e-04
1.100000000000000000e+01 3.000000000000000000e+00 1.900000000000000000e+01 0.000000000000000000e+00 1.600000000000000089e+00 8.312999999999999209e-03 -1.720500000000000154e-02 -9.998169999999999558e-01 3.233509999999999995e-01 -9.460889999999999578e-01 1.896899999999999975e-02 -9.462429999999999453e-01 -3.234500000000000153e-01 -2.301999999999999793e-03
1.600000000000000000e+01 3.000000000000000000e+00 1.900000000000000000e+01 0.000000000000000000e+00 1.600000000000000089e+00 1.117499999999999917e-02 -3.291199999999999681e-02 -9.993959999999999511e-01 3.319699999999999873e-01 -9.426489999999999592e-01 3.475500000000000117e-02 -9.432239999999999513e-01 -3.321580000000000088e-01 3.910000000000000172e-04
2.200000000000000000e+01 3.000000000000000000e+00 1.900000000000000000e+01 0.000000000000000000e+00 1.600000000000000089e+00 1.344200000000000082e-02 -5.633900000000000019e-02 -9.983210000000000139e-01 3.421950000000000269e-01 -9.378659999999999775e-01 5.753500000000000281e-02 -9.395329999999999515e-01 -3.423930000000000029e-01 6.671999999999999979e-03
2.000000000000000000e+00 4.000000000000000000e+00 2.000000000000000000e+01 0.000000000000000000e+00 1.600000000000000089e+00 1.085999999999999943e-03 6.980000000000000527e-04 -9.999989999999999712e-01 4.280869999999999953e-01 -9.037380000000000413e-01 -1.659999999999999963e-04 -9.037370000000000125e-01 -4.280860000000000221e-01 -1.280000000000000105e-03
5.000000000000000000e+00 4.000000000000000000e+00 2.000000000000000000e+01 0.000000000000000000e+00 1.600000000000000089e+00 2.534999999999999927e-03 -5.499000000000000415e-03 -9.999820000000000375e-01 4.293529999999999847e-01 -9.031160000000000299e-01 6.054999999999999619e-03 -9.031329999999999636e-01 -4.293609999999999927e-01 7.100000000000000462e-05
1.100000000000000000e+01 4.000000000000000000e+00 2.000000000000000000e+01 0.000000000000000000e+00 1.600000000000000089e+00 7.296000000000000402e-03 -1.839199999999999863e-02 -9.998040000000000260e-01 4.357059999999999822e-01 -8.998730000000000340e-01 1.973300000000000054e-02 -9.000599999999999712e-01 -4.357650000000000134e-01 1.448000000000000068e-03
1.600000000000000000e+01 4.000000000000000000e+00 2.000000000000000000e+01 0.000000000000000000e+00 1.600000000000000089e+00 7.992000000000000839e-03 -3.407500000000000112e-02 -9.993870000000000253e-01 4.292529999999999957e-01 -9.025360000000000049e-01 3.420499999999999929e-02 -9.031489999999999796e-01 -4.292639999999999789e-01 7.413999999999999584e-03
2.300000000000000000e+01 4.000000000000000000e+00 2.000000000000000000e+01 0.000000000000000000e+00 1.600000000000000089e+00 9.426999999999999616e-03 -5.468100000000000044e-02 -9.984589999999999854e-01 4.097169999999999979e-01 -9.106279999999999930e-01 5.373900000000000204e-02 -9.121639999999999748e-01 -4.095929999999999849e-01 1.381899999999999969e-02
1.000000000000000000e+00 1.300000000000000000e+01 2.000000000000000000e+01 0.000000000000000000e+00 1.600000000000000089e+00 -2.909999999999999826e-03 -2.988000000000000204e-03 9.999909999999999632e-01 3.128810000000000202e-01 9.497849999999999904e-01 3.749000000000000162e-03 -9.497879999999999656e-01 3.128900000000000015e-01 -1.828999999999999897e-03
7.000000000000000000e+00 1.300000000000000000e+01 2.000000000000000000e+01 0.000000000000000000e+00 1.600000000000000089e+00 -9.200000000000000007e-05 4.531999999999999570e-03 9.999900000000000455e-01 3.102010000000000045e-01 9.506609999999999783e-01 -4.279999999999999950e-03 -9.506710000000000438e-01 3.101979999999999738e-01 -1.492999999999999969e-03
1.200000000000000000e+01 1.300000000000000000e+01 2.000000000000000000e+01 0.000000000000000000e+00 1.600000000000000089e+00 3.350000000000000113e-04 1.115599999999999925e-02 9.999379999999999935e-01 3.051769999999999761e-01 9.522350000000000536e-01 -1.072599999999999942e-02 -9.522960000000000313e-01 3.051619999999999888e-01 -3.085000000000000069e-03
2.000000000000000000e+01 1.300000000000000000e+01 2.000000000000000000e+01 0.000000000000000000e+00 1.600000000000000089e+00 4.452000000000000228e-03 -8.052000000000000129e-03 9.999580000000000135e-01 2.762229999999999963e-01 9.610720000000000374e-01 6.509000000000000029e-03 -9.610830000000000206e-01 2.761819999999999831e-01 6.503000000000000100e-03
2.500000000000000000e+01 1.300000000000000000e+01 2.000000000000000000e+01 0.000000000000000000e+00 1.600000000000000089e+00 5.969999999999999829e-04 6.870000000000000022e-04 1.000000000000000000e+00 2.626430000000000153e-01 9.648930000000000007e-01 -8.199999999999999824e-04 -9.648930000000000007e-01 2.626439999999999886e-01 3.959999999999999762e-04
2.900000000000000000e+01 1.300000000000000000e+01 2.000000000000000000e+01 0.000000000000000000e+00 1.600000000000000089e+00 -3.330000000000000169e-04 2.586000000000000191e-03 9.999970000000000248e-01 2.605439999999999978e-01 9.654589999999999561e-01 -2.409999999999999816e-03 -9.654620000000000424e-01 2.605430000000000246e-01 -9.950000000000000077e-04
8.000000000000000000e+00 1.600000000000000000e+01 2.100000000000000000e+01 0.000000000000000000e+00 1.600000000000000089e+00 3.609999999999999928e-04 -2.601000000000000013e-03 9.999959999999999960e-01 3.081329999999999902e-01 9.513399999999999634e-01 2.363000000000000083e-03 -9.513430000000000497e-01 3.081309999999999882e-01 1.144999999999999967e-03
8.000000000000000000e+00 5.000000000000000000e+01 2.200000000000000000e+01 0.000000000000000000e+00 1.600000000000000089e+00 -2.096000000000000207e-03 -4.258999999999999765e-03 -9.999890000000000168e-01 -5.798259999999999525e-01 8.147370000000000445e-01 -2.255000000000000060e-03 8.147379999999999622e-01 5.798149999999999693e-01 -4.177000000000000157e-03
6.000000000000000000e+00 1.000000000000000000e+00 2.500000000000000000e+01 0.000000000000000000e+00 1.600000000000000089e+00 -5.099999999999999960e-05 -4.033000000000000126e-03 9.999919999999999920e-01 -3.980000000000000204e-02 -9.991999999999999771e-01 -4.031999999999999994e-03 9.992079999999999851e-01 -3.980000000000000204e-02 -1.090000000000000067e-04
1.000000000000000000e+00 4.600000000000000000e+01 2.700000000000000000e+01 0.000000000000000000e+00 1.600000000000000089e+00 1.897999999999999948e-03 1.742999999999999975e-03 -9.999970000000000248e-01 6.809990000000000210e-01 7.322790000000000132e-01 2.569000000000000103e-03 7.322819999999999885e-01 -6.810019999999999962e-01 2.030000000000000012e-04
4.000000000000000000e+00 4.600000000000000000e+01 2.700000000000000000e+01 0.000000000000000000e+00 1.600000000000000089e+00 1.358000000000000049e-03 7.280000000000000230e-04 -9.999989999999999712e-01 6.824620000000000131e-01 7.309200000000000141e-01 1.459000000000000010e-03 7.309200000000000141e-01 -6.824630000000000418e-01 4.960000000000000216e-04
2.600000000000000000e+01 4.600000000000000000e+01 2.700000000000000000e+01 0.000000000000000000e+00 1.600000000000000089e+00 1.417999999999999990e-03 1.252000000000000075e-03 -9.999980000000000535e-01 6.765470000000000095e-01 7.363979999999999970e-01 1.881000000000000076e-03 7.363990000000000258e-01 -6.765480000000000382e-01 1.969999999999999909e-04
5.000000000000000000e+00 4.600000000000000000e+01 3.000000000000000000e+01 0.000000000000000000e+00 1.600000000000000089e+00 -3.600000000000000091e-05 6.139999999999999625e-04 -1.000000000000000000e+00 3.273190000000000266e-01 9.449140000000000317e-01 5.689999999999999529e-04 9.449140000000000317e-01 -3.273190000000000266e-01 -2.349999999999999930e-04
1.000000000000000000e+01 4.600000000000000000e+01 3.000000000000000000e+01 0.000000000000000000e+00 1.600000000000000089e+00 -2.110000000000000059e-04 -1.773000000000000053e-03 -9.999980000000000535e-01 3.304469999999999907e-01 9.438229999999999675e-01 -1.742999999999999975e-03 9.438250000000000250e-01 -3.304469999999999907e-01 3.869999999999999742e-04
2.300000000000000000e+01 4.600000000000000000e+01 3.000000000000000000e+01 0.000000000000000000e+00 1.600000000000000089e+00 5.249999999999999676e-04 7.649999999999999465e-04 -1.000000000000000000e+00 3.303209999999999757e-01 9.438680000000000403e-01 8.959999999999999866e-04 9.438689999999999580e-01 -3.303209999999999757e-01 2.429999999999999977e-04
7.000000000000000000e+00 5.800000000000000000e+01 3.100000000000000000e+01 0.000000000000000000e+00 1.600000000000000089e+00 -2.007999999999999802e-03 -1.639999999999999965e-03 9.999970000000000248e-01 -8.008929999999999660e-01 -5.988010000000000277e-01 -2.589999999999999854e-03 5.988040000000000029e-01 -8.008960000000000523e-01 -1.110000000000000011e-04
1.000000000000000000e+01 5.800000000000000000e+01 3.100000000000000000e+01 0.000000000000000000e+00 1.600000000000000089e+00 -1.539000000000000003e-03 -3.959999999999999762e-04 9.999989999999999712e-01 -8.017619999999999747e-01 -5.976420000000000066e-01 -1.469999999999999953e-03 5.976420000000000066e-01 -8.017630000000000035e-01 6.019999999999999961e-04
1.500000000000000000e+01 5.800000000000000000e+01 3.100000000000000000e+01 0.000000000000000000e+00 1.600000000000000089e+00 3.562000000000000062e-03 -3.449999999999999833e-04 9.999940000000000495e-01 -8.019089999999999829e-01 -5.974409999999999998e-01 2.650000000000000012e-03 5.974359999999999671e-01 -8.019129999999999869e-01 -2.405000000000000020e-03
2.200000000000000000e+01 5.800000000000000000e+01 3.100000000000000000e+01 0.000000000000000000e+00 1.600000000000000089e+00 1.379999999999999933e-03 -1.079999999999999960e-04 9.999989999999999712e-01 -8.047840000000000549e-01 -5.935669999999999558e-01 1.046000000000000055e-03 5.935660000000000380e-01 -8.047849999999999726e-01 -9.060000000000000128e-04
2.800000000000000000e+01 5.800000000000000000e+01 3.100000000000000000e+01 0.000000000000000000e+00 1.600000000000000089e+00 -1.342000000000000094e-03 7.389999999999999651e-04 9.999989999999999712e-01 -8.065620000000000012e-01 -5.911490000000000355e-01 -6.449999999999999570e-04 5.911469999999999780e-01 -8.065620000000000012e-01 1.389000000000000044e-03
2.000000000000000000e+00 4.600000000000000000e+01 3.500000000000000000e+01 0.000000000000000000e+00 1.600000000000000089e+00 1.150999999999999896e-03 8.529999999999999388e-03 -9.999630000000000463e-01 3.904650000000000065e-01 -9.205879999999999619e-01 -7.402999999999999858e-03 -9.206170000000000186e-01 -3.904420000000000113e-01 -4.389999999999999805e-03
6.000000000000000000e+00 4.600000000000000000e+01 3.500000000000000000e+01 0.000000000000000000e+00 1.600000000000000089e+00 -1.541000000000000052e-03 7.114999999999999797e-03 -9.999740000000000295e-01 3.913889999999999869e-01 -9.201970000000000427e-01 -7.151000000000000238e-03 -9.202240000000000419e-01 -3.913900000000000157e-01 -1.366000000000000027e-03
1.300000000000000000e+01 4.600000000000000000e+01 3.500000000000000000e+01 0.000000000000000000e+00 1.600000000000000089e+00 4.850000000000000253e-04 -5.115999999999999888e-03 -9.999869999999999592e-01 3.914119999999999822e-01 -9.202029999999999932e-01 4.897999999999999576e-03 -9.202150000000000052e-01 -3.914090000000000069e-01 1.556000000000000091e-03
1.900000000000000000e+01 4.600000000000000000e+01 3.500000000000000000e+01 0.000000000000000000e+00 1.600000000000000089e+00 1.940000000000000101e-03 2.609000000000000208e-03 -9.999949999999999672e-01 3.913170000000000259e-01 -9.202540000000000164e-01 -1.642000000000000013e-03 -9.202540000000000164e-01 -3.913119999999999932e-01 -2.805999999999999901e-03
2.400000000000000000e+01 4.600000000000000000e+01 3.500000000000000000e+01 0.000000000000000000e+00 1.600000000000000089e+00 -6.470000000000000057e-04 -2.171000000000000187e-03 -9.999970000000000248e-01 3.908039999999999847e-01 -9.204719999999999569e-01 1.745999999999999939e-03 -9.204740000000000144e-01 -3.908019999999999827e-01 1.443999999999999971e-03
2.800000000000000000e+01 4.600000000000000000e+01 3.500000000000000000e+01 0.000000000000000000e+00 1.600000000000000089e+00 -4.490000000000000176e-04 5.019999999999999506e-04 -1.000000000000000000e+00 3.899830000000000241e-01 -9.208220000000000294e-01 -6.369999999999999794e-04 -9.208220000000000294e-01 -3.899839999999999973e-01 2.169999999999999891e-04
2.600000000000000000e+01 3.000000000000000000e+00 4.300000000000000000e+01 0.000000000000000000e+00 1.600000000000000089e+00 2.423999999999999939e-03 -1.129199999999999995e-02 -9.999329999999999607e-01 7.360740000000000061e-01 -6.768349999999999644e-01 9.428000000000000616e-03 -6.768969999999999709e-01 -7.360480000000000356e-01 6.670999999999999847e-03
3.000000000000000000e+00 2.900000000000000000e+01 4.400000000000000000e+01 0.000000000000000000e+00 1.600000000000000089e+00 -6.599999999999999964e-04 3.766999999999999949e-03 -9.999930000000000208e-01 6.553889999999999993e-01 7.552879999999999594e-01 2.413000000000000214e-03 7.552919999999999634e-01 -6.553820000000000201e-01 -2.968000000000000152e-03
7.000000000000000000e+00 2.900000000000000000e+01 4.400000000000000000e+01 0.000000000000000000e+00 1.600000000000000089e+00 -1.283000000000000069e-03 1.984999999999999785e-03 -9.999970000000000248e-01 6.542240000000000277e-01 7.563010000000000010e-01 6.620000000000000450e-04 7.562999999999999723e-01 -6.542210000000000525e-01 -2.269000000000000183e-03
1.100000000000000000e+01 2.900000000000000000e+01 4.400000000000000000e+01 0.000000000000000000e+00 1.600000000000000089e+00 1.343999999999999926e-03 1.025000000000000086e-03 -9.999989999999999712e-01 6.601519999999999611e-01 7.511299999999999644e-01 1.657000000000000053e-03 7.511299999999999644e-01 -6.601540000000000186e-01 3.330000000000000169e-04
1.500000000000000000e+01 2.900000000000000000e+01 4.400000000000000000e+01 0.000000000000000000e+00 1.600000000000000089e+00 1.832999999999999994e-03 -3.144000000000000093e-03 -9.999930000000000208e-01 6.607680000000000220e-01 7.505899999999999794e-01 -1.149000000000000065e-03 7.505880000000000329e-01 -6.607610000000000428e-01 3.452999999999999906e-03
2.100000000000000000e+01 2.900000000000000000e+01 4.400000000000000000e+01 0.000000000000000000e+00 1.600000000000000089e+00 2.889999999999999774e-04 -3.596999999999999937e-03 -9.999940000000000495e-01 6.637380000000000502e-01 7.479609999999999870e-01 -2.498999999999999919e-03 7.479649999999999910e-01 -6.637330000000000174e-01 2.602999999999999845e-03
2.900000000000000000e+01 2.900000000000000000e+01 4.400000000000000000e+01 0.000000000000000000e+00 1.600000000000000089e+00 4.403999999999999929e-03 4.440000000000000045e-04 -9.999900000000000455e-01 6.640030000000000099e-01 7.477230000000000265e-01 3.256000000000000213e-03 7.477169999999999650e-01 -6.640110000000000179e-01 2.997999999999999797e-03
2.000000000000000000e+00 6.500000000000000000e+01 4.600000000000000000e+01 0.000000000000000000e+00 1.600000000000000089e+00 1.203000000000000076e-03 1.191999999999999917e-03 9.999989999999999712e-01 6.804390000000000160e-01 -7.328050000000000397e-01 5.500000000000000196e-05 7.328040000000000109e-01 6.804379999999999873e-01 -1.693000000000000060e-03
3.000000000000000000e+01 5.000000000000000000e+00 5.100000000000000000e+01 0.000000000000000000e+00 1.600000000000000089e+00 5.684999999999999949e-03 -1.533600000000000067e-02 -9.998660000000000325e-01 4.835160000000000013e-01 -8.751860000000000195e-01 1.617299999999999988e-02 -8.753170000000000117e-01 -4.835430000000000006e-01 2.439999999999999895e-03
1.200000000000000000e+01 7.000000000000000000e+00 5.200000000000000000e+01 0.000000000000000000e+00 1.600000000000000089e+00 -7.479999999999999670e-03 -3.870999999999999875e-03 -9.999649999999999928e-01 1.392500000000000127e-01 -9.902530000000000499e-01 2.792000000000000211e-03 -9.902290000000000258e-01 -1.392239999999999867e-01 7.945999999999999938e-03
3.000000000000000000e+00 6.300000000000000000e+01 5.400000000000000000e+01 0.000000000000000000e+00 1.600000000000000089e+00 -1.618999999999999996e-03 2.928000000000000047e-03 9.999940000000000495e-01 -3.536540000000000239e-01 9.353709999999999525e-01 -3.311000000000000141e-03 -9.353749999999999565e-01 -3.536569999999999991e-01 -4.789999999999999879e-04
8.000000000000000000e+00 6.300000000000000000e+01 5.400000000000000000e+01 0.000000000000000000e+00 1.600000000000000089e+00 2.159999999999999919e-04 -8.949999999999999623e-04 1.000000000000000000e+00 -3.510510000000000019e-01 9.363559999999999661e-01 9.139999999999999904e-04 -9.363559999999999661e-01 -3.510510000000000019e-01 -1.119999999999999983e-04
1.200000000000000000e+01 6.300000000000000000e+01 5.400000000000000000e+01 0.000000000000000000e+00 1.600000000000000089e+00 1.126999999999999964e-03 3.226999999999999834e-03 9.999940000000000495e-01 -3.470980000000000176e-01 9.378250000000000197e-01 -2.635000000000000189e-03 -9.378279999999999950e-01 -3.470929999999999849e-01 2.177000000000000116e-03
1.800000000000000000e+01 6.300000000000000000e+01 5.400000000000000000e+01 0.000000000000000000e+00 1.600000000000000089e+00 -9.510000000000000224e-04 8.729999999999999696e-04 9.999989999999999712e-01 -3.489630000000000232e-01 9.371359999999999690e-01 -1.149999999999999981e-03 -9.371359999999999690e-01 -3.489639999999999964e-01 -5.860000000000000408e-04
2.300000000000000000e+01 6.300000000000000000e+01 5.400000000000000000e+01 0.000000000000000000e+00 1.600000000000000089e+00 1.917000000000000084e-03 7.820000000000000345e-04 9.999980000000000535e-01 -3.502430000000000265e-01 9.366590000000000193e-01 -6.099999999999999872e-05 -9.366569999999999618e-01 -3.502419999999999978e-01 2.069999999999999792e-03
2.800000000000000000e+01 6.300000000000000000e+01 5.400000000000000000e+01 0.000000000000000000e+00 1.600000000000000089e+00 -1.167000000000000069e-03 -3.635000000000000210e-03 9.999930000000000208e-01 -3.552100000000000257e-01 9.347820000000000018e-01 2.982999999999999974e-03 -9.347860000000000058e-01 -3.552040000000000197e-01 -2.382000000000000003e-03
1.000000000000000000e+00 2.500000000000000000e+01 5.500000000000000000e+01 0.000000000000000000e+00 1.600000000000000089e+00 -9.879999999999999460e-04 6.709999999999999819e-03 -9.999770000000000048e-01 -1.850200000000000108e-02 -9.998059999999999725e-01 -6.690999999999999899e-03 -9.998280000000000500e-01 1.849500000000000102e-02 1.111999999999999924e-03
1.300000000000000000e+01 2.500000000000000000e+01 5.500000000000000000e+01 0.000000000000000000e+00 1.600000000000000089e+00 8.769999999999999584e-04 -2.614000000000000004e-03 -9.999959999999999960e-01 -1.315299999999999976e-02 -9.999099999999999655e-01 2.602000000000000146e-03 -9.999130000000000518e-01 1.315000000000000023e-02 -9.120000000000000502e-04
1.900000000000000000e+01 2.500000000000000000e+01 5.500000000000000000e+01 0.000000000000000000e+00 1.600000000000000089e+00 1.665999999999999946e-03 -4.414999999999999654e-03 -9.999890000000000168e-01 -1.314199999999999917e-02 -9.999040000000000150e-01 4.393000000000000203e-03 -9.999120000000000230e-01 1.313399999999999984e-02 -1.724000000000000055e-03
2.200000000000000000e+01 2.500000000000000000e+01 5.500000000000000000e+01 0.000000000000000000e+00 1.600000000000000089e+00 2.896999999999999836e-03 -5.878000000000000412e-03 -9.999789999999999512e-01 -1.438299999999999995e-02 -9.998799999999999910e-01 5.834999999999999909e-03 -9.998920000000000030e-01 1.436600000000000030e-02 -2.981000000000000143e-03
3.000000000000000000e+00 6.800000000000000000e+01 5.700000000000000000e+01 0.000000000000000000e+00 1.600000000000000089e+00 -1.618999999999999996e-03 -4.483000000000000006e-03 -9.999890000000000168e-01 -2.408450000000000035e-01 -9.705519999999999703e-01 4.741000000000000422e-03 -9.705620000000000358e-01 2.408500000000000085e-01 4.920000000000000328e-04
3.000000000000000000e+00 2.100000000000000000e+01 6.000000000000000000e+01 0.000000000000000000e+00 1.600000000000000089e+00 -3.119999999999999944e-04 -3.179999999999999776e-04 1.000000000000000000e+00 -9.492399999999999449e-02 9.954840000000000355e-01 2.869999999999999830e-04 -9.954840000000000355e-01 -9.492399999999999449e-02 -3.409999999999999945e-04
1.100000000000000000e+01 2.100000000000000000e+01 6.000000000000000000e+01 0.000000000000000000e+00 1.600000000000000089e+00 -7.950000000000000252e-04 2.403999999999999887e-03 9.999970000000000248e-01 -9.768300000000000594e-02 9.952140000000000430e-01 -2.471000000000000106e-03 -9.952170000000000183e-01 -9.768499999999999406e-02 -5.569999999999999864e-04
2.500000000000000000e+01 6.000000000000000000e+00 6.100000000000000000e+01 0.000000000000000000e+00 1.600000000000000089e+00 7.749999999999999728e-04 2.661000000000000171e-03 9.999959999999999960e-01 5.665620000000000100e-01 -8.240169999999999995e-01 1.753999999999999917e-03 8.240189999999999459e-01 5.665580000000000060e-01 -2.145999999999999904e-03
2.900000000000000000e+01 6.000000000000000000e+00 6.100000000000000000e+01 0.000000000000000000e+00 1.600000000000000089e+00 4.807999999999999774e-03 2.077999999999999986e-03 9.999860000000000415e-01 5.621549999999999603e-01 -8.270309999999999606e-01 -9.840000000000000656e-04 8.270180000000000309e-01 5.621519999999999850e-01 -5.144000000000000135e-03
1.500000000000000000e+01 3.000000000000000000e+00 6.300000000000000000e+01 0.000000000000000000e+00 1.600000000000000089e+00 6.449999999999999570e-04 -1.338999999999999913e-03 9.999989999999999712e-01 -6.159160000000000190e-01 7.878110000000000390e-01 1.451999999999999949e-03 -7.878119999999999568e-01 -6.159160000000000190e-01 -3.159999999999999832e-04
6.000000000000000000e+00 2.700000000000000000e+01 6.300000000000000000e+01 0.000000000000000000e+00 1.600000000000000089e+00 -2.478999999999999867e-03 7.150000000000000322e-04 9.999970000000000248e-01 -2.726500000000000035e-01 9.621119999999999672e-01 -1.363000000000000062e-03 -9.621100000000000207e-01 -2.726520000000000055e-01 -2.190000000000000106e-03
1.000000000000000000e+01 2.700000000000000000e+01 6.300000000000000000e+01 0.000000000000000000e+00 1.600000000000000089e+00 7.560000000000000530e-04 3.301999999999999814e-03 9.999940000000000495e-01 -2.720500000000000140e-01 9.622779999999999667e-01 -2.971000000000000116e-03 -9.622829999999999995e-01 -2.720469999999999833e-01 1.624999999999999925e-03
1.300000000000000000e+01 2.700000000000000000e+01 6.300000000000000000e+01 0.000000000000000000e+00 1.600000000000000089e+00 1.920999999999999965e-03 3.652999999999999997e-03 9.999909999999999632e-01 -2.685589999999999922e-01 9.632579999999999476e-01 -3.003000000000000027e-03 -9.632610000000000339e-01 -2.685509999999999842e-01 2.831000000000000183e-03
1.600000000000000000e+01 2.700000000000000000e+01 6.300000000000000000e+01 0.000000000000000000e+00 1.600000000000000089e+00 1.778000000000000067e-03 7.689999999999999787e-03 9.999689999999999968e-01 -2.668079999999999896e-01 9.637250000000000538e-01 -6.936999999999999590e-03 -9.637480000000000491e-01 -2.667869999999999964e-01 3.765999999999999816e-03
2.100000000000000000e+01 2.700000000000000000e+01 6.300000000000000000e+01 0.000000000000000000e+00 1.600000000000000089e+00 1.910000000000000022e-03 1.113500000000000080e-02 9.999360000000000470e-01 -2.660460000000000047e-01 9.639060000000000406e-01 -1.022600000000000071e-02 -9.639579999999999815e-01 -2.660100000000000242e-01 4.804000000000000110e-03
2.600000000000000000e+01 2.700000000000000000e+01 6.300000000000000000e+01 0.000000000000000000e+00 1.600000000000000089e+00 -7.370000000000000249e-04 6.889000000000000158e-03 9.999759999999999760e-01 -2.661040000000000072e-01 9.639199999999999990e-01 -6.837000000000000195e-03 -9.639440000000000230e-01 -2.661029999999999784e-01 1.123000000000000083e-03
4.000000000000000000e+00 5.300000000000000000e+01 6.300000000000000000e+01 0.000000000000000000e+00 1.600000000000000089e+00 -1.304470000000000074e-01 6.558680000000000065e-01 7.435190000000000410e-01 4.474270000000000191e-01 -6.302780000000000049e-01 6.344750000000000112e-01 8.847549999999999581e-01 4.154370000000000007e-01 -2.112350000000000061e-01
2.000000000000000000e+00 2.600000000000000000e+01 6.400000000000000000e+01 0.000000000000000000e+00 1.600000000000000089e+00 1.353999999999999952e-03 -2.789999999999999945e-03 9.999949999999999672e-01 -3.557930000000000259e-01 9.345599999999999463e-01 3.089000000000000166e-03 -9.345639999999999503e-01 -3.557949999999999724e-01 2.730000000000000222e-04
7.000000000000000000e+00 2.600000000000000000e+01 6.400000000000000000e+01 0.000000000000000000e+00 1.600000000000000089e+00 -2.044999999999999943e-03 3.965999999999999907e-03 9.999900000000000455e-01 -3.606969999999999898e-01 9.326729999999999743e-01 -4.436999999999999972e-03 -9.326809999999999823e-01 -3.607020000000000226e-01 -4.769999999999999934e-04
1.700000000000000000e+01 2.600000000000000000e+01 6.400000000000000000e+01 0.000000000000000000e+00 1.600000000000000089e+00 1.301999999999999989e-03 7.933000000000000815e-03 9.999679999999999680e-01 -3.505829999999999780e-01 9.365059999999999496e-01 -6.973000000000000032e-03 -9.365310000000000024e-01 -3.505619999999999847e-01 4.001000000000000216e-03
2.100000000000000000e+01 2.600000000000000000e+01 6.400000000000000000e+01 0.000000000000000000e+00 1.600000000000000089e+00 2.203999999999999796e-03 1.049300000000000059e-02 9.999430000000000263e-01 -3.481029999999999958e-01 9.374120000000000230e-01 -9.069000000000000672e-03 -9.374540000000000095e-01 -3.480630000000000113e-01 5.717999999999999992e-03
2.600000000000000000e+01 2.600000000000000000e+01 6.400000000000000000e+01 0.000000000000000000e+00 1.600000000000000089e+00 -1.655000000000000004e-03 9.201000000000000845e-03 9.999559999999999560e-01 -3.440409999999999857e-01 9.389089999999999936e-01 -9.209000000000000172e-03 -9.389530000000000376e-01 -3.440420000000000145e-01 1.611999999999999935e-03
1.300000000000000000e+01 5.400000000000000000e+01 6.500000000000000000e+01 0.000000000000000000e+00 1.600000000000000089e+00 -3.590110000000000245e-01 -2.913040000000000074e-01 8.867089999999999694e-01 3.239999999999999825e-02 -9.533620000000000427e-01 -3.000840000000000174e-01 9.327710000000000168e-01 -7.900400000000000478e-02 3.517060000000000186e-01
6.000000000000000000e+00 6.900000000000000000e+01 6.600000000000000000e+01 0.000000000000000000e+00 1.600000000000000089e+00 -8.109999999999999805e-04 1.951000000000000043e-03 9.999980000000000535e-01 -9.634019999999999806e-01 2.680589999999999917e-01 -1.304000000000000038e-03 -2.680609999999999937e-01 -9.634009999999999518e-01 1.662000000000000066e-03
1.000000000000000000e+01 6.900000000000000000e+01 6.600000000000000000e+01 0.000000000000000000e+00 1.600000000000000089e+00 -3.821000000000000178e-03 -5.366000000000000110e-03 9.999780000000000335e-01 -9.536109999999999864e-01 3.010349999999999970e-01 -2.027999999999999855e-03 -3.010180000000000078e-01 -9.535979999999999457e-01 -6.268000000000000134e-03
4.000000000000000000e+00 7.000000000000000000e+01 7.200000000000000000e+01 0.000000000000000000e+00 1.600000000000000089e+00 2.627849999999999908e-01 8.381640000000000201e-01 4.779390000000000027e-01 -1.623400000000000121e-01 -4.498770000000000269e-01 8.782119999999999926e-01 9.510990000000000277e-01 -3.083699999999999775e-01 1.784600000000000075e-02
8.000000000000000000e+00 7.000000000000000000e+01 7.200000000000000000e+01 0.000000000000000000e+00 1.600000000000000089e+00 -2.861890000000000267e-01 -9.293730000000000047e-01 2.331550000000000011e-01 -2.372600000000000056e-02 -2.363850000000000118e-01 -9.713699999999999557e-01 9.578790000000000360e-01 -2.835269999999999735e-01 4.560000000000000164e-02
6.000000000000000000e+00 7.700000000000000000e+01 7.200000000000000000e+01 0.000000000000000000e+00 1.600000000000000089e+00 3.766599999999999809e-02 1.680099999999999927e-01 9.850649999999999684e-01 8.532900000000000207e-02 -9.827050000000000507e-01 1.643449999999999911e-01 9.956409999999999982e-01 7.786500000000000365e-02 -5.135100000000000081e-02
7.000000000000000000e+00 2.500000000000000000e+01 7.300000000000000000e+01 0.000000000000000000e+00 1.600000000000000089e+00 1.301999999999999989e-03 -6.749999999999999924e-03 9.999759999999999760e-01 7.550559999999999494e-01 -6.556380000000000541e-01 -5.408999999999999746e-03 6.556589999999999918e-01 7.550449999999999662e-01 4.243000000000000244e-03
1.500000000000000000e+01 2.500000000000000000e+01 7.300000000000000000e+01 0.000000000000000000e+00 1.600000000000000089e+00 -5.360000000000000181e-04 -3.544999999999999974e-03 9.999940000000000495e-01 7.513539999999999663e-01 -6.598969999999999558e-01 -1.936000000000000004e-03 6.598990000000000133e-01 7.513480000000000159e-01 3.017000000000000150e-03
2.200000000000000000e+01 2.500000000000000000e+01 7.300000000000000000e+01 0.000000000000000000e+00 1.600000000000000089e+00 -4.679999999999999915e-04 2.553999999999999847e-03 9.999970000000000248e-01 7.469630000000000436e-01 -6.648629999999999818e-01 2.047000000000000208e-03 6.648659999999999570e-01 7.469609999999999861e-01 -1.596999999999999895e-03
2.500000000000000000e+01 2.500000000000000000e+01 7.300000000000000000e+01 0.000000000000000000e+00 1.600000000000000089e+00 -1.820000000000000003e-03 2.150000000000000001e-03 9.999959999999999960e-01 7.469219999999999748e-01 -6.649049999999999683e-01 2.788999999999999813e-03 6.649089999999999723e-01 7.469249999999999501e-01 -3.959999999999999762e-04
