9.000000000000000000e+00 2.500000000000000000e+01 1.000000000000000000e+00 0.000000000000000000e+00 1.600000000000000089e+00 7.853999999999999870e-03 2.244099999999999914e-02 -9.997169999999999668e-01 -5.168340000000000156e-01 -8.557690000000000019e-01 -2.326999999999999902e-02 -8.560499999999999776e-01 5.168709999999999694e-01 4.877000000000000259e-03
2.200000000000000000e+01 2.500000000000000000e+01 1.000000000000000000e+00 0.000000000000000000e+00 1.600000000000000089e+00 -2.151000000000000134e-03 -7.910000000000000364e-03 -9.999660000000000215e-01 -5.211740000000000261e-01 -8.534140000000000059e-01 7.872000000000000525e-03 -8.534479999999999844e-01 5.211740000000000261e-01 -2.286999999999999970e-03
5.000000000000000000e+00 1.700000000000000000e+01 3.000000000000000000e+00 0.000000000000000000e+00 1.600000000000000089e+00 2.453100000000000072e-02 2.287099999999999897e-02 -9.994370000000000198e-01 -7.083150000000000279e-01 -7.050999999999999490e-01 -3.352100000000000218e-02 -7.054700000000000415e-01 7.087390000000000079e-01 -1.097000000000000102e-03
1.900000000000000000e+01 1.800000000000000000e+01 3.000000000000000000e+00 0.000000000000000000e+00 1.600000000000000089e+00 9.282999999999999585e-03 7.988000000000000309e-03 -9.999249999999999527e-01 -7.769580000000000375e-01 -6.294330000000000203e-01 -1.224100000000000014e-02 -6.294840000000000435e-01 7.770129999999999537e-01 3.629999999999999872e-04
3.000000000000000000e+00 4.200000000000000000e+01 3.000000000000000000e+00 0.000000000000000000e+00 1.600000000000000089e+00 -5.827259999999999662e-01 -5.791979999999999906e-01 5.700530000000000319e-01 -6.827769999999999673e-01 7.293539999999999468e-01 4.309799999999999742e-02 -4.407329999999999859e-01 -3.641039999999999832e-01 -8.204770000000000119e-01
2.300000000000000000e+01 2.100000000000000000e+01 4.000000000000000000e+00 0.000000000000000000e+00 1.600000000000000089e+00 -1.049999999999999935e-03 -3.429999999999999889e-04 -9.999989999999999712e-01 -6.566290000000000182e-01 -7.542130000000000223e-01 9.479999999999999495e-04 -7.542130000000000223e-01 6.566290000000000182e-01 5.670000000000000127e-04
2.600000000000000000e+01 2.100000000000000000e+01 4.000000000000000000e+00 0.000000000000000000e+00 1.600000000000000089e+00 -2.233999999999999875e-03 1.739000000000000094e-03 -9.999959999999999960e-01 -6.570150000000000157e-01 -7.538770000000000193e-01 1.569999999999999944e-04 -7.538740000000000441e-01 6.570129999999999582e-01 2.827000000000000086e-03
3.000000000000000000e+01 2.100000000000000000e+01 4.000000000000000000e+00 0.000000000000000000e+00 1.600000000000000089e+00 -2.926000000000000215e-03 -2.602000000000000146e-03 -9.999919999999999920e-01 -6.571069999999999967e-01 -7.537880000000000136e-01 3.883999999999999866e-03 -7.537920000000000176e-01 6.571129999999999471e-01 4.960000000000000216e-04
3.000000000000000000e+00 1.010000000000000000e+02 7.000000000000000000e+00 0.000000000000000000e+00 1.600000000000000089e+00 -1.338999999999999913e-03 1.656900000000000039e-02 9.998620000000000285e-01 8.879099999999999770e-01 4.599719999999999920e-01 -6.433999999999999615e-03 -4.600150000000000072e-01 8.877789999999999848e-01 -1.532799999999999961e-02
2.200000000000000000e+01 1.010000000000000000e+02 7.000000000000000000e+00 0.000000000000000000e+00 1.600000000000000089e+00 6.459000000000000331e-03 2.934399999999999856e-02 9.995479999999999920e-01 8.854020000000000223e-01 4.644220000000000015e-01 -1.935600000000000168e-02 -4.647809999999999997e-01 8.851280000000000259e-01 -2.298100000000000143e-02
2.900000000000000000e+01 1.010000000000000000e+02 7.000000000000000000e+00 0.000000000000000000e+00 1.600000000000000089e+00 2.088000000000000012e-03 3.863000000000000114e-03 9.999900000000000455e-01 8.890190000000000037e-01 4.578550000000000120e-01 -3.625000000000000184e-03 -4.578650000000000220e-01 8.890179999999999749e-01 -2.478000000000000168e-03
7.000000000000000000e+00 2.500000000000000000e+01 8.000000000000000000e+00 0.000000000000000000e+00 1.600000000000000089e+00 -1.405999999999999915e-03 4.682000000000000398e-03 -9.999879999999999880e-01 4.380669999999999842e-01 8.989350000000000396e-01 3.592999999999999840e-03 8.989409999999999901e-01 -4.380569999999999742e-01 -3.314999999999999804e-03
1.100000000000000000e+01 2.500000000000000000e+01 8.000000000000000000e+00 0.000000000000000000e+00 1.600000000000000089e+00 -5.785000000000000211e-03 1.375099999999999933e-02 -9.998890000000000278e-01 4.390780000000000238e-01 8.983950000000000546e-01 9.815000000000000807e-03 8.984299999999999509e-01 -4.389719999999999733e-01 -1.123500000000000019e-02
1.600000000000000000e+01 2.500000000000000000e+01 8.000000000000000000e+00 0.000000000000000000e+00 1.600000000000000089e+00 3.916000000000000210e-03 -2.024099999999999858e-02 -9.997869999999999813e-01 4.417460000000000275e-01 8.969899999999999540e-01 -1.643000000000000016e-02 8.971320000000000405e-01 -4.415870000000000073e-01 1.245399999999999979e-02
2.000000000000000000e+01 2.500000000000000000e+01 8.000000000000000000e+00 0.000000000000000000e+00 1.600000000000000089e+00 1.610000000000000103e-03 -2.084799999999999848e-02 -9.997810000000000308e-01 4.407059999999999866e-01 8.974710000000000187e-01 -1.800500000000000017e-02 8.976499999999999480e-01 -4.405800000000000272e-01 1.063300000000000009e-02
2.000000000000000000e+00 2.400000000000000000e+01 9.000000000000000000e+00 0.000000000000000000e+00 1.600000000000000089e+00 1.902999999999999961e-03 5.429999999999999931e-03 -9.999829999999999552e-01 4.442479999999999762e-01 8.958850000000000424e-01 5.709999999999999798e-03 8.959019999999999762e-01 -4.442519999999999802e-01 -7.069999999999999462e-04
7.000000000000000000e+00 2.400000000000000000e+01 9.000000000000000000e+00 0.000000000000000000e+00 1.600000000000000089e+00 -7.429999999999999539e-04 3.723999999999999880e-03 -9.999930000000000208e-01 4.452050000000000174e-01 8.954239999999999977e-01 3.004000000000000160e-03 8.954280000000000017e-01 -4.451990000000000114e-01 -2.322999999999999978e-03
1.100000000000000000e+01 2.400000000000000000e+01 9.000000000000000000e+00 0.000000000000000000e+00 1.600000000000000089e+00 -3.338999999999999954e-03 3.595999999999999804e-03 -9.999879999999999880e-01 4.446160000000000112e-01 8.957199999999999607e-01 1.737000000000000046e-03 8.957150000000000389e-01 -4.446049999999999724e-01 -4.590000000000000330e-03
1.500000000000000000e+01 2.400000000000000000e+01 9.000000000000000000e+00 0.000000000000000000e+00 1.600000000000000089e+00 1.195000000000000099e-03 -4.859999999999999737e-03 -9.999869999999999592e-01 4.448799999999999977e-01 8.955819999999999892e-01 -3.821000000000000178e-03 8.955889999999999684e-01 -4.448699999999999877e-01 3.233000000000000197e-03
2.100000000000000000e+01 2.400000000000000000e+01 9.000000000000000000e+00 0.000000000000000000e+00 1.600000000000000089e+00 7.190000000000000210e-04 -1.375900000000000040e-02 -9.999050000000000438e-01 4.459420000000000051e-01 8.949810000000000265e-01 -1.199399999999999945e-02 8.950620000000000243e-01 -4.458909999999999818e-01 6.779000000000000303e-03
2.800000000000000000e+01 2.400000000000000000e+01 9.000000000000000000e+00 0.000000000000000000e+00 1.600000000000000089e+00 3.853000000000000088e-03 -9.160000000000000390e-04 -9.999919999999999920e-01 4.496089999999999809e-01 8.932250000000000467e-01 9.139999999999999904e-04 8.932170000000000387e-01 -4.496089999999999809e-01 3.853000000000000088e-03
6.000000000000000000e+00 4.900000000000000000e+01 1.000000000000000000e+01 0.000000000000000000e+00 1.600000000000000089e+00 8.169039999999999635e-01 -2.556289999999999951e-01 5.170320000000000471e-01 -4.215139999999999998e-01 -8.764720000000000288e-01 2.326439999999999897e-01 3.936939999999999884e-01 -4.079840000000000133e-01 -8.237440000000000317e-01
1.000000000000000000e+00 4.000000000000000000e+00 1.100000000000000000e+01 0.000000000000000000e+00 1.600000000000000089e+00 -6.089999999999999494e-04 5.422300000000000036e-02 9.985289999999999999e-01 1.700589999999999880e-01 -9.839790000000000481e-01 5.353600000000000025e-02 9.854340000000000321e-01 1.698419999999999930e-01 -8.621999999999999456e-03
5.000000000000000000e+00 4.000000000000000000e+00 1.100000000000000000e+01 0.000000000000000000e+00 1.600000000000000089e+00 -4.530000000000000064e-04 6.211200000000000054e-02 9.980689999999999840e-01 1.640340000000000131e-01 -9.845450000000000035e-01 6.134499999999999675e-02 9.864549999999999708e-01 1.637450000000000017e-01 -9.742999999999999924e-03
2.800000000000000000e+01 3.500000000000000000e+01 1.200000000000000000e+01 0.000000000000000000e+00 1.600000000000000089e+00 -5.659999999999999884e-04 -2.850000000000000103e-03 -9.999959999999999960e-01 4.018479999999999830e-01 -9.157030000000000447e-01 2.382000000000000003e-03 -9.157060000000000199e-01 -4.018450000000000077e-01 1.662999999999999982e-03
1.000000000000000000e+01 3.200000000000000000e+01 1.300000000000000000e+01 0.000000000000000000e+00 1.600000000000000089e+00 1.803700000000000095e-02 1.129359999999999947e-01 9.934380000000000432e-01 6.099999999999999737e-04 9.935990000000000100e-01 -1.129649999999999960e-01 -9.998369999999999758e-01 2.644000000000000083e-03 1.785300000000000081e-02
4.000000000000000000e+00 4.800000000000000000e+01 1.300000000000000000e+01 0.000000000000000000e+00 1.600000000000000089e+00 8.650069999999999704e-01 -1.108360000000000040e-01 4.893640000000000212e-01 -2.222649999999999904e-01 -9.590300000000000491e-01 1.756689999999999918e-01 4.498449999999999949e-01 -2.607240000000000113e-01 -8.542030000000000456e-01
3.000000000000000000e+00 4.800000000000000000e+01 1.500000000000000000e+01 0.000000000000000000e+00 1.600000000000000089e+00 8.405829999999999691e-01 -2.319150000000000100e-01 4.895269999999999899e-01 -3.368189999999999795e-01 -9.315430000000000099e-01 1.370419999999999972e-01 4.242330000000000267e-01 -2.800770000000000204e-01 -8.611520000000000286e-01
7.000000000000000000e+00 1.200000000000000000e+01 1.600000000000000000e+01 0.000000000000000000e+00 1.600000000000000089e+00 -1.020599999999999979e-02 7.106800000000000617e-02 9.974189999999999445e-01 2.357509999999999883e-01 -9.691819999999999879e-01 7.146900000000000475e-02 9.717599999999999572e-01 2.358719999999999983e-01 -6.863000000000000177e-03
1.300000000000000000e+01 1.300000000000000000e+01 1.600000000000000000e+01 0.000000000000000000e+00 1.600000000000000089e+00 -3.252999999999999815e-03 7.283199999999999397e-02 9.973389999999999755e-01 1.560529999999999973e-01 -9.850879999999999637e-01 7.244599999999999651e-02 9.877430000000000376e-01 1.558740000000000125e-01 -8.160999999999999852e-03
1.800000000000000000e+01 1.300000000000000000e+01 1.600000000000000000e+01 0.000000000000000000e+00 1.600000000000000089e+00 7.470000000000000511e-04 5.346599999999999964e-02 9.985690000000000399e-01 1.223329999999999973e-01 -9.910740000000000105e-01 5.297299999999999925e-02 9.924889999999999546e-01 1.221190000000000053e-01 -7.281000000000000145e-03
2.200000000000000000e+01 1.300000000000000000e+01 1.600000000000000000e+01 0.000000000000000000e+00 1.600000000000000089e+00 9.200000000000000278e-04 3.733199999999999713e-02 9.993030000000000523e-01 1.115629999999999955e-01 -9.930689999999999795e-01 3.699600000000000111e-02 9.937570000000000014e-01 1.114509999999999945e-01 -5.079000000000000181e-03
9.000000000000000000e+00 4.800000000000000000e+01 1.600000000000000000e+01 0.000000000000000000e+00 1.600000000000000089e+00 -4.245610000000000217e-01 -7.804269999999999818e-01 -4.590009999999999923e-01 9.053459999999999841e-01 -3.714419999999999944e-01 -2.058619999999999894e-01 -9.832999999999999727e-03 -5.029559999999999587e-01 8.642560000000000242e-01
3.000000000000000000e+00 1.160000000000000000e+02 1.600000000000000000e+01 0.000000000000000000e+00 1.600000000000000089e+00 -8.540000000000000499e-04 2.377000000000000206e-03 9.999970000000000248e-01 8.370889999999999720e-01 5.470669999999999700e-01 -5.850000000000000165e-04 -5.470660000000000522e-01 8.370859999999999967e-01 -2.456999999999999983e-03
3.000000000000000000e+00 3.500000000000000000e+01 1.700000000000000000e+01 0.000000000000000000e+00 1.600000000000000089e+00 -3.286089999999999844e-01 -1.940709999999999935e-01 -9.243120000000000225e-01 -8.643039999999999612e-01 -3.327760000000000162e-01 3.771459999999999813e-01 -3.807820000000000094e-01 9.228199999999999736e-01 -5.838299999999999740e-02
1.200000000000000000e+01 2.000000000000000000e+00 1.900000000000000000e+01 0.000000000000000000e+00 1.600000000000000089e+00 -9.438999999999999474e-03 3.899099999999999788e-02 -9.991950000000000554e-01 3.151590000000000225e-01 -9.481960000000000388e-01 -3.997799999999999965e-02 -9.489919999999999467e-01 -3.152829999999999799e-01 -3.338999999999999954e-03
2.400000000000000000e+01 2.000000000000000000e+00 1.900000000000000000e+01 0.000000000000000000e+00 1.600000000000000089e+00 -5.107999999999999693e-03 5.764000000000000026e-03 -9.999700000000000255e-01 2.841540000000000177e-01 -9.587529999999999664e-01 -6.977999999999999828e-03 -9.587649999999999784e-01 -2.841810000000000169e-01 3.259999999999999877e-03
1.000000000000000000e+00 3.000000000000000000e+00 1.900000000000000000e+01 0.000000000000000000e+00 1.600000000000000089e+00 -1.075599999999999994e-02 3.580099999999999949e-02 -9.993009999999999948e-01 3.360009999999999941e-01 -9.411209999999999853e-01 -3.733299999999999813e-02 -9.417999999999999705e-01 -3.361680000000000224e-01 -1.905999999999999925e-03
8.000000000000000000e+00 3.000000000000000000e+00 1.900000000000000000e+01 0.000000000000000000e+00 1.600000000000000089e+00 -1.194699999999999929e-02 4.590099999999999736e-02 -9.988749999999999574e-01 3.322339999999999738e-01 -9.420119999999999605e-01 -4.726099999999999746e-02 -9.431209999999999871e-01 -3.324250000000000260e-01 -3.996000000000000420e-03
1.100000000000000000e+01 3.000000000000000000e+00 1.900000000000000000e+01 0.000000000000000000e+00 1.600000000000000089e+00 -1.045699999999999928e-02 3.953500000000000070e-02 -9.991630000000000233e-01 3.281470000000000220e-01 -9.437459999999999738e-01 -4.077599999999999975e-02 -9.445689999999999920e-01 -3.282990000000000075e-01 -3.105000000000000121e-03
1.600000000000000000e+01 3.000000000000000000e+00 1.900000000000000000e+01 0.000000000000000000e+00 1.600000000000000089e+00 -7.512999999999999713e-03 2.442300000000000026e-02 -9.996730000000000338e-01 3.205359999999999876e-01 -9.468919999999999559e-01 -2.554299999999999973e-02 -9.472070000000000212e-01 -3.206229999999999913e-01 -7.150000000000000322e-04
1.900000000000000000e+01 3.000000000000000000e+00 1.900000000000000000e+01 0.000000000000000000e+00 1.600000000000000089e+00 -4.322999999999999586e-03 1.999899999999999942e-02 -9.997909999999999853e-01 3.133360000000000034e-01 -9.494240000000000457e-01 -2.034599999999999950e-02 -9.496329999999999494e-01 -3.133580000000000254e-01 -2.161999999999999859e-03
2.900000000000000000e+01 3.000000000000000000e+00 1.900000000000000000e+01 0.000000000000000000e+00 1.600000000000000089e+00 -2.889999999999999774e-04 2.639999999999999986e-03 -9.999959999999999960e-01 3.026479999999999726e-01 -9.530990000000000295e-01 -2.603999999999999978e-03 -9.531020000000000048e-01 -3.026469999999999994e-01 -5.240000000000000517e-04
2.000000000000000000e+00 4.000000000000000000e+00 2.000000000000000000e+01 0.000000000000000000e+00 1.600000000000000089e+00 -7.903999999999999568e-03 3.414999999999999980e-02 -9.993849999999999678e-01 3.897930000000000006e-01 -9.202550000000000452e-01 -3.452899999999999719e-02 -9.208680000000000199e-01 -3.898269999999999791e-01 -6.036999999999999832e-03
5.000000000000000000e+00 4.000000000000000000e+00 2.000000000000000000e+01 0.000000000000000000e+00 1.600000000000000089e+00 -8.467999999999999833e-03 3.875800000000000078e-02 -9.992130000000000178e-01 3.979949999999999877e-01 -9.165609999999999591e-01 -3.892500000000000127e-02 -9.173480000000000523e-01 -3.980119999999999769e-01 -7.663999999999999806e-03
8.000000000000000000e+00 4.000000000000000000e+00 2.000000000000000000e+01 0.000000000000000000e+00 1.600000000000000089e+00 -9.086000000000000326e-03 4.284999999999999920e-02 -9.990400000000000391e-01 4.091569999999999929e-01 -9.114590000000000192e-01 -4.281499999999999889e-02 -9.124189999999999801e-01 -4.091540000000000177e-01 -9.251000000000000542e-03
1.700000000000000000e+01 4.000000000000000000e+00 2.000000000000000000e+01 0.000000000000000000e+00 1.600000000000000089e+00 -6.164000000000000208e-03 2.223199999999999829e-02 -9.997340000000000115e-01 4.255860000000000198e-01 -9.046319999999999917e-01 -2.274100000000000080e-02 -9.048969999999999514e-01 -4.256130000000000191e-01 -3.886000000000000131e-03
2.000000000000000000e+01 4.000000000000000000e+00 2.000000000000000000e+01 0.000000000000000000e+00 1.600000000000000089e+00 -4.532999999999999703e-03 1.821499999999999855e-02 -9.998240000000000460e-01 4.246059999999999834e-01 -9.051909999999999679e-01 -1.841599999999999834e-02 -9.053670000000000329e-01 -4.246150000000000202e-01 -3.631000000000000113e-03
2.900000000000000000e+01 4.000000000000000000e+00 2.000000000000000000e+01 0.000000000000000000e+00 1.600000000000000089e+00 8.210000000000000067e-04 5.557000000000000307e-03 -9.999839999999999840e-01 4.251469999999999971e-01 -9.051120000000000276e-01 -4.681000000000000265e-03 -9.051240000000000396e-01 -4.251360000000000139e-01 -3.105000000000000121e-03
5.000000000000000000e+00 1.300000000000000000e+01 2.000000000000000000e+01 0.000000000000000000e+00 1.600000000000000089e+00 1.240000000000000054e-04 -3.416000000000000199e-03 9.999940000000000495e-01 2.669900000000000051e-01 9.636940000000000506e-01 3.259000000000000178e-03 -9.636989999999999723e-01 2.669880000000000031e-01 1.031000000000000015e-03
1.100000000000000000e+01 1.300000000000000000e+01 2.000000000000000000e+01 0.000000000000000000e+00 1.600000000000000089e+00 -2.431000000000000001e-03 -3.860000000000000150e-03 9.999900000000000455e-01 2.827850000000000086e-01 9.591730000000000533e-01 4.389999999999999805e-03 -9.591800000000000326e-01 2.827930000000000166e-01 -1.240999999999999916e-03
1.500000000000000000e+01 1.300000000000000000e+01 2.000000000000000000e+01 0.000000000000000000e+00 1.600000000000000089e+00 -1.644999999999999978e-03 -4.289000000000000278e-03 9.999890000000000168e-01 2.953200000000000269e-01 9.553869999999999862e-01 4.584000000000000401e-03 -9.553970000000000518e-01 2.953250000000000042e-01 -3.049999999999999868e-04
1.900000000000000000e+01 1.300000000000000000e+01 2.000000000000000000e+01 0.000000000000000000e+00 1.600000000000000089e+00 -9.820000000000000170e-04 2.134000000000000046e-03 9.999970000000000248e-01 3.042610000000000037e-01 9.525869999999999616e-01 -1.734000000000000081e-03 -9.525879999999999903e-01 3.042579999999999729e-01 -1.585000000000000037e-03
2.800000000000000000e+01 1.300000000000000000e+01 2.000000000000000000e+01 0.000000000000000000e+00 1.600000000000000089e+00 -8.140000000000000534e-04 1.275000000000000092e-03 9.999989999999999712e-01 3.129069999999999907e-01 9.497830000000000439e-01 -9.560000000000000355e-04 -9.497830000000000439e-01 3.129060000000000175e-01 -1.172000000000000082e-03
2.300000000000000000e+01 1.400000000000000000e+01 2.000000000000000000e+01 0.000000000000000000e+00 1.600000000000000089e+00 2.199999999999999943e-05 1.716999999999999993e-03 9.999980000000000535e-01 2.671830000000000038e-01 9.636439999999999451e-01 -1.660999999999999933e-03 -9.636460000000000026e-01 2.671830000000000038e-01 -4.380000000000000213e-04
2.300000000000000000e+01 1.600000000000000000e+01 2.100000000000000000e+01 0.000000000000000000e+00 1.600000000000000089e+00 4.939999999999999730e-04 7.285999999999999942e-03 9.999730000000000008e-01 3.035459999999999825e-01 9.527900000000000258e-01 -7.092000000000000214e-03 -9.528170000000000250e-01 3.035410000000000053e-01 -1.740999999999999926e-03
2.800000000000000000e+01 1.600000000000000000e+01 2.100000000000000000e+01 0.000000000000000000e+00 1.600000000000000089e+00 -1.387999999999999911e-03 2.808999999999999865e-03 9.999949999999999672e-01 3.039169999999999927e-01 9.526959999999999873e-01 -2.255000000000000060e-03 -9.526970000000000161e-01 3.039129999999999887e-01 -2.175999999999999983e-03
1.300000000000000000e+01 4.200000000000000000e+01 2.300000000000000000e+01 0.000000000000000000e+00 1.600000000000000089e+00 -9.786989999999999856e-01 -1.833130000000000037e-01 9.243400000000000227e-02 -1.507149999999999879e-01 9.472620000000000484e-01 2.828049999999999731e-01 -1.394009999999999971e-01 2.628499999999999726e-01 -9.547130000000000338e-01
4.000000000000000000e+00 3.000000000000000000e+00 2.500000000000000000e+01 0.000000000000000000e+00 1.600000000000000089e+00 -1.062100000000000023e-02 3.400100000000000344e-02 9.993649999999999478e-01 3.194400000000000017e-02 -9.989000000000000101e-01 3.432500000000000134e-02 9.994330000000000158e-01 3.228799999999999726e-02 9.523000000000000215e-03
7.000000000000000000e+00 3.000000000000000000e+00 2.500000000000000000e+01 0.000000000000000000e+00 1.600000000000000089e+00 -8.861000000000000820e-03 3.968700000000000006e-02 9.991729999999999778e-01 2.263700000000000087e-02 -9.989479999999999471e-01 3.987899999999999778e-02 9.997040000000000370e-01 2.297099999999999836e-02 7.953000000000000000e-03
1.500000000000000000e+01 3.000000000000000000e+00 2.500000000000000000e+01 0.000000000000000000e+00 1.600000000000000089e+00 -6.190000000000000190e-03 2.615900000000000170e-02 9.996390000000000553e-01 -1.188400000000000047e-02 -9.995889999999999498e-01 2.608500000000000055e-02 9.999099999999999655e-01 -1.171900000000000025e-02 6.498000000000000304e-03
2.200000000000000000e+01 4.200000000000000000e+01 2.500000000000000000e+01 0.000000000000000000e+00 1.600000000000000089e+00 1.359899999999999998e-02 -6.688190000000000524e-01 7.433009999999999895e-01 -4.466129999999999822e-01 6.610350000000000392e-01 6.029679999999999485e-01 -8.946239999999999748e-01 -3.401669999999999972e-01 -2.897140000000000271e-01
2.800000000000000000e+01 4.600000000000000000e+01 2.700000000000000000e+01 0.000000000000000000e+00 1.600000000000000089e+00 -5.137000000000000073e-03 7.039999999999999817e-04 -9.999869999999999592e-01 6.786799999999999500e-01 7.344279999999999697e-01 -2.968999999999999851e-03 7.344159999999999577e-01 -6.786860000000000115e-01 -4.250000000000000305e-03
2.300000000000000000e+01 3.900000000000000000e+01 2.900000000000000000e+01 0.000000000000000000e+00 1.600000000000000089e+00 -1.621720000000000106e-01 -9.313299999999999912e-01 3.260739999999999750e-01 5.397769999999999513e-01 -3.603520000000000056e-01 -7.607810000000000406e-01 8.260399999999999965e-01 5.263000000000000317e-02 5.611490000000000089e-01
4.000000000000000000e+00 5.800000000000000000e+01 3.100000000000000000e+01 0.000000000000000000e+00 1.600000000000000089e+00 1.688000000000000047e-03 1.976400000000000032e-02 9.998029999999999973e-01 -7.894600000000000506e-01 -6.136540000000000328e-01 1.346299999999999927e-02 6.137989999999999835e-01 -7.893280000000000296e-01 1.456700000000000009e-02
1.700000000000000000e+01 5.800000000000000000e+01 3.100000000000000000e+01 0.000000000000000000e+00 1.600000000000000089e+00 7.190000000000000210e-03 8.887000000000000802e-03 9.999350000000000183e-01 -7.970709999999999740e-01 -6.037839999999999874e-01 1.109800000000000023e-02 6.038430000000000186e-01 -7.970979999999999732e-01 2.743000000000000212e-03
2.400000000000000000e+01 5.800000000000000000e+01 3.100000000000000000e+01 0.000000000000000000e+00 1.600000000000000089e+00 5.519999999999999733e-04 8.472000000000000364e-03 9.999639999999999640e-01 -8.014569999999999750e-01 -5.980269999999999753e-01 5.509000000000000008e-03 5.980520000000000280e-01 -8.014310000000000045e-01 6.459999999999999597e-03
2.700000000000000000e+01 5.800000000000000000e+01 3.100000000000000000e+01 0.000000000000000000e+00 1.600000000000000089e+00 -1.033000000000000064e-03 7.299999999999999903e-05 9.999989999999999712e-01 -7.984970000000000123e-01 -6.019980000000000331e-01 -7.799999999999999859e-04 6.019970000000000043e-01 -7.984980000000000411e-01 6.800000000000000488e-04
1.800000000000000000e+01 2.300000000000000000e+01 3.400000000000000000e+01 0.000000000000000000e+00 1.600000000000000089e+00 7.269999999999999987e-04 8.680000000000000215e-03 9.999620000000000175e-01 3.968670000000000253e-01 -9.178439999999999932e-01 7.677999999999999929e-03 9.178760000000000252e-01 3.968470000000000053e-01 -4.112000000000000204e-03
2.200000000000000000e+01 2.300000000000000000e+01 3.400000000000000000e+01 0.000000000000000000e+00 1.600000000000000089e+00 3.578000000000000017e-03 2.030000000000000120e-03 9.999919999999999920e-01 3.981169999999999987e-01 -9.173339999999999828e-01 4.369999999999999970e-04 9.173270000000000035e-01 3.981129999999999947e-01 -4.089999999999999886e-03
2.400000000000000000e+01 4.600000000000000000e+01 3.500000000000000000e+01 0.000000000000000000e+00 1.600000000000000089e+00 -6.411000000000000032e-03 -1.597750000000000004e-01 -9.871330000000000382e-01 3.835020000000000095e-01 -9.120650000000000146e-01 1.451340000000000130e-01 -9.235179999999999501e-01 -3.776370000000000005e-01 6.712200000000000111e-02
2.900000000000000000e+01 4.600000000000000000e+01 3.500000000000000000e+01 0.000000000000000000e+00 1.600000000000000089e+00 9.749999999999999552e-04 3.029000000000000008e-03 -9.999949999999999672e-01 3.892729999999999801e-01 -9.211190000000000211e-01 -2.409999999999999816e-03 -9.211219999999999963e-01 -3.892680000000000029e-01 -2.077999999999999986e-03
3.000000000000000000e+00 2.900000000000000000e+01 3.600000000000000000e+01 0.000000000000000000e+00 1.600000000000000089e+00 5.591429999999999456e-01 6.362900000000000222e-01 -5.315010000000000012e-01 7.779749999999999721e-01 -1.811010000000000120e-01 6.016289999999999694e-01 2.865550000000000042e-01 -7.498920000000000030e-01 -5.962790000000000035e-01
1.000000000000000000e+01 5.000000000000000000e+01 3.600000000000000000e+01 0.000000000000000000e+00 1.600000000000000089e+00 -9.993000000000000146e-03 -1.760400000000000020e-01 -9.843319999999999848e-01 1.764459999999999917e-01 -9.692460000000000520e-01 1.715500000000000080e-01 -9.842600000000000238e-01 -1.719670000000000087e-01 4.074799999999999950e-02
1.800000000000000000e+01 9.500000000000000000e+01 3.600000000000000000e+01 0.000000000000000000e+00 1.600000000000000089e+00 -2.286999999999999970e-03 -4.595599999999999685e-02 9.989409999999999679e-01 9.984380000000000477e-01 5.565599999999999714e-02 4.845999999999999613e-03 -5.581900000000000056e-02 9.973919999999999453e-01 4.575699999999999906e-02
1.300000000000000000e+01 3.100000000000000000e+01 3.700000000000000000e+01 0.000000000000000000e+00 1.600000000000000089e+00 1.764259999999999995e-01 -9.746540000000000203e-01 -1.375599999999999878e-01 6.615560000000000329e-01 2.208930000000000060e-01 -7.166240000000000387e-01 7.288459999999999939e-01 3.542800000000000116e-02 6.837600000000000344e-01
1.900000000000000000e+01 9.500000000000000000e+01 3.700000000000000000e+01 0.000000000000000000e+00 1.600000000000000089e+00 9.759999999999999796e-04 -2.521199999999999830e-02 9.996819999999999595e-01 9.972670000000000146e-01 7.387100000000000610e-02 8.899999999999999491e-04 -7.386900000000000410e-02 9.969489999999999741e-01 2.521599999999999883e-02
7.000000000000000000e+00 5.000000000000000000e+01 3.800000000000000000e+01 0.000000000000000000e+00 1.600000000000000089e+00 -1.892399999999999985e-02 -3.316709999999999936e-01 9.432049999999999601e-01 -3.291589999999999794e-01 -8.887180000000000080e-01 -3.191149999999999820e-01 9.440849999999999520e-01 -3.165040000000000076e-01 -9.235500000000000653e-02
3.000000000000000000e+00 2.000000000000000000e+01 3.900000000000000000e+01 0.000000000000000000e+00 1.600000000000000089e+00 1.077999999999999965e-02 -1.523799999999999981e-02 9.998259999999999925e-01 -4.742489999999999761e-01 8.801959999999999784e-01 1.852799999999999933e-02 -8.803250000000000242e-01 -4.743660000000000099e-01 2.262000000000000122e-03
1.200000000000000000e+01 2.800000000000000000e+01 4.000000000000000000e+01 0.000000000000000000e+00 1.600000000000000089e+00 -4.974800000000000055e-02 -8.643279999999999852e-01 -5.004619999999999624e-01 7.548270000000000257e-01 2.955940000000000234e-01 -5.855430000000000357e-01 6.540350000000000330e-01 -4.068919999999999759e-01 6.377119999999999456e-01
1.000000000000000000e+01 2.400000000000000000e+01 4.100000000000000000e+01 0.000000000000000000e+00 1.600000000000000089e+00 -2.597000000000000003e-02 -5.360970000000000457e-01 8.437569999999999792e-01 -6.972599999999999909e-01 6.145450000000000079e-01 3.690019999999999967e-01 -7.163469999999999560e-01 -5.787349999999999994e-01 -3.897590000000000221e-01
1.200000000000000000e+01 2.700000000000000000e+01 4.100000000000000000e+01 0.000000000000000000e+00 1.600000000000000089e+00 -4.505800000000000083e-02 -6.286260000000000181e-01 -7.764010000000000078e-01 7.892940000000000511e-01 4.540020000000000167e-01 -4.133970000000000145e-01 6.123600000000000154e-01 -6.314359999999999973e-01 4.757149999999999990e-01
7.000000000000000000e+00 4.700000000000000000e+01 4.100000000000000000e+01 0.000000000000000000e+00 1.600000000000000089e+00 -1.391900000000000082e-01 6.507009999999999739e-01 -7.464680000000000204e-01 -5.861619999999999608e-01 5.534249999999999448e-01 5.917219999999999702e-01 7.981479999999999686e-01 5.199129999999999585e-01 3.043839999999999879e-01
1.000000000000000000e+00 2.600000000000000000e+01 4.200000000000000000e+01 0.000000000000000000e+00 1.600000000000000089e+00 2.721500000000000030e-01 9.554359999999999520e-01 -1.143509999999999943e-01 7.866140000000000354e-01 -1.524510000000000032e-01 5.983279999999999710e-01 5.542310000000000292e-01 -2.527849999999999819e-01 -7.930490000000000039e-01
1.100000000000000000e+01 2.600000000000000000e+01 4.200000000000000000e+01 0.000000000000000000e+00 1.600000000000000089e+00 -6.747300000000000519e-02 -4.118640000000000079e-01 -9.087439999999999962e-01 8.455209999999999670e-01 4.599239999999999995e-01 -2.712269999999999959e-01 5.296610000000000484e-01 -7.866630000000000011e-01 3.172070000000000167e-01
1.800000000000000000e+01 5.000000000000000000e+01 4.200000000000000000e+01 0.000000000000000000e+00 1.600000000000000089e+00 -3.983979999999999744e-01 8.527789999999999537e-01 -3.377069999999999794e-01 -5.363580000000000014e-01 8.206900000000000306e-02 8.399910000000000432e-01 7.440419999999999812e-01 5.157829999999999915e-01 4.246989999999999932e-01
1.000000000000000000e+01 2.500000000000000000e+01 4.300000000000000000e+01 0.000000000000000000e+00 1.600000000000000089e+00 -8.930899999999999950e-02 -2.938370000000000148e-01 -9.516740000000000199e-01 8.844750000000000112e-01 4.159349999999999992e-01 -2.114260000000000028e-01 4.579599999999999782e-01 -8.606150000000000189e-01 2.227449999999999986e-01
1.800000000000000000e+01 5.100000000000000000e+01 4.300000000000000000e+01 0.000000000000000000e+00 1.600000000000000089e+00 -2.997949999999999782e-01 8.436000000000000165e-01 -4.454899999999999971e-01 -5.033670000000000089e-01 2.567999999999999727e-01 8.250309999999999588e-01 8.103979999999999517e-01 4.715849999999999764e-01 3.476529999999999898e-01
1.300000000000000000e+01 2.900000000000000000e+01 4.400000000000000000e+01 0.000000000000000000e+00 1.600000000000000089e+00 -4.750900000000000262e-02 -1.842000000000000104e-03 -9.988690000000000069e-01 7.656519999999999992e-01 6.421559999999999491e-01 -3.760000000000000148e-02 6.414990000000000414e-01 -7.665720000000000312e-01 -2.909799999999999887e-02
2.600000000000000000e+01 2.900000000000000000e+01 4.400000000000000000e+01 0.000000000000000000e+00 1.600000000000000089e+00 6.426000000000000288e-03 1.034799999999999956e-02 -9.999259999999999815e-01 6.966930000000000067e-01 7.172709999999999919e-01 1.190000000000000085e-02 7.173410000000000064e-01 -6.967179999999999485e-01 -2.601000000000000013e-03
1.300000000000000000e+01 6.500000000000000000e+01 4.600000000000000000e+01 0.000000000000000000e+00 1.600000000000000089e+00 6.960000000000000041e-04 3.116999999999999979e-03 9.999949999999999672e-01 6.789129999999999887e-01 -7.342170000000000085e-01 1.815999999999999906e-03 7.342189999999999550e-01 6.789079999999999560e-01 -2.626999999999999995e-03
2.800000000000000000e+01 7.000000000000000000e+01 4.700000000000000000e+01 0.000000000000000000e+00 1.600000000000000089e+00 1.918999999999999916e-03 8.134000000000000605e-03 -9.999649999999999928e-01 -8.363779999999999548e-01 -5.481190000000000229e-01 -6.063999999999999946e-03 -5.481500000000000261e-01 8.363610000000000211e-01 5.752000000000000168e-03
1.600000000000000000e+01 2.900000000000000000e+01 4.800000000000000000e+01 0.000000000000000000e+00 1.600000000000000089e+00 1.222700000000000002e-02 5.530600000000000099e-02 9.983950000000000324e-01 3.553560000000000052e-01 9.330500000000000460e-01 -5.603799999999999754e-02 -9.346510000000000096e-01 3.554709999999999814e-01 -8.245000000000000592e-03
2.100000000000000000e+01 2.900000000000000000e+01 4.800000000000000000e+01 0.000000000000000000e+00 1.600000000000000089e+00 3.288000000000000124e-03 -5.728999999999999718e-03 9.999780000000000335e-01 3.748859999999999970e-01 9.270620000000000527e-01 4.079000000000000160e-03 -9.270650000000000279e-01 3.748639999999999750e-01 5.196000000000000098e-03
2.600000000000000000e+01 2.900000000000000000e+01 4.800000000000000000e+01 0.000000000000000000e+00 1.600000000000000089e+00 -2.772999999999999857e-03 7.695999999999999716e-03 9.999670000000000503e-01 3.623100000000000209e-01 9.320370000000000044e-01 -6.167999999999999872e-03 -9.320540000000000491e-01 3.622810000000000197e-01 -5.373000000000000172e-03
1.300000000000000000e+01 4.800000000000000000e+01 4.900000000000000000e+01 0.000000000000000000e+00 1.600000000000000089e+00 6.906189999999999829e-01 -4.656040000000000179e-01 5.534059999999999535e-01 2.069269999999999998e-01 8.604220000000000201e-01 4.656770000000000076e-01 -6.929840000000000444e-01 -2.070909999999999973e-01 6.905689999999999884e-01
2.000000000000000000e+00 6.000000000000000000e+00 5.100000000000000000e+01 0.000000000000000000e+00 1.600000000000000089e+00 3.699999999999999811e-05 -1.539999999999999919e-03 -9.999989999999999712e-01 2.941420000000000146e-01 -9.557609999999999717e-01 1.482999999999999943e-03 -9.557620000000000005e-01 -2.941420000000000146e-01 4.169999999999999987e-04
6.000000000000000000e+00 1.150000000000000000e+02 5.100000000000000000e+01 0.000000000000000000e+00 1.600000000000000089e+00 -6.209000000000000109e-03 1.136999999999999990e-02 9.999160000000000270e-01 8.538489999999999691e-01 -5.203999999999999737e-01 1.122000000000000081e-02 5.204839999999999467e-01 8.538470000000000226e-01 -6.477000000000000118e-03
1.200000000000000000e+01 1.150000000000000000e+02 5.100000000000000000e+01 0.000000000000000000e+00 1.600000000000000089e+00 -2.750999999999999973e-03 1.765900000000000108e-02 9.998399999999999510e-01 8.579090000000000327e-01 -5.136749999999999927e-01 1.143300000000000045e-02 5.137950000000000017e-01 8.578029999999999822e-01 -1.373699999999999921e-02
1.000000000000000000e+01 7.000000000000000000e+00 5.200000000000000000e+01 0.000000000000000000e+00 1.600000000000000089e+00 7.494999999999999926e-03 4.832000000000000357e-03 -9.999599999999999600e-01 6.671699999999999853e-02 -9.977629999999999555e-01 -4.321000000000000188e-03 -9.977439999999999642e-01 -6.668200000000000516e-02 -7.800999999999999775e-03
1.800000000000000000e+01 7.000000000000000000e+00 5.200000000000000000e+01 0.000000000000000000e+00 1.600000000000000089e+00 6.509999999999999945e-04 -3.942000000000000191e-03 -9.999919999999999920e-01 7.401199999999999446e-02 -9.972490000000000521e-01 3.978999999999999898e-03 -9.972569999999999490e-01 -7.401399999999999646e-02 -3.570000000000000040e-04
4.000000000000000000e+00 4.300000000000000000e+01 5.200000000000000000e+01 0.000000000000000000e+00 1.600000000000000089e+00 -7.119290000000000340e-01 -5.920020000000000282e-01 3.777440000000000242e-01 -5.738199999999999967e-01 8.004879999999999773e-01 1.730569999999999886e-01 -4.048300000000000232e-01 -9.355199999999999627e-02 -9.095940000000000136e-01
3.000000000000000000e+00 4.400000000000000000e+01 5.300000000000000000e+01 0.000000000000000000e+00 1.600000000000000089e+00 -8.093660000000000299e-01 -4.075759999999999939e-01 4.228569999999999829e-01 -4.145530000000000048e-01 9.064799999999999525e-01 8.025200000000000389e-02 -4.160200000000000009e-01 -1.103429999999999966e-01 -9.026359999999999939e-01
7.000000000000000000e+00 4.400000000000000000e+01 5.300000000000000000e+01 0.000000000000000000e+00 1.600000000000000089e+00 -2.747879999999999767e-01 -9.093520000000000492e-01 3.123630000000000018e-01 -8.580699999999999994e-01 3.785060000000000091e-01 3.470570000000000044e-01 -4.338279999999999914e-01 -1.726620000000000099e-01 -8.842969999999999997e-01
5.000000000000000000e+00 6.300000000000000000e+01 5.400000000000000000e+01 0.000000000000000000e+00 1.600000000000000089e+00 5.969999999999999829e-04 3.311000000000000141e-03 9.999940000000000495e-01 -3.596360000000000112e-01 9.330880000000000285e-01 -2.873999999999999819e-03 -9.330920000000000325e-01 -3.596329999999999805e-01 1.747999999999999988e-03
1.100000000000000000e+01 6.300000000000000000e+01 5.400000000000000000e+01 0.000000000000000000e+00 1.600000000000000089e+00 1.319000000000000077e-03 2.955999999999999860e-03 9.999949999999999672e-01 -3.655660000000000021e-01 9.307830000000000270e-01 -2.269000000000000183e-03 -9.307839999999999447e-01 -3.655610000000000248e-01 2.308000000000000156e-03
1.600000000000000000e+01 6.300000000000000000e+01 5.400000000000000000e+01 0.000000000000000000e+00 1.600000000000000089e+00 -1.394999999999999973e-03 -1.886000000000000090e-03 9.999970000000000248e-01 -3.651039999999999841e-01 9.309659999999999602e-01 1.247000000000000062e-03 -9.309659999999999602e-01 -3.651010000000000089e-01 -1.987000000000000051e-03
2.000000000000000000e+01 6.300000000000000000e+01 5.400000000000000000e+01 0.000000000000000000e+00 1.600000000000000089e+00 -1.054999999999999948e-03 2.530999999999999830e-03 9.999959999999999960e-01 -3.570019999999999860e-01 9.341000000000000414e-01 -2.740999999999999947e-03 -9.341030000000000166e-01 -3.570030000000000148e-01 -8.100000000000000375e-05
2.000000000000000000e+00 2.500000000000000000e+01 5.500000000000000000e+01 0.000000000000000000e+00 1.600000000000000089e+00 -6.062999999999999813e-03 -1.562360000000000138e-01 9.877010000000000511e-01 3.225000000000000002e-03 9.877110000000000056e-01 1.562570000000000070e-01 -9.999759999999999760e-01 4.132000000000000256e-03 -5.484000000000000159e-03
8.000000000000000000e+00 2.500000000000000000e+01 5.500000000000000000e+01 0.000000000000000000e+00 1.600000000000000089e+00 1.654200000000000115e-02 5.885679999999999801e-01 8.082789999999999697e-01 2.632500000000000118e-02 8.078530000000000433e-01 -5.887959999999999861e-01 -9.995169999999999888e-01 3.101800000000000043e-02 -2.129999999999999949e-03
7.000000000000000000e+00 2.600000000000000000e+01 5.500000000000000000e+01 0.000000000000000000e+00 1.600000000000000089e+00 1.489099999999999972e-02 5.912030000000000340e-01 8.063850000000000184e-01 -3.798999999999999860e-03 8.065020000000000522e-01 -5.912190000000000500e-01 -9.998820000000000485e-01 5.740000000000000310e-03 1.425599999999999958e-02
7.000000000000000000e+00 4.300000000000000000e+01 5.500000000000000000e+01 0.000000000000000000e+00 1.600000000000000089e+00 -9.372500000000000275e-02 -8.768439999999999568e-01 4.715509999999999979e-01 -9.640649999999999498e-01 1.981900000000000051e-01 1.769169999999999909e-01 -2.485850000000000004e-01 -4.380249999999999977e-01 -8.639099999999999557e-01
