1.600000000000000000e+01 2.500000000000000000e+01 1.000000000000000000e+00 0.000000000000000000e+00 1.600000000000000089e+00 -1.546999999999999981e-03 4.200000000000000174e-04 -9.999989999999999712e-01 -5.227509999999999657e-01 -8.524859999999999660e-01 4.510000000000000120e-04 -8.524840000000000195e-01 5.227509999999999657e-01 1.538000000000000088e-03
5.000000000000000000e+00 1.500000000000000000e+01 4.000000000000000000e+00 0.000000000000000000e+00 1.600000000000000089e+00 -8.570000000000000144e-04 -6.903000000000000282e-03 9.999759999999999760e-01 3.150600000000000067e-01 -9.490509999999999780e-01 -6.281000000000000125e-03 9.490709999999999980e-01 3.150470000000000215e-01 2.988999999999999903e-03
7.000000000000000000e+00 1.500000000000000000e+01 4.000000000000000000e+00 0.000000000000000000e+00 1.600000000000000089e+00 1.005999999999999950e-03 -4.160999999999999768e-03 9.999909999999999632e-01 3.144129999999999980e-01 -9.492770000000000374e-01 -4.265999999999999827e-03 9.492859999999999632e-01 3.144150000000000000e-01 3.530000000000000152e-04
1.100000000000000000e+01 1.500000000000000000e+01 4.000000000000000000e+00 0.000000000000000000e+00 1.600000000000000089e+00 3.661999999999999891e-03 4.687000000000000194e-03 9.999820000000000375e-01 3.144159999999999733e-01 -9.492800000000000127e-01 3.298000000000000150e-03 9.492779999999999552e-01 3.143980000000000108e-01 -4.950000000000000407e-03
1.600000000000000000e+01 1.500000000000000000e+01 4.000000000000000000e+00 0.000000000000000000e+00 1.600000000000000089e+00 2.818999999999999891e-03 -3.706999999999999792e-03 9.999890000000000168e-01 3.176129999999999787e-01 -9.482099999999999973e-01 -4.409999999999999858e-03 9.482159999999999478e-01 3.176220000000000154e-01 -1.495999999999999934e-03
2.000000000000000000e+01 1.500000000000000000e+01 4.000000000000000000e+00 0.000000000000000000e+00 1.600000000000000089e+00 2.735000000000000018e-03 -3.969999999999999571e-03 9.999879999999999880e-01 3.180689999999999906e-01 -9.480560000000000098e-01 -4.634000000000000098e-03 9.480640000000000178e-01 3.180780000000000274e-01 -1.330000000000000019e-03
2.800000000000000000e+01 1.500000000000000000e+01 4.000000000000000000e+00 0.000000000000000000e+00 1.600000000000000089e+00 2.649999999999999903e-04 -1.721000000000000090e-03 9.999989999999999712e-01 3.183400000000000118e-01 -9.479750000000000121e-01 -1.716000000000000077e-03 9.479769999999999586e-01 3.183400000000000118e-01 2.959999999999999849e-04
1.200000000000000000e+01 4.000000000000000000e+00 5.000000000000000000e+00 0.000000000000000000e+00 1.600000000000000089e+00 -8.533000000000000654e-03 -2.060800000000000132e-02 9.997509999999999453e-01 2.224299999999999888e-01 -9.747789999999999511e-01 -1.819499999999999937e-02 9.749109999999999721e-01 2.222189999999999999e-01 1.290200000000000027e-02
1.000000000000000000e+00 1.010000000000000000e+02 7.000000000000000000e+00 0.000000000000000000e+00 1.600000000000000089e+00 1.799000000000000035e-03 5.844000000000000236e-03 9.999810000000000088e-01 8.888639999999999874e-01 4.581520000000000037e-01 -4.276000000000000287e-03 -4.581680000000000197e-01 8.888549999999999507e-01 -4.370999999999999885e-03
5.000000000000000000e+00 1.010000000000000000e+02 7.000000000000000000e+00 0.000000000000000000e+00 1.600000000000000089e+00 3.849999999999999798e-04 -8.772000000000000283e-03 9.999609999999999888e-01 8.888359999999999594e-01 4.582120000000000082e-01 3.677999999999999846e-03 -4.582260000000000222e-01 8.888000000000000345e-01 7.972999999999999185e-03
8.000000000000000000e+00 1.010000000000000000e+02 7.000000000000000000e+00 0.000000000000000000e+00 1.600000000000000089e+00 -9.479999999999999495e-04 -1.030200000000000039e-02 9.999460000000000015e-01 8.898869999999999836e-01 4.561479999999999979e-01 5.543000000000000184e-03 -4.561799999999999744e-01 8.898439999999999683e-01 8.734999999999999709e-03
2.800000000000000000e+01 1.010000000000000000e+02 7.000000000000000000e+00 0.000000000000000000e+00 1.600000000000000089e+00 7.140000000000000079e-04 1.462399999999999985e-02 9.998930000000000318e-01 8.882149999999999768e-01 4.593679999999999986e-01 -7.352000000000000028e-03 -4.594269999999999743e-01 8.881250000000000533e-01 -1.266100000000000038e-02
6.000000000000000000e+00 2.500000000000000000e+01 8.000000000000000000e+00 0.000000000000000000e+00 1.600000000000000089e+00 -1.379999999999999933e-04 -4.390999999999999938e-03 -9.999900000000000455e-01 4.488420000000000187e-01 8.936020000000000074e-01 -3.985999999999999960e-03 8.936110000000000442e-01 -4.488389999999999880e-01 1.846999999999999901e-03
1.000000000000000000e+01 2.500000000000000000e+01 8.000000000000000000e+00 0.000000000000000000e+00 1.600000000000000089e+00 5.980000000000000072e-04 -4.590000000000000330e-03 -9.999890000000000168e-01 4.493289999999999784e-01 8.933579999999999854e-01 -3.831999999999999903e-03 8.933659999999999934e-01 -4.493219999999999992e-01 2.596999999999999916e-03
1.400000000000000000e+01 2.500000000000000000e+01 8.000000000000000000e+00 0.000000000000000000e+00 1.600000000000000089e+00 1.884000000000000041e-03 2.991999999999999868e-03 -9.999940000000000495e-01 4.490450000000000275e-01 8.935020000000000184e-01 3.518999999999999993e-03 8.935070000000000512e-01 -4.490489999999999760e-01 3.400000000000000244e-04
2.000000000000000000e+01 2.500000000000000000e+01 8.000000000000000000e+00 0.000000000000000000e+00 1.600000000000000089e+00 1.007999999999999998e-03 -2.100000000000000087e-04 -1.000000000000000000e+00 4.483059999999999823e-01 8.938800000000000079e-01 2.640000000000000202e-04 8.938789999999999791e-01 -4.483059999999999823e-01 9.950000000000000077e-04
2.600000000000000000e+01 2.500000000000000000e+01 8.000000000000000000e+00 0.000000000000000000e+00 1.600000000000000089e+00 2.338999999999999933e-03 5.705000000000000002e-03 -9.999810000000000088e-01 4.480580000000000118e-01 8.939829999999999721e-01 6.147999999999999819e-03 8.940010000000000456e-01 -4.480640000000000178e-01 -4.650000000000000270e-04
6.000000000000000000e+00 2.400000000000000000e+01 9.000000000000000000e+00 0.000000000000000000e+00 1.600000000000000089e+00 4.699999999999999724e-05 -4.768999999999999802e-03 -9.999890000000000168e-01 4.533320000000000127e-01 8.913320000000000132e-01 -4.230000000000000253e-03 8.913419999999999677e-01 -4.533269999999999800e-01 2.203999999999999796e-03
1.400000000000000000e+01 2.400000000000000000e+01 9.000000000000000000e+00 0.000000000000000000e+00 1.600000000000000089e+00 1.887000000000000005e-03 5.016999999999999758e-03 -9.999860000000000415e-01 4.535319999999999907e-01 8.912240000000000162e-01 5.327000000000000138e-03 8.912379999999999747e-01 -4.535350000000000215e-01 -5.929999999999999941e-04
2.000000000000000000e+01 2.400000000000000000e+01 9.000000000000000000e+00 0.000000000000000000e+00 1.600000000000000089e+00 9.810000000000001011e-04 3.400000000000000244e-04 -9.999989999999999712e-01 4.532070000000000265e-01 8.914050000000000029e-01 7.479999999999999670e-04 8.914050000000000029e-01 -4.532079999999999997e-01 7.209999999999999612e-04
2.600000000000000000e+01 2.400000000000000000e+01 9.000000000000000000e+00 0.000000000000000000e+00 1.600000000000000089e+00 2.200999999999999832e-03 5.890000000000000270e-03 -9.999799999999999800e-01 4.513220000000000010e-01 8.923389999999999933e-01 6.249000000000000214e-03 8.923579999999999846e-01 -4.513269999999999782e-01 -6.939999999999999555e-04
9.000000000000000000e+00 3.100000000000000000e+01 1.200000000000000000e+01 0.000000000000000000e+00 1.600000000000000089e+00 -1.498999999999999898e-03 -4.924999999999999691e-03 9.999869999999999592e-01 -2.586999999999999890e-03 9.999850000000000128e-01 4.921000000000000027e-03 -9.999959999999999960e-01 -2.579999999999999828e-03 -1.512000000000000106e-03
1.200000000000000000e+01 3.100000000000000000e+01 1.200000000000000000e+01 0.000000000000000000e+00 1.600000000000000089e+00 -1.116000000000000021e-03 -2.723999999999999859e-03 9.999959999999999960e-01 6.999999999999999387e-05 9.999959999999999960e-01 2.723999999999999859e-03 -9.999989999999999712e-01 7.299999999999999903e-05 -1.116000000000000021e-03
1.500000000000000000e+01 3.100000000000000000e+01 1.200000000000000000e+01 0.000000000000000000e+00 1.600000000000000089e+00 -4.510000000000000120e-04 -2.229999999999999994e-04 1.000000000000000000e+00 1.750000000000000036e-03 9.999980000000000535e-01 2.239999999999999966e-04 -9.999980000000000535e-01 1.750000000000000036e-03 -4.499999999999999877e-04
1.900000000000000000e+01 3.100000000000000000e+01 1.200000000000000000e+01 0.000000000000000000e+00 1.600000000000000089e+00 1.978999999999999856e-03 3.811000000000000151e-03 9.999909999999999632e-01 3.647000000000000068e-03 9.999860000000000415e-01 -3.818000000000000213e-03 -9.999909999999999632e-01 3.654000000000000130e-03 1.965000000000000167e-03
2.700000000000000000e+01 3.100000000000000000e+01 1.200000000000000000e+01 0.000000000000000000e+00 1.600000000000000089e+00 6.070000000000000092e-04 -5.709999999999999798e-03 9.999839999999999840e-01 6.204999999999999578e-03 9.999639999999999640e-01 5.706000000000000134e-03 -9.999810000000000088e-01 6.202000000000000048e-03 6.430000000000000169e-04
3.000000000000000000e+00 1.160000000000000000e+02 1.600000000000000000e+01 0.000000000000000000e+00 1.600000000000000089e+00 -3.461999999999999800e-03 -2.011999999999999900e-03 9.999919999999999920e-01 7.328759999999999719e-01 6.803510000000000391e-01 3.906000000000000184e-03 -6.803529999999999855e-01 7.328839999999999799e-01 -8.809999999999999472e-04
2.300000000000000000e+01 1.160000000000000000e+02 1.600000000000000000e+01 0.000000000000000000e+00 1.600000000000000089e+00 7.510000000000000399e-04 1.634999999999999952e-03 9.999980000000000535e-01 6.620610000000000106e-01 7.494480000000000031e-01 -1.722000000000000006e-03 -7.494499999999999496e-01 6.620610000000000106e-01 -5.199999999999999544e-04
2.600000000000000000e+01 1.160000000000000000e+02 1.600000000000000000e+01 0.000000000000000000e+00 1.600000000000000089e+00 1.809000000000000061e-03 9.470000000000000336e-04 9.999980000000000535e-01 6.800329999999999986e-01 7.331790000000000251e-01 -1.925000000000000062e-03 -7.331800000000000539e-01 6.800349999999999451e-01 6.830000000000000134e-04
2.000000000000000000e+00 2.000000000000000000e+00 1.900000000000000000e+01 0.000000000000000000e+00 1.600000000000000089e+00 -4.004999999999999880e-03 -7.276999999999999615e-03 -9.999649999999999928e-01 1.917999999999999983e-01 -9.814129999999999798e-01 6.374000000000000325e-03 -9.814260000000000206e-01 -1.917679999999999940e-01 5.326000000000000005e-03
8.000000000000000000e+00 2.000000000000000000e+00 1.900000000000000000e+01 0.000000000000000000e+00 1.600000000000000089e+00 -1.582999999999999989e-03 -2.739000000000000115e-03 -9.999949999999999672e-01 1.957109999999999961e-01 -9.806589999999999474e-01 2.376000000000000074e-03 -9.806599999999999762e-01 -1.957059999999999911e-01 2.088000000000000012e-03
1.400000000000000000e+01 2.000000000000000000e+00 1.900000000000000000e+01 0.000000000000000000e+00 1.600000000000000089e+00 -1.020999999999999989e-03 -9.048000000000000487e-03 -9.999590000000000423e-01 1.950030000000000097e-01 -9.807639999999999691e-01 8.675000000000000419e-03 -9.808019999999999516e-01 -1.949859999999999927e-01 2.765999999999999796e-03
1.800000000000000000e+01 2.000000000000000000e+00 1.900000000000000000e+01 0.000000000000000000e+00 1.600000000000000089e+00 -1.090000000000000067e-04 8.589999999999999546e-04 -1.000000000000000000e+00 1.930610000000000104e-01 -9.811860000000000026e-01 -8.639999999999999677e-04 -9.811870000000000314e-01 -1.930610000000000104e-01 -5.899999999999999754e-05
2.400000000000000000e+01 2.000000000000000000e+00 1.900000000000000000e+01 0.000000000000000000e+00 1.600000000000000089e+00 1.188000000000000037e-03 -3.527000000000000187e-03 -9.999930000000000208e-01 1.893350000000000033e-01 -9.819059999999999455e-01 3.687999999999999872e-03 -9.819120000000000070e-01 -1.893380000000000063e-01 -4.989999999999999861e-04
2.800000000000000000e+01 2.000000000000000000e+00 1.900000000000000000e+01 0.000000000000000000e+00 1.600000000000000089e+00 -1.755000000000000050e-03 -1.708000000000000100e-03 -9.999970000000000248e-01 1.908489999999999909e-01 -9.816190000000000193e-01 1.342000000000000094e-03 -9.816179999999999906e-01 -1.908459999999999879e-01 2.047999999999999907e-03
4.000000000000000000e+00 4.000000000000000000e+00 2.000000000000000000e+01 0.000000000000000000e+00 1.600000000000000089e+00 -3.618000000000000122e-03 -3.935000000000000130e-03 -9.999860000000000415e-01 3.041610000000000147e-01 -9.526170000000000471e-01 2.648999999999999879e-03 -9.526139999999999608e-01 -3.041470000000000007e-01 4.643000000000000425e-03
1.100000000000000000e+01 4.000000000000000000e+00 2.000000000000000000e+01 0.000000000000000000e+00 1.600000000000000089e+00 -4.020000000000000136e-04 -5.458000000000000178e-03 -9.999850000000000128e-01 3.063230000000000119e-01 -9.519140000000000379e-01 5.072000000000000119e-03 -9.519279999999999964e-01 -3.063159999999999772e-01 2.053999999999999836e-03
4.000000000000000000e+00 1.300000000000000000e+01 2.000000000000000000e+01 0.000000000000000000e+00 1.600000000000000089e+00 -1.230000000000000082e-04 -1.585000000000000037e-03 9.999989999999999712e-01 2.579009999999999914e-01 9.661699999999999733e-01 1.562999999999999936e-03 -9.661710000000000020e-01 2.579009999999999914e-01 2.889999999999999774e-04
7.000000000000000000e+00 1.300000000000000000e+01 2.000000000000000000e+01 0.000000000000000000e+00 1.600000000000000089e+00 -1.010000000000000047e-03 7.540000000000000044e-04 9.999989999999999712e-01 2.576370000000000049e-01 9.662420000000000453e-01 -4.679999999999999915e-04 -9.662410000000000165e-01 2.576359999999999761e-01 -1.170000000000000033e-03
2.100000000000000000e+01 1.300000000000000000e+01 2.000000000000000000e+01 0.000000000000000000e+00 1.600000000000000089e+00 -9.820000000000000170e-04 -3.543999999999999841e-03 9.999930000000000208e-01 2.576600000000000001e-01 9.662290000000000045e-01 3.677000000000000147e-03 -9.662349999999999550e-01 2.576620000000000021e-01 -3.499999999999999693e-05
4.000000000000000000e+00 3.000000000000000000e+00 2.500000000000000000e+01 0.000000000000000000e+00 1.600000000000000089e+00 -7.879999999999999635e-04 -1.985999999999999918e-03 9.999980000000000535e-01 -6.923799999999999399e-02 -9.975979999999999848e-01 -2.036000000000000049e-03 9.976000000000000423e-01 -6.923999999999999599e-02 6.489999999999999459e-04
1.000000000000000000e+01 3.000000000000000000e+00 2.500000000000000000e+01 0.000000000000000000e+00 1.600000000000000089e+00 -4.341000000000000240e-03 -8.144000000000000197e-03 9.999569999999999848e-01 -6.634199999999999819e-02 -9.977610000000000090e-01 -8.413999999999999604e-03 9.977880000000000082e-01 -6.637500000000000344e-02 3.791000000000000099e-03
1.300000000000000000e+01 3.000000000000000000e+00 2.500000000000000000e+01 0.000000000000000000e+00 1.600000000000000089e+00 -2.935999999999999808e-03 -7.710999999999999972e-03 9.999660000000000215e-01 -6.827600000000000335e-02 -9.976350000000000495e-01 -7.893000000000000710e-03 9.976620000000000488e-01 -6.829599999999999560e-02 2.402000000000000055e-03
1.600000000000000000e+01 3.000000000000000000e+00 2.500000000000000000e+01 0.000000000000000000e+00 1.600000000000000089e+00 1.979999999999999989e-03 -4.572999999999999808e-03 9.999879999999999880e-01 -7.414300000000000057e-02 -9.972379999999999578e-01 -4.414000000000000389e-03 9.972459999999999658e-01 -7.413300000000000445e-02 -2.314000000000000085e-03
2.400000000000000000e+01 3.000000000000000000e+00 2.500000000000000000e+01 0.000000000000000000e+00 1.600000000000000089e+00 1.139000000000000038e-03 -7.901000000000000037e-03 9.999679999999999680e-01 -7.219100000000000517e-02 -9.973600000000000243e-01 -7.798000000000000244e-03 9.973899999999999988e-01 -7.217999999999999416e-02 -1.706999999999999967e-03
2.900000000000000000e+01 3.000000000000000000e+00 2.500000000000000000e+01 0.000000000000000000e+00 1.600000000000000089e+00 3.249999999999999851e-04 -2.452000000000000186e-03 9.999970000000000248e-01 -7.066100000000000159e-02 -9.974969999999999670e-01 -2.422999999999999807e-03 9.975000000000000533e-01 -7.066000000000000059e-02 -4.970000000000000459e-04
2.800000000000000000e+01 4.600000000000000000e+01 2.700000000000000000e+01 0.000000000000000000e+00 1.600000000000000089e+00 -1.619999999999999912e-03 -2.232000000000000043e-03 -9.999959999999999960e-01 6.773390000000000244e-01 7.356660000000000421e-01 -2.739000000000000115e-03 7.356690000000000174e-01 -6.773409999999999709e-01 3.200000000000000262e-04
4.000000000000000000e+00 5.800000000000000000e+01 3.100000000000000000e+01 0.000000000000000000e+00 1.600000000000000089e+00 2.280000000000000126e-04 1.964000000000000034e-03 9.999980000000000535e-01 -8.106029999999999625e-01 -5.855939999999999479e-01 1.335000000000000032e-03 5.855960000000000054e-01 -8.106020000000000447e-01 1.458000000000000095e-03
1.300000000000000000e+01 5.800000000000000000e+01 3.100000000000000000e+01 0.000000000000000000e+00 1.600000000000000089e+00 -1.358999999999999965e-03 2.331000000000000173e-03 9.999959999999999960e-01 -8.070270000000000499e-01 -5.905150000000000121e-01 2.799999999999999755e-04 5.905129999999999546e-01 -8.070230000000000459e-01 2.683000000000000055e-03
1.700000000000000000e+01 5.800000000000000000e+01 3.100000000000000000e+01 0.000000000000000000e+00 1.600000000000000089e+00 -2.926000000000000215e-03 7.179999999999999967e-04 9.999949999999999672e-01 -8.066910000000000469e-01 -5.909710000000000241e-01 -1.936000000000000004e-03 5.909670000000000201e-01 -8.066929999999999934e-01 2.308000000000000156e-03
2.500000000000000000e+01 5.800000000000000000e+01 3.100000000000000000e+01 0.000000000000000000e+00 1.600000000000000089e+00 6.679000000000000041e-03 3.089000000000000166e-03 9.999730000000000008e-01 -8.017210000000000170e-01 -5.976550000000000473e-01 7.200999999999999936e-03 5.976609999999999978e-01 -8.017480000000000162e-01 -1.515000000000000071e-03
4.000000000000000000e+00 4.600000000000000000e+01 3.500000000000000000e+01 0.000000000000000000e+00 1.600000000000000089e+00 5.659999999999999884e-04 -5.230000000000000274e-04 -1.000000000000000000e+00 3.908420000000000227e-01 -9.204569999999999697e-01 7.020000000000000415e-04 -9.204579999999999984e-01 -3.908420000000000227e-01 -3.170000000000000075e-04
1.000000000000000000e+01 4.600000000000000000e+01 3.500000000000000000e+01 0.000000000000000000e+00 1.600000000000000089e+00 -6.310000000000000504e-04 -5.624999999999999792e-03 -9.999839999999999840e-01 3.926660000000000150e-01 -9.196680000000000410e-01 4.925999999999999823e-03 -9.196809999999999707e-01 -3.926569999999999783e-01 2.788999999999999813e-03
1.400000000000000000e+01 4.600000000000000000e+01 3.500000000000000000e+01 0.000000000000000000e+00 1.600000000000000089e+00 -2.880000000000000073e-04 9.179999999999999792e-04 -1.000000000000000000e+00 3.928010000000000113e-01 -9.196229999999999682e-01 -9.569999999999999514e-04 -9.196229999999999682e-01 -3.928010000000000113e-01 -9.600000000000000243e-05
1.800000000000000000e+01 4.600000000000000000e+01 3.500000000000000000e+01 0.000000000000000000e+00 1.600000000000000089e+00 -1.179999999999999951e-04 4.310999999999999728e-03 -9.999909999999999632e-01 3.912180000000000102e-01 -9.202890000000000237e-01 -4.013000000000000074e-03 -9.202979999999999494e-01 -3.912149999999999794e-01 -1.577999999999999976e-03
2.500000000000000000e+01 4.600000000000000000e+01 3.500000000000000000e+01 0.000000000000000000e+00 1.600000000000000089e+00 -1.520000000000000084e-04 3.100000000000000135e-05 -1.000000000000000000e+00 3.910129999999999995e-01 -9.203850000000000087e-01 -8.799999999999999771e-05 -9.203850000000000087e-01 -3.910129999999999995e-01 1.269999999999999970e-04
2.600000000000000000e+01 9.500000000000000000e+01 3.600000000000000000e+01 0.000000000000000000e+00 1.600000000000000089e+00 -8.111999999999999419e-03 -1.184499999999999963e-02 9.998970000000000358e-01 9.971119999999999983e-01 7.541799999999999893e-02 8.982999999999999666e-03 -7.551700000000000079e-02 9.970820000000000238e-01 1.119900000000000062e-02
2.800000000000000000e+01 9.500000000000000000e+01 3.600000000000000000e+01 0.000000000000000000e+00 1.600000000000000089e+00 -1.111900000000000041e-02 -2.955500000000000141e-02 9.995009999999999728e-01 9.971039999999999903e-01 7.488000000000000211e-02 1.330699999999999938e-02 -7.523599999999999732e-02 9.967540000000000289e-01 2.863699999999999926e-02
4.000000000000000000e+00 2.900000000000000000e+01 4.400000000000000000e+01 0.000000000000000000e+00 1.600000000000000089e+00 -1.520000000000000084e-04 -6.362999999999999733e-03 -9.999799999999999800e-01 6.629180000000000073e-01 7.486760000000000081e-01 -4.864000000000000268e-03 7.486920000000000242e-01 -6.629049999999999665e-01 4.104000000000000009e-03
9.000000000000000000e+00 2.900000000000000000e+01 4.400000000000000000e+01 0.000000000000000000e+00 1.600000000000000089e+00 1.172999999999999998e-03 1.678999999999999937e-03 -9.999980000000000535e-01 6.566940000000000000e-01 7.541539999999999910e-01 2.037000000000000182e-03 7.541560000000000485e-01 -6.566950000000000287e-01 -2.180000000000000134e-04
1.400000000000000000e+01 2.900000000000000000e+01 4.400000000000000000e+01 0.000000000000000000e+00 1.600000000000000089e+00 5.159999999999999656e-04 -6.430000000000000169e-04 -1.000000000000000000e+00 6.596610000000000529e-01 7.515629999999999811e-01 -1.430000000000000064e-04 7.515629999999999811e-01 -6.596610000000000529e-01 8.120000000000000048e-04
1.800000000000000000e+01 2.900000000000000000e+01 4.400000000000000000e+01 0.000000000000000000e+00 1.600000000000000089e+00 -2.010000000000000068e-04 -9.810000000000001011e-04 -1.000000000000000000e+00 6.635490000000000554e-01 7.481320000000000192e-01 -8.679999999999999565e-04 7.481330000000000480e-01 -6.635490000000000554e-01 5.010000000000000347e-04
2.200000000000000000e+01 2.900000000000000000e+01 4.400000000000000000e+01 0.000000000000000000e+00 1.600000000000000089e+00 -6.340000000000000149e-04 1.467999999999999904e-03 -9.999989999999999712e-01 6.635999999999999677e-01 7.480879999999999752e-01 6.780000000000000002e-04 7.480879999999999752e-01 -6.635980000000000212e-01 -1.448000000000000068e-03
2.700000000000000000e+01 2.900000000000000000e+01 4.400000000000000000e+01 0.000000000000000000e+00 1.600000000000000089e+00 -4.350000000000000026e-04 4.564999999999999614e-03 -9.999890000000000168e-01 6.691200000000000481e-01 7.431480000000000308e-01 3.101000000000000024e-03 7.431539999999999813e-01 -6.691120000000000401e-01 -3.377999999999999926e-03
2.000000000000000000e+00 5.000000000000000000e+00 5.100000000000000000e+01 0.000000000000000000e+00 1.600000000000000089e+00 -1.209999999999999921e-03 -2.984000000000000107e-03 -9.999949999999999672e-01 4.813629999999999853e-01 -8.765190000000000481e-01 2.033000000000000085e-03 -8.765199999999999658e-01 -4.813589999999999813e-01 2.497000000000000088e-03
1.000000000000000000e+01 5.000000000000000000e+00 5.100000000000000000e+01 0.000000000000000000e+00 1.600000000000000089e+00 -1.381000000000000066e-03 -4.330999999999999781e-03 -9.999900000000000455e-01 4.904470000000000218e-01 -8.714659999999999629e-01 3.096999999999999927e-03 -8.714699999999999669e-01 -4.904379999999999851e-01 3.327000000000000096e-03
1.700000000000000000e+01 5.000000000000000000e+00 5.100000000000000000e+01 0.000000000000000000e+00 1.600000000000000089e+00 -1.487999999999999956e-03 -6.250000000000000347e-03 -9.999789999999999512e-01 4.955680000000000085e-01 -8.685570000000000235e-01 4.691999999999999990e-03 -8.685680000000000067e-01 -4.955510000000000193e-01 4.389999999999999805e-03
2.100000000000000000e+01 5.000000000000000000e+00 5.100000000000000000e+01 0.000000000000000000e+00 1.600000000000000089e+00 1.596999999999999895e-03 -1.556000000000000091e-03 -9.999980000000000535e-01 4.944589999999999819e-01 -8.691980000000000262e-01 2.141999999999999807e-03 -8.691999999999999726e-01 -4.944609999999999839e-01 -6.179999999999999513e-04
2.500000000000000000e+01 5.000000000000000000e+00 5.100000000000000000e+01 0.000000000000000000e+00 1.600000000000000089e+00 -1.605000000000000090e-03 2.860000000000000129e-03 -9.999949999999999672e-01 4.960899999999999754e-01 -8.682649999999999535e-01 -3.278999999999999797e-03 -8.682699999999999863e-01 -4.960930000000000062e-01 -2.500000000000000120e-05
9.000000000000000000e+00 6.300000000000000000e+01 5.400000000000000000e+01 0.000000000000000000e+00 1.600000000000000089e+00 1.677000000000000105e-03 4.508999999999999987e-03 9.999879999999999880e-01 -3.544240000000000168e-01 9.350779999999999648e-01 -3.621999999999999786e-03 -9.350829999999999975e-01 -3.544140000000000068e-01 3.165999999999999977e-03
1.700000000000000000e+01 2.500000000000000000e+01 5.500000000000000000e+01 0.000000000000000000e+00 1.600000000000000089e+00 2.886000000000000110e-03 -8.140000000000000534e-04 -9.999949999999999672e-01 -1.430599999999999927e-02 -9.998970000000000358e-01 7.730000000000000326e-04 -9.998930000000000318e-01 1.430299999999999974e-02 -2.896999999999999836e-03
2.800000000000000000e+01 2.500000000000000000e+01 5.500000000000000000e+01 0.000000000000000000e+00 1.600000000000000089e+00 -4.949999999999999973e-04 1.561000000000000104e-03 -9.999989999999999712e-01 -1.240600000000000036e-02 -9.999219999999999775e-01 -1.554999999999999959e-03 -9.999230000000000063e-01 1.240600000000000036e-02 5.140000000000000254e-04
6.000000000000000000e+00 2.000000000000000000e+01 6.000000000000000000e+01 0.000000000000000000e+00 1.600000000000000089e+00 -6.267000000000000001e-03 8.869999999999999846e-04 9.999799999999999800e-01 -4.892500000000000321e-02 9.988019999999999676e-01 -1.191999999999999917e-03 -9.987829999999999764e-01 -4.893100000000000227e-02 -6.216000000000000171e-03
1.100000000000000000e+01 2.100000000000000000e+01 6.000000000000000000e+01 0.000000000000000000e+00 1.600000000000000089e+00 -5.714000000000000329e-03 5.075999999999999783e-03 9.999710000000000543e-01 -9.500599999999999323e-02 9.954610000000000403e-01 -5.596000000000000280e-03 -9.954600000000000115e-01 -9.503499999999999448e-02 -5.205999999999999690e-03
1.700000000000000000e+01 2.100000000000000000e+01 6.000000000000000000e+01 0.000000000000000000e+00 1.600000000000000089e+00 2.978000000000000178e-03 1.177000000000000095e-03 9.999949999999999672e-01 -9.692599999999999827e-02 9.952910000000000368e-01 -8.819999999999999715e-04 -9.952870000000000328e-01 -9.692299999999999527e-02 3.078000000000000007e-03
2.200000000000000000e+01 2.100000000000000000e+01 6.000000000000000000e+01 0.000000000000000000e+00 1.600000000000000089e+00 -5.063999999999999925e-03 -6.177000000000000199e-03 9.999679999999999680e-01 -9.663299999999999668e-02 9.953039999999999665e-01 5.658999999999999968e-03 -9.953070000000000528e-01 -9.660100000000000631e-02 -5.636999999999999650e-03
2.700000000000000000e+01 2.100000000000000000e+01 6.000000000000000000e+01 0.000000000000000000e+00 1.600000000000000089e+00 -1.327999999999999970e-03 -4.563000000000000216e-03 9.999890000000000168e-01 -9.642699999999999882e-02 9.953300000000000480e-01 4.413000000000000256e-03 -9.953389999999999738e-01 -9.642000000000000570e-02 -1.761999999999999894e-03
3.000000000000000000e+01 3.000000000000000000e+00 6.300000000000000000e+01 0.000000000000000000e+00 1.600000000000000089e+00 -1.216000000000000067e-03 1.793000000000000106e-03 9.999980000000000535e-01 -6.156530000000000058e-01 7.880139999999999922e-01 -2.161999999999999859e-03 -7.880160000000000498e-01 -6.156540000000000346e-01 1.459999999999999981e-04
4.000000000000000000e+00 2.700000000000000000e+01 6.300000000000000000e+01 0.000000000000000000e+00 1.600000000000000089e+00 3.629999999999999980e-03 4.422999999999999848e-03 9.999839999999999840e-01 -2.890530000000000044e-01 9.573080000000000478e-01 -3.184999999999999897e-03 -9.573059999999999903e-01 -2.890369999999999884e-01 4.753000000000000280e-03
1.100000000000000000e+01 2.700000000000000000e+01 6.300000000000000000e+01 0.000000000000000000e+00 1.600000000000000089e+00 -5.296999999999999625e-03 1.067000000000000023e-03 9.999850000000000128e-01 -2.703389999999999960e-01 9.627620000000000067e-01 -2.459999999999999947e-03 -9.627510000000000234e-01 -2.703479999999999772e-01 -4.812000000000000305e-03
1.500000000000000000e+01 2.700000000000000000e+01 6.300000000000000000e+01 0.000000000000000000e+00 1.600000000000000089e+00 2.001999999999999873e-03 1.962999999999999901e-03 9.999959999999999960e-01 -2.681160000000000210e-01 9.633859999999999646e-01 -1.353999999999999952e-03 -9.633850000000000469e-01 -2.681120000000000170e-01 2.455000000000000151e-03
2.000000000000000000e+01 2.700000000000000000e+01 6.300000000000000000e+01 0.000000000000000000e+00 1.600000000000000089e+00 -3.980000000000000248e-04 6.830000000000000134e-04 1.000000000000000000e+00 -2.685460000000000069e-01 9.632659999999999556e-01 -7.649999999999999465e-04 -9.632669999999999844e-01 -2.685469999999999802e-01 -2.000000000000000096e-04
2.800000000000000000e+01 2.700000000000000000e+01 6.300000000000000000e+01 0.000000000000000000e+00 1.600000000000000089e+00 -2.534999999999999927e-03 -2.688999999999999984e-03 9.999930000000000208e-01 -2.672849999999999948e-01 9.636160000000000281e-01 1.913999999999999903e-03 -9.636139999999999706e-01 -2.672780000000000156e-01 -3.161000000000000181e-03
4.000000000000000000e+00 2.600000000000000000e+01 6.400000000000000000e+01 0.000000000000000000e+00 1.600000000000000089e+00 5.333000000000000067e-03 8.935000000000000234e-03 9.999460000000000015e-01 -3.786559999999999926e-01 9.255160000000000053e-01 -6.250999999999999612e-03 -9.255219999999999558e-01 -3.786019999999999941e-01 8.319999999999999271e-03
1.400000000000000000e+01 2.600000000000000000e+01 6.400000000000000000e+01 0.000000000000000000e+00 1.600000000000000089e+00 7.640000000000000306e-04 -4.500000000000000283e-05 1.000000000000000000e+00 -3.450409999999999866e-01 9.385879999999999779e-01 3.060000000000000111e-04 -9.385869999999999491e-01 -3.450409999999999866e-01 7.020000000000000415e-04
2.400000000000000000e+01 2.600000000000000000e+01 6.400000000000000000e+01 0.000000000000000000e+00 1.600000000000000089e+00 -2.044999999999999943e-03 -3.148999999999999889e-03 9.999930000000000208e-01 -3.469369999999999954e-01 9.378859999999999975e-01 2.243999999999999901e-03 -9.378859999999999975e-01 -3.469300000000000161e-01 -3.010999999999999788e-03
2.900000000000000000e+01 2.600000000000000000e+01 6.400000000000000000e+01 0.000000000000000000e+00 1.600000000000000089e+00 -2.720000000000000195e-03 -4.609999999999999840e-04 9.999959999999999960e-01 -3.484929999999999972e-01 9.373110000000000053e-01 -5.159999999999999656e-04 -9.373070000000000013e-01 -3.484929999999999972e-01 -2.710000000000000169e-03
4.000000000000000000e+00 6.900000000000000000e+01 6.600000000000000000e+01 0.000000000000000000e+00 1.600000000000000089e+00 -2.638000000000000154e-03 4.786999999999999589e-03 9.999850000000000128e-01 -9.492429999999999479e-01 3.145169999999999910e-01 -4.009000000000000410e-03 -3.145310000000000050e-01 -9.492399999999999727e-01 3.713999999999999854e-03
2.000000000000000000e+00 2.500000000000000000e+01 7.300000000000000000e+01 0.000000000000000000e+00 1.600000000000000089e+00 -3.922000000000000139e-03 -3.690999999999999837e-03 9.999850000000000128e-01 7.449099999999999611e-01 -6.671650000000000080e-01 4.589999999999999896e-04 6.671540000000000248e-01 7.449010000000000353e-01 5.366000000000000110e-03
6.000000000000000000e+00 2.500000000000000000e+01 7.300000000000000000e+01 0.000000000000000000e+00 1.600000000000000089e+00 1.699999999999999987e-05 -2.356000000000000021e-03 9.999970000000000248e-01 7.461619999999999919e-01 -6.657619999999999649e-01 -1.582000000000000073e-03 6.657640000000000224e-01 7.461600000000000454e-01 1.747000000000000072e-03
2.200000000000000000e+01 2.500000000000000000e+01 7.300000000000000000e+01 0.000000000000000000e+00 1.600000000000000089e+00 -2.592200000000000060e-02 -2.269799999999999943e-02 9.994060000000000166e-01 7.576990000000000114e-01 -6.525859999999999994e-01 4.831000000000000225e-03 6.520890000000000297e-01 7.573750000000000204e-01 3.411399999999999849e-02
1.000000000000000000e+00 4.400000000000000000e+01 7.300000000000000000e+01 0.000000000000000000e+00 1.600000000000000089e+00 9.619999999999999645e-04 8.499999999999999526e-04 9.999989999999999712e-01 4.999599999999999878e-02 -9.987489999999999979e-01 8.009999999999999542e-04 9.987489999999999979e-01 4.999499999999999778e-02 -1.002999999999999985e-03
5.000000000000000000e+00 4.400000000000000000e+01 7.300000000000000000e+01 0.000000000000000000e+00 1.600000000000000089e+00 -1.309999999999999967e-03 -1.085999999999999943e-03 9.999989999999999712e-01 5.124100000000000182e-02 -9.986859999999999626e-01 -1.016999999999999892e-03 9.986850000000000449e-01 5.123899999999999982e-02 1.363999999999999978e-03
1.300000000000000000e+01 4.400000000000000000e+01 7.300000000000000000e+01 0.000000000000000000e+00 1.600000000000000089e+00 -5.739999999999999660e-04 -2.289999999999999935e-03 9.999970000000000248e-01 5.110499999999999765e-02 -9.986909999999999954e-01 -2.256999999999999892e-03 9.986930000000000529e-01 5.110399999999999665e-02 6.899999999999999667e-04
1.800000000000000000e+01 4.400000000000000000e+01 7.300000000000000000e+01 0.000000000000000000e+00 1.600000000000000089e+00 -1.379999999999999933e-03 -3.444000000000000013e-03 9.999930000000000208e-01 5.080699999999999800e-02 -9.987030000000000074e-01 -3.370000000000000166e-03 9.987080000000000402e-01 5.080199999999999994e-02 1.552999999999999910e-03
2.300000000000000000e+01 4.400000000000000000e+01 7.300000000000000000e+01 0.000000000000000000e+00 1.600000000000000089e+00 -2.262000000000000122e-03 -5.538999999999999653e-03 9.999820000000000375e-01 4.628000000000000169e-02 -9.989139999999999686e-01 -5.427999999999999665e-03 9.989259999999999806e-01 4.626700000000000257e-02 2.516000000000000007e-03
2.900000000000000000e+01 4.400000000000000000e+01 7.300000000000000000e+01 0.000000000000000000e+00 1.600000000000000089e+00 -3.029000000000000008e-03 -2.445000000000000125e-03 9.999919999999999920e-01 4.682100000000000151e-02 -9.989010000000000389e-01 -2.299999999999999961e-03 9.988989999999999814e-01 4.681300000000000044e-02 3.139999999999999996e-03
1.200000000000000000e+01 2.500000000000000000e+01 7.400000000000000000e+01 0.000000000000000000e+00 1.600000000000000089e+00 1.095499999999999946e-02 1.239299999999999950e-02 9.998629999999999463e-01 8.344639999999999835e-01 -5.510570000000000190e-01 -2.312999999999999952e-03 5.509530000000000260e-01 8.343749999999999778e-01 -1.637800000000000020e-02
2.000000000000000000e+00 9.100000000000000000e+01 7.600000000000000000e+01 0.000000000000000000e+00 1.600000000000000089e+00 -1.185999999999999988e-03 -2.808000000000000166e-03 9.999949999999999672e-01 3.216040000000000010e-01 -9.468720000000000470e-01 -2.278000000000000077e-03 9.468739999999999934e-01 3.215990000000000237e-01 2.026000000000000023e-03
1.000000000000000000e+01 9.100000000000000000e+01 7.600000000000000000e+01 0.000000000000000000e+00 1.600000000000000089e+00 -1.498999999999999898e-03 -2.177999999999999815e-03 9.999970000000000248e-01 3.130470000000000197e-01 -9.497360000000000246e-01 -1.598999999999999944e-03 9.497370000000000534e-01 3.130430000000000157e-01 2.105999999999999799e-03
1.700000000000000000e+01 9.100000000000000000e+01 7.600000000000000000e+01 0.000000000000000000e+00 1.600000000000000089e+00 -3.939999999999999817e-04 1.719000000000000042e-03 9.999980000000000535e-01 3.163159999999999861e-01 -9.486520000000000508e-01 1.755000000000000050e-03 9.486539999999999973e-01 3.163159999999999861e-01 -1.700000000000000122e-04
2.600000000000000000e+01 9.100000000000000000e+01 7.600000000000000000e+01 0.000000000000000000e+00 1.600000000000000089e+00 -1.360000000000000098e-03 -2.840000000000000185e-04 9.999989999999999712e-01 3.213380000000000125e-01 -9.469649999999999457e-01 1.679999999999999907e-04 9.469640000000000279e-01 3.213369999999999838e-01 1.379000000000000017e-03
1.800000000000000000e+01 6.300000000000000000e+01 8.100000000000000000e+01 0.000000000000000000e+00 1.600000000000000089e+00 -1.394000000000000057e-03 3.249999999999999851e-04 9.999989999999999712e-01 4.415499999999999980e-02 -9.990250000000000519e-01 3.860000000000000041e-04 9.990240000000000231e-01 4.415600000000000080e-02 1.378000000000000102e-03
9.000000000000000000e+00 4.400000000000000000e+01 8.300000000000000000e+01 0.000000000000000000e+00 1.600000000000000089e+00 1.691999999999999928e-03 -3.759000000000000188e-03 9.999919999999999920e-01 5.817769999999999886e-01 -8.133380000000000054e-01 -4.041999999999999586e-03 8.133460000000000134e-01 5.817790000000000461e-01 8.099999999999999561e-04
1.400000000000000000e+01 4.400000000000000000e+01 8.300000000000000000e+01 0.000000000000000000e+00 1.600000000000000089e+00 -2.950000000000000148e-04 -2.534999999999999927e-03 9.999970000000000248e-01 5.860750000000000126e-01 -8.102549999999999475e-01 -1.881000000000000076e-03 8.102570000000000050e-01 5.860729999999999551e-01 1.724999999999999971e-03
2.100000000000000000e+01 4.400000000000000000e+01 8.300000000000000000e+01 0.000000000000000000e+00 1.600000000000000089e+00 -1.134000000000000025e-03 3.207000000000000215e-03 9.999940000000000495e-01 5.832779999999999632e-01 -8.122660000000000435e-01 3.265999999999999806e-03 8.122719999999999940e-01 5.832789999999999919e-01 -9.499999999999999981e-04
2.400000000000000000e+01 4.400000000000000000e+01 8.300000000000000000e+01 0.000000000000000000e+00 1.600000000000000089e+00 -1.935000000000000088e-03 4.236000000000000182e-03 9.999890000000000168e-01 5.814120000000000399e-01 -8.135959999999999859e-01 4.571000000000000410e-03 8.136069999999999691e-01 5.814150000000000151e-01 -8.890000000000000333e-04
2.500000000000000000e+01 1.010000000000000000e+02 8.300000000000000000e+01 0.000000000000000000e+00 1.600000000000000089e+00 -1.276000000000000007e-03 -5.050999999999999934e-03 9.999860000000000415e-01 9.962029999999999497e-01 8.703900000000000525e-02 1.711000000000000064e-03 -8.704599999999999838e-02 9.961919999999999664e-01 4.921000000000000027e-03
5.000000000000000000e+00 4.800000000000000000e+01 8.400000000000000000e+01 0.000000000000000000e+00 1.600000000000000089e+00 -4.250000000000000305e-03 -3.670000000000000085e-03 -9.999839999999999840e-01 -9.470140000000000224e-01 -3.211510000000000198e-01 5.204000000000000292e-03 -3.211649999999999783e-01 9.470210000000000017e-01 -2.111000000000000029e-03
2.900000000000000000e+01 4.800000000000000000e+01 8.400000000000000000e+01 0.000000000000000000e+00 1.600000000000000089e+00 4.734000000000000360e-03 2.608000000000000075e-03 -9.999850000000000128e-01 -9.461990000000000123e-01 -3.235430000000000250e-01 -5.322999999999999607e-03 -3.235520000000000063e-01 9.462099999999999955e-01 9.359999999999999831e-04
3.000000000000000000e+00 1.400000000000000000e+01 8.600000000000000000e+01 0.000000000000000000e+00 1.600000000000000089e+00 5.199999999999999544e-04 3.811999999999999850e-03 -9.999930000000000208e-01 1.934909999999999963e-01 9.810950000000000504e-01 3.840000000000000097e-03 9.811020000000000296e-01 -1.934919999999999973e-01 -2.280000000000000126e-04
1.200000000000000000e+01 1.500000000000000000e+01 8.600000000000000000e+01 0.000000000000000000e+00 1.600000000000000089e+00 -4.809999999999999823e-04 -9.261999999999999400e-03 -9.999569999999999848e-01 1.865700000000000136e-01 9.823990000000000222e-01 -9.188999999999999252e-03 9.824420000000000375e-01 -1.865660000000000096e-01 1.255000000000000039e-03
