7.000000000000000000e+00 2.500000000000000000e+01 1.000000000000000000e+00 0.000000000000000000e+00 1.600000000000000089e+00 -3.291000000000000088e-03 -5.917000000000000384e-03 -9.999770000000000048e-01 -5.233189999999999786e-01 -8.521100000000000341e-01 6.764000000000000047e-03 -8.521300000000000541e-01 5.233290000000000441e-01 -2.930000000000000204e-04
1.400000000000000000e+01 2.500000000000000000e+01 1.000000000000000000e+00 0.000000000000000000e+00 1.600000000000000089e+00 -1.479999999999999925e-04 -3.237999999999999993e-03 -9.999949999999999672e-01 -5.225070000000000547e-01 -8.526299999999999990e-01 2.837999999999999811e-03 -8.526350000000000318e-01 5.225049999999999972e-01 -1.565999999999999901e-03
5.000000000000000000e+00 1.500000000000000000e+01 4.000000000000000000e+00 0.000000000000000000e+00 1.600000000000000089e+00 3.072000000000000078e-03 -4.031999999999999994e-03 9.999869999999999592e-01 3.153090000000000059e-01 -9.489769999999999595e-01 -4.794999999999999783e-03 9.489840000000000497e-01 3.153199999999999892e-01 -1.644000000000000062e-03
1.000000000000000000e+01 1.500000000000000000e+01 4.000000000000000000e+00 0.000000000000000000e+00 1.600000000000000089e+00 -1.884999999999999957e-03 -7.526999999999999837e-03 9.999700000000000255e-01 3.103960000000000052e-01 -9.505850000000000133e-01 -6.570000000000000319e-03 9.506050000000000333e-01 3.103739999999999832e-01 4.127999999999999725e-03
1.600000000000000000e+01 1.500000000000000000e+01 4.000000000000000000e+00 0.000000000000000000e+00 1.600000000000000089e+00 5.209999999999999788e-04 1.606999999999999922e-03 9.999989999999999712e-01 3.071510000000000074e-01 -9.516599999999999504e-01 1.369999999999999907e-03 9.516609999999999792e-01 3.071490000000000054e-01 -9.899999999999999946e-04
2.000000000000000000e+01 1.500000000000000000e+01 4.000000000000000000e+00 0.000000000000000000e+00 1.600000000000000089e+00 -7.640000000000000306e-04 -1.445000000000000104e-03 9.999989999999999712e-01 3.091369999999999951e-01 -9.510170000000000012e-01 -1.137999999999999906e-03 9.510170000000000012e-01 3.091360000000000219e-01 1.172999999999999998e-03
2.700000000000000000e+01 1.500000000000000000e+01 4.000000000000000000e+00 0.000000000000000000e+00 1.600000000000000089e+00 -6.519999999999999754e-03 -1.374700000000000054e-02 9.998839999999999950e-01 3.015539999999999887e-01 -9.533840000000000092e-01 -1.114099999999999986e-02 9.534270000000000245e-01 3.014459999999999917e-01 1.036100000000000042e-02
3.000000000000000000e+00 1.010000000000000000e+02 7.000000000000000000e+00 0.000000000000000000e+00 1.600000000000000089e+00 3.435999999999999818e-03 -9.175000000000000863e-03 9.999519999999999520e-01 8.762010000000000076e-01 4.819450000000000123e-01 1.410999999999999928e-03 -4.819339999999999735e-01 8.761539999999999884e-01 9.695000000000000492e-03
2.500000000000000000e+01 1.010000000000000000e+02 7.000000000000000000e+00 0.000000000000000000e+00 1.600000000000000089e+00 -7.661000000000000275e-03 -8.350000000000000217e-04 9.999700000000000255e-01 8.790189999999999948e-01 4.767339999999999911e-01 7.132000000000000318e-03 -4.767259999999999831e-01 8.790470000000000228e-01 -2.918000000000000021e-03
7.000000000000000000e+00 2.500000000000000000e+01 8.000000000000000000e+00 0.000000000000000000e+00 1.600000000000000089e+00 2.158999999999999895e-03 1.477400000000000067e-02 -9.998890000000000278e-01 4.486169999999999880e-01 8.936119999999999619e-01 1.417299999999999983e-02 8.937209999999999877e-01 -4.485979999999999968e-01 -4.697999999999999919e-03
1.500000000000000000e+01 2.500000000000000000e+01 8.000000000000000000e+00 0.000000000000000000e+00 1.600000000000000089e+00 7.969999999999999654e-04 4.844000000000000215e-03 -9.999879999999999880e-01 4.444629999999999970e-01 8.957850000000000534e-01 4.694000000000000256e-03 8.957969999999999544e-01 -4.444609999999999950e-01 -1.438999999999999958e-03
2.000000000000000000e+01 2.500000000000000000e+01 8.000000000000000000e+00 0.000000000000000000e+00 1.600000000000000089e+00 1.822999999999999968e-03 1.229999999999999974e-03 -9.999980000000000535e-01 4.452400000000000246e-01 8.954090000000000105e-01 1.912999999999999987e-03 8.954090000000000105e-01 -4.452429999999999999e-01 1.083999999999999894e-03
2.500000000000000000e+01 2.500000000000000000e+01 8.000000000000000000e+00 0.000000000000000000e+00 1.600000000000000089e+00 1.126000000000000048e-03 3.168999999999999942e-03 -9.999940000000000495e-01 4.437740000000000018e-01 8.961320000000000396e-01 3.338999999999999954e-03 8.961379999999999901e-01 -4.437749999999999750e-01 -3.970000000000000005e-04
2.900000000000000000e+01 2.500000000000000000e+01 8.000000000000000000e+00 0.000000000000000000e+00 1.600000000000000089e+00 -1.611000000000000019e-03 2.788999999999999813e-03 -9.999949999999999672e-01 4.430569999999999786e-01 8.964919999999999556e-01 1.786999999999999960e-03 8.964919999999999556e-01 -4.430520000000000014e-01 -2.680000000000000090e-03
7.000000000000000000e+00 2.400000000000000000e+01 9.000000000000000000e+00 0.000000000000000000e+00 1.600000000000000089e+00 2.193000000000000071e-03 1.306700000000000049e-02 -9.999120000000000230e-01 4.517689999999999761e-01 8.920449999999999768e-01 1.264799999999999952e-02 8.921320000000000361e-01 -4.517570000000000197e-01 -3.945999999999999855e-03
1.500000000000000000e+01 2.400000000000000000e+01 9.000000000000000000e+00 0.000000000000000000e+00 1.600000000000000089e+00 5.500000000000000331e-04 5.385000000000000030e-03 -9.999850000000000128e-01 4.467050000000000187e-01 8.946669999999999900e-01 5.062999999999999792e-03 8.946809999999999485e-01 -4.467010000000000147e-01 -1.913999999999999903e-03
2.000000000000000000e+01 2.400000000000000000e+01 9.000000000000000000e+00 0.000000000000000000e+00 1.600000000000000089e+00 1.575000000000000011e-03 2.776999999999999955e-03 -9.999949999999999672e-01 4.472709999999999742e-01 8.943929999999999936e-01 3.187999999999999862e-03 8.943969999999999976e-01 -4.472740000000000049e-01 1.659999999999999963e-04
2.500000000000000000e+01 2.400000000000000000e+01 9.000000000000000000e+00 0.000000000000000000e+00 1.600000000000000089e+00 1.319999999999999993e-03 3.135000000000000200e-03 -9.999940000000000495e-01 4.465180000000000260e-01 8.947680000000000078e-01 3.393999999999999882e-03 8.947730000000000405e-01 -4.465199999999999725e-01 -2.190000000000000106e-04
2.900000000000000000e+01 2.400000000000000000e+01 9.000000000000000000e+00 0.000000000000000000e+00 1.600000000000000089e+00 -1.632999999999999903e-03 4.233999999999999916e-03 -9.999900000000000455e-01 4.455100000000000171e-01 8.952719999999999567e-01 3.063000000000000184e-03 8.952750000000000430e-01 -4.455009999999999803e-01 -3.347999999999999848e-03
3.000000000000000000e+00 3.100000000000000000e+01 1.200000000000000000e+01 0.000000000000000000e+00 1.600000000000000089e+00 -5.879999999999999810e-04 -4.749999999999999882e-03 9.999879999999999880e-01 -1.155400000000000003e-02 9.999219999999999775e-01 4.742999999999999820e-03 -9.999329999999999607e-01 -1.155100000000000050e-02 -6.430000000000000169e-04
8.000000000000000000e+00 3.100000000000000000e+01 1.200000000000000000e+01 0.000000000000000000e+00 1.600000000000000089e+00 1.920000000000000049e-03 8.592000000000000678e-03 9.999609999999999888e-01 -1.140299999999999994e-02 9.998979999999999535e-01 -8.569000000000000228e-03 -9.999329999999999607e-01 -1.138600000000000029e-02 2.017000000000000130e-03
1.300000000000000000e+01 3.100000000000000000e+01 1.200000000000000000e+01 0.000000000000000000e+00 1.600000000000000089e+00 3.527999999999999886e-03 6.745000000000000127e-03 9.999710000000000543e-01 -6.039000000000000097e-03 9.999590000000000423e-01 -6.722999999999999809e-03 -9.999759999999999760e-01 -6.015000000000000381e-03 3.569000000000000124e-03
1.500000000000000000e+01 1.160000000000000000e+02 1.600000000000000000e+01 0.000000000000000000e+00 1.600000000000000089e+00 1.088999999999999907e-03 2.566999999999999837e-03 9.999959999999999960e-01 6.880749999999999922e-01 7.256350000000000300e-01 -2.612000000000000172e-03 -7.256390000000000340e-01 6.880749999999999922e-01 -9.759999999999999796e-04
2.600000000000000000e+01 1.160000000000000000e+02 1.600000000000000000e+01 0.000000000000000000e+00 1.600000000000000089e+00 7.640000000000000306e-04 -8.469999999999999881e-04 9.999989999999999712e-01 7.073739999999999473e-01 7.068400000000000238e-01 5.800000000000000034e-05 -7.068389999999999951e-01 7.073730000000000295e-01 1.139000000000000038e-03
3.000000000000000000e+00 2.000000000000000000e+00 1.900000000000000000e+01 0.000000000000000000e+00 1.600000000000000089e+00 -6.065000000000000079e-03 -6.539999999999999590e-04 -9.999810000000000088e-01 1.792370000000000074e-01 -9.838059999999999583e-01 -4.440000000000000045e-04 -9.837869999999999671e-01 -1.792370000000000074e-01 6.082999999999999866e-03
9.000000000000000000e+00 2.000000000000000000e+00 1.900000000000000000e+01 0.000000000000000000e+00 1.600000000000000089e+00 -5.700000000000000314e-05 3.533000000000000116e-03 -9.999940000000000495e-01 1.808960000000000012e-01 -9.834960000000000369e-01 -3.484999999999999817e-03 -9.835019999999999873e-01 -1.808950000000000002e-01 -5.839999999999999922e-04
1.700000000000000000e+01 2.000000000000000000e+00 1.900000000000000000e+01 0.000000000000000000e+00 1.600000000000000089e+00 2.520000000000000104e-03 -2.186000000000000009e-03 -9.999940000000000495e-01 1.814679999999999904e-01 -9.833929999999999616e-01 2.606999999999999942e-03 -9.833939999999999904e-01 -1.814729999999999954e-01 -2.082000000000000083e-03
2.400000000000000000e+01 2.000000000000000000e+00 1.900000000000000000e+01 0.000000000000000000e+00 1.600000000000000089e+00 -1.845000000000000069e-03 8.614999999999999394e-03 -9.999609999999999888e-01 1.855509999999999937e-01 -9.825949999999999962e-01 -8.807999999999999857e-03 -9.826329999999999787e-01 -1.855600000000000027e-01 2.149999999999999947e-04
2.900000000000000000e+01 2.000000000000000000e+00 1.900000000000000000e+01 0.000000000000000000e+00 1.600000000000000089e+00 -1.023000000000000038e-03 1.953299999999999828e-02 -9.998089999999999478e-01 1.887900000000000134e-01 -9.818259999999999765e-01 -1.937499999999999986e-02 -9.820170000000000288e-01 -1.887739999999999974e-01 -2.684000000000000188e-03
3.000000000000000000e+00 1.300000000000000000e+01 2.000000000000000000e+01 0.000000000000000000e+00 1.600000000000000089e+00 -7.034000000000000322e-03 -1.442000000000000053e-02 9.998709999999999543e-01 2.498529999999999918e-01 9.681560000000000166e-01 1.572099999999999886e-02 -9.682579999999999520e-01 2.499309999999999865e-01 -3.207000000000000215e-03
9.000000000000000000e+00 1.300000000000000000e+01 2.000000000000000000e+01 0.000000000000000000e+00 1.600000000000000089e+00 5.199999999999999680e-05 2.867000000000000191e-03 9.999959999999999960e-01 2.537099999999999911e-01 9.672760000000000247e-01 -2.785999999999999848e-03 -9.672800000000000287e-01 2.537090000000000178e-01 -6.769999999999999759e-04
2.400000000000000000e+01 1.300000000000000000e+01 2.000000000000000000e+01 0.000000000000000000e+00 1.600000000000000089e+00 -1.404999999999999999e-03 -2.712000000000000001e-03 9.999949999999999672e-01 2.496740000000000070e-01 9.683249999999999913e-01 2.977000000000000045e-03 -9.683289999999999953e-01 2.496770000000000100e-01 -6.830000000000000134e-04
2.800000000000000000e+01 1.300000000000000000e+01 2.000000000000000000e+01 0.000000000000000000e+00 1.600000000000000089e+00 -5.677999999999999887e-03 -1.877500000000000002e-02 9.998080000000000300e-01 2.506240000000000134e-01 9.678860000000000241e-01 1.959899999999999837e-02 -9.680680000000000396e-01 2.506869999999999932e-01 -7.900000000000000121e-04
2.000000000000000000e+00 1.600000000000000000e+01 2.100000000000000000e+01 0.000000000000000000e+00 1.600000000000000089e+00 -8.134000000000000605e-03 -1.074999999999999914e-02 9.999090000000000478e-01 2.971960000000000157e-01 9.547320000000000251e-01 1.268200000000000056e-02 -9.547820000000000196e-01 2.972719999999999807e-01 -4.571000000000000410e-03
8.000000000000000000e+00 1.600000000000000000e+01 2.100000000000000000e+01 0.000000000000000000e+00 1.600000000000000089e+00 -4.449999999999999746e-04 -2.369999999999999874e-04 1.000000000000000000e+00 2.993669999999999942e-01 9.541380000000000416e-01 3.589999999999999984e-04 -9.541380000000000416e-01 2.993669999999999942e-01 -3.530000000000000152e-04
1.400000000000000000e+01 1.600000000000000000e+01 2.100000000000000000e+01 0.000000000000000000e+00 1.600000000000000089e+00 5.818000000000000255e-03 1.177699999999999927e-02 9.999139999999999695e-01 2.991409999999999902e-01 9.541209999999999969e-01 -1.297799999999999995e-02 -9.541910000000000114e-01 2.991909999999999847e-01 2.027999999999999855e-03
1.800000000000000000e+01 1.600000000000000000e+01 2.100000000000000000e+01 0.000000000000000000e+00 1.600000000000000089e+00 5.283000000000000369e-03 1.250800000000000002e-02 9.999080000000000190e-01 2.974700000000000122e-01 9.546350000000000113e-01 -1.351399999999999997e-02 -9.547160000000000091e-01 2.975140000000000007e-01 1.322999999999999957e-03
3.000000000000000000e+01 1.600000000000000000e+01 2.100000000000000000e+01 0.000000000000000000e+00 1.600000000000000089e+00 -7.412000000000000186e-03 -2.774599999999999983e-02 9.995880000000000321e-01 2.963669999999999916e-01 9.546430000000000193e-01 2.869599999999999929e-02 -9.550450000000000328e-01 2.964579999999999993e-01 1.147000000000000016e-03
5.000000000000000000e+00 3.000000000000000000e+00 2.500000000000000000e+01 0.000000000000000000e+00 1.600000000000000089e+00 8.604999999999999802e-03 -5.509000000000000008e-03 9.999479999999999480e-01 -3.466700000000000337e-02 -9.993849999999999678e-01 -5.207999999999999956e-03 9.993619999999999726e-01 -3.462099999999999900e-02 -8.789999999999999203e-03
2.300000000000000000e+01 3.000000000000000000e+00 2.500000000000000000e+01 0.000000000000000000e+00 1.600000000000000089e+00 3.713999999999999854e-03 1.147000000000000016e-03 9.999919999999999920e-01 -5.600200000000000317e-02 -9.984300000000000397e-01 1.353000000000000036e-03 9.984239999999999782e-01 -5.600700000000000123e-02 -3.644000000000000104e-03
2.600000000000000000e+01 3.000000000000000000e+00 2.500000000000000000e+01 0.000000000000000000e+00 1.600000000000000089e+00 5.414000000000000409e-03 1.559800000000000075e-02 9.998639999999999750e-01 -5.233299999999999758e-02 -9.985039999999999472e-01 1.585999999999999910e-02 9.986150000000000304e-01 -5.241200000000000025e-02 -4.590000000000000330e-03
2.700000000000000000e+01 4.600000000000000000e+01 2.700000000000000000e+01 0.000000000000000000e+00 1.600000000000000089e+00 -5.339999999999999695e-04 -4.243000000000000244e-03 -9.999909999999999632e-01 6.611190000000000122e-01 7.502729999999999677e-01 -3.536000000000000081e-03 7.502809999999999757e-01 -6.611150000000000082e-01 2.405000000000000020e-03
7.000000000000000000e+00 4.600000000000000000e+01 3.000000000000000000e+01 0.000000000000000000e+00 1.600000000000000089e+00 8.710000000000000294e-04 3.350000000000000113e-04 -1.000000000000000000e+00 3.317590000000000261e-01 9.433639999999999803e-01 6.049999999999999606e-04 9.433639999999999803e-01 -3.317599999999999993e-01 7.100000000000000191e-04
1.200000000000000000e+01 4.600000000000000000e+01 3.000000000000000000e+01 0.000000000000000000e+00 1.600000000000000089e+00 -5.670000000000000127e-04 3.612000000000000193e-03 -9.999930000000000208e-01 3.341060000000000141e-01 9.425299999999999789e-01 3.214999999999999976e-03 9.425350000000000117e-01 -3.341020000000000101e-01 -1.740999999999999926e-03
4.000000000000000000e+00 4.600000000000000000e+01 3.500000000000000000e+01 0.000000000000000000e+00 1.600000000000000089e+00 -2.723000000000000160e-03 6.549999999999999833e-04 -9.999959999999999960e-01 3.885569999999999857e-01 -9.214229999999999920e-01 -1.660999999999999933e-03 -9.214210000000000456e-01 -3.885600000000000165e-01 2.255000000000000060e-03
1.400000000000000000e+01 4.600000000000000000e+01 3.500000000000000000e+01 0.000000000000000000e+00 1.600000000000000089e+00 2.036000000000000049e-03 -2.396999999999999825e-03 -9.999949999999999672e-01 3.887630000000000252e-01 -9.213329999999999576e-01 3.000000000000000062e-03 -9.213360000000000438e-01 -3.887669999999999737e-01 -9.439999999999999607e-04
1.700000000000000000e+01 4.600000000000000000e+01 3.500000000000000000e+01 0.000000000000000000e+00 1.600000000000000089e+00 7.770000000000000214e-04 -3.445000000000000145e-03 -9.999940000000000495e-01 3.891649999999999832e-01 -9.211610000000000076e-01 3.475999999999999923e-03 -9.211679999999999868e-01 -3.891660000000000119e-01 6.250000000000000130e-04
2.000000000000000000e+01 4.600000000000000000e+01 3.500000000000000000e+01 0.000000000000000000e+00 1.600000000000000089e+00 -1.820000000000000057e-04 -4.444000000000000034e-03 -9.999900000000000455e-01 3.892590000000000217e-01 -9.211200000000000498e-01 4.022999999999999667e-03 -9.211289999999999756e-01 -3.892539999999999889e-01 1.897999999999999948e-03
2.700000000000000000e+01 4.600000000000000000e+01 3.500000000000000000e+01 0.000000000000000000e+00 1.600000000000000089e+00 -2.844999999999999873e-03 2.601000000000000013e-03 -9.999930000000000208e-01 3.903070000000000150e-01 -9.206779999999999964e-01 -3.504999999999999869e-03 -9.206800000000000539e-01 -3.903139999999999943e-01 1.603999999999999957e-03
4.000000000000000000e+00 9.500000000000000000e+01 3.600000000000000000e+01 0.000000000000000000e+00 1.600000000000000089e+00 1.798100000000000045e-02 2.039399999999999893e-02 9.996300000000000185e-01 9.980919999999999792e-01 5.870000000000000218e-02 -1.915000000000000036e-02 -5.906900000000000345e-02 9.980670000000000375e-01 -1.930000000000000118e-02
1.200000000000000000e+01 9.500000000000000000e+01 3.600000000000000000e+01 0.000000000000000000e+00 1.600000000000000089e+00 1.734799999999999884e-02 4.068299999999999694e-02 9.990210000000000479e-01 9.966369999999999951e-01 7.932300000000000462e-02 -2.053699999999999970e-02 -8.008099999999999941e-02 9.960179999999999589e-01 -3.917000000000000343e-02
2.800000000000000000e+01 9.500000000000000000e+01 3.600000000000000000e+01 0.000000000000000000e+00 1.600000000000000089e+00 -9.395999999999999838e-03 -1.117499999999999917e-02 9.998930000000000318e-01 9.979120000000000212e-01 6.379400000000000348e-02 1.009000000000000001e-02 -6.389999999999999847e-02 9.979000000000000092e-01 1.055200000000000062e-02
2.100000000000000000e+01 2.900000000000000000e+01 4.400000000000000000e+01 0.000000000000000000e+00 1.600000000000000089e+00 -5.559999999999999621e-04 -1.539300000000000043e-02 -9.998810000000000198e-01 6.756619999999999848e-01 7.371180000000000510e-01 -1.172400000000000005e-02 7.372109999999999497e-01 -6.755879999999999663e-01 9.990999999999999881e-03
1.400000000000000000e+01 2.600000000000000000e+01 4.800000000000000000e+01 0.000000000000000000e+00 1.600000000000000089e+00 -2.964000000000000055e-03 -8.606300000000000061e-02 -9.962849999999999762e-01 -8.409300000000000108e-02 9.927820000000000533e-01 -8.551000000000000267e-02 9.964530000000000332e-01 8.352700000000000402e-02 -1.017999999999999981e-02
1.900000000000000000e+01 2.900000000000000000e+01 4.800000000000000000e+01 0.000000000000000000e+00 1.600000000000000089e+00 -9.780000000000000498e-03 -8.643599999999999894e-02 9.962090000000000112e-01 3.780930000000000124e-01 9.219749999999999890e-01 8.370700000000000363e-02 -9.257159999999999833e-01 3.774790000000000090e-01 2.366400000000000101e-02
2.700000000000000000e+01 5.000000000000000000e+00 5.100000000000000000e+01 0.000000000000000000e+00 1.600000000000000089e+00 1.150999999999999896e-03 -8.803999999999999326e-03 -9.999609999999999888e-01 4.877770000000000161e-01 -8.729299999999999837e-01 8.247000000000000858e-03 -8.729679999999999662e-01 -4.877670000000000061e-01 3.288999999999999823e-03
2.600000000000000000e+01 3.900000000000000000e+01 5.100000000000000000e+01 0.000000000000000000e+00 1.600000000000000089e+00 -1.087699999999999952e-02 -3.244270000000000209e-01 9.458480000000000221e-01 3.344099999999999850e-01 8.902600000000000513e-01 3.092050000000000076e-01 -9.423650000000000082e-01 3.196640000000000037e-01 9.880899999999999406e-02
2.000000000000000000e+01 1.150000000000000000e+02 5.100000000000000000e+01 0.000000000000000000e+00 1.600000000000000089e+00 2.128999999999999816e-03 1.449499999999999920e-02 9.998930000000000318e-01 8.455899999999999528e-01 -5.337990000000000235e-01 5.937999999999999702e-03 5.338279999999999692e-01 8.454869999999999886e-01 -1.339300000000000039e-02
2.000000000000000000e+00 7.000000000000000000e+00 5.200000000000000000e+01 0.000000000000000000e+00 1.600000000000000089e+00 3.703000000000000128e-03 7.264999999999999757e-03 -9.999670000000000503e-01 7.984700000000000131e-02 -9.967829999999999746e-01 -6.945999999999999917e-03 -9.968000000000000194e-01 -7.981800000000000006e-02 -4.270999999999999623e-03
2.500000000000000000e+01 7.000000000000000000e+00 5.200000000000000000e+01 0.000000000000000000e+00 1.600000000000000089e+00 -2.867999999999999890e-03 -6.271999999999999797e-03 -9.999759999999999760e-01 1.064930000000000043e-01 -9.942959999999999576e-01 5.930999999999999640e-03 -9.943089999999999984e-01 -1.064729999999999982e-01 3.518999999999999993e-03
2.700000000000000000e+01 4.000000000000000000e+01 5.200000000000000000e+01 0.000000000000000000e+00 1.600000000000000089e+00 -4.694000000000000256e-03 -1.926619999999999999e-01 9.812539999999999596e-01 1.710309999999999886e-01 9.666510000000000380e-01 1.906130000000000047e-01 -9.852539999999999631e-01 1.687200000000000089e-01 2.841399999999999829e-02
4.000000000000000000e+00 6.300000000000000000e+01 5.400000000000000000e+01 0.000000000000000000e+00 1.600000000000000089e+00 6.409999999999999682e-04 2.870000000000000155e-03 9.999959999999999960e-01 -3.661300000000000110e-01 9.305609999999999715e-01 -2.435999999999999797e-03 -9.305639999999999468e-01 -3.661269999999999802e-01 1.647999999999999942e-03
1.000000000000000000e+01 6.300000000000000000e+01 5.400000000000000000e+01 0.000000000000000000e+00 1.600000000000000089e+00 -8.469999999999999881e-04 1.023999999999999954e-03 9.999989999999999712e-01 -3.633979999999999988e-01 9.316330000000000444e-01 -1.262000000000000101e-03 -9.316330000000000444e-01 -3.633990000000000276e-01 -4.169999999999999987e-04
1.300000000000000000e+01 6.300000000000000000e+01 5.400000000000000000e+01 0.000000000000000000e+00 1.600000000000000089e+00 3.840000000000000097e-04 1.379000000000000017e-03 9.999989999999999712e-01 -3.673600000000000199e-01 9.300779999999999603e-01 -1.141000000000000087e-03 -9.300789999999999891e-01 -3.673589999999999911e-01 8.639999999999999677e-04
1.800000000000000000e+01 6.300000000000000000e+01 5.400000000000000000e+01 0.000000000000000000e+00 1.600000000000000089e+00 4.009999999999999893e-04 -4.543000000000000163e-03 9.999900000000000455e-01 -3.691030000000000144e-01 9.293780000000000374e-01 4.369999999999999753e-03 -9.293879999999999919e-01 -3.691010000000000124e-01 -1.304000000000000038e-03
2.400000000000000000e+01 6.300000000000000000e+01 5.400000000000000000e+01 0.000000000000000000e+00 1.600000000000000089e+00 -1.100000000000000039e-04 -8.100000000000000375e-05 1.000000000000000000e+00 -3.639209999999999945e-01 9.314299999999999802e-01 3.499999999999999693e-05 -9.314299999999999802e-01 -3.639209999999999945e-01 -1.320000000000000101e-04
2.700000000000000000e+01 6.300000000000000000e+01 5.400000000000000000e+01 0.000000000000000000e+00 1.600000000000000089e+00 -7.489999999999999913e-04 9.169999999999999549e-04 9.999989999999999712e-01 -3.655249999999999888e-01 9.308009999999999895e-01 -1.126999999999999964e-03 -9.308009999999999895e-01 -3.655249999999999888e-01 -3.620000000000000171e-04
2.000000000000000000e+00 2.600000000000000000e+01 5.500000000000000000e+01 0.000000000000000000e+00 1.600000000000000089e+00 1.771999999999999921e-03 -1.900999999999999912e-03 -9.999970000000000248e-01 -4.151099999999999929e-02 -9.991360000000000241e-01 1.825999999999999932e-03 -9.991370000000000529e-01 4.150700000000000223e-02 -1.848999999999999949e-03
2.800000000000000000e+01 4.100000000000000000e+01 5.600000000000000000e+01 0.000000000000000000e+00 1.600000000000000089e+00 1.200969999999999954e-01 1.195259999999999934e-01 9.855410000000000004e-01 -5.505649999999999711e-01 8.340969999999999773e-01 -3.406800000000000106e-02 -8.261089999999999822e-01 -5.385119999999999907e-01 1.659789999999999877e-01
4.000000000000000000e+00 2.100000000000000000e+01 6.000000000000000000e+01 0.000000000000000000e+00 1.600000000000000089e+00 -7.680000000000000195e-04 6.790000000000000245e-04 9.999989999999999712e-01 -9.496300000000000574e-02 9.954809999999999492e-01 -7.489999999999999913e-04 -9.954809999999999492e-01 -9.496300000000000574e-02 -6.999999999999999929e-04
9.000000000000000000e+00 2.100000000000000000e+01 6.000000000000000000e+01 0.000000000000000000e+00 1.600000000000000089e+00 -1.060000000000000016e-04 3.069999999999999812e-03 9.999949999999999672e-01 -9.566800000000000304e-02 9.954089999999999883e-01 -3.066000000000000149e-03 -9.954129999999999923e-01 -9.566800000000000304e-02 1.879999999999999890e-04
1.400000000000000000e+01 2.100000000000000000e+01 6.000000000000000000e+01 0.000000000000000000e+00 1.600000000000000089e+00 1.054000000000000032e-03 7.556000000000000216e-03 9.999710000000000543e-01 -9.464599999999999402e-02 9.954830000000000068e-01 -7.421999999999999778e-03 -9.955100000000000060e-01 -9.463499999999999690e-02 1.763999999999999943e-03
2.100000000000000000e+01 2.100000000000000000e+01 6.000000000000000000e+01 0.000000000000000000e+00 1.600000000000000089e+00 5.910000000000000539e-04 -6.040000000000000447e-04 1.000000000000000000e+00 -9.644300000000000095e-02 9.953379999999999450e-01 6.579999999999999478e-04 -9.953379999999999450e-01 -9.644300000000000095e-02 5.299999999999999807e-04
2.400000000000000000e+01 2.100000000000000000e+01 6.000000000000000000e+01 0.000000000000000000e+00 1.600000000000000089e+00 9.079999999999999530e-04 -3.383000000000000156e-03 9.999940000000000495e-01 -9.801899999999999502e-02 9.951790000000000358e-01 3.455999999999999871e-03 -9.951839999999999575e-01 -9.802199999999999802e-02 5.720000000000000258e-04
3.000000000000000000e+01 2.100000000000000000e+01 6.000000000000000000e+01 0.000000000000000000e+00 1.600000000000000089e+00 1.990000000000000124e-04 8.167999999999999913e-03 9.999670000000000503e-01 -9.909099999999999853e-02 9.950449999999999573e-01 -8.108000000000000623e-03 -9.950780000000000181e-01 -9.908699999999999453e-02 1.007000000000000083e-03
6.000000000000000000e+00 2.700000000000000000e+01 6.300000000000000000e+01 0.000000000000000000e+00 1.600000000000000089e+00 -5.000000000000000240e-05 2.092000000000000109e-03 9.999980000000000535e-01 -2.800759999999999916e-01 9.599760000000000515e-01 -2.023000000000000059e-03 -9.599779999999999980e-01 -2.800759999999999916e-01 5.379999999999999583e-04
1.600000000000000000e+01 2.700000000000000000e+01 6.300000000000000000e+01 0.000000000000000000e+00 1.600000000000000089e+00 -1.196000000000000014e-03 -2.262000000000000122e-03 9.999970000000000248e-01 -2.737220000000000208e-01 9.618069999999999675e-01 1.848000000000000033e-03 -9.618079999999999963e-01 -2.737180000000000168e-01 -1.770000000000000089e-03
2.200000000000000000e+01 2.700000000000000000e+01 6.300000000000000000e+01 0.000000000000000000e+00 1.600000000000000089e+00 -1.268999999999999946e-03 -2.952000000000000197e-03 9.999949999999999672e-01 -2.794380000000000197e-01 9.601600000000000135e-01 2.480000000000000000e-03 -9.601629999999999887e-01 -2.794340000000000157e-01 -2.043999999999999810e-03
2.500000000000000000e+01 2.700000000000000000e+01 6.300000000000000000e+01 0.000000000000000000e+00 1.600000000000000089e+00 1.173999999999999913e-03 -3.530000000000000152e-04 9.999989999999999712e-01 -2.789989999999999970e-01 9.602910000000000057e-01 6.660000000000000338e-04 -9.602910000000000057e-01 -2.789989999999999970e-01 1.028999999999999967e-03
2.900000000000000000e+01 2.700000000000000000e+01 6.300000000000000000e+01 0.000000000000000000e+00 1.600000000000000089e+00 4.981000000000000184e-03 2.268000000000000051e-03 9.999850000000000128e-01 -2.748659999999999992e-01 9.614819999999999478e-01 -8.120000000000000048e-04 -9.614700000000000468e-01 -2.748579999999999912e-01 5.412000000000000144e-03
3.000000000000000000e+00 4.400000000000000000e+01 6.300000000000000000e+01 0.000000000000000000e+00 1.600000000000000089e+00 6.170000000000000354e-04 1.536000000000000039e-02 -9.998820000000000485e-01 -6.605649999999999578e-01 -7.506739999999999524e-01 -1.193999999999999923e-02 -7.507690000000000197e-01 6.604940000000000255e-01 9.683999999999999900e-03
9.000000000000000000e+00 4.400000000000000000e+01 6.300000000000000000e+01 0.000000000000000000e+00 1.600000000000000089e+00 6.390000000000000280e-04 4.709999999999999777e-03 -9.999890000000000168e-01 -6.677269999999999595e-01 -7.443959999999999466e-01 -3.932999999999999864e-03 -7.444060000000000121e-01 6.677220000000000377e-01 2.668999999999999932e-03
1.300000000000000000e+01 4.400000000000000000e+01 6.300000000000000000e+01 0.000000000000000000e+00 1.600000000000000089e+00 9.128000000000000697e-03 2.210399999999999865e-02 -9.997139999999999915e-01 -6.748290000000000122e-01 -7.376319999999999544e-01 -2.247100000000000139e-02 -7.379179999999999628e-01 6.748410000000000242e-01 8.182999999999999302e-03
2.100000000000000000e+01 4.400000000000000000e+01 6.300000000000000000e+01 0.000000000000000000e+00 1.600000000000000089e+00 9.809999999999999276e-03 -2.874799999999999925e-02 -9.995389999999999553e-01 -7.163709999999999800e-01 -6.975980000000000514e-01 1.303299999999999945e-02 -6.976510000000000211e-01 7.159130000000000216e-01 -2.743800000000000058e-02
2.000000000000000000e+00 2.600000000000000000e+01 6.400000000000000000e+01 0.000000000000000000e+00 1.600000000000000089e+00 -2.024000000000000191e-03 -1.319000000000000077e-03 9.999970000000000248e-01 -3.719959999999999933e-01 9.282340000000000035e-01 4.719999999999999803e-04 -9.282319999999999460e-01 -3.719939999999999913e-01 -2.370000000000000145e-03
6.000000000000000000e+00 2.600000000000000000e+01 6.400000000000000000e+01 0.000000000000000000e+00 1.600000000000000089e+00 -8.649999999999999920e-04 3.269999999999999903e-03 9.999940000000000495e-01 -3.737039999999999806e-01 9.275419999999999776e-01 -3.356000000000000042e-03 -9.275470000000000104e-01 -3.737050000000000094e-01 4.200000000000000174e-04
1.000000000000000000e+01 2.600000000000000000e+01 6.400000000000000000e+01 0.000000000000000000e+00 1.600000000000000089e+00 1.250000000000000026e-03 5.648000000000000242e-03 9.999829999999999552e-01 -3.683949999999999725e-01 9.296569999999999556e-01 -4.789999999999999987e-03 -9.296689999999999676e-01 -3.683830000000000160e-01 3.242999999999999789e-03
1.600000000000000000e+01 2.600000000000000000e+01 6.400000000000000000e+01 0.000000000000000000e+00 1.600000000000000089e+00 -7.640000000000000306e-04 -1.721000000000000090e-03 9.999980000000000535e-01 -3.626389999999999891e-01 9.319290000000000074e-01 1.327000000000000055e-03 -9.319290000000000074e-01 -3.626380000000000159e-01 -1.337000000000000081e-03
2.200000000000000000e+01 2.600000000000000000e+01 6.400000000000000000e+01 0.000000000000000000e+00 1.600000000000000089e+00 -1.020000000000000073e-03 -2.733000000000000186e-03 9.999959999999999960e-01 -3.693850000000000189e-01 9.292740000000000444e-01 2.162999999999999992e-03 -9.292759999999999909e-01 -3.693819999999999881e-01 -1.956999999999999972e-03
2.500000000000000000e+01 2.600000000000000000e+01 6.400000000000000000e+01 0.000000000000000000e+00 1.600000000000000089e+00 7.609999999999999577e-04 5.450000000000000200e-04 1.000000000000000000e+00 -3.691440000000000277e-01 9.293719999999999759e-01 -2.259999999999999910e-04 -9.293719999999999759e-01 -3.691440000000000277e-01 9.079999999999999530e-04
2.900000000000000000e+01 2.600000000000000000e+01 6.400000000000000000e+01 0.000000000000000000e+00 1.600000000000000089e+00 4.140999999999999716e-03 2.301000000000000094e-03 9.999890000000000168e-01 -3.638299999999999867e-01 9.314649999999999874e-01 -6.359999999999999551e-04 -9.314559999999999507e-01 -3.638239999999999807e-01 4.694000000000000256e-03
2.400000000000000000e+01 5.600000000000000000e+01 6.400000000000000000e+01 0.000000000000000000e+00 1.600000000000000089e+00 -1.438069999999999904e-01 2.611669999999999825e-01 -9.545219999999999816e-01 1.313600000000000011e-02 9.649659999999999904e-01 2.620449999999999724e-01 9.895190000000000374e-01 2.514600000000000168e-02 -1.421999999999999931e-01
3.000000000000000000e+01 5.300000000000000000e+01 6.600000000000000000e+01 0.000000000000000000e+00 1.600000000000000089e+00 1.997500000000000109e-01 5.364100000000000118e-02 9.783779999999999699e-01 6.128179999999999739e-01 7.722769999999999913e-01 -1.674569999999999947e-01 -7.645610000000000461e-01 6.330170000000000519e-01 1.213899999999999979e-01
1.700000000000000000e+01 4.300000000000000000e+01 7.300000000000000000e+01 0.000000000000000000e+00 1.600000000000000089e+00 -4.793200000000000238e-02 -1.119730000000000031e-01 9.925549999999999651e-01 5.148400000000000198e-02 -9.926530000000000076e-01 -1.094969999999999971e-01 9.975230000000000485e-01 4.585199999999999693e-02 5.334400000000000253e-02
7.000000000000000000e+00 4.400000000000000000e+01 7.300000000000000000e+01 0.000000000000000000e+00 1.600000000000000089e+00 -1.338999999999999913e-03 -3.989999999999999623e-03 9.999909999999999632e-01 5.630600000000000188e-02 -9.984060000000000157e-01 -3.908000000000000015e-03 9.984129999999999949e-01 5.630000000000000282e-02 1.561000000000000104e-03
1.400000000000000000e+01 4.400000000000000000e+01 7.300000000000000000e+01 0.000000000000000000e+00 1.600000000000000089e+00 -3.650400000000000172e-02 -1.116260000000000030e-01 9.930799999999999628e-01 2.171199999999999866e-02 -9.935960000000000347e-01 -1.108849999999999975e-01 9.990980000000000416e-01 1.751399999999999832e-02 3.869399999999999923e-02
2.000000000000000000e+00 2.500000000000000000e+01 7.400000000000000000e+01 0.000000000000000000e+00 1.600000000000000089e+00 -3.739999999999999835e-04 -4.200000000000000174e-04 1.000000000000000000e+00 8.230790000000000051e-01 -5.679260000000000419e-01 6.899999999999999667e-05 5.679260000000000419e-01 8.230790000000000051e-01 5.580000000000000107e-04
5.000000000000000000e+00 2.500000000000000000e+01 7.400000000000000000e+01 0.000000000000000000e+00 1.600000000000000089e+00 2.691999999999999948e-03 -7.380000000000000492e-04 9.999959999999999960e-01 8.224519999999999609e-01 -5.688280000000000003e-01 -2.634000000000000057e-03 5.688280000000000003e-01 8.224559999999999649e-01 -9.240000000000000166e-04
9.000000000000000000e+00 2.500000000000000000e+01 7.400000000000000000e+01 0.000000000000000000e+00 1.600000000000000089e+00 5.000000000000000104e-04 2.779999999999999811e-04 1.000000000000000000e+00 8.232169999999999765e-01 -5.677269999999999817e-01 -2.539999999999999940e-04 5.677259999999999529e-01 8.232169999999999765e-01 -5.130000000000000011e-04
1.700000000000000000e+01 2.500000000000000000e+01 7.400000000000000000e+01 0.000000000000000000e+00 1.600000000000000089e+00 9.610000000000000486e-04 -5.529999999999999976e-04 9.999989999999999712e-01 8.279320000000000013e-01 -5.608279999999999932e-01 -1.105999999999999995e-03 5.608279999999999932e-01 8.279320000000000013e-01 -8.100000000000000375e-05
2.200000000000000000e+01 2.500000000000000000e+01 7.400000000000000000e+01 0.000000000000000000e+00 1.600000000000000089e+00 -3.445999999999999844e-03 -9.100000000000000450e-03 9.999529999999999808e-01 8.202129999999999699e-01 -5.720530000000000337e-01 -2.380000000000000171e-03 5.720480000000000009e-01 8.201659999999999506e-01 9.435999999999999943e-03
2.900000000000000000e+01 2.500000000000000000e+01 7.400000000000000000e+01 0.000000000000000000e+00 1.600000000000000089e+00 -6.000000000000000152e-05 6.408999999999999767e-03 9.999789999999999512e-01 8.203209999999999669e-01 -5.718910000000000382e-01 3.714999999999999986e-03 5.719030000000000502e-01 8.203040000000000331e-01 -5.223000000000000212e-03
3.000000000000000000e+00 9.100000000000000000e+01 7.600000000000000000e+01 0.000000000000000000e+00 1.600000000000000089e+00 -7.320000000000000118e-04 4.319999999999999838e-04 1.000000000000000000e+00 3.943180000000000018e-01 -9.189739999999999576e-01 6.849999999999999535e-04 9.189739999999999576e-01 3.943189999999999751e-01 5.019999999999999506e-04
8.000000000000000000e+00 9.100000000000000000e+01 7.600000000000000000e+01 0.000000000000000000e+00 1.600000000000000089e+00 6.070000000000000092e-04 -5.310000000000000050e-04 1.000000000000000000e+00 3.988809999999999856e-01 -9.170019999999999838e-01 -7.290000000000000473e-04 9.170030000000000125e-01 3.988809999999999856e-01 -3.449999999999999833e-04
1.600000000000000000e+01 9.100000000000000000e+01 7.600000000000000000e+01 0.000000000000000000e+00 1.600000000000000089e+00 1.250999999999999942e-03 1.260999999999999968e-03 9.999980000000000535e-01 3.956450000000000244e-01 -9.184029999999999694e-01 6.629999999999999609e-04 9.184029999999999694e-01 3.956439999999999957e-01 -1.647999999999999942e-03
2.200000000000000000e+01 9.100000000000000000e+01 7.600000000000000000e+01 0.000000000000000000e+00 1.600000000000000089e+00 -1.479000000000000063e-03 -2.373999999999999808e-03 9.999959999999999960e-01 3.958130000000000259e-01 -9.183299999999999796e-01 -1.595000000000000064e-03 9.183299999999999796e-01 3.958090000000000219e-01 2.298000000000000129e-03
2.700000000000000000e+01 9.100000000000000000e+01 7.600000000000000000e+01 0.000000000000000000e+00 1.600000000000000089e+00 -3.305000000000000212e-03 -3.864999999999999946e-03 9.999869999999999592e-01 3.918889999999999874e-01 -9.200099999999999945e-01 -2.260999999999999989e-03 9.200070000000000192e-01 3.918760000000000021e-01 4.556000000000000154e-03
1.900000000000000000e+01 9.000000000000000000e+00 8.200000000000000000e+01 0.000000000000000000e+00 1.600000000000000089e+00 -2.979999999999999793e-04 4.500999999999999793e-03 -9.999900000000000455e-01 5.708710000000000173e-01 8.210319999999999840e-01 3.524999999999999922e-03 8.210399999999999920e-01 -5.708640000000000381e-01 -2.814999999999999794e-03
5.000000000000000000e+00 4.400000000000000000e+01 8.300000000000000000e+01 0.000000000000000000e+00 1.600000000000000089e+00 -1.168999999999999900e-03 2.169999999999999891e-04 9.999989999999999712e-01 5.709309999999999663e-01 -8.209969999999999768e-01 8.459999999999999638e-04 8.209969999999999768e-01 5.709319999999999951e-01 8.360000000000000460e-04
1.200000000000000000e+01 1.010000000000000000e+02 8.300000000000000000e+01 0.000000000000000000e+00 1.600000000000000089e+00 -8.120000000000000048e-04 -1.118000000000000070e-03 9.999989999999999712e-01 9.952499999999999680e-01 9.734800000000000397e-02 9.169999999999999549e-04 -9.734900000000000497e-02 9.952499999999999680e-01 1.033000000000000064e-03
6.000000000000000000e+00 4.800000000000000000e+01 8.400000000000000000e+01 0.000000000000000000e+00 1.600000000000000089e+00 3.154999999999999818e-03 -2.959999999999999849e-04 -9.999949999999999672e-01 -9.474460000000000104e-01 -3.199040000000000217e-01 -2.893999999999999871e-03 -3.199009999999999909e-01 9.474500000000000144e-01 -1.289999999999999914e-03
2.400000000000000000e+01 4.800000000000000000e+01 8.400000000000000000e+01 0.000000000000000000e+00 1.600000000000000089e+00 -4.715999999999999706e-03 -4.039000000000000055e-03 -9.999810000000000088e-01 -9.465759999999999730e-01 -3.224299999999999944e-01 5.767000000000000424e-03 -3.224480000000000124e-01 9.465850000000000097e-01 -2.301999999999999793e-03
