1.800000000000000000e+01 2.500000000000000000e+01 1.000000000000000000e+00 0.000000000000000000e+00 1.600000000000000089e+00 4.506999999999999722e-03 6.823000000000000072e-03 -9.999670000000000503e-01 -5.215889999999999693e-01 -8.531579999999999719e-01 -8.172000000000000444e-03 -8.531849999999999712e-01 5.216089999999999893e-01 -2.860000000000000129e-04
2.400000000000000000e+01 2.500000000000000000e+01 1.000000000000000000e+00 0.000000000000000000e+00 1.600000000000000089e+00 -2.259999999999999856e-03 -1.063099999999999982e-02 -9.999409999999999688e-01 -5.181930000000000147e-01 -8.552020000000000177e-01 1.026299999999999955e-02 -8.552610000000000490e-01 5.181860000000000355e-01 -3.576000000000000185e-03
2.000000000000000000e+01 1.900000000000000000e+01 5.000000000000000000e+00 0.000000000000000000e+00 1.600000000000000089e+00 1.423999999999999919e-03 2.367000000000000180e-03 -9.999959999999999960e-01 -6.926639999999999464e-01 -7.212549999999999795e-01 -2.693000000000000081e-03 -7.212589999999999835e-01 6.926660000000000039e-01 6.130000000000000466e-04
2.300000000000000000e+01 1.900000000000000000e+01 5.000000000000000000e+00 0.000000000000000000e+00 1.600000000000000089e+00 7.899999999999999579e-05 -8.416999999999999135e-03 -9.999649999999999928e-01 -6.927910000000000457e-01 -7.211130000000000040e-01 6.014000000000000248e-03 -7.211379999999999457e-01 6.927659999999999929e-01 -5.888000000000000005e-03
1.500000000000000000e+01 1.010000000000000000e+02 7.000000000000000000e+00 0.000000000000000000e+00 1.600000000000000089e+00 8.710000000000000294e-04 -7.360000000000000223e-03 9.999730000000000008e-01 8.897070000000000256e-01 4.565239999999999854e-01 2.586000000000000191e-03 -4.565310000000000201e-01 8.896810000000000551e-01 6.945999999999999917e-03
2.600000000000000000e+01 1.010000000000000000e+02 7.000000000000000000e+00 0.000000000000000000e+00 1.600000000000000089e+00 1.611000000000000019e-03 -1.371200000000000023e-02 9.999050000000000438e-01 8.825640000000000152e-01 4.701649999999999996e-01 5.026000000000000086e-03 -4.701890000000000236e-01 8.824720000000000342e-01 1.285900000000000064e-02
5.000000000000000000e+00 2.500000000000000000e+01 8.000000000000000000e+00 0.000000000000000000e+00 1.600000000000000089e+00 4.939999999999999730e-04 3.148000000000000190e-03 -9.999949999999999672e-01 4.378369999999999762e-01 8.990489999999999871e-01 3.046000000000000096e-03 8.990540000000000198e-01 -4.378369999999999762e-01 -9.340000000000000429e-04
1.400000000000000000e+01 2.500000000000000000e+01 8.000000000000000000e+00 0.000000000000000000e+00 1.600000000000000089e+00 -2.419000000000000143e-03 -4.160999999999999768e-03 -9.999879999999999880e-01 4.396809999999999885e-01 8.981409999999999672e-01 -4.800999999999999712e-03 8.981510000000000327e-01 -4.396880000000000233e-01 -3.440000000000000132e-04
1.800000000000000000e+01 2.500000000000000000e+01 8.000000000000000000e+00 0.000000000000000000e+00 1.600000000000000089e+00 -3.383999999999999855e-03 -4.821999999999999897e-03 -9.999829999999999552e-01 4.404449999999999754e-01 8.977610000000000312e-01 -5.819999999999999653e-03 8.977730000000000432e-01 -4.404569999999999874e-01 -9.139999999999999904e-04
2.100000000000000000e+01 2.500000000000000000e+01 8.000000000000000000e+00 0.000000000000000000e+00 1.600000000000000089e+00 -1.494000000000000102e-03 -8.207000000000000753e-03 -9.999649999999999928e-01 4.396599999999999953e-01 8.981280000000000374e-01 -8.028999999999999679e-03 8.981630000000000447e-01 -4.396570000000000200e-01 2.265999999999999785e-03
2.600000000000000000e+01 2.500000000000000000e+01 8.000000000000000000e+00 0.000000000000000000e+00 1.600000000000000089e+00 1.306000000000000086e-03 -8.077000000000000846e-03 -9.999670000000000503e-01 4.376530000000000142e-01 8.991190000000000015e-01 -6.690999999999999899e-03 8.991430000000000256e-01 -4.376300000000000190e-01 4.708999999999999644e-03
4.000000000000000000e+00 9.000000000000000000e+00 9.000000000000000000e+00 0.000000000000000000e+00 1.600000000000000089e+00 -7.397499999999999909e-02 -5.644400000000000112e-02 -9.956610000000000182e-01 -9.458360000000000101e-01 -3.124919999999999920e-01 8.798899999999999777e-02 -3.161030000000000229e-01 9.482420000000000293e-01 -3.027099999999999930e-02
5.000000000000000000e+00 2.400000000000000000e+01 9.000000000000000000e+00 0.000000000000000000e+00 1.600000000000000089e+00 4.620000000000000083e-04 3.880999999999999901e-03 -9.999919999999999920e-01 4.440319999999999823e-01 8.960029999999999939e-01 3.681999999999999943e-03 8.960110000000000019e-01 -4.440310000000000090e-01 -1.309000000000000051e-03
9.000000000000000000e+00 2.400000000000000000e+01 9.000000000000000000e+00 0.000000000000000000e+00 1.600000000000000089e+00 -7.799999999999999859e-05 1.900000000000000105e-04 -1.000000000000000000e+00 4.431339999999999724e-01 8.964550000000000018e-01 1.359999999999999989e-04 8.964550000000000018e-01 -4.431339999999999724e-01 -1.540000000000000028e-04
1.200000000000000000e+01 2.400000000000000000e+01 9.000000000000000000e+00 0.000000000000000000e+00 1.600000000000000089e+00 -1.685000000000000083e-03 -3.487000000000000082e-03 -9.999919999999999920e-01 4.446140000000000092e-01 8.957140000000000102e-01 -3.872000000000000008e-03 8.957199999999999607e-01 -4.446180000000000132e-01 4.100000000000000047e-05
1.800000000000000000e+01 2.400000000000000000e+01 9.000000000000000000e+00 0.000000000000000000e+00 1.600000000000000089e+00 -2.736000000000000151e-03 -6.714999999999999615e-03 -9.999740000000000295e-01 4.467610000000000192e-01 8.946239999999999748e-01 -7.230000000000000315e-03 8.946490000000000276e-01 -4.467690000000000272e-01 5.529999999999999976e-04
2.100000000000000000e+01 2.400000000000000000e+01 9.000000000000000000e+00 0.000000000000000000e+00 1.600000000000000089e+00 -5.540000000000000219e-04 -9.709000000000000616e-03 -9.999529999999999808e-01 4.460359999999999880e-01 8.949709999999999610e-01 -8.935999999999999499e-03 8.950150000000000050e-01 -4.460189999999999988e-01 3.834999999999999867e-03
2.500000000000000000e+01 2.400000000000000000e+01 9.000000000000000000e+00 0.000000000000000000e+00 1.600000000000000089e+00 1.466999999999999988e-03 -1.026200000000000029e-02 -9.999460000000000015e-01 4.445569999999999800e-01 8.957100000000000062e-01 -8.540000000000000716e-03 8.957490000000000174e-01 -4.445209999999999995e-01 5.876000000000000147e-03
1.700000000000000000e+01 7.000000000000000000e+00 1.000000000000000000e+01 0.000000000000000000e+00 1.600000000000000089e+00 -5.871900000000000036e-02 -3.833299999999999902e-02 -9.975380000000000358e-01 -9.862880000000000535e-01 -1.521609999999999907e-01 6.390300000000000147e-02 -1.542360000000000120e-01 9.876120000000000454e-01 -2.887199999999999836e-02
2.100000000000000000e+01 7.000000000000000000e+00 1.000000000000000000e+01 0.000000000000000000e+00 1.600000000000000089e+00 5.328000000000000271e-03 -6.854999999999999982e-03 -9.999620000000000175e-01 -9.911459999999999715e-01 -1.327049999999999896e-01 -4.372000000000000018e-03 -1.326700000000000101e-01 9.911320000000000130e-01 -7.501999999999999988e-03
1.600000000000000000e+01 3.000000000000000000e+00 1.100000000000000000e+01 0.000000000000000000e+00 1.600000000000000089e+00 -6.949999999999999798e-04 -7.528999999999999582e-02 9.971609999999999641e-01 1.378369999999999873e-01 -9.876509999999999456e-01 -7.447600000000000053e-02 9.904549999999999743e-01 1.373939999999999884e-01 1.106399999999999918e-02
2.200000000000000000e+01 3.000000000000000000e+00 1.100000000000000000e+01 0.000000000000000000e+00 1.600000000000000089e+00 -1.459999999999999926e-03 1.860799999999999954e-02 9.998259999999999925e-01 1.209540000000000060e-01 -9.924830000000000041e-01 1.864800000000000138e-02 9.926570000000000116e-01 1.209599999999999981e-01 -8.009999999999999542e-04
3.000000000000000000e+00 3.500000000000000000e+01 1.300000000000000000e+01 0.000000000000000000e+00 1.600000000000000089e+00 -1.517830000000000013e-01 -4.903099999999999820e-02 9.871969999999999912e-01 9.817609999999999948e-01 -1.231610000000000066e-01 1.448299999999999865e-01 1.144830000000000014e-01 9.911750000000000282e-01 6.683100000000000152e-02
1.200000000000000000e+01 3.200000000000000000e+01 1.400000000000000000e+01 0.000000000000000000e+00 1.600000000000000089e+00 1.033000000000000064e-03 -1.531999999999999942e-03 -9.999980000000000535e-01 1.169800000000000006e-01 9.931330000000000435e-01 -1.399999999999999986e-03 9.931339999999999613e-01 -1.169779999999999986e-01 1.204999999999999908e-03
1.600000000000000000e+01 3.200000000000000000e+01 1.400000000000000000e+01 0.000000000000000000e+00 1.600000000000000089e+00 2.930000000000000204e-04 2.726999999999999823e-03 -9.999959999999999960e-01 1.179349999999999982e-01 9.930179999999999563e-01 2.743000000000000212e-03 9.930210000000000425e-01 -1.179349999999999982e-01 -3.100000000000000135e-05
2.000000000000000000e+01 3.200000000000000000e+01 1.400000000000000000e+01 0.000000000000000000e+00 1.600000000000000089e+00 6.960000000000000041e-04 2.351999999999999924e-03 -9.999970000000000248e-01 1.196119999999999961e-01 9.928179999999999783e-01 2.418000000000000010e-03 9.928200000000000358e-01 -1.196129999999999971e-01 4.090000000000000211e-04
2.300000000000000000e+01 3.200000000000000000e+01 1.400000000000000000e+01 0.000000000000000000e+00 1.600000000000000089e+00 3.138999999999999863e-03 -2.599999999999999881e-03 -9.999919999999999920e-01 1.200989999999999974e-01 9.927589999999999471e-01 -2.204999999999999929e-03 9.927570000000000006e-01 -1.200910000000000033e-01 3.428000000000000057e-03
2.700000000000000000e+01 3.200000000000000000e+01 1.400000000000000000e+01 0.000000000000000000e+00 1.600000000000000089e+00 2.776999999999999955e-03 -5.801999999999999866e-03 -9.999789999999999512e-01 1.192450000000000038e-01 9.928500000000000103e-01 -5.428999999999999798e-03 9.928609999999999935e-01 -1.192269999999999996e-01 3.448999999999999809e-03
7.000000000000000000e+00 1.160000000000000000e+02 1.600000000000000000e+01 0.000000000000000000e+00 1.600000000000000089e+00 1.685999999999999999e-03 4.495999999999999996e-03 9.999879999999999880e-01 7.158189999999999831e-01 6.982720000000000038e-01 -4.346000000000000037e-03 -6.982840000000000158e-01 7.158179999999999543e-01 -2.040999999999999846e-03
1.300000000000000000e+01 1.160000000000000000e+02 1.600000000000000000e+01 0.000000000000000000e+00 1.600000000000000089e+00 -4.620000000000000083e-04 1.900999999999999912e-03 9.999980000000000535e-01 7.056090000000000417e-01 7.086010000000000364e-01 -1.020999999999999989e-03 -7.086010000000000364e-01 7.056069999999999842e-01 -1.668999999999999911e-03
1.900000000000000000e+01 1.160000000000000000e+02 1.600000000000000000e+01 0.000000000000000000e+00 1.600000000000000089e+00 -3.804999999999999789e-03 -4.028000000000000330e-03 9.999850000000000128e-01 7.365319999999999645e-01 6.763799999999999812e-01 5.526999999999999795e-03 -6.763919999999999932e-01 7.365420000000000300e-01 3.930000000000000117e-04
1.100000000000000000e+01 2.000000000000000000e+00 1.900000000000000000e+01 0.000000000000000000e+00 1.600000000000000089e+00 9.860000000000000708e-03 -5.233199999999999658e-02 -9.985810000000000519e-01 3.640970000000000040e-01 -9.298899999999999944e-01 5.232699999999999851e-02 -9.313090000000000535e-01 -3.640959999999999752e-01 9.884999999999999690e-03
2.100000000000000000e+01 2.000000000000000000e+00 1.900000000000000000e+01 0.000000000000000000e+00 1.600000000000000089e+00 -4.360000000000000160e-03 -9.573999999999999178e-03 -9.999449999999999728e-01 3.457660000000000178e-01 -9.382909999999999862e-01 7.476000000000000006e-03 -9.383110000000000062e-01 -3.457140000000000213e-01 7.400999999999999593e-03
4.000000000000000000e+00 3.000000000000000000e+00 1.900000000000000000e+01 0.000000000000000000e+00 1.600000000000000089e+00 8.427999999999999728e-03 -4.595799999999999885e-02 -9.989080000000000181e-01 3.396330000000000182e-01 -9.394280000000000408e-01 4.608700000000000296e-02 -9.405200000000000227e-01 -3.396500000000000075e-01 7.690999999999999920e-03
2.400000000000000000e+01 3.000000000000000000e+00 1.900000000000000000e+01 0.000000000000000000e+00 1.600000000000000089e+00 -7.739000000000000219e-03 1.252999999999999947e-02 -9.998920000000000030e-01 3.124569999999999848e-01 -9.498240000000000016e-01 -1.432100000000000040e-02 -9.498999999999999666e-01 -3.125339999999999785e-01 3.435000000000000119e-03
2.700000000000000000e+01 3.000000000000000000e+00 1.900000000000000000e+01 0.000000000000000000e+00 1.600000000000000089e+00 -5.557999999999999573e-03 2.300299999999999914e-02 -9.997200000000000530e-01 3.185970000000000191e-01 -9.475970000000000226e-01 -2.357499999999999873e-02 -9.478739999999999943e-01 -3.186390000000000056e-01 -2.062000000000000031e-03
2.000000000000000000e+00 4.000000000000000000e+00 2.000000000000000000e+01 0.000000000000000000e+00 1.600000000000000089e+00 2.955000000000000161e-03 -3.306800000000000017e-02 -9.994490000000000318e-01 3.820129999999999915e-01 -9.236130000000000173e-01 3.168900000000000189e-02 -9.241519999999999735e-01 -3.818960000000000132e-01 9.903000000000000344e-03
1.800000000000000000e+01 4.000000000000000000e+00 2.000000000000000000e+01 0.000000000000000000e+00 1.600000000000000089e+00 -8.199999999999999824e-04 -1.442700000000000059e-02 -9.998960000000000070e-01 3.275109999999999966e-01 -9.447529999999999539e-01 1.336299999999999988e-02 -9.448469999999999924e-01 -3.274650000000000061e-01 5.499999999999999681e-03
4.000000000000000000e+00 1.300000000000000000e+01 2.000000000000000000e+01 0.000000000000000000e+00 1.600000000000000089e+00 1.410000000000000012e-03 -3.700000000000000164e-03 9.999919999999999920e-01 2.598420000000000174e-01 9.656460000000000043e-01 3.206000000000000082e-03 -9.656500000000000083e-01 2.598349999999999826e-01 2.322999999999999978e-03
7.000000000000000000e+00 1.300000000000000000e+01 2.000000000000000000e+01 0.000000000000000000e+00 1.600000000000000089e+00 1.080999999999999930e-03 -8.649999999999999703e-03 9.999620000000000175e-01 2.579940000000000011e-01 9.661129999999999995e-01 8.078000000000000111e-03 -9.661459999999999493e-01 2.579759999999999831e-01 3.275999999999999832e-03
1.300000000000000000e+01 1.300000000000000000e+01 2.000000000000000000e+01 0.000000000000000000e+00 1.600000000000000089e+00 -1.364999999999999894e-03 -1.969999999999999909e-04 9.999989999999999712e-01 2.599069999999999991e-01 9.656329999999999636e-01 5.450000000000000200e-04 -9.656329999999999636e-01 2.599079999999999724e-01 -1.266999999999999897e-03
1.900000000000000000e+01 1.300000000000000000e+01 2.000000000000000000e+01 0.000000000000000000e+00 1.600000000000000089e+00 -2.256000000000000193e-03 -1.536000000000000039e-03 9.999959999999999960e-01 2.627840000000000176e-01 9.648529999999999607e-01 2.073999999999999889e-03 -9.648520000000000429e-01 2.627869999999999928e-01 -1.773000000000000053e-03
2.400000000000000000e+01 1.300000000000000000e+01 2.000000000000000000e+01 0.000000000000000000e+00 1.600000000000000089e+00 -9.920000000000000432e-04 -3.930000000000000117e-04 9.999989999999999712e-01 2.617869999999999919e-01 9.651260000000000394e-01 6.390000000000000280e-04 -9.651250000000000107e-01 2.617869999999999919e-01 -8.540000000000000499e-04
2.800000000000000000e+01 1.300000000000000000e+01 2.000000000000000000e+01 0.000000000000000000e+00 1.600000000000000089e+00 7.699999999999999597e-04 5.623000000000000394e-03 9.999839999999999840e-01 2.590020000000000100e-01 9.658600000000000518e-01 -5.630999999999999721e-03 -9.658769999999999856e-01 2.590020000000000100e-01 -7.129999999999999836e-04
1.000000000000000000e+01 1.600000000000000000e+01 2.100000000000000000e+01 0.000000000000000000e+00 1.600000000000000089e+00 3.539999999999999853e-04 -9.048999999999999752e-03 9.999590000000000423e-01 2.974580000000000002e-01 9.546970000000000178e-01 8.533999999999999919e-03 -9.547350000000000003e-01 2.974430000000000129e-01 3.030000000000000141e-03
1.500000000000000000e+01 1.600000000000000000e+01 2.100000000000000000e+01 0.000000000000000000e+00 1.600000000000000089e+00 -8.610000000000000032e-04 5.823000000000000051e-03 9.999829999999999552e-01 2.982569999999999943e-01 9.544709999999999583e-01 -5.301000000000000156e-03 -9.544850000000000279e-01 2.982469999999999843e-01 -2.559000000000000077e-03
2.000000000000000000e+01 1.600000000000000000e+01 2.100000000000000000e+01 0.000000000000000000e+00 1.600000000000000089e+00 -2.580999999999999961e-03 -4.895000000000000046e-03 9.999850000000000128e-01 2.989189999999999903e-01 9.542629999999999724e-01 5.441999999999999789e-03 -9.542749999999999844e-01 2.989280000000000270e-01 -1.000000000000000021e-03
1.500000000000000000e+01 4.100000000000000000e+01 2.400000000000000000e+01 0.000000000000000000e+00 1.600000000000000089e+00 2.229800000000000115e-01 4.071099999999999719e-02 9.739719999999999489e-01 -9.067020000000000080e-01 3.755970000000000142e-01 1.918799999999999950e-01 -3.580090000000000217e-01 -9.258889999999999620e-01 1.206639999999999935e-01
9.000000000000000000e+00 2.000000000000000000e+00 2.500000000000000000e+01 0.000000000000000000e+00 1.600000000000000089e+00 1.104499999999999926e-02 -4.368799999999999767e-02 9.989839999999999831e-01 7.584200000000000663e-02 -9.961309999999999887e-01 -4.440100000000000297e-02 9.970590000000000286e-01 7.625500000000000334e-02 -7.688999999999999654e-03
2.000000000000000000e+00 3.000000000000000000e+00 2.500000000000000000e+01 0.000000000000000000e+00 1.600000000000000089e+00 8.614000000000000129e-03 -2.186099999999999849e-02 9.997239999999999460e-01 1.347100000000000034e-02 -9.996680000000000010e-01 -2.197500000000000148e-02 9.998719999999999830e-01 1.365599999999999974e-02 -8.316999999999999740e-03
1.000000000000000000e+01 3.000000000000000000e+00 2.500000000000000000e+01 0.000000000000000000e+00 1.600000000000000089e+00 2.410999999999999949e-03 -3.641799999999999898e-02 9.993339999999999446e-01 -1.603600000000000164e-02 -9.992100000000000426e-01 -3.637499999999999761e-02 9.998690000000000078e-01 -1.593800000000000078e-02 -2.993000000000000001e-03
1.300000000000000000e+01 3.000000000000000000e+00 2.500000000000000000e+01 0.000000000000000000e+00 1.600000000000000089e+00 -3.163000000000000013e-03 -1.704599999999999865e-02 9.998500000000000165e-01 -2.986499999999999919e-02 -9.994070000000000453e-01 -1.713299999999999892e-02 9.995490000000000208e-01 -2.991399999999999962e-02 2.651999999999999844e-03
2.400000000000000000e+01 3.000000000000000000e+00 2.500000000000000000e+01 0.000000000000000000e+00 1.600000000000000089e+00 -2.579000000000000129e-03 5.562000000000000104e-03 9.999810000000000088e-01 -4.049699999999999828e-02 -9.991649999999999698e-01 5.453000000000000382e-03 9.991759999999999531e-01 -4.048199999999999715e-02 2.802999999999999936e-03
2.100000000000000000e+01 4.300000000000000000e+01 2.600000000000000000e+01 0.000000000000000000e+00 1.600000000000000089e+00 -9.253100000000000214e-02 2.331640000000000101e-01 -9.680250000000000243e-01 9.838529999999999776e-01 -1.281760000000000121e-01 -1.249170000000000003e-01 -1.532030000000000058e-01 -9.639529999999999488e-01 -2.175390000000000101e-01
3.000000000000000000e+00 5.800000000000000000e+01 3.100000000000000000e+01 0.000000000000000000e+00 1.600000000000000089e+00 7.039000000000000118e-03 3.187999999999999862e-03 9.999700000000000255e-01 -8.095689999999999831e-01 -5.869760000000000533e-01 7.570000000000000340e-03 5.869820000000000038e-01 -8.095980000000000398e-01 -1.549999999999999946e-03
7.000000000000000000e+00 5.800000000000000000e+01 3.100000000000000000e+01 0.000000000000000000e+00 1.600000000000000089e+00 8.791999999999999468e-03 1.094700000000000013e-02 9.999010000000000398e-01 -8.106330000000000480e-01 -5.853990000000000027e-01 1.353599999999999942e-02 5.854890000000000372e-01 -8.106719999999999482e-01 3.726999999999999844e-03
1.300000000000000000e+01 5.800000000000000000e+01 3.100000000000000000e+01 0.000000000000000000e+00 1.600000000000000089e+00 3.800000000000000209e-04 -5.818000000000000255e-03 9.999829999999999552e-01 -8.101319999999999633e-01 -5.862399999999999833e-01 -3.102999999999999856e-03 5.862479999999999913e-01 -8.101169999999999760e-01 -4.937000000000000416e-03
1.700000000000000000e+01 5.800000000000000000e+01 3.100000000000000000e+01 0.000000000000000000e+00 1.600000000000000089e+00 2.860000000000000129e-04 -6.891999999999999689e-03 9.999759999999999760e-01 -8.087619999999999809e-01 -5.881239999999999801e-01 -3.821999999999999877e-03 5.881359999999999921e-01 -8.087419999999999609e-01 -5.741999999999999708e-03
2.500000000000000000e+01 5.800000000000000000e+01 3.100000000000000000e+01 0.000000000000000000e+00 1.600000000000000089e+00 -5.081999999999999712e-03 1.610000000000000103e-03 9.999860000000000415e-01 -8.074550000000000338e-01 -5.899210000000000287e-01 -3.154000000000000119e-03 5.899079999999999879e-01 -8.074590000000000378e-01 4.297999999999999737e-03
2.300000000000000000e+01 3.700000000000000000e+01 3.500000000000000000e+01 0.000000000000000000e+00 1.600000000000000089e+00 2.130559999999999954e-01 2.369709999999999872e-01 -9.478670000000000151e-01 -4.392900000000000138e-01 -8.433199999999999585e-01 -3.095749999999999891e-01 -8.727150000000000185e-01 4.823450000000000237e-01 -7.557500000000000329e-02
2.400000000000000000e+01 9.500000000000000000e+01 3.600000000000000000e+01 0.000000000000000000e+00 1.600000000000000089e+00 8.427000000000000463e-03 -1.420369999999999966e-01 9.898249999999999549e-01 9.974760000000000293e-01 7.098300000000000443e-02 1.693999999999999976e-03 -7.050099999999999423e-02 9.873129999999999962e-01 1.422769999999999868e-01
4.000000000000000000e+00 4.600000000000000000e+01 4.100000000000000000e+01 0.000000000000000000e+00 1.600000000000000089e+00 -4.902360000000000051e-01 1.395000000000000059e-02 8.714779999999999749e-01 6.021440000000000126e-01 -7.174789999999999779e-01 3.502109999999999945e-01 6.301520000000000454e-01 6.964409999999999767e-01 3.433339999999999725e-01
2.200000000000000000e+01 4.800000000000000000e+01 4.100000000000000000e+01 0.000000000000000000e+00 1.600000000000000089e+00 1.231690000000000007e-01 5.115999999999999888e-03 9.923720000000000319e-01 8.260830000000000117e-01 5.536069999999999602e-01 -1.053840000000000054e-01 -5.499230000000000507e-01 8.327630000000000310e-01 6.396100000000000396e-02
2.400000000000000000e+01 4.800000000000000000e+01 4.200000000000000000e+01 0.000000000000000000e+00 1.600000000000000089e+00 1.231830000000000008e-01 -9.483400000000000163e-02 9.878419999999999979e-01 8.786469999999999558e-01 4.731440000000000090e-01 -6.414400000000000657e-02 -4.613090000000000246e-01 8.758660000000000334e-01 1.416090000000000126e-01
8.000000000000000000e+00 8.000000000000000000e+00 4.400000000000000000e+01 0.000000000000000000e+00 1.600000000000000089e+00 -1.280000000000000105e-03 -1.449999999999999900e-03 9.999980000000000535e-01 -7.908439999999999914e-01 -6.120139999999999469e-01 -1.899999999999999996e-03 6.120160000000000045e-01 -7.908450000000000202e-01 -3.640000000000000115e-04
1.100000000000000000e+01 8.000000000000000000e+00 4.400000000000000000e+01 0.000000000000000000e+00 1.600000000000000089e+00 4.260000000000000006e-04 4.414000000000000389e-03 9.999900000000000455e-01 -7.916889999999999761e-01 -6.109170000000000433e-01 3.033999999999999805e-03 6.109240000000000226e-01 -7.916819999999999968e-01 3.233999999999999896e-03
1.500000000000000000e+01 8.000000000000000000e+00 4.400000000000000000e+01 0.000000000000000000e+00 1.600000000000000089e+00 -3.075000000000000042e-03 6.509999999999999945e-04 9.999949999999999672e-01 -7.930749999999999744e-01 -6.091210000000000235e-01 -2.041999999999999978e-03 6.091170000000000195e-01 -7.930770000000000319e-01 2.390000000000000197e-03
2.300000000000000000e+01 8.000000000000000000e+00 4.400000000000000000e+01 0.000000000000000000e+00 1.600000000000000089e+00 -1.660000000000000017e-03 2.798999999999999839e-03 9.999949999999999672e-01 -8.027379999999999516e-01 -5.963319999999999732e-01 3.359999999999999814e-04 5.963289999999999980e-01 -8.027330000000000298e-01 3.236999999999999860e-03
2.500000000000000000e+01 5.400000000000000000e+01 4.600000000000000000e+01 0.000000000000000000e+00 1.600000000000000089e+00 -1.310399999999999933e-02 -4.142499999999999655e-02 9.990560000000000551e-01 2.679469999999999907e-01 -9.627449999999999619e-01 -3.640499999999999986e-02 9.633439999999999781e-01 2.672169999999999823e-01 2.371499999999999997e-02
2.100000000000000000e+01 2.900000000000000000e+01 4.800000000000000000e+01 0.000000000000000000e+00 1.600000000000000089e+00 4.882000000000000055e-03 -1.071420000000000011e-01 9.942320000000000046e-01 3.583450000000000246e-01 9.284010000000000318e-01 9.828800000000000037e-02 -9.335759999999999614e-01 3.557980000000000032e-01 4.292699999999999988e-02
7.000000000000000000e+00 3.700000000000000000e+01 5.100000000000000000e+01 0.000000000000000000e+00 1.600000000000000089e+00 -3.989570000000000061e-01 -3.839369999999999727e-01 8.327219999999999622e-01 9.017880000000000340e-01 -3.288420000000000232e-01 2.804300000000000126e-01 1.661660000000000081e-01 8.628179999999999739e-01 4.774240000000000150e-01
9.000000000000000000e+00 3.800000000000000000e+01 5.100000000000000000e+01 0.000000000000000000e+00 1.600000000000000089e+00 -3.730780000000000207e-01 -3.989710000000000201e-01 8.376369999999999649e-01 9.227039999999999687e-01 -2.540450000000000208e-01 2.899630000000000263e-01 9.711100000000000287e-02 8.810689999999999911e-01 4.629110000000000169e-01
1.300000000000000000e+01 7.000000000000000000e+00 5.200000000000000000e+01 0.000000000000000000e+00 1.600000000000000089e+00 -3.570000000000000040e-04 2.139999999999999975e-03 -9.999980000000000535e-01 7.695599999999999663e-02 -9.970320000000000293e-01 -2.161000000000000160e-03 -9.970339999999999758e-01 -7.695699999999999763e-02 1.910000000000000077e-04
2.100000000000000000e+01 5.800000000000000000e+01 5.200000000000000000e+01 0.000000000000000000e+00 1.600000000000000089e+00 -6.475999999999999986e-03 -3.178099999999999675e-02 9.994739999999999736e-01 -6.175460000000000393e-01 7.862540000000000084e-01 2.100000000000000130e-02 -7.865079999999999849e-01 -6.170860000000000234e-01 -2.471800000000000039e-02
2.800000000000000000e+01 3.700000000000000000e+01 5.300000000000000000e+01 0.000000000000000000e+00 1.600000000000000089e+00 -5.177000000000000178e-03 9.980529999999999680e-01 -6.214900000000000285e-02 -9.965540000000000509e-01 -1.029399999999999933e-02 -8.230700000000000516e-02 -8.278699999999999948e-02 6.150800000000000017e-02 9.946669999999999678e-01
1.700000000000000000e+01 5.700000000000000000e+01 5.300000000000000000e+01 0.000000000000000000e+00 1.600000000000000089e+00 -1.273099999999999926e-02 -1.573599999999999999e-02 9.997949999999999893e-01 -5.393649999999999833e-01 8.420480000000000187e-01 6.385000000000000051e-03 -8.419759999999999467e-01 -5.391730000000000134e-01 -1.920699999999999838e-02
1.000000000000000000e+00 6.300000000000000000e+01 5.400000000000000000e+01 0.000000000000000000e+00 1.600000000000000089e+00 1.510000000000000112e-04 -1.889999999999999970e-03 9.999980000000000535e-01 -3.578410000000000202e-01 9.337809999999999722e-01 1.819000000000000087e-03 -9.337830000000000297e-01 -3.578399999999999914e-01 -5.349999999999999938e-04
4.000000000000000000e+00 6.300000000000000000e+01 5.400000000000000000e+01 0.000000000000000000e+00 1.600000000000000089e+00 5.689999999999999529e-04 -1.804000000000000048e-03 9.999980000000000535e-01 -3.608959999999999946e-01 9.326039999999999885e-01 1.887999999999999921e-03 -9.326060000000000461e-01 -3.608959999999999946e-01 -1.210000000000000002e-04
1.000000000000000000e+01 6.300000000000000000e+01 5.400000000000000000e+01 0.000000000000000000e+00 1.600000000000000089e+00 1.806000000000000097e-03 -8.200000000000000095e-05 9.999980000000000535e-01 -3.630390000000000006e-01 9.317739999999999911e-01 7.320000000000000118e-04 -9.317720000000000447e-01 -3.630390000000000006e-01 1.652999999999999955e-03
1.800000000000000000e+01 6.300000000000000000e+01 5.400000000000000000e+01 0.000000000000000000e+00 1.600000000000000089e+00 -2.001000000000000174e-03 -5.239999999999999866e-03 9.999839999999999840e-01 -3.685479999999999867e-01 9.295999999999999819e-01 4.133999999999999654e-03 -9.296069999999999611e-01 -3.685329999999999995e-01 -3.791000000000000099e-03
2.300000000000000000e+01 6.300000000000000000e+01 5.400000000000000000e+01 0.000000000000000000e+00 1.600000000000000089e+00 -2.717999999999999930e-03 -1.069400000000000038e-02 9.999390000000000223e-01 -3.687929999999999819e-01 9.294689999999999896e-01 8.937999999999999765e-03 -9.295080000000000009e-01 -3.687460000000000182e-01 -6.470000000000000057e-03
2.700000000000000000e+01 6.300000000000000000e+01 5.400000000000000000e+01 0.000000000000000000e+00 1.600000000000000089e+00 2.226999999999999813e-03 -8.458000000000000240e-03 9.999620000000000175e-01 -3.780450000000000199e-01 9.257469999999999866e-01 8.671999999999999154e-03 -9.257840000000000513e-01 -3.780499999999999972e-01 -1.136000000000000074e-03
1.000000000000000000e+00 2.500000000000000000e+01 5.500000000000000000e+01 0.000000000000000000e+00 1.600000000000000089e+00 9.560000000000000355e-04 6.480999999999999782e-03 -9.999789999999999512e-01 -1.072799999999999969e-02 -9.999209999999999487e-01 -6.491000000000000242e-03 -9.999419999999999975e-01 1.073400000000000049e-02 -8.859999999999999603e-04
1.900000000000000000e+01 2.600000000000000000e+01 5.500000000000000000e+01 0.000000000000000000e+00 1.600000000000000089e+00 -3.289999999999999739e-04 -4.808999999999999907e-03 -9.999879999999999880e-01 -2.832000000000000142e-02 -9.995870000000000033e-01 4.817000000000000101e-03 -9.995990000000000153e-01 2.832199999999999995e-02 1.920000000000000049e-04
2.000000000000000000e+01 2.900000000000000000e+01 5.500000000000000000e+01 0.000000000000000000e+00 1.600000000000000089e+00 2.709000000000000036e-03 4.295199999999999713e-02 9.990729999999999889e-01 7.050900000000000223e-02 -9.965990000000000126e-01 4.265499999999999847e-02 9.975070000000000325e-01 7.032800000000000162e-02 -5.727999999999999585e-03
6.000000000000000000e+00 2.000000000000000000e+01 6.000000000000000000e+01 0.000000000000000000e+00 1.600000000000000089e+00 1.355000000000000085e-03 -2.187999999999999841e-03 9.999970000000000248e-01 -6.031399999999999956e-02 9.981769999999999810e-01 2.265999999999999785e-03 -9.981790000000000385e-01 -6.031700000000000256e-02 1.219999999999999947e-03
1.900000000000000000e+01 2.000000000000000000e+01 6.000000000000000000e+01 0.000000000000000000e+00 1.600000000000000089e+00 1.595000000000000064e-03 1.694999999999999892e-03 9.999970000000000248e-01 -6.308400000000000118e-02 9.980069999999999775e-01 -1.590999999999999966e-03 -9.980069999999999775e-01 -6.308099999999999818e-02 1.698000000000000074e-03
2.000000000000000000e+00 2.100000000000000000e+01 6.000000000000000000e+01 0.000000000000000000e+00 1.600000000000000089e+00 7.129999999999999836e-04 -7.280000000000000013e-03 9.999730000000000008e-01 -9.166499999999999648e-02 9.957629999999999537e-01 7.314000000000000189e-03 -9.957899999999999530e-01 -9.166699999999999848e-02 4.300000000000000165e-05
1.000000000000000000e+01 2.100000000000000000e+01 6.000000000000000000e+01 0.000000000000000000e+00 1.600000000000000089e+00 -9.219999999999999680e-04 -3.883000000000000167e-03 9.999919999999999920e-01 -9.734299999999999897e-02 9.952440000000000175e-01 3.775000000000000144e-03 -9.952499999999999680e-01 -9.733899999999999497e-02 -1.294999999999999927e-03
1.600000000000000000e+01 2.100000000000000000e+01 6.000000000000000000e+01 0.000000000000000000e+00 1.600000000000000089e+00 -2.090000000000000115e-04 2.730999999999999921e-03 9.999959999999999960e-01 -9.524199999999999333e-02 9.954499999999999460e-01 -2.739000000000000115e-03 -9.954539999999999500e-01 -9.524199999999999333e-02 5.199999999999999680e-05
2.500000000000000000e+01 2.100000000000000000e+01 6.000000000000000000e+01 0.000000000000000000e+00 1.600000000000000089e+00 2.300000000000000070e-04 3.768000000000000082e-03 9.999930000000000208e-01 -9.594800000000000550e-02 9.953790000000000138e-01 -3.729000000000000110e-03 -9.953859999999999930e-01 -9.594700000000000450e-02 5.900000000000000296e-04
2.900000000000000000e+01 2.100000000000000000e+01 6.000000000000000000e+01 0.000000000000000000e+00 1.600000000000000089e+00 1.845000000000000069e-03 -1.672000000000000092e-03 9.999970000000000248e-01 -9.694800000000000639e-02 9.952879999999999505e-01 1.843000000000000020e-03 -9.952879999999999505e-01 -9.695099999999999552e-02 1.673999999999999924e-03
2.900000000000000000e+01 6.000000000000000000e+00 6.100000000000000000e+01 0.000000000000000000e+00 1.600000000000000089e+00 9.340000000000000429e-04 -6.252999999999999878e-03 9.999799999999999800e-01 5.692329999999999890e-01 -8.221570000000000267e-01 -5.673000000000000091e-03 8.221760000000000179e-01 5.692270000000000385e-01 2.791000000000000078e-03
3.000000000000000000e+00 2.700000000000000000e+01 6.300000000000000000e+01 0.000000000000000000e+00 1.600000000000000089e+00 9.219999999999999680e-04 -8.326999999999999333e-03 9.999649999999999928e-01 -2.756879999999999886e-01 9.612119999999999553e-01 8.259000000000000716e-03 -9.612469999999999626e-01 -2.756859999999999866e-01 -1.410000000000000012e-03
8.000000000000000000e+00 2.700000000000000000e+01 6.300000000000000000e+01 0.000000000000000000e+00 1.600000000000000089e+00 -1.742999999999999975e-03 -8.182999999999999302e-03 9.999649999999999928e-01 -2.765619999999999745e-01 9.609680000000000444e-01 7.381999999999999673e-03 -9.609940000000000149e-01 -2.765400000000000080e-01 -3.937999999999999660e-03
1.900000000000000000e+01 2.700000000000000000e+01 6.300000000000000000e+01 0.000000000000000000e+00 1.600000000000000089e+00 1.479999999999999925e-04 3.150000000000000131e-04 1.000000000000000000e+00 -2.707160000000000122e-01 9.626590000000000424e-01 -2.629999999999999959e-04 -9.626590000000000424e-01 -2.707149999999999834e-01 2.280000000000000126e-04
2.700000000000000000e+01 2.700000000000000000e+01 6.300000000000000000e+01 0.000000000000000000e+00 1.600000000000000089e+00 2.572000000000000067e-03 -9.424999999999999351e-03 9.999519999999999520e-01 -2.654420000000000113e-01 9.640769999999999618e-01 9.769999999999999171e-03 -9.641229999999999523e-01 -2.654549999999999965e-01 -2.199999999999999943e-05
2.500000000000000000e+01 4.400000000000000000e+01 6.300000000000000000e+01 0.000000000000000000e+00 1.600000000000000089e+00 9.081829999999999625e-01 3.088460000000000094e-01 -2.825190000000000201e-01 4.149550000000000183e-01 -7.528650000000000064e-01 5.108890000000000375e-01 -5.491299999999999654e-02 -5.812129999999999797e-01 -8.118959999999999511e-01
3.000000000000000000e+00 2.600000000000000000e+01 6.400000000000000000e+01 0.000000000000000000e+00 1.600000000000000089e+00 2.428000000000000037e-03 -8.148000000000000728e-03 9.999639999999999640e-01 -3.642639999999999767e-01 9.312570000000000014e-01 8.472999999999999629e-03 -9.312920000000000087e-01 -3.642719999999999847e-01 -7.060000000000000303e-04
8.000000000000000000e+00 2.600000000000000000e+01 6.400000000000000000e+01 0.000000000000000000e+00 1.600000000000000089e+00 -1.129999999999999928e-03 -9.780999999999999764e-03 9.999510000000000343e-01 -3.674319999999999808e-01 9.300100000000000033e-01 8.682000000000000481e-03 -9.300500000000000433e-01 -3.674040000000000084e-01 -4.644999999999999823e-03
1.300000000000000000e+01 2.600000000000000000e+01 6.400000000000000000e+01 0.000000000000000000e+00 1.600000000000000089e+00 -1.129999999999999955e-04 -1.301000000000000073e-03 9.999989999999999712e-01 -3.623560000000000114e-01 9.320389999999999509e-01 1.172000000000000082e-03 -9.320399999999999796e-01 -3.623560000000000114e-01 -5.770000000000000389e-04
1.900000000000000000e+01 2.600000000000000000e+01 6.400000000000000000e+01 0.000000000000000000e+00 1.600000000000000089e+00 7.370000000000000249e-04 1.379999999999999933e-04 1.000000000000000000e+00 -3.629299999999999748e-01 9.318159999999999776e-01 1.389999999999999905e-04 -9.318159999999999776e-01 -3.629299999999999748e-01 7.360000000000000006e-04
2.700000000000000000e+01 2.600000000000000000e+01 6.400000000000000000e+01 0.000000000000000000e+00 1.600000000000000089e+00 2.632999999999999924e-03 -7.571999999999999738e-03 9.999679999999999680e-01 -3.604419999999999846e-01 9.327469999999999928e-01 8.012000000000000025e-03 -9.327779999999999960e-01 -3.604510000000000214e-01 -2.739999999999999923e-04
2.900000000000000000e+01 5.000000000000000000e+01 6.400000000000000000e+01 0.000000000000000000e+00 1.600000000000000089e+00 9.253230000000000066e-01 -1.642569999999999864e-01 -3.417549999999999755e-01 3.782820000000000071e-01 4.618559999999999888e-01 8.022420000000000107e-01 2.606800000000000089e-02 -8.716129999999999711e-01 4.895019999999999927e-01
2.000000000000000000e+01 8.000000000000000000e+00 6.700000000000000000e+01 0.000000000000000000e+00 1.600000000000000089e+00 -3.684999999999999908e-03 -4.926999999999999956e-03 -9.999810000000000088e-01 -1.383469999999999978e-01 -9.903690000000000548e-01 5.388999999999999693e-03 -9.903769999999999518e-01 1.383649999999999880e-01 2.968000000000000152e-03
2.800000000000000000e+01 3.100000000000000000e+01 7.100000000000000000e+01 0.000000000000000000e+00 1.600000000000000089e+00 1.482400000000000037e-02 -9.726999999999999535e-03 -9.998430000000000373e-01 -7.475239999999999663e-01 -6.642190000000000039e-01 -4.621000000000000107e-03 -6.640690000000000204e-01 7.474750000000000005e-01 -1.711800000000000127e-02
2.100000000000000000e+01 7.100000000000000000e+01 7.200000000000000000e+01 0.000000000000000000e+00 1.600000000000000089e+00 7.263410000000000144e-01 5.155170000000000030e-01 4.546109999999999873e-01 -2.955289999999999861e-01 -3.629200000000000204e-01 8.837150000000000283e-01 6.205580000000000540e-01 -7.762289999999999468e-01 -1.112530000000000047e-01
4.000000000000000000e+00 2.500000000000000000e+01 7.300000000000000000e+01 0.000000000000000000e+00 1.600000000000000089e+00 -3.376000000000000095e-03 -1.446799999999999996e-02 9.998899999999999455e-01 7.522780000000000022e-01 -6.588089999999999780e-01 -6.991999999999999951e-03 6.588380000000000347e-01 7.521710000000000340e-01 1.310799999999999986e-02
1.200000000000000000e+01 2.500000000000000000e+01 7.300000000000000000e+01 0.000000000000000000e+00 1.600000000000000089e+00 -1.072999999999999952e-03 -6.629999999999999609e-04 9.999989999999999712e-01 7.505669999999999842e-01 -6.607939999999999925e-01 3.669999999999999760e-04 6.607929999999999637e-01 7.505669999999999842e-01 1.206999999999999957e-03
1.800000000000000000e+01 2.500000000000000000e+01 7.300000000000000000e+01 0.000000000000000000e+00 1.600000000000000089e+00 1.830999999999999945e-03 5.465000000000000240e-03 9.999829999999999552e-01 7.552640000000000464e-01 -6.554170000000000273e-01 2.199000000000000000e-03 6.554189999999999738e-01 7.552470000000000017e-01 -5.327000000000000138e-03
2.400000000000000000e+01 2.500000000000000000e+01 7.300000000000000000e+01 0.000000000000000000e+00 1.600000000000000089e+00 -1.317399999999999995e-02 5.986000000000000001e-03 9.998949999999999783e-01 7.608179999999999943e-01 -6.488159999999999483e-01 1.390899999999999949e-02 6.488310000000000466e-01 7.609219999999999873e-01 3.994000000000000154e-03
5.000000000000000000e+00 4.400000000000000000e+01 7.300000000000000000e+01 0.000000000000000000e+00 1.600000000000000089e+00 4.800000000000000122e-04 8.369999999999999619e-04 1.000000000000000000e+00 5.539999999999999786e-02 -9.984640000000000182e-01 8.090000000000000403e-04 9.984640000000000182e-01 5.539899999999999686e-02 -5.259999999999999919e-04
