3.000000000000000000e+00 1.600000000000000000e+01 4.000000000000000000e+00 0.000000000000000000e+00 1.600000000000000089e+00 -6.859999999999999779e-04 1.556899999999999951e-02 9.998789999999999623e-01 3.167679999999999940e-01 -9.483850000000000335e-01 1.498500000000000006e-02 9.485029999999999850e-01 3.167389999999999928e-01 -4.281000000000000083e-03
9.000000000000000000e+00 1.600000000000000000e+01 4.000000000000000000e+00 0.000000000000000000e+00 1.600000000000000089e+00 -1.890000000000000133e-04 1.139000000000000038e-03 9.999989999999999712e-01 3.192579999999999862e-01 -9.476670000000000371e-01 1.139999999999999954e-03 9.476679999999999549e-01 3.192579999999999862e-01 -1.849999999999999973e-04
1.300000000000000000e+01 1.600000000000000000e+01 4.000000000000000000e+00 0.000000000000000000e+00 1.600000000000000089e+00 6.949999999999999798e-04 -1.270300000000000075e-02 9.999190000000000023e-01 3.175600000000000089e-01 -9.481589999999999741e-01 -1.226600000000000086e-02 9.482380000000000253e-01 3.175430000000000197e-01 3.374999999999999962e-03
1.700000000000000000e+01 1.600000000000000000e+01 4.000000000000000000e+00 0.000000000000000000e+00 1.600000000000000089e+00 1.630000000000000047e-04 -1.217799999999999959e-02 9.999259999999999815e-01 3.160729999999999928e-01 -9.486639999999999517e-01 -1.160500000000000073e-02 9.487349999999999950e-01 3.160519999999999996e-01 3.694999999999999934e-03
2.900000000000000000e+01 1.600000000000000000e+01 4.000000000000000000e+00 0.000000000000000000e+00 1.600000000000000089e+00 -4.250999999999999571e-03 -1.582100000000000173e-02 9.998660000000000325e-01 3.179629999999999956e-01 -9.480049999999999866e-01 -1.364800000000000041e-02 9.480939999999999923e-01 3.178619999999999779e-01 9.060000000000000345e-03
6.000000000000000000e+00 1.010000000000000000e+02 7.000000000000000000e+00 0.000000000000000000e+00 1.600000000000000089e+00 -5.700000000000000314e-05 2.079999999999999872e-04 1.000000000000000000e+00 8.898239999999999483e-01 4.563030000000000141e-01 -4.399999999999999886e-05 -4.563030000000000141e-01 8.898239999999999483e-01 -2.120000000000000031e-04
2.500000000000000000e+01 1.010000000000000000e+02 7.000000000000000000e+00 0.000000000000000000e+00 1.600000000000000089e+00 -1.900000000000000105e-04 -1.030400000000000066e-02 9.999470000000000303e-01 8.863100000000000422e-01 4.630650000000000044e-01 4.939999999999999947e-03 -4.630920000000000036e-01 8.862640000000000517e-01 9.044999999999999221e-03
2.700000000000000000e+01 1.500000000000000000e+01 8.000000000000000000e+00 0.000000000000000000e+00 1.600000000000000089e+00 -3.291000000000000088e-03 -1.060000000000000005e-02 -9.999379999999999935e-01 -5.663350000000000328e-01 -8.241070000000000340e-01 1.060000000000000005e-02 -8.241690000000000405e-01 5.663350000000000328e-01 -3.291000000000000088e-03
8.000000000000000000e+00 2.600000000000000000e+01 8.000000000000000000e+00 0.000000000000000000e+00 1.600000000000000089e+00 -2.060000000000000199e-03 6.684999999999999970e-03 -9.999759999999999760e-01 4.232929999999999748e-01 9.059779999999999500e-01 5.185000000000000372e-03 9.059909999999999908e-01 -4.232719999999999816e-01 -4.695999999999999654e-03
1.300000000000000000e+01 2.600000000000000000e+01 8.000000000000000000e+00 0.000000000000000000e+00 1.600000000000000089e+00 -2.096000000000000207e-03 1.470300000000000079e-02 -9.998899999999999455e-01 4.251650000000000151e-01 9.050300000000000011e-01 1.241699999999999922e-02 9.051129999999999454e-01 -4.250920000000000254e-01 -8.148000000000000728e-03
1.800000000000000000e+01 2.600000000000000000e+01 8.000000000000000000e+00 0.000000000000000000e+00 1.600000000000000089e+00 4.353000000000000098e-03 -1.047999999999999973e-02 -9.999360000000000470e-01 4.271949999999999914e-01 9.041280000000000427e-01 -7.616000000000000374e-03 9.041489999999999805e-01 -4.271340000000000137e-01 8.413000000000000339e-03
2.400000000000000000e+01 2.600000000000000000e+01 8.000000000000000000e+00 0.000000000000000000e+00 1.600000000000000089e+00 2.060999999999999898e-03 4.147999999999999778e-03 -9.999890000000000168e-01 4.252589999999999981e-01 9.050599999999999756e-01 4.630999999999999700e-03 9.050690000000000124e-01 -4.252639999999999754e-01 1.010000000000000020e-04
5.000000000000000000e+00 1.400000000000000000e+01 9.000000000000000000e+00 0.000000000000000000e+00 1.600000000000000089e+00 1.093000000000000005e-03 8.253999999999999185e-03 -9.999649999999999928e-01 -5.573339999999999961e-01 -8.302549999999999653e-01 -7.461999999999999883e-03 -8.302880000000000260e-01 5.573230000000000128e-01 3.691999999999999969e-03
8.000000000000000000e+00 1.400000000000000000e+01 9.000000000000000000e+00 0.000000000000000000e+00 1.600000000000000089e+00 8.409999999999999507e-04 -3.890000000000000228e-04 -1.000000000000000000e+00 -5.568429999999999769e-01 -8.306170000000000497e-01 -1.450000000000000009e-04 -8.306170000000000497e-01 5.568429999999999769e-01 -9.150000000000000147e-04
1.100000000000000000e+01 1.400000000000000000e+01 9.000000000000000000e+00 0.000000000000000000e+00 1.600000000000000089e+00 -1.019999999999999992e-04 -2.076999999999999853e-03 -9.999980000000000535e-01 -5.564179999999999682e-01 -8.308999999999999719e-01 1.781999999999999947e-03 -8.309020000000000294e-01 5.564170000000000504e-01 -1.069999999999999988e-03
1.700000000000000000e+01 1.400000000000000000e+01 9.000000000000000000e+00 0.000000000000000000e+00 1.600000000000000089e+00 -3.063999999999999883e-03 -1.236399999999999999e-02 -9.999190000000000023e-01 -5.586609999999999632e-01 -8.293099999999999916e-01 1.196599999999999921e-02 -8.293899999999999606e-01 5.586529999999999552e-01 -4.366000000000000089e-03
2.500000000000000000e+01 1.400000000000000000e+01 9.000000000000000000e+00 0.000000000000000000e+00 1.600000000000000089e+00 -2.858999999999999996e-03 -5.514999999999999937e-03 -9.999810000000000088e-01 -5.607020000000000337e-01 -8.279950000000000365e-01 6.169000000000000004e-03 -8.280129999999999990e-01 5.607090000000000130e-01 -7.249999999999999500e-04
1.000000000000000000e+01 1.020000000000000000e+02 9.000000000000000000e+00 0.000000000000000000e+00 1.600000000000000089e+00 8.200000000000000095e-05 2.102000000000000136e-03 9.999980000000000535e-01 9.253379999999999939e-01 3.791419999999999790e-01 -8.720000000000000537e-04 -3.791430000000000078e-01 9.253360000000000474e-01 -1.913999999999999903e-03
1.200000000000000000e+01 1.040000000000000000e+02 1.100000000000000000e+01 0.000000000000000000e+00 1.600000000000000089e+00 -2.155999999999999930e-03 -5.529999999999999976e-04 9.999980000000000535e-01 -9.733070000000000332e-01 -2.294940000000000035e-01 -2.224999999999999981e-03 2.294950000000000045e-01 -9.733100000000000085e-01 -4.300000000000000165e-05
4.000000000000000000e+00 3.200000000000000000e+01 1.400000000000000000e+01 0.000000000000000000e+00 1.600000000000000089e+00 2.625000000000000163e-03 -1.800000000000000113e-04 -9.999959999999999960e-01 1.094860000000000000e-01 9.939879999999999827e-01 1.079999999999999960e-04 9.939850000000000074e-01 -1.094860000000000000e-01 2.628999999999999827e-03
1.200000000000000000e+01 3.200000000000000000e+01 1.400000000000000000e+01 0.000000000000000000e+00 1.600000000000000089e+00 -1.789400000000000018e-02 4.913599999999999912e-02 -9.986319999999999641e-01 9.186500000000000221e-02 9.946479999999999766e-01 4.729400000000000270e-02 9.956110000000000237e-01 -9.089300000000000157e-02 -2.231199999999999850e-02
1.600000000000000000e+01 3.200000000000000000e+01 1.400000000000000000e+01 0.000000000000000000e+00 1.600000000000000089e+00 1.870000000000000134e-02 -4.055700000000000277e-02 -9.990019999999999456e-01 9.216900000000000093e-02 9.949919999999999876e-01 -3.866900000000000198e-02 9.955680000000000085e-01 -9.135400000000000464e-02 2.234399999999999928e-02
5.000000000000000000e+00 1.200000000000000000e+01 1.500000000000000000e+01 0.000000000000000000e+00 1.600000000000000089e+00 2.504999999999999848e-03 2.570000000000000127e-04 -9.999970000000000248e-01 -4.645670000000000077e-01 -8.855370000000000186e-01 -1.391000000000000092e-03 -8.855349999999999611e-01 4.645690000000000097e-01 -2.099000000000000171e-03
2.700000000000000000e+01 1.200000000000000000e+01 1.500000000000000000e+01 0.000000000000000000e+00 1.600000000000000089e+00 -3.159999999999999832e-04 -5.152000000000000329e-03 -9.999869999999999592e-01 -4.640130000000000088e-01 -8.858160000000000478e-01 4.710999999999999910e-03 -8.858279999999999488e-01 4.640079999999999760e-01 -2.109999999999999896e-03
3.000000000000000000e+00 2.000000000000000000e+00 1.900000000000000000e+01 0.000000000000000000e+00 1.600000000000000089e+00 3.937999999999999660e-03 -7.026000000000000127e-03 -9.999679999999999680e-01 1.276220000000000132e-01 -9.917949999999999822e-01 7.471000000000000210e-03 -9.918150000000000022e-01 -1.276480000000000115e-01 -3.008999999999999956e-03
7.000000000000000000e+00 2.000000000000000000e+00 1.900000000000000000e+01 0.000000000000000000e+00 1.600000000000000089e+00 -4.449999999999999746e-04 -1.636000000000000084e-03 -9.999989999999999712e-01 1.257959999999999912e-01 -9.920550000000000201e-01 1.567000000000000033e-03 -9.920560000000000489e-01 -1.257949999999999902e-01 6.480000000000000300e-04
1.300000000000000000e+01 2.000000000000000000e+00 1.900000000000000000e+01 0.000000000000000000e+00 1.600000000000000089e+00 -1.356999999999999916e-03 4.174999999999999892e-03 -9.999900000000000455e-01 1.327830000000000121e-01 -9.911360000000000170e-01 -4.317999999999999790e-03 -9.911440000000000250e-01 -1.327879999999999894e-01 7.910000000000000364e-04
1.600000000000000000e+01 2.000000000000000000e+00 1.900000000000000000e+01 0.000000000000000000e+00 1.600000000000000089e+00 -7.209999999999999612e-04 5.075999999999999783e-03 -9.999869999999999592e-01 1.331789999999999918e-01 -9.910790000000000433e-01 -5.126000000000000348e-03 -9.910919999999999730e-01 -1.331809999999999938e-01 3.899999999999999929e-05
2.500000000000000000e+01 2.000000000000000000e+00 1.900000000000000000e+01 0.000000000000000000e+00 1.600000000000000089e+00 5.000000000000000409e-06 -1.561000000000000104e-03 -9.999989999999999712e-01 1.370500000000000052e-01 -9.905629999999999713e-01 1.546999999999999981e-03 -9.905640000000000001e-01 -1.370500000000000052e-01 2.090000000000000115e-04
2.700000000000000000e+01 2.000000000000000000e+00 1.900000000000000000e+01 0.000000000000000000e+00 1.600000000000000089e+00 -6.299999999999999990e-05 -2.788000000000000114e-03 -9.999959999999999960e-01 1.403449999999999975e-01 -9.900989999999999513e-01 2.750999999999999973e-03 -9.901029999999999553e-01 -1.403449999999999975e-01 4.530000000000000064e-04
4.000000000000000000e+00 1.300000000000000000e+01 2.000000000000000000e+01 0.000000000000000000e+00 1.600000000000000089e+00 2.910000000000000260e-04 -5.347000000000000190e-03 9.999860000000000415e-01 2.475100000000000078e-01 9.688719999999999555e-01 5.107999999999999693e-03 -9.688849999999999962e-01 2.475050000000000028e-01 1.606000000000000006e-03
1.000000000000000000e+01 1.300000000000000000e+01 2.000000000000000000e+01 0.000000000000000000e+00 1.600000000000000089e+00 -4.710000000000000102e-04 7.129999999999999836e-04 1.000000000000000000e+00 2.488940000000000041e-01 9.685310000000000308e-01 -5.739999999999999660e-04 -9.685310000000000308e-01 2.488940000000000041e-01 -6.329999999999999906e-04
2.200000000000000000e+01 1.300000000000000000e+01 2.000000000000000000e+01 0.000000000000000000e+00 1.600000000000000089e+00 -1.984999999999999785e-03 -3.837999999999999832e-03 9.999909999999999632e-01 2.519199999999999773e-01 9.677390000000000159e-01 4.213999999999999864e-03 -9.677459999999999951e-01 2.519259999999999833e-01 -9.539999999999999869e-04
2.800000000000000000e+01 1.300000000000000000e+01 2.000000000000000000e+01 0.000000000000000000e+00 1.600000000000000089e+00 6.099999999999999872e-05 -4.747999999999999617e-03 9.999890000000000168e-01 2.512079999999999869e-01 9.679219999999999491e-01 4.579999999999999870e-03 -9.679330000000000434e-01 2.512050000000000116e-01 1.252000000000000075e-03
2.500000000000000000e+01 1.600000000000000000e+01 2.100000000000000000e+01 0.000000000000000000e+00 1.600000000000000089e+00 -5.760000000000000146e-04 -5.854999999999999961e-03 9.999829999999999552e-01 2.995849999999999902e-01 9.540520000000000111e-01 5.758000000000000097e-03 -9.540699999999999736e-01 2.995829999999999882e-01 1.204999999999999908e-03
3.000000000000000000e+00 4.600000000000000000e+01 2.700000000000000000e+01 0.000000000000000000e+00 1.600000000000000089e+00 3.159999999999999832e-04 1.704999999999999918e-03 -9.999989999999999712e-01 6.689420000000000366e-01 7.433130000000000015e-01 1.479000000000000063e-03 7.433140000000000303e-01 -6.689420000000000366e-01 -9.060000000000000128e-04
8.000000000000000000e+00 4.600000000000000000e+01 2.700000000000000000e+01 0.000000000000000000e+00 1.600000000000000089e+00 -2.959999999999999958e-03 -3.429999999999999889e-04 -9.999959999999999960e-01 6.703200000000000269e-01 7.420689999999999786e-01 -2.239000000000000105e-03 7.420670000000000321e-01 -6.703230000000000022e-01 -1.966999999999999998e-03
2.900000000000000000e+01 4.600000000000000000e+01 2.700000000000000000e+01 0.000000000000000000e+00 1.600000000000000089e+00 2.439999999999999895e-03 1.547999999999999897e-03 -9.999959999999999960e-01 6.633850000000000025e-01 7.482729999999999659e-01 2.776999999999999955e-03 7.482750000000000234e-01 -6.633890000000000065e-01 7.990000000000000140e-04
6.000000000000000000e+00 4.600000000000000000e+01 3.000000000000000000e+01 0.000000000000000000e+00 1.600000000000000089e+00 -1.139999999999999954e-03 -7.619999999999999820e-04 -9.999989999999999712e-01 3.296749999999999958e-01 9.440939999999999888e-01 -1.095999999999999969e-03 9.440939999999999888e-01 -3.296760000000000246e-01 -8.249999999999999955e-04
1.400000000000000000e+01 4.600000000000000000e+01 3.000000000000000000e+01 0.000000000000000000e+00 1.600000000000000089e+00 1.753000000000000001e-03 1.183999999999999940e-03 -9.999980000000000535e-01 3.275230000000000086e-01 9.448419999999999597e-01 1.693000000000000060e-03 9.448419999999999597e-01 -3.275250000000000106e-01 1.268000000000000030e-03
2.100000000000000000e+01 4.600000000000000000e+01 3.000000000000000000e+01 0.000000000000000000e+00 1.600000000000000089e+00 -8.289999999999999843e-04 -1.461000000000000059e-03 -9.999989999999999712e-01 3.233759999999999968e-01 9.462690000000000268e-01 -1.650999999999999907e-03 9.462699999999999445e-01 -3.233770000000000255e-01 -3.119999999999999944e-04
1.000000000000000000e+00 5.800000000000000000e+01 3.100000000000000000e+01 0.000000000000000000e+00 1.600000000000000089e+00 6.777000000000000038e-03 8.549999999999999658e-04 9.999770000000000048e-01 -7.616370000000000084e-01 -6.479780000000000539e-01 5.715999999999999727e-03 6.479679999999999884e-01 -7.616579999999999462e-01 -3.739999999999999835e-03
6.000000000000000000e+00 5.800000000000000000e+01 3.100000000000000000e+01 0.000000000000000000e+00 1.600000000000000089e+00 2.814999999999999794e-03 -1.245000000000000013e-03 9.999949999999999672e-01 -7.594039999999999679e-01 -6.506189999999999474e-01 1.327999999999999970e-03 6.506140000000000256e-01 -7.594039999999999679e-01 -2.776999999999999955e-03
1.000000000000000000e+01 5.800000000000000000e+01 3.100000000000000000e+01 0.000000000000000000e+00 1.600000000000000089e+00 1.920000000000000049e-03 -1.859999999999999945e-04 9.999980000000000535e-01 -7.607019999999999893e-01 -6.491000000000000103e-01 1.340000000000000045e-03 6.490989999999999815e-01 -7.607030000000000181e-01 -1.387999999999999911e-03
1.800000000000000000e+01 5.800000000000000000e+01 3.100000000000000000e+01 0.000000000000000000e+00 1.600000000000000089e+00 -3.618000000000000122e-03 -4.954000000000000070e-03 9.999810000000000088e-01 -7.700960000000000027e-01 -6.379010000000000513e-01 -5.947000000000000029e-03 6.379179999999999851e-01 -7.701029999999999820e-01 -1.507000000000000093e-03
2.100000000000000000e+01 5.800000000000000000e+01 3.100000000000000000e+01 0.000000000000000000e+00 1.600000000000000089e+00 -3.893999999999999892e-03 -4.837000000000000154e-03 9.999810000000000088e-01 -7.709120000000000417e-01 -6.369120000000000337e-01 -6.082999999999999866e-03 6.369289999999999674e-01 -7.709209999999999674e-01 -1.248999999999999893e-03
2.400000000000000000e+01 5.800000000000000000e+01 3.100000000000000000e+01 0.000000000000000000e+00 1.600000000000000089e+00 -5.507999999999999875e-03 -4.321000000000000188e-03 9.999759999999999760e-01 -7.697040000000000548e-01 -6.383619999999999850e-01 -6.999000000000000013e-03 6.383769999999999722e-01 -7.697239999999999638e-01 1.900000000000000105e-04
2.800000000000000000e+01 5.800000000000000000e+01 3.100000000000000000e+01 0.000000000000000000e+00 1.600000000000000089e+00 -4.760000000000000342e-03 -5.549000000000000113e-03 9.999730000000000008e-01 -7.691270000000000051e-01 -6.390559999999999574e-01 -7.206999999999999865e-03 6.390780000000000349e-01 -7.691409999999999636e-01 -1.224999999999999960e-03
6.000000000000000000e+00 6.000000000000000000e+00 3.200000000000000000e+01 0.000000000000000000e+00 1.600000000000000089e+00 2.037000000000000182e-03 -2.263999999999999953e-03 -9.999949999999999672e-01 2.420440000000000091e-01 9.702640000000000153e-01 -1.704000000000000003e-03 9.702629999999999866e-01 -2.420390000000000041e-01 2.524999999999999901e-03
9.000000000000000000e+00 6.000000000000000000e+00 3.200000000000000000e+01 0.000000000000000000e+00 1.600000000000000089e+00 8.589999999999999546e-04 -1.307000000000000002e-03 -9.999989999999999712e-01 2.445749999999999869e-01 9.696299999999999919e-01 -1.056999999999999997e-03 9.696299999999999919e-01 -2.445740000000000136e-01 1.152999999999999945e-03
2.400000000000000000e+01 6.000000000000000000e+00 3.200000000000000000e+01 0.000000000000000000e+00 1.600000000000000089e+00 1.567000000000000033e-03 1.985999999999999918e-03 -9.999970000000000248e-01 2.296839999999999993e-01 9.732629999999999892e-01 2.292000000000000200e-03 9.732640000000000180e-01 -2.296870000000000023e-01 1.069000000000000072e-03
1.000000000000000000e+01 2.200000000000000000e+01 3.400000000000000000e+01 0.000000000000000000e+00 1.600000000000000089e+00 6.870000000000000022e-04 -1.744000000000000107e-03 9.999980000000000535e-01 3.787800000000000056e-01 -9.254850000000000021e-01 -1.874999999999999931e-03 9.254869999999999486e-01 3.787800000000000056e-01 2.500000000000000120e-05
3.000000000000000000e+00 4.600000000000000000e+01 3.500000000000000000e+01 0.000000000000000000e+00 1.600000000000000089e+00 7.100000000000000462e-05 -1.296999999999999976e-03 -9.999989999999999712e-01 3.849150000000000071e-01 -9.229509999999999659e-01 1.224000000000000045e-03 -9.229519999999999946e-01 -3.849150000000000071e-01 4.339999999999999782e-04
8.000000000000000000e+00 4.600000000000000000e+01 3.500000000000000000e+01 0.000000000000000000e+00 1.600000000000000089e+00 -1.611999999999999935e-03 4.897999999999999576e-03 -9.999869999999999592e-01 3.858050000000000090e-01 -9.225659999999999972e-01 -5.139999999999999604e-03 -9.225790000000000379e-01 -3.858079999999999843e-01 -4.020000000000000136e-04
1.600000000000000000e+01 4.600000000000000000e+01 3.500000000000000000e+01 0.000000000000000000e+00 1.600000000000000089e+00 -8.720000000000000537e-04 -9.899999999999999404e-05 -1.000000000000000000e+00 3.871859999999999746e-01 -9.220009999999999595e-01 -2.460000000000000164e-04 -9.220009999999999595e-01 -3.871859999999999746e-01 8.429999999999999993e-04
2.100000000000000000e+01 4.600000000000000000e+01 3.500000000000000000e+01 0.000000000000000000e+00 1.600000000000000089e+00 -1.700000000000000122e-04 -5.179999999999999709e-03 -9.999869999999999592e-01 3.853269999999999751e-01 -9.227680000000000327e-01 4.714000000000000308e-03 -9.227800000000000447e-01 -3.853210000000000246e-01 2.152999999999999966e-03
2.600000000000000000e+01 4.600000000000000000e+01 3.500000000000000000e+01 0.000000000000000000e+00 1.600000000000000089e+00 -8.899999999999999491e-04 8.000000000000000383e-04 -9.999989999999999712e-01 3.850950000000000206e-01 -9.228760000000000296e-01 -1.080999999999999930e-03 -9.228769999999999474e-01 -3.850950000000000206e-01 5.130000000000000011e-04
3.000000000000000000e+01 4.600000000000000000e+01 3.500000000000000000e+01 0.000000000000000000e+00 1.600000000000000089e+00 -1.100000000000000039e-04 -3.380000000000000192e-03 -9.999940000000000495e-01 3.868249999999999744e-01 -9.221479999999999677e-01 3.075000000000000042e-03 -9.221530000000000005e-01 -3.868219999999999992e-01 1.409000000000000096e-03
5.000000000000000000e+00 9.500000000000000000e+01 3.600000000000000000e+01 0.000000000000000000e+00 1.600000000000000089e+00 2.363000000000000083e-03 7.637999999999999824e-03 9.999679999999999680e-01 9.962090000000000112e-01 8.693599999999999939e-02 -3.017999999999999849e-03 -8.695600000000000551e-02 9.961849999999999872e-01 -7.403999999999999991e-03
9.000000000000000000e+00 9.500000000000000000e+01 3.600000000000000000e+01 0.000000000000000000e+00 1.600000000000000089e+00 -4.898999999999999709e-03 2.170000000000000054e-03 9.999860000000000415e-01 9.961769999999999792e-01 8.723300000000000498e-02 4.690999999999999857e-03 -8.722100000000000686e-02 9.961860000000000159e-01 -2.589000000000000155e-03
1.800000000000000000e+01 9.500000000000000000e+01 3.600000000000000000e+01 0.000000000000000000e+00 1.600000000000000089e+00 -3.648000000000000201e-03 -7.522000000000000040e-03 9.999649999999999928e-01 9.963199999999999834e-01 8.560600000000000154e-02 4.278999999999999818e-03 -8.563500000000000278e-02 9.963009999999999922e-01 7.182000000000000016e-03
2.300000000000000000e+01 9.500000000000000000e+01 3.600000000000000000e+01 0.000000000000000000e+00 1.600000000000000089e+00 -8.790000000000000070e-04 -2.858999999999999996e-03 9.999959999999999960e-01 9.963490000000000402e-01 8.536499999999999644e-02 1.119999999999999902e-03 -8.536799999999999944e-02 9.963459999999999539e-01 2.772999999999999857e-03
2.600000000000000000e+01 9.500000000000000000e+01 3.600000000000000000e+01 0.000000000000000000e+00 1.600000000000000089e+00 3.110000000000000243e-04 -9.329999999999999752e-03 9.999559999999999560e-01 9.961370000000000502e-01 8.781400000000000317e-02 5.100000000000000366e-04 -8.781500000000000417e-02 9.960930000000000062e-01 9.322000000000000425e-03
3.000000000000000000e+00 3.000000000000000000e+00 4.300000000000000000e+01 0.000000000000000000e+00 1.600000000000000089e+00 4.994000000000000175e-03 3.569699999999999956e-02 -9.993499999999999606e-01 7.343840000000000368e-01 -6.784229999999999983e-01 -2.056300000000000142e-02 -6.787159999999999860e-01 -7.338040000000000118e-01 -2.960300000000000084e-02
8.000000000000000000e+00 3.000000000000000000e+00 4.300000000000000000e+01 0.000000000000000000e+00 1.600000000000000089e+00 1.964000000000000034e-03 6.468999999999999924e-03 -9.999770000000000048e-01 7.372459999999999569e-01 -6.756180000000000518e-01 -2.922999999999999817e-03 -6.756219999999999448e-01 -7.372229999999999617e-01 -6.095999999999999856e-03
1.300000000000000000e+01 3.000000000000000000e+00 4.300000000000000000e+01 0.000000000000000000e+00 1.600000000000000089e+00 8.850000000000000444e-04 1.059099999999999972e-02 -9.999430000000000263e-01 7.384619999999999518e-01 -6.742629999999999457e-01 -6.487999999999999844e-03 -6.742939999999999490e-01 -7.384150000000000436e-01 -8.418000000000000135e-03
2.000000000000000000e+01 3.000000000000000000e+00 4.300000000000000000e+01 0.000000000000000000e+00 1.600000000000000089e+00 -1.389999999999999905e-04 -1.557000000000000007e-03 -9.999989999999999712e-01 7.358660000000000201e-01 -6.771270000000000344e-01 9.520000000000000467e-04 -6.771270000000000344e-01 -7.358649999999999913e-01 1.240000000000000000e-03
2.800000000000000000e+01 3.000000000000000000e+00 4.300000000000000000e+01 0.000000000000000000e+00 1.600000000000000089e+00 4.389999999999999914e-04 1.191900000000000077e-02 -9.999289999999999567e-01 7.372360000000000024e-01 -6.755919999999999703e-01 -7.729999999999999892e-03 -6.756360000000000143e-01 -7.371799999999999464e-01 -9.084000000000000061e-03
5.000000000000000000e+00 8.000000000000000000e+00 4.400000000000000000e+01 0.000000000000000000e+00 1.600000000000000089e+00 2.570999999999999935e-03 1.054800000000000008e-02 9.999409999999999688e-01 -7.708949999999999969e-01 -6.369029999999999969e-01 8.699999999999999400e-03 6.369569999999999954e-01 -7.708720000000000017e-01 6.493999999999999773e-03
9.000000000000000000e+00 8.000000000000000000e+00 4.400000000000000000e+01 0.000000000000000000e+00 1.600000000000000089e+00 1.142000000000000003e-03 5.427999999999999665e-03 9.999850000000000128e-01 -7.735670000000000046e-01 -6.337000000000000410e-01 4.322999999999999586e-03 6.337139999999999995e-01 -7.735600000000000254e-01 3.474999999999999790e-03
2.800000000000000000e+01 8.000000000000000000e+00 4.400000000000000000e+01 0.000000000000000000e+00 1.600000000000000089e+00 1.634000000000000036e-03 5.263000000000000317e-03 9.999850000000000128e-01 -7.669500000000000206e-01 -6.416910000000000114e-01 4.629999999999999567e-03 6.417049999999999699e-01 -7.669460000000000166e-01 2.988000000000000204e-03
2.000000000000000000e+00 2.900000000000000000e+01 4.400000000000000000e+01 0.000000000000000000e+00 1.600000000000000089e+00 -2.030000000000000012e-04 1.974000000000000060e-03 -9.999980000000000535e-01 6.691040000000000321e-01 7.431680000000000508e-01 1.332000000000000068e-03 7.431689999999999685e-01 -6.691019999999999746e-01 -1.472000000000000001e-03
9.000000000000000000e+00 2.900000000000000000e+01 4.400000000000000000e+01 0.000000000000000000e+00 1.600000000000000089e+00 -9.650000000000000374e-04 2.086999999999999880e-03 -9.999970000000000248e-01 6.579420000000000268e-01 7.530679999999999596e-01 9.370000000000000074e-04 7.530679999999999596e-01 -6.579399999999999693e-01 -2.099000000000000171e-03
1.200000000000000000e+01 2.900000000000000000e+01 4.400000000000000000e+01 0.000000000000000000e+00 1.600000000000000089e+00 -1.283000000000000069e-03 -1.920999999999999965e-03 -9.999970000000000248e-01 6.579300000000000148e-01 7.530759999999999676e-01 -2.289999999999999935e-03 7.530780000000000252e-01 -6.579310000000000436e-01 2.979999999999999793e-04
2.000000000000000000e+01 2.900000000000000000e+01 4.400000000000000000e+01 0.000000000000000000e+00 1.600000000000000089e+00 -1.210000000000000002e-04 -4.255000000000000102e-03 -9.999909999999999632e-01 6.598840000000000261e-01 7.513600000000000279e-01 -3.276999999999999965e-03 7.513670000000000071e-01 -6.598789999999999933e-01 2.716999999999999797e-03
2.300000000000000000e+01 2.900000000000000000e+01 4.400000000000000000e+01 0.000000000000000000e+00 1.600000000000000089e+00 -1.286000000000000034e-03 -7.255000000000000164e-03 -9.999730000000000008e-01 6.596520000000000161e-01 7.515450000000000186e-01 -6.301000000000000177e-03 7.515699999999999603e-01 -6.596419999999999506e-01 3.818999999999999912e-03
2.700000000000000000e+01 2.900000000000000000e+01 4.400000000000000000e+01 0.000000000000000000e+00 1.600000000000000089e+00 1.039999999999999936e-04 -3.812999999999999983e-03 -9.999930000000000208e-01 6.578889999999999461e-01 7.531099999999999461e-01 -2.802999999999999936e-03 7.531149999999999789e-01 -6.578829999999999956e-01 2.586999999999999890e-03
8.000000000000000000e+00 5.400000000000000000e+01 4.600000000000000000e+01 0.000000000000000000e+00 1.600000000000000089e+00 1.048000000000000103e-03 -3.474999999999999790e-03 9.999930000000000208e-01 3.573060000000000125e-01 -9.339800000000000324e-01 -3.619999999999999954e-03 9.339870000000000116e-01 3.573069999999999857e-01 2.629999999999999959e-04
1.000000000000000000e+01 6.500000000000000000e+01 4.600000000000000000e+01 0.000000000000000000e+00 1.600000000000000089e+00 -2.549000000000000050e-03 3.713000000000000154e-03 9.999900000000000455e-01 6.818539999999999601e-01 -7.314749999999999863e-01 4.453999999999999626e-03 7.314840000000000231e-01 6.818579999999999641e-01 -6.669999999999999497e-04
2.300000000000000000e+01 7.000000000000000000e+01 4.700000000000000000e+01 0.000000000000000000e+00 1.600000000000000089e+00 -2.010000000000000068e-04 1.150999999999999896e-03 -9.999989999999999712e-01 -8.429229999999999778e-01 -5.380340000000000122e-01 -4.499999999999999877e-04 -5.380340000000000122e-01 8.429219999999999491e-01 1.077999999999999965e-03
5.000000000000000000e+00 5.000000000000000000e+00 5.100000000000000000e+01 0.000000000000000000e+00 1.600000000000000089e+00 3.367000000000000201e-03 1.086400000000000039e-02 -9.999350000000000183e-01 4.904220000000000246e-01 -8.714499999999999469e-01 -7.816999999999999296e-03 -8.714790000000000036e-01 -4.903640000000000221e-01 -8.262000000000000247e-03
2.100000000000000000e+01 1.500000000000000000e+01 5.300000000000000000e+01 0.000000000000000000e+00 1.600000000000000089e+00 2.260999999999999989e-03 3.899999999999999821e-03 -9.999900000000000455e-01 6.755710000000000326e-01 7.372819999999999929e-01 4.402999999999999796e-03 7.372910000000000297e-01 -6.755740000000000078e-01 -9.680000000000000019e-04
4.000000000000000000e+00 6.300000000000000000e+01 5.400000000000000000e+01 0.000000000000000000e+00 1.600000000000000089e+00 -1.155999999999999910e-03 -2.779999999999999811e-04 9.999989999999999712e-01 -3.438539999999999930e-01 9.390230000000000521e-01 -1.359999999999999989e-04 -9.390220000000000233e-01 -3.438539999999999930e-01 -1.180999999999999975e-03
9.000000000000000000e+00 6.300000000000000000e+01 5.400000000000000000e+01 0.000000000000000000e+00 1.600000000000000089e+00 5.270000000000000162e-04 -1.018999999999999941e-03 9.999989999999999712e-01 -3.423109999999999764e-01 9.395860000000000323e-01 1.137999999999999906e-03 -9.395869999999999500e-01 -3.423109999999999764e-01 1.469999999999999953e-04
2.000000000000000000e+01 6.300000000000000000e+01 5.400000000000000000e+01 0.000000000000000000e+00 1.600000000000000089e+00 1.108000000000000044e-03 -1.361999999999999929e-03 9.999989999999999712e-01 -3.572949999999999737e-01 9.339899999999999869e-01 1.668999999999999911e-03 -9.339910000000000156e-01 -3.572960000000000025e-01 5.479999999999999845e-04
2.600000000000000000e+01 6.300000000000000000e+01 5.400000000000000000e+01 0.000000000000000000e+00 1.600000000000000089e+00 -1.624000000000000010e-03 -2.969999999999999984e-03 9.999940000000000495e-01 -3.535269999999999802e-01 9.354219999999999757e-01 2.203999999999999796e-03 -9.354230000000000045e-01 -3.535209999999999742e-01 -2.569000000000000103e-03
3.000000000000000000e+00 2.500000000000000000e+01 5.500000000000000000e+01 0.000000000000000000e+00 1.600000000000000089e+00 -1.691999999999999928e-03 -2.199000000000000000e-03 -9.999959999999999960e-01 -9.166999999999999801e-03 -9.999559999999999560e-01 2.214999999999999955e-03 -9.999569999999999848e-01 9.169999999999999332e-03 1.670999999999999959e-03
6.000000000000000000e+00 2.500000000000000000e+01 5.500000000000000000e+01 0.000000000000000000e+00 1.600000000000000089e+00 -3.570000000000000040e-04 7.579999999999999932e-04 -1.000000000000000000e+00 -9.657000000000000653e-03 -9.999529999999999808e-01 -7.550000000000000287e-04 -9.999529999999999808e-01 9.657000000000000653e-03 3.649999999999999816e-04
1.100000000000000000e+01 2.500000000000000000e+01 5.500000000000000000e+01 0.000000000000000000e+00 1.600000000000000089e+00 7.370000000000000249e-04 1.998000000000000210e-03 -9.999980000000000535e-01 -1.000000000000000021e-02 -9.999479999999999480e-01 -2.004999999999999838e-03 -9.999500000000000055e-01 1.000200000000000047e-02 -7.169999999999999724e-04
1.500000000000000000e+01 2.500000000000000000e+01 5.500000000000000000e+01 0.000000000000000000e+00 1.600000000000000089e+00 -2.660000000000000146e-04 8.799999999999999771e-05 -1.000000000000000000e+00 -1.072999999999999995e-02 -9.999419999999999975e-01 -8.500000000000000611e-05 -9.999419999999999975e-01 1.072999999999999995e-02 2.669999999999999847e-04
2.200000000000000000e+01 2.500000000000000000e+01 5.500000000000000000e+01 0.000000000000000000e+00 1.600000000000000089e+00 9.899999999999999404e-05 2.435999999999999797e-03 -9.999970000000000248e-01 -9.440999999999999739e-03 -9.999519999999999520e-01 -2.435999999999999797e-03 -9.999550000000000383e-01 9.440999999999999739e-03 -7.600000000000000418e-05
2.900000000000000000e+01 2.500000000000000000e+01 5.500000000000000000e+01 0.000000000000000000e+00 1.600000000000000089e+00 1.119999999999999983e-04 -7.707999999999999574e-03 -9.999700000000000255e-01 -1.104600000000000026e-02 -9.999090000000000478e-01 7.707000000000000309e-03 -9.999390000000000223e-01 1.104499999999999926e-02 -1.969999999999999909e-04
1.000000000000000000e+01 7.000000000000000000e+00 6.000000000000000000e+01 0.000000000000000000e+00 1.600000000000000089e+00 1.459999999999999926e-03 7.157000000000000167e-03 9.999730000000000008e-01 5.663949999999999818e-01 -8.241180000000000172e-01 5.070999999999999987e-03 8.241319999999999757e-01 5.663730000000000153e-01 -5.257000000000000388e-03
1.600000000000000000e+01 7.000000000000000000e+00 6.000000000000000000e+01 0.000000000000000000e+00 1.600000000000000089e+00 1.759999999999999954e-04 5.572999999999999829e-03 9.999850000000000128e-01 5.655240000000000267e-01 -8.247189999999999799e-01 4.497000000000000129e-03 8.247320000000000206e-01 5.655149999999999899e-01 -3.295999999999999885e-03
2.000000000000000000e+01 7.000000000000000000e+00 6.000000000000000000e+01 0.000000000000000000e+00 1.600000000000000089e+00 4.065000000000000037e-03 3.818000000000000213e-03 9.999839999999999840e-01 5.622580000000000355e-01 -8.269609999999999461e-01 8.720000000000000537e-04 8.269520000000000204e-01 5.622460000000000235e-01 -5.507999999999999875e-03
2.000000000000000000e+00 2.100000000000000000e+01 6.000000000000000000e+01 0.000000000000000000e+00 1.600000000000000089e+00 1.082999999999999978e-03 1.013799999999999944e-02 9.999479999999999480e-01 -9.715699999999999337e-02 9.952189999999999648e-01 -9.985000000000000819e-03 -9.952680000000000415e-01 -9.714100000000000512e-02 2.063000000000000164e-03
1.800000000000000000e+01 2.100000000000000000e+01 6.000000000000000000e+01 0.000000000000000000e+00 1.600000000000000089e+00 -7.150000000000000322e-04 8.989999999999999511e-04 9.999989999999999712e-01 -9.750100000000000433e-02 9.952349999999999808e-01 -9.640000000000000131e-04 -9.952349999999999808e-01 -9.750200000000000533e-02 -6.239999999999999887e-04
2.200000000000000000e+01 2.100000000000000000e+01 6.000000000000000000e+01 0.000000000000000000e+00 1.600000000000000089e+00 -2.359999999999999902e-04 2.380000000000000171e-03 9.999970000000000248e-01 -9.704400000000000526e-02 9.952769999999999673e-01 -2.392000000000000029e-03 -9.952800000000000535e-01 -9.704400000000000526e-02 -3.999999999999999819e-06
9.000000000000000000e+00 6.000000000000000000e+00 6.100000000000000000e+01 0.000000000000000000e+00 1.600000000000000089e+00 4.180000000000000230e-04 2.292999999999999899e-03 9.999970000000000248e-01 5.589490000000000292e-01 -8.292000000000000481e-01 1.667000000000000079e-03 8.292019999999999946e-01 5.589469999999999716e-01 -1.628000000000000107e-03
1.600000000000000000e+01 4.000000000000000000e+00 6.200000000000000000e+01 0.000000000000000000e+00 1.600000000000000089e+00 -1.378000000000000102e-03 -5.689999999999999529e-04 9.999989999999999712e-01 -6.175749999999999851e-01 7.865119999999999889e-01 -4.029999999999999837e-04 -7.865109999999999602e-01 -6.175749999999999851e-01 -1.435000000000000078e-03
2.700000000000000000e+01 4.000000000000000000e+00 6.200000000000000000e+01 0.000000000000000000e+00 1.600000000000000089e+00 -7.619999999999999820e-04 6.582000000000000177e-03 9.999780000000000335e-01 -6.164290000000000047e-01 7.873900000000000343e-01 -5.653000000000000039e-03 -7.874100000000000543e-01 -6.164199999999999680e-01 3.458000000000000136e-03
3.000000000000000000e+01 4.000000000000000000e+00 6.200000000000000000e+01 0.000000000000000000e+00 1.600000000000000089e+00 3.787000000000000002e-03 6.930999999999999661e-03 9.999689999999999968e-01 -6.166369999999999907e-01 7.872419999999999973e-01 -3.121000000000000076e-03 -7.872390000000000221e-01 -6.166059999999999874e-01 7.255000000000000164e-03
3.000000000000000000e+00 2.700000000000000000e+01 6.300000000000000000e+01 0.000000000000000000e+00 1.600000000000000089e+00 3.510000000000000208e-04 2.703999999999999806e-03 9.999959999999999960e-01 -2.775119999999999809e-01 9.607189999999999896e-01 -2.501000000000000185e-03 -9.607219999999999649e-01 -2.775099999999999789e-01 1.087999999999999991e-03
6.000000000000000000e+00 2.700000000000000000e+01 6.300000000000000000e+01 0.000000000000000000e+00 1.600000000000000089e+00 1.115000000000000106e-03 2.263999999999999953e-03 9.999970000000000248e-01 -2.772299999999999764e-01 9.608020000000000449e-01 -1.866000000000000037e-03 -9.608029999999999626e-01 -2.772270000000000012e-01 1.698999999999999989e-03
1.100000000000000000e+01 2.700000000000000000e+01 6.300000000000000000e+01 0.000000000000000000e+00 1.600000000000000089e+00 8.620000000000000275e-04 4.185000000000000352e-03 9.999909999999999632e-01 -2.798519999999999897e-01 9.600360000000000005e-01 -3.775999999999999843e-03 -9.600429999999999797e-01 -2.798459999999999837e-01 1.998999999999999909e-03
1.600000000000000000e+01 2.700000000000000000e+01 6.300000000000000000e+01 0.000000000000000000e+00 1.600000000000000089e+00 -2.020000000000000094e-03 1.041999999999999958e-03 9.999970000000000248e-01 -2.772160000000000180e-01 9.608060000000000489e-01 -1.561000000000000104e-03 -9.608060000000000489e-01 -2.772180000000000200e-01 -1.652000000000000040e-03
2.200000000000000000e+01 2.700000000000000000e+01 6.300000000000000000e+01 0.000000000000000000e+00 1.600000000000000089e+00 2.213999999999999822e-03 -1.441999999999999922e-03 9.999959999999999960e-01 -2.713229999999999809e-01 9.624859999999999527e-01 1.988000000000000184e-03 -9.624859999999999527e-01 -2.713260000000000116e-01 1.740000000000000010e-03
2.800000000000000000e+01 2.700000000000000000e+01 6.300000000000000000e+01 0.000000000000000000e+00 1.600000000000000089e+00 2.086000000000000180e-03 -1.161700000000000059e-02 9.999299999999999855e-01 -2.765050000000000008e-01 9.609410000000000451e-01 1.174099999999999970e-02 -9.610100000000000309e-01 -2.765099999999999780e-01 -1.206999999999999957e-03
7.000000000000000000e+00 2.600000000000000000e+01 6.400000000000000000e+01 0.000000000000000000e+00 1.600000000000000089e+00 1.449999999999999900e-03 3.798999999999999860e-03 9.999919999999999920e-01 -3.474459999999999771e-01 9.376949999999999452e-01 -3.059000000000000087e-03 -9.376989999999999492e-01 -3.474380000000000246e-01 2.680000000000000090e-03
1.200000000000000000e+01 2.600000000000000000e+01 6.400000000000000000e+01 0.000000000000000000e+00 1.600000000000000089e+00 3.910000000000000172e-04 3.059000000000000087e-03 9.999949999999999672e-01 -3.475119999999999876e-01 9.376710000000000322e-01 -2.732000000000000053e-03 -9.376750000000000362e-01 -3.475090000000000123e-01 1.428999999999999932e-03
1.600000000000000000e+01 2.600000000000000000e+01 6.400000000000000000e+01 0.000000000000000000e+00 1.600000000000000089e+00 -2.805999999999999901e-03 5.169999999999999899e-04 9.999959999999999960e-01 -3.438709999999999822e-01 9.390159999999999618e-01 -1.451000000000000033e-03 -9.390129999999999866e-01 -3.438740000000000130e-01 -2.458000000000000115e-03
2.200000000000000000e+01 2.600000000000000000e+01 6.400000000000000000e+01 0.000000000000000000e+00 1.600000000000000089e+00 1.941000000000000017e-03 -3.644999999999999803e-03 9.999909999999999632e-01 -3.405750000000000166e-01 9.402080000000000437e-01 4.087999999999999620e-03 -9.402150000000000230e-01 -3.405799999999999939e-01 5.839999999999999922e-04
