2.000000000000000000e+00 2.500000000000000000e+01 1.000000000000000000e+00 0.000000000000000000e+00 1.600000000000000089e+00 1.150000000000000035e-04 -5.204000000000000292e-03 -9.999869999999999592e-01 -5.304959999999999676e-01 -8.476759999999999851e-01 4.350999999999999833e-03 -8.476869999999999683e-01 5.304879999999999596e-01 -2.857999999999999863e-03
2.200000000000000000e+01 2.500000000000000000e+01 1.000000000000000000e+00 0.000000000000000000e+00 1.600000000000000089e+00 -1.360000000000000098e-03 2.999999999999999737e-04 -9.999989999999999712e-01 -5.313250000000000473e-01 -8.471680000000000321e-01 4.679999999999999915e-04 -8.471670000000000034e-01 5.313250000000000473e-01 1.311000000000000099e-03
5.000000000000000000e+00 1.500000000000000000e+01 4.000000000000000000e+00 0.000000000000000000e+00 1.600000000000000089e+00 -3.879999999999999985e-04 5.460999999999999709e-03 9.999850000000000128e-01 3.225839999999999819e-01 -9.465259999999999785e-01 5.294000000000000095e-03 9.465409999999999657e-01 3.225810000000000066e-01 -1.394000000000000057e-03
1.000000000000000000e+01 1.500000000000000000e+01 4.000000000000000000e+00 0.000000000000000000e+00 1.600000000000000089e+00 -3.480000000000000020e-03 -4.714000000000000308e-03 9.999829999999999552e-01 3.181669999999999776e-01 -9.480290000000000106e-01 -3.361999999999999971e-03 9.480279999999999818e-01 3.181499999999999884e-01 4.799000000000000314e-03
1.400000000000000000e+01 1.500000000000000000e+01 4.000000000000000000e+00 0.000000000000000000e+00 1.600000000000000089e+00 9.009999999999999997e-04 3.340000000000000087e-03 9.999940000000000495e-01 3.189819999999999878e-01 -9.477560000000000429e-01 2.877999999999999916e-03 9.477600000000000469e-01 3.189779999999999838e-01 -1.918999999999999916e-03
2.000000000000000000e+01 1.500000000000000000e+01 4.000000000000000000e+00 0.000000000000000000e+00 1.600000000000000089e+00 6.549999999999999833e-04 2.167999999999999788e-03 9.999970000000000248e-01 3.257720000000000060e-01 -9.454470000000000374e-01 1.835999999999999958e-03 9.454479999999999551e-01 3.257700000000000040e-01 -1.325000000000000006e-03
2.300000000000000000e+01 1.500000000000000000e+01 4.000000000000000000e+00 0.000000000000000000e+00 1.600000000000000089e+00 -5.950000000000000427e-04 -3.197000000000000189e-03 9.999949999999999672e-01 3.182440000000000269e-01 -9.480049999999999866e-01 -2.841999999999999908e-03 9.480089999999999906e-01 3.182400000000000229e-01 1.580999999999999940e-03
3.000000000000000000e+00 1.010000000000000000e+02 7.000000000000000000e+00 0.000000000000000000e+00 1.600000000000000089e+00 -2.536000000000000060e-03 4.968000000000000194e-03 9.999839999999999840e-01 8.891000000000000014e-01 4.577140000000000097e-01 -1.900000000000000105e-05 -4.577069999999999750e-01 8.890860000000000429e-01 -5.577000000000000360e-03
7.000000000000000000e+00 1.010000000000000000e+02 7.000000000000000000e+00 0.000000000000000000e+00 1.600000000000000089e+00 -2.369999999999999874e-04 4.503000000000000058e-03 9.999900000000000455e-01 8.893860000000000099e-01 4.571529999999999760e-01 -1.846999999999999901e-03 -4.571569999999999800e-01 8.893769999999999731e-01 -4.113000000000000336e-03
1.300000000000000000e+01 1.010000000000000000e+02 7.000000000000000000e+00 0.000000000000000000e+00 1.600000000000000089e+00 -2.259999999999999910e-04 2.073000000000000190e-03 9.999980000000000535e-01 8.900219999999999798e-01 4.559170000000000167e-01 -7.439999999999999782e-04 -4.559179999999999899e-01 8.900200000000000333e-01 -1.948000000000000079e-03
1.100000000000000000e+01 2.500000000000000000e+01 8.000000000000000000e+00 0.000000000000000000e+00 1.600000000000000089e+00 6.570000000000000319e-04 -1.810000000000000085e-04 -1.000000000000000000e+00 4.480480000000000018e-01 8.940090000000000536e-01 1.330000000000000073e-04 8.940090000000000536e-01 -4.480480000000000018e-01 6.689999999999999983e-04
1.600000000000000000e+01 2.500000000000000000e+01 8.000000000000000000e+00 0.000000000000000000e+00 1.600000000000000089e+00 -5.050000000000000235e-04 -4.616000000000000311e-03 -9.999890000000000168e-01 4.484079999999999733e-01 8.938180000000000014e-01 -4.351999999999999966e-03 8.938289999999999846e-01 -4.484060000000000268e-01 1.618999999999999996e-03
2.300000000000000000e+01 2.500000000000000000e+01 8.000000000000000000e+00 0.000000000000000000e+00 1.600000000000000089e+00 2.454000000000000018e-03 8.049999999999999864e-03 -9.999649999999999928e-01 4.480430000000000246e-01 8.939730000000000176e-01 8.295999999999999555e-03 8.940090000000000536e-01 -4.480480000000000018e-01 -1.412999999999999977e-03
2.900000000000000000e+01 2.500000000000000000e+01 8.000000000000000000e+00 0.000000000000000000e+00 1.600000000000000089e+00 7.780000000000000457e-04 5.830000000000000113e-03 -9.999829999999999552e-01 4.445299999999999807e-01 8.957469999999999599e-01 5.568000000000000033e-03 8.957640000000000047e-01 -4.445259999999999767e-01 -1.894000000000000067e-03
8.000000000000000000e+00 2.400000000000000000e+01 9.000000000000000000e+00 0.000000000000000000e+00 1.600000000000000089e+00 -2.200000000000000078e-04 8.559999999999999901e-04 -1.000000000000000000e+00 4.521049999999999791e-01 8.919650000000000079e-01 6.639999999999999852e-04 8.919650000000000079e-01 -4.521049999999999791e-01 -5.839999999999999922e-04
1.300000000000000000e+01 2.400000000000000000e+01 9.000000000000000000e+00 0.000000000000000000e+00 1.600000000000000089e+00 1.700000000000000122e-04 2.759999999999999867e-04 -1.000000000000000000e+00 4.536220000000000252e-01 8.911940000000000417e-01 3.229999999999999907e-04 8.911940000000000417e-01 -4.536220000000000252e-01 2.699999999999999899e-05
1.500000000000000000e+01 2.400000000000000000e+01 9.000000000000000000e+00 0.000000000000000000e+00 1.600000000000000089e+00 -2.519999999999999996e-04 -2.753999999999999938e-03 -9.999959999999999960e-01 4.537169999999999814e-01 8.911419999999999897e-01 -2.567999999999999970e-03 8.911459999999999937e-01 -4.537160000000000082e-01 1.025000000000000086e-03
2.300000000000000000e+01 2.400000000000000000e+01 9.000000000000000000e+00 0.000000000000000000e+00 1.600000000000000089e+00 2.889000000000000075e-03 8.885000000000000536e-03 -9.999559999999999560e-01 4.521490000000000231e-01 8.918939999999999646e-01 9.230999999999999622e-03 8.919369999999999798e-01 -4.521560000000000024e-01 -1.441000000000000007e-03
3.000000000000000000e+01 2.400000000000000000e+01 9.000000000000000000e+00 0.000000000000000000e+00 1.600000000000000089e+00 -6.290000000000000018e-04 4.066000000000000170e-03 -9.999919999999999920e-01 4.487869999999999915e-01 8.936319999999999819e-01 3.351999999999999945e-03 8.936380000000000434e-01 -4.487809999999999855e-01 -2.386999999999999799e-03
2.000000000000000000e+01 4.000000000000000000e+00 1.100000000000000000e+01 0.000000000000000000e+00 1.600000000000000089e+00 9.009999999999999997e-04 9.946999999999999245e-03 -9.999500000000000055e-01 2.327440000000000064e-01 9.724880000000000191e-01 9.884000000000000424e-03 9.725380000000000136e-01 -2.327410000000000034e-01 -1.438999999999999958e-03
2.300000000000000000e+01 4.000000000000000000e+00 1.100000000000000000e+01 0.000000000000000000e+00 1.600000000000000089e+00 -5.035999999999999678e-03 -2.854299999999999893e-02 -9.995800000000000241e-01 2.368389999999999940e-01 9.711180000000000367e-01 -2.892300000000000079e-02 9.715359999999999552e-01 -2.368850000000000122e-01 1.869000000000000002e-03
4.000000000000000000e+00 3.100000000000000000e+01 1.200000000000000000e+01 0.000000000000000000e+00 1.600000000000000089e+00 -9.049999999999999885e-04 -2.785999999999999848e-03 9.999959999999999960e-01 -4.000000000000000327e-05 9.999959999999999960e-01 2.785999999999999848e-03 -1.000000000000000000e+00 -3.699999999999999811e-05 -9.049999999999999885e-04
1.100000000000000000e+01 3.100000000000000000e+01 1.200000000000000000e+01 0.000000000000000000e+00 1.600000000000000089e+00 6.030000000000000204e-04 2.223999999999999849e-03 9.999970000000000248e-01 8.400000000000000348e-04 9.999970000000000248e-01 -2.223999999999999849e-03 -9.999989999999999712e-01 8.419999999999999750e-04 6.009999999999999717e-04
1.500000000000000000e+01 3.100000000000000000e+01 1.200000000000000000e+01 0.000000000000000000e+00 1.600000000000000089e+00 5.649999999999999641e-04 3.445000000000000145e-03 9.999940000000000495e-01 4.142999999999999981e-03 9.999850000000000128e-01 -3.448000000000000110e-03 -9.999909999999999632e-01 4.145000000000000247e-03 5.509999999999999490e-04
2.100000000000000000e+01 3.100000000000000000e+01 1.200000000000000000e+01 0.000000000000000000e+00 1.600000000000000089e+00 -6.849999999999999535e-04 1.268000000000000030e-03 9.999989999999999712e-01 6.071000000000000008e-03 9.999810000000000088e-01 -1.263999999999999933e-03 -9.999810000000000088e-01 6.069999999999999875e-03 -6.930000000000000396e-04
2.500000000000000000e+01 3.100000000000000000e+01 1.200000000000000000e+01 0.000000000000000000e+00 1.600000000000000089e+00 -4.600000000000000139e-04 5.001000000000000237e-03 9.999869999999999592e-01 5.996999999999999727e-03 9.999700000000000255e-01 -4.998999999999999971e-03 -9.999820000000000375e-01 5.994000000000000196e-03 -4.899999999999999842e-04
3.000000000000000000e+00 3.500000000000000000e+01 1.200000000000000000e+01 0.000000000000000000e+00 1.600000000000000089e+00 -4.830000000000000092e-03 5.109999999999999959e-03 -9.999749999999999472e-01 5.556889999999999885e-01 -8.313620000000000454e-01 -6.932999999999999927e-03 -8.313760000000000039e-01 -5.557079999999999798e-01 1.175999999999999962e-03
1.000000000000000000e+01 3.500000000000000000e+01 1.200000000000000000e+01 0.000000000000000000e+00 1.600000000000000089e+00 -9.790000000000000525e-04 6.546999999999999868e-03 -9.999780000000000335e-01 5.795219999999999816e-01 -8.149349999999999650e-01 -5.903000000000000261e-03 -8.149560000000000137e-01 -5.795150000000000023e-01 -2.997000000000000098e-03
1.400000000000000000e+01 3.500000000000000000e+01 1.200000000000000000e+01 0.000000000000000000e+00 1.600000000000000089e+00 6.380000000000000037e-04 4.158000000000000237e-03 -9.999909999999999632e-01 5.932359999999999856e-01 -8.050230000000000441e-01 -2.968999999999999851e-03 -8.050279999999999658e-01 -5.932290000000000063e-01 -2.981000000000000143e-03
5.000000000000000000e+00 3.200000000000000000e+01 1.400000000000000000e+01 0.000000000000000000e+00 1.600000000000000089e+00 2.083000000000000216e-03 -1.941000000000000017e-03 -9.999959999999999960e-01 1.025039999999999979e-01 9.947310000000000318e-01 -1.717999999999999909e-03 9.947300000000000031e-01 -1.024999999999999939e-01 2.271000000000000015e-03
1.700000000000000000e+01 3.200000000000000000e+01 1.400000000000000000e+01 0.000000000000000000e+00 1.600000000000000089e+00 5.800000000000000034e-05 7.550000000000000287e-04 -1.000000000000000000e+00 9.904599999999999516e-02 9.950830000000000508e-01 7.569999999999999689e-04 9.950830000000000508e-01 -9.904599999999999516e-02 -1.699999999999999987e-05
4.000000000000000000e+00 1.200000000000000000e+01 1.500000000000000000e+01 0.000000000000000000e+00 1.600000000000000089e+00 1.640000000000000019e-04 -9.620999999999999344e-03 -9.999540000000000095e-01 -4.723539999999999961e-01 -8.813689999999999580e-01 8.401999999999999746e-03 -8.814089999999999980e-01 4.723300000000000276e-01 -4.688999999999999592e-03
1.000000000000000000e+01 1.200000000000000000e+01 1.500000000000000000e+01 0.000000000000000000e+00 1.600000000000000089e+00 1.124999999999999915e-03 3.572000000000000088e-03 -9.999930000000000208e-01 -4.718019999999999992e-01 -8.816969999999999530e-01 -3.680000000000000111e-03 -8.817040000000000433e-01 4.718029999999999724e-01 6.939999999999999555e-04
1.600000000000000000e+01 1.200000000000000000e+01 1.500000000000000000e+01 0.000000000000000000e+00 1.600000000000000089e+00 6.639999999999999852e-04 1.778000000000000067e-03 -9.999980000000000535e-01 -4.717580000000000107e-01 -8.817260000000000097e-01 -1.881000000000000076e-03 -8.817279999999999562e-01 4.717580000000000107e-01 2.530000000000000239e-04
2.000000000000000000e+01 1.200000000000000000e+01 1.500000000000000000e+01 0.000000000000000000e+00 1.600000000000000089e+00 1.137999999999999906e-03 1.039999999999999909e-03 -9.999989999999999712e-01 -4.721380000000000021e-01 -8.815229999999999455e-01 -1.454999999999999913e-03 -8.815239999999999743e-01 4.721389999999999754e-01 -5.119999999999999768e-04
2.700000000000000000e+01 1.200000000000000000e+01 1.500000000000000000e+01 0.000000000000000000e+00 1.600000000000000089e+00 9.749999999999999552e-04 6.441999999999999810e-03 -9.999789999999999512e-01 -4.679420000000000246e-01 -8.837380000000000235e-01 -6.150000000000000085e-03 -8.837580000000000435e-01 4.679380000000000206e-01 2.152999999999999966e-03
5.000000000000000000e+00 1.100000000000000000e+01 1.600000000000000000e+01 0.000000000000000000e+00 1.600000000000000089e+00 3.699999999999999947e-04 -7.105000000000000204e-03 -9.999749999999999472e-01 -4.149370000000000003e-01 -9.098279999999999701e-01 6.310999999999999770e-03 -9.098500000000000476e-01 4.149249999999999883e-01 -3.285000000000000159e-03
1.100000000000000000e+01 1.100000000000000000e+01 1.600000000000000000e+01 0.000000000000000000e+00 1.600000000000000089e+00 5.249999999999999676e-04 2.549000000000000050e-03 -9.999970000000000248e-01 -4.174579999999999957e-01 -9.086929999999999730e-01 -2.534999999999999927e-03 -9.086959999999999482e-01 4.174579999999999957e-01 5.869999999999999567e-04
8.000000000000000000e+00 1.160000000000000000e+02 1.600000000000000000e+01 0.000000000000000000e+00 1.600000000000000089e+00 1.753999999999999917e-03 1.113000000000000057e-03 9.999980000000000535e-01 7.890819999999999501e-01 6.142840000000000522e-01 -2.067999999999999960e-03 -6.142849999999999699e-01 7.890840000000000076e-01 2.000000000000000096e-04
1.000000000000000000e+01 1.160000000000000000e+02 1.600000000000000000e+01 0.000000000000000000e+00 1.600000000000000089e+00 1.595000000000000064e-03 4.640000000000000027e-04 9.999989999999999712e-01 7.854879999999999640e-01 6.188749999999999529e-01 -1.539999999999999919e-03 -6.188749999999999529e-01 7.854889999999999928e-01 6.229999999999999644e-04
4.000000000000000000e+00 2.000000000000000000e+00 1.900000000000000000e+01 0.000000000000000000e+00 1.600000000000000089e+00 1.425099999999999978e-02 8.090999999999999234e-03 -9.998660000000000325e-01 2.444949999999999901e-01 -9.696409999999999751e-01 -4.362000000000000426e-03 -9.695460000000000189e-01 -2.444000000000000061e-01 -1.579699999999999854e-02
1.300000000000000000e+01 2.000000000000000000e+00 1.900000000000000000e+01 0.000000000000000000e+00 1.600000000000000089e+00 9.062999999999999876e-03 -1.321600000000000032e-02 -9.998719999999999830e-01 2.290179999999999993e-01 -9.733079999999999510e-01 1.494000000000000015e-02 -9.733800000000000230e-01 -2.291239999999999943e-01 -5.793999999999999671e-03
1.800000000000000000e+01 2.000000000000000000e+00 1.900000000000000000e+01 0.000000000000000000e+00 1.600000000000000089e+00 4.066000000000000170e-03 -1.577699999999999936e-02 -9.998669999999999503e-01 2.239810000000000134e-01 -9.744570000000000176e-01 1.628699999999999939e-02 -9.745850000000000346e-01 -2.240179999999999949e-01 -4.279999999999999950e-04
2.400000000000000000e+01 2.000000000000000000e+00 1.900000000000000000e+01 0.000000000000000000e+00 1.600000000000000089e+00 -3.069999999999999812e-03 1.487000000000000040e-03 -9.999940000000000495e-01 2.160930000000000073e-01 -9.763709999999999889e-01 -2.115000000000000126e-03 -9.763680000000000136e-01 -2.160980000000000123e-01 2.677000000000000126e-03
3.000000000000000000e+01 2.000000000000000000e+00 1.900000000000000000e+01 0.000000000000000000e+00 1.600000000000000089e+00 2.919999999999999961e-04 -3.302999999999999946e-03 -9.999949999999999672e-01 2.168120000000000047e-01 -9.762079999999999647e-01 3.288000000000000124e-03 -9.762129999999999974e-01 -2.168120000000000047e-01 4.310000000000000137e-04
5.000000000000000000e+00 3.000000000000000000e+00 1.900000000000000000e+01 0.000000000000000000e+00 1.600000000000000089e+00 1.445199999999999957e-02 9.631999999999999937e-03 -9.998489999999999878e-01 2.547010000000000107e-01 -9.670039999999999747e-01 -5.634000000000000119e-03 -9.669119999999999937e-01 -2.545810000000000017e-01 -1.642800000000000163e-02
7.000000000000000000e+00 3.000000000000000000e+00 1.900000000000000000e+01 0.000000000000000000e+00 1.600000000000000089e+00 9.397000000000000838e-03 1.143399999999999972e-02 -9.998899999999999455e-01 2.427350000000000063e-01 -9.700530000000000541e-01 -8.812000000000000388e-03 -9.700469999999999926e-01 -2.426250000000000073e-01 -1.189100000000000053e-02
4.000000000000000000e+00 4.000000000000000000e+00 2.000000000000000000e+01 0.000000000000000000e+00 1.600000000000000089e+00 7.738000000000000086e-03 1.258699999999999923e-02 -9.998909999999999743e-01 3.867019999999999902e-01 -9.221639999999999837e-01 -8.616000000000000394e-03 -9.221719999999999917e-01 -3.865930000000000200e-01 -1.200299999999999978e-02
7.000000000000000000e+00 4.000000000000000000e+00 2.000000000000000000e+01 0.000000000000000000e+00 1.600000000000000089e+00 1.054999999999999948e-03 1.568500000000000102e-02 -9.998759999999999870e-01 3.656269999999999798e-01 -9.306529999999999525e-01 -1.421299999999999994e-02 -9.307609999999999495e-01 -3.655660000000000021e-01 -6.716999999999999880e-03
2.800000000000000000e+01 4.000000000000000000e+00 2.000000000000000000e+01 0.000000000000000000e+00 1.600000000000000089e+00 1.343000000000000010e-03 -3.877999999999999937e-03 -9.999919999999999920e-01 3.369909999999999850e-01 -9.414989999999999748e-01 4.104000000000000009e-03 -9.415069999999999828e-01 -3.369929999999999870e-01 4.199999999999999768e-05
6.000000000000000000e+00 1.300000000000000000e+01 2.000000000000000000e+01 0.000000000000000000e+00 1.600000000000000089e+00 2.135999999999999878e-03 3.018999999999999982e-03 9.999930000000000208e-01 2.594830000000000192e-01 9.657409999999999606e-01 -3.468999999999999861e-03 -9.657449999999999646e-01 2.594890000000000252e-01 1.278999999999999972e-03
1.000000000000000000e+01 1.300000000000000000e+01 2.000000000000000000e+01 0.000000000000000000e+00 1.600000000000000089e+00 6.639999999999999852e-04 2.144000000000000072e-03 9.999970000000000248e-01 2.586740000000000150e-01 9.659619999999999873e-01 -2.243000000000000202e-03 -9.659640000000000448e-01 2.586749999999999883e-01 8.700000000000000051e-05
2.100000000000000000e+01 1.300000000000000000e+01 2.000000000000000000e+01 0.000000000000000000e+00 1.600000000000000089e+00 -1.379999999999999933e-03 -4.094000000000000417e-03 9.999909999999999632e-01 2.589670000000000027e-01 9.658769999999999856e-01 4.311999999999999861e-03 -9.658849999999999936e-01 2.589699999999999780e-01 -2.719999999999999979e-04
3.000000000000000000e+00 5.000000000000000000e+01 2.200000000000000000e+01 0.000000000000000000e+00 1.600000000000000089e+00 3.938999999999999793e-03 4.982999999999999582e-03 -9.999799999999999800e-01 -5.782620000000000537e-01 8.158490000000000464e-01 1.786999999999999960e-03 8.158419999999999561e-01 5.782429999999999515e-01 6.095999999999999856e-03
2.000000000000000000e+00 3.000000000000000000e+00 2.500000000000000000e+01 0.000000000000000000e+00 1.600000000000000089e+00 2.674000000000000161e-03 1.126000000000000048e-03 9.999959999999999960e-01 -2.922599999999999851e-02 -9.995720000000000161e-01 1.203999999999999992e-03 9.995690000000000408e-01 -2.922900000000000151e-02 -2.639999999999999986e-03
7.000000000000000000e+00 3.000000000000000000e+00 2.500000000000000000e+01 0.000000000000000000e+00 1.600000000000000089e+00 -1.152000000000000029e-03 7.184000000000000281e-03 9.999730000000000008e-01 -2.344999999999999862e-02 -9.996990000000000043e-01 7.154999999999999902e-03 9.997239999999999460e-01 -2.344100000000000003e-02 1.319999999999999993e-03
1.000000000000000000e+01 3.000000000000000000e+00 2.500000000000000000e+01 0.000000000000000000e+00 1.600000000000000089e+00 -5.707000000000000267e-03 1.988699999999999843e-02 9.997859999999999525e-01 -1.938600000000000045e-02 -9.996169999999999778e-01 1.977299999999999891e-02 9.997960000000000180e-01 -1.926900000000000140e-02 6.089999999999999927e-03
2.500000000000000000e+01 3.000000000000000000e+00 2.500000000000000000e+01 0.000000000000000000e+00 1.600000000000000089e+00 -2.040999999999999846e-03 -5.702999999999999736e-03 9.999820000000000375e-01 -2.028299999999999895e-02 -9.997779999999999445e-01 -5.743999999999999974e-03 9.997920000000000140e-01 -2.029399999999999954e-02 1.925000000000000062e-03
3.000000000000000000e+01 3.000000000000000000e+00 2.500000000000000000e+01 0.000000000000000000e+00 1.600000000000000089e+00 3.631000000000000113e-03 -6.667000000000000183e-03 9.999710000000000543e-01 -2.202799999999999897e-02 -9.997359999999999580e-01 -6.584999999999999708e-03 9.997509999999999453e-01 -2.200300000000000172e-02 -3.776999999999999975e-03
1.700000000000000000e+01 4.600000000000000000e+01 3.000000000000000000e+01 0.000000000000000000e+00 1.600000000000000089e+00 2.520999999999999804e-03 2.135000000000000179e-03 -9.999949999999999672e-01 3.188840000000000008e-01 9.477900000000000214e-01 2.827999999999999785e-03 9.477900000000000214e-01 -3.188889999999999780e-01 1.709000000000000016e-03
2.600000000000000000e+01 4.600000000000000000e+01 3.000000000000000000e+01 0.000000000000000000e+00 1.600000000000000089e+00 1.178999999999999927e-03 2.290000000000000098e-04 -9.999989999999999712e-01 3.141399999999999748e-01 9.493759999999999977e-01 5.869999999999999567e-04 9.493759999999999977e-01 -3.141410000000000036e-01 1.046999999999999971e-03
3.000000000000000000e+00 5.800000000000000000e+01 3.100000000000000000e+01 0.000000000000000000e+00 1.600000000000000089e+00 2.233999999999999875e-03 -9.190000000000000035e-04 9.999970000000000248e-01 -7.739169999999999661e-01 -6.332860000000000156e-01 1.147000000000000016e-03 6.332839999999999581e-01 -7.739169999999999661e-01 -2.125999999999999852e-03
1.100000000000000000e+01 5.800000000000000000e+01 3.100000000000000000e+01 0.000000000000000000e+00 1.600000000000000089e+00 -3.170000000000000075e-03 -4.889999999999999599e-04 9.999949999999999672e-01 -7.773970000000000047e-01 -6.290040000000000076e-01 -2.772000000000000158e-03 6.290019999999999500e-01 -7.774020000000000374e-01 1.613999999999999983e-03
1.600000000000000000e+01 5.800000000000000000e+01 3.100000000000000000e+01 0.000000000000000000e+00 1.600000000000000089e+00 -1.783999999999999996e-03 -6.597000000000000433e-03 9.999770000000000048e-01 -7.818150000000000377e-01 -6.234859999999999847e-01 -5.507999999999999875e-03 6.235079999999999512e-01 -7.818070000000000297e-01 -4.044999999999999984e-03
2.200000000000000000e+01 5.800000000000000000e+01 3.100000000000000000e+01 0.000000000000000000e+00 1.600000000000000089e+00 -2.854000000000000200e-03 -4.766000000000000271e-03 9.999850000000000128e-01 -7.832419999999999938e-01 -6.216949999999999976e-01 -5.198000000000000363e-03 6.217099999999999849e-01 -7.832449999999999690e-01 -1.958999999999999804e-03
3.000000000000000000e+01 5.800000000000000000e+01 3.100000000000000000e+01 0.000000000000000000e+00 1.600000000000000089e+00 -6.020000000000000177e-03 -5.849000000000000032e-03 9.999649999999999928e-01 -7.884379999999999722e-01 -6.150579999999999936e-01 -8.344000000000000722e-03 6.150849999999999929e-01 -7.884600000000000497e-01 -9.089999999999999773e-04
6.000000000000000000e+00 4.600000000000000000e+01 3.500000000000000000e+01 0.000000000000000000e+00 1.600000000000000089e+00 -2.449999999999999921e-04 -7.770000000000000214e-04 -1.000000000000000000e+00 3.907470000000000110e-01 -9.204980000000000384e-01 6.199999999999999999e-04 -9.204980000000000384e-01 -3.907470000000000110e-01 5.299999999999999807e-04
9.000000000000000000e+00 4.600000000000000000e+01 3.500000000000000000e+01 0.000000000000000000e+00 1.600000000000000089e+00 -3.009999999999999980e-04 3.052000000000000025e-03 -9.999949999999999672e-01 3.913760000000000017e-01 -9.202259999999999884e-01 -2.926000000000000215e-03 -9.202310000000000212e-01 -3.913749999999999729e-01 -9.179999999999999792e-04
1.400000000000000000e+01 4.600000000000000000e+01 3.500000000000000000e+01 0.000000000000000000e+00 1.600000000000000089e+00 -3.220000000000000206e-04 -4.040000000000000080e-04 -1.000000000000000000e+00 3.926399999999999890e-01 -9.196919999999999540e-01 2.449999999999999921e-04 -9.196919999999999540e-01 -3.926399999999999890e-01 4.550000000000000008e-04
1.800000000000000000e+01 4.600000000000000000e+01 3.500000000000000000e+01 0.000000000000000000e+00 1.600000000000000089e+00 7.370000000000000249e-04 -1.069000000000000072e-03 -9.999989999999999712e-01 3.914949999999999819e-01 -9.201789999999999692e-01 1.271999999999999910e-03 -9.201799999999999979e-01 -3.914960000000000107e-01 -2.590000000000000071e-04
2.800000000000000000e+01 4.600000000000000000e+01 3.500000000000000000e+01 0.000000000000000000e+00 1.600000000000000089e+00 -1.740999999999999926e-03 -3.265000000000000107e-03 -9.999930000000000208e-01 3.896080000000000099e-01 -9.209779999999999633e-01 2.328999999999999907e-03 -9.209789999999999921e-01 -3.896009999999999751e-01 2.876000000000000084e-03
1.800000000000000000e+01 3.000000000000000000e+00 4.300000000000000000e+01 0.000000000000000000e+00 1.600000000000000089e+00 -4.754999999999999678e-03 -6.324999999999999893e-03 -9.999689999999999968e-01 7.369959999999999845e-01 -6.758969999999999700e-01 7.709999999999999840e-04 -6.758800000000000363e-01 -7.369689999999999852e-01 7.875000000000000056e-03
2.700000000000000000e+01 3.000000000000000000e+00 4.300000000000000000e+01 0.000000000000000000e+00 1.600000000000000089e+00 -6.440000000000000412e-03 -9.053999999999999548e-03 -9.999379999999999935e-01 7.374589999999999756e-01 -6.753900000000000459e-01 1.366000000000000027e-03 -6.753609999999999891e-01 -7.374049999999999772e-01 1.102599999999999934e-02
2.800000000000000000e+01 8.000000000000000000e+00 4.400000000000000000e+01 0.000000000000000000e+00 1.600000000000000089e+00 -5.370000000000000424e-04 -2.256999999999999892e-03 9.999970000000000248e-01 -7.826480000000000103e-01 -6.224619999999999598e-01 -1.825999999999999932e-03 6.224640000000000173e-01 -7.826469999999999816e-01 -1.431999999999999896e-03
4.000000000000000000e+00 2.900000000000000000e+01 4.400000000000000000e+01 0.000000000000000000e+00 1.600000000000000089e+00 2.105999999999999799e-03 1.645999999999999894e-03 -9.999959999999999960e-01 6.513539999999999885e-01 7.587690000000000268e-01 2.621000000000000066e-03 7.587709999999999733e-01 -6.513569999999999638e-01 5.259999999999999919e-04
7.000000000000000000e+00 2.900000000000000000e+01 4.400000000000000000e+01 0.000000000000000000e+00 1.600000000000000089e+00 -1.118000000000000070e-03 -1.229000000000000058e-03 -9.999989999999999712e-01 6.546990000000000309e-01 7.558880000000000043e-01 -1.660999999999999933e-03 7.558890000000000331e-01 -6.546999999999999487e-01 -4.100000000000000047e-05
1.100000000000000000e+01 2.900000000000000000e+01 4.400000000000000000e+01 0.000000000000000000e+00 1.600000000000000089e+00 -1.755999999999999965e-03 1.054000000000000032e-03 -9.999980000000000535e-01 6.586509999999999865e-01 7.524490000000000345e-01 -3.640000000000000115e-04 7.524469999999999770e-01 -6.586499999999999577e-01 -2.015999999999999997e-03
1.600000000000000000e+01 2.900000000000000000e+01 4.400000000000000000e+01 0.000000000000000000e+00 1.600000000000000089e+00 -1.240000000000000054e-04 1.182000000000000108e-03 -9.999989999999999712e-01 6.553029999999999688e-01 7.553659999999999819e-01 8.120000000000000048e-04 7.553670000000000107e-01 -6.553020000000000511e-01 -8.679999999999999565e-04
2.100000000000000000e+01 2.900000000000000000e+01 4.400000000000000000e+01 0.000000000000000000e+00 1.600000000000000089e+00 -1.430000000000000064e-03 1.010000000000000047e-03 -9.999980000000000535e-01 6.541690000000000005e-01 7.563480000000000203e-01 -1.720000000000000066e-04 7.563469999999999915e-01 -6.541679999999999717e-01 -1.742000000000000059e-03
2.400000000000000000e+01 2.900000000000000000e+01 4.400000000000000000e+01 0.000000000000000000e+00 1.600000000000000089e+00 3.980000000000000248e-04 1.688000000000000047e-03 -9.999989999999999712e-01 6.565689999999999582e-01 7.542640000000000455e-01 1.534999999999999906e-03 7.542649999999999633e-01 -6.565689999999999582e-01 -8.080000000000000160e-04
2.900000000000000000e+01 2.900000000000000000e+01 4.400000000000000000e+01 0.000000000000000000e+00 1.600000000000000089e+00 1.231000000000000106e-03 1.623000000000000094e-03 -9.999980000000000535e-01 6.627509999999999790e-01 7.488369999999999749e-01 2.030999999999999819e-03 7.488390000000000324e-01 -6.627520000000000078e-01 -1.550000000000000000e-04
1.200000000000000000e+01 5.000000000000000000e+00 5.100000000000000000e+01 0.000000000000000000e+00 1.600000000000000089e+00 1.014400000000000024e-02 -1.177199999999999948e-02 -9.998789999999999623e-01 4.674860000000000126e-01 -8.838700000000000445e-01 1.515000000000000027e-02 -8.839420000000000055e-01 -4.675839999999999996e-01 -3.462999999999999932e-03
1.700000000000000000e+01 5.000000000000000000e+00 5.100000000000000000e+01 0.000000000000000000e+00 1.600000000000000089e+00 1.051000000000000068e-03 -6.721000000000000411e-03 -9.999770000000000048e-01 4.808850000000000069e-01 -8.767599999999999838e-01 6.398000000000000041e-03 -8.767829999999999790e-01 -4.808799999999999741e-01 2.311000000000000120e-03
3.000000000000000000e+00 6.000000000000000000e+00 5.100000000000000000e+01 0.000000000000000000e+00 1.600000000000000089e+00 -4.120000000000000398e-03 8.550000000000000308e-03 -9.999550000000000383e-01 2.870380000000000154e-01 -9.578729999999999745e-01 -9.372000000000000122e-03 -9.579100000000000392e-01 -2.870639999999999858e-01 1.492000000000000054e-03
2.700000000000000000e+01 1.150000000000000000e+02 5.100000000000000000e+01 0.000000000000000000e+00 1.600000000000000089e+00 2.089000000000000145e-03 1.051000000000000068e-03 9.999970000000000248e-01 8.449020000000000419e-01 -5.349190000000000333e-01 -1.203000000000000076e-03 5.349159999999999471e-01 8.449029999999999596e-01 -2.005999999999999971e-03
3.000000000000000000e+00 7.000000000000000000e+00 5.200000000000000000e+01 0.000000000000000000e+00 1.600000000000000089e+00 -2.517000000000000140e-03 9.013000000000000178e-03 -9.999559999999999560e-01 3.540700000000000097e-02 -9.993319999999999981e-01 -9.096999999999999184e-03 -9.993699999999999806e-01 -3.542900000000000216e-02 2.197000000000000168e-03
4.000000000000000000e+00 6.300000000000000000e+01 5.400000000000000000e+01 0.000000000000000000e+00 1.600000000000000089e+00 5.159999999999999656e-04 2.723000000000000160e-03 9.999959999999999960e-01 -3.505320000000000102e-01 9.365480000000000471e-01 -2.370000000000000145e-03 -9.365510000000000224e-01 -3.505289999999999795e-01 1.438000000000000042e-03
7.000000000000000000e+00 6.300000000000000000e+01 5.400000000000000000e+01 0.000000000000000000e+00 1.600000000000000089e+00 2.000000000000000096e-04 4.072000000000000099e-03 9.999919999999999920e-01 -3.530679999999999930e-01 9.355900000000000327e-01 -3.739000000000000136e-03 -9.355980000000000407e-01 -3.530639999999999890e-01 1.624999999999999925e-03
1.200000000000000000e+01 6.300000000000000000e+01 5.400000000000000000e+01 0.000000000000000000e+00 1.600000000000000089e+00 -1.988000000000000184e-03 -3.190000000000000127e-03 9.999930000000000208e-01 -3.515159999999999951e-01 9.361789999999999834e-01 2.288000000000000103e-03 -9.361800000000000122e-01 -3.515079999999999871e-01 -2.982999999999999974e-03
1.700000000000000000e+01 6.300000000000000000e+01 5.400000000000000000e+01 0.000000000000000000e+00 1.600000000000000089e+00 -6.740000000000000114e-04 7.730000000000000326e-04 9.999989999999999712e-01 -3.438169999999999837e-01 9.390359999999999818e-01 -9.579999999999999757e-04 -9.390359999999999818e-01 -3.438180000000000125e-01 -3.669999999999999760e-04
2.300000000000000000e+01 6.300000000000000000e+01 5.400000000000000000e+01 0.000000000000000000e+00 1.600000000000000089e+00 2.959999999999999849e-04 -2.279000000000000210e-03 9.999970000000000248e-01 -3.485230000000000272e-01 9.372979999999999645e-01 2.239000000000000105e-03 -9.373000000000000220e-01 -3.485219999999999985e-01 -5.159999999999999656e-04
2.700000000000000000e+01 6.300000000000000000e+01 5.400000000000000000e+01 0.000000000000000000e+00 1.600000000000000089e+00 1.588999999999999918e-03 -1.655999999999999920e-03 9.999970000000000248e-01 -3.527950000000000252e-01 9.356980000000000297e-01 2.109999999999999896e-03 -9.356989999999999474e-01 -3.527970000000000272e-01 9.030000000000000483e-04
3.000000000000000000e+00 2.500000000000000000e+01 5.500000000000000000e+01 0.000000000000000000e+00 1.600000000000000089e+00 1.430999999999999980e-03 7.988999999999999574e-03 -9.999670000000000503e-01 -1.944900000000000101e-02 -9.997789999999999733e-01 -8.014999999999999555e-03 -9.998099999999999765e-01 1.946000000000000160e-02 -1.275000000000000092e-03
2.000000000000000000e+01 2.500000000000000000e+01 5.500000000000000000e+01 0.000000000000000000e+00 1.600000000000000089e+00 7.919999999999999523e-04 -1.147999999999999932e-03 -9.999989999999999712e-01 -1.267099999999999997e-02 -9.999190000000000023e-01 1.137999999999999906e-03 -9.999190000000000023e-01 1.267000000000000071e-02 -8.069999999999999916e-04
7.000000000000000000e+00 2.100000000000000000e+01 6.000000000000000000e+01 0.000000000000000000e+00 1.600000000000000089e+00 -8.299999999999999815e-05 5.333000000000000067e-03 9.999860000000000415e-01 -9.531799999999999995e-02 9.954330000000000123e-01 -5.316999999999999678e-03 -9.954469999999999708e-01 -9.531699999999999895e-02 4.260000000000000006e-04
1.100000000000000000e+01 2.100000000000000000e+01 6.000000000000000000e+01 0.000000000000000000e+00 1.600000000000000089e+00 7.039999999999999817e-04 5.271999999999999777e-03 9.999860000000000415e-01 -9.735499999999999710e-02 9.952360000000000095e-01 -5.178000000000000311e-03 -9.952490000000000503e-01 -9.735000000000000597e-02 1.214000000000000018e-03
1.600000000000000000e+01 2.100000000000000000e+01 6.000000000000000000e+01 0.000000000000000000e+00 1.600000000000000089e+00 -7.529999999999999801e-04 -4.316999999999999657e-03 9.999900000000000455e-01 -9.637600000000000333e-02 9.953359999999999985e-01 4.224000000000000324e-03 -9.953450000000000353e-01 -9.637199999999999933e-02 -1.165999999999999936e-03
2.300000000000000000e+01 2.100000000000000000e+01 6.000000000000000000e+01 0.000000000000000000e+00 1.600000000000000089e+00 3.660000000000000059e-04 3.519999999999999908e-04 1.000000000000000000e+00 -9.450600000000000667e-02 9.955239999999999645e-01 -3.159999999999999832e-04 -9.955239999999999645e-01 -9.450600000000000667e-02 3.980000000000000248e-04
7.000000000000000000e+00 6.700000000000000000e+01 6.000000000000000000e+01 0.000000000000000000e+00 1.600000000000000089e+00 1.939999999999999993e-04 1.624999999999999925e-03 9.999989999999999712e-01 1.759910000000000085e-01 -9.843910000000000160e-01 1.565999999999999901e-03 9.843920000000000448e-01 1.759900000000000075e-01 -4.769999999999999934e-04
2.300000000000000000e+01 6.700000000000000000e+01 6.000000000000000000e+01 0.000000000000000000e+00 1.600000000000000089e+00 3.220000000000000206e-04 3.225000000000000002e-03 9.999949999999999672e-01 1.781099999999999905e-01 -9.840060000000000473e-01 3.115999999999999846e-03 9.840109999999999690e-01 1.781079999999999885e-01 -8.909999999999999734e-04
2.900000000000000000e+01 6.700000000000000000e+01 6.000000000000000000e+01 0.000000000000000000e+00 1.600000000000000089e+00 5.039999999999999992e-04 4.579999999999999870e-03 9.999890000000000168e-01 1.735790000000000111e-01 -9.848099999999999632e-01 4.422999999999999848e-03 9.848200000000000287e-01 1.735750000000000071e-01 -1.291000000000000047e-03
3.000000000000000000e+00 6.000000000000000000e+00 6.100000000000000000e+01 0.000000000000000000e+00 1.600000000000000089e+00 -2.712000000000000001e-03 -7.978000000000000716e-03 9.999649999999999928e-01 5.676379999999999759e-01 -8.232629999999999670e-01 -5.028000000000000351e-03 8.232739999999999503e-01 5.676050000000000262e-01 6.761999999999999782e-03
1.500000000000000000e+01 6.000000000000000000e+00 6.100000000000000000e+01 0.000000000000000000e+00 1.600000000000000089e+00 -1.337999999999999997e-03 6.655999999999999590e-03 9.999770000000000048e-01 5.705959999999999921e-01 -8.212070000000000203e-01 6.230000000000000294e-03 8.212300000000000155e-01 5.705909999999999593e-01 -2.700000000000000143e-03
1.000000000000000000e+00 2.700000000000000000e+01 6.300000000000000000e+01 0.000000000000000000e+00 1.600000000000000089e+00 -9.259999999999999568e-04 8.784999999999999407e-03 9.999609999999999888e-01 -2.741660000000000208e-01 9.616430000000000256e-01 -8.701999999999999666e-03 -9.616820000000000368e-01 -2.741640000000000188e-01 1.518000000000000035e-03
6.000000000000000000e+00 2.700000000000000000e+01 6.300000000000000000e+01 0.000000000000000000e+00 1.600000000000000089e+00 -1.000999999999999937e-03 3.884999999999999998e-03 9.999919999999999920e-01 -2.732789999999999941e-01 9.619269999999999765e-01 -4.010999999999999809e-03 -9.619339999999999558e-01 -2.732800000000000229e-01 9.899999999999999404e-05
1.100000000000000000e+01 2.700000000000000000e+01 6.300000000000000000e+01 0.000000000000000000e+00 1.600000000000000089e+00 1.636000000000000084e-03 -3.654000000000000130e-03 9.999919999999999920e-01 -2.734790000000000276e-01 9.618700000000000028e-01 3.962000000000000244e-03 -9.618769999999999820e-01 -2.734829999999999761e-01 5.739999999999999660e-04
1.800000000000000000e+01 2.700000000000000000e+01 6.300000000000000000e+01 0.000000000000000000e+00 1.600000000000000089e+00 5.050000000000000235e-04 5.263999999999999582e-03 9.999860000000000415e-01 -2.696089999999999876e-01 9.629569999999999519e-01 -4.932999999999999885e-03 -9.629699999999999926e-01 -2.696020000000000083e-01 1.905999999999999925e-03
2.400000000000000000e+01 2.700000000000000000e+01 6.300000000000000000e+01 0.000000000000000000e+00 1.600000000000000089e+00 -7.899999999999999579e-05 -1.647000000000000026e-03 9.999989999999999712e-01 -2.723439999999999750e-01 9.621990000000000265e-01 1.562999999999999936e-03 -9.622000000000000552e-01 -2.723430000000000017e-01 -5.249999999999999676e-04
2.800000000000000000e+01 2.700000000000000000e+01 6.300000000000000000e+01 0.000000000000000000e+00 1.600000000000000089e+00 -9.269999999999999811e-04 -9.899999999999999404e-05 1.000000000000000000e+00 -2.741230000000000055e-01 9.616949999999999665e-01 -1.589999999999999888e-04 -9.616940000000000488e-01 -2.741230000000000055e-01 -9.190000000000000035e-04
1.000000000000000000e+00 2.600000000000000000e+01 6.400000000000000000e+01 0.000000000000000000e+00 1.600000000000000089e+00 -7.749999999999999728e-04 7.296999999999999667e-03 9.999730000000000008e-01 -3.538319999999999799e-01 9.352819999999999467e-01 -7.100000000000000408e-03 -9.353089999999999460e-01 -3.538279999999999759e-01 1.856999999999999927e-03
4.000000000000000000e+00 2.600000000000000000e+01 6.400000000000000000e+01 0.000000000000000000e+00 1.600000000000000089e+00 -1.126999999999999964e-03 6.159000000000000412e-03 9.999799999999999800e-01 -3.538319999999999799e-01 9.352890000000000370e-01 -6.159000000000000412e-03 -9.353080000000000283e-01 -3.538319999999999799e-01 1.124999999999999915e-03
1.300000000000000000e+01 2.600000000000000000e+01 6.400000000000000000e+01 0.000000000000000000e+00 1.600000000000000089e+00 2.034999999999999917e-03 9.229999999999999923e-04 9.999970000000000248e-01 -3.537199999999999789e-01 9.353510000000000435e-01 -1.430000000000000064e-04 -9.353489999999999860e-01 -3.537190000000000056e-01 2.230000000000000211e-03
