1.200000000000000000e+01 2.500000000000000000e+01 1.000000000000000000e+00 0.000000000000000000e+00 1.600000000000000089e+00 -2.550000000000000183e-03 -1.163499999999999951e-02 -9.999289999999999567e-01 -5.298500000000000432e-01 -8.480170000000000208e-01 1.121899999999999981e-02 -8.480879999999999530e-01 5.298410000000000064e-01 -4.002999999999999614e-03
1.600000000000000000e+01 2.500000000000000000e+01 1.000000000000000000e+00 0.000000000000000000e+00 1.600000000000000089e+00 -2.203000000000000097e-03 -1.686999999999999915e-03 -9.999959999999999960e-01 -5.324069999999999636e-01 -8.464840000000000142e-01 2.601000000000000013e-03 -8.464850000000000430e-01 5.324109999999999676e-01 9.669999999999999776e-04
2.000000000000000000e+01 2.500000000000000000e+01 1.000000000000000000e+00 0.000000000000000000e+00 1.600000000000000089e+00 -1.631000000000000071e-03 3.771000000000000046e-03 -9.999919999999999920e-01 -5.307570000000000343e-01 -8.475209999999999688e-01 -2.330000000000000040e-03 -8.475219999999999976e-01 5.307490000000000263e-01 3.383999999999999855e-03
2.700000000000000000e+01 2.500000000000000000e+01 1.000000000000000000e+00 0.000000000000000000e+00 1.600000000000000089e+00 2.979999999999999793e-04 4.839999999999999684e-03 -9.999879999999999880e-01 -5.267100000000000115e-01 -8.500339999999999563e-01 -4.270999999999999623e-03 -8.500450000000000506e-01 5.267049999999999788e-01 2.295999999999999864e-03
5.000000000000000000e+00 1.500000000000000000e+01 4.000000000000000000e+00 0.000000000000000000e+00 1.600000000000000089e+00 -1.769999999999999926e-04 -7.087000000000000417e-03 9.999749999999999472e-01 3.211660000000000070e-01 -9.469999999999999529e-01 -6.654000000000000192e-03 9.470229999999999482e-01 3.211570000000000258e-01 2.443999999999999992e-03
1.000000000000000000e+01 1.500000000000000000e+01 4.000000000000000000e+00 0.000000000000000000e+00 1.600000000000000089e+00 1.079000000000000098e-03 -3.533999999999999815e-03 9.999930000000000208e-01 3.121740000000000070e-01 -9.500180000000000291e-01 -3.693999999999999801e-03 9.500239999999999796e-01 3.121760000000000090e-01 7.799999999999999859e-05
1.600000000000000000e+01 1.500000000000000000e+01 4.000000000000000000e+00 0.000000000000000000e+00 1.600000000000000089e+00 -2.439999999999999895e-03 -3.193000000000000092e-03 9.999919999999999920e-01 3.126680000000000015e-01 -9.498600000000000376e-01 -2.269999999999999882e-03 9.498590000000000089e-01 3.126599999999999935e-01 3.315999999999999937e-03
1.900000000000000000e+01 1.500000000000000000e+01 4.000000000000000000e+00 0.000000000000000000e+00 1.600000000000000089e+00 -5.349999999999999938e-04 -2.269999999999999882e-03 9.999970000000000248e-01 3.129239999999999799e-01 -9.497759999999999536e-01 -1.988999999999999883e-03 9.497780000000000111e-01 3.129219999999999779e-01 1.217999999999999899e-03
2.900000000000000000e+01 1.500000000000000000e+01 4.000000000000000000e+00 0.000000000000000000e+00 1.600000000000000089e+00 -2.311000000000000120e-03 -7.823000000000000093e-03 9.999670000000000503e-01 3.109299999999999842e-01 -9.504089999999999483e-01 -6.716999999999999880e-03 9.504299999999999971e-01 3.109040000000000137e-01 4.629000000000000302e-03
1.200000000000000000e+01 1.600000000000000000e+01 4.000000000000000000e+00 0.000000000000000000e+00 1.600000000000000089e+00 2.249999999999999938e-04 -3.213000000000000144e-03 9.999949999999999672e-01 3.877559999999999896e-01 -9.217570000000000485e-01 -3.049000000000000061e-03 9.217619999999999703e-01 3.877550000000000163e-01 1.038999999999999993e-03
2.500000000000000000e+01 1.600000000000000000e+01 4.000000000000000000e+00 0.000000000000000000e+00 1.600000000000000089e+00 -2.161000000000000160e-03 -5.747000000000000372e-03 9.999810000000000088e-01 3.875689999999999968e-01 -9.218300000000000383e-01 -4.460000000000000422e-03 9.218380000000000463e-01 3.875520000000000076e-01 4.219999999999999793e-03
7.000000000000000000e+00 1.010000000000000000e+02 7.000000000000000000e+00 0.000000000000000000e+00 1.600000000000000089e+00 1.264499999999999999e-02 -1.600100000000000133e-02 9.997920000000000140e-01 8.710040000000000004e-01 4.912659999999999805e-01 -3.154000000000000119e-03 -4.911139999999999950e-01 8.708620000000000250e-01 2.014900000000000024e-02
2.800000000000000000e+01 1.010000000000000000e+02 7.000000000000000000e+00 0.000000000000000000e+00 1.600000000000000089e+00 -1.033700000000000070e-02 8.526999999999999857e-03 9.999099999999999655e-01 8.773119999999999807e-01 4.798939999999999872e-01 4.976999999999999653e-03 -4.798080000000000123e-01 8.772849999999999815e-01 -1.244199999999999993e-02
3.000000000000000000e+00 2.500000000000000000e+01 8.000000000000000000e+00 0.000000000000000000e+00 1.600000000000000089e+00 9.489999999999999738e-04 7.894999999999999241e-03 -9.999679999999999680e-01 4.502880000000000216e-01 8.928519999999999790e-01 7.477000000000000139e-03 8.928829999999999822e-01 -4.502809999999999868e-01 -2.707999999999999904e-03
1.200000000000000000e+01 2.500000000000000000e+01 8.000000000000000000e+00 0.000000000000000000e+00 1.600000000000000089e+00 -1.179999999999999951e-04 3.105000000000000121e-03 -9.999949999999999672e-01 4.526350000000000096e-01 8.916920000000000401e-01 2.716000000000000098e-03 8.916960000000000441e-01 -4.526330000000000076e-01 -1.510999999999999973e-03
2.100000000000000000e+01 2.500000000000000000e+01 8.000000000000000000e+00 0.000000000000000000e+00 1.600000000000000089e+00 2.311999999999999819e-03 -1.240999999999999916e-03 -9.999970000000000248e-01 4.502459999999999796e-01 8.929049999999999487e-01 -6.700000000000000226e-05 8.929019999999999735e-01 -4.502439999999999776e-01 2.622999999999999898e-03
2.500000000000000000e+01 2.500000000000000000e+01 8.000000000000000000e+00 0.000000000000000000e+00 1.600000000000000089e+00 7.550000000000000287e-04 4.636000000000000364e-03 -9.999890000000000168e-01 4.492120000000000002e-01 8.934140000000000414e-01 4.480999999999999740e-03 8.934250000000000247e-01 -4.492099999999999982e-01 -1.407999999999999963e-03
2.800000000000000000e+01 2.500000000000000000e+01 8.000000000000000000e+00 0.000000000000000000e+00 1.600000000000000089e+00 1.720000000000000066e-04 9.298999999999999974e-03 -9.999569999999999848e-01 4.485709999999999975e-01 8.937079999999999469e-01 8.387999999999999623e-03 8.937469999999999581e-01 -4.485529999999999795e-01 -4.017999999999999870e-03
2.000000000000000000e+00 2.400000000000000000e+01 9.000000000000000000e+00 0.000000000000000000e+00 1.600000000000000089e+00 9.579999999999999757e-04 7.106999999999999602e-03 -9.999740000000000295e-01 4.546339999999999826e-01 8.906530000000000280e-01 6.765000000000000180e-03 8.906779999999999697e-01 -4.546279999999999766e-01 -2.377999999999999906e-03
6.000000000000000000e+00 2.400000000000000000e+01 9.000000000000000000e+00 0.000000000000000000e+00 1.600000000000000089e+00 3.499999999999999693e-05 7.532999999999999766e-03 -9.999719999999999720e-01 4.550120000000000275e-01 8.904600000000000293e-01 6.723999999999999942e-03 8.904849999999999710e-01 -4.549989999999999868e-01 -3.396000000000000147e-03
1.200000000000000000e+01 2.400000000000000000e+01 9.000000000000000000e+00 0.000000000000000000e+00 1.600000000000000089e+00 3.100000000000000135e-05 2.648999999999999879e-03 -9.999959999999999960e-01 4.565040000000000209e-01 8.897180000000000089e-01 2.370999999999999844e-03 8.897209999999999841e-01 -4.565020000000000189e-01 -1.182000000000000108e-03
1.500000000000000000e+01 2.400000000000000000e+01 9.000000000000000000e+00 0.000000000000000000e+00 1.600000000000000089e+00 1.949999999999999910e-03 -3.333000000000000025e-03 -9.999919999999999920e-01 4.550270000000000148e-01 8.904750000000000165e-01 -2.080999999999999951e-03 8.904760000000000453e-01 -4.550190000000000068e-01 3.252999999999999815e-03
1.800000000000000000e+01 2.400000000000000000e+01 9.000000000000000000e+00 0.000000000000000000e+00 1.600000000000000089e+00 2.186000000000000009e-03 1.415999999999999941e-03 -9.999970000000000248e-01 4.536180000000000212e-01 8.911930000000000129e-01 2.253999999999999927e-03 8.911930000000000129e-01 -4.536220000000000252e-01 1.306000000000000086e-03
2.000000000000000000e+01 2.400000000000000000e+01 9.000000000000000000e+00 0.000000000000000000e+00 1.600000000000000089e+00 2.299999999999999961e-03 2.200000000000000078e-04 -9.999970000000000248e-01 4.532499999999999862e-01 8.913830000000000364e-01 1.239000000000000084e-03 8.913809999999999789e-01 -4.532510000000000150e-01 1.949999999999999910e-03
2.400000000000000000e+01 2.400000000000000000e+01 9.000000000000000000e+00 0.000000000000000000e+00 1.600000000000000089e+00 1.188999999999999953e-03 3.893000000000000193e-03 -9.999919999999999920e-01 4.525239999999999818e-01 8.917429999999999524e-01 4.009999999999999676e-03 8.917519999999999891e-01 -4.525250000000000106e-01 -7.010000000000000172e-04
2.800000000000000000e+01 2.400000000000000000e+01 9.000000000000000000e+00 0.000000000000000000e+00 1.600000000000000089e+00 2.669999999999999847e-04 1.088800000000000011e-02 -9.999409999999999688e-01 4.510399999999999965e-01 8.924490000000000478e-01 9.837999999999999523e-03 8.925039999999999640e-01 -4.510159999999999725e-01 -4.673000000000000070e-03
5.000000000000000000e+00 4.000000000000000000e+00 1.100000000000000000e+01 0.000000000000000000e+00 1.600000000000000089e+00 7.813999999999999765e-03 3.988400000000000278e-02 -9.991740000000000066e-01 2.364650000000000085e-01 9.707919999999999883e-01 4.059999999999999720e-02 9.716089999999999449e-01 -2.365859999999999908e-01 -1.845999999999999985e-03
1.100000000000000000e+01 4.000000000000000000e+00 1.100000000000000000e+01 0.000000000000000000e+00 1.600000000000000089e+00 7.931999999999999815e-03 7.081899999999999307e-02 -9.974579999999999558e-01 1.984509999999999885e-01 9.775369999999999893e-01 7.098300000000000443e-02 9.800790000000000335e-01 -1.985089999999999910e-01 -6.300000000000000044e-03
4.000000000000000000e+00 3.500000000000000000e+01 1.200000000000000000e+01 0.000000000000000000e+00 1.600000000000000089e+00 -4.719999999999999803e-04 6.453999999999999668e-03 -9.999789999999999512e-01 4.450879999999999836e-01 -8.954670000000000130e-01 -5.989999999999999665e-03 -8.954860000000000042e-01 -4.450819999999999776e-01 -2.449999999999999921e-03
1.700000000000000000e+01 3.500000000000000000e+01 1.200000000000000000e+01 0.000000000000000000e+00 1.600000000000000089e+00 2.797000000000000007e-03 6.975000000000000297e-03 -9.999719999999999720e-01 5.105979999999999963e-01 -8.598080000000000167e-01 -4.569000000000000145e-03 -8.598149999999999959e-01 -5.105699999999999683e-01 -5.965999999999999949e-03
1.800000000000000000e+01 3.200000000000000000e+01 1.400000000000000000e+01 0.000000000000000000e+00 1.600000000000000089e+00 -1.242000000000000048e-03 6.840000000000000377e-04 -9.999989999999999712e-01 1.106540000000000024e-01 9.938590000000000479e-01 5.419999999999999471e-04 9.938580000000000192e-01 -1.106530000000000014e-01 -1.309999999999999967e-03
2.200000000000000000e+01 3.200000000000000000e+01 1.400000000000000000e+01 0.000000000000000000e+00 1.600000000000000089e+00 3.967000000000000040e-03 -5.865000000000000421e-03 -9.999749999999999472e-01 1.107609999999999983e-01 9.938320000000000487e-01 -5.389999999999999826e-03 9.938390000000000279e-01 -1.107370000000000021e-01 4.591999999999999728e-03
1.400000000000000000e+01 1.160000000000000000e+02 1.600000000000000000e+01 0.000000000000000000e+00 1.600000000000000089e+00 -2.410000000000000033e-04 7.659999999999999708e-04 1.000000000000000000e+00 7.118379999999999708e-01 7.023430000000000506e-01 -3.669999999999999760e-04 -7.023430000000000506e-01 7.118379999999999708e-01 -7.140000000000000079e-04
3.000000000000000000e+00 2.000000000000000000e+00 1.900000000000000000e+01 0.000000000000000000e+00 1.600000000000000089e+00 -2.329999999999999986e-04 7.017999999999999933e-03 -9.999749999999999472e-01 2.138400000000000023e-01 -9.768440000000000456e-01 -6.905999999999999812e-03 -9.768689999999999873e-01 -2.138359999999999983e-01 -1.273000000000000043e-03
1.100000000000000000e+01 2.000000000000000000e+00 1.900000000000000000e+01 0.000000000000000000e+00 1.600000000000000089e+00 6.282000000000000257e-03 -1.731399999999999953e-02 -9.998299999999999965e-01 1.993139999999999912e-01 -9.797660000000000258e-01 1.821899999999999908e-02 -9.799149999999999805e-01 -1.993949999999999889e-01 -2.703999999999999806e-03
1.500000000000000000e+01 2.000000000000000000e+00 1.900000000000000000e+01 0.000000000000000000e+00 1.600000000000000089e+00 8.052999999999999395e-03 -2.505999999999999894e-02 -9.996540000000000425e-01 1.917979999999999963e-01 -9.810860000000000136e-01 2.614000000000000004e-02 -9.814009999999999678e-01 -1.919420000000000015e-01 -3.093999999999999962e-03
1.900000000000000000e+01 2.000000000000000000e+00 1.900000000000000000e+01 0.000000000000000000e+00 1.600000000000000089e+00 3.854999999999999920e-03 -1.651599999999999943e-02 -9.998559999999999670e-01 1.827900000000000080e-01 -9.830060000000000464e-01 1.694199999999999873e-02 -9.831440000000000179e-01 -1.828289999999999915e-01 -7.699999999999999597e-04
2.600000000000000000e+01 2.000000000000000000e+00 1.900000000000000000e+01 0.000000000000000000e+00 1.600000000000000089e+00 -8.850000000000000444e-04 7.699999999999999597e-04 -9.999989999999999712e-01 1.773289999999999866e-01 -9.841509999999999980e-01 -9.150000000000000147e-04 -9.841509999999999980e-01 -1.773289999999999866e-01 7.339999999999999520e-04
5.000000000000000000e+00 4.000000000000000000e+00 2.000000000000000000e+01 0.000000000000000000e+00 1.600000000000000089e+00 -2.834999999999999847e-03 3.982000000000000296e-03 -9.999879999999999880e-01 2.762999999999999901e-01 -9.610600000000000254e-01 -4.610000000000000382e-03 -9.610670000000000046e-01 -2.763100000000000001e-01 1.624000000000000010e-03
1.000000000000000000e+01 4.000000000000000000e+00 2.000000000000000000e+01 0.000000000000000000e+00 1.600000000000000089e+00 3.419000000000000164e-03 -6.203000000000000180e-03 -9.999749999999999472e-01 2.699360000000000093e-01 -9.628539999999999877e-01 6.896000000000000220e-03 -9.628719999999999501e-01 -2.699529999999999985e-01 -1.618000000000000081e-03
1.600000000000000000e+01 4.000000000000000000e+00 2.000000000000000000e+01 0.000000000000000000e+00 1.600000000000000089e+00 6.322000000000000362e-03 -1.418299999999999943e-02 -9.998789999999999623e-01 2.656669999999999865e-01 -9.639429999999999943e-01 1.535300000000000033e-02 -9.640440000000000120e-01 -2.657320000000000237e-01 -2.327000000000000075e-03
2.000000000000000000e+00 1.300000000000000000e+01 2.000000000000000000e+01 0.000000000000000000e+00 1.600000000000000089e+00 -9.719999999999999907e-04 5.872999999999999748e-03 9.999820000000000375e-01 2.528159999999999852e-01 9.674989999999999979e-01 -5.435999999999999860e-03 -9.675139999999999851e-01 2.528070000000000039e-01 -2.425000000000000072e-03
8.000000000000000000e+00 1.300000000000000000e+01 2.000000000000000000e+01 0.000000000000000000e+00 1.600000000000000089e+00 1.461999999999999975e-03 2.719000000000000063e-03 9.999949999999999672e-01 2.520029999999999770e-01 9.677219999999999711e-01 -3.000000000000000062e-03 -9.677249999999999464e-01 2.520060000000000078e-01 7.299999999999999632e-04
1.300000000000000000e+01 1.300000000000000000e+01 2.000000000000000000e+01 0.000000000000000000e+00 1.600000000000000089e+00 1.178000000000000011e-03 1.263000000000000017e-03 9.999989999999999712e-01 2.509759999999999769e-01 9.679919999999999636e-01 -1.518000000000000035e-03 -9.679929999999999923e-01 2.509770000000000056e-01 8.239999999999999712e-04
1.900000000000000000e+01 1.300000000000000000e+01 2.000000000000000000e+01 0.000000000000000000e+00 1.600000000000000089e+00 1.794000000000000022e-03 6.432000000000000217e-03 9.999780000000000335e-01 2.505060000000000064e-01 9.680919999999999526e-01 -6.675999999999999643e-03 -9.681130000000000013e-01 2.505129999999999857e-01 1.250000000000000026e-04
2.500000000000000000e+01 1.300000000000000000e+01 2.000000000000000000e+01 0.000000000000000000e+00 1.600000000000000089e+00 1.269999999999999970e-04 -1.505000000000000044e-03 9.999989999999999712e-01 2.510370000000000101e-01 9.679759999999999476e-01 1.425000000000000051e-03 -9.679769999999999763e-01 2.510370000000000101e-01 5.000000000000000104e-04
2.000000000000000000e+00 1.600000000000000000e+01 2.100000000000000000e+01 0.000000000000000000e+00 1.600000000000000089e+00 -2.655999999999999941e-03 1.965999999999999866e-03 9.999949999999999672e-01 2.995090000000000252e-01 9.540929999999999689e-01 -1.080000000000000014e-03 -9.540899999999999936e-01 2.995050000000000212e-01 -3.122999999999999908e-03
9.000000000000000000e+00 1.600000000000000000e+01 2.100000000000000000e+01 0.000000000000000000e+00 1.600000000000000089e+00 1.624999999999999925e-03 1.033000000000000064e-03 9.999980000000000535e-01 2.985499999999999821e-01 9.543930000000000469e-01 -1.471000000000000085e-03 -9.543930000000000469e-01 2.985510000000000108e-01 1.242000000000000048e-03
1.400000000000000000e+01 1.600000000000000000e+01 2.100000000000000000e+01 0.000000000000000000e+00 1.600000000000000089e+00 1.255000000000000039e-03 2.552000000000000015e-03 9.999959999999999960e-01 2.986159999999999926e-01 9.543690000000000229e-01 -2.811000000000000131e-03 -9.543719999999999981e-01 2.986179999999999946e-01 4.360000000000000269e-04
2.000000000000000000e+01 1.600000000000000000e+01 2.100000000000000000e+01 0.000000000000000000e+00 1.600000000000000089e+00 1.600999999999999993e-03 5.216000000000000150e-03 9.999850000000000128e-01 2.978819999999999801e-01 9.545869999999999633e-01 -5.455999999999999912e-03 -9.546010000000000328e-01 2.978870000000000129e-01 -2.500000000000000120e-05
2.900000000000000000e+01 1.600000000000000000e+01 2.100000000000000000e+01 0.000000000000000000e+00 1.600000000000000089e+00 3.008999999999999956e-03 2.821999999999999856e-03 9.999909999999999632e-01 2.965010000000000145e-01 9.550260000000000415e-01 -3.586999999999999911e-03 -9.550279999999999880e-01 2.965099999999999958e-01 2.037000000000000182e-03
6.000000000000000000e+00 3.000000000000000000e+00 2.500000000000000000e+01 0.000000000000000000e+00 1.600000000000000089e+00 1.544799999999999993e-02 3.406999999999999872e-03 9.998749999999999583e-01 -1.897499999999999881e-02 -9.998129999999999518e-01 3.700000000000000164e-03 9.997009999999999508e-01 -1.902999999999999831e-02 -1.538100000000000057e-02
2.300000000000000000e+01 3.000000000000000000e+00 2.500000000000000000e+01 0.000000000000000000e+00 1.600000000000000089e+00 -1.918999999999999916e-03 5.121999999999999817e-03 9.999850000000000128e-01 -2.944899999999999948e-02 -9.995530000000000248e-01 5.062999999999999792e-03 9.995640000000000081e-01 -2.943899999999999989e-02 2.067999999999999960e-03
4.000000000000000000e+00 4.600000000000000000e+01 2.700000000000000000e+01 0.000000000000000000e+00 1.600000000000000089e+00 -1.830999999999999945e-03 -2.307000000000000023e-03 -9.999959999999999960e-01 6.558399999999999785e-01 7.548949999999999827e-01 -2.942000000000000171e-03 7.548979999999999579e-01 -6.558420000000000361e-01 1.310000000000000129e-04
1.000000000000000000e+01 4.600000000000000000e+01 2.700000000000000000e+01 0.000000000000000000e+00 1.600000000000000089e+00 1.315999999999999896e-03 5.742999999999999841e-03 -9.999829999999999552e-01 6.604299999999999615e-01 7.508700000000000374e-01 5.180999999999999842e-03 7.508869999999999711e-01 -6.604250000000000398e-01 -2.805000000000000202e-03
2.600000000000000000e+01 4.600000000000000000e+01 2.700000000000000000e+01 0.000000000000000000e+00 1.600000000000000089e+00 1.051000000000000068e-03 -2.723999999999999859e-03 -9.999959999999999960e-01 6.754010000000000291e-01 7.374500000000000499e-01 -1.299000000000000024e-03 7.374500000000000499e-01 -6.753970000000000251e-01 2.615000000000000137e-03
2.300000000000000000e+01 4.600000000000000000e+01 3.000000000000000000e+01 0.000000000000000000e+00 1.600000000000000089e+00 9.759999999999999796e-04 -9.430000000000000448e-04 -9.999989999999999712e-01 3.424050000000000149e-01 9.395520000000000538e-01 -5.519999999999999733e-04 9.395520000000000538e-01 -3.424039999999999861e-01 1.240000000000000000e-03
7.000000000000000000e+00 5.800000000000000000e+01 3.100000000000000000e+01 0.000000000000000000e+00 1.600000000000000089e+00 5.344999999999999925e-03 3.328999999999999928e-03 9.999799999999999800e-01 -7.730479999999999574e-01 -6.343170000000000197e-01 6.244000000000000418e-03 6.343250000000000277e-01 -7.730660000000000309e-01 -8.159999999999999936e-04
1.200000000000000000e+01 5.800000000000000000e+01 3.100000000000000000e+01 0.000000000000000000e+00 1.600000000000000089e+00 3.399999999999999811e-03 4.592999999999999861e-03 9.999839999999999840e-01 -7.729139999999999899e-01 -6.344870000000000232e-01 5.542000000000000051e-03 6.345020000000000104e-01 -7.729200000000000514e-01 1.392000000000000008e-03
1.600000000000000000e+01 5.800000000000000000e+01 3.100000000000000000e+01 0.000000000000000000e+00 1.600000000000000089e+00 2.203000000000000097e-03 1.005000000000000034e-03 9.999970000000000248e-01 -7.747230000000000505e-01 -6.322969999999999979e-01 2.341999999999999898e-03 6.322969999999999979e-01 -7.747260000000000257e-01 -6.139999999999999625e-04
1.900000000000000000e+01 5.800000000000000000e+01 3.100000000000000000e+01 0.000000000000000000e+00 1.600000000000000089e+00 -5.538000000000000388e-03 -6.409999999999999899e-03 9.999639999999999640e-01 -7.779850000000000376e-01 -6.282280000000000086e-01 -8.335999999999999660e-03 6.282590000000000119e-01 -7.780030000000000001e-01 -1.507000000000000093e-03
2.300000000000000000e+01 5.800000000000000000e+01 3.100000000000000000e+01 0.000000000000000000e+00 1.600000000000000089e+00 -7.629000000000000364e-03 -1.022900000000000025e-02 9.999190000000000023e-01 -7.830810000000000271e-01 -6.217979999999999619e-01 -1.233599999999999974e-02 6.218730000000000091e-01 -7.831110000000000015e-01 -3.265999999999999806e-03
2.700000000000000000e+01 5.800000000000000000e+01 3.100000000000000000e+01 0.000000000000000000e+00 1.600000000000000089e+00 -3.991999999999999889e-03 -1.518999999999999951e-03 9.999909999999999632e-01 -7.856800000000000450e-01 -6.186199999999999477e-01 -4.075999999999999762e-03 6.186199999999999477e-01 -7.856889999999999707e-01 1.275000000000000092e-03
3.000000000000000000e+00 1.800000000000000000e+01 3.200000000000000000e+01 0.000000000000000000e+00 1.600000000000000089e+00 -5.546100000000000335e-02 6.485450000000000381e-01 7.591529999999999667e-01 -4.060929999999999818e-01 -7.092479999999999896e-01 5.762429999999999497e-01 9.121470000000000411e-01 -2.763269999999999893e-01 3.027050000000000018e-01
4.000000000000000000e+00 1.900000000000000000e+01 3.300000000000000000e+01 0.000000000000000000e+00 1.600000000000000089e+00 -1.122110000000000052e-01 6.272320000000000118e-01 7.707070000000000309e-01 -5.268880000000000230e-01 -6.951530000000000209e-01 4.890309999999999935e-01 8.424949999999999939e-01 -3.512009999999999854e-01 4.084849999999999870e-01
7.000000000000000000e+00 4.600000000000000000e+01 3.500000000000000000e+01 0.000000000000000000e+00 1.600000000000000089e+00 4.989999999999999861e-04 7.659999999999999708e-04 -1.000000000000000000e+00 3.903679999999999928e-01 -9.206590000000000051e-01 -5.100000000000000366e-04 -9.206590000000000051e-01 -3.903670000000000195e-01 -7.590000000000000175e-04
1.100000000000000000e+01 4.600000000000000000e+01 3.500000000000000000e+01 0.000000000000000000e+00 1.600000000000000089e+00 2.014999999999999864e-03 5.060000000000000478e-04 -9.999980000000000535e-01 3.899489999999999901e-01 -9.208359999999999879e-01 3.200000000000000262e-04 -9.208340000000000414e-01 -3.899489999999999901e-01 -2.053000000000000137e-03
1.700000000000000000e+01 4.600000000000000000e+01 3.500000000000000000e+01 0.000000000000000000e+00 1.600000000000000089e+00 1.293000000000000095e-03 3.340999999999999786e-03 -9.999940000000000495e-01 3.912340000000000262e-01 -9.202879999999999949e-01 -2.569000000000000103e-03 -9.202900000000000524e-01 -3.912280000000000202e-01 -2.497000000000000088e-03
2.200000000000000000e+01 4.600000000000000000e+01 3.500000000000000000e+01 0.000000000000000000e+00 1.600000000000000089e+00 -4.060000000000000024e-04 4.110000000000000155e-04 -1.000000000000000000e+00 3.917109999999999759e-01 -9.200880000000000170e-01 -5.370000000000000424e-04 -9.200880000000000170e-01 -3.917109999999999759e-01 2.130000000000000003e-04
1.400000000000000000e+01 9.500000000000000000e+01 3.600000000000000000e+01 0.000000000000000000e+00 1.600000000000000089e+00 2.230899999999999897e-02 1.278199999999999996e-02 9.996690000000000298e-01 9.968550000000000466e-01 7.577499999999999514e-02 -2.321499999999999952e-02 -7.604700000000000348e-02 9.970430000000000126e-01 -1.105100000000000006e-02
2.500000000000000000e+01 9.500000000000000000e+01 3.600000000000000000e+01 0.000000000000000000e+00 1.600000000000000089e+00 -3.540499999999999897e-02 -4.798299999999999788e-02 9.982210000000000250e-01 9.973130000000000051e-01 6.240899999999999920e-02 3.837200000000000333e-02 -6.414000000000000257e-02 9.968970000000000331e-01 4.564499999999999807e-02
5.000000000000000000e+00 2.800000000000000000e+01 3.700000000000000000e+01 0.000000000000000000e+00 1.600000000000000089e+00 -2.587400000000000116e-02 -1.667690000000000006e-01 -9.856559999999999766e-01 -7.242520000000000069e-01 -6.764940000000000397e-01 1.334720000000000073e-01 -6.890490000000000226e-01 7.173169999999999824e-01 -1.032789999999999958e-01
1.000000000000000000e+00 1.600000000000000000e+01 3.900000000000000000e+01 0.000000000000000000e+00 1.600000000000000089e+00 2.778970000000000051e-01 6.135930000000000550e-01 -7.391050000000000120e-01 4.348339999999999983e-01 -7.664210000000000189e-01 -4.727759999999999740e-01 -8.565589999999999593e-01 -1.900050000000000072e-01 -4.797980000000000023e-01
3.000000000000000000e+00 3.400000000000000000e+01 4.000000000000000000e+01 0.000000000000000000e+00 1.600000000000000089e+00 -5.586900000000000199e-02 2.837049999999999850e-01 -9.572829999999999950e-01 6.465109999999999468e-01 7.409149999999999903e-01 1.818500000000000116e-01 7.608559999999999768e-01 -6.087339999999999973e-01 -2.248120000000000118e-01
7.000000000000000000e+00 1.300000000000000000e+01 4.100000000000000000e+01 0.000000000000000000e+00 1.600000000000000089e+00 -4.605299999999999672e-02 1.377039999999999931e-01 9.894020000000000037e-01 -7.060889999999999667e-01 -7.051079999999999570e-01 6.526999999999999469e-02 7.066240000000000299e-01 -6.956010000000000248e-01 1.297040000000000137e-01
8.000000000000000000e+00 1.400000000000000000e+01 4.200000000000000000e+01 0.000000000000000000e+00 1.600000000000000089e+00 -5.936899999999999816e-02 1.250090000000000090e-01 9.903779999999999806e-01 -6.229529999999999790e-01 -7.798699999999999521e-01 6.109499999999999653e-02 7.800030000000000019e-01 -6.133309999999999595e-01 1.241740000000000066e-01
9.000000000000000000e+00 3.000000000000000000e+00 4.300000000000000000e+01 0.000000000000000000e+00 1.600000000000000089e+00 4.650000000000000270e-04 1.027100000000000062e-02 -9.999470000000000303e-01 7.435869999999999980e-01 -6.686079999999999801e-01 -6.522000000000000020e-03 -6.686389999999999834e-01 -7.435439999999999827e-01 -7.948999999999999469e-03
1.300000000000000000e+01 3.000000000000000000e+00 4.300000000000000000e+01 0.000000000000000000e+00 1.600000000000000089e+00 -1.160000000000000007e-04 1.005999999999999950e-03 -9.999989999999999712e-01 7.411750000000000282e-01 -6.713109999999999911e-01 -7.609999999999999577e-04 -6.713120000000000198e-01 -7.411750000000000282e-01 -6.679999999999999740e-04
3.000000000000000000e+01 3.000000000000000000e+00 4.300000000000000000e+01 0.000000000000000000e+00 1.600000000000000089e+00 -1.070999999999999903e-03 9.428000000000000616e-03 -9.999550000000000383e-01 7.351309999999999789e-01 -6.778870000000000173e-01 -7.178999999999999618e-03 -6.779239999999999711e-01 -7.351060000000000372e-01 -6.204999999999999578e-03
4.000000000000000000e+00 8.000000000000000000e+00 4.400000000000000000e+01 0.000000000000000000e+00 1.600000000000000089e+00 6.041999999999999628e-03 1.252900000000000021e-02 9.999029999999999863e-01 -7.886579999999999702e-01 -6.147059999999999746e-01 1.246700000000000065e-02 6.148029999999999884e-01 -7.886570000000000524e-01 6.166999999999999739e-03
1.200000000000000000e+01 6.500000000000000000e+01 4.600000000000000000e+01 0.000000000000000000e+00 1.600000000000000089e+00 -2.566000000000000138e-03 -1.119999999999999902e-03 9.999959999999999960e-01 6.798300000000000454e-01 -7.333690000000000486e-01 9.229999999999999923e-04 7.333659999999999624e-01 6.798290000000000166e-01 2.642999999999999950e-03
2.600000000000000000e+01 6.500000000000000000e+01 4.600000000000000000e+01 0.000000000000000000e+00 1.600000000000000089e+00 1.505999999999999960e-03 1.716999999999999993e-03 9.999970000000000248e-01 6.793730000000000047e-01 -7.337930000000000286e-01 2.369999999999999874e-04 7.337919999999999998e-01 6.793709999999999471e-01 -2.272000000000000148e-03
1.600000000000000000e+01 2.100000000000000000e+01 4.800000000000000000e+01 0.000000000000000000e+00 1.600000000000000089e+00 -2.853000000000000067e-03 -2.890000000000000208e-03 -9.999919999999999920e-01 3.069350000000000134e-01 9.517240000000000144e-01 -3.625999999999999883e-03 9.517259999999999609e-01 -3.069419999999999926e-01 -1.827999999999999981e-03
4.000000000000000000e+00 6.000000000000000000e+00 5.100000000000000000e+01 0.000000000000000000e+00 1.600000000000000089e+00 -4.730000000000000046e-04 1.951000000000000043e-03 -9.999980000000000535e-01 3.182240000000000069e-01 -9.480129999999999946e-01 -2.000000000000000042e-03 -9.480150000000000521e-01 -3.182240000000000069e-01 -1.730000000000000038e-04
1.000000000000000000e+01 7.000000000000000000e+00 5.200000000000000000e+01 0.000000000000000000e+00 1.600000000000000089e+00 4.800000000000000122e-04 -3.950000000000000061e-04 -1.000000000000000000e+00 9.365400000000000114e-02 -9.956049999999999622e-01 4.380000000000000213e-04 -9.956049999999999622e-01 -9.365500000000000214e-02 -4.409999999999999858e-04
3.000000000000000000e+01 7.000000000000000000e+00 5.200000000000000000e+01 0.000000000000000000e+00 1.600000000000000089e+00 -8.401999999999999746e-03 -9.910000000000000406e-03 -9.999160000000000270e-01 8.727100000000000135e-02 -9.961430000000000007e-01 9.138999999999999554e-03 -9.961489999999999512e-01 -8.718700000000000061e-02 9.233999999999999153e-03
2.700000000000000000e+01 5.800000000000000000e+01 5.200000000000000000e+01 0.000000000000000000e+00 1.600000000000000089e+00 2.610000000000000015e-04 -5.531000000000000326e-03 9.999850000000000128e-01 -6.247679999999999900e-01 7.807979999999999920e-01 4.481999999999999873e-03 -7.808100000000000041e-01 -6.247599999999999820e-01 -3.252000000000000116e-03
3.000000000000000000e+00 6.300000000000000000e+01 5.400000000000000000e+01 0.000000000000000000e+00 1.600000000000000089e+00 -5.760000000000000146e-04 3.256699999999999873e-02 9.994690000000000518e-01 -3.734500000000000042e-01 9.271509999999999474e-01 -3.042600000000000166e-02 -9.276499999999999746e-01 -3.732699999999999907e-01 1.162799999999999945e-02
1.400000000000000000e+01 6.300000000000000000e+01 5.400000000000000000e+01 0.000000000000000000e+00 1.600000000000000089e+00 3.184999999999999897e-03 -3.429999999999999889e-04 9.999949999999999672e-01 -3.830859999999999821e-01 9.237109999999999488e-01 1.536999999999999955e-03 -9.237069999999999448e-01 -3.830890000000000128e-01 2.809999999999999998e-03
2.400000000000000000e+01 6.300000000000000000e+01 5.400000000000000000e+01 0.000000000000000000e+00 1.600000000000000089e+00 -3.924999999999999670e-03 -1.271199999999999934e-02 9.999109999999999943e-01 -3.930100000000000260e-01 9.194780000000000175e-01 1.014699999999999977e-02 -9.195259999999999545e-01 -3.929360000000000075e-01 -8.604999999999999802e-03
2.700000000000000000e+01 6.300000000000000000e+01 5.400000000000000000e+01 0.000000000000000000e+00 1.600000000000000089e+00 -3.384999999999999988e-03 -8.545999999999999777e-03 9.999580000000000135e-01 -3.782869999999999844e-01 9.256640000000000423e-01 6.630999999999999742e-03 -9.256820000000000048e-01 -3.782490000000000019e-01 -6.366000000000000131e-03
1.200000000000000000e+01 2.500000000000000000e+01 5.500000000000000000e+01 0.000000000000000000e+00 1.600000000000000089e+00 -1.519900000000000070e-02 -2.208019999999999983e-01 9.751999999999999558e-01 4.183100000000000013e-02 9.743190000000000461e-01 2.212540000000000062e-01 -9.990090000000000359e-01 4.415600000000000080e-02 -5.571999999999999696e-03
1.400000000000000000e+01 2.600000000000000000e+01 5.500000000000000000e+01 0.000000000000000000e+00 1.600000000000000089e+00 -1.579500000000000001e-02 -2.918729999999999936e-01 9.563270000000000381e-01 9.107000000000000511e-03 9.563639999999999919e-01 2.920340000000000158e-01 -9.998340000000000005e-01 1.332200000000000051e-02 -1.244800000000000073e-02
5.000000000000000000e+00 5.800000000000000000e+01 5.900000000000000000e+01 0.000000000000000000e+00 1.600000000000000089e+00 -1.814500000000000002e-01 -5.622070000000000123e-01 8.068450000000000344e-01 1.975580000000000114e-01 -8.245770000000000044e-01 -5.301350000000000229e-01 9.633519999999999861e-01 6.320599999999999830e-02 2.606879999999999753e-01
4.000000000000000000e+00 2.000000000000000000e+01 6.000000000000000000e+01 0.000000000000000000e+00 1.600000000000000089e+00 1.108000000000000044e-03 -4.154999999999999839e-03 9.999909999999999632e-01 -6.481599999999999862e-02 9.978879999999999972e-01 4.218000000000000395e-03 -9.978970000000000340e-01 -6.482000000000000262e-02 8.360000000000000460e-04
9.000000000000000000e+00 2.000000000000000000e+01 6.000000000000000000e+01 0.000000000000000000e+00 1.600000000000000089e+00 1.453999999999999997e-03 1.000000000000000021e-03 9.999980000000000535e-01 -6.478299999999999337e-02 9.978989999999999805e-01 -9.039999999999999642e-04 -9.978979999999999517e-01 -6.478100000000000525e-02 1.515999999999999986e-03
1.600000000000000000e+01 2.100000000000000000e+01 6.000000000000000000e+01 0.000000000000000000e+00 1.600000000000000089e+00 9.399999999999999719e-04 1.938999999999999968e-03 9.999980000000000535e-01 -9.559499999999999942e-02 9.954190000000000538e-01 -1.840000000000000056e-03 -9.954199999999999715e-01 -9.559299999999999742e-02 1.121000000000000035e-03
2.100000000000000000e+01 2.100000000000000000e+01 6.000000000000000000e+01 0.000000000000000000e+00 1.600000000000000089e+00 -3.750000000000000078e-04 4.530000000000000064e-04 1.000000000000000000e+00 -9.313299999999999357e-02 9.956540000000000390e-01 -4.859999999999999954e-04 -9.956540000000000390e-01 -9.313299999999999357e-02 -3.310000000000000225e-04
2.500000000000000000e+01 2.100000000000000000e+01 6.000000000000000000e+01 0.000000000000000000e+00 1.600000000000000089e+00 -3.840000000000000097e-04 7.690000000000000438e-04 1.000000000000000000e+00 -9.396999999999999797e-02 9.955749999999999877e-01 -8.019999999999999785e-04 -9.955749999999999877e-01 -9.396999999999999797e-02 -3.099999999999999999e-04
3.000000000000000000e+01 2.100000000000000000e+01 6.000000000000000000e+01 0.000000000000000000e+00 1.600000000000000089e+00 7.129999999999999836e-04 3.792999999999999931e-03 9.999930000000000208e-01 -9.416299999999999670e-02 9.955500000000000460e-01 -3.709000000000000057e-03 -9.955570000000000253e-01 -9.415900000000000658e-02 1.067000000000000023e-03
9.000000000000000000e+00 3.000000000000000000e+00 6.300000000000000000e+01 0.000000000000000000e+00 1.600000000000000089e+00 8.329999999999999731e-04 2.906999999999999862e-03 9.999949999999999672e-01 -6.178059999999999663e-01 7.863280000000000269e-01 -1.771000000000000005e-03 -7.863299999999999734e-01 -6.178019999999999623e-01 2.451000000000000054e-03
2.000000000000000000e+00 2.700000000000000000e+01 6.300000000000000000e+01 0.000000000000000000e+00 1.600000000000000089e+00 6.430000000000000169e-04 5.631999999999999854e-03 9.999839999999999840e-01 -2.820210000000000217e-01 9.593939999999999690e-01 -5.222000000000000079e-03 -9.594080000000000386e-01 -2.820130000000000137e-01 2.204999999999999929e-03
1.100000000000000000e+01 2.700000000000000000e+01 6.300000000000000000e+01 0.000000000000000000e+00 1.600000000000000089e+00 2.161999999999999859e-03 -4.166999999999999697e-03 9.999890000000000168e-01 -2.889410000000000034e-01 9.573359999999999648e-01 4.614000000000000046e-03 -9.573439999999999728e-01 -2.889479999999999826e-01 8.649999999999999920e-04
1.700000000000000000e+01 2.700000000000000000e+01 6.300000000000000000e+01 0.000000000000000000e+00 1.600000000000000089e+00 1.350999999999999987e-03 4.938999999999999814e-03 9.999869999999999592e-01 -2.809320000000000150e-01 9.597179999999999600e-01 -4.360000000000000160e-03 -9.597269999999999968e-01 -2.809229999999999783e-01 2.684000000000000188e-03
2.000000000000000000e+01 2.700000000000000000e+01 6.300000000000000000e+01 0.000000000000000000e+00 1.600000000000000089e+00 6.740000000000000114e-04 1.237000000000000035e-03 9.999989999999999712e-01 -2.801199999999999801e-01 9.599640000000000395e-01 -9.990000000000001049e-04 -9.599649999999999572e-01 -2.801190000000000069e-01 9.940000000000000918e-04
3.000000000000000000e+00 4.400000000000000000e+01 6.300000000000000000e+01 0.000000000000000000e+00 1.600000000000000089e+00 -9.860399999999999721e-02 -6.216169999999999751e-01 -7.770899999999999475e-01 -7.416009999999999547e-01 -4.748029999999999751e-01 4.739090000000000247e-01 -6.635550000000000059e-01 6.230200000000000182e-01 -4.141739999999999866e-01
7.000000000000000000e+00 4.400000000000000000e+01 6.300000000000000000e+01 0.000000000000000000e+00 1.600000000000000089e+00 -1.948799999999999838e-02 -9.027599999999999514e-02 -9.957260000000000000e-01 -6.872770000000000268e-01 -7.220959999999999601e-01 7.891900000000000304e-02 -7.261339999999999462e-01 6.858779999999999877e-01 -4.797300000000000175e-02
1.100000000000000000e+01 4.400000000000000000e+01 6.300000000000000000e+01 0.000000000000000000e+00 1.600000000000000089e+00 -5.571999999999999696e-03 -1.339000000000000086e-02 -9.998949999999999783e-01 -6.595389999999999864e-01 -7.515439999999999898e-01 1.373899999999999948e-02 -7.516490000000000116e-01 6.595469999999999944e-01 -4.643999999999999691e-03
1.400000000000000000e+01 4.400000000000000000e+01 6.300000000000000000e+01 0.000000000000000000e+00 1.600000000000000089e+00 -4.104000000000000009e-03 -6.780000000000000002e-04 -9.999909999999999632e-01 -6.452529999999999655e-01 -7.639620000000000299e-01 3.165999999999999977e-03 -7.639580000000000259e-01 6.452609999999999735e-01 2.697999999999999877e-03
2.000000000000000000e+01 4.400000000000000000e+01 6.300000000000000000e+01 0.000000000000000000e+00 1.600000000000000089e+00 1.972999999999999927e-03 2.442199999999999926e-02 -9.997000000000000330e-01 -6.362219999999999542e-01 -7.712449999999999584e-01 -2.009700000000000028e-02 -7.715039999999999676e-01 6.360700000000000243e-01 1.401600000000000068e-02
2.300000000000000000e+01 4.400000000000000000e+01 6.300000000000000000e+01 0.000000000000000000e+00 1.600000000000000089e+00 4.943000000000000345e-03 1.960999999999999896e-02 -9.997960000000000180e-01 -6.366249999999999964e-01 -7.709580000000000322e-01 -1.826900000000000052e-02 -7.711580000000000101e-01 6.365849999999999564e-01 8.673000000000000154e-03
3.000000000000000000e+01 4.400000000000000000e+01 6.300000000000000000e+01 0.000000000000000000e+00 1.600000000000000089e+00 1.093000000000000005e-03 -2.148000000000000170e-03 -9.999970000000000248e-01 -6.508720000000000061e-01 -7.591869999999999452e-01 9.190000000000000035e-04 -7.591869999999999452e-01 6.508690000000000309e-01 -2.227999999999999946e-03
