1.600000000000000000e+01 1.000000000000000000e+01 7.000000000000000000e+00 0.000000000000000000e+00 1.600000000000000089e+00 3.272900000000000115e-02 -7.922999999999999488e-03 9.994330000000000158e-01 7.948389999999999622e-01 -6.060370000000000479e-01 -3.083400000000000030e-02 6.059369999999999479e-01 7.953970000000000207e-01 -1.353700000000000042e-02
1.000000000000000000e+01 1.010000000000000000e+02 7.000000000000000000e+00 0.000000000000000000e+00 1.600000000000000089e+00 9.560000000000000355e-04 -2.750000000000000166e-04 1.000000000000000000e+00 8.862269999999999870e-01 4.632510000000000239e-01 -7.200000000000000453e-04 -4.632499999999999951e-01 8.862269999999999870e-01 6.859999999999999779e-04
1.300000000000000000e+01 1.010000000000000000e+02 7.000000000000000000e+00 0.000000000000000000e+00 1.600000000000000089e+00 -1.859999999999999945e-04 -2.834000000000000147e-03 9.999959999999999960e-01 8.870590000000000419e-01 4.616540000000000088e-01 1.472999999999999917e-03 -4.616560000000000108e-01 8.870559999999999556e-01 2.428000000000000037e-03
2.100000000000000000e+01 1.010000000000000000e+02 7.000000000000000000e+00 0.000000000000000000e+00 1.600000000000000089e+00 -3.537999999999999912e-03 -1.565199999999999925e-02 9.998709999999999543e-01 8.882499999999999840e-01 4.592439999999999856e-01 1.033199999999999917e-02 -4.593470000000000053e-01 8.881719999999999615e-01 1.227800000000000072e-02
2.300000000000000000e+01 1.010000000000000000e+02 7.000000000000000000e+00 0.000000000000000000e+00 1.600000000000000089e+00 -3.250999999999999984e-03 -1.851600000000000121e-02 9.998230000000000173e-01 8.890970000000000262e-01 4.575790000000000135e-01 1.136500000000000010e-02 -4.577080000000000037e-01 8.889759999999999884e-01 1.497500000000000046e-02
2.700000000000000000e+01 1.010000000000000000e+02 7.000000000000000000e+00 0.000000000000000000e+00 1.600000000000000089e+00 -4.338999999999999975e-03 -1.466800000000000048e-02 9.998829999999999663e-01 8.904819999999999958e-01 4.548969999999999958e-01 1.053699999999999949e-02 -4.549980000000000135e-01 8.904229999999999645e-01 1.108699999999999963e-02
6.000000000000000000e+00 2.500000000000000000e+01 8.000000000000000000e+00 0.000000000000000000e+00 1.600000000000000089e+00 -2.112000000000000162e-03 1.095000000000000053e-03 -9.999970000000000248e-01 4.319330000000000114e-01 9.019059999999999855e-01 7.600000000000000418e-05 9.019030000000000102e-01 -4.319310000000000094e-01 -2.377999999999999906e-03
1.000000000000000000e+01 2.500000000000000000e+01 8.000000000000000000e+00 0.000000000000000000e+00 1.600000000000000089e+00 -2.028999999999999988e-03 -1.860000000000000108e-03 -9.999959999999999960e-01 4.324299999999999811e-01 9.016640000000000210e-01 -2.553999999999999847e-03 9.016650000000000498e-01 -4.324339999999999851e-01 -1.025000000000000086e-03
1.600000000000000000e+01 2.500000000000000000e+01 8.000000000000000000e+00 0.000000000000000000e+00 1.600000000000000089e+00 1.369999999999999907e-03 9.219999999999999680e-04 -9.999989999999999712e-01 4.368139999999999801e-01 8.995509999999999895e-01 1.428000000000000016e-03 8.995509999999999895e-01 -4.368150000000000088e-01 8.300000000000000086e-04
2.200000000000000000e+01 2.500000000000000000e+01 8.000000000000000000e+00 0.000000000000000000e+00 1.600000000000000089e+00 2.910000000000000260e-04 2.432000000000000134e-03 -9.999970000000000248e-01 4.358730000000000104e-01 9.000050000000000550e-01 2.314999999999999784e-03 9.000080000000000302e-01 -4.358719999999999817e-01 -7.979999999999999897e-04
2.700000000000000000e+01 2.500000000000000000e+01 8.000000000000000000e+00 0.000000000000000000e+00 1.600000000000000089e+00 -3.206000000000000082e-03 -1.740000000000000010e-03 -9.999930000000000208e-01 4.362320000000000086e-01 8.998289999999999900e-01 -2.965000000000000187e-03 8.998279999999999612e-01 -4.362389999999999879e-01 -2.125999999999999852e-03
5.000000000000000000e+00 2.400000000000000000e+01 9.000000000000000000e+00 0.000000000000000000e+00 1.600000000000000089e+00 -6.350000000000000392e-04 1.907000000000000058e-03 -9.999980000000000535e-01 4.374350000000000183e-01 8.992489999999999650e-01 1.436999999999999909e-03 8.992499999999999938e-01 -4.374339999999999895e-01 -1.404999999999999999e-03
1.300000000000000000e+01 2.400000000000000000e+01 9.000000000000000000e+00 0.000000000000000000e+00 1.600000000000000089e+00 -5.800000000000000034e-04 -2.413999999999999913e-03 -9.999970000000000248e-01 4.409750000000000059e-01 8.975159999999999805e-01 -2.422999999999999807e-03 8.975189999999999557e-01 -4.409750000000000059e-01 5.439999999999999957e-04
1.600000000000000000e+01 2.400000000000000000e+01 9.000000000000000000e+00 0.000000000000000000e+00 1.600000000000000089e+00 1.314000000000000064e-03 6.139999999999999625e-04 -9.999989999999999712e-01 4.435140000000000193e-01 8.962670000000000359e-01 1.132999999999999893e-03 8.962660000000000071e-01 -4.435149999999999926e-01 9.060000000000000128e-04
1.900000000000000000e+01 2.400000000000000000e+01 9.000000000000000000e+00 0.000000000000000000e+00 1.600000000000000089e+00 1.317000000000000028e-03 4.092000000000000151e-03 -9.999909999999999632e-01 4.432110000000000216e-01 8.964069999999999538e-01 4.251999999999999703e-03 8.964170000000000194e-01 -4.432119999999999949e-01 -6.329999999999999906e-04
2.700000000000000000e+01 2.400000000000000000e+01 9.000000000000000000e+00 0.000000000000000000e+00 1.600000000000000089e+00 -3.226000000000000135e-03 -2.236999999999999839e-03 -9.999919999999999920e-01 4.427960000000000229e-01 8.966159999999999686e-01 -3.433999999999999986e-03 8.966159999999999686e-01 -4.428039999999999754e-01 -1.902000000000000045e-03
2.000000000000000000e+00 4.000000000000000000e+00 1.100000000000000000e+01 0.000000000000000000e+00 1.600000000000000089e+00 -4.290000000000000193e-04 6.185800000000000326e-02 9.980850000000000000e-01 1.683129999999999904e-01 -9.838409999999999656e-01 6.104799999999999810e-02 9.857339999999999991e-01 1.680169999999999997e-01 -9.990000000000000616e-03
1.900000000000000000e+01 4.000000000000000000e+00 1.100000000000000000e+01 0.000000000000000000e+00 1.600000000000000089e+00 4.970000000000000459e-04 -2.264000000000000040e-02 9.997439999999999660e-01 1.745230000000000115e-01 -9.843990000000000240e-01 -2.237899999999999959e-02 9.846530000000000005e-01 1.744900000000000062e-01 3.461999999999999800e-03
2.500000000000000000e+01 4.000000000000000000e+00 1.100000000000000000e+01 0.000000000000000000e+00 1.600000000000000089e+00 2.315999999999999916e-03 -1.260700000000000015e-02 9.999179999999999735e-01 1.773270000000000124e-01 -9.840689999999999715e-01 -1.281799999999999953e-02 9.841490000000000515e-01 1.773419999999999996e-01 -4.399999999999999886e-05
1.700000000000000000e+01 3.200000000000000000e+01 1.400000000000000000e+01 0.000000000000000000e+00 1.600000000000000089e+00 -5.850000000000000165e-04 6.000000000000000152e-06 -1.000000000000000000e+00 1.217769999999999964e-01 9.925580000000000513e-01 -6.499999999999999431e-05 9.925570000000000226e-01 -1.217769999999999964e-01 -5.820000000000000520e-04
2.100000000000000000e+01 3.200000000000000000e+01 1.400000000000000000e+01 0.000000000000000000e+00 1.600000000000000089e+00 1.910000000000000077e-04 4.377999999999999947e-03 -9.999900000000000455e-01 1.217860000000000054e-01 9.925469999999999571e-01 4.368000000000000355e-03 9.925559999999999938e-01 -1.217860000000000054e-01 -3.440000000000000132e-04
7.000000000000000000e+00 1.200000000000000000e+01 1.600000000000000000e+01 0.000000000000000000e+00 1.600000000000000089e+00 1.443000000000000055e-03 -3.200000000000000262e-04 9.999989999999999712e-01 2.641830000000000012e-01 -9.644719999999999960e-01 -6.899999999999999667e-04 9.644709999999999672e-01 2.641839999999999744e-01 -1.307000000000000002e-03
4.000000000000000000e+00 1.160000000000000000e+02 1.600000000000000000e+01 0.000000000000000000e+00 1.600000000000000089e+00 -3.722000000000000048e-03 -1.868000000000000086e-03 9.999909999999999632e-01 7.558160000000000434e-01 6.547720000000000207e-01 4.035999999999999657e-03 -6.547739999999999672e-01 7.558240000000000514e-01 -1.025000000000000086e-03
2.100000000000000000e+01 1.160000000000000000e+02 1.600000000000000000e+01 0.000000000000000000e+00 1.600000000000000089e+00 1.631000000000000071e-03 -2.779999999999999811e-04 9.999989999999999712e-01 7.002169999999999783e-01 7.139299999999999535e-01 -9.430000000000000448e-04 -7.139280000000000070e-01 7.002169999999999783e-01 1.358999999999999965e-03
7.000000000000000000e+00 2.000000000000000000e+00 1.900000000000000000e+01 0.000000000000000000e+00 1.600000000000000089e+00 1.129999999999999955e-04 -1.976299999999999932e-02 -9.998050000000000548e-01 3.573660000000000170e-01 -9.337809999999999722e-01 1.849800000000000055e-02 -9.339640000000000164e-01 -3.572980000000000045e-01 6.956999999999999643e-03
1.700000000000000000e+01 2.000000000000000000e+00 1.900000000000000000e+01 0.000000000000000000e+00 1.600000000000000089e+00 6.193999999999999853e-03 -1.756399999999999975e-02 -9.998270000000000213e-01 3.592650000000000010e-01 -9.330500000000000460e-01 1.861600000000000060e-02 -9.332150000000000167e-01 -3.593180000000000263e-01 5.310000000000000050e-04
8.000000000000000000e+00 3.000000000000000000e+00 1.900000000000000000e+01 0.000000000000000000e+00 1.600000000000000089e+00 -5.950000000000000427e-04 -2.153800000000000159e-02 -9.997679999999999900e-01 3.392220000000000235e-01 -9.404919999999999947e-01 2.005900000000000044e-02 -9.407060000000000421e-01 -3.391319999999999890e-01 7.865999999999999728e-03
1.800000000000000000e+01 3.000000000000000000e+00 1.900000000000000000e+01 0.000000000000000000e+00 1.600000000000000089e+00 4.721999999999999635e-03 -1.026900000000000035e-02 -9.999360000000000470e-01 3.316649999999999876e-01 -9.433300000000000018e-01 1.125400000000000011e-02 -9.433859999999999468e-01 -3.316970000000000196e-01 -1.049000000000000019e-03
2.200000000000000000e+01 3.000000000000000000e+00 1.900000000000000000e+01 0.000000000000000000e+00 1.600000000000000089e+00 3.840000000000000097e-04 -1.050000000000000044e-04 -1.000000000000000000e+00 3.330620000000000247e-01 -9.429049999999999931e-01 2.269999999999999882e-04 -9.429049999999999931e-01 -3.330620000000000247e-01 -3.269999999999999795e-04
2.600000000000000000e+01 3.000000000000000000e+00 1.900000000000000000e+01 0.000000000000000000e+00 1.600000000000000089e+00 -4.094999999999999682e-03 1.840800000000000075e-02 -9.998219999999999885e-01 3.378249999999999864e-01 -9.410230000000000539e-01 -1.870899999999999994e-02 -9.412000000000000366e-01 -3.378419999999999757e-01 -2.364999999999999915e-03
2.900000000000000000e+01 3.000000000000000000e+00 1.900000000000000000e+01 0.000000000000000000e+00 1.600000000000000089e+00 -7.242000000000000173e-03 2.201300000000000132e-02 -9.997310000000000363e-01 3.419860000000000122e-01 -9.394190000000000040e-01 -2.316299999999999956e-02 -9.396769999999999845e-01 -3.420619999999999772e-01 -7.249999999999999500e-04
5.000000000000000000e+00 1.300000000000000000e+01 2.000000000000000000e+01 0.000000000000000000e+00 1.600000000000000089e+00 6.899999999999999667e-04 2.439999999999999895e-03 9.999970000000000248e-01 2.632030000000000203e-01 9.647369999999999557e-01 -2.536000000000000060e-03 -9.647400000000000420e-01 2.632039999999999935e-01 2.300000000000000002e-05
9.000000000000000000e+00 1.300000000000000000e+01 2.000000000000000000e+01 0.000000000000000000e+00 1.600000000000000089e+00 7.560000000000000530e-04 4.843000000000000083e-03 9.999879999999999880e-01 2.635689999999999977e-01 9.646280000000000410e-01 -4.871000000000000330e-03 -9.646400000000000530e-01 2.635689999999999977e-01 -5.469999999999999602e-04
1.300000000000000000e+01 1.300000000000000000e+01 2.000000000000000000e+01 0.000000000000000000e+00 1.600000000000000089e+00 5.770000000000000389e-04 1.105000000000000079e-03 9.999989999999999712e-01 2.614469999999999850e-01 9.652169999999999916e-01 -1.217999999999999899e-03 -9.652180000000000204e-01 2.614480000000000137e-01 2.680000000000000090e-04
2.000000000000000000e+01 1.300000000000000000e+01 2.000000000000000000e+01 0.000000000000000000e+00 1.600000000000000089e+00 -1.420000000000000092e-04 -1.283000000000000069e-03 9.999989999999999712e-01 2.595830000000000082e-01 9.657200000000000228e-01 1.275000000000000092e-03 -9.657210000000000516e-01 2.595830000000000082e-01 1.959999999999999937e-04
2.400000000000000000e+01 1.300000000000000000e+01 2.000000000000000000e+01 0.000000000000000000e+00 1.600000000000000089e+00 8.090000000000000403e-04 -1.371000000000000040e-03 9.999989999999999712e-01 2.584969999999999768e-01 9.660109999999999530e-01 1.116000000000000021e-03 -9.660119999999999818e-01 2.584960000000000035e-01 1.136000000000000074e-03
5.000000000000000000e+00 1.600000000000000000e+01 2.100000000000000000e+01 0.000000000000000000e+00 1.600000000000000089e+00 6.170000000000000354e-04 2.899000000000000101e-03 9.999959999999999960e-01 2.998379999999999934e-01 9.539860000000000007e-01 -2.951000000000000064e-03 -9.539900000000000047e-01 2.998379999999999934e-01 -2.809999999999999998e-04
1.200000000000000000e+01 1.600000000000000000e+01 2.100000000000000000e+01 0.000000000000000000e+00 1.600000000000000089e+00 3.609999999999999928e-04 2.671000000000000197e-03 9.999959999999999960e-01 2.991219999999999990e-01 9.542110000000000314e-01 -2.657000000000000074e-03 -9.542150000000000354e-01 2.991219999999999990e-01 -4.539999999999999765e-04
1.100000000000000000e+01 2.000000000000000000e+00 2.500000000000000000e+01 0.000000000000000000e+00 1.600000000000000089e+00 1.016399999999999942e-02 -3.532400000000000123e-02 9.993239999999999901e-01 8.536199999999999344e-02 -9.956970000000000542e-01 -3.606399999999999884e-02 9.962980000000000169e-01 8.567099999999999715e-02 -7.105000000000000204e-03
2.000000000000000000e+00 3.000000000000000000e+00 2.500000000000000000e+01 0.000000000000000000e+00 1.600000000000000089e+00 2.432000000000000134e-03 -3.589999999999999984e-04 9.999970000000000248e-01 3.562300000000000189e-02 -9.993649999999999478e-01 -4.449999999999999746e-04 9.993619999999999726e-01 3.562300000000000189e-02 -2.416999999999999878e-03
1.000000000000000000e+01 3.000000000000000000e+00 2.500000000000000000e+01 0.000000000000000000e+00 1.600000000000000089e+00 5.898999999999999730e-03 -3.119699999999999904e-02 9.994960000000000511e-01 4.073000000000000231e-03 -9.995039999999999480e-01 -3.122099999999999875e-02 9.999740000000000295e-01 4.255000000000000102e-03 -5.768999999999999823e-03
1.700000000000000000e+01 3.000000000000000000e+00 2.500000000000000000e+01 0.000000000000000000e+00 1.600000000000000089e+00 3.078000000000000007e-03 -1.056099999999999921e-02 9.999400000000000510e-01 -3.282399999999999901e-02 -9.994060000000000166e-01 -1.045500000000000075e-02 9.994560000000000111e-01 -3.278999999999999970e-02 -3.422999999999999828e-03
2.300000000000000000e+01 3.000000000000000000e+00 2.500000000000000000e+01 0.000000000000000000e+00 1.600000000000000089e+00 -1.544000000000000017e-03 1.851999999999999914e-03 9.999970000000000248e-01 -3.398500000000000132e-02 -9.994210000000000038e-01 1.797999999999999902e-03 9.994210000000000038e-01 -3.398299999999999932e-02 1.606000000000000006e-03
2.300000000000000000e+01 4.600000000000000000e+01 2.700000000000000000e+01 0.000000000000000000e+00 1.600000000000000089e+00 -1.330000000000000019e-03 -1.730000000000000038e-04 -9.999989999999999712e-01 6.764130000000000420e-01 7.365209999999999813e-01 -1.026999999999999918e-03 7.365209999999999813e-01 -6.764139999999999597e-01 -8.620000000000000275e-04
5.000000000000000000e+00 4.600000000000000000e+01 3.500000000000000000e+01 0.000000000000000000e+00 1.600000000000000089e+00 -1.075999999999999917e-03 -2.928000000000000047e-03 -9.999949999999999672e-01 3.918760000000000021e-01 -9.200150000000000272e-01 2.272000000000000148e-03 -9.200180000000000025e-01 -3.918710000000000249e-01 2.137000000000000011e-03
1.300000000000000000e+01 4.600000000000000000e+01 3.500000000000000000e+01 0.000000000000000000e+00 1.600000000000000089e+00 -4.000000000000000327e-05 1.789999999999999870e-04 -1.000000000000000000e+00 3.917209999999999859e-01 -9.200840000000000130e-01 -1.800000000000000113e-04 -9.200840000000000130e-01 -3.917209999999999859e-01 -3.300000000000000253e-05
2.300000000000000000e+01 4.600000000000000000e+01 3.500000000000000000e+01 0.000000000000000000e+00 1.600000000000000089e+00 -1.262000000000000101e-03 -1.100000000000000039e-04 -9.999989999999999712e-01 3.906959999999999877e-01 -9.205200000000000049e-01 -3.919999999999999873e-04 -9.205189999999999761e-01 -3.906970000000000165e-01 1.204999999999999908e-03
1.500000000000000000e+01 9.500000000000000000e+01 3.600000000000000000e+01 0.000000000000000000e+00 1.600000000000000089e+00 3.180000000000000101e-03 9.645000000000000795e-03 9.999479999999999480e-01 9.967019999999999769e-01 8.105099999999999805e-02 -3.950999999999999651e-03 -8.108500000000000429e-02 9.966629999999999656e-01 -9.355000000000000468e-03
2.100000000000000000e+01 9.500000000000000000e+01 3.600000000000000000e+01 0.000000000000000000e+00 1.600000000000000089e+00 2.785000000000000149e-03 5.958999999999999887e-03 9.999780000000000335e-01 9.962419999999999609e-01 8.655000000000000193e-02 -3.289999999999999956e-03 -8.656800000000000606e-02 9.962299999999999489e-01 -5.695999999999999674e-03
8.000000000000000000e+00 9.500000000000000000e+01 3.700000000000000000e+01 0.000000000000000000e+00 1.600000000000000089e+00 -1.618999999999999996e-03 -1.147399999999999982e-02 9.999329999999999607e-01 9.948280000000000456e-01 1.015390000000000043e-01 2.775999999999999822e-03 -1.015640000000000015e-01 9.947650000000000103e-01 1.124999999999999958e-02
2.000000000000000000e+00 6.000000000000000000e+01 3.900000000000000000e+01 0.000000000000000000e+00 1.600000000000000089e+00 -2.645999999999999915e-03 -9.053999999999999548e-03 -9.999559999999999560e-01 2.958540000000000059e-01 -9.552009999999999668e-01 7.865999999999999728e-03 -9.552289999999999948e-01 -2.958200000000000274e-01 5.205999999999999690e-03
4.000000000000000000e+00 2.900000000000000000e+01 4.400000000000000000e+01 0.000000000000000000e+00 1.600000000000000089e+00 -2.040000000000000147e-03 -3.972999999999999969e-03 -9.999900000000000455e-01 6.596649999999999459e-01 7.515469999999999651e-01 -4.331999999999999913e-03 7.515570000000000306e-01 -6.596670000000000034e-01 1.087999999999999991e-03
1.300000000000000000e+01 2.900000000000000000e+01 4.400000000000000000e+01 0.000000000000000000e+00 1.600000000000000089e+00 3.060000000000000111e-04 -1.840000000000000001e-04 -1.000000000000000000e+00 6.616060000000000274e-01 7.498510000000000453e-01 6.399999999999999710e-05 7.498510000000000453e-01 -6.616060000000000274e-01 3.510000000000000208e-04
2.300000000000000000e+01 2.900000000000000000e+01 4.400000000000000000e+01 0.000000000000000000e+00 1.600000000000000089e+00 -6.399999999999999710e-05 2.233999999999999875e-03 -9.999970000000000248e-01 6.617480000000000029e-01 7.497249999999999748e-01 1.631999999999999987e-03 7.497260000000000035e-01 -6.617459999999999454e-01 -1.526000000000000013e-03
2.700000000000000000e+01 2.900000000000000000e+01 4.400000000000000000e+01 0.000000000000000000e+00 1.600000000000000089e+00 -9.870000000000000301e-04 3.840999999999999796e-03 -9.999919999999999920e-01 6.431419999999999915e-01 7.657429999999999515e-01 2.307000000000000023e-03 7.657460000000000377e-01 -6.431350000000000122e-01 -3.226000000000000135e-03
1.800000000000000000e+01 5.000000000000000000e+00 5.100000000000000000e+01 0.000000000000000000e+00 1.600000000000000089e+00 -1.800000000000000113e-04 7.115999999999999930e-03 -9.999749999999999472e-01 4.884569999999999745e-01 -8.725659999999999528e-01 -6.297999999999999779e-03 -8.725880000000000303e-01 -4.884450000000000180e-01 -3.318999999999999902e-03
2.100000000000000000e+01 6.000000000000000000e+00 5.100000000000000000e+01 0.000000000000000000e+00 1.600000000000000089e+00 6.899999999999999667e-05 4.375000000000000416e-03 -9.999900000000000455e-01 3.151010000000000200e-01 -9.490490000000000315e-01 -4.129999999999999991e-03 -9.490579999999999572e-01 -3.150979999999999892e-01 -1.443999999999999971e-03
3.000000000000000000e+00 1.150000000000000000e+02 5.100000000000000000e+01 0.000000000000000000e+00 1.600000000000000089e+00 -3.291999999999999788e-03 -4.517000000000000182e-03 9.999839999999999840e-01 8.474279999999999591e-01 -5.309110000000000218e-01 3.910000000000000172e-04 5.309009999999999563e-01 8.474159999999999471e-01 5.576000000000000227e-03
7.000000000000000000e+00 1.150000000000000000e+02 5.100000000000000000e+01 0.000000000000000000e+00 1.600000000000000089e+00 2.500000000000000120e-05 4.539999999999999765e-04 1.000000000000000000e+00 8.467019999999999547e-01 -5.320669999999999566e-01 2.200000000000000078e-04 5.320679999999999854e-01 8.467019999999999547e-01 -3.980000000000000248e-04
2.800000000000000000e+01 5.800000000000000000e+01 5.200000000000000000e+01 0.000000000000000000e+00 1.600000000000000089e+00 1.569999999999999944e-04 -5.642999999999999579e-03 9.999839999999999840e-01 -6.304100000000000259e-01 7.762489999999999668e-01 4.479000000000000342e-03 -7.762620000000000076e-01 -6.304009999999999891e-01 -3.435999999999999818e-03
9.000000000000000000e+00 6.300000000000000000e+01 5.400000000000000000e+01 0.000000000000000000e+00 1.600000000000000089e+00 1.425999999999999967e-03 -2.007999999999999802e-03 9.999970000000000248e-01 -3.462819999999999787e-01 9.381270000000000442e-01 2.377999999999999906e-03 -9.381289999999999907e-01 -3.462839999999999807e-01 6.430000000000000169e-04
1.300000000000000000e+01 6.300000000000000000e+01 5.400000000000000000e+01 0.000000000000000000e+00 1.600000000000000089e+00 -7.500000000000000156e-04 9.070000000000000371e-04 9.999989999999999712e-01 -3.423200000000000132e-01 9.395829999999999460e-01 -1.108999999999999960e-03 -9.395829999999999460e-01 -3.423200000000000132e-01 -3.939999999999999817e-04
2.200000000000000000e+01 6.300000000000000000e+01 5.400000000000000000e+01 0.000000000000000000e+00 1.600000000000000089e+00 -2.369999999999999874e-04 2.912999999999999791e-03 9.999959999999999960e-01 -3.462509999999999755e-01 9.381380000000000274e-01 -2.814999999999999794e-03 -9.381420000000000314e-01 -3.462500000000000022e-01 7.860000000000000233e-04
1.700000000000000000e+01 2.500000000000000000e+01 5.500000000000000000e+01 0.000000000000000000e+00 1.600000000000000089e+00 1.234999999999999987e-03 4.800000000000000122e-05 -9.999989999999999712e-01 -1.157700000000000048e-02 -9.999329999999999607e-01 -6.200000000000000270e-05 -9.999320000000000430e-01 1.157700000000000048e-02 -1.234000000000000071e-03
2.400000000000000000e+01 2.500000000000000000e+01 5.500000000000000000e+01 0.000000000000000000e+00 1.600000000000000089e+00 -1.110000000000000011e-04 1.626000000000000058e-03 -9.999989999999999712e-01 -1.142999999999999919e-02 -9.999329999999999607e-01 -1.624999999999999925e-03 -9.999350000000000183e-01 1.142999999999999919e-02 1.299999999999999886e-04
2.100000000000000000e+01 2.000000000000000000e+01 6.000000000000000000e+01 0.000000000000000000e+00 1.600000000000000089e+00 -7.770000000000000214e-04 -3.680000000000000003e-04 1.000000000000000000e+00 -6.275000000000000022e-02 9.980290000000000550e-01 3.179999999999999776e-04 -9.980290000000000550e-01 -6.275000000000000022e-02 -7.979999999999999897e-04
2.600000000000000000e+01 2.000000000000000000e+01 6.000000000000000000e+01 0.000000000000000000e+00 1.600000000000000089e+00 1.580999999999999940e-03 2.487000000000000061e-03 9.999959999999999960e-01 -6.137999999999999706e-02 9.981119999999999992e-01 -2.384999999999999967e-03 -9.981130000000000280e-01 -6.137600000000000000e-02 1.730999999999999900e-03
6.000000000000000000e+00 2.100000000000000000e+01 6.000000000000000000e+01 0.000000000000000000e+00 1.600000000000000089e+00 9.120000000000000502e-04 -1.149999999999999981e-03 9.999989999999999712e-01 -9.280499999999999861e-02 9.956829999999999847e-01 1.229999999999999974e-03 -9.956840000000000135e-01 -9.280599999999999961e-02 8.009999999999999542e-04
1.300000000000000000e+01 2.100000000000000000e+01 6.000000000000000000e+01 0.000000000000000000e+00 1.600000000000000089e+00 -5.240000000000000517e-04 7.232999999999999846e-03 9.999740000000000295e-01 -9.701400000000000301e-02 9.952569999999999473e-01 -7.249000000000000235e-03 -9.952830000000000288e-01 -9.701500000000000401e-02 1.800000000000000113e-04
1.700000000000000000e+01 2.100000000000000000e+01 6.000000000000000000e+01 0.000000000000000000e+00 1.600000000000000089e+00 1.319999999999999993e-03 3.305000000000000212e-03 9.999940000000000495e-01 -9.618899999999999673e-02 9.953579999999999650e-01 -3.163000000000000013e-03 -9.953619999999999690e-01 -9.618400000000000560e-02 1.631999999999999987e-03
2.900000000000000000e+01 2.100000000000000000e+01 6.000000000000000000e+01 0.000000000000000000e+00 1.600000000000000089e+00 4.240000000000000062e-04 -2.830000000000000050e-03 9.999959999999999960e-01 -9.483099999999999863e-02 9.954889999999999572e-01 2.857999999999999863e-03 -9.954929999999999612e-01 -9.483199999999999963e-02 1.540000000000000028e-04
2.400000000000000000e+01 6.700000000000000000e+01 6.000000000000000000e+01 0.000000000000000000e+00 1.600000000000000089e+00 -7.649999999999999465e-04 -4.154999999999999839e-03 9.999909999999999632e-01 1.728389999999999926e-01 -9.849419999999999842e-01 -3.959999999999999978e-03 9.849499999999999922e-01 1.728339999999999876e-01 1.472000000000000001e-03
1.400000000000000000e+01 3.000000000000000000e+00 6.300000000000000000e+01 0.000000000000000000e+00 1.600000000000000089e+00 1.304000000000000038e-03 -5.462999999999999974e-03 9.999839999999999840e-01 -6.122499999999999609e-01 7.906480000000000175e-01 5.118000000000000153e-03 -7.906630000000000047e-01 -6.122469999999999857e-01 -2.314000000000000085e-03
1.000000000000000000e+00 2.700000000000000000e+01 6.300000000000000000e+01 0.000000000000000000e+00 1.600000000000000089e+00 3.673000000000000050e-03 7.120999999999999726e-03 9.999679999999999680e-01 -2.747100000000000097e-01 9.615089999999999471e-01 -5.838000000000000307e-03 -9.615200000000000413e-01 -2.746799999999999797e-01 5.487999999999999823e-03
6.000000000000000000e+00 2.700000000000000000e+01 6.300000000000000000e+01 0.000000000000000000e+00 1.600000000000000089e+00 -9.709999999999999664e-04 8.299000000000000821e-03 9.999649999999999928e-01 -2.704489999999999950e-01 9.626989999999999714e-01 -8.252000000000000654e-03 -9.627339999999999787e-01 -2.704469999999999930e-01 1.309999999999999967e-03
1.300000000000000000e+01 2.700000000000000000e+01 6.300000000000000000e+01 0.000000000000000000e+00 1.600000000000000089e+00 6.329999999999999906e-04 -9.282000000000000320e-03 9.999569999999999848e-01 -2.747709999999999875e-01 9.614669999999999606e-01 9.098999999999999450e-03 -9.615099999999999758e-01 -2.747649999999999815e-01 -1.941999999999999933e-03
1.700000000000000000e+01 2.700000000000000000e+01 6.300000000000000000e+01 0.000000000000000000e+00 1.600000000000000089e+00 3.075000000000000042e-03 -4.593999999999999993e-03 9.999850000000000128e-01 -2.733479999999999799e-01 9.619010000000000060e-01 5.258999999999999786e-03 -9.619100000000000428e-01 -2.733599999999999919e-01 1.701999999999999954e-03
2.200000000000000000e+01 2.700000000000000000e+01 6.300000000000000000e+01 0.000000000000000000e+00 1.600000000000000089e+00 4.960000000000000216e-04 -1.886000000000000090e-03 9.999980000000000535e-01 -2.717589999999999728e-01 9.623629999999999685e-01 1.948999999999999995e-03 -9.623650000000000260e-01 -2.717600000000000016e-01 -3.499999999999999693e-05
1.000000000000000000e+00 2.600000000000000000e+01 6.400000000000000000e+01 0.000000000000000000e+00 1.600000000000000089e+00 3.393000000000000183e-03 4.146999999999999645e-03 9.999860000000000415e-01 -3.679319999999999813e-01 9.298490000000000366e-01 -2.608000000000000075e-03 -9.298469999999999791e-01 -3.679180000000000228e-01 4.681000000000000265e-03
7.000000000000000000e+00 2.600000000000000000e+01 6.400000000000000000e+01 0.000000000000000000e+00 1.600000000000000089e+00 -3.308999999999999875e-03 6.075999999999999804e-03 9.999759999999999760e-01 -3.649330000000000074e-01 9.310089999999999755e-01 -6.864999999999999575e-03 -9.310279999999999667e-01 -3.649470000000000214e-01 -8.639999999999999677e-04
1.400000000000000000e+01 2.600000000000000000e+01 6.400000000000000000e+01 0.000000000000000000e+00 1.600000000000000089e+00 2.871999999999999987e-03 -6.780999999999999701e-03 9.999730000000000008e-01 -3.709669999999999912e-01 9.286170000000000258e-01 7.361999999999999621e-03 -9.286410000000000498e-01 -3.709779999999999744e-01 1.520000000000000084e-04
1.800000000000000000e+01 2.600000000000000000e+01 6.400000000000000000e+01 0.000000000000000000e+00 1.600000000000000089e+00 2.645999999999999915e-03 -2.762000000000000132e-03 9.999930000000000208e-01 -3.657540000000000235e-01 9.307050000000000045e-01 3.537999999999999912e-03 -9.307079999999999798e-01 -3.657599999999999740e-01 1.453000000000000081e-03
2.300000000000000000e+01 2.600000000000000000e+01 6.400000000000000000e+01 0.000000000000000000e+00 1.600000000000000089e+00 9.759999999999999796e-04 -3.971999999999999836e-03 9.999919999999999920e-01 -3.646739999999999982e-01 9.311270000000000380e-01 4.054999999999999577e-03 -9.311350000000000460e-01 -3.646750000000000269e-01 -5.400000000000000069e-04
2.800000000000000000e+01 2.600000000000000000e+01 6.400000000000000000e+01 0.000000000000000000e+00 1.600000000000000089e+00 2.199999999999999943e-05 -4.251999999999999703e-03 9.999909999999999632e-01 -3.677289999999999726e-01 9.299239999999999728e-01 3.962000000000000244e-03 -9.299330000000000096e-01 -3.677259999999999973e-01 -1.543000000000000101e-03
1.400000000000000000e+01 6.900000000000000000e+01 6.600000000000000000e+01 0.000000000000000000e+00 1.600000000000000089e+00 -4.151000000000000176e-03 -3.449999999999999942e-03 9.999850000000000128e-01 -9.467100000000000515e-01 3.220740000000000269e-01 -2.818999999999999891e-03 -3.220589999999999842e-01 -9.467079999999999940e-01 -4.603000000000000320e-03
1.900000000000000000e+01 6.900000000000000000e+01 6.600000000000000000e+01 0.000000000000000000e+00 1.600000000000000089e+00 9.060000000000000128e-04 -1.420999999999999954e-03 9.999989999999999712e-01 -9.467210000000000347e-01 3.220509999999999762e-01 1.314999999999999980e-03 -3.220520000000000049e-01 -9.467210000000000347e-01 -1.054000000000000032e-03
2.800000000000000000e+01 6.900000000000000000e+01 6.600000000000000000e+01 0.000000000000000000e+00 1.600000000000000089e+00 -3.399999999999999811e-03 -7.830999999999999420e-03 9.999639999999999640e-01 -9.477910000000000501e-01 3.188929999999999820e-01 -7.259999999999999743e-04 -3.188750000000000195e-01 -9.477590000000000181e-01 -8.505999999999999672e-03
2.000000000000000000e+00 2.500000000000000000e+01 7.300000000000000000e+01 0.000000000000000000e+00 1.600000000000000089e+00 -2.145000000000000205e-03 -6.630999999999999742e-03 9.999759999999999760e-01 7.553609999999999491e-01 -6.553029999999999688e-01 -2.724999999999999992e-03 6.553050000000000264e-01 7.553370000000000362e-01 6.414000000000000430e-03
7.000000000000000000e+00 2.500000000000000000e+01 7.300000000000000000e+01 0.000000000000000000e+00 1.600000000000000089e+00 3.789999999999999966e-04 -5.829999999999999679e-04 1.000000000000000000e+00 7.539439999999999475e-01 -6.569380000000000219e-01 -6.689999999999999983e-04 6.569380000000000219e-01 7.539439999999999475e-01 1.910000000000000077e-04
1.500000000000000000e+01 2.500000000000000000e+01 7.300000000000000000e+01 0.000000000000000000e+00 1.600000000000000089e+00 1.951000000000000043e-03 3.199999999999999855e-05 9.999980000000000535e-01 7.600710000000000521e-01 -6.498380000000000267e-01 -1.461999999999999975e-03 6.498369999999999980e-01 7.600729999999999986e-01 -1.291999999999999963e-03
2.200000000000000000e+01 2.500000000000000000e+01 7.300000000000000000e+01 0.000000000000000000e+00 1.600000000000000089e+00 -1.013000000000000012e-03 -1.955999999999999839e-03 9.999980000000000535e-01 7.554950000000000276e-01 -6.551540000000000141e-01 -5.159999999999999656e-04 6.551529999999999854e-01 7.554929999999999701e-01 2.141000000000000108e-03
4.000000000000000000e+00 4.400000000000000000e+01 7.300000000000000000e+01 0.000000000000000000e+00 1.600000000000000089e+00 8.859999999999999603e-04 -1.314000000000000064e-03 9.999989999999999712e-01 5.367199999999999749e-02 -9.985579999999999457e-01 -1.360000000000000098e-03 9.985579999999999457e-01 5.367299999999999849e-02 -8.140000000000000534e-04
9.000000000000000000e+00 4.400000000000000000e+01 7.300000000000000000e+01 0.000000000000000000e+00 1.600000000000000089e+00 7.999999999999999638e-06 1.361000000000000014e-03 9.999989999999999712e-01 5.492899999999999866e-02 -9.984889999999999599e-01 1.358999999999999965e-03 9.984899999999999887e-01 5.492899999999999866e-02 -8.299999999999999815e-05
1.600000000000000000e+01 4.400000000000000000e+01 7.300000000000000000e+01 0.000000000000000000e+00 1.600000000000000089e+00 -2.959999999999999849e-04 -1.258999999999999920e-03 9.999989999999999712e-01 5.515599999999999670e-02 -9.984769999999999479e-01 -1.240999999999999916e-03 9.984779999999999767e-01 5.515599999999999670e-02 3.649999999999999816e-04
2.200000000000000000e+01 4.400000000000000000e+01 7.300000000000000000e+01 0.000000000000000000e+00 1.600000000000000089e+00 8.239999999999999712e-04 3.009999999999999980e-04 1.000000000000000000e+00 5.680299999999999933e-02 -9.983849999999999669e-01 2.539999999999999940e-04 9.983849999999999669e-01 5.680299999999999933e-02 -8.400000000000000348e-04
2.900000000000000000e+01 4.400000000000000000e+01 7.300000000000000000e+01 0.000000000000000000e+00 1.600000000000000089e+00 2.364999999999999915e-03 4.426000000000000247e-03 9.999869999999999592e-01 5.939900000000000041e-02 -9.982250000000000290e-01 4.277999999999999685e-03 9.982309999999999794e-01 5.938899999999999735e-02 -2.624000000000000030e-03
1.100000000000000000e+01 2.500000000000000000e+01 7.400000000000000000e+01 0.000000000000000000e+00 1.600000000000000089e+00 6.859999999999999779e-04 1.972999999999999927e-03 9.999980000000000535e-01 8.307350000000000012e-01 -5.566680000000000517e-01 5.289999999999999564e-04 5.566680000000000517e-01 8.307330000000000547e-01 -2.020999999999999793e-03
1.600000000000000000e+01 9.900000000000000000e+01 7.500000000000000000e+01 0.000000000000000000e+00 1.600000000000000089e+00 -3.037000000000000203e-03 -4.793000000000000385e-03 -9.999839999999999840e-01 -8.839709999999999512e-01 4.675409999999999844e-01 4.440000000000000045e-04 4.675320000000000031e-01 8.839580000000000215e-01 -5.656999999999999702e-03
9.000000000000000000e+00 9.100000000000000000e+01 7.600000000000000000e+01 0.000000000000000000e+00 1.600000000000000089e+00 -4.640000000000000027e-04 -1.057999999999999913e-03 9.999989999999999712e-01 3.026130000000000209e-01 -9.531129999999999880e-01 -8.679999999999999565e-04 9.531140000000000168e-01 3.026119999999999921e-01 7.630000000000000063e-04
1.500000000000000000e+01 9.100000000000000000e+01 7.600000000000000000e+01 0.000000000000000000e+00 1.600000000000000089e+00 -1.899999999999999996e-03 -2.295999999999999864e-03 9.999959999999999960e-01 2.939860000000000251e-01 -9.558079999999999909e-01 -1.636000000000000084e-03 9.558079999999999909e-01 2.939820000000000211e-01 2.491000000000000159e-03
2.000000000000000000e+01 9.100000000000000000e+01 7.600000000000000000e+01 0.000000000000000000e+00 1.600000000000000089e+00 -8.829999999999999958e-04 -1.029999999999999964e-04 1.000000000000000000e+00 2.858580000000000010e-01 -9.582720000000000127e-01 1.540000000000000028e-04 9.582720000000000127e-01 2.858580000000000010e-01 8.750000000000000182e-04
2.300000000000000000e+01 9.100000000000000000e+01 7.600000000000000000e+01 0.000000000000000000e+00 1.600000000000000089e+00 -1.912999999999999987e-03 -8.289999999999999843e-04 9.999980000000000535e-01 2.870340000000000114e-01 -9.579199999999999937e-01 -2.449999999999999921e-04 9.579180000000000472e-01 2.870329999999999826e-01 2.070999999999999924e-03
2.900000000000000000e+01 9.100000000000000000e+01 7.600000000000000000e+01 0.000000000000000000e+00 1.600000000000000089e+00 -2.713000000000000134e-03 -4.262000000000000163e-03 9.999869999999999592e-01 2.710350000000000259e-01 -9.625639999999999752e-01 -3.367000000000000201e-03 9.625660000000000327e-01 2.710219999999999851e-01 3.766999999999999949e-03
1.100000000000000000e+01 6.300000000000000000e+01 8.100000000000000000e+01 0.000000000000000000e+00 1.600000000000000089e+00 -5.507999999999999875e-03 -1.042900000000000077e-02 9.999299999999999855e-01 3.076999999999999874e-02 -9.994739999999999736e-01 -1.025500000000000023e-02 9.995110000000000383e-01 3.071199999999999972e-02 5.825999999999999582e-03
2.000000000000000000e+00 4.400000000000000000e+01 8.300000000000000000e+01 0.000000000000000000e+00 1.600000000000000089e+00 -3.989999999999999949e-04 -1.224999999999999960e-03 9.999989999999999712e-01 5.720399999999999929e-01 -8.202249999999999819e-01 -7.770000000000000214e-04 8.202249999999999819e-01 5.720399999999999929e-01 1.028000000000000051e-03
7.000000000000000000e+00 4.400000000000000000e+01 8.300000000000000000e+01 0.000000000000000000e+00 1.600000000000000089e+00 1.294999999999999927e-03 -3.321999999999999866e-03 9.999940000000000495e-01 5.780119999999999703e-01 -8.160209999999999964e-01 -3.459999999999999968e-03 8.160269999999999468e-01 5.780129999999999990e-01 8.630000000000000518e-04
1.500000000000000000e+01 4.400000000000000000e+01 8.300000000000000000e+01 0.000000000000000000e+00 1.600000000000000089e+00 1.975000000000000193e-03 -3.926999999999999935e-03 9.999900000000000455e-01 5.858219999999999539e-01 -8.104280000000000372e-01 -4.338999999999999975e-03 8.104379999999999917e-01 5.858240000000000114e-01 6.999999999999999929e-04
1.700000000000000000e+01 4.400000000000000000e+01 8.300000000000000000e+01 0.000000000000000000e+00 1.600000000000000089e+00 5.109999999999999525e-04 -4.292999999999999941e-03 9.999909999999999632e-01 5.868160000000000043e-01 -8.097119999999999873e-01 -3.775999999999999843e-03 8.097210000000000241e-01 5.868120000000000003e-01 2.105999999999999799e-03
2.600000000000000000e+01 4.400000000000000000e+01 8.300000000000000000e+01 0.000000000000000000e+00 1.600000000000000089e+00 -3.269999999999999795e-04 1.618000000000000081e-03 9.999989999999999712e-01 5.839119999999999866e-01 -8.118159999999999821e-01 1.505000000000000044e-03 8.118170000000000108e-01 5.839119999999999866e-01 -6.790000000000000245e-04
8.000000000000000000e+00 1.010000000000000000e+02 8.300000000000000000e+01 0.000000000000000000e+00 1.600000000000000089e+00 -2.824000000000000121e-03 -1.009400000000000054e-02 9.999449999999999728e-01 9.933640000000000247e-01 1.149410000000000015e-01 3.965999999999999907e-03 -1.149749999999999939e-01 9.933210000000000095e-01 9.702999999999999819e-03
4.000000000000000000e+00 4.800000000000000000e+01 8.400000000000000000e+01 0.000000000000000000e+00 1.600000000000000089e+00 -2.334999999999999836e-03 -1.464999999999999939e-03 -9.999959999999999960e-01 -9.462040000000000450e-01 -3.235589999999999855e-01 2.684000000000000188e-03 -3.235620000000000163e-01 9.462070000000000203e-01 -6.300000000000000261e-04
8.000000000000000000e+00 4.800000000000000000e+01 8.400000000000000000e+01 0.000000000000000000e+00 1.600000000000000089e+00 -4.155999999999999972e-03 -4.065000000000000037e-03 -9.999829999999999552e-01 -9.475789999999999491e-01 -3.194779999999999842e-01 5.237000000000000335e-03 -3.194940000000000002e-01 9.475850000000000106e-01 -2.524000000000000202e-03
