3.000000000000000000e+00 2.500000000000000000e+01 1.000000000000000000e+00 0.000000000000000000e+00 1.600000000000000089e+00 2.360000000000000119e-03 2.475799999999999876e-02 -9.996909999999999963e-01 -5.303179999999999561e-01 -8.475070000000000103e-01 -2.224100000000000035e-02 -8.477949999999999653e-01 5.302069999999999839e-01 1.112999999999999927e-02
1.900000000000000000e+01 2.500000000000000000e+01 1.000000000000000000e+00 0.000000000000000000e+00 1.600000000000000089e+00 1.075000000000000001e-03 -1.123999999999999999e-03 -9.999989999999999712e-01 -5.272860000000000325e-01 -8.496879999999999988e-01 3.879999999999999985e-04 -8.496869999999999701e-01 5.272850000000000037e-01 -1.505999999999999960e-03
2.000000000000000000e+00 1.500000000000000000e+01 4.000000000000000000e+00 0.000000000000000000e+00 1.600000000000000089e+00 3.060000000000000111e-04 3.544999999999999974e-03 9.999940000000000495e-01 3.224330000000000251e-01 -9.465869999999999562e-01 3.256999999999999913e-03 9.465919999999999890e-01 3.224299999999999944e-01 -1.433000000000000029e-03
6.000000000000000000e+00 1.500000000000000000e+01 4.000000000000000000e+00 0.000000000000000000e+00 1.600000000000000089e+00 4.508999999999999987e-03 9.261999999999999400e-03 9.999470000000000303e-01 3.258489999999999998e-01 -9.453939999999999566e-01 7.287000000000000074e-03 9.454110000000000014e-01 3.257990000000000053e-01 -7.281000000000000145e-03
1.400000000000000000e+01 1.500000000000000000e+01 4.000000000000000000e+00 0.000000000000000000e+00 1.600000000000000089e+00 -1.000999999999999937e-03 4.375999999999999682e-03 9.999900000000000455e-01 3.279110000000000080e-01 -9.446980000000000377e-01 4.461999999999999821e-03 9.447079999999999922e-01 3.279119999999999813e-01 -4.899999999999999842e-04
2.000000000000000000e+01 1.500000000000000000e+01 4.000000000000000000e+00 0.000000000000000000e+00 1.600000000000000089e+00 6.269999999999999532e-04 1.100000000000000039e-04 1.000000000000000000e+00 3.283079999999999887e-01 -9.445710000000000495e-01 -1.019999999999999992e-04 9.445710000000000495e-01 3.283079999999999887e-01 -6.290000000000000018e-04
2.300000000000000000e+01 1.500000000000000000e+01 4.000000000000000000e+00 0.000000000000000000e+00 1.600000000000000089e+00 -6.459999999999999814e-04 3.416000000000000199e-03 9.999940000000000495e-01 3.286160000000000192e-01 -9.444569999999999910e-01 3.439000000000000216e-03 9.444630000000000525e-01 3.286160000000000192e-01 -5.130000000000000011e-04
3.000000000000000000e+01 1.500000000000000000e+01 4.000000000000000000e+00 0.000000000000000000e+00 1.600000000000000089e+00 -2.011000000000000201e-03 -3.209999999999999963e-04 9.999980000000000535e-01 3.230879999999999863e-01 -9.463690000000000158e-01 3.460000000000000076e-04 9.463669999999999582e-01 3.230879999999999863e-01 2.007000000000000103e-03
7.000000000000000000e+00 1.010000000000000000e+02 7.000000000000000000e+00 0.000000000000000000e+00 1.600000000000000089e+00 -2.078599999999999892e-02 4.506600000000000189e-02 9.987679999999999891e-01 8.762670000000000181e-01 4.818140000000000200e-01 -3.504000000000000170e-03 -4.813779999999999726e-01 8.751139999999999475e-01 -4.950500000000000039e-02
1.600000000000000000e+01 1.010000000000000000e+02 7.000000000000000000e+00 0.000000000000000000e+00 1.600000000000000089e+00 2.497600000000000167e-02 -6.767900000000000305e-02 9.973940000000000028e-01 8.806610000000000271e-01 4.736389999999999767e-01 1.008700000000000048e-02 -4.730880000000000085e-01 8.781149999999999789e-01 7.143199999999999550e-02
7.000000000000000000e+00 2.500000000000000000e+01 8.000000000000000000e+00 0.000000000000000000e+00 1.600000000000000089e+00 -1.100000000000000039e-04 6.749999999999999924e-03 -9.999770000000000048e-01 4.524090000000000056e-01 8.917899999999999716e-01 5.969999999999999613e-03 8.918099999999999916e-01 -4.523980000000000223e-01 -3.151999999999999854e-03
1.200000000000000000e+01 2.500000000000000000e+01 8.000000000000000000e+00 0.000000000000000000e+00 1.600000000000000089e+00 1.800000000000000046e-05 -3.069000000000000113e-03 -9.999949999999999672e-01 4.519469999999999876e-01 8.920409999999999728e-01 -2.729999999999999788e-03 8.920449999999999768e-01 -4.519440000000000124e-01 1.402999999999999950e-03
1.500000000000000000e+01 2.500000000000000000e+01 8.000000000000000000e+00 0.000000000000000000e+00 1.600000000000000089e+00 -2.820000000000000241e-04 -3.377999999999999926e-03 -9.999940000000000495e-01 4.530710000000000015e-01 8.914689999999999559e-01 -3.138999999999999863e-03 8.914739999999999887e-01 -4.530689999999999995e-01 1.278999999999999972e-03
1.800000000000000000e+01 2.500000000000000000e+01 8.000000000000000000e+00 0.000000000000000000e+00 1.600000000000000089e+00 -5.569999999999999864e-04 -3.753999999999999958e-03 -9.999930000000000208e-01 4.532939999999999747e-01 8.913539999999999797e-01 -3.598000000000000070e-03 8.913609999999999589e-01 -4.532930000000000015e-01 1.204999999999999908e-03
2.700000000000000000e+01 2.500000000000000000e+01 8.000000000000000000e+00 0.000000000000000000e+00 1.600000000000000089e+00 -1.196000000000000014e-03 4.225999999999999722e-03 -9.999900000000000455e-01 4.520219999999999794e-01 8.920010000000000439e-01 3.229000000000000099e-03 8.920059999999999656e-01 -4.520140000000000269e-01 -2.977000000000000045e-03
8.000000000000000000e+00 2.400000000000000000e+01 9.000000000000000000e+00 0.000000000000000000e+00 1.600000000000000089e+00 6.499999999999999431e-05 4.814999999999999836e-03 -9.999879999999999880e-01 4.547689999999999788e-01 8.905990000000000295e-01 4.316999999999999657e-03 8.906089999999999840e-01 -4.547640000000000016e-01 -2.132000000000000214e-03
1.200000000000000000e+01 2.400000000000000000e+01 9.000000000000000000e+00 0.000000000000000000e+00 1.600000000000000089e+00 -1.069999999999999988e-04 -4.209000000000000068e-03 -9.999909999999999632e-01 4.542479999999999851e-01 8.908669999999999645e-01 -3.798999999999999860e-03 8.908749999999999725e-01 -4.542450000000000099e-01 1.817000000000000039e-03
1.500000000000000000e+01 2.400000000000000000e+01 9.000000000000000000e+00 0.000000000000000000e+00 1.600000000000000089e+00 -4.889999999999999599e-04 -3.408000000000000005e-03 -9.999940000000000495e-01 4.550509999999999833e-01 8.904600000000000293e-01 -3.256999999999999913e-03 8.904649999999999510e-01 -4.550500000000000100e-01 1.115000000000000106e-03
1.900000000000000000e+01 2.400000000000000000e+01 9.000000000000000000e+00 0.000000000000000000e+00 1.600000000000000089e+00 -7.029999999999999574e-04 -3.883999999999999866e-03 -9.999919999999999920e-01 4.559099999999999819e-01 8.900179999999999758e-01 -3.776999999999999975e-03 8.900259999999999838e-01 -4.559090000000000087e-01 1.144999999999999967e-03
2.600000000000000000e+01 2.400000000000000000e+01 9.000000000000000000e+00 0.000000000000000000e+00 1.600000000000000089e+00 -1.134000000000000025e-03 4.422999999999999848e-03 -9.999900000000000455e-01 4.568200000000000038e-01 8.895530000000000381e-01 3.416999999999999899e-03 8.895589999999999886e-01 -4.568110000000000226e-01 -3.029000000000000008e-03
5.000000000000000000e+00 1.200000000000000000e+01 1.000000000000000000e+01 0.000000000000000000e+00 1.600000000000000089e+00 2.014000000000000165e-03 6.029999999999999770e-03 -9.999799999999999800e-01 -5.534099999999999575e-01 -8.328860000000000152e-01 -6.138000000000000227e-03 -8.329069999999999530e-01 5.534109999999999863e-01 1.660000000000000017e-03
4.000000000000000000e+00 4.000000000000000000e+00 1.100000000000000000e+01 0.000000000000000000e+00 1.600000000000000089e+00 1.971600000000000089e-02 -1.313570000000000015e-01 -9.911389999999999922e-01 1.286779999999999868e-01 9.834199999999999608e-01 -1.277749999999999997e-01 9.914899999999999824e-01 -1.250179999999999902e-01 3.629199999999999787e-02
1.200000000000000000e+01 4.000000000000000000e+00 1.100000000000000000e+01 0.000000000000000000e+00 1.600000000000000089e+00 3.339600000000000207e-02 -2.200479999999999936e-01 -9.749170000000000336e-01 1.241889999999999938e-01 9.688149999999999817e-01 -2.144159999999999955e-01 9.916960000000000219e-01 -1.139130000000000004e-01 5.968199999999999894e-02
6.000000000000000000e+00 3.100000000000000000e+01 1.200000000000000000e+01 0.000000000000000000e+00 1.600000000000000089e+00 -1.250000000000000026e-04 -1.771100000000000105e-02 9.998430000000000373e-01 -2.631199999999999858e-02 9.994969999999999688e-01 1.770199999999999899e-02 -9.996540000000000425e-01 -2.630599999999999952e-02 -5.910000000000000539e-04
1.300000000000000000e+01 3.100000000000000000e+01 1.200000000000000000e+01 0.000000000000000000e+00 1.600000000000000089e+00 1.067999999999999939e-03 9.717999999999999208e-03 9.999519999999999520e-01 -1.948599999999999985e-02 9.997629999999999573e-01 -9.695000000000000492e-03 -9.998099999999999765e-01 -1.947499999999999926e-02 1.257000000000000088e-03
2.200000000000000000e+01 3.100000000000000000e+01 1.200000000000000000e+01 0.000000000000000000e+00 1.600000000000000089e+00 2.589000000000000155e-03 5.511000000000000273e-03 9.999810000000000088e-01 -7.209000000000000130e-03 9.999590000000000423e-01 -5.492999999999999619e-03 -9.999710000000000543e-01 -7.193999999999999874e-03 2.628999999999999827e-03
2.500000000000000000e+01 3.100000000000000000e+01 1.200000000000000000e+01 0.000000000000000000e+00 1.600000000000000089e+00 1.182000000000000108e-03 -7.418000000000000115e-03 9.999719999999999720e-01 -7.478000000000000272e-03 9.999440000000000550e-01 7.426999999999999574e-03 -9.999710000000000543e-01 -7.485999999999999599e-03 1.126999999999999964e-03
1.700000000000000000e+01 3.500000000000000000e+01 1.200000000000000000e+01 0.000000000000000000e+00 1.600000000000000089e+00 1.052499999999999963e-02 -1.248699999999999984e-02 -9.998669999999999503e-01 4.849649999999999794e-01 -8.743870000000000253e-01 1.602500000000000105e-02 -8.744699999999999696e-01 -4.850689999999999724e-01 -3.147000000000000058e-03
2.200000000000000000e+01 3.500000000000000000e+01 1.200000000000000000e+01 0.000000000000000000e+00 1.600000000000000089e+00 5.636999999999999650e-03 -1.474000000000000050e-03 -9.999829999999999552e-01 5.124109999999999498e-01 -8.587299999999999933e-01 4.153999999999999707e-03 -8.587219999999999853e-01 -5.124260000000000481e-01 -4.085000000000000089e-03
2.800000000000000000e+01 3.500000000000000000e+01 1.200000000000000000e+01 0.000000000000000000e+00 1.600000000000000089e+00 -8.356999999999999845e-03 4.840000000000000010e-04 -9.999649999999999928e-01 4.935629999999999740e-01 -8.696979999999999711e-01 -4.545999999999999694e-03 -8.696700000000000541e-01 -4.935840000000000227e-01 7.028999999999999658e-03
1.600000000000000000e+01 1.200000000000000000e+01 1.500000000000000000e+01 0.000000000000000000e+00 1.600000000000000089e+00 1.440199999999999987e-02 -2.497900000000000120e-02 -9.995840000000000281e-01 -4.934649999999999870e-01 -8.696430000000000549e-01 1.462199999999999958e-02 -8.696460000000000301e-01 4.930490000000000150e-01 -2.485000000000000056e-02
2.500000000000000000e+01 1.200000000000000000e+01 1.500000000000000000e+01 0.000000000000000000e+00 1.600000000000000089e+00 -8.649999999999999920e-04 -1.269400000000000042e-02 -9.999190000000000023e-01 -4.773669999999999858e-01 -8.786279999999999646e-01 1.156699999999999916e-02 -8.787030000000000118e-01 4.773390000000000133e-01 -5.300000000000000024e-03
8.000000000000000000e+00 4.000000000000000000e+00 2.000000000000000000e+01 0.000000000000000000e+00 1.600000000000000089e+00 -1.243900000000000040e-02 3.679500000000000132e-02 -9.992450000000000498e-01 2.456260000000000110e-01 -9.685909999999999798e-01 -3.872300000000000048e-02 -9.692849999999999522e-01 -2.459230000000000027e-01 3.010999999999999788e-03
1.500000000000000000e+01 4.000000000000000000e+00 2.000000000000000000e+01 0.000000000000000000e+00 1.600000000000000089e+00 -6.099000000000000254e-03 9.809000000000000011e-03 -9.999329999999999607e-01 2.403160000000000018e-01 -9.706320000000000503e-01 -1.098700000000000024e-02 -9.706749999999999545e-01 -2.403669999999999973e-01 3.562000000000000062e-03
2.200000000000000000e+01 4.000000000000000000e+00 2.000000000000000000e+01 0.000000000000000000e+00 1.600000000000000089e+00 5.390999999999999959e-03 -1.734700000000000131e-02 -9.998350000000000293e-01 1.791729999999999989e-01 -9.836519999999999708e-01 1.803199999999999942e-02 -9.838029999999999831e-01 -1.792410000000000114e-01 -2.194000000000000204e-03
6.000000000000000000e+00 1.300000000000000000e+01 2.000000000000000000e+01 0.000000000000000000e+00 1.600000000000000089e+00 -9.220000000000000764e-03 -2.360299999999999898e-02 9.996789999999999843e-01 2.559239999999999848e-01 9.663690000000000335e-01 2.517700000000000146e-02 -9.666529999999999845e-01 2.560740000000000238e-01 -2.869000000000000022e-03
9.000000000000000000e+00 1.300000000000000000e+01 2.000000000000000000e+01 0.000000000000000000e+00 1.600000000000000089e+00 -2.676500000000000060e-02 -6.175499999999999740e-02 9.977319999999999522e-01 2.779889999999999861e-01 9.582610000000000294e-01 6.676899999999999502e-02 -9.602110000000000367e-01 2.791460000000000052e-01 -8.481000000000000691e-03
2.500000000000000000e+01 1.300000000000000000e+01 2.000000000000000000e+01 0.000000000000000000e+00 1.600000000000000089e+00 2.941900000000000071e-02 8.735600000000000309e-02 9.957430000000000447e-01 2.628969999999999918e-01 9.604249999999999732e-01 -9.202499999999999569e-02 -9.643749999999999822e-01 2.644850000000000256e-01 5.290000000000000431e-03
1.000000000000000000e+01 1.400000000000000000e+01 2.000000000000000000e+01 0.000000000000000000e+00 1.600000000000000089e+00 -2.695600000000000079e-02 -7.838499999999999635e-02 9.965589999999999726e-01 2.609949999999999770e-01 9.617900000000000338e-01 8.271000000000000574e-02 -9.649640000000000439e-01 2.623269999999999769e-01 -5.467999999999999770e-03
1.900000000000000000e+01 1.400000000000000000e+01 2.000000000000000000e+01 0.000000000000000000e+00 1.600000000000000089e+00 7.034000000000000322e-03 -1.234200000000000054e-02 9.998989999999999823e-01 2.718579999999999885e-01 9.622859999999999747e-01 9.964999999999999900e-03 -9.623119999999999452e-01 2.717609999999999748e-01 1.012399999999999932e-02
6.000000000000000000e+00 1.600000000000000000e+01 2.100000000000000000e+01 0.000000000000000000e+00 1.600000000000000089e+00 -4.394000000000000336e-03 -1.346800000000000080e-02 9.999000000000000110e-01 3.001099999999999879e-01 9.537989999999999524e-01 1.416599999999999977e-02 -9.538950000000000484e-01 3.001420000000000199e-01 -1.489999999999999897e-04
1.200000000000000000e+01 1.600000000000000000e+01 2.100000000000000000e+01 0.000000000000000000e+00 1.600000000000000089e+00 -2.629599999999999993e-02 -1.108549999999999952e-01 9.934889999999999555e-01 3.326270000000000060e-01 9.362310000000000354e-01 1.132699999999999957e-01 -9.426919999999999744e-01 3.334389999999999854e-01 1.225399999999999927e-02
2.000000000000000000e+01 1.600000000000000000e+01 2.100000000000000000e+01 0.000000000000000000e+00 1.600000000000000089e+00 1.302599999999999938e-02 3.193000000000000092e-03 9.999099999999999655e-01 3.367800000000000238e-01 9.415540000000000020e-01 -7.394000000000000399e-03 -9.414930000000000243e-01 3.368459999999999788e-01 1.118899999999999929e-02
2.700000000000000000e+01 1.600000000000000000e+01 2.100000000000000000e+01 0.000000000000000000e+00 1.600000000000000089e+00 1.260000000000000009e-02 4.047800000000000009e-02 9.991010000000000169e-01 3.038279999999999870e-01 9.517830000000000457e-01 -4.239199999999999913e-02 -9.526440000000000463e-01 3.040889999999999982e-01 -3.060000000000000111e-04
2.200000000000000000e+01 4.600000000000000000e+01 2.700000000000000000e+01 0.000000000000000000e+00 1.600000000000000089e+00 -2.723999999999999859e-03 1.600000000000000077e-03 -9.999949999999999672e-01 6.743449999999999722e-01 7.384159999999999613e-01 -6.549999999999999833e-04 7.384110000000000396e-01 -6.743430000000000257e-01 -3.089999999999999865e-03
3.000000000000000000e+00 4.600000000000000000e+01 3.000000000000000000e+01 0.000000000000000000e+00 1.600000000000000089e+00 2.759999999999999867e-04 -3.395000000000000014e-03 -9.999940000000000495e-01 3.236559999999999993e-01 9.461699999999999555e-01 -3.122999999999999908e-03 9.461749999999999883e-01 -3.236530000000000240e-01 1.360000000000000098e-03
2.800000000000000000e+01 1.600000000000000000e+01 3.100000000000000000e+01 0.000000000000000000e+00 1.600000000000000089e+00 8.317700000000000093e-02 -5.059799999999999853e-01 -8.585260000000000113e-01 -4.730090000000000128e-01 7.382330000000000281e-01 -4.809109999999999774e-01 8.771229999999999860e-01 4.460910000000000153e-01 -1.779290000000000038e-01
8.000000000000000000e+00 5.800000000000000000e+01 3.100000000000000000e+01 0.000000000000000000e+00 1.600000000000000089e+00 -7.979999999999999897e-04 -4.253999999999999969e-03 9.999909999999999632e-01 -7.754360000000000142e-01 -6.314170000000000060e-01 -3.305000000000000212e-03 6.314250000000000140e-01 -7.754320000000000102e-01 -2.795000000000000175e-03
1.300000000000000000e+01 5.800000000000000000e+01 3.100000000000000000e+01 0.000000000000000000e+00 1.600000000000000089e+00 5.107999999999999693e-03 6.228000000000000029e-03 9.999679999999999680e-01 -7.773280000000000189e-01 -6.290459999999999940e-01 7.887999999999999179e-03 6.290750000000000508e-01 -7.773430000000000062e-01 1.628000000000000107e-03
1.700000000000000000e+01 5.800000000000000000e+01 3.100000000000000000e+01 0.000000000000000000e+00 1.600000000000000089e+00 8.196000000000000160e-03 9.426000000000000351e-03 9.999219999999999775e-01 -7.783010000000000206e-01 -6.277709999999999679e-01 1.229700000000000064e-02 6.278380000000000072e-01 -7.783409999999999496e-01 2.190999999999999805e-03
2.100000000000000000e+01 5.800000000000000000e+01 3.100000000000000000e+01 0.000000000000000000e+00 1.600000000000000089e+00 3.880000000000000202e-03 1.281000000000000021e-03 9.999919999999999920e-01 -7.785109999999999530e-01 -6.276190000000000380e-01 3.824999999999999841e-03 6.276190000000000380e-01 -7.785189999999999610e-01 -1.438000000000000042e-03
2.300000000000000000e+01 5.800000000000000000e+01 3.100000000000000000e+01 0.000000000000000000e+00 1.600000000000000089e+00 1.827999999999999981e-03 -4.040000000000000080e-04 9.999980000000000535e-01 -7.765509999999999913e-01 -6.300540000000000029e-01 1.165000000000000020e-03 6.300519999999999454e-01 -7.765509999999999913e-01 -1.466000000000000072e-03
2.700000000000000000e+01 5.800000000000000000e+01 3.100000000000000000e+01 0.000000000000000000e+00 1.600000000000000089e+00 -3.076000000000000175e-03 -4.315000000000000259e-03 9.999860000000000415e-01 -7.683050000000000157e-01 -6.400630000000000486e-01 -5.125000000000000215e-03 6.400759999999999783e-01 -7.683100000000000485e-01 -1.345999999999999974e-03
2.000000000000000000e+01 5.000000000000000000e+00 3.200000000000000000e+01 0.000000000000000000e+00 1.600000000000000089e+00 1.612560000000000104e-01 -8.793250000000000233e-01 -4.480890000000000151e-01 -6.811399999999999677e-01 2.293959999999999888e-01 -6.952890000000000459e-01 7.141739999999999755e-01 4.173310000000000075e-01 -5.619520000000000071e-01
1.800000000000000000e+01 5.000000000000000000e+00 3.300000000000000000e+01 0.000000000000000000e+00 1.600000000000000089e+00 1.148710000000000009e-01 -9.729280000000000150e-01 -2.005399999999999960e-01 -6.941720000000000113e-01 6.578699999999999826e-02 -7.167970000000000175e-01 7.105850000000000222e-01 2.215479999999999949e-01 -6.678220000000000267e-01
2.200000000000000000e+01 8.000000000000000000e+00 3.400000000000000000e+01 0.000000000000000000e+00 1.600000000000000089e+00 2.074340000000000073e-01 -9.109920000000000240e-01 -3.564599999999999991e-01 -7.100140000000000340e-01 1.104580000000000006e-01 -6.954700000000000326e-01 6.729420000000000401e-01 3.973559999999999870e-01 -6.239050000000000429e-01
2.500000000000000000e+01 9.000000000000000000e+00 3.400000000000000000e+01 0.000000000000000000e+00 1.600000000000000089e+00 2.367900000000000005e-01 -8.367329999999999490e-01 -4.937699999999999867e-01 -7.267130000000000534e-01 1.847789999999999988e-01 -6.616229999999999611e-01 6.448399999999999688e-01 5.154950000000000365e-01 -5.643110000000000070e-01
2.400000000000000000e+01 2.600000000000000000e+01 3.500000000000000000e+01 0.000000000000000000e+00 1.600000000000000089e+00 3.128000000000000225e-01 5.612970000000000459e-01 7.662250000000000449e-01 -6.790439999999999809e-01 -4.319020000000000081e-01 5.935989999999999878e-01 6.641200000000000436e-01 -7.059790000000000232e-01 2.460459999999999869e-01
6.000000000000000000e+00 4.600000000000000000e+01 3.500000000000000000e+01 0.000000000000000000e+00 1.600000000000000089e+00 -1.820000000000000057e-04 7.931000000000000549e-03 -9.999689999999999968e-01 3.915730000000000044e-01 -9.201169999999999627e-01 -7.368999999999999682e-03 -9.201470000000000482e-01 -3.915620000000000211e-01 -2.938000000000000073e-03
1.300000000000000000e+01 4.600000000000000000e+01 3.500000000000000000e+01 0.000000000000000000e+00 1.600000000000000089e+00 3.350000000000000113e-04 1.933000000000000039e-03 -9.999980000000000535e-01 3.915159999999999751e-01 -9.201700000000000434e-01 -1.647999999999999942e-03 -9.201709999999999612e-01 -3.915139999999999731e-01 -1.064999999999999974e-03
1.800000000000000000e+01 4.600000000000000000e+01 3.500000000000000000e+01 0.000000000000000000e+00 1.600000000000000089e+00 2.024000000000000191e-03 -7.934999999999999346e-03 -9.999670000000000503e-01 3.899219999999999908e-01 -9.208119999999999639e-01 8.096000000000000765e-03 -9.208460000000000534e-01 -3.899250000000000216e-01 1.229999999999999974e-03
2.200000000000000000e+01 4.600000000000000000e+01 3.500000000000000000e+01 0.000000000000000000e+00 1.600000000000000089e+00 1.025000000000000086e-03 -1.127000000000000050e-02 -9.999360000000000470e-01 3.900589999999999891e-01 -9.207269999999999621e-01 1.077700000000000012e-02 -9.207889999999999686e-01 -3.900449999999999751e-01 3.452000000000000207e-03
2.700000000000000000e+01 4.600000000000000000e+01 3.500000000000000000e+01 0.000000000000000000e+00 1.600000000000000089e+00 -1.082000000000000062e-03 -8.137999999999999401e-03 -9.999660000000000215e-01 3.884460000000000135e-01 -9.214440000000000408e-01 7.079000000000000223e-03 -9.214710000000000401e-01 -3.884259999999999935e-01 4.158000000000000237e-03
2.500000000000000000e+01 1.100000000000000000e+01 3.600000000000000000e+01 0.000000000000000000e+00 1.600000000000000089e+00 2.054509999999999947e-01 -9.195950000000000513e-01 -3.348659999999999970e-01 -7.257329999999999615e-01 8.640000000000000457e-02 -6.825299999999999701e-01 6.565830000000000277e-01 3.832490000000000063e-01 -6.496290000000000120e-01
2.400000000000000000e+01 2.700000000000000000e+01 3.600000000000000000e+01 0.000000000000000000e+00 1.600000000000000089e+00 3.498379999999999823e-01 3.821840000000000237e-01 8.553060000000000107e-01 -6.969710000000000072e-01 -5.038829999999999698e-01 5.102290000000000436e-01 6.259759999999999769e-01 -7.746210000000000040e-01 9.009399999999999353e-02
2.300000000000000000e+01 1.100000000000000000e+01 3.700000000000000000e+01 0.000000000000000000e+00 1.600000000000000089e+00 1.721949999999999870e-01 -9.388600000000000279e-01 -2.981449999999999934e-01 -7.147069999999999812e-01 8.921199999999999963e-02 -6.937109999999999665e-01 6.778950000000000253e-01 3.325400000000000023e-01 -6.556490000000000373e-01
2.600000000000000000e+01 1.200000000000000000e+01 3.700000000000000000e+01 0.000000000000000000e+00 1.600000000000000089e+00 1.774650000000000116e-01 -9.396700000000000053e-01 -2.924510000000000165e-01 -7.356679999999999886e-01 7.071800000000000308e-02 -6.736400000000000166e-01 6.536809999999999565e-01 3.346939999999999915e-01 -6.787349999999999772e-01
1.700000000000000000e+01 2.200000000000000000e+01 3.700000000000000000e+01 0.000000000000000000e+00 1.600000000000000089e+00 7.681240000000000290e-01 -3.303019999999999845e-01 5.485309999999999908e-01 -6.308420000000000138e-01 -2.436830000000000107e-01 7.366519999999999735e-01 -1.096499999999999975e-01 -9.118770000000000486e-01 -3.955469999999999819e-01
2.800000000000000000e+01 3.600000000000000000e+01 3.800000000000000000e+01 0.000000000000000000e+00 1.600000000000000089e+00 -3.479570000000000163e-01 1.384060000000000012e-01 9.272369999999999779e-01 9.340889999999999471e-01 1.356020000000000003e-01 3.302880000000000260e-01 -8.002199999999999591e-02 9.810480000000000311e-01 -1.764680000000000137e-01
2.500000000000000000e+01 1.400000000000000000e+01 3.900000000000000000e+01 0.000000000000000000e+00 1.600000000000000089e+00 1.386219999999999952e-01 -8.547789999999999555e-01 -5.001360000000000250e-01 -7.140929999999999778e-01 2.636399999999999855e-01 -6.485100000000000309e-01 6.861890000000000489e-01 4.470410000000000217e-01 -5.738450000000000495e-01
1.900000000000000000e+01 3.000000000000000000e+00 4.300000000000000000e+01 0.000000000000000000e+00 1.600000000000000089e+00 5.827999999999999847e-03 -3.563000000000000195e-03 -9.999770000000000048e-01 7.434680000000000177e-01 -6.687380000000000546e-01 6.715999999999999748e-03 -6.687459999999999516e-01 -7.434899999999999842e-01 -1.248999999999999893e-03
2.700000000000000000e+01 3.000000000000000000e+00 4.300000000000000000e+01 0.000000000000000000e+00 1.600000000000000089e+00 9.138999999999999554e-03 2.055999999999999842e-02 -9.997470000000000523e-01 7.357559999999999656e-01 -6.772089999999999499e-01 -7.200999999999999936e-03 -6.771850000000000369e-01 -7.355040000000000466e-01 -2.131600000000000161e-02
1.400000000000000000e+01 2.500000000000000000e+01 4.300000000000000000e+01 0.000000000000000000e+00 1.600000000000000089e+00 1.488300000000000040e-02 -1.226499999999999986e-02 -9.998139999999999805e-01 8.416270000000000140e-01 5.400270000000000348e-01 5.903000000000000261e-03 5.398539999999999450e-01 -8.415580000000000283e-01 1.836000000000000132e-02
1.400000000000000000e+01 2.400000000000000000e+01 4.400000000000000000e+01 0.000000000000000000e+00 1.600000000000000089e+00 1.861900000000000013e-02 1.591100000000000153e-02 -9.997000000000000330e-01 7.839810000000000390e-01 6.203020000000000200e-01 2.447399999999999923e-02 6.205049999999999732e-01 -7.842019999999999547e-01 -9.250000000000000409e-04
1.000000000000000000e+00 2.900000000000000000e+01 4.400000000000000000e+01 0.000000000000000000e+00 1.600000000000000089e+00 -1.567000000000000033e-03 -1.146000000000000100e-03 -9.999980000000000535e-01 6.606649999999999467e-01 7.506789999999999852e-01 -1.895999999999999899e-03 7.506789999999999852e-01 -6.606659999999999755e-01 -4.200000000000000174e-04
5.000000000000000000e+00 2.900000000000000000e+01 4.400000000000000000e+01 0.000000000000000000e+00 1.600000000000000089e+00 -5.270000000000000162e-04 -1.696000000000000025e-03 -9.999980000000000535e-01 6.600899999999999546e-01 7.511849999999999916e-01 -1.621999999999999961e-03 7.511860000000000204e-01 -6.600899999999999546e-01 7.230000000000000098e-04
8.000000000000000000e+00 2.900000000000000000e+01 4.400000000000000000e+01 0.000000000000000000e+00 1.600000000000000089e+00 -9.070000000000000371e-04 -3.030000000000000141e-03 -9.999949999999999672e-01 6.617210000000000036e-01 7.497449999999999948e-01 -2.871999999999999987e-03 7.497500000000000275e-01 -6.617199999999999749e-01 1.325000000000000006e-03
1.400000000000000000e+01 2.900000000000000000e+01 4.400000000000000000e+01 0.000000000000000000e+00 1.600000000000000089e+00 -3.507999999999999834e-03 -4.645599999999999730e-02 -9.989139999999999686e-01 6.345229999999999482e-01 7.719629999999999548e-01 -3.812900000000000317e-02 7.728960000000000274e-01 -6.339679999999999760e-01 2.676999999999999866e-02
1.600000000000000000e+01 2.900000000000000000e+01 4.400000000000000000e+01 0.000000000000000000e+00 1.600000000000000089e+00 -4.630700000000000094e-02 -1.822169999999999901e-01 -9.821670000000000122e-01 6.560850000000000293e-01 7.358740000000000281e-01 -1.674559999999999937e-01 7.532649999999999624e-01 -6.521400000000000530e-01 8.547399999999999443e-02
3.000000000000000000e+00 6.800000000000000000e+01 4.800000000000000000e+01 0.000000000000000000e+00 1.600000000000000089e+00 -6.060999999999999721e-02 -1.197420000000000012e-01 -9.909529999999999728e-01 -9.661939999999999973e-01 -2.422009999999999996e-01 8.836199999999999610e-02 -2.505910000000000082e-01 9.628090000000000259e-01 -1.010140000000000066e-01
7.000000000000000000e+00 6.100000000000000000e+01 4.900000000000000000e+01 0.000000000000000000e+00 1.600000000000000089e+00 -1.183400000000000077e-02 3.160000000000000048e-03 9.999249999999999527e-01 -6.427199999999999580e-01 7.660360000000000502e-01 -1.002699999999999945e-02 -7.660099999999999687e-01 -6.427899999999999725e-01 -7.034000000000000322e-03
8.000000000000000000e+00 7.100000000000000000e+01 4.900000000000000000e+01 0.000000000000000000e+00 1.600000000000000089e+00 -3.960710000000000064e-01 8.794030000000000458e-01 2.641530000000000267e-01 -9.053330000000000544e-01 -3.259759999999999880e-01 -2.722350000000000048e-01 -1.532969999999999888e-01 -3.469709999999999739e-01 9.252629999999999466e-01
4.000000000000000000e+00 5.000000000000000000e+00 5.100000000000000000e+01 0.000000000000000000e+00 1.600000000000000089e+00 -5.307000000000000085e-03 -3.582000000000000114e-03 -9.999789999999999512e-01 4.871050000000000102e-01 -8.733429999999999804e-01 5.429999999999999714e-04 -8.733269999999999644e-01 -4.870920000000000250e-01 6.380000000000000254e-03
1.700000000000000000e+01 6.000000000000000000e+00 5.100000000000000000e+01 0.000000000000000000e+00 1.600000000000000089e+00 -6.871999999999999637e-03 -5.542000000000000051e-03 -9.999609999999999888e-01 3.316600000000000104e-01 -9.433939999999999548e-01 2.948999999999999799e-03 -9.433740000000000459e-01 -3.316270000000000051e-01 8.321000000000000271e-03
6.000000000000000000e+00 6.300000000000000000e+01 5.400000000000000000e+01 0.000000000000000000e+00 1.600000000000000089e+00 1.044400000000000016e-02 3.651399999999999785e-02 9.992790000000000283e-01 -1.855539999999999967e-01 9.820480000000000320e-01 -3.394500000000000295e-02 -9.825789999999999802e-01 -1.850650000000000073e-01 1.703199999999999853e-02
8.000000000000000000e+00 6.300000000000000000e+01 5.400000000000000000e+01 0.000000000000000000e+00 1.600000000000000089e+00 5.582000000000000156e-03 3.912999999999999812e-02 9.992189999999999683e-01 -1.985870000000000135e-01 9.793749999999999956e-01 -3.724399999999999933e-02 -9.800670000000000215e-01 -1.982240000000000113e-01 1.323799999999999977e-02
1.500000000000000000e+01 6.300000000000000000e+01 5.400000000000000000e+01 0.000000000000000000e+00 1.600000000000000089e+00 -6.185000000000000393e-03 2.300000000000000002e-05 9.999810000000000088e-01 -3.454929999999999946e-01 9.384190000000000031e-01 -2.158000000000000196e-03 -9.384010000000000407e-01 -3.454990000000000006e-01 -5.797000000000000069e-03
1.800000000000000000e+01 6.300000000000000000e+01 5.400000000000000000e+01 0.000000000000000000e+00 1.600000000000000089e+00 1.907000000000000015e-02 3.312999999999999973e-02 9.992689999999999628e-01 -3.320989999999999776e-01 9.429149999999999476e-01 -2.492400000000000171e-02 -9.430520000000000014e-01 -3.313809999999999811e-01 2.898399999999999935e-02
2.400000000000000000e+01 6.300000000000000000e+01 5.400000000000000000e+01 0.000000000000000000e+00 1.600000000000000089e+00 2.429820000000000035e-01 4.650790000000000202e-01 -8.512699999999999712e-01 8.395460000000000145e-01 3.387809999999999988e-01 4.247239999999999904e-01 4.859249999999999958e-01 -8.178809999999999691e-01 -3.081369999999999942e-01
8.000000000000000000e+00 7.500000000000000000e+01 5.400000000000000000e+01 0.000000000000000000e+00 1.600000000000000089e+00 -5.237589999999999746e-01 -1.600890000000000091e-01 8.366879999999999873e-01 -8.347940000000000360e-01 -9.919300000000000339e-02 -5.415529999999999511e-01 1.696900000000000075e-01 -9.821060000000000345e-01 -8.168799999999999673e-02
3.000000000000000000e+00 2.500000000000000000e+01 5.500000000000000000e+01 0.000000000000000000e+00 1.600000000000000089e+00 -5.580000000000000107e-04 -4.250999999999999571e-03 -9.999909999999999632e-01 -8.338999999999999191e-03 -9.999559999999999560e-01 4.256000000000000234e-03 -9.999649999999999928e-01 8.340999999999999456e-03 5.230000000000000274e-04
1.100000000000000000e+01 2.500000000000000000e+01 5.500000000000000000e+01 0.000000000000000000e+00 1.600000000000000089e+00 1.193000000000000050e-03 9.479999999999999495e-04 -9.999989999999999712e-01 -1.256900000000000031e-02 -9.999209999999999487e-01 -9.629999999999999888e-04 -9.999200000000000310e-01 1.256999999999999958e-02 -1.180999999999999975e-03
1.500000000000000000e+01 2.500000000000000000e+01 5.500000000000000000e+01 0.000000000000000000e+00 1.600000000000000089e+00 -8.739999999999999939e-04 -7.950000000000000252e-04 -9.999989999999999712e-01 -1.096899999999999958e-02 -9.999400000000000510e-01 8.050000000000000515e-04 -9.999390000000000223e-01 1.097000000000000058e-02 8.649999999999999920e-04
2.200000000000000000e+01 2.500000000000000000e+01 5.500000000000000000e+01 0.000000000000000000e+00 1.600000000000000089e+00 -2.138000000000000143e-03 -4.460100000000000176e-02 -9.990029999999999744e-01 -1.176100000000000062e-02 -9.989350000000000174e-01 4.462300000000000294e-02 -9.999289999999999567e-01 1.184499999999999963e-02 1.611000000000000019e-03
2.300000000000000000e+01 8.000000000000000000e+01 5.500000000000000000e+01 0.000000000000000000e+00 1.600000000000000089e+00 -1.343799999999999994e-01 -6.097609999999999975e-01 -7.811109999999999998e-01 -1.044019999999999948e-01 -7.751609999999999889e-01 6.230769999999999920e-01 -9.854150000000000409e-01 1.652790000000000092e-01 4.050600000000000034e-02
8.000000000000000000e+00 2.100000000000000000e+01 6.000000000000000000e+01 0.000000000000000000e+00 1.600000000000000089e+00 2.926999999999999914e-03 -1.729999999999999984e-03 9.999940000000000495e-01 -9.468400000000000427e-02 9.955049999999999732e-01 2.000000000000000042e-03 -9.955030000000000268e-01 -9.468999999999999639e-02 2.749999999999999840e-03
1.900000000000000000e+01 2.100000000000000000e+01 6.000000000000000000e+01 0.000000000000000000e+00 1.600000000000000089e+00 -1.330000000000000073e-04 -7.861999999999999197e-03 9.999689999999999968e-01 -9.814399999999999513e-02 9.951419999999999710e-01 7.811000000000000235e-03 -9.951719999999999455e-01 -9.814000000000000501e-02 -9.039999999999999642e-04
2.600000000000000000e+01 2.100000000000000000e+01 6.000000000000000000e+01 0.000000000000000000e+00 1.600000000000000089e+00 3.276999999999999965e-03 -3.060000000000000111e-04 9.999949999999999672e-01 -9.853000000000000647e-02 9.951339999999999630e-01 6.279999999999999775e-04 -9.951290000000000413e-01 -9.853099999999999359e-02 3.230999999999999931e-03
3.000000000000000000e+01 6.000000000000000000e+01 6.000000000000000000e+01 0.000000000000000000e+00 1.600000000000000089e+00 7.020330000000000181e-01 -5.730150000000000521e-01 -4.228520000000000056e-01 6.976510000000000211e-01 4.341999999999999749e-01 5.698710000000000164e-01 -1.429429999999999867e-01 -6.950709999999999944e-01 7.045879999999999921e-01
2.200000000000000000e+01 6.000000000000000000e+00 6.100000000000000000e+01 0.000000000000000000e+00 1.600000000000000089e+00 -1.129000000000000012e-03 3.603999999999999999e-03 9.999930000000000208e-01 5.759360000000000035e-01 -8.174869999999999637e-01 3.595999999999999804e-03 8.174940000000000540e-01 5.759360000000000035e-01 -1.152000000000000029e-03
2.100000000000000000e+01 8.900000000000000000e+01 6.200000000000000000e+01 0.000000000000000000e+00 1.600000000000000089e+00 -1.228100000000000025e-01 4.774570000000000203e-01 8.700299999999999701e-01 8.192930000000000490e-01 5.435140000000000526e-01 -1.826230000000000075e-01 -5.600680000000000103e-01 6.903820000000000512e-01 -4.579259999999999997e-01
2.500000000000000000e+01 3.000000000000000000e+00 6.300000000000000000e+01 0.000000000000000000e+00 1.600000000000000089e+00 -1.913999999999999903e-03 -2.370000000000000145e-03 9.999949999999999672e-01 -6.188690000000000024e-01 7.854940000000000255e-01 6.769999999999999759e-04 -7.854919999999999680e-01 -6.188649999999999984e-01 -2.969999999999999984e-03
4.000000000000000000e+00 2.700000000000000000e+01 6.300000000000000000e+01 0.000000000000000000e+00 1.600000000000000089e+00 1.599999999999999928e-05 1.544000000000000017e-03 9.999989999999999712e-01 -2.682570000000000232e-01 9.633460000000000356e-01 -1.482999999999999943e-03 -9.633469999999999533e-01 -2.682570000000000232e-01 4.299999999999999894e-04
1.000000000000000000e+01 2.700000000000000000e+01 6.300000000000000000e+01 0.000000000000000000e+00 1.600000000000000089e+00 -2.380000000000000117e-04 -4.976000000000000388e-03 9.999879999999999880e-01 -2.706470000000000264e-01 9.626670000000000504e-01 4.725000000000000033e-03 -9.626789999999999514e-01 -2.706430000000000224e-01 -1.575999999999999927e-03
2.800000000000000000e+01 2.700000000000000000e+01 6.300000000000000000e+01 0.000000000000000000e+00 1.600000000000000089e+00 -5.730000000000000501e-04 -5.948000000000000162e-03 9.999820000000000375e-01 -2.743619999999999948e-01 9.616099999999999648e-01 5.562000000000000104e-03 -9.616259999999999808e-01 -2.743539999999999868e-01 -2.183000000000000045e-03
2.000000000000000000e+00 2.600000000000000000e+01 6.400000000000000000e+01 0.000000000000000000e+00 1.600000000000000089e+00 -7.320000000000000118e-04 -2.144000000000000072e-03 9.999970000000000248e-01 -3.524059999999999970e-01 9.358450000000000379e-01 1.747999999999999988e-03 -9.358469999999999844e-01 -3.524039999999999950e-01 -1.440000000000000091e-03
6.000000000000000000e+00 2.600000000000000000e+01 6.400000000000000000e+01 0.000000000000000000e+00 1.600000000000000089e+00 -2.910000000000000260e-04 2.795000000000000175e-03 9.999959999999999960e-01 -3.515579999999999816e-01 9.361620000000000497e-01 -2.719000000000000063e-03 -9.361660000000000537e-01 -3.515570000000000084e-01 7.100000000000000191e-04
1.300000000000000000e+01 2.600000000000000000e+01 6.400000000000000000e+01 0.000000000000000000e+00 1.600000000000000089e+00 1.881000000000000076e-03 -6.849000000000000053e-03 9.999749999999999472e-01 -3.523109999999999853e-01 9.358560000000000212e-01 7.072000000000000161e-03 -9.358809999999999629e-01 -3.523160000000000180e-01 -6.520000000000000188e-04
1.700000000000000000e+01 2.600000000000000000e+01 6.400000000000000000e+01 0.000000000000000000e+00 1.600000000000000089e+00 -1.899000000000000080e-03 -2.844000000000000174e-03 9.999940000000000495e-01 -3.516179999999999861e-01 9.361410000000000009e-01 1.994999999999999812e-03 -9.361410000000000009e-01 -3.516130000000000089e-01 -2.778000000000000087e-03
2.500000000000000000e+01 2.600000000000000000e+01 6.400000000000000000e+01 0.000000000000000000e+00 1.600000000000000089e+00 7.219999999999999855e-04 -9.386999999999999511e-03 9.999559999999999560e-01 -3.585760000000000058e-01 9.334569999999999812e-01 9.022000000000000505e-03 -9.334999999999999964e-01 -3.585659999999999958e-01 -2.691999999999999948e-03
2.900000000000000000e+01 2.600000000000000000e+01 6.400000000000000000e+01 0.000000000000000000e+00 1.600000000000000089e+00 9.699999999999999963e-05 -4.022999999999999667e-03 9.999919999999999920e-01 -3.621989999999999932e-01 9.320929999999999493e-01 3.785000000000000170e-03 -9.321009999999999573e-01 -3.621969999999999912e-01 -1.366999999999999943e-03
3.000000000000000000e+01 5.300000000000000000e+01 6.400000000000000000e+01 0.000000000000000000e+00 1.600000000000000089e+00 7.901999999999999302e-03 1.855009999999999992e-01 -9.826120000000000410e-01 1.082850000000000062e-01 9.767059999999999631e-01 1.852560000000000040e-01 9.940879999999999717e-01 -1.078660000000000035e-01 -1.236899999999999979e-02
