2.100000000000000000e+01 1.500000000000000000e+01 4.000000000000000000e+00 0.000000000000000000e+00 1.600000000000000089e+00 -1.033999999999999980e-03 2.953799999999999829e-02 9.995629999999999793e-01 3.826629999999999754e-01 -9.234729999999999883e-01 2.768500000000000127e-02 9.238880000000000425e-01 3.825239999999999752e-01 -1.034799999999999956e-02
3.000000000000000000e+00 1.300000000000000000e+01 5.000000000000000000e+00 0.000000000000000000e+00 1.600000000000000089e+00 -5.814999999999999857e-03 5.861800000000000344e-02 9.982640000000000402e-01 3.381890000000000174e-01 -9.393420000000000103e-01 5.712799999999999823e-02 9.410600000000000076e-01 3.379340000000000122e-01 -1.436199999999999977e-02
9.000000000000000000e+00 1.000000000000000000e+00 6.000000000000000000e+00 0.000000000000000000e+00 1.600000000000000089e+00 -1.780699999999999991e-02 1.145260000000000028e-01 -9.932609999999999495e-01 -1.817749999999999921e-01 -9.772340000000000471e-01 -1.094190000000000024e-01 -9.831790000000000251e-01 1.786020000000000107e-01 3.821900000000000297e-02
5.000000000000000000e+00 1.010000000000000000e+02 7.000000000000000000e+00 0.000000000000000000e+00 1.600000000000000089e+00 5.159999999999999656e-04 1.953299999999999828e-02 9.998089999999999478e-01 8.891069999999999807e-01 4.576029999999999820e-01 -9.398999999999999369e-03 -4.576999999999999957e-01 8.889420000000000099e-01 -1.713100000000000039e-02
1.400000000000000000e+01 1.010000000000000000e+02 7.000000000000000000e+00 0.000000000000000000e+00 1.600000000000000089e+00 -1.154999999999999994e-03 -5.424000000000000002e-03 9.999850000000000128e-01 8.882970000000000033e-01 4.592559999999999976e-01 3.517000000000000161e-03 -4.592680000000000096e-01 8.882870000000000488e-01 4.287000000000000012e-03
1.900000000000000000e+01 1.010000000000000000e+02 7.000000000000000000e+00 0.000000000000000000e+00 1.600000000000000089e+00 -8.490000000000000368e-04 1.194800000000000029e-02 9.999280000000000390e-01 8.861780000000000213e-01 4.633209999999999829e-01 -4.784000000000000058e-03 -4.633450000000000069e-01 8.861099999999999532e-01 -1.098200000000000044e-02
2.200000000000000000e+01 1.500000000000000000e+01 8.000000000000000000e+00 0.000000000000000000e+00 1.600000000000000089e+00 9.929999999999999591e-04 1.798999999999999905e-02 -9.998380000000000045e-01 -6.145059999999999967e-01 -7.887729999999999464e-01 -1.480300000000000019e-02 -7.889110000000000289e-01 6.144209999999999949e-01 1.027199999999999988e-02
6.000000000000000000e+00 2.500000000000000000e+01 8.000000000000000000e+00 0.000000000000000000e+00 1.600000000000000089e+00 -1.768999999999999956e-03 -2.439000000000000196e-03 -9.999949999999999672e-01 4.466370000000000062e-01 8.947110000000000340e-01 -2.971999999999999816e-03 8.947140000000000093e-01 -4.466399999999999815e-01 -4.929999999999999487e-04
1.300000000000000000e+01 2.500000000000000000e+01 8.000000000000000000e+00 0.000000000000000000e+00 1.600000000000000089e+00 -3.420000000000000188e-04 2.769000000000000194e-03 -9.999959999999999960e-01 4.468960000000000155e-01 8.945830000000000171e-01 2.324000000000000111e-03 8.945859999999999923e-01 -4.468940000000000135e-01 -1.543000000000000101e-03
1.600000000000000000e+01 2.500000000000000000e+01 8.000000000000000000e+00 0.000000000000000000e+00 1.600000000000000089e+00 -1.258000000000000004e-03 4.669000000000000407e-03 -9.999879999999999880e-01 4.474040000000000239e-01 8.943250000000000366e-01 3.612999999999999892e-03 8.943309999999999871e-01 -4.473940000000000139e-01 -3.213999999999999843e-03
2.100000000000000000e+01 2.500000000000000000e+01 8.000000000000000000e+00 0.000000000000000000e+00 1.600000000000000089e+00 -6.570000000000000319e-04 -1.118000000000000070e-03 -9.999989999999999712e-01 4.486809999999999965e-01 8.936910000000000132e-01 -1.294000000000000011e-03 8.936920000000000419e-01 -4.486820000000000253e-01 -8.600000000000000331e-05
2.300000000000000000e+01 2.500000000000000000e+01 8.000000000000000000e+00 0.000000000000000000e+00 1.600000000000000089e+00 -4.300000000000000165e-05 -1.724999999999999971e-03 -9.999989999999999712e-01 4.485379999999999923e-01 8.937629999999999741e-01 -1.561000000000000104e-03 8.937640000000000029e-01 -4.485370000000000190e-01 7.349999999999999763e-04
6.000000000000000000e+00 2.400000000000000000e+01 9.000000000000000000e+00 0.000000000000000000e+00 1.600000000000000089e+00 -9.680000000000000019e-04 -9.849999999999999815e-04 -9.999989999999999712e-01 4.528479999999999728e-01 8.915870000000000184e-01 -1.315999999999999896e-03 8.915870000000000184e-01 -4.528490000000000015e-01 -4.169999999999999987e-04
1.000000000000000000e+01 2.400000000000000000e+01 9.000000000000000000e+00 0.000000000000000000e+00 1.600000000000000089e+00 -5.100000000000000366e-04 -4.765000000000000138e-03 -9.999879999999999880e-01 4.522410000000000041e-01 8.918840000000000101e-01 -4.480999999999999740e-03 8.918949999999999934e-01 -4.522379999999999733e-01 1.699999999999999905e-03
1.600000000000000000e+01 2.400000000000000000e+01 9.000000000000000000e+00 0.000000000000000000e+00 1.600000000000000089e+00 -1.765000000000000076e-03 4.017999999999999870e-03 -9.999900000000000455e-01 4.546540000000000026e-01 8.906640000000000112e-01 2.775999999999999822e-03 8.906659999999999577e-01 -4.546450000000000213e-01 -3.399000000000000112e-03
2.300000000000000000e+01 2.400000000000000000e+01 9.000000000000000000e+00 0.000000000000000000e+00 1.600000000000000089e+00 -7.799999999999999859e-05 -2.991999999999999868e-03 -9.999949999999999672e-01 4.561000000000000054e-01 8.899249999999999661e-01 -2.699000000000000010e-03 8.899289999999999701e-01 -4.560980000000000034e-01 1.294999999999999927e-03
2.900000000000000000e+01 2.400000000000000000e+01 9.000000000000000000e+00 0.000000000000000000e+00 1.600000000000000089e+00 -9.420000000000000205e-04 -6.809999999999999647e-04 -9.999989999999999712e-01 4.538829999999999809e-01 8.910609999999999919e-01 -1.034999999999999896e-03 8.910609999999999919e-01 -4.538829999999999809e-01 -5.299999999999999807e-04
1.500000000000000000e+01 7.000000000000000000e+00 1.000000000000000000e+01 0.000000000000000000e+00 1.600000000000000089e+00 1.077380000000000004e-01 1.002699999999999980e-01 -9.891100000000000447e-01 -9.339300000000000379e-01 -3.308740000000000014e-01 -1.352690000000000003e-01 -3.408349999999999991e-01 9.383329999999999727e-01 5.799800000000000094e-02
3.000000000000000000e+00 3.500000000000000000e+01 1.200000000000000000e+01 0.000000000000000000e+00 1.600000000000000089e+00 1.240000000000000000e-03 -6.493999999999999773e-03 -9.999780000000000335e-01 5.269660000000000455e-01 -8.498639999999999528e-01 6.172000000000000403e-03 -8.498860000000000303e-01 -5.269620000000000415e-01 2.369000000000000012e-03
7.000000000000000000e+00 3.500000000000000000e+01 1.200000000000000000e+01 0.000000000000000000e+00 1.600000000000000089e+00 -9.879999999999999460e-04 -6.387999999999999581e-03 -9.999789999999999512e-01 5.143900000000000139e-01 -8.575420000000000265e-01 4.969000000000000326e-03 -8.575559999999999850e-01 -5.143750000000000266e-01 4.133000000000000389e-03
1.200000000000000000e+01 3.500000000000000000e+01 1.200000000000000000e+01 0.000000000000000000e+00 1.600000000000000089e+00 9.759999999999999796e-04 -4.563000000000000216e-03 -9.999890000000000168e-01 4.942340000000000066e-01 -8.693180000000000351e-01 4.448999999999999830e-03 -8.693290000000000184e-01 -4.942329999999999779e-01 1.407000000000000048e-03
1.800000000000000000e+01 3.500000000000000000e+01 1.200000000000000000e+01 0.000000000000000000e+00 1.600000000000000089e+00 1.175999999999999962e-03 -4.832000000000000357e-03 -9.999879999999999880e-01 4.657999999999999918e-01 -8.848770000000000246e-01 4.823000000000000030e-03 -8.848890000000000366e-01 -4.657999999999999918e-01 1.209999999999999921e-03
2.200000000000000000e+01 3.500000000000000000e+01 1.200000000000000000e+01 0.000000000000000000e+00 1.600000000000000089e+00 4.510000000000000120e-04 -5.350999999999999854e-03 -9.999860000000000415e-01 4.530390000000000250e-01 -8.914769999999999639e-01 4.975000000000000255e-03 -8.914910000000000334e-01 -4.530350000000000210e-01 2.023000000000000059e-03
2.700000000000000000e+01 3.500000000000000000e+01 1.200000000000000000e+01 0.000000000000000000e+00 1.600000000000000089e+00 -8.159999999999999936e-04 -5.369999999999999774e-03 -9.999850000000000128e-01 4.487610000000000210e-01 -8.936410000000000187e-01 4.433000000000000308e-03 -8.936520000000000019e-01 -4.487510000000000110e-01 3.138999999999999863e-03
1.400000000000000000e+01 3.200000000000000000e+01 1.400000000000000000e+01 0.000000000000000000e+00 1.600000000000000089e+00 -3.359999999999999814e-04 -8.869999999999999846e-04 -1.000000000000000000e+00 9.469800000000000439e-02 9.955060000000000020e-01 -9.150000000000000147e-04 9.955060000000000020e-01 -9.469800000000000439e-02 -2.500000000000000052e-04
2.000000000000000000e+00 1.200000000000000000e+01 1.500000000000000000e+01 0.000000000000000000e+00 1.600000000000000089e+00 -7.844000000000000278e-03 3.321000000000000167e-03 -9.999639999999999640e-01 -4.186699999999999866e-01 -9.081390000000000295e-01 2.680000000000000090e-04 -9.081050000000000511e-01 4.186570000000000014e-01 8.512999999999999734e-03
5.000000000000000000e+00 1.160000000000000000e+02 1.600000000000000000e+01 0.000000000000000000e+00 1.600000000000000089e+00 1.030000000000000100e-03 -5.969999999999999829e-04 9.999989999999999712e-01 7.591149999999999842e-01 6.509559999999999791e-01 -3.939999999999999817e-04 -6.509549999999999503e-01 7.591149999999999842e-01 1.123000000000000083e-03
3.000000000000000000e+01 1.160000000000000000e+02 1.600000000000000000e+01 0.000000000000000000e+00 1.600000000000000089e+00 3.347999999999999848e-03 2.407999999999999984e-03 9.999919999999999920e-01 7.512999999999999678e-01 6.599490000000000078e-01 -4.104000000000000009e-03 -6.599530000000000118e-01 7.513069999999999471e-01 4.000000000000000192e-04
1.200000000000000000e+01 2.000000000000000000e+00 1.900000000000000000e+01 0.000000000000000000e+00 1.600000000000000089e+00 9.349999999999999587e-04 5.109899999999999859e-02 -9.986930000000000529e-01 3.490170000000000217e-01 -9.359089999999999909e-01 -4.755999999999999811e-02 -9.371159999999999490e-01 -3.485159999999999925e-01 -1.871000000000000094e-02
1.800000000000000000e+01 2.000000000000000000e+00 1.900000000000000000e+01 0.000000000000000000e+00 1.600000000000000089e+00 3.282999999999999894e-03 2.061699999999999991e-02 -9.997819999999999485e-01 3.467149999999999954e-01 -9.377940000000000165e-01 -1.820000000000000090e-02 -9.379650000000000487e-01 -3.465790000000000259e-01 -1.022699999999999998e-02
2.100000000000000000e+01 2.000000000000000000e+00 1.900000000000000000e+01 0.000000000000000000e+00 1.600000000000000089e+00 3.155999999999999951e-03 3.161000000000000181e-03 -9.999900000000000455e-01 3.401159999999999739e-01 -9.403820000000000512e-01 -1.899000000000000080e-03 -9.403780000000000472e-01 -3.401060000000000194e-01 -4.042999999999999719e-03
2.800000000000000000e+01 2.000000000000000000e+00 1.900000000000000000e+01 0.000000000000000000e+00 1.600000000000000089e+00 -2.086999999999999880e-03 1.375000000000000007e-02 -9.999029999999999863e-01 3.261569999999999747e-01 -9.452169999999999739e-01 -1.367799999999999919e-02 -9.453129999999999589e-01 -3.261539999999999995e-01 -2.511999999999999910e-03
3.000000000000000000e+01 2.000000000000000000e+00 1.900000000000000000e+01 0.000000000000000000e+00 1.600000000000000089e+00 -3.252999999999999815e-03 1.675499999999999906e-02 -9.998540000000000205e-01 3.281160000000000188e-01 -9.444860000000000477e-01 -1.689500000000000030e-02 -9.446320000000000272e-01 -3.281240000000000268e-01 -2.425000000000000072e-03
9.000000000000000000e+00 3.000000000000000000e+00 1.900000000000000000e+01 0.000000000000000000e+00 1.600000000000000089e+00 -4.669000000000000407e-03 3.241399999999999837e-02 -9.994640000000000191e-01 3.321140000000000203e-01 -9.426919999999999744e-01 -3.212399999999999978e-02 -9.432279999999999553e-01 -3.320850000000000191e-01 -6.363999999999999865e-03
2.300000000000000000e+01 3.000000000000000000e+00 1.900000000000000000e+01 0.000000000000000000e+00 1.600000000000000089e+00 6.980000000000000527e-04 4.470000000000000015e-03 -9.999900000000000455e-01 3.084560000000000080e-01 -9.512300000000000200e-01 -4.036999999999999790e-03 -9.512380000000000280e-01 -3.084500000000000020e-01 -2.041999999999999978e-03
4.000000000000000000e+00 4.000000000000000000e+00 2.000000000000000000e+01 0.000000000000000000e+00 1.600000000000000089e+00 2.703999999999999806e-03 8.892000000000000598e-03 -9.999569999999999848e-01 3.572659999999999725e-01 -9.339739999999999709e-01 -7.339000000000000037e-03 -9.339990000000000236e-01 -3.572310000000000207e-01 -5.701999999999999603e-03
5.000000000000000000e+00 1.300000000000000000e+01 2.000000000000000000e+01 0.000000000000000000e+00 1.600000000000000089e+00 -7.849999999999999990e-04 -2.480000000000000000e-03 9.999970000000000248e-01 2.638829999999999787e-01 9.645510000000000472e-01 2.599000000000000182e-03 -9.645540000000000225e-01 2.638840000000000074e-01 -1.029999999999999964e-04
1.100000000000000000e+01 1.300000000000000000e+01 2.000000000000000000e+01 0.000000000000000000e+00 1.600000000000000089e+00 -5.109999999999999525e-04 3.010000000000000089e-03 9.999949999999999672e-01 2.637419999999999765e-01 9.645890000000000297e-01 -2.768000000000000061e-03 -9.645930000000000337e-01 2.637390000000000012e-01 -1.286999999999999950e-03
1.500000000000000000e+01 1.300000000000000000e+01 2.000000000000000000e+01 0.000000000000000000e+00 1.600000000000000089e+00 9.759999999999999796e-04 3.655999999999999962e-03 9.999930000000000208e-01 2.601919999999999789e-01 9.655489999999999906e-01 -3.784000000000000037e-03 -9.655559999999999699e-01 2.601939999999999809e-01 -9.000000000000000228e-06
1.800000000000000000e+01 1.300000000000000000e+01 2.000000000000000000e+01 0.000000000000000000e+00 1.600000000000000089e+00 1.549000000000000030e-03 -8.800000000000000313e-04 9.999980000000000535e-01 2.587289999999999868e-01 9.659499999999999753e-01 4.499999999999999877e-04 -9.659489999999999466e-01 2.587280000000000135e-01 1.724000000000000055e-03
2.200000000000000000e+01 1.300000000000000000e+01 2.000000000000000000e+01 0.000000000000000000e+00 1.600000000000000089e+00 4.360000000000000269e-04 8.400000000000000348e-04 1.000000000000000000e+00 2.589730000000000087e-01 9.658839999999999648e-01 -9.240000000000000166e-04 -9.658839999999999648e-01 2.589730000000000087e-01 2.039999999999999984e-04
2.600000000000000000e+01 1.300000000000000000e+01 2.000000000000000000e+01 0.000000000000000000e+00 1.600000000000000089e+00 9.500000000000000523e-05 1.392000000000000008e-03 9.999989999999999712e-01 2.601959999999999829e-01 9.655550000000000521e-01 -1.368999999999999991e-03 -9.655559999999999699e-01 2.601959999999999829e-01 -2.700000000000000035e-04
2.900000000000000000e+01 1.300000000000000000e+01 2.000000000000000000e+01 0.000000000000000000e+00 1.600000000000000089e+00 8.600000000000000331e-05 1.219999999999999974e-04 1.000000000000000000e+00 2.603719999999999923e-01 9.655080000000000329e-01 -1.399999999999999877e-04 -9.655080000000000329e-01 2.603719999999999923e-01 5.099999999999999960e-05
1.100000000000000000e+01 1.600000000000000000e+01 2.100000000000000000e+01 0.000000000000000000e+00 1.600000000000000089e+00 -1.116999999999999937e-03 1.856000000000000011e-03 9.999980000000000535e-01 2.998190000000000022e-01 9.539950000000000374e-01 -1.435999999999999993e-03 -9.539950000000000374e-01 2.998170000000000002e-01 -1.621999999999999961e-03
1.900000000000000000e+01 2.000000000000000000e+00 2.500000000000000000e+01 0.000000000000000000e+00 1.600000000000000089e+00 -9.359999999999999831e-04 -2.320000000000000014e-04 1.000000000000000000e+00 7.935000000000000386e-02 -9.968470000000000386e-01 -1.569999999999999944e-04 9.968460000000000099e-01 7.935000000000000386e-02 9.510000000000000224e-04
2.300000000000000000e+01 2.000000000000000000e+00 2.500000000000000000e+01 0.000000000000000000e+00 1.600000000000000089e+00 -5.649999999999999641e-04 -6.818000000000000276e-03 9.999770000000000048e-01 6.750200000000000644e-02 -9.976960000000000273e-01 -6.765000000000000180e-03 9.977190000000000225e-01 6.749700000000000144e-02 1.023999999999999954e-03
3.000000000000000000e+00 3.000000000000000000e+00 2.500000000000000000e+01 0.000000000000000000e+00 1.600000000000000089e+00 2.216000000000000088e-03 -1.552999999999999910e-03 9.999959999999999960e-01 -4.917799999999999949e-02 -9.987890000000000379e-01 -1.441999999999999922e-03 9.987880000000000091e-01 -4.917400000000000243e-02 -2.288999999999999802e-03
9.000000000000000000e+00 3.000000000000000000e+00 2.500000000000000000e+01 0.000000000000000000e+00 1.600000000000000089e+00 2.582999999999999793e-03 2.448000000000000089e-03 9.999940000000000495e-01 -4.359199999999999880e-02 -9.990459999999999896e-01 2.557999999999999944e-03 9.990459999999999896e-01 -4.359799999999999787e-02 -2.474000000000000071e-03
1.400000000000000000e+01 3.000000000000000000e+00 2.500000000000000000e+01 0.000000000000000000e+00 1.600000000000000089e+00 -6.769999999999999759e-04 1.503200000000000022e-02 9.998869999999999703e-01 -2.178400000000000128e-02 -9.996500000000000385e-01 1.501399999999999957e-02 9.997620000000000395e-01 -2.177099999999999869e-02 1.003999999999999901e-03
2.400000000000000000e+01 3.000000000000000000e+00 2.500000000000000000e+01 0.000000000000000000e+00 1.600000000000000089e+00 -1.221999999999999996e-03 -3.883999999999999866e-03 9.999919999999999920e-01 -1.711999999999999980e-02 -9.998460000000000125e-01 -3.905000000000000051e-03 9.998529999999999918e-01 -1.712400000000000033e-02 1.154999999999999994e-03
2.900000000000000000e+01 3.000000000000000000e+00 2.500000000000000000e+01 0.000000000000000000e+00 1.600000000000000089e+00 -6.838000000000000328e-03 1.183299999999999977e-02 9.999069999999999903e-01 -1.651999999999999996e-02 -9.997949999999999893e-01 1.171900000000000025e-02 9.998399999999999510e-01 -1.643800000000000122e-02 7.032000000000000056e-03
7.000000000000000000e+00 4.600000000000000000e+01 2.700000000000000000e+01 0.000000000000000000e+00 1.600000000000000089e+00 -1.129000000000000012e-03 -1.858000000000000059e-03 -9.999980000000000535e-01 6.644860000000000211e-01 7.472980000000000178e-01 -2.138999999999999842e-03 7.472999999999999643e-01 -6.644860000000000211e-01 3.910000000000000172e-04
1.100000000000000000e+01 4.600000000000000000e+01 2.700000000000000000e+01 0.000000000000000000e+00 1.600000000000000089e+00 -1.248999999999999893e-03 1.417000000000000074e-03 -9.999980000000000535e-01 6.615360000000000129e-01 7.499130000000000518e-01 2.359999999999999902e-04 7.499120000000000230e-01 -6.615349999999999842e-01 -1.874000000000000015e-03
1.000000000000000000e+01 4.600000000000000000e+01 3.000000000000000000e+01 0.000000000000000000e+00 1.600000000000000089e+00 -1.629000000000000023e-03 -1.177000000000000095e-03 -9.999980000000000535e-01 3.255730000000000013e-01 9.455149999999999944e-01 -1.642999999999999929e-03 9.455149999999999944e-01 -3.255750000000000033e-01 -1.157000000000000042e-03
2.600000000000000000e+01 4.600000000000000000e+01 3.000000000000000000e+01 0.000000000000000000e+00 1.600000000000000089e+00 -1.856000000000000011e-03 -2.462000000000000213e-03 -9.999949999999999672e-01 3.313349999999999906e-01 9.435090000000000421e-01 -2.938000000000000073e-03 9.435109999999999886e-01 -3.313389999999999946e-01 -9.349999999999999587e-04
5.000000000000000000e+00 5.800000000000000000e+01 3.100000000000000000e+01 0.000000000000000000e+00 1.600000000000000089e+00 1.281999999999999936e-03 7.999999999999999638e-06 9.999989999999999712e-01 -7.679869999999999752e-01 -6.404649999999999510e-01 9.899999999999999946e-04 6.404649999999999510e-01 -7.679869999999999752e-01 -8.149999999999999693e-04
1.200000000000000000e+01 5.800000000000000000e+01 3.100000000000000000e+01 0.000000000000000000e+00 1.600000000000000089e+00 -4.290000000000000193e-04 1.655999999999999920e-03 9.999989999999999712e-01 -7.664260000000000517e-01 -6.423320000000000141e-01 7.349999999999999763e-04 6.423320000000000141e-01 -7.664250000000000229e-01 1.544999999999999932e-03
1.600000000000000000e+01 5.800000000000000000e+01 3.100000000000000000e+01 0.000000000000000000e+00 1.600000000000000089e+00 -8.310000000000000329e-04 -5.969999999999999829e-04 1.000000000000000000e+00 -7.621149999999999869e-01 -6.474410000000000442e-01 -1.020000000000000073e-03 6.474410000000000442e-01 -7.621160000000000156e-01 8.299999999999999815e-05
2.200000000000000000e+01 5.800000000000000000e+01 3.100000000000000000e+01 0.000000000000000000e+00 1.600000000000000089e+00 -4.369999999999999970e-04 1.843999999999999936e-03 9.999980000000000535e-01 -7.596640000000000059e-01 -6.503160000000000052e-01 8.670000000000000406e-04 6.503160000000000052e-01 -7.596619999999999484e-01 1.685000000000000083e-03
2.500000000000000000e+01 5.800000000000000000e+01 3.100000000000000000e+01 0.000000000000000000e+00 1.600000000000000089e+00 5.441999999999999789e-03 6.943999999999999652e-03 9.999609999999999888e-01 -7.592959999999999710e-01 -6.506880000000000441e-01 8.651000000000000703e-03 6.507220000000000226e-01 -7.593140000000000445e-01 1.732000000000000033e-03
6.000000000000000000e+00 4.600000000000000000e+01 3.500000000000000000e+01 0.000000000000000000e+00 1.600000000000000089e+00 4.070000000000000267e-04 -3.249999999999999851e-04 -1.000000000000000000e+00 3.943619999999999903e-01 -9.189549999999999663e-01 4.589999999999999896e-04 -9.189549999999999663e-01 -3.943619999999999903e-01 -2.460000000000000164e-04
1.000000000000000000e+01 4.600000000000000000e+01 3.500000000000000000e+01 0.000000000000000000e+00 1.600000000000000089e+00 -2.400000000000000061e-05 4.814999999999999836e-03 -9.999879999999999880e-01 3.930069999999999952e-01 -9.195250000000000368e-01 -4.436999999999999972e-03 -9.195360000000000200e-01 -3.930020000000000180e-01 -1.871000000000000050e-03
1.900000000000000000e+01 4.600000000000000000e+01 3.500000000000000000e+01 0.000000000000000000e+00 1.600000000000000089e+00 4.789999999999999879e-04 -5.035000000000000413e-03 -9.999869999999999592e-01 3.895799999999999819e-01 -9.209800000000000209e-01 4.824000000000000163e-03 -9.209920000000000329e-01 -3.895770000000000066e-01 1.520000000000000084e-03
2.700000000000000000e+01 4.600000000000000000e+01 3.500000000000000000e+01 0.000000000000000000e+00 1.600000000000000089e+00 4.659999999999999971e-04 1.098000000000000018e-03 -9.999989999999999712e-01 3.930899999999999950e-01 -9.194999999999999840e-01 -8.270000000000000441e-04 -9.194999999999999840e-01 -3.930890000000000217e-01 -8.599999999999999789e-04
4.000000000000000000e+00 3.000000000000000000e+00 4.300000000000000000e+01 0.000000000000000000e+00 1.600000000000000089e+00 2.699000000000000010e-03 3.403799999999999881e-02 -9.994169999999999998e-01 7.352140000000000342e-01 -6.775060000000000526e-01 -2.108799999999999911e-02 -6.778290000000000148e-01 -7.347289999999999655e-01 -2.685399999999999940e-02
1.000000000000000000e+01 3.000000000000000000e+00 4.300000000000000000e+01 0.000000000000000000e+00 1.600000000000000089e+00 2.936999999999999941e-03 6.294000000000000115e-03 -9.999759999999999760e-01 7.342840000000000478e-01 -6.788389999999999702e-01 -2.115999999999999825e-03 -6.788359999999999950e-01 -7.342600000000000238e-01 -6.615000000000000220e-03
1.400000000000000000e+01 3.000000000000000000e+00 4.300000000000000000e+01 0.000000000000000000e+00 1.600000000000000089e+00 1.784999999999999911e-03 -8.880000000000000740e-03 -9.999590000000000423e-01 7.364479999999999915e-01 -6.764539999999999997e-01 7.322000000000000383e-03 -6.764919999999999822e-01 -7.364309999999999468e-01 5.331999999999999934e-03
1.700000000000000000e+01 3.000000000000000000e+00 4.300000000000000000e+01 0.000000000000000000e+00 1.600000000000000089e+00 1.124999999999999915e-03 4.629000000000000302e-03 -9.999890000000000168e-01 7.399540000000000006e-01 -6.726529999999999454e-01 -2.281000000000000041e-03 -6.726560000000000317e-01 -7.399430000000000174e-01 -4.181999999999999953e-03
2.500000000000000000e+01 3.000000000000000000e+00 4.300000000000000000e+01 0.000000000000000000e+00 1.600000000000000089e+00 -3.043999999999999831e-03 -4.441999999999999768e-03 -9.999850000000000128e-01 7.408799999999999830e-01 -6.716370000000000395e-01 7.280000000000000230e-04 -6.716309999999999780e-01 -7.408670000000000533e-01 5.335999999999999598e-03
1.700000000000000000e+01 8.000000000000000000e+00 4.400000000000000000e+01 0.000000000000000000e+00 1.600000000000000089e+00 4.400000000000000157e-04 -8.419999999999999750e-04 1.000000000000000000e+00 -7.869810000000000416e-01 -6.169769999999999976e-01 -1.730000000000000038e-04 6.169769999999999976e-01 -7.869810000000000416e-01 -9.340000000000000429e-04
2.100000000000000000e+01 8.000000000000000000e+00 4.400000000000000000e+01 0.000000000000000000e+00 1.600000000000000089e+00 4.420000000000000101e-04 2.337999999999999801e-03 9.999970000000000248e-01 -7.891460000000000141e-01 -6.142030000000000545e-01 1.784999999999999911e-03 6.142050000000000010e-01 -7.891449999999999854e-01 1.574000000000000095e-03
2.000000000000000000e+00 2.900000000000000000e+01 4.400000000000000000e+01 0.000000000000000000e+00 1.600000000000000089e+00 2.513000000000000043e-03 -2.514999999999999875e-03 -9.999940000000000495e-01 6.550899999999999501e-01 7.555509999999999726e-01 -2.539999999999999940e-04 7.555469999999999686e-01 -6.550850000000000284e-01 3.546000000000000107e-03
6.000000000000000000e+00 2.900000000000000000e+01 4.400000000000000000e+01 0.000000000000000000e+00 1.600000000000000089e+00 1.002999999999999985e-03 -3.899999999999999821e-03 -9.999919999999999920e-01 6.532069999999999821e-01 7.571759999999999602e-01 -2.296999999999999997e-03 7.571790000000000465e-01 -6.531989999999999741e-01 3.307000000000000044e-03
1.300000000000000000e+01 2.900000000000000000e+01 4.400000000000000000e+01 0.000000000000000000e+00 1.600000000000000089e+00 -6.639999999999999852e-04 -2.612000000000000172e-03 -9.999959999999999960e-01 6.576319999999999943e-01 7.533360000000000056e-01 -2.403999999999999887e-03 7.533389999999999809e-01 -6.576309999999999656e-01 1.217999999999999899e-03
1.800000000000000000e+01 2.900000000000000000e+01 4.400000000000000000e+01 0.000000000000000000e+00 1.600000000000000089e+00 5.289999999999999564e-04 -1.951000000000000043e-03 -9.999980000000000535e-01 6.606210000000000138e-01 7.507190000000000252e-01 -1.115000000000000106e-03 7.507200000000000539e-01 -6.606189999999999563e-01 1.685999999999999999e-03
2.100000000000000000e+01 2.900000000000000000e+01 4.400000000000000000e+01 0.000000000000000000e+00 1.600000000000000089e+00 -1.299999999999999920e-05 -3.523999999999999789e-03 -9.999940000000000495e-01 6.602050000000000418e-01 7.510809999999999986e-01 -2.655999999999999941e-03 7.510860000000000314e-01 -6.602010000000000378e-01 2.317000000000000049e-03
2.500000000000000000e+01 2.900000000000000000e+01 4.400000000000000000e+01 0.000000000000000000e+00 1.600000000000000089e+00 -9.619999999999999645e-04 -1.415000000000000025e-03 -9.999989999999999712e-01 6.583860000000000268e-01 7.526779999999999582e-01 -1.698000000000000074e-03 7.526800000000000157e-01 -6.583869999999999445e-01 2.079999999999999872e-04
4.000000000000000000e+00 6.500000000000000000e+01 4.600000000000000000e+01 0.000000000000000000e+00 1.600000000000000089e+00 -1.712999999999999896e-03 2.595000000000000084e-03 9.999949999999999672e-01 6.777790000000000203e-01 -7.352600000000000247e-01 3.069000000000000113e-03 7.352640000000000287e-01 6.777809999999999668e-01 -4.989999999999999861e-04
2.500000000000000000e+01 6.500000000000000000e+01 4.600000000000000000e+01 0.000000000000000000e+00 1.600000000000000089e+00 1.567000000000000033e-03 -1.979999999999999989e-03 9.999970000000000248e-01 6.776419999999999666e-01 -7.353870000000000129e-01 -2.517999999999999839e-03 7.353899999999999881e-01 6.776440000000000241e-01 1.900000000000000105e-04
2.000000000000000000e+01 7.000000000000000000e+01 4.700000000000000000e+01 0.000000000000000000e+00 1.600000000000000089e+00 -8.159999999999999936e-04 -1.456999999999999962e-03 -9.999989999999999712e-01 -8.421469999999999789e-01 -5.392460000000000031e-01 1.472999999999999917e-03 -5.392470000000000319e-01 8.421469999999999789e-01 -7.870000000000000476e-04
4.000000000000000000e+00 5.000000000000000000e+00 5.100000000000000000e+01 0.000000000000000000e+00 1.600000000000000089e+00 1.887000000000000005e-03 1.948199999999999932e-02 -9.998080000000000300e-01 4.819080000000000030e-01 -8.760729999999999906e-01 -1.616099999999999828e-02 -8.762199999999999989e-01 -4.817850000000000188e-01 -1.104199999999999973e-02
9.000000000000000000e+00 5.000000000000000000e+00 5.100000000000000000e+01 0.000000000000000000e+00 1.600000000000000089e+00 -1.456999999999999962e-03 1.048699999999999979e-02 -9.999440000000000550e-01 4.816119999999999846e-01 -8.763290000000000246e-01 -9.891999999999999751e-03 -8.763830000000000231e-01 -4.815989999999999993e-01 -3.774000000000000011e-03
2.400000000000000000e+01 5.000000000000000000e+00 5.100000000000000000e+01 0.000000000000000000e+00 1.600000000000000089e+00 -1.193999999999999966e-03 -1.266999999999999897e-03 -9.999980000000000535e-01 4.858779999999999766e-01 -8.740269999999999984e-01 5.270000000000000162e-04 -8.740259999999999696e-01 -4.858770000000000033e-01 1.660000000000000017e-03
2.700000000000000000e+01 5.000000000000000000e+00 5.100000000000000000e+01 0.000000000000000000e+00 1.600000000000000089e+00 -3.919999999999999873e-04 -8.840000000000000201e-04 -1.000000000000000000e+00 4.941039999999999877e-01 -8.694030000000000369e-01 5.749999999999999903e-04 -8.694030000000000369e-01 -4.941039999999999877e-01 7.770000000000000214e-04
3.000000000000000000e+01 5.000000000000000000e+00 5.100000000000000000e+01 0.000000000000000000e+00 1.600000000000000089e+00 2.144000000000000072e-03 -7.960000000000000495e-04 -9.999970000000000248e-01 4.968730000000000091e-01 -8.678219999999999823e-01 1.755999999999999965e-03 -8.678209999999999535e-01 -4.968750000000000111e-01 -1.464999999999999939e-03
1.500000000000000000e+01 7.000000000000000000e+00 5.200000000000000000e+01 0.000000000000000000e+00 1.600000000000000089e+00 -1.550000000000000000e-04 -1.247999999999999977e-03 -9.999989999999999712e-01 9.566700000000000204e-02 -9.954129999999999923e-01 1.227999999999999925e-03 -9.954129999999999923e-01 -9.566700000000000204e-02 2.739999999999999923e-04
4.000000000000000000e+00 6.300000000000000000e+01 5.400000000000000000e+01 0.000000000000000000e+00 1.600000000000000089e+00 1.634000000000000036e-03 8.399999999999999535e-05 9.999989999999999712e-01 -3.346390000000000198e-01 9.423460000000000170e-01 4.679999999999999915e-04 -9.423449999999999882e-01 -3.346399999999999930e-01 1.567999999999999949e-03
9.000000000000000000e+00 6.300000000000000000e+01 5.400000000000000000e+01 0.000000000000000000e+00 1.600000000000000089e+00 2.939000000000000206e-03 -1.683000000000000034e-03 9.999940000000000495e-01 -3.464119999999999977e-01 9.380789999999999962e-01 2.596999999999999916e-03 -9.380779999999999674e-01 -3.464180000000000037e-01 2.174000000000000151e-03
1.800000000000000000e+01 6.300000000000000000e+01 5.400000000000000000e+01 0.000000000000000000e+00 1.600000000000000089e+00 -1.226000000000000093e-03 1.546000000000000065e-03 9.999980000000000535e-01 -3.405969999999999831e-01 9.402070000000000149e-01 -1.871999999999999966e-03 -9.402080000000000437e-01 -3.405989999999999851e-01 -6.260000000000000373e-04
2.300000000000000000e+01 6.300000000000000000e+01 5.400000000000000000e+01 0.000000000000000000e+00 1.600000000000000089e+00 -1.105999999999999995e-03 1.508000000000000009e-03 9.999980000000000535e-01 -3.381759999999999766e-01 9.410809999999999453e-01 -1.794000000000000022e-03 -9.410819999999999741e-01 -3.381770000000000054e-01 -5.310000000000000050e-04
1.400000000000000000e+01 2.500000000000000000e+01 5.500000000000000000e+01 0.000000000000000000e+00 1.600000000000000089e+00 7.410000000000000137e-04 -2.603999999999999978e-03 -9.999959999999999960e-01 -1.401999999999999948e-02 -9.998979999999999535e-01 2.593999999999999952e-03 -9.999010000000000398e-01 1.401799999999999921e-02 -7.770000000000000214e-04
2.000000000000000000e+01 2.500000000000000000e+01 5.500000000000000000e+01 0.000000000000000000e+00 1.600000000000000089e+00 9.529999999999999626e-04 3.184000000000000198e-03 -9.999949999999999672e-01 -1.305899999999999943e-02 -9.999099999999999655e-01 -3.197000000000000189e-03 -9.999139999999999695e-01 1.306200000000000069e-02 -9.110000000000000259e-04
2.800000000000000000e+01 2.500000000000000000e+01 5.500000000000000000e+01 0.000000000000000000e+00 1.600000000000000089e+00 -2.472999999999999938e-03 -3.683000000000000076e-03 -9.999900000000000455e-01 -1.346999999999999933e-02 -9.999019999999999575e-01 3.716000000000000119e-03 -9.999059999999999615e-01 1.347899999999999966e-02 2.422999999999999807e-03
1.000000000000000000e+00 2.100000000000000000e+01 6.000000000000000000e+01 0.000000000000000000e+00 1.600000000000000089e+00 -2.954000000000000029e-03 -3.286999999999999991e-03 9.999900000000000455e-01 -9.513900000000000134e-02 9.954589999999999828e-01 2.991999999999999868e-03 -9.954600000000000115e-01 -9.513000000000000622e-02 -3.252999999999999815e-03
7.000000000000000000e+00 2.100000000000000000e+01 6.000000000000000000e+01 0.000000000000000000e+00 1.600000000000000089e+00 1.219000000000000031e-03 2.377000000000000206e-03 9.999959999999999960e-01 -9.574299999999999478e-02 9.954039999999999555e-01 -2.249000000000000131e-03 -9.954049999999999843e-01 -9.574000000000000565e-02 1.441000000000000007e-03
1.000000000000000000e+01 2.100000000000000000e+01 6.000000000000000000e+01 0.000000000000000000e+00 1.600000000000000089e+00 1.472000000000000001e-03 -6.590000000000000371e-03 9.999770000000000048e-01 -9.600000000000000200e-02 9.953589999999999938e-01 6.701000000000000359e-03 -9.953800000000000425e-01 -9.600799999999999612e-02 8.319999999999999488e-04
1.800000000000000000e+01 2.100000000000000000e+01 6.000000000000000000e+01 0.000000000000000000e+00 1.600000000000000089e+00 -1.227000000000000009e-03 3.399000000000000112e-03 9.999930000000000208e-01 -9.413900000000000046e-02 9.955530000000000213e-01 -3.498999999999999940e-03 -9.955580000000000540e-01 -9.414300000000000446e-02 -9.009999999999999997e-04
2.700000000000000000e+01 2.100000000000000000e+01 6.000000000000000000e+01 0.000000000000000000e+00 1.600000000000000089e+00 1.237000000000000035e-03 -2.608000000000000075e-03 9.999959999999999960e-01 -9.278899999999999648e-02 9.956819999999999560e-01 2.710999999999999868e-03 -9.956850000000000422e-01 -9.279199999999999948e-02 9.899999999999999946e-04
2.600000000000000000e+01 3.000000000000000000e+00 6.300000000000000000e+01 0.000000000000000000e+00 1.600000000000000089e+00 -1.067000000000000023e-03 3.281000000000000062e-03 9.999940000000000495e-01 -6.104039999999999466e-01 7.920840000000000103e-01 -3.249999999999999851e-03 -7.920899999999999608e-01 -6.104039999999999466e-01 1.157000000000000042e-03
1.000000000000000000e+00 2.700000000000000000e+01 6.300000000000000000e+01 0.000000000000000000e+00 1.600000000000000089e+00 1.012000000000000096e-03 -2.099999999999999870e-03 9.999970000000000248e-01 -2.747569999999999735e-01 9.615110000000000046e-01 2.298000000000000129e-03 -9.615129999999999511e-01 -2.747589999999999755e-01 3.950000000000000061e-04
4.000000000000000000e+00 2.700000000000000000e+01 6.300000000000000000e+01 0.000000000000000000e+00 1.600000000000000089e+00 -2.990000000000000036e-04 -3.317000000000000070e-03 9.999940000000000495e-01 -2.730259999999999909e-01 9.620020000000000238e-01 3.109999999999999917e-03 -9.620069999999999455e-01 -2.730239999999999889e-01 -1.193999999999999966e-03
1.100000000000000000e+01 2.700000000000000000e+01 6.300000000000000000e+01 0.000000000000000000e+00 1.600000000000000089e+00 1.998000000000000210e-03 5.389999999999999826e-04 9.999980000000000535e-01 -2.775110000000000077e-01 9.607229999999999936e-01 3.600000000000000091e-05 -9.607200000000000184e-01 -2.775099999999999789e-01 2.069000000000000093e-03
1.900000000000000000e+01 2.700000000000000000e+01 6.300000000000000000e+01 0.000000000000000000e+00 1.600000000000000089e+00 -2.276999999999999944e-03 -2.063999999999999863e-03 9.999949999999999672e-01 -2.779190000000000271e-01 9.606029999999999847e-01 1.350000000000000071e-03 -9.606019999999999559e-01 -2.779150000000000231e-01 -2.760999999999999999e-03
2.300000000000000000e+01 2.700000000000000000e+01 6.300000000000000000e+01 0.000000000000000000e+00 1.600000000000000089e+00 1.059000000000000045e-03 -5.917000000000000384e-03 9.999820000000000375e-01 -2.804479999999999751e-01 9.598510000000000097e-01 5.976999999999999674e-03 -9.598689999999999722e-01 -2.804490000000000038e-01 -6.430000000000000169e-04
3.000000000000000000e+01 2.700000000000000000e+01 6.300000000000000000e+01 0.000000000000000000e+00 1.600000000000000089e+00 -6.040000000000000447e-04 -4.054000000000000312e-03 9.999919999999999920e-01 -2.844380000000000241e-01 9.586869999999999559e-01 3.713999999999999854e-03 -9.586940000000000461e-01 -2.844329999999999914e-01 -1.732000000000000033e-03
8.000000000000000000e+00 2.600000000000000000e+01 6.400000000000000000e+01 0.000000000000000000e+00 1.600000000000000089e+00 -2.610000000000000015e-04 -2.968000000000000152e-03 9.999959999999999960e-01 -3.644410000000000149e-01 9.312230000000000230e-01 2.668999999999999932e-03 -9.312270000000000270e-01 -3.644379999999999842e-01 -1.325000000000000006e-03
1.100000000000000000e+01 2.600000000000000000e+01 6.400000000000000000e+01 0.000000000000000000e+00 1.600000000000000089e+00 2.343000000000000031e-03 -1.010000000000000020e-04 9.999970000000000248e-01 -3.666329999999999867e-01 9.303649999999999975e-01 9.529999999999999626e-04 -9.303630000000000511e-01 -3.666349999999999887e-01 2.142999999999999940e-03
1.700000000000000000e+01 2.600000000000000000e+01 6.400000000000000000e+01 0.000000000000000000e+00 1.600000000000000089e+00 -2.640000000000000202e-04 -5.469999999999999602e-04 1.000000000000000000e+00 -3.651030000000000109e-01 9.309669999999999890e-01 4.130000000000000099e-04 -9.309669999999999890e-01 -3.651030000000000109e-01 -4.459999999999999989e-04
2.500000000000000000e+01 2.600000000000000000e+01 6.400000000000000000e+01 0.000000000000000000e+00 1.600000000000000089e+00 3.906999999999999883e-03 -6.682999999999999705e-03 9.999700000000000255e-01 -3.723810000000000175e-01 9.280479999999999841e-01 7.656999999999999744e-03 -9.280720000000000081e-01 -3.724000000000000088e-01 1.136999999999999990e-03
2.900000000000000000e+01 2.600000000000000000e+01 6.400000000000000000e+01 0.000000000000000000e+00 1.600000000000000089e+00 9.470000000000000336e-04 -4.019000000000000003e-03 9.999909999999999632e-01 -3.736039999999999917e-01 9.275790000000000424e-01 4.081999999999999691e-03 -9.275879999999999681e-01 -3.736039999999999917e-01 -6.239999999999999887e-04
8.000000000000000000e+00 6.900000000000000000e+01 6.600000000000000000e+01 0.000000000000000000e+00 1.600000000000000089e+00 6.710000000000000469e-04 -1.956999999999999972e-03 9.999980000000000535e-01 -9.488480000000000247e-01 3.157300000000000106e-01 1.255000000000000039e-03 -3.157320000000000126e-01 -9.488469999999999960e-01 -1.644999999999999978e-03
2.000000000000000000e+01 6.900000000000000000e+01 6.600000000000000000e+01 0.000000000000000000e+00 1.600000000000000089e+00 -2.033999999999999784e-03 2.018999999999999961e-03 9.999959999999999960e-01 -9.488229999999999720e-01 3.157989999999999964e-01 -2.567999999999999970e-03 -3.158030000000000004e-01 -9.488240000000000007e-01 1.273000000000000043e-03
