2.100000000000000000e+01 2.500000000000000000e+01 1.000000000000000000e+00 0.000000000000000000e+00 1.600000000000000089e+00 -1.361000000000000014e-03 2.990000000000000036e-04 -9.999989999999999712e-01 -5.313250000000000473e-01 -8.471680000000000321e-01 4.699999999999999859e-04 -8.471670000000000034e-01 5.313250000000000473e-01 1.312000000000000015e-03
4.000000000000000000e+00 1.500000000000000000e+01 4.000000000000000000e+00 0.000000000000000000e+00 1.600000000000000089e+00 -3.890000000000000228e-04 4.545999999999999694e-03 9.999900000000000455e-01 3.229099999999999748e-01 -9.464190000000000103e-01 4.427999999999999645e-03 9.464289999999999647e-01 3.229090000000000016e-01 -1.100000000000000066e-03
9.000000000000000000e+00 1.500000000000000000e+01 4.000000000000000000e+00 0.000000000000000000e+00 1.600000000000000089e+00 -3.480000000000000020e-03 -4.714999999999999573e-03 9.999829999999999552e-01 3.181669999999999776e-01 -9.480290000000000106e-01 -3.363000000000000104e-03 9.480279999999999818e-01 3.181499999999999884e-01 4.799000000000000314e-03
1.300000000000000000e+01 1.500000000000000000e+01 4.000000000000000000e+00 0.000000000000000000e+00 1.600000000000000089e+00 9.009999999999999997e-04 3.340000000000000087e-03 9.999940000000000495e-01 3.189819999999999878e-01 -9.477560000000000429e-01 2.877999999999999916e-03 9.477600000000000469e-01 3.189779999999999838e-01 -1.918999999999999916e-03
1.900000000000000000e+01 1.500000000000000000e+01 4.000000000000000000e+00 0.000000000000000000e+00 1.600000000000000089e+00 6.549999999999999833e-04 2.167999999999999788e-03 9.999970000000000248e-01 3.257720000000000060e-01 -9.454470000000000374e-01 1.835999999999999958e-03 9.454479999999999551e-01 3.257700000000000040e-01 -1.325000000000000006e-03
2.200000000000000000e+01 1.500000000000000000e+01 4.000000000000000000e+00 0.000000000000000000e+00 1.600000000000000089e+00 -5.810000000000000277e-04 -3.188999999999999994e-03 9.999949999999999672e-01 3.182389999999999941e-01 -9.480060000000000153e-01 -2.838999999999999944e-03 9.480100000000000193e-01 3.182360000000000189e-01 1.565999999999999901e-03
2.900000000000000000e+01 1.500000000000000000e+01 4.000000000000000000e+00 0.000000000000000000e+00 1.600000000000000089e+00 -4.078000000000000028e-03 -8.985999999999999197e-03 9.999510000000000343e-01 3.138179999999999858e-01 -9.494550000000000489e-01 -7.251999999999999766e-03 9.494740000000000402e-01 3.137730000000000241e-01 6.692000000000000032e-03
2.000000000000000000e+00 1.010000000000000000e+02 7.000000000000000000e+00 0.000000000000000000e+00 1.600000000000000089e+00 -2.690999999999999816e-03 -3.808000000000000187e-03 9.999890000000000168e-01 8.890940000000000509e-01 4.577060000000000017e-01 4.134999999999999787e-03 -4.577169999999999850e-01 8.890949999999999687e-01 2.154000000000000099e-03
6.000000000000000000e+00 1.010000000000000000e+02 7.000000000000000000e+00 0.000000000000000000e+00 1.600000000000000089e+00 -2.610000000000000015e-04 3.824999999999999841e-03 9.999930000000000208e-01 8.892330000000000512e-01 4.574520000000000253e-01 -1.518000000000000035e-03 -4.574550000000000005e-01 8.892259999999999609e-01 -3.520999999999999824e-03
1.200000000000000000e+01 1.010000000000000000e+02 7.000000000000000000e+00 0.000000000000000000e+00 1.600000000000000089e+00 -2.259999999999999910e-04 2.073000000000000190e-03 9.999980000000000535e-01 8.900219999999999798e-01 4.559170000000000167e-01 -7.439999999999999782e-04 -4.559179999999999899e-01 8.900200000000000333e-01 -1.948000000000000079e-03
1.000000000000000000e+01 2.500000000000000000e+01 8.000000000000000000e+00 0.000000000000000000e+00 1.600000000000000089e+00 6.570000000000000319e-04 -1.810000000000000085e-04 -1.000000000000000000e+00 4.480480000000000018e-01 8.940090000000000536e-01 1.330000000000000073e-04 8.940090000000000536e-01 -4.480480000000000018e-01 6.689999999999999983e-04
1.500000000000000000e+01 2.500000000000000000e+01 8.000000000000000000e+00 0.000000000000000000e+00 1.600000000000000089e+00 -5.050000000000000235e-04 -4.616000000000000311e-03 -9.999890000000000168e-01 4.484079999999999733e-01 8.938180000000000014e-01 -4.351999999999999966e-03 8.938289999999999846e-01 -4.484060000000000268e-01 1.618999999999999996e-03
2.200000000000000000e+01 2.500000000000000000e+01 8.000000000000000000e+00 0.000000000000000000e+00 1.600000000000000089e+00 2.452999999999999885e-03 8.040000000000000271e-03 -9.999649999999999928e-01 4.480439999999999978e-01 8.939730000000000176e-01 8.286999999999999228e-03 8.940080000000000249e-01 -4.480480000000000018e-01 -1.409000000000000096e-03
2.800000000000000000e+01 2.500000000000000000e+01 8.000000000000000000e+00 0.000000000000000000e+00 1.600000000000000089e+00 2.149999999999999947e-04 4.630999999999999700e-03 -9.999890000000000168e-01 4.446269999999999945e-01 8.957060000000000022e-01 4.244000000000000376e-03 8.957159999999999567e-01 -4.446229999999999905e-01 -1.866000000000000037e-03
7.000000000000000000e+00 2.400000000000000000e+01 9.000000000000000000e+00 0.000000000000000000e+00 1.600000000000000089e+00 -2.139999999999999975e-04 9.629999999999999888e-04 -1.000000000000000000e+00 4.520540000000000114e-01 8.919899999999999496e-01 7.619999999999999820e-04 8.919909999999999783e-01 -4.520529999999999826e-01 -6.260000000000000373e-04
1.200000000000000000e+01 2.400000000000000000e+01 9.000000000000000000e+00 0.000000000000000000e+00 1.600000000000000089e+00 1.700000000000000122e-04 2.759999999999999867e-04 -1.000000000000000000e+00 4.536220000000000252e-01 8.911940000000000417e-01 3.229999999999999907e-04 8.911940000000000417e-01 -4.536220000000000252e-01 2.699999999999999899e-05
1.400000000000000000e+01 2.400000000000000000e+01 9.000000000000000000e+00 0.000000000000000000e+00 1.600000000000000089e+00 -2.519999999999999996e-04 -2.753999999999999938e-03 -9.999959999999999960e-01 4.537169999999999814e-01 8.911419999999999897e-01 -2.567999999999999970e-03 8.911459999999999937e-01 -4.537160000000000082e-01 1.025000000000000086e-03
2.200000000000000000e+01 2.400000000000000000e+01 9.000000000000000000e+00 0.000000000000000000e+00 1.600000000000000089e+00 2.886999999999999809e-03 8.880000000000000740e-03 -9.999559999999999560e-01 4.521490000000000231e-01 8.918949999999999934e-01 9.225999999999999826e-03 8.919380000000000086e-01 -4.521560000000000024e-01 -1.440000000000000091e-03
2.800000000000000000e+01 2.400000000000000000e+01 9.000000000000000000e+00 0.000000000000000000e+00 1.600000000000000089e+00 -2.739999999999999923e-04 5.760000000000000363e-03 -9.999829999999999552e-01 4.485279999999999823e-01 8.937549999999999661e-01 5.024999999999999953e-03 8.937690000000000357e-01 -4.485190000000000010e-01 -2.828999999999999918e-03
1.900000000000000000e+01 4.000000000000000000e+00 1.100000000000000000e+01 0.000000000000000000e+00 1.600000000000000089e+00 9.009999999999999997e-04 9.946999999999999245e-03 -9.999500000000000055e-01 2.327440000000000064e-01 9.724880000000000191e-01 9.884000000000000424e-03 9.725380000000000136e-01 -2.327410000000000034e-01 -1.438999999999999958e-03
2.200000000000000000e+01 4.000000000000000000e+00 1.100000000000000000e+01 0.000000000000000000e+00 1.600000000000000089e+00 -5.067999999999999589e-03 -2.867499999999999910e-02 -9.995760000000000201e-01 2.368450000000000000e-01 9.711130000000000040e-01 -2.905999999999999903e-02 9.715340000000000087e-01 -2.368919999999999915e-01 1.869999999999999917e-03
3.000000000000000000e+00 3.100000000000000000e+01 1.200000000000000000e+01 0.000000000000000000e+00 1.600000000000000089e+00 5.199999999999999680e-05 -3.027999999999999876e-03 9.999949999999999672e-01 -2.460000000000000164e-04 9.999949999999999672e-01 3.027999999999999876e-03 -1.000000000000000000e+00 -2.460000000000000164e-04 5.099999999999999960e-05
1.000000000000000000e+01 3.100000000000000000e+01 1.200000000000000000e+01 0.000000000000000000e+00 1.600000000000000089e+00 6.030000000000000204e-04 2.223999999999999849e-03 9.999970000000000248e-01 8.400000000000000348e-04 9.999970000000000248e-01 -2.224999999999999981e-03 -9.999989999999999712e-01 8.419999999999999750e-04 6.009999999999999717e-04
1.400000000000000000e+01 3.100000000000000000e+01 1.200000000000000000e+01 0.000000000000000000e+00 1.600000000000000089e+00 5.649999999999999641e-04 3.445000000000000145e-03 9.999940000000000495e-01 4.142999999999999981e-03 9.999850000000000128e-01 -3.448000000000000110e-03 -9.999909999999999632e-01 4.145000000000000247e-03 5.509999999999999490e-04
2.000000000000000000e+01 3.100000000000000000e+01 1.200000000000000000e+01 0.000000000000000000e+00 1.600000000000000089e+00 -6.849999999999999535e-04 1.268000000000000030e-03 9.999989999999999712e-01 6.071000000000000008e-03 9.999810000000000088e-01 -1.263000000000000017e-03 -9.999810000000000088e-01 6.069999999999999875e-03 -6.930000000000000396e-04
2.400000000000000000e+01 3.100000000000000000e+01 1.200000000000000000e+01 0.000000000000000000e+00 1.600000000000000089e+00 -4.279999999999999950e-04 4.837000000000000154e-03 9.999879999999999880e-01 6.276999999999999594e-03 9.999689999999999968e-01 -4.834999999999999888e-03 -9.999799999999999800e-01 6.275000000000000196e-03 -4.589999999999999896e-04
3.000000000000000000e+01 3.100000000000000000e+01 1.200000000000000000e+01 0.000000000000000000e+00 1.600000000000000089e+00 1.696999999999999941e-03 -9.037999999999999159e-03 9.999580000000000135e-01 5.093999999999999570e-03 9.999460000000000015e-01 9.029000000000000567e-03 -9.999860000000000415e-01 5.078000000000000048e-03 1.742999999999999975e-03
2.000000000000000000e+00 3.500000000000000000e+01 1.200000000000000000e+01 0.000000000000000000e+00 1.600000000000000089e+00 -4.433999999999999574e-03 6.323999999999999760e-03 -9.999700000000000255e-01 5.590410000000000101e-01 -8.291039999999999521e-01 -7.721999999999999698e-03 -8.291279999999999761e-01 -5.590589999999999726e-01 1.410000000000000120e-04
9.000000000000000000e+00 3.500000000000000000e+01 1.200000000000000000e+01 0.000000000000000000e+00 1.600000000000000089e+00 -9.779999999999999197e-04 6.546999999999999868e-03 -9.999780000000000335e-01 5.795219999999999816e-01 -8.149349999999999650e-01 -5.903000000000000261e-03 -8.149560000000000137e-01 -5.795150000000000023e-01 -2.997000000000000098e-03
1.300000000000000000e+01 3.500000000000000000e+01 1.200000000000000000e+01 0.000000000000000000e+00 1.600000000000000089e+00 6.380000000000000037e-04 4.158000000000000237e-03 -9.999909999999999632e-01 5.932359999999999856e-01 -8.050230000000000441e-01 -2.968999999999999851e-03 -8.050279999999999658e-01 -5.932290000000000063e-01 -2.981000000000000143e-03
4.000000000000000000e+00 3.200000000000000000e+01 1.400000000000000000e+01 0.000000000000000000e+00 1.600000000000000089e+00 1.902000000000000045e-03 -2.007000000000000103e-03 -9.999959999999999960e-01 1.026159999999999989e-01 9.947190000000000198e-01 -1.801000000000000083e-03 9.947190000000000198e-01 -1.026119999999999949e-01 2.098000000000000038e-03
1.600000000000000000e+01 3.200000000000000000e+01 1.400000000000000000e+01 0.000000000000000000e+00 1.600000000000000089e+00 5.800000000000000034e-05 7.550000000000000287e-04 -1.000000000000000000e+00 9.904599999999999516e-02 9.950830000000000508e-01 7.569999999999999689e-04 9.950830000000000508e-01 -9.904599999999999516e-02 -1.699999999999999987e-05
3.000000000000000000e+00 1.200000000000000000e+01 1.500000000000000000e+01 0.000000000000000000e+00 1.600000000000000089e+00 -2.420000000000000005e-04 -1.139800000000000015e-02 -9.999350000000000183e-01 -4.724740000000000051e-01 -8.812860000000000138e-01 1.016000000000000063e-02 -8.813440000000000163e-01 4.724459999999999771e-01 -5.172000000000000382e-03
9.000000000000000000e+00 1.200000000000000000e+01 1.500000000000000000e+01 0.000000000000000000e+00 1.600000000000000089e+00 1.123999999999999999e-03 3.569000000000000124e-03 -9.999930000000000208e-01 -4.718019999999999992e-01 -8.816969999999999530e-01 -3.677000000000000147e-03 -8.817040000000000433e-01 4.718029999999999724e-01 6.920000000000000153e-04
1.500000000000000000e+01 1.200000000000000000e+01 1.500000000000000000e+01 0.000000000000000000e+00 1.600000000000000089e+00 6.639999999999999852e-04 1.778000000000000067e-03 -9.999980000000000535e-01 -4.717580000000000107e-01 -8.817260000000000097e-01 -1.881000000000000076e-03 -8.817279999999999562e-01 4.717580000000000107e-01 2.530000000000000239e-04
1.900000000000000000e+01 1.200000000000000000e+01 1.500000000000000000e+01 0.000000000000000000e+00 1.600000000000000089e+00 1.137999999999999906e-03 1.039999999999999909e-03 -9.999989999999999712e-01 -4.721380000000000021e-01 -8.815229999999999455e-01 -1.454999999999999913e-03 -8.815239999999999743e-01 4.721389999999999754e-01 -5.119999999999999768e-04
2.600000000000000000e+01 1.200000000000000000e+01 1.500000000000000000e+01 0.000000000000000000e+00 1.600000000000000089e+00 9.659999999999999533e-04 5.723999999999999921e-03 -9.999829999999999552e-01 -4.686190000000000078e-01 -8.833830000000000293e-01 -5.509000000000000008e-03 -8.833999999999999631e-01 4.686159999999999770e-01 1.828999999999999897e-03
4.000000000000000000e+00 1.100000000000000000e+01 1.600000000000000000e+01 0.000000000000000000e+00 1.600000000000000089e+00 3.300000000000000253e-05 -8.241999999999999327e-03 -9.999660000000000215e-01 -4.145179999999999976e-01 -9.100099999999999856e-01 7.486999999999999732e-03 -9.100409999999999888e-01 4.145039999999999836e-01 -3.445999999999999844e-03
1.000000000000000000e+01 1.100000000000000000e+01 1.600000000000000000e+01 0.000000000000000000e+00 1.600000000000000089e+00 5.249999999999999676e-04 2.547999999999999918e-03 -9.999970000000000248e-01 -4.174579999999999957e-01 -9.086929999999999730e-01 -2.534999999999999927e-03 -9.086959999999999482e-01 4.174579999999999957e-01 5.869999999999999567e-04
7.000000000000000000e+00 1.160000000000000000e+02 1.600000000000000000e+01 0.000000000000000000e+00 1.600000000000000089e+00 1.740000000000000010e-03 1.087999999999999991e-03 9.999980000000000535e-01 7.887220000000000342e-01 6.147460000000000147e-01 -2.040999999999999846e-03 -6.147470000000000434e-01 7.887239999999999807e-01 2.110000000000000059e-04
9.000000000000000000e+00 1.160000000000000000e+02 1.600000000000000000e+01 0.000000000000000000e+00 1.600000000000000089e+00 1.593999999999999931e-03 4.629999999999999784e-04 9.999989999999999712e-01 7.854900000000000215e-01 6.188730000000000064e-01 -1.539000000000000003e-03 -6.188719999999999777e-01 7.854910000000000503e-01 6.229999999999999644e-04
3.000000000000000000e+00 2.000000000000000000e+00 1.900000000000000000e+01 0.000000000000000000e+00 1.600000000000000089e+00 1.365899999999999927e-02 9.449000000000000801e-03 -9.998620000000000285e-01 2.441280000000000117e-01 -9.697249999999999481e-01 -5.828999999999999980e-03 -9.696470000000000367e-01 -2.440150000000000097e-01 -1.555199999999999985e-02
1.200000000000000000e+01 2.000000000000000000e+00 1.900000000000000000e+01 0.000000000000000000e+00 1.600000000000000089e+00 9.062999999999999876e-03 -1.321600000000000032e-02 -9.998719999999999830e-01 2.290179999999999993e-01 -9.733079999999999510e-01 1.494000000000000015e-02 -9.733800000000000230e-01 -2.291239999999999943e-01 -5.793999999999999671e-03
1.700000000000000000e+01 2.000000000000000000e+00 1.900000000000000000e+01 0.000000000000000000e+00 1.600000000000000089e+00 4.066000000000000170e-03 -1.577699999999999936e-02 -9.998669999999999503e-01 2.239810000000000134e-01 -9.744570000000000176e-01 1.628699999999999939e-02 -9.745850000000000346e-01 -2.240179999999999949e-01 -4.279999999999999950e-04
2.300000000000000000e+01 2.000000000000000000e+00 1.900000000000000000e+01 0.000000000000000000e+00 1.600000000000000089e+00 -3.040999999999999866e-03 1.471000000000000085e-03 -9.999940000000000495e-01 2.161550000000000138e-01 -9.763570000000000304e-01 -2.093999999999999941e-03 -9.763540000000000552e-01 -2.161599999999999910e-01 2.651000000000000145e-03
2.900000000000000000e+01 2.000000000000000000e+00 1.900000000000000000e+01 0.000000000000000000e+00 1.600000000000000089e+00 1.268999999999999946e-03 -1.554999999999999959e-03 -9.999980000000000535e-01 2.170390000000000097e-01 -9.761609999999999454e-01 1.794000000000000022e-03 -9.761619999999999742e-01 -2.170410000000000117e-01 -9.020000000000000240e-04
4.000000000000000000e+00 3.000000000000000000e+00 1.900000000000000000e+01 0.000000000000000000e+00 1.600000000000000089e+00 1.395000000000000059e-02 1.013499999999999991e-02 -9.998510000000000453e-01 2.541309999999999958e-01 -9.671490000000000364e-01 -6.257000000000000409e-03 -9.670689999999999564e-01 -2.540060000000000096e-01 -1.606799999999999895e-02
6.000000000000000000e+00 3.000000000000000000e+00 1.900000000000000000e+01 0.000000000000000000e+00 1.600000000000000089e+00 9.305000000000000770e-03 1.148399999999999942e-02 -9.998909999999999743e-01 2.421949999999999936e-01 -9.701870000000000216e-01 -8.888999999999999332e-03 -9.701830000000000176e-01 -2.420859999999999956e-01 -1.180900000000000005e-02
6.000000000000000000e+00 4.000000000000000000e+00 2.000000000000000000e+01 0.000000000000000000e+00 1.600000000000000089e+00 1.030000000000000100e-03 1.575199999999999864e-02 -9.998749999999999583e-01 3.648799999999999821e-01 -9.309450000000000225e-01 -1.429099999999999988e-02 -9.310540000000000482e-01 -3.648199999999999776e-01 -6.706000000000000155e-03
2.700000000000000000e+01 4.000000000000000000e+00 2.000000000000000000e+01 0.000000000000000000e+00 1.600000000000000089e+00 2.137000000000000011e-03 -2.549000000000000050e-03 -9.999949999999999672e-01 3.368950000000000000e-01 -9.415369999999999573e-01 3.119999999999999944e-03 -9.415400000000000436e-01 -3.368999999999999773e-01 -1.152999999999999945e-03
5.000000000000000000e+00 1.300000000000000000e+01 2.000000000000000000e+01 0.000000000000000000e+00 1.600000000000000089e+00 2.044999999999999943e-03 3.565000000000000027e-03 9.999919999999999920e-01 2.593199999999999950e-01 9.657829999999999471e-01 -3.972999999999999969e-03 -9.657890000000000086e-01 2.593260000000000010e-01 1.051000000000000068e-03
9.000000000000000000e+00 1.300000000000000000e+01 2.000000000000000000e+01 0.000000000000000000e+00 1.600000000000000089e+00 6.639999999999999852e-04 2.147000000000000037e-03 9.999970000000000248e-01 2.586740000000000150e-01 9.659619999999999873e-01 -2.245000000000000034e-03 -9.659640000000000448e-01 2.586749999999999883e-01 8.600000000000000331e-05
2.000000000000000000e+01 1.300000000000000000e+01 2.000000000000000000e+01 0.000000000000000000e+00 1.600000000000000089e+00 -1.379000000000000017e-03 -4.094000000000000417e-03 9.999909999999999632e-01 2.589670000000000027e-01 9.658769999999999856e-01 4.311999999999999861e-03 -9.658849999999999936e-01 2.589699999999999780e-01 -2.719999999999999979e-04
2.700000000000000000e+01 1.300000000000000000e+01 2.000000000000000000e+01 0.000000000000000000e+00 1.600000000000000089e+00 -7.879999999999999635e-04 2.096999999999999906e-03 9.999970000000000248e-01 2.607679999999999998e-01 9.654000000000000359e-01 -1.819000000000000087e-03 -9.654009999999999536e-01 2.607659999999999978e-01 -1.307999999999999918e-03
2.000000000000000000e+00 5.000000000000000000e+01 2.200000000000000000e+01 0.000000000000000000e+00 1.600000000000000089e+00 4.964999999999999795e-03 7.282000000000000278e-03 -9.999609999999999888e-01 -5.778060000000000418e-01 8.161680000000000046e-01 3.075000000000000042e-03 8.161589999999999678e-01 5.777679999999999483e-01 8.259000000000000716e-03
1.000000000000000000e+00 3.000000000000000000e+00 2.500000000000000000e+01 0.000000000000000000e+00 1.600000000000000089e+00 4.996999999999999706e-03 -1.765000000000000076e-03 9.999860000000000415e-01 -2.961000000000000090e-02 -9.995600000000000041e-01 -1.616000000000000032e-03 9.995490000000000208e-01 -2.960099999999999884e-02 -5.047000000000000271e-03
6.000000000000000000e+00 3.000000000000000000e+00 2.500000000000000000e+01 0.000000000000000000e+00 1.600000000000000089e+00 -1.039999999999999909e-03 7.033000000000000189e-03 9.999749999999999472e-01 -2.355799999999999908e-02 -9.996979999999999755e-01 7.007000000000000207e-03 9.997219999999999995e-01 -2.355000000000000149e-02 1.206000000000000041e-03
9.000000000000000000e+00 3.000000000000000000e+00 2.500000000000000000e+01 0.000000000000000000e+00 1.600000000000000089e+00 -5.706000000000000134e-03 1.988499999999999990e-02 9.997859999999999525e-01 -1.938600000000000045e-02 -9.996169999999999778e-01 1.977100000000000038e-02 9.997960000000000180e-01 -1.926900000000000140e-02 6.088999999999999795e-03
2.400000000000000000e+01 3.000000000000000000e+00 2.500000000000000000e+01 0.000000000000000000e+00 1.600000000000000089e+00 -2.308999999999999855e-03 -5.538000000000000388e-03 9.999820000000000375e-01 -2.011699999999999947e-02 -9.997819999999999485e-01 -5.583000000000000289e-03 9.997949999999999893e-01 -2.012900000000000106e-02 2.197000000000000168e-03
1.600000000000000000e+01 4.600000000000000000e+01 3.000000000000000000e+01 0.000000000000000000e+00 1.600000000000000089e+00 2.520999999999999804e-03 2.135000000000000179e-03 -9.999949999999999672e-01 3.188840000000000008e-01 9.477900000000000214e-01 2.827999999999999785e-03 9.477900000000000214e-01 -3.188889999999999780e-01 1.709000000000000016e-03
2.500000000000000000e+01 4.600000000000000000e+01 3.000000000000000000e+01 0.000000000000000000e+00 1.600000000000000089e+00 9.859999999999998974e-04 2.149999999999999947e-04 -9.999989999999999712e-01 3.146669999999999745e-01 9.492019999999999902e-01 5.140000000000000254e-04 9.492019999999999902e-01 -3.146680000000000033e-01 8.679999999999999565e-04
2.000000000000000000e+00 5.800000000000000000e+01 3.100000000000000000e+01 0.000000000000000000e+00 1.600000000000000089e+00 3.989000000000000358e-03 -2.733999999999999885e-03 9.999879999999999880e-01 -7.747020000000000017e-01 -6.323250000000000259e-01 1.361999999999999929e-03 6.323140000000000427e-01 -7.746979999999999977e-01 -4.641000000000000160e-03
1.000000000000000000e+01 5.800000000000000000e+01 3.100000000000000000e+01 0.000000000000000000e+00 1.600000000000000089e+00 -3.170000000000000075e-03 -4.889999999999999599e-04 9.999949999999999672e-01 -7.773970000000000047e-01 -6.290040000000000076e-01 -2.772000000000000158e-03 6.290019999999999500e-01 -7.774020000000000374e-01 1.613999999999999983e-03
1.500000000000000000e+01 5.800000000000000000e+01 3.100000000000000000e+01 0.000000000000000000e+00 1.600000000000000089e+00 -1.783999999999999996e-03 -6.597000000000000433e-03 9.999770000000000048e-01 -7.818150000000000377e-01 -6.234859999999999847e-01 -5.507999999999999875e-03 6.235079999999999512e-01 -7.818070000000000297e-01 -4.044999999999999984e-03
2.100000000000000000e+01 5.800000000000000000e+01 3.100000000000000000e+01 0.000000000000000000e+00 1.600000000000000089e+00 -2.854000000000000200e-03 -4.767000000000000404e-03 9.999850000000000128e-01 -7.832419999999999938e-01 -6.216949999999999976e-01 -5.198999999999999629e-03 6.217099999999999849e-01 -7.832449999999999690e-01 -1.958999999999999804e-03
2.900000000000000000e+01 5.800000000000000000e+01 3.100000000000000000e+01 0.000000000000000000e+00 1.600000000000000089e+00 -5.524000000000000264e-03 -5.453999999999999647e-03 9.999700000000000255e-01 -7.880970000000000475e-01 -6.155030000000000223e-01 -7.709999999999999840e-03 6.155260000000000176e-01 -7.881160000000000387e-01 -8.980000000000000352e-04
5.000000000000000000e+00 4.600000000000000000e+01 3.500000000000000000e+01 0.000000000000000000e+00 1.600000000000000089e+00 -4.029999999999999837e-04 -1.015999999999999976e-03 -9.999989999999999712e-01 3.905210000000000070e-01 -9.205940000000000234e-01 7.780000000000000457e-04 -9.205940000000000234e-01 -3.905199999999999783e-01 7.680000000000000195e-04
8.000000000000000000e+00 4.600000000000000000e+01 3.500000000000000000e+01 0.000000000000000000e+00 1.600000000000000089e+00 -3.040000000000000167e-04 3.049000000000000061e-03 -9.999949999999999672e-01 3.913760000000000017e-01 -9.202259999999999884e-01 -2.923999999999999950e-03 -9.202310000000000212e-01 -3.913749999999999729e-01 -9.139999999999999904e-04
1.300000000000000000e+01 4.600000000000000000e+01 3.500000000000000000e+01 0.000000000000000000e+00 1.600000000000000089e+00 -3.220000000000000206e-04 -4.040000000000000080e-04 -1.000000000000000000e+00 3.926399999999999890e-01 -9.196919999999999540e-01 2.449999999999999921e-04 -9.196919999999999540e-01 -3.926399999999999890e-01 4.550000000000000008e-04
1.700000000000000000e+01 4.600000000000000000e+01 3.500000000000000000e+01 0.000000000000000000e+00 1.600000000000000089e+00 7.370000000000000249e-04 -1.069000000000000072e-03 -9.999989999999999712e-01 3.914949999999999819e-01 -9.201789999999999692e-01 1.271999999999999910e-03 -9.201799999999999979e-01 -3.914960000000000107e-01 -2.590000000000000071e-04
2.700000000000000000e+01 4.600000000000000000e+01 3.500000000000000000e+01 0.000000000000000000e+00 1.600000000000000089e+00 -1.146000000000000100e-03 -9.399999999999999719e-04 -9.999989999999999712e-01 3.895629999999999926e-01 -9.210000000000000409e-01 4.189999999999999931e-04 -9.209990000000000121e-01 -3.895620000000000194e-01 1.420999999999999954e-03
2.900000000000000000e+01 4.600000000000000000e+01 3.500000000000000000e+01 0.000000000000000000e+00 1.600000000000000089e+00 -8.919999999999999978e-04 2.631000000000000092e-03 -9.999959999999999960e-01 3.889920000000000044e-01 -9.212369999999999726e-01 -2.771000000000000026e-03 -9.212409999999999766e-01 -3.889929999999999777e-01 -2.020000000000000040e-04
1.700000000000000000e+01 3.000000000000000000e+00 4.300000000000000000e+01 0.000000000000000000e+00 1.600000000000000089e+00 -4.754999999999999678e-03 -6.324999999999999893e-03 -9.999689999999999968e-01 7.369959999999999845e-01 -6.758969999999999700e-01 7.709999999999999840e-04 -6.758800000000000363e-01 -7.369689999999999852e-01 7.875000000000000056e-03
2.600000000000000000e+01 3.000000000000000000e+00 4.300000000000000000e+01 0.000000000000000000e+00 1.600000000000000089e+00 -5.902000000000000128e-03 -8.302000000000000351e-03 -9.999479999999999480e-01 7.376530000000000031e-01 -6.751789999999999736e-01 1.250999999999999942e-03 -6.751540000000000319e-01 -7.376070000000000126e-01 1.010899999999999993e-02
2.700000000000000000e+01 8.000000000000000000e+00 4.400000000000000000e+01 0.000000000000000000e+00 1.600000000000000089e+00 2.709999999999999735e-04 -4.754000000000000413e-03 9.999890000000000168e-01 -7.826260000000000439e-01 -6.224859999999999838e-01 -2.746999999999999876e-03 6.224920000000000453e-01 -7.826159999999999783e-01 -3.889000000000000096e-03
3.000000000000000000e+00 2.900000000000000000e+01 4.400000000000000000e+01 0.000000000000000000e+00 1.600000000000000089e+00 2.543000000000000121e-03 1.936000000000000004e-03 -9.999949999999999672e-01 6.511860000000000426e-01 7.589120000000000310e-01 3.125999999999999873e-03 7.589139999999999775e-01 -6.511909999999999643e-01 6.689999999999999983e-04
6.000000000000000000e+00 2.900000000000000000e+01 4.400000000000000000e+01 0.000000000000000000e+00 1.600000000000000089e+00 -1.082999999999999978e-03 -1.204999999999999908e-03 -9.999989999999999712e-01 6.543889999999999985e-01 7.561569999999999681e-01 -1.618999999999999996e-03 7.561579999999999968e-01 -6.543900000000000272e-01 -3.000000000000000076e-05
1.000000000000000000e+01 2.900000000000000000e+01 4.400000000000000000e+01 0.000000000000000000e+00 1.600000000000000089e+00 -1.755999999999999965e-03 1.054000000000000032e-03 -9.999980000000000535e-01 6.586509999999999865e-01 7.524490000000000345e-01 -3.640000000000000115e-04 7.524469999999999770e-01 -6.586499999999999577e-01 -2.015999999999999997e-03
1.500000000000000000e+01 2.900000000000000000e+01 4.400000000000000000e+01 0.000000000000000000e+00 1.600000000000000089e+00 -1.240000000000000054e-04 1.182000000000000108e-03 -9.999989999999999712e-01 6.553029999999999688e-01 7.553659999999999819e-01 8.120000000000000048e-04 7.553670000000000107e-01 -6.553020000000000511e-01 -8.679999999999999565e-04
2.000000000000000000e+01 2.900000000000000000e+01 4.400000000000000000e+01 0.000000000000000000e+00 1.600000000000000089e+00 -1.430000000000000064e-03 1.010000000000000047e-03 -9.999989999999999712e-01 6.541690000000000005e-01 7.563480000000000203e-01 -1.720000000000000066e-04 7.563469999999999915e-01 -6.541679999999999717e-01 -1.742000000000000059e-03
2.300000000000000000e+01 2.900000000000000000e+01 4.400000000000000000e+01 0.000000000000000000e+00 1.600000000000000089e+00 3.449999999999999833e-04 1.660000000000000017e-03 -9.999989999999999712e-01 6.568159999999999554e-01 7.540489999999999693e-01 1.477999999999999930e-03 7.540499999999999980e-01 -6.568159999999999554e-01 -8.300000000000000086e-04
2.800000000000000000e+01 2.900000000000000000e+01 4.400000000000000000e+01 0.000000000000000000e+00 1.600000000000000089e+00 -5.850000000000000165e-04 6.859999999999999779e-04 -1.000000000000000000e+00 6.625170000000000226e-01 7.490470000000000184e-01 1.259999999999999998e-04 7.490470000000000184e-01 -6.625170000000000226e-01 -8.930000000000000221e-04
1.100000000000000000e+01 5.000000000000000000e+00 5.100000000000000000e+01 0.000000000000000000e+00 1.600000000000000089e+00 1.014400000000000024e-02 -1.177199999999999948e-02 -9.998789999999999623e-01 4.674860000000000126e-01 -8.838700000000000445e-01 1.515000000000000027e-02 -8.839420000000000055e-01 -4.675839999999999996e-01 -3.462999999999999932e-03
1.600000000000000000e+01 5.000000000000000000e+00 5.100000000000000000e+01 0.000000000000000000e+00 1.600000000000000089e+00 1.051000000000000068e-03 -6.721000000000000411e-03 -9.999770000000000048e-01 4.808850000000000069e-01 -8.767599999999999838e-01 6.398000000000000041e-03 -8.767829999999999790e-01 -4.808799999999999741e-01 2.311000000000000120e-03
2.000000000000000000e+00 6.000000000000000000e+00 5.100000000000000000e+01 0.000000000000000000e+00 1.600000000000000089e+00 -4.009000000000000410e-03 3.454000000000000039e-03 -9.999860000000000415e-01 2.875699999999999923e-01 -9.577489999999999615e-01 -4.460999999999999688e-03 -9.577510000000000190e-01 -2.875840000000000063e-01 2.847000000000000138e-03
2.600000000000000000e+01 1.150000000000000000e+02 5.100000000000000000e+01 0.000000000000000000e+00 1.600000000000000089e+00 1.665999999999999946e-03 1.200000000000000030e-04 9.999989999999999712e-01 8.448820000000000219e-01 -5.349500000000000366e-01 -1.343000000000000010e-03 5.349490000000000078e-01 8.448830000000000506e-01 -9.929999999999999591e-04
1.000000000000000000e+00 7.000000000000000000e+00 5.200000000000000000e+01 0.000000000000000000e+00 1.600000000000000089e+00 -3.576000000000000185e-03 2.601000000000000013e-03 -9.999900000000000455e-01 3.717899999999999677e-02 -9.993049999999999988e-01 -2.732000000000000053e-03 -9.993020000000000236e-01 -3.718799999999999883e-02 3.477000000000000056e-03
3.000000000000000000e+00 6.300000000000000000e+01 5.400000000000000000e+01 0.000000000000000000e+00 1.600000000000000089e+00 -3.159999999999999832e-04 3.889999999999999795e-03 9.999919999999999920e-01 -3.515730000000000244e-01 9.361530000000000129e-01 -3.752999999999999826e-03 -9.361599999999999921e-01 -3.515719999999999956e-01 1.070999999999999903e-03
6.000000000000000000e+00 6.300000000000000000e+01 5.400000000000000000e+01 0.000000000000000000e+00 1.600000000000000089e+00 9.000000000000000567e-05 4.223000000000000191e-03 9.999909999999999632e-01 -3.538810000000000011e-01 9.352819999999999467e-01 -3.917999999999999608e-03 -9.352899999999999547e-01 -3.538780000000000259e-01 1.577999999999999976e-03
1.100000000000000000e+01 6.300000000000000000e+01 5.400000000000000000e+01 0.000000000000000000e+00 1.600000000000000089e+00 -1.988000000000000184e-03 -3.190000000000000127e-03 9.999930000000000208e-01 -3.515159999999999951e-01 9.361789999999999834e-01 2.288000000000000103e-03 -9.361800000000000122e-01 -3.515079999999999871e-01 -2.982999999999999974e-03
1.600000000000000000e+01 6.300000000000000000e+01 5.400000000000000000e+01 0.000000000000000000e+00 1.600000000000000089e+00 -6.740000000000000114e-04 7.730000000000000326e-04 9.999989999999999712e-01 -3.438169999999999837e-01 9.390359999999999818e-01 -9.579999999999999757e-04 -9.390359999999999818e-01 -3.438180000000000125e-01 -3.669999999999999760e-04
2.200000000000000000e+01 6.300000000000000000e+01 5.400000000000000000e+01 0.000000000000000000e+00 1.600000000000000089e+00 2.990000000000000036e-04 -2.262999999999999821e-03 9.999970000000000248e-01 -3.485230000000000272e-01 9.372979999999999645e-01 2.224999999999999981e-03 -9.373000000000000220e-01 -3.485230000000000272e-01 -5.090000000000000123e-04
2.600000000000000000e+01 6.300000000000000000e+01 5.400000000000000000e+01 0.000000000000000000e+00 1.600000000000000089e+00 1.461999999999999975e-03 -1.093999999999999920e-03 9.999980000000000535e-01 -3.520090000000000163e-01 9.359950000000000214e-01 1.539000000000000003e-03 -9.359960000000000502e-01 -3.520110000000000183e-01 9.829999999999999329e-04
1.000000000000000000e+00 2.500000000000000000e+01 5.500000000000000000e+01 0.000000000000000000e+00 1.600000000000000089e+00 1.601999999999999908e-03 5.963000000000000418e-03 -9.999810000000000088e-01 -1.994900000000000145e-02 -9.997829999999999773e-01 -5.994000000000000196e-03 -9.998000000000000220e-01 1.995800000000000005e-02 -1.482000000000000027e-03
1.900000000000000000e+01 2.500000000000000000e+01 5.500000000000000000e+01 0.000000000000000000e+00 1.600000000000000089e+00 7.919999999999999523e-04 -1.147999999999999932e-03 -9.999989999999999712e-01 -1.267099999999999997e-02 -9.999190000000000023e-01 1.137999999999999906e-03 -9.999190000000000023e-01 1.267000000000000071e-02 -8.069999999999999916e-04
6.000000000000000000e+00 2.100000000000000000e+01 6.000000000000000000e+01 0.000000000000000000e+00 1.600000000000000089e+00 -9.000000000000000567e-05 5.995000000000000329e-03 9.999820000000000375e-01 -9.519400000000000084e-02 9.954410000000000203e-01 -5.976000000000000409e-03 -9.954589999999999828e-01 -9.519299999999999984e-02 4.809999999999999823e-04
1.000000000000000000e+01 2.100000000000000000e+01 6.000000000000000000e+01 0.000000000000000000e+00 1.600000000000000089e+00 7.039999999999999817e-04 5.272999999999999909e-03 9.999860000000000415e-01 -9.735499999999999710e-02 9.952360000000000095e-01 -5.178999999999999576e-03 -9.952490000000000503e-01 -9.735000000000000597e-02 1.214000000000000018e-03
1.500000000000000000e+01 2.100000000000000000e+01 6.000000000000000000e+01 0.000000000000000000e+00 1.600000000000000089e+00 -7.529999999999999801e-04 -4.316999999999999657e-03 9.999900000000000455e-01 -9.637600000000000333e-02 9.953359999999999985e-01 4.224000000000000324e-03 -9.953450000000000353e-01 -9.637199999999999933e-02 -1.165999999999999936e-03
2.200000000000000000e+01 2.100000000000000000e+01 6.000000000000000000e+01 0.000000000000000000e+00 1.600000000000000089e+00 3.770000000000000022e-04 4.260000000000000006e-04 1.000000000000000000e+00 -9.450600000000000667e-02 9.955239999999999645e-01 -3.879999999999999985e-04 -9.955239999999999645e-01 -9.450600000000000667e-02 4.159999999999999744e-04
6.000000000000000000e+00 6.700000000000000000e+01 6.000000000000000000e+01 0.000000000000000000e+00 1.600000000000000089e+00 3.150000000000000131e-04 1.613999999999999983e-03 9.999989999999999712e-01 1.763939999999999952e-01 -9.843180000000000263e-01 1.533000000000000074e-03 9.843199999999999728e-01 1.763929999999999942e-01 -5.950000000000000427e-04
2.200000000000000000e+01 6.700000000000000000e+01 6.000000000000000000e+01 0.000000000000000000e+00 1.600000000000000089e+00 3.319999999999999926e-04 3.214999999999999976e-03 9.999949999999999672e-01 1.781099999999999905e-01 -9.840060000000000473e-01 3.103999999999999988e-03 9.840109999999999690e-01 1.781079999999999885e-01 -8.999999999999999754e-04
2.800000000000000000e+01 6.700000000000000000e+01 6.000000000000000000e+01 0.000000000000000000e+00 1.600000000000000089e+00 1.400999999999999902e-03 2.420999999999999975e-03 9.999959999999999960e-01 1.743869999999999865e-01 -9.846749999999999670e-01 2.138999999999999842e-03 9.846759999999999957e-01 1.743830000000000102e-01 -1.801999999999999999e-03
2.000000000000000000e+00 6.000000000000000000e+00 6.100000000000000000e+01 0.000000000000000000e+00 1.600000000000000089e+00 -1.753000000000000001e-03 -6.263999999999999603e-03 9.999789999999999512e-01 5.672800000000000065e-01 -8.235149999999999970e-01 -4.164000000000000166e-03 8.235230000000000050e-01 5.672599999999999865e-01 4.996999999999999706e-03
1.400000000000000000e+01 6.000000000000000000e+00 6.100000000000000000e+01 0.000000000000000000e+00 1.600000000000000089e+00 -1.337999999999999997e-03 6.655999999999999590e-03 9.999770000000000048e-01 5.705959999999999921e-01 -8.212070000000000203e-01 6.230000000000000294e-03 8.212300000000000155e-01 5.705909999999999593e-01 -2.700000000000000143e-03
5.000000000000000000e+00 2.700000000000000000e+01 6.300000000000000000e+01 0.000000000000000000e+00 1.600000000000000089e+00 -7.320000000000000118e-04 4.199999999999999740e-03 9.999909999999999632e-01 -2.731680000000000219e-01 9.619569999999999510e-01 -4.239999999999999845e-03 -9.619659999999999878e-01 -2.731689999999999952e-01 4.429999999999999802e-04
1.000000000000000000e+01 2.700000000000000000e+01 6.300000000000000000e+01 0.000000000000000000e+00 1.600000000000000089e+00 1.636000000000000084e-03 -3.652999999999999997e-03 9.999919999999999920e-01 -2.734790000000000276e-01 9.618700000000000028e-01 3.962000000000000244e-03 -9.618769999999999820e-01 -2.734829999999999761e-01 5.749999999999999903e-04
1.700000000000000000e+01 2.700000000000000000e+01 6.300000000000000000e+01 0.000000000000000000e+00 1.600000000000000089e+00 5.050000000000000235e-04 5.263999999999999582e-03 9.999860000000000415e-01 -2.696089999999999876e-01 9.629569999999999519e-01 -4.932999999999999885e-03 -9.629699999999999926e-01 -2.696020000000000083e-01 1.905999999999999925e-03
2.300000000000000000e+01 2.700000000000000000e+01 6.300000000000000000e+01 0.000000000000000000e+00 1.600000000000000089e+00 -6.299999999999999990e-05 -1.681999999999999901e-03 9.999989999999999712e-01 -2.723180000000000045e-01 9.622060000000000057e-01 1.600999999999999993e-03 -9.622070000000000345e-01 -2.723180000000000045e-01 -5.190000000000000386e-04
2.700000000000000000e+01 2.700000000000000000e+01 6.300000000000000000e+01 0.000000000000000000e+00 1.600000000000000089e+00 -5.630000000000000239e-04 -3.699999999999999811e-05 1.000000000000000000e+00 -2.741190000000000015e-01 9.616959999999999953e-01 -1.190000000000000058e-04 -9.616949999999999665e-01 -2.741190000000000015e-01 -5.519999999999999733e-04
3.000000000000000000e+00 2.600000000000000000e+01 6.400000000000000000e+01 0.000000000000000000e+00 1.600000000000000089e+00 -5.950000000000000427e-04 7.354000000000000294e-03 9.999730000000000008e-01 -3.540309999999999846e-01 9.352070000000000105e-01 -7.087999999999999683e-03 -9.352329999999999810e-01 -3.540260000000000074e-01 2.047000000000000208e-03
1.200000000000000000e+01 2.600000000000000000e+01 6.400000000000000000e+01 0.000000000000000000e+00 1.600000000000000089e+00 2.034999999999999917e-03 9.229999999999999923e-04 9.999970000000000248e-01 -3.537199999999999789e-01 9.353510000000000435e-01 -1.430000000000000064e-04 -9.353489999999999860e-01 -3.537190000000000056e-01 2.230000000000000211e-03
1.800000000000000000e+01 2.600000000000000000e+01 6.400000000000000000e+01 0.000000000000000000e+00 1.600000000000000089e+00 -3.499999999999999964e-04 5.023999999999999820e-03 9.999869999999999592e-01 -3.492219999999999769e-01 9.370279999999999720e-01 -4.830000000000000092e-03 -9.370399999999999840e-01 -3.492190000000000016e-01 1.427000000000000100e-03
