1.000000000000000000e+01 2.500000000000000000e+01 1.000000000000000000e+00 0.000000000000000000e+00 1.600000000000000089e+00 1.075000000000000001e-03 -1.123999999999999999e-03 -9.999989999999999712e-01 -5.272860000000000325e-01 -8.496879999999999988e-01 3.890000000000000228e-04 -8.496869999999999701e-01 5.272850000000000037e-01 -1.505999999999999960e-03
3.000000000000000000e+01 2.500000000000000000e+01 1.000000000000000000e+00 0.000000000000000000e+00 1.600000000000000089e+00 7.269999999999999987e-04 -2.329900000000000027e-02 -9.997279999999999500e-01 -5.270500000000000185e-01 -8.496120000000000339e-01 1.941700000000000023e-02 -8.498339999999999783e-01 5.268929999999999447e-01 -1.289700000000000048e-02
5.000000000000000000e+00 1.500000000000000000e+01 4.000000000000000000e+00 0.000000000000000000e+00 1.600000000000000089e+00 -1.172999999999999998e-03 3.703999999999999827e-03 9.999919999999999920e-01 3.294110000000000094e-01 -9.441789999999999905e-01 3.883000000000000167e-03 9.441859999999999697e-01 3.294130000000000114e-01 -1.129999999999999955e-04
1.100000000000000000e+01 1.500000000000000000e+01 4.000000000000000000e+00 0.000000000000000000e+00 1.600000000000000089e+00 6.269999999999999532e-04 1.100000000000000039e-04 1.000000000000000000e+00 3.283079999999999887e-01 -9.445710000000000495e-01 -1.019999999999999992e-04 9.445710000000000495e-01 3.283079999999999887e-01 -6.290000000000000018e-04
1.400000000000000000e+01 1.500000000000000000e+01 4.000000000000000000e+00 0.000000000000000000e+00 1.600000000000000089e+00 -6.319999999999999663e-04 3.429000000000000190e-03 9.999940000000000495e-01 3.286180000000000212e-01 -9.444569999999999910e-01 3.445999999999999844e-03 9.444630000000000525e-01 3.286180000000000212e-01 -5.299999999999999807e-04
2.000000000000000000e+01 1.500000000000000000e+01 4.000000000000000000e+00 0.000000000000000000e+00 1.600000000000000089e+00 -8.520000000000000013e-04 4.939999999999999730e-04 1.000000000000000000e+00 3.234870000000000245e-01 -9.462319999999999620e-01 7.429999999999999539e-04 9.462319999999999620e-01 3.234879999999999978e-01 6.470000000000000057e-04
2.500000000000000000e+01 1.500000000000000000e+01 4.000000000000000000e+00 0.000000000000000000e+00 1.600000000000000089e+00 -3.400000000000000244e-04 4.471000000000000148e-03 9.999900000000000455e-01 3.242659999999999987e-01 -9.459560000000000191e-01 4.340000000000000108e-03 9.459659999999999735e-01 3.242650000000000254e-01 -1.128000000000000096e-03
3.000000000000000000e+01 1.500000000000000000e+01 4.000000000000000000e+00 0.000000000000000000e+00 1.600000000000000089e+00 -2.101000000000000003e-03 8.140000000000000534e-04 9.999970000000000248e-01 3.205600000000000116e-01 -9.472270000000000412e-01 1.445000000000000104e-03 9.472260000000000124e-01 3.205620000000000136e-01 1.729000000000000068e-03
7.000000000000000000e+00 1.010000000000000000e+02 7.000000000000000000e+00 0.000000000000000000e+00 1.600000000000000089e+00 2.505999999999999894e-02 -6.766099999999999892e-02 9.973940000000000028e-01 8.806220000000000159e-01 4.737140000000000239e-01 1.000999999999999980e-02 -4.731560000000000210e-01 8.780759999999999676e-01 7.145500000000000462e-02
2.300000000000000000e+01 1.010000000000000000e+02 7.000000000000000000e+00 0.000000000000000000e+00 1.600000000000000089e+00 1.706000000000000051e-03 -8.530000000000000256e-04 9.999980000000000535e-01 8.858070000000000110e-01 4.640529999999999933e-01 -1.115000000000000106e-03 -4.640509999999999913e-01 8.858070000000000110e-01 1.546999999999999981e-03
2.700000000000000000e+01 1.010000000000000000e+02 7.000000000000000000e+00 0.000000000000000000e+00 1.600000000000000089e+00 5.453999999999999647e-03 -1.814400000000000041e-02 9.998200000000000420e-01 8.902630000000000265e-01 4.554329999999999767e-01 3.408000000000000005e-03 -4.554130000000000122e-01 8.900850000000000151e-01 1.863700000000000079e-02
3.000000000000000000e+00 2.500000000000000000e+01 8.000000000000000000e+00 0.000000000000000000e+00 1.600000000000000089e+00 4.550000000000000008e-04 -4.054999999999999577e-03 -9.999919999999999920e-01 4.517189999999999817e-01 8.921540000000000026e-01 -3.412000000000000102e-03 8.921599999999999531e-01 -4.517140000000000044e-01 2.236999999999999839e-03
6.000000000000000000e+00 2.500000000000000000e+01 8.000000000000000000e+00 0.000000000000000000e+00 1.600000000000000089e+00 -2.320000000000000014e-04 -3.346000000000000016e-03 -9.999940000000000495e-01 4.529150000000000120e-01 8.915480000000000071e-01 -3.088000000000000033e-03 8.915539999999999576e-01 -4.529130000000000100e-01 1.309000000000000051e-03
9.000000000000000000e+00 2.500000000000000000e+01 8.000000000000000000e+00 0.000000000000000000e+00 1.600000000000000089e+00 -5.559999999999999621e-04 -3.752000000000000127e-03 -9.999930000000000208e-01 4.532939999999999747e-01 8.913539999999999797e-01 -3.596999999999999937e-03 8.913609999999999589e-01 -4.532930000000000015e-01 1.204999999999999908e-03
1.800000000000000000e+01 2.500000000000000000e+01 8.000000000000000000e+00 0.000000000000000000e+00 1.600000000000000089e+00 -2.072000000000000057e-03 4.493999999999999731e-03 -9.999879999999999880e-01 4.517149999999999777e-01 8.921569999999999778e-01 3.073999999999999910e-03 8.921599999999999531e-01 -4.517030000000000212e-01 -3.877999999999999937e-03
2.200000000000000000e+01 2.500000000000000000e+01 8.000000000000000000e+00 0.000000000000000000e+00 1.600000000000000089e+00 -2.942999999999999870e-03 2.448000000000000089e-03 -9.999930000000000208e-01 4.490430000000000255e-01 8.935100000000000264e-01 8.660000000000000163e-04 8.935049999999999937e-01 -4.490370000000000195e-01 -3.729000000000000110e-03
2.600000000000000000e+01 2.500000000000000000e+01 8.000000000000000000e+00 0.000000000000000000e+00 1.600000000000000089e+00 -1.552999999999999910e-03 -5.870000000000000218e-03 -9.999820000000000375e-01 4.481550000000000256e-01 8.939359999999999529e-01 -5.943000000000000366e-03 8.939550000000000551e-01 -4.481559999999999988e-01 1.242000000000000048e-03
3.000000000000000000e+00 2.400000000000000000e+01 9.000000000000000000e+00 0.000000000000000000e+00 1.600000000000000089e+00 2.030000000000000012e-04 -5.092000000000000172e-03 -9.999869999999999592e-01 4.539239999999999942e-01 8.910289999999999599e-01 -4.445000000000000166e-03 8.910400000000000542e-01 -4.539170000000000149e-01 2.491999999999999858e-03
6.000000000000000000e+00 2.400000000000000000e+01 9.000000000000000000e+00 0.000000000000000000e+00 1.600000000000000089e+00 -4.479999999999999933e-04 -3.367000000000000201e-03 -9.999940000000000495e-01 4.549239999999999950e-01 8.905250000000000110e-01 -3.201999999999999985e-03 8.905300000000000438e-01 -4.549230000000000218e-01 1.132999999999999893e-03
1.000000000000000000e+01 2.400000000000000000e+01 9.000000000000000000e+00 0.000000000000000000e+00 1.600000000000000089e+00 -7.029999999999999574e-04 -3.883999999999999866e-03 -9.999919999999999920e-01 4.559099999999999819e-01 8.900179999999999758e-01 -3.776999999999999975e-03 8.900259999999999838e-01 -4.559090000000000087e-01 1.144999999999999967e-03
1.700000000000000000e+01 2.400000000000000000e+01 9.000000000000000000e+00 0.000000000000000000e+00 1.600000000000000089e+00 -1.435999999999999993e-03 4.503000000000000058e-03 -9.999890000000000168e-01 4.567840000000000233e-01 8.895710000000000006e-01 3.350000000000000113e-03 8.895760000000000334e-01 -4.567740000000000133e-01 -3.334000000000000158e-03
2.400000000000000000e+01 2.400000000000000000e+01 9.000000000000000000e+00 0.000000000000000000e+00 1.600000000000000089e+00 -1.333999999999999899e-03 -1.598000000000000028e-03 -9.999980000000000535e-01 4.524799999999999933e-01 8.917720000000000091e-01 -2.028999999999999988e-03 8.917739999999999556e-01 -4.524810000000000221e-01 -4.670000000000000214e-04
2.600000000000000000e+01 2.400000000000000000e+01 9.000000000000000000e+00 0.000000000000000000e+00 1.600000000000000089e+00 -1.629999999999999939e-03 -7.628000000000000232e-03 -9.999700000000000255e-01 4.522749999999999826e-01 8.918469999999999454e-01 -7.540999999999999960e-03 8.918770000000000309e-01 -4.522729999999999806e-01 1.995999999999999944e-03
3.000000000000000000e+00 4.000000000000000000e+00 1.100000000000000000e+01 0.000000000000000000e+00 1.600000000000000089e+00 4.970100000000000212e-02 -3.017009999999999970e-01 -9.521060000000000079e-01 1.214350000000000013e-01 9.480370000000000186e-01 -2.940729999999999733e-01 9.913539999999999575e-01 -1.010029999999999956e-01 8.375499999999999612e-02
2.300000000000000000e+01 4.000000000000000000e+00 1.100000000000000000e+01 0.000000000000000000e+00 1.600000000000000089e+00 3.559799999999999770e-02 -2.320679999999999965e-01 -9.720480000000000231e-01 8.172799999999999510e-02 9.700819999999999999e-01 -2.286060000000000036e-01 9.960189999999999877e-01 -7.130599999999999439e-02 5.349899999999999795e-02
3.000000000000000000e+00 3.100000000000000000e+01 1.200000000000000000e+01 0.000000000000000000e+00 1.600000000000000089e+00 3.469999999999999777e-04 8.354000000000000314e-03 9.999649999999999928e-01 -2.045900000000000149e-02 9.997559999999999780e-01 -8.344999999999999987e-03 -9.997909999999999853e-01 -2.045599999999999849e-02 5.180000000000000143e-04
1.300000000000000000e+01 3.100000000000000000e+01 1.200000000000000000e+01 0.000000000000000000e+00 1.600000000000000089e+00 2.590999999999999987e-03 5.513999999999999804e-03 9.999810000000000088e-01 -7.209000000000000130e-03 9.999590000000000423e-01 -5.494999999999999885e-03 -9.999710000000000543e-01 -7.193999999999999874e-03 2.631000000000000092e-03
8.000000000000000000e+00 3.500000000000000000e+01 1.200000000000000000e+01 0.000000000000000000e+00 1.600000000000000089e+00 1.051500000000000004e-02 -1.249100000000000037e-02 -9.998669999999999503e-01 4.849669999999999814e-01 -8.743859999999999966e-01 1.602299999999999905e-02 -8.744690000000000518e-01 -4.850709999999999744e-01 -3.137000000000000031e-03
1.300000000000000000e+01 3.500000000000000000e+01 1.200000000000000000e+01 0.000000000000000000e+00 1.600000000000000089e+00 5.637999999999999783e-03 -1.474999999999999966e-03 -9.999829999999999552e-01 5.124109999999999498e-01 -8.587299999999999933e-01 4.155999999999999972e-03 -8.587219999999999853e-01 -5.124260000000000481e-01 -4.086000000000000222e-03
1.900000000000000000e+01 3.500000000000000000e+01 1.200000000000000000e+01 0.000000000000000000e+00 1.600000000000000089e+00 -6.315000000000000301e-03 4.690000000000000158e-04 -9.999799999999999800e-01 4.929439999999999933e-01 -8.700539999999999941e-01 -3.520999999999999824e-03 -8.700379999999999781e-01 -4.929560000000000053e-01 5.263999999999999582e-03
2.900000000000000000e+01 3.500000000000000000e+01 1.200000000000000000e+01 0.000000000000000000e+00 1.600000000000000089e+00 1.125699999999999965e-02 -2.174900000000000097e-02 -9.997000000000000330e-01 4.912730000000000152e-01 -8.706620000000000470e-01 2.447399999999999923e-02 -8.709329999999999572e-01 -4.914009999999999767e-01 8.840000000000000201e-04
2.600000000000000000e+01 3.200000000000000000e+01 1.400000000000000000e+01 0.000000000000000000e+00 1.600000000000000089e+00 1.688000000000000047e-03 3.539199999999999985e-02 -9.993720000000000381e-01 1.042570000000000024e-01 9.939210000000000544e-01 3.537499999999999672e-02 9.945490000000000164e-01 -1.042519999999999974e-01 -2.013000000000000032e-03
7.000000000000000000e+00 1.200000000000000000e+01 1.500000000000000000e+01 0.000000000000000000e+00 1.600000000000000089e+00 1.445100000000000030e-02 -2.526300000000000073e-02 -9.995760000000000201e-01 -4.934390000000000165e-01 -8.696540000000000381e-01 1.484599999999999982e-02 -8.696599999999999886e-01 4.930149999999999810e-01 -2.503299999999999970e-02
1.600000000000000000e+01 1.200000000000000000e+01 1.500000000000000000e+01 0.000000000000000000e+00 1.600000000000000089e+00 -8.660000000000000163e-04 -1.251500000000000008e-02 -9.999209999999999487e-01 -4.775150000000000228e-01 -8.785490000000000244e-01 1.140900000000000074e-02 -8.786230000000000429e-01 4.774880000000000235e-01 -5.215000000000000017e-03
6.000000000000000000e+00 4.000000000000000000e+00 2.000000000000000000e+01 0.000000000000000000e+00 1.600000000000000089e+00 -4.081999999999999691e-03 9.227000000000000826e-03 -9.999489999999999768e-01 2.396300000000000097e-01 -9.708130000000000370e-01 -9.936000000000000387e-03 -9.708560000000000523e-01 -2.396580000000000099e-01 1.752000000000000085e-03
1.300000000000000000e+01 4.000000000000000000e+00 2.000000000000000000e+01 0.000000000000000000e+00 1.600000000000000089e+00 5.390999999999999959e-03 -1.734499999999999931e-02 -9.998350000000000293e-01 1.791739999999999999e-01 -9.836519999999999708e-01 1.803000000000000089e-02 -9.838029999999999831e-01 -1.792410000000000114e-01 -2.194999999999999903e-03
2.500000000000000000e+01 4.000000000000000000e+00 2.000000000000000000e+01 0.000000000000000000e+00 1.600000000000000089e+00 1.268999999999999946e-03 1.871899999999999953e-02 -9.998240000000000460e-01 3.006199999999999983e-01 -9.535839999999999872e-01 -1.747200000000000142e-02 -9.537430000000000074e-01 -3.005450000000000066e-01 -6.837000000000000195e-03
1.600000000000000000e+01 1.300000000000000000e+01 2.000000000000000000e+01 0.000000000000000000e+00 1.600000000000000089e+00 2.920499999999999832e-02 8.684200000000000252e-02 9.957939999999999570e-01 2.629779999999999895e-01 9.604559999999999764e-01 -9.147299999999999875e-02 -9.643599999999999950e-01 2.645429999999999726e-01 5.212999999999999752e-03
2.500000000000000000e+01 1.300000000000000000e+01 2.000000000000000000e+01 0.000000000000000000e+00 1.600000000000000089e+00 6.790000000000000245e-04 -5.800000000000000034e-04 1.000000000000000000e+00 2.518000000000000238e-01 9.677789999999999448e-01 3.910000000000000172e-04 -9.677789999999999448e-01 2.517989999999999950e-01 8.030000000000000028e-04
3.000000000000000000e+01 1.300000000000000000e+01 2.000000000000000000e+01 0.000000000000000000e+00 1.600000000000000089e+00 1.361000000000000014e-03 5.394999999999999622e-03 9.999850000000000128e-01 2.522280000000000078e-01 9.676519999999999566e-01 -5.563000000000000236e-03 -9.676670000000000549e-01 2.522309999999999830e-01 -4.399999999999999886e-05
1.000000000000000000e+01 1.400000000000000000e+01 2.000000000000000000e+01 0.000000000000000000e+00 1.600000000000000089e+00 7.034000000000000322e-03 -1.234099999999999954e-02 9.998989999999999823e-01 2.718579999999999885e-01 9.622859999999999747e-01 9.964999999999999900e-03 -9.623119999999999452e-01 2.717609999999999748e-01 1.012399999999999932e-02
3.000000000000000000e+00 1.600000000000000000e+01 2.100000000000000000e+01 0.000000000000000000e+00 1.600000000000000089e+00 -2.913699999999999971e-02 -1.229119999999999935e-01 9.919900000000000384e-01 3.378129999999999744e-01 9.328079999999999705e-01 1.255010000000000014e-01 -9.407619999999999871e-01 3.387640000000000096e-01 1.434200000000000058e-02
1.100000000000000000e+01 1.600000000000000000e+01 2.100000000000000000e+01 0.000000000000000000e+00 1.600000000000000089e+00 1.302599999999999938e-02 3.193000000000000092e-03 9.999099999999999655e-01 3.367800000000000238e-01 9.415540000000000020e-01 -7.394000000000000399e-03 -9.414930000000000243e-01 3.368459999999999788e-01 1.118899999999999929e-02
1.800000000000000000e+01 1.600000000000000000e+01 2.100000000000000000e+01 0.000000000000000000e+00 1.600000000000000089e+00 1.185199999999999969e-02 3.903000000000000219e-02 9.991679999999999451e-01 3.037839999999999985e-01 9.518680000000000474e-01 -4.078600000000000281e-02 -9.526670000000000416e-01 3.040140000000000065e-01 -5.760000000000000146e-04
2.200000000000000000e+01 1.600000000000000000e+01 2.100000000000000000e+01 0.000000000000000000e+00 1.600000000000000089e+00 9.399999999999999719e-04 6.749999999999999924e-03 9.999770000000000048e-01 2.981820000000000026e-01 9.544850000000000279e-01 -6.722999999999999809e-03 -9.545090000000000519e-01 2.981809999999999738e-01 -1.115000000000000106e-03
2.600000000000000000e+01 1.600000000000000000e+01 2.100000000000000000e+01 0.000000000000000000e+00 1.600000000000000089e+00 7.169999999999999724e-04 6.489999999999999459e-04 1.000000000000000000e+00 2.976230000000000264e-01 9.546829999999999483e-01 -8.329999999999999731e-04 -9.546829999999999483e-01 2.976239999999999997e-01 4.910000000000000085e-04
2.700000000000000000e+01 4.000000000000000000e+00 2.500000000000000000e+01 0.000000000000000000e+00 1.600000000000000089e+00 5.390000000000000346e-02 4.464300000000000213e-02 9.975479999999999903e-01 -6.052490000000000370e-01 -7.931089999999999529e-01 6.819600000000000661e-02 7.942090000000000538e-01 -6.074410000000000087e-01 -1.572899999999999993e-02
1.300000000000000000e+01 4.600000000000000000e+01 2.700000000000000000e+01 0.000000000000000000e+00 1.600000000000000089e+00 -2.722000000000000027e-03 1.600999999999999993e-03 -9.999949999999999672e-01 6.743449999999999722e-01 7.384159999999999613e-01 -6.539999999999999590e-04 7.384110000000000396e-01 -6.743430000000000257e-01 -3.089999999999999865e-03
2.200000000000000000e+01 4.600000000000000000e+01 2.700000000000000000e+01 0.000000000000000000e+00 1.600000000000000089e+00 -4.399999999999999886e-05 -1.789000000000000009e-03 -9.999980000000000535e-01 6.714069999999999760e-01 7.410879999999999690e-01 -1.355000000000000085e-03 7.410889999999999977e-01 -6.714059999999999473e-01 1.167999999999999984e-03
2.700000000000000000e+01 4.600000000000000000e+01 3.000000000000000000e+01 0.000000000000000000e+00 1.600000000000000089e+00 1.910000000000000022e-03 7.409999999999999920e-03 -9.999710000000000543e-01 3.235680000000000223e-01 9.461739999999999595e-01 7.629000000000000364e-03 9.462030000000000163e-01 -3.235739999999999728e-01 -5.900000000000000296e-04
4.000000000000000000e+00 5.800000000000000000e+01 3.100000000000000000e+01 0.000000000000000000e+00 1.600000000000000089e+00 4.643999999999999691e-03 6.544999999999999603e-03 9.999679999999999680e-01 -7.756680000000000241e-01 -6.310930000000000151e-01 7.733000000000000290e-03 6.311240000000000183e-01 -7.756790000000000074e-01 2.145999999999999904e-03
8.000000000000000000e+00 5.800000000000000000e+01 3.100000000000000000e+01 0.000000000000000000e+00 1.600000000000000089e+00 8.186999999999999833e-03 9.419999999999999554e-03 9.999219999999999775e-01 -7.783020000000000493e-01 -6.277690000000000214e-01 1.228699999999999931e-02 6.278359999999999497e-01 -7.783419999999999783e-01 2.191999999999999938e-03
1.200000000000000000e+01 5.800000000000000000e+01 3.100000000000000000e+01 0.000000000000000000e+00 1.600000000000000089e+00 3.880000000000000202e-03 1.281000000000000021e-03 9.999919999999999920e-01 -7.785109999999999530e-01 -6.276190000000000380e-01 3.824000000000000142e-03 6.276190000000000380e-01 -7.785189999999999610e-01 -1.438000000000000042e-03
1.400000000000000000e+01 5.800000000000000000e+01 3.100000000000000000e+01 0.000000000000000000e+00 1.600000000000000089e+00 1.796000000000000070e-03 -4.380000000000000213e-04 9.999980000000000535e-01 -7.765520000000000200e-01 -6.300519999999999454e-01 1.118000000000000070e-03 6.300499999999999989e-01 -7.765530000000000488e-01 -1.472000000000000001e-03
1.800000000000000000e+01 5.800000000000000000e+01 3.100000000000000000e+01 0.000000000000000000e+00 1.600000000000000089e+00 -4.322000000000000321e-03 -6.854999999999999982e-03 9.999670000000000503e-01 -7.703839999999999577e-01 -6.375330000000000163e-01 -7.700000000000000247e-03 6.375650000000000484e-01 -7.703919999999999657e-01 -2.524999999999999901e-03
2.200000000000000000e+01 5.800000000000000000e+01 3.100000000000000000e+01 0.000000000000000000e+00 1.600000000000000089e+00 -5.970999999999999745e-03 -1.544099999999999986e-02 9.998629999999999463e-01 -7.703200000000000047e-01 -6.374940000000000051e-01 -1.444499999999999951e-02 6.376290000000000013e-01 -7.703010000000000135e-01 -8.087999999999999703e-03
2.600000000000000000e+01 5.800000000000000000e+01 3.100000000000000000e+01 0.000000000000000000e+00 1.600000000000000089e+00 4.878999999999999657e-03 7.021000000000000331e-03 9.999639999999999640e-01 -7.754309999999999814e-01 -6.313779999999999948e-01 8.215999999999999345e-03 6.314130000000000020e-01 -7.754429999999999934e-01 2.364000000000000216e-03
1.100000000000000000e+01 5.000000000000000000e+00 3.200000000000000000e+01 0.000000000000000000e+00 1.600000000000000089e+00 1.612570000000000114e-01 -8.793250000000000233e-01 -4.480890000000000151e-01 -6.811399999999999677e-01 2.293949999999999878e-01 -6.952890000000000459e-01 7.141739999999999755e-01 4.173310000000000075e-01 -5.619520000000000071e-01
9.000000000000000000e+00 5.000000000000000000e+00 3.300000000000000000e+01 0.000000000000000000e+00 1.600000000000000089e+00 1.148829999999999990e-01 -9.729139999999999455e-01 -2.006020000000000025e-01 -6.941709999999999825e-01 6.582499999999999463e-02 -7.167940000000000422e-01 7.105839999999999934e-01 2.215989999999999904e-01 -6.678060000000000107e-01
1.300000000000000000e+01 8.000000000000000000e+00 3.400000000000000000e+01 0.000000000000000000e+00 1.600000000000000089e+00 2.075420000000000043e-01 -9.109469999999999512e-01 -3.565119999999999956e-01 -7.100020000000000220e-01 1.104279999999999984e-01 -6.954869999999999663e-01 6.729209999999999914e-01 3.974679999999999880e-01 -6.238559999999999661e-01
1.600000000000000000e+01 9.000000000000000000e+00 3.400000000000000000e+01 0.000000000000000000e+00 1.600000000000000089e+00 2.442269999999999996e-01 -8.339050000000000074e-01 -4.949299999999999811e-01 -7.265570000000000084e-01 1.806659999999999933e-01 -6.629279999999999617e-01 6.422369999999999468e-01 5.214999999999999636e-01 -5.617560000000000331e-01
2.800000000000000000e+01 4.200000000000000000e+01 3.400000000000000000e+01 0.000000000000000000e+00 1.600000000000000089e+00 -5.865999999999999687e-03 -4.216000000000000129e-03 -9.999740000000000295e-01 -3.014000000000000012e-01 9.534949999999999815e-01 -2.252000000000000095e-03 9.534799999999999942e-01 3.013790000000000080e-01 -6.864000000000000309e-03
1.500000000000000000e+01 2.600000000000000000e+01 3.500000000000000000e+01 0.000000000000000000e+00 1.600000000000000089e+00 3.122719999999999940e-01 5.628630000000000022e-01 7.652919999999999723e-01 -6.790239999999999609e-01 -4.311440000000000272e-01 5.941720000000000335e-01 6.643890000000000073e-01 -7.051950000000000163e-01 2.475630000000000053e-01
4.000000000000000000e+00 4.600000000000000000e+01 3.500000000000000000e+01 0.000000000000000000e+00 1.600000000000000089e+00 5.050000000000000235e-04 8.220000000000000310e-04 -1.000000000000000000e+00 3.906999999999999917e-01 -9.205179999999999474e-01 -5.590000000000000351e-04 -9.205179999999999474e-01 -3.906990000000000185e-01 -7.860000000000000233e-04
9.000000000000000000e+00 4.600000000000000000e+01 3.500000000000000000e+01 0.000000000000000000e+00 1.600000000000000089e+00 2.024000000000000191e-03 -7.936999999999999611e-03 -9.999660000000000215e-01 3.899219999999999908e-01 -9.208119999999999639e-01 8.097999999999999296e-03 -9.208460000000000534e-01 -3.899250000000000216e-01 1.231000000000000106e-03
1.300000000000000000e+01 4.600000000000000000e+01 3.500000000000000000e+01 0.000000000000000000e+00 1.600000000000000089e+00 1.025000000000000086e-03 -1.127099999999999977e-02 -9.999360000000000470e-01 3.900589999999999891e-01 -9.207269999999999621e-01 1.077799999999999939e-02 -9.207889999999999686e-01 -3.900449999999999751e-01 3.452999999999999906e-03
1.800000000000000000e+01 4.600000000000000000e+01 3.500000000000000000e+01 0.000000000000000000e+00 1.600000000000000089e+00 -1.111999999999999924e-03 -8.097000000000000031e-03 -9.999670000000000503e-01 3.893340000000000134e-01 -9.210700000000000554e-01 7.026000000000000127e-03 -9.210960000000000258e-01 -3.893139999999999934e-01 4.176000000000000024e-03
2.300000000000000000e+01 4.600000000000000000e+01 3.500000000000000000e+01 0.000000000000000000e+00 1.600000000000000089e+00 4.920000000000000328e-04 -4.588000000000000064e-03 -9.999890000000000168e-01 3.898969999999999936e-01 -9.208479999999999999e-01 4.416999999999999919e-03 -9.208589999999999831e-01 -3.898949999999999916e-01 1.335000000000000032e-03
2.800000000000000000e+01 4.600000000000000000e+01 3.500000000000000000e+01 0.000000000000000000e+00 1.600000000000000089e+00 4.519999999999999712e-03 5.140999999999999737e-03 -9.999770000000000048e-01 3.881450000000000178e-01 -9.215929999999999955e-01 -2.984000000000000107e-03 -9.215870000000000450e-01 -3.881229999999999958e-01 -6.160999999999999810e-03
1.600000000000000000e+01 1.100000000000000000e+01 3.600000000000000000e+01 0.000000000000000000e+00 1.600000000000000089e+00 2.104489999999999972e-01 -9.139730000000000354e-01 -3.469360000000000221e-01 -7.260280000000000067e-01 9.153500000000000525e-02 -6.815449999999999564e-01 6.546710000000000029e-01 3.953160000000000007e-01 -6.443069999999999631e-01
2.500000000000000000e+01 2.200000000000000000e+01 3.600000000000000000e+01 0.000000000000000000e+00 1.600000000000000089e+00 -1.941970000000000085e-01 -7.377150000000000096e-01 6.465790000000000148e-01 7.282980000000000009e-01 3.331370000000000164e-01 5.988329999999999487e-01 -6.571669999999999456e-01 5.871939999999999937e-01 4.725820000000000021e-01
1.500000000000000000e+01 2.700000000000000000e+01 3.600000000000000000e+01 0.000000000000000000e+00 1.600000000000000089e+00 3.496719999999999828e-01 3.832479999999999776e-01 8.548980000000000468e-01 -6.968889999999999807e-01 -5.034710000000000019e-01 5.107479999999999798e-01 6.261590000000000211e-01 -7.743630000000000235e-01 9.103200000000000180e-02
1.400000000000000000e+01 1.100000000000000000e+01 3.700000000000000000e+01 0.000000000000000000e+00 1.600000000000000089e+00 1.725299999999999889e-01 -9.385360000000000369e-01 -2.989700000000000135e-01 -7.146919999999999940e-01 8.959000000000000297e-02 -6.936780000000000168e-01 6.778269999999999573e-01 3.333519999999999817e-01 -6.553069999999999729e-01
1.700000000000000000e+01 1.200000000000000000e+01 3.700000000000000000e+01 0.000000000000000000e+00 1.600000000000000089e+00 1.861389999999999989e-01 -9.283489999999999798e-01 -3.217470000000000052e-01 -7.370830000000000437e-01 8.458799999999999653e-02 -6.704879999999999729e-01 6.496619999999999617e-01 3.619580000000000020e-01 -6.685250000000000359e-01
8.000000000000000000e+00 2.200000000000000000e+01 3.700000000000000000e+01 0.000000000000000000e+00 1.600000000000000089e+00 7.681289999999999507e-01 -3.303050000000000153e-01 5.485229999999999828e-01 -6.308470000000000466e-01 -2.437749999999999917e-01 7.366179999999999950e-01 -1.095919999999999950e-01 -9.118509999999999671e-01 -3.956230000000000024e-01
2.600000000000000000e+01 2.300000000000000000e+01 3.700000000000000000e+01 0.000000000000000000e+00 1.600000000000000089e+00 -1.876659999999999995e-01 -7.483049999999999979e-01 6.362560000000000437e-01 7.257240000000000357e-01 3.308740000000000014e-01 6.031980000000000119e-01 -6.618960000000000399e-01 5.749450000000000394e-01 4.809689999999999799e-01
2.400000000000000000e+01 1.500000000000000000e+01 3.800000000000000000e+01 0.000000000000000000e+00 1.600000000000000089e+00 2.071850000000000080e-01 3.856229999999999936e-01 8.990930000000000311e-01 -7.853700000000000125e-01 -4.824249999999999927e-01 3.878920000000000146e-01 5.833249999999999824e-01 -7.864860000000000184e-01 2.029060000000000030e-01
1.900000000000000000e+01 3.600000000000000000e+01 3.800000000000000000e+01 0.000000000000000000e+00 1.600000000000000089e+00 -3.642139999999999822e-01 8.114000000000000379e-02 9.277739999999999876e-01 9.084189999999999765e-01 2.504870000000000152e-01 3.347100000000000075e-01 -2.052370000000000028e-01 9.647139999999999604e-01 -1.649400000000000033e-01
2.100000000000000000e+01 3.700000000000000000e+01 3.800000000000000000e+01 0.000000000000000000e+00 1.600000000000000089e+00 -2.916460000000000163e-01 -1.117400000000000060e-01 9.499769999999999603e-01 7.984099999999999531e-01 5.184999999999999609e-01 3.061019999999999852e-01 -5.267669999999999852e-01 8.477449999999999708e-01 -6.200399999999999662e-02
2.500000000000000000e+01 3.800000000000000000e+01 3.800000000000000000e+01 0.000000000000000000e+00 1.600000000000000089e+00 -1.350550000000000084e-01 -1.730359999999999954e-01 9.756120000000000347e-01 6.919570000000000443e-01 6.882810000000000317e-01 2.178620000000000001e-01 -7.091929999999999623e-01 7.045050000000000479e-01 2.677799999999999972e-02
1.600000000000000000e+01 1.400000000000000000e+01 3.900000000000000000e+01 0.000000000000000000e+00 1.600000000000000089e+00 1.403300000000000103e-01 -8.558559999999999501e-01 -4.978139999999999787e-01 -7.142420000000000435e-01 2.606959999999999833e-01 -6.495349999999999735e-01 6.856870000000000465e-01 4.467079999999999940e-01 -5.747039999999999926e-01
2.900000000000000000e+01 2.600000000000000000e+01 3.900000000000000000e+01 0.000000000000000000e+00 1.600000000000000089e+00 -1.362690000000000012e-01 -7.376359999999999584e-01 6.613040000000000029e-01 7.089050000000000074e-01 3.936859999999999804e-01 5.852049999999999752e-01 -6.920150000000000468e-01 5.485470000000000068e-01 4.692669999999999897e-01
2.200000000000000000e+01 3.800000000000000000e+01 3.900000000000000000e+01 0.000000000000000000e+00 1.600000000000000089e+00 -2.787310000000000065e-01 -1.914970000000000006e-01 9.410830000000000028e-01 7.805959999999999566e-01 5.256579999999999586e-01 3.381620000000000181e-01 -5.594449999999999701e-01 8.288619999999999877e-01 2.965000000000000187e-03
2.500000000000000000e+01 3.900000000000000000e+01 3.900000000000000000e+01 0.000000000000000000e+00 1.600000000000000089e+00 -1.744080000000000075e-01 -2.614040000000000252e-01 9.493420000000000192e-01 7.245230000000000281e-01 6.188320000000000487e-01 3.035019999999999940e-01 -6.668199999999999683e-01 7.407529999999999948e-01 8.146399999999999475e-02
2.200000000000000000e+01 6.100000000000000000e+01 4.000000000000000000e+01 0.000000000000000000e+00 1.600000000000000089e+00 2.664800000000000155e-02 -5.425060000000000437e-01 -8.396289999999999587e-01 3.524829999999999908e-01 -7.808800000000000185e-01 5.157340000000000257e-01 -9.354390000000000205e-01 -3.096990000000000021e-01 1.704150000000000109e-01
7.000000000000000000e+00 3.000000000000000000e+00 4.300000000000000000e+01 0.000000000000000000e+00 1.600000000000000089e+00 2.844000000000000174e-03 -7.969000000000000389e-03 -9.999639999999999640e-01 7.411849999999999827e-01 -6.712590000000000501e-01 7.457000000000000087e-03 -6.712949999999999751e-01 -7.411799999999999500e-01 3.996999999999999685e-03
1.000000000000000000e+01 3.000000000000000000e+00 4.300000000000000000e+01 0.000000000000000000e+00 1.600000000000000089e+00 5.827999999999999847e-03 -3.562000000000000062e-03 -9.999770000000000048e-01 7.434680000000000177e-01 -6.687380000000000546e-01 6.715999999999999748e-03 -6.687459999999999516e-01 -7.434899999999999842e-01 -1.248999999999999893e-03
1.800000000000000000e+01 3.000000000000000000e+00 4.300000000000000000e+01 0.000000000000000000e+00 1.600000000000000089e+00 8.888999999999999332e-03 2.753600000000000145e-02 -9.995810000000000528e-01 7.369860000000000300e-01 -6.758009999999999851e-01 -1.206300000000000081e-02 -6.758499999999999508e-01 -7.365699999999999470e-01 -2.630000000000000046e-02
2.900000000000000000e+01 3.000000000000000000e+00 4.300000000000000000e+01 0.000000000000000000e+00 1.600000000000000089e+00 -1.669999999999999935e-04 3.397900000000000226e-02 -9.994229999999999503e-01 7.517150000000000221e-01 -6.591029999999999944e-01 -2.253399999999999848e-02 -6.594879999999999631e-01 -7.512849999999999806e-01 -2.543199999999999975e-02
5.000000000000000000e+00 2.500000000000000000e+01 4.300000000000000000e+01 0.000000000000000000e+00 1.600000000000000089e+00 1.544399999999999940e-02 -1.209999999999999964e-02 -9.998080000000000300e-01 8.411809999999999565e-01 5.407149999999999457e-01 6.450000000000000004e-03 5.405330000000000412e-01 -8.411189999999999500e-01 1.852900000000000033e-02
5.000000000000000000e+00 2.400000000000000000e+01 4.400000000000000000e+01 0.000000000000000000e+00 1.600000000000000089e+00 1.919200000000000073e-02 1.664799999999999960e-02 -9.996770000000000378e-01 7.817880000000000384e-01 6.230280000000000262e-01 2.538500000000000131e-02 6.232490000000000530e-01 -7.820219999999999949e-01 -1.057999999999999913e-03
5.000000000000000000e+00 2.900000000000000000e+01 4.400000000000000000e+01 0.000000000000000000e+00 1.600000000000000089e+00 -3.350999999999999812e-03 -4.749400000000000149e-02 -9.988660000000000316e-01 6.325669999999999904e-01 7.735279999999999934e-01 -3.890199999999999908e-02 7.744980000000000198e-01 -6.319799999999999862e-01 2.745099999999999971e-02
7.000000000000000000e+00 2.900000000000000000e+01 4.400000000000000000e+01 0.000000000000000000e+00 1.600000000000000089e+00 -4.624199999999999838e-02 -1.823609999999999953e-01 -9.821440000000000170e-01 6.556650000000000533e-01 7.362229999999999608e-01 -1.675699999999999967e-01 7.536340000000000261e-01 -6.517060000000000075e-01 8.552300000000000180e-02
2.600000000000000000e+01 2.200000000000000000e+01 4.500000000000000000e+01 0.000000000000000000e+00 1.600000000000000089e+00 1.433669999999999944e-01 -7.400400000000000034e-02 -9.868989999999999707e-01 -4.672830000000000039e-01 8.739829999999999544e-01 -1.334190000000000098e-01 8.724060000000000148e-01 4.802890000000000215e-01 9.071999999999999509e-02
2.200000000000000000e+01 2.200000000000000000e+01 4.600000000000000000e+01 0.000000000000000000e+00 1.600000000000000089e+00 6.907199999999999451e-02 -1.819899999999999990e-02 -9.974460000000000548e-01 -2.188319999999999987e-01 9.752060000000000173e-01 -3.294699999999999712e-02 9.733150000000000412e-01 2.205479999999999940e-01 6.337700000000000278e-02
3.000000000000000000e+01 6.500000000000000000e+01 4.600000000000000000e+01 0.000000000000000000e+00 1.600000000000000089e+00 -8.035200000000000675e-02 -7.235310000000000352e-01 6.855999999999999872e-01 6.185690000000000355e-01 -5.755500000000000060e-01 -5.348960000000000381e-01 7.816109999999999447e-01 3.811109999999999776e-01 4.938000000000000167e-01
2.400000000000000000e+01 5.300000000000000000e+01 4.900000000000000000e+01 0.000000000000000000e+00 1.600000000000000089e+00 -4.808810000000000029e-01 2.402160000000000128e-01 8.432380000000000431e-01 -8.676380000000000203e-01 8.189000000000000098e-03 -4.971289999999999876e-01 -1.263229999999999908e-01 -9.706850000000000200e-01 2.044829999999999981e-01
8.000000000000000000e+00 6.000000000000000000e+00 5.100000000000000000e+01 0.000000000000000000e+00 1.600000000000000089e+00 -6.858000000000000380e-03 -5.511000000000000273e-03 -9.999609999999999888e-01 3.316600000000000104e-01 -9.433939999999999548e-01 2.925000000000000083e-03 -9.433740000000000459e-01 -3.316270000000000051e-01 8.297999999999999821e-03
2.400000000000000000e+01 7.000000000000000000e+00 5.200000000000000000e+01 0.000000000000000000e+00 1.600000000000000089e+00 7.106000000000000337e-03 4.693000000000000123e-03 -9.999639999999999640e-01 8.691999999999999726e-02 -9.962069999999999537e-01 -4.056999999999999842e-03 -9.961900000000000199e-01 -8.688800000000000689e-02 -7.486999999999999732e-03
2.800000000000000000e+01 7.000000000000000000e+00 5.200000000000000000e+01 0.000000000000000000e+00 1.600000000000000089e+00 3.488000000000000215e-03 8.321000000000000271e-03 -9.999590000000000423e-01 7.064700000000000146e-02 -9.974690000000000500e-01 -8.054000000000000395e-03 -9.974950000000000205e-01 -7.061599999999999822e-02 -4.067000000000000302e-03
2.800000000000000000e+01 1.400000000000000000e+01 5.400000000000000000e+01 0.000000000000000000e+00 1.600000000000000089e+00 -6.041000000000000363e-03 -1.991999999999999847e-03 -9.999799999999999800e-01 5.800589999999999913e-01 8.145590000000000330e-01 -5.126999999999999613e-03 8.145520000000000538e-01 -5.800779999999999825e-01 -3.765000000000000117e-03
6.000000000000000000e+00 6.300000000000000000e+01 5.400000000000000000e+01 0.000000000000000000e+00 1.600000000000000089e+00 -5.733000000000000249e-03 -6.800000000000000488e-04 9.999829999999999552e-01 -3.471659999999999746e-01 9.378030000000000532e-01 -1.353000000000000036e-03 -9.377860000000000085e-01 -3.471679999999999766e-01 -5.611999999999999801e-03
9.000000000000000000e+00 6.300000000000000000e+01 5.400000000000000000e+01 0.000000000000000000e+00 1.600000000000000089e+00 1.907800000000000121e-02 3.313900000000000179e-02 9.992689999999999628e-01 -3.321000000000000063e-01 9.429149999999999476e-01 -2.492899999999999977e-02 -9.430509999999999726e-01 -3.313809999999999811e-01 2.899399999999999894e-02
1.500000000000000000e+01 6.300000000000000000e+01 5.400000000000000000e+01 0.000000000000000000e+00 1.600000000000000089e+00 2.409769999999999968e-01 4.652569999999999761e-01 -8.517430000000000279e-01 8.389349999999999863e-01 3.413950000000000040e-01 4.238370000000000193e-01 4.879740000000000189e-01 -8.166919999999999735e-01 -3.080519999999999925e-01
2.000000000000000000e+00 2.500000000000000000e+01 5.500000000000000000e+01 0.000000000000000000e+00 1.600000000000000089e+00 9.380000000000000317e-04 1.606000000000000006e-03 -9.999980000000000535e-01 -1.269099999999999916e-02 -9.999179999999999735e-01 -1.618000000000000081e-03 -9.999190000000000023e-01 1.269299999999999942e-02 -9.169999999999999549e-04
6.000000000000000000e+00 2.500000000000000000e+01 5.500000000000000000e+01 0.000000000000000000e+00 1.600000000000000089e+00 -8.970000000000000109e-04 -8.099999999999999561e-04 -9.999989999999999712e-01 -1.080899999999999916e-02 -9.999409999999999688e-01 8.199999999999999824e-04 -9.999409999999999688e-01 1.080899999999999916e-02 8.880000000000000089e-04
1.300000000000000000e+01 2.500000000000000000e+01 5.500000000000000000e+01 0.000000000000000000e+00 1.600000000000000089e+00 -2.145999999999999904e-03 -4.463400000000000006e-02 -9.990010000000000279e-01 -1.176100000000000062e-02 -9.989329999999999599e-01 4.465600000000000125e-02 -9.999289999999999567e-01 1.184499999999999963e-02 1.618999999999999996e-03
1.400000000000000000e+01 8.000000000000000000e+01 5.500000000000000000e+01 0.000000000000000000e+00 1.600000000000000089e+00 -1.355079999999999896e-01 -6.121079999999999854e-01 -7.790780000000000483e-01 -1.047820000000000001e-01 -7.730669999999999487e-01 6.256099999999999994e-01 -9.852199999999999847e-01 1.664090000000000014e-01 4.061900000000000233e-02
2.500000000000000000e+01 5.500000000000000000e+01 5.800000000000000000e+01 0.000000000000000000e+00 1.600000000000000089e+00 7.482180000000000497e-01 4.420990000000000197e-01 -4.946909999999999918e-01 6.137329999999999730e-01 -7.444260000000000321e-01 2.629850000000000243e-01 -2.519950000000000245e-01 -5.003790000000000182e-01 -8.283230000000000315e-01
1.000000000000000000e+00 2.100000000000000000e+01 6.000000000000000000e+01 0.000000000000000000e+00 1.600000000000000089e+00 -1.132999999999999893e-03 -1.084000000000000068e-02 9.999409999999999688e-01 -9.641600000000000170e-02 9.952839999999999465e-01 1.068000000000000026e-02 -9.953410000000000313e-01 -9.639799999999999758e-02 -2.173000000000000018e-03
1.000000000000000000e+01 2.100000000000000000e+01 6.000000000000000000e+01 0.000000000000000000e+00 1.600000000000000089e+00 -1.330000000000000073e-04 -7.861999999999999197e-03 9.999689999999999968e-01 -9.814399999999999513e-02 9.951419999999999710e-01 7.811000000000000235e-03 -9.951719999999999455e-01 -9.814000000000000501e-02 -9.039999999999999642e-04
1.700000000000000000e+01 2.100000000000000000e+01 6.000000000000000000e+01 0.000000000000000000e+00 1.600000000000000089e+00 2.965000000000000187e-03 -1.534999999999999906e-03 9.999940000000000495e-01 -9.881600000000000106e-02 9.951039999999999885e-01 1.820000000000000003e-03 -9.951010000000000133e-01 -9.882100000000000606e-02 2.798999999999999839e-03
