3.000000000000000000e+00 1.500000000000000000e+01 4.000000000000000000e+00 0.000000000000000000e+00 1.600000000000000089e+00 -2.677999999999999825e-03 6.299999999999999990e-05 9.999959999999999960e-01 3.317510000000000181e-01 -9.433660000000000379e-01 9.479999999999999495e-04 9.433629999999999516e-01 3.317530000000000201e-01 2.504999999999999848e-03
6.000000000000000000e+00 1.500000000000000000e+01 4.000000000000000000e+00 0.000000000000000000e+00 1.600000000000000089e+00 -8.750000000000000182e-04 2.935999999999999808e-03 9.999949999999999672e-01 3.272720000000000073e-01 -9.449250000000000149e-01 3.060999999999999919e-03 9.449300000000000477e-01 3.272729999999999806e-01 -1.340000000000000045e-04
1.100000000000000000e+01 1.500000000000000000e+01 4.000000000000000000e+00 0.000000000000000000e+00 1.600000000000000089e+00 7.360000000000000006e-04 6.581000000000000044e-03 9.999780000000000335e-01 3.245720000000000272e-01 -9.458419999999999606e-01 5.984999999999999869e-03 9.458609999999999518e-01 3.245600000000000152e-01 -2.831999999999999882e-03
1.300000000000000000e+01 1.500000000000000000e+01 4.000000000000000000e+00 0.000000000000000000e+00 1.600000000000000089e+00 2.539999999999999940e-04 1.070300000000000071e-02 9.999430000000000263e-01 3.223840000000000039e-01 -9.465559999999999530e-01 1.004999999999999991e-02 9.466090000000000337e-01 3.223630000000000106e-01 -3.690999999999999837e-03
1.700000000000000000e+01 1.500000000000000000e+01 4.000000000000000000e+00 0.000000000000000000e+00 1.600000000000000089e+00 1.168999999999999900e-03 1.282900000000000013e-02 9.999169999999999447e-01 3.189440000000000053e-01 -9.476999999999999869e-01 1.178599999999999960e-02 9.477729999999999766e-01 3.189040000000000208e-01 -5.199999999999999761e-03
2.600000000000000000e+01 1.500000000000000000e+01 4.000000000000000000e+00 0.000000000000000000e+00 1.600000000000000089e+00 2.451000000000000054e-03 1.065299999999999928e-02 9.999400000000000510e-01 3.197900000000000187e-01 -9.474430000000000351e-01 9.310000000000000567e-03 9.474850000000000216e-01 3.197479999999999767e-01 -5.728999999999999718e-03
2.400000000000000000e+01 7.400000000000000000e+01 4.000000000000000000e+00 0.000000000000000000e+00 1.600000000000000089e+00 -8.810710000000000486e-01 -3.777860000000000107e-01 2.845900000000000096e-01 -3.994619999999999838e-01 9.165309999999999846e-01 -2.003500000000000072e-02 -2.532670000000000199e-01 -1.313350000000000073e-01 -9.584399999999999586e-01
5.000000000000000000e+00 4.000000000000000000e+00 5.000000000000000000e+00 0.000000000000000000e+00 1.600000000000000089e+00 6.139999999999999625e-04 3.324999999999999831e-03 9.999940000000000495e-01 2.318550000000000055e-01 -9.727459999999999996e-01 3.092000000000000130e-03 9.727500000000000036e-01 2.318510000000000015e-01 -1.368000000000000075e-03
5.000000000000000000e+00 1.010000000000000000e+02 7.000000000000000000e+00 0.000000000000000000e+00 1.600000000000000089e+00 -3.579999999999999741e-04 5.903000000000000261e-03 9.999829999999999552e-01 8.846349999999999492e-01 4.662780000000000258e-01 -2.435999999999999797e-03 -4.662839999999999763e-01 8.846190000000000442e-01 -5.388999999999999693e-03
1.900000000000000000e+01 1.010000000000000000e+02 7.000000000000000000e+00 0.000000000000000000e+00 1.600000000000000089e+00 -1.556000000000000091e-03 -1.064700000000000021e-02 9.999419999999999975e-01 8.829110000000000014e-01 4.694980000000000264e-01 6.373000000000000193e-03 -4.695389999999999842e-01 8.828690000000000149e-01 8.670000000000000623e-03
2.600000000000000000e+01 1.010000000000000000e+02 7.000000000000000000e+00 0.000000000000000000e+00 1.600000000000000089e+00 2.896999999999999836e-03 -3.776000000000000190e-02 9.992830000000000323e-01 8.843769999999999687e-01 4.665309999999999735e-01 1.506500000000000027e-02 -4.667649999999999855e-01 8.836990000000000123e-01 3.474599999999999911e-02
1.000000000000000000e+00 2.500000000000000000e+01 8.000000000000000000e+00 0.000000000000000000e+00 1.600000000000000089e+00 -1.019999999999999992e-04 8.679999999999999565e-04 -1.000000000000000000e+00 4.466510000000000202e-01 8.947079999999999478e-01 7.309999999999999875e-04 8.947079999999999478e-01 -4.466510000000000202e-01 -4.789999999999999879e-04
4.000000000000000000e+00 2.500000000000000000e+01 8.000000000000000000e+00 0.000000000000000000e+00 1.600000000000000089e+00 -6.729999999999999871e-04 -2.024999999999999890e-03 -9.999980000000000535e-01 4.457550000000000123e-01 8.951519999999999477e-01 -2.112999999999999861e-03 8.951550000000000340e-01 -4.457559999999999856e-01 2.999999999999999737e-04
8.000000000000000000e+00 2.500000000000000000e+01 8.000000000000000000e+00 0.000000000000000000e+00 1.600000000000000089e+00 -2.982999999999999974e-03 -3.298000000000000150e-03 -9.999900000000000455e-01 4.456399999999999806e-01 8.952020000000000532e-01 -4.282000000000000216e-03 8.952080000000000037e-01 -4.456479999999999886e-01 -1.201000000000000028e-03
1.300000000000000000e+01 2.500000000000000000e+01 8.000000000000000000e+00 0.000000000000000000e+00 1.600000000000000089e+00 -3.749000000000000162e-03 -7.609000000000000312e-03 -9.999639999999999640e-01 4.476999999999999869e-01 8.941440000000000499e-01 -8.481999999999999956e-03 8.941759999999999708e-01 -4.477160000000000029e-01 5.399999999999999798e-05
1.700000000000000000e+01 2.500000000000000000e+01 8.000000000000000000e+00 0.000000000000000000e+00 1.600000000000000089e+00 -2.226999999999999813e-03 -4.519999999999999712e-03 -9.999869999999999592e-01 4.491490000000000204e-01 8.934419999999999584e-01 -5.039000000000000076e-03 8.934539999999999704e-01 -4.491550000000000264e-01 4.000000000000000327e-05
2.200000000000000000e+01 2.500000000000000000e+01 8.000000000000000000e+00 0.000000000000000000e+00 1.600000000000000089e+00 -2.105000000000000100e-03 -8.281000000000000166e-03 -9.999639999999999640e-01 4.494469999999999854e-01 8.932679999999999509e-01 -8.342999999999999722e-03 8.933050000000000157e-01 -4.494480000000000142e-01 1.842000000000000104e-03
2.000000000000000000e+00 2.400000000000000000e+01 9.000000000000000000e+00 0.000000000000000000e+00 1.600000000000000089e+00 1.530000000000000056e-04 -1.258999999999999920e-03 -9.999989999999999712e-01 4.488329999999999820e-01 8.936150000000000482e-01 -1.056000000000000081e-03 8.936159999999999659e-01 -4.488320000000000087e-01 7.020000000000000415e-04
8.000000000000000000e+00 2.400000000000000000e+01 9.000000000000000000e+00 0.000000000000000000e+00 1.600000000000000089e+00 -2.896000000000000137e-03 -4.021000000000000268e-03 -9.999879999999999880e-01 4.485319999999999863e-01 8.937540000000000484e-01 -4.892999999999999780e-03 8.937619999999999454e-01 -4.485399999999999943e-01 -7.849999999999999990e-04
1.300000000000000000e+01 2.400000000000000000e+01 9.000000000000000000e+00 0.000000000000000000e+00 1.600000000000000089e+00 -3.739000000000000136e-03 -7.455999999999999954e-03 -9.999649999999999928e-01 4.507010000000000183e-01 8.926359999999999850e-01 -8.340999999999999456e-03 8.926669999999999883e-01 -4.507160000000000055e-01 2.300000000000000002e-05
1.800000000000000000e+01 2.400000000000000000e+01 9.000000000000000000e+00 0.000000000000000000e+00 1.600000000000000089e+00 -1.624999999999999925e-03 -4.791000000000000120e-03 -9.999869999999999592e-01 4.519389999999999796e-01 8.920350000000000223e-01 -5.008000000000000299e-03 8.920470000000000343e-01 -4.519409999999999816e-01 7.159999999999999481e-04
2.300000000000000000e+01 2.400000000000000000e+01 9.000000000000000000e+00 0.000000000000000000e+00 1.600000000000000089e+00 -2.000000000000000042e-03 -1.088500000000000058e-02 -9.999390000000000223e-01 4.517129999999999757e-01 8.921000000000000041e-01 -1.061499999999999944e-02 8.921609999999999818e-01 -4.517070000000000252e-01 3.132999999999999934e-03
2.700000000000000000e+01 2.400000000000000000e+01 9.000000000000000000e+00 0.000000000000000000e+00 1.600000000000000089e+00 -1.595999999999999979e-03 -7.884999999999999648e-03 -9.999679999999999680e-01 4.543519999999999781e-01 8.907880000000000242e-01 -7.748999999999999812e-03 8.908209999999999740e-01 -4.543499999999999761e-01 2.161000000000000160e-03
5.000000000000000000e+00 3.100000000000000000e+01 1.200000000000000000e+01 0.000000000000000000e+00 1.600000000000000089e+00 1.820000000000000057e-04 -3.139999999999999888e-04 1.000000000000000000e+00 -2.357999999999999853e-03 9.999970000000000248e-01 3.150000000000000131e-04 -9.999970000000000248e-01 -2.357999999999999853e-03 1.820000000000000057e-04
2.100000000000000000e+01 3.100000000000000000e+01 1.200000000000000000e+01 0.000000000000000000e+00 1.600000000000000089e+00 1.050000000000000044e-04 -1.853000000000000046e-03 9.999980000000000535e-01 -1.326500000000000075e-02 9.999099999999999655e-01 1.853999999999999962e-03 -9.999120000000000230e-01 -1.326500000000000075e-02 8.100000000000000375e-05
1.900000000000000000e+01 3.500000000000000000e+01 1.200000000000000000e+01 0.000000000000000000e+00 1.600000000000000089e+00 -1.039999999999999936e-04 -5.577999999999999625e-03 -9.999839999999999840e-01 4.933710000000000040e-01 -8.698059999999999681e-01 4.800999999999999712e-03 -8.698190000000000088e-01 -4.933629999999999960e-01 2.843000000000000041e-03
2.500000000000000000e+01 3.500000000000000000e+01 1.200000000000000000e+01 0.000000000000000000e+00 1.600000000000000089e+00 1.806000000000000097e-03 -2.961999999999999789e-03 -9.999940000000000495e-01 4.779829999999999912e-01 -8.783619999999999761e-01 3.465000000000000198e-03 -8.783670000000000089e-01 -4.779869999999999952e-01 -1.710000000000000094e-04
2.900000000000000000e+01 3.500000000000000000e+01 1.200000000000000000e+01 0.000000000000000000e+00 1.600000000000000089e+00 1.415999999999999941e-03 -1.029000000000000054e-02 -9.999460000000000015e-01 4.687279999999999780e-01 -8.832889999999999908e-01 9.754000000000000517e-03 -8.833410000000000428e-01 -4.687169999999999948e-01 3.572000000000000088e-03
2.200000000000000000e+01 7.300000000000000000e+01 1.300000000000000000e+01 0.000000000000000000e+00 1.600000000000000089e+00 -9.139450000000000074e-01 -2.219160000000000021e-01 3.397899999999999809e-01 -3.372189999999999910e-01 8.810970000000000191e-01 -3.315890000000000226e-01 -2.258030000000000037e-01 -4.176380000000000092e-01 -8.801090000000000302e-01
2.000000000000000000e+00 1.160000000000000000e+02 1.600000000000000000e+01 0.000000000000000000e+00 1.600000000000000089e+00 -5.055999999999999731e-03 -6.486999999999999711e-03 9.999660000000000215e-01 6.990939999999999932e-01 7.149830000000000352e-01 8.172999999999999710e-03 -7.150119999999999809e-01 6.991119999999999557e-01 9.200000000000000278e-04
3.000000000000000000e+00 2.000000000000000000e+00 1.900000000000000000e+01 0.000000000000000000e+00 1.600000000000000089e+00 5.159999999999999656e-04 -2.639700000000000032e-02 -9.996509999999999563e-01 1.967740000000000045e-01 -9.801050000000000040e-01 2.598200000000000162e-02 -9.804490000000000149e-01 -1.967190000000000050e-01 4.688999999999999592e-03
8.000000000000000000e+00 2.000000000000000000e+00 1.900000000000000000e+01 0.000000000000000000e+00 1.600000000000000089e+00 4.220000000000000118e-04 -6.464000000000000128e-03 -9.999789999999999512e-01 2.062930000000000041e-01 -9.784690000000000332e-01 6.413000000000000297e-03 -9.784899999999999709e-01 -2.062910000000000021e-01 9.210000000000000521e-04
1.400000000000000000e+01 2.000000000000000000e+00 1.900000000000000000e+01 0.000000000000000000e+00 1.600000000000000089e+00 1.877999999999999895e-03 1.568400000000000002e-02 -9.998749999999999583e-01 2.038699999999999957e-01 -9.788839999999999764e-01 -1.497099999999999993e-02 -9.789959999999999773e-01 -2.038159999999999972e-01 -5.035999999999999678e-03
1.700000000000000000e+01 2.000000000000000000e+00 1.900000000000000000e+01 0.000000000000000000e+00 1.600000000000000089e+00 1.270000000000000078e-03 2.510099999999999831e-02 -9.996840000000000170e-01 1.981159999999999866e-01 -9.798759999999999692e-01 -2.435199999999999865e-02 -9.801779999999999937e-01 -1.980230000000000046e-01 -6.217000000000000304e-03
2.400000000000000000e+01 2.000000000000000000e+00 1.900000000000000000e+01 0.000000000000000000e+00 1.600000000000000089e+00 -3.144999999999999792e-03 1.513899999999999968e-02 -9.998799999999999910e-01 1.854729999999999990e-01 -9.825279999999999569e-01 -1.545900000000000052e-02 -9.826439999999999619e-01 -1.854999999999999982e-01 2.820000000000000241e-04
9.000000000000000000e+00 4.000000000000000000e+00 2.000000000000000000e+01 0.000000000000000000e+00 1.600000000000000089e+00 -1.038999999999999993e-03 -5.172000000000000382e-03 -9.999860000000000415e-01 3.256379999999999830e-01 -9.454839999999999911e-01 4.551999999999999623e-03 -9.454939999999999456e-01 -3.256279999999999730e-01 2.667000000000000100e-03
1.400000000000000000e+01 4.000000000000000000e+00 2.000000000000000000e+01 0.000000000000000000e+00 1.600000000000000089e+00 7.720000000000000083e-04 1.434299999999999985e-02 -9.998970000000000358e-01 3.217679999999999985e-01 -9.467250000000000387e-01 -1.333200000000000010e-02 -9.468180000000000485e-01 -3.217240000000000100e-01 -5.346000000000000058e-03
1.300000000000000000e+01 1.300000000000000000e+01 2.000000000000000000e+01 0.000000000000000000e+00 1.600000000000000089e+00 -3.119999999999999944e-04 -1.198000000000000063e-03 9.999989999999999712e-01 2.672709999999999808e-01 9.636209999999999498e-01 1.237999999999999951e-03 -9.636209999999999498e-01 2.672709999999999808e-01 2.000000000000000164e-05
1.600000000000000000e+01 1.300000000000000000e+01 2.000000000000000000e+01 0.000000000000000000e+00 1.600000000000000089e+00 1.745000000000000023e-03 7.283000000000000411e-03 9.999719999999999720e-01 2.652939999999999743e-01 9.641389999999999683e-01 -7.485000000000000334e-03 -9.641659999999999675e-01 2.652990000000000070e-01 -2.500000000000000052e-04
2.200000000000000000e+01 1.300000000000000000e+01 2.000000000000000000e+01 0.000000000000000000e+00 1.600000000000000089e+00 3.130000000000000187e-04 -2.791000000000000078e-03 9.999959999999999960e-01 2.604739999999999833e-01 9.654770000000000296e-01 2.612999999999999871e-03 -9.654810000000000336e-01 2.604719999999999813e-01 1.028999999999999967e-03
2.600000000000000000e+01 1.300000000000000000e+01 2.000000000000000000e+01 0.000000000000000000e+00 1.600000000000000089e+00 1.788000000000000093e-03 -4.409999999999999858e-04 9.999980000000000535e-01 2.595709999999999962e-01 9.657240000000000268e-01 -3.800000000000000209e-05 -9.657219999999999693e-01 2.595709999999999962e-01 1.840999999999999972e-03
2.900000000000000000e+01 1.300000000000000000e+01 2.000000000000000000e+01 0.000000000000000000e+00 1.600000000000000089e+00 2.655999999999999941e-03 2.356000000000000021e-03 9.999940000000000495e-01 2.576660000000000061e-01 9.662290000000000045e-01 -2.961000000000000090e-03 -9.662300000000000333e-01 2.576720000000000121e-01 1.958999999999999804e-03
4.000000000000000000e+00 3.000000000000000000e+00 2.500000000000000000e+01 0.000000000000000000e+00 1.600000000000000089e+00 -8.129000000000000808e-03 -2.764600000000000043e-02 9.995849999999999458e-01 -8.938000000000000111e-02 -9.955969999999999542e-01 -2.826199999999999893e-02 9.959639999999999604e-01 -8.957199999999999884e-02 5.622000000000000261e-03
9.000000000000000000e+00 3.000000000000000000e+00 2.500000000000000000e+01 0.000000000000000000e+00 1.600000000000000089e+00 -3.956000000000000315e-03 -6.341000000000000282e-03 9.999719999999999720e-01 -9.951000000000000123e-02 -9.950139999999999540e-01 -6.702999999999999757e-03 9.950290000000000523e-01 -9.953399999999999748e-02 3.305000000000000212e-03
1.400000000000000000e+01 3.000000000000000000e+00 2.500000000000000000e+01 0.000000000000000000e+00 1.600000000000000089e+00 2.197000000000000168e-03 1.379400000000000071e-02 9.999019999999999575e-01 -9.352800000000000002e-02 -9.955190000000000428e-01 1.393900000000000000e-02 9.956139999999999990e-01 -9.354899999999999327e-02 -8.970000000000000109e-04
1.700000000000000000e+01 3.000000000000000000e+00 2.500000000000000000e+01 0.000000000000000000e+00 1.600000000000000089e+00 3.830000000000000071e-03 1.787599999999999953e-02 9.998329999999999718e-01 -8.784000000000000141e-02 -9.959689999999999932e-01 1.814299999999999941e-02 9.961269999999999847e-01 -8.789500000000000091e-02 -2.243999999999999901e-03
2.300000000000000000e+01 3.000000000000000000e+00 2.500000000000000000e+01 0.000000000000000000e+00 1.600000000000000089e+00 3.853999999999999787e-03 1.871499999999999900e-02 9.998169999999999558e-01 -6.958899999999999808e-02 -9.973959999999999493e-01 1.893799999999999997e-02 9.975680000000000103e-01 -6.964900000000000257e-02 -2.541999999999999989e-03
2.600000000000000000e+01 3.000000000000000000e+00 2.500000000000000000e+01 0.000000000000000000e+00 1.600000000000000089e+00 4.008000000000000278e-03 1.876699999999999896e-02 9.998160000000000380e-01 -6.338100000000000678e-02 -9.978089999999999460e-01 1.898299999999999987e-02 9.979810000000000070e-01 -6.344600000000000239e-02 -2.809999999999999998e-03
3.000000000000000000e+00 4.600000000000000000e+01 2.700000000000000000e+01 0.000000000000000000e+00 1.600000000000000089e+00 -1.373000000000000088e-03 -2.004000000000000139e-03 -9.999970000000000248e-01 6.762049999999999450e-01 7.367099999999999760e-01 -2.403999999999999887e-03 7.367129999999999512e-01 -6.762059999999999738e-01 3.429999999999999889e-04
1.000000000000000000e+01 4.600000000000000000e+01 2.700000000000000000e+01 0.000000000000000000e+00 1.600000000000000089e+00 -2.660000000000000146e-04 -1.404999999999999999e-03 -9.999989999999999712e-01 6.751479999999999704e-01 7.376819999999999489e-01 -1.216000000000000067e-03 7.376829999999999776e-01 -6.751470000000000526e-01 7.519999999999999558e-04
1.400000000000000000e+01 4.600000000000000000e+01 2.700000000000000000e+01 0.000000000000000000e+00 1.600000000000000089e+00 -6.019999999999999961e-04 -2.053000000000000137e-03 -9.999980000000000535e-01 6.703890000000000127e-01 7.420069999999999721e-01 -1.926999999999999894e-03 7.420090000000000297e-01 -6.703890000000000127e-01 9.290000000000000297e-04
2.500000000000000000e+01 4.600000000000000000e+01 2.700000000000000000e+01 0.000000000000000000e+00 1.600000000000000089e+00 -2.130000000000000003e-04 1.350000000000000017e-04 -1.000000000000000000e+00 6.632249999999999535e-01 7.484199999999999742e-01 -4.000000000000000327e-05 7.484199999999999742e-01 -6.632249999999999535e-01 -2.489999999999999809e-04
4.000000000000000000e+00 4.600000000000000000e+01 3.000000000000000000e+01 0.000000000000000000e+00 1.600000000000000089e+00 -4.380000000000000213e-04 -1.907000000000000058e-03 -9.999980000000000535e-01 3.296569999999999778e-01 9.440990000000000215e-01 -1.944999999999999897e-03 9.441009999999999680e-01 -3.296569999999999778e-01 2.149999999999999947e-04
1.900000000000000000e+01 4.600000000000000000e+01 3.000000000000000000e+01 0.000000000000000000e+00 1.600000000000000089e+00 6.589999999999999721e-04 9.529999999999999626e-04 -9.999989999999999712e-01 3.201919999999999766e-01 9.473519999999999719e-01 1.113999999999999973e-03 9.473519999999999719e-01 -3.201930000000000054e-01 3.190000000000000019e-04
2.600000000000000000e+01 4.600000000000000000e+01 3.000000000000000000e+01 0.000000000000000000e+00 1.600000000000000089e+00 1.299999999999999920e-05 3.499999999999999693e-05 -1.000000000000000000e+00 3.197510000000000074e-01 9.475019999999999554e-01 3.800000000000000209e-05 9.475019999999999554e-01 -3.197510000000000074e-01 9.999999999999999547e-07
3.000000000000000000e+00 5.800000000000000000e+01 3.100000000000000000e+01 0.000000000000000000e+00 1.600000000000000089e+00 1.358999999999999965e-03 1.230000000000000082e-04 9.999989999999999712e-01 -7.970169999999999755e-01 -6.039550000000000196e-01 1.157999999999999958e-03 6.039550000000000196e-01 -7.970180000000000042e-01 -7.230000000000000098e-04
7.000000000000000000e+00 5.800000000000000000e+01 3.100000000000000000e+01 0.000000000000000000e+00 1.600000000000000089e+00 -5.969999999999999829e-04 -1.683999999999999950e-03 9.999980000000000535e-01 -7.973639999999999617e-01 -6.034969999999999501e-01 -1.492000000000000054e-03 6.034979999999999789e-01 -7.973639999999999617e-01 -9.820000000000000170e-04
1.000000000000000000e+01 5.800000000000000000e+01 3.100000000000000000e+01 0.000000000000000000e+00 1.600000000000000089e+00 -3.419000000000000164e-03 -5.147999999999999798e-03 9.999810000000000088e-01 -7.984179999999999611e-01 -6.020759999999999446e-01 -5.828999999999999980e-03 6.020940000000000181e-01 -7.984219999999999651e-01 -2.052000000000000005e-03
1.500000000000000000e+01 5.800000000000000000e+01 3.100000000000000000e+01 0.000000000000000000e+00 1.600000000000000089e+00 -6.329999999999999906e-04 -4.494999999999999864e-03 9.999900000000000455e-01 -7.958070000000000421e-01 -6.055420000000000247e-01 -3.226000000000000135e-03 6.055500000000000327e-01 -7.958009999999999806e-01 -3.193999999999999791e-03
2.000000000000000000e+01 5.800000000000000000e+01 3.100000000000000000e+01 0.000000000000000000e+00 1.600000000000000089e+00 5.133000000000000410e-03 4.061000000000000373e-03 9.999789999999999512e-01 -7.858150000000000412e-01 -6.184269999999999490e-01 6.544999999999999603e-03 6.184399999999999897e-01 -7.858319999999999750e-01 1.699999999999999987e-05
2.600000000000000000e+01 5.800000000000000000e+01 3.100000000000000000e+01 0.000000000000000000e+00 1.600000000000000089e+00 7.879999999999999635e-04 2.599999999999999772e-04 1.000000000000000000e+00 -7.775900000000000034e-01 -6.287709999999999688e-01 7.759999999999999971e-04 6.287709999999999688e-01 -7.775910000000000322e-01 -2.930000000000000204e-04
5.000000000000000000e+00 1.800000000000000000e+01 3.400000000000000000e+01 0.000000000000000000e+00 1.600000000000000089e+00 -1.533999999999999990e-03 -5.995999999999999594e-03 -9.999810000000000088e-01 -3.105820000000000247e-01 -9.505259999999999820e-01 6.176000000000000066e-03 -9.505449999999999733e-01 3.105859999999999732e-01 -4.040000000000000080e-04
1.000000000000000000e+01 1.800000000000000000e+01 3.400000000000000000e+01 0.000000000000000000e+00 1.600000000000000089e+00 -4.470000000000000232e-04 -2.175999999999999983e-03 -9.999970000000000248e-01 -3.062790000000000235e-01 -9.519389999999999796e-01 2.209000000000000026e-03 -9.519419999999999549e-01 3.062790000000000235e-01 -2.410000000000000033e-04
3.000000000000000000e+00 4.600000000000000000e+01 3.500000000000000000e+01 0.000000000000000000e+00 1.600000000000000089e+00 1.381000000000000066e-03 -1.272200000000000067e-02 -9.999179999999999735e-01 3.907889999999999975e-01 -9.203989999999999672e-01 1.225000000000000047e-02 -9.204790000000000472e-01 -3.907740000000000102e-01 3.700000000000000164e-03
8.000000000000000000e+00 4.600000000000000000e+01 3.500000000000000000e+01 0.000000000000000000e+00 1.600000000000000089e+00 1.046999999999999971e-03 -6.688000000000000368e-03 -9.999770000000000048e-01 3.920029999999999903e-01 -9.199410000000000087e-01 6.564000000000000390e-03 -9.199629999999999752e-01 -3.920009999999999883e-01 1.657999999999999969e-03
1.100000000000000000e+01 4.600000000000000000e+01 3.500000000000000000e+01 0.000000000000000000e+00 1.600000000000000089e+00 -5.599999999999999509e-04 -1.379999999999999933e-03 -9.999989999999999712e-01 3.930089999999999972e-01 -9.195339999999999625e-01 1.049000000000000019e-03 -9.195339999999999625e-01 -3.930080000000000240e-01 1.056999999999999997e-03
1.700000000000000000e+01 4.600000000000000000e+01 3.500000000000000000e+01 0.000000000000000000e+00 1.600000000000000089e+00 1.075999999999999917e-03 -5.974000000000000143e-03 -9.999820000000000375e-01 3.915219999999999811e-01 -9.201500000000000234e-01 5.917999999999999650e-03 -9.201679999999999859e-01 -3.915210000000000079e-01 1.348999999999999939e-03
2.100000000000000000e+01 4.600000000000000000e+01 3.500000000000000000e+01 0.000000000000000000e+00 1.600000000000000089e+00 5.090000000000000123e-04 -1.864999999999999904e-03 -9.999980000000000535e-01 3.910509999999999819e-01 -9.203670000000000462e-01 1.915999999999999951e-03 -9.203689999999999927e-01 -3.910520000000000107e-01 2.610000000000000015e-04
2.700000000000000000e+01 4.600000000000000000e+01 3.500000000000000000e+01 0.000000000000000000e+00 1.600000000000000089e+00 -5.999999999999999474e-04 1.595999999999999979e-03 -9.999989999999999712e-01 3.911519999999999997e-01 -9.203249999999999487e-01 -1.703000000000000087e-03 -9.203259999999999774e-01 -3.911519999999999997e-01 -7.200000000000000182e-05
8.000000000000000000e+00 9.500000000000000000e+01 3.600000000000000000e+01 0.000000000000000000e+00 1.600000000000000089e+00 4.229000000000000120e-03 -1.602599999999999858e-02 9.998629999999999463e-01 9.972600000000000353e-01 7.390800000000000147e-02 -3.033000000000000106e-03 -7.384999999999999898e-02 9.971360000000000223e-01 1.629399999999999946e-02
1.200000000000000000e+01 9.500000000000000000e+01 3.600000000000000000e+01 0.000000000000000000e+00 1.600000000000000089e+00 1.482000000000000027e-03 -5.870999999999999830e-02 9.982739999999999947e-01 9.971470000000000056e-01 7.542999999999999705e-02 2.955999999999999860e-03 -7.547299999999999842e-02 9.954210000000000003e-01 5.865399999999999781e-02
5.000000000000000000e+00 2.900000000000000000e+01 4.400000000000000000e+01 0.000000000000000000e+00 1.600000000000000089e+00 -7.780000000000000457e-04 -2.475999999999999902e-03 -9.999970000000000248e-01 6.665480000000000294e-01 7.454579999999999540e-01 -2.364000000000000216e-03 7.454610000000000403e-01 -6.665480000000000294e-01 1.070999999999999903e-03
9.000000000000000000e+00 2.900000000000000000e+01 4.400000000000000000e+01 0.000000000000000000e+00 1.600000000000000089e+00 4.920000000000000328e-04 1.093000000000000005e-03 -9.999989999999999712e-01 6.697910000000000252e-01 7.425490000000000146e-01 1.142000000000000003e-03 7.425500000000000433e-01 -6.697910000000000252e-01 -3.669999999999999760e-04
1.200000000000000000e+01 2.900000000000000000e+01 4.400000000000000000e+01 0.000000000000000000e+00 1.600000000000000089e+00 1.910999999999999938e-03 1.881000000000000076e-03 -9.999959999999999960e-01 6.666539999999999688e-01 7.453619999999999690e-01 2.675999999999999993e-03 7.453650000000000553e-01 -6.666570000000000551e-01 1.710000000000000094e-04
1.600000000000000000e+01 2.900000000000000000e+01 4.400000000000000000e+01 0.000000000000000000e+00 1.600000000000000089e+00 1.348000000000000023e-03 2.719999999999999979e-04 -9.999989999999999712e-01 6.550789999999999669e-01 7.555600000000000094e-01 1.087999999999999991e-03 7.555600000000000094e-01 -6.550789999999999669e-01 8.400000000000000348e-04
2.000000000000000000e+01 2.900000000000000000e+01 4.400000000000000000e+01 0.000000000000000000e+00 1.600000000000000089e+00 -6.660000000000000338e-04 -1.461999999999999975e-03 -9.999989999999999712e-01 6.507230000000000514e-01 7.593140000000000445e-01 -1.543000000000000101e-03 7.593149999999999622e-01 -6.507230000000000514e-01 4.459999999999999989e-04
2.800000000000000000e+01 2.900000000000000000e+01 4.400000000000000000e+01 0.000000000000000000e+00 1.600000000000000089e+00 6.199999999999999999e-04 1.355000000000000085e-03 -9.999989999999999712e-01 6.478009999999999602e-01 7.618080000000000407e-01 1.433999999999999945e-03 7.618089999999999584e-01 -6.478009999999999602e-01 -4.060000000000000024e-04
2.000000000000000000e+00 6.000000000000000000e+00 5.100000000000000000e+01 0.000000000000000000e+00 1.600000000000000089e+00 -2.572000000000000067e-03 -7.742999999999999883e-03 -9.999670000000000503e-01 3.219489999999999852e-01 -9.467349999999999932e-01 6.503000000000000100e-03 -9.467539999999999845e-01 -3.219210000000000127e-01 4.928000000000000089e-03
1.600000000000000000e+01 6.000000000000000000e+00 5.100000000000000000e+01 0.000000000000000000e+00 1.600000000000000089e+00 3.848999999999999991e-03 1.581400000000000167e-02 -9.998679999999999790e-01 3.097460000000000213e-01 -9.507189999999999808e-01 -1.384499999999999967e-02 -9.508119999999999905e-01 -3.096519999999999828e-01 -8.557000000000000370e-03
1.700000000000000000e+01 7.000000000000000000e+00 5.200000000000000000e+01 0.000000000000000000e+00 1.600000000000000089e+00 9.480000000000000579e-03 1.461699999999999978e-02 -9.998479999999999590e-01 9.926500000000000601e-02 -9.949679999999999636e-01 -1.360500000000000077e-02 -9.950160000000000116e-01 -9.912100000000000077e-02 -1.088300000000000031e-02
2.100000000000000000e+01 7.000000000000000000e+00 5.200000000000000000e+01 0.000000000000000000e+00 1.600000000000000089e+00 6.540999999999999939e-03 9.414999999999999758e-03 -9.999339999999999895e-01 9.421799999999999620e-02 -9.955129999999999812e-01 -8.758000000000000160e-03 -9.955300000000000260e-01 -9.415500000000000258e-02 -7.399000000000000195e-03
7.000000000000000000e+00 6.300000000000000000e+01 5.400000000000000000e+01 0.000000000000000000e+00 1.600000000000000089e+00 1.018999999999999941e-03 1.550000000000000000e-04 9.999989999999999712e-01 -3.349670000000000147e-01 9.422300000000000120e-01 1.949999999999999965e-04 -9.422289999999999832e-01 -3.349670000000000147e-01 1.012000000000000096e-03
1.600000000000000000e+01 6.300000000000000000e+01 5.400000000000000000e+01 0.000000000000000000e+00 1.600000000000000089e+00 6.792000000000000294e-03 4.307000000000000065e-03 9.999679999999999680e-01 -3.422390000000000154e-01 9.396109999999999740e-01 -1.722000000000000006e-03 -9.395879999999999788e-01 -3.422160000000000202e-01 7.856000000000000136e-03
2.700000000000000000e+01 6.300000000000000000e+01 5.400000000000000000e+01 0.000000000000000000e+00 1.600000000000000089e+00 3.827000000000000107e-03 2.559000000000000077e-03 9.999890000000000168e-01 -3.183099999999999818e-01 9.479859999999999953e-01 -1.206999999999999957e-03 -9.479790000000000161e-01 -3.183019999999999738e-01 4.442999999999999901e-03
2.600000000000000000e+01 2.500000000000000000e+01 5.500000000000000000e+01 0.000000000000000000e+00 1.600000000000000089e+00 2.059999999999999928e-04 -6.279999999999999992e-03 -9.999799999999999800e-01 -1.115599999999999925e-02 -9.999179999999999735e-01 6.276999999999999594e-03 -9.999379999999999935e-01 1.115400000000000072e-02 -2.759999999999999867e-04
3.000000000000000000e+01 2.500000000000000000e+01 5.500000000000000000e+01 0.000000000000000000e+00 1.600000000000000089e+00 -3.629999999999999872e-04 -1.414999999999999938e-02 -9.999000000000000110e-01 -1.291600000000000040e-02 -9.998160000000000380e-01 1.415399999999999991e-02 -9.999160000000000270e-01 1.291999999999999919e-02 1.800000000000000113e-04
6.000000000000000000e+00 2.100000000000000000e+01 6.000000000000000000e+01 0.000000000000000000e+00 1.600000000000000089e+00 -5.540000000000000219e-04 -8.706999999999999462e-03 9.999620000000000175e-01 -9.304199999999999970e-02 9.956249999999999822e-01 8.618000000000000660e-03 -9.956620000000000470e-01 -9.303300000000000458e-02 -1.361000000000000014e-03
1.000000000000000000e+01 2.100000000000000000e+01 6.000000000000000000e+01 0.000000000000000000e+00 1.600000000000000089e+00 -1.621000000000000045e-03 -6.603000000000000362e-03 9.999770000000000048e-01 -9.318500000000000394e-02 9.956279999999999575e-01 6.422999999999999890e-03 -9.956469999999999487e-01 -9.317300000000000582e-02 -2.230000000000000211e-03
1.600000000000000000e+01 2.100000000000000000e+01 6.000000000000000000e+01 0.000000000000000000e+00 1.600000000000000089e+00 -1.453999999999999997e-03 4.637999999999999762e-03 9.999879999999999880e-01 -9.584700000000000164e-02 9.953849999999999643e-01 -4.755999999999999811e-03 -9.953950000000000298e-01 -9.585200000000000664e-02 -1.002000000000000069e-03
2.100000000000000000e+01 2.100000000000000000e+01 6.000000000000000000e+01 0.000000000000000000e+00 1.600000000000000089e+00 1.353999999999999952e-03 1.072700000000000042e-02 9.999419999999999975e-01 -9.600599999999999412e-02 9.953250000000000153e-01 -1.054700000000000082e-02 -9.953800000000000425e-01 -9.598700000000000288e-02 2.377000000000000206e-03
2.500000000000000000e+01 2.100000000000000000e+01 6.000000000000000000e+01 0.000000000000000000e+00 1.600000000000000089e+00 2.736999999999999850e-03 -6.179999999999999513e-04 9.999959999999999960e-01 -9.420699999999999907e-02 9.955519999999999925e-01 8.729999999999999696e-04 -9.955490000000000173e-01 -9.420900000000000107e-02 2.667000000000000100e-03
1.500000000000000000e+01 8.200000000000000000e+01 6.200000000000000000e+01 0.000000000000000000e+00 1.600000000000000089e+00 6.359580000000000233e-01 -7.463459999999999539e-01 1.962780000000000080e-01 -6.464090000000000114e-01 -6.541059999999999652e-01 -3.928119999999999945e-01 4.215599999999999903e-01 1.229360000000000036e-01 -8.984290000000000331e-01
1.600000000000000000e+01 3.000000000000000000e+00 6.300000000000000000e+01 0.000000000000000000e+00 1.600000000000000089e+00 1.704999999999999918e-03 1.383299999999999981e-02 9.999029999999999863e-01 -6.250449999999999617e-01 7.805279999999999996e-01 -9.733000000000000332e-03 -7.805870000000000308e-01 -6.249670000000000503e-01 9.976999999999999758e-03
2.300000000000000000e+01 3.000000000000000000e+00 6.300000000000000000e+01 0.000000000000000000e+00 1.600000000000000089e+00 7.320000000000000118e-04 2.304000000000000058e-03 9.999970000000000248e-01 -6.174119999999999608e-01 7.866389999999999771e-01 -1.361000000000000014e-03 -7.866400000000000059e-01 -6.174089999999999856e-01 1.998000000000000210e-03
4.000000000000000000e+00 2.700000000000000000e+01 6.300000000000000000e+01 0.000000000000000000e+00 1.600000000000000089e+00 1.582999999999999989e-03 -4.623999999999999638e-03 9.999879999999999880e-01 -2.799159999999999981e-01 9.600119999999999765e-01 4.882000000000000055e-03 -9.600229999999999597e-01 -2.799200000000000021e-01 2.249999999999999938e-04
8.000000000000000000e+00 2.700000000000000000e+01 6.300000000000000000e+01 0.000000000000000000e+00 1.600000000000000089e+00 7.690000000000000438e-04 -3.312999999999999973e-03 9.999940000000000495e-01 -2.815869999999999762e-01 9.595299999999999940e-01 3.395000000000000014e-03 -9.595359999999999445e-01 -2.815880000000000050e-01 -1.949999999999999965e-04
1.400000000000000000e+01 2.700000000000000000e+01 6.300000000000000000e+01 0.000000000000000000e+00 1.600000000000000089e+00 -1.227999999999999925e-03 -3.047999999999999928e-03 9.999949999999999672e-01 -2.761799999999999811e-01 9.611030000000000406e-01 2.589999999999999854e-03 -9.611049999999999871e-01 -2.761750000000000038e-01 -2.021999999999999926e-03
1.700000000000000000e+01 2.700000000000000000e+01 6.300000000000000000e+01 0.000000000000000000e+00 1.600000000000000089e+00 2.339999999999999958e-04 1.530000000000000056e-04 1.000000000000000000e+00 -2.714039999999999786e-01 9.624650000000000150e-01 -8.299999999999999815e-05 -9.624650000000000150e-01 -2.714039999999999786e-01 2.669999999999999847e-04
2.400000000000000000e+01 2.700000000000000000e+01 6.300000000000000000e+01 0.000000000000000000e+00 1.600000000000000089e+00 2.230999999999999910e-03 6.710999999999999951e-03 9.999749999999999472e-01 -2.729190000000000227e-01 9.620189999999999575e-01 -5.846999999999999767e-03 -9.620339999999999447e-01 -2.728990000000000027e-01 3.977999999999999765e-03
4.000000000000000000e+00 2.600000000000000000e+01 6.400000000000000000e+01 0.000000000000000000e+00 1.600000000000000089e+00 2.700999999999999842e-03 -7.915999999999999426e-03 9.999649999999999928e-01 -3.631320000000000103e-01 9.316999999999999726e-01 8.356000000000000580e-03 -9.317339999999999511e-01 -3.631420000000000203e-01 -3.579999999999999741e-04
1.400000000000000000e+01 2.600000000000000000e+01 6.400000000000000000e+01 0.000000000000000000e+00 1.600000000000000089e+00 -2.135999999999999878e-03 -2.884999999999999978e-03 9.999940000000000495e-01 -3.567259999999999875e-01 9.342070000000000096e-01 1.933000000000000039e-03 -9.342059999999999809e-01 -3.567199999999999815e-01 -3.024000000000000212e-03
1.800000000000000000e+01 2.600000000000000000e+01 6.400000000000000000e+01 0.000000000000000000e+00 1.600000000000000089e+00 2.979999999999999793e-04 -1.051999999999999984e-03 9.999989999999999712e-01 -3.528180000000000205e-01 9.356910000000000505e-01 1.090000000000000040e-03 -9.356919999999999682e-01 -3.528180000000000205e-01 -9.299999999999999727e-05
2.500000000000000000e+01 2.600000000000000000e+01 6.400000000000000000e+01 0.000000000000000000e+00 1.600000000000000089e+00 1.603000000000000041e-03 8.708000000000000462e-03 9.999609999999999888e-01 -3.587529999999999886e-01 9.334019999999999539e-01 -7.552999999999999818e-03 -9.334310000000000107e-01 -3.587270000000000181e-01 4.619999999999999975e-03
1.000000000000000000e+01 8.200000000000000000e+01 7.000000000000000000e+01 0.000000000000000000e+00 1.600000000000000089e+00 7.524999999999999467e-01 -4.492349999999999954e-01 4.815929999999999933e-01 -5.073720000000000452e-01 -8.616570000000000062e-01 -1.098400000000000071e-02 4.199030000000000262e-01 -2.360810000000000131e-01 -8.763260000000000494e-01
9.000000000000000000e+00 7.100000000000000000e+01 7.200000000000000000e+01 0.000000000000000000e+00 1.600000000000000089e+00 4.393560000000000243e-01 -3.826700000000000240e-02 -8.974969999999999892e-01 8.847479999999999789e-01 1.914049999999999918e-01 4.249539999999999984e-01 1.555239999999999956e-01 -9.807649999999999979e-01 1.179520000000000013e-01
2.400000000000000000e+01 8.100000000000000000e+01 7.200000000000000000e+01 0.000000000000000000e+00 1.600000000000000089e+00 -6.798669999999999991e-01 -2.337269999999999903e-01 -6.950920000000000432e-01 -7.096679999999999655e-01 -2.916799999999999948e-02 7.039320000000000022e-01 -1.848029999999999951e-01 9.718649999999999789e-01 -1.460380000000000011e-01
5.000000000000000000e+00 2.500000000000000000e+01 7.300000000000000000e+01 0.000000000000000000e+00 1.600000000000000089e+00 -3.428000000000000057e-03 3.176000000000000004e-03 9.999890000000000168e-01 7.502389999999999892e-01 -6.611510000000000442e-01 4.671999999999999938e-03 6.611580000000000235e-01 7.502459999999999685e-01 -1.169999999999999979e-04
8.000000000000000000e+00 2.500000000000000000e+01 7.300000000000000000e+01 0.000000000000000000e+00 1.600000000000000089e+00 -2.811000000000000131e-03 1.824000000000000100e-03 9.999940000000000495e-01 7.430339999999999723e-01 -6.692460000000000075e-01 3.308999999999999875e-03 6.692479999999999540e-01 7.430390000000000050e-01 5.249999999999999676e-04
1.500000000000000000e+01 2.500000000000000000e+01 7.300000000000000000e+01 0.000000000000000000e+00 1.600000000000000089e+00 -1.608999999999999970e-03 -7.185999999999999679e-03 9.999730000000000008e-01 7.388449999999999740e-01 -6.738659999999999650e-01 -3.654000000000000130e-03 6.738739999999999730e-01 7.388190000000000035e-01 6.393000000000000245e-03
8.000000000000000000e+00 4.400000000000000000e+01 7.300000000000000000e+01 0.000000000000000000e+00 1.600000000000000089e+00 4.079999999999999968e-04 -1.103999999999999947e-03 9.999989999999999712e-01 4.708999999999999991e-02 -9.988899999999999446e-01 -1.121999999999999950e-03 9.988909999999999734e-01 4.709100000000000091e-02 -3.559999999999999797e-04
1.800000000000000000e+01 6.500000000000000000e+01 7.300000000000000000e+01 0.000000000000000000e+00 1.600000000000000089e+00 -8.285000000000000697e-03 4.095860000000000056e-01 9.122339999999999893e-01 -1.361890000000000045e-01 9.033029999999999671e-01 -4.068129999999999802e-01 -9.906479999999999730e-01 -1.276059999999999972e-01 4.829699999999999965e-02
1.700000000000000000e+01 6.600000000000000000e+01 7.300000000000000000e+01 0.000000000000000000e+00 1.600000000000000089e+00 -9.427399999999999669e-02 5.153469999999999995e-01 8.517810000000000104e-01 -3.751360000000000250e-01 7.741360000000000463e-01 -5.098890000000000366e-01 -9.221629999999999550e-01 -3.676030000000000131e-01 1.203449999999999936e-01
