9.000000000000000000e+00 4.200000000000000000e+01 2.000000000000000000e+00 0.000000000000000000e+00 1.600000000000000089e+00 4.029999999999999837e-04 -7.166699999999999460e-02 -9.974290000000000100e-01 9.670800000000000507e-01 -2.537889999999999868e-01 1.862600000000000020e-02 -2.544719999999999760e-01 -9.646010000000000417e-01 6.920600000000000362e-02
3.000000000000000000e+00 1.500000000000000000e+01 4.000000000000000000e+00 0.000000000000000000e+00 1.600000000000000089e+00 -2.939999999999999905e-03 -2.085000000000000048e-03 9.999940000000000495e-01 3.248280000000000056e-01 -9.457729999999999748e-01 -1.016999999999999892e-03 9.457689999999999708e-01 3.248229999999999729e-01 3.457000000000000003e-03
1.200000000000000000e+01 1.500000000000000000e+01 4.000000000000000000e+00 0.000000000000000000e+00 1.600000000000000089e+00 -5.730000000000000501e-04 -3.621000000000000087e-03 9.999930000000000208e-01 3.239929999999999755e-01 -9.460539999999999505e-01 -3.240999999999999957e-03 9.460589999999999833e-01 3.239890000000000270e-01 1.714999999999999945e-03
1.400000000000000000e+01 1.500000000000000000e+01 4.000000000000000000e+00 0.000000000000000000e+00 1.600000000000000089e+00 1.634999999999999952e-03 2.329999999999999986e-04 9.999989999999999712e-01 3.244290000000000229e-01 -9.459100000000000286e-01 -3.099999999999999999e-04 9.459089999999999998e-01 3.244290000000000229e-01 -1.621999999999999961e-03
2.300000000000000000e+01 1.500000000000000000e+01 4.000000000000000000e+00 0.000000000000000000e+00 1.600000000000000089e+00 -1.776999999999999934e-03 9.280000000000000054e-04 9.999980000000000535e-01 3.291029999999999789e-01 -9.442930000000000490e-01 1.461000000000000059e-03 9.442920000000000202e-01 3.291049999999999809e-01 1.373000000000000088e-03
2.600000000000000000e+01 1.500000000000000000e+01 4.000000000000000000e+00 0.000000000000000000e+00 1.600000000000000089e+00 -1.000000000000000021e-03 2.389000000000000064e-03 9.999970000000000248e-01 3.277109999999999745e-01 -9.447740000000000027e-01 2.585000000000000058e-03 9.447769999999999779e-01 3.277129999999999765e-01 1.620000000000000075e-04
2.500000000000000000e+01 4.000000000000000000e+00 5.000000000000000000e+00 0.000000000000000000e+00 1.600000000000000089e+00 4.850000000000000253e-04 2.621000000000000066e-03 9.999959999999999960e-01 2.323850000000000082e-01 -9.726209999999999578e-01 2.436999999999999930e-03 9.726240000000000441e-01 2.323830000000000062e-01 -1.080999999999999930e-03
8.000000000000000000e+00 1.010000000000000000e+02 7.000000000000000000e+00 0.000000000000000000e+00 1.600000000000000089e+00 -3.932999999999999864e-03 -8.700000000000000051e-05 9.999919999999999920e-01 8.833220000000000516e-01 4.687529999999999752e-01 3.514999999999999895e-03 -4.687500000000000000e-01 8.833290000000000308e-01 -1.766999999999999908e-03
1.200000000000000000e+01 1.010000000000000000e+02 7.000000000000000000e+00 0.000000000000000000e+00 1.600000000000000089e+00 -4.483000000000000006e-03 -1.324999999999999963e-02 9.999019999999999575e-01 8.822830000000000394e-01 4.706080000000000263e-01 1.019100000000000041e-02 -4.706969999999999765e-01 8.822429999999999994e-01 9.580999999999999239e-03
2.500000000000000000e+01 1.010000000000000000e+02 7.000000000000000000e+00 0.000000000000000000e+00 1.600000000000000089e+00 -4.369999999999999970e-04 4.789999999999999987e-03 9.999879999999999880e-01 8.847420000000000284e-01 4.660779999999999923e-01 -1.845999999999999985e-03 -4.660819999999999963e-01 8.847310000000000452e-01 -4.440999999999999635e-03
3.000000000000000000e+00 2.500000000000000000e+01 8.000000000000000000e+00 0.000000000000000000e+00 1.600000000000000089e+00 6.620000000000000450e-04 -8.779999999999999827e-04 -9.999989999999999712e-01 4.478309999999999791e-01 8.941179999999999684e-01 -4.879999999999999898e-04 8.941179999999999684e-01 -4.478300000000000058e-01 9.849999999999999815e-04
1.100000000000000000e+01 2.500000000000000000e+01 8.000000000000000000e+00 0.000000000000000000e+00 1.600000000000000089e+00 1.600000000000000131e-04 -7.359000000000000090e-03 -9.999730000000000008e-01 4.483219999999999983e-01 8.938490000000000046e-01 -6.505999999999999631e-03 8.938719999999999999e-01 -4.483090000000000130e-01 3.442999999999999880e-03
1.800000000000000000e+01 2.500000000000000000e+01 8.000000000000000000e+00 0.000000000000000000e+00 1.600000000000000089e+00 9.309999999999999699e-04 6.275000000000000196e-03 -9.999799999999999800e-01 4.474920000000000009e-01 8.942679999999999518e-01 6.028000000000000372e-03 8.942879999999999718e-01 -4.474879999999999969e-01 -1.975999999999999892e-03
2.100000000000000000e+01 2.500000000000000000e+01 8.000000000000000000e+00 0.000000000000000000e+00 1.600000000000000089e+00 2.680000000000000090e-04 3.680000000000000111e-03 -9.999930000000000208e-01 4.470649999999999902e-01 8.944950000000000401e-01 3.412000000000000102e-03 8.945009999999999906e-01 -4.470629999999999882e-01 -1.405999999999999915e-03
2.400000000000000000e+01 2.500000000000000000e+01 8.000000000000000000e+00 0.000000000000000000e+00 1.600000000000000089e+00 -5.370000000000000424e-04 -1.136999999999999990e-03 -9.999989999999999712e-01 4.460259999999999780e-01 8.950190000000000090e-01 -1.257000000000000088e-03 8.950200000000000378e-01 -4.460270000000000068e-01 2.599999999999999840e-05
2.800000000000000000e+01 2.500000000000000000e+01 8.000000000000000000e+00 0.000000000000000000e+00 1.600000000000000089e+00 -3.111000000000000050e-03 -3.413999999999999934e-03 -9.999890000000000168e-01 4.452329999999999899e-01 8.954039999999999777e-01 -4.441999999999999768e-03 8.954100000000000392e-01 -4.452420000000000266e-01 -1.265999999999999981e-03
1.000000000000000000e+00 2.400000000000000000e+01 9.000000000000000000e+00 0.000000000000000000e+00 1.600000000000000089e+00 1.343000000000000010e-03 4.246999999999999907e-03 -9.999900000000000455e-01 4.514560000000000239e-01 8.922820000000000196e-01 4.395999999999999734e-03 8.922919999999999741e-01 -4.514580000000000259e-01 -7.200000000000000453e-04
1.000000000000000000e+01 2.400000000000000000e+01 9.000000000000000000e+00 0.000000000000000000e+00 1.600000000000000089e+00 2.369999999999999874e-04 -8.094999999999999765e-03 -9.999670000000000503e-01 4.515190000000000037e-01 8.922330000000000538e-01 -7.115999999999999930e-03 8.922609999999999708e-01 -4.515029999999999877e-01 3.867000000000000211e-03
1.700000000000000000e+01 2.400000000000000000e+01 9.000000000000000000e+00 0.000000000000000000e+00 1.600000000000000089e+00 8.769999999999999584e-04 5.002000000000000370e-03 -9.999869999999999592e-01 4.504340000000000011e-01 8.927969999999999517e-01 4.860999999999999870e-03 8.928089999999999637e-01 -4.504319999999999991e-01 -1.469999999999999953e-03
2.200000000000000000e+01 2.400000000000000000e+01 9.000000000000000000e+00 0.000000000000000000e+00 1.600000000000000089e+00 2.420000000000000005e-04 1.472999999999999917e-03 -9.999989999999999712e-01 4.494659999999999767e-01 8.932959999999999789e-01 1.423999999999999919e-03 8.932970000000000077e-01 -4.494659999999999767e-01 -4.459999999999999989e-04
2.800000000000000000e+01 2.400000000000000000e+01 9.000000000000000000e+00 0.000000000000000000e+00 1.600000000000000089e+00 -2.935000000000000109e-03 -4.676999999999999734e-03 -9.999850000000000128e-01 4.480810000000000071e-01 8.939759999999999929e-01 -5.496000000000000017e-03 8.939880000000000049e-01 -4.480899999999999883e-01 -5.280000000000000405e-04
1.500000000000000000e+01 1.020000000000000000e+02 9.000000000000000000e+00 0.000000000000000000e+00 1.600000000000000089e+00 6.489999999999999459e-04 -9.740000000000000394e-04 9.999989999999999712e-01 9.200620000000000465e-01 3.917729999999999824e-01 -2.149999999999999947e-04 -3.917720000000000091e-01 9.200620000000000465e-01 1.150999999999999896e-03
2.000000000000000000e+00 1.200000000000000000e+01 1.000000000000000000e+01 0.000000000000000000e+00 1.600000000000000089e+00 1.253999999999999906e-03 6.120999999999999705e-03 -9.999799999999999800e-01 -5.528419999999999446e-01 -8.332659999999999512e-01 -5.793999999999999671e-03 -8.332850000000000534e-01 5.528389999999999693e-01 2.338999999999999933e-03
7.000000000000000000e+00 1.200000000000000000e+01 1.000000000000000000e+01 0.000000000000000000e+00 1.600000000000000089e+00 -1.848999999999999949e-03 -8.881000000000000005e-03 -9.999590000000000423e-01 -5.518720000000000292e-01 -8.338860000000000161e-01 8.425999999999999462e-03 -8.339269999999999738e-01 5.518650000000000500e-01 -3.359000000000000007e-03
1.600000000000000000e+01 1.200000000000000000e+01 1.000000000000000000e+01 0.000000000000000000e+00 1.600000000000000089e+00 3.460000000000000076e-04 4.955000000000000203e-03 -9.999879999999999880e-01 -5.505839999999999623e-01 -8.347679999999999545e-01 -4.327000000000000117e-03 -8.347790000000000488e-01 5.505790000000000406e-01 2.439000000000000196e-03
7.000000000000000000e+00 3.100000000000000000e+01 1.200000000000000000e+01 0.000000000000000000e+00 1.600000000000000089e+00 5.559999999999999621e-04 1.990000000000000124e-04 1.000000000000000000e+00 3.494000000000000144e-03 9.999940000000000495e-01 -2.010000000000000068e-04 -9.999940000000000495e-01 3.494000000000000144e-03 5.550000000000000462e-04
2.000000000000000000e+01 3.100000000000000000e+01 1.200000000000000000e+01 0.000000000000000000e+00 1.600000000000000089e+00 -5.439999999999999957e-04 2.329999999999999986e-04 1.000000000000000000e+00 -3.406999999999999872e-03 9.999940000000000495e-01 -2.339999999999999958e-04 -9.999940000000000495e-01 -3.406999999999999872e-03 -5.429999999999999714e-04
2.500000000000000000e+01 3.100000000000000000e+01 1.200000000000000000e+01 0.000000000000000000e+00 1.600000000000000089e+00 7.999999999999999638e-06 -1.410000000000000120e-04 1.000000000000000000e+00 -2.452000000000000186e-03 9.999970000000000248e-01 1.410000000000000120e-04 -9.999970000000000248e-01 -2.452000000000000186e-03 6.999999999999999895e-06
5.000000000000000000e+00 3.200000000000000000e+01 1.400000000000000000e+01 0.000000000000000000e+00 1.600000000000000089e+00 2.015999999999999997e-03 -1.389999999999999905e-04 -9.999980000000000535e-01 9.896299999999999542e-02 9.950909999999999478e-01 6.099999999999999872e-05 9.950890000000000013e-01 -9.896299999999999542e-02 2.020000000000000094e-03
1.000000000000000000e+01 1.160000000000000000e+02 1.600000000000000000e+01 0.000000000000000000e+00 1.600000000000000089e+00 -7.829999999999999504e-04 -6.000000000000000152e-06 1.000000000000000000e+00 6.557640000000000136e-01 7.549660000000000259e-01 5.180000000000000143e-04 -7.549660000000000259e-01 6.557640000000000136e-01 -5.869999999999999567e-04
2.200000000000000000e+01 1.160000000000000000e+02 1.600000000000000000e+01 0.000000000000000000e+00 1.600000000000000089e+00 -3.946999999999999988e-03 -3.318999999999999902e-03 9.999869999999999592e-01 7.024749999999999606e-01 7.116900000000000448e-01 5.134999999999999808e-03 -7.116970000000000240e-01 7.024860000000000548e-01 -4.780000000000000178e-04
9.000000000000000000e+00 2.000000000000000000e+00 1.900000000000000000e+01 0.000000000000000000e+00 1.600000000000000089e+00 -6.948000000000000183e-03 -1.425399999999999931e-02 -9.998740000000000405e-01 1.847880000000000078e-01 -9.826960000000000139e-01 1.272500000000000020e-02 -9.827540000000000164e-01 -1.846760000000000068e-01 9.461999999999999925e-03
1.600000000000000000e+01 2.000000000000000000e+00 1.900000000000000000e+01 0.000000000000000000e+00 1.600000000000000089e+00 7.680000000000000195e-04 -1.537700000000000004e-02 -9.998820000000000485e-01 1.836000000000000132e-01 -9.828829999999999512e-01 1.525699999999999973e-02 -9.830010000000000137e-01 -1.835900000000000032e-01 2.067999999999999960e-03
2.300000000000000000e+01 2.000000000000000000e+00 1.900000000000000000e+01 0.000000000000000000e+00 1.600000000000000089e+00 2.057999999999999934e-03 -2.761200000000000113e-02 -9.996169999999999778e-01 1.957830000000000126e-01 -9.802619999999999667e-01 2.748000000000000095e-02 -9.806449999999999889e-01 -1.957639999999999936e-01 3.389000000000000085e-03
2.800000000000000000e+01 2.000000000000000000e+00 1.900000000000000000e+01 0.000000000000000000e+00 1.600000000000000089e+00 6.130000000000000466e-04 -8.094999999999999765e-03 -9.999670000000000503e-01 2.052569999999999950e-01 -9.786749999999999616e-01 8.047999999999999599e-03 -9.787080000000000224e-01 -2.052549999999999930e-01 1.062000000000000010e-03
6.000000000000000000e+00 4.000000000000000000e+00 2.000000000000000000e+01 0.000000000000000000e+00 1.600000000000000089e+00 -5.104000000000000030e-03 -4.323999999999999719e-03 -9.999780000000000335e-01 2.768519999999999870e-01 -9.609090000000000131e-01 2.742000000000000080e-03 -9.608989999999999476e-01 -2.768320000000000225e-01 6.100999999999999653e-03
2.900000000000000000e+01 4.000000000000000000e+00 2.000000000000000000e+01 0.000000000000000000e+00 1.600000000000000089e+00 -3.399999999999999973e-05 -7.629999999999999630e-03 -9.999710000000000543e-01 3.233699999999999908e-01 -9.462450000000000028e-01 7.209000000000000130e-03 -9.462730000000000308e-01 -3.233599999999999808e-01 2.498999999999999919e-03
5.000000000000000000e+00 1.300000000000000000e+01 2.000000000000000000e+01 0.000000000000000000e+00 1.600000000000000089e+00 -1.752000000000000085e-03 2.763999999999999964e-03 9.999949999999999672e-01 2.524129999999999985e-01 9.676169999999999494e-01 -2.232000000000000043e-03 -9.676179999999999781e-01 2.524080000000000212e-01 -2.393000000000000162e-03
1.300000000000000000e+01 1.300000000000000000e+01 2.000000000000000000e+01 0.000000000000000000e+00 1.600000000000000089e+00 -2.768000000000000061e-03 -7.481999999999999935e-03 9.999679999999999680e-01 2.552050000000000152e-01 9.668539999999999912e-01 7.941000000000000142e-03 -9.668830000000000480e-01 2.552189999999999737e-01 -7.669999999999999951e-04
1.900000000000000000e+01 1.300000000000000000e+01 2.000000000000000000e+01 0.000000000000000000e+00 1.600000000000000089e+00 -4.550000000000000008e-04 -2.158000000000000196e-03 9.999980000000000535e-01 2.579899999999999971e-01 9.661450000000000315e-01 2.201999999999999964e-03 -9.661469999999999780e-01 2.579899999999999971e-01 1.169999999999999979e-04
1.000000000000000000e+00 3.000000000000000000e+00 2.500000000000000000e+01 0.000000000000000000e+00 1.600000000000000089e+00 1.359999999999999989e-04 3.520000000000000125e-03 9.999940000000000495e-01 -7.073500000000000620e-02 -9.974889999999999590e-01 3.520000000000000125e-03 9.974950000000000205e-01 -7.073500000000000620e-02 1.129999999999999955e-04
7.000000000000000000e+00 3.000000000000000000e+00 2.500000000000000000e+01 0.000000000000000000e+00 1.600000000000000089e+00 -2.435000000000000098e-03 -9.672000000000000042e-03 9.999500000000000055e-01 -7.050700000000000023e-02 -9.974629999999999885e-01 -9.820000000000000603e-03 9.975079999999999503e-01 -7.052700000000000635e-02 1.747000000000000072e-03
1.700000000000000000e+01 3.000000000000000000e+00 2.500000000000000000e+01 0.000000000000000000e+00 1.600000000000000089e+00 -9.810000000000001011e-04 -1.418999999999999949e-02 9.998989999999999823e-01 -6.600599999999999523e-02 -9.977179999999999938e-01 -1.422400000000000053e-02 9.978190000000000115e-01 -6.601400000000000323e-02 4.199999999999999768e-05
2.400000000000000000e+01 3.000000000000000000e+00 2.500000000000000000e+01 0.000000000000000000e+00 1.600000000000000089e+00 -8.467999999999999833e-03 -2.788900000000000060e-02 9.995749999999999913e-01 -8.796500000000000152e-02 -9.957150000000000167e-01 -2.852599999999999927e-02 9.960879999999999734e-01 -8.816899999999999737e-02 5.978999999999999940e-03
2.900000000000000000e+01 3.000000000000000000e+00 2.500000000000000000e+01 0.000000000000000000e+00 1.600000000000000089e+00 -6.519999999999999754e-03 -1.020100000000000000e-02 9.999270000000000103e-01 -1.005879999999999969e-01 -9.948700000000000321e-01 -1.080500000000000037e-02 9.949069999999999858e-01 -1.006510000000000044e-01 5.460999999999999709e-03
7.000000000000000000e+00 4.600000000000000000e+01 2.700000000000000000e+01 0.000000000000000000e+00 1.600000000000000089e+00 -1.301999999999999989e-03 3.069999999999999812e-04 -9.999989999999999712e-01 6.719420000000000393e-01 7.406030000000000113e-01 -6.470000000000000057e-04 7.406019999999999825e-01 -6.719429999999999570e-01 -1.170999999999999949e-03
1.300000000000000000e+01 4.600000000000000000e+01 2.700000000000000000e+01 0.000000000000000000e+00 1.600000000000000089e+00 -2.719999999999999979e-04 -1.090999999999999956e-03 -9.999989999999999712e-01 6.718370000000000175e-01 7.406979999999999675e-01 -9.909999999999999105e-04 7.406989999999999963e-01 -6.718370000000000175e-01 5.320000000000000293e-04
2.300000000000000000e+01 4.600000000000000000e+01 2.700000000000000000e+01 0.000000000000000000e+00 1.600000000000000089e+00 -8.279999999999999600e-04 -4.620000000000000083e-04 -1.000000000000000000e+00 6.771099999999999897e-01 7.358810000000000073e-01 -8.999999999999999754e-04 7.358810000000000073e-01 -6.771110000000000184e-01 -2.970000000000000092e-04
3.000000000000000000e+00 4.600000000000000000e+01 3.000000000000000000e+01 0.000000000000000000e+00 1.600000000000000089e+00 1.624000000000000010e-03 3.089999999999999756e-04 -9.999989999999999712e-01 3.289980000000000127e-01 9.443300000000000027e-01 8.260000000000000198e-04 9.443289999999999740e-01 -3.289989999999999859e-01 1.431999999999999896e-03
2.100000000000000000e+01 4.600000000000000000e+01 3.000000000000000000e+01 0.000000000000000000e+00 1.600000000000000089e+00 1.240000000000000054e-04 -1.131000000000000061e-03 -9.999989999999999712e-01 3.327530000000000210e-01 9.430129999999999901e-01 -1.026000000000000002e-03 9.430140000000000189e-01 -3.327530000000000210e-01 4.929999999999999487e-04
2.400000000000000000e+01 4.600000000000000000e+01 3.000000000000000000e+01 0.000000000000000000e+00 1.600000000000000089e+00 -4.079999999999999968e-04 -1.402999999999999950e-03 -9.999989999999999712e-01 3.310000000000000164e-01 9.436299999999999688e-01 -1.459000000000000010e-03 9.436309999999999976e-01 -3.310000000000000164e-01 7.899999999999999579e-05
3.000000000000000000e+00 5.800000000000000000e+01 3.100000000000000000e+01 0.000000000000000000e+00 1.600000000000000089e+00 -2.488000000000000194e-03 -3.351999999999999945e-03 9.999909999999999632e-01 -7.943729999999999958e-01 -6.074169999999999847e-01 -4.011999999999999941e-03 6.074260000000000215e-01 -7.943759999999999710e-01 -1.152000000000000029e-03
7.000000000000000000e+00 5.800000000000000000e+01 3.100000000000000000e+01 0.000000000000000000e+00 1.600000000000000089e+00 -2.236000000000000140e-03 -4.950999999999999672e-03 9.999850000000000128e-01 -7.959810000000000496e-01 -6.053030000000000355e-01 -4.775999999999999863e-03 6.053180000000000227e-01 -7.959789999999999921e-01 -2.586999999999999890e-03
1.000000000000000000e+01 5.800000000000000000e+01 3.100000000000000000e+01 0.000000000000000000e+00 1.600000000000000089e+00 -3.795999999999999895e-03 -4.531000000000000305e-03 9.999829999999999552e-01 -7.968330000000000135e-01 -6.041720000000000423e-01 -5.762999999999999894e-03 6.041879999999999473e-01 -7.968410000000000215e-01 -1.317000000000000028e-03
1.500000000000000000e+01 5.800000000000000000e+01 3.100000000000000000e+01 0.000000000000000000e+00 1.600000000000000089e+00 -5.046000000000000138e-03 -2.383000000000000135e-03 9.999850000000000128e-01 -8.009690000000000420e-01 -5.986799999999999899e-01 -5.467999999999999770e-03 5.986839999999999939e-01 -8.009849999999999470e-01 1.111999999999999924e-03
2.300000000000000000e+01 5.800000000000000000e+01 3.100000000000000000e+01 0.000000000000000000e+00 1.600000000000000089e+00 6.880000000000000265e-04 -6.890000000000000508e-04 9.999989999999999712e-01 -7.986600000000000366e-01 -6.017829999999999568e-01 1.350000000000000017e-04 6.017829999999999568e-01 -7.986590000000000078e-01 -9.640000000000000131e-04
2.700000000000000000e+01 5.800000000000000000e+01 3.100000000000000000e+01 0.000000000000000000e+00 1.600000000000000089e+00 3.199999999999999855e-05 -3.049999999999999868e-04 1.000000000000000000e+00 -7.955989999999999451e-01 -6.058240000000000292e-01 -1.600000000000000131e-04 6.058240000000000292e-01 -7.955989999999999451e-01 -2.620000000000000258e-04
2.500000000000000000e+01 1.800000000000000000e+01 3.400000000000000000e+01 0.000000000000000000e+00 1.600000000000000089e+00 -1.332999999999999984e-03 -6.329000000000000424e-03 -9.999789999999999512e-01 -3.107099999999999862e-01 -9.504829999999999668e-01 6.429999999999999952e-03 -9.505040000000000155e-01 3.107119999999999882e-01 -6.989999999999999686e-04
5.000000000000000000e+00 2.300000000000000000e+01 3.400000000000000000e+01 0.000000000000000000e+00 1.600000000000000089e+00 1.645999999999999894e-03 3.383000000000000156e-03 9.999930000000000208e-01 4.093439999999999857e-01 -9.123769999999999936e-01 2.413000000000000214e-03 9.123790000000000511e-01 4.093370000000000064e-01 -2.886000000000000110e-03
3.000000000000000000e+00 4.600000000000000000e+01 3.500000000000000000e+01 0.000000000000000000e+00 1.600000000000000089e+00 -2.220000000000000022e-04 -8.170000000000000179e-04 -1.000000000000000000e+00 3.910179999999999767e-01 -9.203829999999999512e-01 6.660000000000000338e-04 -9.203829999999999512e-01 -3.910170000000000035e-01 5.230000000000000274e-04
7.000000000000000000e+00 4.600000000000000000e+01 3.500000000000000000e+01 0.000000000000000000e+00 1.600000000000000089e+00 -3.589999999999999984e-04 3.585000000000000079e-03 -9.999940000000000495e-01 3.942840000000000233e-01 -9.189819999999999656e-01 -3.435999999999999818e-03 -9.189880000000000271e-01 -3.942829999999999946e-01 -1.082999999999999978e-03
1.200000000000000000e+01 4.600000000000000000e+01 3.500000000000000000e+01 0.000000000000000000e+00 1.600000000000000089e+00 1.546000000000000065e-03 4.995000000000000308e-03 -9.999860000000000415e-01 3.957350000000000034e-01 -9.183559999999999501e-01 -3.975000000000000235e-03 -9.183630000000000404e-01 -3.957240000000000202e-01 -3.396999999999999846e-03
1.800000000000000000e+01 4.600000000000000000e+01 3.500000000000000000e+01 0.000000000000000000e+00 1.600000000000000089e+00 -2.200000000000000133e-03 -1.520000000000000084e-03 -9.999959999999999960e-01 3.953499999999999792e-01 -9.185299999999999576e-01 5.270000000000000162e-04 -9.185280000000000111e-01 -3.953470000000000040e-01 2.621000000000000066e-03
2.300000000000000000e+01 4.600000000000000000e+01 3.500000000000000000e+01 0.000000000000000000e+00 1.600000000000000089e+00 6.570000000000000319e-04 -1.062899999999999956e-02 -9.999430000000000263e-01 3.921549999999999758e-01 -9.198439999999999950e-01 1.003500000000000052e-02 -9.198990000000000222e-01 -3.921399999999999886e-01 3.563999999999999894e-03
2.800000000000000000e+01 4.600000000000000000e+01 3.500000000000000000e+01 0.000000000000000000e+00 1.600000000000000089e+00 1.804000000000000048e-03 -7.924000000000000488e-03 -9.999670000000000503e-01 3.907979999999999787e-01 -9.204419999999999824e-01 7.998999999999999166e-03 -9.204750000000000432e-01 -3.907990000000000075e-01 1.435999999999999993e-03
5.000000000000000000e+00 9.500000000000000000e+01 3.600000000000000000e+01 0.000000000000000000e+00 1.600000000000000089e+00 -1.356599999999999993e-02 -4.516000000000000049e-03 9.998979999999999535e-01 9.980900000000000327e-01 6.021300000000000263e-02 1.381399999999999989e-02 -6.026999999999999719e-02 9.981750000000000345e-01 3.690000000000000138e-03
1.100000000000000000e+01 9.500000000000000000e+01 3.600000000000000000e+01 0.000000000000000000e+00 1.600000000000000089e+00 8.267000000000000043e-03 2.033599999999999991e-02 9.997589999999999533e-01 9.983699999999999797e-01 5.629900000000000182e-02 -9.400000000000000369e-03 -5.647699999999999942e-02 9.982069999999999554e-01 -1.983700000000000047e-02
1.700000000000000000e+01 9.500000000000000000e+01 3.600000000000000000e+01 0.000000000000000000e+00 1.600000000000000089e+00 7.570999999999999605e-03 1.118000000000000070e-02 9.999090000000000478e-01 9.981240000000000112e-01 6.066200000000000064e-02 -8.236000000000000265e-03 -6.074800000000000338e-02 9.980959999999999832e-01 -1.069999999999999944e-02
2.000000000000000000e+01 9.500000000000000000e+01 3.600000000000000000e+01 0.000000000000000000e+00 1.600000000000000089e+00 8.113000000000000420e-03 7.074000000000000427e-03 9.999419999999999975e-01 9.976530000000000120e-01 6.793799999999999839e-02 -8.574999999999999289e-03 -6.799399999999999888e-02 9.976650000000000240e-01 -6.505999999999999631e-03
2.800000000000000000e+01 9.500000000000000000e+01 3.600000000000000000e+01 0.000000000000000000e+00 1.600000000000000089e+00 4.184000000000000219e-03 -7.326000000000000047e-03 9.999639999999999640e-01 9.972750000000000226e-01 7.367799999999999350e-02 -3.632999999999999945e-03 -7.364900000000000613e-02 9.972550000000000026e-01 7.614000000000000108e-03
2.000000000000000000e+00 3.000000000000000000e+00 4.300000000000000000e+01 0.000000000000000000e+00 1.600000000000000089e+00 6.098000000000000122e-03 -1.538699999999999964e-02 -9.998629999999999463e-01 7.389510000000000245e-01 -6.735950000000000548e-01 1.487300000000000080e-02 -6.737319999999999975e-01 -7.389409999999999590e-01 7.263000000000000358e-03
5.000000000000000000e+00 3.000000000000000000e+00 4.300000000000000000e+01 0.000000000000000000e+00 1.600000000000000089e+00 2.000000000000000096e-04 -1.778499999999999873e-02 -9.998420000000000085e-01 7.405300000000000216e-01 -6.719150000000000400e-01 1.209999999999999964e-02 -6.720239999999999547e-01 -7.404150000000000453e-01 1.303600000000000071e-02
9.000000000000000000e+00 3.000000000000000000e+00 4.300000000000000000e+01 0.000000000000000000e+00 1.600000000000000089e+00 -6.041000000000000363e-03 -2.331899999999999945e-02 -9.997099999999999875e-01 7.399809999999999999e-01 -6.725339999999999652e-01 1.121600000000000028e-02 -6.726010000000000044e-01 -7.396979999999999666e-01 2.131800000000000014e-02
1.900000000000000000e+01 3.000000000000000000e+00 4.300000000000000000e+01 0.000000000000000000e+00 1.600000000000000089e+00 -4.512999999999999651e-03 -1.361999999999999929e-03 -9.999890000000000168e-01 7.375890000000000502e-01 -6.752449999999999841e-01 -2.409000000000000117e-03 -6.752350000000000296e-01 -7.375920000000000254e-01 4.052000000000000046e-03
2.600000000000000000e+01 3.000000000000000000e+00 4.300000000000000000e+01 0.000000000000000000e+00 1.600000000000000089e+00 2.465000000000000177e-03 1.343399999999999976e-02 -9.999069999999999903e-01 7.346160000000000467e-01 -6.784430000000000183e-01 -7.303999999999999729e-03 -6.784780000000000255e-01 -7.345300000000000162e-01 -1.154099999999999918e-02
2.700000000000000000e+01 8.000000000000000000e+00 4.400000000000000000e+01 0.000000000000000000e+00 1.600000000000000089e+00 -1.647999999999999942e-03 5.686000000000000082e-03 9.999829999999999552e-01 -7.809979999999999700e-01 -6.245290000000000008e-01 2.263999999999999953e-03 6.245309999999999473e-01 -7.809810000000000363e-01 5.470000000000000036e-03
7.000000000000000000e+00 2.900000000000000000e+01 4.400000000000000000e+01 0.000000000000000000e+00 1.600000000000000089e+00 -1.013999999999999927e-03 -8.059999999999999673e-04 -9.999989999999999712e-01 6.573449999999999571e-01 7.535880000000000356e-01 -1.273999999999999959e-03 7.535889999999999533e-01 -6.573459999999999859e-01 -2.339999999999999958e-04
1.100000000000000000e+01 2.900000000000000000e+01 4.400000000000000000e+01 0.000000000000000000e+00 1.600000000000000089e+00 -1.779999999999999898e-04 2.988000000000000204e-03 -9.999959999999999960e-01 6.530510000000000481e-01 7.573109999999999564e-01 2.145999999999999904e-03 7.573140000000000427e-01 -6.530479999999999619e-01 -2.086000000000000180e-03
1.400000000000000000e+01 2.900000000000000000e+01 4.400000000000000000e+01 0.000000000000000000e+00 1.600000000000000089e+00 -1.732999999999999948e-03 3.190000000000000019e-04 -9.999980000000000535e-01 6.554100000000000481e-01 7.552729999999999722e-01 -8.949999999999999623e-04 7.552710000000000257e-01 -6.554109999999999658e-01 -1.518000000000000035e-03
1.800000000000000000e+01 2.900000000000000000e+01 4.400000000000000000e+01 0.000000000000000000e+00 1.600000000000000089e+00 -3.363999999999999803e-03 -2.086999999999999880e-03 -9.999919999999999920e-01 6.611949999999999772e-01 7.502050000000000107e-01 -3.789999999999999966e-03 7.502069999999999572e-01 -6.612019999999999564e-01 -1.144000000000000052e-03
2.100000000000000000e+01 2.900000000000000000e+01 4.400000000000000000e+01 0.000000000000000000e+00 1.600000000000000089e+00 -1.855000000000000095e-03 -2.069999999999999792e-03 -9.999959999999999960e-01 6.653780000000000250e-01 7.465009999999999701e-01 -2.778999999999999786e-03 7.465039999999999454e-01 -6.653810000000000002e-01 -6.999999999999999895e-06
2.500000000000000000e+01 2.900000000000000000e+01 4.400000000000000000e+01 0.000000000000000000e+00 1.600000000000000089e+00 -9.380000000000000317e-04 -2.285999999999999838e-03 -9.999970000000000248e-01 6.667199999999999793e-01 7.453039999999999665e-01 -2.328999999999999907e-03 7.453079999999999705e-01 -6.667199999999999793e-01 8.249999999999999955e-04
2.900000000000000000e+01 2.900000000000000000e+01 4.400000000000000000e+01 0.000000000000000000e+00 1.600000000000000089e+00 -1.520000000000000084e-03 8.599999999999999789e-04 -9.999980000000000535e-01 6.680679999999999952e-01 7.440999999999999837e-01 -3.759999999999999779e-04 7.440989999999999549e-01 -6.680669999999999664e-01 -1.706000000000000051e-03
1.700000000000000000e+01 7.000000000000000000e+01 4.700000000000000000e+01 0.000000000000000000e+00 1.600000000000000089e+00 1.958000000000000105e-03 -1.291000000000000047e-03 -9.999970000000000248e-01 -8.454380000000000228e-01 -5.340730000000000199e-01 -9.659999999999999533e-04 -5.340700000000000447e-01 8.454369999999999941e-01 -2.137000000000000011e-03
2.000000000000000000e+00 5.000000000000000000e+00 5.100000000000000000e+01 0.000000000000000000e+00 1.600000000000000089e+00 2.160000000000000028e-03 -3.142999999999999960e-03 -9.999930000000000208e-01 4.867690000000000072e-01 -8.735220000000000207e-01 3.797000000000000028e-03 -8.735279999999999712e-01 -4.867739999999999845e-01 -3.570000000000000040e-04
6.000000000000000000e+00 5.000000000000000000e+00 5.100000000000000000e+01 0.000000000000000000e+00 1.600000000000000089e+00 8.310000000000000329e-04 -3.762999999999999852e-03 -9.999930000000000208e-01 4.822730000000000072e-01 -8.760130000000000416e-01 3.697000000000000199e-03 -8.760210000000000496e-01 -4.822719999999999785e-01 1.085999999999999943e-03
1.200000000000000000e+01 5.000000000000000000e+00 5.100000000000000000e+01 0.000000000000000000e+00 1.600000000000000089e+00 -4.695000000000000388e-03 -1.484399999999999956e-02 -9.998789999999999623e-01 4.847049999999999970e-01 -8.746119999999999450e-01 1.070899999999999977e-02 -8.746650000000000258e-01 -4.845960000000000267e-01 1.130100000000000028e-02
1.500000000000000000e+01 6.000000000000000000e+00 5.100000000000000000e+01 0.000000000000000000e+00 1.600000000000000089e+00 -4.291999999999999808e-03 -1.625700000000000062e-02 -9.998590000000000533e-01 3.162639999999999896e-01 -9.485670000000000490e-01 1.406499999999999938e-02 -9.486620000000000053e-01 -3.161590000000000233e-01 9.213000000000000703e-03
1.800000000000000000e+01 6.000000000000000000e+00 5.100000000000000000e+01 0.000000000000000000e+00 1.600000000000000089e+00 -4.959999999999999999e-03 -1.636200000000000154e-02 -9.998540000000000205e-01 3.144399999999999973e-01 -9.491749999999999909e-01 1.397299999999999931e-02 -9.492639999999999967e-01 -3.143239999999999923e-01 9.853000000000000647e-03
2.200000000000000000e+01 6.000000000000000000e+00 5.100000000000000000e+01 0.000000000000000000e+00 1.600000000000000089e+00 -5.538000000000000388e-03 -1.005200000000000017e-02 -9.999339999999999895e-01 3.196840000000000237e-01 -9.474930000000000296e-01 7.753999999999999608e-03 -9.475080000000000169e-01 -3.196200000000000152e-01 8.460999999999999771e-03
2.100000000000000000e+01 7.000000000000000000e+00 5.200000000000000000e+01 0.000000000000000000e+00 1.600000000000000089e+00 -7.029999999999999791e-03 -9.348000000000000406e-03 -9.999320000000000430e-01 1.192190000000000055e-01 -9.928320000000000478e-01 8.444000000000000117e-03 -9.928430000000000311e-01 -1.191510000000000069e-01 8.094000000000000500e-03
4.000000000000000000e+00 6.300000000000000000e+01 5.400000000000000000e+01 0.000000000000000000e+00 1.600000000000000089e+00 -8.350000000000000217e-04 -3.278999999999999797e-03 9.999940000000000495e-01 -3.557810000000000139e-01 9.345649999999999791e-01 2.766999999999999928e-03 -9.345689999999999831e-01 -3.557759999999999811e-01 -1.946000000000000030e-03
9.000000000000000000e+00 6.300000000000000000e+01 5.400000000000000000e+01 0.000000000000000000e+00 1.600000000000000089e+00 -1.077000000000000049e-03 2.105999999999999799e-03 9.999970000000000248e-01 -3.515789999999999749e-01 9.361549999999999594e-01 -2.350000000000000092e-03 -9.361580000000000457e-01 -3.515809999999999769e-01 -2.680000000000000090e-04
2.000000000000000000e+01 6.300000000000000000e+01 5.400000000000000000e+01 0.000000000000000000e+00 1.600000000000000089e+00 -2.497999999999999787e-03 -4.416999999999999919e-03 9.999869999999999592e-01 -3.382850000000000024e-01 9.410380000000000411e-01 3.311000000000000141e-03 -9.410399999999999876e-01 -3.382720000000000171e-01 -3.844999999999999894e-03
2.700000000000000000e+01 6.300000000000000000e+01 5.400000000000000000e+01 0.000000000000000000e+00 1.600000000000000089e+00 1.606999999999999922e-03 9.229999999999999923e-04 9.999980000000000535e-01 -3.357840000000000269e-01 9.419389999999999707e-01 -3.299999999999999982e-04 -9.419380000000000530e-01 -3.357829999999999981e-01 1.824000000000000100e-03
1.900000000000000000e+01 2.000000000000000000e+01 6.000000000000000000e+01 0.000000000000000000e+00 1.600000000000000089e+00 -2.519999999999999996e-04 -9.721000000000000474e-03 9.999529999999999808e-01 -6.189000000000000057e-02 9.980360000000000342e-01 9.686999999999999431e-03 -9.980830000000000535e-01 -6.188400000000000151e-02 -8.530000000000000256e-04
9.000000000000000000e+00 2.100000000000000000e+01 6.000000000000000000e+01 0.000000000000000000e+00 1.600000000000000089e+00 -5.800000000000000034e-04 -4.503000000000000058e-03 9.999900000000000455e-01 -9.913199999999999790e-02 9.950639999999999485e-01 4.423999999999999981e-03 -9.950740000000000141e-01 -9.912899999999999490e-02 -1.023000000000000038e-03
1.500000000000000000e+01 2.100000000000000000e+01 6.000000000000000000e+01 0.000000000000000000e+00 1.600000000000000089e+00 -8.199999999999999824e-04 -7.721000000000000432e-03 9.999700000000000255e-01 -9.763299999999999756e-02 9.951929999999999943e-01 7.603999999999999648e-03 -9.952220000000000510e-01 -9.762400000000000244e-02 -1.569999999999999998e-03
2.000000000000000000e+01 2.100000000000000000e+01 6.000000000000000000e+01 0.000000000000000000e+00 1.600000000000000089e+00 2.990000000000000036e-04 -4.856000000000000073e-03 9.999879999999999880e-01 -9.548099999999999643e-02 9.954190000000000538e-01 4.863000000000000135e-03 -9.954309999999999548e-01 -9.548199999999999743e-02 -1.659999999999999963e-04
2.600000000000000000e+01 2.100000000000000000e+01 6.000000000000000000e+01 0.000000000000000000e+00 1.600000000000000089e+00 -4.589999999999999896e-04 -7.413999999999999584e-03 9.999719999999999720e-01 -9.296799999999999509e-02 9.956420000000000270e-01 7.339000000000000037e-03 -9.956690000000000262e-01 -9.296200000000000296e-02 -1.147000000000000016e-03
3.000000000000000000e+01 2.100000000000000000e+01 6.000000000000000000e+01 0.000000000000000000e+00 1.600000000000000089e+00 -8.919999999999999978e-04 1.386000000000000079e-03 9.999989999999999712e-01 -9.244800000000000240e-02 9.957160000000000455e-01 -1.463000000000000108e-03 -9.957169999999999632e-01 -9.244900000000000340e-02 -7.600000000000000418e-04
2.900000000000000000e+01 6.000000000000000000e+00 6.100000000000000000e+01 0.000000000000000000e+00 1.600000000000000089e+00 1.147999999999999932e-03 -1.749999999999999982e-04 9.999989999999999712e-01 5.709060000000000246e-01 -8.210150000000000503e-01 -7.990000000000000140e-04 8.210150000000000503e-01 5.709070000000000533e-01 -8.429999999999999993e-04
2.000000000000000000e+00 2.700000000000000000e+01 6.300000000000000000e+01 0.000000000000000000e+00 1.600000000000000089e+00 -2.773999999999999990e-03 7.667000000000000204e-03 9.999670000000000503e-01 -2.694599999999999773e-01 9.629769999999999719e-01 -8.130999999999999339e-03 -9.630079999999999751e-01 -2.694739999999999913e-01 -6.059999999999999849e-04
8.000000000000000000e+00 2.700000000000000000e+01 6.300000000000000000e+01 0.000000000000000000e+00 1.600000000000000089e+00 5.230000000000000274e-04 -9.970000000000000563e-04 9.999989999999999712e-01 -2.741709999999999980e-01 9.616799999999999793e-01 1.101999999999999898e-03 -9.616810000000000080e-01 -2.741720000000000268e-01 2.290000000000000098e-04
1.300000000000000000e+01 2.700000000000000000e+01 6.300000000000000000e+01 0.000000000000000000e+00 1.600000000000000089e+00 -3.380000000000000192e-03 -4.274000000000000021e-03 9.999850000000000128e-01 -2.739840000000000053e-01 9.617289999999999450e-01 3.184000000000000198e-03 -9.617280000000000273e-01 -2.739690000000000181e-01 -4.421999999999999716e-03
2.000000000000000000e+01 2.700000000000000000e+01 6.300000000000000000e+01 0.000000000000000000e+00 1.600000000000000089e+00 1.077999999999999965e-03 -3.491000000000000179e-03 9.999930000000000208e-01 -2.787310000000000065e-01 9.603620000000000489e-01 3.652999999999999997e-03 -9.603690000000000282e-01 -2.787330000000000085e-01 6.200000000000000270e-05
2.400000000000000000e+01 2.700000000000000000e+01 6.300000000000000000e+01 0.000000000000000000e+00 1.600000000000000089e+00 1.998000000000000210e-03 -4.874999999999999993e-03 9.999860000000000415e-01 -2.803220000000000156e-01 9.598919999999999675e-01 5.239999999999999866e-03 -9.599039999999999795e-01 -2.803289999999999949e-01 5.509999999999999490e-04
2.800000000000000000e+01 2.700000000000000000e+01 6.300000000000000000e+01 0.000000000000000000e+00 1.600000000000000089e+00 1.521000000000000000e-03 -2.840000000000000076e-03 9.999949999999999672e-01 -2.814929999999999932e-01 9.595580000000000220e-01 3.154000000000000119e-03 -9.595620000000000260e-01 -2.814960000000000240e-01 6.599999999999999964e-04
2.000000000000000000e+00 2.600000000000000000e+01 6.400000000000000000e+01 0.000000000000000000e+00 1.600000000000000089e+00 -2.428000000000000037e-03 6.781999999999999834e-03 9.999740000000000295e-01 -3.527449999999999752e-01 9.356919999999999682e-01 -7.202000000000000068e-03 -9.357159999999999922e-01 -3.527540000000000120e-01 1.200000000000000030e-04
7.000000000000000000e+00 2.600000000000000000e+01 6.400000000000000000e+01 0.000000000000000000e+00 1.600000000000000089e+00 5.150000000000000498e-04 2.582999999999999793e-03 9.999970000000000248e-01 -3.573290000000000077e-01 9.339760000000000284e-01 -2.229000000000000078e-03 -9.339790000000000036e-01 -3.573259999999999770e-01 1.404000000000000083e-03
1.200000000000000000e+01 2.600000000000000000e+01 6.400000000000000000e+01 0.000000000000000000e+00 1.600000000000000089e+00 -2.105000000000000100e-03 -2.956999999999999993e-03 9.999930000000000208e-01 -3.554919999999999747e-01 9.346769999999999801e-01 2.014999999999999864e-03 -9.346769999999999801e-01 -3.554849999999999954e-01 -3.017999999999999849e-03
2.400000000000000000e+01 2.600000000000000000e+01 6.400000000000000000e+01 0.000000000000000000e+00 1.600000000000000089e+00 3.052000000000000025e-03 -7.849000000000000074e-03 9.999649999999999928e-01 -3.636240000000000028e-01 9.315080000000000027e-01 8.422000000000000666e-03 -9.315409999999999524e-01 -3.636369999999999880e-01 -1.099999999999999971e-05
