4.000000000000000000e+00 2.500000000000000000e+01 1.000000000000000000e+00 0.000000000000000000e+00 1.600000000000000089e+00 -5.640699999999999881e-02 -1.299100000000000081e-02 -9.983229999999999604e-01 -5.367290000000000116e-01 -8.427440000000000486e-01 4.129200000000000231e-02 -8.418670000000000320e-01 5.381580000000000252e-01 4.056499999999999689e-02
1.600000000000000000e+01 2.500000000000000000e+01 1.000000000000000000e+00 0.000000000000000000e+00 1.600000000000000089e+00 2.314000000000000085e-03 7.910000000000000364e-04 -9.999970000000000248e-01 -5.367520000000000069e-01 -8.437379999999999880e-01 -1.910000000000000022e-03 -8.437369999999999592e-01 5.367549999999999821e-01 -1.526999999999999929e-03
2.300000000000000000e+01 2.500000000000000000e+01 1.000000000000000000e+00 0.000000000000000000e+00 1.600000000000000089e+00 -1.265999999999999981e-03 -1.531000000000000026e-03 -9.999980000000000535e-01 -5.350489999999999968e-01 -8.448189999999999866e-01 1.969999999999999963e-03 -8.448200000000000154e-01 5.350500000000000256e-01 2.500000000000000052e-04
2.900000000000000000e+01 2.500000000000000000e+01 1.000000000000000000e+00 0.000000000000000000e+00 1.600000000000000089e+00 -3.829999999999999854e-04 7.858999999999999667e-03 -9.999689999999999968e-01 -5.304170000000000273e-01 -8.477120000000000211e-01 -6.459000000000000331e-03 -8.477369999999999628e-01 5.303980000000000361e-01 4.493999999999999731e-03
1.000000000000000000e+01 1.500000000000000000e+01 4.000000000000000000e+00 0.000000000000000000e+00 1.600000000000000089e+00 2.460000000000000164e-04 6.929000000000000263e-03 9.999759999999999760e-01 3.243969999999999909e-01 -9.458990000000000453e-01 6.474999999999999853e-03 9.459210000000000118e-01 3.243880000000000097e-01 -2.481000000000000132e-03
1.500000000000000000e+01 1.500000000000000000e+01 4.000000000000000000e+00 0.000000000000000000e+00 1.600000000000000089e+00 -2.621000000000000066e-03 -2.603999999999999978e-03 9.999930000000000208e-01 3.226879999999999749e-01 -9.465040000000000120e-01 -1.618999999999999996e-03 9.465019999999999545e-01 3.226820000000000244e-01 3.321000000000000167e-03
2.100000000000000000e+01 1.500000000000000000e+01 4.000000000000000000e+00 0.000000000000000000e+00 1.600000000000000089e+00 2.442000000000000160e-03 7.015999999999999667e-03 9.999719999999999720e-01 3.214469999999999827e-01 -9.469100000000000295e-01 5.858999999999999625e-03 9.469250000000000167e-01 3.214230000000000143e-01 -4.566999999999999879e-03
2.900000000000000000e+01 1.500000000000000000e+01 4.000000000000000000e+00 0.000000000000000000e+00 1.600000000000000089e+00 -5.315000000000000280e-03 -9.716000000000000678e-03 9.999390000000000223e-01 3.231689999999999841e-01 -9.463120000000000420e-01 -7.477000000000000139e-03 9.463260000000000005e-01 3.231100000000000083e-01 8.170000000000000179e-03
1.400000000000000000e+01 1.600000000000000000e+01 4.000000000000000000e+00 0.000000000000000000e+00 1.600000000000000089e+00 -2.598000000000000049e-03 -2.967000000000000019e-03 9.999919999999999920e-01 3.960679999999999756e-01 -9.182200000000000362e-01 -1.696000000000000025e-03 9.182179999999999787e-01 3.960600000000000231e-01 3.560999999999999929e-03
2.000000000000000000e+01 1.600000000000000000e+01 4.000000000000000000e+00 0.000000000000000000e+00 1.600000000000000089e+00 1.307999999999999918e-03 5.734000000000000381e-03 9.999829999999999552e-01 3.936459999999999959e-01 -9.192500000000000115e-01 4.755999999999999811e-03 9.192609999999999948e-01 3.936330000000000107e-01 -3.459999999999999968e-03
1.000000000000000000e+00 4.300000000000000000e+01 4.000000000000000000e+00 0.000000000000000000e+00 1.600000000000000089e+00 -2.951110000000000122e-01 -9.201259999999999994e-01 2.574429999999999774e-01 -9.462990000000000013e-01 2.442439999999999889e-01 -2.118069999999999953e-01 1.320099999999999885e-01 -3.061240000000000072e-01 -9.427940000000000209e-01
3.000000000000000000e+00 1.010000000000000000e+02 7.000000000000000000e+00 0.000000000000000000e+00 1.600000000000000089e+00 -2.380000000000000117e-04 5.170399999999999996e-02 9.986620000000000497e-01 8.868390000000000439e-01 4.614699999999999913e-01 -2.367999999999999966e-02 -4.620779999999999887e-01 8.856479999999999908e-01 -4.596299999999999691e-02
8.000000000000000000e+00 1.010000000000000000e+02 7.000000000000000000e+00 0.000000000000000000e+00 1.600000000000000089e+00 3.652999999999999997e-03 6.262000000000000205e-03 9.999740000000000295e-01 8.852550000000000141e-01 4.650659999999999794e-01 -6.146000000000000421e-03 -4.650929999999999787e-01 8.852539999999999853e-01 -3.844000000000000195e-03
1.400000000000000000e+01 1.010000000000000000e+02 7.000000000000000000e+00 0.000000000000000000e+00 1.600000000000000089e+00 2.138999999999999842e-03 8.899999999999999491e-04 9.999970000000000248e-01 8.861860000000000293e-01 4.633240000000000136e-01 -2.308000000000000156e-03 -4.633240000000000136e-01 8.861890000000000045e-01 2.020000000000000040e-04
1.900000000000000000e+01 1.010000000000000000e+02 7.000000000000000000e+00 0.000000000000000000e+00 1.600000000000000089e+00 2.540999999999999856e-03 -1.531300000000000022e-02 9.998799999999999910e-01 8.866380000000000372e-01 4.624400000000000177e-01 4.828999999999999959e-03 -4.624579999999999802e-01 8.865189999999999459e-01 1.475199999999999949e-02
2.500000000000000000e+01 1.010000000000000000e+02 7.000000000000000000e+00 0.000000000000000000e+00 1.600000000000000089e+00 -6.830000000000000134e-04 -1.409400000000000062e-02 9.999000000000000110e-01 8.892830000000000457e-01 4.573019999999999863e-01 7.053000000000000241e-03 -4.573559999999999848e-01 8.891999999999999904e-01 1.222099999999999922e-02
2.900000000000000000e+01 1.010000000000000000e+02 7.000000000000000000e+00 0.000000000000000000e+00 1.600000000000000089e+00 1.894000000000000067e-03 -9.112999999999999573e-03 9.999569999999999848e-01 8.890409999999999702e-01 4.578200000000000047e-01 2.488999999999999893e-03 -4.578229999999999800e-01 8.889979999999999549e-01 8.968999999999999542e-03
4.000000000000000000e+00 2.500000000000000000e+01 8.000000000000000000e+00 0.000000000000000000e+00 1.600000000000000089e+00 5.672499999999999765e-02 1.879840000000000122e-01 -9.805329999999999879e-01 4.536939999999999862e-01 8.699989999999999668e-01 1.930399999999999894e-01 8.893499999999999739e-01 -4.558119999999999949e-01 -3.593699999999999672e-02
9.000000000000000000e+00 2.500000000000000000e+01 8.000000000000000000e+00 0.000000000000000000e+00 1.600000000000000089e+00 1.975000000000000193e-03 4.649000000000000354e-03 -9.999869999999999592e-01 4.482630000000000225e-01 8.938880000000000159e-01 5.041000000000000342e-03 8.939000000000000279e-01 -4.482670000000000265e-01 -3.179999999999999776e-04
1.300000000000000000e+01 2.500000000000000000e+01 8.000000000000000000e+00 0.000000000000000000e+00 1.600000000000000089e+00 -1.203999999999999992e-03 -5.121999999999999817e-03 -9.999860000000000415e-01 4.485339999999999883e-01 8.937509999999999621e-01 -5.118000000000000153e-03 8.937650000000000317e-01 -4.485339999999999883e-01 1.221000000000000080e-03
2.100000000000000000e+01 2.500000000000000000e+01 8.000000000000000000e+00 0.000000000000000000e+00 1.600000000000000089e+00 2.669999999999999847e-04 1.342000000000000094e-03 -9.999989999999999712e-01 4.499489999999999879e-01 8.930529999999999857e-01 1.319000000000000077e-03 8.930540000000000145e-01 -4.499489999999999879e-01 -3.649999999999999816e-04
2.600000000000000000e+01 2.500000000000000000e+01 8.000000000000000000e+00 0.000000000000000000e+00 1.600000000000000089e+00 2.758000000000000035e-03 8.270000000000000441e-04 -9.999959999999999960e-01 4.499059999999999726e-01 8.930740000000000345e-01 1.978999999999999856e-03 8.930719999999999770e-01 -4.499099999999999766e-01 2.090999999999999977e-03
4.000000000000000000e+00 2.400000000000000000e+01 9.000000000000000000e+00 0.000000000000000000e+00 1.600000000000000089e+00 5.166799999999999865e-02 1.970899999999999874e-01 -9.790229999999999766e-01 4.588490000000000069e-01 8.660430000000000073e-01 1.985609999999999875e-01 8.870109999999999939e-01 -4.594829999999999748e-01 -4.568799999999999945e-02
1.300000000000000000e+01 2.400000000000000000e+01 9.000000000000000000e+00 0.000000000000000000e+00 1.600000000000000089e+00 -1.164000000000000104e-03 -5.858000000000000360e-03 -9.999820000000000375e-01 4.544839999999999991e-01 8.907359999999999722e-01 -5.747000000000000372e-03 8.907540000000000457e-01 -4.544819999999999971e-01 1.626000000000000058e-03
2.100000000000000000e+01 2.400000000000000000e+01 9.000000000000000000e+00 0.000000000000000000e+00 1.600000000000000089e+00 3.029999999999999924e-04 4.600000000000000139e-04 -1.000000000000000000e+00 4.548280000000000101e-01 8.905790000000000095e-01 5.469999999999999602e-04 8.905790000000000095e-01 -4.548280000000000101e-01 6.099999999999999872e-05
2.400000000000000000e+01 2.400000000000000000e+01 9.000000000000000000e+00 0.000000000000000000e+00 1.600000000000000089e+00 1.170000000000000033e-03 1.881999999999999992e-03 -9.999980000000000535e-01 4.553809999999999802e-01 8.902940000000000298e-01 2.207999999999999893e-03 8.902959999999999763e-01 -4.553829999999999822e-01 1.849999999999999973e-04
2.700000000000000000e+01 2.400000000000000000e+01 9.000000000000000000e+00 0.000000000000000000e+00 1.600000000000000089e+00 2.588000000000000023e-03 -5.540000000000000219e-04 -9.999970000000000248e-01 4.551129999999999898e-01 8.904330000000000300e-01 6.840000000000000377e-04 8.904300000000000548e-01 -4.551129999999999898e-01 2.556000000000000112e-03
8.000000000000000000e+00 1.020000000000000000e+02 9.000000000000000000e+00 0.000000000000000000e+00 1.600000000000000089e+00 3.150000000000000022e-03 4.982000000000000317e-03 9.999829999999999552e-01 9.230019999999999891e-01 3.847659999999999969e-01 -4.824000000000000163e-03 -3.847829999999999862e-01 9.230009999999999604e-01 -3.386000000000000121e-03
1.000000000000000000e+00 3.100000000000000000e+01 1.200000000000000000e+01 0.000000000000000000e+00 1.600000000000000089e+00 5.045000000000000005e-03 5.140999999999999737e-03 9.999740000000000295e-01 5.151000000000000197e-03 9.999730000000000008e-01 -5.166999999999999718e-03 -9.999740000000000295e-01 5.177000000000000178e-03 5.017999999999999891e-03
9.000000000000000000e+00 3.100000000000000000e+01 1.200000000000000000e+01 0.000000000000000000e+00 1.600000000000000089e+00 -9.460000000000000093e-04 8.350000000000000217e-04 9.999989999999999712e-01 -7.500999999999999855e-03 9.999719999999999720e-01 -8.419999999999999750e-04 -9.999710000000000543e-01 -7.501999999999999988e-03 -9.389999999999999476e-04
1.800000000000000000e+01 3.100000000000000000e+01 1.200000000000000000e+01 0.000000000000000000e+00 1.600000000000000089e+00 4.319999999999999838e-04 -1.010000000000000047e-03 9.999989999999999712e-01 -1.037599999999999981e-02 9.999460000000000015e-01 1.013999999999999927e-03 -9.999460000000000015e-01 -1.037599999999999981e-02 4.220000000000000118e-04
6.000000000000000000e+00 3.500000000000000000e+01 1.200000000000000000e+01 0.000000000000000000e+00 1.600000000000000089e+00 7.269000000000000287e-03 -2.645199999999999982e-02 -9.996239999999999570e-01 5.331120000000000303e-01 -8.456369999999999720e-01 2.625399999999999956e-02 -8.460140000000000438e-01 -5.331019999999999648e-01 7.955000000000000265e-03
1.300000000000000000e+01 3.500000000000000000e+01 1.200000000000000000e+01 0.000000000000000000e+00 1.600000000000000089e+00 -8.829999999999999958e-04 8.350000000000000217e-04 -9.999989999999999712e-01 5.147650000000000281e-01 -8.573309999999999542e-01 -1.170000000000000033e-03 -8.573309999999999542e-01 -5.147650000000000281e-01 3.280000000000000038e-04
1.700000000000000000e+01 3.500000000000000000e+01 1.200000000000000000e+01 0.000000000000000000e+00 1.600000000000000089e+00 -4.420000000000000101e-04 -1.886000000000000090e-03 -9.999980000000000535e-01 5.036739999999999551e-01 -8.638919999999999932e-01 1.405999999999999915e-03 -8.638930000000000220e-01 -5.036730000000000373e-01 1.332000000000000068e-03
2.100000000000000000e+01 3.500000000000000000e+01 1.200000000000000000e+01 0.000000000000000000e+00 1.600000000000000089e+00 6.068999999999999742e-03 -4.834999999999999888e-03 -9.999700000000000255e-01 4.968790000000000151e-01 -8.677899999999999503e-01 7.211000000000000396e-03 -8.677989999999999871e-01 -4.969080000000000163e-01 -2.863999999999999792e-03
2.600000000000000000e+01 3.500000000000000000e+01 1.200000000000000000e+01 0.000000000000000000e+00 1.600000000000000089e+00 7.979999999999999897e-04 6.949999999999999798e-04 -9.999989999999999712e-01 5.065720000000000223e-01 -8.621980000000000199e-01 -1.949999999999999965e-04 -8.621969999999999912e-01 -5.065709999999999935e-01 -1.039999999999999909e-03
3.000000000000000000e+01 3.500000000000000000e+01 1.200000000000000000e+01 0.000000000000000000e+00 1.600000000000000089e+00 -1.371000000000000040e-03 3.173000000000000039e-03 -9.999940000000000495e-01 5.254389999999999894e-01 -8.508250000000000535e-01 -3.419999999999999863e-03 -8.508299999999999752e-01 -5.254400000000000182e-01 -5.000000000000000104e-04
4.000000000000000000e+00 1.200000000000000000e+01 1.500000000000000000e+01 0.000000000000000000e+00 1.600000000000000089e+00 -4.388000000000000234e-02 -6.136099999999999888e-02 -9.971510000000000096e-01 -4.632459999999999911e-01 -8.830729999999999968e-01 7.472600000000000076e-02 -8.851430000000000131e-01 4.652060000000000084e-01 1.032399999999999984e-02
1.200000000000000000e+01 1.200000000000000000e+01 1.500000000000000000e+01 0.000000000000000000e+00 1.600000000000000089e+00 -1.769999999999999926e-04 6.932999999999999927e-03 -9.999759999999999760e-01 -4.700179999999999914e-01 -8.826359999999999761e-01 -6.035999999999999699e-03 -8.826570000000000249e-01 4.700059999999999794e-01 3.415000000000000067e-03
1.900000000000000000e+01 1.200000000000000000e+01 1.500000000000000000e+01 0.000000000000000000e+00 1.600000000000000089e+00 3.620000000000000171e-04 2.775000000000000123e-03 -9.999959999999999960e-01 -4.688459999999999850e-01 -8.832759999999999501e-01 -2.621000000000000066e-03 -8.832799999999999541e-01 4.688450000000000117e-01 9.810000000000001011e-04
2.500000000000000000e+01 1.200000000000000000e+01 1.500000000000000000e+01 0.000000000000000000e+00 1.600000000000000089e+00 3.739999999999999835e-04 -4.734000000000000360e-03 -9.999890000000000168e-01 -4.676719999999999766e-01 -8.838930000000000398e-01 4.009000000000000410e-03 -8.839019999999999655e-01 4.676649999999999974e-01 -2.544999999999999953e-03
1.100000000000000000e+01 1.100000000000000000e+01 1.600000000000000000e+01 0.000000000000000000e+00 1.600000000000000089e+00 -5.000000000000000240e-05 4.749999999999999882e-03 -9.999890000000000168e-01 -4.126639999999999753e-01 -9.108730000000000437e-01 -4.305999999999999932e-03 -9.108829999999999982e-01 4.126589999999999980e-01 2.004999999999999838e-03
1.000000000000000000e+00 1.160000000000000000e+02 1.600000000000000000e+01 0.000000000000000000e+00 1.600000000000000089e+00 2.469100000000000114e-02 4.096500000000000141e-02 9.988550000000000484e-01 7.322159999999999780e-01 6.795200000000000129e-01 -4.596800000000000191e-02 -6.806250000000000355e-01 7.325129999999999697e-01 -1.321800000000000058e-02
7.000000000000000000e+00 1.160000000000000000e+02 1.600000000000000000e+01 0.000000000000000000e+00 1.600000000000000089e+00 2.762000000000000132e-03 4.316999999999999657e-03 9.999869999999999592e-01 7.560820000000000318e-01 6.544590000000000130e-01 -4.912999999999999833e-03 -6.544710000000000250e-01 7.560850000000000071e-01 -1.456000000000000046e-03
1.200000000000000000e+01 1.160000000000000000e+02 1.600000000000000000e+01 0.000000000000000000e+00 1.600000000000000089e+00 -8.559999999999999901e-04 -2.126999999999999984e-03 9.999970000000000248e-01 7.523279999999999967e-01 6.587859999999999827e-01 2.044999999999999943e-03 -6.587889999999999580e-01 7.523279999999999967e-01 1.036000000000000029e-03
1.900000000000000000e+01 1.160000000000000000e+02 1.600000000000000000e+01 0.000000000000000000e+00 1.600000000000000089e+00 -2.157000000000000063e-03 -5.839999999999999922e-04 9.999970000000000248e-01 7.059940000000000104e-01 7.082150000000000389e-01 1.936000000000000004e-03 -7.082140000000000102e-01 7.059969999999999857e-01 -1.116000000000000021e-03
2.800000000000000000e+01 1.160000000000000000e+02 1.600000000000000000e+01 0.000000000000000000e+00 1.600000000000000089e+00 -2.684999999999999887e-03 -2.629999999999999959e-04 9.999959999999999960e-01 7.695210000000000106e-01 6.386180000000000190e-01 2.233999999999999875e-03 -6.386159999999999615e-01 7.695239999999999858e-01 -1.512000000000000106e-03
1.000000000000000000e+01 2.000000000000000000e+00 1.900000000000000000e+01 0.000000000000000000e+00 1.600000000000000089e+00 -5.249999999999999676e-04 1.609000000000000014e-02 -9.998700000000000365e-01 2.582550000000000123e-01 -9.659499999999999753e-01 -1.567999999999999949e-02 -9.660769999999999635e-01 -2.582300000000000151e-01 -3.648000000000000201e-03
1.300000000000000000e+01 2.000000000000000000e+00 1.900000000000000000e+01 0.000000000000000000e+00 1.600000000000000089e+00 3.938999999999999793e-03 1.806999999999999926e-02 -9.998289999999999678e-01 2.533929999999999794e-01 -9.672230000000000549e-01 -1.648200000000000012e-02 -9.673549999999999649e-01 -2.532849999999999824e-01 -8.387999999999999623e-03
2.200000000000000000e+01 2.000000000000000000e+00 1.900000000000000000e+01 0.000000000000000000e+00 1.600000000000000089e+00 5.400000000000000286e-03 1.606000000000000136e-02 -9.998559999999999670e-01 2.537650000000000183e-01 -9.671619999999999662e-01 -1.416500000000000051e-02 -9.672509999999999719e-01 -2.536519999999999886e-01 -9.298000000000000709e-03
1.600000000000000000e+01 4.000000000000000000e+00 2.000000000000000000e+01 0.000000000000000000e+00 1.600000000000000089e+00 9.759999999999999796e-04 6.118000000000000174e-03 -9.999810000000000088e-01 4.535049999999999915e-01 -8.912400000000000322e-01 -5.009999999999999697e-03 -8.912529999999999619e-01 -4.534909999999999775e-01 -3.644999999999999803e-03
4.000000000000000000e+00 1.300000000000000000e+01 2.000000000000000000e+01 0.000000000000000000e+00 1.600000000000000089e+00 4.219999999999999793e-03 6.256100000000000549e-02 9.980320000000000302e-01 2.598150000000000182e-01 9.636980000000000546e-01 -6.150800000000000017e-02 -9.656489999999999796e-01 2.595629999999999882e-01 -1.218699999999999992e-02
1.000000000000000000e+01 1.300000000000000000e+01 2.000000000000000000e+01 0.000000000000000000e+00 1.600000000000000089e+00 5.060000000000000478e-04 1.895999999999999899e-03 9.999980000000000535e-01 2.575830000000000064e-01 9.662539999999999463e-01 -1.962999999999999901e-03 -9.662560000000000038e-01 2.575830000000000064e-01 9.999999999999999547e-07
1.500000000000000000e+01 1.300000000000000000e+01 2.000000000000000000e+01 0.000000000000000000e+00 1.600000000000000089e+00 -6.819999999999999890e-04 5.354000000000000252e-03 9.999850000000000128e-01 2.589029999999999943e-01 9.658900000000000263e-01 -4.995000000000000308e-03 -9.659029999999999561e-01 2.588960000000000150e-01 -2.044999999999999943e-03
1.900000000000000000e+01 1.300000000000000000e+01 2.000000000000000000e+01 0.000000000000000000e+00 1.600000000000000089e+00 -2.979999999999999793e-04 -1.417999999999999990e-03 9.999989999999999712e-01 2.617650000000000254e-01 9.651309999999999611e-01 1.446000000000000020e-03 -9.651319999999999899e-01 2.617650000000000254e-01 8.399999999999999535e-05
2.600000000000000000e+01 1.300000000000000000e+01 2.000000000000000000e+01 0.000000000000000000e+00 1.600000000000000089e+00 4.110000000000000155e-04 -4.920000000000000328e-04 1.000000000000000000e+00 2.587409999999999988e-01 9.659470000000000001e-01 3.690000000000000246e-04 -9.659470000000000001e-01 2.587400000000000255e-01 5.240000000000000517e-04
4.000000000000000000e+00 1.600000000000000000e+01 2.100000000000000000e+01 0.000000000000000000e+00 1.600000000000000089e+00 7.159000000000000433e-03 6.693200000000000538e-02 9.977319999999999522e-01 2.979539999999999966e-01 9.522939999999999738e-01 -6.602199999999999736e-02 -9.545529999999999848e-01 2.977509999999999879e-01 -1.312499999999999951e-02
9.000000000000000000e+00 1.600000000000000000e+01 2.100000000000000000e+01 0.000000000000000000e+00 1.600000000000000089e+00 3.629999999999999872e-04 3.746999999999999897e-03 9.999930000000000208e-01 2.997830000000000217e-01 9.539999999999999591e-01 -3.683000000000000076e-03 -9.540079999999999671e-01 2.997819999999999929e-01 -7.770000000000000214e-04
1.000000000000000000e+01 3.000000000000000000e+00 2.500000000000000000e+01 0.000000000000000000e+00 1.600000000000000089e+00 -2.400000000000000061e-05 4.760999999999999607e-03 9.999890000000000168e-01 -3.108299999999999952e-02 -9.995060000000000056e-01 4.758000000000000076e-03 9.995169999999999888e-01 -3.108199999999999852e-02 1.720000000000000066e-04
1.900000000000000000e+01 3.000000000000000000e+00 2.500000000000000000e+01 0.000000000000000000e+00 1.600000000000000089e+00 -9.350000000000000672e-03 -2.534999999999999927e-03 9.999529999999999808e-01 -3.682799999999999963e-02 -9.993170000000000108e-01 -2.876999999999999783e-03 9.992779999999999996e-01 -3.685299999999999687e-02 9.249999999999999542e-03
2.500000000000000000e+01 3.000000000000000000e+00 2.500000000000000000e+01 0.000000000000000000e+00 1.600000000000000089e+00 -4.920000000000000328e-04 6.793999999999999692e-03 9.999770000000000048e-01 -3.325999999999999790e-02 -9.994239999999999791e-01 6.773999999999999640e-03 9.994469999999999743e-01 -3.325600000000000084e-02 7.179999999999999967e-04
2.900000000000000000e+01 4.600000000000000000e+01 3.000000000000000000e+01 0.000000000000000000e+00 1.600000000000000089e+00 -7.330000000000000361e-04 -6.220000000000000485e-04 -1.000000000000000000e+00 3.266229999999999967e-01 9.451540000000000497e-01 -8.279999999999999600e-04 9.451540000000000497e-01 -3.266240000000000254e-01 -4.889999999999999599e-04
1.000000000000000000e+00 5.800000000000000000e+01 3.100000000000000000e+01 0.000000000000000000e+00 1.600000000000000089e+00 3.325899999999999690e-02 6.564300000000000690e-02 9.972889999999999810e-01 -7.824860000000000149e-01 -6.190700000000000092e-01 6.684400000000000064e-02 6.217789999999999706e-01 -7.825879999999999503e-01 3.077500000000000027e-02
7.000000000000000000e+00 5.800000000000000000e+01 3.100000000000000000e+01 0.000000000000000000e+00 1.600000000000000089e+00 2.959999999999999958e-03 9.235000000000000153e-03 9.999529999999999808e-01 -7.705720000000000347e-01 -6.372999999999999776e-01 8.167000000000000648e-03 6.373450000000000504e-01 -7.705600000000000227e-01 5.230000000000000274e-03
1.200000000000000000e+01 5.800000000000000000e+01 3.100000000000000000e+01 0.000000000000000000e+00 1.600000000000000089e+00 -3.890999999999999927e-03 -1.899000000000000080e-03 9.999909999999999632e-01 -7.698859999999999593e-01 -6.381679999999999575e-01 -4.206999999999999802e-03 6.381700000000000150e-01 -7.698949999999999960e-01 1.021999999999999905e-03
2.200000000000000000e+01 5.800000000000000000e+01 3.100000000000000000e+01 0.000000000000000000e+00 1.600000000000000089e+00 4.299999999999999894e-04 4.919999999999999894e-03 9.999879999999999880e-01 -7.706349999999999589e-01 -6.372679999999999456e-01 3.467000000000000030e-03 6.372769999999999824e-01 -7.706269999999999509e-01 3.517999999999999860e-03
3.000000000000000000e+01 5.800000000000000000e+01 3.100000000000000000e+01 0.000000000000000000e+00 1.600000000000000089e+00 -1.868000000000000086e-03 -4.394000000000000336e-03 9.999890000000000168e-01 -7.656739999999999657e-01 -6.432149999999999812e-01 -4.257000000000000367e-03 6.432259999999999645e-01 -7.656730000000000480e-01 -2.162999999999999992e-03
1.000000000000000000e+00 4.600000000000000000e+01 3.500000000000000000e+01 0.000000000000000000e+00 1.600000000000000089e+00 -9.510000000000000224e-04 4.649199999999999861e-02 -9.989179999999999726e-01 3.913499999999999757e-01 -9.192289999999999628e-01 -4.315499999999999892e-02 -9.202409999999999757e-01 -3.909679999999999822e-01 -1.732099999999999959e-02
6.000000000000000000e+00 4.600000000000000000e+01 3.500000000000000000e+01 0.000000000000000000e+00 1.600000000000000089e+00 -7.129999999999999836e-04 1.413599999999999926e-02 -9.999000000000000110e-01 3.948209999999999775e-01 -9.186619999999999786e-01 -1.326899999999999955e-02 -9.187579999999999636e-01 -3.947910000000000030e-01 -4.926999999999999956e-03
9.000000000000000000e+00 4.600000000000000000e+01 3.500000000000000000e+01 0.000000000000000000e+00 1.600000000000000089e+00 -7.360000000000000006e-04 1.075000000000000001e-03 -9.999989999999999712e-01 3.948240000000000083e-01 -9.187560000000000171e-01 -1.278000000000000056e-03 -9.187570000000000459e-01 -3.948249999999999815e-01 2.519999999999999996e-04
1.300000000000000000e+01 4.600000000000000000e+01 3.500000000000000000e+01 0.000000000000000000e+00 1.600000000000000089e+00 -4.079999999999999968e-04 -1.513000000000000022e-03 -9.999989999999999712e-01 3.929239999999999955e-01 -9.195699999999999985e-01 1.231000000000000106e-03 -9.195710000000000273e-01 -3.929230000000000222e-01 9.690000000000000262e-04
1.600000000000000000e+01 4.600000000000000000e+01 3.500000000000000000e+01 0.000000000000000000e+00 1.600000000000000089e+00 3.099999999999999999e-04 -3.036000000000000070e-03 -9.999949999999999672e-01 3.928400000000000225e-01 -9.196020000000000305e-01 2.913999999999999924e-03 -9.196069999999999522e-01 -3.928389999999999938e-01 9.079999999999999530e-04
2.200000000000000000e+01 4.600000000000000000e+01 3.500000000000000000e+01 0.000000000000000000e+00 1.600000000000000089e+00 1.824000000000000100e-03 -1.224999999999999960e-03 -9.999980000000000535e-01 3.933530000000000082e-01 -9.193860000000000365e-01 1.843999999999999936e-03 -9.193860000000000365e-01 -3.933550000000000102e-01 -1.195000000000000099e-03
7.000000000000000000e+00 9.500000000000000000e+01 3.600000000000000000e+01 0.000000000000000000e+00 1.600000000000000089e+00 6.692000000000000032e-03 5.562700000000000283e-02 9.984290000000000109e-01 9.971149999999999736e-01 7.512099999999999334e-02 -1.086799999999999919e-02 -7.560799999999999466e-02 9.956220000000000070e-01 -5.496299999999999797e-02
1.400000000000000000e+01 9.500000000000000000e+01 3.600000000000000000e+01 0.000000000000000000e+00 1.600000000000000089e+00 8.499999999999999526e-04 -7.464000000000000148e-03 9.999719999999999720e-01 9.971649999999999681e-01 7.524400000000000532e-02 -2.860000000000000129e-04 -7.524000000000000132e-02 9.971370000000000511e-01 7.506999999999999784e-03
4.000000000000000000e+00 3.000000000000000000e+00 4.300000000000000000e+01 0.000000000000000000e+00 1.600000000000000089e+00 3.228099999999999720e-02 1.811939999999999940e-01 -9.829170000000000407e-01 7.311879999999999491e-01 -6.747509999999999897e-01 -1.003720000000000029e-01 -6.814120000000000177e-01 -7.154570000000000096e-01 -1.542679999999999885e-01
4.000000000000000000e+00 2.900000000000000000e+01 4.400000000000000000e+01 0.000000000000000000e+00 1.600000000000000089e+00 1.668400000000000091e-02 2.600099999999999981e-02 -9.995230000000000503e-01 6.479810000000000292e-01 7.610409999999999675e-01 3.061300000000000132e-02 7.614739999999999842e-01 -6.481820000000000359e-01 -4.151000000000000176e-03
1.000000000000000000e+01 2.900000000000000000e+01 4.400000000000000000e+01 0.000000000000000000e+00 1.600000000000000089e+00 2.298999999999999828e-03 2.209000000000000026e-03 -9.999949999999999672e-01 6.505549999999999944e-01 7.594530000000000447e-01 3.173000000000000039e-03 7.594560000000000199e-01 -6.505589999999999984e-01 3.089999999999999756e-04
1.200000000000000000e+01 2.900000000000000000e+01 4.400000000000000000e+01 0.000000000000000000e+00 1.600000000000000089e+00 1.139999999999999954e-03 1.662000000000000066e-03 -9.999980000000000535e-01 6.505300000000000527e-01 7.594769999999999577e-01 2.004000000000000139e-03 7.594790000000000152e-01 -6.505309999999999704e-01 -2.159999999999999919e-04
1.800000000000000000e+01 2.900000000000000000e+01 4.400000000000000000e+01 0.000000000000000000e+00 1.600000000000000089e+00 -2.357000000000000154e-03 3.269999999999999795e-04 -9.999970000000000248e-01 6.486070000000000446e-01 7.611219999999999652e-01 -1.280000000000000105e-03 7.611200000000000188e-01 -6.486079999999999623e-01 -2.005999999999999971e-03
2.300000000000000000e+01 2.900000000000000000e+01 4.400000000000000000e+01 0.000000000000000000e+00 1.600000000000000089e+00 1.054999999999999948e-03 -4.600000000000000139e-04 -9.999989999999999712e-01 6.517049999999999788e-01 7.584720000000000351e-01 3.379999999999999758e-04 7.584710000000000063e-01 -6.517049999999999788e-01 1.100000000000000066e-03
1.100000000000000000e+01 6.500000000000000000e+01 4.600000000000000000e+01 0.000000000000000000e+00 1.600000000000000089e+00 -2.509999999999999753e-04 -5.910000000000000539e-04 1.000000000000000000e+00 6.815830000000000499e-01 -7.317399999999999460e-01 -2.610000000000000015e-04 7.317399999999999460e-01 6.815830000000000499e-01 5.869999999999999567e-04
2.500000000000000000e+01 7.000000000000000000e+01 4.700000000000000000e+01 0.000000000000000000e+00 1.600000000000000089e+00 1.918999999999999916e-03 -5.693000000000000144e-03 -9.999820000000000375e-01 -8.425829999999999709e-01 -5.385649999999999604e-01 1.448999999999999984e-03 -5.385640000000000427e-01 8.425650000000000084e-01 -5.830000000000000113e-03
1.000000000000000000e+00 5.000000000000000000e+00 5.100000000000000000e+01 0.000000000000000000e+00 1.600000000000000089e+00 2.489600000000000146e-02 8.132200000000000539e-02 -9.963769999999999571e-01 4.869820000000000260e-01 -8.714199999999999724e-01 -5.895500000000000046e-02 -8.730569999999999720e-01 -4.837500000000000133e-01 -6.129699999999999732e-02
7.000000000000000000e+00 5.000000000000000000e+00 5.100000000000000000e+01 0.000000000000000000e+00 1.600000000000000089e+00 2.909000000000000127e-03 1.610400000000000026e-02 -9.998660000000000325e-01 4.834319999999999729e-01 -8.752900000000000125e-01 -1.269099999999999916e-02 -8.753769999999999607e-01 -4.833299999999999819e-01 -1.033199999999999917e-02
1.600000000000000000e+01 5.000000000000000000e+00 5.100000000000000000e+01 0.000000000000000000e+00 1.600000000000000089e+00 3.462999999999999932e-03 -2.677999999999999825e-03 -9.999900000000000455e-01 4.794869999999999965e-01 -8.775399999999999867e-01 4.009999999999999676e-03 -8.775420000000000442e-01 -4.794970000000000065e-01 -1.755000000000000050e-03
2.000000000000000000e+01 5.000000000000000000e+00 5.100000000000000000e+01 0.000000000000000000e+00 1.600000000000000089e+00 -2.602999999999999845e-03 -1.465499999999999962e-02 -9.998890000000000278e-01 4.785690000000000222e-01 -8.779730000000000034e-01 1.162200000000000039e-02 -8.780459999999999932e-01 -4.784860000000000224e-01 9.298999999999999974e-03
2.600000000000000000e+01 5.000000000000000000e+00 5.100000000000000000e+01 0.000000000000000000e+00 1.600000000000000089e+00 2.001000000000000174e-03 5.158000000000000258e-03 -9.999850000000000128e-01 4.734880000000000200e-01 -8.807930000000000481e-01 -3.595000000000000105e-03 -8.807979999999999698e-01 -4.734729999999999772e-01 -4.205000000000000404e-03
2.800000000000000000e+01 1.150000000000000000e+02 5.100000000000000000e+01 0.000000000000000000e+00 1.600000000000000089e+00 1.203000000000000076e-03 2.148000000000000170e-03 9.999970000000000248e-01 8.483460000000000445e-01 -5.294419999999999682e-01 1.169999999999999979e-04 5.294400000000000217e-01 8.483439999999999870e-01 -2.458999999999999814e-03
4.000000000000000000e+00 6.300000000000000000e+01 5.400000000000000000e+01 0.000000000000000000e+00 1.600000000000000089e+00 4.695000000000000388e-03 2.670200000000000004e-02 9.996319999999999650e-01 -3.527759999999999785e-01 9.354170000000000540e-01 -2.333000000000000004e-02 -9.356959999999999722e-01 -3.525369999999999893e-01 1.381199999999999962e-02
8.000000000000000000e+00 6.300000000000000000e+01 5.400000000000000000e+01 0.000000000000000000e+00 1.600000000000000089e+00 5.990000000000000316e-04 8.500000000000000611e-05 1.000000000000000000e+00 -3.475739999999999941e-01 9.376520000000000410e-01 1.279999999999999942e-04 -9.376520000000000410e-01 -3.475739999999999941e-01 5.919999999999999698e-04
1.400000000000000000e+01 6.300000000000000000e+01 5.400000000000000000e+01 0.000000000000000000e+00 1.600000000000000089e+00 -1.191000000000000001e-03 4.213999999999999864e-03 9.999900000000000455e-01 -3.408900000000000263e-01 9.400929999999999565e-01 -4.368000000000000355e-03 -9.401019999999999932e-01 -3.408919999999999728e-01 3.170000000000000075e-04
2.100000000000000000e+01 6.300000000000000000e+01 5.400000000000000000e+01 0.000000000000000000e+00 1.600000000000000089e+00 9.849999999999999815e-04 -4.719999999999999803e-04 9.999989999999999712e-01 -3.351790000000000047e-01 9.421540000000000470e-01 7.749999999999999728e-04 -9.421540000000000470e-01 -3.351790000000000047e-01 7.699999999999999597e-04
2.600000000000000000e+01 6.300000000000000000e+01 5.400000000000000000e+01 0.000000000000000000e+00 1.600000000000000089e+00 1.593000000000000015e-03 -6.880000000000000265e-04 9.999989999999999712e-01 -3.413430000000000075e-01 9.399380000000000512e-01 1.191000000000000001e-03 -9.399380000000000512e-01 -3.413439999999999808e-01 1.262000000000000101e-03
2.000000000000000000e+00 2.500000000000000000e+01 5.500000000000000000e+01 0.000000000000000000e+00 1.600000000000000089e+00 1.317000000000000028e-03 7.706000000000000176e-03 -9.999689999999999968e-01 -1.258699999999999923e-02 -9.998909999999999743e-01 -7.721999999999999698e-03 -9.999200000000000310e-01 1.259700000000000056e-02 -1.219999999999999947e-03
5.000000000000000000e+00 2.500000000000000000e+01 5.500000000000000000e+01 0.000000000000000000e+00 1.600000000000000089e+00 2.145999999999999904e-03 5.687000000000000215e-03 -9.999820000000000375e-01 -1.279699999999999935e-02 -9.999019999999999575e-01 -5.714000000000000329e-03 -9.999160000000000270e-01 1.280899999999999921e-02 -2.073000000000000190e-03
1.200000000000000000e+01 2.500000000000000000e+01 5.500000000000000000e+01 0.000000000000000000e+00 1.600000000000000089e+00 -3.260000000000000094e-04 1.060000000000000016e-04 -1.000000000000000000e+00 -1.187900000000000067e-02 -9.999289999999999567e-01 -1.019999999999999992e-04 -9.999289999999999567e-01 1.187900000000000067e-02 3.269999999999999795e-04
1.600000000000000000e+01 2.500000000000000000e+01 5.500000000000000000e+01 0.000000000000000000e+00 1.600000000000000089e+00 1.528999999999999977e-03 -2.101000000000000003e-03 -9.999970000000000248e-01 -1.194600000000000002e-02 -9.999259999999999815e-01 2.083000000000000216e-03 -9.999270000000000103e-01 1.194300000000000049e-02 -1.554000000000000043e-03
1.900000000000000000e+01 2.500000000000000000e+01 5.500000000000000000e+01 0.000000000000000000e+00 1.600000000000000089e+00 1.631999999999999987e-03 6.930000000000000396e-04 -9.999980000000000535e-01 -1.269400000000000042e-02 -9.999190000000000023e-01 -7.140000000000000079e-04 -9.999179999999999735e-01 1.269499999999999969e-02 -1.623000000000000094e-03
2.500000000000000000e+01 2.500000000000000000e+01 5.500000000000000000e+01 0.000000000000000000e+00 1.600000000000000089e+00 9.669999999999999776e-04 4.700000000000000185e-03 -9.999879999999999880e-01 -9.825000000000000400e-03 -9.999409999999999688e-01 -4.709999999999999777e-03 -9.999510000000000343e-01 9.828999999999999196e-03 -9.210000000000000521e-04
5.000000000000000000e+00 2.100000000000000000e+01 6.000000000000000000e+01 0.000000000000000000e+00 1.600000000000000089e+00 -2.887999999999999942e-03 3.788799999999999807e-02 9.992779999999999996e-01 -9.347999999999999365e-02 9.948960000000000026e-01 -3.799199999999999799e-02 -9.956169999999999742e-01 -9.352199999999999402e-02 6.679999999999999740e-04
1.400000000000000000e+01 2.100000000000000000e+01 6.000000000000000000e+01 0.000000000000000000e+00 1.600000000000000089e+00 9.250000000000000409e-04 -7.667000000000000204e-03 9.999700000000000255e-01 -9.451900000000000579e-02 9.954929999999999612e-01 7.720000000000000299e-03 -9.955230000000000468e-01 -9.452299999999999591e-02 1.959999999999999937e-04
2.300000000000000000e+01 2.100000000000000000e+01 6.000000000000000000e+01 0.000000000000000000e+00 1.600000000000000089e+00 1.969999999999999909e-04 -1.580000000000000024e-03 9.999989999999999712e-01 -9.524100000000000621e-02 9.954530000000000323e-01 1.592000000000000099e-03 -9.954539999999999500e-01 -9.524100000000000621e-02 4.600000000000000004e-05
2.700000000000000000e+01 2.100000000000000000e+01 6.000000000000000000e+01 0.000000000000000000e+00 1.600000000000000089e+00 -4.899999999999999842e-04 2.134000000000000046e-03 9.999980000000000535e-01 -9.423700000000000132e-02 9.955469999999999597e-01 -2.171000000000000187e-03 -9.955500000000000460e-01 -9.423800000000000232e-02 -2.860000000000000129e-04
1.900000000000000000e+01 6.700000000000000000e+01 6.000000000000000000e+01 0.000000000000000000e+00 1.600000000000000089e+00 -1.396000000000000105e-03 -3.168999999999999942e-03 9.999940000000000495e-01 1.744650000000000090e-01 -9.846589999999999510e-01 -2.876999999999999783e-03 9.846620000000000372e-01 1.744600000000000040e-01 1.928000000000000026e-03
2.400000000000000000e+01 6.000000000000000000e+00 6.100000000000000000e+01 0.000000000000000000e+00 1.600000000000000089e+00 1.654000000000000088e-03 -9.471000000000000252e-03 9.999540000000000095e-01 5.662599999999999856e-01 -8.241800000000000237e-01 -8.743000000000000771e-03 8.242249999999999854e-01 5.662479999999999736e-01 4.000000000000000083e-03
7.000000000000000000e+00 3.000000000000000000e+00 6.300000000000000000e+01 0.000000000000000000e+00 1.600000000000000089e+00 9.489999999999999738e-04 2.379399999999999918e-02 9.997160000000000490e-01 -6.174709999999999921e-01 7.863850000000000007e-01 -1.813100000000000128e-02 -7.865929999999999866e-01 -6.172779999999999934e-01 1.543800000000000033e-02
1.100000000000000000e+01 3.000000000000000000e+00 6.300000000000000000e+01 0.000000000000000000e+00 1.600000000000000089e+00 9.359999999999999831e-04 4.683999999999999796e-03 9.999890000000000168e-01 -6.154910000000000103e-01 7.881380000000000052e-01 -3.115999999999999846e-03 -7.881430000000000380e-01 -6.154809999999999448e-01 3.619999999999999954e-03
6.000000000000000000e+00 2.700000000000000000e+01 6.300000000000000000e+01 0.000000000000000000e+00 1.600000000000000089e+00 -1.618999999999999996e-03 1.370299999999999990e-02 9.999050000000000438e-01 -2.800639999999999796e-01 9.598849999999999882e-01 -1.360800000000000030e-02 -9.599800000000000555e-01 -2.800590000000000024e-01 2.282999999999999873e-03
1.000000000000000000e+01 2.700000000000000000e+01 6.300000000000000000e+01 0.000000000000000000e+00 1.600000000000000089e+00 2.468000000000000142e-03 2.485999999999999929e-03 9.999940000000000495e-01 -2.774960000000000204e-01 9.607250000000000512e-01 -1.703000000000000087e-03 -9.607240000000000224e-01 -2.774900000000000144e-01 3.060999999999999919e-03
1.500000000000000000e+01 2.700000000000000000e+01 6.300000000000000000e+01 0.000000000000000000e+00 1.600000000000000089e+00 -5.890000000000000053e-04 7.209999999999999612e-04 1.000000000000000000e+00 -2.750299999999999967e-01 9.614350000000000396e-01 -8.549999999999999658e-04 -9.614359999999999573e-01 -2.750299999999999967e-01 -3.680000000000000003e-04
2.000000000000000000e+01 2.700000000000000000e+01 6.300000000000000000e+01 0.000000000000000000e+00 1.600000000000000089e+00 -6.089999999999999494e-04 4.800000000000000122e-05 1.000000000000000000e+00 -2.788379999999999748e-01 9.603380000000000249e-01 -2.159999999999999919e-04 -9.603380000000000249e-01 -2.788390000000000035e-01 -5.720000000000000258e-04
