5.000000000000000000e+00 2.500000000000000000e+01 1.000000000000000000e+00 0.000000000000000000e+00 1.600000000000000089e+00 8.180000000000000422e-04 -1.013000000000000012e-03 -9.999989999999999712e-01 -5.270369999999999777e-01 -8.498419999999999863e-01 4.299999999999999894e-04 -8.498419999999999863e-01 5.270359999999999490e-01 -1.227999999999999925e-03
2.400000000000000000e+01 2.500000000000000000e+01 1.000000000000000000e+00 0.000000000000000000e+00 1.600000000000000089e+00 8.649999999999999920e-04 -9.015999999999999709e-03 -9.999590000000000423e-01 -5.268140000000000045e-01 -8.499499999999999833e-01 7.207999999999999997e-03 -8.499799999999999578e-01 5.267859999999999765e-01 -5.485000000000000292e-03
6.000000000000000000e+00 1.500000000000000000e+01 4.000000000000000000e+00 0.000000000000000000e+00 1.600000000000000089e+00 6.650000000000000095e-04 -7.399999999999999623e-05 1.000000000000000000e+00 3.294279999999999986e-01 -9.441810000000000480e-01 -2.889999999999999774e-04 9.441810000000000480e-01 3.294279999999999986e-01 -6.030000000000000204e-04
9.000000000000000000e+00 1.500000000000000000e+01 4.000000000000000000e+00 0.000000000000000000e+00 1.600000000000000089e+00 -6.319999999999999663e-04 3.426999999999999925e-03 9.999940000000000495e-01 3.286180000000000212e-01 -9.444569999999999910e-01 3.445000000000000145e-03 9.444630000000000525e-01 3.286180000000000212e-01 -5.289999999999999564e-04
1.500000000000000000e+01 1.500000000000000000e+01 4.000000000000000000e+00 0.000000000000000000e+00 1.600000000000000089e+00 -8.520000000000000013e-04 4.939999999999999730e-04 1.000000000000000000e+00 3.234870000000000245e-01 -9.462319999999999620e-01 7.429999999999999539e-04 9.462319999999999620e-01 3.234879999999999978e-01 6.470000000000000057e-04
2.000000000000000000e+01 1.500000000000000000e+01 4.000000000000000000e+00 0.000000000000000000e+00 1.600000000000000089e+00 -2.020000000000000040e-04 4.759000000000000209e-03 9.999890000000000168e-01 3.231370000000000076e-01 -9.463409999999999878e-01 4.569000000000000145e-03 9.463519999999999710e-01 3.231350000000000056e-01 -1.347000000000000107e-03
2.700000000000000000e+01 1.500000000000000000e+01 4.000000000000000000e+00 0.000000000000000000e+00 1.600000000000000089e+00 3.469999999999999994e-03 1.263000000000000060e-02 9.999139999999999695e-01 3.218219999999999970e-01 -9.467379999999999685e-01 1.084099999999999994e-02 9.467940000000000245e-01 3.217559999999999865e-01 -7.349999999999999763e-03
2.000000000000000000e+00 1.010000000000000000e+02 7.000000000000000000e+00 0.000000000000000000e+00 1.600000000000000089e+00 2.346900000000000028e-02 -6.573800000000000476e-02 9.975610000000000310e-01 8.845229999999999482e-01 4.663900000000000268e-01 9.924999999999999795e-03 -4.659050000000000136e-01 8.821329999999999449e-01 6.909300000000000164e-02
1.800000000000000000e+01 1.010000000000000000e+02 7.000000000000000000e+00 0.000000000000000000e+00 1.600000000000000089e+00 1.722999999999999922e-03 -8.260000000000000198e-04 9.999980000000000535e-01 8.858070000000000110e-01 4.640529999999999933e-01 -1.142999999999999919e-03 -4.640509999999999913e-01 8.858070000000000110e-01 1.531000000000000026e-03
2.200000000000000000e+01 1.010000000000000000e+02 7.000000000000000000e+00 0.000000000000000000e+00 1.600000000000000089e+00 5.584000000000000422e-03 -1.577299999999999883e-02 9.998599999999999710e-01 8.907800000000000162e-01 4.544290000000000274e-01 2.194000000000000204e-03 -4.544000000000000261e-01 8.906429999999999625e-01 1.658799999999999858e-02
2.600000000000000000e+01 1.010000000000000000e+02 7.000000000000000000e+00 0.000000000000000000e+00 1.600000000000000089e+00 -8.180000000000000422e-04 1.347399999999999987e-02 9.999090000000000478e-01 8.917960000000000331e-01 4.524070000000000036e-01 -5.366000000000000110e-03 -4.524380000000000068e-01 8.917100000000000026e-01 -1.238599999999999944e-02
4.000000000000000000e+00 2.500000000000000000e+01 8.000000000000000000e+00 0.000000000000000000e+00 1.600000000000000089e+00 -3.669999999999999760e-04 -4.139999999999999583e-03 -9.999909999999999632e-01 4.530609999999999915e-01 8.914710000000000134e-01 -3.857999999999999884e-03 8.914790000000000214e-01 -4.530580000000000163e-01 1.547999999999999897e-03
1.300000000000000000e+01 2.500000000000000000e+01 8.000000000000000000e+00 0.000000000000000000e+00 1.600000000000000089e+00 -2.072000000000000057e-03 4.493999999999999731e-03 -9.999879999999999880e-01 4.517149999999999777e-01 8.921569999999999778e-01 3.073999999999999910e-03 8.921599999999999531e-01 -4.517030000000000212e-01 -3.877999999999999937e-03
1.700000000000000000e+01 2.500000000000000000e+01 8.000000000000000000e+00 0.000000000000000000e+00 1.600000000000000089e+00 -2.942000000000000171e-03 2.452000000000000186e-03 -9.999930000000000208e-01 4.490430000000000255e-01 8.935100000000000264e-01 8.700000000000000051e-04 8.935049999999999937e-01 -4.490370000000000195e-01 -3.729999999999999809e-03
2.100000000000000000e+01 2.500000000000000000e+01 8.000000000000000000e+00 0.000000000000000000e+00 1.600000000000000089e+00 -1.448999999999999984e-03 -4.667000000000000141e-03 -9.999879999999999880e-01 4.484500000000000153e-01 8.937950000000000061e-01 -4.820999999999999765e-03 8.938070000000000181e-01 -4.484509999999999885e-01 7.979999999999999897e-04
2.800000000000000000e+01 2.500000000000000000e+01 8.000000000000000000e+00 0.000000000000000000e+00 1.600000000000000089e+00 -1.688999999999999963e-03 -5.395999999999999755e-03 -9.999839999999999840e-01 4.509770000000000167e-01 8.925180000000000335e-01 -5.577999999999999625e-03 8.925340000000000495e-01 -4.509799999999999920e-01 9.259999999999999568e-04
5.000000000000000000e+00 2.400000000000000000e+01 9.000000000000000000e+00 0.000000000000000000e+00 1.600000000000000089e+00 -6.009999999999999717e-04 -4.075999999999999762e-03 -9.999909999999999632e-01 4.557649999999999757e-01 8.900919999999999943e-01 -3.902000000000000086e-03 8.901000000000000023e-01 -4.557640000000000025e-01 1.322000000000000041e-03
1.200000000000000000e+01 2.400000000000000000e+01 9.000000000000000000e+00 0.000000000000000000e+00 1.600000000000000089e+00 -1.435999999999999993e-03 4.503000000000000058e-03 -9.999890000000000168e-01 4.567840000000000233e-01 8.895710000000000006e-01 3.350000000000000113e-03 8.895760000000000334e-01 -4.567740000000000133e-01 -3.334000000000000158e-03
1.900000000000000000e+01 2.400000000000000000e+01 9.000000000000000000e+00 0.000000000000000000e+00 1.600000000000000089e+00 -1.317999999999999944e-03 -1.423000000000000003e-03 -9.999980000000000535e-01 4.525319999999999898e-01 8.917460000000000386e-01 -1.864999999999999904e-03 8.917469999999999564e-01 -4.525339999999999918e-01 -5.310000000000000050e-04
2.100000000000000000e+01 2.400000000000000000e+01 9.000000000000000000e+00 0.000000000000000000e+00 1.600000000000000089e+00 -1.533999999999999990e-03 -6.177000000000000199e-03 -9.999799999999999800e-01 4.524909999999999766e-01 8.917469999999999564e-01 -6.202000000000000048e-03 8.917669999999999764e-01 -4.524920000000000053e-01 1.427000000000000100e-03
2.700000000000000000e+01 2.400000000000000000e+01 9.000000000000000000e+00 0.000000000000000000e+00 1.600000000000000089e+00 -1.819000000000000087e-03 -1.531000000000000026e-03 -9.999970000000000248e-01 4.545779999999999821e-01 8.907040000000000513e-01 -2.190000000000000106e-03 8.907049999999999690e-01 -4.545810000000000128e-01 -9.240000000000000166e-04
1.800000000000000000e+01 4.000000000000000000e+00 1.100000000000000000e+01 0.000000000000000000e+00 1.600000000000000089e+00 3.547199999999999659e-02 -2.319219999999999893e-01 -9.720870000000000344e-01 8.176600000000000534e-02 9.701119999999999743e-01 -2.284670000000000034e-01 9.960200000000000164e-01 -7.137899999999999801e-02 5.337499999999999883e-02
2.600000000000000000e+01 4.000000000000000000e+00 1.100000000000000000e+01 0.000000000000000000e+00 1.600000000000000089e+00 -4.364300000000000124e-02 8.339499999999999691e-02 -9.955600000000000005e-01 1.526500000000000079e-01 9.853650000000000464e-01 7.584899999999999975e-02 9.873159999999999714e-01 -1.486619999999999886e-01 -5.573399999999999882e-02
8.000000000000000000e+00 3.100000000000000000e+01 1.200000000000000000e+01 0.000000000000000000e+00 1.600000000000000089e+00 2.588000000000000023e-03 5.506999999999999743e-03 9.999810000000000088e-01 -7.207999999999999997e-03 9.999590000000000423e-01 -5.487999999999999823e-03 -9.999710000000000543e-01 -7.193999999999999874e-03 2.628000000000000128e-03
2.600000000000000000e+01 3.100000000000000000e+01 1.200000000000000000e+01 0.000000000000000000e+00 1.600000000000000089e+00 -2.167000000000000089e-03 -1.479600000000000012e-02 9.998879999999999990e-01 -1.243000000000000008e-02 9.998139999999999805e-01 1.476799999999999988e-02 -9.999200000000000310e-01 -1.239600000000000077e-02 -2.350000000000000092e-03
3.000000000000000000e+00 3.500000000000000000e+01 1.200000000000000000e+01 0.000000000000000000e+00 1.600000000000000089e+00 1.033899999999999923e-02 -1.223199999999999982e-02 -9.998719999999999830e-01 4.815820000000000101e-01 -8.762609999999999566e-01 1.569900000000000115e-02 -8.763400000000000079e-01 -4.816819999999999991e-01 -3.168999999999999942e-03
8.000000000000000000e+00 3.500000000000000000e+01 1.200000000000000000e+01 0.000000000000000000e+00 1.600000000000000089e+00 5.629999999999999588e-03 -1.456999999999999962e-03 -9.999829999999999552e-01 5.124079999999999746e-01 -8.587320000000000508e-01 4.135999999999999920e-03 -8.587240000000000428e-01 -5.124220000000000441e-01 -4.088999999999999753e-03
1.400000000000000000e+01 3.500000000000000000e+01 1.200000000000000000e+01 0.000000000000000000e+00 1.600000000000000089e+00 -6.315000000000000301e-03 4.690000000000000158e-04 -9.999799999999999800e-01 4.929439999999999933e-01 -8.700539999999999941e-01 -3.520999999999999824e-03 -8.700379999999999781e-01 -4.929560000000000053e-01 5.263999999999999582e-03
2.400000000000000000e+01 3.500000000000000000e+01 1.200000000000000000e+01 0.000000000000000000e+00 1.600000000000000089e+00 5.390999999999999959e-03 -5.995000000000000329e-03 -9.999670000000000503e-01 5.004969999999999697e-01 -8.657019999999999715e-01 7.887999999999999179e-03 -8.657209999999999628e-01 -5.005239999999999689e-01 -1.667000000000000079e-03
2.100000000000000000e+01 3.200000000000000000e+01 1.400000000000000000e+01 0.000000000000000000e+00 1.600000000000000089e+00 2.410000000000000033e-04 3.071799999999999878e-02 -9.995279999999999720e-01 1.044780000000000014e-01 9.940569999999999684e-01 3.057500000000000148e-02 9.945270000000000499e-01 -1.044360000000000011e-01 -2.969999999999999984e-03
2.700000000000000000e+01 3.200000000000000000e+01 1.400000000000000000e+01 0.000000000000000000e+00 1.600000000000000089e+00 -1.778999999999999982e-03 -2.211600000000000024e-02 -9.997540000000000315e-01 1.058400000000000035e-01 9.941360000000000197e-01 -2.217999999999999833e-02 9.943819999999999881e-01 -1.058540000000000036e-01 5.720000000000000258e-04
3.000000000000000000e+00 1.200000000000000000e+01 1.500000000000000000e+01 0.000000000000000000e+00 1.600000000000000089e+00 8.670999999999999888e-03 1.905000000000000009e-03 -9.999609999999999888e-01 -4.978119999999999767e-01 -8.672640000000000349e-01 -5.969000000000000347e-03 -8.672419999999999574e-01 4.978440000000000087e-01 -6.570999999999999584e-03
1.100000000000000000e+01 1.200000000000000000e+01 1.500000000000000000e+01 0.000000000000000000e+00 1.600000000000000089e+00 -8.660000000000000163e-04 -1.251500000000000008e-02 -9.999209999999999487e-01 -4.775150000000000228e-01 -8.785490000000000244e-01 1.140900000000000074e-02 -8.786230000000000429e-01 4.774880000000000235e-01 -5.215000000000000017e-03
2.700000000000000000e+01 1.200000000000000000e+01 1.500000000000000000e+01 0.000000000000000000e+00 1.600000000000000089e+00 1.315999999999999896e-03 6.729999999999999871e-03 -9.999770000000000048e-01 -4.783419999999999894e-01 -8.781489999999999574e-01 -6.539999999999999807e-03 -8.781729999999999814e-01 4.783399999999999874e-01 2.063000000000000164e-03
1.000000000000000000e+00 1.160000000000000000e+02 1.600000000000000000e+01 0.000000000000000000e+00 1.600000000000000089e+00 -5.825999999999999582e-03 -2.580999999999999961e-03 9.999799999999999800e-01 8.700660000000000061e-01 4.928939999999999988e-01 6.341000000000000282e-03 -4.929009999999999780e-01 8.700849999999999973e-01 -6.260000000000000373e-04
2.900000000000000000e+01 2.000000000000000000e+00 1.900000000000000000e+01 0.000000000000000000e+00 1.600000000000000089e+00 -1.948700000000000085e-02 3.642999999999999711e-02 -9.991459999999999786e-01 2.390909999999999980e-01 -9.701720000000000343e-01 -4.003700000000000314e-02 -9.708020000000000538e-01 -2.396669999999999912e-01 1.019499999999999920e-02
2.500000000000000000e+01 3.000000000000000000e+00 1.900000000000000000e+01 0.000000000000000000e+00 1.600000000000000089e+00 2.128899999999999890e-02 4.021399999999999975e-02 -9.989639999999999631e-01 2.490590000000000026e-01 -9.679029999999999578e-01 -3.365499999999999742e-02 -9.682539999999999480e-01 -2.480850000000000000e-01 -3.062099999999999891e-02
8.000000000000000000e+00 4.000000000000000000e+00 2.000000000000000000e+01 0.000000000000000000e+00 1.600000000000000089e+00 5.370999999999999906e-03 -1.731900000000000106e-02 -9.998359999999999470e-01 1.791739999999999999e-01 -9.836529999999999996e-01 1.800099999999999964e-02 -9.838029999999999831e-01 -1.792410000000000114e-01 -2.181000000000000213e-03
2.000000000000000000e+01 4.000000000000000000e+00 2.000000000000000000e+01 0.000000000000000000e+00 1.600000000000000089e+00 1.142999999999999919e-03 1.921399999999999844e-02 -9.998150000000000093e-01 3.011490000000000000e-01 -9.534080000000000332e-01 -1.797699999999999992e-02 -9.535759999999999792e-01 -3.010729999999999795e-01 -6.876000000000000167e-03
2.600000000000000000e+01 4.000000000000000000e+00 2.000000000000000000e+01 0.000000000000000000e+00 1.600000000000000089e+00 -4.227999999999999987e-03 2.962700000000000056e-02 -9.995519999999999960e-01 2.950030000000000152e-01 -9.550389999999999713e-01 -2.955500000000000141e-02 -9.554869999999999752e-01 -2.949959999999999805e-01 -4.701999999999999583e-03
1.100000000000000000e+01 1.300000000000000000e+01 2.000000000000000000e+01 0.000000000000000000e+00 1.600000000000000089e+00 2.920499999999999832e-02 8.684200000000000252e-02 9.957939999999999570e-01 2.629779999999999895e-01 9.604559999999999764e-01 -9.147299999999999875e-02 -9.643599999999999950e-01 2.645429999999999726e-01 5.212999999999999752e-03
2.000000000000000000e+01 1.300000000000000000e+01 2.000000000000000000e+01 0.000000000000000000e+00 1.600000000000000089e+00 6.589999999999999721e-04 -9.799999999999999684e-04 9.999989999999999712e-01 2.519549999999999845e-01 9.677390000000000159e-01 7.820000000000000345e-04 -9.677390000000000159e-01 2.519540000000000113e-01 8.850000000000000444e-04
2.700000000000000000e+01 1.300000000000000000e+01 2.000000000000000000e+01 0.000000000000000000e+00 1.600000000000000089e+00 -1.850000000000000082e-03 -1.923800000000000163e-02 9.998129999999999518e-01 2.551629999999999732e-01 9.667099999999999582e-01 1.907299999999999968e-02 -9.668959999999999777e-01 2.551499999999999879e-01 3.121000000000000076e-03
5.000000000000000000e+00 1.400000000000000000e+01 2.000000000000000000e+01 0.000000000000000000e+00 1.600000000000000089e+00 7.893999999999999975e-03 -3.232000000000000064e-03 9.999639999999999640e-01 2.706180000000000252e-01 9.626860000000000417e-01 9.749999999999999552e-04 -9.626540000000000097e-01 2.706009999999999804e-01 8.474000000000000629e-03
6.000000000000000000e+00 1.600000000000000000e+01 2.100000000000000000e+01 0.000000000000000000e+00 1.600000000000000089e+00 1.389899999999999990e-02 7.407999999999999655e-03 9.998759999999999870e-01 3.362559999999999993e-01 9.416980000000000350e-01 -1.165199999999999916e-02 -9.416679999999999495e-01 3.363760000000000083e-01 1.059799999999999978e-02
1.300000000000000000e+01 1.600000000000000000e+01 2.100000000000000000e+01 0.000000000000000000e+00 1.600000000000000089e+00 1.185199999999999969e-02 3.903000000000000219e-02 9.991679999999999451e-01 3.037839999999999985e-01 9.518680000000000474e-01 -4.078600000000000281e-02 -9.526670000000000416e-01 3.040140000000000065e-01 -5.760000000000000146e-04
1.700000000000000000e+01 1.600000000000000000e+01 2.100000000000000000e+01 0.000000000000000000e+00 1.600000000000000089e+00 9.399999999999999719e-04 6.749999999999999924e-03 9.999770000000000048e-01 2.981820000000000026e-01 9.544850000000000279e-01 -6.722999999999999809e-03 -9.545090000000000519e-01 2.981809999999999738e-01 -1.116000000000000021e-03
2.100000000000000000e+01 1.600000000000000000e+01 2.100000000000000000e+01 0.000000000000000000e+00 1.600000000000000089e+00 7.479999999999999670e-04 8.540000000000000499e-04 9.999989999999999712e-01 2.980220000000000091e-01 9.545580000000000176e-01 -1.038000000000000077e-03 -9.545590000000000463e-01 2.980229999999999824e-01 4.600000000000000139e-04
2.200000000000000000e+01 4.000000000000000000e+00 2.500000000000000000e+01 0.000000000000000000e+00 1.600000000000000089e+00 5.930099999999999955e-02 4.553800000000000209e-02 9.972010000000000041e-01 -5.849140000000000450e-01 -8.079220000000000290e-01 7.167700000000000460e-02 8.089239999999999764e-01 -5.875280000000000502e-01 -2.127499999999999877e-02
8.000000000000000000e+00 4.600000000000000000e+01 2.700000000000000000e+01 0.000000000000000000e+00 1.600000000000000089e+00 -2.723000000000000160e-03 1.592000000000000099e-03 -9.999949999999999672e-01 6.743430000000000257e-01 7.384180000000000188e-01 -6.610000000000000207e-04 7.384129999999999860e-01 -6.743419999999999970e-01 -3.085000000000000069e-03
1.700000000000000000e+01 4.600000000000000000e+01 2.700000000000000000e+01 0.000000000000000000e+00 1.600000000000000089e+00 -4.500000000000000283e-05 -1.791000000000000057e-03 -9.999980000000000535e-01 6.714069999999999760e-01 7.410879999999999690e-01 -1.358000000000000049e-03 7.410889999999999977e-01 -6.714059999999999473e-01 1.168999999999999900e-03
4.000000000000000000e+00 1.100000000000000000e+01 3.000000000000000000e+01 0.000000000000000000e+00 1.600000000000000089e+00 8.825199999999999712e-02 -6.528720000000000079e-01 -7.523100000000000342e-01 -4.023829999999999907e-01 6.675250000000000350e-01 -6.264969999999999706e-01 9.112080000000000179e-01 3.580059999999999909e-01 -2.037940000000000029e-01
2.200000000000000000e+01 4.600000000000000000e+01 3.000000000000000000e+01 0.000000000000000000e+00 1.600000000000000089e+00 1.526999999999999929e-03 6.989000000000000420e-03 -9.999740000000000295e-01 3.257990000000000053e-01 9.454129999999999479e-01 7.105000000000000204e-03 9.454380000000000006e-01 -3.258010000000000073e-01 -8.329999999999999731e-04
5.000000000000000000e+00 1.300000000000000000e+01 3.100000000000000000e+01 0.000000000000000000e+00 1.600000000000000089e+00 1.164589999999999931e-01 -6.698260000000000325e-01 -7.333279999999999799e-01 -4.481299999999999728e-01 6.234840000000000382e-01 -6.406610000000000360e-01 8.863499999999999712e-01 4.032370000000000121e-01 -2.275590000000000113e-01
3.000000000000000000e+00 5.800000000000000000e+01 3.100000000000000000e+01 0.000000000000000000e+00 1.600000000000000089e+00 8.186000000000000568e-03 7.429999999999999973e-03 9.999390000000000223e-01 -7.767840000000000300e-01 -6.296709999999999807e-01 1.103799999999999920e-02 6.297139999999999960e-01 -7.768270000000000453e-01 6.170000000000000354e-04
7.000000000000000000e+00 5.800000000000000000e+01 3.100000000000000000e+01 0.000000000000000000e+00 1.600000000000000089e+00 3.824999999999999841e-03 1.178000000000000011e-03 9.999919999999999920e-01 -7.784050000000000136e-01 -6.277519999999999767e-01 3.716999999999999818e-03 6.277509999999999479e-01 -7.784130000000000216e-01 -1.484000000000000076e-03
9.000000000000000000e+00 5.800000000000000000e+01 3.100000000000000000e+01 0.000000000000000000e+00 1.600000000000000089e+00 1.793000000000000106e-03 -4.409999999999999858e-04 9.999980000000000535e-01 -7.765530000000000488e-01 -6.300510000000000277e-01 1.113999999999999973e-03 6.300499999999999989e-01 -7.765530000000000488e-01 -1.472999999999999917e-03
1.300000000000000000e+01 5.800000000000000000e+01 3.100000000000000000e+01 0.000000000000000000e+00 1.600000000000000089e+00 -4.322000000000000321e-03 -6.854999999999999982e-03 9.999670000000000503e-01 -7.703839999999999577e-01 -6.375330000000000163e-01 -7.700000000000000247e-03 6.375650000000000484e-01 -7.703919999999999657e-01 -2.524999999999999901e-03
1.700000000000000000e+01 5.800000000000000000e+01 3.100000000000000000e+01 0.000000000000000000e+00 1.600000000000000089e+00 -5.967000000000000082e-03 -1.544000000000000060e-02 9.998629999999999463e-01 -7.703200000000000047e-01 -6.374940000000000051e-01 -1.444100000000000071e-02 6.376300000000000301e-01 -7.703010000000000135e-01 -8.089000000000000704e-03
2.100000000000000000e+01 5.800000000000000000e+01 3.100000000000000000e+01 0.000000000000000000e+00 1.600000000000000089e+00 5.527999999999999928e-03 7.828999999999999154e-03 9.999540000000000095e-01 -7.767880000000000340e-01 -6.296950000000000047e-01 9.223999999999999561e-03 6.297380000000000200e-01 -7.768030000000000213e-01 2.599999999999999881e-03
2.600000000000000000e+01 5.800000000000000000e+01 3.100000000000000000e+01 0.000000000000000000e+00 1.600000000000000089e+00 2.939999999999999905e-03 1.672600000000000128e-02 9.998559999999999670e-01 -7.731940000000000479e-01 -6.340390000000000192e-01 1.288000000000000082e-02 6.341630000000000322e-01 -7.731200000000000294e-01 1.106900000000000071e-02
6.000000000000000000e+00 5.000000000000000000e+00 3.200000000000000000e+01 0.000000000000000000e+00 1.600000000000000089e+00 1.615000000000000047e-01 -8.641710000000000225e-01 -4.765769999999999729e-01 -6.811620000000000452e-01 2.518250000000000210e-01 -6.874609999999999888e-01 7.140980000000000105e-01 4.356510000000000105e-01 -5.479709999999999859e-01
4.000000000000000000e+00 5.000000000000000000e+00 3.300000000000000000e+01 0.000000000000000000e+00 1.600000000000000089e+00 1.269389999999999963e-01 -9.452899999999999636e-01 -3.005209999999999826e-01 -6.933070000000000066e-01 1.321180000000000132e-01 -7.084279999999999466e-01 7.093739999999999490e-01 2.982810000000000183e-01 -6.386049999999999782e-01
8.000000000000000000e+00 8.000000000000000000e+00 3.400000000000000000e+01 0.000000000000000000e+00 1.600000000000000089e+00 2.075460000000000083e-01 -9.106159999999999810e-01 -3.573560000000000070e-01 -7.100039999999999685e-01 1.110690000000000011e-01 -6.953829999999999734e-01 6.729180000000000161e-01 3.980489999999999862e-01 -6.234889999999999599e-01
1.100000000000000000e+01 9.000000000000000000e+00 3.400000000000000000e+01 0.000000000000000000e+00 1.600000000000000089e+00 2.442269999999999996e-01 -8.339050000000000074e-01 -4.949299999999999811e-01 -7.265570000000000084e-01 1.806669999999999943e-01 -6.629279999999999617e-01 6.422369999999999468e-01 5.214999999999999636e-01 -5.617560000000000331e-01
2.300000000000000000e+01 4.200000000000000000e+01 3.400000000000000000e+01 0.000000000000000000e+00 1.600000000000000089e+00 -4.187999999999999882e-03 -2.775999999999999822e-03 -9.999869999999999592e-01 -3.012489999999999890e-01 9.535449999999999759e-01 -1.386000000000000079e-03 9.535360000000000502e-01 3.012389999999999790e-01 -4.830000000000000092e-03
2.800000000000000000e+01 4.200000000000000000e+01 3.400000000000000000e+01 0.000000000000000000e+00 1.600000000000000089e+00 3.987000000000000093e-03 2.576999999999999864e-03 -9.999890000000000168e-01 -2.941230000000000233e-01 9.557670000000000332e-01 1.289999999999999914e-03 9.557590000000000252e-01 2.941150000000000153e-01 4.568000000000000012e-03
1.000000000000000000e+01 2.600000000000000000e+01 3.500000000000000000e+01 0.000000000000000000e+00 1.600000000000000089e+00 3.122719999999999940e-01 5.628640000000000310e-01 7.652910000000000545e-01 -6.790239999999999609e-01 -4.311429999999999985e-01 5.941739999999999799e-01 6.643890000000000073e-01 -7.051950000000000163e-01 2.475640000000000063e-01
4.000000000000000000e+00 4.600000000000000000e+01 3.500000000000000000e+01 0.000000000000000000e+00 1.600000000000000089e+00 2.250999999999999963e-03 -9.322999999999999690e-03 -9.999540000000000095e-01 3.889340000000000019e-01 -9.212169999999999526e-01 9.464000000000000190e-03 -9.212630000000000541e-01 -3.889380000000000059e-01 1.551999999999999994e-03
8.000000000000000000e+00 4.600000000000000000e+01 3.500000000000000000e+01 0.000000000000000000e+00 1.600000000000000089e+00 1.028999999999999967e-03 -1.128700000000000016e-02 -9.999360000000000470e-01 3.900589999999999891e-01 -9.207269999999999621e-01 1.079399999999999978e-02 -9.207889999999999686e-01 -3.900449999999999751e-01 3.455999999999999871e-03
1.300000000000000000e+01 4.600000000000000000e+01 3.500000000000000000e+01 0.000000000000000000e+00 1.600000000000000089e+00 -1.111999999999999924e-03 -8.097000000000000031e-03 -9.999670000000000503e-01 3.893340000000000134e-01 -9.210700000000000554e-01 7.026000000000000127e-03 -9.210960000000000258e-01 -3.893139999999999934e-01 4.176000000000000024e-03
1.800000000000000000e+01 4.600000000000000000e+01 3.500000000000000000e+01 0.000000000000000000e+00 1.600000000000000089e+00 4.970000000000000459e-04 -4.603999999999999586e-03 -9.999890000000000168e-01 3.898960000000000203e-01 -9.208479999999999999e-01 4.433000000000000308e-03 -9.208589999999999831e-01 -3.898940000000000183e-01 1.337999999999999997e-03
2.300000000000000000e+01 4.600000000000000000e+01 3.500000000000000000e+01 0.000000000000000000e+00 1.600000000000000089e+00 3.789999999999999966e-03 4.403999999999999929e-03 -9.999829999999999552e-01 3.886310000000000042e-01 -9.213900000000000423e-01 -2.583999999999999925e-03 -9.213860000000000383e-01 -3.886140000000000150e-01 -5.204000000000000292e-03
2.700000000000000000e+01 4.600000000000000000e+01 3.500000000000000000e+01 0.000000000000000000e+00 1.600000000000000089e+00 -1.281000000000000021e-03 1.121499999999999928e-02 -9.999360000000000470e-01 3.859710000000000085e-01 -9.224470000000000169e-01 -1.084099999999999994e-02 -9.225100000000000522e-01 -3.859600000000000253e-01 -3.147000000000000058e-03
1.100000000000000000e+01 1.100000000000000000e+01 3.600000000000000000e+01 0.000000000000000000e+00 1.600000000000000089e+00 2.104489999999999972e-01 -9.139730000000000354e-01 -3.469360000000000221e-01 -7.260280000000000067e-01 9.153600000000000625e-02 -6.815449999999999564e-01 6.546710000000000029e-01 3.953160000000000007e-01 -6.443069999999999631e-01
2.000000000000000000e+00 2.100000000000000000e+01 3.600000000000000000e+01 0.000000000000000000e+00 1.600000000000000089e+00 6.977970000000000006e-01 2.779150000000000231e-01 6.601839999999999931e-01 -7.091039999999999566e-01 1.377490000000000103e-01 6.915170000000000483e-01 1.012429999999999997e-01 -9.506780000000000230e-01 2.931920000000000082e-01
3.000000000000000000e+00 2.200000000000000000e+01 3.600000000000000000e+01 0.000000000000000000e+00 1.600000000000000089e+00 6.834649999999999892e-01 2.634310000000000263e-01 6.807929999999999815e-01 -7.164730000000000265e-01 6.348800000000000276e-02 6.947189999999999754e-01 1.397879999999999956e-01 -9.625869999999999704e-01 2.321330000000000060e-01
2.000000000000000000e+01 2.200000000000000000e+01 3.600000000000000000e+01 0.000000000000000000e+00 1.600000000000000089e+00 -1.944430000000000047e-01 -7.411809999999999787e-01 6.425279999999999880e-01 7.282260000000000399e-01 3.297709999999999808e-01 6.007810000000000095e-01 -6.571749999999999536e-01 5.847229999999999928e-01 4.756259999999999932e-01
1.000000000000000000e+01 2.700000000000000000e+01 3.600000000000000000e+01 0.000000000000000000e+00 1.600000000000000089e+00 3.496730000000000116e-01 3.832490000000000063e-01 8.548970000000000180e-01 -6.968889999999999807e-01 -5.034699999999999731e-01 5.107479999999999798e-01 6.261579999999999924e-01 -7.743630000000000235e-01 9.103200000000000180e-02
9.000000000000000000e+00 1.100000000000000000e+01 3.700000000000000000e+01 0.000000000000000000e+00 1.600000000000000089e+00 1.725430000000000019e-01 -9.384050000000000447e-01 -2.993759999999999755e-01 -7.146900000000000475e-01 8.988200000000000356e-02 -6.936419999999999808e-01 6.778260000000000396e-01 3.336439999999999961e-01 -6.551599999999999646e-01
1.200000000000000000e+01 1.200000000000000000e+01 3.700000000000000000e+01 0.000000000000000000e+00 1.600000000000000089e+00 1.861389999999999989e-01 -9.283489999999999798e-01 -3.217470000000000052e-01 -7.370830000000000437e-01 8.458799999999999653e-02 -6.704879999999999729e-01 6.496619999999999617e-01 3.619580000000000020e-01 -6.685250000000000359e-01
2.100000000000000000e+01 2.300000000000000000e+01 3.700000000000000000e+01 0.000000000000000000e+00 1.600000000000000089e+00 -1.884069999999999911e-01 -7.533180000000000431e-01 6.300909999999999567e-01 7.255270000000000330e-01 3.256430000000000158e-01 6.062729999999999508e-01 -6.619019999999999904e-01 5.713740000000000485e-01 4.851989999999999914e-01
1.900000000000000000e+01 1.500000000000000000e+01 3.800000000000000000e+01 0.000000000000000000e+00 1.600000000000000089e+00 2.072549999999999948e-01 3.879989999999999828e-01 8.980540000000000189e-01 -7.853799999999999670e-01 -4.813430000000000208e-01 3.892140000000000044e-01 5.832869999999999999e-01 -7.859810000000000407e-01 2.049660000000000093e-01
1.400000000000000000e+01 3.600000000000000000e+01 3.800000000000000000e+01 0.000000000000000000e+00 1.600000000000000089e+00 -3.642139999999999822e-01 8.114000000000000379e-02 9.277739999999999876e-01 9.084189999999999765e-01 2.504870000000000152e-01 3.347100000000000075e-01 -2.052370000000000028e-01 9.647139999999999604e-01 -1.649400000000000033e-01
1.600000000000000000e+01 3.700000000000000000e+01 3.800000000000000000e+01 0.000000000000000000e+00 1.600000000000000089e+00 -2.916449999999999876e-01 -1.117409999999999931e-01 9.499779999999999891e-01 7.984109999999999818e-01 5.184999999999999609e-01 3.061019999999999852e-01 -5.267669999999999852e-01 8.477449999999999708e-01 -6.200300000000000256e-02
2.600000000000000000e+01 3.700000000000000000e+01 3.800000000000000000e+01 0.000000000000000000e+00 1.600000000000000089e+00 3.905299999999999744e-02 -1.699300000000000116e-02 9.990930000000000089e-01 6.561510000000000398e-01 7.545209999999999972e-01 -1.281500000000000000e-02 -7.536180000000000101e-01 6.560559999999999725e-01 4.061599999999999933e-02
2.000000000000000000e+01 3.800000000000000000e+01 3.800000000000000000e+01 0.000000000000000000e+00 1.600000000000000089e+00 -1.326499999999999901e-01 -1.730220000000000091e-01 9.759440000000000337e-01 6.914940000000000531e-01 6.892740000000000533e-01 2.161869999999999903e-01 -7.100980000000000070e-01 7.035369999999999679e-01 2.821200000000000097e-02
1.100000000000000000e+01 1.400000000000000000e+01 3.900000000000000000e+01 0.000000000000000000e+00 1.600000000000000089e+00 1.403300000000000103e-01 -8.558559999999999501e-01 -4.978139999999999787e-01 -7.142420000000000435e-01 2.606959999999999833e-01 -6.495349999999999735e-01 6.856870000000000465e-01 4.467090000000000227e-01 -5.747039999999999926e-01
2.400000000000000000e+01 2.600000000000000000e+01 3.900000000000000000e+01 0.000000000000000000e+00 1.600000000000000089e+00 -1.545960000000000112e-01 -7.593739999999999934e-01 6.320219999999999727e-01 7.138910000000000533e-01 3.563660000000000161e-01 6.027949999999999697e-01 -6.829779999999999740e-01 5.443850000000000078e-01 4.870180000000000065e-01
1.700000000000000000e+01 3.800000000000000000e+01 3.900000000000000000e+01 0.000000000000000000e+00 1.600000000000000089e+00 -2.787040000000000073e-01 -1.915350000000000108e-01 9.410840000000000316e-01 7.806039999999999646e-01 5.256469999999999754e-01 3.381609999999999894e-01 -5.594479999999999453e-01 8.288600000000000412e-01 3.013000000000000053e-03
2.000000000000000000e+01 3.900000000000000000e+01 3.900000000000000000e+01 0.000000000000000000e+00 1.600000000000000089e+00 -1.715830000000000133e-01 -2.644659999999999789e-01 9.490079999999999627e-01 7.239200000000000079e-01 6.195220000000000171e-01 3.035320000000000240e-01 -6.682059999999999667e-01 7.390870000000000495e-01 8.515300000000000646e-02
2.500000000000000000e+01 2.700000000000000000e+01 4.000000000000000000e+01 0.000000000000000000e+00 1.600000000000000089e+00 -1.451359999999999872e-01 -7.843900000000000317e-01 6.030489999999999462e-01 7.123209999999999820e-01 3.401770000000000072e-01 6.139050000000000340e-01 -6.866839999999999611e-01 5.186640000000000139e-01 5.093649999999999567e-01
2.800000000000000000e+01 3.400000000000000000e+01 4.000000000000000000e+01 0.000000000000000000e+00 1.600000000000000089e+00 3.229000000000000099e-03 -1.118610000000000021e-01 9.937190000000000190e-01 7.820449999999999902e-01 6.195880000000000276e-01 6.720399999999999985e-02 -6.232140000000000457e-01 7.769150000000000222e-01 8.948100000000000498e-02
1.700000000000000000e+01 6.100000000000000000e+01 4.000000000000000000e+01 0.000000000000000000e+00 1.600000000000000089e+00 2.664899999999999908e-02 -5.425959999999999672e-01 -8.395709999999999562e-01 3.524829999999999908e-01 -7.808249999999999913e-01 5.158169999999999700e-01 -9.354390000000000205e-01 -3.096809999999999841e-01 1.704479999999999884e-01
2.000000000000000000e+00 3.000000000000000000e+00 4.300000000000000000e+01 0.000000000000000000e+00 1.600000000000000089e+00 3.168999999999999942e-03 -4.069999999999999833e-03 -9.999869999999999592e-01 7.401590000000000114e-01 -6.724130000000000384e-01 5.081999999999999712e-03 -6.724250000000000504e-01 -7.401649999999999618e-01 8.819999999999999715e-04
5.000000000000000000e+00 3.000000000000000000e+00 4.300000000000000000e+01 0.000000000000000000e+00 1.600000000000000089e+00 6.008999999999999585e-03 -2.762000000000000132e-03 -9.999780000000000335e-01 7.435479999999999867e-01 -6.686520000000000241e-01 6.315000000000000301e-03 -6.686549999999999994e-01 -7.435699999999999532e-01 -1.964000000000000034e-03
1.300000000000000000e+01 3.000000000000000000e+00 4.300000000000000000e+01 0.000000000000000000e+00 1.600000000000000089e+00 8.888999999999999332e-03 2.753600000000000145e-02 -9.995810000000000528e-01 7.369860000000000300e-01 -6.758009999999999851e-01 -1.206300000000000081e-02 -6.758499999999999508e-01 -7.365699999999999470e-01 -2.630000000000000046e-02
2.400000000000000000e+01 3.000000000000000000e+00 4.300000000000000000e+01 0.000000000000000000e+00 1.600000000000000089e+00 -2.344999999999999862e-03 2.803100000000000036e-02 -9.996040000000000481e-01 7.500830000000000553e-01 -6.610319999999999530e-01 -2.029600000000000154e-02 -6.613390000000000102e-01 -7.498340000000000005e-01 -1.947600000000000026e-02
2.900000000000000000e+01 3.000000000000000000e+00 4.300000000000000000e+01 0.000000000000000000e+00 1.600000000000000089e+00 1.209000000000000005e-03 3.371999999999999997e-03 -9.999940000000000495e-01 7.447930000000000383e-01 -6.672940000000000538e-01 -1.350000000000000071e-03 -6.672940000000000538e-01 -7.447869999999999768e-01 -3.318999999999999902e-03
2.000000000000000000e+00 2.900000000000000000e+01 4.400000000000000000e+01 0.000000000000000000e+00 1.600000000000000089e+00 -8.017699999999999827e-02 -2.578520000000000256e-01 -9.628520000000000412e-01 6.712169999999999526e-01 7.001610000000000333e-01 -2.433960000000000012e-01 7.369120000000000115e-01 -6.657980000000000009e-01 1.169380000000000003e-01
2.100000000000000000e+01 2.200000000000000000e+01 4.500000000000000000e+01 0.000000000000000000e+00 1.600000000000000089e+00 1.468659999999999966e-01 -7.834000000000000685e-02 -9.860489999999999533e-01 -4.684079999999999910e-01 8.724960000000000493e-01 -1.390840000000000132e-01 8.712199999999999944e-01 4.823000000000000065e-01 9.144499999999999851e-02
2.800000000000000000e+01 2.400000000000000000e+01 4.500000000000000000e+01 0.000000000000000000e+00 1.600000000000000089e+00 1.054459999999999981e-01 -2.384219999999999950e-01 -9.654199999999999449e-01 -5.877120000000000122e-01 7.681970000000000187e-01 -2.539069999999999938e-01 8.021700000000000497e-01 5.941619999999999679e-01 -5.911999999999999894e-02
1.700000000000000000e+01 2.200000000000000000e+01 4.600000000000000000e+01 0.000000000000000000e+00 1.600000000000000089e+00 6.909099999999999964e-02 -1.822100000000000108e-02 -9.974439999999999973e-01 -2.188319999999999987e-01 9.752049999999999885e-01 -3.297300000000000231e-02 9.733140000000000125e-01 2.205499999999999960e-01 6.339000000000000190e-02
3.000000000000000000e+00 6.500000000000000000e+01 4.600000000000000000e+01 0.000000000000000000e+00 1.600000000000000089e+00 -1.923999999999999929e-03 6.756999999999999985e-03 9.999749999999999472e-01 6.792899999999999494e-01 -7.338440000000000518e-01 6.265999999999999868e-03 7.338679999999999648e-01 6.792850000000000277e-01 -3.177999999999999835e-03
2.500000000000000000e+01 6.500000000000000000e+01 4.600000000000000000e+01 0.000000000000000000e+00 1.600000000000000089e+00 -6.375999999999999723e-03 -1.571039999999999937e-01 9.875620000000000509e-01 6.612090000000000467e-01 -7.415359999999999729e-01 -1.136960000000000054e-01 7.501740000000000075e-01 6.522599999999999509e-01 1.086069999999999952e-01
2.700000000000000000e+01 3.700000000000000000e+01 4.900000000000000000e+01 0.000000000000000000e+00 1.600000000000000089e+00 -9.077599999999999558e-02 9.064090000000000202e-01 -4.125309999999999810e-01 6.604419999999999735e-01 -2.552510000000000057e-01 -7.061610000000000387e-01 -7.453699999999999770e-01 -3.365549999999999931e-01 -5.754599999999999715e-01
1.900000000000000000e+01 5.300000000000000000e+01 4.900000000000000000e+01 0.000000000000000000e+00 1.600000000000000089e+00 -4.821630000000000082e-01 2.442850000000000021e-01 8.413350000000000550e-01 -8.670060000000000544e-01 4.819999999999999632e-03 -4.982750000000000234e-01 -1.257759999999999989e-01 -9.696919999999999984e-01 2.094719999999999915e-01
2.700000000000000000e+01 4.500000000000000000e+01 5.000000000000000000e+01 0.000000000000000000e+00 1.600000000000000089e+00 -2.692999999999999838e-01 3.980639999999999734e-01 8.769390000000000240e-01 5.134840000000000515e-01 8.296999999999999931e-01 -2.189339999999999897e-01 -8.147459999999999702e-01 3.913349999999999884e-01 -4.278379999999999961e-01
3.000000000000000000e+00 6.000000000000000000e+00 5.100000000000000000e+01 0.000000000000000000e+00 1.600000000000000089e+00 -8.585000000000000617e-03 -2.928000000000000047e-03 -9.999590000000000423e-01 3.320810000000000151e-01 -9.432509999999999506e-01 -8.899999999999999491e-05 -9.432120000000000504e-01 -3.320679999999999743e-01 9.069999999999999937e-03
1.900000000000000000e+01 7.000000000000000000e+00 5.200000000000000000e+01 0.000000000000000000e+00 1.600000000000000089e+00 7.182000000000000016e-03 4.785000000000000191e-03 -9.999630000000000463e-01 8.688500000000000389e-02 -9.962100000000000399e-01 -4.142999999999999981e-03 -9.961919999999999664e-01 -8.685199999999999865e-02 -7.570000000000000340e-03
2.300000000000000000e+01 7.000000000000000000e+00 5.200000000000000000e+01 0.000000000000000000e+00 1.600000000000000089e+00 4.792000000000000252e-03 8.633999999999999314e-03 -9.999510000000000343e-01 7.289800000000000446e-02 -9.973049999999999971e-01 -8.262000000000000247e-03 -9.973279999999999923e-01 -7.285500000000000309e-02 -5.407999999999999613e-03
2.600000000000000000e+01 6.300000000000000000e+01 5.200000000000000000e+01 0.000000000000000000e+00 1.600000000000000089e+00 -3.707799999999999985e-02 2.034970000000000112e-01 -9.783730000000000482e-01 4.719209999999999794e-01 8.665629999999999722e-01 1.623560000000000003e-01 8.808610000000000051e-01 -4.556950000000000167e-01 -1.281650000000000011e-01
