2.500000000000000000e+01 2.500000000000000000e+01 1.000000000000000000e+00 0.000000000000000000e+00 1.600000000000000089e+00 1.647999999999999942e-03 -3.999999999999999819e-06 -9.999989999999999712e-01 -5.170129999999999448e-01 -8.559769999999999879e-01 -8.490000000000000368e-04 -8.559759999999999591e-01 5.170139999999999736e-01 -1.412000000000000061e-03
1.000000000000000000e+00 3.000000000000000000e+00 3.000000000000000000e+00 0.000000000000000000e+00 1.600000000000000089e+00 -1.989019999999999955e-01 -1.359499999999999875e-01 -9.705439999999999623e-01 -8.441629999999999967e-01 -4.792939999999999978e-01 2.401389999999999914e-01 -4.978230000000000155e-01 8.670609999999999706e-01 -1.943200000000000136e-02
6.000000000000000000e+00 1.500000000000000000e+01 4.000000000000000000e+00 0.000000000000000000e+00 1.600000000000000089e+00 -2.030999999999999819e-03 -2.873000000000000120e-03 9.999940000000000495e-01 3.090450000000000141e-01 -9.510450000000000292e-01 -2.105000000000000100e-03 9.510450000000000292e-01 3.090390000000000081e-01 2.818999999999999891e-03
1.200000000000000000e+01 1.500000000000000000e+01 4.000000000000000000e+00 0.000000000000000000e+00 1.600000000000000089e+00 6.539999999999999590e-04 -3.719999999999999891e-04 1.000000000000000000e+00 3.094899999999999873e-01 -9.509030000000000538e-01 -5.559999999999999621e-04 9.509030000000000538e-01 3.094899999999999873e-01 -5.069999999999999637e-04
1.900000000000000000e+01 1.500000000000000000e+01 4.000000000000000000e+00 0.000000000000000000e+00 1.600000000000000089e+00 2.007999999999999802e-03 -4.500999999999999793e-03 9.999879999999999880e-01 3.109439999999999982e-01 -9.504160000000000386e-01 -4.902000000000000107e-03 9.504259999999999931e-01 3.109500000000000042e-01 -5.090000000000000123e-04
2.300000000000000000e+01 1.500000000000000000e+01 4.000000000000000000e+00 0.000000000000000000e+00 1.600000000000000089e+00 1.203000000000000076e-03 -1.299999999999999886e-04 9.999989999999999712e-01 3.106309999999999905e-01 -9.505310000000000148e-01 -4.970000000000000459e-04 9.505299999999999860e-01 3.106309999999999905e-01 -1.103000000000000031e-03
5.000000000000000000e+00 1.010000000000000000e+02 7.000000000000000000e+00 0.000000000000000000e+00 1.600000000000000089e+00 4.016999999999999738e-03 -2.208500000000000046e-02 9.997479999999999700e-01 8.908760000000000012e-01 4.542010000000000214e-01 6.453999999999999668e-03 -4.542289999999999939e-01 8.906250000000000000e-01 2.149900000000000075e-02
1.100000000000000000e+01 1.010000000000000000e+02 7.000000000000000000e+00 0.000000000000000000e+00 1.600000000000000089e+00 -1.152999999999999945e-03 -5.815999999999999989e-03 9.999820000000000375e-01 8.916100000000000136e-01 4.527889999999999970e-01 3.661000000000000192e-03 -4.528030000000000110e-01 8.915990000000000304e-01 4.662999999999999610e-03
2.900000000000000000e+01 1.010000000000000000e+02 7.000000000000000000e+00 0.000000000000000000e+00 1.600000000000000089e+00 -1.618999999999999996e-03 -7.969999999999999654e-03 9.999670000000000503e-01 8.859209999999999585e-01 4.638070000000000248e-01 5.131000000000000144e-03 -4.638329999999999953e-01 8.859000000000000208e-01 6.309999999999999637e-03
7.000000000000000000e+00 2.500000000000000000e+01 8.000000000000000000e+00 0.000000000000000000e+00 1.600000000000000089e+00 -7.849999999999999990e-04 1.981999999999999821e-03 -9.999980000000000535e-01 4.444080000000000252e-01 8.958230000000000359e-01 1.427000000000000100e-03 8.958239999999999537e-01 -4.444060000000000232e-01 -1.583999999999999905e-03
1.100000000000000000e+01 2.500000000000000000e+01 8.000000000000000000e+00 0.000000000000000000e+00 1.600000000000000089e+00 -5.700000000000000314e-05 7.119999999999999593e-04 -1.000000000000000000e+00 4.437229999999999785e-01 8.961639999999999606e-01 6.130000000000000466e-04 8.961639999999999606e-01 -4.437229999999999785e-01 -3.669999999999999760e-04
1.800000000000000000e+01 2.500000000000000000e+01 8.000000000000000000e+00 0.000000000000000000e+00 1.600000000000000089e+00 1.789999999999999870e-04 -2.227999999999999946e-03 -9.999980000000000535e-01 4.451669999999999794e-01 8.954450000000000465e-01 -1.915000000000000036e-03 8.954469999999999930e-01 -4.451660000000000061e-01 1.152000000000000029e-03
2.100000000000000000e+01 2.500000000000000000e+01 8.000000000000000000e+00 0.000000000000000000e+00 1.600000000000000089e+00 -4.859999999999999954e-04 -7.476000000000000006e-03 -9.999719999999999720e-01 4.471640000000000059e-01 8.944260000000000543e-01 -6.904000000000000414e-03 8.944520000000000248e-01 -4.471539999999999959e-01 2.907999999999999995e-03
2.500000000000000000e+01 2.500000000000000000e+01 8.000000000000000000e+00 0.000000000000000000e+00 1.600000000000000089e+00 -2.079000000000000119e-03 -5.658999999999999968e-03 -9.999820000000000375e-01 4.479520000000000168e-01 8.940369999999999706e-01 -5.990999999999999798e-03 8.940550000000000441e-01 -4.479560000000000208e-01 6.759999999999999516e-04
2.900000000000000000e+01 2.500000000000000000e+01 8.000000000000000000e+00 0.000000000000000000e+00 1.600000000000000089e+00 -1.551999999999999994e-03 -3.785999999999999869e-03 -9.999919999999999920e-01 4.484420000000000073e-01 8.938030000000000141e-01 -4.080000000000000293e-03 8.938099999999999934e-01 -4.484449999999999825e-01 3.099999999999999999e-04
8.000000000000000000e+00 2.400000000000000000e+01 9.000000000000000000e+00 0.000000000000000000e+00 1.600000000000000089e+00 -2.190000000000000106e-04 2.079999999999999818e-03 -9.999980000000000535e-01 4.498079999999999856e-01 8.931240000000000290e-01 1.758999999999999930e-03 8.931249999999999467e-01 -4.498059999999999836e-01 -1.131000000000000061e-03
1.400000000000000000e+01 2.400000000000000000e+01 9.000000000000000000e+00 0.000000000000000000e+00 1.600000000000000089e+00 1.240000000000000054e-04 2.128999999999999816e-03 -9.999980000000000535e-01 4.490569999999999840e-01 8.935009999999999897e-01 1.958000000000000105e-03 8.935030000000000472e-01 -4.490560000000000107e-01 -8.450000000000000479e-04
1.800000000000000000e+01 2.400000000000000000e+01 9.000000000000000000e+00 0.000000000000000000e+00 1.600000000000000089e+00 -2.439999999999999949e-04 -2.870999999999999854e-03 -9.999959999999999960e-01 4.507669999999999733e-01 8.926370000000000138e-01 -2.673000000000000029e-03 8.926410000000000178e-01 -4.507660000000000000e-01 1.075999999999999917e-03
2.100000000000000000e+01 2.400000000000000000e+01 9.000000000000000000e+00 0.000000000000000000e+00 1.600000000000000089e+00 -6.999999999999999929e-04 -7.706000000000000176e-03 -9.999700000000000255e-01 4.526160000000000183e-01 8.916770000000000529e-01 -7.187999999999999945e-03 8.917049999999999699e-01 -4.526069999999999816e-01 2.863999999999999792e-03
2.500000000000000000e+01 2.400000000000000000e+01 9.000000000000000000e+00 0.000000000000000000e+00 1.600000000000000089e+00 -1.730999999999999900e-03 -4.346000000000000037e-03 -9.999890000000000168e-01 4.534860000000000002e-01 8.912510000000000154e-01 -4.657999999999999814e-03 8.912619999999999987e-01 -4.534889999999999755e-01 4.279999999999999950e-04
3.000000000000000000e+01 2.400000000000000000e+01 9.000000000000000000e+00 0.000000000000000000e+00 1.600000000000000089e+00 -1.440000000000000091e-03 -3.119999999999999944e-04 -9.999989999999999712e-01 4.543340000000000156e-01 8.908310000000000395e-01 -9.319999999999999942e-04 8.908300000000000107e-01 -4.543349999999999889e-01 -1.141000000000000087e-03
1.000000000000000000e+00 3.100000000000000000e+01 1.200000000000000000e+01 0.000000000000000000e+00 1.600000000000000089e+00 -6.299999999999999990e-05 4.650000000000000270e-04 1.000000000000000000e+00 -4.852000000000000410e-03 9.999879999999999880e-01 -4.650000000000000270e-04 -9.999879999999999880e-01 -4.852000000000000410e-03 -6.000000000000000152e-05
2.700000000000000000e+01 3.100000000000000000e+01 1.200000000000000000e+01 0.000000000000000000e+00 1.600000000000000089e+00 -2.139999999999999975e-04 -3.027000000000000177e-03 9.999949999999999672e-01 -1.044000000000000006e-03 9.999949999999999672e-01 3.026000000000000044e-03 -9.999989999999999712e-01 -1.044000000000000006e-03 -2.180000000000000134e-04
1.200000000000000000e+01 3.000000000000000000e+00 1.300000000000000000e+01 0.000000000000000000e+00 1.600000000000000089e+00 2.729999999999999788e-03 1.378060000000000118e-01 9.904549999999999743e-01 -2.196400000000000088e-02 9.902279999999999971e-01 -1.377140000000000031e-01 -9.997549999999999493e-01 -2.137800000000000117e-02 5.729999999999999850e-03
2.200000000000000000e+01 3.200000000000000000e+01 1.400000000000000000e+01 0.000000000000000000e+00 1.600000000000000089e+00 2.000000000000000096e-04 -3.300000000000000253e-05 -1.000000000000000000e+00 1.084350000000000036e-01 9.941039999999999877e-01 -1.099999999999999971e-05 9.941029999999999589e-01 -1.084350000000000036e-01 2.020000000000000040e-04
2.000000000000000000e+00 1.200000000000000000e+01 1.500000000000000000e+01 0.000000000000000000e+00 1.600000000000000089e+00 -1.182000000000000108e-03 -5.171000000000000249e-03 -9.999860000000000415e-01 -4.660889999999999755e-01 -8.847230000000000372e-01 5.126000000000000348e-03 -8.847369999999999957e-01 4.660889999999999755e-01 -1.364999999999999894e-03
7.000000000000000000e+00 1.200000000000000000e+01 1.500000000000000000e+01 0.000000000000000000e+00 1.600000000000000089e+00 -3.619999999999999954e-03 -2.968000000000000152e-03 -9.999890000000000168e-01 -4.691779999999999839e-01 -8.830930000000000168e-01 4.320000000000000055e-03 -8.830959999999999921e-01 4.691890000000000227e-01 1.804000000000000048e-03
1.100000000000000000e+01 1.200000000000000000e+01 1.500000000000000000e+01 0.000000000000000000e+00 1.600000000000000089e+00 -3.420999999999999996e-03 -2.376000000000000074e-03 -9.999909999999999632e-01 -4.677339999999999831e-01 -8.838610000000000078e-01 3.700000000000000164e-03 -8.838629999999999542e-01 4.677430000000000199e-01 1.912999999999999987e-03
1.500000000000000000e+01 1.200000000000000000e+01 1.500000000000000000e+01 0.000000000000000000e+00 1.600000000000000089e+00 -1.227999999999999925e-03 -8.566999999999999962e-03 -9.999630000000000463e-01 -4.662899999999999823e-01 -8.845939999999999914e-01 8.151000000000000259e-03 -8.846309999999999452e-01 4.662830000000000030e-01 -2.909000000000000127e-03
1.900000000000000000e+01 1.200000000000000000e+01 1.500000000000000000e+01 0.000000000000000000e+00 1.600000000000000089e+00 -2.079999999999999818e-03 -5.834999999999999909e-03 -9.999810000000000088e-01 -4.671529999999999849e-01 -8.841560000000000530e-01 6.131000000000000165e-03 -8.841740000000000155e-01 4.671560000000000157e-01 -8.869999999999999846e-04
2.200000000000000000e+01 1.200000000000000000e+01 1.500000000000000000e+01 0.000000000000000000e+00 1.600000000000000089e+00 -1.203000000000000076e-03 3.319999999999999926e-04 -9.999989999999999712e-01 -4.707540000000000058e-01 -8.822640000000000482e-01 2.739999999999999923e-04 -8.822640000000000482e-01 4.707540000000000058e-01 1.217999999999999899e-03
4.000000000000000000e+00 1.160000000000000000e+02 1.600000000000000000e+01 0.000000000000000000e+00 1.600000000000000089e+00 -7.700000000000000139e-05 1.448999999999999984e-03 9.999989999999999712e-01 7.320579999999999865e-01 6.812420000000000142e-01 -9.309999999999999699e-04 -6.812420000000000142e-01 7.320569999999999578e-01 -1.113000000000000057e-03
8.000000000000000000e+00 1.160000000000000000e+02 1.600000000000000000e+01 0.000000000000000000e+00 1.600000000000000089e+00 -1.392999999999999924e-03 -1.815999999999999906e-03 9.999970000000000248e-01 7.267040000000000166e-01 6.869469999999999743e-01 2.259999999999999856e-03 -6.869499999999999496e-01 7.267050000000000454e-01 3.629999999999999872e-04
1.100000000000000000e+01 1.160000000000000000e+02 1.600000000000000000e+01 0.000000000000000000e+00 1.600000000000000089e+00 -1.129000000000000012e-03 -8.639999999999999677e-04 9.999989999999999712e-01 6.963390000000000413e-01 7.177120000000000166e-01 1.405999999999999915e-03 -7.177130000000000454e-01 6.963390000000000413e-01 -2.079999999999999872e-04
2.800000000000000000e+01 1.160000000000000000e+02 1.600000000000000000e+01 0.000000000000000000e+00 1.600000000000000089e+00 5.119999999999999768e-04 3.135999999999999899e-03 9.999949999999999672e-01 7.012230000000000407e-01 7.129370000000000429e-01 -2.595000000000000084e-03 -7.129419999999999646e-01 7.012209999999999832e-01 -1.832999999999999994e-03
4.000000000000000000e+00 2.000000000000000000e+00 1.900000000000000000e+01 0.000000000000000000e+00 1.600000000000000089e+00 1.158799999999999934e-02 -2.661000000000000171e-03 -9.999289999999999567e-01 2.341189999999999938e-01 -9.721940000000000026e-01 5.300000000000000024e-03 -9.721389999999999754e-01 -2.341640000000000110e-01 -1.064299999999999968e-02
8.000000000000000000e+00 2.000000000000000000e+00 1.900000000000000000e+01 0.000000000000000000e+00 1.600000000000000089e+00 6.739000000000000198e-03 -1.061100000000000064e-02 -9.999209999999999487e-01 2.262560000000000127e-01 -9.739959999999999729e-01 1.186100000000000002e-02 -9.740450000000000497e-01 -2.263179999999999914e-01 -4.163000000000000034e-03
2.300000000000000000e+01 2.000000000000000000e+00 1.900000000000000000e+01 0.000000000000000000e+00 1.600000000000000089e+00 7.529999999999999801e-04 1.907000000000000058e-03 -9.999980000000000535e-01 1.901909999999999989e-01 -9.817460000000000075e-01 -1.729999999999999984e-03 -9.817470000000000363e-01 -1.901899999999999979e-01 -1.101999999999999898e-03
3.000000000000000000e+01 2.000000000000000000e+00 1.900000000000000000e+01 0.000000000000000000e+00 1.600000000000000089e+00 7.410000000000000137e-04 -7.062999999999999834e-03 -9.999749999999999472e-01 1.894319999999999893e-01 -9.818679999999999630e-01 7.074999999999999692e-03 -9.818940000000000445e-01 -1.894319999999999893e-01 6.099999999999999737e-04
2.000000000000000000e+00 1.300000000000000000e+01 2.000000000000000000e+01 0.000000000000000000e+00 1.600000000000000089e+00 2.128000000000000117e-03 -9.730000000000000151e-04 9.999970000000000248e-01 2.621649999999999814e-01 9.650229999999999642e-01 3.809999999999999910e-04 -9.650210000000000177e-01 2.621629999999999794e-01 2.308000000000000156e-03
1.100000000000000000e+01 1.300000000000000000e+01 2.000000000000000000e+01 0.000000000000000000e+00 1.600000000000000089e+00 -8.130000000000000291e-04 3.661000000000000192e-03 9.999930000000000208e-01 2.631939999999999835e-01 9.647369999999999557e-01 -3.318000000000000203e-03 -9.647430000000000172e-01 2.631890000000000063e-01 -1.747999999999999988e-03
1.800000000000000000e+01 1.300000000000000000e+01 2.000000000000000000e+01 0.000000000000000000e+00 1.600000000000000089e+00 -1.269999999999999970e-04 -2.988000000000000204e-03 9.999949999999999672e-01 2.600390000000000201e-01 9.655939999999999523e-01 2.919000000000000154e-03 -9.655979999999999563e-01 2.600379999999999914e-01 6.539999999999999590e-04
2.400000000000000000e+01 1.300000000000000000e+01 2.000000000000000000e+01 0.000000000000000000e+00 1.600000000000000089e+00 -5.450000000000000200e-04 -3.531999999999999983e-03 9.999940000000000495e-01 2.608369999999999855e-01 9.653760000000000119e-01 3.552000000000000036e-03 -9.653829999999999911e-01 2.608369999999999855e-01 3.950000000000000061e-04
2.600000000000000000e+01 1.300000000000000000e+01 2.000000000000000000e+01 0.000000000000000000e+00 1.600000000000000089e+00 1.679999999999999907e-04 -1.121999999999999950e-03 9.999989999999999712e-01 2.606060000000000043e-01 9.654449999999999976e-01 1.038999999999999993e-03 -9.654449999999999976e-01 2.606060000000000043e-01 4.539999999999999765e-04
3.000000000000000000e+00 3.000000000000000000e+00 2.500000000000000000e+01 0.000000000000000000e+00 1.600000000000000089e+00 -8.559999999999999901e-04 1.213599999999999922e-02 9.999259999999999815e-01 -3.744399999999999812e-02 -9.992259999999999476e-01 1.209499999999999985e-02 9.992980000000000196e-01 -3.742999999999999799e-02 1.309000000000000051e-03
1.200000000000000000e+01 3.000000000000000000e+00 2.500000000000000000e+01 0.000000000000000000e+00 1.600000000000000089e+00 2.918000000000000021e-03 -1.990000000000000124e-04 9.999959999999999960e-01 -4.537100000000000161e-02 -9.989700000000000246e-01 -6.700000000000000226e-05 9.989660000000000206e-01 -4.537000000000000061e-02 -2.923999999999999950e-03
1.500000000000000000e+01 3.000000000000000000e+00 2.500000000000000000e+01 0.000000000000000000e+00 1.600000000000000089e+00 3.163000000000000013e-03 -2.829999999999999942e-04 9.999949999999999672e-01 -4.896500000000000158e-02 -9.988010000000000499e-01 -1.279999999999999942e-04 9.987960000000000171e-01 -4.896400000000000058e-02 -3.173000000000000039e-03
1.900000000000000000e+01 3.000000000000000000e+00 2.500000000000000000e+01 0.000000000000000000e+00 1.600000000000000089e+00 4.490000000000000176e-04 -4.243000000000000244e-03 9.999909999999999632e-01 -5.465300000000000019e-02 -9.984969999999999679e-01 -4.211999999999999598e-03 9.985049999999999759e-01 -5.465099999999999819e-02 -6.809999999999999647e-04
2.300000000000000000e+01 3.000000000000000000e+00 2.500000000000000000e+01 0.000000000000000000e+00 1.600000000000000089e+00 -9.049999999999999885e-04 2.609999999999999907e-03 9.999959999999999960e-01 -5.757700000000000318e-02 -9.983379999999999477e-01 2.553000000000000148e-03 9.983410000000000339e-01 -5.757400000000000018e-02 1.054000000000000032e-03
2.800000000000000000e+01 3.000000000000000000e+00 2.500000000000000000e+01 0.000000000000000000e+00 1.600000000000000089e+00 -8.970000000000000109e-04 5.252999999999999857e-03 9.999860000000000415e-01 -5.714700000000000335e-02 -9.983520000000000172e-01 5.192999999999999700e-03 9.983649999999999469e-01 -5.714199999999999835e-02 1.196000000000000014e-03
8.000000000000000000e+00 4.600000000000000000e+01 2.700000000000000000e+01 0.000000000000000000e+00 1.600000000000000089e+00 -5.100000000000000366e-04 2.222000000000000017e-03 -9.999970000000000248e-01 6.828980000000000050e-01 7.305129999999999679e-01 1.275000000000000092e-03 7.305129999999999679e-01 -6.828959999999999475e-01 -1.889999999999999970e-03
1.300000000000000000e+01 4.600000000000000000e+01 2.700000000000000000e+01 0.000000000000000000e+00 1.600000000000000089e+00 -1.230000000000000082e-04 -8.379999999999999862e-04 -1.000000000000000000e+00 6.795170000000000377e-01 7.336599999999999788e-01 -6.980000000000000527e-04 7.336599999999999788e-01 -6.795170000000000377e-01 4.789999999999999879e-04
2.300000000000000000e+01 4.600000000000000000e+01 2.700000000000000000e+01 0.000000000000000000e+00 1.600000000000000089e+00 -4.459999999999999989e-04 -5.159999999999999656e-04 -1.000000000000000000e+00 6.787560000000000260e-01 7.343640000000000168e-01 -6.809999999999999647e-04 7.343640000000000168e-01 -6.787560000000000260e-01 2.300000000000000002e-05
2.700000000000000000e+01 4.600000000000000000e+01 2.700000000000000000e+01 0.000000000000000000e+00 1.600000000000000089e+00 5.259999999999999919e-04 -1.600000000000000131e-04 -1.000000000000000000e+00 6.766600000000000392e-01 7.362959999999999505e-01 2.390000000000000089e-04 7.362950000000000328e-01 -6.766600000000000392e-01 4.949999999999999973e-04
8.000000000000000000e+00 4.600000000000000000e+01 3.000000000000000000e+01 0.000000000000000000e+00 1.600000000000000089e+00 -6.999999999999999929e-04 -6.629999999999999609e-04 -1.000000000000000000e+00 3.333149999999999724e-01 9.428149999999999586e-01 -8.580000000000000387e-04 9.428149999999999586e-01 -3.333160000000000012e-01 -4.389999999999999914e-04
1.700000000000000000e+01 4.600000000000000000e+01 3.000000000000000000e+01 0.000000000000000000e+00 1.600000000000000089e+00 1.320000000000000101e-04 -9.399999999999999719e-04 -1.000000000000000000e+00 3.317330000000000001e-01 9.433730000000000171e-01 -8.419999999999999750e-04 9.433730000000000171e-01 -3.317330000000000001e-01 4.360000000000000269e-04
7.000000000000000000e+00 5.800000000000000000e+01 3.100000000000000000e+01 0.000000000000000000e+00 1.600000000000000089e+00 -1.701000000000000038e-03 -3.762000000000000153e-03 9.999909999999999632e-01 -8.146250000000000435e-01 -5.799769999999999648e-01 -3.567999999999999991e-03 5.799860000000000015e-01 -8.146240000000000148e-01 -2.077999999999999986e-03
1.200000000000000000e+01 5.800000000000000000e+01 3.100000000000000000e+01 0.000000000000000000e+00 1.600000000000000089e+00 3.879999999999999985e-04 -5.474999999999999832e-03 9.999850000000000128e-01 -8.119119999999999671e-01 -5.837719999999999576e-01 -2.880999999999999880e-03 5.837790000000000479e-01 -8.118990000000000373e-01 -4.670999999999999805e-03
1.700000000000000000e+01 5.800000000000000000e+01 3.100000000000000000e+01 0.000000000000000000e+00 1.600000000000000089e+00 -2.526000000000000034e-03 -1.170000000000000033e-03 9.999959999999999960e-01 -8.092510000000000536e-01 -5.874559999999999782e-01 -2.732000000000000053e-03 5.874570000000000070e-01 -8.092549999999999466e-01 5.379999999999999583e-04
2.100000000000000000e+01 5.800000000000000000e+01 3.100000000000000000e+01 0.000000000000000000e+00 1.600000000000000089e+00 -2.638000000000000154e-03 -8.289999999999999843e-04 9.999959999999999960e-01 -8.102209999999999690e-01 -5.861189999999999456e-01 -2.622999999999999898e-03 5.861189999999999456e-01 -8.102249999999999730e-01 8.739999999999999939e-04
2.500000000000000000e+01 5.800000000000000000e+01 3.100000000000000000e+01 0.000000000000000000e+00 1.600000000000000089e+00 7.950000000000000252e-04 -3.027999999999999876e-03 9.999949999999999672e-01 -8.094580000000000108e-01 -5.871769999999999490e-01 -1.134000000000000025e-03 5.871779999999999777e-01 -8.094529999999999781e-01 -2.918000000000000021e-03
3.000000000000000000e+01 5.800000000000000000e+01 3.100000000000000000e+01 0.000000000000000000e+00 1.600000000000000089e+00 2.300000000000000070e-04 1.188000000000000037e-03 9.999989999999999712e-01 -8.094820000000000348e-01 -5.871439999999999992e-01 8.840000000000000201e-04 5.871450000000000280e-01 -8.094810000000000061e-01 8.260000000000000198e-04
9.000000000000000000e+00 6.000000000000000000e+00 3.200000000000000000e+01 0.000000000000000000e+00 1.600000000000000089e+00 -3.840000000000000097e-04 -4.211000000000000333e-03 -9.999909999999999632e-01 9.667499999999999705e-02 9.953070000000000528e-01 -4.227999999999999987e-03 9.953159999999999785e-01 -9.667599999999999805e-02 2.500000000000000120e-05
1.300000000000000000e+01 6.000000000000000000e+00 3.200000000000000000e+01 0.000000000000000000e+00 1.600000000000000089e+00 -1.689999999999999879e-04 -4.591999999999999728e-03 -9.999890000000000168e-01 1.000410000000000049e-01 9.949729999999999963e-01 -4.584999999999999666e-03 9.949829999999999508e-01 -1.000400000000000039e-01 2.910000000000000260e-04
8.000000000000000000e+00 5.900000000000000000e+01 3.200000000000000000e+01 0.000000000000000000e+00 1.600000000000000089e+00 2.559999999999999884e-04 -3.860000000000000041e-04 1.000000000000000000e+00 -7.257409999999999695e-01 -6.879680000000000240e-01 -8.000000000000000654e-05 6.879680000000000240e-01 -7.257409999999999695e-01 -4.560000000000000251e-04
5.000000000000000000e+00 4.600000000000000000e+01 3.500000000000000000e+01 0.000000000000000000e+00 1.600000000000000089e+00 1.286000000000000034e-03 -6.229999999999999644e-04 -9.999989999999999712e-01 3.915460000000000051e-01 -9.201580000000000314e-01 1.075999999999999917e-03 -9.201580000000000314e-01 -3.915469999999999784e-01 -9.389999999999999476e-04
1.000000000000000000e+01 4.600000000000000000e+01 3.500000000000000000e+01 0.000000000000000000e+00 1.600000000000000089e+00 -8.189999999999999581e-04 3.229000000000000099e-03 -9.999940000000000495e-01 3.905049999999999910e-01 -9.205950000000000522e-01 -3.291999999999999788e-03 -9.205999999999999739e-01 -3.905060000000000198e-01 -5.060000000000000478e-04
1.800000000000000000e+01 4.600000000000000000e+01 3.500000000000000000e+01 0.000000000000000000e+00 1.600000000000000089e+00 -4.870000000000000197e-04 -2.455000000000000151e-03 -9.999970000000000248e-01 3.902470000000000105e-01 -9.207079999999999709e-01 2.069999999999999792e-03 -9.207100000000000284e-01 -3.902450000000000085e-01 1.405999999999999915e-03
2.400000000000000000e+01 4.600000000000000000e+01 3.500000000000000000e+01 0.000000000000000000e+00 1.600000000000000089e+00 1.410000000000000120e-04 1.962999999999999901e-03 -9.999980000000000535e-01 3.922760000000000136e-01 -9.198460000000000525e-01 -1.750999999999999952e-03 -9.198479999999999990e-01 -3.922749999999999848e-01 -8.999999999999999754e-04
2.700000000000000000e+01 4.600000000000000000e+01 3.500000000000000000e+01 0.000000000000000000e+00 1.600000000000000089e+00 2.869999999999999830e-04 4.081000000000000426e-03 -9.999919999999999920e-01 3.919380000000000086e-01 -9.199840000000000240e-01 -3.641999999999999838e-03 -9.199910000000000032e-01 -3.919340000000000046e-01 -1.863000000000000073e-03
1.000000000000000000e+00 9.500000000000000000e+01 3.700000000000000000e+01 0.000000000000000000e+00 1.600000000000000089e+00 1.234999999999999987e-02 1.182000000000000065e-02 9.998540000000000205e-01 9.945230000000000459e-01 1.036450000000000010e-01 -1.350999999999999944e-02 -1.037899999999999934e-01 9.945439999999999836e-01 -1.047599999999999920e-02
1.000000000000000000e+00 2.900000000000000000e+01 4.400000000000000000e+01 0.000000000000000000e+00 1.600000000000000089e+00 9.560000000000000355e-04 1.098000000000000018e-03 -9.999989999999999712e-01 6.744369999999999532e-01 7.383309999999999595e-01 1.454999999999999913e-03 7.383319999999999883e-01 -6.744379999999999820e-01 -3.499999999999999693e-05
5.000000000000000000e+00 2.900000000000000000e+01 4.400000000000000000e+01 0.000000000000000000e+00 1.600000000000000089e+00 4.300000000000000165e-05 2.494999999999999822e-03 -9.999970000000000248e-01 6.702850000000000197e-01 7.421020000000000394e-01 1.879999999999999944e-03 7.421039999999999859e-01 -6.702829999999999622e-01 -1.641000000000000097e-03
7.000000000000000000e+00 2.900000000000000000e+01 4.400000000000000000e+01 0.000000000000000000e+00 1.600000000000000089e+00 -6.660000000000000338e-04 3.105999999999999820e-03 -9.999949999999999672e-01 6.683740000000000236e-01 7.438230000000000119e-01 1.864999999999999904e-03 7.438249999999999584e-01 -6.683689999999999909e-01 -2.570999999999999935e-03
1.800000000000000000e+01 2.900000000000000000e+01 4.400000000000000000e+01 0.000000000000000000e+00 1.600000000000000089e+00 -2.629999999999999959e-04 -3.950000000000000061e-04 -1.000000000000000000e+00 6.678290000000000060e-01 7.443149999999999489e-01 -4.699999999999999859e-04 7.443149999999999489e-01 -6.678290000000000060e-01 6.799999999999999946e-05
2.400000000000000000e+01 2.900000000000000000e+01 4.400000000000000000e+01 0.000000000000000000e+00 1.600000000000000089e+00 2.495999999999999955e-03 -2.714999999999999965e-03 -9.999930000000000208e-01 6.750270000000000437e-01 7.377930000000000321e-01 -3.190000000000000019e-04 7.377890000000000281e-01 -6.750220000000000109e-01 3.674000000000000182e-03
2.700000000000000000e+01 2.900000000000000000e+01 4.400000000000000000e+01 0.000000000000000000e+00 1.600000000000000089e+00 1.539000000000000003e-03 -3.808000000000000187e-03 -9.999919999999999920e-01 6.708060000000000134e-01 7.416310000000000402e-01 -1.791999999999999973e-03 7.416310000000000402e-01 -6.707980000000000054e-01 3.694999999999999934e-03
3.000000000000000000e+01 2.900000000000000000e+01 4.400000000000000000e+01 0.000000000000000000e+00 1.600000000000000089e+00 1.178999999999999927e-03 -4.079000000000000160e-03 -9.999909999999999632e-01 6.697899999999999965e-01 7.425469999999999571e-01 -2.239000000000000105e-03 7.425500000000000433e-01 -6.697809999999999597e-01 3.606999999999999963e-03
6.000000000000000000e+00 5.000000000000000000e+00 5.100000000000000000e+01 0.000000000000000000e+00 1.600000000000000089e+00 -3.537000000000000213e-03 7.240000000000000342e-04 -9.999940000000000495e-01 4.842790000000000150e-01 -8.749109999999999943e-01 -2.347000000000000128e-03 -8.749069999999999903e-01 -4.842839999999999923e-01 2.743999999999999911e-03
1.100000000000000000e+01 5.000000000000000000e+00 5.100000000000000000e+01 0.000000000000000000e+00 1.600000000000000089e+00 -5.010000000000000347e-04 -2.090000000000000115e-04 -1.000000000000000000e+00 4.859919999999999796e-01 -8.739630000000000454e-01 -6.099999999999999872e-05 -8.739630000000000454e-01 -4.859919999999999796e-01 5.400000000000000069e-04
2.100000000000000000e+01 5.000000000000000000e+00 5.100000000000000000e+01 0.000000000000000000e+00 1.600000000000000089e+00 -1.108999999999999960e-03 -2.534999999999999927e-03 -9.999959999999999960e-01 4.835820000000000118e-01 -8.752980000000000205e-01 1.681999999999999901e-03 -8.752990000000000492e-01 -4.835780000000000078e-01 2.197000000000000168e-03
3.000000000000000000e+01 5.000000000000000000e+00 5.100000000000000000e+01 0.000000000000000000e+00 1.600000000000000089e+00 -8.409999999999999507e-04 -3.526000000000000054e-03 -9.999930000000000208e-01 4.862290000000000223e-01 -8.738280000000000491e-01 2.671999999999999896e-03 -8.738310000000000244e-01 -4.862230000000000163e-01 2.449999999999999921e-03
1.400000000000000000e+01 6.000000000000000000e+00 5.100000000000000000e+01 0.000000000000000000e+00 1.600000000000000089e+00 5.609999999999999752e-04 -2.719999999999999979e-04 -1.000000000000000000e+00 3.198500000000000232e-01 -9.474679999999999769e-01 4.369999999999999970e-04 -9.474679999999999769e-01 -3.198500000000000232e-01 -4.440000000000000045e-04
5.000000000000000000e+00 1.150000000000000000e+02 5.100000000000000000e+01 0.000000000000000000e+00 1.600000000000000089e+00 -1.800000000000000113e-04 -6.283999999999999655e-03 9.999799999999999800e-01 8.455219999999999958e-01 -5.339310000000000445e-01 -3.203000000000000118e-03 5.339409999999999989e-01 8.455049999999999510e-01 5.408999999999999746e-03
1.600000000000000000e+01 1.600000000000000000e+01 5.200000000000000000e+01 0.000000000000000000e+00 1.600000000000000089e+00 -1.640799999999999897e-02 -1.592700000000000018e-02 -9.997380000000000155e-01 7.812700000000000200e-01 6.237780000000000546e-01 -2.276099999999999998e-02 6.239770000000000039e-01 -7.814389999999999947e-01 2.207999999999999893e-03
1.800000000000000000e+01 1.600000000000000000e+01 5.200000000000000000e+01 0.000000000000000000e+00 1.600000000000000089e+00 -1.545799999999999952e-02 -2.322899999999999965e-02 -9.996110000000000273e-01 7.902949999999999697e-01 6.121560000000000334e-01 -2.644699999999999829e-02 6.125319999999999654e-01 -7.903959999999999875e-01 8.895000000000000129e-03
6.000000000000000000e+00 6.300000000000000000e+01 5.400000000000000000e+01 0.000000000000000000e+00 1.600000000000000089e+00 2.719999999999999979e-04 -2.090000000000000115e-04 1.000000000000000000e+00 -3.541329999999999756e-01 9.351949999999999985e-01 2.919999999999999961e-04 -9.351949999999999985e-01 -3.541340000000000043e-01 1.800000000000000113e-04
1.700000000000000000e+01 6.300000000000000000e+01 5.400000000000000000e+01 0.000000000000000000e+00 1.600000000000000089e+00 -4.949999999999999973e-04 -1.778000000000000067e-03 9.999980000000000535e-01 -3.475880000000000081e-01 9.376459999999999795e-01 1.495000000000000018e-03 -9.376470000000000082e-01 -3.475860000000000061e-01 -1.082000000000000062e-03
2.200000000000000000e+01 6.300000000000000000e+01 5.400000000000000000e+01 0.000000000000000000e+00 1.600000000000000089e+00 1.123000000000000083e-03 -4.539999999999999765e-04 9.999989999999999712e-01 -3.416620000000000212e-01 9.398229999999999640e-01 8.099999999999999561e-04 -9.398220000000000462e-01 -3.416620000000000212e-01 8.999999999999999754e-04
2.700000000000000000e+01 6.300000000000000000e+01 5.400000000000000000e+01 0.000000000000000000e+00 1.600000000000000089e+00 2.910000000000000260e-04 -1.389999999999999905e-04 1.000000000000000000e+00 -3.473740000000000161e-01 9.377269999999999772e-01 2.320000000000000014e-04 -9.377269999999999772e-01 -3.473740000000000161e-01 2.239999999999999966e-04
4.000000000000000000e+00 2.500000000000000000e+01 5.500000000000000000e+01 0.000000000000000000e+00 1.600000000000000089e+00 1.038000000000000077e-03 1.920000000000000049e-04 -9.999989999999999712e-01 -1.417900000000000063e-02 -9.998989999999999823e-01 -2.069999999999999900e-04 -9.998989999999999823e-01 1.417999999999999990e-02 -1.034999999999999896e-03
9.000000000000000000e+00 2.500000000000000000e+01 5.500000000000000000e+01 0.000000000000000000e+00 1.600000000000000089e+00 1.580000000000000024e-03 2.879000000000000049e-03 -9.999949999999999672e-01 -1.227600000000000045e-02 -9.999200000000000310e-01 -2.897999999999999968e-03 -9.999230000000000063e-01 1.227999999999999925e-02 -1.544000000000000017e-03
2.500000000000000000e+01 2.500000000000000000e+01 5.500000000000000000e+01 0.000000000000000000e+00 1.600000000000000089e+00 1.363999999999999978e-03 2.116999999999999958e-03 -9.999970000000000248e-01 -8.500999999999999876e-03 -9.999620000000000175e-01 -2.128999999999999816e-03 -9.999630000000000463e-01 8.503999999999999407e-03 -1.345999999999999974e-03
2.300000000000000000e+01 6.800000000000000000e+01 5.700000000000000000e+01 0.000000000000000000e+00 1.600000000000000089e+00 6.009999999999999717e-04 3.644000000000000104e-03 -9.999930000000000208e-01 -2.426560000000000106e-01 -9.701049999999999951e-01 -3.680999999999999810e-03 -9.701119999999999743e-01 2.426570000000000116e-01 3.009999999999999980e-04
2.000000000000000000e+00 2.100000000000000000e+01 6.000000000000000000e+01 0.000000000000000000e+00 1.600000000000000089e+00 1.948999999999999995e-03 -5.879999999999999810e-04 9.999980000000000535e-01 -9.568899999999999628e-02 9.954110000000000458e-01 7.720000000000000083e-04 -9.954089999999999883e-01 -9.569099999999999828e-02 1.882999999999999908e-03
1.100000000000000000e+01 2.100000000000000000e+01 6.000000000000000000e+01 0.000000000000000000e+00 1.600000000000000089e+00 -8.459999999999999638e-04 -1.245999999999999929e-03 9.999989999999999712e-01 -9.782699999999999729e-02 9.952029999999999488e-01 1.157999999999999958e-03 -9.952029999999999488e-01 -9.782599999999999629e-02 -9.640000000000000131e-04
1.600000000000000000e+01 2.100000000000000000e+01 6.000000000000000000e+01 0.000000000000000000e+00 1.600000000000000089e+00 -2.935000000000000109e-03 -2.073999999999999889e-03 9.999940000000000495e-01 -9.673099999999999754e-02 9.953089999999999993e-01 1.781000000000000031e-03 -9.953060000000000240e-01 -9.672500000000000542e-02 -3.122000000000000209e-03
2.100000000000000000e+01 6.000000000000000000e+00 6.100000000000000000e+01 0.000000000000000000e+00 1.600000000000000089e+00 2.877999999999999916e-03 -6.568000000000000053e-03 9.999740000000000295e-01 5.688739999999999908e-01 -8.223949999999999871e-01 -7.040000000000000251e-03 8.224200000000000399e-01 5.688790000000000235e-01 1.368999999999999991e-03
9.000000000000000000e+00 3.000000000000000000e+00 6.300000000000000000e+01 0.000000000000000000e+00 1.600000000000000089e+00 -5.180000000000000143e-04 2.131000000000000082e-03 9.999980000000000535e-01 -6.157219999999999915e-01 7.879610000000000225e-01 -1.997000000000000077e-03 -7.879629999999999690e-01 -6.157219999999999915e-01 9.039999999999999642e-04
2.900000000000000000e+01 3.000000000000000000e+00 6.300000000000000000e+01 0.000000000000000000e+00 1.600000000000000089e+00 7.259999999999999743e-04 -8.064999999999999253e-03 9.999670000000000503e-01 -6.150550000000000184e-01 7.884550000000000169e-01 6.805000000000000285e-03 -7.884839999999999627e-01 -6.150400000000000311e-01 -4.388000000000000407e-03
1.000000000000000000e+00 2.700000000000000000e+01 6.300000000000000000e+01 0.000000000000000000e+00 1.600000000000000089e+00 2.918000000000000021e-03 -8.009999999999999542e-04 9.999949999999999672e-01 -2.754309999999999814e-01 9.613190000000000346e-01 1.574000000000000095e-03 -9.613159999999999483e-01 -2.754349999999999854e-01 2.585000000000000058e-03
6.000000000000000000e+00 2.700000000000000000e+01 6.300000000000000000e+01 0.000000000000000000e+00 1.600000000000000089e+00 6.279999999999999775e-04 -1.203000000000000076e-03 9.999989999999999712e-01 -2.713099999999999956e-01 9.624909999999999854e-01 1.327999999999999970e-03 -9.624920000000000142e-01 -2.713110000000000244e-01 2.779999999999999811e-04
1.100000000000000000e+01 2.700000000000000000e+01 6.300000000000000000e+01 0.000000000000000000e+00 1.600000000000000089e+00 -1.147999999999999932e-03 5.779999999999999548e-04 9.999989999999999712e-01 -2.700919999999999987e-01 9.628339999999999677e-01 -8.660000000000000163e-04 -9.628339999999999677e-01 -2.700930000000000275e-01 -9.489999999999999738e-04
1.600000000000000000e+01 2.700000000000000000e+01 6.300000000000000000e+01 0.000000000000000000e+00 1.600000000000000089e+00 -2.478000000000000168e-03 -4.185000000000000352e-03 9.999879999999999880e-01 -2.708740000000000037e-01 9.626090000000000479e-01 3.357000000000000175e-03 -9.626120000000000232e-01 -2.708619999999999917e-01 -3.517999999999999860e-03
2.000000000000000000e+01 2.700000000000000000e+01 6.300000000000000000e+01 0.000000000000000000e+00 1.600000000000000089e+00 -3.229999999999999907e-04 -5.879999999999999810e-04 1.000000000000000000e+00 -2.737169999999999881e-01 9.618100000000000538e-01 4.769999999999999934e-04 -9.618100000000000538e-01 -2.737169999999999881e-01 -4.719999999999999803e-04
2.600000000000000000e+01 2.700000000000000000e+01 6.300000000000000000e+01 0.000000000000000000e+00 1.600000000000000089e+00 -8.909999999999999734e-04 7.407000000000000389e-03 9.999719999999999720e-01 -2.699969999999999870e-01 9.628330000000000499e-01 -7.372000000000000081e-03 -9.628609999999999669e-01 -2.699960000000000138e-01 1.142000000000000003e-03
3.000000000000000000e+01 2.700000000000000000e+01 6.300000000000000000e+01 0.000000000000000000e+00 1.600000000000000089e+00 8.720000000000000537e-04 7.936999999999999611e-03 9.999679999999999680e-01 -2.720000000000000195e-01 9.622690000000000410e-01 -7.400999999999999593e-03 -9.622969999999999580e-01 -2.719849999999999768e-01 2.997999999999999797e-03
5.000000000000000000e+00 2.600000000000000000e+01 6.400000000000000000e+01 0.000000000000000000e+00 1.600000000000000089e+00 7.900000000000000121e-04 -1.430999999999999980e-03 9.999989999999999712e-01 -3.555050000000000154e-01 9.346729999999999761e-01 1.618999999999999996e-03 -9.346740000000000048e-01 -3.555059999999999887e-01 2.300000000000000070e-04
8.000000000000000000e+00 2.600000000000000000e+01 6.400000000000000000e+01 0.000000000000000000e+00 1.600000000000000089e+00 -6.399999999999999710e-05 -1.981999999999999821e-03 9.999980000000000535e-01 -3.549640000000000017e-01 9.348779999999999868e-01 1.830000000000000029e-03 -9.348800000000000443e-01 -3.549629999999999730e-01 -7.640000000000000306e-04
1.600000000000000000e+01 2.600000000000000000e+01 6.400000000000000000e+01 0.000000000000000000e+00 1.600000000000000089e+00 -1.918000000000000000e-03 -3.400999999999999943e-03 9.999919999999999920e-01 -3.549990000000000090e-01 9.348629999999999995e-01 2.497999999999999787e-03 -9.348649999999999460e-01 -3.549910000000000010e-01 -3.000000000000000062e-03
2.100000000000000000e+01 2.600000000000000000e+01 6.400000000000000000e+01 0.000000000000000000e+00 1.600000000000000089e+00 3.750000000000000078e-04 1.003999999999999901e-03 9.999989999999999712e-01 -3.573549999999999782e-01 9.339680000000000204e-01 -8.040000000000000271e-04 -9.339690000000000492e-01 -3.573540000000000050e-01 7.089999999999999948e-04
2.500000000000000000e+01 2.600000000000000000e+01 6.400000000000000000e+01 0.000000000000000000e+00 1.600000000000000089e+00 -1.111000000000000008e-03 7.019000000000000065e-03 9.999749999999999472e-01 -3.530889999999999862e-01 9.355639999999999512e-01 -6.958999999999999908e-03 -9.355890000000000040e-01 -3.530880000000000130e-01 1.438999999999999958e-03
