1.900000000000000000e+01 2.500000000000000000e+01 1.000000000000000000e+00 0.000000000000000000e+00 1.600000000000000089e+00 -2.550000000000000183e-03 -1.163499999999999951e-02 -9.999289999999999567e-01 -5.298500000000000432e-01 -8.480170000000000208e-01 1.121899999999999981e-02 -8.480879999999999530e-01 5.298410000000000064e-01 -4.002999999999999614e-03
2.300000000000000000e+01 2.500000000000000000e+01 1.000000000000000000e+00 0.000000000000000000e+00 1.600000000000000089e+00 -2.199000000000000000e-03 -1.657000000000000053e-03 -9.999959999999999960e-01 -5.324079999999999924e-01 -8.464840000000000142e-01 2.573000000000000200e-03 -8.464850000000000430e-01 5.324119999999999964e-01 9.799999999999999684e-04
2.700000000000000000e+01 2.500000000000000000e+01 1.000000000000000000e+00 0.000000000000000000e+00 1.600000000000000089e+00 -1.802999999999999915e-03 3.840999999999999796e-03 -9.999909999999999632e-01 -5.307680000000000176e-01 -8.475139999999999896e-01 -2.298999999999999828e-03 -8.475150000000000183e-01 5.307589999999999808e-01 3.566999999999999858e-03
7.000000000000000000e+00 1.500000000000000000e+01 4.000000000000000000e+00 0.000000000000000000e+00 1.600000000000000089e+00 -7.119999999999999593e-04 -2.838999999999999944e-03 9.999959999999999960e-01 3.267369999999999997e-01 -9.451119999999999521e-01 -2.451000000000000054e-03 9.451150000000000384e-01 3.267340000000000244e-01 1.600000000000000077e-03
1.200000000000000000e+01 1.500000000000000000e+01 4.000000000000000000e+00 0.000000000000000000e+00 1.600000000000000089e+00 -1.050000000000000044e-04 -6.583999999999999575e-03 9.999780000000000335e-01 3.198170000000000179e-01 -9.474590000000000511e-01 -6.204999999999999578e-03 9.474789999999999601e-01 3.198099999999999832e-01 2.204999999999999929e-03
1.700000000000000000e+01 1.500000000000000000e+01 4.000000000000000000e+00 0.000000000000000000e+00 1.600000000000000089e+00 1.079000000000000098e-03 -3.533999999999999815e-03 9.999930000000000208e-01 3.121740000000000070e-01 -9.500180000000000291e-01 -3.693999999999999801e-03 9.500239999999999796e-01 3.121760000000000090e-01 7.799999999999999859e-05
2.300000000000000000e+01 1.500000000000000000e+01 4.000000000000000000e+00 0.000000000000000000e+00 1.600000000000000089e+00 -2.432999999999999833e-03 -3.191999999999999959e-03 9.999919999999999920e-01 3.126709999999999767e-01 -9.498590000000000089e-01 -2.272000000000000148e-03 9.498579999999999801e-01 3.126630000000000242e-01 3.308999999999999875e-03
2.600000000000000000e+01 1.500000000000000000e+01 4.000000000000000000e+00 0.000000000000000000e+00 1.600000000000000089e+00 -4.159999999999999744e-04 -2.495999999999999955e-03 9.999970000000000248e-01 3.146990000000000065e-01 -9.491889999999999494e-01 -2.237999999999999972e-03 9.491910000000000069e-01 3.146970000000000045e-01 1.180999999999999975e-03
2.800000000000000000e+01 1.500000000000000000e+01 4.000000000000000000e+00 0.000000000000000000e+00 1.600000000000000089e+00 -2.689999999999999791e-04 -6.171000000000000270e-03 9.999810000000000088e-01 3.160009999999999764e-01 -9.487409999999999455e-01 -5.769999999999999955e-03 9.487590000000000190e-01 3.159939999999999971e-01 2.204999999999999929e-03
1.900000000000000000e+01 1.600000000000000000e+01 4.000000000000000000e+00 0.000000000000000000e+00 1.600000000000000089e+00 2.249999999999999938e-04 -3.213000000000000144e-03 9.999949999999999672e-01 3.877559999999999896e-01 -9.217570000000000485e-01 -3.049000000000000061e-03 9.217619999999999703e-01 3.877550000000000163e-01 1.038999999999999993e-03
1.400000000000000000e+01 1.010000000000000000e+02 7.000000000000000000e+00 0.000000000000000000e+00 1.600000000000000089e+00 1.268400000000000083e-02 -1.552800000000000014e-02 9.997989999999999933e-01 8.710520000000000485e-01 4.911789999999999767e-01 -3.422000000000000128e-03 -4.910269999999999913e-01 8.709200000000000275e-01 1.975599999999999926e-02
9.000000000000000000e+00 2.500000000000000000e+01 8.000000000000000000e+00 0.000000000000000000e+00 1.600000000000000089e+00 2.086000000000000180e-03 8.633999999999999314e-03 -9.999609999999999888e-01 4.512880000000000225e-01 8.923360000000000181e-01 8.645999999999999172e-03 8.923759999999999470e-01 -4.512880000000000225e-01 -2.034999999999999917e-03
1.900000000000000000e+01 2.500000000000000000e+01 8.000000000000000000e+00 0.000000000000000000e+00 1.600000000000000089e+00 -1.179999999999999951e-04 3.105000000000000121e-03 -9.999949999999999672e-01 4.526350000000000096e-01 8.916920000000000401e-01 2.716000000000000098e-03 8.916960000000000441e-01 -4.526330000000000076e-01 -1.510999999999999973e-03
2.800000000000000000e+01 2.500000000000000000e+01 8.000000000000000000e+00 0.000000000000000000e+00 1.600000000000000089e+00 2.371999999999999977e-03 -2.818999999999999891e-03 -9.999930000000000208e-01 4.501859999999999751e-01 8.929340000000000055e-01 -1.449999999999999900e-03 8.929319999999999480e-01 -4.501789999999999958e-01 3.386999999999999820e-03
9.000000000000000000e+00 2.400000000000000000e+01 9.000000000000000000e+00 0.000000000000000000e+00 1.600000000000000089e+00 1.935000000000000088e-03 7.394999999999999664e-03 -9.999710000000000543e-01 4.551709999999999923e-01 8.903729999999999700e-01 7.465000000000000281e-03 8.904020000000000268e-01 -4.551729999999999943e-01 -1.642999999999999929e-03
1.300000000000000000e+01 2.400000000000000000e+01 9.000000000000000000e+00 0.000000000000000000e+00 1.600000000000000089e+00 1.469999999999999953e-04 7.782999999999999988e-03 -9.999700000000000255e-01 4.551439999999999930e-01 8.903900000000000148e-01 6.997999999999999880e-03 8.904180000000000428e-01 -4.551310000000000078e-01 -3.410999999999999970e-03
1.900000000000000000e+01 2.400000000000000000e+01 9.000000000000000000e+00 0.000000000000000000e+00 1.600000000000000089e+00 3.100000000000000135e-05 2.648999999999999879e-03 -9.999959999999999960e-01 4.565040000000000209e-01 8.897180000000000089e-01 2.370999999999999844e-03 8.897209999999999841e-01 -4.565020000000000189e-01 -1.182000000000000108e-03
2.200000000000000000e+01 2.400000000000000000e+01 9.000000000000000000e+00 0.000000000000000000e+00 1.600000000000000089e+00 1.949999999999999910e-03 -3.333000000000000025e-03 -9.999919999999999920e-01 4.550270000000000148e-01 8.904750000000000165e-01 -2.080999999999999951e-03 8.904760000000000453e-01 -4.550190000000000068e-01 3.252999999999999815e-03
2.500000000000000000e+01 2.400000000000000000e+01 9.000000000000000000e+00 0.000000000000000000e+00 1.600000000000000089e+00 2.178999999999999947e-03 1.392999999999999924e-03 -9.999970000000000248e-01 4.534969999999999835e-01 8.912550000000000194e-01 2.230000000000000211e-03 8.912550000000000194e-01 -4.535000000000000142e-01 1.309999999999999967e-03
2.700000000000000000e+01 2.400000000000000000e+01 9.000000000000000000e+00 0.000000000000000000e+00 1.600000000000000089e+00 2.373999999999999808e-03 -3.400000000000000244e-04 -9.999970000000000248e-01 4.530939999999999968e-01 8.914619999999999767e-01 7.730000000000000326e-04 8.914590000000000014e-01 -4.530950000000000255e-01 2.271000000000000015e-03
5.000000000000000000e+00 4.000000000000000000e+00 1.100000000000000000e+01 0.000000000000000000e+00 1.600000000000000089e+00 -3.677999999999999846e-03 -2.714899999999999952e-02 -9.996249999999999858e-01 2.412990000000000135e-01 9.700689999999999591e-01 -2.723400000000000126e-02 9.704439999999999733e-01 -2.413079999999999947e-01 2.982999999999999974e-03
1.200000000000000000e+01 4.000000000000000000e+00 1.100000000000000000e+01 0.000000000000000000e+00 1.600000000000000089e+00 7.367000000000000284e-03 3.798599999999999893e-02 -9.992510000000000003e-01 2.370420000000000027e-01 9.707299999999999818e-01 3.864900000000000280e-02 9.714709999999999734e-01 -2.371499999999999997e-01 -1.853000000000000046e-03
1.800000000000000000e+01 4.000000000000000000e+00 1.100000000000000000e+01 0.000000000000000000e+00 1.600000000000000089e+00 7.931999999999999815e-03 7.081899999999999307e-02 -9.974579999999999558e-01 1.984509999999999885e-01 9.775369999999999893e-01 7.098300000000000443e-02 9.800790000000000335e-01 -1.985089999999999910e-01 -6.300000000000000044e-03
1.100000000000000000e+01 3.500000000000000000e+01 1.200000000000000000e+01 0.000000000000000000e+00 1.600000000000000089e+00 -8.120000000000000048e-04 6.882000000000000096e-03 -9.999759999999999760e-01 4.488099999999999867e-01 -8.936030000000000362e-01 -6.513999999999999825e-03 -8.936269999999999492e-01 -4.488050000000000095e-01 -2.364000000000000216e-03
2.400000000000000000e+01 3.500000000000000000e+01 1.200000000000000000e+01 0.000000000000000000e+00 1.600000000000000089e+00 2.860000000000000129e-03 6.871999999999999637e-03 -9.999719999999999720e-01 5.102799999999999558e-01 -8.599959999999999827e-01 -4.451000000000000095e-03 -8.600029999999999619e-01 -5.102539999999999853e-01 -5.965999999999999949e-03
2.500000000000000000e+01 3.200000000000000000e+01 1.400000000000000000e+01 0.000000000000000000e+00 1.600000000000000089e+00 -1.335999999999999948e-03 8.720000000000000537e-04 -9.999989999999999712e-01 1.103179999999999994e-01 9.938960000000000017e-01 7.190000000000000210e-04 9.938949999999999729e-01 -1.103169999999999984e-01 -1.423999999999999919e-03
2.100000000000000000e+01 1.160000000000000000e+02 1.600000000000000000e+01 0.000000000000000000e+00 1.600000000000000089e+00 -2.410000000000000033e-04 7.659999999999999708e-04 1.000000000000000000e+00 7.118379999999999708e-01 7.023430000000000506e-01 -3.660000000000000059e-04 -7.023430000000000506e-01 7.118379999999999708e-01 -7.140000000000000079e-04
2.000000000000000000e+00 2.000000000000000000e+00 1.900000000000000000e+01 0.000000000000000000e+00 1.600000000000000089e+00 -2.701399999999999982e-02 1.225900000000000080e-02 -9.995600000000000041e-01 2.199029999999999874e-01 -9.753570000000000295e-01 -1.790500000000000078e-02 -9.751480000000000148e-01 -2.202900000000000136e-01 2.365199999999999941e-02
7.000000000000000000e+00 2.000000000000000000e+00 1.900000000000000000e+01 0.000000000000000000e+00 1.600000000000000089e+00 -3.115999999999999846e-03 2.641000000000000118e-03 -9.999919999999999920e-01 2.154280000000000084e-01 -9.765139999999999931e-01 -3.249999999999999851e-03 -9.765150000000000219e-01 -2.154359999999999886e-01 2.474000000000000071e-03
1.000000000000000000e+01 2.000000000000000000e+00 1.900000000000000000e+01 0.000000000000000000e+00 1.600000000000000089e+00 -7.200000000000000182e-05 5.206999999999999823e-03 -9.999860000000000415e-01 2.146260000000000112e-01 -9.766829999999999679e-01 -5.100999999999999632e-03 -9.766960000000000086e-01 -2.146240000000000092e-01 -1.046999999999999971e-03
1.800000000000000000e+01 2.000000000000000000e+00 1.900000000000000000e+01 0.000000000000000000e+00 1.600000000000000089e+00 6.282000000000000257e-03 -1.731399999999999953e-02 -9.998299999999999965e-01 1.993139999999999912e-01 -9.797660000000000258e-01 1.821899999999999908e-02 -9.799149999999999805e-01 -1.993949999999999889e-01 -2.703999999999999806e-03
2.200000000000000000e+01 2.000000000000000000e+00 1.900000000000000000e+01 0.000000000000000000e+00 1.600000000000000089e+00 8.052000000000000129e-03 -2.505900000000000141e-02 -9.996540000000000425e-01 1.917979999999999963e-01 -9.810860000000000136e-01 2.613899999999999904e-02 -9.814009999999999678e-01 -1.919420000000000015e-01 -3.092999999999999829e-03
2.600000000000000000e+01 2.000000000000000000e+00 1.900000000000000000e+01 0.000000000000000000e+00 1.600000000000000089e+00 3.837000000000000133e-03 -1.708700000000000149e-02 -9.998470000000000413e-01 1.821649999999999936e-01 -9.831119999999999859e-01 1.750099999999999920e-02 -9.832600000000000229e-01 -1.822040000000000048e-01 -6.599999999999999964e-04
1.200000000000000000e+01 4.000000000000000000e+00 2.000000000000000000e+01 0.000000000000000000e+00 1.600000000000000089e+00 -2.321000000000000146e-03 3.552000000000000036e-03 -9.999909999999999632e-01 2.775279999999999969e-01 -9.607090000000000352e-01 -4.056999999999999842e-03 -9.607149999999999856e-01 -2.775349999999999762e-01 1.244000000000000097e-03
1.700000000000000000e+01 4.000000000000000000e+00 2.000000000000000000e+01 0.000000000000000000e+00 1.600000000000000089e+00 3.419000000000000164e-03 -6.203000000000000180e-03 -9.999749999999999472e-01 2.699360000000000093e-01 -9.628539999999999877e-01 6.896000000000000220e-03 -9.628719999999999501e-01 -2.699529999999999985e-01 -1.618000000000000081e-03
2.300000000000000000e+01 4.000000000000000000e+00 2.000000000000000000e+01 0.000000000000000000e+00 1.600000000000000089e+00 6.323999999999999760e-03 -1.418699999999999996e-02 -9.998789999999999623e-01 2.656669999999999865e-01 -9.639419999999999655e-01 1.535700000000000086e-02 -9.640440000000000120e-01 -2.657329999999999970e-01 -2.327000000000000075e-03
9.000000000000000000e+00 1.300000000000000000e+01 2.000000000000000000e+01 0.000000000000000000e+00 1.600000000000000089e+00 1.642999999999999929e-03 1.873000000000000012e-02 9.998230000000000173e-01 2.564069999999999960e-01 9.663910000000000000e-01 -1.852499999999999980e-02 -9.665679999999999827e-01 2.563920000000000088e-01 -3.213999999999999843e-03
1.500000000000000000e+01 1.300000000000000000e+01 2.000000000000000000e+01 0.000000000000000000e+00 1.600000000000000089e+00 1.477000000000000014e-03 2.791000000000000078e-03 9.999949999999999672e-01 2.520060000000000078e-01 9.677210000000000534e-01 -3.073000000000000211e-03 -9.677249999999999464e-01 2.520089999999999830e-01 7.259999999999999743e-04
2.000000000000000000e+01 1.300000000000000000e+01 2.000000000000000000e+01 0.000000000000000000e+00 1.600000000000000089e+00 1.178000000000000011e-03 1.263000000000000017e-03 9.999989999999999712e-01 2.509759999999999769e-01 9.679919999999999636e-01 -1.518000000000000035e-03 -9.679929999999999923e-01 2.509770000000000056e-01 8.239999999999999712e-04
2.600000000000000000e+01 1.300000000000000000e+01 2.000000000000000000e+01 0.000000000000000000e+00 1.600000000000000089e+00 1.856999999999999927e-03 6.305999999999999973e-03 9.999780000000000335e-01 2.502369999999999872e-01 9.681619999999999671e-01 -6.570000000000000319e-03 -9.681830000000000158e-01 2.502429999999999932e-01 2.200000000000000078e-04
5.000000000000000000e+00 1.600000000000000000e+01 2.100000000000000000e+01 0.000000000000000000e+00 1.600000000000000089e+00 -8.189999999999999581e-04 -5.585999999999999820e-03 9.999839999999999840e-01 3.023830000000000129e-01 9.531699999999999617e-01 5.571999999999999696e-03 -9.531859999999999777e-01 3.023830000000000129e-01 9.079999999999999530e-04
9.000000000000000000e+00 1.600000000000000000e+01 2.100000000000000000e+01 0.000000000000000000e+00 1.600000000000000089e+00 -1.214000000000000018e-03 4.224999999999999589e-03 9.999900000000000455e-01 3.009080000000000088e-01 9.536459999999999937e-01 -3.664000000000000156e-03 -9.536520000000000552e-01 3.009009999999999740e-01 -2.429000000000000169e-03
1.600000000000000000e+01 1.600000000000000000e+01 2.100000000000000000e+01 0.000000000000000000e+00 1.600000000000000089e+00 1.624999999999999925e-03 1.033000000000000064e-03 9.999980000000000535e-01 2.985499999999999821e-01 9.543930000000000469e-01 -1.471000000000000085e-03 -9.543930000000000469e-01 2.985519999999999841e-01 1.242999999999999964e-03
2.100000000000000000e+01 1.600000000000000000e+01 2.100000000000000000e+01 0.000000000000000000e+00 1.600000000000000089e+00 1.255000000000000039e-03 2.553000000000000148e-03 9.999959999999999960e-01 2.986159999999999926e-01 9.543690000000000229e-01 -2.811000000000000131e-03 -9.543719999999999981e-01 2.986179999999999946e-01 4.360000000000000269e-04
2.700000000000000000e+01 1.600000000000000000e+01 2.100000000000000000e+01 0.000000000000000000e+00 1.600000000000000089e+00 1.748999999999999904e-03 5.911999999999999721e-03 9.999810000000000088e-01 2.975559999999999872e-01 9.546839999999999771e-01 -6.164000000000000208e-03 -9.547029999999999683e-01 2.975610000000000199e-01 -8.899999999999999491e-05
6.000000000000000000e+00 3.000000000000000000e+00 2.500000000000000000e+01 0.000000000000000000e+00 1.600000000000000089e+00 3.025399999999999964e-02 8.467000000000000567e-03 9.995060000000000056e-01 -3.108199999999999852e-02 -9.994729999999999448e-01 9.407999999999999696e-03 9.990590000000000304e-01 -3.135099999999999693e-02 -2.997500000000000164e-02
1.300000000000000000e+01 3.000000000000000000e+00 2.500000000000000000e+01 0.000000000000000000e+00 1.600000000000000089e+00 1.564499999999999919e-02 3.703000000000000128e-03 9.998709999999999543e-01 -1.869200000000000028e-02 -9.998169999999999558e-01 3.996000000000000420e-03 9.997030000000000083e-01 -1.875200000000000131e-02 -1.557300000000000004e-02
1.100000000000000000e+01 4.600000000000000000e+01 2.700000000000000000e+01 0.000000000000000000e+00 1.600000000000000089e+00 -2.086999999999999880e-03 -2.413999999999999913e-03 -9.999949999999999672e-01 6.584349999999999925e-01 7.526310000000000500e-01 -3.190999999999999826e-03 7.526350000000000540e-01 -6.584379999999999677e-01 1.800000000000000046e-05
1.700000000000000000e+01 4.600000000000000000e+01 2.700000000000000000e+01 0.000000000000000000e+00 1.600000000000000089e+00 1.314999999999999980e-03 5.742999999999999841e-03 -9.999829999999999552e-01 6.604299999999999615e-01 7.508700000000000374e-01 5.180999999999999842e-03 7.508869999999999711e-01 -6.604250000000000398e-01 -2.805000000000000202e-03
6.000000000000000000e+00 1.100000000000000000e+01 3.000000000000000000e+01 0.000000000000000000e+00 1.600000000000000089e+00 6.507100000000000384e-02 8.326379999999999892e-01 5.499810000000000532e-01 -2.712439999999999851e-01 -5.156389999999999585e-01 8.127379999999999605e-01 9.603089999999999682e-01 -2.020639999999999936e-01 1.922949999999999937e-01
3.000000000000000000e+00 5.800000000000000000e+01 3.100000000000000000e+01 0.000000000000000000e+00 1.600000000000000089e+00 -7.726000000000000228e-03 -1.360699999999999930e-02 9.998780000000000445e-01 -7.695840000000000458e-01 -6.383780000000000010e-01 -1.463399999999999944e-02 6.384990000000000387e-01 -7.696020000000000083e-01 -5.538999999999999653e-03
7.000000000000000000e+00 5.800000000000000000e+01 3.100000000000000000e+01 0.000000000000000000e+00 1.600000000000000089e+00 -3.710000000000000190e-03 -3.236999999999999860e-03 9.999879999999999880e-01 -7.707209999999999894e-01 -6.371539999999999981e-01 -4.922000000000000160e-03 6.371620000000000061e-01 -7.707300000000000262e-01 -1.310000000000000129e-04
1.400000000000000000e+01 5.800000000000000000e+01 3.100000000000000000e+01 0.000000000000000000e+00 1.600000000000000089e+00 5.266999999999999980e-03 3.275999999999999832e-03 9.999810000000000088e-01 -7.731550000000000367e-01 -6.341869999999999452e-01 6.150000000000000085e-03 6.341949999999999532e-01 -7.731729999999999992e-01 -8.069999999999999916e-04
1.900000000000000000e+01 5.800000000000000000e+01 3.100000000000000000e+01 0.000000000000000000e+00 1.600000000000000089e+00 3.399999999999999811e-03 4.592999999999999861e-03 9.999839999999999840e-01 -7.729139999999999899e-01 -6.344870000000000232e-01 5.542000000000000051e-03 6.345020000000000104e-01 -7.729200000000000514e-01 1.392000000000000008e-03
2.300000000000000000e+01 5.800000000000000000e+01 3.100000000000000000e+01 0.000000000000000000e+00 1.600000000000000089e+00 2.209000000000000026e-03 1.010999999999999963e-03 9.999970000000000248e-01 -7.747239999999999682e-01 -6.322959999999999692e-01 2.350999999999999791e-03 6.322959999999999692e-01 -7.747260000000000257e-01 -6.139999999999999625e-04
2.600000000000000000e+01 5.800000000000000000e+01 3.100000000000000000e+01 0.000000000000000000e+00 1.600000000000000089e+00 -5.276999999999999573e-03 -6.262000000000000205e-03 9.999670000000000503e-01 -7.764520000000000310e-01 -6.301250000000000462e-01 -8.044000000000000802e-03 6.301550000000000207e-01 -7.764680000000000470e-01 -1.536999999999999955e-03
1.000000000000000000e+01 1.800000000000000000e+01 3.200000000000000000e+01 0.000000000000000000e+00 1.600000000000000089e+00 -8.790100000000000691e-02 6.698699999999999655e-01 7.372560000000000224e-01 -3.894210000000000171e-01 -7.043300000000000116e-01 5.935240000000000515e-01 9.168560000000000043e-01 -2.349320000000000019e-01 3.227729999999999766e-01
1.100000000000000000e+01 1.900000000000000000e+01 3.300000000000000000e+01 0.000000000000000000e+00 1.600000000000000089e+00 -1.275409999999999877e-01 6.351560000000000539e-01 7.617810000000000414e-01 -5.165830000000000144e-01 -6.981929999999999525e-01 4.956490000000000062e-01 8.466850000000000209e-01 -3.303079999999999905e-01 4.171590000000000020e-01
6.000000000000000000e+00 4.600000000000000000e+01 3.500000000000000000e+01 0.000000000000000000e+00 1.600000000000000089e+00 -5.879999999999999810e-04 3.827000000000000107e-03 -9.999930000000000208e-01 3.890399999999999969e-01 -9.212129999999999486e-01 -3.753999999999999958e-03 -9.212209999999999566e-01 -3.890390000000000237e-01 -9.470000000000000336e-04
1.400000000000000000e+01 4.600000000000000000e+01 3.500000000000000000e+01 0.000000000000000000e+00 1.600000000000000089e+00 4.960000000000000216e-04 8.369999999999999619e-04 -1.000000000000000000e+00 3.903499999999999748e-01 -9.206659999999999844e-01 -5.770000000000000389e-04 -9.206659999999999844e-01 -3.903499999999999748e-01 -7.829999999999999504e-04
1.800000000000000000e+01 4.600000000000000000e+01 3.500000000000000000e+01 0.000000000000000000e+00 1.600000000000000089e+00 2.014999999999999864e-03 5.060000000000000478e-04 -9.999980000000000535e-01 3.899489999999999901e-01 -9.208359999999999879e-01 3.200000000000000262e-04 -9.208340000000000414e-01 -3.899489999999999901e-01 -2.053000000000000137e-03
2.400000000000000000e+01 4.600000000000000000e+01 3.500000000000000000e+01 0.000000000000000000e+00 1.600000000000000089e+00 1.335999999999999948e-03 3.278000000000000098e-03 -9.999940000000000495e-01 3.912539999999999907e-01 -9.202789999999999582e-01 -2.494000000000000123e-03 -9.202820000000000444e-01 -3.912490000000000134e-01 -2.511999999999999910e-03
3.000000000000000000e+01 4.600000000000000000e+01 3.500000000000000000e+01 0.000000000000000000e+00 1.600000000000000089e+00 1.386000000000000079e-03 2.680000000000000090e-04 -9.999989999999999712e-01 3.918630000000000169e-01 -9.200230000000000352e-01 2.970000000000000092e-04 -9.200220000000000065e-01 -3.918630000000000169e-01 -1.379999999999999933e-03
6.000000000000000000e+00 9.500000000000000000e+01 3.600000000000000000e+01 0.000000000000000000e+00 1.600000000000000089e+00 -6.145199999999999968e-02 4.702699999999999936e-02 9.970020000000000548e-01 9.957040000000000335e-01 7.220400000000000429e-02 5.796599999999999669e-02 -6.926200000000000412e-02 9.962809999999999722e-01 -5.126200000000000201e-02
2.100000000000000000e+01 9.500000000000000000e+01 3.600000000000000000e+01 0.000000000000000000e+00 1.600000000000000089e+00 2.230999999999999997e-02 1.278199999999999996e-02 9.996690000000000298e-01 9.968550000000000466e-01 7.577499999999999514e-02 -2.321600000000000052e-02 -7.604700000000000348e-02 9.970430000000000126e-01 -1.105199999999999932e-02
7.000000000000000000e+00 2.200000000000000000e+01 3.700000000000000000e+01 0.000000000000000000e+00 1.600000000000000089e+00 -1.567400000000000043e-02 6.310740000000000238e-01 -7.755640000000000311e-01 6.674520000000000453e-01 -5.709370000000000278e-01 -4.780579999999999830e-01 -7.444880000000000386e-01 -5.251449999999999729e-01 -4.122620000000000173e-01
1.200000000000000000e+01 2.800000000000000000e+01 3.700000000000000000e+01 0.000000000000000000e+00 1.600000000000000089e+00 -2.416199999999999945e-02 -1.672240000000000115e-01 -9.856230000000000269e-01 -7.197329999999999561e-01 -6.813449999999999784e-01 1.332430000000000003e-01 -6.938299999999999468e-01 7.126050000000000439e-01 -1.038940000000000002e-01
9.000000000000000000e+00 3.400000000000000000e+01 4.000000000000000000e+01 0.000000000000000000e+00 1.600000000000000089e+00 -1.393909999999999871e-01 3.820250000000000035e-01 -9.135790000000000299e-01 5.409859999999999669e-01 8.021150000000000224e-01 2.528730000000000144e-01 8.294000000000000261e-01 -4.589849999999999763e-01 -3.184779999999999833e-01
1.400000000000000000e+01 1.300000000000000000e+01 4.100000000000000000e+01 0.000000000000000000e+00 1.600000000000000089e+00 -4.605299999999999672e-02 1.380139999999999978e-01 9.893589999999999884e-01 -7.061910000000000132e-01 -7.049870000000000303e-01 6.547200000000000242e-02 7.065219999999999834e-01 -6.956620000000000026e-01 1.299309999999999909e-01
1.500000000000000000e+01 1.400000000000000000e+01 4.200000000000000000e+01 0.000000000000000000e+00 1.600000000000000089e+00 -5.937699999999999922e-02 1.250219999999999942e-01 9.903760000000000341e-01 -6.229510000000000325e-01 -7.798709999999999809e-01 6.110000000000000153e-02 7.800040000000000306e-01 -6.133269999999999555e-01 1.241889999999999938e-01
1.000000000000000000e+00 3.000000000000000000e+01 4.200000000000000000e+01 0.000000000000000000e+00 1.600000000000000089e+00 -5.684100000000000263e-02 -6.754999999999999893e-01 7.351659999999999862e-01 6.895550000000000290e-01 5.059470000000000356e-01 5.181999999999999940e-01 -7.219989999999999464e-01 5.363930000000000087e-01 4.370359999999999800e-01
2.000000000000000000e+00 3.000000000000000000e+00 4.300000000000000000e+01 0.000000000000000000e+00 1.600000000000000089e+00 2.895000000000000004e-03 3.457000000000000003e-03 -9.999900000000000455e-01 7.435899999999999732e-01 -6.686360000000000081e-01 -1.589999999999999888e-04 -6.686299999999999466e-01 -7.435819999999999652e-01 -4.505999999999999589e-03
1.600000000000000000e+01 3.000000000000000000e+00 4.300000000000000000e+01 0.000000000000000000e+00 1.600000000000000089e+00 4.670000000000000214e-04 1.027699999999999968e-02 -9.999470000000000303e-01 7.435869999999999980e-01 -6.686079999999999801e-01 -6.524000000000000285e-03 -6.686389999999999834e-01 -7.435439999999999827e-01 -7.955000000000000265e-03
2.000000000000000000e+01 3.000000000000000000e+00 4.300000000000000000e+01 0.000000000000000000e+00 1.600000000000000089e+00 -1.160000000000000007e-04 1.005999999999999950e-03 -9.999989999999999712e-01 7.411750000000000282e-01 -6.713109999999999911e-01 -7.609999999999999577e-04 -6.713120000000000198e-01 -7.411750000000000282e-01 -6.679999999999999740e-04
6.000000000000000000e+00 8.000000000000000000e+00 4.400000000000000000e+01 0.000000000000000000e+00 1.600000000000000089e+00 2.824999999999999820e-03 3.579000000000000150e-03 9.999900000000000455e-01 -7.916159999999999863e-01 -6.110029999999999628e-01 4.422999999999999848e-03 6.110119999999999996e-01 -7.916210000000000191e-01 1.106999999999999911e-03
1.100000000000000000e+01 8.000000000000000000e+00 4.400000000000000000e+01 0.000000000000000000e+00 1.600000000000000089e+00 6.145000000000000288e-03 1.257199999999999984e-02 9.999019999999999575e-01 -7.901129999999999542e-01 -6.128320000000000434e-01 1.256099999999999925e-02 6.129299999999999748e-01 -7.901129999999999542e-01 6.166999999999999739e-03
1.900000000000000000e+01 6.500000000000000000e+01 4.600000000000000000e+01 0.000000000000000000e+00 1.600000000000000089e+00 -2.566000000000000138e-03 -1.119999999999999902e-03 9.999959999999999960e-01 6.798300000000000454e-01 -7.333690000000000486e-01 9.229999999999999923e-04 7.333659999999999624e-01 6.798290000000000166e-01 2.642999999999999950e-03
2.300000000000000000e+01 2.100000000000000000e+01 4.800000000000000000e+01 0.000000000000000000e+00 1.600000000000000089e+00 -2.847000000000000138e-03 -2.820000000000000024e-03 -9.999919999999999920e-01 3.069319999999999826e-01 9.517250000000000432e-01 -3.557999999999999965e-03 9.517269999999999897e-01 -3.069399999999999906e-01 -1.843999999999999936e-03
1.100000000000000000e+01 6.000000000000000000e+00 5.100000000000000000e+01 0.000000000000000000e+00 1.600000000000000089e+00 1.689999999999999879e-04 4.244000000000000376e-03 -9.999909999999999632e-01 3.186450000000000116e-01 -9.478659999999999863e-01 -3.969000000000000306e-03 -9.478739999999999943e-01 -3.186419999999999808e-01 -1.512000000000000106e-03
5.000000000000000000e+00 4.800000000000000000e+01 5.100000000000000000e+01 0.000000000000000000e+00 1.600000000000000089e+00 2.812600000000000169e-02 -9.293780000000000374e-01 3.680559999999999943e-01 6.257930000000000437e-01 3.034910000000000108e-01 7.185240000000000515e-01 -7.794820000000000082e-01 2.101169999999999982e-01 5.901340000000000474e-01
1.700000000000000000e+01 7.000000000000000000e+00 5.200000000000000000e+01 0.000000000000000000e+00 1.600000000000000089e+00 4.800000000000000122e-04 -3.939999999999999817e-04 -1.000000000000000000e+00 9.365400000000000114e-02 -9.956049999999999622e-01 4.380000000000000213e-04 -9.956049999999999622e-01 -9.365500000000000214e-02 -4.409999999999999858e-04
6.000000000000000000e+00 4.900000000000000000e+01 5.200000000000000000e+01 0.000000000000000000e+00 1.600000000000000089e+00 -2.409000000000000030e-02 -9.537879999999999692e-01 2.995129999999999737e-01 6.374809999999999643e-01 2.161299999999999888e-01 7.395310000000000494e-01 -7.700890000000000235e-01 2.087489999999999901e-01 6.028149999999999897e-01
3.000000000000000000e+00 4.100000000000000000e+01 5.300000000000000000e+01 0.000000000000000000e+00 1.600000000000000089e+00 -4.691100000000000131e-02 -9.877399999999999514e-01 1.488949999999999996e-01 7.220699999999999896e-01 6.946700000000000097e-02 6.883230000000000182e-01 -6.902279999999999527e-01 1.398030000000000106e-01 7.099579999999999780e-01
6.000000000000000000e+00 5.000000000000000000e+01 5.300000000000000000e+01 0.000000000000000000e+00 1.600000000000000089e+00 -8.205700000000000494e-02 -9.549220000000000486e-01 2.852919999999999900e-01 6.268350000000000311e-01 1.730970000000000009e-01 7.596810000000000507e-01 -7.748190000000000355e-01 2.411679999999999935e-01 5.843739999999999490e-01
1.000000000000000000e+01 6.300000000000000000e+01 5.400000000000000000e+01 0.000000000000000000e+00 1.600000000000000089e+00 1.221999999999999996e-03 2.056099999999999942e-02 9.997880000000000100e-01 -3.580630000000000202e-01 9.335090000000000332e-01 -1.876099999999999990e-02 -9.336969999999999992e-01 -3.579640000000000044e-01 8.503000000000000141e-03
2.100000000000000000e+01 6.300000000000000000e+01 5.400000000000000000e+01 0.000000000000000000e+00 1.600000000000000089e+00 3.184999999999999897e-03 -3.420000000000000188e-04 9.999949999999999672e-01 -3.830859999999999821e-01 9.237109999999999488e-01 1.536000000000000039e-03 -9.237069999999999448e-01 -3.830890000000000128e-01 2.811000000000000131e-03
2.900000000000000000e+01 6.300000000000000000e+01 5.400000000000000000e+01 0.000000000000000000e+00 1.600000000000000089e+00 1.536000000000000039e-03 3.465999999999999897e-03 9.999930000000000208e-01 -4.077339999999999853e-01 9.130970000000000475e-01 -2.537999999999999892e-03 -9.131000000000000227e-01 -4.077270000000000061e-01 2.815999999999999927e-03
8.000000000000000000e+00 2.400000000000000000e+01 5.500000000000000000e+01 0.000000000000000000e+00 1.600000000000000089e+00 -3.824500000000000122e-02 1.406679999999999875e-01 -9.893180000000000307e-01 1.832400000000000001e-02 9.899740000000000206e-01 1.400530000000000108e-01 9.990999999999999881e-01 -1.277200000000000037e-02 -4.043900000000000272e-02
1.900000000000000000e+01 2.500000000000000000e+01 5.500000000000000000e+01 0.000000000000000000e+00 1.600000000000000089e+00 -1.519900000000000070e-02 -2.208019999999999983e-01 9.751999999999999558e-01 4.183100000000000013e-02 9.743190000000000461e-01 2.212540000000000062e-01 -9.990090000000000359e-01 4.415600000000000080e-02 -5.571999999999999696e-03
2.000000000000000000e+00 2.600000000000000000e+01 5.500000000000000000e+01 0.000000000000000000e+00 1.600000000000000089e+00 3.223100000000000270e-02 3.476699999999999929e-02 -9.988759999999999861e-01 -1.071160000000000029e-01 9.937589999999999479e-01 3.113199999999999995e-02 9.937240000000000517e-01 1.059920000000000029e-01 3.575300000000000006e-02
2.100000000000000000e+01 2.600000000000000000e+01 5.500000000000000000e+01 0.000000000000000000e+00 1.600000000000000089e+00 -1.579500000000000001e-02 -2.918729999999999936e-01 9.563270000000000381e-01 9.107000000000000511e-03 9.563639999999999919e-01 2.920340000000000158e-01 -9.998340000000000005e-01 1.332200000000000051e-02 -1.244800000000000073e-02
9.000000000000000000e+00 5.300000000000000000e+01 5.500000000000000000e+01 0.000000000000000000e+00 1.600000000000000089e+00 5.000299999999999884e-02 -5.966709999999999514e-01 8.009269999999999445e-01 9.431999999999999412e-03 8.021760000000000002e-01 5.970130000000000159e-01 -9.987049999999999539e-01 -2.229899999999999938e-02 4.573900000000000188e-02
8.000000000000000000e+00 2.600000000000000000e+01 5.600000000000000000e+01 0.000000000000000000e+00 1.600000000000000089e+00 -1.221099999999999963e-02 1.112969999999999932e-01 -9.937120000000000397e-01 8.189000000000000098e-03 9.937639999999999807e-01 1.112019999999999953e-01 9.998920000000000030e-01 -6.779000000000000303e-03 -1.304600000000000030e-02
5.000000000000000000e+00 4.200000000000000000e+01 5.800000000000000000e+01 0.000000000000000000e+00 1.600000000000000089e+00 -5.497779999999999889e-01 -4.301849999999999841e-01 7.160210000000000186e-01 -6.011500000000000177e-02 -8.345909999999999718e-01 -5.475799999999999557e-01 8.331450000000000244e-01 -3.440909999999999802e-01 4.329790000000000028e-01
3.000000000000000000e+00 6.200000000000000000e+01 5.800000000000000000e+01 0.000000000000000000e+00 1.600000000000000089e+00 7.299899999999999445e-02 1.926279999999999937e-01 -9.785530000000000062e-01 -2.371709999999999929e-01 -9.496710000000000429e-01 -2.046350000000000113e-01 -9.687210000000000543e-01 2.470229999999999926e-01 -2.363900000000000029e-02
3.000000000000000000e+00 2.000000000000000000e+01 6.000000000000000000e+01 0.000000000000000000e+00 1.600000000000000089e+00 1.329000000000000103e-03 3.938999999999999793e-03 9.999909999999999632e-01 -6.339799999999999602e-02 9.979810000000000070e-01 -3.846000000000000026e-03 -9.979869999999999575e-01 -6.339200000000000390e-02 1.577000000000000060e-03
1.100000000000000000e+01 2.000000000000000000e+01 6.000000000000000000e+01 0.000000000000000000e+00 1.600000000000000089e+00 4.939999999999999730e-04 -4.387000000000000274e-03 9.999900000000000455e-01 -6.498800000000000410e-02 9.978759999999999852e-01 4.408999999999999725e-03 -9.978860000000000507e-01 -6.498900000000000510e-02 2.079999999999999872e-04
1.600000000000000000e+01 2.000000000000000000e+01 6.000000000000000000e+01 0.000000000000000000e+00 1.600000000000000089e+00 1.453000000000000081e-03 9.970000000000000563e-04 9.999980000000000535e-01 -6.478299999999999337e-02 9.978989999999999805e-01 -9.009999999999999997e-04 -9.978979999999999517e-01 -6.478100000000000525e-02 1.513999999999999938e-03
6.000000000000000000e+00 2.100000000000000000e+01 6.000000000000000000e+01 0.000000000000000000e+00 1.600000000000000089e+00 -1.018999999999999941e-03 -1.410000000000000012e-03 9.999989999999999712e-01 -9.754400000000000570e-02 9.952299999999999480e-01 1.304000000000000038e-03 -9.952309999999999768e-01 -9.754300000000000470e-02 -1.152000000000000029e-03
2.300000000000000000e+01 2.100000000000000000e+01 6.000000000000000000e+01 0.000000000000000000e+00 1.600000000000000089e+00 9.479999999999999495e-04 1.907000000000000058e-03 9.999980000000000535e-01 -9.559399999999999842e-02 9.954190000000000538e-01 -1.807000000000000012e-03 -9.954199999999999715e-01 -9.559199999999999642e-02 1.126000000000000048e-03
2.800000000000000000e+01 2.100000000000000000e+01 6.000000000000000000e+01 0.000000000000000000e+00 1.600000000000000089e+00 4.829999999999999767e-04 -2.279000000000000210e-03 9.999970000000000248e-01 -9.238899999999999890e-02 9.957200000000000495e-01 2.314000000000000085e-03 -9.957230000000000247e-01 -9.238999999999999990e-02 2.700000000000000035e-04
2.000000000000000000e+00 5.600000000000000000e+01 6.000000000000000000e+01 0.000000000000000000e+00 1.600000000000000089e+00 4.379239999999999799e-01 -8.180579999999999519e-01 -3.728310000000000235e-01 -8.937479999999999869e-01 -4.409689999999999999e-01 -8.222500000000000642e-02 -9.714200000000000612e-02 3.692259999999999986e-01 -9.242489999999999872e-01
1.600000000000000000e+01 3.000000000000000000e+00 6.300000000000000000e+01 0.000000000000000000e+00 1.600000000000000089e+00 8.329999999999999731e-04 2.906000000000000163e-03 9.999949999999999672e-01 -6.178059999999999663e-01 7.863280000000000269e-01 -1.770000000000000089e-03 -7.863299999999999734e-01 -6.178019999999999623e-01 2.449999999999999921e-03
7.000000000000000000e+00 2.700000000000000000e+01 6.300000000000000000e+01 0.000000000000000000e+00 1.600000000000000089e+00 1.175000000000000046e-03 -1.667999999999999995e-03 9.999980000000000535e-01 -2.807970000000000188e-01 9.597649999999999793e-01 1.930999999999999991e-03 -9.597660000000000080e-01 -2.807990000000000208e-01 6.599999999999999964e-04
1.800000000000000000e+01 2.700000000000000000e+01 6.300000000000000000e+01 0.000000000000000000e+00 1.600000000000000089e+00 2.161999999999999859e-03 -4.166999999999999697e-03 9.999890000000000168e-01 -2.889410000000000034e-01 9.573359999999999648e-01 4.614000000000000046e-03 -9.573439999999999728e-01 -2.889479999999999826e-01 8.649999999999999920e-04
2.400000000000000000e+01 2.700000000000000000e+01 6.300000000000000000e+01 0.000000000000000000e+00 1.600000000000000089e+00 1.438999999999999958e-03 5.003999999999999768e-03 9.999860000000000415e-01 -2.809729999999999728e-01 9.597059999999999480e-01 -4.398000000000000000e-03 -9.597149999999999848e-01 -2.809630000000000183e-01 2.786999999999999981e-03
2.700000000000000000e+01 2.700000000000000000e+01 6.300000000000000000e+01 0.000000000000000000e+00 1.600000000000000089e+00 1.886000000000000090e-03 2.014000000000000165e-03 9.999959999999999960e-01 -2.801449999999999774e-01 9.599569999999999492e-01 -1.404999999999999999e-03 -9.599560000000000315e-01 -2.801420000000000021e-01 2.373999999999999808e-03
1.400000000000000000e+01 4.400000000000000000e+01 6.300000000000000000e+01 0.000000000000000000e+00 1.600000000000000089e+00 -2.068300000000000000e-02 -1.028300000000000047e-01 -9.944840000000000346e-01 -6.873439999999999550e-01 -7.208790000000000475e-01 8.883499999999999730e-02 -7.260379999999999612e-01 6.853900000000000547e-01 -5.577000000000000013e-02
1.800000000000000000e+01 4.400000000000000000e+01 6.300000000000000000e+01 0.000000000000000000e+00 1.600000000000000089e+00 -5.571999999999999696e-03 -1.339000000000000086e-02 -9.998949999999999783e-01 -6.595389999999999864e-01 -7.515439999999999898e-01 1.374000000000000048e-02 -7.516490000000000116e-01 6.595469999999999944e-01 -4.643999999999999691e-03
2.100000000000000000e+01 4.400000000000000000e+01 6.300000000000000000e+01 0.000000000000000000e+00 1.600000000000000089e+00 -4.104000000000000009e-03 -6.780000000000000002e-04 -9.999909999999999632e-01 -6.452529999999999655e-01 -7.639620000000000299e-01 3.165999999999999977e-03 -7.639580000000000259e-01 6.452609999999999735e-01 2.697999999999999877e-03
2.700000000000000000e+01 4.400000000000000000e+01 6.300000000000000000e+01 0.000000000000000000e+00 1.600000000000000089e+00 -5.140000000000000254e-04 2.602600000000000052e-02 -9.996610000000000218e-01 -6.358840000000000048e-01 -7.715319999999999956e-01 -1.975899999999999879e-02 -7.717850000000000543e-01 6.356579999999999453e-01 1.694599999999999926e-02
3.000000000000000000e+01 4.400000000000000000e+01 6.300000000000000000e+01 0.000000000000000000e+00 1.600000000000000089e+00 7.649999999999999465e-04 2.999100000000000030e-02 -9.995500000000000496e-01 -6.356279999999999708e-01 -7.716330000000000133e-01 -2.363900000000000029e-02 -7.719949999999999868e-01 6.353600000000000358e-01 1.847299999999999984e-02
