3.000000000000000000e+00 2.500000000000000000e+01 1.000000000000000000e+00 0.000000000000000000e+00 1.600000000000000089e+00 -2.719999999999999979e-04 5.205999999999999690e-03 -9.999860000000000415e-01 -5.260759999999999881e-01 -8.504270000000000440e-01 -4.283999999999999614e-03 -8.504369999999999985e-01 5.260679999999999801e-01 2.969999999999999984e-03
1.400000000000000000e+01 2.500000000000000000e+01 1.000000000000000000e+00 0.000000000000000000e+00 1.600000000000000089e+00 -3.321000000000000167e-03 -5.910999999999999588e-03 -9.999770000000000048e-01 -5.233020000000000449e-01 -8.521210000000000173e-01 6.773999999999999640e-03 -8.521410000000000373e-01 5.233119999999999994e-01 -2.629999999999999959e-04
2.100000000000000000e+01 2.500000000000000000e+01 1.000000000000000000e+00 0.000000000000000000e+00 1.600000000000000089e+00 -1.479999999999999925e-04 -3.236999999999999860e-03 -9.999949999999999672e-01 -5.225070000000000547e-01 -8.526299999999999990e-01 2.837000000000000112e-03 -8.526350000000000318e-01 5.225049999999999972e-01 -1.564999999999999985e-03
5.000000000000000000e+00 1.500000000000000000e+01 4.000000000000000000e+00 0.000000000000000000e+00 1.600000000000000089e+00 -2.799999999999999755e-04 -6.106999999999999582e-03 9.999810000000000088e-01 3.120560000000000000e-01 -9.500469999999999748e-01 -5.714999999999999594e-03 9.500640000000000196e-01 3.120479999999999920e-01 2.171999999999999886e-03
1.200000000000000000e+01 1.500000000000000000e+01 4.000000000000000000e+00 0.000000000000000000e+00 1.600000000000000089e+00 3.105000000000000121e-03 -4.028999999999999596e-03 9.999869999999999592e-01 3.137360000000000149e-01 -9.494979999999999531e-01 -4.799999999999999580e-03 9.495050000000000434e-01 3.137469999999999981e-01 -1.683999999999999950e-03
1.700000000000000000e+01 1.500000000000000000e+01 4.000000000000000000e+00 0.000000000000000000e+00 1.600000000000000089e+00 -1.884999999999999957e-03 -7.526999999999999837e-03 9.999700000000000255e-01 3.103960000000000052e-01 -9.505850000000000133e-01 -6.570000000000000319e-03 9.506050000000000333e-01 3.103739999999999832e-01 4.127999999999999725e-03
2.300000000000000000e+01 1.500000000000000000e+01 4.000000000000000000e+00 0.000000000000000000e+00 1.600000000000000089e+00 5.199999999999999544e-04 1.613999999999999983e-03 9.999989999999999712e-01 3.071530000000000094e-01 -9.516590000000000327e-01 1.376000000000000053e-03 9.516599999999999504e-01 3.071519999999999806e-01 -9.909999999999999105e-04
2.700000000000000000e+01 1.500000000000000000e+01 4.000000000000000000e+00 0.000000000000000000e+00 1.600000000000000089e+00 4.199999999999999768e-05 3.469999999999999777e-04 1.000000000000000000e+00 3.113049999999999984e-01 -9.503099999999999881e-01 3.170000000000000075e-04 9.503099999999999881e-01 3.113049999999999984e-01 -1.479999999999999925e-04
3.000000000000000000e+00 1.010000000000000000e+02 7.000000000000000000e+00 0.000000000000000000e+00 1.600000000000000089e+00 -8.420000000000000401e-03 1.630799999999999958e-02 9.998320000000000540e-01 8.768169999999999575e-01 4.808239999999999736e-01 -4.580000000000000195e-04 -4.807509999999999839e-01 8.766650000000000276e-01 -1.834699999999999873e-02
1.000000000000000000e+01 1.010000000000000000e+02 7.000000000000000000e+00 0.000000000000000000e+00 1.600000000000000089e+00 3.570999999999999956e-03 -1.849999999999999973e-04 9.999940000000000495e-01 8.762940000000000174e-01 4.817670000000000008e-01 -3.040000000000000167e-03 -4.817640000000000255e-01 8.762990000000000501e-01 1.882999999999999908e-03
4.000000000000000000e+00 2.500000000000000000e+01 8.000000000000000000e+00 0.000000000000000000e+00 1.600000000000000089e+00 7.640000000000000306e-04 6.908000000000000078e-03 -9.999759999999999760e-01 4.486600000000000033e-01 8.936790000000000012e-01 6.517000000000000223e-03 8.937019999999999964e-01 -4.486539999999999973e-01 -2.416999999999999878e-03
1.400000000000000000e+01 2.500000000000000000e+01 8.000000000000000000e+00 0.000000000000000000e+00 1.600000000000000089e+00 2.170000000000000054e-03 1.477799999999999947e-02 -9.998879999999999990e-01 4.486689999999999845e-01 8.935849999999999627e-01 1.417999999999999990e-02 8.936950000000000172e-01 -4.486499999999999932e-01 -4.690999999999999857e-03
2.200000000000000000e+01 2.500000000000000000e+01 8.000000000000000000e+00 0.000000000000000000e+00 1.600000000000000089e+00 7.969999999999999654e-04 4.834999999999999888e-03 -9.999879999999999880e-01 4.444629999999999970e-01 8.957850000000000534e-01 4.684999999999999928e-03 8.957969999999999544e-01 -4.444609999999999950e-01 -1.435000000000000078e-03
2.700000000000000000e+01 2.500000000000000000e+01 8.000000000000000000e+00 0.000000000000000000e+00 1.600000000000000089e+00 1.621000000000000045e-03 -4.970000000000000459e-04 -9.999989999999999712e-01 4.451180000000000136e-01 8.954720000000000457e-01 2.759999999999999867e-04 8.954699999999999882e-01 -4.451180000000000136e-01 1.673000000000000008e-03
4.000000000000000000e+00 2.400000000000000000e+01 9.000000000000000000e+00 0.000000000000000000e+00 1.600000000000000089e+00 6.070000000000000092e-04 8.012000000000000025e-03 -9.999679999999999680e-01 4.510609999999999897e-01 8.924619999999999775e-01 7.425000000000000176e-03 8.924929999999999808e-01 -4.510509999999999797e-01 -3.073000000000000211e-03
8.000000000000000000e+00 2.400000000000000000e+01 9.000000000000000000e+00 0.000000000000000000e+00 1.600000000000000089e+00 2.135000000000000179e-03 -1.039999999999999936e-04 -9.999980000000000535e-01 4.518519999999999759e-01 8.920919999999999961e-01 8.720000000000000537e-04 8.920900000000000496e-01 -4.518530000000000046e-01 1.951999999999999959e-03
1.400000000000000000e+01 2.400000000000000000e+01 9.000000000000000000e+00 0.000000000000000000e+00 1.600000000000000089e+00 2.193000000000000071e-03 1.303999999999999951e-02 -9.999130000000000518e-01 4.518139999999999934e-01 8.920230000000000103e-01 1.262399999999999980e-02 8.921099999999999586e-01 -4.518019999999999814e-01 -3.935000000000000130e-03
2.200000000000000000e+01 2.400000000000000000e+01 9.000000000000000000e+00 0.000000000000000000e+00 1.600000000000000089e+00 5.490000000000000088e-04 5.373000000000000172e-03 -9.999850000000000128e-01 4.467050000000000187e-01 8.946669999999999900e-01 5.052000000000000067e-03 8.946809999999999485e-01 -4.467010000000000147e-01 -1.909000000000000107e-03
2.700000000000000000e+01 2.400000000000000000e+01 9.000000000000000000e+00 0.000000000000000000e+00 1.600000000000000089e+00 1.319000000000000077e-03 1.312999999999999931e-03 -9.999980000000000535e-01 4.471120000000000094e-01 8.944760000000000488e-01 1.763999999999999943e-03 8.944769999999999666e-01 -4.471140000000000114e-01 5.929999999999999941e-04
1.000000000000000000e+01 3.100000000000000000e+01 1.200000000000000000e+01 0.000000000000000000e+00 1.600000000000000089e+00 6.099999999999999872e-05 -1.701999999999999954e-03 9.999989999999999712e-01 -1.197400000000000027e-02 9.999270000000000103e-01 1.703000000000000087e-03 -9.999280000000000390e-01 -1.197400000000000027e-02 4.100000000000000047e-05
1.500000000000000000e+01 3.100000000000000000e+01 1.200000000000000000e+01 0.000000000000000000e+00 1.600000000000000089e+00 1.923999999999999929e-03 8.623999999999999722e-03 9.999609999999999888e-01 -1.140500000000000021e-02 9.998979999999999535e-01 -8.602000000000000271e-03 -9.999329999999999607e-01 -1.138800000000000055e-02 2.021999999999999926e-03
2.000000000000000000e+01 3.100000000000000000e+01 1.200000000000000000e+01 0.000000000000000000e+00 1.600000000000000089e+00 3.527999999999999886e-03 6.745000000000000127e-03 9.999710000000000543e-01 -6.039000000000000097e-03 9.999590000000000423e-01 -6.722999999999999809e-03 -9.999759999999999760e-01 -6.015000000000000381e-03 3.569000000000000124e-03
2.200000000000000000e+01 1.160000000000000000e+02 1.600000000000000000e+01 0.000000000000000000e+00 1.600000000000000089e+00 1.090000000000000040e-03 2.566999999999999837e-03 9.999959999999999960e-01 6.880749999999999922e-01 7.256350000000000300e-01 -2.612999999999999871e-03 -7.256380000000000052e-01 6.880749999999999922e-01 -9.759999999999999796e-04
2.000000000000000000e+00 2.000000000000000000e+00 1.900000000000000000e+01 0.000000000000000000e+00 1.600000000000000089e+00 -1.590000000000000050e-03 -4.569999999999999952e-04 -9.999989999999999712e-01 1.781419999999999948e-01 -9.840050000000000185e-01 1.669999999999999935e-04 -9.840039999999999898e-01 -1.781409999999999938e-01 1.645999999999999894e-03
9.000000000000000000e+00 2.000000000000000000e+00 1.900000000000000000e+01 0.000000000000000000e+00 1.600000000000000089e+00 -4.127999999999999725e-03 -4.942000000000000212e-03 -9.999789999999999512e-01 1.801470000000000016e-01 -9.836310000000000331e-01 4.118000000000000133e-03 -9.836310000000000331e-01 -1.801260000000000083e-01 4.950000000000000407e-03
1.600000000000000000e+01 2.000000000000000000e+00 1.900000000000000000e+01 0.000000000000000000e+00 1.600000000000000089e+00 -5.700000000000000314e-05 3.531999999999999983e-03 -9.999940000000000495e-01 1.808960000000000012e-01 -9.834960000000000369e-01 -3.484999999999999817e-03 -9.835019999999999873e-01 -1.808950000000000002e-01 -5.829999999999999679e-04
2.400000000000000000e+01 2.000000000000000000e+00 1.900000000000000000e+01 0.000000000000000000e+00 1.600000000000000089e+00 2.552000000000000015e-03 -2.331999999999999872e-03 -9.999940000000000495e-01 1.814040000000000097e-01 -9.834049999999999736e-01 2.756999999999999902e-03 -9.834049999999999736e-01 -1.814099999999999879e-01 -2.086999999999999880e-03
6.000000000000000000e+00 1.300000000000000000e+01 2.000000000000000000e+01 0.000000000000000000e+00 1.600000000000000089e+00 -5.760000000000000146e-04 1.796000000000000070e-03 9.999980000000000535e-01 2.501840000000000175e-01 9.681969999999999743e-01 -1.595000000000000064e-03 -9.681980000000000031e-01 2.501829999999999887e-01 -1.007000000000000083e-03
1.000000000000000000e+01 1.300000000000000000e+01 2.000000000000000000e+01 0.000000000000000000e+00 1.600000000000000089e+00 -6.176000000000000066e-03 -1.093300000000000001e-02 9.999209999999999487e-01 2.501970000000000027e-01 9.681189999999999518e-01 1.213000000000000016e-02 -9.681750000000000078e-01 2.502519999999999745e-01 -3.243999999999999922e-03
1.600000000000000000e+01 1.300000000000000000e+01 2.000000000000000000e+01 0.000000000000000000e+00 1.600000000000000089e+00 5.099999999999999960e-05 2.866000000000000058e-03 9.999959999999999960e-01 2.537099999999999911e-01 9.672760000000000247e-01 -2.785999999999999848e-03 -9.672800000000000287e-01 2.537090000000000178e-01 -6.780000000000000002e-04
5.000000000000000000e+00 1.600000000000000000e+01 2.100000000000000000e+01 0.000000000000000000e+00 1.600000000000000089e+00 9.999999999999999547e-07 5.900000000000000296e-04 1.000000000000000000e+00 2.962690000000000046e-01 9.551039999999999530e-01 -5.640000000000000482e-04 -9.551049999999999818e-01 2.962690000000000046e-01 -1.740000000000000010e-04
1.000000000000000000e+01 1.600000000000000000e+01 2.100000000000000000e+01 0.000000000000000000e+00 1.600000000000000089e+00 -6.602000000000000229e-03 -1.034999999999999983e-02 9.999249999999999527e-01 2.973979999999999957e-01 9.546799999999999731e-01 1.184499999999999963e-02 -9.547309999999999963e-01 2.974539999999999962e-01 -3.225000000000000002e-03
1.500000000000000000e+01 1.600000000000000000e+01 2.100000000000000000e+01 0.000000000000000000e+00 1.600000000000000089e+00 -4.490000000000000176e-04 -2.519999999999999996e-04 1.000000000000000000e+00 2.993660000000000210e-01 9.541380000000000416e-01 3.750000000000000078e-04 -9.541380000000000416e-01 2.993660000000000210e-01 -3.530000000000000152e-04
2.100000000000000000e+01 1.600000000000000000e+01 2.100000000000000000e+01 0.000000000000000000e+00 1.600000000000000089e+00 5.818000000000000255e-03 1.177699999999999927e-02 9.999139999999999695e-01 2.991409999999999902e-01 9.541209999999999969e-01 -1.297899999999999922e-02 -9.541910000000000114e-01 2.991909999999999847e-01 2.027999999999999855e-03
2.500000000000000000e+01 1.600000000000000000e+01 2.100000000000000000e+01 0.000000000000000000e+00 1.600000000000000089e+00 5.424000000000000002e-03 1.269699999999999995e-02 9.999050000000000438e-01 2.971980000000000177e-01 9.547170000000000378e-01 -1.373599999999999995e-02 -9.547999999999999821e-01 2.972449999999999815e-01 1.404999999999999999e-03
1.200000000000000000e+01 3.000000000000000000e+00 2.500000000000000000e+01 0.000000000000000000e+00 1.600000000000000089e+00 8.812999999999999653e-03 -5.932999999999999906e-03 9.999440000000000550e-01 -3.450500000000000095e-02 -9.993889999999999718e-01 -5.624999999999999792e-03 9.993659999999999766e-01 -3.445299999999999752e-02 -9.011999999999999178e-03
3.000000000000000000e+01 3.000000000000000000e+00 2.500000000000000000e+01 0.000000000000000000e+00 1.600000000000000089e+00 3.184000000000000198e-03 -1.652999999999999955e-02 9.998580000000000245e-01 -5.901100000000000095e-02 -9.981240000000000112e-01 -1.631399999999999864e-02 9.982520000000000282e-01 -5.895100000000000340e-02 -4.152999999999999574e-03
2.000000000000000000e+00 4.600000000000000000e+01 2.700000000000000000e+01 0.000000000000000000e+00 1.600000000000000089e+00 2.361999999999999950e-03 -1.654000000000000088e-03 -9.999959999999999960e-01 6.737079999999999735e-01 7.389980000000000437e-01 3.690000000000000246e-04 7.389940000000000397e-01 -6.737060000000000271e-01 2.860000000000000129e-03
1.400000000000000000e+01 4.600000000000000000e+01 3.000000000000000000e+01 0.000000000000000000e+00 1.600000000000000089e+00 8.599999999999999789e-04 3.310000000000000225e-04 -1.000000000000000000e+00 3.319949999999999846e-01 9.432810000000000361e-01 5.980000000000000072e-04 9.432810000000000361e-01 -3.319960000000000133e-01 7.010000000000000172e-04
1.900000000000000000e+01 4.600000000000000000e+01 3.000000000000000000e+01 0.000000000000000000e+00 1.600000000000000089e+00 -5.670000000000000127e-04 3.612000000000000193e-03 -9.999930000000000208e-01 3.341060000000000141e-01 9.425299999999999789e-01 3.214999999999999976e-03 9.425350000000000117e-01 -3.341020000000000101e-01 -1.740999999999999926e-03
7.000000000000000000e+00 4.600000000000000000e+01 3.500000000000000000e+01 0.000000000000000000e+00 1.600000000000000089e+00 6.399999999999999710e-05 3.004000000000000160e-03 -9.999949999999999672e-01 3.905330000000000190e-01 -9.205849999999999866e-01 -2.739999999999999814e-03 -9.205889999999999906e-01 -3.905310000000000170e-01 -1.232000000000000022e-03
1.100000000000000000e+01 4.600000000000000000e+01 3.500000000000000000e+01 0.000000000000000000e+00 1.600000000000000089e+00 -2.356000000000000021e-03 1.544999999999999932e-03 -9.999959999999999960e-01 3.894750000000000156e-01 -9.210340000000000193e-01 -2.340000000000000066e-03 -9.210340000000000193e-01 -3.894790000000000196e-01 1.569000000000000082e-03
2.100000000000000000e+01 4.600000000000000000e+01 3.500000000000000000e+01 0.000000000000000000e+00 1.600000000000000089e+00 2.036000000000000049e-03 -2.396999999999999825e-03 -9.999949999999999672e-01 3.887630000000000252e-01 -9.213329999999999576e-01 3.000000000000000062e-03 -9.213360000000000438e-01 -3.887669999999999737e-01 -9.439999999999999607e-04
2.400000000000000000e+01 4.600000000000000000e+01 3.500000000000000000e+01 0.000000000000000000e+00 1.600000000000000089e+00 7.870000000000000476e-04 -3.435999999999999818e-03 -9.999940000000000495e-01 3.891830000000000012e-01 -9.211540000000000283e-01 3.471000000000000127e-03 -9.211599999999999788e-01 -3.891830000000000012e-01 6.120000000000000223e-04
2.700000000000000000e+01 4.600000000000000000e+01 3.500000000000000000e+01 0.000000000000000000e+00 1.600000000000000089e+00 6.000000000000000152e-06 -4.597999999999999657e-03 -9.999890000000000168e-01 3.884380000000000055e-01 -9.214649999999999785e-01 4.238999999999999713e-03 -9.214750000000000441e-01 -3.884340000000000015e-01 1.781000000000000031e-03
1.100000000000000000e+01 9.500000000000000000e+01 3.600000000000000000e+01 0.000000000000000000e+00 1.600000000000000089e+00 1.662800000000000042e-02 1.568500000000000102e-02 9.997390000000000443e-01 9.981809999999999850e-01 5.769699999999999829e-02 -1.750799999999999926e-02 -5.795700000000000157e-02 9.982109999999999594e-01 -1.469699999999999999e-02
1.900000000000000000e+01 9.500000000000000000e+01 3.600000000000000000e+01 0.000000000000000000e+00 1.600000000000000089e+00 1.734799999999999884e-02 4.068299999999999694e-02 9.990210000000000479e-01 9.966369999999999951e-01 7.932300000000000462e-02 -2.053699999999999970e-02 -8.008099999999999941e-02 9.960179999999999589e-01 -3.917000000000000343e-02
2.000000000000000000e+00 2.500000000000000000e+01 4.000000000000000000e+01 0.000000000000000000e+00 1.600000000000000089e+00 1.477999999999999930e-03 -1.554840000000000111e-01 -9.878369999999999651e-01 -7.398949999999999694e-01 -6.647100000000000231e-01 1.035179999999999989e-01 -6.727199999999999847e-01 7.307430000000000314e-01 -1.160240000000000021e-01
2.800000000000000000e+01 2.900000000000000000e+01 4.400000000000000000e+01 0.000000000000000000e+00 1.600000000000000089e+00 -1.655999999999999920e-03 -1.686999999999999958e-02 -9.998559999999999670e-01 6.822169999999999623e-01 7.310250000000000359e-01 -1.346400000000000027e-02 7.311469999999999914e-01 -6.821420000000000261e-01 1.029900000000000086e-02
1.000000000000000000e+00 6.500000000000000000e+01 4.600000000000000000e+01 0.000000000000000000e+00 1.600000000000000089e+00 1.476000000000000098e-03 1.910000000000000077e-04 9.999989999999999712e-01 6.798990000000000311e-01 -7.333049999999999846e-01 -8.639999999999999677e-04 7.333049999999999846e-01 6.798990000000000311e-01 -1.211999999999999970e-03
8.000000000000000000e+00 6.500000000000000000e+01 4.600000000000000000e+01 0.000000000000000000e+00 1.600000000000000089e+00 3.677000000000000147e-03 -1.211000000000000054e-03 9.999919999999999920e-01 6.798250000000000126e-01 -7.333659999999999624e-01 -3.387999999999999953e-03 7.333650000000000446e-01 6.798330000000000206e-01 -1.874000000000000015e-03
2.100000000000000000e+01 2.600000000000000000e+01 4.800000000000000000e+01 0.000000000000000000e+00 1.600000000000000089e+00 -2.965000000000000187e-03 -8.606300000000000061e-02 -9.962849999999999762e-01 -8.409300000000000108e-02 9.927820000000000533e-01 -8.551000000000000267e-02 9.964530000000000332e-01 8.352700000000000402e-02 -1.018100000000000081e-02
2.600000000000000000e+01 2.900000000000000000e+01 4.800000000000000000e+01 0.000000000000000000e+00 1.600000000000000089e+00 -9.702999999999999819e-03 -8.796400000000000052e-02 9.960759999999999614e-01 3.777179999999999982e-01 9.220019999999999882e-01 8.510199999999999709e-02 -9.258699999999999708e-01 3.770609999999999795e-01 2.427999999999999950e-02
2.700000000000000000e+01 1.150000000000000000e+02 5.100000000000000000e+01 0.000000000000000000e+00 1.600000000000000089e+00 1.824000000000000100e-03 1.307600000000000082e-02 9.999130000000000518e-01 8.458200000000000163e-01 -5.334410000000000540e-01 5.433000000000000329e-03 5.334659999999999958e-01 8.457360000000000433e-01 -1.203300000000000029e-02
6.000000000000000000e+00 7.000000000000000000e+00 5.200000000000000000e+01 0.000000000000000000e+00 1.600000000000000089e+00 -3.446999999999999977e-03 -3.840000000000000097e-04 -9.999940000000000495e-01 8.265699999999999437e-02 -9.965779999999999639e-01 9.799999999999999684e-05 -9.965720000000000134e-01 -8.265599999999999337e-02 3.467000000000000030e-03
9.000000000000000000e+00 7.000000000000000000e+00 5.200000000000000000e+01 0.000000000000000000e+00 1.600000000000000089e+00 2.484999999999999796e-03 6.144000000000000156e-03 -9.999780000000000335e-01 8.252700000000000313e-02 -9.965709999999999846e-01 -5.917999999999999650e-03 -9.965859999999999719e-01 -8.251100000000000101e-02 -2.984000000000000107e-03
3.000000000000000000e+00 5.800000000000000000e+01 5.200000000000000000e+01 0.000000000000000000e+00 1.600000000000000089e+00 -5.400000000000000069e-04 4.300000000000000165e-05 1.000000000000000000e+00 -6.249280000000000390e-01 7.806819999999999871e-01 -3.719999999999999891e-04 -7.806819999999999871e-01 -6.249280000000000390e-01 -3.950000000000000061e-04
2.600000000000000000e+01 3.800000000000000000e+01 5.400000000000000000e+01 0.000000000000000000e+00 1.600000000000000089e+00 -1.020559999999999939e-01 -2.976170000000000204e-01 9.492150000000000309e-01 5.949010000000000131e-01 7.465089999999999781e-01 2.980220000000000091e-01 -7.972939999999999472e-01 5.951039999999999663e-01 1.008669999999999983e-01
6.000000000000000000e+00 6.300000000000000000e+01 5.400000000000000000e+01 0.000000000000000000e+00 1.600000000000000089e+00 -1.178000000000000011e-03 2.817000000000000060e-03 9.999949999999999672e-01 -3.674640000000000128e-01 9.300329999999999986e-01 -3.053000000000000158e-03 -9.300370000000000026e-01 -3.674660000000000148e-01 -6.000000000000000152e-05
1.100000000000000000e+01 6.300000000000000000e+01 5.400000000000000000e+01 0.000000000000000000e+00 1.600000000000000089e+00 7.899999999999999579e-05 3.158000000000000217e-03 9.999949999999999672e-01 -3.642520000000000202e-01 9.312960000000000127e-01 -2.912000000000000092e-03 -9.313000000000000167e-01 -3.642500000000000182e-01 1.224000000000000045e-03
1.700000000000000000e+01 6.300000000000000000e+01 5.400000000000000000e+01 0.000000000000000000e+00 1.600000000000000089e+00 -8.469999999999999881e-04 1.023999999999999954e-03 9.999989999999999712e-01 -3.633979999999999988e-01 9.316330000000000444e-01 -1.262000000000000101e-03 -9.316330000000000444e-01 -3.633990000000000276e-01 -4.169999999999999987e-04
2.000000000000000000e+01 6.300000000000000000e+01 5.400000000000000000e+01 0.000000000000000000e+00 1.600000000000000089e+00 3.840000000000000097e-04 1.379000000000000017e-03 9.999989999999999712e-01 -3.673600000000000199e-01 9.300779999999999603e-01 -1.141000000000000087e-03 -9.300789999999999891e-01 -3.673589999999999911e-01 8.639999999999999677e-04
2.500000000000000000e+01 6.300000000000000000e+01 5.400000000000000000e+01 0.000000000000000000e+00 1.600000000000000089e+00 3.719999999999999891e-04 -4.514999999999999916e-03 9.999900000000000455e-01 -3.701360000000000205e-01 9.289680000000000160e-01 4.333000000000000046e-03 -9.289779999999999704e-01 -3.701340000000000185e-01 -1.325000000000000006e-03
9.000000000000000000e+00 2.600000000000000000e+01 5.500000000000000000e+01 0.000000000000000000e+00 1.600000000000000089e+00 1.449999999999999900e-03 -1.247999999999999977e-03 -9.999980000000000535e-01 -4.309799999999999742e-02 -9.990700000000000136e-01 1.185000000000000072e-03 -9.990700000000000136e-01 4.309700000000000336e-02 -1.502000000000000080e-03
6.000000000000000000e+00 2.100000000000000000e+01 6.000000000000000000e+01 0.000000000000000000e+00 1.600000000000000089e+00 -5.559999999999999621e-04 -2.605000000000000111e-03 9.999959999999999960e-01 -9.463100000000000678e-02 9.955089999999999772e-01 2.540000000000000157e-03 -9.955119999999999525e-01 -9.463000000000000578e-02 -8.000000000000000383e-04
1.100000000000000000e+01 2.100000000000000000e+01 6.000000000000000000e+01 0.000000000000000000e+00 1.600000000000000089e+00 -7.990000000000000140e-04 -1.417000000000000074e-03 9.999989999999999712e-01 -9.528100000000000458e-02 9.954499999999999460e-01 1.333999999999999899e-03 -9.954499999999999460e-01 -9.528000000000000358e-02 -9.309999999999999699e-04
1.600000000000000000e+01 2.100000000000000000e+01 6.000000000000000000e+01 0.000000000000000000e+00 1.600000000000000089e+00 -1.060000000000000016e-04 3.066000000000000149e-03 9.999949999999999672e-01 -9.566800000000000304e-02 9.954089999999999883e-01 -3.062000000000000052e-03 -9.954129999999999923e-01 -9.566700000000000204e-02 1.879999999999999890e-04
2.100000000000000000e+01 2.100000000000000000e+01 6.000000000000000000e+01 0.000000000000000000e+00 1.600000000000000089e+00 1.054000000000000032e-03 7.555000000000000084e-03 9.999710000000000543e-01 -9.464599999999999402e-02 9.954830000000000068e-01 -7.421999999999999778e-03 -9.955100000000000060e-01 -9.463499999999999690e-02 1.763999999999999943e-03
2.800000000000000000e+01 2.100000000000000000e+01 6.000000000000000000e+01 0.000000000000000000e+00 1.600000000000000089e+00 6.799999999999999946e-05 1.557999999999999923e-03 9.999989999999999712e-01 -9.574499999999999678e-02 9.954049999999999843e-01 -1.544999999999999932e-03 -9.954060000000000130e-01 -9.574499999999999678e-02 2.169999999999999891e-04
7.000000000000000000e+00 6.700000000000000000e+01 6.000000000000000000e+01 0.000000000000000000e+00 1.600000000000000089e+00 -6.920000000000000153e-04 -4.111000000000000071e-03 9.999909999999999632e-01 1.809510000000000007e-01 -9.834840000000000249e-01 -3.917999999999999608e-03 9.834920000000000329e-01 1.809459999999999957e-01 1.423999999999999919e-03
2.000000000000000000e+00 2.700000000000000000e+01 6.300000000000000000e+01 0.000000000000000000e+00 1.600000000000000089e+00 1.765000000000000076e-03 -1.850000000000000082e-03 9.999970000000000248e-01 -2.770340000000000025e-01 9.608569999999999611e-01 2.265999999999999785e-03 -9.608579999999999899e-01 -2.770369999999999777e-01 1.183999999999999940e-03
7.000000000000000000e+00 2.700000000000000000e+01 6.300000000000000000e+01 0.000000000000000000e+00 1.600000000000000089e+00 -1.443000000000000055e-03 -1.283999999999999985e-03 9.999980000000000535e-01 -2.791009999999999880e-01 9.602610000000000312e-01 8.300000000000000086e-04 -9.602610000000000312e-01 -2.790989999999999860e-01 -1.744000000000000107e-03
1.300000000000000000e+01 2.700000000000000000e+01 6.300000000000000000e+01 0.000000000000000000e+00 1.600000000000000089e+00 -3.899999999999999929e-05 2.099000000000000171e-03 9.999980000000000535e-01 -2.801020000000000176e-01 9.599680000000000435e-01 -2.026000000000000023e-03 -9.599699999999999900e-01 -2.801020000000000176e-01 5.500000000000000331e-04
2.300000000000000000e+01 2.700000000000000000e+01 6.300000000000000000e+01 0.000000000000000000e+00 1.600000000000000089e+00 -1.193999999999999966e-03 -2.255000000000000060e-03 9.999970000000000248e-01 -2.737200000000000188e-01 9.618079999999999963e-01 1.842000000000000104e-03 -9.618090000000000250e-01 -2.737169999999999881e-01 -1.765999999999999992e-03
2.900000000000000000e+01 2.700000000000000000e+01 6.300000000000000000e+01 0.000000000000000000e+00 1.600000000000000089e+00 -2.394999999999999993e-03 -2.984000000000000107e-03 9.999930000000000208e-01 -2.788390000000000035e-01 9.603350000000000497e-01 2.197999999999999867e-03 -9.603350000000000497e-01 -2.788320000000000243e-01 -3.131999999999999802e-03
5.000000000000000000e+00 4.400000000000000000e+01 6.300000000000000000e+01 0.000000000000000000e+00 1.600000000000000089e+00 -2.115000000000000126e-03 1.619999999999999912e-03 -9.999959999999999960e-01 -6.508650000000000269e-01 -7.591940000000000355e-01 1.469999999999999953e-04 -7.591909999999999492e-01 6.508629999999999693e-01 2.660000000000000038e-03
1.000000000000000000e+01 4.400000000000000000e+01 6.300000000000000000e+01 0.000000000000000000e+00 1.600000000000000089e+00 3.080000000000000055e-04 1.238599999999999944e-02 -9.999230000000000063e-01 -6.599169999999999758e-01 -7.512790000000000301e-01 -9.509000000000000091e-03 -7.513389999999999791e-01 6.598690000000000389e-01 7.941999999999999407e-03
1.600000000000000000e+01 4.400000000000000000e+01 6.300000000000000000e+01 0.000000000000000000e+00 1.600000000000000089e+00 6.380000000000000037e-04 4.710999999999999910e-03 -9.999890000000000168e-01 -6.677269999999999595e-01 -7.443959999999999466e-01 -3.932999999999999864e-03 -7.444060000000000121e-01 6.677220000000000377e-01 2.670000000000000064e-03
2.000000000000000000e+01 4.400000000000000000e+01 6.300000000000000000e+01 0.000000000000000000e+00 1.600000000000000089e+00 9.128000000000000697e-03 2.210399999999999865e-02 -9.997139999999999915e-01 -6.748290000000000122e-01 -7.376319999999999544e-01 -2.247100000000000139e-02 -7.379179999999999628e-01 6.748410000000000242e-01 8.182999999999999302e-03
2.700000000000000000e+01 4.400000000000000000e+01 6.300000000000000000e+01 0.000000000000000000e+00 1.600000000000000089e+00 1.324999999999999963e-02 -8.297000000000000555e-03 -9.998780000000000445e-01 -7.171340000000000492e-01 -6.969250000000000167e-01 -3.720000000000000216e-03 -6.968090000000000117e-01 7.170959999999999557e-01 -1.518500000000000058e-02
2.000000000000000000e+00 2.600000000000000000e+01 6.400000000000000000e+01 0.000000000000000000e+00 1.600000000000000089e+00 2.704999999999999939e-03 -2.857999999999999863e-03 9.999919999999999920e-01 -3.682059999999999778e-01 9.297370000000000356e-01 3.652999999999999997e-03 -9.297400000000000109e-01 -3.682130000000000125e-01 1.463000000000000108e-03
9.000000000000000000e+00 2.600000000000000000e+01 6.400000000000000000e+01 0.000000000000000000e+00 1.600000000000000089e+00 -2.268000000000000051e-03 -1.657999999999999969e-03 9.999959999999999960e-01 -3.720379999999999798e-01 9.282169999999999588e-01 6.949999999999999798e-04 -9.282150000000000123e-01 -3.720350000000000046e-01 -2.722000000000000027e-03
1.300000000000000000e+01 2.600000000000000000e+01 6.400000000000000000e+01 0.000000000000000000e+00 1.600000000000000089e+00 -8.890000000000000333e-04 3.210999999999999879e-03 9.999949999999999672e-01 -3.738609999999999989e-01 9.274790000000000534e-01 -3.311000000000000141e-03 -9.274839999999999751e-01 -3.738620000000000276e-01 3.759999999999999779e-04
1.700000000000000000e+01 2.600000000000000000e+01 6.400000000000000000e+01 0.000000000000000000e+00 1.600000000000000089e+00 1.250000000000000026e-03 5.648000000000000242e-03 9.999829999999999552e-01 -3.683949999999999725e-01 9.296569999999999556e-01 -4.789999999999999987e-03 -9.296689999999999676e-01 -3.683830000000000160e-01 3.242999999999999789e-03
2.300000000000000000e+01 2.600000000000000000e+01 6.400000000000000000e+01 0.000000000000000000e+00 1.600000000000000089e+00 -7.630000000000000063e-04 -1.714999999999999945e-03 9.999980000000000535e-01 -3.626389999999999891e-01 9.319290000000000074e-01 1.320999999999999909e-03 -9.319290000000000074e-01 -3.626380000000000159e-01 -1.332999999999999984e-03
2.900000000000000000e+01 2.600000000000000000e+01 6.400000000000000000e+01 0.000000000000000000e+00 1.600000000000000089e+00 -2.210000000000000159e-03 -3.174000000000000172e-03 9.999930000000000208e-01 -3.682219999999999938e-01 9.297349999999999781e-01 2.137000000000000011e-03 -9.297349999999999781e-01 -3.682150000000000145e-01 -3.223999999999999869e-03
2.400000000000000000e+01 4.300000000000000000e+01 7.300000000000000000e+01 0.000000000000000000e+00 1.600000000000000089e+00 -4.803500000000000131e-02 -1.118210000000000037e-01 9.925669999999999771e-01 5.158999999999999697e-02 -9.926650000000000196e-01 -1.093350000000000016e-01 9.975119999999999543e-01 4.595500000000000279e-02 5.345199999999999951e-02
4.000000000000000000e+00 4.400000000000000000e+01 7.300000000000000000e+01 0.000000000000000000e+00 1.600000000000000089e+00 1.077000000000000049e-03 5.688999999999999613e-03 9.999829999999999552e-01 5.859999999999999931e-02 -9.982659999999999867e-01 5.616000000000000332e-03 9.982809999999999739e-01 5.859299999999999925e-02 -1.409000000000000096e-03
7.000000000000000000e+00 4.400000000000000000e+01 7.300000000000000000e+01 0.000000000000000000e+00 1.600000000000000089e+00 1.198999999999999979e-03 4.343999999999999771e-03 9.999900000000000455e-01 5.980099999999999999e-02 -9.982010000000000050e-01 4.264000000000000429e-03 9.982100000000000417e-01 5.979500000000000093e-02 -1.456999999999999962e-03
1.400000000000000000e+01 4.400000000000000000e+01 7.300000000000000000e+01 0.000000000000000000e+00 1.600000000000000089e+00 -1.371999999999999956e-03 -3.985999999999999960e-03 9.999909999999999632e-01 5.625700000000000145e-02 -9.984089999999999909e-01 -3.902000000000000086e-03 9.984150000000000524e-01 5.625100000000000239e-02 1.593999999999999931e-03
2.100000000000000000e+01 4.400000000000000000e+01 7.300000000000000000e+01 0.000000000000000000e+00 1.600000000000000089e+00 -3.650400000000000172e-02 -1.116230000000000000e-01 9.930799999999999628e-01 2.171199999999999866e-02 -9.935960000000000347e-01 -1.108829999999999955e-01 9.990980000000000416e-01 1.751399999999999832e-02 3.869399999999999923e-02
3.000000000000000000e+00 2.500000000000000000e+01 7.400000000000000000e+01 0.000000000000000000e+00 1.600000000000000089e+00 -8.000000000000000383e-04 -3.595999999999999804e-03 9.999930000000000208e-01 8.265569999999999862e-01 -5.628509999999999902e-01 -1.363000000000000062e-03 5.628520000000000190e-01 8.265500000000000069e-01 3.422000000000000128e-03
8.000000000000000000e+00 2.500000000000000000e+01 7.400000000000000000e+01 0.000000000000000000e+00 1.600000000000000089e+00 -1.620000000000000075e-04 -4.949999999999999973e-04 1.000000000000000000e+00 8.242519999999999847e-01 -5.662220000000000031e-01 -1.469999999999999953e-04 5.662220000000000031e-01 8.242519999999999847e-01 5.000000000000000104e-04
1.200000000000000000e+01 2.500000000000000000e+01 7.400000000000000000e+01 0.000000000000000000e+00 1.600000000000000089e+00 2.798999999999999839e-03 -4.870000000000000197e-04 9.999959999999999960e-01 8.225139999999999674e-01 -5.687379999999999658e-01 -2.579000000000000129e-03 5.687370000000000481e-01 8.225179999999999714e-01 -1.191000000000000001e-03
1.600000000000000000e+01 2.500000000000000000e+01 7.400000000000000000e+01 0.000000000000000000e+00 1.600000000000000089e+00 5.000000000000000104e-04 2.799999999999999755e-04 1.000000000000000000e+00 8.232169999999999765e-01 -5.677269999999999817e-01 -2.530000000000000239e-04 5.677269999999999817e-01 8.232169999999999765e-01 -5.150000000000000498e-04
2.400000000000000000e+01 2.500000000000000000e+01 7.400000000000000000e+01 0.000000000000000000e+00 1.600000000000000089e+00 1.038000000000000077e-03 -4.330000000000000081e-04 9.999989999999999712e-01 8.279239999999999933e-01 -5.608389999999999764e-01 -1.103000000000000031e-03 5.608389999999999764e-01 8.279250000000000220e-01 -2.239999999999999966e-04
2.900000000000000000e+01 2.500000000000000000e+01 7.400000000000000000e+01 0.000000000000000000e+00 1.600000000000000089e+00 -2.301999999999999793e-03 -9.480999999999999844e-03 9.999519999999999520e-01 8.216390000000000082e-01 -5.699980000000000047e-01 -3.513000000000000064e-03 5.700039999999999552e-01 8.215909999999999602e-01 9.102000000000000715e-03
2.000000000000000000e+00 9.100000000000000000e+01 7.600000000000000000e+01 0.000000000000000000e+00 1.600000000000000089e+00 -2.536000000000000060e-03 -1.423000000000000003e-03 9.999959999999999960e-01 3.791059999999999985e-01 -9.253529999999999811e-01 -3.559999999999999797e-04 9.253500000000000059e-01 3.791039999999999965e-01 2.886000000000000110e-03
1.000000000000000000e+01 9.100000000000000000e+01 7.600000000000000000e+01 0.000000000000000000e+00 1.600000000000000089e+00 -3.040000000000000167e-04 3.980000000000000248e-04 1.000000000000000000e+00 3.933320000000000149e-01 -9.193959999999999910e-01 4.850000000000000253e-04 9.193970000000000198e-01 3.933320000000000149e-01 1.230000000000000082e-04
1.500000000000000000e+01 9.100000000000000000e+01 7.600000000000000000e+01 0.000000000000000000e+00 1.600000000000000089e+00 6.120000000000000223e-04 -5.339999999999999695e-04 1.000000000000000000e+00 3.988849999999999896e-01 -9.170009999999999550e-01 -7.339999999999999520e-04 9.170009999999999550e-01 3.988849999999999896e-01 -3.480000000000000020e-04
2.300000000000000000e+01 9.100000000000000000e+01 7.600000000000000000e+01 0.000000000000000000e+00 1.600000000000000089e+00 1.250000000000000026e-03 1.273000000000000043e-03 9.999980000000000535e-01 3.956560000000000077e-01 -9.183980000000000476e-01 6.750000000000000357e-04 9.183980000000000476e-01 3.956549999999999789e-01 -1.650999999999999907e-03
2.900000000000000000e+01 9.100000000000000000e+01 7.600000000000000000e+01 0.000000000000000000e+00 1.600000000000000089e+00 -8.469999999999999881e-04 -8.289999999999999843e-04 9.999989999999999712e-01 3.995690000000000075e-01 -9.167030000000000456e-01 -4.220000000000000118e-04 9.167030000000000456e-01 3.995679999999999787e-01 1.108000000000000044e-03
2.600000000000000000e+01 9.000000000000000000e+00 8.200000000000000000e+01 0.000000000000000000e+00 1.600000000000000089e+00 -4.180000000000000230e-04 4.772000000000000200e-03 -9.999890000000000168e-01 5.698029999999999484e-01 8.217729999999999757e-01 3.683000000000000076e-03 8.217809999999999837e-01 -5.697950000000000514e-01 -3.063000000000000184e-03
7.000000000000000000e+00 4.400000000000000000e+01 8.300000000000000000e+01 0.000000000000000000e+00 1.600000000000000089e+00 4.800000000000000122e-04 -3.327000000000000096e-03 9.999940000000000495e-01 5.730849999999999556e-01 -8.194900000000000517e-01 -3.001999999999999894e-03 8.194960000000000022e-01 5.730830000000000091e-01 1.513000000000000022e-03
1.200000000000000000e+01 4.400000000000000000e+01 8.300000000000000000e+01 0.000000000000000000e+00 1.600000000000000089e+00 -1.304000000000000038e-03 -3.519999999999999908e-04 9.999989999999999712e-01 5.699199999999999822e-01 -8.216999999999999860e-01 4.550000000000000008e-04 8.216989999999999572e-01 5.699199999999999822e-01 1.271999999999999910e-03
1.900000000000000000e+01 1.010000000000000000e+02 8.300000000000000000e+01 0.000000000000000000e+00 1.600000000000000089e+00 -8.120000000000000048e-04 -1.118000000000000070e-03 9.999989999999999712e-01 9.952499999999999680e-01 9.734800000000000397e-02 9.169999999999999549e-04 -9.734900000000000497e-02 9.952499999999999680e-01 1.033000000000000064e-03
5.000000000000000000e+00 4.800000000000000000e+01 8.400000000000000000e+01 0.000000000000000000e+00 1.600000000000000089e+00 -4.470000000000000015e-03 -3.067999999999999981e-03 -9.999850000000000128e-01 -9.463709999999999622e-01 -3.230390000000000206e-01 5.220999999999999946e-03 -3.230500000000000038e-01 9.463810000000000278e-01 -1.459000000000000010e-03
1.300000000000000000e+01 4.800000000000000000e+01 8.400000000000000000e+01 0.000000000000000000e+00 1.600000000000000089e+00 3.004000000000000160e-03 -5.209999999999999788e-04 -9.999949999999999672e-01 -9.476229999999999931e-01 -3.193790000000000240e-01 -2.680000000000000090e-03 -3.193759999999999932e-01 9.476269999999999971e-01 -1.453000000000000081e-03
1.400000000000000000e+01 1.500000000000000000e+01 8.600000000000000000e+01 0.000000000000000000e+00 1.600000000000000089e+00 -3.697000000000000199e-03 1.626999999999999974e-03 -9.999919999999999920e-01 1.889740000000000031e-01 9.819820000000000215e-01 8.989999999999999511e-04 9.819750000000000423e-01 -1.889689999999999981e-01 -3.937999999999999660e-03
1.700000000000000000e+01 1.500000000000000000e+01 8.600000000000000000e+01 0.000000000000000000e+00 1.600000000000000089e+00 -5.361999999999999579e-03 2.459999999999999947e-03 -9.999829999999999552e-01 1.890310000000000046e-01 9.819700000000000095e-01 1.402000000000000034e-03 9.819569999999999688e-01 -1.890199999999999936e-01 -5.730999999999999983e-03
2.500000000000000000e+01 1.500000000000000000e+01 8.600000000000000000e+01 0.000000000000000000e+00 1.600000000000000089e+00 -2.807000000000000033e-03 4.423999999999999981e-03 -9.999860000000000415e-01 1.921489999999999865e-01 9.813579999999999526e-01 3.801999999999999824e-03 9.813619999999999566e-01 -1.921360000000000012e-01 -3.605000000000000131e-03
8.000000000000000000e+00 8.300000000000000000e+01 8.600000000000000000e+01 0.000000000000000000e+00 1.600000000000000089e+00 -4.233999999999999916e-03 -4.780000000000000394e-03 9.999799999999999800e-01 -9.997519999999999740e-01 2.189999999999999933e-02 -4.128999999999999858e-03 -2.187899999999999914e-02 -9.997489999999999988e-01 -4.871999999999999595e-03
