1.400000000000000000e+01 1.010000000000000000e+02 7.000000000000000000e+00 0.000000000000000000e+00 1.600000000000000089e+00 -1.250000000000000026e-03 -3.461000000000000101e-03 9.999930000000000208e-01 8.856009999999999716e-01 4.644389999999999907e-01 2.714999999999999965e-03 -4.644460000000000255e-01 8.855979999999999963e-01 2.484000000000000097e-03
2.400000000000000000e+01 1.010000000000000000e+02 7.000000000000000000e+00 0.000000000000000000e+00 1.600000000000000089e+00 -1.064000000000000059e-03 4.661000000000000212e-03 9.999890000000000168e-01 8.823839999999999462e-01 4.705269999999999730e-01 -1.253999999999999906e-03 -4.705280000000000018e-01 8.823729999999999629e-01 -4.614000000000000046e-03
2.200000000000000000e+01 1.500000000000000000e+01 8.000000000000000000e+00 0.000000000000000000e+00 1.600000000000000089e+00 -1.884000000000000041e-03 -1.262699999999999934e-02 -9.999179999999999735e-01 -6.279839999999999867e-01 -7.781479999999999508e-01 1.101000000000000069e-02 -7.782240000000000268e-01 6.279540000000000122e-01 -6.464000000000000128e-03
2.700000000000000000e+01 1.500000000000000000e+01 8.000000000000000000e+00 0.000000000000000000e+00 1.600000000000000089e+00 -1.700000000000000122e-04 8.484000000000000222e-03 -9.999639999999999640e-01 -6.287099999999999911e-01 -7.776129999999999987e-01 -6.491000000000000242e-03 -7.776399999999999979e-01 6.286859999999999671e-01 5.466000000000000372e-03
4.000000000000000000e+00 2.500000000000000000e+01 8.000000000000000000e+00 0.000000000000000000e+00 1.600000000000000089e+00 2.615000000000000137e-03 9.150000000000000147e-03 -9.999550000000000383e-01 4.446649999999999769e-01 8.956479999999999997e-01 9.358999999999999264e-03 8.956929999999999614e-01 -4.446689999999999809e-01 -1.727000000000000019e-03
9.000000000000000000e+00 2.500000000000000000e+01 8.000000000000000000e+00 0.000000000000000000e+00 1.600000000000000089e+00 2.599999999999999840e-05 7.680000000000000195e-04 -1.000000000000000000e+00 4.440310000000000090e-01 8.960110000000000019e-01 6.989999999999999686e-04 8.960110000000000019e-01 -4.440310000000000090e-01 -3.179999999999999776e-04
1.300000000000000000e+01 2.500000000000000000e+01 8.000000000000000000e+00 0.000000000000000000e+00 1.600000000000000089e+00 -9.139999999999999904e-04 -1.629000000000000023e-03 -9.999980000000000535e-01 4.457559999999999856e-01 8.951529999999999765e-01 -1.866000000000000037e-03 8.951540000000000052e-01 -4.457570000000000143e-01 -9.200000000000000007e-05
1.600000000000000000e+01 2.500000000000000000e+01 8.000000000000000000e+00 0.000000000000000000e+00 1.600000000000000089e+00 2.919999999999999961e-04 -2.798000000000000140e-03 -9.999959999999999960e-01 4.467220000000000080e-01 8.946690000000000476e-01 -2.371999999999999977e-03 8.946730000000000516e-01 -4.467200000000000060e-01 1.510999999999999973e-03
2.100000000000000000e+01 2.500000000000000000e+01 8.000000000000000000e+00 0.000000000000000000e+00 1.600000000000000089e+00 8.760000000000000425e-04 6.199999999999999999e-04 -9.999989999999999712e-01 4.452940000000000231e-01 8.953839999999999577e-01 9.449999999999999850e-04 8.953839999999999577e-01 -4.452949999999999964e-01 5.079999999999999880e-04
2.500000000000000000e+01 2.500000000000000000e+01 8.000000000000000000e+00 0.000000000000000000e+00 1.600000000000000089e+00 1.113999999999999973e-03 -4.447000000000000432e-03 -9.999900000000000455e-01 4.442980000000000262e-01 8.958730000000000304e-01 -3.488999999999999914e-03 8.958789999999999809e-01 -4.442889999999999895e-01 2.972999999999999948e-03
3.000000000000000000e+01 2.500000000000000000e+01 8.000000000000000000e+00 0.000000000000000000e+00 1.600000000000000089e+00 9.779999999999999197e-04 1.182300000000000018e-02 -9.999299999999999855e-01 4.446419999999999817e-01 8.956410000000000204e-01 1.102500000000000008e-02 8.957079999999999487e-01 -4.446209999999999885e-01 -4.381000000000000345e-03
5.000000000000000000e+00 9.000000000000000000e+00 9.000000000000000000e+00 0.000000000000000000e+00 1.600000000000000089e+00 3.448999999999999809e-03 -8.212999999999999814e-03 -9.999599999999999600e-01 -9.433850000000000291e-01 -3.316990000000000216e-01 -5.299999999999999807e-04 -3.316819999999999768e-01 9.433489999999999931e-01 -8.892000000000000598e-03
1.200000000000000000e+01 9.000000000000000000e+00 9.000000000000000000e+00 0.000000000000000000e+00 1.600000000000000089e+00 -2.072299999999999837e-02 -2.302999999999999839e-02 -9.995199999999999640e-01 -9.462080000000000490e-01 -3.224270000000000191e-01 2.704700000000000160e-02 -3.228949999999999876e-01 9.463139999999999885e-01 -1.511000000000000017e-02
4.000000000000000000e+00 2.400000000000000000e+01 9.000000000000000000e+00 0.000000000000000000e+00 1.600000000000000089e+00 2.622999999999999898e-03 9.726999999999999535e-03 -9.999489999999999768e-01 4.523630000000000151e-01 8.917789999999999884e-01 9.860999999999999974e-03 8.918300000000000116e-01 -4.523659999999999903e-01 -2.060999999999999898e-03
7.000000000000000000e+00 2.400000000000000000e+01 9.000000000000000000e+00 0.000000000000000000e+00 1.600000000000000089e+00 1.201000000000000028e-03 1.848000000000000033e-03 -9.999980000000000535e-01 4.514770000000000172e-01 8.922799999999999621e-01 2.190999999999999805e-03 8.922820000000000196e-01 -4.514790000000000192e-01 2.369999999999999874e-04
1.300000000000000000e+01 2.400000000000000000e+01 9.000000000000000000e+00 0.000000000000000000e+00 1.600000000000000089e+00 -1.221000000000000080e-03 -1.843999999999999936e-03 -9.999980000000000535e-01 4.534949999999999815e-01 8.912560000000000482e-01 -2.197000000000000168e-03 8.912579999999999947e-01 -4.534969999999999835e-01 -2.519999999999999996e-04
1.600000000000000000e+01 2.400000000000000000e+01 9.000000000000000000e+00 0.000000000000000000e+00 1.600000000000000089e+00 -6.200000000000000270e-05 -2.867000000000000191e-03 -9.999959999999999960e-01 4.547010000000000218e-01 8.906399999999999872e-01 -2.580999999999999961e-03 8.906439999999999912e-01 -4.546999999999999931e-01 1.247999999999999977e-03
2.200000000000000000e+01 2.400000000000000000e+01 9.000000000000000000e+00 0.000000000000000000e+00 1.600000000000000089e+00 1.028000000000000051e-03 -1.464999999999999939e-03 -9.999980000000000535e-01 4.532459999999999822e-01 8.913849999999999829e-01 -8.400000000000000348e-04 8.913849999999999829e-01 -4.532450000000000090e-01 1.580999999999999940e-03
3.000000000000000000e+01 2.400000000000000000e+01 9.000000000000000000e+00 0.000000000000000000e+00 1.600000000000000089e+00 1.830000000000000029e-04 1.237899999999999938e-02 -9.999230000000000063e-01 4.528650000000000175e-01 8.915100000000000247e-01 1.111999999999999968e-02 8.915790000000000104e-01 -4.528329999999999855e-01 -5.442999999999999922e-03
7.000000000000000000e+00 3.500000000000000000e+01 1.200000000000000000e+01 0.000000000000000000e+00 1.600000000000000089e+00 1.562999999999999936e-03 7.519999999999999558e-04 -9.999989999999999712e-01 4.598380000000000245e-01 -8.880029999999999868e-01 5.099999999999999960e-05 -8.880019999999999580e-01 -4.598369999999999957e-01 -1.734000000000000081e-03
1.000000000000000000e+01 3.500000000000000000e+01 1.200000000000000000e+01 0.000000000000000000e+00 1.600000000000000089e+00 1.013999999999999927e-03 -3.592000000000000141e-03 -9.999930000000000208e-01 4.676279999999999881e-01 -8.839179999999999815e-01 3.648999999999999900e-03 -8.839249999999999607e-01 -4.676290000000000169e-01 7.829999999999999504e-04
1.300000000000000000e+01 3.500000000000000000e+01 1.200000000000000000e+01 0.000000000000000000e+00 1.600000000000000089e+00 8.429999999999999993e-04 -1.080000000000000014e-03 -9.999989999999999712e-01 4.724599999999999911e-01 -8.813509999999999955e-01 1.350000000000000071e-03 -8.813520000000000243e-01 -4.724599999999999911e-01 -2.329999999999999986e-04
1.700000000000000000e+01 3.500000000000000000e+01 1.200000000000000000e+01 0.000000000000000000e+00 1.600000000000000089e+00 -2.445999999999999824e-03 1.734000000000000081e-03 -9.999959999999999960e-01 4.710340000000000082e-01 -8.821109999999999784e-01 -2.681999999999999922e-03 -8.821109999999999784e-01 -4.710389999999999855e-01 1.340999999999999961e-03
2.600000000000000000e+01 3.500000000000000000e+01 1.200000000000000000e+01 0.000000000000000000e+00 1.600000000000000089e+00 -8.469999999999999881e-04 1.079000000000000098e-03 -9.999989999999999712e-01 4.669179999999999997e-01 -8.842999999999999750e-01 -1.348999999999999939e-03 -8.842999999999999750e-01 -4.669179999999999997e-01 2.449999999999999921e-04
1.100000000000000000e+01 3.200000000000000000e+01 1.400000000000000000e+01 0.000000000000000000e+00 1.600000000000000089e+00 -1.900000000000000105e-05 2.164999999999999824e-03 -9.999980000000000535e-01 1.032799999999999968e-01 9.946500000000000341e-01 2.151999999999999833e-03 9.946519999999999806e-01 -1.032789999999999958e-01 -2.420000000000000005e-04
1.800000000000000000e+01 3.200000000000000000e+01 1.400000000000000000e+01 0.000000000000000000e+00 1.600000000000000089e+00 8.880000000000000089e-04 -6.102999999999999918e-03 -9.999810000000000088e-01 1.034869999999999957e-01 9.946129999999999693e-01 -5.977999999999999807e-03 9.946300000000000141e-01 -1.034800000000000025e-01 1.515000000000000071e-03
2.500000000000000000e+01 3.200000000000000000e+01 1.400000000000000000e+01 0.000000000000000000e+00 1.600000000000000089e+00 1.221999999999999996e-03 9.770000000000000039e-04 -9.999989999999999712e-01 9.633099999999999996e-02 9.953490000000000393e-01 1.090999999999999956e-03 9.953490000000000393e-01 -9.633300000000000196e-02 1.121999999999999950e-03
8.000000000000000000e+00 1.160000000000000000e+02 1.600000000000000000e+01 0.000000000000000000e+00 1.600000000000000089e+00 6.999999999999999929e-04 1.116999999999999937e-03 9.999989999999999712e-01 7.051800000000000290e-01 7.090269999999999628e-01 -1.286000000000000034e-03 -7.090279999999999916e-01 7.051800000000000290e-01 -2.919999999999999961e-04
1.600000000000000000e+01 1.160000000000000000e+02 1.600000000000000000e+01 0.000000000000000000e+00 1.600000000000000089e+00 -1.435999999999999993e-03 4.479999999999999933e-04 9.999989999999999712e-01 7.577869999999999884e-01 6.525020000000000264e-01 7.960000000000000495e-04 -6.525009999999999977e-01 7.577869999999999884e-01 -1.276000000000000007e-03
3.000000000000000000e+01 1.160000000000000000e+02 1.600000000000000000e+01 0.000000000000000000e+00 1.600000000000000089e+00 8.109999999999999805e-04 -3.200000000000000153e-03 9.999949999999999672e-01 7.464279999999999804e-01 6.654649999999999732e-01 1.523999999999999964e-03 -6.654660000000000020e-01 7.464229999999999476e-01 2.928000000000000047e-03
8.000000000000000000e+00 2.000000000000000000e+00 1.900000000000000000e+01 0.000000000000000000e+00 1.600000000000000089e+00 9.970000000000000563e-04 5.976000000000000409e-03 -9.999820000000000375e-01 3.266160000000000174e-01 -9.451420000000000377e-01 -5.322999999999999607e-03 -9.451570000000000249e-01 -3.266040000000000054e-01 -2.893999999999999871e-03
1.300000000000000000e+01 2.000000000000000000e+00 1.900000000000000000e+01 0.000000000000000000e+00 1.600000000000000089e+00 -3.119999999999999944e-04 -4.904000000000000373e-03 -9.999879999999999880e-01 3.297260000000000191e-01 -9.440659999999999608e-01 4.526999999999999774e-03 -9.440770000000000550e-01 -3.297200000000000131e-01 1.912000000000000071e-03
1.900000000000000000e+01 2.000000000000000000e+00 1.900000000000000000e+01 0.000000000000000000e+00 1.600000000000000089e+00 -6.419999999999999925e-04 6.578999999999999779e-03 -9.999780000000000335e-01 3.351790000000000047e-01 -9.421329999999999982e-01 -6.413000000000000297e-03 -9.421540000000000470e-01 -3.351759999999999740e-01 -1.600000000000000077e-03
2.400000000000000000e+01 2.000000000000000000e+00 1.900000000000000000e+01 0.000000000000000000e+00 1.600000000000000089e+00 3.559999999999999797e-04 3.831999999999999903e-03 -9.999930000000000208e-01 3.428999999999999826e-01 -9.393650000000000055e-01 -3.478000000000000189e-03 -9.393719999999999848e-01 -3.428959999999999786e-01 -1.649000000000000075e-03
2.900000000000000000e+01 2.000000000000000000e+00 1.900000000000000000e+01 0.000000000000000000e+00 1.600000000000000089e+00 2.109999999999999896e-03 -7.229000000000000183e-03 -9.999719999999999720e-01 3.454980000000000273e-01 -9.383890000000000287e-01 7.511999999999999580e-03 -9.384169999999999456e-01 -3.455039999999999778e-01 5.180000000000000143e-04
2.000000000000000000e+00 1.300000000000000000e+01 2.000000000000000000e+01 0.000000000000000000e+00 1.600000000000000089e+00 -9.990000000000001049e-04 1.090000000000000067e-04 9.999989999999999712e-01 2.621959999999999846e-01 9.650149999999999562e-01 1.569999999999999944e-04 -9.650140000000000384e-01 2.621959999999999846e-01 -9.920000000000000432e-04
7.000000000000000000e+00 1.300000000000000000e+01 2.000000000000000000e+01 0.000000000000000000e+00 1.600000000000000089e+00 1.582000000000000073e-03 -2.680000000000000090e-04 9.999989999999999712e-01 2.625469999999999748e-01 9.649189999999999712e-01 -1.569999999999999944e-04 -9.649180000000000534e-01 2.625469999999999748e-01 1.595999999999999979e-03
1.200000000000000000e+01 1.300000000000000000e+01 2.000000000000000000e+01 0.000000000000000000e+00 1.600000000000000089e+00 -8.570000000000000144e-04 3.879999999999999985e-04 1.000000000000000000e+00 2.642450000000000077e-01 9.644559999999999800e-01 -1.479999999999999925e-04 -9.644549999999999512e-01 2.642439999999999789e-01 -9.290000000000000297e-04
1.500000000000000000e+01 1.300000000000000000e+01 2.000000000000000000e+01 0.000000000000000000e+00 1.600000000000000089e+00 -1.590000000000000050e-03 9.439999999999999607e-04 9.999980000000000535e-01 2.649590000000000001e-01 9.642600000000000060e-01 -4.889999999999999599e-04 -9.642579999999999485e-01 2.649569999999999981e-01 -1.783999999999999996e-03
2.000000000000000000e+01 1.300000000000000000e+01 2.000000000000000000e+01 0.000000000000000000e+00 1.600000000000000089e+00 1.185999999999999988e-03 -4.107999999999999673e-03 9.999909999999999632e-01 2.623989999999999934e-01 9.649529999999999497e-01 3.652999999999999997e-03 -9.649590000000000112e-01 2.623920000000000141e-01 2.223000000000000149e-03
2.300000000000000000e+01 1.300000000000000000e+01 2.000000000000000000e+01 0.000000000000000000e+00 1.600000000000000089e+00 2.056000000000000102e-03 -2.490000000000000026e-03 9.999949999999999672e-01 2.609690000000000065e-01 9.653450000000000086e-01 1.868000000000000086e-03 -9.653450000000000086e-01 2.609630000000000005e-01 2.634000000000000057e-03
5.000000000000000000e+00 3.000000000000000000e+00 2.500000000000000000e+01 0.000000000000000000e+00 1.600000000000000089e+00 -4.190000000000000148e-03 6.200999999999999915e-03 9.999719999999999720e-01 5.039999999999999992e-04 -9.999810000000000088e-01 6.203000000000000180e-03 9.999909999999999632e-01 5.299999999999999807e-04 4.186999999999999750e-03
9.000000000000000000e+00 3.000000000000000000e+00 2.500000000000000000e+01 0.000000000000000000e+00 1.600000000000000089e+00 -3.769999999999999914e-03 8.339999999999999974e-04 9.999919999999999920e-01 9.039000000000000160e-03 -9.999590000000000423e-01 8.679999999999999565e-04 9.999519999999999520e-01 9.041999999999999690e-03 3.762000000000000153e-03
2.000000000000000000e+00 4.600000000000000000e+01 2.700000000000000000e+01 0.000000000000000000e+00 1.600000000000000089e+00 3.620000000000000171e-04 3.363000000000000104e-03 -9.999940000000000495e-01 6.672120000000000273e-01 7.448620000000000241e-01 2.746999999999999876e-03 7.448669999999999458e-01 -6.672099999999999698e-01 -1.974000000000000060e-03
2.600000000000000000e+01 4.600000000000000000e+01 2.700000000000000000e+01 0.000000000000000000e+00 1.600000000000000089e+00 -1.680000000000000070e-03 -1.250000000000000026e-03 -9.999980000000000535e-01 6.634050000000000225e-01 7.482569999999999499e-01 -2.050000000000000173e-03 7.482579999999999787e-01 -6.634069999999999689e-01 -4.279999999999999950e-04
2.600000000000000000e+01 4.600000000000000000e+01 3.000000000000000000e+01 0.000000000000000000e+00 1.600000000000000089e+00 -1.394999999999999973e-03 4.459999999999999989e-04 -9.999989999999999712e-01 3.272050000000000236e-01 9.449539999999999607e-01 -3.499999999999999693e-05 9.449520000000000142e-01 -3.272039999999999949e-01 -1.464999999999999939e-03
5.000000000000000000e+00 5.800000000000000000e+01 3.100000000000000000e+01 0.000000000000000000e+00 1.600000000000000089e+00 -5.640000000000000482e-04 3.900999999999999954e-03 9.999919999999999920e-01 -7.520390000000000130e-01 -6.591160000000000352e-01 2.147000000000000037e-03 6.591190000000000104e-01 -7.520320000000000338e-01 3.305000000000000212e-03
1.500000000000000000e+01 5.800000000000000000e+01 3.100000000000000000e+01 0.000000000000000000e+00 1.600000000000000089e+00 -7.386000000000000204e-03 -1.535599999999999986e-02 9.998550000000000493e-01 -7.597589999999999621e-01 -6.500179999999999847e-01 -1.559499999999999949e-02 6.501630000000000464e-01 -7.597639999999999949e-01 -6.865999999999999708e-03
2.500000000000000000e+01 5.800000000000000000e+01 3.100000000000000000e+01 0.000000000000000000e+00 1.600000000000000089e+00 3.654999999999999829e-03 -2.860000000000000129e-04 9.999930000000000208e-01 -7.638279999999999514e-01 -6.454140000000000432e-01 2.608000000000000075e-03 6.454090000000000105e-01 -7.638329999999999842e-01 -2.577999999999999996e-03
3.000000000000000000e+01 5.800000000000000000e+01 3.100000000000000000e+01 0.000000000000000000e+00 1.600000000000000089e+00 1.080000000000000014e-03 1.245000000000000013e-03 9.999989999999999712e-01 -7.631630000000000358e-01 -6.462040000000000006e-01 1.629000000000000023e-03 6.462050000000000294e-01 -7.631639999999999535e-01 2.519999999999999996e-04
4.000000000000000000e+00 2.300000000000000000e+01 3.400000000000000000e+01 0.000000000000000000e+00 1.600000000000000089e+00 9.590000000000000000e-04 -1.335999999999999948e-03 9.999989999999999712e-01 3.973700000000000010e-01 -9.176569999999999450e-01 -1.606999999999999922e-03 9.176579999999999737e-01 3.973709999999999742e-01 -3.490000000000000263e-04
3.000000000000000000e+00 4.600000000000000000e+01 3.500000000000000000e+01 0.000000000000000000e+00 1.600000000000000089e+00 1.000999999999999937e-03 1.232000000000000022e-03 -9.999989999999999712e-01 3.900910000000000211e-01 -9.207760000000000389e-01 -7.439999999999999782e-04 -9.207760000000000389e-01 -3.900899999999999923e-01 -1.402999999999999950e-03
7.000000000000000000e+00 4.600000000000000000e+01 3.500000000000000000e+01 0.000000000000000000e+00 1.600000000000000089e+00 1.051999999999999984e-03 7.630000000000000063e-04 -9.999989999999999712e-01 3.898659999999999903e-01 -9.208720000000000239e-01 -2.930000000000000204e-04 -9.208709999999999951e-01 -3.898650000000000171e-01 -1.265999999999999981e-03
1.000000000000000000e+01 4.600000000000000000e+01 3.500000000000000000e+01 0.000000000000000000e+00 1.600000000000000089e+00 -3.170000000000000075e-04 9.060000000000000128e-04 -1.000000000000000000e+00 3.896959999999999869e-01 -9.209429999999999561e-01 -9.579999999999999757e-04 -9.209439999999999849e-01 -3.896959999999999869e-01 -6.099999999999999872e-05
1.500000000000000000e+01 4.600000000000000000e+01 3.500000000000000000e+01 0.000000000000000000e+00 1.600000000000000089e+00 -5.469999999999999602e-04 -2.386999999999999799e-03 -9.999970000000000248e-01 3.907640000000000002e-01 -9.204890000000000017e-01 1.982999999999999954e-03 -9.204909999999999481e-01 -3.907619999999999982e-01 1.435999999999999993e-03
2.200000000000000000e+01 4.600000000000000000e+01 3.500000000000000000e+01 0.000000000000000000e+00 1.600000000000000089e+00 1.050000000000000044e-04 -3.506000000000000002e-03 -9.999940000000000495e-01 3.914409999999999834e-01 -9.201970000000000427e-01 3.266999999999999939e-03 -9.202029999999999932e-01 -3.914389999999999814e-01 1.276000000000000007e-03
2.600000000000000000e+01 4.600000000000000000e+01 3.500000000000000000e+01 0.000000000000000000e+00 1.600000000000000089e+00 7.849999999999999990e-04 4.847999999999999879e-03 -9.999879999999999880e-01 3.907269999999999910e-01 -9.204970000000000097e-01 -4.155999999999999972e-03 -9.205060000000000464e-01 -3.907189999999999830e-01 -2.616999999999999969e-03
5.000000000000000000e+00 2.900000000000000000e+01 4.400000000000000000e+01 0.000000000000000000e+00 1.600000000000000089e+00 4.979999999999999618e-04 1.487999999999999956e-03 -9.999989999999999712e-01 6.558110000000000328e-01 7.549240000000000395e-01 1.449999999999999900e-03 7.549249999999999572e-01 -6.558110000000000328e-01 -5.999999999999999474e-04
9.000000000000000000e+00 2.900000000000000000e+01 4.400000000000000000e+01 0.000000000000000000e+00 1.600000000000000089e+00 1.210000000000000002e-04 1.118000000000000070e-03 -9.999989999999999712e-01 6.598319999999999741e-01 7.514129999999999976e-01 9.200000000000000278e-04 7.514129999999999976e-01 -6.598319999999999741e-01 -6.470000000000000057e-04
1.500000000000000000e+01 2.900000000000000000e+01 4.400000000000000000e+01 0.000000000000000000e+00 1.600000000000000089e+00 2.037000000000000182e-03 -7.360000000000000006e-04 -9.999980000000000535e-01 6.621179999999999843e-01 7.493990000000000373e-01 7.969999999999999654e-04 7.493969999999999798e-01 -6.621179999999999843e-01 2.014000000000000165e-03
2.000000000000000000e+01 2.900000000000000000e+01 4.400000000000000000e+01 0.000000000000000000e+00 1.600000000000000089e+00 -1.753000000000000001e-03 4.530000000000000172e-03 -9.999879999999999880e-01 6.572820000000000329e-01 7.536410000000000053e-01 2.262000000000000122e-03 7.536429999999999518e-01 -6.572700000000000209e-01 -4.298999999999999870e-03
2.700000000000000000e+01 2.900000000000000000e+01 4.400000000000000000e+01 0.000000000000000000e+00 1.600000000000000089e+00 -1.090000000000000040e-03 -8.394999999999999685e-03 -9.999639999999999640e-01 6.669869999999999965e-01 7.450360000000000316e-01 -6.982000000000000359e-03 7.450679999999999525e-01 -6.669709999999999805e-01 4.786999999999999589e-03
1.900000000000000000e+01 5.000000000000000000e+00 5.100000000000000000e+01 0.000000000000000000e+00 1.600000000000000089e+00 -3.327000000000000096e-03 -3.033000000000000106e-03 -9.999900000000000455e-01 4.926740000000000008e-01 -8.702140000000000430e-01 1.000000000000000021e-03 -8.702079999999999815e-01 -4.926650000000000196e-01 4.388999999999999672e-03
2.600000000000000000e+01 5.000000000000000000e+00 5.100000000000000000e+01 0.000000000000000000e+00 1.600000000000000089e+00 3.717999999999999951e-03 -6.245999999999999816e-03 -9.999740000000000295e-01 4.880430000000000046e-01 -8.727890000000000370e-01 7.267000000000000022e-03 -8.728120000000000323e-01 -4.880570000000000186e-01 -1.969999999999999909e-04
1.400000000000000000e+01 1.150000000000000000e+02 5.100000000000000000e+01 0.000000000000000000e+00 1.600000000000000089e+00 -1.515999999999999986e-03 -3.363000000000000104e-03 9.999930000000000208e-01 8.461600000000000232e-01 -5.329279999999999573e-01 -5.100000000000000366e-04 5.329260000000000108e-01 8.461539999999999617e-01 3.652999999999999997e-03
4.000000000000000000e+00 7.000000000000000000e+00 5.200000000000000000e+01 0.000000000000000000e+00 1.600000000000000089e+00 -3.269999999999999903e-03 1.195000000000000099e-03 -9.999940000000000495e-01 1.172559999999999991e-01 -9.931010000000000115e-01 -1.569999999999999998e-03 -9.930959999999999788e-01 -1.172600000000000031e-01 3.106999999999999953e-03
2.400000000000000000e+01 7.000000000000000000e+00 5.200000000000000000e+01 0.000000000000000000e+00 1.600000000000000089e+00 -1.881000000000000076e-03 -3.612999999999999892e-03 -9.999919999999999920e-01 1.088599999999999984e-01 -9.940510000000000179e-01 3.386999999999999820e-03 -9.940550000000000219e-01 -1.088530000000000053e-01 2.262999999999999821e-03
2.000000000000000000e+00 6.300000000000000000e+01 5.400000000000000000e+01 0.000000000000000000e+00 1.600000000000000089e+00 1.180000000000000059e-03 -5.628000000000000190e-03 9.999829999999999552e-01 -3.429650000000000198e-01 9.393310000000000271e-01 5.690999999999999878e-03 -9.393479999999999608e-01 -3.429659999999999931e-01 -8.220000000000000310e-04
6.000000000000000000e+00 6.300000000000000000e+01 5.400000000000000000e+01 0.000000000000000000e+00 1.600000000000000089e+00 1.410000000000000120e-04 -3.412000000000000102e-03 9.999940000000000495e-01 -3.397459999999999924e-01 9.405120000000000147e-01 3.256000000000000213e-03 -9.405170000000000474e-01 -3.397439999999999904e-01 -1.026999999999999918e-03
8.000000000000000000e+00 6.300000000000000000e+01 5.400000000000000000e+01 0.000000000000000000e+00 1.600000000000000089e+00 4.070000000000000267e-04 -5.900000000000000296e-04 1.000000000000000000e+00 -3.390639999999999765e-01 9.407630000000000159e-01 6.930000000000000396e-04 -9.407630000000000159e-01 -3.390650000000000053e-01 1.830000000000000029e-04
1.300000000000000000e+01 6.300000000000000000e+01 5.400000000000000000e+01 0.000000000000000000e+00 1.600000000000000089e+00 3.750000000000000078e-04 1.126999999999999964e-03 9.999989999999999712e-01 -3.413649999999999740e-01 9.399300000000000432e-01 -9.309999999999999699e-04 -9.399309999999999610e-01 -3.413640000000000008e-01 7.370000000000000249e-04
1.900000000000000000e+01 6.300000000000000000e+01 5.400000000000000000e+01 0.000000000000000000e+00 1.600000000000000089e+00 -2.919999999999999961e-04 1.520000000000000084e-04 1.000000000000000000e+00 -3.407800000000000273e-01 9.401429999999999509e-01 -2.420000000000000005e-04 -9.401429999999999509e-01 -3.407810000000000006e-01 -2.229999999999999994e-04
2.600000000000000000e+01 6.300000000000000000e+01 5.400000000000000000e+01 0.000000000000000000e+00 1.600000000000000089e+00 8.009999999999999542e-04 1.543000000000000101e-03 9.999989999999999712e-01 -3.469559999999999866e-01 9.378809999999999647e-01 -1.168999999999999900e-03 -9.378809999999999647e-01 -3.469550000000000134e-01 1.286000000000000034e-03
3.000000000000000000e+00 2.500000000000000000e+01 5.500000000000000000e+01 0.000000000000000000e+00 1.600000000000000089e+00 -2.199999999999999943e-05 -2.835999999999999979e-03 -9.999959999999999960e-01 -1.072299999999999989e-02 -9.999379999999999935e-01 2.835999999999999979e-03 -9.999419999999999975e-01 1.072299999999999989e-02 -7.999999999999999638e-06
8.000000000000000000e+00 2.500000000000000000e+01 5.500000000000000000e+01 0.000000000000000000e+00 1.600000000000000089e+00 -9.829999999999999329e-04 5.699999999999999772e-04 -9.999989999999999712e-01 -1.032800000000000037e-02 -9.999470000000000303e-01 -5.599999999999999509e-04 -9.999460000000000015e-01 1.032699999999999937e-02 9.890000000000000787e-04
1.900000000000000000e+01 2.500000000000000000e+01 5.500000000000000000e+01 0.000000000000000000e+00 1.600000000000000089e+00 1.356999999999999916e-03 -4.270000000000000358e-03 -9.999900000000000455e-01 -1.266100000000000038e-02 -9.999109999999999943e-01 4.251999999999999703e-03 -9.999190000000000023e-01 1.265600000000000058e-02 -1.410999999999999928e-03
4.000000000000000000e+00 2.100000000000000000e+01 6.000000000000000000e+01 0.000000000000000000e+00 1.600000000000000089e+00 3.310000000000000225e-04 -1.599999999999999928e-05 1.000000000000000000e+00 -9.290400000000000047e-02 9.956749999999999767e-01 4.699999999999999724e-05 -9.956749999999999767e-01 -9.290400000000000047e-02 3.280000000000000038e-04
1.100000000000000000e+01 2.100000000000000000e+01 6.000000000000000000e+01 0.000000000000000000e+00 1.600000000000000089e+00 2.530000000000000239e-04 -7.740999999999999617e-03 9.999700000000000255e-01 -9.352900000000000102e-02 9.955869999999999997e-01 7.731000000000000025e-03 -9.956169999999999742e-01 -9.352800000000000002e-02 -4.719999999999999803e-04
1.800000000000000000e+01 2.100000000000000000e+01 6.000000000000000000e+01 0.000000000000000000e+00 1.600000000000000089e+00 -1.074000000000000085e-03 -2.180000000000000134e-04 9.999989999999999712e-01 -9.421499999999999320e-02 9.955519999999999925e-01 1.150000000000000035e-04 -9.955509999999999637e-01 -9.421499999999999320e-02 -1.090000000000000040e-03
2.700000000000000000e+01 2.100000000000000000e+01 6.000000000000000000e+01 0.000000000000000000e+00 1.600000000000000089e+00 1.366000000000000027e-03 3.284000000000000027e-03 9.999940000000000495e-01 -9.351700000000000290e-02 9.956129999999999702e-01 -3.141999999999999828e-03 -9.956169999999999742e-01 -9.351199999999999790e-02 1.667000000000000079e-03
5.000000000000000000e+00 3.000000000000000000e+00 6.300000000000000000e+01 0.000000000000000000e+00 1.600000000000000089e+00 -6.939999999999999555e-04 5.800000000000000034e-04 1.000000000000000000e+00 -6.178890000000000216e-01 7.862649999999999917e-01 -8.850000000000000444e-04 -7.862649999999999917e-01 -6.178890000000000216e-01 -1.869999999999999917e-04
2.000000000000000000e+00 2.700000000000000000e+01 6.300000000000000000e+01 0.000000000000000000e+00 1.600000000000000089e+00 -2.570000000000000127e-04 -2.748000000000000009e-03 9.999959999999999960e-01 -2.771680000000000255e-01 9.608179999999999499e-01 2.569999999999999802e-03 -9.608219999999999539e-01 -2.771660000000000235e-01 -1.007999999999999998e-03
9.000000000000000000e+00 2.700000000000000000e+01 6.300000000000000000e+01 0.000000000000000000e+00 1.600000000000000089e+00 1.824000000000000100e-03 2.978999999999999877e-03 9.999940000000000495e-01 -2.770619999999999750e-01 9.608489999999999531e-01 -2.357000000000000154e-03 -9.608499999999999819e-01 -2.770560000000000245e-01 2.577999999999999996e-03
1.600000000000000000e+01 2.700000000000000000e+01 6.300000000000000000e+01 0.000000000000000000e+00 1.600000000000000089e+00 -9.560000000000000355e-04 1.758999999999999930e-03 9.999980000000000535e-01 -2.729570000000000052e-01 9.620239999999999903e-01 -1.953000000000000092e-03 -9.620260000000000478e-01 -2.729590000000000072e-01 -4.400000000000000157e-04
2.100000000000000000e+01 2.700000000000000000e+01 6.300000000000000000e+01 0.000000000000000000e+00 1.600000000000000089e+00 8.339999999999999974e-04 -3.567999999999999991e-03 9.999930000000000208e-01 -2.720049999999999968e-01 9.622889999999999500e-01 3.660000000000000059e-03 -9.622960000000000402e-01 -2.720060000000000255e-01 -1.679999999999999907e-04
2.700000000000000000e+01 2.700000000000000000e+01 6.300000000000000000e+01 0.000000000000000000e+00 1.600000000000000089e+00 3.533000000000000116e-03 6.952999999999999979e-03 9.999700000000000255e-01 -2.709199999999999942e-01 9.625850000000000239e-01 -5.735999999999999779e-03 -9.625949999999999784e-01 -2.708909999999999929e-01 5.283999999999999635e-03
3.000000000000000000e+00 2.600000000000000000e+01 6.400000000000000000e+01 0.000000000000000000e+00 1.600000000000000089e+00 -4.600000000000000004e-05 -3.640000000000000006e-03 9.999930000000000208e-01 -3.698270000000000168e-01 9.290950000000000042e-01 3.364999999999999936e-03 -9.291009999999999547e-01 -3.698239999999999861e-01 -1.389000000000000044e-03
7.000000000000000000e+00 2.600000000000000000e+01 6.400000000000000000e+01 0.000000000000000000e+00 1.600000000000000089e+00 1.048000000000000103e-03 -1.062999999999999926e-03 9.999989999999999712e-01 -3.699129999999999918e-01 9.290650000000000297e-01 1.374999999999999920e-03 -9.290659999999999474e-01 -3.699140000000000206e-01 5.810000000000000277e-04
1.000000000000000000e+01 2.600000000000000000e+01 6.400000000000000000e+01 0.000000000000000000e+00 1.600000000000000089e+00 1.549000000000000030e-03 5.048000000000000403e-03 9.999860000000000415e-01 -3.675709999999999811e-01 9.299859999999999793e-01 -4.125000000000000194e-03 -9.299939999999999873e-01 -3.675590000000000246e-01 3.295999999999999885e-03
2.100000000000000000e+01 2.600000000000000000e+01 6.400000000000000000e+01 0.000000000000000000e+00 1.600000000000000089e+00 1.010999999999999963e-03 -4.100999999999999611e-03 9.999909999999999632e-01 -3.611759999999999970e-01 9.324879999999999836e-01 4.189000000000000015e-03 -9.324970000000000203e-01 -3.611770000000000258e-01 -5.389999999999999826e-04
2.400000000000000000e+01 2.600000000000000000e+01 6.400000000000000000e+01 0.000000000000000000e+00 1.600000000000000089e+00 1.129999999999999955e-04 7.029999999999999574e-04 1.000000000000000000e+00 -3.617790000000000172e-01 9.322639999999999816e-01 -6.149999999999999868e-04 -9.322639999999999816e-01 -3.617790000000000172e-01 3.589999999999999984e-04
2.700000000000000000e+01 2.600000000000000000e+01 6.400000000000000000e+01 0.000000000000000000e+00 1.600000000000000089e+00 3.067999999999999981e-03 6.450000000000000004e-03 9.999740000000000295e-01 -3.597369999999999735e-01 9.330410000000000093e-01 -4.915000000000000098e-03 -9.330490000000000173e-01 -3.597130000000000050e-01 5.183000000000000107e-03
7.000000000000000000e+00 2.500000000000000000e+01 7.300000000000000000e+01 0.000000000000000000e+00 1.600000000000000089e+00 -1.131999999999999977e-03 2.932000000000000144e-03 9.999949999999999672e-01 7.494939999999999936e-01 -6.620049999999999546e-01 2.788999999999999813e-03 6.620099999999999874e-01 7.494939999999999936e-01 -1.448999999999999984e-03
1.000000000000000000e+01 2.500000000000000000e+01 7.300000000000000000e+01 0.000000000000000000e+00 1.600000000000000089e+00 -2.180000000000000080e-03 -2.831000000000000183e-03 9.999940000000000495e-01 7.510829999999999451e-01 -6.602080000000000171e-01 -2.320000000000000014e-04 6.602040000000000131e-01 7.510780000000000234e-01 3.566000000000000159e-03
1.300000000000000000e+01 2.500000000000000000e+01 7.300000000000000000e+01 0.000000000000000000e+00 1.600000000000000089e+00 -3.374999999999999962e-03 -7.428999999999999840e-03 9.999670000000000503e-01 7.522299999999999542e-01 -6.588960000000000372e-01 -2.356000000000000021e-03 6.588920000000000332e-01 7.521970000000000045e-01 7.812000000000000367e-03
1.800000000000000000e+01 2.500000000000000000e+01 7.300000000000000000e+01 0.000000000000000000e+00 1.600000000000000089e+00 -1.642999999999999929e-03 -2.438000000000000063e-03 9.999959999999999960e-01 7.542649999999999633e-01 -6.565699999999999870e-01 -3.620000000000000171e-04 6.565680000000000405e-01 7.542609999999999593e-01 2.918000000000000021e-03
2.400000000000000000e+01 2.500000000000000000e+01 7.300000000000000000e+01 0.000000000000000000e+00 1.600000000000000089e+00 -9.430000000000000448e-04 2.358999999999999986e-03 9.999970000000000248e-01 7.512830000000000341e-01 -6.599760000000000071e-01 2.265000000000000086e-03 6.599800000000000111e-01 7.512830000000000341e-01 -1.149999999999999981e-03
5.000000000000000000e+00 4.400000000000000000e+01 7.300000000000000000e+01 0.000000000000000000e+00 1.600000000000000089e+00 -2.300000000000000070e-04 2.730000000000000222e-04 1.000000000000000000e+00 5.134400000000000075e-02 -9.986810000000000409e-01 2.840000000000000185e-04 9.986810000000000409e-01 5.134400000000000075e-02 2.159999999999999919e-04
1.000000000000000000e+01 4.400000000000000000e+01 7.300000000000000000e+01 0.000000000000000000e+00 1.600000000000000089e+00 -9.730000000000000151e-04 -1.399000000000000070e-03 9.999989999999999712e-01 5.067300000000000276e-02 -9.987139999999999906e-01 -1.348000000000000023e-03 9.987150000000000194e-01 5.067200000000000176e-02 1.043000000000000090e-03
1.900000000000000000e+01 4.400000000000000000e+01 7.300000000000000000e+01 0.000000000000000000e+00 1.600000000000000089e+00 -1.030000000000000100e-03 -1.302999999999999905e-03 9.999989999999999712e-01 5.339800000000000102e-02 -9.985730000000000439e-01 -1.245999999999999929e-03 9.985730000000000439e-01 5.339700000000000002e-02 1.098000000000000018e-03
2.800000000000000000e+01 4.400000000000000000e+01 7.300000000000000000e+01 0.000000000000000000e+00 1.600000000000000089e+00 -6.359999999999999551e-04 3.644000000000000104e-03 9.999930000000000208e-01 5.281600000000000183e-02 -9.985979999999999857e-01 3.671999999999999917e-03 9.986040000000000472e-01 5.281799999999999690e-02 4.429999999999999802e-04
2.800000000000000000e+01 5.100000000000000000e+01 7.600000000000000000e+01 0.000000000000000000e+00 1.600000000000000089e+00 2.343000000000000031e-03 -1.087000000000000076e-03 -9.999970000000000248e-01 -4.022279999999999744e-01 -9.155389999999999917e-01 5.199999999999999680e-05 -9.155360000000000165e-01 4.022270000000000012e-01 -2.582000000000000094e-03
3.000000000000000000e+00 9.100000000000000000e+01 7.600000000000000000e+01 0.000000000000000000e+00 1.600000000000000089e+00 2.889999999999999774e-04 8.200000000000000095e-05 1.000000000000000000e+00 3.023290000000000144e-01 -9.532040000000000513e-01 -9.000000000000000228e-06 9.532030000000000225e-01 3.023290000000000144e-01 -2.999999999999999737e-04
8.000000000000000000e+00 9.100000000000000000e+01 7.600000000000000000e+01 0.000000000000000000e+00 1.600000000000000089e+00 -5.599999999999999916e-05 7.919999999999999523e-04 1.000000000000000000e+00 3.122559999999999780e-01 -9.499980000000000091e-01 7.699999999999999597e-04 9.499980000000000091e-01 3.122559999999999780e-01 -1.939999999999999993e-04
1.300000000000000000e+01 9.100000000000000000e+01 7.600000000000000000e+01 0.000000000000000000e+00 1.600000000000000089e+00 -3.939999999999999817e-04 -1.851999999999999914e-03 9.999980000000000535e-01 3.270649999999999946e-01 -9.450009999999999799e-01 -1.621999999999999961e-03 9.450020000000000087e-01 3.270629999999999926e-01 9.779999999999999197e-04
1.700000000000000000e+01 9.100000000000000000e+01 7.600000000000000000e+01 0.000000000000000000e+00 1.600000000000000089e+00 -2.090000000000000115e-04 -7.739999999999999485e-04 1.000000000000000000e+00 3.191039999999999988e-01 -9.477200000000000069e-01 -6.660000000000000338e-04 9.477200000000000069e-01 3.191039999999999988e-01 4.449999999999999746e-04
2.000000000000000000e+01 9.100000000000000000e+01 7.600000000000000000e+01 0.000000000000000000e+00 1.600000000000000089e+00 3.669999999999999760e-04 6.179999999999999513e-04 1.000000000000000000e+00 3.151129999999999765e-01 -9.490539999999999532e-01 4.710000000000000102e-04 9.490539999999999532e-01 3.151129999999999765e-01 -5.429999999999999714e-04
2.400000000000000000e+01 9.100000000000000000e+01 7.600000000000000000e+01 0.000000000000000000e+00 1.600000000000000089e+00 9.759999999999999796e-04 5.599999999999999916e-05 1.000000000000000000e+00 3.137429999999999941e-01 -9.495080000000000187e-01 -2.530000000000000239e-04 9.495080000000000187e-01 3.137429999999999941e-01 -9.449999999999999850e-04
2.800000000000000000e+01 9.100000000000000000e+01 7.600000000000000000e+01 0.000000000000000000e+00 1.600000000000000089e+00 -4.989999999999999861e-04 -1.984000000000000086e-03 9.999980000000000535e-01 3.117840000000000056e-01 -9.501509999999999678e-01 -1.729000000000000068e-03 9.501530000000000253e-01 3.117829999999999768e-01 1.093000000000000005e-03
7.000000000000000000e+00 9.000000000000000000e+00 8.200000000000000000e+01 0.000000000000000000e+00 1.600000000000000089e+00 -9.200000000000000278e-04 1.005299999999999944e-02 -9.999489999999999768e-01 5.658840000000000536e-01 8.244479999999999587e-01 7.767999999999999731e-03 8.244850000000000234e-01 -5.658480000000000176e-01 -6.446999999999999606e-03
9.000000000000000000e+00 4.400000000000000000e+01 8.300000000000000000e+01 0.000000000000000000e+00 1.600000000000000089e+00 -2.041999999999999978e-03 2.620000000000000258e-04 9.999980000000000535e-01 5.718130000000000157e-01 -8.203819999999999446e-01 1.382999999999999898e-03 8.203810000000000269e-01 5.718149999999999622e-01 1.526000000000000013e-03
1.200000000000000000e+01 4.400000000000000000e+01 8.300000000000000000e+01 0.000000000000000000e+00 1.600000000000000089e+00 1.469999999999999953e-04 -3.079000000000000140e-03 9.999949999999999672e-01 5.729140000000000343e-01 -8.196109999999999784e-01 -2.608000000000000075e-03 8.196149999999999824e-01 5.729119999999999768e-01 1.644000000000000062e-03
