7.000000000000000000e+00 1.500000000000000000e+01 4.000000000000000000e+00 0.000000000000000000e+00 1.600000000000000089e+00 -1.835000000000000043e-03 8.210000000000000067e-04 9.999980000000000535e-01 3.292289999999999939e-01 -9.442490000000000050e-01 1.379999999999999933e-03 9.442479999999999762e-01 3.292309999999999959e-01 1.463000000000000108e-03
1.000000000000000000e+01 1.500000000000000000e+01 4.000000000000000000e+00 0.000000000000000000e+00 1.600000000000000089e+00 -8.210000000000000067e-04 3.049000000000000061e-03 9.999949999999999672e-01 3.261020000000000030e-01 -9.453289999999999749e-01 3.150000000000000022e-03 9.453340000000000076e-01 3.261029999999999762e-01 -2.180000000000000134e-04
1.500000000000000000e+01 1.500000000000000000e+01 4.000000000000000000e+00 0.000000000000000000e+00 1.600000000000000089e+00 7.360000000000000006e-04 6.581000000000000044e-03 9.999780000000000335e-01 3.245720000000000272e-01 -9.458419999999999606e-01 5.984999999999999869e-03 9.458609999999999518e-01 3.245600000000000152e-01 -2.831999999999999882e-03
1.700000000000000000e+01 1.500000000000000000e+01 4.000000000000000000e+00 0.000000000000000000e+00 1.600000000000000089e+00 2.539999999999999940e-04 1.070300000000000071e-02 9.999430000000000263e-01 3.223840000000000039e-01 -9.465559999999999530e-01 1.004999999999999991e-02 9.466090000000000337e-01 3.223630000000000106e-01 -3.690999999999999837e-03
2.100000000000000000e+01 1.500000000000000000e+01 4.000000000000000000e+00 0.000000000000000000e+00 1.600000000000000089e+00 1.168999999999999900e-03 1.282900000000000013e-02 9.999169999999999447e-01 3.189440000000000053e-01 -9.476999999999999869e-01 1.178599999999999960e-02 9.477729999999999766e-01 3.189040000000000208e-01 -5.198999999999999629e-03
9.000000000000000000e+00 4.000000000000000000e+00 5.000000000000000000e+00 0.000000000000000000e+00 1.600000000000000089e+00 7.500000000000000156e-04 3.135000000000000200e-03 9.999949999999999672e-01 2.325109999999999955e-01 -9.725890000000000368e-01 2.874999999999999951e-03 9.725930000000000408e-01 2.325079999999999925e-01 -1.459000000000000010e-03
9.000000000000000000e+00 1.010000000000000000e+02 7.000000000000000000e+00 0.000000000000000000e+00 1.600000000000000089e+00 -3.750000000000000078e-04 5.485000000000000292e-03 9.999850000000000128e-01 8.849559999999999649e-01 4.656689999999999996e-01 -2.223000000000000149e-03 -4.656739999999999768e-01 8.849420000000000064e-01 -5.028999999999999616e-03
2.300000000000000000e+01 1.010000000000000000e+02 7.000000000000000000e+00 0.000000000000000000e+00 1.600000000000000089e+00 -1.552999999999999910e-03 -1.054000000000000076e-02 9.999430000000000263e-01 8.829110000000000014e-01 4.694980000000000264e-01 6.320000000000000097e-03 -4.695369999999999822e-01 8.828709999999999614e-01 8.576999999999999555e-03
2.000000000000000000e+00 2.500000000000000000e+01 8.000000000000000000e+00 0.000000000000000000e+00 1.600000000000000089e+00 -1.399999999999999877e-04 5.086000000000000243e-03 -9.999869999999999592e-01 4.472599999999999909e-01 8.943929999999999936e-01 4.486999999999999669e-03 8.944039999999999768e-01 -4.472530000000000117e-01 -2.399999999999999790e-03
5.000000000000000000e+00 2.500000000000000000e+01 8.000000000000000000e+00 0.000000000000000000e+00 1.600000000000000089e+00 5.199999999999999680e-05 3.079999999999999839e-03 -9.999949999999999672e-01 4.468340000000000090e-01 8.946119999999999628e-01 2.778999999999999786e-03 8.946169999999999956e-01 -4.468320000000000070e-01 -1.330000000000000019e-03
8.000000000000000000e+00 2.500000000000000000e+01 8.000000000000000000e+00 0.000000000000000000e+00 1.600000000000000089e+00 -5.490000000000000088e-04 -1.149000000000000065e-03 -9.999989999999999712e-01 4.460799999999999765e-01 8.949920000000000098e-01 -1.273000000000000043e-03 8.949930000000000385e-01 -4.460799999999999765e-01 2.099999999999999884e-05
1.200000000000000000e+01 2.500000000000000000e+01 8.000000000000000000e+00 0.000000000000000000e+00 1.600000000000000089e+00 -2.981999999999999842e-03 -3.285000000000000159e-03 -9.999900000000000455e-01 4.456390000000000073e-01 8.952020000000000532e-01 -4.270000000000000358e-03 8.952080000000000037e-01 -4.456479999999999886e-01 -1.204999999999999908e-03
1.700000000000000000e+01 2.500000000000000000e+01 8.000000000000000000e+00 0.000000000000000000e+00 1.600000000000000089e+00 -3.749000000000000162e-03 -7.609000000000000312e-03 -9.999639999999999640e-01 4.476999999999999869e-01 8.941440000000000499e-01 -8.481999999999999956e-03 8.941759999999999708e-01 -4.477160000000000029e-01 5.399999999999999798e-05
2.100000000000000000e+01 2.500000000000000000e+01 8.000000000000000000e+00 0.000000000000000000e+00 1.600000000000000089e+00 -2.226999999999999813e-03 -4.519999999999999712e-03 -9.999869999999999592e-01 4.491490000000000204e-01 8.934429999999999872e-01 -5.039000000000000076e-03 8.934539999999999704e-01 -4.491550000000000264e-01 4.000000000000000327e-05
2.600000000000000000e+01 2.500000000000000000e+01 8.000000000000000000e+00 0.000000000000000000e+00 1.600000000000000089e+00 -2.167000000000000089e-03 -7.964000000000000593e-03 -9.999660000000000215e-01 4.491160000000000152e-01 8.934370000000000367e-01 -8.089000000000000704e-03 8.934710000000000152e-01 -4.491180000000000172e-01 1.641000000000000097e-03
1.000000000000000000e+00 2.400000000000000000e+01 9.000000000000000000e+00 0.000000000000000000e+00 1.600000000000000089e+00 -6.390000000000000280e-04 4.368000000000000355e-03 -9.999900000000000455e-01 4.503320000000000101e-01 8.928540000000000365e-01 3.612000000000000193e-03 8.928610000000000158e-01 -4.503260000000000041e-01 -2.537000000000000192e-03
6.000000000000000000e+00 2.400000000000000000e+01 9.000000000000000000e+00 0.000000000000000000e+00 1.600000000000000089e+00 1.600000000000000131e-04 1.134000000000000025e-03 -9.999989999999999712e-01 4.493380000000000152e-01 8.933609999999999607e-01 1.085000000000000027e-03 8.933619999999999894e-01 -4.493380000000000152e-01 -3.660000000000000059e-04
1.200000000000000000e+01 2.400000000000000000e+01 9.000000000000000000e+00 0.000000000000000000e+00 1.600000000000000089e+00 -2.896000000000000137e-03 -3.998999999999999951e-03 -9.999879999999999880e-01 4.485319999999999863e-01 8.937540000000000484e-01 -4.872999999999999728e-03 8.937619999999999454e-01 -4.485399999999999943e-01 -7.940000000000000009e-04
1.700000000000000000e+01 2.400000000000000000e+01 9.000000000000000000e+00 0.000000000000000000e+00 1.600000000000000089e+00 -3.739000000000000136e-03 -7.455999999999999954e-03 -9.999649999999999928e-01 4.507010000000000183e-01 8.926359999999999850e-01 -8.340999999999999456e-03 8.926669999999999883e-01 -4.507160000000000055e-01 2.300000000000000002e-05
2.200000000000000000e+01 2.400000000000000000e+01 9.000000000000000000e+00 0.000000000000000000e+00 1.600000000000000089e+00 -1.624999999999999925e-03 -4.791000000000000120e-03 -9.999869999999999592e-01 4.519389999999999796e-01 8.920350000000000223e-01 -5.008000000000000299e-03 8.920470000000000343e-01 -4.519409999999999816e-01 7.159999999999999481e-04
2.700000000000000000e+01 2.400000000000000000e+01 9.000000000000000000e+00 0.000000000000000000e+00 1.600000000000000089e+00 -2.027999999999999855e-03 -1.114000000000000060e-02 -9.999360000000000470e-01 4.511760000000000215e-01 8.923689999999999678e-01 -1.085599999999999933e-02 8.924330000000000318e-01 -4.511689999999999867e-01 3.216999999999999808e-03
4.000000000000000000e+00 3.100000000000000000e+01 1.200000000000000000e+01 0.000000000000000000e+00 1.600000000000000089e+00 -1.201000000000000028e-03 -2.339999999999999958e-04 9.999989999999999712e-01 -3.950999999999999651e-03 9.999919999999999920e-01 2.290000000000000098e-04 -9.999909999999999632e-01 -3.950999999999999651e-03 -1.201000000000000028e-03
9.000000000000000000e+00 3.100000000000000000e+01 1.200000000000000000e+01 0.000000000000000000e+00 1.600000000000000089e+00 -6.200000000000000270e-05 -1.039999999999999936e-04 1.000000000000000000e+00 -2.089000000000000145e-03 9.999980000000000535e-01 1.039999999999999936e-04 -9.999980000000000535e-01 -2.089000000000000145e-03 -6.200000000000000270e-05
2.500000000000000000e+01 3.100000000000000000e+01 1.200000000000000000e+01 0.000000000000000000e+00 1.600000000000000089e+00 1.569999999999999944e-04 -1.985999999999999918e-03 9.999980000000000535e-01 -1.366400000000000080e-02 9.999050000000000438e-01 1.988000000000000184e-03 -9.999069999999999903e-01 -1.366400000000000080e-02 1.299999999999999886e-04
2.300000000000000000e+01 3.500000000000000000e+01 1.200000000000000000e+01 0.000000000000000000e+00 1.600000000000000089e+00 -1.140000000000000063e-04 -5.551999999999999644e-03 -9.999850000000000128e-01 4.933739999999999792e-01 -8.698040000000000216e-01 4.773000000000000333e-03 -8.698169999999999513e-01 -4.933660000000000267e-01 2.838999999999999944e-03
2.900000000000000000e+01 3.500000000000000000e+01 1.200000000000000000e+01 0.000000000000000000e+00 1.600000000000000089e+00 3.350000000000000113e-04 2.712000000000000001e-03 -9.999959999999999960e-01 4.779160000000000075e-01 -8.784030000000000449e-01 -2.222000000000000017e-03 -8.784049999999999914e-01 -4.779140000000000055e-01 -1.590999999999999966e-03
2.600000000000000000e+01 7.300000000000000000e+01 1.300000000000000000e+01 0.000000000000000000e+00 1.600000000000000089e+00 -9.229110000000000369e-01 -1.893360000000000043e-01 3.352410000000000112e-01 -3.066530000000000089e-01 8.879879999999999995e-01 -3.426969999999999739e-01 -2.328060000000000129e-01 -4.190820000000000101e-01 -8.775939999999999852e-01
6.000000000000000000e+00 1.160000000000000000e+02 1.600000000000000000e+01 0.000000000000000000e+00 1.600000000000000089e+00 -4.067000000000000302e-03 -3.340000000000000087e-03 9.999860000000000415e-01 7.031939999999999857e-01 7.109790000000000276e-01 5.233999999999999937e-03 -7.109870000000000356e-01 7.032049999999999690e-01 -5.429999999999999714e-04
7.000000000000000000e+00 2.000000000000000000e+00 1.900000000000000000e+01 0.000000000000000000e+00 1.600000000000000089e+00 2.049000000000000040e-03 -2.756400000000000169e-02 -9.996180000000000065e-01 1.957240000000000091e-01 -9.802750000000000075e-01 2.743200000000000152e-02 -9.806570000000000009e-01 -1.957059999999999911e-01 3.386000000000000121e-03
1.200000000000000000e+01 2.000000000000000000e+00 1.900000000000000000e+01 0.000000000000000000e+00 1.600000000000000089e+00 4.360000000000000269e-04 -6.492000000000000375e-03 -9.999789999999999512e-01 2.062930000000000041e-01 -9.784690000000000332e-01 6.441999999999999810e-03 -9.784899999999999709e-01 -2.062920000000000031e-01 9.129999999999999661e-04
1.800000000000000000e+01 2.000000000000000000e+00 1.900000000000000000e+01 0.000000000000000000e+00 1.600000000000000089e+00 1.877999999999999895e-03 1.568299999999999902e-02 -9.998749999999999583e-01 2.038699999999999957e-01 -9.788839999999999764e-01 -1.497099999999999993e-02 -9.789959999999999773e-01 -2.038159999999999972e-01 -5.035999999999999678e-03
2.100000000000000000e+01 2.000000000000000000e+00 1.900000000000000000e+01 0.000000000000000000e+00 1.600000000000000089e+00 1.270000000000000078e-03 2.510099999999999831e-02 -9.996840000000000170e-01 1.981159999999999866e-01 -9.798759999999999692e-01 -2.435199999999999865e-02 -9.801779999999999937e-01 -1.980220000000000036e-01 -6.217999999999999569e-03
2.800000000000000000e+01 2.000000000000000000e+00 1.900000000000000000e+01 0.000000000000000000e+00 1.600000000000000089e+00 -2.664999999999999834e-03 1.298500000000000001e-02 -9.999120000000000230e-01 1.843640000000000001e-01 -9.827690000000000037e-01 -1.325299999999999916e-02 -9.828540000000000054e-01 -1.843829999999999913e-01 2.249999999999999938e-04
1.300000000000000000e+01 4.000000000000000000e+00 2.000000000000000000e+01 0.000000000000000000e+00 1.600000000000000089e+00 -1.036999999999999944e-03 -5.176000000000000045e-03 -9.999860000000000415e-01 3.256379999999999830e-01 -9.454839999999999911e-01 4.556000000000000154e-03 -9.454939999999999456e-01 -3.256279999999999730e-01 2.665999999999999967e-03
1.800000000000000000e+01 4.000000000000000000e+00 2.000000000000000000e+01 0.000000000000000000e+00 1.600000000000000089e+00 7.720000000000000083e-04 1.434299999999999985e-02 -9.998970000000000358e-01 3.217679999999999985e-01 -9.467250000000000387e-01 -1.333200000000000010e-02 -9.468180000000000485e-01 -3.217240000000000100e-01 -5.346000000000000058e-03
3.000000000000000000e+00 1.300000000000000000e+01 2.000000000000000000e+01 0.000000000000000000e+00 1.600000000000000089e+00 -3.809999999999999910e-04 -2.867000000000000191e-03 9.999959999999999960e-01 2.576629999999999754e-01 9.662309999999999510e-01 2.867999999999999890e-03 -9.662349999999999550e-01 2.576629999999999754e-01 3.710000000000000190e-04
1.700000000000000000e+01 1.300000000000000000e+01 2.000000000000000000e+01 0.000000000000000000e+00 1.600000000000000089e+00 -3.119999999999999944e-04 -1.198000000000000063e-03 9.999989999999999712e-01 2.672709999999999808e-01 9.636209999999999498e-01 1.237999999999999951e-03 -9.636209999999999498e-01 2.672709999999999808e-01 2.000000000000000164e-05
2.000000000000000000e+01 1.300000000000000000e+01 2.000000000000000000e+01 0.000000000000000000e+00 1.600000000000000089e+00 1.745000000000000023e-03 7.283000000000000411e-03 9.999719999999999720e-01 2.652939999999999743e-01 9.641389999999999683e-01 -7.485000000000000334e-03 -9.641659999999999675e-01 2.652990000000000070e-01 -2.500000000000000052e-04
2.600000000000000000e+01 1.300000000000000000e+01 2.000000000000000000e+01 0.000000000000000000e+00 1.600000000000000089e+00 2.699999999999999899e-05 -3.222000000000000038e-03 9.999949999999999672e-01 2.602800000000000114e-01 9.655280000000000529e-01 3.103999999999999988e-03 -9.655329999999999746e-01 2.602780000000000094e-01 8.639999999999999677e-04
2.200000000000000000e+01 5.000000000000000000e+01 2.200000000000000000e+01 0.000000000000000000e+00 1.600000000000000089e+00 -9.990999999999999881e-03 -6.185000000000000393e-03 -9.999310000000000143e-01 -5.803530000000000078e-01 8.143639999999999768e-01 7.609999999999999577e-04 8.143029999999999990e-01 5.803209999999999757e-01 -1.172499999999999931e-02
2.900000000000000000e+01 5.000000000000000000e+01 2.200000000000000000e+01 0.000000000000000000e+00 1.600000000000000089e+00 6.639999999999999852e-04 8.409999999999999507e-04 -9.999989999999999712e-01 -5.786790000000000544e-01 8.155550000000000299e-01 3.009999999999999980e-04 8.155550000000000299e-01 5.786780000000000257e-01 1.028000000000000051e-03
2.600000000000000000e+01 7.100000000000000000e+01 2.300000000000000000e+01 0.000000000000000000e+00 1.600000000000000089e+00 -6.746029999999999527e-01 -6.554759999999999476e-01 3.395029999999999992e-01 -6.981070000000000331e-01 7.159769999999999746e-01 -4.826000000000000428e-03 -2.399129999999999874e-01 -2.402650000000000063e-01 -9.405930000000000124e-01
1.000000000000000000e+00 3.000000000000000000e+00 2.500000000000000000e+01 0.000000000000000000e+00 1.600000000000000089e+00 9.709999999999999664e-04 -8.852000000000000493e-03 9.999599999999999600e-01 -6.752299999999999969e-02 -9.976789999999999825e-01 -8.765999999999999487e-03 9.977169999999999650e-01 -6.751200000000000256e-02 -1.565999999999999901e-03
8.000000000000000000e+00 3.000000000000000000e+00 2.500000000000000000e+01 0.000000000000000000e+00 1.600000000000000089e+00 -8.434000000000000524e-03 -2.785100000000000076e-02 9.995770000000000488e-01 -8.799800000000000677e-02 -9.957129999999999592e-01 -2.848600000000000090e-02 9.960849999999999982e-01 -8.820100000000000162e-02 5.947000000000000029e-03
1.300000000000000000e+01 3.000000000000000000e+00 2.500000000000000000e+01 0.000000000000000000e+00 1.600000000000000089e+00 -3.956999999999999580e-03 -6.342999999999999680e-03 9.999719999999999720e-01 -9.951000000000000123e-02 -9.950139999999999540e-01 -6.705000000000000022e-03 9.950290000000000523e-01 -9.953299999999999648e-02 3.305999999999999911e-03
1.800000000000000000e+01 3.000000000000000000e+00 2.500000000000000000e+01 0.000000000000000000e+00 1.600000000000000089e+00 2.197000000000000168e-03 1.379400000000000071e-02 9.999019999999999575e-01 -9.352800000000000002e-02 -9.955190000000000428e-01 1.393900000000000000e-02 9.956139999999999990e-01 -9.354899999999999327e-02 -8.970000000000000109e-04
2.100000000000000000e+01 3.000000000000000000e+00 2.500000000000000000e+01 0.000000000000000000e+00 1.600000000000000089e+00 3.830000000000000071e-03 1.787499999999999853e-02 9.998329999999999718e-01 -8.784000000000000141e-02 -9.959689999999999932e-01 1.814199999999999841e-02 9.961269999999999847e-01 -8.789500000000000091e-02 -2.243999999999999901e-03
2.700000000000000000e+01 3.000000000000000000e+00 2.500000000000000000e+01 0.000000000000000000e+00 1.600000000000000089e+00 2.833000000000000015e-03 1.703000000000000000e-02 9.998510000000000453e-01 -6.996299999999999741e-02 -9.974020000000000108e-01 1.718700000000000089e-02 9.975460000000000438e-01 -7.000099999999999378e-02 -1.634000000000000036e-03
7.000000000000000000e+00 4.600000000000000000e+01 2.700000000000000000e+01 0.000000000000000000e+00 1.600000000000000089e+00 -8.390000000000000105e-04 -4.510000000000000120e-04 -1.000000000000000000e+00 6.771049999999999569e-01 7.358860000000000401e-01 -8.999999999999999754e-04 7.358860000000000401e-01 -6.771059999999999857e-01 -3.119999999999999944e-04
1.400000000000000000e+01 4.600000000000000000e+01 2.700000000000000000e+01 0.000000000000000000e+00 1.600000000000000089e+00 -2.660000000000000146e-04 -1.404999999999999999e-03 -9.999989999999999712e-01 6.751470000000000526e-01 7.376819999999999489e-01 -1.216000000000000067e-03 7.376829999999999776e-01 -6.751470000000000526e-01 7.519999999999999558e-04
1.800000000000000000e+01 4.600000000000000000e+01 2.700000000000000000e+01 0.000000000000000000e+00 1.600000000000000089e+00 -6.019999999999999961e-04 -2.053000000000000137e-03 -9.999980000000000535e-01 6.703890000000000127e-01 7.420069999999999721e-01 -1.926999999999999894e-03 7.420090000000000297e-01 -6.703890000000000127e-01 9.290000000000000297e-04
2.900000000000000000e+01 4.600000000000000000e+01 2.700000000000000000e+01 0.000000000000000000e+00 1.600000000000000089e+00 -1.938000000000000052e-03 -1.941000000000000017e-03 -9.999959999999999960e-01 6.608789999999999942e-01 7.504870000000000152e-01 -2.737999999999999982e-03 7.504899999999999904e-01 -6.608819999999999695e-01 -1.720000000000000066e-04
5.000000000000000000e+00 4.600000000000000000e+01 3.000000000000000000e+01 0.000000000000000000e+00 1.600000000000000089e+00 6.200000000000000270e-05 -1.235999999999999903e-03 -9.999989999999999712e-01 3.316729999999999956e-01 9.433939999999999548e-01 -1.144999999999999967e-03 9.433939999999999548e-01 -3.316729999999999956e-01 4.679999999999999915e-04
8.000000000000000000e+00 4.600000000000000000e+01 3.000000000000000000e+01 0.000000000000000000e+00 1.600000000000000089e+00 -3.890000000000000228e-04 -1.417999999999999990e-03 -9.999989999999999712e-01 3.312169999999999837e-01 9.435540000000000038e-01 -1.466999999999999988e-03 9.435550000000000326e-01 -3.312169999999999837e-01 1.019999999999999992e-04
2.300000000000000000e+01 4.600000000000000000e+01 3.000000000000000000e+01 0.000000000000000000e+00 1.600000000000000089e+00 6.570000000000000319e-04 9.430000000000000448e-04 -9.999989999999999712e-01 3.201899999999999746e-01 9.473530000000000006e-01 1.103999999999999947e-03 9.473530000000000006e-01 -3.201910000000000034e-01 3.209999999999999963e-04
7.000000000000000000e+00 5.800000000000000000e+01 3.100000000000000000e+01 0.000000000000000000e+00 1.600000000000000089e+00 7.119999999999999593e-04 -7.219999999999999855e-04 1.000000000000000000e+00 -7.985539999999999861e-01 -6.019229999999999858e-01 1.340000000000000045e-04 6.019219999999999571e-01 -7.985539999999999861e-01 -1.005000000000000034e-03
1.100000000000000000e+01 5.800000000000000000e+01 3.100000000000000000e+01 0.000000000000000000e+00 1.600000000000000089e+00 -6.109999999999999980e-04 -1.696999999999999941e-03 9.999980000000000535e-01 -7.974620000000000042e-01 -6.033669999999999867e-01 -1.512000000000000106e-03 6.033680000000000154e-01 -7.974620000000000042e-01 -9.849999999999999815e-04
1.400000000000000000e+01 5.800000000000000000e+01 3.100000000000000000e+01 0.000000000000000000e+00 1.600000000000000089e+00 -3.419000000000000164e-03 -5.147999999999999798e-03 9.999810000000000088e-01 -7.984179999999999611e-01 -6.020759999999999446e-01 -5.828999999999999980e-03 6.020940000000000181e-01 -7.984219999999999651e-01 -2.052000000000000005e-03
1.900000000000000000e+01 5.800000000000000000e+01 3.100000000000000000e+01 0.000000000000000000e+00 1.600000000000000089e+00 -6.329999999999999906e-04 -4.494999999999999864e-03 9.999900000000000455e-01 -7.958070000000000421e-01 -6.055420000000000247e-01 -3.226000000000000135e-03 6.055500000000000327e-01 -7.958009999999999806e-01 -3.193999999999999791e-03
2.400000000000000000e+01 5.800000000000000000e+01 3.100000000000000000e+01 0.000000000000000000e+00 1.600000000000000089e+00 5.115999999999999888e-03 4.041999999999999586e-03 9.999789999999999512e-01 -7.857159999999999700e-01 -6.185530000000000195e-01 6.519999999999999754e-03 6.185659999999999492e-01 -7.857330000000000148e-01 1.099999999999999971e-05
9.000000000000000000e+00 1.800000000000000000e+01 3.400000000000000000e+01 0.000000000000000000e+00 1.600000000000000089e+00 -1.263999999999999933e-03 -6.257999999999999674e-03 -9.999799999999999800e-01 -3.111860000000000182e-01 -9.503279999999999506e-01 6.341000000000000282e-03 -9.503479999999999706e-01 3.111869999999999914e-01 -7.460000000000000268e-04
1.400000000000000000e+01 1.800000000000000000e+01 3.400000000000000000e+01 0.000000000000000000e+00 1.600000000000000089e+00 -4.470000000000000232e-04 -2.175999999999999983e-03 -9.999970000000000248e-01 -3.062790000000000235e-01 -9.519389999999999796e-01 2.209000000000000026e-03 -9.519419999999999549e-01 3.062790000000000235e-01 -2.410000000000000033e-04
2.000000000000000000e+00 4.600000000000000000e+01 3.500000000000000000e+01 0.000000000000000000e+00 1.600000000000000089e+00 -4.445000000000000166e-03 -5.749999999999999903e-04 -9.999900000000000455e-01 3.940000000000000169e-01 -9.191089999999999538e-01 -1.222999999999999912e-03 -9.191000000000000281e-01 -3.940020000000000189e-01 4.311999999999999861e-03
7.000000000000000000e+00 4.600000000000000000e+01 3.500000000000000000e+01 0.000000000000000000e+00 1.600000000000000089e+00 6.380000000000000037e-04 -1.062500000000000076e-02 -9.999430000000000263e-01 3.921640000000000126e-01 -9.198410000000000197e-01 1.002399999999999992e-02 -9.198950000000000182e-01 -3.921479999999999966e-01 3.579999999999999849e-03
1.200000000000000000e+01 4.600000000000000000e+01 3.500000000000000000e+01 0.000000000000000000e+00 1.600000000000000089e+00 1.046999999999999971e-03 -6.682999999999999705e-03 -9.999770000000000048e-01 3.920029999999999903e-01 -9.199410000000000087e-01 6.558999999999999726e-03 -9.199629999999999752e-01 -3.920009999999999883e-01 1.657000000000000053e-03
1.500000000000000000e+01 4.600000000000000000e+01 3.500000000000000000e+01 0.000000000000000000e+00 1.600000000000000089e+00 -5.599999999999999509e-04 -1.379999999999999933e-03 -9.999989999999999712e-01 3.930089999999999972e-01 -9.195339999999999625e-01 1.049000000000000019e-03 -9.195339999999999625e-01 -3.930080000000000240e-01 1.056999999999999997e-03
2.100000000000000000e+01 4.600000000000000000e+01 3.500000000000000000e+01 0.000000000000000000e+00 1.600000000000000089e+00 1.075999999999999917e-03 -5.974000000000000143e-03 -9.999820000000000375e-01 3.915210000000000079e-01 -9.201500000000000234e-01 5.917999999999999650e-03 -9.201679999999999859e-01 -3.915210000000000079e-01 1.348999999999999939e-03
2.500000000000000000e+01 4.600000000000000000e+01 3.500000000000000000e+01 0.000000000000000000e+00 1.600000000000000089e+00 4.920000000000000328e-04 -1.595000000000000064e-03 -9.999989999999999712e-01 3.909239999999999937e-01 -9.204219999999999624e-01 1.660000000000000017e-03 -9.204229999999999912e-01 -3.909239999999999937e-01 1.710000000000000094e-04
4.000000000000000000e+00 9.500000000000000000e+01 3.600000000000000000e+01 0.000000000000000000e+00 1.600000000000000089e+00 8.488000000000000753e-03 3.164999999999999845e-03 9.999590000000000423e-01 9.975800000000000223e-01 6.897999999999999965e-02 -8.685999999999999277e-03 -6.900399999999999590e-02 9.976129999999999720e-01 -2.572000000000000067e-03
1.200000000000000000e+01 9.500000000000000000e+01 3.600000000000000000e+01 0.000000000000000000e+00 1.600000000000000089e+00 4.227999999999999987e-03 -1.599400000000000127e-02 9.998629999999999463e-01 9.972609999999999530e-01 7.390700000000000047e-02 -3.034999999999999937e-03 -7.384799999999999698e-02 9.971370000000000511e-01 1.626199999999999868e-02
1.600000000000000000e+01 9.500000000000000000e+01 3.600000000000000000e+01 0.000000000000000000e+00 1.600000000000000089e+00 1.482000000000000027e-03 -5.870999999999999830e-02 9.982739999999999947e-01 9.971470000000000056e-01 7.542999999999999705e-02 2.955999999999999860e-03 -7.547299999999999842e-02 9.954210000000000003e-01 5.865399999999999781e-02
3.000000000000000000e+00 3.000000000000000000e+00 4.300000000000000000e+01 0.000000000000000000e+00 1.600000000000000089e+00 -3.361999999999999971e-03 6.902000000000000149e-03 -9.999710000000000543e-01 7.378289999999999571e-01 -6.749500000000000499e-01 -7.139000000000000380e-03 -6.749800000000000244e-01 -7.378310000000000146e-01 -2.822999999999999989e-03
1.000000000000000000e+01 3.000000000000000000e+00 4.300000000000000000e+01 0.000000000000000000e+00 1.600000000000000089e+00 2.648000000000000180e-03 1.153799999999999965e-02 -9.999299999999999855e-01 7.347299999999999942e-01 -6.783350000000000213e-01 -5.880999999999999943e-03 -6.783550000000000413e-01 -7.346629999999999550e-01 -1.027400000000000015e-02
1.400000000000000000e+01 3.000000000000000000e+00 4.300000000000000000e+01 0.000000000000000000e+00 1.600000000000000089e+00 2.429999999999999868e-03 1.149999999999999981e-03 -9.999959999999999960e-01 7.373420000000000529e-01 -6.755189999999999806e-01 1.015000000000000060e-03 -6.755149999999999766e-01 -7.373420000000000529e-01 -2.490000000000000026e-03
1.700000000000000000e+01 3.000000000000000000e+00 4.300000000000000000e+01 0.000000000000000000e+00 1.600000000000000089e+00 4.145000000000000247e-03 1.404299999999999993e-02 -9.998930000000000318e-01 7.367010000000000502e-01 -6.761880000000000113e-01 -6.442999999999999942e-03 -6.762059999999999738e-01 -7.365949999999999998e-01 -1.314899999999999923e-02
2.000000000000000000e+01 3.000000000000000000e+00 4.300000000000000000e+01 0.000000000000000000e+00 1.600000000000000089e+00 5.995000000000000329e-03 2.880599999999999827e-02 -9.995669999999999833e-01 7.321379999999999555e-01 -6.809859999999999802e-01 -1.523399999999999928e-02 -6.811300000000000132e-01 -7.317289999999999628e-01 -2.517199999999999993e-02
2.500000000000000000e+01 3.000000000000000000e+00 4.300000000000000000e+01 0.000000000000000000e+00 1.600000000000000089e+00 9.202000000000000110e-03 8.878000000000000475e-03 -9.999179999999999735e-01 7.310520000000000351e-01 -6.823209999999999553e-01 6.700000000000000226e-04 -6.822599999999999776e-01 -7.309980000000000366e-01 -1.276900000000000084e-02
1.100000000000000000e+01 8.000000000000000000e+00 4.400000000000000000e+01 0.000000000000000000e+00 1.600000000000000089e+00 -2.186000000000000009e-03 4.653000000000000018e-03 9.999869999999999592e-01 -7.825170000000000181e-01 -6.226279999999999593e-01 1.186999999999999904e-03 6.226260000000000128e-01 -7.825039999999999774e-01 5.002000000000000370e-03
2.200000000000000000e+01 8.000000000000000000e+00 4.400000000000000000e+01 0.000000000000000000e+00 1.600000000000000089e+00 6.708999999999999686e-03 1.539899999999999949e-02 9.998590000000000533e-01 -7.826490000000000391e-01 -6.222860000000000058e-01 1.483499999999999923e-02 6.224269999999999525e-01 -7.826389999999999736e-01 7.877000000000000321e-03
2.000000000000000000e+00 2.900000000000000000e+01 4.400000000000000000e+01 0.000000000000000000e+00 1.600000000000000089e+00 -2.736000000000000151e-03 -2.102999999999999835e-03 -9.999940000000000495e-01 6.616349999999999731e-01 7.498190000000000133e-01 -3.386999999999999820e-03 7.498209999999999598e-01 -6.616400000000000059e-01 -6.599999999999999964e-04
5.000000000000000000e+00 2.900000000000000000e+01 4.400000000000000000e+01 0.000000000000000000e+00 1.600000000000000089e+00 -1.655999999999999920e-03 -1.985999999999999918e-03 -9.999970000000000248e-01 6.646830000000000238e-01 7.471210000000000351e-01 -2.585000000000000058e-03 7.471229999999999816e-01 -6.646849999999999703e-01 8.200000000000000095e-05
9.000000000000000000e+00 2.900000000000000000e+01 4.400000000000000000e+01 0.000000000000000000e+00 1.600000000000000089e+00 -7.849999999999999990e-04 -2.288999999999999802e-03 -9.999970000000000248e-01 6.674390000000000045e-01 7.446610000000000174e-01 -2.229000000000000078e-03 7.446639999999999926e-01 -6.674390000000000045e-01 9.430000000000000448e-04
1.300000000000000000e+01 2.900000000000000000e+01 4.400000000000000000e+01 0.000000000000000000e+00 1.600000000000000089e+00 4.929999999999999487e-04 1.095000000000000053e-03 -9.999989999999999712e-01 6.697910000000000252e-01 7.425490000000000146e-01 1.142999999999999919e-03 7.425500000000000433e-01 -6.697910000000000252e-01 -3.669999999999999760e-04
1.600000000000000000e+01 2.900000000000000000e+01 4.400000000000000000e+01 0.000000000000000000e+00 1.600000000000000089e+00 1.910999999999999938e-03 1.881000000000000076e-03 -9.999959999999999960e-01 6.666539999999999688e-01 7.453619999999999690e-01 2.675999999999999993e-03 7.453650000000000553e-01 -6.666570000000000551e-01 1.710000000000000094e-04
2.000000000000000000e+01 2.900000000000000000e+01 4.400000000000000000e+01 0.000000000000000000e+00 1.600000000000000089e+00 1.348000000000000023e-03 2.719999999999999979e-04 -9.999989999999999712e-01 6.550789999999999669e-01 7.555600000000000094e-01 1.087999999999999991e-03 7.555600000000000094e-01 -6.550789999999999669e-01 8.400000000000000348e-04
2.400000000000000000e+01 2.900000000000000000e+01 4.400000000000000000e+01 0.000000000000000000e+00 1.600000000000000089e+00 -7.039999999999999817e-04 -1.500999999999999947e-03 -9.999989999999999712e-01 6.504670000000000174e-01 7.595330000000000137e-01 -1.598000000000000028e-03 7.595349999999999602e-01 -6.504670000000000174e-01 4.420000000000000101e-04
2.900000000000000000e+01 5.000000000000000000e+00 5.100000000000000000e+01 0.000000000000000000e+00 1.600000000000000089e+00 9.669999999999999776e-04 -7.015000000000000402e-03 -9.999749999999999472e-01 4.846730000000000205e-01 -8.746709999999999763e-01 6.604999999999999760e-03 -8.746950000000000003e-01 -4.846670000000000145e-01 2.553999999999999847e-03
2.000000000000000000e+00 6.000000000000000000e+00 5.100000000000000000e+01 0.000000000000000000e+00 1.600000000000000089e+00 -6.373000000000000193e-03 -1.475899999999999955e-02 -9.998709999999999543e-01 3.127199999999999980e-01 -9.497689999999999744e-01 1.202600000000000023e-02 -9.498240000000000016e-01 -3.126030000000000197e-01 1.066899999999999966e-02
6.000000000000000000e+00 6.000000000000000000e+00 5.100000000000000000e+01 0.000000000000000000e+00 1.600000000000000089e+00 -5.655999999999999570e-03 -9.801000000000000684e-03 -9.999360000000000470e-01 3.198960000000000137e-01 -9.474230000000000151e-01 7.477000000000000139e-03 -9.474359999999999449e-01 -3.198329999999999784e-01 8.493999999999999814e-03
2.000000000000000000e+01 6.000000000000000000e+00 5.100000000000000000e+01 0.000000000000000000e+00 1.600000000000000089e+00 3.848999999999999991e-03 1.581400000000000167e-02 -9.998669999999999503e-01 3.097460000000000213e-01 -9.507189999999999808e-01 -1.384499999999999967e-02 -9.508119999999999905e-01 -3.096519999999999828e-01 -8.557000000000000370e-03
5.000000000000000000e+00 7.000000000000000000e+00 5.200000000000000000e+01 0.000000000000000000e+00 1.600000000000000089e+00 -6.930999999999999661e-03 -8.477999999999999425e-03 -9.999400000000000510e-01 1.187809999999999977e-01 -9.928909999999999680e-01 7.595000000000000188e-03 -9.928960000000000008e-01 -1.187209999999999932e-01 7.889000000000000179e-03
2.100000000000000000e+01 7.000000000000000000e+00 5.200000000000000000e+01 0.000000000000000000e+00 1.600000000000000089e+00 9.480000000000000579e-03 1.461699999999999978e-02 -9.998479999999999590e-01 9.926500000000000601e-02 -9.949679999999999636e-01 -1.360500000000000077e-02 -9.950160000000000116e-01 -9.912100000000000077e-02 -1.088300000000000031e-02
2.500000000000000000e+01 7.000000000000000000e+00 5.200000000000000000e+01 0.000000000000000000e+00 1.600000000000000089e+00 6.494999999999999905e-03 9.292999999999999178e-03 -9.999360000000000470e-01 9.379200000000000037e-02 -9.955540000000000500e-01 -8.644000000000000641e-03 -9.955709999999999837e-01 -9.372999999999999388e-02 -7.337999999999999905e-03
4.000000000000000000e+00 6.300000000000000000e+01 5.400000000000000000e+01 0.000000000000000000e+00 1.600000000000000089e+00 -2.314000000000000085e-03 -4.191000000000000281e-03 9.999890000000000168e-01 -3.399909999999999877e-01 9.404230000000000089e-01 3.154999999999999818e-03 -9.404259999999999842e-01 -3.399800000000000044e-01 -3.601000000000000034e-03
1.100000000000000000e+01 6.300000000000000000e+01 5.400000000000000000e+01 0.000000000000000000e+00 1.600000000000000089e+00 1.026000000000000002e-03 1.469999999999999953e-04 1.000000000000000000e+00 -3.346339999999999870e-01 9.423479999999999634e-01 2.039999999999999984e-04 -9.423470000000000457e-01 -3.346350000000000158e-01 1.015999999999999976e-03
2.000000000000000000e+01 6.300000000000000000e+01 5.400000000000000000e+01 0.000000000000000000e+00 1.600000000000000089e+00 6.792000000000000294e-03 4.307000000000000065e-03 9.999679999999999680e-01 -3.422390000000000154e-01 9.396109999999999740e-01 -1.722000000000000006e-03 -9.395879999999999788e-01 -3.422160000000000202e-01 7.856000000000000136e-03
3.000000000000000000e+01 6.800000000000000000e+01 5.700000000000000000e+01 0.000000000000000000e+00 1.600000000000000089e+00 -2.995300000000000046e-02 -6.749819999999999709e-01 7.372260000000000479e-01 -2.597400000000000264e-01 7.174760000000000026e-01 6.463459999999999761e-01 -9.652140000000000164e-01 -1.721280000000000032e-01 -1.968100000000000127e-01
3.000000000000000000e+00 2.000000000000000000e+01 6.000000000000000000e+01 0.000000000000000000e+00 1.600000000000000089e+00 9.389999999999999476e-04 -6.279999999999999992e-03 9.999799999999999800e-01 -6.113699999999999690e-02 9.981090000000000240e-01 6.324999999999999893e-03 -9.981290000000000440e-01 -6.114100000000000090e-02 5.529999999999999976e-04
4.000000000000000000e+00 2.100000000000000000e+01 6.000000000000000000e+01 0.000000000000000000e+00 1.600000000000000089e+00 8.930000000000000221e-04 -1.779999999999999898e-03 9.999980000000000535e-01 -9.493500000000000549e-02 9.954819999999999780e-01 1.856999999999999927e-03 -9.954830000000000068e-01 -9.493600000000000649e-02 7.200000000000000453e-04
1.000000000000000000e+01 2.100000000000000000e+01 6.000000000000000000e+01 0.000000000000000000e+00 1.600000000000000089e+00 -5.659999999999999884e-04 -9.048000000000000487e-03 9.999590000000000423e-01 -9.321100000000000219e-02 9.956059999999999910e-01 8.956000000000000419e-03 -9.956460000000000310e-01 -9.320199999999999319e-02 -1.407000000000000048e-03
1.400000000000000000e+01 2.100000000000000000e+01 6.000000000000000000e+01 0.000000000000000000e+00 1.600000000000000089e+00 -1.621000000000000045e-03 -6.603000000000000362e-03 9.999770000000000048e-01 -9.318500000000000394e-02 9.956279999999999575e-01 6.424000000000000023e-03 -9.956469999999999487e-01 -9.317300000000000582e-02 -2.230000000000000211e-03
2.000000000000000000e+01 2.100000000000000000e+01 6.000000000000000000e+01 0.000000000000000000e+00 1.600000000000000089e+00 -1.453999999999999997e-03 4.637999999999999762e-03 9.999879999999999880e-01 -9.584700000000000164e-02 9.953849999999999643e-01 -4.755999999999999811e-03 -9.953950000000000298e-01 -9.585200000000000664e-02 -1.002000000000000069e-03
2.500000000000000000e+01 2.100000000000000000e+01 6.000000000000000000e+01 0.000000000000000000e+00 1.600000000000000089e+00 1.402999999999999950e-03 1.084199999999999921e-02 9.999400000000000510e-01 -9.589000000000000301e-02 9.953349999999999698e-01 -1.065800000000000081e-02 -9.953910000000000258e-01 -9.586999999999999689e-02 2.435999999999999797e-03
2.900000000000000000e+01 2.100000000000000000e+01 6.000000000000000000e+01 0.000000000000000000e+00 1.600000000000000089e+00 3.956000000000000315e-03 -4.334000000000000179e-03 9.999829999999999552e-01 -9.455600000000000116e-02 9.955079999999999485e-01 4.688000000000000327e-03 -9.955119999999999525e-01 -9.457300000000000428e-02 3.527999999999999886e-03
1.900000000000000000e+01 8.200000000000000000e+01 6.200000000000000000e+01 0.000000000000000000e+00 1.600000000000000089e+00 6.359580000000000233e-01 -7.463459999999999539e-01 1.962780000000000080e-01 -6.464090000000000114e-01 -6.541059999999999652e-01 -3.928119999999999945e-01 4.215599999999999903e-01 1.229360000000000036e-01 -8.984280000000000044e-01
2.000000000000000000e+01 3.000000000000000000e+00 6.300000000000000000e+01 0.000000000000000000e+00 1.600000000000000089e+00 1.704999999999999918e-03 1.383299999999999981e-02 9.999029999999999863e-01 -6.250449999999999617e-01 7.805279999999999996e-01 -9.733000000000000332e-03 -7.805870000000000308e-01 -6.249670000000000503e-01 9.976999999999999758e-03
2.700000000000000000e+01 3.000000000000000000e+00 6.300000000000000000e+01 0.000000000000000000e+00 1.600000000000000089e+00 7.460000000000000268e-04 1.727000000000000019e-03 9.999980000000000535e-01 -6.163809999999999567e-01 7.874480000000000368e-01 -8.999999999999999754e-04 -7.874480000000000368e-01 -6.163790000000000102e-01 1.650999999999999907e-03
4.000000000000000000e+00 2.700000000000000000e+01 6.300000000000000000e+01 0.000000000000000000e+00 1.600000000000000089e+00 1.922000000000000097e-03 -2.899000000000000101e-03 9.999940000000000495e-01 -2.786810000000000120e-01 9.603779999999999539e-01 3.318999999999999902e-03 -9.603819999999999579e-01 -2.786850000000000160e-01 1.038999999999999993e-03
8.000000000000000000e+00 2.700000000000000000e+01 6.300000000000000000e+01 0.000000000000000000e+00 1.600000000000000089e+00 1.987000000000000051e-03 -4.871999999999999595e-03 9.999860000000000415e-01 -2.802999999999999936e-01 9.598980000000000290e-01 5.233999999999999937e-03 -9.599109999999999587e-01 -2.803059999999999996e-01 5.410000000000000312e-04
1.200000000000000000e+01 2.700000000000000000e+01 6.300000000000000000e+01 0.000000000000000000e+00 1.600000000000000089e+00 7.780000000000000457e-04 -3.324000000000000132e-03 9.999940000000000495e-01 -2.815860000000000030e-01 9.595299999999999940e-01 3.408000000000000005e-03 -9.595359999999999445e-01 -2.815869999999999762e-01 -1.900000000000000105e-04
1.800000000000000000e+01 2.700000000000000000e+01 6.300000000000000000e+01 0.000000000000000000e+00 1.600000000000000089e+00 -1.227999999999999925e-03 -3.047999999999999928e-03 9.999949999999999672e-01 -2.761799999999999811e-01 9.611030000000000406e-01 2.589999999999999854e-03 -9.611049999999999871e-01 -2.761750000000000038e-01 -2.021999999999999926e-03
2.100000000000000000e+01 2.700000000000000000e+01 6.300000000000000000e+01 0.000000000000000000e+00 1.600000000000000089e+00 2.339999999999999958e-04 1.520000000000000084e-04 1.000000000000000000e+00 -2.714050000000000074e-01 9.624650000000000150e-01 -8.200000000000000095e-05 -9.624650000000000150e-01 -2.714039999999999786e-01 2.669999999999999847e-04
