8.000000000000000000e+00 1.500000000000000000e+01 4.000000000000000000e+00 0.000000000000000000e+00 1.600000000000000089e+00 -1.789999999999999925e-03 9.100000000000000016e-04 9.999980000000000535e-01 3.291000000000000036e-01 -9.442939999999999667e-01 1.448999999999999984e-03 9.442930000000000490e-01 3.291020000000000056e-01 1.391000000000000092e-03
1.100000000000000000e+01 1.500000000000000000e+01 4.000000000000000000e+00 0.000000000000000000e+00 1.600000000000000089e+00 -8.210000000000000067e-04 3.049000000000000061e-03 9.999949999999999672e-01 3.261020000000000030e-01 -9.453289999999999749e-01 3.150000000000000022e-03 9.453340000000000076e-01 3.261029999999999762e-01 -2.180000000000000134e-04
1.600000000000000000e+01 1.500000000000000000e+01 4.000000000000000000e+00 0.000000000000000000e+00 1.600000000000000089e+00 7.360000000000000006e-04 6.581000000000000044e-03 9.999780000000000335e-01 3.245720000000000272e-01 -9.458419999999999606e-01 5.984999999999999869e-03 9.458609999999999518e-01 3.245600000000000152e-01 -2.831999999999999882e-03
1.800000000000000000e+01 1.500000000000000000e+01 4.000000000000000000e+00 0.000000000000000000e+00 1.600000000000000089e+00 2.539999999999999940e-04 1.070300000000000071e-02 9.999430000000000263e-01 3.223840000000000039e-01 -9.465559999999999530e-01 1.004999999999999991e-02 9.466090000000000337e-01 3.223630000000000106e-01 -3.690999999999999837e-03
2.200000000000000000e+01 1.500000000000000000e+01 4.000000000000000000e+00 0.000000000000000000e+00 1.600000000000000089e+00 1.167999999999999984e-03 1.282600000000000059e-02 9.999169999999999447e-01 3.189440000000000053e-01 -9.476999999999999869e-01 1.178399999999999934e-02 9.477729999999999766e-01 3.189040000000000208e-01 -5.197000000000000230e-03
2.900000000000000000e+01 8.200000000000000000e+01 4.000000000000000000e+00 0.000000000000000000e+00 1.600000000000000089e+00 -9.042350000000000110e-01 -1.601120000000000043e-01 -3.958820000000000117e-01 3.155700000000000172e-01 -8.751170000000000337e-01 -3.668589999999999907e-01 -2.877049999999999885e-01 -4.566549999999999776e-01 8.418390000000000040e-01
1.000000000000000000e+01 4.000000000000000000e+00 5.000000000000000000e+00 0.000000000000000000e+00 1.600000000000000089e+00 7.500000000000000156e-04 3.135999999999999899e-03 9.999949999999999672e-01 2.325109999999999955e-01 -9.725890000000000368e-01 2.874999999999999951e-03 9.725930000000000408e-01 2.325079999999999925e-01 -1.459000000000000010e-03
2.800000000000000000e+01 7.400000000000000000e+01 5.000000000000000000e+00 0.000000000000000000e+00 1.600000000000000089e+00 -9.333209999999999562e-01 -1.163450000000000040e-01 3.396700000000000275e-01 -1.644740000000000091e-01 9.794859999999999678e-01 -1.164310000000000067e-01 -3.191559999999999953e-01 -1.645349999999999868e-01 -9.333099999999999730e-01
1.000000000000000000e+01 1.010000000000000000e+02 7.000000000000000000e+00 0.000000000000000000e+00 1.600000000000000089e+00 -3.739999999999999835e-04 5.486999999999999690e-03 9.999850000000000128e-01 8.849559999999999649e-01 4.656689999999999996e-01 -2.223999999999999849e-03 -4.656739999999999768e-01 8.849420000000000064e-01 -5.029999999999999749e-03
2.400000000000000000e+01 1.010000000000000000e+02 7.000000000000000000e+00 0.000000000000000000e+00 1.600000000000000089e+00 -1.572000000000000047e-03 -1.051200000000000051e-02 9.999430000000000263e-01 8.828719999999999901e-01 4.695719999999999894e-01 6.323999999999999760e-03 -4.696119999999999739e-01 8.828319999999999501e-01 8.541999999999999246e-03
3.000000000000000000e+00 2.500000000000000000e+01 8.000000000000000000e+00 0.000000000000000000e+00 1.600000000000000089e+00 5.839999999999999922e-04 7.964000000000000593e-03 -9.999679999999999680e-01 4.472380000000000244e-01 8.943849999999999856e-01 7.383999999999999939e-03 8.944149999999999601e-01 -4.472280000000000144e-01 -3.039000000000000035e-03
6.000000000000000000e+00 2.500000000000000000e+01 8.000000000000000000e+00 0.000000000000000000e+00 1.600000000000000089e+00 2.120000000000000031e-04 3.736000000000000171e-03 -9.999930000000000208e-01 4.469060000000000255e-01 8.945739999999999803e-01 3.436999999999999951e-03 8.945809999999999595e-01 -4.469029999999999947e-01 -1.479999999999999979e-03
9.000000000000000000e+00 2.500000000000000000e+01 8.000000000000000000e+00 0.000000000000000000e+00 1.600000000000000089e+00 -5.419999999999999471e-04 -1.129999999999999928e-03 -9.999989999999999712e-01 4.460799999999999765e-01 8.949920000000000098e-01 -1.252999999999999991e-03 8.949930000000000385e-01 -4.460799999999999765e-01 1.900000000000000105e-05
1.300000000000000000e+01 2.500000000000000000e+01 8.000000000000000000e+00 0.000000000000000000e+00 1.600000000000000089e+00 -2.981999999999999842e-03 -3.285000000000000159e-03 -9.999900000000000455e-01 4.456390000000000073e-01 8.952020000000000532e-01 -4.270000000000000358e-03 8.952080000000000037e-01 -4.456479999999999886e-01 -1.204999999999999908e-03
1.800000000000000000e+01 2.500000000000000000e+01 8.000000000000000000e+00 0.000000000000000000e+00 1.600000000000000089e+00 -3.749000000000000162e-03 -7.609000000000000312e-03 -9.999639999999999640e-01 4.476999999999999869e-01 8.941440000000000499e-01 -8.481999999999999956e-03 8.941759999999999708e-01 -4.477160000000000029e-01 5.399999999999999798e-05
2.200000000000000000e+01 2.500000000000000000e+01 8.000000000000000000e+00 0.000000000000000000e+00 1.600000000000000089e+00 -2.226999999999999813e-03 -4.518000000000000314e-03 -9.999869999999999592e-01 4.491490000000000204e-01 8.934419999999999584e-01 -5.036999999999999811e-03 8.934539999999999704e-01 -4.491550000000000264e-01 4.000000000000000327e-05
2.700000000000000000e+01 2.500000000000000000e+01 8.000000000000000000e+00 0.000000000000000000e+00 1.600000000000000089e+00 -2.158000000000000196e-03 -7.066000000000000232e-03 -9.999730000000000008e-01 4.490439999999999987e-01 8.934800000000000519e-01 -7.283000000000000411e-03 8.935070000000000512e-01 -4.490480000000000027e-01 1.244000000000000097e-03
2.000000000000000000e+00 2.400000000000000000e+01 9.000000000000000000e+00 0.000000000000000000e+00 1.600000000000000089e+00 3.179999999999999776e-04 9.175000000000000863e-03 -9.999580000000000135e-01 4.501769999999999938e-01 8.929000000000000270e-01 8.335999999999999660e-03 8.929390000000000382e-01 -4.501609999999999778e-01 -3.846000000000000026e-03
7.000000000000000000e+00 2.400000000000000000e+01 9.000000000000000000e+00 0.000000000000000000e+00 1.600000000000000089e+00 2.280000000000000126e-04 1.507000000000000093e-03 -9.999989999999999712e-01 4.494239999999999902e-01 8.933170000000000277e-01 1.448999999999999984e-03 8.933179999999999454e-01 -4.494239999999999902e-01 -4.739999999999999747e-04
1.300000000000000000e+01 2.400000000000000000e+01 9.000000000000000000e+00 0.000000000000000000e+00 1.600000000000000089e+00 -2.896000000000000137e-03 -3.998999999999999951e-03 -9.999879999999999880e-01 4.485319999999999863e-01 8.937540000000000484e-01 -4.872999999999999728e-03 8.937619999999999454e-01 -4.485399999999999943e-01 -7.940000000000000009e-04
1.800000000000000000e+01 2.400000000000000000e+01 9.000000000000000000e+00 0.000000000000000000e+00 1.600000000000000089e+00 -3.739000000000000136e-03 -7.455999999999999954e-03 -9.999649999999999928e-01 4.507010000000000183e-01 8.926359999999999850e-01 -8.340999999999999456e-03 8.926669999999999883e-01 -4.507160000000000055e-01 2.300000000000000002e-05
2.300000000000000000e+01 2.400000000000000000e+01 9.000000000000000000e+00 0.000000000000000000e+00 1.600000000000000089e+00 -1.628000000000000107e-03 -4.775999999999999863e-03 -9.999869999999999592e-01 4.519400000000000084e-01 8.920350000000000223e-01 -4.995999999999999573e-03 8.920470000000000343e-01 -4.519420000000000104e-01 7.069999999999999462e-04
2.800000000000000000e+01 2.400000000000000000e+01 9.000000000000000000e+00 0.000000000000000000e+00 1.600000000000000089e+00 -2.262999999999999821e-03 -1.001200000000000007e-02 -9.999470000000000303e-01 4.510100000000000220e-01 8.924630000000000063e-01 -9.955999999999999572e-03 8.925159999999999760e-01 -4.510089999999999932e-01 2.495999999999999955e-03
1.000000000000000000e+00 1.200000000000000000e+01 1.000000000000000000e+01 0.000000000000000000e+00 1.600000000000000089e+00 4.500000000000000283e-05 1.079199999999999951e-02 -9.999419999999999975e-01 -5.495320000000000205e-01 -8.354240000000000554e-01 -9.041999999999999690e-03 -8.354730000000000212e-01 5.495010000000000172e-01 5.892999999999999801e-03
5.000000000000000000e+00 3.100000000000000000e+01 1.200000000000000000e+01 0.000000000000000000e+00 1.600000000000000089e+00 -7.179999999999999967e-04 4.279999999999999950e-04 1.000000000000000000e+00 -3.811000000000000151e-03 9.999930000000000208e-01 -4.310000000000000137e-04 -9.999919999999999920e-01 -3.811000000000000151e-03 -7.169999999999999724e-04
1.000000000000000000e+01 3.100000000000000000e+01 1.200000000000000000e+01 0.000000000000000000e+00 1.600000000000000089e+00 -6.000000000000000152e-05 -1.010000000000000020e-04 1.000000000000000000e+00 -2.089000000000000145e-03 9.999980000000000535e-01 1.010000000000000020e-04 -9.999980000000000535e-01 -2.089000000000000145e-03 -6.000000000000000152e-05
2.600000000000000000e+01 3.100000000000000000e+01 1.200000000000000000e+01 0.000000000000000000e+00 1.600000000000000089e+00 3.719999999999999891e-04 -2.181999999999999912e-03 9.999980000000000535e-01 -1.366700000000000033e-02 9.999040000000000150e-01 2.187000000000000142e-03 -9.999069999999999903e-01 -1.366799999999999959e-02 3.420000000000000188e-04
2.400000000000000000e+01 3.500000000000000000e+01 1.200000000000000000e+01 0.000000000000000000e+00 1.600000000000000089e+00 -1.010000000000000020e-04 -5.492000000000000354e-03 -9.999850000000000128e-01 4.930820000000000203e-01 -8.699700000000000211e-01 4.728000000000000431e-03 -8.699829999999999508e-01 -4.930740000000000123e-01 2.795999999999999874e-03
3.000000000000000000e+01 3.500000000000000000e+01 1.200000000000000000e+01 0.000000000000000000e+00 1.600000000000000089e+00 7.320000000000000118e-04 6.453000000000000402e-03 -9.999789999999999512e-01 4.797850000000000170e-01 -8.773699999999999832e-01 -5.309999999999999616e-03 -8.773859999999999992e-01 -4.797710000000000030e-01 -3.738000000000000003e-03
2.700000000000000000e+01 7.300000000000000000e+01 1.300000000000000000e+01 0.000000000000000000e+00 1.600000000000000089e+00 -9.328469999999999818e-01 -1.389330000000000009e-01 3.324059999999999793e-01 -2.600120000000000209e-01 8.982809999999999961e-01 -3.542370000000000241e-01 -2.493789999999999896e-01 -4.168789999999999996e-01 -8.740839999999999721e-01
7.000000000000000000e+00 1.160000000000000000e+02 1.600000000000000000e+01 0.000000000000000000e+00 1.600000000000000089e+00 -4.009000000000000410e-03 -3.317000000000000070e-03 9.999869999999999592e-01 7.021889999999999521e-01 7.119720000000000493e-01 5.177000000000000178e-03 -7.119790000000000285e-01 7.022000000000000464e-01 -5.249999999999999676e-04
8.000000000000000000e+00 2.000000000000000000e+00 1.900000000000000000e+01 0.000000000000000000e+00 1.600000000000000089e+00 2.049000000000000040e-03 -2.760100000000000053e-02 -9.996169999999999778e-01 1.957820000000000116e-01 -9.802629999999999955e-01 2.746799999999999936e-02 -9.806449999999999889e-01 -1.957629999999999926e-01 3.395000000000000014e-03
1.300000000000000000e+01 2.000000000000000000e+00 1.900000000000000000e+01 0.000000000000000000e+00 1.600000000000000089e+00 4.360000000000000269e-04 -6.492000000000000375e-03 -9.999789999999999512e-01 2.062930000000000041e-01 -9.784690000000000332e-01 6.441999999999999810e-03 -9.784899999999999709e-01 -2.062920000000000031e-01 9.129999999999999661e-04
1.900000000000000000e+01 2.000000000000000000e+00 1.900000000000000000e+01 0.000000000000000000e+00 1.600000000000000089e+00 1.877999999999999895e-03 1.568299999999999902e-02 -9.998749999999999583e-01 2.038699999999999957e-01 -9.788839999999999764e-01 -1.497099999999999993e-02 -9.789959999999999773e-01 -2.038159999999999972e-01 -5.035999999999999678e-03
2.200000000000000000e+01 2.000000000000000000e+00 1.900000000000000000e+01 0.000000000000000000e+00 1.600000000000000089e+00 1.268999999999999946e-03 2.510199999999999931e-02 -9.996840000000000170e-01 1.981159999999999866e-01 -9.798759999999999692e-01 -2.435299999999999965e-02 -9.801779999999999937e-01 -1.980230000000000046e-01 -6.217000000000000304e-03
2.800000000000000000e+01 2.000000000000000000e+00 1.900000000000000000e+01 0.000000000000000000e+00 1.600000000000000089e+00 -2.550000000000000183e-03 1.530100000000000036e-02 -9.998799999999999910e-01 1.854820000000000080e-01 -9.825249999999999817e-01 -1.550799999999999922e-02 -9.826439999999999619e-01 -1.854989999999999972e-01 -3.319999999999999926e-04
1.400000000000000000e+01 4.000000000000000000e+00 2.000000000000000000e+01 0.000000000000000000e+00 1.600000000000000089e+00 -1.036999999999999944e-03 -5.176000000000000045e-03 -9.999860000000000415e-01 3.256379999999999830e-01 -9.454839999999999911e-01 4.556000000000000154e-03 -9.454939999999999456e-01 -3.256279999999999730e-01 2.665999999999999967e-03
1.900000000000000000e+01 4.000000000000000000e+00 2.000000000000000000e+01 0.000000000000000000e+00 1.600000000000000089e+00 7.720000000000000083e-04 1.434299999999999985e-02 -9.998970000000000358e-01 3.217679999999999985e-01 -9.467250000000000387e-01 -1.333200000000000010e-02 -9.468180000000000485e-01 -3.217240000000000100e-01 -5.346000000000000058e-03
4.000000000000000000e+00 1.300000000000000000e+01 2.000000000000000000e+01 0.000000000000000000e+00 1.600000000000000089e+00 -3.220000000000000206e-04 -1.835999999999999958e-03 9.999980000000000535e-01 2.577420000000000266e-01 9.662119999999999598e-01 1.856000000000000011e-03 -9.662140000000000173e-01 2.577420000000000266e-01 1.620000000000000075e-04
1.800000000000000000e+01 1.300000000000000000e+01 2.000000000000000000e+01 0.000000000000000000e+00 1.600000000000000089e+00 -3.119999999999999944e-04 -1.198000000000000063e-03 9.999989999999999712e-01 2.672709999999999808e-01 9.636209999999999498e-01 1.237999999999999951e-03 -9.636209999999999498e-01 2.672709999999999808e-01 2.000000000000000164e-05
2.100000000000000000e+01 1.300000000000000000e+01 2.000000000000000000e+01 0.000000000000000000e+00 1.600000000000000089e+00 1.745000000000000023e-03 7.283000000000000411e-03 9.999719999999999720e-01 2.652939999999999743e-01 9.641389999999999683e-01 -7.485000000000000334e-03 -9.641659999999999675e-01 2.652990000000000070e-01 -2.500000000000000052e-04
2.700000000000000000e+01 1.300000000000000000e+01 2.000000000000000000e+01 0.000000000000000000e+00 1.600000000000000089e+00 -3.899999999999999929e-05 -3.569999999999999823e-03 9.999940000000000495e-01 2.601120000000000099e-01 9.655719999999999859e-01 3.457000000000000003e-03 -9.655780000000000474e-01 2.601100000000000079e-01 8.899999999999999491e-04
2.300000000000000000e+01 5.000000000000000000e+01 2.200000000000000000e+01 0.000000000000000000e+00 1.600000000000000089e+00 -1.000599999999999927e-02 -6.202000000000000048e-03 -9.999310000000000143e-01 -5.803530000000000078e-01 8.143639999999999768e-01 7.560000000000000530e-04 8.143029999999999990e-01 5.803209999999999757e-01 -1.174799999999999976e-02
2.700000000000000000e+01 7.100000000000000000e+01 2.300000000000000000e+01 0.000000000000000000e+00 1.600000000000000089e+00 -7.074200000000000488e-01 -6.195910000000000029e-01 3.400940000000000074e-01 -6.605259999999999465e-01 7.507779999999999454e-01 -6.154999999999999881e-03 -2.515209999999999946e-01 -2.289950000000000041e-01 -9.403709999999999569e-01
2.000000000000000000e+00 3.000000000000000000e+00 2.500000000000000000e+01 0.000000000000000000e+00 1.600000000000000089e+00 -1.659999999999999963e-04 -1.099900000000000010e-02 9.999390000000000223e-01 -6.638399999999999856e-02 -9.977340000000000098e-01 -1.098599999999999924e-02 9.977939999999999587e-01 -6.638199999999999656e-02 -5.640000000000000482e-04
9.000000000000000000e+00 3.000000000000000000e+00 2.500000000000000000e+01 0.000000000000000000e+00 1.600000000000000089e+00 -8.443000000000000851e-03 -2.787399999999999947e-02 9.995760000000000201e-01 -8.799899999999999389e-02 -9.957129999999999592e-01 -2.851000000000000062e-02 9.960849999999999982e-01 -8.820200000000000262e-02 5.954000000000000091e-03
1.400000000000000000e+01 3.000000000000000000e+00 2.500000000000000000e+01 0.000000000000000000e+00 1.600000000000000089e+00 -3.956999999999999580e-03 -6.342999999999999680e-03 9.999719999999999720e-01 -9.951000000000000123e-02 -9.950139999999999540e-01 -6.705000000000000022e-03 9.950290000000000523e-01 -9.953299999999999648e-02 3.305999999999999911e-03
1.900000000000000000e+01 3.000000000000000000e+00 2.500000000000000000e+01 0.000000000000000000e+00 1.600000000000000089e+00 2.197000000000000168e-03 1.379400000000000071e-02 9.999019999999999575e-01 -9.352800000000000002e-02 -9.955190000000000428e-01 1.393900000000000000e-02 9.956139999999999990e-01 -9.354899999999999327e-02 -8.970000000000000109e-04
2.200000000000000000e+01 3.000000000000000000e+00 2.500000000000000000e+01 0.000000000000000000e+00 1.600000000000000089e+00 3.831000000000000204e-03 1.787199999999999900e-02 9.998329999999999718e-01 -8.784000000000000141e-02 -9.959689999999999932e-01 1.813999999999999987e-02 9.961269999999999847e-01 -8.789500000000000091e-02 -2.246000000000000166e-03
2.800000000000000000e+01 3.000000000000000000e+00 2.500000000000000000e+01 0.000000000000000000e+00 1.600000000000000089e+00 3.481999999999999852e-03 1.708300000000000096e-02 9.998479999999999590e-01 -7.035199999999999787e-02 -9.973720000000000363e-01 1.728499999999999828e-02 9.975159999999999583e-01 -7.040100000000000524e-02 -2.271000000000000015e-03
8.000000000000000000e+00 4.600000000000000000e+01 2.700000000000000000e+01 0.000000000000000000e+00 1.600000000000000089e+00 -8.229999999999999469e-04 -4.650000000000000270e-04 -1.000000000000000000e+00 6.771040000000000392e-01 7.358869999999999578e-01 -8.989999999999999511e-04 7.358869999999999578e-01 -6.771049999999999569e-01 -2.910000000000000260e-04
1.500000000000000000e+01 4.600000000000000000e+01 2.700000000000000000e+01 0.000000000000000000e+00 1.600000000000000089e+00 -2.660000000000000146e-04 -1.404999999999999999e-03 -9.999989999999999712e-01 6.751470000000000526e-01 7.376819999999999489e-01 -1.216000000000000067e-03 7.376829999999999776e-01 -6.751470000000000526e-01 7.519999999999999558e-04
1.900000000000000000e+01 4.600000000000000000e+01 2.700000000000000000e+01 0.000000000000000000e+00 1.600000000000000089e+00 -6.019999999999999961e-04 -2.053000000000000137e-03 -9.999980000000000535e-01 6.703890000000000127e-01 7.420069999999999721e-01 -1.926999999999999894e-03 7.420090000000000297e-01 -6.703890000000000127e-01 9.290000000000000297e-04
3.000000000000000000e+01 4.600000000000000000e+01 2.700000000000000000e+01 0.000000000000000000e+00 1.600000000000000089e+00 -3.593999999999999972e-03 -2.115999999999999825e-03 -9.999909999999999632e-01 6.613679999999999559e-01 7.500510000000000232e-01 -3.963999999999999642e-03 7.500529999999999697e-01 -6.613769999999999927e-01 -1.296000000000000060e-03
6.000000000000000000e+00 4.600000000000000000e+01 3.000000000000000000e+01 0.000000000000000000e+00 1.600000000000000089e+00 1.200000000000000030e-04 -1.271999999999999910e-03 -9.999989999999999712e-01 3.319920000000000093e-01 9.432819999999999538e-01 -1.160000000000000007e-03 9.432819999999999538e-01 -3.319909999999999806e-01 5.349999999999999938e-04
9.000000000000000000e+00 4.600000000000000000e+01 3.000000000000000000e+01 0.000000000000000000e+00 1.600000000000000089e+00 -3.869999999999999742e-04 -1.417000000000000074e-03 -9.999989999999999712e-01 3.312160000000000104e-01 9.435540000000000038e-01 -1.466000000000000072e-03 9.435550000000000326e-01 -3.312160000000000104e-01 1.039999999999999936e-04
2.400000000000000000e+01 4.600000000000000000e+01 3.000000000000000000e+01 0.000000000000000000e+00 1.600000000000000089e+00 6.480000000000000300e-04 9.319999999999999942e-04 -9.999989999999999712e-01 3.199750000000000094e-01 9.474249999999999616e-01 1.090000000000000040e-03 9.474259999999999904e-01 -3.199750000000000094e-01 3.159999999999999832e-04
8.000000000000000000e+00 5.800000000000000000e+01 3.100000000000000000e+01 0.000000000000000000e+00 1.600000000000000089e+00 6.840000000000000377e-04 -7.010000000000000172e-04 1.000000000000000000e+00 -7.986619999999999830e-01 -6.017799999999999816e-01 1.240000000000000054e-04 6.017799999999999816e-01 -7.986619999999999830e-01 -9.709999999999999664e-04
1.200000000000000000e+01 5.800000000000000000e+01 3.100000000000000000e+01 0.000000000000000000e+00 1.600000000000000089e+00 -6.109999999999999980e-04 -1.696999999999999941e-03 9.999980000000000535e-01 -7.974620000000000042e-01 -6.033669999999999867e-01 -1.512000000000000106e-03 6.033680000000000154e-01 -7.974620000000000042e-01 -9.849999999999999815e-04
1.500000000000000000e+01 5.800000000000000000e+01 3.100000000000000000e+01 0.000000000000000000e+00 1.600000000000000089e+00 -3.419000000000000164e-03 -5.147999999999999798e-03 9.999810000000000088e-01 -7.984179999999999611e-01 -6.020759999999999446e-01 -5.828999999999999980e-03 6.020940000000000181e-01 -7.984219999999999651e-01 -2.052000000000000005e-03
2.000000000000000000e+01 5.800000000000000000e+01 3.100000000000000000e+01 0.000000000000000000e+00 1.600000000000000089e+00 -6.329999999999999906e-04 -4.494999999999999864e-03 9.999900000000000455e-01 -7.958070000000000421e-01 -6.055420000000000247e-01 -3.226000000000000135e-03 6.055500000000000327e-01 -7.958009999999999806e-01 -3.193999999999999791e-03
2.500000000000000000e+01 5.800000000000000000e+01 3.100000000000000000e+01 0.000000000000000000e+00 1.600000000000000089e+00 5.301000000000000156e-03 4.021000000000000268e-03 9.999780000000000335e-01 -7.850270000000000303e-01 -6.194260000000000321e-01 6.653000000000000060e-03 6.194389999999999619e-01 -7.850449999999999928e-01 -1.269999999999999970e-04
1.000000000000000000e+01 1.800000000000000000e+01 3.400000000000000000e+01 0.000000000000000000e+00 1.600000000000000089e+00 -1.265000000000000065e-03 -6.258999999999999807e-03 -9.999799999999999800e-01 -3.111860000000000182e-01 -9.503279999999999506e-01 6.342000000000000415e-03 -9.503479999999999706e-01 3.111869999999999914e-01 -7.450000000000000025e-04
1.500000000000000000e+01 1.800000000000000000e+01 3.400000000000000000e+01 0.000000000000000000e+00 1.600000000000000089e+00 -4.470000000000000232e-04 -2.175999999999999983e-03 -9.999970000000000248e-01 -3.062790000000000235e-01 -9.519389999999999796e-01 2.209000000000000026e-03 -9.519419999999999549e-01 3.062790000000000235e-01 -2.410000000000000033e-04
3.000000000000000000e+00 4.600000000000000000e+01 3.500000000000000000e+01 0.000000000000000000e+00 1.600000000000000089e+00 -3.844000000000000195e-03 -1.620000000000000075e-04 -9.999930000000000208e-01 3.943300000000000138e-01 -9.189680000000000071e-01 -1.366999999999999943e-03 -9.189610000000000278e-01 -3.943329999999999891e-01 3.595999999999999804e-03
8.000000000000000000e+00 4.600000000000000000e+01 3.500000000000000000e+01 0.000000000000000000e+00 1.600000000000000089e+00 6.440000000000000412e-04 -1.062100000000000023e-02 -9.999430000000000263e-01 3.921560000000000046e-01 -9.198439999999999950e-01 1.002199999999999966e-02 -9.198990000000000222e-01 -3.921399999999999886e-01 3.572999999999999787e-03
1.300000000000000000e+01 4.600000000000000000e+01 3.500000000000000000e+01 0.000000000000000000e+00 1.600000000000000089e+00 1.046999999999999971e-03 -6.682999999999999705e-03 -9.999770000000000048e-01 3.920029999999999903e-01 -9.199410000000000087e-01 6.558999999999999726e-03 -9.199629999999999752e-01 -3.920009999999999883e-01 1.657000000000000053e-03
1.600000000000000000e+01 4.600000000000000000e+01 3.500000000000000000e+01 0.000000000000000000e+00 1.600000000000000089e+00 -5.599999999999999509e-04 -1.379999999999999933e-03 -9.999989999999999712e-01 3.930089999999999972e-01 -9.195339999999999625e-01 1.049000000000000019e-03 -9.195339999999999625e-01 -3.930080000000000240e-01 1.056999999999999997e-03
2.200000000000000000e+01 4.600000000000000000e+01 3.500000000000000000e+01 0.000000000000000000e+00 1.600000000000000089e+00 1.075000000000000001e-03 -5.971999999999999878e-03 -9.999820000000000375e-01 3.915219999999999811e-01 -9.201500000000000234e-01 5.916000000000000252e-03 -9.201679999999999859e-01 -3.915210000000000079e-01 1.348999999999999939e-03
2.600000000000000000e+01 4.600000000000000000e+01 3.500000000000000000e+01 0.000000000000000000e+00 1.600000000000000089e+00 4.220000000000000118e-04 -1.427000000000000100e-03 -9.999989999999999712e-01 3.906819999999999737e-01 -9.205250000000000377e-01 1.477999999999999930e-03 -9.205259999999999554e-01 -3.906819999999999737e-01 1.689999999999999879e-04
2.000000000000000000e+00 9.500000000000000000e+01 3.600000000000000000e+01 0.000000000000000000e+00 1.600000000000000089e+00 6.766000000000000313e-03 1.036000000000000029e-03 9.999770000000000048e-01 9.980170000000000430e-01 6.257699999999999374e-02 -6.817000000000000143e-03 -6.258299999999999974e-02 9.980400000000000382e-01 -6.109999999999999980e-04
5.000000000000000000e+00 9.500000000000000000e+01 3.600000000000000000e+01 0.000000000000000000e+00 1.600000000000000089e+00 7.988000000000000309e-03 4.725000000000000033e-03 9.999569999999999848e-01 9.976150000000000295e-01 6.852600000000000358e-02 -8.293000000000000024e-03 -6.856199999999999795e-02 9.976380000000000248e-01 -4.166000000000000432e-03
1.300000000000000000e+01 9.500000000000000000e+01 3.600000000000000000e+01 0.000000000000000000e+00 1.600000000000000089e+00 4.227999999999999987e-03 -1.599400000000000127e-02 9.998629999999999463e-01 9.972609999999999530e-01 7.390700000000000047e-02 -3.034999999999999937e-03 -7.384799999999999698e-02 9.971370000000000511e-01 1.626199999999999868e-02
1.700000000000000000e+01 9.500000000000000000e+01 3.600000000000000000e+01 0.000000000000000000e+00 1.600000000000000089e+00 1.482000000000000027e-03 -5.870999999999999830e-02 9.982739999999999947e-01 9.971470000000000056e-01 7.542999999999999705e-02 2.955999999999999860e-03 -7.547299999999999842e-02 9.954210000000000003e-01 5.865399999999999781e-02
4.000000000000000000e+00 3.000000000000000000e+00 4.300000000000000000e+01 0.000000000000000000e+00 1.600000000000000089e+00 -3.253999999999999948e-03 3.137000000000000031e-03 -9.999900000000000455e-01 7.374969999999999581e-01 -6.753360000000000474e-01 -4.518999999999999580e-03 -6.753430000000000266e-01 -7.375040000000000484e-01 -1.160000000000000007e-04
1.100000000000000000e+01 3.000000000000000000e+00 4.300000000000000000e+01 0.000000000000000000e+00 1.600000000000000089e+00 2.648000000000000180e-03 1.153799999999999965e-02 -9.999299999999999855e-01 7.347299999999999942e-01 -6.783350000000000213e-01 -5.880999999999999943e-03 -6.783550000000000413e-01 -7.346629999999999550e-01 -1.027299999999999915e-02
1.500000000000000000e+01 3.000000000000000000e+00 4.300000000000000000e+01 0.000000000000000000e+00 1.600000000000000089e+00 2.429999999999999868e-03 1.149999999999999981e-03 -9.999959999999999960e-01 7.373420000000000529e-01 -6.755189999999999806e-01 1.015000000000000060e-03 -6.755149999999999766e-01 -7.373420000000000529e-01 -2.490000000000000026e-03
1.800000000000000000e+01 3.000000000000000000e+00 4.300000000000000000e+01 0.000000000000000000e+00 1.600000000000000089e+00 4.145000000000000247e-03 1.404299999999999993e-02 -9.998930000000000318e-01 7.367010000000000502e-01 -6.761880000000000113e-01 -6.442999999999999942e-03 -6.762059999999999738e-01 -7.365949999999999998e-01 -1.314899999999999923e-02
2.100000000000000000e+01 3.000000000000000000e+00 4.300000000000000000e+01 0.000000000000000000e+00 1.600000000000000089e+00 5.995000000000000329e-03 2.880599999999999827e-02 -9.995669999999999833e-01 7.321379999999999555e-01 -6.809859999999999802e-01 -1.523399999999999928e-02 -6.811300000000000132e-01 -7.317289999999999628e-01 -2.517300000000000093e-02
2.600000000000000000e+01 3.000000000000000000e+00 4.300000000000000000e+01 0.000000000000000000e+00 1.600000000000000089e+00 1.011500000000000073e-02 9.001000000000000320e-03 -9.999080000000000190e-01 7.308679999999999621e-01 -6.825179999999999580e-01 1.248999999999999893e-03 -6.824440000000000506e-01 -7.308130000000000459e-01 -1.348199999999999919e-02
1.200000000000000000e+01 8.000000000000000000e+00 4.400000000000000000e+01 0.000000000000000000e+00 1.600000000000000089e+00 -2.186000000000000009e-03 4.653000000000000018e-03 9.999869999999999592e-01 -7.825170000000000181e-01 -6.226279999999999593e-01 1.186999999999999904e-03 6.226260000000000128e-01 -7.825039999999999774e-01 5.002000000000000370e-03
2.300000000000000000e+01 8.000000000000000000e+00 4.400000000000000000e+01 0.000000000000000000e+00 1.600000000000000089e+00 6.721999999999999677e-03 1.542499999999999948e-02 9.998580000000000245e-01 -7.826480000000000103e-01 -6.222870000000000346e-01 1.486200000000000021e-02 6.224279999999999813e-01 -7.826379999999999448e-01 7.889999999999999444e-03
3.000000000000000000e+00 2.900000000000000000e+01 4.400000000000000000e+01 0.000000000000000000e+00 1.600000000000000089e+00 -2.768000000000000061e-03 -2.305000000000000191e-03 -9.999940000000000495e-01 6.605950000000000433e-01 7.507340000000000124e-01 -3.559000000000000098e-03 7.507369999999999877e-01 -6.605999999999999650e-01 -5.550000000000000462e-04
6.000000000000000000e+00 2.900000000000000000e+01 4.400000000000000000e+01 0.000000000000000000e+00 1.600000000000000089e+00 -1.719999999999999958e-03 -2.056999999999999801e-03 -9.999959999999999960e-01 6.648830000000000018e-01 7.469430000000000236e-01 -2.680000000000000090e-03 7.469449999999999701e-01 -6.648849999999999483e-01 8.299999999999999815e-05
1.000000000000000000e+01 2.900000000000000000e+01 4.400000000000000000e+01 0.000000000000000000e+00 1.600000000000000089e+00 -7.860000000000000233e-04 -2.288999999999999802e-03 -9.999970000000000248e-01 6.674390000000000045e-01 7.446610000000000174e-01 -2.229000000000000078e-03 7.446639999999999926e-01 -6.674390000000000045e-01 9.430000000000000448e-04
1.400000000000000000e+01 2.900000000000000000e+01 4.400000000000000000e+01 0.000000000000000000e+00 1.600000000000000089e+00 4.929999999999999487e-04 1.095000000000000053e-03 -9.999989999999999712e-01 6.697910000000000252e-01 7.425490000000000146e-01 1.142999999999999919e-03 7.425500000000000433e-01 -6.697910000000000252e-01 -3.669999999999999760e-04
1.700000000000000000e+01 2.900000000000000000e+01 4.400000000000000000e+01 0.000000000000000000e+00 1.600000000000000089e+00 1.910999999999999938e-03 1.881000000000000076e-03 -9.999959999999999960e-01 6.666539999999999688e-01 7.453619999999999690e-01 2.675999999999999993e-03 7.453650000000000553e-01 -6.666570000000000551e-01 1.710000000000000094e-04
2.100000000000000000e+01 2.900000000000000000e+01 4.400000000000000000e+01 0.000000000000000000e+00 1.600000000000000089e+00 1.347000000000000107e-03 2.719999999999999979e-04 -9.999989999999999712e-01 6.550789999999999669e-01 7.555600000000000094e-01 1.087999999999999991e-03 7.555600000000000094e-01 -6.550789999999999669e-01 8.400000000000000348e-04
2.000000000000000000e+00 7.000000000000000000e+01 4.700000000000000000e+01 0.000000000000000000e+00 1.600000000000000089e+00 2.436999999999999930e-03 -7.396999999999999929e-03 -9.999700000000000255e-01 -8.450919999999999543e-01 -5.346180000000000376e-01 1.894999999999999983e-03 -5.346159999999999801e-01 8.450609999999999511e-01 -7.553999999999999951e-03
3.000000000000000000e+01 5.000000000000000000e+00 5.100000000000000000e+01 0.000000000000000000e+00 1.600000000000000089e+00 3.350000000000000113e-04 -7.421999999999999778e-03 -9.999719999999999720e-01 4.852589999999999959e-01 -8.743450000000000388e-01 6.651999999999999927e-03 -8.743699999999999806e-01 -4.852480000000000127e-01 3.308999999999999875e-03
3.000000000000000000e+00 6.000000000000000000e+00 5.100000000000000000e+01 0.000000000000000000e+00 1.600000000000000089e+00 -4.473000000000000413e-03 -1.588900000000000035e-02 -9.998639999999999750e-01 3.134770000000000056e-01 -9.494970000000000354e-01 1.368600000000000025e-02 -9.495850000000000124e-01 -3.133730000000000127e-01 9.228000000000000091e-03
7.000000000000000000e+00 6.000000000000000000e+00 5.100000000000000000e+01 0.000000000000000000e+00 1.600000000000000089e+00 -5.505000000000000344e-03 -9.995999999999999677e-03 -9.999350000000000183e-01 3.198559999999999737e-01 -9.474350000000000271e-01 7.709999999999999840e-03 -9.474500000000000144e-01 -3.197929999999999939e-01 8.413999999999999604e-03
2.100000000000000000e+01 6.000000000000000000e+00 5.100000000000000000e+01 0.000000000000000000e+00 1.600000000000000089e+00 3.848999999999999991e-03 1.581499999999999920e-02 -9.998679999999999790e-01 3.097460000000000213e-01 -9.507189999999999808e-01 -1.384499999999999967e-02 -9.508119999999999905e-01 -3.096519999999999828e-01 -8.557999999999999635e-03
6.000000000000000000e+00 7.000000000000000000e+00 5.200000000000000000e+01 0.000000000000000000e+00 1.600000000000000089e+00 -6.902000000000000149e-03 -9.154999999999999943e-03 -9.999339999999999895e-01 1.188820000000000016e-01 -9.928740000000000343e-01 8.269999999999999574e-03 -9.928839999999999888e-01 -1.188170000000000059e-01 7.941000000000000142e-03
2.200000000000000000e+01 7.000000000000000000e+00 5.200000000000000000e+01 0.000000000000000000e+00 1.600000000000000089e+00 9.483000000000000110e-03 1.461800000000000078e-02 -9.998479999999999590e-01 9.926400000000000501e-02 -9.949679999999999636e-01 -1.360600000000000004e-02 -9.950160000000000116e-01 -9.911999999999999977e-02 -1.088700000000000084e-02
2.700000000000000000e+01 7.000000000000000000e+00 5.200000000000000000e+01 0.000000000000000000e+00 1.600000000000000089e+00 4.818000000000000234e-03 6.513999999999999825e-03 -9.999670000000000503e-01 9.210799999999999543e-02 -9.957310000000000327e-01 -6.042999999999999761e-03 -9.957369999999999832e-01 -9.207600000000000506e-02 -5.398000000000000020e-03
5.000000000000000000e+00 6.300000000000000000e+01 5.400000000000000000e+01 0.000000000000000000e+00 1.600000000000000089e+00 -2.567999999999999970e-03 -4.629000000000000302e-03 9.999860000000000415e-01 -3.396089999999999942e-01 9.405599999999999516e-01 3.481999999999999852e-03 -9.405630000000000379e-01 -3.395949999999999802e-01 -3.988000000000000225e-03
1.200000000000000000e+01 6.300000000000000000e+01 5.400000000000000000e+01 0.000000000000000000e+00 1.600000000000000089e+00 1.026000000000000002e-03 1.469999999999999953e-04 1.000000000000000000e+00 -3.346339999999999870e-01 9.423479999999999634e-01 2.039999999999999984e-04 -9.423470000000000457e-01 -3.346350000000000158e-01 1.015999999999999976e-03
2.100000000000000000e+01 6.300000000000000000e+01 5.400000000000000000e+01 0.000000000000000000e+00 1.600000000000000089e+00 6.792000000000000294e-03 4.305999999999999932e-03 9.999679999999999680e-01 -3.422390000000000154e-01 9.396109999999999740e-01 -1.722000000000000006e-03 -9.395879999999999788e-01 -3.422160000000000202e-01 7.856000000000000136e-03
4.000000000000000000e+00 2.000000000000000000e+01 6.000000000000000000e+01 0.000000000000000000e+00 1.600000000000000089e+00 2.159999999999999919e-04 -1.106000000000000039e-02 9.999390000000000223e-01 -6.150499999999999717e-02 9.980459999999999887e-01 1.105199999999999932e-02 -9.981069999999999665e-01 -6.150400000000000311e-02 -4.650000000000000270e-04
5.000000000000000000e+00 2.100000000000000000e+01 6.000000000000000000e+01 0.000000000000000000e+00 1.600000000000000089e+00 5.580000000000000107e-04 -5.009999999999999697e-03 9.999869999999999592e-01 -9.515999999999999459e-02 9.954490000000000283e-01 5.040000000000000209e-03 -9.954619999999999580e-01 -9.516199999999999659e-02 7.899999999999999579e-05
1.100000000000000000e+01 2.100000000000000000e+01 6.000000000000000000e+01 0.000000000000000000e+00 1.600000000000000089e+00 -5.659999999999999884e-04 -9.048999999999999752e-03 9.999590000000000423e-01 -9.321100000000000219e-02 9.956059999999999910e-01 8.956999999999999684e-03 -9.956460000000000310e-01 -9.320199999999999319e-02 -1.407000000000000048e-03
1.500000000000000000e+01 2.100000000000000000e+01 6.000000000000000000e+01 0.000000000000000000e+00 1.600000000000000089e+00 -1.621000000000000045e-03 -6.603000000000000362e-03 9.999770000000000048e-01 -9.318500000000000394e-02 9.956279999999999575e-01 6.424000000000000023e-03 -9.956469999999999487e-01 -9.317300000000000582e-02 -2.230000000000000211e-03
2.100000000000000000e+01 2.100000000000000000e+01 6.000000000000000000e+01 0.000000000000000000e+00 1.600000000000000089e+00 -1.453999999999999997e-03 4.640000000000000027e-03 9.999879999999999880e-01 -9.584700000000000164e-02 9.953849999999999643e-01 -4.758000000000000076e-03 -9.953950000000000298e-01 -9.585200000000000664e-02 -1.002000000000000069e-03
2.600000000000000000e+01 2.100000000000000000e+01 6.000000000000000000e+01 0.000000000000000000e+00 1.600000000000000089e+00 1.327999999999999970e-03 1.216899999999999926e-02 9.999249999999999527e-01 -9.586699999999999389e-02 9.953220000000000400e-01 -1.198500000000000086e-02 -9.953929999999999723e-01 -9.584399999999999864e-02 2.488999999999999893e-03
3.000000000000000000e+01 2.100000000000000000e+01 6.000000000000000000e+01 0.000000000000000000e+00 1.600000000000000089e+00 4.180999999999999821e-03 1.776000000000000018e-03 9.999900000000000455e-01 -9.537099999999999744e-02 9.954410000000000203e-01 -1.368999999999999991e-03 -9.954330000000000123e-01 -9.536500000000000532e-02 4.331999999999999913e-03
2.000000000000000000e+01 8.200000000000000000e+01 6.200000000000000000e+01 0.000000000000000000e+00 1.600000000000000089e+00 6.359580000000000233e-01 -7.463459999999999539e-01 1.962780000000000080e-01 -6.464090000000000114e-01 -6.541059999999999652e-01 -3.928119999999999945e-01 4.215599999999999903e-01 1.229360000000000036e-01 -8.984280000000000044e-01
2.100000000000000000e+01 3.000000000000000000e+00 6.300000000000000000e+01 0.000000000000000000e+00 1.600000000000000089e+00 1.704999999999999918e-03 1.383400000000000081e-02 9.999029999999999863e-01 -6.250449999999999617e-01 7.805279999999999996e-01 -9.733000000000000332e-03 -7.805870000000000308e-01 -6.249670000000000503e-01 9.978000000000000758e-03
2.800000000000000000e+01 3.000000000000000000e+00 6.300000000000000000e+01 0.000000000000000000e+00 1.600000000000000089e+00 5.349999999999999938e-04 3.899000000000000122e-03 9.999919999999999920e-01 -6.162590000000000012e-01 7.875389999999999890e-01 -2.740999999999999947e-03 -7.875429999999999930e-01 -6.162530000000000507e-01 2.824000000000000121e-03
5.000000000000000000e+00 2.700000000000000000e+01 6.300000000000000000e+01 0.000000000000000000e+00 1.600000000000000089e+00 1.497999999999999983e-03 -3.648000000000000201e-03 9.999919999999999920e-01 -2.786379999999999968e-01 9.603880000000000194e-01 3.921000000000000006e-03 -9.603949999999999987e-01 -2.786420000000000008e-01 4.220000000000000118e-04
9.000000000000000000e+00 2.700000000000000000e+01 6.300000000000000000e+01 0.000000000000000000e+00 1.600000000000000089e+00 1.979999999999999989e-03 -4.891000000000000382e-03 9.999860000000000415e-01 -2.802990000000000204e-01 9.598980000000000290e-01 5.250000000000000326e-03 -9.599109999999999587e-01 -2.803059999999999996e-01 5.299999999999999807e-04
1.300000000000000000e+01 2.700000000000000000e+01 6.300000000000000000e+01 0.000000000000000000e+00 1.600000000000000089e+00 7.780000000000000457e-04 -3.324000000000000132e-03 9.999940000000000495e-01 -2.815860000000000030e-01 9.595299999999999940e-01 3.408000000000000005e-03 -9.595359999999999445e-01 -2.815869999999999762e-01 -1.900000000000000105e-04
