2.000000000000000000e+00 2.500000000000000000e+01 1.000000000000000000e+00 0.000000000000000000e+00 1.600000000000000089e+00 -2.648800000000000113e-02 -3.818000000000000213e-03 -9.996420000000000305e-01 -5.312419999999999920e-01 -8.470429999999999904e-01 1.731200000000000100e-02 -8.468059999999999476e-01 5.315100000000000380e-01 2.040799999999999906e-02
1.400000000000000000e+01 2.500000000000000000e+01 1.000000000000000000e+00 0.000000000000000000e+00 1.600000000000000089e+00 2.314000000000000085e-03 7.910000000000000364e-04 -9.999970000000000248e-01 -5.367520000000000069e-01 -8.437379999999999880e-01 -1.910000000000000022e-03 -8.437369999999999592e-01 5.367549999999999821e-01 -1.526999999999999929e-03
2.100000000000000000e+01 2.500000000000000000e+01 1.000000000000000000e+00 0.000000000000000000e+00 1.600000000000000089e+00 -1.281999999999999936e-03 -1.557999999999999923e-03 -9.999980000000000535e-01 -5.350470000000000503e-01 -8.448200000000000154e-01 2.001999999999999873e-03 -8.448219999999999619e-01 5.350479999999999681e-01 2.489999999999999809e-04
2.700000000000000000e+01 2.500000000000000000e+01 1.000000000000000000e+00 0.000000000000000000e+00 1.600000000000000089e+00 -1.311000000000000099e-03 -1.840000000000000056e-03 -9.999970000000000248e-01 -5.296149999999999469e-01 -8.482349999999999612e-01 2.255000000000000060e-03 -8.482370000000000188e-01 5.296170000000000044e-01 1.379999999999999933e-04
2.000000000000000000e+00 3.000000000000000000e+00 4.000000000000000000e+00 0.000000000000000000e+00 1.600000000000000089e+00 -3.928899999999999754e-02 -1.997029999999999916e-01 -9.790689999999999671e-01 -7.391020000000000367e-01 -6.535809999999999675e-01 1.629720000000000057e-01 -6.724470000000000169e-01 7.300349999999999895e-01 -1.219220000000000026e-01
7.000000000000000000e+00 3.000000000000000000e+00 4.000000000000000000e+00 0.000000000000000000e+00 1.600000000000000089e+00 6.724900000000000322e-02 1.054800000000000008e-02 -9.976800000000000113e-01 -8.864619999999999722e-01 -4.582720000000000127e-01 -6.459800000000000264e-02 -4.578900000000000192e-01 8.887500000000000400e-01 -2.146800000000000097e-02
8.000000000000000000e+00 1.500000000000000000e+01 4.000000000000000000e+00 0.000000000000000000e+00 1.600000000000000089e+00 1.700000000000000122e-04 6.970999999999999766e-03 9.999759999999999760e-01 3.244009999999999949e-01 -9.458969999999999878e-01 6.538999999999999674e-03 9.459199999999999831e-01 3.243920000000000137e-01 -2.422000000000000108e-03
1.300000000000000000e+01 1.500000000000000000e+01 4.000000000000000000e+00 0.000000000000000000e+00 1.600000000000000089e+00 -2.621000000000000066e-03 -2.603999999999999978e-03 9.999930000000000208e-01 3.226879999999999749e-01 -9.465040000000000120e-01 -1.618999999999999996e-03 9.465019999999999545e-01 3.226820000000000244e-01 3.321000000000000167e-03
1.900000000000000000e+01 1.500000000000000000e+01 4.000000000000000000e+00 0.000000000000000000e+00 1.600000000000000089e+00 2.442000000000000160e-03 7.015999999999999667e-03 9.999719999999999720e-01 3.214469999999999827e-01 -9.469100000000000295e-01 5.858999999999999625e-03 9.469250000000000167e-01 3.214230000000000143e-01 -4.568000000000000012e-03
2.700000000000000000e+01 1.500000000000000000e+01 4.000000000000000000e+00 0.000000000000000000e+00 1.600000000000000089e+00 -3.719000000000000083e-03 -6.962999999999999572e-03 9.999689999999999968e-01 3.226109999999999811e-01 -9.465160000000000240e-01 -5.390999999999999959e-03 9.465249999999999497e-01 3.225799999999999779e-01 5.766000000000000292e-03
1.200000000000000000e+01 1.600000000000000000e+01 4.000000000000000000e+00 0.000000000000000000e+00 1.600000000000000089e+00 -2.598000000000000049e-03 -2.967000000000000019e-03 9.999919999999999920e-01 3.960679999999999756e-01 -9.182200000000000362e-01 -1.696000000000000025e-03 9.182179999999999787e-01 3.960600000000000231e-01 3.560999999999999929e-03
1.800000000000000000e+01 1.600000000000000000e+01 4.000000000000000000e+00 0.000000000000000000e+00 1.600000000000000089e+00 1.307999999999999918e-03 5.734000000000000381e-03 9.999829999999999552e-01 3.936459999999999959e-01 -9.192500000000000115e-01 4.755999999999999811e-03 9.192609999999999948e-01 3.936330000000000107e-01 -3.459999999999999968e-03
2.000000000000000000e+00 1.010000000000000000e+02 7.000000000000000000e+00 0.000000000000000000e+00 1.600000000000000089e+00 7.320000000000000118e-04 1.930000000000000118e-02 9.998129999999999518e-01 8.852769999999999806e-01 4.649639999999999884e-01 -9.624000000000000610e-03 -4.650630000000000042e-01 8.851189999999999891e-01 -1.674600000000000047e-02
6.000000000000000000e+00 1.010000000000000000e+02 7.000000000000000000e+00 0.000000000000000000e+00 1.600000000000000089e+00 3.484999999999999817e-03 4.348000000000000302e-03 9.999850000000000128e-01 8.850230000000000041e-01 4.655190000000000161e-01 -5.107999999999999693e-03 -4.655340000000000034e-01 8.850270000000000081e-01 -2.226000000000000114e-03
1.200000000000000000e+01 1.010000000000000000e+02 7.000000000000000000e+00 0.000000000000000000e+00 1.600000000000000089e+00 2.138999999999999842e-03 8.899999999999999491e-04 9.999970000000000248e-01 8.861860000000000293e-01 4.633240000000000136e-01 -2.308000000000000156e-03 -4.633240000000000136e-01 8.861890000000000045e-01 2.020000000000000040e-04
1.700000000000000000e+01 1.010000000000000000e+02 7.000000000000000000e+00 0.000000000000000000e+00 1.600000000000000089e+00 2.540999999999999856e-03 -1.531300000000000022e-02 9.998799999999999910e-01 8.866380000000000372e-01 4.624400000000000177e-01 4.828999999999999959e-03 -4.624579999999999802e-01 8.865189999999999459e-01 1.475199999999999949e-02
2.300000000000000000e+01 1.010000000000000000e+02 7.000000000000000000e+00 0.000000000000000000e+00 1.600000000000000089e+00 -6.080000000000000335e-04 -1.478400000000000027e-02 9.998899999999999455e-01 8.894429999999999836e-01 4.569880000000000053e-01 7.297999999999999800e-03 -4.570449999999999791e-01 8.893499999999999739e-01 1.287199999999999976e-02
2.700000000000000000e+01 1.010000000000000000e+02 7.000000000000000000e+00 0.000000000000000000e+00 1.600000000000000089e+00 1.879999999999999944e-03 -1.434700000000000038e-02 9.998949999999999783e-01 8.886129999999999862e-01 4.586319999999999841e-01 4.910000000000000302e-03 -4.586549999999999794e-01 8.885100000000000220e-01 1.361099999999999983e-02
3.000000000000000000e+00 2.500000000000000000e+01 8.000000000000000000e+00 0.000000000000000000e+00 1.600000000000000089e+00 1.834200000000000066e-02 5.844300000000000189e-02 -9.981219999999999537e-01 4.492499999999999827e-01 8.913590000000000124e-01 6.044700000000000073e-02 8.932179999999999565e-01 -4.495149999999999979e-01 -9.905999999999999875e-03
7.000000000000000000e+00 2.500000000000000000e+01 8.000000000000000000e+00 0.000000000000000000e+00 1.600000000000000089e+00 1.020000000000000073e-03 1.771999999999999921e-03 -9.999980000000000535e-01 4.481720000000000148e-01 8.939449999999999896e-01 2.040999999999999846e-03 8.939470000000000471e-01 -4.481740000000000168e-01 1.169999999999999979e-04
1.100000000000000000e+01 2.500000000000000000e+01 8.000000000000000000e+00 0.000000000000000000e+00 1.600000000000000089e+00 -1.203999999999999992e-03 -5.122999999999999950e-03 -9.999860000000000415e-01 4.485339999999999883e-01 8.937509999999999621e-01 -5.119000000000000286e-03 8.937650000000000317e-01 -4.485339999999999883e-01 1.221000000000000080e-03
1.900000000000000000e+01 2.500000000000000000e+01 8.000000000000000000e+00 0.000000000000000000e+00 1.600000000000000089e+00 2.669999999999999847e-04 1.342000000000000094e-03 -9.999989999999999712e-01 4.499489999999999879e-01 8.930529999999999857e-01 1.319000000000000077e-03 8.930540000000000145e-01 -4.499489999999999879e-01 -3.649999999999999816e-04
2.400000000000000000e+01 2.500000000000000000e+01 8.000000000000000000e+00 0.000000000000000000e+00 1.600000000000000089e+00 2.808999999999999865e-03 1.097000000000000102e-03 -9.999949999999999672e-01 4.499190000000000134e-01 8.930670000000000552e-01 2.243000000000000202e-03 8.930649999999999977e-01 -4.499230000000000174e-01 2.014999999999999864e-03
3.000000000000000000e+01 2.500000000000000000e+01 8.000000000000000000e+00 0.000000000000000000e+00 1.600000000000000089e+00 2.013000000000000032e-03 3.308999999999999875e-03 -9.999919999999999920e-01 4.457039999999999891e-01 8.951719999999999677e-01 3.859000000000000017e-03 8.951780000000000292e-01 -4.457090000000000218e-01 3.269999999999999795e-04
2.000000000000000000e+00 2.400000000000000000e+01 9.000000000000000000e+00 0.000000000000000000e+00 1.600000000000000089e+00 2.311099999999999960e-02 8.841999999999999860e-02 -9.958150000000000057e-01 4.541629999999999834e-01 8.864370000000000305e-01 8.924899999999999500e-02 8.906190000000000495e-01 -4.543249999999999789e-01 -1.967100000000000098e-02
1.100000000000000000e+01 2.400000000000000000e+01 9.000000000000000000e+00 0.000000000000000000e+00 1.600000000000000089e+00 -1.164000000000000104e-03 -5.858999999999999625e-03 -9.999820000000000375e-01 4.544839999999999991e-01 8.907359999999999722e-01 -5.747000000000000372e-03 8.907540000000000457e-01 -4.544819999999999971e-01 1.626000000000000058e-03
1.900000000000000000e+01 2.400000000000000000e+01 9.000000000000000000e+00 0.000000000000000000e+00 1.600000000000000089e+00 3.029999999999999924e-04 4.600000000000000139e-04 -1.000000000000000000e+00 4.548280000000000101e-01 8.905790000000000095e-01 5.479999999999999845e-04 8.905790000000000095e-01 -4.548280000000000101e-01 6.099999999999999872e-05
2.200000000000000000e+01 2.400000000000000000e+01 9.000000000000000000e+00 0.000000000000000000e+00 1.600000000000000089e+00 1.201999999999999943e-03 1.925000000000000062e-03 -9.999970000000000248e-01 4.554289999999999727e-01 8.902689999999999770e-01 2.260999999999999989e-03 8.902719999999999523e-01 -4.554300000000000015e-01 1.930000000000000021e-04
2.500000000000000000e+01 2.400000000000000000e+01 9.000000000000000000e+00 0.000000000000000000e+00 1.600000000000000089e+00 2.844999999999999873e-03 3.750000000000000078e-04 -9.999959999999999960e-01 4.549429999999999863e-01 8.905189999999999495e-01 1.628000000000000107e-03 8.905159999999999743e-01 -4.549460000000000170e-01 2.363000000000000083e-03
6.000000000000000000e+00 1.020000000000000000e+02 9.000000000000000000e+00 0.000000000000000000e+00 1.600000000000000089e+00 3.040000000000000167e-03 3.262000000000000142e-03 9.999900000000000455e-01 9.228100000000000191e-01 3.852349999999999941e-01 -4.061999999999999639e-03 -3.852439999999999753e-01 9.228129999999999944e-01 -1.838999999999999923e-03
3.000000000000000000e+00 1.000000000000000000e+00 1.100000000000000000e+01 0.000000000000000000e+00 1.600000000000000089e+00 -2.546359999999999735e-01 -2.237359999999999904e-01 -9.407990000000000519e-01 7.464009999999999811e-01 5.730899999999999883e-01 -3.383099999999999996e-01 6.148550000000000404e-01 -7.883590000000000320e-01 2.106699999999999892e-02
7.000000000000000000e+00 3.100000000000000000e+01 1.200000000000000000e+01 0.000000000000000000e+00 1.600000000000000089e+00 -1.015000000000000060e-03 7.960000000000000495e-04 9.999989999999999712e-01 -7.657999999999999877e-03 9.999700000000000255e-01 -8.040000000000000271e-04 -9.999700000000000255e-01 -7.659000000000000009e-03 -1.008999999999999914e-03
1.600000000000000000e+01 3.100000000000000000e+01 1.200000000000000000e+01 0.000000000000000000e+00 1.600000000000000089e+00 4.319999999999999838e-04 -1.010000000000000047e-03 9.999989999999999712e-01 -1.037599999999999981e-02 9.999460000000000015e-01 1.013999999999999927e-03 -9.999460000000000015e-01 -1.037599999999999981e-02 4.220000000000000118e-04
4.000000000000000000e+00 3.500000000000000000e+01 1.200000000000000000e+01 0.000000000000000000e+00 1.600000000000000089e+00 4.147999999999999778e-03 -1.719400000000000095e-02 -9.998430000000000373e-01 5.182489999999999597e-01 -8.550640000000000462e-01 1.685499999999999846e-02 -8.552199999999999802e-01 -5.182379999999999765e-01 5.363999999999999845e-03
1.100000000000000000e+01 3.500000000000000000e+01 1.200000000000000000e+01 0.000000000000000000e+00 1.600000000000000089e+00 -8.829999999999999958e-04 8.350000000000000217e-04 -9.999989999999999712e-01 5.147650000000000281e-01 -8.573309999999999542e-01 -1.170000000000000033e-03 -8.573309999999999542e-01 -5.147650000000000281e-01 3.280000000000000038e-04
1.500000000000000000e+01 3.500000000000000000e+01 1.200000000000000000e+01 0.000000000000000000e+00 1.600000000000000089e+00 -4.420000000000000101e-04 -1.886000000000000090e-03 -9.999980000000000535e-01 5.036739999999999551e-01 -8.638919999999999932e-01 1.405999999999999915e-03 -8.638930000000000220e-01 -5.036730000000000373e-01 1.332000000000000068e-03
1.900000000000000000e+01 3.500000000000000000e+01 1.200000000000000000e+01 0.000000000000000000e+00 1.600000000000000089e+00 6.068999999999999742e-03 -4.834999999999999888e-03 -9.999700000000000255e-01 4.968790000000000151e-01 -8.677899999999999503e-01 7.211000000000000396e-03 -8.677989999999999871e-01 -4.969080000000000163e-01 -2.863999999999999792e-03
2.400000000000000000e+01 3.500000000000000000e+01 1.200000000000000000e+01 0.000000000000000000e+00 1.600000000000000089e+00 6.710000000000000469e-04 -2.970000000000000092e-04 -1.000000000000000000e+00 5.100919999999999899e-01 -8.601199999999999957e-01 5.980000000000000072e-04 -8.601199999999999957e-01 -5.100919999999999899e-01 -4.249999999999999763e-04
2.800000000000000000e+01 3.500000000000000000e+01 1.200000000000000000e+01 0.000000000000000000e+00 1.600000000000000089e+00 -1.670999999999999959e-03 -4.088999999999999753e-03 -9.999900000000000455e-01 5.196790000000000020e-01 -8.543570000000000331e-01 2.625000000000000163e-03 -8.543600000000000083e-01 -5.196699999999999653e-01 3.553000000000000169e-03
2.000000000000000000e+00 1.200000000000000000e+01 1.500000000000000000e+01 0.000000000000000000e+00 1.600000000000000089e+00 -2.086299999999999960e-02 -2.663499999999999895e-02 -9.994269999999999543e-01 -4.655090000000000061e-01 -8.844170000000000087e-01 3.328699999999999715e-02 -8.847969999999999446e-01 4.659369999999999901e-01 6.053000000000000221e-03
1.000000000000000000e+01 1.200000000000000000e+01 1.500000000000000000e+01 0.000000000000000000e+00 1.600000000000000089e+00 -1.759999999999999954e-04 6.935000000000000192e-03 -9.999759999999999760e-01 -4.700179999999999914e-01 -8.826359999999999761e-01 -6.039000000000000097e-03 -8.826570000000000249e-01 4.700059999999999794e-01 3.415000000000000067e-03
1.700000000000000000e+01 1.200000000000000000e+01 1.500000000000000000e+01 0.000000000000000000e+00 1.600000000000000089e+00 3.620000000000000171e-04 2.775000000000000123e-03 -9.999959999999999960e-01 -4.688459999999999850e-01 -8.832759999999999501e-01 -2.621000000000000066e-03 -8.832799999999999541e-01 4.688450000000000117e-01 9.810000000000001011e-04
2.300000000000000000e+01 1.200000000000000000e+01 1.500000000000000000e+01 0.000000000000000000e+00 1.600000000000000089e+00 3.480000000000000020e-04 -4.642000000000000293e-03 -9.999890000000000168e-01 -4.679099999999999926e-01 -8.837679999999999980e-01 3.939999999999999926e-03 -8.837760000000000060e-01 4.679030000000000133e-01 -2.480000000000000000e-03
2.800000000000000000e+01 1.200000000000000000e+01 1.500000000000000000e+01 0.000000000000000000e+00 1.600000000000000089e+00 -6.049999999999999606e-04 1.069999999999999988e-04 -1.000000000000000000e+00 -4.655299999999999994e-01 -8.850320000000000409e-01 1.869999999999999917e-04 -8.850320000000000409e-01 4.655299999999999994e-01 5.850000000000000165e-04
9.000000000000000000e+00 1.100000000000000000e+01 1.600000000000000000e+01 0.000000000000000000e+00 1.600000000000000089e+00 -3.600000000000000091e-05 4.772000000000000200e-03 -9.999890000000000168e-01 -4.126630000000000020e-01 -9.108730000000000437e-01 -4.331999999999999913e-03 -9.108840000000000270e-01 4.126589999999999980e-01 2.003000000000000006e-03
2.800000000000000000e+01 1.100000000000000000e+01 1.600000000000000000e+01 0.000000000000000000e+00 1.600000000000000089e+00 -5.069999999999999637e-04 -1.381999999999999982e-03 -9.999989999999999712e-01 -4.068120000000000069e-01 -9.135109999999999619e-01 1.469000000000000037e-03 -9.135119999999999907e-01 4.068120000000000069e-01 -9.899999999999999404e-05
5.000000000000000000e+00 1.160000000000000000e+02 1.600000000000000000e+01 0.000000000000000000e+00 1.600000000000000089e+00 8.829999999999999958e-04 1.131000000000000061e-03 9.999989999999999712e-01 7.605969999999999676e-01 6.492229999999999945e-01 -1.405999999999999915e-03 -6.492240000000000233e-01 7.605969999999999676e-01 -2.869999999999999830e-04
1.000000000000000000e+01 1.160000000000000000e+02 1.600000000000000000e+01 0.000000000000000000e+00 1.600000000000000089e+00 -8.559999999999999901e-04 -2.128000000000000117e-03 9.999970000000000248e-01 7.523279999999999967e-01 6.587859999999999827e-01 2.046000000000000076e-03 -6.587880000000000402e-01 7.523279999999999967e-01 1.036999999999999944e-03
1.700000000000000000e+01 1.160000000000000000e+02 1.600000000000000000e+01 0.000000000000000000e+00 1.600000000000000089e+00 -2.157000000000000063e-03 -5.839999999999999922e-04 9.999970000000000248e-01 7.059940000000000104e-01 7.082150000000000389e-01 1.936000000000000004e-03 -7.082140000000000102e-01 7.059969999999999857e-01 -1.116000000000000021e-03
2.800000000000000000e+01 1.160000000000000000e+02 1.600000000000000000e+01 0.000000000000000000e+00 1.600000000000000089e+00 -4.910000000000000085e-04 2.327000000000000075e-03 9.999970000000000248e-01 7.656600000000000072e-01 6.432440000000000380e-01 -1.121000000000000035e-03 -6.432449999999999557e-01 7.656570000000000320e-01 -2.096999999999999906e-03
8.000000000000000000e+00 2.000000000000000000e+00 1.900000000000000000e+01 0.000000000000000000e+00 1.600000000000000089e+00 -5.289999999999999564e-04 1.600800000000000139e-02 -9.998719999999999830e-01 2.582619999999999916e-01 -9.659489999999999466e-01 -1.560100000000000028e-02 -9.660750000000000171e-01 -2.582369999999999943e-01 -3.624000000000000051e-03
1.100000000000000000e+01 2.000000000000000000e+00 1.900000000000000000e+01 0.000000000000000000e+00 1.600000000000000089e+00 3.938999999999999793e-03 1.806999999999999926e-02 -9.998289999999999678e-01 2.533929999999999794e-01 -9.672230000000000549e-01 -1.648200000000000012e-02 -9.673549999999999649e-01 -2.532849999999999824e-01 -8.387999999999999623e-03
2.000000000000000000e+01 2.000000000000000000e+00 1.900000000000000000e+01 0.000000000000000000e+00 1.600000000000000089e+00 5.399000000000000153e-03 1.605399999999999883e-02 -9.998569999999999958e-01 2.537650000000000183e-01 -9.671619999999999662e-01 -1.415899999999999971e-02 -9.672509999999999719e-01 -2.536519999999999886e-01 -9.296000000000000443e-03
2.800000000000000000e+01 2.000000000000000000e+00 1.900000000000000000e+01 0.000000000000000000e+00 1.600000000000000089e+00 -5.582000000000000156e-03 -2.476099999999999829e-02 -9.996779999999999555e-01 2.726750000000000007e-01 -9.618480000000000363e-01 2.230100000000000138e-02 -9.620900000000000007e-01 -2.724630000000000107e-01 1.212099999999999983e-02
1.400000000000000000e+01 4.000000000000000000e+00 2.000000000000000000e+01 0.000000000000000000e+00 1.600000000000000089e+00 9.759999999999999796e-04 6.118000000000000174e-03 -9.999810000000000088e-01 4.535049999999999915e-01 -8.912400000000000322e-01 -5.009999999999999697e-03 -8.912529999999999619e-01 -4.534909999999999775e-01 -3.644999999999999803e-03
2.000000000000000000e+00 1.300000000000000000e+01 2.000000000000000000e+01 0.000000000000000000e+00 1.600000000000000089e+00 1.608000000000000054e-03 2.837100000000000039e-02 9.995960000000000401e-01 2.589870000000000227e-01 9.654800000000000049e-01 -2.782000000000000098e-02 -9.658790000000000431e-01 2.589270000000000183e-01 -5.794999999999999804e-03
8.000000000000000000e+00 1.300000000000000000e+01 2.000000000000000000e+01 0.000000000000000000e+00 1.600000000000000089e+00 4.870000000000000197e-04 1.686999999999999915e-03 9.999980000000000535e-01 2.575819999999999776e-01 9.662549999999999750e-01 -1.755000000000000050e-03 -9.662560000000000038e-01 2.575830000000000064e-01 3.600000000000000091e-05
1.300000000000000000e+01 1.300000000000000000e+01 2.000000000000000000e+01 0.000000000000000000e+00 1.600000000000000089e+00 -6.819999999999999890e-04 5.354000000000000252e-03 9.999850000000000128e-01 2.589029999999999943e-01 9.658900000000000263e-01 -4.995000000000000308e-03 -9.659029999999999561e-01 2.588960000000000150e-01 -2.044999999999999943e-03
1.700000000000000000e+01 1.300000000000000000e+01 2.000000000000000000e+01 0.000000000000000000e+00 1.600000000000000089e+00 -2.979999999999999793e-04 -1.417999999999999990e-03 9.999989999999999712e-01 2.617650000000000254e-01 9.651309999999999611e-01 1.446000000000000020e-03 -9.651319999999999899e-01 2.617650000000000254e-01 8.399999999999999535e-05
2.400000000000000000e+01 1.300000000000000000e+01 2.000000000000000000e+01 0.000000000000000000e+00 1.600000000000000089e+00 5.710000000000000015e-04 -5.010000000000000347e-04 1.000000000000000000e+00 2.589589999999999947e-01 9.658879999999999688e-01 3.359999999999999814e-04 -9.658879999999999688e-01 2.589589999999999947e-01 6.809999999999999647e-04
2.900000000000000000e+01 1.300000000000000000e+01 2.000000000000000000e+01 0.000000000000000000e+00 1.600000000000000089e+00 1.034999999999999896e-03 1.855000000000000095e-03 9.999980000000000535e-01 2.594270000000000187e-01 9.657609999999999806e-01 -2.060000000000000199e-03 -9.657620000000000093e-01 2.594290000000000207e-01 5.180000000000000143e-04
2.000000000000000000e+00 1.600000000000000000e+01 2.100000000000000000e+01 0.000000000000000000e+00 1.600000000000000089e+00 2.729999999999999788e-03 2.904599999999999890e-02 9.995739999999999625e-01 2.984740000000000171e-01 9.539910000000000334e-01 -2.853699999999999987e-02 -9.544139999999999846e-01 2.984249999999999958e-01 -6.065000000000000079e-03
7.000000000000000000e+00 1.600000000000000000e+01 2.100000000000000000e+01 0.000000000000000000e+00 1.600000000000000089e+00 2.149999999999999947e-04 2.835999999999999979e-03 9.999959999999999960e-01 2.997259999999999924e-01 9.540210000000000079e-01 -2.769999999999999893e-03 -9.540250000000000119e-01 2.997259999999999924e-01 -6.449999999999999570e-04
8.000000000000000000e+00 3.000000000000000000e+00 2.500000000000000000e+01 0.000000000000000000e+00 1.600000000000000089e+00 -1.240000000000000054e-04 4.701000000000000317e-03 9.999890000000000168e-01 -3.108999999999999958e-02 -9.995060000000000056e-01 4.695000000000000388e-03 9.995169999999999888e-01 -3.108899999999999858e-02 2.700000000000000035e-04
1.700000000000000000e+01 3.000000000000000000e+00 2.500000000000000000e+01 0.000000000000000000e+00 1.600000000000000089e+00 -9.350000000000000672e-03 -2.534999999999999927e-03 9.999529999999999808e-01 -3.682799999999999963e-02 -9.993170000000000108e-01 -2.876999999999999783e-03 9.992779999999999996e-01 -3.685299999999999687e-02 9.249999999999999542e-03
2.300000000000000000e+01 3.000000000000000000e+00 2.500000000000000000e+01 0.000000000000000000e+00 1.600000000000000089e+00 -2.460000000000000164e-04 6.604999999999999760e-03 9.999780000000000335e-01 -3.330700000000000327e-02 -9.994229999999999503e-01 6.592999999999999902e-03 9.994450000000000278e-01 -3.330400000000000027e-02 4.659999999999999971e-04
2.000000000000000000e+00 4.600000000000000000e+01 3.000000000000000000e+01 0.000000000000000000e+00 1.600000000000000089e+00 2.111000000000000029e-03 1.046599999999999961e-02 -9.999430000000000263e-01 3.257570000000000188e-01 9.453939999999999566e-01 1.058300000000000039e-02 9.454510000000000414e-01 -3.257610000000000228e-01 -1.413999999999999892e-03
2.700000000000000000e+01 4.600000000000000000e+01 3.000000000000000000e+01 0.000000000000000000e+00 1.600000000000000089e+00 -1.507000000000000093e-03 -2.106999999999999932e-03 -9.999970000000000248e-01 3.271069999999999811e-01 9.449840000000000462e-01 -2.484000000000000097e-03 9.449859999999999927e-01 -3.271100000000000119e-01 -7.349999999999999763e-04
5.000000000000000000e+00 5.800000000000000000e+01 3.100000000000000000e+01 0.000000000000000000e+00 1.600000000000000089e+00 2.099999999999999884e-05 4.327000000000000117e-03 9.999909999999999632e-01 -7.686770000000000547e-01 -6.396309999999999496e-01 2.782999999999999884e-03 6.396370000000000111e-01 -7.686699999999999644e-01 3.312999999999999973e-03
1.000000000000000000e+01 5.800000000000000000e+01 3.100000000000000000e+01 0.000000000000000000e+00 1.600000000000000089e+00 -3.892000000000000060e-03 -1.899999999999999996e-03 9.999909999999999632e-01 -7.698859999999999593e-01 -6.381679999999999575e-01 -4.209000000000000068e-03 6.381700000000000150e-01 -7.698949999999999960e-01 1.021999999999999905e-03
2.000000000000000000e+01 5.800000000000000000e+01 3.100000000000000000e+01 0.000000000000000000e+00 1.600000000000000089e+00 4.310000000000000137e-04 4.921000000000000027e-03 9.999879999999999880e-01 -7.706349999999999589e-01 -6.372679999999999456e-01 3.468000000000000162e-03 6.372769999999999824e-01 -7.706269999999999509e-01 3.517999999999999860e-03
2.800000000000000000e+01 5.800000000000000000e+01 3.100000000000000000e+01 0.000000000000000000e+00 1.600000000000000089e+00 -9.100000000000000016e-04 -3.324000000000000132e-03 9.999940000000000495e-01 -7.647420000000000329e-01 -6.443299999999999583e-01 -2.837999999999999811e-03 6.443360000000000198e-01 -7.647399999999999753e-01 -1.955999999999999839e-03
4.000000000000000000e+00 4.600000000000000000e+01 3.500000000000000000e+01 0.000000000000000000e+00 1.600000000000000089e+00 -6.170000000000000354e-04 7.054000000000000374e-03 -9.999749999999999472e-01 3.945409999999999751e-01 -9.188539999999999486e-01 -6.725000000000000075e-03 -9.188779999999999726e-01 -3.945350000000000246e-01 -2.216000000000000088e-03
7.000000000000000000e+00 4.600000000000000000e+01 3.500000000000000000e+01 0.000000000000000000e+00 1.600000000000000089e+00 -7.479999999999999670e-04 5.689999999999999529e-04 -1.000000000000000000e+00 3.948459999999999748e-01 -9.187469999999999803e-01 -8.180000000000000422e-04 -9.187469999999999803e-01 -3.948470000000000035e-01 4.629999999999999784e-04
1.100000000000000000e+01 4.600000000000000000e+01 3.500000000000000000e+01 0.000000000000000000e+00 1.600000000000000089e+00 -4.079999999999999968e-04 -1.513000000000000022e-03 -9.999989999999999712e-01 3.929239999999999955e-01 -9.195699999999999985e-01 1.231000000000000106e-03 -9.195710000000000273e-01 -3.929230000000000222e-01 9.690000000000000262e-04
1.400000000000000000e+01 4.600000000000000000e+01 3.500000000000000000e+01 0.000000000000000000e+00 1.600000000000000089e+00 3.099999999999999999e-04 -3.036000000000000070e-03 -9.999949999999999672e-01 3.928400000000000225e-01 -9.196020000000000305e-01 2.913999999999999924e-03 -9.196069999999999522e-01 -3.928389999999999938e-01 9.079999999999999530e-04
2.000000000000000000e+01 4.600000000000000000e+01 3.500000000000000000e+01 0.000000000000000000e+00 1.600000000000000089e+00 1.825000000000000016e-03 -1.222999999999999912e-03 -9.999980000000000535e-01 3.933530000000000082e-01 -9.193860000000000365e-01 1.842000000000000104e-03 -9.193860000000000365e-01 -3.933550000000000102e-01 -1.196000000000000014e-03
2.800000000000000000e+01 4.600000000000000000e+01 3.500000000000000000e+01 0.000000000000000000e+00 1.600000000000000089e+00 4.690000000000000158e-04 -8.450000000000000479e-04 -1.000000000000000000e+00 3.920259999999999856e-01 -9.199540000000000495e-01 9.610000000000000486e-04 -9.199540000000000495e-01 -3.920259999999999856e-01 -1.010000000000000020e-04
3.000000000000000000e+00 9.500000000000000000e+01 3.600000000000000000e+01 0.000000000000000000e+00 1.600000000000000089e+00 6.832000000000000399e-03 8.187300000000000133e-02 9.966190000000000326e-01 9.971349999999999936e-01 7.452899999999999803e-02 -1.295800000000000077e-02 -7.533800000000000219e-02 9.938519999999999577e-01 -8.112999999999999379e-02
5.000000000000000000e+00 9.500000000000000000e+01 3.600000000000000000e+01 0.000000000000000000e+00 1.600000000000000089e+00 3.921000000000000006e-03 3.053600000000000064e-02 9.995260000000000256e-01 9.971240000000000103e-01 7.552799999999999792e-02 -6.218999999999999702e-03 -7.568199999999999927e-02 9.966760000000000064e-01 -3.015200000000000172e-02
1.200000000000000000e+01 9.500000000000000000e+01 3.600000000000000000e+01 0.000000000000000000e+00 1.600000000000000089e+00 8.499999999999999526e-04 -7.464000000000000148e-03 9.999719999999999720e-01 9.971649999999999681e-01 7.524400000000000532e-02 -2.860000000000000129e-04 -7.524000000000000132e-02 9.971370000000000511e-01 7.506999999999999784e-03
3.000000000000000000e+00 3.000000000000000000e+00 4.300000000000000000e+01 0.000000000000000000e+00 1.600000000000000089e+00 1.704599999999999865e-02 7.513799999999999646e-02 -9.970269999999999966e-01 7.312579999999999636e-01 -6.809950000000000170e-01 -3.881899999999999934e-02 -6.818880000000000496e-01 -7.284230000000000427e-01 -6.655300000000000105e-02
1.400000000000000000e+01 3.000000000000000000e+00 4.300000000000000000e+01 0.000000000000000000e+00 1.600000000000000089e+00 2.393000000000000162e-03 -1.073999999999999955e-02 -9.999390000000000223e-01 7.355570000000000164e-01 -6.774019999999999486e-01 9.036000000000000629e-03 -6.774580000000000046e-01 -7.355340000000000211e-01 6.278999999999999859e-03
1.800000000000000000e+01 3.000000000000000000e+00 4.300000000000000000e+01 0.000000000000000000e+00 1.600000000000000089e+00 -1.190000000000000058e-04 -3.179400000000000281e-02 -9.994939999999999936e-01 7.441429999999999989e-01 -6.676860000000000017e-01 2.115099999999999966e-02 -6.680209999999999759e-01 -7.437639999999999807e-01 2.373899999999999968e-02
2.000000000000000000e+01 3.000000000000000000e+00 4.300000000000000000e+01 0.000000000000000000e+00 1.600000000000000089e+00 -4.031999999999999994e-03 -2.844500000000000153e-02 -9.995870000000000033e-01 7.481179999999999497e-01 -6.633759999999999657e-01 1.585999999999999910e-02 -6.635539999999999772e-01 -7.477449999999999930e-01 2.395500000000000060e-02
2.700000000000000000e+01 3.000000000000000000e+00 4.300000000000000000e+01 0.000000000000000000e+00 1.600000000000000089e+00 -7.529999999999999801e-04 2.337099999999999941e-02 -9.997270000000000323e-01 7.546009999999999662e-01 -6.559909999999999908e-01 -1.590300000000000047e-02 -6.561829999999999607e-01 -7.544070000000000498e-01 -1.714200000000000099e-02
2.000000000000000000e+01 8.000000000000000000e+00 4.400000000000000000e+01 0.000000000000000000e+00 1.600000000000000089e+00 -4.976999999999999653e-03 -1.159999999999999920e-02 9.999200000000000310e-01 -7.839850000000000430e-01 -6.206810000000000382e-01 -1.110300000000000002e-02 6.207599999999999785e-01 -7.839770000000000350e-01 -6.004999999999999921e-03
2.000000000000000000e+00 2.900000000000000000e+01 4.400000000000000000e+01 0.000000000000000000e+00 1.600000000000000089e+00 6.786999999999999630e-03 8.928999999999999437e-03 -9.999369999999999647e-01 6.478639999999999954e-01 7.616739999999999622e-01 1.119900000000000062e-02 7.617260000000000142e-01 -6.478990000000000027e-01 -6.149999999999999868e-04
8.000000000000000000e+00 2.900000000000000000e+01 4.400000000000000000e+01 0.000000000000000000e+00 1.600000000000000089e+00 2.235000000000000007e-03 2.092999999999999809e-03 -9.999949999999999672e-01 6.505600000000000271e-01 7.594490000000000407e-01 3.043000000000000132e-03 7.594520000000000159e-01 -6.505640000000000311e-01 3.359999999999999814e-04
1.000000000000000000e+01 2.900000000000000000e+01 4.400000000000000000e+01 0.000000000000000000e+00 1.600000000000000089e+00 1.139000000000000038e-03 1.660999999999999933e-03 -9.999980000000000535e-01 6.505300000000000527e-01 7.594769999999999577e-01 2.001999999999999873e-03 7.594790000000000152e-01 -6.505309999999999704e-01 -2.149999999999999947e-04
1.600000000000000000e+01 2.900000000000000000e+01 4.400000000000000000e+01 0.000000000000000000e+00 1.600000000000000089e+00 -2.357000000000000154e-03 3.269999999999999795e-04 -9.999970000000000248e-01 6.486070000000000446e-01 7.611219999999999652e-01 -1.280000000000000105e-03 7.611200000000000188e-01 -6.486079999999999623e-01 -2.005999999999999971e-03
2.100000000000000000e+01 2.900000000000000000e+01 4.400000000000000000e+01 0.000000000000000000e+00 1.600000000000000089e+00 1.056999999999999997e-03 -4.490000000000000176e-04 -9.999989999999999712e-01 6.517049999999999788e-01 7.584720000000000351e-01 3.480000000000000020e-04 7.584710000000000063e-01 -6.517049999999999788e-01 1.093999999999999920e-03
9.000000000000000000e+00 6.500000000000000000e+01 4.600000000000000000e+01 0.000000000000000000e+00 1.600000000000000089e+00 -2.539999999999999940e-04 -5.940000000000000184e-04 1.000000000000000000e+00 6.815830000000000499e-01 -7.317399999999999460e-01 -2.610000000000000015e-04 7.317399999999999460e-01 6.815830000000000499e-01 5.910000000000000539e-04
2.300000000000000000e+01 7.000000000000000000e+01 4.700000000000000000e+01 0.000000000000000000e+00 1.600000000000000089e+00 1.853999999999999962e-03 -5.919999999999999915e-03 -9.999810000000000088e-01 -8.427630000000000399e-01 -5.382829999999999560e-01 1.624000000000000010e-03 -5.382820000000000382e-01 8.427440000000000486e-01 -5.987000000000000134e-03
5.000000000000000000e+00 5.000000000000000000e+00 5.100000000000000000e+01 0.000000000000000000e+00 1.600000000000000089e+00 1.312000000000000015e-03 1.011300000000000046e-02 -9.999479999999999480e-01 4.833279999999999799e-01 -8.754009999999999847e-01 -8.219999999999999876e-03 -8.754389999999999672e-01 -4.832919999999999994e-01 -6.035999999999999699e-03
1.400000000000000000e+01 5.000000000000000000e+00 5.100000000000000000e+01 0.000000000000000000e+00 1.600000000000000089e+00 3.462999999999999932e-03 -2.677999999999999825e-03 -9.999900000000000455e-01 4.794869999999999965e-01 -8.775399999999999867e-01 4.009999999999999676e-03 -8.775420000000000442e-01 -4.794970000000000065e-01 -1.755000000000000050e-03
1.800000000000000000e+01 5.000000000000000000e+00 5.100000000000000000e+01 0.000000000000000000e+00 1.600000000000000089e+00 -2.602999999999999845e-03 -1.465499999999999962e-02 -9.998890000000000278e-01 4.785690000000000222e-01 -8.779730000000000034e-01 1.162200000000000039e-02 -8.780459999999999932e-01 -4.784860000000000224e-01 9.298999999999999974e-03
2.400000000000000000e+01 5.000000000000000000e+00 5.100000000000000000e+01 0.000000000000000000e+00 1.600000000000000089e+00 1.998999999999999909e-03 5.212999999999999752e-03 -9.999839999999999840e-01 4.728570000000000273e-01 -8.811320000000000263e-01 -3.648000000000000201e-03 -8.811369999999999481e-01 -4.728419999999999845e-01 -4.225999999999999722e-03
2.600000000000000000e+01 1.150000000000000000e+02 5.100000000000000000e+01 0.000000000000000000e+00 1.600000000000000089e+00 4.629999999999999784e-04 5.670000000000000127e-04 1.000000000000000000e+00 8.483969999999999567e-01 -5.293609999999999705e-01 -9.299999999999999727e-05 5.293609999999999705e-01 8.483969999999999567e-01 -7.269999999999999987e-04
3.000000000000000000e+00 6.300000000000000000e+01 5.400000000000000000e+01 0.000000000000000000e+00 1.600000000000000089e+00 2.576999999999999864e-03 8.052999999999999395e-03 9.999639999999999640e-01 -3.519809999999999883e-01 9.359830000000000094e-01 -6.630999999999999742e-03 -9.360030000000000294e-01 -3.519519999999999871e-01 5.245999999999999795e-03
6.000000000000000000e+00 6.300000000000000000e+01 5.400000000000000000e+01 0.000000000000000000e+00 1.600000000000000089e+00 3.559999999999999797e-04 -1.378000000000000102e-03 9.999989999999999712e-01 -3.485889999999999822e-01 9.372749999999999693e-01 1.415999999999999941e-03 -9.372759999999999980e-01 -3.485889999999999822e-01 -1.469999999999999953e-04
1.200000000000000000e+01 6.300000000000000000e+01 5.400000000000000000e+01 0.000000000000000000e+00 1.600000000000000089e+00 -1.191000000000000001e-03 4.213999999999999864e-03 9.999900000000000455e-01 -3.408900000000000263e-01 9.400929999999999565e-01 -4.368000000000000355e-03 -9.401019999999999932e-01 -3.408919999999999728e-01 3.170000000000000075e-04
1.900000000000000000e+01 6.300000000000000000e+01 5.400000000000000000e+01 0.000000000000000000e+00 1.600000000000000089e+00 9.849999999999999815e-04 -4.719999999999999803e-04 9.999989999999999712e-01 -3.351790000000000047e-01 9.421540000000000470e-01 7.749999999999999728e-04 -9.421540000000000470e-01 -3.351799999999999780e-01 7.699999999999999597e-04
2.400000000000000000e+01 6.300000000000000000e+01 5.400000000000000000e+01 0.000000000000000000e+00 1.600000000000000089e+00 1.691000000000000012e-03 -9.229999999999999923e-04 9.999980000000000535e-01 -3.403809999999999891e-01 9.402869999999999839e-01 1.443000000000000055e-03 -9.402859999999999552e-01 -3.403829999999999911e-01 1.276000000000000007e-03
2.900000000000000000e+01 6.300000000000000000e+01 5.400000000000000000e+01 0.000000000000000000e+00 1.600000000000000089e+00 2.175999999999999983e-03 2.271000000000000015e-03 9.999949999999999672e-01 -3.470710000000000184e-01 9.378379999999999495e-01 -1.374000000000000004e-03 -9.378360000000000030e-01 -3.470659999999999856e-01 2.828999999999999918e-03
1.000000000000000000e+01 2.500000000000000000e+01 5.500000000000000000e+01 0.000000000000000000e+00 1.600000000000000089e+00 -3.260000000000000094e-04 1.060000000000000016e-04 -1.000000000000000000e+00 -1.187900000000000067e-02 -9.999289999999999567e-01 -1.019999999999999992e-04 -9.999289999999999567e-01 1.187900000000000067e-02 3.269999999999999795e-04
1.400000000000000000e+01 2.500000000000000000e+01 5.500000000000000000e+01 0.000000000000000000e+00 1.600000000000000089e+00 1.528999999999999977e-03 -2.101000000000000003e-03 -9.999970000000000248e-01 -1.194600000000000002e-02 -9.999259999999999815e-01 2.083000000000000216e-03 -9.999270000000000103e-01 1.194300000000000049e-02 -1.554000000000000043e-03
1.700000000000000000e+01 2.500000000000000000e+01 5.500000000000000000e+01 0.000000000000000000e+00 1.600000000000000089e+00 1.631999999999999987e-03 6.930000000000000396e-04 -9.999980000000000535e-01 -1.269400000000000042e-02 -9.999190000000000023e-01 -7.140000000000000079e-04 -9.999179999999999735e-01 1.269499999999999969e-02 -1.623000000000000094e-03
2.300000000000000000e+01 2.500000000000000000e+01 5.500000000000000000e+01 0.000000000000000000e+00 1.600000000000000089e+00 1.007000000000000083e-03 4.448999999999999830e-03 -9.999900000000000455e-01 -9.990999999999999881e-03 -9.999400000000000510e-01 -4.459000000000000290e-03 -9.999500000000000055e-01 9.995000000000000412e-03 -9.629999999999999888e-04
2.800000000000000000e+01 1.500000000000000000e+01 5.700000000000000000e+01 0.000000000000000000e+00 1.600000000000000089e+00 2.150000000000000001e-03 4.910999999999999567e-03 -9.999860000000000415e-01 4.520750000000000046e-01 8.919639999999999791e-01 5.351999999999999987e-03 8.919770000000000199e-01 -4.520799999999999819e-01 -3.029999999999999924e-04
3.000000000000000000e+00 2.100000000000000000e+01 6.000000000000000000e+01 0.000000000000000000e+00 1.600000000000000089e+00 -2.379000000000000038e-03 2.237600000000000006e-02 9.997470000000000523e-01 -9.354700000000000515e-02 9.953610000000000513e-01 -2.250100000000000017e-02 -9.956120000000000525e-01 -9.357699999999999352e-02 -2.750000000000000166e-04
1.200000000000000000e+01 2.100000000000000000e+01 6.000000000000000000e+01 0.000000000000000000e+00 1.600000000000000089e+00 9.250000000000000409e-04 -7.667000000000000204e-03 9.999700000000000255e-01 -9.451900000000000579e-02 9.954929999999999612e-01 7.720000000000000299e-03 -9.955230000000000468e-01 -9.452299999999999591e-02 1.959999999999999937e-04
