3.000000000000000000e+00 2.500000000000000000e+01 1.000000000000000000e+00 0.000000000000000000e+00 1.600000000000000089e+00 -1.804000000000000048e-03 3.501999999999999905e-03 -9.999919999999999920e-01 -5.300589999999999469e-01 -8.479579999999999895e-01 -2.014000000000000165e-03 -8.479590000000000183e-01 5.300510000000000499e-01 3.386000000000000121e-03
1.000000000000000000e+01 2.500000000000000000e+01 1.000000000000000000e+00 0.000000000000000000e+00 1.600000000000000089e+00 -3.770000000000000022e-04 4.035999999999999657e-03 -9.999919999999999920e-01 -5.266699999999999715e-01 -8.500640000000000418e-01 -3.232000000000000064e-03 -8.500699999999999923e-01 5.266640000000000210e-01 2.445999999999999824e-03
2.100000000000000000e+01 2.500000000000000000e+01 1.000000000000000000e+00 0.000000000000000000e+00 1.600000000000000089e+00 -3.321000000000000167e-03 -5.910000000000000323e-03 -9.999770000000000048e-01 -5.233020000000000449e-01 -8.521210000000000173e-01 6.773999999999999640e-03 -8.521410000000000373e-01 5.233119999999999994e-01 -2.629999999999999959e-04
2.800000000000000000e+01 2.500000000000000000e+01 1.000000000000000000e+00 0.000000000000000000e+00 1.600000000000000089e+00 8.199999999999999824e-04 -2.126999999999999984e-03 -9.999970000000000248e-01 -5.223029999999999617e-01 -8.527590000000000447e-01 1.386000000000000079e-03 -8.527599999999999625e-01 5.223010000000000153e-01 -1.810999999999999893e-03
2.000000000000000000e+00 1.500000000000000000e+01 4.000000000000000000e+00 0.000000000000000000e+00 1.600000000000000089e+00 7.659999999999999708e-04 -2.961999999999999789e-03 9.999949999999999672e-01 3.147679999999999922e-01 -9.491640000000000077e-01 -3.053000000000000158e-03 9.491680000000000117e-01 3.147690000000000210e-01 2.049999999999999956e-04
1.200000000000000000e+01 1.500000000000000000e+01 4.000000000000000000e+00 0.000000000000000000e+00 1.600000000000000089e+00 -3.409999999999999945e-04 -5.814999999999999857e-03 9.999829999999999552e-01 3.105189999999999895e-01 -9.505519999999999525e-01 -5.421999999999999736e-03 9.505670000000000508e-01 3.105120000000000102e-01 2.128999999999999816e-03
1.900000000000000000e+01 1.500000000000000000e+01 4.000000000000000000e+00 0.000000000000000000e+00 1.600000000000000089e+00 3.105000000000000121e-03 -4.028999999999999596e-03 9.999869999999999592e-01 3.137360000000000149e-01 -9.494979999999999531e-01 -4.799999999999999580e-03 9.495050000000000434e-01 3.137469999999999981e-01 -1.683999999999999950e-03
2.400000000000000000e+01 1.500000000000000000e+01 4.000000000000000000e+00 0.000000000000000000e+00 1.600000000000000089e+00 -1.925000000000000062e-03 -7.655999999999999611e-03 9.999689999999999968e-01 3.105140000000000122e-01 -9.505449999999999733e-01 -6.680000000000000174e-03 9.505670000000000508e-01 3.104910000000000170e-01 4.206999999999999802e-03
8.000000000000000000e+00 1.600000000000000000e+01 4.000000000000000000e+00 0.000000000000000000e+00 1.600000000000000089e+00 -2.102999999999999835e-03 -5.759000000000000230e-03 9.999810000000000088e-01 3.864090000000000025e-01 -9.223160000000000247e-01 -4.499000000000000395e-03 9.223249999999999504e-01 3.863929999999999865e-01 4.165000000000000299e-03
1.000000000000000000e+01 1.010000000000000000e+02 7.000000000000000000e+00 0.000000000000000000e+00 1.600000000000000089e+00 -8.340000000000000191e-03 2.255400000000000113e-02 9.997110000000000163e-01 8.785079999999999556e-01 4.777150000000000007e-01 -3.448999999999999809e-03 -4.776549999999999963e-01 8.782250000000000334e-01 -2.379799999999999971e-02
1.700000000000000000e+01 1.010000000000000000e+02 7.000000000000000000e+00 0.000000000000000000e+00 1.600000000000000089e+00 3.570999999999999956e-03 -1.849999999999999973e-04 9.999940000000000495e-01 8.762940000000000174e-01 4.817670000000000008e-01 -3.040000000000000167e-03 -4.817640000000000255e-01 8.762990000000000501e-01 1.881999999999999992e-03
4.000000000000000000e+00 2.500000000000000000e+01 8.000000000000000000e+00 0.000000000000000000e+00 1.600000000000000089e+00 2.252999999999999794e-03 -2.183000000000000045e-03 -9.999949999999999672e-01 4.500379999999999936e-01 8.930090000000000527e-01 -9.349999999999999587e-04 8.930069999999999952e-01 -4.500330000000000163e-01 2.994000000000000133e-03
8.000000000000000000e+00 2.500000000000000000e+01 8.000000000000000000e+00 0.000000000000000000e+00 1.600000000000000089e+00 7.960000000000000495e-04 4.516000000000000049e-03 -9.999900000000000455e-01 4.493730000000000224e-01 8.933330000000000437e-01 4.392000000000000071e-03 8.933440000000000270e-01 -4.493719999999999937e-01 -1.319000000000000077e-03
1.100000000000000000e+01 2.500000000000000000e+01 8.000000000000000000e+00 0.000000000000000000e+00 1.600000000000000089e+00 8.679999999999999565e-04 6.491000000000000242e-03 -9.999789999999999512e-01 4.489139999999999797e-01 8.935530000000000417e-01 6.190000000000000190e-03 8.935739999999999794e-01 -4.489099999999999757e-01 -2.138000000000000143e-03
2.100000000000000000e+01 2.500000000000000000e+01 8.000000000000000000e+00 0.000000000000000000e+00 1.600000000000000089e+00 2.171000000000000187e-03 1.477799999999999947e-02 -9.998879999999999990e-01 4.486689999999999845e-01 8.935849999999999627e-01 1.418099999999999916e-02 8.936950000000000172e-01 -4.486499999999999932e-01 -4.690999999999999857e-03
3.000000000000000000e+01 2.500000000000000000e+01 8.000000000000000000e+00 0.000000000000000000e+00 1.600000000000000089e+00 5.450000000000000200e-04 6.963999999999999704e-03 -9.999759999999999760e-01 4.438719999999999888e-01 8.960669999999999469e-01 6.481999999999999915e-03 8.960900000000000531e-01 -4.438650000000000095e-01 -2.602000000000000146e-03
3.000000000000000000e+00 2.400000000000000000e+01 9.000000000000000000e+00 0.000000000000000000e+00 1.600000000000000089e+00 2.226999999999999813e-03 -1.180999999999999975e-03 -9.999970000000000248e-01 4.529960000000000098e-01 8.915119999999999711e-01 -4.399999999999999886e-05 8.915100000000000247e-01 -4.529949999999999810e-01 2.520999999999999804e-03
7.000000000000000000e+00 2.400000000000000000e+01 9.000000000000000000e+00 0.000000000000000000e+00 1.600000000000000089e+00 1.190000000000000085e-03 3.746999999999999897e-03 -9.999919999999999920e-01 4.525250000000000106e-01 8.917429999999999524e-01 3.880000000000000202e-03 8.917509999999999604e-01 -4.525259999999999838e-01 -6.340000000000000149e-04
1.100000000000000000e+01 2.400000000000000000e+01 9.000000000000000000e+00 0.000000000000000000e+00 1.600000000000000089e+00 6.589999999999999721e-04 7.444000000000000096e-03 -9.999719999999999720e-01 4.513559999999999794e-01 8.923170000000000268e-01 6.939999999999999988e-03 8.923440000000000261e-01 -4.513480000000000270e-01 -2.772000000000000158e-03
1.500000000000000000e+01 2.400000000000000000e+01 9.000000000000000000e+00 0.000000000000000000e+00 1.600000000000000089e+00 2.135999999999999878e-03 -1.010000000000000020e-04 -9.999980000000000535e-01 4.518519999999999759e-01 8.920919999999999961e-01 8.750000000000000182e-04 8.920900000000000496e-01 -4.518530000000000046e-01 1.951000000000000043e-03
2.100000000000000000e+01 2.400000000000000000e+01 9.000000000000000000e+00 0.000000000000000000e+00 1.600000000000000089e+00 2.193000000000000071e-03 1.303999999999999951e-02 -9.999130000000000518e-01 4.518139999999999934e-01 8.920230000000000103e-01 1.262399999999999980e-02 8.921099999999999586e-01 -4.518019999999999814e-01 -3.935000000000000130e-03
2.900000000000000000e+01 2.400000000000000000e+01 9.000000000000000000e+00 0.000000000000000000e+00 1.600000000000000089e+00 8.279999999999999600e-04 6.496000000000000038e-03 -9.999789999999999512e-01 4.464279999999999915e-01 8.947979999999999823e-01 6.181999999999999995e-03 8.948190000000000310e-01 -4.464230000000000143e-01 -2.158999999999999895e-03
1.700000000000000000e+01 3.100000000000000000e+01 1.200000000000000000e+01 0.000000000000000000e+00 1.600000000000000089e+00 6.099999999999999872e-05 -1.703000000000000087e-03 9.999989999999999712e-01 -1.197400000000000027e-02 9.999270000000000103e-01 1.703000000000000087e-03 -9.999280000000000390e-01 -1.197400000000000027e-02 4.100000000000000047e-05
2.200000000000000000e+01 3.100000000000000000e+01 1.200000000000000000e+01 0.000000000000000000e+00 1.600000000000000089e+00 1.923999999999999929e-03 8.626999999999999252e-03 9.999609999999999888e-01 -1.140500000000000021e-02 9.998979999999999535e-01 -8.604999999999999802e-03 -9.999329999999999607e-01 -1.138800000000000055e-02 2.021999999999999926e-03
2.700000000000000000e+01 3.100000000000000000e+01 1.200000000000000000e+01 0.000000000000000000e+00 1.600000000000000089e+00 3.943999999999999589e-03 8.486999999999999753e-03 9.999559999999999560e-01 -6.727999999999999606e-03 9.999419999999999975e-01 -8.460000000000000506e-03 -9.999700000000000255e-01 -6.694000000000000297e-03 4.000000000000000083e-03
5.000000000000000000e+00 3.200000000000000000e+01 1.400000000000000000e+01 0.000000000000000000e+00 1.600000000000000089e+00 4.388999999999999672e-03 -5.910999999999999588e-03 -9.999730000000000008e-01 1.102179999999999965e-01 9.938930000000000264e-01 -5.390999999999999959e-03 9.938979999999999482e-01 -1.101909999999999973e-01 5.014000000000000228e-03
2.900000000000000000e+01 1.160000000000000000e+02 1.600000000000000000e+01 0.000000000000000000e+00 1.600000000000000089e+00 1.665000000000000030e-03 1.758000000000000014e-03 9.999970000000000248e-01 6.918469999999999898e-01 7.220400000000000151e-01 -2.422000000000000108e-03 -7.220419999999999616e-01 6.918490000000000473e-01 -1.399999999999999979e-05
2.000000000000000000e+00 2.000000000000000000e+00 1.900000000000000000e+01 0.000000000000000000e+00 1.600000000000000089e+00 3.370000000000000057e-04 -6.624999999999999813e-03 -9.999780000000000335e-01 1.795980000000000076e-01 -9.837179999999999813e-01 6.577000000000000381e-03 -9.837399999999999478e-01 -1.795960000000000056e-01 8.589999999999999546e-04
9.000000000000000000e+00 2.000000000000000000e+00 1.900000000000000000e+01 0.000000000000000000e+00 1.600000000000000089e+00 -8.949999999999999623e-04 2.420000000000000005e-04 -1.000000000000000000e+00 1.782590000000000008e-01 -9.839839999999999698e-01 -3.980000000000000248e-04 -9.839830000000000521e-01 -1.782590000000000008e-01 8.379999999999999862e-04
1.600000000000000000e+01 2.000000000000000000e+00 1.900000000000000000e+01 0.000000000000000000e+00 1.600000000000000089e+00 -4.126999999999999592e-03 -4.942000000000000212e-03 -9.999789999999999512e-01 1.801470000000000016e-01 -9.836310000000000331e-01 4.118000000000000133e-03 -9.836310000000000331e-01 -1.801260000000000083e-01 4.950000000000000407e-03
2.300000000000000000e+01 2.000000000000000000e+00 1.900000000000000000e+01 0.000000000000000000e+00 1.600000000000000089e+00 -5.800000000000000034e-05 3.530999999999999851e-03 -9.999940000000000495e-01 1.808950000000000002e-01 -9.834960000000000369e-01 -3.482999999999999985e-03 -9.835030000000000161e-01 -1.808939999999999992e-01 -5.820000000000000520e-04
2.000000000000000000e+00 1.300000000000000000e+01 2.000000000000000000e+01 0.000000000000000000e+00 1.600000000000000089e+00 1.242999999999999964e-03 5.781999999999999813e-03 9.999820000000000375e-01 2.496629999999999960e-01 9.683150000000000368e-01 -5.909000000000000190e-03 -9.683319999999999705e-01 2.496659999999999990e-01 -2.400000000000000061e-04
8.000000000000000000e+00 1.300000000000000000e+01 2.000000000000000000e+01 0.000000000000000000e+00 1.600000000000000089e+00 5.000000000000000240e-05 -1.396000000000000105e-03 9.999989999999999712e-01 2.511399999999999744e-01 9.679499999999999771e-01 1.338999999999999913e-03 -9.679510000000000058e-01 2.511399999999999744e-01 3.989999999999999949e-04
1.300000000000000000e+01 1.300000000000000000e+01 2.000000000000000000e+01 0.000000000000000000e+00 1.600000000000000089e+00 -5.540000000000000219e-04 1.981000000000000122e-03 9.999980000000000535e-01 2.503110000000000057e-01 9.681640000000000246e-01 -1.779999999999999898e-03 -9.681650000000000533e-01 2.503099999999999770e-01 -1.031999999999999931e-03
1.700000000000000000e+01 1.300000000000000000e+01 2.000000000000000000e+01 0.000000000000000000e+00 1.600000000000000089e+00 -6.176000000000000066e-03 -1.093200000000000074e-02 9.999209999999999487e-01 2.501970000000000027e-01 9.681189999999999518e-01 1.213000000000000016e-02 -9.681750000000000078e-01 2.502519999999999745e-01 -3.243999999999999922e-03
2.300000000000000000e+01 1.300000000000000000e+01 2.000000000000000000e+01 0.000000000000000000e+00 1.600000000000000089e+00 3.899999999999999929e-05 2.837000000000000112e-03 9.999959999999999960e-01 2.537099999999999911e-01 9.672770000000000534e-01 -2.753999999999999938e-03 -9.672800000000000287e-01 2.537090000000000178e-01 -6.819999999999999890e-04
3.000000000000000000e+00 1.600000000000000000e+01 2.100000000000000000e+01 0.000000000000000000e+00 1.600000000000000089e+00 1.477999999999999930e-03 4.466999999999999617e-03 9.999890000000000168e-01 2.972369999999999735e-01 9.547919999999999741e-01 -4.703999999999999848e-03 -9.548029999999999573e-01 2.972400000000000042e-01 8.299999999999999815e-05
1.200000000000000000e+01 1.600000000000000000e+01 2.100000000000000000e+01 0.000000000000000000e+00 1.600000000000000089e+00 9.000000000000000228e-06 6.340000000000000149e-04 1.000000000000000000e+00 2.966860000000000053e-01 9.549750000000000183e-01 -6.080000000000000335e-04 -9.549750000000000183e-01 2.966860000000000053e-01 -1.800000000000000113e-04
1.700000000000000000e+01 1.600000000000000000e+01 2.100000000000000000e+01 0.000000000000000000e+00 1.600000000000000089e+00 -6.602000000000000229e-03 -1.034999999999999983e-02 9.999249999999999527e-01 2.973979999999999957e-01 9.546799999999999731e-01 1.184499999999999963e-02 -9.547309999999999963e-01 2.974539999999999962e-01 -3.225000000000000002e-03
2.200000000000000000e+01 1.600000000000000000e+01 2.100000000000000000e+01 0.000000000000000000e+00 1.600000000000000089e+00 -4.519999999999999821e-04 -2.579999999999999828e-04 1.000000000000000000e+00 2.993660000000000210e-01 9.541380000000000416e-01 3.809999999999999910e-04 -9.541380000000000416e-01 2.993660000000000210e-01 -3.550000000000000096e-04
2.800000000000000000e+01 1.600000000000000000e+01 2.100000000000000000e+01 0.000000000000000000e+00 1.600000000000000089e+00 4.346000000000000037e-03 9.683999999999999900e-03 9.999440000000000550e-01 2.990559999999999885e-01 9.541770000000000529e-01 -1.054100000000000002e-02 -9.542260000000000186e-01 2.990849999999999898e-01 1.250000000000000026e-03
6.000000000000000000e+00 3.000000000000000000e+00 2.500000000000000000e+01 0.000000000000000000e+00 1.600000000000000089e+00 -1.941000000000000017e-03 5.396999999999999888e-03 9.999829999999999552e-01 -2.955500000000000141e-02 -9.995490000000000208e-01 5.337999999999999863e-03 9.995610000000000328e-01 -2.954400000000000082e-02 2.099000000000000171e-03
1.900000000000000000e+01 3.000000000000000000e+00 2.500000000000000000e+01 0.000000000000000000e+00 1.600000000000000089e+00 8.812999999999999653e-03 -5.932999999999999906e-03 9.999440000000000550e-01 -3.450500000000000095e-02 -9.993889999999999718e-01 -5.624999999999999792e-03 9.993659999999999766e-01 -3.445299999999999752e-02 -9.011999999999999178e-03
9.000000000000000000e+00 4.600000000000000000e+01 2.700000000000000000e+01 0.000000000000000000e+00 1.600000000000000089e+00 8.099999999999999561e-04 -2.828999999999999918e-03 -9.999959999999999960e-01 6.762089999999999490e-01 7.367080000000000295e-01 -1.536999999999999955e-03 7.367089999999999472e-01 -6.762049999999999450e-01 2.510000000000000078e-03
6.000000000000000000e+00 4.600000000000000000e+01 3.000000000000000000e+01 0.000000000000000000e+00 1.600000000000000089e+00 9.810000000000001011e-04 -9.359999999999999831e-04 -9.999989999999999712e-01 3.417160000000000197e-01 9.398030000000000550e-01 -5.439999999999999957e-04 9.398030000000000550e-01 -3.417149999999999910e-01 1.242000000000000048e-03
2.100000000000000000e+01 4.600000000000000000e+01 3.000000000000000000e+01 0.000000000000000000e+00 1.600000000000000089e+00 8.599999999999999789e-04 3.319999999999999926e-04 -1.000000000000000000e+00 3.319949999999999846e-01 9.432810000000000361e-01 5.980000000000000072e-04 9.432810000000000361e-01 -3.319960000000000133e-01 7.010000000000000172e-04
2.600000000000000000e+01 4.600000000000000000e+01 3.000000000000000000e+01 0.000000000000000000e+00 1.600000000000000089e+00 -4.650000000000000270e-04 3.893999999999999892e-03 -9.999919999999999920e-01 3.328800000000000092e-01 9.429629999999999956e-01 3.517000000000000161e-03 9.429689999999999461e-01 -3.328760000000000052e-01 -1.734999999999999997e-03
4.000000000000000000e+00 2.300000000000000000e+01 3.400000000000000000e+01 0.000000000000000000e+00 1.600000000000000089e+00 1.807200000000000126e-02 -3.271000000000000036e-03 9.998310000000000253e-01 3.581250000000000266e-01 -9.336250000000000382e-01 -9.528000000000000011e-03 9.334989999999999677e-01 3.582370000000000276e-01 -1.570099999999999968e-02
5.000000000000000000e+00 4.600000000000000000e+01 3.500000000000000000e+01 0.000000000000000000e+00 1.600000000000000089e+00 -4.800000000000000122e-04 5.640000000000000482e-04 -1.000000000000000000e+00 3.913380000000000192e-01 -9.202470000000000372e-01 -7.069999999999999462e-04 -9.202470000000000372e-01 -3.913389999999999924e-01 2.210000000000000050e-04
1.400000000000000000e+01 4.600000000000000000e+01 3.500000000000000000e+01 0.000000000000000000e+00 1.600000000000000089e+00 3.000000000000000076e-05 3.052000000000000025e-03 -9.999949999999999672e-01 3.905219999999999803e-01 -9.205889999999999906e-01 -2.798000000000000140e-03 -9.205940000000000234e-01 -3.905199999999999783e-01 -1.219000000000000031e-03
1.800000000000000000e+01 4.600000000000000000e+01 3.500000000000000000e+01 0.000000000000000000e+00 1.600000000000000089e+00 -2.356000000000000021e-03 1.544999999999999932e-03 -9.999959999999999960e-01 3.894750000000000156e-01 -9.210340000000000193e-01 -2.340000000000000066e-03 -9.210340000000000193e-01 -3.894790000000000196e-01 1.569000000000000082e-03
2.800000000000000000e+01 4.600000000000000000e+01 3.500000000000000000e+01 0.000000000000000000e+00 1.600000000000000089e+00 2.075000000000000022e-03 -2.399999999999999790e-03 -9.999949999999999672e-01 3.877010000000000178e-01 -9.217800000000000438e-01 3.017000000000000150e-03 -9.217830000000000190e-01 -3.877050000000000218e-01 -9.820000000000000170e-04
8.000000000000000000e+00 9.500000000000000000e+01 3.600000000000000000e+01 0.000000000000000000e+00 1.600000000000000089e+00 -3.512400000000000244e-02 -4.828400000000000053e-02 9.982159999999999922e-01 9.973300000000000498e-01 6.229099999999999915e-02 3.810600000000000098e-02 -6.401900000000000646e-02 9.968890000000000251e-01 4.596700000000000091e-02
1.800000000000000000e+01 9.500000000000000000e+01 3.600000000000000000e+01 0.000000000000000000e+00 1.600000000000000089e+00 1.662800000000000042e-02 1.568500000000000102e-02 9.997390000000000443e-01 9.981809999999999850e-01 5.769699999999999829e-02 -1.750799999999999926e-02 -5.795700000000000157e-02 9.982109999999999594e-01 -1.469699999999999999e-02
2.600000000000000000e+01 9.500000000000000000e+01 3.600000000000000000e+01 0.000000000000000000e+00 1.600000000000000089e+00 1.833100000000000007e-02 4.050800000000000234e-02 9.990109999999999824e-01 9.966150000000000286e-01 7.934800000000000186e-02 -2.150499999999999981e-02 -8.014100000000000390e-02 9.960240000000000204e-01 -3.891700000000000020e-02
9.000000000000000000e+00 6.500000000000000000e+01 4.600000000000000000e+01 0.000000000000000000e+00 1.600000000000000089e+00 1.632999999999999903e-03 1.012000000000000096e-03 9.999980000000000535e-01 6.797720000000000429e-01 -7.334230000000000471e-01 -3.680000000000000003e-04 7.334209999999999896e-01 6.797720000000000429e-01 -1.886000000000000090e-03
1.500000000000000000e+01 6.500000000000000000e+01 4.600000000000000000e+01 0.000000000000000000e+00 1.600000000000000089e+00 3.678999999999999979e-03 -1.209000000000000005e-03 9.999919999999999920e-01 6.798250000000000126e-01 -7.333669999999999911e-01 -3.387999999999999953e-03 7.333650000000000446e-01 6.798319999999999919e-01 -1.876000000000000063e-03
1.300000000000000000e+01 7.000000000000000000e+00 5.200000000000000000e+01 0.000000000000000000e+00 1.600000000000000089e+00 -3.526000000000000054e-03 -6.639999999999999852e-04 -9.999940000000000495e-01 8.307299999999999407e-02 -9.965429999999999566e-01 3.680000000000000003e-04 -9.965370000000000061e-01 -8.307100000000000595e-02 3.569000000000000124e-03
1.600000000000000000e+01 7.000000000000000000e+00 5.200000000000000000e+01 0.000000000000000000e+00 1.600000000000000089e+00 2.481999999999999831e-03 6.139999999999999625e-03 -9.999780000000000335e-01 8.252700000000000313e-02 -9.965709999999999846e-01 -5.913999999999999986e-03 -9.965859999999999719e-01 -8.251000000000000001e-02 -2.980000000000000010e-03
1.000000000000000000e+01 5.800000000000000000e+01 5.200000000000000000e+01 0.000000000000000000e+00 1.600000000000000089e+00 -2.799999999999999958e-05 -4.255000000000000102e-03 9.999909999999999632e-01 -6.253370000000000317e-01 7.803480000000000416e-01 3.302999999999999946e-03 -7.803550000000000209e-01 -6.253309999999999702e-01 -2.681999999999999922e-03
7.000000000000000000e+00 6.300000000000000000e+01 5.400000000000000000e+01 0.000000000000000000e+00 1.600000000000000089e+00 -4.016999999999999738e-03 -1.271300000000000034e-02 9.999109999999999943e-01 -3.930109999999999992e-01 9.194780000000000175e-01 1.011100000000000020e-02 -9.195250000000000368e-01 -3.929360000000000075e-01 -8.689999999999999808e-03
1.000000000000000000e+01 6.300000000000000000e+01 5.400000000000000000e+01 0.000000000000000000e+00 1.600000000000000089e+00 -3.710000000000000190e-03 -7.226999999999999917e-03 9.999670000000000503e-01 -3.758159999999999834e-01 9.266790000000000305e-01 5.303000000000000422e-03 -9.266870000000000385e-01 -3.757840000000000069e-01 -6.154999999999999881e-03
1.300000000000000000e+01 6.300000000000000000e+01 5.400000000000000000e+01 0.000000000000000000e+00 1.600000000000000089e+00 -1.291000000000000047e-03 2.233999999999999875e-03 9.999970000000000248e-01 -3.667730000000000157e-01 9.303069999999999951e-01 -2.552000000000000015e-03 -9.303099999999999703e-01 -3.667750000000000177e-01 -3.820000000000000153e-04
1.800000000000000000e+01 6.300000000000000000e+01 5.400000000000000000e+01 0.000000000000000000e+00 1.600000000000000089e+00 7.899999999999999579e-05 3.158000000000000217e-03 9.999949999999999672e-01 -3.642520000000000202e-01 9.312960000000000127e-01 -2.912000000000000092e-03 -9.313000000000000167e-01 -3.642500000000000182e-01 1.224000000000000045e-03
2.400000000000000000e+01 6.300000000000000000e+01 5.400000000000000000e+01 0.000000000000000000e+00 1.600000000000000089e+00 -8.899999999999999491e-04 9.920000000000000432e-04 9.999989999999999712e-01 -3.637199999999999878e-01 9.315069999999999739e-01 -1.247999999999999977e-03 -9.315080000000000027e-01 -3.637210000000000165e-01 -4.679999999999999915e-04
2.800000000000000000e+01 6.300000000000000000e+01 5.400000000000000000e+01 0.000000000000000000e+00 1.600000000000000089e+00 -1.430000000000000064e-04 1.387999999999999911e-03 9.999989999999999712e-01 -3.700120000000000076e-01 9.290260000000000185e-01 -1.342000000000000094e-03 -9.290270000000000472e-01 -3.700120000000000076e-01 3.800000000000000209e-04
1.600000000000000000e+01 2.600000000000000000e+01 5.500000000000000000e+01 0.000000000000000000e+00 1.600000000000000089e+00 1.449999999999999900e-03 -1.248999999999999893e-03 -9.999980000000000535e-01 -4.309799999999999742e-02 -9.990700000000000136e-01 1.185000000000000072e-03 -9.990700000000000136e-01 4.309700000000000336e-02 -1.502999999999999996e-03
2.800000000000000000e+01 4.800000000000000000e+01 5.700000000000000000e+01 0.000000000000000000e+00 1.600000000000000089e+00 1.678199999999999831e-02 2.219599999999999906e-01 -9.749109999999999721e-01 1.670300000000000118e-01 -9.619689999999999630e-01 -2.161379999999999968e-01 -9.858090000000000463e-01 -1.592119999999999924e-01 -5.321800000000000141e-02
4.000000000000000000e+00 2.100000000000000000e+01 6.000000000000000000e+01 0.000000000000000000e+00 1.600000000000000089e+00 -4.339999999999999782e-04 9.740000000000000394e-04 9.999989999999999712e-01 -9.276099999999999624e-02 9.956880000000000175e-01 -1.010000000000000047e-03 -9.956880000000000175e-01 -9.276199999999999724e-02 -3.420000000000000188e-04
8.000000000000000000e+00 2.100000000000000000e+01 6.000000000000000000e+01 0.000000000000000000e+00 1.600000000000000089e+00 -3.809999999999999910e-04 2.429999999999999977e-04 1.000000000000000000e+00 -9.413900000000000046e-02 9.955589999999999717e-01 -2.779999999999999811e-04 -9.955589999999999717e-01 -9.413900000000000046e-02 -3.570000000000000040e-04
1.300000000000000000e+01 2.100000000000000000e+01 6.000000000000000000e+01 0.000000000000000000e+00 1.600000000000000089e+00 -6.660000000000000338e-04 -2.236999999999999839e-03 9.999970000000000248e-01 -9.475799999999999501e-02 9.954979999999999940e-01 2.162999999999999992e-03 -9.955000000000000515e-01 -9.475600000000000689e-02 -8.750000000000000182e-04
1.800000000000000000e+01 2.100000000000000000e+01 6.000000000000000000e+01 0.000000000000000000e+00 1.600000000000000089e+00 -7.990000000000000140e-04 -1.417000000000000074e-03 9.999989999999999712e-01 -9.528100000000000458e-02 9.954499999999999460e-01 1.333999999999999899e-03 -9.954499999999999460e-01 -9.528000000000000358e-02 -9.309999999999999699e-04
2.300000000000000000e+01 2.100000000000000000e+01 6.000000000000000000e+01 0.000000000000000000e+00 1.600000000000000089e+00 -9.399999999999999448e-05 3.018999999999999982e-03 9.999949999999999672e-01 -9.566800000000000304e-02 9.954089999999999883e-01 -3.014000000000000186e-03 -9.954129999999999923e-01 -9.566800000000000304e-02 1.949999999999999965e-04
2.800000000000000000e+01 2.100000000000000000e+01 6.000000000000000000e+01 0.000000000000000000e+00 1.600000000000000089e+00 2.317000000000000049e-03 7.315999999999999587e-03 9.999710000000000543e-01 -9.413100000000000633e-02 9.955349999999999477e-01 -7.066000000000000232e-03 -9.955570000000000253e-01 -9.411200000000000121e-02 2.994999999999999832e-03
1.400000000000000000e+01 6.700000000000000000e+01 6.000000000000000000e+01 0.000000000000000000e+00 1.600000000000000089e+00 -6.909999999999999910e-04 -4.093000000000000284e-03 9.999909999999999632e-01 1.807709999999999873e-01 -9.835180000000000033e-01 -3.899999999999999821e-03 9.835249999999999826e-01 1.807660000000000100e-01 1.418999999999999906e-03
2.000000000000000000e+00 2.700000000000000000e+01 6.300000000000000000e+01 0.000000000000000000e+00 1.600000000000000089e+00 5.630000000000000239e-04 -9.160000000000000390e-04 9.999989999999999712e-01 -2.803059999999999996e-01 9.599100000000000410e-01 1.036999999999999944e-03 -9.599109999999999587e-01 -2.803059999999999996e-01 2.840000000000000185e-04
1.400000000000000000e+01 2.700000000000000000e+01 6.300000000000000000e+01 0.000000000000000000e+00 1.600000000000000089e+00 -1.515999999999999986e-03 -1.332000000000000068e-03 9.999980000000000535e-01 -2.790679999999999827e-01 9.602709999999999857e-01 8.549999999999999658e-04 -9.602699999999999569e-01 -2.790670000000000095e-01 -1.827999999999999981e-03
2.000000000000000000e+01 2.700000000000000000e+01 6.300000000000000000e+01 0.000000000000000000e+00 1.600000000000000089e+00 -3.899999999999999929e-05 2.099000000000000171e-03 9.999980000000000535e-01 -2.801020000000000176e-01 9.599680000000000435e-01 -2.026000000000000023e-03 -9.599699999999999900e-01 -2.801020000000000176e-01 5.500000000000000331e-04
3.000000000000000000e+00 4.400000000000000000e+01 6.300000000000000000e+01 0.000000000000000000e+00 1.600000000000000089e+00 7.119999999999999593e-03 2.161899999999999933e-02 -9.997409999999999908e-01 -6.352729999999999766e-01 -7.719960000000000155e-01 -2.121800000000000075e-02 -7.722550000000000248e-01 6.352600000000000469e-01 8.236999999999999530e-03
6.000000000000000000e+00 4.400000000000000000e+01 6.300000000000000000e+01 0.000000000000000000e+00 1.600000000000000089e+00 5.539999999999999786e-03 1.882599999999999899e-02 -9.998070000000000013e-01 -6.366169999999999884e-01 -7.709690000000000154e-01 -1.804499999999999854e-02 -7.711599999999999566e-01 6.365950000000000220e-01 7.714000000000000370e-03
1.200000000000000000e+01 4.400000000000000000e+01 6.300000000000000000e+01 0.000000000000000000e+00 1.600000000000000089e+00 -7.690000000000000438e-04 1.350000000000000071e-03 -9.999989999999999712e-01 -6.506579999999999586e-01 -7.593710000000000182e-01 -5.249999999999999676e-04 -7.593710000000000182e-01 6.506560000000000121e-01 1.461999999999999975e-03
1.700000000000000000e+01 4.400000000000000000e+01 6.300000000000000000e+01 0.000000000000000000e+00 1.600000000000000089e+00 3.089999999999999756e-04 1.238599999999999944e-02 -9.999230000000000063e-01 -6.599169999999999758e-01 -7.512790000000000301e-01 -9.509999999999999357e-03 -7.513389999999999791e-01 6.598690000000000389e-01 7.941999999999999407e-03
2.300000000000000000e+01 4.400000000000000000e+01 6.300000000000000000e+01 0.000000000000000000e+00 1.600000000000000089e+00 6.049999999999999606e-04 4.706000000000000114e-03 -9.999890000000000168e-01 -6.677180000000000337e-01 -7.444039999999999546e-01 -3.906999999999999883e-03 -7.444140000000000201e-01 6.677130000000000010e-01 2.691999999999999948e-03
2.700000000000000000e+01 4.400000000000000000e+01 6.300000000000000000e+01 0.000000000000000000e+00 1.600000000000000089e+00 7.041000000000000383e-03 1.966899999999999898e-02 -9.997819999999999485e-01 -6.715919999999999668e-01 -7.406690000000000218e-01 -1.930099999999999871e-02 -7.408869999999999623e-01 6.715820000000000123e-01 7.993999999999999370e-03
3.000000000000000000e+00 2.600000000000000000e+01 6.400000000000000000e+01 0.000000000000000000e+00 1.600000000000000089e+00 7.919999999999999523e-04 -1.599999999999999928e-05 1.000000000000000000e+00 -3.690439999999999832e-01 9.294120000000000159e-01 3.069999999999999812e-04 -9.294120000000000159e-01 -3.690439999999999832e-01 7.309999999999999875e-04
9.000000000000000000e+00 2.600000000000000000e+01 6.400000000000000000e+01 0.000000000000000000e+00 1.600000000000000089e+00 -7.789999999999999616e-04 -3.312999999999999973e-03 9.999940000000000495e-01 -3.683739999999999792e-01 9.296740000000000004e-01 2.792999999999999910e-03 -9.296769999999999756e-01 -3.683690000000000020e-01 -1.944999999999999897e-03
1.600000000000000000e+01 2.600000000000000000e+01 6.400000000000000000e+01 0.000000000000000000e+00 1.600000000000000089e+00 -2.269999999999999882e-03 -1.660999999999999933e-03 9.999959999999999960e-01 -3.720379999999999798e-01 9.282169999999999588e-01 6.980000000000000527e-04 -9.282150000000000123e-01 -3.720350000000000046e-01 -2.724999999999999992e-03
2.000000000000000000e+01 2.600000000000000000e+01 6.400000000000000000e+01 0.000000000000000000e+00 1.600000000000000089e+00 -8.890000000000000333e-04 3.210999999999999879e-03 9.999949999999999672e-01 -3.738609999999999989e-01 9.274790000000000534e-01 -3.311000000000000141e-03 -9.274839999999999751e-01 -3.738620000000000276e-01 3.759999999999999779e-04
2.400000000000000000e+01 2.600000000000000000e+01 6.400000000000000000e+01 0.000000000000000000e+00 1.600000000000000089e+00 1.286000000000000034e-03 5.555000000000000042e-03 9.999839999999999840e-01 -3.683290000000000175e-01 9.296839999999999549e-01 -4.689999999999999725e-03 -9.296950000000000491e-01 -3.683170000000000055e-01 3.242000000000000090e-03
1.000000000000000000e+00 4.400000000000000000e+01 7.300000000000000000e+01 0.000000000000000000e+00 1.600000000000000089e+00 -4.800000000000000122e-05 3.346000000000000016e-03 9.999940000000000495e-01 5.746400000000000119e-02 -9.983419999999999517e-01 3.343000000000000051e-03 9.983480000000000132e-01 5.746400000000000119e-02 -1.440000000000000036e-04
5.000000000000000000e+00 4.400000000000000000e+01 7.300000000000000000e+01 0.000000000000000000e+00 1.600000000000000089e+00 -5.779999999999999548e-04 1.211999999999999970e-03 9.999989999999999712e-01 5.745399999999999813e-02 -9.983469999999999844e-01 1.242999999999999964e-03 9.983480000000000132e-01 5.745499999999999913e-02 5.069999999999999637e-04
1.100000000000000000e+01 4.400000000000000000e+01 7.300000000000000000e+01 0.000000000000000000e+00 1.600000000000000089e+00 8.149999999999999693e-04 4.085000000000000089e-03 9.999909999999999632e-01 5.778799999999999909e-02 -9.983210000000000139e-01 4.030999999999999861e-03 9.983290000000000219e-01 5.778400000000000203e-02 -1.049999999999999935e-03
1.400000000000000000e+01 4.400000000000000000e+01 7.300000000000000000e+01 0.000000000000000000e+00 1.600000000000000089e+00 1.185999999999999988e-03 4.257999999999999632e-03 9.999900000000000455e-01 5.974999999999999756e-02 -9.982050000000000090e-01 4.179000000000000423e-03 9.982130000000000170e-01 5.974399999999999850e-02 -1.438000000000000042e-03
2.100000000000000000e+01 4.400000000000000000e+01 7.300000000000000000e+01 0.000000000000000000e+00 1.600000000000000089e+00 -1.371000000000000040e-03 -3.982000000000000296e-03 9.999909999999999632e-01 5.625700000000000145e-02 -9.984089999999999909e-01 -3.897999999999999989e-03 9.984150000000000524e-01 5.625100000000000239e-02 1.593000000000000015e-03
2.700000000000000000e+01 4.400000000000000000e+01 7.300000000000000000e+01 0.000000000000000000e+00 1.600000000000000089e+00 -2.580800000000000108e-02 -7.747199999999999920e-02 9.966599999999999904e-01 3.486700000000000216e-02 -9.964560000000000084e-01 -7.655399999999999705e-02 9.990590000000000304e-01 3.277499999999999858e-02 2.841700000000000129e-02
2.000000000000000000e+00 2.500000000000000000e+01 7.400000000000000000e+01 0.000000000000000000e+00 1.600000000000000089e+00 -1.146000000000000100e-03 -3.053000000000000158e-03 9.999949999999999672e-01 8.226099999999999524e-01 -5.686050000000000271e-01 -7.940000000000000009e-04 5.686050000000000271e-01 8.226050000000000306e-01 3.163000000000000013e-03
6.000000000000000000e+00 2.500000000000000000e+01 7.400000000000000000e+01 0.000000000000000000e+00 1.600000000000000089e+00 1.800000000000000113e-04 1.771000000000000005e-03 9.999980000000000535e-01 8.231849999999999445e-01 -5.677729999999999722e-01 8.580000000000000387e-04 5.677740000000000009e-01 8.231829999999999981e-01 -1.559999999999999972e-03
1.000000000000000000e+01 2.500000000000000000e+01 7.400000000000000000e+01 0.000000000000000000e+00 1.600000000000000089e+00 -6.899999999999999667e-04 -5.169999999999999899e-04 1.000000000000000000e+00 8.258240000000000025e-01 -5.639279999999999848e-01 2.790000000000000054e-04 5.639269999999999561e-01 8.258240000000000025e-01 8.159999999999999936e-04
1.500000000000000000e+01 2.500000000000000000e+01 7.400000000000000000e+01 0.000000000000000000e+00 1.600000000000000089e+00 -1.659999999999999963e-04 -4.769999999999999934e-04 1.000000000000000000e+00 8.242509999999999559e-01 -5.662239999999999496e-01 -1.330000000000000073e-04 5.662239999999999496e-01 8.242509999999999559e-01 4.870000000000000197e-04
1.900000000000000000e+01 2.500000000000000000e+01 7.400000000000000000e+01 0.000000000000000000e+00 1.600000000000000089e+00 2.798999999999999839e-03 -4.870000000000000197e-04 9.999959999999999960e-01 8.225139999999999674e-01 -5.687379999999999658e-01 -2.579000000000000129e-03 5.687370000000000481e-01 8.225179999999999714e-01 -1.191000000000000001e-03
2.300000000000000000e+01 2.500000000000000000e+01 7.400000000000000000e+01 0.000000000000000000e+00 1.600000000000000089e+00 4.780000000000000178e-04 2.730000000000000222e-04 1.000000000000000000e+00 8.232159999999999478e-01 -5.677290000000000392e-01 -2.380000000000000117e-04 5.677290000000000392e-01 8.232159999999999478e-01 -4.960000000000000216e-04
6.000000000000000000e+00 5.100000000000000000e+01 7.600000000000000000e+01 0.000000000000000000e+00 1.600000000000000089e+00 -7.759999999999999971e-04 5.209999999999999788e-04 -1.000000000000000000e+00 -4.014980000000000215e-01 -9.158600000000000074e-01 -1.659999999999999963e-04 -9.158600000000000074e-01 4.014969999999999928e-01 9.200000000000000278e-04
4.000000000000000000e+00 9.100000000000000000e+01 7.600000000000000000e+01 0.000000000000000000e+00 1.600000000000000089e+00 1.160000000000000007e-04 -1.193999999999999966e-03 9.999989999999999712e-01 3.746300000000000185e-01 -9.271740000000000537e-01 -1.149999999999999981e-03 9.271740000000000537e-01 3.746300000000000185e-01 3.400000000000000244e-04
9.000000000000000000e+00 9.100000000000000000e+01 7.600000000000000000e+01 0.000000000000000000e+00 1.600000000000000089e+00 -2.509999999999999753e-04 -1.727000000000000019e-03 9.999980000000000535e-01 3.760979999999999879e-01 -9.265790000000000415e-01 -1.505999999999999960e-03 9.265799999999999592e-01 3.760970000000000146e-01 8.819999999999999715e-04
1.700000000000000000e+01 9.100000000000000000e+01 7.600000000000000000e+01 0.000000000000000000e+00 1.600000000000000089e+00 -3.040000000000000167e-04 3.980000000000000248e-04 1.000000000000000000e+00 3.933320000000000149e-01 -9.193959999999999910e-01 4.850000000000000253e-04 9.193970000000000198e-01 3.933320000000000149e-01 1.230000000000000082e-04
2.200000000000000000e+01 9.100000000000000000e+01 7.600000000000000000e+01 0.000000000000000000e+00 1.600000000000000089e+00 6.109999999999999980e-04 -5.330000000000000536e-04 1.000000000000000000e+00 3.988860000000000183e-01 -9.170000000000000373e-01 -7.320000000000000118e-04 9.170000000000000373e-01 3.988860000000000183e-01 -3.469999999999999777e-04
1.400000000000000000e+01 4.400000000000000000e+01 8.300000000000000000e+01 0.000000000000000000e+00 1.600000000000000089e+00 5.029999999999999749e-04 -3.337000000000000122e-03 9.999940000000000495e-01 5.727419999999999733e-01 -8.197299999999999587e-01 -3.023000000000000079e-03 8.197360000000000202e-01 5.727400000000000269e-01 1.498999999999999898e-03
1.900000000000000000e+01 4.400000000000000000e+01 8.300000000000000000e+01 0.000000000000000000e+00 1.600000000000000089e+00 -1.304000000000000038e-03 -3.519999999999999908e-04 9.999989999999999712e-01 5.699199999999999822e-01 -8.216999999999999860e-01 4.550000000000000008e-04 8.216989999999999572e-01 5.699199999999999822e-01 1.271999999999999910e-03
7.000000000000000000e+00 1.010000000000000000e+02 8.300000000000000000e+01 0.000000000000000000e+00 1.600000000000000089e+00 1.613000000000000067e-03 4.441999999999999768e-03 9.999890000000000168e-01 9.952649999999999553e-01 9.717900000000000149e-02 -2.037000000000000182e-03 -9.718699999999999561e-02 9.952569999999999473e-01 -4.264000000000000429e-03
2.600000000000000000e+01 1.010000000000000000e+02 8.300000000000000000e+01 0.000000000000000000e+00 1.600000000000000089e+00 -1.180999999999999975e-03 -8.400000000000000348e-04 9.999989999999999712e-01 9.950729999999999853e-01 9.914000000000000590e-02 1.258999999999999920e-03 -9.914100000000000690e-02 9.950729999999999853e-01 7.190000000000000210e-04
1.200000000000000000e+01 4.800000000000000000e+01 8.400000000000000000e+01 0.000000000000000000e+00 1.600000000000000089e+00 -4.703999999999999848e-03 -3.085000000000000069e-03 -9.999839999999999840e-01 -9.467189999999999772e-01 -3.220160000000000244e-01 5.446999999999999585e-03 -3.220279999999999809e-01 9.467290000000000427e-01 -1.405999999999999915e-03
2.000000000000000000e+01 4.800000000000000000e+01 8.400000000000000000e+01 0.000000000000000000e+00 1.600000000000000089e+00 3.004000000000000160e-03 -5.209999999999999788e-04 -9.999949999999999672e-01 -9.476229999999999931e-01 -3.193790000000000240e-01 -2.680000000000000090e-03 -3.193759999999999932e-01 9.476269999999999971e-01 -1.453000000000000081e-03
