3.000000000000000000e+00 2.500000000000000000e+01 1.000000000000000000e+00 0.000000000000000000e+00 1.600000000000000089e+00 -2.291000000000000068e-03 -1.389499999999999937e-02 -9.999010000000000398e-01 -5.300599999999999756e-01 -8.478609999999999758e-01 1.299699999999999987e-02 -8.479569999999999608e-01 5.300369999999999804e-01 -5.422999999999999869e-03
7.000000000000000000e+00 2.500000000000000000e+01 1.000000000000000000e+00 0.000000000000000000e+00 1.600000000000000089e+00 -2.200000000000000133e-03 -1.711000000000000064e-03 -9.999959999999999960e-01 -5.324200000000000044e-01 -8.464760000000000062e-01 2.619999999999999933e-03 -8.464779999999999527e-01 5.324229999999999796e-01 9.510000000000000224e-04
1.100000000000000000e+01 2.500000000000000000e+01 1.000000000000000000e+00 0.000000000000000000e+00 1.600000000000000089e+00 -1.631000000000000071e-03 3.771000000000000046e-03 -9.999919999999999920e-01 -5.307570000000000343e-01 -8.475209999999999688e-01 -2.330000000000000040e-03 -8.475219999999999976e-01 5.307490000000000263e-01 3.383999999999999855e-03
1.800000000000000000e+01 2.500000000000000000e+01 1.000000000000000000e+00 0.000000000000000000e+00 1.600000000000000089e+00 -3.770000000000000022e-04 4.035999999999999657e-03 -9.999919999999999920e-01 -5.266699999999999715e-01 -8.500640000000000418e-01 -3.232000000000000064e-03 -8.500699999999999923e-01 5.266650000000000498e-01 2.445999999999999824e-03
2.900000000000000000e+01 2.500000000000000000e+01 1.000000000000000000e+00 0.000000000000000000e+00 1.600000000000000089e+00 -2.942000000000000171e-03 -7.891999999999999710e-03 -9.999649999999999928e-01 -5.228199999999999514e-01 -8.524030000000000218e-01 8.264999999999999777e-03 -8.524380000000000290e-01 5.228260000000000129e-01 -1.618999999999999996e-03
7.000000000000000000e+00 1.500000000000000000e+01 4.000000000000000000e+00 0.000000000000000000e+00 1.600000000000000089e+00 -2.415000000000000046e-03 -3.131000000000000102e-03 9.999919999999999920e-01 3.127920000000000145e-01 -9.498189999999999689e-01 -2.217999999999999920e-03 9.498180000000000511e-01 3.127849999999999797e-01 3.272999999999999868e-03
1.000000000000000000e+01 1.500000000000000000e+01 4.000000000000000000e+00 0.000000000000000000e+00 1.600000000000000089e+00 -5.349999999999999938e-04 -2.269999999999999882e-03 9.999970000000000248e-01 3.129239999999999799e-01 -9.497759999999999536e-01 -1.988999999999999883e-03 9.497780000000000111e-01 3.129219999999999779e-01 1.217999999999999899e-03
2.000000000000000000e+01 1.500000000000000000e+01 4.000000000000000000e+00 0.000000000000000000e+00 1.600000000000000089e+00 -3.409999999999999945e-04 -5.814999999999999857e-03 9.999829999999999552e-01 3.105189999999999895e-01 -9.505519999999999525e-01 -5.421999999999999736e-03 9.505670000000000508e-01 3.105120000000000102e-01 2.128999999999999816e-03
2.700000000000000000e+01 1.500000000000000000e+01 4.000000000000000000e+00 0.000000000000000000e+00 1.600000000000000089e+00 4.340000000000000108e-03 -4.671999999999999938e-03 9.999799999999999800e-01 3.162809999999999788e-01 -9.486480000000000468e-01 -5.805000000000000264e-03 9.486550000000000260e-01 3.163000000000000256e-01 -2.638999999999999853e-03
3.000000000000000000e+00 1.600000000000000000e+01 4.000000000000000000e+00 0.000000000000000000e+00 1.600000000000000089e+00 7.560000000000000530e-04 -1.582000000000000073e-03 9.999980000000000535e-01 3.892689999999999761e-01 -9.211219999999999963e-01 -1.750999999999999952e-03 9.211240000000000538e-01 3.892700000000000049e-01 -8.100000000000000375e-05
1.600000000000000000e+01 1.600000000000000000e+01 4.000000000000000000e+00 0.000000000000000000e+00 1.600000000000000089e+00 -2.099999999999999870e-03 -5.747000000000000372e-03 9.999810000000000088e-01 3.864090000000000025e-01 -9.223160000000000247e-01 -4.488999999999999935e-03 9.223249999999999504e-01 3.863929999999999865e-01 4.158000000000000237e-03
1.800000000000000000e+01 1.010000000000000000e+02 7.000000000000000000e+00 0.000000000000000000e+00 1.600000000000000089e+00 -8.340000000000000191e-03 2.255400000000000113e-02 9.997110000000000163e-01 8.785079999999999556e-01 4.777150000000000007e-01 -3.448000000000000110e-03 -4.776549999999999963e-01 8.782250000000000334e-01 -2.379799999999999971e-02
2.500000000000000000e+01 1.010000000000000000e+02 7.000000000000000000e+00 0.000000000000000000e+00 1.600000000000000089e+00 3.572999999999999787e-03 2.400000000000000061e-04 9.999940000000000495e-01 8.760080000000000089e-01 4.822850000000000192e-01 -3.246000000000000187e-03 -4.822830000000000172e-01 8.760139999999999594e-01 1.513000000000000022e-03
3.000000000000000000e+00 2.500000000000000000e+01 8.000000000000000000e+00 0.000000000000000000e+00 1.600000000000000089e+00 -2.269999999999999882e-04 3.245000000000000055e-03 -9.999949999999999672e-01 4.526950000000000141e-01 8.916610000000000369e-01 2.791000000000000078e-03 8.916650000000000409e-01 -4.526919999999999833e-01 -1.672000000000000092e-03
1.200000000000000000e+01 2.500000000000000000e+01 8.000000000000000000e+00 0.000000000000000000e+00 1.600000000000000089e+00 2.311999999999999819e-03 -1.240999999999999916e-03 -9.999970000000000248e-01 4.502459999999999796e-01 8.929049999999999487e-01 -6.700000000000000226e-05 8.929019999999999735e-01 -4.502439999999999776e-01 2.622999999999999898e-03
1.600000000000000000e+01 2.500000000000000000e+01 8.000000000000000000e+00 0.000000000000000000e+00 1.600000000000000089e+00 7.979999999999999897e-04 4.543000000000000163e-03 -9.999890000000000168e-01 4.493730000000000224e-01 8.933330000000000437e-01 4.416999999999999919e-03 8.933440000000000270e-01 -4.493719999999999937e-01 -1.327999999999999970e-03
1.900000000000000000e+01 2.500000000000000000e+01 8.000000000000000000e+00 0.000000000000000000e+00 1.600000000000000089e+00 8.679999999999999565e-04 6.491000000000000242e-03 -9.999789999999999512e-01 4.489139999999999797e-01 8.935530000000000417e-01 6.190000000000000190e-03 8.935739999999999794e-01 -4.489099999999999757e-01 -2.138000000000000143e-03
3.000000000000000000e+00 2.400000000000000000e+01 9.000000000000000000e+00 0.000000000000000000e+00 1.600000000000000089e+00 2.910000000000000260e-04 2.050000000000000173e-03 -9.999980000000000535e-01 4.565230000000000121e-01 8.897100000000000009e-01 1.956999999999999972e-03 8.897119999999999473e-01 -4.565219999999999834e-01 -6.769999999999999759e-04
6.000000000000000000e+00 2.400000000000000000e+01 9.000000000000000000e+00 0.000000000000000000e+00 1.600000000000000089e+00 2.003000000000000006e-03 -3.467000000000000030e-03 -9.999919999999999920e-01 4.549030000000000018e-01 8.905380000000000518e-01 -2.175999999999999983e-03 8.905389999999999695e-01 -4.548949999999999938e-01 3.360999999999999838e-03
9.000000000000000000e+00 2.400000000000000000e+01 9.000000000000000000e+00 0.000000000000000000e+00 1.600000000000000089e+00 2.187000000000000142e-03 1.415000000000000025e-03 -9.999970000000000248e-01 4.536180000000000212e-01 8.911930000000000129e-01 2.252999999999999794e-03 8.911930000000000129e-01 -4.536220000000000252e-01 1.307000000000000002e-03
1.100000000000000000e+01 2.400000000000000000e+01 9.000000000000000000e+00 0.000000000000000000e+00 1.600000000000000089e+00 2.299999999999999961e-03 2.200000000000000078e-04 -9.999970000000000248e-01 4.532499999999999862e-01 8.913830000000000364e-01 1.239000000000000084e-03 8.913809999999999789e-01 -4.532510000000000150e-01 1.949999999999999910e-03
1.500000000000000000e+01 2.400000000000000000e+01 9.000000000000000000e+00 0.000000000000000000e+00 1.600000000000000089e+00 1.193000000000000050e-03 3.856000000000000053e-03 -9.999919999999999920e-01 4.525730000000000031e-01 8.917180000000000106e-01 3.977999999999999765e-03 8.917260000000000186e-01 -4.525750000000000051e-01 -6.809999999999999647e-04
1.900000000000000000e+01 2.400000000000000000e+01 9.000000000000000000e+00 0.000000000000000000e+00 1.600000000000000089e+00 6.589999999999999721e-04 7.444000000000000096e-03 -9.999719999999999720e-01 4.513559999999999794e-01 8.923170000000000268e-01 6.939999999999999988e-03 8.923440000000000261e-01 -4.513480000000000270e-01 -2.772000000000000158e-03
2.300000000000000000e+01 2.400000000000000000e+01 9.000000000000000000e+00 0.000000000000000000e+00 1.600000000000000089e+00 2.129999999999999949e-03 -5.000000000000000240e-05 -9.999980000000000535e-01 4.518519999999999759e-01 8.920919999999999961e-01 9.179999999999999792e-04 8.920900000000000496e-01 -4.518530000000000046e-01 1.923000000000000013e-03
2.900000000000000000e+01 2.400000000000000000e+01 9.000000000000000000e+00 0.000000000000000000e+00 1.600000000000000089e+00 1.412999999999999977e-03 2.150300000000000128e-02 -9.997679999999999900e-01 4.519460000000000144e-01 8.918249999999999789e-01 1.982000000000000081e-02 8.920439999999999481e-01 -4.518690000000000206e-01 -8.458000000000000240e-03
3.000000000000000000e+00 4.000000000000000000e+00 1.100000000000000000e+01 0.000000000000000000e+00 1.600000000000000089e+00 6.688000000000000368e-03 6.565699999999999315e-02 -9.978200000000000403e-01 1.864909999999999901e-01 9.802539999999999587e-01 6.575100000000000389e-02 9.824340000000000295e-01 -1.865239999999999954e-01 -5.688999999999999613e-03
2.500000000000000000e+01 3.100000000000000000e+01 1.200000000000000000e+01 0.000000000000000000e+00 1.600000000000000089e+00 -3.499999999999999693e-05 -2.063999999999999863e-03 9.999980000000000535e-01 -1.239600000000000077e-02 9.999209999999999487e-01 2.063000000000000164e-03 -9.999230000000000063e-01 -1.239600000000000077e-02 -6.000000000000000152e-05
3.000000000000000000e+00 3.500000000000000000e+01 1.200000000000000000e+01 0.000000000000000000e+00 1.600000000000000089e+00 6.400999999999999572e-03 -5.034000000000000280e-03 -9.999670000000000503e-01 4.724829999999999863e-01 -8.813079999999999803e-01 7.460999999999999750e-03 -8.813159999999999883e-01 -4.725150000000000183e-01 -3.262999999999999842e-03
8.000000000000000000e+00 3.500000000000000000e+01 1.200000000000000000e+01 0.000000000000000000e+00 1.600000000000000089e+00 2.791000000000000078e-03 6.970999999999999766e-03 -9.999719999999999720e-01 5.106000000000000538e-01 -8.598059999999999592e-01 -4.569000000000000145e-03 -8.598139999999999672e-01 -5.105730000000000546e-01 -5.958999999999999887e-03
9.000000000000000000e+00 3.200000000000000000e+01 1.400000000000000000e+01 0.000000000000000000e+00 1.600000000000000089e+00 -1.242000000000000048e-03 6.819999999999999890e-04 -9.999989999999999712e-01 1.106540000000000024e-01 9.938590000000000479e-01 5.410000000000000312e-04 9.938580000000000192e-01 -1.106530000000000014e-01 -1.309999999999999967e-03
1.300000000000000000e+01 3.200000000000000000e+01 1.400000000000000000e+01 0.000000000000000000e+00 1.600000000000000089e+00 3.968000000000000173e-03 -5.858000000000000360e-03 -9.999749999999999472e-01 1.107609999999999983e-01 9.938320000000000487e-01 -5.382999999999999764e-03 9.938390000000000279e-01 -1.107370000000000021e-01 4.591999999999999728e-03
5.000000000000000000e+00 1.160000000000000000e+02 1.600000000000000000e+01 0.000000000000000000e+00 1.600000000000000089e+00 9.600000000000000243e-05 7.299999999999999632e-04 1.000000000000000000e+00 7.150609999999999467e-01 6.990619999999999612e-01 -5.789999999999999791e-04 -6.990619999999999612e-01 7.150609999999999467e-01 -4.550000000000000008e-04
2.000000000000000000e+00 2.000000000000000000e+00 1.900000000000000000e+01 0.000000000000000000e+00 1.600000000000000089e+00 4.918999999999999762e-03 -2.028699999999999948e-02 -9.997819999999999485e-01 1.978449999999999931e-01 -9.800109999999999655e-01 2.086000000000000007e-02 -9.802210000000000090e-01 -1.979039999999999966e-01 -8.069999999999999916e-04
6.000000000000000000e+00 2.000000000000000000e+00 1.900000000000000000e+01 0.000000000000000000e+00 1.600000000000000089e+00 7.839999999999999747e-03 -2.491499999999999965e-02 -9.996589999999999643e-01 1.913310000000000011e-01 -9.811819999999999986e-01 2.595499999999999891e-02 -9.814939999999999776e-01 -1.914690000000000003e-01 -2.926000000000000215e-03
1.000000000000000000e+01 2.000000000000000000e+00 1.900000000000000000e+01 0.000000000000000000e+00 1.600000000000000089e+00 3.854999999999999920e-03 -1.651599999999999943e-02 -9.998559999999999670e-01 1.827900000000000080e-01 -9.830060000000000464e-01 1.694199999999999873e-02 -9.831440000000000179e-01 -1.828289999999999915e-01 -7.699999999999999597e-04
1.700000000000000000e+01 2.000000000000000000e+00 1.900000000000000000e+01 0.000000000000000000e+00 1.600000000000000089e+00 -8.930000000000000221e-04 2.390000000000000089e-04 -1.000000000000000000e+00 1.782590000000000008e-01 -9.839839999999999698e-01 -3.939999999999999817e-04 -9.839830000000000521e-01 -1.782590000000000008e-01 8.369999999999999619e-04
2.400000000000000000e+01 2.000000000000000000e+00 1.900000000000000000e+01 0.000000000000000000e+00 1.600000000000000089e+00 -4.141999999999999849e-03 -4.828999999999999959e-03 -9.999799999999999800e-01 1.800859999999999961e-01 -9.836430000000000451e-01 4.003999999999999747e-03 -9.836420000000000163e-01 -1.800660000000000038e-01 4.943999999999999610e-03
1.000000000000000000e+00 4.000000000000000000e+00 2.000000000000000000e+01 0.000000000000000000e+00 1.600000000000000089e+00 3.335999999999999990e-03 -1.124400000000000052e-02 -9.999310000000000143e-01 2.674489999999999923e-01 -9.635010000000000518e-01 1.172699999999999958e-02 -9.635660000000000336e-01 -2.674699999999999855e-01 -2.069999999999999900e-04
7.000000000000000000e+00 4.000000000000000000e+00 2.000000000000000000e+01 0.000000000000000000e+00 1.600000000000000089e+00 6.251999999999999745e-03 -1.410600000000000048e-02 -9.998810000000000198e-01 2.655029999999999890e-01 -9.639889999999999848e-01 1.525999999999999926e-02 -9.640900000000000025e-01 -2.655660000000000243e-01 -2.282000000000000174e-03
4.000000000000000000e+00 1.300000000000000000e+01 2.000000000000000000e+01 0.000000000000000000e+00 1.600000000000000089e+00 1.046000000000000055e-03 1.592000000000000099e-03 9.999980000000000535e-01 2.504950000000000232e-01 9.681159999999999766e-01 -1.802999999999999915e-03 -9.681170000000000053e-01 2.504959999999999964e-01 6.139999999999999625e-04
1.000000000000000000e+01 1.300000000000000000e+01 2.000000000000000000e+01 0.000000000000000000e+00 1.600000000000000089e+00 1.794000000000000022e-03 6.432000000000000217e-03 9.999780000000000335e-01 2.505060000000000064e-01 9.680919999999999526e-01 -6.676999999999999776e-03 -9.681130000000000013e-01 2.505129999999999857e-01 1.250000000000000026e-04
1.600000000000000000e+01 1.300000000000000000e+01 2.000000000000000000e+01 0.000000000000000000e+00 1.600000000000000089e+00 5.599999999999999916e-05 -1.392000000000000008e-03 9.999989999999999712e-01 2.511410000000000031e-01 9.679499999999999771e-01 1.333999999999999899e-03 -9.679510000000000058e-01 2.511399999999999744e-01 4.040000000000000080e-04
2.100000000000000000e+01 1.300000000000000000e+01 2.000000000000000000e+01 0.000000000000000000e+00 1.600000000000000089e+00 -5.540000000000000219e-04 1.981999999999999821e-03 9.999980000000000535e-01 2.503110000000000057e-01 9.681640000000000246e-01 -1.779999999999999898e-03 -9.681650000000000533e-01 2.503099999999999770e-01 -1.031999999999999931e-03
2.500000000000000000e+01 1.300000000000000000e+01 2.000000000000000000e+01 0.000000000000000000e+00 1.600000000000000089e+00 -6.204999999999999578e-03 -1.081299999999999970e-02 9.999219999999999775e-01 2.500339999999999785e-01 9.681619999999999671e-01 1.202100000000000043e-02 -9.682169999999999943e-01 2.500890000000000057e-01 -3.304000000000000079e-03
5.000000000000000000e+00 1.600000000000000000e+01 2.100000000000000000e+01 0.000000000000000000e+00 1.600000000000000089e+00 1.154999999999999994e-03 2.644000000000000083e-03 9.999959999999999960e-01 2.982609999999999983e-01 9.544799999999999951e-01 -2.867999999999999890e-03 -9.544839999999999991e-01 2.982630000000000003e-01 3.139999999999999888e-04
1.100000000000000000e+01 1.600000000000000000e+01 2.100000000000000000e+01 0.000000000000000000e+00 1.600000000000000089e+00 1.600999999999999993e-03 5.216000000000000150e-03 9.999850000000000128e-01 2.978819999999999801e-01 9.545869999999999633e-01 -5.455999999999999912e-03 -9.546010000000000328e-01 2.978870000000000129e-01 -2.500000000000000120e-05
2.000000000000000000e+01 1.600000000000000000e+01 2.100000000000000000e+01 0.000000000000000000e+00 1.600000000000000089e+00 9.000000000000000228e-06 6.340000000000000149e-04 1.000000000000000000e+00 2.966860000000000053e-01 9.549750000000000183e-01 -6.080000000000000335e-04 -9.549750000000000183e-01 2.966860000000000053e-01 -1.800000000000000113e-04
2.500000000000000000e+01 1.600000000000000000e+01 2.100000000000000000e+01 0.000000000000000000e+00 1.600000000000000089e+00 -6.612999999999999955e-03 -1.032300000000000058e-02 9.999249999999999527e-01 2.970949999999999980e-01 9.547750000000000403e-01 1.182199999999999918e-02 -9.548250000000000348e-01 2.971509999999999985e-01 -3.248000000000000019e-03
1.400000000000000000e+01 3.000000000000000000e+00 2.500000000000000000e+01 0.000000000000000000e+00 1.600000000000000089e+00 -1.900999999999999912e-03 5.105000000000000163e-03 9.999850000000000128e-01 -2.945199999999999901e-02 -9.995530000000000248e-01 5.047000000000000271e-03 9.995640000000000081e-01 -2.944199999999999942e-02 2.050000000000000173e-03
2.700000000000000000e+01 3.000000000000000000e+00 2.500000000000000000e+01 0.000000000000000000e+00 1.600000000000000089e+00 9.006999999999999382e-03 -6.915000000000000140e-03 9.999350000000000183e-01 -3.431000000000000022e-02 -9.993889999999999718e-01 -6.602000000000000229e-03 9.993710000000000093e-01 -3.424800000000000066e-02 -9.239000000000000684e-03
1.000000000000000000e+00 4.600000000000000000e+01 2.700000000000000000e+01 0.000000000000000000e+00 1.600000000000000089e+00 5.066000000000000190e-03 7.301000000000000198e-03 -9.999609999999999888e-01 6.635569999999999524e-01 7.480740000000000167e-01 8.822999999999999246e-03 7.481090000000000240e-01 -6.635750000000000259e-01 -1.054999999999999948e-03
1.700000000000000000e+01 4.600000000000000000e+01 2.700000000000000000e+01 0.000000000000000000e+00 1.600000000000000089e+00 8.099999999999999561e-04 -2.828999999999999918e-03 -9.999959999999999960e-01 6.762089999999999490e-01 7.367080000000000295e-01 -1.536000000000000039e-03 7.367089999999999472e-01 -6.762049999999999450e-01 2.508999999999999946e-03
1.400000000000000000e+01 4.600000000000000000e+01 3.000000000000000000e+01 0.000000000000000000e+00 1.600000000000000089e+00 9.700000000000000505e-04 -9.539999999999999869e-04 -9.999989999999999712e-01 3.424039999999999861e-01 9.395529999999999715e-01 -5.640000000000000482e-04 9.395520000000000538e-01 -3.424030000000000129e-01 1.237999999999999951e-03
3.000000000000000000e+00 5.800000000000000000e+01 3.100000000000000000e+01 0.000000000000000000e+00 1.600000000000000089e+00 2.422000000000000108e-03 5.300000000000000024e-03 9.999829999999999552e-01 -7.709890000000000354e-01 -6.368270000000000319e-01 5.243000000000000264e-03 6.368439999999999657e-01 -7.709880000000000067e-01 2.543999999999999821e-03
7.000000000000000000e+00 5.800000000000000000e+01 3.100000000000000000e+01 0.000000000000000000e+00 1.600000000000000089e+00 2.157000000000000063e-03 9.979999999999999722e-04 9.999970000000000248e-01 -7.746060000000000167e-01 -6.324400000000000022e-01 2.301999999999999793e-03 6.324410000000000309e-01 -7.746079999999999632e-01 -5.910000000000000539e-04
1.000000000000000000e+01 5.800000000000000000e+01 3.100000000000000000e+01 0.000000000000000000e+00 1.600000000000000089e+00 -5.538000000000000388e-03 -6.409999999999999899e-03 9.999639999999999640e-01 -7.779850000000000376e-01 -6.282280000000000086e-01 -8.335999999999999660e-03 6.282590000000000119e-01 -7.780030000000000001e-01 -1.507000000000000093e-03
1.400000000000000000e+01 5.800000000000000000e+01 3.100000000000000000e+01 0.000000000000000000e+00 1.600000000000000089e+00 -7.621000000000000170e-03 -1.021599999999999939e-02 9.999190000000000023e-01 -7.830819999999999448e-01 -6.217970000000000441e-01 -1.232100000000000035e-02 6.218719999999999803e-01 -7.831120000000000303e-01 -3.261000000000000010e-03
1.800000000000000000e+01 5.800000000000000000e+01 3.100000000000000000e+01 0.000000000000000000e+00 1.600000000000000089e+00 -3.494000000000000144e-03 -3.579999999999999741e-04 9.999940000000000495e-01 -7.877880000000000438e-01 -6.159400000000000430e-01 -2.972999999999999948e-03 6.159369999999999568e-01 -7.877929999999999655e-01 1.869999999999999917e-03
2.800000000000000000e+01 5.800000000000000000e+01 3.100000000000000000e+01 0.000000000000000000e+00 1.600000000000000089e+00 6.099999999999999737e-04 2.318999999999999881e-03 9.999970000000000248e-01 -7.899009999999999643e-01 -6.132319999999999993e-01 1.904000000000000093e-03 6.132339999999999458e-01 -7.899000000000000465e-01 1.458000000000000095e-03
2.000000000000000000e+00 4.600000000000000000e+01 3.500000000000000000e+01 0.000000000000000000e+00 1.600000000000000089e+00 1.289999999999999914e-03 -4.710000000000000102e-04 -9.999989999999999712e-01 3.886979999999999880e-01 -9.213649999999999896e-01 9.359999999999999831e-04 -9.213639999999999608e-01 -3.886990000000000167e-01 -1.005999999999999950e-03
8.000000000000000000e+00 4.600000000000000000e+01 3.500000000000000000e+01 0.000000000000000000e+00 1.600000000000000089e+00 1.286999999999999950e-03 3.337000000000000122e-03 -9.999940000000000495e-01 3.912329999999999974e-01 -9.202879999999999949e-01 -2.567999999999999970e-03 -9.202909999999999702e-01 -3.912269999999999914e-01 -2.490000000000000026e-03
1.300000000000000000e+01 4.600000000000000000e+01 3.500000000000000000e+01 0.000000000000000000e+00 1.600000000000000089e+00 -4.070000000000000267e-04 4.099999999999999912e-04 -1.000000000000000000e+00 3.917109999999999759e-01 -9.200880000000000170e-01 -5.370000000000000424e-04 -9.200880000000000170e-01 -3.917109999999999759e-01 2.130000000000000003e-04
2.200000000000000000e+01 4.600000000000000000e+01 3.500000000000000000e+01 0.000000000000000000e+00 1.600000000000000089e+00 3.100000000000000135e-05 3.052000000000000025e-03 -9.999949999999999672e-01 3.905219999999999803e-01 -9.205889999999999906e-01 -2.797000000000000007e-03 -9.205940000000000234e-01 -3.905199999999999783e-01 -1.219999999999999947e-03
2.600000000000000000e+01 4.600000000000000000e+01 3.500000000000000000e+01 0.000000000000000000e+00 1.600000000000000089e+00 -2.235000000000000007e-03 1.351999999999999903e-03 -9.999970000000000248e-01 3.890620000000000189e-01 -9.212089999999999446e-01 -2.115000000000000126e-03 -9.212089999999999446e-01 -3.890660000000000229e-01 1.533000000000000074e-03
5.000000000000000000e+00 9.500000000000000000e+01 3.600000000000000000e+01 0.000000000000000000e+00 1.600000000000000089e+00 2.077800000000000133e-02 1.317399999999999995e-02 9.996969999999999468e-01 9.968219999999999859e-01 7.663499999999999479e-02 -2.172800000000000079e-02 -7.689799999999999414e-02 9.969719999999999693e-01 -1.153999999999999991e-02
1.600000000000000000e+01 9.500000000000000000e+01 3.600000000000000000e+01 0.000000000000000000e+00 1.600000000000000089e+00 -3.510800000000000032e-02 -4.830700000000000272e-02 9.982149999999999634e-01 9.973309999999999675e-01 6.229099999999999915e-02 3.809099999999999986e-02 -6.401999999999999358e-02 9.968879999999999963e-01 4.599099999999999716e-02
2.600000000000000000e+01 9.500000000000000000e+01 3.600000000000000000e+01 0.000000000000000000e+00 1.600000000000000089e+00 1.523700000000000054e-02 1.422299999999999953e-02 9.997829999999999773e-01 9.982250000000000290e-01 5.736200000000000326e-02 -1.602900000000000158e-02 -5.757700000000000318e-02 9.982520000000000282e-01 -1.332400000000000077e-02
3.000000000000000000e+00 3.100000000000000000e+01 4.200000000000000000e+01 0.000000000000000000e+00 1.600000000000000089e+00 -2.394500000000000101e-02 2.109659999999999869e-01 -9.771999999999999575e-01 5.887480000000000491e-01 7.929690000000000349e-01 1.567659999999999887e-01 8.079619999999999580e-01 -5.715710000000000512e-01 -1.431929999999999870e-01
4.000000000000000000e+00 3.000000000000000000e+00 4.300000000000000000e+01 0.000000000000000000e+00 1.600000000000000089e+00 3.100000000000000135e-05 9.779999999999999197e-04 -1.000000000000000000e+00 7.409289999999999488e-01 -6.715830000000000410e-01 -6.340000000000000149e-04 -6.715830000000000410e-01 -7.409289999999999488e-01 -7.450000000000000025e-04
8.000000000000000000e+00 3.000000000000000000e+00 4.300000000000000000e+01 0.000000000000000000e+00 1.600000000000000089e+00 -5.000000000000000240e-05 -7.967000000000000123e-03 -9.999679999999999680e-01 7.390970000000000040e-01 -6.735790000000000388e-01 5.329000000000000403e-03 -6.735999999999999766e-01 -7.390729999999999800e-01 5.922000000000000181e-03
1.100000000000000000e+01 3.000000000000000000e+00 4.300000000000000000e+01 0.000000000000000000e+00 1.600000000000000089e+00 -1.412000000000000061e-03 -7.418000000000000115e-03 -9.999719999999999720e-01 7.382969999999999811e-01 -6.744639999999999525e-01 3.961000000000000111e-03 -6.744740000000000180e-01 -7.382699999999999818e-01 6.428999999999999819e-03
2.800000000000000000e+01 3.000000000000000000e+00 4.300000000000000000e+01 0.000000000000000000e+00 1.600000000000000089e+00 -3.621000000000000087e-03 7.969999999999999654e-04 -9.999930000000000208e-01 7.410830000000000473e-01 -6.714059999999999473e-01 -3.217999999999999940e-03 -6.714029999999999720e-01 -7.410900000000000265e-01 1.840000000000000056e-03
9.000000000000000000e+00 8.000000000000000000e+00 4.400000000000000000e+01 0.000000000000000000e+00 1.600000000000000089e+00 -4.478000000000000209e-03 -8.567999999999999228e-03 9.999529999999999808e-01 -7.833130000000000370e-01 -6.215640000000000054e-01 -8.833999999999999839e-03 6.216110000000000246e-01 -7.833160000000000123e-01 -3.928000000000000068e-03
1.400000000000000000e+01 8.000000000000000000e+00 4.400000000000000000e+01 0.000000000000000000e+00 1.600000000000000089e+00 -1.137999999999999906e-03 -4.704999999999999981e-03 9.999879999999999880e-01 -7.920390000000000486e-01 -6.104589999999999739e-01 -3.772999999999999878e-03 6.104690000000000394e-01 -7.920340000000000158e-01 -3.031999999999999973e-03
3.000000000000000000e+00 6.500000000000000000e+01 4.600000000000000000e+01 0.000000000000000000e+00 1.600000000000000089e+00 -2.370000000000000145e-03 -1.601999999999999908e-03 9.999959999999999960e-01 6.796100000000000474e-01 -7.335739999999999483e-01 4.360000000000000269e-04 7.335700000000000554e-01 6.796079999999999899e-01 2.827999999999999785e-03
1.700000000000000000e+01 6.500000000000000000e+01 4.600000000000000000e+01 0.000000000000000000e+00 1.600000000000000089e+00 1.631999999999999987e-03 1.013000000000000012e-03 9.999980000000000535e-01 6.797720000000000429e-01 -7.334230000000000471e-01 -3.669999999999999760e-04 7.334209999999999896e-01 6.797720000000000429e-01 -1.886000000000000090e-03
2.300000000000000000e+01 6.500000000000000000e+01 4.600000000000000000e+01 0.000000000000000000e+00 1.600000000000000089e+00 3.684999999999999908e-03 -1.213000000000000102e-03 9.999919999999999920e-01 6.798250000000000126e-01 -7.333669999999999911e-01 -3.395000000000000014e-03 7.333650000000000446e-01 6.798319999999999919e-01 -1.877999999999999895e-03
7.000000000000000000e+00 2.100000000000000000e+01 4.800000000000000000e+01 0.000000000000000000e+00 1.600000000000000089e+00 -2.857000000000000164e-03 -2.988999999999999903e-03 -9.999909999999999632e-01 3.068069999999999964e-01 9.517649999999999721e-01 -3.720999999999999915e-03 9.517679999999999474e-01 -3.068150000000000044e-01 -1.801999999999999999e-03
2.100000000000000000e+01 7.000000000000000000e+00 5.200000000000000000e+01 0.000000000000000000e+00 1.600000000000000089e+00 -3.526000000000000054e-03 -6.629999999999999609e-04 -9.999940000000000495e-01 8.307299999999999407e-02 -9.965429999999999566e-01 3.680000000000000003e-04 -9.965370000000000061e-01 -8.307100000000000595e-02 3.569000000000000124e-03
2.400000000000000000e+01 7.000000000000000000e+00 5.200000000000000000e+01 0.000000000000000000e+00 1.600000000000000089e+00 2.528999999999999998e-03 6.143000000000000023e-03 -9.999780000000000335e-01 8.256499999999999950e-02 -9.965680000000000094e-01 -5.912999999999999853e-03 -9.965819999999999679e-01 -8.254899999999999738e-02 -3.027000000000000177e-03
1.000000000000000000e+00 5.800000000000000000e+01 5.200000000000000000e+01 0.000000000000000000e+00 1.600000000000000089e+00 -5.330000000000000536e-04 -1.029900000000000086e-02 9.999470000000000303e-01 -6.431130000000000457e-01 7.657340000000000257e-01 7.544000000000000358e-03 -7.657709999999999795e-01 -6.430749999999999522e-01 -7.030999999999999923e-03
1.800000000000000000e+01 5.800000000000000000e+01 5.200000000000000000e+01 0.000000000000000000e+00 1.600000000000000089e+00 -2.799999999999999958e-05 -4.253999999999999969e-03 9.999909999999999632e-01 -6.253370000000000317e-01 7.803480000000000416e-01 3.302999999999999946e-03 -7.803550000000000209e-01 -6.253309999999999702e-01 -2.681999999999999922e-03
5.000000000000000000e+00 6.300000000000000000e+01 5.400000000000000000e+01 0.000000000000000000e+00 1.600000000000000089e+00 2.978999999999999877e-03 3.678999999999999979e-03 9.999890000000000168e-01 -3.844529999999999892e-01 9.231420000000000181e-01 -2.250999999999999963e-03 -9.231399999999999606e-01 -3.844420000000000059e-01 4.165000000000000299e-03
1.500000000000000000e+01 6.300000000000000000e+01 5.400000000000000000e+01 0.000000000000000000e+00 1.600000000000000089e+00 -3.981000000000000164e-03 -1.269099999999999916e-02 9.999120000000000230e-01 -3.927149999999999808e-01 9.196050000000000058e-01 1.010800000000000066e-02 -9.196509999999999962e-01 -3.926399999999999890e-01 -8.644999999999999907e-03
1.800000000000000000e+01 6.300000000000000000e+01 5.400000000000000000e+01 0.000000000000000000e+00 1.600000000000000089e+00 -3.710000000000000190e-03 -7.226999999999999917e-03 9.999670000000000503e-01 -3.758159999999999834e-01 9.266790000000000305e-01 5.303000000000000422e-03 -9.266870000000000385e-01 -3.757840000000000069e-01 -6.154999999999999881e-03
2.100000000000000000e+01 6.300000000000000000e+01 5.400000000000000000e+01 0.000000000000000000e+00 1.600000000000000089e+00 -1.291000000000000047e-03 2.233999999999999875e-03 9.999970000000000248e-01 -3.667730000000000157e-01 9.303069999999999951e-01 -2.552000000000000015e-03 -9.303099999999999703e-01 -3.667750000000000177e-01 -3.820000000000000153e-04
2.600000000000000000e+01 6.300000000000000000e+01 5.400000000000000000e+01 0.000000000000000000e+00 1.600000000000000089e+00 3.530000000000000152e-04 3.566000000000000159e-03 9.999940000000000495e-01 -3.658410000000000273e-01 9.306720000000000548e-01 -3.190000000000000127e-03 -9.306769999999999765e-01 -3.658370000000000233e-01 1.632999999999999903e-03
3.000000000000000000e+00 2.500000000000000000e+01 5.500000000000000000e+01 0.000000000000000000e+00 1.600000000000000089e+00 -1.661899999999999836e-02 -2.228569999999999995e-01 9.747090000000000476e-01 3.618099999999999788e-02 9.740720000000000489e-01 2.233279999999999987e-01 -9.992069999999999563e-01 3.897699999999999776e-02 -8.125000000000000278e-03
5.000000000000000000e+00 2.600000000000000000e+01 5.500000000000000000e+01 0.000000000000000000e+00 1.600000000000000089e+00 -1.573099999999999846e-02 -2.914089999999999736e-01 9.564690000000000136e-01 7.359000000000000090e-03 9.565280000000000449e-01 2.915479999999999738e-01 -9.998489999999999878e-01 1.162400000000000065e-02 -1.290200000000000027e-02
2.400000000000000000e+01 2.600000000000000000e+01 5.500000000000000000e+01 0.000000000000000000e+00 1.600000000000000089e+00 1.471000000000000085e-03 -1.177000000000000095e-03 -9.999980000000000535e-01 -4.310100000000000042e-02 -9.990700000000000136e-01 1.111999999999999924e-03 -9.990700000000000136e-01 4.309899999999999842e-02 -1.520000000000000084e-03
7.000000000000000000e+00 2.100000000000000000e+01 6.000000000000000000e+01 0.000000000000000000e+00 1.600000000000000089e+00 9.370000000000000074e-04 1.905000000000000009e-03 9.999980000000000535e-01 -9.558300000000000129e-02 9.954199999999999715e-01 -1.807000000000000012e-03 -9.954210000000000003e-01 -9.558099999999999929e-02 1.115000000000000106e-03
1.200000000000000000e+01 2.100000000000000000e+01 6.000000000000000000e+01 0.000000000000000000e+00 1.600000000000000089e+00 -3.750000000000000078e-04 4.530000000000000064e-04 1.000000000000000000e+00 -9.313299999999999357e-02 9.956540000000000390e-01 -4.859999999999999954e-04 -9.956540000000000390e-01 -9.313299999999999357e-02 -3.310000000000000225e-04
1.600000000000000000e+01 2.100000000000000000e+01 6.000000000000000000e+01 0.000000000000000000e+00 1.600000000000000089e+00 -3.800000000000000209e-04 2.380000000000000117e-04 1.000000000000000000e+00 -9.413900000000000046e-02 9.955589999999999717e-01 -2.719999999999999979e-04 -9.955589999999999717e-01 -9.413900000000000046e-02 -3.559999999999999797e-04
2.100000000000000000e+01 2.100000000000000000e+01 6.000000000000000000e+01 0.000000000000000000e+00 1.600000000000000089e+00 -6.660000000000000338e-04 -2.236000000000000140e-03 9.999970000000000248e-01 -9.475799999999999501e-02 9.954979999999999940e-01 2.162999999999999992e-03 -9.955000000000000515e-01 -9.475600000000000689e-02 -8.739999999999999939e-04
2.600000000000000000e+01 2.100000000000000000e+01 6.000000000000000000e+01 0.000000000000000000e+00 1.600000000000000089e+00 -7.770000000000000214e-04 -1.108999999999999960e-03 9.999989999999999712e-01 -9.502299999999999636e-02 9.954749999999999988e-01 1.030000000000000100e-03 -9.954749999999999988e-01 -9.502299999999999636e-02 -8.790000000000000070e-04
2.200000000000000000e+01 6.700000000000000000e+01 6.000000000000000000e+01 0.000000000000000000e+00 1.600000000000000089e+00 -6.899999999999999667e-04 -4.094000000000000417e-03 9.999909999999999632e-01 1.807709999999999873e-01 -9.835180000000000033e-01 -3.902000000000000086e-03 9.835249999999999826e-01 1.807660000000000100e-01 1.418999999999999906e-03
2.000000000000000000e+00 2.700000000000000000e+01 6.300000000000000000e+01 0.000000000000000000e+00 1.600000000000000089e+00 3.609999999999999928e-03 -1.237999999999999951e-03 9.999930000000000208e-01 -2.889599999999999946e-01 9.573390000000000510e-01 2.227999999999999946e-03 -9.573340000000000183e-01 -2.889660000000000006e-01 3.098000000000000059e-03
8.000000000000000000e+00 2.700000000000000000e+01 6.300000000000000000e+01 0.000000000000000000e+00 1.600000000000000089e+00 1.356000000000000000e-03 4.959999999999999999e-03 9.999869999999999592e-01 -2.809320000000000150e-01 9.597179999999999600e-01 -4.380000000000000213e-03 -9.597269999999999968e-01 -2.809220000000000050e-01 2.694000000000000214e-03
1.100000000000000000e+01 2.700000000000000000e+01 6.300000000000000000e+01 0.000000000000000000e+00 1.600000000000000089e+00 6.740000000000000114e-04 1.237000000000000035e-03 9.999989999999999712e-01 -2.801199999999999801e-01 9.599640000000000395e-01 -9.990000000000001049e-04 -9.599649999999999572e-01 -2.801190000000000069e-01 9.940000000000000918e-04
2.200000000000000000e+01 2.700000000000000000e+01 6.300000000000000000e+01 0.000000000000000000e+00 1.600000000000000089e+00 -1.518000000000000035e-03 -1.330000000000000019e-03 9.999980000000000535e-01 -2.790679999999999827e-01 9.602709999999999857e-01 8.540000000000000499e-04 -9.602699999999999569e-01 -2.790670000000000095e-01 -1.827999999999999981e-03
2.800000000000000000e+01 2.700000000000000000e+01 6.300000000000000000e+01 0.000000000000000000e+00 1.600000000000000089e+00 -2.509999999999999753e-04 2.145999999999999904e-03 9.999980000000000535e-01 -2.807450000000000223e-01 9.597799999999999665e-01 -2.131000000000000082e-03 -9.597820000000000240e-01 -2.807450000000000223e-01 3.620000000000000171e-04
2.000000000000000000e+00 4.400000000000000000e+01 6.300000000000000000e+01 0.000000000000000000e+00 1.600000000000000089e+00 -3.138999999999999863e-03 -1.453199999999999978e-02 -9.998899999999999455e-01 -6.524010000000000087e-01 -7.577620000000000466e-01 1.306099999999999969e-02 -7.578679999999999861e-01 6.523689999999999767e-01 -7.101999999999999806e-03
5.000000000000000000e+00 4.400000000000000000e+01 6.300000000000000000e+01 0.000000000000000000e+00 1.600000000000000089e+00 -3.644000000000000104e-03 -3.759999999999999779e-04 -9.999930000000000208e-01 -6.441050000000000386e-01 -7.649329999999999741e-01 2.635000000000000189e-03 -7.649289999999999701e-01 6.441099999999999604e-01 2.544999999999999953e-03
1.100000000000000000e+01 4.400000000000000000e+01 6.300000000000000000e+01 0.000000000000000000e+00 1.600000000000000089e+00 1.972999999999999927e-03 2.442199999999999926e-02 -9.997000000000000330e-01 -6.362219999999999542e-01 -7.712440000000000406e-01 -2.009700000000000028e-02 -7.715039999999999676e-01 6.360700000000000243e-01 1.401600000000000068e-02
1.400000000000000000e+01 4.400000000000000000e+01 6.300000000000000000e+01 0.000000000000000000e+00 1.600000000000000089e+00 4.938999999999999814e-03 1.961399999999999949e-02 -9.997949999999999893e-01 -6.366239999999999677e-01 -7.709580000000000322e-01 -1.827000000000000152e-02 -7.711590000000000389e-01 6.365840000000000387e-01 8.678999999999999215e-03
2.000000000000000000e+01 4.400000000000000000e+01 6.300000000000000000e+01 0.000000000000000000e+00 1.600000000000000089e+00 -7.690000000000000438e-04 1.350000000000000071e-03 -9.999989999999999712e-01 -6.506579999999999586e-01 -7.593710000000000182e-01 -5.249999999999999676e-04 -7.593710000000000182e-01 6.506560000000000121e-01 1.461999999999999975e-03
2.500000000000000000e+01 4.400000000000000000e+01 6.300000000000000000e+01 0.000000000000000000e+00 1.600000000000000089e+00 4.119999999999999856e-04 1.260200000000000035e-02 -9.999200000000000310e-01 -6.601000000000000201e-01 -7.511149999999999771e-01 -9.738000000000000128e-03 -7.511780000000000124e-01 6.600519999999999721e-01 8.009000000000000494e-03
3.000000000000000000e+00 2.600000000000000000e+01 6.400000000000000000e+01 0.000000000000000000e+00 1.600000000000000089e+00 2.443999999999999992e-03 2.039999999999999984e-04 9.999970000000000248e-01 -3.693440000000000056e-01 9.292930000000000357e-01 7.129999999999999836e-04 -9.292899999999999494e-01 -3.693440000000000056e-01 2.345999999999999995e-03
7.000000000000000000e+00 2.600000000000000000e+01 6.400000000000000000e+01 0.000000000000000000e+00 1.600000000000000089e+00 5.150000000000000498e-04 4.112000000000000204e-03 9.999909999999999632e-01 -3.678429999999999755e-01 9.298809999999999576e-01 -3.635000000000000210e-03 -9.298880000000000479e-01 -3.678379999999999983e-01 1.991999999999999847e-03
1.100000000000000000e+01 2.600000000000000000e+01 6.400000000000000000e+01 0.000000000000000000e+00 1.600000000000000089e+00 6.920000000000000153e-04 1.232999999999999938e-03 9.999989999999999712e-01 -3.694189999999999974e-01 9.292620000000000324e-01 -8.899999999999999491e-04 -9.292629999999999502e-01 -3.694180000000000241e-01 1.098999999999999934e-03
1.700000000000000000e+01 2.600000000000000000e+01 6.400000000000000000e+01 0.000000000000000000e+00 1.600000000000000089e+00 -7.789999999999999616e-04 -3.311000000000000141e-03 9.999940000000000495e-01 -3.683739999999999792e-01 9.296740000000000004e-01 2.791000000000000078e-03 -9.296769999999999756e-01 -3.683690000000000020e-01 -1.943000000000000066e-03
2.400000000000000000e+01 2.600000000000000000e+01 6.400000000000000000e+01 0.000000000000000000e+00 1.600000000000000089e+00 -2.298999999999999828e-03 -1.650999999999999907e-03 9.999959999999999960e-01 -3.719669999999999921e-01 9.282460000000000155e-01 6.769999999999999759e-04 -9.282430000000000403e-01 -3.719640000000000168e-01 -2.748000000000000009e-03
