6.000000000000000000e+00 1.500000000000000000e+01 4.000000000000000000e+00 0.000000000000000000e+00 1.600000000000000089e+00 8.970000000000000109e-04 1.048800000000000079e-02 9.999449999999999728e-01 2.940570000000000128e-01 -9.557379999999999765e-01 9.761000000000000579e-03 9.557870000000000532e-01 2.940320000000000156e-01 -3.941000000000000059e-03
1.500000000000000000e+01 1.500000000000000000e+01 4.000000000000000000e+00 0.000000000000000000e+00 1.600000000000000089e+00 1.814000000000000074e-03 5.664999999999999897e-03 9.999820000000000375e-01 2.910340000000000149e-01 -9.566999999999999948e-01 4.891999999999999647e-03 9.567109999999999781e-01 2.910200000000000009e-01 -3.383999999999999855e-03
2.000000000000000000e+01 1.500000000000000000e+01 4.000000000000000000e+00 0.000000000000000000e+00 1.600000000000000089e+00 -1.814000000000000074e-03 -1.492399999999999977e-02 9.998869999999999703e-01 2.867169999999999996e-01 -9.579159999999999897e-01 -1.377699999999999932e-02 9.580140000000000322e-01 2.866589999999999971e-01 6.015999999999999646e-03
2.900000000000000000e+01 1.500000000000000000e+01 4.000000000000000000e+00 0.000000000000000000e+00 1.600000000000000089e+00 -2.161999999999999859e-03 -3.057999999999999954e-03 9.999930000000000208e-01 2.869260000000000144e-01 -9.579499999999999682e-01 -2.309999999999999987e-03 9.579499999999999682e-01 2.869189999999999796e-01 2.948000000000000100e-03
3.000000000000000000e+00 1.600000000000000000e+01 4.000000000000000000e+00 0.000000000000000000e+00 1.600000000000000089e+00 5.199999999999999680e-05 1.123999999999999999e-02 9.999369999999999647e-01 3.587270000000000181e-01 -9.333839999999999915e-01 1.047299999999999967e-02 9.334419999999999940e-01 3.587040000000000228e-01 -4.081000000000000426e-03
1.000000000000000000e+01 1.600000000000000000e+01 4.000000000000000000e+00 0.000000000000000000e+00 1.600000000000000089e+00 -9.799999999999999684e-04 1.165899999999999923e-02 9.999320000000000430e-01 3.547370000000000245e-01 -9.348990000000000355e-01 1.124900000000000032e-02 9.349659999999999638e-01 3.547230000000000105e-01 -3.220000000000000206e-03
1.400000000000000000e+01 1.010000000000000000e+02 7.000000000000000000e+00 0.000000000000000000e+00 1.600000000000000089e+00 2.122000000000000188e-03 7.687000000000000256e-03 9.999679999999999680e-01 8.853750000000000231e-01 4.648459999999999814e-01 -5.453000000000000382e-03 -4.648729999999999807e-01 8.853579999999999783e-01 -5.819999999999999653e-03
1.700000000000000000e+01 1.010000000000000000e+02 7.000000000000000000e+00 0.000000000000000000e+00 1.600000000000000089e+00 3.220000000000000206e-04 -1.170299999999999986e-02 9.999310000000000143e-01 8.845129999999999937e-01 4.664869999999999850e-01 5.174999999999999913e-03 -4.665159999999999862e-01 8.844509999999999872e-01 1.050199999999999918e-02
3.000000000000000000e+00 1.500000000000000000e+01 8.000000000000000000e+00 0.000000000000000000e+00 1.600000000000000089e+00 2.942999999999999870e-03 1.389300000000000083e-02 -9.998989999999999823e-01 -5.857019999999999449e-01 -8.104219999999999757e-01 -1.298400000000000075e-02 -8.105210000000000470e-01 5.856810000000000072e-01 5.752000000000000168e-03
7.000000000000000000e+00 1.500000000000000000e+01 8.000000000000000000e+00 0.000000000000000000e+00 1.600000000000000089e+00 1.575000000000000011e-03 9.332000000000000017e-03 -9.999550000000000383e-01 -5.850589999999999957e-01 -8.109459999999999447e-01 -8.489999999999999283e-03 -8.109889999999999599e-01 5.850469999999999837e-01 4.183000000000000086e-03
1.100000000000000000e+01 1.500000000000000000e+01 8.000000000000000000e+00 0.000000000000000000e+00 1.600000000000000089e+00 2.246999999999999865e-03 1.135800000000000004e-02 -9.999329999999999607e-01 -5.828149999999999720e-01 -8.125369999999999537e-01 -1.053899999999999976e-02 -8.126020000000000465e-01 5.827989999999999560e-01 4.793000000000000385e-03
1.500000000000000000e+01 1.500000000000000000e+01 8.000000000000000000e+00 0.000000000000000000e+00 1.600000000000000089e+00 3.480000000000000020e-04 6.308000000000000239e-03 -9.999799999999999800e-01 -5.808670000000000222e-01 -8.139809999999999546e-01 -5.336999999999999730e-03 -8.139990000000000281e-01 5.808569999999999567e-01 3.380000000000000192e-03
2.200000000000000000e+01 1.500000000000000000e+01 8.000000000000000000e+00 0.000000000000000000e+00 1.600000000000000089e+00 -9.269999999999999811e-04 -1.331799999999999998e-02 -9.999109999999999943e-01 -5.816500000000000004e-01 -8.133590000000000542e-01 1.137299999999999943e-02 -8.134379999999999944e-01 5.816090000000000426e-01 -6.991999999999999951e-03
2.700000000000000000e+01 1.500000000000000000e+01 8.000000000000000000e+00 0.000000000000000000e+00 1.600000000000000089e+00 -4.490000000000000176e-04 -6.483000000000000047e-03 -9.999789999999999512e-01 -5.827849999999999975e-01 -8.126079999999999970e-01 5.530000000000000193e-03 -8.126259999999999595e-01 5.827750000000000430e-01 -3.412999999999999801e-03
2.900000000000000000e+01 1.500000000000000000e+01 8.000000000000000000e+00 0.000000000000000000e+00 1.600000000000000089e+00 -4.670000000000000214e-04 -3.614000000000000025e-03 -9.999930000000000208e-01 -5.826689999999999925e-01 -8.127029999999999532e-01 3.209000000000000047e-03 -8.127090000000000147e-01 5.826670000000000460e-01 -1.726000000000000104e-03
1.500000000000000000e+01 2.600000000000000000e+01 8.000000000000000000e+00 0.000000000000000000e+00 1.600000000000000089e+00 -2.912999999999999791e-03 -9.806999999999999745e-03 -9.999479999999999480e-01 4.075880000000000059e-01 9.131099999999999772e-01 -1.014299999999999924e-02 9.131610000000000005e-01 -4.075960000000000139e-01 1.337999999999999997e-03
1.900000000000000000e+01 2.600000000000000000e+01 8.000000000000000000e+00 0.000000000000000000e+00 1.600000000000000089e+00 -5.749999999999999903e-04 -4.385000000000000009e-03 -9.999900000000000455e-01 4.081219999999999848e-01 9.129180000000000073e-01 -4.237999999999999580e-03 9.129270000000000440e-01 -4.081199999999999828e-01 1.265000000000000065e-03
2.300000000000000000e+01 2.600000000000000000e+01 8.000000000000000000e+00 0.000000000000000000e+00 1.600000000000000089e+00 2.811999999999999830e-03 4.044999999999999984e-03 -9.999879999999999880e-01 4.086960000000000037e-01 9.126579999999999693e-01 4.840999999999999817e-03 9.126659999999999773e-01 -4.087040000000000117e-01 9.129999999999999661e-04
2.800000000000000000e+01 2.600000000000000000e+01 8.000000000000000000e+00 0.000000000000000000e+00 1.600000000000000089e+00 1.933000000000000039e-03 1.487999999999999956e-03 -9.999970000000000248e-01 4.086139999999999772e-01 9.127049999999999885e-01 2.148000000000000170e-03 9.127049999999999885e-01 -4.086170000000000080e-01 1.155999999999999910e-03
4.000000000000000000e+00 2.400000000000000000e+01 9.000000000000000000e+00 0.000000000000000000e+00 1.600000000000000089e+00 -8.739999999999999939e-04 -3.102999999999999856e-03 -9.999949999999999672e-01 4.625090000000000034e-01 8.866089999999999804e-01 -3.154999999999999818e-03 8.866140000000000132e-01 -4.625090000000000034e-01 6.599999999999999964e-04
9.000000000000000000e+00 2.400000000000000000e+01 9.000000000000000000e+00 0.000000000000000000e+00 1.600000000000000089e+00 -7.429999999999999539e-04 -3.943000000000000324e-03 -9.999919999999999920e-01 4.606069999999999887e-01 8.875960000000000516e-01 -3.841999999999999929e-03 8.876039999999999486e-01 -4.606060000000000154e-01 1.157000000000000042e-03
1.500000000000000000e+01 2.400000000000000000e+01 9.000000000000000000e+00 0.000000000000000000e+00 1.600000000000000089e+00 -3.181999999999999933e-03 -1.197999999999999933e-02 -9.999230000000000063e-01 4.620770000000000155e-01 8.867570000000000174e-01 -1.209499999999999985e-02 8.868340000000000112e-01 -4.620799999999999907e-01 2.713999999999999833e-03
2.200000000000000000e+01 2.400000000000000000e+01 9.000000000000000000e+00 0.000000000000000000e+00 1.600000000000000089e+00 1.923999999999999929e-03 7.999999999999999638e-06 -9.999980000000000535e-01 4.638599999999999945e-01 8.859080000000000288e-01 8.999999999999999754e-04 8.859059999999999713e-01 -4.638610000000000233e-01 1.701000000000000038e-03
2.700000000000000000e+01 2.400000000000000000e+01 9.000000000000000000e+00 0.000000000000000000e+00 1.600000000000000089e+00 1.928000000000000026e-03 3.393999999999999882e-03 -9.999919999999999920e-01 4.632580000000000031e-01 8.862149999999999750e-01 3.900999999999999954e-03 8.862210000000000365e-01 -4.632620000000000071e-01 1.359999999999999989e-04
6.000000000000000000e+00 1.020000000000000000e+02 9.000000000000000000e+00 0.000000000000000000e+00 1.600000000000000089e+00 -8.679999999999999565e-04 7.696999999999999849e-03 9.999700000000000255e-01 9.221719999999999917e-01 3.867740000000000067e-01 -2.177000000000000116e-03 -3.867789999999999839e-01 9.221430000000000460e-01 -7.433999999999999636e-03
3.000000000000000000e+00 3.500000000000000000e+01 1.200000000000000000e+01 0.000000000000000000e+00 1.600000000000000089e+00 1.476000000000000098e-03 -6.029999999999999770e-03 -9.999810000000000088e-01 4.435720000000000218e-01 -8.962179999999999591e-01 6.059000000000000150e-03 -8.962369999999999504e-01 -4.435729999999999951e-01 1.351999999999999903e-03
1.000000000000000000e+01 3.500000000000000000e+01 1.200000000000000000e+01 0.000000000000000000e+00 1.600000000000000089e+00 -1.809999999999999977e-03 1.582000000000000073e-03 -9.999970000000000248e-01 4.409890000000000199e-01 -8.975100000000000300e-01 -2.217999999999999920e-03 -8.975109999999999477e-01 -4.409919999999999951e-01 9.269999999999999811e-04
1.700000000000000000e+01 3.500000000000000000e+01 1.200000000000000000e+01 0.000000000000000000e+00 1.600000000000000089e+00 5.670000000000000127e-04 -6.409999999999999682e-04 -1.000000000000000000e+00 4.532089999999999730e-01 -8.914039999999999742e-01 8.279999999999999600e-04 -8.914039999999999742e-01 -4.532089999999999730e-01 -2.139999999999999975e-04
2.100000000000000000e+01 3.500000000000000000e+01 1.200000000000000000e+01 0.000000000000000000e+00 1.600000000000000089e+00 -3.007999999999999823e-03 -3.644000000000000104e-03 -9.999890000000000168e-01 4.608329999999999926e-01 -8.874849999999999683e-01 1.848000000000000033e-03 -8.874819999999999931e-01 -4.608229999999999826e-01 4.348999999999999568e-03
2.400000000000000000e+01 3.500000000000000000e+01 1.200000000000000000e+01 0.000000000000000000e+00 1.600000000000000089e+00 -1.299000000000000024e-03 2.834000000000000147e-03 -9.999949999999999672e-01 4.702890000000000126e-01 -8.825070000000000414e-01 -3.112000000000000183e-03 -8.825119999999999632e-01 -4.702899999999999858e-01 -1.859999999999999945e-04
1.000000000000000000e+00 1.200000000000000000e+01 1.500000000000000000e+01 0.000000000000000000e+00 1.600000000000000089e+00 1.317999999999999944e-03 3.722000000000000048e-03 -9.999919999999999920e-01 -4.682609999999999828e-01 -8.835819999999999785e-01 -3.906000000000000184e-03 -8.835889999999999578e-01 4.682620000000000116e-01 5.779999999999999548e-04
9.000000000000000000e+00 1.200000000000000000e+01 1.500000000000000000e+01 0.000000000000000000e+00 1.600000000000000089e+00 1.897999999999999948e-03 2.749999999999999840e-03 -9.999940000000000495e-01 -4.701670000000000016e-01 -8.825709999999999944e-01 -3.318999999999999902e-03 -8.825749999999999984e-01 4.701710000000000056e-01 -3.820000000000000153e-04
1.400000000000000000e+01 1.200000000000000000e+01 1.500000000000000000e+01 0.000000000000000000e+00 1.600000000000000089e+00 2.910000000000000260e-04 8.925999999999999907e-03 -9.999599999999999600e-01 -4.708209999999999895e-01 -8.821919999999999762e-01 -8.012000000000000025e-03 -8.822290000000000409e-01 4.708040000000000003e-01 3.945999999999999855e-03
1.900000000000000000e+01 1.200000000000000000e+01 1.500000000000000000e+01 0.000000000000000000e+00 1.600000000000000089e+00 -2.590000000000000071e-04 3.863999999999999813e-03 -9.999919999999999920e-01 -4.712589999999999835e-01 -8.819890000000000230e-01 -3.285999999999999859e-03 -8.819949999999999735e-01 4.712540000000000062e-01 2.050000000000000173e-03
2.500000000000000000e+01 1.200000000000000000e+01 1.500000000000000000e+01 0.000000000000000000e+00 1.600000000000000089e+00 -1.147000000000000016e-03 -2.203000000000000097e-03 -9.999970000000000248e-01 -4.702339999999999853e-01 -8.825380000000000447e-01 2.484000000000000097e-03 -8.825410000000000199e-01 4.702350000000000141e-01 -2.300000000000000002e-05
4.000000000000000000e+00 1.160000000000000000e+02 1.600000000000000000e+01 0.000000000000000000e+00 1.600000000000000089e+00 -3.886000000000000131e-03 -3.687000000000000173e-03 9.999860000000000415e-01 6.961669999999999803e-01 7.178600000000000536e-01 5.351999999999999987e-03 -7.178700000000000081e-01 6.961779999999999635e-01 -2.229999999999999994e-04
1.800000000000000000e+01 1.160000000000000000e+02 1.600000000000000000e+01 0.000000000000000000e+00 1.600000000000000089e+00 -5.180000000000000143e-04 1.956999999999999972e-03 9.999980000000000535e-01 6.585180000000000478e-01 7.525640000000000107e-01 -1.131999999999999977e-03 -7.525650000000000395e-01 6.585159999999999902e-01 -1.678000000000000021e-03
2.400000000000000000e+01 1.160000000000000000e+02 1.600000000000000000e+01 0.000000000000000000e+00 1.600000000000000089e+00 -7.140000000000000079e-04 -2.465000000000000177e-03 9.999970000000000248e-01 6.607690000000000508e-01 7.505859999999999754e-01 2.321999999999999845e-03 -7.505889999999999507e-01 6.607690000000000508e-01 1.093000000000000005e-03
2.800000000000000000e+01 1.160000000000000000e+02 1.600000000000000000e+01 0.000000000000000000e+00 1.600000000000000089e+00 -1.958999999999999804e-03 -1.659999999999999963e-04 9.999980000000000535e-01 6.689990000000000103e-01 7.432619999999999783e-01 1.433999999999999945e-03 -7.432609999999999495e-01 6.690000000000000391e-01 -1.345000000000000058e-03
6.000000000000000000e+00 2.000000000000000000e+00 1.900000000000000000e+01 0.000000000000000000e+00 1.600000000000000089e+00 -8.292000000000000759e-03 1.254000000000000080e-02 -9.998869999999999703e-01 2.089050000000000074e-01 -9.778360000000000385e-01 -1.399599999999999976e-02 -9.779010000000000202e-01 -2.089969999999999883e-01 5.487999999999999823e-03
9.000000000000000000e+00 2.000000000000000000e+00 1.900000000000000000e+01 0.000000000000000000e+00 1.600000000000000089e+00 -1.428999999999999932e-03 5.902000000000000128e-03 -9.999820000000000375e-01 2.076919999999999877e-01 -9.781750000000000167e-01 -6.069999999999999875e-03 -9.781929999999999792e-01 -2.076969999999999927e-01 1.720000000000000066e-04
1.600000000000000000e+01 2.000000000000000000e+00 1.900000000000000000e+01 0.000000000000000000e+00 1.600000000000000089e+00 5.368999999999999641e-03 -5.518000000000000335e-03 -9.999700000000000255e-01 1.966809999999999947e-01 -9.804460000000000397e-01 6.466000000000000393e-03 -9.804530000000000189e-01 -1.967089999999999950e-01 -4.179000000000000423e-03
1.900000000000000000e+01 2.000000000000000000e+00 1.900000000000000000e+01 0.000000000000000000e+00 1.600000000000000089e+00 5.186999999999999771e-03 -6.442999999999999942e-03 -9.999660000000000215e-01 1.979650000000000021e-01 -9.801819999999999977e-01 7.341999999999999568e-03 -9.801950000000000385e-01 -1.979960000000000053e-01 -3.808999999999999886e-03
2.400000000000000000e+01 2.000000000000000000e+00 1.900000000000000000e+01 0.000000000000000000e+00 1.600000000000000089e+00 4.132000000000000256e-03 -1.543500000000000080e-02 -9.998719999999999830e-01 2.033780000000000032e-01 -9.789700000000000069e-01 1.595299999999999843e-02 -9.790919999999999623e-01 -2.034179999999999877e-01 -9.060000000000000128e-04
3.000000000000000000e+01 2.000000000000000000e+00 1.900000000000000000e+01 0.000000000000000000e+00 1.600000000000000089e+00 2.389000000000000064e-03 -7.513999999999999846e-03 -9.999689999999999968e-01 2.112249999999999961e-01 -9.774059999999999970e-01 7.849000000000000074e-03 -9.774350000000000538e-01 -2.112370000000000081e-01 -7.479999999999999670e-04
1.100000000000000000e+01 1.300000000000000000e+01 2.000000000000000000e+01 0.000000000000000000e+00 1.600000000000000089e+00 3.429999999999999889e-04 1.667999999999999995e-03 9.999980000000000535e-01 2.473309999999999953e-01 9.689299999999999580e-01 -1.701000000000000038e-03 -9.689309999999999867e-01 2.473309999999999953e-01 -8.000000000000000654e-05
2.100000000000000000e+01 1.300000000000000000e+01 2.000000000000000000e+01 0.000000000000000000e+00 1.600000000000000089e+00 -3.000000000000000076e-06 -1.399999999999999877e-04 1.000000000000000000e+00 2.558960000000000123e-01 9.667040000000000077e-01 1.359999999999999989e-04 -9.667040000000000077e-01 2.558960000000000123e-01 3.300000000000000253e-05
2.700000000000000000e+01 1.300000000000000000e+01 2.000000000000000000e+01 0.000000000000000000e+00 1.600000000000000089e+00 -1.214999999999999934e-03 -4.751000000000000015e-03 9.999879999999999880e-01 2.565919999999999868e-01 9.665070000000000050e-01 4.904000000000000373e-03 -9.665190000000000170e-01 2.565950000000000175e-01 4.500000000000000283e-05
1.800000000000000000e+01 1.600000000000000000e+01 2.100000000000000000e+01 0.000000000000000000e+00 1.600000000000000089e+00 8.549999999999999658e-04 7.376999999999999877e-03 9.999719999999999720e-01 3.008480000000000043e-01 9.536440000000000472e-01 -7.291999999999999871e-03 -9.536719999999999642e-01 3.008460000000000023e-01 -1.404000000000000083e-03
4.000000000000000000e+00 4.600000000000000000e+01 2.700000000000000000e+01 0.000000000000000000e+00 1.600000000000000089e+00 -2.660000000000000038e-03 -5.370000000000000424e-04 -9.999959999999999960e-01 6.566089999999999982e-01 7.542280000000000095e-01 -2.151999999999999833e-03 7.542259999999999520e-01 -6.566119999999999735e-01 -1.654000000000000088e-03
1.000000000000000000e+01 4.600000000000000000e+01 2.700000000000000000e+01 0.000000000000000000e+00 1.600000000000000089e+00 -4.090000000000000211e-04 8.689999999999999808e-04 -1.000000000000000000e+00 6.575250000000000261e-01 7.534319999999999906e-01 3.860000000000000041e-04 7.534319999999999906e-01 -6.575250000000000261e-01 -8.800000000000000313e-04
1.600000000000000000e+01 4.600000000000000000e+01 2.700000000000000000e+01 0.000000000000000000e+00 1.600000000000000089e+00 -1.242999999999999964e-03 6.620000000000000450e-04 -9.999989999999999712e-01 6.565950000000000397e-01 7.542429999999999968e-01 -3.170000000000000075e-04 7.542419999999999680e-01 -6.565950000000000397e-01 -1.371999999999999956e-03
3.000000000000000000e+01 4.600000000000000000e+01 2.700000000000000000e+01 0.000000000000000000e+00 1.600000000000000089e+00 -1.719000000000000042e-03 -1.590999999999999966e-03 -9.999970000000000248e-01 6.568330000000000002e-01 7.540320000000000356e-01 -2.328999999999999907e-03 7.540339999999999820e-01 -6.568359999999999754e-01 -2.519999999999999996e-04
2.100000000000000000e+01 4.600000000000000000e+01 3.000000000000000000e+01 0.000000000000000000e+00 1.600000000000000089e+00 3.499999999999999693e-05 -1.920000000000000049e-04 -1.000000000000000000e+00 3.298309999999999853e-01 9.440399999999999903e-01 -1.700000000000000122e-04 9.440399999999999903e-01 -3.298309999999999853e-01 9.699999999999999963e-05
1.000000000000000000e+00 5.800000000000000000e+01 3.100000000000000000e+01 0.000000000000000000e+00 1.600000000000000089e+00 -2.460000000000000164e-04 5.830000000000000113e-03 9.999829999999999552e-01 -7.605269999999999531e-01 -6.492970000000000130e-01 3.598000000000000070e-03 6.493069999999999675e-01 -7.605129999999999946e-01 4.592999999999999861e-03
7.000000000000000000e+00 5.800000000000000000e+01 3.100000000000000000e+01 0.000000000000000000e+00 1.600000000000000089e+00 -7.816000000000000031e-03 -2.827999999999999785e-03 9.999649999999999928e-01 -7.613429999999999920e-01 -6.483029999999999626e-01 -7.784000000000000120e-03 6.483020000000000449e-01 -7.613779999999999992e-01 2.913999999999999924e-03
1.200000000000000000e+01 5.800000000000000000e+01 3.100000000000000000e+01 0.000000000000000000e+00 1.600000000000000089e+00 -2.380000000000000117e-04 1.216999999999999983e-03 9.999989999999999712e-01 -7.640449999999999742e-01 -6.451630000000000420e-01 6.030000000000000204e-04 6.451630000000000420e-01 -7.640439999999999454e-01 1.083999999999999894e-03
1.800000000000000000e+01 5.800000000000000000e+01 3.100000000000000000e+01 0.000000000000000000e+00 1.600000000000000089e+00 2.579999999999999828e-03 -2.967000000000000019e-03 9.999919999999999920e-01 -7.655300000000000438e-01 -6.434010000000000007e-01 6.600000000000000506e-05 6.433959999999999679e-01 -7.655239999999999823e-01 -3.930999999999999599e-03
2.500000000000000000e+01 5.800000000000000000e+01 3.100000000000000000e+01 0.000000000000000000e+00 1.600000000000000089e+00 -1.869000000000000002e-03 -5.338999999999999996e-03 9.999839999999999840e-01 -7.669380000000000086e-01 -6.417030000000000234e-01 -4.859999999999999737e-03 6.417190000000000394e-01 -7.669350000000000334e-01 -2.895000000000000004e-03
4.000000000000000000e+00 4.600000000000000000e+01 3.500000000000000000e+01 0.000000000000000000e+00 1.600000000000000089e+00 7.269999999999999987e-04 -9.430000000000000448e-04 -9.999989999999999712e-01 3.852070000000000216e-01 -9.228300000000000392e-01 1.149999999999999981e-03 -9.228300000000000392e-01 -3.852070000000000216e-01 -3.069999999999999812e-04
1.200000000000000000e+01 4.600000000000000000e+01 3.500000000000000000e+01 0.000000000000000000e+00 1.600000000000000089e+00 5.240000000000000517e-04 -1.874999999999999931e-03 -9.999980000000000535e-01 3.866080000000000072e-01 -9.222420000000000062e-01 1.931999999999999907e-03 -9.222439999999999527e-01 -3.866080000000000072e-01 2.420000000000000005e-04
1.400000000000000000e+01 4.600000000000000000e+01 3.500000000000000000e+01 0.000000000000000000e+00 1.600000000000000089e+00 3.229999999999999907e-04 1.965999999999999866e-03 -9.999980000000000535e-01 3.863929999999999865e-01 -9.223329999999999584e-01 -1.688000000000000047e-03 -9.223339999999999872e-01 -3.863920000000000132e-01 -1.057999999999999913e-03
1.800000000000000000e+01 4.600000000000000000e+01 3.500000000000000000e+01 0.000000000000000000e+00 1.600000000000000089e+00 3.249999999999999851e-04 -6.199999999999999999e-04 -1.000000000000000000e+00 3.860129999999999950e-01 -9.224930000000000074e-01 6.980000000000000527e-04 -9.224930000000000074e-01 -3.860129999999999950e-01 -6.099999999999999872e-05
2.400000000000000000e+01 4.600000000000000000e+01 3.500000000000000000e+01 0.000000000000000000e+00 1.600000000000000089e+00 -2.489999999999999809e-04 4.949999999999999973e-04 -1.000000000000000000e+00 3.856010000000000271e-01 -9.226659999999999862e-01 -5.519999999999999733e-04 -9.226659999999999862e-01 -3.856010000000000271e-01 3.899999999999999929e-05
2.900000000000000000e+01 4.600000000000000000e+01 3.500000000000000000e+01 0.000000000000000000e+00 1.600000000000000089e+00 2.420000000000000005e-04 -4.960000000000000216e-04 -1.000000000000000000e+00 3.847369999999999957e-01 -9.230260000000000131e-01 5.500000000000000331e-04 -9.230260000000000131e-01 -3.847369999999999957e-01 -3.199999999999999855e-05
5.000000000000000000e+00 9.500000000000000000e+01 3.600000000000000000e+01 0.000000000000000000e+00 1.600000000000000089e+00 -1.002000000000000069e-03 -2.780399999999999885e-02 9.996129999999999738e-01 9.975990000000000135e-01 6.918900000000000050e-02 2.923999999999999950e-03 -6.924299999999999899e-02 9.972159999999999913e-01 2.766800000000000162e-02
1.500000000000000000e+01 9.500000000000000000e+01 3.600000000000000000e+01 0.000000000000000000e+00 1.600000000000000089e+00 -5.010000000000000347e-04 3.380000000000000192e-03 9.999940000000000495e-01 9.976890000000000480e-01 6.794200000000000239e-02 2.700000000000000035e-04 -6.794000000000000039e-02 9.976840000000000153e-01 -3.406000000000000173e-03
1.800000000000000000e+01 9.500000000000000000e+01 3.600000000000000000e+01 0.000000000000000000e+00 1.600000000000000089e+00 4.281000000000000083e-03 7.849999999999999339e-03 9.999599999999999600e-01 9.974229999999999485e-01 7.157600000000000073e-02 -4.832000000000000357e-03 -7.161099999999999410e-02 9.974039999999999573e-01 -7.523000000000000173e-03
2.000000000000000000e+00 3.000000000000000000e+00 4.300000000000000000e+01 0.000000000000000000e+00 1.600000000000000089e+00 -3.020000000000000115e-03 1.005799999999999923e-02 -9.999449999999999728e-01 7.383709999999999996e-01 -6.743339999999999890e-01 -9.013000000000000178e-03 -6.743869999999999587e-01 -7.383579999999999588e-01 -5.389999999999999826e-03
1.100000000000000000e+01 3.000000000000000000e+00 4.300000000000000000e+01 0.000000000000000000e+00 1.600000000000000089e+00 6.930000000000000396e-04 3.184999999999999897e-03 -9.999949999999999672e-01 7.362520000000000175e-01 -6.767050000000000010e-01 -1.644999999999999978e-03 -6.767069999999999474e-01 -7.362469999999999848e-01 -2.814000000000000095e-03
1.600000000000000000e+01 3.000000000000000000e+00 4.300000000000000000e+01 0.000000000000000000e+00 1.600000000000000089e+00 -1.281999999999999936e-03 -6.152999999999999615e-03 -9.999799999999999800e-01 7.393729999999999469e-01 -6.732879999999999976e-01 3.194999999999999923e-03 -6.732949999999999768e-01 -7.393539999999999557e-01 5.412000000000000144e-03
2.600000000000000000e+01 3.000000000000000000e+00 4.300000000000000000e+01 0.000000000000000000e+00 1.600000000000000089e+00 -2.622999999999999898e-03 -2.580000000000000002e-02 -9.996639999999999970e-01 7.355819999999999581e-01 -6.772580000000000267e-01 1.554900000000000032e-02 -6.774310000000000054e-01 -7.352940000000000031e-01 2.075400000000000161e-02
4.000000000000000000e+00 8.000000000000000000e+00 4.400000000000000000e+01 0.000000000000000000e+00 1.600000000000000089e+00 3.275000000000000133e-03 4.172999999999999626e-03 9.999860000000000415e-01 -7.823900000000000299e-01 -6.227669999999999595e-01 5.160999999999999789e-03 6.227800000000000002e-01 -7.823959999999999804e-01 1.226000000000000093e-03
6.000000000000000000e+00 8.000000000000000000e+00 4.400000000000000000e+01 0.000000000000000000e+00 1.600000000000000089e+00 2.214999999999999955e-03 4.193999999999999811e-03 9.999890000000000168e-01 -7.821740000000000359e-01 -6.230449999999999600e-01 4.346000000000000037e-03 6.230560000000000542e-01 -7.821749999999999536e-01 1.899999999999999996e-03
8.000000000000000000e+00 2.900000000000000000e+01 4.400000000000000000e+01 0.000000000000000000e+00 1.600000000000000089e+00 7.389999999999999651e-04 -1.404000000000000083e-03 -9.999989999999999712e-01 6.723209999999999464e-01 7.402600000000000291e-01 -5.429999999999999714e-04 7.402600000000000291e-01 -6.723200000000000287e-01 1.490999999999999921e-03
1.400000000000000000e+01 2.900000000000000000e+01 4.400000000000000000e+01 0.000000000000000000e+00 1.600000000000000089e+00 -6.459999999999999814e-04 -1.905000000000000009e-03 -9.999980000000000535e-01 6.733999999999999986e-01 7.392760000000000442e-01 -1.843000000000000020e-03 7.392779999999999907e-01 -6.733999999999999986e-01 8.059999999999999673e-04
1.800000000000000000e+01 2.900000000000000000e+01 4.400000000000000000e+01 0.000000000000000000e+00 1.600000000000000089e+00 -1.794999999999999938e-03 3.060000000000000111e-04 -9.999980000000000535e-01 6.707859999999999934e-01 7.416509999999999492e-01 -9.770000000000000039e-04 7.416490000000000027e-01 -6.707859999999999934e-01 -1.536000000000000039e-03
2.200000000000000000e+01 2.900000000000000000e+01 4.400000000000000000e+01 0.000000000000000000e+00 1.600000000000000089e+00 1.435000000000000078e-03 3.089999999999999756e-04 -9.999989999999999712e-01 6.744409999999999572e-01 7.383279999999999843e-01 1.196000000000000014e-03 7.383269999999999555e-01 -6.744419999999999860e-01 8.509999999999999769e-04
2.500000000000000000e+01 2.900000000000000000e+01 4.400000000000000000e+01 0.000000000000000000e+00 1.600000000000000089e+00 2.137000000000000011e-03 -4.323999999999999719e-03 -9.999879999999999880e-01 6.787370000000000347e-01 7.343800000000000328e-01 -1.724999999999999971e-03 7.343779999999999752e-01 -6.787250000000000227e-01 4.504000000000000191e-03
1.700000000000000000e+01 6.000000000000000000e+00 5.100000000000000000e+01 0.000000000000000000e+00 1.600000000000000089e+00 -5.999999999999999474e-04 4.282000000000000216e-03 -9.999909999999999632e-01 3.193509999999999960e-01 -9.476269999999999971e-01 -4.250000000000000305e-03 -9.476360000000000339e-01 -3.193500000000000227e-01 -7.990000000000000140e-04
1.200000000000000000e+01 7.000000000000000000e+00 5.200000000000000000e+01 0.000000000000000000e+00 1.600000000000000089e+00 4.339999999999999782e-04 -3.831000000000000204e-03 -9.999930000000000208e-01 1.196910000000000057e-01 -9.928040000000000198e-01 3.854999999999999920e-03 -9.928109999999999991e-01 -1.196920000000000067e-01 2.799999999999999958e-05
2.800000000000000000e+01 7.000000000000000000e+00 5.200000000000000000e+01 0.000000000000000000e+00 1.600000000000000089e+00 -7.027000000000000260e-03 -6.467999999999999791e-03 -9.999540000000000095e-01 1.375460000000000016e-01 -9.904800000000000271e-01 5.440000000000000391e-03 -9.904699999999999616e-01 -1.375020000000000131e-01 7.849999999999999339e-03
4.000000000000000000e+00 6.300000000000000000e+01 5.400000000000000000e+01 0.000000000000000000e+00 1.600000000000000089e+00 2.919999999999999961e-04 8.660000000000000163e-04 1.000000000000000000e+00 -3.499099999999999988e-01 9.367830000000000323e-01 -7.089999999999999948e-04 -9.367830000000000323e-01 -3.499090000000000256e-01 5.770000000000000389e-04
8.000000000000000000e+00 6.300000000000000000e+01 5.400000000000000000e+01 0.000000000000000000e+00 1.600000000000000089e+00 1.374999999999999920e-03 8.350000000000000217e-04 9.999989999999999712e-01 -3.517930000000000224e-01 9.360779999999999657e-01 -2.979999999999999793e-04 -9.360770000000000479e-01 -3.517930000000000224e-01 1.580999999999999940e-03
1.200000000000000000e+01 6.300000000000000000e+01 5.400000000000000000e+01 0.000000000000000000e+00 1.600000000000000089e+00 9.269999999999999811e-04 -2.961999999999999789e-03 9.999949999999999672e-01 -3.584570000000000256e-01 9.335409999999999542e-01 3.096999999999999927e-03 -9.335459999999999869e-01 -3.584579999999999989e-01 -1.959999999999999937e-04
1.700000000000000000e+01 6.300000000000000000e+01 5.400000000000000000e+01 0.000000000000000000e+00 1.600000000000000089e+00 -3.809999999999999910e-04 8.940000000000000464e-04 1.000000000000000000e+00 -3.594419999999999837e-01 9.331669999999999687e-01 -9.709999999999999664e-04 -9.331679999999999975e-01 -3.594419999999999837e-01 -3.399999999999999973e-05
2.000000000000000000e+01 6.300000000000000000e+01 5.400000000000000000e+01 0.000000000000000000e+00 1.600000000000000089e+00 -1.582999999999999989e-03 5.890000000000000053e-04 9.999989999999999712e-01 -3.537569999999999881e-01 9.353369999999999740e-01 -1.111000000000000008e-03 -9.353359999999999452e-01 -3.537580000000000169e-01 -1.271999999999999910e-03
2.600000000000000000e+01 6.300000000000000000e+01 5.400000000000000000e+01 0.000000000000000000e+00 1.600000000000000089e+00 -4.690000000000000158e-04 1.072000000000000036e-03 9.999989999999999712e-01 -3.550929999999999920e-01 9.348300000000000498e-01 -1.167999999999999984e-03 -9.348309999999999675e-01 -3.550929999999999920e-01 -5.800000000000000034e-05
4.000000000000000000e+00 2.500000000000000000e+01 5.500000000000000000e+01 0.000000000000000000e+00 1.600000000000000089e+00 -1.116999999999999937e-03 1.647000000000000026e-03 -9.999980000000000535e-01 -1.150600000000000060e-02 -9.999320000000000430e-01 -1.634000000000000036e-03 -9.999329999999999607e-01 1.150400000000000034e-02 1.136000000000000074e-03
8.000000000000000000e+00 2.500000000000000000e+01 5.500000000000000000e+01 0.000000000000000000e+00 1.600000000000000089e+00 -9.399999999999999719e-04 4.850000000000000253e-04 -9.999989999999999712e-01 -1.161500000000000032e-02 -9.999320000000000430e-01 -4.739999999999999747e-04 -9.999320000000000430e-01 1.161500000000000032e-02 9.460000000000000093e-04
1.300000000000000000e+01 2.500000000000000000e+01 5.500000000000000000e+01 0.000000000000000000e+00 1.600000000000000089e+00 -4.260000000000000006e-04 9.340000000000000429e-04 -9.999989999999999712e-01 -1.157900000000000075e-02 -9.999329999999999607e-01 -9.290000000000000297e-04 -9.999329999999999607e-01 1.157900000000000075e-02 4.369999999999999970e-04
1.600000000000000000e+01 2.500000000000000000e+01 5.500000000000000000e+01 0.000000000000000000e+00 1.600000000000000089e+00 8.549999999999999658e-04 1.087999999999999991e-03 -9.999989999999999712e-01 -1.221799999999999969e-02 -9.999249999999999527e-01 -1.098000000000000018e-03 -9.999249999999999527e-01 1.221900000000000069e-02 -8.419999999999999750e-04
2.200000000000000000e+01 2.500000000000000000e+01 5.500000000000000000e+01 0.000000000000000000e+00 1.600000000000000089e+00 9.709999999999999664e-04 9.449999999999999850e-04 -9.999989999999999712e-01 -1.379999999999999977e-02 -9.999040000000000150e-01 -9.590000000000000000e-04 -9.999040000000000150e-01 1.380100000000000077e-02 -9.579999999999999757e-04
6.000000000000000000e+00 6.800000000000000000e+01 5.700000000000000000e+01 0.000000000000000000e+00 1.600000000000000089e+00 2.689999999999999791e-04 -3.119999999999999944e-03 -9.999949999999999672e-01 -2.448809999999999876e-01 -9.695489999999999942e-01 2.958999999999999825e-03 -9.695529999999999982e-01 2.448790000000000133e-01 -1.023999999999999954e-03
1.300000000000000000e+01 6.800000000000000000e+01 5.700000000000000000e+01 0.000000000000000000e+00 1.600000000000000089e+00 1.704999999999999918e-03 -4.657999999999999814e-03 -9.999879999999999880e-01 -2.444860000000000089e-01 -9.696439999999999504e-01 4.100000000000000346e-03 -9.696510000000000407e-01 2.444759999999999989e-01 -2.792000000000000211e-03
4.000000000000000000e+00 2.100000000000000000e+01 6.000000000000000000e+01 0.000000000000000000e+00 1.600000000000000089e+00 1.820000000000000057e-04 5.385000000000000030e-03 9.999860000000000415e-01 -9.703599999999999726e-02 9.952670000000000128e-01 -5.342000000000000394e-03 -9.952809999999999713e-01 -9.703299999999999426e-02 7.039999999999999817e-04
2.700000000000000000e+01 2.100000000000000000e+01 6.000000000000000000e+01 0.000000000000000000e+00 1.600000000000000089e+00 -6.070000000000000092e-04 1.105000000000000079e-03 9.999989999999999712e-01 -9.328500000000000680e-02 9.956390000000000517e-01 -1.155999999999999910e-03 -9.956390000000000517e-01 -9.328599999999999393e-02 -5.019999999999999506e-04
2.900000000000000000e+01 2.100000000000000000e+01 6.000000000000000000e+01 0.000000000000000000e+00 1.600000000000000089e+00 -6.229999999999999644e-04 -8.311000000000000679e-03 9.999649999999999928e-01 -9.261500000000000288e-02 9.956679999999999975e-01 8.217000000000000345e-03 -9.957019999999999760e-01 -9.260599999999999388e-02 -1.389999999999999960e-03
2.000000000000000000e+00 6.000000000000000000e+00 6.100000000000000000e+01 0.000000000000000000e+00 1.600000000000000089e+00 5.382999999999999764e-03 -4.031999999999999994e-03 9.999770000000000048e-01 5.690340000000000398e-01 -8.222890000000000477e-01 -6.379000000000000122e-03 8.222960000000000269e-01 5.690560000000000063e-01 -2.132999999999999913e-03
1.000000000000000000e+01 3.000000000000000000e+00 6.300000000000000000e+01 0.000000000000000000e+00 1.600000000000000089e+00 2.625999999999999862e-03 -3.374999999999999962e-03 9.999909999999999632e-01 -6.159080000000000110e-01 7.878060000000000063e-01 4.276000000000000287e-03 -7.878140000000000143e-01 -6.159139999999999615e-01 -1.000000000000000082e-05
3.000000000000000000e+00 2.700000000000000000e+01 6.300000000000000000e+01 0.000000000000000000e+00 1.600000000000000089e+00 -1.680999999999999986e-03 -7.460000000000000268e-04 9.999980000000000535e-01 -2.729889999999999817e-01 9.620170000000000110e-01 2.579999999999999828e-04 -9.620159999999999823e-01 -2.729880000000000084e-01 -1.820999999999999919e-03
8.000000000000000000e+00 2.700000000000000000e+01 6.300000000000000000e+01 0.000000000000000000e+00 1.600000000000000089e+00 1.141000000000000087e-03 -3.490000000000000047e-03 9.999930000000000208e-01 -2.753120000000000012e-01 9.613479999999999803e-01 3.670000000000000085e-03 -9.613540000000000418e-01 -2.753149999999999764e-01 1.359999999999999989e-04
1.500000000000000000e+01 2.700000000000000000e+01 6.300000000000000000e+01 0.000000000000000000e+00 1.600000000000000089e+00 2.122999999999999887e-03 -2.601000000000000013e-03 9.999940000000000495e-01 -2.718389999999999973e-01 9.623380000000000267e-01 3.079999999999999839e-03 -9.623399999999999732e-01 -2.718439999999999745e-01 1.335999999999999948e-03
2.200000000000000000e+01 2.700000000000000000e+01 6.300000000000000000e+01 0.000000000000000000e+00 1.600000000000000089e+00 -2.089999999999999844e-03 2.566000000000000138e-03 9.999949999999999672e-01 -2.742859999999999743e-01 9.616430000000000256e-01 -3.040999999999999866e-03 -9.616460000000000008e-01 -2.742910000000000070e-01 -1.306000000000000086e-03
2.900000000000000000e+01 2.700000000000000000e+01 6.300000000000000000e+01 0.000000000000000000e+00 1.600000000000000089e+00 -1.069999999999999988e-03 -2.138000000000000143e-03 9.999970000000000248e-01 -2.808689999999999798e-01 9.597440000000000415e-01 1.750999999999999952e-03 -9.597449999999999593e-01 -2.808669999999999778e-01 -1.626999999999999974e-03
3.000000000000000000e+00 2.600000000000000000e+01 6.400000000000000000e+01 0.000000000000000000e+00 1.600000000000000089e+00 -1.358999999999999965e-03 1.307999999999999918e-03 9.999980000000000535e-01 -3.562750000000000083e-01 9.343799999999999883e-01 -1.706000000000000051e-03 -9.343799999999999883e-01 -3.562759999999999816e-01 -8.040000000000000271e-04
9.000000000000000000e+00 2.600000000000000000e+01 6.400000000000000000e+01 0.000000000000000000e+00 1.600000000000000089e+00 1.396000000000000105e-03 -1.840999999999999972e-03 9.999970000000000248e-01 -3.550619999999999887e-01 9.348400000000000043e-01 2.216999999999999787e-03 -9.348419999999999508e-01 -3.550639999999999907e-01 6.509999999999999945e-04
2.100000000000000000e+01 2.600000000000000000e+01 6.400000000000000000e+01 0.000000000000000000e+00 1.600000000000000089e+00 -1.814000000000000074e-03 -1.031000000000000015e-03 9.999980000000000535e-01 -3.524070000000000258e-01 9.358469999999999844e-01 3.260000000000000094e-04 -9.358450000000000379e-01 -3.524059999999999970e-01 -2.060999999999999898e-03
2.700000000000000000e+01 2.600000000000000000e+01 6.400000000000000000e+01 0.000000000000000000e+00 1.600000000000000089e+00 -9.759999999999999796e-04 -1.469000000000000037e-03 9.999980000000000535e-01 -3.605289999999999884e-01 9.327469999999999928e-01 1.018000000000000025e-03 -9.327469999999999928e-01 -3.605280000000000151e-01 -1.440000000000000091e-03
3.000000000000000000e+01 2.600000000000000000e+01 6.400000000000000000e+01 0.000000000000000000e+00 1.600000000000000089e+00 -1.021999999999999905e-03 -1.240999999999999916e-03 9.999989999999999712e-01 -3.641150000000000220e-01 9.313540000000000152e-01 7.839999999999999747e-04 -9.313540000000000152e-01 -3.641130000000000200e-01 -1.402999999999999950e-03
2.400000000000000000e+01 6.900000000000000000e+01 6.600000000000000000e+01 0.000000000000000000e+00 1.600000000000000089e+00 1.015800000000000036e-02 -8.396000000000000685e-03 9.999130000000000518e-01 -9.530060000000000198e-01 3.027039999999999731e-01 1.222299999999999949e-02 -3.027810000000000223e-01 -9.530480000000000063e-01 -4.926999999999999956e-03
2.800000000000000000e+01 3.100000000000000000e+01 7.100000000000000000e+01 0.000000000000000000e+00 1.600000000000000089e+00 -1.425000000000000051e-03 5.493999999999999752e-03 -9.999839999999999840e-01 -7.046780000000000266e-01 -7.095209999999999573e-01 -2.893999999999999871e-03 -7.095259999999999900e-01 7.046630000000000393e-01 4.882000000000000055e-03
