3.000000000000000000e+00 4.200000000000000000e+01 2.000000000000000000e+00 0.000000000000000000e+00 1.600000000000000089e+00 -4.290999999999999676e-03 -7.359499999999999376e-02 -9.972790000000000266e-01 9.666780000000000372e-01 -2.555720000000000214e-01 1.470100000000000053e-02 -2.559589999999999921e-01 -9.639849999999999808e-01 7.223899999999999766e-02
6.000000000000000000e+00 1.500000000000000000e+01 4.000000000000000000e+00 0.000000000000000000e+00 1.600000000000000089e+00 -7.209999999999999612e-04 -3.916000000000000210e-03 9.999919999999999920e-01 3.251310000000000033e-01 -9.456630000000000313e-01 -3.468999999999999861e-03 9.456689999999999818e-01 3.251260000000000261e-01 1.955000000000000140e-03
8.000000000000000000e+00 1.500000000000000000e+01 4.000000000000000000e+00 0.000000000000000000e+00 1.600000000000000089e+00 1.623000000000000094e-03 2.120000000000000031e-04 9.999989999999999712e-01 3.244270000000000209e-01 -9.459109999999999463e-01 -3.260000000000000094e-04 9.459089999999999998e-01 3.244270000000000209e-01 -1.603999999999999957e-03
1.700000000000000000e+01 1.500000000000000000e+01 4.000000000000000000e+00 0.000000000000000000e+00 1.600000000000000089e+00 -1.768000000000000040e-03 9.479999999999999495e-04 9.999980000000000535e-01 3.291000000000000036e-01 -9.442939999999999667e-01 1.477000000000000014e-03 9.442930000000000490e-01 3.291020000000000056e-01 1.356999999999999916e-03
2.000000000000000000e+01 1.500000000000000000e+01 4.000000000000000000e+00 0.000000000000000000e+00 1.600000000000000089e+00 -8.210000000000000067e-04 3.049000000000000061e-03 9.999949999999999672e-01 3.261020000000000030e-01 -9.453289999999999749e-01 3.150000000000000022e-03 9.453340000000000076e-01 3.261020000000000030e-01 -2.180000000000000134e-04
2.500000000000000000e+01 1.500000000000000000e+01 4.000000000000000000e+00 0.000000000000000000e+00 1.600000000000000089e+00 5.839999999999999922e-04 6.218999999999999702e-03 9.999799999999999800e-01 3.257410000000000028e-01 -9.454420000000000046e-01 5.689999999999999745e-03 9.454590000000000494e-01 3.257320000000000215e-01 -2.577999999999999996e-03
2.700000000000000000e+01 1.500000000000000000e+01 4.000000000000000000e+00 0.000000000000000000e+00 1.600000000000000089e+00 -4.859999999999999954e-04 9.029000000000000567e-03 9.999590000000000423e-01 3.247990000000000044e-01 -9.457430000000000003e-01 8.697999999999999135e-03 9.457830000000000403e-01 3.247900000000000231e-01 -2.472999999999999938e-03
1.900000000000000000e+01 4.000000000000000000e+00 5.000000000000000000e+00 0.000000000000000000e+00 1.600000000000000089e+00 7.500000000000000156e-04 3.135999999999999899e-03 9.999949999999999672e-01 2.325109999999999955e-01 -9.725890000000000368e-01 2.874999999999999951e-03 9.725930000000000408e-01 2.325079999999999925e-01 -1.459000000000000010e-03
1.000000000000000000e+00 1.010000000000000000e+02 7.000000000000000000e+00 0.000000000000000000e+00 1.600000000000000089e+00 -3.657000000000000094e-03 -4.454999999999999759e-03 9.999829999999999552e-01 8.831200000000000161e-01 4.691170000000000062e-01 5.320000000000000076e-03 -4.691330000000000222e-01 8.831250000000000488e-01 2.219000000000000052e-03
6.000000000000000000e+00 1.010000000000000000e+02 7.000000000000000000e+00 0.000000000000000000e+00 1.600000000000000089e+00 -4.477000000000000077e-03 -1.363999999999999935e-02 9.998970000000000358e-01 8.820569999999999800e-01 4.710280000000000022e-01 1.037399999999999954e-02 -4.711210000000000120e-01 8.820130000000000470e-01 9.922000000000000264e-03
1.900000000000000000e+01 1.010000000000000000e+02 7.000000000000000000e+00 0.000000000000000000e+00 1.600000000000000089e+00 -3.739999999999999835e-04 5.487999999999999823e-03 9.999850000000000128e-01 8.849559999999999649e-01 4.656689999999999996e-01 -2.224999999999999981e-03 -4.656739999999999768e-01 8.849420000000000064e-01 -5.029999999999999749e-03
5.000000000000000000e+00 2.500000000000000000e+01 8.000000000000000000e+00 0.000000000000000000e+00 1.600000000000000089e+00 2.930000000000000204e-04 -7.026000000000000127e-03 -9.999749999999999472e-01 4.481580000000000008e-01 8.939329999999999776e-01 -6.150000000000000085e-03 8.939540000000000264e-01 -4.481450000000000156e-01 3.410999999999999970e-03
1.200000000000000000e+01 2.500000000000000000e+01 8.000000000000000000e+00 0.000000000000000000e+00 1.600000000000000089e+00 9.309999999999999699e-04 6.275000000000000196e-03 -9.999799999999999800e-01 4.474920000000000009e-01 8.942679999999999518e-01 6.028000000000000372e-03 8.942879999999999718e-01 -4.474879999999999969e-01 -1.975999999999999892e-03
1.500000000000000000e+01 2.500000000000000000e+01 8.000000000000000000e+00 0.000000000000000000e+00 1.600000000000000089e+00 2.680000000000000090e-04 3.680000000000000111e-03 -9.999930000000000208e-01 4.470649999999999902e-01 8.944950000000000401e-01 3.412000000000000102e-03 8.945009999999999906e-01 -4.470629999999999882e-01 -1.405999999999999915e-03
1.800000000000000000e+01 2.500000000000000000e+01 8.000000000000000000e+00 0.000000000000000000e+00 1.600000000000000089e+00 -5.419999999999999471e-04 -1.129999999999999928e-03 -9.999989999999999712e-01 4.460799999999999765e-01 8.949920000000000098e-01 -1.252999999999999991e-03 8.949930000000000385e-01 -4.460799999999999765e-01 2.000000000000000164e-05
2.200000000000000000e+01 2.500000000000000000e+01 8.000000000000000000e+00 0.000000000000000000e+00 1.600000000000000089e+00 -2.981999999999999842e-03 -3.291999999999999788e-03 -9.999900000000000455e-01 4.456390000000000073e-01 8.952020000000000532e-01 -4.276000000000000287e-03 8.952080000000000037e-01 -4.456479999999999886e-01 -1.201999999999999943e-03
2.700000000000000000e+01 2.500000000000000000e+01 8.000000000000000000e+00 0.000000000000000000e+00 1.600000000000000089e+00 -3.950000000000000386e-03 -9.079999999999999530e-03 -9.999510000000000343e-01 4.473710000000000186e-01 8.942940000000000333e-01 -9.887999999999999221e-03 8.943400000000000238e-01 -4.473889999999999811e-01 5.289999999999999564e-04
4.000000000000000000e+00 2.400000000000000000e+01 9.000000000000000000e+00 0.000000000000000000e+00 1.600000000000000089e+00 4.369999999999999970e-04 -7.754999999999999741e-03 -9.999700000000000255e-01 4.513499999999999734e-01 8.923219999999999485e-01 -6.722999999999999809e-03 8.923470000000000013e-01 -4.513329999999999842e-01 3.889999999999999795e-03
1.100000000000000000e+01 2.400000000000000000e+01 9.000000000000000000e+00 0.000000000000000000e+00 1.600000000000000089e+00 8.769999999999999584e-04 5.002000000000000370e-03 -9.999869999999999592e-01 4.504340000000000011e-01 8.927969999999999517e-01 4.860999999999999870e-03 8.928089999999999637e-01 -4.504319999999999991e-01 -1.469999999999999953e-03
1.600000000000000000e+01 2.400000000000000000e+01 9.000000000000000000e+00 0.000000000000000000e+00 1.600000000000000089e+00 2.420000000000000005e-04 1.474999999999999966e-03 -9.999989999999999712e-01 4.494659999999999767e-01 8.932959999999999789e-01 1.425999999999999967e-03 8.932970000000000077e-01 -4.494659999999999767e-01 -4.470000000000000232e-04
2.200000000000000000e+01 2.400000000000000000e+01 9.000000000000000000e+00 0.000000000000000000e+00 1.600000000000000089e+00 -2.896000000000000137e-03 -4.007000000000000145e-03 -9.999879999999999880e-01 4.485319999999999863e-01 8.937540000000000484e-01 -4.879999999999999789e-03 8.937619999999999454e-01 -4.485410000000000230e-01 -7.910000000000000364e-04
2.700000000000000000e+01 2.400000000000000000e+01 9.000000000000000000e+00 0.000000000000000000e+00 1.600000000000000089e+00 -3.931999999999999731e-03 -8.718000000000000055e-03 -9.999540000000000095e-01 4.504469999999999863e-01 8.927519999999999900e-01 -9.554999999999999258e-03 8.927950000000000053e-01 -4.504639999999999755e-01 4.169999999999999987e-04
9.000000000000000000e+00 1.020000000000000000e+02 9.000000000000000000e+00 0.000000000000000000e+00 1.600000000000000089e+00 6.480000000000000300e-04 -9.779999999999999197e-04 9.999989999999999712e-01 9.200620000000000465e-01 3.917729999999999824e-01 -2.130000000000000003e-04 -3.917720000000000091e-01 9.200620000000000465e-01 1.154000000000000078e-03
1.000000000000000000e+01 1.200000000000000000e+01 1.000000000000000000e+01 0.000000000000000000e+00 1.600000000000000089e+00 3.460000000000000076e-04 4.954000000000000070e-03 -9.999879999999999880e-01 -5.505839999999999623e-01 -8.347679999999999545e-01 -4.325999999999999984e-03 -8.347790000000000488e-01 5.505790000000000406e-01 2.439000000000000196e-03
1.000000000000000000e+00 3.100000000000000000e+01 1.200000000000000000e+01 0.000000000000000000e+00 1.600000000000000089e+00 2.949999999999999931e-03 1.815999999999999906e-03 9.999940000000000495e-01 1.843000000000000020e-03 9.999970000000000248e-01 -1.822000000000000052e-03 -9.999940000000000495e-01 1.848999999999999949e-03 2.946999999999999967e-03
1.400000000000000000e+01 3.100000000000000000e+01 1.200000000000000000e+01 0.000000000000000000e+00 1.600000000000000089e+00 -5.439999999999999957e-04 2.329999999999999986e-04 1.000000000000000000e+00 -3.406999999999999872e-03 9.999940000000000495e-01 -2.339999999999999958e-04 -9.999940000000000495e-01 -3.406999999999999872e-03 -5.429999999999999714e-04
1.900000000000000000e+01 3.100000000000000000e+01 1.200000000000000000e+01 0.000000000000000000e+00 1.600000000000000089e+00 -6.000000000000000152e-05 -1.010000000000000020e-04 1.000000000000000000e+00 -2.089000000000000145e-03 9.999980000000000535e-01 1.010000000000000020e-04 -9.999980000000000535e-01 -2.089000000000000145e-03 -6.000000000000000152e-05
4.000000000000000000e+00 1.160000000000000000e+02 1.600000000000000000e+01 0.000000000000000000e+00 1.600000000000000089e+00 -1.278999999999999972e-03 -8.769999999999999584e-04 9.999989999999999712e-01 6.646300000000000541e-01 7.471710000000000296e-01 1.505000000000000044e-03 -7.471719999999999473e-01 6.646309999999999718e-01 -3.730000000000000134e-04
1.600000000000000000e+01 1.160000000000000000e+02 1.600000000000000000e+01 0.000000000000000000e+00 1.600000000000000089e+00 -3.948000000000000120e-03 -3.321999999999999866e-03 9.999869999999999592e-01 7.024770000000000181e-01 7.116879999999999873e-01 5.138000000000000206e-03 -7.116959999999999953e-01 7.024880000000000013e-01 -4.760000000000000234e-04
4.000000000000000000e+00 2.000000000000000000e+00 1.900000000000000000e+01 0.000000000000000000e+00 1.600000000000000089e+00 -6.557999999999999594e-03 -1.711499999999999827e-02 -9.998320000000000540e-01 1.829850000000000088e-01 -9.829919999999999769e-01 1.562600000000000100e-02 -9.830940000000000234e-01 -1.828519999999999868e-01 9.579000000000000709e-03
1.000000000000000000e+01 2.000000000000000000e+00 1.900000000000000000e+01 0.000000000000000000e+00 1.600000000000000089e+00 7.680000000000000195e-04 -1.537700000000000004e-02 -9.998820000000000485e-01 1.836000000000000132e-01 -9.828829999999999512e-01 1.525699999999999973e-02 -9.830010000000000137e-01 -1.835900000000000032e-01 2.067999999999999960e-03
1.700000000000000000e+01 2.000000000000000000e+00 1.900000000000000000e+01 0.000000000000000000e+00 1.600000000000000089e+00 2.050999999999999872e-03 -2.760500000000000106e-02 -9.996169999999999778e-01 1.957830000000000126e-01 -9.802619999999999667e-01 2.747199999999999989e-02 -9.806449999999999889e-01 -1.957639999999999936e-01 3.393999999999999882e-03
2.200000000000000000e+01 2.000000000000000000e+00 1.900000000000000000e+01 0.000000000000000000e+00 1.600000000000000089e+00 4.369999999999999970e-04 -6.494999999999999905e-03 -9.999789999999999512e-01 2.062930000000000041e-01 -9.784690000000000332e-01 6.446000000000000341e-03 -9.784899999999999709e-01 -2.062920000000000031e-01 9.120000000000000502e-04
2.800000000000000000e+01 2.000000000000000000e+00 1.900000000000000000e+01 0.000000000000000000e+00 1.600000000000000089e+00 2.366000000000000048e-03 1.051000000000000024e-02 -9.999419999999999975e-01 2.043089999999999906e-01 -9.788569999999999771e-01 -9.804999999999999480e-03 -9.789039999999999964e-01 -2.042740000000000111e-01 -4.462999999999999953e-03
2.300000000000000000e+01 4.000000000000000000e+00 2.000000000000000000e+01 0.000000000000000000e+00 1.600000000000000089e+00 -1.031999999999999931e-03 -5.230000000000000274e-03 -9.999860000000000415e-01 3.256399999999999850e-01 -9.454829999999999623e-01 4.608000000000000117e-03 -9.454930000000000279e-01 -3.256299999999999750e-01 2.678999999999999958e-03
2.800000000000000000e+01 4.000000000000000000e+00 2.000000000000000000e+01 0.000000000000000000e+00 1.600000000000000089e+00 1.268999999999999946e-03 8.866000000000000617e-03 -9.999599999999999600e-01 3.214080000000000270e-01 -9.469070000000000542e-01 -7.988000000000000309e-03 -9.469400000000000039e-01 -3.213849999999999763e-01 -4.050999999999999913e-03
7.000000000000000000e+00 1.300000000000000000e+01 2.000000000000000000e+01 0.000000000000000000e+00 1.600000000000000089e+00 -2.726000000000000124e-03 -7.466999999999999679e-03 9.999679999999999680e-01 2.551160000000000094e-01 9.668780000000000152e-01 7.915999999999999426e-03 -9.669069999999999609e-01 2.551300000000000234e-01 -7.309999999999999875e-04
1.300000000000000000e+01 1.300000000000000000e+01 2.000000000000000000e+01 0.000000000000000000e+00 1.600000000000000089e+00 -4.550000000000000008e-04 -2.158000000000000196e-03 9.999980000000000535e-01 2.579899999999999971e-01 9.661450000000000315e-01 2.201999999999999964e-03 -9.661469999999999780e-01 2.579899999999999971e-01 1.169999999999999979e-04
2.700000000000000000e+01 1.300000000000000000e+01 2.000000000000000000e+01 0.000000000000000000e+00 1.600000000000000089e+00 -4.580000000000000195e-04 -2.157000000000000063e-03 9.999980000000000535e-01 2.671290000000000053e-01 9.636580000000000146e-01 2.200999999999999832e-03 -9.636609999999999898e-01 2.671290000000000053e-01 1.350000000000000017e-04
1.100000000000000000e+01 3.000000000000000000e+00 2.500000000000000000e+01 0.000000000000000000e+00 1.600000000000000089e+00 -9.810000000000001011e-04 -1.418999999999999949e-02 9.998989999999999823e-01 -6.600599999999999523e-02 -9.977179999999999938e-01 -1.422400000000000053e-02 9.978190000000000115e-01 -6.601400000000000323e-02 4.199999999999999768e-05
1.800000000000000000e+01 3.000000000000000000e+00 2.500000000000000000e+01 0.000000000000000000e+00 1.600000000000000089e+00 -8.443000000000000851e-03 -2.787500000000000047e-02 9.995760000000000201e-01 -8.799899999999999389e-02 -9.957120000000000415e-01 -2.851000000000000062e-02 9.960849999999999982e-01 -8.820200000000000262e-02 5.954000000000000091e-03
2.300000000000000000e+01 3.000000000000000000e+00 2.500000000000000000e+01 0.000000000000000000e+00 1.600000000000000089e+00 -3.964999999999999775e-03 -6.352000000000000007e-03 9.999719999999999720e-01 -9.951200000000000323e-02 -9.950139999999999540e-01 -6.714999999999999615e-03 9.950280000000000236e-01 -9.953599999999999948e-02 3.312999999999999973e-03
2.800000000000000000e+01 3.000000000000000000e+00 2.500000000000000000e+01 0.000000000000000000e+00 1.600000000000000089e+00 1.103000000000000031e-03 1.201900000000000017e-02 9.999270000000000103e-01 -9.482100000000000251e-02 -9.954210000000000003e-01 1.206899999999999987e-02 9.954939999999999900e-01 -9.482799999999999563e-02 4.100000000000000047e-05
7.000000000000000000e+00 4.600000000000000000e+01 2.700000000000000000e+01 0.000000000000000000e+00 1.600000000000000089e+00 -2.190000000000000106e-04 -1.069999999999999988e-03 -9.999989999999999712e-01 6.717929999999999735e-01 7.407380000000000075e-01 -9.399999999999999719e-04 7.407390000000000363e-01 -6.717929999999999735e-01 5.559999999999999621e-04
1.700000000000000000e+01 4.600000000000000000e+01 2.700000000000000000e+01 0.000000000000000000e+00 1.600000000000000089e+00 -8.239999999999999712e-04 -4.650000000000000270e-04 -1.000000000000000000e+00 6.771080000000000432e-01 7.358829999999999538e-01 -8.999999999999999754e-04 7.358829999999999538e-01 -6.771080000000000432e-01 -2.919999999999999961e-04
2.400000000000000000e+01 4.600000000000000000e+01 2.700000000000000000e+01 0.000000000000000000e+00 1.600000000000000089e+00 -2.680000000000000090e-04 -1.387999999999999911e-03 -9.999989999999999712e-01 6.751380000000000159e-01 7.376899999999999569e-01 -1.204999999999999908e-03 7.376909999999999856e-01 -6.751380000000000159e-01 7.389999999999999651e-04
2.800000000000000000e+01 4.600000000000000000e+01 2.700000000000000000e+01 0.000000000000000000e+00 1.600000000000000089e+00 -1.095000000000000053e-03 -2.945000000000000135e-03 -9.999949999999999672e-01 6.697319999999999940e-01 7.425969999999999516e-01 -2.919999999999999853e-03 7.426019999999999843e-01 -6.697319999999999940e-01 1.159000000000000091e-03
1.500000000000000000e+01 4.600000000000000000e+01 3.000000000000000000e+01 0.000000000000000000e+00 1.600000000000000089e+00 1.240000000000000054e-04 -1.131000000000000061e-03 -9.999989999999999712e-01 3.327530000000000210e-01 9.430129999999999901e-01 -1.026000000000000002e-03 9.430140000000000189e-01 -3.327530000000000210e-01 4.929999999999999487e-04
1.800000000000000000e+01 4.600000000000000000e+01 3.000000000000000000e+01 0.000000000000000000e+00 1.600000000000000089e+00 -3.869999999999999742e-04 -1.415000000000000025e-03 -9.999989999999999712e-01 3.312160000000000104e-01 9.435540000000000038e-01 -1.463000000000000108e-03 9.435550000000000326e-01 -3.312160000000000104e-01 1.039999999999999936e-04
1.000000000000000000e+00 5.800000000000000000e+01 3.100000000000000000e+01 0.000000000000000000e+00 1.600000000000000089e+00 1.464999999999999939e-03 -1.417999999999999990e-03 9.999980000000000535e-01 -7.960340000000000193e-01 -6.052520000000000122e-01 3.069999999999999812e-04 6.052509999999999835e-01 -7.960319999999999618e-01 -2.015999999999999997e-03
4.000000000000000000e+00 5.800000000000000000e+01 3.100000000000000000e+01 0.000000000000000000e+00 1.600000000000000089e+00 -3.217999999999999940e-03 -3.769000000000000215e-03 9.999879999999999880e-01 -7.952989999999999782e-01 -6.061980000000000146e-01 -4.844000000000000215e-03 6.062089999999999979e-01 -7.953040000000000109e-01 -1.046999999999999971e-03
9.000000000000000000e+00 5.800000000000000000e+01 3.100000000000000000e+01 0.000000000000000000e+00 1.600000000000000089e+00 -5.043999999999999873e-03 -2.380999999999999870e-03 9.999839999999999840e-01 -8.009690000000000420e-01 -5.986799999999999899e-01 -5.466000000000000372e-03 5.986839999999999939e-01 -8.009840000000000293e-01 1.111999999999999924e-03
1.700000000000000000e+01 5.800000000000000000e+01 3.100000000000000000e+01 0.000000000000000000e+00 1.600000000000000089e+00 6.769999999999999759e-04 -7.069999999999999462e-04 1.000000000000000000e+00 -7.986600000000000366e-01 -6.017820000000000391e-01 1.150000000000000035e-04 6.017820000000000391e-01 -7.986600000000000366e-01 -9.719999999999999907e-04
2.100000000000000000e+01 5.800000000000000000e+01 3.100000000000000000e+01 0.000000000000000000e+00 1.600000000000000089e+00 -6.109999999999999980e-04 -1.696999999999999941e-03 9.999980000000000535e-01 -7.974620000000000042e-01 -6.033669999999999867e-01 -1.512000000000000106e-03 6.033680000000000154e-01 -7.974620000000000042e-01 -9.849999999999999815e-04
2.400000000000000000e+01 5.800000000000000000e+01 3.100000000000000000e+01 0.000000000000000000e+00 1.600000000000000089e+00 -3.444000000000000013e-03 -5.140999999999999737e-03 9.999810000000000088e-01 -7.983289999999999553e-01 -6.021940000000000071e-01 -5.845000000000000369e-03 6.022119999999999695e-01 -7.983329999999999593e-01 -2.030000000000000120e-03
2.900000000000000000e+01 5.800000000000000000e+01 3.100000000000000000e+01 0.000000000000000000e+00 1.600000000000000089e+00 -3.612999999999999892e-03 -6.943999999999999652e-03 9.999689999999999968e-01 -7.967959999999999487e-01 -6.042070000000000496e-01 -7.074999999999999692e-03 6.042380000000000528e-01 -7.967969999999999775e-01 -3.350000000000000113e-03
1.900000000000000000e+01 1.800000000000000000e+01 3.400000000000000000e+01 0.000000000000000000e+00 1.600000000000000089e+00 -1.265000000000000065e-03 -6.258999999999999807e-03 -9.999799999999999800e-01 -3.111860000000000182e-01 -9.503279999999999506e-01 6.342000000000000415e-03 -9.503479999999999706e-01 3.111869999999999914e-01 -7.450000000000000025e-04
2.400000000000000000e+01 1.800000000000000000e+01 3.400000000000000000e+01 0.000000000000000000e+00 1.600000000000000089e+00 -4.580000000000000195e-04 -2.173000000000000018e-03 -9.999970000000000248e-01 -3.062570000000000014e-01 -9.519459999999999589e-01 2.209000000000000026e-03 -9.519490000000000451e-01 3.062570000000000014e-01 -2.300000000000000070e-04
1.000000000000000000e+00 4.600000000000000000e+01 3.500000000000000000e+01 0.000000000000000000e+00 1.600000000000000089e+00 6.650000000000000095e-04 1.140599999999999947e-02 -9.999350000000000183e-01 3.953459999999999752e-01 -9.184750000000000414e-01 -1.021400000000000086e-02 -9.185320000000000151e-01 -3.953139999999999987e-01 -5.120000000000000419e-03
6.000000000000000000e+00 4.600000000000000000e+01 3.500000000000000000e+01 0.000000000000000000e+00 1.600000000000000089e+00 1.593000000000000015e-03 5.229000000000000141e-03 -9.999850000000000128e-01 3.956379999999999897e-01 -9.183970000000000189e-01 -4.172000000000000361e-03 -9.184050000000000269e-01 -3.956259999999999777e-01 -3.531999999999999983e-03
1.200000000000000000e+01 4.600000000000000000e+01 3.500000000000000000e+01 0.000000000000000000e+00 1.600000000000000089e+00 -2.200000000000000133e-03 -1.520000000000000084e-03 -9.999959999999999960e-01 3.953499999999999792e-01 -9.185299999999999576e-01 5.270000000000000162e-04 -9.185280000000000111e-01 -3.953470000000000040e-01 2.621000000000000066e-03
1.700000000000000000e+01 4.600000000000000000e+01 3.500000000000000000e+01 0.000000000000000000e+00 1.600000000000000089e+00 6.520000000000000188e-04 -1.063399999999999936e-02 -9.999430000000000263e-01 3.921549999999999758e-01 -9.198439999999999950e-01 1.003800000000000005e-02 -9.198990000000000222e-01 -3.921399999999999886e-01 3.569999999999999823e-03
2.200000000000000000e+01 4.600000000000000000e+01 3.500000000000000000e+01 0.000000000000000000e+00 1.600000000000000089e+00 1.046999999999999971e-03 -6.679000000000000041e-03 -9.999770000000000048e-01 3.920029999999999903e-01 -9.199410000000000087e-01 6.555000000000000063e-03 -9.199629999999999752e-01 -3.920009999999999883e-01 1.655000000000000004e-03
2.500000000000000000e+01 4.600000000000000000e+01 3.500000000000000000e+01 0.000000000000000000e+00 1.600000000000000089e+00 -5.829999999999999679e-04 -1.126999999999999964e-03 -9.999989999999999712e-01 3.928900000000000170e-01 -9.195849999999999858e-01 8.069999999999999916e-04 -9.195849999999999858e-01 -3.928889999999999882e-01 9.790000000000000525e-04
5.000000000000000000e+00 9.500000000000000000e+01 3.600000000000000000e+01 0.000000000000000000e+00 1.600000000000000089e+00 9.776999999999999233e-03 2.273499999999999827e-02 9.996939999999999715e-01 9.983379999999999477e-01 5.655700000000000310e-02 -1.105000000000000079e-02 -5.679100000000000120e-02 9.981409999999999449e-01 -2.214400000000000049e-02
1.100000000000000000e+01 9.500000000000000000e+01 3.600000000000000000e+01 0.000000000000000000e+00 1.600000000000000089e+00 7.570999999999999605e-03 1.118000000000000070e-02 9.999090000000000478e-01 9.981240000000000112e-01 6.066200000000000064e-02 -8.236000000000000265e-03 -6.074800000000000338e-02 9.980959999999999832e-01 -1.069999999999999944e-02
1.400000000000000000e+01 9.500000000000000000e+01 3.600000000000000000e+01 0.000000000000000000e+00 1.600000000000000089e+00 8.113000000000000420e-03 7.074000000000000427e-03 9.999419999999999975e-01 9.976530000000000120e-01 6.793799999999999839e-02 -8.574999999999999289e-03 -6.799399999999999888e-02 9.976650000000000240e-01 -6.505999999999999631e-03
2.200000000000000000e+01 9.500000000000000000e+01 3.600000000000000000e+01 0.000000000000000000e+00 1.600000000000000089e+00 4.235000000000000049e-03 -1.595900000000000096e-02 9.998639999999999750e-01 9.972600000000000353e-01 7.390700000000000047e-02 -3.044999999999999964e-03 -7.384899999999999798e-02 9.971370000000000511e-01 1.622799999999999937e-02
2.600000000000000000e+01 9.500000000000000000e+01 3.600000000000000000e+01 0.000000000000000000e+00 1.600000000000000089e+00 2.776999999999999955e-03 -5.101200000000000179e-02 9.986939999999999706e-01 9.971349999999999936e-01 7.563699999999999590e-02 1.090000000000000040e-03 -7.559399999999999453e-02 9.958299999999999930e-01 5.107600000000000334e-02
3.000000000000000000e+00 3.000000000000000000e+00 4.300000000000000000e+01 0.000000000000000000e+00 1.600000000000000089e+00 -5.624999999999999792e-03 -1.808600000000000138e-02 -9.998209999999999598e-01 7.396120000000000472e-01 -6.729859999999999731e-01 8.012999999999999290e-03 -6.730099999999999971e-01 -7.394340000000000357e-01 1.716200000000000017e-02
1.300000000000000000e+01 3.000000000000000000e+00 4.300000000000000000e+01 0.000000000000000000e+00 1.600000000000000089e+00 -4.512999999999999651e-03 -1.361999999999999929e-03 -9.999890000000000168e-01 7.375890000000000502e-01 -6.752449999999999841e-01 -2.409000000000000117e-03 -6.752350000000000296e-01 -7.375920000000000254e-01 4.052000000000000046e-03
2.000000000000000000e+01 3.000000000000000000e+00 4.300000000000000000e+01 0.000000000000000000e+00 1.600000000000000089e+00 2.648000000000000180e-03 1.153799999999999965e-02 -9.999299999999999855e-01 7.347299999999999942e-01 -6.783350000000000213e-01 -5.880999999999999943e-03 -6.783550000000000413e-01 -7.346629999999999550e-01 -1.027299999999999915e-02
2.400000000000000000e+01 3.000000000000000000e+00 4.300000000000000000e+01 0.000000000000000000e+00 1.600000000000000089e+00 2.350999999999999791e-03 1.013000000000000012e-03 -9.999970000000000248e-01 7.374030000000000307e-01 -6.754520000000000524e-01 1.049000000000000019e-03 -6.754489999999999661e-01 -7.374030000000000307e-01 -2.334000000000000137e-03
2.700000000000000000e+01 3.000000000000000000e+00 4.300000000000000000e+01 0.000000000000000000e+00 1.600000000000000089e+00 3.312999999999999973e-03 1.121499999999999928e-02 -9.999320000000000430e-01 7.371440000000000214e-01 -6.757159999999999833e-01 -5.137000000000000073e-03 -6.757269999999999666e-01 -7.370769999999999822e-01 -1.050500000000000045e-02
2.100000000000000000e+01 8.000000000000000000e+00 4.400000000000000000e+01 0.000000000000000000e+00 1.600000000000000089e+00 -2.186000000000000009e-03 4.653000000000000018e-03 9.999869999999999592e-01 -7.825170000000000181e-01 -6.226279999999999593e-01 1.186999999999999904e-03 6.226260000000000128e-01 -7.825039999999999774e-01 5.002000000000000370e-03
5.000000000000000000e+00 2.900000000000000000e+01 4.400000000000000000e+01 0.000000000000000000e+00 1.600000000000000089e+00 -1.910000000000000077e-04 3.046999999999999795e-03 -9.999949999999999672e-01 6.517990000000000173e-01 7.583889999999999798e-01 2.186000000000000009e-03 7.583919999999999551e-01 -6.517950000000000133e-01 -2.129999999999999949e-03
8.000000000000000000e+00 2.900000000000000000e+01 4.400000000000000000e+01 0.000000000000000000e+00 1.600000000000000089e+00 -1.734999999999999997e-03 3.170000000000000075e-04 -9.999980000000000535e-01 6.554079999999999906e-01 7.552750000000000297e-01 -8.970000000000000109e-04 7.552729999999999722e-01 -6.554079999999999906e-01 -1.518000000000000035e-03
1.200000000000000000e+01 2.900000000000000000e+01 4.400000000000000000e+01 0.000000000000000000e+00 1.600000000000000089e+00 -3.363999999999999803e-03 -2.086999999999999880e-03 -9.999919999999999920e-01 6.611949999999999772e-01 7.502050000000000107e-01 -3.789999999999999966e-03 7.502069999999999572e-01 -6.612019999999999564e-01 -1.144000000000000052e-03
1.500000000000000000e+01 2.900000000000000000e+01 4.400000000000000000e+01 0.000000000000000000e+00 1.600000000000000089e+00 -1.853999999999999962e-03 -2.069999999999999792e-03 -9.999959999999999960e-01 6.653780000000000250e-01 7.465009999999999701e-01 -2.778999999999999786e-03 7.465039999999999454e-01 -6.653810000000000002e-01 -6.999999999999999895e-06
1.900000000000000000e+01 2.900000000000000000e+01 4.400000000000000000e+01 0.000000000000000000e+00 1.600000000000000089e+00 -7.860000000000000233e-04 -2.289999999999999935e-03 -9.999970000000000248e-01 6.674390000000000045e-01 7.446610000000000174e-01 -2.230000000000000211e-03 7.446639999999999926e-01 -6.674390000000000045e-01 9.430000000000000448e-04
2.300000000000000000e+01 2.900000000000000000e+01 4.400000000000000000e+01 0.000000000000000000e+00 1.600000000000000089e+00 4.979999999999999618e-04 1.105999999999999995e-03 -9.999989999999999712e-01 6.697910000000000252e-01 7.425490000000000146e-01 1.154999999999999994e-03 7.425500000000000433e-01 -6.697910000000000252e-01 -3.710000000000000190e-04
2.600000000000000000e+01 2.900000000000000000e+01 4.400000000000000000e+01 0.000000000000000000e+00 1.600000000000000089e+00 1.991000000000000148e-03 2.144000000000000072e-03 -9.999959999999999960e-01 6.659840000000000204e-01 7.459599999999999564e-01 2.925000000000000083e-03 7.459639999999999604e-01 -6.659869999999999957e-01 5.700000000000000314e-05
1.100000000000000000e+01 7.000000000000000000e+01 4.700000000000000000e+01 0.000000000000000000e+00 1.600000000000000089e+00 1.958000000000000105e-03 -1.291000000000000047e-03 -9.999970000000000248e-01 -8.454380000000000228e-01 -5.340730000000000199e-01 -9.659999999999999533e-04 -5.340700000000000447e-01 8.454369999999999941e-01 -2.137000000000000011e-03
6.000000000000000000e+00 5.000000000000000000e+00 5.100000000000000000e+01 0.000000000000000000e+00 1.600000000000000089e+00 -4.877000000000000259e-03 -1.485500000000000015e-02 -9.998780000000000445e-01 4.849609999999999754e-01 -8.744709999999999983e-01 1.062600000000000003e-02 -8.745220000000000216e-01 -4.848500000000000032e-01 1.146900000000000003e-02
9.000000000000000000e+00 6.000000000000000000e+00 5.100000000000000000e+01 0.000000000000000000e+00 1.600000000000000089e+00 -4.292999999999999941e-03 -1.625700000000000062e-02 -9.998590000000000533e-01 3.162639999999999896e-01 -9.485670000000000490e-01 1.406499999999999938e-02 -9.486620000000000053e-01 -3.161590000000000233e-01 9.213999999999999968e-03
1.200000000000000000e+01 6.000000000000000000e+00 5.100000000000000000e+01 0.000000000000000000e+00 1.600000000000000089e+00 -4.959999999999999999e-03 -1.636200000000000154e-02 -9.998540000000000205e-01 3.144399999999999973e-01 -9.491749999999999909e-01 1.397299999999999931e-02 -9.492639999999999967e-01 -3.143239999999999923e-01 9.853000000000000647e-03
1.600000000000000000e+01 6.000000000000000000e+00 5.100000000000000000e+01 0.000000000000000000e+00 1.600000000000000089e+00 -5.538999999999999653e-03 -1.005200000000000017e-02 -9.999339999999999895e-01 3.196840000000000237e-01 -9.474930000000000296e-01 7.753999999999999608e-03 -9.475080000000000169e-01 -3.196200000000000152e-01 8.462000000000000771e-03
1.500000000000000000e+01 7.000000000000000000e+00 5.200000000000000000e+01 0.000000000000000000e+00 1.600000000000000089e+00 -7.029999999999999791e-03 -9.348000000000000406e-03 -9.999320000000000430e-01 1.192190000000000055e-01 -9.928320000000000478e-01 8.444000000000000117e-03 -9.928430000000000311e-01 -1.191510000000000069e-01 8.094000000000000500e-03
3.000000000000000000e+00 6.300000000000000000e+01 5.400000000000000000e+01 0.000000000000000000e+00 1.600000000000000089e+00 -1.366000000000000027e-03 3.354000000000000210e-03 9.999930000000000208e-01 -3.534709999999999797e-01 9.354379999999999917e-01 -3.619999999999999954e-03 -9.354440000000000532e-01 -3.534740000000000104e-01 -9.200000000000000007e-05
1.400000000000000000e+01 6.300000000000000000e+01 5.400000000000000000e+01 0.000000000000000000e+00 1.600000000000000089e+00 -2.497999999999999787e-03 -4.416999999999999919e-03 9.999869999999999592e-01 -3.382850000000000024e-01 9.410380000000000411e-01 3.311000000000000141e-03 -9.410399999999999876e-01 -3.382720000000000171e-01 -3.844999999999999894e-03
2.100000000000000000e+01 6.300000000000000000e+01 5.400000000000000000e+01 0.000000000000000000e+00 1.600000000000000089e+00 1.026000000000000002e-03 1.469999999999999953e-04 1.000000000000000000e+00 -3.346339999999999870e-01 9.423479999999999634e-01 2.039999999999999984e-04 -9.423470000000000457e-01 -3.346339999999999870e-01 1.015999999999999976e-03
1.300000000000000000e+01 2.000000000000000000e+01 6.000000000000000000e+01 0.000000000000000000e+00 1.600000000000000089e+00 -2.519999999999999996e-04 -9.721000000000000474e-03 9.999529999999999808e-01 -6.189000000000000057e-02 9.980360000000000342e-01 9.686999999999999431e-03 -9.980830000000000535e-01 -6.188400000000000151e-02 -8.530000000000000256e-04
3.000000000000000000e+00 2.100000000000000000e+01 6.000000000000000000e+01 0.000000000000000000e+00 1.600000000000000089e+00 -1.368999999999999991e-03 -4.739000000000000157e-03 9.999879999999999880e-01 -9.830700000000000549e-02 9.951459999999999750e-01 4.581000000000000003e-03 -9.951550000000000118e-01 -9.829999999999999849e-02 -1.827999999999999981e-03
9.000000000000000000e+00 2.100000000000000000e+01 6.000000000000000000e+01 0.000000000000000000e+00 1.600000000000000089e+00 -8.199999999999999824e-04 -7.721999999999999698e-03 9.999700000000000255e-01 -9.763299999999999756e-02 9.951929999999999943e-01 7.604999999999999781e-03 -9.952220000000000510e-01 -9.762400000000000244e-02 -1.569999999999999998e-03
1.400000000000000000e+01 2.100000000000000000e+01 6.000000000000000000e+01 0.000000000000000000e+00 1.600000000000000089e+00 2.990000000000000036e-04 -4.856000000000000073e-03 9.999879999999999880e-01 -9.548099999999999643e-02 9.954190000000000538e-01 4.863000000000000135e-03 -9.954309999999999548e-01 -9.548199999999999743e-02 -1.659999999999999963e-04
2.000000000000000000e+01 2.100000000000000000e+01 6.000000000000000000e+01 0.000000000000000000e+00 1.600000000000000089e+00 -5.659999999999999884e-04 -9.048999999999999752e-03 9.999590000000000423e-01 -9.321100000000000219e-02 9.956059999999999910e-01 8.956999999999999684e-03 -9.956460000000000310e-01 -9.320199999999999319e-02 -1.407000000000000048e-03
2.400000000000000000e+01 2.100000000000000000e+01 6.000000000000000000e+01 0.000000000000000000e+00 1.600000000000000089e+00 -1.616000000000000032e-03 -6.681000000000000306e-03 9.999759999999999760e-01 -9.316800000000000082e-02 9.956289999999999862e-01 6.501999999999999967e-03 -9.956490000000000062e-01 -9.315600000000000269e-02 -2.230999999999999910e-03
1.000000000000000000e+00 2.700000000000000000e+01 6.300000000000000000e+01 0.000000000000000000e+00 1.600000000000000089e+00 8.639999999999999677e-04 -1.500000000000000038e-05 1.000000000000000000e+00 -2.755389999999999784e-01 9.612899999999999778e-01 2.519999999999999996e-04 -9.612889999999999491e-01 -2.755389999999999784e-01 8.270000000000000441e-04
7.000000000000000000e+00 2.700000000000000000e+01 6.300000000000000000e+01 0.000000000000000000e+00 1.600000000000000089e+00 -3.403999999999999908e-03 -4.185000000000000352e-03 9.999850000000000128e-01 -2.740230000000000166e-01 9.617179999999999618e-01 3.092000000000000130e-03 -9.617170000000000440e-01 -2.740090000000000026e-01 -4.420999999999999583e-03
1.400000000000000000e+01 2.700000000000000000e+01 6.300000000000000000e+01 0.000000000000000000e+00 1.600000000000000089e+00 1.077999999999999965e-03 -3.491000000000000179e-03 9.999930000000000208e-01 -2.787310000000000065e-01 9.603620000000000489e-01 3.652999999999999997e-03 -9.603690000000000282e-01 -2.787330000000000085e-01 6.200000000000000270e-05
1.800000000000000000e+01 2.700000000000000000e+01 6.300000000000000000e+01 0.000000000000000000e+00 1.600000000000000089e+00 1.978999999999999856e-03 -4.891000000000000382e-03 9.999860000000000415e-01 -2.802990000000000204e-01 9.598980000000000290e-01 5.250000000000000326e-03 -9.599109999999999587e-01 -2.803059999999999996e-01 5.289999999999999564e-04
2.200000000000000000e+01 2.700000000000000000e+01 6.300000000000000000e+01 0.000000000000000000e+00 1.600000000000000089e+00 7.770000000000000214e-04 -3.325999999999999963e-03 9.999940000000000495e-01 -2.815860000000000030e-01 9.595299999999999940e-01 3.409999999999999837e-03 -9.595359999999999445e-01 -2.815869999999999762e-01 -1.910000000000000077e-04
2.800000000000000000e+01 2.700000000000000000e+01 6.300000000000000000e+01 0.000000000000000000e+00 1.600000000000000089e+00 -2.079999999999999818e-03 -4.936000000000000283e-03 9.999860000000000415e-01 -2.770659999999999790e-01 9.608419999999999739e-01 4.166000000000000432e-03 -9.608489999999999531e-01 -2.770529999999999937e-01 -3.366000000000000068e-03
6.000000000000000000e+00 2.600000000000000000e+01 6.400000000000000000e+01 0.000000000000000000e+00 1.600000000000000089e+00 -2.216999999999999787e-03 -2.805999999999999901e-03 9.999940000000000495e-01 -3.552679999999999727e-01 9.347630000000000106e-01 1.835999999999999958e-03 -9.347619999999999818e-01 -3.552620000000000222e-01 -3.069000000000000113e-03
1.800000000000000000e+01 2.600000000000000000e+01 6.400000000000000000e+01 0.000000000000000000e+00 1.600000000000000089e+00 3.030000000000000141e-03 -7.846000000000000543e-03 9.999649999999999928e-01 -3.636980000000000213e-01 9.314789999999999459e-01 8.411000000000000074e-03 -9.315120000000000067e-01 -3.637110000000000065e-01 -3.100000000000000135e-05
2.800000000000000000e+01 2.600000000000000000e+01 6.400000000000000000e+01 0.000000000000000000e+00 1.600000000000000089e+00 -2.864999999999999925e-03 -4.695000000000000388e-03 9.999850000000000128e-01 -3.568850000000000078e-01 9.341420000000000279e-01 3.363999999999999803e-03 -9.341439999999999744e-01 -3.568700000000000205e-01 -4.351999999999999966e-03
2.600000000000000000e+01 8.900000000000000000e+01 6.400000000000000000e+01 0.000000000000000000e+00 1.600000000000000089e+00 -1.044739999999999974e-01 -1.081560000000000021e-01 -9.886289999999999800e-01 9.913509999999999822e-01 6.806399999999999950e-02 -1.122070000000000012e-01 7.942599999999999660e-02 -9.918010000000000437e-01 1.001090000000000035e-01
2.400000000000000000e+01 8.200000000000000000e+01 7.000000000000000000e+01 0.000000000000000000e+00 1.600000000000000089e+00 7.525389999999999580e-01 -4.494929999999999759e-01 4.812910000000000244e-01 -5.072609999999999619e-01 -8.617139999999999800e-01 -1.163699999999999977e-02 4.199660000000000060e-01 -2.353830000000000089e-01 -8.764840000000000408e-01
2.000000000000000000e+01 3.100000000000000000e+01 7.100000000000000000e+01 0.000000000000000000e+00 1.600000000000000089e+00 -2.922000000000000118e-03 -1.807999999999999928e-03 -9.999940000000000495e-01 -7.076139999999999652e-01 -7.065909999999999691e-01 3.344999999999999883e-03 -7.065930000000000266e-01 7.076189999999999980e-01 7.849999999999999990e-04
2.500000000000000000e+01 3.100000000000000000e+01 7.100000000000000000e+01 0.000000000000000000e+00 1.600000000000000089e+00 -7.307000000000000127e-03 -2.003000000000000006e-03 -9.999710000000000543e-01 -7.132899999999999796e-01 -7.008379999999999610e-01 6.616000000000000353e-03 -7.008309999999999818e-01 7.133180000000000076e-01 3.693000000000000102e-03
2.800000000000000000e+01 3.100000000000000000e+01 7.100000000000000000e+01 0.000000000000000000e+00 1.600000000000000089e+00 -1.210000000000000002e-04 -7.627000000000000099e-03 -9.999710000000000543e-01 -7.151889999999999636e-01 -6.989100000000000312e-01 5.416999999999999940e-03 -6.989309999999999690e-01 7.151690000000000547e-01 -5.369999999999999774e-03
2.300000000000000000e+01 7.100000000000000000e+01 7.200000000000000000e+01 0.000000000000000000e+00 1.600000000000000089e+00 4.393110000000000070e-01 -3.853000000000000175e-02 -8.975090000000000012e-01 8.847380000000000244e-01 1.917290000000000105e-01 4.248290000000000122e-01 1.557089999999999863e-01 -9.806909999999999794e-01 1.183180000000000065e-01
