4.000000000000000000e+00 2.500000000000000000e+01 1.000000000000000000e+00 0.000000000000000000e+00 1.600000000000000089e+00 -3.890000000000000228e-04 -1.343399999999999976e-02 -9.999099999999999655e-01 -5.357450000000000268e-01 -8.443009999999999682e-01 1.155199999999999977e-02 -8.443800000000000194e-01 5.357009999999999827e-01 -6.869000000000000106e-03
7.000000000000000000e+00 2.500000000000000000e+01 1.000000000000000000e+00 0.000000000000000000e+00 1.600000000000000089e+00 -8.919999999999999978e-04 6.277999999999999726e-03 -9.999799999999999800e-01 -5.356389999999999763e-01 -8.444340000000000179e-01 -4.823000000000000030e-03 -8.444469999999999477e-01 5.356229999999999603e-01 4.114999999999999734e-03
1.100000000000000000e+01 2.500000000000000000e+01 1.000000000000000000e+00 0.000000000000000000e+00 1.600000000000000089e+00 1.881999999999999992e-03 2.707700000000000037e-02 -9.996319999999999650e-01 -5.314389999999999947e-01 -8.467580000000000107e-01 -2.393699999999999994e-02 -8.470950000000000424e-01 5.312879999999999825e-01 1.279600000000000008e-02
2.700000000000000000e+01 2.500000000000000000e+01 1.000000000000000000e+00 0.000000000000000000e+00 1.600000000000000089e+00 9.640000000000000131e-04 1.149999999999999981e-03 -9.999989999999999712e-01 -5.272839999999999749e-01 -8.496879999999999988e-01 -1.484999999999999992e-03 -8.496879999999999988e-01 5.272850000000000037e-01 -2.130000000000000003e-04
6.000000000000000000e+00 1.500000000000000000e+01 4.000000000000000000e+00 0.000000000000000000e+00 1.600000000000000089e+00 1.659999999999999963e-04 2.658000000000000206e-03 9.999959999999999960e-01 3.208389999999999853e-01 -9.471309999999999452e-01 2.464000000000000044e-03 9.471340000000000314e-01 3.208369999999999833e-01 -1.010000000000000047e-03
1.000000000000000000e+01 1.500000000000000000e+01 4.000000000000000000e+00 0.000000000000000000e+00 1.600000000000000089e+00 1.634999999999999952e-03 3.759999999999999887e-03 9.999919999999999920e-01 3.202110000000000234e-01 -9.473409999999999886e-01 3.037999999999999902e-03 9.473449999999999926e-01 3.202030000000000154e-01 -2.752999999999999805e-03
1.400000000000000000e+01 1.500000000000000000e+01 4.000000000000000000e+00 0.000000000000000000e+00 1.600000000000000089e+00 4.597000000000000391e-03 9.346999999999999406e-03 9.999460000000000015e-01 3.246569999999999734e-01 -9.458029999999999493e-01 7.348000000000000365e-03 9.458210000000000228e-01 3.246060000000000056e-01 -7.381999999999999673e-03
2.200000000000000000e+01 1.500000000000000000e+01 4.000000000000000000e+00 0.000000000000000000e+00 1.600000000000000089e+00 -1.002000000000000069e-03 4.373000000000000151e-03 9.999900000000000455e-01 3.279110000000000080e-01 -9.446980000000000377e-01 4.459000000000000290e-03 9.447079999999999922e-01 3.279119999999999813e-01 -4.879999999999999898e-04
2.800000000000000000e+01 1.500000000000000000e+01 4.000000000000000000e+00 0.000000000000000000e+00 1.600000000000000089e+00 4.339999999999999782e-04 -5.128999999999999879e-03 9.999869999999999592e-01 3.299719999999999875e-01 -9.439779999999999838e-01 -4.984999999999999848e-03 9.439910000000000245e-01 3.299699999999999855e-01 1.283000000000000069e-03
1.500000000000000000e+01 1.010000000000000000e+02 7.000000000000000000e+00 0.000000000000000000e+00 1.600000000000000089e+00 -2.072999999999999843e-02 4.560199999999999670e-02 9.987449999999999939e-01 8.763079999999999758e-01 4.817370000000000263e-01 -3.807000000000000054e-03 -4.813049999999999828e-01 8.751290000000000457e-01 -4.994699999999999834e-02
2.400000000000000000e+01 1.010000000000000000e+02 7.000000000000000000e+00 0.000000000000000000e+00 1.600000000000000089e+00 2.497299999999999867e-02 -6.762200000000000155e-02 9.973980000000000068e-01 8.806300000000000239e-01 4.736969999999999792e-01 1.006699999999999956e-02 -4.731449999999999823e-01 8.780879999999999797e-01 7.137999999999999901e-02
2.000000000000000000e+00 2.500000000000000000e+01 8.000000000000000000e+00 0.000000000000000000e+00 1.600000000000000089e+00 2.393000000000000162e-03 5.797000000000000069e-03 -9.999799999999999800e-01 4.517689999999999761e-01 8.921130000000000448e-01 6.251999999999999745e-03 8.921320000000000361e-01 -4.517760000000000109e-01 -4.840000000000000010e-04
4.000000000000000000e+00 2.500000000000000000e+01 8.000000000000000000e+00 0.000000000000000000e+00 1.600000000000000089e+00 2.180000000000000080e-03 3.469999999999999994e-03 -9.999919999999999920e-01 4.506359999999999810e-01 8.926979999999999915e-01 4.080000000000000293e-03 8.927049999999999708e-01 -4.506410000000000138e-01 3.820000000000000153e-04
9.000000000000000000e+00 2.500000000000000000e+01 8.000000000000000000e+00 0.000000000000000000e+00 1.600000000000000089e+00 1.569999999999999998e-03 2.459999999999999947e-03 -9.999959999999999960e-01 4.506470000000000198e-01 8.926969999999999628e-01 2.903999999999999897e-03 8.927009999999999668e-01 -4.506499999999999950e-01 2.930000000000000204e-04
1.500000000000000000e+01 2.500000000000000000e+01 8.000000000000000000e+00 0.000000000000000000e+00 1.600000000000000089e+00 -9.299999999999999727e-05 6.813999999999999745e-03 -9.999770000000000048e-01 4.524639999999999773e-01 8.917620000000000546e-01 6.035000000000000434e-03 8.917829999999999924e-01 -4.524529999999999941e-01 -3.165999999999999977e-03
2.000000000000000000e+01 2.500000000000000000e+01 8.000000000000000000e+00 0.000000000000000000e+00 1.600000000000000089e+00 1.800000000000000046e-05 -3.069000000000000113e-03 -9.999949999999999672e-01 4.519469999999999876e-01 8.920409999999999728e-01 -2.729999999999999788e-03 8.920449999999999768e-01 -4.519440000000000124e-01 1.402999999999999950e-03
2.300000000000000000e+01 2.500000000000000000e+01 8.000000000000000000e+00 0.000000000000000000e+00 1.600000000000000089e+00 -2.880000000000000073e-04 -3.410999999999999970e-03 -9.999940000000000495e-01 4.530710000000000015e-01 8.914689999999999559e-01 -3.171000000000000207e-03 8.914739999999999887e-01 -4.530699999999999728e-01 1.288999999999999998e-03
2.600000000000000000e+01 2.500000000000000000e+01 8.000000000000000000e+00 0.000000000000000000e+00 1.600000000000000089e+00 -6.210000000000000242e-04 -4.689999999999999725e-03 -9.999890000000000168e-01 4.531100000000000128e-01 8.914440000000000142e-01 -4.462999999999999953e-03 8.914539999999999687e-01 -4.531080000000000108e-01 1.572000000000000047e-03
4.000000000000000000e+00 2.400000000000000000e+01 9.000000000000000000e+00 0.000000000000000000e+00 1.600000000000000089e+00 2.334000000000000137e-03 2.933999999999999976e-03 -9.999930000000000208e-01 4.534920000000000062e-01 8.912529999999999619e-01 3.673000000000000050e-03 8.912569999999999659e-01 -4.534980000000000122e-01 7.500000000000000156e-04
9.000000000000000000e+00 2.400000000000000000e+01 9.000000000000000000e+00 0.000000000000000000e+00 1.600000000000000089e+00 7.010000000000000172e-04 5.739000000000000178e-03 -9.999829999999999552e-01 4.533980000000000232e-01 8.912919999999999732e-01 5.433000000000000329e-03 8.913079999999999892e-01 -4.533940000000000192e-01 -1.978000000000000157e-03
1.600000000000000000e+01 2.400000000000000000e+01 9.000000000000000000e+00 0.000000000000000000e+00 1.600000000000000089e+00 6.700000000000000226e-05 4.827999999999999826e-03 -9.999879999999999880e-01 4.547689999999999788e-01 8.905990000000000295e-01 4.330999999999999781e-03 8.906089999999999840e-01 -4.547640000000000016e-01 -2.135999999999999878e-03
2.000000000000000000e+01 2.400000000000000000e+01 9.000000000000000000e+00 0.000000000000000000e+00 1.600000000000000089e+00 -1.069999999999999988e-04 -4.210000000000000200e-03 -9.999909999999999632e-01 4.542479999999999851e-01 8.908669999999999645e-01 -3.798999999999999860e-03 8.908749999999999725e-01 -4.542450000000000099e-01 1.817000000000000039e-03
2.300000000000000000e+01 2.400000000000000000e+01 9.000000000000000000e+00 0.000000000000000000e+00 1.600000000000000089e+00 -4.929999999999999487e-04 -3.444000000000000013e-03 -9.999940000000000495e-01 4.550509999999999833e-01 8.904600000000000293e-01 -3.291000000000000088e-03 8.904649999999999510e-01 -4.550489999999999813e-01 1.128000000000000096e-03
2.700000000000000000e+01 2.400000000000000000e+01 9.000000000000000000e+00 0.000000000000000000e+00 1.600000000000000089e+00 -7.439999999999999782e-04 -5.806999999999999662e-03 -9.999829999999999552e-01 4.555950000000000277e-01 8.901700000000000168e-01 -5.507999999999999875e-03 8.901869999999999505e-01 -4.555910000000000237e-01 1.982999999999999954e-03
1.300000000000000000e+01 1.200000000000000000e+01 1.000000000000000000e+01 0.000000000000000000e+00 1.600000000000000089e+00 1.825000000000000016e-03 6.128999999999999899e-03 -9.999799999999999800e-01 -5.535139999999999505e-01 -8.328170000000000295e-01 -6.114999999999999776e-03 -8.328379999999999672e-01 5.535139999999999505e-01 1.873000000000000099e-03
1.200000000000000000e+01 4.000000000000000000e+00 1.100000000000000000e+01 0.000000000000000000e+00 1.600000000000000089e+00 1.776399999999999854e-02 -1.244979999999999976e-01 -9.920609999999999706e-01 1.298169999999999880e-01 9.841060000000000363e-01 -1.211760000000000059e-01 9.913790000000000102e-01 -1.266339999999999966e-01 3.364299999999999929e-02
2.000000000000000000e+01 4.000000000000000000e+00 1.100000000000000000e+01 0.000000000000000000e+00 1.600000000000000089e+00 3.339600000000000207e-02 -2.200479999999999936e-01 -9.749170000000000336e-01 1.241889999999999938e-01 9.688149999999999817e-01 -2.144159999999999955e-01 9.916960000000000219e-01 -1.139130000000000004e-01 5.968199999999999894e-02
9.000000000000000000e+00 3.100000000000000000e+01 1.200000000000000000e+01 0.000000000000000000e+00 1.600000000000000089e+00 -5.133000000000000410e-03 -2.469599999999999920e-02 9.996819999999999595e-01 -1.611599999999999838e-02 9.995669999999999833e-01 2.461100000000000093e-02 -9.998569999999999958e-01 -1.598400000000000168e-02 -5.529000000000000060e-03
1.400000000000000000e+01 3.100000000000000000e+01 1.200000000000000000e+01 0.000000000000000000e+00 1.600000000000000089e+00 -3.770000000000000022e-04 -1.822100000000000108e-02 9.998340000000000005e-01 -2.586899999999999963e-02 9.995000000000000551e-01 1.820499999999999896e-02 -9.996650000000000258e-01 -2.585799999999999904e-02 -8.480000000000000124e-04
2.100000000000000000e+01 3.100000000000000000e+01 1.200000000000000000e+01 0.000000000000000000e+00 1.600000000000000089e+00 1.067999999999999939e-03 9.717999999999999208e-03 9.999519999999999520e-01 -1.948599999999999985e-02 9.997629999999999573e-01 -9.695000000000000492e-03 -9.998099999999999765e-01 -1.947499999999999926e-02 1.257000000000000088e-03
8.000000000000000000e+00 3.500000000000000000e+01 1.200000000000000000e+01 0.000000000000000000e+00 1.600000000000000089e+00 -1.127599999999999957e-02 1.447099999999999949e-02 -9.998320000000000540e-01 5.002529999999999477e-01 -8.656890000000000418e-01 -1.817099999999999965e-02 -8.658059999999999645e-01 -5.003729999999999567e-01 2.521999999999999936e-03
2.500000000000000000e+01 3.500000000000000000e+01 1.200000000000000000e+01 0.000000000000000000e+00 1.600000000000000089e+00 1.056600000000000074e-02 -1.265499999999999958e-02 -9.998639999999999750e-01 4.823990000000000222e-01 -8.758019999999999694e-01 1.618199999999999847e-02 -8.758879999999999999e-01 -4.825039999999999885e-01 -3.148999999999999889e-03
2.400000000000000000e+01 1.200000000000000000e+01 1.500000000000000000e+01 0.000000000000000000e+00 1.600000000000000089e+00 1.444100000000000071e-02 -2.487899999999999834e-02 -9.995859999999999745e-01 -4.934680000000000177e-01 -8.696430000000000549e-01 1.451599999999999939e-02 -8.696439999999999726e-01 4.930539999999999923e-01 -2.483600000000000044e-02
2.900000000000000000e+01 1.160000000000000000e+02 1.600000000000000000e+01 0.000000000000000000e+00 1.600000000000000089e+00 -6.472000000000000322e-03 -8.459999999999999638e-04 9.999789999999999512e-01 8.908249999999999780e-01 4.543059999999999876e-01 6.148999999999999952e-03 -4.543010000000000104e-01 8.908449999999999980e-01 -2.187000000000000142e-03
5.000000000000000000e+00 9.200000000000000000e+01 1.800000000000000000e+01 0.000000000000000000e+00 1.600000000000000089e+00 1.927129999999999954e-01 8.790980000000000461e-01 4.359460000000000002e-01 9.725700000000000456e-01 -1.121449999999999947e-01 -2.037899999999999989e-01 -1.302619999999999889e-01 4.632609999999999784e-01 -8.765960000000000418e-01
3.000000000000000000e+00 2.000000000000000000e+00 1.900000000000000000e+01 0.000000000000000000e+00 1.600000000000000089e+00 4.729999999999999830e-03 -3.349900000000000100e-02 -9.994279999999999831e-01 1.510539999999999938e-01 -9.879470000000000196e-01 3.382899999999999796e-02 -9.885140000000000038e-01 -1.511270000000000113e-01 3.869999999999999742e-04
8.000000000000000000e+00 4.000000000000000000e+00 2.000000000000000000e+01 0.000000000000000000e+00 1.600000000000000089e+00 1.485799999999999968e-02 -3.605000000000000131e-03 -9.998829999999999663e-01 2.063750000000000029e-01 -9.784509999999999597e-01 6.594000000000000035e-03 -9.783600000000000074e-01 -2.064489999999999936e-01 -1.379400000000000071e-02
1.600000000000000000e+01 4.000000000000000000e+00 2.000000000000000000e+01 0.000000000000000000e+00 1.600000000000000089e+00 -1.243499999999999987e-02 3.678700000000000025e-02 -9.992459999999999676e-01 2.456260000000000110e-01 -9.685909999999999798e-01 -3.871499999999999941e-02 -9.692849999999999522e-01 -2.459220000000000017e-01 3.007999999999999823e-03
2.300000000000000000e+01 4.000000000000000000e+00 2.000000000000000000e+01 0.000000000000000000e+00 1.600000000000000089e+00 -6.118000000000000174e-03 9.780999999999999764e-03 -9.999329999999999607e-01 2.403139999999999998e-01 -9.706329999999999680e-01 -1.096500000000000079e-02 -9.706759999999999833e-01 -2.403649999999999953e-01 3.588000000000000043e-03
4.000000000000000000e+00 1.300000000000000000e+01 2.000000000000000000e+01 0.000000000000000000e+00 1.600000000000000089e+00 -1.851999999999999914e-03 -1.928999999999999942e-03 9.999959999999999960e-01 2.455739999999999867e-01 9.693749999999999867e-01 2.324999999999999810e-03 -9.693760000000000154e-01 2.455769999999999897e-01 -1.322000000000000041e-03
8.000000000000000000e+00 1.300000000000000000e+01 2.000000000000000000e+01 0.000000000000000000e+00 1.600000000000000089e+00 -2.348999999999999960e-03 -3.919999999999999873e-03 9.999900000000000455e-01 2.468299999999999939e-01 9.690490000000000492e-01 4.379000000000000080e-03 -9.690560000000000285e-01 2.468380000000000019e-01 -1.309000000000000051e-03
1.400000000000000000e+01 1.300000000000000000e+01 2.000000000000000000e+01 0.000000000000000000e+00 1.600000000000000089e+00 -9.230999999999999622e-03 -2.327500000000000055e-02 9.996859999999999635e-01 2.559770000000000101e-01 9.663629999999999720e-01 2.486299999999999968e-02 -9.666390000000000260e-01 2.561260000000000203e-01 -2.961999999999999789e-03
1.700000000000000000e+01 1.300000000000000000e+01 2.000000000000000000e+01 0.000000000000000000e+00 1.600000000000000089e+00 -2.676600000000000160e-02 -6.175200000000000133e-02 9.977329999999999810e-01 2.779889999999999861e-01 9.582610000000000294e-01 6.676600000000000590e-02 -9.602110000000000367e-01 2.791460000000000052e-01 -8.482999999999999222e-03
1.800000000000000000e+01 1.400000000000000000e+01 2.000000000000000000e+01 0.000000000000000000e+00 1.600000000000000089e+00 -2.695600000000000079e-02 -7.838499999999999635e-02 9.965589999999999726e-01 2.609949999999999770e-01 9.617900000000000338e-01 8.271000000000000574e-02 -9.649640000000000439e-01 2.623269999999999769e-01 -5.467999999999999770e-03
2.700000000000000000e+01 1.400000000000000000e+01 2.000000000000000000e+01 0.000000000000000000e+00 1.600000000000000089e+00 -5.000000000000000409e-06 -3.663500000000000090e-02 9.993290000000000228e-01 2.744880000000000098e-01 9.609450000000000491e-01 3.522900000000000337e-02 -9.615899999999999448e-01 2.743039999999999923e-01 1.005099999999999917e-02
1.400000000000000000e+01 1.600000000000000000e+01 2.100000000000000000e+01 0.000000000000000000e+00 1.600000000000000089e+00 -4.407999999999999592e-03 -1.327500000000000034e-02 9.999019999999999575e-01 3.003839999999999844e-01 9.537160000000000082e-01 1.398600000000000017e-02 -9.538079999999999892e-01 3.004169999999999896e-01 -2.159999999999999919e-04
2.000000000000000000e+01 1.600000000000000000e+01 2.100000000000000000e+01 0.000000000000000000e+00 1.600000000000000089e+00 -2.629599999999999993e-02 -1.108549999999999952e-01 9.934889999999999555e-01 3.326270000000000060e-01 9.362310000000000354e-01 1.132699999999999957e-01 -9.426919999999999744e-01 3.334389999999999854e-01 1.225399999999999927e-02
2.800000000000000000e+01 1.600000000000000000e+01 2.100000000000000000e+01 0.000000000000000000e+00 1.600000000000000089e+00 7.953999999999999265e-03 -2.465099999999999930e-02 9.996639999999999970e-01 3.390090000000000048e-01 9.405599999999999516e-01 2.049600000000000033e-02 -9.407489999999999464e-01 3.387330000000000063e-01 1.583800000000000138e-02
1.000000000000000000e+00 7.700000000000000000e+01 2.300000000000000000e+01 0.000000000000000000e+00 1.600000000000000089e+00 -2.135189999999999866e-01 9.555879999999999930e-01 2.031270000000000020e-01 -9.505000000000000115e-01 -1.551559999999999884e-01 -2.692149999999999821e-01 -2.257419999999999982e-01 -2.505550000000000277e-01 9.414150000000000018e-01
1.000000000000000000e+00 4.600000000000000000e+01 2.700000000000000000e+01 0.000000000000000000e+00 1.600000000000000089e+00 1.115900000000000052e-02 1.974400000000000113e-02 -9.997430000000000483e-01 6.502189999999999914e-01 7.594199999999999839e-01 2.225500000000000048e-02 7.596650000000000347e-01 -6.503010000000000179e-01 -4.363999999999999824e-03
8.000000000000000000e+00 4.600000000000000000e+01 2.700000000000000000e+01 0.000000000000000000e+00 1.600000000000000089e+00 -2.106999999999999932e-03 -9.471000000000000252e-03 -9.999529999999999808e-01 6.784329999999999528e-01 7.346150000000000180e-01 -8.387999999999999623e-03 7.346599999999999797e-01 -6.784179999999999655e-01 4.878000000000000391e-03
2.000000000000000000e+00 7.600000000000000000e+01 2.700000000000000000e+01 0.000000000000000000e+00 1.600000000000000089e+00 -2.462459999999999927e-01 9.571250000000000036e-01 1.525569999999999982e-01 -9.504380000000000051e-01 -2.076399999999999912e-01 -2.314170000000000116e-01 -1.898189999999999877e-01 -2.019809999999999939e-01 9.608189999999999786e-01
1.100000000000000000e+01 4.600000000000000000e+01 3.000000000000000000e+01 0.000000000000000000e+00 1.600000000000000089e+00 -2.469999999999999865e-04 -4.484000000000000138e-03 -9.999900000000000455e-01 3.250020000000000131e-01 9.457039999999999891e-01 -4.321000000000000188e-03 9.457130000000000258e-01 -3.250000000000000111e-01 1.224000000000000045e-03
3.000000000000000000e+01 5.000000000000000000e+00 3.100000000000000000e+01 0.000000000000000000e+00 1.600000000000000089e+00 1.631120000000000070e-01 -7.172209999999999974e-01 -6.774869999999999504e-01 -6.671789999999999665e-01 4.256849999999999801e-01 -6.112809999999999633e-01 7.268189999999999928e-01 5.517119999999999802e-01 -4.090809999999999724e-01
8.000000000000000000e+00 5.800000000000000000e+01 3.100000000000000000e+01 0.000000000000000000e+00 1.600000000000000089e+00 -1.303900000000000024e-02 9.954499999999999460e-02 9.949480000000000546e-01 -7.675220000000000375e-01 -6.387559999999999905e-01 5.384900000000000103e-02 6.408899999999999597e-01 -7.629420000000000091e-01 8.473200000000000176e-02
1.600000000000000000e+01 5.800000000000000000e+01 3.100000000000000000e+01 0.000000000000000000e+00 1.600000000000000089e+00 -7.780000000000000457e-04 -4.164000000000000166e-03 9.999909999999999632e-01 -7.754349999999999854e-01 -6.314199999999999813e-01 -3.232000000000000064e-03 6.314269999999999605e-01 -7.754299999999999526e-01 -2.737999999999999982e-03
2.100000000000000000e+01 5.800000000000000000e+01 3.100000000000000000e+01 0.000000000000000000e+00 1.600000000000000089e+00 5.107999999999999693e-03 6.228000000000000029e-03 9.999679999999999680e-01 -7.773280000000000189e-01 -6.290459999999999940e-01 7.889000000000000179e-03 6.290750000000000508e-01 -7.773430000000000062e-01 1.628000000000000107e-03
2.500000000000000000e+01 5.800000000000000000e+01 3.100000000000000000e+01 0.000000000000000000e+00 1.600000000000000089e+00 8.295000000000000290e-03 9.568999999999999381e-03 9.999200000000000310e-01 -7.773630000000000262e-01 -6.289280000000000426e-01 1.246799999999999992e-02 6.289970000000000283e-01 -7.774039999999999839e-01 2.222000000000000017e-03
2.900000000000000000e+01 5.800000000000000000e+01 3.100000000000000000e+01 0.000000000000000000e+00 1.600000000000000089e+00 5.019000000000000024e-03 2.272000000000000148e-03 9.999850000000000128e-01 -7.776340000000000474e-01 -6.286950000000000038e-01 5.331999999999999934e-03 6.286979999999999791e-01 -7.776490000000000347e-01 -1.387999999999999911e-03
3.000000000000000000e+00 7.500000000000000000e+01 3.100000000000000000e+01 0.000000000000000000e+00 1.600000000000000089e+00 -3.090849999999999986e-01 9.258859999999999868e-01 2.172590000000000077e-01 -9.316520000000000357e-01 -2.488930000000000031e-01 -2.647220000000000129e-01 -1.910280000000000034e-01 -2.842310000000000114e-01 9.395320000000000338e-01
2.800000000000000000e+01 5.000000000000000000e+00 3.200000000000000000e+01 0.000000000000000000e+00 1.600000000000000089e+00 1.483410000000000006e-01 -8.807989999999999986e-01 -4.496539999999999981e-01 -6.762620000000000298e-01 2.414100000000000135e-01 -6.959819999999999895e-01 7.215709999999999624e-01 4.073269999999999946e-01 -5.598400000000000043e-01
1.000000000000000000e+00 7.600000000000000000e+01 3.200000000000000000e+01 0.000000000000000000e+00 1.600000000000000089e+00 -3.837860000000000160e-01 9.038059999999999983e-01 1.893229999999999913e-01 -9.089829999999999854e-01 -3.336450000000000249e-01 -2.498620000000000008e-01 -1.626599999999999990e-01 -2.679849999999999732e-01 9.495919999999999916e-01
2.600000000000000000e+01 5.000000000000000000e+00 3.300000000000000000e+01 0.000000000000000000e+00 1.600000000000000089e+00 1.139280000000000015e-01 -9.732730000000000548e-01 -1.993999999999999939e-01 -6.942559999999999842e-01 6.557499999999999440e-02 -7.167339999999999822e-01 7.106540000000000079e-01 2.200910000000000089e-01 -6.682299999999999907e-01
5.000000000000000000e+00 5.600000000000000000e+01 3.300000000000000000e+01 0.000000000000000000e+00 1.600000000000000089e+00 1.205510000000000054e-01 1.614639999999999964e-01 -9.794880000000000253e-01 2.793550000000000200e-01 -9.523279999999999523e-01 -1.226050000000000056e-01 -9.525900000000000478e-01 -2.588449999999999918e-01 -1.599099999999999966e-01
2.800000000000000000e+01 2.300000000000000000e+01 3.400000000000000000e+01 0.000000000000000000e+00 1.600000000000000089e+00 4.778890000000000082e-01 4.741219999999999879e-01 7.394800000000000262e-01 -7.571010000000000240e-01 -2.045750000000000068e-01 6.204410000000000203e-01 4.454440000000000066e-01 -8.563629999999999853e-01 2.611939999999999817e-01
3.000000000000000000e+00 4.600000000000000000e+01 3.500000000000000000e+01 0.000000000000000000e+00 1.600000000000000089e+00 7.941999999999999407e-03 5.743800000000000294e-02 -9.983170000000000099e-01 3.827429999999999999e-01 -9.224989999999999579e-01 -5.003099999999999908e-02 -9.238210000000000033e-01 -3.817019999999999857e-01 -2.930999999999999925e-02
9.000000000000000000e+00 4.600000000000000000e+01 3.500000000000000000e+01 0.000000000000000000e+00 1.600000000000000089e+00 7.150000000000000322e-04 8.333000000000000129e-03 -9.999649999999999928e-01 3.902680000000000038e-01 -9.206720000000000459e-01 -7.393000000000000266e-03 -9.207009999999999916e-01 -3.902490000000000125e-01 -3.910000000000000281e-03
1.400000000000000000e+01 4.600000000000000000e+01 3.500000000000000000e+01 0.000000000000000000e+00 1.600000000000000089e+00 -2.020000000000000040e-04 7.849999999999999339e-03 -9.999689999999999968e-01 3.916859999999999786e-01 -9.200700000000000545e-01 -7.302000000000000331e-03 -9.200990000000000002e-01 -3.916760000000000241e-01 -2.889000000000000075e-03
2.100000000000000000e+01 4.600000000000000000e+01 3.500000000000000000e+01 0.000000000000000000e+00 1.600000000000000089e+00 3.350000000000000113e-04 1.933999999999999955e-03 -9.999980000000000535e-01 3.915159999999999751e-01 -9.201700000000000434e-01 -1.647999999999999942e-03 -9.201709999999999612e-01 -3.915139999999999731e-01 -1.064999999999999974e-03
2.600000000000000000e+01 4.600000000000000000e+01 3.500000000000000000e+01 0.000000000000000000e+00 1.600000000000000089e+00 2.089000000000000145e-03 -7.753999999999999608e-03 -9.999679999999999680e-01 3.895239999999999814e-01 -9.209819999999999673e-01 7.955999999999999531e-03 -9.210139999999999993e-01 -3.895279999999999854e-01 1.097000000000000102e-03
4.000000000000000000e+00 7.400000000000000000e+01 3.600000000000000000e+01 0.000000000000000000e+00 1.600000000000000089e+00 -3.959269999999999734e-01 8.747509999999999453e-01 2.793780000000000152e-01 -9.093560000000000532e-01 -3.311769999999999992e-01 -2.517789999999999750e-01 -1.277210000000000012e-01 -3.537399999999999989e-01 9.265830000000000455e-01
2.500000000000000000e+01 2.200000000000000000e+01 3.700000000000000000e+01 0.000000000000000000e+00 1.600000000000000089e+00 7.617260000000000142e-01 -3.468740000000000157e-01 5.472219999999999862e-01 -6.365100000000000202e-01 -2.429749999999999965e-01 7.319959999999999800e-01 -1.209490000000000010e-01 -9.058929999999999483e-01 -4.058689999999999798e-01
2.000000000000000000e+00 7.500000000000000000e+01 3.700000000000000000e+01 0.000000000000000000e+00 1.600000000000000089e+00 -4.725340000000000096e-01 8.499050000000000216e-01 2.331789999999999974e-01 -8.781609999999999694e-01 -4.317119999999999846e-01 -2.060520000000000129e-01 -7.445799999999999641e-02 -3.021360000000000157e-01 9.503530000000000033e-01
2.700000000000000000e+01 3.000000000000000000e+00 4.300000000000000000e+01 0.000000000000000000e+00 1.600000000000000089e+00 6.191999999999999588e-03 -7.978000000000000716e-03 -9.999489999999999768e-01 7.437000000000000277e-01 -6.684400000000000341e-01 9.938000000000000653e-03 -6.684849999999999959e-01 -7.437240000000000517e-01 1.794000000000000022e-03
2.200000000000000000e+01 2.500000000000000000e+01 4.300000000000000000e+01 0.000000000000000000e+00 1.600000000000000089e+00 1.488199999999999940e-02 -1.227400000000000019e-02 -9.998139999999999805e-01 8.416270000000000140e-01 5.400270000000000348e-01 5.897999999999999597e-03 5.398539999999999450e-01 -8.415580000000000283e-01 1.836700000000000138e-02
1.000000000000000000e+01 6.700000000000000000e+01 4.300000000000000000e+01 0.000000000000000000e+00 1.600000000000000089e+00 -3.020000000000000223e-04 2.408799999999999830e-02 -9.997099999999999875e-01 -4.521870000000000056e-01 8.916610000000000369e-01 2.162100000000000133e-02 8.919230000000000214e-01 4.520620000000000194e-01 1.062300000000000050e-02
2.200000000000000000e+01 2.400000000000000000e+01 4.400000000000000000e+01 0.000000000000000000e+00 1.600000000000000089e+00 1.862000000000000113e-02 1.589700000000000141e-02 -9.997000000000000330e-01 7.839819999999999567e-01 6.203009999999999913e-01 2.446600000000000164e-02 6.205039999999999445e-01 -7.842029999999999834e-01 -9.129999999999999661e-04
4.000000000000000000e+00 2.900000000000000000e+01 4.400000000000000000e+01 0.000000000000000000e+00 1.600000000000000089e+00 -1.704000000000000003e-03 5.092000000000000172e-03 -9.999860000000000415e-01 6.560949999999999838e-01 7.546730000000000382e-01 2.724999999999999992e-03 7.546760000000000135e-01 -6.560810000000000253e-01 -4.627000000000000036e-03
7.000000000000000000e+00 2.900000000000000000e+01 4.400000000000000000e+01 0.000000000000000000e+00 1.600000000000000089e+00 -1.794000000000000022e-03 4.828999999999999959e-03 -9.999869999999999592e-01 6.599899999999999656e-01 7.512699999999999934e-01 2.443999999999999992e-03 7.512720000000000509e-01 -6.599770000000000358e-01 -4.533999999999999836e-03
1.300000000000000000e+01 2.900000000000000000e+01 4.400000000000000000e+01 0.000000000000000000e+00 1.600000000000000089e+00 -6.310000000000000504e-04 -1.413999999999999892e-03 -9.999989999999999712e-01 6.610709999999999642e-01 7.503220000000000445e-01 -1.477999999999999930e-03 7.503229999999999622e-01 -6.610709999999999642e-01 4.609999999999999840e-04
1.600000000000000000e+01 2.900000000000000000e+01 4.400000000000000000e+01 0.000000000000000000e+00 1.600000000000000089e+00 -9.100000000000000016e-04 -3.027000000000000177e-03 -9.999949999999999672e-01 6.617210000000000036e-01 7.497449999999999948e-01 -2.871999999999999987e-03 7.497500000000000275e-01 -6.617199999999999749e-01 1.320999999999999909e-03
2.200000000000000000e+01 2.900000000000000000e+01 4.400000000000000000e+01 0.000000000000000000e+00 1.600000000000000089e+00 -3.494999999999999843e-03 -4.641300000000000286e-02 -9.989160000000000261e-01 6.345279999999999809e-01 7.719610000000000083e-01 -3.808799999999999686e-02 7.728920000000000234e-01 -6.339730000000000087e-01 2.675200000000000147e-02
2.400000000000000000e+01 2.900000000000000000e+01 4.400000000000000000e+01 0.000000000000000000e+00 1.600000000000000089e+00 -4.567800000000000332e-02 -1.800059999999999993e-01 -9.826040000000000330e-01 6.562440000000000495e-01 7.362030000000000518e-01 -1.653739999999999932e-01 7.531649999999999734e-01 -6.523820000000000174e-01 8.450000000000000566e-02
8.000000000000000000e+00 6.900000000000000000e+01 4.700000000000000000e+01 0.000000000000000000e+00 1.600000000000000089e+00 -9.639599999999999558e-02 -1.791169999999999984e-01 -9.790940000000000198e-01 -9.918029999999999902e-01 -6.559900000000000453e-02 1.096479999999999955e-01 -8.386799999999999811e-02 9.816380000000000106e-01 -1.713250000000000051e-01
4.000000000000000000e+00 5.800000000000000000e+01 4.800000000000000000e+01 0.000000000000000000e+00 1.600000000000000089e+00 -2.822140000000000204e-01 4.963020000000000209e-01 -8.209990000000000343e-01 -1.565960000000000130e-01 -8.681389999999999940e-01 -4.709690000000000265e-01 -9.464839999999999920e-01 -4.348999999999999568e-03 3.227200000000000069e-01
1.100000000000000000e+01 6.800000000000000000e+01 4.800000000000000000e+01 0.000000000000000000e+00 1.600000000000000089e+00 -2.905299999999999896e-02 -1.578019999999999978e-01 -9.870430000000000037e-01 -9.688909999999999467e-01 -2.383510000000000073e-01 6.662400000000000266e-02 -2.457759999999999945e-01 9.582730000000000414e-01 -1.459679999999999866e-01
1.500000000000000000e+01 6.100000000000000000e+01 4.900000000000000000e+01 0.000000000000000000e+00 1.600000000000000089e+00 -1.216700000000000073e-02 -2.590000000000000071e-04 9.999259999999999815e-01 -6.426520000000000010e-01 7.661200000000000232e-01 -7.621000000000000170e-03 -7.660609999999999919e-01 -6.426969999999999628e-01 -9.487999999999999906e-03
1.600000000000000000e+01 7.100000000000000000e+01 4.900000000000000000e+01 0.000000000000000000e+00 1.600000000000000089e+00 -3.946470000000000256e-01 8.801130000000000342e-01 2.639230000000000187e-01 -9.058669999999999778e-01 -3.245979999999999976e-01 -2.721049999999999858e-01 -1.538140000000000063e-01 -3.464639999999999942e-01 9.253670000000000506e-01
8.000000000000000000e+00 5.000000000000000000e+00 5.100000000000000000e+01 0.000000000000000000e+00 1.600000000000000089e+00 -1.121000000000000035e-03 -2.959999999999999849e-04 -9.999989999999999712e-01 4.829220000000000179e-01 -8.756629999999999692e-01 -2.820000000000000241e-04 -8.756620000000000514e-01 -4.829220000000000179e-01 1.123999999999999999e-03
1.200000000000000000e+01 5.000000000000000000e+00 5.100000000000000000e+01 0.000000000000000000e+00 1.600000000000000089e+00 -4.581000000000000003e-03 -2.602999999999999845e-03 -9.999860000000000415e-01 4.865010000000000168e-01 -8.736800000000000122e-01 4.500000000000000283e-05 -8.736680000000000001e-01 -4.864939999999999820e-01 5.268000000000000113e-03
2.500000000000000000e+01 6.000000000000000000e+00 5.100000000000000000e+01 0.000000000000000000e+00 1.600000000000000089e+00 -7.172999999999999689e-03 -5.742999999999999841e-03 -9.999580000000000135e-01 3.319650000000000101e-01 -9.432869999999999866e-01 3.037000000000000203e-03 -9.432639999999999914e-01 -3.319300000000000028e-01 8.673000000000000154e-03
1.000000000000000000e+00 1.150000000000000000e+02 5.100000000000000000e+01 0.000000000000000000e+00 1.600000000000000089e+00 -1.188200000000000020e-02 3.644999999999999803e-03 9.999230000000000063e-01 8.508820000000000272e-01 -5.252200000000000202e-01 1.202499999999999923e-02 5.252229999999999954e-01 8.509590000000000209e-01 3.138999999999999863e-03
4.000000000000000000e+00 1.150000000000000000e+02 5.100000000000000000e+01 0.000000000000000000e+00 1.600000000000000089e+00 -9.610000000000000486e-03 1.694299999999999973e-02 9.998099999999999765e-01 8.511300000000000532e-01 -5.246779999999999777e-01 1.707200000000000037e-02 5.248669999999999725e-01 8.511319999999999997e-01 -9.379000000000000184e-03
1.400000000000000000e+01 6.300000000000000000e+01 5.400000000000000000e+01 0.000000000000000000e+00 1.600000000000000089e+00 1.064900000000000048e-02 3.572499999999999981e-02 9.993049999999999988e-01 -1.843200000000000116e-01 9.823070000000000412e-01 -3.315300000000000191e-02 -9.828090000000000437e-01 -1.838390000000000024e-01 1.704599999999999865e-02
1.600000000000000000e+01 6.300000000000000000e+01 5.400000000000000000e+01 0.000000000000000000e+00 1.600000000000000089e+00 5.584000000000000422e-03 3.908199999999999869e-02 9.992199999999999971e-01 -1.986189999999999900e-01 9.793709999999999916e-01 -3.719599999999999990e-02 -9.800609999999999600e-01 -1.982559999999999878e-01 1.323099999999999971e-02
2.300000000000000000e+01 6.300000000000000000e+01 5.400000000000000000e+01 0.000000000000000000e+00 1.600000000000000089e+00 -6.478000000000000251e-03 -3.890000000000000228e-04 9.999789999999999512e-01 -3.453970000000000096e-01 9.384550000000000392e-01 -1.873000000000000099e-03 -9.384339999999999904e-01 -3.454019999999999868e-01 -6.213999999999999906e-03
2.600000000000000000e+01 6.300000000000000000e+01 5.400000000000000000e+01 0.000000000000000000e+00 1.600000000000000089e+00 1.362700000000000022e-02 1.098099999999999944e-02 9.998470000000000413e-01 -3.281569999999999765e-01 9.446050000000000280e-01 -5.902000000000000128e-03 -9.445249999999999480e-01 -3.280259999999999843e-01 1.647600000000000106e-02
9.000000000000000000e+00 7.100000000000000000e+01 5.400000000000000000e+01 0.000000000000000000e+00 1.600000000000000089e+00 -2.283219999999999972e-01 6.246399999999999730e-01 7.467890000000000361e-01 -9.621709999999999985e-01 -2.765899999999999956e-02 -2.710369999999999724e-01 -1.486449999999999994e-01 -7.804229999999999778e-01 6.073260000000000325e-01
1.600000000000000000e+01 7.500000000000000000e+01 5.400000000000000000e+01 0.000000000000000000e+00 1.600000000000000089e+00 -5.237359999999999793e-01 -1.601269999999999916e-01 8.366959999999999953e-01 -8.347999999999999865e-01 -9.922100000000000364e-02 -5.415379999999999638e-01 1.697329999999999950e-01 -9.820969999999999978e-01 -8.170800000000000285e-02
5.000000000000000000e+00 2.500000000000000000e+01 5.500000000000000000e+01 0.000000000000000000e+00 1.600000000000000089e+00 1.200000000000000030e-04 9.340000000000000429e-04 -1.000000000000000000e+00 -7.271999999999999818e-03 -9.999730000000000008e-01 -9.349999999999999587e-04 -9.999740000000000295e-01 7.271999999999999818e-03 -1.129999999999999955e-04
7.000000000000000000e+00 2.500000000000000000e+01 5.500000000000000000e+01 0.000000000000000000e+00 1.600000000000000089e+00 6.809999999999999647e-04 -2.900000000000000017e-04 -1.000000000000000000e+00 -7.138000000000000247e-03 -9.999740000000000295e-01 2.849999999999999886e-04 -9.999740000000000295e-01 7.138000000000000247e-03 -6.830000000000000134e-04
1.100000000000000000e+01 2.500000000000000000e+01 5.500000000000000000e+01 0.000000000000000000e+00 1.600000000000000089e+00 1.800000000000000046e-05 -4.054999999999999577e-03 -9.999919999999999920e-01 -8.118000000000000216e-03 -9.999590000000000423e-01 4.054999999999999577e-03 -9.999670000000000503e-01 8.118000000000000216e-03 -5.099999999999999960e-05
1.900000000000000000e+01 2.500000000000000000e+01 5.500000000000000000e+01 0.000000000000000000e+00 1.600000000000000089e+00 1.193000000000000050e-03 9.479999999999999495e-04 -9.999989999999999712e-01 -1.256900000000000031e-02 -9.999209999999999487e-01 -9.629999999999999888e-04 -9.999200000000000310e-01 1.256999999999999958e-02 -1.180999999999999975e-03
2.300000000000000000e+01 2.500000000000000000e+01 5.500000000000000000e+01 0.000000000000000000e+00 1.600000000000000089e+00 -8.720000000000000537e-04 -7.960000000000000495e-04 -9.999989999999999712e-01 -1.096899999999999958e-02 -9.999400000000000510e-01 8.059999999999999673e-04 -9.999390000000000223e-01 1.097000000000000058e-02 8.630000000000000518e-04
3.000000000000000000e+01 2.500000000000000000e+01 5.500000000000000000e+01 0.000000000000000000e+00 1.600000000000000089e+00 -4.052000000000000046e-03 4.240000000000000062e-04 -9.999919999999999920e-01 -1.253800000000000053e-02 -9.999209999999999487e-01 -3.739999999999999835e-04 -9.999130000000000518e-01 1.253699999999999953e-02 4.056999999999999842e-03
9.000000000000000000e+00 8.500000000000000000e+01 5.500000000000000000e+01 0.000000000000000000e+00 1.600000000000000089e+00 8.205600000000000394e-02 -3.963619999999999921e-01 -9.144200000000000106e-01 8.177470000000000017e-01 -4.976990000000000025e-01 2.891119999999999801e-01 -5.696989999999999554e-01 -7.714879999999999516e-01 2.832850000000000090e-01
7.000000000000000000e+00 6.600000000000000000e+01 5.700000000000000000e+01 0.000000000000000000e+00 1.600000000000000089e+00 -8.314999999999999475e-03 5.155279999999999863e-01 8.568320000000000380e-01 -2.198309999999999986e-01 8.349569999999999492e-01 -5.044999999999999485e-01 -9.755030000000000090e-01 -1.925530000000000019e-01 1.063869999999999955e-01
2.700000000000000000e+01 6.700000000000000000e+01 5.700000000000000000e+01 0.000000000000000000e+00 1.600000000000000089e+00 -3.076800000000000021e-02 9.748900000000000343e-01 2.205529999999999990e-01 -2.645759999999999779e-01 2.048429999999999973e-01 -9.423580000000000290e-01 -9.638740000000000085e-01 -8.734699999999999409e-02 2.516300000000000203e-01
2.000000000000000000e+00 2.100000000000000000e+01 6.000000000000000000e+01 0.000000000000000000e+00 1.600000000000000089e+00 -3.154000000000000119e-03 -9.971000000000000696e-03 9.999449999999999728e-01 -9.673900000000000554e-02 9.952630000000000088e-01 9.620000000000000079e-03 -9.953049999999999953e-01 -9.670399999999999829e-02 -4.104000000000000009e-03
7.000000000000000000e+00 2.100000000000000000e+01 6.000000000000000000e+01 0.000000000000000000e+00 1.600000000000000089e+00 -8.599999999999999789e-04 -3.997999999999999818e-03 9.999919999999999920e-01 -9.701999999999999513e-02 9.952750000000000208e-01 3.896000000000000157e-03 -9.952820000000000000e-01 -9.701600000000000501e-02 -1.244000000000000097e-03
1.600000000000000000e+01 2.100000000000000000e+01 6.000000000000000000e+01 0.000000000000000000e+00 1.600000000000000089e+00 2.925000000000000083e-03 -1.757000000000000098e-03 9.999940000000000495e-01 -9.468400000000000427e-02 9.955049999999999732e-01 2.026000000000000023e-03 -9.955030000000000268e-01 -9.468899999999999539e-02 2.745000000000000044e-03
2.700000000000000000e+01 2.100000000000000000e+01 6.000000000000000000e+01 0.000000000000000000e+00 1.600000000000000089e+00 -4.670000000000000214e-04 -4.249000000000000173e-03 9.999909999999999632e-01 -9.785000000000000642e-02 9.951919999999999655e-01 4.183000000000000086e-03 -9.952010000000000023e-01 -9.784700000000000342e-02 -8.809999999999999472e-04
