2.000000000000000000e+00 1.500000000000000000e+01 4.000000000000000000e+00 0.000000000000000000e+00 1.600000000000000089e+00 2.118000000000000091e-03 1.252400000000000041e-02 9.999190000000000023e-01 2.709719999999999906e-01 -9.625190000000000135e-01 1.148199999999999915e-02 9.625850000000000239e-01 2.709260000000000002e-01 -5.432000000000000196e-03
6.000000000000000000e+00 1.500000000000000000e+01 4.000000000000000000e+00 0.000000000000000000e+00 1.600000000000000089e+00 -1.853999999999999962e-03 6.675999999999999643e-03 9.999759999999999760e-01 2.733860000000000179e-01 -9.618790000000000395e-01 6.929000000000000263e-03 9.619029999999999525e-01 2.733920000000000239e-01 -4.199999999999999768e-05
2.600000000000000000e+01 1.500000000000000000e+01 4.000000000000000000e+00 0.000000000000000000e+00 1.600000000000000089e+00 2.481000000000000132e-03 9.270999999999999727e-03 9.999540000000000095e-01 2.886819999999999942e-01 -9.573899999999999633e-01 8.160000000000000586e-03 9.574219999999999953e-01 2.886480000000000157e-01 -5.050999999999999934e-03
1.700000000000000000e+01 1.600000000000000000e+01 4.000000000000000000e+00 0.000000000000000000e+00 1.600000000000000089e+00 7.301000000000000198e-03 -1.187299999999999987e-02 9.999029999999999863e-01 3.410020000000000273e-01 -9.399640000000000217e-01 -1.365099999999999994e-02 9.400340000000000362e-01 3.410679999999999823e-01 -2.814000000000000095e-03
1.500000000000000000e+01 1.010000000000000000e+02 7.000000000000000000e+00 0.000000000000000000e+00 1.600000000000000089e+00 9.240000000000000166e-04 -1.286000000000000034e-03 9.999989999999999712e-01 8.838780000000000525e-01 4.677180000000000226e-01 -2.149999999999999947e-04 -4.677180000000000226e-01 8.838770000000000238e-01 1.569000000000000082e-03
2.700000000000000000e+01 1.010000000000000000e+02 7.000000000000000000e+00 0.000000000000000000e+00 1.600000000000000089e+00 -1.479000000000000063e-03 -1.485799999999999968e-02 9.998890000000000278e-01 8.862649999999999695e-01 4.631069999999999909e-01 8.191999999999999629e-03 -4.631770000000000054e-01 8.861780000000000213e-01 1.248299999999999930e-02
2.000000000000000000e+00 1.500000000000000000e+01 8.000000000000000000e+00 0.000000000000000000e+00 1.600000000000000089e+00 7.619999999999999820e-04 9.679000000000000103e-03 -9.999529999999999808e-01 -5.801420000000000465e-01 -8.144719999999999738e-01 -8.325000000000000802e-03 -8.145149999999999890e-01 5.801220000000000265e-01 4.995000000000000308e-03
5.000000000000000000e+00 1.500000000000000000e+01 8.000000000000000000e+00 0.000000000000000000e+00 1.600000000000000089e+00 1.696999999999999941e-03 6.146000000000000421e-03 -9.999799999999999800e-01 -5.792920000000000291e-01 -8.150979999999999892e-01 -5.993000000000000063e-03 -8.151180000000000092e-01 5.792899999999999716e-01 2.177000000000000116e-03
9.000000000000000000e+00 1.500000000000000000e+01 8.000000000000000000e+00 0.000000000000000000e+00 1.600000000000000089e+00 9.740000000000000394e-04 -4.961000000000000132e-03 -9.999869999999999592e-01 -5.776780000000000248e-01 -8.162570000000000103e-01 3.487000000000000082e-03 -8.162639999999999896e-01 5.776679999999999593e-01 -3.661000000000000192e-03
1.200000000000000000e+01 1.500000000000000000e+01 8.000000000000000000e+00 0.000000000000000000e+00 1.600000000000000089e+00 -2.981000000000000143e-03 -9.983999999999999819e-03 -9.999460000000000015e-01 -5.779680000000000373e-01 -8.159999999999999476e-01 9.870999999999999566e-03 -8.160539999999999461e-01 5.779659999999999798e-01 -3.337999999999999821e-03
1.700000000000000000e+01 1.500000000000000000e+01 8.000000000000000000e+00 0.000000000000000000e+00 1.600000000000000089e+00 -8.214000000000000815e-03 -1.331700000000000071e-02 -9.998780000000000445e-01 -5.828100000000000502e-01 -8.124580000000000135e-01 1.560899999999999961e-02 -8.125670000000000393e-01 5.828670000000000240e-01 -1.087999999999999991e-03
2.300000000000000000e+01 1.500000000000000000e+01 8.000000000000000000e+00 0.000000000000000000e+00 1.600000000000000089e+00 -2.158000000000000196e-03 2.489999999999999809e-04 -9.999980000000000535e-01 -5.852220000000000200e-01 -8.108729999999999549e-01 1.061000000000000094e-03 -8.108699999999999797e-01 5.852230000000000487e-01 1.894999999999999983e-03
2.800000000000000000e+01 1.500000000000000000e+01 8.000000000000000000e+00 0.000000000000000000e+00 1.600000000000000089e+00 9.579999999999999757e-04 6.747999999999999658e-03 -9.999770000000000048e-01 -5.843159999999999465e-01 -8.115040000000000031e-01 -6.035999999999999699e-03 -8.115259999999999696e-01 5.843080000000000496e-01 3.164999999999999845e-03
9.000000000000000000e+00 2.600000000000000000e+01 8.000000000000000000e+00 0.000000000000000000e+00 1.600000000000000089e+00 5.180000000000000143e-04 6.290000000000000018e-04 -1.000000000000000000e+00 4.106110000000000038e-01 9.118100000000000094e-01 7.860000000000000233e-04 9.118100000000000094e-01 -4.106119999999999770e-01 2.139999999999999975e-04
1.600000000000000000e+01 2.600000000000000000e+01 8.000000000000000000e+00 0.000000000000000000e+00 1.600000000000000089e+00 5.846999999999999767e-03 1.150699999999999987e-02 -9.999169999999999447e-01 4.085449999999999915e-01 9.126469999999999860e-01 1.289200000000000068e-02 9.127189999999999470e-01 -4.085860000000000047e-01 6.350000000000000392e-04
2.100000000000000000e+01 2.600000000000000000e+01 8.000000000000000000e+00 0.000000000000000000e+00 1.600000000000000089e+00 3.959999999999999978e-03 8.229999999999999469e-03 -9.999580000000000135e-01 4.068240000000000189e-01 9.134609999999999674e-01 9.128999999999999962e-03 9.134980000000000322e-01 -4.068430000000000102e-01 2.689999999999999791e-04
2.600000000000000000e+01 2.600000000000000000e+01 8.000000000000000000e+00 0.000000000000000000e+00 1.600000000000000089e+00 1.562000000000000020e-03 6.301000000000000177e-03 -9.999789999999999512e-01 4.045900000000000052e-01 9.144759999999999556e-01 6.394000000000000378e-03 9.144970000000000043e-01 -4.045920000000000072e-01 -1.121000000000000035e-03
6.000000000000000000e+00 2.400000000000000000e+01 9.000000000000000000e+00 0.000000000000000000e+00 1.600000000000000089e+00 -5.460000000000000443e-04 -3.834999999999999867e-03 -9.999919999999999920e-01 4.622569999999999735e-01 8.867380000000000262e-01 -3.652999999999999997e-03 8.867460000000000342e-01 -4.622560000000000002e-01 1.288999999999999998e-03
9.000000000000000000e+00 2.400000000000000000e+01 9.000000000000000000e+00 0.000000000000000000e+00 1.600000000000000089e+00 5.140000000000000254e-04 2.001000000000000174e-03 -9.999980000000000535e-01 4.626720000000000277e-01 8.865269999999999539e-01 2.011999999999999900e-03 8.865290000000000115e-01 -4.626720000000000277e-01 -4.710000000000000102e-04
1.500000000000000000e+01 2.400000000000000000e+01 9.000000000000000000e+00 0.000000000000000000e+00 1.600000000000000089e+00 5.692000000000000011e-03 9.405999999999999431e-03 -9.999400000000000510e-01 4.599739999999999940e-01 8.878639999999999866e-01 1.097000000000000058e-02 8.879139999999999810e-01 -4.600090000000000012e-01 7.269999999999999987e-04
9.000000000000000000e+00 1.040000000000000000e+02 1.100000000000000000e+01 0.000000000000000000e+00 1.600000000000000089e+00 2.739999999999999923e-04 -3.993000000000000022e-03 9.999919999999999920e-01 -9.725530000000000008e-01 -2.326799999999999979e-01 -6.620000000000000450e-04 2.326809999999999989e-01 -9.725449999999999928e-01 -3.946999999999999988e-03
1.700000000000000000e+01 1.040000000000000000e+02 1.100000000000000000e+01 0.000000000000000000e+00 1.600000000000000089e+00 -2.190000000000000106e-03 4.527999999999999907e-03 9.999869999999999592e-01 -9.737930000000000197e-01 -2.274349999999999983e-01 -1.103000000000000031e-03 2.274269999999999903e-01 -9.737829999999999542e-01 4.908000000000000036e-03
2.000000000000000000e+00 3.100000000000000000e+01 1.200000000000000000e+01 0.000000000000000000e+00 1.600000000000000089e+00 1.386999999999999995e-03 3.330000000000000169e-04 9.999989999999999712e-01 -5.203000000000000159e-03 9.999860000000000415e-01 -3.260000000000000094e-04 -9.999860000000000415e-01 -5.203000000000000159e-03 1.389000000000000044e-03
6.000000000000000000e+00 3.100000000000000000e+01 1.200000000000000000e+01 0.000000000000000000e+00 1.600000000000000089e+00 2.700000000000000035e-04 2.668999999999999932e-03 9.999959999999999960e-01 -1.307999999999999918e-03 9.999959999999999960e-01 -2.668999999999999932e-03 -9.999989999999999712e-01 -1.307999999999999918e-03 2.730000000000000222e-04
1.300000000000000000e+01 3.100000000000000000e+01 1.200000000000000000e+01 0.000000000000000000e+00 1.600000000000000089e+00 -8.300000000000000086e-04 5.021000000000000289e-03 9.999869999999999592e-01 4.572999999999999808e-03 9.999770000000000048e-01 -5.017999999999999891e-03 -9.999890000000000168e-01 4.569000000000000145e-03 -8.530000000000000256e-04
2.000000000000000000e+01 3.100000000000000000e+01 1.200000000000000000e+01 0.000000000000000000e+00 1.600000000000000089e+00 4.350000000000000026e-04 6.000000000000000152e-05 1.000000000000000000e+00 7.296000000000000402e-03 9.999730000000000008e-01 -6.399999999999999710e-05 -9.999730000000000008e-01 7.296000000000000402e-03 4.339999999999999782e-04
2.500000000000000000e+01 3.100000000000000000e+01 1.200000000000000000e+01 0.000000000000000000e+00 1.600000000000000089e+00 2.213000000000000123e-03 2.517999999999999839e-03 9.999940000000000495e-01 8.902000000000000191e-03 9.999569999999999848e-01 -2.537999999999999892e-03 -9.999580000000000135e-01 8.907999999999999252e-03 2.190000000000000106e-03
7.000000000000000000e+00 1.200000000000000000e+01 1.500000000000000000e+01 0.000000000000000000e+00 1.600000000000000089e+00 1.294999999999999927e-03 4.098000000000000080e-03 -9.999909999999999632e-01 -4.738609999999999767e-01 -8.805899999999999839e-01 -4.223000000000000191e-03 -8.805990000000000206e-01 4.738620000000000054e-01 8.009999999999999542e-04
1.200000000000000000e+01 1.200000000000000000e+01 1.500000000000000000e+01 0.000000000000000000e+00 1.600000000000000089e+00 -2.227999999999999946e-03 -3.246000000000000187e-03 -9.999919999999999920e-01 -4.713430000000000120e-01 -8.819409999999999750e-01 3.912999999999999812e-03 -8.819470000000000365e-01 4.713479999999999892e-01 4.350000000000000026e-04
1.600000000000000000e+01 1.200000000000000000e+01 1.500000000000000000e+01 0.000000000000000000e+00 1.600000000000000089e+00 -5.890000000000000270e-03 -3.017000000000000150e-03 -9.999780000000000335e-01 -4.691270000000000162e-01 -8.831139999999999546e-01 5.427000000000000400e-03 -8.831109999999999793e-01 4.691489999999999827e-01 3.785999999999999869e-03
2.300000000000000000e+01 1.200000000000000000e+01 1.500000000000000000e+01 0.000000000000000000e+00 1.600000000000000089e+00 -1.667000000000000079e-03 -7.231999999999999713e-03 -9.999719999999999720e-01 -4.698269999999999946e-01 -8.827289999999999859e-01 7.167999999999999892e-03 -8.827570000000000139e-01 4.698260000000000214e-01 -1.925999999999999978e-03
3.000000000000000000e+01 1.200000000000000000e+01 1.500000000000000000e+01 0.000000000000000000e+00 1.600000000000000089e+00 2.906999999999999862e-03 6.354000000000000273e-03 -9.999759999999999760e-01 -4.694670000000000232e-01 -8.829230000000000134e-01 -6.975000000000000297e-03 -8.829449999999999799e-01 4.694749999999999757e-01 4.159999999999999744e-04
2.900000000000000000e+01 1.160000000000000000e+02 1.600000000000000000e+01 0.000000000000000000e+00 1.600000000000000089e+00 -8.050000000000000515e-04 -6.409999999999999682e-04 9.999989999999999712e-01 6.863050000000000539e-01 7.273129999999999873e-01 1.018000000000000025e-03 -7.273140000000000160e-01 6.863050000000000539e-01 -1.450000000000000009e-04
4.000000000000000000e+00 2.000000000000000000e+00 1.900000000000000000e+01 0.000000000000000000e+00 1.600000000000000089e+00 1.512000000000000106e-03 3.354999999999999909e-03 -9.999930000000000208e-01 1.650079999999999880e-01 -9.862880000000000535e-01 -3.059999999999999786e-03 -9.862910000000000288e-01 -1.650020000000000098e-01 -2.044999999999999943e-03
7.000000000000000000e+00 2.000000000000000000e+00 1.900000000000000000e+01 0.000000000000000000e+00 1.600000000000000089e+00 2.588000000000000023e-03 -8.369999999999999619e-04 -9.999959999999999960e-01 1.647810000000000108e-01 -9.863290000000000113e-01 1.252000000000000075e-03 -9.863269999999999538e-01 -1.647830000000000128e-01 -2.415000000000000046e-03
9.000000000000000000e+00 2.000000000000000000e+00 1.900000000000000000e+01 0.000000000000000000e+00 1.600000000000000089e+00 1.195000000000000099e-03 -1.044999999999999922e-03 -9.999989999999999712e-01 1.652470000000000050e-01 -9.862509999999999888e-01 1.229000000000000058e-03 -9.862509999999999888e-01 -1.652490000000000070e-01 -1.005999999999999950e-03
1.300000000000000000e+01 2.000000000000000000e+00 1.900000000000000000e+01 0.000000000000000000e+00 1.600000000000000089e+00 -1.863999999999999988e-03 -3.559000000000000098e-03 -9.999919999999999920e-01 1.695160000000000000e-01 -9.855220000000000091e-01 3.191999999999999959e-03 -9.855260000000000131e-01 -1.695089999999999930e-01 2.439999999999999895e-03
2.700000000000000000e+01 2.000000000000000000e+00 1.900000000000000000e+01 0.000000000000000000e+00 1.600000000000000089e+00 2.393000000000000162e-03 5.789999999999999791e-04 -9.999970000000000248e-01 1.835729999999999862e-01 -9.830060000000000464e-01 -1.299999999999999886e-04 -9.830029999999999601e-01 -1.835720000000000129e-01 -2.458999999999999814e-03
3.000000000000000000e+00 4.000000000000000000e+00 2.000000000000000000e+01 0.000000000000000000e+00 1.600000000000000089e+00 2.629999999999999959e-04 3.513000000000000064e-03 -9.999940000000000495e-01 2.532690000000000219e-01 -9.673899999999999721e-01 -3.331999999999999892e-03 -9.673960000000000337e-01 -2.532670000000000199e-01 -1.144000000000000052e-03
8.000000000000000000e+00 4.000000000000000000e+00 2.000000000000000000e+01 0.000000000000000000e+00 1.600000000000000089e+00 2.629999999999999959e-03 1.858999999999999975e-03 -9.999949999999999672e-01 2.567579999999999862e-01 -9.664749999999999730e-01 -1.121000000000000035e-03 -9.664719999999999978e-01 -2.567530000000000090e-01 -3.018999999999999982e-03
1.500000000000000000e+01 4.000000000000000000e+00 2.000000000000000000e+01 0.000000000000000000e+00 1.600000000000000089e+00 1.126999999999999964e-03 -9.272999999999999993e-03 -9.999559999999999560e-01 2.678579999999999850e-01 -9.634139999999999926e-01 9.235999999999999419e-03 -9.634580000000000366e-01 -2.678570000000000118e-01 1.397999999999999937e-03
2.200000000000000000e+01 4.000000000000000000e+00 2.000000000000000000e+01 0.000000000000000000e+00 1.600000000000000089e+00 2.053999999999999836e-03 3.101000000000000024e-03 -9.999930000000000208e-01 2.744079999999999853e-01 -9.616099999999999648e-01 -2.418000000000000010e-03 -9.616109999999999935e-01 -2.744010000000000060e-01 -2.825999999999999953e-03
1.000000000000000000e+00 1.300000000000000000e+01 2.000000000000000000e+01 0.000000000000000000e+00 1.600000000000000089e+00 -1.299999999999999920e-05 7.243999999999999571e-03 9.999740000000000295e-01 2.576019999999999976e-01 9.662260000000000293e-01 -6.995999999999999615e-03 -9.662509999999999710e-01 2.575950000000000184e-01 -1.879000000000000028e-03
6.000000000000000000e+00 1.300000000000000000e+01 2.000000000000000000e+01 0.000000000000000000e+00 1.600000000000000089e+00 3.249999999999999851e-04 8.530000000000000256e-04 1.000000000000000000e+00 2.557800000000000074e-01 9.667350000000000110e-01 -9.079999999999999530e-04 -9.667350000000000110e-01 2.557800000000000074e-01 9.600000000000000243e-05
1.400000000000000000e+01 1.300000000000000000e+01 2.000000000000000000e+01 0.000000000000000000e+00 1.600000000000000089e+00 -1.019999999999999992e-04 8.307999999999999413e-03 9.999649999999999928e-01 2.590290000000000092e-01 9.658360000000000278e-01 -7.997999999999999901e-03 -9.658689999999999776e-01 2.590199999999999725e-01 -2.249999999999999830e-03
2.000000000000000000e+01 1.300000000000000000e+01 2.000000000000000000e+01 0.000000000000000000e+00 1.600000000000000089e+00 -1.730000000000000038e-04 3.373999999999999829e-03 9.999940000000000495e-01 2.597479999999999789e-01 9.656709999999999461e-01 -3.213000000000000144e-03 -9.656759999999999788e-01 2.597459999999999769e-01 -1.044000000000000006e-03
2.300000000000000000e+01 1.300000000000000000e+01 2.000000000000000000e+01 0.000000000000000000e+00 1.600000000000000089e+00 3.009999999999999980e-04 -4.227999999999999987e-03 9.999909999999999632e-01 2.598039999999999794e-01 9.656529999999999836e-01 4.003999999999999747e-03 -9.656609999999999916e-01 2.597999999999999754e-01 1.389000000000000044e-03
6.000000000000000000e+00 1.600000000000000000e+01 2.100000000000000000e+01 0.000000000000000000e+00 1.600000000000000089e+00 -1.100000000000000039e-04 2.367999999999999879e-03 9.999970000000000248e-01 2.973219999999999752e-01 9.547750000000000403e-01 -2.227999999999999946e-03 -9.547769999999999868e-01 2.973210000000000020e-01 -8.090000000000000403e-04
1.500000000000000000e+01 1.600000000000000000e+01 2.100000000000000000e+01 0.000000000000000000e+00 1.600000000000000089e+00 4.009999999999999893e-04 9.405000000000000165e-03 9.999559999999999560e-01 2.982739999999999836e-01 9.544369999999999798e-01 -9.095999999999999919e-03 -9.544799999999999951e-01 2.982650000000000023e-01 -2.422999999999999807e-03
2.000000000000000000e+01 1.600000000000000000e+01 2.100000000000000000e+01 0.000000000000000000e+00 1.600000000000000089e+00 1.420000000000000092e-04 4.373000000000000151e-03 9.999900000000000455e-01 2.991530000000000022e-01 9.541960000000000441e-01 -4.214999999999999997e-03 -9.542049999999999699e-01 2.991510000000000002e-01 -1.172999999999999998e-03
2.900000000000000000e+01 1.600000000000000000e+01 2.100000000000000000e+01 0.000000000000000000e+00 1.600000000000000089e+00 -1.528999999999999977e-03 -2.567999999999999970e-03 9.999959999999999960e-01 2.989979999999999860e-01 9.542490000000000139e-01 2.907999999999999995e-03 -9.542519999999999891e-01 2.990010000000000168e-01 -6.909999999999999910e-04
1.800000000000000000e+01 4.600000000000000000e+01 2.700000000000000000e+01 0.000000000000000000e+00 1.600000000000000089e+00 3.937000000000000395e-03 1.786000000000000044e-03 -9.999909999999999632e-01 6.768579999999999597e-01 7.361020000000000341e-01 3.980000000000000031e-03 7.361029999999999518e-01 -6.768680000000000252e-01 1.688999999999999963e-03
4.000000000000000000e+00 5.800000000000000000e+01 3.100000000000000000e+01 0.000000000000000000e+00 1.600000000000000089e+00 -2.733999999999999885e-03 -5.349999999999999938e-04 9.999959999999999960e-01 -7.904400000000000315e-01 -6.125350000000000517e-01 -2.488999999999999893e-03 6.125340000000000229e-01 -7.904440000000000355e-01 1.250999999999999942e-03
8.000000000000000000e+00 5.800000000000000000e+01 3.100000000000000000e+01 0.000000000000000000e+00 1.600000000000000089e+00 2.059999999999999928e-04 -2.187999999999999841e-03 9.999980000000000535e-01 -7.926750000000000185e-01 -6.096430000000000460e-01 -1.170999999999999949e-03 6.096439999999999637e-01 -7.926729999999999610e-01 -1.860000000000000108e-03
1.200000000000000000e+01 5.800000000000000000e+01 3.100000000000000000e+01 0.000000000000000000e+00 1.600000000000000089e+00 -6.170000000000000354e-04 2.137000000000000011e-03 9.999970000000000248e-01 -7.961650000000000116e-01 -6.050790000000000335e-01 8.009999999999999542e-04 6.050790000000000335e-01 -7.961629999999999541e-01 2.075000000000000022e-03
1.600000000000000000e+01 5.800000000000000000e+01 3.100000000000000000e+01 0.000000000000000000e+00 1.600000000000000089e+00 -5.000000000000000240e-05 1.064999999999999974e-03 9.999989999999999712e-01 -7.988929999999999643e-01 -6.014730000000000354e-01 6.009999999999999717e-04 6.014730000000000354e-01 -7.988920000000000465e-01 8.800000000000000313e-04
2.400000000000000000e+01 5.800000000000000000e+01 3.100000000000000000e+01 0.000000000000000000e+00 1.600000000000000089e+00 1.769999999999999926e-04 3.988000000000000225e-03 9.999919999999999920e-01 -8.017929999999999779e-01 -5.975960000000000161e-01 2.524999999999999901e-03 5.976019999999999666e-01 -8.017870000000000275e-01 3.092000000000000130e-03
2.700000000000000000e+01 5.800000000000000000e+01 3.100000000000000000e+01 0.000000000000000000e+00 1.600000000000000089e+00 2.837999999999999811e-03 4.197000000000000210e-03 9.999869999999999592e-01 -8.007389999999999786e-01 -5.989950000000000552e-01 4.786000000000000323e-03 5.990069999999999562e-01 -8.007419999999999538e-01 1.660999999999999933e-03
1.000000000000000000e+01 6.000000000000000000e+00 3.200000000000000000e+01 0.000000000000000000e+00 1.600000000000000089e+00 1.722000000000000006e-03 5.634000000000000119e-03 -9.999829999999999552e-01 1.816309999999999869e-01 9.833490000000000286e-01 5.852999999999999696e-03 9.833650000000000446e-01 -1.816379999999999939e-01 6.700000000000000226e-04
1.500000000000000000e+01 6.000000000000000000e+00 3.200000000000000000e+01 0.000000000000000000e+00 1.600000000000000089e+00 1.186999999999999904e-03 -1.253999999999999906e-03 -9.999989999999999712e-01 1.723870000000000124e-01 9.850290000000000434e-01 -1.031000000000000015e-03 9.850290000000000434e-01 -1.723860000000000114e-01 1.386000000000000079e-03
3.000000000000000000e+00 2.200000000000000000e+01 3.400000000000000000e+01 0.000000000000000000e+00 1.600000000000000089e+00 1.363999999999999978e-03 4.300000000000000165e-05 9.999989999999999712e-01 3.791419999999999790e-01 -9.253379999999999939e-01 -4.769999999999999934e-04 9.253369999999999651e-01 3.791419999999999790e-01 -1.278999999999999972e-03
3.000000000000000000e+00 4.300000000000000000e+01 3.400000000000000000e+01 0.000000000000000000e+00 1.600000000000000089e+00 2.043000000000000111e-03 -3.351999999999999945e-03 -9.999919999999999920e-01 -3.308599999999999874e-01 9.436719999999999553e-01 -3.838999999999999965e-03 9.436780000000000168e-01 3.308650000000000202e-01 8.189999999999999581e-04
5.000000000000000000e+00 4.600000000000000000e+01 3.500000000000000000e+01 0.000000000000000000e+00 1.600000000000000089e+00 -1.404999999999999999e-03 -3.609999999999999928e-04 -9.999989999999999712e-01 3.885680000000000245e-01 -9.214200000000000168e-01 -2.130000000000000003e-04 -9.214189999999999880e-01 -3.885680000000000245e-01 1.435000000000000078e-03
9.000000000000000000e+00 4.600000000000000000e+01 3.500000000000000000e+01 0.000000000000000000e+00 1.600000000000000089e+00 1.139000000000000038e-03 -3.400999999999999943e-03 -9.999940000000000495e-01 3.883610000000000118e-01 -9.214999999999999858e-01 3.576999999999999885e-03 -9.215069999999999650e-01 -3.883619999999999850e-01 2.719999999999999979e-04
1.300000000000000000e+01 4.600000000000000000e+01 3.500000000000000000e+01 0.000000000000000000e+00 1.600000000000000089e+00 -3.040000000000000167e-04 -1.529999999999999893e-03 -9.999989999999999712e-01 3.880830000000000113e-01 -9.216239999999999988e-01 1.293000000000000095e-03 -9.216239999999999988e-01 -3.880819999999999825e-01 8.739999999999999939e-04
1.600000000000000000e+01 4.600000000000000000e+01 3.500000000000000000e+01 0.000000000000000000e+00 1.600000000000000089e+00 -7.690000000000000438e-04 -3.420999999999999996e-03 -9.999940000000000495e-01 3.881009999999999738e-01 -9.216130000000000155e-01 2.854000000000000200e-03 -9.216170000000000195e-01 -3.880959999999999965e-01 2.037000000000000182e-03
2.100000000000000000e+01 4.600000000000000000e+01 3.500000000000000000e+01 0.000000000000000000e+00 1.600000000000000089e+00 6.160000000000000111e-04 -6.430000000000000169e-04 -1.000000000000000000e+00 3.863739999999999952e-01 -9.223419999999999952e-01 8.310000000000000329e-04 -9.223419999999999952e-01 -3.863739999999999952e-01 -3.200000000000000262e-04
2.400000000000000000e+01 4.600000000000000000e+01 3.500000000000000000e+01 0.000000000000000000e+00 1.600000000000000089e+00 5.000000000000000104e-04 3.344000000000000184e-03 -9.999940000000000495e-01 3.862800000000000122e-01 -9.223770000000000024e-01 -2.890999999999999907e-03 -9.223820000000000352e-01 -3.862760000000000082e-01 -1.753000000000000001e-03
2.800000000000000000e+01 4.600000000000000000e+01 3.500000000000000000e+01 0.000000000000000000e+00 1.600000000000000089e+00 6.899999999999999667e-04 4.048000000000000383e-03 -9.999919999999999920e-01 3.855890000000000151e-01 -9.226640000000000397e-01 -3.468999999999999861e-03 -9.226699999999999902e-01 -3.855830000000000091e-01 -2.197000000000000168e-03
1.000000000000000000e+01 9.500000000000000000e+01 3.600000000000000000e+01 0.000000000000000000e+00 1.600000000000000089e+00 4.375000000000000416e-03 -1.428100000000000029e-02 9.998879999999999990e-01 9.967719999999999914e-01 8.022200000000000164e-02 -3.216000000000000109e-03 -8.016700000000000215e-02 9.966749999999999776e-01 1.458600000000000001e-02
1.800000000000000000e+01 9.500000000000000000e+01 3.600000000000000000e+01 0.000000000000000000e+00 1.600000000000000089e+00 2.213999999999999822e-03 -5.080999999999999579e-03 9.999850000000000128e-01 9.965699999999999559e-01 8.273500000000000298e-02 -1.786000000000000044e-03 -8.272400000000000586e-02 9.965589999999999726e-01 5.246999999999999928e-03
5.000000000000000000e+00 2.900000000000000000e+01 4.400000000000000000e+01 0.000000000000000000e+00 1.600000000000000089e+00 1.466000000000000072e-03 2.786999999999999981e-03 -9.999949999999999672e-01 6.727570000000000494e-01 7.398569999999999869e-01 3.047999999999999928e-03 7.398620000000000196e-01 -6.727579999999999671e-01 -7.900000000000000121e-04
9.000000000000000000e+00 2.900000000000000000e+01 4.400000000000000000e+01 0.000000000000000000e+00 1.600000000000000089e+00 -8.639999999999999677e-04 9.569999999999999514e-04 -9.999989999999999712e-01 6.757849999999999691e-01 7.370980000000000310e-01 1.219999999999999974e-04 7.370980000000000310e-01 -6.757849999999999691e-01 -1.283000000000000069e-03
1.200000000000000000e+01 2.900000000000000000e+01 4.400000000000000000e+01 0.000000000000000000e+00 1.600000000000000089e+00 -1.691000000000000012e-03 7.230000000000000098e-04 -9.999980000000000535e-01 6.840720000000000134e-01 7.294140000000000068e-01 -6.290000000000000018e-04 7.294119999999999493e-01 -6.840720000000000134e-01 -1.727999999999999935e-03
1.600000000000000000e+01 2.900000000000000000e+01 4.400000000000000000e+01 0.000000000000000000e+00 1.600000000000000089e+00 -5.800000000000000034e-05 -4.185999999999999617e-03 -9.999909999999999632e-01 6.882200000000000539e-01 7.254950000000000010e-01 -3.076999999999999874e-03 7.255019999999999802e-01 -6.882139999999999924e-01 2.838999999999999944e-03
2.200000000000000000e+01 2.900000000000000000e+01 4.400000000000000000e+01 0.000000000000000000e+00 1.600000000000000089e+00 1.874000000000000015e-03 -7.369999999999999815e-03 -9.999710000000000543e-01 6.824839999999999796e-01 7.308890000000000109e-01 -4.107999999999999673e-03 7.308980000000000476e-01 -6.824559999999999516e-01 6.400000000000000307e-03
2.900000000000000000e+01 5.400000000000000000e+01 4.600000000000000000e+01 0.000000000000000000e+00 1.600000000000000089e+00 -1.371000000000000040e-03 1.158200000000000028e-02 9.999320000000000430e-01 3.491790000000000171e-01 -9.369880000000000431e-01 1.133200000000000006e-02 9.370549999999999713e-01 3.491710000000000091e-01 -2.759999999999999867e-03
1.200000000000000000e+01 6.500000000000000000e+01 4.600000000000000000e+01 0.000000000000000000e+00 1.600000000000000089e+00 2.259999999999999910e-04 -1.247000000000000062e-03 9.999989999999999712e-01 6.825160000000000116e-01 -7.308700000000000196e-01 -1.064999999999999974e-03 7.308700000000000196e-01 6.825160000000000116e-01 6.859999999999999779e-04
1.800000000000000000e+01 6.500000000000000000e+01 4.600000000000000000e+01 0.000000000000000000e+00 1.600000000000000089e+00 -1.500000000000000038e-05 5.450000000000000200e-04 1.000000000000000000e+00 6.818109999999999449e-01 -7.315279999999999561e-01 4.090000000000000211e-04 7.315279999999999561e-01 6.818109999999999449e-01 -3.600000000000000227e-04
6.000000000000000000e+00 7.000000000000000000e+01 4.700000000000000000e+01 0.000000000000000000e+00 1.600000000000000089e+00 -4.440000000000000045e-04 -3.199999999999999855e-05 -1.000000000000000000e+00 -8.373169999999999780e-01 -5.467170000000000085e-01 3.899999999999999929e-04 -5.467170000000000085e-01 8.373169999999999780e-01 2.159999999999999919e-04
8.000000000000000000e+00 5.000000000000000000e+00 5.100000000000000000e+01 0.000000000000000000e+00 1.600000000000000089e+00 -1.183000000000000024e-03 2.052000000000000005e-03 -9.999970000000000248e-01 4.798620000000000108e-01 -8.773410000000000375e-01 -2.367999999999999879e-03 -8.773429999999999840e-01 -4.798629999999999840e-01 5.300000000000000078e-05
1.100000000000000000e+01 5.000000000000000000e+00 5.100000000000000000e+01 0.000000000000000000e+00 1.600000000000000089e+00 1.144000000000000052e-03 -9.690000000000000262e-04 -9.999989999999999712e-01 4.818000000000000060e-01 -8.762799999999999478e-01 1.399999999999999986e-03 -8.762799999999999478e-01 -4.818009999999999793e-01 -5.349999999999999938e-04
1.800000000000000000e+01 5.000000000000000000e+00 5.100000000000000000e+01 0.000000000000000000e+00 1.600000000000000089e+00 -2.400999999999999922e-03 3.233000000000000197e-03 -9.999919999999999920e-01 4.866170000000000218e-01 -8.736059999999999937e-01 -3.991999999999999889e-03 -8.736120000000000552e-01 -4.866219999999999990e-01 5.240000000000000517e-04
8.000000000000000000e+00 7.000000000000000000e+00 5.200000000000000000e+01 0.000000000000000000e+00 1.600000000000000089e+00 -1.512000000000000106e-03 2.397999999999999958e-03 -9.999959999999999960e-01 7.095400000000000318e-02 -9.974760000000000293e-01 -2.498999999999999919e-03 -9.974779999999999758e-01 -7.095799999999999330e-02 1.337999999999999997e-03
4.000000000000000000e+00 6.300000000000000000e+01 5.400000000000000000e+01 0.000000000000000000e+00 1.600000000000000089e+00 1.541000000000000052e-03 2.500000000000000052e-03 9.999959999999999960e-01 -3.527129999999999987e-01 9.357299999999999507e-01 -1.796000000000000070e-03 -9.357299999999999507e-01 -3.527089999999999947e-01 2.324000000000000111e-03
7.000000000000000000e+00 6.300000000000000000e+01 5.400000000000000000e+01 0.000000000000000000e+00 1.600000000000000089e+00 -1.526000000000000013e-03 4.899999999999999842e-05 9.999989999999999712e-01 -3.507890000000000175e-01 9.364540000000000086e-01 -5.810000000000000277e-04 -9.364529999999999799e-01 -3.507899999999999907e-01 -1.412000000000000061e-03
1.200000000000000000e+01 6.300000000000000000e+01 5.400000000000000000e+01 0.000000000000000000e+00 1.600000000000000089e+00 4.510000000000000120e-04 -3.359999999999999814e-04 1.000000000000000000e+00 -3.510920000000000152e-01 9.363409999999999789e-01 4.730000000000000046e-04 -9.363409999999999789e-01 -3.510920000000000152e-01 3.049999999999999868e-04
1.600000000000000000e+01 6.300000000000000000e+01 5.400000000000000000e+01 0.000000000000000000e+00 1.600000000000000089e+00 8.799999999999999771e-05 1.299999999999999886e-04 1.000000000000000000e+00 -3.493439999999999879e-01 9.369939999999999936e-01 -9.100000000000000287e-05 -9.369939999999999936e-01 -3.493439999999999879e-01 1.279999999999999942e-04
2.000000000000000000e+01 6.300000000000000000e+01 5.400000000000000000e+01 0.000000000000000000e+00 1.600000000000000089e+00 -4.989999999999999861e-04 7.690000000000000438e-04 1.000000000000000000e+00 -3.494030000000000191e-01 9.369720000000000271e-01 -8.949999999999999623e-04 -9.369720000000000271e-01 -3.494039999999999924e-01 -1.990000000000000124e-04
2.600000000000000000e+01 6.300000000000000000e+01 5.400000000000000000e+01 0.000000000000000000e+00 1.600000000000000089e+00 -7.339999999999999520e-04 -1.190000000000000085e-03 9.999989999999999712e-01 -3.536610000000000031e-01 9.353730000000000100e-01 8.540000000000000499e-04 -9.353730000000000100e-01 -3.536599999999999744e-01 -1.106999999999999911e-03
3.000000000000000000e+01 6.300000000000000000e+01 5.400000000000000000e+01 0.000000000000000000e+00 1.600000000000000089e+00 1.654000000000000088e-03 2.795000000000000175e-03 9.999949999999999672e-01 -3.498180000000000178e-01 9.368159999999999821e-01 -2.040000000000000147e-03 -9.368159999999999821e-01 -3.498129999999999851e-01 2.527000000000000166e-03
1.200000000000000000e+01 2.500000000000000000e+01 5.500000000000000000e+01 0.000000000000000000e+00 1.600000000000000089e+00 -1.479999999999999925e-04 5.730999999999999983e-03 -9.999839999999999840e-01 -1.229899999999999917e-02 -9.999080000000000190e-01 -5.728999999999999718e-03 -9.999240000000000350e-01 1.229799999999999990e-02 2.190000000000000106e-04
2.500000000000000000e+01 2.500000000000000000e+01 5.500000000000000000e+01 0.000000000000000000e+00 1.600000000000000089e+00 -1.830000000000000029e-04 -1.079000000000000098e-03 -9.999989999999999712e-01 -1.029300000000000007e-02 -9.999460000000000015e-01 1.080999999999999930e-03 -9.999470000000000303e-01 1.029300000000000007e-02 1.720000000000000066e-04
1.600000000000000000e+01 6.800000000000000000e+01 5.700000000000000000e+01 0.000000000000000000e+00 1.600000000000000089e+00 2.400000000000000061e-04 -2.203999999999999796e-03 -9.999980000000000535e-01 -2.444590000000000096e-01 -9.696569999999999911e-01 2.077999999999999986e-03 -9.696599999999999664e-01 2.444580000000000086e-01 -7.709999999999999840e-04
1.500000000000000000e+01 2.100000000000000000e+01 6.000000000000000000e+01 0.000000000000000000e+00 1.600000000000000089e+00 -4.159999999999999744e-04 8.115999999999999950e-03 9.999670000000000503e-01 -9.534099999999999520e-02 9.954119999999999635e-01 -8.118999999999999481e-03 -9.954450000000000243e-01 -9.534099999999999520e-02 3.600000000000000227e-04
2.400000000000000000e+01 2.100000000000000000e+01 6.000000000000000000e+01 0.000000000000000000e+00 1.600000000000000089e+00 2.099999999999999870e-03 -9.259999999999999135e-03 9.999550000000000383e-01 -9.305800000000000183e-02 9.956159999999999455e-01 9.414999999999999758e-03 -9.956580000000000430e-01 -9.307400000000000395e-02 1.229000000000000058e-03
3.000000000000000000e+00 3.000000000000000000e+00 6.300000000000000000e+01 0.000000000000000000e+00 1.600000000000000089e+00 1.520000000000000084e-03 -5.251999999999999724e-03 9.999850000000000128e-01 -6.142189999999999594e-01 7.891190000000000149e-01 5.078000000000000048e-03 -7.891340000000000021e-01 -6.142180000000000417e-01 -2.027000000000000156e-03
1.000000000000000000e+01 3.000000000000000000e+00 6.300000000000000000e+01 0.000000000000000000e+00 1.600000000000000089e+00 1.363999999999999978e-03 -1.201000000000000028e-03 9.999980000000000535e-01 -6.142379999999999507e-01 7.891190000000000149e-01 1.784999999999999911e-03 -7.891200000000000436e-01 -6.142400000000000082e-01 3.379999999999999758e-04
1.600000000000000000e+01 3.000000000000000000e+00 6.300000000000000000e+01 0.000000000000000000e+00 1.600000000000000089e+00 -5.969999999999999829e-04 -1.913999999999999903e-03 9.999980000000000535e-01 -6.142079999999999762e-01 7.891430000000000389e-01 1.144000000000000052e-03 -7.891439999999999566e-01 -6.142060000000000297e-01 -1.647000000000000026e-03
4.000000000000000000e+00 2.700000000000000000e+01 6.300000000000000000e+01 0.000000000000000000e+00 1.600000000000000089e+00 1.343999999999999926e-03 -1.959999999999999937e-03 9.999970000000000248e-01 -2.805230000000000223e-01 9.598449999999999482e-01 2.258000000000000024e-03 -9.598459999999999770e-01 -2.805250000000000243e-01 7.399999999999999894e-04
9.000000000000000000e+00 2.700000000000000000e+01 6.300000000000000000e+01 0.000000000000000000e+00 1.600000000000000089e+00 3.210000000000000180e-03 3.690999999999999837e-03 9.999879999999999880e-01 -2.785270000000000246e-01 9.604249999999999732e-01 -2.651000000000000145e-03 -9.604230000000000267e-01 -2.785159999999999858e-01 4.111000000000000071e-03
1.600000000000000000e+01 2.700000000000000000e+01 6.300000000000000000e+01 0.000000000000000000e+00 1.600000000000000089e+00 3.899999999999999929e-05 -1.330999999999999935e-03 9.999989999999999712e-01 -2.749519999999999742e-01 9.614570000000000061e-01 1.289999999999999914e-03 -9.614580000000000348e-01 -2.749519999999999742e-01 -3.280000000000000038e-04
1.900000000000000000e+01 2.700000000000000000e+01 6.300000000000000000e+01 0.000000000000000000e+00 1.600000000000000089e+00 -2.530000000000000239e-04 -1.871000000000000050e-03 9.999980000000000535e-01 -2.760319999999999996e-01 9.611469999999999736e-01 1.729000000000000068e-03 -9.611480000000000024e-01 -2.760310000000000263e-01 -7.600000000000000418e-04
2.500000000000000000e+01 2.700000000000000000e+01 6.300000000000000000e+01 0.000000000000000000e+00 1.600000000000000089e+00 3.700000000000000164e-03 -1.050000000000000044e-04 9.999930000000000208e-01 -2.794079999999999897e-01 9.601720000000000255e-01 1.134000000000000025e-03 -9.601650000000000462e-01 -2.794110000000000205e-01 3.523000000000000090e-03
5.000000000000000000e+00 2.600000000000000000e+01 6.400000000000000000e+01 0.000000000000000000e+00 1.600000000000000089e+00 1.814999999999999990e-03 -1.791000000000000057e-03 9.999970000000000248e-01 -3.656849999999999823e-01 9.307360000000000078e-01 2.330000000000000040e-03 -9.307370000000000365e-01 -3.656880000000000130e-01 1.033999999999999980e-03
1.600000000000000000e+01 2.600000000000000000e+01 6.400000000000000000e+01 0.000000000000000000e+00 1.600000000000000089e+00 2.110000000000000059e-04 -1.804999999999999964e-03 9.999980000000000535e-01 -3.567549999999999888e-01 9.341960000000000264e-01 1.761999999999999894e-03 -9.341979999999999729e-01 -3.567549999999999888e-01 -4.470000000000000232e-04
2.000000000000000000e+01 2.600000000000000000e+01 6.400000000000000000e+01 0.000000000000000000e+00 1.600000000000000089e+00 7.860000000000000233e-04 -4.687000000000000194e-03 9.999890000000000168e-01 -3.589700000000000113e-01 9.333380000000000010e-01 4.656999999999999681e-03 -9.333489999999999842e-01 -3.589700000000000113e-01 -9.489999999999999738e-04
2.500000000000000000e+01 2.600000000000000000e+01 6.400000000000000000e+01 0.000000000000000000e+00 1.600000000000000089e+00 4.059000000000000108e-03 -3.730000000000000134e-04 9.999919999999999920e-01 -3.613500000000000045e-01 9.324289999999999523e-01 1.814999999999999990e-03 -9.324210000000000553e-01 -3.613540000000000085e-01 3.650000000000000033e-03
7.000000000000000000e+00 2.500000000000000000e+01 7.300000000000000000e+01 0.000000000000000000e+00 1.600000000000000089e+00 1.023000000000000038e-03 3.148000000000000190e-03 9.999949999999999672e-01 7.483260000000000467e-01 -6.633299999999999752e-01 1.322999999999999957e-03 6.633299999999999752e-01 7.483210000000000139e-01 -3.033999999999999805e-03
1.700000000000000000e+01 2.500000000000000000e+01 7.300000000000000000e+01 0.000000000000000000e+00 1.600000000000000089e+00 1.211000000000000054e-03 2.415000000000000046e-03 9.999959999999999960e-01 7.491560000000000441e-01 -6.623940000000000383e-01 6.920000000000000153e-04 6.623930000000000096e-01 7.491520000000000401e-01 -2.611000000000000040e-03
2.000000000000000000e+01 2.500000000000000000e+01 7.300000000000000000e+01 0.000000000000000000e+00 1.600000000000000089e+00 8.880000000000000089e-04 2.079999999999999818e-03 9.999970000000000248e-01 7.508040000000000269e-01 -6.605250000000000288e-01 7.069999999999999462e-04 6.605250000000000288e-01 7.508010000000000517e-01 -2.148000000000000170e-03
2.600000000000000000e+01 2.500000000000000000e+01 7.300000000000000000e+01 0.000000000000000000e+00 1.600000000000000089e+00 1.131999999999999977e-03 -6.199999999999999999e-04 9.999989999999999712e-01 7.502210000000000267e-01 -6.611860000000000515e-01 -1.258999999999999920e-03 6.611869999999999692e-01 7.502210000000000267e-01 -2.829999999999999942e-04
