2.000000000000000000e+00 2.500000000000000000e+01 1.000000000000000000e+00 0.000000000000000000e+00 1.600000000000000089e+00 -2.158000000000000196e-03 -1.557000000000000007e-03 -9.999970000000000248e-01 -5.316269999999999607e-01 -8.469750000000000334e-01 2.465999999999999876e-03 -8.469759999999999511e-01 5.316300000000000470e-01 1.000000000000000021e-03
1.200000000000000000e+01 2.500000000000000000e+01 1.000000000000000000e+00 0.000000000000000000e+00 1.600000000000000089e+00 5.399999999999999798e-05 -7.922000000000000222e-03 -9.999689999999999968e-01 -5.280319999999999458e-01 -8.491980000000000084e-01 6.699000000000000093e-03 -8.492239999999999789e-01 5.280150000000000121e-01 -4.229000000000000120e-03
3.000000000000000000e+00 1.500000000000000000e+01 4.000000000000000000e+00 0.000000000000000000e+00 1.600000000000000089e+00 -1.116999999999999937e-03 -5.856000000000000094e-03 9.999820000000000375e-01 3.183000000000000274e-01 -9.479760000000000408e-01 -5.196000000000000098e-03 9.479889999999999706e-01 3.182889999999999886e-01 2.922999999999999817e-03
1.000000000000000000e+01 1.500000000000000000e+01 4.000000000000000000e+00 0.000000000000000000e+00 1.600000000000000089e+00 -2.203999999999999796e-03 -7.585999999999999861e-03 9.999689999999999968e-01 3.106389999999999985e-01 -9.505059999999999620e-01 -6.525999999999999683e-03 9.505249999999999533e-01 3.106149999999999745e-01 4.451000000000000095e-03
1.500000000000000000e+01 1.500000000000000000e+01 4.000000000000000000e+00 0.000000000000000000e+00 1.600000000000000089e+00 1.679999999999999907e-04 -4.232999999999999784e-03 9.999909999999999632e-01 3.137469999999999981e-01 -9.494979999999999531e-01 -4.072000000000000099e-03 9.495059999999999611e-01 3.137449999999999961e-01 1.167999999999999984e-03
2.100000000000000000e+01 1.500000000000000000e+01 4.000000000000000000e+00 0.000000000000000000e+00 1.600000000000000089e+00 -4.256000000000000234e-03 -6.030000000000000204e-04 9.999909999999999632e-01 3.154939999999999967e-01 -9.489269999999999650e-01 7.709999999999999840e-04 9.489180000000000392e-01 3.154939999999999967e-01 4.227999999999999987e-03
2.800000000000000000e+01 1.500000000000000000e+01 4.000000000000000000e+00 0.000000000000000000e+00 1.600000000000000089e+00 -1.319000000000000077e-03 -1.856000000000000011e-03 9.999970000000000248e-01 3.143730000000000135e-01 -9.492979999999999752e-01 -1.348000000000000023e-03 9.492990000000000039e-01 3.143710000000000115e-01 1.835000000000000043e-03
3.000000000000000000e+00 2.500000000000000000e+01 8.000000000000000000e+00 0.000000000000000000e+00 1.600000000000000089e+00 3.200999999999999852e-03 1.009999999999999960e-02 -9.999440000000000550e-01 4.474230000000000151e-01 8.942609999999999726e-01 1.046500000000000034e-02 8.943159999999999998e-01 -4.474319999999999964e-01 -1.657000000000000053e-03
9.000000000000000000e+00 2.500000000000000000e+01 8.000000000000000000e+00 0.000000000000000000e+00 1.600000000000000089e+00 -6.790000000000000245e-04 7.195000000000000007e-03 -9.999740000000000295e-01 4.450049999999999839e-01 8.955070000000000530e-01 6.140999999999999757e-03 8.955279999999999907e-01 -4.449890000000000234e-01 -3.810000000000000019e-03
1.500000000000000000e+01 2.500000000000000000e+01 8.000000000000000000e+00 0.000000000000000000e+00 1.600000000000000089e+00 1.598999999999999944e-03 5.440999999999999656e-03 -9.999839999999999840e-01 4.463429999999999898e-01 8.948450000000000015e-01 5.582000000000000156e-03 8.948610000000000175e-01 -4.463449999999999918e-01 -9.979999999999999722e-04
2.200000000000000000e+01 2.500000000000000000e+01 8.000000000000000000e+00 0.000000000000000000e+00 1.600000000000000089e+00 1.100000000000000039e-04 -4.820000000000000066e-04 -1.000000000000000000e+00 4.443320000000000047e-01 8.958620000000000472e-01 -3.829999999999999854e-04 8.958620000000000472e-01 -4.443320000000000047e-01 3.130000000000000187e-04
3.000000000000000000e+01 2.500000000000000000e+01 8.000000000000000000e+00 0.000000000000000000e+00 1.600000000000000089e+00 -2.651000000000000145e-03 4.749999999999999882e-03 -9.999850000000000128e-01 4.456490000000000173e-01 8.952029999999999710e-01 3.070999999999999945e-03 8.952039999999999997e-01 -4.456339999999999746e-01 -4.490000000000000067e-03
3.000000000000000000e+00 2.400000000000000000e+01 9.000000000000000000e+00 0.000000000000000000e+00 1.600000000000000089e+00 3.827000000000000107e-03 1.036199999999999968e-02 -9.999390000000000223e-01 4.512249999999999872e-01 8.923429999999999973e-01 1.097399999999999938e-02 8.924020000000000286e-01 -4.512399999999999745e-01 -1.260999999999999968e-03
9.000000000000000000e+00 2.400000000000000000e+01 9.000000000000000000e+00 0.000000000000000000e+00 1.600000000000000089e+00 -1.000999999999999937e-03 7.716999999999999901e-03 -9.999700000000000255e-01 4.489989999999999815e-01 8.935089999999999977e-01 6.446000000000000341e-03 8.935319999999999929e-01 -4.489790000000000170e-01 -4.359000000000000027e-03
1.500000000000000000e+01 2.400000000000000000e+01 9.000000000000000000e+00 0.000000000000000000e+00 1.600000000000000089e+00 1.111000000000000008e-03 4.355999999999999629e-03 -9.999900000000000455e-01 4.509920000000000040e-01 8.925170000000000048e-01 4.388999999999999672e-03 8.925269999999999593e-01 -4.509929999999999772e-01 -9.730000000000000151e-04
2.300000000000000000e+01 2.400000000000000000e+01 9.000000000000000000e+00 0.000000000000000000e+00 1.600000000000000089e+00 -6.610000000000000207e-04 -4.357999999999999895e-03 -9.999900000000000455e-01 4.506310000000000038e-01 8.927009999999999668e-01 -4.189000000000000015e-03 8.927100000000000035e-01 -4.506290000000000018e-01 1.374000000000000004e-03
3.000000000000000000e+00 4.000000000000000000e+00 1.100000000000000000e+01 0.000000000000000000e+00 1.600000000000000089e+00 -6.152999999999999615e-03 -3.739599999999999869e-02 -9.992820000000000036e-01 2.374809999999999977e-01 9.706569999999999920e-01 -3.778700000000000114e-02 9.713730000000000420e-01 -2.375420000000000031e-01 2.909000000000000127e-03
1.000000000000000000e+00 1.040000000000000000e+02 1.100000000000000000e+01 0.000000000000000000e+00 1.600000000000000089e+00 1.753999999999999917e-03 2.644000000000000083e-03 9.999949999999999672e-01 -9.779520000000000435e-01 -2.088200000000000056e-01 2.268000000000000051e-03 2.088250000000000106e-01 -9.779510000000000147e-01 2.219000000000000052e-03
1.500000000000000000e+01 5.000000000000000000e+00 1.200000000000000000e+01 0.000000000000000000e+00 1.600000000000000089e+00 1.290499999999999980e-02 -1.192140000000000005e-01 9.927850000000000286e-01 -2.325889999999999902e-01 9.652760000000000229e-01 1.189339999999999981e-01 -9.724890000000000478e-01 -2.324460000000000137e-01 -1.527099999999999985e-02
1.000000000000000000e+00 3.100000000000000000e+01 1.200000000000000000e+01 0.000000000000000000e+00 1.600000000000000089e+00 3.063999999999999883e-03 4.560999999999999950e-03 9.999850000000000128e-01 4.776999999999999996e-03 9.999780000000000335e-01 -4.575000000000000074e-03 -9.999839999999999840e-01 4.791000000000000120e-03 3.041999999999999999e-03
5.000000000000000000e+00 3.100000000000000000e+01 1.200000000000000000e+01 0.000000000000000000e+00 1.600000000000000089e+00 5.199999999999999680e-05 5.150000000000000064e-03 9.999869999999999592e-01 5.936000000000000304e-03 9.999689999999999968e-01 -5.150000000000000064e-03 -9.999820000000000375e-01 5.936000000000000304e-03 2.199999999999999943e-05
1.000000000000000000e+01 3.100000000000000000e+01 1.200000000000000000e+01 0.000000000000000000e+00 1.600000000000000089e+00 2.353000000000000057e-03 -7.839999999999999747e-03 9.999670000000000503e-01 4.709999999999999777e-03 9.999580000000000135e-01 7.828999999999999154e-03 -9.999860000000000415e-01 4.691999999999999990e-03 2.389000000000000064e-03
1.600000000000000000e+01 3.100000000000000000e+01 1.200000000000000000e+01 0.000000000000000000e+00 1.600000000000000089e+00 7.010000000000000172e-04 7.299999999999999903e-05 1.000000000000000000e+00 8.570000000000000144e-04 1.000000000000000000e+00 -7.299999999999999903e-05 -9.999989999999999712e-01 8.570000000000000144e-04 7.010000000000000172e-04
2.400000000000000000e+01 3.100000000000000000e+01 1.200000000000000000e+01 0.000000000000000000e+00 1.600000000000000089e+00 -1.157999999999999958e-03 -1.348000000000000023e-03 9.999980000000000535e-01 1.119999999999999983e-04 9.999989999999999712e-01 1.348000000000000023e-03 -9.999989999999999712e-01 1.129999999999999955e-04 -1.157999999999999958e-03
1.900000000000000000e+01 3.200000000000000000e+01 1.400000000000000000e+01 0.000000000000000000e+00 1.600000000000000089e+00 1.216999999999999983e-03 2.072000000000000057e-03 -9.999970000000000248e-01 1.033560000000000034e-01 9.946420000000000261e-01 2.187000000000000142e-03 9.946439999999999726e-01 -1.033590000000000064e-01 9.959999999999999236e-04
2.800000000000000000e+01 3.200000000000000000e+01 1.400000000000000000e+01 0.000000000000000000e+00 1.600000000000000089e+00 -3.857000000000000185e-03 -9.369000000000000591e-03 -9.999489999999999768e-01 1.041389999999999955e-01 9.945150000000000379e-01 -9.719999999999999474e-03 9.945549999999999669e-01 -1.041709999999999997e-01 -2.860999999999999828e-03
7.000000000000000000e+00 1.200000000000000000e+01 1.500000000000000000e+01 0.000000000000000000e+00 1.600000000000000089e+00 8.729999999999999696e-04 5.677999999999999887e-03 -9.999829999999999552e-01 -4.692740000000000244e-01 -8.830360000000000431e-01 -5.422999999999999869e-03 -8.830519999999999481e-01 4.692709999999999937e-01 1.894000000000000067e-03
1.300000000000000000e+01 1.200000000000000000e+01 1.500000000000000000e+01 0.000000000000000000e+00 1.600000000000000089e+00 8.909999999999999734e-04 1.845999999999999985e-03 -9.999980000000000535e-01 -4.726079999999999726e-01 -8.812699999999999978e-01 -2.047999999999999907e-03 -8.812720000000000553e-01 4.726090000000000013e-01 8.700000000000000051e-05
2.000000000000000000e+01 1.200000000000000000e+01 1.500000000000000000e+01 0.000000000000000000e+00 1.600000000000000089e+00 1.860000000000000108e-03 3.717999999999999951e-03 -9.999909999999999632e-01 -4.695889999999999787e-01 -8.828749999999999654e-01 -4.157000000000000105e-03 -8.828829999999999734e-01 4.695929999999999827e-01 1.039999999999999936e-04
2.600000000000000000e+01 1.200000000000000000e+01 1.500000000000000000e+01 0.000000000000000000e+00 1.600000000000000089e+00 8.869999999999999846e-04 3.517000000000000161e-03 -9.999930000000000208e-01 -4.692219999999999724e-01 -8.830729999999999968e-01 -3.521999999999999957e-03 -8.830799999999999761e-01 4.692219999999999724e-01 8.670000000000000406e-04
2.900000000000000000e+01 1.200000000000000000e+01 1.500000000000000000e+01 0.000000000000000000e+00 1.600000000000000089e+00 -1.013000000000000012e-03 3.850000000000000124e-03 -9.999919999999999920e-01 -4.668720000000000092e-01 -8.843199999999999950e-01 -2.931000000000000012e-03 -8.843250000000000277e-01 4.668649999999999745e-01 2.693000000000000081e-03
1.000000000000000000e+00 1.160000000000000000e+02 1.600000000000000000e+01 0.000000000000000000e+00 1.600000000000000089e+00 -2.174999999999999850e-03 -1.095999999999999969e-03 9.999970000000000248e-01 7.724100000000000410e-01 6.351200000000000179e-01 2.376000000000000074e-03 -6.351210000000000466e-01 7.724119999999999875e-01 -5.349999999999999938e-04
2.000000000000000000e+01 1.160000000000000000e+02 1.600000000000000000e+01 0.000000000000000000e+00 1.600000000000000089e+00 -2.722000000000000027e-03 -1.961000000000000069e-03 9.999940000000000495e-01 8.063470000000000359e-01 5.914329999999999865e-01 3.354999999999999909e-03 -5.914359999999999618e-01 8.063519999999999577e-01 -2.799999999999999958e-05
2.700000000000000000e+01 1.160000000000000000e+02 1.600000000000000000e+01 0.000000000000000000e+00 1.600000000000000089e+00 4.490000000000000176e-04 1.379999999999999933e-04 1.000000000000000000e+00 7.486800000000000122e-01 6.629319999999999657e-01 -4.279999999999999950e-04 -6.629319999999999657e-01 7.486800000000000122e-01 1.939999999999999993e-04
4.000000000000000000e+00 2.000000000000000000e+00 1.900000000000000000e+01 0.000000000000000000e+00 1.600000000000000089e+00 -3.193999999999999791e-03 1.971999999999999795e-03 -9.999930000000000208e-01 2.152979999999999894e-01 -9.765449999999999964e-01 -2.614000000000000004e-03 -9.765430000000000499e-01 -2.153049999999999964e-01 2.694999999999999913e-03
1.300000000000000000e+01 2.000000000000000000e+00 1.900000000000000000e+01 0.000000000000000000e+00 1.600000000000000089e+00 -8.479000000000000425e-03 4.372000000000000018e-03 -9.999540000000000095e-01 2.186220000000000108e-01 -9.757900000000000462e-01 -6.119999999999999572e-03 -9.757730000000000015e-01 -2.186639999999999973e-01 7.317999999999999852e-03
1.900000000000000000e+01 2.000000000000000000e+00 1.900000000000000000e+01 0.000000000000000000e+00 1.600000000000000089e+00 -1.218299999999999939e-02 1.034400000000000076e-02 -9.998719999999999830e-01 2.356689999999999896e-01 -9.717470000000000274e-01 -1.292500000000000072e-02 -9.717569999999999819e-01 -2.357960000000000056e-01 9.400999999999999635e-03
2.300000000000000000e+01 2.000000000000000000e+00 1.900000000000000000e+01 0.000000000000000000e+00 1.600000000000000089e+00 -5.838000000000000307e-03 2.586000000000000104e-02 -9.996490000000000098e-01 2.404199999999999948e-01 -9.703070000000000306e-01 -2.650500000000000078e-02 -9.706510000000000415e-01 -2.404900000000000093e-01 -5.529999999999999976e-04
8.000000000000000000e+00 4.000000000000000000e+00 2.000000000000000000e+01 0.000000000000000000e+00 1.600000000000000089e+00 1.474999999999999966e-03 -2.863999999999999792e-03 -9.999949999999999672e-01 3.390839999999999965e-01 -9.407510000000000039e-01 3.194999999999999923e-03 -9.407550000000000079e-01 -3.390870000000000273e-01 -4.169999999999999987e-04
1.100000000000000000e+01 1.300000000000000000e+01 2.000000000000000000e+01 0.000000000000000000e+00 1.600000000000000089e+00 -1.528999999999999977e-03 -1.807000000000000012e-03 9.999970000000000248e-01 2.634690000000000087e-01 9.646649999999999947e-01 2.145000000000000205e-03 -9.646670000000000522e-01 2.634719999999999840e-01 -9.990000000000001049e-04
1.700000000000000000e+01 1.300000000000000000e+01 2.000000000000000000e+01 0.000000000000000000e+00 1.600000000000000089e+00 1.814999999999999990e-03 -1.770000000000000089e-03 9.999970000000000248e-01 2.640839999999999854e-01 9.644989999999999952e-01 1.227000000000000009e-03 -9.644979999999999665e-01 2.640810000000000102e-01 2.217999999999999920e-03
2.300000000000000000e+01 1.300000000000000000e+01 2.000000000000000000e+01 0.000000000000000000e+00 1.600000000000000089e+00 -8.239999999999999712e-04 -3.161000000000000181e-03 9.999949999999999672e-01 2.659210000000000185e-01 9.639889999999999848e-01 3.265999999999999806e-03 -9.639940000000000175e-01 2.659219999999999917e-01 4.600000000000000004e-05
2.900000000000000000e+01 1.300000000000000000e+01 2.000000000000000000e+01 0.000000000000000000e+00 1.600000000000000089e+00 -1.956999999999999972e-03 4.349999999999999700e-03 9.999890000000000168e-01 2.643900000000000139e-01 9.644089999999999607e-01 -3.677000000000000147e-03 -9.644139999999999935e-01 2.643800000000000039e-01 -3.037999999999999902e-03
5.000000000000000000e+00 3.000000000000000000e+00 2.500000000000000000e+01 0.000000000000000000e+00 1.600000000000000089e+00 -1.727000000000000019e-03 -4.379000000000000080e-03 9.999890000000000168e-01 -2.008000000000000063e-02 -9.997890000000000388e-01 -4.412000000000000123e-03 9.997970000000000468e-01 -2.008700000000000069e-02 1.639000000000000049e-03
1.300000000000000000e+01 3.000000000000000000e+00 2.500000000000000000e+01 0.000000000000000000e+00 1.600000000000000089e+00 -2.765999999999999796e-03 -3.817000000000000080e-03 9.999890000000000168e-01 -2.226799999999999960e-02 -9.997449999999999948e-01 -3.877999999999999937e-03 9.997479999999999700e-01 -2.227900000000000019e-02 2.680999999999999790e-03
1.900000000000000000e+01 3.000000000000000000e+00 2.500000000000000000e+01 0.000000000000000000e+00 1.600000000000000089e+00 -2.811000000000000131e-03 3.495999999999999976e-03 9.999900000000000455e-01 -1.741499999999999992e-02 -9.998420000000000085e-01 3.446999999999999977e-03 9.998439999999999550e-01 -1.740500000000000033e-02 2.870999999999999854e-03
2.300000000000000000e+01 3.000000000000000000e+00 2.500000000000000000e+01 0.000000000000000000e+00 1.600000000000000089e+00 2.752999999999999805e-03 8.871999999999999678e-03 9.999569999999999848e-01 -2.017899999999999902e-02 -9.997570000000000068e-01 8.925000000000000641e-03 9.997930000000000428e-01 -2.020200000000000121e-02 -2.573999999999999899e-03
1.200000000000000000e+01 4.600000000000000000e+01 2.700000000000000000e+01 0.000000000000000000e+00 1.600000000000000089e+00 -3.079999999999999839e-03 1.168999999999999900e-03 -9.999949999999999672e-01 6.668530000000000291e-01 7.451879999999999615e-01 -1.182000000000000108e-03 7.451830000000000398e-01 -6.668530000000000291e-01 -3.075000000000000042e-03
2.200000000000000000e+01 4.600000000000000000e+01 2.700000000000000000e+01 0.000000000000000000e+00 1.600000000000000089e+00 1.263999999999999933e-03 6.009999999999999717e-04 -9.999989999999999712e-01 6.718039999999999567e-01 7.407280000000000530e-01 1.294000000000000011e-03 7.407280000000000530e-01 -6.718049999999999855e-01 5.330000000000000536e-04
6.000000000000000000e+00 4.600000000000000000e+01 3.000000000000000000e+01 0.000000000000000000e+00 1.600000000000000089e+00 7.420000000000000380e-04 -1.649999999999999991e-04 -1.000000000000000000e+00 3.145919999999999828e-01 9.492270000000000429e-01 7.700000000000000139e-05 9.492270000000000429e-01 -3.145919999999999828e-01 7.560000000000000530e-04
1.100000000000000000e+01 4.600000000000000000e+01 3.000000000000000000e+01 0.000000000000000000e+00 1.600000000000000089e+00 -3.024999999999999911e-03 -1.149999999999999981e-03 -9.999949999999999672e-01 3.162909999999999888e-01 9.486599999999999477e-01 -2.047999999999999907e-03 9.486580000000000013e-01 -3.162949999999999928e-01 -2.505999999999999981e-03
1.500000000000000000e+01 4.600000000000000000e+01 3.000000000000000000e+01 0.000000000000000000e+00 1.600000000000000089e+00 -2.158999999999999895e-03 3.589999999999999984e-04 -9.999980000000000535e-01 3.160290000000000044e-01 9.487489999999999535e-01 -3.409999999999999945e-04 9.487470000000000070e-01 -3.160290000000000044e-01 -2.161999999999999859e-03
2.000000000000000000e+00 5.800000000000000000e+01 3.100000000000000000e+01 0.000000000000000000e+00 1.600000000000000089e+00 2.280000000000000126e-04 2.132000000000000214e-03 9.999980000000000535e-01 -7.814510000000000067e-01 -6.239649999999999919e-01 1.508000000000000009e-03 6.239670000000000494e-01 -7.814489999999999492e-01 1.523999999999999964e-03
1.000000000000000000e+01 5.800000000000000000e+01 3.100000000000000000e+01 0.000000000000000000e+00 1.600000000000000089e+00 -4.840000000000000010e-04 3.400000000000000244e-04 1.000000000000000000e+00 -7.897509999999999808e-01 -6.134269999999999445e-01 -1.740000000000000010e-04 6.134269999999999445e-01 -7.897509999999999808e-01 5.649999999999999641e-04
1.500000000000000000e+01 5.800000000000000000e+01 3.100000000000000000e+01 0.000000000000000000e+00 1.600000000000000089e+00 1.448999999999999984e-03 1.794999999999999938e-03 9.999970000000000248e-01 -7.897420000000000551e-01 -6.134349999999999525e-01 2.245000000000000034e-03 6.134370000000000100e-01 -7.897429999999999728e-01 5.289999999999999564e-04
2.100000000000000000e+01 5.800000000000000000e+01 3.100000000000000000e+01 0.000000000000000000e+00 1.600000000000000089e+00 1.428999999999999932e-03 4.227999999999999987e-03 9.999900000000000455e-01 -7.872810000000000086e-01 -6.165829999999999922e-01 3.730999999999999941e-03 6.165920000000000289e-01 -7.872789999999999511e-01 2.446999999999999956e-03
2.700000000000000000e+01 5.800000000000000000e+01 3.100000000000000000e+01 0.000000000000000000e+00 1.600000000000000089e+00 6.719999999999999628e-04 -8.480000000000000124e-04 9.999989999999999712e-01 -7.819260000000000099e-01 -6.233720000000000372e-01 -3.000000000000000076e-06 6.233710000000000084e-01 -7.819249999999999812e-01 -1.082000000000000062e-03
1.000000000000000000e+00 4.600000000000000000e+01 3.500000000000000000e+01 0.000000000000000000e+00 1.600000000000000089e+00 2.799999999999999755e-04 -5.056999999999999863e-03 -9.999869999999999592e-01 3.896859999999999769e-01 -9.209349999999999481e-01 4.766000000000000271e-03 -9.209479999999999889e-01 -3.896819999999999729e-01 1.712999999999999896e-03
8.000000000000000000e+00 4.600000000000000000e+01 3.500000000000000000e+01 0.000000000000000000e+00 1.600000000000000089e+00 -1.510999999999999973e-03 -4.339999999999999782e-04 -9.999989999999999712e-01 3.903340000000000143e-01 -9.206729999999999636e-01 -1.910000000000000077e-04 -9.206720000000000459e-01 -3.903329999999999855e-01 1.561000000000000104e-03
1.000000000000000000e+01 4.600000000000000000e+01 3.500000000000000000e+01 0.000000000000000000e+00 1.600000000000000089e+00 -1.378000000000000102e-03 2.528999999999999998e-03 -9.999959999999999960e-01 3.899299999999999988e-01 -9.208399999999999919e-01 -2.866000000000000058e-03 -9.208439999999999959e-01 -3.899320000000000008e-01 2.829999999999999942e-04
2.000000000000000000e+01 4.600000000000000000e+01 3.500000000000000000e+01 0.000000000000000000e+00 1.600000000000000089e+00 -3.770000000000000022e-04 2.255000000000000060e-03 -9.999970000000000248e-01 3.907880000000000242e-01 -9.204780000000000184e-01 -2.223000000000000149e-03 -9.204809999999999937e-01 -3.907869999999999955e-01 -5.339999999999999695e-04
2.300000000000000000e+01 4.600000000000000000e+01 3.500000000000000000e+01 0.000000000000000000e+00 1.600000000000000089e+00 -4.380000000000000213e-04 -1.479999999999999979e-03 -9.999989999999999712e-01 3.908289999999999820e-01 -9.204620000000000024e-01 1.191000000000000001e-03 -9.204630000000000312e-01 -3.908280000000000087e-01 9.810000000000001011e-04
2.800000000000000000e+01 4.600000000000000000e+01 3.500000000000000000e+01 0.000000000000000000e+00 1.600000000000000089e+00 1.363000000000000062e-03 -1.149999999999999981e-03 -9.999980000000000535e-01 3.901589999999999780e-01 -9.207459999999999534e-01 1.590999999999999966e-03 -9.207469999999999821e-01 -3.901600000000000068e-01 -8.059999999999999673e-04
3.000000000000000000e+00 3.000000000000000000e+00 4.300000000000000000e+01 0.000000000000000000e+00 1.600000000000000089e+00 -1.386999999999999995e-03 1.431400000000000033e-02 -9.998970000000000358e-01 7.359959999999999836e-01 -6.769020000000000037e-01 -1.071100000000000003e-02 -6.769849999999999479e-01 -7.359339999999999771e-01 -9.596999999999999628e-03
7.000000000000000000e+00 3.000000000000000000e+00 4.300000000000000000e+01 0.000000000000000000e+00 1.600000000000000089e+00 -5.139999999999999604e-03 -6.202000000000000048e-03 -9.999679999999999680e-01 7.374960000000000404e-01 -6.753510000000000346e-01 3.980000000000000248e-04 -6.753320000000000434e-01 -7.374699999999999589e-01 8.045000000000000068e-03
2.100000000000000000e+01 3.000000000000000000e+00 4.300000000000000000e+01 0.000000000000000000e+00 1.600000000000000089e+00 -1.210000000000000002e-04 -9.742999999999999924e-03 -9.999529999999999808e-01 7.408460000000000045e-01 -6.716440000000000188e-01 6.453999999999999668e-03 -6.716750000000000220e-01 -7.408099999999999685e-01 7.298999999999999932e-03
2.700000000000000000e+01 3.000000000000000000e+00 4.300000000000000000e+01 0.000000000000000000e+00 1.600000000000000089e+00 -1.331000000000000065e-02 -2.641900000000000151e-02 -9.995619999999999505e-01 7.364110000000000378e-01 -6.764860000000000317e-01 8.073999999999999580e-03 -6.764029999999999765e-01 -7.359809999999999963e-01 2.845900000000000166e-02
8.000000000000000000e+00 8.000000000000000000e+00 4.400000000000000000e+01 0.000000000000000000e+00 1.600000000000000089e+00 7.540000000000000044e-04 -4.073000000000000231e-03 9.999909999999999632e-01 -7.845689999999999609e-01 -6.200390000000000068e-01 -1.933999999999999955e-03 6.200419999999999821e-01 -7.845600000000000351e-01 -3.663000000000000023e-03
4.000000000000000000e+00 2.900000000000000000e+01 4.400000000000000000e+01 0.000000000000000000e+00 1.600000000000000089e+00 8.109999999999999805e-04 1.538000000000000088e-03 -9.999980000000000535e-01 6.555379999999999541e-01 7.551609999999999712e-01 1.693000000000000060e-03 7.551619999999999999e-01 -6.555379999999999541e-01 -3.959999999999999762e-04
9.000000000000000000e+00 2.900000000000000000e+01 4.400000000000000000e+01 0.000000000000000000e+00 1.600000000000000089e+00 1.320000000000000101e-04 8.149999999999999693e-04 -1.000000000000000000e+00 6.635229999999999739e-01 7.481550000000000145e-01 6.980000000000000527e-04 7.481560000000000432e-01 -6.635229999999999739e-01 -4.420000000000000101e-04
1.400000000000000000e+01 2.900000000000000000e+01 4.400000000000000000e+01 0.000000000000000000e+00 1.600000000000000089e+00 1.010000000000000047e-03 -3.809999999999999910e-04 -9.999989999999999712e-01 6.581839999999999913e-01 7.528569999999999984e-01 3.780000000000000265e-04 7.528559999999999697e-01 -6.581839999999999913e-01 1.012000000000000096e-03
1.900000000000000000e+01 2.900000000000000000e+01 4.400000000000000000e+01 0.000000000000000000e+00 1.600000000000000089e+00 6.880000000000000265e-04 -1.562999999999999936e-03 -9.999989999999999712e-01 6.513139999999999485e-01 7.588080000000000380e-01 -7.380000000000000492e-04 7.588080000000000380e-01 -6.513130000000000308e-01 1.539999999999999919e-03
2.600000000000000000e+01 2.900000000000000000e+01 4.400000000000000000e+01 0.000000000000000000e+00 1.600000000000000089e+00 7.299999999999999903e-05 1.918000000000000000e-03 -9.999980000000000535e-01 6.472360000000000335e-01 7.622879999999999656e-01 1.508999999999999925e-03 7.622900000000000231e-01 -6.472350000000000048e-01 -1.185999999999999988e-03
1.400000000000000000e+01 6.500000000000000000e+01 4.600000000000000000e+01 0.000000000000000000e+00 1.600000000000000089e+00 -5.950000000000000427e-04 -2.150000000000000001e-03 9.999970000000000248e-01 6.807229999999999670e-01 -7.325399999999999689e-01 -1.168999999999999900e-03 7.325409999999999977e-01 6.807199999999999918e-01 1.899000000000000080e-03
2.400000000000000000e+01 6.500000000000000000e+01 4.600000000000000000e+01 0.000000000000000000e+00 1.600000000000000089e+00 8.469999999999999881e-04 -4.113000000000000336e-03 9.999909999999999632e-01 6.820030000000000259e-01 -7.313410000000000188e-01 -3.585000000000000079e-03 7.313490000000000268e-01 6.820000000000000506e-01 2.184999999999999876e-03
2.200000000000000000e+01 7.000000000000000000e+01 4.700000000000000000e+01 0.000000000000000000e+00 1.600000000000000089e+00 -5.310000000000000050e-04 5.339999999999999695e-04 -1.000000000000000000e+00 -8.428330000000000544e-01 -5.381749999999999590e-01 1.600000000000000131e-04 -5.381749999999999590e-01 8.428330000000000544e-01 7.360000000000000006e-04
1.200000000000000000e+01 5.000000000000000000e+00 5.100000000000000000e+01 0.000000000000000000e+00 1.600000000000000089e+00 2.820000000000000241e-04 -2.090999999999999977e-03 -9.999980000000000535e-01 4.787449999999999761e-01 -8.779519999999999547e-01 1.971000000000000096e-03 -8.779540000000000122e-01 -4.787449999999999761e-01 7.529999999999999801e-04
1.500000000000000000e+01 5.000000000000000000e+00 5.100000000000000000e+01 0.000000000000000000e+00 1.600000000000000089e+00 7.389999999999999651e-04 6.068999999999999742e-03 -9.999810000000000088e-01 4.794269999999999921e-01 -8.775680000000000147e-01 -4.971999999999999857e-03 -8.775810000000000555e-01 -4.794149999999999801e-01 -3.557999999999999965e-03
2.300000000000000000e+01 5.000000000000000000e+00 5.100000000000000000e+01 0.000000000000000000e+00 1.600000000000000089e+00 6.920000000000000153e-04 -3.193999999999999791e-03 -9.999949999999999672e-01 4.724249999999999838e-01 -8.813649999999999540e-01 3.141999999999999828e-03 -8.813710000000000155e-01 -4.724240000000000106e-01 8.989999999999999511e-04
2.900000000000000000e+01 5.000000000000000000e+00 5.100000000000000000e+01 0.000000000000000000e+00 1.600000000000000089e+00 -6.098000000000000122e-03 -1.354600000000000075e-02 -9.998899999999999455e-01 4.810010000000000119e-01 -8.766749999999999821e-01 8.942999999999999561e-03 -8.766990000000000061e-01 -4.808930000000000149e-01 1.186199999999999928e-02
7.000000000000000000e+00 1.150000000000000000e+02 5.100000000000000000e+01 0.000000000000000000e+00 1.600000000000000089e+00 1.632999999999999903e-03 6.830000000000000134e-04 9.999980000000000535e-01 8.448090000000000321e-01 -5.350669999999999593e-01 -1.015000000000000060e-03 5.350660000000000416e-01 8.448090000000000321e-01 -1.451000000000000033e-03
1.500000000000000000e+01 7.000000000000000000e+00 5.200000000000000000e+01 0.000000000000000000e+00 1.600000000000000089e+00 1.018000000000000025e-03 1.941000000000000017e-03 -9.999980000000000535e-01 1.179499999999999993e-01 -9.930179999999999563e-01 -1.807000000000000012e-03 -9.930189999999999850e-01 -1.179479999999999973e-01 -1.240000000000000000e-03
2.000000000000000000e+01 7.000000000000000000e+00 5.200000000000000000e+01 0.000000000000000000e+00 1.600000000000000089e+00 -6.080000000000000335e-04 3.000000000000000076e-05 -1.000000000000000000e+00 9.956199999999999772e-02 -9.950309999999999988e-01 -9.000000000000000567e-05 -9.950309999999999988e-01 -9.956199999999999772e-02 6.019999999999999961e-04
3.000000000000000000e+00 6.300000000000000000e+01 5.400000000000000000e+01 0.000000000000000000e+00 1.600000000000000089e+00 6.909999999999999910e-04 -3.707999999999999925e-03 9.999930000000000208e-01 -3.518769999999999953e-01 9.360389999999999544e-01 3.713999999999999854e-03 -9.360460000000000447e-01 -3.518769999999999953e-01 -6.579999999999999478e-04
7.000000000000000000e+00 6.300000000000000000e+01 5.400000000000000000e+01 0.000000000000000000e+00 1.600000000000000089e+00 1.364999999999999894e-03 -8.959999999999999866e-04 9.999989999999999712e-01 -3.507879999999999887e-01 9.364540000000000086e-01 1.317999999999999944e-03 -9.364540000000000086e-01 -3.507890000000000175e-01 9.640000000000000131e-04
1.200000000000000000e+01 6.300000000000000000e+01 5.400000000000000000e+01 0.000000000000000000e+00 1.600000000000000089e+00 -8.790000000000000070e-04 -5.969999999999999829e-04 9.999989999999999712e-01 -3.450940000000000119e-01 9.385679999999999579e-01 2.570000000000000127e-04 -9.385679999999999579e-01 -3.450940000000000119e-01 -1.031000000000000015e-03
1.600000000000000000e+01 6.300000000000000000e+01 5.400000000000000000e+01 0.000000000000000000e+00 1.600000000000000089e+00 -1.103999999999999947e-03 2.900000000000000017e-04 9.999989999999999712e-01 -3.418829999999999925e-01 9.397419999999999662e-01 -6.499999999999999702e-04 -9.397419999999999662e-01 -3.418840000000000212e-01 -9.389999999999999476e-04
2.600000000000000000e+01 6.300000000000000000e+01 5.400000000000000000e+01 0.000000000000000000e+00 1.600000000000000089e+00 1.508999999999999925e-03 2.011999999999999900e-03 9.999970000000000248e-01 -3.324500000000000233e-01 9.431199999999999584e-01 -1.396000000000000105e-03 -9.431199999999999584e-01 -3.324469999999999925e-01 2.092000000000000109e-03
3.000000000000000000e+01 6.300000000000000000e+01 5.400000000000000000e+01 0.000000000000000000e+00 1.600000000000000089e+00 7.789999999999999616e-04 5.408999999999999746e-03 9.999850000000000128e-01 -3.287399999999999767e-01 9.444080000000000252e-01 -4.852000000000000410e-03 -9.444200000000000372e-01 -3.287309999999999954e-01 2.514000000000000175e-03
1.100000000000000000e+01 2.500000000000000000e+01 5.500000000000000000e+01 0.000000000000000000e+00 1.600000000000000089e+00 -9.870000000000000301e-04 -2.883000000000000146e-03 -9.999949999999999672e-01 -1.151399999999999993e-02 -9.999299999999999855e-01 2.893999999999999871e-03 -9.999329999999999607e-01 1.151699999999999946e-02 9.539999999999999869e-04
1.900000000000000000e+01 2.500000000000000000e+01 5.500000000000000000e+01 0.000000000000000000e+00 1.600000000000000089e+00 1.814999999999999990e-03 8.614000000000000129e-03 -9.999609999999999888e-01 -1.111799999999999941e-02 -9.999010000000000398e-01 -8.633000000000000049e-03 -9.999369999999999647e-01 1.113300000000000053e-02 -1.719999999999999958e-03
3.000000000000000000e+00 2.100000000000000000e+01 6.000000000000000000e+01 0.000000000000000000e+00 1.600000000000000089e+00 -1.800000000000000113e-04 -4.651999999999999885e-03 9.999890000000000168e-01 -9.397500000000000298e-02 9.955640000000000045e-01 4.614000000000000046e-03 -9.955749999999999877e-01 -9.397300000000000098e-02 -6.160000000000000111e-04
1.700000000000000000e+01 2.100000000000000000e+01 6.000000000000000000e+01 0.000000000000000000e+00 1.600000000000000089e+00 2.232000000000000043e-03 -1.621799999999999978e-02 9.998660000000000325e-01 -9.389400000000000523e-02 9.954479999999999995e-01 1.635599999999999901e-02 -9.955800000000000205e-01 -9.391800000000000148e-02 6.999999999999999929e-04
2.100000000000000000e+01 2.100000000000000000e+01 6.000000000000000000e+01 0.000000000000000000e+00 1.600000000000000089e+00 -2.530000000000000239e-04 -9.039999999999999425e-03 9.999590000000000423e-01 -9.060899999999999510e-02 9.958460000000000090e-01 8.980000000000000135e-03 -9.958869999999999667e-01 -9.060300000000000298e-02 -1.072000000000000036e-03
2.500000000000000000e+01 2.100000000000000000e+01 6.000000000000000000e+01 0.000000000000000000e+00 1.600000000000000089e+00 -1.613000000000000067e-03 -9.520000000000000467e-04 9.999980000000000535e-01 -8.923999999999999988e-02 9.960099999999999509e-01 8.040000000000000271e-04 -9.960090000000000332e-01 -8.923899999999999888e-02 -1.691000000000000012e-03
3.000000000000000000e+00 6.700000000000000000e+01 6.000000000000000000e+01 0.000000000000000000e+00 1.600000000000000089e+00 5.569999999999999864e-04 6.159000000000000412e-03 9.999810000000000088e-01 1.790140000000000065e-01 -9.838289999999999536e-01 5.960000000000000020e-03 9.838459999999999983e-01 1.790069999999999995e-01 -1.650999999999999907e-03
9.000000000000000000e+00 6.700000000000000000e+01 6.000000000000000000e+01 0.000000000000000000e+00 1.600000000000000089e+00 1.721000000000000090e-03 2.556000000000000112e-03 9.999949999999999672e-01 1.742829999999999935e-01 -9.846930000000000405e-01 2.216999999999999787e-03 9.846939999999999582e-01 1.742779999999999885e-01 -2.139999999999999975e-03
2.900000000000000000e+01 3.000000000000000000e+00 6.300000000000000000e+01 0.000000000000000000e+00 1.600000000000000089e+00 -1.936999999999999920e-03 -4.781999999999999792e-03 9.999869999999999592e-01 -6.115920000000000245e-01 7.911690000000000111e-01 2.599000000000000182e-03 -7.911709999999999576e-01 -6.115779999999999550e-01 -4.457000000000000024e-03
1.200000000000000000e+01 1.200000000000000000e+01 6.300000000000000000e+01 0.000000000000000000e+00 1.600000000000000089e+00 7.945999999999999938e-03 3.330000000000000169e-04 -9.999679999999999680e-01 -1.545980000000000132e-01 -9.879759999999999653e-01 -1.557999999999999923e-03 -9.879459999999999908e-01 1.546049999999999924e-01 -7.798000000000000244e-03
4.000000000000000000e+00 2.700000000000000000e+01 6.300000000000000000e+01 0.000000000000000000e+00 1.600000000000000089e+00 -3.399999999999999973e-05 -4.602000000000000188e-03 9.999890000000000168e-01 -2.723070000000000213e-01 9.622000000000000552e-01 4.419000000000000185e-03 -9.622100000000000097e-01 -2.723039999999999905e-01 -1.286000000000000034e-03
8.000000000000000000e+00 2.700000000000000000e+01 6.300000000000000000e+01 0.000000000000000000e+00 1.600000000000000089e+00 -4.960000000000000216e-04 -3.089999999999999756e-04 1.000000000000000000e+00 -2.743590000000000195e-01 9.616270000000000095e-01 1.610000000000000103e-04 -9.616270000000000095e-01 -2.743590000000000195e-01 -5.619999999999999996e-04
1.200000000000000000e+01 2.700000000000000000e+01 6.300000000000000000e+01 0.000000000000000000e+00 1.600000000000000089e+00 1.949999999999999965e-04 7.550000000000000287e-04 1.000000000000000000e+00 -2.729400000000000159e-01 9.620309999999999695e-01 -6.729999999999999871e-04 -9.620309999999999695e-01 -2.729400000000000159e-01 3.939999999999999817e-04
1.500000000000000000e+01 2.700000000000000000e+01 6.300000000000000000e+01 0.000000000000000000e+00 1.600000000000000089e+00 1.407000000000000048e-03 -8.599999999999999789e-04 9.999989999999999712e-01 -2.716759999999999731e-01 9.623880000000000212e-01 1.209999999999999921e-03 -9.623880000000000212e-01 -2.716770000000000018e-01 1.119999999999999902e-03
2.100000000000000000e+01 2.700000000000000000e+01 6.300000000000000000e+01 0.000000000000000000e+00 1.600000000000000089e+00 3.105999999999999820e-03 8.963000000000000481e-03 9.999550000000000383e-01 -2.679699999999999860e-01 9.633960000000000301e-01 -7.803000000000000040e-03 -9.634220000000000006e-01 -2.679340000000000055e-01 5.394000000000000357e-03
2.500000000000000000e+01 2.700000000000000000e+01 6.300000000000000000e+01 0.000000000000000000e+00 1.600000000000000089e+00 -2.382000000000000003e-03 -6.126999999999999634e-03 9.999780000000000335e-01 -2.657430000000000070e-01 9.640300000000000535e-01 5.274000000000000042e-03 -9.640410000000000368e-01 -2.657240000000000157e-01 -3.924999999999999670e-03
3.000000000000000000e+00 2.600000000000000000e+01 6.400000000000000000e+01 0.000000000000000000e+00 1.600000000000000089e+00 1.191999999999999917e-03 -3.720999999999999915e-03 9.999919999999999920e-01 -3.519140000000000046e-01 9.360239999999999672e-01 3.902000000000000086e-03 -9.360319999999999752e-01 -3.519160000000000066e-01 -1.930000000000000021e-04
8.000000000000000000e+00 2.600000000000000000e+01 6.400000000000000000e+01 0.000000000000000000e+00 1.600000000000000089e+00 -3.570000000000000040e-04 -6.570000000000000319e-04 1.000000000000000000e+00 -3.539450000000000096e-01 9.352660000000000418e-01 4.879999999999999898e-04 -9.352660000000000418e-01 -3.539439999999999809e-01 -5.670000000000000127e-04
1.200000000000000000e+01 2.600000000000000000e+01 6.400000000000000000e+01 0.000000000000000000e+00 1.600000000000000089e+00 9.899999999999999404e-05 3.390000000000000001e-04 1.000000000000000000e+00 -3.530369999999999897e-01 9.356090000000000240e-01 -2.820000000000000241e-04 -9.356090000000000240e-01 -3.530369999999999897e-01 2.120000000000000031e-04
1.600000000000000000e+01 2.600000000000000000e+01 6.400000000000000000e+01 0.000000000000000000e+00 1.600000000000000089e+00 1.843999999999999936e-03 4.200000000000000174e-04 9.999980000000000535e-01 -3.514459999999999806e-01 9.362080000000000402e-01 2.550000000000000183e-04 -9.362059999999999826e-01 -3.514459999999999806e-01 1.874000000000000015e-03
2.000000000000000000e+01 2.600000000000000000e+01 6.400000000000000000e+01 0.000000000000000000e+00 1.600000000000000089e+00 1.451000000000000033e-03 6.433000000000000350e-03 9.999780000000000335e-01 -3.490570000000000062e-01 9.370849999999999458e-01 -5.520999999999999866e-03 -9.371000000000000441e-01 -3.490420000000000189e-01 3.605000000000000131e-03
2.400000000000000000e+01 2.600000000000000000e+01 6.400000000000000000e+01 0.000000000000000000e+00 1.600000000000000089e+00 -3.669999999999999760e-04 -4.662000000000000345e-03 9.999890000000000168e-01 -3.468089999999999784e-01 9.379260000000000375e-01 4.244999999999999642e-03 -9.379359999999999919e-01 -3.468040000000000012e-01 -1.961000000000000069e-03
2.900000000000000000e+01 2.600000000000000000e+01 6.400000000000000000e+01 0.000000000000000000e+00 1.600000000000000089e+00 -6.489999999999999459e-04 -1.564300000000000065e-02 9.998770000000000158e-01 -3.532210000000000072e-01 9.354289999999999550e-01 1.440600000000000040e-02 -9.355400000000000382e-01 -3.531679999999999819e-01 -6.133000000000000430e-03
