1.000000000000000000e+01 2.500000000000000000e+01 1.000000000000000000e+00 0.000000000000000000e+00 1.600000000000000089e+00 7.853000000000000605e-03 2.243799999999999961e-02 -9.997169999999999668e-01 -5.168340000000000156e-01 -8.557690000000000019e-01 -2.326699999999999949e-02 -8.560499999999999776e-01 5.168709999999999694e-01 4.876000000000000126e-03
2.300000000000000000e+01 2.500000000000000000e+01 1.000000000000000000e+00 0.000000000000000000e+00 1.600000000000000089e+00 -2.145999999999999904e-03 -7.933000000000000815e-03 -9.999660000000000215e-01 -5.211750000000000549e-01 -8.534129999999999772e-01 7.889000000000000179e-03 -8.534469999999999557e-01 5.211750000000000549e-01 -2.302999999999999926e-03
6.000000000000000000e+00 1.700000000000000000e+01 3.000000000000000000e+00 0.000000000000000000e+00 1.600000000000000089e+00 2.456399999999999903e-02 2.250900000000000123e-02 -9.994450000000000278e-01 -7.076149999999999940e-01 -7.058140000000000525e-01 -3.328699999999999715e-02 -7.061720000000000219e-01 7.080389999999999739e-01 -1.410000000000000012e-03
2.000000000000000000e+01 1.800000000000000000e+01 3.000000000000000000e+00 0.000000000000000000e+00 1.600000000000000089e+00 9.282999999999999585e-03 7.988000000000000309e-03 -9.999249999999999527e-01 -7.769580000000000375e-01 -6.294330000000000203e-01 -1.224100000000000014e-02 -6.294840000000000435e-01 7.770129999999999537e-01 3.629999999999999872e-04
4.000000000000000000e+00 4.200000000000000000e+01 3.000000000000000000e+00 0.000000000000000000e+00 1.600000000000000089e+00 -5.674709999999999477e-01 -5.878670000000000284e-01 5.765310000000000157e-01 -7.037510000000000154e-01 7.097689999999999833e-01 3.103200000000000056e-02 -4.274470000000000214e-01 -3.881249999999999978e-01 -8.164860000000000451e-01
2.400000000000000000e+01 2.100000000000000000e+01 4.000000000000000000e+00 0.000000000000000000e+00 1.600000000000000089e+00 -1.059000000000000045e-03 -3.069999999999999812e-04 -9.999989999999999712e-01 -6.565779999999999950e-01 -7.542569999999999553e-01 9.269999999999999811e-04 -7.542569999999999553e-01 6.565790000000000237e-01 5.969999999999999829e-04
2.700000000000000000e+01 2.100000000000000000e+01 4.000000000000000000e+00 0.000000000000000000e+00 1.600000000000000089e+00 -2.337000000000000102e-03 2.550999999999999882e-03 -9.999940000000000495e-01 -6.568209999999999882e-01 -7.540459999999999940e-01 -3.890000000000000228e-04 -7.540430000000000188e-01 6.568159999999999554e-01 3.438000000000000084e-03
2.300000000000000000e+01 1.010000000000000000e+02 7.000000000000000000e+00 0.000000000000000000e+00 1.600000000000000089e+00 6.473999999999999720e-03 2.938299999999999940e-02 9.995469999999999633e-01 8.854020000000000223e-01 4.644220000000000015e-01 -1.938700000000000145e-02 -4.647819999999999729e-01 8.851259999999999684e-01 -2.300900000000000167e-02
2.000000000000000000e+00 2.500000000000000000e+01 8.000000000000000000e+00 0.000000000000000000e+00 1.600000000000000089e+00 3.337999999999999821e-03 5.074000000000000385e-03 -9.999820000000000375e-01 4.384460000000000024e-01 8.987370000000000081e-01 6.023999999999999841e-03 8.987509999999999666e-01 -4.384580000000000144e-01 7.759999999999999971e-04
8.000000000000000000e+00 2.500000000000000000e+01 8.000000000000000000e+00 0.000000000000000000e+00 1.600000000000000089e+00 -1.392999999999999924e-03 4.734000000000000360e-03 -9.999879999999999880e-01 4.381349999999999967e-01 8.989019999999999788e-01 3.644999999999999803e-03 8.989080000000000403e-01 -4.381240000000000134e-01 -3.327000000000000096e-03
1.200000000000000000e+01 2.500000000000000000e+01 8.000000000000000000e+00 0.000000000000000000e+00 1.600000000000000089e+00 -5.785000000000000211e-03 1.375099999999999933e-02 -9.998890000000000278e-01 4.390780000000000238e-01 8.983950000000000546e-01 9.815000000000000807e-03 8.984299999999999509e-01 -4.389719999999999733e-01 -1.123500000000000019e-02
1.700000000000000000e+01 2.500000000000000000e+01 8.000000000000000000e+00 0.000000000000000000e+00 1.600000000000000089e+00 3.916000000000000210e-03 -2.024099999999999858e-02 -9.997869999999999813e-01 4.417460000000000275e-01 8.969899999999999540e-01 -1.643000000000000016e-02 8.971320000000000405e-01 -4.415870000000000073e-01 1.245399999999999979e-02
2.100000000000000000e+01 2.500000000000000000e+01 8.000000000000000000e+00 0.000000000000000000e+00 1.600000000000000089e+00 1.610000000000000103e-03 -2.084799999999999848e-02 -9.997810000000000308e-01 4.407059999999999866e-01 8.974710000000000187e-01 -1.800500000000000017e-02 8.976499999999999480e-01 -4.405800000000000272e-01 1.063300000000000009e-02
3.000000000000000000e+00 2.400000000000000000e+01 9.000000000000000000e+00 0.000000000000000000e+00 1.600000000000000089e+00 2.491999999999999858e-03 6.740000000000000331e-03 -9.999740000000000295e-01 4.445649999999999880e-01 8.957180000000000142e-01 7.145000000000000309e-03 8.957429999999999559e-01 -4.445709999999999940e-01 -7.640000000000000306e-04
8.000000000000000000e+00 2.400000000000000000e+01 9.000000000000000000e+00 0.000000000000000000e+00 1.600000000000000089e+00 -7.200000000000000453e-04 3.782000000000000205e-03 -9.999930000000000208e-01 4.452610000000000179e-01 8.953959999999999697e-01 3.066000000000000149e-03 8.954010000000000025e-01 -4.452550000000000119e-01 -2.328000000000000208e-03
1.200000000000000000e+01 2.400000000000000000e+01 9.000000000000000000e+00 0.000000000000000000e+00 1.600000000000000089e+00 -3.338999999999999954e-03 3.595999999999999804e-03 -9.999879999999999880e-01 4.446160000000000112e-01 8.957199999999999607e-01 1.737000000000000046e-03 8.957150000000000389e-01 -4.446049999999999724e-01 -4.590000000000000330e-03
1.600000000000000000e+01 2.400000000000000000e+01 9.000000000000000000e+00 0.000000000000000000e+00 1.600000000000000089e+00 1.195000000000000099e-03 -4.859999999999999737e-03 -9.999869999999999592e-01 4.448799999999999977e-01 8.955819999999999892e-01 -3.821000000000000178e-03 8.955889999999999684e-01 -4.448699999999999877e-01 3.233000000000000197e-03
2.200000000000000000e+01 2.400000000000000000e+01 9.000000000000000000e+00 0.000000000000000000e+00 1.600000000000000089e+00 7.209999999999999612e-04 -1.375999999999999966e-02 -9.999050000000000438e-01 4.459420000000000051e-01 8.949820000000000553e-01 -1.199399999999999945e-02 8.950620000000000243e-01 -4.458909999999999818e-01 6.780999999999999701e-03
2.900000000000000000e+01 2.400000000000000000e+01 9.000000000000000000e+00 0.000000000000000000e+00 1.600000000000000089e+00 5.068999999999999721e-03 -2.455000000000000151e-03 -9.999839999999999840e-01 4.497070000000000234e-01 8.931759999999999700e-01 8.700000000000000051e-05 8.931620000000000115e-01 -4.496999999999999886e-01 5.630999999999999721e-03
1.000000000000000000e+00 8.000000000000000000e+00 1.000000000000000000e+01 0.000000000000000000e+00 1.600000000000000089e+00 5.817300000000000249e-02 9.096999999999999184e-03 -9.982649999999999579e-01 -9.980980000000000407e-01 -1.992400000000000074e-02 -5.834500000000000103e-02 -2.042000000000000065e-02 9.997599999999999820e-01 7.920999999999999222e-03
7.000000000000000000e+00 4.900000000000000000e+01 1.000000000000000000e+01 0.000000000000000000e+00 1.600000000000000089e+00 8.165470000000000228e-01 -2.567670000000000230e-01 5.170310000000000183e-01 -4.229310000000000014e-01 -8.756789999999999852e-01 2.330569999999999864e-01 3.929119999999999835e-01 -4.089709999999999734e-01 -8.236280000000000268e-01
2.000000000000000000e+00 4.000000000000000000e+00 1.100000000000000000e+01 0.000000000000000000e+00 1.600000000000000089e+00 -1.366000000000000027e-03 5.472199999999999981e-02 9.985009999999999719e-01 1.711809999999999998e-01 -9.837500000000000133e-01 5.414800000000000169e-02 9.852389999999999759e-01 1.709990000000000121e-01 -8.023000000000000617e-03
6.000000000000000000e+00 4.000000000000000000e+00 1.100000000000000000e+01 0.000000000000000000e+00 1.600000000000000089e+00 -5.689999999999999529e-04 6.265099999999999836e-02 9.980350000000000055e-01 1.642740000000000034e-01 -9.844709999999999850e-01 6.189299999999999663e-02 9.864150000000000418e-01 1.639869999999999939e-01 -9.731999999999999332e-03
2.900000000000000000e+01 3.500000000000000000e+01 1.200000000000000000e+01 0.000000000000000000e+00 1.600000000000000089e+00 4.820000000000000066e-04 -4.229000000000000120e-03 -9.999909999999999632e-01 4.044090000000000185e-01 -9.145689999999999653e-01 4.062999999999999771e-03 -9.145780000000000021e-01 -4.044070000000000165e-01 1.268999999999999946e-03
1.100000000000000000e+01 3.200000000000000000e+01 1.300000000000000000e+01 0.000000000000000000e+00 1.600000000000000089e+00 1.803700000000000095e-02 1.129359999999999947e-01 9.934380000000000432e-01 6.099999999999999737e-04 9.935990000000000100e-01 -1.129649999999999960e-01 -9.998369999999999758e-01 2.644000000000000083e-03 1.785300000000000081e-02
5.000000000000000000e+00 4.800000000000000000e+01 1.300000000000000000e+01 0.000000000000000000e+00 1.600000000000000089e+00 8.642250000000000210e-01 -1.194979999999999931e-01 4.887079999999999758e-01 -2.331459999999999921e-01 -9.559079999999999799e-01 1.785549999999999915e-01 4.458230000000000248e-01 -2.682519999999999905e-01 -8.539809999999999901e-01
4.000000000000000000e+00 4.800000000000000000e+01 1.500000000000000000e+01 0.000000000000000000e+00 1.600000000000000089e+00 8.534739999999999549e-01 -2.031689999999999885e-01 4.798999999999999932e-01 -3.044239999999999724e-01 -9.417889999999999873e-01 1.426860000000000073e-01 4.229749999999999899e-01 -2.678719999999999990e-01 -8.656420000000000226e-01
8.000000000000000000e+00 1.200000000000000000e+01 1.600000000000000000e+01 0.000000000000000000e+00 1.600000000000000089e+00 -1.022299999999999945e-02 7.120400000000000340e-02 9.974089999999999900e-01 2.356530000000000014e-01 -9.691959999999999464e-01 7.160500000000000198e-02 9.717829999999999524e-01 2.357750000000000123e-01 -6.871000000000000371e-03
1.400000000000000000e+01 1.300000000000000000e+01 1.600000000000000000e+01 0.000000000000000000e+00 1.600000000000000089e+00 -3.252999999999999815e-03 7.283199999999999397e-02 9.973389999999999755e-01 1.560529999999999973e-01 -9.850879999999999637e-01 7.244599999999999651e-02 9.877430000000000376e-01 1.558740000000000125e-01 -8.160999999999999852e-03
1.900000000000000000e+01 1.300000000000000000e+01 1.600000000000000000e+01 0.000000000000000000e+00 1.600000000000000089e+00 7.470000000000000511e-04 5.346599999999999964e-02 9.985690000000000399e-01 1.223329999999999973e-01 -9.910740000000000105e-01 5.297299999999999925e-02 9.924889999999999546e-01 1.221190000000000053e-01 -7.281000000000000145e-03
2.300000000000000000e+01 1.300000000000000000e+01 1.600000000000000000e+01 0.000000000000000000e+00 1.600000000000000089e+00 9.190000000000000035e-04 3.733999999999999819e-02 9.993020000000000236e-01 1.115609999999999935e-01 -9.930679999999999508e-01 3.700400000000000217e-02 9.937570000000000014e-01 1.114490000000000064e-01 -5.078000000000000048e-03
1.000000000000000000e+01 4.800000000000000000e+01 1.600000000000000000e+01 0.000000000000000000e+00 1.600000000000000089e+00 -4.244379999999999820e-01 -7.804780000000000051e-01 -4.590279999999999916e-01 9.054039999999999866e-01 -3.712969999999999882e-01 -2.058679999999999954e-01 -9.759999999999999579e-03 -5.029839999999999867e-01 8.642410000000000370e-01
4.000000000000000000e+00 1.160000000000000000e+02 1.600000000000000000e+01 0.000000000000000000e+00 1.600000000000000089e+00 -2.031999999999999952e-03 2.237999999999999972e-03 9.999949999999999672e-01 8.351460000000000550e-01 5.500279999999999614e-01 4.659999999999999971e-04 -5.500239999999999574e-01 8.351429999999999687e-01 -2.987000000000000072e-03
4.000000000000000000e+00 3.500000000000000000e+01 1.700000000000000000e+01 0.000000000000000000e+00 1.600000000000000089e+00 -3.377580000000000027e-01 -1.929109999999999991e-01 -9.212519999999999598e-01 -8.608879999999999866e-01 -3.323729999999999740e-01 3.852260000000000129e-01 -3.805140000000000189e-01 9.232080000000000286e-01 -5.381299999999999972e-02
1.300000000000000000e+01 2.000000000000000000e+00 1.900000000000000000e+01 0.000000000000000000e+00 1.600000000000000089e+00 -9.438999999999999474e-03 3.899099999999999788e-02 -9.991950000000000554e-01 3.151590000000000225e-01 -9.481960000000000388e-01 -3.997799999999999965e-02 -9.489919999999999467e-01 -3.152829999999999799e-01 -3.338999999999999954e-03
2.500000000000000000e+01 2.000000000000000000e+00 1.900000000000000000e+01 0.000000000000000000e+00 1.600000000000000089e+00 -5.057999999999999996e-03 5.628000000000000190e-03 -9.999710000000000543e-01 2.837500000000000022e-01 -9.588740000000000041e-01 -6.832000000000000399e-03 -9.588849999999999874e-01 -2.837759999999999727e-01 3.252999999999999815e-03
2.000000000000000000e+00 3.000000000000000000e+00 1.900000000000000000e+01 0.000000000000000000e+00 1.600000000000000089e+00 -9.414999999999999758e-03 3.681999999999999856e-02 -9.992779999999999996e-01 3.360409999999999786e-01 -9.410870000000000068e-01 -3.784200000000000064e-02 -9.417999999999999705e-01 -3.361540000000000084e-01 -3.511999999999999931e-03
9.000000000000000000e+00 3.000000000000000000e+00 1.900000000000000000e+01 0.000000000000000000e+00 1.600000000000000089e+00 -1.195399999999999935e-02 4.591900000000000148e-02 -9.988740000000000396e-01 3.322330000000000005e-01 -9.420119999999999605e-01 -4.728099999999999664e-02 -9.431220000000000159e-01 -3.324239999999999973e-01 -3.994000000000000154e-03
1.200000000000000000e+01 3.000000000000000000e+00 1.900000000000000000e+01 0.000000000000000000e+00 1.600000000000000089e+00 -1.045699999999999928e-02 3.953500000000000070e-02 -9.991630000000000233e-01 3.281470000000000220e-01 -9.437459999999999738e-01 -4.077599999999999975e-02 -9.445689999999999920e-01 -3.282990000000000075e-01 -3.105000000000000121e-03
1.700000000000000000e+01 3.000000000000000000e+00 1.900000000000000000e+01 0.000000000000000000e+00 1.600000000000000089e+00 -7.512999999999999713e-03 2.442300000000000026e-02 -9.996730000000000338e-01 3.205359999999999876e-01 -9.468919999999999559e-01 -2.554299999999999973e-02 -9.472070000000000212e-01 -3.206229999999999913e-01 -7.150000000000000322e-04
2.000000000000000000e+01 3.000000000000000000e+00 1.900000000000000000e+01 0.000000000000000000e+00 1.600000000000000089e+00 -4.322999999999999586e-03 1.999899999999999942e-02 -9.997909999999999853e-01 3.133360000000000034e-01 -9.494240000000000457e-01 -2.034599999999999950e-02 -9.496329999999999494e-01 -3.133580000000000254e-01 -2.161999999999999859e-03
3.000000000000000000e+00 4.000000000000000000e+00 2.000000000000000000e+01 0.000000000000000000e+00 1.600000000000000089e+00 -6.958999999999999908e-03 3.476599999999999829e-02 -9.993710000000000093e-01 3.885970000000000257e-01 -9.207530000000000436e-01 -3.473699999999999705e-02 -9.213810000000000056e-01 -3.885950000000000237e-01 -7.101999999999999806e-03
6.000000000000000000e+00 4.000000000000000000e+00 2.000000000000000000e+01 0.000000000000000000e+00 1.600000000000000089e+00 -8.378000000000000030e-03 3.911200000000000093e-02 -9.991999999999999771e-01 3.979079999999999839e-01 -9.165870000000000406e-01 -3.921499999999999986e-02 -9.173869999999999525e-01 -3.979179999999999939e-01 -7.884000000000000383e-03
9.000000000000000000e+00 4.000000000000000000e+00 2.000000000000000000e+01 0.000000000000000000e+00 1.600000000000000089e+00 -9.088999999999999857e-03 4.287400000000000239e-02 -9.990390000000000104e-01 4.091560000000000197e-01 -9.114590000000000192e-01 -4.283800000000000108e-02 -9.124189999999999801e-01 -4.091520000000000157e-01 -9.258000000000000604e-03
1.800000000000000000e+01 4.000000000000000000e+00 2.000000000000000000e+01 0.000000000000000000e+00 1.600000000000000089e+00 -6.164000000000000208e-03 2.223199999999999829e-02 -9.997340000000000115e-01 4.255860000000000198e-01 -9.046319999999999917e-01 -2.274100000000000080e-02 -9.048969999999999514e-01 -4.256130000000000191e-01 -3.886000000000000131e-03
2.100000000000000000e+01 4.000000000000000000e+00 2.000000000000000000e+01 0.000000000000000000e+00 1.600000000000000089e+00 -4.532999999999999703e-03 1.821499999999999855e-02 -9.998240000000000460e-01 4.246059999999999834e-01 -9.051909999999999679e-01 -1.841599999999999834e-02 -9.053670000000000329e-01 -4.246150000000000202e-01 -3.631000000000000113e-03
6.000000000000000000e+00 1.300000000000000000e+01 2.000000000000000000e+01 0.000000000000000000e+00 1.600000000000000089e+00 1.420000000000000092e-04 -3.429000000000000190e-03 9.999940000000000495e-01 2.669460000000000166e-01 9.637059999999999516e-01 3.266999999999999939e-03 -9.637120000000000131e-01 2.669440000000000146e-01 1.051999999999999984e-03
1.200000000000000000e+01 1.300000000000000000e+01 2.000000000000000000e+01 0.000000000000000000e+00 1.600000000000000089e+00 -2.431000000000000001e-03 -3.860000000000000150e-03 9.999900000000000455e-01 2.827850000000000086e-01 9.591730000000000533e-01 4.389999999999999805e-03 -9.591800000000000326e-01 2.827930000000000166e-01 -1.240999999999999916e-03
1.600000000000000000e+01 1.300000000000000000e+01 2.000000000000000000e+01 0.000000000000000000e+00 1.600000000000000089e+00 -1.644999999999999978e-03 -4.289000000000000278e-03 9.999890000000000168e-01 2.953200000000000269e-01 9.553869999999999862e-01 4.584000000000000401e-03 -9.553970000000000518e-01 2.953250000000000042e-01 -3.049999999999999868e-04
2.000000000000000000e+01 1.300000000000000000e+01 2.000000000000000000e+01 0.000000000000000000e+00 1.600000000000000089e+00 -9.820000000000000170e-04 2.134000000000000046e-03 9.999970000000000248e-01 3.042610000000000037e-01 9.525869999999999616e-01 -1.734000000000000081e-03 -9.525879999999999903e-01 3.042579999999999729e-01 -1.585000000000000037e-03
2.900000000000000000e+01 1.300000000000000000e+01 2.000000000000000000e+01 0.000000000000000000e+00 1.600000000000000089e+00 2.959999999999999849e-04 3.380000000000000192e-03 9.999940000000000495e-01 3.132190000000000252e-01 9.496750000000000469e-01 -3.301999999999999814e-03 -9.496809999999999974e-01 3.132179999999999964e-01 -7.780000000000000457e-04
2.400000000000000000e+01 1.400000000000000000e+01 2.000000000000000000e+01 0.000000000000000000e+00 1.600000000000000089e+00 5.800000000000000034e-05 1.778999999999999982e-03 9.999980000000000535e-01 2.671459999999999946e-01 9.636550000000000393e-01 -1.729999999999999984e-03 -9.636559999999999571e-01 2.671459999999999946e-01 -4.189999999999999931e-04
2.400000000000000000e+01 1.600000000000000000e+01 2.100000000000000000e+01 0.000000000000000000e+00 1.600000000000000089e+00 5.349999999999999938e-04 7.347000000000000232e-03 9.999730000000000008e-01 3.034830000000000028e-01 9.528100000000000458e-01 -7.161999999999999963e-03 -9.528370000000000450e-01 3.034780000000000255e-01 -1.719999999999999958e-03
2.900000000000000000e+01 1.600000000000000000e+01 2.100000000000000000e+01 0.000000000000000000e+00 1.600000000000000089e+00 1.599999999999999928e-05 5.693000000000000144e-03 9.999839999999999840e-01 3.038429999999999742e-01 9.527069999999999705e-01 -5.428999999999999798e-03 -9.527219999999999578e-01 3.038379999999999970e-01 -1.714999999999999945e-03
3.000000000000000000e+00 3.900000000000000000e+01 2.300000000000000000e+01 0.000000000000000000e+00 1.600000000000000089e+00 -4.244640000000000080e-01 -8.111399999999999721e-01 4.023450000000000082e-01 -8.569269999999999943e-01 5.033870000000000289e-01 1.108060000000000017e-01 -2.924149999999999805e-01 -2.977469999999999839e-01 -9.087570000000000370e-01
1.400000000000000000e+01 4.200000000000000000e+01 2.300000000000000000e+01 0.000000000000000000e+00 1.600000000000000089e+00 -9.786989999999999856e-01 -1.833130000000000037e-01 9.243400000000000227e-02 -1.507149999999999879e-01 9.472620000000000484e-01 2.828049999999999731e-01 -1.394009999999999971e-01 2.628499999999999726e-01 -9.547130000000000338e-01
5.000000000000000000e+00 3.000000000000000000e+00 2.500000000000000000e+01 0.000000000000000000e+00 1.600000000000000089e+00 -1.146299999999999923e-02 3.303799999999999792e-02 9.993880000000000541e-01 3.229300000000000226e-02 -9.989200000000000301e-01 3.339299999999999907e-02 9.994129999999999958e-01 3.265599999999999753e-02 1.038399999999999913e-02
8.000000000000000000e+00 3.000000000000000000e+00 2.500000000000000000e+01 0.000000000000000000e+00 1.600000000000000089e+00 -8.951000000000000623e-03 3.971199999999999730e-02 9.991710000000000313e-01 2.266800000000000065e-02 -9.989460000000000006e-01 3.990599999999999703e-02 9.997030000000000083e-01 2.300599999999999867e-02 8.042000000000000537e-03
1.600000000000000000e+01 3.000000000000000000e+00 2.500000000000000000e+01 0.000000000000000000e+00 1.600000000000000089e+00 -6.190000000000000190e-03 2.615900000000000170e-02 9.996390000000000553e-01 -1.188400000000000047e-02 -9.995889999999999498e-01 2.608500000000000055e-02 9.999099999999999655e-01 -1.171900000000000025e-02 6.498000000000000304e-03
2.300000000000000000e+01 4.200000000000000000e+01 2.500000000000000000e+01 0.000000000000000000e+00 1.600000000000000089e+00 1.357000000000000046e-02 -6.688239999999999741e-01 7.432969999999999855e-01 -4.466089999999999782e-01 6.610420000000000185e-01 6.029630000000000267e-01 -8.946260000000000323e-01 -3.401449999999999751e-01 -2.897330000000000183e-01
2.400000000000000000e+01 3.900000000000000000e+01 2.900000000000000000e+01 0.000000000000000000e+00 1.600000000000000089e+00 -1.622039999999999871e-01 -9.313590000000000479e-01 3.259770000000000167e-01 5.397790000000000088e-01 -3.602909999999999724e-01 -7.608080000000000398e-01 8.260319999999999885e-01 5.254999999999999949e-02 5.611690000000000289e-01
5.000000000000000000e+00 5.800000000000000000e+01 3.100000000000000000e+01 0.000000000000000000e+00 1.600000000000000089e+00 1.696000000000000025e-03 1.919999999999999832e-02 9.998139999999999805e-01 -7.899819999999999620e-01 -6.129890000000000061e-01 1.311099999999999939e-02 6.131269999999999776e-01 -7.898579999999999490e-01 1.412799999999999993e-02
1.800000000000000000e+01 5.800000000000000000e+01 3.100000000000000000e+01 0.000000000000000000e+00 1.600000000000000089e+00 7.190000000000000210e-03 8.887000000000000802e-03 9.999350000000000183e-01 -7.970709999999999740e-01 -6.037839999999999874e-01 1.109800000000000023e-02 6.038430000000000186e-01 -7.970979999999999732e-01 2.743000000000000212e-03
2.500000000000000000e+01 5.800000000000000000e+01 3.100000000000000000e+01 0.000000000000000000e+00 1.600000000000000089e+00 8.509999999999999769e-04 8.496999999999999345e-03 9.999639999999999640e-01 -8.007640000000000313e-01 -5.989529999999999577e-01 5.771000000000000088e-03 5.989799999999999569e-01 -8.007389999999999786e-01 6.294000000000000115e-03
2.800000000000000000e+01 5.800000000000000000e+01 3.100000000000000000e+01 0.000000000000000000e+00 1.600000000000000089e+00 9.089999999999999773e-04 -2.420000000000000005e-04 1.000000000000000000e+00 -7.984029999999999738e-01 -6.021229999999999638e-01 5.800000000000000034e-04 6.021220000000000461e-01 -7.984040000000000026e-01 -7.410000000000000137e-04
1.000000000000000000e+00 5.500000000000000000e+01 3.300000000000000000e+01 0.000000000000000000e+00 1.600000000000000089e+00 1.155600000000000030e-02 -3.411899999999999655e-02 -9.993509999999999893e-01 4.117089999999999916e-01 -9.106100000000000305e-01 3.584999999999999992e-02 -9.112419999999999964e-01 -4.118559999999999999e-01 3.523999999999999789e-03
1.900000000000000000e+01 2.300000000000000000e+01 3.400000000000000000e+01 0.000000000000000000e+00 1.600000000000000089e+00 7.269999999999999987e-04 8.680000000000000215e-03 9.999620000000000175e-01 3.968670000000000253e-01 -9.178439999999999932e-01 7.677999999999999929e-03 9.178760000000000252e-01 3.968470000000000053e-01 -4.112000000000000204e-03
2.300000000000000000e+01 2.300000000000000000e+01 3.400000000000000000e+01 0.000000000000000000e+00 1.600000000000000089e+00 3.608000000000000096e-03 2.056999999999999801e-03 9.999909999999999632e-01 3.981199999999999739e-01 -9.173329999999999540e-01 4.510000000000000120e-04 9.173259999999999748e-01 3.981149999999999967e-01 -4.127999999999999725e-03
2.500000000000000000e+01 4.600000000000000000e+01 3.500000000000000000e+01 0.000000000000000000e+00 1.600000000000000089e+00 -6.531999999999999612e-03 -1.604959999999999998e-01 -9.870149999999999757e-01 3.832829999999999848e-01 -9.120549999999999491e-01 1.457710000000000117e-01 -9.236079999999999846e-01 -3.773540000000000227e-01 6.747300000000000519e-02
4.000000000000000000e+00 2.900000000000000000e+01 3.600000000000000000e+01 0.000000000000000000e+00 1.600000000000000089e+00 5.371089999999999476e-01 5.312339999999999840e-01 -6.552139999999999631e-01 7.847779999999999756e-01 -2.992600000000000121e-02 6.190550000000000219e-01 3.092550000000000021e-01 -8.466970000000000329e-01 -4.329740000000000255e-01
1.100000000000000000e+01 5.000000000000000000e+01 3.600000000000000000e+01 0.000000000000000000e+00 1.600000000000000089e+00 -9.993999999999999412e-03 -1.760539999999999883e-01 -9.843300000000000383e-01 1.764459999999999917e-01 -9.692429999999999657e-01 1.715639999999999943e-01 -9.842600000000000238e-01 -1.719670000000000087e-01 4.075000000000000150e-02
1.900000000000000000e+01 9.500000000000000000e+01 3.600000000000000000e+01 0.000000000000000000e+00 1.600000000000000089e+00 -2.286999999999999970e-03 -4.595599999999999685e-02 9.989409999999999679e-01 9.984380000000000477e-01 5.565599999999999714e-02 4.845999999999999613e-03 -5.581900000000000056e-02 9.973919999999999453e-01 4.575699999999999906e-02
1.400000000000000000e+01 3.100000000000000000e+01 3.700000000000000000e+01 0.000000000000000000e+00 1.600000000000000089e+00 1.764259999999999995e-01 -9.746540000000000203e-01 -1.375599999999999878e-01 6.615560000000000329e-01 2.208930000000000060e-01 -7.166240000000000387e-01 7.288459999999999939e-01 3.542800000000000116e-02 6.837600000000000344e-01
2.000000000000000000e+01 9.500000000000000000e+01 3.700000000000000000e+01 0.000000000000000000e+00 1.600000000000000089e+00 9.759999999999999796e-04 -2.521199999999999830e-02 9.996819999999999595e-01 9.972670000000000146e-01 7.387100000000000610e-02 8.890000000000000333e-04 -7.386900000000000410e-02 9.969489999999999741e-01 2.521599999999999883e-02
8.000000000000000000e+00 5.000000000000000000e+01 3.800000000000000000e+01 0.000000000000000000e+00 1.600000000000000089e+00 -1.901500000000000065e-02 -3.331740000000000257e-01 9.426740000000000119e-01 -3.292419999999999791e-01 -8.881700000000000150e-01 -3.205520000000000036e-01 9.440539999999999488e-01 -3.164629999999999943e-01 -9.280599999999999961e-02
4.000000000000000000e+00 2.000000000000000000e+01 3.900000000000000000e+01 0.000000000000000000e+00 1.600000000000000089e+00 1.008599999999999948e-02 -1.511900000000000049e-02 9.998350000000000293e-01 -4.775099999999999900e-01 8.784399999999999986e-01 1.810000000000000150e-02 -8.785680000000000156e-01 -4.776139999999999830e-01 1.639999999999999965e-03
1.300000000000000000e+01 2.800000000000000000e+01 4.000000000000000000e+01 0.000000000000000000e+00 1.600000000000000089e+00 -4.974800000000000055e-02 -8.643279999999999852e-01 -5.004619999999999624e-01 7.548270000000000257e-01 2.955940000000000234e-01 -5.855430000000000357e-01 6.540350000000000330e-01 -4.068919999999999759e-01 6.377119999999999456e-01
1.100000000000000000e+01 2.400000000000000000e+01 4.100000000000000000e+01 0.000000000000000000e+00 1.600000000000000089e+00 -2.597000000000000003e-02 -5.360970000000000457e-01 8.437569999999999792e-01 -6.972599999999999909e-01 6.145450000000000079e-01 3.690019999999999967e-01 -7.163469999999999560e-01 -5.787349999999999994e-01 -3.897590000000000221e-01
1.300000000000000000e+01 2.700000000000000000e+01 4.100000000000000000e+01 0.000000000000000000e+00 1.600000000000000089e+00 -4.505800000000000083e-02 -6.286260000000000181e-01 -7.764010000000000078e-01 7.892940000000000511e-01 4.540020000000000167e-01 -4.133970000000000145e-01 6.123600000000000154e-01 -6.314359999999999973e-01 4.757149999999999990e-01
8.000000000000000000e+00 4.700000000000000000e+01 4.100000000000000000e+01 0.000000000000000000e+00 1.600000000000000089e+00 -1.392829999999999901e-01 6.513079999999999981e-01 -7.459209999999999452e-01 -5.861699999999999688e-01 5.528899999999999926e-01 5.922140000000000182e-01 7.981260000000000021e-01 5.197220000000000173e-01 3.047690000000000121e-01
1.200000000000000000e+01 2.600000000000000000e+01 4.200000000000000000e+01 0.000000000000000000e+00 1.600000000000000089e+00 -6.747300000000000519e-02 -4.118640000000000079e-01 -9.087439999999999962e-01 8.455209999999999670e-01 4.599239999999999995e-01 -2.712269999999999959e-01 5.296610000000000484e-01 -7.866630000000000011e-01 3.172070000000000167e-01
1.900000000000000000e+01 5.000000000000000000e+01 4.200000000000000000e+01 0.000000000000000000e+00 1.600000000000000089e+00 -3.983979999999999744e-01 8.527789999999999537e-01 -3.377069999999999794e-01 -5.363580000000000014e-01 8.206900000000000306e-02 8.399910000000000432e-01 7.440419999999999812e-01 5.157829999999999915e-01 4.246989999999999932e-01
2.000000000000000000e+00 2.500000000000000000e+01 4.300000000000000000e+01 0.000000000000000000e+00 1.600000000000000089e+00 1.729610000000000036e-01 5.086580000000000545e-01 -8.434169999999999723e-01 8.103420000000000067e-01 4.132560000000000122e-01 4.154100000000000015e-01 5.598480000000000123e-01 -7.553050000000000042e-01 -3.407100000000000128e-01
1.100000000000000000e+01 2.500000000000000000e+01 4.300000000000000000e+01 0.000000000000000000e+00 1.600000000000000089e+00 -8.930899999999999950e-02 -2.938370000000000148e-01 -9.516740000000000199e-01 8.844750000000000112e-01 4.159349999999999992e-01 -2.114260000000000028e-01 4.579599999999999782e-01 -8.606150000000000189e-01 2.227449999999999986e-01
1.900000000000000000e+01 5.100000000000000000e+01 4.300000000000000000e+01 0.000000000000000000e+00 1.600000000000000089e+00 -2.997949999999999782e-01 8.436000000000000165e-01 -4.454899999999999971e-01 -5.033670000000000089e-01 2.567999999999999727e-01 8.250309999999999588e-01 8.103979999999999517e-01 4.715849999999999764e-01 3.476529999999999898e-01
1.400000000000000000e+01 2.900000000000000000e+01 4.400000000000000000e+01 0.000000000000000000e+00 1.600000000000000089e+00 -4.750900000000000262e-02 -1.842000000000000104e-03 -9.988690000000000069e-01 7.656519999999999992e-01 6.421559999999999491e-01 -3.760000000000000148e-02 6.414990000000000414e-01 -7.665720000000000312e-01 -2.909799999999999887e-02
2.700000000000000000e+01 2.900000000000000000e+01 4.400000000000000000e+01 0.000000000000000000e+00 1.600000000000000089e+00 6.459000000000000331e-03 1.034000000000000023e-02 -9.999259999999999815e-01 6.983939999999999593e-01 7.156139999999999723e-01 1.191099999999999971e-02 7.156839999999999868e-01 -6.984190000000000120e-01 -2.599000000000000182e-03
1.400000000000000000e+01 6.500000000000000000e+01 4.600000000000000000e+01 0.000000000000000000e+00 1.600000000000000089e+00 6.960000000000000041e-04 3.116999999999999979e-03 9.999949999999999672e-01 6.789129999999999887e-01 -7.342170000000000085e-01 1.815999999999999906e-03 7.342189999999999550e-01 6.789079999999999560e-01 -2.626999999999999995e-03
2.900000000000000000e+01 7.000000000000000000e+01 4.700000000000000000e+01 0.000000000000000000e+00 1.600000000000000089e+00 2.560000000000000209e-03 1.235900000000000019e-02 -9.999200000000000310e-01 -8.369529999999999470e-01 -5.472019999999999662e-01 -8.906000000000000721e-03 -5.472679999999999767e-01 8.369090000000000140e-01 8.942999999999999561e-03
1.700000000000000000e+01 2.900000000000000000e+01 4.800000000000000000e+01 0.000000000000000000e+00 1.600000000000000089e+00 1.222700000000000002e-02 5.530600000000000099e-02 9.983950000000000324e-01 3.553560000000000052e-01 9.330500000000000460e-01 -5.603799999999999754e-02 -9.346510000000000096e-01 3.554709999999999814e-01 -8.245000000000000592e-03
2.200000000000000000e+01 2.900000000000000000e+01 4.800000000000000000e+01 0.000000000000000000e+00 1.600000000000000089e+00 3.288000000000000124e-03 -5.729999999999999850e-03 9.999780000000000335e-01 3.748859999999999970e-01 9.270620000000000527e-01 4.080000000000000293e-03 -9.270650000000000279e-01 3.748639999999999750e-01 5.196000000000000098e-03
2.700000000000000000e+01 2.900000000000000000e+01 4.800000000000000000e+01 0.000000000000000000e+00 1.600000000000000089e+00 -2.854000000000000200e-03 7.084000000000000019e-03 9.999710000000000543e-01 3.619999999999999885e-01 9.321620000000000461e-01 -5.571000000000000431e-03 -9.321739999999999471e-01 3.619729999999999892e-01 -5.224999999999999610e-03
1.400000000000000000e+01 4.800000000000000000e+01 4.900000000000000000e+01 0.000000000000000000e+00 1.600000000000000089e+00 6.906189999999999829e-01 -4.656040000000000179e-01 5.534059999999999535e-01 2.069269999999999998e-01 8.604220000000000201e-01 4.656770000000000076e-01 -6.929840000000000444e-01 -2.070909999999999973e-01 6.905689999999999884e-01
3.000000000000000000e+00 6.000000000000000000e+00 5.100000000000000000e+01 0.000000000000000000e+00 1.600000000000000089e+00 -1.397000000000000021e-03 -2.974000000000000081e-03 -9.999949999999999672e-01 2.950030000000000152e-01 -9.554930000000000367e-01 2.429999999999999868e-03 -9.554949999999999832e-01 -2.949979999999999825e-01 2.211999999999999991e-03
7.000000000000000000e+00 1.150000000000000000e+02 5.100000000000000000e+01 0.000000000000000000e+00 1.600000000000000089e+00 -6.219999999999999835e-03 1.132999999999999979e-02 9.999160000000000270e-01 8.537979999999999459e-01 -5.204839999999999467e-01 1.120900000000000021e-02 5.205680000000000307e-01 8.537959999999999994e-01 -6.435999999999999881e-03
1.300000000000000000e+01 1.150000000000000000e+02 5.100000000000000000e+01 0.000000000000000000e+00 1.600000000000000089e+00 -2.750999999999999973e-03 1.765900000000000108e-02 9.998399999999999510e-01 8.579090000000000327e-01 -5.136749999999999927e-01 1.143300000000000045e-02 5.137950000000000017e-01 8.578029999999999822e-01 -1.373699999999999921e-02
1.100000000000000000e+01 7.000000000000000000e+00 5.200000000000000000e+01 0.000000000000000000e+00 1.600000000000000089e+00 7.494999999999999926e-03 4.832000000000000357e-03 -9.999599999999999600e-01 6.671699999999999853e-02 -9.977629999999999555e-01 -4.321000000000000188e-03 -9.977439999999999642e-01 -6.668200000000000516e-02 -7.800999999999999775e-03
1.900000000000000000e+01 7.000000000000000000e+00 5.200000000000000000e+01 0.000000000000000000e+00 1.600000000000000089e+00 6.509999999999999945e-04 -3.942000000000000191e-03 -9.999919999999999920e-01 7.401199999999999446e-02 -9.972490000000000521e-01 3.978999999999999898e-03 -9.972569999999999490e-01 -7.401399999999999646e-02 -3.570000000000000040e-04
8.000000000000000000e+00 4.400000000000000000e+01 5.300000000000000000e+01 0.000000000000000000e+00 1.600000000000000089e+00 -2.775819999999999954e-01 -9.091409999999999769e-01 3.105010000000000270e-01 -8.573060000000000125e-01 3.802730000000000277e-01 3.470159999999999911e-01 -4.335609999999999742e-01 -1.698689999999999922e-01 -8.849690000000000056e-01
2.000000000000000000e+00 6.300000000000000000e+01 5.400000000000000000e+01 0.000000000000000000e+00 1.600000000000000089e+00 -1.399999999999999986e-03 5.906999999999999924e-03 9.999820000000000375e-01 -3.634419999999999873e-01 9.315970000000000084e-01 -6.011999999999999983e-03 -9.316159999999999997e-01 -3.634439999999999893e-01 8.429999999999999993e-04
6.000000000000000000e+00 6.300000000000000000e+01 5.400000000000000000e+01 0.000000000000000000e+00 1.600000000000000089e+00 7.129999999999999836e-04 3.575000000000000053e-03 9.999930000000000208e-01 -3.594499999999999917e-01 9.331589999999999607e-01 -3.079999999999999839e-03 -9.331639999999999935e-01 -3.594450000000000145e-01 1.949999999999999910e-03
1.200000000000000000e+01 6.300000000000000000e+01 5.400000000000000000e+01 0.000000000000000000e+00 1.600000000000000089e+00 1.319000000000000077e-03 2.955999999999999860e-03 9.999949999999999672e-01 -3.655660000000000021e-01 9.307830000000000270e-01 -2.269000000000000183e-03 -9.307839999999999447e-01 -3.655610000000000248e-01 2.308000000000000156e-03
1.700000000000000000e+01 6.300000000000000000e+01 5.400000000000000000e+01 0.000000000000000000e+00 1.600000000000000089e+00 -1.394999999999999973e-03 -1.886000000000000090e-03 9.999970000000000248e-01 -3.651039999999999841e-01 9.309659999999999602e-01 1.247000000000000062e-03 -9.309659999999999602e-01 -3.651010000000000089e-01 -1.987000000000000051e-03
2.100000000000000000e+01 6.300000000000000000e+01 5.400000000000000000e+01 0.000000000000000000e+00 1.600000000000000089e+00 -1.054999999999999948e-03 2.530999999999999830e-03 9.999959999999999960e-01 -3.570019999999999860e-01 9.341000000000000414e-01 -2.740999999999999947e-03 -9.341030000000000166e-01 -3.570030000000000148e-01 -8.200000000000000095e-05
9.000000000000000000e+00 2.500000000000000000e+01 5.500000000000000000e+01 0.000000000000000000e+00 1.600000000000000089e+00 1.654600000000000168e-02 5.887149999999999883e-01 8.081709999999999727e-01 2.632299999999999918e-02 8.077459999999999640e-01 -5.889429999999999943e-01 -9.995169999999999888e-01 3.101800000000000043e-02 -2.132000000000000214e-03
8.000000000000000000e+00 2.600000000000000000e+01 5.500000000000000000e+01 0.000000000000000000e+00 1.600000000000000089e+00 1.486900000000000027e-02 5.922199999999999687e-01 8.056389999999999940e-01 -3.733000000000000207e-03 8.057560000000000278e-01 -5.922359999999999847e-01 -9.998820000000000485e-01 5.798000000000000202e-03 1.419199999999999975e-02
8.000000000000000000e+00 4.300000000000000000e+01 5.500000000000000000e+01 0.000000000000000000e+00 1.600000000000000089e+00 -9.601200000000000012e-02 -8.771600000000000508e-01 4.705010000000000026e-01 -9.637489999999999668e-01 2.001350000000000073e-01 1.764479999999999937e-01 -2.489369999999999916e-01 -4.365040000000000031e-01 -8.645779999999999577e-01
3.000000000000000000e+00 4.400000000000000000e+01 5.500000000000000000e+01 0.000000000000000000e+00 1.600000000000000089e+00 -8.265900000000000469e-01 -2.665520000000000111e-01 4.956800000000000095e-01 -3.430179999999999896e-01 9.368480000000000141e-01 -6.822200000000000486e-02 -4.461919999999999775e-01 -2.264190000000000091e-01 -8.658219999999999805e-01
9.000000000000000000e+00 4.900000000000000000e+01 5.500000000000000000e+01 0.000000000000000000e+00 1.600000000000000089e+00 -1.101800000000000002e-01 2.440049999999999997e-01 9.634949999999999903e-01 -9.203580000000000094e-01 3.409320000000000128e-01 -1.915880000000000083e-01 -3.752349999999999852e-01 -9.078690000000000371e-01 1.870080000000000076e-01
6.000000000000000000e+00 4.500000000000000000e+01 5.600000000000000000e+01 0.000000000000000000e+00 1.600000000000000089e+00 -7.046919999999999851e-01 -3.970319999999999960e-01 5.880260000000000487e-01 -4.599639999999999840e-01 8.866690000000000405e-01 4.745200000000000112e-02 -5.402240000000000375e-01 -2.370319999999999927e-01 -8.074489999999999723e-01
4.000000000000000000e+00 4.900000000000000000e+01 5.600000000000000000e+01 0.000000000000000000e+00 1.600000000000000089e+00 -1.940000000000000101e-03 -5.382350000000000190e-01 8.427930000000000144e-01 -7.476049999999999640e-01 5.605160000000000142e-01 3.562429999999999763e-01 -6.641409999999999814e-01 -6.293849999999999723e-01 -4.034739999999999993e-01
1.000000000000000000e+01 4.900000000000000000e+01 5.600000000000000000e+01 0.000000000000000000e+00 1.600000000000000089e+00 -8.779099999999999404e-02 2.514509999999999801e-01 9.638799999999999590e-01 -8.910500000000000087e-01 4.127600000000000158e-01 -1.888360000000000039e-01 -4.453340000000000076e-01 -8.754440000000000000e-01 1.878190000000000137e-01
