2.000000000000000000e+00 1.600000000000000000e+01 4.000000000000000000e+00 0.000000000000000000e+00 1.600000000000000089e+00 -6.629999999999999609e-04 3.090100000000000138e-02 9.995220000000000216e-01 3.390509999999999913e-01 -9.403120000000000367e-01 2.929500000000000159e-02 9.407680000000000486e-01 3.389090000000000158e-01 -9.853000000000000647e-03
5.000000000000000000e+00 1.600000000000000000e+01 4.000000000000000000e+00 0.000000000000000000e+00 1.600000000000000089e+00 -1.002000000000000069e-03 3.126000000000000306e-02 9.995110000000000383e-01 3.387140000000000151e-01 -9.404190000000000049e-01 2.975099999999999967e-02 9.408889999999999754e-01 3.385790000000000188e-01 -9.646000000000000060e-03
9.000000000000000000e+00 1.600000000000000000e+01 4.000000000000000000e+00 0.000000000000000000e+00 1.600000000000000089e+00 -2.766999999999999928e-03 2.637400000000000161e-02 9.996479999999999810e-01 3.349989999999999912e-01 -9.418659999999999810e-01 2.577700000000000130e-02 9.422150000000000247e-01 3.349520000000000275e-01 -6.229000000000000162e-03
1.600000000000000000e+01 1.600000000000000000e+01 4.000000000000000000e+00 0.000000000000000000e+00 1.600000000000000089e+00 -2.396999999999999825e-03 1.157900000000000075e-02 9.999299999999999855e-01 3.228570000000000051e-01 -9.463749999999999662e-01 1.173199999999999937e-02 9.464449999999999807e-01 3.228619999999999823e-01 -1.469999999999999953e-03
2.300000000000000000e+01 1.600000000000000000e+01 4.000000000000000000e+00 0.000000000000000000e+00 1.600000000000000089e+00 -1.043000000000000090e-03 1.473499999999999983e-02 9.998909999999999743e-01 3.159770000000000079e-01 -9.486590000000000300e-01 1.430900000000000054e-02 9.487659999999999982e-01 3.159580000000000166e-01 -3.665999999999999988e-03
2.900000000000000000e+01 1.600000000000000000e+01 4.000000000000000000e+00 0.000000000000000000e+00 1.600000000000000089e+00 -1.224999999999999960e-03 4.945999999999999876e-03 9.999869999999999592e-01 3.214799999999999880e-01 -9.469030000000000502e-01 5.076999999999999916e-03 9.469159999999999799e-01 3.214819999999999900e-01 -4.299999999999999894e-04
5.000000000000000000e+00 1.010000000000000000e+02 7.000000000000000000e+00 0.000000000000000000e+00 1.600000000000000089e+00 3.609999999999999928e-04 1.627299999999999927e-02 9.998679999999999790e-01 8.870510000000000339e-01 4.616040000000000143e-01 -7.834000000000000685e-03 -4.616709999999999980e-01 8.869369999999999754e-01 -1.426900000000000043e-02
2.000000000000000000e+01 1.010000000000000000e+02 7.000000000000000000e+00 0.000000000000000000e+00 1.600000000000000089e+00 2.079999999999999872e-04 1.655999999999999920e-03 9.999989999999999712e-01 8.899420000000000108e-01 4.560730000000000062e-01 -9.399999999999999719e-04 -4.560739999999999794e-01 8.899409999999999821e-01 -1.379000000000000017e-03
2.600000000000000000e+01 1.010000000000000000e+02 7.000000000000000000e+00 0.000000000000000000e+00 1.600000000000000089e+00 6.299999999999999990e-05 -2.559999999999999884e-04 1.000000000000000000e+00 8.896969999999999601e-01 4.565509999999999846e-01 6.099999999999999872e-05 -4.565509999999999846e-01 8.896969999999999601e-01 2.559999999999999884e-04
4.000000000000000000e+00 1.500000000000000000e+01 8.000000000000000000e+00 0.000000000000000000e+00 1.600000000000000089e+00 9.272999999999999993e-03 2.703300000000000147e-02 -9.995910000000000073e-01 -5.732410000000000005e-01 -8.189260000000000428e-01 -2.746499999999999983e-02 -8.193340000000000067e-01 5.732620000000000493e-01 7.901999999999999302e-03
9.000000000000000000e+00 1.500000000000000000e+01 8.000000000000000000e+00 0.000000000000000000e+00 1.600000000000000089e+00 1.056799999999999927e-02 2.616500000000000076e-02 -9.996019999999999905e-01 -5.711850000000000538e-01 -8.203599999999999781e-01 -2.751200000000000173e-02 -8.207529999999999548e-01 5.712490000000000068e-01 6.275000000000000196e-03
1.400000000000000000e+01 1.500000000000000000e+01 8.000000000000000000e+00 0.000000000000000000e+00 1.600000000000000089e+00 6.432000000000000217e-03 1.713299999999999892e-02 -9.998329999999999718e-01 -5.677309999999999857e-01 -8.230229999999999491e-01 -1.775499999999999995e-02 -8.231889999999999485e-01 5.677499999999999769e-01 4.433999999999999574e-03
2.000000000000000000e+00 2.600000000000000000e+01 8.000000000000000000e+00 0.000000000000000000e+00 1.600000000000000089e+00 -6.226999999999999896e-03 -2.893599999999999992e-02 -9.995619999999999505e-01 4.153200000000000225e-01 9.092160000000000242e-01 -2.890699999999999867e-02 9.096539999999999626e-01 -4.153180000000000205e-01 6.355999999999999671e-03
1.200000000000000000e+01 2.600000000000000000e+01 8.000000000000000000e+00 0.000000000000000000e+00 1.600000000000000089e+00 -6.243000000000000285e-03 -1.135399999999999951e-02 -9.999160000000000270e-01 4.226750000000000229e-01 9.061890000000000223e-01 -1.292800000000000026e-02 9.062599999999999545e-01 -4.227199999999999847e-01 -8.589999999999999546e-04
1.600000000000000000e+01 2.600000000000000000e+01 8.000000000000000000e+00 0.000000000000000000e+00 1.600000000000000089e+00 -4.919999999999999894e-03 -1.081099999999999943e-02 -9.999289999999999567e-01 4.235510000000000108e-01 9.057939999999999880e-01 -1.187799999999999967e-02 9.058589999999999698e-01 -4.235800000000000121e-01 1.219999999999999974e-04
2.100000000000000000e+01 2.600000000000000000e+01 8.000000000000000000e+00 0.000000000000000000e+00 1.600000000000000089e+00 -4.899999999999999842e-04 -6.603000000000000362e-03 -9.999780000000000335e-01 4.234669999999999823e-01 9.058910000000000018e-01 -6.189000000000000057e-03 9.059120000000000505e-01 -4.234600000000000031e-01 2.351999999999999924e-03
2.800000000000000000e+01 2.600000000000000000e+01 8.000000000000000000e+00 0.000000000000000000e+00 1.600000000000000089e+00 -1.722000000000000006e-03 -1.533999999999999990e-03 -9.999970000000000248e-01 4.230079999999999951e-01 9.061240000000000405e-01 -2.118000000000000091e-03 9.061240000000000405e-01 -4.230099999999999971e-01 -9.110000000000000259e-04
1.400000000000000000e+01 1.400000000000000000e+01 9.000000000000000000e+00 0.000000000000000000e+00 1.600000000000000089e+00 6.589000000000000239e-03 1.943800000000000042e-02 -9.997890000000000388e-01 -5.613479999999999581e-01 -8.273439999999999683e-01 -1.978399999999999950e-02 -8.275540000000000118e-01 5.613599999999999701e-01 5.459999999999999576e-03
2.000000000000000000e+01 1.400000000000000000e+01 9.000000000000000000e+00 0.000000000000000000e+00 1.600000000000000089e+00 4.662999999999999610e-03 1.200400000000000078e-02 -9.999169999999999447e-01 -5.595280000000000253e-01 -8.287170000000000369e-01 -1.255799999999999972e-02 -8.287989999999999524e-01 5.595400000000000373e-01 2.851999999999999934e-03
2.500000000000000000e+01 1.400000000000000000e+01 9.000000000000000000e+00 0.000000000000000000e+00 1.600000000000000089e+00 1.276000000000000007e-03 8.271999999999999839e-03 -9.999649999999999928e-01 -5.574609999999999843e-01 -8.301690000000000458e-01 -7.578999999999999800e-03 -8.302019999999999955e-01 5.574510000000000298e-01 3.552000000000000036e-03
2.800000000000000000e+01 1.400000000000000000e+01 9.000000000000000000e+00 0.000000000000000000e+00 1.600000000000000089e+00 8.229999999999999469e-04 -2.073000000000000190e-03 -9.999970000000000248e-01 -5.570559999999999956e-01 -8.304740000000000455e-01 1.263000000000000017e-03 -8.304740000000000455e-01 5.570540000000000491e-01 -1.838000000000000007e-03
1.000000000000000000e+00 2.400000000000000000e+01 9.000000000000000000e+00 0.000000000000000000e+00 1.600000000000000089e+00 -6.229000000000000162e-03 -3.117999999999999938e-02 -9.994939999999999936e-01 4.698930000000000051e-01 8.821980000000000377e-01 -3.045000000000000137e-02 8.827009999999999579e-01 -4.698450000000000126e-01 9.155999999999999209e-03
8.000000000000000000e+00 2.400000000000000000e+01 9.000000000000000000e+00 0.000000000000000000e+00 1.600000000000000089e+00 -9.320999999999999425e-03 -2.464500000000000024e-02 -9.996530000000000138e-01 4.762870000000000159e-01 8.789019999999999611e-01 -2.610900000000000026e-02 8.792400000000000215e-01 -4.763649999999999829e-01 3.546000000000000107e-03
3.000000000000000000e+01 1.020000000000000000e+02 9.000000000000000000e+00 0.000000000000000000e+00 1.600000000000000089e+00 8.899999999999999491e-05 5.760000000000000146e-04 1.000000000000000000e+00 9.249060000000000059e-01 3.801959999999999784e-01 -3.009999999999999980e-04 -3.801959999999999784e-01 9.249060000000000059e-01 -4.989999999999999861e-04
5.000000000000000000e+00 3.100000000000000000e+01 1.200000000000000000e+01 0.000000000000000000e+00 1.600000000000000089e+00 -1.020000000000000073e-03 -6.696999999999999828e-03 9.999770000000000048e-01 -2.397900000000000031e-02 9.996899999999999675e-01 6.670999999999999847e-03 -9.997120000000000450e-01 -2.397099999999999925e-02 -1.180999999999999975e-03
2.000000000000000000e+00 3.500000000000000000e+01 1.200000000000000000e+01 0.000000000000000000e+00 1.600000000000000089e+00 -1.884000000000000041e-03 -1.347000000000000107e-03 -9.999970000000000248e-01 4.853000000000000091e-01 -8.743469999999999853e-01 2.629999999999999959e-04 -8.743450000000000388e-01 -4.852989999999999804e-01 2.301000000000000094e-03
7.000000000000000000e+00 3.500000000000000000e+01 1.200000000000000000e+01 0.000000000000000000e+00 1.600000000000000089e+00 -2.393999999999999861e-03 -2.592000000000000120e-03 -9.999940000000000495e-01 4.826489999999999947e-01 -8.758129999999999526e-01 1.115000000000000106e-03 -8.758099999999999774e-01 -4.826440000000000174e-01 3.347999999999999848e-03
1.600000000000000000e+01 3.500000000000000000e+01 1.200000000000000000e+01 0.000000000000000000e+00 1.600000000000000089e+00 2.944000000000000002e-03 8.050000000000000515e-04 -9.999949999999999672e-01 4.671339999999999937e-01 -8.841860000000000275e-01 6.629999999999999609e-04 -8.841809999999999947e-01 -4.671339999999999937e-01 -2.978999999999999877e-03
2.400000000000000000e+01 3.200000000000000000e+01 1.400000000000000000e+01 0.000000000000000000e+00 1.600000000000000089e+00 2.402000000000000055e-03 -8.660000000000000163e-04 -9.999970000000000248e-01 1.099620000000000042e-01 9.939360000000000417e-01 -5.969999999999999829e-04 9.939329999999999554e-01 -1.099600000000000022e-01 2.482999999999999964e-03
5.000000000000000000e+00 1.200000000000000000e+01 1.500000000000000000e+01 0.000000000000000000e+00 1.600000000000000089e+00 6.994000000000000217e-03 1.597000000000000156e-02 -9.998479999999999590e-01 -4.688479999999999870e-01 -8.831080000000000041e-01 -1.738500000000000115e-02 -8.832510000000000083e-01 4.688979999999999815e-01 1.312000000000000015e-03
9.000000000000000000e+00 1.200000000000000000e+01 1.500000000000000000e+01 0.000000000000000000e+00 1.600000000000000089e+00 7.492000000000000395e-03 1.382800000000000001e-02 -9.998759999999999870e-01 -4.686270000000000158e-01 -8.832560000000000411e-01 -1.572600000000000040e-02 -8.833640000000000381e-01 4.686870000000000203e-01 -1.369999999999999961e-04
2.500000000000000000e+01 1.200000000000000000e+01 1.500000000000000000e+01 0.000000000000000000e+00 1.600000000000000089e+00 2.605999999999999810e-03 5.509999999999999490e-04 -9.999959999999999960e-01 -4.647660000000000124e-01 -8.854319999999999968e-01 -1.698999999999999989e-03 -8.854300000000000503e-01 4.647689999999999877e-01 -2.052000000000000005e-03
1.900000000000000000e+01 1.160000000000000000e+02 1.600000000000000000e+01 0.000000000000000000e+00 1.600000000000000089e+00 -2.037999999999999881e-03 -3.755000000000000091e-03 9.999909999999999632e-01 6.795639999999999459e-01 7.336049999999999516e-01 4.139999999999999583e-03 -7.336139999999999883e-01 6.795660000000000034e-01 1.056999999999999997e-03
5.000000000000000000e+00 2.000000000000000000e+00 1.900000000000000000e+01 0.000000000000000000e+00 1.600000000000000089e+00 1.172999999999999998e-03 1.706799999999999984e-02 -9.998540000000000205e-01 1.608189999999999897e-01 -9.868430000000000257e-01 -1.665700000000000167e-02 -9.869830000000000547e-01 -1.607760000000000022e-01 -3.902000000000000086e-03
1.200000000000000000e+01 2.000000000000000000e+00 1.900000000000000000e+01 0.000000000000000000e+00 1.600000000000000089e+00 2.880999999999999880e-03 2.200999999999999832e-03 -9.999930000000000208e-01 1.397690000000000043e-01 -9.901830000000000354e-01 -1.776999999999999934e-03 -9.901799999999999491e-01 -1.397629999999999983e-01 -3.160000000000000048e-03
2.300000000000000000e+01 2.000000000000000000e+00 1.900000000000000000e+01 0.000000000000000000e+00 1.600000000000000089e+00 3.315999999999999937e-03 -5.432000000000000196e-03 -9.999799999999999800e-01 1.290640000000000120e-01 -9.916190000000000282e-01 5.813999999999999724e-03 -9.916310000000000402e-01 -1.290810000000000013e-01 -2.588000000000000023e-03
2.700000000000000000e+01 2.000000000000000000e+00 1.900000000000000000e+01 0.000000000000000000e+00 1.600000000000000089e+00 -6.030000000000000204e-04 -1.536999999999999955e-03 -9.999989999999999712e-01 1.249610000000000026e-01 -9.921609999999999596e-01 1.449999999999999900e-03 -9.921619999999999884e-01 -1.249600000000000016e-01 7.910000000000000364e-04
3.000000000000000000e+00 1.300000000000000000e+01 2.000000000000000000e+01 0.000000000000000000e+00 1.600000000000000089e+00 -2.209000000000000026e-03 -7.745000000000000148e-03 9.999679999999999680e-01 2.542539999999999800e-01 9.671039999999999637e-01 8.052000000000000129e-03 -9.671349999999999669e-01 2.542630000000000168e-01 -1.669999999999999935e-04
6.000000000000000000e+00 1.300000000000000000e+01 2.000000000000000000e+01 0.000000000000000000e+00 1.600000000000000089e+00 -1.340999999999999961e-03 -8.035000000000000475e-03 9.999670000000000503e-01 2.545780000000000265e-01 9.670180000000000442e-01 8.111000000000000154e-03 -9.670509999999999939e-01 2.545810000000000017e-01 7.489999999999999913e-04
1.100000000000000000e+01 1.300000000000000000e+01 2.000000000000000000e+01 0.000000000000000000e+00 1.600000000000000089e+00 1.699999999999999905e-03 1.649999999999999991e-04 9.999989999999999712e-01 2.521720000000000073e-01 9.676820000000000421e-01 -5.879999999999999810e-04 -9.676810000000000134e-01 2.521729999999999805e-01 1.603000000000000041e-03
1.600000000000000000e+01 1.300000000000000000e+01 2.000000000000000000e+01 0.000000000000000000e+00 1.600000000000000089e+00 2.325999999999999943e-03 4.721000000000000370e-03 9.999860000000000415e-01 2.493750000000000133e-01 9.683929999999999483e-01 -5.152000000000000329e-03 -9.684040000000000425e-01 2.493829999999999936e-01 1.075000000000000001e-03
2.400000000000000000e+01 1.300000000000000000e+01 2.000000000000000000e+01 0.000000000000000000e+00 1.600000000000000089e+00 4.800000000000000122e-05 -5.693000000000000144e-03 9.999839999999999840e-01 2.479790000000000050e-01 9.687500000000000000e-01 5.503000000000000079e-03 -9.687649999999999872e-01 2.479750000000000010e-01 1.458000000000000095e-03
2.000000000000000000e+00 1.600000000000000000e+01 2.100000000000000000e+01 0.000000000000000000e+00 1.600000000000000089e+00 -2.112999999999999861e-03 -5.740999999999999576e-03 9.999810000000000088e-01 3.012440000000000118e-01 9.535280000000000422e-01 6.109999999999999980e-03 -9.535449999999999759e-01 3.012509999999999910e-01 -2.849999999999999886e-04
8.000000000000000000e+00 1.600000000000000000e+01 2.100000000000000000e+01 0.000000000000000000e+00 1.600000000000000089e+00 -6.570000000000000319e-04 -4.235000000000000049e-03 9.999909999999999632e-01 3.026429999999999954e-01 9.530939999999999968e-01 4.235000000000000049e-03 -9.531039999999999512e-01 3.026429999999999954e-01 6.549999999999999833e-04
1.200000000000000000e+01 1.600000000000000000e+01 2.100000000000000000e+01 0.000000000000000000e+00 1.600000000000000089e+00 2.204999999999999929e-03 8.814000000000000654e-03 9.999590000000000423e-01 3.025829999999999909e-01 9.530800000000000383e-01 -9.067999999999999672e-03 -9.531209999999999960e-01 3.025900000000000256e-01 -5.659999999999999884e-04
1.000000000000000000e+00 4.600000000000000000e+01 2.700000000000000000e+01 0.000000000000000000e+00 1.600000000000000089e+00 -9.399999999999999448e-05 -1.769999999999999926e-04 -1.000000000000000000e+00 6.682740000000000347e-01 7.439149999999999929e-01 -1.939999999999999993e-04 7.439149999999999929e-01 -6.682740000000000347e-01 4.800000000000000122e-05
9.000000000000000000e+00 4.600000000000000000e+01 2.700000000000000000e+01 0.000000000000000000e+00 1.600000000000000089e+00 -2.703000000000000107e-03 -1.420000000000000038e-03 -9.999949999999999672e-01 6.670009999999999550e-01 7.450510000000000188e-01 -2.860999999999999828e-03 7.450520000000000476e-01 -6.670059999999999878e-01 -1.066000000000000107e-03
1.500000000000000000e+01 4.600000000000000000e+01 2.700000000000000000e+01 0.000000000000000000e+00 1.600000000000000089e+00 -3.020000000000000223e-04 5.810000000000000277e-04 -1.000000000000000000e+00 6.627450000000000285e-01 7.488449999999999829e-01 2.349999999999999930e-04 7.488449999999999829e-01 -6.627450000000000285e-01 -6.109999999999999980e-04
2.300000000000000000e+01 4.600000000000000000e+01 2.700000000000000000e+01 0.000000000000000000e+00 1.600000000000000089e+00 7.489999999999999913e-04 1.637999999999999916e-03 -9.999980000000000535e-01 6.698169999999999957e-01 7.425239999999999618e-01 1.717999999999999909e-03 7.425260000000000193e-01 -6.698169999999999957e-01 -5.410000000000000312e-04
2.800000000000000000e+01 4.600000000000000000e+01 2.700000000000000000e+01 0.000000000000000000e+00 1.600000000000000089e+00 -3.537999999999999912e-03 -1.670999999999999959e-03 -9.999919999999999920e-01 6.694020000000000525e-01 7.428919999999999968e-01 -3.608999999999999795e-03 7.428919999999999968e-01 -6.694090000000000318e-01 -1.508999999999999925e-03
8.000000000000000000e+00 4.600000000000000000e+01 3.000000000000000000e+01 0.000000000000000000e+00 1.600000000000000089e+00 -1.572000000000000047e-03 -2.467000000000000009e-03 -9.999959999999999960e-01 3.280100000000000238e-01 9.446700000000000097e-01 -2.846000000000000005e-03 9.446729999999999849e-01 -3.280129999999999990e-01 -6.759999999999999516e-04
1.100000000000000000e+01 4.600000000000000000e+01 3.000000000000000000e+01 0.000000000000000000e+00 1.600000000000000089e+00 -2.886000000000000110e-03 -1.603999999999999957e-03 -9.999949999999999672e-01 3.265919999999999934e-01 9.451619999999999466e-01 -2.458000000000000115e-03 9.451610000000000289e-01 -3.265970000000000262e-01 -2.203999999999999796e-03
2.600000000000000000e+01 4.600000000000000000e+01 3.000000000000000000e+01 0.000000000000000000e+00 1.600000000000000089e+00 -1.106999999999999911e-03 -9.290000000000000297e-04 -9.999989999999999712e-01 3.293159999999999976e-01 9.442190000000000305e-01 -1.242000000000000048e-03 9.442190000000000305e-01 -3.293170000000000264e-01 -7.399999999999999894e-04
6.000000000000000000e+00 5.800000000000000000e+01 3.100000000000000000e+01 0.000000000000000000e+00 1.600000000000000089e+00 7.679000000000000062e-03 -4.510000000000000120e-04 9.999700000000000255e-01 -7.603079999999999838e-01 -6.495400000000000063e-01 5.545999999999999715e-03 6.495180000000000398e-01 -7.603280000000000038e-01 -5.329999999999999669e-03
1.000000000000000000e+01 5.800000000000000000e+01 3.100000000000000000e+01 0.000000000000000000e+00 1.600000000000000089e+00 4.250000000000000305e-03 9.043000000000000690e-03 9.999500000000000055e-01 -7.580480000000000551e-01 -6.521350000000000202e-01 9.119999999999999635e-03 6.521850000000000147e-01 -7.580489999999999728e-01 4.082999999999999824e-03
1.500000000000000000e+01 5.800000000000000000e+01 3.100000000000000000e+01 0.000000000000000000e+00 1.600000000000000089e+00 -4.836000000000000021e-03 -3.664999999999999855e-03 9.999820000000000375e-01 -7.623210000000000264e-01 -6.471710000000000518e-01 -6.058000000000000017e-03 6.471810000000000063e-01 -7.623360000000000136e-01 3.359999999999999814e-04
1.800000000000000000e+01 5.800000000000000000e+01 3.100000000000000000e+01 0.000000000000000000e+00 1.600000000000000089e+00 -2.906999999999999862e-03 -9.539999999999999869e-04 9.999949999999999672e-01 -7.645690000000000541e-01 -6.445359999999999978e-01 -2.837000000000000112e-03 6.445349999999999691e-01 -7.645739999999999759e-01 1.144000000000000052e-03
2.600000000000000000e+01 5.800000000000000000e+01 3.100000000000000000e+01 0.000000000000000000e+00 1.600000000000000089e+00 2.334999999999999836e-03 -1.701999999999999954e-03 9.999959999999999960e-01 -7.588979999999999615e-01 -6.512090000000000378e-01 6.639999999999999852e-04 6.512050000000000338e-01 -7.588970000000000438e-01 -2.811999999999999830e-03
3.000000000000000000e+01 5.800000000000000000e+01 3.100000000000000000e+01 0.000000000000000000e+00 1.600000000000000089e+00 -2.063999999999999863e-03 -6.496000000000000038e-03 9.999770000000000048e-01 -7.592940000000000245e-01 -6.507220000000000226e-01 -5.793999999999999671e-03 6.507450000000000179e-01 -7.592879999999999630e-01 -3.589000000000000176e-03
9.000000000000000000e+00 6.000000000000000000e+00 3.200000000000000000e+01 0.000000000000000000e+00 1.600000000000000089e+00 3.383999999999999855e-03 -1.547999999999999897e-03 -9.999930000000000208e-01 2.068450000000000011e-01 9.783730000000000482e-01 -8.149999999999999693e-04 9.783680000000000154e-01 -2.068409999999999971e-01 3.631000000000000113e-03
1.800000000000000000e+01 6.000000000000000000e+00 3.200000000000000000e+01 0.000000000000000000e+00 1.600000000000000089e+00 -1.776000000000000018e-03 6.030000000000000204e-04 -9.999980000000000535e-01 2.200910000000000089e-01 9.754789999999999850e-01 1.969999999999999909e-04 9.754779999999999562e-01 -2.200900000000000079e-01 -1.866000000000000037e-03
2.600000000000000000e+01 6.000000000000000000e+00 3.200000000000000000e+01 0.000000000000000000e+00 1.600000000000000089e+00 1.747000000000000072e-03 -2.920999999999999985e-03 -9.999940000000000495e-01 2.413849999999999885e-01 9.704260000000000108e-01 -2.413000000000000214e-03 9.704279999999999573e-01 -2.413790000000000102e-01 2.399999999999999790e-03
2.900000000000000000e+01 6.000000000000000000e+00 3.200000000000000000e+01 0.000000000000000000e+00 1.600000000000000089e+00 -5.010000000000000347e-04 -5.128999999999999879e-03 -9.999869999999999592e-01 2.457799999999999985e-01 9.693119999999999514e-01 -5.094999999999999703e-03 9.693249999999999922e-01 -2.457789999999999975e-01 7.749999999999999728e-04
4.000000000000000000e+00 4.600000000000000000e+01 3.500000000000000000e+01 0.000000000000000000e+00 1.600000000000000089e+00 -4.949999999999999973e-04 3.837999999999999832e-03 -9.999930000000000208e-01 3.840100000000000180e-01 -9.233209999999999473e-01 -3.733999999999999906e-03 -9.233289999999999553e-01 -3.840089999999999892e-01 -1.016999999999999892e-03
1.200000000000000000e+01 4.600000000000000000e+01 3.500000000000000000e+01 0.000000000000000000e+00 1.600000000000000089e+00 2.017999999999999829e-03 -1.128000000000000096e-03 -9.999970000000000248e-01 3.865049999999999875e-01 -9.222860000000000502e-01 1.820000000000000003e-03 -9.222850000000000215e-01 -3.865069999999999895e-01 -1.425000000000000051e-03
1.700000000000000000e+01 4.600000000000000000e+01 3.500000000000000000e+01 0.000000000000000000e+00 1.600000000000000089e+00 6.300000000000000261e-04 -3.976000000000000367e-03 -9.999919999999999920e-01 3.853820000000000023e-01 -9.227490000000000414e-01 3.911000000000000414e-03 -9.227570000000000494e-01 -3.853809999999999736e-01 9.510000000000000224e-04
2.100000000000000000e+01 4.600000000000000000e+01 3.500000000000000000e+01 0.000000000000000000e+00 1.600000000000000089e+00 -4.850000000000000253e-04 1.038999999999999993e-03 -9.999989999999999712e-01 3.857220000000000093e-01 -9.226149999999999629e-01 -1.144999999999999967e-03 -9.226149999999999629e-01 -3.857220000000000093e-01 4.699999999999999724e-05
2.300000000000000000e+01 4.600000000000000000e+01 3.500000000000000000e+01 0.000000000000000000e+00 1.600000000000000089e+00 -2.329999999999999986e-04 -1.830000000000000029e-04 -1.000000000000000000e+00 3.857419999999999738e-01 -9.226069999999999549e-01 7.899999999999999579e-05 -9.226069999999999549e-01 -3.857419999999999738e-01 2.860000000000000129e-04
2.800000000000000000e+01 4.600000000000000000e+01 3.500000000000000000e+01 0.000000000000000000e+00 1.600000000000000089e+00 -2.446999999999999956e-03 5.899999999999999863e-03 -9.999799999999999800e-01 3.849000000000000199e-01 -9.229359999999999786e-01 -6.387000000000000316e-03 -9.229549999999999699e-01 -3.849079999999999724e-01 -1.299999999999999920e-05
5.000000000000000000e+00 9.500000000000000000e+01 3.600000000000000000e+01 0.000000000000000000e+00 1.600000000000000089e+00 3.510000000000000099e-03 8.495400000000000174e-02 9.963790000000000147e-01 9.969590000000000396e-01 7.726900000000000435e-02 -1.010100000000000060e-02 -7.784800000000000053e-02 9.933840000000000447e-01 -8.442500000000000004e-02
1.000000000000000000e+01 9.500000000000000000e+01 3.600000000000000000e+01 0.000000000000000000e+00 1.600000000000000089e+00 2.008999999999999935e-03 2.973800000000000054e-02 9.995560000000000000e-01 9.970290000000000541e-01 7.691099999999999326e-02 -4.291999999999999808e-03 -7.700500000000000400e-02 9.965939999999999799e-01 -2.949500000000000038e-02
1.600000000000000000e+01 9.500000000000000000e+01 3.600000000000000000e+01 0.000000000000000000e+00 1.600000000000000089e+00 2.939999999999999905e-03 -2.180899999999999853e-02 9.997580000000000355e-01 9.965089999999999781e-01 8.348400000000000265e-02 -1.108999999999999960e-03 -8.343899999999999928e-02 9.962699999999999889e-01 2.197800000000000101e-02
2.000000000000000000e+01 9.500000000000000000e+01 3.600000000000000000e+01 0.000000000000000000e+00 1.600000000000000089e+00 6.520000000000000188e-04 -1.125699999999999965e-02 9.999360000000000470e-01 9.960130000000000372e-01 8.920300000000000451e-02 3.550000000000000096e-04 -8.920100000000000251e-02 9.959500000000000020e-01 1.127000000000000050e-02
2.500000000000000000e+01 9.500000000000000000e+01 3.600000000000000000e+01 0.000000000000000000e+00 1.600000000000000089e+00 2.490000000000000026e-03 6.470000000000000057e-03 9.999759999999999760e-01 9.961929999999999952e-01 8.712000000000000299e-02 -3.044999999999999964e-03 -8.713799999999999324e-02 9.961769999999999792e-01 -6.229000000000000162e-03
2.900000000000000000e+01 9.500000000000000000e+01 3.600000000000000000e+01 0.000000000000000000e+00 1.600000000000000089e+00 -2.661999999999999870e-03 2.439999999999999949e-04 9.999959999999999960e-01 9.960250000000000492e-01 8.903899999999999315e-02 2.629999999999999959e-03 -8.903800000000000603e-02 9.960280000000000244e-01 -4.800000000000000122e-04
3.000000000000000000e+00 3.000000000000000000e+00 4.300000000000000000e+01 0.000000000000000000e+00 1.600000000000000089e+00 -6.260000000000000373e-04 -2.222000000000000017e-02 -9.997530000000000028e-01 7.386449999999999960e-01 -6.739380000000000370e-01 1.451599999999999939e-02 -6.740939999999999710e-01 -7.384530000000000260e-01 1.683399999999999827e-02
1.400000000000000000e+01 3.000000000000000000e+00 4.300000000000000000e+01 0.000000000000000000e+00 1.600000000000000089e+00 7.668999999999999602e-03 3.709599999999999703e-02 -9.992820000000000036e-01 7.425230000000000441e-01 -6.695459999999999745e-01 -1.915700000000000042e-02 -6.697760000000000380e-01 -7.418430000000000302e-01 -3.268000000000000071e-02
1.800000000000000000e+01 3.000000000000000000e+00 4.300000000000000000e+01 0.000000000000000000e+00 1.600000000000000089e+00 8.776000000000000814e-03 4.731099999999999889e-02 -9.988420000000000076e-01 7.405030000000000223e-01 -6.715769999999999795e-01 -2.530299999999999910e-02 -6.719960000000000377e-01 -7.394230000000000524e-01 -4.092799999999999910e-02
2.300000000000000000e+01 3.000000000000000000e+00 4.300000000000000000e+01 0.000000000000000000e+00 1.600000000000000089e+00 4.100999999999999611e-03 4.002000000000000002e-02 -9.991900000000000226e-01 7.354129999999999834e-01 -6.771899999999999586e-01 -2.410500000000000143e-02 -6.776069999999999593e-01 -7.347190000000000110e-01 -3.220800000000000052e-02
2.800000000000000000e+01 3.000000000000000000e+00 4.300000000000000000e+01 0.000000000000000000e+00 1.600000000000000089e+00 4.902000000000000107e-03 2.785000000000000149e-03 -9.999839999999999840e-01 7.366449999999999942e-01 -6.762770000000000170e-01 1.727999999999999935e-03 -6.762620000000000298e-01 -7.366420000000000190e-01 -5.366000000000000110e-03
7.000000000000000000e+00 8.000000000000000000e+00 4.400000000000000000e+01 0.000000000000000000e+00 1.600000000000000089e+00 -1.663999999999999898e-03 -1.706999999999999967e-03 9.999970000000000248e-01 -7.646279999999999744e-01 -6.444670000000000121e-01 -2.371999999999999977e-03 6.444699999999999873e-01 -7.646300000000000319e-01 -2.329999999999999986e-04
1.300000000000000000e+01 8.000000000000000000e+00 4.400000000000000000e+01 0.000000000000000000e+00 1.600000000000000089e+00 1.060000000000000016e-04 7.479000000000000405e-03 9.999719999999999720e-01 -7.705910000000000259e-01 -6.373109999999999609e-01 4.849000000000000012e-03 6.373299999999999521e-01 -7.705699999999999772e-01 5.695999999999999674e-03
2.500000000000000000e+01 8.000000000000000000e+00 4.400000000000000000e+01 0.000000000000000000e+00 1.600000000000000089e+00 2.958000000000000126e-03 1.138699999999999955e-02 9.999310000000000143e-01 -7.711890000000000134e-01 -6.365349999999999620e-01 9.530000000000000276e-03 6.365990000000000260e-01 -7.711639999999999606e-01 6.898999999999999751e-03
3.000000000000000000e+01 8.000000000000000000e+00 4.400000000000000000e+01 0.000000000000000000e+00 1.600000000000000089e+00 -4.350000000000000026e-04 6.364999999999999998e-03 9.999799999999999800e-01 -7.719519999999999715e-01 -6.356699999999999573e-01 3.710000000000000190e-03 6.356800000000000228e-01 -7.719350000000000378e-01 5.190000000000000169e-03
4.000000000000000000e+00 2.900000000000000000e+01 4.400000000000000000e+01 0.000000000000000000e+00 1.600000000000000089e+00 1.121000000000000035e-03 2.733999999999999885e-03 -9.999959999999999960e-01 6.701810000000000267e-01 7.421929999999999916e-01 2.779999999999999919e-03 7.421969999999999956e-01 -6.701810000000000267e-01 -1.000999999999999937e-03
8.000000000000000000e+00 2.900000000000000000e+01 4.400000000000000000e+01 0.000000000000000000e+00 1.600000000000000089e+00 1.369999999999999907e-03 2.560000000000000209e-03 -9.999959999999999960e-01 6.783649999999999958e-01 7.347190000000000110e-01 2.809999999999999998e-03 7.347230000000000150e-01 -6.783660000000000245e-01 -7.299999999999999632e-04
1.300000000000000000e+01 2.900000000000000000e+01 4.400000000000000000e+01 0.000000000000000000e+00 1.600000000000000089e+00 1.397999999999999937e-03 -2.279000000000000210e-03 -9.999959999999999960e-01 6.831939999999999680e-01 7.302359999999999962e-01 -7.089999999999999948e-04 7.302349999999999675e-01 -6.831909999999999927e-01 2.576999999999999864e-03
2.200000000000000000e+01 2.900000000000000000e+01 4.400000000000000000e+01 0.000000000000000000e+00 1.600000000000000089e+00 1.000000000000000048e-04 2.239000000000000105e-03 -9.999970000000000248e-01 6.725740000000000052e-01 7.400280000000000191e-01 1.724000000000000055e-03 7.400299999999999656e-01 -6.725719999999999477e-01 -1.431999999999999896e-03
2.900000000000000000e+01 2.900000000000000000e+01 4.400000000000000000e+01 0.000000000000000000e+00 1.600000000000000089e+00 -6.269999999999999532e-04 2.952999999999999896e-03 -9.999949999999999672e-01 6.570820000000000549e-01 7.538169999999999593e-01 1.814000000000000074e-03 7.538190000000000168e-01 -6.570780000000000509e-01 -2.413999999999999913e-03
2.100000000000000000e+01 5.400000000000000000e+01 4.600000000000000000e+01 0.000000000000000000e+00 1.600000000000000089e+00 3.259999999999999877e-03 4.920000000000000328e-04 9.999949999999999672e-01 3.209299999999999931e-01 -9.471030000000000282e-01 -5.800000000000000034e-04 9.470969999999999667e-01 3.209299999999999931e-01 -3.245000000000000055e-03
2.800000000000000000e+01 5.400000000000000000e+01 4.600000000000000000e+01 0.000000000000000000e+00 1.600000000000000089e+00 3.078000000000000007e-03 -5.943999999999999631e-03 9.999780000000000335e-01 3.564840000000000231e-01 -9.342780000000000529e-01 -6.649999999999999661e-03 9.342960000000000154e-01 3.564970000000000083e-01 -7.569999999999999689e-04
6.000000000000000000e+00 6.500000000000000000e+01 4.600000000000000000e+01 0.000000000000000000e+00 1.600000000000000089e+00 3.318999999999999902e-03 -2.893000000000000172e-03 9.999900000000000455e-01 6.823390000000000288e-01 -7.310219999999999496e-01 -4.380000000000000213e-03 7.310280000000000111e-01 6.823470000000000368e-01 -4.519999999999999821e-04
1.500000000000000000e+01 6.500000000000000000e+01 4.600000000000000000e+01 0.000000000000000000e+00 1.600000000000000089e+00 1.955999999999999839e-03 -1.219999999999999974e-04 9.999980000000000535e-01 6.808300000000000463e-01 -7.324410000000000087e-01 -1.420999999999999954e-03 7.324389999999999512e-01 6.808309999999999640e-01 -1.350000000000000071e-03
3.000000000000000000e+00 7.000000000000000000e+01 4.700000000000000000e+01 0.000000000000000000e+00 1.600000000000000089e+00 -7.820000000000000345e-04 1.570999999999999914e-03 -9.999980000000000535e-01 -8.381290000000000129e-01 -5.454729999999999857e-01 -2.020000000000000040e-04 -5.454719999999999569e-01 8.381269999999999554e-01 1.742999999999999975e-03
6.000000000000000000e+00 7.000000000000000000e+01 4.700000000000000000e+01 0.000000000000000000e+00 1.600000000000000089e+00 -2.344999999999999862e-03 -2.132999999999999913e-03 -9.999949999999999672e-01 -8.407810000000000006e-01 -5.413670000000000426e-01 3.125999999999999873e-03 -5.413710000000000466e-01 8.407839999999999758e-01 -5.240000000000000517e-04
2.500000000000000000e+01 5.000000000000000000e+00 5.100000000000000000e+01 0.000000000000000000e+00 1.600000000000000089e+00 3.468000000000000162e-03 1.137900000000000023e-02 -9.999289999999999567e-01 4.904120000000000146e-01 -8.714520000000000044e-01 -8.215999999999999345e-03 -8.714840000000000364e-01 -4.903480000000000061e-01 -8.602999999999999536e-03
1.100000000000000000e+01 1.150000000000000000e+02 5.100000000000000000e+01 0.000000000000000000e+00 1.600000000000000089e+00 -2.394999999999999993e-03 -6.479000000000000384e-03 9.999759999999999760e-01 8.420760000000000467e-01 -5.393580000000000041e-01 -1.477000000000000014e-03 5.393540000000000001e-01 8.420520000000000227e-01 6.747999999999999658e-03
7.000000000000000000e+00 6.300000000000000000e+01 5.400000000000000000e+01 0.000000000000000000e+00 1.600000000000000089e+00 -1.959999999999999937e-04 -3.420000000000000188e-04 1.000000000000000000e+00 -3.543729999999999936e-01 9.351040000000000463e-01 2.500000000000000052e-04 -9.351040000000000463e-01 -3.543729999999999936e-01 -3.040000000000000167e-04
1.200000000000000000e+01 6.300000000000000000e+01 5.400000000000000000e+01 0.000000000000000000e+00 1.600000000000000089e+00 -1.550000000000000000e-04 2.014000000000000165e-03 9.999980000000000535e-01 -3.543479999999999963e-01 9.351120000000000543e-01 -1.938000000000000052e-03 -9.351140000000000008e-01 -3.543479999999999963e-01 5.680000000000000370e-04
1.900000000000000000e+01 6.300000000000000000e+01 5.400000000000000000e+01 0.000000000000000000e+00 1.600000000000000089e+00 2.900000000000000017e-05 2.520000000000000104e-03 9.999970000000000248e-01 -3.468470000000000164e-01 9.379189999999999472e-01 -2.354000000000000190e-03 -9.379220000000000335e-01 -3.468459999999999877e-01 9.020000000000000240e-04
2.400000000000000000e+01 6.300000000000000000e+01 5.400000000000000000e+01 0.000000000000000000e+00 1.600000000000000089e+00 -1.312000000000000015e-03 -2.500000000000000052e-04 9.999989999999999712e-01 -3.423900000000000277e-01 9.395580000000000043e-01 -2.139999999999999975e-04 -9.395569999999999755e-01 -3.423900000000000277e-01 -1.317999999999999944e-03
2.900000000000000000e+01 6.300000000000000000e+01 5.400000000000000000e+01 0.000000000000000000e+00 1.600000000000000089e+00 1.623000000000000094e-03 -5.370000000000000424e-04 9.999989999999999712e-01 -3.424490000000000034e-01 9.395360000000000378e-01 1.059999999999999961e-03 -9.395350000000000090e-01 -3.424499999999999766e-01 1.340999999999999961e-03
6.000000000000000000e+00 2.500000000000000000e+01 5.500000000000000000e+01 0.000000000000000000e+00 1.600000000000000089e+00 -6.390000000000000280e-04 -2.339999999999999958e-04 -1.000000000000000000e+00 -1.050199999999999918e-02 -9.999449999999999728e-01 2.410000000000000033e-04 -9.999449999999999728e-01 1.050199999999999918e-02 6.359999999999999551e-04
1.100000000000000000e+01 2.500000000000000000e+01 5.500000000000000000e+01 0.000000000000000000e+00 1.600000000000000089e+00 1.649000000000000075e-03 2.138999999999999842e-03 -9.999959999999999960e-01 -8.847999999999999962e-03 -9.999590000000000423e-01 -2.154000000000000099e-03 -9.999590000000000423e-01 8.852000000000000493e-03 -1.629999999999999939e-03
2.300000000000000000e+01 2.500000000000000000e+01 5.500000000000000000e+01 0.000000000000000000e+00 1.600000000000000089e+00 -1.105999999999999995e-03 -2.668999999999999932e-03 -9.999959999999999960e-01 -9.525999999999999746e-03 -9.999510000000000343e-01 2.680000000000000090e-03 -9.999540000000000095e-01 9.528999999999999276e-03 1.080000000000000014e-03
2.600000000000000000e+01 2.500000000000000000e+01 5.500000000000000000e+01 0.000000000000000000e+00 1.600000000000000089e+00 -3.299999999999999982e-04 1.095999999999999969e-03 -9.999989999999999712e-01 -9.705000000000000085e-03 -9.999519999999999520e-01 -1.092000000000000089e-03 -9.999529999999999808e-01 9.705000000000000085e-03 3.409999999999999945e-04
7.000000000000000000e+00 7.000000000000000000e+00 6.000000000000000000e+01 0.000000000000000000e+00 1.600000000000000089e+00 5.959999999999999586e-04 1.377300000000000052e-02 9.999050000000000438e-01 5.710309999999999553e-01 -8.208550000000000013e-01 1.096699999999999932e-02 8.209290000000000198e-01 5.709699999999999775e-01 -8.354000000000000314e-03
1.500000000000000000e+01 7.000000000000000000e+00 6.000000000000000000e+01 0.000000000000000000e+00 1.600000000000000089e+00 -2.301999999999999793e-03 -1.054800000000000008e-02 9.999419999999999975e-01 5.695360000000000422e-01 -8.219330000000000247e-01 -7.359000000000000090e-03 8.219629999999999992e-01 5.694860000000000477e-01 7.898999999999999772e-03
3.000000000000000000e+01 7.000000000000000000e+00 6.000000000000000000e+01 0.000000000000000000e+00 1.600000000000000089e+00 -4.000000000000000327e-05 -9.374000000000000388e-03 9.999559999999999560e-01 5.660009999999999764e-01 -8.243679999999999897e-01 -7.705000000000000043e-03 8.244040000000000257e-01 5.659760000000000346e-01 5.338999999999999996e-03
3.000000000000000000e+00 2.100000000000000000e+01 6.000000000000000000e+01 0.000000000000000000e+00 1.600000000000000089e+00 -1.333999999999999899e-03 -1.717999999999999909e-03 9.999980000000000535e-01 -9.531599999999999795e-02 9.954460000000000530e-01 1.582999999999999989e-03 -9.954460000000000530e-01 -9.531399999999999595e-02 -1.490999999999999921e-03
1.200000000000000000e+01 2.100000000000000000e+01 6.000000000000000000e+01 0.000000000000000000e+00 1.600000000000000089e+00 9.959999999999999236e-04 8.321999999999999537e-03 9.999649999999999928e-01 -9.472200000000000064e-02 9.954699999999999660e-01 -8.189999999999999364e-03 -9.955030000000000268e-01 -9.471100000000000352e-02 1.779999999999999898e-03
1.500000000000000000e+01 2.100000000000000000e+01 6.000000000000000000e+01 0.000000000000000000e+00 1.600000000000000089e+00 2.503000000000000017e-03 2.075000000000000022e-03 9.999949999999999672e-01 -9.478300000000000614e-02 9.954960000000000475e-01 -1.827999999999999981e-03 -9.954950000000000188e-01 -9.477800000000000114e-02 2.687999999999999851e-03
