5.000000000000000000e+00 1.900000000000000000e+01 5.000000000000000000e+00 0.000000000000000000e+00 1.600000000000000089e+00 5.348000000000000323e-03 5.054000000000000332e-03 -9.999730000000000008e-01 -6.938389999999999835e-01 -7.200929999999999831e-01 -7.349999999999999763e-03 -7.201109999999999456e-01 6.938590000000000035e-01 -3.440000000000000132e-04
1.800000000000000000e+01 1.000000000000000000e+01 7.000000000000000000e+00 0.000000000000000000e+00 1.600000000000000089e+00 3.272900000000000115e-02 -7.922999999999999488e-03 9.994330000000000158e-01 7.948389999999999622e-01 -6.060370000000000479e-01 -3.083400000000000030e-02 6.059369999999999479e-01 7.953970000000000207e-01 -1.353700000000000042e-02
1.200000000000000000e+01 1.010000000000000000e+02 7.000000000000000000e+00 0.000000000000000000e+00 1.600000000000000089e+00 9.560000000000000355e-04 -2.750000000000000166e-04 9.999989999999999712e-01 8.862269999999999870e-01 4.632510000000000239e-01 -7.200000000000000453e-04 -4.632499999999999951e-01 8.862269999999999870e-01 6.870000000000000022e-04
1.500000000000000000e+01 1.010000000000000000e+02 7.000000000000000000e+00 0.000000000000000000e+00 1.600000000000000089e+00 -1.859999999999999945e-04 -2.834000000000000147e-03 9.999959999999999960e-01 8.870590000000000419e-01 4.616540000000000088e-01 1.472999999999999917e-03 -4.616560000000000108e-01 8.870559999999999556e-01 2.428000000000000037e-03
2.300000000000000000e+01 1.010000000000000000e+02 7.000000000000000000e+00 0.000000000000000000e+00 1.600000000000000089e+00 -3.506000000000000002e-03 -1.555999999999999918e-02 9.998730000000000118e-01 8.882499999999999840e-01 4.592459999999999876e-01 1.026099999999999929e-02 -4.593470000000000053e-01 8.881729999999999903e-01 1.221099999999999963e-02
2.500000000000000000e+01 1.010000000000000000e+02 7.000000000000000000e+00 0.000000000000000000e+00 1.600000000000000089e+00 -2.906000000000000163e-03 -1.778100000000000167e-02 9.998380000000000045e-01 8.888880000000000114e-01 4.580000000000000182e-01 1.072900000000000069e-02 -4.581160000000000232e-01 8.887749999999999817e-01 1.447500000000000002e-02
2.900000000000000000e+01 1.010000000000000000e+02 7.000000000000000000e+00 0.000000000000000000e+00 1.600000000000000089e+00 -7.159999999999999481e-04 -1.099400000000000030e-02 9.999390000000000223e-01 8.904560000000000253e-01 4.550350000000000228e-01 5.641000000000000181e-03 -4.550690000000000013e-01 8.904060000000000308e-01 9.464000000000000190e-03
2.000000000000000000e+00 2.500000000000000000e+01 8.000000000000000000e+00 0.000000000000000000e+00 1.600000000000000089e+00 3.049000000000000061e-03 6.576000000000000248e-03 -9.999740000000000295e-01 4.360780000000000212e-01 8.998800000000000132e-01 7.248000000000000102e-03 8.999040000000000372e-01 -4.360879999999999757e-01 -1.240000000000000054e-04
8.000000000000000000e+00 2.500000000000000000e+01 8.000000000000000000e+00 0.000000000000000000e+00 1.600000000000000089e+00 -1.953000000000000092e-03 1.374999999999999920e-03 -9.999970000000000248e-01 4.321920000000000206e-01 9.017810000000000548e-01 3.959999999999999762e-04 9.017789999999999973e-01 -4.321900000000000186e-01 -2.354999999999999889e-03
1.200000000000000000e+01 2.500000000000000000e+01 8.000000000000000000e+00 0.000000000000000000e+00 1.600000000000000089e+00 -2.028999999999999988e-03 -1.860000000000000108e-03 -9.999959999999999960e-01 4.324299999999999811e-01 9.016640000000000210e-01 -2.553999999999999847e-03 9.016650000000000498e-01 -4.324339999999999851e-01 -1.025000000000000086e-03
1.800000000000000000e+01 2.500000000000000000e+01 8.000000000000000000e+00 0.000000000000000000e+00 1.600000000000000089e+00 1.369999999999999907e-03 9.219999999999999680e-04 -9.999989999999999712e-01 4.368139999999999801e-01 8.995509999999999895e-01 1.428000000000000016e-03 8.995509999999999895e-01 -4.368150000000000088e-01 8.300000000000000086e-04
2.400000000000000000e+01 2.500000000000000000e+01 8.000000000000000000e+00 0.000000000000000000e+00 1.600000000000000089e+00 3.080000000000000055e-04 2.442999999999999859e-03 -9.999970000000000248e-01 4.358029999999999959e-01 9.000390000000000335e-01 2.333000000000000004e-03 9.000420000000000087e-01 -4.358029999999999959e-01 -7.870000000000000476e-04
2.900000000000000000e+01 2.500000000000000000e+01 8.000000000000000000e+00 0.000000000000000000e+00 1.600000000000000089e+00 -3.661999999999999891e-03 -3.527999999999999886e-03 -9.999869999999999592e-01 4.359029999999999849e-01 8.999810000000000310e-01 -4.771000000000000067e-03 8.999859999999999527e-01 -4.359140000000000237e-01 -1.758000000000000014e-03
2.000000000000000000e+00 2.400000000000000000e+01 9.000000000000000000e+00 0.000000000000000000e+00 1.600000000000000089e+00 2.772000000000000158e-03 6.689999999999999766e-03 -9.999740000000000295e-01 4.421559999999999935e-01 8.969089999999999563e-01 7.225999999999999784e-03 8.969340000000000090e-01 -4.421640000000000015e-01 -4.719999999999999803e-04
7.000000000000000000e+00 2.400000000000000000e+01 9.000000000000000000e+00 0.000000000000000000e+00 1.600000000000000089e+00 -3.299999999999999982e-04 2.507999999999999813e-03 -9.999970000000000248e-01 4.377389999999999892e-01 8.991000000000000103e-01 2.109999999999999896e-03 8.991019999999999568e-01 -4.377369999999999872e-01 -1.394999999999999973e-03
1.500000000000000000e+01 2.400000000000000000e+01 9.000000000000000000e+00 0.000000000000000000e+00 1.600000000000000089e+00 -5.800000000000000034e-04 -2.413999999999999913e-03 -9.999970000000000248e-01 4.409750000000000059e-01 8.975159999999999805e-01 -2.422999999999999807e-03 8.975189999999999557e-01 -4.409750000000000059e-01 5.439999999999999957e-04
1.800000000000000000e+01 2.400000000000000000e+01 9.000000000000000000e+00 0.000000000000000000e+00 1.600000000000000089e+00 1.314000000000000064e-03 6.139999999999999625e-04 -9.999989999999999712e-01 4.435140000000000193e-01 8.962670000000000359e-01 1.132999999999999893e-03 8.962660000000000071e-01 -4.435149999999999926e-01 9.060000000000000128e-04
2.100000000000000000e+01 2.400000000000000000e+01 9.000000000000000000e+00 0.000000000000000000e+00 1.600000000000000089e+00 1.317000000000000028e-03 4.092000000000000151e-03 -9.999909999999999632e-01 4.432110000000000216e-01 8.964069999999999538e-01 4.251999999999999703e-03 8.964170000000000194e-01 -4.432119999999999949e-01 -6.329999999999999906e-04
2.900000000000000000e+01 2.400000000000000000e+01 9.000000000000000000e+00 0.000000000000000000e+00 1.600000000000000089e+00 -3.795999999999999895e-03 -5.213999999999999885e-03 -9.999789999999999512e-01 4.424080000000000235e-01 8.967910000000000048e-01 -6.355999999999999671e-03 8.968059999999999921e-01 -4.424230000000000107e-01 -1.097000000000000102e-03
3.000000000000000000e+00 8.000000000000000000e+00 1.000000000000000000e+01 0.000000000000000000e+00 1.600000000000000089e+00 7.971000000000000307e-02 4.533600000000000130e-02 -9.957869999999999777e-01 -9.861320000000000086e-01 -1.422930000000000028e-01 -8.541500000000000481e-02 -1.455660000000000009e-01 9.887860000000000538e-01 3.336499999999999883e-02
3.000000000000000000e+00 4.000000000000000000e+00 1.100000000000000000e+01 0.000000000000000000e+00 1.600000000000000089e+00 -1.079000000000000098e-03 8.231499999999999928e-02 9.966059999999999919e-01 1.608469999999999900e-01 -9.836160000000000458e-01 8.141600000000000226e-02 9.869790000000000507e-01 1.603890000000000038e-01 -1.217900000000000059e-02
2.100000000000000000e+01 4.000000000000000000e+00 1.100000000000000000e+01 0.000000000000000000e+00 1.600000000000000089e+00 4.970000000000000459e-04 -2.264100000000000140e-02 9.997439999999999660e-01 1.745230000000000115e-01 -9.843990000000000240e-01 -2.238000000000000059e-02 9.846530000000000005e-01 1.744900000000000062e-01 3.461999999999999800e-03
2.700000000000000000e+01 4.000000000000000000e+00 1.100000000000000000e+01 0.000000000000000000e+00 1.600000000000000089e+00 3.044999999999999964e-03 -1.547100000000000038e-02 9.998759999999999870e-01 1.797189999999999899e-01 -9.835920000000000218e-01 -1.576699999999999977e-02 9.837129999999999486e-01 1.797439999999999871e-01 -2.149999999999999947e-04
1.000000000000000000e+00 3.500000000000000000e+01 1.200000000000000000e+01 0.000000000000000000e+00 1.600000000000000089e+00 -4.820000000000000066e-04 1.981000000000000122e-03 9.999980000000000535e-01 6.123309999999999587e-01 7.906009999999999982e-01 -1.270999999999999994e-03 -7.906009999999999982e-01 6.123290000000000122e-01 -1.593999999999999931e-03
1.900000000000000000e+01 3.200000000000000000e+01 1.400000000000000000e+01 0.000000000000000000e+00 1.600000000000000089e+00 -5.850000000000000165e-04 6.000000000000000152e-06 -1.000000000000000000e+00 1.217769999999999964e-01 9.925580000000000513e-01 -6.499999999999999431e-05 9.925570000000000226e-01 -1.217769999999999964e-01 -5.820000000000000520e-04
2.300000000000000000e+01 3.200000000000000000e+01 1.400000000000000000e+01 0.000000000000000000e+00 1.600000000000000089e+00 1.979999999999999881e-04 4.383999999999999876e-03 -9.999900000000000455e-01 1.217870000000000064e-01 9.925469999999999571e-01 4.375000000000000416e-03 9.925559999999999938e-01 -1.217870000000000064e-01 -3.370000000000000057e-04
9.000000000000000000e+00 1.200000000000000000e+01 1.600000000000000000e+01 0.000000000000000000e+00 1.600000000000000089e+00 1.422000000000000087e-03 -1.939999999999999993e-04 9.999989999999999712e-01 2.640799999999999814e-01 -9.645000000000000240e-01 -5.630000000000000239e-04 9.645000000000000240e-01 2.640810000000000102e-01 -1.319999999999999993e-03
3.000000000000000000e+00 1.160000000000000000e+02 1.600000000000000000e+01 0.000000000000000000e+00 1.600000000000000089e+00 -3.511999999999999931e-03 -2.262000000000000122e-03 9.999909999999999632e-01 7.570090000000000430e-01 6.533919999999999728e-01 4.135999999999999920e-03 -6.533949999999999481e-01 7.570170000000000510e-01 -5.820000000000000520e-04
6.000000000000000000e+00 1.160000000000000000e+02 1.600000000000000000e+01 0.000000000000000000e+00 1.600000000000000089e+00 -4.076999999999999895e-03 -2.501999999999999884e-03 9.999890000000000168e-01 7.521449999999999525e-01 6.589810000000000390e-01 4.714999999999999573e-03 -6.589850000000000430e-01 7.521550000000000180e-01 -8.040000000000000271e-04
2.300000000000000000e+01 1.160000000000000000e+02 1.600000000000000000e+01 0.000000000000000000e+00 1.600000000000000089e+00 1.631999999999999987e-03 -2.829999999999999942e-04 9.999989999999999712e-01 7.002180000000000071e-01 7.139290000000000358e-01 -9.409999999999999962e-04 -7.139280000000000070e-01 7.002180000000000071e-01 1.363999999999999978e-03
9.000000000000000000e+00 2.000000000000000000e+00 1.900000000000000000e+01 0.000000000000000000e+00 1.600000000000000089e+00 4.500000000000000283e-05 -1.958299999999999971e-02 -9.998080000000000300e-01 3.573830000000000062e-01 -9.337790000000000257e-01 1.830599999999999936e-02 -9.339579999999999549e-01 -3.573149999999999937e-01 6.956000000000000377e-03
1.900000000000000000e+01 2.000000000000000000e+00 1.900000000000000000e+01 0.000000000000000000e+00 1.600000000000000089e+00 6.193999999999999853e-03 -1.756399999999999975e-02 -9.998270000000000213e-01 3.592650000000000010e-01 -9.330500000000000460e-01 1.861600000000000060e-02 -9.332150000000000167e-01 -3.593180000000000263e-01 5.310000000000000050e-04
3.000000000000000000e+00 3.000000000000000000e+00 1.900000000000000000e+01 0.000000000000000000e+00 1.600000000000000089e+00 -4.887999999999999984e-03 2.240800000000000083e-02 -9.997369999999999868e-01 3.497810000000000086e-01 -9.365569999999999729e-01 -2.270199999999999996e-02 -9.368189999999999573e-01 -3.497999999999999998e-01 -3.259999999999999877e-03
1.000000000000000000e+01 3.000000000000000000e+00 1.900000000000000000e+01 0.000000000000000000e+00 1.600000000000000089e+00 -6.089999999999999494e-04 -2.151399999999999840e-02 -9.997679999999999900e-01 3.392209999999999948e-01 -9.404930000000000234e-01 2.003200000000000119e-02 -9.407060000000000421e-01 -3.391310000000000158e-01 7.870999999999999525e-03
2.000000000000000000e+01 3.000000000000000000e+00 1.900000000000000000e+01 0.000000000000000000e+00 1.600000000000000089e+00 4.721999999999999635e-03 -1.026900000000000035e-02 -9.999360000000000470e-01 3.316649999999999876e-01 -9.433300000000000018e-01 1.125400000000000011e-02 -9.433859999999999468e-01 -3.316970000000000196e-01 -1.049000000000000019e-03
2.400000000000000000e+01 3.000000000000000000e+00 1.900000000000000000e+01 0.000000000000000000e+00 1.600000000000000089e+00 4.490000000000000176e-04 -2.110000000000000059e-04 -1.000000000000000000e+00 3.329960000000000142e-01 -9.429279999999999884e-01 3.480000000000000020e-04 -9.429279999999999884e-01 -3.329960000000000142e-01 -3.530000000000000152e-04
2.800000000000000000e+01 3.000000000000000000e+00 1.900000000000000000e+01 0.000000000000000000e+00 1.600000000000000089e+00 -2.739999999999999814e-03 1.623300000000000090e-02 -9.998650000000000038e-01 3.369219999999999993e-01 -9.413930000000000353e-01 -1.620699999999999918e-02 -9.415280000000000316e-01 -3.369210000000000260e-01 -2.890000000000000208e-03
7.000000000000000000e+00 1.300000000000000000e+01 2.000000000000000000e+01 0.000000000000000000e+00 1.600000000000000089e+00 5.259999999999999919e-04 1.569000000000000082e-03 9.999989999999999712e-01 2.632660000000000000e-01 9.647219999999999684e-01 -1.652000000000000040e-03 -9.647229999999999972e-01 2.632669999999999733e-01 9.399999999999999448e-05
1.100000000000000000e+01 1.300000000000000000e+01 2.000000000000000000e+01 0.000000000000000000e+00 1.600000000000000089e+00 7.560000000000000530e-04 4.840999999999999817e-03 9.999879999999999880e-01 2.635689999999999977e-01 9.646280000000000410e-01 -4.869000000000000064e-03 -9.646400000000000530e-01 2.635689999999999977e-01 -5.469999999999999602e-04
1.500000000000000000e+01 1.300000000000000000e+01 2.000000000000000000e+01 0.000000000000000000e+00 1.600000000000000089e+00 5.770000000000000389e-04 1.105000000000000079e-03 9.999989999999999712e-01 2.614469999999999850e-01 9.652169999999999916e-01 -1.217999999999999899e-03 -9.652180000000000204e-01 2.614480000000000137e-01 2.680000000000000090e-04
2.200000000000000000e+01 1.300000000000000000e+01 2.000000000000000000e+01 0.000000000000000000e+00 1.600000000000000089e+00 -1.430000000000000064e-04 -1.283999999999999985e-03 9.999989999999999712e-01 2.595830000000000082e-01 9.657200000000000228e-01 1.276999999999999923e-03 -9.657210000000000516e-01 2.595830000000000082e-01 1.949999999999999965e-04
2.600000000000000000e+01 1.300000000000000000e+01 2.000000000000000000e+01 0.000000000000000000e+00 1.600000000000000089e+00 7.979999999999999897e-04 -1.139999999999999954e-03 9.999989999999999712e-01 2.583539999999999726e-01 9.660499999999999643e-01 8.949999999999999623e-04 -9.660499999999999643e-01 2.583529999999999993e-01 1.064999999999999974e-03
7.000000000000000000e+00 1.600000000000000000e+01 2.100000000000000000e+01 0.000000000000000000e+00 1.600000000000000089e+00 5.150000000000000498e-04 2.086999999999999880e-03 9.999980000000000535e-01 3.001489999999999991e-01 9.538900000000000157e-01 -2.145000000000000205e-03 -9.538919999999999622e-01 3.001499999999999724e-01 -1.350000000000000017e-04
1.400000000000000000e+01 1.600000000000000000e+01 2.100000000000000000e+01 0.000000000000000000e+00 1.600000000000000089e+00 3.609999999999999928e-04 2.671000000000000197e-03 9.999959999999999960e-01 2.991219999999999990e-01 9.542110000000000314e-01 -2.657000000000000074e-03 -9.542150000000000354e-01 2.991219999999999990e-01 -4.539999999999999765e-04
1.300000000000000000e+01 2.000000000000000000e+00 2.500000000000000000e+01 0.000000000000000000e+00 1.600000000000000089e+00 1.016399999999999942e-02 -3.532400000000000123e-02 9.993239999999999901e-01 8.536199999999999344e-02 -9.956970000000000542e-01 -3.606399999999999884e-02 9.962980000000000169e-01 8.567099999999999715e-02 -7.105000000000000204e-03
4.000000000000000000e+00 3.000000000000000000e+00 2.500000000000000000e+01 0.000000000000000000e+00 1.600000000000000089e+00 5.509999999999999490e-04 8.363000000000000642e-03 9.999649999999999928e-01 3.544200000000000128e-02 -9.993370000000000308e-01 8.337999999999999926e-03 9.993720000000000381e-01 3.543700000000000322e-02 -8.469999999999999881e-04
1.200000000000000000e+01 3.000000000000000000e+00 2.500000000000000000e+01 0.000000000000000000e+00 1.600000000000000089e+00 5.898999999999999730e-03 -3.119699999999999904e-02 9.994960000000000511e-01 4.073000000000000231e-03 -9.995039999999999480e-01 -3.122099999999999875e-02 9.999740000000000295e-01 4.255000000000000102e-03 -5.768999999999999823e-03
1.900000000000000000e+01 3.000000000000000000e+00 2.500000000000000000e+01 0.000000000000000000e+00 1.600000000000000089e+00 3.078000000000000007e-03 -1.056099999999999921e-02 9.999400000000000510e-01 -3.282399999999999901e-02 -9.994060000000000166e-01 -1.045500000000000075e-02 9.994560000000000111e-01 -3.278999999999999970e-02 -3.422999999999999828e-03
2.500000000000000000e+01 3.000000000000000000e+00 2.500000000000000000e+01 0.000000000000000000e+00 1.600000000000000089e+00 -1.319999999999999993e-03 1.596999999999999895e-03 9.999980000000000535e-01 -3.438700000000000090e-02 -9.994070000000000453e-01 1.551000000000000078e-03 9.994079999999999631e-01 -3.438499999999999890e-02 1.374999999999999920e-03
2.500000000000000000e+01 4.600000000000000000e+01 2.700000000000000000e+01 0.000000000000000000e+00 1.600000000000000089e+00 -1.386000000000000079e-03 -1.440000000000000036e-04 -9.999989999999999712e-01 6.758760000000000323e-01 7.370149999999999757e-01 -1.043000000000000090e-03 7.370139999999999469e-01 -6.758769999999999500e-01 -9.240000000000000166e-04
1.000000000000000000e+00 2.200000000000000000e+01 3.400000000000000000e+01 0.000000000000000000e+00 1.600000000000000089e+00 4.809999999999999823e-04 -3.243999999999999922e-03 9.999949999999999672e-01 3.795370000000000132e-01 -9.251709999999999656e-01 -3.184000000000000198e-03 9.251759999999999984e-01 3.795370000000000132e-01 7.860000000000000233e-04
7.000000000000000000e+00 4.600000000000000000e+01 3.500000000000000000e+01 0.000000000000000000e+00 1.600000000000000089e+00 -8.809999999999999472e-04 -2.791000000000000078e-03 -9.999959999999999960e-01 3.922530000000000183e-01 -9.198549999999999782e-01 2.220999999999999884e-03 -9.198570000000000357e-01 -3.922499999999999876e-01 1.905000000000000009e-03
1.500000000000000000e+01 4.600000000000000000e+01 3.500000000000000000e+01 0.000000000000000000e+00 1.600000000000000089e+00 -4.000000000000000327e-05 1.789999999999999870e-04 -1.000000000000000000e+00 3.917209999999999859e-01 -9.200840000000000130e-01 -1.800000000000000113e-04 -9.200840000000000130e-01 -3.917209999999999859e-01 -3.300000000000000253e-05
2.500000000000000000e+01 4.600000000000000000e+01 3.500000000000000000e+01 0.000000000000000000e+00 1.600000000000000089e+00 -1.182000000000000108e-03 -6.899999999999999667e-05 -9.999989999999999712e-01 3.905899999999999928e-01 -9.205649999999999666e-01 -3.980000000000000248e-04 -9.205640000000000489e-01 -3.905910000000000215e-01 1.115000000000000106e-03
1.700000000000000000e+01 9.500000000000000000e+01 3.600000000000000000e+01 0.000000000000000000e+00 1.600000000000000089e+00 3.180000000000000101e-03 9.645000000000000795e-03 9.999479999999999480e-01 9.967019999999999769e-01 8.105099999999999805e-02 -3.950999999999999651e-03 -8.108500000000000429e-02 9.966629999999999656e-01 -9.355000000000000468e-03
2.300000000000000000e+01 9.500000000000000000e+01 3.600000000000000000e+01 0.000000000000000000e+00 1.600000000000000089e+00 2.785999999999999848e-03 5.961000000000000153e-03 9.999780000000000335e-01 9.962419999999999609e-01 8.654599999999999793e-02 -3.291999999999999788e-03 -8.656400000000000206e-02 9.962299999999999489e-01 -5.697999999999999940e-03
1.000000000000000000e+01 9.500000000000000000e+01 3.700000000000000000e+01 0.000000000000000000e+00 1.600000000000000089e+00 -1.626999999999999974e-03 -1.145799999999999944e-02 9.999329999999999607e-01 9.948280000000000456e-01 1.015390000000000043e-01 2.782000000000000185e-03 -1.015640000000000015e-01 9.947660000000000391e-01 1.123399999999999919e-02
4.000000000000000000e+00 6.000000000000000000e+01 3.900000000000000000e+01 0.000000000000000000e+00 1.600000000000000089e+00 -4.350000000000000026e-04 -1.273400000000000053e-02 -9.999190000000000023e-01 2.961489999999999956e-01 -9.550659999999999705e-01 1.203399999999999956e-02 -9.551420000000000465e-01 -2.961199999999999943e-01 4.186999999999999750e-03
2.000000000000000000e+00 2.900000000000000000e+01 4.400000000000000000e+01 0.000000000000000000e+00 1.600000000000000089e+00 1.915999999999999951e-03 -2.329999999999999986e-04 -9.999980000000000535e-01 6.615919999999999579e-01 7.498639999999999750e-01 1.092000000000000089e-03 7.498620000000000285e-01 -6.615919999999999579e-01 1.590999999999999966e-03
6.000000000000000000e+00 2.900000000000000000e+01 4.400000000000000000e+01 0.000000000000000000e+00 1.600000000000000089e+00 -1.428999999999999932e-03 -3.219000000000000073e-03 -9.999940000000000495e-01 6.605069999999999553e-01 7.508120000000000349e-01 -3.360999999999999838e-03 7.508179999999999854e-01 -6.605079999999999840e-01 1.052999999999999900e-03
1.500000000000000000e+01 2.900000000000000000e+01 4.400000000000000000e+01 0.000000000000000000e+00 1.600000000000000089e+00 3.060000000000000111e-04 -1.840000000000000001e-04 -1.000000000000000000e+00 6.616060000000000274e-01 7.498510000000000453e-01 6.399999999999999710e-05 7.498510000000000453e-01 -6.616060000000000274e-01 3.510000000000000208e-04
2.500000000000000000e+01 2.900000000000000000e+01 4.400000000000000000e+01 0.000000000000000000e+00 1.600000000000000089e+00 -2.400000000000000061e-05 2.122999999999999887e-03 -9.999980000000000535e-01 6.613329999999999487e-01 7.500900000000000345e-01 1.577000000000000060e-03 7.500919999999999810e-01 -6.613320000000000309e-01 -1.422000000000000087e-03
2.900000000000000000e+01 2.900000000000000000e+01 4.400000000000000000e+01 0.000000000000000000e+00 1.600000000000000089e+00 -6.599999999999999964e-04 3.808000000000000187e-03 -9.999919999999999920e-01 6.445100000000000273e-01 7.645910000000000206e-01 2.485999999999999929e-03 7.645950000000000246e-01 -6.445039999999999658e-01 -2.958999999999999825e-03
1.000000000000000000e+00 4.000000000000000000e+00 5.000000000000000000e+01 0.000000000000000000e+00 1.600000000000000089e+00 1.732000000000000033e-03 4.717999999999999972e-03 -9.999869999999999592e-01 5.325159999999999894e-01 -8.464150000000000285e-01 -3.070999999999999945e-03 -8.464180000000000037e-01 -5.325029999999999486e-01 -3.978999999999999898e-03
2.000000000000000000e+01 5.000000000000000000e+00 5.100000000000000000e+01 0.000000000000000000e+00 1.600000000000000089e+00 -1.800000000000000113e-04 7.115999999999999930e-03 -9.999749999999999472e-01 4.884569999999999745e-01 -8.725659999999999528e-01 -6.297999999999999779e-03 -8.725880000000000303e-01 -4.884450000000000180e-01 -3.318999999999999902e-03
2.300000000000000000e+01 6.000000000000000000e+00 5.100000000000000000e+01 0.000000000000000000e+00 1.600000000000000089e+00 8.100000000000000375e-05 4.386000000000000142e-03 -9.999900000000000455e-01 3.150999999999999912e-01 -9.490490000000000315e-01 -4.137000000000000052e-03 -9.490579999999999572e-01 -3.150970000000000160e-01 -1.459000000000000010e-03
5.000000000000000000e+00 1.150000000000000000e+02 5.100000000000000000e+01 0.000000000000000000e+00 1.600000000000000089e+00 -2.187000000000000142e-03 -4.179000000000000423e-03 9.999890000000000168e-01 8.472359999999999891e-01 -5.312170000000000503e-01 -3.669999999999999760e-04 5.312120000000000175e-01 8.472260000000000346e-01 4.702999999999999715e-03
9.000000000000000000e+00 1.150000000000000000e+02 5.100000000000000000e+01 0.000000000000000000e+00 1.600000000000000089e+00 5.599999999999999916e-05 4.360000000000000269e-04 1.000000000000000000e+00 8.466879999999999962e-01 -5.320899999999999519e-01 1.840000000000000001e-04 5.320899999999999519e-01 8.466879999999999962e-01 -3.989999999999999949e-04
2.900000000000000000e+01 5.800000000000000000e+01 5.200000000000000000e+01 0.000000000000000000e+00 1.600000000000000089e+00 -2.948999999999999799e-03 -3.370999999999999865e-03 9.999900000000000455e-01 -6.295469999999999677e-01 7.769620000000000415e-01 7.619999999999999820e-04 -7.769570000000000087e-01 -6.295380000000000420e-01 -4.414000000000000389e-03
1.100000000000000000e+01 6.300000000000000000e+01 5.400000000000000000e+01 0.000000000000000000e+00 1.600000000000000089e+00 1.427000000000000100e-03 -2.007000000000000103e-03 9.999970000000000248e-01 -3.462819999999999787e-01 9.381270000000000442e-01 2.377000000000000206e-03 -9.381289999999999907e-01 -3.462850000000000095e-01 6.440000000000000412e-04
1.500000000000000000e+01 6.300000000000000000e+01 5.400000000000000000e+01 0.000000000000000000e+00 1.600000000000000089e+00 -7.500000000000000156e-04 9.070000000000000371e-04 9.999989999999999712e-01 -3.423200000000000132e-01 9.395829999999999460e-01 -1.108999999999999960e-03 -9.395829999999999460e-01 -3.423200000000000132e-01 -3.939999999999999817e-04
2.400000000000000000e+01 6.300000000000000000e+01 5.400000000000000000e+01 0.000000000000000000e+00 1.600000000000000089e+00 -2.069999999999999900e-04 2.946999999999999967e-03 9.999959999999999960e-01 -3.465779999999999972e-01 9.380169999999999897e-01 -2.835999999999999979e-03 -9.380209999999999937e-01 -3.465770000000000239e-01 8.270000000000000441e-04
1.900000000000000000e+01 2.500000000000000000e+01 5.500000000000000000e+01 0.000000000000000000e+00 1.600000000000000089e+00 1.234999999999999987e-03 4.800000000000000122e-05 -9.999989999999999712e-01 -1.157700000000000048e-02 -9.999329999999999607e-01 -6.200000000000000270e-05 -9.999320000000000430e-01 1.157700000000000048e-02 -1.234000000000000071e-03
2.600000000000000000e+01 2.500000000000000000e+01 5.500000000000000000e+01 0.000000000000000000e+00 1.600000000000000089e+00 -1.640000000000000019e-04 1.409000000000000096e-03 -9.999989999999999712e-01 -1.128499999999999989e-02 -9.999350000000000183e-01 -1.407000000000000048e-03 -9.999360000000000470e-01 1.128499999999999989e-02 1.800000000000000113e-04
2.300000000000000000e+01 2.000000000000000000e+01 6.000000000000000000e+01 0.000000000000000000e+00 1.600000000000000089e+00 -7.699999999999999597e-04 -3.699999999999999947e-04 1.000000000000000000e+00 -6.274899999999999922e-02 9.980290000000000550e-01 3.209999999999999963e-04 -9.980290000000000550e-01 -6.274899999999999922e-02 -7.919999999999999523e-04
2.800000000000000000e+01 2.000000000000000000e+01 6.000000000000000000e+01 0.000000000000000000e+00 1.600000000000000089e+00 2.301999999999999793e-03 4.087000000000000355e-03 9.999890000000000168e-01 -6.105200000000000210e-02 9.981269999999999865e-01 -3.938999999999999793e-03 -9.981320000000000192e-01 -6.104199999999999904e-02 2.546999999999999785e-03
1.000000000000000000e+00 2.100000000000000000e+01 6.000000000000000000e+01 0.000000000000000000e+00 1.600000000000000089e+00 -3.770000000000000022e-04 -9.976999999999999758e-03 9.999500000000000055e-01 -9.548199999999999743e-02 9.953819999999999890e-01 9.894999999999999282e-03 -9.954309999999999548e-01 -9.547300000000000231e-02 -1.327999999999999970e-03
8.000000000000000000e+00 2.100000000000000000e+01 6.000000000000000000e+01 0.000000000000000000e+00 1.600000000000000089e+00 8.599999999999999789e-04 -1.665999999999999946e-03 9.999980000000000535e-01 -9.298099999999999421e-02 9.956660000000000510e-01 1.739000000000000094e-03 -9.956679999999999975e-01 -9.298199999999999521e-02 7.010000000000000172e-04
1.500000000000000000e+01 2.100000000000000000e+01 6.000000000000000000e+01 0.000000000000000000e+00 1.600000000000000089e+00 -5.240000000000000517e-04 7.232999999999999846e-03 9.999740000000000295e-01 -9.701400000000000301e-02 9.952569999999999473e-01 -7.249000000000000235e-03 -9.952830000000000288e-01 -9.701500000000000401e-02 1.800000000000000113e-04
1.900000000000000000e+01 2.100000000000000000e+01 6.000000000000000000e+01 0.000000000000000000e+00 1.600000000000000089e+00 1.319999999999999993e-03 3.305000000000000212e-03 9.999940000000000495e-01 -9.618899999999999673e-02 9.953579999999999650e-01 -3.163000000000000013e-03 -9.953619999999999690e-01 -9.618400000000000560e-02 1.631999999999999987e-03
2.600000000000000000e+01 6.700000000000000000e+01 6.000000000000000000e+01 0.000000000000000000e+00 1.600000000000000089e+00 -8.469999999999999881e-04 -4.170000000000000095e-03 9.999909999999999632e-01 1.733139999999999958e-01 -9.848590000000000400e-01 -3.959999999999999978e-03 9.848660000000000192e-01 1.733089999999999908e-01 1.557000000000000007e-03
1.600000000000000000e+01 3.000000000000000000e+00 6.300000000000000000e+01 0.000000000000000000e+00 1.600000000000000089e+00 1.304000000000000038e-03 -5.462999999999999974e-03 9.999839999999999840e-01 -6.122499999999999609e-01 7.906480000000000175e-01 5.118000000000000153e-03 -7.906630000000000047e-01 -6.122469999999999857e-01 -2.314000000000000085e-03
3.000000000000000000e+00 2.700000000000000000e+01 6.300000000000000000e+01 0.000000000000000000e+00 1.600000000000000089e+00 3.301999999999999814e-03 6.945999999999999917e-03 9.999700000000000255e-01 -2.758979999999999766e-01 9.611699999999999688e-01 -5.765000000000000159e-03 -9.611809999999999521e-01 -2.758700000000000041e-01 5.089999999999999906e-03
8.000000000000000000e+00 2.700000000000000000e+01 6.300000000000000000e+01 0.000000000000000000e+00 1.600000000000000089e+00 -9.110000000000000259e-04 8.330000000000000598e-03 9.999649999999999928e-01 -2.705469999999999819e-01 9.626710000000000544e-01 -8.266000000000000777e-03 -9.627059999999999507e-01 -2.705449999999999799e-01 1.376000000000000053e-03
1.500000000000000000e+01 2.700000000000000000e+01 6.300000000000000000e+01 0.000000000000000000e+00 1.600000000000000089e+00 6.329999999999999906e-04 -9.282000000000000320e-03 9.999569999999999848e-01 -2.747709999999999875e-01 9.614669999999999606e-01 9.098999999999999450e-03 -9.615099999999999758e-01 -2.747649999999999815e-01 -1.941999999999999933e-03
1.900000000000000000e+01 2.700000000000000000e+01 6.300000000000000000e+01 0.000000000000000000e+00 1.600000000000000089e+00 3.075000000000000042e-03 -4.593999999999999993e-03 9.999850000000000128e-01 -2.733479999999999799e-01 9.619010000000000060e-01 5.258999999999999786e-03 -9.619100000000000428e-01 -2.733599999999999919e-01 1.701999999999999954e-03
2.400000000000000000e+01 2.700000000000000000e+01 6.300000000000000000e+01 0.000000000000000000e+00 1.600000000000000089e+00 5.050000000000000235e-04 -1.761999999999999894e-03 9.999980000000000535e-01 -2.718050000000000188e-01 9.623509999999999565e-01 1.832999999999999994e-03 -9.623519999999999852e-01 -2.718050000000000188e-01 6.999999999999999895e-06
3.000000000000000000e+00 2.600000000000000000e+01 6.400000000000000000e+01 0.000000000000000000e+00 1.600000000000000089e+00 2.812999999999999962e-03 4.732000000000000095e-03 9.999850000000000128e-01 -3.692420000000000146e-01 9.293270000000000142e-01 -3.359000000000000007e-03 -9.293289999999999607e-01 -3.692270000000000274e-01 4.361000000000000293e-03
9.000000000000000000e+00 2.600000000000000000e+01 6.400000000000000000e+01 0.000000000000000000e+00 1.600000000000000089e+00 -3.301000000000000115e-03 6.087999999999999662e-03 9.999759999999999760e-01 -3.650200000000000111e-01 9.309739999999999682e-01 -6.872999999999999769e-03 -9.309939999999999882e-01 -3.650340000000000251e-01 -8.509999999999999769e-04
1.600000000000000000e+01 2.600000000000000000e+01 6.400000000000000000e+01 0.000000000000000000e+00 1.600000000000000089e+00 2.871999999999999987e-03 -6.780999999999999701e-03 9.999730000000000008e-01 -3.709669999999999912e-01 9.286170000000000258e-01 7.361999999999999621e-03 -9.286410000000000498e-01 -3.709779999999999744e-01 1.520000000000000084e-04
2.000000000000000000e+01 2.600000000000000000e+01 6.400000000000000000e+01 0.000000000000000000e+00 1.600000000000000089e+00 2.645999999999999915e-03 -2.762000000000000132e-03 9.999930000000000208e-01 -3.657540000000000235e-01 9.307050000000000045e-01 3.537999999999999912e-03 -9.307079999999999798e-01 -3.657599999999999740e-01 1.453000000000000081e-03
2.500000000000000000e+01 2.600000000000000000e+01 6.400000000000000000e+01 0.000000000000000000e+00 1.600000000000000089e+00 1.015000000000000060e-03 -3.706000000000000093e-03 9.999930000000000208e-01 -3.644919999999999827e-01 9.311989999999999990e-01 3.821000000000000178e-03 -9.312059999999999782e-01 -3.644930000000000114e-01 -4.049999999999999781e-04
3.000000000000000000e+01 2.600000000000000000e+01 6.400000000000000000e+01 0.000000000000000000e+00 1.600000000000000089e+00 8.220000000000000310e-04 1.198000000000000063e-03 9.999989999999999712e-01 -3.685789999999999900e-01 9.295959999999999779e-01 -8.109999999999999805e-04 -9.295959999999999779e-01 -3.685780000000000167e-01 1.204999999999999908e-03
1.600000000000000000e+01 6.900000000000000000e+01 6.600000000000000000e+01 0.000000000000000000e+00 1.600000000000000089e+00 -4.151000000000000176e-03 -3.449999999999999942e-03 9.999850000000000128e-01 -9.467100000000000515e-01 3.220740000000000269e-01 -2.818999999999999891e-03 -3.220589999999999842e-01 -9.467079999999999940e-01 -4.603000000000000320e-03
2.100000000000000000e+01 6.900000000000000000e+01 6.600000000000000000e+01 0.000000000000000000e+00 1.600000000000000089e+00 9.060000000000000128e-04 -1.420999999999999954e-03 9.999989999999999712e-01 -9.467210000000000347e-01 3.220509999999999762e-01 1.314999999999999980e-03 -3.220520000000000049e-01 -9.467210000000000347e-01 -1.054000000000000032e-03
4.000000000000000000e+00 2.500000000000000000e+01 7.300000000000000000e+01 0.000000000000000000e+00 1.600000000000000089e+00 -1.593000000000000015e-03 -4.442999999999999901e-03 9.999890000000000168e-01 7.559649999999999981e-01 -6.546100000000000252e-01 -1.704999999999999918e-03 6.546100000000000252e-01 7.559540000000000148e-01 4.401000000000000398e-03
9.000000000000000000e+00 2.500000000000000000e+01 7.300000000000000000e+01 0.000000000000000000e+00 1.600000000000000089e+00 3.809999999999999910e-04 -5.760000000000000146e-04 1.000000000000000000e+00 7.538639999999999786e-01 -6.570310000000000317e-01 -6.660000000000000338e-04 6.570310000000000317e-01 7.538639999999999786e-01 1.840000000000000001e-04
1.700000000000000000e+01 2.500000000000000000e+01 7.300000000000000000e+01 0.000000000000000000e+00 1.600000000000000089e+00 1.951000000000000043e-03 3.199999999999999855e-05 9.999980000000000535e-01 7.600710000000000521e-01 -6.498380000000000267e-01 -1.461999999999999975e-03 6.498369999999999980e-01 7.600729999999999986e-01 -1.291999999999999963e-03
2.400000000000000000e+01 2.500000000000000000e+01 7.300000000000000000e+01 0.000000000000000000e+00 1.600000000000000089e+00 -1.062000000000000010e-03 -1.897000000000000032e-03 9.999980000000000535e-01 7.555749999999999966e-01 -6.550620000000000331e-01 -4.400000000000000157e-04 6.550610000000000044e-01 7.555730000000000501e-01 2.128999999999999816e-03
3.000000000000000000e+01 2.500000000000000000e+01 7.300000000000000000e+01 0.000000000000000000e+00 1.600000000000000089e+00 2.955000000000000161e-03 -3.041999999999999999e-03 9.999909999999999632e-01 7.553539999999999699e-01 -6.553039999999999976e-01 -4.225999999999999722e-03 6.553109999999999769e-01 7.553590000000000027e-01 3.609999999999999928e-04
3.000000000000000000e+00 4.400000000000000000e+01 7.300000000000000000e+01 0.000000000000000000e+00 1.600000000000000089e+00 2.400000000000000061e-05 -1.082999999999999978e-03 9.999989999999999712e-01 5.369199999999999667e-02 -9.985570000000000279e-01 -1.082999999999999978e-03 9.985579999999999457e-01 5.369199999999999667e-02 3.399999999999999973e-05
6.000000000000000000e+00 4.400000000000000000e+01 7.300000000000000000e+01 0.000000000000000000e+00 1.600000000000000089e+00 5.590000000000000351e-04 -1.662999999999999982e-03 9.999980000000000535e-01 5.344499999999999945e-02 -9.985690000000000399e-01 -1.691000000000000012e-03 9.985709999999999864e-01 5.344600000000000045e-02 -4.699999999999999859e-04
1.100000000000000000e+01 4.400000000000000000e+01 7.300000000000000000e+01 0.000000000000000000e+00 1.600000000000000089e+00 6.999999999999999895e-06 1.360000000000000098e-03 9.999989999999999712e-01 5.492899999999999866e-02 -9.984889999999999599e-01 1.358000000000000049e-03 9.984899999999999887e-01 5.492899999999999866e-02 -8.200000000000000095e-05
1.800000000000000000e+01 4.400000000000000000e+01 7.300000000000000000e+01 0.000000000000000000e+00 1.600000000000000089e+00 -2.959999999999999849e-04 -1.258999999999999920e-03 9.999989999999999712e-01 5.515599999999999670e-02 -9.984769999999999479e-01 -1.240999999999999916e-03 9.984779999999999767e-01 5.515599999999999670e-02 3.649999999999999816e-04
2.400000000000000000e+01 4.400000000000000000e+01 7.300000000000000000e+01 0.000000000000000000e+00 1.600000000000000089e+00 8.140000000000000534e-04 1.849999999999999973e-04 1.000000000000000000e+00 5.685400000000000176e-02 -9.983830000000000204e-01 1.379999999999999933e-04 9.983819999999999917e-01 5.685400000000000176e-02 -8.239999999999999712e-04
1.300000000000000000e+01 2.500000000000000000e+01 7.400000000000000000e+01 0.000000000000000000e+00 1.600000000000000089e+00 6.859999999999999779e-04 1.972999999999999927e-03 9.999980000000000535e-01 8.307350000000000012e-01 -5.566680000000000517e-01 5.289999999999999564e-04 5.566680000000000517e-01 8.307330000000000547e-01 -2.020999999999999793e-03
1.800000000000000000e+01 9.900000000000000000e+01 7.500000000000000000e+01 0.000000000000000000e+00 1.600000000000000089e+00 -3.037000000000000203e-03 -4.793000000000000385e-03 -9.999839999999999840e-01 -8.839709999999999512e-01 4.675409999999999844e-01 4.440000000000000045e-04 4.675320000000000031e-01 8.839580000000000215e-01 -5.656999999999999702e-03
3.000000000000000000e+00 9.100000000000000000e+01 7.600000000000000000e+01 0.000000000000000000e+00 1.600000000000000089e+00 -1.288999999999999998e-03 -1.050000000000000044e-04 9.999989999999999712e-01 3.012500000000000178e-01 -9.535449999999999759e-01 2.880000000000000073e-04 9.535439999999999472e-01 3.012500000000000178e-01 1.260000000000000052e-03
1.100000000000000000e+01 9.100000000000000000e+01 7.600000000000000000e+01 0.000000000000000000e+00 1.600000000000000089e+00 -4.640000000000000027e-04 -1.056999999999999997e-03 9.999989999999999712e-01 3.026130000000000209e-01 -9.531129999999999880e-01 -8.670000000000000406e-04 9.531140000000000168e-01 3.026119999999999921e-01 7.619999999999999820e-04
1.700000000000000000e+01 9.100000000000000000e+01 7.600000000000000000e+01 0.000000000000000000e+00 1.600000000000000089e+00 -1.899999999999999996e-03 -2.295999999999999864e-03 9.999959999999999960e-01 2.939860000000000251e-01 -9.558079999999999909e-01 -1.636000000000000084e-03 9.558079999999999909e-01 2.939820000000000211e-01 2.491000000000000159e-03
2.200000000000000000e+01 9.100000000000000000e+01 7.600000000000000000e+01 0.000000000000000000e+00 1.600000000000000089e+00 -8.809999999999999472e-04 -1.019999999999999992e-04 1.000000000000000000e+00 2.858580000000000010e-01 -9.582720000000000127e-01 1.540000000000000028e-04 9.582720000000000127e-01 2.858580000000000010e-01 8.739999999999999939e-04
2.500000000000000000e+01 9.100000000000000000e+01 7.600000000000000000e+01 0.000000000000000000e+00 1.600000000000000089e+00 -1.860000000000000108e-03 -7.910000000000000364e-04 9.999980000000000535e-01 2.876230000000000175e-01 -9.577440000000000397e-01 -2.220000000000000022e-04 9.577419999999999822e-01 2.876219999999999888e-01 2.008999999999999935e-03
