2.000000000000000000e+00 1.600000000000000000e+01 4.000000000000000000e+00 0.000000000000000000e+00 1.600000000000000089e+00 -1.358000000000000049e-03 1.760400000000000159e-02 9.998439999999999550e-01 3.245290000000000119e-01 -9.457210000000000338e-01 1.709199999999999955e-02 9.458750000000000213e-01 3.245009999999999839e-01 -4.427999999999999645e-03
9.000000000000000000e+00 1.600000000000000000e+01 4.000000000000000000e+00 0.000000000000000000e+00 1.600000000000000089e+00 -3.640000000000000115e-04 9.683999999999999900e-03 9.999529999999999808e-01 3.222400000000000264e-01 -9.466120000000000090e-01 9.284999999999999851e-03 9.466579999999999995e-01 3.222289999999999877e-01 -2.775999999999999822e-03
1.800000000000000000e+01 1.600000000000000000e+01 4.000000000000000000e+00 0.000000000000000000e+00 1.600000000000000089e+00 -2.271000000000000015e-03 5.465000000000000240e-03 9.999820000000000375e-01 3.230979999999999963e-01 -9.463470000000000493e-01 5.905999999999999792e-03 9.463629999999999542e-01 3.231060000000000043e-01 3.829999999999999854e-04
2.200000000000000000e+01 1.600000000000000000e+01 4.000000000000000000e+00 0.000000000000000000e+00 1.600000000000000089e+00 2.399000000000000091e-03 6.349999999999999742e-03 9.999770000000000048e-01 3.248019999999999796e-01 -9.457680000000000531e-01 5.226999999999999875e-03 9.457790000000000363e-01 3.247820000000000151e-01 -4.330999999999999781e-03
2.700000000000000000e+01 1.600000000000000000e+01 4.000000000000000000e+00 0.000000000000000000e+00 1.600000000000000089e+00 3.473799999999999805e-02 -1.081150000000000028e-01 9.935310000000000530e-01 3.383700000000000041e-01 -9.341450000000000031e-01 -1.134830000000000005e-01 9.403719999999999857e-01 3.401230000000000087e-01 4.133000000000000389e-03
2.400000000000000000e+01 1.010000000000000000e+02 7.000000000000000000e+00 0.000000000000000000e+00 1.600000000000000089e+00 2.854000000000000200e-03 1.238299999999999991e-02 9.999190000000000023e-01 8.902640000000000553e-01 4.553719999999999990e-01 -8.179999999999999771e-03 -4.554369999999999807e-01 8.902149999999999785e-01 -9.724999999999999270e-03
2.900000000000000000e+01 1.010000000000000000e+02 7.000000000000000000e+00 0.000000000000000000e+00 1.600000000000000089e+00 -5.860000000000000408e-04 5.540400000000000186e-02 9.984640000000000182e-01 8.880820000000000380e-01 4.590069999999999983e-01 -2.494899999999999896e-02 -4.596850000000000103e-01 8.867030000000000189e-01 -4.947200000000000208e-02
3.000000000000000000e+01 2.500000000000000000e+01 8.000000000000000000e+00 0.000000000000000000e+00 1.600000000000000089e+00 8.971700000000000508e-02 2.699819999999999998e-01 -9.586759999999999726e-01 4.603590000000000182e-01 8.423199999999999577e-01 2.802959999999999896e-01 8.831879999999999731e-01 -4.664829999999999810e-01 -4.871899999999999842e-02
3.000000000000000000e+00 2.600000000000000000e+01 8.000000000000000000e+00 0.000000000000000000e+00 1.600000000000000089e+00 -5.549000000000000113e-03 -2.147200000000000150e-02 -9.997540000000000315e-01 4.256929999999999881e-01 9.046049999999999924e-01 -2.179100000000000134e-02 9.048500000000000432e-01 -4.257099999999999773e-01 4.120999999999999663e-03
7.000000000000000000e+00 2.600000000000000000e+01 8.000000000000000000e+00 0.000000000000000000e+00 1.600000000000000089e+00 -3.974000000000000102e-03 -3.351999999999999945e-03 -9.999860000000000415e-01 4.282349999999999768e-01 9.036549999999999860e-01 -4.730999999999999962e-03 9.036579999999999613e-01 -4.282480000000000175e-01 -2.154999999999999798e-03
1.200000000000000000e+01 2.600000000000000000e+01 8.000000000000000000e+00 0.000000000000000000e+00 1.600000000000000089e+00 -2.273999999999999980e-03 -9.903000000000000344e-03 -9.999479999999999480e-01 4.272029999999999994e-01 9.041010000000000435e-01 -9.926000000000000795e-03 9.041529999999999845e-01 -4.272039999999999726e-01 2.174999999999999850e-03
1.600000000000000000e+01 2.600000000000000000e+01 8.000000000000000000e+00 0.000000000000000000e+00 1.600000000000000089e+00 -3.102000000000000157e-03 -1.488300000000000040e-02 -9.998839999999999950e-01 4.272699999999999831e-01 9.040030000000000010e-01 -1.478100000000000074e-02 9.041190000000000060e-01 -4.272670000000000079e-01 3.555000000000000000e-03
2.200000000000000000e+01 2.600000000000000000e+01 8.000000000000000000e+00 0.000000000000000000e+00 1.600000000000000089e+00 7.240000000000000342e-04 1.276000000000000007e-03 -9.999989999999999712e-01 4.289109999999999867e-01 9.033449999999999536e-01 1.463000000000000108e-03 9.033459999999999823e-01 -4.289120000000000155e-01 1.069999999999999988e-04
4.000000000000000000e+00 1.400000000000000000e+01 9.000000000000000000e+00 0.000000000000000000e+00 1.600000000000000089e+00 5.930999999999999640e-03 1.489399999999999925e-02 -9.998709999999999543e-01 -5.557050000000000045e-01 -8.312310000000000532e-01 -1.567800000000000096e-02 -8.313580000000000414e-01 5.557269999999999710e-01 3.346000000000000016e-03
8.000000000000000000e+00 1.400000000000000000e+01 9.000000000000000000e+00 0.000000000000000000e+00 1.600000000000000089e+00 5.388000000000000428e-03 1.175999999999999962e-02 -9.999160000000000270e-01 -5.546250000000000346e-01 -8.320030000000000481e-01 -1.277299999999999963e-02 -8.320830000000000171e-01 5.546470000000000011e-01 2.039000000000000014e-03
1.200000000000000000e+01 1.400000000000000000e+01 9.000000000000000000e+00 0.000000000000000000e+00 1.600000000000000089e+00 2.449999999999999921e-03 3.092999999999999829e-03 -9.999919999999999920e-01 -5.551300000000000123e-01 -8.317539999999999933e-01 -3.932999999999999864e-03 -8.317600000000000549e-01 5.551350000000000451e-01 -3.209999999999999963e-04
3.000000000000000000e+01 2.400000000000000000e+01 9.000000000000000000e+00 0.000000000000000000e+00 1.600000000000000089e+00 8.246100000000000652e-02 2.830559999999999743e-01 -9.555519999999999570e-01 4.668869999999999965e-01 8.361169999999999991e-01 2.879669999999999730e-01 8.804640000000000244e-01 -4.698809999999999931e-01 -6.320900000000000130e-02
2.700000000000000000e+01 4.000000000000000000e+00 1.100000000000000000e+01 0.000000000000000000e+00 1.600000000000000089e+00 -6.024600000000000094e-02 -6.990840000000000387e-01 -7.124970000000000470e-01 1.653000000000000025e-01 6.969509999999999872e-01 -6.978079999999999838e-01 9.844019999999999992e-01 -1.598150000000000126e-01 7.356999999999999651e-02
6.000000000000000000e+00 3.100000000000000000e+01 1.200000000000000000e+01 0.000000000000000000e+00 1.600000000000000089e+00 7.060000000000000303e-04 5.259999999999999919e-04 1.000000000000000000e+00 1.404999999999999999e-02 9.999010000000000398e-01 -5.349999999999999938e-04 -9.999010000000000398e-01 1.404999999999999999e-02 6.989999999999999686e-04
1.900000000000000000e+01 3.100000000000000000e+01 1.200000000000000000e+01 0.000000000000000000e+00 1.600000000000000089e+00 2.799999999999999755e-04 -4.100000000000000047e-05 1.000000000000000000e+00 1.740399999999999933e-02 9.998489999999999878e-01 3.600000000000000091e-05 -9.998479999999999590e-01 1.740399999999999933e-02 2.799999999999999755e-04
2.700000000000000000e+01 3.100000000000000000e+01 1.200000000000000000e+01 0.000000000000000000e+00 1.600000000000000089e+00 2.501000000000000185e-03 3.501000000000000206e-03 9.999909999999999632e-01 1.111999999999999968e-02 9.999320000000000430e-01 -3.529000000000000019e-03 -9.999350000000000183e-01 1.112900000000000000e-02 2.462000000000000213e-03
2.200000000000000000e+01 3.200000000000000000e+01 1.400000000000000000e+01 0.000000000000000000e+00 1.600000000000000089e+00 1.670999999999999959e-03 1.936999999999999920e-03 -9.999970000000000248e-01 1.270380000000000120e-01 9.918959999999999999e-01 2.132999999999999913e-03 9.918959999999999999e-01 -1.270409999999999873e-01 1.410999999999999928e-03
2.000000000000000000e+00 1.200000000000000000e+01 1.500000000000000000e+01 0.000000000000000000e+00 1.600000000000000089e+00 4.700000000000000185e-03 -1.897000000000000032e-03 -9.999869999999999592e-01 -4.676600000000000201e-01 -8.839080000000000270e-01 -5.209999999999999788e-04 -8.838960000000000150e-01 4.676560000000000161e-01 -5.041000000000000342e-03
3.000000000000000000e+01 1.200000000000000000e+01 1.500000000000000000e+01 0.000000000000000000e+00 1.600000000000000089e+00 -6.801200000000000301e-02 -1.055770000000000042e-01 -9.920830000000000481e-01 -4.597840000000000260e-01 -8.791780000000000150e-01 1.250819999999999987e-01 -8.854229999999999601e-01 4.646509999999999807e-01 1.125100000000000058e-02
9.000000000000000000e+00 1.160000000000000000e+02 1.600000000000000000e+01 0.000000000000000000e+00 1.600000000000000089e+00 -1.691999999999999928e-03 -2.354999999999999889e-03 9.999959999999999960e-01 7.016170000000000462e-01 7.125479999999999592e-01 2.864999999999999925e-03 -7.125519999999999632e-01 7.016189999999999927e-01 4.470000000000000232e-04
1.300000000000000000e+01 1.160000000000000000e+02 1.600000000000000000e+01 0.000000000000000000e+00 1.600000000000000089e+00 -8.970000000000000109e-04 -6.639999999999999852e-04 9.999989999999999712e-01 6.774850000000000039e-01 7.355359999999999676e-01 1.095999999999999969e-03 -7.355359999999999676e-01 6.774850000000000039e-01 -2.100000000000000087e-04
1.600000000000000000e+01 1.160000000000000000e+02 1.600000000000000000e+01 0.000000000000000000e+00 1.600000000000000089e+00 7.169999999999999724e-04 8.940000000000000464e-04 9.999989999999999712e-01 6.721089999999999565e-01 7.404509999999999703e-01 -1.144000000000000052e-03 -7.404519999999999991e-01 6.721089999999999565e-01 -6.999999999999999387e-05
2.400000000000000000e+01 1.160000000000000000e+02 1.600000000000000000e+01 0.000000000000000000e+00 1.600000000000000089e+00 5.399000000000000153e-03 6.215000000000000038e-03 9.999660000000000215e-01 6.851979999999999738e-01 7.283100000000000129e-01 -8.226000000000000673e-03 -7.283370000000000122e-01 6.852190000000000225e-01 -3.260000000000000094e-04
2.700000000000000000e+01 1.160000000000000000e+02 1.600000000000000000e+01 0.000000000000000000e+00 1.600000000000000089e+00 1.705500000000000071e-02 2.725199999999999845e-02 9.994830000000000103e-01 7.030980000000000008e-01 7.104009999999999492e-01 -3.136800000000000005e-02 -7.108879999999999644e-01 7.032699999999999507e-01 -7.045000000000000047e-03
3.000000000000000000e+00 2.000000000000000000e+00 1.900000000000000000e+01 0.000000000000000000e+00 1.600000000000000089e+00 -2.199000000000000000e-03 -5.393000000000000224e-03 -9.999829999999999552e-01 1.675570000000000115e-01 -9.858500000000000041e-01 4.948000000000000141e-03 -9.858599999999999586e-01 -1.675439999999999985e-01 3.072000000000000078e-03
7.000000000000000000e+00 2.000000000000000000e+00 1.900000000000000000e+01 0.000000000000000000e+00 1.600000000000000089e+00 -1.052999999999999900e-03 4.203000000000000139e-03 -9.999909999999999632e-01 1.606819999999999915e-01 -9.869970000000000132e-01 -4.317999999999999790e-03 -9.870060000000000500e-01 -1.606849999999999945e-01 3.640000000000000115e-04
1.200000000000000000e+01 2.000000000000000000e+00 1.900000000000000000e+01 0.000000000000000000e+00 1.600000000000000089e+00 3.282999999999999894e-03 2.020000000000000040e-04 -9.999949999999999672e-01 1.601809999999999901e-01 -9.870879999999999654e-01 3.260000000000000094e-04 -9.870820000000000149e-01 -1.601819999999999911e-01 -3.272999999999999868e-03
1.500000000000000000e+01 2.000000000000000000e+00 1.900000000000000000e+01 0.000000000000000000e+00 1.600000000000000089e+00 2.910999999999999959e-03 -1.804999999999999964e-03 -9.999940000000000495e-01 1.613860000000000017e-01 -9.868890000000000162e-01 2.250999999999999963e-03 -9.868869999999999587e-01 -1.613920000000000077e-01 -2.580999999999999961e-03
2.000000000000000000e+01 2.000000000000000000e+00 1.900000000000000000e+01 0.000000000000000000e+00 1.600000000000000089e+00 -7.110000000000000434e-04 -8.770000000000000018e-03 -9.999609999999999888e-01 1.622190000000000021e-01 -9.867179999999999840e-01 8.538000000000000450e-03 -9.867550000000000487e-01 -1.622069999999999901e-01 2.124000000000000020e-03
2.700000000000000000e+01 2.000000000000000000e+00 1.900000000000000000e+01 0.000000000000000000e+00 1.600000000000000089e+00 -1.389300000000000083e-02 3.626999999999999669e-02 -9.992450000000000498e-01 1.787360000000000060e-01 -9.831560000000000299e-01 -3.817099999999999660e-02 -9.837989999999999791e-01 -1.791320000000000134e-01 7.177000000000000220e-03
8.000000000000000000e+00 1.300000000000000000e+01 2.000000000000000000e+01 0.000000000000000000e+00 1.600000000000000089e+00 9.899999999999999404e-05 -1.864999999999999904e-03 9.999980000000000535e-01 2.608170000000000210e-01 9.653869999999999951e-01 1.773999999999999969e-03 -9.653880000000000239e-01 2.608159999999999923e-01 5.820000000000000520e-04
1.400000000000000000e+01 1.300000000000000000e+01 2.000000000000000000e+01 0.000000000000000000e+00 1.600000000000000089e+00 1.077999999999999965e-03 -2.609000000000000208e-03 9.999959999999999960e-01 2.620580000000000132e-01 9.650499999999999634e-01 2.236000000000000140e-03 -9.650520000000000209e-01 2.620540000000000092e-01 1.724000000000000055e-03
1.900000000000000000e+01 1.300000000000000000e+01 2.000000000000000000e+01 0.000000000000000000e+00 1.600000000000000089e+00 9.759999999999999796e-04 9.340000000000000429e-04 9.999989999999999712e-01 2.622289999999999899e-01 9.650050000000000017e-01 -1.157000000000000042e-03 -9.650050000000000017e-01 2.622300000000000186e-01 6.970000000000000284e-04
2.300000000000000000e+01 1.300000000000000000e+01 2.000000000000000000e+01 0.000000000000000000e+00 1.600000000000000089e+00 1.134000000000000025e-03 1.089000000000000037e-02 9.999400000000000510e-01 2.614699999999999802e-01 9.651509999999999811e-01 -1.080700000000000063e-02 -9.652110000000000412e-01 2.614659999999999762e-01 -1.753000000000000001e-03
3.000000000000000000e+01 1.300000000000000000e+01 2.000000000000000000e+01 0.000000000000000000e+00 1.600000000000000089e+00 6.839999999999999726e-03 9.757699999999999707e-02 9.952039999999999775e-01 2.613590000000000080e-01 9.604589999999999517e-01 -9.596699999999999675e-02 -9.652169999999999916e-01 2.607619999999999938e-01 -1.893299999999999844e-02
8.000000000000000000e+00 1.600000000000000000e+01 2.100000000000000000e+01 0.000000000000000000e+00 1.600000000000000089e+00 6.620000000000000450e-04 4.260000000000000006e-04 1.000000000000000000e+00 2.990110000000000268e-01 9.542500000000000426e-01 -6.040000000000000447e-04 -9.542500000000000426e-01 2.990110000000000268e-01 5.050000000000000235e-04
1.600000000000000000e+01 1.600000000000000000e+01 2.100000000000000000e+01 0.000000000000000000e+00 1.600000000000000089e+00 6.359999999999999551e-04 -1.461999999999999975e-03 9.999989999999999712e-01 2.978390000000000204e-01 9.546160000000000201e-01 1.206000000000000041e-03 -9.546160000000000201e-01 2.978370000000000184e-01 1.043000000000000090e-03
2.000000000000000000e+01 1.600000000000000000e+01 2.100000000000000000e+01 0.000000000000000000e+00 1.600000000000000089e+00 2.030000000000000012e-04 2.027999999999999855e-03 9.999980000000000535e-01 2.956239999999999979e-01 9.553019999999999845e-01 -1.997000000000000077e-03 -9.553040000000000420e-01 2.956230000000000246e-01 -4.049999999999999781e-04
2.300000000000000000e+01 1.600000000000000000e+01 2.100000000000000000e+01 0.000000000000000000e+00 1.600000000000000089e+00 1.139000000000000038e-03 1.014299999999999924e-02 9.999479999999999480e-01 2.948609999999999842e-01 9.554869999999999752e-01 -1.002699999999999945e-02 -9.555390000000000272e-01 2.948569999999999802e-01 -1.902999999999999961e-03
2.000000000000000000e+01 4.600000000000000000e+01 2.700000000000000000e+01 0.000000000000000000e+00 1.600000000000000089e+00 1.152999999999999945e-03 1.619999999999999912e-03 -9.999980000000000535e-01 6.885750000000000481e-01 7.251630000000000020e-01 1.968999999999999830e-03 7.251640000000000308e-01 -6.885759999999999659e-01 -2.790000000000000054e-04
5.000000000000000000e+00 4.600000000000000000e+01 3.000000000000000000e+01 0.000000000000000000e+00 1.600000000000000089e+00 1.640000000000000019e-04 -4.589999999999999896e-04 -1.000000000000000000e+00 3.355179999999999829e-01 9.420340000000000380e-01 -3.780000000000000265e-04 9.420340000000000380e-01 -3.355179999999999829e-01 3.080000000000000055e-04
3.000000000000000000e+01 4.600000000000000000e+01 3.000000000000000000e+01 0.000000000000000000e+00 1.600000000000000089e+00 1.020899999999999933e-02 3.104499999999999968e-02 -9.994659999999999656e-01 3.273229999999999751e-01 9.443470000000000475e-01 3.267599999999999671e-02 9.448569999999999469e-01 -3.274810000000000221e-01 -5.209999999999999788e-04
6.000000000000000000e+00 5.800000000000000000e+01 3.100000000000000000e+01 0.000000000000000000e+00 1.600000000000000089e+00 -1.815999999999999906e-03 1.010000000000000020e-04 9.999980000000000535e-01 -7.973510000000000320e-01 -6.035150000000000237e-01 -1.386999999999999995e-03 6.035129999999999661e-01 -7.973519999999999497e-01 1.177000000000000095e-03
1.100000000000000000e+01 5.800000000000000000e+01 3.100000000000000000e+01 0.000000000000000000e+00 1.600000000000000089e+00 1.420000000000000092e-04 5.770000000000000389e-04 1.000000000000000000e+00 -7.968399999999999928e-01 -6.041900000000000048e-01 4.620000000000000083e-04 6.041900000000000048e-01 -7.968399999999999928e-01 3.739999999999999835e-04
1.700000000000000000e+01 5.800000000000000000e+01 3.100000000000000000e+01 0.000000000000000000e+00 1.600000000000000089e+00 -1.023000000000000038e-03 -8.399999999999999535e-05 1.000000000000000000e+00 -7.980620000000000491e-01 -6.025749999999999718e-01 -8.670000000000000406e-04 6.025749999999999718e-01 -7.980620000000000491e-01 5.490000000000000088e-04
2.200000000000000000e+01 5.800000000000000000e+01 3.100000000000000000e+01 0.000000000000000000e+00 1.600000000000000089e+00 9.179999999999999792e-04 -1.500999999999999947e-03 9.999989999999999712e-01 -7.980570000000000164e-01 -6.025819999999999510e-01 -1.720000000000000066e-04 6.025810000000000333e-01 -7.980559999999999876e-01 -1.750999999999999952e-03
2.700000000000000000e+01 5.800000000000000000e+01 3.100000000000000000e+01 0.000000000000000000e+00 1.600000000000000089e+00 2.229099999999999832e-02 4.062700000000000339e-02 9.989259999999999806e-01 -7.892590000000000439e-01 -6.125869999999999926e-01 4.252700000000000230e-02 6.136559999999999793e-01 -7.893590000000000328e-01 1.840999999999999928e-02
1.300000000000000000e+01 3.200000000000000000e+01 3.300000000000000000e+01 0.000000000000000000e+00 1.600000000000000089e+00 2.000000000000000042e-03 1.997000000000000077e-03 9.999959999999999960e-01 -2.691890000000000116e-01 9.630859999999999976e-01 -1.384999999999999946e-03 -9.630849999999999689e-01 -2.691850000000000076e-01 2.462999999999999912e-03
6.000000000000000000e+00 4.600000000000000000e+01 3.500000000000000000e+01 0.000000000000000000e+00 1.600000000000000089e+00 3.899999999999999929e-04 2.660000000000000038e-03 -9.999959999999999960e-01 3.908639999999999892e-01 -9.204459999999999864e-01 -2.295999999999999864e-03 -9.204480000000000439e-01 -3.908619999999999872e-01 -1.397999999999999937e-03
1.400000000000000000e+01 4.600000000000000000e+01 3.500000000000000000e+01 0.000000000000000000e+00 1.600000000000000089e+00 9.179999999999999792e-04 -5.733000000000000249e-03 -9.999829999999999552e-01 3.901680000000000148e-01 -9.207269999999999621e-01 5.636000000000000384e-03 -9.207429999999999781e-01 -3.901660000000000128e-01 1.392000000000000008e-03
1.800000000000000000e+01 4.600000000000000000e+01 3.500000000000000000e+01 0.000000000000000000e+00 1.600000000000000089e+00 2.239999999999999966e-04 -6.710000000000000469e-04 -1.000000000000000000e+00 3.893880000000000119e-01 -9.210739999999999483e-01 7.050000000000000060e-04 -9.210739999999999483e-01 -3.893880000000000119e-01 5.500000000000000196e-05
2.700000000000000000e+01 4.600000000000000000e+01 3.500000000000000000e+01 0.000000000000000000e+00 1.600000000000000089e+00 -1.072999999999999952e-03 2.604300000000000018e-02 -9.996599999999999930e-01 3.887519999999999865e-01 -9.210190000000000321e-01 -2.441099999999999867e-02 -9.213419999999999943e-01 -3.886459999999999915e-01 -9.136000000000000024e-03
4.000000000000000000e+00 9.500000000000000000e+01 3.600000000000000000e+01 0.000000000000000000e+00 1.600000000000000089e+00 -1.838999999999999923e-03 -1.253499999999999927e-02 9.999200000000000310e-01 9.972809999999999730e-01 7.363400000000000500e-02 2.756999999999999902e-03 -7.366300000000000625e-02 9.972069999999999546e-01 1.236600000000000026e-02
7.000000000000000000e+00 9.500000000000000000e+01 3.600000000000000000e+01 0.000000000000000000e+00 1.600000000000000089e+00 -3.093999999999999962e-03 -2.530599999999999863e-02 9.996749999999999803e-01 9.972769999999999690e-01 7.357800000000000451e-02 4.949000000000000274e-03 -7.367999999999999550e-02 9.969679999999999653e-01 2.500899999999999998e-02
1.000000000000000000e+01 9.500000000000000000e+01 3.600000000000000000e+01 0.000000000000000000e+00 1.600000000000000089e+00 -2.138999999999999842e-03 -1.842399999999999941e-02 9.998280000000000500e-01 9.973090000000000011e-01 7.323399999999999355e-02 3.484000000000000118e-03 -7.328500000000000292e-02 9.971449999999999481e-01 1.821800000000000155e-02
1.500000000000000000e+01 9.500000000000000000e+01 3.600000000000000000e+01 0.000000000000000000e+00 1.600000000000000089e+00 -1.257000000000000088e-03 3.980000000000000031e-03 9.999909999999999632e-01 9.970390000000000086e-01 7.688599999999999601e-02 9.470000000000000336e-04 -7.688100000000000489e-02 9.970320000000000293e-01 -4.065000000000000037e-03
1.800000000000000000e+01 9.500000000000000000e+01 3.600000000000000000e+01 0.000000000000000000e+00 1.600000000000000089e+00 -2.099999999999999884e-05 6.598999999999999831e-03 9.999780000000000335e-01 9.968390000000000306e-01 7.945000000000000673e-02 -5.029999999999999749e-04 -7.945199999999999485e-02 9.968169999999999531e-01 -6.579999999999999911e-03
3.000000000000000000e+00 2.900000000000000000e+01 4.400000000000000000e+01 0.000000000000000000e+00 1.600000000000000089e+00 9.510000000000000224e-04 -2.268000000000000051e-03 -9.999970000000000248e-01 6.752540000000000209e-01 7.375840000000000174e-01 -1.031000000000000015e-03 7.375850000000000461e-01 -6.752510000000000456e-01 2.233000000000000176e-03
7.000000000000000000e+00 2.900000000000000000e+01 4.400000000000000000e+01 0.000000000000000000e+00 1.600000000000000089e+00 -3.625000000000000184e-03 -2.913999999999999924e-03 -9.999890000000000168e-01 6.770840000000000192e-01 7.358919999999999906e-01 -4.598999999999999790e-03 7.358970000000000233e-01 -6.770929999999999449e-01 -6.949999999999999798e-04
1.800000000000000000e+01 2.900000000000000000e+01 4.400000000000000000e+01 0.000000000000000000e+00 1.600000000000000089e+00 -1.833999999999999910e-03 3.710000000000000190e-04 -9.999980000000000535e-01 6.561139999999999750e-01 7.546610000000000262e-01 -9.240000000000000166e-04 7.546599999999999975e-01 -6.561139999999999750e-01 -1.628000000000000107e-03
2.400000000000000000e+01 2.900000000000000000e+01 4.400000000000000000e+01 0.000000000000000000e+00 1.600000000000000089e+00 2.380000000000000117e-04 4.442999999999999901e-03 -9.999900000000000455e-01 6.542639999999999567e-01 7.562579999999999858e-01 3.516000000000000028e-03 7.562670000000000226e-01 -6.542580000000000062e-01 -2.726999999999999823e-03
3.000000000000000000e+01 2.900000000000000000e+01 4.400000000000000000e+01 0.000000000000000000e+00 1.600000000000000089e+00 2.571299999999999975e-02 4.266400000000000053e-02 -9.987589999999999524e-01 6.500000000000000222e-01 7.583450000000000468e-01 4.912899999999999906e-02 7.594990000000000352e-01 -6.504560000000000342e-01 -8.231999999999999734e-03
1.100000000000000000e+01 7.000000000000000000e+01 4.700000000000000000e+01 0.000000000000000000e+00 1.600000000000000089e+00 -4.859999999999999954e-04 -3.849999999999999798e-04 -1.000000000000000000e+00 -8.423040000000000527e-01 -5.390030000000000099e-01 6.170000000000000354e-04 -5.390030000000000099e-01 8.423040000000000527e-01 -6.200000000000000270e-05
1.200000000000000000e+01 6.000000000000000000e+00 5.100000000000000000e+01 0.000000000000000000e+00 1.600000000000000089e+00 -1.466000000000000072e-03 -2.269999999999999882e-04 -9.999989999999999712e-01 3.236010000000000275e-01 -9.461929999999999508e-01 -2.599999999999999772e-04 -9.461920000000000330e-01 -3.236010000000000275e-01 1.461000000000000059e-03
7.000000000000000000e+00 1.150000000000000000e+02 5.100000000000000000e+01 0.000000000000000000e+00 1.600000000000000089e+00 -1.845999999999999985e-03 -4.912999999999999833e-03 9.999860000000000415e-01 8.441049999999999942e-01 -5.361770000000000147e-01 -1.075999999999999917e-03 5.361749999999999572e-01 8.440910000000000357e-01 5.137000000000000073e-03
1.500000000000000000e+01 7.000000000000000000e+00 5.200000000000000000e+01 0.000000000000000000e+00 1.600000000000000089e+00 3.563000000000000195e-03 -2.521999999999999936e-03 -9.999900000000000455e-01 8.889099999999999779e-02 -9.960369999999999502e-01 2.827999999999999785e-03 -9.960350000000000037e-01 -8.890000000000000679e-02 -3.324999999999999831e-03
5.000000000000000000e+00 6.300000000000000000e+01 5.400000000000000000e+01 0.000000000000000000e+00 1.600000000000000089e+00 1.917000000000000084e-03 -1.376999999999999969e-03 9.999970000000000248e-01 -3.517149999999999999e-01 9.361049999999999649e-01 1.962999999999999901e-03 -9.361049999999999649e-01 -3.517179999999999751e-01 1.309999999999999967e-03
1.200000000000000000e+01 6.300000000000000000e+01 5.400000000000000000e+01 0.000000000000000000e+00 1.600000000000000089e+00 -6.980000000000000527e-04 -1.000000000000000048e-04 1.000000000000000000e+00 -3.534530000000000172e-01 9.354519999999999502e-01 -1.540000000000000028e-04 -9.354519999999999502e-01 -3.534530000000000172e-01 -6.890000000000000508e-04
1.800000000000000000e+01 6.300000000000000000e+01 5.400000000000000000e+01 0.000000000000000000e+00 1.600000000000000089e+00 4.789999999999999879e-04 3.930999999999999599e-03 9.999919999999999920e-01 -3.556400000000000117e-01 9.346170000000000311e-01 -3.504000000000000170e-03 -9.346229999999999816e-01 -3.556349999999999789e-01 1.845999999999999985e-03
2.100000000000000000e+01 6.300000000000000000e+01 5.400000000000000000e+01 0.000000000000000000e+00 1.600000000000000089e+00 -5.569999999999999864e-04 2.693000000000000081e-03 9.999959999999999960e-01 -3.553669999999999884e-01 9.347229999999999706e-01 -2.714999999999999965e-03 -9.347269999999999746e-01 -3.553680000000000172e-01 4.360000000000000269e-04
2.300000000000000000e+01 6.300000000000000000e+01 5.400000000000000000e+01 0.000000000000000000e+00 1.600000000000000089e+00 3.600000000000000091e-05 3.086999999999999900e-03 9.999949999999999672e-01 -3.548859999999999792e-01 9.349049999999999860e-01 -2.873000000000000120e-03 -9.349089999999999900e-01 -3.548839999999999772e-01 1.129000000000000012e-03
3.000000000000000000e+00 2.500000000000000000e+01 5.500000000000000000e+01 0.000000000000000000e+00 1.600000000000000089e+00 -3.499999999999999693e-05 2.576999999999999864e-03 -9.999970000000000248e-01 -1.078199999999999992e-02 -9.999390000000000223e-01 -2.576999999999999864e-03 -9.999419999999999975e-01 1.078100000000000065e-02 6.299999999999999990e-05
7.000000000000000000e+00 2.500000000000000000e+01 5.500000000000000000e+01 0.000000000000000000e+00 1.600000000000000089e+00 4.789999999999999879e-04 1.479999999999999979e-03 -9.999989999999999712e-01 -1.127000000000000050e-02 -9.999350000000000183e-01 -1.484999999999999992e-03 -9.999360000000000470e-01 1.127099999999999977e-02 -4.620000000000000083e-04
1.200000000000000000e+01 2.500000000000000000e+01 5.500000000000000000e+01 0.000000000000000000e+00 1.600000000000000089e+00 -4.510000000000000120e-04 -1.525000000000000097e-03 -9.999989999999999712e-01 -1.206499999999999934e-02 -9.999259999999999815e-01 1.529999999999999893e-03 -9.999270000000000103e-01 1.206600000000000034e-02 4.319999999999999838e-04
1.600000000000000000e+01 2.500000000000000000e+01 5.500000000000000000e+01 0.000000000000000000e+00 1.600000000000000089e+00 1.479000000000000063e-03 -2.329999999999999986e-04 -9.999989999999999712e-01 -1.240400000000000010e-02 -9.999230000000000063e-01 2.149999999999999947e-04 -9.999219999999999775e-01 1.240300000000000083e-02 -1.482000000000000027e-03
2.200000000000000000e+01 2.500000000000000000e+01 5.500000000000000000e+01 0.000000000000000000e+00 1.600000000000000089e+00 -3.379999999999999758e-04 -2.199999999999999943e-05 -1.000000000000000000e+00 -1.221399999999999916e-02 -9.999249999999999527e-01 2.699999999999999899e-05 -9.999249999999999527e-01 1.221399999999999916e-02 3.370000000000000057e-04
2.800000000000000000e+01 2.500000000000000000e+01 5.500000000000000000e+01 0.000000000000000000e+00 1.600000000000000089e+00 3.879999999999999985e-04 1.080700000000000063e-02 -9.999419999999999975e-01 -1.223999999999999914e-02 -9.998669999999999503e-01 -1.081099999999999943e-02 -9.999249999999999527e-01 1.224399999999999968e-02 -2.550000000000000183e-04
5.000000000000000000e+00 2.700000000000000000e+01 6.300000000000000000e+01 0.000000000000000000e+00 1.600000000000000089e+00 2.834999999999999847e-03 4.550000000000000225e-03 9.999860000000000415e-01 -2.834439999999999737e-01 9.589820000000000011e-01 -3.559999999999999797e-03 -9.589839999999999476e-01 -2.834300000000000153e-01 4.009000000000000410e-03
9.000000000000000000e+00 2.700000000000000000e+01 6.300000000000000000e+01 0.000000000000000000e+00 1.600000000000000089e+00 2.079000000000000119e-03 2.452000000000000186e-03 9.999949999999999672e-01 -2.846110000000000029e-01 9.586409999999999654e-01 -1.758000000000000014e-03 -9.586409999999999654e-01 -2.846060000000000256e-01 2.690999999999999816e-03
1.700000000000000000e+01 2.700000000000000000e+01 6.300000000000000000e+01 0.000000000000000000e+00 1.600000000000000089e+00 1.817000000000000039e-03 -6.610000000000000207e-04 9.999980000000000535e-01 -2.876819999999999933e-01 9.577250000000000485e-01 1.155999999999999910e-03 -9.577240000000000197e-01 -2.876830000000000220e-01 1.549999999999999946e-03
2.100000000000000000e+01 2.700000000000000000e+01 6.300000000000000000e+01 0.000000000000000000e+00 1.600000000000000089e+00 -5.919999999999999698e-04 5.930999999999999640e-03 9.999820000000000375e-01 -2.908129999999999882e-01 9.567620000000000013e-01 -5.846999999999999767e-03 -9.567799999999999638e-01 -2.908109999999999862e-01 1.159000000000000091e-03
2.600000000000000000e+01 2.700000000000000000e+01 6.300000000000000000e+01 0.000000000000000000e+00 1.600000000000000089e+00 -2.961000000000000090e-03 2.701100000000000029e-02 9.996310000000000473e-01 -2.862179999999999724e-01 9.577919999999999767e-01 -2.672899999999999929e-02 -9.581600000000000117e-01 -2.861909999999999732e-01 4.895000000000000046e-03
4.000000000000000000e+00 2.600000000000000000e+01 6.400000000000000000e+01 0.000000000000000000e+00 1.600000000000000089e+00 2.677000000000000126e-03 5.242000000000000132e-03 9.999829999999999552e-01 -3.674749999999999961e-01 9.300249999999999906e-01 -3.890999999999999927e-03 -9.300300000000000233e-01 -3.674580000000000068e-01 4.415999999999999787e-03
9.000000000000000000e+00 2.600000000000000000e+01 6.400000000000000000e+01 0.000000000000000000e+00 1.600000000000000089e+00 2.345999999999999995e-03 1.998000000000000210e-03 9.999949999999999672e-01 -3.689350000000000129e-01 9.294550000000000312e-01 -9.909999999999999105e-04 -9.294519999999999449e-01 -3.689310000000000089e-01 2.918000000000000021e-03
1.700000000000000000e+01 2.600000000000000000e+01 6.400000000000000000e+01 0.000000000000000000e+00 1.600000000000000089e+00 3.720000000000000216e-03 1.356999999999999916e-03 9.999919999999999920e-01 -3.709180000000000255e-01 9.286659999999999915e-01 1.190000000000000058e-04 -9.286579999999999835e-01 -3.709149999999999947e-01 3.957999999999999713e-03
2.100000000000000000e+01 2.600000000000000000e+01 6.400000000000000000e+01 0.000000000000000000e+00 1.600000000000000089e+00 -9.139999999999999904e-04 8.439999999999999586e-03 9.999639999999999640e-01 -3.719259999999999788e-01 9.282270000000000243e-01 -8.174000000000000710e-03 -9.282620000000000315e-01 -3.719199999999999728e-01 2.291000000000000068e-03
2.500000000000000000e+01 2.600000000000000000e+01 6.400000000000000000e+01 0.000000000000000000e+00 1.600000000000000089e+00 -5.224000000000000345e-03 2.354099999999999943e-02 9.997089999999999588e-01 -3.683540000000000147e-01 9.293799999999999839e-01 -2.380900000000000030e-02 -9.296710000000000251e-01 -3.683719999999999772e-01 3.815999999999999948e-03
3.000000000000000000e+00 6.900000000000000000e+01 6.600000000000000000e+01 0.000000000000000000e+00 1.600000000000000089e+00 2.658000000000000206e-03 -3.275000000000000133e-03 9.999909999999999632e-01 -9.497360000000000246e-01 3.130330000000000057e-01 3.550000000000000204e-03 -3.130419999999999869e-01 -9.497360000000000246e-01 -2.279000000000000210e-03
2.000000000000000000e+00 2.500000000000000000e+01 7.300000000000000000e+01 0.000000000000000000e+00 1.600000000000000089e+00 1.095999999999999969e-03 2.837000000000000112e-03 9.999949999999999672e-01 7.521579999999999933e-01 -6.589819999999999567e-01 1.044999999999999922e-03 6.589819999999999567e-01 7.521529999999999605e-01 -2.856000000000000032e-03
8.000000000000000000e+00 2.500000000000000000e+01 7.300000000000000000e+01 0.000000000000000000e+00 1.600000000000000089e+00 3.080000000000000055e-04 -1.677000000000000105e-03 9.999989999999999712e-01 7.501929999999999987e-01 -6.612170000000000547e-01 -1.340000000000000045e-03 6.612179999999999724e-01 7.501929999999999987e-01 1.054000000000000032e-03
1.200000000000000000e+01 2.500000000000000000e+01 7.300000000000000000e+01 0.000000000000000000e+00 1.600000000000000089e+00 -3.883000000000000167e-03 -2.592000000000000120e-03 9.999890000000000168e-01 7.518960000000000088e-01 -6.592799999999999772e-01 1.211000000000000054e-03 6.592700000000000227e-01 7.518930000000000335e-01 4.508999999999999987e-03
2.400000000000000000e+01 2.500000000000000000e+01 7.300000000000000000e+01 0.000000000000000000e+00 1.600000000000000089e+00 6.731000000000000004e-03 6.867999999999999973e-03 9.999540000000000095e-01 7.572370000000000489e-01 -6.531400000000000539e-01 -6.120000000000000223e-04 6.531059999999999643e-01 7.572060000000000457e-01 -9.596999999999999628e-03
3.000000000000000000e+01 2.500000000000000000e+01 7.300000000000000000e+01 0.000000000000000000e+00 1.600000000000000089e+00 1.727100000000000163e-02 1.202100000000000043e-02 9.997789999999999733e-01 7.493919999999999471e-01 -6.621080000000000298e-01 -4.984999999999999848e-03 6.619009999999999616e-01 7.493119999999999781e-01 -2.044400000000000037e-02
5.000000000000000000e+00 4.400000000000000000e+01 7.300000000000000000e+01 0.000000000000000000e+00 1.600000000000000089e+00 1.255999999999999955e-03 6.350000000000000392e-04 9.999989999999999712e-01 5.387000000000000122e-02 -9.985479999999999912e-01 5.659999999999999884e-04 9.985469999999999624e-01 5.387000000000000122e-02 -1.288000000000000082e-03
1.100000000000000000e+01 4.400000000000000000e+01 7.300000000000000000e+01 0.000000000000000000e+00 1.600000000000000089e+00 1.103000000000000031e-03 4.284999999999999747e-03 9.999900000000000455e-01 5.510999999999999927e-02 -9.984709999999999974e-01 4.218000000000000395e-03 9.984800000000000342e-01 5.510500000000000120e-02 -1.337000000000000081e-03
1.800000000000000000e+01 4.400000000000000000e+01 7.300000000000000000e+01 0.000000000000000000e+00 1.600000000000000089e+00 8.379999999999999862e-04 2.527000000000000166e-03 9.999959999999999960e-01 5.483699999999999686e-02 -9.984920000000000462e-01 2.478000000000000168e-03 9.984950000000000214e-01 5.483500000000000180e-02 -9.749999999999999552e-04
2.200000000000000000e+01 4.400000000000000000e+01 7.300000000000000000e+01 0.000000000000000000e+00 1.600000000000000089e+00 -2.353000000000000057e-03 -7.439999999999999782e-04 9.999970000000000248e-01 5.357499999999999762e-02 -9.985640000000000072e-01 -6.170000000000000354e-04 9.985610000000000319e-01 5.357300000000000256e-02 2.389000000000000064e-03
2.200000000000000000e+01 2.500000000000000000e+01 7.400000000000000000e+01 0.000000000000000000e+00 1.600000000000000089e+00 2.543000000000000121e-03 6.833999999999999797e-03 9.999730000000000008e-01 8.301570000000000338e-01 -5.575280000000000236e-01 1.698999999999999989e-03 5.575250000000000483e-01 8.301300000000000345e-01 -7.091000000000000081e-03
1.000000000000000000e+00 5.100000000000000000e+01 7.600000000000000000e+01 0.000000000000000000e+00 1.600000000000000089e+00 2.949999999999999931e-03 3.906000000000000184e-03 -9.999879999999999880e-01 -4.110480000000000245e-01 -9.116009999999999946e-01 -4.773000000000000333e-03 -9.116090000000000027e-01 4.110570000000000057e-01 -1.082999999999999978e-03
1.800000000000000000e+01 5.100000000000000000e+01 7.600000000000000000e+01 0.000000000000000000e+00 1.600000000000000089e+00 -7.200000000000000453e-04 -3.110000000000000243e-04 -1.000000000000000000e+00 -4.145690000000000208e-01 -9.100179999999999936e-01 5.810000000000000277e-04 -9.100179999999999936e-01 4.145690000000000208e-01 5.259999999999999919e-04
2.700000000000000000e+01 5.100000000000000000e+01 7.600000000000000000e+01 0.000000000000000000e+00 1.600000000000000089e+00 1.012399999999999932e-02 2.062999999999999903e-02 -9.997359999999999580e-01 -4.110469999999999957e-01 -9.113250000000000517e-01 -2.296799999999999883e-02 -9.115579999999999794e-01 4.111710000000000087e-01 -7.460000000000000268e-04
4.000000000000000000e+00 9.100000000000000000e+01 7.600000000000000000e+01 0.000000000000000000e+00 1.600000000000000089e+00 -1.269999999999999970e-04 -1.066000000000000107e-03 9.999989999999999712e-01 3.332229999999999914e-01 -9.428480000000000194e-01 -9.629999999999999888e-04 9.428480000000000194e-01 3.332229999999999914e-01 4.749999999999999990e-04
9.000000000000000000e+00 9.100000000000000000e+01 7.600000000000000000e+01 0.000000000000000000e+00 1.600000000000000089e+00 7.870000000000000476e-04 -2.155999999999999930e-03 9.999970000000000248e-01 3.166220000000000145e-01 -9.485489999999999755e-01 -2.294000000000000032e-03 9.485519999999999508e-01 3.166229999999999878e-01 -6.299999999999999990e-05
1.600000000000000000e+01 9.100000000000000000e+01 7.600000000000000000e+01 0.000000000000000000e+00 1.600000000000000089e+00 -6.470000000000000057e-04 -3.849999999999999798e-04 1.000000000000000000e+00 3.103819999999999912e-01 -9.506120000000000125e-01 -1.649999999999999991e-04 9.506120000000000125e-01 3.103819999999999912e-01 7.339999999999999520e-04
2.100000000000000000e+01 9.100000000000000000e+01 7.600000000000000000e+01 0.000000000000000000e+00 1.600000000000000089e+00 6.170000000000000354e-04 5.500000000000000331e-04 1.000000000000000000e+00 3.135839999999999739e-01 -9.495599999999999596e-01 3.289999999999999739e-04 9.495599999999999596e-01 3.135839999999999739e-01 -7.579999999999999932e-04
2.500000000000000000e+01 9.100000000000000000e+01 7.600000000000000000e+01 0.000000000000000000e+00 1.600000000000000089e+00 9.457000000000000128e-03 9.799000000000000418e-03 9.999069999999999903e-01 3.201680000000000081e-01 -9.473399999999999599e-01 6.255000000000000143e-03 9.473129999999999606e-01 3.200790000000000024e-01 -1.209600000000000085e-02
3.000000000000000000e+00 4.400000000000000000e+01 8.300000000000000000e+01 0.000000000000000000e+00 1.600000000000000089e+00 4.200000000000000174e-04 9.280000000000000054e-04 9.999989999999999712e-01 5.837080000000000046e-01 -8.119640000000000191e-01 5.090000000000000123e-04 8.119640000000000191e-01 5.837069999999999759e-01 -8.829999999999999958e-04
