1.000000000000000000e+01 2.500000000000000000e+01 1.000000000000000000e+00 0.000000000000000000e+00 1.600000000000000089e+00 -1.361000000000000014e-03 2.990000000000000036e-04 -9.999989999999999712e-01 -5.313250000000000473e-01 -8.471680000000000321e-01 4.699999999999999859e-04 -8.471670000000000034e-01 5.313250000000000473e-01 1.311000000000000099e-03
2.000000000000000000e+01 2.500000000000000000e+01 1.000000000000000000e+00 0.000000000000000000e+00 1.600000000000000089e+00 5.399999999999999798e-05 -7.922000000000000222e-03 -9.999689999999999968e-01 -5.280319999999999458e-01 -8.491980000000000084e-01 6.699000000000000093e-03 -8.492239999999999789e-01 5.280150000000000121e-01 -4.229000000000000120e-03
2.900000000000000000e+01 3.000000000000000000e+00 3.000000000000000000e+00 0.000000000000000000e+00 1.600000000000000089e+00 9.508600000000000385e-02 2.773099999999999871e-02 -9.950830000000000508e-01 -8.898989999999999956e-01 -4.456260000000000221e-01 -9.745399999999999896e-02 -4.461379999999999790e-01 8.947889999999999455e-01 -1.769499999999999892e-02
2.000000000000000000e+00 1.500000000000000000e+01 4.000000000000000000e+00 0.000000000000000000e+00 1.600000000000000089e+00 2.844999999999999873e-03 4.996999999999999706e-03 9.999829999999999552e-01 3.215839999999999810e-01 -9.468729999999999647e-01 3.817000000000000080e-03 9.468769999999999687e-01 3.215680000000000205e-01 -4.301000000000000136e-03
8.000000000000000000e+00 1.500000000000000000e+01 4.000000000000000000e+00 0.000000000000000000e+00 1.600000000000000089e+00 6.539999999999999590e-04 2.161999999999999859e-03 9.999970000000000248e-01 3.257740000000000080e-01 -9.454460000000000086e-01 1.830999999999999945e-03 9.454479999999999551e-01 3.257720000000000060e-01 -1.322999999999999957e-03
1.100000000000000000e+01 1.500000000000000000e+01 4.000000000000000000e+00 0.000000000000000000e+00 1.600000000000000089e+00 -5.800000000000000034e-04 -3.190000000000000127e-03 9.999949999999999672e-01 3.182389999999999941e-01 -9.480060000000000153e-01 -2.838999999999999944e-03 9.480100000000000193e-01 3.182360000000000189e-01 1.564999999999999985e-03
1.800000000000000000e+01 1.500000000000000000e+01 4.000000000000000000e+00 0.000000000000000000e+00 1.600000000000000089e+00 -2.203999999999999796e-03 -7.585999999999999861e-03 9.999689999999999968e-01 3.106389999999999985e-01 -9.505059999999999620e-01 -6.525999999999999683e-03 9.505249999999999533e-01 3.106149999999999745e-01 4.451000000000000095e-03
2.300000000000000000e+01 1.500000000000000000e+01 4.000000000000000000e+00 0.000000000000000000e+00 1.600000000000000089e+00 1.759999999999999954e-04 -4.227999999999999987e-03 9.999909999999999632e-01 3.137469999999999981e-01 -9.494979999999999531e-01 -4.068999999999999700e-03 9.495069999999999899e-01 3.137449999999999961e-01 1.159000000000000091e-03
2.900000000000000000e+01 1.500000000000000000e+01 4.000000000000000000e+00 0.000000000000000000e+00 1.600000000000000089e+00 -2.742000000000000080e-03 7.619999999999999820e-04 9.999959999999999960e-01 3.186660000000000048e-01 -9.478659999999999863e-01 1.595999999999999979e-03 9.478630000000000111e-01 3.186689999999999801e-01 2.357000000000000154e-03
1.000000000000000000e+00 1.010000000000000000e+02 7.000000000000000000e+00 0.000000000000000000e+00 1.600000000000000089e+00 7.609999999999999577e-04 2.549000000000000050e-03 9.999959999999999960e-01 8.902700000000000058e-01 4.554289999999999727e-01 -1.838000000000000007e-03 -4.554320000000000035e-01 8.902679999999999483e-01 -1.923000000000000013e-03
4.000000000000000000e+00 2.500000000000000000e+01 8.000000000000000000e+00 0.000000000000000000e+00 1.600000000000000089e+00 -4.600000000000000139e-04 -5.714000000000000329e-03 -9.999839999999999840e-01 4.480919999999999903e-01 8.939719999999999889e-01 -5.314000000000000147e-03 8.939869999999999761e-01 -4.480870000000000131e-01 2.148999999999999869e-03
1.100000000000000000e+01 2.500000000000000000e+01 8.000000000000000000e+00 0.000000000000000000e+00 1.600000000000000089e+00 2.452999999999999885e-03 8.042999999999999802e-03 -9.999649999999999928e-01 4.480439999999999978e-01 8.939730000000000176e-01 8.288999999999999493e-03 8.940080000000000249e-01 -4.480480000000000018e-01 -1.410999999999999928e-03
1.700000000000000000e+01 2.500000000000000000e+01 8.000000000000000000e+00 0.000000000000000000e+00 1.600000000000000089e+00 -6.790000000000000245e-04 7.196000000000000139e-03 -9.999740000000000295e-01 4.450049999999999839e-01 8.955070000000000530e-01 6.141999999999999890e-03 8.955279999999999907e-01 -4.449890000000000234e-01 -3.811000000000000151e-03
2.300000000000000000e+01 2.500000000000000000e+01 8.000000000000000000e+00 0.000000000000000000e+00 1.600000000000000089e+00 1.608999999999999970e-03 5.458000000000000178e-03 -9.999839999999999840e-01 4.463440000000000185e-01 8.948439999999999728e-01 5.602000000000000209e-03 8.948599999999999888e-01 -4.463449999999999918e-01 -9.959999999999999236e-04
3.000000000000000000e+00 2.400000000000000000e+01 9.000000000000000000e+00 0.000000000000000000e+00 1.600000000000000089e+00 -2.489999999999999809e-04 -4.503000000000000058e-03 -9.999900000000000455e-01 4.532869999999999955e-01 8.913550000000000084e-01 -4.126999999999999592e-03 8.913649999999999629e-01 -4.532829999999999915e-01 1.820000000000000003e-03
1.100000000000000000e+01 2.400000000000000000e+01 9.000000000000000000e+00 0.000000000000000000e+00 1.600000000000000089e+00 2.886999999999999809e-03 8.883000000000000271e-03 -9.999559999999999560e-01 4.521490000000000231e-01 8.918949999999999934e-01 9.228000000000000091e-03 8.919380000000000086e-01 -4.521560000000000024e-01 -1.441999999999999922e-03
1.700000000000000000e+01 2.400000000000000000e+01 9.000000000000000000e+00 0.000000000000000000e+00 1.600000000000000089e+00 -1.000999999999999937e-03 7.719000000000000167e-03 -9.999700000000000255e-01 4.489989999999999815e-01 8.935089999999999977e-01 6.447999999999999739e-03 8.935319999999999929e-01 -4.489790000000000170e-01 -4.360000000000000160e-03
2.300000000000000000e+01 2.400000000000000000e+01 9.000000000000000000e+00 0.000000000000000000e+00 1.600000000000000089e+00 1.113000000000000057e-03 4.341000000000000240e-03 -9.999900000000000455e-01 4.509940000000000060e-01 8.925159999999999760e-01 4.375999999999999682e-03 8.925260000000000415e-01 -4.509949999999999792e-01 -9.650000000000000374e-04
8.000000000000000000e+00 4.000000000000000000e+00 1.100000000000000000e+01 0.000000000000000000e+00 1.600000000000000089e+00 8.819999999999999715e-04 9.795999999999999153e-03 -9.999519999999999520e-01 2.327410000000000034e-01 9.724899999999999656e-01 9.731999999999999332e-03 9.725380000000000136e-01 -2.327390000000000014e-01 -1.423000000000000003e-03
1.100000000000000000e+01 4.000000000000000000e+00 1.100000000000000000e+01 0.000000000000000000e+00 1.600000000000000089e+00 -5.074000000000000385e-03 -2.870699999999999988e-02 -9.995749999999999913e-01 2.368460000000000010e-01 9.711119999999999752e-01 -2.909199999999999980e-02 9.715340000000000087e-01 -2.368919999999999915e-01 1.871999999999999966e-03
2.300000000000000000e+01 5.000000000000000000e+00 1.200000000000000000e+01 0.000000000000000000e+00 1.600000000000000089e+00 1.289399999999999921e-02 -1.189729999999999954e-01 9.928139999999999743e-01 -2.325879999999999892e-01 9.653049999999999686e-01 1.186969999999999970e-01 -9.724899999999999656e-01 -2.324469999999999870e-01 -1.522500000000000069e-02
3.000000000000000000e+00 3.100000000000000000e+01 1.200000000000000000e+01 0.000000000000000000e+00 1.600000000000000089e+00 -2.100000000000000087e-04 2.393999999999999861e-03 9.999970000000000248e-01 4.379000000000000080e-03 9.999879999999999880e-01 -2.393000000000000162e-03 -9.999900000000000455e-01 4.379000000000000080e-03 -2.200000000000000078e-04
9.000000000000000000e+00 3.100000000000000000e+01 1.200000000000000000e+01 0.000000000000000000e+00 1.600000000000000089e+00 -6.870000000000000022e-04 1.265000000000000065e-03 9.999989999999999712e-01 6.071000000000000008e-03 9.999810000000000088e-01 -1.260999999999999968e-03 -9.999810000000000088e-01 6.069999999999999875e-03 -6.949999999999999798e-04
1.300000000000000000e+01 3.100000000000000000e+01 1.200000000000000000e+01 0.000000000000000000e+00 1.600000000000000089e+00 -3.980000000000000248e-04 4.800999999999999712e-03 9.999879999999999880e-01 6.409999999999999899e-03 9.999679999999999680e-01 -4.798000000000000181e-03 -9.999789999999999512e-01 6.407999999999999634e-03 -4.290000000000000193e-04
1.800000000000000000e+01 3.100000000000000000e+01 1.200000000000000000e+01 0.000000000000000000e+00 1.600000000000000089e+00 2.351999999999999924e-03 -7.839999999999999747e-03 9.999670000000000503e-01 4.709999999999999777e-03 9.999580000000000135e-01 7.828999999999999154e-03 -9.999860000000000415e-01 4.691999999999999990e-03 2.389000000000000064e-03
2.400000000000000000e+01 3.100000000000000000e+01 1.200000000000000000e+01 0.000000000000000000e+00 1.600000000000000089e+00 7.259999999999999743e-04 2.799999999999999958e-05 1.000000000000000000e+00 7.399999999999999894e-04 1.000000000000000000e+00 -2.900000000000000017e-05 -9.999989999999999712e-01 7.399999999999999894e-04 7.259999999999999743e-04
2.000000000000000000e+00 3.500000000000000000e+01 1.200000000000000000e+01 0.000000000000000000e+00 1.600000000000000089e+00 6.089999999999999494e-04 2.994999999999999832e-03 -9.999949999999999672e-01 5.923220000000000152e-01 -8.056990000000000540e-01 -2.053000000000000137e-03 -8.057010000000000005e-01 -5.923180000000000112e-01 -2.263999999999999953e-03
5.000000000000000000e+00 3.200000000000000000e+01 1.400000000000000000e+01 0.000000000000000000e+00 1.600000000000000089e+00 6.200000000000000270e-05 2.530000000000000239e-04 -1.000000000000000000e+00 9.853499999999999759e-02 9.951339999999999630e-01 2.579999999999999828e-04 9.951339999999999630e-01 -9.853499999999999759e-02 3.699999999999999811e-05
2.700000000000000000e+01 3.200000000000000000e+01 1.400000000000000000e+01 0.000000000000000000e+00 1.600000000000000089e+00 5.990000000000000316e-04 1.345999999999999974e-03 -9.999989999999999712e-01 1.020100000000000035e-01 9.947820000000000551e-01 1.399999999999999986e-03 9.947829999999999728e-01 -1.020110000000000045e-01 4.580000000000000195e-04
4.000000000000000000e+00 1.200000000000000000e+01 1.500000000000000000e+01 0.000000000000000000e+00 1.600000000000000089e+00 8.970000000000000109e-04 1.484999999999999992e-03 -9.999989999999999712e-01 -4.706199999999999828e-01 -8.823339999999999517e-01 -1.732000000000000033e-03 -8.823360000000000092e-01 4.706210000000000115e-01 -9.299999999999999727e-05
8.000000000000000000e+00 1.200000000000000000e+01 1.500000000000000000e+01 0.000000000000000000e+00 1.600000000000000089e+00 1.142000000000000003e-03 1.036999999999999944e-03 -9.999989999999999712e-01 -4.721369999999999734e-01 -8.815239999999999743e-01 -1.453999999999999997e-03 -8.815239999999999743e-01 4.721389999999999754e-01 -5.169999999999999899e-04
1.500000000000000000e+01 1.200000000000000000e+01 1.500000000000000000e+01 0.000000000000000000e+00 1.600000000000000089e+00 8.739999999999999939e-04 5.637999999999999783e-03 -9.999839999999999840e-01 -4.693269999999999942e-01 -8.830080000000000151e-01 -5.388000000000000428e-03 -8.830240000000000311e-01 4.693240000000000189e-01 1.874999999999999931e-03
2.100000000000000000e+01 1.200000000000000000e+01 1.500000000000000000e+01 0.000000000000000000e+00 1.600000000000000089e+00 8.909999999999999734e-04 1.845000000000000069e-03 -9.999980000000000535e-01 -4.726079999999999726e-01 -8.812699999999999978e-01 -2.047000000000000208e-03 -8.812720000000000553e-01 4.726090000000000013e-01 8.700000000000000051e-05
2.800000000000000000e+01 1.200000000000000000e+01 1.500000000000000000e+01 0.000000000000000000e+00 1.600000000000000089e+00 1.732999999999999948e-03 1.958000000000000105e-03 -9.999970000000000248e-01 -4.681969999999999743e-01 -8.836209999999999898e-01 -2.541999999999999989e-03 -8.836230000000000473e-01 4.681989999999999763e-01 -6.149999999999999868e-04
2.900000000000000000e+01 1.160000000000000000e+02 1.600000000000000000e+01 0.000000000000000000e+00 1.600000000000000089e+00 -2.024999999999999890e-03 -2.869999999999999830e-04 9.999980000000000535e-01 8.203340000000000076e-01 5.718809999999999727e-01 1.825000000000000016e-03 -5.718800000000000550e-01 8.203359999999999541e-01 -9.229999999999999923e-04
6.000000000000000000e+00 2.000000000000000000e+00 1.900000000000000000e+01 0.000000000000000000e+00 1.600000000000000089e+00 3.716999999999999818e-03 -1.567999999999999949e-02 -9.998700000000000365e-01 2.234510000000000107e-01 -9.745819999999999483e-01 1.611399999999999985e-02 -9.747080000000000188e-01 -2.234819999999999862e-01 -1.190000000000000058e-04
1.200000000000000000e+01 2.000000000000000000e+00 1.900000000000000000e+01 0.000000000000000000e+00 1.600000000000000089e+00 -3.043000000000000132e-03 1.458000000000000095e-03 -9.999940000000000495e-01 2.161559999999999870e-01 -9.763570000000000304e-01 -2.082000000000000083e-03 -9.763540000000000552e-01 -2.161609999999999920e-01 2.655999999999999941e-03
2.100000000000000000e+01 2.000000000000000000e+00 1.900000000000000000e+01 0.000000000000000000e+00 1.600000000000000089e+00 -8.479000000000000425e-03 4.372000000000000018e-03 -9.999540000000000095e-01 2.186220000000000108e-01 -9.757900000000000462e-01 -6.119999999999999572e-03 -9.757730000000000015e-01 -2.186639999999999973e-01 7.317999999999999852e-03
2.700000000000000000e+01 2.000000000000000000e+00 1.900000000000000000e+01 0.000000000000000000e+00 1.600000000000000089e+00 -1.342699999999999970e-02 8.312999999999999209e-03 -9.998749999999999583e-01 2.352789999999999881e-01 -9.718630000000000324e-01 -1.123900000000000073e-02 -9.718350000000000044e-01 -2.353999999999999981e-01 1.109399999999999969e-02
1.600000000000000000e+01 4.000000000000000000e+00 2.000000000000000000e+01 0.000000000000000000e+00 1.600000000000000089e+00 1.472000000000000001e-03 -2.860000000000000129e-03 -9.999949999999999672e-01 3.390850000000000253e-01 -9.407499999999999751e-01 3.188999999999999994e-03 -9.407550000000000079e-01 -3.390880000000000005e-01 -4.150000000000000043e-04
9.000000000000000000e+00 1.300000000000000000e+01 2.000000000000000000e+01 0.000000000000000000e+00 1.600000000000000089e+00 -1.379999999999999933e-03 -4.094999999999999682e-03 9.999909999999999632e-01 2.589670000000000027e-01 9.658769999999999856e-01 4.312999999999999994e-03 -9.658849999999999936e-01 2.589699999999999780e-01 -2.719999999999999979e-04
1.900000000000000000e+01 1.300000000000000000e+01 2.000000000000000000e+01 0.000000000000000000e+00 1.600000000000000089e+00 -1.528999999999999977e-03 -1.807000000000000012e-03 9.999970000000000248e-01 2.634690000000000087e-01 9.646649999999999947e-01 2.145000000000000205e-03 -9.646670000000000522e-01 2.634719999999999840e-01 -9.990000000000001049e-04
2.500000000000000000e+01 1.300000000000000000e+01 2.000000000000000000e+01 0.000000000000000000e+00 1.600000000000000089e+00 1.758999999999999930e-03 -1.869000000000000002e-03 9.999970000000000248e-01 2.639299999999999979e-01 9.645409999999999817e-01 1.337999999999999997e-03 -9.645399999999999530e-01 2.639270000000000227e-01 2.190000000000000106e-03
1.300000000000000000e+01 3.000000000000000000e+00 2.500000000000000000e+01 0.000000000000000000e+00 1.600000000000000089e+00 -2.328999999999999907e-03 -5.671999999999999958e-03 9.999810000000000088e-01 -2.012699999999999906e-02 -9.997810000000000308e-01 -5.717999999999999992e-03 9.997949999999999893e-01 -2.014000000000000165e-02 2.213999999999999822e-03
2.100000000000000000e+01 3.000000000000000000e+00 2.500000000000000000e+01 0.000000000000000000e+00 1.600000000000000089e+00 -2.765999999999999796e-03 -3.817000000000000080e-03 9.999890000000000168e-01 -2.226799999999999960e-02 -9.997449999999999948e-01 -3.877999999999999937e-03 9.997479999999999700e-01 -2.227900000000000019e-02 2.680999999999999790e-03
2.700000000000000000e+01 3.000000000000000000e+00 2.500000000000000000e+01 0.000000000000000000e+00 1.600000000000000089e+00 -3.367000000000000201e-03 2.821000000000000157e-03 9.999900000000000455e-01 -1.713299999999999892e-02 -9.998489999999999878e-01 2.762999999999999831e-03 9.998479999999999590e-01 -1.712400000000000033e-02 3.415000000000000067e-03
2.000000000000000000e+01 4.600000000000000000e+01 2.700000000000000000e+01 0.000000000000000000e+00 1.600000000000000089e+00 -3.079999999999999839e-03 1.168999999999999900e-03 -9.999949999999999672e-01 6.668530000000000291e-01 7.451879999999999615e-01 -1.182000000000000108e-03 7.451830000000000398e-01 -6.668530000000000291e-01 -3.075000000000000042e-03
3.000000000000000000e+01 4.600000000000000000e+01 2.700000000000000000e+01 0.000000000000000000e+00 1.600000000000000089e+00 -1.260999999999999968e-03 -1.779999999999999898e-04 -9.999989999999999712e-01 6.689629999999999743e-01 7.432950000000000390e-01 -9.759999999999999796e-04 7.432940000000000103e-01 -6.689640000000000031e-01 -8.189999999999999581e-04
5.000000000000000000e+00 4.600000000000000000e+01 3.000000000000000000e+01 0.000000000000000000e+00 1.600000000000000089e+00 2.605000000000000111e-03 2.137000000000000011e-03 -9.999940000000000495e-01 3.175069999999999837e-01 9.482519999999999838e-01 2.854000000000000200e-03 9.482519999999999838e-01 -3.175129999999999897e-01 1.791000000000000057e-03
1.400000000000000000e+01 4.600000000000000000e+01 3.000000000000000000e+01 0.000000000000000000e+00 1.600000000000000089e+00 8.180000000000000422e-04 -5.000000000000000409e-06 -1.000000000000000000e+00 3.153639999999999777e-01 9.489710000000000090e-01 2.530000000000000239e-04 9.489699999999999802e-01 -3.153639999999999777e-01 7.780000000000000457e-04
1.900000000000000000e+01 4.600000000000000000e+01 3.000000000000000000e+01 0.000000000000000000e+00 1.600000000000000089e+00 -3.024999999999999911e-03 -1.149999999999999981e-03 -9.999949999999999672e-01 3.162909999999999888e-01 9.486599999999999477e-01 -2.047999999999999907e-03 9.486580000000000013e-01 -3.162949999999999928e-01 -2.505999999999999981e-03
2.300000000000000000e+01 4.600000000000000000e+01 3.000000000000000000e+01 0.000000000000000000e+00 1.600000000000000089e+00 -2.162999999999999992e-03 3.409999999999999945e-04 -9.999980000000000535e-01 3.160279999999999756e-01 9.487499999999999822e-01 -3.600000000000000227e-04 9.487470000000000070e-01 -3.160279999999999756e-01 -2.158999999999999895e-03
4.000000000000000000e+00 5.800000000000000000e+01 3.100000000000000000e+01 0.000000000000000000e+00 1.600000000000000089e+00 -1.399999999999999986e-03 -7.538999999999999695e-03 9.999710000000000543e-01 -7.804419999999999691e-01 -6.252010000000000067e-01 -5.806999999999999662e-03 6.252269999999999772e-01 -7.804269999999999818e-01 -5.008000000000000299e-03
1.000000000000000000e+01 5.800000000000000000e+01 3.100000000000000000e+01 0.000000000000000000e+00 1.600000000000000089e+00 -2.854000000000000200e-03 -4.766000000000000271e-03 9.999850000000000128e-01 -7.832419999999999938e-01 -6.216949999999999976e-01 -5.198000000000000363e-03 6.217099999999999849e-01 -7.832449999999999690e-01 -1.958999999999999804e-03
1.800000000000000000e+01 5.800000000000000000e+01 3.100000000000000000e+01 0.000000000000000000e+00 1.600000000000000089e+00 -4.840000000000000010e-04 3.390000000000000001e-04 1.000000000000000000e+00 -7.897509999999999808e-01 -6.134269999999999445e-01 -1.740000000000000010e-04 6.134269999999999445e-01 -7.897509999999999808e-01 5.649999999999999641e-04
2.300000000000000000e+01 5.800000000000000000e+01 3.100000000000000000e+01 0.000000000000000000e+00 1.600000000000000089e+00 1.415000000000000025e-03 1.773000000000000053e-03 9.999970000000000248e-01 -7.897410000000000263e-01 -6.134359999999999813e-01 2.204999999999999929e-03 6.134380000000000388e-01 -7.897420000000000551e-01 5.320000000000000293e-04
2.900000000000000000e+01 5.800000000000000000e+01 3.100000000000000000e+01 0.000000000000000000e+00 1.600000000000000089e+00 -1.796000000000000070e-03 4.789999999999999879e-04 9.999980000000000535e-01 -7.868209999999999926e-01 -6.171799999999999509e-01 -1.118000000000000070e-03 6.171780000000000044e-01 -7.868220000000000214e-01 1.484999999999999992e-03
2.000000000000000000e+00 4.600000000000000000e+01 3.500000000000000000e+01 0.000000000000000000e+00 1.600000000000000089e+00 9.200000000000000007e-05 -2.110000000000000059e-04 -1.000000000000000000e+00 3.918409999999999949e-01 -9.200329999999999897e-01 2.310000000000000042e-04 -9.200329999999999897e-01 -3.918409999999999949e-01 -1.999999999999999909e-06
6.000000000000000000e+00 4.600000000000000000e+01 3.500000000000000000e+01 0.000000000000000000e+00 1.600000000000000089e+00 7.579999999999999932e-04 -8.970000000000000109e-04 -9.999989999999999712e-01 3.913690000000000224e-01 -9.202329999999999677e-01 1.121999999999999950e-03 -9.202339999999999964e-01 -3.913690000000000224e-01 -3.469999999999999777e-04
1.600000000000000000e+01 4.600000000000000000e+01 3.500000000000000000e+01 0.000000000000000000e+00 1.600000000000000089e+00 -1.505999999999999960e-03 -4.350000000000000026e-04 -9.999989999999999712e-01 3.903340000000000143e-01 -9.206729999999999636e-01 -1.869999999999999917e-04 -9.206720000000000459e-01 -3.903340000000000143e-01 1.557000000000000007e-03
1.800000000000000000e+01 4.600000000000000000e+01 3.500000000000000000e+01 0.000000000000000000e+00 1.600000000000000089e+00 -1.378000000000000102e-03 2.528999999999999998e-03 -9.999959999999999960e-01 3.899299999999999988e-01 -9.208399999999999919e-01 -2.866000000000000058e-03 -9.208439999999999959e-01 -3.899320000000000008e-01 2.820000000000000241e-04
2.800000000000000000e+01 4.600000000000000000e+01 3.500000000000000000e+01 0.000000000000000000e+00 1.600000000000000089e+00 -6.610000000000000207e-04 4.688999999999999592e-03 -9.999890000000000168e-01 3.900310000000000166e-01 -9.207899999999999974e-01 -4.576000000000000206e-03 -9.208009999999999806e-01 -3.900299999999999878e-01 -1.219999999999999947e-03
6.000000000000000000e+00 3.000000000000000000e+00 4.300000000000000000e+01 0.000000000000000000e+00 1.600000000000000089e+00 -4.551000000000000358e-03 -5.952999999999999958e-03 -9.999719999999999720e-01 7.371050000000000102e-01 -6.757769999999999611e-01 6.679999999999999740e-04 -6.757619999999999738e-01 -7.370820000000000149e-01 7.464000000000000148e-03
1.500000000000000000e+01 3.000000000000000000e+00 4.300000000000000000e+01 0.000000000000000000e+00 1.600000000000000089e+00 -5.228000000000000008e-03 -6.491000000000000242e-03 -9.999649999999999928e-01 7.374370000000000092e-01 -6.754160000000000164e-01 5.289999999999999564e-04 -6.753959999999999964e-01 -7.374089999999999812e-01 8.318000000000000740e-03
2.900000000000000000e+01 3.000000000000000000e+00 4.300000000000000000e+01 0.000000000000000000e+00 1.600000000000000089e+00 9.429999999999999147e-03 4.819999999999999632e-03 -9.999440000000000550e-01 7.402919999999999501e-01 -6.722749999999999559e-01 3.740999999999999968e-03 -6.722200000000000397e-01 -7.402859999999999996e-01 -9.908000000000000140e-03
1.600000000000000000e+01 8.000000000000000000e+00 4.400000000000000000e+01 0.000000000000000000e+00 1.600000000000000089e+00 7.529999999999999801e-04 -4.081999999999999691e-03 9.999909999999999632e-01 -7.845689999999999609e-01 -6.200390000000000068e-01 -1.941000000000000017e-03 6.200409999999999533e-01 -7.845609999999999529e-01 -3.668999999999999952e-03
4.000000000000000000e+00 2.900000000000000000e+01 4.400000000000000000e+01 0.000000000000000000e+00 1.600000000000000089e+00 -4.699999999999999724e-05 1.041000000000000042e-03 -9.999989999999999712e-01 6.535769999999999635e-01 7.568599999999999772e-01 7.569999999999999689e-04 7.568599999999999772e-01 -6.535769999999999635e-01 -7.159999999999999481e-04
9.000000000000000000e+00 2.900000000000000000e+01 4.400000000000000000e+01 0.000000000000000000e+00 1.600000000000000089e+00 -1.430000000000000064e-03 1.010000000000000047e-03 -9.999980000000000535e-01 6.541690000000000005e-01 7.563480000000000203e-01 -1.710000000000000094e-04 7.563469999999999915e-01 -6.541679999999999717e-01 -1.742000000000000059e-03
1.200000000000000000e+01 2.900000000000000000e+01 4.400000000000000000e+01 0.000000000000000000e+00 1.600000000000000089e+00 3.490000000000000263e-04 1.649000000000000075e-03 -9.999989999999999712e-01 6.568150000000000377e-01 7.540499999999999980e-01 1.472999999999999917e-03 7.540510000000000268e-01 -6.568150000000000377e-01 -8.199999999999999824e-04
1.700000000000000000e+01 2.900000000000000000e+01 4.400000000000000000e+01 0.000000000000000000e+00 1.600000000000000089e+00 1.320000000000000101e-04 8.159999999999999936e-04 -1.000000000000000000e+00 6.635240000000000027e-01 7.481550000000000145e-01 6.989999999999999686e-04 7.481550000000000145e-01 -6.635229999999999739e-01 -4.429999999999999802e-04
2.200000000000000000e+01 2.900000000000000000e+01 4.400000000000000000e+01 0.000000000000000000e+00 1.600000000000000089e+00 1.012000000000000096e-03 -3.789999999999999966e-04 -9.999989999999999712e-01 6.581839999999999913e-01 7.528569999999999984e-01 3.800000000000000209e-04 7.528559999999999697e-01 -6.581839999999999913e-01 1.010999999999999963e-03
2.700000000000000000e+01 2.900000000000000000e+01 4.400000000000000000e+01 0.000000000000000000e+00 1.600000000000000089e+00 1.201000000000000028e-03 -1.190000000000000085e-03 -9.999989999999999712e-01 6.498979999999999757e-01 7.600219999999999754e-01 -1.240000000000000054e-04 7.600209999999999466e-01 -6.498969999999999470e-01 1.685999999999999999e-03
2.200000000000000000e+01 6.500000000000000000e+01 4.600000000000000000e+01 0.000000000000000000e+00 1.600000000000000089e+00 -5.959999999999999586e-04 -2.147000000000000037e-03 9.999970000000000248e-01 6.807229999999999670e-01 -7.325399999999999689e-01 -1.167000000000000069e-03 7.325409999999999977e-01 6.807199999999999918e-01 1.897999999999999948e-03
3.000000000000000000e+01 7.000000000000000000e+01 4.700000000000000000e+01 0.000000000000000000e+00 1.600000000000000089e+00 -5.159999999999999656e-04 5.425000000000000135e-03 -9.999850000000000128e-01 -8.440440000000000165e-01 -5.362679999999999669e-01 -2.474000000000000071e-03 -5.362729999999999997e-01 8.440299999999999470e-01 4.856000000000000073e-03
2.900000000000000000e+01 7.400000000000000000e+01 4.900000000000000000e+01 0.000000000000000000e+00 1.600000000000000089e+00 -3.179999999999999776e-04 -5.246999999999999928e-03 9.999860000000000415e-01 -9.827230000000000132e-01 1.850789999999999935e-01 6.589999999999999721e-04 -1.850799999999999945e-01 -9.827099999999999724e-01 -5.215000000000000017e-03
5.000000000000000000e+00 5.000000000000000000e+00 5.100000000000000000e+01 0.000000000000000000e+00 1.600000000000000089e+00 6.139999999999999625e-04 -5.739000000000000178e-03 -9.999829999999999552e-01 4.814339999999999731e-01 -8.764659999999999673e-01 5.326000000000000005e-03 -8.764819999999999833e-01 -4.814289999999999958e-01 2.224999999999999981e-03
2.000000000000000000e+01 5.000000000000000000e+00 5.100000000000000000e+01 0.000000000000000000e+00 1.600000000000000089e+00 2.820000000000000241e-04 -2.090999999999999977e-03 -9.999980000000000535e-01 4.787449999999999761e-01 -8.779519999999999547e-01 1.971000000000000096e-03 -8.779540000000000122e-01 -4.787449999999999761e-01 7.529999999999999801e-04
2.300000000000000000e+01 5.000000000000000000e+00 5.100000000000000000e+01 0.000000000000000000e+00 1.600000000000000089e+00 7.429999999999999539e-04 6.089999999999999927e-03 -9.999810000000000088e-01 4.794280000000000208e-01 -8.775669999999999860e-01 -4.988000000000000246e-03 -8.775810000000000555e-01 -4.794160000000000088e-01 -3.572000000000000088e-03
1.500000000000000000e+01 1.150000000000000000e+02 5.100000000000000000e+01 0.000000000000000000e+00 1.600000000000000089e+00 1.631999999999999987e-03 6.809999999999999647e-04 9.999980000000000535e-01 8.447900000000000409e-01 -5.350970000000000448e-01 -1.013999999999999927e-03 5.350960000000000161e-01 8.447900000000000409e-01 -1.448999999999999984e-03
2.300000000000000000e+01 7.000000000000000000e+00 5.200000000000000000e+01 0.000000000000000000e+00 1.600000000000000089e+00 1.038999999999999993e-03 1.946000000000000030e-03 -9.999980000000000535e-01 1.179439999999999933e-01 -9.930189999999999850e-01 -1.809999999999999977e-03 -9.930200000000000138e-01 -1.179410000000000042e-01 -1.260999999999999968e-03
2.800000000000000000e+01 7.000000000000000000e+00 5.200000000000000000e+01 0.000000000000000000e+00 1.600000000000000089e+00 3.499999999999999693e-05 4.920000000000000328e-04 -1.000000000000000000e+00 9.725000000000000311e-02 -9.952600000000000335e-01 -4.859999999999999954e-04 -9.952600000000000335e-01 -9.725000000000000311e-02 -8.299999999999999815e-05
5.000000000000000000e+00 6.300000000000000000e+01 5.400000000000000000e+01 0.000000000000000000e+00 1.600000000000000089e+00 -6.170000000000000354e-04 7.590000000000000175e-04 1.000000000000000000e+00 -3.448869999999999991e-01 9.386440000000000339e-01 -9.250000000000000409e-04 -9.386440000000000339e-01 -3.448879999999999724e-01 -3.170000000000000075e-04
1.100000000000000000e+01 6.300000000000000000e+01 5.400000000000000000e+01 0.000000000000000000e+00 1.600000000000000089e+00 2.990000000000000036e-04 -2.260999999999999989e-03 9.999970000000000248e-01 -3.485230000000000272e-01 9.372979999999999645e-01 2.223000000000000149e-03 -9.373000000000000220e-01 -3.485230000000000272e-01 -5.079999999999999880e-04
1.500000000000000000e+01 6.300000000000000000e+01 5.400000000000000000e+01 0.000000000000000000e+00 1.600000000000000089e+00 1.348999999999999939e-03 -8.559999999999999901e-04 9.999989999999999712e-01 -3.504410000000000025e-01 9.365839999999999721e-01 1.275000000000000092e-03 -9.365839999999999721e-01 -3.504419999999999757e-01 9.629999999999999888e-04
2.000000000000000000e+01 6.300000000000000000e+01 5.400000000000000000e+01 0.000000000000000000e+00 1.600000000000000089e+00 -8.790000000000000070e-04 -5.969999999999999829e-04 9.999989999999999712e-01 -3.450940000000000119e-01 9.385679999999999579e-01 2.570000000000000127e-04 -9.385679999999999579e-01 -3.450940000000000119e-01 -1.031000000000000015e-03
2.400000000000000000e+01 6.300000000000000000e+01 5.400000000000000000e+01 0.000000000000000000e+00 1.600000000000000089e+00 -1.108000000000000044e-03 3.069999999999999812e-04 9.999989999999999712e-01 -3.422049999999999814e-01 9.396250000000000435e-01 -6.669999999999999497e-04 -9.396240000000000148e-01 -3.422060000000000102e-01 -9.359999999999999831e-04
8.000000000000000000e+00 2.500000000000000000e+01 5.500000000000000000e+01 0.000000000000000000e+00 1.600000000000000089e+00 7.960000000000000495e-04 -1.150999999999999896e-03 -9.999989999999999712e-01 -1.267099999999999997e-02 -9.999190000000000023e-01 1.141000000000000087e-03 -9.999190000000000023e-01 1.267000000000000071e-02 -8.099999999999999561e-04
1.900000000000000000e+01 2.500000000000000000e+01 5.500000000000000000e+01 0.000000000000000000e+00 1.600000000000000089e+00 -9.870000000000000301e-04 -2.883000000000000146e-03 -9.999949999999999672e-01 -1.151399999999999993e-02 -9.999299999999999855e-01 2.893999999999999871e-03 -9.999329999999999607e-01 1.151699999999999946e-02 9.539999999999999869e-04
2.700000000000000000e+01 2.500000000000000000e+01 5.500000000000000000e+01 0.000000000000000000e+00 1.600000000000000089e+00 2.063999999999999863e-03 8.710999999999999993e-03 -9.999599999999999600e-01 -1.122000000000000081e-02 -9.998989999999999823e-01 -8.732999999999999444e-03 -9.999350000000000183e-01 1.123799999999999973e-02 -1.965999999999999866e-03
4.000000000000000000e+00 2.100000000000000000e+01 6.000000000000000000e+01 0.000000000000000000e+00 1.600000000000000089e+00 -1.276000000000000007e-03 -5.583000000000000289e-03 9.999839999999999840e-01 -9.587400000000000089e-02 9.953790000000000138e-01 5.434999999999999727e-03 -9.953929999999999723e-01 -9.586500000000000576e-02 -1.804999999999999964e-03
1.100000000000000000e+01 2.100000000000000000e+01 6.000000000000000000e+01 0.000000000000000000e+00 1.600000000000000089e+00 3.780000000000000265e-04 4.270000000000000249e-04 1.000000000000000000e+00 -9.450600000000000667e-02 9.955239999999999645e-01 -3.890000000000000228e-04 -9.955239999999999645e-01 -9.450600000000000667e-02 4.169999999999999987e-04
2.500000000000000000e+01 2.100000000000000000e+01 6.000000000000000000e+01 0.000000000000000000e+00 1.600000000000000089e+00 2.193000000000000071e-03 -1.660199999999999870e-02 9.998599999999999710e-01 -9.376700000000000312e-02 9.954539999999999500e-01 1.673499999999999988e-02 -9.955920000000000325e-01 -9.379099999999999937e-02 6.269999999999999532e-04
2.900000000000000000e+01 2.100000000000000000e+01 6.000000000000000000e+01 0.000000000000000000e+00 1.600000000000000089e+00 -9.309999999999999699e-04 -1.897300000000000028e-02 9.998200000000000420e-01 -9.084899999999999920e-02 9.956869999999999887e-01 1.881000000000000033e-02 -9.958639999999999715e-01 -9.081500000000000683e-02 -2.651000000000000145e-03
1.100000000000000000e+01 6.700000000000000000e+01 6.000000000000000000e+01 0.000000000000000000e+00 1.600000000000000089e+00 3.330000000000000169e-04 3.219000000000000073e-03 9.999949999999999672e-01 1.781099999999999905e-01 -9.840060000000000473e-01 3.108000000000000086e-03 9.840109999999999690e-01 1.781079999999999885e-01 -9.009999999999999997e-04
1.700000000000000000e+01 6.700000000000000000e+01 6.000000000000000000e+01 0.000000000000000000e+00 1.600000000000000089e+00 1.719999999999999958e-03 2.552000000000000015e-03 9.999949999999999672e-01 1.742829999999999935e-01 -9.846930000000000405e-01 2.213000000000000123e-03 9.846939999999999582e-01 1.742779999999999885e-01 -2.138999999999999842e-03
3.000000000000000000e+00 6.000000000000000000e+00 6.100000000000000000e+01 0.000000000000000000e+00 1.600000000000000089e+00 -1.925000000000000062e-03 9.270999999999999727e-03 9.999550000000000383e-01 5.707849999999999868e-01 -8.210530000000000328e-01 8.710999999999999993e-03 8.210969999999999658e-01 5.707759999999999501e-01 -3.712000000000000022e-03
2.000000000000000000e+01 1.200000000000000000e+01 6.300000000000000000e+01 0.000000000000000000e+00 1.600000000000000089e+00 7.945000000000000673e-03 3.330000000000000169e-04 -9.999679999999999680e-01 -1.545980000000000132e-01 -9.879759999999999653e-01 -1.557999999999999923e-03 -9.879459999999999908e-01 1.546049999999999924e-01 -7.798000000000000244e-03
6.000000000000000000e+00 2.700000000000000000e+01 6.300000000000000000e+01 0.000000000000000000e+00 1.600000000000000089e+00 3.220000000000000206e-04 5.309000000000000351e-03 9.999860000000000415e-01 -2.695170000000000066e-01 9.629830000000000334e-01 -5.026000000000000086e-03 -9.629959999999999631e-01 -2.695110000000000006e-01 1.740999999999999926e-03
1.200000000000000000e+01 2.700000000000000000e+01 6.300000000000000000e+01 0.000000000000000000e+00 1.600000000000000089e+00 -6.000000000000000152e-05 -1.683000000000000034e-03 9.999989999999999712e-01 -2.723169999999999757e-01 9.622060000000000057e-01 1.603000000000000041e-03 -9.622079999999999522e-01 -2.723169999999999757e-01 -5.159999999999999656e-04
1.600000000000000000e+01 2.700000000000000000e+01 6.300000000000000000e+01 0.000000000000000000e+00 1.600000000000000089e+00 -4.979999999999999618e-04 -2.700000000000000035e-04 1.000000000000000000e+00 -2.743579999999999908e-01 9.616270000000000095e-01 1.230000000000000082e-04 -9.616270000000000095e-01 -2.743579999999999908e-01 -5.529999999999999976e-04
2.000000000000000000e+01 2.700000000000000000e+01 6.300000000000000000e+01 0.000000000000000000e+00 1.600000000000000089e+00 1.949999999999999965e-04 7.550000000000000287e-04 1.000000000000000000e+00 -2.729400000000000159e-01 9.620309999999999695e-01 -6.729999999999999871e-04 -9.620309999999999695e-01 -2.729400000000000159e-01 3.939999999999999817e-04
2.300000000000000000e+01 2.700000000000000000e+01 6.300000000000000000e+01 0.000000000000000000e+00 1.600000000000000089e+00 1.394999999999999973e-03 -8.750000000000000182e-04 9.999989999999999712e-01 -2.716790000000000038e-01 9.623869999999999925e-01 1.221000000000000080e-03 -9.623869999999999925e-01 -2.716799999999999771e-01 1.105000000000000079e-03
2.800000000000000000e+01 2.700000000000000000e+01 6.300000000000000000e+01 0.000000000000000000e+00 1.600000000000000089e+00 2.710000000000000169e-03 8.446000000000000382e-03 9.999609999999999888e-01 -2.703479999999999772e-01 9.627339999999999787e-01 -7.399000000000000195e-03 -9.627590000000000314e-01 -2.703169999999999740e-01 4.892999999999999780e-03
7.000000000000000000e+00 2.600000000000000000e+01 6.400000000000000000e+01 0.000000000000000000e+00 1.600000000000000089e+00 -4.029999999999999837e-04 5.016999999999999758e-03 9.999869999999999592e-01 -3.491380000000000039e-01 9.370589999999999753e-01 -4.841999999999999950e-03 -9.370709999999999873e-01 -3.491349999999999731e-01 1.374000000000000004e-03
1.100000000000000000e+01 2.600000000000000000e+01 6.400000000000000000e+01 0.000000000000000000e+00 1.600000000000000089e+00 7.450000000000000025e-04 5.999999999999999474e-04 1.000000000000000000e+00 -3.517640000000000211e-01 9.360889999999999489e-01 -2.999999999999999737e-04 -9.360880000000000312e-01 -3.517640000000000211e-01 9.089999999999999773e-04
1.600000000000000000e+01 2.600000000000000000e+01 6.400000000000000000e+01 0.000000000000000000e+00 1.600000000000000089e+00 -3.620000000000000171e-04 -6.250000000000000130e-04 1.000000000000000000e+00 -3.539439999999999809e-01 9.352669999999999595e-01 4.569999999999999952e-04 -9.352669999999999595e-01 -3.539430000000000076e-01 -5.599999999999999509e-04
2.000000000000000000e+01 2.600000000000000000e+01 6.400000000000000000e+01 0.000000000000000000e+00 1.600000000000000089e+00 9.899999999999999404e-05 3.390000000000000001e-04 1.000000000000000000e+00 -3.530369999999999897e-01 9.356090000000000240e-01 -2.820000000000000241e-04 -9.356090000000000240e-01 -3.530369999999999897e-01 2.120000000000000031e-04
2.400000000000000000e+01 2.600000000000000000e+01 6.400000000000000000e+01 0.000000000000000000e+00 1.600000000000000089e+00 1.827999999999999981e-03 4.279999999999999950e-04 9.999980000000000535e-01 -3.513709999999999889e-01 9.362359999999999571e-01 2.410000000000000033e-04 -9.362340000000000106e-01 -3.513709999999999889e-01 1.861999999999999940e-03
2.800000000000000000e+01 2.600000000000000000e+01 6.400000000000000000e+01 0.000000000000000000e+00 1.600000000000000089e+00 1.257000000000000088e-03 7.772000000000000262e-03 9.999689999999999968e-01 -3.493809999999999971e-01 9.369560000000000111e-01 -6.843000000000000124e-03 -9.369800000000000351e-01 -3.493620000000000059e-01 3.893999999999999892e-03
4.000000000000000000e+00 6.900000000000000000e+01 6.600000000000000000e+01 0.000000000000000000e+00 1.600000000000000089e+00 -2.801000000000000104e-03 -2.122000000000000188e-03 9.999940000000000495e-01 -9.488860000000000072e-01 3.156129999999999769e-01 -1.988000000000000184e-03 -3.156070000000000264e-01 -9.488860000000000072e-01 -2.897999999999999968e-03
1.100000000000000000e+01 6.900000000000000000e+01 6.600000000000000000e+01 0.000000000000000000e+00 1.600000000000000089e+00 3.823000000000000009e-03 -5.046000000000000138e-03 9.999799999999999800e-01 -9.504160000000000386e-01 3.109379999999999922e-01 5.202000000000000027e-03 -3.109580000000000122e-01 -9.504169999999999563e-01 -3.606999999999999963e-03
2.200000000000000000e+01 6.900000000000000000e+01 6.600000000000000000e+01 0.000000000000000000e+00 1.600000000000000089e+00 2.762000000000000132e-03 -4.002000000000000349e-03 9.999879999999999880e-01 -9.497409999999999464e-01 3.130129999999999857e-01 3.876000000000000105e-03 -3.130249999999999977e-01 -9.497400000000000286e-01 -2.935999999999999808e-03
