4.000000000000000000e+00 1.600000000000000000e+01 4.000000000000000000e+00 0.000000000000000000e+00 1.600000000000000089e+00 -1.634000000000000036e-03 1.370000000000000037e-02 9.999050000000000438e-01 3.175160000000000204e-01 -9.481570000000000276e-01 1.350999999999999944e-02 9.482509999999999550e-01 3.175080000000000124e-01 -2.801000000000000104e-03
1.000000000000000000e+01 1.600000000000000000e+01 4.000000000000000000e+00 0.000000000000000000e+00 1.600000000000000089e+00 -1.890000000000000133e-04 1.139000000000000038e-03 9.999989999999999712e-01 3.192579999999999862e-01 -9.476670000000000371e-01 1.139000000000000038e-03 9.476679999999999549e-01 3.192579999999999862e-01 -1.840000000000000001e-04
1.400000000000000000e+01 1.600000000000000000e+01 4.000000000000000000e+00 0.000000000000000000e+00 1.600000000000000089e+00 6.949999999999999798e-04 -1.270300000000000075e-02 9.999190000000000023e-01 3.175600000000000089e-01 -9.481589999999999741e-01 -1.226600000000000086e-02 9.482380000000000253e-01 3.175430000000000197e-01 3.374999999999999962e-03
1.800000000000000000e+01 1.600000000000000000e+01 4.000000000000000000e+00 0.000000000000000000e+00 1.600000000000000089e+00 1.630000000000000047e-04 -1.217799999999999959e-02 9.999259999999999815e-01 3.160729999999999928e-01 -9.486639999999999517e-01 -1.160500000000000073e-02 9.487349999999999950e-01 3.160519999999999996e-01 3.694999999999999934e-03
7.000000000000000000e+00 1.010000000000000000e+02 7.000000000000000000e+00 0.000000000000000000e+00 1.600000000000000089e+00 -1.749999999999999982e-04 -3.840000000000000097e-04 1.000000000000000000e+00 8.899970000000000381e-01 4.559659999999999824e-01 3.310000000000000225e-04 -4.559659999999999824e-01 8.899970000000000381e-01 2.620000000000000258e-04
2.600000000000000000e+01 1.010000000000000000e+02 7.000000000000000000e+00 0.000000000000000000e+00 1.600000000000000089e+00 -2.660000000000000146e-04 -1.032800000000000037e-02 9.999470000000000303e-01 8.862619999999999942e-01 4.631569999999999854e-01 5.019000000000000024e-03 -4.631839999999999846e-01 8.862160000000000037e-01 9.029999999999999832e-03
2.800000000000000000e+01 1.500000000000000000e+01 8.000000000000000000e+00 0.000000000000000000e+00 1.600000000000000089e+00 -3.439999999999999915e-03 -1.078199999999999992e-02 -9.999360000000000470e-01 -5.664420000000000011e-01 -8.240300000000000402e-01 1.083399999999999988e-02 -8.240939999999999932e-01 5.664430000000000298e-01 -3.272999999999999868e-03
2.000000000000000000e+00 2.600000000000000000e+01 8.000000000000000000e+00 0.000000000000000000e+00 1.600000000000000089e+00 1.067999999999999939e-03 -3.972999999999999969e-03 -9.999919999999999920e-01 4.232020000000000226e-01 9.060300000000000020e-01 -3.147000000000000058e-03 9.060350000000000348e-01 -4.231949999999999878e-01 2.648999999999999879e-03
9.000000000000000000e+00 2.600000000000000000e+01 8.000000000000000000e+00 0.000000000000000000e+00 1.600000000000000089e+00 -2.066000000000000128e-03 6.693000000000000164e-03 -9.999749999999999472e-01 4.232920000000000016e-01 9.059789999999999788e-01 5.189000000000000036e-03 9.059909999999999908e-01 -4.232710000000000083e-01 -4.703999999999999848e-03
1.400000000000000000e+01 2.600000000000000000e+01 8.000000000000000000e+00 0.000000000000000000e+00 1.600000000000000089e+00 -2.096000000000000207e-03 1.470300000000000079e-02 -9.998899999999999455e-01 4.251650000000000151e-01 9.050300000000000011e-01 1.241699999999999922e-02 9.051129999999999454e-01 -4.250920000000000254e-01 -8.148000000000000728e-03
1.900000000000000000e+01 2.600000000000000000e+01 8.000000000000000000e+00 0.000000000000000000e+00 1.600000000000000089e+00 4.353000000000000098e-03 -1.047999999999999973e-02 -9.999360000000000470e-01 4.271949999999999914e-01 9.041280000000000427e-01 -7.616000000000000374e-03 9.041489999999999805e-01 -4.271340000000000137e-01 8.413000000000000339e-03
2.500000000000000000e+01 2.600000000000000000e+01 8.000000000000000000e+00 0.000000000000000000e+00 1.600000000000000089e+00 2.056999999999999801e-03 3.919999999999999873e-03 -9.999900000000000455e-01 4.252059999999999729e-01 9.050859999999999461e-01 4.421999999999999716e-03 9.050939999999999541e-01 -4.252110000000000056e-01 1.949999999999999965e-04
3.000000000000000000e+01 2.600000000000000000e+01 8.000000000000000000e+00 0.000000000000000000e+00 1.600000000000000089e+00 1.131000000000000061e-03 -1.864999999999999904e-03 -9.999980000000000535e-01 4.244040000000000035e-01 9.054720000000000546e-01 -1.209000000000000005e-03 9.054720000000000546e-01 -4.244009999999999727e-01 1.815999999999999906e-03
1.000000000000000000e+00 1.400000000000000000e+01 9.000000000000000000e+00 0.000000000000000000e+00 1.600000000000000089e+00 2.615999999999999836e-03 7.627000000000000099e-03 -9.999670000000000503e-01 -5.589319999999999844e-01 -8.291770000000000529e-01 -7.786999999999999651e-03 -8.292089999999999739e-01 5.589340000000000419e-01 2.093999999999999941e-03
6.000000000000000000e+00 1.400000000000000000e+01 9.000000000000000000e+00 0.000000000000000000e+00 1.600000000000000089e+00 1.206000000000000041e-03 8.323999999999999802e-03 -9.999649999999999928e-01 -5.574109999999999898e-01 -8.302019999999999955e-01 -7.583000000000000330e-03 -8.302359999999999740e-01 5.574010000000000353e-01 3.638999999999999874e-03
9.000000000000000000e+00 1.400000000000000000e+01 9.000000000000000000e+00 0.000000000000000000e+00 1.600000000000000089e+00 8.450000000000000479e-04 -3.809999999999999910e-04 -1.000000000000000000e+00 -5.568440000000000056e-01 -8.306170000000000497e-01 -1.540000000000000028e-04 -8.306170000000000497e-01 5.568429999999999769e-01 -9.139999999999999904e-04
1.200000000000000000e+01 1.400000000000000000e+01 9.000000000000000000e+00 0.000000000000000000e+00 1.600000000000000089e+00 -1.019999999999999992e-04 -2.076999999999999853e-03 -9.999980000000000535e-01 -5.564179999999999682e-01 -8.308999999999999719e-01 1.781999999999999947e-03 -8.309020000000000294e-01 5.564170000000000504e-01 -1.069999999999999988e-03
1.800000000000000000e+01 1.400000000000000000e+01 9.000000000000000000e+00 0.000000000000000000e+00 1.600000000000000089e+00 -3.063999999999999883e-03 -1.236399999999999999e-02 -9.999190000000000023e-01 -5.586609999999999632e-01 -8.293099999999999916e-01 1.196599999999999921e-02 -8.293899999999999606e-01 5.586529999999999552e-01 -4.366000000000000089e-03
2.600000000000000000e+01 1.400000000000000000e+01 9.000000000000000000e+00 0.000000000000000000e+00 1.600000000000000089e+00 -2.876000000000000084e-03 -5.335000000000000332e-03 -9.999820000000000375e-01 -5.606759999999999522e-01 -8.280140000000000278e-01 6.029999999999999770e-03 -8.280309999999999615e-01 5.606830000000000425e-01 -6.099999999999999737e-04
1.100000000000000000e+01 1.020000000000000000e+02 9.000000000000000000e+00 0.000000000000000000e+00 1.600000000000000089e+00 8.100000000000000375e-05 2.102000000000000136e-03 9.999980000000000535e-01 9.253379999999999939e-01 3.791419999999999790e-01 -8.720000000000000537e-04 -3.791430000000000078e-01 9.253360000000000474e-01 -1.913999999999999903e-03
1.300000000000000000e+01 1.040000000000000000e+02 1.100000000000000000e+01 0.000000000000000000e+00 1.600000000000000089e+00 -2.155999999999999930e-03 -5.529999999999999976e-04 9.999980000000000535e-01 -9.733070000000000332e-01 -2.294940000000000035e-01 -2.224999999999999981e-03 2.294950000000000045e-01 -9.733100000000000085e-01 -4.300000000000000165e-05
5.000000000000000000e+00 3.200000000000000000e+01 1.400000000000000000e+01 0.000000000000000000e+00 1.600000000000000089e+00 2.390000000000000197e-03 -3.640000000000000115e-04 -9.999970000000000248e-01 1.095990000000000020e-01 9.939759999999999707e-01 -1.000000000000000048e-04 9.939729999999999954e-01 -1.095980000000000010e-01 2.416000000000000179e-03
1.300000000000000000e+01 3.200000000000000000e+01 1.400000000000000000e+01 0.000000000000000000e+00 1.600000000000000089e+00 -1.789400000000000018e-02 4.913599999999999912e-02 -9.986319999999999641e-01 9.186500000000000221e-02 9.946479999999999766e-01 4.729400000000000270e-02 9.956110000000000237e-01 -9.089300000000000157e-02 -2.231199999999999850e-02
1.700000000000000000e+01 3.200000000000000000e+01 1.400000000000000000e+01 0.000000000000000000e+00 1.600000000000000089e+00 1.870000000000000134e-02 -4.055700000000000277e-02 -9.990019999999999456e-01 9.216900000000000093e-02 9.949919999999999876e-01 -3.866900000000000198e-02 9.955680000000000085e-01 -9.135400000000000464e-02 2.234399999999999928e-02
6.000000000000000000e+00 1.200000000000000000e+01 1.500000000000000000e+01 0.000000000000000000e+00 1.600000000000000089e+00 2.475999999999999902e-03 2.790000000000000054e-04 -9.999970000000000248e-01 -4.647879999999999789e-01 -8.854210000000000136e-01 -1.397999999999999937e-03 -8.854189999999999561e-01 4.647899999999999809e-01 -2.062000000000000031e-03
2.800000000000000000e+01 1.200000000000000000e+01 1.500000000000000000e+01 0.000000000000000000e+00 1.600000000000000089e+00 -5.010000000000000347e-04 -6.529000000000000081e-03 -9.999789999999999512e-01 -4.635759999999999881e-01 -8.860369999999999635e-01 6.016999999999999779e-03 -8.860569999999999835e-01 4.635690000000000088e-01 -2.582000000000000094e-03
4.000000000000000000e+00 2.000000000000000000e+00 1.900000000000000000e+01 0.000000000000000000e+00 1.600000000000000089e+00 4.377999999999999947e-03 -7.805999999999999571e-03 -9.999599999999999600e-01 1.283030000000000004e-01 -9.917000000000000259e-01 8.302999999999999617e-03 -9.917249999999999677e-01 -1.283350000000000046e-01 -3.340000000000000087e-03
8.000000000000000000e+00 2.000000000000000000e+00 1.900000000000000000e+01 0.000000000000000000e+00 1.600000000000000089e+00 -4.139999999999999800e-04 -1.680000000000000070e-03 -9.999980000000000535e-01 1.258700000000000097e-01 -9.920449999999999546e-01 1.613999999999999983e-03 -9.920470000000000121e-01 -1.258690000000000087e-01 6.220000000000000485e-04
1.400000000000000000e+01 2.000000000000000000e+00 1.900000000000000000e+01 0.000000000000000000e+00 1.600000000000000089e+00 -1.356999999999999916e-03 4.174999999999999892e-03 -9.999900000000000455e-01 1.327830000000000121e-01 -9.911360000000000170e-01 -4.317999999999999790e-03 -9.911440000000000250e-01 -1.327879999999999894e-01 7.910000000000000364e-04
1.700000000000000000e+01 2.000000000000000000e+00 1.900000000000000000e+01 0.000000000000000000e+00 1.600000000000000089e+00 -7.209999999999999612e-04 5.075999999999999783e-03 -9.999869999999999592e-01 1.331789999999999918e-01 -9.910790000000000433e-01 -5.126000000000000348e-03 -9.910919999999999730e-01 -1.331809999999999938e-01 3.899999999999999929e-05
2.600000000000000000e+01 2.000000000000000000e+00 1.900000000000000000e+01 0.000000000000000000e+00 1.600000000000000089e+00 -2.149999999999999947e-04 -6.729999999999999871e-04 -1.000000000000000000e+00 1.365240000000000065e-01 -9.906369999999999898e-01 6.369999999999999794e-04 -9.906369999999999898e-01 -1.365240000000000065e-01 3.040000000000000167e-04
2.800000000000000000e+01 2.000000000000000000e+00 1.900000000000000000e+01 0.000000000000000000e+00 1.600000000000000089e+00 -8.000000000000000383e-04 -7.399999999999999623e-05 -1.000000000000000000e+00 1.397450000000000081e-01 -9.901879999999999571e-01 -3.899999999999999929e-05 -9.901870000000000394e-01 -1.397450000000000081e-01 8.030000000000000028e-04
5.000000000000000000e+00 1.300000000000000000e+01 2.000000000000000000e+01 0.000000000000000000e+00 1.600000000000000089e+00 -4.000000000000000327e-05 -5.982999999999999603e-03 9.999820000000000375e-01 2.477219999999999978e-01 9.688139999999999530e-01 5.806000000000000397e-03 -9.688309999999999977e-01 2.477179999999999938e-01 1.443000000000000055e-03
1.100000000000000000e+01 1.300000000000000000e+01 2.000000000000000000e+01 0.000000000000000000e+00 1.600000000000000089e+00 -4.710000000000000102e-04 7.129999999999999836e-04 1.000000000000000000e+00 2.488940000000000041e-01 9.685310000000000308e-01 -5.739999999999999660e-04 -9.685310000000000308e-01 2.488940000000000041e-01 -6.329999999999999906e-04
2.300000000000000000e+01 1.300000000000000000e+01 2.000000000000000000e+01 0.000000000000000000e+00 1.600000000000000089e+00 -1.987000000000000051e-03 -3.840000000000000097e-03 9.999909999999999632e-01 2.519190000000000040e-01 9.677390000000000159e-01 4.217000000000000262e-03 -9.677459999999999951e-01 2.519250000000000100e-01 -9.560000000000000355e-04
2.900000000000000000e+01 1.300000000000000000e+01 2.000000000000000000e+01 0.000000000000000000e+00 1.600000000000000089e+00 5.000000000000000409e-06 -5.196000000000000098e-03 9.999869999999999592e-01 2.510160000000000169e-01 9.679699999999999971e-01 5.028000000000000351e-03 -9.679830000000000378e-01 2.510129999999999861e-01 1.309000000000000051e-03
2.600000000000000000e+01 1.600000000000000000e+01 2.100000000000000000e+01 0.000000000000000000e+00 1.600000000000000089e+00 -6.589999999999999721e-04 -6.218999999999999702e-03 9.999799999999999800e-01 2.994680000000000120e-01 9.540870000000000184e-01 6.131000000000000165e-03 -9.541060000000000096e-01 2.994660000000000100e-01 1.234000000000000071e-03
4.000000000000000000e+00 4.600000000000000000e+01 2.700000000000000000e+01 0.000000000000000000e+00 1.600000000000000089e+00 1.620000000000000075e-04 1.869000000000000002e-03 -9.999980000000000535e-01 6.687140000000000306e-01 7.435180000000000122e-01 1.497999999999999983e-03 7.435199999999999587e-01 -6.687130000000000019e-01 -1.129999999999999928e-03
9.000000000000000000e+00 4.600000000000000000e+01 2.700000000000000000e+01 0.000000000000000000e+00 1.600000000000000089e+00 -2.961999999999999789e-03 -3.400000000000000244e-04 -9.999959999999999960e-01 6.703200000000000269e-01 7.420689999999999786e-01 -2.236999999999999839e-03 7.420660000000000034e-01 -6.703240000000000309e-01 -1.969999999999999963e-03
7.000000000000000000e+00 4.600000000000000000e+01 3.000000000000000000e+01 0.000000000000000000e+00 1.600000000000000089e+00 -1.160000000000000007e-03 -7.950000000000000252e-04 -9.999989999999999712e-01 3.301410000000000178e-01 9.439309999999999645e-01 -1.134000000000000025e-03 9.439309999999999645e-01 -3.301419999999999910e-01 -8.329999999999999731e-04
1.500000000000000000e+01 4.600000000000000000e+01 3.000000000000000000e+01 0.000000000000000000e+00 1.600000000000000089e+00 1.753000000000000001e-03 1.183999999999999940e-03 -9.999980000000000535e-01 3.275230000000000086e-01 9.448419999999999597e-01 1.693000000000000060e-03 9.448419999999999597e-01 -3.275250000000000106e-01 1.268000000000000030e-03
2.200000000000000000e+01 4.600000000000000000e+01 3.000000000000000000e+01 0.000000000000000000e+00 1.600000000000000089e+00 -8.319999999999999488e-04 -1.461999999999999975e-03 -9.999989999999999712e-01 3.233759999999999968e-01 9.462690000000000268e-01 -1.652000000000000040e-03 9.462699999999999445e-01 -3.233770000000000255e-01 -3.139999999999999888e-04
7.000000000000000000e+00 5.800000000000000000e+01 3.100000000000000000e+01 0.000000000000000000e+00 1.600000000000000089e+00 2.915000000000000056e-03 -1.036999999999999944e-03 9.999949999999999672e-01 -7.602069999999999661e-01 -6.496790000000000065e-01 1.541999999999999968e-03 6.496750000000000025e-01 -7.602079999999999949e-01 -2.683000000000000055e-03
1.100000000000000000e+01 5.800000000000000000e+01 3.100000000000000000e+01 0.000000000000000000e+00 1.600000000000000089e+00 1.920000000000000049e-03 -1.859999999999999945e-04 9.999980000000000535e-01 -7.607019999999999893e-01 -6.491000000000000103e-01 1.340000000000000045e-03 6.490989999999999815e-01 -7.607030000000000181e-01 -1.387999999999999911e-03
1.900000000000000000e+01 5.800000000000000000e+01 3.100000000000000000e+01 0.000000000000000000e+00 1.600000000000000089e+00 -3.618000000000000122e-03 -4.954000000000000070e-03 9.999810000000000088e-01 -7.700960000000000027e-01 -6.379010000000000513e-01 -5.947000000000000029e-03 6.379179999999999851e-01 -7.701029999999999820e-01 -1.507000000000000093e-03
2.200000000000000000e+01 5.800000000000000000e+01 3.100000000000000000e+01 0.000000000000000000e+00 1.600000000000000089e+00 -3.893000000000000193e-03 -4.836000000000000021e-03 9.999810000000000088e-01 -7.709120000000000417e-01 -6.369120000000000337e-01 -6.080999999999999600e-03 6.369299999999999962e-01 -7.709209999999999674e-01 -1.248999999999999893e-03
2.500000000000000000e+01 5.800000000000000000e+01 3.100000000000000000e+01 0.000000000000000000e+00 1.600000000000000089e+00 -5.505000000000000344e-03 -4.298999999999999870e-03 9.999759999999999760e-01 -7.688890000000000446e-01 -6.393440000000000234e-01 -6.981000000000000226e-03 6.393590000000000106e-01 -7.689089999999999536e-01 2.139999999999999975e-04
2.900000000000000000e+01 5.800000000000000000e+01 3.100000000000000000e+01 0.000000000000000000e+00 1.600000000000000089e+00 -5.257999999999999653e-03 -5.738000000000000045e-03 9.999700000000000255e-01 -7.692379999999999773e-01 -6.389160000000000394e-01 -7.710999999999999972e-03 6.389409999999999812e-01 -7.692550000000000221e-01 -1.054999999999999948e-03
7.000000000000000000e+00 6.000000000000000000e+00 3.200000000000000000e+01 0.000000000000000000e+00 1.600000000000000089e+00 2.066000000000000128e-03 -2.484000000000000097e-03 -9.999949999999999672e-01 2.433670000000000000e-01 9.699320000000000164e-01 -1.905999999999999925e-03 9.699320000000000164e-01 -2.433619999999999950e-01 2.608000000000000075e-03
1.000000000000000000e+01 6.000000000000000000e+00 3.200000000000000000e+01 0.000000000000000000e+00 1.600000000000000089e+00 8.589999999999999546e-04 -1.307999999999999918e-03 -9.999989999999999712e-01 2.445749999999999869e-01 9.696299999999999919e-01 -1.057999999999999913e-03 9.696299999999999919e-01 -2.445740000000000136e-01 1.152999999999999945e-03
2.500000000000000000e+01 6.000000000000000000e+00 3.200000000000000000e+01 0.000000000000000000e+00 1.600000000000000089e+00 1.636000000000000084e-03 2.213000000000000123e-03 -9.999959999999999960e-01 2.286299999999999999e-01 9.735099999999999865e-01 2.527999999999999865e-03 9.735120000000000440e-01 -2.286330000000000029e-01 1.087000000000000076e-03
1.100000000000000000e+01 2.200000000000000000e+01 3.400000000000000000e+01 0.000000000000000000e+00 1.600000000000000089e+00 6.870000000000000022e-04 -1.744000000000000107e-03 9.999980000000000535e-01 3.787800000000000056e-01 -9.254850000000000021e-01 -1.874999999999999931e-03 9.254869999999999486e-01 3.787800000000000056e-01 2.500000000000000120e-05
4.000000000000000000e+00 4.600000000000000000e+01 3.500000000000000000e+01 0.000000000000000000e+00 1.600000000000000089e+00 -1.219999999999999974e-04 -3.579999999999999741e-04 -1.000000000000000000e+00 3.849690000000000056e-01 -9.229289999999999994e-01 2.829999999999999942e-04 -9.229300000000000281e-01 -3.849690000000000056e-01 2.500000000000000052e-04
9.000000000000000000e+00 4.600000000000000000e+01 3.500000000000000000e+01 0.000000000000000000e+00 1.600000000000000089e+00 -1.613999999999999983e-03 4.903000000000000240e-03 -9.999869999999999592e-01 3.858050000000000090e-01 -9.225659999999999972e-01 -5.146000000000000400e-03 -9.225790000000000379e-01 -3.858079999999999843e-01 -4.029999999999999837e-04
1.700000000000000000e+01 4.600000000000000000e+01 3.500000000000000000e+01 0.000000000000000000e+00 1.600000000000000089e+00 -8.720000000000000537e-04 -9.899999999999999404e-05 -1.000000000000000000e+00 3.871859999999999746e-01 -9.220009999999999595e-01 -2.460000000000000164e-04 -9.220009999999999595e-01 -3.871859999999999746e-01 8.429999999999999993e-04
2.200000000000000000e+01 4.600000000000000000e+01 3.500000000000000000e+01 0.000000000000000000e+00 1.600000000000000089e+00 -1.700000000000000122e-04 -5.178000000000000311e-03 -9.999869999999999592e-01 3.853269999999999751e-01 -9.227680000000000327e-01 4.713000000000000175e-03 -9.227800000000000447e-01 -3.853210000000000246e-01 2.151999999999999833e-03
2.700000000000000000e+01 4.600000000000000000e+01 3.500000000000000000e+01 0.000000000000000000e+00 1.600000000000000089e+00 -8.689999999999999808e-04 1.214999999999999934e-03 -9.999989999999999712e-01 3.845959999999999934e-01 -9.230840000000000156e-01 -1.456000000000000046e-03 -9.230850000000000444e-01 -3.845970000000000222e-01 3.350000000000000113e-04
6.000000000000000000e+00 9.500000000000000000e+01 3.600000000000000000e+01 0.000000000000000000e+00 1.600000000000000089e+00 2.327000000000000075e-03 6.858999999999999646e-03 9.999740000000000295e-01 9.962109999999999577e-01 8.692199999999999926e-02 -2.913999999999999924e-03 -8.694000000000000339e-02 9.961919999999999664e-01 -6.629999999999999609e-03
1.000000000000000000e+01 9.500000000000000000e+01 3.600000000000000000e+01 0.000000000000000000e+00 1.600000000000000089e+00 -4.898999999999999709e-03 2.164999999999999824e-03 9.999860000000000415e-01 9.961769999999999792e-01 8.723300000000000498e-02 4.690999999999999857e-03 -8.722100000000000686e-02 9.961860000000000159e-01 -2.583999999999999925e-03
1.900000000000000000e+01 9.500000000000000000e+01 3.600000000000000000e+01 0.000000000000000000e+00 1.600000000000000089e+00 -3.648000000000000201e-03 -7.522000000000000040e-03 9.999649999999999928e-01 9.963199999999999834e-01 8.560600000000000154e-02 4.278999999999999818e-03 -8.563500000000000278e-02 9.963009999999999922e-01 7.182000000000000016e-03
2.400000000000000000e+01 9.500000000000000000e+01 3.600000000000000000e+01 0.000000000000000000e+00 1.600000000000000089e+00 -7.870000000000000476e-04 -3.128999999999999837e-03 9.999949999999999672e-01 9.963509999999999867e-01 8.534700000000000619e-02 1.051000000000000068e-03 -8.534999999999999531e-02 9.963459999999999539e-01 3.050000000000000194e-03
2.700000000000000000e+01 9.500000000000000000e+01 3.600000000000000000e+01 0.000000000000000000e+00 1.600000000000000089e+00 1.476000000000000098e-03 -1.304800000000000057e-02 9.999139999999999695e-01 9.960849999999999982e-01 8.839700000000000335e-02 -3.170000000000000075e-04 -8.838500000000000523e-02 9.959999999999999964e-01 1.312800000000000078e-02
4.000000000000000000e+00 3.000000000000000000e+00 4.300000000000000000e+01 0.000000000000000000e+00 1.600000000000000089e+00 3.125000000000000173e-03 3.912399999999999906e-02 -9.992290000000000338e-01 7.349529999999999674e-01 -6.776849999999999818e-01 -2.423499999999999960e-02 -6.781110000000000193e-01 -7.343110000000000470e-01 -3.087200000000000014e-02
9.000000000000000000e+00 3.000000000000000000e+00 4.300000000000000000e+01 0.000000000000000000e+00 1.600000000000000089e+00 1.948999999999999995e-03 6.507999999999999896e-03 -9.999770000000000048e-01 7.372469999999999857e-01 -6.756170000000000231e-01 -2.959999999999999958e-03 -6.756210000000000271e-01 -7.372239999999999904e-01 -6.114999999999999776e-03
1.400000000000000000e+01 3.000000000000000000e+00 4.300000000000000000e+01 0.000000000000000000e+00 1.600000000000000089e+00 8.850000000000000444e-04 1.059099999999999972e-02 -9.999430000000000263e-01 7.384619999999999518e-01 -6.742629999999999457e-01 -6.487999999999999844e-03 -6.742939999999999490e-01 -7.384150000000000436e-01 -8.418000000000000135e-03
2.100000000000000000e+01 3.000000000000000000e+00 4.300000000000000000e+01 0.000000000000000000e+00 1.600000000000000089e+00 -1.389999999999999905e-04 -1.557999999999999923e-03 -9.999989999999999712e-01 7.358660000000000201e-01 -6.771270000000000344e-01 9.520000000000000467e-04 -6.771270000000000344e-01 -7.358649999999999913e-01 1.240999999999999916e-03
2.900000000000000000e+01 3.000000000000000000e+00 4.300000000000000000e+01 0.000000000000000000e+00 1.600000000000000089e+00 4.588000000000000064e-03 7.677999999999999929e-03 -9.999599999999999600e-01 7.376589999999999536e-01 -6.751709999999999656e-01 -1.799999999999999951e-03 -6.751570000000000071e-01 -7.376219999999999999e-01 -8.760999999999999691e-03
6.000000000000000000e+00 8.000000000000000000e+00 4.400000000000000000e+01 0.000000000000000000e+00 1.600000000000000089e+00 2.971999999999999816e-03 1.126699999999999924e-02 9.999320000000000430e-01 -7.712099999999999511e-01 -6.365100000000000202e-01 9.464000000000000190e-03 6.365730000000000555e-01 -7.711860000000000381e-01 6.798000000000000223e-03
1.000000000000000000e+01 8.000000000000000000e+00 4.400000000000000000e+01 0.000000000000000000e+00 1.600000000000000089e+00 1.144000000000000052e-03 5.431000000000000064e-03 9.999850000000000128e-01 -7.735670000000000046e-01 -6.337000000000000410e-01 4.325999999999999984e-03 6.337139999999999995e-01 -7.735600000000000254e-01 3.475999999999999923e-03
2.900000000000000000e+01 8.000000000000000000e+00 4.400000000000000000e+01 0.000000000000000000e+00 1.600000000000000089e+00 3.980000000000000248e-04 4.062999999999999771e-03 9.999919999999999920e-01 -7.663790000000000324e-01 -6.423820000000000086e-01 2.916000000000000189e-03 6.423889999999999878e-01 -7.663739999999999997e-01 2.857999999999999863e-03
3.000000000000000000e+00 2.900000000000000000e+01 4.400000000000000000e+01 0.000000000000000000e+00 1.600000000000000089e+00 5.500000000000000196e-05 1.909000000000000107e-03 -9.999980000000000535e-01 6.695990000000000553e-01 7.427219999999999933e-01 1.454999999999999913e-03 7.427230000000000221e-01 -6.695980000000000265e-01 -1.237000000000000035e-03
1.000000000000000000e+01 2.900000000000000000e+01 4.400000000000000000e+01 0.000000000000000000e+00 1.600000000000000089e+00 -9.650000000000000374e-04 2.086999999999999880e-03 -9.999970000000000248e-01 6.579420000000000268e-01 7.530679999999999596e-01 9.370000000000000074e-04 7.530679999999999596e-01 -6.579399999999999693e-01 -2.099999999999999870e-03
1.300000000000000000e+01 2.900000000000000000e+01 4.400000000000000000e+01 0.000000000000000000e+00 1.600000000000000089e+00 -1.283000000000000069e-03 -1.920999999999999965e-03 -9.999970000000000248e-01 6.579300000000000148e-01 7.530759999999999676e-01 -2.289999999999999935e-03 7.530780000000000252e-01 -6.579310000000000436e-01 2.979999999999999793e-04
2.100000000000000000e+01 2.900000000000000000e+01 4.400000000000000000e+01 0.000000000000000000e+00 1.600000000000000089e+00 -1.200000000000000030e-04 -4.255000000000000102e-03 -9.999909999999999632e-01 6.598840000000000261e-01 7.513600000000000279e-01 -3.276999999999999965e-03 7.513670000000000071e-01 -6.598789999999999933e-01 2.716999999999999797e-03
2.400000000000000000e+01 2.900000000000000000e+01 4.400000000000000000e+01 0.000000000000000000e+00 1.600000000000000089e+00 -1.239000000000000084e-03 -7.261000000000000093e-03 -9.999730000000000008e-01 6.594130000000000269e-01 7.517549999999999510e-01 -6.276000000000000328e-03 7.517800000000000038e-01 -6.594029999999999614e-01 3.857000000000000185e-03
2.800000000000000000e+01 2.900000000000000000e+01 4.400000000000000000e+01 0.000000000000000000e+00 1.600000000000000089e+00 9.909999999999999105e-04 -4.350999999999999833e-03 -9.999900000000000455e-01 6.573980000000000379e-01 7.535389999999999588e-01 -2.626999999999999995e-03 7.535429999999999628e-01 -6.573890000000000011e-01 3.606999999999999963e-03
2.000000000000000000e+00 5.400000000000000000e+01 4.600000000000000000e+01 0.000000000000000000e+00 1.600000000000000089e+00 2.880000000000000181e-03 3.454000000000000039e-03 9.999900000000000455e-01 3.244989999999999819e-01 -9.458830000000000293e-01 2.331999999999999872e-03 9.458820000000000006e-01 3.244879999999999987e-01 -3.844999999999999894e-03
9.000000000000000000e+00 5.400000000000000000e+01 4.600000000000000000e+01 0.000000000000000000e+00 1.600000000000000089e+00 1.051000000000000068e-03 -3.484999999999999817e-03 9.999930000000000208e-01 3.572989999999999777e-01 -9.339830000000000076e-01 -3.629999999999999980e-03 9.339889999999999581e-01 3.573009999999999797e-01 2.629999999999999959e-04
1.100000000000000000e+01 6.500000000000000000e+01 4.600000000000000000e+01 0.000000000000000000e+00 1.600000000000000089e+00 -2.549000000000000050e-03 3.713000000000000154e-03 9.999900000000000455e-01 6.818539999999999601e-01 -7.314749999999999863e-01 4.453999999999999626e-03 7.314840000000000231e-01 6.818579999999999641e-01 -6.669999999999999497e-04
2.400000000000000000e+01 7.000000000000000000e+01 4.700000000000000000e+01 0.000000000000000000e+00 1.600000000000000089e+00 -1.740000000000000010e-04 1.312000000000000015e-03 -9.999989999999999712e-01 -8.429090000000000193e-01 -5.380559999999999787e-01 -5.590000000000000351e-04 -5.380559999999999787e-01 8.429079999999999906e-01 1.198999999999999979e-03
6.000000000000000000e+00 5.000000000000000000e+00 5.100000000000000000e+01 0.000000000000000000e+00 1.600000000000000089e+00 3.353000000000000078e-03 1.120999999999999948e-02 -9.999320000000000430e-01 4.903640000000000221e-01 -8.714800000000000324e-01 -8.125999999999999543e-03 -8.715110000000000356e-01 -4.903029999999999888e-01 -8.418999999999999401e-03
2.200000000000000000e+01 1.500000000000000000e+01 5.300000000000000000e+01 0.000000000000000000e+00 1.600000000000000089e+00 2.260999999999999989e-03 3.902999999999999785e-03 -9.999900000000000455e-01 6.755710000000000326e-01 7.372819999999999929e-01 4.405000000000000061e-03 7.372910000000000297e-01 -6.755740000000000078e-01 -9.700000000000000505e-04
5.000000000000000000e+00 6.300000000000000000e+01 5.400000000000000000e+01 0.000000000000000000e+00 1.600000000000000089e+00 -1.329000000000000103e-03 -1.340000000000000045e-04 9.999989999999999712e-01 -3.434059999999999890e-01 9.391869999999999941e-01 -3.310000000000000225e-04 -9.391859999999999653e-01 -3.434059999999999890e-01 -1.294000000000000011e-03
1.000000000000000000e+01 6.300000000000000000e+01 5.400000000000000000e+01 0.000000000000000000e+00 1.600000000000000089e+00 5.270000000000000162e-04 -1.018999999999999941e-03 9.999989999999999712e-01 -3.423109999999999764e-01 9.395860000000000323e-01 1.137999999999999906e-03 -9.395869999999999500e-01 -3.423109999999999764e-01 1.459999999999999981e-04
2.100000000000000000e+01 6.300000000000000000e+01 5.400000000000000000e+01 0.000000000000000000e+00 1.600000000000000089e+00 1.108000000000000044e-03 -1.363000000000000062e-03 9.999989999999999712e-01 -3.572949999999999737e-01 9.339899999999999869e-01 1.668999999999999911e-03 -9.339910000000000156e-01 -3.572960000000000025e-01 5.479999999999999845e-04
2.700000000000000000e+01 6.300000000000000000e+01 5.400000000000000000e+01 0.000000000000000000e+00 1.600000000000000089e+00 -1.789999999999999925e-03 -3.540999999999999877e-03 9.999919999999999920e-01 -3.542100000000000248e-01 9.351620000000000488e-01 2.677000000000000126e-03 -9.351639999999999953e-01 -3.542029999999999901e-01 -2.928000000000000047e-03
7.000000000000000000e+00 2.500000000000000000e+01 5.500000000000000000e+01 0.000000000000000000e+00 1.600000000000000089e+00 -3.110000000000000243e-04 7.380000000000000492e-04 -1.000000000000000000e+00 -9.813999999999999807e-03 -9.999519999999999520e-01 -7.349999999999999763e-04 -9.999519999999999520e-01 9.813999999999999807e-03 3.179999999999999776e-04
1.200000000000000000e+01 2.500000000000000000e+01 5.500000000000000000e+01 0.000000000000000000e+00 1.600000000000000089e+00 7.370000000000000249e-04 1.998000000000000210e-03 -9.999980000000000535e-01 -1.000000000000000021e-02 -9.999479999999999480e-01 -2.004999999999999838e-03 -9.999500000000000055e-01 1.000200000000000047e-02 -7.169999999999999724e-04
1.600000000000000000e+01 2.500000000000000000e+01 5.500000000000000000e+01 0.000000000000000000e+00 1.600000000000000089e+00 -2.660000000000000146e-04 8.799999999999999771e-05 -1.000000000000000000e+00 -1.072999999999999995e-02 -9.999419999999999975e-01 -8.500000000000000611e-05 -9.999419999999999975e-01 1.072999999999999995e-02 2.669999999999999847e-04
2.300000000000000000e+01 2.500000000000000000e+01 5.500000000000000000e+01 0.000000000000000000e+00 1.600000000000000089e+00 9.899999999999999404e-05 2.445000000000000125e-03 -9.999970000000000248e-01 -9.440999999999999739e-03 -9.999519999999999520e-01 -2.445999999999999824e-03 -9.999550000000000383e-01 9.440999999999999739e-03 -7.600000000000000418e-05
3.000000000000000000e+01 2.500000000000000000e+01 5.500000000000000000e+01 0.000000000000000000e+00 1.600000000000000089e+00 -1.990000000000000124e-04 -6.008000000000000319e-03 -9.999820000000000375e-01 -1.077299999999999959e-02 -9.999240000000000350e-01 6.009999999999999717e-03 -9.999419999999999975e-01 1.077400000000000059e-02 1.340000000000000045e-04
1.100000000000000000e+01 7.000000000000000000e+00 6.000000000000000000e+01 0.000000000000000000e+00 1.600000000000000089e+00 1.459999999999999926e-03 7.156000000000000034e-03 9.999730000000000008e-01 5.663949999999999818e-01 -8.241180000000000172e-01 5.070999999999999987e-03 8.241319999999999757e-01 5.663730000000000153e-01 -5.256000000000000255e-03
1.700000000000000000e+01 7.000000000000000000e+00 6.000000000000000000e+01 0.000000000000000000e+00 1.600000000000000089e+00 1.759999999999999954e-04 5.572999999999999829e-03 9.999850000000000128e-01 5.655240000000000267e-01 -8.247189999999999799e-01 4.497000000000000129e-03 8.247320000000000206e-01 5.655149999999999899e-01 -3.295999999999999885e-03
2.100000000000000000e+01 7.000000000000000000e+00 6.000000000000000000e+01 0.000000000000000000e+00 1.600000000000000089e+00 4.065000000000000037e-03 3.818000000000000213e-03 9.999850000000000128e-01 5.622580000000000355e-01 -8.269609999999999461e-01 8.720000000000000537e-04 8.269520000000000204e-01 5.622460000000000235e-01 -5.507999999999999875e-03
3.000000000000000000e+00 2.100000000000000000e+01 6.000000000000000000e+01 0.000000000000000000e+00 1.600000000000000089e+00 1.991000000000000148e-03 1.162599999999999918e-02 9.999299999999999855e-01 -9.704500000000000626e-02 9.952149999999999608e-01 -1.137799999999999923e-02 -9.952779999999999960e-01 -9.701500000000000401e-02 3.109999999999999917e-03
1.900000000000000000e+01 2.100000000000000000e+01 6.000000000000000000e+01 0.000000000000000000e+00 1.600000000000000089e+00 -7.150000000000000322e-04 8.989999999999999511e-04 9.999989999999999712e-01 -9.750100000000000433e-02 9.952349999999999808e-01 -9.640000000000000131e-04 -9.952349999999999808e-01 -9.750200000000000533e-02 -6.239999999999999887e-04
2.300000000000000000e+01 2.100000000000000000e+01 6.000000000000000000e+01 0.000000000000000000e+00 1.600000000000000089e+00 -2.280000000000000126e-04 2.373999999999999808e-03 9.999970000000000248e-01 -9.704400000000000526e-02 9.952769999999999673e-01 -2.384999999999999967e-03 -9.952800000000000535e-01 -9.704400000000000526e-02 3.000000000000000076e-06
1.000000000000000000e+01 6.000000000000000000e+00 6.100000000000000000e+01 0.000000000000000000e+00 1.600000000000000089e+00 4.169999999999999987e-04 2.286999999999999970e-03 9.999970000000000248e-01 5.589490000000000292e-01 -8.292000000000000481e-01 1.663999999999999898e-03 8.292019999999999946e-01 5.589469999999999716e-01 -1.624000000000000010e-03
1.700000000000000000e+01 4.000000000000000000e+00 6.200000000000000000e+01 0.000000000000000000e+00 1.600000000000000089e+00 -1.378000000000000102e-03 -5.689999999999999529e-04 9.999989999999999712e-01 -6.175749999999999851e-01 7.865119999999999889e-01 -4.029999999999999837e-04 -7.865109999999999602e-01 -6.175749999999999851e-01 -1.435000000000000078e-03
2.800000000000000000e+01 4.000000000000000000e+00 6.200000000000000000e+01 0.000000000000000000e+00 1.600000000000000089e+00 -1.716999999999999993e-03 6.620000000000000016e-03 9.999770000000000048e-01 -6.163490000000000357e-01 7.874480000000000368e-01 -6.270999999999999665e-03 -7.874710000000000321e-01 -6.163459999999999495e-01 2.727999999999999956e-03
4.000000000000000000e+00 2.700000000000000000e+01 6.300000000000000000e+01 0.000000000000000000e+00 1.600000000000000089e+00 8.350000000000000217e-04 4.668000000000000274e-03 9.999890000000000168e-01 -2.775449999999999862e-01 9.607029999999999736e-01 -4.252999999999999836e-03 -9.607120000000000104e-01 -2.775380000000000069e-01 2.098000000000000038e-03
7.000000000000000000e+00 2.700000000000000000e+01 6.300000000000000000e+01 0.000000000000000000e+00 1.600000000000000089e+00 1.167000000000000069e-03 2.524999999999999901e-03 9.999959999999999960e-01 -2.773340000000000249e-01 9.607710000000000417e-01 -2.102000000000000136e-03 -9.607729999999999881e-01 -2.773300000000000209e-01 1.822000000000000052e-03
1.200000000000000000e+01 2.700000000000000000e+01 6.300000000000000000e+01 0.000000000000000000e+00 1.600000000000000089e+00 8.620000000000000275e-04 4.185000000000000352e-03 9.999909999999999632e-01 -2.798519999999999897e-01 9.600360000000000005e-01 -3.775999999999999843e-03 -9.600429999999999797e-01 -2.798459999999999837e-01 1.998999999999999909e-03
1.700000000000000000e+01 2.700000000000000000e+01 6.300000000000000000e+01 0.000000000000000000e+00 1.600000000000000089e+00 -2.020000000000000094e-03 1.041999999999999958e-03 9.999970000000000248e-01 -2.772160000000000180e-01 9.608060000000000489e-01 -1.561000000000000104e-03 -9.608060000000000489e-01 -2.772180000000000200e-01 -1.652000000000000040e-03
2.300000000000000000e+01 2.700000000000000000e+01 6.300000000000000000e+01 0.000000000000000000e+00 1.600000000000000089e+00 2.210000000000000159e-03 -1.431999999999999896e-03 9.999970000000000248e-01 -2.713240000000000096e-01 9.624859999999999527e-01 1.978000000000000157e-03 -9.624859999999999527e-01 -2.713269999999999849e-01 1.737999999999999962e-03
2.900000000000000000e+01 2.700000000000000000e+01 6.300000000000000000e+01 0.000000000000000000e+00 1.600000000000000089e+00 1.428000000000000016e-03 -1.119099999999999956e-02 9.999360000000000470e-01 -2.758619999999999961e-01 9.611330000000000151e-01 1.115099999999999945e-02 -9.611960000000000504e-01 -2.758599999999999941e-01 -1.714999999999999945e-03
2.000000000000000000e+00 2.600000000000000000e+01 6.400000000000000000e+01 0.000000000000000000e+00 1.600000000000000089e+00 7.439999999999999782e-04 1.015600000000000010e-02 9.999479999999999480e-01 -3.503160000000000163e-01 9.365860000000000296e-01 -9.251999999999999807e-03 -9.366309999999999913e-01 -3.502910000000000190e-01 4.255000000000000102e-03
8.000000000000000000e+00 2.600000000000000000e+01 6.400000000000000000e+01 0.000000000000000000e+00 1.600000000000000089e+00 1.458000000000000095e-03 3.906000000000000184e-03 9.999909999999999632e-01 -3.475179999999999936e-01 9.376679999999999460e-01 -3.155999999999999951e-03 -9.376719999999999500e-01 -3.475110000000000143e-01 2.723999999999999859e-03
1.300000000000000000e+01 2.600000000000000000e+01 6.400000000000000000e+01 0.000000000000000000e+00 1.600000000000000089e+00 3.910000000000000172e-04 3.059000000000000087e-03 9.999949999999999672e-01 -3.475119999999999876e-01 9.376710000000000322e-01 -2.732000000000000053e-03 -9.376750000000000362e-01 -3.475090000000000123e-01 1.428999999999999932e-03
1.700000000000000000e+01 2.600000000000000000e+01 6.400000000000000000e+01 0.000000000000000000e+00 1.600000000000000089e+00 -2.805999999999999901e-03 5.169999999999999899e-04 9.999959999999999960e-01 -3.438709999999999822e-01 9.390159999999999618e-01 -1.451000000000000033e-03 -9.390129999999999866e-01 -3.438740000000000130e-01 -2.458000000000000115e-03
2.300000000000000000e+01 2.600000000000000000e+01 6.400000000000000000e+01 0.000000000000000000e+00 1.600000000000000089e+00 1.936000000000000004e-03 -3.632999999999999945e-03 9.999909999999999632e-01 -3.405759999999999899e-01 9.402080000000000437e-01 4.074999999999999629e-03 -9.402150000000000230e-01 -3.405810000000000226e-01 5.829999999999999679e-04
2.800000000000000000e+01 2.600000000000000000e+01 6.400000000000000000e+01 0.000000000000000000e+00 1.600000000000000089e+00 3.729000000000000110e-03 -1.122300000000000034e-02 9.999299999999999855e-01 -3.428840000000000221e-01 9.393029999999999990e-01 1.182099999999999991e-02 -9.393700000000000383e-01 -3.429039999999999866e-01 -3.460000000000000076e-04
