2.600000000000000000e+01 2.500000000000000000e+01 1.000000000000000000e+00 0.000000000000000000e+00 1.600000000000000089e+00 -2.141000000000000108e-03 6.004999999999999921e-03 -9.999799999999999800e-01 -5.342719999999999692e-01 -8.453030000000000266e-01 -3.931999999999999731e-03 -8.453100000000000058e-01 5.342529999999999779e-01 5.019000000000000024e-03
3.000000000000000000e+00 1.500000000000000000e+01 4.000000000000000000e+00 0.000000000000000000e+00 1.600000000000000089e+00 3.491999999999999878e-03 -1.755000000000000050e-03 9.999919999999999920e-01 3.264529999999999932e-01 -9.452089999999999659e-01 -2.798999999999999839e-03 9.452070000000000194e-01 3.264599999999999724e-01 -2.727999999999999956e-03
9.000000000000000000e+00 1.500000000000000000e+01 4.000000000000000000e+00 0.000000000000000000e+00 1.600000000000000089e+00 -5.984999999999999869e-03 -1.029799999999999986e-02 9.999289999999999567e-01 3.212809999999999833e-01 -9.469520000000000159e-01 -7.830000000000000154e-03 9.469649999999999457e-01 3.212110000000000243e-01 8.975999999999999604e-03
1.200000000000000000e+01 1.500000000000000000e+01 4.000000000000000000e+00 0.000000000000000000e+00 1.600000000000000089e+00 -4.255000000000000102e-03 -1.366999999999999986e-02 9.998979999999999535e-01 3.192849999999999855e-01 -9.475879999999999859e-01 -1.159600000000000040e-02 9.476489999999999636e-01 3.192030000000000145e-01 8.396999999999999950e-03
1.500000000000000000e+01 1.500000000000000000e+01 4.000000000000000000e+00 0.000000000000000000e+00 1.600000000000000089e+00 8.909999999999999734e-04 -9.391000000000000042e-03 9.999550000000000383e-01 3.202860000000000151e-01 -9.472760000000000069e-01 -9.181999999999999190e-03 9.473200000000000509e-01 3.202800000000000091e-01 2.164000000000000125e-03
2.400000000000000000e+01 1.500000000000000000e+01 4.000000000000000000e+00 0.000000000000000000e+00 1.600000000000000089e+00 -3.021999999999999947e-03 -1.296699999999999936e-02 9.999109999999999943e-01 3.249889999999999723e-01 -9.456499999999999906e-01 -1.128099999999999936e-02 9.457130000000000258e-01 3.249259999999999926e-01 7.072000000000000161e-03
2.700000000000000000e+01 1.500000000000000000e+01 4.000000000000000000e+00 0.000000000000000000e+00 1.600000000000000089e+00 7.579999999999999932e-04 -3.879000000000000069e-03 9.999919999999999920e-01 3.276830000000000020e-01 -9.447799999999999532e-01 -3.912999999999999812e-03 9.447879999999999612e-01 3.276830000000000020e-01 5.550000000000000462e-04
3.000000000000000000e+00 1.900000000000000000e+01 5.000000000000000000e+00 0.000000000000000000e+00 1.600000000000000089e+00 -1.744000000000000107e-03 -3.462999999999999932e-03 -9.999919999999999920e-01 -6.735900000000000221e-01 -7.390959999999999752e-01 3.735000000000000039e-03 -7.391029999999999545e-01 6.735910000000000508e-01 -1.044000000000000006e-03
2.600000000000000000e+01 8.700000000000000000e+01 6.000000000000000000e+00 0.000000000000000000e+00 1.600000000000000089e+00 -6.707670000000000021e-01 -6.225880000000000303e-01 -4.030590000000000006e-01 -7.401659999999999906e-01 5.965000000000000302e-01 3.103890000000000260e-01 4.717999999999999972e-02 5.065300000000000358e-01 -8.609310000000000018e-01
2.700000000000000000e+01 8.600000000000000000e+01 7.000000000000000000e+00 0.000000000000000000e+00 1.600000000000000089e+00 -6.720829999999999860e-01 -6.638690000000000424e-01 -3.279969999999999830e-01 -7.404119999999999591e-01 6.082920000000000549e-01 2.859559999999999880e-01 9.681000000000000369e-03 4.350390000000000090e-01 -9.003590000000000204e-01
6.000000000000000000e+00 1.010000000000000000e+02 7.000000000000000000e+00 0.000000000000000000e+00 1.600000000000000089e+00 -1.965999999999999866e-03 -5.241400000000000226e-02 9.986230000000000384e-01 8.807850000000000401e-01 4.727720000000000256e-01 2.654799999999999868e-02 -4.735130000000000172e-01 8.796239999999999615e-01 4.523699999999999943e-02
1.000000000000000000e+00 2.500000000000000000e+01 8.000000000000000000e+00 0.000000000000000000e+00 1.600000000000000089e+00 -5.860000000000000408e-04 8.699999999999999400e-03 -9.999620000000000175e-01 4.553420000000000245e-01 8.902849999999999930e-01 7.479000000000000405e-03 8.903159999999999963e-01 -4.553200000000000025e-01 -4.484000000000000138e-03
1.100000000000000000e+01 2.500000000000000000e+01 8.000000000000000000e+00 0.000000000000000000e+00 1.600000000000000089e+00 5.039999999999999992e-04 -1.144599999999999958e-02 -9.999339999999999895e-01 4.528960000000000208e-01 8.915079999999999671e-01 -9.976000000000000492e-03 8.915629999999999944e-01 -4.528610000000000135e-01 5.632999999999999986e-03
1.900000000000000000e+01 2.500000000000000000e+01 8.000000000000000000e+00 0.000000000000000000e+00 1.600000000000000089e+00 1.567999999999999949e-03 3.999999999999999819e-06 -9.999989999999999712e-01 4.528429999999999955e-01 8.915899999999999936e-01 7.140000000000000079e-04 8.915889999999999649e-01 -4.528440000000000243e-01 1.396000000000000105e-03
2.300000000000000000e+01 2.500000000000000000e+01 8.000000000000000000e+00 0.000000000000000000e+00 1.600000000000000089e+00 1.056000000000000081e-03 2.993000000000000001e-03 -9.999949999999999672e-01 4.519409999999999816e-01 8.920420000000000016e-01 3.147000000000000058e-03 8.920470000000000343e-01 -4.519420000000000104e-01 -4.099999999999999912e-04
2.800000000000000000e+01 2.500000000000000000e+01 8.000000000000000000e+00 0.000000000000000000e+00 1.600000000000000089e+00 3.480000000000000020e-04 -2.520999999999999804e-03 -9.999970000000000248e-01 4.526769999999999960e-01 8.916720000000000201e-01 -2.089999999999999844e-03 8.916739999999999666e-01 -4.526749999999999940e-01 1.451000000000000033e-03
6.000000000000000000e+00 2.400000000000000000e+01 9.000000000000000000e+00 0.000000000000000000e+00 1.600000000000000089e+00 7.110000000000000434e-04 2.349999999999999930e-04 -1.000000000000000000e+00 4.579360000000000097e-01 8.889850000000000252e-01 5.339999999999999695e-04 8.889850000000000252e-01 -4.579360000000000097e-01 5.249999999999999676e-04
1.200000000000000000e+01 2.400000000000000000e+01 9.000000000000000000e+00 0.000000000000000000e+00 1.600000000000000089e+00 9.929999999999999591e-04 -6.393000000000000245e-03 -9.999789999999999512e-01 4.568710000000000271e-01 8.895180000000000309e-01 -5.232999999999999804e-03 8.895319999999999894e-01 -4.568559999999999843e-01 3.804000000000000090e-03
1.800000000000000000e+01 2.400000000000000000e+01 9.000000000000000000e+00 0.000000000000000000e+00 1.600000000000000089e+00 1.624000000000000010e-03 2.112000000000000162e-03 -9.999959999999999960e-01 4.564289999999999736e-01 8.897559999999999913e-01 2.621000000000000066e-03 8.897580000000000489e-01 -4.564320000000000044e-01 4.809999999999999823e-04
2.700000000000000000e+01 2.400000000000000000e+01 9.000000000000000000e+00 0.000000000000000000e+00 1.600000000000000089e+00 1.299999999999999920e-05 2.329999999999999986e-04 -1.000000000000000000e+00 4.551450000000000218e-01 8.904170000000000140e-01 2.130000000000000003e-04 8.904170000000000140e-01 -4.551450000000000218e-01 -9.399999999999999448e-05
2.500000000000000000e+01 8.900000000000000000e+01 9.000000000000000000e+00 0.000000000000000000e+00 1.600000000000000089e+00 -9.262550000000000505e-01 -9.714999999999999677e-03 -3.767719999999999958e-01 -1.219340000000000007e-01 9.536310000000000064e-01 2.751720000000000277e-01 3.566280000000000006e-01 3.008210000000000051e-01 -8.844899999999999984e-01
6.000000000000000000e+00 1.200000000000000000e+01 1.000000000000000000e+01 0.000000000000000000e+00 1.600000000000000089e+00 -4.249999999999999763e-04 -4.891999999999999647e-03 -9.999879999999999880e-01 -5.511430000000000495e-01 -8.343990000000000018e-01 4.316000000000000392e-03 -8.344110000000000138e-01 5.511380000000000168e-01 -2.341999999999999898e-03
2.000000000000000000e+00 3.500000000000000000e+01 1.200000000000000000e+01 0.000000000000000000e+00 1.600000000000000089e+00 3.310000000000000008e-03 -7.399000000000000195e-03 -9.999670000000000503e-01 3.923150000000000248e-01 -9.197950000000000292e-01 8.104000000000000092e-03 -9.198250000000000037e-01 -3.923289999999999833e-01 -1.420000000000000092e-04
2.100000000000000000e+01 3.500000000000000000e+01 1.200000000000000000e+01 0.000000000000000000e+00 1.600000000000000089e+00 -6.908000000000000078e-03 7.637999999999999824e-03 -9.999470000000000303e-01 4.442280000000000117e-01 -8.958589999999999609e-01 -9.912000000000000671e-03 -8.958869999999999889e-01 -4.442729999999999735e-01 2.795999999999999874e-03
8.000000000000000000e+00 3.200000000000000000e+01 1.400000000000000000e+01 0.000000000000000000e+00 1.600000000000000089e+00 8.140000000000000534e-04 2.487000000000000061e-03 -9.999970000000000248e-01 1.054549999999999932e-01 9.944209999999999994e-01 2.559000000000000077e-03 9.944239999999999746e-01 -1.054569999999999952e-01 5.469999999999999602e-04
1.600000000000000000e+01 3.200000000000000000e+01 1.400000000000000000e+01 0.000000000000000000e+00 1.600000000000000089e+00 -3.869999999999999742e-04 -4.841999999999999950e-03 -9.999879999999999880e-01 1.055510000000000059e-01 9.944020000000000081e-01 -4.854999999999999941e-03 9.944140000000000201e-01 -1.055520000000000069e-01 1.259999999999999998e-04
3.000000000000000000e+00 1.160000000000000000e+02 1.600000000000000000e+01 0.000000000000000000e+00 1.600000000000000089e+00 -8.600000000000000331e-05 2.668999999999999932e-03 9.999959999999999960e-01 7.651189999999999936e-01 6.438869999999999871e-01 -1.652999999999999955e-03 -6.438890000000000446e-01 7.651160000000000183e-01 -2.096999999999999906e-03
8.000000000000000000e+00 1.160000000000000000e+02 1.600000000000000000e+01 0.000000000000000000e+00 1.600000000000000089e+00 -3.023000000000000079e-03 -4.369999999999999970e-04 9.999949999999999672e-01 7.668300000000000116e-01 6.418449999999999989e-01 2.599000000000000182e-03 -6.418430000000000524e-01 7.668350000000000444e-01 -1.606000000000000006e-03
1.600000000000000000e+01 1.160000000000000000e+02 1.600000000000000000e+01 0.000000000000000000e+00 1.600000000000000089e+00 -4.120999999999999663e-03 -9.412000000000000227e-03 9.999470000000000303e-01 7.598759999999999959e-01 6.500019999999999687e-01 9.249000000000000277e-03 -6.500550000000000495e-01 7.598740000000000494e-01 4.473000000000000413e-03
2.200000000000000000e+01 1.160000000000000000e+02 1.600000000000000000e+01 0.000000000000000000e+00 1.600000000000000089e+00 -1.940000000000000101e-03 -6.902000000000000149e-03 9.999740000000000295e-01 6.598180000000000156e-01 7.513980000000000103e-01 6.466000000000000393e-03 -7.514229999999999521e-01 6.598129999999999828e-01 3.095999999999999794e-03
2.000000000000000000e+00 2.000000000000000000e+00 1.900000000000000000e+01 0.000000000000000000e+00 1.600000000000000089e+00 -1.502000000000000080e-03 -2.671899999999999969e-02 -9.996420000000000305e-01 1.578600000000000003e-01 -9.871149999999999647e-01 2.614700000000000010e-02 -9.874600000000000044e-01 -1.577639999999999876e-01 5.701000000000000338e-03
7.000000000000000000e+00 2.000000000000000000e+00 1.900000000000000000e+01 0.000000000000000000e+00 1.600000000000000089e+00 1.920000000000000049e-04 -1.783999999999999996e-03 -9.999980000000000535e-01 1.532149999999999901e-01 -9.881910000000000416e-01 1.793000000000000106e-03 -9.881929999999999881e-01 -1.532149999999999901e-01 8.399999999999999535e-05
1.000000000000000000e+01 2.000000000000000000e+00 1.900000000000000000e+01 0.000000000000000000e+00 1.600000000000000089e+00 1.487999999999999956e-03 7.825000000000000358e-03 -9.999679999999999680e-01 1.520100000000000062e-01 -9.883499999999999508e-01 -7.507999999999999917e-03 -9.883779999999999788e-01 -1.519939999999999902e-01 -2.660000000000000038e-03
1.800000000000000000e+01 2.000000000000000000e+00 1.900000000000000000e+01 0.000000000000000000e+00 1.600000000000000089e+00 3.420000000000000188e-04 7.894999999999999241e-03 -9.999689999999999968e-01 1.586720000000000075e-01 -9.873009999999999842e-01 -7.740999999999999617e-03 -9.873309999999999587e-01 -1.586650000000000005e-01 -1.590999999999999966e-03
2.100000000000000000e+01 2.000000000000000000e+00 1.900000000000000000e+01 0.000000000000000000e+00 1.600000000000000089e+00 1.760000000000000063e-03 1.236300000000000072e-02 -9.999219999999999775e-01 1.592749999999999999e-01 -9.871619999999999839e-01 -1.192499999999999984e-02 -9.872330000000000272e-01 -1.592419999999999947e-01 -3.706999999999999792e-03
2.300000000000000000e+01 2.000000000000000000e+00 1.900000000000000000e+01 0.000000000000000000e+00 1.600000000000000089e+00 1.768000000000000040e-03 7.702999999999999778e-03 -9.999689999999999968e-01 1.567689999999999917e-01 -9.876080000000000414e-01 -7.330999999999999843e-03 -9.876340000000000119e-01 -1.567510000000000014e-01 -2.952999999999999896e-03
2.900000000000000000e+01 2.000000000000000000e+00 1.900000000000000000e+01 0.000000000000000000e+00 1.600000000000000089e+00 2.820000000000000241e-04 7.121999999999999859e-03 -9.999749999999999472e-01 1.497469999999999912e-01 -9.887000000000000233e-01 -6.999000000000000013e-03 -9.887240000000000473e-01 -1.497410000000000130e-01 -1.345000000000000058e-03
1.100000000000000000e+01 1.300000000000000000e+01 2.000000000000000000e+01 0.000000000000000000e+00 1.600000000000000089e+00 1.730999999999999900e-03 -3.246000000000000187e-03 9.999930000000000208e-01 2.455489999999999895e-01 9.693800000000000194e-01 2.720999999999999894e-03 -9.693829999999999947e-01 2.455430000000000113e-01 2.475000000000000203e-03
2.000000000000000000e+01 1.300000000000000000e+01 2.000000000000000000e+01 0.000000000000000000e+00 1.600000000000000089e+00 -4.679999999999999915e-04 2.472999999999999938e-03 9.999970000000000248e-01 2.481530000000000125e-01 9.687179999999999680e-01 -2.279999999999999909e-03 -9.687210000000000543e-01 2.481520000000000115e-01 -1.067000000000000023e-03
2.600000000000000000e+01 1.300000000000000000e+01 2.000000000000000000e+01 0.000000000000000000e+00 1.600000000000000089e+00 -2.944000000000000002e-03 -8.394000000000000419e-03 9.999599999999999600e-01 2.488460000000000116e-01 9.685030000000000028e-01 8.862999999999999351e-03 -9.685390000000000388e-01 2.488619999999999999e-01 -7.630000000000000063e-04
2.800000000000000000e+01 1.300000000000000000e+01 2.000000000000000000e+01 0.000000000000000000e+00 1.600000000000000089e+00 -3.216000000000000109e-03 -1.108400000000000010e-02 9.999329999999999607e-01 2.488690000000000069e-01 9.684690000000000243e-01 1.153599999999999938e-02 -9.685319999999999485e-01 2.488889999999999991e-01 -3.559999999999999797e-04
4.000000000000000000e+00 1.600000000000000000e+01 2.100000000000000000e+01 0.000000000000000000e+00 1.600000000000000089e+00 2.122000000000000188e-03 1.064700000000000021e-02 9.999409999999999688e-01 2.986460000000000226e-01 9.543030000000000124e-01 -1.079399999999999978e-02 -9.543620000000000436e-01 2.986509999999999998e-01 -1.154999999999999994e-03
7.000000000000000000e+00 1.600000000000000000e+01 2.100000000000000000e+01 0.000000000000000000e+00 1.600000000000000089e+00 1.912999999999999987e-03 1.192999999999999963e-02 9.999270000000000103e-01 2.974430000000000129e-01 9.546649999999999858e-01 -1.195899999999999914e-02 -9.547379999999999756e-01 2.974439999999999862e-01 -1.722000000000000006e-03
2.400000000000000000e+01 1.600000000000000000e+01 2.100000000000000000e+01 0.000000000000000000e+00 1.600000000000000089e+00 -2.733000000000000186e-03 -5.838000000000000307e-03 9.999789999999999512e-01 2.977299999999999947e-01 9.546289999999999498e-01 6.387000000000000316e-03 -9.546459999999999946e-01 2.977409999999999779e-01 -8.700000000000000051e-04
2.900000000000000000e+01 1.600000000000000000e+01 2.100000000000000000e+01 0.000000000000000000e+00 1.600000000000000089e+00 -4.067000000000000302e-03 -1.182799999999999997e-02 9.999219999999999775e-01 2.989410000000000123e-01 9.541899999999999826e-01 1.250300000000000022e-02 -9.542629999999999724e-01 2.989680000000000115e-01 -3.449999999999999833e-04
8.000000000000000000e+00 3.000000000000000000e+00 2.500000000000000000e+01 0.000000000000000000e+00 1.600000000000000089e+00 -2.266999999999999918e-03 1.176699999999999968e-02 9.999280000000000390e-01 -4.172000000000000014e-02 -9.990609999999999769e-01 1.166200000000000049e-02 9.991269999999999873e-01 -4.168999999999999789e-02 2.756000000000000203e-03
1.200000000000000000e+01 4.900000000000000000e+01 2.500000000000000000e+01 0.000000000000000000e+00 1.600000000000000089e+00 8.911999999999999783e-03 7.065399999999999459e-02 9.974610000000000420e-01 6.695759999999999490e-01 7.404420000000000446e-01 -5.843099999999999683e-02 -7.426899999999999613e-01 6.683970000000000189e-01 -4.071000000000000313e-02
1.000000000000000000e+01 4.500000000000000000e+01 2.600000000000000000e+01 0.000000000000000000e+00 1.600000000000000089e+00 2.143000000000000113e-02 3.178000000000000269e-02 9.992649999999999588e-01 4.842069999999999985e-01 8.741200000000000081e-01 -3.818400000000000266e-02 -8.746909999999999963e-01 4.846699999999999897e-01 3.344000000000000184e-03
1.900000000000000000e+01 4.900000000000000000e+01 2.900000000000000000e+01 0.000000000000000000e+00 1.600000000000000089e+00 -2.606999999999999942e-03 9.782399999999999429e-02 -9.951999999999999735e-01 6.663320000000000354e-01 -7.419069999999999832e-01 -7.467100000000000126e-02 -7.456509999999999527e-01 -6.633280000000000287e-01 -6.324899999999999967e-02
8.000000000000000000e+00 5.000000000000000000e+01 3.000000000000000000e+01 0.000000000000000000e+00 1.600000000000000089e+00 -6.453299999999999315e-02 -3.581980000000000164e-01 -9.314130000000000464e-01 5.978480000000000461e-01 -7.611949999999999550e-01 2.513150000000000106e-01 -7.990070000000000228e-01 -5.406250000000000222e-01 2.632700000000000040e-01
2.000000000000000000e+01 5.000000000000000000e+01 3.000000000000000000e+01 0.000000000000000000e+00 1.600000000000000089e+00 -4.363999999999999824e-03 1.637780000000000069e-01 -9.864880000000000315e-01 6.597129999999999939e-01 -7.408930000000000238e-01 -1.259220000000000061e-01 -7.515049999999999786e-01 -6.513489999999999558e-01 -1.048130000000000034e-01
2.500000000000000000e+01 5.000000000000000000e+01 3.000000000000000000e+01 0.000000000000000000e+00 1.600000000000000089e+00 -9.298999999999999974e-03 2.619400000000000062e-01 -9.650389999999999802e-01 6.373060000000000391e-01 -7.421269999999999811e-01 -2.075760000000000105e-01 -7.705539999999999612e-01 -6.169559999999999489e-01 -1.600350000000000106e-01
2.800000000000000000e+01 5.100000000000000000e+01 3.100000000000000000e+01 0.000000000000000000e+00 1.600000000000000089e+00 -2.443999999999999992e-03 2.989620000000000055e-01 -9.542620000000000546e-01 5.999510000000000121e-01 -7.630069999999999908e-01 -2.405799999999999883e-01 -8.000329999999999941e-01 -5.730990000000000251e-01 -1.774979999999999891e-01
2.800000000000000000e+01 5.200000000000000000e+01 3.200000000000000000e+01 0.000000000000000000e+00 1.600000000000000089e+00 2.750999999999999973e-03 3.036479999999999735e-01 -9.527799999999999603e-01 5.935829999999999718e-01 -7.672689999999999788e-01 -2.428120000000000001e-01 -8.047680000000000389e-01 -5.648859999999999992e-01 -1.823519999999999863e-01
2.000000000000000000e+00 1.800000000000000000e+01 3.400000000000000000e+01 0.000000000000000000e+00 1.600000000000000089e+00 9.650000000000000374e-04 -2.383999999999999835e-03 -9.999970000000000248e-01 -3.062989999999999879e-01 -9.519330000000000291e-01 1.974000000000000060e-03 -9.519349999999999756e-01 3.062960000000000127e-01 -1.649000000000000075e-03
4.000000000000000000e+00 9.500000000000000000e+01 3.600000000000000000e+01 0.000000000000000000e+00 1.600000000000000089e+00 9.710999999999999147e-03 4.257000000000000367e-03 9.999440000000000550e-01 9.969270000000000076e-01 7.769700000000000217e-02 -1.001299999999999933e-02 -7.773499999999999854e-02 9.969679999999999653e-01 -3.488999999999999914e-03
2.000000000000000000e+01 9.500000000000000000e+01 3.600000000000000000e+01 0.000000000000000000e+00 1.600000000000000089e+00 -1.570500000000000021e-02 -5.878799999999999998e-02 9.981470000000000065e-01 9.973889999999999700e-01 6.945300000000000085e-02 1.978399999999999950e-02 -7.048699999999999410e-02 9.958519999999999595e-01 5.754399999999999793e-02
5.000000000000000000e+00 2.900000000000000000e+01 4.400000000000000000e+01 0.000000000000000000e+00 1.600000000000000089e+00 1.044000000000000006e-03 2.216000000000000088e-03 -9.999970000000000248e-01 6.586880000000000512e-01 7.524119999999999697e-01 2.354999999999999889e-03 7.524149999999999450e-01 -6.586880000000000512e-01 -6.740000000000000114e-04
9.000000000000000000e+00 2.900000000000000000e+01 4.400000000000000000e+01 0.000000000000000000e+00 1.600000000000000089e+00 6.610000000000000207e-04 5.400000000000000069e-04 -1.000000000000000000e+00 6.576189999999999536e-01 7.533509999999999929e-01 8.409999999999999507e-04 7.533509999999999929e-01 -6.576189999999999536e-01 1.430000000000000064e-04
1.300000000000000000e+01 2.900000000000000000e+01 4.400000000000000000e+01 0.000000000000000000e+00 1.600000000000000089e+00 1.299999999999999920e-05 -1.677000000000000105e-03 -9.999989999999999712e-01 6.610070000000000112e-01 7.503790000000000182e-01 -1.250000000000000026e-03 7.503800000000000470e-01 -6.610059999999999825e-01 1.118000000000000070e-03
2.000000000000000000e+01 2.900000000000000000e+01 4.400000000000000000e+01 0.000000000000000000e+00 1.600000000000000089e+00 -8.199999999999999824e-04 1.208000000000000089e-03 -9.999989999999999712e-01 6.557699999999999640e-01 7.549609999999999932e-01 3.739999999999999835e-04 7.549609999999999932e-01 -6.557690000000000463e-01 -1.412000000000000061e-03
2.500000000000000000e+01 2.900000000000000000e+01 4.400000000000000000e+01 0.000000000000000000e+00 1.600000000000000089e+00 1.359999999999999989e-04 -1.757000000000000098e-03 -9.999980000000000535e-01 6.546750000000000069e-01 7.559090000000000531e-01 -1.239000000000000084e-03 7.559099999999999708e-01 -6.546739999999999782e-01 1.252999999999999991e-03
2.800000000000000000e+01 2.900000000000000000e+01 4.400000000000000000e+01 0.000000000000000000e+00 1.600000000000000089e+00 1.121000000000000035e-03 -2.504000000000000149e-03 -9.999959999999999960e-01 6.545029999999999459e-01 7.560590000000000366e-01 -1.159000000000000091e-03 7.560590000000000366e-01 -6.544990000000000530e-01 2.487000000000000061e-03
6.000000000000000000e+00 6.000000000000000000e+01 4.600000000000000000e+01 0.000000000000000000e+00 1.600000000000000089e+00 -4.178560000000000052e-01 -2.648389999999999911e-01 8.690550000000000219e-01 1.986259999999999970e-01 9.067969999999999642e-01 3.718429999999999791e-01 -8.865349999999999620e-01 3.279940000000000078e-01 -3.263070000000000137e-01
1.700000000000000000e+01 6.500000000000000000e+01 4.600000000000000000e+01 0.000000000000000000e+00 1.600000000000000089e+00 1.753700000000000050e-02 1.600850000000000051e-01 9.869470000000000187e-01 6.483200000000000074e-01 -7.532830000000000359e-01 1.106639999999999985e-01 7.611660000000000093e-01 6.379169999999999563e-01 -1.169970000000000038e-01
1.800000000000000000e+01 4.900000000000000000e+01 5.000000000000000000e+01 0.000000000000000000e+00 1.600000000000000089e+00 4.083269999999999955e-01 9.238000000000000378e-02 9.081489999999999840e-01 -8.106849999999999890e-01 -4.206010000000000026e-01 4.072899999999999854e-01 4.195929999999999938e-01 -9.025300000000000544e-01 -9.685199999999999365e-02
9.000000000000000000e+00 5.000000000000000000e+00 5.100000000000000000e+01 0.000000000000000000e+00 1.600000000000000089e+00 3.686000000000000040e-03 3.275999999999999832e-03 -9.999879999999999880e-01 4.891730000000000245e-01 -8.721860000000000168e-01 -1.054999999999999948e-03 -8.721790000000000376e-01 -4.891630000000000145e-01 -4.817000000000000101e-03
1.300000000000000000e+01 5.000000000000000000e+00 5.100000000000000000e+01 0.000000000000000000e+00 1.600000000000000089e+00 2.592999999999999819e-03 6.408999999999999767e-03 -9.999759999999999760e-01 4.853669999999999929e-01 -8.742999999999999661e-01 -4.344999999999999904e-03 -8.743069999999999453e-01 -4.853439999999999976e-01 -5.376999999999999835e-03
1.600000000000000000e+01 5.000000000000000000e+00 5.100000000000000000e+01 0.000000000000000000e+00 1.600000000000000089e+00 -5.291999999999999829e-03 -1.497999999999999983e-03 -9.999850000000000128e-01 4.887670000000000070e-01 -8.724140000000000228e-01 -1.278999999999999972e-03 -8.723980000000000068e-01 -4.887659999999999783e-01 5.348999999999999588e-03
2.700000000000000000e+01 5.000000000000000000e+00 5.100000000000000000e+01 0.000000000000000000e+00 1.600000000000000089e+00 1.309000000000000051e-03 -4.874999999999999993e-03 -9.999869999999999592e-01 4.892429999999999835e-01 -8.721339999999999648e-01 4.891999999999999647e-03 -8.721459999999999768e-01 -4.892440000000000122e-01 1.244000000000000097e-03
2.100000000000000000e+01 5.100000000000000000e+01 5.100000000000000000e+01 0.000000000000000000e+00 1.600000000000000089e+00 4.185690000000000244e-01 9.236500000000000266e-02 9.034759999999999458e-01 -7.902019999999999600e-01 -4.532990000000000075e-01 4.124329999999999941e-01 4.476390000000000091e-01 -8.865600000000000147e-01 -1.167500000000000066e-01
4.000000000000000000e+00 1.150000000000000000e+02 5.100000000000000000e+01 0.000000000000000000e+00 1.600000000000000089e+00 1.608999999999999970e-03 9.709999999999999664e-04 9.999980000000000535e-01 8.471919999999999451e-01 -5.312860000000000360e-01 -8.469999999999999881e-04 5.312839999999999785e-01 8.471919999999999451e-01 -1.677000000000000105e-03
2.300000000000000000e+01 1.150000000000000000e+02 5.100000000000000000e+01 0.000000000000000000e+00 1.600000000000000089e+00 -1.446999999999999936e-03 1.857100000000000070e-02 9.998259999999999925e-01 8.441840000000000455e-01 -5.359369999999999967e-01 1.117699999999999944e-02 5.360510000000000552e-01 8.440539999999999710e-01 -1.490200000000000032e-02
4.000000000000000000e+00 7.000000000000000000e+00 5.200000000000000000e+01 0.000000000000000000e+00 1.600000000000000089e+00 -1.262000000000000101e-03 -6.388999999999999714e-03 -9.999789999999999512e-01 9.952900000000000635e-02 -9.950149999999999828e-01 6.231999999999999693e-03 -9.950339999999999741e-01 -9.951899999999999635e-02 1.892000000000000019e-03
2.400000000000000000e+01 7.000000000000000000e+00 5.200000000000000000e+01 0.000000000000000000e+00 1.600000000000000089e+00 8.769999999999999584e-04 -7.618999999999999904e-03 -9.999710000000000543e-01 1.109590000000000021e-01 -9.937949999999999839e-01 7.668999999999999602e-03 -9.938249999999999584e-01 -1.109620000000000051e-01 -2.599999999999999840e-05
1.800000000000000000e+01 5.000000000000000000e+01 5.200000000000000000e+01 0.000000000000000000e+00 1.600000000000000089e+00 4.348690000000000055e-01 8.924100000000000088e-02 8.960609999999999964e-01 -8.012909999999999755e-01 -4.156880000000000019e-01 4.302759999999999918e-01 4.108800000000000230e-01 -9.051190000000000069e-01 -1.092619999999999980e-01
2.000000000000000000e+01 5.100000000000000000e+01 5.200000000000000000e+01 0.000000000000000000e+00 1.600000000000000089e+00 4.304749999999999965e-01 6.294000000000000115e-03 9.025800000000000489e-01 -7.981439999999999646e-01 -4.643100000000000005e-01 3.839029999999999943e-01 4.214939999999999798e-01 -8.856500000000000483e-01 -1.948499999999999954e-01
1.500000000000000000e+01 2.500000000000000000e+01 5.500000000000000000e+01 0.000000000000000000e+00 1.600000000000000089e+00 -2.099000000000000171e-03 -2.790000000000000054e-04 -9.999980000000000535e-01 -1.369300000000000031e-02 -9.999059999999999615e-01 3.069999999999999812e-04 -9.999040000000000150e-01 1.369300000000000031e-02 2.095000000000000074e-03
2.100000000000000000e+01 2.500000000000000000e+01 5.500000000000000000e+01 0.000000000000000000e+00 1.600000000000000089e+00 -6.059999999999999849e-04 4.620000000000000083e-04 -1.000000000000000000e+00 -1.043200000000000030e-02 -9.999449999999999728e-01 -4.550000000000000008e-04 -9.999449999999999728e-01 1.043099999999999930e-02 6.109999999999999980e-04
2.700000000000000000e+01 2.500000000000000000e+01 5.500000000000000000e+01 0.000000000000000000e+00 1.600000000000000089e+00 -7.420000000000000380e-04 -9.190000000000000035e-04 -9.999989999999999712e-01 -1.066199999999999960e-02 -9.999430000000000263e-01 9.269999999999999811e-04 -9.999430000000000263e-01 1.066300000000000060e-02 7.320000000000000118e-04
1.700000000000000000e+01 6.000000000000000000e+01 5.500000000000000000e+01 0.000000000000000000e+00 1.600000000000000089e+00 -4.557699999999999946e-02 -9.222500000000000142e-02 9.946949999999999958e-01 -3.076800000000000021e-02 9.953870000000000218e-01 9.087900000000000145e-02 -9.984870000000000134e-01 -2.646300000000000041e-02 -4.820399999999999685e-02
2.100000000000000000e+01 6.000000000000000000e+01 5.500000000000000000e+01 0.000000000000000000e+00 1.600000000000000089e+00 -2.038799999999999987e-02 -1.038290000000000046e-01 9.943859999999999921e-01 8.119899999999999340e-02 9.911349999999999882e-01 1.051539999999999975e-01 -9.964889999999999581e-01 8.288700000000000234e-02 -1.177699999999999927e-02
1.700000000000000000e+01 5.100000000000000000e+01 5.600000000000000000e+01 0.000000000000000000e+00 1.600000000000000089e+00 4.191079999999999806e-01 -1.610260000000000025e-01 8.935429999999999762e-01 -8.833710000000000173e-01 -2.997000000000000219e-01 3.603279999999999816e-01 2.097729999999999873e-01 -9.403460000000000152e-01 -2.678530000000000078e-01
3.000000000000000000e+00 6.800000000000000000e+01 5.700000000000000000e+01 0.000000000000000000e+00 1.600000000000000089e+00 -6.252999999999999878e-03 1.051200000000000051e-02 -9.999249999999999527e-01 -2.353179999999999994e-01 -9.718790000000000484e-01 -8.746000000000000302e-03 -9.718980000000000397e-01 2.352460000000000107e-01 8.550999999999999573e-03
2.400000000000000000e+01 6.800000000000000000e+01 5.700000000000000000e+01 0.000000000000000000e+00 1.600000000000000089e+00 -1.497999999999999983e-03 -4.534999999999999969e-03 -9.999890000000000168e-01 -2.498309999999999975e-01 -9.682779999999999720e-01 4.765000000000000138e-03 -9.682880000000000376e-01 2.498350000000000015e-01 3.179999999999999776e-04
5.000000000000000000e+00 2.100000000000000000e+01 6.000000000000000000e+01 0.000000000000000000e+00 1.600000000000000089e+00 -8.670000000000000406e-04 8.066000000000000253e-03 9.999670000000000503e-01 -9.587199999999999889e-02 9.953610000000000513e-01 -8.111999999999999419e-03 -9.953929999999999723e-01 -9.587600000000000289e-02 -9.000000000000000567e-05
1.000000000000000000e+01 2.100000000000000000e+01 6.000000000000000000e+01 0.000000000000000000e+00 1.600000000000000089e+00 -5.180000000000000143e-04 -1.027600000000000041e-02 9.999470000000000303e-01 -9.779100000000000292e-02 9.951550000000000118e-01 1.017599999999999928e-02 -9.952069999999999528e-01 -9.778000000000000580e-02 -1.521000000000000000e-03
1.800000000000000000e+01 2.100000000000000000e+01 6.000000000000000000e+01 0.000000000000000000e+00 1.600000000000000089e+00 -5.959999999999999586e-04 4.621000000000000107e-03 9.999890000000000168e-01 -9.721200000000000674e-02 9.952530000000000543e-01 -4.656999999999999681e-03 -9.952630000000000088e-01 -9.721399999999999486e-02 -1.440000000000000036e-04
2.300000000000000000e+01 2.100000000000000000e+01 6.000000000000000000e+01 0.000000000000000000e+00 1.600000000000000089e+00 -8.739999999999999939e-04 1.747999999999999988e-03 9.999980000000000535e-01 -9.583800000000000652e-02 9.953950000000000298e-01 -1.824000000000000100e-03 -9.953969999999999763e-01 -9.583899999999999364e-02 -7.020000000000000415e-04
2.900000000000000000e+01 2.100000000000000000e+01 6.000000000000000000e+01 0.000000000000000000e+00 1.600000000000000089e+00 -9.899999999999999404e-05 -1.479999999999999925e-04 1.000000000000000000e+00 -9.358900000000000552e-02 9.956110000000000237e-01 1.379999999999999933e-04 -9.956110000000000237e-01 -9.358900000000000552e-02 -1.129999999999999955e-04
2.800000000000000000e+01 6.000000000000000000e+00 6.100000000000000000e+01 0.000000000000000000e+00 1.600000000000000089e+00 -6.640000000000000069e-03 -1.421799999999999974e-02 9.998770000000000158e-01 5.702099999999999946e-01 -8.214609999999999967e-01 -7.893999999999999975e-03 8.214719999999999800e-01 5.700870000000000104e-01 1.356199999999999940e-02
1.900000000000000000e+01 3.000000000000000000e+00 6.300000000000000000e+01 0.000000000000000000e+00 1.600000000000000089e+00 4.300000000000000165e-05 -2.309999999999999987e-03 9.999970000000000248e-01 -6.172180000000000444e-01 7.867899999999999894e-01 1.843999999999999936e-03 -7.867920000000000469e-01 -6.172159999999999869e-01 -1.392999999999999924e-03
2.000000000000000000e+00 2.700000000000000000e+01 6.300000000000000000e+01 0.000000000000000000e+00 1.600000000000000089e+00 1.080999999999999930e-03 -2.981000000000000143e-03 9.999949999999999672e-01 -2.788970000000000060e-01 9.603159999999999474e-01 3.164000000000000146e-03 -9.603199999999999514e-01 -2.788990000000000080e-01 2.069999999999999900e-04
7.000000000000000000e+00 2.700000000000000000e+01 6.300000000000000000e+01 0.000000000000000000e+00 1.600000000000000089e+00 -4.749999999999999990e-04 -1.410000000000000012e-03 9.999989999999999712e-01 -2.710739999999999816e-01 9.625580000000000247e-01 1.229000000000000058e-03 -9.625580000000000247e-01 -2.710730000000000084e-01 -8.400000000000000348e-04
1.300000000000000000e+01 2.700000000000000000e+01 6.300000000000000000e+01 0.000000000000000000e+00 1.600000000000000089e+00 7.240000000000000342e-04 -2.442999999999999859e-03 9.999970000000000248e-01 -2.656930000000000125e-01 9.640539999999999665e-01 2.547999999999999918e-03 -9.640570000000000528e-01 -2.656939999999999857e-01 4.899999999999999842e-05
1.800000000000000000e+01 2.700000000000000000e+01 6.300000000000000000e+01 0.000000000000000000e+00 1.600000000000000089e+00 3.879999999999999985e-04 7.550000000000000287e-03 9.999710000000000543e-01 -2.677919999999999745e-01 9.634500000000000286e-01 -7.170000000000000158e-03 -9.634770000000000278e-01 -2.677820000000000200e-01 2.396000000000000126e-03
2.400000000000000000e+01 2.700000000000000000e+01 6.300000000000000000e+01 0.000000000000000000e+00 1.600000000000000089e+00 -4.739999999999999747e-04 3.294000000000000053e-03 9.999949999999999672e-01 -2.696049999999999836e-01 9.629649999999999599e-01 -3.299999999999999982e-03 -9.629710000000000214e-01 -2.696049999999999836e-01 4.310000000000000137e-04
2.800000000000000000e+01 2.700000000000000000e+01 6.300000000000000000e+01 0.000000000000000000e+00 1.600000000000000089e+00 8.120000000000000048e-04 2.446999999999999956e-03 9.999970000000000248e-01 -2.674719999999999875e-01 9.635629999999999473e-01 -2.139999999999999975e-03 -9.635650000000000048e-01 -2.674699999999999855e-01 1.436999999999999909e-03
2.000000000000000000e+00 2.600000000000000000e+01 6.400000000000000000e+01 0.000000000000000000e+00 1.600000000000000089e+00 1.080999999999999930e-03 -2.614000000000000004e-03 9.999959999999999960e-01 -3.637589999999999990e-01 9.314890000000000114e-01 2.827999999999999785e-03 -9.314919999999999867e-01 -3.637610000000000010e-01 5.599999999999999916e-05
1.000000000000000000e+01 2.600000000000000000e+01 6.400000000000000000e+01 0.000000000000000000e+00 1.600000000000000089e+00 -4.629999999999999784e-04 -4.433000000000000308e-03 9.999900000000000455e-01 -3.462480000000000002e-01 9.381340000000000234e-01 3.998999999999999951e-03 -9.381429999999999492e-01 -3.462430000000000230e-01 -1.968999999999999830e-03
1.600000000000000000e+01 2.600000000000000000e+01 6.400000000000000000e+01 0.000000000000000000e+00 1.600000000000000089e+00 5.349999999999999938e-04 4.342000000000000373e-03 9.999900000000000455e-01 -3.464900000000000202e-01 9.380460000000000464e-01 -3.886999999999999830e-03 -9.380530000000000257e-01 -3.464849999999999874e-01 2.005999999999999971e-03
2.000000000000000000e+01 2.600000000000000000e+01 6.400000000000000000e+01 0.000000000000000000e+00 1.600000000000000089e+00 -1.520000000000000084e-04 6.866999999999999840e-03 9.999759999999999760e-01 -3.517060000000000186e-01 9.360880000000000312e-01 -6.481999999999999915e-03 -9.361110000000000264e-01 -3.516980000000000106e-01 2.272999999999999847e-03
2.400000000000000000e+01 2.600000000000000000e+01 6.400000000000000000e+01 0.000000000000000000e+00 1.600000000000000089e+00 -1.275000000000000092e-03 3.729000000000000110e-03 9.999919999999999920e-01 -3.516799999999999926e-01 9.361120000000000552e-01 -3.938999999999999793e-03 -9.361190000000000344e-01 -3.516819999999999946e-01 1.179999999999999951e-04
2.800000000000000000e+01 2.600000000000000000e+01 6.400000000000000000e+01 0.000000000000000000e+00 1.600000000000000089e+00 -2.900000000000000017e-05 2.638000000000000154e-03 9.999970000000000248e-01 -3.462049999999999850e-01 9.381559999999999899e-01 -2.484999999999999796e-03 -9.381589999999999652e-01 -3.462029999999999830e-01 8.859999999999999603e-04
1.000000000000000000e+01 5.400000000000000000e+01 6.400000000000000000e+01 0.000000000000000000e+00 1.600000000000000089e+00 3.939559999999999729e-01 -7.670299999999999341e-02 -9.159230000000000427e-01 -7.829429999999999445e-01 4.939839999999999787e-01 -3.781269999999999909e-01 4.814550000000000218e-01 8.660809999999999897e-01 1.345540000000000069e-01
1.500000000000000000e+01 5.000000000000000000e+01 6.500000000000000000e+01 0.000000000000000000e+00 1.600000000000000089e+00 -1.770670000000000022e-01 -2.647260000000000169e-01 -9.479279999999999928e-01 3.031909999999999883e-01 9.016349999999999643e-01 -3.084319999999999840e-01 9.363350000000000284e-01 -3.420159999999999867e-01 -7.938699999999999923e-02
8.000000000000000000e+00 5.300000000000000000e+01 6.500000000000000000e+01 0.000000000000000000e+00 1.600000000000000089e+00 4.624489999999999990e-01 -1.084360000000000046e-01 -8.799900000000000500e-01 -7.664560000000000262e-01 4.500640000000000196e-01 -4.582439999999999847e-01 4.457420000000000271e-01 8.863879999999999537e-01 1.250199999999999922e-01
2.800000000000000000e+01 6.900000000000000000e+01 6.600000000000000000e+01 0.000000000000000000e+00 1.600000000000000089e+00 5.590000000000000351e-03 -1.033999999999999980e-03 9.999839999999999840e-01 -9.489549999999999930e-01 3.153619999999999757e-01 5.630999999999999721e-03 -3.153619999999999757e-01 -9.489710000000000090e-01 7.810000000000000102e-04
7.000000000000000000e+00 2.500000000000000000e+01 7.300000000000000000e+01 0.000000000000000000e+00 1.600000000000000089e+00 -9.539999999999999869e-04 -1.406999999999999917e-02 9.999010000000000398e-01 7.447859999999999481e-01 -6.672470000000000345e-01 -8.678999999999999215e-03 6.673029999999999795e-01 7.447030000000000038e-01 1.111499999999999988e-02
2.400000000000000000e+01 2.500000000000000000e+01 7.300000000000000000e+01 0.000000000000000000e+00 1.600000000000000089e+00 3.533000000000000116e-03 3.472999999999999959e-03 9.999879999999999880e-01 7.419419999999999904e-01 -6.704639999999999489e-01 -2.930000000000000204e-04 6.704539999999999944e-01 7.419339999999999824e-01 -4.944999999999999743e-03
2.800000000000000000e+01 2.500000000000000000e+01 7.300000000000000000e+01 0.000000000000000000e+00 1.600000000000000089e+00 -2.314999999999999784e-03 -6.193999999999999853e-03 9.999780000000000335e-01 7.399569999999999759e-01 -6.726499999999999702e-01 -2.452999999999999885e-03 6.726509999999999989e-01 7.399350000000000094e-01 6.139999999999999625e-03
3.000000000000000000e+00 4.400000000000000000e+01 7.300000000000000000e+01 0.000000000000000000e+00 1.600000000000000089e+00 9.997999999999999943e-03 4.609200000000000103e-02 9.988869999999999694e-01 4.537200000000000261e-02 -9.979289999999999550e-01 4.559400000000000258e-02 9.989200000000000301e-01 4.486500000000000210e-02 -1.206800000000000060e-02
