2.400000000000000000e+01 2.500000000000000000e+01 1.000000000000000000e+00 0.000000000000000000e+00 1.600000000000000089e+00 4.562000000000000083e-03 6.847999999999999921e-03 -9.999660000000000215e-01 -5.215699999999999781e-01 -8.531689999999999552e-01 -8.222000000000000142e-03 -8.531959999999999544e-01 5.215899999999999981e-01 -3.209999999999999963e-04
3.000000000000000000e+01 2.500000000000000000e+01 1.000000000000000000e+00 0.000000000000000000e+00 1.600000000000000089e+00 2.273999999999999980e-03 -2.690000000000000117e-03 -9.999940000000000495e-01 -5.194680000000000408e-01 -8.544890000000000541e-01 1.118000000000000070e-03 -8.544869999999999965e-01 5.194619999999999793e-01 -3.340999999999999786e-03
4.000000000000000000e+00 1.010000000000000000e+02 7.000000000000000000e+00 0.000000000000000000e+00 1.600000000000000089e+00 -2.869999999999999830e-04 -7.365000000000000019e-03 9.999730000000000008e-01 8.890959999999999974e-01 4.577069999999999750e-01 3.625999999999999883e-03 -4.577209999999999890e-01 8.890730000000000022e-01 6.416999999999999961e-03
2.100000000000000000e+01 1.010000000000000000e+02 7.000000000000000000e+00 0.000000000000000000e+00 1.600000000000000089e+00 8.700000000000000051e-04 -7.361999999999999621e-03 9.999730000000000008e-01 8.897070000000000256e-01 4.565239999999999854e-01 2.586999999999999890e-03 -4.565310000000000201e-01 8.896810000000000551e-01 6.947000000000000050e-03
2.000000000000000000e+00 2.500000000000000000e+01 8.000000000000000000e+00 0.000000000000000000e+00 1.600000000000000089e+00 2.416000000000000179e-03 3.402000000000000076e-03 -9.999909999999999632e-01 4.374000000000000110e-01 8.992580000000000018e-01 4.115999999999999867e-03 8.992639999999999523e-01 -4.374060000000000170e-01 6.849999999999999535e-04
5.000000000000000000e+00 2.500000000000000000e+01 8.000000000000000000e+00 0.000000000000000000e+00 1.600000000000000089e+00 1.293000000000000095e-03 3.314999999999999804e-03 -9.999940000000000495e-01 4.376889999999999947e-01 8.991190000000000015e-01 3.546000000000000107e-03 8.991249999999999520e-01 -4.376909999999999967e-01 -2.889999999999999774e-04
1.100000000000000000e+01 2.500000000000000000e+01 8.000000000000000000e+00 0.000000000000000000e+00 1.600000000000000089e+00 4.449999999999999746e-04 2.964000000000000055e-03 -9.999959999999999960e-01 4.381309999999999927e-01 8.989059999999999828e-01 2.858999999999999996e-03 8.989110000000000156e-01 -4.381309999999999927e-01 -8.989999999999999511e-04
2.000000000000000000e+01 2.500000000000000000e+01 8.000000000000000000e+00 0.000000000000000000e+00 1.600000000000000089e+00 -2.419000000000000143e-03 -4.160999999999999768e-03 -9.999879999999999880e-01 4.396809999999999885e-01 8.981409999999999672e-01 -4.800999999999999712e-03 8.981510000000000327e-01 -4.396880000000000233e-01 -3.440000000000000132e-04
2.400000000000000000e+01 2.500000000000000000e+01 8.000000000000000000e+00 0.000000000000000000e+00 1.600000000000000089e+00 -3.435000000000000119e-03 -4.930000000000000354e-03 -9.999820000000000375e-01 4.403880000000000017e-01 8.977880000000000305e-01 -5.938999999999999835e-03 8.978009999999999602e-01 -4.404000000000000137e-01 -9.120000000000000502e-04
2.700000000000000000e+01 2.500000000000000000e+01 8.000000000000000000e+00 0.000000000000000000e+00 1.600000000000000089e+00 -2.154000000000000099e-03 -8.932999999999999968e-03 -9.999580000000000135e-01 4.396079999999999988e-01 8.981449999999999712e-01 -8.970000000000000542e-03 8.981869999999999576e-01 -4.396090000000000275e-01 1.991999999999999847e-03
6.000000000000000000e+00 9.000000000000000000e+00 9.000000000000000000e+00 0.000000000000000000e+00 1.600000000000000089e+00 -3.717399999999999871e-02 -1.602699999999999958e-02 -9.991799999999999571e-01 -9.759229999999999849e-01 -2.144610000000000127e-01 3.974799999999999861e-02 -2.149220000000000019e-01 9.766010000000000524e-01 -7.668999999999999602e-03
1.000000000000000000e+01 9.000000000000000000e+00 9.000000000000000000e+00 0.000000000000000000e+00 1.600000000000000089e+00 -7.305200000000000582e-02 -5.275900000000000034e-02 -9.959320000000000395e-01 -9.520950000000000246e-01 -2.936380000000000101e-01 8.539199999999999569e-02 -2.969490000000000185e-01 9.544599999999999751e-01 -2.878100000000000103e-02
5.000000000000000000e+00 2.400000000000000000e+01 9.000000000000000000e+00 0.000000000000000000e+00 1.600000000000000089e+00 8.869999999999999846e-04 4.924999999999999691e-03 -9.999869999999999592e-01 4.443980000000000152e-01 8.958159999999999457e-01 4.806999999999999641e-03 8.958289999999999864e-01 -4.443969999999999865e-01 -1.394000000000000057e-03
1.100000000000000000e+01 2.400000000000000000e+01 9.000000000000000000e+00 0.000000000000000000e+00 1.600000000000000089e+00 3.869999999999999742e-04 3.543000000000000142e-03 -9.999940000000000495e-01 4.442619999999999902e-01 8.958909999999999929e-01 3.346000000000000016e-03 8.958970000000000544e-01 -4.442599999999999882e-01 -1.227000000000000009e-03
1.500000000000000000e+01 2.400000000000000000e+01 9.000000000000000000e+00 0.000000000000000000e+00 1.600000000000000089e+00 -7.799999999999999859e-05 1.869999999999999917e-04 -1.000000000000000000e+00 4.431339999999999724e-01 8.964550000000000018e-01 1.330000000000000073e-04 8.964550000000000018e-01 -4.431339999999999724e-01 -1.530000000000000056e-04
1.800000000000000000e+01 2.400000000000000000e+01 9.000000000000000000e+00 0.000000000000000000e+00 1.600000000000000089e+00 -1.685000000000000083e-03 -3.487000000000000082e-03 -9.999919999999999920e-01 4.446140000000000092e-01 8.957140000000000102e-01 -3.872000000000000008e-03 8.957199999999999607e-01 -4.446180000000000132e-01 4.100000000000000047e-05
2.400000000000000000e+01 2.400000000000000000e+01 9.000000000000000000e+00 0.000000000000000000e+00 1.600000000000000089e+00 -2.779999999999999919e-03 -6.774999999999999772e-03 -9.999730000000000008e-01 4.467090000000000227e-01 8.946499999999999453e-01 -7.303999999999999729e-03 8.946749999999999980e-01 -4.467169999999999752e-01 5.400000000000000069e-04
2.700000000000000000e+01 2.400000000000000000e+01 9.000000000000000000e+00 0.000000000000000000e+00 1.600000000000000089e+00 -1.098999999999999934e-03 -9.988999999999999616e-03 -9.999500000000000055e-01 4.459119999999999751e-01 8.950270000000000170e-01 -9.431000000000000147e-03 8.950759999999999827e-01 -4.459000000000000186e-01 3.471000000000000127e-03
2.300000000000000000e+01 7.000000000000000000e+00 1.000000000000000000e+01 0.000000000000000000e+00 1.600000000000000089e+00 -5.879899999999999710e-02 -3.837200000000000333e-02 -9.975319999999999743e-01 -9.862830000000000208e-01 -1.521530000000000105e-01 6.398900000000000421e-02 -1.542330000000000090e-01 9.876120000000000454e-01 -2.889900000000000108e-02
2.700000000000000000e+01 7.000000000000000000e+00 1.000000000000000000e+01 0.000000000000000000e+00 1.600000000000000089e+00 -1.734000000000000081e-03 -1.012099999999999979e-02 -9.999470000000000303e-01 -9.892950000000000355e-01 -1.458959999999999979e-01 3.191999999999999959e-03 -1.459199999999999942e-01 9.892480000000000162e-01 -9.759000000000000313e-03
2.200000000000000000e+01 3.000000000000000000e+00 1.100000000000000000e+01 0.000000000000000000e+00 1.600000000000000089e+00 -6.960000000000000041e-04 -7.530299999999999494e-02 9.971600000000000463e-01 1.378369999999999873e-01 -9.876500000000000279e-01 -7.448899999999999966e-02 9.904549999999999743e-01 1.373939999999999884e-01 1.106700000000000045e-02
2.800000000000000000e+01 3.000000000000000000e+00 1.100000000000000000e+01 0.000000000000000000e+00 1.600000000000000089e+00 -1.899999999999999996e-03 6.923999999999999599e-03 9.999740000000000295e-01 1.215809999999999946e-01 -9.925559999999999938e-01 7.104000000000000072e-03 9.925800000000000178e-01 1.215920000000000056e-01 1.044000000000000006e-03
3.000000000000000000e+00 3.000000000000000000e+01 1.200000000000000000e+01 0.000000000000000000e+00 1.600000000000000089e+00 -1.416199999999999924e-02 -1.388949999999999907e-01 9.902060000000000306e-01 -3.575600000000000306e-02 9.897420000000000107e-01 1.383179999999999965e-01 -9.992600000000000371e-01 -3.344699999999999757e-02 -1.898299999999999987e-02
7.000000000000000000e+00 3.100000000000000000e+01 1.200000000000000000e+01 0.000000000000000000e+00 1.600000000000000089e+00 2.746000000000000177e-03 -2.150849999999999984e-01 9.765909999999999869e-01 -6.621799999999999908e-02 9.744129999999999736e-01 2.147910000000000097e-01 -9.978010000000000490e-01 -6.525699999999999557e-02 -1.156599999999999989e-02
9.000000000000000000e+00 3.500000000000000000e+01 1.300000000000000000e+01 0.000000000000000000e+00 1.600000000000000089e+00 -1.912069999999999881e-01 -5.315899999999999792e-02 9.801090000000000080e-01 9.676770000000000094e-01 -1.774979999999999891e-01 1.791550000000000087e-01 1.644440000000000068e-01 9.826840000000000019e-01 8.537999999999999756e-02
1.800000000000000000e+01 3.200000000000000000e+01 1.400000000000000000e+01 0.000000000000000000e+00 1.600000000000000089e+00 1.033000000000000064e-03 -1.531999999999999942e-03 -9.999980000000000535e-01 1.169800000000000006e-01 9.931330000000000435e-01 -1.399999999999999986e-03 9.931339999999999613e-01 -1.169779999999999986e-01 1.204999999999999908e-03
2.200000000000000000e+01 3.200000000000000000e+01 1.400000000000000000e+01 0.000000000000000000e+00 1.600000000000000089e+00 2.910000000000000260e-04 2.729999999999999788e-03 -9.999959999999999960e-01 1.179349999999999982e-01 9.930179999999999563e-01 2.745000000000000044e-03 9.930210000000000425e-01 -1.179349999999999982e-01 -3.300000000000000253e-05
2.600000000000000000e+01 3.200000000000000000e+01 1.400000000000000000e+01 0.000000000000000000e+00 1.600000000000000089e+00 4.519999999999999821e-04 3.549000000000000071e-03 -9.999940000000000495e-01 1.190760000000000013e-01 9.928789999999999560e-01 3.578000000000000017e-03 9.928850000000000176e-01 -1.190770000000000023e-01 2.599999999999999840e-05
2.900000000000000000e+01 3.200000000000000000e+01 1.400000000000000000e+01 0.000000000000000000e+00 1.600000000000000089e+00 3.188999999999999994e-03 5.029999999999999749e-03 -9.999820000000000375e-01 1.192890000000000061e-01 9.928449999999999775e-01 5.374999999999999570e-03 9.928540000000000143e-01 -1.193039999999999934e-01 2.566000000000000138e-03
1.000000000000000000e+00 1.200000000000000000e+01 1.600000000000000000e+01 0.000000000000000000e+00 1.600000000000000089e+00 5.113999999999999622e-03 -1.627599999999999880e-02 9.998540000000000205e-01 2.679300000000000015e-01 -9.632880000000000331e-01 -1.705100000000000018e-02 9.634249999999999758e-01 2.679779999999999940e-01 -5.649999999999999641e-04
4.000000000000000000e+00 1.200000000000000000e+01 1.600000000000000000e+01 0.000000000000000000e+00 1.600000000000000089e+00 7.465000000000000281e-03 -2.114600000000000160e-02 9.997489999999999988e-01 2.686180000000000234e-01 -9.629870000000000374e-01 -2.237400000000000153e-02 9.632180000000000186e-01 2.687180000000000124e-01 -1.508999999999999925e-03
1.300000000000000000e+01 1.160000000000000000e+02 1.600000000000000000e+01 0.000000000000000000e+00 1.600000000000000089e+00 1.693999999999999976e-03 4.433999999999999574e-03 9.999890000000000168e-01 7.162619999999999543e-01 6.978189999999999671e-01 -4.308000000000000197e-03 -6.978299999999999503e-01 7.162610000000000365e-01 -1.992999999999999980e-03
1.900000000000000000e+01 1.160000000000000000e+02 1.600000000000000000e+01 0.000000000000000000e+00 1.600000000000000089e+00 -4.620000000000000083e-04 1.900999999999999912e-03 9.999980000000000535e-01 7.056090000000000417e-01 7.086010000000000364e-01 -1.020999999999999989e-03 -7.086010000000000364e-01 7.056069999999999842e-01 -1.668999999999999911e-03
2.500000000000000000e+01 1.160000000000000000e+02 1.600000000000000000e+01 0.000000000000000000e+00 1.600000000000000089e+00 -3.720999999999999915e-03 -3.575000000000000053e-03 9.999869999999999592e-01 7.367510000000000447e-01 6.761449999999999960e-01 5.158000000000000258e-03 -6.761540000000000328e-01 7.367599999999999705e-01 1.179999999999999951e-04
1.000000000000000000e+00 3.400000000000000000e+01 1.800000000000000000e+01 0.000000000000000000e+00 1.600000000000000089e+00 2.126170000000000004e-01 2.799110000000000209e-01 9.361859999999999626e-01 -9.631939999999999946e-01 2.213019999999999987e-01 1.525839999999999974e-01 -1.644700000000000051e-01 -9.341709999999999736e-01 3.166610000000000258e-01
1.700000000000000000e+01 2.000000000000000000e+00 1.900000000000000000e+01 0.000000000000000000e+00 1.600000000000000089e+00 9.860000000000000708e-03 -5.233199999999999658e-02 -9.985810000000000519e-01 3.640970000000000040e-01 -9.298899999999999944e-01 5.232699999999999851e-02 -9.313090000000000535e-01 -3.640959999999999752e-01 9.884999999999999690e-03
2.700000000000000000e+01 2.000000000000000000e+00 1.900000000000000000e+01 0.000000000000000000e+00 1.600000000000000089e+00 -2.820000000000000024e-03 -1.452799999999999925e-02 -9.998909999999999743e-01 3.439340000000000175e-01 -9.389079999999999648e-01 1.267099999999999997e-02 -9.389899999999999913e-01 -3.438610000000000277e-01 7.644999999999999886e-03
2.900000000000000000e+01 2.000000000000000000e+00 1.900000000000000000e+01 0.000000000000000000e+00 1.600000000000000089e+00 -3.853999999999999787e-03 -8.031999999999999210e-03 -9.999599999999999600e-01 3.411899999999999933e-01 -9.399739999999999762e-01 6.235000000000000091e-03 -9.399859999999999882e-01 -3.411520000000000108e-01 6.361999999999999600e-03
1.000000000000000000e+01 3.000000000000000000e+00 1.900000000000000000e+01 0.000000000000000000e+00 1.600000000000000089e+00 8.694000000000000339e-03 -4.697400000000000186e-02 -9.988580000000000236e-01 3.398100000000000009e-01 -9.393120000000000358e-01 4.713099999999999928e-02 -9.404540000000000122e-01 -3.398320000000000229e-01 7.795999999999999978e-03
8.000000000000000000e+00 4.000000000000000000e+00 2.000000000000000000e+01 0.000000000000000000e+00 1.600000000000000089e+00 3.866000000000000079e-03 -3.429299999999999710e-02 -9.994039999999999591e-01 3.813790000000000235e-01 -9.238229999999999498e-01 3.317500000000000310e-02 -9.244109999999999827e-01 -3.812800000000000078e-01 9.506999999999999826e-03
2.400000000000000000e+01 4.000000000000000000e+00 2.000000000000000000e+01 0.000000000000000000e+00 1.600000000000000089e+00 -7.969999999999999654e-04 -1.451500000000000012e-02 -9.998939999999999495e-01 3.274270000000000236e-01 -9.447809999999999819e-01 1.345400000000000068e-02 -9.448760000000000492e-01 -3.273820000000000063e-01 5.505000000000000344e-03
5.000000000000000000e+00 1.300000000000000000e+01 2.000000000000000000e+01 0.000000000000000000e+00 1.600000000000000089e+00 -1.252000000000000075e-03 4.948000000000000141e-03 9.999869999999999592e-01 2.623289999999999789e-01 9.649680000000000479e-01 -4.446000000000000299e-03 -9.649780000000000024e-01 2.623199999999999976e-01 -2.507000000000000114e-03
1.000000000000000000e+01 1.300000000000000000e+01 2.000000000000000000e+01 0.000000000000000000e+00 1.600000000000000089e+00 8.620000000000000275e-04 -3.402000000000000076e-03 9.999940000000000495e-01 2.602470000000000061e-01 9.655369999999999786e-01 3.059999999999999786e-03 -9.655420000000000114e-01 2.602430000000000021e-01 1.717999999999999909e-03
1.300000000000000000e+01 1.300000000000000000e+01 2.000000000000000000e+01 0.000000000000000000e+00 1.600000000000000089e+00 1.048000000000000103e-03 -8.684000000000000746e-03 9.999620000000000175e-01 2.580760000000000276e-01 9.660910000000000331e-01 8.118999999999999481e-03 -9.661239999999999828e-01 2.580569999999999808e-01 3.253999999999999948e-03
1.900000000000000000e+01 1.300000000000000000e+01 2.000000000000000000e+01 0.000000000000000000e+00 1.600000000000000089e+00 -1.364999999999999894e-03 -1.969999999999999909e-04 9.999989999999999712e-01 2.599069999999999991e-01 9.656329999999999636e-01 5.450000000000000200e-04 -9.656329999999999636e-01 2.599079999999999724e-01 -1.266999999999999897e-03
2.500000000000000000e+01 1.300000000000000000e+01 2.000000000000000000e+01 0.000000000000000000e+00 1.600000000000000089e+00 -2.341000000000000199e-03 -1.533000000000000074e-03 9.999959999999999960e-01 2.626740000000000186e-01 9.648820000000000174e-01 2.093999999999999941e-03 -9.648820000000000174e-01 2.626769999999999938e-01 -1.856999999999999927e-03
2.000000000000000000e+00 1.600000000000000000e+01 2.100000000000000000e+01 0.000000000000000000e+00 1.600000000000000089e+00 -3.300000000000000253e-05 7.497000000000000192e-03 9.999719999999999720e-01 2.959229999999999916e-01 9.551849999999999508e-01 -7.151000000000000238e-03 -9.552119999999999500e-01 2.959149999999999836e-01 -2.249999999999999830e-03
1.600000000000000000e+01 1.600000000000000000e+01 2.100000000000000000e+01 0.000000000000000000e+00 1.600000000000000089e+00 3.539999999999999853e-04 -9.048999999999999752e-03 9.999590000000000423e-01 2.974580000000000002e-01 9.546970000000000178e-01 8.533999999999999919e-03 -9.547350000000000003e-01 2.974430000000000129e-01 3.030000000000000141e-03
2.100000000000000000e+01 1.600000000000000000e+01 2.100000000000000000e+01 0.000000000000000000e+00 1.600000000000000089e+00 -8.610000000000000032e-04 5.823000000000000051e-03 9.999829999999999552e-01 2.982569999999999943e-01 9.544709999999999583e-01 -5.301000000000000156e-03 -9.544850000000000279e-01 2.982469999999999843e-01 -2.559000000000000077e-03
2.600000000000000000e+01 1.600000000000000000e+01 2.100000000000000000e+01 0.000000000000000000e+00 1.600000000000000089e+00 -2.782999999999999884e-03 -5.373000000000000172e-03 9.999820000000000375e-01 2.985229999999999828e-01 9.543840000000000101e-01 5.958999999999999887e-03 -9.543979999999999686e-01 2.985340000000000216e-01 -1.051999999999999984e-03
2.100000000000000000e+01 4.100000000000000000e+01 2.400000000000000000e+01 0.000000000000000000e+00 1.600000000000000089e+00 2.229790000000000105e-01 4.069600000000000301e-02 9.739740000000000064e-01 -9.067030000000000367e-01 3.755930000000000102e-01 1.918839999999999990e-01 -3.580079999999999929e-01 -9.258910000000000196e-01 1.206490000000000062e-01
1.500000000000000000e+01 2.000000000000000000e+00 2.500000000000000000e+01 0.000000000000000000e+00 1.600000000000000089e+00 1.104699999999999953e-02 -4.369100000000000067e-02 9.989839999999999831e-01 7.584200000000000663e-02 -9.961309999999999887e-01 -4.440500000000000003e-02 9.970590000000000286e-01 7.625600000000000434e-02 -7.690999999999999920e-03
2.000000000000000000e+00 3.000000000000000000e+00 2.500000000000000000e+01 0.000000000000000000e+00 1.600000000000000089e+00 9.780999999999999764e-03 -5.815999999999999989e-03 9.999350000000000183e-01 3.409199999999999731e-02 -9.993999999999999551e-01 -6.146999999999999686e-03 9.993710000000000093e-01 3.414999999999999980e-02 -9.575999999999999443e-03
8.000000000000000000e+00 3.000000000000000000e+00 2.500000000000000000e+01 0.000000000000000000e+00 1.600000000000000089e+00 9.575999999999999443e-03 -2.091600000000000056e-02 9.997350000000000403e-01 1.686700000000000005e-02 -9.996359999999999690e-01 -2.107600000000000098e-02 9.998120000000000340e-01 1.706500000000000031e-02 -9.220000000000000764e-03
1.600000000000000000e+01 3.000000000000000000e+00 2.500000000000000000e+01 0.000000000000000000e+00 1.600000000000000089e+00 2.410999999999999949e-03 -3.641799999999999898e-02 9.993339999999999446e-01 -1.603600000000000164e-02 -9.992100000000000426e-01 -3.637499999999999761e-02 9.998690000000000078e-01 -1.593800000000000078e-02 -2.994000000000000133e-03
1.900000000000000000e+01 3.000000000000000000e+00 2.500000000000000000e+01 0.000000000000000000e+00 1.600000000000000089e+00 -3.163000000000000013e-03 -1.704599999999999865e-02 9.998500000000000165e-01 -2.986499999999999919e-02 -9.994070000000000453e-01 -1.713299999999999892e-02 9.995490000000000208e-01 -2.991399999999999962e-02 2.651999999999999844e-03
2.700000000000000000e+01 4.300000000000000000e+01 2.600000000000000000e+01 0.000000000000000000e+00 1.600000000000000089e+00 -1.188089999999999979e-01 1.388169999999999960e-01 -9.831649999999999556e-01 9.848770000000000024e-01 -1.092769999999999991e-01 -1.344450000000000089e-01 -1.261009999999999909e-01 -9.842699999999999783e-01 -1.237339999999999968e-01
1.300000000000000000e+01 5.800000000000000000e+01 3.100000000000000000e+01 0.000000000000000000e+00 1.600000000000000089e+00 8.902000000000000191e-03 1.103499999999999967e-02 9.999000000000000110e-01 -8.107309999999999794e-01 -5.852589999999999737e-01 1.367600000000000066e-02 5.853509999999999547e-01 -8.107720000000000482e-01 3.736000000000000171e-03
1.900000000000000000e+01 5.800000000000000000e+01 3.100000000000000000e+01 0.000000000000000000e+00 1.600000000000000089e+00 3.800000000000000209e-04 -5.818000000000000255e-03 9.999829999999999552e-01 -8.101319999999999633e-01 -5.862399999999999833e-01 -3.102999999999999856e-03 5.862479999999999913e-01 -8.101169999999999760e-01 -4.937000000000000416e-03
2.300000000000000000e+01 5.800000000000000000e+01 3.100000000000000000e+01 0.000000000000000000e+00 1.600000000000000089e+00 2.869999999999999830e-04 -6.908000000000000078e-03 9.999759999999999760e-01 -8.087590000000000057e-01 -5.881269999999999554e-01 -3.831000000000000204e-03 5.881399999999999961e-01 -8.087389999999999857e-01 -5.754999999999999699e-03
3.000000000000000000e+01 3.200000000000000000e+01 3.600000000000000000e+01 0.000000000000000000e+00 1.600000000000000089e+00 4.010999999999999809e-03 -1.951509999999999911e-01 -9.807649999999999979e-01 5.340989999999999904e-01 8.295829999999999593e-01 -1.628840000000000010e-01 8.454129999999999701e-01 -5.231719999999999704e-01 1.075569999999999998e-01
1.000000000000000000e+01 4.600000000000000000e+01 4.100000000000000000e+01 0.000000000000000000e+00 1.600000000000000089e+00 -4.954629999999999868e-01 5.244999999999999662e-03 8.686129999999999685e-01 5.987689999999999957e-01 -7.223760000000000181e-01 3.459039999999999893e-01 6.292790000000000328e-01 6.914810000000000123e-01 3.547699999999999743e-01
2.800000000000000000e+01 4.800000000000000000e+01 4.100000000000000000e+01 0.000000000000000000e+00 1.600000000000000089e+00 1.296549999999999925e-01 6.429700000000000693e-02 9.894720000000000182e-01 8.166909999999999448e-01 5.589899999999999869e-01 -1.433389999999999942e-01 -5.623209999999999598e-01 8.266780000000000239e-01 1.996500000000000011e-02
5.000000000000000000e+00 3.000000000000000000e+00 4.300000000000000000e+01 0.000000000000000000e+00 1.600000000000000089e+00 -3.651999999999999864e-03 1.740000000000000010e-04 -9.999930000000000208e-01 7.299360000000000293e-01 -6.835099999999999509e-01 -2.785000000000000149e-03 -6.835059999999999469e-01 -7.299409999999999510e-01 2.370000000000000145e-03
3.000000000000000000e+00 3.500000000000000000e+01 4.300000000000000000e+01 0.000000000000000000e+00 1.600000000000000089e+00 -2.599750000000000116e-01 -5.153489999999999460e-01 -8.165959999999999885e-01 -9.052759999999999696e-01 4.243330000000000157e-01 2.041300000000000059e-02 3.359880000000000089e-01 7.445509999999999629e-01 -5.768489999999999451e-01
1.400000000000000000e+01 8.000000000000000000e+00 4.400000000000000000e+01 0.000000000000000000e+00 1.600000000000000089e+00 -1.273000000000000043e-03 -1.448999999999999984e-03 9.999980000000000535e-01 -7.908450000000000202e-01 -6.120139999999999469e-01 -1.894000000000000067e-03 6.120160000000000045e-01 -7.908460000000000489e-01 -3.669999999999999760e-04
1.700000000000000000e+01 8.000000000000000000e+00 4.400000000000000000e+01 0.000000000000000000e+00 1.600000000000000089e+00 4.260000000000000006e-04 4.414000000000000389e-03 9.999900000000000455e-01 -7.916889999999999761e-01 -6.109170000000000433e-01 3.033999999999999805e-03 6.109240000000000226e-01 -7.916819999999999968e-01 3.233999999999999896e-03
2.100000000000000000e+01 8.000000000000000000e+00 4.400000000000000000e+01 0.000000000000000000e+00 1.600000000000000089e+00 -3.075000000000000042e-03 6.509999999999999945e-04 9.999949999999999672e-01 -7.930749999999999744e-01 -6.091210000000000235e-01 -2.043000000000000111e-03 6.091170000000000195e-01 -7.930770000000000319e-01 2.390000000000000197e-03
2.900000000000000000e+01 8.000000000000000000e+00 4.400000000000000000e+01 0.000000000000000000e+00 1.600000000000000089e+00 -2.559999999999999884e-04 6.800999999999999754e-03 9.999770000000000048e-01 -8.023590000000000444e-01 -5.968290000000000539e-01 3.853000000000000088e-03 5.968409999999999549e-01 -8.023400000000000531e-01 5.609000000000000270e-03
4.000000000000000000e+00 3.500000000000000000e+01 4.400000000000000000e+01 0.000000000000000000e+00 1.600000000000000089e+00 -1.746600000000000097e-01 -5.674940000000000540e-01 -8.046400000000000219e-01 -9.601819999999999800e-01 2.791370000000000240e-01 1.155400000000000003e-02 2.180469999999999908e-01 7.746180000000000287e-01 -5.936510000000000398e-01
3.000000000000000000e+00 3.600000000000000000e+01 4.400000000000000000e+01 0.000000000000000000e+00 1.600000000000000089e+00 -3.622099999999999764e-01 -5.059799999999999853e-01 7.828079999999999483e-01 8.404760000000000009e-01 -5.403999999999999915e-01 3.959700000000000025e-02 4.029940000000000189e-01 6.722730000000000095e-01 6.210029999999999717e-01
2.700000000000000000e+01 2.900000000000000000e+01 4.800000000000000000e+01 0.000000000000000000e+00 1.600000000000000089e+00 4.832999999999999623e-03 -1.040770000000000028e-01 9.945570000000000244e-01 3.558239999999999736e-01 9.296550000000000091e-01 9.555600000000000205e-02 -9.345409999999999551e-01 3.534260000000000179e-01 4.152600000000000041e-02
1.300000000000000000e+01 3.700000000000000000e+01 5.100000000000000000e+01 0.000000000000000000e+00 1.600000000000000089e+00 -4.020900000000000030e-01 -3.836319999999999730e-01 8.313540000000000374e-01 9.002379999999999827e-01 -3.312789999999999901e-01 2.825349999999999806e-01 1.670210000000000028e-01 8.620210000000000372e-01 4.785639999999999894e-01
1.500000000000000000e+01 3.800000000000000000e+01 5.100000000000000000e+01 0.000000000000000000e+00 1.600000000000000089e+00 -3.731149999999999745e-01 -3.989880000000000093e-01 8.376120000000000232e-01 9.226879999999999526e-01 -2.540799999999999725e-01 2.899829999999999908e-01 9.712099999999999900e-02 8.810519999999999463e-01 4.629420000000000202e-01
1.900000000000000000e+01 7.000000000000000000e+00 5.200000000000000000e+01 0.000000000000000000e+00 1.600000000000000089e+00 -3.570000000000000040e-04 2.139999999999999975e-03 -9.999980000000000535e-01 7.695599999999999663e-02 -9.970320000000000293e-01 -2.161000000000000160e-03 -9.970339999999999758e-01 -7.695699999999999763e-02 1.910000000000000077e-04
2.700000000000000000e+01 5.800000000000000000e+01 5.200000000000000000e+01 0.000000000000000000e+00 1.600000000000000089e+00 -8.796999999999999265e-03 -1.214600000000000055e-02 9.998879999999999990e-01 -6.141950000000000465e-01 7.891430000000000389e-01 4.181999999999999953e-03 -7.891049999999999454e-01 -6.140889999999999960e-01 -1.440199999999999987e-02
2.300000000000000000e+01 5.700000000000000000e+01 5.300000000000000000e+01 0.000000000000000000e+00 1.600000000000000089e+00 -1.276900000000000084e-02 -1.581199999999999967e-02 9.997930000000000428e-01 -5.393489999999999673e-01 8.420579999999999732e-01 6.428999999999999819e-03 -8.419849999999999834e-01 -5.391559999999999686e-01 -1.927999999999999853e-02
1.000000000000000000e+00 6.300000000000000000e+01 5.400000000000000000e+01 0.000000000000000000e+00 1.600000000000000089e+00 -1.141000000000000087e-03 -6.288000000000000186e-03 9.999799999999999800e-01 -3.559200000000000141e-01 9.344999999999999973e-01 5.470000000000000036e-03 -9.345160000000000133e-01 -3.559069999999999734e-01 -3.305000000000000212e-03
1.000000000000000000e+01 6.300000000000000000e+01 5.400000000000000000e+01 0.000000000000000000e+00 1.600000000000000089e+00 2.329999999999999986e-04 -2.680000000000000090e-03 9.999959999999999960e-01 -3.587270000000000181e-01 9.334390000000000187e-01 2.585000000000000058e-03 -9.334430000000000227e-01 -3.587259999999999893e-01 -7.439999999999999782e-04
1.600000000000000000e+01 6.300000000000000000e+01 5.400000000000000000e+01 0.000000000000000000e+00 1.600000000000000089e+00 1.806000000000000097e-03 -8.200000000000000095e-05 9.999980000000000535e-01 -3.630390000000000006e-01 9.317739999999999911e-01 7.320000000000000118e-04 -9.317720000000000447e-01 -3.630390000000000006e-01 1.652999999999999955e-03
2.400000000000000000e+01 6.300000000000000000e+01 5.400000000000000000e+01 0.000000000000000000e+00 1.600000000000000089e+00 -2.017999999999999829e-03 -5.130000000000000011e-03 9.999850000000000128e-01 -3.688359999999999972e-01 9.294860000000000344e-01 4.023999999999999799e-03 -9.294919999999999849e-01 -3.688219999999999832e-01 -3.768000000000000082e-03
7.000000000000000000e+00 2.500000000000000000e+01 5.500000000000000000e+01 0.000000000000000000e+00 1.600000000000000089e+00 8.520000000000000013e-04 1.634999999999999952e-03 -9.999980000000000535e-01 -1.069999999999999944e-02 -9.999409999999999688e-01 -1.644000000000000062e-03 -9.999419999999999975e-01 1.070100000000000044e-02 -8.339999999999999974e-04
2.500000000000000000e+01 2.600000000000000000e+01 5.500000000000000000e+01 0.000000000000000000e+00 1.600000000000000089e+00 -4.150000000000000043e-04 -5.253999999999999990e-03 -9.999860000000000415e-01 -2.804699999999999901e-02 -9.995929999999999538e-01 5.263999999999999582e-03 -9.996059999999999945e-01 2.804900000000000101e-02 2.669999999999999847e-04
2.600000000000000000e+01 2.900000000000000000e+01 5.500000000000000000e+01 0.000000000000000000e+00 1.600000000000000089e+00 2.939000000000000206e-03 3.848499999999999838e-02 9.992550000000000043e-01 6.906500000000000139e-02 -9.968810000000000171e-01 3.819100000000000272e-02 9.976080000000000503e-01 6.890100000000000391e-02 -5.586999999999999952e-03
2.800000000000000000e+01 5.800000000000000000e+01 5.900000000000000000e+01 0.000000000000000000e+00 1.600000000000000089e+00 1.526240000000000097e-01 3.083600000000000230e-01 -9.389459999999999473e-01 3.537330000000000196e-01 8.700900000000000301e-01 3.432450000000000223e-01 9.228100000000000191e-01 -3.845230000000000037e-01 2.371900000000000050e-02
1.200000000000000000e+01 2.000000000000000000e+01 6.000000000000000000e+01 0.000000000000000000e+00 1.600000000000000089e+00 1.376999999999999969e-03 -2.145999999999999904e-03 9.999970000000000248e-01 -6.040800000000000336e-02 9.981710000000000305e-01 2.226000000000000114e-03 -9.981729999999999769e-01 -6.041099999999999942e-02 1.245000000000000013e-03
2.500000000000000000e+01 2.000000000000000000e+01 6.000000000000000000e+01 0.000000000000000000e+00 1.600000000000000089e+00 1.521999999999999915e-03 1.521999999999999915e-03 9.999980000000000535e-01 -6.303799999999999681e-02 9.980099999999999527e-01 -1.423000000000000003e-03 -9.980099999999999527e-01 -6.303499999999999381e-02 1.614999999999999899e-03
3.000000000000000000e+00 2.100000000000000000e+01 6.000000000000000000e+01 0.000000000000000000e+00 1.600000000000000089e+00 6.700000000000000226e-05 -1.095000000000000053e-03 9.999989999999999712e-01 -9.525899999999999646e-02 9.954520000000000035e-01 1.097000000000000102e-03 -9.954530000000000323e-01 -9.525899999999999646e-02 -3.699999999999999811e-05
8.000000000000000000e+00 2.100000000000000000e+01 6.000000000000000000e+01 0.000000000000000000e+00 1.600000000000000089e+00 7.849999999999999990e-04 -6.558999999999999726e-03 9.999780000000000335e-01 -9.288499999999999535e-02 9.956549999999999567e-01 6.603999999999999627e-03 -9.956770000000000342e-01 -9.288799999999999835e-02 1.720000000000000066e-04
1.600000000000000000e+01 2.100000000000000000e+01 6.000000000000000000e+01 0.000000000000000000e+00 1.600000000000000089e+00 -9.219999999999999680e-04 -3.883000000000000167e-03 9.999919999999999920e-01 -9.734299999999999897e-02 9.952440000000000175e-01 3.775000000000000144e-03 -9.952499999999999680e-01 -9.733899999999999497e-02 -1.294999999999999927e-03
2.200000000000000000e+01 2.100000000000000000e+01 6.000000000000000000e+01 0.000000000000000000e+00 1.600000000000000089e+00 -2.100000000000000087e-04 2.733999999999999885e-03 9.999959999999999960e-01 -9.524199999999999333e-02 9.954499999999999460e-01 -2.740999999999999947e-03 -9.954539999999999500e-01 -9.524199999999999333e-02 5.099999999999999960e-05
2.000000000000000000e+00 2.700000000000000000e+01 6.300000000000000000e+01 0.000000000000000000e+00 1.600000000000000089e+00 2.932999999999999843e-03 -3.912999999999999812e-03 9.999879999999999880e-01 -2.749860000000000082e-01 9.614369999999999861e-01 4.569000000000000145e-03 -9.614439999999999653e-01 -2.749960000000000182e-01 1.742999999999999975e-03
6.000000000000000000e+00 2.700000000000000000e+01 6.300000000000000000e+01 0.000000000000000000e+00 1.600000000000000089e+00 2.001000000000000174e-03 -1.046000000000000055e-03 9.999970000000000248e-01 -2.748829999999999885e-01 9.614759999999999973e-01 1.556000000000000091e-03 -9.614759999999999973e-01 -2.748849999999999905e-01 1.636000000000000084e-03
9.000000000000000000e+00 2.700000000000000000e+01 6.300000000000000000e+01 0.000000000000000000e+00 1.600000000000000089e+00 4.889999999999999599e-04 -7.143000000000000044e-03 9.999740000000000295e-01 -2.758959999999999746e-01 9.611619999999999608e-01 7.001000000000000278e-03 -9.611870000000000136e-01 -2.758920000000000261e-01 -1.500000000000000031e-03
1.400000000000000000e+01 2.700000000000000000e+01 6.300000000000000000e+01 0.000000000000000000e+00 1.600000000000000089e+00 -1.748999999999999904e-03 -8.184999999999999568e-03 9.999649999999999928e-01 -2.765630000000000033e-01 9.609680000000000444e-01 7.381999999999999673e-03 -9.609940000000000149e-01 -2.765400000000000080e-01 -3.943999999999999589e-03
2.500000000000000000e+01 2.700000000000000000e+01 6.300000000000000000e+01 0.000000000000000000e+00 1.600000000000000089e+00 -6.999999999999999895e-06 7.569999999999999689e-04 1.000000000000000000e+00 -2.707100000000000062e-01 9.626609999999999889e-01 -7.309999999999999875e-04 -9.626609999999999889e-01 -2.707100000000000062e-01 1.979999999999999881e-04
3.000000000000000000e+01 2.700000000000000000e+01 6.300000000000000000e+01 0.000000000000000000e+00 1.600000000000000089e+00 -3.677000000000000147e-03 7.119999999999999593e-04 9.999930000000000208e-01 -2.732970000000000121e-01 9.619280000000000053e-01 -1.690000000000000096e-03 -9.619229999999999725e-01 -2.733010000000000161e-01 -3.343000000000000051e-03
3.000000000000000000e+00 2.600000000000000000e+01 6.400000000000000000e+01 0.000000000000000000e+00 1.600000000000000089e+00 3.308999999999999875e-03 -3.798000000000000161e-03 9.999869999999999592e-01 -3.670269999999999921e-01 9.301979999999999693e-01 4.747999999999999617e-03 -9.302049999999999486e-01 -3.670379999999999754e-01 1.683999999999999950e-03
9.000000000000000000e+00 2.600000000000000000e+01 6.400000000000000000e+01 0.000000000000000000e+00 1.600000000000000089e+00 1.889000000000000054e-03 -7.342999999999999701e-03 9.999710000000000543e-01 -3.653310000000000168e-01 9.308469999999999800e-01 7.525999999999999704e-03 -9.308760000000000367e-01 -3.653339999999999921e-01 -9.240000000000000166e-04
1.400000000000000000e+01 2.600000000000000000e+01 6.400000000000000000e+01 0.000000000000000000e+00 1.600000000000000089e+00 -1.134999999999999941e-03 -9.783000000000000029e-03 9.999510000000000343e-01 -3.674319999999999808e-01 9.300100000000000033e-01 8.682000000000000481e-03 -9.300500000000000433e-01 -3.674040000000000084e-01 -4.649999999999999620e-03
1.900000000000000000e+01 2.600000000000000000e+01 6.400000000000000000e+01 0.000000000000000000e+00 1.600000000000000089e+00 -1.129999999999999955e-04 -1.301000000000000073e-03 9.999989999999999712e-01 -3.623560000000000114e-01 9.320389999999999509e-01 1.172000000000000082e-03 -9.320399999999999796e-01 -3.623560000000000114e-01 -5.770000000000000389e-04
2.500000000000000000e+01 2.600000000000000000e+01 6.400000000000000000e+01 0.000000000000000000e+00 1.600000000000000089e+00 5.739999999999999660e-04 5.169999999999999899e-04 1.000000000000000000e+00 -3.627730000000000121e-01 9.318769999999999554e-01 -2.739999999999999923e-04 -9.318769999999999554e-01 -3.627730000000000121e-01 7.230000000000000098e-04
3.000000000000000000e+01 2.600000000000000000e+01 6.400000000000000000e+01 0.000000000000000000e+00 1.600000000000000089e+00 -3.111000000000000050e-03 -1.288000000000000082e-03 9.999940000000000495e-01 -3.682420000000000138e-01 9.297299999999999454e-01 5.199999999999999680e-05 -9.297250000000000236e-01 -3.682400000000000118e-01 -3.366000000000000068e-03
2.600000000000000000e+01 8.000000000000000000e+00 6.700000000000000000e+01 0.000000000000000000e+00 1.600000000000000089e+00 -3.592000000000000141e-03 -6.474999999999999853e-03 -9.999730000000000008e-01 -1.391539999999999999e-01 -9.902469999999999883e-01 6.910999999999999609e-03 -9.902640000000000331e-01 1.391749999999999932e-01 2.655999999999999941e-03
2.700000000000000000e+01 7.100000000000000000e+01 7.200000000000000000e+01 0.000000000000000000e+00 1.600000000000000089e+00 7.425169999999999826e-01 4.309419999999999917e-01 5.127930000000000543e-01 -3.587770000000000126e-01 -3.906089999999999840e-01 8.477639999999999620e-01 5.656390000000000029e-01 -8.134580000000000144e-01 -1.354219999999999868e-01
4.000000000000000000e+00 2.500000000000000000e+01 7.300000000000000000e+01 0.000000000000000000e+00 1.600000000000000089e+00 2.926999999999999914e-03 -1.136999999999999990e-03 9.999949999999999672e-01 7.641499999999999959e-01 -6.450320000000000498e-01 -2.969999999999999984e-03 6.450320000000000498e-01 7.641550000000000287e-01 -1.018999999999999941e-03
1.000000000000000000e+01 2.500000000000000000e+01 7.300000000000000000e+01 0.000000000000000000e+00 1.600000000000000089e+00 -3.523000000000000090e-03 -1.354799999999999928e-02 9.999019999999999575e-01 7.526669999999999749e-01 -6.583719999999999573e-01 -6.269000000000000267e-03 6.583919999999999773e-01 7.525709999999999900e-01 1.251700000000000035e-02
1.800000000000000000e+01 2.500000000000000000e+01 7.300000000000000000e+01 0.000000000000000000e+00 1.600000000000000089e+00 -1.072999999999999952e-03 -6.629999999999999609e-04 9.999989999999999712e-01 7.505669999999999842e-01 -6.607939999999999925e-01 3.669999999999999760e-04 6.607929999999999637e-01 7.505669999999999842e-01 1.206999999999999957e-03
2.400000000000000000e+01 2.500000000000000000e+01 7.300000000000000000e+01 0.000000000000000000e+00 1.600000000000000089e+00 2.030999999999999819e-03 5.457000000000000045e-03 9.999829999999999552e-01 7.553469999999999906e-01 -6.553219999999999601e-01 2.040999999999999846e-03 6.553219999999999601e-01 7.553299999999999459e-01 -5.453000000000000382e-03
4.000000000000000000e+00 4.400000000000000000e+01 7.300000000000000000e+01 0.000000000000000000e+00 1.600000000000000089e+00 -7.060000000000000303e-04 -1.884999999999999957e-03 9.999980000000000535e-01 5.428299999999999792e-02 -9.985239999999999672e-01 -1.843999999999999936e-03 9.985249999999999959e-01 5.428199999999999692e-02 8.080000000000000160e-04
1.100000000000000000e+01 4.400000000000000000e+01 7.300000000000000000e+01 0.000000000000000000e+00 1.600000000000000089e+00 3.480000000000000020e-04 8.970000000000000109e-04 1.000000000000000000e+00 5.484699999999999992e-02 -9.984939999999999927e-01 8.760000000000000425e-04 9.984950000000000214e-01 5.484699999999999992e-02 -3.959999999999999762e-04
2.700000000000000000e+01 5.600000000000000000e+01 7.500000000000000000e+01 0.000000000000000000e+00 1.600000000000000089e+00 4.279649999999999843e-01 8.048769999999999536e-01 4.111199999999999855e-01 9.797000000000000153e-03 4.507229999999999848e-01 -8.926100000000000145e-01 -9.037420000000000453e-01 3.860330000000000150e-01 1.850080000000000058e-01
