5.000000000000000000e+00 3.000000000000000000e+00 4.000000000000000000e+00 0.000000000000000000e+00 1.600000000000000089e+00 -2.001199999999999923e-01 -9.872499999999999332e-02 -9.747850000000000126e-01 -8.788249999999999673e-01 -4.217549999999999910e-01 2.231350000000000000e-01 -4.331490000000000062e-01 9.013189999999999813e-01 -2.360999999999999818e-03
7.000000000000000000e+00 1.500000000000000000e+01 4.000000000000000000e+00 0.000000000000000000e+00 1.600000000000000089e+00 -6.040000000000000447e-04 -6.033000000000000168e-03 9.999820000000000375e-01 3.100990000000000135e-01 -9.506879999999999775e-01 -5.547999999999999980e-03 9.507039999999999935e-01 3.100899999999999768e-01 2.445000000000000125e-03
1.300000000000000000e+01 1.500000000000000000e+01 4.000000000000000000e+00 0.000000000000000000e+00 1.600000000000000089e+00 -2.054999999999999969e-03 -2.772000000000000158e-03 9.999940000000000495e-01 3.079399999999999915e-01 -9.514040000000000274e-01 -2.004000000000000139e-03 9.514040000000000274e-01 3.079339999999999855e-01 2.808999999999999865e-03
1.900000000000000000e+01 1.500000000000000000e+01 4.000000000000000000e+00 0.000000000000000000e+00 1.600000000000000089e+00 6.539999999999999590e-04 -3.719999999999999891e-04 1.000000000000000000e+00 3.094899999999999873e-01 -9.509030000000000538e-01 -5.559999999999999621e-04 9.509030000000000538e-01 3.094899999999999873e-01 -5.069999999999999637e-04
2.600000000000000000e+01 1.500000000000000000e+01 4.000000000000000000e+00 0.000000000000000000e+00 1.600000000000000089e+00 2.263999999999999953e-03 -4.702999999999999715e-03 9.999860000000000415e-01 3.125760000000000205e-01 -9.498790000000000289e-01 -5.174999999999999913e-03 9.498900000000000121e-01 3.125839999999999730e-01 -6.809999999999999647e-04
2.000000000000000000e+00 1.600000000000000000e+01 4.000000000000000000e+00 0.000000000000000000e+00 1.600000000000000089e+00 1.360000000000000098e-03 -3.589999999999999984e-04 9.999989999999999712e-01 3.831570000000000253e-01 -9.236830000000000318e-01 -8.520000000000000013e-04 9.236820000000000030e-01 3.831579999999999986e-01 -1.118000000000000070e-03
6.000000000000000000e+00 1.010000000000000000e+02 7.000000000000000000e+00 0.000000000000000000e+00 1.600000000000000089e+00 4.010999999999999809e-03 2.129999999999999949e-03 9.999900000000000455e-01 8.848799999999999999e-01 4.657970000000000166e-01 -4.540999999999999898e-03 -4.658019999999999938e-01 8.848890000000000366e-01 -1.699999999999999987e-05
1.200000000000000000e+01 1.010000000000000000e+02 7.000000000000000000e+00 0.000000000000000000e+00 1.600000000000000089e+00 3.903999999999999918e-03 -2.116300000000000125e-02 9.997679999999999900e-01 8.910470000000000335e-01 4.538710000000000244e-01 6.127999999999999767e-03 -4.538949999999999929e-01 8.908160000000000522e-01 2.062900000000000150e-02
1.800000000000000000e+01 1.010000000000000000e+02 7.000000000000000000e+00 0.000000000000000000e+00 1.600000000000000089e+00 -1.152999999999999945e-03 -5.815999999999999989e-03 9.999820000000000375e-01 8.916100000000000136e-01 4.527889999999999970e-01 3.661000000000000192e-03 -4.528030000000000110e-01 8.915990000000000304e-01 4.662999999999999610e-03
1.000000000000000000e+00 2.500000000000000000e+01 8.000000000000000000e+00 0.000000000000000000e+00 1.600000000000000089e+00 -1.853000000000000046e-03 -6.250999999999999612e-03 -9.999789999999999512e-01 4.418909999999999783e-01 8.970460000000000100e-01 -6.426000000000000288e-03 8.970669999999999478e-01 -4.418940000000000090e-01 1.100000000000000066e-03
6.000000000000000000e+00 2.500000000000000000e+01 8.000000000000000000e+00 0.000000000000000000e+00 1.600000000000000089e+00 -1.234999999999999987e-03 -5.083999999999999977e-03 -9.999860000000000415e-01 4.436919999999999753e-01 8.961649999999999894e-01 -5.104000000000000030e-03 8.961780000000000301e-01 -4.436919999999999753e-01 1.149000000000000065e-03
1.400000000000000000e+01 2.500000000000000000e+01 8.000000000000000000e+00 0.000000000000000000e+00 1.600000000000000089e+00 -8.109999999999999805e-04 1.949999999999999910e-03 -9.999980000000000535e-01 4.444739999999999802e-01 8.957899999999999752e-01 1.386999999999999995e-03 8.957910000000000039e-01 -4.444719999999999782e-01 -1.593000000000000015e-03
1.800000000000000000e+01 2.500000000000000000e+01 8.000000000000000000e+00 0.000000000000000000e+00 1.600000000000000089e+00 -5.700000000000000314e-05 7.119999999999999593e-04 -1.000000000000000000e+00 4.437229999999999785e-01 8.961639999999999606e-01 6.130000000000000466e-04 8.961639999999999606e-01 -4.437229999999999785e-01 -3.669999999999999760e-04
2.500000000000000000e+01 2.500000000000000000e+01 8.000000000000000000e+00 0.000000000000000000e+00 1.600000000000000089e+00 1.949999999999999965e-04 -2.448999999999999788e-03 -9.999970000000000248e-01 4.449640000000000262e-01 8.955459999999999532e-01 -2.105999999999999799e-03 8.955490000000000395e-01 -4.449620000000000242e-01 1.263999999999999933e-03
2.800000000000000000e+01 2.500000000000000000e+01 8.000000000000000000e+00 0.000000000000000000e+00 1.600000000000000089e+00 -8.700000000000000051e-05 -9.579999999999999974e-03 -9.999540000000000095e-01 4.468329999999999802e-01 8.945760000000000378e-01 -8.609999999999999598e-03 8.946169999999999956e-01 -4.468130000000000157e-01 4.203000000000000139e-03
7.000000000000000000e+00 2.400000000000000000e+01 9.000000000000000000e+00 0.000000000000000000e+00 1.600000000000000089e+00 -1.391000000000000092e-03 -6.987000000000000155e-03 -9.999749999999999472e-01 4.497709999999999764e-01 8.931170000000000497e-01 -6.865999999999999708e-03 8.931430000000000202e-01 -4.497700000000000031e-01 1.899999999999999996e-03
1.500000000000000000e+01 2.400000000000000000e+01 9.000000000000000000e+00 0.000000000000000000e+00 1.600000000000000089e+00 -2.210000000000000050e-04 2.076999999999999853e-03 -9.999980000000000535e-01 4.498090000000000144e-01 8.931230000000000002e-01 1.755999999999999965e-03 8.931249999999999467e-01 -4.498070000000000124e-01 -1.131999999999999977e-03
2.100000000000000000e+01 2.400000000000000000e+01 9.000000000000000000e+00 0.000000000000000000e+00 1.600000000000000089e+00 1.240000000000000054e-04 2.128000000000000117e-03 -9.999980000000000535e-01 4.490569999999999840e-01 8.935009999999999897e-01 1.956999999999999972e-03 8.935030000000000472e-01 -4.490560000000000107e-01 -8.450000000000000479e-04
2.500000000000000000e+01 2.400000000000000000e+01 9.000000000000000000e+00 0.000000000000000000e+00 1.600000000000000089e+00 -2.509999999999999753e-04 -3.044999999999999964e-03 -9.999949999999999672e-01 4.506040000000000045e-01 8.927199999999999580e-01 -2.831000000000000183e-03 8.927239999999999620e-01 -4.506020000000000025e-01 1.147999999999999932e-03
2.800000000000000000e+01 2.400000000000000000e+01 9.000000000000000000e+00 0.000000000000000000e+00 1.600000000000000089e+00 -5.519999999999999733e-04 -9.560000000000000789e-03 -9.999540000000000095e-01 4.521870000000000056e-01 8.918800000000000061e-01 -8.777000000000000079e-03 8.919230000000000214e-01 -4.521709999999999896e-01 3.831000000000000204e-03
9.000000000000000000e+00 3.100000000000000000e+01 1.200000000000000000e+01 0.000000000000000000e+00 1.600000000000000089e+00 -1.820000000000000057e-04 2.259000000000000157e-03 9.999970000000000248e-01 -5.082999999999999845e-03 9.999850000000000128e-01 -2.259999999999999856e-03 -9.999869999999999592e-01 -5.082999999999999845e-03 -1.700000000000000122e-04
1.900000000000000000e+01 3.000000000000000000e+00 1.300000000000000000e+01 0.000000000000000000e+00 1.600000000000000089e+00 2.729999999999999788e-03 1.378060000000000118e-01 9.904549999999999743e-01 -2.196400000000000088e-02 9.902279999999999971e-01 -1.377140000000000031e-01 -9.997549999999999493e-01 -2.137800000000000117e-02 5.729999999999999850e-03
6.000000000000000000e+00 3.200000000000000000e+01 1.400000000000000000e+01 0.000000000000000000e+00 1.600000000000000089e+00 7.609999999999999577e-04 2.383000000000000135e-03 -9.999970000000000248e-01 1.124280000000000002e-01 9.936570000000000125e-01 2.452999999999999885e-03 9.936599999999999877e-01 -1.124300000000000022e-01 4.879999999999999898e-04
2.900000000000000000e+01 3.200000000000000000e+01 1.400000000000000000e+01 0.000000000000000000e+00 1.600000000000000089e+00 -8.829999999999999958e-04 2.801999999999999803e-03 -9.999959999999999960e-01 1.086189999999999933e-01 9.940799999999999637e-01 2.688999999999999984e-03 9.940830000000000499e-01 -1.086160000000000042e-01 -1.182000000000000108e-03
3.000000000000000000e+00 1.200000000000000000e+01 1.500000000000000000e+01 0.000000000000000000e+00 1.600000000000000089e+00 -3.229999999999999907e-04 -2.305000000000000191e-03 -9.999970000000000248e-01 -4.599670000000000147e-01 -8.879329999999999723e-01 2.194999999999999903e-03 -8.879359999999999475e-01 4.599670000000000147e-01 -7.739999999999999485e-04
9.000000000000000000e+00 1.200000000000000000e+01 1.500000000000000000e+01 0.000000000000000000e+00 1.600000000000000089e+00 -1.164000000000000104e-03 -4.053000000000000179e-03 -9.999909999999999632e-01 -4.665199999999999902e-01 -8.845009999999999817e-01 4.127999999999999725e-03 -8.845100000000000184e-01 4.665210000000000190e-01 -8.610000000000000032e-04
1.400000000000000000e+01 1.200000000000000000e+01 1.500000000000000000e+01 0.000000000000000000e+00 1.600000000000000089e+00 -3.608999999999999795e-03 -2.948999999999999799e-03 -9.999890000000000168e-01 -4.692359999999999864e-01 -8.830620000000000136e-01 4.297999999999999737e-03 -8.830660000000000176e-01 4.692459999999999964e-01 1.802999999999999915e-03
1.800000000000000000e+01 1.200000000000000000e+01 1.500000000000000000e+01 0.000000000000000000e+00 1.600000000000000089e+00 -3.420999999999999996e-03 -2.376000000000000074e-03 -9.999909999999999632e-01 -4.677339999999999831e-01 -8.838610000000000078e-01 3.700000000000000164e-03 -8.838629999999999542e-01 4.677430000000000199e-01 1.912999999999999987e-03
2.200000000000000000e+01 1.200000000000000000e+01 1.500000000000000000e+01 0.000000000000000000e+00 1.600000000000000089e+00 -1.227999999999999925e-03 -8.571999999999999759e-03 -9.999630000000000463e-01 -4.662899999999999823e-01 -8.845939999999999914e-01 8.155000000000000790e-03 -8.846309999999999452e-01 4.662830000000000030e-01 -2.910999999999999959e-03
2.600000000000000000e+01 1.200000000000000000e+01 1.500000000000000000e+01 0.000000000000000000e+00 1.600000000000000089e+00 -2.109000000000000197e-03 -6.568000000000000053e-03 -9.999759999999999760e-01 -4.663570000000000215e-01 -8.845709999999999962e-01 6.793999999999999692e-03 -8.845939999999999914e-01 4.663599999999999968e-01 -1.198000000000000063e-03
2.900000000000000000e+01 1.200000000000000000e+01 1.500000000000000000e+01 0.000000000000000000e+00 1.600000000000000089e+00 -1.605000000000000090e-03 -2.005999999999999971e-03 -9.999970000000000248e-01 -4.683370000000000033e-01 -8.835460000000000536e-01 2.524000000000000202e-03 -8.835480000000000000e-01 4.683399999999999785e-01 4.789999999999999879e-04
2.000000000000000000e+00 1.160000000000000000e+02 1.600000000000000000e+01 0.000000000000000000e+00 1.600000000000000089e+00 -7.370000000000000249e-04 -2.093999999999999941e-03 9.999970000000000248e-01 7.169290000000000385e-01 6.971439999999999859e-01 1.988000000000000184e-03 -6.971460000000000434e-01 7.169280000000000097e-01 9.879999999999999460e-04
6.000000000000000000e+00 1.160000000000000000e+02 1.600000000000000000e+01 0.000000000000000000e+00 1.600000000000000089e+00 1.330999999999999935e-03 -2.010000000000000068e-03 9.999970000000000248e-01 7.100929999999999742e-01 7.041079999999999561e-01 4.710000000000000102e-04 -7.041060000000000096e-01 7.100910000000000277e-01 2.364000000000000216e-03
1.100000000000000000e+01 1.160000000000000000e+02 1.600000000000000000e+01 0.000000000000000000e+00 1.600000000000000089e+00 3.499999999999999964e-04 1.056000000000000081e-03 9.999989999999999712e-01 7.249830000000000441e-01 6.887659999999999894e-01 -9.810000000000001011e-04 -6.887659999999999894e-01 7.249830000000000441e-01 -5.249999999999999676e-04
1.500000000000000000e+01 1.160000000000000000e+02 1.600000000000000000e+01 0.000000000000000000e+00 1.600000000000000089e+00 -1.382999999999999898e-03 -1.812999999999999941e-03 9.999970000000000248e-01 7.267019999999999591e-01 6.869490000000000318e-01 2.250999999999999963e-03 -6.869520000000000071e-01 7.267029999999999879e-01 3.669999999999999760e-04
1.800000000000000000e+01 1.160000000000000000e+02 1.600000000000000000e+01 0.000000000000000000e+00 1.600000000000000089e+00 -1.129000000000000012e-03 -8.639999999999999677e-04 9.999989999999999712e-01 6.963390000000000413e-01 7.177120000000000166e-01 1.405999999999999915e-03 -7.177130000000000454e-01 6.963390000000000413e-01 -2.079999999999999872e-04
2.000000000000000000e+00 2.000000000000000000e+00 1.900000000000000000e+01 0.000000000000000000e+00 1.600000000000000089e+00 1.601999999999999908e-03 -2.842199999999999935e-02 -9.995950000000000113e-01 2.230040000000000078e-01 -9.744129999999999736e-01 2.806300000000000114e-02 -9.748160000000000158e-01 -2.229589999999999905e-01 4.776999999999999996e-03
7.000000000000000000e+00 2.000000000000000000e+00 1.900000000000000000e+01 0.000000000000000000e+00 1.600000000000000089e+00 1.532599999999999935e-02 -1.725700000000000151e-02 -9.997340000000000115e-01 2.331419999999999881e-01 -9.722300000000000386e-01 2.035700000000000010e-02 -9.723220000000000196e-01 -2.333909999999999874e-01 -1.087699999999999952e-02
1.100000000000000000e+01 2.000000000000000000e+00 1.900000000000000000e+01 0.000000000000000000e+00 1.600000000000000089e+00 1.233300000000000021e-02 -4.303999999999999666e-03 -9.999149999999999983e-01 2.342779999999999863e-01 -9.721440000000000081e-01 7.074999999999999692e-03 -9.720910000000000384e-01 -2.343449999999999978e-01 -1.098099999999999944e-02
1.500000000000000000e+01 2.000000000000000000e+00 1.900000000000000000e+01 0.000000000000000000e+00 1.600000000000000089e+00 6.739000000000000198e-03 -1.062500000000000076e-02 -9.999209999999999487e-01 2.262550000000000117e-01 -9.739959999999999729e-01 1.187399999999999914e-02 -9.740450000000000497e-01 -2.263169999999999904e-01 -4.159999999999999636e-03
2.900000000000000000e+01 2.000000000000000000e+00 1.900000000000000000e+01 0.000000000000000000e+00 1.600000000000000089e+00 8.949999999999999623e-04 -1.226499999999999986e-02 -9.999240000000000350e-01 1.904139999999999999e-01 -9.816279999999999450e-01 1.221099999999999963e-02 -9.817029999999999923e-01 -1.904099999999999959e-01 1.456000000000000046e-03
9.000000000000000000e+00 1.300000000000000000e+01 2.000000000000000000e+01 0.000000000000000000e+00 1.600000000000000089e+00 1.734999999999999997e-03 1.379000000000000017e-03 9.999980000000000535e-01 2.633050000000000113e-01 9.647109999999999852e-01 -1.788000000000000093e-03 -9.647109999999999852e-01 2.633070000000000133e-01 1.311000000000000099e-03
1.800000000000000000e+01 1.300000000000000000e+01 2.000000000000000000e+01 0.000000000000000000e+00 1.600000000000000089e+00 -8.130000000000000291e-04 3.661000000000000192e-03 9.999930000000000208e-01 2.631939999999999835e-01 9.647369999999999557e-01 -3.318000000000000203e-03 -9.647430000000000172e-01 2.631890000000000063e-01 -1.747999999999999988e-03
2.500000000000000000e+01 1.300000000000000000e+01 2.000000000000000000e+01 0.000000000000000000e+00 1.600000000000000089e+00 -7.299999999999999903e-05 -2.902000000000000066e-03 9.999959999999999960e-01 2.598980000000000179e-01 9.656320000000000459e-01 2.821000000000000157e-03 -9.656360000000000499e-01 2.598969999999999891e-01 6.830000000000000134e-04
7.000000000000000000e+00 3.000000000000000000e+00 2.500000000000000000e+01 0.000000000000000000e+00 1.600000000000000089e+00 -2.884999999999999978e-03 -4.028000000000000330e-03 9.999879999999999880e-01 -3.605799999999999977e-02 -9.993410000000000348e-01 -4.128999999999999858e-03 9.993459999999999566e-01 -3.606999999999999790e-02 2.737999999999999982e-03
1.000000000000000000e+01 3.000000000000000000e+00 2.500000000000000000e+01 0.000000000000000000e+00 1.600000000000000089e+00 -1.649000000000000075e-03 7.522000000000000040e-03 9.999700000000000255e-01 -3.702899999999999942e-02 -9.992860000000000076e-01 7.455999999999999954e-03 9.993130000000000068e-01 -3.701600000000000029e-02 1.925999999999999978e-03
1.900000000000000000e+01 3.000000000000000000e+00 2.500000000000000000e+01 0.000000000000000000e+00 1.600000000000000089e+00 2.918000000000000021e-03 -1.990000000000000124e-04 9.999959999999999960e-01 -4.537100000000000161e-02 -9.989700000000000246e-01 -6.700000000000000226e-05 9.989660000000000206e-01 -4.537000000000000061e-02 -2.923999999999999950e-03
2.200000000000000000e+01 3.000000000000000000e+00 2.500000000000000000e+01 0.000000000000000000e+00 1.600000000000000089e+00 3.161999999999999880e-03 -2.889999999999999774e-04 9.999949999999999672e-01 -4.896500000000000158e-02 -9.988000000000000211e-01 -1.340000000000000045e-04 9.987960000000000171e-01 -4.896400000000000058e-02 -3.173000000000000039e-03
2.600000000000000000e+01 3.000000000000000000e+00 2.500000000000000000e+01 0.000000000000000000e+00 1.600000000000000089e+00 3.339999999999999870e-04 -6.036999999999999832e-03 9.999820000000000375e-01 -5.464299999999999713e-02 -9.984880000000000422e-01 -6.008999999999999585e-03 9.985060000000000047e-01 -5.464000000000000107e-02 -6.639999999999999852e-04
6.000000000000000000e+00 4.600000000000000000e+01 2.700000000000000000e+01 0.000000000000000000e+00 1.600000000000000089e+00 -3.809999999999999910e-04 1.490000000000000005e-03 -9.999989999999999712e-01 6.728969999999999674e-01 7.397359999999999491e-01 8.459999999999999638e-04 7.397359999999999491e-01 -6.728960000000000496e-01 -1.283999999999999985e-03
1.500000000000000000e+01 4.600000000000000000e+01 2.700000000000000000e+01 0.000000000000000000e+00 1.600000000000000089e+00 -5.039999999999999992e-04 2.220000000000000185e-03 -9.999970000000000248e-01 6.828969999999999763e-01 7.305139999999999967e-01 1.276999999999999923e-03 7.305150000000000254e-01 -6.828940000000000010e-01 -1.884999999999999957e-03
2.000000000000000000e+01 4.600000000000000000e+01 2.700000000000000000e+01 0.000000000000000000e+00 1.600000000000000089e+00 -1.230000000000000082e-04 -8.379999999999999862e-04 -1.000000000000000000e+00 6.795170000000000377e-01 7.336599999999999788e-01 -6.980000000000000527e-04 7.336599999999999788e-01 -6.795170000000000377e-01 4.789999999999999879e-04
1.500000000000000000e+01 4.600000000000000000e+01 3.000000000000000000e+01 0.000000000000000000e+00 1.600000000000000089e+00 -6.960000000000000041e-04 -6.539999999999999590e-04 -1.000000000000000000e+00 3.333139999999999992e-01 9.428149999999999586e-01 -8.490000000000000368e-04 9.428159999999999874e-01 -3.333149999999999724e-01 -4.380000000000000213e-04
2.400000000000000000e+01 4.600000000000000000e+01 3.000000000000000000e+01 0.000000000000000000e+00 1.600000000000000089e+00 1.540000000000000028e-04 -9.859999999999998974e-04 -1.000000000000000000e+00 3.314969999999999861e-01 9.434559999999999613e-01 -8.790000000000000070e-04 9.434559999999999613e-01 -3.314969999999999861e-01 4.719999999999999803e-04
3.000000000000000000e+00 5.800000000000000000e+01 3.100000000000000000e+01 0.000000000000000000e+00 1.600000000000000089e+00 6.022999999999999708e-03 6.827999999999999868e-03 9.999590000000000423e-01 -8.126679999999999460e-01 -5.826590000000000380e-01 8.873000000000000678e-03 5.826959999999999917e-01 -8.126879999999999660e-01 2.039000000000000014e-03
7.000000000000000000e+00 5.800000000000000000e+01 3.100000000000000000e+01 0.000000000000000000e+00 1.600000000000000089e+00 4.815999999999999968e-03 1.314300000000000017e-02 9.999019999999999575e-01 -8.153249999999999664e-01 -5.788879999999999582e-01 1.153599999999999938e-02 5.789830000000000254e-01 -8.153010000000000534e-01 7.927000000000000018e-03
1.400000000000000000e+01 5.800000000000000000e+01 3.100000000000000000e+01 0.000000000000000000e+00 1.600000000000000089e+00 -1.631999999999999987e-03 -3.683000000000000076e-03 9.999919999999999920e-01 -8.147229999999999750e-01 -5.798410000000000508e-01 -3.465000000000000198e-03 5.798489999999999478e-01 -8.147219999999999462e-01 -2.054999999999999969e-03
1.900000000000000000e+01 5.800000000000000000e+01 3.100000000000000000e+01 0.000000000000000000e+00 1.600000000000000089e+00 3.879999999999999985e-04 -5.474999999999999832e-03 9.999850000000000128e-01 -8.119119999999999671e-01 -5.837719999999999576e-01 -2.880999999999999880e-03 5.837790000000000479e-01 -8.118990000000000373e-01 -4.670999999999999805e-03
2.400000000000000000e+01 5.800000000000000000e+01 3.100000000000000000e+01 0.000000000000000000e+00 1.600000000000000089e+00 -2.524000000000000202e-03 -1.080000000000000014e-03 9.999959999999999960e-01 -8.091570000000000151e-01 -5.875869999999999704e-01 -2.677000000000000126e-03 5.875869999999999704e-01 -8.091610000000000191e-01 6.089999999999999494e-04
2.800000000000000000e+01 5.800000000000000000e+01 3.100000000000000000e+01 0.000000000000000000e+00 1.600000000000000089e+00 -3.425999999999999792e-03 1.231000000000000106e-03 9.999930000000000208e-01 -8.086440000000000294e-01 -5.882950000000000124e-01 -2.047000000000000208e-03 5.882880000000000331e-01 -8.086459999999999759e-01 3.010999999999999788e-03
1.600000000000000000e+01 6.000000000000000000e+00 3.200000000000000000e+01 0.000000000000000000e+00 1.600000000000000089e+00 -3.840000000000000097e-04 -4.207999999999999935e-03 -9.999909999999999632e-01 9.667499999999999705e-02 9.953070000000000528e-01 -4.224999999999999589e-03 9.953159999999999785e-01 -9.667599999999999805e-02 2.500000000000000120e-05
2.000000000000000000e+01 6.000000000000000000e+00 3.200000000000000000e+01 0.000000000000000000e+00 1.600000000000000089e+00 -1.689999999999999879e-04 -4.591999999999999728e-03 -9.999890000000000168e-01 1.000410000000000049e-01 9.949729999999999963e-01 -4.584999999999999666e-03 9.949829999999999508e-01 -1.000400000000000039e-01 2.910000000000000260e-04
1.500000000000000000e+01 5.900000000000000000e+01 3.200000000000000000e+01 0.000000000000000000e+00 1.600000000000000089e+00 2.599999999999999772e-04 -3.780000000000000265e-04 1.000000000000000000e+00 -7.257390000000000230e-01 -6.879699999999999704e-01 -7.100000000000000462e-05 6.879699999999999704e-01 -7.257390000000000230e-01 -4.530000000000000064e-04
3.000000000000000000e+00 4.600000000000000000e+01 3.500000000000000000e+01 0.000000000000000000e+00 1.600000000000000089e+00 1.510000000000000112e-04 9.909999999999999105e-04 -9.999989999999999712e-01 3.918179999999999996e-01 -9.200420000000000265e-01 -8.520000000000000013e-04 -9.200430000000000552e-01 -3.918179999999999996e-01 -5.270000000000000162e-04
7.000000000000000000e+00 4.600000000000000000e+01 3.500000000000000000e+01 0.000000000000000000e+00 1.600000000000000089e+00 1.704000000000000003e-03 2.697999999999999877e-03 -9.999949999999999672e-01 3.924889999999999768e-01 -9.197549999999999892e-01 -1.812999999999999941e-03 -9.197549999999999892e-01 -3.924839999999999995e-01 -2.625999999999999862e-03
1.200000000000000000e+01 4.600000000000000000e+01 3.500000000000000000e+01 0.000000000000000000e+00 1.600000000000000089e+00 1.423000000000000003e-03 -7.829999999999999504e-04 -9.999989999999999712e-01 3.919309999999999738e-01 -9.199939999999999785e-01 1.278000000000000056e-03 -9.199929999999999497e-01 -3.919329999999999758e-01 -1.002000000000000069e-03
1.700000000000000000e+01 4.600000000000000000e+01 3.500000000000000000e+01 0.000000000000000000e+00 1.600000000000000089e+00 -8.189999999999999581e-04 3.229000000000000099e-03 -9.999940000000000495e-01 3.905049999999999910e-01 -9.205950000000000522e-01 -3.291999999999999788e-03 -9.205999999999999739e-01 -3.905060000000000198e-01 -5.060000000000000478e-04
2.500000000000000000e+01 4.600000000000000000e+01 3.500000000000000000e+01 0.000000000000000000e+00 1.600000000000000089e+00 -5.649999999999999641e-04 -2.305000000000000191e-03 -9.999970000000000248e-01 3.901279999999999748e-01 -9.207589999999999941e-01 1.902000000000000045e-03 -9.207600000000000229e-01 -3.901259999999999728e-01 1.420000000000000038e-03
3.000000000000000000e+00 9.500000000000000000e+01 3.600000000000000000e+01 0.000000000000000000e+00 1.600000000000000089e+00 8.226000000000000673e-03 2.440300000000000108e-02 9.996680000000000010e-01 9.966639999999999944e-01 8.098199999999999843e-02 -1.017799999999999955e-02 -8.120299999999999740e-02 9.964169999999999972e-01 -2.365599999999999994e-02
8.000000000000000000e+00 9.500000000000000000e+01 3.700000000000000000e+01 0.000000000000000000e+00 1.600000000000000089e+00 1.060900000000000037e-02 -3.600000000000000091e-05 9.999440000000000550e-01 9.947179999999999911e-01 1.020969999999999933e-01 -1.055000000000000035e-02 -1.020910000000000012e-01 9.947740000000000471e-01 1.118999999999999986e-03
2.000000000000000000e+00 2.900000000000000000e+01 4.400000000000000000e+01 0.000000000000000000e+00 1.600000000000000089e+00 -4.063999999999999904e-03 -2.993000000000000001e-03 -9.999869999999999592e-01 6.815839999999999677e-01 7.317230000000000123e-01 -4.959999999999999999e-03 7.317280000000000451e-01 -6.815959999999999797e-01 -9.340000000000000429e-04
9.000000000000000000e+00 2.900000000000000000e+01 4.400000000000000000e+01 0.000000000000000000e+00 1.600000000000000089e+00 -1.000000000000000082e-05 -1.404000000000000083e-03 -9.999989999999999712e-01 6.759739999999999638e-01 7.369240000000000235e-01 -1.041000000000000042e-03 7.369250000000000522e-01 -6.759739999999999638e-01 9.420000000000000205e-04
1.200000000000000000e+01 2.900000000000000000e+01 4.400000000000000000e+01 0.000000000000000000e+00 1.600000000000000089e+00 -2.699999999999999899e-05 1.905000000000000009e-03 -9.999980000000000535e-01 6.715400000000000258e-01 7.409670000000000423e-01 1.392999999999999924e-03 7.409679999999999600e-01 -6.715389999999999970e-01 -1.299000000000000024e-03
1.400000000000000000e+01 2.900000000000000000e+01 4.400000000000000000e+01 0.000000000000000000e+00 1.600000000000000089e+00 -6.669999999999999497e-04 3.030999999999999840e-03 -9.999949999999999672e-01 6.686389999999999834e-01 7.435850000000000515e-01 1.807999999999999928e-03 7.435869999999999980e-01 -6.686349999999999794e-01 -2.523000000000000069e-03
2.500000000000000000e+01 2.900000000000000000e+01 4.400000000000000000e+01 0.000000000000000000e+00 1.600000000000000089e+00 -5.389999999999999826e-04 -3.040000000000000167e-04 -1.000000000000000000e+00 6.671280000000000543e-01 7.449430000000000218e-01 -5.860000000000000408e-04 7.449430000000000218e-01 -6.671280000000000543e-01 -1.979999999999999881e-04
5.000000000000000000e+00 5.000000000000000000e+00 5.100000000000000000e+01 0.000000000000000000e+00 1.600000000000000089e+00 7.012000000000000004e-03 3.159999999999999832e-04 -9.999749999999999472e-01 4.822759999999999825e-01 -8.760139999999999594e-01 3.105000000000000121e-03 -8.759919999999999929e-01 -4.822850000000000192e-01 -6.295000000000000248e-03
1.300000000000000000e+01 5.000000000000000000e+00 5.100000000000000000e+01 0.000000000000000000e+00 1.600000000000000089e+00 -3.337000000000000122e-03 1.508999999999999925e-03 -9.999930000000000208e-01 4.840110000000000245e-01 -8.750569999999999737e-01 -2.935999999999999808e-03 -8.750550000000000272e-01 -4.840180000000000038e-01 2.190000000000000106e-03
1.800000000000000000e+01 5.000000000000000000e+00 5.100000000000000000e+01 0.000000000000000000e+00 1.600000000000000089e+00 -5.010000000000000347e-04 -2.090000000000000115e-04 -1.000000000000000000e+00 4.859919999999999796e-01 -8.739630000000000454e-01 -6.099999999999999872e-05 -8.739630000000000454e-01 -4.859919999999999796e-01 5.400000000000000069e-04
2.800000000000000000e+01 5.000000000000000000e+00 5.100000000000000000e+01 0.000000000000000000e+00 1.600000000000000089e+00 -5.490000000000000088e-04 -6.628000000000000211e-03 -9.999780000000000335e-01 4.822620000000000240e-01 -8.760090000000000376e-01 5.540999999999999918e-03 -8.760270000000000001e-01 -4.822489999999999832e-01 3.677000000000000147e-03
2.100000000000000000e+01 6.000000000000000000e+00 5.100000000000000000e+01 0.000000000000000000e+00 1.600000000000000089e+00 5.609999999999999752e-04 -2.719999999999999979e-04 -1.000000000000000000e+00 3.198500000000000232e-01 -9.474679999999999769e-01 4.369999999999999970e-04 -9.474679999999999769e-01 -3.198500000000000232e-01 -4.440000000000000045e-04
1.200000000000000000e+01 1.150000000000000000e+02 5.100000000000000000e+01 0.000000000000000000e+00 1.600000000000000089e+00 -2.239999999999999966e-04 -6.551000000000000399e-03 9.999780000000000335e-01 8.454099999999999948e-01 -5.341080000000000272e-01 -3.310000000000000008e-03 5.341179999999999817e-01 8.453910000000000036e-01 5.657999999999999835e-03
2.300000000000000000e+01 1.600000000000000000e+01 5.200000000000000000e+01 0.000000000000000000e+00 1.600000000000000089e+00 -1.640600000000000044e-02 -1.591599999999999959e-02 -9.997390000000000443e-01 7.812700000000000200e-01 6.237789999999999724e-01 -2.275200000000000139e-02 6.239780000000000326e-01 -7.814389999999999947e-01 2.200999999999999832e-03
2.500000000000000000e+01 1.600000000000000000e+01 5.200000000000000000e+01 0.000000000000000000e+00 1.600000000000000089e+00 -1.545799999999999952e-02 -2.320900000000000046e-02 -9.996110000000000273e-01 7.896509999999999918e-01 6.129869999999999486e-01 -2.644399999999999876e-02 6.133619999999999628e-01 -7.897520000000000095e-01 8.850999999999999493e-03
6.000000000000000000e+00 6.300000000000000000e+01 5.400000000000000000e+01 0.000000000000000000e+00 1.600000000000000089e+00 1.575999999999999927e-03 3.890000000000000228e-04 9.999989999999999712e-01 -3.410560000000000258e-01 9.400429999999999620e-01 1.720000000000000066e-04 -9.400420000000000442e-01 -3.410560000000000258e-01 1.614999999999999899e-03
1.300000000000000000e+01 6.300000000000000000e+01 5.400000000000000000e+01 0.000000000000000000e+00 1.600000000000000089e+00 2.770000000000000110e-04 -1.720000000000000066e-04 1.000000000000000000e+00 -3.530249999999999777e-01 9.356139999999999457e-01 2.579999999999999828e-04 -9.356139999999999457e-01 -3.530249999999999777e-01 1.979999999999999881e-04
2.400000000000000000e+01 6.300000000000000000e+01 5.400000000000000000e+01 0.000000000000000000e+00 1.600000000000000089e+00 -4.889999999999999599e-04 -1.845999999999999985e-03 9.999980000000000535e-01 -3.479180000000000050e-01 9.375240000000000240e-01 1.561000000000000104e-03 -9.375250000000000528e-01 -3.479169999999999763e-01 -1.100999999999999982e-03
2.900000000000000000e+01 6.300000000000000000e+01 5.400000000000000000e+01 0.000000000000000000e+00 1.600000000000000089e+00 1.126000000000000048e-03 -3.225000000000000002e-03 9.999940000000000495e-01 -3.437580000000000080e-01 9.390519999999999978e-01 3.416000000000000199e-03 -9.390579999999999483e-01 -3.437600000000000100e-01 -5.099999999999999960e-05
2.000000000000000000e+00 2.500000000000000000e+01 5.500000000000000000e+01 0.000000000000000000e+00 1.600000000000000089e+00 -2.739999999999999923e-04 -5.339999999999999695e-04 -1.000000000000000000e+00 -1.052100000000000084e-02 -9.999449999999999728e-01 5.370000000000000424e-04 -9.999449999999999728e-01 1.052100000000000084e-02 2.680000000000000090e-04
1.100000000000000000e+01 2.500000000000000000e+01 5.500000000000000000e+01 0.000000000000000000e+00 1.600000000000000089e+00 7.309999999999999875e-04 7.600000000000000418e-05 -1.000000000000000000e+00 -1.385400000000000000e-02 -9.999040000000000150e-01 -8.600000000000000331e-05 -9.999040000000000150e-01 1.385400000000000000e-02 -7.299999999999999632e-04
1.600000000000000000e+01 2.500000000000000000e+01 5.500000000000000000e+01 0.000000000000000000e+00 1.600000000000000089e+00 1.580000000000000024e-03 2.879000000000000049e-03 -9.999949999999999672e-01 -1.227600000000000045e-02 -9.999200000000000310e-01 -2.897999999999999968e-03 -9.999230000000000063e-01 1.227999999999999925e-02 -1.544000000000000017e-03
9.000000000000000000e+00 2.100000000000000000e+01 6.000000000000000000e+01 0.000000000000000000e+00 1.600000000000000089e+00 8.319999999999999488e-04 7.561000000000000013e-03 9.999710000000000543e-01 -9.639399999999999358e-02 9.953149999999999498e-01 -7.445000000000000229e-03 -9.953429999999999778e-01 -9.638499999999999845e-02 1.557000000000000007e-03
1.800000000000000000e+01 2.100000000000000000e+01 6.000000000000000000e+01 0.000000000000000000e+00 1.600000000000000089e+00 -8.459999999999999638e-04 -1.245999999999999929e-03 9.999989999999999712e-01 -9.782699999999999729e-02 9.952029999999999488e-01 1.157999999999999958e-03 -9.952029999999999488e-01 -9.782599999999999629e-02 -9.640000000000000131e-04
2.300000000000000000e+01 2.100000000000000000e+01 6.000000000000000000e+01 0.000000000000000000e+00 1.600000000000000089e+00 -2.944000000000000002e-03 -2.037999999999999881e-03 9.999940000000000495e-01 -9.672999999999999654e-02 9.953089999999999993e-01 1.744000000000000107e-03 -9.953060000000000240e-01 -9.672400000000000442e-02 -3.127000000000000005e-03
2.800000000000000000e+01 6.000000000000000000e+00 6.100000000000000000e+01 0.000000000000000000e+00 1.600000000000000089e+00 5.283999999999999635e-03 -6.623999999999999680e-03 9.999639999999999640e-01 5.688729999999999620e-01 -8.223819999999999464e-01 -8.453999999999999709e-03 8.224080000000000279e-01 5.688969999999999860e-01 -5.779999999999999548e-04
1.600000000000000000e+01 3.000000000000000000e+00 6.300000000000000000e+01 0.000000000000000000e+00 1.600000000000000089e+00 -5.180000000000000143e-04 2.129999999999999949e-03 9.999980000000000535e-01 -6.157219999999999915e-01 7.879610000000000225e-01 -1.998000000000000210e-03 -7.879629999999999690e-01 -6.157219999999999915e-01 9.039999999999999642e-04
5.000000000000000000e+00 2.700000000000000000e+01 6.300000000000000000e+01 0.000000000000000000e+00 1.600000000000000089e+00 -8.300000000000000086e-04 8.630000000000000518e-04 9.999989999999999712e-01 -2.741629999999999900e-01 9.616829999999999545e-01 -1.056999999999999997e-03 -9.616829999999999545e-01 -2.741640000000000188e-01 -5.609999999999999752e-04
1.300000000000000000e+01 2.700000000000000000e+01 6.300000000000000000e+01 0.000000000000000000e+00 1.600000000000000089e+00 5.609999999999999752e-04 -1.144000000000000052e-03 9.999989999999999712e-01 -2.713729999999999754e-01 9.624730000000000230e-01 1.253999999999999906e-03 -9.624740000000000517e-01 -2.713729999999999754e-01 2.300000000000000070e-04
1.800000000000000000e+01 2.700000000000000000e+01 6.300000000000000000e+01 0.000000000000000000e+00 1.600000000000000089e+00 -1.147999999999999932e-03 5.779999999999999548e-04 9.999989999999999712e-01 -2.700919999999999987e-01 9.628339999999999677e-01 -8.660000000000000163e-04 -9.628339999999999677e-01 -2.700930000000000275e-01 -9.489999999999999738e-04
2.300000000000000000e+01 2.700000000000000000e+01 6.300000000000000000e+01 0.000000000000000000e+00 1.600000000000000089e+00 -2.480000000000000000e-03 -4.183000000000000086e-03 9.999879999999999880e-01 -2.708709999999999729e-01 9.626099999999999657e-01 3.354999999999999909e-03 -9.626120000000000232e-01 -2.708599999999999897e-01 -3.520999999999999824e-03
2.700000000000000000e+01 2.700000000000000000e+01 6.300000000000000000e+01 0.000000000000000000e+00 1.600000000000000089e+00 -2.400000000000000061e-04 -7.290000000000000473e-04 1.000000000000000000e+00 -2.736450000000000271e-01 9.618309999999999915e-01 6.350000000000000392e-04 -9.618309999999999915e-01 -2.736450000000000271e-01 -4.310000000000000137e-04
4.000000000000000000e+00 2.600000000000000000e+01 6.400000000000000000e+01 0.000000000000000000e+00 1.600000000000000089e+00 -5.099999999999999960e-05 2.455000000000000151e-03 9.999970000000000248e-01 -3.598180000000000267e-01 9.330199999999999605e-01 -2.308000000000000156e-03 -9.330230000000000468e-01 -3.598169999999999980e-01 8.360000000000000460e-04
9.000000000000000000e+00 2.600000000000000000e+01 6.400000000000000000e+01 0.000000000000000000e+00 1.600000000000000089e+00 4.749999999999999990e-04 5.180000000000000143e-04 1.000000000000000000e+00 -3.593000000000000083e-01 9.332219999999999960e-01 -3.130000000000000187e-04 -9.332219999999999960e-01 -3.593000000000000083e-01 6.290000000000000018e-04
1.200000000000000000e+01 2.600000000000000000e+01 6.400000000000000000e+01 0.000000000000000000e+00 1.600000000000000089e+00 6.329999999999999906e-04 -1.508000000000000009e-03 9.999989999999999712e-01 -3.559519999999999906e-01 9.345029999999999726e-01 1.634000000000000036e-03 -9.345040000000000013e-01 -3.559530000000000194e-01 5.500000000000000196e-05
1.500000000000000000e+01 2.600000000000000000e+01 6.400000000000000000e+01 0.000000000000000000e+00 1.600000000000000089e+00 -6.999999999999999387e-05 -1.988999999999999883e-03 9.999980000000000535e-01 -3.549619999999999997e-01 9.348790000000000155e-01 1.833999999999999910e-03 -9.348809999999999620e-01 -3.549619999999999997e-01 -7.709999999999999840e-04
2.300000000000000000e+01 2.600000000000000000e+01 6.400000000000000000e+01 0.000000000000000000e+00 1.600000000000000089e+00 -1.923999999999999929e-03 -3.410999999999999970e-03 9.999919999999999920e-01 -3.549990000000000090e-01 9.348629999999999995e-01 2.505999999999999981e-03 -9.348649999999999460e-01 -3.549910000000000010e-01 -3.010000000000000089e-03
2.800000000000000000e+01 2.600000000000000000e+01 6.400000000000000000e+01 0.000000000000000000e+00 1.600000000000000089e+00 5.439999999999999957e-04 1.330000000000000073e-04 1.000000000000000000e+00 -3.575070000000000192e-01 9.339100000000000179e-01 6.999999999999999387e-05 -9.339100000000000179e-01 -3.575070000000000192e-01 5.550000000000000462e-04
8.000000000000000000e+00 6.900000000000000000e+01 6.600000000000000000e+01 0.000000000000000000e+00 1.600000000000000089e+00 -8.989999999999999511e-04 2.334000000000000137e-03 9.999970000000000248e-01 -9.517529999999999601e-01 3.068620000000000236e-01 -1.572000000000000047e-03 -3.068649999999999989e-01 -9.517510000000000137e-01 1.946000000000000030e-03
1.700000000000000000e+01 6.900000000000000000e+01 6.600000000000000000e+01 0.000000000000000000e+00 1.600000000000000089e+00 -1.193000000000000050e-03 3.699999999999999947e-04 9.999989999999999712e-01 -9.512960000000000305e-01 3.082750000000000212e-01 -1.248999999999999893e-03 -3.082750000000000212e-01 -9.512969999999999482e-01 -1.599999999999999928e-05
8.000000000000000000e+00 2.500000000000000000e+01 7.300000000000000000e+01 0.000000000000000000e+00 1.600000000000000089e+00 -3.219000000000000073e-03 -7.211999999999999661e-03 9.999689999999999968e-01 7.380210000000000381e-01 -6.747729999999999562e-01 -2.490000000000000026e-03 6.747699999999999809e-01 7.379900000000000349e-01 7.494999999999999926e-03
1.400000000000000000e+01 2.500000000000000000e+01 7.300000000000000000e+01 0.000000000000000000e+00 1.600000000000000089e+00 -1.876000000000000063e-03 -4.403999999999999929e-03 9.999890000000000168e-01 7.349670000000000369e-01 -6.781009999999999538e-01 -1.606999999999999922e-03 6.781009999999999538e-01 7.349550000000000249e-01 4.508999999999999987e-03
2.200000000000000000e+01 2.500000000000000000e+01 7.300000000000000000e+01 0.000000000000000000e+00 1.600000000000000089e+00 -1.307000000000000002e-03 3.854999999999999920e-03 9.999919999999999920e-01 7.426890000000000436e-01 -6.696269999999999722e-01 3.552000000000000036e-03 6.696349999999999802e-01 7.426880000000000148e-01 -1.988000000000000184e-03
2.700000000000000000e+01 2.500000000000000000e+01 7.300000000000000000e+01 0.000000000000000000e+00 1.600000000000000089e+00 -1.333999999999999899e-03 4.190000000000000148e-03 9.999900000000000455e-01 7.458749999999999547e-01 -6.660749999999999726e-01 3.785999999999999869e-03 6.660850000000000382e-01 7.458730000000000082e-01 -2.236999999999999839e-03
