7.000000000000000000e+00 2.500000000000000000e+01 1.000000000000000000e+00 0.000000000000000000e+00 1.600000000000000089e+00 -3.690000000000000246e-04 4.002999999999999614e-03 -9.999919999999999920e-01 -5.266809999999999548e-01 -8.500569999999999515e-01 -3.209000000000000047e-03 -8.500630000000000130e-01 5.266760000000000330e-01 2.422000000000000108e-03
1.800000000000000000e+01 2.500000000000000000e+01 1.000000000000000000e+00 0.000000000000000000e+00 1.600000000000000089e+00 -3.321000000000000167e-03 -5.910999999999999588e-03 -9.999770000000000048e-01 -5.233020000000000449e-01 -8.521210000000000173e-01 6.773999999999999640e-03 -8.521410000000000373e-01 5.233119999999999994e-01 -2.629999999999999959e-04
2.500000000000000000e+01 2.500000000000000000e+01 1.000000000000000000e+00 0.000000000000000000e+00 1.600000000000000089e+00 -2.249999999999999938e-04 -3.298999999999999849e-03 -9.999949999999999672e-01 -5.224199999999999955e-01 -8.526829999999999687e-01 2.931000000000000012e-03 -8.526880000000000015e-01 5.224170000000000202e-01 -1.531000000000000026e-03
1.000000000000000000e+00 1.500000000000000000e+01 4.000000000000000000e+00 0.000000000000000000e+00 1.600000000000000089e+00 -2.137000000000000011e-03 -1.098099999999999944e-02 9.999369999999999647e-01 3.152730000000000254e-01 -9.489509999999999890e-01 -9.747000000000000455e-03 9.489990000000000370e-01 3.152320000000000122e-01 5.490000000000000088e-03
9.000000000000000000e+00 1.500000000000000000e+01 4.000000000000000000e+00 0.000000000000000000e+00 1.600000000000000089e+00 -3.420000000000000188e-04 -5.817000000000000122e-03 9.999829999999999552e-01 3.105189999999999895e-01 -9.505519999999999525e-01 -5.422999999999999869e-03 9.505670000000000508e-01 3.105120000000000102e-01 2.131000000000000082e-03
1.600000000000000000e+01 1.500000000000000000e+01 4.000000000000000000e+00 0.000000000000000000e+00 1.600000000000000089e+00 3.105000000000000121e-03 -4.028999999999999596e-03 9.999869999999999592e-01 3.137360000000000149e-01 -9.494979999999999531e-01 -4.799999999999999580e-03 9.495050000000000434e-01 3.137469999999999981e-01 -1.683999999999999950e-03
2.100000000000000000e+01 1.500000000000000000e+01 4.000000000000000000e+00 0.000000000000000000e+00 1.600000000000000089e+00 -1.884999999999999957e-03 -7.526999999999999837e-03 9.999700000000000255e-01 3.103960000000000052e-01 -9.505850000000000133e-01 -6.570000000000000319e-03 9.506050000000000333e-01 3.103739999999999832e-01 4.127999999999999725e-03
2.700000000000000000e+01 1.500000000000000000e+01 4.000000000000000000e+00 0.000000000000000000e+00 1.600000000000000089e+00 3.780000000000000265e-04 1.521999999999999915e-03 9.999989999999999712e-01 3.090910000000000046e-01 -9.510319999999999885e-01 1.330999999999999935e-03 9.510319999999999885e-01 3.090899999999999759e-01 -8.300000000000000086e-04
5.000000000000000000e+00 1.600000000000000000e+01 4.000000000000000000e+00 0.000000000000000000e+00 1.600000000000000089e+00 -2.321999999999999845e-03 -6.257000000000000409e-03 9.999780000000000335e-01 3.878820000000000046e-01 -9.216959999999999598e-01 -4.865999999999999666e-03 9.217060000000000253e-01 3.878619999999999846e-01 4.566999999999999879e-03
7.000000000000000000e+00 1.010000000000000000e+02 7.000000000000000000e+00 0.000000000000000000e+00 1.600000000000000089e+00 -8.328999999999999598e-03 2.260900000000000062e-02 9.997099999999999875e-01 8.784760000000000346e-01 4.777739999999999765e-01 -3.485999999999999949e-03 -4.777150000000000007e-01 8.781919999999999726e-01 -2.384100000000000108e-02
1.400000000000000000e+01 1.010000000000000000e+02 7.000000000000000000e+00 0.000000000000000000e+00 1.600000000000000089e+00 3.570999999999999956e-03 -1.849999999999999973e-04 9.999940000000000495e-01 8.762940000000000174e-01 4.817670000000000008e-01 -3.040000000000000167e-03 -4.817640000000000255e-01 8.762990000000000501e-01 1.881999999999999992e-03
5.000000000000000000e+00 2.500000000000000000e+01 8.000000000000000000e+00 0.000000000000000000e+00 1.600000000000000089e+00 4.229999999999999819e-04 3.559000000000000098e-03 -9.999940000000000495e-01 4.490890000000000160e-01 8.934809999999999697e-01 3.370000000000000166e-03 8.934870000000000312e-01 -4.490879999999999872e-01 -1.219999999999999947e-03
8.000000000000000000e+00 2.500000000000000000e+01 8.000000000000000000e+00 0.000000000000000000e+00 1.600000000000000089e+00 8.540000000000000499e-04 6.440000000000000412e-03 -9.999789999999999512e-01 4.489139999999999797e-01 8.935539999999999594e-01 6.138000000000000227e-03 8.935750000000000082e-01 -4.489099999999999757e-01 -2.128000000000000117e-03
1.800000000000000000e+01 2.500000000000000000e+01 8.000000000000000000e+00 0.000000000000000000e+00 1.600000000000000089e+00 2.170000000000000054e-03 1.477799999999999947e-02 -9.998879999999999990e-01 4.486689999999999845e-01 8.935849999999999627e-01 1.417999999999999990e-02 8.936950000000000172e-01 -4.486499999999999932e-01 -4.690999999999999857e-03
2.600000000000000000e+01 2.500000000000000000e+01 8.000000000000000000e+00 0.000000000000000000e+00 1.600000000000000089e+00 6.939999999999999555e-04 5.130000000000000011e-03 -9.999869999999999592e-01 4.442490000000000050e-01 8.958899999999999642e-01 4.904000000000000373e-03 8.959030000000000049e-01 -4.442470000000000030e-01 -1.657000000000000053e-03
4.000000000000000000e+00 2.400000000000000000e+01 9.000000000000000000e+00 0.000000000000000000e+00 1.600000000000000089e+00 6.059999999999999849e-04 2.765000000000000097e-03 -9.999959999999999960e-01 4.522789999999999866e-01 8.918730000000000269e-01 2.739999999999999814e-03 8.918770000000000309e-01 -4.522780000000000133e-01 -7.100000000000000191e-04
8.000000000000000000e+00 2.400000000000000000e+01 9.000000000000000000e+00 0.000000000000000000e+00 1.600000000000000089e+00 6.470000000000000057e-04 7.412000000000000186e-03 -9.999719999999999720e-01 4.513559999999999794e-01 8.923170000000000268e-01 6.905999999999999812e-03 8.923440000000000261e-01 -4.513480000000000270e-01 -2.768000000000000061e-03
1.200000000000000000e+01 2.400000000000000000e+01 9.000000000000000000e+00 0.000000000000000000e+00 1.600000000000000089e+00 2.135999999999999878e-03 -1.010000000000000020e-04 -9.999980000000000535e-01 4.518519999999999759e-01 8.920919999999999961e-01 8.750000000000000182e-04 8.920900000000000496e-01 -4.518530000000000046e-01 1.951000000000000043e-03
1.800000000000000000e+01 2.400000000000000000e+01 9.000000000000000000e+00 0.000000000000000000e+00 1.600000000000000089e+00 2.193000000000000071e-03 1.303999999999999951e-02 -9.999130000000000518e-01 4.518139999999999934e-01 8.920230000000000103e-01 1.262399999999999980e-02 8.921099999999999586e-01 -4.518019999999999814e-01 -3.935000000000000130e-03
2.600000000000000000e+01 2.400000000000000000e+01 9.000000000000000000e+00 0.000000000000000000e+00 1.600000000000000089e+00 4.060000000000000024e-04 5.570000000000000298e-03 -9.999839999999999840e-01 4.465589999999999837e-01 8.947389999999999510e-01 5.165000000000000320e-03 8.947540000000000493e-01 -4.465549999999999797e-01 -2.124000000000000020e-03
1.400000000000000000e+01 3.100000000000000000e+01 1.200000000000000000e+01 0.000000000000000000e+00 1.600000000000000089e+00 6.099999999999999872e-05 -1.703000000000000087e-03 9.999989999999999712e-01 -1.197400000000000027e-02 9.999270000000000103e-01 1.703000000000000087e-03 -9.999280000000000390e-01 -1.197400000000000027e-02 4.100000000000000047e-05
1.900000000000000000e+01 3.100000000000000000e+01 1.200000000000000000e+01 0.000000000000000000e+00 1.600000000000000089e+00 1.923999999999999929e-03 8.623999999999999722e-03 9.999609999999999888e-01 -1.140500000000000021e-02 9.998979999999999535e-01 -8.602000000000000271e-03 -9.999329999999999607e-01 -1.138800000000000055e-02 2.021999999999999926e-03
2.400000000000000000e+01 3.100000000000000000e+01 1.200000000000000000e+01 0.000000000000000000e+00 1.600000000000000089e+00 3.565000000000000027e-03 6.807999999999999816e-03 9.999700000000000255e-01 -6.165999999999999606e-03 9.999580000000000135e-01 -6.786000000000000365e-03 -9.999749999999999472e-01 -6.140999999999999757e-03 3.606999999999999963e-03
2.000000000000000000e+00 3.200000000000000000e+01 1.400000000000000000e+01 0.000000000000000000e+00 1.600000000000000089e+00 5.023999999999999820e-03 -6.085000000000000131e-03 -9.999689999999999968e-01 1.114600000000000035e-01 9.937540000000000262e-01 -5.486999999999999690e-03 9.937559999999999727e-01 -1.114290000000000003e-01 5.670999999999999826e-03
3.000000000000000000e+01 3.200000000000000000e+01 1.400000000000000000e+01 0.000000000000000000e+00 1.600000000000000089e+00 -1.136000000000000074e-03 -4.004999999999999880e-03 -9.999909999999999632e-01 1.116599999999999954e-01 9.937380000000000102e-01 -4.107000000000000407e-03 9.937460000000000182e-01 -1.116639999999999994e-01 -6.819999999999999890e-04
2.600000000000000000e+01 1.160000000000000000e+02 1.600000000000000000e+01 0.000000000000000000e+00 1.600000000000000089e+00 1.113000000000000057e-03 2.756000000000000203e-03 9.999959999999999960e-01 6.915130000000000443e-01 7.223589999999999733e-01 -2.759999999999999867e-03 -7.223629999999999773e-01 6.915130000000000443e-01 -1.101999999999999898e-03
6.000000000000000000e+00 2.000000000000000000e+00 1.900000000000000000e+01 0.000000000000000000e+00 1.600000000000000089e+00 -7.219999999999999855e-04 1.700000000000000122e-04 -1.000000000000000000e+00 1.778079999999999938e-01 -9.840649999999999675e-01 -2.959999999999999849e-04 -9.840649999999999675e-01 -1.778079999999999938e-01 6.800000000000000488e-04
1.300000000000000000e+01 2.000000000000000000e+00 1.900000000000000000e+01 0.000000000000000000e+00 1.600000000000000089e+00 -4.126999999999999592e-03 -4.942000000000000212e-03 -9.999789999999999512e-01 1.801470000000000016e-01 -9.836310000000000331e-01 4.118000000000000133e-03 -9.836310000000000331e-01 -1.801260000000000083e-01 4.950000000000000407e-03
2.000000000000000000e+01 2.000000000000000000e+00 1.900000000000000000e+01 0.000000000000000000e+00 1.600000000000000089e+00 -5.700000000000000314e-05 3.533000000000000116e-03 -9.999940000000000495e-01 1.808960000000000012e-01 -9.834960000000000369e-01 -3.484999999999999817e-03 -9.835019999999999873e-01 -1.808950000000000002e-01 -5.829999999999999679e-04
2.800000000000000000e+01 2.000000000000000000e+00 1.900000000000000000e+01 0.000000000000000000e+00 1.600000000000000089e+00 2.861999999999999961e-03 9.169999999999999549e-04 -9.999949999999999672e-01 1.803549999999999875e-01 -9.836019999999999763e-01 -3.849999999999999798e-04 -9.835970000000000546e-01 -1.803530000000000133e-01 -2.981000000000000143e-03
5.000000000000000000e+00 1.300000000000000000e+01 2.000000000000000000e+01 0.000000000000000000e+00 1.600000000000000089e+00 -7.899999999999999579e-05 -1.595999999999999979e-03 9.999989999999999712e-01 2.509259999999999824e-01 9.680050000000000043e-01 1.564999999999999985e-03 -9.680060000000000331e-01 2.509259999999999824e-01 3.240000000000000150e-04
1.000000000000000000e+01 1.300000000000000000e+01 2.000000000000000000e+01 0.000000000000000000e+00 1.600000000000000089e+00 -5.540000000000000219e-04 1.981999999999999821e-03 9.999980000000000535e-01 2.503110000000000057e-01 9.681640000000000246e-01 -1.779999999999999898e-03 -9.681650000000000533e-01 2.503099999999999770e-01 -1.031999999999999931e-03
1.400000000000000000e+01 1.300000000000000000e+01 2.000000000000000000e+01 0.000000000000000000e+00 1.600000000000000089e+00 -6.176000000000000066e-03 -1.093200000000000074e-02 9.999209999999999487e-01 2.501970000000000027e-01 9.681189999999999518e-01 1.213000000000000016e-02 -9.681750000000000078e-01 2.502519999999999745e-01 -3.243999999999999922e-03
2.000000000000000000e+01 1.300000000000000000e+01 2.000000000000000000e+01 0.000000000000000000e+00 1.600000000000000089e+00 5.099999999999999960e-05 2.866000000000000058e-03 9.999959999999999960e-01 2.537099999999999911e-01 9.672760000000000247e-01 -2.785999999999999848e-03 -9.672800000000000287e-01 2.537090000000000178e-01 -6.780000000000000002e-04
9.000000000000000000e+00 1.600000000000000000e+01 2.100000000000000000e+01 0.000000000000000000e+00 1.600000000000000089e+00 7.999999999999999638e-06 6.359999999999999551e-04 1.000000000000000000e+00 2.966860000000000053e-01 9.549750000000000183e-01 -6.089999999999999494e-04 -9.549750000000000183e-01 2.966860000000000053e-01 -1.800000000000000113e-04
1.400000000000000000e+01 1.600000000000000000e+01 2.100000000000000000e+01 0.000000000000000000e+00 1.600000000000000089e+00 -6.602000000000000229e-03 -1.034999999999999983e-02 9.999249999999999527e-01 2.973979999999999957e-01 9.546799999999999731e-01 1.184499999999999963e-02 -9.547309999999999963e-01 2.974539999999999962e-01 -3.225000000000000002e-03
1.900000000000000000e+01 1.600000000000000000e+01 2.100000000000000000e+01 0.000000000000000000e+00 1.600000000000000089e+00 -4.490000000000000176e-04 -2.519999999999999996e-04 1.000000000000000000e+00 2.993660000000000210e-01 9.541380000000000416e-01 3.750000000000000078e-04 -9.541380000000000416e-01 2.993660000000000210e-01 -3.530000000000000152e-04
2.500000000000000000e+01 1.600000000000000000e+01 2.100000000000000000e+01 0.000000000000000000e+00 1.600000000000000089e+00 5.784000000000000079e-03 1.145999999999999970e-02 9.999179999999999735e-01 2.988850000000000118e-01 9.542049999999999699e-01 -1.266499999999999918e-02 -9.542720000000000091e-01 2.989330000000000043e-01 2.093999999999999941e-03
3.000000000000000000e+00 3.000000000000000000e+00 2.500000000000000000e+01 0.000000000000000000e+00 1.600000000000000089e+00 -1.007999999999999998e-03 7.518000000000000377e-03 9.999710000000000543e-01 -2.952600000000000016e-02 -9.995359999999999800e-01 7.485000000000000334e-03 9.995640000000000081e-01 -2.951799999999999910e-02 1.229999999999999974e-03
1.600000000000000000e+01 3.000000000000000000e+00 2.500000000000000000e+01 0.000000000000000000e+00 1.600000000000000089e+00 8.812999999999999653e-03 -5.932999999999999906e-03 9.999440000000000550e-01 -3.450500000000000095e-02 -9.993889999999999718e-01 -5.624999999999999792e-03 9.993659999999999766e-01 -3.445299999999999752e-02 -9.011999999999999178e-03
6.000000000000000000e+00 4.600000000000000000e+01 2.700000000000000000e+01 0.000000000000000000e+00 1.600000000000000089e+00 8.610000000000000032e-04 -2.710999999999999868e-03 -9.999959999999999960e-01 6.757319999999999993e-01 7.371459999999999679e-01 -1.415999999999999941e-03 7.371469999999999967e-01 -6.757279999999999953e-01 2.467000000000000009e-03
1.800000000000000000e+01 4.600000000000000000e+01 3.000000000000000000e+01 0.000000000000000000e+00 1.600000000000000089e+00 8.599999999999999789e-04 3.310000000000000225e-04 -1.000000000000000000e+00 3.319949999999999846e-01 9.432810000000000361e-01 5.980000000000000072e-04 9.432810000000000361e-01 -3.319960000000000133e-01 7.010000000000000172e-04
2.300000000000000000e+01 4.600000000000000000e+01 3.000000000000000000e+01 0.000000000000000000e+00 1.600000000000000089e+00 -5.670000000000000127e-04 3.612999999999999892e-03 -9.999930000000000208e-01 3.341069999999999873e-01 9.425299999999999789e-01 3.216000000000000109e-03 9.425350000000000117e-01 -3.341029999999999833e-01 -1.742000000000000059e-03
3.000000000000000000e+01 4.600000000000000000e+01 3.000000000000000000e+01 0.000000000000000000e+00 1.600000000000000089e+00 1.525000000000000097e-03 1.621000000000000045e-03 -9.999970000000000248e-01 3.360620000000000274e-01 9.418370000000000353e-01 2.040000000000000147e-03 9.418389999999999818e-01 -3.360650000000000026e-01 8.909999999999999734e-04
2.000000000000000000e+00 4.600000000000000000e+01 3.500000000000000000e+01 0.000000000000000000e+00 1.600000000000000089e+00 -2.017999999999999829e-03 -5.990000000000000316e-04 -9.999980000000000535e-01 3.910339999999999927e-01 -9.203759999999999719e-01 -2.380000000000000117e-04 -9.203740000000000254e-01 -3.910330000000000195e-01 2.090999999999999977e-03
1.100000000000000000e+01 4.600000000000000000e+01 3.500000000000000000e+01 0.000000000000000000e+00 1.600000000000000089e+00 3.000000000000000076e-05 3.052000000000000025e-03 -9.999949999999999672e-01 3.905219999999999803e-01 -9.205889999999999906e-01 -2.798000000000000140e-03 -9.205940000000000234e-01 -3.905199999999999783e-01 -1.219000000000000031e-03
1.500000000000000000e+01 4.600000000000000000e+01 3.500000000000000000e+01 0.000000000000000000e+00 1.600000000000000089e+00 -2.356000000000000021e-03 1.544999999999999932e-03 -9.999959999999999960e-01 3.894750000000000156e-01 -9.210340000000000193e-01 -2.340000000000000066e-03 -9.210340000000000193e-01 -3.894790000000000196e-01 1.569000000000000082e-03
2.500000000000000000e+01 4.600000000000000000e+01 3.500000000000000000e+01 0.000000000000000000e+00 1.600000000000000089e+00 2.014999999999999864e-03 -2.415000000000000046e-03 -9.999949999999999672e-01 3.886359999999999815e-01 -9.213869999999999560e-01 3.007999999999999823e-03 -9.213890000000000136e-01 -3.886399999999999855e-01 -9.190000000000000035e-04
2.800000000000000000e+01 4.600000000000000000e+01 3.500000000000000000e+01 0.000000000000000000e+00 1.600000000000000089e+00 7.069999999999999462e-04 -3.139999999999999996e-03 -9.999949999999999672e-01 3.883139999999999925e-01 -9.215210000000000345e-01 3.167999999999999809e-03 -9.215269999999999850e-01 -3.883150000000000213e-01 5.680000000000000370e-04
5.000000000000000000e+00 9.500000000000000000e+01 3.600000000000000000e+01 0.000000000000000000e+00 1.600000000000000089e+00 -3.475600000000000217e-02 -4.699400000000000105e-02 9.982900000000000107e-01 9.973360000000000003e-01 6.247500000000000275e-02 3.766400000000000303e-02 -6.413800000000000057e-02 9.969400000000000484e-01 4.469700000000000062e-02
1.500000000000000000e+01 9.500000000000000000e+01 3.600000000000000000e+01 0.000000000000000000e+00 1.600000000000000089e+00 1.662800000000000042e-02 1.568500000000000102e-02 9.997390000000000443e-01 9.981809999999999850e-01 5.769699999999999829e-02 -1.750799999999999926e-02 -5.795700000000000157e-02 9.982109999999999594e-01 -1.469699999999999999e-02
2.300000000000000000e+01 9.500000000000000000e+01 3.600000000000000000e+01 0.000000000000000000e+00 1.600000000000000089e+00 1.737100000000000102e-02 4.072599999999999831e-02 9.990189999999999904e-01 9.966369999999999951e-01 7.932100000000000262e-02 -2.056300000000000142e-02 -8.008099999999999941e-02 9.960170000000000412e-01 -3.921100000000000280e-02
4.000000000000000000e+00 2.600000000000000000e+01 3.900000000000000000e+01 0.000000000000000000e+00 1.600000000000000089e+00 1.757699999999999887e-02 -3.779770000000000074e-01 -9.256480000000000263e-01 -7.378810000000000091e-01 -6.296329999999999982e-01 2.430910000000000015e-01 -6.747009999999999952e-01 6.787459999999999605e-01 -2.899700000000000055e-01
2.900000000000000000e+01 2.900000000000000000e+01 4.400000000000000000e+01 0.000000000000000000e+00 1.600000000000000089e+00 -3.582999999999999814e-03 -2.826199999999999893e-02 -9.995939999999999825e-01 7.342149999999999510e-01 6.785660000000000025e-01 -2.181699999999999959e-02 6.789070000000000382e-01 -7.339949999999999530e-01 1.831899999999999848e-02
6.000000000000000000e+00 6.500000000000000000e+01 4.600000000000000000e+01 0.000000000000000000e+00 1.600000000000000089e+00 1.562999999999999936e-03 1.191000000000000001e-03 9.999980000000000535e-01 6.794419999999999904e-01 -7.337289999999999646e-01 -1.879999999999999890e-04 7.337280000000000468e-01 6.794409999999999616e-01 -1.955999999999999839e-03
1.200000000000000000e+01 6.500000000000000000e+01 4.600000000000000000e+01 0.000000000000000000e+00 1.600000000000000089e+00 3.678999999999999979e-03 -1.209000000000000005e-03 9.999919999999999920e-01 6.798250000000000126e-01 -7.333669999999999911e-01 -3.387999999999999953e-03 7.333650000000000446e-01 6.798319999999999919e-01 -1.876000000000000063e-03
2.500000000000000000e+01 2.600000000000000000e+01 4.800000000000000000e+01 0.000000000000000000e+00 1.600000000000000089e+00 -3.066000000000000149e-03 -8.624600000000000322e-02 -9.962689999999999602e-01 -8.218599999999999517e-02 9.929249999999999465e-01 -8.570400000000000240e-02 9.966120000000000534e-01 8.161699999999999511e-02 -1.013200000000000038e-02
1.000000000000000000e+01 7.000000000000000000e+00 5.200000000000000000e+01 0.000000000000000000e+00 1.600000000000000089e+00 -3.526000000000000054e-03 -6.639999999999999852e-04 -9.999940000000000495e-01 8.307299999999999407e-02 -9.965429999999999566e-01 3.680000000000000003e-04 -9.965370000000000061e-01 -8.307100000000000595e-02 3.569000000000000124e-03
1.300000000000000000e+01 7.000000000000000000e+00 5.200000000000000000e+01 0.000000000000000000e+00 1.600000000000000089e+00 2.481999999999999831e-03 6.139999999999999625e-03 -9.999780000000000335e-01 8.252700000000000313e-02 -9.965709999999999846e-01 -5.913999999999999986e-03 -9.965859999999999719e-01 -8.251000000000000001e-02 -2.980000000000000010e-03
7.000000000000000000e+00 5.800000000000000000e+01 5.200000000000000000e+01 0.000000000000000000e+00 1.600000000000000089e+00 -7.700000000000000139e-05 -4.264000000000000429e-03 9.999909999999999632e-01 -6.253779999999999895e-01 7.803149999999999809e-01 3.279999999999999930e-03 -7.803219999999999601e-01 -6.253720000000000390e-01 -2.726000000000000124e-03
4.000000000000000000e+00 6.300000000000000000e+01 5.400000000000000000e+01 0.000000000000000000e+00 1.600000000000000089e+00 -5.243000000000000264e-03 -1.556300000000000044e-02 9.998650000000000038e-01 -3.933110000000000217e-01 9.193240000000000300e-01 1.224699999999999921e-02 -9.193900000000000405e-01 -3.931939999999999880e-01 -1.094099999999999934e-02
7.000000000000000000e+00 6.300000000000000000e+01 5.400000000000000000e+01 0.000000000000000000e+00 1.600000000000000089e+00 -3.762999999999999852e-03 -7.344999999999999966e-03 9.999660000000000215e-01 -3.761220000000000119e-01 9.265550000000000175e-01 5.389999999999999826e-03 -9.265630000000000255e-01 -3.760890000000000066e-01 -6.249000000000000214e-03
1.000000000000000000e+01 6.300000000000000000e+01 5.400000000000000000e+01 0.000000000000000000e+00 1.600000000000000089e+00 -1.291000000000000047e-03 2.233999999999999875e-03 9.999970000000000248e-01 -3.667730000000000157e-01 9.303069999999999951e-01 -2.552000000000000015e-03 -9.303099999999999703e-01 -3.667750000000000177e-01 -3.820000000000000153e-04
1.500000000000000000e+01 6.300000000000000000e+01 5.400000000000000000e+01 0.000000000000000000e+00 1.600000000000000089e+00 7.899999999999999579e-05 3.158000000000000217e-03 9.999949999999999672e-01 -3.642520000000000202e-01 9.312960000000000127e-01 -2.912000000000000092e-03 -9.313000000000000167e-01 -3.642500000000000182e-01 1.224000000000000045e-03
2.100000000000000000e+01 6.300000000000000000e+01 5.400000000000000000e+01 0.000000000000000000e+00 1.600000000000000089e+00 -8.469999999999999881e-04 1.023999999999999954e-03 9.999989999999999712e-01 -3.633979999999999988e-01 9.316330000000000444e-01 -1.262000000000000101e-03 -9.316330000000000444e-01 -3.633990000000000276e-01 -4.169999999999999987e-04
2.400000000000000000e+01 6.300000000000000000e+01 5.400000000000000000e+01 0.000000000000000000e+00 1.600000000000000089e+00 4.060000000000000024e-04 1.415999999999999941e-03 9.999989999999999712e-01 -3.677019999999999733e-01 9.299429999999999641e-01 -1.167999999999999984e-03 -9.299439999999999928e-01 -3.677010000000000001e-01 8.980000000000000352e-04
2.900000000000000000e+01 6.300000000000000000e+01 5.400000000000000000e+01 0.000000000000000000e+00 1.600000000000000089e+00 1.101999999999999898e-03 -4.603000000000000320e-03 9.999890000000000168e-01 -3.727409999999999890e-01 9.279239999999999711e-01 4.682000000000000398e-03 -9.279349999999999543e-01 -3.727420000000000178e-01 -6.930000000000000396e-04
1.300000000000000000e+01 2.600000000000000000e+01 5.500000000000000000e+01 0.000000000000000000e+00 1.600000000000000089e+00 1.449999999999999900e-03 -1.248999999999999893e-03 -9.999980000000000535e-01 -4.309799999999999742e-02 -9.990700000000000136e-01 1.185000000000000072e-03 -9.990700000000000136e-01 4.309700000000000336e-02 -1.502999999999999996e-03
3.000000000000000000e+00 3.500000000000000000e+01 5.700000000000000000e+01 0.000000000000000000e+00 1.600000000000000089e+00 8.458200000000000440e-02 -2.911799999999999944e-01 -9.529220000000000468e-01 -5.289949999999999930e-01 7.973219999999999752e-01 -2.905880000000000130e-01 8.443990000000000107e-01 5.286699999999999733e-01 -8.659300000000000330e-02
1.000000000000000000e+00 2.100000000000000000e+01 6.000000000000000000e+01 0.000000000000000000e+00 1.600000000000000089e+00 -2.451000000000000054e-03 -2.092999999999999809e-03 9.999949999999999672e-01 -9.233099999999999641e-02 9.957270000000000287e-01 1.856999999999999927e-03 -9.957249999999999712e-01 -9.232600000000000529e-02 -2.634000000000000057e-03
5.000000000000000000e+00 2.100000000000000000e+01 6.000000000000000000e+01 0.000000000000000000e+00 1.600000000000000089e+00 -5.710000000000000015e-04 -1.099999999999999971e-05 1.000000000000000000e+00 -9.390800000000000536e-02 9.955810000000000493e-01 -4.300000000000000165e-05 -9.955810000000000493e-01 -9.390800000000000536e-02 -5.699999999999999772e-04
1.000000000000000000e+01 2.100000000000000000e+01 6.000000000000000000e+01 0.000000000000000000e+00 1.600000000000000089e+00 -6.660000000000000338e-04 -2.236999999999999839e-03 9.999970000000000248e-01 -9.475799999999999501e-02 9.954979999999999940e-01 2.164000000000000125e-03 -9.955000000000000515e-01 -9.475600000000000689e-02 -8.750000000000000182e-04
1.500000000000000000e+01 2.100000000000000000e+01 6.000000000000000000e+01 0.000000000000000000e+00 1.600000000000000089e+00 -7.990000000000000140e-04 -1.417000000000000074e-03 9.999989999999999712e-01 -9.528100000000000458e-02 9.954499999999999460e-01 1.333999999999999899e-03 -9.954499999999999460e-01 -9.528000000000000358e-02 -9.309999999999999699e-04
2.000000000000000000e+01 2.100000000000000000e+01 6.000000000000000000e+01 0.000000000000000000e+00 1.600000000000000089e+00 -1.060000000000000016e-04 3.066000000000000149e-03 9.999949999999999672e-01 -9.566800000000000304e-02 9.954089999999999883e-01 -3.062000000000000052e-03 -9.954129999999999923e-01 -9.566700000000000204e-02 1.879999999999999890e-04
2.500000000000000000e+01 2.100000000000000000e+01 6.000000000000000000e+01 0.000000000000000000e+00 1.600000000000000089e+00 1.007999999999999998e-03 7.434999999999999769e-03 9.999719999999999720e-01 -9.447300000000000142e-02 9.955009999999999692e-01 -7.305999999999999994e-03 -9.955270000000000508e-01 -9.446300000000000530e-02 1.706000000000000051e-03
2.900000000000000000e+01 2.100000000000000000e+01 6.000000000000000000e+01 0.000000000000000000e+00 1.600000000000000089e+00 -1.211000000000000054e-03 -2.099999999999999884e-05 9.999989999999999712e-01 -9.434199999999999531e-02 9.955399999999999805e-01 -9.299999999999999727e-05 -9.955389999999999517e-01 -9.434199999999999531e-02 -1.208000000000000089e-03
1.100000000000000000e+01 6.700000000000000000e+01 6.000000000000000000e+01 0.000000000000000000e+00 1.600000000000000089e+00 -6.909999999999999910e-04 -4.093000000000000284e-03 9.999909999999999632e-01 1.807709999999999873e-01 -9.835180000000000033e-01 -3.899999999999999821e-03 9.835249999999999826e-01 1.807660000000000100e-01 1.418999999999999906e-03
2.000000000000000000e+00 2.700000000000000000e+01 6.300000000000000000e+01 0.000000000000000000e+00 1.600000000000000089e+00 -1.750999999999999952e-03 4.300000000000000165e-05 9.999980000000000535e-01 -2.782740000000000213e-01 9.605019999999999669e-01 -5.289999999999999564e-04 -9.605000000000000204e-01 -2.782740000000000213e-01 -1.670000000000000043e-03
1.100000000000000000e+01 2.700000000000000000e+01 6.300000000000000000e+01 0.000000000000000000e+00 1.600000000000000089e+00 -1.515999999999999986e-03 -1.332000000000000068e-03 9.999980000000000535e-01 -2.790679999999999827e-01 9.602709999999999857e-01 8.549999999999999658e-04 -9.602699999999999569e-01 -2.790670000000000095e-01 -1.827999999999999981e-03
1.700000000000000000e+01 2.700000000000000000e+01 6.300000000000000000e+01 0.000000000000000000e+00 1.600000000000000089e+00 -3.899999999999999929e-05 2.099000000000000171e-03 9.999980000000000535e-01 -2.801020000000000176e-01 9.599680000000000435e-01 -2.026000000000000023e-03 -9.599699999999999900e-01 -2.801020000000000176e-01 5.500000000000000331e-04
3.000000000000000000e+00 4.400000000000000000e+01 6.300000000000000000e+01 0.000000000000000000e+00 1.600000000000000089e+00 3.843000000000000062e-03 1.630500000000000005e-02 -9.998599999999999710e-01 -6.360109999999999930e-01 -7.715330000000000243e-01 -1.502700000000000043e-02 -7.716699999999999671e-01 6.359799999999999898e-01 7.405000000000000124e-03
9.000000000000000000e+00 4.400000000000000000e+01 6.300000000000000000e+01 0.000000000000000000e+00 1.600000000000000089e+00 -7.699999999999999597e-04 1.345000000000000058e-03 -9.999989999999999712e-01 -6.506570000000000409e-01 -7.593710000000000182e-01 -5.199999999999999544e-04 -7.593710000000000182e-01 6.506560000000000121e-01 1.459999999999999926e-03
1.400000000000000000e+01 4.400000000000000000e+01 6.300000000000000000e+01 0.000000000000000000e+00 1.600000000000000089e+00 3.089999999999999756e-04 1.238599999999999944e-02 -9.999230000000000063e-01 -6.599169999999999758e-01 -7.512790000000000301e-01 -9.509999999999999357e-03 -7.513389999999999791e-01 6.598690000000000389e-01 7.941999999999999407e-03
2.000000000000000000e+01 4.400000000000000000e+01 6.300000000000000000e+01 0.000000000000000000e+00 1.600000000000000089e+00 6.380000000000000037e-04 4.710999999999999910e-03 -9.999890000000000168e-01 -6.677269999999999595e-01 -7.443959999999999466e-01 -3.932999999999999864e-03 -7.444060000000000121e-01 6.677220000000000377e-01 2.670000000000000064e-03
2.400000000000000000e+01 4.400000000000000000e+01 6.300000000000000000e+01 0.000000000000000000e+00 1.600000000000000089e+00 9.074000000000000468e-03 2.222400000000000070e-02 -9.997120000000000450e-01 -6.748140000000000249e-01 -7.376439999999999664e-01 -2.252399999999999888e-02 -7.379320000000000324e-01 6.748239999999999794e-01 8.304000000000000617e-03
6.000000000000000000e+00 2.600000000000000000e+01 6.400000000000000000e+01 0.000000000000000000e+00 1.600000000000000089e+00 -9.150000000000000147e-04 -3.377999999999999926e-03 9.999940000000000495e-01 -3.681740000000000013e-01 9.297530000000000516e-01 2.804000000000000069e-03 -9.297569999999999446e-01 -3.681690000000000240e-01 -2.095000000000000074e-03
1.300000000000000000e+01 2.600000000000000000e+01 6.400000000000000000e+01 0.000000000000000000e+00 1.600000000000000089e+00 -2.269999999999999882e-03 -1.660999999999999933e-03 9.999959999999999960e-01 -3.720379999999999798e-01 9.282169999999999588e-01 6.980000000000000527e-04 -9.282150000000000123e-01 -3.720350000000000046e-01 -2.724999999999999992e-03
1.700000000000000000e+01 2.600000000000000000e+01 6.400000000000000000e+01 0.000000000000000000e+00 1.600000000000000089e+00 -8.890000000000000333e-04 3.210999999999999879e-03 9.999949999999999672e-01 -3.738609999999999989e-01 9.274790000000000534e-01 -3.311000000000000141e-03 -9.274839999999999751e-01 -3.738620000000000276e-01 3.759999999999999779e-04
2.100000000000000000e+01 2.600000000000000000e+01 6.400000000000000000e+01 0.000000000000000000e+00 1.600000000000000089e+00 1.250000000000000026e-03 5.649000000000000375e-03 9.999829999999999552e-01 -3.683949999999999725e-01 9.296569999999999556e-01 -4.791000000000000120e-03 -9.296689999999999676e-01 -3.683830000000000160e-01 3.242999999999999789e-03
2.700000000000000000e+01 2.600000000000000000e+01 6.400000000000000000e+01 0.000000000000000000e+00 1.600000000000000089e+00 -4.299999999999999894e-04 7.290000000000000473e-04 1.000000000000000000e+00 -3.616170000000000218e-01 9.323259999999999881e-01 -8.350000000000000217e-04 -9.323270000000000168e-01 -3.616170000000000218e-01 -1.369999999999999961e-04
2.700000000000000000e+01 4.300000000000000000e+01 7.300000000000000000e+01 0.000000000000000000e+00 1.600000000000000089e+00 -3.981699999999999823e-02 -9.745399999999999896e-02 9.944429999999999659e-01 6.151999999999999830e-02 -9.935829999999999940e-01 -9.490700000000000525e-02 9.973109999999999475e-01 5.739899999999999863e-02 4.555700000000000027e-02
2.000000000000000000e+00 4.400000000000000000e+01 7.300000000000000000e+01 0.000000000000000000e+00 1.600000000000000089e+00 -1.052999999999999900e-03 4.079999999999999968e-04 9.999989999999999712e-01 5.744599999999999707e-02 -9.983490000000000419e-01 4.679999999999999915e-04 9.983480000000000132e-01 5.744599999999999707e-02 1.028000000000000051e-03
8.000000000000000000e+00 4.400000000000000000e+01 7.300000000000000000e+01 0.000000000000000000e+00 1.600000000000000089e+00 8.130000000000000291e-04 4.088999999999999753e-03 9.999909999999999632e-01 5.778799999999999909e-02 -9.983210000000000139e-01 4.035000000000000392e-03 9.983290000000000219e-01 5.778400000000000203e-02 -1.046999999999999971e-03
1.100000000000000000e+01 4.400000000000000000e+01 7.300000000000000000e+01 0.000000000000000000e+00 1.600000000000000089e+00 1.185999999999999988e-03 4.257999999999999632e-03 9.999900000000000455e-01 5.974999999999999756e-02 -9.982050000000000090e-01 4.179000000000000423e-03 9.982130000000000170e-01 5.974399999999999850e-02 -1.438000000000000042e-03
1.800000000000000000e+01 4.400000000000000000e+01 7.300000000000000000e+01 0.000000000000000000e+00 1.600000000000000089e+00 -1.371999999999999956e-03 -3.985999999999999960e-03 9.999909999999999632e-01 5.625700000000000145e-02 -9.984089999999999909e-01 -3.902000000000000086e-03 9.984150000000000524e-01 5.625100000000000239e-02 1.593999999999999931e-03
2.500000000000000000e+01 4.400000000000000000e+01 7.300000000000000000e+01 0.000000000000000000e+00 1.600000000000000089e+00 -3.555799999999999933e-02 -1.084149999999999975e-01 9.934699999999999642e-01 2.248999999999999957e-02 -9.939329999999999554e-01 -1.076610000000000067e-01 9.991149999999999753e-01 1.851500000000000021e-02 3.778100000000000208e-02
3.000000000000000000e+00 2.500000000000000000e+01 7.400000000000000000e+01 0.000000000000000000e+00 1.600000000000000089e+00 5.910000000000000539e-04 4.716999999999999839e-03 9.999890000000000168e-01 8.235360000000000458e-01 -5.672589999999999577e-01 2.188999999999999974e-03 5.672629999999999617e-01 8.235259999999999803e-01 -4.219999999999999793e-03
7.000000000000000000e+00 2.500000000000000000e+01 7.400000000000000000e+01 0.000000000000000000e+00 1.600000000000000089e+00 -6.880000000000000265e-04 -3.950000000000000061e-04 1.000000000000000000e+00 8.258010000000000073e-01 -5.639619999999999633e-01 3.449999999999999833e-04 5.639619999999999633e-01 8.258010000000000073e-01 7.140000000000000079e-04
1.200000000000000000e+01 2.500000000000000000e+01 7.400000000000000000e+01 0.000000000000000000e+00 1.600000000000000089e+00 -1.659999999999999963e-04 -4.769999999999999934e-04 1.000000000000000000e+00 8.242509999999999559e-01 -5.662239999999999496e-01 -1.330000000000000073e-04 5.662239999999999496e-01 8.242509999999999559e-01 4.870000000000000197e-04
1.600000000000000000e+01 2.500000000000000000e+01 7.400000000000000000e+01 0.000000000000000000e+00 1.600000000000000089e+00 2.798999999999999839e-03 -4.870000000000000197e-04 9.999959999999999960e-01 8.225139999999999674e-01 -5.687379999999999658e-01 -2.579000000000000129e-03 5.687370000000000481e-01 8.225179999999999714e-01 -1.191000000000000001e-03
2.000000000000000000e+01 2.500000000000000000e+01 7.400000000000000000e+01 0.000000000000000000e+00 1.600000000000000089e+00 5.000000000000000104e-04 2.799999999999999755e-04 1.000000000000000000e+00 8.232169999999999765e-01 -5.677269999999999817e-01 -2.530000000000000239e-04 5.677269999999999817e-01 8.232169999999999765e-01 -5.150000000000000498e-04
2.800000000000000000e+01 2.500000000000000000e+01 7.400000000000000000e+01 0.000000000000000000e+00 1.600000000000000089e+00 2.465000000000000177e-03 5.207999999999999956e-03 9.999829999999999552e-01 8.294070000000000054e-01 -5.586440000000000294e-01 8.649999999999999920e-04 5.586389999999999967e-01 8.293909999999999894e-01 -5.696999999999999807e-03
3.000000000000000000e+00 5.100000000000000000e+01 7.600000000000000000e+01 0.000000000000000000e+00 1.600000000000000089e+00 -1.289999999999999914e-03 -7.200000000000000182e-05 -9.999989999999999712e-01 -4.009309999999999818e-01 -9.161080000000000334e-01 5.829999999999999679e-04 -9.161070000000000046e-01 4.009309999999999818e-01 1.152999999999999945e-03
1.000000000000000000e+00 9.100000000000000000e+01 7.600000000000000000e+01 0.000000000000000000e+00 1.600000000000000089e+00 6.549999999999999833e-04 -6.700000000000000226e-04 1.000000000000000000e+00 3.727449999999999930e-01 -9.279330000000000078e-01 -8.660000000000000163e-04 9.279340000000000366e-01 3.727449999999999930e-01 -3.579999999999999741e-04
6.000000000000000000e+00 9.100000000000000000e+01 7.600000000000000000e+01 0.000000000000000000e+00 1.600000000000000089e+00 -2.390000000000000089e-04 -1.678999999999999937e-03 9.999989999999999712e-01 3.768799999999999928e-01 -9.262610000000000010e-01 -1.464999999999999939e-03 9.262620000000000298e-01 3.768799999999999928e-01 8.540000000000000499e-04
1.400000000000000000e+01 9.100000000000000000e+01 7.600000000000000000e+01 0.000000000000000000e+00 1.600000000000000089e+00 -3.040000000000000167e-04 3.980000000000000248e-04 1.000000000000000000e+00 3.933320000000000149e-01 -9.193959999999999910e-01 4.850000000000000253e-04 9.193970000000000198e-01 3.933320000000000149e-01 1.230000000000000082e-04
1.900000000000000000e+01 9.100000000000000000e+01 7.600000000000000000e+01 0.000000000000000000e+00 1.600000000000000089e+00 6.120000000000000223e-04 -5.339999999999999695e-04 1.000000000000000000e+00 3.988849999999999896e-01 -9.170009999999999550e-01 -7.339999999999999520e-04 9.170009999999999550e-01 3.988849999999999896e-01 -3.480000000000000020e-04
2.700000000000000000e+01 9.100000000000000000e+01 7.600000000000000000e+01 0.000000000000000000e+00 1.600000000000000089e+00 1.433999999999999945e-03 1.361999999999999929e-03 9.999980000000000535e-01 3.970199999999999840e-01 -9.178100000000000147e-01 6.809999999999999647e-04 9.178089999999999860e-01 3.970179999999999820e-01 -1.856999999999999927e-03
3.000000000000000000e+01 9.000000000000000000e+00 8.200000000000000000e+01 0.000000000000000000e+00 1.600000000000000089e+00 -2.779999999999999811e-04 1.703899999999999859e-02 -9.998550000000000493e-01 5.700509999999999744e-01 8.214930000000000287e-01 1.384099999999999914e-02 8.216090000000000337e-01 -5.699640000000000262e-01 -9.941000000000000184e-03
1.100000000000000000e+01 4.400000000000000000e+01 8.300000000000000000e+01 0.000000000000000000e+00 1.600000000000000089e+00 5.029999999999999749e-04 -3.337000000000000122e-03 9.999940000000000495e-01 5.727419999999999733e-01 -8.197299999999999587e-01 -3.023000000000000079e-03 8.197360000000000202e-01 5.727400000000000269e-01 1.498999999999999898e-03
1.600000000000000000e+01 4.400000000000000000e+01 8.300000000000000000e+01 0.000000000000000000e+00 1.600000000000000089e+00 -1.304000000000000038e-03 -3.519999999999999908e-04 9.999989999999999712e-01 5.699199999999999822e-01 -8.216999999999999860e-01 4.550000000000000008e-04 8.216989999999999572e-01 5.699199999999999822e-01 1.271999999999999910e-03
4.000000000000000000e+00 1.010000000000000000e+02 8.300000000000000000e+01 0.000000000000000000e+00 1.600000000000000089e+00 2.060000000000000199e-03 4.772000000000000200e-03 9.999869999999999592e-01 9.952090000000000103e-01 9.773300000000000043e-02 -2.516000000000000007e-03 -9.774399999999999755e-02 9.952010000000000023e-01 -4.546999999999999827e-03
