3.000000000000000000e+00 1.500000000000000000e+01 4.000000000000000000e+00 0.000000000000000000e+00 1.600000000000000089e+00 2.184000000000000177e-03 5.283999999999999635e-03 9.999839999999999840e-01 2.926000000000000267e-01 -9.562249999999999917e-01 4.414000000000000389e-03 9.562319999999999709e-01 2.925849999999999840e-01 -3.635000000000000210e-03
9.000000000000000000e+00 1.500000000000000000e+01 4.000000000000000000e+00 0.000000000000000000e+00 1.600000000000000089e+00 8.260000000000000198e-04 1.026499999999999982e-02 9.999470000000000303e-01 2.929649999999999754e-01 -9.560750000000000082e-01 9.572999999999999912e-03 9.561229999999999452e-01 2.929419999999999802e-01 -3.797000000000000028e-03
1.800000000000000000e+01 1.500000000000000000e+01 4.000000000000000000e+00 0.000000000000000000e+00 1.600000000000000089e+00 1.814000000000000074e-03 5.664999999999999897e-03 9.999820000000000375e-01 2.910340000000000149e-01 -9.566999999999999948e-01 4.891999999999999647e-03 9.567109999999999781e-01 2.910200000000000009e-01 -3.383999999999999855e-03
2.300000000000000000e+01 1.500000000000000000e+01 4.000000000000000000e+00 0.000000000000000000e+00 1.600000000000000089e+00 -1.802999999999999915e-03 -1.490799999999999938e-02 9.998869999999999703e-01 2.867160000000000264e-01 -9.579170000000000185e-01 -1.376499999999999946e-02 9.580140000000000322e-01 2.866589999999999971e-01 6.001000000000000258e-03
6.000000000000000000e+00 1.600000000000000000e+01 4.000000000000000000e+00 0.000000000000000000e+00 1.600000000000000089e+00 5.580000000000000107e-04 9.169999999999999332e-03 9.999580000000000135e-01 3.575829999999999842e-01 -9.338440000000000074e-01 8.363999999999999907e-03 9.338809999999999611e-01 3.575630000000000197e-01 -3.799999999999999992e-03
1.300000000000000000e+01 1.600000000000000000e+01 4.000000000000000000e+00 0.000000000000000000e+00 1.600000000000000089e+00 -9.799999999999999684e-04 1.165899999999999923e-02 9.999320000000000430e-01 3.547370000000000245e-01 -9.348990000000000355e-01 1.124900000000000032e-02 9.349659999999999638e-01 3.547230000000000105e-01 -3.220000000000000206e-03
4.000000000000000000e+00 1.010000000000000000e+02 7.000000000000000000e+00 0.000000000000000000e+00 1.600000000000000089e+00 1.745000000000000023e-03 -8.188000000000000833e-03 9.999649999999999928e-01 8.858580000000000343e-01 4.639510000000000023e-01 2.252999999999999794e-03 -4.639530000000000043e-01 8.858230000000000270e-01 8.063000000000000722e-03
1.700000000000000000e+01 1.010000000000000000e+02 7.000000000000000000e+00 0.000000000000000000e+00 1.600000000000000089e+00 2.122000000000000188e-03 7.687000000000000256e-03 9.999679999999999680e-01 8.853750000000000231e-01 4.648459999999999814e-01 -5.453000000000000382e-03 -4.648729999999999807e-01 8.853579999999999783e-01 -5.819999999999999653e-03
2.000000000000000000e+01 1.010000000000000000e+02 7.000000000000000000e+00 0.000000000000000000e+00 1.600000000000000089e+00 3.220000000000000206e-04 -1.170299999999999986e-02 9.999310000000000143e-01 8.845129999999999937e-01 4.664869999999999850e-01 5.174999999999999913e-03 -4.665159999999999862e-01 8.844509999999999872e-01 1.050199999999999918e-02
1.000000000000000000e+00 1.500000000000000000e+01 8.000000000000000000e+00 0.000000000000000000e+00 1.600000000000000089e+00 -2.948000000000000100e-03 -5.670000000000000127e-04 -9.999959999999999960e-01 -5.854489999999999972e-01 -8.107060000000000377e-01 2.186000000000000009e-03 -8.107039999999999802e-01 5.854530000000000012e-01 2.057999999999999934e-03
6.000000000000000000e+00 1.500000000000000000e+01 8.000000000000000000e+00 0.000000000000000000e+00 1.600000000000000089e+00 1.804999999999999964e-03 9.211000000000000437e-03 -9.999559999999999560e-01 -5.856689999999999952e-01 -8.105050000000000310e-01 -8.522999999999999327e-03 -8.105480000000000462e-01 5.856590000000000407e-01 3.931999999999999731e-03
1.000000000000000000e+01 1.500000000000000000e+01 8.000000000000000000e+00 0.000000000000000000e+00 1.600000000000000089e+00 1.561000000000000104e-03 9.171999999999999598e-03 -9.999569999999999848e-01 -5.850880000000000525e-01 -8.109269999999999534e-01 -8.351000000000000784e-03 -8.109680000000000222e-01 5.850760000000000405e-01 4.100000000000000346e-03
1.400000000000000000e+01 1.500000000000000000e+01 8.000000000000000000e+00 0.000000000000000000e+00 1.600000000000000089e+00 2.246999999999999865e-03 1.135800000000000004e-02 -9.999329999999999607e-01 -5.828149999999999720e-01 -8.125369999999999537e-01 -1.053899999999999976e-02 -8.126020000000000465e-01 5.827989999999999560e-01 4.793000000000000385e-03
1.800000000000000000e+01 1.500000000000000000e+01 8.000000000000000000e+00 0.000000000000000000e+00 1.600000000000000089e+00 3.480000000000000020e-04 6.308000000000000239e-03 -9.999799999999999800e-01 -5.808670000000000222e-01 -8.139809999999999546e-01 -5.336999999999999730e-03 -8.139990000000000281e-01 5.808569999999999567e-01 3.380000000000000192e-03
2.500000000000000000e+01 1.500000000000000000e+01 8.000000000000000000e+00 0.000000000000000000e+00 1.600000000000000089e+00 -9.020000000000000240e-04 -1.327399999999999934e-02 -9.999109999999999943e-01 -5.815709999999999491e-01 -8.134169999999999456e-01 1.132299999999999973e-02 -8.134949999999999681e-01 5.815299999999999914e-01 -6.986000000000000022e-03
3.000000000000000000e+01 1.500000000000000000e+01 8.000000000000000000e+00 0.000000000000000000e+00 1.600000000000000089e+00 4.600000000000000004e-05 -7.540999999999999960e-03 -9.999719999999999720e-01 -5.832110000000000349e-01 -8.122979999999999645e-01 6.099000000000000254e-03 -8.123209999999999598e-01 5.831939999999999902e-01 -4.435999999999999839e-03
2.000000000000000000e+00 2.600000000000000000e+01 8.000000000000000000e+00 0.000000000000000000e+00 1.600000000000000089e+00 -5.860000000000000408e-04 2.719000000000000063e-03 -9.999959999999999960e-01 4.087629999999999875e-01 9.126379999999999493e-01 2.242000000000000069e-03 9.126400000000000068e-01 -4.087600000000000122e-01 -1.645999999999999894e-03
1.800000000000000000e+01 2.600000000000000000e+01 8.000000000000000000e+00 0.000000000000000000e+00 1.600000000000000089e+00 -2.912999999999999791e-03 -9.806999999999999745e-03 -9.999479999999999480e-01 4.075880000000000059e-01 9.131099999999999772e-01 -1.014299999999999924e-02 9.131610000000000005e-01 -4.075960000000000139e-01 1.337999999999999997e-03
2.200000000000000000e+01 2.600000000000000000e+01 8.000000000000000000e+00 0.000000000000000000e+00 1.600000000000000089e+00 -5.749999999999999903e-04 -4.379000000000000080e-03 -9.999900000000000455e-01 4.081219999999999848e-01 9.129180000000000073e-01 -4.232999999999999784e-03 9.129270000000000440e-01 -4.081199999999999828e-01 1.263000000000000017e-03
2.600000000000000000e+01 2.600000000000000000e+01 8.000000000000000000e+00 0.000000000000000000e+00 1.600000000000000089e+00 2.795999999999999874e-03 5.202000000000000027e-03 -9.999829999999999552e-01 4.085449999999999915e-01 9.127189999999999470e-01 5.890000000000000270e-03 9.127340000000000453e-01 -4.085539999999999727e-01 4.270000000000000249e-04
7.000000000000000000e+00 2.400000000000000000e+01 9.000000000000000000e+00 0.000000000000000000e+00 1.600000000000000089e+00 -8.239999999999999712e-04 -6.009999999999999717e-04 -9.999989999999999712e-01 4.627149999999999874e-01 8.865070000000000450e-01 -9.139999999999999904e-04 8.865070000000000450e-01 -4.627160000000000162e-01 -4.530000000000000064e-04
1.200000000000000000e+01 2.400000000000000000e+01 9.000000000000000000e+00 0.000000000000000000e+00 1.600000000000000089e+00 -7.429999999999999539e-04 -3.937000000000000395e-03 -9.999919999999999920e-01 4.606069999999999887e-01 8.875960000000000516e-01 -3.837000000000000133e-03 8.876039999999999486e-01 -4.606060000000000154e-01 1.154000000000000078e-03
1.800000000000000000e+01 2.400000000000000000e+01 9.000000000000000000e+00 0.000000000000000000e+00 1.600000000000000089e+00 -3.181999999999999933e-03 -1.197999999999999933e-02 -9.999230000000000063e-01 4.620770000000000155e-01 8.867570000000000174e-01 -1.209499999999999985e-02 8.868340000000000112e-01 -4.620799999999999907e-01 2.713999999999999833e-03
2.500000000000000000e+01 2.400000000000000000e+01 9.000000000000000000e+00 0.000000000000000000e+00 1.600000000000000089e+00 1.930000000000000075e-03 2.579999999999999828e-04 -9.999980000000000535e-01 4.637209999999999943e-01 8.859810000000000185e-01 1.123999999999999999e-03 8.859789999999999610e-01 -4.637220000000000231e-01 1.590000000000000050e-03
9.000000000000000000e+00 1.020000000000000000e+02 9.000000000000000000e+00 0.000000000000000000e+00 1.600000000000000089e+00 -8.630000000000000518e-04 7.860000000000000667e-03 9.999689999999999968e-01 9.223689999999999944e-01 3.863039999999999807e-01 -2.240999999999999936e-03 -3.863090000000000135e-01 9.223379999999999912e-01 -7.583000000000000330e-03
6.000000000000000000e+00 3.500000000000000000e+01 1.200000000000000000e+01 0.000000000000000000e+00 1.600000000000000089e+00 1.090999999999999956e-03 -6.484000000000000180e-03 -9.999780000000000335e-01 4.470819999999999794e-01 -8.944710000000000161e-01 6.288000000000000186e-03 -8.944919999999999538e-01 -4.470790000000000042e-01 1.923000000000000013e-03
1.300000000000000000e+01 3.500000000000000000e+01 1.200000000000000000e+01 0.000000000000000000e+00 1.600000000000000089e+00 -1.809999999999999977e-03 1.582000000000000073e-03 -9.999970000000000248e-01 4.409890000000000199e-01 -8.975100000000000300e-01 -2.217999999999999920e-03 -8.975109999999999477e-01 -4.409919999999999951e-01 9.269999999999999811e-04
2.000000000000000000e+01 3.500000000000000000e+01 1.200000000000000000e+01 0.000000000000000000e+00 1.600000000000000089e+00 5.670000000000000127e-04 -6.409999999999999682e-04 -1.000000000000000000e+00 4.532089999999999730e-01 -8.914039999999999742e-01 8.279999999999999600e-04 -8.914039999999999742e-01 -4.532089999999999730e-01 -2.139999999999999975e-04
2.400000000000000000e+01 3.500000000000000000e+01 1.200000000000000000e+01 0.000000000000000000e+00 1.600000000000000089e+00 -3.065000000000000016e-03 -3.746000000000000198e-03 -9.999879999999999880e-01 4.604619999999999824e-01 -8.876770000000000493e-01 1.913999999999999903e-03 -8.876739999999999631e-01 -4.604509999999999992e-01 4.446000000000000299e-03
2.700000000000000000e+01 3.500000000000000000e+01 1.200000000000000000e+01 0.000000000000000000e+00 1.600000000000000089e+00 -2.152999999999999966e-03 1.221000000000000080e-03 -9.999970000000000248e-01 4.634309999999999818e-01 -8.861310000000000020e-01 -2.079999999999999818e-03 -8.861310000000000020e-01 -4.634340000000000126e-01 1.342000000000000094e-03
1.000000000000000000e+00 1.200000000000000000e+01 1.500000000000000000e+01 0.000000000000000000e+00 1.600000000000000089e+00 -1.010000000000000047e-03 -3.212000000000000011e-03 -9.999940000000000495e-01 -4.682700000000000196e-01 -8.835790000000000033e-01 3.311000000000000141e-03 -8.835849999999999538e-01 4.682709999999999928e-01 -6.120000000000000223e-04
1.200000000000000000e+01 1.200000000000000000e+01 1.500000000000000000e+01 0.000000000000000000e+00 1.600000000000000089e+00 1.897999999999999948e-03 2.750999999999999973e-03 -9.999940000000000495e-01 -4.701670000000000016e-01 -8.825709999999999944e-01 -3.320000000000000034e-03 -8.825749999999999984e-01 4.701710000000000056e-01 -3.820000000000000153e-04
1.700000000000000000e+01 1.200000000000000000e+01 1.500000000000000000e+01 0.000000000000000000e+00 1.600000000000000089e+00 2.910000000000000260e-04 8.925999999999999907e-03 -9.999599999999999600e-01 -4.708209999999999895e-01 -8.821919999999999762e-01 -8.012000000000000025e-03 -8.822290000000000409e-01 4.708040000000000003e-01 3.945999999999999855e-03
2.200000000000000000e+01 1.200000000000000000e+01 1.500000000000000000e+01 0.000000000000000000e+00 1.600000000000000089e+00 -2.590000000000000071e-04 3.864999999999999946e-03 -9.999930000000000208e-01 -4.712589999999999835e-01 -8.819890000000000230e-01 -3.285999999999999859e-03 -8.819949999999999735e-01 4.712540000000000062e-01 2.050000000000000173e-03
2.800000000000000000e+01 1.200000000000000000e+01 1.500000000000000000e+01 0.000000000000000000e+00 1.600000000000000089e+00 -1.482000000000000027e-03 -2.471000000000000106e-03 -9.999959999999999960e-01 -4.695400000000000129e-01 -8.829069999999999974e-01 2.877999999999999916e-03 -8.829099999999999726e-01 4.695420000000000149e-01 1.489999999999999897e-04
7.000000000000000000e+00 1.160000000000000000e+02 1.600000000000000000e+01 0.000000000000000000e+00 1.600000000000000089e+00 -3.014999999999999885e-03 -3.550000000000000204e-03 9.999890000000000168e-01 6.921469999999999567e-01 7.217419999999999947e-01 4.649000000000000354e-03 -7.217510000000000314e-01 6.921530000000000182e-01 2.809999999999999998e-04
2.100000000000000000e+01 1.160000000000000000e+02 1.600000000000000000e+01 0.000000000000000000e+00 1.600000000000000089e+00 -5.180000000000000143e-04 1.956999999999999972e-03 9.999980000000000535e-01 6.585180000000000478e-01 7.525640000000000107e-01 -1.131999999999999977e-03 -7.525650000000000395e-01 6.585159999999999902e-01 -1.678999999999999937e-03
2.700000000000000000e+01 1.160000000000000000e+02 1.600000000000000000e+01 0.000000000000000000e+00 1.600000000000000089e+00 -3.100000000000000135e-05 -2.034999999999999917e-03 9.999980000000000535e-01 6.678420000000000467e-01 7.443009999999999904e-01 1.534999999999999906e-03 -7.443030000000000479e-01 6.678410000000000180e-01 1.335999999999999948e-03
9.000000000000000000e+00 2.000000000000000000e+00 1.900000000000000000e+01 0.000000000000000000e+00 1.600000000000000089e+00 -8.496000000000000080e-03 1.292699999999999926e-02 -9.998799999999999910e-01 2.094280000000000030e-01 -9.777179999999999760e-01 -1.442000000000000053e-02 -9.777869999999999617e-01 -2.095249999999999890e-01 5.599999999999999943e-03
1.200000000000000000e+01 2.000000000000000000e+00 1.900000000000000000e+01 0.000000000000000000e+00 1.600000000000000089e+00 -1.428999999999999932e-03 5.904000000000000394e-03 -9.999820000000000375e-01 2.076919999999999877e-01 -9.781750000000000167e-01 -6.072000000000000140e-03 -9.781929999999999792e-01 -2.076969999999999927e-01 1.720000000000000066e-04
1.900000000000000000e+01 2.000000000000000000e+00 1.900000000000000000e+01 0.000000000000000000e+00 1.600000000000000089e+00 5.368999999999999641e-03 -5.518000000000000335e-03 -9.999700000000000255e-01 1.966809999999999947e-01 -9.804460000000000397e-01 6.466000000000000393e-03 -9.804530000000000189e-01 -1.967089999999999950e-01 -4.179000000000000423e-03
2.200000000000000000e+01 2.000000000000000000e+00 1.900000000000000000e+01 0.000000000000000000e+00 1.600000000000000089e+00 5.187999999999999903e-03 -6.442999999999999942e-03 -9.999660000000000215e-01 1.979640000000000011e-01 -9.801819999999999977e-01 7.342999999999999701e-03 -9.801950000000000385e-01 -1.979960000000000053e-01 -3.808999999999999886e-03
2.700000000000000000e+01 2.000000000000000000e+00 1.900000000000000000e+01 0.000000000000000000e+00 1.600000000000000089e+00 4.141999999999999849e-03 -1.526800000000000032e-02 -9.998749999999999583e-01 2.021719999999999906e-01 -9.792229999999999546e-01 1.579099999999999948e-02 -9.793410000000000171e-01 -2.022120000000000029e-01 -9.690000000000000262e-04
4.000000000000000000e+00 1.300000000000000000e+01 2.000000000000000000e+01 0.000000000000000000e+00 1.600000000000000089e+00 -8.819999999999999715e-04 -4.780999999999999660e-03 9.999879999999999880e-01 2.473370000000000013e-01 9.689170000000000282e-01 4.850000000000000144e-03 -9.689290000000000402e-01 2.473390000000000033e-01 3.269999999999999795e-04
1.400000000000000000e+01 1.300000000000000000e+01 2.000000000000000000e+01 0.000000000000000000e+00 1.600000000000000089e+00 3.429999999999999889e-04 1.667999999999999995e-03 9.999980000000000535e-01 2.473309999999999953e-01 9.689299999999999580e-01 -1.701000000000000038e-03 -9.689309999999999867e-01 2.473309999999999953e-01 -8.000000000000000654e-05
2.400000000000000000e+01 1.300000000000000000e+01 2.000000000000000000e+01 0.000000000000000000e+00 1.600000000000000089e+00 2.500000000000000120e-05 -7.600000000000000418e-05 1.000000000000000000e+00 2.557980000000000254e-01 9.667299999999999782e-01 6.700000000000000226e-05 -9.667299999999999782e-01 2.557980000000000254e-01 4.300000000000000165e-05
3.000000000000000000e+00 1.600000000000000000e+01 2.100000000000000000e+01 0.000000000000000000e+00 1.600000000000000089e+00 -1.237999999999999951e-03 -4.771000000000000067e-03 9.999879999999999880e-01 2.984559999999999991e-01 9.544110000000000094e-01 4.923000000000000292e-03 -9.544230000000000214e-01 2.984580000000000011e-01 2.420000000000000005e-04
2.100000000000000000e+01 1.600000000000000000e+01 2.100000000000000000e+01 0.000000000000000000e+00 1.600000000000000089e+00 8.549999999999999658e-04 7.378000000000000010e-03 9.999719999999999720e-01 3.008480000000000043e-01 9.536440000000000472e-01 -7.293000000000000003e-03 -9.536719999999999642e-01 3.008460000000000023e-01 -1.404000000000000083e-03
1.000000000000000000e+00 5.000000000000000000e+01 2.200000000000000000e+01 0.000000000000000000e+00 1.600000000000000089e+00 -1.936999999999999920e-03 -8.333000000000000129e-03 -9.999630000000000463e-01 -5.803300000000000125e-01 8.143620000000000303e-01 -5.662999999999999631e-03 8.143789999999999640e-01 5.802979999999999805e-01 -6.414000000000000430e-03
7.000000000000000000e+00 4.600000000000000000e+01 2.700000000000000000e+01 0.000000000000000000e+00 1.600000000000000089e+00 -2.054999999999999969e-03 -8.980000000000000352e-04 -9.999970000000000248e-01 6.587319999999999842e-01 7.523750000000000160e-01 -2.030000000000000120e-03 7.523750000000000160e-01 -6.587340000000000417e-01 -9.539999999999999869e-04
1.300000000000000000e+01 4.600000000000000000e+01 2.700000000000000000e+01 0.000000000000000000e+00 1.600000000000000089e+00 -4.090000000000000211e-04 8.689999999999999808e-04 -1.000000000000000000e+00 6.575250000000000261e-01 7.534319999999999906e-01 3.860000000000000041e-04 7.534319999999999906e-01 -6.575250000000000261e-01 -8.800000000000000313e-04
1.900000000000000000e+01 4.600000000000000000e+01 2.700000000000000000e+01 0.000000000000000000e+00 1.600000000000000089e+00 -1.242999999999999964e-03 6.620000000000000450e-04 -9.999989999999999712e-01 6.565950000000000397e-01 7.542429999999999968e-01 -3.170000000000000075e-04 7.542419999999999680e-01 -6.565950000000000397e-01 -1.371999999999999956e-03
2.400000000000000000e+01 4.600000000000000000e+01 3.000000000000000000e+01 0.000000000000000000e+00 1.600000000000000089e+00 5.099999999999999960e-05 -1.489999999999999897e-04 -1.000000000000000000e+00 3.296169999999999933e-01 9.441150000000000375e-01 -1.240000000000000054e-04 9.441150000000000375e-01 -3.296169999999999933e-01 9.699999999999999963e-05
1.000000000000000000e+00 5.800000000000000000e+01 3.100000000000000000e+01 0.000000000000000000e+00 1.600000000000000089e+00 5.100999999999999632e-03 -3.474000000000000091e-03 9.999810000000000088e-01 -7.662590000000000234e-01 -6.425300000000000455e-01 1.675999999999999972e-03 6.425110000000000543e-01 -7.662529999999999619e-01 -5.939999999999999968e-03
4.000000000000000000e+00 5.800000000000000000e+01 3.100000000000000000e+01 0.000000000000000000e+00 1.600000000000000089e+00 1.461999999999999975e-03 -6.130000000000000466e-04 9.999989999999999712e-01 -7.620350000000000179e-01 -6.475360000000000005e-01 7.179999999999999967e-04 6.475340000000000540e-01 -7.620350000000000179e-01 -1.413999999999999892e-03
1.000000000000000000e+01 5.800000000000000000e+01 3.100000000000000000e+01 0.000000000000000000e+00 1.600000000000000089e+00 -7.825000000000000358e-03 -2.892000000000000039e-03 9.999649999999999928e-01 -7.614659999999999762e-01 -6.481580000000000119e-01 -7.832999999999999685e-03 6.481580000000000119e-01 -7.615009999999999835e-01 2.870000000000000155e-03
1.500000000000000000e+01 5.800000000000000000e+01 3.100000000000000000e+01 0.000000000000000000e+00 1.600000000000000089e+00 -2.380000000000000117e-04 1.216999999999999983e-03 9.999989999999999712e-01 -7.640449999999999742e-01 -6.451630000000000420e-01 6.030000000000000204e-04 6.451630000000000420e-01 -7.640439999999999454e-01 1.083999999999999894e-03
2.100000000000000000e+01 5.800000000000000000e+01 3.100000000000000000e+01 0.000000000000000000e+00 1.600000000000000089e+00 2.579999999999999828e-03 -2.965999999999999887e-03 9.999919999999999920e-01 -7.655300000000000438e-01 -6.434010000000000007e-01 6.600000000000000506e-05 6.433959999999999679e-01 -7.655239999999999823e-01 -3.930999999999999599e-03
2.800000000000000000e+01 5.800000000000000000e+01 3.100000000000000000e+01 0.000000000000000000e+00 1.600000000000000089e+00 -1.477999999999999930e-03 -4.048000000000000383e-03 9.999909999999999632e-01 -7.658350000000000435e-01 -6.430259999999999865e-01 -3.735000000000000039e-03 6.430350000000000232e-01 -7.658340000000000147e-01 -2.150000000000000001e-03
7.000000000000000000e+00 4.600000000000000000e+01 3.500000000000000000e+01 0.000000000000000000e+00 1.600000000000000089e+00 7.259999999999999743e-04 -4.070000000000000267e-04 -1.000000000000000000e+00 3.859239999999999893e-01 -9.225299999999999612e-01 6.549999999999999833e-04 -9.225299999999999612e-01 -3.859239999999999893e-01 -5.130000000000000011e-04
1.500000000000000000e+01 4.600000000000000000e+01 3.500000000000000000e+01 0.000000000000000000e+00 1.600000000000000089e+00 5.240000000000000517e-04 -1.874999999999999931e-03 -9.999980000000000535e-01 3.866080000000000072e-01 -9.222420000000000062e-01 1.931999999999999907e-03 -9.222439999999999527e-01 -3.866080000000000072e-01 2.420000000000000005e-04
1.700000000000000000e+01 4.600000000000000000e+01 3.500000000000000000e+01 0.000000000000000000e+00 1.600000000000000089e+00 3.229999999999999907e-04 1.965999999999999866e-03 -9.999980000000000535e-01 3.863929999999999865e-01 -9.223329999999999584e-01 -1.688000000000000047e-03 -9.223339999999999872e-01 -3.863920000000000132e-01 -1.057999999999999913e-03
2.100000000000000000e+01 4.600000000000000000e+01 3.500000000000000000e+01 0.000000000000000000e+00 1.600000000000000089e+00 3.249999999999999851e-04 -6.199999999999999999e-04 -1.000000000000000000e+00 3.860129999999999950e-01 -9.224930000000000074e-01 6.980000000000000527e-04 -9.224930000000000074e-01 -3.860129999999999950e-01 -6.099999999999999872e-05
2.700000000000000000e+01 4.600000000000000000e+01 3.500000000000000000e+01 0.000000000000000000e+00 1.600000000000000089e+00 -3.049999999999999868e-04 1.116999999999999937e-03 -9.999989999999999712e-01 3.847140000000000004e-01 -9.230350000000000499e-01 -1.149000000000000065e-03 -9.230359999999999676e-01 -3.847140000000000004e-01 -1.479999999999999925e-04
8.000000000000000000e+00 9.500000000000000000e+01 3.600000000000000000e+01 0.000000000000000000e+00 1.600000000000000089e+00 -1.273000000000000043e-03 -2.626399999999999915e-02 9.996540000000000425e-01 9.976089999999999680e-01 6.904200000000000614e-02 3.083999999999999936e-03 -6.909899999999999376e-02 9.972680000000000433e-01 2.611399999999999832e-02
1.800000000000000000e+01 9.500000000000000000e+01 3.600000000000000000e+01 0.000000000000000000e+00 1.600000000000000089e+00 -5.010000000000000347e-04 3.380000000000000192e-03 9.999940000000000495e-01 9.976890000000000480e-01 6.794200000000000239e-02 2.700000000000000035e-04 -6.794000000000000039e-02 9.976840000000000153e-01 -3.406000000000000173e-03
2.100000000000000000e+01 9.500000000000000000e+01 3.600000000000000000e+01 0.000000000000000000e+00 1.600000000000000089e+00 4.281000000000000083e-03 7.849999999999999339e-03 9.999599999999999600e-01 9.974229999999999485e-01 7.157600000000000073e-02 -4.832000000000000357e-03 -7.161099999999999410e-02 9.974039999999999573e-01 -7.524000000000000306e-03
5.000000000000000000e+00 3.000000000000000000e+00 4.300000000000000000e+01 0.000000000000000000e+00 1.600000000000000089e+00 -8.570000000000000144e-04 5.682999999999999684e-03 -9.999829999999999552e-01 7.386070000000000135e-01 -6.741219999999999990e-01 -4.464000000000000086e-03 -6.741359999999999575e-01 -7.385979999999999768e-01 -3.619999999999999954e-03
1.400000000000000000e+01 3.000000000000000000e+00 4.300000000000000000e+01 0.000000000000000000e+00 1.600000000000000089e+00 6.930000000000000396e-04 3.184999999999999897e-03 -9.999949999999999672e-01 7.362520000000000175e-01 -6.767050000000000010e-01 -1.644999999999999978e-03 -6.767069999999999474e-01 -7.362469999999999848e-01 -2.814000000000000095e-03
1.900000000000000000e+01 3.000000000000000000e+00 4.300000000000000000e+01 0.000000000000000000e+00 1.600000000000000089e+00 -1.281999999999999936e-03 -6.152999999999999615e-03 -9.999799999999999800e-01 7.393729999999999469e-01 -6.732879999999999976e-01 3.194999999999999923e-03 -6.732949999999999768e-01 -7.393539999999999557e-01 5.412000000000000144e-03
2.900000000000000000e+01 3.000000000000000000e+00 4.300000000000000000e+01 0.000000000000000000e+00 1.600000000000000089e+00 -4.078000000000000028e-03 -1.621600000000000125e-02 -9.998599999999999710e-01 7.355580000000000451e-01 -6.774139999999999606e-01 7.986999999999999308e-03 -6.774489999999999679e-01 -7.354230000000000489e-01 1.468999999999999993e-02
3.000000000000000000e+00 8.000000000000000000e+00 4.400000000000000000e+01 0.000000000000000000e+00 1.600000000000000089e+00 5.429999999999999714e-04 4.484000000000000138e-03 9.999900000000000455e-01 -7.807819999999999760e-01 -6.247949999999999893e-01 3.226000000000000135e-03 6.248029999999999973e-01 -7.807760000000000256e-01 3.161999999999999880e-03
2.000000000000000000e+00 2.900000000000000000e+01 4.400000000000000000e+01 0.000000000000000000e+00 1.600000000000000089e+00 -7.600000000000000418e-04 -2.020999999999999793e-03 -9.999980000000000535e-01 6.724170000000000424e-01 7.401699999999999946e-01 -2.007000000000000103e-03 7.401720000000000521e-01 -6.724170000000000424e-01 7.969999999999999654e-04
1.100000000000000000e+01 2.900000000000000000e+01 4.400000000000000000e+01 0.000000000000000000e+00 1.600000000000000089e+00 7.370000000000000249e-04 -1.410000000000000012e-03 -9.999989999999999712e-01 6.723179999999999712e-01 7.402619999999999756e-01 -5.479999999999999845e-04 7.402619999999999756e-01 -6.723170000000000535e-01 1.494000000000000102e-03
1.700000000000000000e+01 2.900000000000000000e+01 4.400000000000000000e+01 0.000000000000000000e+00 1.600000000000000089e+00 -6.459999999999999814e-04 -1.905000000000000009e-03 -9.999980000000000535e-01 6.733999999999999986e-01 7.392760000000000442e-01 -1.843000000000000020e-03 7.392779999999999907e-01 -6.733999999999999986e-01 8.059999999999999673e-04
2.100000000000000000e+01 2.900000000000000000e+01 4.400000000000000000e+01 0.000000000000000000e+00 1.600000000000000089e+00 -1.794000000000000022e-03 3.060000000000000111e-04 -9.999980000000000535e-01 6.707859999999999934e-01 7.416509999999999492e-01 -9.770000000000000039e-04 7.416490000000000027e-01 -6.707859999999999934e-01 -1.536000000000000039e-03
2.500000000000000000e+01 2.900000000000000000e+01 4.400000000000000000e+01 0.000000000000000000e+00 1.600000000000000089e+00 1.479999999999999979e-03 3.469999999999999777e-04 -9.999989999999999712e-01 6.736799999999999455e-01 7.390229999999999855e-01 1.253999999999999906e-03 7.390219999999999567e-01 -6.736809999999999743e-01 8.599999999999999789e-04
2.800000000000000000e+01 2.900000000000000000e+01 4.400000000000000000e+01 0.000000000000000000e+00 1.600000000000000089e+00 2.716000000000000098e-03 -4.579999999999999870e-03 -9.999860000000000415e-01 6.767379999999999507e-01 7.362229999999999608e-01 -1.533999999999999990e-03 7.362189999999999568e-01 -6.767239999999999922e-01 5.098000000000000101e-03
2.000000000000000000e+01 6.000000000000000000e+00 5.100000000000000000e+01 0.000000000000000000e+00 1.600000000000000089e+00 -5.999999999999999474e-04 4.282000000000000216e-03 -9.999909999999999632e-01 3.193509999999999960e-01 -9.476269999999999971e-01 -4.250000000000000305e-03 -9.476360000000000339e-01 -3.193500000000000227e-01 -7.990000000000000140e-04
1.500000000000000000e+01 7.000000000000000000e+00 5.200000000000000000e+01 0.000000000000000000e+00 1.600000000000000089e+00 4.339999999999999782e-04 -3.831000000000000204e-03 -9.999930000000000208e-01 1.196910000000000057e-01 -9.928040000000000198e-01 3.854999999999999920e-03 -9.928109999999999991e-01 -1.196920000000000067e-01 2.799999999999999958e-05
7.000000000000000000e+00 6.300000000000000000e+01 5.400000000000000000e+01 0.000000000000000000e+00 1.600000000000000089e+00 5.689999999999999529e-04 3.060000000000000111e-04 1.000000000000000000e+00 -3.479760000000000075e-01 9.375029999999999752e-01 -8.899999999999999491e-05 -9.375029999999999752e-01 -3.479760000000000075e-01 6.400000000000000524e-04
1.100000000000000000e+01 6.300000000000000000e+01 5.400000000000000000e+01 0.000000000000000000e+00 1.600000000000000089e+00 1.378000000000000102e-03 8.260000000000000198e-04 9.999989999999999712e-01 -3.517930000000000224e-01 9.360779999999999657e-01 -2.880000000000000073e-04 -9.360770000000000479e-01 -3.517919999999999936e-01 1.580000000000000024e-03
1.500000000000000000e+01 6.300000000000000000e+01 5.400000000000000000e+01 0.000000000000000000e+00 1.600000000000000089e+00 9.269999999999999811e-04 -2.961999999999999789e-03 9.999949999999999672e-01 -3.584570000000000256e-01 9.335409999999999542e-01 3.096999999999999927e-03 -9.335459999999999869e-01 -3.584579999999999989e-01 -1.959999999999999937e-04
2.000000000000000000e+01 6.300000000000000000e+01 5.400000000000000000e+01 0.000000000000000000e+00 1.600000000000000089e+00 -3.809999999999999910e-04 8.940000000000000464e-04 1.000000000000000000e+00 -3.594419999999999837e-01 9.331669999999999687e-01 -9.709999999999999664e-04 -9.331679999999999975e-01 -3.594419999999999837e-01 -3.399999999999999973e-05
2.300000000000000000e+01 6.300000000000000000e+01 5.400000000000000000e+01 0.000000000000000000e+00 1.600000000000000089e+00 -1.574000000000000095e-03 5.879999999999999810e-04 9.999989999999999712e-01 -3.537580000000000169e-01 9.353359999999999452e-01 -1.106999999999999911e-03 -9.353359999999999452e-01 -3.537589999999999901e-01 -1.263999999999999933e-03
2.900000000000000000e+01 6.300000000000000000e+01 5.400000000000000000e+01 0.000000000000000000e+00 1.600000000000000089e+00 1.141000000000000087e-03 1.170000000000000033e-03 9.999989999999999712e-01 -3.545760000000000023e-01 9.350270000000000525e-01 -6.890000000000000508e-04 -9.350260000000000238e-01 -3.545749999999999735e-01 1.482000000000000027e-03
2.000000000000000000e+00 2.500000000000000000e+01 5.500000000000000000e+01 0.000000000000000000e+00 1.600000000000000089e+00 1.348000000000000023e-03 -4.895000000000000046e-03 -9.999869999999999592e-01 -1.142100000000000060e-02 -9.999230000000000063e-01 4.879999999999999789e-03 -9.999339999999999895e-01 1.141400000000000053e-02 -1.404000000000000083e-03
7.000000000000000000e+00 2.500000000000000000e+01 5.500000000000000000e+01 0.000000000000000000e+00 1.600000000000000089e+00 -6.840000000000000377e-04 3.629999999999999872e-04 -1.000000000000000000e+00 -1.155699999999999956e-02 -9.999329999999999607e-01 -3.550000000000000096e-04 -9.999329999999999607e-01 1.155699999999999956e-02 6.880000000000000265e-04
1.100000000000000000e+01 2.500000000000000000e+01 5.500000000000000000e+01 0.000000000000000000e+00 1.600000000000000089e+00 -9.359999999999999831e-04 4.749999999999999990e-04 -9.999989999999999712e-01 -1.161500000000000032e-02 -9.999320000000000430e-01 -4.640000000000000027e-04 -9.999320000000000430e-01 1.161399999999999932e-02 9.409999999999999962e-04
1.600000000000000000e+01 2.500000000000000000e+01 5.500000000000000000e+01 0.000000000000000000e+00 1.600000000000000089e+00 -4.260000000000000006e-04 9.340000000000000429e-04 -9.999989999999999712e-01 -1.157900000000000075e-02 -9.999329999999999607e-01 -9.290000000000000297e-04 -9.999329999999999607e-01 1.157900000000000075e-02 4.369999999999999970e-04
1.900000000000000000e+01 2.500000000000000000e+01 5.500000000000000000e+01 0.000000000000000000e+00 1.600000000000000089e+00 8.549999999999999658e-04 1.087999999999999991e-03 -9.999989999999999712e-01 -1.221799999999999969e-02 -9.999249999999999527e-01 -1.098000000000000018e-03 -9.999249999999999527e-01 1.221900000000000069e-02 -8.419999999999999750e-04
2.500000000000000000e+01 2.500000000000000000e+01 5.500000000000000000e+01 0.000000000000000000e+00 1.600000000000000089e+00 9.349999999999999587e-04 8.949999999999999623e-04 -9.999989999999999712e-01 -1.369500000000000058e-02 -9.999059999999999615e-01 -9.079999999999999530e-04 -9.999059999999999615e-01 1.369500000000000058e-02 -9.229999999999999923e-04
9.000000000000000000e+00 6.800000000000000000e+01 5.700000000000000000e+01 0.000000000000000000e+00 1.600000000000000089e+00 2.730000000000000222e-04 -2.993000000000000001e-03 -9.999959999999999960e-01 -2.446810000000000096e-01 -9.695989999999999887e-01 2.834999999999999847e-03 -9.696040000000000214e-01 2.446790000000000076e-01 -9.970000000000000563e-04
1.600000000000000000e+01 6.800000000000000000e+01 5.700000000000000000e+01 0.000000000000000000e+00 1.600000000000000089e+00 1.704999999999999918e-03 -4.657999999999999814e-03 -9.999879999999999880e-01 -2.444860000000000089e-01 -9.696439999999999504e-01 4.100000000000000346e-03 -9.696510000000000407e-01 2.444759999999999989e-01 -2.792000000000000211e-03
1.000000000000000000e+00 2.100000000000000000e+01 6.000000000000000000e+01 0.000000000000000000e+00 1.600000000000000089e+00 -1.941999999999999933e-03 -5.460999999999999709e-03 9.999829999999999552e-01 -9.803699999999999914e-02 9.951689999999999703e-01 5.244000000000000397e-03 -9.951809999999999823e-01 -9.802500000000000102e-02 -2.468000000000000142e-03
7.000000000000000000e+00 2.100000000000000000e+01 6.000000000000000000e+01 0.000000000000000000e+00 1.600000000000000089e+00 -9.899999999999999404e-05 4.683999999999999796e-03 9.999890000000000168e-01 -9.741199999999999859e-02 9.952330000000000343e-01 -4.670999999999999805e-03 -9.952440000000000175e-01 -9.741199999999999859e-02 3.579999999999999741e-04
3.000000000000000000e+01 2.100000000000000000e+01 6.000000000000000000e+01 0.000000000000000000e+00 1.600000000000000089e+00 -7.700000000000000139e-05 1.502900000000000069e-02 9.998869999999999703e-01 -9.424299999999999344e-02 9.954370000000000163e-01 -1.497000000000000067e-02 -9.955490000000000173e-01 -9.423399999999999832e-02 1.340000000000000045e-03
5.000000000000000000e+00 6.000000000000000000e+00 6.100000000000000000e+01 0.000000000000000000e+00 1.600000000000000089e+00 3.701999999999999996e-03 -3.246000000000000187e-03 9.999879999999999880e-01 5.683679999999999843e-01 -8.227600000000000469e-01 -4.774999999999999731e-03 8.227659999999999973e-01 5.683789999999999676e-01 -1.201000000000000028e-03
1.300000000000000000e+01 3.000000000000000000e+00 6.300000000000000000e+01 0.000000000000000000e+00 1.600000000000000089e+00 2.625999999999999862e-03 -3.374999999999999962e-03 9.999909999999999632e-01 -6.159080000000000110e-01 7.878060000000000063e-01 4.276000000000000287e-03 -7.878140000000000143e-01 -6.159139999999999615e-01 -1.000000000000000082e-05
1.000000000000000000e+00 2.700000000000000000e+01 6.300000000000000000e+01 0.000000000000000000e+00 1.600000000000000089e+00 5.689999999999999529e-04 7.219999999999999855e-04 1.000000000000000000e+00 -2.731299999999999839e-01 9.619769999999999710e-01 -5.389999999999999826e-04 -9.619769999999999710e-01 -2.731290000000000107e-01 7.450000000000000025e-04
6.000000000000000000e+00 2.700000000000000000e+01 6.300000000000000000e+01 0.000000000000000000e+00 1.600000000000000089e+00 -1.026999999999999918e-03 -1.530000000000000056e-04 9.999989999999999712e-01 -2.732149999999999856e-01 9.619529999999999470e-01 -1.330000000000000073e-04 -9.619520000000000293e-01 -2.732149999999999856e-01 -1.028999999999999967e-03
1.100000000000000000e+01 2.700000000000000000e+01 6.300000000000000000e+01 0.000000000000000000e+00 1.600000000000000089e+00 1.144000000000000052e-03 -3.487000000000000082e-03 9.999930000000000208e-01 -2.753120000000000012e-01 9.613479999999999803e-01 3.667999999999999820e-03 -9.613540000000000418e-01 -2.753149999999999764e-01 1.399999999999999877e-04
1.800000000000000000e+01 2.700000000000000000e+01 6.300000000000000000e+01 0.000000000000000000e+00 1.600000000000000089e+00 2.122999999999999887e-03 -2.601000000000000013e-03 9.999940000000000495e-01 -2.718389999999999973e-01 9.623380000000000267e-01 3.079999999999999839e-03 -9.623399999999999732e-01 -2.718439999999999745e-01 1.335999999999999948e-03
2.500000000000000000e+01 2.700000000000000000e+01 6.300000000000000000e+01 0.000000000000000000e+00 1.600000000000000089e+00 -2.154999999999999798e-03 2.680000000000000090e-03 9.999940000000000495e-01 -2.741700000000000248e-01 9.616759999999999753e-01 -3.167999999999999809e-03 -9.616789999999999505e-01 -2.741750000000000020e-01 -1.337999999999999997e-03
1.000000000000000000e+00 2.600000000000000000e+01 6.400000000000000000e+01 0.000000000000000000e+00 1.600000000000000089e+00 -1.999999999999999909e-06 -3.159999999999999832e-04 1.000000000000000000e+00 -3.555940000000000212e-01 9.346400000000000263e-01 2.950000000000000148e-04 -9.346400000000000263e-01 -3.555940000000000212e-01 -1.140000000000000063e-04
6.000000000000000000e+00 2.600000000000000000e+01 6.400000000000000000e+01 0.000000000000000000e+00 1.600000000000000089e+00 -7.889999999999999878e-04 1.064000000000000059e-03 9.999989999999999712e-01 -3.565180000000000016e-01 9.342869999999999786e-01 -1.276000000000000007e-03 -9.342880000000000074e-01 -3.565189999999999748e-01 -3.570000000000000040e-04
1.200000000000000000e+01 2.600000000000000000e+01 6.400000000000000000e+01 0.000000000000000000e+00 1.600000000000000089e+00 1.397000000000000021e-03 -1.842000000000000104e-03 9.999970000000000248e-01 -3.550619999999999887e-01 9.348400000000000043e-01 2.217999999999999920e-03 -9.348419999999999508e-01 -3.550639999999999907e-01 6.520000000000000188e-04
2.400000000000000000e+01 2.600000000000000000e+01 6.400000000000000000e+01 0.000000000000000000e+00 1.600000000000000089e+00 -1.845999999999999985e-03 -1.002000000000000069e-03 9.999980000000000535e-01 -3.523319999999999785e-01 9.358750000000000124e-01 2.880000000000000073e-04 -9.358729999999999549e-01 -3.523310000000000053e-01 -2.080999999999999951e-03
3.000000000000000000e+01 2.600000000000000000e+01 6.400000000000000000e+01 0.000000000000000000e+00 1.600000000000000089e+00 -1.564999999999999985e-03 -1.363000000000000062e-03 9.999980000000000535e-01 -3.583839999999999804e-01 9.335740000000000149e-01 7.110000000000000434e-04 -9.335729999999999862e-01 -3.583819999999999784e-01 -1.949999999999999910e-03
2.700000000000000000e+01 6.900000000000000000e+01 6.600000000000000000e+01 0.000000000000000000e+00 1.600000000000000089e+00 9.624999999999999875e-03 -7.490000000000000130e-03 9.999259999999999815e-01 -9.523150000000000226e-01 3.049009999999999776e-01 1.145000000000000011e-02 -3.049640000000000128e-01 -9.523549999999999516e-01 -4.198000000000000342e-03
3.000000000000000000e+00 4.400000000000000000e+01 7.300000000000000000e+01 0.000000000000000000e+00 1.600000000000000089e+00 3.989999999999999949e-04 6.052000000000000088e-03 9.999820000000000375e-01 4.564900000000000208e-02 -9.989390000000000214e-01 6.028000000000000372e-03 9.989569999999999839e-01 4.564599999999999907e-02 -6.750000000000000357e-04
6.000000000000000000e+00 4.400000000000000000e+01 7.300000000000000000e+01 0.000000000000000000e+00 1.600000000000000089e+00 -3.530000000000000152e-04 3.338999999999999954e-03 9.999940000000000495e-01 4.490500000000000047e-02 -9.989860000000000406e-01 3.351999999999999945e-03 9.989909999999999624e-01 4.490600000000000147e-02 2.030000000000000012e-04
