4.000000000000000000e+00 1.500000000000000000e+01 4.000000000000000000e+00 0.000000000000000000e+00 1.600000000000000089e+00 2.520999999999999804e-03 2.361100000000000004e-02 9.997179999999999955e-01 2.923479999999999968e-01 -9.560629999999999962e-01 2.184200000000000030e-02 9.563089999999999646e-01 2.922100000000000253e-01 -9.312000000000000832e-03
9.000000000000000000e+00 1.500000000000000000e+01 4.000000000000000000e+00 0.000000000000000000e+00 1.600000000000000089e+00 4.566999999999999879e-03 3.163900000000000046e-02 9.994889999999999608e-01 2.948589999999999822e-01 -9.551039999999999530e-01 2.888699999999999948e-02 9.555299999999999905e-01 2.945769999999999778e-01 -1.369100000000000004e-02
1.500000000000000000e+01 1.500000000000000000e+01 4.000000000000000000e+00 0.000000000000000000e+00 1.600000000000000089e+00 -5.531000000000000326e-03 9.469999999999999252e-03 9.999400000000000510e-01 2.943319999999999825e-01 -9.556440000000000490e-01 1.067799999999999999e-02 9.556869999999999532e-01 2.943729999999999958e-01 2.497999999999999787e-03
1.800000000000000000e+01 1.500000000000000000e+01 4.000000000000000000e+00 0.000000000000000000e+00 1.600000000000000089e+00 -4.464000000000000086e-03 8.276000000000000370e-03 9.999559999999999560e-01 2.897770000000000068e-01 -9.570499999999999563e-01 9.213999999999999968e-03 9.570840000000000458e-01 2.898049999999999793e-01 1.874000000000000015e-03
2.000000000000000000e+01 1.600000000000000000e+01 4.000000000000000000e+00 0.000000000000000000e+00 1.600000000000000089e+00 -4.093000000000000284e-03 1.425799999999999984e-02 9.998899999999999455e-01 3.499180000000000068e-01 -9.366640000000000521e-01 1.478900000000000006e-02 9.367720000000000491e-01 3.499399999999999733e-01 -1.154999999999999994e-03
2.800000000000000000e+01 1.600000000000000000e+01 4.000000000000000000e+00 0.000000000000000000e+00 1.600000000000000089e+00 -4.460999999999999688e-03 2.508099999999999913e-02 9.996749999999999803e-01 3.413880000000000248e-01 -9.395869999999999500e-01 2.509700000000000125e-02 9.399119999999999697e-01 3.413889999999999980e-01 -4.370999999999999885e-03
2.400000000000000000e+01 1.010000000000000000e+02 7.000000000000000000e+00 0.000000000000000000e+00 1.600000000000000089e+00 2.258000000000000024e-03 6.517900000000000083e-02 9.978709999999999525e-01 8.878920000000000146e-01 4.589380000000000126e-01 -3.198600000000000054e-02 -4.600460000000000105e-01 8.860740000000000283e-01 -5.683599999999999763e-02
4.000000000000000000e+00 1.500000000000000000e+01 8.000000000000000000e+00 0.000000000000000000e+00 1.600000000000000089e+00 3.788000000000000134e-03 2.206299999999999928e-02 -9.997489999999999988e-01 -5.906470000000000331e-01 -8.066809999999999814e-01 -2.003999999999999879e-02 -8.069209999999999994e-01 5.905749999999999611e-01 9.976000000000000492e-03
8.000000000000000000e+00 1.500000000000000000e+01 8.000000000000000000e+00 0.000000000000000000e+00 1.600000000000000089e+00 3.970999999999999704e-03 3.023699999999999999e-02 -9.995349999999999513e-01 -5.887499999999999956e-01 -8.078720000000000345e-01 -2.677799999999999972e-02 -8.083059999999999690e-01 5.885820000000000496e-01 1.459399999999999933e-02
1.200000000000000000e+01 1.500000000000000000e+01 8.000000000000000000e+00 0.000000000000000000e+00 1.600000000000000089e+00 7.435999999999999902e-03 1.856899999999999870e-02 -9.998000000000000220e-01 -5.862119999999999553e-01 -8.099250000000000060e-01 -1.940199999999999911e-02 -8.101239999999999553e-01 5.862389999999999546e-01 4.863000000000000135e-03
1.700000000000000000e+01 1.500000000000000000e+01 8.000000000000000000e+00 0.000000000000000000e+00 1.600000000000000089e+00 9.145000000000000351e-03 9.083000000000000795e-03 -9.999169999999999447e-01 -5.824690000000000145e-01 -8.127529999999999477e-01 -1.271000000000000081e-02 -8.128009999999999957e-01 5.825369999999999715e-01 -2.141999999999999807e-03
2.100000000000000000e+01 1.500000000000000000e+01 8.000000000000000000e+00 0.000000000000000000e+00 1.600000000000000089e+00 9.785999999999999560e-03 1.683300000000000074e-02 -9.998099999999999765e-01 -5.799940000000000095e-01 -8.143899999999999473e-01 -1.938799999999999898e-02 -8.145620000000000083e-01 5.800739999999999785e-01 1.793000000000000106e-03
2.300000000000000000e+01 1.500000000000000000e+01 8.000000000000000000e+00 0.000000000000000000e+00 1.600000000000000089e+00 1.091499999999999936e-02 1.892599999999999838e-02 -9.997610000000000108e-01 -5.786639999999999562e-01 -8.152760000000000007e-01 -2.175099999999999950e-02 -8.154930000000000234e-01 5.787630000000000274e-01 2.053000000000000137e-03
3.000000000000000000e+01 1.500000000000000000e+01 8.000000000000000000e+00 0.000000000000000000e+00 1.600000000000000089e+00 9.079000000000000264e-03 2.183900000000000077e-02 -9.997200000000000530e-01 -5.743489999999999984e-01 -8.182850000000000401e-01 -2.309200000000000141e-02 -8.185609999999999831e-01 5.743979999999999642e-01 5.113999999999999622e-03
1.800000000000000000e+01 2.600000000000000000e+01 8.000000000000000000e+00 0.000000000000000000e+00 1.600000000000000089e+00 -8.649000000000000438e-03 -1.461299999999999925e-02 -9.998559999999999670e-01 4.046919999999999962e-01 9.142970000000000264e-01 -1.686299999999999952e-02 9.144120000000000026e-01 -4.047799999999999732e-01 -1.994000000000000113e-03
2.400000000000000000e+01 2.600000000000000000e+01 8.000000000000000000e+00 0.000000000000000000e+00 1.600000000000000089e+00 -6.522000000000000020e-03 -1.490200000000000032e-02 -9.998679999999999790e-01 4.109639999999999960e-01 9.115060000000000384e-01 -1.626599999999999921e-02 9.116279999999999939e-01 -4.110159999999999925e-01 1.789999999999999870e-04
2.800000000000000000e+01 2.600000000000000000e+01 8.000000000000000000e+00 0.000000000000000000e+00 1.600000000000000089e+00 -6.753000000000000322e-03 -2.009000000000000022e-02 -9.997749999999999693e-01 4.136500000000000177e-01 9.101920000000000011e-01 -2.108399999999999858e-02 9.104109999999999703e-01 -4.136989999999999834e-01 2.162999999999999992e-03
4.000000000000000000e+00 2.400000000000000000e+01 9.000000000000000000e+00 0.000000000000000000e+00 1.600000000000000089e+00 -5.022999999999999687e-03 -4.838000000000000286e-03 -9.999759999999999760e-01 4.534650000000000070e-01 8.912499999999999867e-01 -6.590000000000000371e-03 8.912600000000000522e-01 -4.534869999999999735e-01 -2.282999999999999873e-03
1.200000000000000000e+01 2.400000000000000000e+01 9.000000000000000000e+00 0.000000000000000000e+00 1.600000000000000089e+00 -5.398000000000000020e-03 -1.457499999999999941e-02 -9.998789999999999623e-01 4.573570000000000135e-01 8.891489999999999672e-01 -1.542999999999999927e-02 8.892670000000000297e-01 -4.573849999999999860e-01 1.866000000000000037e-03
2.200000000000000000e+01 2.400000000000000000e+01 9.000000000000000000e+00 0.000000000000000000e+00 1.600000000000000089e+00 -7.784000000000000120e-03 -1.405499999999999979e-02 -9.998709999999999543e-01 4.641609999999999903e-01 8.856049999999999756e-01 -1.606199999999999989e-02 8.857169999999999765e-01 -4.642260000000000275e-01 -3.690000000000000246e-04
2.700000000000000000e+01 2.400000000000000000e+01 9.000000000000000000e+00 0.000000000000000000e+00 1.600000000000000089e+00 -7.309000000000000392e-03 -2.224800000000000041e-02 -9.997260000000000035e-01 4.682379999999999876e-01 8.833010000000000028e-01 -2.307999999999999982e-02 8.835720000000000240e-01 -4.682780000000000276e-01 3.962000000000000244e-03
5.000000000000000000e+00 4.000000000000000000e+00 1.100000000000000000e+01 0.000000000000000000e+00 1.600000000000000089e+00 -1.513999999999999938e-03 -2.073499999999999996e-02 -9.997840000000000060e-01 1.821099999999999941e-01 9.830609999999999626e-01 -2.066399999999999834e-02 9.832769999999999566e-01 -1.821020000000000139e-01 2.286999999999999970e-03
1.500000000000000000e+01 4.000000000000000000e+00 1.100000000000000000e+01 0.000000000000000000e+00 1.600000000000000089e+00 -8.700000000000000051e-05 -1.616999999999999948e-03 -9.999989999999999712e-01 1.944339999999999957e-01 9.809139999999999526e-01 -1.603000000000000041e-03 9.809160000000000101e-01 -1.944339999999999957e-01 2.290000000000000098e-04
1.800000000000000000e+01 4.000000000000000000e+00 1.100000000000000000e+01 0.000000000000000000e+00 1.600000000000000089e+00 6.719999999999999628e-04 5.329000000000000403e-03 -9.999860000000000415e-01 1.912770000000000026e-01 9.815209999999999768e-01 5.359000000000000048e-03 9.815359999999999641e-01 -1.912780000000000036e-01 -3.600000000000000227e-04
2.200000000000000000e+01 4.000000000000000000e+00 1.100000000000000000e+01 0.000000000000000000e+00 1.600000000000000089e+00 2.247999999999999998e-03 2.269699999999999843e-02 -9.997399999999999620e-01 1.799419999999999908e-01 9.834140000000000104e-01 2.273100000000000120e-02 9.836749999999999661e-01 -1.799469999999999958e-01 -1.873000000000000099e-03
1.800000000000000000e+01 1.040000000000000000e+02 1.100000000000000000e+01 0.000000000000000000e+00 1.600000000000000089e+00 4.301000000000000136e-03 3.699999999999999811e-05 9.999909999999999632e-01 -9.751239999999999908e-01 -2.216210000000000124e-01 4.202000000000000006e-03 2.216190000000000104e-01 -9.751330000000000275e-01 -9.169999999999999549e-04
2.300000000000000000e+01 1.040000000000000000e+02 1.100000000000000000e+01 0.000000000000000000e+00 1.600000000000000089e+00 9.282999999999999585e-03 1.000099999999999947e-02 9.999069999999999903e-01 -9.737000000000000099e-01 -2.275540000000000063e-01 1.131599999999999967e-02 2.276459999999999873e-01 -9.737139999999999684e-01 7.625999999999999966e-03
4.000000000000000000e+00 3.100000000000000000e+01 1.200000000000000000e+01 0.000000000000000000e+00 1.600000000000000089e+00 5.689999999999999529e-04 -1.642000000000000013e-03 9.999989999999999712e-01 -2.108700000000000158e-02 9.997759999999999980e-01 1.654000000000000088e-03 -9.997770000000000268e-01 -2.108700000000000158e-02 5.339999999999999695e-04
1.400000000000000000e+01 3.100000000000000000e+01 1.200000000000000000e+01 0.000000000000000000e+00 1.600000000000000089e+00 -3.399999999999999973e-05 -6.669999999999999497e-04 1.000000000000000000e+00 -2.038399999999999934e-02 9.997920000000000140e-01 6.669999999999999497e-04 -9.997920000000000140e-01 -2.038399999999999934e-02 -4.699999999999999724e-05
2.100000000000000000e+01 3.100000000000000000e+01 1.200000000000000000e+01 0.000000000000000000e+00 1.600000000000000089e+00 2.642999999999999950e-03 3.374999999999999962e-03 9.999909999999999632e-01 -2.284500000000000072e-02 9.997340000000000115e-01 -3.314000000000000105e-03 -9.997359999999999580e-01 -2.283599999999999866e-02 2.719000000000000063e-03
2.100000000000000000e+01 3.500000000000000000e+01 1.200000000000000000e+01 0.000000000000000000e+00 1.600000000000000089e+00 3.201999999999999985e-03 2.165999999999999957e-03 -9.999919999999999920e-01 4.938509999999999844e-01 -8.695460000000000411e-01 -3.020000000000000223e-04 -8.695399999999999796e-01 -4.938469999999999804e-01 -3.853999999999999787e-03
2.400000000000000000e+01 3.500000000000000000e+01 1.200000000000000000e+01 0.000000000000000000e+00 1.600000000000000089e+00 2.390999999999999896e-03 -1.209000000000000005e-03 -9.999959999999999960e-01 4.988739999999999841e-01 -8.666719999999999979e-01 2.239999999999999804e-03 -8.666709999999999692e-01 -4.988770000000000149e-01 -1.469000000000000037e-03
2.800000000000000000e+01 3.500000000000000000e+01 1.200000000000000000e+01 0.000000000000000000e+00 1.600000000000000089e+00 -2.330000000000000040e-03 -4.601000000000000055e-03 -9.999869999999999592e-01 4.894990000000000174e-01 -8.719989999999999686e-01 2.871999999999999987e-03 -8.720010000000000261e-01 -4.894859999999999767e-01 4.283999999999999614e-03
5.000000000000000000e+00 3.000000000000000000e+00 1.300000000000000000e+01 0.000000000000000000e+00 1.600000000000000089e+00 -1.920000000000000049e-03 -2.239700000000000024e-02 9.997470000000000523e-01 -1.512200000000000003e-02 9.996359999999999690e-01 2.236499999999999946e-02 -9.998839999999999950e-01 -1.507600000000000086e-02 -2.258000000000000024e-03
7.000000000000000000e+00 3.200000000000000000e+01 1.400000000000000000e+01 0.000000000000000000e+00 1.600000000000000089e+00 -1.222999999999999912e-03 -2.843000000000000041e-03 -9.999949999999999672e-01 1.202759999999999940e-01 9.927359999999999518e-01 -2.968999999999999851e-03 9.927399999999999558e-01 -1.202789999999999970e-01 -8.720000000000000537e-04
9.000000000000000000e+00 3.200000000000000000e+01 1.400000000000000000e+01 0.000000000000000000e+00 1.600000000000000089e+00 -8.360000000000000460e-04 -3.253999999999999948e-03 -9.999940000000000495e-01 1.176999999999999991e-01 9.930440000000000378e-01 -3.330000000000000061e-03 9.930489999999999595e-01 -1.177020000000000011e-01 -4.470000000000000232e-04
1.900000000000000000e+01 3.200000000000000000e+01 1.400000000000000000e+01 0.000000000000000000e+00 1.600000000000000089e+00 -1.345999999999999974e-03 -8.299999999999999815e-05 -9.999989999999999712e-01 1.133300000000000002e-01 9.935570000000000235e-01 -2.349999999999999930e-04 9.935559999999999947e-01 -1.133300000000000002e-01 -1.327999999999999970e-03
2.500000000000000000e+01 3.200000000000000000e+01 1.400000000000000000e+01 0.000000000000000000e+00 1.600000000000000089e+00 8.859999999999999603e-04 5.054000000000000332e-03 -9.999869999999999592e-01 1.117469999999999991e-01 9.937240000000000517e-01 5.120999999999999684e-03 9.937359999999999527e-01 -1.117500000000000021e-01 3.159999999999999832e-04
4.000000000000000000e+00 1.200000000000000000e+01 1.500000000000000000e+01 0.000000000000000000e+00 1.600000000000000089e+00 2.658999999999999905e-03 -1.129999999999999955e-04 -9.999959999999999960e-01 -4.678829999999999933e-01 -8.837899999999999645e-01 -1.144000000000000052e-03 -8.837869999999999893e-01 4.678840000000000221e-01 -2.403000000000000188e-03
1.300000000000000000e+01 1.200000000000000000e+01 1.500000000000000000e+01 0.000000000000000000e+00 1.600000000000000089e+00 3.203999999999999817e-03 1.502000000000000080e-03 -9.999940000000000495e-01 -4.705570000000000030e-01 -8.823649999999999549e-01 -2.833000000000000015e-03 -8.823640000000000372e-01 4.705630000000000090e-01 -2.121000000000000055e-03
2.500000000000000000e+01 1.200000000000000000e+01 1.500000000000000000e+01 0.000000000000000000e+00 1.600000000000000089e+00 8.319999999999999271e-03 1.695899999999999838e-02 -9.998219999999999885e-01 -4.689280000000000115e-01 -8.830339999999999856e-01 -1.888000000000000095e-02 -8.831970000000000098e-01 4.690019999999999745e-01 6.059999999999999849e-04
7.000000000000000000e+00 1.100000000000000000e+01 1.600000000000000000e+01 0.000000000000000000e+00 1.600000000000000089e+00 1.232000000000000022e-03 1.164000000000000104e-03 -9.999989999999999712e-01 -4.152980000000000005e-01 -9.096840000000000481e-01 -1.569999999999999998e-03 -9.096849999999999659e-01 4.152989999999999737e-01 -6.380000000000000037e-04
1.300000000000000000e+01 1.100000000000000000e+01 1.600000000000000000e+01 0.000000000000000000e+00 1.600000000000000089e+00 2.314999999999999784e-03 1.824000000000000100e-03 -9.999959999999999960e-01 -4.198770000000000002e-01 -9.075769999999999671e-01 -2.628000000000000128e-03 -9.075779999999999959e-01 4.198810000000000042e-01 -1.335000000000000032e-03
2.000000000000000000e+01 1.100000000000000000e+01 1.600000000000000000e+01 0.000000000000000000e+00 1.600000000000000089e+00 4.314000000000000126e-03 3.066000000000000149e-03 -9.999860000000000415e-01 -4.212620000000000253e-01 -9.069270000000000387e-01 -4.597999999999999657e-03 -9.069289999999999852e-01 4.212759999999999838e-01 -2.621000000000000066e-03
2.200000000000000000e+01 1.160000000000000000e+02 1.600000000000000000e+01 0.000000000000000000e+00 1.600000000000000089e+00 5.974000000000000143e-03 4.867999999999999931e-03 9.999700000000000255e-01 7.285169999999999702e-01 6.849849999999999550e-01 -7.687000000000000256e-03 -6.850019999999999998e-01 7.285409999999999942e-01 5.460000000000000443e-04
1.000000000000000000e+00 2.000000000000000000e+00 1.900000000000000000e+01 0.000000000000000000e+00 1.600000000000000089e+00 -2.128999999999999816e-03 6.019999999999999961e-04 -9.999980000000000535e-01 2.074239999999999973e-01 -9.782509999999999817e-01 -1.030000000000000100e-03 -9.782490000000000352e-01 -2.074259999999999993e-01 1.958000000000000105e-03
3.000000000000000000e+00 2.000000000000000000e+00 1.900000000000000000e+01 0.000000000000000000e+00 1.600000000000000089e+00 -2.060999999999999898e-03 1.610000000000000103e-03 -9.999970000000000248e-01 2.073029999999999873e-01 -9.782750000000000057e-01 -2.001999999999999873e-03 -9.782750000000000057e-01 -2.073069999999999913e-01 1.681999999999999901e-03
8.000000000000000000e+00 2.000000000000000000e+00 1.900000000000000000e+01 0.000000000000000000e+00 1.600000000000000089e+00 -4.022000000000000401e-03 8.345999999999999253e-03 -9.999569999999999848e-01 2.064690000000000136e-01 -9.784119999999999484e-01 -8.996999999999999789e-03 -9.784450000000000092e-01 -2.064960000000000129e-01 2.211999999999999991e-03
1.300000000000000000e+01 2.000000000000000000e+00 1.900000000000000000e+01 0.000000000000000000e+00 1.600000000000000089e+00 -3.449999999999999833e-04 3.033999999999999805e-03 -9.999949999999999672e-01 1.981300000000000006e-01 -9.801710000000000145e-01 -3.041999999999999999e-03 -9.801760000000000472e-01 -1.981300000000000006e-01 -2.629999999999999959e-04
1.700000000000000000e+01 2.000000000000000000e+00 1.900000000000000000e+01 0.000000000000000000e+00 1.600000000000000089e+00 3.887999999999999963e-03 -1.729999999999999941e-02 -9.998430000000000373e-01 1.890600000000000058e-01 -9.818059999999999565e-01 1.772299999999999917e-02 -9.819579999999999975e-01 -1.890989999999999893e-01 -5.469999999999999602e-04
2.100000000000000000e+01 2.000000000000000000e+00 1.900000000000000000e+01 0.000000000000000000e+00 1.600000000000000089e+00 -2.159999999999999919e-04 -9.419000000000000289e-03 -9.999559999999999560e-01 1.859049999999999869e-01 -9.825249999999999817e-01 9.214999999999999233e-03 -9.825679999999999970e-01 -1.858950000000000047e-01 1.962999999999999901e-03
3.000000000000000000e+01 2.000000000000000000e+00 1.900000000000000000e+01 0.000000000000000000e+00 1.600000000000000089e+00 -1.869999999999999917e-03 2.971000000000000030e-02 -9.995570000000000288e-01 1.660840000000000094e-01 -9.856669999999999598e-01 -2.960799999999999890e-02 -9.861100000000000421e-01 -1.660659999999999914e-01 -3.090999999999999998e-03
5.000000000000000000e+00 1.300000000000000000e+01 2.000000000000000000e+01 0.000000000000000000e+00 1.600000000000000089e+00 3.060999999999999919e-03 1.632999999999999903e-03 9.999940000000000495e-01 2.624560000000000226e-01 9.649410000000000487e-01 -2.380000000000000171e-03 -9.649389999999999912e-01 2.624619999999999731e-01 2.524999999999999901e-03
8.000000000000000000e+00 1.300000000000000000e+01 2.000000000000000000e+01 0.000000000000000000e+00 1.600000000000000089e+00 1.224999999999999960e-03 -4.067999999999999568e-03 9.999909999999999632e-01 2.616319999999999757e-01 9.651610000000000467e-01 3.605999999999999830e-03 -9.651669999999999972e-01 2.616249999999999964e-01 2.246999999999999865e-03
1.300000000000000000e+01 1.300000000000000000e+01 2.000000000000000000e+01 0.000000000000000000e+00 1.600000000000000089e+00 -6.600000000000000506e-05 -5.727999999999999585e-03 9.999839999999999840e-01 2.608539999999999748e-01 9.653620000000000534e-01 5.546999999999999847e-03 -9.653779999999999584e-01 2.608500000000000263e-01 1.430999999999999980e-03
1.700000000000000000e+01 1.300000000000000000e+01 2.000000000000000000e+01 0.000000000000000000e+00 1.600000000000000089e+00 2.639999999999999986e-03 -3.780000000000000265e-04 9.999959999999999960e-01 2.578500000000000236e-01 9.661849999999999605e-01 -3.150000000000000131e-04 -9.661809999999999565e-01 2.578500000000000236e-01 2.648000000000000180e-03
2.500000000000000000e+01 1.300000000000000000e+01 2.000000000000000000e+01 0.000000000000000000e+00 1.600000000000000089e+00 -2.320000000000000014e-03 -8.240000000000000796e-03 9.999630000000000463e-01 2.540160000000000196e-01 9.671619999999999662e-01 8.559000000000000635e-03 -9.671969999999999734e-01 2.540259999999999740e-01 -1.510000000000000112e-04
2.900000000000000000e+01 1.300000000000000000e+01 2.000000000000000000e+01 0.000000000000000000e+00 1.600000000000000089e+00 -2.458000000000000115e-03 -9.906999999999999140e-03 9.999479999999999480e-01 2.540250000000000008e-01 9.671440000000000037e-01 1.020599999999999979e-02 -9.671939999999999982e-01 2.540370000000000128e-01 1.389999999999999905e-04
2.800000000000000000e+01 1.600000000000000000e+01 2.100000000000000000e+01 0.000000000000000000e+00 1.600000000000000089e+00 -2.977000000000000045e-03 -8.319999999999999271e-03 9.999609999999999888e-01 3.010309999999999930e-01 9.535730000000000040e-01 8.829999999999999308e-03 -9.536099999999999577e-01 3.010459999999999803e-01 -3.350000000000000113e-04
2.200000000000000000e+01 3.000000000000000000e+00 2.500000000000000000e+01 0.000000000000000000e+00 1.600000000000000089e+00 -3.699999999999999811e-05 4.488999999999999935e-03 9.999900000000000455e-01 2.057600000000000054e-02 -9.997779999999999445e-01 4.488999999999999935e-03 9.997880000000000100e-01 2.057600000000000054e-02 -5.500000000000000196e-05
1.000000000000000000e+00 4.600000000000000000e+01 2.700000000000000000e+01 0.000000000000000000e+00 1.600000000000000089e+00 -1.410999999999999928e-03 -3.291999999999999788e-03 -9.999940000000000495e-01 6.661000000000000254e-01 7.458550000000000457e-01 -3.395000000000000014e-03 7.458609999999999962e-01 -6.661010000000000542e-01 1.139999999999999954e-03
9.000000000000000000e+00 4.600000000000000000e+01 2.700000000000000000e+01 0.000000000000000000e+00 1.600000000000000089e+00 -1.722000000000000006e-03 -1.110000000000000092e-03 -9.999980000000000535e-01 6.622169999999999446e-01 7.493100000000000316e-01 -1.972999999999999927e-03 7.493109999999999493e-01 -6.622190000000000021e-01 -5.550000000000000462e-04
1.700000000000000000e+01 4.600000000000000000e+01 2.700000000000000000e+01 0.000000000000000000e+00 1.600000000000000089e+00 3.625000000000000184e-03 3.941000000000000059e-03 -9.999860000000000415e-01 6.680530000000000079e-01 7.440949999999999509e-01 5.354000000000000252e-03 7.441050000000000164e-01 -6.680620000000000447e-01 6.399999999999999710e-05
2.700000000000000000e+01 4.600000000000000000e+01 2.700000000000000000e+01 0.000000000000000000e+00 1.600000000000000089e+00 -8.829999999999999958e-04 6.780000000000000002e-04 -9.999989999999999712e-01 6.682099999999999707e-01 7.439729999999999954e-01 -8.600000000000000331e-05 7.439719999999999667e-01 -6.682090000000000529e-01 -1.110000000000000092e-03
7.000000000000000000e+00 4.600000000000000000e+01 3.000000000000000000e+01 0.000000000000000000e+00 1.600000000000000089e+00 -1.459999999999999926e-03 -4.017999999999999870e-03 -9.999909999999999632e-01 3.197450000000000014e-01 9.474939999999999474e-01 -4.274000000000000021e-03 9.475029999999999841e-01 -3.197479999999999767e-01 -9.799999999999999684e-05
2.000000000000000000e+00 5.800000000000000000e+01 3.100000000000000000e+01 0.000000000000000000e+00 1.600000000000000089e+00 3.187999999999999862e-03 1.701999999999999954e-03 9.999930000000000208e-01 -7.761649999999999938e-01 -6.305199999999999694e-01 3.547999999999999939e-03 6.305220000000000269e-01 -7.761710000000000553e-01 -6.890000000000000508e-04
7.000000000000000000e+00 5.800000000000000000e+01 3.100000000000000000e+01 0.000000000000000000e+00 1.600000000000000089e+00 -5.177000000000000178e-03 -1.061100000000000064e-02 9.999299999999999855e-01 -7.698359999999999648e-01 -6.381499999999999950e-01 -1.075800000000000020e-02 6.382200000000000095e-01 -7.698390000000000510e-01 -4.865000000000000401e-03
1.800000000000000000e+01 5.800000000000000000e+01 3.100000000000000000e+01 0.000000000000000000e+00 1.600000000000000089e+00 8.418999999999999401e-03 1.630500000000000005e-02 9.998320000000000540e-01 -7.663050000000000139e-01 -6.422539999999999916e-01 1.692600000000000007e-02 6.424220000000000486e-01 -7.663180000000000547e-01 7.087000000000000417e-03
2.400000000000000000e+01 5.800000000000000000e+01 3.100000000000000000e+01 0.000000000000000000e+00 1.600000000000000089e+00 1.484999999999999992e-03 6.087000000000000396e-03 9.999799999999999800e-01 -7.672039999999999971e-01 -6.413830000000000364e-01 5.043999999999999873e-03 6.414009999999999989e-01 -7.671959999999999891e-01 3.717999999999999951e-03
2.800000000000000000e+01 5.800000000000000000e+01 3.100000000000000000e+01 0.000000000000000000e+00 1.600000000000000089e+00 -7.720000000000000083e-04 -2.162999999999999992e-03 9.999970000000000248e-01 -7.631620000000000070e-01 -6.462050000000000294e-01 -1.987000000000000051e-03 6.462069999999999759e-01 -7.631609999999999783e-01 -1.152000000000000029e-03
1.900000000000000000e+01 6.000000000000000000e+00 3.200000000000000000e+01 0.000000000000000000e+00 1.600000000000000089e+00 -5.427999999999999665e-03 -7.529999999999999801e-04 -9.999850000000000128e-01 1.768909999999999927e-01 9.842290000000000205e-01 -1.701000000000000038e-03 9.842149999999999510e-01 -1.768969999999999987e-01 -5.209000000000000088e-03
2.000000000000000000e+00 4.200000000000000000e+01 3.400000000000000000e+01 0.000000000000000000e+00 1.600000000000000089e+00 3.021999999999999947e-03 -1.567999999999999949e-03 -9.999940000000000495e-01 -2.923999999999999932e-01 9.562929999999999486e-01 -2.383000000000000135e-03 9.562910000000000021e-01 2.924050000000000260e-01 2.431000000000000001e-03
3.000000000000000000e+00 4.600000000000000000e+01 3.500000000000000000e+01 0.000000000000000000e+00 1.600000000000000089e+00 -6.520000000000000188e-04 -5.000000000000000240e-05 -1.000000000000000000e+00 3.850810000000000066e-01 -9.228830000000000089e-01 -2.049999999999999956e-04 -9.228830000000000089e-01 -3.850810000000000066e-01 6.210000000000000242e-04
1.000000000000000000e+01 4.600000000000000000e+01 3.500000000000000000e+01 0.000000000000000000e+00 1.600000000000000089e+00 -1.105000000000000079e-03 3.007000000000000124e-03 -9.999949999999999672e-01 3.863039999999999807e-01 -9.223660000000000192e-01 -3.200000000000000153e-03 -9.223710000000000520e-01 -3.863050000000000095e-01 -1.420000000000000092e-04
1.800000000000000000e+01 4.600000000000000000e+01 3.500000000000000000e+01 0.000000000000000000e+00 1.600000000000000089e+00 2.171000000000000187e-03 3.049999999999999868e-04 -9.999980000000000535e-01 3.868440000000000212e-01 -9.221449999999999925e-01 5.590000000000000351e-04 -9.221430000000000460e-01 -3.868440000000000212e-01 -2.119999999999999923e-03
2.200000000000000000e+01 4.600000000000000000e+01 3.500000000000000000e+01 0.000000000000000000e+00 1.600000000000000089e+00 -9.070000000000000371e-04 1.518000000000000035e-03 -9.999980000000000535e-01 3.862479999999999802e-01 -9.223930000000000184e-01 -1.750000000000000036e-03 -9.223949999999999649e-01 -3.862490000000000090e-01 2.500000000000000052e-04
3.000000000000000000e+01 4.600000000000000000e+01 3.500000000000000000e+01 0.000000000000000000e+00 1.600000000000000089e+00 -1.083999999999999894e-03 3.034999999999999937e-03 -9.999949999999999672e-01 3.840859999999999830e-01 -9.232920000000000016e-01 -3.217999999999999940e-03 -9.232970000000000343e-01 -3.840870000000000117e-01 -1.649999999999999991e-04
6.000000000000000000e+00 9.500000000000000000e+01 3.600000000000000000e+01 0.000000000000000000e+00 1.600000000000000089e+00 1.737899999999999862e-02 7.500000000000000156e-04 9.998489999999999878e-01 9.972769999999999690e-01 7.167300000000000060e-02 -1.738800000000000068e-02 -7.167500000000000260e-02 9.974279999999999813e-01 4.970000000000000459e-04
1.200000000000000000e+01 9.500000000000000000e+01 3.600000000000000000e+01 0.000000000000000000e+00 1.600000000000000089e+00 -5.800999999999999733e-03 -2.461100000000000093e-02 9.996800000000000130e-01 9.974469999999999725e-01 7.101699999999999680e-02 7.536000000000000164e-03 -7.117999999999999328e-02 9.971710000000000296e-01 2.413600000000000120e-02
1.800000000000000000e+01 9.500000000000000000e+01 3.600000000000000000e+01 0.000000000000000000e+00 1.600000000000000089e+00 -8.064999999999999253e-03 -6.661499999999999366e-02 9.977460000000000218e-01 9.980069999999999775e-01 6.191599999999999882e-02 1.220100000000000004e-02 -6.258900000000000574e-02 9.958559999999999635e-01 6.598299999999999998e-02
2.300000000000000000e+01 9.500000000000000000e+01 3.600000000000000000e+01 0.000000000000000000e+00 1.600000000000000089e+00 -4.008000000000000278e-03 -7.131000000000000186e-03 9.999670000000000503e-01 9.984690000000000509e-01 5.514499999999999957e-02 4.394999999999999601e-03 -5.517400000000000082e-02 9.984530000000000349e-01 6.898999999999999751e-03
2.700000000000000000e+01 9.500000000000000000e+01 3.600000000000000000e+01 0.000000000000000000e+00 1.600000000000000089e+00 8.649999999999999920e-04 8.551699999999999580e-02 9.963359999999999994e-01 9.979059999999999597e-01 6.436500000000000554e-02 -6.390999999999999980e-03 -6.467599999999999738e-02 9.942549999999999999e-01 -8.528199999999999670e-02
9.000000000000000000e+00 9.500000000000000000e+01 3.700000000000000000e+01 0.000000000000000000e+00 1.600000000000000089e+00 6.936999999999999590e-03 -1.691900000000000001e-02 9.998329999999999718e-01 9.958949999999999747e-01 9.035200000000000176e-02 -5.381000000000000366e-03 -9.024600000000000677e-02 9.957660000000000400e-01 1.747599999999999848e-02
3.000000000000000000e+00 3.000000000000000000e+00 4.300000000000000000e+01 0.000000000000000000e+00 1.600000000000000089e+00 -4.949999999999999973e-04 -1.131799999999999994e-02 -9.999360000000000470e-01 7.417380000000000084e-01 -6.706509999999999971e-01 7.224000000000000386e-03 -6.706900000000000084e-01 -7.416869999999999852e-01 8.727000000000000382e-03
9.000000000000000000e+00 3.000000000000000000e+00 4.300000000000000000e+01 0.000000000000000000e+00 1.600000000000000089e+00 -2.753999999999999938e-03 -8.009000000000000494e-03 -9.999639999999999640e-01 7.379890000000000061e-01 -6.748049999999999882e-01 3.371999999999999997e-03 -6.748070000000000457e-01 -7.379529999999999701e-01 7.768999999999999864e-03
2.400000000000000000e+01 3.000000000000000000e+00 4.300000000000000000e+01 0.000000000000000000e+00 1.600000000000000089e+00 3.213999999999999843e-03 -2.809999999999999998e-03 -9.999909999999999632e-01 7.417880000000000029e-01 -6.706210000000000226e-01 4.268000000000000092e-03 -6.706269999999999731e-01 -7.417949999999999822e-01 -7.100000000000000462e-05
2.900000000000000000e+01 3.000000000000000000e+00 4.300000000000000000e+01 0.000000000000000000e+00 1.600000000000000089e+00 -4.939999999999999730e-04 -2.626200000000000062e-02 -9.996549999999999603e-01 7.408839999999999870e-01 -6.714109999999999800e-01 1.727300000000000016e-02 -6.716330000000000355e-01 -7.406199999999999450e-01 1.978800000000000003e-02
9.000000000000000000e+00 8.000000000000000000e+00 4.400000000000000000e+01 0.000000000000000000e+00 1.600000000000000089e+00 1.464000000000000024e-03 1.325999999999999922e-03 9.999980000000000535e-01 -7.736439999999999984e-01 -6.336169999999999858e-01 1.972999999999999927e-03 6.336180000000000145e-01 -7.736459999999999448e-01 9.899999999999999404e-05
2.300000000000000000e+01 8.000000000000000000e+00 4.400000000000000000e+01 0.000000000000000000e+00 1.600000000000000089e+00 -1.111999999999999924e-03 -4.577000000000000339e-03 9.999890000000000168e-01 -7.686009999999999787e-01 -6.397169999999999801e-01 -3.782999999999999904e-03 6.397270000000000456e-01 -7.685969999999999747e-01 -2.805999999999999901e-03
2.000000000000000000e+00 2.900000000000000000e+01 4.400000000000000000e+01 0.000000000000000000e+00 1.600000000000000089e+00 1.195000000000000099e-03 1.449999999999999900e-03 -9.999980000000000535e-01 6.765430000000000055e-01 7.364000000000000545e-01 1.876999999999999979e-03 7.364020000000000010e-01 -6.765440000000000342e-01 -1.010000000000000020e-04
8.000000000000000000e+00 2.900000000000000000e+01 4.400000000000000000e+01 0.000000000000000000e+00 1.600000000000000089e+00 -5.999999999999999474e-04 1.221999999999999996e-03 -9.999989999999999712e-01 6.629469999999999530e-01 7.486660000000000537e-01 5.169999999999999899e-04 7.486660000000000537e-01 -6.629460000000000353e-01 -1.258999999999999920e-03
1.900000000000000000e+01 2.900000000000000000e+01 4.400000000000000000e+01 0.000000000000000000e+00 1.600000000000000089e+00 2.739999999999999923e-04 7.600000000000000418e-04 -1.000000000000000000e+00 6.581120000000000303e-01 7.529190000000000049e-01 7.519999999999999558e-04 7.529200000000000337e-01 -6.581120000000000303e-01 -2.939999999999999905e-04
2.300000000000000000e+01 2.900000000000000000e+01 4.400000000000000000e+01 0.000000000000000000e+00 1.600000000000000089e+00 -2.481999999999999831e-03 -3.877999999999999937e-03 -9.999890000000000168e-01 6.589650000000000230e-01 7.521590000000000220e-01 -4.552999999999999756e-03 7.521689999999999765e-01 -6.589699999999999447e-01 6.890000000000000508e-04
2.600000000000000000e+01 5.400000000000000000e+01 4.600000000000000000e+01 0.000000000000000000e+00 1.600000000000000089e+00 -1.007000000000000083e-03 -2.505999999999999981e-03 9.999959999999999960e-01 3.019979999999999887e-01 -9.533059999999999867e-01 -2.083999999999999915e-03 9.533080000000000442e-01 3.019950000000000134e-01 1.716999999999999993e-03
2.900000000000000000e+01 7.000000000000000000e+01 4.700000000000000000e+01 0.000000000000000000e+00 1.600000000000000089e+00 8.549999999999999658e-04 2.096000000000000207e-03 -9.999970000000000248e-01 -8.372739999999999627e-01 -5.467809999999999615e-01 -1.861999999999999940e-03 -5.467830000000000190e-01 8.372730000000000450e-01 1.286999999999999950e-03
4.000000000000000000e+00 1.150000000000000000e+02 5.100000000000000000e+01 0.000000000000000000e+00 1.600000000000000089e+00 -1.580999999999999940e-03 -6.167999999999999872e-03 9.999799999999999800e-01 8.451549999999999896e-01 -5.345180000000000486e-01 -1.961000000000000069e-03 5.345199999999999951e-01 8.451340000000000519e-01 6.058000000000000017e-03
9.000000000000000000e+00 7.000000000000000000e+00 5.200000000000000000e+01 0.000000000000000000e+00 1.600000000000000089e+00 -2.268000000000000051e-03 -5.904999999999999659e-03 -9.999799999999999800e-01 9.895700000000000329e-02 -9.950759999999999605e-01 5.650999999999999773e-03 -9.950890000000000013e-01 -9.894300000000000317e-02 2.841000000000000209e-03
1.600000000000000000e+01 7.000000000000000000e+00 5.200000000000000000e+01 0.000000000000000000e+00 1.600000000000000089e+00 4.209999999999999875e-04 -4.819999999999999632e-03 -9.999879999999999880e-01 9.657499999999999418e-02 -9.953140000000000320e-01 4.838000000000000286e-03 -9.953260000000000440e-01 -9.657599999999999518e-02 4.600000000000000004e-05
2.700000000000000000e+01 7.000000000000000000e+00 5.200000000000000000e+01 0.000000000000000000e+00 1.600000000000000089e+00 -1.245300000000000053e-02 -6.537000000000000276e-03 -9.999010000000000398e-01 1.103829999999999950e-01 -9.938759999999999817e-01 5.122999999999999950e-03 -9.938109999999999999e-01 -1.103090000000000043e-01 1.309800000000000027e-02
2.300000000000000000e+01 1.500000000000000000e+01 5.300000000000000000e+01 0.000000000000000000e+00 1.600000000000000089e+00 -3.930000000000000117e-04 5.249999999999999676e-04 -1.000000000000000000e+00 6.799760000000000248e-01 7.332349999999999701e-01 1.169999999999999979e-04 7.332340000000000524e-01 -6.799760000000000248e-01 -6.449999999999999570e-04
2.000000000000000000e+00 6.300000000000000000e+01 5.400000000000000000e+01 0.000000000000000000e+00 1.600000000000000089e+00 -5.569999999999999864e-04 1.221999999999999996e-03 9.999989999999999712e-01 -3.520730000000000248e-01 9.359720000000000262e-01 -1.340000000000000045e-03 -9.359730000000000549e-01 -3.520730000000000248e-01 -9.100000000000000287e-05
8.000000000000000000e+00 6.300000000000000000e+01 5.400000000000000000e+01 0.000000000000000000e+00 1.600000000000000089e+00 -2.572000000000000067e-03 -1.466999999999999988e-03 9.999959999999999960e-01 -3.556150000000000144e-01 9.346330000000000471e-01 4.560000000000000251e-04 -9.346290000000000431e-01 -3.556119999999999837e-01 -2.926000000000000215e-03
1.600000000000000000e+01 6.300000000000000000e+01 5.400000000000000000e+01 0.000000000000000000e+00 1.600000000000000089e+00 3.609999999999999928e-04 -2.282999999999999873e-03 9.999970000000000248e-01 -3.510800000000000032e-01 9.363430000000000364e-01 2.263999999999999953e-03 -9.363460000000000116e-01 -3.510800000000000032e-01 -4.640000000000000027e-04
2.100000000000000000e+01 6.300000000000000000e+01 5.400000000000000000e+01 0.000000000000000000e+00 1.600000000000000089e+00 2.207000000000000194e-03 2.897999999999999968e-03 9.999930000000000208e-01 -3.501429999999999820e-01 9.366940000000000266e-01 -1.941999999999999933e-03 -9.366940000000000266e-01 -3.501360000000000028e-01 3.082000000000000104e-03
2.700000000000000000e+01 6.300000000000000000e+01 5.400000000000000000e+01 0.000000000000000000e+00 1.600000000000000089e+00 -5.320000000000000293e-04 -1.279999999999999942e-04 1.000000000000000000e+00 -3.582710000000000061e-01 9.336179999999999479e-01 -7.100000000000000462e-05 -9.336179999999999479e-01 -3.582710000000000061e-01 -5.419999999999999471e-04
4.000000000000000000e+00 2.500000000000000000e+01 5.500000000000000000e+01 0.000000000000000000e+00 1.600000000000000089e+00 2.069999999999999792e-03 1.606000000000000006e-03 -9.999970000000000248e-01 -1.065100000000000074e-02 -9.999419999999999975e-01 -1.628000000000000107e-03 -9.999409999999999688e-01 1.065400000000000028e-02 -2.053000000000000137e-03
9.000000000000000000e+00 2.500000000000000000e+01 5.500000000000000000e+01 0.000000000000000000e+00 1.600000000000000089e+00 -7.100000000000000462e-05 -1.216000000000000067e-03 -9.999989999999999712e-01 -1.160600000000000000e-02 -9.999320000000000430e-01 1.216999999999999983e-03 -9.999329999999999607e-01 1.160600000000000000e-02 5.700000000000000314e-05
1.900000000000000000e+01 2.500000000000000000e+01 5.500000000000000000e+01 0.000000000000000000e+00 1.600000000000000089e+00 -6.600000000000000506e-05 3.001000000000000195e-03 -9.999949999999999672e-01 -1.369199999999999931e-02 -9.999019999999999575e-01 -3.000000000000000062e-03 -9.999059999999999615e-01 1.369100000000000004e-02 1.069999999999999988e-04
2.300000000000000000e+01 2.500000000000000000e+01 5.500000000000000000e+01 0.000000000000000000e+00 1.600000000000000089e+00 -1.433999999999999945e-03 3.106999999999999953e-03 -9.999940000000000495e-01 -1.192600000000000084e-02 -9.999240000000000350e-01 -3.089000000000000166e-03 -9.999280000000000390e-01 1.192200000000000031e-02 1.471000000000000085e-03
2.700000000000000000e+01 2.500000000000000000e+01 5.500000000000000000e+01 0.000000000000000000e+00 1.600000000000000089e+00 -3.056000000000000123e-03 3.204999999999999950e-03 -9.999900000000000455e-01 -1.011100000000000020e-02 -9.999440000000000550e-01 -3.174000000000000172e-03 -9.999440000000000550e-01 1.010100000000000060e-02 3.088000000000000033e-03
2.100000000000000000e+01 7.000000000000000000e+00 6.000000000000000000e+01 0.000000000000000000e+00 1.600000000000000089e+00 7.669999999999999951e-04 -2.547999999999999918e-03 9.999959999999999960e-01 5.723500000000000254e-01 -8.200060000000000127e-01 -2.528999999999999998e-03 8.200089999999999879e-01 5.723500000000000254e-01 8.289999999999999843e-04
2.500000000000000000e+01 7.000000000000000000e+00 6.000000000000000000e+01 0.000000000000000000e+00 1.600000000000000089e+00 7.730000000000000326e-04 -5.278999999999999838e-03 9.999860000000000415e-01 5.680739999999999679e-01 -8.229630000000000001e-01 -4.784000000000000058e-03 8.229769999999999586e-01 5.680699999999999639e-01 2.363000000000000083e-03
