1.000000000000000000e+00 1.500000000000000000e+01 4.000000000000000000e+00 0.000000000000000000e+00 1.600000000000000089e+00 -3.950999999999999651e-03 -2.365099999999999841e-02 9.997120000000000450e-01 2.876389999999999780e-01 -9.574970000000000425e-01 -2.151499999999999940e-02 9.577309999999999990e-01 2.874720000000000053e-01 1.058599999999999992e-02
4.000000000000000000e+00 1.500000000000000000e+01 4.000000000000000000e+00 0.000000000000000000e+00 1.600000000000000089e+00 -3.406999999999999872e-03 -1.302299999999999985e-02 9.999090000000000478e-01 2.888029999999999764e-01 -9.573199999999999488e-01 -1.148500000000000042e-02 9.573819999999999553e-01 2.887379999999999947e-01 7.021999999999999596e-03
8.000000000000000000e+00 1.500000000000000000e+01 4.000000000000000000e+00 0.000000000000000000e+00 1.600000000000000089e+00 -5.238999999999999733e-03 -3.555000000000000000e-03 9.999799999999999800e-01 2.887560000000000127e-01 -9.574009999999999465e-01 -1.891000000000000103e-03 9.573880000000000168e-01 2.887410000000000254e-01 6.041999999999999628e-03
1.400000000000000000e+01 1.500000000000000000e+01 4.000000000000000000e+00 0.000000000000000000e+00 1.600000000000000089e+00 -6.808999999999999948e-03 1.134699999999999945e-02 9.999120000000000230e-01 2.867700000000000249e-01 -9.579140000000000432e-01 1.282299999999999933e-02 9.579750000000000210e-01 2.868319999999999759e-01 3.268000000000000071e-03
8.000000000000000000e+00 1.010000000000000000e+02 7.000000000000000000e+00 0.000000000000000000e+00 1.600000000000000089e+00 1.389999999999999960e-03 1.415800000000000045e-02 9.998989999999999823e-01 8.855480000000000018e-01 4.644829999999999792e-01 -7.807999999999999836e-03 -4.645460000000000145e-01 8.854689999999999506e-01 -1.189199999999999979e-02
2.000000000000000000e+01 1.010000000000000000e+02 7.000000000000000000e+00 0.000000000000000000e+00 1.600000000000000089e+00 2.598000000000000049e-03 -4.847999999999999879e-03 9.999850000000000128e-01 8.882870000000000488e-01 4.592899999999999761e-01 -8.100000000000000375e-05 -4.592820000000000236e-01 8.882729999999999793e-01 5.499000000000000415e-03
1.000000000000000000e+00 1.500000000000000000e+01 8.000000000000000000e+00 0.000000000000000000e+00 1.600000000000000089e+00 -1.353000000000000036e-03 -1.894099999999999950e-02 -9.998200000000000420e-01 -5.844639999999999835e-01 -8.112589999999999524e-01 1.616000000000000075e-02 -8.114190000000000014e-01 5.843800000000000106e-01 -9.972999999999999227e-03
8.000000000000000000e+00 1.500000000000000000e+01 8.000000000000000000e+00 0.000000000000000000e+00 1.600000000000000089e+00 1.461999999999999975e-03 -3.565000000000000027e-03 -9.999919999999999920e-01 -5.822920000000000318e-01 -8.129769999999999497e-01 2.047000000000000208e-03 -8.129779999999999784e-01 5.822850000000000525e-01 -3.265000000000000107e-03
1.400000000000000000e+01 1.500000000000000000e+01 8.000000000000000000e+00 0.000000000000000000e+00 1.600000000000000089e+00 1.012599999999999958e-02 9.494000000000000702e-03 -9.999040000000000150e-01 -5.783420000000000227e-01 -8.156809999999999894e-01 -1.360100000000000024e-02 -8.157320000000000126e-01 5.784240000000000492e-01 -2.769000000000000194e-03
1.900000000000000000e+01 1.500000000000000000e+01 8.000000000000000000e+00 0.000000000000000000e+00 1.600000000000000089e+00 1.138699999999999955e-02 2.253900000000000001e-02 -9.996810000000000418e-01 -5.751509999999999678e-01 -8.176660000000000039e-01 -2.498699999999999879e-02 -8.179680000000000284e-01 5.752519999999999856e-01 3.651999999999999864e-03
2.700000000000000000e+01 1.500000000000000000e+01 8.000000000000000000e+00 0.000000000000000000e+00 1.600000000000000089e+00 5.120999999999999684e-03 2.177899999999999975e-02 -9.997500000000000275e-01 -5.683080000000000354e-01 -8.225519999999999499e-01 -2.083000000000000129e-02 -8.227999999999999758e-01 5.682730000000000281e-01 8.165000000000000382e-03
3.000000000000000000e+00 2.600000000000000000e+01 8.000000000000000000e+00 0.000000000000000000e+00 1.600000000000000089e+00 1.991000000000000148e-03 -3.739999999999999835e-04 -9.999980000000000535e-01 4.045150000000000134e-01 9.145309999999999828e-01 4.629999999999999784e-04 9.145290000000000363e-01 -4.045150000000000134e-01 1.971999999999999795e-03
2.500000000000000000e+01 2.600000000000000000e+01 8.000000000000000000e+00 0.000000000000000000e+00 1.600000000000000089e+00 -7.290999999999999738e-03 -2.046600000000000155e-02 -9.997639999999999860e-01 4.125039999999999818e-01 9.106980000000000075e-01 -2.165100000000000011e-02 9.109270000000000422e-01 -4.125650000000000150e-01 1.802999999999999915e-03
6.000000000000000000e+00 2.400000000000000000e+01 9.000000000000000000e+00 0.000000000000000000e+00 1.600000000000000089e+00 1.221999999999999996e-03 1.165000000000000020e-03 -9.999989999999999712e-01 4.578789999999999805e-01 8.890130000000000532e-01 1.595999999999999979e-03 8.890139999999999709e-01 -4.578800000000000092e-01 5.529999999999999976e-04
1.000000000000000000e+01 2.400000000000000000e+01 9.000000000000000000e+00 0.000000000000000000e+00 1.600000000000000089e+00 -1.853000000000000046e-03 -8.151000000000000259e-03 -9.999649999999999928e-01 4.583519999999999817e-01 8.887340000000000240e-01 -8.094000000000000500e-03 8.887690000000000312e-01 -4.583510000000000084e-01 2.089999999999999844e-03
1.900000000000000000e+01 2.400000000000000000e+01 9.000000000000000000e+00 0.000000000000000000e+00 1.600000000000000089e+00 -9.532000000000000542e-03 -2.488100000000000034e-02 -9.996450000000000058e-01 4.642310000000000048e-01 8.853189999999999671e-01 -2.646199999999999941e-02 8.856629999999999781e-01 -4.643189999999999817e-01 3.112000000000000183e-03
2.400000000000000000e+01 2.400000000000000000e+01 9.000000000000000000e+00 0.000000000000000000e+00 1.600000000000000089e+00 -8.038000000000000006e-03 -2.530999999999999917e-02 -9.996469999999999523e-01 4.661120000000000263e-01 8.843389999999999862e-01 -2.613899999999999904e-02 8.846889999999999477e-01 -4.661580000000000168e-01 4.688999999999999592e-03
1.400000000000000000e+01 3.100000000000000000e+01 1.200000000000000000e+01 0.000000000000000000e+00 1.600000000000000089e+00 -6.819999999999999890e-04 9.210000000000000521e-04 9.999989999999999712e-01 1.899599999999999900e-02 9.998190000000000133e-01 -9.079999999999999530e-04 -9.998190000000000133e-01 1.899500000000000147e-02 -6.989999999999999686e-04
2.400000000000000000e+01 3.100000000000000000e+01 1.200000000000000000e+01 0.000000000000000000e+00 1.600000000000000089e+00 8.909999999999999734e-04 -1.405999999999999915e-03 9.999989999999999712e-01 9.525000000000000480e-03 9.999540000000000095e-01 1.397000000000000021e-03 -9.999540000000000095e-01 9.523999999999999480e-03 9.049999999999999885e-04
5.000000000000000000e+00 1.200000000000000000e+01 1.500000000000000000e+01 0.000000000000000000e+00 1.600000000000000089e+00 -1.807999999999999928e-03 -2.265999999999999785e-03 -9.999959999999999960e-01 -4.667990000000000195e-01 -8.843590000000000062e-01 2.847999999999999837e-03 -8.843609999999999527e-01 4.668030000000000235e-01 5.410000000000000312e-04
9.000000000000000000e+00 1.200000000000000000e+01 1.500000000000000000e+01 0.000000000000000000e+00 1.600000000000000089e+00 1.309000000000000051e-03 3.779999999999999940e-03 -9.999919999999999920e-01 -4.657689999999999886e-01 -8.848970000000000447e-01 -3.955000000000000182e-03 -8.849050000000000527e-01 4.657709999999999906e-01 6.019999999999999961e-04
1.200000000000000000e+01 1.200000000000000000e+01 1.500000000000000000e+01 0.000000000000000000e+00 1.600000000000000089e+00 5.962000000000000285e-03 9.098000000000000184e-03 -9.999409999999999688e-01 -4.662529999999999730e-01 -8.845849999999999547e-01 -1.082800000000000082e-02 -8.846309999999999452e-01 4.662899999999999823e-01 -1.033000000000000064e-03
2.000000000000000000e+01 1.200000000000000000e+01 1.500000000000000000e+01 0.000000000000000000e+00 1.600000000000000089e+00 7.656999999999999744e-03 1.235999999999999946e-02 -9.998939999999999495e-01 -4.683249999999999913e-01 -8.834370000000000278e-01 -1.450700000000000080e-02 -8.835229999999999473e-01 4.683860000000000245e-01 -9.759999999999999796e-04
2.000000000000000000e+00 1.160000000000000000e+02 1.600000000000000000e+01 0.000000000000000000e+00 1.600000000000000089e+00 2.199999999999999943e-05 1.910000000000000022e-03 9.999980000000000535e-01 6.772799999999999931e-01 7.357240000000000446e-01 -1.420000000000000038e-03 -7.357249999999999623e-01 6.772789999999999644e-01 -1.276999999999999923e-03
1.300000000000000000e+01 1.160000000000000000e+02 1.600000000000000000e+01 0.000000000000000000e+00 1.600000000000000089e+00 8.260000000000000198e-04 2.566999999999999837e-03 9.999959999999999960e-01 7.019870000000000276e-01 7.121859999999999857e-01 -2.407999999999999984e-03 -7.121889999999999610e-01 7.019859999999999989e-01 -1.214000000000000018e-03
1.800000000000000000e+01 1.160000000000000000e+02 1.600000000000000000e+01 0.000000000000000000e+00 1.600000000000000089e+00 -2.249999999999999938e-04 -2.840000000000000076e-03 9.999959999999999960e-01 7.048769999999999758e-01 7.093270000000000408e-01 2.173000000000000018e-03 -7.093300000000000161e-01 7.048740000000000006e-01 1.842000000000000104e-03
2.700000000000000000e+01 1.160000000000000000e+02 1.600000000000000000e+01 0.000000000000000000e+00 1.600000000000000089e+00 7.339999999999999520e-04 2.670000000000000064e-03 9.999959999999999960e-01 6.768950000000000244e-01 7.360750000000000348e-01 -2.462000000000000213e-03 -7.360790000000000388e-01 6.768939999999999957e-01 -1.266999999999999897e-03
6.000000000000000000e+00 2.000000000000000000e+00 1.900000000000000000e+01 0.000000000000000000e+00 1.600000000000000089e+00 -1.364999999999999894e-03 -1.069999999999999988e-03 -9.999980000000000535e-01 1.795029999999999959e-01 -9.837569999999999926e-01 8.080000000000000160e-04 -9.837569999999999926e-01 -1.795009999999999939e-01 1.534999999999999906e-03
1.100000000000000000e+01 2.000000000000000000e+00 1.900000000000000000e+01 0.000000000000000000e+00 1.600000000000000089e+00 -5.599999999999999509e-04 -1.689999999999999879e-04 -1.000000000000000000e+00 1.774969999999999881e-01 -9.841210000000000235e-01 6.700000000000000226e-05 -9.841210000000000235e-01 -1.774969999999999881e-01 5.810000000000000277e-04
2.100000000000000000e+01 2.000000000000000000e+00 1.900000000000000000e+01 0.000000000000000000e+00 1.600000000000000089e+00 -5.299999999999999807e-04 4.853999999999999808e-03 -9.999879999999999880e-01 1.725520000000000109e-01 -9.849879999999999747e-01 -4.871999999999999595e-03 -9.849999999999999867e-01 -1.725530000000000119e-01 -3.159999999999999832e-04
2.600000000000000000e+01 2.000000000000000000e+00 1.900000000000000000e+01 0.000000000000000000e+00 1.600000000000000089e+00 -1.093000000000000005e-03 2.010000000000000068e-03 -9.999970000000000248e-01 1.679499999999999882e-01 -9.857930000000000303e-01 -2.164999999999999824e-03 -9.857949999999999768e-01 -1.679519999999999902e-01 7.399999999999999894e-04
2.900000000000000000e+01 2.000000000000000000e+00 1.900000000000000000e+01 0.000000000000000000e+00 1.600000000000000089e+00 -2.109000000000000197e-03 6.721999999999999677e-03 -9.999749999999999472e-01 1.673199999999999965e-01 -9.858780000000000321e-01 -6.980000000000000093e-03 -9.858999999999999986e-01 -1.673300000000000065e-01 9.550000000000000112e-04
7.000000000000000000e+00 4.000000000000000000e+00 2.000000000000000000e+01 0.000000000000000000e+00 1.600000000000000089e+00 9.269999999999999811e-04 -4.444000000000000034e-03 -9.999900000000000455e-01 2.727049999999999752e-01 -9.620870000000000255e-01 4.527999999999999907e-03 -9.620969999999999800e-01 -2.727060000000000040e-01 3.200000000000000262e-04
1.300000000000000000e+01 4.000000000000000000e+00 2.000000000000000000e+01 0.000000000000000000e+00 1.600000000000000089e+00 -3.510000000000000099e-03 2.005999999999999971e-03 -9.999919999999999920e-01 2.746709999999999985e-01 -9.615339999999999998e-01 -2.893000000000000172e-03 -9.615320000000000533e-01 -2.746779999999999777e-01 2.824000000000000121e-03
1.700000000000000000e+01 4.000000000000000000e+00 2.000000000000000000e+01 0.000000000000000000e+00 1.600000000000000089e+00 -1.427000000000000100e-03 2.390000000000000197e-03 -9.999959999999999960e-01 2.781089999999999951e-01 -9.605460000000000109e-01 -2.691999999999999948e-03 -9.605479999999999574e-01 -2.781120000000000259e-01 7.060000000000000303e-04
2.100000000000000000e+01 4.000000000000000000e+00 2.000000000000000000e+01 0.000000000000000000e+00 1.600000000000000089e+00 -1.446999999999999936e-03 6.838000000000000328e-03 -9.999759999999999760e-01 2.727040000000000020e-01 -9.620729999999999560e-01 -6.973000000000000032e-03 -9.620969999999999800e-01 -2.727080000000000060e-01 -4.730000000000000046e-04
4.000000000000000000e+00 1.300000000000000000e+01 2.000000000000000000e+01 0.000000000000000000e+00 1.600000000000000089e+00 -3.699999999999999947e-04 7.629000000000000364e-03 9.999710000000000543e-01 2.594929999999999737e-01 9.657179999999999653e-01 -7.271999999999999818e-03 -9.657449999999999646e-01 2.594830000000000192e-01 -2.337000000000000102e-03
8.000000000000000000e+00 1.300000000000000000e+01 2.000000000000000000e+01 0.000000000000000000e+00 1.600000000000000089e+00 -7.169999999999999724e-04 2.664999999999999834e-03 9.999959999999999960e-01 2.579029999999999934e-01 9.661680000000000268e-01 -2.390000000000000197e-03 -9.661710000000000020e-01 2.579000000000000181e-01 -1.379999999999999933e-03
1.200000000000000000e+01 1.300000000000000000e+01 2.000000000000000000e+01 0.000000000000000000e+00 1.600000000000000089e+00 6.350000000000000392e-04 -3.350000000000000113e-03 9.999940000000000495e-01 2.579089999999999994e-01 9.661640000000000228e-01 3.072000000000000078e-03 -9.661689999999999445e-01 2.579060000000000241e-01 1.477000000000000014e-03
1.600000000000000000e+01 1.300000000000000000e+01 2.000000000000000000e+01 0.000000000000000000e+00 1.600000000000000089e+00 1.529999999999999893e-03 -7.643999999999999753e-03 9.999700000000000255e-01 2.589199999999999835e-01 9.658740000000000103e-01 6.987000000000000155e-03 -9.658980000000000343e-01 2.589009999999999923e-01 3.457000000000000003e-03
2.000000000000000000e+01 1.300000000000000000e+01 2.000000000000000000e+01 0.000000000000000000e+00 1.600000000000000089e+00 3.069999999999999812e-04 -1.025799999999999976e-02 9.999470000000000303e-01 2.583239999999999981e-01 9.660079999999999778e-01 9.830000000000000196e-03 -9.660579999999999723e-01 2.583070000000000088e-01 2.945999999999999834e-03
2.500000000000000000e+01 1.300000000000000000e+01 2.000000000000000000e+01 0.000000000000000000e+00 1.600000000000000089e+00 -5.879999999999999810e-04 -1.269999999999999970e-04 1.000000000000000000e+00 2.592900000000000205e-01 9.657999999999999918e-01 2.750000000000000166e-04 -9.657989999999999631e-01 2.592900000000000205e-01 -5.349999999999999938e-04
2.000000000000000000e+00 1.600000000000000000e+01 2.100000000000000000e+01 0.000000000000000000e+00 1.600000000000000089e+00 -1.931999999999999907e-03 6.003999999999999788e-03 9.999799999999999800e-01 2.974829999999999974e-01 9.547130000000000338e-01 -5.157000000000000126e-03 -9.547250000000000458e-01 2.974669999999999814e-01 -3.631000000000000113e-03
6.000000000000000000e+00 1.600000000000000000e+01 2.100000000000000000e+01 0.000000000000000000e+00 1.600000000000000089e+00 -1.814000000000000074e-03 3.328999999999999928e-03 9.999930000000000208e-01 2.952560000000000184e-01 9.554150000000000142e-01 -2.645000000000000216e-03 -9.554169999999999607e-01 2.952489999999999837e-01 -2.716000000000000098e-03
1.700000000000000000e+01 1.600000000000000000e+01 2.100000000000000000e+01 0.000000000000000000e+00 1.600000000000000089e+00 1.516999999999999902e-03 -3.850000000000000124e-03 9.999909999999999632e-01 2.954809999999999937e-01 9.553430000000000533e-01 3.229999999999999798e-03 -9.553469999999999462e-01 2.954729999999999857e-01 2.586999999999999890e-03
2.500000000000000000e+01 1.600000000000000000e+01 2.100000000000000000e+01 0.000000000000000000e+00 1.600000000000000089e+00 1.669999999999999935e-04 5.634000000000000119e-03 9.999839999999999840e-01 2.963140000000000218e-01 9.550750000000000073e-01 -5.429999999999999931e-03 -9.550910000000000233e-01 2.963100000000000178e-01 -1.510000000000000057e-03
2.900000000000000000e+01 1.600000000000000000e+01 2.100000000000000000e+01 0.000000000000000000e+00 1.600000000000000089e+00 -1.779999999999999898e-04 -3.778999999999999807e-03 9.999930000000000208e-01 2.963879999999999848e-01 9.550600000000000200e-01 3.661999999999999891e-03 -9.550680000000000280e-01 2.963870000000000116e-01 9.499999999999999981e-04
1.900000000000000000e+01 3.000000000000000000e+00 2.500000000000000000e+01 0.000000000000000000e+00 1.600000000000000089e+00 -4.804000000000000110e-03 8.137000000000000136e-03 9.999550000000000383e-01 -1.603999999999999870e-02 -9.998390000000000333e-01 8.059000000000000191e-03 9.998599999999999710e-01 -1.600000000000000033e-02 4.934000000000000018e-03
4.000000000000000000e+00 4.600000000000000000e+01 2.700000000000000000e+01 0.000000000000000000e+00 1.600000000000000089e+00 -1.392999999999999924e-03 -9.719999999999999907e-04 -9.999989999999999712e-01 6.813850000000000184e-01 7.319229999999999903e-01 -1.660000000000000017e-03 7.319240000000000190e-01 -6.813860000000000472e-01 -3.570000000000000040e-04
1.600000000000000000e+01 4.600000000000000000e+01 2.700000000000000000e+01 0.000000000000000000e+00 1.600000000000000089e+00 9.300000000000000541e-04 1.577999999999999976e-03 -9.999980000000000535e-01 6.812279999999999447e-01 7.320689999999999698e-01 1.789000000000000009e-03 7.320710000000000273e-01 -6.812279999999999447e-01 -3.939999999999999817e-04
2.200000000000000000e+01 4.600000000000000000e+01 2.700000000000000000e+01 0.000000000000000000e+00 1.600000000000000089e+00 5.969999999999999829e-04 -6.319999999999999663e-04 -1.000000000000000000e+00 6.847670000000000146e-01 7.287620000000000209e-01 -5.199999999999999680e-05 7.287620000000000209e-01 -6.847670000000000146e-01 8.670000000000000406e-04
7.000000000000000000e+00 5.800000000000000000e+01 3.100000000000000000e+01 0.000000000000000000e+00 1.600000000000000089e+00 -3.150000000000000131e-04 2.616999999999999969e-03 9.999959999999999960e-01 -8.012629999999999475e-01 -5.983110000000000372e-01 1.312999999999999931e-03 5.983119999999999550e-01 -8.012599999999999723e-01 2.285000000000000139e-03
1.500000000000000000e+01 5.800000000000000000e+01 3.100000000000000000e+01 0.000000000000000000e+00 1.600000000000000089e+00 2.416999999999999878e-03 7.863000000000000198e-03 9.999660000000000215e-01 -8.014740000000000197e-01 -5.979919999999999680e-01 6.640000000000000069e-03 5.980240000000000000e-01 -8.014630000000000365e-01 4.856000000000000073e-03
2.300000000000000000e+01 5.800000000000000000e+01 3.100000000000000000e+01 0.000000000000000000e+00 1.600000000000000089e+00 6.509999999999999945e-04 2.919999999999999961e-04 1.000000000000000000e+00 -8.013719999999999732e-01 -5.981659999999999755e-01 6.960000000000000041e-04 5.981659999999999755e-01 -8.013719999999999732e-01 -1.550000000000000000e-04
2.800000000000000000e+01 5.800000000000000000e+01 3.100000000000000000e+01 0.000000000000000000e+00 1.600000000000000089e+00 7.590000000000000175e-04 4.942000000000000212e-03 9.999869999999999592e-01 -7.978140000000000231e-01 -6.028930000000000122e-01 3.585000000000000079e-03 6.029029999999999667e-01 -7.978070000000000439e-01 3.484999999999999817e-03
1.000000000000000000e+01 4.600000000000000000e+01 3.500000000000000000e+01 0.000000000000000000e+00 1.600000000000000089e+00 -9.870000000000000301e-04 1.118999999999999986e-03 -9.999989999999999712e-01 3.844509999999999872e-01 -9.231439999999999646e-01 -1.412000000000000061e-03 -9.231449999999999934e-01 -3.844520000000000159e-01 4.809999999999999823e-04
1.900000000000000000e+01 4.600000000000000000e+01 3.500000000000000000e+01 0.000000000000000000e+00 1.600000000000000089e+00 -4.389999999999999914e-04 -5.289999999999999564e-04 -1.000000000000000000e+00 3.866160000000000152e-01 -9.222409999999999775e-01 3.179999999999999776e-04 -9.222409999999999775e-01 -3.866149999999999864e-01 6.089999999999999494e-04
2.200000000000000000e+01 4.600000000000000000e+01 3.500000000000000000e+01 0.000000000000000000e+00 1.600000000000000089e+00 -6.679999999999999740e-04 1.356999999999999916e-03 -9.999989999999999712e-01 3.860049999999999870e-01 -9.224949999999999539e-01 -1.510000000000000057e-03 -9.224959999999999827e-01 -3.860060000000000158e-01 9.200000000000000007e-05
2.600000000000000000e+01 4.600000000000000000e+01 3.500000000000000000e+01 0.000000000000000000e+00 1.600000000000000089e+00 -5.169999999999999899e-04 1.266999999999999897e-03 -9.999989999999999712e-01 3.859730000000000105e-01 -9.225090000000000234e-01 -1.368000000000000075e-03 -9.225100000000000522e-01 -3.859739999999999838e-01 -1.200000000000000030e-05
7.000000000000000000e+00 9.500000000000000000e+01 3.600000000000000000e+01 0.000000000000000000e+00 1.600000000000000089e+00 -8.519000000000000530e-03 -2.292699999999999946e-02 9.997009999999999508e-01 9.971609999999999641e-01 7.460300000000000264e-02 1.020899999999999933e-02 -7.481500000000000650e-02 9.969500000000000028e-01 2.222599999999999923e-02
1.400000000000000000e+01 9.500000000000000000e+01 3.600000000000000000e+01 0.000000000000000000e+00 1.600000000000000089e+00 -9.280000000000000054e-04 9.476999999999999313e-03 9.999550000000000383e-01 9.971360000000000223e-01 7.563000000000000278e-02 2.079999999999999872e-04 -7.562499999999999778e-02 9.970909999999999496e-01 -9.520000000000000684e-03
2.000000000000000000e+01 9.500000000000000000e+01 3.600000000000000000e+01 0.000000000000000000e+00 1.600000000000000089e+00 5.487999999999999823e-03 -1.497099999999999993e-02 9.998730000000000118e-01 9.975549999999999695e-01 6.974800000000000444e-02 -4.431000000000000043e-03 -6.967199999999999782e-02 9.974520000000000053e-01 1.531700000000000075e-02
2.900000000000000000e+01 9.500000000000000000e+01 3.600000000000000000e+01 0.000000000000000000e+00 1.600000000000000089e+00 3.499999999999999964e-04 1.312499999999999951e-02 9.999139999999999695e-01 9.970750000000000446e-01 7.641100000000000669e-02 -1.351999999999999903e-03 -7.642200000000000382e-02 9.969900000000000428e-01 -1.306000000000000043e-02
7.000000000000000000e+00 2.900000000000000000e+01 4.400000000000000000e+01 0.000000000000000000e+00 1.600000000000000089e+00 -3.174000000000000172e-03 -1.229000000000000058e-03 -9.999940000000000495e-01 6.695459999999999745e-01 7.427650000000000086e-01 -3.037999999999999902e-03 7.427639999999999798e-01 -6.695510000000000073e-01 -1.534999999999999906e-03
1.300000000000000000e+01 2.900000000000000000e+01 4.400000000000000000e+01 0.000000000000000000e+00 1.600000000000000089e+00 -2.083999999999999915e-03 8.509999999999999769e-04 -9.999970000000000248e-01 6.668509999999999716e-01 7.451910000000000478e-01 -7.560000000000000530e-04 7.451879999999999615e-01 -6.668509999999999716e-01 -2.119999999999999923e-03
1.700000000000000000e+01 2.900000000000000000e+01 4.400000000000000000e+01 0.000000000000000000e+00 1.600000000000000089e+00 -1.423999999999999919e-03 2.550999999999999882e-03 -9.999959999999999960e-01 6.654660000000000020e-01 7.464269999999999516e-01 9.569999999999999514e-04 7.464260000000000339e-01 -6.654619999999999980e-01 -2.760999999999999999e-03
2.300000000000000000e+01 2.900000000000000000e+01 4.400000000000000000e+01 0.000000000000000000e+00 1.600000000000000089e+00 -6.027000000000000239e-03 -1.912000000000000071e-03 -9.999799999999999800e-01 6.446730000000000516e-01 7.644400000000000084e-01 -5.347000000000000190e-03 7.644349999999999756e-01 -6.446920000000000428e-01 -3.374999999999999962e-03
2.800000000000000000e+01 2.900000000000000000e+01 4.400000000000000000e+01 0.000000000000000000e+00 1.600000000000000089e+00 -2.724999999999999992e-03 -3.311000000000000141e-03 -9.999909999999999632e-01 6.370000000000000107e-01 7.708519999999999817e-01 -4.288000000000000145e-03 7.708589999999999609e-01 -6.370059999999999611e-01 9.000000000000000228e-06
2.000000000000000000e+00 5.400000000000000000e+01 4.600000000000000000e+01 0.000000000000000000e+00 1.600000000000000089e+00 -2.739999999999999923e-04 1.061899999999999997e-02 9.999440000000000550e-01 3.378570000000000184e-01 -9.411439999999999806e-01 1.008700000000000048e-02 9.411979999999999791e-01 3.378399999999999737e-01 -3.330000000000000061e-03
4.000000000000000000e+00 6.500000000000000000e+01 4.600000000000000000e+01 0.000000000000000000e+00 1.600000000000000089e+00 -2.749000000000000141e-03 1.899000000000000080e-03 9.999940000000000495e-01 6.812089999999999534e-01 -7.320809999999999818e-01 3.262000000000000142e-03 7.320830000000000393e-01 6.812150000000000150e-01 7.190000000000000210e-04
5.000000000000000000e+00 7.000000000000000000e+00 5.200000000000000000e+01 0.000000000000000000e+00 1.600000000000000089e+00 -1.853000000000000046e-03 -3.700999999999999863e-03 -9.999909999999999632e-01 8.391800000000000648e-02 -9.964659999999999629e-01 3.533000000000000116e-03 -9.964709999999999956e-01 -8.391099999999999948e-02 2.157000000000000063e-03
5.000000000000000000e+00 1.500000000000000000e+01 5.300000000000000000e+01 0.000000000000000000e+00 1.600000000000000089e+00 -5.730000000000000501e-04 -2.220000000000000022e-04 -1.000000000000000000e+00 6.784510000000000263e-01 7.346460000000000212e-01 -5.519999999999999733e-04 7.346460000000000212e-01 -6.784510000000000263e-01 -2.700000000000000035e-04
1.800000000000000000e+01 1.500000000000000000e+01 5.300000000000000000e+01 0.000000000000000000e+00 1.600000000000000089e+00 1.170999999999999949e-03 8.299999999999999815e-05 -9.999989999999999712e-01 6.774360000000000381e-01 7.355810000000000404e-01 8.540000000000000499e-04 7.355810000000000404e-01 -6.774369999999999559e-01 8.050000000000000515e-04
3.000000000000000000e+00 6.300000000000000000e+01 5.400000000000000000e+01 0.000000000000000000e+00 1.600000000000000089e+00 1.910999999999999938e-03 3.480000000000000020e-04 9.999980000000000535e-01 -3.513530000000000264e-01 9.362430000000000474e-01 3.460000000000000076e-04 -9.362409999999999899e-01 -3.513530000000000264e-01 1.910999999999999938e-03
8.000000000000000000e+00 6.300000000000000000e+01 5.400000000000000000e+01 0.000000000000000000e+00 1.600000000000000089e+00 3.499999999999999693e-05 -7.630000000000000063e-04 1.000000000000000000e+00 -3.511139999999999817e-01 9.363329999999999709e-01 7.269999999999999987e-04 -9.363329999999999709e-01 -3.511130000000000084e-01 -2.349999999999999930e-04
1.200000000000000000e+01 6.300000000000000000e+01 5.400000000000000000e+01 0.000000000000000000e+00 1.600000000000000089e+00 3.009999999999999980e-04 -1.949999999999999965e-04 1.000000000000000000e+00 -3.498939999999999828e-01 9.367889999999999828e-01 2.880000000000000073e-04 -9.367889999999999828e-01 -3.498939999999999828e-01 2.139999999999999975e-04
1.400000000000000000e+01 6.300000000000000000e+01 5.400000000000000000e+01 0.000000000000000000e+00 1.600000000000000089e+00 7.529999999999999801e-04 1.210000000000000002e-04 1.000000000000000000e+00 -3.495969999999999911e-01 9.368999999999999551e-01 1.489999999999999897e-04 -9.368999999999999551e-01 -3.495969999999999911e-01 7.479999999999999670e-04
1.800000000000000000e+01 6.300000000000000000e+01 5.400000000000000000e+01 0.000000000000000000e+00 1.600000000000000089e+00 -5.029999999999999749e-04 4.569999999999999952e-04 1.000000000000000000e+00 -3.487979999999999969e-01 9.371979999999999755e-01 -6.040000000000000447e-04 -9.371979999999999755e-01 -3.487979999999999969e-01 -3.119999999999999944e-04
2.800000000000000000e+01 6.300000000000000000e+01 5.400000000000000000e+01 0.000000000000000000e+00 1.600000000000000089e+00 1.910000000000000077e-04 1.342000000000000094e-03 9.999989999999999712e-01 -3.544629999999999725e-01 9.350690000000000390e-01 -1.186999999999999904e-03 -9.350699999999999568e-01 -3.544629999999999725e-01 6.539999999999999590e-04
5.000000000000000000e+00 2.500000000000000000e+01 5.500000000000000000e+01 0.000000000000000000e+00 1.600000000000000089e+00 -3.739999999999999835e-04 -5.680000000000000370e-04 -1.000000000000000000e+00 -1.239700000000000003e-02 -9.999230000000000063e-01 5.730000000000000501e-04 -9.999230000000000063e-01 1.239799999999999930e-02 3.660000000000000059e-04
1.000000000000000000e+01 2.500000000000000000e+01 5.500000000000000000e+01 0.000000000000000000e+00 1.600000000000000089e+00 -9.420000000000000205e-04 -2.083000000000000216e-03 -9.999970000000000248e-01 -1.111900000000000041e-02 -9.999360000000000470e-01 2.092999999999999809e-03 -9.999379999999999935e-01 1.112100000000000068e-02 9.190000000000000035e-04
1.400000000000000000e+01 2.500000000000000000e+01 5.500000000000000000e+01 0.000000000000000000e+00 1.600000000000000089e+00 7.420000000000000380e-04 4.299999999999999894e-04 -1.000000000000000000e+00 -1.127399999999999930e-02 -9.999360000000000470e-01 -4.380000000000000213e-04 -9.999360000000000470e-01 1.127399999999999930e-02 -7.370000000000000249e-04
1.600000000000000000e+01 2.500000000000000000e+01 5.500000000000000000e+01 0.000000000000000000e+00 1.600000000000000089e+00 1.196999999999999930e-03 2.978000000000000178e-03 -9.999949999999999672e-01 -1.139899999999999941e-02 -9.999310000000000143e-01 -2.991000000000000169e-03 -9.999339999999999895e-01 1.140299999999999994e-02 -1.162999999999999971e-03
2.700000000000000000e+01 2.500000000000000000e+01 5.500000000000000000e+01 0.000000000000000000e+00 1.600000000000000089e+00 1.567000000000000033e-03 -1.526999999999999929e-03 -9.999980000000000535e-01 -1.265999999999999938e-02 -9.999190000000000023e-01 1.507000000000000093e-03 -9.999190000000000023e-01 1.265800000000000085e-02 -1.585999999999999953e-03
1.500000000000000000e+01 5.800000000000000000e+01 5.900000000000000000e+01 0.000000000000000000e+00 1.600000000000000089e+00 -4.341000000000000240e-03 5.394000000000000357e-03 -9.999759999999999760e-01 3.868610000000000104e-01 9.221319999999999517e-01 3.295000000000000186e-03 9.221279999999999477e-01 -3.868369999999999864e-01 -6.088999999999999795e-03
2.200000000000000000e+01 3.000000000000000000e+00 6.300000000000000000e+01 0.000000000000000000e+00 1.600000000000000089e+00 3.477000000000000056e-03 -7.069999999999999896e-03 9.999689999999999968e-01 -6.168219999999999814e-01 7.870650000000000146e-01 7.708999999999999707e-03 -7.870949999999999891e-01 -6.168289999999999607e-01 -1.624999999999999925e-03
2.500000000000000000e+01 3.000000000000000000e+00 6.300000000000000000e+01 0.000000000000000000e+00 1.600000000000000089e+00 9.920000000000000432e-04 -5.159000000000000391e-03 9.999860000000000415e-01 -6.172050000000000036e-01 7.867880000000000429e-01 4.670999999999999805e-03 -7.868020000000000014e-01 -6.172009999999999996e-01 -2.403000000000000188e-03
1.000000000000000000e+01 2.700000000000000000e+01 6.300000000000000000e+01 0.000000000000000000e+00 1.600000000000000089e+00 -1.693999999999999976e-03 -5.929000000000000242e-03 9.999810000000000088e-01 -2.775340000000000029e-01 9.607019999999999449e-01 5.225999999999999743e-03 -9.607139999999999569e-01 -2.775199999999999889e-01 -3.272999999999999868e-03
1.400000000000000000e+01 2.700000000000000000e+01 6.300000000000000000e+01 0.000000000000000000e+00 1.600000000000000089e+00 7.100000000000000462e-05 -9.145999999999999616e-03 9.999580000000000135e-01 -2.796580000000000177e-01 9.600589999999999957e-01 8.800999999999999795e-03 -9.600999999999999535e-01 -2.796469999999999789e-01 -2.490000000000000026e-03
2.200000000000000000e+01 2.700000000000000000e+01 6.300000000000000000e+01 0.000000000000000000e+00 1.600000000000000089e+00 2.300000000000000070e-04 1.204999999999999908e-03 9.999989999999999712e-01 -2.828979999999999828e-01 9.591490000000000293e-01 -1.090000000000000040e-03 -9.591499999999999471e-01 -2.828970000000000096e-01 5.609999999999999752e-04
2.600000000000000000e+01 2.700000000000000000e+01 6.300000000000000000e+01 0.000000000000000000e+00 1.600000000000000089e+00 -9.699999999999999963e-05 5.959999999999999586e-04 1.000000000000000000e+00 -2.835179999999999922e-01 9.589670000000000138e-01 -5.990000000000000316e-04 -9.589670000000000138e-01 -2.835179999999999922e-01 7.600000000000000418e-05
3.000000000000000000e+01 2.700000000000000000e+01 6.300000000000000000e+01 0.000000000000000000e+00 1.600000000000000089e+00 -3.719999999999999891e-04 1.368999999999999991e-03 9.999989999999999712e-01 -2.844800000000000106e-01 9.586810000000000054e-01 -1.417999999999999990e-03 -9.586820000000000341e-01 -2.844800000000000106e-01 3.300000000000000253e-05
5.000000000000000000e+00 2.600000000000000000e+01 6.400000000000000000e+01 0.000000000000000000e+00 1.600000000000000089e+00 -3.350000000000000113e-03 7.395999999999999797e-03 9.999670000000000503e-01 -3.499829999999999885e-01 9.367210000000000258e-01 -8.101000000000000562e-03 -9.367499999999999716e-01 -3.499979999999999758e-01 -5.500000000000000331e-04
1.000000000000000000e+01 2.600000000000000000e+01 6.400000000000000000e+01 0.000000000000000000e+00 1.600000000000000089e+00 -8.840000000000000201e-04 -5.956999999999999622e-03 9.999820000000000375e-01 -3.590119999999999978e-01 9.333179999999999810e-01 5.242000000000000132e-03 -9.333329999999999682e-01 -3.589999999999999858e-01 -2.964000000000000055e-03
1.400000000000000000e+01 2.600000000000000000e+01 6.400000000000000000e+01 0.000000000000000000e+00 1.600000000000000089e+00 1.141000000000000087e-03 -8.845000000000000431e-03 9.999599999999999600e-01 -3.601239999999999997e-01 9.328640000000000265e-01 8.661999999999999561e-03 -9.329039999999999555e-01 -3.601190000000000224e-01 -2.121000000000000055e-03
1.900000000000000000e+01 2.600000000000000000e+01 6.400000000000000000e+01 0.000000000000000000e+00 1.600000000000000089e+00 4.000000000000000192e-04 1.761999999999999894e-03 9.999980000000000535e-01 -3.627059999999999729e-01 9.319020000000000081e-01 -1.497000000000000067e-03 -9.319030000000000369e-01 -3.627049999999999996e-01 1.012000000000000096e-03
2.600000000000000000e+01 2.600000000000000000e+01 6.400000000000000000e+01 0.000000000000000000e+00 1.600000000000000089e+00 1.569999999999999944e-04 8.869999999999999846e-04 1.000000000000000000e+00 -3.637250000000000205e-01 9.315059999999999452e-01 -7.690000000000000438e-04 -9.315069999999999739e-01 -3.637239999999999918e-01 4.690000000000000158e-04
2.800000000000000000e+01 6.900000000000000000e+01 6.600000000000000000e+01 0.000000000000000000e+00 1.600000000000000089e+00 5.760000000000000146e-04 -1.696999999999999941e-03 9.999980000000000535e-01 -9.492739999999999512e-01 3.144489999999999785e-01 1.080999999999999930e-03 -3.144509999999999805e-01 -9.492730000000000334e-01 -1.430000000000000064e-03
3.000000000000000000e+00 2.500000000000000000e+01 7.300000000000000000e+01 0.000000000000000000e+00 1.600000000000000089e+00 5.469999999999999602e-04 2.770000000000000110e-04 1.000000000000000000e+00 7.483880000000000532e-01 -6.632609999999999895e-01 -2.249999999999999938e-04 6.632609999999999895e-01 7.483880000000000532e-01 -5.699999999999999772e-04
1.200000000000000000e+01 2.500000000000000000e+01 7.300000000000000000e+01 0.000000000000000000e+00 1.600000000000000089e+00 1.332000000000000068e-03 2.265000000000000086e-03 9.999970000000000248e-01 7.564570000000000460e-01 -6.540430000000000410e-01 4.739999999999999747e-04 6.540420000000000122e-01 7.564539999999999598e-01 -2.585000000000000058e-03
1.700000000000000000e+01 2.500000000000000000e+01 7.300000000000000000e+01 0.000000000000000000e+00 1.600000000000000089e+00 -1.570999999999999914e-03 -3.250999999999999984e-03 9.999930000000000208e-01 7.560700000000000198e-01 -6.544900000000000162e-01 -9.399999999999999719e-04 6.544889999999999874e-01 7.560639999999999583e-01 3.485999999999999949e-03
2.300000000000000000e+01 2.500000000000000000e+01 7.300000000000000000e+01 0.000000000000000000e+00 1.600000000000000089e+00 1.250000000000000026e-04 8.559999999999999901e-04 1.000000000000000000e+00 7.540540000000000020e-01 -6.568129999999999802e-01 4.679999999999999915e-04 6.568129999999999802e-01 7.540529999999999733e-01 -7.280000000000000230e-04
4.000000000000000000e+00 4.400000000000000000e+01 7.300000000000000000e+01 0.000000000000000000e+00 1.600000000000000089e+00 5.630000000000000239e-04 -1.546999999999999981e-03 9.999989999999999712e-01 4.838300000000000239e-02 -9.988280000000000491e-01 -1.572000000000000047e-03 9.988289999999999669e-01 4.838400000000000339e-02 -4.879999999999999898e-04
1.400000000000000000e+01 4.400000000000000000e+01 7.300000000000000000e+01 0.000000000000000000e+00 1.600000000000000089e+00 -1.779999999999999898e-04 -2.344999999999999862e-03 9.999970000000000248e-01 4.848800000000000332e-02 -9.988209999999999589e-01 -2.333000000000000004e-03 9.988240000000000451e-01 4.848700000000000232e-02 2.910000000000000260e-04
2.000000000000000000e+01 4.400000000000000000e+01 7.300000000000000000e+01 0.000000000000000000e+00 1.600000000000000089e+00 5.339999999999999695e-04 2.122000000000000188e-03 9.999980000000000535e-01 5.017400000000000332e-02 -9.987380000000000146e-01 2.092000000000000109e-03 9.987399999999999611e-01 5.017300000000000232e-02 -6.390000000000000280e-04
2.400000000000000000e+01 4.400000000000000000e+01 7.300000000000000000e+01 0.000000000000000000e+00 1.600000000000000089e+00 3.780000000000000265e-04 -1.744000000000000107e-03 9.999980000000000535e-01 5.144699999999999968e-02 -9.986739999999999506e-01 -1.760999999999999979e-03 9.986760000000000081e-01 5.144800000000000068e-02 -2.880000000000000073e-04
2.000000000000000000e+00 5.100000000000000000e+01 7.600000000000000000e+01 0.000000000000000000e+00 1.600000000000000089e+00 -3.550000000000000096e-04 1.691000000000000012e-03 -9.999989999999999712e-01 -4.129559999999999897e-01 -9.107499999999999485e-01 -1.394000000000000057e-03 -9.107509999999999772e-01 4.129550000000000165e-01 1.021999999999999905e-03
5.000000000000000000e+00 5.100000000000000000e+01 7.600000000000000000e+01 0.000000000000000000e+00 1.600000000000000089e+00 -7.100000000000000191e-04 4.520999999999999845e-03 -9.999900000000000455e-01 -4.124709999999999765e-01 -9.109629999999999672e-01 -3.824999999999999841e-03 -9.109699999999999465e-01 4.124639999999999973e-01 2.511999999999999910e-03
4.000000000000000000e+00 9.100000000000000000e+01 7.600000000000000000e+01 0.000000000000000000e+00 1.600000000000000089e+00 -6.000000000000000152e-06 1.332999999999999984e-03 9.999989999999999712e-01 3.172079999999999900e-01 -9.483549999999999480e-01 1.265999999999999981e-03 9.483559999999999768e-01 3.172079999999999900e-01 -4.169999999999999987e-04
1.000000000000000000e+01 9.100000000000000000e+01 7.600000000000000000e+01 0.000000000000000000e+00 1.600000000000000089e+00 5.810000000000000277e-04 3.490000000000000263e-04 1.000000000000000000e+00 3.159179999999999766e-01 -9.487870000000000470e-01 1.479999999999999925e-04 9.487860000000000182e-01 3.159170000000000034e-01 -6.620000000000000450e-04
1.900000000000000000e+01 9.100000000000000000e+01 7.600000000000000000e+01 0.000000000000000000e+00 1.600000000000000089e+00 -2.023000000000000059e-03 -7.140000000000000079e-04 9.999980000000000535e-01 3.182840000000000114e-01 -9.479950000000000321e-01 -3.300000000000000253e-05 9.479929999999999746e-01 3.182829999999999826e-01 2.145000000000000205e-03
2.900000000000000000e+01 9.100000000000000000e+01 7.600000000000000000e+01 0.000000000000000000e+00 1.600000000000000089e+00 1.820000000000000057e-04 -1.629000000000000023e-03 9.999989999999999712e-01 3.002170000000000116e-01 -9.538689999999999669e-01 -1.608000000000000054e-03 9.538710000000000244e-01 3.002170000000000116e-01 3.150000000000000131e-04
