1.000000000000000000e+00 1.500000000000000000e+01 4.000000000000000000e+00 0.000000000000000000e+00 1.600000000000000089e+00 2.135999999999999878e-03 -2.769000000000000194e-03 9.999940000000000495e-01 3.028689999999999993e-01 -9.530269999999999575e-01 -3.285999999999999859e-03 9.530300000000000438e-01 3.028739999999999766e-01 -1.196999999999999930e-03
5.000000000000000000e+00 1.500000000000000000e+01 4.000000000000000000e+00 0.000000000000000000e+00 1.600000000000000089e+00 9.550000000000000112e-04 -1.075100000000000014e-02 9.999419999999999975e-01 3.015109999999999735e-01 -9.534049999999999470e-01 -1.053800000000000049e-02 9.534620000000000317e-01 3.015030000000000210e-01 2.331000000000000173e-03
1.000000000000000000e+01 1.500000000000000000e+01 4.000000000000000000e+00 0.000000000000000000e+00 1.600000000000000089e+00 -1.423999999999999919e-03 -1.652500000000000149e-02 9.998620000000000285e-01 2.913799999999999724e-01 -9.564829999999999721e-01 -1.539300000000000043e-02 9.566059999999999564e-01 2.913180000000000214e-01 6.178000000000000332e-03
1.400000000000000000e+01 1.500000000000000000e+01 4.000000000000000000e+00 0.000000000000000000e+00 1.600000000000000089e+00 -2.246999999999999865e-03 -1.603399999999999964e-02 9.998690000000000078e-01 2.817219999999999724e-01 -9.593829999999999858e-01 -1.475100000000000022e-02 9.594930000000000403e-01 2.816520000000000135e-01 6.673000000000000112e-03
2.300000000000000000e+01 1.500000000000000000e+01 4.000000000000000000e+00 0.000000000000000000e+00 1.600000000000000089e+00 2.419000000000000143e-03 1.013999999999999927e-03 9.999970000000000248e-01 2.815770000000000217e-01 -9.595390000000000308e-01 2.919999999999999961e-04 9.595359999999999445e-01 2.815750000000000197e-01 -2.606999999999999942e-03
2.700000000000000000e+01 1.500000000000000000e+01 4.000000000000000000e+00 0.000000000000000000e+00 1.600000000000000089e+00 -8.980000000000000352e-04 2.462000000000000213e-03 9.999970000000000248e-01 2.933319999999999816e-01 -9.560070000000000512e-01 2.616999999999999969e-03 9.560100000000000264e-01 2.933330000000000104e-01 1.359999999999999989e-04
1.000000000000000000e+01 1.010000000000000000e+02 7.000000000000000000e+00 0.000000000000000000e+00 1.600000000000000089e+00 1.379999999999999933e-03 1.835600000000000079e-02 9.998310000000000253e-01 8.856190000000000451e-01 4.643090000000000273e-01 -9.747000000000000455e-03 -4.644099999999999895e-01 8.854830000000000201e-01 -1.561500000000000041e-02
2.300000000000000000e+01 1.010000000000000000e+02 7.000000000000000000e+00 0.000000000000000000e+00 1.600000000000000089e+00 -9.529999999999999626e-04 -6.723999999999999942e-03 9.999770000000000048e-01 8.856450000000000156e-01 4.643450000000000077e-01 3.965999999999999907e-03 -4.643610000000000237e-01 8.856289999999999996e-01 5.512000000000000406e-03
2.700000000000000000e+01 1.010000000000000000e+02 7.000000000000000000e+00 0.000000000000000000e+00 1.600000000000000089e+00 2.405000000000000020e-03 3.755999999999999790e-03 9.999900000000000455e-01 8.844570000000000487e-01 4.666060000000000207e-01 -3.880000000000000202e-03 -4.666150000000000020e-01 8.844579999999999664e-01 -2.200000000000000133e-03
1.000000000000000000e+00 1.500000000000000000e+01 8.000000000000000000e+00 0.000000000000000000e+00 1.600000000000000089e+00 -2.050999999999999872e-03 -1.636000000000000084e-03 -9.999970000000000248e-01 -5.841880000000000406e-01 -8.116149999999999753e-01 2.526000000000000034e-03 -8.116160000000000041e-01 5.841910000000000158e-01 7.089999999999999948e-04
1.200000000000000000e+01 1.500000000000000000e+01 8.000000000000000000e+00 0.000000000000000000e+00 1.600000000000000089e+00 -2.098000000000000038e-03 -1.167100000000000082e-02 -9.999299999999999855e-01 -5.875609999999999999e-01 -8.091089999999999671e-01 1.067700000000000073e-02 -8.091770000000000351e-01 5.875420000000000087e-01 -5.159999999999999656e-03
2.100000000000000000e+01 1.500000000000000000e+01 8.000000000000000000e+00 0.000000000000000000e+00 1.600000000000000089e+00 -4.021000000000000268e-03 -6.964999999999999837e-03 -9.999679999999999680e-01 -5.900929999999999787e-01 -8.072960000000000136e-01 7.995999999999999636e-03 -8.073249999999999593e-01 5.901060000000000194e-01 -8.639999999999999677e-04
2.600000000000000000e+01 1.500000000000000000e+01 8.000000000000000000e+00 0.000000000000000000e+00 1.600000000000000089e+00 -2.187000000000000142e-03 -2.619999999999999933e-03 -9.999940000000000495e-01 -5.917729999999999935e-01 -8.060979999999999812e-01 3.406999999999999872e-03 -8.061019999999999852e-01 5.917769999999999975e-01 2.130000000000000003e-04
4.000000000000000000e+00 2.600000000000000000e+01 8.000000000000000000e+00 0.000000000000000000e+00 1.600000000000000089e+00 1.224999999999999960e-03 5.150000000000000064e-03 -9.999860000000000415e-01 4.057149999999999923e-01 9.139850000000000474e-01 5.204000000000000292e-03 9.139990000000000059e-01 -4.057149999999999923e-01 -9.700000000000000505e-04
1.700000000000000000e+01 2.600000000000000000e+01 8.000000000000000000e+00 0.000000000000000000e+00 1.600000000000000089e+00 3.650000000000000033e-03 9.306000000000000036e-03 -9.999500000000000055e-01 4.022390000000000132e-01 9.154799999999999605e-01 9.988000000000000350e-03 9.155269999999999797e-01 -4.022549999999999737e-01 -4.020000000000000136e-04
5.000000000000000000e+00 2.400000000000000000e+01 9.000000000000000000e+00 0.000000000000000000e+00 1.600000000000000089e+00 1.559999999999999972e-03 3.347000000000000149e-03 -9.999930000000000208e-01 4.617299999999999738e-01 8.870130000000000514e-01 3.689000000000000005e-03 8.870190000000000019e-01 -4.617319999999999758e-01 -1.610000000000000103e-04
1.400000000000000000e+01 2.400000000000000000e+01 9.000000000000000000e+00 0.000000000000000000e+00 1.600000000000000089e+00 2.413000000000000214e-03 3.860000000000000150e-03 -9.999900000000000455e-01 4.598920000000000230e-01 8.879629999999999468e-01 4.537000000000000234e-03 8.879719999999999835e-01 -4.598979999999999735e-01 3.669999999999999760e-04
2.100000000000000000e+01 2.400000000000000000e+01 9.000000000000000000e+00 0.000000000000000000e+00 1.600000000000000089e+00 2.887999999999999942e-03 5.386000000000000162e-03 -9.999810000000000088e-01 4.593979999999999730e-01 8.882100000000000550e-01 6.111000000000000112e-03 8.882259999999999600e-01 -4.594070000000000098e-01 9.100000000000000287e-05
2.600000000000000000e+01 2.400000000000000000e+01 9.000000000000000000e+00 0.000000000000000000e+00 1.600000000000000089e+00 2.492999999999999990e-03 1.047799999999999947e-02 -9.999419999999999975e-01 4.593780000000000086e-01 8.881790000000000518e-01 1.045199999999999949e-02 8.882370000000000543e-01 -4.593780000000000086e-01 -2.599000000000000182e-03
2.000000000000000000e+00 4.000000000000000000e+00 1.100000000000000000e+01 0.000000000000000000e+00 1.600000000000000089e+00 -1.278999999999999972e-03 1.130199999999999955e-02 -9.999350000000000183e-01 2.234389999999999987e-01 9.746590000000000531e-01 1.072999999999999995e-02 9.747169999999999446e-01 -2.234109999999999985e-01 -3.772000000000000179e-03
6.000000000000000000e+00 4.000000000000000000e+00 1.100000000000000000e+01 0.000000000000000000e+00 1.600000000000000089e+00 8.919999999999999978e-04 6.226999999999999896e-03 -9.999799999999999800e-01 2.209879999999999900e-01 9.752560000000000118e-01 6.270999999999999665e-03 9.752760000000000318e-01 -2.209899999999999920e-01 -5.060000000000000478e-04
9.000000000000000000e+00 4.000000000000000000e+00 1.100000000000000000e+01 0.000000000000000000e+00 1.600000000000000089e+00 3.800000000000000209e-04 -1.412999999999999977e-03 -9.999989999999999712e-01 2.196200000000000097e-01 9.755850000000000355e-01 -1.294999999999999927e-03 9.755850000000000355e-01 -2.196190000000000087e-01 6.809999999999999647e-04
8.000000000000000000e+00 3.100000000000000000e+01 1.200000000000000000e+01 0.000000000000000000e+00 1.600000000000000089e+00 -8.999999999999999754e-04 8.980000000000000352e-04 9.999989999999999712e-01 -2.052700000000000011e-02 9.997890000000000388e-01 -9.160000000000000390e-04 -9.997890000000000388e-01 -2.052800000000000111e-02 -8.819999999999999715e-04
1.800000000000000000e+01 3.100000000000000000e+01 1.200000000000000000e+01 0.000000000000000000e+00 1.600000000000000089e+00 -1.585000000000000037e-03 1.441999999999999922e-03 9.999980000000000535e-01 -2.453500000000000125e-02 9.996979999999999755e-01 -1.480999999999999895e-03 -9.996979999999999755e-01 -2.453800000000000078e-02 -1.549999999999999946e-03
2.300000000000000000e+01 3.100000000000000000e+01 1.200000000000000000e+01 0.000000000000000000e+00 1.600000000000000089e+00 -9.200000000000000278e-04 1.369999999999999907e-03 9.999989999999999712e-01 -2.145899999999999891e-02 9.997690000000000188e-01 -1.389000000000000044e-03 -9.997690000000000188e-01 -2.145999999999999991e-02 -8.909999999999999734e-04
4.000000000000000000e+00 3.200000000000000000e+01 1.400000000000000000e+01 0.000000000000000000e+00 1.600000000000000089e+00 -1.340999999999999961e-03 9.560000000000000355e-04 -9.999989999999999712e-01 1.099090000000000067e-01 9.939409999999999634e-01 8.030000000000000028e-04 9.939409999999999634e-01 -1.099080000000000057e-01 -1.438000000000000042e-03
1.200000000000000000e+01 3.200000000000000000e+01 1.400000000000000000e+01 0.000000000000000000e+00 1.600000000000000089e+00 1.100000000000000039e-04 -4.055999999999999710e-03 -9.999919999999999920e-01 1.179230000000000000e-01 9.930149999999999810e-01 -4.014000000000000207e-03 9.930229999999999890e-01 -1.179209999999999980e-01 5.879999999999999810e-04
1.500000000000000000e+01 3.200000000000000000e+01 1.400000000000000000e+01 0.000000000000000000e+00 1.600000000000000089e+00 2.775999999999999822e-03 -2.062000000000000031e-03 -9.999940000000000495e-01 1.190620000000000012e-01 9.928850000000000176e-01 -1.716999999999999993e-03 9.928829999999999600e-01 -1.190569999999999962e-01 3.001000000000000195e-03
6.000000000000000000e+00 1.200000000000000000e+01 1.500000000000000000e+01 0.000000000000000000e+00 1.600000000000000089e+00 -1.154000000000000078e-03 -9.859999999999998974e-04 -9.999989999999999712e-01 -4.710050000000000070e-01 -8.821290000000000520e-01 1.413999999999999892e-03 -8.821299999999999697e-01 4.710070000000000090e-01 5.529999999999999976e-04
1.200000000000000000e+01 1.200000000000000000e+01 1.500000000000000000e+01 0.000000000000000000e+00 1.600000000000000089e+00 2.970000000000000092e-04 -6.549999999999999833e-04 -1.000000000000000000e+00 -4.716670000000000029e-01 -8.817770000000000330e-01 4.369999999999999970e-04 -8.817770000000000330e-01 4.716659999999999742e-01 -5.710000000000000015e-04
1.500000000000000000e+01 1.200000000000000000e+01 1.500000000000000000e+01 0.000000000000000000e+00 1.600000000000000089e+00 -1.054000000000000032e-03 -5.599999999999999916e-05 -9.999989999999999712e-01 -4.724439999999999751e-01 -8.813609999999999500e-01 5.469999999999999602e-04 -8.813600000000000323e-01 4.724439999999999751e-01 9.030000000000000483e-04
2.100000000000000000e+01 1.200000000000000000e+01 1.500000000000000000e+01 0.000000000000000000e+00 1.600000000000000089e+00 -2.082000000000000083e-03 -1.337999999999999997e-03 -9.999970000000000248e-01 -4.736799999999999899e-01 -8.806950000000000056e-01 2.164999999999999824e-03 -8.806950000000000056e-01 4.736830000000000207e-01 1.198999999999999979e-03
2.500000000000000000e+01 1.200000000000000000e+01 1.500000000000000000e+01 0.000000000000000000e+00 1.600000000000000089e+00 -2.579999999999999828e-04 2.049999999999999956e-04 -1.000000000000000000e+00 -4.739619999999999944e-01 -8.805450000000000221e-01 -5.800000000000000034e-05 -8.805450000000000221e-01 4.739619999999999944e-01 3.240000000000000150e-04
2.100000000000000000e+01 1.100000000000000000e+01 1.600000000000000000e+01 0.000000000000000000e+00 1.600000000000000089e+00 -1.600999999999999993e-03 -1.843000000000000020e-03 -9.999970000000000248e-01 -4.216550000000000020e-01 -9.067530000000000312e-01 2.345999999999999995e-03 -9.067549999999999777e-01 4.216579999999999773e-01 6.750000000000000357e-04
9.000000000000000000e+00 1.160000000000000000e+02 1.600000000000000000e+01 0.000000000000000000e+00 1.600000000000000089e+00 9.709999999999999664e-04 -4.368000000000000355e-03 9.999900000000000455e-01 6.645469999999999988e-01 7.472419999999999618e-01 2.618999999999999800e-03 -7.472459999999999658e-01 6.645370000000000443e-01 3.628000000000000148e-03
1.900000000000000000e+01 1.160000000000000000e+02 1.600000000000000000e+01 0.000000000000000000e+00 1.600000000000000089e+00 -2.011000000000000201e-03 4.029999999999999837e-04 9.999980000000000535e-01 6.704510000000000192e-01 7.419529999999999736e-01 1.049999999999999935e-03 -7.419510000000000272e-01 6.704520000000000479e-01 -1.761999999999999894e-03
2.600000000000000000e+01 1.160000000000000000e+02 1.600000000000000000e+01 0.000000000000000000e+00 1.600000000000000089e+00 1.526000000000000013e-03 2.040999999999999846e-03 9.999970000000000248e-01 6.952760000000000051e-01 7.187379999999999880e-01 -2.527999999999999865e-03 -7.187409999999999632e-01 6.952779999999999516e-01 -3.220000000000000206e-04
2.000000000000000000e+00 2.000000000000000000e+00 1.900000000000000000e+01 0.000000000000000000e+00 1.600000000000000089e+00 2.480000000000000000e-03 -4.784000000000000058e-03 -9.999850000000000128e-01 2.100180000000000102e-01 -9.776839999999999975e-01 5.198000000000000363e-03 -9.776939999999999520e-01 -2.100279999999999925e-01 -1.420000000000000038e-03
5.000000000000000000e+00 2.000000000000000000e+00 1.900000000000000000e+01 0.000000000000000000e+00 1.600000000000000089e+00 2.269999999999999882e-04 -4.721000000000000370e-03 -9.999890000000000168e-01 2.087900000000000034e-01 -9.779489999999999572e-01 4.664999999999999876e-03 -9.779600000000000515e-01 -2.087890000000000024e-01 7.640000000000000306e-04
1.400000000000000000e+01 2.000000000000000000e+00 1.900000000000000000e+01 0.000000000000000000e+00 1.600000000000000089e+00 -1.330000000000000073e-04 -1.776999999999999934e-03 -9.999980000000000535e-01 2.109580000000000066e-01 -9.774939999999999740e-01 1.709000000000000016e-03 -9.774950000000000028e-01 -2.109580000000000066e-01 5.050000000000000235e-04
1.800000000000000000e+01 2.000000000000000000e+00 1.900000000000000000e+01 0.000000000000000000e+00 1.600000000000000089e+00 4.949999999999999973e-04 -4.993000000000000042e-03 -9.999869999999999592e-01 2.152030000000000054e-01 -9.765570000000000084e-01 4.982999999999999582e-03 -9.765690000000000204e-01 -2.152030000000000054e-01 5.910000000000000539e-04
2.200000000000000000e+01 2.000000000000000000e+00 1.900000000000000000e+01 0.000000000000000000e+00 1.600000000000000089e+00 7.649999999999999465e-04 -1.375499999999999987e-02 -9.999050000000000438e-01 2.197939999999999894e-01 -9.754519999999999857e-01 1.358700000000000012e-02 -9.755460000000000242e-01 -2.197830000000000061e-01 2.275999999999999811e-03
2.500000000000000000e+01 2.000000000000000000e+00 1.900000000000000000e+01 0.000000000000000000e+00 1.600000000000000089e+00 -9.479999999999999495e-04 -1.017200000000000049e-02 -9.999479999999999480e-01 2.203809999999999936e-01 -9.753659999999999553e-01 9.712999999999999412e-03 -9.754129999999999745e-01 -2.203600000000000003e-01 3.165999999999999977e-03
4.000000000000000000e+00 1.300000000000000000e+01 2.000000000000000000e+01 0.000000000000000000e+00 1.600000000000000089e+00 5.320000000000000293e-04 -2.700000000000000035e-04 1.000000000000000000e+00 2.556769999999999876e-01 9.667620000000000102e-01 1.250000000000000026e-04 -9.667620000000000102e-01 2.556769999999999876e-01 5.839999999999999922e-04
8.000000000000000000e+00 1.300000000000000000e+01 2.000000000000000000e+01 0.000000000000000000e+00 1.600000000000000089e+00 -1.575999999999999927e-03 -4.349999999999999700e-03 9.999890000000000168e-01 2.576539999999999941e-01 9.662260000000000293e-01 4.609000000000000249e-03 -9.662359999999999838e-01 2.576579999999999981e-01 -4.020000000000000136e-04
1.500000000000000000e+01 1.300000000000000000e+01 2.000000000000000000e+01 0.000000000000000000e+00 1.600000000000000089e+00 7.700000000000000139e-05 1.520000000000000084e-04 1.000000000000000000e+00 2.591040000000000010e-01 9.658489999999999576e-01 -1.669999999999999935e-04 -9.658489999999999576e-01 2.591040000000000010e-01 3.499999999999999693e-05
1.900000000000000000e+01 1.300000000000000000e+01 2.000000000000000000e+01 0.000000000000000000e+00 1.600000000000000089e+00 -8.769999999999999584e-04 2.811999999999999830e-03 9.999959999999999960e-01 2.608880000000000088e-01 9.653659999999999464e-01 -2.485999999999999929e-03 -9.653690000000000326e-01 2.608849999999999780e-01 -1.580000000000000024e-03
2.300000000000000000e+01 1.300000000000000000e+01 2.000000000000000000e+01 0.000000000000000000e+00 1.600000000000000089e+00 -6.470000000000000057e-04 2.209000000000000026e-03 9.999970000000000248e-01 2.607670000000000265e-01 9.654000000000000359e-01 -1.964000000000000034e-03 -9.654019999999999824e-01 2.607650000000000245e-01 -1.201000000000000028e-03
2.600000000000000000e+01 1.300000000000000000e+01 2.000000000000000000e+01 0.000000000000000000e+00 1.600000000000000089e+00 -3.400000000000000244e-04 1.325000000000000006e-03 9.999989999999999712e-01 2.603230000000000266e-01 9.655209999999999626e-01 -1.191000000000000001e-03 -9.655219999999999914e-01 2.603219999999999978e-01 -6.729999999999999871e-04
7.000000000000000000e+00 1.600000000000000000e+01 2.100000000000000000e+01 0.000000000000000000e+00 1.600000000000000089e+00 -8.429999999999999993e-04 -4.409999999999999858e-03 9.999900000000000455e-01 3.007050000000000001e-01 9.537069999999999714e-01 4.459000000000000290e-03 -9.537170000000000369e-01 3.007059999999999733e-01 5.220000000000000031e-04
1.200000000000000000e+01 1.600000000000000000e+01 2.100000000000000000e+01 0.000000000000000000e+00 1.600000000000000089e+00 -6.390000000000000280e-04 -2.631000000000000092e-03 9.999959999999999960e-01 3.019669999999999854e-01 9.533150000000000235e-01 2.700999999999999842e-03 -9.533179999999999987e-01 3.019669999999999854e-01 1.849999999999999973e-04
2.300000000000000000e+01 1.600000000000000000e+01 2.100000000000000000e+01 0.000000000000000000e+00 1.600000000000000089e+00 -1.134000000000000025e-03 1.293000000000000095e-03 9.999989999999999712e-01 3.021209999999999729e-01 9.532690000000000330e-01 -8.899999999999999491e-04 -9.532690000000000330e-01 3.021199999999999997e-01 -1.472000000000000001e-03
2.900000000000000000e+01 1.600000000000000000e+01 2.100000000000000000e+01 0.000000000000000000e+00 1.600000000000000089e+00 -4.459999999999999989e-04 1.075000000000000001e-03 9.999989999999999712e-01 3.023919999999999941e-01 9.531830000000000025e-01 -8.899999999999999491e-04 -9.531830000000000025e-01 3.023919999999999941e-01 -7.500000000000000156e-04
1.500000000000000000e+01 4.600000000000000000e+01 2.700000000000000000e+01 0.000000000000000000e+00 1.600000000000000089e+00 1.440000000000000091e-03 2.762999999999999831e-03 -9.999949999999999672e-01 6.618779999999999664e-01 7.496049999999999658e-01 3.024000000000000212e-03 7.496099999999999985e-01 -6.618789999999999951e-01 -7.489999999999999913e-04
2.200000000000000000e+01 4.600000000000000000e+01 2.700000000000000000e+01 0.000000000000000000e+00 1.600000000000000089e+00 -4.028999999999999596e-03 -3.122999999999999908e-03 -9.999869999999999592e-01 6.592139999999999667e-01 7.519390000000000240e-01 -5.004999999999999900e-03 7.519439999999999458e-01 -6.592259999999999787e-01 -9.709999999999999664e-04
2.700000000000000000e+01 4.600000000000000000e+01 2.700000000000000000e+01 0.000000000000000000e+00 1.600000000000000089e+00 6.669999999999999497e-04 1.665999999999999946e-03 -9.999980000000000535e-01 6.554759999999999476e-01 7.552140000000000519e-01 1.696000000000000025e-03 7.552159999999999984e-01 -6.554759999999999476e-01 -5.879999999999999810e-04
1.600000000000000000e+01 4.600000000000000000e+01 3.000000000000000000e+01 0.000000000000000000e+00 1.600000000000000089e+00 9.470000000000000336e-04 1.015999999999999976e-03 -9.999989999999999712e-01 3.218230000000000257e-01 9.467989999999999462e-01 1.265999999999999981e-03 9.467989999999999462e-01 -3.218239999999999990e-01 5.689999999999999529e-04
2.000000000000000000e+01 4.600000000000000000e+01 3.000000000000000000e+01 0.000000000000000000e+00 1.600000000000000089e+00 -1.311000000000000099e-03 -3.648999999999999900e-03 -9.999919999999999920e-01 3.179890000000000216e-01 9.480870000000000131e-01 -3.876000000000000105e-03 9.480939999999999923e-01 -3.179910000000000236e-01 -8.299999999999999815e-05
2.600000000000000000e+01 4.600000000000000000e+01 3.000000000000000000e+01 0.000000000000000000e+00 1.600000000000000089e+00 -2.489999999999999809e-04 1.317000000000000028e-03 -9.999989999999999712e-01 3.174040000000000195e-01 9.482899999999999663e-01 1.170000000000000033e-03 9.482899999999999663e-01 -3.174029999999999907e-01 -6.539999999999999590e-04
2.000000000000000000e+00 5.800000000000000000e+01 3.100000000000000000e+01 0.000000000000000000e+00 1.600000000000000089e+00 6.662000000000000387e-03 1.079699999999999931e-02 9.999200000000000310e-01 -7.729559999999999764e-01 -6.343459999999999654e-01 1.200000000000000025e-02 6.344250000000000167e-01 -7.729740000000000499e-01 4.119000000000000265e-03
1.000000000000000000e+01 5.800000000000000000e+01 3.100000000000000000e+01 0.000000000000000000e+00 1.600000000000000089e+00 -3.014999999999999885e-03 -6.231999999999999693e-03 9.999759999999999760e-01 -7.757849999999999469e-01 -6.309669999999999446e-01 -6.270999999999999665e-03 6.309909999999999686e-01 -7.757849999999999469e-01 -2.932000000000000144e-03
1.400000000000000000e+01 5.800000000000000000e+01 3.100000000000000000e+01 0.000000000000000000e+00 1.600000000000000089e+00 2.039000000000000014e-03 -4.409999999999999858e-04 9.999980000000000535e-01 -7.767730000000000468e-01 -6.297800000000000065e-01 1.307000000000000002e-03 6.297779999999999490e-01 -7.767739999999999645e-01 -1.626999999999999974e-03
2.200000000000000000e+01 5.800000000000000000e+01 3.100000000000000000e+01 0.000000000000000000e+00 1.600000000000000089e+00 -1.350000000000000071e-03 -2.108000000000000065e-03 9.999970000000000248e-01 -7.791540000000000132e-01 -6.268289999999999695e-01 -2.373000000000000109e-03 6.268319999999999448e-01 -7.791540000000000132e-01 -7.960000000000000495e-04
2.800000000000000000e+01 5.800000000000000000e+01 3.100000000000000000e+01 0.000000000000000000e+00 1.600000000000000089e+00 -3.612999999999999892e-03 -4.004999999999999880e-03 9.999860000000000415e-01 -7.766990000000000283e-01 -6.298500000000000210e-01 -5.329000000000000403e-03 6.298620000000000330e-01 -7.767070000000000363e-01 -8.350000000000000217e-04
6.000000000000000000e+00 4.600000000000000000e+01 3.500000000000000000e+01 0.000000000000000000e+00 1.600000000000000089e+00 7.439999999999999782e-04 -2.387999999999999932e-03 -9.999970000000000248e-01 3.851999999999999869e-01 -9.228300000000000392e-01 2.490000000000000026e-03 -9.228330000000000144e-01 -3.852010000000000156e-01 2.329999999999999986e-04
9.000000000000000000e+00 4.600000000000000000e+01 3.500000000000000000e+01 0.000000000000000000e+00 1.600000000000000089e+00 6.130000000000000466e-04 -2.467000000000000009e-03 -9.999970000000000248e-01 3.847289999999999877e-01 -9.230260000000000131e-01 2.513000000000000043e-03 -9.230300000000000171e-01 -3.847289999999999877e-01 3.829999999999999854e-04
1.300000000000000000e+01 4.600000000000000000e+01 3.500000000000000000e+01 0.000000000000000000e+00 1.600000000000000089e+00 -4.300000000000000165e-05 -3.838999999999999965e-03 -9.999930000000000208e-01 3.853690000000000171e-01 -9.227560000000000207e-01 3.526000000000000054e-03 -9.227629999999999999e-01 -3.853659999999999863e-01 1.520000000000000084e-03
1.700000000000000000e+01 4.600000000000000000e+01 3.500000000000000000e+01 0.000000000000000000e+00 1.600000000000000089e+00 3.899999999999999929e-04 -5.768999999999999823e-03 -9.999829999999999552e-01 3.854779999999999873e-01 -9.227009999999999934e-01 5.473999999999999699e-03 -9.227170000000000094e-01 -3.854730000000000101e-01 1.863999999999999988e-03
2.000000000000000000e+01 4.600000000000000000e+01 3.500000000000000000e+01 0.000000000000000000e+00 1.600000000000000089e+00 7.700000000000000139e-05 -1.177000000000000095e-03 -9.999989999999999712e-01 3.851010000000000266e-01 -9.228739999999999721e-01 1.116000000000000021e-03 -9.228750000000000009e-01 -3.851010000000000266e-01 3.829999999999999854e-04
2.600000000000000000e+01 4.600000000000000000e+01 3.500000000000000000e+01 0.000000000000000000e+00 1.600000000000000089e+00 1.779999999999999898e-04 -1.369999999999999961e-04 -1.000000000000000000e+00 3.855279999999999818e-01 -9.226959999999999607e-01 1.949999999999999965e-04 -9.226959999999999607e-01 -3.855279999999999818e-01 -1.119999999999999983e-04
3.000000000000000000e+01 4.600000000000000000e+01 3.500000000000000000e+01 0.000000000000000000e+00 1.600000000000000089e+00 1.098000000000000018e-03 -1.404000000000000083e-03 -9.999980000000000535e-01 3.845700000000000229e-01 -9.230939999999999701e-01 1.717999999999999909e-03 -9.230949999999999989e-01 -3.845709999999999962e-01 -4.730000000000000046e-04
3.000000000000000000e+00 9.500000000000000000e+01 3.600000000000000000e+01 0.000000000000000000e+00 1.600000000000000089e+00 -2.829999999999999942e-04 3.314199999999999785e-02 9.994509999999999783e-01 9.980879999999999752e-01 6.177900000000000058e-02 -1.765000000000000076e-03 -6.180299999999999683e-02 9.975399999999999823e-01 -3.309600000000000042e-02
1.000000000000000000e+01 9.500000000000000000e+01 3.600000000000000000e+01 0.000000000000000000e+00 1.600000000000000089e+00 -5.452000000000000249e-03 -1.765900000000000108e-02 9.998289999999999678e-01 9.973400000000000043e-01 7.258199999999999374e-02 6.721000000000000411e-03 -7.268800000000000261e-02 9.972060000000000368e-01 1.721599999999999867e-02
1.500000000000000000e+01 9.500000000000000000e+01 3.600000000000000000e+01 0.000000000000000000e+00 1.600000000000000089e+00 3.582999999999999814e-03 1.494499999999999995e-02 9.998820000000000485e-01 9.975180000000000158e-01 7.026399999999999313e-02 -4.624999999999999771e-03 -7.032499999999999862e-02 9.974159999999999693e-01 -1.465600000000000062e-02
2.000000000000000000e+01 9.500000000000000000e+01 3.600000000000000000e+01 0.000000000000000000e+00 1.600000000000000089e+00 -1.810000000000000085e-04 -1.069999999999999988e-03 9.999989999999999712e-01 9.975950000000000095e-01 6.930899999999999561e-02 2.539999999999999940e-04 -6.930899999999999561e-02 9.975950000000000095e-01 1.054999999999999948e-03
2.500000000000000000e+01 9.500000000000000000e+01 3.600000000000000000e+01 0.000000000000000000e+00 1.600000000000000089e+00 2.971999999999999816e-03 -1.778000000000000067e-02 9.998380000000000045e-01 9.973950000000000315e-01 7.211199999999999555e-02 -1.681999999999999901e-03 -7.207099999999999618e-02 9.972379999999999578e-01 1.794799999999999868e-02
3.000000000000000000e+00 3.000000000000000000e+00 4.300000000000000000e+01 0.000000000000000000e+00 1.600000000000000089e+00 6.875000000000000035e-03 2.110700000000000076e-02 -9.997540000000000315e-01 7.411229999999999762e-01 -6.713080000000000158e-01 -9.076000000000000734e-03 -6.713339999999999863e-01 -7.408780000000000365e-01 -2.025800000000000170e-02
7.000000000000000000e+00 3.000000000000000000e+00 4.300000000000000000e+01 0.000000000000000000e+00 1.600000000000000089e+00 -8.220000000000000310e-04 9.887999999999999221e-03 -9.999510000000000343e-01 7.410959999999999770e-01 -6.713590000000000391e-01 -7.248000000000000102e-03 -6.713980000000000503e-01 -7.410660000000000025e-01 -6.775999999999999905e-03
1.200000000000000000e+01 3.000000000000000000e+00 4.300000000000000000e+01 0.000000000000000000e+00 1.600000000000000089e+00 -3.429999999999999889e-04 5.630000000000000239e-04 -1.000000000000000000e+00 7.365939999999999710e-01 -6.763350000000000195e-01 -6.329999999999999906e-04 -6.763350000000000195e-01 -7.365939999999999710e-01 -1.820000000000000057e-04
1.500000000000000000e+01 3.000000000000000000e+00 4.300000000000000000e+01 0.000000000000000000e+00 1.600000000000000089e+00 -2.066999999999999827e-03 -4.551999999999999623e-03 -9.999869999999999592e-01 7.346960000000000157e-01 -6.783949999999999703e-01 1.569000000000000082e-03 -6.783930000000000238e-01 -7.346840000000000037e-01 4.746000000000000218e-03
2.000000000000000000e+01 3.000000000000000000e+00 4.300000000000000000e+01 0.000000000000000000e+00 1.600000000000000089e+00 -1.570999999999999914e-03 -1.131199999999999914e-02 -9.999350000000000183e-01 7.378900000000000459e-01 -6.748899999999999899e-01 6.475999999999999986e-03 -6.749190000000000467e-01 -7.378310000000000146e-01 9.407000000000000431e-03
2.200000000000000000e+01 3.000000000000000000e+00 4.300000000000000000e+01 0.000000000000000000e+00 1.600000000000000089e+00 -2.616999999999999969e-03 -2.087100000000000066e-02 -9.997789999999999733e-01 7.388719999999999732e-01 -6.737370000000000303e-01 1.213099999999999942e-02 -6.738410000000000233e-01 -7.386770000000000280e-01 1.718400000000000136e-02
2.900000000000000000e+01 3.000000000000000000e+00 4.300000000000000000e+01 0.000000000000000000e+00 1.600000000000000089e+00 -5.802999999999999999e-03 -1.322100000000000011e-02 -9.998960000000000070e-01 7.415420000000000345e-01 -6.708910000000000151e-01 4.566999999999999879e-03 -6.708809999999999496e-01 -7.414380000000000415e-01 1.369700000000000084e-02
8.000000000000000000e+00 8.000000000000000000e+00 4.400000000000000000e+01 0.000000000000000000e+00 1.600000000000000089e+00 3.523999999999999789e-03 9.953000000000000042e-03 9.999440000000000550e-01 -7.792869999999999520e-01 -6.266030000000000211e-01 8.984000000000000666e-03 6.266570000000000196e-01 -7.792750000000000510e-01 5.547999999999999980e-03
2.200000000000000000e+01 8.000000000000000000e+00 4.400000000000000000e+01 0.000000000000000000e+00 1.600000000000000089e+00 -3.289999999999999956e-03 -7.366000000000000152e-03 9.999670000000000503e-01 -7.757399999999999851e-01 -6.310120000000000173e-01 -7.199999999999999803e-03 6.310440000000000493e-01 -7.757380000000000386e-01 -3.638000000000000175e-03
2.000000000000000000e+00 2.900000000000000000e+01 4.400000000000000000e+01 0.000000000000000000e+00 1.600000000000000089e+00 2.766999999999999928e-03 2.015999999999999997e-03 -9.999940000000000495e-01 6.747779999999999889e-01 7.380130000000000301e-01 3.356000000000000042e-03 7.380149999999999766e-01 -6.747830000000000217e-01 6.819999999999999890e-04
7.000000000000000000e+00 2.900000000000000000e+01 4.400000000000000000e+01 0.000000000000000000e+00 1.600000000000000089e+00 -5.890000000000000053e-04 3.100000000000000135e-05 -1.000000000000000000e+00 6.696290000000000298e-01 7.426949999999999941e-01 -3.710000000000000190e-04 7.426949999999999941e-01 -6.696299999999999475e-01 -4.580000000000000195e-04
1.300000000000000000e+01 2.900000000000000000e+01 4.400000000000000000e+01 0.000000000000000000e+00 1.600000000000000089e+00 -1.649999999999999991e-03 -1.550000000000000000e-04 -9.999989999999999712e-01 6.756429999999999936e-01 7.372279999999999944e-01 -1.229000000000000058e-03 7.372269999999999657e-01 -6.756440000000000223e-01 -1.111000000000000008e-03
1.700000000000000000e+01 2.900000000000000000e+01 4.400000000000000000e+01 0.000000000000000000e+00 1.600000000000000089e+00 -2.367999999999999879e-03 -2.151000000000000134e-03 -9.999949999999999672e-01 6.795269999999999921e-01 7.336430000000000451e-01 -3.187000000000000163e-03 7.336460000000000203e-01 -6.795309999999999961e-01 -2.759999999999999867e-04
2.600000000000000000e+01 2.900000000000000000e+01 4.400000000000000000e+01 0.000000000000000000e+00 1.600000000000000089e+00 -3.810000000000000019e-03 5.680000000000000370e-04 -9.999930000000000208e-01 6.641040000000000276e-01 7.476380000000000248e-01 -2.105000000000000100e-03 7.476310000000000455e-01 -6.641070000000000029e-01 -3.226000000000000135e-03
1.900000000000000000e+01 5.400000000000000000e+01 4.600000000000000000e+01 0.000000000000000000e+00 1.600000000000000089e+00 -5.159999999999999656e-04 -3.628999999999999847e-03 9.999930000000000208e-01 3.289139999999999842e-01 -9.443540000000000267e-01 -3.256999999999999913e-03 9.443599999999999772e-01 3.289099999999999802e-01 1.680999999999999986e-03
1.600000000000000000e+01 7.400000000000000000e+01 4.900000000000000000e+01 0.000000000000000000e+00 1.600000000000000089e+00 -3.154000000000000119e-03 -3.249999999999999851e-04 9.999949999999999672e-01 -9.798940000000000428e-01 1.994970000000000077e-01 -3.026000000000000044e-03 -1.994950000000000057e-01 -9.798980000000000468e-01 -9.470000000000000336e-04
4.000000000000000000e+00 7.000000000000000000e+00 5.200000000000000000e+01 0.000000000000000000e+00 1.600000000000000089e+00 5.819000000000000387e-03 3.635999999999999909e-03 -9.999770000000000048e-01 7.256899999999999462e-02 -9.973579999999999668e-01 -3.203999999999999817e-03 -9.973459999999999548e-01 -7.254900000000000237e-02 -6.067000000000000344e-03
7.000000000000000000e+00 6.300000000000000000e+01 5.400000000000000000e+01 0.000000000000000000e+00 1.600000000000000089e+00 1.670999999999999959e-03 -5.599999999999999509e-04 9.999980000000000535e-01 -3.500920000000000143e-01 9.367149999999999643e-01 1.110000000000000092e-03 -9.367140000000000466e-01 -3.500940000000000163e-01 1.368999999999999991e-03
1.200000000000000000e+01 6.300000000000000000e+01 5.400000000000000000e+01 0.000000000000000000e+00 1.600000000000000089e+00 -5.069999999999999637e-04 -2.418000000000000010e-03 9.999970000000000248e-01 -3.567969999999999753e-01 9.341800000000000104e-01 2.077999999999999986e-03 -9.341819999999999569e-01 -3.567949999999999733e-01 -1.335999999999999948e-03
2.000000000000000000e+01 6.300000000000000000e+01 5.400000000000000000e+01 0.000000000000000000e+00 1.600000000000000089e+00 1.179999999999999951e-04 2.644000000000000083e-03 9.999959999999999960e-01 -3.524089999999999723e-01 9.358429999999999804e-01 -2.432999999999999833e-03 -9.358459999999999557e-01 -3.524070000000000258e-01 1.041999999999999958e-03
2.400000000000000000e+01 6.300000000000000000e+01 5.400000000000000000e+01 0.000000000000000000e+00 1.600000000000000089e+00 -1.583999999999999905e-03 1.515000000000000071e-03 9.999980000000000535e-01 -3.503720000000000168e-01 9.366090000000000249e-01 -1.974000000000000060e-03 -9.366090000000000249e-01 -3.503740000000000188e-01 -9.529999999999999626e-04
2.900000000000000000e+01 6.300000000000000000e+01 5.400000000000000000e+01 0.000000000000000000e+00 1.600000000000000089e+00 -9.100000000000000287e-05 -1.054000000000000032e-03 9.999989999999999712e-01 -3.469409999999999994e-01 9.378870000000000262e-01 9.560000000000000355e-04 -9.378870000000000262e-01 -3.469400000000000261e-01 -4.510000000000000120e-04
2.000000000000000000e+00 2.500000000000000000e+01 5.500000000000000000e+01 0.000000000000000000e+00 1.600000000000000089e+00 -1.376999999999999969e-03 -1.626000000000000058e-03 -9.999980000000000535e-01 -1.259399999999999929e-02 -9.999190000000000023e-01 1.642999999999999929e-03 -9.999200000000000310e-01 1.259599999999999956e-02 1.356999999999999916e-03
1.400000000000000000e+01 2.500000000000000000e+01 5.500000000000000000e+01 0.000000000000000000e+00 1.600000000000000089e+00 1.002999999999999985e-03 -1.263999999999999933e-03 -9.999989999999999712e-01 -1.071599999999999983e-02 -9.999419999999999975e-01 1.253999999999999906e-03 -9.999419999999999975e-01 1.071500000000000057e-02 -1.015999999999999976e-03
2.600000000000000000e+01 2.500000000000000000e+01 5.500000000000000000e+01 0.000000000000000000e+00 1.600000000000000089e+00 1.345000000000000058e-03 1.229000000000000058e-03 -9.999980000000000535e-01 -1.071399999999999957e-02 -9.999419999999999975e-01 -1.244000000000000097e-03 -9.999419999999999975e-01 1.071500000000000057e-02 -1.332000000000000068e-03
1.800000000000000000e+01 6.800000000000000000e+01 5.700000000000000000e+01 0.000000000000000000e+00 1.600000000000000089e+00 1.830000000000000029e-03 -2.432000000000000134e-03 -9.999949999999999672e-01 -2.438140000000000029e-01 -9.698200000000000154e-01 1.912999999999999987e-03 -9.698200000000000154e-01 2.438089999999999979e-01 -2.367999999999999879e-03
5.000000000000000000e+00 5.800000000000000000e+01 5.900000000000000000e+01 0.000000000000000000e+00 1.600000000000000089e+00 2.158000000000000196e-03 4.400000000000000265e-03 -9.999879999999999880e-01 3.930179999999999785e-01 9.195179999999999465e-01 4.893999999999999913e-03 9.195280000000000120e-01 -3.930230000000000112e-01 2.550000000000000183e-04
9.000000000000000000e+00 2.100000000000000000e+01 6.000000000000000000e+01 0.000000000000000000e+00 1.600000000000000089e+00 1.679999999999999907e-04 1.593000000000000015e-03 9.999989999999999712e-01 -9.636599999999999333e-02 9.953450000000000353e-01 -1.569999999999999998e-03 -9.953459999999999530e-01 -9.636500000000000621e-02 3.209999999999999963e-04
1.300000000000000000e+01 2.100000000000000000e+01 6.000000000000000000e+01 0.000000000000000000e+00 1.600000000000000089e+00 -1.191000000000000001e-03 7.540000000000000044e-04 9.999989999999999712e-01 -9.502299999999999636e-02 9.954749999999999988e-01 -8.639999999999999677e-04 -9.954739999999999700e-01 -9.502399999999999736e-02 -1.113999999999999973e-03
2.000000000000000000e+01 2.100000000000000000e+01 6.000000000000000000e+01 0.000000000000000000e+00 1.600000000000000089e+00 -3.770000000000000022e-04 -5.714000000000000329e-03 9.999839999999999840e-01 -9.566299999999999804e-02 9.953980000000000050e-01 5.651999999999999906e-03 -9.954140000000000210e-01 -9.565899999999999403e-02 -9.219999999999999680e-04
2.700000000000000000e+01 2.100000000000000000e+01 6.000000000000000000e+01 0.000000000000000000e+00 1.600000000000000089e+00 8.500000000000000611e-05 3.614000000000000025e-03 9.999940000000000495e-01 -9.615200000000000136e-02 9.953600000000000225e-01 -3.589000000000000176e-03 -9.953670000000000018e-01 -9.615100000000000036e-02 4.319999999999999838e-04
8.000000000000000000e+00 6.000000000000000000e+00 6.100000000000000000e+01 0.000000000000000000e+00 1.600000000000000089e+00 -7.010000000000000172e-04 9.600000000000000243e-04 9.999989999999999712e-01 5.604209999999999470e-01 -8.282070000000000265e-01 1.188000000000000037e-03 8.282070000000000265e-01 5.604219999999999757e-01 4.300000000000000165e-05
2.200000000000000000e+01 6.000000000000000000e+00 6.100000000000000000e+01 0.000000000000000000e+00 1.600000000000000089e+00 1.596999999999999895e-03 6.335000000000000353e-03 9.999789999999999512e-01 5.592420000000000169e-01 -8.289929999999999799e-01 4.359000000000000027e-03 8.290030000000000454e-01 5.592230000000000256e-01 -4.866999999999999799e-03
2.400000000000000000e+01 4.000000000000000000e+00 6.200000000000000000e+01 0.000000000000000000e+00 1.600000000000000089e+00 -1.621999999999999961e-03 -2.220000000000000185e-03 9.999959999999999960e-01 -6.130809999999999871e-01 7.900199999999999445e-01 7.590000000000000175e-04 -7.900190000000000268e-01 -6.130769999999999831e-01 -2.641999999999999817e-03
1.500000000000000000e+01 3.000000000000000000e+00 6.300000000000000000e+01 0.000000000000000000e+00 1.600000000000000089e+00 2.919999999999999961e-04 -3.739999999999999835e-03 9.999930000000000208e-01 -6.109029999999999738e-01 7.916999999999999593e-01 3.139999999999999996e-03 -7.917060000000000208e-01 -6.108989999999999698e-01 -2.053999999999999836e-03
4.000000000000000000e+00 2.700000000000000000e+01 6.300000000000000000e+01 0.000000000000000000e+00 1.600000000000000089e+00 5.569999999999999864e-04 -3.531999999999999983e-03 9.999940000000000495e-01 -2.790389999999999815e-01 9.602730000000000432e-01 3.546999999999999806e-03 -9.602800000000000225e-01 -2.790389999999999815e-01 -4.510000000000000120e-04
