1.400000000000000000e+01 2.500000000000000000e+01 1.000000000000000000e+00 0.000000000000000000e+00 1.600000000000000089e+00 8.760000000000000425e-04 -9.055999999999999814e-03 -9.999590000000000423e-01 -5.267979999999999885e-01 -8.499600000000000488e-01 7.236000000000000244e-03 -8.499900000000000233e-01 5.267699999999999605e-01 -5.514999999999999937e-03
5.000000000000000000e+00 1.500000000000000000e+01 4.000000000000000000e+00 0.000000000000000000e+00 1.600000000000000089e+00 -1.142000000000000003e-03 -8.270000000000000441e-04 9.999989999999999712e-01 3.248770000000000269e-01 -9.457560000000000411e-01 -4.110000000000000155e-04 9.457550000000000123e-01 3.248770000000000269e-01 1.348000000000000023e-03
1.000000000000000000e+01 1.500000000000000000e+01 4.000000000000000000e+00 0.000000000000000000e+00 1.600000000000000089e+00 -2.020000000000000040e-04 4.759000000000000209e-03 9.999890000000000168e-01 3.231370000000000076e-01 -9.463409999999999878e-01 4.569000000000000145e-03 9.463519999999999710e-01 3.231350000000000056e-01 -1.345999999999999974e-03
1.700000000000000000e+01 1.500000000000000000e+01 4.000000000000000000e+00 0.000000000000000000e+00 1.600000000000000089e+00 2.626999999999999995e-03 1.077600000000000086e-02 9.999390000000000223e-01 3.200720000000000232e-01 -9.473470000000000502e-01 9.367999999999999591e-03 9.473899999999999544e-01 3.200279999999999792e-01 -5.937999999999999702e-03
2.400000000000000000e+01 1.500000000000000000e+01 4.000000000000000000e+00 0.000000000000000000e+00 1.600000000000000089e+00 -6.980000000000000527e-04 -2.762000000000000132e-03 9.999959999999999960e-01 3.267519999999999869e-01 -9.451070000000000304e-01 -2.382000000000000003e-03 9.451100000000000056e-01 3.267490000000000117e-01 1.562999999999999936e-03
3.000000000000000000e+01 1.500000000000000000e+01 4.000000000000000000e+00 0.000000000000000000e+00 1.600000000000000089e+00 -3.890000000000000228e-04 -8.975999999999999604e-03 9.999599999999999600e-01 3.213280000000000025e-01 -9.469309999999999672e-01 -8.375000000000000500e-03 9.469680000000000319e-01 3.213110000000000133e-01 3.252000000000000116e-03
8.000000000000000000e+00 1.010000000000000000e+02 7.000000000000000000e+00 0.000000000000000000e+00 1.600000000000000089e+00 1.735999999999999913e-03 -8.210000000000000067e-04 9.999980000000000535e-01 8.858070000000000110e-01 4.640520000000000200e-01 -1.155999999999999910e-03 -4.640500000000000180e-01 8.858080000000000398e-01 1.533000000000000074e-03
1.200000000000000000e+01 1.010000000000000000e+02 7.000000000000000000e+00 0.000000000000000000e+00 1.600000000000000089e+00 5.584999999999999687e-03 -1.578299999999999842e-02 9.998599999999999710e-01 8.907800000000000162e-01 4.544290000000000274e-01 2.197999999999999867e-03 -4.544000000000000261e-01 8.906429999999999625e-01 1.659800000000000164e-02
1.600000000000000000e+01 1.010000000000000000e+02 7.000000000000000000e+00 0.000000000000000000e+00 1.600000000000000089e+00 -1.291000000000000047e-03 1.358799999999999938e-02 9.999069999999999903e-01 8.919089999999999518e-01 4.521879999999999789e-01 -4.993000000000000042e-03 -4.522140000000000049e-01 8.918190000000000284e-01 -1.270300000000000075e-02
3.000000000000000000e+00 2.500000000000000000e+01 8.000000000000000000e+00 0.000000000000000000e+00 1.600000000000000089e+00 -1.964000000000000034e-03 3.248000000000000019e-03 -9.999930000000000208e-01 4.514210000000000167e-01 8.923090000000000188e-01 2.011999999999999900e-03 8.923090000000000188e-01 -4.514139999999999819e-01 -3.219000000000000073e-03
7.000000000000000000e+00 2.500000000000000000e+01 8.000000000000000000e+00 0.000000000000000000e+00 1.600000000000000089e+00 -2.923999999999999950e-03 2.409000000000000117e-03 -9.999930000000000208e-01 4.489799999999999902e-01 8.935410000000000297e-01 8.390000000000000105e-04 8.935370000000000257e-01 -4.489739999999999842e-01 -3.693999999999999801e-03
1.100000000000000000e+01 2.500000000000000000e+01 8.000000000000000000e+00 0.000000000000000000e+00 1.600000000000000089e+00 -1.448999999999999984e-03 -4.667000000000000141e-03 -9.999879999999999880e-01 4.484500000000000153e-01 8.937950000000000061e-01 -4.820999999999999765e-03 8.938070000000000181e-01 -4.484509999999999885e-01 7.979999999999999897e-04
1.800000000000000000e+01 2.500000000000000000e+01 8.000000000000000000e+00 0.000000000000000000e+00 1.600000000000000089e+00 -1.647999999999999942e-03 -3.400999999999999943e-03 -9.999930000000000208e-01 4.514460000000000139e-01 8.922909999999999453e-01 -3.778999999999999807e-03 8.922970000000000068e-01 -4.514489999999999892e-01 6.499999999999999431e-05
2.600000000000000000e+01 2.500000000000000000e+01 8.000000000000000000e+00 0.000000000000000000e+00 1.600000000000000089e+00 2.243000000000000202e-03 9.421000000000000554e-03 -9.999529999999999808e-01 4.510540000000000105e-01 8.924469999999999903e-01 9.419999999999999554e-03 8.924940000000000095e-01 -4.510540000000000105e-01 -2.247999999999999998e-03
2.000000000000000000e+00 2.400000000000000000e+01 9.000000000000000000e+00 0.000000000000000000e+00 1.600000000000000089e+00 -1.271999999999999910e-03 2.746999999999999876e-03 -9.999949999999999672e-01 4.564139999999999864e-01 8.897659999999999458e-01 1.863999999999999988e-03 8.897669999999999746e-01 -4.564090000000000091e-01 -2.386000000000000100e-03
9.000000000000000000e+00 2.400000000000000000e+01 9.000000000000000000e+00 0.000000000000000000e+00 1.600000000000000089e+00 -1.317999999999999944e-03 -1.423999999999999919e-03 -9.999980000000000535e-01 4.525319999999999898e-01 8.917460000000000386e-01 -1.866000000000000037e-03 8.917469999999999564e-01 -4.525339999999999918e-01 -5.310000000000000050e-04
1.100000000000000000e+01 2.400000000000000000e+01 9.000000000000000000e+00 0.000000000000000000e+00 1.600000000000000089e+00 -1.533999999999999990e-03 -6.176000000000000066e-03 -9.999799999999999800e-01 4.524909999999999766e-01 8.917469999999999564e-01 -6.200999999999999915e-03 8.917669999999999764e-01 -4.524920000000000053e-01 1.427000000000000100e-03
1.700000000000000000e+01 2.400000000000000000e+01 9.000000000000000000e+00 0.000000000000000000e+00 1.600000000000000089e+00 -1.773999999999999969e-03 -3.570000000000000040e-04 -9.999980000000000535e-01 4.547950000000000048e-01 8.905950000000000255e-01 -1.123999999999999999e-03 8.905939999999999968e-01 -4.547970000000000068e-01 -1.417000000000000074e-03
2.600000000000000000e+01 2.400000000000000000e+01 9.000000000000000000e+00 0.000000000000000000e+00 1.600000000000000089e+00 2.047999999999999907e-03 7.960000000000000062e-03 -9.999660000000000215e-01 4.550120000000000275e-01 8.904490000000000460e-01 8.019999999999999352e-03 8.904830000000000245e-01 -4.550130000000000008e-01 -1.799000000000000035e-03
8.000000000000000000e+00 4.000000000000000000e+00 1.100000000000000000e+01 0.000000000000000000e+00 1.600000000000000089e+00 3.547199999999999659e-02 -2.319150000000000100e-01 -9.720889999999999809e-01 8.176500000000000434e-02 9.701140000000000319e-01 -2.284599999999999964e-01 9.960200000000000164e-01 -7.137899999999999801e-02 5.337399999999999783e-02
1.600000000000000000e+01 4.000000000000000000e+00 1.100000000000000000e+01 0.000000000000000000e+00 1.600000000000000089e+00 -4.279499999999999971e-02 7.879500000000000393e-02 -9.959719999999999684e-01 1.550850000000000006e-01 9.853260000000000352e-01 7.128900000000000514e-02 9.869740000000000180e-01 -1.514099999999999890e-01 -5.438699999999999785e-02
2.200000000000000000e+01 4.000000000000000000e+00 1.100000000000000000e+01 0.000000000000000000e+00 1.600000000000000089e+00 -6.236000000000000223e-03 -2.463500000000000065e-02 -9.996770000000000378e-01 2.400380000000000014e-01 9.704310000000000436e-01 -2.541200000000000056e-02 9.707430000000000225e-01 -2.401189999999999991e-01 -1.379999999999999933e-04
1.600000000000000000e+01 3.100000000000000000e+01 1.200000000000000000e+01 0.000000000000000000e+00 1.600000000000000089e+00 -2.543999999999999821e-03 -1.516900000000000019e-02 9.998820000000000485e-01 -1.248100000000000077e-02 9.998080000000000300e-01 1.513600000000000015e-02 -9.999190000000000023e-01 -1.244100000000000067e-02 -2.733000000000000186e-03
4.000000000000000000e+00 3.500000000000000000e+01 1.200000000000000000e+01 0.000000000000000000e+00 1.600000000000000089e+00 -6.350999999999999875e-03 -3.950000000000000061e-04 -9.999799999999999800e-01 4.858489999999999753e-01 -8.740390000000000104e-01 -2.739999999999999814e-03 -8.740200000000000191e-01 -4.858560000000000101e-01 5.742999999999999841e-03
1.400000000000000000e+01 3.500000000000000000e+01 1.200000000000000000e+01 0.000000000000000000e+00 1.600000000000000089e+00 5.283999999999999635e-03 -5.942000000000000233e-03 -9.999679999999999680e-01 5.007319999999999549e-01 -8.655669999999999753e-01 7.790000000000000049e-03 -8.655859999999999665e-01 -5.007570000000000077e-01 -1.598000000000000028e-03
2.800000000000000000e+01 3.500000000000000000e+01 1.200000000000000000e+01 0.000000000000000000e+00 1.600000000000000089e+00 -1.430999999999999980e-03 8.815999999999999184e-03 -9.999599999999999600e-01 4.445799999999999752e-01 -8.956990000000000229e-01 -8.533999999999999919e-03 -8.957380000000000342e-01 -4.445740000000000247e-01 -2.637000000000000021e-03
1.100000000000000000e+01 3.200000000000000000e+01 1.400000000000000000e+01 0.000000000000000000e+00 1.600000000000000089e+00 2.410000000000000033e-04 3.071799999999999878e-02 -9.995279999999999720e-01 1.044780000000000014e-01 9.940569999999999684e-01 3.057599999999999901e-02 9.945270000000000499e-01 -1.044360000000000011e-01 -2.968999999999999851e-03
1.700000000000000000e+01 3.200000000000000000e+01 1.400000000000000000e+01 0.000000000000000000e+00 1.600000000000000089e+00 -6.639999999999999852e-04 -2.244399999999999867e-02 -9.997479999999999700e-01 1.067469999999999947e-01 9.940339999999999732e-01 -2.238700000000000065e-02 9.942860000000000031e-01 -1.067349999999999965e-01 1.734999999999999997e-03
1.700000000000000000e+01 1.200000000000000000e+01 1.500000000000000000e+01 0.000000000000000000e+00 1.600000000000000089e+00 1.855000000000000095e-03 6.623999999999999680e-03 -9.999759999999999760e-01 -4.798450000000000215e-01 -8.773279999999999967e-01 -6.701999999999999624e-03 -8.773509999999999920e-01 4.798459999999999948e-01 1.551000000000000078e-03
1.900000000000000000e+01 2.000000000000000000e+00 1.900000000000000000e+01 0.000000000000000000e+00 1.600000000000000089e+00 -1.631099999999999911e-02 2.570300000000000015e-02 -9.995370000000000088e-01 2.316410000000000136e-01 -9.723749999999999893e-01 -2.878400000000000056e-02 -9.726650000000000018e-01 -2.320029999999999870e-01 9.905999999999999875e-03
2.400000000000000000e+01 2.000000000000000000e+00 1.900000000000000000e+01 0.000000000000000000e+00 1.600000000000000089e+00 -3.138999999999999863e-03 2.671999999999999896e-03 -9.999919999999999920e-01 2.154500000000000026e-01 -9.765089999999999604e-01 -3.285999999999999859e-03 -9.765099999999999891e-01 -2.154580000000000106e-01 2.490000000000000026e-03
2.800000000000000000e+01 2.000000000000000000e+00 1.900000000000000000e+01 0.000000000000000000e+00 1.600000000000000089e+00 9.959999999999999236e-04 1.920000000000000049e-03 -9.999980000000000535e-01 2.142550000000000010e-01 -9.767759999999999776e-01 -1.662000000000000066e-03 -9.767770000000000064e-01 -2.142519999999999980e-01 -1.384999999999999946e-03
1.500000000000000000e+01 3.000000000000000000e+00 1.900000000000000000e+01 0.000000000000000000e+00 1.600000000000000089e+00 2.099300000000000124e-02 4.017600000000000338e-02 -9.989719999999999711e-01 2.493799999999999906e-01 -9.678200000000000136e-01 -3.368299999999999766e-02 -9.681779999999999831e-01 -2.484159999999999979e-01 -3.033599999999999838e-02
1.000000000000000000e+01 4.000000000000000000e+00 2.000000000000000000e+01 0.000000000000000000e+00 1.600000000000000089e+00 1.142999999999999919e-03 1.921300000000000091e-02 -9.998150000000000093e-01 3.011490000000000000e-01 -9.534080000000000332e-01 -1.797699999999999992e-02 -9.535759999999999792e-01 -3.010729999999999795e-01 -6.876000000000000167e-03
1.600000000000000000e+01 4.000000000000000000e+00 2.000000000000000000e+01 0.000000000000000000e+00 1.600000000000000089e+00 -4.578999999999999737e-03 2.867000000000000104e-02 -9.995779999999999665e-01 2.954330000000000012e-01 -9.549309999999999743e-01 -2.874300000000000119e-02 -9.553519999999999790e-01 -2.954399999999999804e-01 -4.098000000000000080e-03
2.900000000000000000e+01 4.000000000000000000e+00 2.000000000000000000e+01 0.000000000000000000e+00 1.600000000000000089e+00 -1.789999999999999870e-04 -1.083999999999999894e-03 -9.999989999999999712e-01 2.776210000000000067e-01 -9.606900000000000439e-01 9.920000000000000432e-04 -9.606909999999999616e-01 -2.776210000000000067e-01 4.719999999999999803e-04
4.000000000000000000e+00 1.300000000000000000e+01 2.000000000000000000e+01 0.000000000000000000e+00 1.600000000000000089e+00 2.599999999999999881e-03 5.564000000000000369e-03 9.999810000000000088e-01 2.522159999999999958e-01 9.676519999999999566e-01 -6.040000000000000230e-03 -9.676679999999999726e-01 2.522269999999999790e-01 1.111999999999999924e-03
1.000000000000000000e+01 1.300000000000000000e+01 2.000000000000000000e+01 0.000000000000000000e+00 1.600000000000000089e+00 6.579999999999999478e-04 -9.829999999999999329e-04 9.999989999999999712e-01 2.519549999999999845e-01 9.677390000000000159e-01 7.849999999999999990e-04 -9.677390000000000159e-01 2.519540000000000113e-01 8.850000000000000444e-04
1.700000000000000000e+01 1.300000000000000000e+01 2.000000000000000000e+01 0.000000000000000000e+00 1.600000000000000089e+00 -2.101000000000000003e-03 -1.960500000000000090e-02 9.998059999999999725e-01 2.564420000000000033e-01 9.663629999999999720e-01 1.948799999999999838e-02 -9.665569999999999995e-01 2.564330000000000220e-01 2.997000000000000098e-03
2.600000000000000000e+01 1.300000000000000000e+01 2.000000000000000000e+01 0.000000000000000000e+00 1.600000000000000089e+00 1.438999999999999958e-03 1.879300000000000068e-02 9.998219999999999885e-01 2.562579999999999858e-01 9.664310000000000400e-01 -1.853399999999999839e-02 -9.666069999999999940e-01 2.562389999999999946e-01 -3.425999999999999792e-03
4.000000000000000000e+00 1.600000000000000000e+01 2.100000000000000000e+01 0.000000000000000000e+00 1.600000000000000089e+00 4.204000000000000271e-03 1.288000000000000082e-02 9.999080000000000190e-01 2.980180000000000051e-01 9.544639999999999791e-01 -1.354799999999999928e-02 -9.545510000000000383e-01 2.980470000000000064e-01 1.740000000000000010e-04
7.000000000000000000e+00 1.600000000000000000e+01 2.100000000000000000e+01 0.000000000000000000e+00 1.600000000000000089e+00 6.939999999999999555e-04 5.956999999999999622e-03 9.999820000000000375e-01 2.980470000000000064e-01 9.545329999999999648e-01 -5.892999999999999801e-03 -9.545510000000000383e-01 2.980450000000000044e-01 -1.113000000000000057e-03
1.100000000000000000e+01 1.600000000000000000e+01 2.100000000000000000e+01 0.000000000000000000e+00 1.600000000000000089e+00 7.489999999999999913e-04 8.540000000000000499e-04 9.999989999999999712e-01 2.980220000000000091e-01 9.545580000000000176e-01 -1.038000000000000077e-03 -9.545590000000000463e-01 2.980229999999999824e-01 4.600000000000000139e-04
2.200000000000000000e+01 1.600000000000000000e+01 2.100000000000000000e+01 0.000000000000000000e+00 1.600000000000000089e+00 -6.449999999999999570e-04 -4.833999999999999755e-03 9.999879999999999880e-01 3.026739999999999986e-01 9.530819999999999848e-01 4.802999999999999978e-03 -9.530939999999999968e-01 3.026730000000000254e-01 8.480000000000000124e-04
2.600000000000000000e+01 1.600000000000000000e+01 2.100000000000000000e+01 0.000000000000000000e+00 1.600000000000000089e+00 -1.479000000000000063e-03 4.276000000000000287e-03 9.999900000000000455e-01 3.006229999999999736e-01 9.537360000000000282e-01 -3.632999999999999945e-03 -9.537419999999999787e-01 3.006139999999999923e-01 -2.696000000000000046e-03
2.300000000000000000e+01 3.000000000000000000e+00 2.500000000000000000e+01 0.000000000000000000e+00 1.600000000000000089e+00 3.096199999999999994e-02 9.655000000000000387e-03 9.994739999999999736e-01 -3.108500000000000152e-02 -9.994600000000000151e-01 1.061800000000000070e-02 9.990369999999999528e-01 -3.139700000000000130e-02 -3.064499999999999863e-02
1.200000000000000000e+01 4.000000000000000000e+00 2.500000000000000000e+01 0.000000000000000000e+00 1.600000000000000089e+00 5.930699999999999861e-02 4.553900000000000309e-02 9.971999999999999753e-01 -5.849149999999999627e-01 -8.079210000000000003e-01 7.168199999999999572e-02 8.089239999999999764e-01 -5.875280000000000502e-01 -2.127899999999999930e-02
7.000000000000000000e+00 4.600000000000000000e+01 2.700000000000000000e+01 0.000000000000000000e+00 1.600000000000000089e+00 -6.099999999999999872e-05 -1.783000000000000080e-03 -9.999980000000000535e-01 6.713719999999999688e-01 7.411200000000000010e-01 -1.361999999999999929e-03 7.411210000000000298e-01 -6.713710000000000511e-01 1.152000000000000029e-03
2.800000000000000000e+01 4.600000000000000000e+01 2.700000000000000000e+01 0.000000000000000000e+00 1.600000000000000089e+00 -2.033000000000000085e-03 -4.978999999999999919e-03 -9.999860000000000415e-01 6.571550000000000447e-01 7.537380000000000191e-01 -5.088999999999999774e-03 7.537530000000000063e-01 -6.571559999999999624e-01 1.739000000000000094e-03
2.300000000000000000e+01 1.100000000000000000e+01 3.000000000000000000e+01 0.000000000000000000e+00 1.600000000000000089e+00 6.720199999999999785e-02 8.324219999999999953e-01 5.500509999999999566e-01 -2.730360000000000009e-01 -5.149110000000000076e-01 8.125999999999999890e-01 9.596540000000000070e-01 -2.047920000000000018e-01 1.926779999999999882e-01
1.200000000000000000e+01 4.600000000000000000e+01 3.000000000000000000e+01 0.000000000000000000e+00 1.600000000000000089e+00 1.526000000000000013e-03 6.988000000000000288e-03 -9.999740000000000295e-01 3.257979999999999765e-01 9.454129999999999479e-01 7.104000000000000072e-03 9.454380000000000006e-01 -3.258010000000000073e-01 -8.339999999999999974e-04
3.000000000000000000e+00 5.800000000000000000e+01 3.100000000000000000e+01 0.000000000000000000e+00 1.600000000000000089e+00 -5.866999999999999819e-03 -8.194999999999999160e-03 9.999489999999999768e-01 -7.671519999999999451e-01 -6.413910000000000444e-01 -9.757999999999999313e-03 6.414379999999999526e-01 -7.671700000000000186e-01 -2.524000000000000202e-03
7.000000000000000000e+00 5.800000000000000000e+01 3.100000000000000000e+01 0.000000000000000000e+00 1.600000000000000089e+00 -6.000000000000000125e-03 -1.544799999999999993e-02 9.998629999999999463e-01 -7.701999999999999957e-01 -6.376380000000000381e-01 -1.447400000000000075e-02 6.377739999999999521e-01 -7.701810000000000045e-01 -8.071999999999999315e-03
1.100000000000000000e+01 5.800000000000000000e+01 3.100000000000000000e+01 0.000000000000000000e+00 1.600000000000000089e+00 5.527999999999999928e-03 7.828999999999999154e-03 9.999540000000000095e-01 -7.767880000000000340e-01 -6.296950000000000047e-01 9.223999999999999561e-03 6.297380000000000200e-01 -7.768030000000000213e-01 2.599999999999999881e-03
1.600000000000000000e+01 5.800000000000000000e+01 3.100000000000000000e+01 0.000000000000000000e+00 1.600000000000000089e+00 3.011999999999999920e-03 1.650899999999999937e-02 9.998590000000000533e-01 -7.744640000000000413e-01 -6.324889999999999679e-01 1.277599999999999916e-02 6.326110000000000344e-01 -7.743929999999999980e-01 1.088100000000000005e-02
2.000000000000000000e+01 5.800000000000000000e+01 3.100000000000000000e+01 0.000000000000000000e+00 1.600000000000000089e+00 -5.784000000000000079e-03 -7.828999999999999154e-03 9.999529999999999808e-01 -7.719359999999999555e-01 -6.356300000000000283e-01 -9.442000000000000740e-03 6.356739999999999613e-01 -7.719540000000000290e-01 -2.367000000000000180e-03
2.400000000000000000e+01 5.800000000000000000e+01 3.100000000000000000e+01 0.000000000000000000e+00 1.600000000000000089e+00 -3.755999999999999790e-03 -3.193999999999999791e-03 9.999879999999999880e-01 -7.707289999999999974e-01 -6.371440000000000436e-01 -4.930000000000000354e-03 6.371520000000000516e-01 -7.707380000000000342e-01 -6.899999999999999667e-05
2.700000000000000000e+01 1.800000000000000000e+01 3.200000000000000000e+01 0.000000000000000000e+00 1.600000000000000089e+00 -8.603099999999999636e-02 6.809389999999999610e-01 7.272690000000000543e-01 -3.715479999999999894e-01 -6.992429999999999479e-01 6.107470000000000399e-01 9.244189999999999907e-01 -2.176720000000000044e-01 3.131579999999999919e-01
1.300000000000000000e+01 4.200000000000000000e+01 3.400000000000000000e+01 0.000000000000000000e+00 1.600000000000000089e+00 -4.184000000000000219e-03 -2.791000000000000078e-03 -9.999869999999999592e-01 -3.012489999999999890e-01 9.535439999999999472e-01 -1.400999999999999902e-03 9.535360000000000502e-01 3.012389999999999790e-01 -4.830000000000000092e-03
1.800000000000000000e+01 4.200000000000000000e+01 3.400000000000000000e+01 0.000000000000000000e+00 1.600000000000000089e+00 4.026000000000000065e-03 1.479000000000000063e-03 -9.999909999999999632e-01 -2.948120000000000185e-01 9.555550000000000432e-01 2.269999999999999882e-04 9.555470000000000352e-01 2.948080000000000145e-01 4.283000000000000348e-03
3.000000000000000000e+00 4.600000000000000000e+01 3.500000000000000000e+01 0.000000000000000000e+00 1.600000000000000089e+00 -9.650000000000000374e-04 -6.279999999999999992e-03 -9.999799999999999800e-01 3.882849999999999913e-01 -9.215240000000000098e-01 5.413000000000000277e-03 -9.215389999999999970e-01 -3.882720000000000060e-01 3.327999999999999795e-03
8.000000000000000000e+00 4.600000000000000000e+01 3.500000000000000000e+01 0.000000000000000000e+00 1.600000000000000089e+00 5.019999999999999506e-04 -4.591999999999999728e-03 -9.999890000000000168e-01 3.898960000000000203e-01 -9.208479999999999999e-01 4.423999999999999981e-03 -9.208589999999999831e-01 -3.898940000000000183e-01 1.327999999999999970e-03
1.300000000000000000e+01 4.600000000000000000e+01 3.500000000000000000e+01 0.000000000000000000e+00 1.600000000000000089e+00 3.794000000000000063e-03 4.412000000000000123e-03 -9.999829999999999552e-01 3.886310000000000042e-01 -9.213900000000000423e-01 -2.590999999999999987e-03 -9.213860000000000383e-01 -3.886140000000000150e-01 -5.210000000000000221e-03
1.700000000000000000e+01 4.600000000000000000e+01 3.500000000000000000e+01 0.000000000000000000e+00 1.600000000000000089e+00 -1.090000000000000040e-03 1.110099999999999976e-02 -9.999379999999999935e-01 3.870020000000000127e-01 -9.220169999999999755e-01 -1.065800000000000081e-02 -9.220779999999999532e-01 -3.869900000000000007e-01 -3.291000000000000088e-03
2.300000000000000000e+01 4.600000000000000000e+01 3.500000000000000000e+01 0.000000000000000000e+00 1.600000000000000089e+00 -6.250000000000000130e-04 3.943999999999999589e-03 -9.999919999999999920e-01 3.891560000000000019e-01 -9.211639999999999828e-01 -3.876000000000000105e-03 -9.211719999999999908e-01 -3.891549999999999732e-01 -9.590000000000000000e-04
1.000000000000000000e+01 2.200000000000000000e+01 3.600000000000000000e+01 0.000000000000000000e+00 1.600000000000000089e+00 -1.944400000000000017e-01 -7.411860000000000115e-01 6.425229999999999553e-01 7.282260000000000399e-01 3.297689999999999788e-01 6.007820000000000382e-01 -6.571749999999999536e-01 5.847189999999999888e-01 4.756310000000000260e-01
2.300000000000000000e+01 9.500000000000000000e+01 3.600000000000000000e+01 0.000000000000000000e+00 1.600000000000000089e+00 -5.981299999999999811e-02 5.090900000000000286e-02 9.969109999999999916e-01 9.957949999999999857e-01 7.247199999999999476e-02 5.604499999999999760e-02 -6.939499999999999835e-02 9.960700000000000109e-01 -5.503000000000000252e-02
2.000000000000000000e+00 1.200000000000000000e+01 3.700000000000000000e+01 0.000000000000000000e+00 1.600000000000000089e+00 1.481250000000000067e-01 -9.046159999999999757e-01 -3.996620000000000172e-01 -7.485559999999999992e-01 1.615479999999999972e-01 -6.430909999999999682e-01 6.463149999999999729e-01 3.944270000000000276e-01 -6.532259999999999733e-01
2.400000000000000000e+01 2.200000000000000000e+01 3.700000000000000000e+01 0.000000000000000000e+00 1.600000000000000089e+00 -2.008199999999999916e-02 6.170060000000000544e-01 -7.867020000000000124e-01 6.678709999999999924e-01 -5.772690000000000321e-01 -4.697970000000000201e-01 -7.440059999999999452e-01 -5.348500000000000476e-01 -4.004869999999999819e-01
1.100000000000000000e+01 2.300000000000000000e+01 3.700000000000000000e+01 0.000000000000000000e+00 1.600000000000000089e+00 -1.884069999999999911e-01 -7.533189999999999609e-01 6.300900000000000389e-01 7.255270000000000330e-01 3.256430000000000158e-01 6.062739999999999796e-01 -6.619019999999999904e-01 5.713740000000000485e-01 4.851989999999999914e-01
3.000000000000000000e+00 1.300000000000000000e+01 3.800000000000000000e+01 0.000000000000000000e+00 1.600000000000000089e+00 1.392100000000000004e-01 -9.047049999999999814e-01 -4.026520000000000099e-01 -7.497289999999999788e-01 1.693489999999999995e-01 -6.397089999999999721e-01 6.469369999999999843e-01 3.909340000000000037e-01 -6.547089999999999854e-01
9.000000000000000000e+00 1.500000000000000000e+01 3.800000000000000000e+01 0.000000000000000000e+00 1.600000000000000089e+00 2.072239999999999915e-01 3.879170000000000118e-01 8.980970000000000342e-01 -7.853860000000000285e-01 -4.813890000000000113e-01 3.891450000000000187e-01 5.832899999999999752e-01 -7.859930000000000527e-01 2.049090000000000078e-01
4.000000000000000000e+00 3.600000000000000000e+01 3.800000000000000000e+01 0.000000000000000000e+00 1.600000000000000089e+00 -3.595729999999999760e-01 5.746799999999999825e-02 9.313460000000000072e-01 8.974360000000000115e-01 2.946650000000000102e-01 3.282990000000000075e-01 -2.555689999999999906e-01 9.538710000000000244e-01 -1.575270000000000004e-01
6.000000000000000000e+00 3.700000000000000000e+01 3.800000000000000000e+01 0.000000000000000000e+00 1.600000000000000089e+00 -2.905280000000000085e-01 -1.119089999999999946e-01 9.503000000000000336e-01 7.985940000000000261e-01 5.187289999999999957e-01 3.052340000000000053e-01 -5.271059999999999635e-01 8.475829999999999753e-01 -6.133500000000000063e-02
1.600000000000000000e+01 3.700000000000000000e+01 3.800000000000000000e+01 0.000000000000000000e+00 1.600000000000000089e+00 4.677100000000000007e-02 -8.477000000000000160e-03 9.988700000000000356e-01 6.524759999999999449e-01 7.574260000000000437e-01 -2.412299999999999861e-02 -7.563649999999999540e-01 6.528659999999999464e-01 4.095700000000000035e-02
1.000000000000000000e+01 3.800000000000000000e+01 3.800000000000000000e+01 0.000000000000000000e+00 1.600000000000000089e+00 -1.326499999999999901e-01 -1.730230000000000101e-01 9.759440000000000337e-01 6.914940000000000531e-01 6.892740000000000533e-01 2.161869999999999903e-01 -7.100980000000000070e-01 7.035369999999999679e-01 2.821200000000000097e-02
1.400000000000000000e+01 2.600000000000000000e+01 3.900000000000000000e+01 0.000000000000000000e+00 1.600000000000000089e+00 -1.540110000000000090e-01 -7.626260000000000261e-01 6.282370000000000454e-01 7.139210000000000278e-01 3.536730000000000151e-01 6.043450000000000211e-01 -6.830800000000000205e-01 5.415879999999999583e-01 4.899850000000000039e-01
7.000000000000000000e+00 3.800000000000000000e+01 3.900000000000000000e+01 0.000000000000000000e+00 1.600000000000000089e+00 -2.785150000000000126e-01 -1.912719999999999976e-01 9.411929999999999463e-01 7.806619999999999671e-01 5.257560000000000011e-01 3.378570000000000184e-01 -5.594609999999999861e-01 8.288520000000000332e-01 2.887999999999999942e-03
1.000000000000000000e+01 3.900000000000000000e+01 3.900000000000000000e+01 0.000000000000000000e+00 1.600000000000000089e+00 -1.715830000000000133e-01 -2.644659999999999789e-01 9.490079999999999627e-01 7.239200000000000079e-01 6.195220000000000171e-01 3.035320000000000240e-01 -6.682059999999999667e-01 7.390870000000000495e-01 8.515300000000000646e-02
2.000000000000000000e+00 1.500000000000000000e+01 4.000000000000000000e+01 0.000000000000000000e+00 1.600000000000000089e+00 1.073579999999999951e-01 -6.894959999999999978e-01 -7.162880000000000358e-01 -7.225549999999999473e-01 4.407659999999999911e-01 -5.325769999999999671e-01 6.829260000000000330e-01 5.747349999999999959e-01 -4.508800000000000030e-01
1.500000000000000000e+01 2.700000000000000000e+01 4.000000000000000000e+01 0.000000000000000000e+00 1.600000000000000089e+00 -1.426370000000000138e-01 -7.939070000000000293e-01 5.910729999999999595e-01 7.118459999999999788e-01 3.326379999999999892e-01 6.185680000000000067e-01 -6.876989999999999492e-01 5.089829999999999632e-01 5.176929999999999588e-01
7.000000000000000000e+00 6.100000000000000000e+01 4.000000000000000000e+01 0.000000000000000000e+00 1.600000000000000089e+00 2.668600000000000139e-02 -5.431000000000000272e-01 -8.392439999999999900e-01 3.524089999999999723e-01 -7.805320000000000036e-01 5.163119999999999932e-01 -9.354660000000000197e-01 -3.095350000000000046e-01 1.705629999999999924e-01
2.900000000000000000e+01 1.900000000000000000e+01 4.100000000000000000e+01 0.000000000000000000e+00 1.600000000000000089e+00 9.232999999999999888e-03 5.153809999999999780e-01 -8.569109999999999783e-01 5.870520000000000183e-01 -6.965189999999999992e-01 -4.125900000000000123e-01 -8.094959999999999933e-01 -4.992429999999999923e-01 -3.089859999999999829e-01
3.000000000000000000e+00 3.000000000000000000e+00 4.300000000000000000e+01 0.000000000000000000e+00 1.600000000000000089e+00 9.152999999999999678e-03 2.762799999999999978e-02 -9.995760000000000201e-01 7.361240000000000006e-01 -6.767410000000000370e-01 -1.196499999999999994e-02 -6.767849999999999699e-01 -7.357029999999999959e-01 -2.653200000000000003e-02
1.400000000000000000e+01 3.000000000000000000e+00 4.300000000000000000e+01 0.000000000000000000e+00 1.600000000000000089e+00 -2.312999999999999952e-03 2.803500000000000089e-02 -9.996040000000000481e-01 7.500130000000000408e-01 -6.611120000000000330e-01 -2.027699999999999989e-02 -6.614189999999999792e-01 -7.497629999999999573e-01 -1.949800000000000144e-02
1.900000000000000000e+01 3.000000000000000000e+00 4.300000000000000000e+01 0.000000000000000000e+00 1.600000000000000089e+00 4.279999999999999950e-04 2.769000000000000194e-03 -9.999959999999999960e-01 7.439710000000000489e-01 -6.682099999999999707e-01 -1.531000000000000026e-03 -6.682109999999999994e-01 -7.439679999999999627e-01 -2.345999999999999995e-03
2.300000000000000000e+01 8.000000000000000000e+00 4.400000000000000000e+01 0.000000000000000000e+00 1.600000000000000089e+00 3.344000000000000184e-03 3.779999999999999940e-03 9.999869999999999592e-01 -7.923339999999999828e-01 -6.100670000000000259e-01 4.956000000000000336e-03 6.100780000000000092e-01 -7.923409999999999620e-01 9.550000000000000112e-04
1.100000000000000000e+01 2.200000000000000000e+01 4.500000000000000000e+01 0.000000000000000000e+00 1.600000000000000089e+00 1.468669999999999976e-01 -7.834199999999999497e-02 -9.860489999999999533e-01 -4.684079999999999910e-01 8.724960000000000493e-01 -1.390879999999999894e-01 8.712199999999999944e-01 4.823009999999999797e-01 9.144499999999999851e-02
1.800000000000000000e+01 2.400000000000000000e+01 4.500000000000000000e+01 0.000000000000000000e+00 1.600000000000000089e+00 1.229119999999999935e-01 -3.021530000000000049e-01 -9.453019999999999756e-01 -5.978109999999999813e-01 7.377730000000000121e-01 -3.135490000000000221e-01 7.921580000000000288e-01 6.036510000000000487e-01 -8.995000000000000218e-02
7.000000000000000000e+00 2.200000000000000000e+01 4.600000000000000000e+01 0.000000000000000000e+00 1.600000000000000089e+00 6.936699999999999811e-02 -1.840699999999999975e-02 -9.974210000000000020e-01 -2.189210000000000045e-01 9.751769999999999605e-01 -3.322200000000000153e-02 9.732739999999999725e-01 2.206609999999999960e-01 6.361500000000000488e-02
1.500000000000000000e+01 6.500000000000000000e+01 4.600000000000000000e+01 0.000000000000000000e+00 1.600000000000000089e+00 -7.267000000000000022e-03 -1.538339999999999985e-01 9.880700000000000038e-01 6.616689999999999516e-01 -7.415950000000000042e-01 -1.105929999999999969e-01 7.497610000000000108e-01 6.529719999999999969e-01 1.071759999999999935e-01
9.000000000000000000e+00 5.300000000000000000e+01 4.900000000000000000e+01 0.000000000000000000e+00 1.600000000000000089e+00 -4.821639999999999815e-01 2.442809999999999981e-01 8.413350000000000550e-01 -8.670050000000000257e-01 4.821999999999999897e-03 -4.982759999999999967e-01 -1.257759999999999989e-01 -9.696930000000000271e-01 2.094679999999999875e-01
1.700000000000000000e+01 4.500000000000000000e+01 5.000000000000000000e+01 0.000000000000000000e+00 1.600000000000000089e+00 -2.336600000000000066e-01 6.443719999999999448e-01 7.281400000000000095e-01 5.328030000000000266e-01 7.112810000000000521e-01 -4.584759999999999946e-01 -8.133409999999999807e-01 2.808280000000000221e-01 -5.095210000000000017e-01
2.800000000000000000e+01 6.000000000000000000e+00 5.100000000000000000e+01 0.000000000000000000e+00 1.600000000000000089e+00 -1.093999999999999920e-03 5.401999999999999684e-03 -9.999850000000000128e-01 3.184239999999999848e-01 -9.479330000000000256e-01 -5.468999999999999903e-03 -9.479480000000000128e-01 -3.184250000000000136e-01 -6.830000000000000134e-04
2.200000000000000000e+01 4.800000000000000000e+01 5.100000000000000000e+01 0.000000000000000000e+00 1.600000000000000089e+00 1.688800000000000023e-02 -9.432110000000000216e-01 3.317649999999999766e-01 6.282459999999999711e-01 2.681410000000000182e-01 7.303469999999999684e-01 -7.778310000000000501e-01 1.960959999999999925e-01 5.970969999999999889e-01
9.000000000000000000e+00 7.000000000000000000e+00 5.200000000000000000e+01 0.000000000000000000e+00 1.600000000000000089e+00 7.178000000000000352e-03 4.780999999999999660e-03 -9.999630000000000463e-01 8.688500000000000389e-02 -9.962100000000000399e-01 -4.139999999999999583e-03 -9.961919999999999664e-01 -8.685199999999999865e-02 -7.565999999999999809e-03
1.300000000000000000e+01 7.000000000000000000e+00 5.200000000000000000e+01 0.000000000000000000e+00 1.600000000000000089e+00 4.797000000000000049e-03 8.639000000000000845e-03 -9.999510000000000343e-01 7.290599999999999858e-02 -9.973049999999999971e-01 -8.267000000000000043e-03 -9.973269999999999635e-01 -7.286299999999999721e-02 -5.414000000000000409e-03
2.300000000000000000e+01 4.900000000000000000e+01 5.200000000000000000e+01 0.000000000000000000e+00 1.600000000000000089e+00 -2.763200000000000031e-02 -9.574350000000000360e-01 2.873240000000000238e-01 6.379879999999999995e-01 2.043870000000000131e-01 7.424269999999999481e-01 -7.695509999999999851e-01 2.038240000000000052e-01 6.051840000000000552e-01
1.000000000000000000e+00 5.800000000000000000e+01 5.200000000000000000e+01 0.000000000000000000e+00 1.600000000000000089e+00 -2.119999999999999923e-03 9.148570000000000313e-01 4.037729999999999930e-01 -6.166779999999999484e-01 3.166599999999999970e-01 -7.207179999999999698e-01 -7.872130000000000516e-01 -2.505260000000000264e-01 5.635010000000000296e-01
1.600000000000000000e+01 6.300000000000000000e+01 5.200000000000000000e+01 0.000000000000000000e+00 1.600000000000000089e+00 -3.906199999999999950e-02 2.086800000000000044e-01 -9.772030000000000438e-01 4.692779999999999729e-01 8.672239999999999949e-01 1.664360000000000006e-01 8.821860000000000257e-01 -4.520790000000000086e-01 -1.318050000000000055e-01
2.300000000000000000e+01 5.000000000000000000e+01 5.300000000000000000e+01 0.000000000000000000e+00 1.600000000000000089e+00 -8.488400000000000112e-02 -9.560840000000000449e-01 2.805309999999999748e-01 6.266979999999999773e-01 1.676539999999999975e-01 7.610139999999999683e-01 -7.746260000000000367e-01 2.404060000000000086e-01 5.849450000000000482e-01
1.300000000000000000e+01 1.400000000000000000e+01 5.400000000000000000e+01 0.000000000000000000e+00 1.600000000000000089e+00 -4.902000000000000107e-03 -7.550000000000000287e-04 -9.999879999999999880e-01 5.804979999999999585e-01 8.142540000000000333e-01 -3.459999999999999968e-03 8.142470000000000541e-01 -5.805080000000000240e-01 -3.553000000000000169e-03
2.700000000000000000e+01 6.300000000000000000e+01 5.400000000000000000e+01 0.000000000000000000e+00 1.600000000000000089e+00 2.030000000000000012e-04 2.286699999999999844e-02 9.997390000000000443e-01 -3.576159999999999894e-01 9.336259999999999559e-01 -2.128299999999999984e-02 -9.338689999999999491e-01 -3.575180000000000025e-01 8.366999999999999438e-03
1.400000000000000000e+01 7.200000000000000000e+01 5.400000000000000000e+01 0.000000000000000000e+00 1.600000000000000089e+00 -9.135450000000000514e-01 2.407590000000000008e-01 3.278260000000000063e-01 -2.850969999999999893e-01 -9.538849999999999829e-01 -9.392899999999999860e-02 2.900940000000000185e-01 -1.792710000000000137e-01 9.400570000000000315e-01
2.500000000000000000e+01 2.400000000000000000e+01 5.500000000000000000e+01 0.000000000000000000e+00 1.600000000000000089e+00 -3.811099999999999904e-02 1.469739999999999935e-01 -9.884060000000000068e-01 1.922199999999999950e-02 9.890489999999999560e-01 1.463280000000000136e-01 9.990890000000000049e-01 -1.342299999999999917e-02 -4.051899999999999946e-02
1.600000000000000000e+01 2.600000000000000000e+01 5.500000000000000000e+01 0.000000000000000000e+00 1.600000000000000089e+00 1.346499999999999954e-02 1.855800000000000158e-02 -9.997369999999999868e-01 -1.031480000000000036e-01 9.945199999999999596e-01 1.707200000000000037e-02 9.945749999999999869e-01 1.028909999999999964e-01 1.530499999999999916e-02
1.800000000000000000e+01 2.600000000000000000e+01 5.500000000000000000e+01 0.000000000000000000e+00 1.600000000000000089e+00 2.501899999999999957e-02 2.333000000000000004e-02 -9.994150000000000533e-01 -1.083839999999999942e-01 9.938979999999999482e-01 2.048799999999999927e-02 9.937939999999999552e-01 1.078080000000000011e-01 2.739499999999999921e-02
2.600000000000000000e+01 5.300000000000000000e+01 5.500000000000000000e+01 0.000000000000000000e+00 1.600000000000000089e+00 2.914299999999999877e-02 -6.126209999999999711e-01 7.898389999999999578e-01 2.476700000000000082e-02 7.903750000000000497e-01 6.121229999999999727e-01 -9.992680000000000451e-01 1.722999999999999922e-03 3.820699999999999791e-02
2.500000000000000000e+01 2.600000000000000000e+01 5.600000000000000000e+01 0.000000000000000000e+00 1.600000000000000089e+00 -1.203899999999999935e-02 1.125860000000000055e-01 -9.935690000000000355e-01 8.361000000000000376e-03 9.936180000000000012e-01 1.124900000000000067e-01 9.998930000000000318e-01 -6.952999999999999979e-03 -1.290400000000000054e-02
2.200000000000000000e+01 4.200000000000000000e+01 5.800000000000000000e+01 0.000000000000000000e+00 1.600000000000000089e+00 -5.129650000000000043e-01 -4.639469999999999983e-01 7.222330000000000139e-01 -3.650899999999999979e-02 -8.288090000000000179e-01 -5.583399999999999475e-01 8.576329999999999787e-01 -3.127770000000000272e-01 4.082120000000000193e-01
1.000000000000000000e+01 5.500000000000000000e+01 5.800000000000000000e+01 0.000000000000000000e+00 1.600000000000000089e+00 7.554110000000000547e-01 4.310220000000000162e-01 -4.935329999999999995e-01 6.012629999999999919e-01 -7.553530000000000522e-01 2.606240000000000223e-01 -2.604569999999999941e-01 -4.936209999999999765e-01 -8.297590000000000243e-01
1.600000000000000000e+01 6.500000000000000000e+01 5.800000000000000000e+01 0.000000000000000000e+00 1.600000000000000089e+00 -5.580990000000000117e-01 -8.221669999999999812e-01 1.121049999999999963e-01 1.118669999999999942e-01 -2.084199999999999942e-01 -9.716209999999999569e-01 8.221990000000000132e-01 -5.297199999999999687e-01 2.082920000000000049e-01
