2.000000000000000000e+00 2.500000000000000000e+01 1.000000000000000000e+00 0.000000000000000000e+00 1.600000000000000089e+00 -2.358999999999999986e-03 -1.876000000000000063e-03 -9.999949999999999672e-01 -5.349439999999999751e-01 -8.448830000000000506e-01 2.847000000000000138e-03 -8.448839999999999684e-01 5.349479999999999791e-01 9.890000000000000787e-04
8.000000000000000000e+00 2.500000000000000000e+01 1.000000000000000000e+00 0.000000000000000000e+00 1.600000000000000089e+00 -9.269999999999999811e-04 -1.512000000000000106e-03 -9.999980000000000535e-01 -5.301270000000000149e-01 -8.479160000000000030e-01 1.773000000000000053e-03 -8.479170000000000318e-01 5.301280000000000436e-01 -1.500000000000000038e-05
1.500000000000000000e+01 2.500000000000000000e+01 1.000000000000000000e+00 0.000000000000000000e+00 1.600000000000000089e+00 -1.699999999999999987e-05 -1.536000000000000039e-03 -9.999989999999999712e-01 -5.300829999999999709e-01 -8.479449999999999488e-01 1.312000000000000015e-03 -8.479459999999999775e-01 5.300829999999999709e-01 -8.000000000000000383e-04
2.200000000000000000e+01 2.500000000000000000e+01 1.000000000000000000e+00 0.000000000000000000e+00 1.600000000000000089e+00 -3.499999999999999693e-05 -1.203000000000000076e-03 -9.999989999999999712e-01 -5.304079999999999906e-01 -8.477419999999999956e-01 1.038999999999999993e-03 -8.477430000000000243e-01 5.304079999999999906e-01 -6.089999999999999494e-04
1.900000000000000000e+01 3.000000000000000000e+00 4.000000000000000000e+00 0.000000000000000000e+00 1.600000000000000089e+00 -1.215640000000000054e-01 -3.328699999999999715e-02 -9.920250000000000457e-01 -8.339860000000000051e-01 -5.385199999999999987e-01 1.202669999999999989e-01 -5.382280000000000397e-01 8.419550000000000090e-01 3.770400000000000140e-02
8.000000000000000000e+00 1.500000000000000000e+01 4.000000000000000000e+00 0.000000000000000000e+00 1.600000000000000089e+00 -4.284999999999999747e-03 -9.655999999999999653e-03 9.999440000000000550e-01 3.200799999999999756e-01 -9.473589999999999511e-01 -7.775999999999999926e-03 9.473810000000000286e-01 3.200290000000000079e-01 7.150000000000000105e-03
1.300000000000000000e+01 1.500000000000000000e+01 4.000000000000000000e+00 0.000000000000000000e+00 1.600000000000000089e+00 2.030000000000000012e-04 -1.015600000000000010e-02 9.999479999999999480e-01 3.156129999999999769e-01 -9.488379999999999592e-01 -9.700999999999999554e-03 9.488879999999999537e-01 3.155990000000000184e-01 3.013000000000000053e-03
2.500000000000000000e+01 1.500000000000000000e+01 4.000000000000000000e+00 0.000000000000000000e+00 1.600000000000000089e+00 -2.339999999999999958e-04 5.432000000000000196e-03 9.999850000000000128e-01 3.221280000000000254e-01 -9.466820000000000235e-01 5.218000000000000416e-03 9.466959999999999820e-01 3.221249999999999947e-01 -1.528000000000000061e-03
1.800000000000000000e+01 1.600000000000000000e+01 4.000000000000000000e+00 0.000000000000000000e+00 1.600000000000000089e+00 3.572999999999999787e-03 -2.494000000000000123e-03 9.999909999999999632e-01 3.951709999999999945e-01 -9.185999999999999721e-01 -3.703000000000000128e-03 9.186010000000000009e-01 3.951799999999999757e-01 -2.295999999999999864e-03
4.000000000000000000e+00 1.010000000000000000e+02 7.000000000000000000e+00 0.000000000000000000e+00 1.600000000000000089e+00 -4.670000000000000214e-04 -1.132799999999999953e-02 9.999360000000000470e-01 8.892130000000000312e-01 4.574590000000000045e-01 5.597000000000000412e-03 -4.574929999999999830e-01 8.891590000000000327e-01 9.860000000000000708e-03
8.000000000000000000e+00 1.010000000000000000e+02 7.000000000000000000e+00 0.000000000000000000e+00 1.600000000000000089e+00 1.142999999999999919e-03 -1.453800000000000057e-02 9.998939999999999495e-01 8.890400000000000524e-01 4.577939999999999787e-01 5.640000000000000048e-03 -4.578280000000000127e-01 8.889390000000000347e-01 1.344799999999999988e-02
2.300000000000000000e+01 1.010000000000000000e+02 7.000000000000000000e+00 0.000000000000000000e+00 1.600000000000000089e+00 -6.210000000000000242e-04 4.074000000000000364e-03 9.999919999999999920e-01 8.895870000000000166e-01 4.567640000000000033e-01 -1.307999999999999918e-03 -4.567649999999999766e-01 8.895790000000000086e-01 -3.908000000000000015e-03
2.700000000000000000e+01 1.010000000000000000e+02 7.000000000000000000e+00 0.000000000000000000e+00 1.600000000000000089e+00 -3.780000000000000265e-04 3.442999999999999880e-03 9.999940000000000495e-01 8.889359999999999484e-01 4.580290000000000195e-01 -1.240999999999999916e-03 -4.580310000000000215e-01 8.889299999999999979e-01 -3.233000000000000197e-03
5.000000000000000000e+00 2.500000000000000000e+01 8.000000000000000000e+00 0.000000000000000000e+00 1.600000000000000089e+00 2.838999999999999944e-03 1.330999999999999935e-03 -9.999949999999999672e-01 4.497369999999999979e-01 8.931580000000000075e-01 2.465000000000000177e-03 8.931569999999999787e-01 -4.497419999999999751e-01 1.936999999999999920e-03
1.100000000000000000e+01 2.500000000000000000e+01 8.000000000000000000e+00 0.000000000000000000e+00 1.600000000000000089e+00 -4.499999999999999877e-04 5.671999999999999958e-03 -9.999839999999999840e-01 4.445569999999999800e-01 8.957370000000000054e-01 4.880999999999999922e-03 8.957500000000000462e-01 -4.445479999999999987e-01 -2.923999999999999950e-03
1.800000000000000000e+01 2.500000000000000000e+01 8.000000000000000000e+00 0.000000000000000000e+00 1.600000000000000089e+00 1.049999999999999935e-03 -1.819000000000000087e-03 -9.999980000000000535e-01 4.449250000000000149e-01 8.955670000000000019e-01 -1.162000000000000055e-03 8.955670000000000019e-01 -4.449230000000000129e-01 1.750000000000000036e-03
2.000000000000000000e+01 2.500000000000000000e+01 8.000000000000000000e+00 0.000000000000000000e+00 1.600000000000000089e+00 3.559999999999999797e-04 1.299999999999999920e-05 -1.000000000000000000e+00 4.451109999999999789e-01 8.954760000000000497e-01 1.700000000000000122e-04 8.954750000000000210e-01 -4.451109999999999789e-01 3.130000000000000187e-04
3.000000000000000000e+00 2.400000000000000000e+01 9.000000000000000000e+00 0.000000000000000000e+00 1.600000000000000089e+00 1.039999999999999909e-03 2.714999999999999965e-03 -9.999959999999999960e-01 4.552640000000000020e-01 8.903520000000000323e-01 2.890999999999999907e-03 8.903560000000000363e-01 -4.552649999999999753e-01 -3.099999999999999999e-04
6.000000000000000000e+00 2.400000000000000000e+01 9.000000000000000000e+00 0.000000000000000000e+00 1.600000000000000089e+00 2.716000000000000098e-03 6.250000000000000130e-04 -9.999959999999999960e-01 4.548829999999999818e-01 8.905490000000000350e-01 1.791999999999999973e-03 8.905469999999999775e-01 -4.548860000000000126e-01 2.135000000000000179e-03
1.200000000000000000e+01 2.400000000000000000e+01 9.000000000000000000e+00 0.000000000000000000e+00 1.600000000000000089e+00 -1.129999999999999955e-04 6.821999999999999939e-03 -9.999770000000000048e-01 4.498360000000000136e-01 8.930909999999999682e-01 6.041999999999999628e-03 8.931109999999999882e-01 -4.498249999999999749e-01 -3.170000000000000075e-03
1.700000000000000000e+01 2.400000000000000000e+01 9.000000000000000000e+00 0.000000000000000000e+00 1.600000000000000089e+00 9.110000000000000259e-04 -3.272000000000000169e-03 -9.999940000000000495e-01 4.509560000000000235e-01 8.925429999999999753e-01 -2.508999999999999946e-03 8.925459999999999505e-01 -4.509509999999999907e-01 2.288000000000000103e-03
2.100000000000000000e+01 2.400000000000000000e+01 9.000000000000000000e+00 0.000000000000000000e+00 1.600000000000000089e+00 -1.039999999999999936e-04 7.690000000000000438e-04 -1.000000000000000000e+00 4.511800000000000255e-01 8.924330000000000318e-01 6.400000000000000524e-04 8.924330000000000318e-01 -4.511800000000000255e-01 -4.400000000000000157e-04
2.800000000000000000e+01 2.400000000000000000e+01 9.000000000000000000e+00 0.000000000000000000e+00 1.600000000000000089e+00 9.500000000000000523e-05 3.399999999999999973e-05 -1.000000000000000000e+00 4.513710000000000222e-01 8.923360000000000181e-01 7.299999999999999903e-05 8.923360000000000181e-01 -4.513710000000000222e-01 6.999999999999999387e-05
1.400000000000000000e+01 3.100000000000000000e+01 1.200000000000000000e+01 0.000000000000000000e+00 1.600000000000000089e+00 2.347000000000000128e-03 -3.199000000000000021e-03 9.999919999999999920e-01 -5.801999999999999866e-03 9.999780000000000335e-01 3.212000000000000011e-03 -9.999799999999999800e-01 -5.808999999999999928e-03 2.328999999999999907e-03
2.400000000000000000e+01 3.100000000000000000e+01 1.200000000000000000e+01 0.000000000000000000e+00 1.600000000000000089e+00 -8.809999999999999472e-04 -1.910000000000000022e-03 9.999980000000000535e-01 4.530000000000000064e-04 9.999980000000000535e-01 1.910999999999999938e-03 -1.000000000000000000e+00 4.550000000000000008e-04 -8.809999999999999472e-04
5.000000000000000000e+00 3.500000000000000000e+01 1.200000000000000000e+01 0.000000000000000000e+00 1.600000000000000089e+00 2.779999999999999811e-04 -2.199999999999999943e-05 -1.000000000000000000e+00 5.068529999999999980e-01 -8.620320000000000205e-01 1.589999999999999888e-04 -8.620320000000000205e-01 -5.068529999999999980e-01 -2.280000000000000126e-04
9.000000000000000000e+00 3.500000000000000000e+01 1.200000000000000000e+01 0.000000000000000000e+00 1.600000000000000089e+00 -1.851999999999999914e-03 -3.690000000000000246e-04 -9.999980000000000535e-01 5.262790000000000523e-01 -8.503119999999999568e-01 -6.610000000000000207e-04 -8.503100000000000103e-01 -5.262790000000000523e-01 1.768999999999999956e-03
1.600000000000000000e+01 3.500000000000000000e+01 1.200000000000000000e+01 0.000000000000000000e+00 1.600000000000000089e+00 2.272999999999999847e-03 6.405000000000000103e-03 -9.999770000000000048e-01 5.385590000000000099e-01 -8.425780000000000491e-01 -4.172999999999999626e-03 -8.425850000000000284e-01 -5.385370000000000434e-01 -5.364999999999999977e-03
1.900000000000000000e+01 3.500000000000000000e+01 1.200000000000000000e+01 0.000000000000000000e+00 1.600000000000000089e+00 7.420000000000000380e-04 4.720000000000000237e-03 -9.999890000000000168e-01 5.482970000000000343e-01 -8.362760000000000193e-01 -3.540000000000000178e-03 -8.362829999999999986e-01 -5.482879999999999976e-01 -3.207999999999999914e-03
2.300000000000000000e+01 3.500000000000000000e+01 1.200000000000000000e+01 0.000000000000000000e+00 1.600000000000000089e+00 -4.322000000000000321e-03 4.858999999999999604e-03 -9.999789999999999512e-01 5.591139999999999999e-01 -8.290659999999999696e-01 -6.445000000000000208e-03 -8.290790000000000104e-01 -5.591300000000000159e-01 8.670000000000000406e-04
1.900000000000000000e+01 3.200000000000000000e+01 1.400000000000000000e+01 0.000000000000000000e+00 1.600000000000000089e+00 -1.286000000000000034e-03 2.445000000000000125e-03 -9.999959999999999960e-01 9.983200000000000407e-02 9.950020000000000531e-01 2.304000000000000058e-03 9.950029999999999708e-01 -9.982900000000000107e-02 -1.523999999999999964e-03
2.500000000000000000e+01 3.200000000000000000e+01 1.400000000000000000e+01 0.000000000000000000e+00 1.600000000000000089e+00 2.103999999999999967e-03 -1.716000000000000077e-03 -9.999959999999999960e-01 1.024069999999999980e-01 9.947409999999999863e-01 -1.490999999999999921e-03 9.947399999999999576e-01 -1.024029999999999940e-01 2.269000000000000183e-03
4.000000000000000000e+00 1.200000000000000000e+01 1.500000000000000000e+01 0.000000000000000000e+00 1.600000000000000089e+00 8.599999999999999789e-04 -3.968000000000000173e-03 -9.999919999999999920e-01 -4.668399999999999772e-01 -8.843360000000000110e-01 3.108000000000000086e-03 -8.843410000000000437e-01 4.668329999999999980e-01 -2.612999999999999871e-03
9.000000000000000000e+00 1.200000000000000000e+01 1.500000000000000000e+01 0.000000000000000000e+00 1.600000000000000089e+00 -9.060000000000000128e-04 -2.776999999999999955e-03 -9.999959999999999960e-01 -4.666609999999999925e-01 -8.844309999999999672e-01 2.879000000000000049e-03 -8.844359999999999999e-01 4.666620000000000212e-01 -4.949999999999999973e-04
1.500000000000000000e+01 1.200000000000000000e+01 1.500000000000000000e+01 0.000000000000000000e+00 1.600000000000000089e+00 1.304000000000000038e-03 -1.685999999999999999e-03 -9.999980000000000535e-01 -4.669499999999999762e-01 -8.842839999999999590e-01 8.819999999999999715e-04 -8.842830000000000412e-01 4.669470000000000010e-01 -1.941000000000000017e-03
2.400000000000000000e+01 1.200000000000000000e+01 1.500000000000000000e+01 0.000000000000000000e+00 1.600000000000000089e+00 3.460000000000000076e-04 -6.830000000000000134e-03 -9.999770000000000048e-01 -4.731940000000000035e-01 -8.809390000000000276e-01 5.852999999999999696e-03 -8.809580000000000188e-01 4.731810000000000183e-01 -3.537000000000000213e-03
9.000000000000000000e+00 1.100000000000000000e+01 1.600000000000000000e+01 0.000000000000000000e+00 1.600000000000000089e+00 -4.209999999999999875e-04 -3.484999999999999817e-03 -9.999940000000000495e-01 -4.082799999999999763e-01 -9.128500000000000503e-01 3.353000000000000078e-03 -9.128570000000000295e-01 4.082790000000000030e-01 -1.038000000000000077e-03
1.300000000000000000e+01 1.100000000000000000e+01 1.600000000000000000e+01 0.000000000000000000e+00 1.600000000000000089e+00 1.201000000000000028e-03 -4.794999999999999783e-03 -9.999879999999999880e-01 -4.086759999999999837e-01 -9.126710000000000100e-01 3.884999999999999998e-03 -9.126790000000000180e-01 4.086659999999999737e-01 -3.056000000000000123e-03
1.900000000000000000e+01 1.100000000000000000e+01 1.600000000000000000e+01 0.000000000000000000e+00 1.600000000000000089e+00 1.701000000000000038e-03 2.997999999999999797e-03 -9.999940000000000495e-01 -4.125130000000000186e-01 -9.109450000000000047e-01 -3.432999999999999854e-03 -9.109500000000000375e-01 4.125170000000000226e-01 -3.130000000000000187e-04
2.500000000000000000e+01 1.100000000000000000e+01 1.600000000000000000e+01 0.000000000000000000e+00 1.600000000000000089e+00 4.640000000000000027e-04 -6.028000000000000372e-03 -9.999820000000000375e-01 -4.153640000000000110e-01 -9.096400000000000041e-01 5.290999999999999696e-03 -9.096549999999999914e-01 4.153540000000000010e-01 -2.926000000000000215e-03
9.000000000000000000e+00 1.160000000000000000e+02 1.600000000000000000e+01 0.000000000000000000e+00 1.600000000000000089e+00 -2.829999999999999942e-04 4.929999999999999487e-04 1.000000000000000000e+00 7.600959999999999939e-01 6.498110000000000275e-01 -1.050000000000000044e-04 -6.498110000000000275e-01 7.600949999999999651e-01 -5.590000000000000351e-04
1.300000000000000000e+01 1.160000000000000000e+02 1.600000000000000000e+01 0.000000000000000000e+00 1.600000000000000089e+00 3.029999999999999924e-04 -1.016999999999999892e-03 9.999989999999999712e-01 7.617329999999999934e-01 6.478909999999999947e-01 4.279999999999999950e-04 -6.478909999999999947e-01 7.617319999999999647e-01 9.709999999999999664e-04
2.800000000000000000e+01 1.160000000000000000e+02 1.600000000000000000e+01 0.000000000000000000e+00 1.600000000000000089e+00 -4.510000000000000120e-04 1.093000000000000005e-03 9.999989999999999712e-01 7.953940000000000454e-01 6.060929999999999929e-01 -3.029999999999999924e-04 -6.060919999999999641e-01 7.953930000000000167e-01 -1.142999999999999919e-03
9.000000000000000000e+00 2.000000000000000000e+00 1.900000000000000000e+01 0.000000000000000000e+00 1.600000000000000089e+00 -6.420999999999999625e-03 -2.567200000000000037e-02 -9.996500000000000385e-01 2.713160000000000016e-01 -9.622159999999999602e-01 2.296799999999999883e-02 -9.624690000000000190e-01 -2.710739999999999816e-01 1.314300000000000017e-02
1.700000000000000000e+01 2.000000000000000000e+00 1.900000000000000000e+01 0.000000000000000000e+00 1.600000000000000089e+00 7.759000000000000272e-03 -2.960799999999999890e-02 -9.995319999999999760e-01 2.609460000000000113e-01 -9.648679999999999479e-01 3.060699999999999879e-02 -9.653220000000000134e-01 -2.610609999999999875e-01 2.390000000000000089e-04
2.000000000000000000e+01 2.000000000000000000e+00 1.900000000000000000e+01 0.000000000000000000e+00 1.600000000000000089e+00 1.367799999999999919e-02 -1.987600000000000131e-02 -9.997089999999999588e-01 2.544680000000000275e-01 -9.668149999999999800e-01 2.270300000000000096e-02 -9.669839999999999547e-01 -2.547039999999999860e-01 -8.167000000000000648e-03
2.400000000000000000e+01 2.000000000000000000e+00 1.900000000000000000e+01 0.000000000000000000e+00 1.600000000000000089e+00 1.386300000000000032e-02 4.382999999999999743e-03 -9.998939999999999495e-01 2.450519999999999921e-01 -9.695099999999999829e-01 -8.520000000000000013e-04 -9.694110000000000227e-01 -2.450140000000000096e-01 -1.451400000000000086e-02
2.500000000000000000e+01 3.000000000000000000e+00 1.900000000000000000e+01 0.000000000000000000e+00 1.600000000000000089e+00 1.421299999999999994e-02 8.429000000000000728e-03 -9.998629999999999463e-01 2.552240000000000064e-01 -9.668710000000000360e-01 -4.523000000000000111e-03 -9.667769999999999975e-01 -2.551249999999999907e-01 -1.589300000000000088e-02
2.700000000000000000e+01 3.000000000000000000e+00 1.900000000000000000e+01 0.000000000000000000e+00 1.600000000000000089e+00 8.179000000000000506e-03 1.212899999999999916e-02 -9.998930000000000318e-01 2.435900000000000010e-01 -9.698290000000000521e-01 -9.771999999999999437e-03 -9.698440000000000394e-01 -2.434840000000000060e-01 -1.088700000000000084e-02
2.400000000000000000e+01 4.000000000000000000e+00 2.000000000000000000e+01 0.000000000000000000e+00 1.600000000000000089e+00 7.509000000000000050e-03 1.072500000000000016e-02 -9.999139999999999695e-01 3.893849999999999811e-01 -9.210490000000000066e-01 -6.955000000000000245e-03 -9.210439999999999738e-01 -3.892999999999999794e-01 -1.109199999999999943e-02
2.700000000000000000e+01 4.000000000000000000e+00 2.000000000000000000e+01 0.000000000000000000e+00 1.600000000000000089e+00 -4.809999999999999823e-04 1.553999999999999999e-02 -9.998789999999999623e-01 3.650430000000000064e-01 -9.308760000000000367e-01 -1.464299999999999977e-02 -9.309910000000000130e-01 -3.650050000000000239e-01 -5.224999999999999610e-03
5.000000000000000000e+00 1.300000000000000000e+01 2.000000000000000000e+01 0.000000000000000000e+00 1.600000000000000089e+00 6.530000000000000431e-04 -1.849999999999999973e-04 1.000000000000000000e+00 2.586919999999999775e-01 9.659600000000000408e-01 1.000000000000000082e-05 -9.659600000000000408e-01 2.586919999999999775e-01 6.780000000000000002e-04
1.000000000000000000e+01 1.300000000000000000e+01 2.000000000000000000e+01 0.000000000000000000e+00 1.600000000000000089e+00 7.900000000000000121e-04 1.312999999999999931e-03 9.999989999999999712e-01 2.597249999999999837e-01 9.656820000000000404e-01 -1.472999999999999917e-03 -9.656820000000000404e-01 2.597260000000000124e-01 4.220000000000000118e-04
1.600000000000000000e+01 1.300000000000000000e+01 2.000000000000000000e+01 0.000000000000000000e+00 1.600000000000000089e+00 -6.800000000000000488e-04 -2.021999999999999926e-03 9.999980000000000535e-01 2.591840000000000255e-01 9.658259999999999623e-01 2.128999999999999816e-03 -9.658280000000000198e-01 2.591849999999999987e-01 -1.320000000000000101e-04
2.000000000000000000e+01 1.300000000000000000e+01 2.000000000000000000e+01 0.000000000000000000e+00 1.600000000000000089e+00 3.009999999999999980e-04 -2.096000000000000207e-03 9.999980000000000535e-01 2.608969999999999900e-01 9.653650000000000286e-01 1.943999999999999981e-03 -9.653669999999999751e-01 2.608960000000000168e-01 8.379999999999999862e-04
2.600000000000000000e+01 1.300000000000000000e+01 2.000000000000000000e+01 0.000000000000000000e+00 1.600000000000000089e+00 2.086000000000000180e-03 3.020999999999999814e-03 9.999930000000000208e-01 2.593949999999999867e-01 9.657649999999999846e-01 -3.458999999999999835e-03 -9.657689999999999886e-01 2.594009999999999927e-01 1.231000000000000106e-03
3.000000000000000000e+01 1.300000000000000000e+01 2.000000000000000000e+01 0.000000000000000000e+00 1.600000000000000089e+00 7.190000000000000210e-04 3.654000000000000130e-03 9.999930000000000208e-01 2.585810000000000053e-01 9.659820000000000073e-01 -3.714999999999999986e-03 -9.659889999999999866e-01 2.585819999999999785e-01 -2.500000000000000052e-04
2.300000000000000000e+01 5.000000000000000000e+01 2.200000000000000000e+01 0.000000000000000000e+00 1.600000000000000089e+00 3.928000000000000068e-03 3.366000000000000068e-03 -9.999869999999999592e-01 -5.766299999999999759e-01 8.170049999999999812e-01 4.850000000000000253e-04 8.169960000000000555e-01 5.766200000000000214e-01 5.150000000000000064e-03
4.000000000000000000e+00 3.000000000000000000e+00 2.500000000000000000e+01 0.000000000000000000e+00 1.600000000000000089e+00 6.080000000000000335e-04 7.009999999999999738e-03 9.999749999999999472e-01 -3.325700000000000184e-02 -9.994220000000000326e-01 7.027000000000000260e-03 9.994469999999999743e-01 -3.326099999999999890e-02 -3.750000000000000078e-04
1.400000000000000000e+01 3.000000000000000000e+00 2.500000000000000000e+01 0.000000000000000000e+00 1.600000000000000089e+00 -9.060000000000000128e-04 -4.937999999999999681e-03 9.999869999999999592e-01 -4.791299999999999726e-02 -9.988390000000000324e-01 -4.976000000000000388e-03 9.988510000000000444e-01 -4.791700000000000126e-02 6.689999999999999983e-04
2.000000000000000000e+01 3.000000000000000000e+00 2.500000000000000000e+01 0.000000000000000000e+00 1.600000000000000089e+00 6.040000000000000447e-04 -1.706000000000000051e-03 9.999980000000000535e-01 -3.358799999999999980e-02 -9.994340000000000446e-01 -1.683999999999999950e-03 9.994359999999999911e-01 -3.358699999999999880e-02 -6.610000000000000207e-04
2.200000000000000000e+01 3.000000000000000000e+00 2.500000000000000000e+01 0.000000000000000000e+00 1.600000000000000089e+00 1.688999999999999963e-03 -1.399999999999999877e-04 9.999989999999999712e-01 -3.077099999999999974e-02 -9.995270000000000543e-01 -8.799999999999999771e-05 9.995249999999999968e-01 -3.076999999999999874e-02 -1.693000000000000060e-03
2.700000000000000000e+01 3.000000000000000000e+00 2.500000000000000000e+01 0.000000000000000000e+00 1.600000000000000089e+00 1.949999999999999965e-04 2.861999999999999961e-03 9.999959999999999960e-01 -2.408400000000000124e-02 -9.997059999999999835e-01 2.864999999999999925e-03 9.997099999999999875e-01 -2.408499999999999877e-02 -1.259999999999999998e-04
2.800000000000000000e+01 4.600000000000000000e+01 2.700000000000000000e+01 0.000000000000000000e+00 1.600000000000000089e+00 -3.328999999999999928e-03 -3.420000000000000188e-04 -9.999949999999999672e-01 6.763759999999999772e-01 7.365519999999999845e-01 -2.504000000000000149e-03 7.365490000000000093e-01 -6.763810000000000100e-01 -2.220999999999999884e-03
8.000000000000000000e+00 4.600000000000000000e+01 3.000000000000000000e+01 0.000000000000000000e+00 1.600000000000000089e+00 -9.359999999999999831e-04 -1.062999999999999926e-03 -9.999989999999999712e-01 3.285199999999999787e-01 9.444960000000000022e-01 -1.312000000000000015e-03 9.444970000000000310e-01 -3.285210000000000075e-01 -5.339999999999999695e-04
1.400000000000000000e+01 4.600000000000000000e+01 3.000000000000000000e+01 0.000000000000000000e+00 1.600000000000000089e+00 2.171000000000000187e-03 1.355000000000000085e-03 -9.999970000000000248e-01 3.303780000000000050e-01 9.438469999999999915e-01 1.997000000000000077e-03 9.438459999999999628e-01 -3.303809999999999802e-01 1.601999999999999908e-03
9.000000000000000000e+00 5.800000000000000000e+01 3.100000000000000000e+01 0.000000000000000000e+00 1.600000000000000089e+00 -1.534999999999999906e-03 -3.276999999999999965e-03 9.999930000000000208e-01 -7.669399999999999551e-01 -6.417100000000000026e-01 -3.279999999999999930e-03 6.417169999999999819e-01 -7.669399999999999551e-01 -1.528000000000000061e-03
1.300000000000000000e+01 5.800000000000000000e+01 3.100000000000000000e+01 0.000000000000000000e+00 1.600000000000000089e+00 -1.613999999999999983e-03 -3.883999999999999866e-03 9.999909999999999632e-01 -7.688880000000000159e-01 -6.393729999999999691e-01 -3.723999999999999880e-03 6.393820000000000059e-01 -7.688869999999999871e-01 -1.955000000000000140e-03
1.500000000000000000e+01 5.800000000000000000e+01 3.100000000000000000e+01 0.000000000000000000e+00 1.600000000000000089e+00 -1.235999999999999903e-03 -3.808000000000000187e-03 9.999919999999999920e-01 -7.693630000000000191e-01 -6.388030000000000097e-01 -3.383000000000000156e-03 6.388110000000000177e-01 -7.693609999999999616e-01 -2.139999999999999975e-03
2.300000000000000000e+01 5.800000000000000000e+01 3.100000000000000000e+01 0.000000000000000000e+00 1.600000000000000089e+00 1.273000000000000043e-03 -1.302999999999999905e-03 9.999980000000000535e-01 -7.748850000000000460e-01 -6.321020000000000527e-01 1.630000000000000047e-04 6.321010000000000240e-01 -7.748840000000000172e-01 -1.814999999999999990e-03
1.000000000000000000e+00 4.600000000000000000e+01 3.500000000000000000e+01 0.000000000000000000e+00 1.600000000000000089e+00 6.070000000000000092e-04 4.734000000000000360e-03 -9.999890000000000168e-01 3.922129999999999783e-01 -9.198650000000000437e-01 -4.115999999999999867e-03 -9.198739999999999695e-01 -3.922059999999999991e-01 -2.415000000000000046e-03
9.000000000000000000e+00 4.600000000000000000e+01 3.500000000000000000e+01 0.000000000000000000e+00 1.600000000000000089e+00 3.739999999999999835e-04 -1.041000000000000042e-03 -9.999989999999999712e-01 3.926950000000000163e-01 -9.196680000000000410e-01 1.105000000000000079e-03 -9.196689999999999587e-01 -3.926950000000000163e-01 6.499999999999999431e-05
1.300000000000000000e+01 4.600000000000000000e+01 3.500000000000000000e+01 0.000000000000000000e+00 1.600000000000000089e+00 -1.659999999999999963e-04 -1.041000000000000042e-03 -9.999989999999999712e-01 3.912479999999999847e-01 -9.202850000000000197e-01 8.930000000000000221e-04 -9.202850000000000197e-01 -3.912479999999999847e-01 5.599999999999999509e-04
2.000000000000000000e+01 4.600000000000000000e+01 3.500000000000000000e+01 0.000000000000000000e+00 1.600000000000000089e+00 -3.959999999999999762e-04 -2.436999999999999930e-03 -9.999970000000000248e-01 3.903030000000000110e-01 -9.206839999999999469e-01 2.089000000000000145e-03 -9.206860000000000044e-01 -3.903010000000000090e-01 1.315999999999999896e-03
2.600000000000000000e+01 4.600000000000000000e+01 3.500000000000000000e+01 0.000000000000000000e+00 1.600000000000000089e+00 -2.610000000000000015e-04 -1.072999999999999952e-03 -9.999989999999999712e-01 3.904250000000000220e-01 -9.206349999999999811e-01 8.859999999999999603e-04 -9.206349999999999811e-01 -3.904239999999999933e-01 6.589999999999999721e-04
2.900000000000000000e+01 4.600000000000000000e+01 3.500000000000000000e+01 0.000000000000000000e+00 1.600000000000000089e+00 -2.500000000000000120e-05 2.671999999999999896e-03 -9.999959999999999960e-01 3.897999999999999798e-01 -9.208960000000000479e-01 -2.469999999999999973e-03 -9.209000000000000519e-01 -3.897979999999999778e-01 -1.018999999999999941e-03
1.000000000000000000e+00 3.000000000000000000e+00 4.300000000000000000e+01 0.000000000000000000e+00 1.600000000000000089e+00 -9.256000000000000338e-03 -1.738599999999999868e-02 -9.998059999999999725e-01 7.509909999999999641e-01 -6.602970000000000228e-01 4.530000000000000172e-03 -6.602479999999999460e-01 -7.508029999999999982e-01 1.916800000000000101e-02
8.000000000000000000e+00 3.000000000000000000e+00 4.300000000000000000e+01 0.000000000000000000e+00 1.600000000000000089e+00 -1.000999999999999937e-03 2.320699999999999846e-02 -9.997300000000000075e-01 7.539280000000000426e-01 -6.567619999999999569e-01 -1.600000000000000033e-02 -6.569559999999999844e-01 -7.537409999999999943e-01 -1.683899999999999980e-02
1.500000000000000000e+01 3.000000000000000000e+00 4.300000000000000000e+01 0.000000000000000000e+00 1.600000000000000089e+00 -4.840000000000000010e-04 6.575000000000000115e-03 -9.999780000000000335e-01 7.408869999999999623e-01 -6.716119999999999868e-01 -4.774999999999999731e-03 -6.716290000000000315e-01 -7.408740000000000325e-01 -4.545999999999999694e-03
2.000000000000000000e+00 8.000000000000000000e+00 4.400000000000000000e+01 0.000000000000000000e+00 1.600000000000000089e+00 -2.112999999999999861e-03 1.433999999999999945e-03 9.999970000000000248e-01 -7.843310000000000004e-01 -6.203419999999999490e-01 -7.680000000000000195e-04 6.203379999999999450e-01 -7.843299999999999716e-01 2.435999999999999797e-03
8.000000000000000000e+00 8.000000000000000000e+00 4.400000000000000000e+01 0.000000000000000000e+00 1.600000000000000089e+00 2.357000000000000154e-03 5.324999999999999872e-03 9.999829999999999552e-01 -7.894050000000000233e-01 -6.138510000000000355e-01 5.128999999999999879e-03 6.138679999999999692e-01 -7.894039999999999946e-01 2.756000000000000203e-03
1.200000000000000000e+01 8.000000000000000000e+00 4.400000000000000000e+01 0.000000000000000000e+00 1.600000000000000089e+00 3.896000000000000157e-03 5.126999999999999613e-03 9.999789999999999512e-01 -7.897830000000000128e-01 -6.133539999999999548e-01 6.222000000000000100e-03 6.133739999999999748e-01 -7.897910000000000208e-01 1.660000000000000017e-03
1.600000000000000000e+01 8.000000000000000000e+00 4.400000000000000000e+01 0.000000000000000000e+00 1.600000000000000089e+00 2.116999999999999958e-03 3.811000000000000151e-03 9.999909999999999632e-01 -7.904290000000000482e-01 -6.125399999999999734e-01 4.008000000000000278e-03 6.125500000000000389e-01 -7.904299999999999660e-01 1.716000000000000077e-03
2.000000000000000000e+00 2.900000000000000000e+01 4.400000000000000000e+01 0.000000000000000000e+00 1.600000000000000089e+00 8.149999999999999693e-04 2.000000000000000096e-04 -1.000000000000000000e+00 6.512710000000000443e-01 7.588449999999999918e-01 6.830000000000000134e-04 7.588449999999999918e-01 -6.512710000000000443e-01 4.879999999999999898e-04
1.100000000000000000e+01 2.900000000000000000e+01 4.400000000000000000e+01 0.000000000000000000e+00 1.600000000000000089e+00 8.549999999999999658e-04 5.580000000000000107e-04 -1.000000000000000000e+00 6.568950000000000067e-01 7.539810000000000123e-01 9.820000000000000170e-04 7.539820000000000411e-01 -6.568960000000000354e-01 2.779999999999999811e-04
1.500000000000000000e+01 2.900000000000000000e+01 4.400000000000000000e+01 0.000000000000000000e+00 1.600000000000000089e+00 4.600000000000000004e-05 -9.129999999999999661e-04 -1.000000000000000000e+00 6.562170000000000503e-01 7.545720000000000205e-01 -6.589999999999999721e-04 7.545720000000000205e-01 -6.562170000000000503e-01 6.340000000000000149e-04
1.800000000000000000e+01 2.900000000000000000e+01 4.400000000000000000e+01 0.000000000000000000e+00 1.600000000000000089e+00 -1.101999999999999898e-03 -2.053000000000000137e-03 -9.999970000000000248e-01 6.550249999999999684e-01 7.556040000000000534e-01 -2.272999999999999847e-03 7.556070000000000286e-01 -6.550249999999999684e-01 5.119999999999999768e-04
2.400000000000000000e+01 2.900000000000000000e+01 4.400000000000000000e+01 0.000000000000000000e+00 1.600000000000000089e+00 1.521000000000000000e-03 8.639999999999999677e-04 -9.999980000000000535e-01 6.526060000000000194e-01 7.576950000000000074e-01 1.647000000000000026e-03 7.576960000000000361e-01 -6.526079999999999659e-01 5.879999999999999810e-04
2.700000000000000000e+01 2.900000000000000000e+01 4.400000000000000000e+01 0.000000000000000000e+00 1.600000000000000089e+00 -1.008999999999999914e-03 -1.763999999999999943e-03 -9.999980000000000535e-01 6.532099999999999573e-01 7.571750000000000425e-01 -1.994999999999999812e-03 7.571769999999999889e-01 -6.532099999999999573e-01 3.879999999999999985e-04
2.100000000000000000e+01 6.500000000000000000e+01 4.600000000000000000e+01 0.000000000000000000e+00 1.600000000000000089e+00 3.213000000000000144e-03 -1.724999999999999971e-03 9.999930000000000208e-01 6.810589999999999700e-01 -7.322199999999999820e-01 -3.451000000000000074e-03 7.322210000000000107e-01 6.810659999999999492e-01 -1.177000000000000095e-03
4.000000000000000000e+00 7.000000000000000000e+01 4.700000000000000000e+01 0.000000000000000000e+00 1.600000000000000089e+00 1.991999999999999847e-03 -4.586999999999999932e-03 -9.999869999999999592e-01 -8.425089999999999524e-01 -5.386819999999999942e-01 7.929999999999999766e-04 -5.386790000000000189e-01 8.424970000000000514e-01 -4.937000000000000416e-03
5.000000000000000000e+00 5.000000000000000000e+00 5.100000000000000000e+01 0.000000000000000000e+00 1.600000000000000089e+00 2.495999999999999955e-03 5.806000000000000397e-03 -9.999799999999999800e-01 4.728879999999999750e-01 -8.811139999999999528e-01 -3.936000000000000262e-03 -8.811189999999999856e-01 -4.728680000000000105e-01 -4.944999999999999743e-03
1.600000000000000000e+01 5.000000000000000000e+00 5.100000000000000000e+01 0.000000000000000000e+00 1.600000000000000089e+00 6.710000000000000469e-04 8.592999999999999944e-03 -9.999630000000000463e-01 4.668459999999999832e-01 -8.843090000000000117e-01 -7.285999999999999942e-03 -8.843379999999999574e-01 -4.668240000000000167e-01 -4.604999999999999719e-03
2.300000000000000000e+01 6.000000000000000000e+00 5.100000000000000000e+01 0.000000000000000000e+00 1.600000000000000089e+00 -2.981999999999999842e-03 1.005200000000000017e-02 -9.999449999999999728e-01 2.874399999999999733e-01 -9.577409999999999535e-01 -1.048499999999999953e-02 -9.577940000000000342e-01 -2.874550000000000161e-01 -3.300000000000000253e-05
7.000000000000000000e+00 1.150000000000000000e+02 5.100000000000000000e+01 0.000000000000000000e+00 1.600000000000000089e+00 6.710000000000000469e-04 2.530000000000000239e-04 1.000000000000000000e+00 8.484270000000000422e-01 -5.293120000000000047e-01 -4.350000000000000026e-04 5.293120000000000047e-01 8.484270000000000422e-01 -5.699999999999999772e-04
2.300000000000000000e+01 7.000000000000000000e+00 5.200000000000000000e+01 0.000000000000000000e+00 1.600000000000000089e+00 -1.221000000000000080e-03 8.736999999999999975e-03 -9.999609999999999888e-01 3.951799999999999757e-02 -9.991799999999999571e-01 -8.777999999999999345e-03 -9.992180000000000506e-01 -3.952699999999999964e-02 8.750000000000000182e-04
5.000000000000000000e+00 6.300000000000000000e+01 5.400000000000000000e+01 0.000000000000000000e+00 1.600000000000000089e+00 1.629999999999999939e-03 -9.489999999999999738e-04 9.999980000000000535e-01 -3.416060000000000207e-01 9.398419999999999552e-01 1.448999999999999984e-03 -9.398419999999999552e-01 -3.416080000000000227e-01 1.208000000000000089e-03
1.000000000000000000e+01 6.300000000000000000e+01 5.400000000000000000e+01 0.000000000000000000e+00 1.600000000000000089e+00 1.776000000000000018e-03 1.044999999999999922e-03 9.999980000000000535e-01 -3.463109999999999800e-01 9.381199999999999539e-01 -3.660000000000000059e-04 -9.381180000000000074e-01 -3.463089999999999780e-01 2.027999999999999855e-03
1.900000000000000000e+01 6.300000000000000000e+01 5.400000000000000000e+01 0.000000000000000000e+00 1.600000000000000089e+00 -8.880000000000000089e-04 -5.400000000000000069e-04 9.999989999999999712e-01 -3.469920000000000226e-01 9.378680000000000350e-01 1.979999999999999881e-04 -9.378680000000000350e-01 -3.469920000000000226e-01 -1.020999999999999989e-03
2.400000000000000000e+01 6.300000000000000000e+01 5.400000000000000000e+01 0.000000000000000000e+00 1.600000000000000089e+00 1.129999999999999955e-04 2.570999999999999935e-03 9.999970000000000248e-01 -3.489149999999999752e-01 9.371509999999999563e-01 -2.370000000000000145e-03 -9.371540000000000425e-01 -3.489140000000000019e-01 1.002999999999999985e-03
2.700000000000000000e+01 6.300000000000000000e+01 5.400000000000000000e+01 0.000000000000000000e+00 1.600000000000000089e+00 2.090000000000000115e-04 4.153999999999999707e-03 9.999909999999999632e-01 -3.542600000000000193e-01 9.351390000000000535e-01 -3.811000000000000151e-03 -9.351469999999999505e-01 -3.542560000000000153e-01 1.667000000000000079e-03
4.000000000000000000e+00 2.500000000000000000e+01 5.500000000000000000e+01 0.000000000000000000e+00 1.600000000000000089e+00 1.378000000000000102e-03 4.722999999999999768e-03 -9.999879999999999880e-01 -9.606999999999999221e-03 -9.999430000000000263e-01 -4.735999999999999759e-03 -9.999529999999999808e-01 9.613999999999999282e-03 -1.332000000000000068e-03
2.300000000000000000e+01 2.500000000000000000e+01 5.500000000000000000e+01 0.000000000000000000e+00 1.600000000000000089e+00 1.435999999999999993e-03 5.831000000000000245e-03 -9.999820000000000375e-01 -1.923199999999999910e-02 -9.997979999999999645e-01 -5.857000000000000227e-03 -9.998139999999999805e-01 1.924000000000000016e-02 -1.324000000000000090e-03
2.000000000000000000e+00 2.100000000000000000e+01 6.000000000000000000e+01 0.000000000000000000e+00 1.600000000000000089e+00 6.800000000000000488e-04 -2.253999999999999927e-03 9.999970000000000248e-01 -9.458400000000000141e-02 9.955140000000000100e-01 2.308000000000000156e-03 -9.955169999999999852e-01 -9.458600000000000341e-02 4.629999999999999784e-04
6.000000000000000000e+00 2.100000000000000000e+01 6.000000000000000000e+01 0.000000000000000000e+00 1.600000000000000089e+00 -7.370000000000000249e-04 -5.699999999999999772e-04 1.000000000000000000e+00 -9.454200000000000104e-02 9.955209999999999892e-01 4.979999999999999618e-04 -9.955209999999999892e-01 -9.454200000000000104e-02 -7.870000000000000476e-04
9.000000000000000000e+00 2.100000000000000000e+01 6.000000000000000000e+01 0.000000000000000000e+00 1.600000000000000089e+00 -1.739000000000000094e-03 -3.641999999999999838e-03 9.999919999999999920e-01 -9.550200000000000355e-02 9.954229999999999468e-01 3.458999999999999835e-03 -9.954279999999999795e-01 -9.549499999999999655e-02 -2.079000000000000119e-03
1.300000000000000000e+01 2.100000000000000000e+01 6.000000000000000000e+01 0.000000000000000000e+00 1.600000000000000089e+00 -3.420000000000000188e-04 2.150000000000000001e-03 9.999980000000000535e-01 -9.551900000000000668e-02 9.954250000000000043e-01 -2.173000000000000018e-03 -9.954279999999999795e-01 -9.551900000000000668e-02 -1.350000000000000017e-04
1.500000000000000000e+01 2.100000000000000000e+01 6.000000000000000000e+01 0.000000000000000000e+00 1.600000000000000089e+00 7.919999999999999523e-04 5.047000000000000271e-03 9.999869999999999592e-01 -9.461799999999999378e-02 9.955009999999999692e-01 -4.949000000000000274e-03 -9.955129999999999812e-01 -9.461300000000000265e-02 1.265999999999999981e-03
2.700000000000000000e+01 2.100000000000000000e+01 6.000000000000000000e+01 0.000000000000000000e+00 1.600000000000000089e+00 -4.840000000000000010e-04 4.925999999999999823e-03 9.999879999999999880e-01 -9.471599999999999464e-02 9.954920000000000435e-01 -4.950000000000000407e-03 -9.955039999999999445e-01 -9.471699999999999564e-02 -1.500000000000000038e-05
2.100000000000000000e+01 6.700000000000000000e+01 6.000000000000000000e+01 0.000000000000000000e+00 1.600000000000000089e+00 -1.077000000000000049e-03 -2.634000000000000057e-03 9.999959999999999960e-01 1.749610000000000054e-01 -9.845720000000000027e-01 -2.405000000000000020e-03 9.845749999999999780e-01 1.749580000000000024e-01 1.521999999999999915e-03
2.700000000000000000e+01 6.700000000000000000e+01 6.000000000000000000e+01 0.000000000000000000e+00 1.600000000000000089e+00 -3.999999999999999819e-06 3.236000000000000161e-03 9.999949999999999672e-01 1.771490000000000009e-01 -9.841790000000000260e-01 3.186000000000000030e-03 9.841839999999999478e-01 1.771479999999999999e-01 -5.689999999999999529e-04
3.000000000000000000e+00 6.000000000000000000e+00 6.100000000000000000e+01 0.000000000000000000e+00 1.600000000000000089e+00 2.354000000000000190e-03 -1.097899999999999918e-02 9.999369999999999647e-01 5.661730000000000373e-01 -8.242209999999999814e-01 -1.038299999999999987e-02 8.242829999999999879e-01 5.661620000000000541e-01 4.276000000000000287e-03
