4.000000000000000000e+00 1.500000000000000000e+01 4.000000000000000000e+00 0.000000000000000000e+00 1.600000000000000089e+00 1.572999999999999962e-03 3.448999999999999809e-03 9.999930000000000208e-01 2.930519999999999792e-01 -9.560920000000000529e-01 2.835999999999999979e-03 9.560950000000000282e-01 2.930449999999999999e-01 -2.514000000000000175e-03
9.000000000000000000e+00 1.500000000000000000e+01 4.000000000000000000e+00 0.000000000000000000e+00 1.600000000000000089e+00 -1.814999999999999990e-03 -1.492600000000000003e-02 9.998869999999999703e-01 2.867169999999999996e-01 -9.579159999999999897e-01 -1.377899999999999958e-02 9.580140000000000322e-01 2.866589999999999971e-01 6.017999999999999912e-03
1.800000000000000000e+01 1.500000000000000000e+01 4.000000000000000000e+00 0.000000000000000000e+00 1.600000000000000089e+00 -2.243000000000000202e-03 -3.451000000000000074e-03 9.999919999999999920e-01 2.862100000000000199e-01 -9.581629999999999869e-01 -2.664999999999999834e-03 9.581640000000000157e-01 2.862020000000000119e-01 3.137000000000000031e-03
2.100000000000000000e+01 1.500000000000000000e+01 4.000000000000000000e+00 0.000000000000000000e+00 1.600000000000000089e+00 6.120000000000000223e-04 1.005000000000000034e-03 9.999989999999999712e-01 2.891489999999999894e-01 -9.572840000000000238e-01 7.849999999999999990e-04 9.572840000000000238e-01 2.891480000000000161e-01 -8.760000000000000425e-04
3.000000000000000000e+01 1.500000000000000000e+01 4.000000000000000000e+00 0.000000000000000000e+00 1.600000000000000089e+00 1.518999999999999951e-03 -4.786000000000000323e-03 9.999869999999999592e-01 3.016280000000000072e-01 -9.534120000000000372e-01 -5.022000000000000422e-03 9.534240000000000492e-01 3.016320000000000112e-01 -5.000000000000000409e-06
2.200000000000000000e+01 1.600000000000000000e+01 4.000000000000000000e+00 0.000000000000000000e+00 1.600000000000000089e+00 2.730999999999999921e-03 4.957999999999999734e-03 9.999839999999999840e-01 3.555119999999999947e-01 -9.346640000000000503e-01 3.663000000000000023e-03 9.346680000000000543e-01 3.554959999999999787e-01 -4.316000000000000392e-03
3.000000000000000000e+00 1.010000000000000000e+02 7.000000000000000000e+00 0.000000000000000000e+00 1.600000000000000089e+00 2.073999999999999889e-03 7.331999999999999976e-03 9.999710000000000543e-01 8.847850000000000437e-01 4.659690000000000221e-01 -5.251999999999999724e-03 -4.659940000000000193e-01 8.847709999999999742e-01 -5.520999999999999866e-03
6.000000000000000000e+00 1.010000000000000000e+02 7.000000000000000000e+00 0.000000000000000000e+00 1.600000000000000089e+00 3.150000000000000131e-04 -1.168399999999999994e-02 9.999320000000000430e-01 8.842759999999999510e-01 4.669360000000000177e-01 5.178000000000000311e-03 -4.669639999999999902e-01 8.842140000000000555e-01 1.047900000000000047e-02
2.600000000000000000e+01 1.010000000000000000e+02 7.000000000000000000e+00 0.000000000000000000e+00 1.600000000000000089e+00 -4.616000000000000311e-03 -2.076400000000000121e-02 9.997740000000000515e-01 8.855790000000000051e-01 4.642870000000000053e-01 1.373100000000000015e-02 -4.644670000000000187e-01 8.854419999999999513e-01 1.624499999999999902e-02
4.000000000000000000e+00 1.500000000000000000e+01 8.000000000000000000e+00 0.000000000000000000e+00 1.600000000000000089e+00 -9.100000000000000287e-05 3.523000000000000090e-03 -9.999940000000000495e-01 -5.805179999999999785e-01 -8.142420000000000213e-01 -2.814999999999999794e-03 -8.142470000000000541e-01 5.805139999999999745e-01 2.118999999999999790e-03
1.100000000000000000e+01 1.500000000000000000e+01 8.000000000000000000e+00 0.000000000000000000e+00 1.600000000000000089e+00 -9.280000000000000054e-04 -1.332400000000000077e-02 -9.999109999999999943e-01 -5.816500000000000004e-01 -8.133590000000000542e-01 1.137799999999999923e-02 -8.134379999999999944e-01 5.816090000000000426e-01 -6.995000000000000349e-03
1.600000000000000000e+01 1.500000000000000000e+01 8.000000000000000000e+00 0.000000000000000000e+00 1.600000000000000089e+00 -5.829999999999999679e-04 -7.452000000000000290e-03 -9.999719999999999720e-01 -5.829640000000000377e-01 -8.124719999999999720e-01 6.394999999999999643e-03 -8.124970000000000248e-01 5.829520000000000257e-01 -3.870000000000000176e-03
1.900000000000000000e+01 1.500000000000000000e+01 8.000000000000000000e+00 0.000000000000000000e+00 1.600000000000000089e+00 -1.500000000000000031e-03 -5.411000000000000011e-03 -9.999839999999999840e-01 -5.829250000000000265e-01 -8.125090000000000368e-01 5.270999999999999644e-03 -8.125250000000000528e-01 5.829229999999999690e-01 -1.935000000000000088e-03
2.200000000000000000e+01 1.500000000000000000e+01 8.000000000000000000e+00 0.000000000000000000e+00 1.600000000000000089e+00 -3.193999999999999791e-03 -2.082000000000000083e-03 -9.999930000000000208e-01 -5.831899999999999862e-01 -8.123280000000000500e-01 3.553999999999999868e-03 -8.123289999999999678e-01 5.831969999999999654e-01 1.379999999999999933e-03
2.600000000000000000e+01 1.500000000000000000e+01 8.000000000000000000e+00 0.000000000000000000e+00 1.600000000000000089e+00 -3.553999999999999868e-03 2.811999999999999830e-03 -9.999900000000000455e-01 -5.838010000000000144e-01 -8.118969999999999798e-01 -2.079999999999999872e-04 -8.118889999999999718e-01 5.837940000000000351e-01 4.526999999999999774e-03
4.000000000000000000e+00 2.600000000000000000e+01 8.000000000000000000e+00 0.000000000000000000e+00 1.600000000000000089e+00 -2.981000000000000143e-03 -1.016000000000000063e-02 -9.999440000000000550e-01 4.077069999999999861e-01 9.130530000000000035e-01 -1.049300000000000059e-02 9.131080000000000307e-01 -4.077149999999999941e-01 1.420999999999999954e-03
8.000000000000000000e+00 2.600000000000000000e+01 8.000000000000000000e+00 0.000000000000000000e+00 1.600000000000000089e+00 -5.760000000000000146e-04 -4.393000000000000203e-03 -9.999900000000000455e-01 4.081219999999999848e-01 9.129169999999999785e-01 -4.244999999999999642e-03 9.129270000000000440e-01 -4.081199999999999828e-01 1.266999999999999897e-03
1.200000000000000000e+01 2.600000000000000000e+01 8.000000000000000000e+00 0.000000000000000000e+00 1.600000000000000089e+00 2.817000000000000060e-03 4.059000000000000108e-03 -9.999879999999999880e-01 4.086949999999999750e-01 9.126579999999999693e-01 4.856000000000000073e-03 9.126670000000000060e-01 -4.087029999999999830e-01 9.120000000000000502e-04
1.700000000000000000e+01 2.600000000000000000e+01 8.000000000000000000e+00 0.000000000000000000e+00 1.600000000000000089e+00 1.946999999999999946e-03 3.291000000000000088e-03 -9.999930000000000208e-01 4.083789999999999920e-01 9.128049999999999775e-01 3.798999999999999860e-03 9.128100000000000103e-01 -4.083829999999999960e-01 4.330000000000000081e-04
2.200000000000000000e+01 2.600000000000000000e+01 8.000000000000000000e+00 0.000000000000000000e+00 1.600000000000000089e+00 1.897000000000000032e-03 6.490000000000000109e-03 -9.999770000000000048e-01 4.071139999999999759e-01 9.133529999999999704e-01 6.700000000000000226e-03 9.133750000000000480e-01 -4.071179999999999799e-01 -9.100000000000000016e-04
2.900000000000000000e+01 2.600000000000000000e+01 8.000000000000000000e+00 0.000000000000000000e+00 1.600000000000000089e+00 1.497000000000000067e-03 9.025000000000000036e-03 -9.999580000000000135e-01 4.061400000000000010e-01 9.137680000000000247e-01 8.855000000000000024e-03 9.138100000000000112e-01 -4.061359999999999970e-01 -2.296999999999999997e-03
4.000000000000000000e+00 2.400000000000000000e+01 9.000000000000000000e+00 0.000000000000000000e+00 1.600000000000000089e+00 -3.083999999999999936e-03 -1.196900000000000047e-02 -9.999240000000000350e-01 4.620540000000000203e-01 8.867699999999999472e-01 -1.204000000000000035e-02 8.868460000000000232e-01 -4.620560000000000223e-01 2.795000000000000175e-03
1.100000000000000000e+01 2.400000000000000000e+01 9.000000000000000000e+00 0.000000000000000000e+00 1.600000000000000089e+00 1.925999999999999978e-03 1.200000000000000030e-05 -9.999980000000000535e-01 4.638599999999999945e-01 8.859080000000000288e-01 9.039999999999999642e-04 8.859059999999999713e-01 -4.638610000000000233e-01 1.701000000000000038e-03
1.600000000000000000e+01 2.400000000000000000e+01 9.000000000000000000e+00 0.000000000000000000e+00 1.600000000000000089e+00 2.080999999999999951e-03 4.634000000000000098e-03 -9.999869999999999592e-01 4.633399999999999741e-01 8.861660000000000093e-01 5.070999999999999987e-03 8.861780000000000213e-01 -4.633439999999999781e-01 -3.029999999999999924e-04
2.100000000000000000e+01 2.400000000000000000e+01 9.000000000000000000e+00 0.000000000000000000e+00 1.600000000000000089e+00 1.820999999999999919e-03 9.924000000000000529e-03 -9.999489999999999768e-01 4.624329999999999830e-01 8.866020000000000012e-01 9.641000000000000264e-03 8.866519999999999957e-01 -4.624269999999999770e-01 -2.975000000000000214e-03
2.400000000000000000e+01 2.400000000000000000e+01 9.000000000000000000e+00 0.000000000000000000e+00 1.600000000000000089e+00 2.132000000000000214e-03 8.316999999999999740e-03 -9.999630000000000463e-01 4.625509999999999899e-01 8.865530000000000355e-01 8.359999999999999376e-03 8.865899999999999892e-01 -4.625520000000000187e-01 -1.956999999999999972e-03
3.000000000000000000e+01 2.400000000000000000e+01 9.000000000000000000e+00 0.000000000000000000e+00 1.600000000000000089e+00 1.335999999999999948e-03 1.024399999999999963e-02 -9.999470000000000303e-01 4.620230000000000170e-01 8.868150000000000199e-01 9.702000000000000554e-03 8.868669999999999609e-01 -4.620110000000000050e-01 -3.547999999999999939e-03
2.700000000000000000e+01 4.000000000000000000e+00 1.100000000000000000e+01 0.000000000000000000e+00 1.600000000000000089e+00 7.680000000000000195e-04 2.208999999999999853e-02 -9.997559999999999780e-01 2.248620000000000063e-01 9.741490000000000427e-01 2.169700000000000101e-02 9.743899999999999784e-01 -2.248239999999999961e-01 -4.218999999999999660e-03
6.000000000000000000e+00 3.500000000000000000e+01 1.200000000000000000e+01 0.000000000000000000e+00 1.600000000000000089e+00 7.020000000000000415e-04 -7.439999999999999782e-04 -9.999989999999999712e-01 4.509560000000000235e-01 -8.925459999999999505e-01 9.810000000000001011e-04 -8.925459999999999505e-01 -4.509569999999999967e-01 -2.910000000000000260e-04
1.000000000000000000e+01 3.500000000000000000e+01 1.200000000000000000e+01 0.000000000000000000e+00 1.600000000000000089e+00 -3.007999999999999823e-03 -3.644000000000000104e-03 -9.999890000000000168e-01 4.608329999999999926e-01 -8.874849999999999683e-01 1.848000000000000033e-03 -8.874819999999999931e-01 -4.608229999999999826e-01 4.348999999999999568e-03
1.300000000000000000e+01 3.500000000000000000e+01 1.200000000000000000e+01 0.000000000000000000e+00 1.600000000000000089e+00 -1.296000000000000060e-03 2.802999999999999936e-03 -9.999949999999999672e-01 4.706350000000000255e-01 -8.823229999999999684e-01 -3.082999999999999803e-03 -8.823269999999999724e-01 -4.706370000000000275e-01 -1.749999999999999982e-04
2.900000000000000000e+01 3.200000000000000000e+01 1.400000000000000000e+01 0.000000000000000000e+00 1.600000000000000089e+00 -2.818000000000000192e-03 -3.370000000000000057e-04 -9.999959999999999960e-01 1.115300000000000041e-01 9.937610000000000054e-01 -6.499999999999999702e-04 9.937570000000000014e-01 -1.115310000000000051e-01 -2.762999999999999831e-03
8.000000000000000000e+00 1.200000000000000000e+01 1.500000000000000000e+01 0.000000000000000000e+00 1.600000000000000089e+00 -2.629999999999999959e-04 3.838999999999999965e-03 -9.999930000000000208e-01 -4.712600000000000122e-01 -8.819890000000000230e-01 -3.262000000000000142e-03 -8.819939999999999447e-01 4.712549999999999795e-01 2.040999999999999846e-03
1.400000000000000000e+01 1.200000000000000000e+01 1.500000000000000000e+01 0.000000000000000000e+00 1.600000000000000089e+00 -1.173999999999999913e-03 -2.027999999999999855e-03 -9.999970000000000248e-01 -4.704760000000000053e-01 -8.824100000000000277e-01 2.341999999999999898e-03 -8.824119999999999742e-01 4.704769999999999786e-01 8.200000000000000095e-05
1.900000000000000000e+01 1.200000000000000000e+01 1.500000000000000000e+01 0.000000000000000000e+00 1.600000000000000089e+00 -1.299999999999999886e-04 -1.240000000000000054e-04 -1.000000000000000000e+00 -4.710050000000000070e-01 -8.821299999999999697e-01 1.700000000000000122e-04 -8.821299999999999697e-01 4.710050000000000070e-01 5.599999999999999916e-05
2.300000000000000000e+01 1.200000000000000000e+01 1.500000000000000000e+01 0.000000000000000000e+00 1.600000000000000089e+00 -1.100000000000000066e-03 -3.618000000000000122e-03 -9.999930000000000208e-01 -4.724920000000000231e-01 -8.813269999999999715e-01 3.707999999999999925e-03 -8.813339999999999508e-01 4.724929999999999963e-01 -7.399999999999999894e-04
7.000000000000000000e+00 1.160000000000000000e+02 1.600000000000000000e+01 0.000000000000000000e+00 1.600000000000000089e+00 -5.829999999999999679e-04 1.946000000000000030e-03 9.999980000000000535e-01 6.582449999999999690e-01 7.528029999999999999e-01 -1.080999999999999930e-03 -7.528029999999999999e-01 6.582430000000000225e-01 -1.719999999999999958e-03
1.300000000000000000e+01 1.160000000000000000e+02 1.600000000000000000e+01 0.000000000000000000e+00 1.600000000000000089e+00 -6.430000000000000169e-04 -2.455999999999999850e-03 9.999970000000000248e-01 6.610690000000000177e-01 7.503220000000000445e-01 2.268000000000000051e-03 -7.503250000000000197e-01 6.610679999999999890e-01 1.141000000000000087e-03
2.500000000000000000e+01 1.160000000000000000e+02 1.600000000000000000e+01 0.000000000000000000e+00 1.600000000000000089e+00 -1.412000000000000061e-03 -1.224000000000000045e-03 9.999980000000000535e-01 6.501130000000000519e-01 7.598359999999999559e-01 1.848000000000000033e-03 -7.598359999999999559e-01 6.501139999999999697e-01 -2.779999999999999811e-04
5.000000000000000000e+00 2.000000000000000000e+00 1.900000000000000000e+01 0.000000000000000000e+00 1.600000000000000089e+00 5.466000000000000372e-03 -5.825000000000000316e-03 -9.999679999999999680e-01 1.959059999999999968e-01 -9.805989999999999984e-01 6.782999999999999967e-03 -9.806070000000000064e-01 -1.959370000000000001e-01 -4.218999999999999660e-03
8.000000000000000000e+00 2.000000000000000000e+00 1.900000000000000000e+01 0.000000000000000000e+00 1.600000000000000089e+00 5.184000000000000240e-03 -6.447999999999999739e-03 -9.999660000000000215e-01 1.979630000000000001e-01 -9.801819999999999977e-01 7.346000000000000099e-03 -9.801959999999999562e-01 -1.979940000000000033e-01 -3.804999999999999789e-03
1.300000000000000000e+01 2.000000000000000000e+00 1.900000000000000000e+01 0.000000000000000000e+00 1.600000000000000089e+00 4.099000000000000213e-03 -1.541999999999999968e-02 -9.998730000000000118e-01 2.034620000000000040e-01 -9.789529999999999621e-01 1.593200000000000172e-02 -9.790739999999999998e-01 -2.035019999999999885e-01 -8.760000000000000425e-04
2.100000000000000000e+01 2.000000000000000000e+00 1.900000000000000000e+01 0.000000000000000000e+00 1.600000000000000089e+00 3.671999999999999917e-03 -7.086000000000000285e-03 -9.999679999999999680e-01 2.097729999999999873e-01 -9.777200000000000335e-01 7.697999999999999982e-03 -9.777430000000000287e-01 -2.097940000000000083e-01 -2.103999999999999967e-03
2.700000000000000000e+01 2.000000000000000000e+00 1.900000000000000000e+01 0.000000000000000000e+00 1.600000000000000089e+00 5.871000000000000350e-03 -6.145000000000000288e-03 -9.999639999999999640e-01 2.081220000000000014e-01 -9.780759999999999454e-01 7.232999999999999846e-03 -9.780849999999999822e-01 -2.081570000000000087e-01 -4.464000000000000086e-03
2.000000000000000000e+01 4.000000000000000000e+00 2.000000000000000000e+01 0.000000000000000000e+00 1.600000000000000089e+00 8.999999999999999754e-04 -1.582999999999999989e-03 -9.999980000000000535e-01 2.921059999999999768e-01 -9.563840000000000119e-01 1.776999999999999934e-03 -9.563850000000000406e-01 -2.921070000000000055e-01 -3.980000000000000248e-04
1.000000000000000000e+01 1.300000000000000000e+01 2.000000000000000000e+01 0.000000000000000000e+00 1.600000000000000089e+00 -3.000000000000000076e-06 -1.389999999999999905e-04 1.000000000000000000e+00 2.558960000000000123e-01 9.667040000000000077e-01 1.350000000000000017e-04 -9.667040000000000077e-01 2.558960000000000123e-01 3.300000000000000253e-05
1.600000000000000000e+01 1.300000000000000000e+01 2.000000000000000000e+01 0.000000000000000000e+00 1.600000000000000089e+00 -1.082999999999999978e-03 -2.487000000000000061e-03 9.999959999999999960e-01 2.568869999999999765e-01 9.664380000000000193e-01 2.681999999999999922e-03 -9.664409999999999945e-01 2.568889999999999785e-01 -4.070000000000000267e-04
2.100000000000000000e+01 1.300000000000000000e+01 2.000000000000000000e+01 0.000000000000000000e+00 1.600000000000000089e+00 3.399999999999999973e-05 3.240000000000000150e-04 1.000000000000000000e+00 2.573329999999999784e-01 9.663230000000000430e-01 -3.220000000000000206e-04 -9.663230000000000430e-01 2.573329999999999784e-01 -5.099999999999999960e-05
3.000000000000000000e+01 1.300000000000000000e+01 2.000000000000000000e+01 0.000000000000000000e+00 1.600000000000000089e+00 1.196999999999999930e-03 1.794999999999999938e-03 9.999980000000000535e-01 2.555499999999999994e-01 9.667940000000000422e-01 -2.041999999999999978e-03 -9.667949999999999600e-01 2.555520000000000014e-01 6.989999999999999686e-04
7.000000000000000000e+00 1.600000000000000000e+01 2.100000000000000000e+01 0.000000000000000000e+00 1.600000000000000089e+00 8.580000000000000387e-04 7.368999999999999682e-03 9.999730000000000008e-01 3.007850000000000246e-01 9.536639999999999562e-01 -7.285999999999999942e-03 -9.536919999999999842e-01 3.007830000000000226e-01 -1.397999999999999937e-03
5.000000000000000000e+00 4.600000000000000000e+01 2.700000000000000000e+01 0.000000000000000000e+00 1.600000000000000089e+00 -1.567999999999999949e-03 3.959999999999999762e-04 -9.999989999999999712e-01 6.556469999999999798e-01 7.550670000000000437e-01 -7.290000000000000473e-04 7.550660000000000149e-01 -6.556469999999999798e-01 -1.443000000000000055e-03
1.900000000000000000e+01 4.600000000000000000e+01 2.700000000000000000e+01 0.000000000000000000e+00 1.600000000000000089e+00 2.138000000000000143e-03 4.600000000000000004e-05 -9.999980000000000535e-01 6.598209999999999908e-01 7.514210000000000056e-01 1.446000000000000020e-03 7.514199999999999768e-01 -6.598230000000000484e-01 1.575999999999999927e-03
1.000000000000000000e+01 4.600000000000000000e+01 3.000000000000000000e+01 0.000000000000000000e+00 1.600000000000000089e+00 3.499999999999999693e-05 -1.920000000000000049e-04 -1.000000000000000000e+00 3.298309999999999853e-01 9.440399999999999903e-01 -1.700000000000000122e-04 9.440399999999999903e-01 -3.298309999999999853e-01 9.699999999999999963e-05
1.000000000000000000e+00 5.800000000000000000e+01 3.100000000000000000e+01 0.000000000000000000e+00 1.600000000000000089e+00 5.748999999999999770e-03 1.205700000000000001e-02 9.999109999999999943e-01 -7.636150000000000437e-01 -6.455570000000000475e-01 1.217400000000000079e-02 6.456469999999999709e-01 -7.636169999999999902e-01 5.496000000000000017e-03
7.000000000000000000e+00 5.800000000000000000e+01 3.100000000000000000e+01 0.000000000000000000e+00 1.600000000000000089e+00 2.634000000000000057e-03 -2.880000000000000181e-03 9.999919999999999920e-01 -7.654250000000000220e-01 -6.435250000000000137e-01 1.630000000000000047e-04 6.435189999999999522e-01 -7.654199999999999893e-01 -3.899000000000000122e-03
1.400000000000000000e+01 5.800000000000000000e+01 3.100000000000000000e+01 0.000000000000000000e+00 1.600000000000000089e+00 -2.196000000000000035e-03 -5.309000000000000351e-03 9.999829999999999552e-01 -7.678719999999999990e-01 -6.405830000000000135e-01 -5.087000000000000376e-03 6.405990000000000295e-01 -7.678709999999999702e-01 -2.670000000000000064e-03
2.100000000000000000e+01 5.800000000000000000e+01 3.100000000000000000e+01 0.000000000000000000e+00 1.600000000000000089e+00 -1.515000000000000071e-03 2.952000000000000197e-03 9.999940000000000495e-01 -7.732339999999999769e-01 -6.341200000000000170e-01 7.010000000000000172e-04 6.341189999999999882e-01 -7.732290000000000552e-01 3.242999999999999789e-03
2.500000000000000000e+01 5.800000000000000000e+01 3.100000000000000000e+01 0.000000000000000000e+00 1.600000000000000089e+00 6.569000000000000186e-03 6.929000000000000263e-03 9.999540000000000095e-01 -7.740949999999999775e-01 -6.329989999999999783e-01 9.471000000000000252e-03 6.330360000000000431e-01 -7.741219999999999768e-01 1.206000000000000041e-03
2.700000000000000000e+01 5.800000000000000000e+01 3.100000000000000000e+01 0.000000000000000000e+00 1.600000000000000089e+00 8.916000000000000314e-03 9.613999999999999282e-03 9.999139999999999695e-01 -7.728490000000000082e-01 -6.344560000000000199e-01 1.299200000000000008e-02 6.345269999999999522e-01 -7.728990000000000027e-01 1.773999999999999969e-03
3.000000000000000000e+00 4.600000000000000000e+01 3.500000000000000000e+01 0.000000000000000000e+00 1.600000000000000089e+00 5.980000000000000072e-04 4.899999999999999842e-03 -9.999879999999999880e-01 3.854489999999999861e-01 -9.227189999999999559e-01 -4.290999999999999676e-03 -9.227290000000000214e-01 -3.854420000000000068e-01 -2.439999999999999895e-03
7.000000000000000000e+00 4.600000000000000000e+01 3.500000000000000000e+01 0.000000000000000000e+00 1.600000000000000089e+00 3.420000000000000188e-04 -5.509999999999999490e-04 -1.000000000000000000e+00 3.860299999999999843e-01 -9.224860000000000282e-01 6.400000000000000524e-04 -9.224860000000000282e-01 -3.860299999999999843e-01 -1.029999999999999964e-04
1.300000000000000000e+01 4.600000000000000000e+01 3.500000000000000000e+01 0.000000000000000000e+00 1.600000000000000089e+00 -2.680000000000000090e-04 4.699999999999999859e-04 -1.000000000000000000e+00 3.855859999999999843e-01 -9.226720000000000477e-01 -5.370000000000000424e-04 -9.226720000000000477e-01 -3.855859999999999843e-01 6.499999999999999431e-05
1.800000000000000000e+01 4.600000000000000000e+01 3.500000000000000000e+01 0.000000000000000000e+00 1.600000000000000089e+00 -5.090000000000000123e-04 -2.141999999999999807e-03 -9.999980000000000535e-01 3.857400000000000273e-01 -9.226060000000000372e-01 1.779999999999999898e-03 -9.226069999999999549e-01 -3.857380000000000253e-01 1.296000000000000060e-03
2.400000000000000000e+01 4.600000000000000000e+01 3.500000000000000000e+01 0.000000000000000000e+00 1.600000000000000089e+00 -5.360000000000000181e-04 1.484999999999999992e-03 -9.999989999999999712e-01 3.854500000000000148e-01 -9.227269999999999639e-01 -1.577000000000000060e-03 -9.227279999999999927e-01 -3.854509999999999881e-01 -7.799999999999999859e-05
4.000000000000000000e+00 9.500000000000000000e+01 3.600000000000000000e+01 0.000000000000000000e+00 1.600000000000000089e+00 -3.159999999999999832e-04 4.961000000000000132e-03 9.999879999999999880e-01 9.976469999999999505e-01 6.856199999999999795e-02 -2.500000000000000120e-05 -6.856099999999999695e-02 9.976350000000000495e-01 -4.970999999999999724e-03
7.000000000000000000e+00 9.500000000000000000e+01 3.600000000000000000e+01 0.000000000000000000e+00 1.600000000000000089e+00 4.274000000000000021e-03 7.926000000000000753e-03 9.999590000000000423e-01 9.974239999999999773e-01 7.156899999999999373e-02 -4.830000000000000092e-03 -7.160500000000000198e-02 9.974039999999999573e-01 -7.599999999999999985e-03
2.100000000000000000e+01 9.500000000000000000e+01 3.600000000000000000e+01 0.000000000000000000e+00 1.600000000000000089e+00 -4.310000000000000137e-04 -1.312699999999999978e-02 9.999139999999999695e-01 9.974830000000000085e-01 7.088999999999999468e-02 1.360000000000000098e-03 -7.090100000000000569e-02 9.973980000000000068e-01 1.306299999999999996e-02
2.800000000000000000e+01 9.500000000000000000e+01 3.600000000000000000e+01 0.000000000000000000e+00 1.600000000000000089e+00 -1.325000000000000006e-03 4.618699999999999889e-02 9.989320000000000421e-01 9.981400000000000272e-01 6.095300000000000024e-02 -1.495000000000000018e-03 -6.095699999999999730e-02 9.970710000000000406e-01 -4.618200000000000083e-02
5.000000000000000000e+00 3.000000000000000000e+00 4.300000000000000000e+01 0.000000000000000000e+00 1.600000000000000089e+00 -1.603000000000000041e-03 -6.752000000000000189e-03 -9.999759999999999760e-01 7.395119999999999472e-01 -6.731350000000000389e-01 3.359000000000000007e-03 -6.731420000000000181e-01 -7.394889999999999519e-01 6.072000000000000140e-03
1.500000000000000000e+01 3.000000000000000000e+00 4.300000000000000000e+01 0.000000000000000000e+00 1.600000000000000089e+00 -2.618000000000000101e-03 -2.521999999999999936e-02 -9.996779999999999555e-01 7.356810000000000294e-01 -6.771580000000000377e-01 1.515700000000000033e-02 -6.773230000000000084e-01 -7.354049999999999754e-01 2.032700000000000132e-02
2.800000000000000000e+01 3.000000000000000000e+00 4.300000000000000000e+01 0.000000000000000000e+00 1.600000000000000089e+00 7.309999999999999658e-03 2.311799999999999966e-02 -9.997059999999999835e-01 7.411889999999999867e-01 -6.712209999999999566e-01 -1.010199999999999987e-02 -6.712569999999999926e-01 -7.408970000000000278e-01 -2.204199999999999909e-02
2.400000000000000000e+01 8.000000000000000000e+00 4.400000000000000000e+01 0.000000000000000000e+00 1.600000000000000089e+00 -3.710000000000000190e-03 7.590000000000000175e-04 9.999930000000000208e-01 -7.776380000000000514e-01 -6.287080000000000446e-01 -2.407999999999999984e-03 6.287019999999999831e-01 -7.776410000000000267e-01 2.922999999999999817e-03
3.000000000000000000e+00 2.900000000000000000e+01 4.400000000000000000e+01 0.000000000000000000e+00 1.600000000000000089e+00 -1.154000000000000078e-03 -6.319999999999999663e-04 -9.999989999999999712e-01 6.714780000000000193e-01 7.410229999999999873e-01 -1.242999999999999964e-03 7.410229999999999873e-01 -6.714790000000000481e-01 -4.310000000000000137e-04
7.000000000000000000e+00 2.900000000000000000e+01 4.400000000000000000e+01 0.000000000000000000e+00 1.600000000000000089e+00 -1.801999999999999999e-03 3.609999999999999928e-04 -9.999980000000000535e-01 6.705100000000000504e-01 7.419000000000000039e-01 -9.409999999999999962e-04 7.418979999999999464e-01 -6.705109999999999681e-01 -1.579000000000000108e-03
1.100000000000000000e+01 2.900000000000000000e+01 4.400000000000000000e+01 0.000000000000000000e+00 1.600000000000000089e+00 1.435000000000000078e-03 3.119999999999999944e-04 -9.999989999999999712e-01 6.744409999999999572e-01 7.383279999999999843e-01 1.198000000000000063e-03 7.383269999999999555e-01 -6.744419999999999860e-01 8.490000000000000368e-04
1.400000000000000000e+01 2.900000000000000000e+01 4.400000000000000000e+01 0.000000000000000000e+00 1.600000000000000089e+00 2.112000000000000162e-03 -4.101999999999999744e-03 -9.999890000000000168e-01 6.794059999999999544e-01 7.337609999999999966e-01 -1.575000000000000011e-03 7.337590000000000501e-01 -6.793959999999999999e-01 4.336999999999999710e-03
2.000000000000000000e+01 2.900000000000000000e+01 4.400000000000000000e+01 0.000000000000000000e+00 1.600000000000000089e+00 1.605000000000000090e-03 7.529999999999999801e-04 -9.999980000000000535e-01 6.824799999999999756e-01 7.309020000000000516e-01 1.645999999999999894e-03 7.309020000000000516e-01 -6.824820000000000331e-01 6.589999999999999721e-04
2.300000000000000000e+01 2.900000000000000000e+01 4.400000000000000000e+01 0.000000000000000000e+00 1.600000000000000089e+00 2.075000000000000022e-03 2.640000000000000202e-04 -9.999980000000000535e-01 6.810380000000000322e-01 7.322459999999999525e-01 1.606999999999999922e-03 7.322450000000000347e-01 -6.810399999999999787e-01 1.340000000000000045e-03
6.000000000000000000e+00 6.000000000000000000e+00 5.100000000000000000e+01 0.000000000000000000e+00 1.600000000000000089e+00 -5.529999999999999976e-04 4.393000000000000203e-03 -9.999900000000000455e-01 3.194190000000000085e-01 -9.476040000000000019e-01 -4.340000000000000108e-03 -9.476139999999999564e-01 -3.194179999999999797e-01 -8.800000000000000313e-04
1.700000000000000000e+01 7.000000000000000000e+00 5.200000000000000000e+01 0.000000000000000000e+00 1.600000000000000089e+00 -6.200999999999999915e-03 -7.642999999999999620e-03 -9.999519999999999520e-01 1.364070000000000005e-01 -9.906300000000000106e-01 6.726000000000000208e-03 -9.906340000000000146e-01 -1.363580000000000070e-01 7.185999999999999679e-03
2.900000000000000000e+01 7.000000000000000000e+00 5.200000000000000000e+01 0.000000000000000000e+00 1.600000000000000089e+00 5.975000000000000276e-03 -1.327000000000000055e-03 -9.999810000000000088e-01 7.640500000000000069e-02 -9.970750000000000446e-01 1.779999999999999898e-03 -9.970590000000000286e-01 -7.641499999999999682e-02 -5.856000000000000094e-03
6.000000000000000000e+00 6.300000000000000000e+01 5.400000000000000000e+01 0.000000000000000000e+00 1.600000000000000089e+00 -4.470000000000000232e-04 1.051999999999999984e-03 9.999989999999999712e-01 -3.604519999999999946e-01 9.327769999999999673e-01 -1.142999999999999919e-03 -9.327779999999999960e-01 -3.604519999999999946e-01 -3.800000000000000209e-05
9.000000000000000000e+00 6.300000000000000000e+01 5.400000000000000000e+01 0.000000000000000000e+00 1.600000000000000089e+00 -1.582999999999999989e-03 5.900000000000000296e-04 9.999989999999999712e-01 -3.537569999999999881e-01 9.353369999999999740e-01 -1.111999999999999924e-03 -9.353359999999999452e-01 -3.537580000000000169e-01 -1.271999999999999910e-03
1.500000000000000000e+01 6.300000000000000000e+01 5.400000000000000000e+01 0.000000000000000000e+00 1.600000000000000089e+00 -9.070000000000000371e-04 5.559999999999999621e-04 9.999989999999999712e-01 -3.534479999999999844e-01 9.354540000000000077e-01 -8.409999999999999507e-04 -9.354540000000000077e-01 -3.534479999999999844e-01 -6.520000000000000188e-04
2.300000000000000000e+01 6.300000000000000000e+01 5.400000000000000000e+01 0.000000000000000000e+00 1.600000000000000089e+00 1.397999999999999937e-03 -8.890000000000000333e-04 9.999989999999999712e-01 -3.481170000000000098e-01 9.374500000000000055e-01 1.319999999999999993e-03 -9.374500000000000055e-01 -3.481179999999999830e-01 1.002000000000000069e-03
5.000000000000000000e+00 2.500000000000000000e+01 5.500000000000000000e+01 0.000000000000000000e+00 1.600000000000000089e+00 1.144000000000000052e-03 1.157999999999999958e-03 -9.999989999999999712e-01 -1.209400000000000058e-02 -9.999259999999999815e-01 -1.172000000000000082e-03 -9.999259999999999815e-01 1.209600000000000085e-02 -1.129999999999999928e-03
1.100000000000000000e+01 2.500000000000000000e+01 5.500000000000000000e+01 0.000000000000000000e+00 1.600000000000000089e+00 9.700000000000000505e-04 9.439999999999999607e-04 -9.999989999999999712e-01 -1.379999999999999977e-02 -9.999040000000000150e-01 -9.569999999999999514e-04 -9.999040000000000150e-01 1.380100000000000077e-02 -9.569999999999999514e-04
2.200000000000000000e+01 2.500000000000000000e+01 5.500000000000000000e+01 0.000000000000000000e+00 1.600000000000000089e+00 -3.099999999999999999e-04 -3.400000000000000244e-04 -1.000000000000000000e+00 -1.114399999999999939e-02 -9.999379999999999935e-01 3.440000000000000132e-04 -9.999379999999999935e-01 1.114399999999999939e-02 3.060000000000000111e-04
2.700000000000000000e+01 2.500000000000000000e+01 5.500000000000000000e+01 0.000000000000000000e+00 1.600000000000000089e+00 -1.729000000000000068e-03 -4.335000000000000311e-03 -9.999890000000000168e-01 -1.244100000000000067e-02 -9.999130000000000518e-01 4.355999999999999629e-03 -9.999209999999999487e-01 1.244800000000000073e-02 1.675000000000000057e-03
2.000000000000000000e+00 6.800000000000000000e+01 5.700000000000000000e+01 0.000000000000000000e+00 1.600000000000000089e+00 1.165999999999999936e-03 -3.567999999999999991e-03 -9.999930000000000208e-01 -2.447459999999999913e-01 -9.695820000000000549e-01 3.174000000000000172e-03 -9.695859999999999479e-01 2.447409999999999863e-01 -2.004000000000000139e-03
1.600000000000000000e+01 2.100000000000000000e+01 6.000000000000000000e+01 0.000000000000000000e+00 1.600000000000000089e+00 -2.539999999999999940e-04 4.370999999999999885e-03 9.999900000000000455e-01 -9.374300000000000688e-02 9.955869999999999997e-01 -4.375999999999999682e-03 -9.955960000000000365e-01 -9.374300000000000688e-02 1.569999999999999944e-04
2.200000000000000000e+01 2.100000000000000000e+01 6.000000000000000000e+01 0.000000000000000000e+00 1.600000000000000089e+00 2.089000000000000145e-03 5.249000000000000193e-03 9.999839999999999840e-01 -9.611799999999999511e-02 9.953570000000000473e-01 -5.023999999999999820e-03 -9.953680000000000305e-01 -9.610599999999999699e-02 2.583999999999999925e-03
2.300000000000000000e+01 3.000000000000000000e+00 6.300000000000000000e+01 0.000000000000000000e+00 1.600000000000000089e+00 -2.959999999999999958e-03 1.734000000000000081e-03 9.999940000000000495e-01 -6.125549999999999606e-01 7.904210000000000402e-01 -3.184000000000000198e-03 -7.904219999999999580e-01 -6.125610000000000221e-01 -1.276999999999999923e-03
4.000000000000000000e+00 2.700000000000000000e+01 6.300000000000000000e+01 0.000000000000000000e+00 1.600000000000000089e+00 2.201999999999999964e-03 -2.975999999999999913e-03 9.999930000000000208e-01 -2.712140000000000106e-01 9.625129999999999519e-01 3.461999999999999800e-03 -9.625169999999999559e-01 -2.712200000000000166e-01 1.312999999999999931e-03
1.100000000000000000e+01 2.700000000000000000e+01 6.300000000000000000e+01 0.000000000000000000e+00 1.600000000000000089e+00 -2.089000000000000145e-03 2.569999999999999802e-03 9.999949999999999672e-01 -2.742859999999999743e-01 9.616430000000000256e-01 -3.043999999999999831e-03 -9.616460000000000008e-01 -2.742910000000000070e-01 -1.304000000000000038e-03
1.800000000000000000e+01 2.700000000000000000e+01 6.300000000000000000e+01 0.000000000000000000e+00 1.600000000000000089e+00 7.839999999999999747e-04 6.399999999999999710e-05 1.000000000000000000e+00 -2.808559999999999945e-01 9.597499999999999920e-01 1.579999999999999916e-04 -9.597499999999999920e-01 -2.808559999999999945e-01 7.699999999999999597e-04
2.500000000000000000e+01 2.700000000000000000e+01 6.300000000000000000e+01 0.000000000000000000e+00 1.600000000000000089e+00 -9.820000000000000170e-04 2.863999999999999792e-03 9.999949999999999672e-01 -2.793999999999999817e-01 9.601699999999999680e-01 -3.024000000000000212e-03 -9.601739999999999720e-01 -2.794019999999999837e-01 -1.430000000000000064e-04
3.000000000000000000e+01 2.700000000000000000e+01 6.300000000000000000e+01 0.000000000000000000e+00 1.600000000000000089e+00 -1.183000000000000024e-03 -8.359000000000000111e-03 9.999639999999999640e-01 -2.799989999999999979e-01 9.599689999999999612e-01 7.693000000000000185e-03 -9.599999999999999645e-01 -2.799800000000000066e-01 -3.475999999999999923e-03
1.000000000000000000e+01 2.600000000000000000e+01 6.400000000000000000e+01 0.000000000000000000e+00 1.600000000000000089e+00 -1.814000000000000074e-03 -1.030000000000000100e-03 9.999980000000000535e-01 -3.524070000000000258e-01 9.358469999999999844e-01 3.249999999999999851e-04 -9.358450000000000379e-01 -3.524059999999999970e-01 -2.060999999999999898e-03
1.600000000000000000e+01 2.600000000000000000e+01 6.400000000000000000e+01 0.000000000000000000e+00 1.600000000000000089e+00 -3.499999999999999964e-04 -6.639999999999999852e-04 1.000000000000000000e+00 -3.613589999999999858e-01 9.324270000000000058e-01 4.929999999999999487e-04 -9.324270000000000058e-01 -3.613589999999999858e-01 -5.659999999999999884e-04
1.900000000000000000e+01 2.600000000000000000e+01 6.400000000000000000e+01 0.000000000000000000e+00 1.600000000000000089e+00 1.838000000000000007e-03 2.260999999999999989e-03 9.999959999999999960e-01 -3.642810000000000215e-01 9.312880000000000047e-01 -1.435999999999999993e-03 -9.312869999999999759e-01 -3.642770000000000175e-01 2.534999999999999927e-03
2.400000000000000000e+01 2.600000000000000000e+01 6.400000000000000000e+01 0.000000000000000000e+00 1.600000000000000089e+00 -4.360000000000000269e-04 4.584999999999999666e-03 9.999890000000000168e-01 -3.634720000000000173e-01 9.315949999999999509e-01 -4.429999999999999910e-03 -9.316050000000000164e-01 -3.634700000000000153e-01 1.260000000000000052e-03
3.000000000000000000e+01 2.600000000000000000e+01 6.400000000000000000e+01 0.000000000000000000e+00 1.600000000000000089e+00 -1.719000000000000042e-03 -8.696000000000000604e-03 9.999609999999999888e-01 -3.626530000000000031e-01 9.318940000000000001e-01 7.479999999999999670e-03 -9.319229999999999459e-01 -3.626260000000000039e-01 -4.755999999999999811e-03
1.300000000000000000e+01 6.900000000000000000e+01 6.600000000000000000e+01 0.000000000000000000e+00 1.600000000000000089e+00 1.022299999999999945e-02 -8.439999999999999586e-03 9.999120000000000230e-01 -9.530720000000000303e-01 3.024939999999999851e-01 1.229700000000000064e-02 -3.025720000000000076e-01 -9.531140000000000168e-01 -4.950999999999999672e-03
2.100000000000000000e+01 6.900000000000000000e+01 6.600000000000000000e+01 0.000000000000000000e+00 1.600000000000000089e+00 5.465000000000000240e-03 -8.180000000000000422e-04 9.999850000000000128e-01 -9.532840000000000202e-01 3.020260000000000167e-01 5.457000000000000045e-03 -3.020249999999999879e-01 -9.532990000000000075e-01 8.710000000000000294e-04
2.500000000000000000e+01 3.100000000000000000e+01 7.100000000000000000e+01 0.000000000000000000e+00 1.600000000000000089e+00 6.380000000000000037e-04 4.690000000000000158e-04 -1.000000000000000000e+00 -7.112370000000000081e-01 -7.029520000000000213e-01 -7.829999999999999504e-04 -7.029520000000000213e-01 7.112370000000000081e-01 -1.150000000000000035e-04
3.000000000000000000e+01 2.500000000000000000e+01 7.300000000000000000e+01 0.000000000000000000e+00 1.600000000000000089e+00 3.634000000000000077e-03 7.470000000000000511e-04 9.999930000000000208e-01 7.430830000000000490e-01 -6.691949999999999843e-01 -2.200000000000000133e-03 6.691890000000000338e-01 7.430860000000000243e-01 -2.987000000000000072e-03
2.000000000000000000e+00 4.400000000000000000e+01 7.300000000000000000e+01 0.000000000000000000e+00 1.600000000000000089e+00 -1.630000000000000047e-04 -3.190000000000000019e-04 1.000000000000000000e+00 4.805000000000000243e-02 -9.988449999999999829e-01 -3.110000000000000243e-04 9.988449999999999829e-01 4.805000000000000243e-02 1.779999999999999898e-04
5.000000000000000000e+00 4.400000000000000000e+01 7.300000000000000000e+01 0.000000000000000000e+00 1.600000000000000089e+00 1.946999999999999946e-03 7.179999999999999967e-04 9.999980000000000535e-01 4.973999999999999949e-02 -9.987620000000000386e-01 6.199999999999999999e-04 9.987599999999999811e-01 4.973799999999999749e-02 -1.979999999999999989e-03
1.300000000000000000e+01 4.400000000000000000e+01 7.300000000000000000e+01 0.000000000000000000e+00 1.600000000000000089e+00 -2.652999999999999976e-03 -3.135000000000000200e-03 9.999919999999999920e-01 4.762700000000000267e-02 -9.988609999999999989e-01 -3.004999999999999859e-03 9.988620000000000276e-01 4.761900000000000160e-02 2.799999999999999972e-03
1.900000000000000000e+01 4.400000000000000000e+01 7.300000000000000000e+01 0.000000000000000000e+00 1.600000000000000089e+00 1.028000000000000051e-03 -2.095000000000000074e-03 9.999970000000000248e-01 4.404500000000000082e-02 -9.990269999999999984e-01 -2.138000000000000143e-03 9.990289999999999448e-01 4.404700000000000282e-02 -9.349999999999999587e-04
2.300000000000000000e+01 4.400000000000000000e+01 7.300000000000000000e+01 0.000000000000000000e+00 1.600000000000000089e+00 1.168999999999999900e-03 -3.893999999999999892e-03 9.999919999999999920e-01 4.385399999999999715e-02 -9.990299999999999736e-01 -3.941000000000000059e-03 9.990369999999999528e-01 4.385800000000000115e-02 -9.970000000000000563e-04
