7.000000000000000000e+00 1.500000000000000000e+01 4.000000000000000000e+00 0.000000000000000000e+00 1.600000000000000089e+00 -1.958999999999999804e-03 9.972999999999999227e-03 9.999479999999999480e-01 2.926150000000000140e-01 -9.561770000000000547e-01 1.010899999999999993e-02 9.562279999999999669e-01 2.926199999999999912e-01 -1.044999999999999922e-03
1.300000000000000000e+01 1.500000000000000000e+01 4.000000000000000000e+00 0.000000000000000000e+00 1.600000000000000089e+00 2.461000000000000080e-03 2.421999999999999847e-02 9.997040000000000370e-01 2.904820000000000180e-01 -9.566170000000000506e-01 2.246099999999999833e-02 9.568769999999999776e-01 2.903399999999999870e-01 -9.390000000000000777e-03
1.800000000000000000e+01 1.500000000000000000e+01 4.000000000000000000e+00 0.000000000000000000e+00 1.600000000000000089e+00 4.568000000000000012e-03 3.164100000000000246e-02 9.994889999999999608e-01 2.948589999999999822e-01 -9.551039999999999530e-01 2.888800000000000048e-02 9.555299999999999905e-01 2.945769999999999778e-01 -1.369199999999999931e-02
2.400000000000000000e+01 1.500000000000000000e+01 4.000000000000000000e+00 0.000000000000000000e+00 1.600000000000000089e+00 -5.556000000000000175e-03 9.365000000000000061e-03 9.999409999999999688e-01 2.944309999999999983e-01 -9.556139999999999635e-01 1.058500000000000066e-02 9.556569999999999787e-01 2.944720000000000115e-01 2.552000000000000015e-03
2.700000000000000000e+01 1.500000000000000000e+01 4.000000000000000000e+00 0.000000000000000000e+00 1.600000000000000089e+00 -4.897999999999999576e-03 5.720000000000000258e-03 9.999719999999999720e-01 2.920749999999999735e-01 -9.563700000000000534e-01 6.901000000000000016e-03 9.563829999999999831e-01 2.921009999999999995e-01 3.014000000000000186e-03
9.000000000000000000e+00 1.500000000000000000e+01 8.000000000000000000e+00 0.000000000000000000e+00 1.600000000000000089e+00 5.276000000000000308e-03 1.210600000000000044e-02 -9.999130000000000518e-01 -5.937200000000000255e-01 -8.045689999999999786e-01 -1.287300000000000076e-02 -8.046539999999999804e-01 5.937360000000000415e-01 2.942999999999999870e-03
1.300000000000000000e+01 1.500000000000000000e+01 8.000000000000000000e+00 0.000000000000000000e+00 1.600000000000000089e+00 4.022999999999999667e-03 2.272899999999999920e-02 -9.997340000000000115e-01 -5.910800000000000498e-01 -8.063470000000000359e-01 -2.071100000000000024e-02 -8.066029999999999589e-01 5.910060000000000313e-01 1.019100000000000041e-02
1.700000000000000000e+01 1.500000000000000000e+01 8.000000000000000000e+00 0.000000000000000000e+00 1.600000000000000089e+00 3.975000000000000235e-03 3.025699999999999917e-02 -9.995340000000000336e-01 -5.887499999999999956e-01 -8.078710000000000058e-01 -2.679700000000000137e-02 -8.083050000000000512e-01 5.885820000000000496e-01 1.460200000000000040e-02
2.100000000000000000e+01 1.500000000000000000e+01 8.000000000000000000e+00 0.000000000000000000e+00 1.600000000000000089e+00 7.435999999999999902e-03 1.856899999999999870e-02 -9.998000000000000220e-01 -5.862119999999999553e-01 -8.099250000000000060e-01 -1.940199999999999911e-02 -8.101239999999999553e-01 5.862389999999999546e-01 4.863000000000000135e-03
2.600000000000000000e+01 1.500000000000000000e+01 8.000000000000000000e+00 0.000000000000000000e+00 1.600000000000000089e+00 9.062000000000000610e-03 8.205999999999999753e-03 -9.999249999999999527e-01 -5.824880000000000058e-01 -8.127510000000000012e-01 -1.194899999999999955e-02 -8.127879999999999550e-01 5.825529999999999875e-01 -2.585000000000000058e-03
2.700000000000000000e+01 2.600000000000000000e+01 8.000000000000000000e+00 0.000000000000000000e+00 1.600000000000000089e+00 -8.944000000000000561e-03 -1.433099999999999999e-02 -9.998569999999999958e-01 4.041290000000000160e-01 9.145489999999999453e-01 -1.672299999999999828e-02 9.146579999999999711e-01 -4.042209999999999970e-01 -2.387999999999999932e-03
1.300000000000000000e+01 2.400000000000000000e+01 9.000000000000000000e+00 0.000000000000000000e+00 1.600000000000000089e+00 -4.937000000000000416e-03 -8.035000000000000475e-03 -9.999559999999999560e-01 4.536850000000000049e-01 8.911130000000000440e-01 -9.400000000000000369e-03 8.911480000000000512e-01 -4.537109999999999754e-01 -7.540000000000000044e-04
2.100000000000000000e+01 2.400000000000000000e+01 9.000000000000000000e+00 0.000000000000000000e+00 1.600000000000000089e+00 -5.398000000000000020e-03 -1.457499999999999941e-02 -9.998789999999999623e-01 4.573570000000000135e-01 8.891489999999999672e-01 -1.542999999999999927e-02 8.892670000000000297e-01 -4.573849999999999860e-01 1.866000000000000037e-03
8.000000000000000000e+00 4.000000000000000000e+00 1.100000000000000000e+01 0.000000000000000000e+00 1.600000000000000089e+00 3.910000000000000172e-04 -9.299999999999999239e-03 -9.999569999999999848e-01 1.765589999999999937e-01 9.842480000000000118e-01 -9.084999999999999326e-03 9.842899999999999983e-01 -1.765480000000000105e-01 2.027000000000000156e-03
1.400000000000000000e+01 4.000000000000000000e+00 1.100000000000000000e+01 0.000000000000000000e+00 1.600000000000000089e+00 -1.402000000000000034e-03 -2.108900000000000011e-02 -9.997770000000000268e-01 1.821450000000000014e-01 9.830480000000000329e-01 -2.099099999999999924e-02 9.832710000000000061e-01 -1.821339999999999903e-01 2.462999999999999912e-03
2.400000000000000000e+01 4.000000000000000000e+00 1.100000000000000000e+01 0.000000000000000000e+00 1.600000000000000089e+00 -1.110000000000000011e-04 -1.770000000000000089e-03 -9.999980000000000535e-01 1.943239999999999967e-01 9.809360000000000301e-01 -1.758000000000000014e-03 9.809369999999999479e-01 -1.943239999999999967e-01 2.349999999999999930e-04
2.700000000000000000e+01 4.000000000000000000e+00 1.100000000000000000e+01 0.000000000000000000e+00 1.600000000000000089e+00 4.789999999999999879e-04 2.876000000000000084e-03 -9.999959999999999960e-01 1.921680000000000055e-01 9.813579999999999526e-01 2.915000000000000056e-03 9.813619999999999566e-01 -1.921690000000000065e-01 -8.299999999999999815e-05
2.700000000000000000e+01 1.040000000000000000e+02 1.100000000000000000e+01 0.000000000000000000e+00 1.600000000000000089e+00 2.553999999999999847e-03 6.210000000000000242e-04 9.999959999999999960e-01 -9.747360000000000468e-01 -2.233449999999999880e-01 2.628000000000000128e-03 2.233459999999999890e-01 -9.747390000000000221e-01 3.499999999999999693e-05
1.300000000000000000e+01 3.100000000000000000e+01 1.200000000000000000e+01 0.000000000000000000e+00 1.600000000000000089e+00 1.859999999999999945e-04 -1.683999999999999950e-03 9.999989999999999712e-01 -2.021200000000000080e-02 9.997939999999999605e-01 1.686999999999999915e-03 -9.997960000000000180e-01 -2.021200000000000080e-02 1.520000000000000084e-04
2.300000000000000000e+01 3.100000000000000000e+01 1.200000000000000000e+01 0.000000000000000000e+00 1.600000000000000089e+00 -3.300000000000000253e-05 -6.790000000000000245e-04 1.000000000000000000e+00 -2.038600000000000134e-02 9.997920000000000140e-01 6.790000000000000245e-04 -9.997920000000000140e-01 -2.038600000000000134e-02 -4.699999999999999724e-05
7.000000000000000000e+00 3.000000000000000000e+00 1.300000000000000000e+01 0.000000000000000000e+00 1.600000000000000089e+00 -6.080000000000000335e-04 -6.205999999999999711e-03 9.999810000000000088e-01 -1.078699999999999971e-02 9.999230000000000063e-01 6.198999999999999649e-03 -9.999419999999999975e-01 -1.078299999999999918e-02 -6.750000000000000357e-04
1.400000000000000000e+01 3.000000000000000000e+00 1.300000000000000000e+01 0.000000000000000000e+00 1.600000000000000089e+00 -1.902999999999999961e-03 -2.257699999999999985e-02 9.997430000000000483e-01 -1.444999999999999930e-02 9.996410000000000018e-01 2.254700000000000107e-02 -9.998939999999999495e-01 -1.440299999999999914e-02 -2.229000000000000078e-03
1.600000000000000000e+01 3.200000000000000000e+01 1.400000000000000000e+01 0.000000000000000000e+00 1.600000000000000089e+00 -1.183999999999999940e-03 -2.825999999999999953e-03 -9.999949999999999672e-01 1.204250000000000043e-01 9.927179999999999893e-01 -2.948000000000000100e-03 9.927219999999999933e-01 -1.204279999999999934e-01 -8.350000000000000217e-04
1.800000000000000000e+01 3.200000000000000000e+01 1.400000000000000000e+01 0.000000000000000000e+00 1.600000000000000089e+00 -8.339999999999999974e-04 -3.252999999999999815e-03 -9.999940000000000495e-01 1.176999999999999991e-01 9.930440000000000378e-01 -3.328999999999999928e-03 9.930489999999999595e-01 -1.177020000000000011e-01 -4.459999999999999989e-04
2.800000000000000000e+01 3.200000000000000000e+01 1.400000000000000000e+01 0.000000000000000000e+00 1.600000000000000089e+00 -3.000000000000000076e-05 -1.726000000000000104e-03 -9.999989999999999712e-01 1.133040000000000019e-01 9.935589999999999700e-01 -1.717999999999999909e-03 9.935599999999999987e-01 -1.133040000000000019e-01 1.659999999999999963e-04
2.000000000000000000e+00 1.200000000000000000e+01 1.500000000000000000e+01 0.000000000000000000e+00 1.600000000000000089e+00 -3.207999999999999914e-03 -3.876999999999999804e-03 -9.999869999999999592e-01 -4.717430000000000234e-01 -8.817220000000000057e-01 4.931999999999999752e-03 -8.817300000000000137e-01 4.717529999999999779e-01 9.990000000000001049e-04
7.000000000000000000e+00 1.200000000000000000e+01 1.500000000000000000e+01 0.000000000000000000e+00 1.600000000000000089e+00 8.279999999999999600e-04 3.652999999999999997e-03 -9.999930000000000208e-01 -4.701170000000000071e-01 -8.825969999999999649e-01 -3.612999999999999892e-03 -8.826040000000000552e-01 4.701170000000000071e-01 9.870000000000000301e-04
1.300000000000000000e+01 1.200000000000000000e+01 1.500000000000000000e+01 0.000000000000000000e+00 1.600000000000000089e+00 2.841000000000000209e-03 8.440000000000000236e-04 -9.999959999999999960e-01 -4.690059999999999785e-01 -8.831930000000000058e-01 -2.076999999999999853e-03 -8.831909999999999483e-01 4.690090000000000092e-01 -2.112999999999999861e-03
2.200000000000000000e+01 1.200000000000000000e+01 1.500000000000000000e+01 0.000000000000000000e+00 1.600000000000000089e+00 3.203999999999999817e-03 1.500999999999999947e-03 -9.999940000000000495e-01 -4.705570000000000030e-01 -8.823649999999999549e-01 -2.831999999999999882e-03 -8.823640000000000372e-01 4.705630000000000090e-01 -2.121000000000000055e-03
1.600000000000000000e+01 1.100000000000000000e+01 1.600000000000000000e+01 0.000000000000000000e+00 1.600000000000000089e+00 1.239000000000000084e-03 1.214999999999999934e-03 -9.999989999999999712e-01 -4.152930000000000232e-01 -9.096859999999999946e-01 -1.619999999999999912e-03 -9.096870000000000234e-01 4.152950000000000252e-01 -6.220000000000000485e-04
2.200000000000000000e+01 1.100000000000000000e+01 1.600000000000000000e+01 0.000000000000000000e+00 1.600000000000000089e+00 2.314000000000000085e-03 1.820999999999999919e-03 -9.999959999999999960e-01 -4.198770000000000002e-01 -9.075769999999999671e-01 -2.625000000000000163e-03 -9.075779999999999959e-01 4.198810000000000042e-01 -1.335000000000000032e-03
2.900000000000000000e+01 1.100000000000000000e+01 1.600000000000000000e+01 0.000000000000000000e+00 1.600000000000000089e+00 3.085000000000000069e-03 -2.596999999999999916e-03 -9.999919999999999920e-01 -4.197600000000000220e-01 -9.076349999999999696e-01 1.062000000000000010e-03 -9.076300000000000479e-01 4.197529999999999872e-01 -3.889999999999999795e-03
1.000000000000000000e+01 1.160000000000000000e+02 1.600000000000000000e+01 0.000000000000000000e+00 1.600000000000000089e+00 -6.381000000000000387e-03 -6.568000000000000053e-03 9.999580000000000135e-01 7.001089999999999813e-01 7.139769999999999728e-01 9.157000000000000209e-03 -7.140069999999999473e-01 7.001389999999999558e-01 4.199999999999999768e-05
8.000000000000000000e+00 2.000000000000000000e+00 1.900000000000000000e+01 0.000000000000000000e+00 1.600000000000000089e+00 -1.157999999999999958e-03 -5.203000000000000159e-03 -9.999860000000000415e-01 2.059269999999999989e-01 -9.785549999999999526e-01 4.852999999999999675e-03 -9.785669999999999646e-01 -2.059179999999999899e-01 2.204999999999999929e-03
1.200000000000000000e+01 2.000000000000000000e+00 1.900000000000000000e+01 0.000000000000000000e+00 1.600000000000000089e+00 -1.806000000000000097e-03 7.460000000000000268e-04 -9.999980000000000535e-01 2.074749999999999928e-01 -9.782399999999999984e-01 -1.103999999999999947e-03 -9.782389999999999697e-01 -2.074769999999999948e-01 1.611999999999999935e-03
1.700000000000000000e+01 2.000000000000000000e+00 1.900000000000000000e+01 0.000000000000000000e+00 1.600000000000000089e+00 -4.016999999999999738e-03 8.344000000000000722e-03 -9.999569999999999848e-01 2.064680000000000126e-01 -9.784119999999999484e-01 -8.992999999999999258e-03 -9.784450000000000092e-01 -2.064950000000000119e-01 2.207000000000000194e-03
2.200000000000000000e+01 2.000000000000000000e+00 1.900000000000000000e+01 0.000000000000000000e+00 1.600000000000000089e+00 -3.429999999999999889e-04 3.031999999999999973e-03 -9.999949999999999672e-01 1.981300000000000006e-01 -9.801710000000000145e-01 -3.040000000000000167e-03 -9.801760000000000472e-01 -1.981300000000000006e-01 -2.649999999999999903e-04
2.600000000000000000e+01 2.000000000000000000e+00 1.900000000000000000e+01 0.000000000000000000e+00 1.600000000000000089e+00 4.244000000000000376e-03 -1.824200000000000127e-02 -9.998249999999999638e-01 1.883620000000000017e-01 -9.819210000000000438e-01 1.871400000000000147e-02 -9.820900000000000185e-01 -1.884089999999999931e-01 -7.309999999999999875e-04
5.000000000000000000e+00 4.000000000000000000e+00 2.000000000000000000e+01 0.000000000000000000e+00 1.600000000000000089e+00 -3.449999999999999833e-04 -4.270999999999999623e-03 -9.999909999999999632e-01 2.903220000000000245e-01 -9.569210000000000216e-01 3.987000000000000093e-03 -9.569290000000000296e-01 -2.903180000000000205e-01 1.569999999999999998e-03
6.000000000000000000e+00 1.300000000000000000e+01 2.000000000000000000e+01 0.000000000000000000e+00 1.600000000000000089e+00 -2.654999999999999808e-03 4.929999999999999487e-04 9.999959999999999960e-01 2.637079999999999980e-01 9.646029999999999882e-01 2.249999999999999938e-04 -9.645989999999999842e-01 2.637070000000000247e-01 -2.690999999999999816e-03
1.400000000000000000e+01 1.300000000000000000e+01 2.000000000000000000e+01 0.000000000000000000e+00 1.600000000000000089e+00 2.896999999999999836e-03 1.435999999999999993e-03 9.999949999999999672e-01 2.627059999999999951e-01 9.648729999999999807e-01 -2.147000000000000037e-03 -9.648710000000000342e-01 2.627109999999999723e-01 2.418000000000000010e-03
1.700000000000000000e+01 1.300000000000000000e+01 2.000000000000000000e+01 0.000000000000000000e+00 1.600000000000000089e+00 1.224999999999999960e-03 -4.062999999999999771e-03 9.999909999999999632e-01 2.616319999999999757e-01 9.651610000000000467e-01 3.601000000000000034e-03 -9.651669999999999972e-01 2.616249999999999964e-01 2.246000000000000166e-03
2.200000000000000000e+01 1.300000000000000000e+01 2.000000000000000000e+01 0.000000000000000000e+00 1.600000000000000089e+00 -6.499999999999999431e-05 -5.725000000000000054e-03 9.999839999999999840e-01 2.608530000000000015e-01 9.653620000000000534e-01 5.544000000000000317e-03 -9.653779999999999584e-01 2.608500000000000263e-01 1.430999999999999980e-03
2.600000000000000000e+01 1.300000000000000000e+01 2.000000000000000000e+01 0.000000000000000000e+00 1.600000000000000089e+00 2.850000000000000103e-03 1.579999999999999916e-04 9.999959999999999960e-01 2.576600000000000001e-01 9.662349999999999550e-01 -8.869999999999999846e-04 -9.662309999999999510e-01 2.576620000000000021e-01 2.713000000000000134e-03
1.100000000000000000e+01 4.600000000000000000e+01 2.700000000000000000e+01 0.000000000000000000e+00 1.600000000000000089e+00 -4.369999999999999970e-04 -1.255000000000000039e-03 -9.999989999999999712e-01 6.659239999999999604e-01 7.460189999999999877e-01 -1.227000000000000009e-03 7.460189999999999877e-01 -6.659239999999999604e-01 5.100000000000000366e-04
1.800000000000000000e+01 4.600000000000000000e+01 2.700000000000000000e+01 0.000000000000000000e+00 1.600000000000000089e+00 -1.721000000000000090e-03 -1.110000000000000092e-03 -9.999980000000000535e-01 6.622169999999999446e-01 7.493100000000000316e-01 -1.971999999999999795e-03 7.493100000000000316e-01 -6.622190000000000021e-01 -5.550000000000000462e-04
2.600000000000000000e+01 4.600000000000000000e+01 2.700000000000000000e+01 0.000000000000000000e+00 1.600000000000000089e+00 3.575000000000000053e-03 4.151000000000000176e-03 -9.999850000000000128e-01 6.669549999999999645e-01 7.450780000000000181e-01 5.477000000000000098e-03 7.450890000000000013e-01 -6.669650000000000301e-01 -1.039999999999999936e-04
2.000000000000000000e+00 4.600000000000000000e+01 3.000000000000000000e+01 0.000000000000000000e+00 1.600000000000000089e+00 1.569999999999999944e-04 -9.799999999999999684e-05 -1.000000000000000000e+00 3.147300000000000098e-01 9.491810000000000525e-01 -4.399999999999999886e-05 9.491810000000000525e-01 -3.147300000000000098e-01 1.800000000000000113e-04
6.000000000000000000e+00 4.600000000000000000e+01 3.000000000000000000e+01 0.000000000000000000e+00 1.600000000000000089e+00 7.209999999999999612e-04 2.126999999999999984e-03 -9.999970000000000248e-01 3.175250000000000017e-01 9.482469999999999510e-01 2.246000000000000166e-03 9.482490000000000085e-01 -3.175259999999999749e-01 9.000000000000000228e-06
1.600000000000000000e+01 4.600000000000000000e+01 3.000000000000000000e+01 0.000000000000000000e+00 1.600000000000000089e+00 -1.433000000000000029e-03 -3.969999999999999571e-03 -9.999909999999999632e-01 3.199719999999999787e-01 9.474169999999999536e-01 -4.219999999999999793e-03 9.474259999999999904e-01 -3.199759999999999827e-01 -8.799999999999999771e-05
2.000000000000000000e+00 5.800000000000000000e+01 3.100000000000000000e+01 0.000000000000000000e+00 1.600000000000000089e+00 -2.495999999999999955e-03 -4.655000000000000283e-03 9.999860000000000415e-01 -7.826830000000000176e-01 -6.224020000000000108e-01 -4.851000000000000277e-03 6.224159999999999693e-01 -7.826840000000000463e-01 -2.089000000000000145e-03
9.000000000000000000e+00 5.800000000000000000e+01 3.100000000000000000e+01 0.000000000000000000e+00 1.600000000000000089e+00 4.479999999999999933e-04 1.699999999999999905e-03 9.999980000000000535e-01 -7.816910000000000247e-01 -6.236639999999999961e-01 1.410000000000000012e-03 6.236660000000000537e-01 -7.816899999999999959e-01 1.049000000000000019e-03
1.600000000000000000e+01 5.800000000000000000e+01 3.100000000000000000e+01 0.000000000000000000e+00 1.600000000000000089e+00 -5.127999999999999746e-03 -1.052499999999999963e-02 9.999310000000000143e-01 -7.699669999999999570e-01 -6.379939999999999500e-01 -1.066399999999999987e-02 6.380620000000000180e-01 -7.699690000000000145e-01 -4.832000000000000357e-03
2.700000000000000000e+01 5.800000000000000000e+01 3.100000000000000000e+01 0.000000000000000000e+00 1.600000000000000089e+00 8.318000000000000740e-03 1.614499999999999963e-02 9.998350000000000293e-01 -7.642120000000000024e-01 -6.447469999999999590e-01 1.676899999999999918e-02 6.449110000000000120e-01 -7.642259999999999609e-01 6.976000000000000430e-03
2.800000000000000000e+01 6.000000000000000000e+00 3.200000000000000000e+01 0.000000000000000000e+00 1.600000000000000089e+00 -6.472999999999999587e-03 -2.910999999999999959e-03 -9.999749999999999472e-01 1.733129999999999948e-01 9.848590000000000400e-01 -3.989000000000000358e-03 9.848459999999999992e-01 -1.733339999999999881e-01 -5.870000000000000218e-03
1.100000000000000000e+01 4.200000000000000000e+01 3.400000000000000000e+01 0.000000000000000000e+00 1.600000000000000089e+00 1.912999999999999987e-03 -1.257000000000000088e-03 -9.999970000000000248e-01 -2.926190000000000180e-01 9.562279999999999669e-01 -1.761999999999999894e-03 9.562270000000000492e-01 2.926210000000000200e-01 1.461000000000000059e-03
7.000000000000000000e+00 4.600000000000000000e+01 3.500000000000000000e+01 0.000000000000000000e+00 1.600000000000000089e+00 6.939999999999999555e-04 -3.102000000000000157e-03 -9.999949999999999672e-01 3.842679999999999985e-01 -9.232160000000000366e-01 3.131000000000000102e-03 -9.232209999999999583e-01 -3.842679999999999985e-01 5.519999999999999733e-04
1.200000000000000000e+01 4.600000000000000000e+01 3.500000000000000000e+01 0.000000000000000000e+00 1.600000000000000089e+00 -2.739999999999999923e-04 -1.229000000000000058e-03 -9.999989999999999712e-01 3.856220000000000203e-01 -9.226560000000000317e-01 1.028999999999999967e-03 -9.226569999999999494e-01 -3.856220000000000203e-01 7.269999999999999987e-04
1.900000000000000000e+01 4.600000000000000000e+01 3.500000000000000000e+01 0.000000000000000000e+00 1.600000000000000089e+00 -1.105000000000000079e-03 3.007000000000000124e-03 -9.999949999999999672e-01 3.863039999999999807e-01 -9.223660000000000192e-01 -3.200000000000000153e-03 -9.223710000000000520e-01 -3.863050000000000095e-01 -1.420000000000000092e-04
2.700000000000000000e+01 4.600000000000000000e+01 3.500000000000000000e+01 0.000000000000000000e+00 1.600000000000000089e+00 2.981999999999999842e-03 -6.549999999999999833e-04 -9.999949999999999672e-01 3.861080000000000068e-01 -9.224520000000000497e-01 1.755999999999999965e-03 -9.224489999999999634e-01 -3.861120000000000108e-01 -2.497999999999999787e-03
4.000000000000000000e+00 9.500000000000000000e+01 3.600000000000000000e+01 0.000000000000000000e+00 1.600000000000000089e+00 2.194000000000000204e-03 -2.077999999999999986e-02 9.997819999999999485e-01 9.977439999999999642e-01 6.712500000000000411e-02 -7.940000000000000009e-04 -6.709400000000000086e-02 9.975279999999999703e-01 2.088100000000000026e-02
8.000000000000000000e+00 9.500000000000000000e+01 3.600000000000000000e+01 0.000000000000000000e+00 1.600000000000000089e+00 6.980000000000000527e-04 1.815400000000000000e-02 9.998350000000000293e-01 9.976479999999999793e-01 6.851799999999999558e-02 -1.941000000000000017e-03 -6.854200000000000570e-02 9.974849999999999550e-01 -1.806299999999999920e-02
1.500000000000000000e+01 9.500000000000000000e+01 3.600000000000000000e+01 0.000000000000000000e+00 1.600000000000000089e+00 1.689099999999999976e-02 4.310000000000000137e-04 9.998569999999999958e-01 9.972900000000000098e-01 7.160600000000000298e-02 -1.687800000000000064e-02 -7.160299999999999998e-02 9.974330000000000140e-01 7.789999999999999616e-04
2.100000000000000000e+01 9.500000000000000000e+01 3.600000000000000000e+01 0.000000000000000000e+00 1.600000000000000089e+00 -5.800999999999999733e-03 -2.460999999999999993e-02 9.996800000000000130e-01 9.974469999999999725e-01 7.101799999999999780e-02 7.536000000000000164e-03 -7.117999999999999328e-02 9.971710000000000296e-01 2.413500000000000020e-02
2.700000000000000000e+01 9.500000000000000000e+01 3.600000000000000000e+01 0.000000000000000000e+00 1.600000000000000089e+00 -7.674000000000000266e-03 -6.622300000000000408e-02 9.977749999999999675e-01 9.979339999999999877e-01 6.314200000000000368e-02 1.186599999999999981e-02 -6.378699999999999648e-02 9.958050000000000512e-01 6.560199999999999365e-02
1.800000000000000000e+01 9.500000000000000000e+01 3.700000000000000000e+01 0.000000000000000000e+00 1.600000000000000089e+00 6.931999999999999794e-03 -1.692000000000000101e-02 9.998329999999999718e-01 9.958949999999999747e-01 9.035200000000000176e-02 -5.375999999999999703e-03 -9.024600000000000677e-02 9.957660000000000400e-01 1.747699999999999948e-02
4.000000000000000000e+00 3.000000000000000000e+00 4.300000000000000000e+01 0.000000000000000000e+00 1.600000000000000089e+00 -5.540000000000000219e-04 -1.631600000000000064e-02 -9.998669999999999503e-01 7.414669999999999872e-01 -6.709060000000000024e-01 1.053699999999999949e-02 -6.709889999999999466e-01 -7.413629999999999942e-01 1.246899999999999918e-02
7.000000000000000000e+00 3.000000000000000000e+00 4.300000000000000000e+01 0.000000000000000000e+00 1.600000000000000089e+00 6.599999999999999964e-04 -6.432000000000000217e-03 -9.999789999999999512e-01 7.414450000000000207e-01 -6.709960000000000369e-01 4.805000000000000243e-03 -6.710129999999999706e-01 -7.414330000000000087e-01 4.325999999999999984e-03
1.200000000000000000e+01 3.000000000000000000e+00 4.300000000000000000e+01 0.000000000000000000e+00 1.600000000000000089e+00 -1.139999999999999954e-03 -1.274699999999999965e-02 -9.999179999999999735e-01 7.417430000000000412e-01 -6.706400000000000139e-01 7.702999999999999778e-03 -6.706830000000000291e-01 -7.416730000000000267e-01 1.021900000000000065e-02
1.800000000000000000e+01 3.000000000000000000e+00 4.300000000000000000e+01 0.000000000000000000e+00 1.600000000000000089e+00 -2.758000000000000035e-03 -8.016999999999999821e-03 -9.999639999999999640e-01 7.379890000000000061e-01 -6.748039999999999594e-01 3.374999999999999962e-03 -6.748070000000000457e-01 -7.379529999999999701e-01 7.778000000000000191e-03
1.800000000000000000e+01 8.000000000000000000e+00 4.400000000000000000e+01 0.000000000000000000e+00 1.600000000000000089e+00 1.464000000000000024e-03 1.327000000000000055e-03 9.999980000000000535e-01 -7.736439999999999984e-01 -6.336169999999999858e-01 1.972999999999999927e-03 6.336180000000000145e-01 -7.736459999999999448e-01 9.899999999999999404e-05
2.600000000000000000e+01 8.000000000000000000e+00 4.400000000000000000e+01 0.000000000000000000e+00 1.600000000000000089e+00 -5.434999999999999727e-03 -1.086100000000000086e-02 9.999259999999999815e-01 -7.641989999999999617e-01 -6.448840000000000128e-01 -1.115799999999999952e-02 6.449580000000000313e-01 -7.642029999999999657e-01 -4.794999999999999783e-03
6.000000000000000000e+00 2.900000000000000000e+01 4.400000000000000000e+01 0.000000000000000000e+00 1.600000000000000089e+00 2.210000000000000050e-04 2.073000000000000190e-03 -9.999980000000000535e-01 6.807670000000000110e-01 7.324979999999999825e-01 1.668999999999999911e-03 7.325000000000000400e-01 -6.807659999999999823e-01 -1.248999999999999893e-03
1.100000000000000000e+01 2.900000000000000000e+01 4.400000000000000000e+01 0.000000000000000000e+00 1.600000000000000089e+00 1.250000000000000026e-04 1.381000000000000066e-03 -9.999989999999999712e-01 6.783029999999999893e-01 7.347820000000000462e-01 1.100000000000000066e-03 7.347820000000000462e-01 -6.783019999999999605e-01 -8.450000000000000479e-04
1.700000000000000000e+01 2.900000000000000000e+01 4.400000000000000000e+01 0.000000000000000000e+00 1.600000000000000089e+00 -6.019999999999999961e-04 1.221000000000000080e-03 -9.999989999999999712e-01 6.629439999999999777e-01 7.486690000000000289e-01 5.150000000000000498e-04 7.486690000000000289e-01 -6.629429999999999490e-01 -1.260000000000000052e-03
2.800000000000000000e+01 2.900000000000000000e+01 4.400000000000000000e+01 0.000000000000000000e+00 1.600000000000000089e+00 8.689999999999999808e-04 1.726000000000000104e-03 -9.999980000000000535e-01 6.569479999999999764e-01 7.539329999999999643e-01 1.871999999999999966e-03 7.539350000000000218e-01 -6.569490000000000052e-01 -4.789999999999999879e-04
4.000000000000000000e+00 6.000000000000000000e+00 5.100000000000000000e+01 0.000000000000000000e+00 1.600000000000000089e+00 -2.877999999999999916e-03 -3.814000000000000116e-03 -9.999890000000000168e-01 3.246669999999999834e-01 -9.458250000000000268e-01 2.673000000000000029e-03 -9.458239999999999981e-01 -3.246550000000000269e-01 3.959999999999999978e-03
1.300000000000000000e+01 1.150000000000000000e+02 5.100000000000000000e+01 0.000000000000000000e+00 1.600000000000000089e+00 -2.635999999999999888e-03 -7.379000000000000142e-03 9.999689999999999968e-01 8.449759999999999494e-01 -5.348009999999999708e-01 -1.719000000000000042e-03 5.347969999999999668e-01 8.449459999999999749e-01 7.643999999999999753e-03
2.000000000000000000e+00 7.000000000000000000e+00 5.200000000000000000e+01 0.000000000000000000e+00 1.600000000000000089e+00 -9.020000000000000240e-04 3.429999999999999889e-04 -1.000000000000000000e+00 1.051839999999999997e-01 -9.944530000000000314e-01 -4.360000000000000269e-04 -9.944520000000000026e-01 -1.051839999999999997e-01 8.610000000000000032e-04
1.800000000000000000e+01 7.000000000000000000e+00 5.200000000000000000e+01 0.000000000000000000e+00 1.600000000000000089e+00 -2.268000000000000051e-03 -5.903000000000000261e-03 -9.999799999999999800e-01 9.895800000000000429e-02 -9.950759999999999605e-01 5.649999999999999641e-03 -9.950890000000000013e-01 -9.894300000000000317e-02 2.841000000000000209e-03
2.500000000000000000e+01 7.000000000000000000e+00 5.200000000000000000e+01 0.000000000000000000e+00 1.600000000000000089e+00 1.320000000000000101e-04 -5.236000000000000203e-03 -9.999860000000000415e-01 9.626899999999999347e-02 -9.953419999999999490e-01 5.224999999999999610e-03 -9.953549999999999898e-01 -9.626800000000000634e-02 3.730000000000000134e-04
3.000000000000000000e+00 1.500000000000000000e+01 5.300000000000000000e+01 0.000000000000000000e+00 1.600000000000000089e+00 2.831000000000000183e-03 -1.172499999999999931e-02 -9.999270000000000103e-01 6.845069999999999766e-01 7.289759999999999573e-01 -6.609000000000000291e-03 7.290010000000000101e-01 -6.844390000000000196e-01 1.009000000000000001e-02
8.000000000000000000e+00 1.500000000000000000e+01 5.300000000000000000e+01 0.000000000000000000e+00 1.600000000000000089e+00 -1.953000000000000092e-03 -7.396999999999999929e-03 -9.999710000000000543e-01 6.835919999999999774e-01 7.298329999999999540e-01 -6.734000000000000402e-03 7.298620000000000108e-01 -6.835849999999999982e-01 3.631000000000000113e-03
2.000000000000000000e+00 6.300000000000000000e+01 5.400000000000000000e+01 0.000000000000000000e+00 1.600000000000000089e+00 1.853999999999999962e-03 -1.026999999999999918e-03 9.999980000000000535e-01 -3.526940000000000075e-01 9.357370000000000410e-01 1.614999999999999899e-03 -9.357370000000000410e-01 -3.526960000000000095e-01 1.373000000000000088e-03
5.000000000000000000e+00 6.300000000000000000e+01 5.400000000000000000e+01 0.000000000000000000e+00 1.600000000000000089e+00 1.322999999999999957e-03 -8.379999999999999862e-04 9.999989999999999712e-01 -3.533040000000000069e-01 9.355080000000000062e-01 1.252000000000000075e-03 -9.355080000000000062e-01 -3.533049999999999802e-01 9.420000000000000205e-04
1.100000000000000000e+01 6.300000000000000000e+01 5.400000000000000000e+01 0.000000000000000000e+00 1.600000000000000089e+00 -1.137999999999999906e-03 4.910000000000000085e-04 9.999989999999999712e-01 -3.515320000000000111e-01 9.361760000000000081e-01 -8.589999999999999546e-04 -9.361749999999999794e-01 -3.515320000000000111e-01 -8.919999999999999978e-04
1.700000000000000000e+01 6.300000000000000000e+01 5.400000000000000000e+01 0.000000000000000000e+00 1.600000000000000089e+00 -2.572000000000000067e-03 -1.469000000000000037e-03 9.999959999999999960e-01 -3.556170000000000164e-01 9.346320000000000183e-01 4.580000000000000195e-04 -9.346280000000000143e-01 -3.556150000000000144e-01 -2.926000000000000215e-03
2.500000000000000000e+01 6.300000000000000000e+01 5.400000000000000000e+01 0.000000000000000000e+00 1.600000000000000089e+00 3.040000000000000167e-04 -2.413000000000000214e-03 9.999970000000000248e-01 -3.520889999999999853e-01 9.359640000000000182e-01 2.364999999999999915e-03 -9.359659999999999647e-01 -3.520889999999999853e-01 -5.649999999999999641e-04
1.000000000000000000e+00 2.500000000000000000e+01 5.500000000000000000e+01 0.000000000000000000e+00 1.600000000000000089e+00 5.339999999999999695e-04 2.269000000000000183e-03 -9.999970000000000248e-01 -1.124700000000000005e-02 -9.999339999999999895e-01 -2.275000000000000112e-03 -9.999369999999999647e-01 1.124799999999999932e-02 -5.079999999999999880e-04
5.000000000000000000e+00 2.500000000000000000e+01 5.500000000000000000e+01 0.000000000000000000e+00 1.600000000000000089e+00 -1.147999999999999932e-03 -1.554999999999999959e-03 -9.999980000000000535e-01 -1.107299999999999951e-02 -9.999369999999999647e-01 1.567000000000000033e-03 -9.999379999999999935e-01 1.107499999999999978e-02 1.131000000000000061e-03
9.000000000000000000e+00 2.500000000000000000e+01 5.500000000000000000e+01 0.000000000000000000e+00 1.600000000000000089e+00 -4.760000000000000234e-04 1.961000000000000069e-03 -9.999980000000000535e-01 -1.084800000000000000e-02 -9.999390000000000223e-01 -1.955999999999999839e-03 -9.999409999999999688e-01 1.084700000000000074e-02 4.970000000000000459e-04
1.300000000000000000e+01 2.500000000000000000e+01 5.500000000000000000e+01 0.000000000000000000e+00 1.600000000000000089e+00 1.701000000000000038e-03 2.115999999999999825e-03 -9.999959999999999960e-01 -1.080000000000000057e-02 -9.999390000000000223e-01 -2.134000000000000046e-03 -9.999400000000000510e-01 1.080399999999999937e-02 -1.678000000000000021e-03
1.800000000000000000e+01 2.500000000000000000e+01 5.500000000000000000e+01 0.000000000000000000e+00 1.600000000000000089e+00 -7.100000000000000462e-05 -1.216000000000000067e-03 -9.999989999999999712e-01 -1.160600000000000000e-02 -9.999320000000000430e-01 1.216999999999999983e-03 -9.999329999999999607e-01 1.160600000000000000e-02 5.700000000000000314e-05
2.800000000000000000e+01 2.500000000000000000e+01 5.500000000000000000e+01 0.000000000000000000e+00 1.600000000000000089e+00 4.380000000000000213e-04 4.263000000000000296e-03 -9.999909999999999632e-01 -1.394800000000000033e-02 -9.998939999999999495e-01 -4.269000000000000225e-03 -9.999029999999999863e-01 1.395000000000000059e-02 -3.780000000000000265e-04
2.000000000000000000e+00 2.100000000000000000e+01 6.000000000000000000e+01 0.000000000000000000e+00 1.600000000000000089e+00 8.249999999999999955e-04 4.139000000000000318e-03 9.999909999999999632e-01 -9.682999999999999940e-02 9.952929999999999833e-01 -4.040000000000000188e-03 -9.953009999999999913e-01 -9.682599999999999540e-02 1.221000000000000080e-03
1.800000000000000000e+01 2.100000000000000000e+01 6.000000000000000000e+01 0.000000000000000000e+00 1.600000000000000089e+00 6.139999999999999625e-04 -3.386000000000000121e-03 9.999940000000000495e-01 -1.001419999999999949e-01 9.949670000000000458e-01 3.431000000000000022e-03 -9.949729999999999963e-01 -1.001439999999999969e-01 2.719999999999999979e-04
2.200000000000000000e+01 2.100000000000000000e+01 6.000000000000000000e+01 0.000000000000000000e+00 1.600000000000000089e+00 5.259999999999999919e-04 3.860000000000000041e-04 1.000000000000000000e+00 -1.009599999999999942e-01 9.948900000000000521e-01 -3.310000000000000225e-04 -9.948900000000000521e-01 -1.009599999999999942e-01 5.619999999999999996e-04
2.100000000000000000e+01 6.000000000000000000e+00 6.100000000000000000e+01 0.000000000000000000e+00 1.600000000000000089e+00 -7.399999999999999894e-04 5.304999999999999820e-03 9.999860000000000415e-01 5.615139999999999576e-01 -8.274529999999999941e-01 4.805000000000000243e-03 8.274669999999999526e-01 5.615099999999999536e-01 -2.367000000000000180e-03
9.000000000000000000e+00 3.000000000000000000e+00 6.300000000000000000e+01 0.000000000000000000e+00 1.600000000000000089e+00 -5.400000000000000069e-04 4.104000000000000009e-03 9.999909999999999632e-01 -6.150529999999999609e-01 7.884780000000000122e-01 -3.567999999999999991e-03 -7.884860000000000202e-01 -6.150489999999999569e-01 2.099000000000000171e-03
1.500000000000000000e+01 3.000000000000000000e+00 6.300000000000000000e+01 0.000000000000000000e+00 1.600000000000000089e+00 -5.199999999999999680e-05 -5.190000000000000386e-04 1.000000000000000000e+00 -6.135169999999999790e-01 7.896809999999999663e-01 3.780000000000000265e-04 -7.896809999999999663e-01 -6.135169999999999790e-01 -3.600000000000000227e-04
4.000000000000000000e+00 2.700000000000000000e+01 6.300000000000000000e+01 0.000000000000000000e+00 1.600000000000000089e+00 4.829999999999999767e-04 -4.359000000000000027e-03 9.999900000000000455e-01 -2.727950000000000097e-01 9.620630000000000015e-01 4.325999999999999984e-03 -9.620720000000000383e-01 -2.727939999999999809e-01 -7.240000000000000342e-04
9.000000000000000000e+00 2.700000000000000000e+01 6.300000000000000000e+01 0.000000000000000000e+00 1.600000000000000089e+00 3.770000000000000022e-04 -9.929999999999999591e-04 9.999989999999999712e-01 -2.735929999999999751e-01 9.618449999999999500e-01 1.057999999999999913e-03 -9.618459999999999788e-01 -2.735929999999999751e-01 9.100000000000000287e-05
1.400000000000000000e+01 2.700000000000000000e+01 6.300000000000000000e+01 0.000000000000000000e+00 1.600000000000000089e+00 -1.245000000000000013e-03 -1.955999999999999839e-03 9.999970000000000248e-01 -2.749489999999999990e-01 9.614570000000000061e-01 1.538000000000000088e-03 -9.614580000000000348e-01 -2.749469999999999970e-01 -1.734999999999999997e-03
1.800000000000000000e+01 2.700000000000000000e+01 6.300000000000000000e+01 0.000000000000000000e+00 1.600000000000000089e+00 -8.710000000000000294e-04 3.999999999999999819e-06 1.000000000000000000e+00 -2.737669999999999826e-01 9.617959999999999843e-01 -2.420000000000000005e-04 -9.617959999999999843e-01 -2.737669999999999826e-01 -8.369999999999999619e-04
2.300000000000000000e+01 2.700000000000000000e+01 6.300000000000000000e+01 0.000000000000000000e+00 1.600000000000000089e+00 1.479000000000000063e-03 5.349999999999999938e-04 9.999989999999999712e-01 -2.723990000000000022e-01 9.621840000000000392e-01 -1.119999999999999983e-04 -9.621830000000000105e-01 -2.723979999999999735e-01 1.569000000000000082e-03
2.800000000000000000e+01 2.700000000000000000e+01 6.300000000000000000e+01 0.000000000000000000e+00 1.600000000000000089e+00 3.499999999999999964e-04 -2.144000000000000072e-03 9.999980000000000535e-01 -2.658320000000000127e-01 9.640170000000000128e-01 2.160000000000000028e-03 -9.640189999999999593e-01 -2.658320000000000127e-01 -2.329999999999999986e-04
4.000000000000000000e+00 2.600000000000000000e+01 6.400000000000000000e+01 0.000000000000000000e+00 1.600000000000000089e+00 9.629999999999999888e-04 -1.991000000000000148e-03 9.999980000000000535e-01 -3.563370000000000148e-01 9.343550000000000466e-01 2.203000000000000097e-03 -9.343569999999999931e-01 -3.563379999999999881e-01 1.910000000000000077e-04
9.000000000000000000e+00 2.600000000000000000e+01 6.400000000000000000e+01 0.000000000000000000e+00 1.600000000000000089e+00 8.999999999999999754e-04 -1.500000000000000038e-05 1.000000000000000000e+00 -3.564220000000000166e-01 9.343249999999999611e-01 3.339999999999999870e-04 -9.343249999999999611e-01 -3.564220000000000166e-01 8.350000000000000217e-04
1.400000000000000000e+01 2.600000000000000000e+01 6.400000000000000000e+01 0.000000000000000000e+00 1.600000000000000089e+00 -1.111999999999999924e-03 -2.021999999999999926e-03 9.999970000000000248e-01 -3.567119999999999735e-01 9.342129999999999601e-01 1.492000000000000054e-03 -9.342139999999999889e-01 -3.567089999999999983e-01 -1.760999999999999979e-03
1.900000000000000000e+01 2.600000000000000000e+01 6.400000000000000000e+01 0.000000000000000000e+00 1.600000000000000089e+00 -2.680000000000000090e-04 2.443999999999999992e-03 9.999970000000000248e-01 -3.534599999999999964e-01 9.354459999999999997e-01 -2.380999999999999870e-03 -9.354489999999999750e-01 -3.534599999999999964e-01 6.130000000000000466e-04
2.300000000000000000e+01 2.600000000000000000e+01 6.400000000000000000e+01 0.000000000000000000e+00 1.600000000000000089e+00 1.342000000000000094e-03 1.657000000000000053e-03 9.999980000000000535e-01 -3.501170000000000115e-01 9.367050000000000098e-01 -1.082999999999999978e-03 -9.367050000000000098e-01 -3.501139999999999808e-01 1.838000000000000007e-03
2.900000000000000000e+01 2.600000000000000000e+01 6.400000000000000000e+01 0.000000000000000000e+00 1.600000000000000089e+00 5.899999999999999754e-05 -2.700000000000000035e-04 1.000000000000000000e+00 -3.388900000000000245e-01 9.408260000000000511e-01 2.739999999999999923e-04 -9.408260000000000511e-01 -3.388900000000000245e-01 -3.600000000000000091e-05
