3.000000000000000000e+00 1.900000000000000000e+01 5.000000000000000000e+00 0.000000000000000000e+00 1.600000000000000089e+00 1.317999999999999944e-03 4.096999999999999947e-03 -9.999909999999999632e-01 -7.068119999999999958e-01 -7.073909999999999920e-01 -3.830000000000000071e-03 -7.074000000000000288e-01 7.068100000000000493e-01 1.964000000000000034e-03
6.000000000000000000e+00 1.010000000000000000e+02 7.000000000000000000e+00 0.000000000000000000e+00 1.600000000000000089e+00 6.809999999999999647e-04 -7.451000000000000158e-03 9.999719999999999720e-01 8.884800000000000475e-01 4.589079999999999826e-01 2.814999999999999794e-03 -4.589159999999999906e-01 8.884530000000000483e-01 6.931999999999999794e-03
1.300000000000000000e+01 1.010000000000000000e+02 7.000000000000000000e+00 0.000000000000000000e+00 1.600000000000000089e+00 1.240999999999999916e-03 9.641000000000000264e-03 9.999529999999999808e-01 8.891430000000000167e-01 4.575949999999999740e-01 -5.516000000000000070e-03 -4.576270000000000060e-01 8.891080000000000094e-01 -8.004000000000000697e-03
2.200000000000000000e+01 1.010000000000000000e+02 7.000000000000000000e+00 0.000000000000000000e+00 1.600000000000000089e+00 -5.699999999999999772e-04 -7.322999999999999649e-03 9.999730000000000008e-01 8.895410000000000261e-01 4.568389999999999951e-01 3.851999999999999955e-03 -4.568550000000000111e-01 8.895189999999999486e-01 6.254000000000000010e-03
3.000000000000000000e+00 2.500000000000000000e+01 8.000000000000000000e+00 0.000000000000000000e+00 1.600000000000000089e+00 -1.459999999999999926e-03 7.450000000000000025e-03 -9.999710000000000543e-01 4.357739999999999947e-01 9.000359999999999472e-01 6.068999999999999742e-03 9.000550000000000495e-01 -4.357530000000000014e-01 -4.559999999999999817e-03
9.000000000000000000e+00 2.500000000000000000e+01 8.000000000000000000e+00 0.000000000000000000e+00 1.600000000000000089e+00 -6.530000000000000431e-04 3.272999999999999868e-03 -9.999940000000000495e-01 4.366780000000000106e-01 8.996140000000000247e-01 2.658999999999999905e-03 8.996180000000000287e-01 -4.366740000000000066e-01 -2.015999999999999997e-03
1.200000000000000000e+01 2.500000000000000000e+01 8.000000000000000000e+00 0.000000000000000000e+00 1.600000000000000089e+00 -3.759999999999999779e-04 -1.194699999999999929e-02 -9.999289999999999567e-01 4.374120000000000230e-01 8.991949999999999665e-01 -1.090799999999999929e-02 8.992609999999999770e-01 -4.373850000000000238e-01 4.886999999999999851e-03
2.000000000000000000e+01 2.500000000000000000e+01 8.000000000000000000e+00 0.000000000000000000e+00 1.600000000000000089e+00 2.183000000000000045e-03 2.831999999999999882e-03 -9.999940000000000495e-01 4.380100000000000104e-01 8.989629999999999566e-01 3.501999999999999905e-03 8.989679999999999893e-01 -4.380149999999999877e-01 7.219999999999999855e-04
2.300000000000000000e+01 2.500000000000000000e+01 8.000000000000000000e+00 0.000000000000000000e+00 1.600000000000000089e+00 1.337999999999999997e-03 3.694999999999999934e-03 -9.999919999999999920e-01 4.380260000000000264e-01 8.989540000000000308e-01 3.908000000000000015e-03 8.989610000000000101e-01 -4.380269999999999997e-01 -4.159999999999999744e-04
2.800000000000000000e+01 2.500000000000000000e+01 8.000000000000000000e+00 0.000000000000000000e+00 1.600000000000000089e+00 1.157999999999999958e-03 8.163999999999999382e-03 -9.999660000000000215e-01 4.383460000000000134e-01 8.987720000000000153e-01 7.844999999999999543e-03 8.988049999999999651e-01 -4.383400000000000074e-01 -2.537999999999999892e-03
3.000000000000000000e+00 9.000000000000000000e+00 9.000000000000000000e+00 0.000000000000000000e+00 1.600000000000000089e+00 2.647899999999999907e-02 1.452499999999999972e-02 -9.995439999999999880e-01 -9.717980000000000507e-01 -2.340069999999999928e-01 -2.914399999999999977e-02 -2.343240000000000045e-01 9.721260000000000456e-01 7.919000000000000691e-03
8.000000000000000000e+00 9.000000000000000000e+00 9.000000000000000000e+00 0.000000000000000000e+00 1.600000000000000089e+00 2.813900000000000082e-02 7.004999999999999942e-03 -9.995800000000000241e-01 -9.868540000000000090e-01 -1.590090000000000114e-01 -2.889500000000000055e-02 -1.591450000000000087e-01 9.872520000000000184e-01 2.439000000000000196e-03
2.400000000000000000e+01 9.000000000000000000e+00 9.000000000000000000e+00 0.000000000000000000e+00 1.600000000000000089e+00 -3.655699999999999922e-02 -1.540599999999999956e-02 -9.992130000000000178e-01 -9.771459999999999591e-01 -2.089670000000000138e-01 3.897199999999999970e-02 -2.094030000000000058e-01 9.778010000000000312e-01 -7.414999999999999716e-03
2.800000000000000000e+01 9.000000000000000000e+00 9.000000000000000000e+00 0.000000000000000000e+00 1.600000000000000089e+00 -6.191800000000000082e-02 -4.459699999999999775e-02 -9.970839999999999703e-01 -9.557060000000000555e-01 -2.853530000000000233e-01 7.211099999999999455e-02 -2.877370000000000205e-01 9.573840000000000128e-01 -2.495299999999999949e-02
3.000000000000000000e+00 2.400000000000000000e+01 9.000000000000000000e+00 0.000000000000000000e+00 1.600000000000000089e+00 -8.369999999999999619e-04 1.634999999999999952e-03 -9.999980000000000535e-01 4.418460000000000165e-01 8.970900000000000540e-01 1.097000000000000102e-03 8.970909999999999718e-01 -4.418440000000000145e-01 -1.472999999999999917e-03
9.000000000000000000e+00 2.400000000000000000e+01 9.000000000000000000e+00 0.000000000000000000e+00 1.600000000000000089e+00 -6.909999999999999910e-04 2.750999999999999973e-03 -9.999959999999999960e-01 4.416930000000000023e-01 8.971639999999999615e-01 2.162999999999999992e-03 8.971660000000000190e-01 -4.416900000000000270e-01 -1.835000000000000043e-03
1.200000000000000000e+01 2.400000000000000000e+01 9.000000000000000000e+00 0.000000000000000000e+00 1.600000000000000089e+00 -8.009999999999999542e-04 -9.005000000000000851e-03 -9.999590000000000423e-01 4.425780000000000269e-01 8.966910000000000158e-01 -8.429000000000000728e-03 8.967300000000000271e-01 -4.425660000000000149e-01 3.266999999999999939e-03
1.600000000000000000e+01 2.400000000000000000e+01 9.000000000000000000e+00 0.000000000000000000e+00 1.600000000000000089e+00 6.579999999999999478e-04 -6.623000000000000415e-03 -9.999780000000000335e-01 4.443400000000000127e-01 8.958399999999999697e-01 -5.641000000000000181e-03 8.958580000000000432e-01 -4.443270000000000275e-01 3.533000000000000116e-03
1.900000000000000000e+01 2.400000000000000000e+01 9.000000000000000000e+00 0.000000000000000000e+00 1.600000000000000089e+00 1.825999999999999932e-03 3.395000000000000014e-03 -9.999930000000000208e-01 4.442619999999999902e-01 8.958890000000000464e-01 3.853000000000000088e-03 8.958949999999999969e-01 -4.442659999999999942e-01 1.269999999999999970e-04
2.300000000000000000e+01 2.400000000000000000e+01 9.000000000000000000e+00 0.000000000000000000e+00 1.600000000000000089e+00 9.200000000000000278e-04 5.369999999999999774e-03 -9.999850000000000128e-01 4.446169999999999844e-01 8.957049999999999734e-01 5.219999999999999814e-03 8.957199999999999607e-01 -4.446160000000000112e-01 -1.564000000000000069e-03
2.900000000000000000e+01 2.400000000000000000e+01 9.000000000000000000e+00 0.000000000000000000e+00 1.600000000000000089e+00 1.269999999999999970e-04 7.816999999999999296e-03 -9.999689999999999968e-01 4.446519999999999917e-01 8.956760000000000277e-01 7.058000000000000038e-03 8.957030000000000269e-01 -4.446390000000000065e-01 -3.361999999999999971e-03
2.800000000000000000e+01 4.000000000000000000e+00 1.100000000000000000e+01 0.000000000000000000e+00 1.600000000000000089e+00 -6.210000000000000242e-04 -6.426099999999999868e-02 9.979329999999999590e-01 1.749940000000000107e-01 -9.825420000000000265e-01 -6.316099999999999492e-02 9.845690000000000275e-01 1.745929999999999982e-01 1.185600000000000022e-02
2.100000000000000000e+01 3.000000000000000000e+01 1.200000000000000000e+01 0.000000000000000000e+00 1.600000000000000089e+00 -7.927999999999999284e-03 -1.245409999999999989e-01 9.921830000000000371e-01 -2.163500000000000145e-02 9.920029999999999681e-01 1.243459999999999982e-01 -9.997350000000000403e-01 -2.048000000000000168e-02 -1.055900000000000068e-02
2.500000000000000000e+01 3.100000000000000000e+01 1.200000000000000000e+01 0.000000000000000000e+00 1.600000000000000089e+00 3.200999999999999852e-03 -2.153899999999999981e-01 9.765230000000000299e-01 -6.676200000000000190e-02 9.743030000000000301e-01 2.151190000000000047e-01 -9.977639999999999842e-01 -6.588299999999999712e-02 -1.126100000000000018e-02
9.000000000000000000e+00 2.800000000000000000e+01 1.300000000000000000e+01 0.000000000000000000e+00 1.600000000000000089e+00 -7.839999999999999747e-04 3.530400000000000205e-02 9.993760000000000421e-01 -4.768700000000000022e-02 9.982379999999999587e-01 -3.530099999999999905e-02 -9.988620000000000276e-01 -4.768499999999999822e-02 9.009999999999999997e-04
1.100000000000000000e+01 2.800000000000000000e+01 1.300000000000000000e+01 0.000000000000000000e+00 1.600000000000000089e+00 -4.853999999999999808e-03 -5.755699999999999705e-02 9.983300000000000507e-01 -6.081600000000000200e-02 9.965110000000000356e-01 5.715599999999999847e-02 -9.981370000000000520e-01 -6.043699999999999767e-02 -8.337999999999999926e-03
9.000000000000000000e+00 1.200000000000000000e+01 1.600000000000000000e+01 0.000000000000000000e+00 1.600000000000000089e+00 -3.784000000000000037e-03 2.593799999999999925e-02 9.996559999999999890e-01 2.826670000000000016e-01 -9.588670000000000249e-01 2.595000000000000084e-02 9.592110000000000358e-01 2.826679999999999748e-01 -3.703000000000000128e-03
1.500000000000000000e+01 1.200000000000000000e+01 1.600000000000000000e+01 0.000000000000000000e+00 1.600000000000000089e+00 -5.749999999999999903e-04 -4.600000000000000139e-04 1.000000000000000000e+00 2.733610000000000206e-01 -9.619119999999999893e-01 -2.849999999999999886e-04 9.619109999999999605e-01 2.733599999999999919e-01 6.790000000000000245e-04
1.900000000000000000e+01 1.200000000000000000e+01 1.600000000000000000e+01 0.000000000000000000e+00 1.600000000000000089e+00 4.471000000000000148e-03 -1.383000000000000028e-02 9.998939999999999495e-01 2.695670000000000011e-01 -9.628719999999999501e-01 -1.452400000000000045e-02 9.629710000000000214e-01 2.696029999999999816e-01 -5.770000000000000389e-04
2.200000000000000000e+01 1.200000000000000000e+01 1.600000000000000000e+01 0.000000000000000000e+00 1.600000000000000089e+00 7.315000000000000321e-03 -2.103500000000000161e-02 9.997519999999999740e-01 2.701279999999999792e-01 -9.625679999999999792e-01 -2.222899999999999876e-02 9.627970000000000139e-01 2.702229999999999910e-01 -1.358999999999999965e-03
5.000000000000000000e+00 1.160000000000000000e+02 1.600000000000000000e+01 0.000000000000000000e+00 1.600000000000000089e+00 1.227000000000000009e-03 3.029000000000000008e-03 9.999949999999999672e-01 7.775929999999999787e-01 6.287620000000000431e-01 -2.858999999999999996e-03 -6.287669999999999648e-01 7.775919999999999499e-01 -1.583999999999999905e-03
1.500000000000000000e+01 1.160000000000000000e+02 1.600000000000000000e+01 0.000000000000000000e+00 1.600000000000000089e+00 1.188999999999999953e-03 1.769999999999999926e-04 9.999989999999999712e-01 7.659740000000000437e-01 6.428709999999999702e-01 -1.023999999999999954e-03 -6.428700000000000525e-01 7.659749999999999615e-01 6.290000000000000018e-04
1.900000000000000000e+01 1.160000000000000000e+02 1.600000000000000000e+01 0.000000000000000000e+00 1.600000000000000089e+00 2.426999999999999904e-03 2.681999999999999922e-03 9.999930000000000208e-01 7.668139999999999956e-01 6.418589999999999574e-01 -3.582000000000000114e-03 -6.418639999999999901e-01 7.668179999999999996e-01 -4.989999999999999861e-04
5.000000000000000000e+00 3.400000000000000000e+01 1.800000000000000000e+01 0.000000000000000000e+00 1.600000000000000089e+00 -3.049189999999999956e-01 -2.974939999999999807e-01 9.047220000000000262e-01 -8.873459999999999681e-01 -2.562710000000000266e-01 -3.833309999999999773e-01 3.458919999999999773e-01 -9.196860000000000035e-01 -1.858380000000000032e-01
2.000000000000000000e+01 3.400000000000000000e+01 1.800000000000000000e+01 0.000000000000000000e+00 1.600000000000000089e+00 2.079860000000000042e-01 2.789200000000000013e-01 9.375210000000000488e-01 -9.683279999999999665e-01 1.940810000000000035e-01 1.570799999999999974e-01 -1.381419999999999870e-01 -9.404979999999999452e-01 3.104520000000000057e-01
8.000000000000000000e+00 2.000000000000000000e+00 1.900000000000000000e+01 0.000000000000000000e+00 1.600000000000000089e+00 -3.088000000000000033e-03 2.863900000000000126e-02 -9.995849999999999458e-01 3.474729999999999763e-01 -9.372740000000000515e-01 -2.792700000000000043e-02 -9.376849999999999907e-01 -3.474149999999999738e-01 -7.055999999999999772e-03
1.700000000000000000e+01 2.000000000000000000e+00 1.900000000000000000e+01 0.000000000000000000e+00 1.600000000000000089e+00 -3.589999999999999984e-04 1.909000000000000107e-03 -9.999980000000000535e-01 3.389179999999999970e-01 -9.408140000000000391e-01 -1.917000000000000084e-03 -9.408159999999999856e-01 -3.389179999999999970e-01 -3.089999999999999756e-04
5.000000000000000000e+00 3.000000000000000000e+00 1.900000000000000000e+01 0.000000000000000000e+00 1.600000000000000089e+00 -4.015999999999999605e-03 2.206599999999999881e-02 -9.997479999999999700e-01 3.411179999999999768e-01 -9.397609999999999575e-01 -2.211199999999999971e-02 -9.400119999999999587e-01 -3.411210000000000075e-01 -3.752999999999999826e-03
1.000000000000000000e+01 3.000000000000000000e+00 1.900000000000000000e+01 0.000000000000000000e+00 1.600000000000000089e+00 -1.760000000000000063e-03 2.304900000000000004e-02 -9.997329999999999828e-01 3.368050000000000210e-01 -9.413099999999999801e-01 -2.229499999999999885e-02 -9.415729999999999933e-01 -3.367539999999999978e-01 -6.106000000000000316e-03
2.800000000000000000e+01 3.000000000000000000e+00 1.900000000000000000e+01 0.000000000000000000e+00 1.600000000000000089e+00 6.975000000000000297e-03 -3.845500000000000307e-02 -9.992360000000000131e-01 3.397249999999999992e-01 -9.397349999999999870e-01 3.853700000000000181e-02 -9.404989999999999739e-01 -3.397339999999999804e-01 6.509000000000000029e-03
4.000000000000000000e+00 4.000000000000000000e+00 2.000000000000000000e+01 0.000000000000000000e+00 1.600000000000000089e+00 -3.039000000000000035e-03 1.819399999999999837e-02 -9.998299999999999965e-01 3.841419999999999835e-01 -9.230990000000000029e-01 -1.796499999999999833e-02 -9.232690000000000063e-01 -3.841310000000000002e-01 -4.184000000000000219e-03
1.100000000000000000e+01 4.000000000000000000e+00 2.000000000000000000e+01 0.000000000000000000e+00 1.600000000000000089e+00 -1.002000000000000069e-03 2.142300000000000107e-02 -9.997700000000000475e-01 3.872590000000000199e-01 -9.217509999999999870e-01 -2.014000000000000165e-02 -9.219699999999999562e-01 -3.871899999999999786e-01 -7.373000000000000213e-03
1.500000000000000000e+01 4.000000000000000000e+00 2.000000000000000000e+01 0.000000000000000000e+00 1.600000000000000089e+00 -1.820000000000000057e-04 1.016700000000000069e-02 -9.999479999999999480e-01 3.877280000000000171e-01 -9.217260000000000453e-01 -9.442000000000000740e-03 -9.217739999999999823e-01 -3.877090000000000258e-01 -3.774000000000000011e-03
2.600000000000000000e+01 4.000000000000000000e+00 2.000000000000000000e+01 0.000000000000000000e+00 1.600000000000000089e+00 3.380999999999999891e-03 -3.218399999999999733e-02 -9.994760000000000311e-01 3.813949999999999840e-01 -9.238910000000000178e-01 3.104000000000000162e-02 -9.244059999999999500e-01 -3.812999999999999723e-01 9.150999999999999412e-03
4.000000000000000000e+00 1.300000000000000000e+01 2.000000000000000000e+01 0.000000000000000000e+00 1.600000000000000089e+00 1.891000000000000103e-03 -1.606999999999999922e-03 9.999970000000000248e-01 2.597760000000000069e-01 9.656679999999999708e-01 1.061000000000000094e-03 -9.656670000000000531e-01 2.597740000000000049e-01 2.243999999999999901e-03
1.000000000000000000e+01 1.300000000000000000e+01 2.000000000000000000e+01 0.000000000000000000e+00 1.600000000000000089e+00 1.240000000000000054e-04 1.510999999999999973e-03 9.999989999999999712e-01 2.623050000000000104e-01 9.649839999999999529e-01 -1.490000000000000005e-03 -9.649849999999999817e-01 2.623050000000000104e-01 -2.759999999999999867e-04
1.700000000000000000e+01 1.300000000000000000e+01 2.000000000000000000e+01 0.000000000000000000e+00 1.600000000000000089e+00 -6.080000000000000335e-04 1.030000000000000100e-03 9.999989999999999712e-01 2.636970000000000147e-01 9.646050000000000457e-01 -8.329999999999999731e-04 -9.646059999999999635e-01 2.636959999999999860e-01 -8.580000000000000387e-04
2.300000000000000000e+01 1.300000000000000000e+01 2.000000000000000000e+01 0.000000000000000000e+00 1.600000000000000089e+00 -1.451999999999999949e-03 4.382999999999999743e-03 9.999890000000000168e-01 2.625419999999999976e-01 9.649130000000000207e-01 -3.847999999999999858e-03 -9.649189999999999712e-01 2.625339999999999896e-01 -2.550999999999999882e-03
2.800000000000000000e+01 1.300000000000000000e+01 2.000000000000000000e+01 0.000000000000000000e+00 1.600000000000000089e+00 -1.530000000000000056e-04 -1.593999999999999931e-03 9.999989999999999712e-01 2.606769999999999921e-01 9.654249999999999776e-01 1.579000000000000108e-03 -9.654260000000000064e-01 2.606769999999999921e-01 2.680000000000000090e-04
3.000000000000000000e+00 3.600000000000000000e+01 2.000000000000000000e+01 0.000000000000000000e+00 1.600000000000000089e+00 -3.755040000000000044e-01 -5.069919999999999982e-01 7.758580000000000476e-01 -8.466559999999999642e-01 -1.529179999999999984e-01 -5.096960000000000379e-01 3.770540000000000003e-01 -8.482779999999999765e-01 -3.718259999999999899e-01
2.000000000000000000e+01 1.600000000000000000e+01 2.100000000000000000e+01 0.000000000000000000e+00 1.600000000000000089e+00 -5.450000000000000200e-04 4.099000000000000213e-03 9.999909999999999632e-01 2.956559999999999744e-01 9.552869999999999973e-01 -3.755000000000000091e-03 -9.552939999999999765e-01 2.956509999999999971e-01 -1.732000000000000033e-03
3.000000000000000000e+01 3.800000000000000000e+01 2.200000000000000000e+01 0.000000000000000000e+00 1.600000000000000089e+00 3.930930000000000257e-01 7.002400000000000291e-02 9.168290000000000051e-01 -7.360529999999999573e-01 6.215640000000000054e-01 2.681120000000000170e-01 -5.510930000000000550e-01 -7.802280000000000326e-01 2.958740000000000259e-01
4.000000000000000000e+00 3.000000000000000000e+00 2.500000000000000000e+01 0.000000000000000000e+00 1.600000000000000089e+00 -5.307000000000000085e-03 1.712100000000000080e-02 9.998390000000000333e-01 1.038599999999999940e-02 -9.997989999999999933e-01 1.717499999999999930e-02 9.999320000000000430e-01 1.047599999999999920e-02 5.127999999999999746e-03
8.000000000000000000e+00 3.000000000000000000e+00 2.500000000000000000e+01 0.000000000000000000e+00 1.600000000000000089e+00 -6.093000000000000325e-03 2.290499999999999828e-02 9.997190000000000243e-01 1.580799999999999914e-02 -9.996110000000000273e-01 2.299899999999999861e-02 9.998559999999999670e-01 1.594299999999999884e-02 5.727999999999999585e-03
1.500000000000000000e+01 3.000000000000000000e+00 2.500000000000000000e+01 0.000000000000000000e+00 1.600000000000000089e+00 -3.599000000000000202e-03 6.331999999999999955e-03 9.999730000000000008e-01 2.033099999999999838e-02 -9.997730000000000228e-01 6.403999999999999970e-03 9.997869999999999813e-01 2.035299999999999956e-02 3.468999999999999861e-03
1.900000000000000000e+01 3.000000000000000000e+00 2.500000000000000000e+01 0.000000000000000000e+00 1.600000000000000089e+00 4.173999999999999759e-03 -5.331999999999999934e-03 9.999770000000000048e-01 3.289899999999999769e-02 -9.994439999999999991e-01 -5.466000000000000372e-03 9.994499999999999496e-01 3.292099999999999888e-02 -3.996000000000000420e-03
2.600000000000000000e+01 3.000000000000000000e+00 2.500000000000000000e+01 0.000000000000000000e+00 1.600000000000000089e+00 8.876000000000000209e-03 -1.845899999999999971e-02 9.997899999999999565e-01 1.694299999999999973e-02 -9.996829999999999883e-01 -1.860699999999999854e-02 9.998169999999999558e-01 1.710400000000000115e-02 -8.560999999999999166e-03
1.000000000000000000e+01 3.000000000000000000e+01 2.500000000000000000e+01 0.000000000000000000e+00 1.600000000000000089e+00 -2.234800000000000120e-01 -8.220999999999999142e-03 9.746740000000000403e-01 -9.741570000000000507e-01 -3.174300000000000038e-02 -2.236289999999999945e-01 3.277700000000000058e-02 -9.994619999999999616e-01 -9.150000000000000147e-04
8.000000000000000000e+00 3.100000000000000000e+01 2.500000000000000000e+01 0.000000000000000000e+00 1.600000000000000089e+00 -3.081110000000000237e-01 5.639700000000000268e-02 9.496769999999999934e-01 -9.476689999999999836e-01 6.953800000000000259e-02 -3.115890000000000049e-01 -8.361100000000000476e-02 -9.959839999999999804e-01 3.202100000000000085e-02
1.900000000000000000e+01 2.900000000000000000e+01 2.600000000000000000e+01 0.000000000000000000e+00 1.600000000000000089e+00 5.354000000000000252e-03 3.861900000000000055e-02 -9.992400000000000171e-01 1.294909999999999950e-01 -9.908670000000000533e-01 -3.760100000000000248e-02 -9.915659999999999474e-01 -1.291920000000000013e-01 -1.030599999999999919e-02
3.000000000000000000e+00 4.600000000000000000e+01 2.700000000000000000e+01 0.000000000000000000e+00 1.600000000000000089e+00 -3.709000000000000057e-03 -1.654000000000000088e-03 -9.999919999999999920e-01 6.753670000000000506e-01 7.374730000000000452e-01 -3.725000000000000012e-03 7.374730000000000452e-01 -6.753749999999999476e-01 -1.618999999999999996e-03
2.700000000000000000e+01 5.800000000000000000e+01 3.100000000000000000e+01 0.000000000000000000e+00 1.600000000000000089e+00 7.481999999999999935e-03 2.737999999999999982e-03 9.999679999999999680e-01 -8.099859999999999838e-01 -5.863990000000000036e-01 7.666000000000000071e-03 5.864019999999999788e-01 -8.100169999999999870e-01 -2.170000000000000054e-03
1.700000000000000000e+01 3.200000000000000000e+01 3.300000000000000000e+01 0.000000000000000000e+00 1.600000000000000089e+00 8.078599999999999670e-02 -8.635800000000000420e-02 -9.929829999999999490e-01 1.396100000000000119e-01 -9.854380000000000361e-01 9.705999999999999350e-02 -9.869059999999999500e-01 -1.464709999999999901e-01 -6.755300000000000193e-02
4.000000000000000000e+00 4.600000000000000000e+01 3.500000000000000000e+01 0.000000000000000000e+00 1.600000000000000089e+00 -1.415999999999999941e-03 -5.041999999999999607e-03 -9.999860000000000415e-01 3.901569999999999760e-01 -9.207389999999999741e-01 4.089999999999999886e-03 -9.207469999999999821e-01 -3.901450000000000196e-01 3.271000000000000036e-03
7.000000000000000000e+00 4.600000000000000000e+01 3.500000000000000000e+01 0.000000000000000000e+00 1.600000000000000089e+00 -1.949999999999999965e-04 -4.616999999999999577e-03 -9.999890000000000168e-01 3.919849999999999723e-01 -9.199619999999999465e-01 4.171000000000000228e-03 -9.199720000000000120e-01 -3.919799999999999951e-01 1.988999999999999883e-03
1.300000000000000000e+01 4.600000000000000000e+01 3.500000000000000000e+01 0.000000000000000000e+00 1.600000000000000089e+00 4.360000000000000269e-04 6.628499999999999670e-02 -9.978010000000000490e-01 3.951569999999999805e-01 -9.166050000000000031e-01 -6.071800000000000114e-02 -9.186130000000000129e-01 -3.942620000000000013e-01 -2.659299999999999858e-02
1.100000000000000000e+01 9.500000000000000000e+01 3.600000000000000000e+01 0.000000000000000000e+00 1.600000000000000089e+00 3.409000000000000138e-03 7.842999999999999278e-03 9.999639999999999640e-01 9.970830000000000526e-01 7.622299999999999909e-02 -3.996999999999999685e-03 -7.625099999999999933e-02 9.970599999999999463e-01 -7.559999999999999880e-03
2.800000000000000000e+01 4.600000000000000000e+01 4.100000000000000000e+01 0.000000000000000000e+00 1.600000000000000089e+00 -4.540919999999999956e-01 -1.369999999999999907e-03 8.909529999999999950e-01 6.086700000000000443e-01 -7.307399999999999451e-01 3.090970000000000106e-01 6.506309999999999594e-01 6.826550000000000118e-01 3.326569999999999805e-01
4.000000000000000000e+00 3.000000000000000000e+00 4.300000000000000000e+01 0.000000000000000000e+00 1.600000000000000089e+00 7.889999999999999878e-04 -1.222700000000000002e-02 -9.999249999999999527e-01 7.329299999999999704e-01 -6.802460000000000173e-01 8.897000000000000394e-03 -6.803040000000000198e-01 -7.328820000000000334e-01 8.425000000000000197e-03
1.000000000000000000e+01 3.000000000000000000e+00 4.300000000000000000e+01 0.000000000000000000e+00 1.600000000000000089e+00 -5.897000000000000332e-03 -9.018999999999999240e-03 -9.999419999999999975e-01 7.347120000000000317e-01 -6.783759999999999790e-01 1.784999999999999911e-03 -6.783529999999999838e-01 -7.346589999999999510e-01 1.062699999999999929e-02
1.900000000000000000e+01 3.000000000000000000e+00 4.300000000000000000e+01 0.000000000000000000e+00 1.600000000000000089e+00 -1.461999999999999975e-03 -3.079000000000000140e-03 -9.999940000000000495e-01 7.318729999999999958e-01 -6.814400000000000457e-01 1.028000000000000051e-03 -6.814390000000000169e-01 -7.318670000000000453e-01 3.249000000000000152e-03
2.300000000000000000e+01 3.000000000000000000e+00 4.300000000000000000e+01 0.000000000000000000e+00 1.600000000000000089e+00 -3.792999999999999931e-03 1.222999999999999912e-03 -9.999919999999999920e-01 7.299060000000000548e-01 -6.835379999999999789e-01 -3.605000000000000131e-03 -6.835369999999999502e-01 -7.299139999999999517e-01 1.699999999999999905e-03
2.000000000000000000e+00 2.900000000000000000e+01 4.400000000000000000e+01 0.000000000000000000e+00 1.600000000000000089e+00 -6.070000000000000092e-04 -3.099999999999999999e-04 -1.000000000000000000e+00 6.600430000000000463e-01 7.512269999999999781e-01 -6.340000000000000149e-04 7.512269999999999781e-01 -6.600430000000000463e-01 -2.519999999999999996e-04
8.000000000000000000e+00 2.900000000000000000e+01 4.400000000000000000e+01 0.000000000000000000e+00 1.600000000000000089e+00 2.327000000000000075e-03 4.102999999999999876e-03 -9.999890000000000168e-01 6.491369999999999640e-01 7.606570000000000276e-01 4.630999999999999700e-03 7.606680000000000108e-01 -6.491409999999999680e-01 -8.930000000000000221e-04
1.200000000000000000e+01 2.900000000000000000e+01 4.400000000000000000e+01 0.000000000000000000e+00 1.600000000000000089e+00 -4.823000000000000030e-03 7.200000000000000453e-04 -9.999879999999999880e-01 6.384640000000000315e-01 7.696479999999999988e-01 -2.524999999999999901e-03 7.696370000000000156e-01 -6.384689999999999532e-01 -4.171000000000000228e-03
2.200000000000000000e+01 3.500000000000000000e+01 4.400000000000000000e+01 0.000000000000000000e+00 1.600000000000000089e+00 -2.907509999999999817e-01 -5.625149999999999872e-01 -7.739770000000000261e-01 -8.943689999999999696e-01 4.471950000000000092e-01 1.096300000000000052e-02 3.399519999999999764e-01 6.954080000000000261e-01 -6.331189999999999873e-01
8.000000000000000000e+00 6.000000000000000000e+00 5.100000000000000000e+01 0.000000000000000000e+00 1.600000000000000089e+00 3.935000000000000130e-03 2.988999999999999903e-03 -9.999879999999999880e-01 3.150760000000000227e-01 -9.490650000000000475e-01 -1.596999999999999895e-03 -9.490579999999999572e-01 -3.150660000000000127e-01 -4.675999999999999601e-03
7.000000000000000000e+00 1.150000000000000000e+02 5.100000000000000000e+01 0.000000000000000000e+00 1.600000000000000089e+00 2.369999999999999874e-04 1.299999999999999940e-03 9.999989999999999712e-01 8.476040000000000241e-01 -5.306290000000000173e-01 4.889999999999999599e-04 5.306290000000000173e-01 8.476029999999999953e-01 -1.227999999999999925e-03
2.000000000000000000e+00 7.000000000000000000e+00 5.200000000000000000e+01 0.000000000000000000e+00 1.600000000000000089e+00 -2.027999999999999855e-03 -1.588999999999999918e-03 -9.999970000000000248e-01 8.617700000000000360e-02 -9.962790000000000257e-01 1.407999999999999963e-03 -9.962779999999999969e-01 -8.617400000000000060e-02 2.157000000000000063e-03
1.100000000000000000e+01 7.000000000000000000e+00 5.200000000000000000e+01 0.000000000000000000e+00 1.600000000000000089e+00 5.505999999999999610e-03 -2.103999999999999967e-03 -9.999829999999999552e-01 9.636200000000000321e-02 -9.953429999999999778e-01 2.625000000000000163e-03 -9.953309999999999658e-01 -9.637500000000000233e-02 -5.277999999999999706e-03
4.000000000000000000e+00 6.300000000000000000e+01 5.400000000000000000e+01 0.000000000000000000e+00 1.600000000000000089e+00 -2.723999999999999859e-03 1.237000000000000035e-03 9.999959999999999960e-01 -3.538370000000000126e-01 9.353050000000000530e-01 -2.119999999999999923e-03 -9.353029999999999955e-01 -3.538410000000000166e-01 -2.109999999999999896e-03
1.300000000000000000e+01 6.300000000000000000e+01 5.400000000000000000e+01 0.000000000000000000e+00 1.600000000000000089e+00 -4.040000000000000080e-04 2.622999999999999898e-03 9.999970000000000248e-01 -3.461980000000000057e-01 9.381580000000000474e-01 -2.601000000000000013e-03 -9.381620000000000514e-01 -3.461969999999999770e-01 5.289999999999999564e-04
1.500000000000000000e+01 6.300000000000000000e+01 5.400000000000000000e+01 0.000000000000000000e+00 1.600000000000000089e+00 7.169999999999999724e-04 3.964999999999999775e-03 9.999919999999999920e-01 -3.493649999999999811e-01 9.369800000000000351e-01 -3.465000000000000198e-03 -9.369870000000000143e-01 -3.493600000000000039e-01 2.056999999999999801e-03
2.800000000000000000e+01 6.300000000000000000e+01 5.400000000000000000e+01 0.000000000000000000e+00 1.600000000000000089e+00 -5.240000000000000517e-04 -2.079999999999999818e-03 9.999980000000000535e-01 -3.608879999999999866e-01 9.326079999999999925e-01 1.750999999999999952e-03 -9.326090000000000213e-01 -3.608859999999999846e-01 -1.239000000000000084e-03
8.000000000000000000e+00 2.500000000000000000e+01 5.500000000000000000e+01 0.000000000000000000e+00 1.600000000000000089e+00 -2.020000000000000040e-04 2.416999999999999878e-03 -9.999970000000000248e-01 -1.138899999999999982e-02 -9.999320000000000430e-01 -2.413999999999999913e-03 -9.999350000000000183e-01 1.138899999999999982e-02 2.290000000000000098e-04
2.500000000000000000e+01 2.500000000000000000e+01 5.500000000000000000e+01 0.000000000000000000e+00 1.600000000000000089e+00 6.939999999999999555e-04 1.523999999999999964e-03 -9.999989999999999712e-01 -1.055500000000000015e-02 -9.999430000000000263e-01 -1.531999999999999942e-03 -9.999440000000000550e-01 1.055599999999999941e-02 -6.780000000000000002e-04
3.000000000000000000e+01 2.000000000000000000e+01 6.000000000000000000e+01 0.000000000000000000e+00 1.600000000000000089e+00 -5.940000000000000184e-04 1.998000000000000210e-03 9.999980000000000535e-01 -5.812799999999999911e-02 9.983070000000000555e-01 -2.028999999999999988e-03 -9.983090000000000019e-01 -5.812900000000000011e-02 -4.769999999999999934e-04
2.000000000000000000e+00 2.100000000000000000e+01 6.000000000000000000e+01 0.000000000000000000e+00 1.600000000000000089e+00 1.280000000000000105e-03 -6.514999999999999958e-03 9.999780000000000335e-01 -9.208299999999999819e-02 9.957289999999999752e-01 6.604999999999999760e-03 -9.957510000000000527e-01 -9.208900000000000419e-02 6.750000000000000357e-04
8.000000000000000000e+00 2.100000000000000000e+01 6.000000000000000000e+01 0.000000000000000000e+00 1.600000000000000089e+00 1.425999999999999967e-03 -8.968000000000000277e-03 9.999590000000000423e-01 -9.824600000000000000e-02 9.951210000000000333e-01 9.065000000000000141e-03 -9.951609999999999623e-01 -9.825499999999999512e-02 5.379999999999999583e-04
1.400000000000000000e+01 2.100000000000000000e+01 6.000000000000000000e+01 0.000000000000000000e+00 1.600000000000000089e+00 -8.120000000000000048e-04 5.780999999999999681e-03 9.999829999999999552e-01 -9.819999999999999563e-02 9.951499999999999790e-01 -5.832999999999999644e-03 -9.951659999999999950e-01 -9.820399999999999963e-02 -2.410000000000000033e-04
2.100000000000000000e+01 2.100000000000000000e+01 6.000000000000000000e+01 0.000000000000000000e+00 1.600000000000000089e+00 -5.789999999999999791e-04 -6.637999999999999803e-03 9.999780000000000335e-01 -9.601600000000000412e-02 9.953579999999999650e-01 6.551000000000000399e-03 -9.953800000000000425e-01 -9.600999999999999812e-02 -1.213000000000000102e-03
2.600000000000000000e+01 2.100000000000000000e+01 6.000000000000000000e+01 0.000000000000000000e+00 1.600000000000000089e+00 6.560000000000000076e-04 -5.527999999999999928e-03 9.999850000000000128e-01 -9.261500000000000288e-02 9.956859999999999600e-01 5.564999999999999634e-03 -9.957019999999999760e-01 -9.261700000000000488e-02 1.410000000000000120e-04
1.300000000000000000e+01 6.700000000000000000e+01 6.000000000000000000e+01 0.000000000000000000e+00 1.600000000000000089e+00 2.739999999999999814e-03 5.080000000000000314e-03 9.999829999999999552e-01 1.795549999999999924e-01 -9.837380000000000013e-01 4.505999999999999589e-03 9.837439999999999518e-01 1.795400000000000051e-01 -3.608000000000000096e-03
3.000000000000000000e+00 3.000000000000000000e+00 6.300000000000000000e+01 0.000000000000000000e+00 1.600000000000000089e+00 1.977000000000000025e-03 -6.709999999999999819e-03 9.999759999999999760e-01 -6.137500000000000178e-01 7.894740000000000091e-01 6.511000000000000294e-03 -7.894980000000000331e-01 -6.137479999999999603e-01 -2.557999999999999944e-03
3.000000000000000000e+00 2.700000000000000000e+01 6.300000000000000000e+01 0.000000000000000000e+00 1.600000000000000089e+00 4.780000000000000178e-04 3.664000000000000156e-03 9.999930000000000208e-01 -2.744570000000000065e-01 9.615930000000000311e-01 -3.392000000000000050e-03 -9.615989999999999815e-01 -2.744539999999999758e-01 1.464999999999999939e-03
7.000000000000000000e+00 2.700000000000000000e+01 6.300000000000000000e+01 0.000000000000000000e+00 1.600000000000000089e+00 -1.487999999999999956e-03 -3.455999999999999871e-03 9.999930000000000208e-01 -2.706399999999999917e-01 9.626759999999999762e-01 2.925000000000000083e-03 -9.626799999999999802e-01 -2.706330000000000124e-01 -2.367999999999999879e-03
2.000000000000000000e+01 2.700000000000000000e+01 6.300000000000000000e+01 0.000000000000000000e+00 1.600000000000000089e+00 2.011000000000000201e-03 -6.819999999999999674e-03 9.999749999999999472e-01 -2.749199999999999977e-01 9.614409999999999901e-01 7.110000000000000001e-03 -9.614650000000000141e-01 -2.749280000000000057e-01 5.899999999999999754e-05
2.400000000000000000e+01 2.700000000000000000e+01 6.300000000000000000e+01 0.000000000000000000e+00 1.600000000000000089e+00 2.096999999999999906e-03 -1.270999999999999994e-03 9.999970000000000248e-01 -2.749389999999999890e-01 9.614599999999999813e-01 1.799000000000000035e-03 -9.614589999999999526e-01 -2.749420000000000197e-01 1.667000000000000079e-03
2.700000000000000000e+01 2.700000000000000000e+01 6.300000000000000000e+01 0.000000000000000000e+00 1.600000000000000089e+00 1.358999999999999965e-03 -5.911999999999999721e-03 9.999820000000000375e-01 -2.754550000000000054e-01 9.612950000000000106e-01 6.058000000000000017e-03 -9.613129999999999731e-01 -2.754579999999999806e-01 -3.220000000000000206e-04
2.000000000000000000e+00 2.600000000000000000e+01 6.400000000000000000e+01 0.000000000000000000e+00 1.600000000000000089e+00 9.749999999999999552e-04 6.153999999999999748e-03 9.999810000000000088e-01 -3.648440000000000016e-01 9.310530000000000195e-01 -5.374000000000000304e-03 -9.310680000000000067e-01 -3.648310000000000164e-01 3.152999999999999987e-03
1.000000000000000000e+01 2.600000000000000000e+01 6.400000000000000000e+01 0.000000000000000000e+00 1.600000000000000089e+00 -8.289999999999999843e-04 -4.317999999999999790e-03 9.999900000000000455e-01 -3.646829999999999794e-01 9.311239999999999517e-01 3.719000000000000083e-03 -9.311310000000000420e-01 -3.646760000000000002e-01 -2.347000000000000128e-03
2.100000000000000000e+01 2.600000000000000000e+01 6.400000000000000000e+01 0.000000000000000000e+00 1.600000000000000089e+00 2.853000000000000067e-03 -4.467999999999999750e-03 9.999860000000000415e-01 -3.677349999999999786e-01 9.299159999999999648e-01 5.204000000000000292e-03 -9.299260000000000304e-01 -3.677449999999999886e-01 1.010000000000000047e-03
2.700000000000000000e+01 2.600000000000000000e+01 6.400000000000000000e+01 0.000000000000000000e+00 1.600000000000000089e+00 2.799999999999999972e-03 -5.786999999999999610e-03 9.999789999999999512e-01 -3.643580000000000152e-01 9.312369999999999814e-01 6.409999999999999899e-03 -9.312550000000000550e-01 -3.643680000000000252e-01 4.989999999999999861e-04
2.000000000000000000e+00 6.900000000000000000e+01 6.600000000000000000e+01 0.000000000000000000e+00 1.600000000000000089e+00 -4.695999999999999654e-03 -4.100000000000000047e-05 9.999890000000000168e-01 -9.466489999999999627e-01 3.222369999999999957e-01 -4.432000000000000176e-03 -3.222329999999999917e-01 -9.466590000000000282e-01 -1.551999999999999994e-03
6.000000000000000000e+00 6.900000000000000000e+01 6.600000000000000000e+01 0.000000000000000000e+00 1.600000000000000089e+00 -4.312999999999999994e-03 1.910000000000000077e-04 9.999909999999999632e-01 -9.491779999999999662e-01 3.147130000000000205e-01 -4.153999999999999707e-03 -3.147099999999999898e-01 -9.491870000000000029e-01 -1.177000000000000095e-03
4.000000000000000000e+00 2.500000000000000000e+01 7.300000000000000000e+01 0.000000000000000000e+00 1.600000000000000089e+00 2.260999999999999989e-03 9.870000000000000301e-04 9.999970000000000248e-01 7.555250000000000021e-01 -6.551190000000000069e-01 -1.062000000000000010e-03 6.551160000000000316e-01 7.555250000000000021e-01 -2.226999999999999813e-03
1.100000000000000000e+01 2.500000000000000000e+01 7.300000000000000000e+01 0.000000000000000000e+00 1.600000000000000089e+00 -2.628999999999999827e-03 -1.992999999999999980e-03 9.999949999999999672e-01 7.572499999999999787e-01 -6.531240000000000379e-01 6.899999999999999667e-04 6.531190000000000051e-01 7.572480000000000322e-01 3.226000000000000135e-03
1.900000000000000000e+01 2.500000000000000000e+01 7.300000000000000000e+01 0.000000000000000000e+00 1.600000000000000089e+00 1.899999999999999996e-03 3.200999999999999852e-03 9.999930000000000208e-01 7.598179999999999934e-01 -6.501360000000000472e-01 6.380000000000000037e-04 6.501329999999999609e-01 7.598110000000000142e-01 -3.667000000000000121e-03
2.200000000000000000e+01 2.500000000000000000e+01 7.300000000000000000e+01 0.000000000000000000e+00 1.600000000000000089e+00 2.704999999999999939e-03 -4.479999999999999933e-04 9.999959999999999960e-01 7.629489999999999883e-01 -6.464539999999999731e-01 -2.354000000000000190e-03 6.464530000000000554e-01 7.629529999999999923e-01 -1.407000000000000048e-03
2.800000000000000000e+01 2.500000000000000000e+01 7.300000000000000000e+01 0.000000000000000000e+00 1.600000000000000089e+00 -1.978000000000000157e-03 -1.465299999999999936e-02 9.998909999999999743e-01 7.548850000000000282e-01 -6.558070000000000288e-01 -8.118000000000000216e-03 6.558540000000000481e-01 7.547859999999999570e-01 1.235900000000000019e-02
3.000000000000000000e+00 4.400000000000000000e+01 7.300000000000000000e+01 0.000000000000000000e+00 1.600000000000000089e+00 4.889999999999999599e-04 1.487000000000000040e-03 9.999989999999999712e-01 5.728300000000000058e-02 -9.983570000000000499e-01 1.456999999999999962e-03 9.983579999999999677e-01 5.728199999999999958e-02 -5.730000000000000501e-04
9.000000000000000000e+00 4.400000000000000000e+01 7.300000000000000000e+01 0.000000000000000000e+00 1.600000000000000089e+00 2.027999999999999855e-03 2.423999999999999939e-03 9.999949999999999672e-01 5.585699999999999693e-02 -9.984359999999999902e-01 2.307000000000000023e-03 9.984370000000000189e-01 5.585199999999999887e-02 -2.160000000000000028e-03
