3.000000000000000000e+00 1.500000000000000000e+01 4.000000000000000000e+00 0.000000000000000000e+00 1.600000000000000089e+00 -1.529999999999999893e-03 -6.198999999999999649e-03 9.999799999999999800e-01 3.122500000000000275e-01 -9.499849999999999683e-01 -5.411000000000000011e-03 9.499990000000000379e-01 3.122349999999999848e-01 3.389000000000000085e-03
9.000000000000000000e+00 1.500000000000000000e+01 4.000000000000000000e+00 0.000000000000000000e+00 1.600000000000000089e+00 -2.054999999999999969e-03 -2.772000000000000158e-03 9.999940000000000495e-01 3.079399999999999915e-01 -9.514040000000000274e-01 -2.004999999999999838e-03 9.514040000000000274e-01 3.079339999999999855e-01 2.808999999999999865e-03
1.500000000000000000e+01 1.500000000000000000e+01 4.000000000000000000e+00 0.000000000000000000e+00 1.600000000000000089e+00 6.539999999999999590e-04 -3.719999999999999891e-04 1.000000000000000000e+00 3.094899999999999873e-01 -9.509030000000000538e-01 -5.559999999999999621e-04 9.509030000000000538e-01 3.094899999999999873e-01 -5.069999999999999637e-04
2.200000000000000000e+01 1.500000000000000000e+01 4.000000000000000000e+00 0.000000000000000000e+00 1.600000000000000089e+00 2.004999999999999838e-03 -4.506999999999999722e-03 9.999879999999999880e-01 3.109430000000000249e-01 -9.504160000000000386e-01 -4.906999999999999904e-03 9.504259999999999931e-01 3.109489999999999754e-01 -5.039999999999999992e-04
2.600000000000000000e+01 1.500000000000000000e+01 4.000000000000000000e+00 0.000000000000000000e+00 1.600000000000000089e+00 1.087999999999999991e-03 -1.111999999999999924e-03 9.999989999999999712e-01 3.120789999999999953e-01 -9.500549999999999828e-01 -1.396000000000000105e-03 9.500560000000000116e-01 3.120800000000000241e-01 -6.870000000000000022e-04
2.000000000000000000e+00 1.010000000000000000e+02 7.000000000000000000e+00 0.000000000000000000e+00 1.600000000000000089e+00 5.651999999999999906e-03 1.256999999999999958e-02 9.999050000000000438e-01 8.851290000000000546e-01 4.652189999999999936e-01 -1.085200000000000053e-02 -4.653109999999999746e-01 8.851059999999999484e-01 -8.496999999999999345e-03
8.000000000000000000e+00 1.010000000000000000e+02 7.000000000000000000e+00 0.000000000000000000e+00 1.600000000000000089e+00 3.910000000000000281e-03 -2.112299999999999942e-02 9.997690000000000188e-01 8.910460000000000047e-01 4.538719999999999977e-01 6.105000000000000183e-03 -4.538969999999999949e-01 8.908160000000000522e-01 2.059599999999999972e-02
1.400000000000000000e+01 1.010000000000000000e+02 7.000000000000000000e+00 0.000000000000000000e+00 1.600000000000000089e+00 -1.152999999999999945e-03 -5.815999999999999989e-03 9.999820000000000375e-01 8.916100000000000136e-01 4.527889999999999970e-01 3.661000000000000192e-03 -4.528030000000000110e-01 8.915990000000000304e-01 4.662999999999999610e-03
2.000000000000000000e+00 2.500000000000000000e+01 8.000000000000000000e+00 0.000000000000000000e+00 1.600000000000000089e+00 -1.137999999999999906e-03 -6.277999999999999726e-03 -9.999799999999999800e-01 4.442229999999999790e-01 8.958949999999999969e-01 -6.130000000000000032e-03 8.959160000000000457e-01 -4.442209999999999770e-01 1.768999999999999956e-03
1.000000000000000000e+01 2.500000000000000000e+01 8.000000000000000000e+00 0.000000000000000000e+00 1.600000000000000089e+00 -8.109999999999999805e-04 1.949999999999999910e-03 -9.999980000000000535e-01 4.444739999999999802e-01 8.957899999999999752e-01 1.386000000000000079e-03 8.957910000000000039e-01 -4.444719999999999782e-01 -1.593000000000000015e-03
1.400000000000000000e+01 2.500000000000000000e+01 8.000000000000000000e+00 0.000000000000000000e+00 1.600000000000000089e+00 -5.700000000000000314e-05 7.119999999999999593e-04 -1.000000000000000000e+00 4.437229999999999785e-01 8.961639999999999606e-01 6.130000000000000466e-04 8.961639999999999606e-01 -4.437229999999999785e-01 -3.669999999999999760e-04
2.100000000000000000e+01 2.500000000000000000e+01 8.000000000000000000e+00 0.000000000000000000e+00 1.600000000000000089e+00 1.789999999999999870e-04 -2.227999999999999946e-03 -9.999980000000000535e-01 4.451669999999999794e-01 8.954450000000000465e-01 -1.915000000000000036e-03 8.954469999999999930e-01 -4.451660000000000061e-01 1.152000000000000029e-03
2.400000000000000000e+01 2.500000000000000000e+01 8.000000000000000000e+00 0.000000000000000000e+00 1.600000000000000089e+00 -4.910000000000000085e-04 -7.532999999999999766e-03 -9.999719999999999720e-01 4.471029999999999727e-01 8.944550000000000001e-01 -6.957999999999999775e-03 8.944819999999999993e-01 -4.470939999999999914e-01 2.929000000000000180e-03
2.800000000000000000e+01 2.500000000000000000e+01 8.000000000000000000e+00 0.000000000000000000e+00 1.600000000000000089e+00 -2.370000000000000145e-03 -6.905999999999999812e-03 -9.999730000000000008e-01 4.478519999999999723e-01 8.940789999999999571e-01 -7.236000000000000244e-03 8.941050000000000386e-01 -4.478570000000000051e-01 9.740000000000000394e-04
3.000000000000000000e+00 2.400000000000000000e+01 9.000000000000000000e+00 0.000000000000000000e+00 1.600000000000000089e+00 -1.134000000000000025e-03 -7.466999999999999679e-03 -9.999710000000000543e-01 4.499500000000000166e-01 8.930249999999999577e-01 -7.178000000000000352e-03 8.930529999999999857e-01 -4.499449999999999839e-01 2.347000000000000128e-03
1.100000000000000000e+01 2.400000000000000000e+01 9.000000000000000000e+00 0.000000000000000000e+00 1.600000000000000089e+00 -2.210000000000000050e-04 2.076999999999999853e-03 -9.999980000000000535e-01 4.498090000000000144e-01 8.931230000000000002e-01 1.755999999999999965e-03 8.931249999999999467e-01 -4.498070000000000124e-01 -1.131999999999999977e-03
1.700000000000000000e+01 2.400000000000000000e+01 9.000000000000000000e+00 0.000000000000000000e+00 1.600000000000000089e+00 1.240000000000000054e-04 2.128999999999999816e-03 -9.999980000000000535e-01 4.490569999999999840e-01 8.935009999999999897e-01 1.958000000000000105e-03 8.935030000000000472e-01 -4.490560000000000107e-01 -8.450000000000000479e-04
2.100000000000000000e+01 2.400000000000000000e+01 9.000000000000000000e+00 0.000000000000000000e+00 1.600000000000000089e+00 -2.439999999999999949e-04 -2.870999999999999854e-03 -9.999959999999999960e-01 4.507669999999999733e-01 8.926370000000000138e-01 -2.673000000000000029e-03 8.926410000000000178e-01 -4.507660000000000000e-01 1.075999999999999917e-03
2.400000000000000000e+01 2.400000000000000000e+01 9.000000000000000000e+00 0.000000000000000000e+00 1.600000000000000089e+00 -7.119999999999999593e-04 -7.762999999999999935e-03 -9.999700000000000255e-01 4.525689999999999991e-01 8.917000000000000481e-01 -7.244999999999999704e-03 8.917289999999999939e-01 -4.525600000000000178e-01 2.879000000000000049e-03
2.800000000000000000e+01 2.400000000000000000e+01 9.000000000000000000e+00 0.000000000000000000e+00 1.600000000000000089e+00 -1.955000000000000140e-03 -5.922000000000000181e-03 -9.999810000000000088e-01 4.532999999999999807e-01 8.913370000000000459e-01 -6.164000000000000208e-03 8.913560000000000372e-01 -4.533030000000000115e-01 9.420000000000000205e-04
5.000000000000000000e+00 3.100000000000000000e+01 1.200000000000000000e+01 0.000000000000000000e+00 1.600000000000000089e+00 -4.360000000000000269e-04 2.413000000000000214e-03 9.999970000000000248e-01 -5.310999999999999749e-03 9.999829999999999552e-01 -2.415000000000000046e-03 -9.999860000000000415e-01 -5.311999999999999882e-03 -4.229999999999999819e-04
1.500000000000000000e+01 3.000000000000000000e+00 1.300000000000000000e+01 0.000000000000000000e+00 1.600000000000000089e+00 2.729999999999999788e-03 1.378060000000000118e-01 9.904549999999999743e-01 -2.196400000000000088e-02 9.902279999999999971e-01 -1.377140000000000031e-01 -9.997549999999999493e-01 -2.137800000000000117e-02 5.729999999999999850e-03
2.500000000000000000e+01 3.200000000000000000e+01 1.400000000000000000e+01 0.000000000000000000e+00 1.600000000000000089e+00 2.559999999999999884e-04 -1.800000000000000046e-05 -1.000000000000000000e+00 1.081560000000000021e-01 9.941339999999999621e-01 9.000000000000000228e-06 9.941339999999999621e-01 -1.081560000000000021e-01 2.570000000000000127e-04
5.000000000000000000e+00 1.200000000000000000e+01 1.500000000000000000e+01 0.000000000000000000e+00 1.600000000000000089e+00 -1.100000000000000066e-03 -4.536000000000000101e-03 -9.999890000000000168e-01 -4.660150000000000126e-01 -8.847650000000000237e-01 4.525999999999999641e-03 -8.847760000000000069e-01 4.660150000000000126e-01 -1.141000000000000087e-03
1.000000000000000000e+01 1.200000000000000000e+01 1.500000000000000000e+01 0.000000000000000000e+00 1.600000000000000089e+00 -3.608999999999999795e-03 -2.949999999999999931e-03 -9.999890000000000168e-01 -4.692359999999999864e-01 -8.830620000000000136e-01 4.297999999999999737e-03 -8.830660000000000176e-01 4.692459999999999964e-01 1.802999999999999915e-03
1.400000000000000000e+01 1.200000000000000000e+01 1.500000000000000000e+01 0.000000000000000000e+00 1.600000000000000089e+00 -3.420999999999999996e-03 -2.376000000000000074e-03 -9.999909999999999632e-01 -4.677339999999999831e-01 -8.838610000000000078e-01 3.700000000000000164e-03 -8.838629999999999542e-01 4.677430000000000199e-01 1.912999999999999987e-03
1.800000000000000000e+01 1.200000000000000000e+01 1.500000000000000000e+01 0.000000000000000000e+00 1.600000000000000089e+00 -1.227999999999999925e-03 -8.566999999999999962e-03 -9.999630000000000463e-01 -4.662899999999999823e-01 -8.845939999999999914e-01 8.151000000000000259e-03 -8.846309999999999452e-01 4.662830000000000030e-01 -2.909000000000000127e-03
2.200000000000000000e+01 1.200000000000000000e+01 1.500000000000000000e+01 0.000000000000000000e+00 1.600000000000000089e+00 -2.077999999999999986e-03 -5.833999999999999776e-03 -9.999810000000000088e-01 -4.671529999999999849e-01 -8.841550000000000242e-01 6.128999999999999899e-03 -8.841740000000000155e-01 4.671560000000000157e-01 -8.880000000000000089e-04
2.500000000000000000e+01 1.200000000000000000e+01 1.500000000000000000e+01 0.000000000000000000e+00 1.600000000000000089e+00 -1.088999999999999907e-03 4.220000000000000118e-04 -9.999989999999999712e-01 -4.705139999999999878e-01 -8.823929999999999829e-01 1.399999999999999877e-04 -8.823919999999999542e-01 4.705130000000000146e-01 1.160000000000000007e-03
2.000000000000000000e+00 1.160000000000000000e+02 1.600000000000000000e+01 0.000000000000000000e+00 1.600000000000000089e+00 9.070000000000000371e-04 -3.625999999999999883e-03 9.999930000000000208e-01 7.105259999999999909e-01 7.036689999999999889e-01 1.907000000000000058e-03 -7.036710000000000464e-01 7.105190000000000117e-01 3.214999999999999976e-03
7.000000000000000000e+00 1.160000000000000000e+02 1.600000000000000000e+01 0.000000000000000000e+00 1.600000000000000089e+00 3.229999999999999907e-04 1.015999999999999976e-03 9.999989999999999712e-01 7.245899999999999563e-01 6.891800000000000148e-01 -9.340000000000000429e-04 -6.891800000000000148e-01 7.245899999999999563e-01 -5.140000000000000254e-04
1.100000000000000000e+01 1.160000000000000000e+02 1.600000000000000000e+01 0.000000000000000000e+00 1.600000000000000089e+00 -1.382999999999999898e-03 -1.812999999999999941e-03 9.999970000000000248e-01 7.267019999999999591e-01 6.869490000000000318e-01 2.250999999999999963e-03 -6.869520000000000071e-01 7.267029999999999879e-01 3.669999999999999760e-04
1.400000000000000000e+01 1.160000000000000000e+02 1.600000000000000000e+01 0.000000000000000000e+00 1.600000000000000089e+00 -1.129000000000000012e-03 -8.639999999999999677e-04 9.999989999999999712e-01 6.963390000000000413e-01 7.177120000000000166e-01 1.405999999999999915e-03 -7.177130000000000454e-01 6.963390000000000413e-01 -2.079999999999999872e-04
3.000000000000000000e+00 2.000000000000000000e+00 1.900000000000000000e+01 0.000000000000000000e+00 1.600000000000000089e+00 1.696200000000000138e-02 -1.286499999999999970e-02 -9.997730000000000228e-01 2.341439999999999910e-01 -9.720619999999999816e-01 1.648099999999999912e-02 -9.720539999999999736e-01 -2.343699999999999950e-01 -1.347600000000000013e-02
7.000000000000000000e+00 2.000000000000000000e+00 1.900000000000000000e+01 0.000000000000000000e+00 1.600000000000000089e+00 1.236199999999999972e-02 -4.211999999999999598e-03 -9.999149999999999983e-01 2.342229999999999868e-01 -9.721579999999999666e-01 6.990999999999999819e-03 -9.721039999999999681e-01 -2.342899999999999983e-01 -1.103099999999999914e-02
1.100000000000000000e+01 2.000000000000000000e+00 1.900000000000000000e+01 0.000000000000000000e+00 1.600000000000000089e+00 6.739000000000000198e-03 -1.062500000000000076e-02 -9.999209999999999487e-01 2.262550000000000117e-01 -9.739959999999999729e-01 1.187399999999999914e-02 -9.740450000000000497e-01 -2.263169999999999904e-01 -4.159999999999999636e-03
2.600000000000000000e+01 2.000000000000000000e+00 1.900000000000000000e+01 0.000000000000000000e+00 1.600000000000000089e+00 6.340000000000000149e-04 2.871999999999999987e-03 -9.999959999999999960e-01 1.894349999999999923e-01 -9.818890000000000118e-01 -2.700000000000000143e-03 -9.818930000000000158e-01 -1.894329999999999903e-01 -1.167000000000000069e-03
3.000000000000000000e+01 2.000000000000000000e+00 1.900000000000000000e+01 0.000000000000000000e+00 1.600000000000000089e+00 -2.498999999999999919e-03 1.184699999999999989e-02 -9.999270000000000103e-01 1.870279999999999998e-01 -9.822800000000000420e-01 -1.210600000000000044e-02 -9.823509999999999742e-01 -1.870449999999999890e-01 2.390000000000000089e-04
5.000000000000000000e+00 1.300000000000000000e+01 2.000000000000000000e+01 0.000000000000000000e+00 1.600000000000000089e+00 1.817999999999999955e-03 1.536000000000000039e-03 9.999970000000000248e-01 2.630250000000000088e-01 9.647869999999999502e-01 -1.959999999999999937e-03 -9.647869999999999502e-01 2.630270000000000108e-01 1.350000000000000071e-03
1.400000000000000000e+01 1.300000000000000000e+01 2.000000000000000000e+01 0.000000000000000000e+00 1.600000000000000089e+00 -8.130000000000000291e-04 3.661000000000000192e-03 9.999930000000000208e-01 2.631939999999999835e-01 9.647369999999999557e-01 -3.318000000000000203e-03 -9.647430000000000172e-01 2.631890000000000063e-01 -1.747999999999999988e-03
2.100000000000000000e+01 1.300000000000000000e+01 2.000000000000000000e+01 0.000000000000000000e+00 1.600000000000000089e+00 -1.269999999999999970e-04 -2.988999999999999903e-03 9.999949999999999672e-01 2.600390000000000201e-01 9.655939999999999523e-01 2.919000000000000154e-03 -9.655979999999999563e-01 2.600379999999999914e-01 6.539999999999999590e-04
2.700000000000000000e+01 1.300000000000000000e+01 2.000000000000000000e+01 0.000000000000000000e+00 1.600000000000000089e+00 -4.620000000000000083e-04 -3.779999999999999940e-03 9.999930000000000208e-01 2.606350000000000056e-01 9.654300000000000104e-01 3.769999999999999914e-03 -9.654369999999999896e-01 2.606350000000000056e-01 5.389999999999999826e-04
3.000000000000000000e+01 1.300000000000000000e+01 2.000000000000000000e+01 0.000000000000000000e+00 1.600000000000000089e+00 1.242000000000000048e-03 -1.106999999999999911e-03 9.999989999999999712e-01 2.608559999999999768e-01 9.653770000000000406e-01 7.450000000000000025e-04 -9.653770000000000406e-01 2.608550000000000035e-01 1.487000000000000040e-03
3.000000000000000000e+00 3.000000000000000000e+00 2.500000000000000000e+01 0.000000000000000000e+00 1.600000000000000089e+00 -3.970999999999999704e-03 -3.998999999999999951e-03 9.999839999999999840e-01 -3.583200000000000274e-02 -9.993490000000000428e-01 -4.139000000000000318e-03 9.993499999999999606e-01 -3.584799999999999792e-02 3.824999999999999841e-03
6.000000000000000000e+00 3.000000000000000000e+00 2.500000000000000000e+01 0.000000000000000000e+00 1.600000000000000089e+00 -1.714999999999999945e-03 7.742999999999999883e-03 9.999689999999999968e-01 -3.708600000000000091e-02 -9.992830000000000323e-01 7.674000000000000266e-03 9.993109999999999493e-01 -3.707099999999999979e-02 2.001000000000000174e-03
1.500000000000000000e+01 3.000000000000000000e+00 2.500000000000000000e+01 0.000000000000000000e+00 1.600000000000000089e+00 2.918000000000000021e-03 -1.990000000000000124e-04 9.999959999999999960e-01 -4.537100000000000161e-02 -9.989700000000000246e-01 -6.700000000000000226e-05 9.989660000000000206e-01 -4.537000000000000061e-02 -2.923999999999999950e-03
1.800000000000000000e+01 3.000000000000000000e+00 2.500000000000000000e+01 0.000000000000000000e+00 1.600000000000000089e+00 3.163000000000000013e-03 -2.829999999999999942e-04 9.999949999999999672e-01 -4.896500000000000158e-02 -9.988010000000000499e-01 -1.279999999999999942e-04 9.987960000000000171e-01 -4.896400000000000058e-02 -3.173000000000000039e-03
2.200000000000000000e+01 3.000000000000000000e+00 2.500000000000000000e+01 0.000000000000000000e+00 1.600000000000000089e+00 4.490000000000000176e-04 -4.243000000000000244e-03 9.999909999999999632e-01 -5.465300000000000019e-02 -9.984960000000000502e-01 -4.211999999999999598e-03 9.985049999999999759e-01 -5.465099999999999819e-02 -6.800000000000000488e-04
2.600000000000000000e+01 3.000000000000000000e+00 2.500000000000000000e+01 0.000000000000000000e+00 1.600000000000000089e+00 -9.409999999999999962e-04 2.944000000000000002e-03 9.999949999999999672e-01 -5.752600000000000074e-02 -9.983400000000000052e-01 2.884999999999999978e-03 9.983440000000000092e-01 -5.752299999999999774e-02 1.108000000000000044e-03
2.000000000000000000e+00 4.600000000000000000e+01 2.700000000000000000e+01 0.000000000000000000e+00 1.600000000000000089e+00 9.909999999999999105e-04 2.239999999999999804e-03 -9.999970000000000248e-01 6.727619999999999711e-01 7.398550000000000404e-01 2.324000000000000111e-03 7.398580000000000156e-01 -6.727619999999999711e-01 -7.739999999999999485e-04
1.100000000000000000e+01 4.600000000000000000e+01 2.700000000000000000e+01 0.000000000000000000e+00 1.600000000000000089e+00 -5.039999999999999992e-04 2.220000000000000185e-03 -9.999970000000000248e-01 6.828969999999999763e-01 7.305139999999999967e-01 1.276999999999999923e-03 7.305150000000000254e-01 -6.828940000000000010e-01 -1.884999999999999957e-03
1.600000000000000000e+01 4.600000000000000000e+01 2.700000000000000000e+01 0.000000000000000000e+00 1.600000000000000089e+00 -1.230000000000000082e-04 -8.379999999999999862e-04 -1.000000000000000000e+00 6.795170000000000377e-01 7.336599999999999788e-01 -6.980000000000000527e-04 7.336599999999999788e-01 -6.795170000000000377e-01 4.789999999999999879e-04
2.600000000000000000e+01 4.600000000000000000e+01 2.700000000000000000e+01 0.000000000000000000e+00 1.600000000000000089e+00 -4.809999999999999823e-04 -5.450000000000000200e-04 -1.000000000000000000e+00 6.778530000000000388e-01 7.351969999999999894e-01 -7.259999999999999743e-04 7.351969999999999894e-01 -6.778530000000000388e-01 1.500000000000000038e-05
1.100000000000000000e+01 4.600000000000000000e+01 3.000000000000000000e+01 0.000000000000000000e+00 1.600000000000000089e+00 -6.960000000000000041e-04 -6.539999999999999590e-04 -1.000000000000000000e+00 3.333139999999999992e-01 9.428149999999999586e-01 -8.490000000000000368e-04 9.428159999999999874e-01 -3.333149999999999724e-01 -4.380000000000000213e-04
2.000000000000000000e+01 4.600000000000000000e+01 3.000000000000000000e+01 0.000000000000000000e+00 1.600000000000000089e+00 1.320000000000000101e-04 -9.399999999999999719e-04 -1.000000000000000000e+00 3.317330000000000001e-01 9.433730000000000171e-01 -8.419999999999999750e-04 9.433730000000000171e-01 -3.317330000000000001e-01 4.360000000000000269e-04
3.000000000000000000e+00 5.800000000000000000e+01 3.100000000000000000e+01 0.000000000000000000e+00 1.600000000000000089e+00 3.546999999999999806e-03 1.264000000000000019e-02 9.999139999999999695e-01 -8.140969999999999596e-01 -5.806379999999999875e-01 1.022699999999999998e-02 5.807170000000000387e-01 -8.140640000000000098e-01 8.229999999999999469e-03
1.000000000000000000e+01 5.800000000000000000e+01 3.100000000000000000e+01 0.000000000000000000e+00 1.600000000000000089e+00 -1.631999999999999987e-03 -3.684000000000000209e-03 9.999919999999999920e-01 -8.147229999999999750e-01 -5.798410000000000508e-01 -3.465000000000000198e-03 5.798489999999999478e-01 -8.147219999999999462e-01 -2.054999999999999969e-03
1.500000000000000000e+01 5.800000000000000000e+01 3.100000000000000000e+01 0.000000000000000000e+00 1.600000000000000089e+00 3.879999999999999985e-04 -5.474999999999999832e-03 9.999850000000000128e-01 -8.119119999999999671e-01 -5.837719999999999576e-01 -2.880999999999999880e-03 5.837790000000000479e-01 -8.118990000000000373e-01 -4.670999999999999805e-03
2.000000000000000000e+01 5.800000000000000000e+01 3.100000000000000000e+01 0.000000000000000000e+00 1.600000000000000089e+00 -2.526000000000000034e-03 -1.170000000000000033e-03 9.999959999999999960e-01 -8.092510000000000536e-01 -5.874559999999999782e-01 -2.730999999999999921e-03 5.874570000000000070e-01 -8.092549999999999466e-01 5.379999999999999583e-04
2.400000000000000000e+01 5.800000000000000000e+01 3.100000000000000000e+01 0.000000000000000000e+00 1.600000000000000089e+00 -2.603999999999999978e-03 -7.789999999999999616e-04 9.999959999999999960e-01 -8.101169999999999760e-01 -5.862629999999999786e-01 -2.566000000000000138e-03 5.862629999999999786e-01 -8.101199999999999513e-01 8.959999999999999866e-04
2.800000000000000000e+01 5.800000000000000000e+01 3.100000000000000000e+01 0.000000000000000000e+00 1.600000000000000089e+00 1.458000000000000095e-03 -3.158999999999999916e-03 9.999940000000000495e-01 -8.085769999999999902e-01 -5.883899999999999686e-01 -6.800000000000000488e-04 5.883880000000000221e-01 -8.085710000000000397e-01 -3.412000000000000102e-03
1.200000000000000000e+01 6.000000000000000000e+00 3.200000000000000000e+01 0.000000000000000000e+00 1.600000000000000089e+00 -3.840000000000000097e-04 -4.207999999999999935e-03 -9.999909999999999632e-01 9.667499999999999705e-02 9.953070000000000528e-01 -4.224999999999999589e-03 9.953159999999999785e-01 -9.667599999999999805e-02 2.500000000000000120e-05
1.600000000000000000e+01 6.000000000000000000e+00 3.200000000000000000e+01 0.000000000000000000e+00 1.600000000000000089e+00 -1.689999999999999879e-04 -4.591999999999999728e-03 -9.999890000000000168e-01 1.000410000000000049e-01 9.949729999999999963e-01 -4.584999999999999666e-03 9.949829999999999508e-01 -1.000400000000000039e-01 2.910000000000000260e-04
1.100000000000000000e+01 5.900000000000000000e+01 3.200000000000000000e+01 0.000000000000000000e+00 1.600000000000000089e+00 2.599999999999999772e-04 -3.780000000000000265e-04 1.000000000000000000e+00 -7.257390000000000230e-01 -6.879699999999999704e-01 -7.100000000000000462e-05 6.879699999999999704e-01 -7.257390000000000230e-01 -4.530000000000000064e-04
2.000000000000000000e+00 4.600000000000000000e+01 3.500000000000000000e+01 0.000000000000000000e+00 1.600000000000000089e+00 2.292000000000000200e-03 1.083999999999999894e-03 -9.999970000000000248e-01 3.915509999999999824e-01 -9.201570000000000027e-01 -1.000000000000000048e-04 -9.201540000000000274e-01 -3.915489999999999804e-01 -2.533000000000000095e-03
8.000000000000000000e+00 4.600000000000000000e+01 3.500000000000000000e+01 0.000000000000000000e+00 1.600000000000000089e+00 1.423999999999999919e-03 -7.990000000000000140e-04 -9.999989999999999712e-01 3.919309999999999738e-01 -9.199939999999999785e-01 1.293000000000000095e-03 -9.199929999999999497e-01 -3.919329999999999758e-01 -9.970000000000000563e-04
1.300000000000000000e+01 4.600000000000000000e+01 3.500000000000000000e+01 0.000000000000000000e+00 1.600000000000000089e+00 -8.189999999999999581e-04 3.229000000000000099e-03 -9.999940000000000495e-01 3.905049999999999910e-01 -9.205950000000000522e-01 -3.291999999999999788e-03 -9.205999999999999739e-01 -3.905060000000000198e-01 -5.060000000000000478e-04
2.100000000000000000e+01 4.600000000000000000e+01 3.500000000000000000e+01 0.000000000000000000e+00 1.600000000000000089e+00 -4.870000000000000197e-04 -2.455000000000000151e-03 -9.999970000000000248e-01 3.902470000000000105e-01 -9.207079999999999709e-01 2.070999999999999924e-03 -9.207100000000000284e-01 -3.902450000000000085e-01 1.405999999999999915e-03
2.700000000000000000e+01 4.600000000000000000e+01 3.500000000000000000e+01 0.000000000000000000e+00 1.600000000000000089e+00 -1.900000000000000105e-04 4.889999999999999599e-04 -1.000000000000000000e+00 3.912769999999999859e-01 -9.202730000000000077e-01 -5.240000000000000517e-04 -9.202730000000000077e-01 -3.912769999999999859e-01 -1.699999999999999987e-05
4.000000000000000000e+00 9.500000000000000000e+01 3.700000000000000000e+01 0.000000000000000000e+00 1.600000000000000089e+00 1.017799999999999955e-02 -3.537000000000000213e-03 9.999419999999999975e-01 9.946890000000000454e-01 1.024609999999999965e-01 -9.761999999999999844e-03 -1.024199999999999972e-01 9.947310000000000318e-01 4.560999999999999950e-03
5.000000000000000000e+00 2.900000000000000000e+01 4.400000000000000000e+01 0.000000000000000000e+00 1.600000000000000089e+00 -6.000000000000000152e-05 -1.379999999999999933e-03 -9.999989999999999712e-01 6.747410000000000352e-01 7.380539999999999878e-01 -1.059000000000000045e-03 7.380550000000000166e-01 -6.747400000000000064e-01 8.869999999999999846e-04
8.000000000000000000e+00 2.900000000000000000e+01 4.400000000000000000e+01 0.000000000000000000e+00 1.600000000000000089e+00 -3.100000000000000135e-05 1.907999999999999974e-03 -9.999980000000000535e-01 6.715379999999999683e-01 7.409689999999999888e-01 1.392000000000000008e-03 7.409700000000000175e-01 -6.715370000000000505e-01 -1.304000000000000038e-03
1.000000000000000000e+01 2.900000000000000000e+01 4.400000000000000000e+01 0.000000000000000000e+00 1.600000000000000089e+00 -6.669999999999999497e-04 3.030999999999999840e-03 -9.999949999999999672e-01 6.686389999999999834e-01 7.435850000000000515e-01 1.807999999999999928e-03 7.435869999999999980e-01 -6.686349999999999794e-01 -2.523000000000000069e-03
2.100000000000000000e+01 2.900000000000000000e+01 4.400000000000000000e+01 0.000000000000000000e+00 1.600000000000000089e+00 -2.629999999999999959e-04 -3.950000000000000061e-04 -1.000000000000000000e+00 6.678290000000000060e-01 7.443149999999999489e-01 -4.690000000000000158e-04 7.443149999999999489e-01 -6.678290000000000060e-01 6.799999999999999946e-05
2.700000000000000000e+01 2.900000000000000000e+01 4.400000000000000000e+01 0.000000000000000000e+00 1.600000000000000089e+00 2.648999999999999879e-03 -2.076999999999999853e-03 -9.999940000000000495e-01 6.742620000000000280e-01 7.384920000000000373e-01 2.519999999999999996e-04 7.384870000000000045e-01 -6.742590000000000527e-01 3.357000000000000175e-03
3.000000000000000000e+01 2.900000000000000000e+01 4.400000000000000000e+01 0.000000000000000000e+00 1.600000000000000089e+00 1.724999999999999971e-03 -2.073999999999999889e-03 -9.999959999999999960e-01 6.730300000000000171e-01 7.396150000000000224e-01 -3.730000000000000134e-04 7.396129999999999649e-01 -6.730270000000000419e-01 2.671000000000000197e-03
9.000000000000000000e+00 5.000000000000000000e+00 5.100000000000000000e+01 0.000000000000000000e+00 1.600000000000000089e+00 -3.340000000000000087e-03 1.512000000000000106e-03 -9.999930000000000208e-01 4.840110000000000245e-01 -8.750569999999999737e-01 -2.939000000000000206e-03 -8.750559999999999450e-01 -4.840169999999999750e-01 2.190999999999999805e-03
1.400000000000000000e+01 5.000000000000000000e+00 5.100000000000000000e+01 0.000000000000000000e+00 1.600000000000000089e+00 -5.010000000000000347e-04 -2.090000000000000115e-04 -1.000000000000000000e+00 4.859919999999999796e-01 -8.739630000000000454e-01 -6.099999999999999872e-05 -8.739630000000000454e-01 -4.859919999999999796e-01 5.400000000000000069e-04
2.400000000000000000e+01 5.000000000000000000e+00 5.100000000000000000e+01 0.000000000000000000e+00 1.600000000000000089e+00 -1.062000000000000010e-03 -2.366000000000000048e-03 -9.999970000000000248e-01 4.836920000000000108e-01 -8.752370000000000427e-01 1.557999999999999923e-03 -8.752379999999999605e-01 -4.836880000000000068e-01 2.073999999999999889e-03
1.700000000000000000e+01 6.000000000000000000e+00 5.100000000000000000e+01 0.000000000000000000e+00 1.600000000000000089e+00 5.609999999999999752e-04 -2.719999999999999979e-04 -1.000000000000000000e+00 3.198500000000000232e-01 -9.474679999999999769e-01 4.369999999999999970e-04 -9.474679999999999769e-01 -3.198500000000000232e-01 -4.440000000000000045e-04
3.000000000000000000e+00 1.150000000000000000e+02 5.100000000000000000e+01 0.000000000000000000e+00 1.600000000000000089e+00 -1.474999999999999966e-03 -8.628999999999999518e-03 9.999620000000000175e-01 8.443249999999999922e-01 -5.358199999999999630e-01 -3.377999999999999926e-03 5.358289999999999997e-01 8.442880000000000384e-01 8.075999999999999845e-03
8.000000000000000000e+00 1.150000000000000000e+02 5.100000000000000000e+01 0.000000000000000000e+00 1.600000000000000089e+00 -2.239999999999999966e-04 -6.565999999999999788e-03 9.999780000000000335e-01 8.454099999999999948e-01 -5.341080000000000272e-01 -3.318000000000000203e-03 5.341179999999999817e-01 8.453910000000000036e-01 5.670999999999999826e-03
1.900000000000000000e+01 1.600000000000000000e+01 5.200000000000000000e+01 0.000000000000000000e+00 1.600000000000000089e+00 -1.640799999999999897e-02 -1.592700000000000018e-02 -9.997380000000000155e-01 7.812700000000000200e-01 6.237780000000000546e-01 -2.276099999999999998e-02 6.239770000000000039e-01 -7.814389999999999947e-01 2.207999999999999893e-03
2.100000000000000000e+01 1.600000000000000000e+01 5.200000000000000000e+01 0.000000000000000000e+00 1.600000000000000089e+00 -1.545900000000000052e-02 -2.322899999999999965e-02 -9.996110000000000273e-01 7.902949999999999697e-01 6.121560000000000334e-01 -2.644699999999999829e-02 6.125319999999999654e-01 -7.903959999999999875e-01 8.895000000000000129e-03
2.000000000000000000e+00 6.300000000000000000e+01 5.400000000000000000e+01 0.000000000000000000e+00 1.600000000000000089e+00 2.292000000000000200e-03 4.279999999999999950e-04 9.999970000000000248e-01 -3.438379999999999770e-01 9.390290000000000026e-01 3.860000000000000041e-04 -9.390260000000000273e-01 -3.438379999999999770e-01 2.299999999999999961e-03
9.000000000000000000e+00 6.300000000000000000e+01 5.400000000000000000e+01 0.000000000000000000e+00 1.600000000000000089e+00 2.770000000000000110e-04 -1.720000000000000066e-04 1.000000000000000000e+00 -3.530249999999999777e-01 9.356139999999999457e-01 2.590000000000000071e-04 -9.356139999999999457e-01 -3.530249999999999777e-01 1.979999999999999881e-04
2.000000000000000000e+01 6.300000000000000000e+01 5.400000000000000000e+01 0.000000000000000000e+00 1.600000000000000089e+00 -4.949999999999999973e-04 -1.778000000000000067e-03 9.999980000000000535e-01 -3.475880000000000081e-01 9.376459999999999795e-01 1.495000000000000018e-03 -9.376470000000000082e-01 -3.475860000000000061e-01 -1.082000000000000062e-03
2.500000000000000000e+01 6.300000000000000000e+01 5.400000000000000000e+01 0.000000000000000000e+00 1.600000000000000089e+00 1.250000000000000026e-03 -3.510000000000000208e-04 9.999989999999999712e-01 -3.426390000000000269e-01 9.394670000000000520e-01 7.579999999999999932e-04 -9.394660000000000233e-01 -3.426400000000000001e-01 1.054000000000000032e-03
7.000000000000000000e+00 2.500000000000000000e+01 5.500000000000000000e+01 0.000000000000000000e+00 1.600000000000000089e+00 7.269999999999999987e-04 6.099999999999999872e-05 -1.000000000000000000e+00 -1.385800000000000053e-02 -9.999040000000000150e-01 -7.100000000000000462e-05 -9.999040000000000150e-01 1.385800000000000053e-02 -7.259999999999999743e-04
1.200000000000000000e+01 2.500000000000000000e+01 5.500000000000000000e+01 0.000000000000000000e+00 1.600000000000000089e+00 1.580000000000000024e-03 2.879000000000000049e-03 -9.999949999999999672e-01 -1.227600000000000045e-02 -9.999200000000000310e-01 -2.897999999999999968e-03 -9.999230000000000063e-01 1.227999999999999925e-02 -1.544000000000000017e-03
2.800000000000000000e+01 2.500000000000000000e+01 5.500000000000000000e+01 0.000000000000000000e+00 1.600000000000000089e+00 4.670000000000000214e-04 2.699000000000000010e-03 -9.999959999999999960e-01 -8.847000000000000697e-03 -9.999569999999999848e-01 -2.703000000000000107e-03 -9.999609999999999888e-01 8.847999999999999962e-03 -4.440000000000000045e-04
2.600000000000000000e+01 6.800000000000000000e+01 5.700000000000000000e+01 0.000000000000000000e+00 1.600000000000000089e+00 8.270000000000000441e-04 4.856000000000000073e-03 -9.999879999999999880e-01 -2.429520000000000013e-01 -9.700260000000000549e-01 -4.911999999999999700e-03 -9.700379999999999558e-01 2.429530000000000023e-01 3.770000000000000022e-04
5.000000000000000000e+00 2.100000000000000000e+01 6.000000000000000000e+01 0.000000000000000000e+00 1.600000000000000089e+00 9.020000000000000240e-04 6.700000000000000226e-03 9.999770000000000048e-01 -9.609199999999999686e-02 9.953509999999999858e-01 -6.582000000000000177e-03 -9.953720000000000345e-01 -9.608400000000000274e-02 1.541999999999999968e-03
1.400000000000000000e+01 2.100000000000000000e+01 6.000000000000000000e+01 0.000000000000000000e+00 1.600000000000000089e+00 -8.459999999999999638e-04 -1.245999999999999929e-03 9.999989999999999712e-01 -9.782699999999999729e-02 9.952029999999999488e-01 1.157999999999999958e-03 -9.952029999999999488e-01 -9.782599999999999629e-02 -9.640000000000000131e-04
1.900000000000000000e+01 2.100000000000000000e+01 6.000000000000000000e+01 0.000000000000000000e+00 1.600000000000000089e+00 -2.935000000000000109e-03 -2.073999999999999889e-03 9.999940000000000495e-01 -9.673099999999999754e-02 9.953089999999999993e-01 1.781000000000000031e-03 -9.953060000000000240e-01 -9.672500000000000542e-02 -3.122000000000000209e-03
2.400000000000000000e+01 6.000000000000000000e+00 6.100000000000000000e+01 0.000000000000000000e+00 1.600000000000000089e+00 2.909000000000000127e-03 -6.642999999999999600e-03 9.999740000000000295e-01 5.689400000000000013e-01 -8.223479999999999679e-01 -7.118000000000000195e-03 8.223740000000000494e-01 5.689450000000000340e-01 1.386999999999999995e-03
1.200000000000000000e+01 3.000000000000000000e+00 6.300000000000000000e+01 0.000000000000000000e+00 1.600000000000000089e+00 -5.180000000000000143e-04 2.129999999999999949e-03 9.999980000000000535e-01 -6.157219999999999915e-01 7.879610000000000225e-01 -1.998000000000000210e-03 -7.879629999999999690e-01 -6.157219999999999915e-01 9.039999999999999642e-04
1.000000000000000000e+00 2.700000000000000000e+01 6.300000000000000000e+01 0.000000000000000000e+00 1.600000000000000089e+00 -7.249999999999999500e-04 5.113000000000000357e-03 9.999869999999999592e-01 -2.757479999999999931e-01 9.612159999999999593e-01 -5.113999999999999622e-03 -9.612300000000000288e-01 -2.757479999999999931e-01 7.129999999999999836e-04
9.000000000000000000e+00 2.700000000000000000e+01 6.300000000000000000e+01 0.000000000000000000e+00 1.600000000000000089e+00 5.619999999999999996e-04 -1.139999999999999954e-03 9.999989999999999712e-01 -2.713729999999999754e-01 9.624730000000000230e-01 1.248999999999999893e-03 -9.624740000000000517e-01 -2.713740000000000041e-01 2.320000000000000014e-04
1.400000000000000000e+01 2.700000000000000000e+01 6.300000000000000000e+01 0.000000000000000000e+00 1.600000000000000089e+00 -1.147999999999999932e-03 5.779999999999999548e-04 9.999989999999999712e-01 -2.700919999999999987e-01 9.628339999999999677e-01 -8.660000000000000163e-04 -9.628339999999999677e-01 -2.700930000000000275e-01 -9.489999999999999738e-04
1.900000000000000000e+01 2.700000000000000000e+01 6.300000000000000000e+01 0.000000000000000000e+00 1.600000000000000089e+00 -2.478000000000000168e-03 -4.185000000000000352e-03 9.999879999999999880e-01 -2.708740000000000037e-01 9.626090000000000479e-01 3.357000000000000175e-03 -9.626120000000000232e-01 -2.708619999999999917e-01 -3.517999999999999860e-03
2.300000000000000000e+01 2.700000000000000000e+01 6.300000000000000000e+01 0.000000000000000000e+00 1.600000000000000089e+00 -3.110000000000000243e-04 -5.689999999999999529e-04 1.000000000000000000e+00 -2.737160000000000148e-01 9.618100000000000538e-01 4.620000000000000083e-04 -9.618109999999999715e-01 -2.737160000000000148e-01 -4.550000000000000008e-04
2.900000000000000000e+01 2.700000000000000000e+01 6.300000000000000000e+01 0.000000000000000000e+00 1.600000000000000089e+00 -7.179999999999999967e-04 7.198000000000000405e-03 9.999740000000000295e-01 -2.687740000000000129e-01 9.631769999999999499e-01 -7.126000000000000389e-03 -9.632030000000000314e-01 -2.687720000000000109e-01 1.242999999999999964e-03
5.000000000000000000e+00 2.600000000000000000e+01 6.400000000000000000e+01 0.000000000000000000e+00 1.600000000000000089e+00 6.329999999999999906e-04 5.730000000000000501e-04 1.000000000000000000e+00 -3.589849999999999985e-01 9.333430000000000337e-01 -3.080000000000000055e-04 -9.333430000000000337e-01 -3.589840000000000253e-01 7.960000000000000495e-04
8.000000000000000000e+00 2.600000000000000000e+01 6.400000000000000000e+01 0.000000000000000000e+00 1.600000000000000089e+00 6.359999999999999551e-04 -1.500999999999999947e-03 9.999989999999999712e-01 -3.559539999999999926e-01 9.345020000000000548e-01 1.629000000000000023e-03 -9.345029999999999726e-01 -3.559539999999999926e-01 6.000000000000000152e-05
1.100000000000000000e+01 2.600000000000000000e+01 6.400000000000000000e+01 0.000000000000000000e+00 1.600000000000000089e+00 -6.999999999999999387e-05 -1.988999999999999883e-03 9.999980000000000535e-01 -3.549619999999999997e-01 9.348790000000000155e-01 1.833999999999999910e-03 -9.348809999999999620e-01 -3.549619999999999997e-01 -7.709999999999999840e-04
1.900000000000000000e+01 2.600000000000000000e+01 6.400000000000000000e+01 0.000000000000000000e+00 1.600000000000000089e+00 -1.918000000000000000e-03 -3.400999999999999943e-03 9.999919999999999920e-01 -3.549990000000000090e-01 9.348629999999999995e-01 2.497999999999999787e-03 -9.348649999999999460e-01 -3.549910000000000010e-01 -3.000000000000000062e-03
2.400000000000000000e+01 2.600000000000000000e+01 6.400000000000000000e+01 0.000000000000000000e+00 1.600000000000000089e+00 4.150000000000000043e-04 1.030000000000000100e-03 9.999989999999999712e-01 -3.572699999999999765e-01 9.340009999999999701e-01 -8.140000000000000534e-04 -9.340009999999999701e-01 -3.572690000000000032e-01 7.550000000000000287e-04
2.800000000000000000e+01 2.600000000000000000e+01 6.400000000000000000e+01 0.000000000000000000e+00 1.600000000000000089e+00 -7.290000000000000473e-04 6.701000000000000359e-03 9.999770000000000048e-01 -3.519939999999999736e-01 9.359790000000000054e-01 -6.529000000000000081e-03 -9.360020000000000007e-01 -3.519909999999999983e-01 1.677000000000000105e-03
4.000000000000000000e+00 6.900000000000000000e+01 6.600000000000000000e+01 0.000000000000000000e+00 1.600000000000000089e+00 -3.849999999999999798e-04 3.690999999999999837e-03 9.999930000000000208e-01 -9.511359999999999815e-01 3.087690000000000157e-01 -1.505000000000000044e-03 -3.087730000000000197e-01 -9.511300000000000310e-01 3.392000000000000050e-03
1.300000000000000000e+01 6.900000000000000000e+01 6.600000000000000000e+01 0.000000000000000000e+00 1.600000000000000089e+00 -1.193000000000000050e-03 3.699999999999999947e-04 9.999989999999999712e-01 -9.512960000000000305e-01 3.082750000000000212e-01 -1.248999999999999893e-03 -3.082750000000000212e-01 -9.512969999999999482e-01 -1.599999999999999928e-05
4.000000000000000000e+00 2.500000000000000000e+01 7.300000000000000000e+01 0.000000000000000000e+00 1.600000000000000089e+00 -3.592000000000000141e-03 -7.376999999999999877e-03 9.999660000000000215e-01 7.384100000000000108e-01 -6.743479999999999475e-01 -2.321999999999999845e-03 6.743430000000000257e-01 7.383760000000000323e-01 7.870000000000000259e-03
