5.000000000000000000e+00 1.500000000000000000e+01 4.000000000000000000e+00 0.000000000000000000e+00 1.600000000000000089e+00 -1.420000000000000038e-03 -1.596699999999999856e-02 9.998709999999999543e-01 2.928239999999999732e-01 -9.560509999999999842e-01 -1.485099999999999962e-02 9.561650000000000427e-01 2.927649999999999975e-01 6.033000000000000168e-03
9.000000000000000000e+00 1.500000000000000000e+01 4.000000000000000000e+00 0.000000000000000000e+00 1.600000000000000089e+00 -2.246999999999999865e-03 -1.603200000000000111e-02 9.998690000000000078e-01 2.817219999999999724e-01 -9.593829999999999858e-01 -1.474999999999999922e-02 9.594930000000000403e-01 2.816520000000000135e-01 6.671999999999999979e-03
1.800000000000000000e+01 1.500000000000000000e+01 4.000000000000000000e+00 0.000000000000000000e+00 1.600000000000000089e+00 2.410999999999999949e-03 1.015999999999999976e-03 9.999970000000000248e-01 2.815739999999999910e-01 -9.595390000000000308e-01 2.959999999999999849e-04 9.595359999999999445e-01 2.815719999999999890e-01 -2.599000000000000182e-03
2.200000000000000000e+01 1.500000000000000000e+01 4.000000000000000000e+00 0.000000000000000000e+00 1.600000000000000089e+00 -9.449999999999999850e-04 2.929000000000000180e-03 9.999949999999999672e-01 2.913009999999999766e-01 -9.566259999999999764e-01 3.076999999999999874e-03 9.566310000000000091e-01 2.913029999999999786e-01 5.099999999999999960e-05
2.800000000000000000e+01 1.500000000000000000e+01 4.000000000000000000e+00 0.000000000000000000e+00 1.600000000000000089e+00 -1.569999999999999944e-04 8.040000000000000271e-04 1.000000000000000000e+00 2.958149999999999946e-01 -9.552450000000000108e-01 8.140000000000000534e-04 9.552450000000000108e-01 2.958149999999999946e-01 -8.799999999999999771e-05
5.000000000000000000e+00 1.010000000000000000e+02 7.000000000000000000e+00 0.000000000000000000e+00 1.600000000000000089e+00 1.487000000000000040e-03 1.995600000000000152e-02 9.998000000000000220e-01 8.852729999999999766e-01 4.649510000000000032e-01 -1.059700000000000052e-02 -4.650699999999999834e-01 8.851109999999999811e-01 -1.697500000000000051e-02
1.800000000000000000e+01 1.010000000000000000e+02 7.000000000000000000e+00 0.000000000000000000e+00 1.600000000000000089e+00 -9.610000000000000486e-04 -6.768999999999999843e-03 9.999770000000000048e-01 8.856469999999999620e-01 4.643419999999999770e-01 3.994000000000000154e-03 -4.643579999999999930e-01 8.856300000000000283e-01 5.549000000000000113e-03
2.200000000000000000e+01 1.010000000000000000e+02 7.000000000000000000e+00 0.000000000000000000e+00 1.600000000000000089e+00 2.056999999999999801e-03 1.655000000000000004e-03 9.999959999999999960e-01 8.849759999999999849e-01 4.656299999999999883e-01 -2.590999999999999987e-03 -4.656319999999999903e-01 8.849780000000000424e-01 -5.069999999999999637e-04
3.000000000000000000e+01 1.010000000000000000e+02 7.000000000000000000e+00 0.000000000000000000e+00 1.600000000000000089e+00 -8.459999999999999638e-04 3.510999999999999798e-03 9.999940000000000495e-01 8.868570000000000064e-01 4.620440000000000103e-01 -8.720000000000000537e-04 -4.620440000000000103e-01 8.868500000000000272e-01 -3.504000000000000170e-03
7.000000000000000000e+00 1.500000000000000000e+01 8.000000000000000000e+00 0.000000000000000000e+00 1.600000000000000089e+00 -2.069999999999999792e-03 -1.153999999999999991e-02 -9.999310000000000143e-01 -5.875289999999999679e-01 -8.091340000000000199e-01 1.055399999999999915e-02 -8.092000000000000304e-01 5.875110000000000054e-01 -5.105000000000000163e-03
1.600000000000000000e+01 1.500000000000000000e+01 8.000000000000000000e+00 0.000000000000000000e+00 1.600000000000000089e+00 -4.021000000000000268e-03 -6.963999999999999704e-03 -9.999679999999999680e-01 -5.900929999999999787e-01 -8.072960000000000136e-01 7.995000000000000370e-03 -8.073249999999999593e-01 5.901060000000000194e-01 -8.630000000000000518e-04
2.100000000000000000e+01 1.500000000000000000e+01 8.000000000000000000e+00 0.000000000000000000e+00 1.600000000000000089e+00 -2.168999999999999921e-03 -2.095000000000000074e-03 -9.999949999999999672e-01 -5.918299999999999672e-01 -8.060580000000000522e-01 2.972999999999999948e-03 -8.060599999999999987e-01 5.918330000000000535e-01 5.079999999999999880e-04
1.200000000000000000e+01 2.600000000000000000e+01 8.000000000000000000e+00 0.000000000000000000e+00 1.600000000000000089e+00 3.650000000000000033e-03 9.306000000000000036e-03 -9.999500000000000055e-01 4.022390000000000132e-01 9.154799999999999605e-01 9.988000000000000350e-03 9.155269999999999797e-01 -4.022549999999999737e-01 -4.020000000000000136e-04
9.000000000000000000e+00 2.400000000000000000e+01 9.000000000000000000e+00 0.000000000000000000e+00 1.600000000000000089e+00 2.413000000000000214e-03 3.861999999999999982e-03 -9.999900000000000455e-01 4.598920000000000230e-01 8.879629999999999468e-01 4.538999999999999632e-03 8.879719999999999835e-01 -4.598979999999999735e-01 3.660000000000000059e-04
1.600000000000000000e+01 2.400000000000000000e+01 9.000000000000000000e+00 0.000000000000000000e+00 1.600000000000000089e+00 2.887999999999999942e-03 5.386000000000000162e-03 -9.999810000000000088e-01 4.593979999999999730e-01 8.882100000000000550e-01 6.111000000000000112e-03 8.882259999999999600e-01 -4.594070000000000098e-01 9.100000000000000287e-05
2.100000000000000000e+01 2.400000000000000000e+01 9.000000000000000000e+00 0.000000000000000000e+00 1.600000000000000089e+00 2.488999999999999893e-03 9.589000000000000301e-03 -9.999510000000000343e-01 4.595210000000000128e-01 8.881139999999999590e-01 9.660000000000000184e-03 8.881639999999999535e-01 -4.595219999999999860e-01 -2.196000000000000035e-03
2.600000000000000000e+01 2.400000000000000000e+01 9.000000000000000000e+00 0.000000000000000000e+00 1.600000000000000089e+00 9.550000000000000112e-04 3.190000000000000127e-03 -9.999940000000000495e-01 4.597029999999999728e-01 8.880670000000000508e-01 3.272000000000000169e-03 8.880719999999999725e-01 -4.597040000000000015e-01 -6.179999999999999513e-04
4.000000000000000000e+00 4.000000000000000000e+00 1.100000000000000000e+01 0.000000000000000000e+00 1.600000000000000089e+00 3.289999999999999739e-04 -2.784000000000000016e-03 -9.999959999999999960e-01 2.191579999999999917e-01 9.756860000000000532e-01 -2.644000000000000083e-03 9.756890000000000285e-01 -2.191569999999999907e-01 9.309999999999999699e-04
2.400000000000000000e+01 4.000000000000000000e+00 1.100000000000000000e+01 0.000000000000000000e+00 1.600000000000000089e+00 1.981000000000000122e-03 1.459700000000000060e-02 -9.998920000000000030e-01 2.083599999999999897e-01 9.779419999999999780e-01 1.468999999999999993e-02 9.780499999999999750e-01 -2.083669999999999967e-01 -1.103999999999999947e-03
2.800000000000000000e+01 4.000000000000000000e+00 1.100000000000000000e+01 0.000000000000000000e+00 1.600000000000000089e+00 3.075000000000000042e-03 1.795799999999999827e-02 -9.998340000000000005e-01 2.038909999999999889e-01 9.788240000000000274e-01 1.820799999999999849e-02 9.789889999999999981e-01 -2.039130000000000109e-01 -6.520000000000000188e-04
3.000000000000000000e+00 3.100000000000000000e+01 1.200000000000000000e+01 0.000000000000000000e+00 1.600000000000000089e+00 -1.413999999999999892e-03 -7.320000000000000118e-04 9.999989999999999712e-01 -2.121800000000000075e-02 9.997749999999999693e-01 7.020000000000000415e-04 -9.997740000000000515e-01 -2.121699999999999975e-02 -1.430000000000000064e-03
1.300000000000000000e+01 3.100000000000000000e+01 1.200000000000000000e+01 0.000000000000000000e+00 1.600000000000000089e+00 -1.585000000000000037e-03 1.441999999999999922e-03 9.999980000000000535e-01 -2.453500000000000125e-02 9.996979999999999755e-01 -1.480999999999999895e-03 -9.996979999999999755e-01 -2.453800000000000078e-02 -1.549999999999999946e-03
1.800000000000000000e+01 3.100000000000000000e+01 1.200000000000000000e+01 0.000000000000000000e+00 1.600000000000000089e+00 -9.150000000000000147e-04 1.381999999999999982e-03 9.999989999999999712e-01 -2.145899999999999891e-02 9.997690000000000188e-01 -1.400999999999999902e-03 -9.997690000000000188e-01 -2.145999999999999991e-02 -8.850000000000000444e-04
2.500000000000000000e+01 3.100000000000000000e+01 1.200000000000000000e+01 0.000000000000000000e+00 1.600000000000000089e+00 -3.170000000000000075e-04 5.190000000000000386e-04 1.000000000000000000e+00 -1.665600000000000067e-02 9.998609999999999998e-01 -5.240000000000000517e-04 -9.998609999999999998e-01 -1.665600000000000067e-02 -3.080000000000000055e-04
2.900000000000000000e+01 3.100000000000000000e+01 1.200000000000000000e+01 0.000000000000000000e+00 1.600000000000000089e+00 -3.950000000000000061e-04 3.996000000000000420e-03 9.999919999999999920e-01 -1.616499999999999881e-02 9.998609999999999998e-01 -4.002000000000000349e-03 -9.998690000000000078e-01 -1.616700000000000081e-02 -3.299999999999999982e-04
1.000000000000000000e+00 3.200000000000000000e+01 1.400000000000000000e+01 0.000000000000000000e+00 1.600000000000000089e+00 4.382999999999999743e-03 1.085999999999999943e-03 -9.999900000000000455e-01 1.095209999999999934e-01 9.939829999999999499e-01 1.559999999999999972e-03 9.939750000000000529e-01 -1.095269999999999994e-01 4.237999999999999580e-03
7.000000000000000000e+00 3.200000000000000000e+01 1.400000000000000000e+01 0.000000000000000000e+00 1.600000000000000089e+00 1.140000000000000063e-04 -4.150000000000000043e-03 -9.999909999999999632e-01 1.177809999999999968e-01 9.930309999999999970e-01 -4.107999999999999673e-03 9.930400000000000338e-01 -1.177799999999999958e-01 6.019999999999999961e-04
1.000000000000000000e+01 3.200000000000000000e+01 1.400000000000000000e+01 0.000000000000000000e+00 1.600000000000000089e+00 2.775999999999999822e-03 -2.062000000000000031e-03 -9.999940000000000495e-01 1.190620000000000012e-01 9.928850000000000176e-01 -1.716999999999999993e-03 9.928829999999999600e-01 -1.190569999999999962e-01 3.001000000000000195e-03
1.000000000000000000e+00 1.200000000000000000e+01 1.500000000000000000e+01 0.000000000000000000e+00 1.600000000000000089e+00 -1.007000000000000083e-03 3.409999999999999945e-04 -9.999989999999999712e-01 -4.712279999999999802e-01 -8.820109999999999895e-01 1.740000000000000010e-04 -8.820109999999999895e-01 4.712279999999999802e-01 1.049000000000000019e-03
7.000000000000000000e+00 1.200000000000000000e+01 1.500000000000000000e+01 0.000000000000000000e+00 1.600000000000000089e+00 3.190000000000000019e-04 -6.189999999999999756e-04 -1.000000000000000000e+00 -4.716130000000000044e-01 -8.818049999999999500e-01 3.950000000000000061e-04 -8.818049999999999500e-01 4.716130000000000044e-01 -5.730000000000000501e-04
1.000000000000000000e+01 1.200000000000000000e+01 1.500000000000000000e+01 0.000000000000000000e+00 1.600000000000000089e+00 -1.054000000000000032e-03 -5.500000000000000196e-05 -9.999989999999999712e-01 -4.724439999999999751e-01 -8.813609999999999500e-01 5.469999999999999602e-04 -8.813600000000000323e-01 4.724439999999999751e-01 9.030000000000000483e-04
1.600000000000000000e+01 1.200000000000000000e+01 1.500000000000000000e+01 0.000000000000000000e+00 1.600000000000000089e+00 -2.080999999999999951e-03 -1.337999999999999997e-03 -9.999970000000000248e-01 -4.736799999999999899e-01 -8.806950000000000056e-01 2.164000000000000125e-03 -8.806950000000000056e-01 4.736830000000000207e-01 1.198999999999999979e-03
2.000000000000000000e+01 1.200000000000000000e+01 1.500000000000000000e+01 0.000000000000000000e+00 1.600000000000000089e+00 -2.290000000000000098e-04 3.190000000000000019e-04 -1.000000000000000000e+00 -4.741969999999999796e-01 -8.804189999999999516e-01 -1.730000000000000038e-04 -8.804189999999999516e-01 4.741969999999999796e-01 3.530000000000000152e-04
1.600000000000000000e+01 1.100000000000000000e+01 1.600000000000000000e+01 0.000000000000000000e+00 1.600000000000000089e+00 -1.600999999999999993e-03 -1.842000000000000104e-03 -9.999970000000000248e-01 -4.216550000000000020e-01 -9.067530000000000312e-01 2.344999999999999862e-03 -9.067549999999999777e-01 4.216579999999999773e-01 6.750000000000000357e-04
4.000000000000000000e+00 1.160000000000000000e+02 1.600000000000000000e+01 0.000000000000000000e+00 1.600000000000000089e+00 9.740000000000000394e-04 -4.658999999999999947e-03 9.999890000000000168e-01 6.708150000000000501e-01 7.416199999999999459e-01 2.801999999999999803e-03 -7.416239999999999499e-01 6.708039999999999559e-01 3.847999999999999858e-03
1.400000000000000000e+01 1.160000000000000000e+02 1.600000000000000000e+01 0.000000000000000000e+00 1.600000000000000089e+00 -2.011000000000000201e-03 4.029999999999999837e-04 9.999980000000000535e-01 6.704510000000000192e-01 7.419529999999999736e-01 1.049999999999999935e-03 -7.419510000000000272e-01 6.704520000000000479e-01 -1.761999999999999894e-03
2.100000000000000000e+01 1.160000000000000000e+02 1.600000000000000000e+01 0.000000000000000000e+00 1.600000000000000089e+00 1.048000000000000103e-03 1.812999999999999941e-03 9.999980000000000535e-01 6.910680000000000156e-01 7.227869999999999573e-01 -2.034999999999999917e-03 -7.227890000000000148e-01 6.910690000000000444e-01 -4.949999999999999973e-04
2.900000000000000000e+01 1.160000000000000000e+02 1.600000000000000000e+01 0.000000000000000000e+00 1.600000000000000089e+00 -1.732000000000000033e-03 -3.226000000000000135e-03 9.999930000000000208e-01 6.686680000000000401e-01 7.435530000000000195e-01 3.556999999999999832e-03 -7.435589999999999700e-01 6.686699999999999866e-01 8.689999999999999808e-04
9.000000000000000000e+00 2.000000000000000000e+00 1.900000000000000000e+01 0.000000000000000000e+00 1.600000000000000089e+00 -1.330000000000000073e-04 -1.778000000000000067e-03 -9.999980000000000535e-01 2.109580000000000066e-01 -9.774939999999999740e-01 1.709999999999999932e-03 -9.774950000000000028e-01 -2.109580000000000066e-01 5.050000000000000235e-04
1.300000000000000000e+01 2.000000000000000000e+00 1.900000000000000000e+01 0.000000000000000000e+00 1.600000000000000089e+00 4.949999999999999973e-04 -4.993000000000000042e-03 -9.999869999999999592e-01 2.152030000000000054e-01 -9.765570000000000084e-01 4.982999999999999582e-03 -9.765690000000000204e-01 -2.152030000000000054e-01 5.910000000000000539e-04
1.700000000000000000e+01 2.000000000000000000e+00 1.900000000000000000e+01 0.000000000000000000e+00 1.600000000000000089e+00 7.680000000000000195e-04 -1.375600000000000087e-02 -9.999050000000000438e-01 2.197929999999999884e-01 -9.754519999999999857e-01 1.358900000000000038e-02 -9.755460000000000242e-01 -2.197830000000000061e-01 2.275000000000000112e-03
2.000000000000000000e+01 2.000000000000000000e+00 1.900000000000000000e+01 0.000000000000000000e+00 1.600000000000000089e+00 -8.090000000000000403e-04 -1.002800000000000046e-02 -9.999489999999999768e-01 2.207679999999999920e-01 -9.752790000000000070e-01 9.601999999999999424e-03 -9.753260000000000263e-01 -2.207490000000000008e-01 3.003000000000000027e-03
3.000000000000000000e+00 1.300000000000000000e+01 2.000000000000000000e+01 0.000000000000000000e+00 1.600000000000000089e+00 -2.196000000000000035e-03 -3.880999999999999901e-03 9.999900000000000455e-01 2.575649999999999884e-01 9.662509999999999710e-01 4.315000000000000259e-03 -9.662579999999999503e-01 2.575720000000000232e-01 -1.121999999999999950e-03
1.000000000000000000e+01 1.300000000000000000e+01 2.000000000000000000e+01 0.000000000000000000e+00 1.600000000000000089e+00 7.700000000000000139e-05 1.520000000000000084e-04 1.000000000000000000e+00 2.591040000000000010e-01 9.658489999999999576e-01 -1.669999999999999935e-04 -9.658489999999999576e-01 2.591040000000000010e-01 3.499999999999999693e-05
1.400000000000000000e+01 1.300000000000000000e+01 2.000000000000000000e+01 0.000000000000000000e+00 1.600000000000000089e+00 -8.769999999999999584e-04 2.811999999999999830e-03 9.999959999999999960e-01 2.608880000000000088e-01 9.653659999999999464e-01 -2.485999999999999929e-03 -9.653690000000000326e-01 2.608849999999999780e-01 -1.580000000000000024e-03
1.800000000000000000e+01 1.300000000000000000e+01 2.000000000000000000e+01 0.000000000000000000e+00 1.600000000000000089e+00 -6.489999999999999459e-04 2.207999999999999893e-03 9.999970000000000248e-01 2.607679999999999998e-01 9.653990000000000071e-01 -1.962000000000000202e-03 -9.654009999999999536e-01 2.607659999999999978e-01 -1.201999999999999943e-03
2.100000000000000000e+01 1.300000000000000000e+01 2.000000000000000000e+01 0.000000000000000000e+00 1.600000000000000089e+00 -3.190000000000000019e-04 1.350000000000000071e-03 9.999989999999999712e-01 2.606220000000000203e-01 9.654399999999999649e-01 -1.219999999999999947e-03 -9.654409999999999936e-01 2.606209999999999916e-01 -6.599999999999999964e-04
2.900000000000000000e+01 1.300000000000000000e+01 2.000000000000000000e+01 0.000000000000000000e+00 1.600000000000000089e+00 1.482999999999999943e-03 9.343000000000000610e-03 9.999550000000000383e-01 2.617979999999999752e-01 9.650769999999999627e-01 -9.405000000000000165e-03 -9.651210000000000067e-01 2.618010000000000059e-01 -1.013999999999999927e-03
2.000000000000000000e+00 1.600000000000000000e+01 2.100000000000000000e+01 0.000000000000000000e+00 1.600000000000000089e+00 -2.043000000000000111e-03 -6.263999999999999603e-03 9.999780000000000335e-01 3.006110000000000171e-01 9.537240000000000162e-01 6.589000000000000239e-03 -9.537449999999999539e-01 3.006179999999999963e-01 -6.600000000000000506e-05
7.000000000000000000e+00 1.600000000000000000e+01 2.100000000000000000e+01 0.000000000000000000e+00 1.600000000000000089e+00 -6.480000000000000300e-04 -2.641999999999999817e-03 9.999959999999999960e-01 3.019049999999999789e-01 9.533340000000000147e-01 2.713999999999999833e-03 -9.533380000000000187e-01 3.019060000000000077e-01 1.800000000000000113e-04
1.800000000000000000e+01 1.600000000000000000e+01 2.100000000000000000e+01 0.000000000000000000e+00 1.600000000000000089e+00 -1.131000000000000061e-03 1.302999999999999905e-03 9.999989999999999712e-01 3.021209999999999729e-01 9.532690000000000330e-01 -8.999999999999999754e-04 -9.532690000000000330e-01 3.021199999999999997e-01 -1.472000000000000001e-03
2.400000000000000000e+01 1.600000000000000000e+01 2.100000000000000000e+01 0.000000000000000000e+00 1.600000000000000089e+00 4.060000000000000024e-04 3.444000000000000013e-03 9.999940000000000495e-01 3.023080000000000211e-01 9.532040000000000513e-01 -3.406000000000000173e-03 -9.532100000000000017e-01 3.023069999999999924e-01 -6.549999999999999833e-04
1.000000000000000000e+01 4.600000000000000000e+01 2.700000000000000000e+01 0.000000000000000000e+00 1.600000000000000089e+00 1.440000000000000091e-03 2.762999999999999831e-03 -9.999949999999999672e-01 6.618779999999999664e-01 7.496049999999999658e-01 3.024000000000000212e-03 7.496099999999999985e-01 -6.618789999999999951e-01 -7.489999999999999913e-04
1.700000000000000000e+01 4.600000000000000000e+01 2.700000000000000000e+01 0.000000000000000000e+00 1.600000000000000089e+00 -4.028999999999999596e-03 -3.122999999999999908e-03 -9.999869999999999592e-01 6.592149999999999954e-01 7.519379999999999953e-01 -5.003999999999999768e-03 7.519439999999999458e-01 -6.592259999999999787e-01 -9.700000000000000505e-04
2.200000000000000000e+01 4.600000000000000000e+01 2.700000000000000000e+01 0.000000000000000000e+00 1.600000000000000089e+00 6.970000000000000284e-04 1.479000000000000063e-03 -9.999989999999999712e-01 6.579239999999999533e-01 7.530829999999999469e-01 1.572000000000000047e-03 7.530839999999999756e-01 -6.579239999999999533e-01 -4.479999999999999933e-04
1.100000000000000000e+01 4.600000000000000000e+01 3.000000000000000000e+01 0.000000000000000000e+00 1.600000000000000089e+00 9.470000000000000336e-04 1.015999999999999976e-03 -9.999989999999999712e-01 3.218230000000000257e-01 9.467989999999999462e-01 1.265999999999999981e-03 9.467989999999999462e-01 -3.218239999999999990e-01 5.689999999999999529e-04
1.500000000000000000e+01 4.600000000000000000e+01 3.000000000000000000e+01 0.000000000000000000e+00 1.600000000000000089e+00 -1.311000000000000099e-03 -3.648999999999999900e-03 -9.999919999999999920e-01 3.179890000000000216e-01 9.480870000000000131e-01 -3.876000000000000105e-03 9.480939999999999923e-01 -3.179910000000000236e-01 -8.299999999999999815e-05
2.100000000000000000e+01 4.600000000000000000e+01 3.000000000000000000e+01 0.000000000000000000e+00 1.600000000000000089e+00 -1.910000000000000077e-04 8.170000000000000179e-04 -1.000000000000000000e+00 3.187860000000000138e-01 9.478269999999999751e-01 7.140000000000000079e-04 9.478269999999999751e-01 -3.187849999999999850e-01 -4.420000000000000101e-04
2.500000000000000000e+01 4.600000000000000000e+01 3.000000000000000000e+01 0.000000000000000000e+00 1.600000000000000089e+00 1.404999999999999999e-03 -1.359999999999999989e-04 -9.999989999999999712e-01 3.234520000000000173e-01 9.462439999999999740e-01 3.260000000000000094e-04 9.462429999999999453e-01 -3.234520000000000173e-01 1.374000000000000004e-03
5.000000000000000000e+00 5.800000000000000000e+01 3.100000000000000000e+01 0.000000000000000000e+00 1.600000000000000089e+00 -3.024000000000000212e-03 -6.523000000000000152e-03 9.999740000000000295e-01 -7.744510000000000005e-01 -6.326009999999999689e-01 -6.467999999999999791e-03 6.326270000000000504e-01 -7.744510000000000005e-01 -3.138000000000000164e-03
9.000000000000000000e+00 5.800000000000000000e+01 3.100000000000000000e+01 0.000000000000000000e+00 1.600000000000000089e+00 2.040000000000000147e-03 -4.389999999999999914e-04 9.999980000000000535e-01 -7.767720000000000180e-01 -6.297800000000000065e-01 1.307999999999999918e-03 6.297779999999999490e-01 -7.767730000000000468e-01 -1.626000000000000058e-03
1.700000000000000000e+01 5.800000000000000000e+01 3.100000000000000000e+01 0.000000000000000000e+00 1.600000000000000089e+00 -1.348999999999999939e-03 -2.106999999999999932e-03 9.999970000000000248e-01 -7.791529999999999845e-01 -6.268289999999999695e-01 -2.371999999999999977e-03 6.268319999999999448e-01 -7.791540000000000132e-01 -7.960000000000000495e-04
2.300000000000000000e+01 5.800000000000000000e+01 3.100000000000000000e+01 0.000000000000000000e+00 1.600000000000000089e+00 -2.154000000000000099e-03 -2.092999999999999809e-03 9.999949999999999672e-01 -7.793010000000000215e-01 -6.266420000000000323e-01 -2.990000000000000036e-03 6.266460000000000363e-01 -7.793039999999999967e-01 -2.809999999999999998e-04
2.500000000000000000e+01 5.800000000000000000e+01 3.100000000000000000e+01 0.000000000000000000e+00 1.600000000000000089e+00 -1.052999999999999900e-03 -1.479000000000000063e-03 9.999980000000000535e-01 -7.800270000000000259e-01 -6.257430000000000492e-01 -1.747000000000000072e-03 6.257449999999999957e-01 -7.800280000000000546e-01 -4.949999999999999973e-04
4.000000000000000000e+00 4.600000000000000000e+01 3.500000000000000000e+01 0.000000000000000000e+00 1.600000000000000089e+00 6.369999999999999794e-04 -1.917000000000000084e-03 -9.999980000000000535e-01 3.838150000000000173e-01 -9.234080000000000066e-01 2.014000000000000165e-03 -9.234099999999999531e-01 -3.838159999999999905e-01 1.479999999999999925e-04
8.000000000000000000e+00 4.600000000000000000e+01 3.500000000000000000e+01 0.000000000000000000e+00 1.600000000000000089e+00 -4.100000000000000047e-05 -3.821000000000000178e-03 -9.999930000000000208e-01 3.853679999999999883e-01 -9.227560000000000207e-01 3.510000000000000099e-03 -9.227629999999999999e-01 -3.853659999999999863e-01 1.510000000000000057e-03
1.200000000000000000e+01 4.600000000000000000e+01 3.500000000000000000e+01 0.000000000000000000e+00 1.600000000000000089e+00 3.899999999999999929e-04 -5.768999999999999823e-03 -9.999829999999999552e-01 3.854779999999999873e-01 -9.227009999999999934e-01 5.473999999999999699e-03 -9.227170000000000094e-01 -3.854730000000000101e-01 1.863999999999999988e-03
1.500000000000000000e+01 4.600000000000000000e+01 3.500000000000000000e+01 0.000000000000000000e+00 1.600000000000000089e+00 7.700000000000000139e-05 -1.177000000000000095e-03 -9.999989999999999712e-01 3.851010000000000266e-01 -9.228739999999999721e-01 1.116000000000000021e-03 -9.228750000000000009e-01 -3.851010000000000266e-01 3.820000000000000153e-04
2.100000000000000000e+01 4.600000000000000000e+01 3.500000000000000000e+01 0.000000000000000000e+00 1.600000000000000089e+00 -1.610000000000000103e-04 -1.589999999999999888e-04 -1.000000000000000000e+00 3.858969999999999900e-01 -9.225419999999999732e-01 8.500000000000000611e-05 -9.225419999999999732e-01 -3.858969999999999900e-01 2.100000000000000087e-04
2.500000000000000000e+01 4.600000000000000000e+01 3.500000000000000000e+01 0.000000000000000000e+00 1.600000000000000089e+00 -1.613999999999999983e-03 4.290000000000000193e-04 -9.999989999999999712e-01 3.851689999999999836e-01 -9.228450000000000264e-01 -1.018000000000000025e-03 -9.228450000000000264e-01 -3.851700000000000124e-01 1.324000000000000090e-03
3.000000000000000000e+01 4.600000000000000000e+01 3.500000000000000000e+01 0.000000000000000000e+00 1.600000000000000089e+00 -2.899999999999999800e-03 6.184000000000000261e-03 -9.999770000000000048e-01 3.864199999999999857e-01 -9.222979999999999512e-01 -6.824000000000000205e-03 -9.223179999999999712e-01 -3.864310000000000245e-01 2.849999999999999886e-04
5.000000000000000000e+00 9.500000000000000000e+01 3.600000000000000000e+01 0.000000000000000000e+00 1.600000000000000089e+00 -5.360000000000000181e-03 -1.713599999999999846e-02 9.998390000000000333e-01 9.972879999999999523e-01 7.329499999999999904e-02 6.602000000000000229e-03 -7.339600000000000291e-02 9.971630000000000216e-01 1.669700000000000004e-02
1.000000000000000000e+01 9.500000000000000000e+01 3.600000000000000000e+01 0.000000000000000000e+00 1.600000000000000089e+00 3.582999999999999814e-03 1.494499999999999995e-02 9.998820000000000485e-01 9.975180000000000158e-01 7.026399999999999313e-02 -4.624999999999999771e-03 -7.032499999999999862e-02 9.974159999999999693e-01 -1.465600000000000062e-02
1.500000000000000000e+01 9.500000000000000000e+01 3.600000000000000000e+01 0.000000000000000000e+00 1.600000000000000089e+00 -1.810000000000000085e-04 -1.069999999999999988e-03 9.999989999999999712e-01 9.975950000000000095e-01 6.930899999999999561e-02 2.539999999999999940e-04 -6.930899999999999561e-02 9.975950000000000095e-01 1.054999999999999948e-03
2.000000000000000000e+01 9.500000000000000000e+01 3.600000000000000000e+01 0.000000000000000000e+00 1.600000000000000089e+00 3.148000000000000190e-03 -1.822800000000000115e-02 9.998289999999999678e-01 9.973940000000000028e-01 7.212999999999999967e-02 -1.825000000000000016e-03 -7.208399999999999530e-02 9.972290000000000321e-01 1.840800000000000075e-02
2.500000000000000000e+01 9.500000000000000000e+01 3.600000000000000000e+01 0.000000000000000000e+00 1.600000000000000089e+00 3.459999999999999968e-03 3.000000000000000062e-03 9.999890000000000168e-01 9.967979999999999619e-01 7.988000000000000655e-02 -3.689000000000000005e-03 -7.989000000000000268e-02 9.968000000000000194e-01 -2.713999999999999833e-03
3.000000000000000000e+00 3.000000000000000000e+00 4.300000000000000000e+01 0.000000000000000000e+00 1.600000000000000089e+00 5.429999999999999714e-04 2.614000000000000004e-03 -9.999959999999999960e-01 7.401569999999999538e-01 -6.724329999999999474e-01 -1.356000000000000000e-03 -6.724339999999999762e-01 -7.401539999999999786e-01 -2.298999999999999828e-03
7.000000000000000000e+00 3.000000000000000000e+00 4.300000000000000000e+01 0.000000000000000000e+00 1.600000000000000089e+00 -2.979999999999999793e-04 4.809999999999999823e-04 -1.000000000000000000e+00 7.366530000000000022e-01 -6.762709999999999555e-01 -5.450000000000000200e-04 -6.762709999999999555e-01 -7.366530000000000022e-01 -1.520000000000000084e-04
1.000000000000000000e+01 3.000000000000000000e+00 4.300000000000000000e+01 0.000000000000000000e+00 1.600000000000000089e+00 -2.066999999999999827e-03 -4.551999999999999623e-03 -9.999869999999999592e-01 7.346960000000000157e-01 -6.783949999999999703e-01 1.569999999999999998e-03 -6.783930000000000238e-01 -7.346840000000000037e-01 4.747000000000000351e-03
1.500000000000000000e+01 3.000000000000000000e+00 4.300000000000000000e+01 0.000000000000000000e+00 1.600000000000000089e+00 -1.570999999999999914e-03 -1.131199999999999914e-02 -9.999350000000000183e-01 7.378900000000000459e-01 -6.748899999999999899e-01 6.475999999999999986e-03 -6.749190000000000467e-01 -7.378310000000000146e-01 9.407000000000000431e-03
1.700000000000000000e+01 3.000000000000000000e+00 4.300000000000000000e+01 0.000000000000000000e+00 1.600000000000000089e+00 -2.618999999999999800e-03 -2.087599999999999872e-02 -9.997789999999999733e-01 7.388719999999999732e-01 -6.737370000000000303e-01 1.213200000000000042e-02 -6.738410000000000233e-01 -7.386770000000000280e-01 1.718899999999999942e-02
2.400000000000000000e+01 3.000000000000000000e+00 4.300000000000000000e+01 0.000000000000000000e+00 1.600000000000000089e+00 -1.588000000000000002e-03 -7.441999999999999831e-03 -9.999710000000000543e-01 7.417150000000000132e-01 -6.707039999999999669e-01 3.814000000000000116e-03 -6.707130000000000036e-01 -7.416880000000000139e-01 6.584999999999999708e-03
2.800000000000000000e+01 3.000000000000000000e+00 4.300000000000000000e+01 0.000000000000000000e+00 1.600000000000000089e+00 3.831000000000000204e-03 1.099600000000000057e-02 -9.999320000000000430e-01 7.412109999999999532e-01 -6.712569999999999926e-01 -4.542000000000000030e-03 -6.712609999999999966e-01 -7.411429999999999962e-01 -1.072200000000000063e-02
3.000000000000000000e+00 8.000000000000000000e+00 4.400000000000000000e+01 0.000000000000000000e+00 1.600000000000000089e+00 4.368999999999999620e-03 1.059900000000000078e-02 9.999339999999999895e-01 -7.786039999999999628e-01 -6.274349999999999650e-01 1.005299999999999944e-02 6.274999999999999467e-01 -7.785969999999999835e-01 5.511000000000000273e-03
1.700000000000000000e+01 8.000000000000000000e+00 4.400000000000000000e+01 0.000000000000000000e+00 1.600000000000000089e+00 -3.288999999999999823e-03 -7.362999999999999753e-03 9.999670000000000503e-01 -7.757399999999999851e-01 -6.310109999999999886e-01 -7.198000000000000405e-03 6.310440000000000493e-01 -7.757389999999999564e-01 -3.637000000000000042e-03
2.000000000000000000e+00 2.900000000000000000e+01 4.400000000000000000e+01 0.000000000000000000e+00 1.600000000000000089e+00 -1.678000000000000021e-03 -1.072000000000000036e-03 -9.999980000000000535e-01 6.671070000000000055e-01 7.449590000000000378e-01 -1.918000000000000000e-03 7.449599999999999556e-01 -6.671089999999999520e-01 -5.349999999999999938e-04
8.000000000000000000e+00 2.900000000000000000e+01 4.400000000000000000e+01 0.000000000000000000e+00 1.600000000000000089e+00 -1.649000000000000075e-03 -1.610000000000000103e-04 -9.999989999999999712e-01 6.756419999999999648e-01 7.372290000000000232e-01 -1.232999999999999938e-03 7.372279999999999944e-01 -6.756429999999999936e-01 -1.106999999999999911e-03
1.200000000000000000e+01 2.900000000000000000e+01 4.400000000000000000e+01 0.000000000000000000e+00 1.600000000000000089e+00 -2.367999999999999879e-03 -2.151000000000000134e-03 -9.999949999999999672e-01 6.795269999999999921e-01 7.336430000000000451e-01 -3.187000000000000163e-03 7.336460000000000203e-01 -6.795309999999999961e-01 -2.759999999999999867e-04
2.100000000000000000e+01 2.900000000000000000e+01 4.400000000000000000e+01 0.000000000000000000e+00 1.600000000000000089e+00 -3.327999999999999795e-03 1.028000000000000051e-03 -9.999940000000000495e-01 6.648140000000000160e-01 7.470069999999999766e-01 -1.445000000000000104e-03 7.470010000000000261e-01 -6.648150000000000448e-01 -3.168999999999999942e-03
1.400000000000000000e+01 5.400000000000000000e+01 4.600000000000000000e+01 0.000000000000000000e+00 1.600000000000000089e+00 -5.159999999999999656e-04 -3.628999999999999847e-03 9.999930000000000208e-01 3.289139999999999842e-01 -9.443540000000000267e-01 -3.256999999999999913e-03 9.443599999999999772e-01 3.289099999999999802e-01 1.680999999999999986e-03
1.100000000000000000e+01 7.400000000000000000e+01 4.900000000000000000e+01 0.000000000000000000e+00 1.600000000000000089e+00 -3.154000000000000119e-03 -3.249999999999999851e-04 9.999949999999999672e-01 -9.798940000000000428e-01 1.994970000000000077e-01 -3.026000000000000044e-03 -1.994950000000000057e-01 -9.798980000000000468e-01 -9.470000000000000336e-04
2.000000000000000000e+00 6.300000000000000000e+01 5.400000000000000000e+01 0.000000000000000000e+00 1.600000000000000089e+00 1.345000000000000058e-03 -5.500000000000000331e-04 9.999989999999999712e-01 -3.522560000000000136e-01 9.359030000000000404e-01 9.879999999999999460e-04 -9.359030000000000404e-01 -3.522569999999999868e-01 1.064999999999999974e-03
7.000000000000000000e+00 6.300000000000000000e+01 5.400000000000000000e+01 0.000000000000000000e+00 1.600000000000000089e+00 -5.199999999999999544e-04 -2.410999999999999949e-03 9.999970000000000248e-01 -3.571230000000000238e-01 9.340549999999999686e-01 2.066000000000000128e-03 -9.340570000000000261e-01 -3.571199999999999930e-01 -1.347000000000000107e-03
1.500000000000000000e+01 6.300000000000000000e+01 5.400000000000000000e+01 0.000000000000000000e+00 1.600000000000000089e+00 1.179999999999999951e-04 2.644000000000000083e-03 9.999959999999999960e-01 -3.524089999999999723e-01 9.358429999999999804e-01 -2.432999999999999833e-03 -9.358459999999999557e-01 -3.524070000000000258e-01 1.041999999999999958e-03
1.900000000000000000e+01 6.300000000000000000e+01 5.400000000000000000e+01 0.000000000000000000e+00 1.600000000000000089e+00 -1.572999999999999962e-03 1.518999999999999951e-03 9.999980000000000535e-01 -3.500409999999999910e-01 9.367320000000000091e-01 -1.972999999999999927e-03 -9.367330000000000378e-01 -3.500429999999999930e-01 -9.420000000000000205e-04
2.700000000000000000e+01 6.300000000000000000e+01 5.400000000000000000e+01 0.000000000000000000e+00 1.600000000000000089e+00 1.730000000000000038e-04 -1.871999999999999966e-03 9.999980000000000535e-01 -3.492069999999999896e-01 9.370439999999999880e-01 1.814000000000000074e-03 -9.370460000000000456e-01 -3.492069999999999896e-01 -4.910000000000000085e-04
9.000000000000000000e+00 2.500000000000000000e+01 5.500000000000000000e+01 0.000000000000000000e+00 1.600000000000000089e+00 1.002999999999999985e-03 -1.265000000000000065e-03 -9.999989999999999712e-01 -1.071599999999999983e-02 -9.999419999999999975e-01 1.253999999999999906e-03 -9.999419999999999975e-01 1.071500000000000057e-02 -1.016999999999999892e-03
2.100000000000000000e+01 2.500000000000000000e+01 5.500000000000000000e+01 0.000000000000000000e+00 1.600000000000000089e+00 1.164000000000000104e-03 1.100000000000000066e-03 -9.999989999999999712e-01 -1.082200000000000002e-02 -9.999409999999999688e-01 -1.111999999999999924e-03 -9.999409999999999688e-01 1.082400000000000029e-02 -1.152000000000000029e-03
2.900000000000000000e+01 2.500000000000000000e+01 5.500000000000000000e+01 0.000000000000000000e+00 1.600000000000000089e+00 1.800000000000000046e-05 -1.722000000000000006e-03 -9.999989999999999712e-01 -9.988999999999999616e-03 -9.999489999999999768e-01 1.722000000000000006e-03 -9.999500000000000055e-01 9.988999999999999616e-03 -3.499999999999999693e-05
1.300000000000000000e+01 6.800000000000000000e+01 5.700000000000000000e+01 0.000000000000000000e+00 1.600000000000000089e+00 1.830000000000000029e-03 -2.432000000000000134e-03 -9.999949999999999672e-01 -2.438140000000000029e-01 -9.698200000000000154e-01 1.912999999999999987e-03 -9.698200000000000154e-01 2.438089999999999979e-01 -2.367999999999999879e-03
4.000000000000000000e+00 2.100000000000000000e+01 6.000000000000000000e+01 0.000000000000000000e+00 1.600000000000000089e+00 9.100000000000000016e-04 2.851999999999999934e-03 9.999959999999999960e-01 -9.588800000000000101e-02 9.953880000000000505e-01 -2.752000000000000106e-03 -9.953920000000000545e-01 -9.588499999999999801e-02 1.178999999999999927e-03
8.000000000000000000e+00 2.100000000000000000e+01 6.000000000000000000e+01 0.000000000000000000e+00 1.600000000000000089e+00 -1.180999999999999975e-03 7.569999999999999689e-04 9.999989999999999712e-01 -9.502299999999999636e-02 9.954749999999999988e-01 -8.660000000000000163e-04 -9.954739999999999700e-01 -9.502399999999999736e-02 -1.103999999999999947e-03
1.500000000000000000e+01 2.100000000000000000e+01 6.000000000000000000e+01 0.000000000000000000e+00 1.600000000000000089e+00 -3.770000000000000022e-04 -5.714000000000000329e-03 9.999839999999999840e-01 -9.566299999999999804e-02 9.953980000000000050e-01 5.651999999999999906e-03 -9.954140000000000210e-01 -9.565899999999999403e-02 -9.219999999999999680e-04
2.200000000000000000e+01 2.100000000000000000e+01 6.000000000000000000e+01 0.000000000000000000e+00 1.600000000000000089e+00 -1.699999999999999987e-05 1.686999999999999915e-03 9.999989999999999712e-01 -9.661699999999999455e-02 9.953199999999999825e-01 -1.680999999999999986e-03 -9.953220000000000400e-01 -9.661699999999999455e-02 1.459999999999999981e-04
2.500000000000000000e+01 2.100000000000000000e+01 6.000000000000000000e+01 0.000000000000000000e+00 1.600000000000000089e+00 7.010000000000000172e-04 -6.224999999999999631e-03 9.999799999999999800e-01 -9.699800000000000089e-02 9.952649999999999553e-01 6.263999999999999603e-03 -9.952839999999999465e-01 -9.700000000000000289e-02 9.399999999999999448e-05
2.900000000000000000e+01 2.100000000000000000e+01 6.000000000000000000e+01 0.000000000000000000e+00 1.600000000000000089e+00 1.126999999999999964e-03 -1.088399999999999958e-02 9.999400000000000510e-01 -9.757699999999999707e-02 9.951680000000000526e-01 1.094200000000000034e-02 -9.952269999999999728e-01 -9.758300000000000307e-02 5.899999999999999754e-05
3.000000000000000000e+00 6.000000000000000000e+00 6.100000000000000000e+01 0.000000000000000000e+00 1.600000000000000089e+00 4.200000000000000174e-04 2.020000000000000094e-03 9.999980000000000535e-01 5.603639999999999732e-01 -8.282450000000000090e-01 1.438000000000000042e-03 8.282460000000000377e-01 5.603630000000000555e-01 -1.479999999999999979e-03
1.700000000000000000e+01 6.000000000000000000e+00 6.100000000000000000e+01 0.000000000000000000e+00 1.600000000000000089e+00 1.595000000000000064e-03 6.329000000000000424e-03 9.999789999999999512e-01 5.592420000000000169e-01 -8.289929999999999799e-01 4.355000000000000364e-03 8.290030000000000454e-01 5.592230000000000256e-01 -4.862000000000000002e-03
1.900000000000000000e+01 4.000000000000000000e+00 6.200000000000000000e+01 0.000000000000000000e+00 1.600000000000000089e+00 -1.587000000000000086e-03 -2.154000000000000099e-03 9.999959999999999960e-01 -6.131079999999999863e-01 7.899990000000000068e-01 7.290000000000000473e-04 -7.899969999999999493e-01 -6.131050000000000111e-01 -2.573999999999999899e-03
1.000000000000000000e+00 3.000000000000000000e+00 6.300000000000000000e+01 0.000000000000000000e+00 1.600000000000000089e+00 -2.200000000000000078e-04 2.318000000000000182e-03 9.999970000000000248e-01 -6.130280000000000173e-01 7.900589999999999558e-01 -1.966999999999999998e-03 -7.900610000000000133e-01 -6.130269999999999886e-01 1.247000000000000062e-03
1.000000000000000000e+01 3.000000000000000000e+00 6.300000000000000000e+01 0.000000000000000000e+00 1.600000000000000089e+00 2.919999999999999961e-04 -3.739999999999999835e-03 9.999930000000000208e-01 -6.109029999999999738e-01 7.916999999999999593e-01 3.139999999999999996e-03 -7.917060000000000208e-01 -6.108989999999999698e-01 -2.053999999999999836e-03
6.000000000000000000e+00 2.700000000000000000e+01 6.300000000000000000e+01 0.000000000000000000e+00 1.600000000000000089e+00 -5.130000000000000011e-04 -1.066000000000000107e-03 9.999989999999999712e-01 -2.785320000000000018e-01 9.604260000000000019e-01 8.809999999999999472e-04 -9.604270000000000307e-01 -2.785320000000000018e-01 -7.900000000000000121e-04
