1.200000000000000000e+01 4.200000000000000000e+01 2.000000000000000000e+00 0.000000000000000000e+00 1.600000000000000089e+00 -1.874999999999999931e-03 -2.896699999999999969e-02 9.995789999999999953e-01 9.898839999999999861e-01 1.417549999999999921e-01 5.964999999999999816e-03 -1.418689999999999951e-01 9.894779999999999687e-01 2.840799999999999922e-02
1.700000000000000000e+01 4.200000000000000000e+01 2.000000000000000000e+00 0.000000000000000000e+00 1.600000000000000089e+00 -7.780999999999999722e-03 -1.464400000000000077e-02 9.998620000000000285e-01 9.879909999999999526e-01 1.541879999999999917e-01 9.946999999999999245e-03 -1.543120000000000047e-01 9.879329999999999501e-01 1.326800000000000028e-02
1.300000000000000000e+01 1.600000000000000000e+01 4.000000000000000000e+00 0.000000000000000000e+00 1.600000000000000089e+00 -3.177999999999999835e-03 1.933599999999999902e-02 9.998080000000000300e-01 3.220529999999999782e-01 -9.465240000000000320e-01 1.932899999999999896e-02 9.467160000000000020e-01 3.220520000000000049e-01 -3.219000000000000073e-03
1.600000000000000000e+01 1.600000000000000000e+01 4.000000000000000000e+00 0.000000000000000000e+00 1.600000000000000089e+00 3.268000000000000071e-03 2.626200000000000062e-02 9.996500000000000385e-01 3.224139999999999784e-01 -9.462990000000000013e-01 2.380600000000000077e-02 9.465930000000000177e-01 3.222229999999999817e-01 -1.156000000000000083e-02
2.100000000000000000e+01 1.600000000000000000e+01 4.000000000000000000e+00 0.000000000000000000e+00 1.600000000000000089e+00 -8.170000000000000179e-04 1.555800000000000065e-02 9.998789999999999623e-01 3.228719999999999923e-01 -9.463240000000000540e-01 1.498799999999999959e-02 9.464420000000000055e-01 3.228460000000000218e-01 -4.250000000000000305e-03
8.000000000000000000e+00 1.500000000000000000e+01 8.000000000000000000e+00 0.000000000000000000e+00 1.600000000000000089e+00 6.522000000000000020e-03 2.122999999999999887e-02 -9.997530000000000028e-01 -5.680870000000000086e-01 -8.226959999999999829e-01 -2.117600000000000038e-02 -8.229419999999999513e-01 5.680849999999999511e-01 6.694000000000000297e-03
1.300000000000000000e+01 1.500000000000000000e+01 8.000000000000000000e+00 0.000000000000000000e+00 1.600000000000000089e+00 7.323999999999999781e-03 1.507900000000000039e-02 -9.998590000000000533e-01 -5.648840000000000527e-01 -8.250039999999999596e-01 -1.657899999999999999e-02 -8.251380000000000381e-01 5.649260000000000392e-01 2.475000000000000203e-03
1.800000000000000000e+01 1.500000000000000000e+01 8.000000000000000000e+00 0.000000000000000000e+00 1.600000000000000089e+00 4.819000000000000367e-03 2.143799999999999872e-02 -9.997589999999999533e-01 -5.641610000000000236e-01 -8.254120000000000346e-01 -2.041799999999999865e-02 -8.256510000000000238e-01 5.641230000000000411e-01 8.116999999999999216e-03
6.000000000000000000e+00 2.600000000000000000e+01 8.000000000000000000e+00 0.000000000000000000e+00 1.600000000000000089e+00 -7.085000000000000152e-03 -2.042300000000000018e-02 -9.997660000000000435e-01 4.125739999999999963e-01 9.106699999999999795e-01 -2.152700000000000100e-02 9.108969999999999567e-01 -4.126299999999999968e-01 1.974000000000000060e-03
1.200000000000000000e+01 2.600000000000000000e+01 8.000000000000000000e+00 0.000000000000000000e+00 1.600000000000000089e+00 -5.473999999999999699e-03 -1.444699999999999977e-02 -9.998810000000000198e-01 4.174689999999999790e-01 9.085600000000000342e-01 -1.541299999999999962e-02 9.086739999999999817e-01 -4.175039999999999862e-01 1.057999999999999913e-03
1.900000000000000000e+01 2.600000000000000000e+01 8.000000000000000000e+00 0.000000000000000000e+00 1.600000000000000089e+00 -4.606999999999999984e-03 -1.899700000000000000e-02 -9.998089999999999478e-01 4.215610000000000190e-01 9.065969999999999862e-01 -1.916800000000000101e-02 9.067880000000000384e-01 -4.215690000000000270e-01 3.831999999999999903e-03
2.200000000000000000e+01 2.600000000000000000e+01 8.000000000000000000e+00 0.000000000000000000e+00 1.600000000000000089e+00 -5.211999999999999619e-03 -2.041099999999999859e-02 -9.997779999999999445e-01 4.233040000000000136e-01 9.057509999999999728e-01 -2.069899999999999865e-02 9.059730000000000283e-01 -4.233180000000000276e-01 3.918999999999999741e-03
2.500000000000000000e+01 2.600000000000000000e+01 8.000000000000000000e+00 0.000000000000000000e+00 1.600000000000000089e+00 -5.729999999999999850e-03 -2.281100000000000141e-02 -9.997230000000000283e-01 4.252830000000000221e-01 9.047659999999999592e-01 -2.308199999999999835e-02 9.050420000000000131e-01 -4.252969999999999806e-01 4.517000000000000182e-03
3.000000000000000000e+01 2.600000000000000000e+01 8.000000000000000000e+00 0.000000000000000000e+00 1.600000000000000089e+00 -4.372000000000000018e-03 -1.460700000000000019e-02 -9.998839999999999950e-01 4.289180000000000215e-01 9.032179999999999653e-01 -1.507000000000000006e-02 9.033330000000000526e-01 -4.289339999999999820e-01 2.315999999999999916e-03
2.300000000000000000e+01 1.400000000000000000e+01 9.000000000000000000e+00 0.000000000000000000e+00 1.600000000000000089e+00 6.859999999999999779e-03 1.501899999999999936e-02 -9.998639999999999750e-01 -5.576449999999999463e-01 -8.299199999999999910e-01 -1.629200000000000093e-02 -8.300509999999999833e-01 5.576809999999999823e-01 2.681999999999999922e-03
2.600000000000000000e+01 1.400000000000000000e+01 9.000000000000000000e+00 0.000000000000000000e+00 1.600000000000000089e+00 6.323999999999999760e-03 1.809600000000000097e-02 -9.998160000000000380e-01 -5.559760000000000257e-01 -8.309910000000000352e-01 -1.855700000000000058e-02 -8.311739999999999684e-01 5.559910000000000130e-01 4.806000000000000376e-03
5.000000000000000000e+00 2.400000000000000000e+01 9.000000000000000000e+00 0.000000000000000000e+00 1.600000000000000089e+00 -7.646000000000000019e-03 -2.533399999999999888e-02 -9.996500000000000385e-01 4.660690000000000111e-01 8.843670000000000142e-01 -2.597700000000000009e-02 8.847150000000000292e-01 -4.661040000000000183e-01 5.046000000000000138e-03
5.000000000000000000e+00 3.100000000000000000e+01 1.200000000000000000e+01 0.000000000000000000e+00 1.600000000000000089e+00 8.469999999999999881e-04 -1.392000000000000008e-03 9.999989999999999712e-01 8.833999999999999839e-03 9.999599999999999600e-01 1.384000000000000031e-03 -9.999609999999999888e-01 8.833000000000000573e-03 8.589999999999999546e-04
1.700000000000000000e+01 3.100000000000000000e+01 1.200000000000000000e+01 0.000000000000000000e+00 1.600000000000000089e+00 -2.982999999999999974e-03 1.412999999999999977e-03 9.999949999999999672e-01 1.523399999999999928e-02 9.998829999999999663e-01 -1.366999999999999943e-03 -9.998789999999999623e-01 1.523000000000000048e-02 -3.004000000000000160e-03
2.000000000000000000e+01 3.100000000000000000e+01 1.200000000000000000e+01 0.000000000000000000e+00 1.600000000000000089e+00 -1.956999999999999972e-03 -1.019999999999999992e-04 9.999980000000000535e-01 1.576400000000000023e-02 9.998759999999999870e-01 1.330000000000000073e-04 -9.998740000000000405e-01 1.576400000000000023e-02 -1.955000000000000140e-03
2.300000000000000000e+01 3.100000000000000000e+01 1.200000000000000000e+01 0.000000000000000000e+00 1.600000000000000089e+00 -5.000000000000000104e-04 7.700000000000000139e-05 1.000000000000000000e+00 1.528700000000000024e-02 9.998829999999999663e-01 -6.899999999999999667e-05 -9.998829999999999663e-01 1.528700000000000024e-02 -5.010000000000000347e-04
2.800000000000000000e+01 3.100000000000000000e+01 1.200000000000000000e+01 0.000000000000000000e+00 1.600000000000000089e+00 -2.640000000000000202e-04 -7.119999999999999593e-04 1.000000000000000000e+00 1.459399999999999933e-02 9.998930000000000318e-01 7.150000000000000322e-04 -9.998930000000000318e-01 1.459500000000000033e-02 -2.539999999999999940e-04
1.800000000000000000e+01 3.200000000000000000e+01 1.400000000000000000e+01 0.000000000000000000e+00 1.600000000000000089e+00 3.873999999999999840e-03 3.480000000000000020e-04 -9.999919999999999920e-01 1.219859999999999972e-01 9.925310000000000521e-01 8.180000000000000422e-04 9.925239999999999618e-01 -1.219879999999999992e-01 3.802999999999999957e-03
1.300000000000000000e+01 1.200000000000000000e+01 1.500000000000000000e+01 0.000000000000000000e+00 1.600000000000000089e+00 5.481999999999999894e-03 5.483000000000000027e-03 -9.999700000000000255e-01 -4.701199999999999823e-01 -8.825709999999999944e-01 -7.416999999999999982e-03 -8.825849999999999529e-01 4.701469999999999816e-01 -2.260999999999999989e-03
1.600000000000000000e+01 1.200000000000000000e+01 1.500000000000000000e+01 0.000000000000000000e+00 1.600000000000000089e+00 3.963000000000000377e-03 9.456000000000000863e-03 -9.999470000000000303e-01 -4.702319999999999833e-01 -8.824840000000000462e-01 -1.020899999999999933e-02 -8.825340000000000407e-01 4.702479999999999993e-01 9.489999999999999738e-04
2.400000000000000000e+01 1.200000000000000000e+01 1.500000000000000000e+01 0.000000000000000000e+00 1.600000000000000089e+00 4.886999999999999851e-03 5.252999999999999857e-03 -9.999740000000000295e-01 -4.686819999999999875e-01 -8.833400000000000141e-01 -6.930999999999999661e-03 -8.833530000000000548e-01 4.687040000000000095e-01 -1.855000000000000095e-03
8.000000000000000000e+00 1.160000000000000000e+02 1.600000000000000000e+01 0.000000000000000000e+00 1.600000000000000089e+00 5.929999999999999941e-04 1.881999999999999992e-03 9.999980000000000535e-01 6.692160000000000331e-01 7.430649999999999755e-01 -1.796000000000000070e-03 -7.430670000000000330e-01 6.692160000000000331e-01 -8.189999999999999581e-04
1.200000000000000000e+01 1.160000000000000000e+02 1.600000000000000000e+01 0.000000000000000000e+00 1.600000000000000089e+00 -2.599999999999999772e-04 -1.258000000000000004e-03 9.999989999999999712e-01 6.716539999999999733e-01 7.408639999999999670e-01 1.106999999999999911e-03 -7.408649999999999958e-01 6.716529999999999445e-01 6.520000000000000188e-04
2.000000000000000000e+00 2.000000000000000000e+00 1.900000000000000000e+01 0.000000000000000000e+00 1.600000000000000089e+00 -1.652999999999999955e-03 6.706000000000000155e-03 -9.999759999999999760e-01 1.703240000000000032e-01 -9.853640000000000176e-01 -6.890000000000000291e-03 -9.853870000000000129e-01 -1.703320000000000112e-01 4.870000000000000197e-04
7.000000000000000000e+00 2.000000000000000000e+00 1.900000000000000000e+01 0.000000000000000000e+00 1.600000000000000089e+00 -1.093999999999999920e-03 9.169999999999999549e-04 -9.999989999999999712e-01 1.685149999999999981e-01 -9.856979999999999631e-01 -1.087999999999999991e-03 -9.856979999999999631e-01 -1.685159999999999991e-01 9.229999999999999923e-04
1.000000000000000000e+01 2.000000000000000000e+00 1.900000000000000000e+01 0.000000000000000000e+00 1.600000000000000089e+00 -2.299999999999999961e-03 6.409999999999999682e-04 -9.999970000000000248e-01 1.669619999999999993e-01 -9.859630000000000338e-01 -1.015999999999999976e-03 -9.859609999999999763e-01 -1.669640000000000013e-01 2.161000000000000160e-03
1.400000000000000000e+01 2.000000000000000000e+00 1.900000000000000000e+01 0.000000000000000000e+00 1.600000000000000089e+00 -1.003999999999999901e-03 -2.049999999999999956e-04 -9.999989999999999712e-01 1.672639999999999960e-01 -9.859120000000000106e-01 3.499999999999999693e-05 -9.859120000000000106e-01 -1.672639999999999960e-01 1.023999999999999954e-03
1.900000000000000000e+01 2.000000000000000000e+00 1.900000000000000000e+01 0.000000000000000000e+00 1.600000000000000089e+00 2.135000000000000179e-03 6.693000000000000164e-03 -9.999749999999999472e-01 1.699869999999999992e-01 -9.854270000000000529e-01 -6.231999999999999693e-03 -9.854439999999999866e-01 -1.699700000000000100e-01 -3.240999999999999957e-03
2.500000000000000000e+01 2.000000000000000000e+00 1.900000000000000000e+01 0.000000000000000000e+00 1.600000000000000089e+00 -1.755999999999999965e-03 2.799999999999999755e-04 -9.999980000000000535e-01 1.684140000000000081e-01 -9.857160000000000366e-01 -5.720000000000000258e-04 -9.857150000000000079e-01 -1.684140000000000081e-01 1.683999999999999950e-03
2.900000000000000000e+01 2.000000000000000000e+00 1.900000000000000000e+01 0.000000000000000000e+00 1.600000000000000089e+00 -6.999999999999999929e-04 -5.810000000000000277e-04 -1.000000000000000000e+00 1.617429999999999979e-01 -9.868329999999999602e-01 4.600000000000000139e-04 -9.868329999999999602e-01 -1.617419999999999969e-01 7.849999999999999990e-04
2.000000000000000000e+00 4.000000000000000000e+00 2.000000000000000000e+01 0.000000000000000000e+00 1.600000000000000089e+00 -1.742999999999999975e-03 8.380000000000000296e-03 -9.999630000000000463e-01 2.689520000000000244e-01 -9.631159999999999721e-01 -8.540000000000000716e-03 -9.631520000000000081e-01 -2.689570000000000016e-01 -5.760000000000000146e-04
6.000000000000000000e+00 1.300000000000000000e+01 2.000000000000000000e+01 0.000000000000000000e+00 1.600000000000000089e+00 -5.569999999999999864e-04 2.480000000000000108e-04 1.000000000000000000e+00 2.592619999999999925e-01 9.658069999999999711e-01 -9.500000000000000523e-05 -9.658069999999999711e-01 2.592610000000000192e-01 -6.019999999999999961e-04
1.300000000000000000e+01 1.300000000000000000e+01 2.000000000000000000e+01 0.000000000000000000e+00 1.600000000000000089e+00 -6.799999999999999946e-05 -7.574000000000000003e-03 9.999710000000000543e-01 2.594770000000000132e-01 9.657219999999999693e-01 7.331999999999999976e-03 -9.657489999999999686e-01 2.594699999999999784e-01 1.899999999999999996e-03
1.700000000000000000e+01 1.300000000000000000e+01 2.000000000000000000e+01 0.000000000000000000e+00 1.600000000000000089e+00 -3.690000000000000246e-04 2.129999999999999949e-03 9.999980000000000535e-01 2.602079999999999949e-01 9.655510000000000481e-01 -1.959999999999999937e-03 -9.655529999999999946e-01 2.602059999999999929e-01 -9.100000000000000016e-04
2.100000000000000000e+01 1.300000000000000000e+01 2.000000000000000000e+01 0.000000000000000000e+00 1.600000000000000089e+00 -1.299000000000000024e-03 6.650000000000000095e-04 9.999989999999999712e-01 2.634070000000000022e-01 9.646850000000000147e-01 -2.999999999999999737e-04 -9.646839999999999860e-01 2.634070000000000022e-01 -1.428000000000000016e-03
2.900000000000000000e+01 1.300000000000000000e+01 2.000000000000000000e+01 0.000000000000000000e+00 1.600000000000000089e+00 1.660999999999999933e-03 -1.031000000000000015e-03 9.999980000000000535e-01 2.595489999999999742e-01 9.657299999999999773e-01 5.649999999999999641e-04 -9.657280000000000308e-01 2.595480000000000009e-01 1.871000000000000050e-03
6.000000000000000000e+00 1.600000000000000000e+01 2.100000000000000000e+01 0.000000000000000000e+00 1.600000000000000089e+00 1.190000000000000058e-04 5.963000000000000418e-03 9.999820000000000375e-01 2.962949999999999751e-01 9.550790000000000113e-01 -5.729999999999999850e-03 -9.550959999999999450e-01 2.962899999999999978e-01 -1.652999999999999955e-03
1.000000000000000000e+01 1.600000000000000000e+01 2.100000000000000000e+01 0.000000000000000000e+00 1.600000000000000089e+00 -6.890000000000000508e-04 -5.002999999999999635e-03 9.999869999999999592e-01 2.965380000000000238e-01 9.550079999999999680e-01 4.982000000000000317e-03 -9.550210000000000088e-01 2.965380000000000238e-01 8.249999999999999955e-04
1.400000000000000000e+01 1.600000000000000000e+01 2.100000000000000000e+01 0.000000000000000000e+00 1.600000000000000089e+00 -5.099999999999999960e-05 -5.361999999999999579e-03 9.999860000000000415e-01 2.967420000000000058e-01 9.549440000000000150e-01 5.135999999999999940e-03 -9.549579999999999735e-01 2.967380000000000018e-01 1.543000000000000101e-03
3.000000000000000000e+00 4.600000000000000000e+01 2.700000000000000000e+01 0.000000000000000000e+00 1.600000000000000089e+00 7.529999999999999801e-04 -2.300000000000000070e-04 -1.000000000000000000e+00 6.841749999999999776e-01 7.293180000000000218e-01 3.480000000000000020e-04 7.293180000000000218e-01 -6.841749999999999776e-01 7.069999999999999462e-04
1.300000000000000000e+01 4.600000000000000000e+01 2.700000000000000000e+01 0.000000000000000000e+00 1.600000000000000089e+00 8.229999999999999469e-04 1.203000000000000076e-03 -9.999989999999999712e-01 6.799730000000000496e-01 7.332359999999999989e-01 1.441999999999999922e-03 7.332370000000000276e-01 -6.799730000000000496e-01 -2.149999999999999947e-04
1.500000000000000000e+01 4.600000000000000000e+01 3.000000000000000000e+01 0.000000000000000000e+00 1.600000000000000089e+00 4.189999999999999931e-04 7.999999999999999638e-06 -1.000000000000000000e+00 3.365279999999999938e-01 9.416729999999999823e-01 1.479999999999999925e-04 9.416729999999999823e-01 -3.365279999999999938e-01 3.919999999999999873e-04
2.700000000000000000e+01 4.600000000000000000e+01 3.000000000000000000e+01 0.000000000000000000e+00 1.600000000000000089e+00 3.530000000000000152e-04 -3.589999999999999984e-04 -1.000000000000000000e+00 3.350549999999999917e-01 9.421979999999999800e-01 -2.200000000000000078e-04 9.421979999999999800e-01 -3.350549999999999917e-01 4.530000000000000064e-04
4.000000000000000000e+00 5.800000000000000000e+01 3.100000000000000000e+01 0.000000000000000000e+00 1.600000000000000089e+00 -1.640000000000000019e-04 -9.420000000000000205e-04 1.000000000000000000e+00 -7.997260000000000479e-01 -6.003650000000000375e-01 -6.970000000000000284e-04 6.003650000000000375e-01 -7.997260000000000479e-01 -6.549999999999999833e-04
9.000000000000000000e+00 5.800000000000000000e+01 3.100000000000000000e+01 0.000000000000000000e+00 1.600000000000000089e+00 2.129999999999999949e-03 4.787999999999999722e-03 9.999860000000000415e-01 -7.990530000000000133e-01 -6.012429999999999719e-01 4.581000000000000003e-03 6.012570000000000414e-01 -7.990519999999999845e-01 2.544999999999999953e-03
1.500000000000000000e+01 5.800000000000000000e+01 3.100000000000000000e+01 0.000000000000000000e+00 1.600000000000000089e+00 1.050000000000000044e-04 -1.897000000000000032e-03 9.999980000000000535e-01 -7.965130000000000265e-01 -6.046200000000000463e-01 -1.062999999999999926e-03 6.046209999999999640e-01 -7.965119999999999978e-01 -1.574000000000000095e-03
2.000000000000000000e+01 5.800000000000000000e+01 3.100000000000000000e+01 0.000000000000000000e+00 1.600000000000000089e+00 -1.569999999999999944e-04 -8.710000000000000294e-04 1.000000000000000000e+00 -7.984630000000000338e-01 -6.020429999999999948e-01 -6.489999999999999459e-04 6.020429999999999948e-01 -7.984630000000000338e-01 -6.009999999999999717e-04
2.800000000000000000e+01 5.800000000000000000e+01 3.100000000000000000e+01 0.000000000000000000e+00 1.600000000000000089e+00 -1.410000000000000120e-04 2.841999999999999908e-03 9.999959999999999960e-01 -7.965370000000000505e-01 -6.045880000000000143e-01 1.606000000000000006e-03 6.045899999999999608e-01 -7.965330000000000465e-01 2.348999999999999960e-03
3.000000000000000000e+00 4.600000000000000000e+01 3.500000000000000000e+01 0.000000000000000000e+00 1.600000000000000089e+00 -5.609999999999999752e-04 7.140000000000000079e-04 -1.000000000000000000e+00 3.849620000000000264e-01 -9.229319999999999746e-01 -8.750000000000000182e-04 -9.229319999999999746e-01 -3.849620000000000264e-01 2.429999999999999977e-04
7.000000000000000000e+00 4.600000000000000000e+01 3.500000000000000000e+01 0.000000000000000000e+00 1.600000000000000089e+00 -5.230000000000000274e-04 1.503999999999999912e-03 -9.999989999999999712e-01 3.864199999999999857e-01 -9.223219999999999752e-01 -1.590000000000000050e-03 -9.223230000000000040e-01 -3.864199999999999857e-01 -9.899999999999999404e-05
1.800000000000000000e+01 4.600000000000000000e+01 3.500000000000000000e+01 0.000000000000000000e+00 1.600000000000000089e+00 -1.828999999999999897e-03 5.176000000000000045e-03 -9.999850000000000128e-01 3.917760000000000131e-01 -9.200439999999999729e-01 -5.479000000000000363e-03 -9.200589999999999602e-01 -3.917800000000000171e-01 -3.460000000000000076e-04
2.100000000000000000e+01 4.600000000000000000e+01 3.500000000000000000e+01 0.000000000000000000e+00 1.600000000000000089e+00 -6.369999999999999794e-04 1.799000000000000035e-03 -9.999980000000000535e-01 3.915219999999999811e-01 -9.201669999999999572e-01 -1.905000000000000009e-03 -9.201679999999999859e-01 -3.915230000000000099e-01 -1.190000000000000058e-04
2.800000000000000000e+01 4.600000000000000000e+01 3.500000000000000000e+01 0.000000000000000000e+00 1.600000000000000089e+00 -1.399999999999999979e-05 7.640000000000000306e-04 -1.000000000000000000e+00 3.900520000000000098e-01 -9.207929999999999726e-01 -7.089999999999999948e-04 -9.207929999999999726e-01 -3.900509999999999811e-01 -2.849999999999999886e-04
1.000000000000000000e+00 9.500000000000000000e+01 3.600000000000000000e+01 0.000000000000000000e+00 1.600000000000000089e+00 8.264000000000000512e-03 -3.575000000000000053e-03 9.999590000000000423e-01 9.977390000000000425e-01 6.673099999999999865e-02 -8.007000000000000228e-03 -6.669999999999999540e-02 9.977650000000000130e-01 4.118000000000000133e-03
1.000000000000000000e+01 9.500000000000000000e+01 3.600000000000000000e+01 0.000000000000000000e+00 1.600000000000000089e+00 -2.286999999999999970e-03 3.000000000000000076e-05 9.999970000000000248e-01 9.970729999999999871e-01 7.641699999999999882e-02 2.278000000000000077e-03 -7.641599999999999782e-02 9.970759999999999623e-01 -2.039999999999999984e-04
1.400000000000000000e+01 9.500000000000000000e+01 3.600000000000000000e+01 0.000000000000000000e+00 1.600000000000000089e+00 -4.745000000000000086e-03 -1.810600000000000057e-02 9.998249999999999638e-01 9.968510000000000426e-01 7.905900000000000427e-02 6.163000000000000075e-03 -7.915700000000000514e-02 9.967049999999999521e-01 1.767399999999999874e-02
1.800000000000000000e+01 9.500000000000000000e+01 3.600000000000000000e+01 0.000000000000000000e+00 1.600000000000000089e+00 4.657999999999999814e-03 1.204999999999999995e-02 9.999169999999999447e-01 9.965239999999999654e-01 8.311399999999999344e-02 -5.642999999999999579e-03 -8.317499999999999893e-02 9.964669999999999916e-01 -1.162099999999999939e-02
2.200000000000000000e+01 9.500000000000000000e+01 3.600000000000000000e+01 0.000000000000000000e+00 1.600000000000000089e+00 4.074999999999999629e-03 1.886200000000000029e-02 9.998139999999999805e-01 9.967240000000000544e-01 8.068699999999999484e-02 -5.584999999999999687e-03 -8.077700000000000158e-02 9.965610000000000301e-01 -1.847100000000000131e-02
2.600000000000000000e+01 9.500000000000000000e+01 3.600000000000000000e+01 0.000000000000000000e+00 1.600000000000000089e+00 -8.670000000000000406e-04 -1.011100000000000020e-02 9.999489999999999768e-01 9.972130000000000161e-01 7.458900000000000252e-02 1.618000000000000081e-03 -7.460100000000000064e-02 9.971630000000000216e-01 1.001800000000000086e-02
2.900000000000000000e+01 9.500000000000000000e+01 3.600000000000000000e+01 0.000000000000000000e+00 1.600000000000000089e+00 -4.664999999999999876e-03 -3.129500000000000337e-02 9.994990000000000263e-01 9.972029999999999506e-01 7.440900000000000292e-02 6.983999999999999757e-03 -7.459100000000000452e-02 9.967369999999999841e-01 3.086099999999999954e-02
4.000000000000000000e+00 3.000000000000000000e+00 4.300000000000000000e+01 0.000000000000000000e+00 1.600000000000000089e+00 -4.578999999999999737e-03 -1.067000000000000023e-03 -9.999890000000000168e-01 7.377230000000000176e-01 -6.750979999999999759e-01 -2.658000000000000206e-03 -6.750880000000000214e-01 -7.377270000000000216e-01 3.879000000000000069e-03
8.000000000000000000e+00 3.000000000000000000e+00 4.300000000000000000e+01 0.000000000000000000e+00 1.600000000000000089e+00 -4.460000000000000422e-03 -1.103200000000000014e-02 -9.999289999999999567e-01 7.393960000000000532e-01 -6.732580000000000231e-01 4.129999999999999991e-03 -6.732559999999999656e-01 -7.393250000000000099e-01 1.115999999999999978e-02
2.300000000000000000e+01 3.000000000000000000e+00 4.300000000000000000e+01 0.000000000000000000e+00 1.600000000000000089e+00 2.282999999999999873e-03 7.648000000000000284e-03 -9.999679999999999680e-01 7.389390000000000125e-01 -6.737640000000000295e-01 -3.465999999999999897e-03 -6.737689999999999513e-01 -7.389069999999999805e-01 -7.189000000000000078e-03
2.800000000000000000e+01 3.000000000000000000e+00 4.300000000000000000e+01 0.000000000000000000e+00 1.600000000000000089e+00 -2.674000000000000161e-03 -4.235000000000000049e-03 -9.999869999999999592e-01 7.392750000000000155e-01 -6.734029999999999738e-01 8.750000000000000182e-04 -6.733980000000000521e-01 -7.392640000000000322e-01 4.931999999999999752e-03
2.600000000000000000e+01 8.000000000000000000e+00 4.400000000000000000e+01 0.000000000000000000e+00 1.600000000000000089e+00 -6.000000000000000152e-06 2.328000000000000208e-03 9.999970000000000248e-01 -7.867279999999999829e-01 -6.172980000000000134e-01 1.431999999999999896e-03 6.172990000000000421e-01 -7.867260000000000364e-01 1.835000000000000043e-03
4.000000000000000000e+00 2.900000000000000000e+01 4.400000000000000000e+01 0.000000000000000000e+00 1.600000000000000089e+00 -5.769999999999999955e-03 -2.465999999999999876e-03 -9.999799999999999800e-01 6.418070000000000164e-01 7.668460000000000276e-01 -5.595000000000000147e-03 7.668449999999999989e-01 -6.418270000000000364e-01 -2.841999999999999908e-03
9.000000000000000000e+00 2.900000000000000000e+01 4.400000000000000000e+01 0.000000000000000000e+00 1.600000000000000089e+00 -1.614999999999999899e-03 -1.683999999999999950e-03 -9.999970000000000248e-01 6.391850000000000032e-01 7.690489999999999826e-01 -2.327000000000000075e-03 7.690510000000000401e-01 -6.391869999999999497e-01 -1.659999999999999963e-04
2.000000000000000000e+01 2.900000000000000000e+01 4.400000000000000000e+01 0.000000000000000000e+00 1.600000000000000089e+00 4.288000000000000145e-03 3.690000000000000246e-04 -9.999909999999999632e-01 6.712099999999999733e-01 7.412600000000000300e-01 3.151999999999999854e-03 7.412549999999999972e-01 -6.712179999999999813e-01 2.931000000000000012e-03
2.500000000000000000e+01 2.900000000000000000e+01 4.400000000000000000e+01 0.000000000000000000e+00 1.600000000000000089e+00 1.302999999999999905e-03 -2.069000000000000093e-03 -9.999970000000000248e-01 6.762730000000000130e-01 7.366509999999999447e-01 -6.430000000000000169e-04 7.366500000000000270e-01 -6.762700000000000378e-01 2.358999999999999986e-03
2.900000000000000000e+01 2.900000000000000000e+01 4.400000000000000000e+01 0.000000000000000000e+00 1.600000000000000089e+00 -1.046000000000000055e-03 7.699999999999999597e-04 -9.999989999999999712e-01 6.775259999999999616e-01 7.354990000000000139e-01 -1.420000000000000092e-04 7.354979999999999851e-01 -6.775250000000000439e-01 -1.291000000000000047e-03
1.200000000000000000e+01 6.000000000000000000e+00 5.100000000000000000e+01 0.000000000000000000e+00 1.600000000000000089e+00 -5.421999999999999736e-03 2.269000000000000183e-03 -9.999829999999999552e-01 3.232729999999999770e-01 -9.462979999999999725e-01 -3.899999999999999821e-03 -9.462899999999999645e-01 -3.232889999999999930e-01 4.396999999999999867e-03
2.900000000000000000e+01 1.150000000000000000e+02 5.100000000000000000e+01 0.000000000000000000e+00 1.600000000000000089e+00 -1.685000000000000083e-03 -4.204000000000000271e-03 9.999900000000000455e-01 8.436489999999999823e-01 -5.368950000000000111e-01 -8.360000000000000460e-04 5.368929999999999536e-01 8.436390000000000278e-01 4.451000000000000095e-03
1.600000000000000000e+01 7.000000000000000000e+00 5.200000000000000000e+01 0.000000000000000000e+00 1.600000000000000089e+00 -2.906000000000000163e-03 1.791000000000000057e-03 -9.999940000000000495e-01 8.887399999999999467e-02 -9.960409999999999542e-01 -2.041999999999999978e-03 -9.960390000000000077e-01 -8.887899999999999967e-02 2.735000000000000018e-03
9.000000000000000000e+00 6.300000000000000000e+01 5.400000000000000000e+01 0.000000000000000000e+00 1.600000000000000089e+00 -5.400000000000000069e-04 2.199999999999999943e-05 1.000000000000000000e+00 -3.519939999999999736e-01 9.360020000000000007e-01 -2.100000000000000087e-04 -9.360020000000000007e-01 -3.519939999999999736e-01 -4.979999999999999618e-04
1.500000000000000000e+01 6.300000000000000000e+01 5.400000000000000000e+01 0.000000000000000000e+00 1.600000000000000089e+00 1.000000000000000021e-03 -1.075000000000000001e-03 9.999989999999999712e-01 -3.528339999999999810e-01 9.356849999999999890e-01 1.358000000000000049e-03 -9.356860000000000177e-01 -3.528350000000000097e-01 5.559999999999999621e-04
2.000000000000000000e+01 6.300000000000000000e+01 5.400000000000000000e+01 0.000000000000000000e+00 1.600000000000000089e+00 -1.177000000000000095e-03 -3.040000000000000167e-04 9.999989999999999712e-01 -3.545449999999999990e-01 9.350389999999999535e-01 -1.330000000000000073e-04 -9.350380000000000358e-01 -3.545449999999999990e-01 -1.208000000000000089e-03
2.700000000000000000e+01 6.300000000000000000e+01 5.400000000000000000e+01 0.000000000000000000e+00 1.600000000000000089e+00 1.621000000000000045e-03 -1.520000000000000084e-03 9.999970000000000248e-01 -3.522310000000000163e-01 9.359110000000000484e-01 1.992999999999999980e-03 -9.359119999999999662e-01 -3.522339999999999915e-01 9.820000000000000170e-04
3.000000000000000000e+01 6.300000000000000000e+01 5.400000000000000000e+01 0.000000000000000000e+00 1.600000000000000089e+00 7.770000000000000214e-04 7.630000000000000063e-04 9.999989999999999712e-01 -3.495249999999999746e-01 9.369269999999999543e-01 -4.429999999999999802e-04 -9.369269999999999543e-01 -3.495240000000000014e-01 9.940000000000000918e-04
8.000000000000000000e+00 2.500000000000000000e+01 5.500000000000000000e+01 0.000000000000000000e+00 1.600000000000000089e+00 1.317999999999999944e-03 -1.990000000000000015e-03 -9.999970000000000248e-01 -1.272000000000000040e-02 -9.999169999999999447e-01 1.972999999999999927e-03 -9.999179999999999735e-01 1.271699999999999914e-02 -1.343000000000000010e-03
1.300000000000000000e+01 2.500000000000000000e+01 5.500000000000000000e+01 0.000000000000000000e+00 1.600000000000000089e+00 -1.149999999999999981e-03 1.536999999999999955e-03 -9.999980000000000535e-01 -1.270800000000000055e-02 -9.999179999999999735e-01 -1.523000000000000048e-03 -9.999190000000000023e-01 1.270600000000000028e-02 1.168999999999999900e-03
1.800000000000000000e+01 2.500000000000000000e+01 5.500000000000000000e+01 0.000000000000000000e+00 1.600000000000000089e+00 -7.839999999999999747e-04 -4.047000000000000250e-03 -9.999909999999999632e-01 -1.058800000000000019e-02 -9.999360000000000470e-01 4.054999999999999577e-03 -9.999440000000000550e-01 1.059099999999999972e-02 7.410000000000000137e-04
2.500000000000000000e+01 2.500000000000000000e+01 5.500000000000000000e+01 0.000000000000000000e+00 1.600000000000000089e+00 1.179999999999999951e-04 2.609000000000000208e-03 -9.999970000000000248e-01 -1.067000000000000066e-02 -9.999400000000000510e-01 -2.609999999999999907e-03 -9.999430000000000263e-01 1.067000000000000066e-02 -9.000000000000000567e-05
2.900000000000000000e+01 2.500000000000000000e+01 5.500000000000000000e+01 0.000000000000000000e+00 1.600000000000000089e+00 4.279999999999999950e-04 2.769000000000000194e-03 -9.999959999999999960e-01 -1.064200000000000042e-02 -9.999400000000000510e-01 -2.772999999999999857e-03 -9.999430000000000263e-01 1.064400000000000068e-02 -3.980000000000000248e-04
1.900000000000000000e+01 5.800000000000000000e+01 5.900000000000000000e+01 0.000000000000000000e+00 1.600000000000000089e+00 -2.510000000000000078e-03 -6.302999999999999575e-03 -9.999770000000000048e-01 3.820589999999999820e-01 9.241129999999999622e-01 -6.784000000000000100e-03 9.241350000000000398e-01 -3.820669999999999900e-01 8.799999999999999771e-05
2.200000000000000000e+01 6.000000000000000000e+00 6.100000000000000000e+01 0.000000000000000000e+00 1.600000000000000089e+00 3.910000000000000172e-04 1.036699999999999948e-02 9.999460000000000015e-01 5.623200000000000420e-01 -8.268780000000000019e-01 8.352999999999999314e-03 8.269199999999999884e-01 5.622859999999999525e-01 -6.152999999999999615e-03
3.000000000000000000e+00 3.000000000000000000e+00 6.300000000000000000e+01 0.000000000000000000e+00 1.600000000000000089e+00 4.392000000000000071e-03 -7.882999999999999383e-03 9.999590000000000423e-01 -6.159029999999999783e-01 7.877720000000000278e-01 8.916000000000000314e-03 -7.878100000000000103e-01 -6.159170000000000478e-01 -1.396000000000000105e-03
6.000000000000000000e+00 3.000000000000000000e+00 6.300000000000000000e+01 0.000000000000000000e+00 1.600000000000000089e+00 1.026999999999999918e-03 -4.833999999999999755e-03 9.999879999999999880e-01 -6.171950000000000491e-01 7.867979999999999974e-01 4.436999999999999972e-03 -7.868100000000000094e-01 -6.171919999999999629e-01 -2.175999999999999983e-03
3.000000000000000000e+00 2.700000000000000000e+01 6.300000000000000000e+01 0.000000000000000000e+00 1.600000000000000089e+00 3.170000000000000075e-04 1.387999999999999911e-03 9.999989999999999712e-01 -2.825520000000000254e-01 9.592509999999999648e-01 -1.242000000000000048e-03 -9.592519999999999936e-01 -2.825509999999999966e-01 6.970000000000000284e-04
7.000000000000000000e+00 2.700000000000000000e+01 6.300000000000000000e+01 0.000000000000000000e+00 1.600000000000000089e+00 5.000000000000000240e-05 1.281999999999999936e-03 9.999989999999999712e-01 -2.836699999999999777e-01 9.589210000000000234e-01 -1.216000000000000067e-03 -9.589220000000000521e-01 -2.836699999999999777e-01 4.110000000000000155e-04
1.100000000000000000e+01 2.700000000000000000e+01 6.300000000000000000e+01 0.000000000000000000e+00 1.600000000000000089e+00 -2.849999999999999886e-04 4.565999999999999746e-03 9.999900000000000455e-01 -2.837120000000000197e-01 9.588989999999999458e-01 -4.460000000000000422e-03 -9.589100000000000401e-01 -2.837100000000000177e-01 1.021999999999999905e-03
1.600000000000000000e+01 2.700000000000000000e+01 6.300000000000000000e+01 0.000000000000000000e+00 1.600000000000000089e+00 -1.760999999999999979e-03 -2.922000000000000118e-03 9.999940000000000495e-01 -2.838879999999999737e-01 9.588550000000000129e-01 2.301999999999999793e-03 -9.588560000000000416e-01 -2.838829999999999965e-01 -2.517999999999999839e-03
2.300000000000000000e+01 2.700000000000000000e+01 6.300000000000000000e+01 0.000000000000000000e+00 1.600000000000000089e+00 4.090000000000000211e-04 -1.879999999999999944e-03 9.999980000000000535e-01 -2.816299999999999915e-01 9.595209999999999573e-01 1.918999999999999916e-03 -9.595230000000000148e-01 -2.816310000000000202e-01 -1.369999999999999961e-04
2.700000000000000000e+01 2.700000000000000000e+01 6.300000000000000000e+01 0.000000000000000000e+00 1.600000000000000089e+00 2.557999999999999944e-03 3.798000000000000161e-03 9.999900000000000455e-01 -2.831210000000000115e-01 9.590800000000000436e-01 -2.919000000000000154e-03 -9.590809999999999613e-01 -2.831110000000000015e-01 3.527999999999999886e-03
7.000000000000000000e+00 2.600000000000000000e+01 6.400000000000000000e+01 0.000000000000000000e+00 1.600000000000000089e+00 1.869999999999999917e-04 1.577999999999999976e-03 9.999989999999999712e-01 -3.638770000000000060e-01 9.314459999999999962e-01 -1.400999999999999902e-03 -9.314470000000000249e-01 -3.638759999999999772e-01 7.479999999999999670e-04
1.100000000000000000e+01 2.600000000000000000e+01 6.400000000000000000e+01 0.000000000000000000e+00 1.600000000000000089e+00 -8.239999999999999712e-04 3.981000000000000164e-03 9.999919999999999920e-01 -3.649020000000000041e-01 9.310370000000000035e-01 -4.008000000000000278e-03 -9.310460000000000402e-01 -3.649020000000000041e-01 6.849999999999999535e-04
1.500000000000000000e+01 2.600000000000000000e+01 6.400000000000000000e+01 0.000000000000000000e+00 1.600000000000000089e+00 -2.455999999999999850e-03 -1.500000000000000031e-03 9.999959999999999960e-01 -3.669780000000000264e-01 9.302289999999999726e-01 4.939999999999999730e-04 -9.302259999999999973e-01 -3.669760000000000244e-01 -2.834999999999999847e-03
2.300000000000000000e+01 2.600000000000000000e+01 6.400000000000000000e+01 0.000000000000000000e+00 1.600000000000000089e+00 8.949999999999999623e-04 -2.873999999999999819e-03 9.999949999999999672e-01 -3.669000000000000039e-01 9.302559999999999718e-01 3.001999999999999894e-03 -9.302599999999999758e-01 -3.669009999999999772e-01 -2.220000000000000022e-04
2.600000000000000000e+01 2.600000000000000000e+01 6.400000000000000000e+01 0.000000000000000000e+00 1.600000000000000089e+00 2.606999999999999942e-03 3.299999999999999982e-03 9.999909999999999632e-01 -3.676470000000000016e-01 9.299629999999999841e-01 -2.109999999999999896e-03 -9.299619999999999553e-01 -3.676380000000000203e-01 3.638000000000000175e-03
3.000000000000000000e+01 2.600000000000000000e+01 6.400000000000000000e+01 0.000000000000000000e+00 1.600000000000000089e+00 2.931000000000000012e-03 2.867999999999999890e-03 9.999919999999999920e-01 -3.690620000000000012e-01 9.294029999999999792e-01 -1.583999999999999905e-03 -9.294000000000000039e-01 -3.690539999999999932e-01 3.782999999999999904e-03
9.000000000000000000e+00 6.900000000000000000e+01 6.600000000000000000e+01 0.000000000000000000e+00 1.600000000000000089e+00 -1.330999999999999935e-03 -9.879999999999999460e-04 9.999989999999999712e-01 -9.502059999999999951e-01 3.116209999999999813e-01 -9.569999999999999514e-04 -3.116200000000000081e-01 -9.502059999999999951e-01 -1.353000000000000036e-03
2.500000000000000000e+01 6.900000000000000000e+01 6.600000000000000000e+01 0.000000000000000000e+00 1.600000000000000089e+00 4.022000000000000401e-03 -1.858000000000000059e-03 9.999900000000000455e-01 -9.496360000000000356e-01 3.133239999999999914e-01 4.401999999999999663e-03 -3.133290000000000242e-01 -9.496440000000000436e-01 -5.039999999999999992e-04
4.000000000000000000e+00 2.500000000000000000e+01 7.300000000000000000e+01 0.000000000000000000e+00 1.600000000000000089e+00 1.131999999999999977e-03 1.283999999999999985e-03 9.999989999999999712e-01 7.543199999999999905e-01 -6.565069999999999517e-01 -1.099999999999999971e-05 6.565060000000000340e-01 7.543189999999999618e-01 -1.711999999999999980e-03
1.200000000000000000e+01 2.500000000000000000e+01 7.300000000000000000e+01 0.000000000000000000e+00 1.600000000000000089e+00 9.340000000000000429e-04 -1.108999999999999960e-03 9.999989999999999712e-01 7.532529999999999504e-01 -6.577290000000000081e-01 -1.433000000000000029e-03 6.577300000000000368e-01 7.532539999999999791e-01 2.210000000000000050e-04
1.900000000000000000e+01 2.500000000000000000e+01 7.300000000000000000e+01 0.000000000000000000e+00 1.600000000000000089e+00 1.119999999999999983e-04 4.296999999999999605e-03 9.999909999999999632e-01 7.540829999999999478e-01 -6.567730000000000512e-01 2.736999999999999850e-03 6.567790000000000017e-01 7.540759999999999685e-01 -3.314000000000000105e-03
2.400000000000000000e+01 2.500000000000000000e+01 7.300000000000000000e+01 0.000000000000000000e+00 1.600000000000000089e+00 3.530000000000000152e-04 1.214999999999999934e-03 9.999989999999999712e-01 7.524370000000000225e-01 -6.586640000000000272e-01 5.349999999999999938e-04 6.586640000000000272e-01 7.524359999999999937e-01 -1.147000000000000016e-03
1.000000000000000000e+00 4.400000000000000000e+01 7.300000000000000000e+01 0.000000000000000000e+00 1.600000000000000089e+00 8.109999999999999805e-04 9.259999999999999568e-04 9.999989999999999712e-01 5.103300000000000197e-02 -9.986969999999999459e-01 8.840000000000000201e-04 9.986969999999999459e-01 5.103200000000000097e-02 -8.570000000000000144e-04
5.000000000000000000e+00 4.400000000000000000e+01 7.300000000000000000e+01 0.000000000000000000e+00 1.600000000000000089e+00 2.469999999999999865e-04 -2.262000000000000122e-03 9.999970000000000248e-01 5.199800000000000255e-02 -9.986450000000000049e-01 -2.272000000000000148e-03 9.986469999999999514e-01 5.199899999999999661e-02 -1.289999999999999914e-04
