3.000000000000000000e+00 1.500000000000000000e+01 4.000000000000000000e+00 0.000000000000000000e+00 1.600000000000000089e+00 2.201999999999999964e-03 1.049899999999999965e-02 9.999419999999999975e-01 2.889769999999999839e-01 -9.572899999999999743e-01 9.414999999999999758e-03 9.573340000000000183e-01 2.889390000000000014e-01 -5.141999999999999869e-03
8.000000000000000000e+00 1.500000000000000000e+01 4.000000000000000000e+00 0.000000000000000000e+00 1.600000000000000089e+00 -1.729999999999999984e-03 -6.634000000000000140e-03 9.999759999999999760e-01 2.867950000000000221e-01 -9.579739999999999922e-01 -5.858999999999999625e-03 9.579900000000000082e-01 2.867779999999999774e-01 3.559999999999999797e-03
1.200000000000000000e+01 1.500000000000000000e+01 4.000000000000000000e+00 0.000000000000000000e+00 1.600000000000000089e+00 -5.212999999999999752e-03 -3.491999999999999878e-03 9.999799999999999800e-01 2.887560000000000127e-01 -9.574009999999999465e-01 -1.838000000000000007e-03 9.573890000000000455e-01 2.887399999999999967e-01 5.998999999999999992e-03
1.800000000000000000e+01 1.500000000000000000e+01 4.000000000000000000e+00 0.000000000000000000e+00 1.600000000000000089e+00 -6.808999999999999948e-03 1.134699999999999945e-02 9.999120000000000230e-01 2.867700000000000249e-01 -9.579140000000000432e-01 1.282299999999999933e-02 9.579750000000000210e-01 2.868319999999999759e-01 3.268000000000000071e-03
4.000000000000000000e+00 1.010000000000000000e+02 7.000000000000000000e+00 0.000000000000000000e+00 1.600000000000000089e+00 -1.719999999999999958e-03 -1.521199999999999983e-02 9.998829999999999663e-01 8.863699999999999912e-01 4.628990000000000049e-01 8.566999999999999962e-03 -4.629750000000000254e-01 8.862799999999999567e-01 1.268799999999999963e-02
1.200000000000000000e+01 1.010000000000000000e+02 7.000000000000000000e+00 0.000000000000000000e+00 1.600000000000000089e+00 1.394000000000000057e-03 1.412199999999999914e-02 9.998989999999999823e-01 8.855480000000000018e-01 4.644820000000000060e-01 -7.793999999999999713e-03 -4.645449999999999857e-01 8.854699999999999793e-01 -1.185800000000000048e-02
2.400000000000000000e+01 1.010000000000000000e+02 7.000000000000000000e+00 0.000000000000000000e+00 1.600000000000000089e+00 2.696000000000000046e-03 -4.655000000000000283e-03 9.999860000000000415e-01 8.882569999999999633e-01 4.593470000000000053e-01 -2.559999999999999884e-04 -4.593389999999999973e-01 8.882449999999999513e-01 5.374000000000000304e-03
5.000000000000000000e+00 1.500000000000000000e+01 8.000000000000000000e+00 0.000000000000000000e+00 1.600000000000000089e+00 2.750000000000000166e-04 2.772000000000000158e-03 -9.999959999999999960e-01 -5.842570000000000263e-01 -8.115649999999999809e-01 -2.409999999999999816e-03 -8.115689999999999849e-01 5.842549999999999688e-01 1.397000000000000021e-03
1.200000000000000000e+01 1.500000000000000000e+01 8.000000000000000000e+00 0.000000000000000000e+00 1.600000000000000089e+00 1.472999999999999917e-03 -3.471999999999999826e-03 -9.999930000000000208e-01 -5.822920000000000318e-01 -8.129769999999999497e-01 1.965000000000000167e-03 -8.129779999999999784e-01 5.822850000000000525e-01 -3.219000000000000073e-03
1.800000000000000000e+01 1.500000000000000000e+01 8.000000000000000000e+00 0.000000000000000000e+00 1.600000000000000089e+00 1.012599999999999958e-02 9.494000000000000702e-03 -9.999040000000000150e-01 -5.783420000000000227e-01 -8.156809999999999894e-01 -1.360100000000000024e-02 -8.157320000000000126e-01 5.784240000000000492e-01 -2.769000000000000194e-03
2.300000000000000000e+01 1.500000000000000000e+01 8.000000000000000000e+00 0.000000000000000000e+00 1.600000000000000089e+00 1.138300000000000076e-02 2.249500000000000111e-02 -9.996819999999999595e-01 -5.751509999999999678e-01 -8.176670000000000327e-01 -2.494899999999999896e-02 -8.179680000000000284e-01 5.752519999999999856e-01 3.631000000000000113e-03
3.000000000000000000e+00 2.600000000000000000e+01 8.000000000000000000e+00 0.000000000000000000e+00 1.600000000000000089e+00 1.056000000000000081e-03 6.262000000000000205e-03 -9.999799999999999800e-01 4.043340000000000267e-01 9.145910000000000428e-01 6.153999999999999748e-03 9.146109999999999518e-01 -4.043320000000000247e-01 -1.565999999999999901e-03
7.000000000000000000e+00 2.600000000000000000e+01 8.000000000000000000e+00 0.000000000000000000e+00 1.600000000000000089e+00 1.348000000000000023e-03 3.519999999999999908e-04 -9.999989999999999712e-01 4.046640000000000237e-01 9.144649999999999723e-01 8.670000000000000406e-04 9.144640000000000546e-01 -4.046649999999999969e-01 1.090000000000000040e-03
2.900000000000000000e+01 2.600000000000000000e+01 8.000000000000000000e+00 0.000000000000000000e+00 1.600000000000000089e+00 -6.687000000000000235e-03 -1.768700000000000133e-02 -9.998209999999999598e-01 4.114289999999999892e-01 9.112460000000000004e-01 -1.887099999999999889e-02 9.114170000000000327e-01 -4.114820000000000144e-01 1.183000000000000024e-03
1.000000000000000000e+01 2.400000000000000000e+01 9.000000000000000000e+00 0.000000000000000000e+00 1.600000000000000089e+00 1.177000000000000095e-03 1.069000000000000072e-03 -9.999989999999999712e-01 4.580159999999999787e-01 8.889420000000000099e-01 1.490000000000000005e-03 8.889430000000000387e-01 -4.580179999999999807e-01 5.569999999999999864e-04
1.400000000000000000e+01 2.400000000000000000e+01 9.000000000000000000e+00 0.000000000000000000e+00 1.600000000000000089e+00 -1.853000000000000046e-03 -8.151999999999999524e-03 -9.999649999999999928e-01 4.583519999999999817e-01 8.887340000000000240e-01 -8.094000000000000500e-03 8.887690000000000312e-01 -4.583510000000000084e-01 2.089999999999999844e-03
2.300000000000000000e+01 2.400000000000000000e+01 9.000000000000000000e+00 0.000000000000000000e+00 1.600000000000000089e+00 -9.518999999999999684e-03 -2.484300000000000050e-02 -9.996460000000000345e-01 4.642319999999999780e-01 8.853199999999999958e-01 -2.642200000000000104e-02 8.856629999999999781e-01 -4.643189999999999817e-01 3.105999999999999820e-03
2.800000000000000000e+01 2.400000000000000000e+01 9.000000000000000000e+00 0.000000000000000000e+00 1.600000000000000089e+00 -7.494999999999999926e-03 -2.356300000000000061e-02 -9.996939999999999715e-01 4.656950000000000256e-01 8.846100000000000074e-01 -2.434199999999999905e-02 8.849129999999999496e-01 -4.657350000000000101e-01 4.342999999999999639e-03
2.000000000000000000e+00 3.100000000000000000e+01 1.200000000000000000e+01 0.000000000000000000e+00 1.600000000000000089e+00 3.647000000000000068e-03 5.501999999999999946e-03 9.999780000000000335e-01 9.679000000000000103e-03 9.999379999999999935e-01 -5.538000000000000388e-03 -9.999460000000000015e-01 9.698999999999999289e-03 3.592999999999999840e-03
1.800000000000000000e+01 3.100000000000000000e+01 1.200000000000000000e+01 0.000000000000000000e+00 1.600000000000000089e+00 -6.819999999999999890e-04 9.210000000000000521e-04 9.999989999999999712e-01 1.899599999999999900e-02 9.998190000000000133e-01 -9.079999999999999530e-04 -9.998190000000000133e-01 1.899500000000000147e-02 -6.989999999999999686e-04
2.800000000000000000e+01 3.100000000000000000e+01 1.200000000000000000e+01 0.000000000000000000e+00 1.600000000000000089e+00 9.990000000000001049e-04 1.810000000000000085e-04 9.999989999999999712e-01 9.072999999999999468e-03 9.999590000000000423e-01 -1.900000000000000105e-04 -9.999580000000000135e-01 9.072999999999999468e-03 9.970000000000000563e-04
9.000000000000000000e+00 1.200000000000000000e+01 1.500000000000000000e+01 0.000000000000000000e+00 1.600000000000000089e+00 -1.726000000000000104e-03 -1.877999999999999895e-03 -9.999970000000000248e-01 -4.674369999999999914e-01 -8.840230000000000032e-01 2.467000000000000009e-03 -8.840249999999999497e-01 4.674389999999999934e-01 6.480000000000000300e-04
1.300000000000000000e+01 1.200000000000000000e+01 1.500000000000000000e+01 0.000000000000000000e+00 1.600000000000000089e+00 1.309000000000000051e-03 3.782000000000000205e-03 -9.999919999999999920e-01 -4.657689999999999886e-01 -8.848970000000000447e-01 -3.956000000000000315e-03 -8.849050000000000527e-01 4.657709999999999906e-01 6.030000000000000204e-04
1.600000000000000000e+01 1.200000000000000000e+01 1.500000000000000000e+01 0.000000000000000000e+00 1.600000000000000089e+00 5.962000000000000285e-03 9.098000000000000184e-03 -9.999409999999999688e-01 -4.662529999999999730e-01 -8.845849999999999547e-01 -1.082800000000000082e-02 -8.846309999999999452e-01 4.662899999999999823e-01 -1.033000000000000064e-03
2.400000000000000000e+01 1.200000000000000000e+01 1.500000000000000000e+01 0.000000000000000000e+00 1.600000000000000089e+00 7.610999999999999710e-03 1.230499999999999997e-02 -9.998949999999999783e-01 -4.682410000000000183e-01 -8.834830000000000183e-01 -1.443599999999999918e-02 -8.835680000000000200e-01 4.683019999999999960e-01 -9.619999999999999645e-04
6.000000000000000000e+00 1.160000000000000000e+02 1.600000000000000000e+01 0.000000000000000000e+00 1.600000000000000089e+00 6.170000000000000354e-04 -1.450000000000000009e-04 1.000000000000000000e+00 6.820199999999999596e-01 7.313340000000000396e-01 -3.150000000000000131e-04 -7.313330000000000108e-01 6.820199999999999596e-01 5.500000000000000331e-04
1.700000000000000000e+01 1.160000000000000000e+02 1.600000000000000000e+01 0.000000000000000000e+00 1.600000000000000089e+00 8.260000000000000198e-04 2.566999999999999837e-03 9.999959999999999960e-01 7.019870000000000276e-01 7.121859999999999857e-01 -2.407999999999999984e-03 -7.121889999999999610e-01 7.019859999999999989e-01 -1.214000000000000018e-03
2.200000000000000000e+01 1.160000000000000000e+02 1.600000000000000000e+01 0.000000000000000000e+00 1.600000000000000089e+00 -2.249999999999999938e-04 -2.841000000000000209e-03 9.999959999999999960e-01 7.048750000000000293e-01 7.093279999999999585e-01 2.174000000000000151e-03 -7.093319999999999625e-01 7.048729999999999718e-01 1.843000000000000020e-03
4.000000000000000000e+00 2.000000000000000000e+00 1.900000000000000000e+01 0.000000000000000000e+00 1.600000000000000089e+00 1.327999999999999970e-03 4.220000000000000118e-04 -9.999989999999999712e-01 1.832110000000000127e-01 -9.830740000000000034e-01 -1.720000000000000066e-04 -9.830729999999999746e-01 -1.832100000000000117e-01 -1.382999999999999898e-03
1.000000000000000000e+01 2.000000000000000000e+00 1.900000000000000000e+01 0.000000000000000000e+00 1.600000000000000089e+00 -1.330999999999999935e-03 -1.242000000000000048e-03 -9.999980000000000535e-01 1.800599999999999978e-01 -9.836549999999999461e-01 9.820000000000000170e-04 -9.836549999999999461e-01 -1.800579999999999958e-01 1.533000000000000074e-03
1.500000000000000000e+01 2.000000000000000000e+00 1.900000000000000000e+01 0.000000000000000000e+00 1.600000000000000089e+00 -5.599999999999999509e-04 -1.689999999999999879e-04 -1.000000000000000000e+00 1.774969999999999881e-01 -9.841210000000000235e-01 6.700000000000000226e-05 -9.841210000000000235e-01 -1.774969999999999881e-01 5.810000000000000277e-04
2.500000000000000000e+01 2.000000000000000000e+00 1.900000000000000000e+01 0.000000000000000000e+00 1.600000000000000089e+00 -6.019999999999999961e-04 4.764000000000000005e-03 -9.999879999999999880e-01 1.721040000000000070e-01 -9.850670000000000259e-01 -4.797000000000000049e-03 -9.850790000000000379e-01 -1.721050000000000080e-01 -2.269999999999999882e-04
1.100000000000000000e+01 4.000000000000000000e+00 2.000000000000000000e+01 0.000000000000000000e+00 1.600000000000000089e+00 9.190000000000000035e-04 -4.462999999999999953e-03 -9.999900000000000455e-01 2.728700000000000014e-01 -9.620400000000000063e-01 4.545000000000000429e-03 -9.620509999999999895e-01 -2.728709999999999747e-01 3.339999999999999870e-04
1.700000000000000000e+01 4.000000000000000000e+00 2.000000000000000000e+01 0.000000000000000000e+00 1.600000000000000089e+00 -3.510000000000000099e-03 2.005999999999999971e-03 -9.999919999999999920e-01 2.746709999999999985e-01 -9.615339999999999998e-01 -2.893000000000000172e-03 -9.615320000000000533e-01 -2.746779999999999777e-01 2.824000000000000121e-03
2.100000000000000000e+01 4.000000000000000000e+00 2.000000000000000000e+01 0.000000000000000000e+00 1.600000000000000089e+00 -1.427000000000000100e-03 2.390000000000000197e-03 -9.999959999999999960e-01 2.781089999999999951e-01 -9.605460000000000109e-01 -2.691999999999999948e-03 -9.605479999999999574e-01 -2.781120000000000259e-01 7.060000000000000303e-04
2.500000000000000000e+01 4.000000000000000000e+00 2.000000000000000000e+01 0.000000000000000000e+00 1.600000000000000089e+00 -1.480999999999999895e-03 6.912999999999999874e-03 -9.999749999999999472e-01 2.715839999999999921e-01 -9.623890000000000500e-01 -7.054999999999999639e-03 -9.624139999999999917e-01 -2.715879999999999961e-01 -4.519999999999999821e-04
8.000000000000000000e+00 1.300000000000000000e+01 2.000000000000000000e+01 0.000000000000000000e+00 1.600000000000000089e+00 -2.079999999999999872e-04 7.021000000000000331e-03 9.999749999999999472e-01 2.599339999999999984e-01 9.656029999999999891e-01 -6.726000000000000208e-03 -9.656259999999999843e-01 2.599259999999999904e-01 -2.026000000000000023e-03
1.200000000000000000e+01 1.300000000000000000e+01 2.000000000000000000e+01 0.000000000000000000e+00 1.600000000000000089e+00 -7.150000000000000322e-04 2.664999999999999834e-03 9.999959999999999960e-01 2.579029999999999934e-01 9.661680000000000268e-01 -2.390999999999999896e-03 -9.661710000000000020e-01 2.579000000000000181e-01 -1.378000000000000102e-03
1.600000000000000000e+01 1.300000000000000000e+01 2.000000000000000000e+01 0.000000000000000000e+00 1.600000000000000089e+00 6.350000000000000392e-04 -3.350000000000000113e-03 9.999940000000000495e-01 2.579089999999999994e-01 9.661640000000000228e-01 3.072000000000000078e-03 -9.661689999999999445e-01 2.579060000000000241e-01 1.477000000000000014e-03
2.000000000000000000e+01 1.300000000000000000e+01 2.000000000000000000e+01 0.000000000000000000e+00 1.600000000000000089e+00 1.529999999999999893e-03 -7.643999999999999753e-03 9.999700000000000255e-01 2.589199999999999835e-01 9.658740000000000103e-01 6.987000000000000155e-03 -9.658980000000000343e-01 2.589009999999999923e-01 3.457000000000000003e-03
2.400000000000000000e+01 1.300000000000000000e+01 2.000000000000000000e+01 0.000000000000000000e+00 1.600000000000000089e+00 3.179999999999999776e-04 -1.016399999999999942e-02 9.999479999999999480e-01 2.582229999999999803e-01 9.660360000000000058e-01 9.737000000000000863e-03 -9.660849999999999715e-01 2.582059999999999911e-01 2.932000000000000144e-03
2.900000000000000000e+01 1.300000000000000000e+01 2.000000000000000000e+01 0.000000000000000000e+00 1.600000000000000089e+00 -1.939999999999999993e-04 3.742000000000000100e-03 9.999930000000000208e-01 2.581189999999999873e-01 9.661070000000000491e-01 -3.565000000000000027e-03 -9.661129999999999995e-01 2.581160000000000121e-01 -1.152999999999999945e-03
6.000000000000000000e+00 1.600000000000000000e+01 2.100000000000000000e+01 0.000000000000000000e+00 1.600000000000000089e+00 -1.222999999999999912e-03 7.870000000000000476e-04 9.999989999999999712e-01 2.980780000000000096e-01 9.545409999999999728e-01 -3.869999999999999742e-04 -9.545409999999999728e-01 2.980769999999999809e-01 -1.402000000000000034e-03
1.000000000000000000e+01 1.600000000000000000e+01 2.100000000000000000e+01 0.000000000000000000e+00 1.600000000000000089e+00 -1.771000000000000005e-03 3.083999999999999936e-03 9.999940000000000495e-01 2.955740000000000034e-01 9.553169999999999717e-01 -2.422000000000000108e-03 -9.553180000000000005e-01 2.955679999999999974e-01 -2.602999999999999845e-03
2.100000000000000000e+01 1.600000000000000000e+01 2.100000000000000000e+01 0.000000000000000000e+00 1.600000000000000089e+00 1.516999999999999902e-03 -3.850000000000000124e-03 9.999909999999999632e-01 2.954809999999999937e-01 9.553430000000000533e-01 3.229000000000000099e-03 -9.553469999999999462e-01 2.954729999999999857e-01 2.586999999999999890e-03
2.300000000000000000e+01 3.000000000000000000e+00 2.500000000000000000e+01 0.000000000000000000e+00 1.600000000000000089e+00 -4.812999999999999570e-03 8.132000000000000339e-03 9.999550000000000383e-01 -1.603999999999999870e-02 -9.998390000000000333e-01 8.054000000000000395e-03 9.998599999999999710e-01 -1.600100000000000133e-02 4.942000000000000212e-03
2.000000000000000000e+00 4.600000000000000000e+01 2.700000000000000000e+01 0.000000000000000000e+00 1.600000000000000089e+00 9.349999999999999587e-04 -2.004999999999999838e-03 -9.999970000000000248e-01 6.835250000000000492e-01 7.299269999999999925e-01 -8.239999999999999712e-04 7.299269999999999925e-01 -6.835219999999999629e-01 2.053000000000000137e-03
8.000000000000000000e+00 4.600000000000000000e+01 2.700000000000000000e+01 0.000000000000000000e+00 1.600000000000000089e+00 -1.392000000000000008e-03 -8.480000000000000124e-04 -9.999989999999999712e-01 6.829150000000000498e-01 7.304960000000000342e-01 -1.569999999999999998e-03 7.304960000000000342e-01 -6.829159999999999675e-01 -4.380000000000000213e-04
2.000000000000000000e+01 4.600000000000000000e+01 2.700000000000000000e+01 0.000000000000000000e+00 1.600000000000000089e+00 9.300000000000000541e-04 1.577999999999999976e-03 -9.999980000000000535e-01 6.812279999999999447e-01 7.320689999999999698e-01 1.789000000000000009e-03 7.320710000000000273e-01 -6.812279999999999447e-01 -3.939999999999999817e-04
2.600000000000000000e+01 4.600000000000000000e+01 2.700000000000000000e+01 0.000000000000000000e+00 1.600000000000000089e+00 9.359999999999999831e-04 -6.109999999999999980e-04 -9.999989999999999712e-01 6.840439999999999854e-01 7.294410000000000061e-01 1.939999999999999993e-04 7.294399999999999773e-01 -6.840439999999999854e-01 1.100000000000000066e-03
4.000000000000000000e+00 5.800000000000000000e+01 3.100000000000000000e+01 0.000000000000000000e+00 1.600000000000000089e+00 3.524999999999999922e-03 4.866999999999999799e-03 9.999820000000000375e-01 -8.007609999999999451e-01 -5.989569999999999617e-01 5.738000000000000045e-03 5.989740000000000064e-01 -8.007670000000000066e-01 1.786000000000000044e-03
1.100000000000000000e+01 5.800000000000000000e+01 3.100000000000000000e+01 0.000000000000000000e+00 1.600000000000000089e+00 -2.919999999999999961e-04 2.629999999999999959e-03 9.999970000000000248e-01 -8.013660000000000228e-01 -5.981729999999999547e-01 1.338999999999999913e-03 5.981750000000000123e-01 -8.013620000000000188e-01 2.282999999999999873e-03
1.900000000000000000e+01 5.800000000000000000e+01 3.100000000000000000e+01 0.000000000000000000e+00 1.600000000000000089e+00 2.416999999999999878e-03 7.863000000000000198e-03 9.999660000000000215e-01 -8.014740000000000197e-01 -5.979919999999999680e-01 6.640000000000000069e-03 5.980240000000000000e-01 -8.014630000000000365e-01 4.856000000000000073e-03
2.700000000000000000e+01 5.800000000000000000e+01 3.100000000000000000e+01 0.000000000000000000e+00 1.600000000000000089e+00 8.090000000000000403e-04 -1.574000000000000095e-03 9.999980000000000535e-01 -7.997739999999999849e-01 -6.003020000000000023e-01 -2.979999999999999793e-04 6.003009999999999735e-01 -7.997720000000000384e-01 -1.744000000000000107e-03
1.000000000000000000e+00 4.600000000000000000e+01 3.500000000000000000e+01 0.000000000000000000e+00 1.600000000000000089e+00 1.340000000000000045e-03 1.518999999999999951e-03 -9.999980000000000535e-01 3.866220000000000212e-01 -9.222380000000000022e-01 -8.829999999999999958e-04 -9.222380000000000022e-01 -3.866200000000000192e-01 -1.824000000000000100e-03
5.000000000000000000e+00 4.600000000000000000e+01 3.500000000000000000e+01 0.000000000000000000e+00 1.600000000000000089e+00 1.577000000000000060e-03 3.409999999999999837e-03 -9.999930000000000208e-01 3.859609999999999985e-01 -9.225119999999999987e-01 -2.537000000000000192e-03 -9.225139999999999452e-01 -3.859540000000000193e-01 -2.771000000000000026e-03
1.400000000000000000e+01 4.600000000000000000e+01 3.500000000000000000e+01 0.000000000000000000e+00 1.600000000000000089e+00 -9.870000000000000301e-04 1.118999999999999986e-03 -9.999989999999999712e-01 3.844509999999999872e-01 -9.231439999999999646e-01 -1.412000000000000061e-03 -9.231449999999999934e-01 -3.844520000000000159e-01 4.809999999999999823e-04
2.300000000000000000e+01 4.600000000000000000e+01 3.500000000000000000e+01 0.000000000000000000e+00 1.600000000000000089e+00 -4.380000000000000213e-04 -5.130000000000000011e-04 -1.000000000000000000e+00 3.866140000000000132e-01 -9.222409999999999775e-01 3.040000000000000167e-04 -9.222409999999999775e-01 -3.866140000000000132e-01 6.019999999999999961e-04
2.600000000000000000e+01 4.600000000000000000e+01 3.500000000000000000e+01 0.000000000000000000e+00 1.600000000000000089e+00 -6.179999999999999513e-04 1.673999999999999924e-03 -9.999980000000000535e-01 3.855549999999999811e-01 -9.226830000000000309e-01 -1.783000000000000080e-03 -9.226849999999999774e-01 -3.855549999999999811e-01 -7.499999999999999343e-05
1.100000000000000000e+01 9.500000000000000000e+01 3.600000000000000000e+01 0.000000000000000000e+00 1.600000000000000089e+00 -8.533999999999999919e-03 -2.270600000000000049e-02 9.997059999999999835e-01 9.971569999999999601e-01 7.465099999999999514e-02 1.020800000000000006e-02 -7.486099999999999699e-02 9.969510000000000316e-01 2.200399999999999925e-02
1.800000000000000000e+01 9.500000000000000000e+01 3.600000000000000000e+01 0.000000000000000000e+00 1.600000000000000089e+00 -9.280000000000000054e-04 9.476999999999999313e-03 9.999550000000000383e-01 9.971360000000000223e-01 7.563000000000000278e-02 2.079999999999999872e-04 -7.562499999999999778e-02 9.970909999999999496e-01 -9.520000000000000684e-03
2.400000000000000000e+01 9.500000000000000000e+01 3.600000000000000000e+01 0.000000000000000000e+00 1.600000000000000089e+00 5.458000000000000178e-03 -1.543199999999999954e-02 9.998660000000000325e-01 9.975589999999999735e-01 6.969899999999999707e-02 -4.369999999999999753e-03 -6.962200000000000333e-02 9.974490000000000300e-01 1.577500000000000083e-02
1.100000000000000000e+01 2.900000000000000000e+01 4.400000000000000000e+01 0.000000000000000000e+00 1.600000000000000089e+00 -3.154999999999999818e-03 -1.270999999999999994e-03 -9.999940000000000495e-01 6.698039999999999550e-01 7.425310000000000521e-01 -3.056999999999999822e-03 7.425310000000000521e-01 -6.698100000000000165e-01 -1.490999999999999921e-03
1.700000000000000000e+01 2.900000000000000000e+01 4.400000000000000000e+01 0.000000000000000000e+00 1.600000000000000089e+00 -2.083999999999999915e-03 8.509999999999999769e-04 -9.999970000000000248e-01 6.668509999999999716e-01 7.451910000000000478e-01 -7.560000000000000530e-04 7.451879999999999615e-01 -6.668509999999999716e-01 -2.119999999999999923e-03
2.100000000000000000e+01 2.900000000000000000e+01 4.400000000000000000e+01 0.000000000000000000e+00 1.600000000000000089e+00 -1.423999999999999919e-03 2.550999999999999882e-03 -9.999959999999999960e-01 6.654660000000000020e-01 7.464269999999999516e-01 9.569999999999999514e-04 7.464260000000000339e-01 -6.654619999999999980e-01 -2.760999999999999999e-03
2.700000000000000000e+01 2.900000000000000000e+01 4.400000000000000000e+01 0.000000000000000000e+00 1.600000000000000089e+00 -6.028999999999999637e-03 -1.729999999999999984e-03 -9.999799999999999800e-01 6.437680000000000069e-01 7.652029999999999665e-01 -5.205000000000000425e-03 7.651970000000000161e-01 -6.437869999999999981e-01 -3.500000000000000073e-03
6.000000000000000000e+00 5.400000000000000000e+01 4.600000000000000000e+01 0.000000000000000000e+00 1.600000000000000089e+00 -2.790000000000000054e-04 8.467999999999999833e-03 9.999639999999999640e-01 3.416370000000000240e-01 -9.397969999999999935e-01 8.054000000000000395e-03 9.398320000000000007e-01 3.416270000000000140e-01 -2.631000000000000092e-03
8.000000000000000000e+00 6.500000000000000000e+01 4.600000000000000000e+01 0.000000000000000000e+00 1.600000000000000089e+00 -2.550000000000000183e-03 1.899999999999999996e-03 9.999949999999999672e-01 6.816419999999999702e-01 -7.316799999999999971e-01 3.128999999999999837e-03 7.316820000000000546e-01 6.816459999999999742e-01 5.699999999999999772e-04
9.000000000000000000e+00 7.000000000000000000e+00 5.200000000000000000e+01 0.000000000000000000e+00 1.600000000000000089e+00 -1.884999999999999957e-03 -2.403999999999999887e-03 -9.999949999999999672e-01 8.436899999999999955e-02 -9.964319999999999844e-01 2.236000000000000140e-03 -9.964330000000000132e-01 -8.436399999999999455e-02 2.082000000000000083e-03
8.000000000000000000e+00 1.500000000000000000e+01 5.300000000000000000e+01 0.000000000000000000e+00 1.600000000000000089e+00 3.280000000000000038e-04 1.010999999999999963e-03 -9.999989999999999712e-01 6.792599999999999749e-01 7.338970000000000216e-01 9.650000000000000374e-04 7.338980000000000503e-01 -6.792599999999999749e-01 -4.459999999999999989e-04
2.200000000000000000e+01 1.500000000000000000e+01 5.300000000000000000e+01 0.000000000000000000e+00 1.600000000000000089e+00 1.167000000000000069e-03 8.299999999999999815e-05 -9.999989999999999712e-01 6.774360000000000381e-01 7.355810000000000404e-01 8.520000000000000013e-04 7.355810000000000404e-01 -6.774360000000000381e-01 8.030000000000000028e-04
3.000000000000000000e+00 6.300000000000000000e+01 5.400000000000000000e+01 0.000000000000000000e+00 1.600000000000000089e+00 -7.789999999999999616e-04 -2.912000000000000092e-03 9.999949999999999672e-01 -3.540530000000000066e-01 9.352219999999999978e-01 2.446999999999999956e-03 -9.352249999999999730e-01 -3.540490000000000026e-01 -1.760000000000000063e-03
7.000000000000000000e+00 6.300000000000000000e+01 5.400000000000000000e+01 0.000000000000000000e+00 1.600000000000000089e+00 8.769999999999999584e-04 -1.373000000000000088e-03 9.999989999999999712e-01 -3.499619999999999953e-01 9.367619999999999836e-01 1.593000000000000015e-03 -9.367630000000000123e-01 -3.499630000000000241e-01 3.409999999999999945e-04
1.200000000000000000e+01 6.300000000000000000e+01 5.400000000000000000e+01 0.000000000000000000e+00 1.600000000000000089e+00 2.500000000000000120e-05 -7.799999999999999859e-04 1.000000000000000000e+00 -3.511130000000000084e-01 9.363329999999999709e-01 7.389999999999999651e-04 -9.363329999999999709e-01 -3.511130000000000084e-01 -2.509999999999999753e-04
1.600000000000000000e+01 6.300000000000000000e+01 5.400000000000000000e+01 0.000000000000000000e+00 1.600000000000000089e+00 3.009999999999999980e-04 -1.949999999999999965e-04 1.000000000000000000e+00 -3.498939999999999828e-01 9.367889999999999828e-01 2.880000000000000073e-04 -9.367889999999999828e-01 -3.498939999999999828e-01 2.139999999999999975e-04
1.800000000000000000e+01 6.300000000000000000e+01 5.400000000000000000e+01 0.000000000000000000e+00 1.600000000000000089e+00 7.529999999999999801e-04 1.210000000000000002e-04 1.000000000000000000e+00 -3.495969999999999911e-01 9.368999999999999551e-01 1.489999999999999897e-04 -9.368999999999999551e-01 -3.495969999999999911e-01 7.479999999999999670e-04
2.200000000000000000e+01 6.300000000000000000e+01 5.400000000000000000e+01 0.000000000000000000e+00 1.600000000000000089e+00 -5.029999999999999749e-04 4.550000000000000008e-04 1.000000000000000000e+00 -3.487979999999999969e-01 9.371979999999999755e-01 -6.019999999999999961e-04 -9.371979999999999755e-01 -3.487979999999999969e-01 -3.130000000000000187e-04
2.000000000000000000e+00 2.500000000000000000e+01 5.500000000000000000e+01 0.000000000000000000e+00 1.600000000000000089e+00 7.739999999999999485e-04 2.979999999999999793e-04 -1.000000000000000000e+00 -1.148799999999999995e-02 -9.999339999999999895e-01 -3.060000000000000111e-04 -9.999339999999999895e-01 1.148799999999999995e-02 -7.699999999999999597e-04
9.000000000000000000e+00 2.500000000000000000e+01 5.500000000000000000e+01 0.000000000000000000e+00 1.600000000000000089e+00 -1.900000000000000105e-04 -1.100000000000000066e-03 -9.999989999999999712e-01 -1.248999999999999937e-02 -9.999209999999999487e-01 1.101999999999999898e-03 -9.999219999999999775e-01 1.249100000000000037e-02 1.759999999999999954e-04
1.400000000000000000e+01 2.500000000000000000e+01 5.500000000000000000e+01 0.000000000000000000e+00 1.600000000000000089e+00 -9.420000000000000205e-04 -2.083000000000000216e-03 -9.999970000000000248e-01 -1.111900000000000041e-02 -9.999360000000000470e-01 2.092999999999999809e-03 -9.999379999999999935e-01 1.112100000000000068e-02 9.190000000000000035e-04
1.800000000000000000e+01 2.500000000000000000e+01 5.500000000000000000e+01 0.000000000000000000e+00 1.600000000000000089e+00 7.420000000000000380e-04 4.299999999999999894e-04 -1.000000000000000000e+00 -1.127399999999999930e-02 -9.999360000000000470e-01 -4.380000000000000213e-04 -9.999360000000000470e-01 1.127399999999999930e-02 -7.370000000000000249e-04
2.000000000000000000e+01 2.500000000000000000e+01 5.500000000000000000e+01 0.000000000000000000e+00 1.600000000000000089e+00 1.196999999999999930e-03 2.978000000000000178e-03 -9.999949999999999672e-01 -1.139899999999999941e-02 -9.999310000000000143e-01 -2.991000000000000169e-03 -9.999339999999999895e-01 1.140299999999999994e-02 -1.162999999999999971e-03
1.900000000000000000e+01 5.800000000000000000e+01 5.900000000000000000e+01 0.000000000000000000e+00 1.600000000000000089e+00 -4.341000000000000240e-03 5.394000000000000357e-03 -9.999759999999999760e-01 3.868610000000000104e-01 9.221319999999999517e-01 3.295000000000000186e-03 9.221279999999999477e-01 -3.868369999999999864e-01 -6.088999999999999795e-03
3.000000000000000000e+01 5.800000000000000000e+01 5.900000000000000000e+01 0.000000000000000000e+00 1.600000000000000089e+00 2.829999999999999942e-04 6.170000000000000137e-03 -9.999810000000000088e-01 3.759299999999999864e-01 9.266299999999999537e-01 5.823000000000000051e-03 9.266480000000000272e-01 -3.759239999999999804e-01 -2.056999999999999801e-03
2.600000000000000000e+01 3.000000000000000000e+00 6.300000000000000000e+01 0.000000000000000000e+00 1.600000000000000089e+00 3.079999999999999839e-03 -7.135999999999999982e-03 9.999700000000000255e-01 -6.159299999999999775e-01 7.877650000000000485e-01 7.518999999999999642e-03 -7.877950000000000230e-01 -6.159350000000000103e-01 -1.968999999999999830e-03
2.900000000000000000e+01 3.000000000000000000e+00 6.300000000000000000e+01 0.000000000000000000e+00 1.600000000000000089e+00 -1.147999999999999932e-03 -5.590000000000000351e-03 9.999839999999999840e-01 -6.163070000000000492e-01 7.874970000000000026e-01 3.694999999999999934e-03 -7.875050000000000106e-01 -6.162929999999999797e-01 -4.348999999999999568e-03
2.000000000000000000e+00 2.700000000000000000e+01 6.300000000000000000e+01 0.000000000000000000e+00 1.600000000000000089e+00 3.713999999999999854e-03 3.941000000000000059e-03 9.999850000000000128e-01 -2.798510000000000164e-01 9.600389999999999757e-01 -2.743999999999999911e-03 -9.600360000000000005e-01 -2.798370000000000024e-01 4.669000000000000407e-03
6.000000000000000000e+00 2.700000000000000000e+01 6.300000000000000000e+01 0.000000000000000000e+00 1.600000000000000089e+00 2.590999999999999987e-03 8.430999999999999259e-03 9.999609999999999888e-01 -2.738470000000000071e-01 9.617449999999999610e-01 -7.400000000000000328e-03 -9.617700000000000138e-01 -2.738180000000000058e-01 4.800999999999999712e-03
1.400000000000000000e+01 2.700000000000000000e+01 6.300000000000000000e+01 0.000000000000000000e+00 1.600000000000000089e+00 -1.693999999999999976e-03 -5.928000000000000110e-03 9.999810000000000088e-01 -2.775340000000000029e-01 9.607019999999999449e-01 5.224999999999999610e-03 -9.607139999999999569e-01 -2.775199999999999889e-01 -3.272999999999999868e-03
1.800000000000000000e+01 2.700000000000000000e+01 6.300000000000000000e+01 0.000000000000000000e+00 1.600000000000000089e+00 7.100000000000000462e-05 -9.145999999999999616e-03 9.999580000000000135e-01 -2.796580000000000177e-01 9.600589999999999957e-01 8.800999999999999795e-03 -9.600999999999999535e-01 -2.796469999999999789e-01 -2.490000000000000026e-03
2.600000000000000000e+01 2.700000000000000000e+01 6.300000000000000000e+01 0.000000000000000000e+00 1.600000000000000089e+00 1.949999999999999965e-04 8.249999999999999955e-04 1.000000000000000000e+00 -2.826930000000000276e-01 9.592100000000000071e-01 -7.370000000000000249e-04 -9.592110000000000358e-01 -2.826930000000000276e-01 4.200000000000000174e-04
2.000000000000000000e+00 2.600000000000000000e+01 6.400000000000000000e+01 0.000000000000000000e+00 1.600000000000000089e+00 3.141000000000000129e-03 4.054000000000000312e-03 9.999869999999999592e-01 -3.611039999999999806e-01 9.325219999999999620e-01 -2.645999999999999915e-03 -9.325200000000000156e-01 -3.610909999999999953e-01 4.392000000000000071e-03
9.000000000000000000e+00 2.600000000000000000e+01 6.400000000000000000e+01 0.000000000000000000e+00 1.600000000000000089e+00 -3.108000000000000086e-03 7.511000000000000315e-03 9.999670000000000503e-01 -3.505610000000000115e-01 9.365050000000000319e-01 -8.123999999999999277e-03 -9.365350000000000064e-01 -3.505739999999999967e-01 -2.779999999999999811e-04
1.400000000000000000e+01 2.600000000000000000e+01 6.400000000000000000e+01 0.000000000000000000e+00 1.600000000000000089e+00 -8.840000000000000201e-04 -5.956999999999999622e-03 9.999820000000000375e-01 -3.590119999999999978e-01 9.333179999999999810e-01 5.242000000000000132e-03 -9.333329999999999682e-01 -3.589999999999999858e-01 -2.964000000000000055e-03
1.800000000000000000e+01 2.600000000000000000e+01 6.400000000000000000e+01 0.000000000000000000e+00 1.600000000000000089e+00 1.141000000000000087e-03 -8.845000000000000431e-03 9.999599999999999600e-01 -3.601239999999999997e-01 9.328640000000000265e-01 8.661999999999999561e-03 -9.329039999999999555e-01 -3.601190000000000224e-01 -2.121000000000000055e-03
2.300000000000000000e+01 2.600000000000000000e+01 6.400000000000000000e+01 0.000000000000000000e+00 1.600000000000000089e+00 4.009999999999999893e-04 1.747000000000000072e-03 9.999980000000000535e-01 -3.627070000000000016e-01 9.319020000000000081e-01 -1.482000000000000027e-03 -9.319030000000000369e-01 -3.627059999999999729e-01 1.007999999999999998e-03
2.800000000000000000e+01 2.600000000000000000e+01 6.400000000000000000e+01 0.000000000000000000e+00 1.600000000000000089e+00 -8.500000000000000611e-05 -7.190000000000000210e-04 1.000000000000000000e+00 -3.634399999999999853e-01 9.316170000000000284e-01 6.390000000000000280e-04 -9.316179999999999461e-01 -3.634399999999999853e-01 -3.400000000000000244e-04
3.000000000000000000e+00 2.500000000000000000e+01 7.300000000000000000e+01 0.000000000000000000e+00 1.600000000000000089e+00 -2.300000000000000002e-05 -3.226000000000000135e-03 9.999949999999999672e-01 7.499130000000000518e-01 -6.615330000000000377e-01 -2.116999999999999958e-03 6.615360000000000129e-01 7.499090000000000478e-01 2.435000000000000098e-03
7.000000000000000000e+00 2.500000000000000000e+01 7.300000000000000000e+01 0.000000000000000000e+00 1.600000000000000089e+00 3.860000000000000041e-04 -1.278000000000000056e-03 9.999989999999999712e-01 7.483330000000000259e-01 -6.633229999999999960e-01 -1.136999999999999990e-03 6.633240000000000247e-01 7.483319999999999972e-01 6.999999999999999929e-04
1.600000000000000000e+01 2.500000000000000000e+01 7.300000000000000000e+01 0.000000000000000000e+00 1.600000000000000089e+00 1.332000000000000068e-03 2.265000000000000086e-03 9.999970000000000248e-01 7.564570000000000460e-01 -6.540430000000000410e-01 4.739999999999999747e-04 6.540420000000000122e-01 7.564539999999999598e-01 -2.585000000000000058e-03
2.100000000000000000e+01 2.500000000000000000e+01 7.300000000000000000e+01 0.000000000000000000e+00 1.600000000000000089e+00 -1.570999999999999914e-03 -3.250999999999999984e-03 9.999930000000000208e-01 7.560700000000000198e-01 -6.544900000000000162e-01 -9.399999999999999719e-04 6.544889999999999874e-01 7.560639999999999583e-01 3.485999999999999949e-03
2.700000000000000000e+01 2.500000000000000000e+01 7.300000000000000000e+01 0.000000000000000000e+00 1.600000000000000089e+00 1.039999999999999936e-04 4.479999999999999933e-04 1.000000000000000000e+00 7.546659999999999480e-01 -6.561090000000000533e-01 2.149999999999999947e-04 6.561090000000000533e-01 7.546659999999999480e-01 -4.060000000000000024e-04
2.000000000000000000e+00 4.400000000000000000e+01 7.300000000000000000e+01 0.000000000000000000e+00 1.600000000000000089e+00 -2.590000000000000071e-04 1.420000000000000092e-04 1.000000000000000000e+00 5.119599999999999845e-02 -9.986890000000000489e-01 1.550000000000000000e-04 9.986890000000000489e-01 5.119599999999999845e-02 2.519999999999999996e-04
8.000000000000000000e+00 4.400000000000000000e+01 7.300000000000000000e+01 0.000000000000000000e+00 1.600000000000000089e+00 4.139999999999999800e-04 -2.083999999999999915e-03 9.999980000000000535e-01 4.785600000000000270e-02 -9.988519999999999621e-01 -2.102000000000000136e-03 9.988540000000000196e-01 4.785699999999999676e-02 -3.139999999999999888e-04
1.800000000000000000e+01 4.400000000000000000e+01 7.300000000000000000e+01 0.000000000000000000e+00 1.600000000000000089e+00 -1.779999999999999898e-04 -2.344999999999999862e-03 9.999970000000000248e-01 4.848800000000000332e-02 -9.988209999999999589e-01 -2.333000000000000004e-03 9.988240000000000451e-01 4.848700000000000232e-02 2.910000000000000260e-04
2.400000000000000000e+01 4.400000000000000000e+01 7.300000000000000000e+01 0.000000000000000000e+00 1.600000000000000089e+00 5.429999999999999714e-04 2.125999999999999852e-03 9.999980000000000535e-01 5.022599999999999981e-02 -9.987359999999999571e-01 2.096000000000000207e-03 9.987380000000000146e-01 5.022499999999999881e-02 -6.489999999999999459e-04
2.800000000000000000e+01 4.400000000000000000e+01 7.300000000000000000e+01 0.000000000000000000e+00 1.600000000000000089e+00 7.420000000000000380e-04 -1.887999999999999921e-03 9.999980000000000535e-01 5.200699999999999767e-02 -9.986450000000000049e-01 -1.923999999999999929e-03 9.986460000000000337e-01 5.200799999999999867e-02 -6.430000000000000169e-04
4.000000000000000000e+00 5.100000000000000000e+01 7.600000000000000000e+01 0.000000000000000000e+00 1.600000000000000089e+00 -3.899999999999999929e-05 -2.010000000000000068e-04 -1.000000000000000000e+00 -4.139979999999999771e-01 -9.102780000000000316e-01 1.990000000000000124e-04 -9.102780000000000316e-01 4.139979999999999771e-01 -4.699999999999999724e-05
9.000000000000000000e+00 5.100000000000000000e+01 7.600000000000000000e+01 0.000000000000000000e+00 1.600000000000000089e+00 -6.890000000000000508e-04 4.605999999999999851e-03 -9.999890000000000168e-01 -4.139820000000000166e-01 -9.102770000000000028e-01 -3.906999999999999883e-03 -9.102850000000000108e-01 4.139749999999999819e-01 2.533999999999999794e-03
1.000000000000000000e+00 9.100000000000000000e+01 7.600000000000000000e+01 0.000000000000000000e+00 1.600000000000000089e+00 -1.722000000000000006e-03 -1.399999999999999986e-03 9.999980000000000535e-01 3.215740000000000265e-01 -9.468839999999999479e-01 -7.720000000000000083e-04 9.468830000000000302e-01 3.215720000000000245e-01 2.080999999999999951e-03
8.000000000000000000e+00 9.100000000000000000e+01 7.600000000000000000e+01 0.000000000000000000e+00 1.600000000000000089e+00 4.199999999999999768e-05 1.247000000000000062e-03 9.999989999999999712e-01 3.164699999999999736e-01 -9.486019999999999452e-01 1.168999999999999900e-03 9.486019999999999452e-01 3.164699999999999736e-01 -4.339999999999999782e-04
1.400000000000000000e+01 9.100000000000000000e+01 7.600000000000000000e+01 0.000000000000000000e+00 1.600000000000000089e+00 5.810000000000000277e-04 3.490000000000000263e-04 1.000000000000000000e+00 3.159179999999999766e-01 -9.487870000000000470e-01 1.479999999999999925e-04 9.487860000000000182e-01 3.159170000000000034e-01 -6.620000000000000450e-04
