8.000000000000000000e+00 1.500000000000000000e+01 4.000000000000000000e+00 0.000000000000000000e+00 1.600000000000000089e+00 2.207000000000000194e-03 9.296000000000000443e-03 9.999540000000000095e-01 3.183579999999999743e-01 -9.479360000000000008e-01 8.108999999999999889e-03 9.479680000000000328e-01 3.183250000000000246e-01 -5.052000000000000067e-03
2.100000000000000000e+01 1.500000000000000000e+01 4.000000000000000000e+00 0.000000000000000000e+00 1.600000000000000089e+00 1.427000000000000100e-03 3.899999999999999821e-03 9.999909999999999632e-01 3.195029999999999815e-01 -9.475799999999999779e-01 3.239000000000000126e-03 9.475839999999999819e-01 3.194960000000000022e-01 -2.598000000000000049e-03
2.600000000000000000e+01 1.500000000000000000e+01 4.000000000000000000e+00 0.000000000000000000e+00 1.600000000000000089e+00 2.445999999999999824e-03 6.501999999999999967e-03 9.999759999999999760e-01 3.241789999999999949e-01 -9.459809999999999608e-01 5.357999999999999916e-03 9.459929999999999728e-01 3.241580000000000017e-01 -4.421999999999999716e-03
6.000000000000000000e+00 7.400000000000000000e+01 4.000000000000000000e+00 0.000000000000000000e+00 1.600000000000000089e+00 -8.812269999999999825e-01 -3.778179999999999872e-01 2.840630000000000099e-01 -3.989599999999999813e-01 9.167859999999999898e-01 -1.829400000000000123e-02 -2.535129999999999884e-01 -1.294510000000000105e-01 -9.586310000000000109e-01
1.000000000000000000e+00 1.010000000000000000e+02 7.000000000000000000e+00 0.000000000000000000e+00 1.600000000000000089e+00 -1.714000000000000029e-03 -2.114200000000000107e-02 9.997749999999999693e-01 8.824070000000000524e-01 4.703479999999999883e-01 1.145900000000000044e-02 -4.704840000000000133e-01 8.822280000000000122e-01 1.785000000000000128e-02
8.000000000000000000e+00 1.010000000000000000e+02 7.000000000000000000e+00 0.000000000000000000e+00 1.600000000000000089e+00 2.822999999999999989e-03 -3.851999999999999869e-02 9.992539999999999756e-01 8.846960000000000379e-01 4.659130000000000216e-01 1.546100000000000078e-02 -4.661600000000000188e-01 8.839920000000000000e-01 3.539400000000000185e-02
1.300000000000000000e+01 1.010000000000000000e+02 7.000000000000000000e+00 0.000000000000000000e+00 1.600000000000000089e+00 5.000000000000000240e-05 -2.982699999999999935e-02 9.995549999999999713e-01 8.853799999999999448e-01 4.646629999999999927e-01 1.382199999999999922e-02 -4.648689999999999767e-01 8.849850000000000216e-01 2.643200000000000063e-02
4.000000000000000000e+00 2.500000000000000000e+01 8.000000000000000000e+00 0.000000000000000000e+00 1.600000000000000089e+00 -2.314999999999999784e-03 -8.234000000000000000e-03 -9.999630000000000463e-01 4.492650000000000254e-01 8.933590000000000142e-01 -8.396000000000000685e-03 8.933959999999999679e-01 -4.492680000000000007e-01 1.631000000000000071e-03
1.200000000000000000e+01 2.500000000000000000e+01 8.000000000000000000e+00 0.000000000000000000e+00 1.600000000000000089e+00 -2.700000000000000035e-04 -2.364000000000000216e-03 -9.999970000000000248e-01 4.533980000000000232e-01 8.913060000000000427e-01 -2.229000000000000078e-03 8.913079999999999892e-01 -4.533969999999999945e-01 8.310000000000000329e-04
1.800000000000000000e+01 2.500000000000000000e+01 8.000000000000000000e+00 0.000000000000000000e+00 1.600000000000000089e+00 -7.360000000000000006e-04 9.300000000000000541e-04 -9.999989999999999712e-01 4.523229999999999751e-01 8.918540000000000356e-01 4.970000000000000459e-04 8.918540000000000356e-01 -4.523220000000000018e-01 -1.077000000000000049e-03
2.300000000000000000e+01 2.500000000000000000e+01 8.000000000000000000e+00 0.000000000000000000e+00 1.600000000000000089e+00 -1.312999999999999931e-03 -1.374000000000000004e-03 -9.999980000000000535e-01 4.536180000000000212e-01 8.911949999999999594e-01 -1.820999999999999919e-03 8.911949999999999594e-01 -4.536189999999999944e-01 -5.469999999999999602e-04
5.000000000000000000e+00 2.400000000000000000e+01 9.000000000000000000e+00 0.000000000000000000e+00 1.600000000000000089e+00 -2.033000000000000085e-03 -1.096300000000000052e-02 -9.999379999999999935e-01 4.515750000000000042e-01 8.921689999999999898e-01 -1.069999999999999944e-02 8.922309999999999963e-01 -4.515680000000000249e-01 3.137000000000000031e-03
9.000000000000000000e+00 2.400000000000000000e+01 9.000000000000000000e+00 0.000000000000000000e+00 1.600000000000000089e+00 -1.459000000000000010e-03 -8.113999999999999685e-03 -9.999660000000000215e-01 4.546850000000000058e-01 8.906180000000000208e-01 -7.891000000000000444e-03 8.906509999999999705e-01 -4.546810000000000018e-01 2.390000000000000197e-03
1.200000000000000000e+01 2.400000000000000000e+01 9.000000000000000000e+00 0.000000000000000000e+00 1.600000000000000089e+00 -1.659999999999999963e-04 -1.876999999999999979e-03 -9.999980000000000535e-01 4.562700000000000089e-01 8.898399999999999643e-01 -1.745999999999999939e-03 8.898409999999999931e-01 -4.562700000000000089e-01 7.089999999999999948e-04
2.300000000000000000e+01 2.400000000000000000e+01 9.000000000000000000e+00 0.000000000000000000e+00 1.600000000000000089e+00 -1.271999999999999910e-03 -2.271000000000000015e-03 -9.999970000000000248e-01 4.554469999999999907e-01 8.902590000000000225e-01 -2.601000000000000013e-03 8.902619999999999978e-01 -4.554489999999999927e-01 -9.799999999999999684e-05
2.900000000000000000e+01 2.400000000000000000e+01 9.000000000000000000e+00 0.000000000000000000e+00 1.600000000000000089e+00 -1.539000000000000003e-03 4.588000000000000064e-03 -9.999879999999999880e-01 4.538780000000000037e-01 8.910569999999999879e-01 3.389000000000000085e-03 8.910620000000000207e-01 -4.538679999999999937e-01 -3.454000000000000039e-03
3.000000000000000000e+00 3.100000000000000000e+01 1.200000000000000000e+01 0.000000000000000000e+00 1.600000000000000089e+00 8.480000000000000124e-04 -3.070999999999999945e-03 9.999949999999999672e-01 -1.361399999999999937e-02 9.999029999999999863e-01 3.082999999999999803e-03 -9.999069999999999903e-01 -1.361700000000000063e-02 8.059999999999999673e-04
1.900000000000000000e+01 3.100000000000000000e+01 1.200000000000000000e+01 0.000000000000000000e+00 1.600000000000000089e+00 -4.500000000000000283e-05 -2.789999999999999945e-03 9.999959999999999960e-01 -1.629699999999999899e-02 9.998629999999999463e-01 2.788999999999999813e-03 -9.998669999999999503e-01 -1.629699999999999899e-02 -9.000000000000000567e-05
1.000000000000000000e+00 3.500000000000000000e+01 1.200000000000000000e+01 0.000000000000000000e+00 1.600000000000000089e+00 4.399999999999999886e-05 -1.998999999999999909e-03 -9.999980000000000535e-01 4.839499999999999913e-01 -8.750940000000000385e-01 1.771000000000000005e-03 -8.750959999999999850e-01 -4.839490000000000181e-01 9.290000000000000297e-04
7.000000000000000000e+00 3.500000000000000000e+01 1.200000000000000000e+01 0.000000000000000000e+00 1.600000000000000089e+00 1.814000000000000074e-03 -2.745000000000000044e-03 -9.999949999999999672e-01 4.799229999999999885e-01 -8.773039999999999727e-01 3.278999999999999797e-03 -8.773090000000000055e-01 -4.799260000000000193e-01 -2.739999999999999923e-04
1.100000000000000000e+01 3.500000000000000000e+01 1.200000000000000000e+01 0.000000000000000000e+00 1.600000000000000089e+00 1.543000000000000101e-03 -8.073000000000000315e-03 -9.999660000000000215e-01 4.710489999999999955e-01 -8.820719999999999672e-01 7.848000000000000809e-03 -8.821059999999999457e-01 -4.710449999999999915e-01 2.442000000000000160e-03
1.400000000000000000e+01 3.500000000000000000e+01 1.200000000000000000e+01 0.000000000000000000e+00 1.600000000000000089e+00 2.900000000000000017e-04 -5.680000000000000153e-03 -9.999839999999999840e-01 4.652470000000000216e-01 -8.851660000000000084e-01 5.163000000000000055e-03 -8.851809999999999956e-01 -4.652410000000000156e-01 2.386000000000000100e-03
1.800000000000000000e+01 3.500000000000000000e+01 1.200000000000000000e+01 0.000000000000000000e+00 1.600000000000000089e+00 -6.179999999999999513e-04 -2.000000000000000042e-03 -9.999980000000000535e-01 4.602060000000000040e-01 -8.878110000000000168e-01 1.490999999999999921e-03 -8.878120000000000456e-01 -4.602040000000000020e-01 1.469000000000000037e-03
2.300000000000000000e+01 3.500000000000000000e+01 1.200000000000000000e+01 0.000000000000000000e+00 1.600000000000000089e+00 1.549999999999999946e-03 5.599999999999999916e-05 -9.999989999999999712e-01 4.500379999999999936e-01 -8.930090000000000527e-01 6.480000000000000300e-04 -8.930080000000000240e-01 -4.500379999999999936e-01 -1.410000000000000012e-03
4.000000000000000000e+00 7.300000000000000000e+01 1.300000000000000000e+01 0.000000000000000000e+00 1.600000000000000089e+00 -9.178420000000000467e-01 -2.120140000000000080e-01 3.355830000000000202e-01 -3.213619999999999810e-01 8.931430000000000202e-01 -3.146760000000000113e-01 -2.330079999999999929e-01 -3.966669999999999918e-01 -8.878979999999999650e-01
1.000000000000000000e+01 3.200000000000000000e+01 1.400000000000000000e+01 0.000000000000000000e+00 1.600000000000000089e+00 2.635000000000000189e-03 2.524999999999999901e-03 -9.999930000000000208e-01 1.032560000000000006e-01 9.946509999999999518e-01 2.784000000000000016e-03 9.946509999999999518e-01 -1.032620000000000066e-01 2.360000000000000119e-03
1.300000000000000000e+01 3.200000000000000000e+01 1.400000000000000000e+01 0.000000000000000000e+00 1.600000000000000089e+00 6.049999999999999606e-04 5.140000000000000254e-04 -1.000000000000000000e+00 1.037190000000000056e-01 9.946070000000000189e-01 5.739999999999999660e-04 9.946059999999999901e-01 -1.037190000000000056e-01 5.490000000000000088e-04
2.300000000000000000e+01 1.200000000000000000e+01 1.500000000000000000e+01 0.000000000000000000e+00 1.600000000000000089e+00 -5.300000000000000078e-05 -1.188000000000000037e-03 -9.999989999999999712e-01 -4.635520000000000196e-01 -8.860689999999999955e-01 1.077999999999999965e-03 -8.860700000000000243e-01 4.635520000000000196e-01 -5.039999999999999992e-04
2.000000000000000000e+00 1.160000000000000000e+02 1.600000000000000000e+01 0.000000000000000000e+00 1.600000000000000089e+00 -3.644000000000000104e-03 -3.433300000000000241e-02 9.994039999999999591e-01 7.278510000000000257e-01 6.852350000000000385e-01 2.619499999999999953e-02 -6.857259999999999467e-01 7.275129999999999653e-01 2.249200000000000157e-02
2.100000000000000000e+01 1.160000000000000000e+02 1.600000000000000000e+01 0.000000000000000000e+00 1.600000000000000089e+00 2.710999999999999868e-03 7.230000000000000315e-03 9.999700000000000255e-01 7.360449999999999493e-01 6.768969999999999709e-01 -6.890000000000000291e-03 -6.769269999999999454e-01 7.360419999999999741e-01 -3.485999999999999949e-03
6.000000000000000000e+00 2.000000000000000000e+00 1.900000000000000000e+01 0.000000000000000000e+00 1.600000000000000089e+00 -3.105999999999999820e-03 1.454000000000000084e-02 -9.998890000000000278e-01 1.849159999999999970e-01 -9.826420000000000154e-01 -1.486299999999999948e-02 -9.827489999999999837e-01 -1.849409999999999943e-01 3.640000000000000115e-04
1.000000000000000000e+01 2.000000000000000000e+00 1.900000000000000000e+01 0.000000000000000000e+00 1.600000000000000089e+00 -2.886000000000000110e-03 1.641600000000000004e-02 -9.998609999999999998e-01 1.850600000000000023e-01 -9.825859999999999594e-01 -1.666600000000000026e-02 -9.827230000000000132e-01 -1.850819999999999965e-01 -2.030000000000000012e-04
1.700000000000000000e+01 2.000000000000000000e+00 1.900000000000000000e+01 0.000000000000000000e+00 1.600000000000000089e+00 -1.097000000000000102e-03 2.442000000000000160e-03 -9.999959999999999960e-01 1.753220000000000056e-01 -9.845080000000000497e-01 -2.596999999999999916e-03 -9.845099999999999962e-01 -1.753240000000000076e-01 6.509999999999999945e-04
2.200000000000000000e+01 2.000000000000000000e+00 1.900000000000000000e+01 0.000000000000000000e+00 1.600000000000000089e+00 -4.110000000000000155e-04 5.327000000000000138e-03 -9.999860000000000415e-01 1.690190000000000026e-01 -9.855990000000000029e-01 -5.320000000000000076e-03 -9.856129999999999614e-01 -1.690180000000000016e-01 -4.949999999999999973e-04
1.800000000000000000e+01 4.000000000000000000e+00 2.000000000000000000e+01 0.000000000000000000e+00 1.600000000000000089e+00 -1.562999999999999936e-03 3.040000000000000167e-03 -9.999940000000000495e-01 2.603190000000000226e-01 -9.655169999999999586e-01 -3.341999999999999919e-03 -9.655209999999999626e-01 -2.603230000000000266e-01 7.179999999999999967e-04
4.000000000000000000e+00 1.300000000000000000e+01 2.000000000000000000e+01 0.000000000000000000e+00 1.600000000000000089e+00 1.169999999999999979e-04 -4.451000000000000095e-03 9.999900000000000455e-01 2.598409999999999886e-01 9.656420000000000003e-01 4.266999999999999960e-03 -9.656510000000000371e-01 2.598380000000000134e-01 1.268999999999999946e-03
8.000000000000000000e+00 1.300000000000000000e+01 2.000000000000000000e+01 0.000000000000000000e+00 1.600000000000000089e+00 1.595000000000000064e-03 6.499999999999999431e-05 9.999989999999999712e-01 2.596709999999999852e-01 9.656970000000000276e-01 -4.769999999999999934e-04 -9.656959999999999988e-01 2.596720000000000139e-01 1.523000000000000048e-03
1.100000000000000000e+01 1.300000000000000000e+01 2.000000000000000000e+01 0.000000000000000000e+00 1.600000000000000089e+00 1.755000000000000050e-03 3.467000000000000030e-03 9.999919999999999920e-01 2.573059999999999792e-01 9.663230000000000430e-01 -3.801999999999999824e-03 -9.663279999999999648e-01 2.573110000000000119e-01 8.030000000000000028e-04
1.600000000000000000e+01 1.300000000000000000e+01 2.000000000000000000e+01 0.000000000000000000e+00 1.600000000000000089e+00 1.376999999999999969e-03 -5.399999999999999798e-05 9.999989999999999712e-01 2.555620000000000114e-01 9.667930000000000135e-01 -2.999999999999999737e-04 -9.667919999999999847e-01 2.555620000000000114e-01 1.345000000000000058e-03
2.200000000000000000e+01 1.300000000000000000e+01 2.000000000000000000e+01 0.000000000000000000e+00 1.600000000000000089e+00 1.279999999999999942e-04 9.740000000000000394e-04 1.000000000000000000e+00 2.520549999999999735e-01 9.677120000000000166e-01 -9.749999999999999552e-04 -9.677130000000000454e-01 2.520549999999999735e-01 -1.219999999999999974e-04
2.600000000000000000e+01 1.300000000000000000e+01 2.000000000000000000e+01 0.000000000000000000e+00 1.600000000000000089e+00 4.760000000000000234e-04 -2.174000000000000151e-03 9.999980000000000535e-01 2.497769999999999990e-01 9.683009999999999673e-01 1.985999999999999918e-03 -9.683030000000000248e-01 2.497759999999999980e-01 1.003999999999999901e-03
1.200000000000000000e+01 1.600000000000000000e+01 2.100000000000000000e+01 0.000000000000000000e+00 1.600000000000000089e+00 1.910000000000000022e-03 3.774000000000000011e-03 9.999909999999999632e-01 2.998279999999999834e-01 9.539840000000000542e-01 -4.172999999999999626e-03 -9.539910000000000334e-01 2.998339999999999894e-01 6.899999999999999667e-04
1.600000000000000000e+01 1.600000000000000000e+01 2.100000000000000000e+01 0.000000000000000000e+00 1.600000000000000089e+00 1.709000000000000016e-03 -4.899999999999999842e-04 9.999980000000000535e-01 2.994560000000000000e-01 9.541100000000000136e-01 -4.399999999999999886e-05 -9.541089999999999849e-01 2.994550000000000267e-01 1.776999999999999934e-03
2.400000000000000000e+01 1.600000000000000000e+01 2.100000000000000000e+01 0.000000000000000000e+00 1.600000000000000089e+00 1.800000000000000046e-05 -4.020000000000000136e-04 1.000000000000000000e+00 2.983359999999999901e-01 9.544610000000000039e-01 3.789999999999999966e-04 -9.544610000000000039e-01 2.983359999999999901e-01 1.369999999999999961e-04
2.900000000000000000e+01 1.600000000000000000e+01 2.100000000000000000e+01 0.000000000000000000e+00 1.600000000000000089e+00 1.500000000000000038e-05 -3.651000000000000165e-03 9.999930000000000208e-01 2.968589999999999840e-01 9.549149999999999583e-01 3.481000000000000153e-03 -9.549210000000000198e-01 2.968569999999999820e-01 1.098000000000000018e-03
5.000000000000000000e+00 3.000000000000000000e+00 2.500000000000000000e+01 0.000000000000000000e+00 1.600000000000000089e+00 3.753999999999999958e-03 1.839700000000000016e-02 9.998240000000000460e-01 -6.910499999999999976e-02 -9.974359999999999893e-01 1.861300000000000107e-02 9.976019999999999888e-01 -6.916300000000000225e-02 -2.472999999999999938e-03
8.000000000000000000e+00 3.000000000000000000e+00 2.500000000000000000e+01 0.000000000000000000e+00 1.600000000000000089e+00 4.266999999999999960e-03 1.906400000000000108e-02 9.998089999999999478e-01 -6.287099999999999633e-02 -9.978350000000000275e-01 1.929499999999999965e-02 9.980130000000000390e-01 -6.294199999999999795e-02 -3.059999999999999786e-03
1.200000000000000000e+01 3.000000000000000000e+00 2.500000000000000000e+01 0.000000000000000000e+00 1.600000000000000089e+00 3.413999999999999934e-03 1.137799999999999923e-02 9.999289999999999567e-01 -4.837700000000000333e-02 -9.987629999999999564e-01 1.153000000000000032e-02 9.988230000000000164e-01 -4.841299999999999770e-02 -2.860000000000000129e-03
7.000000000000000000e+00 4.600000000000000000e+01 2.700000000000000000e+01 0.000000000000000000e+00 1.600000000000000089e+00 -2.259999999999999910e-04 9.899999999999999404e-05 -1.000000000000000000e+00 6.637359999999999927e-01 7.479660000000000197e-01 -7.600000000000000418e-05 7.479660000000000197e-01 -6.637359999999999927e-01 -2.349999999999999930e-04
1.800000000000000000e+01 4.600000000000000000e+01 2.700000000000000000e+01 0.000000000000000000e+00 1.600000000000000089e+00 -7.789999999999999616e-04 9.709999999999999664e-04 -9.999989999999999712e-01 6.665229999999999766e-01 7.454849999999999532e-01 2.049999999999999956e-04 7.454840000000000355e-01 -6.665219999999999478e-01 -1.227999999999999925e-03
1.000000000000000000e+00 4.600000000000000000e+01 3.000000000000000000e+01 0.000000000000000000e+00 1.600000000000000089e+00 6.689999999999999983e-04 -2.232000000000000043e-03 -9.999970000000000248e-01 3.176570000000000227e-01 9.482040000000000468e-01 -1.904000000000000093e-03 9.482059999999999933e-01 -3.176550000000000207e-01 1.343000000000000010e-03
8.000000000000000000e+00 4.600000000000000000e+01 3.000000000000000000e+01 0.000000000000000000e+00 1.600000000000000089e+00 2.400000000000000061e-05 2.500000000000000120e-05 -1.000000000000000000e+00 3.209620000000000251e-01 9.470920000000000449e-01 3.199999999999999855e-05 9.470920000000000449e-01 -3.209620000000000251e-01 1.500000000000000038e-05
2.100000000000000000e+01 4.600000000000000000e+01 3.000000000000000000e+01 0.000000000000000000e+00 1.600000000000000089e+00 4.299999999999999894e-04 2.199999999999999943e-05 -1.000000000000000000e+00 3.295870000000000188e-01 9.441249999999999920e-01 1.620000000000000075e-04 9.441249999999999920e-01 -3.295870000000000188e-01 3.989999999999999949e-04
8.000000000000000000e+00 5.800000000000000000e+01 3.100000000000000000e+01 0.000000000000000000e+00 1.600000000000000089e+00 1.510000000000000057e-03 9.529999999999999626e-04 9.999980000000000535e-01 -7.787880000000000358e-01 -6.272849999999999815e-01 1.773999999999999969e-03 6.272849999999999815e-01 -7.787899999999999823e-01 -2.049999999999999956e-04
1.200000000000000000e+01 5.800000000000000000e+01 3.100000000000000000e+01 0.000000000000000000e+00 1.600000000000000089e+00 5.466999999999999638e-03 6.648000000000000263e-03 9.999630000000000463e-01 -7.753470000000000084e-01 -6.314790000000000125e-01 8.437000000000000055e-03 6.315119999999999623e-01 -7.753640000000000532e-01 1.701999999999999954e-03
1.600000000000000000e+01 5.800000000000000000e+01 3.100000000000000000e+01 0.000000000000000000e+00 1.600000000000000089e+00 4.389999999999999805e-03 5.828999999999999980e-03 9.999730000000000008e-01 -7.720040000000000235e-01 -6.355779999999999763e-01 7.093999999999999612e-03 6.356020000000000003e-01 -7.720150000000000068e-01 1.709999999999999932e-03
2.100000000000000000e+01 5.800000000000000000e+01 3.100000000000000000e+01 0.000000000000000000e+00 1.600000000000000089e+00 1.211999999999999970e-03 2.519999999999999996e-04 9.999989999999999712e-01 -7.722139999999999560e-01 -6.353619999999999823e-01 1.095999999999999969e-03 6.353609999999999536e-01 -7.722149999999999848e-01 -5.749999999999999903e-04
2.800000000000000000e+01 5.800000000000000000e+01 3.100000000000000000e+01 0.000000000000000000e+00 1.600000000000000089e+00 8.099999999999999561e-04 -2.341000000000000199e-03 9.999970000000000248e-01 -7.696690000000000476e-01 -6.384429999999999827e-01 -8.720000000000000537e-04 6.384429999999999827e-01 -7.696659999999999613e-01 -2.318999999999999881e-03
3.000000000000000000e+00 4.600000000000000000e+01 3.500000000000000000e+01 0.000000000000000000e+00 1.600000000000000089e+00 -1.350000000000000017e-04 -6.589999999999999721e-04 -1.000000000000000000e+00 3.901100000000000123e-01 -9.207680000000000309e-01 5.540000000000000219e-04 -9.207680000000000309e-01 -3.901100000000000123e-01 3.820000000000000153e-04
9.000000000000000000e+00 4.600000000000000000e+01 3.500000000000000000e+01 0.000000000000000000e+00 1.600000000000000089e+00 -7.600000000000000418e-04 1.724999999999999971e-03 -9.999980000000000535e-01 3.921009999999999773e-01 -9.199199999999999600e-01 -1.884000000000000041e-03 -9.199220000000000175e-01 -3.921020000000000061e-01 2.300000000000000002e-05
1.500000000000000000e+01 4.600000000000000000e+01 3.500000000000000000e+01 0.000000000000000000e+00 1.600000000000000089e+00 -6.939999999999999555e-04 2.141000000000000108e-03 -9.999970000000000248e-01 3.933039999999999869e-01 -9.194059999999999455e-01 -2.240999999999999936e-03 -9.194080000000000030e-01 -3.933050000000000157e-01 -2.039999999999999984e-04
1.800000000000000000e+01 4.600000000000000000e+01 3.500000000000000000e+01 0.000000000000000000e+00 1.600000000000000089e+00 -9.349999999999999587e-04 3.105000000000000121e-03 -9.999949999999999672e-01 3.925370000000000248e-01 -9.197309999999999652e-01 -3.223000000000000170e-03 -9.197359999999999980e-01 -3.925379999999999980e-01 -3.589999999999999984e-04
2.200000000000000000e+01 4.600000000000000000e+01 3.500000000000000000e+01 0.000000000000000000e+00 1.600000000000000089e+00 -8.670000000000000406e-04 3.763999999999999985e-03 -9.999930000000000208e-01 3.937019999999999964e-01 -9.192299999999999915e-01 -3.801000000000000125e-03 -9.192379999999999995e-01 -3.937030000000000252e-01 -6.849999999999999535e-04
2.500000000000000000e+01 4.600000000000000000e+01 3.500000000000000000e+01 0.000000000000000000e+00 1.600000000000000089e+00 6.220000000000000485e-04 -7.255000000000000164e-03 -9.999730000000000008e-01 3.956500000000000017e-01 -9.183750000000000524e-01 6.909000000000000211e-03 -9.184010000000000229e-01 -3.956439999999999957e-01 2.299999999999999961e-03
2.800000000000000000e+01 4.600000000000000000e+01 3.500000000000000000e+01 0.000000000000000000e+00 1.600000000000000089e+00 2.069999999999999792e-03 -1.843399999999999900e-02 -9.998280000000000500e-01 3.951339999999999852e-01 -9.184520000000000461e-01 1.775099999999999942e-02 -9.186210000000000209e-01 -3.951029999999999820e-01 5.381999999999999632e-03
3.000000000000000000e+00 2.900000000000000000e+01 4.400000000000000000e+01 0.000000000000000000e+00 1.600000000000000089e+00 -1.064999999999999974e-03 -1.758000000000000014e-03 -9.999980000000000535e-01 6.489819999999999478e-01 7.608009999999999495e-01 -2.028999999999999988e-03 7.608030000000000070e-01 -6.489819999999999478e-01 3.310000000000000225e-04
1.000000000000000000e+01 2.900000000000000000e+01 4.400000000000000000e+01 0.000000000000000000e+00 1.600000000000000089e+00 3.570000000000000040e-04 1.062000000000000010e-03 -9.999989999999999712e-01 6.511069999999999913e-01 7.589850000000000207e-01 1.038999999999999993e-03 7.589860000000000495e-01 -6.511069999999999913e-01 -4.209999999999999875e-04
1.400000000000000000e+01 2.900000000000000000e+01 4.400000000000000000e+01 0.000000000000000000e+00 1.600000000000000089e+00 -2.559000000000000077e-03 -2.235000000000000007e-03 -9.999940000000000495e-01 6.620230000000000281e-01 7.494760000000000311e-01 -3.369000000000000033e-03 7.494790000000000063e-01 -6.620279999999999498e-01 -4.380000000000000213e-04
1.800000000000000000e+01 2.900000000000000000e+01 4.400000000000000000e+01 0.000000000000000000e+00 1.600000000000000089e+00 -3.327999999999999795e-03 -3.180999999999999800e-03 -9.999890000000000168e-01 6.695600000000000440e-01 7.427430000000000421e-01 -4.590999999999999595e-03 7.427500000000000213e-01 -6.695689999999999698e-01 -3.420000000000000188e-04
2.200000000000000000e+01 2.900000000000000000e+01 4.400000000000000000e+01 0.000000000000000000e+00 1.600000000000000089e+00 4.730000000000000046e-04 -5.839999999999999922e-04 -1.000000000000000000e+00 6.694679999999999520e-01 7.428409999999999735e-01 -1.169999999999999979e-04 7.428409999999999735e-01 -6.694679999999999520e-01 7.420000000000000380e-04
2.800000000000000000e+01 2.900000000000000000e+01 4.400000000000000000e+01 0.000000000000000000e+00 1.600000000000000089e+00 6.899999999999999667e-05 5.860000000000000408e-04 -1.000000000000000000e+00 6.624719999999999498e-01 7.490869999999999473e-01 4.840000000000000010e-04 7.490869999999999473e-01 -6.624719999999999498e-01 -3.359999999999999814e-04
1.900000000000000000e+01 5.000000000000000000e+01 4.500000000000000000e+01 0.000000000000000000e+00 1.600000000000000089e+00 -5.616349999999999953e-01 1.140550000000000036e-01 -8.194860000000000477e-01 -2.971699999999999897e-01 -9.521699999999999608e-01 7.114399999999999891e-02 -7.721759999999999735e-01 2.834840000000000138e-01 5.686660000000000048e-01
2.900000000000000000e+01 5.900000000000000000e+01 4.700000000000000000e+01 0.000000000000000000e+00 1.600000000000000089e+00 1.482699999999999990e-02 -2.764139999999999930e-01 9.609240000000000004e-01 -6.545539999999999692e-01 7.238099999999999534e-01 2.183070000000000010e-01 -7.558700000000000419e-01 -6.322140000000000537e-01 -1.701969999999999872e-01
1.800000000000000000e+01 7.000000000000000000e+01 4.700000000000000000e+01 0.000000000000000000e+00 1.600000000000000089e+00 -2.171999999999999972e-02 1.465600000000000062e-02 -9.996570000000000178e-01 -8.426470000000000349e-01 -5.383660000000000112e-01 1.041599999999999991e-02 -5.380289999999999795e-01 8.425839999999999996e-01 2.404299999999999840e-02
1.500000000000000000e+01 5.000000000000000000e+00 5.100000000000000000e+01 0.000000000000000000e+00 1.600000000000000089e+00 -1.796000000000000070e-03 -1.781999999999999947e-03 -9.999970000000000248e-01 4.895430000000000059e-01 -8.719789999999999486e-01 6.750000000000000357e-04 -8.719770000000000021e-01 -4.895399999999999752e-01 2.438000000000000063e-03
2.400000000000000000e+01 5.000000000000000000e+00 5.100000000000000000e+01 0.000000000000000000e+00 1.600000000000000089e+00 1.028999999999999967e-03 3.041999999999999999e-03 -9.999949999999999672e-01 4.899399999999999866e-01 -8.717530000000000001e-01 -2.148000000000000170e-03 -8.717549999999999466e-01 -4.899350000000000094e-01 -2.387999999999999932e-03
2.800000000000000000e+01 5.000000000000000000e+00 5.100000000000000000e+01 0.000000000000000000e+00 1.600000000000000089e+00 -6.660000000000000338e-04 7.662999999999999673e-03 -9.999700000000000255e-01 4.876550000000000051e-01 -8.730080000000000062e-01 -7.015000000000000402e-03 -8.730360000000000342e-01 -4.876449999999999951e-01 -3.155999999999999951e-03
2.800000000000000000e+01 1.150000000000000000e+02 5.100000000000000000e+01 0.000000000000000000e+00 1.600000000000000089e+00 2.647000000000000047e-03 1.116499999999999958e-02 9.999339999999999895e-01 8.490990000000000482e-01 -5.282200000000000228e-01 3.651000000000000165e-03 5.282259999999999733e-01 8.490339999999999554e-01 -1.087800000000000052e-02
1.800000000000000000e+01 7.000000000000000000e+00 5.200000000000000000e+01 0.000000000000000000e+00 1.600000000000000089e+00 -3.900999999999999954e-03 -7.945999999999999938e-03 -9.999609999999999888e-01 1.113790000000000058e-01 -9.937500000000000222e-01 7.461999999999999883e-03 -9.937700000000000422e-01 -1.113449999999999995e-01 4.760999999999999607e-03
9.000000000000000000e+00 6.300000000000000000e+01 5.400000000000000000e+01 0.000000000000000000e+00 1.600000000000000089e+00 -8.809999999999999472e-04 -5.259999999999999919e-04 1.000000000000000000e+00 -3.175640000000000129e-01 9.482369999999999965e-01 2.190000000000000106e-04 -9.482359999999999678e-01 -3.175640000000000129e-01 -1.002000000000000069e-03
1.500000000000000000e+01 6.300000000000000000e+01 5.400000000000000000e+01 0.000000000000000000e+00 1.600000000000000089e+00 -1.082699999999999982e-02 -8.168999999999999179e-03 9.999080000000000190e-01 -3.347749999999999893e-01 9.422890000000000432e-01 4.074000000000000364e-03 -9.422359999999999625e-01 -3.346999999999999975e-01 -1.293700000000000058e-02
2.300000000000000000e+01 6.300000000000000000e+01 5.400000000000000000e+01 0.000000000000000000e+00 1.600000000000000089e+00 -4.490000000000000176e-04 -3.785000000000000170e-03 9.999930000000000208e-01 -3.332879999999999732e-01 9.428189999999999626e-01 3.419000000000000164e-03 -9.428250000000000242e-01 -3.332840000000000247e-01 -1.685000000000000083e-03
2.900000000000000000e+01 6.300000000000000000e+01 5.400000000000000000e+01 0.000000000000000000e+00 1.600000000000000089e+00 -2.743999999999999911e-03 4.375999999999999682e-03 9.999869999999999592e-01 -3.084339999999999860e-01 9.512329999999999952e-01 -5.009000000000000431e-03 -9.512420000000000320e-01 -3.084430000000000227e-01 -1.260999999999999968e-03
1.000000000000000000e+00 7.300000000000000000e+01 5.400000000000000000e+01 0.000000000000000000e+00 1.600000000000000089e+00 -3.151579999999999937e-01 9.262580000000000258e-01 2.066929999999999878e-01 -9.340230000000000476e-01 -2.641359999999999819e-01 -2.404850000000000043e-01 -1.681559999999999999e-01 -2.688459999999999739e-01 9.483909999999999840e-01
8.000000000000000000e+00 2.500000000000000000e+01 5.500000000000000000e+01 0.000000000000000000e+00 1.600000000000000089e+00 2.180000000000000134e-04 -6.259999999999999939e-03 -9.999799999999999800e-01 -1.140500000000000021e-02 -9.999149999999999983e-01 6.257000000000000409e-03 -9.999350000000000183e-01 1.140299999999999994e-02 -2.889999999999999774e-04
1.200000000000000000e+01 2.500000000000000000e+01 5.500000000000000000e+01 0.000000000000000000e+00 1.600000000000000089e+00 5.339999999999999695e-04 -8.377000000000000765e-03 -9.999649999999999928e-01 -1.416199999999999924e-02 -9.998650000000000038e-01 8.368999999999999703e-03 -9.999000000000000110e-01 1.415699999999999945e-02 -6.520000000000000188e-04
2.100000000000000000e+01 2.500000000000000000e+01 5.500000000000000000e+01 0.000000000000000000e+00 1.600000000000000089e+00 1.379000000000000017e-03 5.088999999999999774e-03 -9.999860000000000415e-01 -1.251400000000000082e-02 -9.999090000000000478e-01 -5.106000000000000295e-03 -9.999209999999999487e-01 1.252099999999999914e-02 -1.314999999999999980e-03
2.700000000000000000e+01 5.200000000000000000e+01 5.700000000000000000e+01 0.000000000000000000e+00 1.600000000000000089e+00 9.394600000000000173e-02 4.719709999999999739e-01 8.765939999999999843e-01 3.150569999999999760e-01 -8.493309999999999471e-01 4.235269999999999868e-01 9.444110000000000005e-01 2.363889999999999880e-01 -2.284889999999999977e-01
3.000000000000000000e+00 2.100000000000000000e+01 6.000000000000000000e+01 0.000000000000000000e+00 1.600000000000000089e+00 2.137000000000000011e-03 1.290200000000000027e-02 9.999139999999999695e-01 -9.540700000000000569e-02 9.953579999999999650e-01 -1.264000000000000019e-02 -9.954359999999999875e-01 -9.537099999999999744e-02 3.357999999999999874e-03
7.000000000000000000e+00 2.100000000000000000e+01 6.000000000000000000e+01 0.000000000000000000e+00 1.600000000000000089e+00 2.784000000000000016e-03 -5.220000000000000031e-04 9.999959999999999960e-01 -9.436999999999999555e-02 9.955370000000000053e-01 7.820000000000000345e-04 -9.955330000000000013e-01 -9.437199999999999755e-02 2.722000000000000027e-03
1.400000000000000000e+01 2.100000000000000000e+01 6.000000000000000000e+01 0.000000000000000000e+00 1.600000000000000089e+00 5.779999999999999548e-04 1.505500000000000067e-02 9.998869999999999703e-01 -9.744600000000000484e-02 9.951290000000000413e-01 -1.492699999999999930e-02 -9.952410000000000423e-01 -9.742599999999999871e-02 2.041999999999999978e-03
1.800000000000000000e+01 2.100000000000000000e+01 6.000000000000000000e+01 0.000000000000000000e+00 1.600000000000000089e+00 -1.856000000000000011e-03 -2.703999999999999806e-03 9.999949999999999672e-01 -9.804699999999999527e-02 9.951790000000000358e-01 2.508999999999999946e-03 -9.951799999999999535e-01 -9.804100000000000315e-02 -2.112000000000000162e-03
2.700000000000000000e+01 2.100000000000000000e+01 6.000000000000000000e+01 0.000000000000000000e+00 1.600000000000000089e+00 2.210000000000000050e-04 -1.090499999999999976e-02 9.999409999999999688e-01 -9.594099999999999850e-02 9.953279999999999905e-01 1.087600000000000025e-02 -9.953870000000000218e-01 -9.593699999999999450e-02 -8.260000000000000198e-04
5.000000000000000000e+00 3.000000000000000000e+00 6.300000000000000000e+01 0.000000000000000000e+00 1.600000000000000089e+00 1.069999999999999988e-04 2.841999999999999908e-03 9.999959999999999960e-01 -6.164589999999999792e-01 7.873839999999999728e-01 -2.171999999999999886e-03 -7.873869999999999481e-01 -6.164560000000000040e-01 1.835999999999999958e-03
1.300000000000000000e+01 3.000000000000000000e+00 6.300000000000000000e+01 0.000000000000000000e+00 1.600000000000000089e+00 5.649999999999999641e-04 1.095999999999999969e-03 9.999989999999999712e-01 -6.175640000000000018e-01 7.865210000000000257e-01 -5.130000000000000011e-04 -7.865210000000000257e-01 -6.175629999999999731e-01 1.121000000000000035e-03
3.000000000000000000e+01 3.000000000000000000e+00 6.300000000000000000e+01 0.000000000000000000e+00 1.600000000000000089e+00 -1.657999999999999969e-03 1.920000000000000049e-04 9.999989999999999712e-01 -6.145869999999999944e-01 7.888479999999999936e-01 -1.170999999999999949e-03 -7.888469999999999649e-01 -6.145880000000000232e-01 -1.190000000000000085e-03
6.000000000000000000e+00 2.700000000000000000e+01 6.300000000000000000e+01 0.000000000000000000e+00 1.600000000000000089e+00 2.181999999999999912e-03 6.595000000000000168e-03 9.999759999999999760e-01 -2.728530000000000122e-01 9.620389999999999775e-01 -5.748999999999999770e-03 -9.620530000000000470e-01 -2.728340000000000209e-01 3.899000000000000122e-03
1.300000000000000000e+01 2.700000000000000000e+01 6.300000000000000000e+01 0.000000000000000000e+00 1.600000000000000089e+00 1.259999999999999998e-04 -1.698999999999999989e-03 9.999989999999999712e-01 -2.794209999999999749e-01 9.601669999999999927e-01 1.667000000000000079e-03 -9.601690000000000502e-01 -2.794209999999999749e-01 -3.539999999999999853e-04
2.000000000000000000e+01 2.700000000000000000e+01 6.300000000000000000e+01 0.000000000000000000e+00 1.600000000000000089e+00 -5.490000000000000088e-04 6.260000000000000373e-04 1.000000000000000000e+00 -2.788499999999999868e-01 9.603340000000000209e-01 -7.550000000000000287e-04 -9.603350000000000497e-01 -2.788499999999999868e-01 -3.530000000000000152e-04
2.500000000000000000e+01 2.700000000000000000e+01 6.300000000000000000e+01 0.000000000000000000e+00 1.600000000000000089e+00 9.510000000000000224e-04 -1.077999999999999965e-03 9.999989999999999712e-01 -2.793149999999999800e-01 9.601990000000000247e-01 1.299999999999999940e-03 -9.601990000000000247e-01 -2.793160000000000087e-01 6.120000000000000223e-04
2.700000000000000000e+01 2.700000000000000000e+01 6.300000000000000000e+01 0.000000000000000000e+00 1.600000000000000089e+00 2.640000000000000202e-04 -1.704000000000000003e-03 9.999980000000000535e-01 -2.784789999999999766e-01 9.604409999999999892e-01 1.709999999999999932e-03 -9.604420000000000179e-01 -2.784789999999999766e-01 -2.210000000000000050e-04
7.000000000000000000e+00 2.600000000000000000e+01 6.400000000000000000e+01 0.000000000000000000e+00 1.600000000000000089e+00 1.610000000000000103e-03 8.564999999999999697e-03 9.999620000000000175e-01 -3.589249999999999940e-01 9.333369999999999722e-01 -7.415999999999999849e-03 -9.333650000000000002e-01 -3.588999999999999968e-01 4.576000000000000206e-03
1.300000000000000000e+01 2.600000000000000000e+01 6.400000000000000000e+01 0.000000000000000000e+00 1.600000000000000089e+00 -7.299999999999999903e-05 -1.379000000000000017e-03 9.999989999999999712e-01 -3.647819999999999951e-01 9.310920000000000307e-01 1.258000000000000004e-03 -9.310929999999999485e-01 -3.647810000000000219e-01 -5.710000000000000015e-04
1.900000000000000000e+01 2.600000000000000000e+01 6.400000000000000000e+01 0.000000000000000000e+00 1.600000000000000089e+00 -8.769999999999999584e-04 -1.196000000000000014e-03 9.999989999999999712e-01 -3.639580000000000037e-01 9.314149999999999929e-01 7.950000000000000252e-04 -9.314149999999999929e-01 -3.639569999999999750e-01 -1.252000000000000075e-03
2.600000000000000000e+01 2.600000000000000000e+01 6.400000000000000000e+01 0.000000000000000000e+00 1.600000000000000089e+00 9.349999999999999587e-04 -2.070999999999999924e-03 9.999970000000000248e-01 -3.624049999999999772e-01 9.320180000000000131e-01 2.269000000000000183e-03 -9.320199999999999596e-01 -3.624060000000000059e-01 1.200000000000000030e-04
9.000000000000000000e+00 7.300000000000000000e+01 6.400000000000000000e+01 0.000000000000000000e+00 1.600000000000000089e+00 -9.697230000000000016e-01 1.569089999999999929e-01 -1.871279999999999888e-01 -1.487310000000000021e-01 -9.872300000000000519e-01 -5.706100000000000061e-02 -1.936910000000000021e-01 -2.750100000000000114e-02 9.806770000000000209e-01
2.100000000000000000e+01 6.900000000000000000e+01 6.600000000000000000e+01 0.000000000000000000e+00 1.600000000000000089e+00 -2.750999999999999973e-03 9.804999999999999480e-03 9.999479999999999480e-01 -9.565730000000000066e-01 2.914419999999999789e-01 -5.490000000000000088e-03 -2.914809999999999901e-01 -9.565379999999999994e-01 8.576999999999999555e-03
2.000000000000000000e+00 7.100000000000000000e+01 6.800000000000000000e+01 0.000000000000000000e+00 1.600000000000000089e+00 -1.823829999999999896e-01 9.374860000000000415e-01 -2.964080000000000048e-01 -9.821349999999999802e-01 -1.879149999999999987e-01 9.976000000000000492e-03 -4.634699999999999931e-02 2.929320000000000257e-01 9.550100000000000255e-01
6.000000000000000000e+00 8.100000000000000000e+01 7.200000000000000000e+01 0.000000000000000000e+00 1.600000000000000089e+00 -6.674729999999999830e-01 -2.376280000000000059e-01 -7.057010000000000227e-01 -7.176949999999999719e-01 -4.731099999999999889e-02 6.947480000000000322e-01 -1.984789999999999888e-01 9.702030000000000376e-01 -1.389660000000000062e-01
1.700000000000000000e+01 2.500000000000000000e+01 7.300000000000000000e+01 0.000000000000000000e+00 1.600000000000000089e+00 -2.688999999999999984e-03 1.172999999999999998e-03 9.999959999999999960e-01 7.516040000000000498e-01 -6.596090000000000009e-01 2.795000000000000175e-03 6.596090000000000009e-01 7.516080000000000538e-01 8.919999999999999978e-04
2.400000000000000000e+01 2.500000000000000000e+01 7.300000000000000000e+01 0.000000000000000000e+00 1.600000000000000089e+00 -6.340000000000000149e-04 4.092000000000000151e-03 9.999909999999999632e-01 7.458700000000000330e-01 -6.660840000000000094e-01 3.197999999999999888e-03 6.660920000000000174e-01 7.458650000000000002e-01 -2.629999999999999959e-03
9.000000000000000000e+00 5.100000000000000000e+01 7.300000000000000000e+01 0.000000000000000000e+00 1.600000000000000089e+00 -1.423699999999999966e-02 -2.232649999999999912e-01 9.746540000000000203e-01 -2.703409999999999980e-01 9.393089999999999495e-01 2.112199999999999911e-01 -9.626590000000000424e-01 -2.604819999999999913e-01 -7.373100000000000487e-02
