9.000000000000000000e+00 2.500000000000000000e+01 1.000000000000000000e+00 0.000000000000000000e+00 1.600000000000000089e+00 -2.549000000000000050e-03 -1.163400000000000024e-02 -9.999289999999999567e-01 -5.298500000000000432e-01 -8.480170000000000208e-01 1.121699999999999954e-02 -8.480879999999999530e-01 5.298410000000000064e-01 -4.002000000000000349e-03
1.300000000000000000e+01 2.500000000000000000e+01 1.000000000000000000e+00 0.000000000000000000e+00 1.600000000000000089e+00 -2.203000000000000097e-03 -1.686999999999999915e-03 -9.999959999999999960e-01 -5.324069999999999636e-01 -8.464840000000000142e-01 2.601000000000000013e-03 -8.464850000000000430e-01 5.324109999999999676e-01 9.669999999999999776e-04
1.700000000000000000e+01 2.500000000000000000e+01 1.000000000000000000e+00 0.000000000000000000e+00 1.600000000000000089e+00 -1.631000000000000071e-03 3.771000000000000046e-03 -9.999919999999999920e-01 -5.307570000000000343e-01 -8.475209999999999688e-01 -2.330000000000000040e-03 -8.475219999999999976e-01 5.307490000000000263e-01 3.383999999999999855e-03
2.400000000000000000e+01 2.500000000000000000e+01 1.000000000000000000e+00 0.000000000000000000e+00 1.600000000000000089e+00 -3.629999999999999872e-04 3.956999999999999580e-03 -9.999919999999999920e-01 -5.266920000000000490e-01 -8.500510000000000010e-01 -3.173000000000000039e-03 -8.500560000000000338e-01 5.266859999999999875e-01 2.393000000000000162e-03
3.000000000000000000e+00 1.500000000000000000e+01 4.000000000000000000e+00 0.000000000000000000e+00 1.600000000000000089e+00 1.572999999999999962e-03 -4.118000000000000133e-03 9.999900000000000455e-01 3.179290000000000171e-01 -9.481039999999999468e-01 -4.403999999999999929e-03 9.481129999999999836e-01 3.179330000000000211e-01 -1.820000000000000057e-04
7.000000000000000000e+00 1.500000000000000000e+01 4.000000000000000000e+00 0.000000000000000000e+00 1.600000000000000089e+00 1.118000000000000070e-03 -3.468000000000000162e-03 9.999930000000000208e-01 3.122789999999999733e-01 -9.499830000000000219e-01 -3.644000000000000104e-03 9.499900000000000011e-01 3.122809999999999753e-01 2.099999999999999884e-05
1.300000000000000000e+01 1.500000000000000000e+01 4.000000000000000000e+00 0.000000000000000000e+00 1.600000000000000089e+00 -2.439999999999999895e-03 -3.193000000000000092e-03 9.999919999999999920e-01 3.126680000000000015e-01 -9.498600000000000376e-01 -2.269999999999999882e-03 9.498590000000000089e-01 3.126599999999999935e-01 3.315999999999999937e-03
1.600000000000000000e+01 1.500000000000000000e+01 4.000000000000000000e+00 0.000000000000000000e+00 1.600000000000000089e+00 -5.349999999999999938e-04 -2.269999999999999882e-03 9.999970000000000248e-01 3.129239999999999799e-01 -9.497759999999999536e-01 -1.988999999999999883e-03 9.497780000000000111e-01 3.129219999999999779e-01 1.217999999999999899e-03
2.600000000000000000e+01 1.500000000000000000e+01 4.000000000000000000e+00 0.000000000000000000e+00 1.600000000000000089e+00 -6.949999999999999798e-04 -5.732000000000000116e-03 9.999829999999999552e-01 3.120530000000000248e-01 -9.500499999999999501e-01 -5.228000000000000008e-03 9.500640000000000196e-01 3.120439999999999880e-01 2.448999999999999788e-03
9.000000000000000000e+00 1.600000000000000000e+01 4.000000000000000000e+00 0.000000000000000000e+00 1.600000000000000089e+00 2.259999999999999910e-04 -3.210000000000000180e-03 9.999949999999999672e-01 3.877559999999999896e-01 -9.217570000000000485e-01 -3.046999999999999795e-03 9.217619999999999703e-01 3.877550000000000163e-01 1.036000000000000029e-03
2.200000000000000000e+01 1.600000000000000000e+01 4.000000000000000000e+00 0.000000000000000000e+00 1.600000000000000089e+00 -2.102999999999999835e-03 -5.748999999999999770e-03 9.999810000000000088e-01 3.864090000000000025e-01 -9.223160000000000247e-01 -4.490000000000000067e-03 9.223249999999999504e-01 3.863929999999999865e-01 4.160999999999999768e-03
2.400000000000000000e+01 1.010000000000000000e+02 7.000000000000000000e+00 0.000000000000000000e+00 1.600000000000000089e+00 -8.337999999999999926e-03 2.242399999999999949e-02 9.997139999999999915e-01 8.784669999999999979e-01 4.777919999999999945e-01 -3.390999999999999917e-03 -4.777310000000000167e-01 8.781870000000000509e-01 -2.368299999999999919e-02
9.000000000000000000e+00 2.500000000000000000e+01 8.000000000000000000e+00 0.000000000000000000e+00 1.600000000000000089e+00 -1.190000000000000058e-04 3.105000000000000121e-03 -9.999949999999999672e-01 4.526350000000000096e-01 8.916920000000000401e-01 2.714999999999999965e-03 8.916960000000000441e-01 -4.526330000000000076e-01 -1.510999999999999973e-03
1.800000000000000000e+01 2.500000000000000000e+01 8.000000000000000000e+00 0.000000000000000000e+00 1.600000000000000089e+00 2.311999999999999819e-03 -1.240999999999999916e-03 -9.999970000000000248e-01 4.502459999999999796e-01 8.929049999999999487e-01 -6.700000000000000226e-05 8.929019999999999735e-01 -4.502439999999999776e-01 2.622999999999999898e-03
2.200000000000000000e+01 2.500000000000000000e+01 8.000000000000000000e+00 0.000000000000000000e+00 1.600000000000000089e+00 7.960000000000000495e-04 4.537000000000000234e-03 -9.999890000000000168e-01 4.493730000000000224e-01 8.933330000000000437e-01 4.410999999999999990e-03 8.933440000000000270e-01 -4.493719999999999937e-01 -1.327999999999999970e-03
2.500000000000000000e+01 2.500000000000000000e+01 8.000000000000000000e+00 0.000000000000000000e+00 1.600000000000000089e+00 7.450000000000000025e-04 6.251999999999999745e-03 -9.999799999999999800e-01 4.487140000000000017e-01 8.936560000000000059e-01 5.922000000000000181e-03 8.936749999999999972e-01 -4.487090000000000245e-01 -2.139999999999999975e-03
3.000000000000000000e+00 2.400000000000000000e+01 9.000000000000000000e+00 0.000000000000000000e+00 1.600000000000000089e+00 -3.200000000000000262e-04 7.926000000000000753e-03 -9.999689999999999968e-01 4.549900000000000055e-01 8.904699999999999838e-01 6.912999999999999874e-03 8.904959999999999543e-01 -4.549739999999999895e-01 -3.890999999999999927e-03
9.000000000000000000e+00 2.400000000000000000e+01 9.000000000000000000e+00 0.000000000000000000e+00 1.600000000000000089e+00 3.100000000000000135e-05 2.650000000000000012e-03 -9.999959999999999960e-01 4.565040000000000209e-01 8.897180000000000089e-01 2.370999999999999844e-03 8.897209999999999841e-01 -4.565020000000000189e-01 -1.182000000000000108e-03
1.200000000000000000e+01 2.400000000000000000e+01 9.000000000000000000e+00 0.000000000000000000e+00 1.600000000000000089e+00 1.949999999999999910e-03 -3.333000000000000025e-03 -9.999919999999999920e-01 4.550270000000000148e-01 8.904750000000000165e-01 -2.080999999999999951e-03 8.904760000000000453e-01 -4.550190000000000068e-01 3.252999999999999815e-03
1.500000000000000000e+01 2.400000000000000000e+01 9.000000000000000000e+00 0.000000000000000000e+00 1.600000000000000089e+00 2.186000000000000009e-03 1.415999999999999941e-03 -9.999970000000000248e-01 4.536180000000000212e-01 8.911930000000000129e-01 2.253999999999999927e-03 8.911930000000000129e-01 -4.536220000000000252e-01 1.306000000000000086e-03
1.700000000000000000e+01 2.400000000000000000e+01 9.000000000000000000e+00 0.000000000000000000e+00 1.600000000000000089e+00 2.299999999999999961e-03 2.200000000000000078e-04 -9.999970000000000248e-01 4.532499999999999862e-01 8.913830000000000364e-01 1.239000000000000084e-03 8.913809999999999789e-01 -4.532510000000000150e-01 1.949999999999999910e-03
2.100000000000000000e+01 2.400000000000000000e+01 9.000000000000000000e+00 0.000000000000000000e+00 1.600000000000000089e+00 1.193000000000000050e-03 3.854999999999999920e-03 -9.999919999999999920e-01 4.525739999999999763e-01 8.917180000000000106e-01 3.977999999999999765e-03 8.917260000000000186e-01 -4.525750000000000051e-01 -6.809999999999999647e-04
2.500000000000000000e+01 2.400000000000000000e+01 9.000000000000000000e+00 0.000000000000000000e+00 1.600000000000000089e+00 5.590000000000000351e-04 7.250999999999999633e-03 -9.999740000000000295e-01 4.512180000000000080e-01 8.923879999999999590e-01 6.722999999999999809e-03 8.924140000000000406e-01 -4.512100000000000000e-01 -2.772999999999999857e-03
2.900000000000000000e+01 2.400000000000000000e+01 9.000000000000000000e+00 0.000000000000000000e+00 1.600000000000000089e+00 1.595000000000000064e-03 -8.852000000000000493e-03 -9.999599999999999600e-01 4.513280000000000070e-01 8.923290000000000388e-01 -7.179999999999999750e-03 8.923569999999999558e-01 -4.512979999999999769e-01 5.419000000000000206e-03
2.000000000000000000e+00 4.000000000000000000e+00 1.100000000000000000e+01 0.000000000000000000e+00 1.600000000000000089e+00 6.748999999999999791e-03 4.208900000000000141e-02 -9.990909999999999513e-01 2.329360000000000042e-01 9.715629999999999544e-01 4.250199999999999811e-02 9.724690000000000278e-01 -2.330119999999999969e-01 -3.246999999999999886e-03
8.000000000000000000e+00 4.000000000000000000e+00 1.100000000000000000e+01 0.000000000000000000e+00 1.600000000000000089e+00 7.915999999999999426e-03 7.076399999999999357e-02 -9.974619999999999598e-01 1.984489999999999865e-01 9.775420000000000220e-01 7.092600000000000293e-02 9.800790000000000335e-01 -1.985059999999999880e-01 -6.304999999999999841e-03
1.400000000000000000e+01 3.500000000000000000e+01 1.200000000000000000e+01 0.000000000000000000e+00 1.600000000000000089e+00 2.797000000000000007e-03 6.975000000000000297e-03 -9.999719999999999720e-01 5.105979999999999963e-01 -8.598080000000000167e-01 -4.569000000000000145e-03 -8.598149999999999959e-01 -5.105699999999999683e-01 -5.965999999999999949e-03
1.500000000000000000e+01 3.200000000000000000e+01 1.400000000000000000e+01 0.000000000000000000e+00 1.600000000000000089e+00 -1.242000000000000048e-03 6.840000000000000377e-04 -9.999989999999999712e-01 1.106540000000000024e-01 9.938590000000000479e-01 5.419999999999999471e-04 9.938580000000000192e-01 -1.106530000000000014e-01 -1.309999999999999967e-03
1.900000000000000000e+01 3.200000000000000000e+01 1.400000000000000000e+01 0.000000000000000000e+00 1.600000000000000089e+00 3.968000000000000173e-03 -5.858000000000000360e-03 -9.999749999999999472e-01 1.107609999999999983e-01 9.938320000000000487e-01 -5.382999999999999764e-03 9.938390000000000279e-01 -1.107370000000000021e-01 4.591999999999999728e-03
1.100000000000000000e+01 1.160000000000000000e+02 1.600000000000000000e+01 0.000000000000000000e+00 1.600000000000000089e+00 -2.410000000000000033e-04 7.659999999999999708e-04 1.000000000000000000e+00 7.118379999999999708e-01 7.023430000000000506e-01 -3.669999999999999760e-04 -7.023430000000000506e-01 7.118379999999999708e-01 -7.140000000000000079e-04
8.000000000000000000e+00 2.000000000000000000e+00 1.900000000000000000e+01 0.000000000000000000e+00 1.600000000000000089e+00 6.276999999999999594e-03 -1.731600000000000153e-02 -9.998299999999999965e-01 1.993129999999999902e-01 -9.797670000000000545e-01 1.822000000000000008e-02 -9.799160000000000093e-01 -1.993929999999999869e-01 -2.699000000000000010e-03
1.200000000000000000e+01 2.000000000000000000e+00 1.900000000000000000e+01 0.000000000000000000e+00 1.600000000000000089e+00 8.052999999999999395e-03 -2.505999999999999894e-02 -9.996540000000000425e-01 1.917979999999999963e-01 -9.810860000000000136e-01 2.614000000000000004e-02 -9.814009999999999678e-01 -1.919420000000000015e-01 -3.093999999999999962e-03
1.600000000000000000e+01 2.000000000000000000e+00 1.900000000000000000e+01 0.000000000000000000e+00 1.600000000000000089e+00 3.854999999999999920e-03 -1.651599999999999943e-02 -9.998559999999999670e-01 1.827900000000000080e-01 -9.830060000000000464e-01 1.694199999999999873e-02 -9.831440000000000179e-01 -1.828289999999999915e-01 -7.699999999999999597e-04
2.300000000000000000e+01 2.000000000000000000e+00 1.900000000000000000e+01 0.000000000000000000e+00 1.600000000000000089e+00 -8.869999999999999846e-04 2.310000000000000042e-04 -1.000000000000000000e+00 1.782579999999999998e-01 -9.839839999999999698e-01 -3.849999999999999798e-04 -9.839830000000000521e-01 -1.782590000000000008e-01 8.319999999999999488e-04
2.000000000000000000e+00 4.000000000000000000e+00 2.000000000000000000e+01 0.000000000000000000e+00 1.600000000000000089e+00 -2.527999999999999865e-03 1.546000000000000065e-03 -9.999959999999999960e-01 2.747530000000000250e-01 -9.615120000000000333e-01 -2.181000000000000213e-03 -9.615110000000000046e-01 -2.747569999999999735e-01 2.005999999999999971e-03
7.000000000000000000e+00 4.000000000000000000e+00 2.000000000000000000e+01 0.000000000000000000e+00 1.600000000000000089e+00 3.432000000000000155e-03 -6.220999999999999967e-03 -9.999749999999999472e-01 2.697609999999999730e-01 -9.629020000000000357e-01 6.916000000000000272e-03 -9.629210000000000269e-01 -2.697780000000000178e-01 -1.626000000000000058e-03
1.300000000000000000e+01 4.000000000000000000e+00 2.000000000000000000e+01 0.000000000000000000e+00 1.600000000000000089e+00 6.322000000000000362e-03 -1.418299999999999943e-02 -9.998789999999999623e-01 2.656669999999999865e-01 -9.639429999999999943e-01 1.535300000000000033e-02 -9.640440000000000120e-01 -2.657320000000000237e-01 -2.327000000000000075e-03
5.000000000000000000e+00 1.300000000000000000e+01 2.000000000000000000e+01 0.000000000000000000e+00 1.600000000000000089e+00 1.835999999999999958e-03 2.615000000000000137e-03 9.999949999999999672e-01 2.517449999999999966e-01 9.677890000000000104e-01 -2.993000000000000001e-03 -9.677919999999999856e-01 2.517499999999999738e-01 1.118000000000000070e-03
1.000000000000000000e+01 1.300000000000000000e+01 2.000000000000000000e+01 0.000000000000000000e+00 1.600000000000000089e+00 1.178000000000000011e-03 1.263000000000000017e-03 9.999989999999999712e-01 2.509759999999999769e-01 9.679919999999999636e-01 -1.518000000000000035e-03 -9.679929999999999923e-01 2.509770000000000056e-01 8.239999999999999712e-04
1.600000000000000000e+01 1.300000000000000000e+01 2.000000000000000000e+01 0.000000000000000000e+00 1.600000000000000089e+00 1.794000000000000022e-03 6.432000000000000217e-03 9.999780000000000335e-01 2.505060000000000064e-01 9.680919999999999526e-01 -6.675999999999999643e-03 -9.681130000000000013e-01 2.505129999999999857e-01 1.250000000000000026e-04
2.200000000000000000e+01 1.300000000000000000e+01 2.000000000000000000e+01 0.000000000000000000e+00 1.600000000000000089e+00 5.800000000000000034e-05 -1.386999999999999995e-03 9.999989999999999712e-01 2.511399999999999744e-01 9.679499999999999771e-01 1.327999999999999970e-03 -9.679510000000000058e-01 2.511399999999999744e-01 4.049999999999999781e-04
2.700000000000000000e+01 1.300000000000000000e+01 2.000000000000000000e+01 0.000000000000000000e+00 1.600000000000000089e+00 5.760000000000000146e-04 5.074000000000000385e-03 9.999869999999999592e-01 2.500249999999999972e-01 9.682260000000000311e-01 -5.056999999999999863e-03 -9.682389999999999608e-01 2.500249999999999972e-01 -7.110000000000000434e-04
6.000000000000000000e+00 1.600000000000000000e+01 2.100000000000000000e+01 0.000000000000000000e+00 1.600000000000000089e+00 1.807000000000000012e-03 1.170999999999999949e-03 9.999980000000000535e-01 2.982609999999999983e-01 9.544829999999999703e-01 -1.655999999999999920e-03 -9.544829999999999703e-01 2.982639999999999736e-01 1.374999999999999920e-03
1.100000000000000000e+01 1.600000000000000000e+01 2.100000000000000000e+01 0.000000000000000000e+00 1.600000000000000089e+00 1.255000000000000039e-03 2.553000000000000148e-03 9.999959999999999960e-01 2.986159999999999926e-01 9.543690000000000229e-01 -2.811000000000000131e-03 -9.543719999999999981e-01 2.986179999999999946e-01 4.360000000000000269e-04
1.700000000000000000e+01 1.600000000000000000e+01 2.100000000000000000e+01 0.000000000000000000e+00 1.600000000000000089e+00 1.600999999999999993e-03 5.216000000000000150e-03 9.999850000000000128e-01 2.978819999999999801e-01 9.545869999999999633e-01 -5.455999999999999912e-03 -9.546010000000000328e-01 2.978870000000000129e-01 -2.500000000000000120e-05
2.600000000000000000e+01 1.600000000000000000e+01 2.100000000000000000e+01 0.000000000000000000e+00 1.600000000000000089e+00 5.969999999999999829e-04 1.657999999999999969e-03 9.999980000000000535e-01 2.962679999999999758e-01 9.551030000000000353e-01 -1.760000000000000063e-03 -9.551049999999999818e-01 2.962690000000000046e-01 7.899999999999999579e-05
3.000000000000000000e+00 3.000000000000000000e+00 2.500000000000000000e+01 0.000000000000000000e+00 1.600000000000000089e+00 5.660000000000000100e-03 1.784999999999999911e-03 9.999820000000000375e-01 -1.768799999999999886e-02 -9.998420000000000085e-01 1.884999999999999957e-03 9.998280000000000500e-01 -1.769799999999999846e-02 -5.628000000000000190e-03
2.000000000000000000e+01 3.000000000000000000e+00 2.500000000000000000e+01 0.000000000000000000e+00 1.600000000000000089e+00 -1.900999999999999912e-03 5.105000000000000163e-03 9.999850000000000128e-01 -2.945100000000000148e-02 -9.995530000000000248e-01 5.047000000000000271e-03 9.995640000000000081e-01 -2.944099999999999842e-02 2.050000000000000173e-03
2.000000000000000000e+00 4.600000000000000000e+01 2.700000000000000000e+01 0.000000000000000000e+00 1.600000000000000089e+00 -6.239999999999999887e-04 1.869000000000000002e-03 -9.999980000000000535e-01 6.524140000000000494e-01 7.578620000000000356e-01 1.010000000000000047e-03 7.578620000000000356e-01 -6.524119999999999919e-01 -1.691999999999999928e-03
7.000000000000000000e+00 4.600000000000000000e+01 2.700000000000000000e+01 0.000000000000000000e+00 1.600000000000000089e+00 1.376000000000000053e-03 5.764000000000000026e-03 -9.999820000000000375e-01 6.604079999999999950e-01 7.508890000000000287e-01 5.237000000000000335e-03 7.509059999999999624e-01 -6.604029999999999623e-01 -2.772999999999999857e-03
2.300000000000000000e+01 4.600000000000000000e+01 2.700000000000000000e+01 0.000000000000000000e+00 1.600000000000000089e+00 8.180000000000000422e-04 -2.820000000000000024e-03 -9.999959999999999960e-01 6.762139999999999818e-01 7.367040000000000255e-01 -1.525000000000000097e-03 7.367050000000000542e-01 -6.762089999999999490e-01 2.508999999999999946e-03
2.000000000000000000e+01 4.600000000000000000e+01 3.000000000000000000e+01 0.000000000000000000e+00 1.600000000000000089e+00 9.700000000000000505e-04 -9.539999999999999869e-04 -9.999989999999999712e-01 3.424039999999999861e-01 9.395529999999999715e-01 -5.640000000000000482e-04 9.395520000000000538e-01 -3.424030000000000129e-01 1.237999999999999951e-03
4.000000000000000000e+00 5.800000000000000000e+01 3.100000000000000000e+01 0.000000000000000000e+00 1.600000000000000089e+00 5.143000000000000002e-03 2.975000000000000214e-03 9.999820000000000375e-01 -7.715109999999999468e-01 -6.361890000000000045e-01 5.860999999999999890e-03 6.361949999999999550e-01 -7.715269999999999628e-01 -9.770000000000000039e-04
9.000000000000000000e+00 5.800000000000000000e+01 3.100000000000000000e+01 0.000000000000000000e+00 1.600000000000000089e+00 3.399999999999999811e-03 4.591999999999999728e-03 9.999839999999999840e-01 -7.729139999999999899e-01 -6.344859999999999944e-01 5.542000000000000051e-03 6.345020000000000104e-01 -7.729200000000000514e-01 1.392000000000000008e-03
1.300000000000000000e+01 5.800000000000000000e+01 3.100000000000000000e+01 0.000000000000000000e+00 1.600000000000000089e+00 2.203000000000000097e-03 1.005000000000000034e-03 9.999970000000000248e-01 -7.747230000000000505e-01 -6.322969999999999979e-01 2.341999999999999898e-03 6.322969999999999979e-01 -7.747260000000000257e-01 -6.139999999999999625e-04
1.600000000000000000e+01 5.800000000000000000e+01 3.100000000000000000e+01 0.000000000000000000e+00 1.600000000000000089e+00 -5.538000000000000388e-03 -6.409999999999999899e-03 9.999639999999999640e-01 -7.779850000000000376e-01 -6.282280000000000086e-01 -8.335999999999999660e-03 6.282590000000000119e-01 -7.780030000000000001e-01 -1.507000000000000093e-03
2.000000000000000000e+01 5.800000000000000000e+01 3.100000000000000000e+01 0.000000000000000000e+00 1.600000000000000089e+00 -7.622000000000000303e-03 -1.021599999999999939e-02 9.999190000000000023e-01 -7.830819999999999448e-01 -6.217970000000000441e-01 -1.232199999999999962e-02 6.218719999999999803e-01 -7.831120000000000303e-01 -3.261000000000000010e-03
2.400000000000000000e+01 5.800000000000000000e+01 3.100000000000000000e+01 0.000000000000000000e+00 1.600000000000000089e+00 -3.495999999999999976e-03 -2.880000000000000073e-04 9.999940000000000495e-01 -7.876840000000000508e-01 -6.160719999999999530e-01 -2.931000000000000012e-03 6.160689999999999777e-01 -7.876900000000000013e-01 1.926999999999999894e-03
3.000000000000000000e+00 1.900000000000000000e+01 3.400000000000000000e+01 0.000000000000000000e+00 1.600000000000000089e+00 -1.554149999999999976e-01 5.087770000000000348e-01 8.467540000000000067e-01 -6.241400000000000281e-01 -7.149799999999999489e-01 3.150439999999999907e-01 7.657000000000000473e-01 -4.795300000000000118e-01 4.286670000000000202e-01
3.000000000000000000e+00 4.600000000000000000e+01 3.500000000000000000e+01 0.000000000000000000e+00 1.600000000000000089e+00 5.000000000000000104e-04 -8.750000000000000182e-04 -1.000000000000000000e+00 3.896830000000000016e-01 -9.209479999999999889e-01 1.000000000000000021e-03 -9.209490000000000176e-01 -3.896839999999999749e-01 -1.190000000000000058e-04
8.000000000000000000e+00 4.600000000000000000e+01 3.500000000000000000e+01 0.000000000000000000e+00 1.600000000000000089e+00 2.020999999999999793e-03 4.970000000000000459e-04 -9.999980000000000535e-01 3.899500000000000188e-01 -9.208359999999999879e-01 3.310000000000000225e-04 -9.208340000000000414e-01 -3.899500000000000188e-01 -2.053999999999999836e-03
1.400000000000000000e+01 4.600000000000000000e+01 3.500000000000000000e+01 0.000000000000000000e+00 1.600000000000000089e+00 1.293000000000000095e-03 3.340999999999999786e-03 -9.999940000000000495e-01 3.912340000000000262e-01 -9.202879999999999949e-01 -2.569000000000000103e-03 -9.202900000000000524e-01 -3.912280000000000202e-01 -2.497000000000000088e-03
1.900000000000000000e+01 4.600000000000000000e+01 3.500000000000000000e+01 0.000000000000000000e+00 1.600000000000000089e+00 -4.070000000000000267e-04 4.099999999999999912e-04 -1.000000000000000000e+00 3.917109999999999759e-01 -9.200880000000000170e-01 -5.370000000000000424e-04 -9.200880000000000170e-01 -3.917109999999999759e-01 2.130000000000000003e-04
2.800000000000000000e+01 4.600000000000000000e+01 3.500000000000000000e+01 0.000000000000000000e+00 1.600000000000000089e+00 1.299000000000000024e-03 4.255000000000000102e-03 -9.999900000000000455e-01 3.898469999999999991e-01 -9.208730000000000526e-01 -3.412000000000000102e-03 -9.208790000000000031e-01 -3.898389999999999911e-01 -2.854999999999999899e-03
1.100000000000000000e+01 9.500000000000000000e+01 3.600000000000000000e+01 0.000000000000000000e+00 1.600000000000000089e+00 2.230899999999999897e-02 1.278199999999999996e-02 9.996690000000000298e-01 9.968550000000000466e-01 7.577499999999999514e-02 -2.321499999999999952e-02 -7.604700000000000348e-02 9.970430000000000126e-01 -1.105100000000000006e-02
2.200000000000000000e+01 9.500000000000000000e+01 3.600000000000000000e+01 0.000000000000000000e+00 1.600000000000000089e+00 -3.510599999999999832e-02 -4.831099999999999978e-02 9.982149999999999634e-01 9.973309999999999675e-01 6.229099999999999915e-02 3.808999999999999886e-02 -6.401999999999999358e-02 9.968879999999999963e-01 4.599500000000000116e-02
4.000000000000000000e+00 1.300000000000000000e+01 4.100000000000000000e+01 0.000000000000000000e+00 1.600000000000000089e+00 -4.474899999999999711e-02 1.214029999999999970e-01 9.915939999999999754e-01 -7.017430000000000057e-01 -7.102810000000000512e-01 5.529300000000000187e-02 7.110229999999999606e-01 -6.933700000000000419e-01 1.169779999999999986e-01
5.000000000000000000e+00 1.400000000000000000e+01 4.200000000000000000e+01 0.000000000000000000e+00 1.600000000000000089e+00 -5.934799999999999798e-02 1.215399999999999953e-01 9.908109999999999973e-01 -6.224060000000000148e-01 -7.805079999999999796e-01 5.846200000000000008e-02 7.804410000000000514e-01 -6.132170000000000121e-01 1.219689999999999941e-01
6.000000000000000000e+00 3.000000000000000000e+00 4.300000000000000000e+01 0.000000000000000000e+00 1.600000000000000089e+00 3.950000000000000061e-04 1.032100000000000031e-02 -9.999470000000000303e-01 7.437540000000000262e-01 -6.684210000000000429e-01 -6.605999999999999893e-03 -6.684539999999999926e-01 -7.437110000000000110e-01 -7.941000000000000142e-03
1.000000000000000000e+01 3.000000000000000000e+00 4.300000000000000000e+01 0.000000000000000000e+00 1.600000000000000089e+00 -1.160000000000000007e-04 1.005999999999999950e-03 -9.999989999999999712e-01 7.411750000000000282e-01 -6.713109999999999911e-01 -7.609999999999999577e-04 -6.713120000000000198e-01 -7.411750000000000282e-01 -6.679999999999999740e-04
1.400000000000000000e+01 3.000000000000000000e+00 4.300000000000000000e+01 0.000000000000000000e+00 1.600000000000000089e+00 -5.899999999999999754e-05 -7.976000000000000451e-03 -9.999679999999999680e-01 7.390970000000000040e-01 -6.735780000000000101e-01 5.329000000000000403e-03 -6.735989999999999478e-01 -7.390729999999999800e-01 5.935000000000000171e-03
9.000000000000000000e+00 6.500000000000000000e+01 4.600000000000000000e+01 0.000000000000000000e+00 1.600000000000000089e+00 -2.566000000000000138e-03 -1.121000000000000035e-03 9.999959999999999960e-01 6.798300000000000454e-01 -7.333690000000000486e-01 9.219999999999999680e-04 7.333659999999999624e-01 6.798290000000000166e-01 2.644000000000000083e-03
2.300000000000000000e+01 6.500000000000000000e+01 4.600000000000000000e+01 0.000000000000000000e+00 1.600000000000000089e+00 1.629999999999999939e-03 1.002000000000000069e-03 9.999980000000000535e-01 6.797729999999999606e-01 -7.334220000000000184e-01 -3.730000000000000134e-04 7.334199999999999608e-01 6.797729999999999606e-01 -1.876999999999999979e-03
1.300000000000000000e+01 2.100000000000000000e+01 4.800000000000000000e+01 0.000000000000000000e+00 1.600000000000000089e+00 -2.853000000000000067e-03 -2.890000000000000208e-03 -9.999919999999999920e-01 3.069350000000000134e-01 9.517240000000000144e-01 -3.625999999999999883e-03 9.517259999999999609e-01 -3.069419999999999926e-01 -1.827999999999999981e-03
7.000000000000000000e+00 7.000000000000000000e+00 5.200000000000000000e+01 0.000000000000000000e+00 1.600000000000000089e+00 5.659999999999999884e-04 -4.449999999999999746e-04 -1.000000000000000000e+00 9.372800000000000575e-02 -9.955979999999999830e-01 4.960000000000000216e-04 -9.955979999999999830e-01 -9.372800000000000575e-02 -5.220000000000000031e-04
2.700000000000000000e+01 7.000000000000000000e+00 5.200000000000000000e+01 0.000000000000000000e+00 1.600000000000000089e+00 -6.241000000000000020e-03 -2.802999999999999936e-03 -9.999770000000000048e-01 8.125999999999999890e-02 -9.966899999999999649e-01 2.285999999999999838e-03 -9.966730000000000311e-01 -8.124399999999999678e-02 6.447999999999999739e-03
2.400000000000000000e+01 5.800000000000000000e+01 5.200000000000000000e+01 0.000000000000000000e+00 1.600000000000000089e+00 -9.999999999999999547e-07 -4.285999999999999879e-03 9.999909999999999632e-01 -6.253779999999999895e-01 7.803149999999999809e-01 3.344000000000000184e-03 -7.803219999999999601e-01 -6.253720000000000390e-01 -2.680999999999999790e-03
1.100000000000000000e+01 6.300000000000000000e+01 5.400000000000000000e+01 0.000000000000000000e+00 1.600000000000000089e+00 3.184999999999999897e-03 -3.429999999999999889e-04 9.999949999999999672e-01 -3.830859999999999821e-01 9.237109999999999488e-01 1.536999999999999955e-03 -9.237069999999999448e-01 -3.830890000000000128e-01 2.809999999999999998e-03
2.100000000000000000e+01 6.300000000000000000e+01 5.400000000000000000e+01 0.000000000000000000e+00 1.600000000000000089e+00 -3.981000000000000164e-03 -1.269099999999999916e-02 9.999120000000000230e-01 -3.927149999999999808e-01 9.196050000000000058e-01 1.010800000000000066e-02 -9.196520000000000250e-01 -3.926399999999999890e-01 -8.644999999999999907e-03
2.400000000000000000e+01 6.300000000000000000e+01 5.400000000000000000e+01 0.000000000000000000e+00 1.600000000000000089e+00 -3.720999999999999915e-03 -7.330999999999999843e-03 9.999660000000000215e-01 -3.761209999999999831e-01 9.265550000000000175e-01 5.393000000000000224e-03 -9.265630000000000255e-01 -3.760879999999999779e-01 -6.204999999999999578e-03
2.700000000000000000e+01 6.300000000000000000e+01 5.400000000000000000e+01 0.000000000000000000e+00 1.600000000000000089e+00 -1.529999999999999893e-03 1.227999999999999925e-03 9.999980000000000535e-01 -3.687349999999999794e-01 9.295330000000000537e-01 -1.704999999999999918e-03 -9.295330000000000537e-01 -3.687369999999999814e-01 -9.690000000000000262e-04
9.000000000000000000e+00 2.500000000000000000e+01 5.500000000000000000e+01 0.000000000000000000e+00 1.600000000000000089e+00 -1.521499999999999936e-02 -2.208279999999999965e-01 9.751940000000000053e-01 4.183200000000000113e-02 9.743129999999999846e-01 2.212810000000000055e-01 -9.990090000000000359e-01 4.416099999999999887e-02 -5.586999999999999952e-03
1.100000000000000000e+01 2.600000000000000000e+01 5.500000000000000000e+01 0.000000000000000000e+00 1.600000000000000089e+00 -1.579500000000000001e-02 -2.918729999999999936e-01 9.563270000000000381e-01 9.107000000000000511e-03 9.563639999999999919e-01 2.920349999999999890e-01 -9.998340000000000005e-01 1.332200000000000051e-02 -1.244800000000000073e-02
3.000000000000000000e+01 2.600000000000000000e+01 5.500000000000000000e+01 0.000000000000000000e+00 1.600000000000000089e+00 1.234000000000000071e-03 2.951000000000000064e-03 -9.999949999999999672e-01 -4.622500000000000220e-02 -9.989270000000000094e-01 -3.004999999999999859e-03 -9.989299999999999846e-01 4.622799999999999826e-02 -1.095999999999999969e-03
6.000000000000000000e+00 2.000000000000000000e+01 6.000000000000000000e+01 0.000000000000000000e+00 1.600000000000000089e+00 1.410000000000000012e-03 1.126999999999999964e-03 9.999980000000000535e-01 -6.471699999999999675e-02 9.979029999999999845e-01 -1.033000000000000064e-03 -9.979029999999999845e-01 -6.471599999999999575e-02 1.479999999999999979e-03
1.300000000000000000e+01 2.100000000000000000e+01 6.000000000000000000e+01 0.000000000000000000e+00 1.600000000000000089e+00 9.399999999999999719e-04 1.938999999999999968e-03 9.999980000000000535e-01 -9.559499999999999942e-02 9.954190000000000538e-01 -1.840000000000000056e-03 -9.954199999999999715e-01 -9.559299999999999742e-02 1.121000000000000035e-03
1.800000000000000000e+01 2.100000000000000000e+01 6.000000000000000000e+01 0.000000000000000000e+00 1.600000000000000089e+00 -3.750000000000000078e-04 4.530000000000000064e-04 1.000000000000000000e+00 -9.313299999999999357e-02 9.956540000000000390e-01 -4.859999999999999954e-04 -9.956540000000000390e-01 -9.313299999999999357e-02 -3.310000000000000225e-04
2.200000000000000000e+01 2.100000000000000000e+01 6.000000000000000000e+01 0.000000000000000000e+00 1.600000000000000089e+00 -3.809999999999999910e-04 2.290000000000000098e-04 1.000000000000000000e+00 -9.413900000000000046e-02 9.955589999999999717e-01 -2.640000000000000202e-04 -9.955589999999999717e-01 -9.413900000000000046e-02 -3.570000000000000040e-04
2.700000000000000000e+01 2.100000000000000000e+01 6.000000000000000000e+01 0.000000000000000000e+00 1.600000000000000089e+00 -5.349999999999999938e-04 -3.041999999999999999e-03 9.999949999999999672e-01 -9.444299999999999917e-02 9.955260000000000220e-01 2.978000000000000178e-03 -9.955300000000000260e-01 -9.444099999999999717e-02 -8.199999999999999824e-04
6.000000000000000000e+00 3.000000000000000000e+00 6.300000000000000000e+01 0.000000000000000000e+00 1.600000000000000089e+00 9.380000000000000317e-04 3.144000000000000093e-03 9.999949999999999672e-01 -6.172659999999999814e-01 7.867520000000000069e-01 -1.894999999999999983e-03 -7.867539999999999534e-01 -6.172609999999999486e-01 2.677999999999999825e-03
8.000000000000000000e+00 2.700000000000000000e+01 6.300000000000000000e+01 0.000000000000000000e+00 1.600000000000000089e+00 2.154999999999999798e-03 -4.193999999999999811e-03 9.999890000000000168e-01 -2.889410000000000034e-01 9.573359999999999648e-01 4.637999999999999762e-03 -9.573439999999999728e-01 -2.889479999999999826e-01 8.509999999999999769e-04
1.400000000000000000e+01 2.700000000000000000e+01 6.300000000000000000e+01 0.000000000000000000e+00 1.600000000000000089e+00 1.350999999999999987e-03 4.938999999999999814e-03 9.999869999999999592e-01 -2.809320000000000150e-01 9.597179999999999600e-01 -4.360000000000000160e-03 -9.597269999999999968e-01 -2.809229999999999783e-01 2.684000000000000188e-03
1.700000000000000000e+01 2.700000000000000000e+01 6.300000000000000000e+01 0.000000000000000000e+00 1.600000000000000089e+00 6.740000000000000114e-04 1.237000000000000035e-03 9.999989999999999712e-01 -2.801199999999999801e-01 9.599640000000000395e-01 -9.990000000000001049e-04 -9.599649999999999572e-01 -2.801190000000000069e-01 9.940000000000000918e-04
2.800000000000000000e+01 2.700000000000000000e+01 6.300000000000000000e+01 0.000000000000000000e+00 1.600000000000000089e+00 -3.800000000000000209e-04 -1.342000000000000094e-03 9.999989999999999712e-01 -2.783490000000000131e-01 9.604789999999999717e-01 1.183000000000000024e-03 -9.604800000000000004e-01 -2.783490000000000131e-01 -7.389999999999999651e-04
4.000000000000000000e+00 4.400000000000000000e+01 6.300000000000000000e+01 0.000000000000000000e+00 1.600000000000000089e+00 -1.225599999999999953e-02 -9.280999999999999320e-03 -9.998820000000000485e-01 -6.836780000000000079e-01 -7.296259999999999968e-01 1.515299999999999980e-02 -7.296810000000000240e-01 6.837830000000000297e-01 2.596999999999999916e-03
8.000000000000000000e+00 4.400000000000000000e+01 6.300000000000000000e+01 0.000000000000000000e+00 1.600000000000000089e+00 -5.539999999999999786e-03 -1.320999999999999952e-02 -9.998970000000000358e-01 -6.595389999999999864e-01 -7.515479999999999938e-01 1.358299999999999959e-02 -7.516500000000000403e-01 6.595469999999999944e-01 -4.549000000000000092e-03
1.100000000000000000e+01 4.400000000000000000e+01 6.300000000000000000e+01 0.000000000000000000e+00 1.600000000000000089e+00 -4.104000000000000009e-03 -6.780000000000000002e-04 -9.999909999999999632e-01 -6.452529999999999655e-01 -7.639620000000000299e-01 3.165999999999999977e-03 -7.639580000000000259e-01 6.452609999999999735e-01 2.697999999999999877e-03
1.700000000000000000e+01 4.400000000000000000e+01 6.300000000000000000e+01 0.000000000000000000e+00 1.600000000000000089e+00 1.972999999999999927e-03 2.442199999999999926e-02 -9.997000000000000330e-01 -6.362219999999999542e-01 -7.712449999999999584e-01 -2.009700000000000028e-02 -7.715039999999999676e-01 6.360700000000000243e-01 1.401600000000000068e-02
2.000000000000000000e+01 4.400000000000000000e+01 6.300000000000000000e+01 0.000000000000000000e+00 1.600000000000000089e+00 4.938999999999999814e-03 1.961399999999999949e-02 -9.997949999999999893e-01 -6.366239999999999677e-01 -7.709580000000000322e-01 -1.827000000000000152e-02 -7.711590000000000389e-01 6.365840000000000387e-01 8.678999999999999215e-03
2.600000000000000000e+01 4.400000000000000000e+01 6.300000000000000000e+01 0.000000000000000000e+00 1.600000000000000089e+00 -9.359999999999999831e-04 -2.480000000000000108e-04 -1.000000000000000000e+00 -6.504529999999999479e-01 -7.595460000000000544e-01 7.969999999999999654e-04 -7.595460000000000544e-01 6.504529999999999479e-01 5.490000000000000088e-04
9.000000000000000000e+00 2.600000000000000000e+01 6.400000000000000000e+01 0.000000000000000000e+00 1.600000000000000089e+00 2.021999999999999926e-03 -1.472999999999999917e-03 9.999970000000000248e-01 -3.699149999999999938e-01 9.290629999999999722e-01 2.116999999999999958e-03 -9.290629999999999722e-01 -3.699180000000000246e-01 1.333999999999999899e-03
1.300000000000000000e+01 2.600000000000000000e+01 6.400000000000000000e+01 0.000000000000000000e+00 1.600000000000000089e+00 5.060000000000000478e-04 4.013000000000000074e-03 9.999919999999999920e-01 -3.679120000000000168e-01 9.298539999999999583e-01 -3.546000000000000107e-03 -9.298600000000000199e-01 -3.679069999999999840e-01 1.946999999999999946e-03
1.700000000000000000e+01 2.600000000000000000e+01 6.400000000000000000e+01 0.000000000000000000e+00 1.600000000000000089e+00 6.920000000000000153e-04 1.232999999999999938e-03 9.999989999999999712e-01 -3.694189999999999974e-01 9.292620000000000324e-01 -8.899999999999999491e-04 -9.292620000000000324e-01 -3.694189999999999974e-01 1.098999999999999934e-03
2.300000000000000000e+01 2.600000000000000000e+01 6.400000000000000000e+01 0.000000000000000000e+00 1.600000000000000089e+00 -7.640000000000000306e-04 -3.340000000000000087e-03 9.999940000000000495e-01 -3.683730000000000060e-01 9.296740000000000004e-01 2.824000000000000121e-03 -9.296780000000000044e-01 -3.683690000000000020e-01 -1.941000000000000017e-03
3.000000000000000000e+01 2.600000000000000000e+01 6.400000000000000000e+01 0.000000000000000000e+00 1.600000000000000089e+00 1.050000000000000044e-04 -3.103999999999999988e-03 9.999949999999999672e-01 -3.697349999999999803e-01 9.291329999999999867e-01 2.922000000000000118e-03 -9.291369999999999907e-01 -3.697340000000000071e-01 -1.049999999999999935e-03
3.000000000000000000e+00 5.500000000000000000e+01 7.200000000000000000e+01 0.000000000000000000e+00 1.600000000000000089e+00 -5.862960000000000393e-01 -2.456139999999999990e-01 -7.719660000000000410e-01 8.001629999999999576e-01 -3.243599999999999817e-01 -5.045100000000000140e-01 -1.264800000000000091e-01 -9.134900000000000242e-01 3.867019999999999902e-01
3.000000000000000000e+00 4.400000000000000000e+01 7.300000000000000000e+01 0.000000000000000000e+00 1.600000000000000089e+00 2.044299999999999937e-02 -3.083500000000000130e-02 9.993149999999999533e-01 2.288400000000000156e-02 -9.992480000000000251e-01 -3.130100000000000243e-02 9.995290000000000008e-01 2.350800000000000112e-02 -1.972199999999999995e-02
9.000000000000000000e+00 4.400000000000000000e+01 7.300000000000000000e+01 0.000000000000000000e+00 1.600000000000000089e+00 2.462000000000000213e-03 -9.579999999999999757e-04 9.999959999999999960e-01 5.267399999999999860e-02 -9.986110000000000264e-01 -1.087000000000000076e-03 9.986089999999999689e-01 5.267700000000000160e-02 -2.407999999999999984e-03
1.500000000000000000e+01 4.400000000000000000e+01 7.300000000000000000e+01 0.000000000000000000e+00 1.600000000000000089e+00 1.531999999999999942e-03 5.588000000000000085e-03 9.999829999999999552e-01 5.600399999999999823e-02 -9.984150000000000524e-01 5.493999999999999752e-03 9.984290000000000109e-01 5.599500000000000310e-02 -1.843000000000000020e-03
1.900000000000000000e+01 4.400000000000000000e+01 7.300000000000000000e+01 0.000000000000000000e+00 1.600000000000000089e+00 -3.559999999999999797e-04 1.752000000000000085e-03 9.999980000000000535e-01 5.681300000000000239e-02 -9.983830000000000204e-01 1.768999999999999956e-03 9.983849999999999669e-01 5.681400000000000339e-02 2.559999999999999884e-04
2.500000000000000000e+01 4.400000000000000000e+01 7.300000000000000000e+01 0.000000000000000000e+00 1.600000000000000089e+00 7.870000000000000476e-04 4.125000000000000194e-03 9.999909999999999632e-01 5.814199999999999924e-02 -9.982999999999999652e-01 4.072000000000000099e-03 9.983079999999999732e-01 5.813800000000000218e-02 -1.025000000000000086e-03
2.800000000000000000e+01 4.400000000000000000e+01 7.300000000000000000e+01 0.000000000000000000e+00 1.600000000000000089e+00 1.051000000000000068e-03 5.045000000000000005e-03 9.999869999999999592e-01 6.086400000000000143e-02 -9.981339999999999657e-01 4.971999999999999857e-03 9.981459999999999777e-01 6.085800000000000237e-02 -1.356000000000000000e-03
