1.000000000000000000e+01 2.500000000000000000e+01 1.000000000000000000e+00 0.000000000000000000e+00 1.600000000000000089e+00 -7.010000000000000172e-04 1.874000000000000015e-03 -9.999980000000000535e-01 -5.220059999999999700e-01 -8.529409999999999492e-01 -1.232999999999999938e-03 -8.529419999999999780e-01 5.220040000000000235e-01 1.577000000000000060e-03
3.000000000000000000e+00 1.500000000000000000e+01 4.000000000000000000e+00 0.000000000000000000e+00 1.600000000000000089e+00 -4.699999999999999859e-04 -6.662999999999999652e-03 9.999780000000000335e-01 3.817619999999999902e-01 -9.242409999999999792e-01 -5.978999999999999940e-03 9.242599999999999705e-01 3.817510000000000070e-01 2.978000000000000178e-03
1.200000000000000000e+01 1.500000000000000000e+01 4.000000000000000000e+00 0.000000000000000000e+00 1.600000000000000089e+00 -8.838999999999999635e-03 4.364200000000000024e-02 9.990080000000000071e-01 4.240639999999999965e-01 -9.045980000000000132e-01 4.327000000000000290e-02 9.055889999999999773e-01 4.240249999999999853e-01 -1.051099999999999951e-02
2.700000000000000000e+01 1.900000000000000000e+01 5.000000000000000000e+00 0.000000000000000000e+00 1.600000000000000089e+00 5.438000000000000125e-03 3.592999999999999840e-03 -9.999789999999999512e-01 -6.934639999999999693e-01 -7.204639999999999933e-01 -6.360000000000000202e-03 -7.204709999999999726e-01 6.934839999999999893e-01 -1.425999999999999967e-03
1.000000000000000000e+00 1.010000000000000000e+02 7.000000000000000000e+00 0.000000000000000000e+00 1.600000000000000089e+00 4.346000000000000037e-03 -1.752700000000000091e-02 9.998369999999999758e-01 8.850740000000000274e-01 4.654300000000000104e-01 4.311999999999999861e-03 -4.654300000000000104e-01 8.849110000000000031e-01 1.753499999999999850e-02
7.000000000000000000e+00 1.010000000000000000e+02 7.000000000000000000e+00 0.000000000000000000e+00 1.600000000000000089e+00 2.337000000000000102e-03 -9.875999999999999363e-03 9.999479999999999480e-01 8.864260000000000472e-01 4.628630000000000244e-01 2.500000000000000052e-03 -4.628639999999999977e-01 8.863750000000000240e-01 9.835999999999999258e-03
1.400000000000000000e+01 1.010000000000000000e+02 7.000000000000000000e+00 0.000000000000000000e+00 1.600000000000000089e+00 -1.742000000000000059e-03 7.043999999999999914e-03 9.999740000000000295e-01 8.867070000000000229e-01 4.623280000000000167e-01 -1.712999999999999896e-03 -4.623280000000000167e-01 8.866810000000000525e-01 -7.050999999999999976e-03
5.000000000000000000e+00 2.500000000000000000e+01 8.000000000000000000e+00 0.000000000000000000e+00 1.600000000000000089e+00 -9.879999999999999460e-04 -5.240000000000000517e-04 -9.999989999999999712e-01 4.401160000000000072e-01 8.979399999999999604e-01 -9.060000000000000128e-04 8.979399999999999604e-01 -4.401169999999999805e-01 -6.560000000000000076e-04
1.000000000000000000e+01 2.500000000000000000e+01 8.000000000000000000e+00 0.000000000000000000e+00 1.600000000000000089e+00 2.315999999999999916e-03 6.152999999999999615e-03 -9.999780000000000335e-01 4.386889999999999956e-01 8.986150000000000526e-01 6.544999999999999603e-03 8.986359999999999904e-01 -4.386939999999999729e-01 -6.179999999999999513e-04
1.400000000000000000e+01 2.500000000000000000e+01 8.000000000000000000e+00 0.000000000000000000e+00 1.600000000000000089e+00 1.655999999999999920e-03 2.056000000000000102e-03 -9.999970000000000248e-01 4.380539999999999989e-01 8.989449999999999941e-01 2.573000000000000200e-03 8.989470000000000516e-01 -4.380569999999999742e-01 5.879999999999999810e-04
2.000000000000000000e+01 2.500000000000000000e+01 8.000000000000000000e+00 0.000000000000000000e+00 1.600000000000000089e+00 1.768999999999999956e-03 3.431000000000000022e-03 -9.999930000000000208e-01 4.363330000000000264e-01 8.997770000000000490e-01 3.859000000000000017e-03 8.997840000000000282e-01 -4.363360000000000016e-01 9.500000000000000523e-05
2.400000000000000000e+01 2.500000000000000000e+01 8.000000000000000000e+00 0.000000000000000000e+00 1.600000000000000089e+00 2.239000000000000105e-03 1.397000000000000021e-03 -9.999959999999999960e-01 4.359770000000000034e-01 8.999549999999999494e-01 2.233000000000000176e-03 8.999549999999999494e-01 -4.359810000000000074e-01 1.405999999999999915e-03
2.800000000000000000e+01 2.500000000000000000e+01 8.000000000000000000e+00 0.000000000000000000e+00 1.600000000000000089e+00 2.099999999999999884e-05 3.841999999999999929e-03 -9.999930000000000208e-01 4.347369999999999846e-01 9.005509999999999904e-01 3.468999999999999861e-03 9.005579999999999696e-01 -4.347329999999999806e-01 -1.652000000000000040e-03
5.000000000000000000e+00 2.400000000000000000e+01 9.000000000000000000e+00 0.000000000000000000e+00 1.600000000000000089e+00 -6.009999999999999717e-04 -6.840000000000000377e-04 -1.000000000000000000e+00 4.465990000000000237e-01 8.947340000000000293e-01 -8.809999999999999472e-04 8.947340000000000293e-01 -4.465999999999999970e-01 -2.320000000000000014e-04
1.100000000000000000e+01 2.400000000000000000e+01 9.000000000000000000e+00 0.000000000000000000e+00 1.600000000000000089e+00 2.344000000000000163e-03 3.991999999999999889e-03 -9.999890000000000168e-01 4.445819999999999772e-01 8.957260000000000222e-01 4.617999999999999709e-03 8.957349999999999479e-01 -4.445879999999999832e-01 3.249999999999999851e-04
2.000000000000000000e+01 2.400000000000000000e+01 9.000000000000000000e+00 0.000000000000000000e+00 1.600000000000000089e+00 1.497000000000000067e-03 4.300000000000000003e-03 -9.999900000000000455e-01 4.419310000000000183e-01 8.970380000000000020e-01 4.518999999999999580e-03 8.970479999999999565e-01 -4.419330000000000203e-01 -5.569999999999999864e-04
2.500000000000000000e+01 2.400000000000000000e+01 9.000000000000000000e+00 0.000000000000000000e+00 1.600000000000000089e+00 1.531999999999999942e-03 2.595000000000000084e-03 -9.999949999999999672e-01 4.418869999999999743e-01 8.970660000000000300e-01 3.004999999999999859e-03 8.970690000000000053e-01 -4.418900000000000050e-01 2.269999999999999882e-04
2.900000000000000000e+01 2.400000000000000000e+01 9.000000000000000000e+00 0.000000000000000000e+00 1.600000000000000089e+00 -1.000000000000000048e-04 2.786999999999999981e-03 -9.999959999999999960e-01 4.401140000000000052e-01 8.979390000000000427e-01 2.458000000000000115e-03 8.979420000000000179e-01 -4.401120000000000032e-01 -1.317000000000000028e-03
3.000000000000000000e+00 7.000000000000000000e+00 1.000000000000000000e+01 0.000000000000000000e+00 1.600000000000000089e+00 -7.543199999999999905e-02 -6.831800000000000372e-02 -9.948080000000000256e-01 -9.601370000000000182e-01 -2.643190000000000262e-01 9.095499999999999419e-02 -2.691600000000000104e-01 9.620130000000000070e-01 -4.565700000000000314e-02
2.500000000000000000e+01 8.000000000000000000e+00 1.000000000000000000e+01 0.000000000000000000e+00 1.600000000000000089e+00 8.982500000000000207e-02 5.221900000000000153e-02 -9.945880000000000276e-01 -9.844089999999999785e-01 -1.469789999999999985e-01 -9.662300000000000055e-02 -1.512290000000000023e-01 9.877599999999999714e-01 3.820199999999999985e-02
1.400000000000000000e+01 3.000000000000000000e+00 1.100000000000000000e+01 0.000000000000000000e+00 1.600000000000000089e+00 -6.204000000000000313e-03 1.058850000000000069e-01 9.943589999999999929e-01 1.352820000000000134e-01 -9.851480000000000237e-01 1.057489999999999958e-01 9.907880000000000020e-01 1.351749999999999896e-01 -8.212999999999999814e-03
2.300000000000000000e+01 4.000000000000000000e+00 1.100000000000000000e+01 0.000000000000000000e+00 1.600000000000000089e+00 -1.178000000000000011e-03 1.156370000000000037e-01 9.932910000000000350e-01 1.541140000000000010e-01 -9.814040000000000541e-01 1.144359999999999961e-01 9.880520000000000413e-01 1.532149999999999901e-01 -1.666499999999999926e-02
3.000000000000000000e+00 3.100000000000000000e+01 1.200000000000000000e+01 0.000000000000000000e+00 1.600000000000000089e+00 3.130000000000000187e-04 5.431000000000000064e-03 9.999850000000000128e-01 -4.965999999999999928e-03 9.999730000000000008e-01 -5.428999999999999798e-03 -9.999879999999999880e-01 -4.963999999999999663e-03 3.400000000000000244e-04
2.900000000000000000e+01 3.500000000000000000e+01 1.200000000000000000e+01 0.000000000000000000e+00 1.600000000000000089e+00 1.062999999999999926e-03 1.677000000000000105e-03 9.999980000000000535e-01 5.837200000000000166e-01 8.119530000000000358e-01 -1.982999999999999954e-03 -8.119549999999999823e-01 5.837210000000000454e-01 -1.150000000000000035e-04
2.900000000000000000e+01 3.200000000000000000e+01 1.400000000000000000e+01 0.000000000000000000e+00 1.600000000000000089e+00 1.453000000000000081e-03 -4.510000000000000120e-03 -9.999890000000000168e-01 1.304089999999999971e-01 9.914509999999999712e-01 -4.282000000000000216e-03 9.914589999999999792e-01 -1.304019999999999901e-01 2.028999999999999988e-03
2.000000000000000000e+00 1.160000000000000000e+02 1.600000000000000000e+01 0.000000000000000000e+00 1.600000000000000089e+00 1.990000000000000015e-03 -1.320999999999999909e-03 9.999970000000000248e-01 7.547639999999999905e-01 6.559960000000000235e-01 -6.359999999999999551e-04 -6.559930000000000483e-01 7.547629999999999617e-01 2.302999999999999926e-03
7.000000000000000000e+00 1.160000000000000000e+02 1.600000000000000000e+01 0.000000000000000000e+00 1.600000000000000089e+00 1.190000000000000058e-04 2.840000000000000185e-04 1.000000000000000000e+00 7.520139999999999603e-01 6.591470000000000384e-01 -2.759999999999999867e-04 -6.591470000000000384e-01 7.520139999999999603e-01 -1.350000000000000017e-04
1.100000000000000000e+01 1.160000000000000000e+02 1.600000000000000000e+01 0.000000000000000000e+00 1.600000000000000089e+00 -4.889999999999999599e-04 -1.936000000000000004e-03 9.999980000000000535e-01 7.533480000000000176e-01 6.576199999999999823e-01 1.642000000000000013e-03 -6.576220000000000399e-01 7.533480000000000176e-01 1.136999999999999990e-03
1.400000000000000000e+01 1.160000000000000000e+02 1.600000000000000000e+01 0.000000000000000000e+00 1.600000000000000089e+00 -3.420000000000000188e-04 -2.249000000000000131e-03 9.999970000000000248e-01 7.595600000000000129e-01 6.504349999999999854e-01 1.722999999999999922e-03 -6.504370000000000429e-01 7.595589999999999842e-01 1.485999999999999908e-03
2.000000000000000000e+01 1.160000000000000000e+02 1.600000000000000000e+01 0.000000000000000000e+00 1.600000000000000089e+00 -1.374999999999999920e-03 -9.169999999999999549e-04 9.999989999999999712e-01 7.415079999999999449e-01 6.709420000000000384e-01 1.634000000000000036e-03 -6.709429999999999561e-01 7.415089999999999737e-01 -2.420000000000000005e-04
2.500000000000000000e+01 1.160000000000000000e+02 1.600000000000000000e+01 0.000000000000000000e+00 1.600000000000000089e+00 -2.282000000000000174e-03 -6.350000000000000392e-04 9.999970000000000248e-01 7.504960000000000520e-01 6.608720000000000150e-01 2.132000000000000214e-03 -6.608720000000000150e-01 7.504979999999999984e-01 -1.031000000000000015e-03
2.800000000000000000e+01 1.160000000000000000e+02 1.600000000000000000e+01 0.000000000000000000e+00 1.600000000000000089e+00 -2.582999999999999793e-03 -1.678000000000000021e-03 9.999949999999999672e-01 7.575769999999999449e-01 6.527380000000000404e-01 3.052000000000000025e-03 -6.527399999999999869e-01 7.575819999999999776e-01 -4.150000000000000043e-04
2.000000000000000000e+00 2.000000000000000000e+00 1.900000000000000000e+01 0.000000000000000000e+00 1.600000000000000089e+00 6.270999999999999665e-03 -4.655100000000000210e-02 -9.988960000000000061e-01 3.700100000000000056e-01 -9.279100000000000126e-01 4.556600000000000233e-02 -9.290070000000000272e-01 -3.698870000000000213e-01 1.140500000000000021e-02
9.000000000000000000e+00 2.000000000000000000e+00 1.900000000000000000e+01 0.000000000000000000e+00 1.600000000000000089e+00 5.770000000000000389e-04 1.107900000000000031e-02 -9.999379999999999935e-01 3.648210000000000064e-01 -9.310230000000000450e-01 -1.010499999999999940e-02 -9.310770000000000435e-01 -3.647929999999999784e-01 -4.578999999999999737e-03
1.300000000000000000e+01 3.000000000000000000e+00 1.900000000000000000e+01 0.000000000000000000e+00 1.600000000000000089e+00 3.275999999999999832e-03 3.605699999999999877e-02 -9.993440000000000101e-01 3.407919999999999838e-01 -9.395670000000000410e-01 -3.278299999999999964e-02 -9.401329999999999965e-01 -3.404610000000000136e-01 -1.536599999999999945e-02
1.700000000000000000e+01 3.000000000000000000e+00 1.900000000000000000e+01 0.000000000000000000e+00 1.600000000000000089e+00 5.559999999999999621e-04 5.049100000000000116e-02 -9.987239999999999451e-01 3.483939999999999815e-01 -9.361620000000000497e-01 -4.713400000000000228e-02 -9.373479999999999590e-01 -3.479229999999999823e-01 -1.811099999999999863e-02
2.100000000000000000e+01 3.000000000000000000e+00 1.900000000000000000e+01 0.000000000000000000e+00 1.600000000000000089e+00 -4.080000000000000293e-03 4.698499999999999899e-02 -9.988869999999999694e-01 3.541070000000000051e-01 -9.341030000000000166e-01 -4.538400000000000073e-02 -9.351960000000000273e-01 -3.538979999999999904e-01 -1.282600000000000059e-02
2.500000000000000000e+01 3.000000000000000000e+00 1.900000000000000000e+01 0.000000000000000000e+00 1.600000000000000089e+00 -5.124000000000000082e-03 2.747600000000000042e-02 -9.996089999999999698e-01 3.507210000000000050e-01 -9.360749999999999904e-01 -2.752699999999999939e-02 -9.364660000000000206e-01 -3.507250000000000090e-01 -4.839999999999999684e-03
1.000000000000000000e+00 1.300000000000000000e+01 2.000000000000000000e+01 0.000000000000000000e+00 1.600000000000000089e+00 1.755000000000000050e-03 5.070999999999999987e-03 9.999860000000000415e-01 2.590149999999999952e-01 9.658590000000000231e-01 -5.351999999999999987e-03 -9.658719999999999528e-01 2.590210000000000012e-01 3.820000000000000153e-04
5.000000000000000000e+00 1.300000000000000000e+01 2.000000000000000000e+01 0.000000000000000000e+00 1.600000000000000089e+00 4.150000000000000043e-04 7.900000000000000772e-03 9.999689999999999968e-01 2.609879999999999978e-01 9.653110000000000301e-01 -7.734000000000000423e-03 -9.653420000000000334e-01 2.609830000000000205e-01 -1.660999999999999933e-03
9.000000000000000000e+00 1.300000000000000000e+01 2.000000000000000000e+01 0.000000000000000000e+00 1.600000000000000089e+00 -8.469999999999999881e-04 -2.537999999999999892e-03 9.999959999999999960e-01 2.614469999999999850e-01 9.652140000000000164e-01 2.671000000000000197e-03 -9.652180000000000204e-01 2.614480000000000137e-01 -1.540000000000000028e-04
2.200000000000000000e+01 1.300000000000000000e+01 2.000000000000000000e+01 0.000000000000000000e+00 1.600000000000000089e+00 1.100000000000000039e-04 -3.482999999999999985e-03 9.999940000000000495e-01 2.606740000000000168e-01 9.654209999999999736e-01 3.333000000000000025e-03 -9.654270000000000351e-01 2.606720000000000148e-01 1.013999999999999927e-03
2.900000000000000000e+01 1.300000000000000000e+01 2.000000000000000000e+01 0.000000000000000000e+00 1.600000000000000089e+00 -3.939999999999999817e-04 7.829999999999999504e-04 1.000000000000000000e+00 2.628480000000000261e-01 9.648369999999999447e-01 -6.520000000000000188e-04 -9.648369999999999447e-01 2.628469999999999973e-01 -5.860000000000000408e-04
9.000000000000000000e+00 1.600000000000000000e+01 2.100000000000000000e+01 0.000000000000000000e+00 1.600000000000000089e+00 -1.824000000000000100e-03 -5.196000000000000098e-03 9.999850000000000128e-01 2.990160000000000040e-01 9.542319999999999691e-01 5.504000000000000212e-03 -9.542460000000000386e-01 2.990209999999999813e-01 -1.869999999999999917e-04
2.900000000000000000e+01 1.600000000000000000e+01 2.100000000000000000e+01 0.000000000000000000e+00 1.600000000000000089e+00 7.299999999999999632e-04 3.360000000000000139e-03 9.999940000000000495e-01 3.005260000000000153e-01 9.537679999999999492e-01 -3.423999999999999960e-03 -9.537729999999999819e-01 3.005269999999999886e-01 -3.130000000000000187e-04
1.000000000000000000e+00 2.000000000000000000e+00 2.500000000000000000e+01 0.000000000000000000e+00 1.600000000000000089e+00 7.257999999999999695e-03 -2.944899999999999948e-02 9.995399999999999840e-01 8.853600000000000358e-02 -9.956220000000000070e-01 -2.997599999999999917e-02 9.960470000000000157e-01 8.871199999999999919e-02 -4.618999999999999842e-03
6.000000000000000000e+00 2.000000000000000000e+00 2.500000000000000000e+01 0.000000000000000000e+00 1.600000000000000089e+00 1.793000000000000106e-03 -7.908999999999999364e-03 9.999670000000000503e-01 6.683799999999999464e-02 -9.977319999999999522e-01 -8.011000000000000759e-03 9.977620000000000378e-01 6.685099999999999376e-02 -1.260999999999999968e-03
5.000000000000000000e+00 3.000000000000000000e+00 2.500000000000000000e+01 0.000000000000000000e+00 1.600000000000000089e+00 1.188000000000000037e-03 -1.007899999999999942e-02 9.999479999999999480e-01 -1.511200000000000043e-02 -9.998350000000000293e-01 -1.005999999999999950e-02 9.998850000000000238e-01 -1.510000000000000057e-02 -1.340000000000000045e-03
1.100000000000000000e+01 3.000000000000000000e+00 2.500000000000000000e+01 0.000000000000000000e+00 1.600000000000000089e+00 1.598000000000000028e-03 5.832999999999999644e-03 9.999820000000000375e-01 -1.788000000000000006e-02 -9.998230000000000173e-01 5.860999999999999890e-03 9.998390000000000333e-01 -1.788899999999999865e-02 -1.494000000000000102e-03
2.600000000000000000e+01 3.000000000000000000e+00 2.500000000000000000e+01 0.000000000000000000e+00 1.600000000000000089e+00 -3.730000000000000134e-04 9.962000000000000369e-03 9.999500000000000055e-01 3.580300000000000149e-02 -9.993090000000000028e-01 9.969000000000000430e-03 9.993589999999999973e-01 3.580499999999999655e-02 1.599999999999999928e-05
4.000000000000000000e+00 4.600000000000000000e+01 2.700000000000000000e+01 0.000000000000000000e+00 1.600000000000000089e+00 2.333000000000000004e-03 2.115999999999999825e-03 -9.999949999999999672e-01 6.785790000000000433e-01 7.345209999999999795e-01 3.137000000000000031e-03 7.345239999999999547e-01 -6.785830000000000473e-01 2.779999999999999811e-04
9.000000000000000000e+00 4.600000000000000000e+01 2.700000000000000000e+01 0.000000000000000000e+00 1.600000000000000089e+00 -1.459999999999999981e-04 -5.090000000000000123e-04 -1.000000000000000000e+00 6.799619999999999553e-01 7.332480000000000109e-01 -4.719999999999999803e-04 7.332480000000000109e-01 -6.799619999999999553e-01 2.390000000000000089e-04
2.000000000000000000e+00 4.600000000000000000e+01 3.500000000000000000e+01 0.000000000000000000e+00 1.600000000000000089e+00 1.515999999999999986e-03 1.825000000000000016e-03 -9.999970000000000248e-01 3.883389999999999898e-01 -9.215160000000000018e-01 -1.093000000000000005e-03 -9.215149999999999730e-01 -3.883369999999999878e-01 -2.105999999999999799e-03
7.000000000000000000e+00 4.600000000000000000e+01 3.500000000000000000e+01 0.000000000000000000e+00 1.600000000000000089e+00 -1.319000000000000077e-03 -2.194999999999999903e-03 -9.999970000000000248e-01 3.898570000000000091e-01 -9.208739999999999704e-01 1.507000000000000093e-03 -9.208749999999999991e-01 -3.898530000000000051e-01 2.069999999999999792e-03
1.100000000000000000e+01 4.600000000000000000e+01 3.500000000000000000e+01 0.000000000000000000e+00 1.600000000000000089e+00 -1.101999999999999898e-03 -1.528000000000000061e-03 -9.999980000000000535e-01 3.906330000000000080e-01 -9.205459999999999754e-01 9.759999999999999796e-04 -9.205459999999999754e-01 -3.906310000000000060e-01 1.611000000000000019e-03
1.500000000000000000e+01 4.600000000000000000e+01 3.500000000000000000e+01 0.000000000000000000e+00 1.600000000000000089e+00 -8.559999999999999901e-04 -3.681999999999999943e-03 -9.999930000000000208e-01 3.933159999999999989e-01 -9.193980000000000485e-01 3.049000000000000061e-03 -9.194029999999999703e-01 -3.933099999999999929e-01 2.235000000000000007e-03
2.000000000000000000e+01 4.600000000000000000e+01 3.500000000000000000e+01 0.000000000000000000e+00 1.600000000000000089e+00 -9.000000000000000228e-06 1.152999999999999945e-03 -9.999989999999999712e-01 3.936899999999999844e-01 -9.192430000000000323e-01 -1.064000000000000059e-03 -9.192430000000000323e-01 -3.936890000000000112e-01 -4.459999999999999989e-04
3.000000000000000000e+01 4.600000000000000000e+01 3.500000000000000000e+01 0.000000000000000000e+00 1.600000000000000089e+00 -2.294000000000000032e-03 -3.416000000000000199e-03 -9.999909999999999632e-01 3.921819999999999751e-01 -9.198849999999999527e-01 2.243000000000000202e-03 -9.198849999999999527e-01 -3.921729999999999938e-01 3.449999999999999942e-03
4.000000000000000000e+00 2.900000000000000000e+01 4.400000000000000000e+01 0.000000000000000000e+00 1.600000000000000089e+00 5.075999999999999783e-03 4.793000000000000385e-03 -9.999759999999999760e-01 6.591989999999999794e-01 7.519360000000000488e-01 6.949999999999999581e-03 7.519510000000000360e-01 -6.592179999999999707e-01 6.570000000000000319e-04
9.000000000000000000e+00 2.900000000000000000e+01 4.400000000000000000e+01 0.000000000000000000e+00 1.600000000000000089e+00 -2.275000000000000112e-03 2.456999999999999983e-03 -9.999940000000000495e-01 6.591200000000000392e-01 7.520379999999999843e-01 3.490000000000000263e-04 7.520350000000000090e-01 -6.591150000000000064e-01 -3.330000000000000061e-03
2.000000000000000000e+01 2.900000000000000000e+01 4.400000000000000000e+01 0.000000000000000000e+00 1.600000000000000089e+00 -1.730999999999999900e-03 -1.874000000000000015e-03 -9.999970000000000248e-01 6.577979999999999938e-01 7.531900000000000261e-01 -2.550000000000000183e-03 7.531919999999999726e-01 -6.578000000000000513e-01 -7.100000000000000462e-05
2.800000000000000000e+01 2.900000000000000000e+01 4.400000000000000000e+01 0.000000000000000000e+00 1.600000000000000089e+00 -9.810000000000001011e-04 -3.694999999999999934e-03 -9.999930000000000208e-01 6.590810000000000279e-01 7.520639999999999548e-01 -3.425999999999999792e-03 7.520710000000000450e-01 -6.590799999999999992e-01 1.698000000000000074e-03
2.300000000000000000e+01 4.000000000000000000e+00 5.000000000000000000e+01 0.000000000000000000e+00 1.600000000000000089e+00 1.183000000000000024e-03 -3.308000000000000176e-03 -9.999940000000000495e-01 5.323989999999999556e-01 -8.464869999999999894e-01 3.429999999999999889e-03 -8.464930000000000510e-01 -5.323989999999999556e-01 7.600000000000000418e-04
2.700000000000000000e+01 1.150000000000000000e+02 5.100000000000000000e+01 0.000000000000000000e+00 1.600000000000000089e+00 -2.337000000000000102e-03 -4.436999999999999972e-03 9.999869999999999592e-01 8.473380000000000356e-01 -5.310529999999999973e-01 -3.759999999999999779e-04 5.310479999999999645e-01 8.473270000000000524e-01 5.001000000000000237e-03
4.000000000000000000e+00 6.300000000000000000e+01 5.400000000000000000e+01 0.000000000000000000e+00 1.600000000000000089e+00 5.349999999999999938e-04 3.301000000000000115e-03 9.999940000000000495e-01 -3.516819999999999946e-01 9.361150000000000304e-01 -2.902000000000000066e-03 -9.361199999999999521e-01 -3.516779999999999906e-01 1.662000000000000066e-03
1.000000000000000000e+01 6.300000000000000000e+01 5.400000000000000000e+01 0.000000000000000000e+00 1.600000000000000089e+00 1.505000000000000044e-03 5.550000000000000462e-04 9.999989999999999712e-01 -3.525889999999999858e-01 9.357779999999999987e-01 1.200000000000000030e-05 -9.357769999999999699e-01 -3.525889999999999858e-01 1.603999999999999957e-03
1.500000000000000000e+01 6.300000000000000000e+01 5.400000000000000000e+01 0.000000000000000000e+00 1.600000000000000089e+00 1.310000000000000129e-04 -3.203999999999999817e-03 9.999949999999999672e-01 -3.506650000000000045e-01 9.364959999999999951e-01 3.046999999999999795e-03 -9.365010000000000279e-01 -3.506630000000000025e-01 -1.000999999999999937e-03
2.000000000000000000e+01 6.300000000000000000e+01 5.400000000000000000e+01 0.000000000000000000e+00 1.600000000000000089e+00 -1.417000000000000074e-03 -4.225999999999999722e-03 9.999900000000000455e-01 -3.513049999999999784e-01 9.362549999999999484e-01 3.458999999999999835e-03 -9.362599999999999811e-01 -3.512959999999999972e-01 -2.811000000000000131e-03
1.200000000000000000e+01 2.500000000000000000e+01 5.500000000000000000e+01 0.000000000000000000e+00 1.600000000000000089e+00 -1.689999999999999879e-04 4.699999999999999859e-04 -1.000000000000000000e+00 -1.393199999999999994e-02 -9.999029999999999863e-01 -4.670000000000000214e-04 -9.999029999999999863e-01 1.393199999999999994e-02 1.749999999999999982e-04
1.600000000000000000e+01 2.600000000000000000e+01 5.500000000000000000e+01 0.000000000000000000e+00 1.600000000000000089e+00 1.315999999999999896e-03 5.100999999999999632e-03 -9.999860000000000415e-01 -3.304499999999999799e-02 -9.994410000000000238e-01 -5.141999999999999869e-03 -9.994530000000000358e-01 3.305099999999999705e-02 -1.147000000000000016e-03
3.000000000000000000e+00 6.800000000000000000e+01 5.700000000000000000e+01 0.000000000000000000e+00 1.600000000000000089e+00 -1.459999999999999981e-04 -1.353999999999999952e-03 -9.999989999999999712e-01 -2.415680000000000049e-01 -9.703829999999999956e-01 1.350000000000000071e-03 -9.703840000000000243e-01 2.415680000000000049e-01 -1.849999999999999973e-04
4.000000000000000000e+00 2.100000000000000000e+01 6.000000000000000000e+01 0.000000000000000000e+00 1.600000000000000089e+00 -9.359999999999999831e-04 8.090999999999999234e-03 9.999670000000000503e-01 -9.497099999999999986e-02 9.954469999999999708e-01 -8.142999999999999197e-03 -9.954800000000000315e-01 -9.497500000000000386e-02 -1.630000000000000047e-04
1.000000000000000000e+01 2.100000000000000000e+01 6.000000000000000000e+01 0.000000000000000000e+00 1.600000000000000089e+00 7.190000000000000210e-04 -7.396999999999999929e-03 9.999719999999999720e-01 -9.669099999999999917e-02 9.952870000000000328e-01 7.432000000000000238e-03 -9.953140000000000320e-01 -9.669300000000000117e-02 0.000000000000000000e+00
1.400000000000000000e+01 2.100000000000000000e+01 6.000000000000000000e+01 0.000000000000000000e+00 1.600000000000000089e+00 1.675999999999999972e-03 -1.180000000000000059e-03 9.999980000000000535e-01 -9.719999999999999474e-02 9.952640000000000375e-01 1.337000000000000081e-03 -9.952640000000000375e-01 -9.720199999999999674e-02 1.554000000000000043e-03
1.800000000000000000e+01 2.100000000000000000e+01 6.000000000000000000e+01 0.000000000000000000e+00 1.600000000000000089e+00 -1.601999999999999908e-03 6.786000000000000365e-03 9.999759999999999760e-01 -9.576999999999999402e-02 9.953800000000000425e-01 -6.908000000000000078e-03 -9.954020000000000090e-01 -9.577900000000000302e-02 -9.439999999999999607e-04
2.300000000000000000e+01 2.100000000000000000e+01 6.000000000000000000e+01 0.000000000000000000e+00 1.600000000000000089e+00 -7.550000000000000287e-04 1.776000000000000018e-03 9.999980000000000535e-01 -9.568799999999999528e-02 9.954100000000000170e-01 -1.840000000000000056e-03 -9.954110000000000458e-01 -9.568999999999999728e-02 -5.810000000000000277e-04
5.000000000000000000e+00 6.700000000000000000e+01 6.000000000000000000e+01 0.000000000000000000e+00 1.600000000000000089e+00 -1.082999999999999978e-03 -2.301999999999999793e-03 9.999970000000000248e-01 1.756139999999999923e-01 -9.844570000000000265e-01 -2.076000000000000154e-03 9.844580000000000553e-01 1.756109999999999893e-01 1.471000000000000085e-03
1.700000000000000000e+01 3.000000000000000000e+00 6.300000000000000000e+01 0.000000000000000000e+00 1.600000000000000089e+00 -1.121000000000000035e-03 -3.820000000000000045e-03 9.999919999999999920e-01 -6.132250000000000201e-01 7.899049999999999683e-01 2.330000000000000040e-03 -7.899080000000000545e-01 -6.132170000000000121e-01 -3.227999999999999967e-03
4.000000000000000000e+00 2.700000000000000000e+01 6.300000000000000000e+01 0.000000000000000000e+00 1.600000000000000089e+00 -1.381999999999999982e-03 -2.262999999999999821e-03 9.999959999999999960e-01 -2.753019999999999912e-01 9.613559999999999883e-01 1.794999999999999938e-03 -9.613570000000000171e-01 -2.752990000000000159e-01 -1.951000000000000043e-03
1.400000000000000000e+01 2.700000000000000000e+01 6.300000000000000000e+01 0.000000000000000000e+00 1.600000000000000089e+00 1.768000000000000040e-03 -5.419999999999999471e-04 9.999980000000000535e-01 -2.747550000000000270e-01 9.615139999999999798e-01 1.007000000000000083e-03 -9.615129999999999511e-01 -2.747560000000000002e-01 1.551000000000000078e-03
1.900000000000000000e+01 2.700000000000000000e+01 6.300000000000000000e+01 0.000000000000000000e+00 1.600000000000000089e+00 -1.544000000000000017e-03 1.642000000000000013e-03 9.999970000000000248e-01 -2.777229999999999976e-01 9.606590000000000407e-01 -2.005999999999999971e-03 -9.606599999999999584e-01 -2.777249999999999996e-01 -1.026999999999999918e-03
2.200000000000000000e+01 2.700000000000000000e+01 6.300000000000000000e+01 0.000000000000000000e+00 1.600000000000000089e+00 -2.869999999999999830e-04 4.323999999999999719e-03 9.999909999999999632e-01 -2.780320000000000014e-01 9.605629999999999447e-01 -4.232999999999999784e-03 -9.605719999999999814e-01 -2.780299999999999994e-01 9.259999999999999568e-04
2.500000000000000000e+01 2.700000000000000000e+01 6.300000000000000000e+01 0.000000000000000000e+00 1.600000000000000089e+00 2.739999999999999814e-03 6.145000000000000288e-03 9.999770000000000048e-01 -2.766000000000000125e-01 9.609710000000000196e-01 -5.147999999999999798e-03 -9.609809999999999741e-01 -2.765799999999999925e-01 4.331999999999999913e-03
4.000000000000000000e+00 2.600000000000000000e+01 6.400000000000000000e+01 0.000000000000000000e+00 1.600000000000000089e+00 -1.456999999999999962e-03 -1.518999999999999951e-03 9.999980000000000535e-01 -3.676470000000000016e-01 9.299650000000000416e-01 8.769999999999999584e-04 -9.299640000000000128e-01 -3.676449999999999996e-01 -1.912999999999999987e-03
1.400000000000000000e+01 2.600000000000000000e+01 6.400000000000000000e+01 0.000000000000000000e+00 1.600000000000000089e+00 2.350999999999999791e-03 1.890000000000000133e-04 9.999970000000000248e-01 -3.670669999999999766e-01 9.301939999999999653e-01 6.870000000000000022e-04 -9.301920000000000188e-01 -3.670669999999999766e-01 2.256000000000000193e-03
1.900000000000000000e+01 2.600000000000000000e+01 6.400000000000000000e+01 0.000000000000000000e+00 1.600000000000000089e+00 -1.978000000000000157e-03 2.317000000000000049e-03 9.999949999999999672e-01 -3.711459999999999759e-01 9.285700000000000065e-01 -2.886000000000000110e-03 -9.285719999999999530e-01 -3.711499999999999799e-01 -9.770000000000000039e-04
2.300000000000000000e+01 2.600000000000000000e+01 6.400000000000000000e+01 0.000000000000000000e+00 1.600000000000000089e+00 2.259999999999999910e-04 3.978999999999999898e-03 9.999919999999999920e-01 -3.717539999999999734e-01 9.283240000000000380e-01 -3.609999999999999928e-03 -9.283310000000000173e-01 -3.717500000000000249e-01 1.688999999999999963e-03
2.500000000000000000e+01 2.600000000000000000e+01 6.400000000000000000e+01 0.000000000000000000e+00 1.600000000000000089e+00 2.318000000000000182e-03 4.244000000000000376e-03 9.999879999999999880e-01 -3.701729999999999743e-01 9.289579999999999504e-01 -3.085000000000000069e-03 -9.289600000000000080e-01 -3.701619999999999910e-01 3.723999999999999880e-03
8.000000000000000000e+00 6.900000000000000000e+01 6.600000000000000000e+01 0.000000000000000000e+00 1.600000000000000089e+00 1.601999999999999908e-03 1.327000000000000055e-03 9.999980000000000535e-01 -9.536679999999999602e-01 3.008600000000000163e-01 1.129000000000000012e-03 -3.008580000000000143e-01 -9.536670000000000424e-01 1.747999999999999988e-03
2.500000000000000000e+01 6.900000000000000000e+01 6.600000000000000000e+01 0.000000000000000000e+00 1.600000000000000089e+00 8.600000000000000331e-05 -4.485000000000000271e-03 9.999900000000000455e-01 -9.488560000000000327e-01 3.157070000000000154e-01 1.497000000000000067e-03 -3.157099999999999906e-01 -9.488459999999999672e-01 -4.227999999999999987e-03
2.000000000000000000e+00 2.500000000000000000e+01 7.300000000000000000e+01 0.000000000000000000e+00 1.600000000000000089e+00 -9.229999999999999923e-04 2.007999999999999802e-03 9.999980000000000535e-01 7.579080000000000261e-01 -6.523590000000000222e-01 2.008999999999999935e-03 6.523609999999999687e-01 7.579080000000000261e-01 -9.200000000000000278e-04
7.000000000000000000e+00 2.500000000000000000e+01 7.300000000000000000e+01 0.000000000000000000e+00 1.600000000000000089e+00 1.644000000000000062e-03 1.240999999999999916e-03 9.999980000000000535e-01 7.574260000000000437e-01 -6.529209999999999736e-01 -4.350000000000000026e-04 6.529190000000000271e-01 7.574250000000000149e-01 -2.013000000000000032e-03
1.200000000000000000e+01 2.500000000000000000e+01 7.300000000000000000e+01 0.000000000000000000e+00 1.600000000000000089e+00 -3.970000000000000005e-04 4.899999999999999842e-04 1.000000000000000000e+00 7.583509999999999973e-01 -6.518469999999999542e-01 6.199999999999999999e-04 6.518469999999999542e-01 7.583509999999999973e-01 -1.119999999999999983e-04
1.900000000000000000e+01 2.500000000000000000e+01 7.300000000000000000e+01 0.000000000000000000e+00 1.600000000000000089e+00 -4.550000000000000008e-04 1.464999999999999939e-03 9.999989999999999712e-01 7.541710000000000358e-01 -6.566769999999999552e-01 1.304999999999999953e-03 6.566779999999999839e-01 7.541700000000000070e-01 -8.059999999999999673e-04
2.300000000000000000e+01 2.500000000000000000e+01 7.300000000000000000e+01 0.000000000000000000e+00 1.600000000000000089e+00 -9.409999999999999962e-04 -4.600000000000000139e-04 9.999989999999999712e-01 7.565279999999999783e-01 -6.539610000000000145e-01 4.110000000000000155e-04 6.539599999999999858e-01 7.565279999999999783e-01 9.629999999999999888e-04
2.600000000000000000e+01 2.500000000000000000e+01 7.300000000000000000e+01 0.000000000000000000e+00 1.600000000000000089e+00 -1.755999999999999965e-03 -4.129999999999999991e-03 9.999900000000000455e-01 7.559759999999999813e-01 -6.545980000000000132e-01 -1.376000000000000053e-03 6.545969999999999844e-01 7.559660000000000268e-01 4.271999999999999756e-03
4.000000000000000000e+00 4.400000000000000000e+01 7.300000000000000000e+01 0.000000000000000000e+00 1.600000000000000089e+00 7.870000000000000476e-04 -1.699999999999999905e-03 9.999980000000000535e-01 5.455999999999999739e-02 -9.985089999999999799e-01 -1.740999999999999926e-03 9.985100000000000087e-01 5.456099999999999839e-02 -6.930000000000000396e-04
9.000000000000000000e+00 4.400000000000000000e+01 7.300000000000000000e+01 0.000000000000000000e+00 1.600000000000000089e+00 3.490000000000000263e-04 4.979999999999999618e-04 1.000000000000000000e+00 5.748799999999999744e-02 -9.983459999999999557e-01 4.780000000000000178e-04 9.983459999999999557e-01 5.748799999999999744e-02 -3.770000000000000022e-04
1.500000000000000000e+01 4.400000000000000000e+01 7.300000000000000000e+01 0.000000000000000000e+00 1.600000000000000089e+00 -6.459999999999999814e-04 -1.534999999999999906e-03 9.999989999999999712e-01 5.469500000000000056e-02 -9.985020000000000007e-01 -1.497999999999999983e-03 9.985030000000000294e-01 5.469399999999999956e-02 7.290000000000000473e-04
1.900000000000000000e+01 4.400000000000000000e+01 7.300000000000000000e+01 0.000000000000000000e+00 1.600000000000000089e+00 -2.460000000000000164e-04 -8.760000000000000425e-04 1.000000000000000000e+00 5.497300000000000103e-02 -9.984870000000000134e-01 -8.610000000000000032e-04 9.984880000000000422e-01 5.497300000000000103e-02 2.939999999999999905e-04
2.500000000000000000e+01 4.400000000000000000e+01 7.300000000000000000e+01 0.000000000000000000e+00 1.600000000000000089e+00 -1.210000000000000002e-04 -3.680000000000000003e-04 1.000000000000000000e+00 5.385700000000000209e-02 -9.985490000000000199e-01 -3.609999999999999928e-04 9.985490000000000199e-01 5.385700000000000209e-02 1.399999999999999877e-04
2.800000000000000000e+01 4.400000000000000000e+01 7.300000000000000000e+01 0.000000000000000000e+00 1.600000000000000089e+00 2.449999999999999921e-04 -6.819999999999999890e-04 1.000000000000000000e+00 5.351299999999999807e-02 -9.985669999999999824e-01 -6.939999999999999555e-04 9.985669999999999824e-01 5.351299999999999807e-02 -2.079999999999999872e-04
2.000000000000000000e+00 9.100000000000000000e+01 7.600000000000000000e+01 0.000000000000000000e+00 1.600000000000000089e+00 -2.439999999999999895e-03 1.226000000000000093e-03 9.999959999999999960e-01 3.123879999999999990e-01 -9.499530000000000474e-01 1.926999999999999894e-03 9.499509999999999899e-01 3.123920000000000030e-01 1.935000000000000088e-03
6.000000000000000000e+00 9.100000000000000000e+01 7.600000000000000000e+01 0.000000000000000000e+00 1.600000000000000089e+00 -1.659999999999999963e-04 -1.683999999999999950e-03 9.999989999999999712e-01 3.208880000000000066e-01 -9.471159999999999579e-01 -1.541000000000000052e-03 9.471169999999999867e-01 3.208880000000000066e-01 6.980000000000000527e-04
1.100000000000000000e+01 9.100000000000000000e+01 7.600000000000000000e+01 0.000000000000000000e+00 1.600000000000000089e+00 1.968999999999999830e-03 -9.319999999999999942e-04 9.999980000000000535e-01 3.195979999999999932e-01 -9.475519999999999499e-01 -1.512000000000000106e-03 9.475510000000000321e-01 3.195999999999999952e-01 -1.567999999999999949e-03
1.700000000000000000e+01 9.100000000000000000e+01 7.600000000000000000e+01 0.000000000000000000e+00 1.600000000000000089e+00 -2.139999999999999975e-03 -1.456000000000000046e-03 9.999970000000000248e-01 3.009669999999999845e-01 -9.536339999999999817e-01 -7.439999999999999782e-04 9.536320000000000352e-01 3.009640000000000093e-01 2.478999999999999867e-03
2.100000000000000000e+01 9.100000000000000000e+01 7.600000000000000000e+01 0.000000000000000000e+00 1.600000000000000089e+00 -4.099999999999999912e-04 2.930000000000000204e-04 1.000000000000000000e+00 2.920800000000000063e-01 -9.563939999999999664e-01 4.000000000000000192e-04 9.563939999999999664e-01 2.920800000000000063e-01 3.069999999999999812e-04
2.500000000000000000e+01 9.100000000000000000e+01 7.600000000000000000e+01 0.000000000000000000e+00 1.600000000000000089e+00 -8.710000000000000294e-04 2.970000000000000092e-04 1.000000000000000000e+00 2.987879999999999980e-01 -9.543190000000000284e-01 5.439999999999999957e-04 9.543190000000000284e-01 2.987890000000000268e-01 7.429999999999999539e-04
1.900000000000000000e+01 6.300000000000000000e+01 8.100000000000000000e+01 0.000000000000000000e+00 1.600000000000000089e+00 -1.599999999999999928e-05 7.040000000000000251e-03 9.999749999999999472e-01 3.079199999999999993e-02 -9.995009999999999728e-01 7.036999999999999852e-03 9.995260000000000256e-01 3.079099999999999893e-02 -2.000000000000000096e-04
6.000000000000000000e+00 1.020000000000000000e+02 8.200000000000000000e+01 0.000000000000000000e+00 1.600000000000000089e+00 -6.350000000000000392e-04 -2.933999999999999976e-03 -9.999949999999999672e-01 -6.403410000000000490e-01 7.680890000000000217e-01 -1.846999999999999901e-03 7.680900000000000505e-01 6.403370000000000450e-01 -2.366000000000000048e-03
3.000000000000000000e+00 4.400000000000000000e+01 8.300000000000000000e+01 0.000000000000000000e+00 1.600000000000000089e+00 8.800000000000000313e-04 5.810000000000000277e-04 1.000000000000000000e+00 5.847489999999999633e-01 -8.112139999999999906e-01 -4.399999999999999886e-05 8.112139999999999906e-01 5.847489999999999633e-01 -1.054000000000000032e-03
1.300000000000000000e+01 4.400000000000000000e+01 8.300000000000000000e+01 0.000000000000000000e+00 1.600000000000000089e+00 -1.110000000000000092e-03 6.058000000000000017e-03 9.999810000000000088e-01 5.802089999999999748e-01 -8.144479999999999498e-01 5.577999999999999625e-03 8.144670000000000520e-01 5.802049999999999708e-01 -2.611000000000000040e-03
