2.000000000000000000e+01 1.500000000000000000e+01 4.000000000000000000e+00 0.000000000000000000e+00 1.600000000000000089e+00 2.135999999999999878e-03 8.449999999999999178e-03 9.999620000000000175e-01 2.869590000000000196e-01 -9.579140000000000432e-01 7.481999999999999935e-03 9.579400000000000137e-01 2.869329999999999936e-01 -4.471000000000000148e-03
2.500000000000000000e+01 1.500000000000000000e+01 4.000000000000000000e+00 0.000000000000000000e+00 1.600000000000000089e+00 -1.587000000000000086e-03 -6.473999999999999720e-03 9.999780000000000335e-01 2.878539999999999988e-01 -9.576569999999999805e-01 -5.742999999999999841e-03 9.576729999999999965e-01 2.878390000000000115e-01 3.383000000000000156e-03
1.100000000000000000e+01 1.600000000000000000e+01 4.000000000000000000e+00 0.000000000000000000e+00 1.600000000000000089e+00 7.301000000000000198e-03 -1.187299999999999987e-02 9.999029999999999863e-01 3.410020000000000273e-01 -9.399640000000000217e-01 -1.365099999999999994e-02 9.400340000000000362e-01 3.410679999999999823e-01 -2.814000000000000095e-03
9.000000000000000000e+00 1.010000000000000000e+02 7.000000000000000000e+00 0.000000000000000000e+00 1.600000000000000089e+00 9.240000000000000166e-04 -1.288999999999999998e-03 9.999989999999999712e-01 8.838780000000000525e-01 4.677180000000000226e-01 -2.139999999999999975e-04 -4.677169999999999939e-01 8.838770000000000238e-01 1.572000000000000047e-03
2.100000000000000000e+01 1.010000000000000000e+02 7.000000000000000000e+00 0.000000000000000000e+00 1.600000000000000089e+00 -1.083999999999999894e-03 -1.023100000000000051e-02 9.999470000000000303e-01 8.866829999999999989e-01 4.623430000000000040e-01 5.692000000000000011e-03 -4.623769999999999825e-01 8.866420000000000412e-01 8.571000000000000493e-03
3.000000000000000000e+01 1.010000000000000000e+02 7.000000000000000000e+00 0.000000000000000000e+00 1.600000000000000089e+00 1.824000000000000100e-03 4.492999999999999598e-03 9.999879999999999880e-01 8.855389999999999651e-01 4.645509999999999917e-01 -3.703000000000000128e-03 -4.645619999999999750e-01 8.855349999999999611e-01 -3.131000000000000102e-03
3.000000000000000000e+00 1.500000000000000000e+01 8.000000000000000000e+00 0.000000000000000000e+00 1.600000000000000089e+00 5.959999999999999586e-04 -7.029999999999999791e-03 -9.999749999999999472e-01 -5.773359999999999603e-01 -8.164890000000000203e-01 5.394999999999999622e-03 -8.165059999999999540e-01 5.773179999999999978e-01 -4.545000000000000429e-03
6.000000000000000000e+00 1.500000000000000000e+01 8.000000000000000000e+00 0.000000000000000000e+00 1.600000000000000089e+00 -3.043000000000000132e-03 -1.009999999999999960e-02 -9.999440000000000550e-01 -5.778990000000000515e-01 -8.160469999999999668e-01 1.000099999999999947e-02 -8.161030000000000229e-01 5.778969999999999940e-01 -3.354000000000000210e-03
1.100000000000000000e+01 1.500000000000000000e+01 8.000000000000000000e+00 0.000000000000000000e+00 1.600000000000000089e+00 -8.214000000000000815e-03 -1.331700000000000071e-02 -9.998780000000000445e-01 -5.828100000000000502e-01 -8.124580000000000135e-01 1.560899999999999961e-02 -8.125670000000000393e-01 5.828670000000000240e-01 -1.087999999999999991e-03
1.700000000000000000e+01 1.500000000000000000e+01 8.000000000000000000e+00 0.000000000000000000e+00 1.600000000000000089e+00 -2.165999999999999957e-03 2.149999999999999947e-04 -9.999980000000000535e-01 -5.852199999999999624e-01 -8.108739999999999837e-01 1.093000000000000005e-03 -8.108720000000000372e-01 5.852209999999999912e-01 1.881999999999999992e-03
2.200000000000000000e+01 1.500000000000000000e+01 8.000000000000000000e+00 0.000000000000000000e+00 1.600000000000000089e+00 1.259999999999999998e-04 2.909999999999999826e-03 -9.999959999999999960e-01 -5.844019999999999770e-01 -8.114609999999999879e-01 -2.435000000000000098e-03 -8.114639999999999631e-01 5.844000000000000306e-01 1.598999999999999944e-03
2.900000000000000000e+01 1.500000000000000000e+01 8.000000000000000000e+00 0.000000000000000000e+00 1.600000000000000089e+00 3.000000000000000076e-06 -4.727000000000000299e-03 -9.999890000000000168e-01 -5.831709999999999949e-01 -8.123399999999999510e-01 3.837999999999999832e-03 -8.123500000000000165e-01 5.831640000000000157e-01 -2.759000000000000168e-03
3.000000000000000000e+00 2.600000000000000000e+01 8.000000000000000000e+00 0.000000000000000000e+00 1.600000000000000089e+00 5.019999999999999506e-04 3.937999999999999660e-03 -9.999919999999999920e-01 4.106719999999999815e-01 9.117750000000000021e-01 3.797000000000000028e-03 9.117830000000000101e-01 -4.106710000000000083e-01 -1.160000000000000007e-03
1.000000000000000000e+01 2.600000000000000000e+01 8.000000000000000000e+00 0.000000000000000000e+00 1.600000000000000089e+00 5.846999999999999767e-03 1.150699999999999987e-02 -9.999169999999999447e-01 4.085449999999999915e-01 9.126469999999999860e-01 1.289200000000000068e-02 9.127189999999999470e-01 -4.085860000000000047e-01 6.350000000000000392e-04
1.500000000000000000e+01 2.600000000000000000e+01 8.000000000000000000e+00 0.000000000000000000e+00 1.600000000000000089e+00 3.959999999999999978e-03 8.229000000000000203e-03 -9.999580000000000135e-01 4.068240000000000189e-01 9.134609999999999674e-01 9.128000000000000697e-03 9.134980000000000322e-01 -4.068430000000000102e-01 2.689999999999999791e-04
2.000000000000000000e+01 2.600000000000000000e+01 8.000000000000000000e+00 0.000000000000000000e+00 1.600000000000000089e+00 1.463000000000000108e-03 5.780999999999999681e-03 -9.999820000000000375e-01 4.047350000000000114e-01 9.144149999999999778e-01 5.878000000000000412e-03 9.144330000000000513e-01 -4.047359999999999847e-01 -1.002000000000000069e-03
2.400000000000000000e+01 2.600000000000000000e+01 8.000000000000000000e+00 0.000000000000000000e+00 1.600000000000000089e+00 1.360000000000000098e-03 4.060000000000000024e-04 -9.999989999999999712e-01 4.046660000000000257e-01 9.144640000000000546e-01 9.219999999999999680e-04 9.144630000000000258e-01 -4.046669999999999989e-01 1.079000000000000098e-03
3.000000000000000000e+00 2.400000000000000000e+01 9.000000000000000000e+00 0.000000000000000000e+00 1.600000000000000089e+00 5.800000000000000034e-04 5.858999999999999625e-03 -9.999829999999999552e-01 4.626700000000000257e-01 8.865140000000000242e-01 5.462999999999999974e-03 8.865309999999999580e-01 -4.626649999999999929e-01 -2.197000000000000168e-03
9.000000000000000000e+00 2.400000000000000000e+01 9.000000000000000000e+00 0.000000000000000000e+00 1.600000000000000089e+00 5.692000000000000011e-03 9.409000000000000696e-03 -9.999400000000000510e-01 4.599739999999999940e-01 8.878639999999999866e-01 1.097300000000000011e-02 8.879139999999999810e-01 -4.600090000000000012e-01 7.259999999999999743e-04
2.700000000000000000e+01 2.400000000000000000e+01 9.000000000000000000e+00 0.000000000000000000e+00 1.600000000000000089e+00 1.451000000000000033e-03 1.835000000000000043e-03 -9.999970000000000248e-01 4.577769999999999895e-01 8.890639999999999654e-01 2.295999999999999864e-03 8.890660000000000229e-01 -4.577789999999999915e-01 4.499999999999999877e-04
1.100000000000000000e+01 1.040000000000000000e+02 1.100000000000000000e+01 0.000000000000000000e+00 1.600000000000000089e+00 -2.190000000000000106e-03 4.527999999999999907e-03 9.999869999999999592e-01 -9.737930000000000197e-01 -2.274349999999999983e-01 -1.103000000000000031e-03 2.274269999999999903e-01 -9.737829999999999542e-01 4.908000000000000036e-03
7.000000000000000000e+00 3.100000000000000000e+01 1.200000000000000000e+01 0.000000000000000000e+00 1.600000000000000089e+00 -8.350000000000000217e-04 4.998999999999999971e-03 9.999869999999999592e-01 4.440000000000000370e-03 9.999780000000000335e-01 -4.995000000000000308e-03 -9.999900000000000455e-01 4.435999999999999839e-03 -8.580000000000000387e-04
1.400000000000000000e+01 3.100000000000000000e+01 1.200000000000000000e+01 0.000000000000000000e+00 1.600000000000000089e+00 4.350000000000000026e-04 6.000000000000000152e-05 1.000000000000000000e+00 7.296000000000000402e-03 9.999730000000000008e-01 -6.299999999999999990e-05 -9.999730000000000008e-01 7.296000000000000402e-03 4.339999999999999782e-04
1.900000000000000000e+01 3.100000000000000000e+01 1.200000000000000000e+01 0.000000000000000000e+00 1.600000000000000089e+00 2.128000000000000117e-03 2.461000000000000080e-03 9.999949999999999672e-01 9.405000000000000165e-03 9.999529999999999808e-01 -2.481000000000000132e-03 -9.999540000000000095e-01 9.409999999999999962e-03 2.103999999999999967e-03
6.000000000000000000e+00 1.200000000000000000e+01 1.500000000000000000e+01 0.000000000000000000e+00 1.600000000000000089e+00 -2.331999999999999872e-03 -3.203999999999999817e-03 -9.999919999999999920e-01 -4.710820000000000007e-01 -8.820810000000000040e-01 3.924999999999999670e-03 -8.820869999999999544e-01 4.710869999999999780e-01 5.479999999999999845e-04
1.000000000000000000e+01 1.200000000000000000e+01 1.500000000000000000e+01 0.000000000000000000e+00 1.600000000000000089e+00 -5.890000000000000270e-03 -3.017000000000000150e-03 -9.999780000000000335e-01 -4.691270000000000162e-01 -8.831139999999999546e-01 5.427000000000000400e-03 -8.831109999999999793e-01 4.691489999999999827e-01 3.785999999999999869e-03
1.700000000000000000e+01 1.200000000000000000e+01 1.500000000000000000e+01 0.000000000000000000e+00 1.600000000000000089e+00 -1.680999999999999986e-03 -7.280000000000000013e-03 -9.999719999999999720e-01 -4.698249999999999926e-01 -8.827300000000000146e-01 7.216000000000000192e-03 -8.827580000000000426e-01 4.698240000000000194e-01 -1.936000000000000004e-03
2.600000000000000000e+01 1.200000000000000000e+01 1.500000000000000000e+01 0.000000000000000000e+00 1.600000000000000089e+00 -2.001999999999999873e-03 -2.392000000000000029e-03 -9.999949999999999672e-01 -4.667970000000000175e-01 -8.843590000000000062e-01 3.050000000000000194e-03 -8.843619999999999814e-01 4.668010000000000215e-01 6.539999999999999590e-04
3.000000000000000000e+01 1.200000000000000000e+01 1.500000000000000000e+01 0.000000000000000000e+00 1.600000000000000089e+00 -1.926999999999999894e-03 -1.838999999999999923e-03 -9.999959999999999960e-01 -4.637479999999999936e-01 -8.859639999999999738e-01 2.523000000000000069e-03 -8.859650000000000025e-01 4.637510000000000243e-01 8.540000000000000499e-04
2.300000000000000000e+01 1.160000000000000000e+02 1.600000000000000000e+01 0.000000000000000000e+00 1.600000000000000089e+00 8.390000000000000105e-04 -1.160000000000000007e-04 1.000000000000000000e+00 6.807180000000000453e-01 7.325450000000000017e-01 -4.859999999999999954e-04 -7.325450000000000017e-01 6.807180000000000453e-01 6.939999999999999555e-04
3.000000000000000000e+00 2.000000000000000000e+00 1.900000000000000000e+01 0.000000000000000000e+00 1.600000000000000089e+00 6.800000000000000488e-04 -3.390000000000000001e-04 -1.000000000000000000e+00 1.648290000000000033e-01 -9.863220000000000320e-01 4.470000000000000232e-04 -9.863220000000000320e-01 -1.648290000000000033e-01 -6.149999999999999868e-04
7.000000000000000000e+00 2.000000000000000000e+00 1.900000000000000000e+01 0.000000000000000000e+00 1.600000000000000089e+00 -1.863999999999999988e-03 -3.464000000000000065e-03 -9.999919999999999920e-01 1.694599999999999995e-01 -9.855319999999999636e-01 3.098000000000000059e-03 -9.855350000000000499e-01 -1.694529999999999925e-01 2.423999999999999939e-03
2.100000000000000000e+01 2.000000000000000000e+00 1.900000000000000000e+01 0.000000000000000000e+00 1.600000000000000089e+00 8.620000000000000275e-04 1.907999999999999974e-03 -9.999980000000000535e-01 1.839899999999999869e-01 -9.829269999999999952e-01 -1.716000000000000077e-03 -9.829280000000000239e-01 -1.839880000000000126e-01 -1.198999999999999979e-03
2.700000000000000000e+01 2.000000000000000000e+00 1.900000000000000000e+01 0.000000000000000000e+00 1.600000000000000089e+00 -1.714999999999999945e-03 -4.749999999999999990e-04 -9.999980000000000535e-01 1.797030000000000016e-01 -9.837209999999999566e-01 1.589999999999999888e-04 -9.837190000000000101e-01 -1.797020000000000006e-01 1.771999999999999921e-03
1.000000000000000000e+00 4.000000000000000000e+00 2.000000000000000000e+01 0.000000000000000000e+00 1.600000000000000089e+00 3.080999999999999971e-03 9.370000000000000074e-04 -9.999949999999999672e-01 2.559000000000000163e-01 -9.667029999999999790e-01 -1.179999999999999951e-04 -9.666979999999999462e-01 -2.558989999999999876e-01 -3.217999999999999940e-03
9.000000000000000000e+00 4.000000000000000000e+00 2.000000000000000000e+01 0.000000000000000000e+00 1.600000000000000089e+00 1.126000000000000048e-03 -9.270999999999999727e-03 -9.999559999999999560e-01 2.678579999999999850e-01 -9.634139999999999926e-01 9.233999999999999153e-03 -9.634580000000000366e-01 -2.678570000000000118e-01 1.397999999999999937e-03
1.600000000000000000e+01 4.000000000000000000e+00 2.000000000000000000e+01 0.000000000000000000e+00 1.600000000000000089e+00 2.050999999999999872e-03 3.105999999999999820e-03 -9.999930000000000208e-01 2.744079999999999853e-01 -9.616099999999999648e-01 -2.423999999999999939e-03 -9.616109999999999935e-01 -2.744010000000000060e-01 -2.824000000000000121e-03
2.800000000000000000e+01 4.000000000000000000e+00 2.000000000000000000e+01 0.000000000000000000e+00 1.600000000000000089e+00 1.623000000000000094e-03 -5.112000000000000224e-03 -9.999860000000000415e-01 2.711009999999999809e-01 -9.625359999999999472e-01 5.361000000000000314e-03 -9.625500000000000167e-01 -2.711060000000000136e-01 -1.769999999999999926e-04
8.000000000000000000e+00 1.300000000000000000e+01 2.000000000000000000e+01 0.000000000000000000e+00 1.600000000000000089e+00 -1.060000000000000016e-04 8.328999999999999598e-03 9.999649999999999928e-01 2.590290000000000092e-01 9.658360000000000278e-01 -8.016999999999999821e-03 -9.658700000000000063e-01 2.590189999999999992e-01 -2.259000000000000157e-03
1.400000000000000000e+01 1.300000000000000000e+01 2.000000000000000000e+01 0.000000000000000000e+00 1.600000000000000089e+00 -1.730000000000000038e-04 3.373999999999999829e-03 9.999940000000000495e-01 2.597479999999999789e-01 9.656709999999999461e-01 -3.213000000000000144e-03 -9.656759999999999788e-01 2.597459999999999769e-01 -1.044000000000000006e-03
1.700000000000000000e+01 1.300000000000000000e+01 2.000000000000000000e+01 0.000000000000000000e+00 1.600000000000000089e+00 3.099999999999999999e-04 -4.226999999999999855e-03 9.999909999999999632e-01 2.598030000000000062e-01 9.656529999999999836e-01 4.002000000000000349e-03 -9.656620000000000203e-01 2.597990000000000022e-01 1.397000000000000021e-03
2.500000000000000000e+01 1.300000000000000000e+01 2.000000000000000000e+01 0.000000000000000000e+00 1.600000000000000089e+00 -1.050000000000000044e-04 7.629999999999999630e-03 9.999710000000000543e-01 2.597909999999999942e-01 9.656369999999999676e-01 -7.341000000000000303e-03 -9.656649999999999956e-01 2.597829999999999862e-01 -2.083999999999999915e-03
2.900000000000000000e+01 1.300000000000000000e+01 2.000000000000000000e+01 0.000000000000000000e+00 1.600000000000000089e+00 2.919999999999999961e-04 9.476000000000000048e-03 9.999550000000000383e-01 2.574730000000000074e-01 9.662410000000000165e-01 -9.232000000000000622e-03 -9.662859999999999783e-01 2.574640000000000262e-01 -2.157000000000000063e-03
9.000000000000000000e+00 1.600000000000000000e+01 2.100000000000000000e+01 0.000000000000000000e+00 1.600000000000000089e+00 4.009999999999999893e-04 9.405999999999999431e-03 9.999559999999999560e-01 2.982739999999999836e-01 9.544369999999999798e-01 -9.096999999999999184e-03 -9.544799999999999951e-01 2.982650000000000023e-01 -2.422999999999999807e-03
1.400000000000000000e+01 1.600000000000000000e+01 2.100000000000000000e+01 0.000000000000000000e+00 1.600000000000000089e+00 1.420000000000000092e-04 4.373000000000000151e-03 9.999900000000000455e-01 2.991530000000000022e-01 9.541960000000000441e-01 -4.214999999999999997e-03 -9.542049999999999699e-01 2.991510000000000002e-01 -1.172999999999999998e-03
2.300000000000000000e+01 1.600000000000000000e+01 2.100000000000000000e+01 0.000000000000000000e+00 1.600000000000000089e+00 -1.116999999999999937e-03 9.089999999999999773e-04 9.999989999999999712e-01 2.983839999999999826e-01 9.544460000000000166e-01 -5.349999999999999938e-04 -9.544449999999999878e-01 2.983830000000000093e-01 -1.337000000000000081e-03
2.700000000000000000e+01 1.600000000000000000e+01 2.100000000000000000e+01 0.000000000000000000e+00 1.600000000000000089e+00 -1.521000000000000000e-03 4.834999999999999888e-03 9.999869999999999592e-01 2.953770000000000007e-01 9.553719999999999990e-01 -4.170000000000000095e-03 -9.553789999999999782e-01 2.953669999999999907e-01 -2.880999999999999880e-03
1.200000000000000000e+01 4.600000000000000000e+01 2.700000000000000000e+01 0.000000000000000000e+00 1.600000000000000089e+00 3.937000000000000395e-03 1.786000000000000044e-03 -9.999909999999999632e-01 6.768579999999999597e-01 7.361020000000000341e-01 3.980000000000000031e-03 7.361029999999999518e-01 -6.768680000000000252e-01 1.688999999999999963e-03
2.500000000000000000e+01 4.600000000000000000e+01 2.700000000000000000e+01 0.000000000000000000e+00 1.600000000000000089e+00 -1.371000000000000040e-03 -8.400000000000000348e-04 -9.999989999999999712e-01 6.825280000000000236e-01 7.308569999999999789e-01 -1.549999999999999946e-03 7.308580000000000076e-01 -6.825299999999999701e-01 -4.290000000000000193e-04
1.000000000000000000e+00 5.800000000000000000e+01 3.100000000000000000e+01 0.000000000000000000e+00 1.600000000000000089e+00 -6.710000000000000469e-04 -5.709999999999999798e-03 9.999829999999999552e-01 -7.919899999999999718e-01 -6.105199999999999516e-01 -4.016999999999999738e-03 6.105329999999999924e-01 -7.919800000000000173e-01 -4.112000000000000204e-03
6.000000000000000000e+00 5.800000000000000000e+01 3.100000000000000000e+01 0.000000000000000000e+00 1.600000000000000089e+00 -7.110000000000000434e-04 2.024000000000000191e-03 9.999980000000000535e-01 -7.953770000000000007e-01 -6.061140000000000416e-01 6.610000000000000207e-04 6.061140000000000416e-01 -7.953750000000000542e-01 2.040999999999999846e-03
1.000000000000000000e+01 5.800000000000000000e+01 3.100000000000000000e+01 0.000000000000000000e+00 1.600000000000000089e+00 -5.000000000000000240e-05 1.064000000000000059e-03 9.999989999999999712e-01 -7.988929999999999643e-01 -6.014730000000000354e-01 6.009999999999999717e-04 6.014730000000000354e-01 -7.988920000000000465e-01 8.800000000000000313e-04
1.800000000000000000e+01 5.800000000000000000e+01 3.100000000000000000e+01 0.000000000000000000e+00 1.600000000000000089e+00 1.840000000000000001e-04 3.948000000000000120e-03 9.999919999999999920e-01 -8.018899999999999917e-01 -5.974669999999999703e-01 2.507000000000000114e-03 5.974720000000000031e-01 -8.018840000000000412e-01 3.056000000000000123e-03
2.100000000000000000e+01 5.800000000000000000e+01 3.100000000000000000e+01 0.000000000000000000e+00 1.600000000000000089e+00 2.896000000000000137e-03 3.954000000000000049e-03 9.999879999999999880e-01 -8.023689999999999989e-01 -5.968099999999999516e-01 4.682999999999999663e-03 5.968210000000000459e-01 -8.023730000000000029e-01 1.445000000000000104e-03
2.800000000000000000e+01 5.800000000000000000e+01 3.100000000000000000e+01 0.000000000000000000e+00 1.600000000000000089e+00 -1.018999999999999941e-03 4.197000000000000210e-03 9.999909999999999632e-01 -7.994909999999999517e-01 -6.006759999999999877e-01 1.706999999999999967e-03 6.006770000000000165e-01 -7.994820000000000260e-01 3.968000000000000173e-03
4.000000000000000000e+00 6.000000000000000000e+00 3.200000000000000000e+01 0.000000000000000000e+00 1.600000000000000089e+00 2.308000000000000156e-03 5.586999999999999952e-03 -9.999820000000000375e-01 1.802789999999999948e-01 9.835979999999999723e-01 5.911999999999999721e-03 9.836129999999999596e-01 -1.802900000000000058e-01 1.263000000000000017e-03
9.000000000000000000e+00 6.000000000000000000e+00 3.200000000000000000e+01 0.000000000000000000e+00 1.600000000000000089e+00 1.188000000000000037e-03 -1.253999999999999906e-03 -9.999989999999999712e-01 1.723880000000000134e-01 9.850290000000000434e-01 -1.030000000000000100e-03 9.850290000000000434e-01 -1.723860000000000114e-01 1.386999999999999995e-03
3.000000000000000000e+00 4.600000000000000000e+01 3.500000000000000000e+01 0.000000000000000000e+00 1.600000000000000089e+00 1.644999999999999978e-03 -3.654999999999999829e-03 -9.999919999999999920e-01 3.871919999999999806e-01 -9.219910000000000050e-01 4.007000000000000145e-03 -9.219979999999999842e-01 -3.871950000000000114e-01 -1.010000000000000020e-04
7.000000000000000000e+00 4.600000000000000000e+01 3.500000000000000000e+01 0.000000000000000000e+00 1.600000000000000089e+00 -3.049999999999999868e-04 -1.510000000000000057e-03 -9.999989999999999712e-01 3.880970000000000253e-01 -9.216180000000000483e-01 1.273000000000000043e-03 -9.216189999999999660e-01 -3.880959999999999965e-01 8.670000000000000406e-04
1.000000000000000000e+01 4.600000000000000000e+01 3.500000000000000000e+01 0.000000000000000000e+00 1.600000000000000089e+00 -7.690000000000000438e-04 -3.420999999999999996e-03 -9.999940000000000495e-01 3.881009999999999738e-01 -9.216130000000000155e-01 2.854000000000000200e-03 -9.216170000000000195e-01 -3.880959999999999965e-01 2.037000000000000182e-03
1.500000000000000000e+01 4.600000000000000000e+01 3.500000000000000000e+01 0.000000000000000000e+00 1.600000000000000089e+00 6.160000000000000111e-04 -6.430000000000000169e-04 -1.000000000000000000e+00 3.863739999999999952e-01 -9.223419999999999952e-01 8.310000000000000329e-04 -9.223419999999999952e-01 -3.863739999999999952e-01 -3.200000000000000262e-04
1.800000000000000000e+01 4.600000000000000000e+01 3.500000000000000000e+01 0.000000000000000000e+00 1.600000000000000089e+00 5.299999999999999807e-04 3.350000000000000113e-03 -9.999940000000000495e-01 3.862639999999999962e-01 -9.223839999999999817e-01 -2.884999999999999978e-03 -9.223879999999999857e-01 -3.862599999999999922e-01 -1.781999999999999947e-03
2.200000000000000000e+01 4.600000000000000000e+01 3.500000000000000000e+01 0.000000000000000000e+00 1.600000000000000089e+00 1.433000000000000029e-03 3.680000000000000111e-03 -9.999919999999999920e-01 3.862889999999999935e-01 -9.223740000000000272e-01 -2.841000000000000209e-03 -9.223770000000000024e-01 -3.862820000000000142e-01 -2.743999999999999911e-03
4.000000000000000000e+00 9.500000000000000000e+01 3.600000000000000000e+01 0.000000000000000000e+00 1.600000000000000089e+00 3.690000000000000138e-03 -1.444299999999999924e-02 9.998890000000000278e-01 9.967540000000000289e-01 8.046699999999999686e-02 -2.516000000000000007e-03 -8.042100000000000637e-02 9.966530000000000111e-01 1.469299999999999946e-02
1.200000000000000000e+01 9.500000000000000000e+01 3.600000000000000000e+01 0.000000000000000000e+00 1.600000000000000089e+00 2.213999999999999822e-03 -5.080999999999999579e-03 9.999850000000000128e-01 9.965699999999999559e-01 8.273500000000000298e-02 -1.786000000000000044e-03 -8.272400000000000586e-02 9.965589999999999726e-01 5.246999999999999928e-03
2.800000000000000000e+01 9.500000000000000000e+01 3.600000000000000000e+01 0.000000000000000000e+00 1.600000000000000089e+00 -1.353000000000000036e-02 -3.038400000000000128e-02 9.994469999999999743e-01 9.970310000000000006e-01 7.535999999999999643e-02 1.578900000000000095e-02 -7.579800000000000426e-02 9.966930000000000511e-01 2.927400000000000141e-02
3.000000000000000000e+00 2.900000000000000000e+01 4.400000000000000000e+01 0.000000000000000000e+00 1.600000000000000089e+00 -1.358999999999999965e-03 1.747000000000000072e-03 -9.999970000000000248e-01 6.747699999999999809e-01 7.380280000000000173e-01 3.730000000000000134e-04 7.380269999999999886e-01 -6.747680000000000344e-01 -2.181999999999999912e-03
6.000000000000000000e+00 2.900000000000000000e+01 4.400000000000000000e+01 0.000000000000000000e+00 1.600000000000000089e+00 -1.709999999999999932e-03 8.809999999999999472e-04 -9.999980000000000535e-01 6.835229999999999917e-01 7.299290000000000500e-01 -5.259999999999999919e-04 7.299269999999999925e-01 -6.835229999999999917e-01 -1.850000000000000082e-03
1.000000000000000000e+01 2.900000000000000000e+01 4.400000000000000000e+01 0.000000000000000000e+00 1.600000000000000089e+00 -5.800000000000000034e-05 -4.185999999999999617e-03 -9.999909999999999632e-01 6.882200000000000539e-01 7.254950000000000010e-01 -3.076999999999999874e-03 7.255019999999999802e-01 -6.882139999999999924e-01 2.838999999999999944e-03
1.600000000000000000e+01 2.900000000000000000e+01 4.400000000000000000e+01 0.000000000000000000e+00 1.600000000000000089e+00 1.876999999999999979e-03 -7.370999999999999948e-03 -9.999710000000000543e-01 6.824829999999999508e-01 7.308900000000000396e-01 -4.107000000000000407e-03 7.308989999999999654e-01 -6.824559999999999516e-01 6.401999999999999705e-03
2.800000000000000000e+01 2.900000000000000000e+01 4.400000000000000000e+01 0.000000000000000000e+00 1.600000000000000089e+00 -2.563999999999999873e-03 -2.978000000000000178e-03 -9.999919999999999920e-01 6.693940000000000445e-01 7.428970000000000296e-01 -3.929000000000000201e-03 7.429029999999999800e-01 -6.693989999999999663e-01 8.899999999999999491e-05
2.300000000000000000e+01 5.400000000000000000e+01 4.600000000000000000e+01 0.000000000000000000e+00 1.600000000000000089e+00 -3.409999999999999945e-04 8.403000000000000747e-03 9.999649999999999928e-01 3.425980000000000136e-01 -9.394479999999999498e-01 8.012000000000000025e-03 9.394820000000000393e-01 3.425889999999999769e-01 -2.559000000000000077e-03
6.000000000000000000e+00 6.500000000000000000e+01 4.600000000000000000e+01 0.000000000000000000e+00 1.600000000000000089e+00 2.239999999999999966e-04 -1.142000000000000003e-03 9.999989999999999712e-01 6.822129999999999583e-01 -7.311530000000000529e-01 -9.879999999999999460e-04 7.311530000000000529e-01 6.822129999999999583e-01 6.149999999999999868e-04
1.200000000000000000e+01 6.500000000000000000e+01 4.600000000000000000e+01 0.000000000000000000e+00 1.600000000000000089e+00 -1.500000000000000038e-05 5.450000000000000200e-04 1.000000000000000000e+00 6.818109999999999449e-01 -7.315279999999999561e-01 4.090000000000000211e-04 7.315279999999999561e-01 6.818109999999999449e-01 -3.600000000000000227e-04
2.500000000000000000e+01 6.500000000000000000e+01 4.600000000000000000e+01 0.000000000000000000e+00 1.600000000000000089e+00 -2.648000000000000180e-03 1.855000000000000095e-03 9.999949999999999672e-01 6.813150000000000039e-01 -7.319839999999999680e-01 3.161999999999999880e-03 7.319860000000000255e-01 6.813200000000000367e-01 6.740000000000000114e-04
2.000000000000000000e+00 5.000000000000000000e+00 5.100000000000000000e+01 0.000000000000000000e+00 1.600000000000000089e+00 -3.600000000000000227e-04 -4.969999999999999592e-03 -9.999879999999999880e-01 4.804399999999999782e-01 -8.770170000000000465e-01 4.185999999999999617e-03 -8.770270000000000010e-01 -4.804329999999999989e-01 2.703999999999999806e-03
5.000000000000000000e+00 5.000000000000000000e+00 5.100000000000000000e+01 0.000000000000000000e+00 1.600000000000000089e+00 1.497000000000000067e-03 -2.000000000000000042e-03 -9.999970000000000248e-01 4.821529999999999982e-01 -8.760829999999999451e-01 2.474000000000000071e-03 -8.760860000000000314e-01 -4.821559999999999735e-01 -3.480000000000000020e-04
1.200000000000000000e+01 5.000000000000000000e+00 5.100000000000000000e+01 0.000000000000000000e+00 1.600000000000000089e+00 -2.400999999999999922e-03 3.233000000000000197e-03 -9.999919999999999920e-01 4.866170000000000218e-01 -8.736059999999999937e-01 -3.991999999999999889e-03 -8.736120000000000552e-01 -4.866219999999999990e-01 5.240000000000000517e-04
2.000000000000000000e+00 7.000000000000000000e+00 5.200000000000000000e+01 0.000000000000000000e+00 1.600000000000000089e+00 -2.242000000000000069e-03 -2.750999999999999973e-03 -9.999940000000000495e-01 7.431799999999999518e-02 -9.972309999999999786e-01 2.576999999999999864e-03 -9.972320000000000073e-01 -7.431100000000000205e-02 2.439999999999999895e-03
2.600000000000000000e+01 7.000000000000000000e+00 5.200000000000000000e+01 0.000000000000000000e+00 1.600000000000000089e+00 -1.098000000000000018e-03 -2.188999999999999974e-03 -9.999970000000000248e-01 8.366999999999999438e-02 -9.964910000000000156e-01 2.089000000000000145e-03 -9.964929999999999621e-01 -8.366700000000000526e-02 1.276999999999999923e-03
2.500000000000000000e+01 1.500000000000000000e+01 5.300000000000000000e+01 0.000000000000000000e+00 1.600000000000000089e+00 3.119999999999999944e-04 1.000999999999999937e-03 -9.999989999999999712e-01 6.793320000000000469e-01 7.338299999999999823e-01 9.460000000000000093e-04 7.338310000000000111e-01 -6.793320000000000469e-01 -4.519999999999999821e-04
6.000000000000000000e+00 6.300000000000000000e+01 5.400000000000000000e+01 0.000000000000000000e+00 1.600000000000000089e+00 4.079999999999999968e-04 -4.270000000000000249e-04 1.000000000000000000e+00 -3.521639999999999771e-01 9.359380000000000477e-01 5.429999999999999714e-04 -9.359380000000000477e-01 -3.521650000000000058e-01 2.320000000000000014e-04
1.000000000000000000e+01 6.300000000000000000e+01 5.400000000000000000e+01 0.000000000000000000e+00 1.600000000000000089e+00 8.799999999999999771e-05 1.299999999999999886e-04 1.000000000000000000e+00 -3.493439999999999879e-01 9.369939999999999936e-01 -9.100000000000000287e-05 -9.369939999999999936e-01 -3.493439999999999879e-01 1.279999999999999942e-04
1.400000000000000000e+01 6.300000000000000000e+01 5.400000000000000000e+01 0.000000000000000000e+00 1.600000000000000089e+00 -4.989999999999999861e-04 7.690000000000000438e-04 1.000000000000000000e+00 -3.494030000000000191e-01 9.369720000000000271e-01 -8.949999999999999623e-04 -9.369720000000000271e-01 -3.494039999999999924e-01 -1.990000000000000124e-04
2.000000000000000000e+01 6.300000000000000000e+01 5.400000000000000000e+01 0.000000000000000000e+00 1.600000000000000089e+00 -6.329999999999999906e-04 -1.652999999999999955e-03 9.999980000000000535e-01 -3.521690000000000098e-01 9.359359999999999902e-01 1.325000000000000006e-03 -9.359359999999999902e-01 -3.521670000000000078e-01 -1.175000000000000046e-03
2.400000000000000000e+01 6.300000000000000000e+01 5.400000000000000000e+01 0.000000000000000000e+00 1.600000000000000089e+00 9.200000000000000278e-04 -1.312999999999999931e-03 9.999989999999999712e-01 -3.499650000000000261e-01 9.367609999999999548e-01 1.551999999999999994e-03 -9.367619999999999836e-01 -3.499659999999999993e-01 4.020000000000000136e-04
2.900000000000000000e+01 6.300000000000000000e+01 5.400000000000000000e+01 0.000000000000000000e+00 1.600000000000000089e+00 1.013999999999999927e-03 -8.630000000000000518e-04 9.999989999999999712e-01 -3.533720000000000194e-01 9.354820000000000357e-01 1.165000000000000020e-03 -9.354820000000000357e-01 -3.533729999999999927e-01 6.440000000000000412e-04
6.000000000000000000e+00 2.500000000000000000e+01 5.500000000000000000e+01 0.000000000000000000e+00 1.600000000000000089e+00 -9.299999999999999727e-05 5.681000000000000286e-03 -9.999839999999999840e-01 -1.215499999999999914e-02 -9.999099999999999655e-01 -5.680000000000000153e-03 -9.999259999999999815e-01 1.215399999999999987e-02 1.620000000000000075e-04
1.900000000000000000e+01 2.500000000000000000e+01 5.500000000000000000e+01 0.000000000000000000e+00 1.600000000000000089e+00 -2.059999999999999928e-04 -1.132999999999999893e-03 -9.999989999999999712e-01 -1.045100000000000022e-02 -9.999449999999999728e-01 1.134999999999999941e-03 -9.999449999999999728e-01 1.045100000000000022e-02 1.939999999999999993e-04
2.600000000000000000e+01 2.500000000000000000e+01 5.500000000000000000e+01 0.000000000000000000e+00 1.600000000000000089e+00 -8.500000000000000611e-05 -9.399999999999999719e-04 -1.000000000000000000e+00 -1.242300000000000001e-02 -9.999219999999999775e-01 9.409999999999999962e-04 -9.999230000000000063e-01 1.242300000000000001e-02 7.299999999999999903e-05
1.000000000000000000e+01 6.800000000000000000e+01 5.700000000000000000e+01 0.000000000000000000e+00 1.600000000000000089e+00 2.400000000000000061e-04 -2.203999999999999796e-03 -9.999980000000000535e-01 -2.444590000000000096e-01 -9.696569999999999911e-01 2.079000000000000119e-03 -9.696599999999999664e-01 2.444580000000000086e-01 -7.709999999999999840e-04
9.000000000000000000e+00 2.100000000000000000e+01 6.000000000000000000e+01 0.000000000000000000e+00 1.600000000000000089e+00 -4.169999999999999987e-04 8.122000000000000747e-03 9.999670000000000503e-01 -9.534099999999999520e-02 9.954119999999999635e-01 -8.125000000000000278e-03 -9.954450000000000243e-01 -9.534099999999999520e-02 3.600000000000000227e-04
1.800000000000000000e+01 2.100000000000000000e+01 6.000000000000000000e+01 0.000000000000000000e+00 1.600000000000000089e+00 2.076999999999999853e-03 -9.188999999999999252e-03 9.999559999999999560e-01 -9.307100000000000095e-02 9.956159999999999455e-01 9.343000000000000610e-03 -9.956570000000000142e-01 -9.308600000000000207e-02 1.213000000000000102e-03
4.000000000000000000e+00 3.000000000000000000e+00 6.300000000000000000e+01 0.000000000000000000e+00 1.600000000000000089e+00 1.242000000000000048e-03 -1.848999999999999949e-03 9.999970000000000248e-01 -6.130370000000000541e-01 7.900509999999999478e-01 2.222000000000000017e-03 -7.900540000000000340e-01 -6.130379999999999718e-01 -1.520000000000000084e-04
1.000000000000000000e+01 3.000000000000000000e+00 6.300000000000000000e+01 0.000000000000000000e+00 1.600000000000000089e+00 -5.969999999999999829e-04 -1.915000000000000036e-03 9.999980000000000535e-01 -6.142079999999999762e-01 7.891430000000000389e-01 1.144000000000000052e-03 -7.891439999999999566e-01 -6.142060000000000297e-01 -1.647000000000000026e-03
3.000000000000000000e+00 2.700000000000000000e+01 6.300000000000000000e+01 0.000000000000000000e+00 1.600000000000000089e+00 2.603999999999999978e-03 5.543000000000000184e-03 9.999810000000000088e-01 -2.773019999999999929e-01 9.607719999999999594e-01 -4.603000000000000320e-03 -9.607790000000000497e-01 -2.772850000000000037e-01 4.039000000000000055e-03
1.000000000000000000e+01 2.700000000000000000e+01 6.300000000000000000e+01 0.000000000000000000e+00 1.600000000000000089e+00 3.899999999999999929e-05 -1.330999999999999935e-03 9.999989999999999712e-01 -2.749519999999999742e-01 9.614570000000000061e-01 1.289999999999999914e-03 -9.614580000000000348e-01 -2.749519999999999742e-01 -3.280000000000000038e-04
1.300000000000000000e+01 2.700000000000000000e+01 6.300000000000000000e+01 0.000000000000000000e+00 1.600000000000000089e+00 -2.530000000000000239e-04 -1.871000000000000050e-03 9.999980000000000535e-01 -2.760319999999999996e-01 9.611469999999999736e-01 1.729000000000000068e-03 -9.611480000000000024e-01 -2.760310000000000263e-01 -7.600000000000000418e-04
1.900000000000000000e+01 2.700000000000000000e+01 6.300000000000000000e+01 0.000000000000000000e+00 1.600000000000000089e+00 3.736000000000000171e-03 8.399999999999999535e-05 9.999930000000000208e-01 -2.793350000000000000e-01 9.601929999999999632e-01 9.629999999999999888e-04 -9.601859999999999840e-01 -2.793370000000000020e-01 3.611000000000000060e-03
2.300000000000000000e+01 2.700000000000000000e+01 6.300000000000000000e+01 0.000000000000000000e+00 1.600000000000000089e+00 2.671000000000000197e-03 8.250999999999999654e-03 9.999620000000000175e-01 -2.738920000000000243e-01 9.617329999999999490e-01 -7.204000000000000334e-03 -9.617569999999999730e-01 -2.738630000000000231e-01 4.828999999999999959e-03
1.000000000000000000e+01 2.600000000000000000e+01 6.400000000000000000e+01 0.000000000000000000e+00 1.600000000000000089e+00 2.110000000000000059e-04 -1.804999999999999964e-03 9.999980000000000535e-01 -3.567549999999999888e-01 9.341960000000000264e-01 1.761999999999999894e-03 -9.341979999999999729e-01 -3.567549999999999888e-01 -4.470000000000000232e-04
1.400000000000000000e+01 2.600000000000000000e+01 6.400000000000000000e+01 0.000000000000000000e+00 1.600000000000000089e+00 7.860000000000000233e-04 -4.687000000000000194e-03 9.999890000000000168e-01 -3.589700000000000113e-01 9.333380000000000010e-01 4.656999999999999681e-03 -9.333489999999999842e-01 -3.589700000000000113e-01 -9.489999999999999738e-04
1.900000000000000000e+01 2.600000000000000000e+01 6.400000000000000000e+01 0.000000000000000000e+00 1.600000000000000089e+00 4.015999999999999605e-03 -2.000000000000000096e-04 9.999919999999999920e-01 -3.613569999999999838e-01 9.324259999999999771e-01 1.637000000000000000e-03 -9.324189999999999978e-01 -3.613600000000000145e-01 3.671999999999999917e-03
2.600000000000000000e+01 2.600000000000000000e+01 6.400000000000000000e+01 0.000000000000000000e+00 1.600000000000000089e+00 -3.067999999999999981e-03 8.224000000000000407e-03 9.999609999999999888e-01 -3.498919999999999808e-01 9.367490000000000538e-01 -8.777999999999999345e-03 -9.367849999999999788e-01 -3.499059999999999948e-01 3.999999999999999819e-06
1.000000000000000000e+00 2.500000000000000000e+01 7.300000000000000000e+01 0.000000000000000000e+00 1.600000000000000089e+00 2.415000000000000046e-03 -6.689999999999999983e-04 9.999970000000000248e-01 7.493410000000000348e-01 -6.621810000000000196e-01 -2.252999999999999794e-03 6.621799999999999908e-01 7.493440000000000101e-01 -1.098000000000000018e-03
1.100000000000000000e+01 2.500000000000000000e+01 7.300000000000000000e+01 0.000000000000000000e+00 1.600000000000000089e+00 1.211000000000000054e-03 2.415000000000000046e-03 9.999959999999999960e-01 7.491560000000000441e-01 -6.623940000000000383e-01 6.920000000000000153e-04 6.623930000000000096e-01 7.491520000000000401e-01 -2.611000000000000040e-03
1.400000000000000000e+01 2.500000000000000000e+01 7.300000000000000000e+01 0.000000000000000000e+00 1.600000000000000089e+00 8.880000000000000089e-04 2.079999999999999818e-03 9.999970000000000248e-01 7.508040000000000269e-01 -6.605250000000000288e-01 7.069999999999999462e-04 6.605250000000000288e-01 7.508010000000000517e-01 -2.148000000000000170e-03
2.000000000000000000e+01 2.500000000000000000e+01 7.300000000000000000e+01 0.000000000000000000e+00 1.600000000000000089e+00 6.340000000000000149e-04 -7.759999999999999971e-04 9.999989999999999712e-01 7.496770000000000378e-01 -6.618030000000000301e-01 -9.890000000000000787e-04 6.618039999999999479e-01 7.496770000000000378e-01 1.620000000000000075e-04
2.400000000000000000e+01 2.500000000000000000e+01 7.300000000000000000e+01 0.000000000000000000e+00 1.600000000000000089e+00 4.130000000000000099e-04 -1.170000000000000033e-03 9.999989999999999712e-01 7.483349999999999724e-01 -6.633200000000000207e-01 -1.085000000000000027e-03 6.633210000000000495e-01 7.483349999999999724e-01 6.019999999999999961e-04
3.000000000000000000e+00 4.400000000000000000e+01 7.300000000000000000e+01 0.000000000000000000e+00 1.600000000000000089e+00 1.863000000000000073e-03 -7.560000000000000530e-04 9.999980000000000535e-01 4.696399999999999880e-02 -9.988960000000000061e-01 -8.429999999999999993e-04 9.988949999999999774e-01 4.696600000000000080e-02 -1.825000000000000016e-03
8.000000000000000000e+00 4.400000000000000000e+01 7.300000000000000000e+01 0.000000000000000000e+00 1.600000000000000089e+00 1.131000000000000061e-03 9.749999999999999552e-04 9.999989999999999712e-01 4.648800000000000154e-02 -9.989179999999999726e-01 9.219999999999999680e-04 9.989179999999999726e-01 4.648700000000000054e-02 -1.175000000000000046e-03
1.900000000000000000e+01 4.400000000000000000e+01 7.300000000000000000e+01 0.000000000000000000e+00 1.600000000000000089e+00 -3.200000000000000262e-04 -1.876999999999999979e-03 9.999980000000000535e-01 5.095899999999999735e-02 -9.986990000000000034e-01 -1.858999999999999975e-03 9.987009999999999499e-01 5.095800000000000329e-02 4.150000000000000043e-04
